	DA5	DB5	DC5	DD5	DE5	DF5	DG5	DH5	DA2	DB2	DC2	DD2	DE2	DF2	DG2	DH2	DA1	DB1	DC1	DD1	DE1	DF1	DG1	DH1	DA4	DB4	DC4	DD4	DE4	DF4	DG4	DH4	DA6	DB6	DC6	DD6	DE6	DF6	DG6	DH6	DA7	DB7	DC7	DD7	DE7	DF7	DG7	DH7	DA8	DB8	DC8	DD8	DF8	DG8	DH8	DA3	DB3	DC3	DD3	DE3	DF3	DG3	DH3
DA5	0.0	0.372150338879	0.63422459893	0.360786525909	0.365026099925	0.572452636969	0.498520184681	0.349968513854	0.560497470489	0.577955555556	0.571401188422	0.699137800635	0.750947386975	0.745581822355	0.687774294671	0.660898725687	0.792232028304	0.78701714785	0.742247568613	0.653835776599	0.629578369828	0.639367066597	0.706815816857	0.753859385078	0.824554571123	0.827414710758	0.778178854215	0.778859019584	0.787325728771	0.768847352025	0.625063265513	0.776265060241	0.916562409778	0.87314439946	0.895562933897	0.9131268578	0.904063678257	0.908012980529	0.898548126904	0.906063988095	0.948089106887	0.940643863179	0.941506724115	0.914455740144	0.930979769933	0.924265842349	0.938260869565	0.940497563478	0.962726304579	0.960565993969	0.971942665447	0.96449390567	0.963105882353	0.974807116989	0.964526330263	0.664758948492	0.549343213203	0.733923758183	0.709712851091	0.646386280114	0.613636363636	0.64589962024	0.671318835876
DB5	0.372150338879	0.0	0.580282594733	0.438379492695	0.411777121148	0.509451219512	0.398193189715	0.450401676563	0.510684798446	0.656131226245	0.63319538227	0.691896407686	0.74323922734	0.7896884273	0.746148652796	0.60019345478	0.812579181822	0.790806790006	0.747865339642	0.720194415325	0.697033563412	0.653896631461	0.757656335962	0.761487069945	0.828140592083	0.830149867764	0.78862094951	0.761802267183	0.770412774932	0.776996891472	0.63138982265	0.784206411259	0.919815668203	0.875141456054	0.899389892943	0.91347935055	0.904773384764	0.917411318711	0.897637795276	0.909894736842	0.953831731896	0.951343283582	0.952239737787	0.918696800704	0.940421486294	0.939803439803	0.945113314448	0.955392606172	0.969329073482	0.96960651289	0.970413511939	0.967280813215	0.970126960418	0.973720337321	0.973094170404	0.683559677597	0.604856927711	0.759385903699	0.733426135375	0.733434019256	0.701865988126	0.654928748086	0.753394452826
DC5	0.63422459893	0.580282594733	0.0	0.68108776267	0.638958160155	0.390516039052	0.489163459591	0.701109419186	0.65306122449	0.787338501292	0.709705372617	0.827429983526	0.823146612224	0.852996120132	0.858211613823	0.622306717364	0.881770293998	0.89155570397	0.841403682807	0.858073472875	0.848812870044	0.810958306047	0.862943643244	0.864370726766	0.881674308534	0.878254307634	0.893604566076	0.720653789004	0.705936073059	0.889792663477	0.766368346679	0.895034377387	0.933997220936	0.884495566739	0.89174055063	0.895938719468	0.886054985094	0.924564487774	0.90219665272	0.907207953604	0.94741873805	0.931112111661	0.929621595565	0.884986830553	0.900814211695	0.900329102022	0.915634218289	0.93703358209	0.953523238381	0.950312989045	0.961751224909	0.947003467063	0.958959943781	0.955649419219	0.958543715121	0.744962494484	0.770260578532	0.84029158383	0.797314854916	0.856231203697	0.837174095879	0.715064976737	0.868055555556
DD5	0.360786525909	0.438379492695	0.68108776267	0.0	0.354243846217	0.634059148521	0.558889114129	0.327763223111	0.588154396259	0.535717104744	0.610056525774	0.720510894065	0.774557418142	0.759006738473	0.624762708289	0.713995943205	0.778555637436	0.78328602091	0.74878905879	0.59851206831	0.60831408776	0.642030848329	0.704938120328	0.751317175975	0.847733105218	0.84751552795	0.776283947298	0.804771784232	0.810076270276	0.769878069724	0.632855372632	0.775570231422	0.899824332237	0.879924670433	0.907906321535	0.919986495611	0.904805325066	0.90357163332	0.899499085633	0.910442855969	0.952699687639	0.948991569736	0.943159286186	0.918397469689	0.936985081274	0.933572906458	0.94181993028	0.949875230552	0.965737319449	0.964346180659	0.968727789623	0.964759674362	0.953835934905	0.978378378378	0.967786470318	0.672578444748	0.560135389244	0.726839597671	0.707024355807	0.611679775886	0.546346393959	0.647912560473	0.660386837478
DE5	0.365026099925	0.411777121148	0.638958160155	0.354243846217	0.0	0.566622516556	0.491508857666	0.384825590741	0.548666811186	0.529850746269	0.565670467951	0.714351851852	0.768335588633	0.750320400792	0.653069490251	0.670234950646	0.833222043285	0.796949090241	0.76281158074	0.678558427375	0.657268766588	0.663351185922	0.718708885186	0.77175662158	0.85133379958	0.852844003929	0.826179496275	0.774846086192	0.785002621919	0.819483151761	0.701154206093	0.825315216061	0.917153996101	0.885975504571	0.908442699184	0.922297629586	0.914279560629	0.917776931861	0.905102790015	0.917635843661	0.954430911382	0.951365409623	0.944572123834	0.931060994362	0.947952335297	0.938949613436	0.944862910515	0.953821656051	0.968	0.966746411483	0.970339425587	0.96678561625	0.96584000772	0.976022335359	0.968335472828	0.734249029561	0.608231444808	0.784856396867	0.767862864467	0.667081334044	0.632448143744	0.714376120662	0.693810359965
DF5	0.572452636969	0.509451219512	0.390516039052	0.634059148521	0.566622516556	0.0	0.412791801101	0.647281125341	0.585736925515	0.755698711596	0.677232635061	0.801672640382	0.800220345207	0.830456140351	0.83893645159	0.584755669862	0.868251785477	0.87171147433	0.811190085657	0.832633788038	0.81868292969	0.780177619893	0.838378758926	0.839019773871	0.875652051318	0.872992876977	0.867552507501	0.697798929209	0.702037351443	0.86000621504	0.721235636472	0.865742810311	0.930583958191	0.879926250288	0.887886407336	0.899324231141	0.881004709576	0.920130780009	0.903759398496	0.903617639292	0.948244552058	0.933808127357	0.92948002678	0.900163666121	0.919726339795	0.906236371566	0.916711445459	0.934632034632	0.956160590678	0.954812637766	0.963958552335	0.95652173913	0.961326708742	0.958398991491	0.957997557998	0.708035338662	0.721315244884	0.802805546598	0.760451505017	0.821124239169	0.797578137784	0.6761614623	0.834204337601
DG5	0.498520184681	0.398193189715	0.489163459591	0.558889114129	0.491508857666	0.412791801101	0.0	0.566774923728	0.570914326854	0.71700930286	0.681916106957	0.771326903268	0.767151294866	0.827477326167	0.811758432209	0.584283387622	0.841746483735	0.838870165303	0.791647168928	0.791723787763	0.772161917684	0.725628823929	0.821743579748	0.808227114716	0.855848861284	0.858264184795	0.819995899679	0.712574850299	0.716476528895	0.812245502332	0.63985823337	0.816746105143	0.933000712758	0.886180607753	0.898053001622	0.913771240172	0.901498929336	0.924634671018	0.906674405107	0.910585942258	0.958856827282	0.953041227584	0.944096950743	0.921781640413	0.942231075697	0.92989848688	0.943998163874	0.956993339676	0.961762930167	0.965125843066	0.968741431313	0.95964035964	0.96585003712	0.963235294118	0.961945031712	0.667010043781	0.670202507232	0.76148477644	0.729295305302	0.781369863014	0.756086178735	0.6375	0.800288527881
DH5	0.349968513854	0.450401676563	0.701109419186	0.327763223111	0.384825590741	0.647281125341	0.566774923728	0.0	0.58007498661	0.529774760876	0.583964438591	0.676888055704	0.73141413368	0.736809110856	0.62490264292	0.709892027484	0.75950428285	0.770398547	0.721725284503	0.60036740147	0.598268398268	0.616597247852	0.688514004359	0.727422003284	0.799249061327	0.800379506641	0.748120698782	0.772521389029	0.793835901708	0.752870975006	0.617872854309	0.758872993338	0.91020625889	0.874723655122	0.89564918905	0.921930330231	0.911561001598	0.88668395535	0.905376009944	0.908069950265	0.952	0.949306848748	0.947508801878	0.925153374233	0.9452409184	0.933741295632	0.945669839796	0.951009251472	0.960979839584	0.958397832817	0.973162496754	0.964154610235	0.957533025367	0.975697458153	0.939245576944	0.667803376861	0.575570272259	0.711840888067	0.686721991701	0.59622421382	0.565034474699	0.66605568648	0.641188118812
DA2	0.560497470489	0.510684798446	0.65306122449	0.588154396259	0.548666811186	0.585736925515	0.570914326854	0.58007498661	0.0	0.599302421009	0.553963278101	0.642832764505	0.677399695277	0.734145422579	0.693573521162	0.512178733412	0.824683100045	0.793799345272	0.72762860451	0.741705246914	0.73912114902	0.677607770935	0.747333271496	0.75598767986	0.751853118942	0.764635003514	0.807196631364	0.679416579848	0.690670006262	0.817156997525	0.664080219649	0.82196317393	0.912966804979	0.88294378984	0.896882778239	0.904783241851	0.889386030326	0.892852224212	0.916735708368	0.897297297297	0.905842588122	0.90480620155	0.916842618158	0.899451553931	0.939613925095	0.861066751836	0.9273805113	0.908513341804	0.914808652246	0.915449438202	0.942891421716	0.920939464109	0.920420914173	0.916271396164	0.871079535609	0.726354036562	0.677462887989	0.755255681818	0.736926360726	0.751550412378	0.698373866743	0.716053876957	0.753297220914
DB2	0.577955555556	0.656131226245	0.787338501292	0.535717104744	0.529850746269	0.755698711596	0.71700930286	0.529774760876	0.599302421009	0.0	0.482139517486	0.598279187064	0.63711553373	0.658299412031	0.50901432182	0.707323395982	0.829336823063	0.837703321672	0.755465098749	0.711707707352	0.747010882827	0.711756980529	0.724489795918	0.77308101212	0.823188681037	0.818786792936	0.883574214269	0.784931022285	0.803680981595	0.905702023299	0.782029785975	0.909252669039	0.911035072712	0.883294816771	0.891754093539	0.93638319768	0.915375203915	0.846229427659	0.918549658434	0.901017072285	0.98327692614	0.973453482708	0.963631771688	0.960365121307	0.984660616132	0.958374875374	0.965083798883	0.977661950856	0.919969119918	0.929520378293	0.950282262058	0.92699795082	0.934772622876	0.931024050824	0.880260188504	0.839719935661	0.718852999341	0.748137861381	0.734122712594	0.622593805666	0.649808429119	0.836249125262	0.685052811266
DC2	0.571401188422	0.63319538227	0.709705372617	0.610056525774	0.565670467951	0.677232635061	0.681916106957	0.583964438591	0.553963278101	0.482139517486	0.0	0.600505289752	0.624872579001	0.563537221432	0.603272705869	0.713581678504	0.804172461752	0.816803537587	0.74018760153	0.752052393691	0.771689961881	0.695274600228	0.723031810912	0.746332437552	0.815954709213	0.809628610729	0.85980746089	0.711937377691	0.728661030815	0.879049954821	0.700311058672	0.885564697083	0.919707307426	0.888495575221	0.890440157732	0.92849184645	0.913923487544	0.842254978019	0.922656102622	0.90702236171	0.955362946912	0.943212547323	0.932141348726	0.915579227696	0.948622805766	0.922031076582	0.9315889029	0.946423639878	0.872052903968	0.877510538061	0.906475595302	0.87299771167	0.886185321283	0.878861087144	0.829983623642	0.776684097201	0.658303886926	0.700519100226	0.673010664479	0.640079580394	0.676502290488	0.770327636878	0.676408254322
DD2	0.699137800635	0.691896407686	0.827429983526	0.720510894065	0.714351851852	0.801672640382	0.771326903268	0.676888055704	0.642832764505	0.598279187064	0.600505289752	0.0	0.425878194271	0.552899287894	0.527228598877	0.729327965314	0.697993059779	0.787804303175	0.622148049929	0.747282386596	0.771535413792	0.696381832179	0.726992409867	0.629458155138	0.725025993761	0.732125903746	0.819971145919	0.816703338754	0.834420075084	0.836998140247	0.782842044422	0.842608326253	0.899713218041	0.876206700738	0.886451400871	0.928757602085	0.912054329372	0.829645048203	0.913218820015	0.901725200246	0.961391246464	0.949528672427	0.940754221009	0.932608273451	0.958754466565	0.933173269308	0.939334209374	0.954536390828	0.939039408867	0.933849272158	0.955091556881	0.939059304703	0.925332503694	0.951532098334	0.905102577591	0.852643329878	0.799404593139	0.607499719322	0.630391240486	0.618890322581	0.792763157895	0.855365344468	0.697943816971
DE2	0.750947386975	0.74323922734	0.823146612224	0.774557418142	0.768335588633	0.800220345207	0.767151294866	0.73141413368	0.677399695277	0.63711553373	0.624872579001	0.425878194271	0.0	0.594264829913	0.579935202771	0.719406041987	0.729580489301	0.849482461185	0.664932986597	0.814383713211	0.84398678842	0.734241908007	0.798471457239	0.689310520075	0.789424162589	0.797427652733	0.870872069811	0.812776871066	0.835819085728	0.892363015786	0.780578350918	0.897269564192	0.923837456833	0.894211086547	0.875291375291	0.921194140553	0.902473498233	0.824674928271	0.916283108988	0.89972094698	0.974958099182	0.962691057889	0.950848303393	0.94799952511	0.97196969697	0.944834380002	0.948463552432	0.967136725935	0.936205362816	0.932954672012	0.95958406906	0.934724857685	0.932434893462	0.95557543232	0.893577981651	0.862553909619	0.841249080356	0.614028483594	0.606044417309	0.642057142857	0.828774512915	0.868514851485	0.720957384705
DF2	0.745581822355	0.7896884273	0.852996120132	0.759006738473	0.750320400792	0.830456140351	0.827477326167	0.736809110856	0.734145422579	0.658299412031	0.563537221432	0.552899287894	0.594264829913	0.0	0.526164366426	0.843086446412	0.620572779004	0.843385931279	0.687464048779	0.800251081043	0.827740072744	0.74682368832	0.773167920819	0.63115885899	0.880304027769	0.868260796693	0.891505039383	0.83545944471	0.850223338917	0.91293134116	0.817490960348	0.913968226409	0.920499632623	0.91658467257	0.919154912377	0.944862749748	0.935443513074	0.858961802155	0.941122982496	0.932518906341	0.97300295858	0.967894371091	0.9618358516	0.950910093767	0.974430397829	0.955499225461	0.959364222522	0.968951952796	0.935483870968	0.930810092961	0.947035330261	0.935077935078	0.926976498857	0.944170771757	0.909269929254	0.856810174957	0.780932619854	0.604268846503	0.662427022519	0.608583181375	0.768843300669	0.843520177987	0.675734232065
DG2	0.687774294671	0.746148652796	0.858211613823	0.624762708289	0.653069490251	0.83893645159	0.811758432209	0.62490264292	0.693573521162	0.50901432182	0.603272705869	0.527228598877	0.579935202771	0.526164366426	0.0	0.804282655246	0.692464989466	0.819058256422	0.671146063984	0.689368943841	0.767565145972	0.727738575269	0.726256794625	0.643005702784	0.842149055034	0.832704262877	0.869369179554	0.844071467244	0.859466943579	0.888166334882	0.796276013143	0.889008853379	0.919522990818	0.914399000597	0.924214866012	0.953485633537	0.939886977582	0.865450197086	0.942866820979	0.922805801121	0.986536931644	0.981801888743	0.975657802167	0.965255454483	0.987533644992	0.967455827921	0.976514306949	0.983696788128	0.919243619819	0.920142320617	0.942288921425	0.926965893781	0.924796274738	0.934913993491	0.89456175875	0.879862428843	0.794042645543	0.636355423047	0.690067872131	0.578276647818	0.704122067866	0.875199410971	0.669022802604
DH2	0.660898725687	0.60019345478	0.622306717364	0.713995943205	0.670234950646	0.584755669862	0.584283387622	0.709892027484	0.512178733412	0.707323395982	0.713581678504	0.729327965314	0.719406041987	0.843086446412	0.804282655246	0.0	0.889479852159	0.890356008691	0.840412319921	0.862909693632	0.847747963584	0.810613792098	0.86399713247	0.860953346856	0.780581947743	0.805450416351	0.878601275566	0.781903542467	0.774512055109	0.868318018378	0.770176544767	0.87233065442	0.936568678611	0.904338420863	0.916302311056	0.925442413693	0.923831697988	0.940747858115	0.936507936508	0.929056394624	0.964485682291	0.944306090106	0.940349175558	0.928051202825	0.957298907646	0.92811539371	0.927488855869	0.952146375792	0.939653004777	0.949282484765	0.959377975246	0.940692748567	0.961071932299	0.935369318182	0.944355270198	0.806613522291	0.806977580626	0.859716111895	0.83584844208	0.876249265138	0.855035819638	0.783505154639	0.881880810648
DA1	0.792232028304	0.812579181822	0.881770293998	0.778555637436	0.833222043285	0.868251785477	0.841746483735	0.75950428285	0.824683100045	0.829336823063	0.804172461752	0.697993059779	0.729580489301	0.620572779004	0.692464989466	0.889479852159	0.0	0.598653964643	0.614605760838	0.688279369201	0.675133001545	0.652888944472	0.6850377034	0.494603274891	0.872250219982	0.86369883934	0.778042435829	0.870250958522	0.88691923434	0.793768883402	0.762779357985	0.796559318247	0.887308872807	0.897243013503	0.903769760843	0.915580286169	0.899336875489	0.858299463502	0.913167754645	0.908017109446	0.959130399315	0.957501212362	0.956677087986	0.928236171426	0.90436888849	0.949233162925	0.954509731404	0.958453548759	0.868812660163	0.797970282191	0.714343861934	0.858970330805	0.698769522007	0.943743477848	0.895109980004	0.773242811502	0.801029804187	0.61693003002	0.675146486152	0.655644098638	0.810095914507	0.791206995179	0.695637775838
DB1	0.78701714785	0.790806790006	0.89155570397	0.78328602091	0.796949090241	0.87171147433	0.838870165303	0.770398547	0.793799345272	0.837703321672	0.816803537587	0.787804303175	0.849482461185	0.843385931279	0.819058256422	0.890356008691	0.598653964643	0.0	0.70268025252	0.619372336304	0.642911626893	0.664275126001	0.500164386333	0.670039263063	0.762075669209	0.722600042952	0.704394853356	0.874726698518	0.886567899208	0.709779567744	0.828729701017	0.714726244823	0.89414638074	0.887975152649	0.900893397941	0.910874897792	0.901402497598	0.879572936217	0.904830830469	0.905909140989	0.805429691962	0.873019771583	0.876864434869	0.887055372204	0.91306156406	0.885483272142	0.938828763314	0.892729145211	0.884363666681	0.815132076975	0.731701755719	0.87163371488	0.707844439525	0.951988785702	0.911747368421	0.871425371463	0.832610305788	0.843912785801	0.852513431201	0.831766805473	0.791950309	0.870785659802	0.818608243
DC1	0.742247568613	0.747865339642	0.841403682807	0.74878905879	0.76281158074	0.811190085657	0.791647168928	0.721725284503	0.72762860451	0.755465098749	0.74018760153	0.622148049929	0.664932986597	0.687464048779	0.671146063984	0.840412319921	0.614605760838	0.70268025252	0.0	0.559620552336	0.599238227147	0.407150027025	0.562072336266	0.451730190572	0.823678646934	0.817105917454	0.841006776379	0.842679312389	0.860088276196	0.856836309162	0.80073402418	0.859004317003	0.744215283205	0.683491831261	0.687540348612	0.700807212496	0.691047974941	0.673246058444	0.699399202302	0.682593680738	0.934689449417	0.934943678092	0.946897228354	0.913730182471	0.89452257587	0.932979954914	0.957553540421	0.932388885511	0.962997339274	0.95506919113	0.976847343936	0.970735321356	0.957559406454	0.975733333333	0.935686471549	0.806941660513	0.791181485993	0.681895093063	0.701238607151	0.694013647643	0.763150234937	0.818399304045	0.705251520177
DD1	0.653835776599	0.720194415325	0.858073472875	0.59851206831	0.678558427375	0.832633788038	0.791723787763	0.60036740147	0.741705246914	0.711707707352	0.752052393691	0.747282386596	0.814383713211	0.800251081043	0.689368943841	0.862909693632	0.688279369201	0.619372336304	0.559620552336	0.0	0.321515931256	0.457913757412	0.398985777571	0.523461727966	0.797109531112	0.793121669823	0.775260343372	0.870255277621	0.882014839586	0.78386694996	0.774979883561	0.788638322321	0.80936621917	0.790252770083	0.807240288856	0.815011302302	0.799384497019	0.795321208566	0.815138802107	0.813818181818	0.840068460588	0.914375	0.923520389274	0.901108004556	0.861038753921	0.899011150852	0.932113731541	0.912632573769	0.977292110874	0.971917463513	0.981977709272	0.977548414556	0.964431033695	0.98522643332	0.9650126883	0.78781834207	0.711728074728	0.77003354454	0.774943735934	0.687154379909	0.627814470129	0.788766614263	0.694625681039
DE1	0.629578369828	0.697033563412	0.848812870044	0.60831408776	0.657268766588	0.81868292969	0.772161917684	0.598268398268	0.73912114902	0.747010882827	0.771689961881	0.771535413792	0.84398678842	0.827740072744	0.767565145972	0.847747963584	0.675133001545	0.642911626893	0.599238227147	0.321515931256	0.0	0.512417905941	0.435752979415	0.604074347612	0.817548175482	0.815573374553	0.738880266495	0.889016149353	0.897379020489	0.731920446008	0.773012552301	0.737316667312	0.846650900976	0.835237237522	0.857351407716	0.856736146416	0.847676832189	0.859014446863	0.856659640178	0.859750912819	0.834445787565	0.919269470133	0.930295857988	0.903738371757	0.858129016901	0.904028226992	0.9436218326	0.916779153706	0.981137706679	0.97536807927	0.983855750079	0.981773780451	0.975032719219	0.987814263725	0.984376892334	0.72368286445	0.661789079888	0.752971034927	0.761222540592	0.678365676167	0.670386753784	0.751158870628	0.67720993977
DF1	0.639367066597	0.653896631461	0.810958306047	0.642030848329	0.663351185922	0.780177619893	0.725628823929	0.616597247852	0.677607770935	0.711756980529	0.695274600228	0.696381832179	0.734241908007	0.74682368832	0.727738575269	0.810613792098	0.652888944472	0.664275126001	0.407150027025	0.457913757412	0.512417905941	0.0	0.5312169673	0.452198658446	0.825208660941	0.814827352742	0.820896795938	0.824219828777	0.844131986151	0.835073723838	0.748358319911	0.83720421642	0.774302089111	0.70484022297	0.704851252932	0.712437095615	0.692366074252	0.704760622785	0.728373801734	0.719541580958	0.937192348433	0.932465705241	0.935210458267	0.903133505478	0.885288586721	0.920439153062	0.945757046266	0.933432899509	0.964283121597	0.957272421901	0.974782608696	0.966838027659	0.952747513027	0.973997146028	0.944001182033	0.764059860005	0.69921164342	0.727534905013	0.722762901783	0.698966077074	0.707704380741	0.75509184056	0.709402400097
DG1	0.706815816857	0.757656335962	0.862943643244	0.704938120328	0.718708885186	0.838378758926	0.821743579748	0.688514004359	0.747333271496	0.724489795918	0.723031810912	0.726992409867	0.798471457239	0.773167920819	0.726256794625	0.86399713247	0.6850377034	0.500164386333	0.562072336266	0.398985777571	0.435752979415	0.5312169673	0.0	0.569871776727	0.708033117028	0.659060973019	0.714803418803	0.843803892584	0.859146463635	0.72528801024	0.81287295586	0.72630257376	0.832055028001	0.819557041371	0.82982782901	0.843754166111	0.829432984923	0.80881201509	0.839617768595	0.837728905634	0.814638609332	0.883850993708	0.893984695687	0.870208540218	0.898151448796	0.870349833653	0.924949931485	0.881038647343	0.89880526907	0.89456899884	0.908082698188	0.898277443686	0.892418168201	0.942903663501	0.894453920504	0.852030558906	0.777202505219	0.808432166618	0.818775181305	0.747475784646	0.712018635801	0.855708850896	0.735667539267
DH1	0.753859385078	0.761487069945	0.864370726766	0.751317175975	0.77175662158	0.839019773871	0.808227114716	0.727422003284	0.75598767986	0.77308101212	0.746332437552	0.629458155138	0.689310520075	0.63115885899	0.643005702784	0.860953346856	0.494603274891	0.670039263063	0.451730190572	0.523461727966	0.604074347612	0.452198658446	0.569871776727	0.0	0.844959176429	0.835454775352	0.844366699501	0.85912330372	0.875564376085	0.861486844429	0.794165462428	0.864195392344	0.810512300663	0.79221425314	0.799675734102	0.8130783467	0.798193737679	0.767612853052	0.811638133459	0.800060824608	0.951113328194	0.950042043825	0.952619955832	0.921302444543	0.880673794634	0.942683109491	0.955961387947	0.950157005433	0.902411892603	0.896873653469	0.918287937743	0.907737344168	0.904062909567	0.936506231199	0.884737434743	0.836714804643	0.80854148544	0.669048730563	0.715085362441	0.691444504897	0.797433580336	0.829425663395	0.732496504179
DA4	0.824554571123	0.828140592083	0.881674308534	0.847733105218	0.85133379958	0.875652051318	0.855848861284	0.799249061327	0.751853118942	0.823188681037	0.815954709213	0.725025993761	0.789424162589	0.880304027769	0.842149055034	0.780581947743	0.872250219982	0.762075669209	0.823678646934	0.797109531112	0.817548175482	0.825208660941	0.708033117028	0.844959176429	0.0	0.376280022342	0.646958740961	0.688349773394	0.687072932645	0.649598851999	0.754585152838	0.66324538757	0.958231570553	0.934991469875	0.925162689805	0.953038105046	0.93906444671	0.923423717739	0.949803621036	0.937406558357	0.946840189699	0.925065671229	0.916426512968	0.921872873282	0.936002337814	0.912845990064	0.911988351399	0.927390874417	0.933166494921	0.935467543971	0.952621188857	0.935276028701	0.933171815062	0.9453125	0.895025938358	0.872158498436	0.901944967285	0.877682836574	0.856489565145	0.892109108622	0.896873509979	0.881427304965	0.904204423932
DB4	0.827414710758	0.830149867764	0.878254307634	0.84751552795	0.852844003929	0.872992876977	0.858264184795	0.800379506641	0.764635003514	0.818786792936	0.809628610729	0.732125903746	0.797427652733	0.868260796693	0.832704262877	0.805450416351	0.86369883934	0.722600042952	0.817105917454	0.793121669823	0.815573374553	0.814827352742	0.659060973019	0.835454775352	0.376280022342	0.0	0.588031960107	0.707777266452	0.714149025236	0.587192058592	0.752657004831	0.600843535821	0.954453488919	0.932181390444	0.929490874159	0.950642201835	0.938117576604	0.913670809336	0.949608736779	0.93727167424	0.945793116896	0.923305235664	0.917835178352	0.91964390301	0.934030370924	0.911353976928	0.911545244879	0.927681702745	0.934861580859	0.936214670626	0.952852153667	0.939393939394	0.934931506849	0.946936382293	0.902117768595	0.868089053803	0.896493075241	0.868311219087	0.847317848226	0.882025661406	0.889357948459	0.876444096338	0.892704541858
DC4	0.778178854215	0.78862094951	0.893604566076	0.776283947298	0.826179496275	0.867552507501	0.819995899679	0.748120698782	0.807196631364	0.883574214269	0.85980746089	0.819971145919	0.870872069811	0.891505039383	0.869369179554	0.878601275566	0.778042435829	0.704394853356	0.841006776379	0.775260343372	0.738880266495	0.820896795938	0.714803418803	0.844366699501	0.646958740961	0.588031960107	0.0	0.827444992018	0.840863881785	0.254272351142	0.695985060691	0.24497498464	0.967739543162	0.954328788383	0.954356589147	0.966897381884	0.960467776789	0.944349392166	0.963330258303	0.960207816743	0.978211870774	0.970009902391	0.968364030336	0.962952568061	0.978034766165	0.966594982079	0.966070609812	0.974971395881	0.961162213462	0.960291734198	0.968545216252	0.961846512305	0.958955445839	0.971444524208	0.945761200684	0.725492573507	0.793932011959	0.727398015436	0.761250792309	0.757212053667	0.834151765033	0.772741540586	0.737191958495
DD4	0.778859019584	0.761802267183	0.720653789004	0.804771784232	0.774846086192	0.697798929209	0.712574850299	0.772521389029	0.679416579848	0.784931022285	0.711937377691	0.816703338754	0.812776871066	0.83545944471	0.844071467244	0.781903542467	0.870250958522	0.874726698518	0.842679312389	0.870255277621	0.889016149353	0.824219828777	0.843803892584	0.85912330372	0.688349773394	0.707777266452	0.827444992018	0.0	0.362233938684	0.85136661396	0.642194092827	0.855108090521	0.961916393716	0.92736876857	0.896513249651	0.938120104439	0.915031715592	0.906903055451	0.932292287519	0.916572717024	0.957246686618	0.933629172294	0.916155419223	0.91731168586	0.952023362537	0.913513513514	0.912369886226	0.931199045536	0.883617963314	0.889629249957	0.921618562535	0.890353630467	0.90733197556	0.891680625349	0.832593250444	0.780901856764	0.840562204897	0.834699133692	0.792723263506	0.854320300543	0.856226743726	0.798680814454	0.86753197175
DE4	0.787325728771	0.770412774932	0.705936073059	0.810076270276	0.785002621919	0.702037351443	0.716476528895	0.793835901708	0.690670006262	0.803680981595	0.728661030815	0.834420075084	0.835819085728	0.850223338917	0.859466943579	0.774512055109	0.88691923434	0.886567899208	0.860088276196	0.882014839586	0.897379020489	0.844131986151	0.859146463635	0.875564376085	0.687072932645	0.714149025236	0.840863881785	0.362233938684	0.0	0.857297297297	0.652456114471	0.861037037037	0.964144327565	0.934444952033	0.902032460886	0.944330740892	0.918734491315	0.919839059115	0.931000248201	0.922373235755	0.956924917739	0.923330585326	0.913138846238	0.913411196134	0.952946448577	0.906089193825	0.897894736842	0.926777352065	0.879419764279	0.893516841724	0.922220572955	0.88309352518	0.905913621262	0.892956013534	0.831775700935	0.78859758635	0.85095715588	0.856913956097	0.820236367406	0.871395001068	0.868292682927	0.807014902905	0.883270505654
DF4	0.768847352025	0.776996891472	0.889792663477	0.769878069724	0.819483151761	0.86000621504	0.812245502332	0.752870975006	0.817156997525	0.905702023299	0.879049954821	0.836998140247	0.892363015786	0.91293134116	0.888166334882	0.868318018378	0.793768883402	0.709779567744	0.856836309162	0.78386694996	0.731920446008	0.835073723838	0.72528801024	0.861486844429	0.649598851999	0.587192058592	0.254272351142	0.85136661396	0.857297297297	0.0	0.710824017672	0.221052631579	0.972912313288	0.960983684086	0.961197413161	0.970301504293	0.96686746988	0.963763991652	0.968430139351	0.965722236276	0.977771790381	0.972948047956	0.969022721912	0.967240591193	0.975283213182	0.965221459763	0.968227424749	0.978068128791	0.967387846007	0.966525361789	0.973551721823	0.969225888325	0.968759961747	0.97686442906	0.965945025541	0.721907736352	0.787789324516	0.740141459161	0.776816803325	0.768499752286	0.844477028348	0.765452948727	0.769387581755
DG4	0.625063265513	0.63138982265	0.766368346679	0.632855372632	0.701154206093	0.721235636472	0.63985823337	0.617872854309	0.664080219649	0.782029785975	0.700311058672	0.782842044422	0.780578350918	0.817490960348	0.796276013143	0.770176544767	0.762779357985	0.828729701017	0.80073402418	0.774979883561	0.773012552301	0.748358319911	0.81287295586	0.794165462428	0.754585152838	0.752657004831	0.695985060691	0.642194092827	0.652456114471	0.710824017672	0.0	0.719672025308	0.94946876112	0.925360632852	0.903488898958	0.933462116334	0.907787128126	0.893381613357	0.926545237384	0.916398713826	0.961037463977	0.938897821956	0.943188759927	0.923795830338	0.968691878487	0.927551480535	0.925030229746	0.941677882459	0.863458834557	0.873252562908	0.895943158377	0.863601056393	0.86840445659	0.869465648855	0.817267121065	0.619265057621	0.690478402229	0.708244074356	0.645724108294	0.737649700599	0.743578976835	0.609592215014	0.758043165468
DH4	0.776265060241	0.784206411259	0.895034377387	0.775570231422	0.825315216061	0.865742810311	0.816746105143	0.758872993338	0.82196317393	0.909252669039	0.885564697083	0.842608326253	0.897269564192	0.913968226409	0.889008853379	0.87233065442	0.796559318247	0.714726244823	0.859004317003	0.788638322321	0.737316667312	0.83720421642	0.72630257376	0.864195392344	0.66324538757	0.600843535821	0.24497498464	0.855108090521	0.861037037037	0.221052631579	0.719672025308	0.0	0.972491664141	0.962670330929	0.965013827256	0.970821123511	0.96754189207	0.964222982343	0.969465648855	0.967730106344	0.978046245778	0.974045126088	0.971211093526	0.969289265867	0.976770667274	0.96695080006	0.968824940048	0.978072792363	0.969212010364	0.967116357504	0.97384605425	0.970208238334	0.969571912535	0.974584064878	0.968796087868	0.731390162699	0.792977238934	0.74650811627	0.78328611898	0.776556937547	0.849690623513	0.770598580082	0.757387118194
DA6	0.916562409778	0.919815668203	0.933997220936	0.899824332237	0.917153996101	0.930583958191	0.933000712758	0.91020625889	0.912966804979	0.911035072712	0.919707307426	0.899713218041	0.923837456833	0.920499632623	0.919522990818	0.936568678611	0.887308872807	0.89414638074	0.744215283205	0.80936621917	0.846650900976	0.774302089111	0.832055028001	0.810512300663	0.958231570553	0.954453488919	0.967739543162	0.961916393716	0.964144327565	0.972912313288	0.94946876112	0.972491664141	0.0	0.546840354767	0.661953271502	0.606152020177	0.687073422958	0.416950728231	0.56200477327	0.617309190031	0.89968331801	0.929215509468	0.931579852157	0.927987456602	0.948141745895	0.929027113238	0.92751018452	0.92006822058	0.970642625982	0.955468665146	0.969942432116	0.969434832757	0.951804868492	0.978814346776	0.975974216232	0.904183871449	0.851762968433	0.899976353748	0.905936640341	0.889957304622	0.84510955859	0.886972101357	0.859608175967
DB6	0.87314439946	0.875141456054	0.884495566739	0.879924670433	0.885975504571	0.879926250288	0.886180607753	0.874723655122	0.88294378984	0.883294816771	0.888495575221	0.876206700738	0.894211086547	0.91658467257	0.914399000597	0.904338420863	0.897243013503	0.887975152649	0.683491831261	0.790252770083	0.835237237522	0.70484022297	0.819557041371	0.79221425314	0.934991469875	0.932181390444	0.954328788383	0.92736876857	0.934444952033	0.960983684086	0.925360632852	0.962670330929	0.546840354767	0.0	0.408051827857	0.332270916335	0.44766660265	0.439076376554	0.290918163673	0.372697538303	0.885467517837	0.91245180313	0.902170087977	0.903493058665	0.934749080555	0.906604866744	0.903682719547	0.888273314866	0.956075435665	0.931703204047	0.957208259367	0.948181602092	0.936297972326	0.968130802272	0.961666052341	0.851991051454	0.846021032805	0.885457198444	0.871583896562	0.881614748181	0.872863641953	0.857290979357	0.889107069037
DC6	0.895562933897	0.899389892943	0.89174055063	0.907906321535	0.908442699184	0.887886407336	0.898053001622	0.89564918905	0.896882778239	0.891754093539	0.890440157732	0.886451400871	0.875291375291	0.919154912377	0.924214866012	0.916302311056	0.903769760843	0.900893397941	0.687540348612	0.807240288856	0.857351407716	0.704851252932	0.82982782901	0.799675734102	0.925162689805	0.929490874159	0.954356589147	0.896513249651	0.902032460886	0.961197413161	0.903488898958	0.965013827256	0.661953271502	0.408051827857	0.0	0.367882277671	0.336236318701	0.546917785347	0.386959532997	0.370168023915	0.902461362335	0.915374583394	0.900121065375	0.910762651461	0.942874692875	0.903470877402	0.896392545734	0.884393063584	0.938709178146	0.910447761194	0.941953107216	0.930121594582	0.916231460205	0.95320754717	0.937962070074	0.879023547202	0.891362586605	0.899387516344	0.88507909363	0.902684563758	0.902989755384	0.88679245283	0.914195583596
DD6	0.9131268578	0.91347935055	0.895938719468	0.919986495611	0.922297629586	0.899324231141	0.913771240172	0.921930330231	0.904783241851	0.93638319768	0.92849184645	0.928757602085	0.921194140553	0.944862749748	0.953485633537	0.925442413693	0.915580286169	0.910874897792	0.700807212496	0.815011302302	0.856736146416	0.712437095615	0.843754166111	0.8130783467	0.953038105046	0.950642201835	0.966897381884	0.938120104439	0.944330740892	0.970301504293	0.933462116334	0.970821123511	0.606152020177	0.332270916335	0.367882277671	0.0	0.35929676199	0.495182047468	0.317542700764	0.312138161123	0.907859078591	0.91124340414	0.901380670611	0.904330446369	0.933447586404	0.901152297654	0.906925382552	0.888351526876	0.95885484103	0.93276268453	0.953859422165	0.951910691284	0.933624801272	0.966839378238	0.974374255066	0.869306524415	0.875563411401	0.9065308568	0.892490767337	0.913761910505	0.904171440124	0.862992812024	0.917433751743
DE6	0.904063678257	0.904773384764	0.886054985094	0.904805325066	0.914279560629	0.881004709576	0.901498929336	0.911561001598	0.889386030326	0.915375203915	0.913923487544	0.912054329372	0.902473498233	0.935443513074	0.939886977582	0.923831697988	0.899336875489	0.901402497598	0.691047974941	0.799384497019	0.847676832189	0.692366074252	0.829432984923	0.798193737679	0.93906444671	0.938117576604	0.960467776789	0.915031715592	0.918734491315	0.96686746988	0.907787128126	0.96754189207	0.687073422958	0.44766660265	0.336236318701	0.35929676199	0.0	0.571938005761	0.410045286126	0.392051557465	0.902924256951	0.900460829493	0.883545118224	0.89190821256	0.925175624898	0.881366656121	0.882740930744	0.870988042794	0.939703459638	0.910584958217	0.938534842168	0.933508024894	0.912882500272	0.953554695457	0.95403875836	0.885643396865	0.888633314165	0.908062234795	0.896319886766	0.908286096427	0.908869465539	0.873027346103	0.919385120864
DF6	0.908012980529	0.917411318711	0.924564487774	0.90357163332	0.917776931861	0.920130780009	0.924634671018	0.88668395535	0.892852224212	0.846229427659	0.842254978019	0.829645048203	0.824674928271	0.858961802155	0.865450197086	0.940747858115	0.858299463502	0.879572936217	0.673246058444	0.795321208566	0.859014446863	0.704760622785	0.80881201509	0.767612853052	0.923423717739	0.913670809336	0.944349392166	0.906903055451	0.919839059115	0.963763991652	0.893381613357	0.964222982343	0.416950728231	0.439076376554	0.546917785347	0.495182047468	0.571938005761	0.0	0.443922924901	0.517673888255	0.914170040486	0.940397350993	0.933506657213	0.930534351145	0.95697388267	0.932645725895	0.930450812804	0.924563591022	0.96014666029	0.942003514938	0.963149754556	0.960260689874	0.938693403155	0.974000878349	0.942146745754	0.887896760738	0.881845062093	0.832363213038	0.817547806524	0.829823691212	0.867769403935	0.893618461122	0.846003401361
DG6	0.898548126904	0.897637795276	0.90219665272	0.899499085633	0.905102790015	0.903759398496	0.906674405107	0.905376009944	0.916735708368	0.918549658434	0.922656102622	0.913218820015	0.916283108988	0.941122982496	0.942866820979	0.936507936508	0.913167754645	0.904830830469	0.699399202302	0.815138802107	0.856659640178	0.728373801734	0.839617768595	0.811638133459	0.949803621036	0.949608736779	0.963330258303	0.932292287519	0.931000248201	0.968430139351	0.926545237384	0.969465648855	0.56200477327	0.290918163673	0.386959532997	0.317542700764	0.410045286126	0.443922924901	0.0	0.335531135531	0.895921237693	0.920935960591	0.911332566756	0.912071897012	0.939205794852	0.906959152799	0.915959252971	0.897564649761	0.95234375	0.928555176337	0.950824587706	0.947641264904	0.931066431947	0.963184537506	0.962908211262	0.905316407369	0.897376286948	0.922285714286	0.917144184606	0.920166368205	0.914054470709	0.902330743618	0.92773667846
DH6	0.906063988095	0.909894736842	0.907207953604	0.910442855969	0.917635843661	0.903617639292	0.910585942258	0.908069950265	0.897297297297	0.901017072285	0.90702236171	0.901725200246	0.89972094698	0.932518906341	0.922805801121	0.929056394624	0.908017109446	0.905909140989	0.682593680738	0.813818181818	0.859750912819	0.719541580958	0.837728905634	0.800060824608	0.937406558357	0.93727167424	0.960207816743	0.916572717024	0.922373235755	0.965722236276	0.916398713826	0.967730106344	0.617309190031	0.372697538303	0.370168023915	0.312138161123	0.392051557465	0.517673888255	0.335531135531	0.0	0.91348973607	0.921700803733	0.909176660827	0.91211037302	0.9404778157	0.904331650279	0.91083758631	0.901058201058	0.920538905692	0.895992366412	0.946452755495	0.935430916553	0.928949648599	0.941436283331	0.895095948827	0.892959984113	0.907372400756	0.908628779979	0.897825391749	0.917894114167	0.913731697665	0.897317201473	0.926348092942
DA7	0.948089106887	0.953831731896	0.94741873805	0.952699687639	0.954430911382	0.948244552058	0.958856827282	0.952	0.905842588122	0.98327692614	0.955362946912	0.961391246464	0.974958099182	0.97300295858	0.986536931644	0.964485682291	0.959130399315	0.805429691962	0.934689449417	0.840068460588	0.834445787565	0.937192348433	0.814638609332	0.951113328194	0.946840189699	0.945793116896	0.978211870774	0.957246686618	0.956924917739	0.977771790381	0.961037463977	0.978046245778	0.89968331801	0.885467517837	0.902461362335	0.907859078591	0.902924256951	0.914170040486	0.895921237693	0.91348973607	0.0	0.449021932424	0.487838884586	0.596036141067	0.715993080673	0.529268292683	0.706109550562	0.479526842584	0.975269499049	0.95362631437	0.968029653655	0.97288776797	0.961999787708	0.984068389353	0.984181908057	0.847336628226	0.813530734633	0.922381416052	0.927915439265	0.901123031558	0.775711468019	0.897177655463	0.845156810554
DB7	0.940643863179	0.951343283582	0.931112111661	0.948991569736	0.951365409623	0.933808127357	0.953041227584	0.949306848748	0.90480620155	0.973453482708	0.943212547323	0.949528672427	0.962691057889	0.967894371091	0.981801888743	0.944306090106	0.957501212362	0.873019771583	0.934943678092	0.914375	0.919269470133	0.932465705241	0.883850993708	0.950042043825	0.925065671229	0.923305235664	0.970009902391	0.933629172294	0.923330585326	0.972948047956	0.938897821956	0.974045126088	0.929215509468	0.91245180313	0.915374583394	0.91124340414	0.900460829493	0.940397350993	0.920935960591	0.921700803733	0.449021932424	0.0	0.302315516122	0.449482895784	0.635801104972	0.396529834956	0.524598653547	0.339075630252	0.954850245865	0.929083094556	0.947933519635	0.941019955654	0.936206669303	0.964382734682	0.970720188902	0.828359235318	0.844761258203	0.924904336735	0.922126081582	0.925983693726	0.804077010193	0.869052945563	0.868979803211
