	DA5	DB5	DC5	DD5	DE5	DF5	DG5	DH5	DA2	DB2	DC2	DD2	DE2	DF2	DG2	DH2	DA1	DB1	DC1	DD1	DE1	DF1	DG1	DH1	DA4	DB4	DC4	DD4	DE4	DF4	DG4	DH4	DA6	DB6	DC6	DD6	DE6	DF6	DG6	DH6	DA7	DB7	DC7	DD7	DE7	DF7	DG7	DH7	DA8	DB8	DC8	DD8	DF8	DG8	DH8	DA3	DB3	DC3	DD3	DE3	DF3	DG3	DH3
DA5	0.0	0.387755102041	0.492196878752	0.421368547419	0.400960384154	0.465786314526	0.456182472989	0.376950780312	0.549819927971	0.607442977191	0.611044417767	0.731092436975	0.781512605042	0.822328931573	0.637454981993	0.553421368547	0.756302521008	0.787515006002	0.791116446579	0.637454981993	0.632653061224	0.699879951981	0.729891956783	0.812725090036	0.835534213685	0.84993997599	0.707082833133	0.720288115246	0.714285714286	0.711884753902	0.683073229292	0.705882352941	0.932773109244	0.891956782713	0.921968787515	0.932773109244	0.90756302521	0.935174069628	0.919567827131	0.93637454982	0.960384153661	0.957983193277	0.959183673469	0.933973589436	0.944777911164	0.935174069628	0.949579831933	0.960384153661	0.969987995198	0.977190876351	0.981992797119	0.963985594238	0.966386554622	0.967587034814	0.974789915966	0.714285714286	0.578631452581	0.715486194478	0.721488595438	0.629051620648	0.619447779112	0.709483793517	0.647058823529
DB5	0.387755102041	0.0	0.459783913565	0.406962785114	0.409363745498	0.438175270108	0.420168067227	0.411764705882	0.528211284514	0.626650660264	0.633853541417	0.728691476591	0.797118847539	0.834333733493	0.661464585834	0.542617046819	0.755102040816	0.775510204082	0.791116446579	0.639855942377	0.619447779112	0.691476590636	0.721488595438	0.805522208884	0.842737094838	0.84393757503	0.672268907563	0.729891956783	0.72268907563	0.680672268908	0.661464585834	0.671068427371	0.925570228091	0.894357743097	0.923169267707	0.923169267707	0.90756302521	0.939975990396	0.915966386555	0.927971188475	0.966386554622	0.974789915966	0.972388955582	0.93637454982	0.960384153661	0.954381752701	0.96518607443	0.967587034814	0.975990396158	0.981992797119	0.983193277311	0.974789915966	0.977190876351	0.972388955582	0.980792316927	0.691476590636	0.554621848739	0.698679471789	0.699879951981	0.636254501801	0.617046818727	0.684273709484	0.632653061224
DC5	0.492196878752	0.459783913565	0.0	0.480192076831	0.512605042017	0.386554621849	0.465786314526	0.488595438175	0.590636254502	0.6818727491	0.665066026411	0.744297719088	0.782713085234	0.803121248499	0.705882352941	0.655462184874	0.702280912365	0.801920768307	0.764705882353	0.626650660264	0.620648259304	0.655462184874	0.741896758703	0.753901560624	0.866746698679	0.879951980792	0.734693877551	0.721488595438	0.710684273709	0.744297719088	0.691476590636	0.746698679472	0.912364945978	0.87274909964	0.897959183673	0.917166866747	0.893157262905	0.90756302521	0.90756302521	0.917166866747	0.955582232893	0.945978391357	0.945978391357	0.888355342137	0.912364945978	0.905162064826	0.924369747899	0.953181272509	0.955582232893	0.97118847539	0.977190876351	0.947178871549	0.954381752701	0.953181272509	0.959183673469	0.677070828331	0.582232893157	0.673469387755	0.675870348139	0.612244897959	0.631452581032	0.668667466987	0.612244897959
DD5	0.421368547419	0.406962785114	0.480192076831	0.0	0.361344537815	0.459783913565	0.470588235294	0.388955582233	0.563025210084	0.543817527011	0.587034813926	0.7575030012	0.792316926771	0.823529411765	0.63025210084	0.569027611044	0.747899159664	0.823529411765	0.806722689076	0.673469387755	0.663865546218	0.710684273709	0.758703481393	0.812725090036	0.876350540216	0.893157262905	0.761104441777	0.750300120048	0.743097238896	0.762304921969	0.72268907563	0.759903961585	0.915966386555	0.887154861945	0.91356542617	0.920768307323	0.902761104442	0.929171668667	0.912364945978	0.929171668667	0.956782713085	0.955582232893	0.953181272509	0.93637454982	0.956782713085	0.947178871549	0.944777911164	0.959183673469	0.966386554622	0.974789915966	0.981992797119	0.966386554622	0.961584633854	0.972388955582	0.975990396158	0.732292917167	0.591836734694	0.732292917167	0.727490996399	0.631452581032	0.612244897959	0.708283313325	0.665066026411
DE5	0.400960384154	0.409363745498	0.512605042017	0.361344537815	0.0	0.490996398559	0.478991596639	0.363745498199	0.540216086435	0.541416566627	0.594237695078	0.726290516206	0.771908763505	0.822328931573	0.633853541417	0.539015606242	0.759903961585	0.791116446579	0.794717887155	0.643457382953	0.626650660264	0.703481392557	0.728691476591	0.80912364946	0.846338535414	0.860744297719	0.733493397359	0.729891956783	0.729891956783	0.734693877551	0.719087635054	0.732292917167	0.929171668667	0.896758703481	0.925570228091	0.931572629052	0.915966386555	0.933973589436	0.914765906363	0.933973589436	0.956782713085	0.96518607443	0.962785114046	0.941176470588	0.959183673469	0.947178871549	0.953181272509	0.960384153661	0.968787515006	0.974789915966	0.979591836735	0.969987995198	0.969987995198	0.968787515006	0.974789915966	0.746698679472	0.599039615846	0.741896758703	0.744297719088	0.642256902761	0.62424969988	0.731092436975	0.674669867947
DF5	0.465786314526	0.438175270108	0.386554621849	0.459783913565	0.490996398559	0.0	0.394957983193	0.481392557023	0.576230492197	0.683073229292	0.663865546218	0.743097238896	0.791116446579	0.810324129652	0.705882352941	0.643457382953	0.715486194478	0.800720288115	0.770708283313	0.625450180072	0.620648259304	0.654261704682	0.75150060024	0.761104441777	0.870348139256	0.889555822329	0.721488595438	0.725090036014	0.725090036014	0.702280912365	0.65306122449	0.727490996399	0.906362545018	0.883553421369	0.90156062425	0.915966386555	0.890756302521	0.91356542617	0.908763505402	0.920768307323	0.944777911164	0.94237695078	0.94237695078	0.890756302521	0.917166866747	0.90756302521	0.923169267707	0.94237695078	0.960384153661	0.969987995198	0.974789915966	0.959183673469	0.951980792317	0.957983193277	0.96518607443	0.641056422569	0.539015606242	0.650660264106	0.672268907563	0.615846338535	0.641056422569	0.633853541417	0.575030012005
DG5	0.456182472989	0.420168067227	0.465786314526	0.470588235294	0.478991596639	0.394957983193	0.0	0.482593037215	0.554621848739	0.665066026411	0.678271308523	0.744297719088	0.78031212485	0.821128451381	0.704681872749	0.62424969988	0.734693877551	0.800720288115	0.764705882353	0.645858343337	0.637454981993	0.697478991597	0.750300120048	0.788715486194	0.857142857143	0.8787515006	0.703481392557	0.717887154862	0.719087635054	0.668667466987	0.623049219688	0.705882352941	0.90756302521	0.890756302521	0.912364945978	0.921968787515	0.896758703481	0.924369747899	0.911164465786	0.925570228091	0.954381752701	0.954381752701	0.953181272509	0.920768307323	0.943577430972	0.927971188475	0.94237695078	0.955582232893	0.967587034814	0.974789915966	0.980792316927	0.968787515006	0.957983193277	0.969987995198	0.972388955582	0.637454981993	0.53781512605	0.665066026411	0.686674669868	0.626650660264	0.647058823529	0.623049219688	0.579831932773
DH5	0.376950780312	0.411764705882	0.488595438175	0.388955582233	0.363745498199	0.481392557023	0.482593037215	0.0	0.53781512605	0.569027611044	0.572629051621	0.704681872749	0.756302521008	0.794717887155	0.609843937575	0.557022809124	0.726290516206	0.78631452581	0.77430972389	0.639855942377	0.63025210084	0.678271308523	0.723889555822	0.792316926771	0.824729891957	0.839135654262	0.725090036014	0.699879951981	0.703481392557	0.733493397359	0.679471788715	0.727490996399	0.931572629052	0.894357743097	0.890756302521	0.925570228091	0.909963985594	0.911164465786	0.920768307323	0.915966386555	0.961584633854	0.961584633854	0.959183673469	0.933973589436	0.954381752701	0.931572629052	0.941176470588	0.961584633854	0.949579831933	0.967587034814	0.974789915966	0.955582232893	0.959183673469	0.939975990396	0.947178871549	0.714285714286	0.58943577431	0.707082833133	0.704681872749	0.603841536615	0.603841536615	0.72268907563	0.635054021609
DA2	0.549819927971	0.528211284514	0.590636254502	0.563025210084	0.540216086435	0.576230492197	0.554621848739	0.53781512605	0.0	0.590636254502	0.572629051621	0.655462184874	0.711884753902	0.732292917167	0.603841536615	0.478991596639	0.673469387755	0.726290516206	0.720288115246	0.602641056423	0.602641056423	0.685474189676	0.644657863145	0.727490996399	0.759903961585	0.768307322929	0.715486194478	0.69387755102	0.691476590636	0.725090036014	0.662665066026	0.721488595438	0.921968787515	0.896758703481	0.909963985594	0.917166866747	0.890756302521	0.889555822329	0.933973589436	0.915966386555	0.902761104442	0.900360144058	0.909963985594	0.897959183673	0.941176470588	0.869147659064	0.897959183673	0.903961584634	0.900360144058	0.929171668667	0.949579831933	0.911164465786	0.915966386555	0.891956782713	0.881152460984	0.727490996399	0.63025210084	0.689075630252	0.677070828331	0.599039615846	0.581032412965	0.728691476591	0.62424969988
DB2	0.607442977191	0.626650660264	0.6818727491	0.543817527011	0.541416566627	0.683073229292	0.665066026411	0.569027611044	0.590636254502	0.0	0.530612244898	0.665066026411	0.69387755102	0.704681872749	0.493397358944	0.621848739496	0.7575030012	0.847539015606	0.75150060024	0.739495798319	0.78631452581	0.746698679472	0.761104441777	0.74549819928	0.84393757503	0.852340936375	0.891956782713	0.818727490996	0.818727490996	0.906362545018	0.810324129652	0.903961584634	0.921968787515	0.881152460984	0.887154861945	0.93637454982	0.911164465786	0.87274909964	0.929171668667	0.90756302521	0.981992797119	0.96518607443	0.967587034814	0.950780312125	0.978391356543	0.947178871549	0.929171668667	0.978391356543	0.917166866747	0.944777911164	0.962785114046	0.93037214886	0.943577430972	0.885954381753	0.873949579832	0.852340936375	0.728691476591	0.767106842737	0.759903961585	0.674669867947	0.6818727491	0.836734693878	0.728691476591
DC2	0.611044417767	0.633853541417	0.665066026411	0.587034813926	0.594237695078	0.663865546218	0.678271308523	0.572629051621	0.572629051621	0.530612244898	0.0	0.633853541417	0.65306122449	0.63025210084	0.506602641056	0.607442977191	0.667466986795	0.795918367347	0.743097238896	0.710684273709	0.755102040816	0.720288115246	0.740696278511	0.703481392557	0.830732292917	0.848739495798	0.873949579832	0.740696278511	0.729891956783	0.877551020408	0.744297719088	0.873949579832	0.93037214886	0.895558223289	0.888355342137	0.93037214886	0.905162064826	0.873949579832	0.923169267707	0.915966386555	0.961584633854	0.950780312125	0.938775510204	0.924369747899	0.956782713085	0.927971188475	0.923169267707	0.957983193277	0.8787515006	0.905162064826	0.93037214886	0.885954381753	0.895558223289	0.848739495798	0.813925570228	0.811524609844	0.692677070828	0.689075630252	0.69387755102	0.612244897959	0.644657863145	0.805522208884	0.668667466987
DD2	0.731092436975	0.728691476591	0.744297719088	0.7575030012	0.726290516206	0.743097238896	0.744297719088	0.704681872749	0.655462184874	0.665066026411	0.633853541417	0.0	0.505402160864	0.563025210084	0.596638655462	0.719087635054	0.702280912365	0.764705882353	0.709483793517	0.711884753902	0.747899159664	0.731092436975	0.703481392557	0.696278511405	0.779111644658	0.788715486194	0.842737094838	0.759903961585	0.752701080432	0.84993997599	0.753901560624	0.845138055222	0.919567827131	0.890756302521	0.885954381753	0.929171668667	0.906362545018	0.866746698679	0.925570228091	0.912364945978	0.96518607443	0.954381752701	0.94237695078	0.93037214886	0.963985594238	0.932773109244	0.912364945978	0.962785114046	0.908763505402	0.948379351741	0.966386554622	0.929171668667	0.935174069628	0.877551020408	0.823529411765	0.857142857143	0.823529411765	0.661464585834	0.665066026411	0.674669867947	0.792316926771	0.848739495798	0.725090036014
DE2	0.781512605042	0.797118847539	0.782713085234	0.792316926771	0.771908763505	0.791116446579	0.78031212485	0.756302521008	0.711884753902	0.69387755102	0.65306122449	0.505402160864	0.0	0.533013205282	0.599039615846	0.770708283313	0.723889555822	0.811524609844	0.71668667467	0.747899159664	0.782713085234	0.738295318127	0.75150060024	0.699879951981	0.827130852341	0.847539015606	0.883553421369	0.787515006002	0.781512605042	0.891956782713	0.797118847539	0.891956782713	0.933973589436	0.891956782713	0.885954381753	0.932773109244	0.909963985594	0.867947178872	0.93037214886	0.905162064826	0.973589435774	0.966386554622	0.953181272509	0.945978391357	0.97118847539	0.937575030012	0.925570228091	0.969987995198	0.90756302521	0.937575030012	0.966386554622	0.912364945978	0.939975990396	0.883553421369	0.811524609844	0.871548619448	0.841536614646	0.668667466987	0.668667466987	0.683073229292	0.81512605042	0.870348139256	0.735894357743
DF2	0.822328931573	0.834333733493	0.803121248499	0.823529411765	0.822328931573	0.810324129652	0.821128451381	0.794717887155	0.732292917167	0.704681872749	0.63025210084	0.563025210084	0.533013205282	0.0	0.613445378151	0.799519807923	0.721488595438	0.857142857143	0.764705882353	0.821128451381	0.842737094838	0.768307322929	0.788715486194	0.699879951981	0.857142857143	0.867947178872	0.925570228091	0.791116446579	0.791116446579	0.927971188475	0.81512605042	0.93037214886	0.951980792317	0.914765906363	0.894357743097	0.947178871549	0.927971188475	0.876350540216	0.950780312125	0.932773109244	0.974789915966	0.963985594238	0.959183673469	0.949579831933	0.977190876351	0.937575030012	0.93037214886	0.974789915966	0.90156062425	0.93637454982	0.954381752701	0.914765906363	0.927971188475	0.864345738295	0.793517406963	0.857142857143	0.839135654262	0.631452581032	0.639855942377	0.665066026411	0.806722689076	0.84993997599	0.729891956783
DG2	0.637454981993	0.661464585834	0.705882352941	0.63025210084	0.633853541417	0.705882352941	0.704681872749	0.609843937575	0.603841536615	0.493397358944	0.506602641056	0.596638655462	0.599039615846	0.613445378151	0.0	0.633853541417	0.72268907563	0.839135654262	0.738295318127	0.752701080432	0.788715486194	0.753901560624	0.762304921969	0.703481392557	0.845138055222	0.863145258103	0.891956782713	0.799519807923	0.787515006002	0.908763505402	0.788715486194	0.90756302521	0.93637454982	0.902761104442	0.894357743097	0.94237695078	0.920768307323	0.877551020408	0.937575030012	0.924369747899	0.983193277311	0.975990396158	0.963985594238	0.953181272509	0.981992797119	0.941176470588	0.944777911164	0.983193277311	0.895558223289	0.937575030012	0.951980792317	0.915966386555	0.933973589436	0.875150060024	0.810324129652	0.866746698679	0.74549819928	0.709483793517	0.691476590636	0.642256902761	0.702280912365	0.869147659064	0.720288115246
DH2	0.553421368547	0.542617046819	0.655462184874	0.569027611044	0.539015606242	0.643457382953	0.62424969988	0.557022809124	0.478991596639	0.621848739496	0.607442977191	0.719087635054	0.770708283313	0.799519807923	0.633853541417	0.0	0.793517406963	0.723889555822	0.803121248499	0.666266506603	0.69387755102	0.726290516206	0.672268907563	0.812725090036	0.692677070828	0.696278511405	0.654261704682	0.799519807923	0.792316926771	0.667466986795	0.763505402161	0.655462184874	0.935174069628	0.912364945978	0.929171668667	0.927971188475	0.921968787515	0.93037214886	0.945978391357	0.931572629052	0.962785114046	0.957983193277	0.961584633854	0.94237695078	0.962785114046	0.941176470588	0.944777911164	0.961584633854	0.943577430972	0.955582232893	0.963985594238	0.950780312125	0.956782713085	0.94237695078	0.954381752701	0.797118847539	0.683073229292	0.805522208884	0.799519807923	0.709483793517	0.648259303721	0.78631452581	0.732292917167
DA1	0.756302521008	0.755102040816	0.702280912365	0.747899159664	0.759903961585	0.715486194478	0.734693877551	0.726290516206	0.673469387755	0.7575030012	0.667466986795	0.702280912365	0.723889555822	0.721488595438	0.72268907563	0.793517406963	0.0	0.602641056423	0.651860744298	0.719087635054	0.705882352941	0.662665066026	0.720288115246	0.599039615846	0.816326530612	0.823529411765	0.799519807923	0.661464585834	0.667466986795	0.812725090036	0.662665066026	0.81512605042	0.903961584634	0.903961584634	0.883553421369	0.915966386555	0.8787515006	0.854741896759	0.90156062425	0.911164465786	0.956782713085	0.954381752701	0.945978391357	0.917166866747	0.93637454982	0.90756302521	0.915966386555	0.949579831933	0.755102040816	0.777911164466	0.810324129652	0.769507803121	0.776710684274	0.721488595438	0.698679471789	0.782713085234	0.812725090036	0.672268907563	0.665066026411	0.689075630252	0.781512605042	0.789915966387	0.717887154862
DB1	0.787515006002	0.775510204082	0.801920768307	0.823529411765	0.791116446579	0.800720288115	0.800720288115	0.78631452581	0.726290516206	0.847539015606	0.795918367347	0.764705882353	0.811524609844	0.857142857143	0.839135654262	0.723889555822	0.602641056423	0.0	0.709483793517	0.661464585834	0.692677070828	0.715486194478	0.555822328932	0.702280912365	0.727490996399	0.737094837935	0.781512605042	0.791116446579	0.78031212485	0.798319327731	0.77430972389	0.785114045618	0.908763505402	0.890756302521	0.902761104442	0.906362545018	0.876350540216	0.903961584634	0.902761104442	0.918367346939	0.804321728691	0.805522208884	0.806722689076	0.783913565426	0.810324129652	0.782713085234	0.797118847539	0.797118847539	0.739495798319	0.71668667467	0.758703481393	0.727490996399	0.741896758703	0.728691476591	0.750300120048	0.860744297719	0.864345738295	0.867947178872	0.870348139256	0.8787515006	0.824729891957	0.870348139256	0.842737094838
DC1	0.791116446579	0.791116446579	0.764705882353	0.806722689076	0.794717887155	0.770708283313	0.764705882353	0.77430972389	0.720288115246	0.75150060024	0.743097238896	0.709483793517	0.71668667467	0.764705882353	0.738295318127	0.803121248499	0.651860744298	0.709483793517	0.0	0.58943577431	0.597839135654	0.457382953181	0.617046818727	0.506602641056	0.807923169268	0.834333733493	0.869147659064	0.765906362545	0.752701080432	0.884753901561	0.770708283313	0.887154861945	0.726290516206	0.714285714286	0.715486194478	0.739495798319	0.698679471789	0.690276110444	0.739495798319	0.738295318127	0.924369747899	0.921968787515	0.90756302521	0.882352941176	0.90156062425	0.871548619448	0.889555822329	0.915966386555	0.908763505402	0.918367346939	0.963985594238	0.923169267707	0.932773109244	0.8787515006	0.857142857143	0.810324129652	0.839135654262	0.744297719088	0.726290516206	0.761104441777	0.797118847539	0.827130852341	0.759903961585
DD1	0.637454981993	0.639855942377	0.626650660264	0.673469387755	0.643457382953	0.625450180072	0.645858343337	0.639855942377	0.602641056423	0.739495798319	0.710684273709	0.711884753902	0.747899159664	0.821128451381	0.752701080432	0.666266506603	0.719087635054	0.661464585834	0.58943577431	0.0	0.337334933974	0.500600240096	0.465786314526	0.596638655462	0.803121248499	0.830732292917	0.813925570228	0.805522208884	0.788715486194	0.822328931573	0.788715486194	0.821128451381	0.851140456182	0.835534213685	0.854741896759	0.853541416567	0.824729891957	0.858343337335	0.851140456182	0.869147659064	0.803121248499	0.860744297719	0.881152460984	0.863145258103	0.888355342137	0.791116446579	0.897959183673	0.847539015606	0.950780312125	0.938775510204	0.97118847539	0.947178871549	0.954381752701	0.941176470588	0.966386554622	0.793517406963	0.720288115246	0.804321728691	0.799519807923	0.739495798319	0.69387755102	0.779111644658	0.72268907563
DE1	0.632653061224	0.619447779112	0.620648259304	0.663865546218	0.626650660264	0.620648259304	0.637454981993	0.63025210084	0.602641056423	0.78631452581	0.755102040816	0.747899159664	0.782713085234	0.842737094838	0.788715486194	0.69387755102	0.705882352941	0.692677070828	0.597839135654	0.337334933974	0.0	0.530612244898	0.490996398559	0.627851140456	0.831932773109	0.845138055222	0.782713085234	0.783913565426	0.768307322929	0.789915966387	0.764705882353	0.779111644658	0.852340936375	0.83793517407	0.866746698679	0.860744297719	0.839135654262	0.871548619448	0.855942376951	0.876350540216	0.807923169268	0.877551020408	0.90156062425	0.869147659064	0.883553421369	0.81512605042	0.925570228091	0.865546218487	0.972388955582	0.953181272509	0.981992797119	0.968787515006	0.972388955582	0.955582232893	0.989195678271	0.768307322929	0.710684273709	0.781512605042	0.775510204082	0.734693877551	0.689075630252	0.763505402161	0.708283313325
DF1	0.699879951981	0.691476590636	0.655462184874	0.710684273709	0.703481392557	0.654261704682	0.697478991597	0.678271308523	0.685474189676	0.746698679472	0.720288115246	0.731092436975	0.738295318127	0.768307322929	0.753901560624	0.726290516206	0.662665066026	0.715486194478	0.457382953181	0.500600240096	0.530612244898	0.0	0.59543817527	0.53181272509	0.818727490996	0.841536614646	0.841536614646	0.775510204082	0.777911164466	0.857142857143	0.775510204082	0.852340936375	0.755102040816	0.732292917167	0.728691476591	0.752701080432	0.713085234094	0.71668667467	0.759903961585	0.752701080432	0.945978391357	0.951980792317	0.944777911164	0.902761104442	0.917166866747	0.90156062425	0.918367346939	0.94237695078	0.925570228091	0.932773109244	0.968787515006	0.932773109244	0.941176470588	0.902761104442	0.926770708283	0.777911164466	0.773109243697	0.755102040816	0.739495798319	0.731092436975	0.741896758703	0.791116446579	0.728691476591
DG1	0.729891956783	0.721488595438	0.741896758703	0.758703481393	0.728691476591	0.75150060024	0.750300120048	0.723889555822	0.644657863145	0.761104441777	0.740696278511	0.703481392557	0.75150060024	0.788715486194	0.762304921969	0.672268907563	0.720288115246	0.555822328932	0.617046818727	0.465786314526	0.490996398559	0.59543817527	0.0	0.621848739496	0.71668667467	0.726290516206	0.777911164466	0.777911164466	0.769507803121	0.793517406963	0.763505402161	0.783913565426	0.853541416567	0.824729891957	0.851140456182	0.861944777911	0.83793517407	0.855942376951	0.864345738295	0.863145258103	0.834333733493	0.860744297719	0.877551020408	0.897959183673	0.926770708283	0.819927971188	0.895558223289	0.842737094838	0.90156062425	0.890756302521	0.927971188475	0.895558223289	0.902761104442	0.887154861945	0.912364945978	0.835534213685	0.817527010804	0.831932773109	0.839135654262	0.810324129652	0.768307322929	0.835534213685	0.781512605042
DH1	0.812725090036	0.805522208884	0.753901560624	0.812725090036	0.80912364946	0.761104441777	0.788715486194	0.792316926771	0.727490996399	0.74549819928	0.703481392557	0.696278511405	0.699879951981	0.699879951981	0.703481392557	0.812725090036	0.599039615846	0.702280912365	0.506602641056	0.596638655462	0.627851140456	0.53181272509	0.621848739496	0.0	0.831932773109	0.836734693878	0.8787515006	0.752701080432	0.749099639856	0.902761104442	0.739495798319	0.894357743097	0.845138055222	0.824729891957	0.824729891957	0.84993997599	0.813925570228	0.798319327731	0.845138055222	0.83793517407	0.950780312125	0.951980792317	0.94237695078	0.864345738295	0.889555822329	0.906362545018	0.909963985594	0.94237695078	0.863145258103	0.879951980792	0.925570228091	0.876350540216	0.895558223289	0.831932773109	0.789915966387	0.84393757503	0.881152460984	0.72268907563	0.711884753902	0.764705882353	0.846338535414	0.869147659064	0.78031212485
DA4	0.835534213685	0.842737094838	0.866746698679	0.876350540216	0.846338535414	0.870348139256	0.857142857143	0.824729891957	0.759903961585	0.84393757503	0.830732292917	0.779111644658	0.827130852341	0.857142857143	0.845138055222	0.692677070828	0.816326530612	0.727490996399	0.807923169268	0.803121248499	0.831932773109	0.818727490996	0.71668667467	0.831932773109	0.0	0.385354141657	0.557022809124	0.735894357743	0.723889555822	0.50300120048	0.773109243697	0.50300120048	0.962785114046	0.939975990396	0.929171668667	0.966386554622	0.949579831933	0.918367346939	0.959183673469	0.951980792317	0.944777911164	0.938775510204	0.935174069628	0.931572629052	0.94237695078	0.921968787515	0.91356542617	0.938775510204	0.931572629052	0.951980792317	0.967587034814	0.935174069628	0.948379351741	0.931572629052	0.921968787515	0.87274909964	0.887154861945	0.854741896759	0.836734693878	0.861944777911	0.867947178872	0.887154861945	0.845138055222
DB4	0.84993997599	0.84393757503	0.879951980792	0.893157262905	0.860744297719	0.889555822329	0.8787515006	0.839135654262	0.768307322929	0.852340936375	0.848739495798	0.788715486194	0.847539015606	0.867947178872	0.863145258103	0.696278511405	0.823529411765	0.737094837935	0.834333733493	0.830732292917	0.845138055222	0.841536614646	0.726290516206	0.836734693878	0.385354141657	0.0	0.558223289316	0.763505402161	0.768307322929	0.512605042017	0.791116446579	0.506602641056	0.96518607443	0.947178871549	0.932773109244	0.96518607443	0.954381752701	0.926770708283	0.962785114046	0.945978391357	0.963985594238	0.954381752701	0.953181272509	0.939975990396	0.955582232893	0.93637454982	0.927971188475	0.953181272509	0.933973589436	0.951980792317	0.96518607443	0.947178871549	0.948379351741	0.924369747899	0.925570228091	0.900360144058	0.920768307323	0.871548619448	0.87274909964	0.881152460984	0.90156062425	0.91356542617	0.881152460984
DC4	0.707082833133	0.672268907563	0.734693877551	0.761104441777	0.733493397359	0.721488595438	0.703481392557	0.725090036014	0.715486194478	0.891956782713	0.873949579832	0.842737094838	0.883553421369	0.925570228091	0.891956782713	0.654261704682	0.799519807923	0.781512605042	0.869147659064	0.813925570228	0.782713085234	0.841536614646	0.777911164466	0.8787515006	0.557022809124	0.558223289316	0.0	0.723889555822	0.715486194478	0.34693877551	0.651860744298	0.34093637455	0.984393757503	0.97118847539	0.969987995198	0.978391356543	0.968787515006	0.962785114046	0.975990396158	0.973589435774	0.985594237695	0.978391356543	0.975990396158	0.968787515006	0.975990396158	0.973589435774	0.968787515006	0.983193277311	0.967587034814	0.968787515006	0.973589435774	0.963985594238	0.966386554622	0.968787515006	0.963985594238	0.7575030012	0.764705882353	0.753901560624	0.756302521008	0.800720288115	0.848739495798	0.763505402161	0.761104441777
DD4	0.720288115246	0.729891956783	0.721488595438	0.750300120048	0.729891956783	0.725090036014	0.717887154862	0.699879951981	0.69387755102	0.818727490996	0.740696278511	0.759903961585	0.787515006002	0.791116446579	0.799519807923	0.799519807923	0.661464585834	0.791116446579	0.765906362545	0.805522208884	0.783913565426	0.775510204082	0.777911164466	0.752701080432	0.735894357743	0.763505402161	0.723889555822	0.0	0.422569027611	0.739495798319	0.60144057623	0.731092436975	0.951980792317	0.931572629052	0.920768307323	0.951980792317	0.935174069628	0.889555822329	0.94237695078	0.941176470588	0.956782713085	0.949579831933	0.939975990396	0.926770708283	0.950780312125	0.927971188475	0.917166866747	0.939975990396	0.890756302521	0.911164465786	0.93637454982	0.895558223289	0.908763505402	0.870348139256	0.853541416567	0.75150060024	0.77430972389	0.678271308523	0.675870348139	0.702280912365	0.806722689076	0.769507803121	0.697478991597
DE4	0.714285714286	0.72268907563	0.710684273709	0.743097238896	0.729891956783	0.725090036014	0.719087635054	0.703481392557	0.691476590636	0.818727490996	0.729891956783	0.752701080432	0.781512605042	0.791116446579	0.787515006002	0.792316926771	0.667466986795	0.78031212485	0.752701080432	0.788715486194	0.768307322929	0.777911164466	0.769507803121	0.749099639856	0.723889555822	0.768307322929	0.715486194478	0.422569027611	0.0	0.732292917167	0.581032412965	0.725090036014	0.943577430972	0.931572629052	0.920768307323	0.954381752701	0.938775510204	0.90156062425	0.938775510204	0.939975990396	0.948379351741	0.93637454982	0.925570228091	0.914765906363	0.944777911164	0.91356542617	0.900360144058	0.931572629052	0.888355342137	0.917166866747	0.93637454982	0.891956782713	0.902761104442	0.893157262905	0.846338535414	0.743097238896	0.768307322929	0.674669867947	0.674669867947	0.692677070828	0.800720288115	0.758703481393	0.707082833133
DF4	0.711884753902	0.680672268908	0.744297719088	0.762304921969	0.734693877551	0.702280912365	0.668667466987	0.733493397359	0.725090036014	0.906362545018	0.877551020408	0.84993997599	0.891956782713	0.927971188475	0.908763505402	0.667466986795	0.812725090036	0.798319327731	0.884753901561	0.822328931573	0.789915966387	0.857142857143	0.793517406963	0.902761104442	0.50300120048	0.512605042017	0.34693877551	0.739495798319	0.732292917167	0.0	0.625450180072	0.301320528211	0.977190876351	0.969987995198	0.968787515006	0.97118847539	0.962785114046	0.969987995198	0.972388955582	0.973589435774	0.984393757503	0.978391356543	0.981992797119	0.973589435774	0.978391356543	0.97118847539	0.968787515006	0.981992797119	0.977190876351	0.980792316927	0.981992797119	0.975990396158	0.973589435774	0.986794717887	0.978391356543	0.72268907563	0.739495798319	0.747899159664	0.765906362545	0.805522208884	0.851140456182	0.723889555822	0.725090036014
DG4	0.683073229292	0.661464585834	0.691476590636	0.72268907563	0.719087635054	0.65306122449	0.623049219688	0.679471788715	0.662665066026	0.810324129652	0.744297719088	0.753901560624	0.797118847539	0.81512605042	0.788715486194	0.763505402161	0.662665066026	0.77430972389	0.770708283313	0.788715486194	0.764705882353	0.775510204082	0.763505402161	0.739495798319	0.773109243697	0.791116446579	0.651860744298	0.60144057623	0.581032412965	0.625450180072	0.0	0.671068427371	0.947178871549	0.927971188475	0.920768307323	0.951980792317	0.931572629052	0.890756302521	0.939975990396	0.938775510204	0.963985594238	0.945978391357	0.939975990396	0.925570228091	0.961584633854	0.924369747899	0.905162064826	0.943577430972	0.882352941176	0.90756302521	0.93037214886	0.891956782713	0.903961584634	0.881152460984	0.855942376951	0.626650660264	0.714285714286	0.660264105642	0.661464585834	0.714285714286	0.810324129652	0.644657863145	0.639855942377
DH4	0.705882352941	0.671068427371	0.746698679472	0.759903961585	0.732292917167	0.727490996399	0.705882352941	0.727490996399	0.721488595438	0.903961584634	0.873949579832	0.845138055222	0.891956782713	0.93037214886	0.90756302521	0.655462184874	0.81512605042	0.785114045618	0.887154861945	0.821128451381	0.779111644658	0.852340936375	0.783913565426	0.894357743097	0.50300120048	0.506602641056	0.34093637455	0.731092436975	0.725090036014	0.301320528211	0.671068427371	0.0	0.981992797119	0.966386554622	0.97118847539	0.972388955582	0.966386554622	0.973589435774	0.972388955582	0.974789915966	0.981992797119	0.979591836735	0.979591836735	0.967587034814	0.973589435774	0.975990396158	0.974789915966	0.981992797119	0.978391356543	0.977190876351	0.978391356543	0.973589435774	0.97118847539	0.979591836735	0.975990396158	0.771908763505	0.770708283313	0.771908763505	0.773109243697	0.811524609844	0.857142857143	0.77430972389	0.77430972389
DA6	0.932773109244	0.925570228091	0.912364945978	0.915966386555	0.929171668667	0.906362545018	0.90756302521	0.931572629052	0.921968787515	0.921968787515	0.93037214886	0.919567827131	0.933973589436	0.951980792317	0.93637454982	0.935174069628	0.903961584634	0.908763505402	0.726290516206	0.851140456182	0.852340936375	0.755102040816	0.853541416567	0.845138055222	0.962785114046	0.96518607443	0.984393757503	0.951980792317	0.943577430972	0.977190876351	0.947178871549	0.981992797119	0.0	0.345738295318	0.351740696279	0.320528211285	0.344537815126	0.334933973589	0.327731092437	0.327731092437	0.889555822329	0.911164465786	0.90156062425	0.90756302521	0.937575030012	0.91356542617	0.871548619448	0.882352941176	0.950780312125	0.933973589436	0.97118847539	0.947178871549	0.941176470588	0.931572629052	0.979591836735	0.912364945978	0.884753901561	0.917166866747	0.911164465786	0.900360144058	0.882352941176	0.890756302521	0.881152460984
DB6	0.891956782713	0.894357743097	0.87274909964	0.887154861945	0.896758703481	0.883553421369	0.890756302521	0.894357743097	0.896758703481	0.881152460984	0.895558223289	0.890756302521	0.891956782713	0.914765906363	0.902761104442	0.912364945978	0.903961584634	0.890756302521	0.714285714286	0.835534213685	0.83793517407	0.732292917167	0.824729891957	0.824729891957	0.939975990396	0.947178871549	0.97118847539	0.931572629052	0.931572629052	0.969987995198	0.927971188475	0.966386554622	0.345738295318	0.0	0.322929171669	0.356542617047	0.352941176471	0.350540216086	0.357743097239	0.350540216086	0.912364945978	0.921968787515	0.90756302521	0.896758703481	0.926770708283	0.899159663866	0.885954381753	0.90756302521	0.941176470588	0.920768307323	0.962785114046	0.921968787515	0.939975990396	0.919567827131	0.960384153661	0.877551020408	0.867947178872	0.887154861945	0.883553421369	0.858343337335	0.860744297719	0.8787515006	0.859543817527
DC6	0.921968787515	0.923169267707	0.897959183673	0.91356542617	0.925570228091	0.90156062425	0.912364945978	0.890756302521	0.909963985594	0.887154861945	0.888355342137	0.885954381753	0.885954381753	0.894357743097	0.894357743097	0.929171668667	0.883553421369	0.902761104442	0.715486194478	0.854741896759	0.866746698679	0.728691476591	0.851140456182	0.824729891957	0.929171668667	0.932773109244	0.969987995198	0.920768307323	0.920768307323	0.968787515006	0.920768307323	0.97118847539	0.351740696279	0.322929171669	0.0	0.360144057623	0.352941176471	0.342136854742	0.360144057623	0.349339735894	0.919567827131	0.927971188475	0.902761104442	0.917166866747	0.944777911164	0.899159663866	0.883553421369	0.90756302521	0.929171668667	0.90756302521	0.963985594238	0.926770708283	0.931572629052	0.895558223289	0.93637454982	0.888355342137	0.882352941176	0.875150060024	0.877551020408	0.855942376951	0.864345738295	0.897959183673	0.84393757503
DD6	0.932773109244	0.923169267707	0.917166866747	0.920768307323	0.931572629052	0.915966386555	0.921968787515	0.925570228091	0.917166866747	0.93637454982	0.93037214886	0.929171668667	0.932773109244	0.947178871549	0.94237695078	0.927971188475	0.915966386555	0.906362545018	0.739495798319	0.853541416567	0.860744297719	0.752701080432	0.861944777911	0.84993997599	0.966386554622	0.96518607443	0.978391356543	0.951980792317	0.954381752701	0.97118847539	0.951980792317	0.972388955582	0.320528211285	0.356542617047	0.360144057623	0.0	0.332533013205	0.332533013205	0.286914765906	0.344537815126	0.926770708283	0.925570228091	0.924369747899	0.915966386555	0.935174069628	0.914765906363	0.90756302521	0.915966386555	0.950780312125	0.929171668667	0.969987995198	0.943577430972	0.938775510204	0.93037214886	0.973589435774	0.889555822329	0.884753901561	0.909963985594	0.895558223289	0.888355342137	0.889555822329	0.882352941176	0.903961584634
DE6	0.90756302521	0.90756302521	0.893157262905	0.902761104442	0.915966386555	0.890756302521	0.896758703481	0.909963985594	0.890756302521	0.911164465786	0.905162064826	0.906362545018	0.909963985594	0.927971188475	0.920768307323	0.921968787515	0.8787515006	0.876350540216	0.698679471789	0.824729891957	0.839135654262	0.713085234094	0.83793517407	0.813925570228	0.949579831933	0.954381752701	0.968787515006	0.935174069628	0.938775510204	0.962785114046	0.931572629052	0.966386554622	0.344537815126	0.352941176471	0.352941176471	0.332533013205	0.0	0.333733493397	0.337334933974	0.345738295318	0.914765906363	0.908763505402	0.906362545018	0.885954381753	0.912364945978	0.883553421369	0.8787515006	0.902761104442	0.931572629052	0.91356542617	0.963985594238	0.929171668667	0.923169267707	0.919567827131	0.955582232893	0.900360144058	0.900360144058	0.903961584634	0.896758703481	0.889555822329	0.882352941176	0.889555822329	0.876350540216
DF6	0.935174069628	0.939975990396	0.90756302521	0.929171668667	0.933973589436	0.91356542617	0.924369747899	0.911164465786	0.889555822329	0.87274909964	0.873949579832	0.866746698679	0.867947178872	0.876350540216	0.877551020408	0.93037214886	0.854741896759	0.903961584634	0.690276110444	0.858343337335	0.871548619448	0.71668667467	0.855942376951	0.798319327731	0.918367346939	0.926770708283	0.962785114046	0.889555822329	0.90156062425	0.969987995198	0.890756302521	0.973589435774	0.334933973589	0.350540216086	0.342136854742	0.332533013205	0.333733493397	0.0	0.339735894358	0.334933973589	0.937575030012	0.935174069628	0.925570228091	0.917166866747	0.935174069628	0.909963985594	0.900360144058	0.923169267707	0.911164465786	0.911164465786	0.963985594238	0.923169267707	0.938775510204	0.879951980792	0.915966386555	0.900360144058	0.920768307323	0.870348139256	0.860744297719	0.861944777911	0.895558223289	0.908763505402	0.861944777911
DG6	0.919567827131	0.915966386555	0.90756302521	0.912364945978	0.914765906363	0.908763505402	0.911164465786	0.920768307323	0.933973589436	0.929171668667	0.923169267707	0.925570228091	0.93037214886	0.950780312125	0.937575030012	0.945978391357	0.90156062425	0.902761104442	0.739495798319	0.851140456182	0.855942376951	0.759903961585	0.864345738295	0.845138055222	0.959183673469	0.962785114046	0.975990396158	0.94237695078	0.938775510204	0.972388955582	0.939975990396	0.972388955582	0.327731092437	0.357743097239	0.360144057623	0.286914765906	0.337334933974	0.339735894358	0.0	0.350540216086	0.923169267707	0.925570228091	0.923169267707	0.906362545018	0.921968787515	0.902761104442	0.90756302521	0.911164465786	0.948379351741	0.923169267707	0.968787515006	0.937575030012	0.937575030012	0.933973589436	0.968787515006	0.927971188475	0.917166866747	0.932773109244	0.926770708283	0.917166866747	0.924369747899	0.923169267707	0.91356542617
DH6	0.93637454982	0.927971188475	0.917166866747	0.929171668667	0.933973589436	0.920768307323	0.925570228091	0.915966386555	0.915966386555	0.90756302521	0.915966386555	0.912364945978	0.905162064826	0.932773109244	0.924369747899	0.931572629052	0.911164465786	0.918367346939	0.738295318127	0.869147659064	0.876350540216	0.752701080432	0.863145258103	0.83793517407	0.951980792317	0.945978391357	0.973589435774	0.941176470588	0.939975990396	0.973589435774	0.938775510204	0.974789915966	0.327731092437	0.350540216086	0.349339735894	0.344537815126	0.345738295318	0.334933973589	0.350540216086	0.0	0.926770708283	0.932773109244	0.919567827131	0.919567827131	0.944777911164	0.909963985594	0.891956782713	0.919567827131	0.905162064826	0.903961584634	0.960384153661	0.926770708283	0.938775510204	0.865546218487	0.905162064826	0.914765906363	0.91356542617	0.905162064826	0.908763505402	0.887154861945	0.896758703481	0.912364945978	0.894357743097
DA7	0.960384153661	0.966386554622	0.955582232893	0.956782713085	0.956782713085	0.944777911164	0.954381752701	0.961584633854	0.902761104442	0.981992797119	0.961584633854	0.96518607443	0.973589435774	0.974789915966	0.983193277311	0.962785114046	0.956782713085	0.804321728691	0.924369747899	0.803121248499	0.807923169268	0.945978391357	0.834333733493	0.950780312125	0.944777911164	0.963985594238	0.985594237695	0.956782713085	0.948379351741	0.984393757503	0.963985594238	0.981992797119	0.889555822329	0.912364945978	0.919567827131	0.926770708283	0.914765906363	0.937575030012	0.923169267707	0.926770708283	0.0	0.414165666267	0.435774309724	0.506602641056	0.650660264106	0.399759903962	0.493397358944	0.361344537815	0.961584633854	0.961584633854	0.980792316927	0.966386554622	0.96518607443	0.957983193277	0.980792316927	0.853541416567	0.813925570228	0.941176470588	0.932773109244	0.921968787515	0.765906362545	0.905162064826	0.817527010804
DB7	0.957983193277	0.974789915966	0.945978391357	0.955582232893	0.96518607443	0.94237695078	0.954381752701	0.961584633854	0.900360144058	0.96518607443	0.950780312125	0.954381752701	0.966386554622	0.963985594238	0.975990396158	0.957983193277	0.954381752701	0.805522208884	0.921968787515	0.860744297719	0.877551020408	0.951980792317	0.860744297719	0.951980792317	0.938775510204	0.954381752701	0.978391356543	0.949579831933	0.93637454982	0.978391356543	0.945978391357	0.979591836735	0.911164465786	0.921968787515	0.927971188475	0.925570228091	0.908763505402	0.935174069628	0.925570228091	0.932773109244	0.414165666267	0.0	0.336134453782	0.480192076831	0.626650660264	0.403361344538	0.457382953181	0.360144057623	0.956782713085	0.945978391357	0.973589435774	0.945978391357	0.94237695078	0.950780312125	0.973589435774	0.830732292917	0.876350540216	0.933973589436	0.924369747899	0.925570228091	0.782713085234	0.887154861945	0.861944777911
