	AA3	AA4	AB3	AB4	AC3	AC4	AD3	AD4	AE3	AE4	AF3	AF4	AG3	AG4	AH3	AH4	AA7	AA8	AB7	AB8	AC7	AC8	AD7	AD8	AE7	AE8	AF7	AF8	AG7	AG8	AH7	AH8	AA5	AA6	AB5	AB6	AC5	AC6	AD6	AE5	AE6	AF5	AF6	AG5	AH5	AH6	AA1	AA2	AB1	AB2	AC1	AC2	AD1	AD2	AE1	AE2	AF1	AF2	AG1	AG2	AH1	AH2
AA3	0.0	0.582698040508	0.728607720193	0.679307973328	0.71422044377	0.720569714156	0.709589404747	0.747706720982	0.672226577534	0.723364757647	0.682065347488	0.705728122617	0.676050102502	0.683765817212	0.701200871157	0.558917112826	0.699694299765	0.711405435355	0.808060358953	0.724065515709	0.726371676922	0.716550647276	0.702856012171	0.728887772552	0.78386663004	0.721253509016	0.693872006215	0.717513612151	0.721401785715	0.707040463741	0.764824148127	0.726363148041	0.683262263585	0.710930911863	0.715050794953	0.718325594039	0.676901929673	0.704801069138	0.707462069539	0.717849790842	0.711037022532	0.714103079577	0.713430445869	0.704286923988	0.729871976079	0.722393074264	0.698610989294	0.727604200626	0.686863334629	0.720827250247	0.689399378295	0.713347816209	0.679918060381	0.693936794816	0.699898440487	0.705397426666	0.700624681837	0.731502126978	0.690973090035	0.716486663847	0.677062114615	0.737048774673
AA4	0.582698040508	0.0	0.737814521386	0.656512125412	0.703007677068	0.679956206148	0.690165802879	0.694336936178	0.691867232161	0.68048571459	0.704444502349	0.664013452053	0.699870334274	0.690169751008	0.588892353761	0.481628536043	0.718297644169	0.717816949657	0.828465503808	0.724484954464	0.750584754162	0.704866904942	0.720595953944	0.723946174605	0.803010829563	0.709297237716	0.683522771075	0.696037793397	0.716316026926	0.701497618708	0.792363835644	0.715996191849	0.694561945335	0.692451283522	0.704957854447	0.692646776405	0.698557877692	0.675907595783	0.681954803714	0.696768274889	0.682520862971	0.684976871375	0.680319904337	0.682743774389	0.712946478239	0.69784362972	0.698947182387	0.69483106436	0.697882777175	0.687106209567	0.692622636888	0.703445593774	0.673602328977	0.666914988317	0.692741396345	0.667367340158	0.686980115336	0.696304863533	0.688823450332	0.683155262539	0.694240724443	0.692691415814
AB3	0.728607720193	0.737814521386	0.0	0.645022928623	0.722701262761	0.780365215008	0.748730340602	0.798406680053	0.74930901126	0.779376825737	0.769726445573	0.753852034826	0.744692068507	0.555653819874	0.717155039017	0.700205775373	0.78340390867	0.796100510522	0.790695487586	0.749325731257	0.769483107017	0.753821360626	0.769400903619	0.792875087278	0.760992330866	0.773480023922	0.765620928747	0.771726098486	0.758429852752	0.754499637277	0.798405778604	0.767091896064	0.754980289802	0.776561800651	0.759048871415	0.779283551668	0.760617452484	0.763559785025	0.776953427478	0.78726811687	0.778168151965	0.750551746266	0.742112838035	0.758741444873	0.817823825741	0.805599328666	0.783440476624	0.792127586367	0.752387491715	0.774082888618	0.763109927738	0.772195487838	0.782944733509	0.789160964806	0.765510595508	0.796833272539	0.761808151782	0.794963599498	0.763937804811	0.776212531003	0.756380872146	0.800960931419
AB4	0.679307973328	0.656512125412	0.645022928623	0.0	0.689364487648	0.703886637174	0.71124763572	0.729250655565	0.702352923082	0.705149041926	0.702669257537	0.682592777757	0.546111036901	0.475686499616	0.693753354022	0.661812415981	0.725958130944	0.724322126133	0.807681328879	0.715652688281	0.74873303755	0.707396300353	0.724410467154	0.73316610291	0.79577978932	0.724521735999	0.697327578964	0.710048788104	0.714006306701	0.708778284096	0.784633156269	0.730676892745	0.719130707439	0.72763117945	0.732296433807	0.717001779541	0.716973667463	0.70374907973	0.708174824954	0.720055630802	0.718422943047	0.702948813965	0.706023645253	0.70015880086	0.743073826922	0.735145099335	0.730690063622	0.7265448503	0.698721315438	0.720605739843	0.716833671244	0.732418880515	0.713521787117	0.711775861426	0.71397628118	0.713084365143	0.717348566003	0.735835117594	0.719899829906	0.701779975577	0.71639615111	0.720344141737
AC3	0.71422044377	0.703007677068	0.722701262761	0.689364487648	0.0	0.575875909936	0.701395744912	0.734248158658	0.697392337584	0.71009937345	0.72139392849	0.513558487081	0.713701361123	0.71239833689	0.699874056171	0.685169217539	0.720042759969	0.727746364187	0.795416275072	0.730013212161	0.739929094081	0.723849398912	0.749616487449	0.761287727211	0.762488324764	0.746034074105	0.744897281434	0.736901612389	0.740028020161	0.727098615747	0.767782837618	0.735634813708	0.701847951903	0.725924096594	0.723393241598	0.724341825458	0.720904320436	0.71464008222	0.709857609218	0.704484458458	0.70869202118	0.693750476553	0.706071913115	0.7096759823	0.752093201268	0.733657231232	0.738475112489	0.744987512095	0.7118200662	0.713188355162	0.704721843207	0.720682438748	0.724177502745	0.726168004035	0.711087739045	0.72691946196	0.72922813354	0.733600389119	0.721607389462	0.708006955973	0.71121140365	0.746010977442
AC4	0.720569714156	0.679956206148	0.780365215008	0.703886637174	0.575875909936	0.0	0.701601865978	0.673681475053	0.697126549939	0.674897969634	0.619893934354	0.457972780895	0.72535528793	0.742333496881	0.714071049922	0.674771615198	0.713795032904	0.699764282203	0.836718364203	0.722619353255	0.756530764855	0.710582687915	0.728041542203	0.724238301633	0.821151391735	0.717855770755	0.712836364157	0.70212364253	0.727165907799	0.703185793225	0.784724581548	0.708477295787	0.711707126591	0.694803823149	0.729059435485	0.699009469828	0.720894681314	0.678239396941	0.674653024911	0.696073528006	0.679191791287	0.693875388258	0.696040417906	0.697357517776	0.706781042304	0.694002143726	0.758503867149	0.717696492635	0.728800521698	0.702773681592	0.724425113054	0.72528153631	0.711411471452	0.705537846441	0.715603843438	0.703457919646	0.718601809835	0.709017157554	0.718544849938	0.702458071067	0.714820743396	0.706631474555
AD3	0.709589404747	0.690165802879	0.748730340602	0.71124763572	0.701395744912	0.701601865978	0.0	0.570762763592	0.692720441581	0.485910725059	0.725998944189	0.68307812382	0.727520903953	0.715089002972	0.709834436142	0.681987688146	0.736815851314	0.727583916646	0.8097927828	0.722746867742	0.737957916958	0.707331085623	0.738396357668	0.74839465587	0.765162362493	0.716449177416	0.719436072635	0.708159357932	0.74342293894	0.710310256685	0.750329929768	0.723642545752	0.712029902339	0.685758107313	0.701590040922	0.712295839823	0.702021921171	0.702021930872	0.671801352549	0.683844534098	0.671073829122	0.69951047711	0.704738385746	0.714159495342	0.731620117078	0.717911510878	0.712992408076	0.705862221157	0.69564802812	0.680119100726	0.709642966493	0.702356976102	0.705246846384	0.704043933675	0.710183360679	0.712048016918	0.700245239391	0.705626363691	0.707427414098	0.685272213032	0.715538608376	0.694605796255
AD4	0.747706720982	0.694336936178	0.798406680053	0.729250655565	0.734248158658	0.673681475053	0.570762763592	0.0	0.689853217515	0.497212965258	0.761661268575	0.68632951448	0.766901610665	0.764807086082	0.74959766414	0.712962875961	0.746525446302	0.730660412223	0.866305977082	0.726359071568	0.798384509978	0.732876572384	0.754251028643	0.725613281588	0.848989716489	0.724387675978	0.72027780174	0.709994980852	0.730729034307	0.705131851327	0.816925640716	0.726304270489	0.753720189581	0.730927284219	0.772841284272	0.709794816084	0.747087883563	0.703658378122	0.675171247256	0.715643659412	0.67998914208	0.710482683496	0.707326479704	0.720724024891	0.732438706299	0.71236723215	0.757029761094	0.710451818822	0.754174900528	0.727165720842	0.750109837451	0.74643518784	0.725322605747	0.71495078394	0.739086916006	0.711191781464	0.757119766404	0.716529732581	0.746714228826	0.713659459575	0.767171078858	0.677997890949
AE3	0.672226577534	0.691867232161	0.74930901126	0.702352923082	0.697392337584	0.697126549939	0.692720441581	0.689853217515	0.0	0.652651626912	0.67744650464	0.686046377343	0.689330642195	0.718006632687	0.691444841874	0.682582034621	0.679459842275	0.699591774028	0.814339197788	0.723940764522	0.744887011153	0.724172102711	0.683901526037	0.725749658974	0.785854300736	0.707327394109	0.685003215072	0.722060401192	0.68033723613	0.696892598638	0.762168295875	0.710329897053	0.639095583431	0.707109126153	0.707872843531	0.728145292508	0.66695680537	0.711159615255	0.697242228334	0.71514478522	0.704430475638	0.693717656506	0.715896341889	0.703494686883	0.740002969009	0.736701056023	0.723263412525	0.740771615318	0.715829505889	0.720862195712	0.710381299365	0.730436045017	0.695073782871	0.715080247347	0.679282249233	0.717935292086	0.711190281801	0.736870541783	0.721918869354	0.719174870756	0.674459222626	0.751277288026
AE4	0.723364757647	0.68048571459	0.779376825737	0.705149041926	0.71009937345	0.674897969634	0.485910725059	0.497212965258	0.652651626912	0.0	0.73134257063	0.671337907171	0.746055774462	0.735618105014	0.72237690211	0.692985318211	0.730663445909	0.717533606821	0.839873162837	0.705189101106	0.768028105519	0.720066281885	0.737045212509	0.727109070029	0.812277205903	0.706208189449	0.714431534602	0.701779256049	0.718622094702	0.689528854726	0.78213048652	0.712139524279	0.72687134346	0.701305175403	0.735221705393	0.695187100991	0.723546584762	0.684319536389	0.654676749504	0.685921796913	0.657652913892	0.683407597775	0.691075710483	0.694885400268	0.721334188558	0.706219975644	0.730429643899	0.690777532938	0.727728996542	0.700120319968	0.72353179407	0.723682734541	0.710381416732	0.703245051573	0.715857706592	0.703975697096	0.71988810957	0.706140301281	0.716415527645	0.690439761471	0.734129832911	0.674921684023
AF3	0.682065347488	0.704444502349	0.769726445573	0.702669257537	0.72139392849	0.619893934354	0.725998944189	0.761661268575	0.67744650464	0.73134257063	0.0	0.615912611779	0.691160946397	0.718636579623	0.70050477904	0.692720410323	0.698858053098	0.719319799317	0.797801948241	0.731886759519	0.699179642061	0.728259613406	0.705552612417	0.741995450468	0.787822069713	0.740147447478	0.718101702295	0.73578025928	0.730468816629	0.723018654392	0.730319644983	0.728685269661	0.652355029191	0.700182260807	0.688415467317	0.72585300398	0.676830460132	0.713176111294	0.710794326831	0.714751325064	0.719884089394	0.724641114857	0.734466880072	0.712037590687	0.732967976007	0.726307756629	0.731035526963	0.740527093357	0.709439270152	0.740025439813	0.72538990751	0.729341075159	0.715914546801	0.736189896852	0.706721049726	0.741668948281	0.699698955646	0.750116992494	0.704893279358	0.739766988366	0.667333391856	0.754854843377
AF4	0.705728122617	0.664013452053	0.753852034826	0.682592777757	0.513558487081	0.457972780895	0.68307812382	0.68632951448	0.686046377343	0.671337907171	0.615912611779	0.0	0.710021089236	0.72539974637	0.702046219857	0.666204480179	0.706949411045	0.699083200843	0.822291474549	0.717421293226	0.739519511706	0.70392155931	0.727623466778	0.727924892309	0.795683691212	0.711225914121	0.71442659257	0.698033108547	0.719584938013	0.694743068682	0.77661833962	0.711266026276	0.682565937604	0.677898372688	0.704822415654	0.693689192007	0.709002329715	0.676954127697	0.682555369565	0.681877431977	0.678809423607	0.677566711867	0.686872068328	0.687758038262	0.698636376198	0.682118771079	0.728355858984	0.712528628633	0.708781039173	0.69474232784	0.693075962577	0.705106506704	0.693678745027	0.700196251048	0.705917473599	0.696829359738	0.708471709227	0.694062910924	0.709699079244	0.679969580004	0.701067102262	0.702973661398
AG3	0.676050102502	0.699870334274	0.744692068507	0.546111036901	0.713701361123	0.72535528793	0.727520903953	0.766901610665	0.689330642195	0.746055774462	0.691160946397	0.710021089236	0.0	0.555737983851	0.707702226269	0.687099849082	0.70550680027	0.711817421396	0.802328078531	0.731498716905	0.705358779173	0.726214986638	0.707893104648	0.738333061565	0.757531377262	0.721951558351	0.712089440448	0.737403762193	0.714645398457	0.721280576342	0.752956115986	0.741366593893	0.692900706288	0.712002277744	0.709724248918	0.718097703688	0.704643078388	0.721677692491	0.72019533393	0.723826678948	0.726018571771	0.7073981457	0.716962155334	0.710363266922	0.738503839782	0.727040947416	0.713592153403	0.74441818679	0.677901570096	0.722299350631	0.711848203515	0.728847477557	0.71155936397	0.718722757955	0.701010498912	0.717965170749	0.720431467223	0.753496548118	0.710117197197	0.719182239205	0.700232566106	0.750798777536
AG4	0.683765817212	0.690169751008	0.555653819874	0.475686499616	0.71239833689	0.742333496881	0.715089002972	0.764807086082	0.718006632687	0.735618105014	0.718636579623	0.72539974637	0.555737983851	0.0	0.70645279546	0.652677615249	0.763823435978	0.764657307387	0.787187882539	0.719983367294	0.745200218218	0.722145975821	0.736760661932	0.760615437004	0.770708882362	0.739753678377	0.727033494976	0.741462322082	0.726542945417	0.723527319479	0.779135120056	0.753378661091	0.73335278545	0.730328001596	0.708225131003	0.733566378318	0.719589871415	0.723079513489	0.726348927905	0.734784822655	0.728097900009	0.720896793324	0.718984960194	0.719851707826	0.767819568354	0.76098428791	0.729988004829	0.740940642421	0.692160528113	0.716392449366	0.713960505301	0.720735256751	0.729305791649	0.726514760975	0.728872840874	0.742513160485	0.719178940294	0.743494637845	0.717870062941	0.722637304712	0.712606207721	0.752093525421
AH3	0.701200871157	0.588892353761	0.717155039017	0.693753354022	0.699874056171	0.714071049922	0.709834436142	0.74959766414	0.691444841874	0.72237690211	0.70050477904	0.702046219857	0.707702226269	0.70645279546	0.0	0.594334877233	0.71535556472	0.739110590156	0.81326484767	0.739412243179	0.743083923141	0.734361563417	0.712266118349	0.746551408471	0.77478735108	0.728730378291	0.717496725896	0.734750627112	0.741314034249	0.733423185366	0.781391443125	0.737794710924	0.688868900835	0.734560242741	0.719965370375	0.715443592741	0.699637588948	0.722320128152	0.707195313891	0.719245220361	0.70822839133	0.717154972675	0.72141937183	0.705428112828	0.747356725044	0.736969357393	0.717695065372	0.732151428588	0.718058622385	0.718366805324	0.722520488635	0.742363373305	0.726236294354	0.717060908524	0.703791262661	0.722690058287	0.728591871941	0.747695871692	0.725948736164	0.724942762219	0.707847941263	0.745282220256
AH4	0.558917112826	0.481628536043	0.700205775373	0.661812415981	0.685169217539	0.674771615198	0.681987688146	0.712962875961	0.682582034621	0.692985318211	0.692720410323	0.666204480179	0.687099849082	0.652677615249	0.594334877233	0.0	0.712174670591	0.710219845722	0.810619709048	0.708471872696	0.734078122728	0.695411988034	0.707291473799	0.719028538278	0.776637830065	0.697412191768	0.681516560755	0.695662933973	0.699983089565	0.690050997132	0.771584531901	0.710128230481	0.679576384823	0.692141747901	0.680564222393	0.677604973311	0.693971856754	0.683130778077	0.669367044516	0.690800010199	0.671795901721	0.684201838157	0.691153769617	0.679817736285	0.7133575408	0.699552853912	0.690813030613	0.686641550973	0.685276407432	0.681365861117	0.675952602032	0.693953034069	0.67962984514	0.667890171033	0.680523281022	0.68104867988	0.683511976257	0.69759720865	0.681024006616	0.673362779399	0.677846670513	0.687059153524
AA7	0.699694299765	0.718297644169	0.78340390867	0.725958130944	0.720042759969	0.713795032904	0.736815851314	0.746525446302	0.679459842275	0.730663445909	0.698858053098	0.706949411045	0.70550680027	0.763823435978	0.71535556472	0.712174670591	0.0	0.573307596739	0.832770383542	0.723832237773	0.691922694899	0.709504422164	0.700561035658	0.726059220323	0.776245916176	0.713111367036	0.688894301669	0.695550336478	0.700500482581	0.697460294114	0.747167287511	0.614394598724	0.682107373236	0.741108102527	0.743127575276	0.75194211245	0.69692514034	0.721824122942	0.731802269608	0.754439363465	0.74201895342	0.728742780732	0.742908220881	0.739710024458	0.749155410122	0.744866014801	0.768190699244	0.757598913667	0.731734738246	0.757279811231	0.727841817976	0.763180800202	0.710773640093	0.729118834229	0.712883604814	0.730201001449	0.752015195908	0.764726506768	0.764503721361	0.747323013248	0.719291527244	0.752017565869
AA8	0.711405435355	0.717816949657	0.796100510522	0.724322126133	0.727746364187	0.699764282203	0.727583916646	0.730660412223	0.699591774028	0.717533606821	0.719319799317	0.699083200843	0.711817421396	0.764657307387	0.739110590156	0.710219845722	0.573307596739	0.0	0.832938269856	0.687806716128	0.688878530894	0.682728317173	0.706541644512	0.707046482945	0.779326253608	0.698698963615	0.685742907537	0.666320645129	0.687262381416	0.681299983253	0.631850435611	0.530167958472	0.712620407154	0.736194369117	0.752310374436	0.744686057919	0.72240888387	0.722800392074	0.726553430505	0.722272383868	0.721059046489	0.735854066904	0.734285592906	0.737402126359	0.735640843457	0.72985398088	0.754592937129	0.737828749108	0.735028344033	0.739345880725	0.738128065372	0.76062840336	0.714656802685	0.706751778361	0.71492067704	0.712078561914	0.758356836059	0.758099983567	0.765322279505	0.737581616099	0.733723263226	0.734474255868
AB7	0.808060358953	0.828465503808	0.790695487586	0.807681328879	0.795416275072	0.836718364203	0.8097927828	0.866305977082	0.814339197788	0.839873162837	0.797801948241	0.822291474549	0.802328078531	0.787187882539	0.81326484767	0.810619709048	0.832770383542	0.832938269856	0.0	0.702930509208	0.77139664986	0.79444587413	0.826493000934	0.84733875243	0.758171075678	0.829418507246	0.822583021745	0.821890608978	0.800938799696	0.714532100986	0.775903321163	0.812052797678	0.814017809912	0.815773565971	0.802828966949	0.842803376155	0.808156941978	0.828392928077	0.844369882318	0.842066090721	0.847143078777	0.805461246955	0.823411122104	0.828932417456	0.848929656442	0.848902572666	0.840824703371	0.850819298598	0.820004481298	0.832107112831	0.832786553681	0.825752493996	0.837837549571	0.850108715189	0.822082781589	0.852633811622	0.818705775857	0.850235762406	0.829617221638	0.840581189519	0.811088913123	0.861092607751
AB8	0.724065515709	0.724484954464	0.749325731257	0.715652688281	0.730013212161	0.722619353255	0.722746867742	0.726359071568	0.723940764522	0.705189101106	0.731886759519	0.717421293226	0.731498716905	0.719983367294	0.739412243179	0.708471872696	0.723832237773	0.687806716128	0.702930509208	0.0	0.713967416243	0.661836682452	0.726421027573	0.705664042108	0.771741831012	0.703467770355	0.690008580594	0.665214251762	0.579295625023	0.519384507715	0.748521052676	0.674926008159	0.739534660644	0.724073074137	0.744054362974	0.711713973126	0.725207708381	0.716605550976	0.723046897143	0.727940121479	0.722252977611	0.729802627885	0.723316720262	0.713461110881	0.739132895349	0.716883193435	0.760424815175	0.728868498417	0.726467911235	0.733045368916	0.722576406386	0.749999465329	0.716036355995	0.711609029409	0.728511622074	0.716614849448	0.741013454616	0.745525013654	0.738599405153	0.728831919889	0.729254696619	0.732037797677
AC7	0.726371676922	0.750584754162	0.769483107017	0.74873303755	0.739929094081	0.756530764855	0.737957916958	0.798384509978	0.744887011153	0.768028105519	0.699179642061	0.739519511706	0.705358779173	0.745200218218	0.743083923141	0.734078122728	0.691922694899	0.688878530894	0.77139664986	0.713967416243	0.0	0.581147411272	0.722436356989	0.748845650062	0.710610578146	0.732654434163	0.725512487066	0.623399002863	0.69820846195	0.709969502389	0.673228531247	0.708986436834	0.720013167419	0.719060490468	0.740581138293	0.781964551426	0.724903204267	0.7556290719	0.761869753326	0.765260630192	0.764552643657	0.755410497029	0.769791450808	0.753594766804	0.754301437209	0.741941733546	0.769887703268	0.780017078645	0.715338540283	0.763262799276	0.760518935121	0.764642933735	0.745211450925	0.741382953994	0.720992651509	0.754509995237	0.760363047458	0.779012148096	0.766145753185	0.768214472303	0.718022761871	0.788845488546
AC8	0.716550647276	0.704866904942	0.753821360626	0.707396300353	0.723849398912	0.710582687915	0.707331085623	0.732876572384	0.724172102711	0.720066281885	0.728259613406	0.70392155931	0.726214986638	0.722145975821	0.734361563417	0.695411988034	0.709504422164	0.682728317173	0.79444587413	0.661836682452	0.581147411272	0.0	0.709550046607	0.691649749854	0.754998639654	0.686243243731	0.544577802192	0.467242158852	0.680802066154	0.653214649617	0.736930488657	0.669513984159	0.724401415904	0.687008967871	0.739555370571	0.724424495369	0.717963897545	0.710399416086	0.704949730452	0.733980096906	0.719110965896	0.722415552216	0.720565177049	0.715126434595	0.715699344513	0.702315559627	0.737076107357	0.718466177135	0.703251910652	0.721916599251	0.714480748337	0.709163127612	0.70544225038	0.697637153334	0.696140737522	0.696947376847	0.720852488413	0.711017182595	0.718423462612	0.716553573544	0.703281846601	0.718490938817
AD7	0.702856012171	0.720595953944	0.769400903619	0.724410467154	0.749616487449	0.728041542203	0.738396357668	0.754251028643	0.683901526037	0.737045212509	0.705552612417	0.727623466778	0.707893104648	0.736760661932	0.712266118349	0.707291473799	0.700561035658	0.706541644512	0.826493000934	0.726421027573	0.722436356989	0.709550046607	0.0	0.583906860189	0.766193983486	0.595794879929	0.692009683194	0.708829836949	0.697164634282	0.712936826366	0.743266011612	0.706163285634	0.688593698847	0.719648748205	0.756593561607	0.740588399932	0.713913022407	0.724874166746	0.71481335879	0.738404715606	0.723112499572	0.724414311595	0.736738259828	0.729587812556	0.717524084483	0.710776380627	0.746341561727	0.737248464025	0.714060680764	0.74201840433	0.716638935945	0.748473990468	0.717626991291	0.714615969696	0.68665647997	0.730046805779	0.727046539103	0.746416533271	0.733019714005	0.73297528349	0.692325627504	0.743785608746
AD8	0.728887772552	0.723946174605	0.792875087278	0.73316610291	0.761287727211	0.724238301633	0.74839465587	0.725613281588	0.725749658974	0.727109070029	0.741995450468	0.727924892309	0.738333061565	0.760615437004	0.746551408471	0.719028538278	0.726059220323	0.707046482945	0.84733875243	0.705664042108	0.748845650062	0.691649749854	0.583906860189	0.0	0.721238818681	0.517700281193	0.657648033418	0.683161438328	0.686327309425	0.692282321647	0.781886729463	0.709068057089	0.738481341312	0.732446120753	0.781039018723	0.734297742578	0.739970811193	0.724117843791	0.724847726756	0.744391776301	0.730129609041	0.733427007402	0.735411692347	0.720958320681	0.725850775187	0.716969517563	0.759981597425	0.739691147308	0.740138293922	0.748585776075	0.73324388775	0.761356761487	0.717159033378	0.716726023117	0.722171692181	0.719401103034	0.750497939082	0.748286940436	0.74289235623	0.737549608205	0.730884918393	0.728469964384
AE7	0.78386663004	0.803010829563	0.760992330866	0.79577978932	0.762488324764	0.821151391735	0.765162362493	0.848989716489	0.785854300736	0.812277205903	0.787822069713	0.795683691212	0.757531377262	0.770708882362	0.77478735108	0.776637830065	0.776245916176	0.779326253608	0.758171075678	0.771741831012	0.710610578146	0.754998639654	0.766193983486	0.721238818681	0.0	0.660967410872	0.776956229288	0.773433673003	0.769327183904	0.782251479353	0.733300295907	0.747677348451	0.764511356232	0.780099633495	0.764486232513	0.815000591655	0.770135810852	0.811577212893	0.822594418769	0.810960146479	0.818050572709	0.805484012902	0.797180092377	0.796772887794	0.819442753551	0.819680102395	0.796968745273	0.826232264238	0.764802040494	0.808823833889	0.784181900673	0.806617003915	0.801718384788	0.812922074549	0.77988025302	0.820334416342	0.79861311597	0.837934790652	0.809134499657	0.816510415443	0.772248641898	0.844951360214
AE8	0.721253509016	0.709297237716	0.773480023922	0.724521735999	0.746034074105	0.717855770755	0.716449177416	0.724387675978	0.707327394109	0.706208189449	0.740147447478	0.711225914121	0.721951558351	0.739753678377	0.728730378291	0.697412191768	0.713111367036	0.698698963615	0.829418507246	0.703467770355	0.732654434163	0.686243243731	0.595794879929	0.517700281193	0.660967410872	0.0	0.669724118951	0.672007141966	0.680880711737	0.68557749604	0.766938657663	0.697632170389	0.719485324797	0.711210145426	0.760333610634	0.729182459284	0.732404548057	0.718589431331	0.726807579551	0.739876953104	0.725873836705	0.724605204415	0.721404936894	0.717903956893	0.725930936711	0.720278633793	0.754874779451	0.735300024479	0.726823309388	0.735058520731	0.727529393901	0.751013101059	0.71438705342	0.710437219386	0.716670855181	0.712462782113	0.733735960721	0.740167837144	0.743528334263	0.731764337603	0.725414945937	0.729261447781
AF7	0.693872006215	0.683522771075	0.765620928747	0.697327578964	0.744897281434	0.712836364157	0.719436072635	0.72027780174	0.685003215072	0.714431534602	0.718101702295	0.71442659257	0.712089440448	0.727033494976	0.717496725896	0.681516560755	0.688894301669	0.685742907537	0.822583021745	0.690008580594	0.725512487066	0.544577802192	0.692009683194	0.657648033418	0.776956229288	0.669724118951	0.0	0.534688487697	0.681736669914	0.667408934784	0.766976134905	0.68890148925	0.698089513289	0.717693230222	0.729320054156	0.715625287272	0.706689962463	0.70251442009	0.698413503017	0.720655621987	0.708427821735	0.710694925672	0.713382480458	0.708596497613	0.739023479076	0.726216305263	0.72967748541	0.714388832243	0.708656088915	0.725907071227	0.707020193255	0.726820497667	0.687230536637	0.693669450671	0.687227404014	0.690326785269	0.708527577731	0.73040742692	0.713477680219	0.715111247627	0.701184000892	0.709752350507
AF8	0.717513612151	0.696037793397	0.771726098486	0.710048788104	0.736901612389	0.70212364253	0.708159357932	0.709994980852	0.722060401192	0.701779256049	0.73578025928	0.698033108547	0.737403762193	0.741462322082	0.734750627112	0.695662933973	0.695550336478	0.666320645129	0.821890608978	0.665214251762	0.623399002863	0.467242158852	0.708829836949	0.683161438328	0.773433673003	0.672007141966	0.534688487697	0.0	0.679163773741	0.66135451256	0.752684797845	0.653046152688	0.730267591616	0.690043580956	0.743688653987	0.72691464019	0.718284964508	0.697163269311	0.705448127816	0.730467835382	0.714146569368	0.723533173173	0.719689924192	0.71608923388	0.713997611686	0.700959192724	0.749272752478	0.726447203878	0.715187963823	0.718312850902	0.722512192856	0.724955598458	0.698116696034	0.690943958779	0.707032293392	0.690259446829	0.725894703522	0.71678406739	0.733468919258	0.713672873142	0.709062562413	0.715020096601
AG7	0.721401785715	0.716316026926	0.758429852752	0.714006306701	0.740028020161	0.727165907799	0.74342293894	0.730729034307	0.68033723613	0.718622094702	0.730468816629	0.719584938013	0.714645398457	0.726542945417	0.741314034249	0.699983089565	0.700500482581	0.687262381416	0.800938799696	0.579295625023	0.69820846195	0.680802066154	0.697164634282	0.686327309425	0.769327183904	0.680880711737	0.681736669914	0.679163773741	0.0	0.549283185749	0.734165960337	0.689393589996	0.705675136807	0.721563586284	0.749074725441	0.724206311375	0.710141199059	0.719789268268	0.716862282504	0.730855061866	0.724879604205	0.725399397603	0.727624608642	0.715067172691	0.745410498391	0.724326209132	0.760912833585	0.744491389246	0.725889874909	0.743198044974	0.71370990887	0.7572478186	0.7082949293	0.712332145272	0.715526767213	0.715178842477	0.736940112686	0.749728006228	0.738672170511	0.735626680129	0.714772583654	0.739122639073
AG8	0.707040463741	0.701497618708	0.754499637277	0.708778284096	0.727098615747	0.703185793225	0.710310256685	0.705131851327	0.696892598638	0.689528854726	0.723018654392	0.694743068682	0.721280576342	0.723527319479	0.733423185366	0.690050997132	0.697460294114	0.681299983253	0.714532100986	0.519384507715	0.709969502389	0.653214649617	0.712936826366	0.692282321647	0.782251479353	0.68557749604	0.667408934784	0.66135451256	0.549283185749	0.0	0.755481857649	0.661804233493	0.702568825475	0.705672033503	0.733187726281	0.703401669538	0.69751669234	0.693228012373	0.704083110005	0.708969633624	0.708415988289	0.704847890392	0.710559923921	0.70016102223	0.720733753497	0.695821421258	0.750109042459	0.726192357447	0.711604498547	0.721526624574	0.708477228564	0.738209718965	0.700400310171	0.696247108939	0.708889459457	0.701829817089	0.722527030032	0.727846615815	0.728950286364	0.709879259275	0.714533437444	0.71986020361
AH7	0.764824148127	0.792363835644	0.798405778604	0.784633156269	0.767782837618	0.784724581548	0.750329929768	0.816925640716	0.762168295875	0.78213048652	0.730319644983	0.77661833962	0.752956115986	0.779135120056	0.781391443125	0.771584531901	0.747167287511	0.631850435611	0.775903321163	0.748521052676	0.673228531247	0.736930488657	0.743266011612	0.781886729463	0.733300295907	0.766938657663	0.766976134905	0.752684797845	0.734165960337	0.755481857649	0.0	0.637990492628	0.734055593123	0.779425683637	0.776121681942	0.804307131643	0.763757216183	0.791262989898	0.792618248834	0.787351404297	0.794966468132	0.783050759463	0.800984504396	0.791453646994	0.806946387701	0.802938741722	0.784835851229	0.796437068168	0.768287522795	0.793588283648	0.790252570079	0.797922398104	0.778261212483	0.783453495997	0.755442221032	0.792119392532	0.790591751944	0.824846450158	0.795708249616	0.800857510423	0.762236352689	0.796224704627
AH8	0.726363148041	0.715996191849	0.767091896064	0.730676892745	0.735634813708	0.708477295787	0.723642545752	0.726304270489	0.710329897053	0.712139524279	0.728685269661	0.711266026276	0.741366593893	0.753378661091	0.737794710924	0.710128230481	0.614394598724	0.530167958472	0.812052797678	0.674926008159	0.708986436834	0.669513984159	0.706163285634	0.709068057089	0.747677348451	0.697632170389	0.68890148925	0.653046152688	0.689393589996	0.661804233493	0.637990492628	0.0	0.712159247268	0.724107703971	0.751054394222	0.746546539035	0.721647181363	0.715653104527	0.717107571746	0.73028424021	0.72051572546	0.735019012372	0.72079897157	0.739780529117	0.732037358555	0.732597244683	0.75691987249	0.734382370186	0.741055445414	0.739410733673	0.73708918038	0.755102619798	0.721887785755	0.718746985391	0.725538854159	0.723168169162	0.742975117504	0.754816349905	0.753089777854	0.740982066273	0.724714975956	0.738835289298
AA5	0.683262263585	0.694561945335	0.754980289802	0.719130707439	0.701847951903	0.711707126591	0.712029902339	0.753720189581	0.639095583431	0.72687134346	0.652355029191	0.682565937604	0.692900706288	0.73335278545	0.688868900835	0.679576384823	0.682107373236	0.712620407154	0.814017809912	0.739534660644	0.720013167419	0.724401415904	0.688593698847	0.738481341312	0.764511356232	0.719485324797	0.698089513289	0.730267591616	0.705675136807	0.702568825475	0.734055593123	0.712159247268	0.0	0.614021523977	0.697512977613	0.720019828573	0.660122940795	0.688049440996	0.701312227848	0.715095065849	0.713854697171	0.678316305319	0.703433154694	0.699034979844	0.739823623792	0.677675746092	0.709925405929	0.736671615307	0.713304142482	0.717107283673	0.711205714573	0.732505984272	0.682403728826	0.719972051639	0.680421818958	0.726468957397	0.678424582941	0.741177771165	0.692405489108	0.71375944473	0.654173339206	0.745567976401
AA6	0.710930911863	0.692451283522	0.776561800651	0.72763117945	0.725924096594	0.694803823149	0.685758107313	0.730927284219	0.707109126153	0.701305175403	0.700182260807	0.677898372688	0.712002277744	0.730328001596	0.734560242741	0.692141747901	0.741108102527	0.736194369117	0.815773565971	0.724073074137	0.719060490468	0.687008967871	0.719648748205	0.732446120753	0.780099633495	0.711210145426	0.717693230222	0.690043580956	0.721563586284	0.705672033503	0.779425683637	0.724107703971	0.614021523977	0.0	0.701352507486	0.703504951386	0.674135402356	0.660680370379	0.686282770081	0.709843805142	0.690136254392	0.696576714324	0.682195956643	0.698179055515	0.523570410839	0.462878633545	0.71286839017	0.708990069669	0.684887380764	0.689693904221	0.690152700336	0.681033013248	0.698521774156	0.700871498886	0.704636249111	0.708788926164	0.678661264869	0.690417329615	0.690385927713	0.694544107556	0.669124928606	0.711260701688
AB5	0.715050794953	0.704957854447	0.759048871415	0.732296433807	0.723393241598	0.729059435485	0.701590040922	0.772841284272	0.707872843531	0.735221705393	0.688415467317	0.704822415654	0.709724248918	0.708225131003	0.719965370375	0.680564222393	0.743127575276	0.752310374436	0.802828966949	0.744054362974	0.740581138293	0.739555370571	0.756593561607	0.781039018723	0.764486232513	0.760333610634	0.729320054156	0.743688653987	0.749074725441	0.733187726281	0.776121681942	0.751054394222	0.697512977613	0.701352507486	0.0	0.556850705551	0.686218270158	0.705324741481	0.707143174577	0.692389874978	0.703046905176	0.72401051231	0.72820427047	0.706934754601	0.747064158692	0.72685694495	0.692017859973	0.733499612778	0.705854007127	0.725308863607	0.704642644696	0.705551125829	0.698213480407	0.719297730879	0.721017727355	0.728812439744	0.710104719105	0.735551842323	0.729568251804	0.731400725617	0.676288168462	0.746458677603
AB6	0.718325594039	0.692646776405	0.779283551668	0.717001779541	0.724341825458	0.699009469828	0.712295839823	0.709794816084	0.728145292508	0.695187100991	0.72585300398	0.693689192007	0.718097703688	0.733566378318	0.715443592741	0.677604973311	0.75194211245	0.744686057919	0.842803376155	0.711713973126	0.781964551426	0.724424495369	0.740588399932	0.734297742578	0.815000591655	0.729182459284	0.715625287272	0.72691464019	0.724206311375	0.703401669538	0.804307131643	0.746546539035	0.720019828573	0.703504951386	0.556850705551	0.0	0.703161937601	0.676992366333	0.681835544888	0.682938520945	0.671778833908	0.700885753949	0.684939211373	0.593268429541	0.713243587139	0.681571696622	0.703138161361	0.703226161782	0.705705874395	0.707338117804	0.703396965943	0.707066122015	0.704938571608	0.695625720086	0.707816106898	0.693217779287	0.712988167307	0.712436838086	0.702435991038	0.696036338037	0.708954765915	0.697058162025
AC5	0.676901929673	0.698557877692	0.760617452484	0.716973667463	0.720904320436	0.720894681314	0.702021921171	0.747087883563	0.66695680537	0.723546584762	0.676830460132	0.709002329715	0.704643078388	0.719589871415	0.699637588948	0.693971856754	0.69692514034	0.72240888387	0.808156941978	0.725207708381	0.724903204267	0.717963897545	0.713913022407	0.739970811193	0.770135810852	0.732404548057	0.706689962463	0.718284964508	0.710141199059	0.69751669234	0.763757216183	0.721647181363	0.660122940795	0.674135402356	0.686218270158	0.703161937601	0.0	0.602335591885	0.678156389689	0.695252457067	0.693483810488	0.713227110335	0.648148616389	0.687818437021	0.698781043148	0.691210198897	0.681234656064	0.720574063575	0.662152645558	0.704014893438	0.685121383971	0.691978939169	0.689269314127	0.690383663512	0.655151195621	0.701683038143	0.684774990233	0.715808641416	0.681120705419	0.710979141596	0.656546210736	0.734715213699
AC6	0.704801069138	0.675907595783	0.763559785025	0.70374907973	0.71464008222	0.678239396941	0.702021930872	0.703658378122	0.711159615255	0.684319536389	0.713176111294	0.676954127697	0.721677692491	0.723079513489	0.722320128152	0.683130778077	0.721824122942	0.722800392074	0.828392928077	0.716605550976	0.7556290719	0.710399416086	0.724874166746	0.724117843791	0.811577212893	0.718589431331	0.70251442009	0.697163269311	0.719789268268	0.693228012373	0.791262989898	0.715653104527	0.688049440996	0.660680370379	0.705324741481	0.676992366333	0.602335591885	0.0	0.677494242296	0.698443382247	0.680462792046	0.549503651956	0.500078758754	0.664705679491	0.69911122271	0.67721149829	0.707824787246	0.706719225312	0.682130894401	0.683302579742	0.698170487518	0.696879595888	0.704790923784	0.695120191295	0.712277099313	0.698891515074	0.67832486	0.701563139754	0.685763986701	0.67643228922	0.697453062947	0.698050750768
AD6	0.707462069539	0.681954803714	0.776953427478	0.708174824954	0.709857609218	0.674653024911	0.671801352549	0.675171247256	0.697242228334	0.654676749504	0.710794326831	0.682555369565	0.72019533393	0.726348927905	0.707195313891	0.669367044516	0.731802269608	0.726553430505	0.844369882318	0.723046897143	0.761869753326	0.704949730452	0.71481335879	0.724847726756	0.822594418769	0.726807579551	0.698413503017	0.705448127816	0.716862282504	0.704083110005	0.792618248834	0.717107571746	0.701312227848	0.686282770081	0.707143174577	0.681835544888	0.678156389689	0.677494242296	0.0	0.542726023091	0.44706151935	0.686266365909	0.684712599571	0.686117178637	0.690101959875	0.675650509147	0.703466973105	0.674401512161	0.688093364812	0.680641884566	0.695897710811	0.699043309829	0.67954758447	0.660657176997	0.681347495911	0.670707533462	0.687642597279	0.695289585173	0.675810332418	0.678656557141	0.669650837163	0.680582444317
AE5	0.717849790842	0.696768274889	0.78726811687	0.720055630802	0.704484458458	0.696073528006	0.683844534098	0.715643659412	0.71514478522	0.685921796913	0.714751325064	0.681877431977	0.723826678948	0.734784822655	0.719245220361	0.690800010199	0.754439363465	0.722272383868	0.842066090721	0.727940121479	0.765260630192	0.733980096906	0.738404715606	0.744391776301	0.810960146479	0.739876953104	0.720655621987	0.730467835382	0.730855061866	0.708969633624	0.787351404297	0.73028424021	0.715095065849	0.709843805142	0.692389874978	0.682938520945	0.695252457067	0.698443382247	0.542726023091	0.0	0.507654144192	0.712187711851	0.711522459745	0.656920139325	0.706026870172	0.69440271986	0.717097550964	0.712316033929	0.696506291906	0.691129449026	0.700541950562	0.716356884536	0.689051901056	0.677893411516	0.692767625789	0.68623106788	0.693857735751	0.714099229201	0.696463333741	0.69014178473	0.685876517611	0.718299701713
AE6	0.711037022532	0.682520862971	0.778168151965	0.718422943047	0.70869202118	0.679191791287	0.671073829122	0.67998914208	0.704430475638	0.657652913892	0.719884089394	0.678809423607	0.726018571771	0.728097900009	0.70822839133	0.671795901721	0.74201895342	0.721059046489	0.847143078777	0.722252977611	0.764552643657	0.719110965896	0.723112499572	0.730129609041	0.818050572709	0.725873836705	0.708427821735	0.714146569368	0.724879604205	0.708415988289	0.794966468132	0.72051572546	0.713854697171	0.690136254392	0.703046905176	0.671778833908	0.693483810488	0.680462792046	0.44706151935	0.507654144192	0.0	0.691305340754	0.677230979456	0.68785522909	0.687725674377	0.675082528642	0.715217438864	0.679742282133	0.688190987823	0.673414120788	0.696522901401	0.702717313921	0.686265091748	0.667280331118	0.695398499135	0.672805651629	0.69292665614	0.70378445791	0.689654176031	0.676317991004	0.681476633583	0.684443854432
AF5	0.714103079577	0.684976871375	0.750551746266	0.702948813965	0.693750476553	0.693875388258	0.69951047711	0.710482683496	0.693717656506	0.683407597775	0.724641114857	0.677566711867	0.7073981457	0.720896793324	0.717154972675	0.684201838157	0.728742780732	0.735854066904	0.805461246955	0.729802627885	0.755410497029	0.722415552216	0.724414311595	0.733427007402	0.805484012902	0.724605204415	0.710694925672	0.723533173173	0.725399397603	0.704847890392	0.783050759463	0.735019012372	0.678316305319	0.696576714324	0.72401051231	0.700885753949	0.713227110335	0.549503651956	0.686266365909	0.712187711851	0.691305340754	0.0	0.505703471416	0.67977862118	0.729117537849	0.71048982378	0.738275559815	0.731580029121	0.70891690859	0.696452534345	0.724284370112	0.738352094325	0.710505377821	0.728985351242	0.72761417459	0.727465406318	0.695832059339	0.73888059246	0.703629159928	0.685956141968	0.701513921095	0.726941134755
AF6	0.713430445869	0.680319904337	0.742112838035	0.706023645253	0.706071913115	0.696040417906	0.704738385746	0.707326479704	0.715896341889	0.691075710483	0.734466880072	0.686872068328	0.716962155334	0.718984960194	0.72141937183	0.691153769617	0.742908220881	0.734285592906	0.823411122104	0.723316720262	0.769791450808	0.720565177049	0.736738259828	0.735411692347	0.797180092377	0.721404936894	0.713382480458	0.719689924192	0.727624608642	0.710559923921	0.800984504396	0.72079897157	0.703433154694	0.682195956643	0.72820427047	0.684939211373	0.648148616389	0.500078758754	0.684712599571	0.711522459745	0.677230979456	0.505703471416	0.0	0.673479471396	0.712719445879	0.68557885526	0.722304757214	0.712394100584	0.706928645121	0.689888738871	0.713383746528	0.717212534456	0.715872911969	0.708053008526	0.722244405299	0.714845289517	0.69224830898	0.710691388147	0.692555944126	0.685288531963	0.716905387442	0.712532836891
