	AA3	AA4	AB3	AB4	AC3	AC4	AD3	AD4	AE3	AE4	AF3	AF4	AG3	AG4	AH3	AH4	AA7	AA8	AB7	AB8	AC7	AC8	AD7	AD8	AE7	AE8	AF7	AF8	AG7	AG8	AH7	AH8	AA5	AA6	AB5	AB6	AC5	AC6	AD6	AE5	AE6	AF5	AF6	AG5	AH5	AH6	AA1	AA2	AB1	AB2	AC1	AC2	AD1	AD2	AE1	AE2	AF1	AF2	AG1	AG2	AH1	AH2
AA3	0.0	0.494160218179	0.673232839394	0.638441382792	0.677594869779	0.671710620055	0.70373571594	0.684613190696	0.677366867596	0.697502160804	0.660647890057	0.688293142845	0.648325375297	0.658649446127	0.692105027949	0.487929843454	0.677691534994	0.688494565245	0.7497514093	0.689628276686	0.703760232452	0.697497675111	0.689680711858	0.707359305625	0.730682405682	0.709388861138	0.680484768661	0.69987837607	0.698623486721	0.689399297845	0.746098396245	0.720451207265	0.65444993682	0.692879375314	0.681586210228	0.700075764111	0.643880436168	0.653233957533	0.664639087403	0.669903935866	0.677063446901	0.680595514601	0.659295879748	0.664347060006	0.697770740749	0.691003753913	0.666825286655	0.691859957587	0.655253905648	0.705092502146	0.680452353992	0.686494621894	0.650395434281	0.664289877525	0.680956780737	0.672126056657	0.667526933046	0.688509677127	0.656370941105	0.695945305777	0.644461852391	0.688117234788
AA4	0.494160218179	0.0	0.677759833472	0.625311256609	0.652899777067	0.63796647644	0.662546191049	0.653214415651	0.683135959256	0.655968865188	0.654960828261	0.645297878019	0.658421172258	0.6525575637	0.496838684352	0.370352713891	0.686927217508	0.685051029415	0.762017431253	0.676068783876	0.709379886009	0.664119043282	0.682376333997	0.69431929492	0.725848360024	0.681278461274	0.651462230075	0.66345269906	0.678946240284	0.672175384149	0.75225702979	0.701064610603	0.662782022222	0.682668263222	0.66615804251	0.636177684464	0.661123254225	0.64432714318	0.629983414754	0.647071964582	0.646094768485	0.662646044927	0.645711755581	0.651942854655	0.672335206971	0.666917172827	0.659040107601	0.659332943969	0.651170871498	0.659520020819	0.664839796875	0.673040975087	0.657093910461	0.642439170598	0.660551414579	0.644971739537	0.644173256013	0.660178742606	0.643745936863	0.649512555055	0.648660369507	0.643607324106
AB3	0.673232839394	0.677759833472	0.0	0.67890295119	0.695507458128	0.72053268929	0.731184842103	0.728657447347	0.703056975698	0.744414369879	0.683040031535	0.737777309112	0.711540668362	0.601799992796	0.680466164843	0.690161795767	0.703914176415	0.719630910554	0.680064087005	0.680467669824	0.707604973735	0.735264620677	0.724264129666	0.738347561182	0.71751039927	0.744443258311	0.702158585885	0.738465362346	0.678587580398	0.671566904342	0.722527895361	0.748067474757	0.703626493674	0.761988513788	0.700591996704	0.717644733195	0.701548688077	0.722283695097	0.744976041014	0.737544111932	0.758683482225	0.698112808698	0.689367944266	0.729191496976	0.769187233665	0.761286775686	0.753806315132	0.751214260622	0.707957000168	0.760631634291	0.741113435055	0.762880807355	0.733982327637	0.741031806002	0.725983870759	0.746995312393	0.750580745598	0.766369183476	0.757132167564	0.757088288596	0.720735785953	0.743362840522
AB4	0.638441382792	0.625311256609	0.67890295119	0.0	0.690926338064	0.683578879073	0.693123549608	0.674150291604	0.680351134699	0.694306375899	0.689208839653	0.695154026874	0.431600914525	0.470448650399	0.667646617896	0.645591831331	0.692340525178	0.700399794557	0.751715722744	0.690043881568	0.700288465938	0.681398898722	0.685697678372	0.701884315508	0.721902333587	0.700128892307	0.667172961002	0.685555634206	0.689480156885	0.681523311538	0.740390373481	0.716130994275	0.685315185544	0.700666623554	0.697041604888	0.69160491212	0.67391669381	0.673244955063	0.675605878564	0.700181227097	0.700179248339	0.649820507649	0.647213469692	0.681660557914	0.708633923699	0.701422621107	0.703517801112	0.69868827258	0.647760543354	0.690907820709	0.704294990596	0.705426567705	0.680702976783	0.682736936767	0.691293782257	0.686368824594	0.695054907292	0.708157577067	0.689615245165	0.685581445908	0.669916424816	0.687396900952
AC3	0.677594869779	0.652899777067	0.695507458128	0.690926338064	0.0	0.521357740752	0.678173751283	0.631746136009	0.660234793169	0.671800528288	0.686660306648	0.478775483803	0.694159157107	0.685283980065	0.663155197302	0.64799218886	0.688007015837	0.675337865148	0.748810159421	0.68039553618	0.703385597374	0.695665814954	0.701775702177	0.715592463811	0.709268063581	0.703789025479	0.70220443727	0.6909899841	0.688303701049	0.680568420639	0.731845267118	0.713195546421	0.665545942489	0.69022493539	0.696252551519	0.677199937571	0.684062442042	0.676439932012	0.671499252074	0.657096824422	0.656240472372	0.664380371348	0.64267822482	0.66226170562	0.707805532501	0.695590830818	0.713643372594	0.696576710791	0.692148816193	0.667038532527	0.677098108041	0.705943650895	0.687359332739	0.676301661375	0.685399648814	0.691427742673	0.693111323284	0.687153977073	0.690846858655	0.666871954167	0.681931124279	0.687804524043
AC4	0.671710620055	0.63796647644	0.72053268929	0.683578879073	0.521357740752	0.0	0.66893623819	0.626287139251	0.667985426679	0.668832267386	0.508297703741	0.405152176971	0.668906864271	0.689175794307	0.675159767625	0.628208692142	0.670734233381	0.665119431736	0.752952463743	0.679404316539	0.709864624572	0.681869765709	0.696922560708	0.701489150264	0.744859682126	0.700866277944	0.669510982228	0.683815680736	0.692141345321	0.665121223626	0.737211145519	0.700714828026	0.672524779635	0.68780505581	0.669157831421	0.658535522994	0.678258680031	0.65108201036	0.642812007933	0.661691266751	0.651650059556	0.661640087366	0.641779584941	0.649828676952	0.693621653454	0.676701564525	0.716550248937	0.680686032094	0.687485043583	0.685119595886	0.682886704733	0.707280089484	0.698313794365	0.678327979067	0.694637217383	0.690509696293	0.683826132369	0.683418836978	0.676603791767	0.686225358167	0.68091371169	0.677800776474
AD3	0.70373571594	0.662546191049	0.731184842103	0.693123549608	0.678173751283	0.66893623819	0.0	0.45281140843	0.682966191907	0.336256300514	0.701291092881	0.645889859282	0.712101779824	0.710085694229	0.694356391948	0.671305373041	0.718496507697	0.680974833994	0.764451792488	0.671959640306	0.71597571439	0.676163549967	0.709530640695	0.705978674016	0.726819142209	0.677128068964	0.698697425656	0.683106238814	0.70274943469	0.666217851478	0.719685747504	0.702381817142	0.693081267852	0.671758833739	0.672850673608	0.66391681672	0.690835240993	0.67757767639	0.63162098724	0.639659093311	0.634229033005	0.679381871401	0.668528306338	0.69840071161	0.69206672077	0.686241050565	0.70373378391	0.674089564219	0.688833982273	0.670054460019	0.688703035877	0.681261726476	0.670187810316	0.677486512644	0.698422598466	0.682138900373	0.679402693569	0.682978036205	0.696354663952	0.668717446299	0.703454969622	0.664720992594
AD4	0.684613190696	0.653214415651	0.728657447347	0.674150291604	0.631746136009	0.626287139251	0.45281140843	0.0	0.588256378091	0.433029463232	0.681045774441	0.622509846927	0.674671596294	0.686370321145	0.681428589013	0.653012176005	0.682496388576	0.668850737658	0.773561553631	0.67449463667	0.707523694691	0.686098185692	0.674048208374	0.665845405441	0.73121835901	0.657623396452	0.684099332584	0.679619597608	0.656239910842	0.656725706954	0.738673713095	0.694966368066	0.666778824292	0.654207686563	0.650733346497	0.648391068097	0.663342517101	0.651917831391	0.598699975376	0.613403501496	0.611714368687	0.66139042184	0.623087151287	0.658487149186	0.675523455131	0.667836587872	0.674988338597	0.635757629297	0.663459678087	0.659248462235	0.663747558132	0.656624031098	0.651004054217	0.642155422911	0.644438266138	0.652052104656	0.669061434668	0.66964774348	0.678086788826	0.660411082878	0.664160451619	0.647461620235
AE3	0.677366867596	0.683135959256	0.703056975698	0.680351134699	0.660234793169	0.667985426679	0.682966191907	0.588256378091	0.0	0.658640626549	0.664740159391	0.69696360812	0.661314038075	0.690853641691	0.654372914603	0.675840097603	0.654123090783	0.657721503595	0.769300165119	0.699134805623	0.71871620624	0.716524511891	0.631790683007	0.677670662106	0.736725567421	0.694740175116	0.680054232547	0.711977009937	0.659409618069	0.681082803029	0.728263783886	0.718203226406	0.626473403392	0.700533106602	0.699294574568	0.710768962687	0.651041906905	0.692015177553	0.67910775291	0.688020327677	0.67989659438	0.669567807362	0.657876765237	0.674711260723	0.73145285291	0.710760368402	0.700577517515	0.7173799006	0.70145751062	0.715909549212	0.705321293474	0.712240712535	0.696159345566	0.691728033006	0.663387619566	0.707994013595	0.704053448071	0.733983265336	0.697480531801	0.718301286799	0.669556114942	0.724505873135
AE4	0.697502160804	0.655968865188	0.744414369879	0.694306375899	0.671800528288	0.668832267386	0.336256300514	0.433029463232	0.658640626549	0.0	0.709107228668	0.643629100447	0.721433132069	0.716773863526	0.699838413984	0.669316222573	0.716849175814	0.680849781992	0.771929503447	0.660548881236	0.72246969001	0.669927653241	0.704026023837	0.697225171238	0.732892633628	0.675944547605	0.697557642078	0.674124373675	0.689154261461	0.656709956935	0.71855185578	0.697915395729	0.69852091323	0.675398077003	0.676475540975	0.672209163431	0.696285112808	0.681224813869	0.619299474406	0.641788071807	0.617926126475	0.693835942704	0.679355680602	0.686942322407	0.690793374279	0.681365308746	0.689223184325	0.661507834895	0.696070352317	0.670052173099	0.681009735518	0.672597372464	0.666280377207	0.662736371391	0.679951532104	0.670307004164	0.678498834817	0.680746319271	0.692586440525	0.660486341228	0.700300087027	0.668574366261
AF3	0.660647890057	0.654960828261	0.683040031535	0.689208839653	0.686660306648	0.508297703741	0.701291092881	0.681045774441	0.664740159391	0.709107228668	0.0	0.556027759427	0.668932864905	0.689796981622	0.663820670661	0.660439151699	0.683804574917	0.668941983556	0.74629796146	0.685067695139	0.686690427016	0.708958422876	0.666817712926	0.694255158819	0.757050549534	0.717802879057	0.688905990245	0.712378822904	0.689559032913	0.663087916037	0.709934452076	0.70813109827	0.642999864317	0.688670489172	0.670452546621	0.663329039442	0.644474072409	0.662296449896	0.662719335302	0.680182896754	0.679672032433	0.670995300134	0.664315046007	0.675401044287	0.68494320789	0.693390237047	0.712908782465	0.714813384347	0.683148719096	0.721973320733	0.699370903595	0.722730263883	0.701333942531	0.693998212326	0.703844285925	0.71338361092	0.688200303608	0.718698509061	0.679852807478	0.715041185905	0.663834348227	0.701785678916
AF4	0.688293142845	0.645297878019	0.737777309112	0.695154026874	0.478775483803	0.405152176971	0.645889859282	0.622509846927	0.69696360812	0.643629100447	0.556027759427	0.0	0.707349779605	0.705430888093	0.699060141039	0.662851876601	0.699050546048	0.681399567394	0.762208176165	0.683382840307	0.705740001058	0.669012618862	0.726409868365	0.711856685819	0.737163150263	0.705060934133	0.701511758511	0.676186872399	0.704393479467	0.666727933923	0.746471695317	0.70480676406	0.665468809583	0.662176245241	0.664587631997	0.652300315624	0.690822520945	0.656838824149	0.655906237899	0.647620509485	0.646946035834	0.674679992847	0.645141855844	0.672307347003	0.674345385631	0.666941224409	0.70939193744	0.691673583613	0.694410700446	0.678879682524	0.683512694383	0.700766074187	0.672630573809	0.673376842593	0.69756644809	0.677851200389	0.680371337883	0.666282446	0.689460583411	0.668888057224	0.682205402541	0.674811703131
AG3	0.648325375297	0.658421172258	0.711540668362	0.431600914525	0.694159157107	0.668906864271	0.712101779824	0.674671596294	0.661314038075	0.721433132069	0.668932864905	0.707349779605	0.0	0.507806911223	0.679803879354	0.662628860702	0.676054965403	0.682604137655	0.767250499967	0.710406102965	0.6980147359	0.712079194282	0.666807000265	0.69296917678	0.736302035218	0.70020378391	0.675250164502	0.708244355999	0.69360679329	0.702741517285	0.733813075357	0.717810608492	0.690713381434	0.71462557516	0.698676910473	0.687459947749	0.688923428403	0.692150750445	0.688438490164	0.697380155279	0.700351531171	0.664168595768	0.653579129621	0.678279838465	0.702299099588	0.699924156998	0.694863106709	0.702482172174	0.645559761307	0.695353233593	0.70844897879	0.716935606326	0.684709073106	0.674073544839	0.684883603784	0.694154448053	0.706704321552	0.721795400788	0.687407466015	0.695002592968	0.688640996405	0.69953728578
AG4	0.658649446127	0.6525575637	0.601799992796	0.470448650399	0.685283980065	0.689175794307	0.710085694229	0.686370321145	0.690853641691	0.716773863526	0.689796981622	0.705430888093	0.507806911223	0.0	0.666774164469	0.655125612805	0.710870932677	0.714586914431	0.730387745077	0.672627809688	0.709820617694	0.694884564968	0.694502436961	0.703406111593	0.700848912162	0.710556420724	0.68530741414	0.693270976175	0.673984658202	0.683629864653	0.761753363226	0.733686181012	0.716102913653	0.721580395121	0.687344812957	0.683012972147	0.663202242978	0.6824584661	0.685144934186	0.69489196464	0.699063912343	0.662375905955	0.659757810557	0.71497411512	0.722947770923	0.718215148338	0.701971092846	0.708259047007	0.661217255173	0.715666792676	0.698020475152	0.708590699619	0.674441788842	0.695801519291	0.714454257602	0.692500333573	0.712031493991	0.703073826503	0.712630400578	0.705407853048	0.68705959851	0.703716341567
AH3	0.692105027949	0.496838684352	0.680466164843	0.667646617896	0.663155197302	0.675159767625	0.694356391948	0.681428589013	0.654372914603	0.699838413984	0.663820670661	0.699060141039	0.679803879354	0.666774164469	0.0	0.542297739908	0.686246974938	0.688475255153	0.764877432251	0.701578654764	0.723500333511	0.707056476391	0.673664589323	0.707976404944	0.734820764622	0.699075054051	0.68722641912	0.700808656843	0.687005400597	0.701726912082	0.759481354864	0.719472605701	0.669098043676	0.725878677375	0.694913007502	0.679849382196	0.678584428792	0.692220012128	0.676983658796	0.693114197762	0.690934778861	0.687953421184	0.668685667281	0.683508540332	0.715840278908	0.706356529765	0.708342563598	0.708152113178	0.701382590617	0.699816597006	0.716333875852	0.730812150544	0.714123674795	0.684219971258	0.679039427265	0.697451946207	0.703052828288	0.71627415322	0.688734363876	0.699858942948	0.696466270074	0.70055947489
AH4	0.487929843454	0.370352713891	0.690161795767	0.645591831331	0.64799218886	0.628208692142	0.671305373041	0.653012176005	0.675840097603	0.669316222573	0.660439151699	0.662851876601	0.662628860702	0.655125612805	0.542297739908	0.0	0.682349837924	0.666941976786	0.766787985887	0.682999970072	0.715335002202	0.669993814527	0.661334274235	0.690909111316	0.732057432867	0.675744238365	0.64907478853	0.656333747437	0.67400441161	0.678834421325	0.740793987588	0.690638233256	0.662829263591	0.681979092487	0.671542624067	0.653742718933	0.6551031362	0.645943102788	0.627241365343	0.663452141511	0.645887314539	0.671563117573	0.637883584311	0.661717091079	0.683489241805	0.665839573384	0.661004866212	0.657883644414	0.64793970089	0.650983185132	0.66648808455	0.673440954159	0.648397236173	0.645815630721	0.652387765522	0.640691312807	0.653243987653	0.667784233625	0.642988204319	0.650659185128	0.646612078097	0.646933234454
AA7	0.677691534994	0.686927217508	0.703914176415	0.692340525178	0.688007015837	0.670734233381	0.718496507697	0.682496388576	0.654123090783	0.716849175814	0.683804574917	0.699050546048	0.676054965403	0.710870932677	0.686246974938	0.682349837924	0.0	0.52125562158	0.765752690813	0.699489773065	0.670754090283	0.693304727464	0.666980861501	0.681001673089	0.705056143117	0.698378052192	0.660590085554	0.686899454636	0.682794354414	0.672072387804	0.713293414915	0.589670248653	0.655708533229	0.729254380023	0.706421672293	0.714654511746	0.683150277927	0.713423643536	0.697960792615	0.738153635958	0.730499518041	0.700460776242	0.683043352334	0.701864258701	0.722338409719	0.716870172685	0.737996621793	0.728181644359	0.721688395438	0.750984093052	0.711980431729	0.73101064776	0.699311703764	0.706082768285	0.683033917562	0.708139153416	0.733507703855	0.753788886452	0.736705132611	0.745858407528	0.703240896773	0.70237441663
AA8	0.688494565245	0.685051029415	0.719630910554	0.700399794557	0.675337865148	0.665119431736	0.680974833994	0.668850737658	0.657721503595	0.680849781992	0.668941983556	0.681399567394	0.682604137655	0.714586914431	0.688475255153	0.666941976786	0.52125562158	0.0	0.762536577767	0.650347639786	0.638711857223	0.645752416282	0.655969365972	0.679873592522	0.702467204516	0.669299731195	0.6713194652	0.645995116508	0.660713065281	0.64439859908	0.549308069411	0.436778519769	0.671072050331	0.720954954263	0.714390370697	0.710614464043	0.6867311188	0.699479055605	0.693479209771	0.701245940783	0.698380372657	0.692470062475	0.697785382655	0.702451275709	0.710945659214	0.706133542111	0.71827796219	0.706263646458	0.708279717261	0.715211370301	0.70909992535	0.727405104158	0.691823014448	0.690685251812	0.675148030114	0.693984422686	0.725297893663	0.727777237187	0.733209997914	0.722012921274	0.698279598956	0.697636274719
AB7	0.7497514093	0.762017431253	0.680064087005	0.751715722744	0.748810159421	0.752952463743	0.764451792488	0.773561553631	0.769300165119	0.771929503447	0.74629796146	0.762208176165	0.767250499967	0.730387745077	0.764877432251	0.766787985887	0.765752690813	0.762536577767	0.0	0.566736385555	0.745151803754	0.761824656186	0.778534188852	0.785784404532	0.739281195431	0.782055904779	0.766989712768	0.770905987615	0.74813327294	0.592691332812	0.754635164249	0.771384017882	0.775151319991	0.780202610926	0.769209623454	0.778834196996	0.761591104435	0.764218549511	0.781411396183	0.78256652118	0.796164204595	0.716884286795	0.731789250991	0.778632771017	0.795298719156	0.796627340344	0.812940775877	0.812836722605	0.771475805658	0.793969098169	0.801044107345	0.806525486043	0.793488691872	0.791970190218	0.785263448415	0.79636528015	0.793961938669	0.806642692244	0.801075214006	0.792620553427	0.778631473162	0.808228550923
AB8	0.689628276686	0.676068783876	0.680467669824	0.690043881568	0.68039553618	0.679404316539	0.671959640306	0.67449463667	0.699134805623	0.660548881236	0.685067695139	0.683382840307	0.710406102965	0.672627809688	0.701578654764	0.682999970072	0.699489773065	0.650347639786	0.566736385555	0.0	0.658413455695	0.633156760955	0.691015727749	0.688726254163	0.69606008741	0.675606095292	0.681179042719	0.645094298834	0.527733828494	0.392982966945	0.679618904173	0.641041251853	0.698366808116	0.696998382941	0.693193973358	0.684497471555	0.685411107316	0.676921460424	0.671196957807	0.672335392352	0.680017843201	0.672475257678	0.674096923409	0.686686468061	0.709523017426	0.704208884097	0.735822863362	0.705698786742	0.702292140992	0.710047188393	0.706545764023	0.731733877489	0.67630979704	0.685127794296	0.700945482783	0.677535102143	0.70301531156	0.724055273287	0.715846115839	0.705825346014	0.682655838908	0.70150049531
AC7	0.703760232452	0.709379886009	0.707604973735	0.700288465938	0.703385597374	0.709864624572	0.71597571439	0.707523694691	0.71871620624	0.72246969001	0.686690427016	0.705740001058	0.6980147359	0.709820617694	0.723500333511	0.715335002202	0.670754090283	0.638711857223	0.745151803754	0.658413455695	0.0	0.521608399674	0.688243082564	0.686869713725	0.695980702075	0.698575780655	0.692390402615	0.566913129775	0.65316012246	0.632568370582	0.672622855676	0.660142507149	0.715056632637	0.700887797938	0.729607302585	0.734129655818	0.717345286929	0.728928190203	0.70562650222	0.723576175401	0.732049721755	0.728526274582	0.722710669233	0.721526654785	0.697594246762	0.694506371575	0.747728357435	0.751023065948	0.721806812732	0.739791224889	0.740815435416	0.75955540813	0.708412376529	0.691874190652	0.69654666892	0.715097511147	0.750980066582	0.737961476643	0.746477956384	0.737345056558	0.698283748098	0.729425099528
AC8	0.697497675111	0.664119043282	0.735264620677	0.681398898722	0.695665814954	0.681869765709	0.676163549967	0.686098185692	0.716524511891	0.669927653241	0.708958422876	0.669012618862	0.712079194282	0.694884564968	0.707056476391	0.669993814527	0.693304727464	0.645752416282	0.761824656186	0.633156760955	0.521608399674	0.0	0.686220321332	0.664888114973	0.70669160821	0.666225488369	0.471378711671	0.371162769285	0.630996049588	0.615071589983	0.704643503044	0.644397781232	0.704460689898	0.670484353405	0.709275952105	0.685448534582	0.698406369633	0.695726205111	0.671674693337	0.708999993982	0.685371364892	0.69717851426	0.695580522647	0.691018389256	0.67359059814	0.660581376112	0.72215767294	0.702606837098	0.695135428488	0.694930734878	0.693826658505	0.70785878107	0.67621582222	0.643656429536	0.667786435145	0.667946351958	0.693256911366	0.674930621707	0.699539928625	0.691040987999	0.672852987137	0.681052345756
AD7	0.689680711858	0.682376333997	0.724264129666	0.685697678372	0.701775702177	0.696922560708	0.709530640695	0.674048208374	0.631790683007	0.704026023837	0.666817712926	0.726409868365	0.666807000265	0.694502436961	0.673664589323	0.661334274235	0.666980861501	0.655969365972	0.778534188852	0.691015727749	0.688243082564	0.686220321332	0.0	0.453583535744	0.71515057288	0.505236104169	0.652444475094	0.671500860111	0.653247870868	0.667381236813	0.695599814954	0.683461466987	0.652055572062	0.705122462265	0.715199227711	0.709719839851	0.680806301704	0.69094162895	0.677466330198	0.712911994269	0.688700613026	0.672523887522	0.663767469939	0.690927910179	0.699462414341	0.685711242159	0.70841388095	0.699343478501	0.6823977571	0.71561453634	0.703537308881	0.721810139776	0.684241499588	0.678741587445	0.650456051157	0.688639465542	0.692589440926	0.710755644897	0.693324847675	0.702898953359	0.658566001072	0.701341984193
AD8	0.707359305625	0.69431929492	0.738347561182	0.701884315508	0.715592463811	0.701489150264	0.705978674016	0.665845405441	0.677670662106	0.697225171238	0.694255158819	0.711856685819	0.69296917678	0.703406111593	0.707976404944	0.690909111316	0.681001673089	0.679873592522	0.785784404532	0.688726254163	0.686869713725	0.664888114973	0.453583535744	0.0	0.613531572676	0.425396522034	0.643556257376	0.65256316429	0.672021509367	0.666629838067	0.706777347296	0.677035094156	0.679031905938	0.696248483932	0.714139691858	0.713679208458	0.689447280538	0.698621725477	0.684632899292	0.71839727441	0.704564123106	0.684580051921	0.685065822698	0.699205836549	0.686179554254	0.684362628674	0.701382217601	0.698438405922	0.687945603574	0.720761039523	0.698376714999	0.715943850912	0.676393528361	0.670517462573	0.655239271059	0.677631858349	0.704724948652	0.71645401079	0.709811142374	0.706850861415	0.676607586681	0.697961807022
AE7	0.730682405682	0.725848360024	0.71751039927	0.721902333587	0.709268063581	0.744859682126	0.726819142209	0.73121835901	0.736725567421	0.732892633628	0.757050549534	0.737163150263	0.736302035218	0.700848912162	0.734820764622	0.732057432867	0.705056143117	0.702467204516	0.739281195431	0.69606008741	0.695980702075	0.70669160821	0.71515057288	0.613531572676	0.0	0.504204286592	0.700681029128	0.69822271298	0.692791121628	0.693213467116	0.732964441005	0.666136586612	0.731687939822	0.752317292933	0.747481467249	0.744967548065	0.729612095946	0.75086776347	0.749171856415	0.757931630463	0.761021979308	0.735784679267	0.733638291239	0.742311045439	0.748206382248	0.752074510065	0.768144519216	0.772554801225	0.74022874589	0.770592697863	0.759180459341	0.787010739891	0.745090452132	0.746619677022	0.743234622692	0.751148817326	0.776468202994	0.781121360133	0.775522601814	0.768352793294	0.739507029621	0.769052032395
AE8	0.709388861138	0.681278461274	0.744443258311	0.700128892307	0.703789025479	0.700866277944	0.677128068964	0.657623396452	0.694740175116	0.675944547605	0.717802879057	0.705060934133	0.70020378391	0.710556420724	0.699075054051	0.675744238365	0.698378052192	0.669299731195	0.782055904779	0.675606095292	0.698575780655	0.666225488369	0.505236104169	0.425396522034	0.504204286592	0.0	0.659529729328	0.663070646163	0.653158140348	0.660671769265	0.715835279376	0.664794762984	0.681979111863	0.694110077853	0.711939322248	0.712620075566	0.712812394713	0.707303697757	0.71057160292	0.719719187388	0.714078076	0.69994953287	0.679247486945	0.693171671529	0.696678986033	0.685740673391	0.721096121522	0.705095003883	0.70356423904	0.717935415926	0.714795763728	0.730935691658	0.67800199277	0.686830505043	0.682419122652	0.696901539353	0.708772848776	0.71190406427	0.722875511689	0.715409991954	0.693814317044	0.699911792717
AF7	0.680484768661	0.651462230075	0.702158585885	0.667172961002	0.70220443727	0.669510982228	0.698697425656	0.684099332584	0.680054232547	0.697557642078	0.688905990245	0.701511758511	0.675250164502	0.68530741414	0.68722641912	0.64907478853	0.660590085554	0.6713194652	0.766989712768	0.681179042719	0.692390402615	0.471378711671	0.652444475094	0.643556257376	0.700681029128	0.659529729328	0.0	0.47017920105	0.640640317477	0.657614693746	0.719952562388	0.66575058846	0.680528433663	0.705655035138	0.694212709228	0.6779464086	0.679692368234	0.682939554021	0.664298890755	0.706187232604	0.677542234577	0.683593608149	0.670427295513	0.679828046009	0.718176000814	0.702537296699	0.696378345441	0.685380426327	0.679457312902	0.697780624122	0.679710740615	0.692400412042	0.684118412188	0.647211713925	0.654026720571	0.675464391918	0.674665388993	0.715236177174	0.67760986636	0.694077909089	0.659638215449	0.670354509767
AF8	0.69987837607	0.66345269906	0.738465362346	0.685555634206	0.6909899841	0.683815680736	0.683106238814	0.679619597608	0.711977009937	0.674124373675	0.712378822904	0.676186872399	0.708244355999	0.693270976175	0.700808656843	0.656333747437	0.686899454636	0.645995116508	0.770905987615	0.645094298834	0.566913129775	0.371162769285	0.671500860111	0.65256316429	0.69822271298	0.663070646163	0.47017920105	0.0	0.64760320486	0.635455563566	0.690509385906	0.631790421086	0.698774485782	0.673054743945	0.702403192048	0.692563219859	0.685155757984	0.683774678679	0.663627081076	0.697496869647	0.688160616164	0.700678136179	0.69199441496	0.686506404221	0.670016912142	0.667407531564	0.707234388017	0.692221554175	0.676608869196	0.685027182584	0.684670930284	0.701567587859	0.661069217946	0.647541918251	0.660922049191	0.656218982046	0.690617553072	0.682450936118	0.705446996481	0.689200886618	0.660344260052	0.67244412028
AG7	0.698623486721	0.678946240284	0.678587580398	0.689480156885	0.688303701049	0.692141345321	0.70274943469	0.656239910842	0.659409618069	0.689154261461	0.689559032913	0.704393479467	0.69360679329	0.673984658202	0.687005400597	0.67400441161	0.682794354414	0.660713065281	0.74813327294	0.527733828494	0.65316012246	0.630996049588	0.653247870868	0.672021509367	0.692791121628	0.653158140348	0.640640317477	0.64760320486	0.0	0.472181031579	0.682838688177	0.674378078368	0.681901625131	0.708526084631	0.70665650744	0.681229714851	0.666334321204	0.693213301902	0.676517640459	0.696079793927	0.677811669817	0.687649305647	0.670858514289	0.672499394093	0.704230127099	0.680295408361	0.718943631366	0.71082903119	0.705542439785	0.710394618524	0.693590340026	0.723505760229	0.682352831161	0.678972493728	0.66994607158	0.682240597992	0.698309331375	0.720666156949	0.706751008702	0.712105542426	0.671517450497	0.70089341915
AG8	0.689399297845	0.672175384149	0.671566904342	0.681523311538	0.680568420639	0.665121223626	0.666217851478	0.656725706954	0.681082803029	0.656709956935	0.663087916037	0.666727933923	0.702741517285	0.683629864653	0.701726912082	0.678834421325	0.672072387804	0.64439859908	0.592691332812	0.392982966945	0.632568370582	0.615071589983	0.667381236813	0.666629838067	0.693213467116	0.660671769265	0.657614693746	0.635455563566	0.472181031579	0.0	0.693349139704	0.649505276894	0.689733943228	0.681543652561	0.686129377723	0.676471184748	0.658741972481	0.665326898233	0.671846207939	0.6808463394	0.676212677459	0.674008260618	0.661750677135	0.670959277758	0.682424219007	0.674918124471	0.720268606451	0.700955254542	0.683875932421	0.699677360912	0.686427543219	0.713865390349	0.666023044426	0.671509910911	0.674763537201	0.671555695151	0.688402595494	0.712953632404	0.698427180325	0.698975635052	0.675832729895	0.696720104549
AH7	0.746098396245	0.75225702979	0.722527895361	0.740390373481	0.731845267118	0.737211145519	0.719685747504	0.738673713095	0.728263783886	0.71855185578	0.709934452076	0.746471695317	0.733813075357	0.761753363226	0.759481354864	0.740793987588	0.713293414915	0.549308069411	0.754635164249	0.679618904173	0.672622855676	0.704643503044	0.695599814954	0.706777347296	0.732964441005	0.715835279376	0.719952562388	0.690509385906	0.682838688177	0.693349139704	0.0	0.541876319171	0.721478087008	0.766395304344	0.766919464219	0.765067586429	0.75622300492	0.757253818545	0.752785005069	0.76130231387	0.763671558508	0.734537427472	0.765997064662	0.749199395398	0.764713645529	0.767118981424	0.770178566983	0.750993817981	0.757362293198	0.767300164877	0.770597576468	0.790668759864	0.74758579173	0.743506809244	0.731491777659	0.743612296664	0.77347858914	0.785453518892	0.777605436819	0.769007680403	0.742557948339	0.747953917848
AH8	0.720451207265	0.701064610603	0.748067474757	0.716130994275	0.713195546421	0.700714828026	0.702381817142	0.694966368066	0.718203226406	0.697915395729	0.70813109827	0.70480676406	0.717810608492	0.733686181012	0.719472605701	0.690638233256	0.589670248653	0.436778519769	0.771384017882	0.641041251853	0.660142507149	0.644397781232	0.683461466987	0.677035094156	0.666136586612	0.664794762984	0.66575058846	0.631790421086	0.674378078368	0.649505276894	0.541876319171	0.0	0.695171943628	0.722591306703	0.730280533135	0.725246824842	0.720954222762	0.720531144812	0.698031191366	0.720413506843	0.713687146662	0.716971218023	0.731608357117	0.721855025935	0.724572440818	0.727636579143	0.728917747425	0.715490151825	0.730983259459	0.727650838643	0.717838533628	0.73890729545	0.705910049229	0.703008255691	0.705631401771	0.707083642353	0.731963770719	0.748007304616	0.7339097189	0.730713973969	0.703776760063	0.702272946639
AA5	0.65444993682	0.662782022222	0.703626493674	0.685315185544	0.665545942489	0.672524779635	0.693081267852	0.666778824292	0.626473403392	0.69852091323	0.642999864317	0.665468809583	0.690713381434	0.716102913653	0.669098043676	0.662829263591	0.655708533229	0.671072050331	0.775151319991	0.698366808116	0.715056632637	0.704460689898	0.652055572062	0.679031905938	0.731687939822	0.681979111863	0.680528433663	0.698774485782	0.681901625131	0.689733943228	0.721478087008	0.695171943628	0.0	0.578071879282	0.676232764384	0.697283479189	0.642840839695	0.657565064921	0.660224048413	0.699552895622	0.692328096183	0.634391372972	0.608628469393	0.660400547865	0.708190626736	0.675099898526	0.689056852913	0.707581972043	0.698690215746	0.713613524432	0.689254044267	0.708932661236	0.654594382057	0.677988755608	0.656540531392	0.698247571318	0.668357301016	0.708303698759	0.679165985686	0.712769834213	0.636953210071	0.690768300433
AA6	0.692879375314	0.682668263222	0.761988513788	0.700666623554	0.69022493539	0.68780505581	0.671758833739	0.654207686563	0.700533106602	0.675398077003	0.688670489172	0.662176245241	0.71462557516	0.721580395121	0.725878677375	0.681979092487	0.729254380023	0.720954954263	0.780202610926	0.696998382941	0.700887797938	0.670484353405	0.705122462265	0.696248483932	0.752317292933	0.694110077853	0.705655035138	0.673054743945	0.708526084631	0.681543652561	0.766395304344	0.722591306703	0.578071879282	0.0	0.682745157177	0.695615836313	0.660541661425	0.659689583583	0.661600549536	0.667932375674	0.657874550535	0.685401262852	0.649946972875	0.684540698968	0.48742289365	0.451615973783	0.688499050982	0.703418017921	0.686492458868	0.683873233801	0.677785877015	0.684530824579	0.660662686159	0.682395407211	0.690936533771	0.685960550872	0.668908421929	0.67830430025	0.683304545131	0.693708272489	0.645385720457	0.694081483684
AB5	0.681586210228	0.66615804251	0.700591996704	0.697041604888	0.696252551519	0.669157831421	0.672850673608	0.650733346497	0.699294574568	0.676475540975	0.670452546621	0.664587631997	0.698676910473	0.687344812957	0.694913007502	0.671542624067	0.706421672293	0.714390370697	0.769209623454	0.693193973358	0.729607302585	0.709275952105	0.715199227711	0.714139691858	0.747481467249	0.711939322248	0.694212709228	0.702403192048	0.70665650744	0.686129377723	0.766919464219	0.730280533135	0.676232764384	0.682745157177	0.0	0.431039557913	0.645552425049	0.660892944284	0.650440292122	0.634542901921	0.650879244044	0.68763024843	0.663792925905	0.66182473034	0.694415935465	0.689525960879	0.681457105151	0.697468021927	0.680845922856	0.711518322557	0.692878731622	0.696141982424	0.6590695489	0.681997228415	0.699684947665	0.685213204708	0.694938849138	0.70485018051	0.711743199545	0.70213071216	0.652231961727	0.696162316329
AB6	0.700075764111	0.636177684464	0.717644733195	0.69160491212	0.677199937571	0.658535522994	0.66391681672	0.648391068097	0.710768962687	0.672209163431	0.663329039442	0.652300315624	0.687459947749	0.683012972147	0.679849382196	0.653742718933	0.714654511746	0.710614464043	0.778834196996	0.684497471555	0.734129655818	0.685448534582	0.709719839851	0.713679208458	0.744967548065	0.712620075566	0.6779464086	0.692563219859	0.681229714851	0.676471184748	0.765067586429	0.725246824842	0.697283479189	0.695615836313	0.431039557913	0.0	0.657710132257	0.658093557379	0.630817533234	0.624187819784	0.624966062829	0.668707098799	0.656989239103	0.598848757201	0.675341371738	0.6707840615	0.672043640503	0.673733330782	0.668665150256	0.691763737031	0.6853125728	0.695800317334	0.670544782688	0.670409081693	0.689900563163	0.676524398583	0.694938709804	0.696419259566	0.690692524839	0.682058723469	0.664672467201	0.673083250909
AC5	0.643880436168	0.661123254225	0.701548688077	0.67391669381	0.684062442042	0.678258680031	0.690835240993	0.663342517101	0.651041906905	0.696285112808	0.644474072409	0.690822520945	0.688923428403	0.663202242978	0.678584428792	0.6551031362	0.683150277927	0.6867311188	0.761591104435	0.685411107316	0.717345286929	0.698406369633	0.680806301704	0.689447280538	0.729612095946	0.712812394713	0.679692368234	0.685155757984	0.666334321204	0.658741972481	0.75622300492	0.720954222762	0.642840839695	0.660541661425	0.645552425049	0.657710132257	0.0	0.503367529212	0.631792197265	0.657719371471	0.656801396007	0.677036526183	0.609447464727	0.639911322145	0.655764483062	0.641234775414	0.64484216377	0.692989793126	0.618982656596	0.679192996036	0.655053305998	0.650850345954	0.643340519139	0.659825133558	0.630285950151	0.662454288035	0.646958934476	0.666645713273	0.648620397268	0.683737155828	0.643485353471	0.689191655354
AC6	0.653233957533	0.64432714318	0.722283695097	0.673244955063	0.676439932012	0.65108201036	0.67757767639	0.651917831391	0.692015177553	0.681224813869	0.662296449896	0.656838824149	0.692150750445	0.6824584661	0.692220012128	0.645943102788	0.713423643536	0.699479055605	0.764218549511	0.676921460424	0.728928190203	0.695726205111	0.69094162895	0.698621725477	0.75086776347	0.707303697757	0.682939554021	0.683774678679	0.693213301902	0.665326898233	0.757253818545	0.720531144812	0.657565064921	0.659689583583	0.660892944284	0.658093557379	0.503367529212	0.0	0.617303668228	0.650685250248	0.649756488473	0.519096642694	0.501975824173	0.635746223962	0.668289114266	0.660135624199	0.656548989819	0.672965052002	0.620257038472	0.646213042709	0.649092855494	0.644627711446	0.660913219476	0.669160459136	0.676437959272	0.66242544354	0.637063307239	0.648679145719	0.642894993921	0.640874236677	0.64966309349	0.662960091933
AD6	0.664639087403	0.629983414754	0.744976041014	0.675605878564	0.671499252074	0.642812007933	0.63162098724	0.598699975376	0.67910775291	0.619299474406	0.662719335302	0.655906237899	0.688438490164	0.685144934186	0.676983658796	0.627241365343	0.697960792615	0.693479209771	0.781411396183	0.671196957807	0.70562650222	0.671674693337	0.677466330198	0.684632899292	0.749171856415	0.71057160292	0.664298890755	0.663627081076	0.676517640459	0.671846207939	0.752785005069	0.698031191366	0.660224048413	0.661600549536	0.650440292122	0.630817533234	0.631792197265	0.617303668228	0.0	0.536230602074	0.426566786622	0.647432377796	0.632307801409	0.65984199351	0.664606529718	0.668618270666	0.651538718591	0.640091718186	0.628034826809	0.638659779733	0.652535603696	0.668642238629	0.643082748297	0.631386134304	0.650317814194	0.63191565431	0.621455489257	0.675165378394	0.621574515165	0.633928813204	0.631631176456	0.640615890179
AE5	0.669903935866	0.647071964582	0.737544111932	0.700181227097	0.657096824422	0.661691266751	0.639659093311	0.613403501496	0.688020327677	0.641788071807	0.680182896754	0.647620509485	0.697380155279	0.69489196464	0.693114197762	0.663452141511	0.738153635958	0.701245940783	0.78256652118	0.672335392352	0.723576175401	0.708999993982	0.712911994269	0.71839727441	0.757931630463	0.719719187388	0.706187232604	0.697496869647	0.696079793927	0.6808463394	0.76130231387	0.720413506843	0.699552895622	0.667932375674	0.634542901921	0.624187819784	0.657719371471	0.650685250248	0.536230602074	0.0	0.382892448508	0.686645091679	0.660079679893	0.667194076296	0.663516658727	0.673742891715	0.685326260727	0.679214123046	0.663753186857	0.654746302284	0.669041108805	0.688588624434	0.646368667592	0.637591084557	0.665715110326	0.651943078318	0.66011550648	0.666045141171	0.665791208292	0.648803246886	0.632907019519	0.663512875546
AE6	0.677063446901	0.646094768485	0.758683482225	0.700179248339	0.656240472372	0.651650059556	0.634229033005	0.611714368687	0.67989659438	0.617926126475	0.679672032433	0.646946035834	0.700351531171	0.699063912343	0.690934778861	0.645887314539	0.730499518041	0.698380372657	0.796164204595	0.680017843201	0.732049721755	0.685371364892	0.688700613026	0.704564123106	0.761021979308	0.714078076	0.677542234577	0.688160616164	0.677811669817	0.676212677459	0.763671558508	0.713687146662	0.692328096183	0.657874550535	0.650879244044	0.624966062829	0.656801396007	0.649756488473	0.426566786622	0.382892448508	0.0	0.677249747996	0.651622886027	0.655404739916	0.659387299989	0.647662059972	0.671372628651	0.670750657705	0.661093979119	0.641336836796	0.662939625512	0.674076369205	0.640901880836	0.621690670927	0.657825554988	0.634622456837	0.644533102498	0.664141269023	0.650378329919	0.64429777503	0.633922089269	0.655145703683
AF5	0.680595514601	0.662646044927	0.698112808698	0.649820507649	0.664380371348	0.661640087366	0.679381871401	0.66139042184	0.669567807362	0.693835942704	0.670995300134	0.674679992847	0.664168595768	0.662375905955	0.687953421184	0.671563117573	0.700460776242	0.692470062475	0.716884286795	0.672475257678	0.728526274582	0.69717851426	0.672523887522	0.684580051921	0.735784679267	0.69994953287	0.683593608149	0.700678136179	0.687649305647	0.674008260618	0.734537427472	0.716971218023	0.634391372972	0.685401262852	0.68763024843	0.668707098799	0.677036526183	0.519096642694	0.647432377796	0.686645091679	0.677249747996	0.0	0.444717461729	0.667722662273	0.699212433238	0.7062338323	0.687951930118	0.697260006504	0.665262127214	0.682800838295	0.706062335164	0.711577160821	0.693537164105	0.697566291593	0.696792119859	0.700733812085	0.679665629444	0.71045711705	0.682423747244	0.672449900511	0.656539590937	0.688736078679
AF6	0.659295879748	0.645711755581	0.689367944266	0.647213469692	0.64267822482	0.641779584941	0.668528306338	0.623087151287	0.657876765237	0.679355680602	0.664315046007	0.645141855844	0.653579129621	0.659757810557	0.668685667281	0.637883584311	0.683043352334	0.697785382655	0.731789250991	0.674096923409	0.722710669233	0.695580522647	0.663767469939	0.685065822698	0.733638291239	0.679247486945	0.670427295513	0.69199441496	0.670858514289	0.661750677135	0.765997064662	0.731608357117	0.608628469393	0.649946972875	0.663792925905	0.656989239103	0.609447464727	0.501975824173	0.632307801409	0.660079679893	0.651622886027	0.444717461729	0.0	0.623388739185	0.672503335216	0.659890551561	0.681843271205	0.689794271359	0.63228355192	0.651932409603	0.680483578565	0.697346029317	0.655299362444	0.666001842988	0.670653203128	0.669237686626	0.638234744999	0.692737499042	0.658735031136	0.653602566021	0.649562640074	0.681808261466
