	AA3	AA4	AB3	AB4	AC3	AC4	AD3	AD4	AE3	AE4	AF3	AF4	AG3	AG4	AH3	AH4	AA7	AA8	AB7	AB8	AC7	AC8	AD7	AD8	AE7	AE8	AF7	AF8	AG7	AG8	AH7	AH8	AA5	AA6	AB5	AB6	AC5	AC6	AD6	AE5	AE6	AF5	AF6	AG5	AH5	AH6	AA1	AA2	AB1	AB2	AC1	AC2	AD1	AD2	AE1	AE2	AF1	AF2	AG1	AG2	AH1	AH2
AA3	0.0	0.516248553323	0.648472914512	0.655238464451	0.673820987871	0.669578038036	0.689437927004	0.703612669345	0.646714176313	0.691258080655	0.641872297595	0.680261521137	0.644659844616	0.634028660165	0.693331619442	0.503301262812	0.678027249121	0.694771629922	0.753355998943	0.681882574206	0.699749747041	0.691404485504	0.690502861748	0.698363351932	0.729051969456	0.699690702732	0.663692116826	0.683248263513	0.695301434414	0.692090355843	0.74038022503	0.699585502925	0.642347339713	0.682203549103	0.672032947401	0.660509163901	0.636345950071	0.650239230388	0.671774005486	0.687536715951	0.683911282249	0.668414481208	0.662796834314	0.655652847753	0.70450462209	0.689099715871	0.660449310128	0.70145399349	0.660963980421	0.691759077316	0.657935007694	0.681687838997	0.645930073821	0.670935832957	0.671463383655	0.665651306171	0.653655863972	0.678307476207	0.669173757626	0.676647848049	0.633030676458	0.681624693487
AA4	0.516248553323	0.0	0.699601818192	0.634326181342	0.66518822782	0.642835666651	0.664759224811	0.675115684853	0.676998030311	0.661710339076	0.654878822972	0.649965450899	0.669099778327	0.638922235886	0.512412881437	0.369575481491	0.691754230873	0.697816758839	0.780099656642	0.695624363435	0.707343886593	0.665713582928	0.706589855533	0.710298656116	0.7360829638	0.693404364393	0.671150565346	0.679499313923	0.692642042497	0.685866313461	0.752876111936	0.693160457697	0.670823498314	0.674635932454	0.669491700738	0.657722014348	0.669385887327	0.645279959722	0.65138181778	0.678646198114	0.646001863262	0.668209606573	0.653952829137	0.64263891088	0.689236270976	0.662261455251	0.667111018053	0.656607896422	0.663488693575	0.663866802637	0.665945690159	0.670567359087	0.654752491753	0.667463294712	0.674528523499	0.65428896186	0.646517724622	0.664023853413	0.659780617613	0.643740299746	0.649776518067	0.641098889787
AB3	0.648472914512	0.699601818192	0.0	0.643967792474	0.692100492442	0.72775513495	0.736817961929	0.738584751732	0.676878450049	0.745086469181	0.685294806693	0.722790638276	0.709368721753	0.557859541048	0.694437138544	0.702623328948	0.701190179634	0.73626186131	0.713270661703	0.692354588857	0.711451214035	0.725508947174	0.733569978285	0.736252932887	0.706373717157	0.727112723759	0.718319574071	0.735718941814	0.700315062083	0.69013851003	0.758724002242	0.751246269467	0.681754784054	0.742792812663	0.686159337841	0.715561472526	0.688683151019	0.715891379267	0.739885488185	0.731238789099	0.745442743467	0.686598817358	0.69273752221	0.711249290615	0.77729102368	0.761882976373	0.73440156853	0.757703753804	0.692869799284	0.76139672471	0.714904396066	0.732206204177	0.696322124701	0.738167894131	0.717457314399	0.735997479585	0.727779031338	0.716212093382	0.729245033357	0.754690055051	0.703279731837	0.740252018175
AB4	0.655238464451	0.634326181342	0.643967792474	0.0	0.683405925698	0.687051236447	0.700009349872	0.704263302522	0.690630791556	0.703346214222	0.669279689862	0.67090491846	0.438447784521	0.420698545942	0.670315186622	0.641741931541	0.707357176467	0.692990200533	0.753542872252	0.708872509076	0.68876942348	0.684559656392	0.704625257815	0.704440952268	0.735280185162	0.702236756498	0.677088914971	0.68786514234	0.673015350997	0.689366219032	0.726422990752	0.711306969845	0.698961405973	0.710493296956	0.68240894132	0.699556725223	0.686565999498	0.673036247173	0.703350400581	0.705814097402	0.711108174468	0.662948323225	0.66222450868	0.67775861723	0.725767768271	0.723877464463	0.706260487914	0.707351883618	0.649355090015	0.697494271605	0.711389038362	0.710015373596	0.680038138597	0.690442162827	0.68007257721	0.679821333556	0.700130759215	0.708849734901	0.695145444523	0.692368809369	0.682069438519	0.682004656601
AC3	0.673820987871	0.66518822782	0.692100492442	0.683405925698	0.0	0.492352102447	0.667802468493	0.678687463888	0.6424655531	0.673358422138	0.69303112097	0.433468846734	0.683526630709	0.682261486124	0.666582783307	0.658936681547	0.681635835373	0.683919604928	0.745183296872	0.674273344164	0.705315068228	0.697061511615	0.719014523213	0.713490317003	0.70244353562	0.70079772541	0.704514132415	0.702091680863	0.700889858636	0.681497997037	0.743498765132	0.704289736701	0.661789939287	0.680456687953	0.681462670502	0.669735993488	0.690380831033	0.669554707701	0.668268270107	0.668278185667	0.650986862685	0.64423680719	0.632173084869	0.671329884924	0.712937946909	0.704856803151	0.72826660991	0.710238077233	0.683225139076	0.687889038087	0.688241347231	0.691494258776	0.684415609532	0.677654202608	0.672343331409	0.678199728994	0.691450414966	0.695602544685	0.695179227514	0.664856498479	0.687530313783	0.701921912741
AC4	0.669578038036	0.642835666651	0.72775513495	0.687051236447	0.492352102447	0.0	0.678938815765	0.66435362623	0.651346256054	0.667625420541	0.521642843397	0.395029660147	0.679564873384	0.689146849525	0.678226324709	0.631085064991	0.684694682262	0.682140003144	0.758144395919	0.667504181457	0.713412894337	0.675416739339	0.71172305082	0.699306131469	0.746888090011	0.705657716122	0.670883429579	0.680841741111	0.705903164103	0.672954358001	0.744001132093	0.688336377249	0.663413116067	0.646968825757	0.650737401963	0.64350712499	0.659964547903	0.639110013886	0.64696710169	0.663801950649	0.656791349661	0.650153562473	0.631150218459	0.653460947423	0.676908562407	0.656991748546	0.720811609981	0.685070296063	0.693212696697	0.686560461643	0.67613267734	0.661253750357	0.695924448211	0.689556447158	0.688883798036	0.68772422447	0.675711190849	0.67032276049	0.678623514253	0.661756312348	0.656698286888	0.68085913617
AD3	0.689437927004	0.664759224811	0.736817961929	0.700009349872	0.667802468493	0.678938815765	0.0	0.368744329854	0.686369792776	0.342909903606	0.708599363808	0.666483186494	0.713159776377	0.68567718732	0.704616629825	0.658550912278	0.7236635904	0.70102078415	0.769988672828	0.672137820489	0.721191409282	0.676738928954	0.725387297609	0.695451447419	0.72837523795	0.674726677615	0.685731408291	0.674320954644	0.718390963565	0.674535767691	0.727303478954	0.692282914752	0.709645203035	0.669131206591	0.680950554173	0.679476595728	0.692669774309	0.657507613683	0.64648028189	0.669259941595	0.629887200923	0.679793810783	0.681515736431	0.680205052162	0.69622484265	0.686687513979	0.700100593797	0.679054508073	0.678170473829	0.663237975919	0.694440011478	0.693035409287	0.687428625219	0.685212632102	0.68297968252	0.649861890816	0.664115562538	0.674888496575	0.699897650996	0.650706397487	0.692163273681	0.665817527193
AD4	0.703612669345	0.675115684853	0.738584751732	0.704263302522	0.678687463888	0.66435362623	0.368744329854	0.0	0.624199957369	0.350459271936	0.696896479068	0.660702676606	0.71803730861	0.699494512703	0.698895369419	0.653506263131	0.715095116007	0.697524625833	0.784606651291	0.662380449239	0.724528028712	0.669900232899	0.710984229384	0.680378087957	0.735087250285	0.672427651571	0.674808980762	0.677122200819	0.687864565414	0.653884554963	0.718870876117	0.680203223765	0.694730531824	0.657853665245	0.682670492449	0.669229166114	0.677133561168	0.658007938573	0.629352473702	0.657877035718	0.626460097495	0.698866918016	0.685826040181	0.667041196371	0.684668641451	0.669967043892	0.690499029655	0.663771930603	0.677057457273	0.665795669322	0.695449176578	0.688372114585	0.674290919074	0.669768531631	0.669803929463	0.647137891346	0.664903057854	0.661862468485	0.699982130049	0.642458920102	0.685809747478	0.646004331618
AE3	0.646714176313	0.676998030311	0.676878450049	0.690630791556	0.6424655531	0.651346256054	0.686369792776	0.624199957369	0.0	0.637041833888	0.648710955248	0.670138684757	0.656178590693	0.682358587789	0.661835784893	0.662893764158	0.646207568686	0.682800559838	0.75921682695	0.690283002062	0.715023593435	0.705334818344	0.662077020939	0.680436521504	0.734177183659	0.697553306164	0.673237940055	0.705171554261	0.658960236131	0.671139471605	0.73096644731	0.691456336871	0.624166518269	0.698520032454	0.684730886228	0.696502857729	0.65236842415	0.680842836515	0.686562470492	0.690957713904	0.68574037096	0.631883951705	0.647146778831	0.666671679963	0.728166257016	0.707873416124	0.711361302054	0.726395355182	0.697046944594	0.725029484403	0.683074615402	0.71574278971	0.681636996461	0.702604843659	0.65984986419	0.683689999045	0.695625819771	0.713546280056	0.696987328477	0.703043359931	0.643217181912	0.713848977519
AE4	0.691258080655	0.661710339076	0.745086469181	0.703346214222	0.673358422138	0.667625420541	0.342909903606	0.350459271936	0.637041833888	0.0	0.696746595763	0.666608852694	0.707618328185	0.700035786815	0.684730758917	0.66246461033	0.715893602579	0.702486253726	0.779545154456	0.669233182462	0.714447739633	0.67653391018	0.711010495021	0.693805643065	0.729168086935	0.667570822288	0.699879276851	0.675291779737	0.699073089667	0.657413288629	0.716378044025	0.693247766785	0.700919323784	0.663408957425	0.687575830626	0.667443578073	0.683584881234	0.670993519859	0.628722445884	0.661827906329	0.624718876452	0.678589657826	0.676746678097	0.667674947108	0.691216068373	0.680015766767	0.687532179151	0.669613732437	0.684989587126	0.667097559669	0.699845540442	0.700544695919	0.683581516427	0.682050956576	0.67984251629	0.660359854534	0.6709512261	0.680094884336	0.697255767101	0.648242671179	0.688673555811	0.666451398979
AF3	0.641872297595	0.654878822972	0.685294806693	0.669279689862	0.69303112097	0.521642843397	0.708599363808	0.696896479068	0.648710955248	0.696746595763	0.0	0.557846788377	0.673898989081	0.681003772335	0.679752651856	0.665666129223	0.672901219031	0.690769279582	0.751541078109	0.684079406064	0.68094782265	0.700823295315	0.676180793513	0.702904486616	0.762898062828	0.712316578221	0.689919804345	0.702360988319	0.705846825427	0.682637595131	0.715915510412	0.702915789063	0.626603160533	0.671081912272	0.668050461494	0.674458226926	0.662318055337	0.668111167012	0.675133848004	0.681523591688	0.687562644654	0.674710819924	0.65182323492	0.665836138346	0.704381762404	0.674800040224	0.711519150307	0.70528071363	0.699500078132	0.716382482193	0.712853959442	0.708850336173	0.688211761219	0.706357958279	0.690875365409	0.704467808149	0.68455760735	0.704913220771	0.6865924958	0.707979173629	0.647736108026	0.71735439234
AF4	0.680261521137	0.649965450899	0.722790638276	0.67090491846	0.433468846734	0.395029660147	0.666483186494	0.660702676606	0.670138684757	0.666608852694	0.557846788377	0.0	0.684698170548	0.691246909855	0.690434347271	0.657240390604	0.694582546637	0.685007223621	0.760211653885	0.672028008447	0.692653187246	0.669186947539	0.727488398869	0.712175800259	0.735395572704	0.707348613222	0.707383345654	0.693130154645	0.712537432901	0.673854932826	0.730787035417	0.69265031636	0.675396784041	0.657298774837	0.670281072401	0.660163530788	0.678904370771	0.659666338664	0.662437748548	0.659714769039	0.647997607911	0.668391277029	0.642855932561	0.658551282784	0.691778200616	0.671711578903	0.717299641889	0.692505705585	0.677004105752	0.670466583748	0.695520570299	0.663195112435	0.683397662928	0.676638232412	0.684678017608	0.668240580196	0.693437241828	0.666532085174	0.68389582395	0.6496957023	0.67426907446	0.692525683429
AG3	0.644659844616	0.669099778327	0.709368721753	0.438447784521	0.683526630709	0.679564873384	0.713159776377	0.71803730861	0.656178590693	0.707618328185	0.673898989081	0.684698170548	0.0	0.483064062952	0.675466558417	0.667497958688	0.681434198087	0.680930636393	0.77099126728	0.702862975896	0.687341056555	0.693729299305	0.680859193248	0.691807048364	0.728140620278	0.696527676668	0.673438240099	0.696965157744	0.679390907444	0.688731427734	0.738161538394	0.711014881022	0.681892776062	0.700176076042	0.694719949534	0.68995374778	0.68802892567	0.678739964585	0.694819945515	0.704492284811	0.70786409021	0.662696366807	0.663883390619	0.677468287008	0.712339177247	0.714645173054	0.704386747516	0.715102165252	0.666583237169	0.712129462083	0.696922978145	0.707818414039	0.680412863782	0.690764893971	0.696480124104	0.681733716375	0.700197110381	0.715972134703	0.70584274489	0.699427500904	0.682544675126	0.693767103864
AG4	0.634028660165	0.638922235886	0.557859541048	0.420698545942	0.682261486124	0.689146849525	0.68567718732	0.699494512703	0.682358587789	0.700035786815	0.681003772335	0.691246909855	0.483064062952	0.0	0.657476175652	0.627148126634	0.705781589569	0.71605237904	0.726441857993	0.673655038655	0.698711366293	0.680342857795	0.705803690021	0.699720796434	0.713268582153	0.70177932631	0.676718583358	0.686539254021	0.665631371616	0.662678839837	0.752007680425	0.718577876242	0.699968485509	0.714136693097	0.671347118759	0.685324955027	0.683805970736	0.671809637746	0.688934993478	0.702487086482	0.697655941628	0.658110226274	0.657162038839	0.683717697301	0.722878574684	0.72553177455	0.707065511068	0.709743011959	0.651974164647	0.686609751786	0.69258476219	0.698914841922	0.675148347345	0.690044628792	0.694726447896	0.687365156543	0.686297491955	0.702254177496	0.706261381317	0.690033755564	0.673834002988	0.683936531877
AH3	0.693331619442	0.512412881437	0.694437138544	0.670315186622	0.666582783307	0.678226324709	0.704616629825	0.698895369419	0.661835784893	0.684730758917	0.679752651856	0.690434347271	0.675466558417	0.657476175652	0.0	0.537176941397	0.676484703676	0.715787937182	0.771028854511	0.709317695679	0.723988289269	0.71250778623	0.696977449109	0.704554910357	0.739168302701	0.705472340972	0.698102499084	0.720196315343	0.708987050962	0.691034778794	0.756093911932	0.711921141507	0.667825451917	0.711048189601	0.690658803659	0.697882117012	0.688656309953	0.681551958533	0.678016961459	0.708121771594	0.685834589436	0.674864976389	0.671767168533	0.658388177934	0.723925656782	0.712464364089	0.713302736577	0.696640169804	0.711562688801	0.714326795876	0.697696796644	0.728921140534	0.712713051276	0.708479182541	0.698509782225	0.706467936698	0.697500237404	0.707551238911	0.716849808801	0.697230842786	0.690477657625	0.693229437721
AH4	0.503301262812	0.369575481491	0.702623328948	0.641741931541	0.658936681547	0.631085064991	0.658550912278	0.653506263131	0.662893764158	0.66246461033	0.665666129223	0.657240390604	0.667497958688	0.627148126634	0.537176941397	0.0	0.696685150588	0.688739291209	0.774903345202	0.674968472377	0.722369716232	0.663993220213	0.68566729111	0.690373331045	0.737144843298	0.682196401815	0.648615853683	0.672351103223	0.676662074906	0.674055270547	0.742254373544	0.677775421507	0.668583266833	0.677437488527	0.657831685237	0.650388957481	0.668334776466	0.631447981296	0.642707542514	0.672998653889	0.646087494405	0.674680900226	0.653115620585	0.646587548246	0.681447612346	0.664079208955	0.661422302296	0.668426953572	0.66282557575	0.667666992848	0.652094650515	0.668931678769	0.65157365512	0.654254213118	0.660264410556	0.641259651455	0.64849448397	0.671062300227	0.667681461142	0.646237403145	0.646824743117	0.624944730061
AA7	0.678027249121	0.691754230873	0.701190179634	0.707357176467	0.681635835373	0.684694682262	0.7236635904	0.715095116007	0.646207568686	0.715893602579	0.672901219031	0.694582546637	0.681434198087	0.705781589569	0.676484703676	0.696685150588	0.0	0.534480509706	0.762815321216	0.686868893287	0.656579545522	0.681900592219	0.673307750098	0.682335873603	0.699509952618	0.687514416307	0.679365984461	0.672141715068	0.683854127131	0.66737606882	0.702263189513	0.565072132982	0.653686637862	0.713032941356	0.714853953192	0.725343119652	0.660621429663	0.694952479225	0.705291001894	0.742550283484	0.727047741361	0.698221099518	0.684970194143	0.711416140377	0.731831584942	0.721811718493	0.744315522469	0.735955473385	0.717388247696	0.747415134488	0.707298506515	0.73620942039	0.697680118325	0.71195239336	0.689070472361	0.708515684769	0.730757422342	0.722155824129	0.739573201118	0.729391975132	0.684895590845	0.714970328093
AA8	0.694771629922	0.697816758839	0.73626186131	0.692990200533	0.683919604928	0.682140003144	0.70102078415	0.697524625833	0.682800559838	0.702486253726	0.690769279582	0.685007223621	0.680930636393	0.71605237904	0.715787937182	0.688739291209	0.534480509706	0.0	0.770577652073	0.648620279208	0.636198475731	0.635902892459	0.664571419866	0.659249516007	0.692696831507	0.665406866735	0.670105857653	0.655858080054	0.647633066432	0.65212573423	0.541279130779	0.429626728203	0.690112701969	0.715360564805	0.720770335572	0.72548406511	0.68783377293	0.705411227893	0.709180824184	0.727474904371	0.710494493312	0.707258723157	0.68482610785	0.708662134162	0.714799547722	0.720078906501	0.728440374104	0.721122592482	0.704683633365	0.728595013833	0.724636239984	0.737417581773	0.6914495483	0.691517221582	0.694790503839	0.690046053915	0.73626281987	0.718906328456	0.747990332417	0.710802006505	0.704772847553	0.717741258624
AB7	0.753355998943	0.780099656642	0.713270661703	0.753542872252	0.745183296872	0.758144395919	0.769988672828	0.784606651291	0.75921682695	0.779545154456	0.751541078109	0.760211653885	0.77099126728	0.726441857993	0.771028854511	0.774903345202	0.762815321216	0.770577652073	0.0	0.577388100509	0.738283717172	0.750520736638	0.783647378499	0.787042857801	0.746419106333	0.772015170057	0.772902216072	0.764660218103	0.747175640774	0.623104271535	0.754347308032	0.772333602888	0.771862782331	0.779528328901	0.770744775323	0.793962645928	0.761580786377	0.765157213339	0.785201687984	0.790079393623	0.782430693775	0.719901537556	0.736975967923	0.764927648692	0.791006794571	0.804304525932	0.815205611022	0.801035645956	0.772040318529	0.795361784104	0.802063508646	0.798498162073	0.789810367253	0.802601960268	0.782452619239	0.785170950083	0.789409444872	0.789404013557	0.805803365655	0.793053687218	0.778236720531	0.802648985018
AB8	0.681882574206	0.695624363435	0.692354588857	0.708872509076	0.674273344164	0.667504181457	0.672137820489	0.662380449239	0.690283002062	0.669233182462	0.684079406064	0.672028008447	0.702862975896	0.673655038655	0.709317695679	0.674968472377	0.686868893287	0.648620279208	0.577388100509	0.0	0.6446309649	0.611476984434	0.693409507562	0.671300954605	0.679450816427	0.653393235413	0.653440648303	0.636265193885	0.515993225582	0.399873502624	0.698009046789	0.661647610594	0.683739286095	0.682473979716	0.685973808976	0.683240128485	0.675901348019	0.660033801782	0.682137802493	0.691394467808	0.677217378581	0.674268979862	0.667696090719	0.662606860923	0.689574900968	0.686123614996	0.723022641311	0.699248923219	0.679751030448	0.69406216056	0.695806935984	0.710291076857	0.667621874111	0.683579830505	0.682968158527	0.676477362469	0.692211447095	0.695082352968	0.715072251889	0.68767628585	0.675890185326	0.699554251809
AC7	0.699749747041	0.707343886593	0.711451214035	0.68876942348	0.705315068228	0.713412894337	0.721191409282	0.724528028712	0.715023593435	0.714447739633	0.68094782265	0.692653187246	0.687341056555	0.698711366293	0.723988289269	0.722369716232	0.656579545522	0.636198475731	0.738283717172	0.6446309649	0.0	0.499444813428	0.686482905479	0.683885181859	0.685368071443	0.676833708231	0.700382552613	0.577689060406	0.648147096363	0.643039827223	0.659119315436	0.669374653634	0.698964445329	0.695426113638	0.731462842346	0.740472246073	0.705468418651	0.715520047644	0.727750069477	0.738403739301	0.722004050865	0.726340642348	0.72444690567	0.707526872622	0.700169874932	0.697039793146	0.754670647875	0.752241842772	0.691027306361	0.734600740619	0.762454954337	0.756089535214	0.698418117631	0.698765011918	0.708003641782	0.709483930799	0.734510590959	0.72033578238	0.756711711074	0.718979634416	0.705127727699	0.74999095445
AC8	0.691404485504	0.665713582928	0.725508947174	0.684559656392	0.697061511615	0.675416739339	0.676738928954	0.669900232899	0.705334818344	0.67653391018	0.700823295315	0.669186947539	0.693729299305	0.680342857795	0.71250778623	0.663993220213	0.681900592219	0.635902892459	0.750520736638	0.611476984434	0.499444813428	0.0	0.692282240467	0.661918576326	0.693254801595	0.654503332787	0.523016605222	0.408197546029	0.632756468118	0.609315926437	0.69937272254	0.65197165517	0.699068064611	0.669062770208	0.711888414153	0.710076592693	0.691178679447	0.686780110514	0.687558085114	0.713891809691	0.692936404883	0.701180984786	0.693104416208	0.671162250975	0.683224639036	0.668534163077	0.725331714361	0.70117372044	0.674597695477	0.691737274927	0.707925731364	0.707691907917	0.677591736052	0.678872151667	0.680599001523	0.66544326489	0.703197058989	0.672939041881	0.717606940515	0.676600967802	0.675972601971	0.688440365314
AD7	0.690502861748	0.706589855533	0.733569978285	0.704625257815	0.719014523213	0.71172305082	0.725387297609	0.710984229384	0.662077020939	0.711010495021	0.676180793513	0.727488398869	0.680859193248	0.705803690021	0.696977449109	0.68566729111	0.673307750098	0.664571419866	0.783647378499	0.693409507562	0.686482905479	0.692282240467	0.0	0.470707960946	0.715557099583	0.50769451946	0.660265047785	0.680127218421	0.667176718061	0.685687226206	0.703983595197	0.67688307483	0.657633313403	0.703181136149	0.723994880616	0.722953978128	0.701555021209	0.686148973564	0.705661445588	0.727827018533	0.715012371549	0.688928371567	0.684260266722	0.703349066857	0.686771671616	0.693863037052	0.723735944333	0.704100698573	0.685619297335	0.720213960543	0.704455511999	0.730762704351	0.689359319912	0.682027302342	0.667418135058	0.682615230994	0.703246979166	0.712923299309	0.723090905261	0.702337581272	0.674668908035	0.702231868842
AD8	0.698363351932	0.710298656116	0.736252932887	0.704440952268	0.713490317003	0.699306131469	0.695451447419	0.680378087957	0.680436521504	0.693805643065	0.702904486616	0.712175800259	0.691807048364	0.699720796434	0.704554910357	0.690373331045	0.682335873603	0.659249516007	0.787042857801	0.671300954605	0.683885181859	0.661918576326	0.470707960946	0.0	0.613042492786	0.39946769725	0.643402790074	0.656009330404	0.658455520555	0.66226744703	0.694914831768	0.690311461049	0.675568714659	0.687178395277	0.728101843298	0.718184669054	0.699978000321	0.698890895314	0.70858944067	0.718639652079	0.709822182195	0.692828704784	0.673763727249	0.688257127141	0.697502009539	0.683750839224	0.722118230258	0.715962631682	0.685839673178	0.709205594062	0.717022439313	0.727091162485	0.68568721942	0.663071574297	0.66500788361	0.667337734086	0.693586125076	0.715781608255	0.71490636715	0.698250448865	0.686128126374	0.712463164687
AE7	0.729051969456	0.7360829638	0.706373717157	0.735280185162	0.70244353562	0.746888090011	0.72837523795	0.735087250285	0.734177183659	0.729168086935	0.762898062828	0.735395572704	0.728140620278	0.713268582153	0.739168302701	0.737144843298	0.699509952618	0.692696831507	0.746419106333	0.679450816427	0.685368071443	0.693254801595	0.715557099583	0.613042492786	0.0	0.494978581383	0.711138941257	0.701417767305	0.689876917312	0.688865381999	0.733156144044	0.679351611039	0.730890171701	0.745061933266	0.742597719698	0.752470368086	0.730472637307	0.754208047939	0.76508239951	0.776794183932	0.753433482271	0.733806451298	0.730379433988	0.72745888476	0.75715187294	0.758187755141	0.771251497804	0.782893402486	0.719331828372	0.770175627454	0.770726588386	0.787824809476	0.739505662531	0.754233813802	0.735227185395	0.739583865172	0.766994369611	0.774379346647	0.789457875612	0.758556997241	0.752601946353	0.772094469645
AE8	0.699690702732	0.693404364393	0.727112723759	0.702236756498	0.70079772541	0.705657716122	0.674726677615	0.672427651571	0.697553306164	0.667570822288	0.712316578221	0.707348613222	0.696527676668	0.70177932631	0.705472340972	0.682196401815	0.687514416307	0.665406866735	0.772015170057	0.653393235413	0.676833708231	0.654503332787	0.50769451946	0.39946769725	0.494978581383	0.0	0.655919389878	0.649686616044	0.660718339345	0.657048885663	0.702602319475	0.678542418237	0.686398772203	0.686379442396	0.719086496101	0.713831749963	0.703751748904	0.69429071536	0.70937125118	0.731277174794	0.712775376389	0.696482352731	0.696386757174	0.689462666987	0.703415692599	0.683177231689	0.712670835711	0.709626045352	0.683691762577	0.711948424464	0.726571302388	0.725847102201	0.680081291826	0.681007177163	0.67709754448	0.672451845863	0.701219352531	0.712029674	0.72518299824	0.695699272585	0.690433332396	0.711449404032
AF7	0.663692116826	0.671150565346	0.718319574071	0.677088914971	0.704514132415	0.670883429579	0.685731408291	0.674808980762	0.673237940055	0.699879276851	0.689919804345	0.707383345654	0.673438240099	0.676718583358	0.698102499084	0.648615853683	0.679365984461	0.670105857653	0.772902216072	0.653440648303	0.700382552613	0.523016605222	0.660265047785	0.643402790074	0.711138941257	0.655919389878	0.0	0.462462709353	0.65710904975	0.672135443698	0.7241798709	0.672808385643	0.67481019421	0.707318793717	0.702229758188	0.698328398437	0.694223500277	0.667629804412	0.679321202183	0.720176318266	0.703317484935	0.682264954061	0.680649732783	0.668763020691	0.724466347065	0.705502136316	0.714217161567	0.714159809253	0.682796781692	0.706643577081	0.678953874238	0.702194413661	0.669507795459	0.686202095659	0.678228682709	0.659496492393	0.658020545305	0.707092929846	0.700768180872	0.683757618807	0.667203915443	0.669781491587
AF8	0.683248263513	0.679499313923	0.735718941814	0.68786514234	0.702091680863	0.680841741111	0.674320954644	0.677122200819	0.705171554261	0.675291779737	0.702360988319	0.693130154645	0.696965157744	0.686539254021	0.720196315343	0.672351103223	0.672141715068	0.655858080054	0.764660218103	0.636265193885	0.577689060406	0.408197546029	0.680127218421	0.656009330404	0.701417767305	0.649686616044	0.462462709353	0.0	0.65187226504	0.629918829457	0.701525325454	0.653754545152	0.688750395115	0.679208460224	0.704490328287	0.708697130364	0.693590495594	0.682261064511	0.675210271852	0.719100108256	0.691539551411	0.698229217767	0.695519000463	0.687456793827	0.683311161924	0.676049533716	0.722025549049	0.704722282912	0.674568691901	0.701279605469	0.692252048704	0.69963631659	0.646958308923	0.656087133664	0.662523533645	0.651933076082	0.686114989238	0.671607431683	0.708248726997	0.684282243765	0.662965047438	0.684934851773
AG7	0.695301434414	0.692642042497	0.700315062083	0.673015350997	0.700889858636	0.705903164103	0.718390963565	0.687864565414	0.658960236131	0.699073089667	0.705846825427	0.712537432901	0.679390907444	0.665631371616	0.708987050962	0.676662074906	0.683854127131	0.647633066432	0.747175640774	0.515993225582	0.648147096363	0.632756468118	0.667176718061	0.658455520555	0.689876917312	0.660718339345	0.65710904975	0.65187226504	0.0	0.477274970538	0.680731564436	0.686478943114	0.684836121052	0.708371713453	0.710174596161	0.698245044693	0.671645217519	0.680861948345	0.682035987984	0.712648517705	0.700032244791	0.687681578166	0.676128057396	0.674672356295	0.704257433405	0.693681869104	0.729235289443	0.714375090226	0.679992136831	0.711037566692	0.689895549498	0.729925075736	0.665786201795	0.680663963428	0.682744205746	0.668950307662	0.699478025905	0.715058369684	0.709173789062	0.697891938533	0.670934248748	0.692870485038
AG8	0.692090355843	0.685866313461	0.69013851003	0.689366219032	0.681497997037	0.672954358001	0.674535767691	0.653884554963	0.671139471605	0.657413288629	0.682637595131	0.673854932826	0.688731427734	0.662678839837	0.691034778794	0.674055270547	0.66737606882	0.65212573423	0.623104271535	0.399873502624	0.643039827223	0.609315926437	0.685687226206	0.66226744703	0.688865381999	0.657048885663	0.672135443698	0.629918829457	0.477274970538	0.0	0.684880360846	0.659308277257	0.659037431996	0.677532166124	0.680500017348	0.681634342814	0.645289993627	0.648342708899	0.666087584942	0.688316223816	0.671561868809	0.663087035209	0.653401650345	0.655612249641	0.672926624135	0.67193594351	0.719773768611	0.687696183226	0.666486214903	0.691561093836	0.69361575646	0.706402848063	0.661854979987	0.674930521535	0.668601589881	0.667452230311	0.685724690056	0.687446656645	0.702601243175	0.682111706074	0.662402365195	0.68752079258
AH7	0.74038022503	0.752876111936	0.758724002242	0.726422990752	0.743498765132	0.744001132093	0.727303478954	0.718870876117	0.73096644731	0.716378044025	0.715915510412	0.730787035417	0.738161538394	0.752007680425	0.756093911932	0.742254373544	0.702263189513	0.541279130779	0.754347308032	0.698009046789	0.659119315436	0.69937272254	0.703983595197	0.694914831768	0.733156144044	0.702602319475	0.7241798709	0.701525325454	0.680731564436	0.684880360846	0.0	0.547578562556	0.712659658497	0.760496938725	0.771339620715	0.765294485479	0.744162613179	0.756051656716	0.758078257577	0.760570055317	0.750209098321	0.750880443959	0.74369957801	0.74492510998	0.766908422392	0.767111653731	0.769037313208	0.75988601392	0.743309041591	0.778199379272	0.790026374321	0.784528991729	0.735289300636	0.742822387073	0.72846953308	0.731288271042	0.763852349382	0.777116068161	0.783393046952	0.753958238146	0.755971419707	0.767797873664
AH8	0.699585502925	0.693160457697	0.751246269467	0.711306969845	0.704289736701	0.688336377249	0.692282914752	0.680203223765	0.691456336871	0.693247766785	0.702915789063	0.69265031636	0.711014881022	0.718577876242	0.711921141507	0.677775421507	0.565072132982	0.429626728203	0.772333602888	0.661647610594	0.669374653634	0.65197165517	0.67688307483	0.690311461049	0.679351611039	0.678542418237	0.672808385643	0.653754545152	0.686478943114	0.659308277257	0.547578562556	0.0	0.695962540878	0.717695479227	0.73036106033	0.718608550953	0.701990918863	0.69121318823	0.704179345674	0.728683036102	0.70236671839	0.709932519295	0.707756738237	0.708453561647	0.726580008111	0.723726854488	0.736339946978	0.715145155858	0.719755946737	0.731632586628	0.727601299949	0.750450943265	0.698910068416	0.706959645314	0.700444995903	0.689421483699	0.725841630939	0.730518287544	0.756263733729	0.712372251148	0.71978923546	0.699195237161
AA5	0.642347339713	0.670823498314	0.681754784054	0.698961405973	0.661789939287	0.663413116067	0.709645203035	0.694730531824	0.624166518269	0.700919323784	0.626603160533	0.675396784041	0.681892776062	0.699968485509	0.667825451917	0.668583266833	0.653686637862	0.690112701969	0.771862782331	0.683739286095	0.698964445329	0.699068064611	0.657633313403	0.675568714659	0.730890171701	0.686398772203	0.67481019421	0.688750395115	0.684836121052	0.659037431996	0.712659658497	0.695962540878	0.0	0.590607521154	0.686633476331	0.682891799755	0.627075608256	0.641206033008	0.673757766287	0.692096754242	0.687038921723	0.636406872716	0.62578807753	0.652988789855	0.709069526141	0.648312990486	0.691313370908	0.706412713012	0.682186318877	0.711642171057	0.67930587695	0.701630311227	0.650938688443	0.700547965182	0.659312343469	0.682915463997	0.667459565129	0.691438555258	0.665130495244	0.678050424122	0.622626408975	0.699562091579
AA6	0.682203549103	0.674635932454	0.742792812663	0.710493296956	0.680456687953	0.646968825757	0.669131206591	0.657853665245	0.698520032454	0.663408957425	0.671081912272	0.657298774837	0.700176076042	0.714136693097	0.711048189601	0.677437488527	0.713032941356	0.715360564805	0.779528328901	0.682473979716	0.695426113638	0.669062770208	0.703181136149	0.687178395277	0.745061933266	0.686379442396	0.707318793717	0.679208460224	0.708371713453	0.677532166124	0.760496938725	0.717695479227	0.590607521154	0.0	0.689239568839	0.667523858685	0.649802402223	0.621503594794	0.661812963469	0.683326477882	0.663774575527	0.67580065574	0.659258638537	0.671625477259	0.471758472512	0.423906723317	0.699058943609	0.684862009415	0.678168672285	0.679486834332	0.689010513009	0.679154386776	0.680252330677	0.693751953996	0.696158331513	0.68629783612	0.681711437967	0.675405585239	0.684623819425	0.671496702168	0.652771144791	0.694790820402
AB5	0.672032947401	0.669491700738	0.686159337841	0.68240894132	0.681462670502	0.650737401963	0.680950554173	0.682670492449	0.684730886228	0.687575830626	0.668050461494	0.670281072401	0.694719949534	0.671347118759	0.690658803659	0.657831685237	0.714853953192	0.720770335572	0.770744775323	0.685973808976	0.731462842346	0.711888414153	0.723994880616	0.728101843298	0.742597719698	0.719086496101	0.702229758188	0.704490328287	0.710174596161	0.680500017348	0.771339620715	0.73036106033	0.686633476331	0.689239568839	0.0	0.421218925801	0.66109950442	0.663299966976	0.662078559168	0.64552947808	0.653799564306	0.683987748466	0.676679611836	0.653105343759	0.705039230627	0.698419256007	0.669498719421	0.689810138917	0.682402610878	0.702945284888	0.68489449983	0.677899927221	0.65853575951	0.68576417106	0.694380142555	0.681533850168	0.707223316899	0.683298635767	0.701529822234	0.691147263694	0.649272497725	0.70425206011
AB6	0.660509163901	0.657722014348	0.715561472526	0.699556725223	0.669735993488	0.64350712499	0.679476595728	0.669229166114	0.696502857729	0.667443578073	0.674458226926	0.660163530788	0.68995374778	0.685324955027	0.697882117012	0.650388957481	0.725343119652	0.72548406511	0.793962645928	0.683240128485	0.740472246073	0.710076592693	0.722953978128	0.718184669054	0.752470368086	0.713831749963	0.698328398437	0.708697130364	0.698245044693	0.681634342814	0.765294485479	0.718608550953	0.682891799755	0.667523858685	0.421218925801	0.0	0.671236019268	0.653208534264	0.636596743296	0.641971456793	0.638756474152	0.680435792676	0.665914584621	0.554259934966	0.689227115624	0.663613362059	0.667477379054	0.678202461159	0.687839430767	0.691644870055	0.667553897797	0.671754140741	0.66473538372	0.681828292659	0.69155763165	0.680551813877	0.677490232962	0.678512225795	0.67494151695	0.683586909199	0.651679037494	0.683636791801
AC5	0.636345950071	0.669385887327	0.688683151019	0.686565999498	0.690380831033	0.659964547903	0.692669774309	0.677133561168	0.65236842415	0.683584881234	0.662318055337	0.678904370771	0.68802892567	0.683805970736	0.688656309953	0.668334776466	0.660621429663	0.68783377293	0.761580786377	0.675901348019	0.705468418651	0.691178679447	0.701555021209	0.699978000321	0.730472637307	0.703751748904	0.694223500277	0.693590495594	0.671645217519	0.645289993627	0.744162613179	0.701990918863	0.627075608256	0.649802402223	0.66109950442	0.671236019268	0.0	0.4905322457	0.646788577828	0.672950562215	0.677916503397	0.65390327127	0.596143646522	0.646086538253	0.656905913591	0.662660670142	0.661546827328	0.696837250509	0.639931498023	0.679070684759	0.660555704321	0.673369853392	0.650802297405	0.655524774327	0.639233520726	0.660058022733	0.648299531327	0.644673815363	0.647130440794	0.655174256635	0.628835522999	0.66998505328
AC6	0.650239230388	0.645279959722	0.715891379267	0.673036247173	0.669554707701	0.639110013886	0.657507613683	0.658007938573	0.680842836515	0.670993519859	0.668111167012	0.659666338664	0.678739964585	0.671809637746	0.681551958533	0.631447981296	0.694952479225	0.705411227893	0.765157213339	0.660033801782	0.715520047644	0.686780110514	0.686148973564	0.698890895314	0.754208047939	0.69429071536	0.667629804412	0.682261064511	0.680861948345	0.648342708899	0.756051656716	0.69121318823	0.641206033008	0.621503594794	0.663299966976	0.653208534264	0.4905322457	0.0	0.625552821352	0.663557747168	0.647572593182	0.5424060251	0.488253036973	0.605024952765	0.653222751614	0.638080746039	0.66905414285	0.684648388971	0.630418769186	0.652656300584	0.648490788322	0.655827137577	0.666384760166	0.66335905614	0.659956399753	0.649717754147	0.622773969786	0.653893917727	0.647372689016	0.633766461487	0.632211079809	0.649402198116
AD6	0.671774005486	0.65138181778	0.739885488185	0.703350400581	0.668268270107	0.64696710169	0.64648028189	0.629352473702	0.686562470492	0.628722445884	0.675133848004	0.662437748548	0.694819945515	0.688934993478	0.678016961459	0.642707542514	0.705291001894	0.709180824184	0.785201687984	0.682137802493	0.727750069477	0.687558085114	0.705661445588	0.70858944067	0.76508239951	0.70937125118	0.679321202183	0.675210271852	0.682035987984	0.666087584942	0.758078257577	0.704179345674	0.673757766287	0.661812963469	0.662078559168	0.636596743296	0.646788577828	0.625552821352	0.0	0.539855087662	0.423604467206	0.650323508627	0.63463509665	0.652111886479	0.678463766379	0.676820732775	0.68139645029	0.659707543857	0.665013537895	0.650851069389	0.679452850806	0.682432656434	0.650509559481	0.656777175445	0.680684311221	0.652741705362	0.635326140784	0.681250163719	0.656428950897	0.638180878372	0.623741031887	0.639297696308
AE5	0.687536715951	0.678646198114	0.731238789099	0.705814097402	0.668278185667	0.663801950649	0.669259941595	0.657877035718	0.690957713904	0.661827906329	0.681523591688	0.659714769039	0.704492284811	0.702487086482	0.708121771594	0.672998653889	0.742550283484	0.727474904371	0.790079393623	0.691394467808	0.738403739301	0.713891809691	0.727827018533	0.718639652079	0.776794183932	0.731277174794	0.720176318266	0.719100108256	0.712648517705	0.688316223816	0.760570055317	0.728683036102	0.692096754242	0.683326477882	0.64552947808	0.641971456793	0.672950562215	0.663557747168	0.539855087662	0.0	0.421744067241	0.669864062876	0.670313261834	0.664697977114	0.693152626527	0.683564547564	0.690475611778	0.69210893835	0.664581225737	0.666740485725	0.689757725983	0.683842303415	0.658314488632	0.672809275362	0.672684378583	0.647498585608	0.667020836704	0.697341983503	0.669450340858	0.644172277551	0.657281266643	0.683897788037
AE6	0.683911282249	0.646001863262	0.745442743467	0.711108174468	0.650986862685	0.656791349661	0.629887200923	0.626460097495	0.68574037096	0.624718876452	0.687562644654	0.647997607911	0.70786409021	0.697655941628	0.685834589436	0.646087494405	0.727047741361	0.710494493312	0.782430693775	0.677217378581	0.722004050865	0.692936404883	0.715012371549	0.709822182195	0.753433482271	0.712775376389	0.703317484935	0.691539551411	0.700032244791	0.671561868809	0.750209098321	0.70236671839	0.687038921723	0.663774575527	0.653799564306	0.638756474152	0.677916503397	0.647572593182	0.423604467206	0.421744067241	0.0	0.652770245717	0.652126181368	0.656224750597	0.68476397536	0.674715137906	0.688745806246	0.660362494965	0.648946796362	0.641421340949	0.681760299016	0.671911037288	0.648253829213	0.657468159012	0.677934968473	0.631934748722	0.644769163739	0.688659723188	0.65418637219	0.609809556202	0.650554124035	0.643356070183
AF5	0.668414481208	0.668209606573	0.686598817358	0.662948323225	0.64423680719	0.650153562473	0.679793810783	0.698866918016	0.631883951705	0.678589657826	0.674710819924	0.668391277029	0.662696366807	0.658110226274	0.674864976389	0.674680900226	0.698221099518	0.707258723157	0.719901537556	0.674268979862	0.726340642348	0.701180984786	0.688928371567	0.692828704784	0.733806451298	0.696482352731	0.682264954061	0.698229217767	0.687681578166	0.663087035209	0.750880443959	0.709932519295	0.636406872716	0.67580065574	0.683987748466	0.680435792676	0.65390327127	0.5424060251	0.650323508627	0.669864062876	0.652770245717	0.0	0.473395111596	0.644937697048	0.693278164267	0.693572787479	0.707168638924	0.709190279436	0.659679374892	0.676838369852	0.674155296143	0.702728223793	0.672826435032	0.701705499523	0.693661108409	0.675312715135	0.660294285441	0.695612809335	0.661595290403	0.661495409968	0.646107995754	0.689668541701
AF6	0.662796834314	0.653952829137	0.69273752221	0.66222450868	0.632173084869	0.631150218459	0.681515736431	0.685826040181	0.647146778831	0.676746678097	0.65182323492	0.642855932561	0.663883390619	0.657162038839	0.671767168533	0.653115620585	0.684970194143	0.68482610785	0.736975967923	0.667696090719	0.72444690567	0.693104416208	0.684260266722	0.673763727249	0.730379433988	0.696386757174	0.680649732783	0.695519000463	0.676128057396	0.653401650345	0.74369957801	0.707756738237	0.62578807753	0.659258638537	0.676679611836	0.665914584621	0.596143646522	0.488253036973	0.63463509665	0.670313261834	0.652126181368	0.473395111596	0.0	0.618694765051	0.672907624516	0.672879041886	0.676714089528	0.708388288219	0.654441241135	0.667437729656	0.671354613948	0.677674884517	0.685077481547	0.680258366738	0.676750848898	0.668089294629	0.640985711663	0.670367616551	0.65319621467	0.657746841345	0.657717511012	0.692285781697
