	AA3	AA4	AB3	AB4	AC3	AC4	AD3	AD4	AE3	AE4	AF3	AF4	AG3	AG4	AH3	AH4	AA7	AA8	AB7	AB8	AC7	AC8	AD7	AD8	AE7	AE8	AF7	AF8	AG7	AG8	AH7	AH8	AA5	AA6	AB5	AB6	AC5	AC6	AD6	AE5	AE6	AF5	AF6	AG5	AH5	AH6	AA1	AA2	AB1	AB2	AC1	AC2	AD1	AD2	AE1	AE2	AF1	AF2	AG1	AG2	AH1	AH2
AA3	0.0	0.501072886528	0.695163262767	0.634987907123	0.665146998192	0.67292790452	0.697713138469	0.678845787256	0.643028375843	0.687249087023	0.644328167656	0.674276369614	0.650799566558	0.616634594511	0.676048080525	0.483379334976	0.668489992219	0.6768914724	0.7600094173	0.681509018577	0.689403330007	0.680782295224	0.657832390548	0.692069294008	0.724531284221	0.692097797301	0.679568790457	0.677237236523	0.692726584122	0.67409612952	0.731214089404	0.711237727028	0.647842830571	0.689796100895	0.674248011032	0.677427926545	0.630795985586	0.64511722227	0.672319200932	0.670739306285	0.67878504026	0.680752510566	0.647478939023	0.655051873667	0.705561943568	0.699479470884	0.660885490356	0.701295050229	0.632733186851	0.691468438203	0.677614257498	0.676376831228	0.642299166145	0.658996007383	0.667729242547	0.679838814238	0.658267877902	0.689363328876	0.659984190124	0.685889376946	0.633963530151	0.690609878357
AA4	0.501072886528	0.0	0.712935448064	0.631975186398	0.658958235885	0.633765852683	0.671175761256	0.655549196354	0.656883841742	0.649643232923	0.662618792553	0.640937298476	0.67140271578	0.656392201064	0.531874937725	0.361317612349	0.703441653439	0.692657852159	0.777145528578	0.688717488109	0.712344560096	0.66654226241	0.68958132147	0.690178755262	0.733619368336	0.687690298996	0.682068896418	0.66074961572	0.686674170409	0.684261209096	0.756962064093	0.701855784721	0.678604151405	0.676530030228	0.663657309507	0.655146188407	0.670855302922	0.646877504529	0.659884536933	0.667770035683	0.64317251898	0.687617233412	0.6502544274	0.644973017826	0.682724368214	0.68159849377	0.677886532093	0.674528607651	0.652756718864	0.654434169898	0.674209992581	0.664515323412	0.641211965073	0.66231844931	0.666492584391	0.668242797213	0.644671551402	0.665621850966	0.657507850887	0.667895257697	0.664515710264	0.654690513116
AB3	0.695163262767	0.712935448064	0.0	0.663683162981	0.711689360624	0.737142652354	0.741366130768	0.723610704829	0.719509188129	0.74601316363	0.723416401694	0.747431024486	0.724808037818	0.640416203335	0.683254711833	0.702644573502	0.72182118893	0.738591110941	0.717689146739	0.726592654385	0.730601036573	0.747918729687	0.71703090611	0.737862018157	0.734209296062	0.731884642283	0.72101906497	0.72536549626	0.712818588834	0.739084386067	0.751881592222	0.760085656538	0.730788602844	0.783549972399	0.727120566514	0.74094996156	0.736115565283	0.748442994328	0.75786243988	0.760513614231	0.758040579318	0.726404059595	0.723548472977	0.742467655275	0.806785023174	0.803970108499	0.7774479956	0.787856943535	0.748106242041	0.769044390727	0.758069199917	0.787866799258	0.769544721683	0.776997863345	0.756518935674	0.784327417268	0.768276376996	0.78356732411	0.74296237671	0.774223842209	0.74626159902	0.751438731377
AB4	0.634987907123	0.631975186398	0.663683162981	0.0	0.680463815544	0.673458553575	0.702853944984	0.685627764397	0.672249071853	0.703569960269	0.666414661314	0.680205502902	0.439789019036	0.42533606042	0.677188031893	0.632194784935	0.699891433553	0.690367395089	0.768340804204	0.677394782782	0.691842382849	0.690715581562	0.676027173557	0.68048853292	0.733718809994	0.69139043505	0.673006831284	0.681877693716	0.679767038221	0.683845684416	0.740831275046	0.710019258242	0.69138376851	0.707946345381	0.67971402147	0.689161314818	0.671096717658	0.669735870624	0.680113111115	0.689774741308	0.691989706555	0.672276089376	0.650407306378	0.684507940155	0.708680857815	0.722106099054	0.699400204703	0.708556256723	0.652707980837	0.696216622888	0.685559821936	0.702915139524	0.682878084992	0.68241972391	0.687844390626	0.695426684419	0.687830244284	0.707209210833	0.688854994894	0.697185842992	0.680649359868	0.686533232245
AC3	0.665146998192	0.658958235885	0.711689360624	0.680463815544	0.0	0.534875879536	0.676505795178	0.661194032195	0.65930167404	0.662013562839	0.684294087296	0.442228397369	0.695581684784	0.679660260623	0.669650623451	0.661647057912	0.669592416539	0.673528517232	0.753917699427	0.675730277016	0.698616722394	0.679230728523	0.711114070091	0.705299603728	0.710584852747	0.69748966557	0.706206477635	0.683553195593	0.69940056745	0.681673192443	0.738485582304	0.704044015468	0.662355312253	0.706562601603	0.678797301266	0.668196192442	0.700856348793	0.681300087207	0.681632441875	0.655184052474	0.671944111562	0.669828995952	0.640959752193	0.666086823836	0.734095136591	0.714001886758	0.706900151502	0.70942460092	0.70121239025	0.689334120655	0.681744960177	0.694408566827	0.688891947461	0.68820438376	0.677498830261	0.689491216124	0.693950079509	0.708636256403	0.680908640025	0.680309587157	0.682423311865	0.69605859262
AC4	0.67292790452	0.633765852683	0.737142652354	0.673458553575	0.534875879536	0.0	0.696362450145	0.656228170741	0.665634066809	0.671781591568	0.495658087783	0.440119856776	0.674730165174	0.708426476174	0.661546839428	0.647560557061	0.694729559504	0.6886074003	0.78368121822	0.683220067447	0.7087965209	0.691835819133	0.693458659137	0.708069866436	0.748754642768	0.69122996837	0.70139065276	0.691196459764	0.701062107704	0.681488362372	0.738599936649	0.694877966525	0.685943635945	0.688344880653	0.660498272018	0.63721620969	0.68056630913	0.675696016925	0.658005680049	0.659882858258	0.665950283164	0.686670991231	0.667091993846	0.64337219129	0.685662508327	0.679710494283	0.711369547375	0.693380877121	0.690794010147	0.678178117986	0.688220626968	0.68096057489	0.687052229695	0.696589849895	0.701299567828	0.708286375929	0.67401049454	0.680122510501	0.675723895895	0.695966897918	0.663445393473	0.682889559576
AD3	0.697713138469	0.671175761256	0.741366130768	0.702853944984	0.676505795178	0.696362450145	0.0	0.439929521553	0.667077575847	0.366926535092	0.713390231336	0.65195830988	0.711459266083	0.704094325891	0.685573502388	0.667523512806	0.711162422722	0.690545429181	0.770939591562	0.667326174462	0.716221892554	0.682299632046	0.705248033512	0.693344390169	0.722280079854	0.681401485161	0.699734720244	0.676150606297	0.709318414699	0.680545870309	0.725691571038	0.71287957267	0.705371779988	0.673656773809	0.677077798786	0.667566968708	0.682078019251	0.675663264845	0.63318195611	0.64708079445	0.632955904872	0.699450322878	0.675076650447	0.683585933935	0.695305625182	0.688158185256	0.682595220783	0.680221392525	0.678628171577	0.660990207016	0.687902807404	0.688503918368	0.686936074875	0.687979652676	0.681272514382	0.688129571322	0.694404133375	0.691711390836	0.681218840007	0.661474876405	0.699709915551	0.658515031412
AD4	0.678845787256	0.655549196354	0.723610704829	0.685627764397	0.661194032195	0.656228170741	0.439929521553	0.0	0.567401741772	0.410607189579	0.667267227994	0.618183424586	0.686533353951	0.695308329611	0.661369304089	0.650306638668	0.700766283294	0.669582976994	0.76613166894	0.647579294513	0.698386072336	0.665651690748	0.662996444006	0.660718071717	0.7264662843	0.650955718093	0.672893941666	0.667866904199	0.673403558095	0.646791949141	0.73058057691	0.69623001796	0.682961100537	0.661786395389	0.674174480135	0.657204918336	0.663426312213	0.662098343074	0.626274807593	0.630313413525	0.622106743313	0.669020702001	0.654431314096	0.655602940633	0.684947751981	0.678544000303	0.681909647158	0.670322618653	0.665627491038	0.646679829323	0.681891819316	0.693529781673	0.676755844113	0.664172713601	0.658622537943	0.674755486743	0.689562287262	0.699997034294	0.675232132467	0.660709009432	0.682380327266	0.64603665251
AE3	0.643028375843	0.656883841742	0.719509188129	0.672249071853	0.65930167404	0.665634066809	0.667077575847	0.567401741772	0.0	0.618094896381	0.641941103685	0.666082704674	0.66543293187	0.680093971652	0.656349416572	0.659130952841	0.659665981767	0.677163747799	0.770875684328	0.675997421745	0.717702099458	0.701746226987	0.644569013948	0.675744272655	0.741353291593	0.688086902061	0.673444262552	0.700392403381	0.636359827753	0.663908696336	0.729369332461	0.68745856316	0.61653801158	0.703599870112	0.674106611173	0.688968361182	0.634364129569	0.685966151717	0.652358518158	0.662327740835	0.67727204122	0.66725349349	0.664565065136	0.662824115223	0.724409929471	0.723017405903	0.687468577393	0.720491964144	0.681794765281	0.69452037542	0.685235452859	0.719854576527	0.662830295971	0.68609739797	0.658823984572	0.70970083681	0.670386455154	0.723595093017	0.688066829272	0.714994031213	0.650124562959	0.701522145935
AE4	0.687249087023	0.649643232923	0.74601316363	0.703569960269	0.662013562839	0.671781591568	0.366926535092	0.410607189579	0.618094896381	0.0	0.700483803904	0.636910605455	0.709502124382	0.699344397504	0.688991953199	0.672615301471	0.70540204879	0.684977197531	0.776347617985	0.655200520511	0.715069083306	0.67177517117	0.698391918307	0.678384157003	0.727392556443	0.684853872869	0.694763742951	0.681164584924	0.688008457668	0.652003566626	0.743198283024	0.692117042532	0.697142627981	0.664797180516	0.674756266783	0.657640313763	0.682976737814	0.669851099553	0.627012702225	0.636814477416	0.628140649235	0.697626041654	0.655819393203	0.652046806767	0.682862747989	0.683095273906	0.672101256646	0.670439041259	0.676831362	0.64567315067	0.686642323554	0.676255525263	0.671215307584	0.674330710457	0.66460452222	0.680353627717	0.679009252379	0.671400604799	0.673359539099	0.666679713455	0.693807684161	0.659502278685
AF3	0.644328167656	0.662618792553	0.723416401694	0.666414661314	0.684294087296	0.495658087783	0.713390231336	0.667267227994	0.641941103685	0.700483803904	0.0	0.566873810706	0.674096307295	0.691891711688	0.681211986954	0.660800379945	0.673139387357	0.68098716944	0.762274008912	0.682003724549	0.677130578496	0.700512642932	0.673229632448	0.699970325983	0.763078381068	0.698930766012	0.70058004699	0.702513542432	0.696603910881	0.674149812647	0.715466397265	0.713466702466	0.649003187368	0.689653614556	0.660170801905	0.677442102095	0.653517901263	0.672506779821	0.670563606991	0.674832813197	0.693350187051	0.674437380979	0.663928754697	0.660377490788	0.692971705287	0.700364335519	0.710527178284	0.710507042414	0.687737477846	0.714123354195	0.702184927548	0.706285978608	0.694047359005	0.704561108637	0.704579542159	0.714594204807	0.674202693232	0.724273226202	0.678682611313	0.71903397854	0.653523383059	0.681138443023
AF4	0.674276369614	0.640937298476	0.747431024486	0.680205502902	0.442228397369	0.440119856776	0.65195830988	0.618183424586	0.666082704674	0.636910605455	0.566873810706	0.0	0.701547678303	0.700040695538	0.676794060331	0.638877971466	0.694929934088	0.673191182494	0.773697060676	0.670799234319	0.6993390708	0.660711806099	0.702711741987	0.702595738615	0.735571072399	0.687109085024	0.704293107767	0.675154924805	0.706409712421	0.677686631506	0.739818770734	0.700005109295	0.664864924371	0.65737119652	0.659689389941	0.649269470897	0.671190681012	0.665842108245	0.65146226274	0.634145618139	0.646568079002	0.675375254567	0.634451978274	0.648490895312	0.679990755712	0.667295987203	0.698835734059	0.680071255317	0.684436957162	0.664236629915	0.665704965007	0.663422012344	0.673810206647	0.670912366429	0.67824359286	0.674747704126	0.667939532606	0.674871912119	0.673491019421	0.663606737229	0.664817274091	0.662216165927
AG3	0.650799566558	0.67140271578	0.724808037818	0.439789019036	0.695581684784	0.674730165174	0.711459266083	0.686533353951	0.66543293187	0.709502124382	0.674096307295	0.701547678303	0.0	0.495925081187	0.678886557695	0.66645711702	0.681899828981	0.690891876594	0.774675501157	0.692451447212	0.69665667348	0.698275602271	0.66433788521	0.698589803303	0.735005031316	0.69352649253	0.683512297511	0.70584251409	0.700140806813	0.70805139071	0.73865514354	0.714317875429	0.68578211071	0.708149459629	0.699654257012	0.703087594243	0.685692305843	0.695975690486	0.692467487165	0.698092382345	0.693777410206	0.669110497782	0.668501456963	0.678090097158	0.715091812407	0.7228837611	0.695065034826	0.716300670589	0.643537328053	0.69122820944	0.696252078605	0.716259958764	0.686098673019	0.68444276287	0.690989591502	0.702909212666	0.698596591891	0.72295552303	0.691200055847	0.697074689891	0.695734604607	0.70959114333
AG4	0.616634594511	0.656392201064	0.640416203335	0.42533606042	0.679660260623	0.708426476174	0.704094325891	0.695308329611	0.680093971652	0.699344397504	0.691891711688	0.700040695538	0.495925081187	0.0	0.70521520058	0.65084850351	0.701832796933	0.711812147549	0.744000387822	0.690760700262	0.694359166765	0.699285890558	0.678617642348	0.688086482346	0.707548144435	0.696755801108	0.694131076781	0.683096192783	0.685962311596	0.687377278072	0.734440500874	0.714679025075	0.691135230384	0.725874231764	0.688859686294	0.704095088344	0.68788460072	0.679110597305	0.684515892829	0.685976390438	0.695472278652	0.673273289156	0.647457050339	0.699456837451	0.731717617532	0.737584791902	0.700508744102	0.724425585625	0.627679864999	0.69877468075	0.695256931284	0.713715358723	0.684491127275	0.689296588573	0.703654444775	0.710577923674	0.703410716074	0.734983291803	0.699580409546	0.695106064414	0.673958576179	0.698958165553
AH3	0.676048080525	0.531874937725	0.683254711833	0.677188031893	0.669650623451	0.661546839428	0.685573502388	0.661369304089	0.656349416572	0.688991953199	0.681211986954	0.676794060331	0.678886557695	0.70521520058	0.0	0.544675636498	0.677353381504	0.700412806641	0.778762796264	0.712258563607	0.718195103019	0.708436774082	0.675188530644	0.699608738963	0.730473240421	0.687050691116	0.697878750344	0.693647894965	0.709425434591	0.698625356948	0.756526808782	0.719115162034	0.66270634267	0.710007270562	0.69741939157	0.686428446707	0.675716479223	0.687274527736	0.678816909083	0.695366930468	0.679299546718	0.69069241302	0.658373985368	0.657239872015	0.73383504361	0.727755935835	0.709554140415	0.712586112832	0.692319244513	0.703178869982	0.692466267773	0.719821809636	0.708996323217	0.704302539465	0.683713013057	0.712290548531	0.704127738367	0.724291136005	0.690251551065	0.706077650682	0.688814294891	0.690453255291
AH4	0.483379334976	0.361317612349	0.702644573502	0.632194784935	0.661647057912	0.647560557061	0.667523512806	0.650306638668	0.659130952841	0.672615301471	0.660800379945	0.638877971466	0.66645711702	0.65084850351	0.544675636498	0.0	0.692081309135	0.682853864022	0.774353535003	0.682561254019	0.704320564076	0.670234620479	0.678234895458	0.683812017313	0.729843907687	0.671549352171	0.671291328312	0.655597623154	0.698440165242	0.684796800603	0.747729779169	0.709524652446	0.674584973937	0.681692605584	0.664786572277	0.6439690911	0.662121138479	0.642422546621	0.649264351651	0.666270214196	0.626538203396	0.679273792336	0.646063767836	0.645495283136	0.686364787129	0.673234143783	0.668866485781	0.65949991392	0.648344803933	0.661186380321	0.652246092268	0.665921865723	0.654723718561	0.65417164786	0.658479023172	0.653889649636	0.659030099061	0.677366949786	0.654092968711	0.658485810222	0.6487040529	0.64740803747
AA7	0.668489992219	0.703441653439	0.72182118893	0.699891433553	0.669592416539	0.694729559504	0.711162422722	0.700766283294	0.659665981767	0.70540204879	0.673139387357	0.694929934088	0.681899828981	0.701832796933	0.677353381504	0.692081309135	0.0	0.516846524086	0.762982288788	0.67582043596	0.660085134721	0.663617946595	0.655496564553	0.691104744872	0.691107524138	0.699585600362	0.681191942923	0.672228191614	0.680214361822	0.681163564868	0.705387591079	0.589228827649	0.653240933343	0.726566533448	0.702735496882	0.720271705838	0.675934383477	0.693229557413	0.702324377237	0.728570253796	0.72566315129	0.70096877305	0.682520291511	0.709671001831	0.738651996171	0.737001007208	0.736221786026	0.740359927021	0.700333962343	0.745218197123	0.711039993301	0.736767289615	0.705826172816	0.718780215426	0.695830713124	0.720891313063	0.735453337261	0.748472165428	0.735080463138	0.749828212121	0.690173976711	0.711593503919
AA8	0.6768914724	0.692657852159	0.738591110941	0.690367395089	0.673528517232	0.6886074003	0.690545429181	0.669582976994	0.677163747799	0.684977197531	0.68098716944	0.673191182494	0.690891876594	0.711812147549	0.700412806641	0.682853864022	0.516846524086	0.0	0.770129520412	0.650241623785	0.640832146716	0.629270890072	0.656469915764	0.673599398438	0.699687577094	0.67388902637	0.679613826723	0.659625733584	0.660669988771	0.649645589367	0.544889603543	0.435901779598	0.674931254326	0.713846182881	0.713126054812	0.701354054713	0.68106180905	0.701669752793	0.700574412181	0.701515646628	0.69799793538	0.697191685518	0.69218776475	0.7044132618	0.721717366652	0.698345948813	0.714988933943	0.704634692909	0.707679637095	0.711229984557	0.699300278549	0.726261705505	0.696443454666	0.675518088265	0.675688730267	0.687449479478	0.730580725424	0.732995395152	0.72832649619	0.727405708872	0.700675675119	0.690798024107
AB7	0.7600094173	0.777145528578	0.717689146739	0.768340804204	0.753917699427	0.78368121822	0.770939591562	0.76613166894	0.770875684328	0.776347617985	0.762274008912	0.773697060676	0.774675501157	0.744000387822	0.778762796264	0.774353535003	0.762982288788	0.770129520412	0.0	0.57137033748	0.746508284206	0.766686624338	0.780826108271	0.782334390926	0.751811449998	0.779967077251	0.781203255295	0.770601861544	0.742511596494	0.620949784225	0.760547606886	0.782519676814	0.77142086037	0.801375494884	0.771393825981	0.791922024195	0.764871002407	0.764324382241	0.792649457325	0.785413009734	0.793082606754	0.747560891569	0.74350375819	0.780687723086	0.803394480452	0.806557003224	0.820940942792	0.812574188143	0.776692114729	0.79938435409	0.808103108562	0.800138800718	0.795015853349	0.805297316327	0.780001470014	0.80124244412	0.79492213177	0.805115889286	0.795321714568	0.802390674089	0.786007819373	0.79285268123
AB8	0.681509018577	0.688717488109	0.726592654385	0.677394782782	0.675730277016	0.683220067447	0.667326174462	0.647579294513	0.675997421745	0.655200520511	0.682003724549	0.670799234319	0.692451447212	0.690760700262	0.712258563607	0.682561254019	0.67582043596	0.650241623785	0.57137033748	0.0	0.640700861332	0.63562895037	0.680301763011	0.64802761456	0.691137208977	0.663997822429	0.661230338046	0.647884900535	0.488420177418	0.375046718406	0.697472641265	0.663012833416	0.698488157269	0.688639250319	0.691806555933	0.665398530422	0.665882154814	0.650089908043	0.676350560495	0.675754288826	0.680033887656	0.664529390351	0.654628483217	0.661369961966	0.686416999388	0.687116029025	0.723869305454	0.699230229237	0.675156560978	0.701539158192	0.683891672956	0.701332850327	0.668671079875	0.691205369343	0.681555759367	0.682778665742	0.690977926289	0.716322021346	0.68749465812	0.707244620884	0.690999463377	0.68384725661
AC7	0.689403330007	0.712344560096	0.730601036573	0.691842382849	0.698616722394	0.7087965209	0.716221892554	0.698386072336	0.717702099458	0.715069083306	0.677130578496	0.6993390708	0.69665667348	0.694359166765	0.718195103019	0.704320564076	0.660085134721	0.640832146716	0.746508284206	0.640700861332	0.0	0.49659461958	0.684543740994	0.68167689847	0.691290661384	0.682083816609	0.685316334791	0.559679274732	0.643151984284	0.638539084402	0.660527154744	0.661062675053	0.699839796379	0.703765272189	0.726940220314	0.725501768384	0.710226455626	0.71904056163	0.717067918963	0.724913047363	0.713197943022	0.728470876803	0.715401267832	0.709455537378	0.699320045988	0.707939187401	0.745927424383	0.750271665816	0.70076717243	0.743442664539	0.745419571631	0.740759777909	0.710500553346	0.691900035708	0.686387173662	0.697927169307	0.743685059188	0.744176911119	0.740429982471	0.741280672772	0.712772917745	0.734110488708
AC8	0.680782295224	0.66654226241	0.747918729687	0.690715581562	0.679230728523	0.691835819133	0.682299632046	0.665651690748	0.701746226987	0.67177517117	0.700512642932	0.660711806099	0.698275602271	0.699285890558	0.708436774082	0.670234620479	0.663617946595	0.629270890072	0.766686624338	0.63562895037	0.49659461958	0.0	0.678666529562	0.66610604102	0.707931640776	0.66001902075	0.517143858253	0.407819050553	0.665075660307	0.649499910138	0.695028698211	0.652778370246	0.693567318552	0.664555496562	0.698959919195	0.68723181765	0.700811139276	0.697375848637	0.678796092784	0.695938462495	0.683061244197	0.714130207636	0.687704763534	0.674304786245	0.681659303156	0.669416906868	0.713393098688	0.686794331074	0.681179890756	0.698153541702	0.697307684606	0.693312280291	0.67820863433	0.651975386996	0.65926551502	0.656437464684	0.70835520569	0.701185333735	0.708092820278	0.695594346389	0.684960667134	0.680175986778
AD7	0.657832390548	0.68958132147	0.71703090611	0.676027173557	0.711114070091	0.693458659137	0.705248033512	0.662996444006	0.644569013948	0.698391918307	0.673229632448	0.702711741987	0.66433788521	0.678617642348	0.675188530644	0.678234895458	0.655496564553	0.656469915764	0.780826108271	0.680301763011	0.684543740994	0.678666529562	0.0	0.466563131128	0.702595605394	0.497173014421	0.665416993443	0.679274041679	0.667170294412	0.675031276136	0.698768991017	0.674456018018	0.643472116093	0.69303207135	0.716076773916	0.706996906756	0.669612790172	0.690144152426	0.692858082739	0.704014236231	0.696980412778	0.675983969634	0.671479431441	0.693279114301	0.700381665056	0.706132095076	0.715650306747	0.713788607831	0.674200110453	0.709246898963	0.683511100827	0.721668420441	0.686359283321	0.672252853888	0.661512482362	0.68712553298	0.694394611296	0.727061370381	0.702734107548	0.713315942953	0.674961708698	0.694364585304
AD8	0.692069294008	0.690178755262	0.737862018157	0.68048853292	0.705299603728	0.708069866436	0.693344390169	0.660718071717	0.675744272655	0.678384157003	0.699970325983	0.702595738615	0.698589803303	0.688086482346	0.699608738963	0.683812017313	0.691104744872	0.673599398438	0.782334390926	0.64802761456	0.68167689847	0.66610604102	0.466563131128	0.0	0.615011806518	0.43024317005	0.645127651093	0.652063379402	0.647449910118	0.643230942863	0.696532226312	0.670526028802	0.68468912483	0.69865455604	0.717434349944	0.706445694283	0.690273930165	0.696741424606	0.692492284315	0.69905180421	0.700465380636	0.690455538234	0.665874256427	0.676300631297	0.703478197451	0.71384934358	0.7249037325	0.716299526036	0.673636824857	0.70482360617	0.689791908976	0.720082120042	0.683572146657	0.681112061511	0.678447315171	0.685883108179	0.711077795417	0.730635211595	0.705067305042	0.703559249478	0.685680056802	0.690579568232
AE7	0.724531284221	0.733619368336	0.734209296062	0.733718809994	0.710584852747	0.748754642768	0.722280079854	0.7264662843	0.741353291593	0.727392556443	0.763078381068	0.735571072399	0.735005031316	0.707548144435	0.730473240421	0.729843907687	0.691107524138	0.699687577094	0.751811449998	0.691137208977	0.691290661384	0.707931640776	0.702595605394	0.615011806518	0.0	0.51408495861	0.720342646625	0.70221981571	0.687851195466	0.701684918226	0.732522471957	0.674680584932	0.720794387723	0.748383755993	0.735904006929	0.745397676246	0.733201141272	0.752831337079	0.75656292142	0.756983441606	0.765358813609	0.757752681933	0.725371248125	0.731982074606	0.758333041285	0.76588265319	0.768825545879	0.779103014619	0.73212191821	0.774220184665	0.759888510931	0.779502969877	0.749759348357	0.742740441989	0.732580146785	0.750697865143	0.781665982024	0.792568175821	0.771210831489	0.764701424533	0.75513982288	0.773721416247
AE8	0.692097797301	0.687690298996	0.731884642283	0.69139043505	0.69748966557	0.69122996837	0.681401485161	0.650955718093	0.688086902061	0.684853872869	0.698930766012	0.687109085024	0.69352649253	0.696755801108	0.687050691116	0.671549352171	0.699585600362	0.67388902637	0.779967077251	0.663997822429	0.682083816609	0.66001902075	0.497173014421	0.43024317005	0.51408495861	0.0	0.648152369894	0.65798743405	0.662222777583	0.664975069404	0.707520203721	0.683715668878	0.682403747975	0.695018049442	0.720861899753	0.698994545692	0.707443767182	0.705042254777	0.70605895278	0.722358647035	0.703596935455	0.698605822715	0.678666438837	0.687877478512	0.709403525893	0.696973258128	0.711095412722	0.712573148303	0.691523984964	0.708720737926	0.692581528639	0.723880830965	0.690739984375	0.67936551019	0.685108167897	0.678785060298	0.713708185375	0.72879869633	0.714112850659	0.710022409278	0.696997577432	0.70686194351
AF7	0.679568790457	0.682068896418	0.72101906497	0.673006831284	0.706206477635	0.70139065276	0.699734720244	0.672893941666	0.673444262552	0.694763742951	0.70058004699	0.704293107767	0.683512297511	0.694131076781	0.697878750344	0.671291328312	0.681191942923	0.679613826723	0.781203255295	0.661230338046	0.685316334791	0.517143858253	0.665416993443	0.645127651093	0.720342646625	0.648152369894	0.0	0.483230582393	0.659607481804	0.674059775307	0.731644584561	0.699296980753	0.681477454757	0.71703625767	0.714632851171	0.701145976304	0.684967996527	0.70059749333	0.676530678044	0.709729693685	0.694494676838	0.688934040605	0.693681518243	0.679862497667	0.724521741116	0.727764758319	0.71404462095	0.708176677816	0.695441815906	0.706841211383	0.690779696372	0.708454838911	0.679105819893	0.687466773276	0.67293876241	0.68402536436	0.697079161848	0.720029307591	0.688325360099	0.721132096755	0.677553102992	0.690662528026
AF8	0.677237236523	0.66074961572	0.72536549626	0.681877693716	0.683553195593	0.691196459764	0.676150606297	0.667866904199	0.700392403381	0.681164584924	0.702513542432	0.675154924805	0.70584251409	0.683096192783	0.693647894965	0.655597623154	0.672228191614	0.659625733584	0.770601861544	0.647884900535	0.559679274732	0.407819050553	0.679274041679	0.652063379402	0.70221981571	0.65798743405	0.483230582393	0.0	0.669497697389	0.659995650541	0.709446248694	0.668593501268	0.702691642025	0.676401493736	0.69360647236	0.686924931515	0.685960701775	0.686182281481	0.6784134506	0.713627413795	0.697192538294	0.717390376442	0.685613931194	0.668594095805	0.691368207939	0.689663046018	0.707225524091	0.695634548766	0.667792905621	0.704367091864	0.702927088833	0.67878782211	0.677360093021	0.670202336863	0.670669727084	0.671844691457	0.696039287908	0.691879495928	0.691333966896	0.707321214613	0.662086373778	0.667924437421
AG7	0.692726584122	0.686674170409	0.712818588834	0.679767038221	0.69940056745	0.701062107704	0.709318414699	0.673403558095	0.636359827753	0.688008457668	0.696603910881	0.706409712421	0.700140806813	0.685962311596	0.709425434591	0.698440165242	0.680214361822	0.660669988771	0.742511596494	0.488420177418	0.643151984284	0.665075660307	0.667170294412	0.647449910118	0.687851195466	0.662222777583	0.659607481804	0.669497697389	0.0	0.461276921494	0.685625410451	0.660740090494	0.68721958837	0.707736606294	0.710835102068	0.689365363725	0.676499694974	0.679342576847	0.694424873864	0.703985694973	0.707395870676	0.703144678625	0.687216733908	0.681142406252	0.716693742347	0.713536229274	0.73308426081	0.71854161307	0.696995774252	0.714454448436	0.694898292681	0.731966287702	0.675773226431	0.705275189423	0.697503883714	0.701344208528	0.688869056512	0.735819088694	0.697351991088	0.729199126126	0.686679019045	0.705742515861
AG8	0.67409612952	0.684261209096	0.739084386067	0.683845684416	0.681673192443	0.681488362372	0.680545870309	0.646791949141	0.663908696336	0.652003566626	0.674149812647	0.677686631506	0.70805139071	0.687377278072	0.698625356948	0.684796800603	0.681163564868	0.649645589367	0.620949784225	0.375046718406	0.638539084402	0.649499910138	0.675031276136	0.643230942863	0.701684918226	0.664975069404	0.674059775307	0.659995650541	0.461276921494	0.0	0.691031312844	0.64728814879	0.687627589486	0.69660716966	0.688401096191	0.664808862362	0.657568035804	0.649738932149	0.671935283096	0.67786041369	0.675347258135	0.682923089214	0.655336745674	0.659344986325	0.687262353525	0.685465885258	0.725935949263	0.69643567554	0.684949058262	0.701954481326	0.690954199716	0.708899802544	0.677838851258	0.69382410873	0.678181085923	0.680050392182	0.686922829163	0.721880232769	0.692279403626	0.707240434242	0.679171556715	0.687436417832
AH7	0.731214089404	0.756962064093	0.751881592222	0.740831275046	0.738485582304	0.738599936649	0.725691571038	0.73058057691	0.729369332461	0.743198283024	0.715466397265	0.739818770734	0.73865514354	0.734440500874	0.756526808782	0.747729779169	0.705387591079	0.544889603543	0.760547606886	0.697472641265	0.660527154744	0.695028698211	0.698768991017	0.696532226312	0.732522471957	0.707520203721	0.731644584561	0.709446248694	0.685625410451	0.691031312844	0.0	0.53358914827	0.711729131234	0.765185815422	0.765823135659	0.764742372508	0.748148940049	0.759157682008	0.759142585578	0.74713319733	0.759676934523	0.747833317572	0.754891063309	0.739616759319	0.765285873685	0.771060675619	0.769020402899	0.758219918361	0.755210765813	0.769931058313	0.768839989467	0.786452983387	0.744881300563	0.733667801748	0.72999242486	0.741551672217	0.775122937362	0.797983575889	0.771844888039	0.773380813693	0.753359977638	0.752297030159
AH8	0.711237727028	0.701855784721	0.760085656538	0.710019258242	0.704044015468	0.694877966525	0.71287957267	0.69623001796	0.68745856316	0.692117042532	0.713466702466	0.700005109295	0.714317875429	0.714679025075	0.719115162034	0.709524652446	0.589228827649	0.435901779598	0.782519676814	0.663012833416	0.661062675053	0.652778370246	0.674456018018	0.670526028802	0.674680584932	0.683715668878	0.699296980753	0.668593501268	0.660740090494	0.64728814879	0.53358914827	0.0	0.695170601229	0.730636816651	0.729521213824	0.723370381445	0.706668926278	0.714814855735	0.714715901954	0.715334408468	0.724633818587	0.727511876237	0.71138696475	0.709535193505	0.729364759359	0.725146930007	0.728792124667	0.727514884851	0.731437182417	0.72746725536	0.724937933387	0.741253742786	0.69715819616	0.704739726933	0.703493750824	0.703148102413	0.728441903553	0.74257046004	0.739558220946	0.742683399926	0.710654077411	0.711600290756
AA5	0.647842830571	0.678604151405	0.730788602844	0.69138376851	0.662355312253	0.685943635945	0.705371779988	0.682961100537	0.61653801158	0.697142627981	0.649003187368	0.664864924371	0.68578211071	0.691135230384	0.66270634267	0.674584973937	0.653240933343	0.674931254326	0.77142086037	0.698488157269	0.699839796379	0.693567318552	0.643472116093	0.68468912483	0.720794387723	0.682403747975	0.681477454757	0.702691642025	0.68721958837	0.687627589486	0.711729131234	0.695170601229	0.0	0.622340548755	0.672127148861	0.696883738725	0.634746007564	0.660463614378	0.67831868773	0.678968562615	0.696864584787	0.662964615439	0.638455698607	0.66238024864	0.716778351745	0.669735987489	0.677143086055	0.713119828849	0.695871260586	0.705564981815	0.690458334267	0.70914995833	0.668278201521	0.69496480669	0.658279238901	0.695500491085	0.679819936362	0.727766622414	0.680589425901	0.719770899716	0.657539923333	0.698642561468
AA6	0.689796100895	0.676530030228	0.783549972399	0.707946345381	0.706562601603	0.688344880653	0.673656773809	0.661786395389	0.703599870112	0.664797180516	0.689653614556	0.65737119652	0.708149459629	0.725874231764	0.710007270562	0.681692605584	0.726566533448	0.713846182881	0.801375494884	0.688639250319	0.703765272189	0.664555496562	0.69303207135	0.69865455604	0.748383755993	0.695018049442	0.71703625767	0.676401493736	0.707736606294	0.69660716966	0.765185815422	0.730636816651	0.622340548755	0.0	0.698852354046	0.682750789886	0.65056541211	0.645097084768	0.671321834875	0.684237012391	0.673110243463	0.690346202529	0.651695278063	0.664252209535	0.450202073559	0.422520566903	0.693643018459	0.685014790222	0.665420714781	0.68391836498	0.679908884824	0.666870182296	0.68131636479	0.690543583586	0.687732187851	0.694479632445	0.668326545058	0.682592929409	0.686033430592	0.689202831773	0.656081584444	0.669890663825
AB5	0.674248011032	0.663657309507	0.727120566514	0.67971402147	0.678797301266	0.660498272018	0.677077798786	0.674174480135	0.674106611173	0.674756266783	0.660170801905	0.659689389941	0.699654257012	0.688859686294	0.69741939157	0.664786572277	0.702735496882	0.713126054812	0.771393825981	0.691806555933	0.726940220314	0.698959919195	0.716076773916	0.717434349944	0.735904006929	0.720861899753	0.714632851171	0.69360647236	0.710835102068	0.688401096191	0.765823135659	0.729521213824	0.672127148861	0.698852354046	0.0	0.4127227162	0.65238274898	0.664046492703	0.673408731204	0.632978099082	0.654249258061	0.692533339759	0.666137833338	0.64926522804	0.710211296579	0.703365877652	0.671810530371	0.696343949753	0.671190474479	0.713761611472	0.685249585404	0.686977045447	0.663759319541	0.687611173326	0.69007624043	0.684882045142	0.704913758175	0.706894963689	0.694339506188	0.703451248984	0.653733963062	0.700312157681
AB6	0.677427926545	0.655146188407	0.74094996156	0.689161314818	0.668196192442	0.63721620969	0.667566968708	0.657204918336	0.688968361182	0.657640313763	0.677442102095	0.649269470897	0.703087594243	0.704095088344	0.686428446707	0.6439690911	0.720271705838	0.701354054713	0.791922024195	0.665398530422	0.725501768384	0.68723181765	0.706996906756	0.706445694283	0.745397676246	0.698994545692	0.701145976304	0.686924931515	0.689365363725	0.664808862362	0.764742372508	0.723370381445	0.696883738725	0.682750789886	0.4127227162	0.0	0.663539507123	0.655628522664	0.652554222138	0.64238647115	0.633367427303	0.679395975407	0.65654444598	0.559505342222	0.691645780167	0.673732152727	0.662334209219	0.668618642907	0.664216864194	0.6777723025	0.672106762223	0.677326781586	0.668850529737	0.667236568324	0.677829492763	0.659972587616	0.679908920381	0.685837452794	0.662553074628	0.673137081866	0.664991901499	0.682804094702
AC5	0.630795985586	0.670855302922	0.736115565283	0.671096717658	0.700856348793	0.68056630913	0.682078019251	0.663426312213	0.634364129569	0.682976737814	0.653517901263	0.671190681012	0.685692305843	0.68788460072	0.675716479223	0.662121138479	0.675934383477	0.68106180905	0.764871002407	0.665882154814	0.710226455626	0.700811139276	0.669612790172	0.690273930165	0.733201141272	0.707443767182	0.684967996527	0.685960701775	0.676499694974	0.657568035804	0.748148940049	0.706668926278	0.634746007564	0.65056541211	0.65238274898	0.663539507123	0.0	0.490813343372	0.633246361198	0.649753073503	0.657308536802	0.676495724912	0.578690591134	0.631973364085	0.668926261394	0.669886409481	0.66079804466	0.702132504084	0.628354248183	0.677037550081	0.654413823715	0.661290707962	0.653124079865	0.667865380174	0.641062028377	0.665024024802	0.647389054274	0.674927404434	0.647192937629	0.696953530344	0.642441935938	0.669478955515
AC6	0.64511722227	0.646877504529	0.748442994328	0.669735870624	0.681300087207	0.675696016925	0.675663264845	0.662098343074	0.685966151717	0.669851099553	0.672506779821	0.665842108245	0.695975690486	0.679110597305	0.687274527736	0.642422546621	0.693229557413	0.701669752793	0.764324382241	0.650089908043	0.71904056163	0.697375848637	0.690144152426	0.696741424606	0.752831337079	0.705042254777	0.70059749333	0.686182281481	0.679342576847	0.649738932149	0.759157682008	0.714814855735	0.660463614378	0.645097084768	0.664046492703	0.655628522664	0.490813343372	0.0	0.639237928097	0.646263869797	0.641821372475	0.567516756881	0.484531628866	0.618849272904	0.673496953085	0.663390494065	0.662499722581	0.683924281295	0.626054995677	0.661165414746	0.656508850422	0.665456051648	0.662336349166	0.669993945182	0.663784652148	0.665293341235	0.630086633734	0.680543007641	0.643190933716	0.674344380575	0.661828234593	0.666628268527
AD6	0.672319200932	0.659884536933	0.75786243988	0.680113111115	0.681632441875	0.658005680049	0.63318195611	0.626274807593	0.652358518158	0.627012702225	0.670563606991	0.65146226274	0.692467487165	0.684515892829	0.678816909083	0.649264351651	0.702324377237	0.700574412181	0.792649457325	0.676350560495	0.717067918963	0.678796092784	0.692858082739	0.692492284315	0.75656292142	0.70605895278	0.676530678044	0.6784134506	0.694424873864	0.671935283096	0.759142585578	0.714715901954	0.67831868773	0.671321834875	0.673408731204	0.652554222138	0.633246361198	0.639237928097	0.0	0.514869157321	0.434897007596	0.682404996238	0.639151425354	0.647509504641	0.671873756496	0.671786085199	0.670123588407	0.666231835194	0.640209944965	0.646050048442	0.685157703958	0.687208401465	0.656297559433	0.655704354193	0.654445065468	0.656050196805	0.645035765946	0.684424750111	0.649170504858	0.649277514084	0.642682213454	0.665996055967
AE5	0.670739306285	0.667770035683	0.760513614231	0.689774741308	0.655184052474	0.659882858258	0.64708079445	0.630313413525	0.662327740835	0.636814477416	0.674832813197	0.634145618139	0.698092382345	0.685976390438	0.695366930468	0.666270214196	0.728570253796	0.701515646628	0.785413009734	0.675754288826	0.724913047363	0.695938462495	0.704014236231	0.69905180421	0.756983441606	0.722358647035	0.709729693685	0.713627413795	0.703985694973	0.67786041369	0.74713319733	0.715334408468	0.678968562615	0.684237012391	0.632978099082	0.64238647115	0.649753073503	0.646263869797	0.514869157321	0.0	0.395194947841	0.687572695435	0.645743193659	0.658512712159	0.688994139363	0.683176332816	0.679542833375	0.664370914147	0.655389564616	0.645179589029	0.657663433601	0.690197729059	0.641064362207	0.648210322275	0.649884959695	0.649174415033	0.647644198919	0.704580712391	0.657524519935	0.653518414986	0.636155582645	0.67486409259
AE6	0.67878504026	0.64317251898	0.758040579318	0.691989706555	0.671944111562	0.665950283164	0.632955904872	0.622106743313	0.67727204122	0.628140649235	0.693350187051	0.646568079002	0.693777410206	0.695472278652	0.679299546718	0.626538203396	0.72566315129	0.69799793538	0.793082606754	0.680033887656	0.713197943022	0.683061244197	0.696980412778	0.700465380636	0.765358813609	0.703596935455	0.694494676838	0.697192538294	0.707395870676	0.675347258135	0.759676934523	0.724633818587	0.696864584787	0.673110243463	0.654249258061	0.633367427303	0.657308536802	0.641821372475	0.434897007596	0.395194947841	0.0	0.672213075205	0.637118400564	0.659987293194	0.682321047491	0.662338634261	0.668756217991	0.634815118812	0.64346915265	0.634355452696	0.664821011875	0.685309287912	0.642571684776	0.647444367539	0.647224088904	0.642028991176	0.645043881384	0.678912741666	0.643826221078	0.631487102471	0.639536275932	0.648020781546
AF5	0.680752510566	0.687617233412	0.726404059595	0.672276089376	0.669828995952	0.686670991231	0.699450322878	0.669020702001	0.66725349349	0.697626041654	0.674437380979	0.675375254567	0.669110497782	0.673273289156	0.69069241302	0.679273792336	0.70096877305	0.697191685518	0.747560891569	0.664529390351	0.728470876803	0.714130207636	0.675983969634	0.690455538234	0.757752681933	0.698605822715	0.688934040605	0.717390376442	0.703144678625	0.682923089214	0.747833317572	0.727511876237	0.662964615439	0.690346202529	0.692533339759	0.679395975407	0.676495724912	0.567516756881	0.682404996238	0.687572695435	0.672213075205	0.0	0.509471765857	0.673627475492	0.726475023677	0.704053226787	0.696485639077	0.729515865187	0.670181179369	0.682517736493	0.683847753017	0.722123853019	0.699253355178	0.7145672149	0.715169613451	0.720222643112	0.684939161612	0.733088517526	0.689092364003	0.692064435371	0.673119227075	0.705703123758
AF6	0.647478939023	0.6502544274	0.723548472977	0.650407306378	0.640959752193	0.667091993846	0.675076650447	0.654431314096	0.664565065136	0.655819393203	0.663928754697	0.634451978274	0.668501456963	0.647457050339	0.658373985368	0.646063767836	0.682520291511	0.69218776475	0.74350375819	0.654628483217	0.715401267832	0.687704763534	0.671479431441	0.665874256427	0.725371248125	0.678666438837	0.693681518243	0.685613931194	0.687216733908	0.655336745674	0.754891063309	0.71138696475	0.638455698607	0.651695278063	0.666137833338	0.65654444598	0.578690591134	0.484531628866	0.639151425354	0.645743193659	0.637118400564	0.509471765857	0.0	0.623798173384	0.695178327041	0.680994909898	0.672209817516	0.692335859581	0.632715796925	0.663252974729	0.663116465236	0.674826677908	0.676741215747	0.683011488198	0.671869846432	0.684056186733	0.652397381513	0.692844563066	0.636403793586	0.671766746777	0.64389477356	0.659837687004
