	AA3	AA4	AB3	AB4	AC3	AC4	AD3	AD4	AE3	AE4	AF3	AF4	AG3	AG4	AH3	AH4	AA7	AA8	AB7	AB8	AC7	AC8	AD7	AD8	AE7	AE8	AF7	AF8	AG7	AG8	AH7	AH8	AA5	AA6	AB5	AB6	AC5	AC6	AD6	AE5	AE6	AF5	AF6	AG5	AH5	AH6	AA1	AA2	AB1	AB2	AC1	AC2	AD1	AD2	AE1	AE2	AF1	AF2	AG1	AG2	AH1	AH2
AA3	0.0	0.497443793674	0.693706377231	0.637954023175	0.676078262537	0.674261343404	0.682281423535	0.701313362047	0.658375132121	0.689403746968	0.644098207971	0.6714949482	0.651007069469	0.644880980008	0.686296743662	0.481821739036	0.67519355251	0.686027923502	0.765058725753	0.690277397391	0.695498649645	0.688177493691	0.685183406933	0.691247696978	0.731785725371	0.706333085613	0.682362363453	0.687094204433	0.683576988357	0.685595088861	0.744177594811	0.696461265652	0.656862499638	0.690624938683	0.673904953962	0.686008625629	0.638188028639	0.663396744257	0.658693677894	0.681777353431	0.678028695703	0.669988828617	0.658528167048	0.668954886466	0.699139281212	0.701431968238	0.658874293704	0.69559461566	0.64997448207	0.689904783632	0.672191445764	0.679875019952	0.643718254781	0.651969592068	0.663010600422	0.657626554303	0.649157603298	0.685786018616	0.669529931221	0.686300442367	0.658432020152	0.699830425233
AA4	0.497443793674	0.0	0.699534241414	0.643756478857	0.651889689537	0.644677149489	0.651554525667	0.671125007458	0.672008532259	0.655960437343	0.654308983118	0.654636910947	0.663824239562	0.649283630702	0.48814497892	0.366848384197	0.690354675637	0.69032073227	0.766466400752	0.682714732171	0.70463513705	0.672085548348	0.687906021491	0.684124173601	0.72797834559	0.689503651107	0.672162631467	0.664456264147	0.696078970162	0.675576924051	0.743679676338	0.669835592129	0.664281055301	0.693108794683	0.65886466323	0.638243089682	0.65465042382	0.642802520724	0.635369285275	0.653729196027	0.646118124608	0.664200193598	0.649024120672	0.640564819801	0.675125476603	0.683691524266	0.667908509526	0.666055217575	0.64861196337	0.663510273338	0.664785130539	0.658642859326	0.648547338538	0.640729102308	0.658080117784	0.636267466202	0.648095560592	0.664190613133	0.653681246434	0.641764120447	0.663697203439	0.669059280753
AB3	0.693706377231	0.699534241414	0.0	0.668916754291	0.693092799685	0.752838297444	0.72917473283	0.753291902163	0.705724277811	0.74086781987	0.732429406951	0.753262600745	0.701734033732	0.579453123824	0.680620814468	0.69499711013	0.720459399402	0.732297305433	0.73407335842	0.716427052617	0.726815229543	0.727274938393	0.704446066456	0.726131675368	0.700353935766	0.712748007361	0.717611925149	0.729915057054	0.704395772561	0.726200741627	0.749767254687	0.726128638064	0.722443190173	0.779148190461	0.728934630829	0.741818341673	0.717452671364	0.735023317197	0.770158953491	0.769838650624	0.778147344443	0.704825055709	0.710479714074	0.716971652807	0.791804892362	0.795790936873	0.771734472895	0.772924546318	0.721791218764	0.781594692466	0.749147944358	0.777293357687	0.763137655406	0.759232695119	0.732082646915	0.752433972829	0.757662104384	0.765219129785	0.760279141588	0.773141655722	0.735085149783	0.762755147714
AB4	0.637954023175	0.643756478857	0.668916754291	0.0	0.681515409494	0.681867736905	0.679987699022	0.687237376567	0.665174813004	0.679800454697	0.664140869217	0.684898762541	0.406566645929	0.471115993775	0.677909550737	0.658337780401	0.693464846763	0.693704305513	0.752922870363	0.683004751785	0.68193901564	0.684185163324	0.694523694683	0.694809611668	0.716687293046	0.696570645797	0.680257109104	0.678660630014	0.65674713625	0.67749101551	0.740110218858	0.701475727137	0.68975513255	0.704929747843	0.673750211551	0.685329104845	0.674710689558	0.659653749174	0.67984678035	0.674356188358	0.699726916851	0.661847168933	0.648628430803	0.680057853877	0.712362284464	0.724145890209	0.691262370257	0.714237236489	0.644992844903	0.696278221928	0.708072179317	0.706009155033	0.667133342179	0.689154959426	0.687552384453	0.67318464926	0.682289396805	0.721738502548	0.690405404359	0.701039539324	0.680630058539	0.69930610167
AC3	0.676078262537	0.651889689537	0.693092799685	0.681515409494	0.0	0.515598750062	0.656956248992	0.67590976781	0.669108486971	0.657839269545	0.684898495719	0.484181174672	0.704743023244	0.691306021039	0.678701082185	0.672518619664	0.678622271825	0.676516815737	0.752863717386	0.686136106649	0.697713149556	0.68796923533	0.725311810545	0.711954500698	0.707157475505	0.714345471872	0.710311186836	0.692354058696	0.700433661053	0.680606120556	0.735171568396	0.680918759716	0.670246235549	0.701386561615	0.690975091319	0.682872348687	0.692002898252	0.669105758644	0.678277954571	0.654810604073	0.667172070959	0.653799457594	0.647920976495	0.664119494306	0.71797537868	0.708977950791	0.714434806685	0.707441657438	0.68282047113	0.689934017523	0.686846282064	0.707197704929	0.68840980429	0.690278051985	0.673068254196	0.677328905919	0.688740966977	0.707512960005	0.689055401445	0.670775411135	0.681183087232	0.705841123848
AC4	0.674261343404	0.644677149489	0.752838297444	0.681867736905	0.515598750062	0.0	0.667786141476	0.657364220417	0.656874751833	0.649772568474	0.521588973108	0.357515396332	0.686266193476	0.703708288827	0.691250886221	0.659685107459	0.694377468216	0.696705807519	0.772381996297	0.691529751022	0.729001957283	0.703958240894	0.721517401742	0.715891911591	0.759505410469	0.706784078024	0.707931718824	0.699685162293	0.722487822028	0.681233401713	0.765105664546	0.700864216086	0.661936224413	0.663369561679	0.676959772721	0.675480710342	0.672401676019	0.627338198087	0.660398352275	0.646564197595	0.664557159891	0.667378662918	0.65863707271	0.654178850467	0.687601196228	0.681965472818	0.722033930452	0.704559759057	0.705776535685	0.680400677406	0.685929101837	0.676715843678	0.685058748296	0.700095830453	0.701275937382	0.689649076544	0.660259987947	0.679186969577	0.675054489421	0.667685849853	0.661573811738	0.701685508915
AD3	0.682281423535	0.651554525667	0.72917473283	0.679987699022	0.656956248992	0.667786141476	0.0	0.416501435939	0.656244003325	0.32745406602	0.697266521849	0.651533907212	0.696932646976	0.669467532042	0.677878688704	0.651771620024	0.705383621526	0.680091319591	0.762669635291	0.658240821064	0.706850935012	0.664737957611	0.703151877215	0.675316664566	0.718571006871	0.669137821213	0.696336982272	0.678850832904	0.688974711755	0.661189311942	0.742085655612	0.657438897875	0.689372192366	0.658030113408	0.661366031338	0.657919344959	0.665734201655	0.654108143186	0.60968600878	0.641650972238	0.631718514454	0.669543891479	0.684436124388	0.664440414346	0.678443852008	0.670738147305	0.676553430103	0.651709614216	0.661044991404	0.654103075186	0.680722078878	0.682258743362	0.675885035744	0.669226903749	0.665419024849	0.65563174814	0.678885359859	0.666643811368	0.690930568503	0.650045991724	0.694581459387	0.656373206794
AD4	0.701313362047	0.671125007458	0.753291902163	0.687237376567	0.67590976781	0.657364220417	0.416501435939	0.0	0.5867067072	0.386796285455	0.689149497661	0.648048051885	0.690139745585	0.699462294089	0.679298128275	0.667448056635	0.704594585881	0.688939592456	0.78278772191	0.654780999238	0.709083019197	0.674592091407	0.691908473913	0.665195733807	0.730314771366	0.65716651758	0.69648446151	0.669459404228	0.671868992996	0.660987091944	0.715306728	0.676112217028	0.701990031254	0.650531285312	0.68709378735	0.690514598812	0.674739207425	0.660784280304	0.619607846444	0.647440831017	0.636411691095	0.674095541985	0.687450168786	0.663867459724	0.683219855225	0.679499250195	0.69779006163	0.678399367306	0.679763322443	0.665127468148	0.690930445746	0.691980453666	0.680595845608	0.677211395876	0.666320409842	0.672537063792	0.689762454318	0.690753664101	0.703289201036	0.647256732863	0.698688191175	0.647218859815
AE3	0.658375132121	0.672008532259	0.705724277811	0.665174813004	0.669108486971	0.656874751833	0.656244003325	0.5867067072	0.0	0.619644961014	0.648635837795	0.664304175629	0.667103895041	0.688702777583	0.662450585414	0.66852865221	0.663177936417	0.673651954072	0.77096948976	0.67760755893	0.717773911253	0.71519679651	0.658787597391	0.677282933838	0.724455870848	0.676898997939	0.68306902587	0.690478630277	0.651619394239	0.67992846128	0.732923563966	0.680978898837	0.619405801056	0.684741831988	0.680275672046	0.706928537691	0.644403969523	0.654544581728	0.662093571767	0.669491095266	0.692452479048	0.638223749349	0.677834433488	0.655315270413	0.722926678086	0.725080536982	0.699717517207	0.723397512392	0.698989931124	0.705241234554	0.681056024627	0.70973057953	0.665627895414	0.69310567956	0.653585740004	0.691720026946	0.687779173381	0.722363857504	0.704365383921	0.684249122839	0.654819437796	0.735194444265
AE4	0.689403746968	0.655960437343	0.74086781987	0.679800454697	0.657839269545	0.649772568474	0.32745406602	0.386796285455	0.619644961014	0.0	0.692032833312	0.639396203432	0.697953245549	0.683833916914	0.681789560697	0.664254916214	0.702147005174	0.674258327368	0.770263401396	0.652285577126	0.70919472398	0.666309732897	0.699871572281	0.67985758917	0.732390178967	0.678768925803	0.699083271021	0.672213413931	0.671746769372	0.643480755245	0.740541575388	0.656644298763	0.689169295952	0.65642413915	0.666312625431	0.663473311307	0.666242984092	0.653550341451	0.604829631149	0.621790188982	0.619236839571	0.676527938239	0.68036569405	0.657600350362	0.680619629506	0.669077419898	0.683430998197	0.651784486893	0.666069035473	0.653766024275	0.68459637061	0.678352661431	0.67568645761	0.663834499088	0.655443982737	0.651612823992	0.682739238861	0.675263163	0.682537468659	0.647998302538	0.684669401389	0.654698586725
AF3	0.644098207971	0.654308983118	0.732429406951	0.664140869217	0.684898495719	0.521588973108	0.697266521849	0.689149497661	0.648635837795	0.692032833312	0.0	0.565682572157	0.663581690692	0.678514673535	0.673476113028	0.664572573025	0.665382962372	0.678276901258	0.770762217316	0.68278223998	0.676954635507	0.709647382234	0.68100672274	0.683328338504	0.752543712713	0.7102391231	0.694947891866	0.713890990171	0.687214112271	0.674769244413	0.714658499851	0.678665948547	0.633607499626	0.692953612544	0.674344698072	0.6922232099	0.653442054125	0.652691736204	0.683922184238	0.676261651222	0.691348174107	0.693702165964	0.66655380204	0.661189414507	0.686209726896	0.706736645479	0.717578659718	0.717520966884	0.703609994951	0.720319857179	0.705559277169	0.708950800237	0.695492489213	0.698192183761	0.685953381099	0.697138124052	0.675612039971	0.702457762259	0.683315257086	0.710987969789	0.654827314333	0.716957537292
AF4	0.6714949482	0.654636910947	0.753262600745	0.684898762541	0.484181174672	0.357515396332	0.651533907212	0.648048051885	0.664304175629	0.639396203432	0.565682572157	0.0	0.706008510765	0.708338545511	0.688266201242	0.660609724917	0.701863767139	0.681487248973	0.772980349681	0.676713825014	0.706929255446	0.683975948287	0.722434730207	0.712820764187	0.737254475421	0.702860780021	0.719394522384	0.679919414098	0.71095258775	0.665143211712	0.758169640235	0.687007994533	0.665277197218	0.659404802581	0.674914397358	0.670253987392	0.683998743455	0.641078419188	0.668311060913	0.643396835139	0.662780152766	0.681523333015	0.664888388192	0.662345725534	0.685650008285	0.680266126257	0.715909312804	0.704019613533	0.688540855781	0.667074375142	0.680940621158	0.682644201163	0.663055644192	0.690929152127	0.695117030113	0.677401983051	0.672276106781	0.688276816312	0.694659204933	0.661422294819	0.669947882978	0.692183664504
AG3	0.651007069469	0.663824239562	0.701734033732	0.406566645929	0.704743023244	0.686266193476	0.696932646976	0.690139745585	0.667103895041	0.697953245549	0.663581690692	0.706008510765	0.0	0.522833784264	0.686814074843	0.664424257832	0.671510868476	0.687882405583	0.773223244906	0.684890663119	0.676624979991	0.691388099533	0.662957236736	0.696134813783	0.725926383448	0.698228643344	0.681707137815	0.697869145952	0.672309411785	0.697938707122	0.731466388266	0.691996640853	0.68859470014	0.708439709812	0.689510444897	0.704534768791	0.6717929497	0.672239234147	0.678475179196	0.69965706796	0.696520696806	0.669827324498	0.662614215869	0.67826501961	0.704598749136	0.711685889119	0.695841559396	0.721503776368	0.651979838762	0.700446684027	0.709412612927	0.698772355579	0.682297301891	0.678643735958	0.68200768056	0.67887932422	0.698726180473	0.726621832601	0.699368691344	0.699163297561	0.688900677755	0.709786625208
AG4	0.644880980008	0.649283630702	0.579453123824	0.471115993775	0.691306021039	0.703708288827	0.669467532042	0.699462294089	0.688702777583	0.683833916914	0.678514673535	0.708338545511	0.522833784264	0.0	0.675270765456	0.653625581346	0.709995902837	0.712994273548	0.728071895174	0.672285120929	0.691764865254	0.682345298863	0.700185943874	0.695432619653	0.699657191171	0.709740119295	0.68317988798	0.68524679759	0.659247724964	0.680730673188	0.723897497472	0.68600237028	0.701397498577	0.726667201306	0.700505272217	0.717346487769	0.701281065455	0.684535961883	0.690539422522	0.702769618616	0.707251877594	0.664223680671	0.670202961567	0.696822373615	0.735842803094	0.743101480275	0.704542871084	0.711864507734	0.674995067766	0.710634809285	0.712721361434	0.731626320882	0.692166345576	0.70764288632	0.701100064448	0.694402992938	0.709349018647	0.732564132219	0.712388558119	0.712773952442	0.697761159121	0.700825814675
AH3	0.686296743662	0.48814497892	0.680620814468	0.677909550737	0.678701082185	0.691250886221	0.677878688704	0.679298128275	0.662450585414	0.681789560697	0.673476113028	0.688266201242	0.686814074843	0.675270765456	0.0	0.538558209209	0.688443821334	0.708593566482	0.783021779295	0.708564265859	0.722147751604	0.717931850742	0.692527196577	0.698802510904	0.733832555369	0.702584825381	0.696724088064	0.704739141063	0.700305618907	0.70352461	0.754102072349	0.698437847687	0.665060460979	0.718711285495	0.689515370664	0.682053159734	0.674173268212	0.673232875862	0.685137990919	0.689906403352	0.685706854788	0.677377500919	0.678264898969	0.66477038178	0.709433285312	0.715055306244	0.706695455618	0.700782089605	0.702925003604	0.715221006579	0.704743446158	0.718408279755	0.708289037241	0.685900809857	0.691586756185	0.69288452896	0.703209029838	0.711243751535	0.699524261016	0.692944608265	0.696475201807	0.707737217791
AH4	0.481821739036	0.366848384197	0.69499711013	0.658337780401	0.672518619664	0.659685107459	0.651771620024	0.667448056635	0.66852865221	0.664254916214	0.664572573025	0.660609724917	0.664424257832	0.653625581346	0.538558209209	0.0	0.701345691483	0.691002907647	0.777965481517	0.680994996247	0.712133768932	0.675343009149	0.68214760508	0.677156103458	0.733475060564	0.682943430213	0.669175746917	0.665794676367	0.68968357938	0.680002350305	0.749772176788	0.681044770389	0.672883614108	0.694974123818	0.669128508978	0.652002014036	0.663054611174	0.652149151408	0.642483539548	0.67077529122	0.655513954972	0.662072968582	0.66191454527	0.654617030895	0.678457906274	0.678204112376	0.67073093315	0.658861721608	0.651566789998	0.674862705769	0.653150132059	0.669120612705	0.659506451952	0.635282349469	0.670515741407	0.639965863216	0.66241051439	0.656228532661	0.664813888317	0.64091606244	0.668208679353	0.657336870659
AA7	0.67519355251	0.690354675637	0.720459399402	0.693464846763	0.678622271825	0.694377468216	0.705383621526	0.704594585881	0.663177936417	0.702147005174	0.665382962372	0.701863767139	0.671510868476	0.709995902837	0.688443821334	0.701345691483	0.0	0.506758878152	0.777503909775	0.693462477261	0.659025983458	0.6874664548	0.683612714569	0.688220956113	0.710950028717	0.693199933467	0.653286157634	0.681983783266	0.674743181579	0.680145559882	0.703070364502	0.546311847202	0.654850936169	0.728745978128	0.716045772737	0.725259557508	0.672130915486	0.690374417751	0.695615555414	0.723982555823	0.735905143841	0.697882824594	0.700932784169	0.711319991007	0.729786100647	0.721646865706	0.745204773052	0.739704954483	0.71251663145	0.742809587352	0.716162538965	0.743515960092	0.691648146243	0.718897423792	0.693221048923	0.703785915253	0.727525843575	0.742984590412	0.740939279718	0.730353591224	0.697362169258	0.732194879789
AA8	0.686027923502	0.69032073227	0.732297305433	0.693704305513	0.676516815737	0.696705807519	0.680091319591	0.688939592456	0.673651954072	0.674258327368	0.678276901258	0.681487248973	0.687882405583	0.712994273548	0.708593566482	0.691002907647	0.506758878152	0.0	0.77561361609	0.653069309666	0.633482538454	0.644357734841	0.683471573117	0.674641168171	0.701732860471	0.666466213439	0.674183617042	0.655724754753	0.653497452878	0.641270267214	0.53341333945	0.370020907902	0.687340190417	0.715921788251	0.717564752272	0.715644213797	0.693869307161	0.697334901475	0.696609677898	0.704154028459	0.701861485552	0.688909985682	0.703033428102	0.698800254668	0.715524148671	0.703710665236	0.731861307932	0.714834073606	0.700708111552	0.719510820982	0.714769975117	0.727567790945	0.683934711776	0.695993480753	0.680031153699	0.686008708027	0.725691193781	0.737472798891	0.739206035564	0.70494788441	0.707419746989	0.713093986065
AB7	0.765058725753	0.766466400752	0.73407335842	0.752922870363	0.752863717386	0.772381996297	0.762669635291	0.78278772191	0.77096948976	0.770263401396	0.770762217316	0.772980349681	0.773223244906	0.728071895174	0.783021779295	0.777965481517	0.777503909775	0.77561361609	0.0	0.580334682446	0.751923396448	0.769771729564	0.78824833687	0.780239252501	0.735062802584	0.791911638354	0.787234858613	0.78296380408	0.748082423949	0.626305431495	0.767690452716	0.75049690035	0.788635246587	0.800407259146	0.781835178376	0.795025000683	0.778561898056	0.762867921345	0.788515282467	0.796409706277	0.80004272257	0.714664920324	0.748090362379	0.772695625595	0.801613869613	0.807207129483	0.826851169554	0.808569340747	0.786110710923	0.809643658398	0.808106614874	0.814391996814	0.801087316137	0.80978206798	0.783179270505	0.783918159222	0.797332406378	0.810177206654	0.801696916872	0.807408246234	0.803069685274	0.805214947462
AB8	0.690277397391	0.682714732171	0.716427052617	0.683004751785	0.686136106649	0.691529751022	0.658240821064	0.654780999238	0.67760755893	0.652285577126	0.68278223998	0.676713825014	0.684890663119	0.672285120929	0.708564265859	0.680994996247	0.693462477261	0.653069309666	0.580334682446	0.0	0.649241330862	0.631463326902	0.674072002793	0.651438787373	0.681020345563	0.656359375946	0.677790262142	0.639746275145	0.484205388593	0.389194552113	0.692048269709	0.622676037958	0.696505404966	0.694414615745	0.695270728372	0.684592034294	0.680213345892	0.658998319548	0.678186542957	0.688959742952	0.665441626094	0.663716716635	0.669306834114	0.659654252556	0.684113319805	0.701605978222	0.734311185074	0.711053217494	0.677229349121	0.710696574938	0.683040338536	0.731683196619	0.671831956278	0.682583850105	0.677302068794	0.664517845243	0.694868643202	0.702331436177	0.7019950858	0.695094151444	0.694896949348	0.70670388496
AC7	0.695498649645	0.70463513705	0.726815229543	0.68193901564	0.697713149556	0.729001957283	0.706850935012	0.709083019197	0.717773911253	0.70919472398	0.676954635507	0.706929255446	0.676624979991	0.691764865254	0.722147751604	0.712133768932	0.659025983458	0.633482538454	0.751923396448	0.649241330862	0.0	0.506128493213	0.686671901622	0.678279458077	0.688924064147	0.69579440166	0.698255636764	0.582423907097	0.638989579309	0.638508489556	0.659945326933	0.633664664989	0.704739138349	0.701273568829	0.731672314183	0.737639400441	0.720303874592	0.72053456878	0.704975931981	0.728676897408	0.726185171443	0.714237187569	0.730078935541	0.711648851214	0.683918156923	0.698714844666	0.746394345919	0.760450848666	0.69187872386	0.734574573962	0.751859387454	0.741512453228	0.707478741223	0.70121739867	0.697170916068	0.702200968467	0.732031239986	0.74656999314	0.74421358601	0.726853297856	0.704527681946	0.740330011808
AC8	0.688177493691	0.672085548348	0.727274938393	0.684185163324	0.68796923533	0.703958240894	0.664737957611	0.674592091407	0.71519679651	0.666309732897	0.709647382234	0.683975948287	0.691388099533	0.682345298863	0.717931850742	0.675343009149	0.6874664548	0.644357734841	0.769771729564	0.631463326902	0.506128493213	0.0	0.698328450626	0.657671977234	0.709790382828	0.664714689746	0.525484669738	0.39252588079	0.630706105394	0.618647229945	0.698752552174	0.627515299521	0.715507419663	0.678117588888	0.71179495932	0.702559749658	0.706194040545	0.683679695591	0.674054537773	0.704530350731	0.68916840989	0.702907859784	0.698781297544	0.691252474738	0.677584111162	0.673287536581	0.718499410689	0.705246183747	0.671267312784	0.698809166899	0.701887770577	0.698556867447	0.676199264141	0.666937397657	0.677322811236	0.673001642982	0.698178875749	0.685611702551	0.713722031738	0.696419647157	0.6893182546	0.688442388509
AD7	0.685183406933	0.687906021491	0.704446066456	0.694523694683	0.725311810545	0.721517401742	0.703151877215	0.691908473913	0.658787597391	0.699871572281	0.68100672274	0.722434730207	0.662957236736	0.700185943874	0.692527196577	0.68214760508	0.683612714569	0.683471573117	0.78824833687	0.674072002793	0.686671901622	0.698328450626	0.0	0.481904716195	0.706491697081	0.508514007931	0.678727956165	0.682237592966	0.668981216586	0.686729473054	0.703688671648	0.681330811418	0.659621049355	0.713748528986	0.7238438494	0.720082282426	0.699115621949	0.676201949593	0.684818700807	0.715131382203	0.70908257217	0.684876797497	0.68565279082	0.685495386708	0.698360162333	0.707574587227	0.713164235981	0.716444333114	0.687250420652	0.717728313156	0.701219978838	0.720756824982	0.690619377143	0.684397949176	0.655628059022	0.681435990185	0.700701942419	0.705070905345	0.708986345546	0.705531231375	0.67242103285	0.723308297184
AD8	0.691247696978	0.684124173601	0.726131675368	0.694809611668	0.711954500698	0.715891911591	0.675316664566	0.665195733807	0.677282933838	0.67985758917	0.683328338504	0.712820764187	0.696134813783	0.695432619653	0.698802510904	0.677156103458	0.688220956113	0.674641168171	0.780239252501	0.651438787373	0.678279458077	0.657671977234	0.481904716195	0.0	0.60643179581	0.432263164181	0.634731915317	0.639967220934	0.638751043961	0.637964851372	0.707520581674	0.666042030419	0.67704702211	0.696725470572	0.722291079614	0.707096035751	0.682740932557	0.668571599218	0.675457434525	0.694899321482	0.703723570114	0.680770636379	0.673557938255	0.683060631789	0.687073279983	0.694125856338	0.706551516262	0.711522760884	0.677382882404	0.705823939231	0.690010480934	0.7139703001	0.677229137316	0.673371164103	0.654419482252	0.661730904349	0.692993897725	0.696891373767	0.701545709755	0.700273188157	0.677656833283	0.701046678436
AE7	0.731785725371	0.72797834559	0.700353935766	0.716687293046	0.707157475505	0.759505410469	0.718571006871	0.730314771366	0.724455870848	0.732390178967	0.752543712713	0.737254475421	0.725926383448	0.699657191171	0.733832555369	0.733475060564	0.710950028717	0.701732860471	0.735062802584	0.681020345563	0.688924064147	0.709790382828	0.706491697081	0.60643179581	0.0	0.508790906972	0.713626478038	0.697985618579	0.689507484782	0.694213648531	0.717868815032	0.692213248293	0.725149860065	0.760152187777	0.745152254565	0.753298459942	0.734100441779	0.747787060606	0.752030342967	0.758659996264	0.772768409321	0.716486116554	0.731657444853	0.727973346347	0.754871651379	0.771499640105	0.75850400062	0.78390793533	0.717398197803	0.75455580918	0.762779321188	0.777116528611	0.748453302016	0.754580764009	0.721051500109	0.736867799558	0.772725151406	0.784715392436	0.770751079356	0.754751987897	0.750801800846	0.779941218122
AE8	0.706333085613	0.689503651107	0.712748007361	0.696570645797	0.714345471872	0.706784078024	0.669137821213	0.65716651758	0.676898997939	0.678768925803	0.7102391231	0.702860780021	0.698228643344	0.709740119295	0.702584825381	0.682943430213	0.693199933467	0.666466213439	0.791911638354	0.656359375946	0.69579440166	0.664714689746	0.508514007931	0.432263164181	0.508790906972	0.0	0.663760789075	0.648559208064	0.657493109912	0.665427250942	0.71771081298	0.667982231946	0.699534854202	0.69310133225	0.722122025746	0.708840821648	0.708481866598	0.673612509374	0.694438169901	0.725997337867	0.71828137987	0.693131176146	0.699635598044	0.684613817005	0.694147220713	0.704320992889	0.717982722331	0.722494990647	0.685491123744	0.702574541831	0.703197242229	0.713634128519	0.68061673274	0.691796585448	0.677190016307	0.684674958619	0.705040137448	0.704000683032	0.721680868424	0.692010330407	0.70398257432	0.71647507002
AF7	0.682362363453	0.672162631467	0.717611925149	0.680257109104	0.710311186836	0.707931718824	0.696336982272	0.69648446151	0.68306902587	0.699083271021	0.694947891866	0.719394522384	0.681707137815	0.68317988798	0.696724088064	0.669175746917	0.653286157634	0.674183617042	0.787234858613	0.677790262142	0.698255636764	0.525484669738	0.678727956165	0.634731915317	0.713626478038	0.663760789075	0.0	0.465524316864	0.671331555063	0.676353020441	0.728713303394	0.666938709308	0.688168827587	0.717853872666	0.70642533179	0.70869701261	0.692563246842	0.679036896548	0.660485952615	0.702975989947	0.692524665628	0.678414460739	0.686203377476	0.687340396218	0.720670933591	0.725079977599	0.716613119225	0.711413453802	0.687698153536	0.726298259137	0.694317649516	0.718320318291	0.673693478823	0.676805979691	0.691228742869	0.693835448196	0.696260501874	0.705086575945	0.709200003876	0.711865955718	0.688767612015	0.706793135654
AF8	0.687094204433	0.664456264147	0.729915057054	0.678660630014	0.692354058696	0.699685162293	0.678850832904	0.669459404228	0.690478630277	0.672213413931	0.713890990171	0.679919414098	0.697869145952	0.68524679759	0.704739141063	0.665794676367	0.681983783266	0.655724754753	0.78296380408	0.639746275145	0.582423907097	0.39252588079	0.682237592966	0.639967220934	0.697985618579	0.648559208064	0.465524316864	0.0	0.636272479045	0.627369725547	0.697203805014	0.632997414395	0.707378157422	0.686785828454	0.702121126633	0.693476372222	0.690895890446	0.658250465439	0.661834088377	0.689703103023	0.683778606447	0.686292915168	0.684315153162	0.683427595465	0.697645935795	0.692567377798	0.716594642699	0.715982416847	0.656503469924	0.685875682521	0.697931639171	0.70913073028	0.638743972686	0.656507653395	0.669049126371	0.655401983073	0.681817391661	0.695743199079	0.712906201158	0.678355515869	0.6813254083	0.702701597975
AG7	0.683576988357	0.696078970162	0.704395772561	0.65674713625	0.700433661053	0.722487822028	0.688974711755	0.671868992996	0.651619394239	0.671746769372	0.687214112271	0.71095258775	0.672309411785	0.659247724964	0.700305618907	0.68968357938	0.674743181579	0.653497452878	0.748082423949	0.484205388593	0.638989579309	0.630706105394	0.668981216586	0.638751043961	0.689507484782	0.657493109912	0.671331555063	0.636272479045	0.0	0.461039194665	0.66995182341	0.637015111573	0.681734476667	0.698407380483	0.705917216098	0.694259419476	0.66047186299	0.66841036714	0.678301611282	0.700939279063	0.69476655031	0.690462403415	0.688287530833	0.669573391448	0.702596984979	0.71373666274	0.72422749367	0.726973077897	0.667960511652	0.711270074656	0.677419794717	0.730368024157	0.656339277501	0.683730283171	0.663885241371	0.680644005958	0.691389861498	0.71670080484	0.692054136366	0.704376714977	0.670249808344	0.713375175411
AG8	0.685595088861	0.675576924051	0.726200741627	0.67749101551	0.680606120556	0.681233401713	0.661189311942	0.660987091944	0.67992846128	0.643480755245	0.674769244413	0.665143211712	0.697938707122	0.680730673188	0.70352461	0.680002350305	0.680145559882	0.641270267214	0.626305431495	0.389194552113	0.638508489556	0.618647229945	0.686729473054	0.637964851372	0.694213648531	0.665427250942	0.676353020441	0.627369725547	0.461039194665	0.0	0.69949063146	0.622624604573	0.679419809385	0.684839390943	0.691667624436	0.685155829535	0.665374084319	0.651927469682	0.664315885361	0.677615544678	0.665043655662	0.674389665893	0.657135424586	0.665019155872	0.681758851084	0.687504952748	0.720984508836	0.705671441945	0.671545539105	0.698349741323	0.67648576447	0.716508991553	0.655805865443	0.687475779011	0.672985884222	0.653947438883	0.678161641543	0.697045316388	0.684841135629	0.690166218508	0.691991172993	0.698848767055
AH7	0.744177594811	0.743679676338	0.749767254687	0.740110218858	0.735171568396	0.765105664546	0.742085655612	0.715306728	0.732923563966	0.740541575388	0.714658499851	0.758169640235	0.731466388266	0.723897497472	0.754102072349	0.749772176788	0.703070364502	0.53341333945	0.767690452716	0.692048269709	0.659945326933	0.698752552174	0.703688671648	0.707520581674	0.717868815032	0.71771081298	0.728713303394	0.697203805014	0.66995182341	0.69949063146	0.0	0.512550079391	0.722367857129	0.770820526594	0.772722872882	0.769882388484	0.758832056945	0.753164042056	0.749232100759	0.750777052902	0.76074596627	0.739357348711	0.762843588209	0.743800018539	0.76160983171	0.760679150552	0.768656856982	0.753413108424	0.747920605705	0.774036179562	0.78032171543	0.780532939217	0.745246100385	0.750282573319	0.7268757873	0.726571736903	0.771820963233	0.800989812684	0.780735703184	0.760549313758	0.754518198049	0.731340082434
AH8	0.696461265652	0.669835592129	0.726128638064	0.701475727137	0.680918759716	0.700864216086	0.657438897875	0.676112217028	0.680978898837	0.656644298763	0.678665948547	0.687007994533	0.691996640853	0.68600237028	0.698437847687	0.681044770389	0.546311847202	0.370020907902	0.75049690035	0.622676037958	0.633664664989	0.627515299521	0.681330811418	0.666042030419	0.692213248293	0.667982231946	0.666938709308	0.632997414395	0.637015111573	0.622624604573	0.512550079391	0.0	0.673338569061	0.715019740181	0.713251481861	0.706104560307	0.695049922459	0.690732267167	0.680339472453	0.701571605058	0.68531910498	0.682437134309	0.701578182172	0.697993139988	0.700439598548	0.6993827779	0.724664910471	0.691297686683	0.695433306691	0.712212196179	0.71678654507	0.721560960292	0.689114134042	0.698152444896	0.672816799195	0.675832181865	0.730294774138	0.727366705736	0.732321939851	0.697531447764	0.70210158577	0.703425600982
AA5	0.656862499638	0.664281055301	0.722443190173	0.68975513255	0.670246235549	0.661936224413	0.689372192366	0.701990031254	0.619405801056	0.689169295952	0.633607499626	0.665277197218	0.68859470014	0.701397498577	0.665060460979	0.672883614108	0.654850936169	0.687340190417	0.788635246587	0.696505404966	0.704739138349	0.715507419663	0.659621049355	0.67704702211	0.725149860065	0.699534854202	0.688168827587	0.707378157422	0.681734476667	0.679419809385	0.722367857129	0.673338569061	0.0	0.599079257317	0.689659133814	0.683450366081	0.65387650783	0.641177132554	0.670879381608	0.683920890572	0.692008160297	0.647240824371	0.627823547898	0.645971720249	0.702948797611	0.6643797119	0.691920012008	0.702509393513	0.684341304147	0.701202944896	0.685745542002	0.707004158056	0.678137785251	0.696699508624	0.658289587122	0.674353059994	0.675209967171	0.708939160804	0.670314960806	0.690191232052	0.650122212793	0.725399251218
AA6	0.690624938683	0.693108794683	0.779148190461	0.704929747843	0.701386561615	0.663369561679	0.658030113408	0.650531285312	0.684741831988	0.65642413915	0.692953612544	0.659404802581	0.708439709812	0.726667201306	0.718711285495	0.694974123818	0.728745978128	0.715921788251	0.800407259146	0.694414615745	0.701273568829	0.678117588888	0.713748528986	0.696725470572	0.760152187777	0.69310133225	0.717853872666	0.686785828454	0.698407380483	0.684839390943	0.770820526594	0.715019740181	0.599079257317	0.0	0.698250998187	0.682153540218	0.653193886697	0.63837459999	0.669248401232	0.672827500407	0.675168180387	0.692843850867	0.668266377689	0.670570565434	0.455879122767	0.434893308878	0.691790660087	0.69520398217	0.67258462583	0.674449834398	0.677021388804	0.674274682181	0.657614894767	0.6913996848	0.695309742206	0.678349665601	0.663113696582	0.678479503407	0.680402429925	0.666139204416	0.661309588422	0.68932175976
AB5	0.673904953962	0.65886466323	0.728934630829	0.673750211551	0.690975091319	0.676959772721	0.661366031338	0.68709378735	0.680275672046	0.666312625431	0.674344698072	0.674914397358	0.689510444897	0.700505272217	0.689515370664	0.669128508978	0.716045772737	0.717564752272	0.781835178376	0.695270728372	0.731672314183	0.71179495932	0.7238438494	0.722291079614	0.745152254565	0.722122025746	0.70642533179	0.702121126633	0.705917216098	0.691667624436	0.772722872882	0.713251481861	0.689659133814	0.698250998187	0.0	0.435534971393	0.652062583393	0.662184187167	0.656830837571	0.641993465144	0.647785573441	0.688291873601	0.687462573133	0.651266920715	0.699655001587	0.697171865095	0.683809737431	0.705869969203	0.684756157737	0.710824383397	0.689402566235	0.703807375414	0.670056255214	0.676985324625	0.689829192889	0.667735813924	0.709257310429	0.686676698873	0.722500706737	0.709220577837	0.668240916456	0.706554399323
AB6	0.686008625629	0.638243089682	0.741818341673	0.685329104845	0.682872348687	0.675480710342	0.657919344959	0.690514598812	0.706928537691	0.663473311307	0.6922232099	0.670253987392	0.704534768791	0.717346487769	0.682053159734	0.652002014036	0.725259557508	0.715644213797	0.795025000683	0.684592034294	0.737639400441	0.702559749658	0.720082282426	0.707096035751	0.753298459942	0.708840821648	0.70869701261	0.693476372222	0.694259419476	0.685155829535	0.769882388484	0.706104560307	0.683450366081	0.682153540218	0.435534971393	0.0	0.659203247257	0.644397542309	0.657346231003	0.650861580477	0.645335609317	0.702909771777	0.659241982771	0.527655004784	0.682935829566	0.667855723384	0.678453316116	0.671651000787	0.670322007419	0.68022945078	0.672500954814	0.666282309551	0.676559720384	0.663902843747	0.674700236944	0.658105193169	0.674994907848	0.671601735772	0.673211035787	0.688958590105	0.668204701926	0.680904146425
AC5	0.638188028639	0.65465042382	0.717452671364	0.674710689558	0.692002898252	0.672401676019	0.665734201655	0.674739207425	0.644403969523	0.666242984092	0.653442054125	0.683998743455	0.6717929497	0.701281065455	0.674173268212	0.663054611174	0.672130915486	0.693869307161	0.778561898056	0.680213345892	0.720303874592	0.706194040545	0.699115621949	0.682740932557	0.734100441779	0.708481866598	0.692563246842	0.690895890446	0.66047186299	0.665374084319	0.758832056945	0.695049922459	0.65387650783	0.653193886697	0.652062583393	0.659203247257	0.0	0.515444009716	0.629635372439	0.652211917285	0.664639028159	0.664139110758	0.620183471332	0.648634201661	0.654790139455	0.664816283175	0.650354837801	0.699063146409	0.631648882298	0.686990649438	0.646134450871	0.668502389104	0.65363588183	0.659411438657	0.62752782781	0.632533944846	0.643779040685	0.661541569123	0.643047823481	0.674588174679	0.650903144877	0.689360086692
AC6	0.663396744257	0.642802520724	0.735023317197	0.659653749174	0.669105758644	0.627338198087	0.654108143186	0.660784280304	0.654544581728	0.653550341451	0.652691736204	0.641078419188	0.672239234147	0.684535961883	0.673232875862	0.652149151408	0.690374417751	0.697334901475	0.762867921345	0.658998319548	0.72053456878	0.683679695591	0.676201949593	0.668571599218	0.747787060606	0.673612509374	0.679036896548	0.658250465439	0.66841036714	0.651927469682	0.753164042056	0.690732267167	0.641177132554	0.63837459999	0.662184187167	0.644397542309	0.515444009716	0.0	0.623090045987	0.643871456648	0.636756471006	0.543952906498	0.49898666652	0.621763669697	0.656179239121	0.646757269975	0.656515741677	0.668602091436	0.626450020625	0.646223315958	0.651159432217	0.673270483118	0.647095156584	0.660104909573	0.644319777988	0.634957025977	0.620540046948	0.665286472368	0.640312570682	0.637831844178	0.649625356894	0.664303603709
AD6	0.658693677894	0.635369285275	0.770158953491	0.67984678035	0.678277954571	0.660398352275	0.60968600878	0.619607846444	0.662093571767	0.604829631149	0.683922184238	0.668311060913	0.678475179196	0.690539422522	0.685137990919	0.642483539548	0.695615555414	0.696609677898	0.788515282467	0.678186542957	0.704975931981	0.674054537773	0.684818700807	0.675457434525	0.752030342967	0.694438169901	0.660485952615	0.661834088377	0.678301611282	0.664315885361	0.749232100759	0.680339472453	0.670879381608	0.669248401232	0.656830837571	0.657346231003	0.629635372439	0.623090045987	0.0	0.511903953339	0.441883416333	0.649315862234	0.65029018574	0.661576196115	0.664435367944	0.658676239126	0.661670283271	0.6557573023	0.639022500263	0.646467014979	0.672684075654	0.673089509385	0.638472320728	0.63316235146	0.651658364525	0.633339183485	0.642416005912	0.674921999677	0.648653960809	0.630900858616	0.626634828656	0.650541819668
AE5	0.681777353431	0.653729196027	0.769838650624	0.674356188358	0.654810604073	0.646564197595	0.641650972238	0.647440831017	0.669491095266	0.621790188982	0.676261651222	0.643396835139	0.69965706796	0.702769618616	0.689906403352	0.67077529122	0.723982555823	0.704154028459	0.796409706277	0.688959742952	0.728676897408	0.704530350731	0.715131382203	0.694899321482	0.758659996264	0.725997337867	0.702975989947	0.689703103023	0.700939279063	0.677615544678	0.750777052902	0.701571605058	0.683920890572	0.672827500407	0.641993465144	0.650861580477	0.652211917285	0.643871456648	0.511903953339	0.0	0.405128472042	0.680450493907	0.663833205933	0.654492701583	0.675408660943	0.679256807724	0.680298325595	0.659658956004	0.649107587865	0.650244875569	0.674237689917	0.678177522741	0.634774457119	0.643507909594	0.653430772605	0.636315961129	0.643984205629	0.680961973636	0.658471277034	0.637155639613	0.643890569989	0.673787708477
AE6	0.678028695703	0.646118124608	0.778147344443	0.699726916851	0.667172070959	0.664557159891	0.631718514454	0.636411691095	0.692452479048	0.619236839571	0.691348174107	0.662780152766	0.696520696806	0.707251877594	0.685706854788	0.655513954972	0.735905143841	0.701861485552	0.80004272257	0.665441626094	0.726185171443	0.68916840989	0.70908257217	0.703723570114	0.772768409321	0.71828137987	0.692524665628	0.683778606447	0.69476655031	0.665043655662	0.76074596627	0.68531910498	0.692008160297	0.675168180387	0.647785573441	0.645335609317	0.664639028159	0.636756471006	0.441883416333	0.405128472042	0.0	0.668727000255	0.659850898471	0.662613300697	0.679022565475	0.674297668305	0.687775986187	0.657168900863	0.649249253266	0.640102353181	0.664781090533	0.684581356512	0.644165958111	0.635076467774	0.667823524721	0.647514690877	0.665394358053	0.671385225075	0.662824308981	0.626365440196	0.654506531248	0.661840672374
AF5	0.669988828617	0.664200193598	0.704825055709	0.661847168933	0.653799457594	0.667378662918	0.669543891479	0.674095541985	0.638223749349	0.676527938239	0.693702165964	0.681523333015	0.669827324498	0.664223680671	0.677377500919	0.662072968582	0.697882824594	0.688909985682	0.714664920324	0.663716716635	0.714237187569	0.702907859784	0.684876797497	0.680770636379	0.716486116554	0.693131176146	0.678414460739	0.686292915168	0.690462403415	0.674389665893	0.739357348711	0.682437134309	0.647240824371	0.692843850867	0.688291873601	0.702909771777	0.664139110758	0.543952906498	0.649315862234	0.680450493907	0.668727000255	0.0	0.500602370516	0.645660611706	0.698362519293	0.695950352834	0.704195724166	0.717725051049	0.674625180086	0.696308580826	0.692989476953	0.706092352129	0.681121876024	0.688362603799	0.670389965001	0.680247439577	0.674678763959	0.702123151856	0.668705169605	0.670307697292	0.674613539808	0.707266677326
AF6	0.658528167048	0.649024120672	0.710479714074	0.648628430803	0.647920976495	0.65863707271	0.684436124388	0.687450168786	0.677834433488	0.68036569405	0.66655380204	0.664888388192	0.662614215869	0.670202961567	0.678264898969	0.66191454527	0.700932784169	0.703033428102	0.748090362379	0.669306834114	0.730078935541	0.698781297544	0.68565279082	0.673557938255	0.731657444853	0.699635598044	0.686203377476	0.684315153162	0.688287530833	0.657135424586	0.762843588209	0.701578182172	0.627823547898	0.668266377689	0.687462573133	0.659241982771	0.620183471332	0.49898666652	0.65029018574	0.663833205933	0.659850898471	0.500602370516	0.0	0.619626706816	0.695314547198	0.679043372565	0.683241423123	0.700761583012	0.6412201121	0.658308205674	0.677144183223	0.691403136399	0.67779221146	0.68483003181	0.663609896281	0.659794856718	0.647190154271	0.688613371074	0.634199989447	0.661432964497	0.66568302676	0.708822496115
