	AA3	AA4	AB3	AB4	AC3	AC4	AD3	AD4	AE3	AE4	AF3	AF4	AG3	AG4	AH3	AH4	AA7	AA8	AB7	AB8	AC7	AC8	AD7	AD8	AE7	AE8	AF7	AF8	AG7	AG8	AH7	AH8	AA5	AA6	AB5	AB6	AC5	AC6	AD6	AE5	AE6	AF5	AF6	AG5	AH5	AH6	AA1	AA2	AB1	AB2	AC1	AC2	AD1	AD2	AE1	AE2	AF1	AF2	AG1	AG2	AH1	AH2
AA3	0.0	0.516340326929	0.716971191179	0.645577373771	0.683564449419	0.672942008779	0.692352698268	0.69681828846	0.643928285996	0.69343156039	0.646744978548	0.675853499208	0.647326688208	0.649779595635	0.68655537656	0.48215325945	0.671693605433	0.690824729374	0.764621062964	0.681233138263	0.699589964248	0.702598782663	0.668868671954	0.674599722234	0.72537756859	0.700053584817	0.664971631488	0.677000443523	0.701920530783	0.688744785665	0.741198482354	0.701235507151	0.650946688379	0.696421597541	0.665734501294	0.680321001519	0.635050703013	0.64474427762	0.659506084389	0.694254900959	0.67558830809	0.66628138603	0.67329222956	0.651098630382	0.710041187343	0.687280483648	0.656562273682	0.693731244561	0.649385339856	0.683425143546	0.667084189562	0.687328101432	0.635431805649	0.63664512883	0.678933440967	0.658962427075	0.668748388592	0.685794113992	0.66609825557	0.68570335988	0.646126866578	0.666883399308
AA4	0.516340326929	0.0	0.752912239738	0.638146820711	0.669009209697	0.658577597812	0.64445802748	0.652280760003	0.684015609426	0.653517550459	0.659398124885	0.654138477845	0.671592073637	0.659992699856	0.514651344203	0.375633199016	0.688920633746	0.687134611233	0.777210226762	0.677103346522	0.702968277771	0.664284631377	0.689478664996	0.681339674279	0.723158093263	0.677402636588	0.6521580394	0.655408089766	0.693177880114	0.667190975539	0.747056129291	0.682932209891	0.666383685331	0.687653879449	0.66973968748	0.655970907847	0.67509486469	0.631933507364	0.635021361881	0.672808897531	0.636423405585	0.68225039239	0.677771630816	0.643291556633	0.680641910696	0.672904451898	0.667251454128	0.660668962555	0.649058350254	0.650881666077	0.662910741088	0.677447757786	0.641269790746	0.650373670395	0.66819843897	0.660698514945	0.640638028975	0.663013060863	0.66342333495	0.635914396584	0.645254724454	0.643822845279
AB3	0.716971191179	0.752912239738	0.0	0.722496062063	0.734037406695	0.770160618748	0.787254026781	0.776410363434	0.715005733448	0.788727989404	0.738493015239	0.784965620324	0.750256912134	0.640027465803	0.734701228672	0.754633249013	0.738619621302	0.773901313292	0.710787333221	0.717095049029	0.755738290225	0.782035566332	0.745093476567	0.763822266699	0.718596955476	0.754902277884	0.758601001335	0.783881539706	0.728323393629	0.742664912463	0.780365716363	0.788892251704	0.739756451705	0.799820876401	0.728066958037	0.780836713184	0.740021440872	0.771065693908	0.789367022191	0.785188986385	0.795811054936	0.729081667298	0.758639526302	0.765191449656	0.820593350554	0.816510858267	0.792409833417	0.800984390284	0.754722493127	0.794205895096	0.767225153569	0.791452667229	0.754562373936	0.794971954298	0.769461502477	0.789027101675	0.781678372317	0.778432689951	0.793406619243	0.803172225565	0.759060375524	0.784806691266
AB4	0.645577373771	0.638146820711	0.722496062063	0.0	0.686415829556	0.682801517609	0.687770053805	0.680403499598	0.681588627786	0.679872216354	0.657617216691	0.689718895659	0.431212355677	0.479480526593	0.658547838716	0.650295116275	0.701645748065	0.696601505631	0.766856496478	0.678964299769	0.700415716997	0.681799797195	0.684409567622	0.69069578582	0.717859996308	0.700175263284	0.658472825828	0.678229462383	0.687534764023	0.682733514726	0.736511859712	0.689528767457	0.684367340652	0.691915260341	0.672742542001	0.679551273438	0.669192353014	0.660327822421	0.663770158467	0.69634059326	0.68598442175	0.663658945825	0.66575323286	0.682809008632	0.713952744989	0.699430214987	0.68731209057	0.698821704077	0.647132554739	0.677163072424	0.690283119102	0.70195164858	0.673562820902	0.669176551589	0.683955658854	0.685033555315	0.677404756461	0.70604136802	0.678901820419	0.683800675596	0.66420948537	0.676426256044
AC3	0.683564449419	0.669009209697	0.734037406695	0.686415829556	0.0	0.50333724588	0.670242481454	0.65810235913	0.657920449462	0.67869202479	0.677576359365	0.460240869217	0.697777892927	0.69045196416	0.672785812619	0.671808395176	0.671336201981	0.666098139012	0.746759551843	0.669612404085	0.701662245001	0.689720924614	0.716917573475	0.701566529574	0.70630078588	0.713864839202	0.708897821071	0.701323990853	0.698173640488	0.684048151895	0.736486931761	0.692743922173	0.670478609409	0.687525046158	0.692263832456	0.684529823596	0.684655345878	0.668897068143	0.675529157157	0.663855071374	0.66921879918	0.663406582123	0.667591404398	0.661832113496	0.720547043132	0.706007208109	0.718323776361	0.709722053778	0.683224839368	0.674848486237	0.686930180115	0.698074136505	0.672450204708	0.673277166496	0.671710794749	0.683372399318	0.693013650035	0.69157540023	0.688302481651	0.674106154085	0.686796879915	0.693327943262
AC4	0.672942008779	0.658577597812	0.770160618748	0.682801517609	0.50333724588	0.0	0.671867721139	0.648037427624	0.646183182978	0.660481534104	0.495426955673	0.386873021566	0.688353700233	0.697541131373	0.677666889522	0.642756133199	0.704442905637	0.671630940095	0.770167552528	0.672264502577	0.703810229219	0.687822915137	0.70330051002	0.684553622084	0.740850829994	0.709136290703	0.703902522191	0.690964678963	0.702368916602	0.664970319113	0.742925354279	0.682181894933	0.65994216527	0.657916010632	0.660880198586	0.660022585753	0.659547484248	0.64934057275	0.639770186477	0.63989020769	0.644192848063	0.662547663137	0.654279338123	0.650224051114	0.681696450691	0.651256589257	0.707163059916	0.686840660895	0.689479997139	0.674493860983	0.687751081112	0.675100780546	0.665587991276	0.673852221768	0.68396863616	0.688483930417	0.678057623179	0.675208890635	0.68568020034	0.662355650368	0.65078480151	0.681200550943
AD3	0.692352698268	0.64445802748	0.787254026781	0.687770053805	0.670242481454	0.671867721139	0.0	0.391357928393	0.691248100021	0.3255070143	0.712281098528	0.654591578692	0.718850633188	0.697030010732	0.684105831339	0.656186693385	0.714931100052	0.691989535075	0.77425358257	0.662661067708	0.720350069011	0.670573463181	0.713526363406	0.682441266188	0.721559598494	0.679616302964	0.686518427953	0.659058226502	0.713332879804	0.658804422378	0.726487112663	0.694248533365	0.685055826959	0.669961477361	0.676740835562	0.668996460981	0.692210440774	0.656630593322	0.6180096975	0.656728740371	0.622160037656	0.696816261039	0.694901675962	0.667515925414	0.695177768865	0.681378998143	0.683924093095	0.671267376064	0.660631129916	0.66119604004	0.685184748504	0.682471951142	0.666329495695	0.669567195792	0.676804110453	0.668935911902	0.671906418646	0.667056055366	0.684647263001	0.644617742707	0.693334766931	0.670062594909
AD4	0.69681828846	0.652280760003	0.776410363434	0.680403499598	0.65810235913	0.648037427624	0.391357928393	0.0	0.616807401236	0.374891613352	0.690331023197	0.648965390589	0.700431381928	0.697673189787	0.668078196724	0.665779303701	0.707867014783	0.679538940695	0.768319415161	0.650724983466	0.704369209941	0.668688268289	0.691956125424	0.669888764517	0.722848557358	0.685811986519	0.690384618828	0.672413752268	0.687538972861	0.645520342383	0.716312110761	0.682587845291	0.696676714259	0.659085617242	0.668635428351	0.668967380889	0.669807287576	0.667343594899	0.612183658527	0.647972901084	0.616062845007	0.677787957722	0.676090851252	0.671355238892	0.686982555581	0.660725612632	0.680395367006	0.658873461986	0.669777325053	0.662960616174	0.69282419894	0.678770741116	0.672748241097	0.662674357606	0.665127778145	0.666942165658	0.688546359644	0.665170440599	0.687990672707	0.661788749422	0.67885199452	0.657393070282
AE3	0.643928285996	0.684015609426	0.715005733448	0.681588627786	0.657920449462	0.646183182978	0.691248100021	0.616807401236	0.0	0.650962410103	0.653322682277	0.674152397162	0.672240396044	0.683811359305	0.663769182999	0.675566256106	0.659923068118	0.671635429247	0.764715593478	0.68856556716	0.73005585419	0.722667385019	0.665931656581	0.691971746916	0.734769491596	0.715505544465	0.691758421461	0.71990062072	0.680227595855	0.674462022608	0.727295549223	0.693482523104	0.638131977364	0.702880488915	0.693647791096	0.710192304907	0.645632757937	0.691874519004	0.647608753803	0.694391528698	0.672657129297	0.636537861288	0.671477154195	0.666914620194	0.737221422099	0.710763501236	0.707974889088	0.72463362752	0.702964297978	0.713371913966	0.710401936028	0.728637185526	0.675068628142	0.690251908362	0.676310593126	0.709964094664	0.704530774948	0.722132231109	0.70031481707	0.707376936729	0.660896785703	0.707140710705
AE4	0.69343156039	0.653517550459	0.788727989404	0.679872216354	0.67869202479	0.660481534104	0.3255070143	0.374891613352	0.650962410103	0.0	0.704552429657	0.645799433789	0.703242139277	0.696425020627	0.686830877121	0.657328523809	0.717959753692	0.683839817652	0.781134817931	0.645692188721	0.724678995472	0.680366546861	0.708083551868	0.674722869842	0.723156258112	0.679463051463	0.685601828942	0.661023021294	0.692065725342	0.630442186995	0.725136678406	0.694328556809	0.696500610779	0.676473090342	0.68481734303	0.659495943879	0.684701887788	0.658225983812	0.610757171872	0.658152038236	0.624402457693	0.696186719974	0.689762782507	0.661277760032	0.695622578706	0.672959113171	0.677908868158	0.660093469542	0.675094437088	0.673130592723	0.692017654642	0.681001354245	0.672074087861	0.658968321207	0.682185601787	0.671291438612	0.677124854106	0.670030855658	0.689100518281	0.650630868986	0.70614012304	0.672542096407
AF3	0.646744978548	0.659398124885	0.738493015239	0.657617216691	0.677576359365	0.495426955673	0.712281098528	0.690331023197	0.653322682277	0.704552429657	0.0	0.550084839875	0.668233702606	0.700329614818	0.66923011845	0.652820813232	0.684942394722	0.681316062443	0.755550703297	0.671300306609	0.684631412144	0.710478250173	0.67296022607	0.683707404742	0.748269433421	0.713489872226	0.695413558198	0.710200179682	0.690615029217	0.688586264465	0.716859674614	0.679377880962	0.643950571572	0.686217893086	0.660931222172	0.669013748199	0.656153314401	0.658432855683	0.665458576728	0.680233636217	0.699398399715	0.676013316801	0.676593611291	0.659010348235	0.694093013268	0.66730147811	0.703097555645	0.69786099567	0.693522276743	0.709744489156	0.709491861882	0.702708788128	0.685162491341	0.698881283347	0.691434876505	0.712127900643	0.684729656112	0.706219090848	0.670728448341	0.708385616736	0.649579688363	0.692717484168
AF4	0.675853499208	0.654138477845	0.784965620324	0.689718895659	0.460240869217	0.386873021566	0.654591578692	0.648965390589	0.674152397162	0.645799433789	0.550084839875	0.0	0.696529179876	0.706966030214	0.686351937644	0.64591517582	0.685447964217	0.678717681239	0.770125814208	0.674627020513	0.70687685843	0.683187726119	0.718669536882	0.687962733435	0.738466200303	0.700752011297	0.699223338731	0.687019276681	0.714166958582	0.667087779108	0.739059778795	0.691562178173	0.664009841443	0.668300906512	0.674152124418	0.66181647575	0.688324951629	0.650043902648	0.647446481353	0.661043864527	0.650899462059	0.673731869478	0.666794426138	0.659388045202	0.686846644153	0.658713428299	0.711593936651	0.685835774968	0.698200182434	0.681912804933	0.70112042888	0.688396742798	0.686330560645	0.68732184455	0.701814396784	0.697434007976	0.687667465677	0.682441386542	0.701593947089	0.659764277203	0.691297786113	0.687910338543
AG3	0.647326688208	0.671592073637	0.750256912134	0.431212355677	0.697777892927	0.688353700233	0.718850633188	0.700431381928	0.672240396044	0.703242139277	0.668233702606	0.696529179876	0.0	0.510021019363	0.682418584394	0.664283068669	0.689809949617	0.678576975632	0.773473631226	0.697185054976	0.680681503065	0.704155443021	0.674064710389	0.679326191983	0.715045070042	0.704196498931	0.685771541348	0.703698474195	0.692019026017	0.692794043988	0.736065493343	0.689648734381	0.693913849875	0.708200565849	0.69410576315	0.693339375638	0.679663010091	0.672122671143	0.673833572493	0.711240753575	0.697615405977	0.667036764938	0.672854048316	0.68780094176	0.724273588319	0.699928865249	0.699118746033	0.711216723424	0.653684712242	0.692377874472	0.698689838079	0.710538888566	0.686424456913	0.67302138995	0.692757262708	0.688814655809	0.702631770265	0.72587802463	0.689960920081	0.691394860259	0.685202252227	0.695462564813
AG4	0.649779595635	0.659992699856	0.640027465803	0.479480526593	0.69045196416	0.697541131373	0.697030010732	0.697673189787	0.683811359305	0.696425020627	0.700329614818	0.706966030214	0.510021019363	0.0	0.680964188747	0.661425724743	0.707939733407	0.708564096053	0.734661059246	0.681245796392	0.711431564674	0.703365101819	0.690416853398	0.685245948259	0.703994708777	0.703044705442	0.685109310501	0.707551624435	0.68904323503	0.681368256628	0.745064717829	0.71013121617	0.716829311483	0.739662986623	0.69010044658	0.7147971992	0.691735325258	0.691690182168	0.690806613989	0.708673640462	0.703961054036	0.662866776784	0.676949785068	0.684380540253	0.751384939063	0.740603864612	0.701463277105	0.702109330244	0.65545439817	0.688695021994	0.708012863166	0.719360974685	0.694566436881	0.69569084505	0.709169501421	0.702845902664	0.715246002254	0.721783558574	0.713922826757	0.691935856335	0.685752586653	0.683598060735
AH3	0.68655537656	0.514651344203	0.734701228672	0.658547838716	0.672785812619	0.677666889522	0.684105831339	0.668078196724	0.663769182999	0.686830877121	0.66923011845	0.686351937644	0.682418584394	0.680964188747	0.0	0.545868141088	0.678523086014	0.69053740065	0.771675419932	0.693105629146	0.715357873073	0.707210652932	0.684024429153	0.696214150039	0.723026087945	0.7046129473	0.691156210773	0.708168754772	0.703152647398	0.699867183066	0.747688831338	0.703516945608	0.662967175135	0.719147629153	0.691982131772	0.694703813252	0.68306096947	0.685985678348	0.663157352703	0.692784410274	0.666160287016	0.682672305322	0.691174973473	0.670087844981	0.728110593384	0.712214364981	0.704643997247	0.68828389515	0.699847637239	0.702002052513	0.707656146573	0.731497211917	0.697459762969	0.696368737884	0.677270391033	0.706827902947	0.691956509417	0.712524846035	0.696328260697	0.691928604238	0.685030012053	0.683309524406
AH4	0.48215325945	0.375633199016	0.754633249013	0.650295116275	0.671808395176	0.642756133199	0.656186693385	0.665779303701	0.675566256106	0.657328523809	0.652820813232	0.64591517582	0.664283068669	0.661425724743	0.545868141088	0.0	0.693243205516	0.684742316489	0.776010027626	0.680859018601	0.717581016897	0.678897958376	0.683479976336	0.67298430194	0.724531689906	0.673871628134	0.662627033611	0.664732089093	0.703336487971	0.668039601059	0.750200516003	0.692241020181	0.662721294439	0.695409732673	0.676456021006	0.66361371095	0.674254923321	0.638578212131	0.636211256407	0.683726590508	0.643762984439	0.666699311117	0.673834522286	0.650775308621	0.688596368275	0.673768820809	0.673595942487	0.660683134482	0.659133256509	0.667696173815	0.66855978569	0.682531243132	0.649683663154	0.639773873011	0.674269018547	0.666433416461	0.66367686329	0.66696285395	0.676764385002	0.645196836203	0.658097128435	0.643783565834
AA7	0.671693605433	0.688920633746	0.738619621302	0.701645748065	0.671336201981	0.704442905637	0.714931100052	0.707867014783	0.659923068118	0.717959753692	0.684942394722	0.685447964217	0.689809949617	0.707939733407	0.678523086014	0.693243205516	0.0	0.486811549608	0.764181846187	0.688112742382	0.652874852964	0.673641254613	0.665983674737	0.678655019019	0.687443515901	0.703376144542	0.664139114224	0.67889364399	0.694268635008	0.664966241654	0.705516876349	0.569912251182	0.666166736599	0.73566240881	0.707335322089	0.711846240327	0.671902294715	0.695399109011	0.708290437384	0.746966881499	0.720309924008	0.689485629544	0.702811886657	0.705183482022	0.744761634967	0.721248468816	0.73812795804	0.734000577003	0.716441854991	0.743450890504	0.720157136626	0.744089541931	0.701124415763	0.711973163229	0.700836336408	0.714707710908	0.734898668103	0.743234088088	0.743429268366	0.730544982724	0.703884065123	0.71728903951
AA8	0.690824729374	0.687134611233	0.773901313292	0.696601505631	0.666098139012	0.671630940095	0.691989535075	0.679538940695	0.671635429247	0.683839817652	0.681316062443	0.678717681239	0.678576975632	0.708564096053	0.69053740065	0.684742316489	0.486811549608	0.0	0.76182250716	0.642229588497	0.635512680661	0.644408888694	0.662617494432	0.646548675586	0.678133310172	0.681395434677	0.677286796051	0.654914655456	0.662197933725	0.641249728514	0.548125217849	0.411263014589	0.672700115473	0.714682868386	0.703029017457	0.703892838517	0.679414131734	0.694305112552	0.690896225757	0.715432602006	0.684293549734	0.676058118447	0.69498317014	0.695328866643	0.720713210944	0.701895718166	0.710048603466	0.710381745251	0.706621038623	0.729203653702	0.712152735632	0.726568076192	0.683162201834	0.67291759843	0.682344025551	0.697312907708	0.731195736515	0.729662643073	0.739023699226	0.709129154928	0.698537190296	0.703645725341
AB7	0.764621062964	0.777210226762	0.710787333221	0.766856496478	0.746759551843	0.770167552528	0.77425358257	0.768319415161	0.764715593478	0.781134817931	0.755550703297	0.770125814208	0.773473631226	0.734661059246	0.771675419932	0.776010027626	0.764181846187	0.76182250716	0.0	0.572536414722	0.747720229986	0.76191302284	0.778700006847	0.793618509834	0.735131336333	0.780489811248	0.776450461876	0.780017081774	0.745526758723	0.637036997734	0.763376960961	0.777079463293	0.780692896026	0.783902046543	0.770152502311	0.791468418746	0.769164640526	0.763022209071	0.78293558806	0.794830297839	0.794405891399	0.722646581536	0.751582400063	0.776688363392	0.805277976592	0.806402663477	0.826276593151	0.800729372338	0.779262948489	0.799199183205	0.813263724342	0.80521370637	0.789401292363	0.801355384257	0.78465107662	0.798167484166	0.803701244959	0.79844074294	0.807833636974	0.80568788061	0.789241741854	0.786237868271
AB8	0.681233138263	0.677103346522	0.717095049029	0.678964299769	0.669612404085	0.672264502577	0.662661067708	0.650724983466	0.68856556716	0.645692188721	0.671300306609	0.674627020513	0.697185054976	0.681245796392	0.693105629146	0.680859018601	0.688112742382	0.642229588497	0.572536414722	0.0	0.634693805226	0.625375108737	0.669644930279	0.665768894403	0.673813361923	0.669641344266	0.657932895153	0.627436392943	0.491181622527	0.413376402181	0.673367656927	0.638506191364	0.689456432584	0.672313405515	0.673023586828	0.675501529435	0.66691428618	0.649106241039	0.674612869005	0.69417443795	0.675467986392	0.670517283776	0.652708149045	0.656962010559	0.701818541455	0.685964993088	0.718028734751	0.688973101868	0.662032149662	0.696124608657	0.689401109122	0.710882519177	0.655342463187	0.674267871558	0.672822578343	0.667018810608	0.703270479732	0.698120004735	0.701783729703	0.698601818953	0.665664995475	0.679938749166
AC7	0.699589964248	0.702968277771	0.755738290225	0.700415716997	0.701662245001	0.703810229219	0.720350069011	0.704369209941	0.73005585419	0.724678995472	0.684631412144	0.70687685843	0.680681503065	0.711431564674	0.715357873073	0.717581016897	0.652874852964	0.635512680661	0.747720229986	0.634693805226	0.0	0.515726813147	0.678845522354	0.679994134684	0.680349642915	0.695998805341	0.678544350542	0.599834387913	0.653487892014	0.660793278208	0.663985057096	0.641948133553	0.712890995762	0.706297874433	0.726913999935	0.742276723321	0.714136932431	0.724969104729	0.714342286698	0.741914803408	0.722644754773	0.722535998909	0.727421019553	0.710703678559	0.714427510617	0.693731614219	0.753623386451	0.744139599852	0.692109933846	0.739403433738	0.740885854975	0.751559924249	0.70088179494	0.686954524223	0.689271763705	0.703530802313	0.748738739225	0.725047599822	0.743084332152	0.735505931546	0.71249413423	0.735278516085
AC8	0.702598782663	0.664284631377	0.782035566332	0.681799797195	0.689720924614	0.687822915137	0.670573463181	0.668688268289	0.722667385019	0.680366546861	0.710478250173	0.683187726119	0.704155443021	0.703365101819	0.707210652932	0.678897958376	0.673641254613	0.644408888694	0.76191302284	0.625375108737	0.515726813147	0.0	0.684359959126	0.645244268958	0.687850522883	0.659820746177	0.502632236564	0.425405124027	0.641133717097	0.615205213937	0.702445711807	0.636095464009	0.709712581722	0.680081935225	0.709896668558	0.710388886082	0.694890796196	0.686806445152	0.671559985934	0.713380987687	0.671323660901	0.707332419795	0.704343084518	0.68122671907	0.689924787772	0.680152148611	0.721214962199	0.696480111824	0.661937480031	0.698349858927	0.700020170752	0.695241833149	0.665593241051	0.651871814126	0.671681328524	0.665650608629	0.707589478437	0.677508457388	0.71125190733	0.693738219727	0.675354443656	0.678250719226
AD7	0.668868671954	0.689478664996	0.745093476567	0.684409567622	0.716917573475	0.70330051002	0.713526363406	0.691956125424	0.665931656581	0.708083551868	0.67296022607	0.718669536882	0.674064710389	0.690416853398	0.684024429153	0.683479976336	0.665983674737	0.662617494432	0.778700006847	0.669644930279	0.678845522354	0.684359959126	0.0	0.459591861559	0.692173987578	0.508408645	0.654972213236	0.682049814977	0.672219971472	0.67417245207	0.695674961651	0.655789570011	0.652587144093	0.696796383353	0.717111059248	0.718995708847	0.682257819274	0.687557393161	0.684479926356	0.714951838526	0.698164397328	0.676627203248	0.683869196532	0.694215140839	0.708746313276	0.684121183932	0.714563302861	0.692615822728	0.675404598102	0.712654949576	0.690720253693	0.723481095739	0.672203956649	0.668443698464	0.654263986119	0.689302924357	0.695780231987	0.708646423009	0.699086955292	0.698806931589	0.670504142365	0.686464616882
AD8	0.674599722234	0.681339674279	0.763822266699	0.69069578582	0.701566529574	0.684553622084	0.682441266188	0.669888764517	0.691971746916	0.674722869842	0.683707404742	0.687962733435	0.679326191983	0.685245948259	0.696214150039	0.67298430194	0.678655019019	0.646548675586	0.793618509834	0.665768894403	0.679994134684	0.645244268958	0.459591861559	0.0	0.586407567132	0.407688253151	0.640882154811	0.640161680431	0.665318943448	0.659113120235	0.70554437298	0.648901914194	0.689625049576	0.691138966443	0.712765689216	0.68998461988	0.684871574493	0.687267117681	0.690698364387	0.708358748692	0.694710307618	0.695725411146	0.689605210165	0.683750310878	0.689717488945	0.670521964484	0.703766844874	0.676055124692	0.675182850585	0.705146832709	0.680501266183	0.714975192825	0.670304150131	0.662928565895	0.675015416857	0.670597100503	0.70205307729	0.703682283824	0.707012270229	0.68705978487	0.680628229149	0.682813030502
AE7	0.72537756859	0.723158093263	0.718596955476	0.717859996308	0.70630078588	0.740850829994	0.721559598494	0.722848557358	0.734769491596	0.723156258112	0.748269433421	0.738466200303	0.715045070042	0.703994708777	0.723026087945	0.724531689906	0.687443515901	0.678133310172	0.735131336333	0.673813361923	0.680349642915	0.687850522883	0.692173987578	0.586407567132	0.0	0.497000554778	0.696582216837	0.69447740313	0.663153151364	0.702726251794	0.722302715198	0.675170494589	0.721643627241	0.741560724146	0.727208249379	0.743446921502	0.72980322934	0.747498371876	0.744657903912	0.761740451805	0.752014168822	0.719326701702	0.732743071318	0.72183128572	0.75638584724	0.749011438607	0.765915015426	0.763669283414	0.709320884105	0.754613555432	0.747170561065	0.780973103468	0.730309519959	0.728737181529	0.723283662235	0.744961902104	0.767319859171	0.785080100857	0.767302330811	0.757085984494	0.743811349043	0.761105412373
AE8	0.700053584817	0.677402636588	0.754902277884	0.700175263284	0.713864839202	0.709136290703	0.679616302964	0.685811986519	0.715505544465	0.679463051463	0.713489872226	0.700752011297	0.704196498931	0.703044705442	0.7046129473	0.673871628134	0.703376144542	0.681395434677	0.780489811248	0.669641344266	0.695998805341	0.659820746177	0.508408645	0.407688253151	0.497000554778	0.0	0.643597773842	0.646821584338	0.669538452516	0.65811936245	0.721298886721	0.671771923931	0.677562387978	0.708278330176	0.718309773301	0.709763165979	0.71340487463	0.69033362078	0.706150303523	0.727074670462	0.709444509674	0.699055517645	0.697452685795	0.690544322467	0.721980105445	0.699080305344	0.71953685298	0.698231690877	0.687609950374	0.713544528229	0.701646284999	0.733725984289	0.684536693871	0.676626758235	0.676582116542	0.678833177459	0.698494989674	0.711055850577	0.721012097336	0.696357588951	0.698709316891	0.701154031874
AF7	0.664971631488	0.6521580394	0.758601001335	0.658472825828	0.708897821071	0.703902522191	0.686518427953	0.690384618828	0.691758421461	0.685601828942	0.695413558198	0.699223338731	0.685771541348	0.685109310501	0.691156210773	0.662627033611	0.664139114224	0.677286796051	0.776450461876	0.657932895153	0.678544350542	0.502632236564	0.654972213236	0.640882154811	0.696582216837	0.643597773842	0.0	0.438556631179	0.655674770568	0.627511665952	0.723795613238	0.667763502994	0.672874089728	0.710207830229	0.691345735561	0.699128554584	0.68072707377	0.665948935223	0.673290840576	0.707395739916	0.679534026092	0.695713974786	0.689744775002	0.680788352078	0.724452866448	0.706418409183	0.706182692484	0.699116512261	0.68531480695	0.706619979449	0.681674220783	0.703678574338	0.678199897993	0.664207027284	0.664706262451	0.667580757767	0.675142096072	0.70988541142	0.682629587107	0.695232755583	0.664647700255	0.663657982244
AF8	0.677000443523	0.655408089766	0.783881539706	0.678229462383	0.701323990853	0.690964678963	0.659058226502	0.672413752268	0.71990062072	0.661023021294	0.710200179682	0.687019276681	0.703698474195	0.707551624435	0.708168754772	0.664732089093	0.67889364399	0.654914655456	0.780017081774	0.627436392943	0.599834387913	0.425405124027	0.682049814977	0.640161680431	0.69447740313	0.646821584338	0.438556631179	0.0	0.652175941135	0.610285857108	0.716450586591	0.653041661002	0.701815379275	0.685335123693	0.70030202965	0.694586507142	0.695224193726	0.666906222362	0.674932592137	0.709820231124	0.67306854037	0.707486766912	0.698018776257	0.679874494583	0.701893218789	0.686842895681	0.717239347112	0.69653299333	0.667506117962	0.695411176557	0.67759722848	0.695251402271	0.662986500418	0.653673354027	0.669050180198	0.649996107758	0.681222335122	0.678088950331	0.701744909541	0.6876281799	0.678877465934	0.675977220097
AG7	0.701920530783	0.693177880114	0.728323393629	0.687534764023	0.698173640488	0.702368916602	0.713332879804	0.687538972861	0.680227595855	0.692065725342	0.690615029217	0.714166958582	0.692019026017	0.68904323503	0.703152647398	0.703336487971	0.694268635008	0.662197933725	0.745526758723	0.491181622527	0.653487892014	0.641133717097	0.672219971472	0.665318943448	0.663153151364	0.669538452516	0.655674770568	0.652175941135	0.0	0.494769289956	0.684949229195	0.652342278385	0.689626392891	0.702405951953	0.695550111252	0.697550456949	0.665024886518	0.678898822733	0.68398394793	0.707799570785	0.694634169401	0.687196700092	0.686942487858	0.664567391312	0.720017890292	0.690604362937	0.72534976294	0.713495861932	0.675396324427	0.711952871655	0.682054790682	0.732068767092	0.664583043407	0.686031394078	0.686926233638	0.691141089928	0.701262365293	0.723021384353	0.713839763442	0.706051816646	0.677670699306	0.704158996219
AG8	0.688744785665	0.667190975539	0.742664912463	0.682733514726	0.684048151895	0.664970319113	0.658804422378	0.645520342383	0.674462022608	0.630442186995	0.688586264465	0.667087779108	0.692794043988	0.681368256628	0.699867183066	0.668039601059	0.664966241654	0.641249728514	0.637036997734	0.413376402181	0.660793278208	0.615205213937	0.67417245207	0.659113120235	0.702726251794	0.65811936245	0.627511665952	0.610285857108	0.494769289956	0.0	0.714581462935	0.654481466588	0.680679084949	0.682469025212	0.692163474475	0.672604471208	0.650094327485	0.637836603917	0.658867964409	0.698556841476	0.670632693889	0.663882537923	0.661035380433	0.666129616442	0.701283632931	0.670185383576	0.718509292078	0.686423443974	0.678323926089	0.693971905321	0.686825201079	0.710864952608	0.674513531324	0.668594512984	0.676342839997	0.671435823111	0.68882951205	0.699644316084	0.708549031299	0.676955242009	0.677139463248	0.676640553009
AH7	0.741198482354	0.747056129291	0.780365716363	0.736511859712	0.736486931761	0.742925354279	0.726487112663	0.716312110761	0.727295549223	0.725136678406	0.716859674614	0.739059778795	0.736065493343	0.745064717829	0.747688831338	0.750200516003	0.705516876349	0.548125217849	0.763376960961	0.673367656927	0.663985057096	0.702445711807	0.695674961651	0.70554437298	0.722302715198	0.721298886721	0.723795613238	0.716450586591	0.684949229195	0.714581462935	0.0	0.494113036417	0.715449456484	0.759554595139	0.762191453806	0.760944632339	0.745665617736	0.758149789438	0.757938615976	0.764879483467	0.756001294632	0.736595315455	0.764489108172	0.737083224812	0.7742474946	0.764463387519	0.768349825922	0.763635221012	0.746570376228	0.770012385816	0.776109110868	0.786282308986	0.749239806785	0.727246220465	0.727130268657	0.748175480893	0.776172711338	0.792431663211	0.779590730702	0.763131087147	0.759382875039	0.750969487631
AH8	0.701235507151	0.682932209891	0.788892251704	0.689528767457	0.692743922173	0.682181894933	0.694248533365	0.682587845291	0.693482523104	0.694328556809	0.679377880962	0.691562178173	0.689648734381	0.71013121617	0.703516945608	0.692241020181	0.569912251182	0.411263014589	0.777079463293	0.638506191364	0.641948133553	0.636095464009	0.655789570011	0.648901914194	0.675170494589	0.671771923931	0.667763502994	0.653041661002	0.652342278385	0.654481466588	0.494113036417	0.0	0.685785639861	0.716829979394	0.717368380229	0.705732884785	0.694415020768	0.699742540725	0.691779661628	0.727264703987	0.695013512785	0.698445573967	0.710238795378	0.705183313074	0.724560732169	0.710260432557	0.718878874302	0.71170492131	0.705367988199	0.719532958058	0.722669963377	0.735096562053	0.699078773813	0.679355402031	0.689108621419	0.70391760584	0.729805170824	0.737591831255	0.739469470026	0.715370699689	0.70417749222	0.700195116943
AA5	0.650946688379	0.666383685331	0.739756451705	0.684367340652	0.670478609409	0.65994216527	0.685055826959	0.696676714259	0.638131977364	0.696500610779	0.643950571572	0.664009841443	0.693913849875	0.716829311483	0.662967175135	0.662721294439	0.666166736599	0.672700115473	0.780692896026	0.689456432584	0.712890995762	0.709712581722	0.652587144093	0.689625049576	0.721643627241	0.677562387978	0.672874089728	0.701815379275	0.689626392891	0.680679084949	0.715449456484	0.685785639861	0.0	0.596918049168	0.685013837066	0.68260227004	0.65287969148	0.638444831182	0.68439962865	0.690267748569	0.688401533987	0.641972933183	0.646436713985	0.647376733274	0.728332718034	0.652199850841	0.699116688221	0.710366861783	0.694126312949	0.695915790579	0.695144309938	0.712683948842	0.670963792293	0.690786748901	0.663236943849	0.703762116504	0.666113395649	0.717605565395	0.675327180003	0.679079786745	0.656735528242	0.703172709487
AA6	0.696421597541	0.687653879449	0.799820876401	0.691915260341	0.687525046158	0.657916010632	0.669961477361	0.659085617242	0.702880488915	0.676473090342	0.686217893086	0.668300906512	0.708200565849	0.739662986623	0.719147629153	0.695409732673	0.73566240881	0.714682868386	0.783902046543	0.672313405515	0.706297874433	0.680081935225	0.696796383353	0.691138966443	0.741560724146	0.708278330176	0.710207830229	0.685335123693	0.702405951953	0.682469025212	0.759554595139	0.716829979394	0.596918049168	0.0	0.700643472478	0.680859566908	0.674624447906	0.63952573804	0.676437138146	0.696094273102	0.665025076209	0.684971298481	0.659201416723	0.654894848723	0.475051256781	0.418504175729	0.697193689263	0.687077719737	0.67162057608	0.677972205411	0.681901221738	0.671706284915	0.673189889258	0.682354632454	0.696235410507	0.687745487323	0.68125669688	0.680259771781	0.673881164246	0.676496353018	0.658586723978	0.691975602858
AB5	0.665734501294	0.66973968748	0.728066958037	0.672742542001	0.692263832456	0.660880198586	0.676740835562	0.668635428351	0.693647791096	0.68481734303	0.660931222172	0.674152124418	0.69410576315	0.69010044658	0.691982131772	0.676456021006	0.707335322089	0.703029017457	0.770152502311	0.673023586828	0.726913999935	0.709896668558	0.717111059248	0.712765689216	0.727208249379	0.718309773301	0.691345735561	0.70030202965	0.695550111252	0.692163474475	0.762191453806	0.717368380229	0.685013837066	0.700643472478	0.0	0.428631267079	0.650700224108	0.660537700246	0.639524249841	0.646173765119	0.645830553339	0.68327409083	0.67018219796	0.636755242951	0.71004072771	0.697113896908	0.670415505465	0.696462443951	0.676117420264	0.698051091118	0.682989000706	0.695309274873	0.657563647702	0.679588185544	0.688431283189	0.679703114091	0.707892901595	0.674275238045	0.693228142928	0.695347126328	0.653881414813	0.686888868553
AB6	0.680321001519	0.655970907847	0.780836713184	0.679551273438	0.684529823596	0.660022585753	0.668996460981	0.668967380889	0.710192304907	0.659495943879	0.669013748199	0.66181647575	0.693339375638	0.7147971992	0.694703813252	0.66361371095	0.711846240327	0.703892838517	0.791468418746	0.675501529435	0.742276723321	0.710388886082	0.718995708847	0.68998461988	0.743446921502	0.709763165979	0.699128554584	0.694586507142	0.697550456949	0.672604471208	0.760944632339	0.705732884785	0.68260227004	0.680859566908	0.428631267079	0.0	0.668038996882	0.644241418939	0.642738547741	0.643039628819	0.646268772198	0.688344463396	0.661479483187	0.538144514699	0.689317652582	0.662448485114	0.672977418851	0.690059076666	0.666310104679	0.68264444124	0.675745179038	0.682831773573	0.66951131238	0.666650748872	0.690045252567	0.666654079208	0.680764251996	0.682678418295	0.673761705678	0.674765494028	0.654656255135	0.691889600607
AC5	0.635050703013	0.67509486469	0.740021440872	0.669192353014	0.684655345878	0.659547484248	0.692210440774	0.669807287576	0.645632757937	0.684701887788	0.656153314401	0.688324951629	0.679663010091	0.691735325258	0.68306096947	0.674254923321	0.671902294715	0.679414131734	0.769164640526	0.66691428618	0.714136932431	0.694890796196	0.682257819274	0.684871574493	0.72980322934	0.71340487463	0.68072707377	0.695224193726	0.665024886518	0.650094327485	0.745665617736	0.694415020768	0.65287969148	0.674624447906	0.650700224108	0.668038996882	0.0	0.479167747106	0.637656009957	0.674887418468	0.64451755262	0.669012647082	0.612879319195	0.645968377045	0.673218375972	0.654116928641	0.652161549979	0.678600817204	0.63998095622	0.680656055142	0.662182781033	0.666107919795	0.643655638578	0.638664840405	0.64960218109	0.667668654289	0.660716551372	0.661199454583	0.657401923957	0.675370447431	0.639259619035	0.669689389614
AC6	0.64474427762	0.631933507364	0.771065693908	0.660327822421	0.668897068143	0.64934057275	0.656630593322	0.667343594899	0.691874519004	0.658225983812	0.658432855683	0.650043902648	0.672122671143	0.691690182168	0.685985678348	0.638578212131	0.695399109011	0.694305112552	0.763022209071	0.649106241039	0.724969104729	0.686806445152	0.687557393161	0.687267117681	0.747498371876	0.69033362078	0.665948935223	0.666906222362	0.678898822733	0.637836603917	0.758149789438	0.699742540725	0.638444831182	0.63952573804	0.660537700246	0.644241418939	0.479167747106	0.0	0.629041067251	0.653491301517	0.627494008511	0.541695542111	0.481217016957	0.623759533626	0.66029012334	0.634799525225	0.647021665401	0.666457287291	0.632070827094	0.640638005002	0.643787458495	0.658578614064	0.643202694705	0.640201147161	0.657275214095	0.652598049037	0.614521514265	0.658429983712	0.640100041853	0.628334601057	0.641889858735	0.657245187743
AD6	0.659506084389	0.635021361881	0.789367022191	0.663770158467	0.675529157157	0.639770186477	0.6180096975	0.612183658527	0.647608753803	0.610757171872	0.665458576728	0.647446481353	0.673833572493	0.690806613989	0.663157352703	0.636211256407	0.708290437384	0.690896225757	0.78293558806	0.674612869005	0.714342286698	0.671559985934	0.684479926356	0.690698364387	0.744657903912	0.706150303523	0.673290840576	0.674932592137	0.68398394793	0.658867964409	0.757938615976	0.691779661628	0.68439962865	0.676437138146	0.639524249841	0.642738547741	0.637656009957	0.629041067251	0.0	0.562101776111	0.427775875737	0.656129214065	0.63826272793	0.651565944498	0.671074853432	0.650398883893	0.661388323194	0.660276104423	0.651452396612	0.645623757593	0.674411841497	0.680777586517	0.640270894647	0.635484808441	0.644072399376	0.651490301901	0.645333274201	0.663078704327	0.657117954331	0.633089024974	0.633993846425	0.640935887064
AE5	0.694254900959	0.672808897531	0.785188986385	0.69634059326	0.663855071374	0.63989020769	0.656728740371	0.647972901084	0.694391528698	0.658152038236	0.680233636217	0.661043864527	0.711240753575	0.708673640462	0.692784410274	0.683726590508	0.746966881499	0.715432602006	0.794830297839	0.69417443795	0.741914803408	0.713380987687	0.714951838526	0.708358748692	0.761740451805	0.727074670462	0.707395739916	0.709820231124	0.707799570785	0.698556841476	0.764879483467	0.727264703987	0.690267748569	0.696094273102	0.646173765119	0.643039628819	0.674887418468	0.653491301517	0.562101776111	0.0	0.453051584826	0.693735108564	0.675642197869	0.658820976874	0.684110791004	0.683855674783	0.679782769124	0.69158873912	0.660027967505	0.659906181864	0.6745176025	0.698849183098	0.64872230823	0.662717990553	0.655977842426	0.650122995832	0.672601499123	0.691777938184	0.667093993292	0.650076471559	0.649919911696	0.685206104793
AE6	0.67558830809	0.636423405585	0.795811054936	0.68598442175	0.66921879918	0.644192848063	0.622160037656	0.616062845007	0.672657129297	0.624402457693	0.699398399715	0.650899462059	0.697615405977	0.703961054036	0.666160287016	0.643762984439	0.720309924008	0.684293549734	0.794405891399	0.675467986392	0.722644754773	0.671323660901	0.698164397328	0.694710307618	0.752014168822	0.709444509674	0.679534026092	0.67306854037	0.694634169401	0.670632693889	0.756001294632	0.695013512785	0.688401533987	0.665025076209	0.645830553339	0.646268772198	0.64451755262	0.627494008511	0.427775875737	0.453051584826	0.0	0.684940439024	0.644913421468	0.661951577934	0.662651803508	0.657552037599	0.669887030917	0.661740937123	0.641086559613	0.63219525288	0.662517875171	0.672611566769	0.632347764333	0.62730853345	0.64337423887	0.637494674619	0.647458656593	0.660083731693	0.663517411235	0.620960410654	0.639226444761	0.646163438785
AF5	0.66628138603	0.68225039239	0.729081667298	0.663658945825	0.663406582123	0.662547663137	0.696816261039	0.677787957722	0.636537861288	0.696186719974	0.676013316801	0.673731869478	0.667036764938	0.662866776784	0.682672305322	0.666699311117	0.689485629544	0.676058118447	0.722646581536	0.670517283776	0.722535998909	0.707332419795	0.676627203248	0.695725411146	0.719326701702	0.699055517645	0.695713974786	0.707486766912	0.687196700092	0.663882537923	0.736595315455	0.698445573967	0.641972933183	0.684971298481	0.68327409083	0.688344463396	0.669012647082	0.541695542111	0.656129214065	0.693735108564	0.684940439024	0.0	0.49265405097	0.646262088932	0.719763323695	0.688263610463	0.702112621648	0.695694490892	0.687000402781	0.687255055787	0.708482182028	0.728599157017	0.692085439406	0.7110016551	0.692445133834	0.709015199867	0.68711246053	0.721696788499	0.689040001721	0.669634927348	0.661192579236	0.693021989915
AF6	0.67329222956	0.677771630816	0.758639526302	0.66575323286	0.667591404398	0.654279338123	0.694901675962	0.676090851252	0.671477154195	0.689762782507	0.676593611291	0.666794426138	0.672854048316	0.676949785068	0.691174973473	0.673834522286	0.702811886657	0.69498317014	0.751582400063	0.652708149045	0.727421019553	0.704343084518	0.683869196532	0.689605210165	0.732743071318	0.697452685795	0.689744775002	0.698018776257	0.686942487858	0.661035380433	0.764489108172	0.710238795378	0.646436713985	0.659201416723	0.67018219796	0.661479483187	0.612879319195	0.481217016957	0.63826272793	0.675642197869	0.644913421468	0.49265405097	0.0	0.640549128788	0.690351794662	0.652992078768	0.684458374863	0.682366395314	0.664653049442	0.653908242575	0.67582318126	0.700716627393	0.669580526561	0.673498710351	0.673347927478	0.676464791712	0.658032891882	0.686402917716	0.663610794262	0.635991036089	0.64331587082	0.668358198034
