	AA3	AA4	AB3	AB4	AC3	AC4	AD3	AD4	AE3	AE4	AF3	AF4	AG3	AG4	AH3	AH4	AA7	AA8	AB7	AB8	AC7	AC8	AD7	AD8	AE7	AE8	AF7	AF8	AG7	AG8	AH7	AH8	AA5	AA6	AB5	AB6	AC5	AC6	AD6	AE5	AE6	AF5	AF6	AG5	AH5	AH6	AA1	AA2	AB1	AB2	AC1	AC2	AD1	AD2	AE1	AE2	AF1	AF2	AG1	AG2	AH1	AH2
AA3	0.0	0.518272833381	0.664166403844	0.653416451788	0.673942433776	0.663386794362	0.687480223836	0.702914674322	0.650683775067	0.702108872213	0.640530971448	0.670063252104	0.644405102329	0.63931913146	0.68409831842	0.49873049782	0.6781786425	0.684983646814	0.754520208506	0.691896481062	0.697639999946	0.67065886405	0.671050728235	0.69521017906	0.733467822607	0.703059393069	0.670991405233	0.684946630878	0.684121508362	0.68662255374	0.735954670631	0.683572347896	0.666072182497	0.680984820785	0.673542079818	0.673752266904	0.644220086418	0.655346573544	0.656684580554	0.671297156983	0.668320878818	0.678745491606	0.657761493537	0.662795763877	0.697412813936	0.697123379478	0.656822036798	0.676552904026	0.652173594274	0.692527422774	0.669690841548	0.681207523097	0.636025455838	0.661916657277	0.661226002829	0.671583230551	0.655708122583	0.694400268064	0.666642718688	0.680256607018	0.646900867137	0.687673569325
AA4	0.518272833381	0.0	0.669250985847	0.644481228517	0.65364029857	0.637217344322	0.669086073463	0.664069277048	0.660952824704	0.661376507368	0.665671674464	0.659043667441	0.670204120211	0.646315391913	0.494505136509	0.390362339006	0.680947391589	0.685206479441	0.767530054721	0.674033246549	0.709579790625	0.661685471718	0.678282680034	0.685387804783	0.729599027647	0.675322590599	0.66215810256	0.659813193052	0.680179312516	0.683651928651	0.742939455998	0.674470023431	0.67690962127	0.680094110778	0.671279131198	0.638581051304	0.655119538701	0.641955082568	0.635900364652	0.66741393334	0.634748223077	0.657833173274	0.647331555776	0.633101871796	0.684853192953	0.669411220846	0.641204642776	0.63926957517	0.652129981309	0.668535444128	0.668056890137	0.675222328206	0.647009589627	0.65129528047	0.64532756668	0.670478601798	0.640226753977	0.669349764724	0.674465221142	0.653504231534	0.656522119427	0.651396783323
AB3	0.664166403844	0.669250985847	0.0	0.612934782207	0.677536937929	0.71938069146	0.729121050566	0.743179751422	0.705146849184	0.73365611447	0.68958932588	0.726893438731	0.70737518605	0.531667031515	0.68377486708	0.685759116163	0.691179179635	0.718446904459	0.688232850422	0.662362872535	0.704450410707	0.705288557036	0.723878343586	0.746029791617	0.710936073142	0.728530297123	0.709207317286	0.723272950465	0.681694752237	0.68484041421	0.7367768167	0.709050492367	0.712419966969	0.762369157707	0.698831805302	0.70496815648	0.705566090628	0.716883850856	0.736216204026	0.73243690685	0.754177999554	0.682351844583	0.687125450481	0.708881859554	0.769827483134	0.761295911798	0.744919109433	0.753011942666	0.700952126438	0.743418956896	0.731321100223	0.761950514993	0.720802386005	0.737290112874	0.724962954696	0.74141028885	0.735108966039	0.754004236553	0.743736314032	0.74810302116	0.725587316108	0.753306037201
AB4	0.653416451788	0.644481228517	0.612934782207	0.0	0.669585408406	0.684969148257	0.702800991855	0.698537727679	0.694387886677	0.69261748577	0.677117004407	0.689075087533	0.438825893722	0.473986374959	0.680495278216	0.661935402252	0.695091949134	0.686743636552	0.753765427271	0.675363122064	0.691417726518	0.665908088209	0.716279672867	0.710338496597	0.736149813327	0.705487927928	0.661851889577	0.663499770414	0.684100798517	0.698410154649	0.730654950445	0.689053776928	0.704739371841	0.71106830927	0.693625630949	0.680490482313	0.687737632545	0.676437601974	0.683695195185	0.707089140915	0.695771075355	0.677427181013	0.668598396751	0.678609854911	0.717598677619	0.727657700869	0.704947522413	0.698739742113	0.66468254861	0.691012485771	0.701996782118	0.715768243301	0.67650334102	0.690296956777	0.694334833912	0.693662542215	0.689510768377	0.721937343618	0.708707817778	0.684376439368	0.674371447581	0.703281652878
AC3	0.673942433776	0.65364029857	0.677536937929	0.669585408406	0.0	0.506385887669	0.686035561433	0.687375856577	0.675208302635	0.67364988513	0.684205292999	0.494469197098	0.692272092324	0.677025090649	0.679153958255	0.662343016336	0.677755206087	0.685601590975	0.753332505137	0.684234073299	0.716931724736	0.698088662419	0.723839082516	0.72864892516	0.726462766324	0.717626071174	0.702692849063	0.704413334154	0.716754056945	0.703753826495	0.748384139602	0.689967754879	0.675853698323	0.704776865402	0.697487827674	0.672392007728	0.688289696224	0.663295538491	0.687335142861	0.667045634541	0.683577423186	0.654958180668	0.668287370277	0.661364054943	0.731499389554	0.71947044922	0.715146333674	0.70160409455	0.702406663197	0.701494658479	0.698663884917	0.698625527256	0.697285767644	0.701784001272	0.683747085867	0.698603513767	0.69000883456	0.695497834414	0.696975880682	0.680409664498	0.686280690339	0.70433394167
AC4	0.663386794362	0.637217344322	0.71938069146	0.684969148257	0.506385887669	0.0	0.666794078708	0.65367196993	0.669153532057	0.665036658215	0.505843054371	0.385428721191	0.681410581334	0.684375429189	0.68953841428	0.632976803112	0.680983548999	0.695369403246	0.752082489231	0.66812618475	0.71559790858	0.679844534714	0.707292047372	0.708553250885	0.74241171924	0.694204886951	0.688707036961	0.695479838032	0.707698273006	0.678963553437	0.740205862423	0.69294451183	0.685648449806	0.6597208812	0.668302063086	0.641981005152	0.661968402029	0.631696810422	0.646859111103	0.64505269427	0.652518905519	0.655822664228	0.657839066846	0.63325928314	0.677079113152	0.668467160279	0.710365797813	0.692569552756	0.689395747528	0.672705442068	0.682705903035	0.672688801279	0.67645636071	0.676447339567	0.686157163113	0.675219800503	0.663554062746	0.680180947003	0.662852036517	0.678653508507	0.664724099422	0.67698374297
AD3	0.687480223836	0.669086073463	0.729121050566	0.702800991855	0.686035561433	0.666794078708	0.0	0.402418685668	0.668921833001	0.362529879855	0.708175641986	0.680230196862	0.713865967518	0.693215143275	0.696719446429	0.676661188581	0.721166190925	0.706086273136	0.778539212016	0.683865482862	0.721301010563	0.687692607081	0.715612391158	0.682396104448	0.731371167724	0.690132077464	0.696192495608	0.661665730548	0.71024175991	0.672400522498	0.72612246764	0.696605786092	0.724676303393	0.678121323647	0.674914594518	0.672594724364	0.689593183933	0.664111542615	0.628858964785	0.653480396401	0.610968854216	0.674546488892	0.661758514204	0.681566650264	0.684909290476	0.678885602103	0.696154240943	0.69042941491	0.668331441544	0.658604243446	0.685360668245	0.698020576274	0.668969345574	0.667694192774	0.680179276398	0.663283591227	0.6810217907	0.674078577157	0.707256320577	0.653799501939	0.706731304963	0.682350643108
AD4	0.702914674322	0.664069277048	0.743179751422	0.698537727679	0.687375856577	0.65367196993	0.402418685668	0.0	0.589101611443	0.401804664053	0.702570144661	0.665632202962	0.704591697369	0.686308335446	0.707879386181	0.683248842298	0.718079498246	0.709431508673	0.785279003039	0.676924777257	0.730059372389	0.683641454781	0.695348269855	0.667538216483	0.746294026628	0.665935529287	0.666979562932	0.661592399616	0.683251778941	0.666572251985	0.722929813785	0.703434882854	0.716286261577	0.678259142154	0.694802861471	0.677927213842	0.681292138144	0.673571333266	0.644059026552	0.656684134814	0.631109696434	0.674535426679	0.670279760476	0.656551677124	0.687059369399	0.682285347634	0.682562444786	0.677816008023	0.677729517774	0.651748663005	0.68367890355	0.692756997004	0.667308704183	0.660316491736	0.670321072468	0.664760074218	0.673709249138	0.675462103964	0.708998306954	0.655041122552	0.7013109784	0.67389467367
AE3	0.650683775067	0.660952824704	0.705146849184	0.694387886677	0.675208302635	0.669153532057	0.668921833001	0.589101611443	0.0	0.655329038939	0.653907262078	0.658563393022	0.664750742765	0.672177528149	0.677526880467	0.664076546373	0.658965447128	0.689290886671	0.757046588867	0.692289666101	0.713732571653	0.701552563046	0.648396924396	0.678085854238	0.735926866227	0.680552399323	0.653456393379	0.684051178334	0.677737529559	0.67663904568	0.730703577827	0.687274313259	0.644646007377	0.705248435077	0.680370880786	0.690272815922	0.635986702196	0.670277955395	0.679599718485	0.687954915427	0.699034677594	0.652948406098	0.660081190868	0.654633060358	0.722757518712	0.710630544271	0.692686034016	0.719457239482	0.708196542662	0.703555504597	0.688385921429	0.724966814102	0.67096770207	0.693326761218	0.661990885258	0.69325341376	0.686180283226	0.712688859761	0.698393100787	0.711552523932	0.66178230676	0.720748367115
AE4	0.702108872213	0.661376507368	0.73365611447	0.69261748577	0.67364988513	0.665036658215	0.362529879855	0.401804664053	0.655329038939	0.0	0.712995189455	0.656995612198	0.711539879296	0.686339349847	0.699394558053	0.676025130672	0.708085562192	0.697833105958	0.770346150907	0.661164359651	0.72328169416	0.684511344604	0.717143519994	0.688870482507	0.740224739466	0.694857086028	0.698405557638	0.667667736723	0.693726404488	0.663212871764	0.720023528964	0.684514482487	0.721264416908	0.672550773461	0.686399832149	0.662907445376	0.675561104757	0.664177896773	0.624484220249	0.644432688778	0.596408805968	0.669858587422	0.660978836637	0.6732980423	0.693428876899	0.675662348763	0.690261392151	0.675940094067	0.68024951426	0.673830400782	0.678703125502	0.689995997347	0.67547070249	0.673668269058	0.679292960259	0.676531098508	0.69681541006	0.675596089668	0.710493670538	0.673897320324	0.698140760477	0.667974713156
AF3	0.640530971448	0.665671674464	0.68958932588	0.677117004407	0.684205292999	0.505843054371	0.708175641986	0.702570144661	0.653907262078	0.712995189455	0.0	0.549551683298	0.671533489779	0.684059589597	0.686873188497	0.663606633655	0.685051712938	0.698501990101	0.749920765279	0.679014485267	0.687426666845	0.700527403864	0.68196452039	0.69994467024	0.759538658946	0.718689242381	0.69711021666	0.711199446306	0.696968769342	0.67500393387	0.722420080234	0.700153282599	0.651514550564	0.680789193462	0.669741173046	0.667796881223	0.659290464745	0.656441046036	0.663345458065	0.66860095841	0.690620105207	0.6850526937	0.675255086034	0.660473808044	0.695199366427	0.679917445556	0.715072745528	0.715287865728	0.69776242497	0.720901983768	0.709996078753	0.71159603697	0.688553479372	0.700334712239	0.69577196646	0.703294223697	0.676178745523	0.727288776445	0.678240046068	0.709488703116	0.65244727734	0.710740500437
AF4	0.670063252104	0.659043667441	0.726893438731	0.689075087533	0.494469197098	0.385428721191	0.680230196862	0.665632202962	0.658563393022	0.656995612198	0.549551683298	0.0	0.702605697139	0.693834324919	0.705420902406	0.659845405481	0.690131919563	0.71145904058	0.763845491002	0.684843983651	0.730274801041	0.682915981183	0.710473494279	0.730585143065	0.749787427799	0.714809356892	0.699337059693	0.695616398756	0.717021955121	0.699852078299	0.770405451946	0.706449131244	0.674827659856	0.665860941391	0.670869441886	0.66233882121	0.669860566062	0.652100952699	0.664125512372	0.650823556002	0.657553656574	0.668953964639	0.658497709158	0.654834284249	0.699162098867	0.679636519439	0.699889512069	0.700695211468	0.70713046497	0.696473929168	0.682175295155	0.668875940415	0.68057260197	0.697383302509	0.706185220262	0.697611141166	0.693287322485	0.673048273053	0.688344847399	0.702485471467	0.670412462322	0.690621489088
AG3	0.644405102329	0.670204120211	0.70737518605	0.438825893722	0.692272092324	0.681410581334	0.713865967518	0.704591697369	0.664750742765	0.711539879296	0.671533489779	0.702605697139	0.0	0.533571733141	0.700902751663	0.672334567968	0.676970873597	0.693105023814	0.772621895922	0.694978003579	0.688664574882	0.692059445462	0.690382803245	0.697374675651	0.733912446749	0.700390469609	0.681202961837	0.693581250015	0.678548241929	0.696803765602	0.737437668755	0.692880289416	0.694152728826	0.699962716677	0.684907250235	0.681204345739	0.687818849614	0.675083191946	0.683050988328	0.703126741727	0.698881262265	0.673972909589	0.658270630364	0.671550964651	0.700395104703	0.710976857019	0.692667243829	0.698873370495	0.658598622568	0.703522799317	0.704878108518	0.712608598387	0.67159883515	0.692394713125	0.679311478096	0.692851719926	0.701552845433	0.723532262321	0.693806787701	0.693220335726	0.680962650134	0.710470557403
AG4	0.63931913146	0.646315391913	0.531667031515	0.473986374959	0.677025090649	0.684375429189	0.693215143275	0.686308335446	0.672177528149	0.686339349847	0.684059589597	0.693834324919	0.533571733141	0.0	0.665944131555	0.647888268207	0.696029550777	0.727274037017	0.715083834868	0.667138374153	0.708333933283	0.682067313086	0.704807639144	0.715845968461	0.708241725166	0.69868711157	0.674277410782	0.695461230319	0.672226513008	0.671814292655	0.756549694462	0.715141010738	0.70887771905	0.726840328083	0.686894138602	0.67627788713	0.664866619042	0.6745446164	0.684299483834	0.697306889142	0.69879417132	0.665994864338	0.653586864309	0.669861821406	0.736589441987	0.7281130813	0.69458303285	0.710815827984	0.639838502124	0.692567159649	0.692526436484	0.707473771134	0.670180171807	0.698669218598	0.68765066559	0.695513886774	0.707353311989	0.705309652225	0.707289524129	0.693016986059	0.68662821809	0.714516947404
AH3	0.68409831842	0.494505136509	0.68377486708	0.680495278216	0.679153958255	0.68953841428	0.696719446429	0.707879386181	0.677526880467	0.699394558053	0.686873188497	0.705420902406	0.700902751663	0.665944131555	0.0	0.562392255602	0.695575790513	0.718258957824	0.77100004719	0.705249902984	0.718881708731	0.700214167422	0.680129423257	0.692376489521	0.723617681051	0.690472458667	0.692653682714	0.692249648044	0.706446235047	0.709479820315	0.752441250193	0.708405836358	0.69066461925	0.727866167444	0.702508288015	0.679312246178	0.69481926092	0.689023651169	0.683297630776	0.696499742541	0.691504552924	0.701705717345	0.690998191265	0.689834040683	0.722362981889	0.715375781351	0.712532797449	0.699007575311	0.710748874421	0.71608455925	0.708822999046	0.733162811093	0.70550391812	0.704857477336	0.688774375604	0.704912426706	0.701348295983	0.727416997053	0.702531443475	0.696115111289	0.686210754958	0.707651020718
AH4	0.49873049782	0.390362339006	0.685759116163	0.661935402252	0.662343016336	0.632976803112	0.676661188581	0.683248842298	0.664076546373	0.676025130672	0.663606633655	0.659845405481	0.672334567968	0.647888268207	0.562392255602	0.0	0.687151800431	0.694205053973	0.770946076976	0.688406926139	0.716335837833	0.67804962803	0.668228079347	0.685680158315	0.741815393412	0.678364614795	0.663382751616	0.668449038945	0.697779700688	0.686130617506	0.745513010376	0.69328517933	0.691362096271	0.680817066033	0.667850657939	0.644872022858	0.660157818799	0.653106925496	0.641750015362	0.667819539068	0.647968274245	0.661421495497	0.650941642043	0.632171068781	0.689580995033	0.676313262738	0.660498221484	0.661380699364	0.660887497804	0.67120884396	0.652945806297	0.671229847245	0.651724052207	0.651761770763	0.660538237274	0.651194731941	0.66918690462	0.677275377099	0.675543591748	0.67005083606	0.656893523832	0.658653082443
AA7	0.6781786425	0.680947391589	0.691179179635	0.695091949134	0.677755206087	0.680983548999	0.721166190925	0.718079498246	0.658965447128	0.708085562192	0.685051712938	0.690131919563	0.676970873597	0.696029550777	0.695575790513	0.687151800431	0.0	0.527857206933	0.76113485454	0.676695495384	0.661448137489	0.672995037212	0.649042914944	0.689958476028	0.694304226464	0.688618108258	0.669538854874	0.671241717031	0.679618944172	0.682734181289	0.712529279624	0.546971759266	0.684205262456	0.733196909862	0.716673143882	0.708938918448	0.676743978855	0.684285912243	0.716520926566	0.736983980534	0.73539140682	0.680829140545	0.679582032464	0.709047216341	0.739494855118	0.730921627407	0.730128561484	0.715208816201	0.712769941901	0.749418746018	0.705844224729	0.737372445806	0.697407126901	0.707593218262	0.680181545591	0.710948471351	0.729625987836	0.755489224033	0.72549721893	0.738506582107	0.699878489991	0.710165711486
AA8	0.684983646814	0.685206479441	0.718446904459	0.686743636552	0.685601590975	0.695369403246	0.706086273136	0.709431508673	0.689290886671	0.697833105958	0.698501990101	0.71145904058	0.693105023814	0.727274037017	0.718258957824	0.694205053973	0.527857206933	0.0	0.776192259341	0.657773805975	0.635281568067	0.64044725217	0.685827407641	0.677392065724	0.697137249173	0.687608241488	0.686516506256	0.635249806737	0.671525234269	0.6726697076	0.540499694185	0.389625575668	0.710595468261	0.725127485624	0.724627745504	0.720489508531	0.69025107339	0.69907698768	0.705961390553	0.712499432021	0.708792042855	0.703657979883	0.698884150319	0.700754523264	0.719479674918	0.723758358603	0.711286096136	0.712558478437	0.698981098931	0.732945260581	0.716453137234	0.740214847135	0.693963622395	0.688432130151	0.687171411684	0.692691900507	0.733721457107	0.732301381771	0.742482896242	0.724872010983	0.715454514195	0.710932735698
AB7	0.754520208506	0.767530054721	0.688232850422	0.753765427271	0.753332505137	0.752082489231	0.778539212016	0.785279003039	0.757046588867	0.770346150907	0.749920765279	0.763845491002	0.772621895922	0.715083834868	0.77100004719	0.770946076976	0.76113485454	0.776192259341	0.0	0.563818274132	0.737171650885	0.74406190583	0.768107108384	0.787234573024	0.740354693007	0.776555997758	0.770758438374	0.770202030474	0.738578747335	0.625638198912	0.755354758002	0.757410008997	0.764997844809	0.791382703959	0.76805925193	0.77831676796	0.765938756619	0.757144667093	0.788285357031	0.782136836543	0.796040040145	0.730951836859	0.746092201468	0.770950634254	0.799050755547	0.79927095639	0.817144860959	0.814623514598	0.776558746238	0.79426140202	0.805034570502	0.802698988921	0.782516955497	0.79572568743	0.775962077725	0.784060639163	0.787836006451	0.792980973909	0.802225283174	0.795213650391	0.782228138318	0.801848728099
AB8	0.691896481062	0.674033246549	0.662362872535	0.675363122064	0.684234073299	0.66812618475	0.683865482862	0.676924777257	0.692289666101	0.661164359651	0.679014485267	0.684843983651	0.694978003579	0.667138374153	0.705249902984	0.688406926139	0.676695495384	0.657773805975	0.563818274132	0.0	0.646174300032	0.618401679555	0.67212358169	0.672007268873	0.683713982836	0.669412543968	0.672262327571	0.637605250967	0.479847093832	0.379315346699	0.686443354201	0.637544534758	0.697435627534	0.68371068883	0.679790077723	0.67976369903	0.671131683589	0.646714618377	0.675214621976	0.684187669802	0.679764065336	0.671650583618	0.653638862486	0.661934185487	0.701784129936	0.676501550381	0.724306766358	0.7000384809	0.677631590608	0.711787644349	0.68655022526	0.709562003699	0.661107360883	0.676115956251	0.673495472089	0.666927711744	0.682346931736	0.696844669303	0.696367029928	0.698344701928	0.68080129423	0.687993490487
AC7	0.697639999946	0.709579790625	0.704450410707	0.691417726518	0.716931724736	0.71559790858	0.721301010563	0.730059372389	0.713732571653	0.72328169416	0.687426666845	0.730274801041	0.688664574882	0.708333933283	0.718881708731	0.716335837833	0.661448137489	0.635281568067	0.737171650885	0.646174300032	0.0	0.502938978199	0.683890727933	0.682419521	0.691857509122	0.686491517983	0.706789107896	0.576839132516	0.64698995266	0.639810417279	0.659406649847	0.655930873502	0.715291436059	0.69572307491	0.721950551021	0.726086290124	0.709136006047	0.700893849257	0.723763566636	0.729679086205	0.733053278436	0.707983165148	0.701852927406	0.714671931898	0.702136299645	0.696003830958	0.752124672711	0.752118360203	0.696728513089	0.74791227764	0.746906928725	0.746938114951	0.71078243733	0.704970089739	0.694648052676	0.69512054619	0.749842532505	0.735680187543	0.746651276793	0.729687823042	0.697443725948	0.742790531789
AC8	0.67065886405	0.661685471718	0.705288557036	0.665908088209	0.698088662419	0.679844534714	0.687692607081	0.683641454781	0.701552563046	0.684511344604	0.700527403864	0.682915981183	0.692059445462	0.682067313086	0.700214167422	0.67804962803	0.672995037212	0.64044725217	0.74406190583	0.618401679555	0.502938978199	0.0	0.679281239822	0.668080229041	0.708706278691	0.669766653357	0.53897325698	0.424005768399	0.631478497985	0.614470731336	0.701357537397	0.633384729495	0.716042318971	0.660850775565	0.704532364529	0.69469307163	0.681184092976	0.666711659939	0.678498105883	0.693628270694	0.687215138396	0.702548117477	0.668211018329	0.686086299934	0.670147642933	0.655823221182	0.714662040986	0.692923890752	0.670563963448	0.699325639796	0.68760404012	0.679295577606	0.674956281114	0.66116864814	0.667478613501	0.652085535976	0.693128471651	0.6851964493	0.709764648257	0.685353082869	0.678534326509	0.683328488224
AD7	0.671050728235	0.678282680034	0.723878343586	0.716279672867	0.723839082516	0.707292047372	0.715612391158	0.695348269855	0.648396924396	0.717143519994	0.68196452039	0.710473494279	0.690382803245	0.704807639144	0.680129423257	0.668228079347	0.649042914944	0.685827407641	0.768107108384	0.67212358169	0.683890727933	0.679281239822	0.0	0.477976662367	0.698259639334	0.517737812927	0.648335591044	0.665865362493	0.657769223847	0.657577303665	0.697614751445	0.67516059708	0.665915950963	0.709000077246	0.719070236192	0.7137258813	0.679528467897	0.668018742438	0.69714095973	0.710939633755	0.705716129136	0.67922040987	0.676180657081	0.684444436433	0.70612123818	0.692582189324	0.71215906959	0.691277492623	0.689097626157	0.726354056176	0.688657583371	0.728353753678	0.676333855068	0.673170735088	0.653084723524	0.675733053858	0.697016998796	0.718467033867	0.700005036702	0.710218877038	0.653911130712	0.699564073391
AD8	0.69521017906	0.685387804783	0.746029791617	0.710338496597	0.72864892516	0.708553250885	0.682396104448	0.667538216483	0.678085854238	0.688870482507	0.69994467024	0.730585143065	0.697374675651	0.715845968461	0.692376489521	0.685680158315	0.689958476028	0.677392065724	0.787234573024	0.672007268873	0.682419521	0.668080229041	0.477976662367	0.0	0.607169998505	0.402343148492	0.643058400898	0.650704546558	0.663798785498	0.663053577388	0.706481357107	0.671202255924	0.692571255711	0.703099080669	0.727086003045	0.717125761058	0.694683807689	0.67902787606	0.69865407826	0.716731284471	0.700271218316	0.698042498504	0.699363331411	0.681737297664	0.700753530028	0.703608022773	0.7095815604	0.689312981437	0.692794145126	0.719093558551	0.692980285285	0.73136005684	0.684807133243	0.675626952635	0.651585620342	0.669345875588	0.696635475516	0.720574452917	0.710531076208	0.698794230018	0.674326709052	0.699486336
AE7	0.733467822607	0.729599027647	0.710936073142	0.736149813327	0.726462766324	0.74241171924	0.731371167724	0.746294026628	0.735926866227	0.740224739466	0.759538658946	0.749787427799	0.733912446749	0.708241725166	0.723617681051	0.741815393412	0.694304226464	0.697137249173	0.740354693007	0.683713982836	0.691857509122	0.708706278691	0.698259639334	0.607169998505	0.0	0.50495435108	0.702399044246	0.701572563423	0.684080597656	0.703175306246	0.734247829776	0.690324472611	0.747479624015	0.757257911271	0.742859568797	0.744636614669	0.732924071723	0.742756380658	0.751676498059	0.763741700544	0.759939614713	0.737291284366	0.731501364609	0.734864977558	0.754753289555	0.755430233036	0.766354989276	0.769583707246	0.727073079667	0.769314130572	0.753886829979	0.784254788067	0.742803594655	0.746879156751	0.729683449957	0.743983652892	0.778003712107	0.783562791004	0.777383005916	0.759815582239	0.746704812024	0.776044627829
AE8	0.703059393069	0.675322590599	0.728530297123	0.705487927928	0.717626071174	0.694204886951	0.690132077464	0.665935529287	0.680552399323	0.694857086028	0.718689242381	0.714809356892	0.700390469609	0.69868711157	0.690472458667	0.678364614795	0.688618108258	0.687608241488	0.776555997758	0.669412543968	0.686491517983	0.669766653357	0.517737812927	0.402343148492	0.50495435108	0.0	0.649652631065	0.654694149208	0.660581275848	0.668265360622	0.714256143	0.674305822683	0.699604133986	0.707409489649	0.727356557591	0.715601052544	0.693297551272	0.685818081568	0.703056593862	0.7181095099	0.702459357203	0.693057776668	0.680898657659	0.67453261472	0.703914516185	0.696378096311	0.701249127777	0.693191245174	0.687706174659	0.711191680202	0.696825410316	0.724802846964	0.681202022302	0.668840231191	0.655030875215	0.668917983879	0.704373049376	0.721180530839	0.72497498576	0.709025721627	0.694137127364	0.70226953547
AF7	0.670991405233	0.66215810256	0.709207317286	0.661851889577	0.702692849063	0.688707036961	0.696192495608	0.666979562932	0.653456393379	0.698405557638	0.69711021666	0.699337059693	0.681202961837	0.674277410782	0.692653682714	0.663382751616	0.669538854874	0.686516506256	0.770758438374	0.672262327571	0.706789107896	0.53897325698	0.648335591044	0.643058400898	0.702399044246	0.649652631065	0.0	0.44472511022	0.665993847449	0.672538843494	0.732416815464	0.669988854099	0.691282772833	0.711414350942	0.687313867365	0.68500037882	0.676724451675	0.670248012904	0.67835133225	0.699227525797	0.684694558984	0.696612525517	0.673320275381	0.651267005041	0.71170728275	0.709525835433	0.702902037551	0.686663979677	0.683529236806	0.689377389513	0.672591904626	0.693906145338	0.677025621978	0.664041512983	0.674012748922	0.672967237547	0.663656354133	0.70668193078	0.6938895402	0.683854173266	0.665193242926	0.687479505705
AF8	0.684946630878	0.659813193052	0.723272950465	0.663499770414	0.704413334154	0.695479838032	0.661665730548	0.661592399616	0.684051178334	0.667667736723	0.711199446306	0.695616398756	0.693581250015	0.695461230319	0.692249648044	0.668449038945	0.671241717031	0.635249806737	0.770202030474	0.637605250967	0.576839132516	0.424005768399	0.665865362493	0.650704546558	0.701572563423	0.654694149208	0.44472511022	0.0	0.653316858696	0.640167005621	0.703438441356	0.642083584446	0.709003364822	0.677748447733	0.695603882368	0.698423760873	0.684817157795	0.676333177725	0.681447697978	0.705588895337	0.678069363852	0.706543929364	0.679594968821	0.682290461063	0.692521292536	0.681267738774	0.711624921678	0.689179697767	0.661027739732	0.680545887372	0.681252932859	0.692346650533	0.661485524009	0.654997564489	0.663849816901	0.64550754968	0.673099132731	0.684973216485	0.692920050169	0.675029101506	0.662127779088	0.686966398261
AG7	0.684121508362	0.680179312516	0.681694752237	0.684100798517	0.716754056945	0.707698273006	0.71024175991	0.683251778941	0.677737529559	0.693726404488	0.696968769342	0.717021955121	0.678548241929	0.672226513008	0.706446235047	0.697779700688	0.679618944172	0.671525234269	0.738578747335	0.479847093832	0.64698995266	0.631478497985	0.657769223847	0.663798785498	0.684080597656	0.660581275848	0.665993847449	0.653316858696	0.0	0.456493346369	0.675846777759	0.6584659666	0.686767226848	0.71047474793	0.706829106822	0.687221412878	0.668509576971	0.668548484415	0.674619768647	0.697232828704	0.687421235395	0.673482411635	0.666869408173	0.670719000033	0.705849293695	0.681276927936	0.716515272397	0.713278662635	0.678123944048	0.72184424556	0.685223742887	0.729902230095	0.656882869237	0.687262256568	0.665958110014	0.676081856347	0.69106171541	0.718637007563	0.688437525442	0.708815521833	0.672187029446	0.699869619599
AG8	0.68662255374	0.683651928651	0.68484041421	0.698410154649	0.703753826495	0.678963553437	0.672400522498	0.666572251985	0.67663904568	0.663212871764	0.67500393387	0.699852078299	0.696803765602	0.671814292655	0.709479820315	0.686130617506	0.682734181289	0.6726697076	0.625638198912	0.379315346699	0.639810417279	0.614470731336	0.657577303665	0.663053577388	0.703175306246	0.668265360622	0.672538843494	0.640167005621	0.456493346369	0.0	0.691988414714	0.653475109074	0.681471724705	0.681820201583	0.698103040691	0.683796655573	0.656851227156	0.654133594813	0.660017565067	0.684774250284	0.676174842766	0.672598985952	0.655768795031	0.668069570596	0.687365155107	0.671584350332	0.728825797149	0.712391430773	0.670504127296	0.707202049261	0.695822188034	0.723730007045	0.661302381303	0.680781769177	0.662778202976	0.662573877661	0.674032863709	0.705979341012	0.686743240753	0.686314793555	0.677179055839	0.695128934398
AH7	0.735954670631	0.742939455998	0.7367768167	0.730654950445	0.748384139602	0.740205862423	0.72612246764	0.722929813785	0.730703577827	0.720023528964	0.722420080234	0.770405451946	0.737437668755	0.756549694462	0.752441250193	0.745513010376	0.712529279624	0.540499694185	0.755354758002	0.686443354201	0.659406649847	0.701357537397	0.697614751445	0.706481357107	0.734247829776	0.714256143	0.732416815464	0.703438441356	0.675846777759	0.691988414714	0.0	0.51391523348	0.718529306286	0.768603454919	0.766607279174	0.765491448198	0.746693771157	0.757052378502	0.761865372639	0.754372559992	0.759370930487	0.722014924158	0.752533408936	0.746097508364	0.771440189743	0.768139630353	0.764988712819	0.754341775975	0.751550304754	0.779009346062	0.782209253488	0.791024912835	0.736786829018	0.737935951431	0.722123778315	0.739701937835	0.768238225954	0.788372875431	0.779438117336	0.770794055967	0.748450589214	0.757375902284
AH8	0.683572347896	0.674470023431	0.709050492367	0.689053776928	0.689967754879	0.69294451183	0.696605786092	0.703434882854	0.687274313259	0.684514482487	0.700153282599	0.706449131244	0.692880289416	0.715141010738	0.708405836358	0.69328517933	0.546971759266	0.389625575668	0.757410008997	0.637544534758	0.655930873502	0.633384729495	0.67516059708	0.671202255924	0.690324472611	0.674305822683	0.669988854099	0.642083584446	0.6584659666	0.653475109074	0.51391523348	0.0	0.706275182916	0.723005736852	0.719337268206	0.710538931326	0.68707860648	0.695094157649	0.705740435684	0.714245916819	0.707045081635	0.686169576645	0.692303456243	0.709366193416	0.718623369675	0.713079052301	0.711516797982	0.696578824263	0.708405044723	0.719821602805	0.716035248037	0.736627208993	0.692310885904	0.694268283819	0.685213188468	0.690625270574	0.723418347176	0.73151166296	0.740418066294	0.718353450211	0.699044855485	0.700330928903
AA5	0.666072182497	0.67690962127	0.712419966969	0.704739371841	0.675853698323	0.685648449806	0.724676303393	0.716286261577	0.644646007377	0.721264416908	0.651514550564	0.674827659856	0.694152728826	0.70887771905	0.69066461925	0.691362096271	0.684205262456	0.710595468261	0.764997844809	0.697435627534	0.715291436059	0.716042318971	0.665915950963	0.692571255711	0.747479624015	0.699604133986	0.691282772833	0.709003364822	0.686767226848	0.681471724705	0.718529306286	0.706275182916	0.0	0.604421755712	0.699912676666	0.688003372826	0.660322700167	0.663646936735	0.682797544373	0.689994160285	0.693562297224	0.66521393289	0.655282919121	0.671921020466	0.721524439417	0.67181366549	0.694932701698	0.707072695391	0.705278245554	0.726101379683	0.707654808574	0.72777898935	0.668163267151	0.703668549078	0.667923314848	0.706227262275	0.67465409431	0.72964805525	0.665487207437	0.708725257998	0.65304276516	0.711346040212
AA6	0.680984820785	0.680094110778	0.762369157707	0.71106830927	0.704776865402	0.6597208812	0.678121323647	0.678259142154	0.705248435077	0.672550773461	0.680789193462	0.665860941391	0.699962716677	0.726840328083	0.727866167444	0.680817066033	0.733196909862	0.725127485624	0.791382703959	0.68371068883	0.69572307491	0.660850775565	0.709000077246	0.703099080669	0.757257911271	0.707409489649	0.711414350942	0.677748447733	0.71047474793	0.681820201583	0.768603454919	0.723005736852	0.604421755712	0.0	0.687572283066	0.675658410824	0.653981284249	0.62704944744	0.654594581081	0.671777559336	0.653393693785	0.692704579733	0.657216540819	0.672007344783	0.459003921219	0.431710368644	0.691441396928	0.683803083693	0.671612716314	0.689134515536	0.665089414428	0.661328392089	0.662214759038	0.681795106386	0.681896086344	0.687859608663	0.677835439444	0.66698182712	0.67788345003	0.682364623378	0.650781692488	0.691605798586
AB5	0.673542079818	0.671279131198	0.698831805302	0.693625630949	0.697487827674	0.668302063086	0.674914594518	0.694802861471	0.680370880786	0.686399832149	0.669741173046	0.670869441886	0.684907250235	0.686894138602	0.702508288015	0.667850657939	0.716673143882	0.724627745504	0.76805925193	0.679790077723	0.721950551021	0.704532364529	0.719070236192	0.727086003045	0.742859568797	0.727356557591	0.687313867365	0.695603882368	0.706829106822	0.698103040691	0.766607279174	0.719337268206	0.699912676666	0.687572283066	0.0	0.42178387074	0.664693782665	0.657949420482	0.636043948156	0.640961685504	0.649681905493	0.679969214679	0.658502551104	0.634570895289	0.703857887723	0.679244389841	0.673746316442	0.687612462582	0.684275398356	0.706682382068	0.68385424139	0.688418024689	0.665556738286	0.691070487814	0.694667435621	0.690271004013	0.695748103894	0.674524409601	0.70565562663	0.69020366124	0.658383437642	0.712741861643
AB6	0.673752266904	0.638581051304	0.70496815648	0.680490482313	0.672392007728	0.641981005152	0.672594724364	0.677927213842	0.690272815922	0.662907445376	0.667796881223	0.66233882121	0.681204345739	0.67627788713	0.679312246178	0.644872022858	0.708938918448	0.720489508531	0.77831676796	0.67976369903	0.726086290124	0.69469307163	0.7137258813	0.717125761058	0.744636614669	0.715601052544	0.68500037882	0.698423760873	0.687221412878	0.683796655573	0.765491448198	0.710538931326	0.688003372826	0.675658410824	0.42178387074	0.0	0.667510832089	0.649209679717	0.626412942484	0.627641708895	0.623305047306	0.669828505357	0.646832963012	0.551975455132	0.686489784934	0.651843454808	0.650862878276	0.662454213589	0.663255446416	0.678774125665	0.674038858753	0.679648711897	0.659434491705	0.674402275454	0.683702341338	0.676238860058	0.674198604667	0.687619342664	0.67470497412	0.668398961845	0.651103148431	0.676666103293
AC5	0.644220086418	0.655119538701	0.705566090628	0.687737632545	0.688289696224	0.661968402029	0.689593183933	0.681292138144	0.635986702196	0.675561104757	0.659290464745	0.669860566062	0.687818849614	0.664866619042	0.69481926092	0.660157818799	0.676743978855	0.69025107339	0.765938756619	0.671131683589	0.709136006047	0.681184092976	0.679528467897	0.694683807689	0.732924071723	0.693297551272	0.676724451675	0.684817157795	0.668509576971	0.656851227156	0.746693771157	0.68707860648	0.660322700167	0.653981284249	0.664693782665	0.667510832089	0.0	0.478455090946	0.63633135199	0.668471469869	0.662732660576	0.657595693858	0.595102491015	0.631567681549	0.662896153824	0.649546330901	0.661895959271	0.680338057539	0.639207620793	0.683019146628	0.658163744646	0.668097044478	0.647397393807	0.648713650182	0.634347923879	0.663852658383	0.652160115249	0.675136794784	0.642551647926	0.687101817045	0.647822448891	0.686155721243
AC6	0.655346573544	0.641955082568	0.716883850856	0.676437601974	0.663295538491	0.631696810422	0.664111542615	0.673571333266	0.670277955395	0.664177896773	0.656441046036	0.652100952699	0.675083191946	0.6745446164	0.689023651169	0.653106925496	0.684285912243	0.69907698768	0.757144667093	0.646714618377	0.700893849257	0.666711659939	0.668018742438	0.67902787606	0.742756380658	0.685818081568	0.670248012904	0.676333177725	0.668548484415	0.654133594813	0.757052378502	0.695094157649	0.663646936735	0.62704944744	0.657949420482	0.649209679717	0.478455090946	0.0	0.616259465384	0.649842273696	0.642459966426	0.578493026837	0.485477327751	0.615679128784	0.641234583338	0.612624217023	0.660163194855	0.662891556637	0.640425598696	0.65653542815	0.653375333177	0.655002076657	0.655667178268	0.646727214011	0.644023236863	0.658442770321	0.632819768097	0.663442868947	0.642994965182	0.646243268106	0.640125043559	0.680532759051
AD6	0.656684580554	0.635900364652	0.736216204026	0.683695195185	0.687335142861	0.646859111103	0.628858964785	0.644059026552	0.679599718485	0.624484220249	0.663345458065	0.664125512372	0.683050988328	0.684299483834	0.683297630776	0.641750015362	0.716520926566	0.705961390553	0.788285357031	0.675214621976	0.723763566636	0.678498105883	0.69714095973	0.69865407826	0.751676498059	0.703056593862	0.67835133225	0.681447697978	0.674619768647	0.660017565067	0.761865372639	0.705740435684	0.682797544373	0.654594581081	0.636043948156	0.626412942484	0.63633135199	0.616259465384	0.0	0.483540764248	0.391465455868	0.649240708045	0.625256779825	0.633067614577	0.663490972208	0.63938495359	0.659059440016	0.671220777719	0.631400412718	0.653972857064	0.656630912348	0.676233987446	0.63788012663	0.643290251446	0.651912986529	0.650087303578	0.622428070861	0.677530182835	0.643973250739	0.625774410629	0.621461590982	0.64296958109
AE5	0.671297156983	0.66741393334	0.73243690685	0.707089140915	0.667045634541	0.64505269427	0.653480396401	0.656684134814	0.687954915427	0.644432688778	0.66860095841	0.650823556002	0.703126741727	0.697306889142	0.696499742541	0.667819539068	0.736983980534	0.712499432021	0.782136836543	0.684187669802	0.729679086205	0.693628270694	0.710939633755	0.716731284471	0.763741700544	0.7181095099	0.699227525797	0.705588895337	0.697232828704	0.684774250284	0.754372559992	0.714245916819	0.689994160285	0.671777559336	0.640961685504	0.627641708895	0.668471469869	0.649842273696	0.483540764248	0.0	0.386676591782	0.675431515819	0.663712931356	0.643883291759	0.676563826662	0.666158694477	0.674138604544	0.686910653192	0.654277355674	0.66753543204	0.663129255865	0.69571846592	0.637972454165	0.640967817544	0.658453527623	0.644297092728	0.652892243993	0.66361751492	0.655837465514	0.651607316805	0.647155679692	0.665692867762
AE6	0.668320878818	0.634748223077	0.754177999554	0.695771075355	0.683577423186	0.652518905519	0.610968854216	0.631109696434	0.699034677594	0.596408805968	0.690620105207	0.657553656574	0.698881262265	0.69879417132	0.691504552924	0.647968274245	0.73539140682	0.708792042855	0.796040040145	0.679764065336	0.733053278436	0.687215138396	0.705716129136	0.700271218316	0.759939614713	0.702459357203	0.684694558984	0.678069363852	0.687421235395	0.676174842766	0.759370930487	0.707045081635	0.693562297224	0.653393693785	0.649681905493	0.623305047306	0.662732660576	0.642459966426	0.391465455868	0.386676591782	0.0	0.667656501091	0.643486643224	0.639185698885	0.666601996531	0.653756448256	0.665358306584	0.659255224408	0.637161409324	0.641360175634	0.654929727251	0.681339798474	0.627580038423	0.633686844302	0.653495401563	0.62977230923	0.641014174172	0.652670500781	0.66784301944	0.636939771296	0.633013051533	0.642195025987
AF5	0.678745491606	0.657833173274	0.682351844583	0.677427181013	0.654958180668	0.655822664228	0.674546488892	0.674535426679	0.652948406098	0.669858587422	0.6850526937	0.668953964639	0.673972909589	0.665994864338	0.701705717345	0.661421495497	0.680829140545	0.703657979883	0.730951836859	0.671650583618	0.707983165148	0.702548117477	0.67922040987	0.698042498504	0.737291284366	0.693057776668	0.696612525517	0.706543929364	0.673482411635	0.672598985952	0.722014924158	0.686169576645	0.66521393289	0.692704579733	0.679969214679	0.669828505357	0.657595693858	0.578493026837	0.649240708045	0.675431515819	0.667656501091	0.0	0.459144843435	0.627391724992	0.714774908374	0.688518681629	0.692823560166	0.700638542387	0.661165668055	0.668522800981	0.686405323898	0.717617878289	0.667465387118	0.680498663774	0.687833549215	0.684676236896	0.664262632096	0.716942033473	0.685145633729	0.677570670248	0.660797951718	0.712223135856
AF6	0.657761493537	0.647331555776	0.687125450481	0.668598396751	0.668287370277	0.657839066846	0.661758514204	0.670279760476	0.660081190868	0.660978836637	0.675255086034	0.658497709158	0.658270630364	0.653586864309	0.690998191265	0.650941642043	0.679582032464	0.698884150319	0.746092201468	0.653638862486	0.701852927406	0.668211018329	0.676180657081	0.699363331411	0.731501364609	0.680898657659	0.673320275381	0.679594968821	0.666869408173	0.655768795031	0.752533408936	0.692303456243	0.655282919121	0.657216540819	0.658502551104	0.646832963012	0.595102491015	0.485477327751	0.625256779825	0.663712931356	0.643486643224	0.459144843435	0.0	0.600893809508	0.684407275933	0.651004506284	0.658499855797	0.671566283188	0.635438461709	0.644123022652	0.663992592505	0.682444379812	0.657448005743	0.672776963021	0.680397228588	0.668524007948	0.659252598857	0.680772298474	0.666075549596	0.651184458125	0.645772952822	0.686303706412
