	AA3	AA4	AB3	AB4	AC3	AC4	AD3	AD4	AE3	AE4	AF3	AF4	AG3	AG4	AH3	AH4	AA7	AA8	AB7	AB8	AC7	AC8	AD7	AD8	AE7	AE8	AF7	AF8	AG7	AG8	AH7	AH8	AA5	AA6	AB5	AB6	AC5	AC6	AD6	AE5	AE6	AF5	AF6	AG5	AH5	AH6	AA1	AA2	AB1	AB2	AC1	AC2	AD1	AD2	AE1	AE2	AF1	AF2	AG1	AG2	AH1	AH2
AA3	0.0	0.515474622818	0.702084786864	0.646000563757	0.682399457208	0.65652820399	0.691190122641	0.692734137515	0.654549762382	0.698349292495	0.647024721544	0.680651949158	0.655176218787	0.642452441869	0.674294245766	0.470776789456	0.684995289645	0.686485126152	0.754914990995	0.693559476569	0.704353793254	0.685362153137	0.673239639591	0.690825117595	0.729025836548	0.693813290868	0.662931654486	0.694089216952	0.684815966591	0.687268079298	0.734901617207	0.712420740973	0.650172277673	0.685926427002	0.685157647331	0.695497211086	0.646858324773	0.657429065726	0.659340517513	0.690542613983	0.665941276533	0.67564034398	0.67110610386	0.690010875346	0.688724736145	0.705888658062	0.663979799496	0.695569627778	0.643727000197	0.693341302969	0.687943085738	0.687286734996	0.655839627654	0.670288517438	0.672966013537	0.666685747329	0.652765986495	0.688344446627	0.664866759417	0.689274607069	0.663999323639	0.68999142348
AA4	0.515474622818	0.0	0.74994992613	0.631821147093	0.64963121219	0.647907493621	0.668534929889	0.664489887433	0.672885619615	0.667574474955	0.655179326251	0.644748639126	0.653515854335	0.633801985844	0.512805103538	0.390564373769	0.682358005693	0.694347795238	0.787720192683	0.706007404517	0.719693300181	0.675650734336	0.697269644147	0.693460474689	0.736533927962	0.689330229768	0.670417534956	0.67982508177	0.704499105445	0.694537510763	0.752511715871	0.706230918325	0.673973552567	0.67317357452	0.677484513352	0.654992341506	0.663062231514	0.646364402279	0.636609018049	0.675822304058	0.643794850496	0.672607143755	0.668266440954	0.649025927783	0.678636657194	0.672089857589	0.647577734488	0.658597347199	0.648665306593	0.657708532168	0.664854681053	0.669074088005	0.662905168842	0.657825569851	0.66534165365	0.659675082546	0.667182507929	0.657532411845	0.648083401213	0.649879693599	0.658947252698	0.654102970147
AB3	0.702084786864	0.74994992613	0.0	0.69492993065	0.750035061453	0.759331531188	0.762564706894	0.76851702099	0.716362438865	0.778996745344	0.748879662244	0.774467430404	0.737571506314	0.614962527504	0.735628330709	0.739905800688	0.758128459904	0.775736474542	0.755866690696	0.736576254958	0.768138972941	0.765347235018	0.732903858792	0.749338511466	0.726984999848	0.760963417705	0.735469353039	0.76162210191	0.742720540439	0.761147714556	0.774434752499	0.78279457434	0.748682862498	0.794082186085	0.748420295171	0.772984240821	0.722594380951	0.762510014167	0.77019544375	0.785750525496	0.782246682029	0.729119601421	0.743659332756	0.777946187948	0.800219785789	0.816630690359	0.775060532024	0.794596071636	0.734764229092	0.796427406098	0.76053180551	0.791364198331	0.769313583962	0.784434226445	0.755787742727	0.790659925553	0.77583219274	0.785745204437	0.771825746822	0.790104976932	0.740673544231	0.787404172565
AB4	0.646000563757	0.631821147093	0.69492993065	0.0	0.679672872651	0.682861170694	0.690210843049	0.677949721253	0.688293053853	0.683870084055	0.668037223869	0.675151376986	0.438117157777	0.390038570187	0.668022770621	0.637891986571	0.702773340855	0.696644406335	0.756889726984	0.687500030197	0.695159667485	0.660781655561	0.690274841569	0.696324610457	0.730963437606	0.689451443779	0.659381288616	0.677669959482	0.674143636929	0.686310468648	0.745855355757	0.705233672012	0.694523253321	0.708168815604	0.69750096798	0.697353508779	0.687643177243	0.665833970744	0.687863596805	0.707549844769	0.692696354615	0.672523852433	0.663214042645	0.675806190075	0.714956146449	0.728410788853	0.700234532868	0.69229314534	0.642578633174	0.679355541313	0.711538256802	0.705309067042	0.690785322917	0.684594878888	0.694300968488	0.703083455101	0.700445134543	0.720844369227	0.689520157651	0.68231891306	0.675904138153	0.697940744926
AC3	0.682399457208	0.64963121219	0.750035061453	0.679672872651	0.0	0.532972553714	0.664088629671	0.677270205212	0.6662277183	0.667476328716	0.688710900888	0.465686490255	0.698513288395	0.690501160744	0.665713203	0.669238065244	0.686664204237	0.678177458263	0.754307908424	0.678545877899	0.705696489633	0.684765363402	0.721159502478	0.711506229928	0.720113450401	0.714840533064	0.704294654643	0.702048307421	0.702590307794	0.685841650947	0.743124266901	0.716654742839	0.661690859951	0.693814497746	0.699125076092	0.678312962248	0.685029345998	0.673407705346	0.671301785467	0.666979820371	0.669582258078	0.660136318763	0.661928175621	0.686940232423	0.712833690983	0.710095099149	0.71059069234	0.705513706427	0.6743992453	0.678744853801	0.692877983641	0.689959432949	0.675143498204	0.677529669548	0.6828195884	0.672493055482	0.693683390967	0.697152583201	0.689431898773	0.670785630356	0.692253582443	0.68816997222
AC4	0.65652820399	0.647907493621	0.759331531188	0.682861170694	0.532972553714	0.0	0.660292960641	0.652107490835	0.64015443996	0.676414188746	0.501336130538	0.391240355981	0.679398323594	0.704099228141	0.67391426617	0.644764162263	0.699142000729	0.686026005819	0.779285990649	0.696927019736	0.720526636304	0.691015321261	0.700689014143	0.704404805802	0.760930872038	0.708379219176	0.684529704883	0.687097104601	0.714175877797	0.689128103603	0.757160609851	0.710806719317	0.630425958741	0.660587707714	0.671378081471	0.650379493017	0.65376602183	0.643197234	0.632930951753	0.659925971209	0.651094301085	0.646263147149	0.657700216447	0.664553254355	0.684338360751	0.676873379099	0.708855541655	0.708250650735	0.693437772993	0.691870578546	0.684580649891	0.66703833539	0.679529920673	0.696241051245	0.676750859973	0.698810603349	0.659472835349	0.672749751994	0.681327550506	0.690892608015	0.654129012446	0.689416188944
AD3	0.691190122641	0.668534929889	0.762564706894	0.690210843049	0.664088629671	0.660292960641	0.0	0.404640130689	0.665307557907	0.385560443838	0.694394486129	0.65844688461	0.703455204754	0.703698377505	0.684652183054	0.680064203676	0.713946783802	0.695830807882	0.774974123324	0.669999807131	0.714989831301	0.685192375085	0.709612907019	0.69160748875	0.721755444123	0.679108009147	0.705747242714	0.668781646152	0.706858493927	0.671152176515	0.754284247779	0.692023406411	0.68490925186	0.65029788976	0.660514232932	0.666419528391	0.670138400964	0.656978903486	0.613204861533	0.656454081748	0.622845629209	0.674615675949	0.676271073566	0.689971925403	0.681764346424	0.685444853189	0.690134417114	0.689771430833	0.661201784603	0.658127144888	0.696788064704	0.68980164901	0.664478188197	0.663086147491	0.68226686796	0.679837379928	0.681143197046	0.68537639382	0.682308835237	0.670803309792	0.696604382139	0.667231061693
AD4	0.692734137515	0.664489887433	0.76851702099	0.677949721253	0.677270205212	0.652107490835	0.404640130689	0.0	0.600387688568	0.374715214565	0.681758345939	0.659383127161	0.697870952104	0.702356532072	0.69129303079	0.682886601348	0.701397204046	0.676440505179	0.77493324904	0.657597804628	0.709878486666	0.661569695757	0.695152847143	0.660802180437	0.734520383994	0.676745549787	0.677090636284	0.640599103324	0.675843532373	0.649200027552	0.711878748428	0.684963339059	0.684899452344	0.642911621894	0.66905820836	0.66773730862	0.672254140009	0.66077034919	0.61399061151	0.655155688061	0.628581954578	0.685206513676	0.687068764102	0.689989775227	0.67677840454	0.674416284889	0.696705561098	0.680941654129	0.672415208276	0.682709237332	0.6986448404	0.68496744279	0.666813619043	0.672689425131	0.677268609634	0.684868438642	0.680214829823	0.688242058398	0.69375463876	0.690275490487	0.691920786529	0.6300868189
AE3	0.654549762382	0.672885619615	0.716362438865	0.688293053853	0.6662277183	0.64015443996	0.665307557907	0.600387688568	0.0	0.641516330843	0.639467328991	0.661303219708	0.670258034922	0.688041106201	0.667389591963	0.658114151458	0.652591564432	0.676576330943	0.769471903802	0.683839367913	0.715178083609	0.706044715538	0.650139604369	0.672761940382	0.745243461859	0.707997770803	0.661700361313	0.695461410928	0.670615969858	0.684123593968	0.732309913548	0.706902457319	0.614883707959	0.697338541968	0.691166906636	0.692464227014	0.641959683529	0.682846096412	0.657403773799	0.694208516998	0.677894209244	0.64850976544	0.660239775777	0.684389391935	0.721484331851	0.718532426119	0.709417381734	0.715897716584	0.692022078718	0.718049281446	0.697861451437	0.717186311921	0.696995045228	0.71104328168	0.63756446453	0.705739791778	0.696734425467	0.734388278524	0.7046940197	0.717982408129	0.657616032745	0.727849500705
AE4	0.698349292495	0.667574474955	0.778996745344	0.683870084055	0.667476328716	0.676414188746	0.385560443838	0.374715214565	0.641516330843	0.0	0.694126115537	0.672611972821	0.706943944393	0.710685391015	0.695450420559	0.681179269127	0.703737654929	0.681741823211	0.775622593459	0.668236327083	0.719747636017	0.682329547997	0.704671228838	0.681705563774	0.736900020243	0.678016313006	0.693628006548	0.677307203115	0.697996869366	0.664048842293	0.712598328915	0.704105357389	0.696387206914	0.668636632464	0.69229480379	0.687378468832	0.678990934521	0.673664464379	0.614060096416	0.664142001906	0.623608854194	0.691529614451	0.684843701894	0.682925121408	0.69035826912	0.689170386057	0.695935475203	0.684261733252	0.67419758714	0.672547377127	0.701676948307	0.689624418647	0.689034761871	0.67490143372	0.687211492399	0.693689081944	0.703128148948	0.702969773073	0.698352380772	0.683786686657	0.706508047685	0.639157152102
AF3	0.647024721544	0.655179326251	0.748879662244	0.668037223869	0.688710900888	0.501336130538	0.694394486129	0.681758345939	0.639467328991	0.694126115537	0.0	0.544135511672	0.666687118957	0.687762477196	0.665102570065	0.64617458939	0.677035051216	0.68083177948	0.760755682252	0.689103646488	0.686963142025	0.696973001454	0.669996982159	0.699982879374	0.761551536982	0.70759129129	0.679884619247	0.699231286323	0.685941769134	0.677178241887	0.71107334573	0.704688469231	0.622885445279	0.682714846083	0.690414320332	0.683288411759	0.654173706235	0.665646653597	0.665500544769	0.686723072672	0.681433008546	0.671867017582	0.678098367659	0.679797440292	0.683098392587	0.684445556494	0.710591027289	0.712862819383	0.682509144414	0.716523701583	0.713039015481	0.713254873516	0.702210452007	0.705475138673	0.678779477081	0.722291905862	0.674792757808	0.7079589669	0.68806394865	0.710885725204	0.64829134316	0.706802010244
AF4	0.680651949158	0.644748639126	0.774467430404	0.675151376986	0.465686490255	0.391240355981	0.65844688461	0.659383127161	0.661303219708	0.672611972821	0.544135511672	0.0	0.679285148469	0.6964181574	0.693208715227	0.653139823706	0.686718578163	0.694077570399	0.769871634938	0.685654570636	0.72347467316	0.686934126789	0.714977754483	0.719077622275	0.747280673412	0.709257053647	0.692536898285	0.689411467945	0.71475636116	0.690987641399	0.760889331139	0.713569078655	0.659647265412	0.656143071568	0.685491875208	0.663674373732	0.676187474429	0.651515452929	0.643391326515	0.672013480028	0.657619361955	0.657733206113	0.661077410268	0.674595521651	0.681515166294	0.675958518708	0.708311319687	0.700814350714	0.688253766717	0.687353926815	0.689191559986	0.67629038748	0.684175900104	0.693964443785	0.686158121177	0.692289041808	0.678299776694	0.674175495979	0.681060461409	0.679120139926	0.676087472085	0.687145430195
AG3	0.655176218787	0.653515854335	0.737571506314	0.438117157777	0.698513288395	0.679398323594	0.703455204754	0.697870952104	0.670258034922	0.706943944393	0.666687118957	0.679285148469	0.0	0.534288298252	0.674713309177	0.658781667265	0.666447805104	0.691054190423	0.773876367291	0.709727993709	0.681389331306	0.689046272054	0.676102231347	0.701916282954	0.733225597887	0.692512258125	0.685167144865	0.705235925593	0.676152633859	0.70148500414	0.731676264015	0.70778096663	0.676737202145	0.700723862439	0.693928355376	0.676590841065	0.690461914111	0.6734931766	0.689326449959	0.699760583686	0.702101367823	0.676210733569	0.678843083106	0.681527743606	0.708278487	0.711930861788	0.695441400845	0.700811941028	0.647481746257	0.685166633947	0.709949924057	0.709899734719	0.673570743428	0.686737753439	0.688628774846	0.698527893175	0.697668249962	0.726361184204	0.695215552552	0.68217510285	0.687435154152	0.715448121411
AG4	0.642452441869	0.633801985844	0.614962527504	0.390038570187	0.690501160744	0.704099228141	0.703698377505	0.702356532072	0.688041106201	0.710685391015	0.687762477196	0.6964181574	0.534288298252	0.0	0.659614195555	0.620869295282	0.723511440988	0.716359686136	0.733173302533	0.67720318016	0.720614360836	0.697669061854	0.686805888943	0.701133643391	0.710151284633	0.704119183286	0.665364798383	0.702628444668	0.672957373421	0.682144047167	0.741966556083	0.716733454332	0.70268935338	0.728282444904	0.696738506851	0.696185931838	0.70796391049	0.69367808047	0.692204781558	0.717283754686	0.695895897234	0.669444936013	0.659866552694	0.689511777203	0.740148715996	0.747280895902	0.709040957627	0.691815000344	0.65764652839	0.698772537669	0.713878028651	0.710400274301	0.70455405086	0.709486696754	0.702315669934	0.716648663496	0.720042497014	0.721116984718	0.702135633938	0.693243042921	0.695757128068	0.700265392889
AH3	0.674294245766	0.512805103538	0.735628330709	0.668022770621	0.665713203	0.67391426617	0.684652183054	0.69129303079	0.667389591963	0.695450420559	0.665102570065	0.693208715227	0.674713309177	0.659614195555	0.0	0.567661539489	0.676163737088	0.686910801845	0.772570071632	0.7035769342	0.708711852349	0.699194706043	0.675006516434	0.685114132997	0.724131682639	0.69772862783	0.68099635023	0.699072227921	0.69429938207	0.695521179506	0.741983890976	0.716250334968	0.651263400697	0.711294894118	0.705234252468	0.682922194477	0.673855874167	0.678737368902	0.681254602993	0.706677267494	0.681723341355	0.68533356125	0.679012124169	0.672620637922	0.721397969382	0.707797774581	0.714642793417	0.688705296832	0.689331562356	0.699775756546	0.705291809178	0.72071796049	0.700793439639	0.702889774133	0.676873380103	0.703950184874	0.708505946227	0.712744034508	0.698980429401	0.689588690208	0.680793653553	0.698754163839
AH4	0.470776789456	0.390564373769	0.739905800688	0.637891986571	0.669238065244	0.644764162263	0.680064203676	0.682886601348	0.658114151458	0.681179269127	0.64617458939	0.653139823706	0.658781667265	0.620869295282	0.567661539489	0.0	0.699000742443	0.692262076509	0.759141079781	0.673129473045	0.705513660681	0.675042202609	0.663108270869	0.686621257006	0.738350722724	0.684541635478	0.665830764647	0.698974334401	0.695482066431	0.689898415926	0.739533575464	0.714898373864	0.668481172193	0.683265797287	0.679098577866	0.658060075241	0.662205500981	0.653179192025	0.63992736603	0.675939586478	0.639017399423	0.658483327783	0.653856561456	0.665880713632	0.674423858163	0.679408166217	0.671419128519	0.666531128466	0.654543276407	0.66750664948	0.674301226389	0.677769377164	0.667222185119	0.653309393679	0.657860618146	0.658518179371	0.67122955857	0.671554888355	0.65733457847	0.655545481538	0.660667284802	0.663841430893
AA7	0.684995289645	0.682358005693	0.758128459904	0.702773340855	0.686664204237	0.699142000729	0.713946783802	0.701397204046	0.652591564432	0.703737654929	0.677035051216	0.686718578163	0.666447805104	0.723511440988	0.676163737088	0.699000742443	0.0	0.538038036879	0.781039216016	0.703350550672	0.663801964961	0.676404875576	0.659096759282	0.682963660323	0.708307534835	0.699545830723	0.673737156657	0.68150334254	0.678828444024	0.688204382745	0.709357145565	0.593031228066	0.64338868443	0.720221934612	0.707962867518	0.706886574176	0.669908540992	0.689032787088	0.713146018064	0.743920661872	0.735279179049	0.689148312815	0.696803441741	0.715126602331	0.733974961851	0.722272242525	0.742046863005	0.724178262649	0.705514606987	0.744582449856	0.711879736959	0.739448548072	0.693893104056	0.720621064437	0.681122638503	0.718556390852	0.728921251739	0.734001687954	0.743294374768	0.742201639873	0.689696553265	0.719911134321
AA8	0.686485126152	0.694347795238	0.775736474542	0.696644406335	0.678177458263	0.686026005819	0.695830807882	0.676440505179	0.676576330943	0.681741823211	0.68083177948	0.694077570399	0.691054190423	0.716359686136	0.686910801845	0.692262076509	0.538038036879	0.0	0.773338804584	0.66803389785	0.631606640563	0.647728086274	0.663626828895	0.673779615073	0.692655791665	0.67805501355	0.673476053247	0.648952474613	0.643429544694	0.642325743598	0.52133929956	0.430092867541	0.668180013193	0.707370718385	0.720860105666	0.714000508458	0.683498766754	0.70111021279	0.690979111072	0.721038901315	0.705213352132	0.712936367821	0.70562770261	0.713119488755	0.708657528269	0.714040173787	0.70980132676	0.704971010311	0.686742308888	0.719756058901	0.723448447812	0.741882531614	0.689560955844	0.696489942833	0.69359492286	0.68823573543	0.734772914377	0.730832000038	0.735817816085	0.72058285865	0.708990206485	0.6898483446
AB7	0.754914990995	0.787720192683	0.755866690696	0.756889726984	0.754307908424	0.779285990649	0.774974123324	0.77493324904	0.769471903802	0.775622593459	0.760755682252	0.769871634938	0.773876367291	0.733173302533	0.772570071632	0.759141079781	0.781039216016	0.773338804584	0.0	0.562319999661	0.752650944154	0.75735893389	0.781687174516	0.782383085317	0.750437410362	0.783155798807	0.784552676697	0.77642721329	0.755684959456	0.624591894452	0.763732228118	0.790442598601	0.78250384447	0.794178759344	0.776484275836	0.793788034346	0.769755118498	0.768409696807	0.784758820654	0.800909174555	0.801316088156	0.733239402432	0.733145702676	0.783209933705	0.801467008544	0.812159553662	0.823054952304	0.813606596117	0.784614360323	0.805049336077	0.812148883269	0.80750647858	0.805698068089	0.797424001436	0.786008305073	0.79766006368	0.799973001066	0.810881539082	0.805985679229	0.793416482654	0.80994183328	0.800840816055
AB8	0.693559476569	0.706007404517	0.736576254958	0.687500030197	0.678545877899	0.696927019736	0.669999807131	0.657597804628	0.683839367913	0.668236327083	0.689103646488	0.685654570636	0.709727993709	0.67720318016	0.7035769342	0.673129473045	0.703350550672	0.66803389785	0.562319999661	0.0	0.656238954588	0.65372314875	0.67400008032	0.668109055783	0.679173373617	0.668911265119	0.685403827118	0.664856203963	0.499343661193	0.400686571511	0.710203464999	0.679736203663	0.695860722803	0.700311320015	0.704967459283	0.685954658013	0.676275611541	0.676678364928	0.671092641291	0.706359165674	0.683252800088	0.666942472679	0.671121265107	0.683905549429	0.702943603248	0.700490233437	0.746370875429	0.71660671062	0.689986358602	0.713653394956	0.702069859209	0.722586223637	0.694460208747	0.682305906961	0.694649379168	0.699915897228	0.702548509922	0.717192497102	0.704687132345	0.699190853273	0.708123436193	0.70361503003
AC7	0.704353793254	0.719693300181	0.768138972941	0.695159667485	0.705696489633	0.720526636304	0.714989831301	0.709878486666	0.715178083609	0.719747636017	0.686963142025	0.72347467316	0.681389331306	0.720614360836	0.708711852349	0.705513660681	0.663801964961	0.631606640563	0.752650944154	0.656238954588	0.0	0.50204281156	0.6684655914	0.686724435085	0.699675618019	0.684601021546	0.682300483855	0.615423547459	0.648802903756	0.647052750105	0.661284923148	0.653097700414	0.69549214438	0.70154841488	0.731527321581	0.735009379888	0.708337254904	0.715380641765	0.72095277539	0.742437198734	0.736240358268	0.722981808537	0.723179048956	0.719175138733	0.692479439288	0.701873786404	0.757499898727	0.745574274351	0.690293991595	0.730645297166	0.754294268191	0.754740006578	0.706317036447	0.687592345737	0.700310242284	0.703618230772	0.742983658936	0.74068142854	0.749380312527	0.725075001006	0.705576858719	0.729900814446
AC8	0.685362153137	0.675650734336	0.765347235018	0.660781655561	0.684765363402	0.691015321261	0.685192375085	0.661569695757	0.706044715538	0.682329547997	0.696973001454	0.686934126789	0.689046272054	0.697669061854	0.699194706043	0.675042202609	0.676404875576	0.647728086274	0.75735893389	0.65372314875	0.50204281156	0.0	0.673910473333	0.650813005431	0.707248113838	0.642806799428	0.484094830308	0.42024474338	0.642199496269	0.630777689372	0.701140232846	0.64269159109	0.69802345589	0.668558559463	0.709638334021	0.70851599056	0.697100297679	0.682032146737	0.681448630994	0.702396933749	0.683062660786	0.697598891931	0.691904318385	0.691022443027	0.67486235661	0.684997621792	0.71794589192	0.704736981905	0.658325698782	0.694232507467	0.695960823127	0.688827411193	0.677186417283	0.65646810444	0.683207242057	0.666470998261	0.703436995123	0.68131710225	0.699565633034	0.684988131257	0.670716364367	0.667435738107
AD7	0.673239639591	0.697269644147	0.732903858792	0.690274841569	0.721159502478	0.700689014143	0.709612907019	0.695152847143	0.650139604369	0.704671228838	0.669996982159	0.714977754483	0.676102231347	0.686805888943	0.675006516434	0.663108270869	0.659096759282	0.663626828895	0.781687174516	0.67400008032	0.6684655914	0.673910473333	0.0	0.4650496575	0.701671452347	0.495104779525	0.641778759672	0.662649135891	0.662418305721	0.681394611822	0.697044749212	0.669654272836	0.643829360287	0.694668352804	0.715956531724	0.701848907022	0.68617710933	0.676807266799	0.677875824576	0.718562286175	0.700691615884	0.660461455938	0.670812363743	0.699033363172	0.694143024949	0.698497215387	0.708395443069	0.685044453069	0.672941042369	0.707293994447	0.686163134249	0.725694912055	0.680253178471	0.668600881232	0.638475614217	0.683166211813	0.690673796548	0.713174977847	0.706171651489	0.698653657213	0.658891518869	0.70080067039
AD8	0.690825117595	0.693460474689	0.749338511466	0.696324610457	0.711506229928	0.704404805802	0.69160748875	0.660802180437	0.672761940382	0.681705563774	0.699982879374	0.719077622275	0.701916282954	0.701133643391	0.685114132997	0.686621257006	0.682963660323	0.673779615073	0.782383085317	0.668109055783	0.686724435085	0.650813005431	0.4650496575	0.0	0.59747140981	0.426166553884	0.62809465306	0.628341186776	0.647158638254	0.661030070518	0.706941729569	0.679161757044	0.684746956129	0.691167725193	0.723129675578	0.697517744096	0.69037597343	0.68083155735	0.686245144473	0.718984506352	0.700092036951	0.677804337595	0.68440273142	0.698926622318	0.689454294765	0.689965907189	0.712530731462	0.683733885024	0.669385007099	0.703025225681	0.69030924974	0.713606249055	0.685031096979	0.667955889293	0.674680683921	0.675723683566	0.693100074725	0.70613077207	0.70007559971	0.695359260639	0.669833421009	0.691437903926
AE7	0.729025836548	0.736533927962	0.726984999848	0.730963437606	0.720113450401	0.760930872038	0.721755444123	0.734520383994	0.745243461859	0.736900020243	0.761551536982	0.747280673412	0.733225597887	0.710151284633	0.724131682639	0.738350722724	0.708307534835	0.692655791665	0.750437410362	0.679173373617	0.699675618019	0.707248113838	0.701671452347	0.59747140981	0.0	0.505054623661	0.711042638565	0.708091443688	0.689946092394	0.694286025349	0.732094305028	0.669713399401	0.737793488907	0.753736815631	0.748383374854	0.747443095661	0.733691601908	0.749761870892	0.753264885751	0.775105590267	0.754600051177	0.746338367063	0.738541448769	0.743730691315	0.751560698572	0.758420374079	0.775621129882	0.771056422949	0.723599302801	0.759623139006	0.76355027238	0.788454889326	0.742992930478	0.741914969552	0.75152193818	0.74527611234	0.783946261542	0.78764883309	0.78169670707	0.76130653941	0.760420389959	0.777963119214
AE8	0.693813290868	0.689330229768	0.760963417705	0.689451443779	0.714840533064	0.708379219176	0.679108009147	0.676745549787	0.707997770803	0.678016313006	0.70759129129	0.709257053647	0.692512258125	0.704119183286	0.69772862783	0.684541635478	0.699545830723	0.67805501355	0.783155798807	0.668911265119	0.684601021546	0.642806799428	0.495104779525	0.426166553884	0.505054623661	0.0	0.655701483979	0.656958895842	0.663340342946	0.660463812066	0.714678283074	0.676676566265	0.698312894903	0.698225045808	0.726013784171	0.707119574621	0.710600275488	0.692290906341	0.69521346813	0.727559741567	0.707639734979	0.698651057695	0.699749768034	0.7024115233	0.692420682043	0.699097185689	0.721722729843	0.701849475623	0.677319310267	0.706086133216	0.714863000249	0.715693919524	0.680176143806	0.670079332984	0.691033450682	0.686369454527	0.711080737036	0.713046622519	0.724614411	0.705574767924	0.69807196589	0.706133923481
AF7	0.662931654486	0.670417534956	0.735469353039	0.659381288616	0.704294654643	0.684529704883	0.705747242714	0.677090636284	0.661700361313	0.693628006548	0.679884619247	0.692536898285	0.685167144865	0.665364798383	0.68099635023	0.665830764647	0.673737156657	0.673476053247	0.784552676697	0.685403827118	0.682300483855	0.484094830308	0.641778759672	0.62809465306	0.711042638565	0.655701483979	0.0	0.420359026227	0.658574866319	0.67678888328	0.722326422402	0.680350662963	0.674790790268	0.70136110433	0.705657575949	0.7014439207	0.680070649792	0.687996332262	0.662940113786	0.713586814714	0.669515660875	0.684633522395	0.673713224747	0.685636338782	0.713304713367	0.722937414162	0.700425242032	0.690103260018	0.673109525344	0.709377566553	0.681477921667	0.707020159645	0.693269345551	0.666342172425	0.646769920819	0.673017584508	0.682479493815	0.703971925943	0.681218768336	0.693298948181	0.655726688631	0.675970828194
AF8	0.694089216952	0.67982508177	0.76162210191	0.677669959482	0.702048307421	0.687097104601	0.668781646152	0.640599103324	0.695461410928	0.677307203115	0.699231286323	0.689411467945	0.705235925593	0.702628444668	0.699072227921	0.698974334401	0.68150334254	0.648952474613	0.77642721329	0.664856203963	0.615423547459	0.42024474338	0.662649135891	0.628341186776	0.708091443688	0.656958895842	0.420359026227	0.0	0.665479947733	0.648259276104	0.69509136134	0.631913899273	0.679433890014	0.666577208864	0.703437356287	0.710263909592	0.681596533129	0.669988921735	0.677745287263	0.709975018971	0.679320295853	0.690165985777	0.700657233142	0.683325535842	0.691873487457	0.704815900066	0.718419362264	0.694481048364	0.656658008043	0.697680135013	0.694099168293	0.70009751602	0.662414235762	0.652685878623	0.669118873333	0.662535393878	0.681016803898	0.695387118912	0.698033682328	0.688630716915	0.670476073204	0.674353339059
AG7	0.684815966591	0.704499105445	0.742720540439	0.674143636929	0.702590307794	0.714175877797	0.706858493927	0.675843532373	0.670615969858	0.697996869366	0.685941769134	0.71475636116	0.676152633859	0.672957373421	0.69429938207	0.695482066431	0.678828444024	0.643429544694	0.755684959456	0.499343661193	0.648802903756	0.642199496269	0.662418305721	0.647158638254	0.689946092394	0.663340342946	0.658574866319	0.665479947733	0.0	0.449848330049	0.67216518697	0.6516161754	0.683668233055	0.710343840865	0.711946013487	0.688373003926	0.676150322327	0.678898649276	0.687060178698	0.703703311625	0.688980808899	0.68773443682	0.681923259516	0.687299164058	0.710278788662	0.694455584467	0.727404277972	0.699278178245	0.676351436257	0.724487813766	0.696864581972	0.726509655024	0.668474432259	0.694590171093	0.695134537816	0.691184587524	0.70368633053	0.721353579649	0.701816890386	0.699086765039	0.675773718937	0.700650004318
AG8	0.687268079298	0.694537510763	0.761147714556	0.686310468648	0.685841650947	0.689128103603	0.671152176515	0.649200027552	0.684123593968	0.664048842293	0.677178241887	0.690987641399	0.70148500414	0.682144047167	0.695521179506	0.689898415926	0.688204382745	0.642325743598	0.624591894452	0.400686571511	0.647052750105	0.630777689372	0.681394611822	0.661030070518	0.694286025349	0.660463812066	0.67678888328	0.648259276104	0.449848330049	0.0	0.682044610878	0.651019867236	0.679872707395	0.680657462696	0.702263291846	0.690516362268	0.666658579938	0.657099314804	0.672795339208	0.697330872543	0.68042900453	0.671694982547	0.663974179037	0.668845525992	0.684658833907	0.678413551033	0.721764363506	0.705133832008	0.675274644385	0.711685850035	0.711564899191	0.713590492584	0.682625282592	0.678635439504	0.685125720561	0.695136443208	0.692611177938	0.708777225895	0.704521486184	0.698026097217	0.697135073029	0.690011377242
AH7	0.734901617207	0.752511715871	0.774434752499	0.745855355757	0.743124266901	0.757160609851	0.754284247779	0.711878748428	0.732309913548	0.712598328915	0.71107334573	0.760889331139	0.731676264015	0.741966556083	0.741983890976	0.739533575464	0.709357145565	0.52133929956	0.763732228118	0.710203464999	0.661284923148	0.701140232846	0.697044749212	0.706941729569	0.732094305028	0.714678283074	0.722326422402	0.69509136134	0.67216518697	0.682044610878	0.0	0.542368615852	0.714254937963	0.762959144603	0.777094482403	0.76920425366	0.747073929964	0.757343910931	0.748893243726	0.764717646944	0.760231589386	0.746836757306	0.755540878573	0.751340061418	0.764913372985	0.767082539666	0.773907603123	0.753524821848	0.742921607268	0.768665713261	0.789143208779	0.80328627612	0.742322098941	0.746355756836	0.743732559025	0.738965453083	0.780907595507	0.791952678709	0.776459541333	0.762338552729	0.751845829004	0.720644124201
AH8	0.712420740973	0.706230918325	0.78279457434	0.705233672012	0.716654742839	0.710806719317	0.692023406411	0.684963339059	0.706902457319	0.704105357389	0.704688469231	0.713569078655	0.70778096663	0.716733454332	0.716250334968	0.714898373864	0.593031228066	0.430092867541	0.790442598601	0.679736203663	0.653097700414	0.64269159109	0.669654272836	0.679161757044	0.669713399401	0.676676566265	0.680350662963	0.631913899273	0.6516161754	0.651019867236	0.542368615852	0.0	0.680307090908	0.705714933866	0.721065767744	0.722130082357	0.710434574244	0.696413063964	0.696051134919	0.736208324998	0.703274972102	0.709972655359	0.7167572736	0.713211775675	0.710715370422	0.717008594586	0.733949657988	0.714514842929	0.714242125928	0.72964018494	0.738484838094	0.75103134062	0.688793009617	0.711948724601	0.712583416877	0.706461269372	0.724508618336	0.734643240991	0.74539905946	0.732581731799	0.708619919939	0.706092078747
AA5	0.650172277673	0.673973552567	0.748682862498	0.694523253321	0.661690859951	0.630425958741	0.68490925186	0.684899452344	0.614883707959	0.696387206914	0.622885445279	0.659647265412	0.676737202145	0.70268935338	0.651263400697	0.668481172193	0.64338868443	0.668180013193	0.78250384447	0.695860722803	0.69549214438	0.69802345589	0.643829360287	0.684746956129	0.737793488907	0.698312894903	0.674790790268	0.679433890014	0.683668233055	0.679872707395	0.714254937963	0.680307090908	0.0	0.574639635717	0.67550589522	0.67831980811	0.642319943776	0.633491000794	0.664686066998	0.702920093156	0.692533369186	0.61902581144	0.652606238672	0.663922258486	0.703284843358	0.662217345098	0.699265035224	0.693553655577	0.693030051053	0.70173136346	0.700478726093	0.715922402167	0.653204402414	0.693708848284	0.652989155287	0.689972228768	0.65041794062	0.697698994545	0.682663384182	0.696337771695	0.650083536266	0.703173812779
AA6	0.685926427002	0.67317357452	0.794082186085	0.708168815604	0.693814497746	0.660587707714	0.65029788976	0.642911621894	0.697338541968	0.668636632464	0.682714846083	0.656143071568	0.700723862439	0.728282444904	0.711294894118	0.683265797287	0.720221934612	0.707370718385	0.794178759344	0.700311320015	0.70154841488	0.668558559463	0.694668352804	0.691167725193	0.753736815631	0.698225045808	0.70136110433	0.666577208864	0.710343840865	0.680657462696	0.762959144603	0.705714933866	0.574639635717	0.0	0.685727299633	0.674126317752	0.652546735163	0.629332314433	0.660871475782	0.7006753535	0.663413131915	0.654579495321	0.670708304527	0.683188219445	0.450838192428	0.449742761863	0.699516957013	0.698981863352	0.662575118935	0.68282671559	0.680708865072	0.670149199224	0.662980977884	0.680027035351	0.685017228315	0.691523217627	0.673525119343	0.679655226242	0.69301717555	0.677848045115	0.663466085305	0.681552718597
AB5	0.685157647331	0.677484513352	0.748420295171	0.69750096798	0.699125076092	0.671378081471	0.660514232932	0.66905820836	0.691166906636	0.69229480379	0.690414320332	0.685491875208	0.693928355376	0.696738506851	0.705234252468	0.679098577866	0.707962867518	0.720860105666	0.776484275836	0.704967459283	0.731527321581	0.709638334021	0.715956531724	0.723129675578	0.748383374854	0.726013784171	0.705657575949	0.703437356287	0.711946013487	0.702263291846	0.777094482403	0.721065767744	0.67550589522	0.685727299633	0.0	0.448735286337	0.665517188602	0.666643174675	0.66718174743	0.663413793246	0.648653645488	0.680652125108	0.692817461946	0.660356044769	0.706133516832	0.696633886872	0.669809434607	0.706789816026	0.677671651446	0.710357804328	0.700455683497	0.702068221429	0.654814715253	0.691200160828	0.694080824409	0.698468179767	0.698032392304	0.686504599776	0.710913745178	0.711923157999	0.67188605822	0.707636423301
AB6	0.695497211086	0.654992341506	0.772984240821	0.697353508779	0.678312962248	0.650379493017	0.666419528391	0.66773730862	0.692464227014	0.687378468832	0.683288411759	0.663674373732	0.676590841065	0.696185931838	0.682922194477	0.658060075241	0.706886574176	0.714000508458	0.793788034346	0.685954658013	0.735009379888	0.70851599056	0.701848907022	0.697517744096	0.747443095661	0.707119574621	0.7014439207	0.710263909592	0.688373003926	0.690516362268	0.76920425366	0.722130082357	0.67831980811	0.674126317752	0.448735286337	0.0	0.662504525814	0.656179184832	0.647454551652	0.65213416179	0.621561110492	0.671952022512	0.676728651152	0.544821322893	0.685039850755	0.659497638077	0.681486092271	0.690733958486	0.667327149699	0.69595712787	0.678934624499	0.688344138713	0.67651628843	0.670725308656	0.686940817911	0.686258477231	0.679705207837	0.694050073523	0.675888556105	0.67784141705	0.668503746491	0.680217386073
AC5	0.646858324773	0.663062231514	0.722594380951	0.687643177243	0.685029345998	0.65376602183	0.670138400964	0.672254140009	0.641959683529	0.678990934521	0.654173706235	0.676187474429	0.690461914111	0.70796391049	0.673855874167	0.662205500981	0.669908540992	0.683498766754	0.769755118498	0.676275611541	0.708337254904	0.697100297679	0.68617710933	0.69037597343	0.733691601908	0.710600275488	0.680070649792	0.681596533129	0.676150322327	0.666658579938	0.747073929964	0.710434574244	0.642319943776	0.652546735163	0.665517188602	0.662504525814	0.0	0.500566673009	0.634248396509	0.6738282879	0.661129166606	0.673542747912	0.617726119136	0.663239801667	0.651498344682	0.668042181593	0.656166532129	0.689592478366	0.612060320189	0.677950076744	0.652794512451	0.677264557823	0.655108578707	0.646441899867	0.614007945104	0.667744803467	0.649747015358	0.672269606545	0.655712597404	0.679662283596	0.642471126539	0.679598420966
AC6	0.657429065726	0.646364402279	0.762510014167	0.665833970744	0.673407705346	0.643197234	0.656978903486	0.66077034919	0.682846096412	0.673664464379	0.665646653597	0.651515452929	0.6734931766	0.69367808047	0.678737368902	0.653179192025	0.689032787088	0.70111021279	0.768409696807	0.676678364928	0.715380641765	0.682032146737	0.676807266799	0.68083155735	0.749761870892	0.692290906341	0.687996332262	0.669988921735	0.678898649276	0.657099314804	0.757343910931	0.696413063964	0.633491000794	0.629332314433	0.666643174675	0.656179184832	0.500566673009	0.0	0.637060353752	0.67638315415	0.652916638059	0.547163824827	0.495649539449	0.641551825367	0.658028824145	0.651740094557	0.68020455842	0.683344161668	0.62861927204	0.666760845463	0.672831622107	0.679655666704	0.655185650001	0.651302967094	0.650884080298	0.670136828492	0.628913721687	0.662187646174	0.648459994501	0.648449438549	0.661418225051	0.675758657759
AD6	0.659340517513	0.636609018049	0.77019544375	0.687863596805	0.671301785467	0.632930951753	0.613204861533	0.61399061151	0.657403773799	0.614060096416	0.665500544769	0.643391326515	0.689326449959	0.692204781558	0.681254602993	0.63992736603	0.713146018064	0.690979111072	0.784758820654	0.671092641291	0.72095277539	0.681448630994	0.677875824576	0.686245144473	0.753264885751	0.69521346813	0.662940113786	0.677745287263	0.687060178698	0.672795339208	0.748893243726	0.696051134919	0.664686066998	0.660871475782	0.66718174743	0.647454551652	0.634248396509	0.637060353752	0.0	0.536260670987	0.4113164012	0.641002509115	0.639797674921	0.668939626047	0.661086536387	0.668945533638	0.674723620966	0.648889192409	0.627743910046	0.6402488286	0.674011487166	0.671342604215	0.654444595441	0.634574402423	0.649356330866	0.649470474603	0.645470565835	0.687179443309	0.631995096479	0.63479533992	0.636417944695	0.645440432781
AE5	0.690542613983	0.675822304058	0.785750525496	0.707549844769	0.666979820371	0.659925971209	0.656454081748	0.655155688061	0.694208516998	0.664142001906	0.686723072672	0.672013480028	0.699760583686	0.717283754686	0.706677267494	0.675939586478	0.743920661872	0.721038901315	0.800909174555	0.706359165674	0.742437198734	0.702396933749	0.718562286175	0.718984506352	0.775105590267	0.727559741567	0.713586814714	0.709975018971	0.703703311625	0.697330872543	0.764717646944	0.736208324998	0.702920093156	0.7006753535	0.663413793246	0.65213416179	0.6738282879	0.67638315415	0.536260670987	0.0	0.409880738936	0.692726510306	0.674820905819	0.645539521894	0.69623446236	0.693180742836	0.68410479634	0.67732672297	0.657646060573	0.6625520558	0.693741467849	0.693580845446	0.652442266795	0.667823936796	0.678218113983	0.65675058936	0.666298629002	0.708801936272	0.670978359966	0.671619850401	0.666001152447	0.682176820356
AE6	0.665941276533	0.643794850496	0.782246682029	0.692696354615	0.669582258078	0.651094301085	0.622845629209	0.628581954578	0.677894209244	0.623608854194	0.681433008546	0.657619361955	0.702101367823	0.695895897234	0.681723341355	0.639017399423	0.735279179049	0.705213352132	0.801316088156	0.683252800088	0.736240358268	0.683062660786	0.700691615884	0.700092036951	0.754600051177	0.707639734979	0.669515660875	0.679320295853	0.688980808899	0.68042900453	0.760231589386	0.703274972102	0.692533369186	0.663413131915	0.648653645488	0.621561110492	0.661129166606	0.652916638059	0.4113164012	0.409880738936	0.0	0.662551933884	0.652204175463	0.670644550771	0.668074638361	0.665824106462	0.673165812008	0.649448401567	0.634576694127	0.639046113601	0.661995967772	0.673425987094	0.647505503616	0.640018809039	0.663239679297	0.652764360737	0.664087818656	0.6941373721	0.65736773674	0.645943869503	0.645386889571	0.647807746139
AF5	0.67564034398	0.672607143755	0.729119601421	0.672523852433	0.660136318763	0.646263147149	0.674615675949	0.685206513676	0.64850976544	0.691529614451	0.671867017582	0.657733206113	0.676210733569	0.669444936013	0.68533356125	0.658483327783	0.689148312815	0.712936367821	0.733239402432	0.666942472679	0.722981808537	0.697598891931	0.660461455938	0.677804337595	0.746338367063	0.698651057695	0.684633522395	0.690165985777	0.68773443682	0.671694982547	0.746836757306	0.709972655359	0.61902581144	0.654579495321	0.680652125108	0.671952022512	0.673542747912	0.547163824827	0.641002509115	0.692726510306	0.662551933884	0.0	0.459142939449	0.662160531052	0.687162561477	0.681935185449	0.712234723916	0.705021927395	0.66424935515	0.688160499485	0.693143227682	0.723985157582	0.673695447787	0.685495486496	0.678571955958	0.695598579248	0.660212906505	0.718608808044	0.66969000618	0.664091525114	0.666121295196	0.692476830653
AF6	0.67110610386	0.668266440954	0.743659332756	0.663214042645	0.661928175621	0.657700216447	0.676271073566	0.687068764102	0.660239775777	0.684843701894	0.678098367659	0.661077410268	0.678843083106	0.659866552694	0.679012124169	0.653856561456	0.696803441741	0.70562770261	0.733145702676	0.671121265107	0.723179048956	0.691904318385	0.670812363743	0.68440273142	0.738541448769	0.699749768034	0.673713224747	0.700657233142	0.681923259516	0.663974179037	0.755540878573	0.7167572736	0.652606238672	0.670708304527	0.692817461946	0.676728651152	0.617726119136	0.495649539449	0.639797674921	0.674820905819	0.652204175463	0.459142939449	0.0	0.656995477977	0.693750769352	0.687154543667	0.690523994792	0.694395025363	0.650602229971	0.666677396376	0.688411541284	0.707460625273	0.684212956582	0.679248373794	0.674672780467	0.686598062222	0.659051190802	0.708062386907	0.66221354888	0.634890078455	0.667747207953	0.691173693491
