	AA3	AA4	AB3	AB4	AC3	AC4	AD3	AD4	AE3	AE4	AF3	AF4	AG3	AG4	AH3	AH4	AA7	AA8	AB7	AB8	AC7	AC8	AD7	AD8	AE7	AE8	AF7	AF8	AG7	AG8	AH7	AH8	AA5	AA6	AB5	AB6	AC5	AC6	AD6	AE5	AE6	AF5	AF6	AG5	AH5	AH6	AA1	AA2	AB1	AB2	AC1	AC2	AD1	AD2	AE1	AE2	AF1	AF2	AG1	AG2	AH1	AH2
AA3	0.0	0.500435696864	0.669543584263	0.644358240555	0.661763761872	0.67186735786	0.693843468153	0.67302684973	0.646190953238	0.677460125522	0.643107659482	0.666283255239	0.640586533478	0.63862226478	0.676154571209	0.461311446462	0.666064709665	0.690757941297	0.751421609726	0.679720747964	0.698942238006	0.691113763609	0.67489836524	0.684812202098	0.72312124575	0.693989857152	0.666951858797	0.680073562118	0.688899821271	0.68247087892	0.735582338311	0.698840970228	0.634507908131	0.674570271884	0.665169719773	0.656814493429	0.627924644881	0.661758772783	0.666939345457	0.670994480379	0.677548775395	0.674496894888	0.654541199699	0.671765754082	0.698256930706	0.689445260876	0.652525681593	0.692925270711	0.640587848691	0.689548879327	0.677699780532	0.670552284831	0.634692342939	0.666603122311	0.677061791154	0.660325111233	0.653149275706	0.669896078033	0.658837043603	0.683371514645	0.63049656092	0.691357496508
AA4	0.500435696864	0.0	0.727869566584	0.661149363842	0.668834048575	0.656204044123	0.678231603886	0.660472494386	0.674186568012	0.664166284058	0.653159594415	0.632712826169	0.66991772862	0.657338260953	0.512257928492	0.40558306511	0.683700653003	0.703758773267	0.784009684183	0.697231523264	0.723871303952	0.681057153103	0.692544208636	0.699315573525	0.735203709437	0.694808400833	0.674701865265	0.675261768525	0.704181008133	0.682743709549	0.751195162604	0.698256762799	0.679819058872	0.676823770343	0.665608082392	0.664322581896	0.66201813403	0.655267077452	0.647508633745	0.660883624317	0.655798696489	0.671573923619	0.65804207094	0.659002786702	0.684478286823	0.673015826755	0.672946997649	0.655926029533	0.656494632044	0.659443866099	0.678956032245	0.657177784637	0.661697907062	0.660151415577	0.674697643586	0.659515922871	0.65728383256	0.649997448867	0.664902157086	0.656046429167	0.660123753592	0.671164815181
AB3	0.669543584263	0.727869566584	0.0	0.671754684173	0.733413817882	0.777785165536	0.766216005842	0.756573364467	0.734109094245	0.769155422566	0.735915770399	0.769040866825	0.729357304769	0.609951364102	0.737483220915	0.719765541074	0.751107610033	0.775529923897	0.722146987345	0.726803281757	0.741382001192	0.759495702643	0.737528365536	0.741678970547	0.739518037505	0.744148363496	0.731239461218	0.752337298058	0.718878758125	0.728624998146	0.776745219281	0.78194585253	0.729893319943	0.798348191302	0.740461299137	0.767871295475	0.734845721037	0.752816381365	0.780989912089	0.760785914608	0.78883294331	0.728468482427	0.737079112194	0.758785107493	0.806398308389	0.80276454888	0.776772212927	0.799748808462	0.731690001942	0.793191687629	0.771411923642	0.782446437699	0.762266382042	0.800199552136	0.780270311412	0.787815755709	0.768613387732	0.782867539357	0.784274481042	0.788485486604	0.743560830996	0.785076756088
AB4	0.644358240555	0.661149363842	0.671754684173	0.0	0.689428092018	0.679405549261	0.71779664318	0.697496908616	0.682908463064	0.709152404318	0.659049933708	0.681075643323	0.429860665727	0.440025265153	0.684926893868	0.649324776763	0.701416356648	0.69087146352	0.752294976377	0.691542028578	0.698761320128	0.694124353357	0.676672052223	0.693958566692	0.727445922231	0.68823142903	0.665050400588	0.676055515052	0.674327805386	0.69121690244	0.738943404025	0.716445962661	0.674615157092	0.705853286886	0.691240557306	0.69558391861	0.682265704011	0.664858909195	0.699084528719	0.685564813999	0.706779501113	0.651641377976	0.663202559118	0.663017696314	0.724493659943	0.719683652206	0.694335700003	0.702499184184	0.632712766766	0.70129566157	0.682461592623	0.707865198633	0.67128340101	0.688020119969	0.694936964867	0.680117228001	0.684563353612	0.722044876583	0.713915122365	0.692259754533	0.674359597788	0.69668462388
AC3	0.661763761872	0.668834048575	0.733413817882	0.689428092018	0.0	0.526947679683	0.677457078454	0.653582361208	0.644943876239	0.665033612415	0.676487544483	0.465806186646	0.700272509922	0.700536076479	0.678177491552	0.671703967116	0.681664065955	0.689347579009	0.758051569494	0.682752871649	0.716154299287	0.700597052792	0.712793107843	0.713149964329	0.715467634292	0.704710982186	0.71362718745	0.704313032566	0.709801494671	0.675529290843	0.754856914801	0.724463430077	0.658681748843	0.695893990922	0.680401205296	0.678056032121	0.684233925386	0.669204145939	0.666345672289	0.638122409748	0.663507170842	0.658487018869	0.660057105183	0.677619080195	0.717590681382	0.700238000764	0.713055675402	0.711913540066	0.698098278125	0.693745090171	0.678831533612	0.686574463288	0.668367378928	0.694801875567	0.68581319618	0.689291066346	0.694088792556	0.699480043477	0.685518520982	0.671324394071	0.684982548265	0.712466467894
AC4	0.67186735786	0.656204044123	0.777785165536	0.679405549261	0.526947679683	0.0	0.665298797748	0.643080415388	0.659295270599	0.651010950627	0.51605695536	0.385940466914	0.681390879611	0.699076664472	0.69148519891	0.648727011869	0.690136903403	0.678790632156	0.76573468042	0.664702488977	0.698657408055	0.671409409487	0.69411700346	0.684968117704	0.745750484438	0.699542566304	0.691316205004	0.683126384518	0.688955149691	0.678042553901	0.729660517024	0.696474031251	0.674045195496	0.658180423333	0.664018676071	0.656324154813	0.666982105152	0.648772687416	0.626353884725	0.629957970777	0.634630873911	0.664633149623	0.657933076417	0.658215874768	0.677284343586	0.653986412809	0.721489885226	0.686464324441	0.697239688377	0.670401052807	0.689384607048	0.693041116203	0.680441663909	0.685773696467	0.684744670232	0.685898574878	0.664747516529	0.700647822624	0.676169575624	0.667346931187	0.671816900161	0.693161572161
AD3	0.693843468153	0.678231603886	0.766216005842	0.71779664318	0.677457078454	0.665298797748	0.0	0.40556199251	0.689373435772	0.361505472238	0.714870895817	0.658835765991	0.715255991431	0.69790357218	0.693325014364	0.686315079155	0.709264927441	0.694142022154	0.775759554224	0.671942088086	0.720620028747	0.68266746009	0.711411639144	0.692971862549	0.736599058873	0.687239053209	0.69323563416	0.660837648729	0.704585982531	0.687780664556	0.729636234013	0.706438349505	0.715437294223	0.677837948065	0.682383642811	0.682801132641	0.692931487193	0.669211512672	0.621563885014	0.645745201074	0.623199641289	0.696243130945	0.670701786352	0.684543585809	0.687803394199	0.679453198081	0.693986173445	0.673510030817	0.694503963561	0.657720043734	0.703591460597	0.681408681558	0.681690930795	0.678077959736	0.682637099778	0.682772190435	0.675709540993	0.710682252321	0.712794110638	0.65074284932	0.703839700968	0.686879510245
AD4	0.67302684973	0.660472494386	0.756573364467	0.697496908616	0.653582361208	0.643080415388	0.40556199251	0.0	0.601640219875	0.346896301324	0.686277385307	0.638083604425	0.690696922915	0.675206729725	0.664514379578	0.667483950502	0.701514767109	0.674768164746	0.764186217336	0.640411144873	0.697759699616	0.653957797577	0.685866784939	0.665266242705	0.711169064111	0.659805703355	0.679099370676	0.646416672415	0.660098505475	0.64345114664	0.730739860939	0.675833699427	0.68415301951	0.644731866808	0.661378630643	0.669207323623	0.657711483	0.654079723213	0.607927550542	0.622624006692	0.606078850668	0.681806665364	0.653532901256	0.65645572119	0.67153049934	0.655258860267	0.669255587317	0.640138243193	0.6716678861	0.653716391312	0.686154915676	0.670923248798	0.667230626769	0.670982970315	0.660834780552	0.65481159846	0.675746697621	0.702910399237	0.697133250316	0.637148934112	0.675842049282	0.664713711727
AE3	0.646190953238	0.674186568012	0.734109094245	0.682908463064	0.644943876239	0.659295270599	0.689373435772	0.601640219875	0.0	0.630889752852	0.649546488404	0.655080745323	0.67595456861	0.692518044439	0.671671799073	0.670217793319	0.66637160915	0.675812830614	0.763844741908	0.688943981896	0.721907320052	0.709642582253	0.670325051134	0.684576681113	0.742707948075	0.697052732749	0.683973770661	0.707101978199	0.665240909809	0.673170551241	0.724895309284	0.701353152101	0.623764333487	0.702359995285	0.692696880452	0.691767902811	0.643880675201	0.679384053932	0.671346449802	0.670152094771	0.680936931497	0.670836313972	0.677240254017	0.680385532151	0.729863429142	0.718243547851	0.700021417669	0.718474237545	0.686442118953	0.721162250135	0.714054084396	0.704423266077	0.68589532583	0.705837103509	0.659651603542	0.699041830845	0.698131617816	0.723690379195	0.711385215313	0.705418455701	0.655549131936	0.720161923247
AE4	0.677460125522	0.664166284058	0.769155422566	0.709152404318	0.665033612415	0.651010950627	0.361505472238	0.346896301324	0.630889752852	0.0	0.698725403463	0.641015134985	0.707476420378	0.686367127445	0.683539331301	0.675684966736	0.700420985765	0.686971270175	0.770199782892	0.649891386329	0.71471186102	0.667834624864	0.699097629928	0.686278729791	0.725119845729	0.678838445414	0.687365948815	0.653562168367	0.68008914895	0.660039345658	0.742472287115	0.684868681206	0.699504618725	0.664890875696	0.671102511667	0.670890952022	0.677125510261	0.666821633779	0.610363324281	0.633674027186	0.609479406821	0.69243820172	0.672199087975	0.664005089298	0.68491968616	0.670765472207	0.66295751825	0.658189404403	0.678308726125	0.658619941211	0.688236287626	0.667220927592	0.671488525187	0.668012787504	0.666243003862	0.661778204986	0.678902879432	0.697978838578	0.708686335643	0.646689224608	0.689864453359	0.672491604979
AF3	0.643107659482	0.653159594415	0.735915770399	0.659049933708	0.676487544483	0.51605695536	0.714870895817	0.686277385307	0.649546488404	0.698725403463	0.0	0.554677331981	0.670834818681	0.686783595353	0.66697322127	0.669275255379	0.674454546756	0.68863516833	0.758212381118	0.685425613897	0.681560708165	0.70997068311	0.678845817136	0.692938951412	0.75903692983	0.707209627044	0.70162322283	0.71292526847	0.694195814048	0.692340285104	0.713360355096	0.705368718298	0.639414527608	0.67928010682	0.677931040942	0.673059816187	0.654747700794	0.660437294055	0.670985434327	0.677105308742	0.693320078374	0.677483969068	0.668221463951	0.677595049486	0.697927769969	0.698645077149	0.72279652631	0.711628531759	0.688880362426	0.721944970679	0.715733320672	0.72792442757	0.699096963598	0.714118117543	0.705403134003	0.712138317749	0.681834291953	0.720705550173	0.691481091925	0.716495024358	0.652682275927	0.720539571182
AF4	0.666283255239	0.632712826169	0.769040866825	0.681075643323	0.465806186646	0.385940466914	0.658835765991	0.638083604425	0.655080745323	0.641015134985	0.554677331981	0.0	0.694388232378	0.706075568904	0.680185634279	0.646048586751	0.682853735521	0.682402565732	0.760539842621	0.671569102355	0.685280120255	0.66069463508	0.702930195705	0.684693727075	0.731556680925	0.689212288867	0.700503554651	0.672149064065	0.703732974407	0.685568873863	0.731489144652	0.695697660432	0.663745001233	0.654483515923	0.672805388145	0.673959791255	0.673120488735	0.644589932196	0.643340570122	0.629756358551	0.642383510491	0.643560741634	0.651364841332	0.657083892523	0.678605798435	0.656741880407	0.710981245236	0.676421803592	0.684372397411	0.661188808152	0.673998444684	0.682452366535	0.672701410591	0.686681485713	0.687493852355	0.67715284313	0.676973494966	0.683602934377	0.680462905916	0.655780479533	0.669096150397	0.681238568211
AG3	0.640586533478	0.66991772862	0.729357304769	0.429860665727	0.700272509922	0.681390879611	0.715255991431	0.690696922915	0.67595456861	0.707476420378	0.670834818681	0.694388232378	0.0	0.489592719144	0.686157407771	0.648985160105	0.676681839501	0.68032450789	0.768938372114	0.685215062345	0.684875727008	0.700359195817	0.667854118567	0.685034984488	0.724865090977	0.69305193789	0.674095294282	0.703267330513	0.682782985052	0.693116262188	0.73466532903	0.69903634509	0.680089943893	0.698646135355	0.690017654515	0.692087743875	0.686228074421	0.678547151573	0.689765202147	0.694459292713	0.701137874058	0.661796790179	0.660942105535	0.687540599552	0.714459140159	0.70173891682	0.692624124136	0.701097595716	0.656146356589	0.719064468529	0.689771439889	0.707554253028	0.673175943279	0.684841254536	0.692600134164	0.671472182265	0.699284166636	0.720105204583	0.702434067292	0.699935511295	0.680654083579	0.699401169032
AG4	0.63862226478	0.657338260953	0.609951364102	0.440025265153	0.700536076479	0.699076664472	0.69790357218	0.675206729725	0.692518044439	0.686367127445	0.686783595353	0.706075568904	0.489592719144	0.0	0.668477544393	0.640971816556	0.720621955819	0.709266665857	0.728620707694	0.685507176205	0.714083910872	0.703592571587	0.692808301215	0.706433060296	0.717428133195	0.694331304378	0.676293359998	0.701013624425	0.684155868207	0.698097904293	0.739679824744	0.720021815801	0.690766177111	0.723271820095	0.697450893948	0.716812399716	0.697370784162	0.691686309874	0.695855980133	0.692418082153	0.702323124908	0.668053127988	0.671643995687	0.680277984232	0.734286707657	0.730390068312	0.708556411582	0.697209821809	0.657543761094	0.709043741554	0.713888065148	0.726156691054	0.693525520797	0.697673998396	0.710591270092	0.687769805489	0.696817916701	0.731446627368	0.72581206473	0.700967499462	0.672823888242	0.707372138806
AH3	0.676154571209	0.512257928492	0.737483220915	0.684926893868	0.678177491552	0.69148519891	0.693325014364	0.664514379578	0.671671799073	0.683539331301	0.66697322127	0.680185634279	0.686157407771	0.668477544393	0.0	0.577776925649	0.674534522492	0.717307971094	0.770123390714	0.706766351392	0.723281383134	0.703770589204	0.678296680041	0.694181474996	0.729654499168	0.681016209302	0.700228357449	0.694870033382	0.705097795082	0.687173319366	0.752545839446	0.715818631786	0.664331787967	0.710922940476	0.700457715042	0.698758963618	0.671288639609	0.672509380986	0.677650127713	0.686935973562	0.688863252685	0.676395692439	0.674660656356	0.685416838691	0.727321447353	0.726086597291	0.706049398956	0.691756966944	0.689401308306	0.700421034112	0.715706471751	0.715686090388	0.702315064605	0.694697166953	0.681154042896	0.693514230961	0.703802117321	0.702137120946	0.702179647446	0.694091722793	0.695131156822	0.70966630505
AH4	0.461311446462	0.40558306511	0.719765541074	0.649324776763	0.671703967116	0.648727011869	0.686315079155	0.667483950502	0.670217793319	0.675684966736	0.669275255379	0.646048586751	0.648985160105	0.640971816556	0.577776925649	0.0	0.689608773439	0.691010081451	0.769281407704	0.680829385227	0.707508955166	0.685403076962	0.667552188596	0.681397436385	0.737113152485	0.670466067035	0.664260817271	0.677955884229	0.677378329549	0.681030570033	0.742484012034	0.705148595768	0.670433974567	0.670001810031	0.676189077464	0.67126767427	0.654805108003	0.666481550983	0.658155879997	0.665920123694	0.656494907927	0.657356992342	0.649679797553	0.660113077722	0.682580290911	0.664042795642	0.67074333035	0.667333474886	0.656604247044	0.676205029436	0.667959691807	0.673271026734	0.652001518789	0.659914404306	0.662484696977	0.650759321472	0.657704560605	0.664495911725	0.655349679275	0.66490821146	0.645976937794	0.657566428664
AA7	0.666064709665	0.683700653003	0.751107610033	0.701416356648	0.681664065955	0.690136903403	0.709264927441	0.701514767109	0.66637160915	0.700420985765	0.674454546756	0.682853735521	0.676681839501	0.720621955819	0.674534522492	0.689608773439	0.0	0.527607827904	0.76522509512	0.681200786402	0.651446060916	0.678347407053	0.670524256355	0.684528697323	0.700062422067	0.703205099359	0.667393157774	0.674373116478	0.6763269094	0.675564658373	0.700685867318	0.562750571126	0.648263689038	0.729881758548	0.711701079971	0.717607751951	0.683415804094	0.702593568286	0.719003456739	0.733613257773	0.733626005685	0.682498111388	0.705988133883	0.731009657476	0.73522202853	0.721902688869	0.738726189419	0.73143816732	0.717106704964	0.748675207475	0.720165861692	0.727151514392	0.694263046594	0.717057607765	0.696413061931	0.723585016335	0.728178397533	0.731981852639	0.742092632306	0.721549636533	0.695144395854	0.726097355882
AA8	0.690757941297	0.703758773267	0.775529923897	0.69087146352	0.689347579009	0.678790632156	0.694142022154	0.674768164746	0.675812830614	0.686971270175	0.68863516833	0.682402565732	0.68032450789	0.709266665857	0.717307971094	0.691010081451	0.527607827904	0.0	0.775251098288	0.656032543866	0.645649681563	0.637494043219	0.664805972852	0.665707105334	0.702923526437	0.67315816995	0.667493664444	0.628349424237	0.643222045739	0.664363129753	0.553242902355	0.43881668913	0.668959808127	0.712464869125	0.718724456769	0.720262854012	0.702675404215	0.708151866951	0.701475599103	0.702106364495	0.690942651043	0.677640175005	0.696499324731	0.71295141278	0.724399748669	0.708832749976	0.713519959867	0.698382068319	0.714976553714	0.726068014163	0.700527777672	0.722605280562	0.682517411164	0.665554282775	0.665824517227	0.678366483076	0.730891024401	0.745195037175	0.745850184976	0.713711051272	0.702997923639	0.703356034854
AB7	0.751421609726	0.784009684183	0.722146987345	0.752294976377	0.758051569494	0.76573468042	0.775759554224	0.764186217336	0.763844741908	0.770199782892	0.758212381118	0.760539842621	0.768938372114	0.728620707694	0.770123390714	0.769281407704	0.76522509512	0.775251098288	0.0	0.55897349136	0.750888526019	0.758945270765	0.778488045236	0.783001103852	0.744550357063	0.7715901819	0.780879742822	0.776710553521	0.746755638419	0.644970642917	0.76183868718	0.779202654481	0.773127779614	0.78858571996	0.780658757221	0.78823865685	0.764707757052	0.768380228449	0.787167100868	0.782167723998	0.794974159159	0.726238976626	0.740210743062	0.781187677205	0.802924235835	0.798825895761	0.822492133985	0.804765365326	0.775901663274	0.800802453457	0.812748448848	0.808723848052	0.790774826399	0.808053962383	0.79033906274	0.7957694187	0.790521817418	0.819697006537	0.814946008271	0.797115050663	0.78611386053	0.816687639138
AB8	0.679720747964	0.697231523264	0.726803281757	0.691542028578	0.682752871649	0.664702488977	0.671942088086	0.640411144873	0.688943981896	0.649891386329	0.685425613897	0.671569102355	0.685215062345	0.685507176205	0.706766351392	0.680829385227	0.681200786402	0.656032543866	0.55897349136	0.0	0.657460905867	0.614910911001	0.676663502487	0.646375218414	0.695442243974	0.666437577885	0.674467124188	0.635281934497	0.48658394145	0.417833051575	0.68982223388	0.659511718374	0.687346076919	0.680794883615	0.707945736203	0.691569992231	0.668692540345	0.667455018572	0.67186483624	0.680342231933	0.671010961929	0.671549947226	0.661267846806	0.686882386236	0.697376865938	0.698393665017	0.734199997314	0.699881743169	0.683584363948	0.688900213259	0.694316597146	0.714675277554	0.657322562945	0.6791050364	0.684905218782	0.672704632421	0.684031305796	0.715035326406	0.702724017959	0.691642977883	0.682669701762	0.698324398492
AC7	0.698942238006	0.723871303952	0.741382001192	0.698761320128	0.716154299287	0.698657408055	0.720620028747	0.697759699616	0.721907320052	0.71471186102	0.681560708165	0.685280120255	0.684875727008	0.714083910872	0.723281383134	0.707508955166	0.651446060916	0.645649681563	0.750888526019	0.657460905867	0.0	0.516364647031	0.682803482189	0.672505706426	0.692531567812	0.692257620889	0.703225858074	0.589405642334	0.648806802326	0.653285498863	0.66450581371	0.65541248287	0.702124355199	0.699142574345	0.730599843154	0.73880145962	0.712857747529	0.717502624865	0.716310419109	0.727653569776	0.729091401175	0.713738190904	0.722724051049	0.72116080375	0.705743551855	0.688711517036	0.751543789364	0.749729906063	0.71764471547	0.737948786297	0.749756123714	0.764409814675	0.706602779783	0.698341526487	0.696949042225	0.701542458024	0.741333190173	0.752382737972	0.755485665718	0.729168097134	0.695151406793	0.743850863699
AC8	0.691113763609	0.681057153103	0.759495702643	0.694124353357	0.700597052792	0.671409409487	0.68266746009	0.653957797577	0.709642582253	0.667834624864	0.70997068311	0.66069463508	0.700359195817	0.703592571587	0.703770589204	0.685403076962	0.678347407053	0.637494043219	0.758945270765	0.614910911001	0.516364647031	0.0	0.679150107141	0.649453390391	0.696066683143	0.651140995729	0.508425557779	0.387413902696	0.63404369529	0.629762310446	0.707112172865	0.64982737679	0.69737389134	0.659684013947	0.711214808881	0.706949419561	0.693404509805	0.684593111235	0.674421063959	0.697785299436	0.673952867478	0.689850047199	0.691653415279	0.693618984005	0.684083622174	0.656391529445	0.727399916234	0.695460581	0.695386375012	0.690131814281	0.69154507125	0.696801755203	0.67665147421	0.663577770875	0.669729114444	0.668687126043	0.691512927651	0.691803310631	0.712299946693	0.694551265637	0.676035451951	0.706892208459
AD7	0.67489836524	0.692544208636	0.737528365536	0.676672052223	0.712793107843	0.69411700346	0.711411639144	0.685866784939	0.670325051134	0.699097629928	0.678845817136	0.702930195705	0.667854118567	0.692808301215	0.678296680041	0.667552188596	0.670524256355	0.664805972852	0.778488045236	0.676663502487	0.682803482189	0.679150107141	0.0	0.463779430473	0.703227262725	0.481511445959	0.664416495916	0.675606298962	0.653338933674	0.6770995888	0.700594721927	0.678356322541	0.64469856385	0.697441085736	0.716608986541	0.703835455297	0.692058150481	0.674048565236	0.69183606086	0.699530505319	0.703737824967	0.661571961815	0.676957100713	0.688411101331	0.707300875668	0.695887694392	0.718729837144	0.701270004695	0.682297014731	0.722002594002	0.695464906596	0.729653448079	0.68276013557	0.680874245329	0.664490553881	0.684011992946	0.69158365071	0.71807990239	0.711682273797	0.704509811442	0.666184886058	0.704249867619
AD8	0.684812202098	0.699315573525	0.741678970547	0.693958566692	0.713149964329	0.684968117704	0.692971862549	0.665266242705	0.684576681113	0.686278729791	0.692938951412	0.684693727075	0.685034984488	0.706433060296	0.694181474996	0.681397436385	0.684528697323	0.665707105334	0.783001103852	0.646375218414	0.672505706426	0.649453390391	0.463779430473	0.0	0.612649026823	0.405484734549	0.64197826852	0.647959430614	0.633152314328	0.641933807416	0.685967182243	0.65778889687	0.664978138512	0.679647936167	0.721052819046	0.70738026425	0.690279047247	0.674309918369	0.695721507039	0.692481403005	0.697973812667	0.682611667754	0.69159893333	0.686010564101	0.69566527917	0.690605733462	0.717847380664	0.703366479187	0.679392345278	0.705125116938	0.697712163775	0.724310399602	0.673902693366	0.670121106113	0.662869347396	0.668210749178	0.694692382163	0.718995626403	0.707401632487	0.687770098543	0.674994373497	0.702024559265
AE7	0.72312124575	0.735203709437	0.739518037505	0.727445922231	0.715467634292	0.745750484438	0.736599058873	0.711169064111	0.742707948075	0.725119845729	0.75903692983	0.731556680925	0.724865090977	0.717428133195	0.729654499168	0.737113152485	0.700062422067	0.702923526437	0.744550357063	0.695442243974	0.692531567812	0.696066683143	0.703227262725	0.612649026823	0.0	0.504314630872	0.713796487534	0.692335889831	0.686718018777	0.685397280935	0.73282027199	0.664602165065	0.724820721572	0.749121798557	0.742869411186	0.754588506849	0.730427577049	0.754262976634	0.754548669137	0.758049922355	0.755966200773	0.733055168362	0.740915950136	0.736559127467	0.760362433533	0.754699265904	0.772803032108	0.778200046427	0.73399188925	0.76575545881	0.758018136373	0.778963174904	0.742065054677	0.749481022287	0.739429678495	0.751032866205	0.773001474328	0.777920180957	0.78158450614	0.759368425251	0.742134856942	0.770825919718
AE8	0.693989857152	0.694808400833	0.744148363496	0.68823142903	0.704710982186	0.699542566304	0.687239053209	0.659805703355	0.697052732749	0.678838445414	0.707209627044	0.689212288867	0.69305193789	0.694331304378	0.681016209302	0.670466067035	0.703205099359	0.67315816995	0.7715901819	0.666437577885	0.692257620889	0.651140995729	0.481511445959	0.405484734549	0.504314630872	0.0	0.66817811453	0.661501584193	0.641355449951	0.655222482037	0.711613132736	0.676613594329	0.680942966442	0.699796670865	0.72255650076	0.712249730757	0.700316522646	0.689252265634	0.706570022841	0.708276006162	0.702374098106	0.677538819521	0.680270524743	0.683821145016	0.708801847677	0.69452965944	0.716164037633	0.703919748306	0.690647456768	0.706585318246	0.697088614515	0.724128811197	0.684028506688	0.670312875443	0.675547950601	0.674182681795	0.705625657992	0.717531772194	0.723216166171	0.69205548707	0.686624651272	0.695406790731
AF7	0.666951858797	0.674701865265	0.731239461218	0.665050400588	0.71362718745	0.691316205004	0.69323563416	0.679099370676	0.683973770661	0.687365948815	0.70162322283	0.700503554651	0.674095294282	0.676293359998	0.700228357449	0.664260817271	0.667393157774	0.667493664444	0.780879742822	0.674467124188	0.703225858074	0.508425557779	0.664416495916	0.64197826852	0.713796487534	0.66817811453	0.0	0.469690696304	0.644188403701	0.662113700005	0.720476008875	0.680659662578	0.680172763513	0.697944008343	0.696672975707	0.697740582945	0.686416832349	0.66899846016	0.68640348941	0.713496933267	0.691961263813	0.682853915428	0.674553563532	0.682088121196	0.726408648826	0.700105371395	0.711759205792	0.700382708584	0.684546583965	0.696966349686	0.680985243694	0.694686567937	0.679363429163	0.692570034867	0.689453121756	0.686384056774	0.669588246813	0.70297840325	0.702483640573	0.702430084009	0.671209464174	0.702563602497
AF8	0.680073562118	0.675261768525	0.752337298058	0.676055515052	0.704313032566	0.683126384518	0.660837648729	0.646416672415	0.707101978199	0.653562168367	0.71292526847	0.672149064065	0.703267330513	0.701013624425	0.694870033382	0.677955884229	0.674373116478	0.628349424237	0.776710553521	0.635281934497	0.589405642334	0.387413902696	0.675606298962	0.647959430614	0.692335889831	0.661501584193	0.469690696304	0.0	0.646396785239	0.64298240686	0.699742451904	0.638741041102	0.699532299342	0.673653788312	0.712760882573	0.707710432873	0.694400360483	0.669183863173	0.677410358445	0.695787689301	0.67806580085	0.700550899417	0.68855479115	0.688313722968	0.686230131581	0.676789274057	0.712007448038	0.692260344525	0.686731143605	0.672058414238	0.690947415458	0.702461041261	0.659634798443	0.65758789832	0.676122556921	0.662174816742	0.677089614457	0.696767820435	0.71536131648	0.68593838049	0.683470520729	0.70607270281
AG7	0.688899821271	0.704181008133	0.718878758125	0.674327805386	0.709801494671	0.688955149691	0.704585982531	0.660098505475	0.665240909809	0.68008914895	0.694195814048	0.703732974407	0.682782985052	0.684155868207	0.705097795082	0.677378329549	0.6763269094	0.643222045739	0.746755638419	0.48658394145	0.648806802326	0.63404369529	0.653338933674	0.633152314328	0.686718018777	0.641355449951	0.644188403701	0.646396785239	0.0	0.429720530166	0.672606872549	0.662801210032	0.678978850832	0.693012193733	0.703326057455	0.698867616515	0.67220985935	0.683204129653	0.689031037756	0.696770820862	0.687257830765	0.679106262982	0.672638434056	0.683087190116	0.714087023087	0.701385494875	0.734472430926	0.723612751516	0.698682286719	0.713917543933	0.681928814131	0.721991781194	0.661203811512	0.672060522215	0.67913375451	0.675219816344	0.69164670821	0.721804204428	0.708471715543	0.705913908678	0.664761386212	0.696520060487
AG8	0.68247087892	0.682743709549	0.728624998146	0.69121690244	0.675529290843	0.678042553901	0.687780664556	0.64345114664	0.673170551241	0.660039345658	0.692340285104	0.685568873863	0.693116262188	0.698097904293	0.687173319366	0.681030570033	0.675564658373	0.664363129753	0.644970642917	0.417833051575	0.653285498863	0.629762310446	0.6770995888	0.641933807416	0.685397280935	0.655222482037	0.662113700005	0.64298240686	0.429720530166	0.0	0.696323521951	0.660938500166	0.669749790416	0.674967571749	0.686025880172	0.673476951945	0.64909686187	0.643842306804	0.670848932968	0.683163466729	0.668152604552	0.667519366038	0.654958870037	0.675755433282	0.693635223452	0.690557345453	0.718680383862	0.712726832553	0.684627073051	0.698334949963	0.691942068141	0.708537214873	0.6613038246	0.675495741103	0.676452957363	0.668457403946	0.679463204149	0.714068899753	0.694442878266	0.682203321984	0.67206421139	0.696775949375
AH7	0.735582338311	0.751195162604	0.776745219281	0.738943404025	0.754856914801	0.729660517024	0.729636234013	0.730739860939	0.724895309284	0.742472287115	0.713360355096	0.731489144652	0.73466532903	0.739679824744	0.752545839446	0.742484012034	0.700685867318	0.553242902355	0.76183868718	0.68982223388	0.66450581371	0.707112172865	0.700594721927	0.685967182243	0.73282027199	0.711613132736	0.720476008875	0.699742451904	0.672606872549	0.696323521951	0.0	0.51997335616	0.708541723883	0.757873896334	0.774977033305	0.776207255072	0.753244514109	0.752450791209	0.76039540197	0.756092579149	0.756844996235	0.72698090655	0.758917746899	0.752387214782	0.771839811521	0.763833038362	0.764900844072	0.754227182214	0.751084383445	0.770241582675	0.780155254831	0.788523398832	0.738775207215	0.741042406994	0.734794669454	0.741716702613	0.774085645553	0.805286561068	0.788018557108	0.756299404479	0.743927855183	0.754178417598
AH8	0.698840970228	0.698256762799	0.78194585253	0.716445962661	0.724463430077	0.696474031251	0.706438349505	0.675833699427	0.701353152101	0.684868681206	0.705368718298	0.695697660432	0.69903634509	0.720021815801	0.715818631786	0.705148595768	0.562750571126	0.43881668913	0.779202654481	0.659511718374	0.65541248287	0.64982737679	0.678356322541	0.65778889687	0.664602165065	0.676613594329	0.680659662578	0.638741041102	0.662801210032	0.660938500166	0.51997335616	0.0	0.690854589572	0.717687899023	0.733668914638	0.730358350237	0.711433768986	0.715054932229	0.708164350908	0.720894924639	0.703651438734	0.700494583322	0.722966184913	0.725739850453	0.725823740802	0.722462559324	0.722612883277	0.707604506676	0.729462172699	0.724509102398	0.726168954114	0.742631114914	0.70292934181	0.701402265849	0.699340605488	0.704876189878	0.731099243104	0.760910179945	0.758713829327	0.711142493224	0.700221003065	0.712828394501
AA5	0.634507908131	0.679819058872	0.729893319943	0.674615157092	0.658681748843	0.674045195496	0.715437294223	0.68415301951	0.623764333487	0.699504618725	0.639414527608	0.663745001233	0.680089943893	0.690766177111	0.664331787967	0.670433974567	0.648263689038	0.668959808127	0.773127779614	0.687346076919	0.702124355199	0.69737389134	0.64469856385	0.664978138512	0.724820721572	0.680942966442	0.680172763513	0.699532299342	0.678978850832	0.669749790416	0.708541723883	0.690854589572	0.0	0.601340408485	0.677855014575	0.669813481833	0.646060298107	0.648125278668	0.682561808809	0.673740869329	0.690178796092	0.634133690507	0.643162416277	0.672830534589	0.717361941695	0.652376216523	0.678196162257	0.696833755919	0.685810962078	0.709583847448	0.686527026761	0.701431227943	0.663227967949	0.697332818341	0.662304414611	0.693699561774	0.666085634512	0.704126145938	0.67888825504	0.686958088942	0.641103534873	0.693554418499
AA6	0.674570271884	0.676823770343	0.798348191302	0.705853286886	0.695893990922	0.658180423333	0.677837948065	0.644731866808	0.702359995285	0.664890875696	0.67928010682	0.654483515923	0.698646135355	0.723271820095	0.710922940476	0.670001810031	0.729881758548	0.712464869125	0.78858571996	0.680794883615	0.699142574345	0.659684013947	0.697441085736	0.679647936167	0.749121798557	0.699796670865	0.697944008343	0.673653788312	0.693012193733	0.674967571749	0.757873896334	0.717687899023	0.601340408485	0.0	0.697867361948	0.669800209342	0.646380241637	0.632250758431	0.646046818663	0.670334936785	0.659117575306	0.669798681597	0.651408449251	0.66802418179	0.464460711674	0.428871829772	0.688299904255	0.677095801854	0.678188270178	0.683910594105	0.676802662059	0.678325946964	0.672359678854	0.689016512272	0.692733059091	0.683036402692	0.671289198633	0.697802795418	0.669364139525	0.675037113188	0.650205929554	0.702455807022
AB5	0.665169719773	0.665608082392	0.740461299137	0.691240557306	0.680401205296	0.664018676071	0.682383642811	0.661378630643	0.692696880452	0.671102511667	0.677931040942	0.672805388145	0.690017654515	0.697450893948	0.700457715042	0.676189077464	0.711701079971	0.718724456769	0.780658757221	0.707945736203	0.730599843154	0.711214808881	0.716608986541	0.721052819046	0.742869411186	0.72255650076	0.696672975707	0.712760882573	0.703326057455	0.686025880172	0.774977033305	0.733668914638	0.677855014575	0.697867361948	0.0	0.437129195445	0.655018911586	0.6723132898	0.654471914927	0.630451535562	0.645269275972	0.691619215915	0.675201516123	0.667773324055	0.708940758377	0.681208938429	0.672027652619	0.692430094795	0.68433390082	0.705472984156	0.685915195829	0.685928796081	0.660633302007	0.69201243848	0.696431538578	0.68031997145	0.700894887076	0.682447908904	0.715676583613	0.703804546113	0.655185075026	0.696784999155
AB6	0.656814493429	0.664322581896	0.767871295475	0.69558391861	0.678056032121	0.656324154813	0.682801132641	0.669207323623	0.691767902811	0.670890952022	0.673059816187	0.673959791255	0.692087743875	0.716812399716	0.698758963618	0.67126767427	0.717607751951	0.720262854012	0.78823865685	0.691569992231	0.73880145962	0.706949419561	0.703835455297	0.70738026425	0.754588506849	0.712249730757	0.697740582945	0.707710432873	0.698867616515	0.673476951945	0.776207255072	0.730358350237	0.669813481833	0.669800209342	0.437129195445	0.0	0.641563882685	0.648967767911	0.638468273816	0.630289598792	0.64737280904	0.677818871674	0.653985420351	0.584245220243	0.689064664186	0.660213573261	0.670492144011	0.700001227865	0.68287997987	0.698778916656	0.677789885711	0.680381008667	0.662534118107	0.674916467001	0.67146641395	0.655635382007	0.676440632073	0.660605942042	0.676860485516	0.689610743664	0.664921653137	0.697426402951
AC5	0.627924644881	0.66201813403	0.734845721037	0.682265704011	0.684233925386	0.666982105152	0.692931487193	0.657711483	0.643880675201	0.677125510261	0.654747700794	0.673120488735	0.686228074421	0.697370784162	0.671288639609	0.654805108003	0.683415804094	0.702675404215	0.764707757052	0.668692540345	0.712857747529	0.693404509805	0.692058150481	0.690279047247	0.730427577049	0.700316522646	0.686416832349	0.694400360483	0.67220985935	0.64909686187	0.753244514109	0.711433768986	0.646060298107	0.646380241637	0.655018911586	0.641563882685	0.0	0.511730675307	0.642394924555	0.646075961924	0.666308113218	0.68434859222	0.588265512456	0.64279319443	0.667112939065	0.654272028186	0.646263955046	0.683128623278	0.626034737494	0.678269323376	0.664617966119	0.652555987066	0.655045645432	0.663517718028	0.618312007808	0.648031402064	0.64291832408	0.665744659843	0.650385067984	0.681915841781	0.631437838697	0.684028913992
AC6	0.661758772783	0.655267077452	0.752816381365	0.664858909195	0.669204145939	0.648772687416	0.669211512672	0.654079723213	0.679384053932	0.666821633779	0.660437294055	0.644589932196	0.678547151573	0.691686309874	0.672509380986	0.666481550983	0.702593568286	0.708151866951	0.768380228449	0.667455018572	0.717502624865	0.684593111235	0.674048565236	0.674309918369	0.754262976634	0.689252265634	0.66899846016	0.669183863173	0.683204129653	0.643842306804	0.752450791209	0.715054932229	0.648125278668	0.632250758431	0.6723132898	0.648967767911	0.511730675307	0.0	0.637237491595	0.644586617133	0.649723918606	0.552825704673	0.48765860942	0.619797389634	0.677215248042	0.653167828291	0.655930416014	0.664709350736	0.627336849385	0.639292018773	0.668624250064	0.673540239835	0.66354534962	0.670558148362	0.664124437453	0.660581259464	0.616562691475	0.672400756428	0.644607859979	0.660742833619	0.648318649211	0.671604778205
AD6	0.666939345457	0.647508633745	0.780989912089	0.699084528719	0.666345672289	0.626353884725	0.621563885014	0.607927550542	0.671346449802	0.610363324281	0.670985434327	0.643340570122	0.689765202147	0.695855980133	0.677650127713	0.658155879997	0.719003456739	0.701475599103	0.787167100868	0.67186483624	0.716310419109	0.674421063959	0.69183606086	0.695721507039	0.754548669137	0.706570022841	0.68640348941	0.677410358445	0.689031037756	0.670848932968	0.76039540197	0.708164350908	0.682561808809	0.646046818663	0.654471914927	0.638468273816	0.642394924555	0.637237491595	0.0	0.488934135335	0.402241493134	0.663808065433	0.630106721306	0.65833945005	0.67766194989	0.675804129217	0.682015198122	0.663588179369	0.65487324598	0.645646754312	0.679897835501	0.668329616255	0.655171426949	0.650875427805	0.657461235115	0.648154938228	0.646527886357	0.67743266088	0.651092821099	0.646754536959	0.65419893119	0.663947205283
AE5	0.670994480379	0.660883624317	0.760785914608	0.685564813999	0.638122409748	0.629957970777	0.645745201074	0.622624006692	0.670152094771	0.633674027186	0.677105308742	0.629756358551	0.694459292713	0.692418082153	0.686935973562	0.665920123694	0.733613257773	0.702106364495	0.782167723998	0.680342231933	0.727653569776	0.697785299436	0.699530505319	0.692481403005	0.758049922355	0.708276006162	0.713496933267	0.695787689301	0.696770820862	0.683163466729	0.756092579149	0.720894924639	0.673740869329	0.670334936785	0.630451535562	0.630289598792	0.646075961924	0.644586617133	0.488934135335	0.0	0.372647299742	0.680665150576	0.641358271952	0.665902346079	0.673481037359	0.675042856935	0.663691770883	0.661656104921	0.651953574257	0.645912417597	0.665413887472	0.66268491375	0.637353571805	0.643055713243	0.641960501531	0.632974151926	0.652281147762	0.679763206075	0.67000950467	0.634206746079	0.64486662118	0.66165059523
AE6	0.677548775395	0.655798696489	0.78883294331	0.706779501113	0.663507170842	0.634630873911	0.623199641289	0.606078850668	0.680936931497	0.609479406821	0.693320078374	0.642383510491	0.701137874058	0.702323124908	0.688863252685	0.656494907927	0.733626005685	0.690942651043	0.794974159159	0.671010961929	0.729091401175	0.673952867478	0.703737824967	0.697973812667	0.755966200773	0.702374098106	0.691961263813	0.67806580085	0.687257830765	0.668152604552	0.756844996235	0.703651438734	0.690178796092	0.659117575306	0.645269275972	0.64737280904	0.666308113218	0.649723918606	0.402241493134	0.372647299742	0.0	0.677147469299	0.64207364979	0.66388764699	0.67490999941	0.6614227021	0.679709973583	0.640688776776	0.66243740432	0.632551464819	0.664846427414	0.668398087713	0.642758984947	0.643904443307	0.654183373863	0.630818602177	0.6563147037	0.685399552506	0.67855864926	0.632503566559	0.636485243755	0.635087792561
AF5	0.674496894888	0.671573923619	0.728468482427	0.651641377976	0.658487018869	0.664633149623	0.696243130945	0.681806665364	0.670836313972	0.69243820172	0.677483969068	0.643560741634	0.661796790179	0.668053127988	0.676395692439	0.657356992342	0.682498111388	0.677640175005	0.726238976626	0.671549947226	0.713738190904	0.689850047199	0.661571961815	0.682611667754	0.733055168362	0.677538819521	0.682853915428	0.700550899417	0.679106262982	0.667519366038	0.72698090655	0.700494583322	0.634133690507	0.669798681597	0.691619215915	0.677818871674	0.68434859222	0.552825704673	0.663808065433	0.680665150576	0.677147469299	0.0	0.458689132161	0.644001194103	0.715860058682	0.689976553857	0.706590014535	0.70707272211	0.670579891205	0.693867954285	0.695033760558	0.706228843233	0.684942822134	0.702445158263	0.697010505707	0.699552672724	0.676521493574	0.724813735866	0.690126327691	0.676759538456	0.661928995752	0.69669822731
AF6	0.654541199699	0.65804207094	0.737079112194	0.663202559118	0.660057105183	0.657933076417	0.670701786352	0.653532901256	0.677240254017	0.672199087975	0.668221463951	0.651364841332	0.660942105535	0.671643995687	0.674660656356	0.649679797553	0.705988133883	0.696499324731	0.740210743062	0.661267846806	0.722724051049	0.691653415279	0.676957100713	0.69159893333	0.740915950136	0.680270524743	0.674553563532	0.68855479115	0.672638434056	0.654958870037	0.758917746899	0.722966184913	0.643162416277	0.651408449251	0.675201516123	0.653985420351	0.588265512456	0.48765860942	0.630106721306	0.641358271952	0.64207364979	0.458689132161	0.0	0.629399697556	0.677221825488	0.653645861645	0.670686704201	0.682321763262	0.638411861201	0.653730996389	0.667798581753	0.67134396115	0.655278523245	0.664971592471	0.671286386846	0.666365111914	0.635387952016	0.688741812223	0.645739406022	0.638695874526	0.652221443612	0.67636393958
