	AA3	AA4	AB3	AB4	AC3	AC4	AD3	AD4	AE3	AE4	AF3	AF4	AG3	AG4	AH3	AH4	AA7	AA8	AB7	AB8	AC7	AC8	AD7	AD8	AE7	AE8	AF7	AF8	AG7	AG8	AH7	AH8	AA5	AA6	AB5	AB6	AC5	AC6	AD6	AE5	AE6	AF5	AF6	AG5	AH5	AH6	AA1	AA2	AB1	AB2	AC1	AC2	AD1	AD2	AE1	AE2	AF1	AF2	AG1	AG2	AH1	AH2
AA3	0.0	0.479643735266	0.685551653416	0.642341681122	0.678162265331	0.662648245997	0.695418855323	0.692211667981	0.656077101108	0.678542421137	0.646863086219	0.677253426708	0.649094829586	0.621414987605	0.682620095441	0.482288642372	0.671061827137	0.666524447717	0.759961209596	0.684414454259	0.697975312538	0.697865032613	0.682580637593	0.700851512141	0.727337553471	0.698148650349	0.671503495268	0.6868098825	0.690546433146	0.671685684353	0.734673416935	0.683372292554	0.639038821208	0.67873940467	0.680332904494	0.684397632792	0.63753432101	0.67605656728	0.663157008269	0.673112748247	0.687351260743	0.672773310692	0.650579643933	0.649327774832	0.698567653716	0.677889376857	0.663857243968	0.685506860149	0.645676492126	0.689088622716	0.67083283429	0.669536432396	0.648206131238	0.661262670275	0.667182472706	0.654085639571	0.660728414389	0.678798447117	0.655335041403	0.694216643264	0.638238471598	0.667463388321
AA4	0.479643735266	0.0	0.695678068648	0.640652330977	0.657255271651	0.661239157627	0.654674481969	0.646559333684	0.688430612519	0.650066797899	0.660142091119	0.637672927786	0.675674978201	0.646588467859	0.521452860651	0.377693004875	0.692273263341	0.685317279436	0.774581563853	0.6709639196	0.718727130681	0.681753564972	0.693950265937	0.69369506199	0.728390150189	0.688193716775	0.651472533245	0.672755876347	0.7011713023	0.663437139431	0.74616638383	0.675898570889	0.672284917057	0.668970264875	0.676467236017	0.679478367205	0.657462749214	0.648135539077	0.644319070084	0.662279172573	0.649343076964	0.672346733368	0.640798611268	0.634891526544	0.696044663779	0.662662807925	0.671498056983	0.652346557437	0.650489650396	0.66436958798	0.663604221826	0.666735361264	0.665789562244	0.642027792512	0.666850796402	0.646930192845	0.644027285901	0.658142837063	0.654023829408	0.656133156605	0.654426852997	0.626766712547
AB3	0.685551653416	0.695678068648	0.0	0.650482342893	0.702175688106	0.742709426121	0.750289486712	0.746995986695	0.714615914472	0.742363686044	0.727907251751	0.736502003745	0.717033496494	0.567333822768	0.68454480911	0.70147730748	0.707525841143	0.724868700977	0.701926633219	0.695360252736	0.705078229709	0.7389044472	0.736461441725	0.731069459431	0.717216052805	0.740138472315	0.720816194468	0.739404653836	0.702520108781	0.70223783927	0.731127425233	0.713022453927	0.727455738618	0.796474904139	0.724243864218	0.758272000222	0.740572990874	0.74177023735	0.765230656499	0.751577677252	0.777263751651	0.709893377353	0.701977325949	0.737458080885	0.790450391377	0.787207903502	0.779746098503	0.771152708391	0.729333490902	0.768623866781	0.762976649902	0.777999081168	0.760450234148	0.772385438301	0.756567729704	0.757423917583	0.761929616524	0.774862614579	0.765938171377	0.778546582137	0.73933657393	0.748183708668
AB4	0.642341681122	0.640652330977	0.650482342893	0.0	0.685292382205	0.670047556748	0.707307230338	0.683875305921	0.699149685124	0.70303307985	0.665764719676	0.679342724342	0.425689176242	0.435855812437	0.681266240635	0.644318633112	0.693962622783	0.700325501441	0.7514667884	0.684177588855	0.687440757455	0.687278474988	0.698833450911	0.693314215652	0.7164661002	0.690942566451	0.667964681968	0.681804882153	0.676552448523	0.68622780507	0.734981816454	0.700875043539	0.680937062455	0.706170984953	0.680415285867	0.684264912263	0.666891758424	0.670360582287	0.675739292447	0.676304628202	0.70672583442	0.652771395917	0.63361925615	0.670683822806	0.720886718217	0.703645662608	0.672197266629	0.69659662457	0.639146718631	0.696702825796	0.702947328085	0.690240201071	0.681312488057	0.691272186465	0.686872734128	0.677110665972	0.680123063407	0.699783941528	0.694687327486	0.685187570261	0.67545301144	0.688553438824
AC3	0.678162265331	0.657255271651	0.702175688106	0.685292382205	0.0	0.543202002225	0.685189663751	0.648251145884	0.678605723627	0.674455668005	0.681669077551	0.480964071968	0.695451618158	0.690670122035	0.679863042034	0.665240264481	0.676633044245	0.686745324876	0.761497063428	0.692286824663	0.720723013839	0.714277545023	0.731674022083	0.721673524977	0.731349972239	0.71438212516	0.709149317734	0.70235275214	0.712128509365	0.695308222179	0.752958813084	0.68858921074	0.675027597397	0.710047780033	0.69093815066	0.691847321156	0.696192708474	0.675082927001	0.664762242981	0.665578480216	0.679432276184	0.653520269687	0.648328414058	0.67497289951	0.718763184091	0.713410543784	0.715870018574	0.691455660706	0.693329630917	0.694910513574	0.693848124998	0.685684642621	0.694348349119	0.705249501399	0.689715078515	0.685833264322	0.702659743116	0.705745954081	0.698640051349	0.680576648958	0.693735148924	0.701205812005
AC4	0.662648245997	0.661239157627	0.742709426121	0.670047556748	0.543202002225	0.0	0.695916989423	0.662122301074	0.668315888108	0.672679267346	0.4839329746	0.425735142507	0.68093190345	0.688986938397	0.690217801487	0.656499293067	0.700247742645	0.689922514201	0.772053792378	0.686946381261	0.71562250414	0.704746780239	0.713236011882	0.700767477229	0.7527073191	0.71000294909	0.701045761966	0.715093498087	0.713887204467	0.689717002207	0.745727809067	0.695433663387	0.664541242407	0.679132325397	0.670064541754	0.682008083714	0.66680896866	0.672058421193	0.653629168209	0.653616999268	0.667325598258	0.670583643141	0.668085876741	0.658185665191	0.699138635407	0.680429466308	0.711735515948	0.683299509781	0.704958234203	0.703237396495	0.698857174554	0.695169394171	0.696295545317	0.690844877973	0.698656533827	0.695228870241	0.681787860699	0.684144340003	0.680346900097	0.706855307123	0.685477846958	0.685113029073
AD3	0.695418855323	0.654674481969	0.750289486712	0.707307230338	0.685189663751	0.695916989423	0.0	0.449638574796	0.704771727294	0.383925841418	0.714375126784	0.663799888165	0.711901075301	0.715634577339	0.688504060013	0.664871397746	0.704113304776	0.690250328718	0.78487359656	0.671763990236	0.727053396507	0.674049395199	0.724228149669	0.694176895263	0.733469412032	0.695352701738	0.685603348963	0.681104588653	0.713282027802	0.66478615043	0.725142723597	0.690155877721	0.714600154592	0.680444456163	0.680881519716	0.69016560383	0.690912644979	0.672213971348	0.625578971177	0.641697107102	0.628899051584	0.684523757985	0.658013285954	0.676188819228	0.693548360152	0.682313866493	0.702091415158	0.666221633859	0.672912604429	0.666537606926	0.693718346125	0.698332057457	0.691131221436	0.679585469907	0.691539345622	0.669784520189	0.678878440542	0.666368120344	0.686754237015	0.667071227858	0.709899779185	0.652450650048
AD4	0.692211667981	0.646559333684	0.746995986695	0.683875305921	0.648251145884	0.662122301074	0.449638574796	0.0	0.607995267852	0.432651686236	0.682970778149	0.636662029617	0.689117076919	0.709131349546	0.676701959751	0.644366575167	0.684393708092	0.667011590475	0.774063783606	0.659003085115	0.713409186426	0.665661711154	0.697286033737	0.673109422054	0.73005258633	0.678868163526	0.669881111594	0.670346497398	0.681184591016	0.651034365064	0.743962612242	0.666615645594	0.676239742473	0.67921914828	0.674131076326	0.681064200696	0.667066933589	0.662812909132	0.615817139143	0.631782065001	0.619182475258	0.666606027523	0.659166654742	0.658058168661	0.668503851391	0.668354149121	0.685506614031	0.655604002838	0.660171301296	0.66514451469	0.668062976904	0.681207946464	0.657569300516	0.66062473347	0.647342841242	0.645709502692	0.679591142644	0.656899805548	0.682975158963	0.648214098407	0.689745131522	0.637634278465
AE3	0.656077101108	0.688430612519	0.714615914472	0.699149685124	0.678605723627	0.668315888108	0.704771727294	0.607995267852	0.0	0.645956560018	0.672060937268	0.692067968396	0.696714491592	0.706962070492	0.68847177969	0.684671955583	0.681490639719	0.677270569867	0.763781381334	0.71283979982	0.734312926937	0.725141279067	0.685769070503	0.704691885867	0.755100689932	0.707726251891	0.697187739383	0.723098294841	0.671313505924	0.689937948317	0.730756860185	0.692014859049	0.644435816538	0.722327807739	0.707719751502	0.722439652173	0.665836830116	0.706879791378	0.67924334768	0.688685856314	0.707818086156	0.679449078173	0.703582392339	0.679435271126	0.740564956777	0.734437541751	0.713678970763	0.724349738213	0.710497521863	0.731386374788	0.715236395181	0.72559756442	0.698118679214	0.712379558954	0.665183856997	0.712877919663	0.711646305339	0.731002724995	0.714006443998	0.726721902124	0.675748730635	0.730346850049
AE4	0.678542421137	0.650066797899	0.742363686044	0.70303307985	0.674455668005	0.672679267346	0.383925841418	0.432651686236	0.645956560018	0.0	0.685432656573	0.673888832887	0.709434593335	0.710377924781	0.685064945155	0.655738940311	0.710727552834	0.681625249418	0.779506001657	0.653433831115	0.722844477487	0.677056581141	0.713553894794	0.676424322926	0.725276315496	0.682167606395	0.701329966662	0.686287039361	0.690943958154	0.65927083562	0.738735443883	0.684265865743	0.687959244682	0.681001389656	0.684586811821	0.669690079853	0.675833454614	0.661382277254	0.591390363937	0.614175313366	0.609072184934	0.673176224833	0.640433160015	0.640799355263	0.685774373694	0.667216015392	0.678750249225	0.647631611894	0.664946889447	0.653341281654	0.68793451255	0.692365448622	0.67866137056	0.656126354689	0.66129264007	0.653045974349	0.67609241265	0.676689876442	0.664213279951	0.651511745123	0.687287789634	0.643115488694
AF3	0.646863086219	0.660142091119	0.727907251751	0.665764719676	0.681669077551	0.4839329746	0.714375126784	0.682970778149	0.672060937268	0.685432656573	0.0	0.551723253309	0.672850166309	0.666971790281	0.665735743389	0.666904028063	0.680472539171	0.671620273113	0.759645215465	0.682165080089	0.689121150697	0.706506781336	0.68715183501	0.705280211417	0.758787016605	0.71448166406	0.69301584984	0.719603311373	0.695859797672	0.683170470991	0.715364562943	0.686462447863	0.623968683854	0.683256191307	0.674685772994	0.685529056785	0.661654971508	0.678382281968	0.664126283867	0.668504613999	0.693371111828	0.677347459184	0.67240634577	0.667258331143	0.697179205812	0.684493815962	0.719901313933	0.703080727123	0.696346397399	0.715542720732	0.711563631826	0.717594248636	0.697437056716	0.707119489795	0.689180253168	0.70753947119	0.669129752619	0.711335647757	0.688066404486	0.715951645962	0.655712710347	0.700580154175
AF4	0.677253426708	0.637672927786	0.736502003745	0.679342724342	0.480964071968	0.425735142507	0.663799888165	0.636662029617	0.692067968396	0.673888832887	0.551723253309	0.0	0.694020293183	0.696687173375	0.681054119007	0.646800122412	0.688349993899	0.694529541355	0.773930603439	0.688136079977	0.716411297447	0.694732811697	0.735678656319	0.711081312898	0.747595960266	0.71080615551	0.685683426113	0.686431303912	0.72207600969	0.673634647014	0.746578817953	0.682708599448	0.677497874865	0.66619090933	0.681810468722	0.670971399041	0.685088128385	0.652259317615	0.657681314722	0.661258769423	0.669649178429	0.661067151573	0.647590750507	0.661495504471	0.691904246446	0.679343978066	0.714308228625	0.678409001633	0.690745902922	0.689382722097	0.692659321118	0.686653620531	0.696019507588	0.698961310914	0.713305630861	0.700427223495	0.683214037462	0.673333948336	0.691370296895	0.681860727802	0.683484903741	0.670961911305
AG3	0.649094829586	0.675674978201	0.717033496494	0.425689176242	0.695451618158	0.68093190345	0.711901075301	0.689117076919	0.696714491592	0.709434593335	0.672850166309	0.694020293183	0.0	0.512138671809	0.679211253842	0.666166057162	0.667440072965	0.693184758835	0.779432498783	0.68967032167	0.683619073355	0.69871194743	0.694003407176	0.70051090875	0.729527804242	0.699377005582	0.684044502278	0.70138126554	0.695301445976	0.693351474226	0.735253255157	0.70072510648	0.690837727963	0.710675786124	0.695114211084	0.697924429155	0.690746524698	0.687646467503	0.680320416459	0.699335576737	0.705659144642	0.665687888199	0.660685842338	0.675286111912	0.71877250491	0.710915242302	0.695020396287	0.702068427583	0.646266215214	0.7081635249	0.702241730844	0.708014105903	0.681988900493	0.700299702234	0.691520918678	0.687330398438	0.700348903562	0.716554373128	0.705987325105	0.686365225792	0.693799719435	0.70554072393
AG4	0.621414987605	0.646588467859	0.567333822768	0.435855812437	0.690670122035	0.688986938397	0.715634577339	0.709131349546	0.706962070492	0.710377924781	0.666971790281	0.696687173375	0.512138671809	0.0	0.68331784717	0.64722957582	0.727129674389	0.722104803223	0.755200127204	0.696809897625	0.722946806823	0.714965249869	0.715463748241	0.715028660198	0.737188203408	0.707113431052	0.689905770692	0.71214944888	0.712209795418	0.706568102306	0.75779715246	0.714218815078	0.69060623948	0.722480315351	0.691266241512	0.700757550464	0.675533124322	0.694174291411	0.700449848145	0.694400504136	0.71414489074	0.653548958999	0.651130452169	0.694463664767	0.742179541009	0.729383473667	0.692326248434	0.714221754678	0.658494742339	0.714839764181	0.692785275281	0.698604664427	0.685198011654	0.709533782274	0.713067785613	0.710145345955	0.703602964681	0.702499042119	0.705516863226	0.706061344893	0.689204885432	0.710008944506
AH3	0.682620095441	0.521452860651	0.68454480911	0.681266240635	0.679863042034	0.690217801487	0.688504060013	0.676701959751	0.68847177969	0.685064945155	0.665735743389	0.681054119007	0.679211253842	0.68331784717	0.0	0.560323892674	0.676765248931	0.688342631754	0.772277719684	0.688223797932	0.712576374712	0.713140495353	0.6989483893	0.69295378319	0.734506357533	0.698339074913	0.694535256867	0.708818961441	0.694969080085	0.70339106623	0.748634103812	0.697864663093	0.663197330058	0.732374988894	0.698854767056	0.715563702223	0.677362289174	0.687183632189	0.672806311944	0.69906426331	0.691920476763	0.674153668429	0.673537715086	0.669355797493	0.728229076636	0.722504888885	0.71463866071	0.69182621642	0.697223431876	0.716704553396	0.70328495425	0.718455302606	0.70552732741	0.706389590249	0.685121225605	0.705314658487	0.711701732821	0.726140028415	0.698753037217	0.692244091282	0.698749265689	0.68916347447
AH4	0.482288642372	0.377693004875	0.70147730748	0.644318633112	0.665240264481	0.656499293067	0.664871397746	0.644366575167	0.684671955583	0.655738940311	0.666904028063	0.646800122412	0.666166057162	0.64722957582	0.560323892674	0.0	0.681334813026	0.678680308023	0.773212746233	0.665257347934	0.710594299008	0.674460673119	0.692172474859	0.680662594513	0.726883104005	0.682326964979	0.650685950483	0.650065620791	0.684043817465	0.669372951604	0.736079760338	0.684410404646	0.670942499413	0.679888758607	0.659263092958	0.660361107122	0.655468999244	0.64972083525	0.623014138253	0.661719882995	0.636399166608	0.656774240544	0.624281116221	0.63319934536	0.672753348028	0.653299296563	0.671793744378	0.659405778318	0.643707031082	0.662635445827	0.664922361102	0.665151807039	0.65890322226	0.648285930422	0.670728724774	0.643494211547	0.655860601763	0.67048333893	0.646744460255	0.660127670513	0.639782056629	0.628781375966
AA7	0.671061827137	0.692273263341	0.707525841143	0.693962622783	0.676633044245	0.700247742645	0.704113304776	0.684393708092	0.681490639719	0.710727552834	0.680472539171	0.688349993899	0.667440072965	0.727129674389	0.676765248931	0.681334813026	0.0	0.492610401198	0.768811072768	0.662008098683	0.658033602511	0.679151932949	0.682308727125	0.695715733113	0.699308193547	0.700429187401	0.665573919428	0.66385142599	0.685417251665	0.675872927665	0.703430959037	0.544281634787	0.656469883861	0.726462954521	0.705434914579	0.724228801973	0.677084013062	0.703280181883	0.704060815142	0.722168754806	0.735835350406	0.697507538836	0.683967052923	0.696013880337	0.732524541961	0.727706264963	0.738532302758	0.725240970616	0.71128988375	0.748640546239	0.715514552731	0.727508587342	0.692478412342	0.723367548995	0.688727331531	0.706298095734	0.738579639299	0.732832209306	0.739945391384	0.739676676526	0.691654516871	0.709085007123
AA8	0.666524447717	0.685317279436	0.724868700977	0.700325501441	0.686745324876	0.689922514201	0.690250328718	0.667011590475	0.677270569867	0.681625249418	0.671620273113	0.694529541355	0.693184758835	0.722104803223	0.688342631754	0.678680308023	0.492610401198	0.0	0.770506376471	0.645374172073	0.643936215406	0.63462008304	0.669774161435	0.66695448589	0.693204890358	0.678861983481	0.673071248798	0.645461055542	0.659974661003	0.654906569427	0.569559559225	0.406140115951	0.666024226699	0.723839901564	0.711246960668	0.727467428027	0.672805137594	0.691617098423	0.696763953388	0.692751283566	0.702073929488	0.695885030014	0.685958446124	0.699130866975	0.714442587236	0.706198426288	0.713916963181	0.703033017734	0.69022079438	0.721203339528	0.718181009718	0.72297729436	0.697497114392	0.684312669985	0.661715618746	0.687168488258	0.727649553966	0.720133650534	0.734959828312	0.717311607862	0.684047939262	0.699576158589
AB7	0.759961209596	0.774581563853	0.701926633219	0.7514667884	0.761497063428	0.772053792378	0.78487359656	0.774063783606	0.763781381334	0.779506001657	0.759645215465	0.773930603439	0.779432498783	0.755200127204	0.772277719684	0.773212746233	0.768811072768	0.770506376471	0.0	0.575364437074	0.745469536566	0.764810567734	0.791518732286	0.783947137659	0.749989116493	0.779690890401	0.769668039394	0.790045817264	0.760652905129	0.62071647271	0.76628536766	0.767123451923	0.778964911506	0.801756848881	0.781778183648	0.800314709496	0.767325308431	0.780820870754	0.78829418289	0.792172367071	0.801136797997	0.728229489293	0.741259468827	0.780116613957	0.803098547523	0.803659530504	0.818446778593	0.79850764522	0.787084858757	0.806414691509	0.81161525955	0.815074632838	0.798662469233	0.803951093658	0.791299577296	0.796602672191	0.798383470012	0.806245039625	0.807469017368	0.806415407466	0.788320408524	0.789377578421
AB8	0.684414454259	0.6709639196	0.695360252736	0.684177588855	0.692286824663	0.686946381261	0.671763990236	0.659003085115	0.71283979982	0.653433831115	0.682165080089	0.688136079977	0.68967032167	0.696809897625	0.688223797932	0.665257347934	0.662008098683	0.645374172073	0.575364437074	0.0	0.652534064869	0.632828153263	0.698622858846	0.660148735785	0.684235804113	0.677765068895	0.662106418347	0.645621020139	0.519367902482	0.404757190962	0.686864277728	0.624112096441	0.694642068515	0.693924617663	0.698504238496	0.695282132502	0.680228219316	0.671175688016	0.677386933675	0.674270228039	0.680040578407	0.665683552584	0.652497070286	0.654020992942	0.689316259901	0.679627022422	0.722007562475	0.68701917883	0.681902371292	0.70572775394	0.691200093682	0.718626150121	0.670664362454	0.689582922994	0.685587008833	0.655199254203	0.701821706953	0.713460176641	0.710548325143	0.704540667701	0.679291260225	0.676612839976
AC7	0.697975312538	0.718727130681	0.705078229709	0.687440757455	0.720723013839	0.71562250414	0.727053396507	0.713409186426	0.734312926937	0.722844477487	0.689121150697	0.716411297447	0.683619073355	0.722946806823	0.712576374712	0.710594299008	0.658033602511	0.643936215406	0.745469536566	0.652534064869	0.0	0.506153008237	0.699161028203	0.695491779713	0.689110674365	0.694585787876	0.698592623356	0.588014252677	0.640297637951	0.645315522619	0.663286995008	0.659667907554	0.70182708756	0.711302575658	0.723003763887	0.750869032677	0.701262611276	0.719245207272	0.719388187003	0.722801273387	0.735597837106	0.721397873656	0.695223620555	0.705324650195	0.699571987543	0.699558857876	0.744870256116	0.743228037115	0.691480853026	0.737816562806	0.766060372521	0.758814178293	0.714921700531	0.700172912557	0.707010123778	0.706352452037	0.749508699319	0.744906745768	0.749647891627	0.72601590944	0.705104088094	0.735062137667
AC8	0.697865032613	0.681753564972	0.7389044472	0.687278474988	0.714277545023	0.704746780239	0.674049395199	0.665661711154	0.725141279067	0.677056581141	0.706506781336	0.694732811697	0.69871194743	0.714965249869	0.713140495353	0.674460673119	0.679151932949	0.63462008304	0.764810567734	0.632828153263	0.506153008237	0.0	0.695777731566	0.654957503608	0.695014686449	0.660827119459	0.498545011112	0.410909007035	0.64012012789	0.630908537073	0.689283102228	0.627916686338	0.710417334897	0.676568706558	0.710555666901	0.720924044694	0.698530212277	0.689147647975	0.672378999851	0.69596675404	0.687806723989	0.699224597392	0.673554807675	0.674197172466	0.685424939729	0.670477328672	0.72635480241	0.701906815423	0.671691983016	0.688164557289	0.71621151988	0.691254445749	0.681299313018	0.663540753549	0.682774664013	0.677350889329	0.71420071501	0.702695375726	0.711476164056	0.703451332066	0.681050792354	0.672901216155
AD7	0.682580637593	0.693950265937	0.736461441725	0.698833450911	0.731674022083	0.713236011882	0.724228149669	0.697286033737	0.685769070503	0.713553894794	0.68715183501	0.735678656319	0.694003407176	0.715463748241	0.6989483893	0.692172474859	0.682308727125	0.669774161435	0.791518732286	0.698622858846	0.699161028203	0.695777731566	0.0	0.508409890191	0.724620254975	0.527350216321	0.686100568727	0.694442770584	0.677723459603	0.686670207691	0.705727235877	0.671191331366	0.658931505094	0.72169761172	0.731209706435	0.727980579777	0.685016037593	0.698206386301	0.705164169475	0.715985468504	0.71646398434	0.691874356479	0.697530543274	0.695713714556	0.713728173598	0.692094018195	0.716239954395	0.703482580818	0.687007510145	0.72413092269	0.709154370164	0.711050120745	0.689261292087	0.68619378887	0.649232115688	0.687413032725	0.704361858342	0.720657186941	0.713991017044	0.707634762571	0.668251498727	0.70024190101
AD8	0.700851512141	0.69369506199	0.731069459431	0.693314215652	0.721673524977	0.700767477229	0.694176895263	0.673109422054	0.704691885867	0.676424322926	0.705280211417	0.711081312898	0.70051090875	0.715028660198	0.69295378319	0.680662594513	0.695715733113	0.66695448589	0.783947137659	0.660148735785	0.695491779713	0.654957503608	0.508409890191	0.0	0.589350003708	0.399620569512	0.633722000337	0.653292467879	0.652291583539	0.666934876788	0.713921009161	0.678707725218	0.685396367192	0.715937075285	0.721732752098	0.721681215186	0.694154211566	0.686223469249	0.692680771074	0.710901954855	0.70555572486	0.687166167706	0.678973564951	0.677711171421	0.700139792955	0.677876747187	0.71418445845	0.702374163099	0.672500069301	0.706743618225	0.690459780861	0.700476087405	0.684239258367	0.670774451489	0.669782263496	0.674340952208	0.694488054218	0.709925764237	0.704618165649	0.705008526497	0.685590570736	0.687190699695
AE7	0.727337553471	0.728390150189	0.717216052805	0.7164661002	0.731349972239	0.7527073191	0.733469412032	0.73005258633	0.755100689932	0.725276315496	0.758787016605	0.747595960266	0.729527804242	0.737188203408	0.734506357533	0.726883104005	0.699308193547	0.693204890358	0.749989116493	0.684235804113	0.689110674365	0.695014686449	0.724620254975	0.589350003708	0.0	0.510069411545	0.702336236163	0.695190639482	0.682307272648	0.698911658611	0.73308064679	0.707419674103	0.727983212576	0.775274675808	0.738637393348	0.763768552523	0.731157347609	0.753523837894	0.75313153413	0.744039447118	0.761522546375	0.740450052338	0.731850470014	0.730240522534	0.753624211406	0.753778299717	0.760993270689	0.768374579708	0.719134534042	0.766640299755	0.769735009102	0.776612366789	0.747151239042	0.757128423391	0.738148729433	0.743366340862	0.778833312842	0.783979984073	0.778676716666	0.762216675461	0.754363975975	0.764994168561
AE8	0.698148650349	0.688193716775	0.740138472315	0.690942566451	0.71438212516	0.71000294909	0.695352701738	0.678868163526	0.707726251891	0.682167606395	0.71448166406	0.71080615551	0.699377005582	0.707113431052	0.698339074913	0.682326964979	0.700429187401	0.678861983481	0.779690890401	0.677765068895	0.694585787876	0.660827119459	0.527350216321	0.399620569512	0.510069411545	0.0	0.651556890976	0.667671676846	0.658406851641	0.668007547944	0.70811777341	0.678298991322	0.681805553744	0.723277956919	0.733032791444	0.729969257149	0.705525800877	0.705211222019	0.700411843843	0.712028607289	0.701777362907	0.682761845149	0.692187121189	0.681865693096	0.698121413206	0.685252428711	0.712738391115	0.700367042484	0.667220028024	0.716673427896	0.706061326116	0.716076944688	0.697968632527	0.680584689853	0.678604591331	0.693535574143	0.716275089392	0.728143015327	0.715211606289	0.700125356805	0.694478544321	0.69896789951
AF7	0.671503495268	0.651472533245	0.720816194468	0.667964681968	0.709149317734	0.701045761966	0.685603348963	0.669881111594	0.697187739383	0.701329966662	0.69301584984	0.685683426113	0.684044502278	0.689905770692	0.694535256867	0.650685950483	0.665573919428	0.673071248798	0.769668039394	0.662106418347	0.698592623356	0.498545011112	0.686100568727	0.633722000337	0.702336236163	0.651556890976	0.0	0.467350504418	0.642948494103	0.637709830284	0.717582366402	0.669862259426	0.672773232344	0.70048867351	0.701255413256	0.709101278294	0.682290955769	0.680614119393	0.685927725706	0.704427361207	0.698141423188	0.688120218074	0.683205675095	0.653887578509	0.727724728106	0.704719179654	0.716836038596	0.698526183362	0.677300162996	0.701967677626	0.69498468745	0.690897229187	0.672637194672	0.686261279651	0.68855711964	0.687754899079	0.680502464036	0.706951611601	0.697008947729	0.718307029522	0.664650769037	0.655531348188
AF8	0.6868098825	0.672755876347	0.739404653836	0.681804882153	0.70235275214	0.715093498087	0.681104588653	0.670346497398	0.723098294841	0.686287039361	0.719603311373	0.686431303912	0.70138126554	0.71214944888	0.708818961441	0.650065620791	0.66385142599	0.645461055542	0.790045817264	0.645621020139	0.588014252677	0.410909007035	0.694442770584	0.653292467879	0.695190639482	0.667671676846	0.467350504418	0.0	0.639085677731	0.643031921169	0.70479948021	0.637002618803	0.701130660327	0.683607575463	0.704673971439	0.714780792558	0.694891912106	0.684535615495	0.67985403593	0.692983745185	0.684763866182	0.69684682975	0.666448478619	0.670014904646	0.696629352433	0.679684812566	0.712992854845	0.690801578436	0.660569342904	0.682013828133	0.700860692023	0.690668006576	0.659258556689	0.660602282511	0.674799886848	0.663259894526	0.705650858005	0.714027638361	0.701417317059	0.700881005127	0.665452187867	0.679353879576
AG7	0.690546433146	0.7011713023	0.702520108781	0.676552448523	0.712128509365	0.713887204467	0.713282027802	0.681184591016	0.671313505924	0.690943958154	0.695859797672	0.72207600969	0.695301445976	0.712209795418	0.694969080085	0.684043817465	0.685417251665	0.659974661003	0.760652905129	0.519367902482	0.640297637951	0.64012012789	0.677723459603	0.652291583539	0.682307272648	0.658406851641	0.642948494103	0.639085677731	0.0	0.482436252041	0.673384424854	0.654255485413	0.682131799017	0.725695657273	0.706360612984	0.715614385522	0.679926543278	0.70098756497	0.689058442828	0.700395153143	0.7042648072	0.691165791727	0.682958193031	0.658217016357	0.713676760144	0.695373402212	0.728585811182	0.710869643039	0.679794866414	0.726377204785	0.697082236023	0.73690296545	0.691575708945	0.708445418209	0.696406680124	0.683465740748	0.719725078955	0.736332587825	0.713974633815	0.72753061951	0.687312178288	0.707609279833
AG8	0.671685684353	0.663437139431	0.70223783927	0.68622780507	0.695308222179	0.689717002207	0.66478615043	0.651034365064	0.689937948317	0.65927083562	0.683170470991	0.673634647014	0.693351474226	0.706568102306	0.70339106623	0.669372951604	0.675872927665	0.654906569427	0.62071647271	0.404757190962	0.645315522619	0.630908537073	0.686670207691	0.666934876788	0.698911658611	0.668007547944	0.637709830284	0.643031921169	0.482436252041	0.0	0.700661127032	0.65619514247	0.6834312753	0.676789865115	0.703089740134	0.702300381095	0.652492627476	0.663888386495	0.67045281917	0.666623428673	0.67597470842	0.670309889458	0.650508669975	0.65695715299	0.687602056727	0.670370352543	0.719964643115	0.683802227217	0.671439685631	0.70755572937	0.690086886594	0.709239569619	0.674616362106	0.684545888039	0.684930614689	0.67150052201	0.691952470773	0.701282450977	0.706879246668	0.70340580626	0.673885631002	0.668811093093
AH7	0.734673416935	0.74616638383	0.731127425233	0.734981816454	0.752958813084	0.745727809067	0.725142723597	0.743962612242	0.730756860185	0.738735443883	0.715364562943	0.746578817953	0.735253255157	0.75779715246	0.748634103812	0.736079760338	0.703430959037	0.569559559225	0.76628536766	0.686864277728	0.663286995008	0.689283102228	0.705727235877	0.713921009161	0.73308064679	0.70811777341	0.717582366402	0.70479948021	0.673384424854	0.700661127032	0.0	0.515975081492	0.716193216643	0.779347001156	0.772759967073	0.789873005355	0.737773541137	0.758785277058	0.763555274212	0.743418683293	0.756014455881	0.744434665809	0.738747412594	0.743908708838	0.770747989025	0.763234997799	0.770773452544	0.742621454929	0.749396494373	0.771159827603	0.779004268818	0.792003768344	0.747884715316	0.736059860406	0.729183096655	0.737573825533	0.773515687216	0.790540397878	0.776760723962	0.772130615457	0.752594411364	0.759006982312
AH8	0.683372292554	0.675898570889	0.713022453927	0.700875043539	0.68858921074	0.695433663387	0.690155877721	0.666615645594	0.692014859049	0.684265865743	0.686462447863	0.682708599448	0.70072510648	0.714218815078	0.697864663093	0.684410404646	0.544281634787	0.406140115951	0.767123451923	0.624112096441	0.659667907554	0.627916686338	0.671191331366	0.678707725218	0.707419674103	0.678298991322	0.669862259426	0.637002618803	0.654255485413	0.65619514247	0.515975081492	0.0	0.670676632796	0.717450477817	0.712009928111	0.723059421533	0.682442238091	0.696359037649	0.695858887898	0.682203482572	0.696876407861	0.697520635805	0.67874175894	0.689811358659	0.704965650411	0.694025901455	0.721584637065	0.692686903994	0.699319940187	0.718809131773	0.708882245254	0.719508398889	0.693794480164	0.682568311975	0.671404692984	0.68089867888	0.734836732159	0.715311691984	0.737393259222	0.718495128462	0.685128379719	0.703372990594
AA5	0.639038821208	0.672284917057	0.727455738618	0.680937062455	0.675027597397	0.664541242407	0.714600154592	0.676239742473	0.644435816538	0.687959244682	0.623968683854	0.677497874865	0.690837727963	0.69060623948	0.663197330058	0.670942499413	0.656469883861	0.666024226699	0.778964911506	0.694642068515	0.70182708756	0.710417334897	0.658931505094	0.685396367192	0.727983212576	0.681805553744	0.672773232344	0.701130660327	0.682131799017	0.6834312753	0.716193216643	0.670676632796	0.0	0.595332693866	0.684563847716	0.668326630175	0.628293099847	0.652593922917	0.676179364097	0.689087230066	0.692627824885	0.651047533012	0.635567642038	0.652858353258	0.709702001057	0.644577138423	0.677697928012	0.701287765686	0.689718706216	0.69865676654	0.689251465019	0.694190587696	0.659940316204	0.687555804041	0.644780761243	0.694869746705	0.671497336145	0.705346443971	0.676974365115	0.693671863442	0.63948221481	0.709292921369
AA6	0.67873940467	0.668970264875	0.796474904139	0.706170984953	0.710047780033	0.679132325397	0.680444456163	0.67921914828	0.722327807739	0.681001389656	0.683256191307	0.66619090933	0.710675786124	0.722480315351	0.732374988894	0.679888758607	0.726462954521	0.723839901564	0.801756848881	0.693924617663	0.711302575658	0.676568706558	0.72169761172	0.715937075285	0.775274675808	0.723277956919	0.70048867351	0.683607575463	0.725695657273	0.676789865115	0.779347001156	0.717450477817	0.595332693866	0.0	0.702456226794	0.677097355746	0.649142855458	0.630930894473	0.65617437065	0.680820145535	0.679904894199	0.683572830979	0.647447474429	0.670612777827	0.460947048403	0.409845270182	0.686046986211	0.68789778166	0.681834944585	0.686303257911	0.696390197739	0.671146186235	0.678544243553	0.694513260311	0.701968018241	0.693528200989	0.658727599247	0.666140804166	0.675239206244	0.685801229462	0.648232908437	0.672292597939
AB5	0.680332904494	0.676467236017	0.724243864218	0.680415285867	0.69093815066	0.670064541754	0.680881519716	0.674131076326	0.707719751502	0.684586811821	0.674685772994	0.681810468722	0.695114211084	0.691266241512	0.698854767056	0.659263092958	0.705434914579	0.711246960668	0.781778183648	0.698504238496	0.723003763887	0.710555666901	0.731209706435	0.721732752098	0.738637393348	0.733032791444	0.701255413256	0.704673971439	0.706360612984	0.703089740134	0.772759967073	0.712009928111	0.684563847716	0.702456226794	0.0	0.43833016438	0.658635744723	0.679599869413	0.6482112867	0.627539610159	0.657264505692	0.690646100162	0.669105092496	0.653612411235	0.707652161681	0.683627131921	0.692185628484	0.69256106665	0.675724116594	0.709212104196	0.694528164018	0.681038745982	0.680272035417	0.691362993284	0.699816581871	0.675305996463	0.705751559627	0.691241033744	0.704652280725	0.730255359296	0.655731540681	0.692714582357
AB6	0.684397632792	0.679478367205	0.758272000222	0.684264912263	0.691847321156	0.682008083714	0.69016560383	0.681064200696	0.722439652173	0.669690079853	0.685529056785	0.670971399041	0.697924429155	0.700757550464	0.715563702223	0.660361107122	0.724228801973	0.727467428027	0.800314709496	0.695282132502	0.750869032677	0.720924044694	0.727980579777	0.721681215186	0.763768552523	0.729969257149	0.709101278294	0.714780792558	0.715614385522	0.702300381095	0.789873005355	0.723059421533	0.668326630175	0.677097355746	0.43833016438	0.0	0.660638299278	0.675769661954	0.648144291044	0.634408854158	0.660460042348	0.674708163741	0.660661389177	0.562339860558	0.69749043218	0.664373244698	0.68177660069	0.695052067181	0.678150868698	0.683123933607	0.680810326988	0.666814769558	0.668590667426	0.682354504058	0.687181341426	0.673180157257	0.682888075437	0.693652584466	0.679128031996	0.695138945886	0.655915412346	0.703598420695
AC5	0.63753432101	0.657462749214	0.740572990874	0.666891758424	0.696192708474	0.66680896866	0.690912644979	0.667066933589	0.665836830116	0.675833454614	0.661654971508	0.685088128385	0.690746524698	0.675533124322	0.677362289174	0.655468999244	0.677084013062	0.672805137594	0.767325308431	0.680228219316	0.701262611276	0.698530212277	0.685016037593	0.694154211566	0.731157347609	0.705525800877	0.682290955769	0.694891912106	0.679926543278	0.652492627476	0.737773541137	0.682442238091	0.628293099847	0.649142855458	0.658635744723	0.660638299278	0.0	0.509326305338	0.640605136778	0.653171031125	0.672321212924	0.65919597634	0.601820471172	0.628891213291	0.670992279628	0.643711215141	0.660023043409	0.690209195116	0.630401285024	0.683030443177	0.670749382934	0.662308998907	0.651539465818	0.652586502255	0.640848296413	0.651627920654	0.657134647968	0.660108121155	0.666147918233	0.688109569165	0.628840687608	0.66493558711
AC6	0.67605656728	0.648135539077	0.74177023735	0.670360582287	0.675082927001	0.672058421193	0.672213971348	0.662812909132	0.706879791378	0.661382277254	0.678382281968	0.652259317615	0.687646467503	0.694174291411	0.687183632189	0.64972083525	0.703280181883	0.691617098423	0.780820870754	0.671175688016	0.719245207272	0.689147647975	0.698206386301	0.686223469249	0.753523837894	0.705211222019	0.680614119393	0.684535615495	0.70098756497	0.663888386495	0.758785277058	0.696359037649	0.652593922917	0.630930894473	0.679599869413	0.675769661954	0.509326305338	0.0	0.639202894583	0.661054290322	0.658537472274	0.550046830531	0.498988795343	0.605786502006	0.663917724155	0.630145774332	0.655151211902	0.679130717828	0.630997397119	0.66007402585	0.66671025094	0.648226859753	0.675327731679	0.669283200104	0.667458211166	0.664019649638	0.625115464958	0.658017811142	0.651300702471	0.655654252316	0.654798501346	0.657381321493
AD6	0.663157008269	0.644319070084	0.765230656499	0.675739292447	0.664762242981	0.653629168209	0.625578971177	0.615817139143	0.67924334768	0.591390363937	0.664126283867	0.657681314722	0.680320416459	0.700449848145	0.672806311944	0.623014138253	0.704060815142	0.696763953388	0.78829418289	0.677386933675	0.719388187003	0.672378999851	0.705164169475	0.692680771074	0.75313153413	0.700411843843	0.685927725706	0.67985403593	0.689058442828	0.67045281917	0.763555274212	0.695858887898	0.676179364097	0.65617437065	0.6482112867	0.648144291044	0.640605136778	0.639202894583	0.0	0.497963999355	0.390402140136	0.629189102722	0.635034518827	0.632311011578	0.663281043939	0.662045791268	0.671926888637	0.643091789562	0.64065356216	0.650994178464	0.679494504512	0.683935199713	0.655067582897	0.642503916041	0.665176412318	0.662574823952	0.64894366186	0.65979890374	0.647197643501	0.635260878153	0.621677757577	0.620214402814
AE5	0.673112748247	0.662279172573	0.751577677252	0.676304628202	0.665578480216	0.653616999268	0.641697107102	0.631782065001	0.688685856314	0.614175313366	0.668504613999	0.661258769423	0.699335576737	0.694400504136	0.69906426331	0.661719882995	0.722168754806	0.692751283566	0.792172367071	0.674270228039	0.722801273387	0.69596675404	0.715985468504	0.710901954855	0.744039447118	0.712028607289	0.704427361207	0.692983745185	0.700395153143	0.666623428673	0.743418683293	0.682203482572	0.689087230066	0.680820145535	0.627539610159	0.634408854158	0.653171031125	0.661054290322	0.497963999355	0.0	0.400731297631	0.66962588188	0.651944960446	0.647291290959	0.679094151539	0.658293095292	0.676669132641	0.658261783332	0.642324149258	0.65096197379	0.679471470555	0.682308012782	0.655478962964	0.629113134061	0.660958507629	0.657847799153	0.65977287559	0.681193083175	0.656337292187	0.653680976399	0.628691629946	0.659184996307
AE6	0.687351260743	0.649343076964	0.777263751651	0.70672583442	0.679432276184	0.667325598258	0.628899051584	0.619182475258	0.707818086156	0.609072184934	0.693371111828	0.669649178429	0.705659144642	0.71414489074	0.691920476763	0.636399166608	0.735835350406	0.702073929488	0.801136797997	0.680040578407	0.735597837106	0.687806723989	0.71646398434	0.70555572486	0.761522546375	0.701777362907	0.698141423188	0.684763866182	0.7042648072	0.67597470842	0.756014455881	0.696876407861	0.692627824885	0.679904894199	0.657264505692	0.660460042348	0.672321212924	0.658537472274	0.390402140136	0.400731297631	0.0	0.654812926804	0.655935544752	0.658243494972	0.675147635748	0.662583987476	0.692295936527	0.646054735465	0.641338035447	0.638888894124	0.673299387991	0.68608085447	0.656102660231	0.630720695673	0.680866990303	0.648365640838	0.659949869194	0.674628341732	0.649347317195	0.641479607186	0.632865962942	0.635806500164
AF5	0.672773310692	0.672346733368	0.709893377353	0.652771395917	0.653520269687	0.670583643141	0.684523757985	0.666606027523	0.679449078173	0.673176224833	0.677347459184	0.661067151573	0.665687888199	0.653548958999	0.674153668429	0.656774240544	0.697507538836	0.695885030014	0.728229489293	0.665683552584	0.721397873656	0.699224597392	0.691874356479	0.687166167706	0.740450052338	0.682761845149	0.688120218074	0.69684682975	0.691165791727	0.670309889458	0.744434665809	0.697520635805	0.651047533012	0.683572830979	0.690646100162	0.674708163741	0.65919597634	0.550046830531	0.629189102722	0.66962588188	0.654812926804	0.0	0.440026171471	0.636074018198	0.693092464359	0.69200660193	0.70198565589	0.698520991068	0.661118462398	0.668679776525	0.68212510625	0.696788157918	0.669390046385	0.694105311159	0.681726392244	0.686917537348	0.651185006159	0.704039598593	0.664081138222	0.654278175341	0.655527451033	0.689646884464
AF6	0.650579643933	0.640798611268	0.701977325949	0.63361925615	0.648328414058	0.668085876741	0.658013285954	0.659166654742	0.703582392339	0.640433160015	0.67240634577	0.647590750507	0.660685842338	0.651130452169	0.673537715086	0.624281116221	0.683967052923	0.685958446124	0.741259468827	0.652497070286	0.695223620555	0.673554807675	0.697530543274	0.678973564951	0.731850470014	0.692187121189	0.683205675095	0.666448478619	0.682958193031	0.650508669975	0.738747412594	0.67874175894	0.635567642038	0.647447474429	0.669105092496	0.660661389177	0.601820471172	0.498988795343	0.635034518827	0.651944960446	0.655935544752	0.440026171471	0.0	0.607555720796	0.677319027878	0.651206143169	0.667023938083	0.671161576919	0.635544350209	0.650034127721	0.672096668312	0.666675409007	0.654094214236	0.663230813069	0.668736770518	0.659895593856	0.632314676275	0.671361189086	0.645096166546	0.642702824455	0.645233705424	0.664166823467
