	AA3	AA4	AB3	AB4	AC3	AC4	AD3	AD4	AE3	AE4	AF3	AF4	AG3	AG4	AH3	AH4	AA7	AA8	AB7	AB8	AC7	AC8	AD7	AD8	AE7	AE8	AF7	AF8	AG7	AG8	AH7	AH8	AA5	AA6	AB5	AB6	AC5	AC6	AD6	AE5	AE6	AF5	AF6	AG5	AH5	AH6	AA1	AA2	AB1	AB2	AC1	AC2	AD1	AD2	AE1	AE2	AF1	AF2	AG1	AG2	AH1	AH2
AA3	0.0	0.496577562919	0.656160038791	0.639182703939	0.667009980378	0.655884960558	0.69282953821	0.682784907227	0.641900316829	0.695625441646	0.64184602958	0.676594897714	0.645551062551	0.614167579185	0.674498968992	0.486779628062	0.677948685816	0.673962155481	0.75463034001	0.685540730667	0.688965652468	0.680694666644	0.670341941057	0.699832291568	0.722185291053	0.704920546035	0.666333103763	0.685779566351	0.689063423433	0.688546856289	0.731149472092	0.687824744287	0.667403754566	0.683119121977	0.669823239575	0.676610011821	0.649914954974	0.658111411195	0.663684933977	0.676122358091	0.680018498432	0.662781707634	0.651146874885	0.66611274393	0.704591023431	0.695457429545	0.645777459961	0.681993047695	0.643555542475	0.681137875004	0.658901474135	0.687445283958	0.630263047092	0.654688005613	0.675179812304	0.660568934111	0.649974881134	0.678026919738	0.657730510454	0.674334618405	0.640929541801	0.674048670991
AA4	0.496577562919	0.0	0.676468152625	0.641242771426	0.657984893409	0.648076682256	0.676682941211	0.651821792645	0.660346064088	0.656899437964	0.663354123693	0.635124417754	0.673388087676	0.646791201162	0.503475376457	0.374999003892	0.699772331974	0.685281085301	0.77359857339	0.682953457199	0.716884756852	0.676273750679	0.690335070448	0.70051766044	0.727974992062	0.665739027482	0.650045365271	0.64458267274	0.69984191797	0.679364833671	0.738839700495	0.686150169909	0.674351637293	0.664787772359	0.647193692751	0.657238860516	0.66990932821	0.633455937222	0.645119128384	0.662259550376	0.643796756458	0.664271991557	0.650265007787	0.651216393361	0.695790661891	0.685847120361	0.667426885128	0.658756804175	0.650197515003	0.654335727563	0.653555437301	0.681059719727	0.652002581564	0.643674569141	0.675234795865	0.654711351223	0.634731921543	0.65383240956	0.66726662584	0.651957129172	0.643737069591	0.643285802985
AB3	0.656160038791	0.676468152625	0.0	0.649841574712	0.669105780658	0.738890243587	0.721308059387	0.74922674403	0.697447885656	0.736323417443	0.697133138082	0.718371692665	0.691646908825	0.526763887423	0.678593383947	0.670384193475	0.705079090398	0.720712509928	0.696280195308	0.666246182867	0.698015831839	0.713480648465	0.71115396006	0.734678036357	0.695845650125	0.723184598677	0.699066306894	0.709928820241	0.668068091836	0.696300513242	0.725774018288	0.710960831285	0.735229131153	0.754110245334	0.7063809081	0.718821506576	0.707560097052	0.695178875794	0.738330039618	0.740929251672	0.752731475001	0.675209163857	0.693835538857	0.722317564513	0.781096818742	0.772830884473	0.741223582948	0.759356203823	0.710042247892	0.751701593877	0.72565138186	0.754889659209	0.728323480634	0.746347595416	0.713656305848	0.74400530247	0.735879155679	0.755069785433	0.745228412988	0.741839044891	0.723022590555	0.741021299165
AB4	0.639182703939	0.641242771426	0.649841574712	0.0	0.682999591889	0.695766366695	0.703808437537	0.706609981109	0.665042850374	0.704520323736	0.67757616254	0.684126198447	0.416453122302	0.473312731092	0.687369479792	0.650301900229	0.705508003913	0.692446624603	0.753652986526	0.687544074588	0.691526875132	0.692333177629	0.679245275763	0.694774887457	0.717616363605	0.688821220705	0.67366824621	0.673909219198	0.669513691431	0.684232550034	0.735398350476	0.695675741519	0.701127172677	0.703940074789	0.683582443083	0.66647632252	0.682233968105	0.650882650705	0.676735498076	0.681051411057	0.694527059444	0.645990893741	0.649989086906	0.68651532075	0.7275916751	0.725131703743	0.681255831795	0.69483775781	0.632278435105	0.688044223659	0.690804791417	0.708653125464	0.671604748504	0.693601157775	0.687992513668	0.68172462824	0.68665869268	0.713039975416	0.713221468448	0.683892090664	0.669791566381	0.690315300409
AC3	0.667009980378	0.657984893409	0.669105780658	0.682999591889	0.0	0.512333900454	0.662343620624	0.672478992864	0.647139270015	0.662192263182	0.679783605073	0.449200798341	0.688295241198	0.667031423594	0.65327898867	0.665818748885	0.672149938935	0.661278551303	0.744187213822	0.666945123541	0.701516593933	0.687778062893	0.713811491976	0.716850929534	0.708826200075	0.708284827783	0.699302900483	0.703839555018	0.692812661172	0.666844846081	0.737620244448	0.689340134677	0.68427744411	0.688246339917	0.693374031686	0.672144395984	0.678976844495	0.643403642906	0.676469548955	0.648682047452	0.648275988951	0.633348423382	0.645813569478	0.670305035005	0.731499594132	0.702770518301	0.718163551109	0.709002125498	0.689486503325	0.673278084405	0.684069498749	0.689562478923	0.674193675269	0.672791572566	0.664458235429	0.674184028547	0.686700340173	0.704655681699	0.685492777502	0.657627757119	0.673318853037	0.680266613916
AC4	0.655884960558	0.648076682256	0.738890243587	0.695766366695	0.512333900454	0.0	0.656833798235	0.654040817981	0.659452294778	0.658214163994	0.512337721435	0.383545805036	0.684107404358	0.689985810944	0.686949329381	0.655858783329	0.686445366114	0.674036879454	0.766448636499	0.675145885905	0.715269716316	0.679159559803	0.706588344857	0.706999016571	0.743870733234	0.689617886646	0.690165723412	0.69273769124	0.706061457317	0.659919224958	0.743208532265	0.684333957399	0.682731917254	0.65894154129	0.659033228972	0.653811427337	0.655545003889	0.652208707115	0.644895405744	0.611490050218	0.615316589355	0.679855350652	0.656700933796	0.656509350502	0.691929872554	0.663248000929	0.700256437531	0.691533118872	0.689454476069	0.679915908592	0.68082003844	0.669763430951	0.655048544283	0.678163207076	0.685551458848	0.669355397023	0.662940972745	0.674101966403	0.663676779046	0.658837021144	0.659184402135	0.677289150592
AD3	0.69282953821	0.676682941211	0.721308059387	0.703808437537	0.662343620624	0.656833798235	0.0	0.433626739281	0.67873061266	0.373909731927	0.705953736033	0.652799349853	0.710639128435	0.696626590999	0.703393318654	0.682123678999	0.717994186056	0.703235595164	0.766493069697	0.664830454793	0.723344670867	0.692810058971	0.716466208073	0.70204652125	0.725825584622	0.688774693868	0.702189774132	0.702486086789	0.70827982037	0.670080678397	0.724216814525	0.696187710616	0.724689173885	0.671342314275	0.680086097982	0.671677596898	0.68395335185	0.674553780321	0.621298743761	0.645306194158	0.639648267952	0.670713346021	0.657698655606	0.695958059733	0.704465290965	0.695596063605	0.682962162186	0.690495183871	0.680469291634	0.679894140528	0.694820189768	0.687766510206	0.677605708979	0.666571911415	0.683827254897	0.680509346843	0.689429155016	0.687427146826	0.699542662208	0.662774160974	0.698923469238	0.68579025541
AD4	0.682784907227	0.651821792645	0.74922674403	0.706609981109	0.672478992864	0.654040817981	0.433626739281	0.0	0.583386723737	0.391054736612	0.687453198246	0.642369549808	0.710740174161	0.708347744768	0.690758258199	0.674623683562	0.701429633673	0.68292318054	0.789985567406	0.661276062976	0.717015294062	0.680775404253	0.711207136062	0.678391910023	0.732813402822	0.671766732641	0.672294973792	0.676207169378	0.66695286771	0.643442899124	0.719771867857	0.692088668781	0.697860165031	0.644284687547	0.677930964805	0.67491488315	0.666469786526	0.659889383029	0.617998875628	0.645965374853	0.637488629218	0.688050803929	0.670467694986	0.68072034834	0.691533239077	0.683786374206	0.681632865013	0.677707119939	0.688759458346	0.681077771324	0.689551306041	0.676960641377	0.686404626695	0.656552626334	0.670622685862	0.67462358104	0.664125560538	0.669333319648	0.701112642252	0.663759254787	0.702333802859	0.650755076114
AE3	0.641900316829	0.660346064088	0.697447885656	0.665042850374	0.647139270015	0.659452294778	0.67873061266	0.583386723737	0.0	0.637444907003	0.653902584546	0.662169614975	0.663187739082	0.672282893034	0.650548146939	0.67772196562	0.660267959521	0.650409514287	0.772605498364	0.682729743389	0.717525895364	0.710580128503	0.660842674547	0.670170967976	0.737495625101	0.677920127888	0.651671601789	0.683236941308	0.6556611842	0.654987155881	0.735281016325	0.672248924802	0.60790716472	0.675661097385	0.670084225645	0.702168434927	0.647817517678	0.65629444844	0.658774752845	0.669891013006	0.673799079595	0.640453424734	0.667185475334	0.679379922092	0.731442149423	0.72055465674	0.681033665432	0.711888398955	0.68246477473	0.718986716343	0.689145314991	0.714467549284	0.674432111321	0.681807016116	0.660526123371	0.690794662818	0.670607361444	0.716302592948	0.69883871483	0.694940765854	0.638261905449	0.697809573806
AE4	0.695625441646	0.656899437964	0.736323417443	0.704520323736	0.662192263182	0.658214163994	0.373909731927	0.391054736612	0.637444907003	0.0	0.700865851307	0.64570651089	0.721478531052	0.711910716583	0.691219929239	0.671662746045	0.727661316857	0.711873351191	0.78536006378	0.654427351034	0.725620026626	0.691515970432	0.712732785955	0.709168268445	0.740090044729	0.68039516199	0.701771827068	0.683061787972	0.696170028076	0.653302982272	0.724808563572	0.700086740505	0.703353721282	0.657770861201	0.680816688856	0.674593476813	0.688137306606	0.664625185013	0.607544967988	0.630594045935	0.616103938777	0.686123703408	0.654016335774	0.687993303083	0.709433713555	0.688084342451	0.683996112871	0.674750987005	0.692100974696	0.66572397602	0.702641441815	0.682164871104	0.67990678678	0.674788946661	0.695579782457	0.685431303786	0.657482707764	0.682690501462	0.684490135668	0.651651270671	0.700908844455	0.654613477502
AF3	0.64184602958	0.663354123693	0.697133138082	0.67757616254	0.679783605073	0.512337721435	0.705953736033	0.687453198246	0.653902584546	0.700865851307	0.0	0.558041348954	0.669927148853	0.684246517636	0.660654797381	0.670472940067	0.669674787994	0.685295053017	0.760353480441	0.689974053968	0.690349729797	0.710118229692	0.684159744034	0.707932433466	0.76215826653	0.714804068989	0.690722378443	0.709651705234	0.70935797081	0.680795585577	0.717794838469	0.685745730428	0.651756037918	0.675498620688	0.672055150352	0.676743528013	0.652895188729	0.669853652128	0.674234974943	0.670521296652	0.683821797484	0.694311828237	0.673244804216	0.671623859234	0.698464638952	0.694424123545	0.71594987687	0.714102014978	0.690798899073	0.715221008772	0.701055412347	0.708164254627	0.69019634389	0.709005067391	0.698652287632	0.713023202072	0.680691423036	0.704744644598	0.679430882457	0.699063824422	0.652345768603	0.705433489741
AF4	0.676594897714	0.635124417754	0.718371692665	0.684126198447	0.449200798341	0.383545805036	0.652799349853	0.642369549808	0.662169614975	0.64570651089	0.558041348954	0.0	0.680597253045	0.686696271587	0.681225414801	0.659047886771	0.695345505718	0.669480531761	0.766833945474	0.672851808321	0.696629258003	0.673706327331	0.714876933351	0.717911559359	0.741185437488	0.683359917566	0.693435515394	0.680692251147	0.708544014583	0.663375619123	0.737478002379	0.682035831277	0.679311544403	0.649130892791	0.65768815695	0.65013988825	0.679629491195	0.627788995052	0.664158755845	0.644926240437	0.627237580182	0.662409243102	0.663299747197	0.6708832356	0.695710184573	0.667186942079	0.701487977278	0.692440197679	0.70061133349	0.67826221456	0.685948705801	0.677877074953	0.68617002684	0.661104646038	0.683341587314	0.671156553038	0.668695331186	0.672696951721	0.682917255802	0.655390864818	0.673324012055	0.664405666863
AG3	0.645551062551	0.673388087676	0.691646908825	0.416453122302	0.688295241198	0.684107404358	0.710639128435	0.710740174161	0.663187739082	0.721478531052	0.669927148853	0.680597253045	0.0	0.509799369678	0.682796563474	0.666158685973	0.680449813452	0.674462473065	0.768073656576	0.698541300419	0.696646639906	0.710292058731	0.669989770232	0.693027280476	0.730132250906	0.703922668914	0.6769383199	0.69951731222	0.686344944457	0.701480268236	0.733815206036	0.694166358759	0.694507340193	0.702898751574	0.695471257476	0.678221054658	0.691193724996	0.660308876177	0.689187705496	0.693315317819	0.694186208683	0.65884959556	0.670463948099	0.69448929854	0.726438520617	0.725863579428	0.687120508193	0.701715905207	0.652085759331	0.69607499127	0.708135466387	0.717114108291	0.686458765769	0.691273440712	0.685615425791	0.689843229359	0.69738177685	0.725355673364	0.709684063355	0.689068001708	0.680496511922	0.715349024127
AG4	0.614167579185	0.646791201162	0.526763887423	0.473312731092	0.667031423594	0.689985810944	0.696626590999	0.708347744768	0.672282893034	0.711910716583	0.684246517636	0.686696271587	0.509799369678	0.0	0.675077413602	0.631639906697	0.714259309334	0.71324281045	0.728960156435	0.670732955389	0.707474660764	0.698278660496	0.699067547808	0.707841749262	0.720258400177	0.708859581824	0.665780469554	0.684611296853	0.667739893869	0.681389887895	0.751740433478	0.706094881429	0.714669997933	0.723010306597	0.699968010703	0.7082871785	0.683785550483	0.676492572718	0.701529771944	0.703773099141	0.708361509048	0.651683754255	0.67139486807	0.692404200928	0.7412388336	0.734702899133	0.682480651074	0.709610278894	0.660833509769	0.710142587548	0.699539986673	0.720039527539	0.688135765438	0.696190574175	0.681245867539	0.69079689898	0.690846985473	0.725254934849	0.709756092445	0.693388548407	0.693288326543	0.697744848882
AH3	0.674498968992	0.503475376457	0.678593383947	0.687369479792	0.65327898867	0.686949329381	0.703393318654	0.690758258199	0.650548146939	0.691219929239	0.660654797381	0.681225414801	0.682796563474	0.675077413602	0.0	0.547385578445	0.679034813042	0.683570738698	0.776754710796	0.696051399333	0.7215254628	0.707818937343	0.668957113751	0.696682231454	0.727256868767	0.692784132836	0.678543682395	0.691363474456	0.694104669821	0.701676069191	0.751477288595	0.702205322332	0.675917667564	0.698324953619	0.691025490725	0.7002035132	0.680709093434	0.679891827561	0.671734051132	0.685543292104	0.670727370812	0.667501016667	0.668850065498	0.682882585241	0.725167629839	0.720572082412	0.699290042675	0.689400809716	0.696927985512	0.690176065091	0.682771925389	0.719597346827	0.698527113388	0.69061859965	0.67830448914	0.705254067737	0.690811703114	0.711413254304	0.701826187283	0.679094355978	0.685347834517	0.692925403653
AH4	0.486779628062	0.374999003892	0.670384193475	0.650301900229	0.665818748885	0.655858783329	0.682123678999	0.674623683562	0.67772196562	0.671662746045	0.670472940067	0.659047886771	0.666158685973	0.631639906697	0.547385578445	0.0	0.695657910568	0.690730240118	0.769243555944	0.686870473144	0.708012828222	0.676264608193	0.673732935568	0.694884502939	0.730837420846	0.682815227863	0.673175348502	0.666406321412	0.701087864545	0.691804326232	0.742989164084	0.689935256609	0.696183174934	0.672809733808	0.66604566071	0.666289554784	0.66416646196	0.656272177163	0.643498340446	0.661767108864	0.646994152333	0.664958193782	0.650924923295	0.658414080616	0.695063328194	0.687070681184	0.669107492407	0.667817604904	0.650887562535	0.646718987139	0.660670730899	0.685596170604	0.655760192729	0.642693178425	0.667032480165	0.659207428909	0.645732873619	0.673626705463	0.663569261085	0.641655891501	0.652534381139	0.663174836429
AA7	0.677948685816	0.699772331974	0.705079090398	0.705508003913	0.672149938935	0.686445366114	0.717994186056	0.701429633673	0.660267959521	0.727661316857	0.669674787994	0.695345505718	0.680449813452	0.714259309334	0.679034813042	0.695657910568	0.0	0.489372228806	0.766566978264	0.68733449403	0.656873415672	0.687116845746	0.669822533073	0.690226341788	0.698193945882	0.705687419737	0.671384663769	0.679412885241	0.68399269848	0.668758661604	0.700422251913	0.555714755596	0.675376608377	0.723942507204	0.706575975963	0.71620521249	0.669485465873	0.69435574239	0.687767901205	0.725053837387	0.718577500068	0.689849466902	0.692531446315	0.719704016242	0.742904874652	0.736423452776	0.73300616954	0.727543853569	0.708243170898	0.745859258158	0.708517117272	0.731351118506	0.689622600276	0.70238052378	0.685478542619	0.706317918517	0.73504587764	0.734371772952	0.737136360133	0.731612879419	0.689681654468	0.716581157716
AA8	0.673962155481	0.685281085301	0.720712509928	0.692446624603	0.661278551303	0.674036879454	0.703235595164	0.68292318054	0.650409514287	0.711873351191	0.685295053017	0.669480531761	0.674462473065	0.71324281045	0.683570738698	0.690730240118	0.489372228806	0.0	0.771855136196	0.668175222437	0.629186628282	0.647550074649	0.675130478208	0.660612193344	0.695314266836	0.687985025917	0.668964035573	0.667784042614	0.638331539888	0.651588584796	0.585391484935	0.430584827765	0.668325446361	0.706066578496	0.719669382424	0.723689333513	0.680201025882	0.685881769886	0.689089355731	0.700494229581	0.691164730955	0.668276803635	0.685574476646	0.715005175958	0.720851531713	0.709094183548	0.704219858492	0.705913237774	0.705908119333	0.717577454999	0.700922583642	0.727682748539	0.678514538803	0.679326014815	0.672380475187	0.679760202727	0.724824084969	0.723023902709	0.74034179818	0.706596752034	0.691312791389	0.702316262667
AB7	0.75463034001	0.77359857339	0.696280195308	0.753652986526	0.744187213822	0.766448636499	0.766493069697	0.789985567406	0.772605498364	0.78536006378	0.760353480441	0.766833945474	0.768073656576	0.728960156435	0.776754710796	0.769243555944	0.766566978264	0.771855136196	0.0	0.573246960162	0.751447051233	0.765649130088	0.774804269564	0.80080489025	0.746860690634	0.779866999404	0.784595042881	0.772206895235	0.750018495912	0.645622275892	0.763852347502	0.775124164816	0.780786510884	0.788174090711	0.780940887843	0.791579898298	0.772128002449	0.768385116914	0.784106159752	0.791420523721	0.785829014996	0.711773025842	0.734015310598	0.783578270549	0.812525860859	0.801412395173	0.817712017291	0.812216860855	0.779045937019	0.797618907582	0.806609313659	0.809690639543	0.790440832457	0.79814234507	0.78188125214	0.799145525812	0.787905569233	0.815380684147	0.810244554769	0.790010924346	0.788508963134	0.794064166408
AB8	0.685540730667	0.682953457199	0.666246182867	0.687544074588	0.666945123541	0.675145885905	0.664830454793	0.661276062976	0.682729743389	0.654427351034	0.689974053968	0.672851808321	0.698541300419	0.670732955389	0.696051399333	0.686870473144	0.68733449403	0.668175222437	0.573246960162	0.0	0.660773443372	0.629624586659	0.682362551615	0.677857330425	0.686397730387	0.679374044962	0.675498391375	0.649291641131	0.505939006818	0.420781809653	0.700218162824	0.660614368056	0.700347828645	0.673722539239	0.68497354209	0.685791210769	0.669779190613	0.653140572303	0.675159490275	0.676868840527	0.670637291418	0.671246118347	0.63945308189	0.672824385111	0.70698252348	0.689491879829	0.713514369846	0.705079535731	0.673796589238	0.697870414282	0.683510710665	0.704234160199	0.666915952831	0.676897335893	0.674957199877	0.680734714344	0.686808187566	0.713835508056	0.707158116026	0.680538165896	0.68555780122	0.681406461488
AC7	0.688965652468	0.716884756852	0.698015831839	0.691526875132	0.701516593933	0.715269716316	0.723344670867	0.717015294062	0.717525895364	0.725620026626	0.690349729797	0.696629258003	0.696646639906	0.707474660764	0.7215254628	0.708012828222	0.656873415672	0.629186628282	0.751447051233	0.660773443372	0.0	0.506397828409	0.680993161876	0.68330530277	0.694080098209	0.685850851602	0.692037213018	0.607305638494	0.642285417578	0.651485846549	0.666921495554	0.639100439548	0.724714824534	0.703275122906	0.723326353073	0.733175836996	0.711678471987	0.707642543501	0.709787204528	0.720109651494	0.72210054958	0.707982854122	0.702125297343	0.715315365504	0.71216147642	0.701605677335	0.748319676327	0.753514727677	0.710352713606	0.733188297936	0.757361179262	0.755597884158	0.701514174227	0.685261194967	0.693277504798	0.699965228055	0.741158764192	0.736740854103	0.750534273275	0.718829813295	0.70842717057	0.735582461313
AC8	0.680694666644	0.676273750679	0.713480648465	0.692333177629	0.687778062893	0.679159559803	0.692810058971	0.680775404253	0.710580128503	0.691515970432	0.710118229692	0.673706327331	0.710292058731	0.698278660496	0.707818937343	0.676264608193	0.687116845746	0.647550074649	0.765649130088	0.629624586659	0.506397828409	0.0	0.689305448174	0.653396420368	0.694318357402	0.654259648033	0.50444127297	0.415610940842	0.631059504252	0.620188360189	0.698280800187	0.62856712107	0.719761616561	0.672818748238	0.702807893357	0.697325444391	0.701176489919	0.680022094581	0.678607806867	0.703645980512	0.683045350659	0.690253083964	0.683157668551	0.693511852676	0.680441457901	0.677761786846	0.712410822932	0.696660905086	0.693389975731	0.695523041143	0.700397617365	0.704392153048	0.674458886551	0.652585986266	0.680901845435	0.673497326626	0.69377987642	0.675344120869	0.72014984687	0.686443136155	0.679355611402	0.675827121629
AD7	0.670341941057	0.690335070448	0.71115396006	0.679245275763	0.713811491976	0.706588344857	0.716466208073	0.711207136062	0.660842674547	0.712732785955	0.684159744034	0.714876933351	0.669989770232	0.699067547808	0.668957113751	0.673732935568	0.669822533073	0.675130478208	0.774804269564	0.682362551615	0.680993161876	0.689305448174	0.0	0.454153066698	0.706771445557	0.509931656121	0.676196828688	0.679687328083	0.660804748458	0.669855139596	0.701024190276	0.669171677341	0.65444973457	0.696030428844	0.723109397534	0.717524466063	0.688032132183	0.684738694303	0.686081753481	0.709221977035	0.694102471398	0.678483189409	0.671090473209	0.691160536283	0.715641852628	0.710873953521	0.705084579401	0.701189370808	0.685112330796	0.71543025255	0.702184461476	0.72557887299	0.678204087809	0.667229159871	0.668149392214	0.688671059827	0.699146344053	0.706893746016	0.714248677393	0.684304401957	0.662554846609	0.713844215796
AD8	0.699832291568	0.70051766044	0.734678036357	0.694774887457	0.716850929534	0.706999016571	0.70204652125	0.678391910023	0.670170967976	0.709168268445	0.707932433466	0.717911559359	0.693027280476	0.707841749262	0.696682231454	0.694884502939	0.690226341788	0.660612193344	0.80080489025	0.677857330425	0.68330530277	0.653396420368	0.454153066698	0.0	0.601423983378	0.407845036766	0.637412465927	0.662298352295	0.646974768491	0.662247628653	0.715485764111	0.649428197463	0.686436157102	0.690640124808	0.731376651056	0.717117924587	0.698609514811	0.692214539439	0.691019237658	0.71034369631	0.698100296058	0.695102743706	0.685113319585	0.689520881252	0.703018947008	0.698024084951	0.706521114309	0.702457665233	0.694250497902	0.714956802327	0.704196822471	0.72712652524	0.678477342856	0.659972045136	0.662709393625	0.684519814354	0.705286998929	0.715564052333	0.716602320639	0.691294827393	0.678456019443	0.713256284817
AE7	0.722185291053	0.727974992062	0.695845650125	0.717616363605	0.708826200075	0.743870733234	0.725825584622	0.732813402822	0.737495625101	0.740090044729	0.76215826653	0.741185437488	0.730132250906	0.720258400177	0.727256868767	0.730837420846	0.698193945882	0.695314266836	0.746860690634	0.686397730387	0.694080098209	0.694318357402	0.706771445557	0.601423983378	0.0	0.515333226894	0.713544109673	0.708641030608	0.687940226716	0.687435645912	0.732863096871	0.681003449462	0.751010384432	0.750709120628	0.743378703891	0.750006017917	0.730075392685	0.743523529315	0.753730548754	0.756621789899	0.753972514886	0.740498167541	0.720487983964	0.746506714671	0.762693110539	0.765922990026	0.760380053807	0.770136522475	0.73140030924	0.762490427634	0.764604548375	0.791425748377	0.73766138644	0.741933455505	0.731835150524	0.747086896433	0.769676392797	0.791253168812	0.785392916692	0.750653213279	0.757011212327	0.772511568446
AE8	0.704920546035	0.665739027482	0.723184598677	0.688821220705	0.708284827783	0.689617886646	0.688774693868	0.671766732641	0.677920127888	0.68039516199	0.714804068989	0.683359917566	0.703922668914	0.708859581824	0.692784132836	0.682815227863	0.705687419737	0.687985025917	0.779866999404	0.679374044962	0.685850851602	0.654259648033	0.509931656121	0.407845036766	0.515333226894	0.0	0.644522358626	0.652000880504	0.675048660114	0.641901680689	0.713982994536	0.660417408449	0.693114355046	0.677021547262	0.704314719931	0.714632379298	0.715370227067	0.677314625443	0.701232264966	0.719633685647	0.702328774439	0.68984656832	0.682972227879	0.694823241317	0.716034234789	0.707617590414	0.703206943756	0.701525311242	0.696094997383	0.705152963031	0.72038041051	0.734032230076	0.679592025601	0.667303749051	0.686319372243	0.683797082376	0.688901422506	0.703797576785	0.717817392754	0.688212883051	0.688480502741	0.711365213581
AF7	0.666333103763	0.650045365271	0.699066306894	0.67366824621	0.699302900483	0.690165723412	0.702189774132	0.672294973792	0.651671601789	0.701771827068	0.690722378443	0.693435515394	0.6769383199	0.665780469554	0.678543682395	0.673175348502	0.671384663769	0.668964035573	0.784595042881	0.675498391375	0.692037213018	0.50444127297	0.676196828688	0.637412465927	0.713544109673	0.644522358626	0.0	0.433410734144	0.64934750219	0.646631125293	0.724148583419	0.663867953048	0.678215665735	0.687101947438	0.684406483243	0.69538469809	0.686792380569	0.674480348288	0.676517821594	0.703678998036	0.695512488957	0.692339724633	0.684164988681	0.687241132353	0.72438255278	0.716676271216	0.699566766488	0.691583648654	0.691849725854	0.713722525712	0.682392394109	0.705671340359	0.678671587042	0.652477783734	0.655123991168	0.668097711509	0.663777784802	0.690930064671	0.711472559841	0.699386258414	0.671276788308	0.668964284035
AF8	0.685779566351	0.64458267274	0.709928820241	0.673909219198	0.703839555018	0.69273769124	0.702486086789	0.676207169378	0.683236941308	0.683061787972	0.709651705234	0.680692251147	0.69951731222	0.684611296853	0.691363474456	0.666406321412	0.679412885241	0.667784042614	0.772206895235	0.649291641131	0.607305638494	0.415610940842	0.679687328083	0.662298352295	0.708641030608	0.652000880504	0.433410734144	0.0	0.653751297951	0.624769530969	0.70092040868	0.645265949065	0.697157790834	0.680677057852	0.690219808164	0.700624461888	0.701060501694	0.670176413937	0.667418597201	0.713022795906	0.680225908216	0.688261014369	0.683638609763	0.696783363228	0.719478498604	0.704297902471	0.711427342507	0.7016979972	0.675419841387	0.707164822659	0.698358825668	0.707613216821	0.673207190027	0.654048475754	0.684832769872	0.664812505885	0.681535924861	0.67298694177	0.727054142421	0.694266644091	0.679430089134	0.675815681208
AG7	0.689063423433	0.69984191797	0.668068091836	0.669513691431	0.692812661172	0.706061457317	0.70827982037	0.66695286771	0.6556611842	0.696170028076	0.70935797081	0.708544014583	0.686344944457	0.667739893869	0.694104669821	0.701087864545	0.68399269848	0.638331539888	0.750018495912	0.505939006818	0.642285417578	0.631059504252	0.660804748458	0.646974768491	0.687940226716	0.675048660114	0.64934750219	0.653751297951	0.0	0.479736524866	0.674706195635	0.640965754899	0.685321033559	0.696471764671	0.713745425131	0.703649955886	0.675211091219	0.673002422612	0.684308320605	0.696634701686	0.681968274704	0.679642674456	0.676367637162	0.683580426664	0.709309859251	0.701509550304	0.719068052079	0.712603482913	0.688093104869	0.718369540328	0.691488453455	0.73343544123	0.651185785652	0.683193052121	0.678896790518	0.685552196292	0.694345516646	0.735095161039	0.713251879668	0.695285386049	0.675693473697	0.698443079862
AG8	0.688546856289	0.679364833671	0.696300513242	0.684232550034	0.666844846081	0.659919224958	0.670080678397	0.643442899124	0.654987155881	0.653302982272	0.680795585577	0.663375619123	0.701480268236	0.681389887895	0.701676069191	0.691804326232	0.668758661604	0.651588584796	0.645622275892	0.420781809653	0.651485846549	0.620188360189	0.669855139596	0.662247628653	0.687435645912	0.641901680689	0.646631125293	0.624769530969	0.479736524866	0.0	0.683607541896	0.63204399391	0.671908927731	0.67163592359	0.680872532739	0.681351846301	0.658509819049	0.637043397447	0.671656703965	0.68813271827	0.671108396546	0.668858182693	0.640207495001	0.671858644308	0.689694844622	0.694962415653	0.713517011388	0.696735225857	0.668545709085	0.698637906366	0.702349929208	0.711188486925	0.662793467148	0.663476839323	0.667564299584	0.671456901579	0.669037496551	0.703757514812	0.698407268716	0.671482604286	0.671898405259	0.669191847918
AH7	0.731149472092	0.738839700495	0.725774018288	0.735398350476	0.737620244448	0.743208532265	0.724216814525	0.719771867857	0.735281016325	0.724808563572	0.717794838469	0.737478002379	0.733815206036	0.751740433478	0.751477288595	0.742989164084	0.700422251913	0.585391484935	0.763852347502	0.700218162824	0.666921495554	0.698280800187	0.701024190276	0.715485764111	0.732863096871	0.713982994536	0.724148583419	0.70092040868	0.674706195635	0.683607541896	0.0	0.513683676814	0.72131595318	0.762659882355	0.769477871812	0.7647215924	0.750141554185	0.748347084205	0.739554700206	0.756537036395	0.751640687521	0.721902220941	0.74840131802	0.748737663869	0.769442966235	0.76347185801	0.760538444948	0.756889475731	0.757463747859	0.770381181831	0.786446915457	0.792034040527	0.738825271369	0.73796123342	0.729726388628	0.734373897864	0.772843500708	0.788783116044	0.784149554421	0.759287556054	0.749191084868	0.75657134378
AH8	0.687824744287	0.686150169909	0.710960831285	0.695675741519	0.689340134677	0.684333957399	0.696187710616	0.692088668781	0.672248924802	0.700086740505	0.685745730428	0.682035831277	0.694166358759	0.706094881429	0.702205322332	0.689935256609	0.555714755596	0.430584827765	0.775124164816	0.660614368056	0.639100439548	0.62856712107	0.669171677341	0.649428197463	0.681003449462	0.660417408449	0.663867953048	0.645265949065	0.640965754899	0.63204399391	0.513683676814	0.0	0.691709710115	0.708165058554	0.707112201969	0.703452370335	0.684912206078	0.673887045514	0.68268479243	0.697209574365	0.68531946174	0.670690571777	0.686295324478	0.70025637397	0.706109812428	0.703064609446	0.70536046649	0.703112714366	0.703621527889	0.721431134428	0.718700938099	0.732975238807	0.676478624288	0.674603681243	0.681648287751	0.685453764538	0.715531869045	0.727192669257	0.738694060419	0.704536695369	0.688207701836	0.699373239093
AA5	0.667403754566	0.674351637293	0.735229131153	0.701127172677	0.68427744411	0.682731917254	0.724689173885	0.697860165031	0.60790716472	0.703353721282	0.651756037918	0.679311544403	0.694507340193	0.714669997933	0.675917667564	0.696183174934	0.675376608377	0.668325446361	0.780786510884	0.700347828645	0.724714824534	0.719761616561	0.65444973457	0.686436157102	0.751010384432	0.693114355046	0.678215665735	0.697157790834	0.685321033559	0.671908927731	0.72131595318	0.691709710115	0.0	0.584670431347	0.699570104583	0.710878097203	0.65781328304	0.660771094998	0.68412032204	0.703808725842	0.694983115256	0.675994285229	0.665390127135	0.687602394013	0.732087411	0.684636317446	0.690030698702	0.714324304276	0.701091724556	0.722926360618	0.699899620159	0.726896757534	0.68542870379	0.690772365597	0.67599777061	0.705349603623	0.670546729254	0.709581926689	0.679530240622	0.702980566526	0.64621195999	0.700707662138
AA6	0.683119121977	0.664787772359	0.754110245334	0.703940074789	0.688246339917	0.65894154129	0.671342314275	0.644284687547	0.675661097385	0.657770861201	0.675498620688	0.649130892791	0.702898751574	0.723010306597	0.698324953619	0.672809733808	0.723942507204	0.706066578496	0.788174090711	0.673722539239	0.703275122906	0.672818748238	0.696030428844	0.690640124808	0.750709120628	0.677021547262	0.687101947438	0.680677057852	0.696471764671	0.67163592359	0.762659882355	0.708165058554	0.584670431347	0.0	0.680735341686	0.675749458662	0.653487068268	0.617457671237	0.657634668531	0.666680840327	0.655142096478	0.690524205271	0.654954298867	0.667377016794	0.512274449683	0.453011281287	0.685631098263	0.682184399859	0.674173896801	0.687715005867	0.678729897611	0.679807785089	0.67756563118	0.658153350714	0.690045390983	0.675310499539	0.656103399438	0.65273929144	0.675607224305	0.673691810967	0.641584441948	0.665014160197
AB5	0.669823239575	0.647193692751	0.7063809081	0.683582443083	0.693374031686	0.659033228972	0.680086097982	0.677930964805	0.670084225645	0.680816688856	0.672055150352	0.65768815695	0.695471257476	0.699968010703	0.691025490725	0.66604566071	0.706575975963	0.719669382424	0.780940887843	0.68497354209	0.723326353073	0.702807893357	0.723109397534	0.731376651056	0.743378703891	0.704314719931	0.684406483243	0.690219808164	0.713745425131	0.680872532739	0.769477871812	0.707112201969	0.699570104583	0.680735341686	0.0	0.442320910431	0.66351180072	0.649146304145	0.65226200989	0.632462124922	0.645602033418	0.678058199155	0.663315630253	0.672261810891	0.715114041985	0.696088597058	0.669383646371	0.704929489732	0.672429411002	0.706397088741	0.682794902626	0.686766077935	0.65548574801	0.687499258192	0.701690840837	0.691359773886	0.691234375972	0.6811498528	0.713681546875	0.695275743833	0.659805026729	0.689894655455
AB6	0.676610011821	0.657238860516	0.718821506576	0.66647632252	0.672144395984	0.653811427337	0.671677596898	0.67491488315	0.702168434927	0.674593476813	0.676743528013	0.65013988825	0.678221054658	0.7082871785	0.7002035132	0.666289554784	0.71620521249	0.723689333513	0.791579898298	0.685791210769	0.733175836996	0.697325444391	0.717524466063	0.717117924587	0.750006017917	0.714632379298	0.69538469809	0.700624461888	0.703649955886	0.681351846301	0.7647215924	0.703452370335	0.710878097203	0.675749458662	0.442320910431	0.0	0.662650606639	0.640091265423	0.647693856908	0.645124446023	0.640678175258	0.681131918856	0.646052141711	0.575833080786	0.710161002985	0.685051293138	0.673519021618	0.684337385166	0.657500139256	0.679516394237	0.679802907343	0.677724863083	0.665366369112	0.672982686996	0.685948349616	0.68019564021	0.688248269653	0.680999850551	0.685729264923	0.680865740421	0.661086086628	0.683439632041
AC5	0.649914954974	0.66990932821	0.707560097052	0.682233968105	0.678976844495	0.655545003889	0.68395335185	0.666469786526	0.647817517678	0.688137306606	0.652895188729	0.679629491195	0.691193724996	0.683785550483	0.680709093434	0.66416646196	0.669485465873	0.680201025882	0.772128002449	0.669779190613	0.711678471987	0.701176489919	0.688032132183	0.698609514811	0.730075392685	0.715370227067	0.686792380569	0.701060501694	0.675211091219	0.658509819049	0.750141554185	0.684912206078	0.65781328304	0.653487068268	0.66351180072	0.662650606639	0.0	0.514671317951	0.64152009857	0.656739118766	0.653457183046	0.675449536629	0.595131510404	0.653658981811	0.671140574835	0.668308278827	0.654670872847	0.68999366227	0.628092933691	0.684423425513	0.655698959126	0.67588537544	0.636319203059	0.646148006691	0.645056300057	0.665311117951	0.64758741239	0.66741470334	0.650082319132	0.665739471378	0.635865394695	0.677274032924
AC6	0.658111411195	0.633455937222	0.695178875794	0.650882650705	0.643403642906	0.652208707115	0.674553780321	0.659889383029	0.65629444844	0.664625185013	0.669853652128	0.627788995052	0.660308876177	0.676492572718	0.679891827561	0.656272177163	0.69435574239	0.685881769886	0.768385116914	0.653140572303	0.707642543501	0.680022094581	0.684738694303	0.692214539439	0.743523529315	0.677314625443	0.674480348288	0.670176413937	0.673002422612	0.637043397447	0.748347084205	0.673887045514	0.660771094998	0.617457671237	0.649146304145	0.640091265423	0.514671317951	0.0	0.643899562521	0.657284215655	0.63883561404	0.532233670545	0.494827687954	0.643094929645	0.665031835052	0.648292381281	0.661666653561	0.66673393553	0.622599123814	0.650261282566	0.652022987911	0.658884871865	0.663280089432	0.655414811625	0.665195521029	0.650929445458	0.611687253164	0.635722769178	0.650031849626	0.629861253136	0.643044574793	0.641126939839
AD6	0.663684933977	0.645119128384	0.738330039618	0.676735498076	0.676469548955	0.644895405744	0.621298743761	0.617998875628	0.658774752845	0.607544967988	0.674234974943	0.664158755845	0.689187705496	0.701529771944	0.671734051132	0.643498340446	0.687767901205	0.689089355731	0.784106159752	0.675159490275	0.709787204528	0.678607806867	0.686081753481	0.691019237658	0.753730548754	0.701232264966	0.676517821594	0.667418597201	0.684308320605	0.671656703965	0.739554700206	0.68268479243	0.68412032204	0.657634668531	0.65226200989	0.647693856908	0.64152009857	0.643899562521	0.0	0.503345506119	0.441421712742	0.649509119203	0.62799116772	0.664150527013	0.671630665651	0.662156960082	0.657133945442	0.647203562186	0.633880656045	0.645995788833	0.666786179582	0.654287927872	0.631579630223	0.630637595245	0.650330851673	0.629009704672	0.638514239618	0.676935528197	0.66607923108	0.617879566653	0.618631043084	0.645333506886
AE5	0.676122358091	0.662259550376	0.740929251672	0.681051411057	0.648682047452	0.611490050218	0.645306194158	0.645965374853	0.669891013006	0.630594045935	0.670521296652	0.644926240437	0.693315317819	0.703773099141	0.685543292104	0.661767108864	0.725053837387	0.700494229581	0.791420523721	0.676868840527	0.720109651494	0.703645980512	0.709221977035	0.71034369631	0.756621789899	0.719633685647	0.703678998036	0.713022795906	0.696634701686	0.68813271827	0.756537036395	0.697209574365	0.703808725842	0.666680840327	0.632462124922	0.645124446023	0.656739118766	0.657284215655	0.503345506119	0.0	0.387514089614	0.688337869392	0.637993650934	0.664443285756	0.680934870123	0.67287424832	0.683471587932	0.683867862015	0.655844803758	0.660800987105	0.676857927922	0.678833714698	0.645769815692	0.65536684556	0.6623442073	0.64937859234	0.649326225274	0.687480796706	0.670030244858	0.634370166353	0.626530757122	0.684650786634
AE6	0.680018498432	0.643796756458	0.752731475001	0.694527059444	0.648275988951	0.615316589355	0.639648267952	0.637488629218	0.673799079595	0.616103938777	0.683821797484	0.627237580182	0.694186208683	0.708361509048	0.670727370812	0.646994152333	0.718577500068	0.691164730955	0.785829014996	0.670637291418	0.72210054958	0.683045350659	0.694102471398	0.698100296058	0.753972514886	0.702328774439	0.695512488957	0.680225908216	0.681968274704	0.671108396546	0.751640687521	0.68531946174	0.694983115256	0.655142096478	0.645602033418	0.640678175258	0.653457183046	0.63883561404	0.441421712742	0.387514089614	0.0	0.672884455245	0.626124808347	0.662334116386	0.677877410528	0.664934545594	0.679237710148	0.659098042506	0.658367090425	0.642498085362	0.673303223664	0.673702566637	0.642069276019	0.639844025302	0.659166675526	0.624000244203	0.640167614693	0.670496974922	0.667669028194	0.610778890996	0.615475881633	0.656992756234
AF5	0.662781707634	0.664271991557	0.675209163857	0.645990893741	0.633348423382	0.679855350652	0.670713346021	0.688050803929	0.640453424734	0.686123703408	0.694311828237	0.662409243102	0.65884959556	0.651683754255	0.667501016667	0.664958193782	0.689849466902	0.668276803635	0.711773025842	0.671246118347	0.707982854122	0.690253083964	0.678483189409	0.695102743706	0.740498167541	0.68984656832	0.692339724633	0.688261014369	0.679642674456	0.668858182693	0.721902220941	0.670690571777	0.675994285229	0.690524205271	0.678058199155	0.681131918856	0.675449536629	0.532233670545	0.649509119203	0.688337869392	0.672884455245	0.0	0.463259983126	0.67812797255	0.712762187711	0.703996658808	0.679681365016	0.703119715732	0.647361739985	0.66970458716	0.700285397918	0.708719684801	0.67600372147	0.692858341099	0.684504391253	0.703007162179	0.675758396405	0.703150941681	0.694822124459	0.648831803458	0.664736806462	0.698177908044
AF6	0.651146874885	0.650265007787	0.693835538857	0.649989086906	0.645813569478	0.656700933796	0.657698655606	0.670467694986	0.667185475334	0.654016335774	0.673244804216	0.663299747197	0.670463948099	0.67139486807	0.668850065498	0.650924923295	0.692531446315	0.685574476646	0.734015310598	0.63945308189	0.702125297343	0.683157668551	0.671090473209	0.685113319585	0.720487983964	0.682972227879	0.684164988681	0.683638609763	0.676367637162	0.640207495001	0.74840131802	0.686295324478	0.665390127135	0.654954298867	0.663315630253	0.646052141711	0.595131510404	0.494827687954	0.62799116772	0.637993650934	0.626124808347	0.463259983126	0.0	0.635130278009	0.686745761544	0.674391405337	0.65201397069	0.663091375406	0.624121653538	0.651366442637	0.660775155484	0.67316123802	0.655382102539	0.661694710317	0.668310435912	0.670274339392	0.637413576871	0.669779854462	0.653244318209	0.621365179546	0.628213016654	0.669890139716
