	AA3	AA4	AB3	AB4	AC3	AC4	AD3	AD4	AE3	AE4	AF3	AF4	AG3	AG4	AH3	AH4	AA7	AA8	AB7	AB8	AC7	AC8	AD7	AD8	AE7	AE8	AF7	AF8	AG7	AG8	AH7	AH8	AA5	AA6	AB5	AB6	AC5	AC6	AD6	AE5	AE6	AF5	AF6	AG5	AH5	AH6	AA1	AA2	AB1	AB2	AC1	AC2	AD1	AD2	AE1	AE2	AF1	AF2	AG1	AG2	AH1	AH2
AA3	0.0	0.484342253106	0.672882841714	0.656547159221	0.672012709122	0.65844219185	0.693211601691	0.694066046996	0.662989735624	0.693993249683	0.651339392448	0.66514907428	0.652220296429	0.614976022267	0.68919237715	0.485850844237	0.673854142606	0.679855067363	0.755054052827	0.68716264051	0.692715299219	0.705073462555	0.696010674405	0.693715002508	0.727408500499	0.703270382233	0.67370240205	0.69428210723	0.697475642284	0.696781515832	0.735318666937	0.711674461404	0.67294192507	0.683371634674	0.677889320754	0.686554913123	0.652412968122	0.680507462147	0.663055299632	0.687166655047	0.685837362472	0.67917524053	0.657096887277	0.665731531876	0.686948065148	0.697663794406	0.663950821011	0.688831588467	0.650669526594	0.681594187207	0.682019841479	0.668346168138	0.642394125966	0.65354200847	0.666238124517	0.665785799703	0.652363946737	0.686771999727	0.662389591976	0.696489901632	0.65455327952	0.678054352698
AA4	0.484342253106	0.0	0.709560749477	0.649824197192	0.651713301119	0.643796467456	0.66372770323	0.661118328332	0.671465089857	0.663137873141	0.658841806292	0.655965617067	0.661664469688	0.638215707837	0.504277156112	0.370375109882	0.67619116428	0.689295012201	0.766952548888	0.675378660677	0.706435950919	0.67351945932	0.695569338703	0.671539219912	0.723687849137	0.675612690724	0.651572270009	0.675144582853	0.691008828218	0.675970415371	0.744428382712	0.702487404234	0.666143958276	0.667003702686	0.671886084016	0.657540230409	0.653943885498	0.639424695318	0.63084257959	0.650109371398	0.647890587306	0.673156505221	0.625772536845	0.640894919316	0.677781287004	0.67205223729	0.664482440928	0.65642680871	0.652696254767	0.65484535114	0.661045810898	0.650544531304	0.646088977624	0.647909302948	0.666718651108	0.647316128074	0.632013175792	0.665998704724	0.648529045844	0.647541670973	0.659364366939	0.640608600097
AB3	0.672882841714	0.709560749477	0.0	0.654177005465	0.722509108806	0.739690098007	0.75205162131	0.748255520929	0.712663012469	0.761864962413	0.715667619746	0.735251859241	0.729698341143	0.578260914723	0.723658378118	0.714066202412	0.734888303715	0.756812191156	0.727201767831	0.697903760798	0.741646636032	0.755451697824	0.744868804559	0.74727803849	0.716078931682	0.746063721253	0.713995270515	0.745625721298	0.720202442434	0.723011328183	0.756233601481	0.775980535619	0.723520208093	0.775536227386	0.711106868217	0.746855067196	0.733177497179	0.759901916072	0.764457755621	0.745137252632	0.769762020914	0.722752841205	0.720223522479	0.744230342491	0.796970117379	0.792161680217	0.759779036913	0.780461345316	0.733443358068	0.770742026432	0.750136386884	0.755016282679	0.748383104007	0.779647598221	0.749350387779	0.773893279728	0.754572960655	0.768525520829	0.766627741124	0.787196124995	0.733113276315	0.769897983636
AB4	0.656547159221	0.649824197192	0.654177005465	0.0	0.68695665886	0.68783930548	0.700215125065	0.676973952117	0.690356819494	0.701724970848	0.664474308483	0.693887342755	0.394764720421	0.438877655877	0.687895304398	0.663902242989	0.694312594813	0.696774804559	0.753238821819	0.671813632148	0.700394319365	0.694079571337	0.703246857097	0.698882672291	0.724793838955	0.688858658297	0.678877933161	0.698388516219	0.677664837128	0.68559752583	0.731608452773	0.723755835891	0.703213846771	0.701206858088	0.694069333962	0.68256028957	0.686852788677	0.668020406065	0.67669618948	0.692334628809	0.699672340433	0.660031493768	0.644051385821	0.669922832416	0.71271409795	0.718457913176	0.702070634198	0.703407078931	0.642854378163	0.689173989696	0.704028486267	0.699915088887	0.688653092786	0.691437705519	0.696236442271	0.696862443456	0.693777950946	0.714493445432	0.703427663042	0.703476660407	0.670413200798	0.693103765153
AC3	0.672012709122	0.651713301119	0.722509108806	0.68695665886	0.0	0.498078929613	0.683585402672	0.670654432549	0.661919529472	0.667885854483	0.672305916332	0.460965895726	0.700459109686	0.703308626882	0.662810687054	0.657669129956	0.675624628886	0.69416332221	0.749079009121	0.676802480504	0.718115302345	0.709881564587	0.72332052637	0.715750803254	0.721288065235	0.710183945465	0.70273991692	0.710188999272	0.713825458985	0.694607020514	0.746648112018	0.69634722516	0.67178926525	0.700222766233	0.685272578914	0.660504621419	0.691040344471	0.666655482916	0.672229258264	0.660434775413	0.668057835161	0.653336457683	0.648831307791	0.659794086152	0.71444241524	0.718016624553	0.71005761721	0.696292358173	0.681848812158	0.680782242714	0.698484744562	0.689319390512	0.698943492538	0.694322965949	0.690877938517	0.706369603328	0.692570065054	0.688670839055	0.689825123553	0.684183674866	0.686000830515	0.691641278301
AC4	0.65844219185	0.643796467456	0.739690098007	0.68783930548	0.498078929613	0.0	0.68460891134	0.665146416131	0.667843786735	0.658714802472	0.488524661834	0.368614420996	0.690025576032	0.682632068079	0.681414492881	0.647320123504	0.691657551481	0.696003888755	0.761184214553	0.676577201496	0.718290469801	0.698409837997	0.720666507288	0.708088227512	0.762932792155	0.701747685981	0.69157826093	0.702396095388	0.713203918588	0.692956349095	0.758806479125	0.70172152857	0.666827409497	0.661018517086	0.669801940004	0.662539787571	0.664272219362	0.659468841147	0.647683944695	0.636952920534	0.636896871241	0.670407812068	0.658929074259	0.64968592318	0.687541588964	0.672370658529	0.703101891038	0.672029818926	0.692556356717	0.682893135575	0.691339775225	0.6680457084	0.689398029249	0.700791047167	0.702053554302	0.708945709934	0.67702342236	0.654513136564	0.667846279877	0.685695341332	0.64790708266	0.68285565355
AD3	0.693211601691	0.66372770323	0.75205162131	0.700215125065	0.683585402672	0.68460891134	0.0	0.42278767081	0.704171373268	0.344506895052	0.703735574687	0.669126566686	0.719038531157	0.713353968201	0.704050086213	0.660393998616	0.711196689264	0.680721547557	0.775428800228	0.669706488778	0.720879925228	0.682592124702	0.732619368958	0.703521671465	0.730996722654	0.692926924236	0.706111054604	0.678174646559	0.713055469425	0.68837943743	0.729213419327	0.698310013486	0.728256446935	0.684207055868	0.675047509256	0.662320684598	0.698870787645	0.683251899846	0.642843068972	0.648268896855	0.651231042026	0.687564166164	0.662688676455	0.686764914397	0.704713629026	0.703524219101	0.697929828961	0.672687700445	0.679782169959	0.675418637892	0.701923184045	0.688237547632	0.696999833445	0.671527795662	0.698781662592	0.671386620622	0.676076725304	0.693417666792	0.696613032839	0.669138520969	0.713770249559	0.671705834705
AD4	0.694066046996	0.661118328332	0.748255520929	0.676973952117	0.670654432549	0.665146416131	0.42278767081	0.0	0.623185934562	0.392549119085	0.690490354776	0.658428074548	0.683472399753	0.701595438152	0.680720710095	0.654215786789	0.710966826431	0.683122415991	0.778351908523	0.652460692695	0.714974884815	0.675406474015	0.70299410073	0.674248073398	0.727657192036	0.672109927857	0.680377976958	0.672693196024	0.660727130919	0.655793747336	0.707335571368	0.69488250299	0.707984694084	0.672833841173	0.668105441975	0.644980871452	0.667225415684	0.662927787834	0.61252167346	0.629369889008	0.621154030543	0.669873222033	0.654947975075	0.659961977038	0.690877241899	0.692253855943	0.686219215749	0.660451942015	0.667950903233	0.662550370692	0.695003333589	0.685137698346	0.67539323415	0.666205475841	0.66512306552	0.652448437531	0.68025481309	0.689836087884	0.687371044418	0.669593433587	0.692207680311	0.663311257581
AE3	0.662989735624	0.671465089857	0.712663012469	0.690356819494	0.661919529472	0.667843786735	0.704171373268	0.623185934562	0.0	0.659030002138	0.662710297218	0.67085376241	0.668573444245	0.698873101742	0.681352359572	0.681834568596	0.683847291275	0.681608550762	0.756389769888	0.683709455587	0.72938350494	0.730733217241	0.677544797473	0.695773779927	0.748618360567	0.704450316392	0.676640615185	0.729932400724	0.674711868966	0.683786315885	0.725853025341	0.711649901178	0.626189744907	0.715746275376	0.701673867024	0.703197695476	0.673012416267	0.698230187681	0.662507784931	0.683541338225	0.688863923507	0.659051644617	0.678374918004	0.667775522635	0.731355608626	0.720413163929	0.703766698721	0.71569614873	0.702230269366	0.730558990272	0.714005778812	0.722872971908	0.70179060189	0.715186610731	0.668458600117	0.705149121169	0.704297115244	0.732152385481	0.711561200875	0.717306134258	0.683037787792	0.726280239718
AE4	0.693993249683	0.663137873141	0.761864962413	0.701724970848	0.667885854483	0.658714802472	0.344506895052	0.392549119085	0.659030002138	0.0	0.702831068444	0.649545757084	0.720334975377	0.716626156764	0.704391287532	0.657636292267	0.700524029803	0.681079578314	0.779557097329	0.655083385245	0.722734914777	0.68244343316	0.725547281125	0.696692461582	0.733377167722	0.688026770969	0.699663769536	0.680473612388	0.696468977992	0.669683780709	0.723169017516	0.691529831229	0.717986292948	0.667434186329	0.680644070889	0.658809873041	0.693878632872	0.673345026575	0.628125589669	0.636966349037	0.635960763004	0.681076962769	0.669552256623	0.671339290261	0.69288074079	0.692849889773	0.684888735771	0.662844854637	0.677989269062	0.674095780609	0.687835600851	0.671713995355	0.684998619725	0.65117317307	0.685289014728	0.655660469609	0.674969621506	0.681958938629	0.692006346639	0.670569425924	0.704513793206	0.662161442696
AF3	0.651339392448	0.658841806292	0.715667619746	0.664474308483	0.672305916332	0.488524661834	0.703735574687	0.690490354776	0.662710297218	0.702831068444	0.0	0.531145944965	0.66764575202	0.655378826037	0.669974901263	0.665660366297	0.678672850287	0.688485644688	0.749825665515	0.679245789281	0.688855701253	0.710591756018	0.691160744453	0.70220861406	0.756414677207	0.702498718154	0.686040770547	0.715192031465	0.695973513647	0.677971306656	0.72131358698	0.705328265819	0.64782469145	0.674697973912	0.66983523734	0.670728149176	0.65617871165	0.670526597043	0.67440373056	0.665942933495	0.686753714058	0.668231994122	0.65369514228	0.655658372117	0.690968303747	0.676578395668	0.71563687798	0.695329742667	0.692568974353	0.716541078015	0.714818488633	0.701478300605	0.699150339183	0.7185058324	0.706193412623	0.71724924175	0.684621688044	0.706172268643	0.691508081413	0.707416293549	0.657641508033	0.71361576032
AF4	0.66514907428	0.655965617067	0.735251859241	0.693887342755	0.460965895726	0.368614420996	0.669126566686	0.658428074548	0.67085376241	0.649545757084	0.531145944965	0.0	0.706133863672	0.692768463183	0.687617926114	0.655415972268	0.702703233965	0.699926777089	0.759551736532	0.677693123633	0.727364935857	0.693215266104	0.727924247496	0.712072838731	0.745458615774	0.702212262053	0.697967757402	0.703659962065	0.716304485577	0.688877327128	0.767327162795	0.716668161136	0.662322344391	0.664964538176	0.65090394215	0.650721937221	0.675575565039	0.674323618789	0.651814869359	0.630957015993	0.649251078581	0.674347257554	0.656457327028	0.661996738809	0.691586784699	0.677336099327	0.698171876104	0.674265327271	0.694996452245	0.686825324265	0.683816090707	0.668884040194	0.682463244317	0.701579768078	0.701162868824	0.708127669215	0.687479922755	0.659779415753	0.679043204103	0.691960009308	0.663156577062	0.683845551623
AG3	0.652220296429	0.661664469688	0.729698341143	0.394764720421	0.700459109686	0.690025576032	0.719038531157	0.683472399753	0.668573444245	0.720334975377	0.66764575202	0.706133863672	0.0	0.503763819626	0.690897676333	0.662866812498	0.679330440276	0.676513274126	0.774573145712	0.694231298927	0.684514386839	0.705561162887	0.675848604974	0.697730665983	0.729183614595	0.689804200469	0.673889496406	0.699830400125	0.677822273912	0.68475749272	0.735167110027	0.711282983918	0.698619397587	0.703333300373	0.691325035069	0.686454531326	0.682212327102	0.674244501163	0.674453228557	0.696180787514	0.69610453627	0.65993122262	0.651775121189	0.66666011929	0.70500168595	0.703159276635	0.696124876507	0.7016348202	0.648644710246	0.694433224836	0.700015358993	0.70581530693	0.689812081349	0.68045985907	0.681425470421	0.690909584344	0.702922241338	0.704631412825	0.704698844325	0.693399937345	0.685835513921	0.704204834556
AG4	0.614976022267	0.638215707837	0.578260914723	0.438877655877	0.703308626882	0.682632068079	0.713353968201	0.701595438152	0.698873101742	0.716626156764	0.655378826037	0.692768463183	0.503763819626	0.0	0.693827778685	0.638220730548	0.706955741634	0.708603651922	0.740429784689	0.657331333724	0.70572741557	0.712325502984	0.716454231371	0.714326383206	0.739311286895	0.707758285265	0.692119252029	0.712066390098	0.68265809914	0.684374646351	0.748238423007	0.727296101121	0.703372976053	0.707819193132	0.664389241786	0.6846505074	0.682861977973	0.68220115291	0.694649742306	0.688312170974	0.698745284497	0.662380010363	0.657449780181	0.691908121404	0.721788041698	0.729191737931	0.705533711858	0.710368257766	0.669014154049	0.710866873413	0.684400585403	0.679083716307	0.68422246483	0.709050871639	0.706156648385	0.70799302578	0.696889999452	0.697227470413	0.709504753346	0.728209965678	0.684556867581	0.701481209522
AH3	0.68919237715	0.504277156112	0.723658378118	0.687895304398	0.662810687054	0.681414492881	0.704050086213	0.680720710095	0.681352359572	0.704391287532	0.669974901263	0.687617926114	0.690897676333	0.693827778685	0.0	0.54503519235	0.688098457336	0.707785866219	0.771191368858	0.692704740308	0.713624074338	0.712884115078	0.69385137616	0.697923826753	0.72874219207	0.688779505215	0.672636288372	0.70614538798	0.704881937281	0.700364707122	0.753949701903	0.723791261455	0.671485864912	0.706060530758	0.680599540045	0.682099074971	0.680845130498	0.677189158047	0.677522433666	0.676851558819	0.68186780496	0.683271969769	0.66633092379	0.663004622687	0.725275210424	0.706954963752	0.718453345341	0.684368580774	0.696827655478	0.702498241182	0.701652217287	0.709759073817	0.699231931136	0.711020831435	0.685014350856	0.703260426189	0.690984458217	0.718370476468	0.711896741429	0.686738273515	0.691607850042	0.700230920523
AH4	0.485850844237	0.370375109882	0.714066202412	0.663902242989	0.657669129956	0.647320123504	0.660393998616	0.654215786789	0.681834568596	0.657636292267	0.665660366297	0.655415972268	0.662866812498	0.638220730548	0.54503519235	0.0	0.684167462091	0.687242425123	0.772085895696	0.676513051969	0.710698517611	0.672796109667	0.692335464708	0.676133347279	0.729158199887	0.671683369731	0.644057203629	0.672873861346	0.6853495028	0.685354965159	0.746235511859	0.695149849368	0.681343367569	0.671532852503	0.645713838639	0.653396191387	0.668495478671	0.635006497847	0.622280872237	0.660198520713	0.642962540619	0.648542608258	0.638025554518	0.647264023911	0.671046278661	0.670266910944	0.671220516765	0.645285547305	0.651831603011	0.658571384499	0.658324159632	0.652958894119	0.646151686796	0.633684752991	0.666343946461	0.638920279363	0.639488408235	0.668593349434	0.662564258728	0.652252427402	0.655930525398	0.635430667228
AA7	0.673854142606	0.67619116428	0.734888303715	0.694312594813	0.675624628886	0.691657551481	0.711196689264	0.710966826431	0.683847291275	0.700524029803	0.678672850287	0.702703233965	0.679330440276	0.706955741634	0.688098457336	0.684167462091	0.0	0.501467637142	0.765289929287	0.676949390225	0.662378919391	0.67706173546	0.674439880653	0.676135031701	0.702330863613	0.694366691355	0.67319225132	0.682534325243	0.677900962938	0.683840093623	0.705909404983	0.561581453477	0.672288830953	0.726169166183	0.694478710943	0.712356753295	0.677966926426	0.692808148714	0.696156200202	0.739023758999	0.728629967114	0.682071773312	0.694570524808	0.702832005404	0.72624799939	0.725723825102	0.732473725822	0.74023272409	0.717200117088	0.753075851635	0.723061388173	0.726516439499	0.69412060487	0.698299885603	0.692382046199	0.697666219565	0.719894115731	0.742096632988	0.74188933649	0.729451490298	0.688938755377	0.713169467934
AA8	0.679855067363	0.689295012201	0.756812191156	0.696774804559	0.69416332221	0.696003888755	0.680721547557	0.683122415991	0.681608550762	0.681079578314	0.688485644688	0.699926777089	0.676513274126	0.708603651922	0.707785866219	0.687242425123	0.501467637142	0.0	0.769030985258	0.640893617599	0.645783119891	0.656148054111	0.663044649102	0.670400904762	0.698121652468	0.6843995228	0.667689033937	0.650259910347	0.648678711964	0.652755585736	0.552225793303	0.411335025108	0.686656607173	0.710146406526	0.706138139916	0.711559792213	0.680274916624	0.692916257315	0.682734348983	0.699256430846	0.696854047566	0.667361435862	0.687330794848	0.697404732654	0.716899394649	0.703764560946	0.715883490505	0.701966928659	0.699345468433	0.727747460803	0.716021178511	0.720785947305	0.690908412316	0.670124550764	0.678295080448	0.678425681258	0.718445339047	0.719988939523	0.739260985754	0.714779070129	0.697063981149	0.693501499113
AB7	0.755054052827	0.766952548888	0.727201767831	0.753238821819	0.749079009121	0.761184214553	0.775428800228	0.778351908523	0.756389769888	0.779557097329	0.749825665515	0.759551736532	0.774573145712	0.740429784689	0.771191368858	0.772085895696	0.765289929287	0.769030985258	0.0	0.545993471693	0.746279545596	0.754844878257	0.782250147739	0.779386501385	0.74226605367	0.782531226417	0.777338224493	0.769292795483	0.74783099628	0.647987635296	0.757708415215	0.765794677256	0.775793325149	0.78563214784	0.77850595989	0.776127281893	0.762529028505	0.775621144293	0.783985794128	0.784826252563	0.789690240376	0.727893604822	0.739882244782	0.779676369946	0.800644721444	0.801439758814	0.821280026507	0.796633595392	0.782132942708	0.793267864105	0.811623834457	0.789347131654	0.793165916688	0.799271055533	0.773881455437	0.794260772162	0.785446236345	0.788348305949	0.798043465815	0.801964973075	0.794302909169	0.785512087967
AB8	0.68716264051	0.675378660677	0.697903760798	0.671813632148	0.676802480504	0.676577201496	0.669706488778	0.652460692695	0.683709455587	0.655083385245	0.679245789281	0.677693123633	0.694231298927	0.657331333724	0.692704740308	0.676513051969	0.676949390225	0.640893617599	0.545993471693	0.0	0.634698575303	0.6225834971	0.685467914888	0.657749874063	0.666050756056	0.661679365286	0.668511621252	0.626665641837	0.506248625143	0.407148051963	0.679064334522	0.632525040289	0.694520024303	0.681942772678	0.688900402743	0.670830441208	0.674061686711	0.675983424636	0.679392483917	0.672314892058	0.667589861765	0.660680082217	0.649168482643	0.668175023804	0.705096099305	0.692385073877	0.733701514985	0.702169917645	0.683172427851	0.704977964149	0.705782164708	0.697614543743	0.680973996418	0.68871512909	0.684828019697	0.682817149565	0.707263479355	0.712695931615	0.71273346249	0.711756820402	0.684240875175	0.687861209421
AC7	0.692715299219	0.706435950919	0.741646636032	0.700394319365	0.718115302345	0.718290469801	0.720879925228	0.714974884815	0.72938350494	0.722734914777	0.688855701253	0.727364935857	0.684514386839	0.70572741557	0.713624074338	0.710698517611	0.662378919391	0.645783119891	0.746279545596	0.634698575303	0.0	0.508295651205	0.692727662249	0.69250236272	0.692676061763	0.679803248805	0.672451370511	0.566402009805	0.638692045731	0.633340855408	0.661207958185	0.670982512119	0.720668473995	0.695810046828	0.729885513606	0.72802844147	0.707285397844	0.713277847992	0.708437763415	0.724498796031	0.721105484955	0.720314927419	0.715200078019	0.707154656819	0.691865109971	0.696488071884	0.745937043271	0.738150144087	0.695452103185	0.729179560214	0.745257347903	0.741788425102	0.708912119069	0.677423883997	0.688024098645	0.691541014312	0.733512740572	0.728105740222	0.749230591824	0.73484541527	0.696612585924	0.724317205576
AC8	0.705073462555	0.67351945932	0.755451697824	0.694079571337	0.709881564587	0.698409837997	0.682592124702	0.675406474015	0.730733217241	0.68244343316	0.710591756018	0.693215266104	0.705561162887	0.712325502984	0.712884115078	0.672796109667	0.67706173546	0.656148054111	0.754844878257	0.6225834971	0.508295651205	0.0	0.68934683607	0.642199850232	0.699274690447	0.644962379287	0.520479242537	0.383081167438	0.640343133669	0.623130599885	0.699475960419	0.65879393971	0.720337571426	0.674470342866	0.715971222296	0.70318621908	0.703064608797	0.693686820119	0.67201744877	0.70568746011	0.683923023145	0.702651183428	0.684287958747	0.693714492141	0.683275551303	0.674043725843	0.734864584374	0.698550069619	0.683394132166	0.700636644829	0.699768586093	0.69557393441	0.679430587446	0.662474395473	0.680856322704	0.666388958075	0.699074319012	0.690855460625	0.721652907936	0.707954527174	0.677049067893	0.667902760214
AD7	0.696010674405	0.695569338703	0.744868804559	0.703246857097	0.72332052637	0.720666507288	0.732619368958	0.70299410073	0.677544797473	0.725547281125	0.691160744453	0.727924247496	0.675848604974	0.716454231371	0.69385137616	0.692335464708	0.674439880653	0.663044649102	0.782250147739	0.685467914888	0.692727662249	0.68934683607	0.0	0.491048802917	0.714283969782	0.526509737197	0.672667358921	0.686661366949	0.676927275947	0.669931017545	0.708657865613	0.700760396316	0.678659676883	0.705258862068	0.725218885488	0.716041409576	0.699422672212	0.688912002614	0.685077260854	0.715348509623	0.717471553717	0.665339714133	0.669655540158	0.690959046959	0.707980820677	0.698316765238	0.71870516576	0.699849710184	0.695527656673	0.722014191677	0.690585373883	0.718177610987	0.703699951616	0.688491097891	0.66540393286	0.698288844777	0.704802517735	0.707121822463	0.711189820642	0.712404758353	0.676706014711	0.707944708257
AD8	0.693715002508	0.671539219912	0.74727803849	0.698882672291	0.715750803254	0.708088227512	0.703521671465	0.674248073398	0.695773779927	0.696692461582	0.70220861406	0.712072838731	0.697730665983	0.714326383206	0.697923826753	0.676133347279	0.676135031701	0.670400904762	0.779386501385	0.657749874063	0.69250236272	0.642199850232	0.491048802917	0.0	0.611360051787	0.405484058226	0.62114810647	0.642134410685	0.639637807686	0.646593286051	0.708716305269	0.692395300848	0.69379625103	0.68740201044	0.718344172801	0.703756169439	0.694106503852	0.676275334801	0.67612783443	0.709425784213	0.69160432111	0.669788474272	0.657146847876	0.667379309858	0.682315682615	0.681378337283	0.720995056833	0.701205360385	0.686986579942	0.703284982198	0.68377274069	0.698643653524	0.68073671349	0.668616589534	0.662680764153	0.682032716942	0.691341707319	0.708684952912	0.702953392124	0.702221183322	0.675080425498	0.685210792047
AE7	0.727408500499	0.723687849137	0.716078931682	0.724793838955	0.721288065235	0.762932792155	0.730996722654	0.727657192036	0.748618360567	0.733377167722	0.756414677207	0.745458615774	0.729183614595	0.739311286895	0.72874219207	0.729158199887	0.702330863613	0.698121652468	0.74226605367	0.666050756056	0.692676061763	0.699274690447	0.714283969782	0.611360051787	0.0	0.506671578661	0.713545345938	0.698434319024	0.68752625093	0.690819512376	0.732439725765	0.682703486565	0.749290798248	0.751542260936	0.744271284547	0.740669899663	0.737632309183	0.753113810316	0.749588037114	0.75396684209	0.763846297743	0.737785191877	0.724134446007	0.739466497952	0.747674229144	0.756299130392	0.767701856785	0.771333378518	0.724446794407	0.756736672808	0.754798972101	0.771166580131	0.750248454057	0.739445310839	0.732398843966	0.747974985714	0.768178971544	0.789697061371	0.781668793311	0.760869941497	0.757451203729	0.77093447849
AE8	0.703270382233	0.675612690724	0.746063721253	0.688858658297	0.710183945465	0.701747685981	0.692926924236	0.672109927857	0.704450316392	0.688026770969	0.702498718154	0.702212262053	0.689804200469	0.707758285265	0.688779505215	0.671683369731	0.694366691355	0.6843995228	0.782531226417	0.661679365286	0.679803248805	0.644962379287	0.526509737197	0.405484058226	0.506671578661	0.0	0.652455210604	0.652405176173	0.661819162425	0.655961372693	0.710631248805	0.703505562209	0.705546563382	0.692840270235	0.719398345405	0.701581049388	0.712323647933	0.692795897558	0.687127836713	0.705658926167	0.70298753889	0.685205533999	0.658038979519	0.685269447172	0.703051956608	0.69065585558	0.710591997801	0.69152984923	0.680846423761	0.701406806383	0.698379915087	0.706755041568	0.688341188906	0.662784681876	0.669744032826	0.678168205697	0.696533111927	0.713693042956	0.711397354526	0.699450252806	0.693046086359	0.693941403658
AF7	0.67370240205	0.651572270009	0.713995270515	0.678877933161	0.70273991692	0.69157826093	0.706111054604	0.680377976958	0.676640615185	0.699663769536	0.686040770547	0.697967757402	0.673889496406	0.692119252029	0.672636288372	0.644057203629	0.67319225132	0.667689033937	0.777338224493	0.668511621252	0.672451370511	0.520479242537	0.672667358921	0.62114810647	0.713545345938	0.652455210604	0.0	0.476004315522	0.650767366466	0.646393126152	0.71191115308	0.684441889792	0.685160404159	0.699342347855	0.701213657782	0.684840805207	0.671546684225	0.678622012561	0.644608697412	0.687491168012	0.673736497078	0.682114538532	0.654242135649	0.665445844689	0.712846001263	0.702545305322	0.687684583563	0.682383644775	0.680862532194	0.701505210517	0.673827782844	0.681963501656	0.668343064428	0.656763988731	0.658955786285	0.661503808786	0.661314142049	0.689596258678	0.691723227232	0.7091272134	0.659102938797	0.669575085525
AF8	0.69428210723	0.675144582853	0.745625721298	0.698388516219	0.710188999272	0.702396095388	0.678174646559	0.672693196024	0.729932400724	0.680473612388	0.715192031465	0.703659962065	0.699830400125	0.712066390098	0.70614538798	0.672873861346	0.682534325243	0.650259910347	0.769292795483	0.626665641837	0.566402009805	0.383081167438	0.686661366949	0.642134410685	0.698434319024	0.652405176173	0.476004315522	0.0	0.634707841439	0.626781984012	0.706269694688	0.648455582683	0.717537575487	0.664069792186	0.712576206802	0.702500118549	0.682441464594	0.679960070324	0.668455504418	0.698709198317	0.674426443598	0.710149200484	0.679613516303	0.686899996454	0.686189734702	0.687517072682	0.713712724163	0.690556490137	0.669794076283	0.68970640174	0.686590817658	0.685313283872	0.660594735891	0.648649097339	0.665587783274	0.654052913242	0.690060805981	0.686422917491	0.715330842794	0.705421622994	0.673842080018	0.671253257311
AG7	0.697475642284	0.691008828218	0.720202442434	0.677664837128	0.713825458985	0.713203918588	0.713055469425	0.660727130919	0.674711868966	0.696468977992	0.695973513647	0.716304485577	0.677822273912	0.68265809914	0.704881937281	0.6853495028	0.677900962938	0.648678711964	0.74783099628	0.506248625143	0.638692045731	0.640343133669	0.676927275947	0.639637807686	0.68752625093	0.661819162425	0.650767366466	0.634707841439	0.0	0.44005187752	0.679963505115	0.663438350291	0.689871395648	0.686115862927	0.71621495483	0.690550720306	0.661271846302	0.682995085439	0.687123201586	0.696087202636	0.693396379351	0.675501731861	0.675895345879	0.660733799764	0.698903128959	0.694008988365	0.718807208704	0.71430320772	0.67571405545	0.719964356504	0.685799688354	0.71428331927	0.680905500583	0.692213168067	0.668669360588	0.688174513867	0.70647228086	0.725905232263	0.70070468721	0.718421979055	0.662185351761	0.700286727564
AG8	0.696781515832	0.675970415371	0.723011328183	0.68559752583	0.694607020514	0.692956349095	0.68837943743	0.655793747336	0.683786315885	0.669683780709	0.677971306656	0.688877327128	0.68475749272	0.684374646351	0.700364707122	0.685354965159	0.683840093623	0.652755585736	0.647987635296	0.407148051963	0.633340855408	0.623130599885	0.669931017545	0.646593286051	0.690819512376	0.655961372693	0.646393126152	0.626781984012	0.44005187752	0.0	0.686841581864	0.670663055029	0.691888285681	0.679466206145	0.698080894081	0.679197346831	0.653101699741	0.67062917665	0.668137333638	0.686556700001	0.671826583752	0.654597406943	0.654116061506	0.660135061923	0.697466842561	0.672490349391	0.727189807865	0.694637200234	0.681489716967	0.709638669553	0.695040775217	0.705130886012	0.673092112184	0.681199762341	0.682374350689	0.669114038283	0.705063825569	0.706972033632	0.708504020065	0.712045779032	0.668591537299	0.681394027556
AH7	0.735318666937	0.744428382712	0.756233601481	0.731608452773	0.746648112018	0.758806479125	0.729213419327	0.707335571368	0.725853025341	0.723169017516	0.72131358698	0.767327162795	0.735167110027	0.748238423007	0.753949701903	0.746235511859	0.705909404983	0.552225793303	0.757708415215	0.679064334522	0.661207958185	0.699475960419	0.708657865613	0.708716305269	0.732439725765	0.710631248805	0.71191115308	0.706269694688	0.679963505115	0.686841581864	0.0	0.544704944455	0.713748745355	0.760119733065	0.77752663969	0.761704624249	0.743850965257	0.750606729575	0.747276495218	0.741173892747	0.755071798326	0.734437367535	0.738881350933	0.743485364827	0.769075008276	0.762526150028	0.768393315973	0.747213963662	0.749988359538	0.766022642255	0.778199286248	0.779393813393	0.749663910331	0.735287624018	0.736259424983	0.74894566316	0.780732356598	0.789935266577	0.787924533206	0.766529383837	0.750057719497	0.751996819901
AH8	0.711674461404	0.702487404234	0.775980535619	0.723755835891	0.69634722516	0.70172152857	0.698310013486	0.69488250299	0.711649901178	0.691529831229	0.705328265819	0.716668161136	0.711282983918	0.727296101121	0.723791261455	0.695149849368	0.561581453477	0.411335025108	0.765794677256	0.632525040289	0.670982512119	0.65879393971	0.700760396316	0.692395300848	0.682703486565	0.703505562209	0.684441889792	0.648455582683	0.663438350291	0.670663055029	0.544704944455	0.0	0.714229404904	0.726323080375	0.720296537136	0.72632054456	0.706864321594	0.692927114838	0.703337349612	0.709538267034	0.6981728964	0.692293804919	0.702051625712	0.717370316952	0.723248003702	0.721194058195	0.732077019638	0.717290778993	0.718526594581	0.738733388028	0.730895360145	0.728486322535	0.705774894811	0.679933722118	0.703008576247	0.699805929904	0.724858882936	0.735770590466	0.754490493681	0.729173686577	0.721156826866	0.698816604818
AA5	0.67294192507	0.666143958276	0.723520208093	0.703213846771	0.67178926525	0.666827409497	0.728256446935	0.707984694084	0.626189744907	0.717986292948	0.64782469145	0.662322344391	0.698619397587	0.703372976053	0.671485864912	0.681343367569	0.672288830953	0.686656607173	0.775793325149	0.694520024303	0.720668473995	0.720337571426	0.678659676883	0.69379625103	0.749290798248	0.705546563382	0.685160404159	0.717537575487	0.689871395648	0.691888285681	0.713748745355	0.714229404904	0.0	0.59434272726	0.695345445007	0.685237819918	0.659146305738	0.657302696355	0.677301564711	0.700476017417	0.687926000498	0.649806937309	0.63602130971	0.658290538544	0.720784203083	0.673592355751	0.708850636359	0.716160211306	0.70693294411	0.718961640135	0.719642045124	0.712078015324	0.69061529273	0.705655702201	0.668396890077	0.716474980348	0.691391169118	0.724829281159	0.688820035283	0.70803026861	0.655156809452	0.718859836779
AA6	0.683371634674	0.667003702686	0.775536227386	0.701206858088	0.700222766233	0.661018517086	0.684207055868	0.672833841173	0.715746275376	0.667434186329	0.674697973912	0.664964538176	0.703333300373	0.707819193132	0.706060530758	0.671532852503	0.726169166183	0.710146406526	0.78563214784	0.681942772678	0.695810046828	0.674470342866	0.705258862068	0.68740201044	0.751542260936	0.692840270235	0.699342347855	0.664069792186	0.686115862927	0.679466206145	0.760119733065	0.726323080375	0.59434272726	0.0	0.690569238811	0.677600812203	0.63873262398	0.631250495267	0.646012383745	0.672143847049	0.655587304409	0.675327132576	0.650055763481	0.653287389219	0.480577154851	0.451138284018	0.692155612408	0.663116567253	0.667948498687	0.685177497571	0.670090792788	0.662287754179	0.669105742006	0.674611362416	0.685068778467	0.683537530473	0.680039556864	0.6623875727	0.677608507282	0.692872403383	0.649282383309	0.664860455197
AB5	0.677889320754	0.671886084016	0.711106868217	0.694069333962	0.685272578914	0.669801940004	0.675047509256	0.668105441975	0.701673867024	0.680644070889	0.66983523734	0.65090394215	0.691325035069	0.664389241786	0.680599540045	0.645713838639	0.694478710943	0.706138139916	0.77850595989	0.688900402743	0.729885513606	0.715971222296	0.725218885488	0.718344172801	0.744271284547	0.719398345405	0.701213657782	0.712576206802	0.71621495483	0.698080894081	0.77752663969	0.720296537136	0.695345445007	0.690569238811	0.0	0.443437813915	0.656754670793	0.672908229726	0.656065464815	0.637963705068	0.646701378716	0.680126277577	0.662775556866	0.656828975187	0.705809029091	0.68952994416	0.688518588683	0.685386200177	0.694228854623	0.717714874756	0.692837942253	0.685703633229	0.661322171515	0.690606117951	0.691111662874	0.67297881582	0.684697502259	0.687415258279	0.71558013206	0.708985852136	0.67381139904	0.690020988562
AB6	0.686554913123	0.657540230409	0.746855067196	0.68256028957	0.660504621419	0.662539787571	0.662320684598	0.644980871452	0.703197695476	0.658809873041	0.670728149176	0.650721937221	0.686454531326	0.6846505074	0.682099074971	0.653396191387	0.712356753295	0.711559792213	0.776127281893	0.670830441208	0.72802844147	0.70318621908	0.716041409576	0.703756169439	0.740669899663	0.701581049388	0.684840805207	0.702500118549	0.690550720306	0.679197346831	0.761704624249	0.72632054456	0.685237819918	0.677600812203	0.443437813915	0.0	0.668293654143	0.663633408926	0.642036311071	0.614061526778	0.624451069137	0.683219076738	0.643054428199	0.558833798316	0.684581055511	0.670414821555	0.675315064117	0.677119218208	0.664553635151	0.681485953881	0.684606580535	0.674164776661	0.670278456897	0.685423326097	0.6850904652	0.668715370807	0.678500286143	0.687627575348	0.675117620735	0.686642038697	0.672352925639	0.682448345389
AC5	0.652412968122	0.653943885498	0.733177497179	0.686852788677	0.691040344471	0.664272219362	0.698870787645	0.667225415684	0.673012416267	0.693878632872	0.65617871165	0.675575565039	0.682212327102	0.682861977973	0.680845130498	0.668495478671	0.677966926426	0.680274916624	0.762529028505	0.674061686711	0.707285397844	0.703064608797	0.699422672212	0.694106503852	0.737632309183	0.712323647933	0.671546684225	0.682441464594	0.661271846302	0.653101699741	0.743850965257	0.706864321594	0.659146305738	0.63873262398	0.656754670793	0.668293654143	0.0	0.502841447491	0.621006457408	0.668720964544	0.659069501717	0.649627540716	0.611321949203	0.629495446819	0.665932431929	0.662100178622	0.658194412031	0.682645719326	0.63545668677	0.687981018626	0.667869876085	0.658818955982	0.658258228852	0.655924843748	0.642127895985	0.658853022454	0.647035105213	0.653412044803	0.660854389749	0.700297882923	0.643786319179	0.68393060186
AC6	0.680507462147	0.639424695318	0.759901916072	0.668020406065	0.666655482916	0.659468841147	0.683251899846	0.662927787834	0.698230187681	0.673345026575	0.670526597043	0.674323618789	0.674244501163	0.68220115291	0.677189158047	0.635006497847	0.692808148714	0.692916257315	0.775621144293	0.675983424636	0.713277847992	0.693686820119	0.688912002614	0.676275334801	0.753113810316	0.692795897558	0.678622012561	0.679960070324	0.682995085439	0.67062917665	0.750606729575	0.692927114838	0.657302696355	0.631250495267	0.672908229726	0.663633408926	0.502841447491	0.0	0.620977134046	0.657553189977	0.637508299906	0.524928036975	0.488304730331	0.624060480829	0.655677902861	0.646470029277	0.660621455284	0.65439855345	0.628297834439	0.649271165691	0.674257340145	0.655800332003	0.670648668821	0.653227225523	0.65184684923	0.650333116081	0.621389709181	0.658508450505	0.629435073431	0.652990308668	0.665191756897	0.659551286385
AD6	0.663055299632	0.63084257959	0.764457755621	0.67669618948	0.672229258264	0.647683944695	0.642843068972	0.61252167346	0.662507784931	0.628125589669	0.67440373056	0.651814869359	0.674453228557	0.694649742306	0.677522433666	0.622280872237	0.696156200202	0.682734348983	0.783985794128	0.679392483917	0.708437763415	0.67201744877	0.685077260854	0.67612783443	0.749588037114	0.687127836713	0.644608697412	0.668455504418	0.687123201586	0.668137333638	0.747276495218	0.703337349612	0.677301564711	0.646012383745	0.656065464815	0.642036311071	0.621006457408	0.620977134046	0.0	0.504902425184	0.432577502376	0.655694685014	0.631087378172	0.645951017774	0.651155739094	0.649508937444	0.653329380617	0.63944154145	0.632452910906	0.635776377546	0.669216583152	0.660900380973	0.636574855238	0.626516602208	0.641978872156	0.625241911802	0.629235490591	0.652938584107	0.646244468816	0.637245599835	0.646916486103	0.639654085406
AE5	0.687166655047	0.650109371398	0.745137252632	0.692334628809	0.660434775413	0.636952920534	0.648268896855	0.629369889008	0.683541338225	0.636966349037	0.665942933495	0.630957015993	0.696180787514	0.688312170974	0.676851558819	0.660198520713	0.739023758999	0.699256430846	0.784826252563	0.672314892058	0.724498796031	0.70568746011	0.715348509623	0.709425784213	0.75396684209	0.705658926167	0.687491168012	0.698709198317	0.696087202636	0.686556700001	0.741173892747	0.709538267034	0.700476017417	0.672143847049	0.637963705068	0.614061526778	0.668720964544	0.657553189977	0.504902425184	0.0	0.388679042947	0.676363358593	0.649309536102	0.643486853318	0.680738075892	0.67699508618	0.672658281808	0.660216583997	0.646143074614	0.63980258002	0.677037941303	0.683846900894	0.652442213041	0.661427571546	0.657585114523	0.654662697016	0.663124314048	0.688980933004	0.659334590807	0.64821770905	0.648027906661	0.672054262223
AE6	0.685837362472	0.647890587306	0.769762020914	0.699672340433	0.668057835161	0.636896871241	0.651231042026	0.621154030543	0.688863923507	0.635960763004	0.686753714058	0.649251078581	0.69610453627	0.698745284497	0.68186780496	0.642962540619	0.728629967114	0.696854047566	0.789690240376	0.667589861765	0.721105484955	0.683923023145	0.717471553717	0.69160432111	0.763846297743	0.70298753889	0.673736497078	0.674426443598	0.693396379351	0.671826583752	0.755071798326	0.6981728964	0.687926000498	0.655587304409	0.646701378716	0.624451069137	0.659069501717	0.637508299906	0.432577502376	0.388679042947	0.0	0.672905923725	0.654522428003	0.652945272659	0.661243436156	0.657702705165	0.683428880193	0.648121911811	0.649331643315	0.646313997255	0.686024311022	0.679702518346	0.643470990328	0.637367479985	0.65677234592	0.637175860151	0.653933041901	0.6725866073	0.659961310566	0.648192478244	0.63859864305	0.647239835496
AF5	0.67917524053	0.673156505221	0.722752841205	0.660031493768	0.653336457683	0.670407812068	0.687564166164	0.669873222033	0.659051644617	0.681076962769	0.668231994122	0.674347257554	0.65993122262	0.662380010363	0.683271969769	0.648542608258	0.682071773312	0.667361435862	0.727893604822	0.660680082217	0.720314927419	0.702651183428	0.665339714133	0.669788474272	0.737785191877	0.685205533999	0.682114538532	0.710149200484	0.675501731861	0.654597406943	0.734437367535	0.692293804919	0.649806937309	0.675327132576	0.680126277577	0.683219076738	0.649627540716	0.524928036975	0.655694685014	0.676363358593	0.672905923725	0.0	0.459463411634	0.634982200308	0.710075520215	0.68632538027	0.707107044029	0.694627928669	0.663591486528	0.675144135322	0.687077690117	0.696223552893	0.677341681138	0.68455946284	0.6766530173	0.675113699799	0.656671972704	0.695118211484	0.667764666746	0.666969798321	0.667454858126	0.688918920769
AF6	0.657096887277	0.625772536845	0.720223522479	0.644051385821	0.648831307791	0.658929074259	0.662688676455	0.654947975075	0.678374918004	0.669552256623	0.65369514228	0.656457327028	0.651775121189	0.657449780181	0.66633092379	0.638025554518	0.694570524808	0.687330794848	0.739882244782	0.649168482643	0.715200078019	0.684287958747	0.669655540158	0.657146847876	0.724134446007	0.658038979519	0.654242135649	0.679613516303	0.675895345879	0.654116061506	0.738881350933	0.702051625712	0.63602130971	0.650055763481	0.662775556866	0.643054428199	0.611321949203	0.488304730331	0.631087378172	0.649309536102	0.654522428003	0.459463411634	0.0	0.613800408364	0.694713719123	0.667622950945	0.660879654996	0.667716732609	0.644477438972	0.658996684165	0.674671236482	0.65973925312	0.675238160698	0.662865989494	0.665094955223	0.676476695307	0.64438033966	0.665969691127	0.64786727005	0.665348909854	0.665876987301	0.676374037246
