	AA3	AA4	AB3	AB4	AC3	AC4	AD3	AD4	AE3	AE4	AF3	AF4	AG3	AG4	AH3	AH4	AA7	AA8	AB7	AB8	AC7	AC8	AD7	AD8	AE7	AE8	AF7	AF8	AG7	AG8	AH7	AH8	AA5	AA6	AB5	AB6	AC5	AC6	AD6	AE5	AE6	AF5	AF6	AG5	AH5	AH6	AA1	AA2	AB1	AB2	AC1	AC2	AD1	AD2	AE1	AE2	AF1	AF2	AG1	AG2	AH1	AH2
AA3	0.0	0.483753846274	0.681466091751	0.646228608459	0.671085861	0.661771707728	0.702271813025	0.693304823245	0.647502680197	0.686569256948	0.652131198282	0.678017402403	0.654640412341	0.636266889726	0.677738260078	0.479135151261	0.670502914629	0.688205106704	0.753061048065	0.682107095679	0.690199059007	0.680763058579	0.675764340712	0.695210813941	0.724216652554	0.693330108052	0.663098811006	0.692504880218	0.684386655676	0.672921210877	0.730778578585	0.682858144134	0.645683716467	0.697423152543	0.681095672547	0.681543820673	0.63444906863	0.647732784521	0.670095407556	0.683269710645	0.68729858232	0.676754457112	0.660735983808	0.683927315786	0.705843703382	0.700757313771	0.661457938894	0.701229708586	0.641445963313	0.696474974663	0.663363811089	0.681007088174	0.628401485095	0.672064795506	0.672789865051	0.66500613164	0.670251757489	0.676814784303	0.656232177228	0.696523524208	0.645078021588	0.691726394956
AA4	0.483753846274	0.0	0.708990334605	0.647256838542	0.659706388802	0.659518816716	0.671560333979	0.676374467077	0.679987619608	0.65963264472	0.6629249004	0.648576219887	0.665120310321	0.635769737986	0.518129215387	0.368764108915	0.690975283375	0.676716482459	0.76839896405	0.681924596908	0.713466580385	0.667193942635	0.691419029944	0.690234130254	0.732712252284	0.676062385378	0.648736029602	0.677154192886	0.693949885134	0.674500584651	0.748581156909	0.672116530791	0.66495826949	0.677415519	0.662162170144	0.653737229707	0.655395705064	0.644999818799	0.631586317818	0.658650862398	0.654204450124	0.657955464269	0.646715482512	0.651980892502	0.681868036973	0.679338371665	0.662182729279	0.66530756638	0.649316458176	0.658325824763	0.661419892856	0.670123964585	0.650451795622	0.650455374379	0.661490522829	0.65118692199	0.655959191933	0.662754327455	0.651115021776	0.659489138502	0.646965260272	0.650536991312
AB3	0.681466091751	0.708990334605	0.0	0.668019547182	0.731759904837	0.744241189146	0.755836319242	0.755534957047	0.693595530286	0.757203785543	0.721463322481	0.765641921879	0.745242284406	0.578501056009	0.700093284107	0.705027326366	0.729384634566	0.749143659207	0.720259113213	0.713856172324	0.745493955315	0.752536291304	0.743937275886	0.757037136485	0.744979805064	0.751134000226	0.727099484952	0.760124704447	0.705791476802	0.71050012504	0.766779363607	0.755268325583	0.721243913431	0.790212704296	0.716526792921	0.73300262389	0.723241232606	0.749219678988	0.766078727192	0.745832650035	0.767716138027	0.71935981988	0.70838179309	0.755464515082	0.796737936702	0.796388812118	0.778205852257	0.790981520598	0.715836091846	0.780976647771	0.740271127757	0.774457293451	0.735070902219	0.772366232304	0.752471112449	0.761523788739	0.767279734122	0.762344389559	0.762516767337	0.779531123337	0.736102148446	0.77798391145
AB4	0.646228608459	0.647256838542	0.668019547182	0.0	0.68877683713	0.690219548749	0.703030781413	0.682977935433	0.68980042078	0.689635090982	0.668540700845	0.69377184982	0.435457690464	0.409201947906	0.681616009088	0.651990201541	0.69429361336	0.695560892298	0.754923034668	0.684497525732	0.699774896342	0.683669161763	0.698974089942	0.700651489313	0.721602863798	0.698957423536	0.665085506456	0.68251102599	0.683125257722	0.680851032832	0.731994747753	0.701791529901	0.693720328486	0.710411226248	0.690519705679	0.668755525892	0.676071774679	0.686366441203	0.686252749221	0.687675575434	0.701292102773	0.657758670913	0.653778371696	0.689817373338	0.717526837241	0.720184177045	0.697657421304	0.710901557546	0.624627340902	0.689394150663	0.691019352426	0.712729169682	0.676049325443	0.678529072555	0.701675793727	0.685023860485	0.6921559688	0.70379996731	0.700427258252	0.686014332342	0.674827840278	0.707960341734
AC3	0.671085861	0.659706388802	0.731759904837	0.68877683713	0.0	0.523082079777	0.67897513523	0.671154434791	0.64520491386	0.661461655343	0.688433527168	0.473223661138	0.695230464297	0.689942170242	0.667978850852	0.660853205119	0.664306079678	0.677951069466	0.750857291319	0.679259814367	0.714862587641	0.690355445352	0.726199577479	0.729158949268	0.718392015487	0.710295901661	0.697992141485	0.704941836584	0.710490397251	0.698347006288	0.744394370096	0.693826549023	0.655710315777	0.697755879317	0.68518039032	0.660947113805	0.679243885807	0.677905215635	0.66255824617	0.655743070953	0.672341664958	0.648171427351	0.655881107584	0.679274196125	0.723591933786	0.717206941492	0.710521110182	0.699979350119	0.685747716455	0.696383849589	0.685220930445	0.696103540522	0.690803818119	0.68925550666	0.686591373456	0.681678166503	0.693577838654	0.688761259442	0.686756108723	0.678421247777	0.683439815031	0.702972854525
AC4	0.661771707728	0.659518816716	0.744241189146	0.690219548749	0.523082079777	0.0	0.671584525489	0.647505558687	0.638419802123	0.653689536955	0.501998467491	0.407427126807	0.688207260839	0.69103599354	0.691238113601	0.654589071145	0.690104417591	0.690104768337	0.763018315681	0.6790631464	0.719528420448	0.686400867681	0.712950195931	0.715938034461	0.762697618753	0.711853063823	0.690328293332	0.711391298952	0.716607864086	0.679834877702	0.754468472579	0.69568951361	0.656990238772	0.669712394611	0.665293532843	0.638147366488	0.663372414269	0.64536947473	0.638618081985	0.632072607584	0.644426303178	0.664620988536	0.644651321564	0.664151247525	0.681736254906	0.684115092669	0.714165326252	0.69780958102	0.687948131697	0.682994001735	0.684461747028	0.677094615682	0.683274883796	0.695223867703	0.698885877544	0.689851625301	0.66620651455	0.659982611464	0.669285584804	0.680304704345	0.664188754506	0.689880351225
AD3	0.702271813025	0.671560333979	0.755836319242	0.703030781413	0.67897513523	0.671584525489	0.0	0.431911147344	0.684417699906	0.363371099642	0.713901572041	0.660176319318	0.722334429418	0.68945214189	0.700303280472	0.67246105465	0.71331983041	0.693021802301	0.777973838287	0.662667642341	0.728768676259	0.675459511538	0.719254101081	0.706224100388	0.733347730523	0.695260321963	0.688565389077	0.675794694029	0.707224518385	0.66860362112	0.732300239149	0.677980307581	0.707216380407	0.66805978606	0.675812167467	0.656104293573	0.683540599342	0.660083425708	0.624938536551	0.655868443025	0.636654392642	0.679445678182	0.666373406319	0.697338454849	0.696847879361	0.701049835415	0.692226427856	0.676181838442	0.672174646779	0.662128677422	0.685308837812	0.685888788143	0.685819396737	0.685722447836	0.688689926319	0.683474181996	0.677933649493	0.695666496737	0.693117868739	0.658695737327	0.704833545208	0.630717053255
AD4	0.693304823245	0.676374467077	0.755534957047	0.682977935433	0.671154434791	0.647505558687	0.431911147344	0.0	0.607392870846	0.430470899647	0.676145508128	0.645260488438	0.698544536094	0.690063141472	0.698757406511	0.667263871978	0.70724986266	0.691352414833	0.778316878044	0.642542518212	0.721026095404	0.68292742535	0.698911325226	0.683609667492	0.729775679864	0.685201120859	0.695884600043	0.685383224597	0.668220074589	0.647510865151	0.711688427392	0.682747668831	0.688022711613	0.661333267119	0.687983890001	0.641468464451	0.661082320164	0.664245815918	0.644435713455	0.642503732194	0.635610758689	0.688858152167	0.650316004073	0.675398448238	0.683624244545	0.679378461818	0.680518789902	0.681303931912	0.675170922034	0.674634025142	0.685169001656	0.684014613472	0.685699324568	0.668862055881	0.659259060249	0.669776179075	0.697756943632	0.692748316925	0.686726727183	0.671144269933	0.695279108686	0.637226573798
AE3	0.647502680197	0.679987619608	0.693595530286	0.68980042078	0.64520491386	0.638419802123	0.684417699906	0.607392870846	0.0	0.641214266844	0.648412595296	0.669749974836	0.675277271599	0.676552069749	0.667956931986	0.656353836081	0.655610570593	0.680362743948	0.761300957037	0.683012417973	0.724775078883	0.715811999116	0.674298094779	0.69667926348	0.744606539146	0.708875314593	0.66925404311	0.71925051657	0.664257848606	0.688529893468	0.734206602942	0.69344997012	0.623307524822	0.707322450699	0.698455467148	0.685619205441	0.646047428988	0.668451519158	0.677301549071	0.669999149959	0.678638351675	0.658006062887	0.655731824055	0.681193146539	0.721019650292	0.734293328753	0.697505683176	0.723279235574	0.679404454828	0.707864102574	0.692267770635	0.718582606143	0.675567310126	0.698079664141	0.650237937337	0.708526779703	0.705911088138	0.71300663349	0.692607554169	0.704578178728	0.663227290428	0.721266014736
AE4	0.686569256948	0.65963264472	0.757203785543	0.689635090982	0.661461655343	0.653689536955	0.363371099642	0.430470899647	0.641214266844	0.0	0.698130353803	0.6508039399	0.713023066487	0.673734611922	0.695701354383	0.67067218282	0.694964758888	0.690964509922	0.769692942284	0.637379569557	0.719127307442	0.666126726241	0.704198451643	0.690976098419	0.732468899983	0.678446766823	0.686244524263	0.678765322344	0.677564910614	0.64275194634	0.74704057647	0.664870154463	0.693023324248	0.663912254069	0.672333718234	0.637670979757	0.674590545005	0.659898265369	0.61182425917	0.640706102748	0.615258094655	0.692530557747	0.665202085487	0.675091032638	0.686971011981	0.683887746454	0.68338637852	0.667123663458	0.676017529962	0.662639258669	0.676683524936	0.674560529812	0.671784725883	0.678359904094	0.682741588154	0.671052109949	0.685121132784	0.681132053859	0.689085511816	0.656038858682	0.68992300526	0.654188032844
AF3	0.652131198282	0.6629249004	0.721463322481	0.668540700845	0.688433527168	0.501998467491	0.713901572041	0.676145508128	0.648412595296	0.698130353803	0.0	0.559576149017	0.664972776527	0.672135030209	0.668655497626	0.661098253357	0.674135933742	0.686878468004	0.76152339331	0.684650402787	0.686397086168	0.711386701468	0.677858927564	0.702388935018	0.764432486949	0.714238209147	0.699704532898	0.726467573609	0.705148970243	0.677038814463	0.725385414383	0.701921977085	0.639415762758	0.689886953537	0.682313349479	0.684645262704	0.644653614115	0.656761531636	0.676527197189	0.668323816864	0.692171398353	0.685916778606	0.669999620743	0.680122306729	0.680024511266	0.688484185908	0.706398663353	0.707407821539	0.681834156626	0.719524269691	0.70747197784	0.710014238154	0.697171234309	0.699679095708	0.705261076112	0.701905489614	0.677985274015	0.704644885978	0.666252771973	0.709439850994	0.658288451567	0.716892172532
AF4	0.678017402403	0.648576219887	0.765641921879	0.69377184982	0.473223661138	0.407427126807	0.660176319318	0.645260488438	0.669749974836	0.6508039399	0.559576149017	0.0	0.689118022051	0.698454934277	0.692249789382	0.657695843929	0.700914356877	0.669809836581	0.763467986621	0.677586043821	0.70510356888	0.681991701627	0.718981201385	0.712970092816	0.73864548583	0.701804797554	0.696989557235	0.697358954036	0.708622328075	0.684116397073	0.747976839897	0.682852281881	0.681520492142	0.660746566602	0.670009049451	0.661969342458	0.688070397659	0.657814627215	0.658917437851	0.645264939048	0.660615939491	0.661949267112	0.667776301361	0.666342752543	0.678215812804	0.685073683485	0.714433629498	0.688720460413	0.693448941592	0.683897094642	0.686748745401	0.682474369423	0.678336820724	0.680931059255	0.686180909178	0.676017099405	0.681007680998	0.672145837957	0.677493059502	0.674207612899	0.673696222525	0.695785542172
AG3	0.654640412341	0.665120310321	0.745242284406	0.435457690464	0.695230464297	0.688207260839	0.722334429418	0.698544536094	0.675277271599	0.713023066487	0.664972776527	0.689118022051	0.0	0.507270193648	0.677618885079	0.667105164039	0.67796503447	0.680970941417	0.776068763774	0.69599553766	0.671157563581	0.702669327118	0.680465416175	0.693000486285	0.726291095411	0.692958806043	0.67292211473	0.698258315825	0.688798552603	0.701759245801	0.729751917791	0.697918861147	0.680005565916	0.708234172269	0.688988622836	0.687331015197	0.690249088831	0.68987203424	0.700361500431	0.699838981492	0.704354039937	0.664872443267	0.669322740812	0.689181442916	0.709801719039	0.721329349294	0.697517928771	0.718564755927	0.654058380443	0.713626077422	0.688146408659	0.717179886812	0.6754141105	0.682204120212	0.691046590569	0.68695165622	0.704167855935	0.718260498615	0.691345887828	0.697773741345	0.680533091314	0.726185235981
AG4	0.636266889726	0.635769737986	0.578501056009	0.409201947906	0.689942170242	0.69103599354	0.68945214189	0.690063141472	0.676552069749	0.673734611922	0.672135030209	0.698454934277	0.507270193648	0.0	0.647262417234	0.634844806118	0.703455544142	0.700867645731	0.724846432689	0.674355329705	0.699835662356	0.682567409154	0.682566451281	0.679879731214	0.706117394775	0.679382713105	0.650122943243	0.679072369621	0.673234245946	0.666983193591	0.731809384794	0.689331269721	0.68225324906	0.718969189818	0.677233889382	0.676779715942	0.676462449166	0.679209075419	0.67948940677	0.67967855916	0.704181261033	0.641827006611	0.633540611783	0.691130082046	0.72944490971	0.732499512415	0.697192962576	0.705346841795	0.62919320544	0.682997135516	0.689232107454	0.717653323158	0.660102313488	0.687095886969	0.689702258527	0.682040324825	0.685562210432	0.716621989865	0.686172968861	0.676305640341	0.66663911387	0.709167365213
AH3	0.677738260078	0.518129215387	0.700093284107	0.681616009088	0.667978850852	0.691238113601	0.700303280472	0.698757406511	0.667956931986	0.695701354383	0.668655497626	0.692249789382	0.677618885079	0.647262417234	0.0	0.564623041852	0.677455430536	0.701361199984	0.766639938702	0.703518804433	0.710859391325	0.703084087096	0.686032606473	0.691860220321	0.726314484782	0.696544945125	0.677132113774	0.711311036682	0.70558466712	0.697763293742	0.749605738677	0.69496894171	0.66060447872	0.716655772122	0.695317955766	0.687649926901	0.673795388269	0.680240534953	0.672621507632	0.691773369123	0.693377935901	0.675484804227	0.673227044638	0.687314210666	0.719138349338	0.728308457064	0.706609421982	0.714756296211	0.688468664644	0.703523185588	0.70813568639	0.722375493292	0.704808390373	0.694394415279	0.684517975622	0.694551212017	0.697185182112	0.706982226066	0.685205322983	0.691954791334	0.691255206129	0.710086555258
AH4	0.479135151261	0.368764108915	0.705027326366	0.651990201541	0.660853205119	0.654589071145	0.67246105465	0.667263871978	0.656353836081	0.67067218282	0.661098253357	0.657695843929	0.667105164039	0.634844806118	0.564623041852	0.0	0.681929540586	0.687309165707	0.768652437516	0.672728171624	0.704469784038	0.661559525876	0.675825062966	0.677571300459	0.723900839077	0.679565771573	0.639472767257	0.669529396833	0.694843619701	0.679827013652	0.739386707821	0.673328376734	0.669982369163	0.682625631495	0.677751424013	0.651003234087	0.654617168747	0.639874180375	0.638449491805	0.674171782386	0.651491584947	0.647007928647	0.640607802871	0.660218002415	0.673676359063	0.679755492513	0.653341393388	0.6558120603	0.633570175182	0.652326148787	0.642082449695	0.666753022096	0.647377439584	0.661513148665	0.647977693918	0.655701406445	0.663269247264	0.662502281648	0.644194258133	0.64688601427	0.641224714534	0.6535858162
AA7	0.670502914629	0.690975283375	0.729384634566	0.69429361336	0.664306079678	0.690104417591	0.71331983041	0.70724986266	0.655610570593	0.694964758888	0.674135933742	0.700914356877	0.67796503447	0.703455544142	0.677455430536	0.681929540586	0.0	0.522872846617	0.771232112629	0.682673706759	0.657795677565	0.675672769805	0.672029749771	0.682539571965	0.703190450862	0.694919466089	0.660207403271	0.672630560223	0.678241252961	0.678376008737	0.711753474587	0.545632307461	0.651134348292	0.728276513392	0.708052732276	0.713076888437	0.670564631385	0.696665264018	0.700508081132	0.726319465591	0.722866212365	0.690233972087	0.695412074029	0.723762167482	0.726998836387	0.722637534881	0.730783182544	0.733027861632	0.694650634434	0.739981615275	0.708784221004	0.735347521268	0.694265746029	0.710604979242	0.690632939635	0.718870410569	0.737146203269	0.729115774026	0.735526323522	0.732869588675	0.68981783807	0.732779044593
AA8	0.688205106704	0.676716482459	0.749143659207	0.695560892298	0.677951069466	0.690104768337	0.693021802301	0.691352414833	0.680362743948	0.690964509922	0.686878468004	0.669809836581	0.680970941417	0.700867645731	0.701361199984	0.687309165707	0.522872846617	0.0	0.766511716162	0.651210590391	0.640683067983	0.649422179443	0.682165917593	0.67875281307	0.696191933703	0.682311930555	0.659307901208	0.634686797792	0.671917076603	0.670677323499	0.559049654024	0.413415620159	0.677747289262	0.69702279885	0.711040197859	0.716631751156	0.688229610125	0.687296070189	0.702766324982	0.705825257206	0.704349332397	0.68686234188	0.695621356495	0.713592836862	0.705637742903	0.715865431055	0.714344682669	0.70625910925	0.701717757347	0.724950270285	0.704825864271	0.723610632385	0.690946590689	0.681782302794	0.688857348661	0.697720159365	0.723096144609	0.732574622618	0.732722294234	0.717437827828	0.711353334251	0.706904126225
AB7	0.753061048065	0.76839896405	0.720259113213	0.754923034668	0.750857291319	0.763018315681	0.777973838287	0.778316878044	0.761300957037	0.769692942284	0.76152339331	0.763467986621	0.776068763774	0.724846432689	0.766639938702	0.768652437516	0.771232112629	0.766511716162	0.0	0.569920176423	0.745060160048	0.757826658185	0.780933449708	0.79311165957	0.745641505471	0.77921963137	0.773128200485	0.776933341908	0.743249826692	0.618082905433	0.760802487513	0.763805892119	0.77947603871	0.798636067814	0.774702229553	0.785946160332	0.77175741503	0.774962190847	0.790691818416	0.787928291681	0.795919848718	0.740626031042	0.740589334163	0.78440428501	0.80111500946	0.805477246002	0.825572521451	0.800710286834	0.775688132292	0.801449578399	0.803676753916	0.802886918653	0.788282372482	0.804091280278	0.783138237534	0.790590775837	0.802647378102	0.805533825785	0.807321197814	0.794535989224	0.788817211008	0.798526860545
AB8	0.682107095679	0.681924596908	0.713856172324	0.684497525732	0.679259814367	0.6790631464	0.662667642341	0.642542518212	0.683012417973	0.637379569557	0.684650402787	0.677586043821	0.69599553766	0.674355329705	0.703518804433	0.672728171624	0.682673706759	0.651210590391	0.569920176423	0.0	0.662146223419	0.625634159471	0.683913638277	0.678985497991	0.690201543903	0.674659494676	0.678502745623	0.649549285574	0.507740823108	0.40139680076	0.69642221477	0.625089067342	0.688192879076	0.695149621404	0.700494996761	0.675435737317	0.669231671759	0.668149926943	0.684203124691	0.686944184544	0.667643400609	0.686046155937	0.658283861939	0.679982609672	0.70049811852	0.698179508082	0.732303748891	0.704395982476	0.681935892203	0.699656057792	0.692901496049	0.716518165532	0.680069153599	0.689696884651	0.68362899808	0.68437781958	0.702606852451	0.713422448463	0.694214391614	0.689258197283	0.675389731126	0.688783463939
AC7	0.690199059007	0.713466580385	0.745493955315	0.699774896342	0.714862587641	0.719528420448	0.728768676259	0.721026095404	0.724775078883	0.719127307442	0.686397086168	0.70510356888	0.671157563581	0.699835662356	0.710859391325	0.704469784038	0.657795677565	0.640683067983	0.745060160048	0.662146223419	0.0	0.523446313156	0.689842268927	0.689491058379	0.694544731854	0.68944735259	0.69875568407	0.592155786362	0.644251322177	0.64294457822	0.656670840741	0.66250276898	0.710694455821	0.699233903193	0.733149917102	0.728855285919	0.714914963676	0.729642491154	0.72218753977	0.728900480429	0.720512782266	0.713065210452	0.719035615396	0.716434080773	0.691006187076	0.689513884472	0.751035569217	0.751613503031	0.706681643712	0.737012174753	0.742642082505	0.741928486399	0.70036600208	0.69534413109	0.693593732896	0.701672570335	0.743919053505	0.73831458685	0.734379248547	0.729708782773	0.699549860086	0.743894203736
AC8	0.680763058579	0.667193942635	0.752536291304	0.683669161763	0.690355445352	0.686400867681	0.675459511538	0.68292742535	0.715811999116	0.666126726241	0.711386701468	0.681991701627	0.702669327118	0.682567409154	0.703084087096	0.661559525876	0.675672769805	0.649422179443	0.757826658185	0.625634159471	0.523446313156	0.0	0.691218627792	0.656357199809	0.70195666587	0.654660717698	0.506256276529	0.397276032441	0.641245386462	0.617432607132	0.704324263476	0.633502176994	0.695421603165	0.665309760049	0.713010596743	0.684015917174	0.694103233786	0.688310163001	0.66697703293	0.70283401114	0.682502073999	0.689846447949	0.686292615197	0.693511299778	0.68127172304	0.675912155387	0.718763035789	0.697704531187	0.679146127592	0.684459444861	0.692414556788	0.693145324621	0.668389888526	0.671183146475	0.68491139617	0.655742105846	0.698078483955	0.678069419439	0.702158728281	0.696930885393	0.671895933595	0.670509920156
AD7	0.675764340712	0.691419029944	0.743937275886	0.698974089942	0.726199577479	0.712950195931	0.719254101081	0.698911325226	0.674298094779	0.704198451643	0.677858927564	0.718981201385	0.680465416175	0.682566451281	0.686032606473	0.675825062966	0.672029749771	0.682165917593	0.780933449708	0.683913638277	0.689842268927	0.691218627792	0.0	0.471167269941	0.710447681839	0.528716589206	0.669496769791	0.680876169092	0.672259985637	0.674463348881	0.707489467445	0.66638842834	0.643952304471	0.696430522133	0.728855567252	0.710383424211	0.702749381582	0.687394947999	0.702444533758	0.708751590059	0.705340656124	0.685787861411	0.682400752854	0.70888437504	0.699924944826	0.679410198028	0.71342820242	0.713313308157	0.683505952962	0.719701429842	0.702855913773	0.730671102715	0.692755622911	0.688393866683	0.669674184973	0.694545783715	0.701764329682	0.720922790109	0.70788258722	0.695855844457	0.665768756634	0.708452403204
AD8	0.695210813941	0.690234130254	0.757037136485	0.700651489313	0.729158949268	0.715938034461	0.706224100388	0.683609667492	0.69667926348	0.690976098419	0.702388935018	0.712970092816	0.693000486285	0.679879731214	0.691860220321	0.677571300459	0.682539571965	0.67875281307	0.79311165957	0.678985497991	0.689491058379	0.656357199809	0.471167269941	0.0	0.592112873767	0.402947893137	0.653900103037	0.654195084612	0.669583788981	0.671867332147	0.699687696517	0.659204736524	0.679641680376	0.692785411817	0.740868993452	0.7092705825	0.702158276144	0.704497073843	0.698000304482	0.707588522888	0.700627605689	0.700519781639	0.693044352491	0.703161930957	0.699428974297	0.696217415447	0.715112602236	0.707979425469	0.702488638318	0.710576886101	0.706076165464	0.72977320618	0.692369933763	0.68260005552	0.676098692093	0.690465123573	0.701634866808	0.716996319651	0.707809060321	0.696416975005	0.683168120745	0.709590363247
AE7	0.724216652554	0.732712252284	0.744979805064	0.721602863798	0.718392015487	0.762697618753	0.733347730523	0.729775679864	0.744606539146	0.732468899983	0.764432486949	0.73864548583	0.726291095411	0.706117394775	0.726314484782	0.723900839077	0.703190450862	0.696191933703	0.745641505471	0.690201543903	0.694544731854	0.70195666587	0.710447681839	0.592112873767	0.0	0.507222314283	0.712931090878	0.690748000866	0.684492665686	0.702081963445	0.731844811713	0.700121051586	0.729585364018	0.754144667737	0.73710033033	0.741561277705	0.725300684075	0.75666269126	0.762630552946	0.762622785131	0.764173190948	0.739212231151	0.735188876915	0.747153799772	0.746141274468	0.76371109111	0.767893770241	0.775705003967	0.732365923029	0.767180791158	0.754117699574	0.786360574245	0.74180848224	0.747140963617	0.736678625941	0.751264765649	0.776436544973	0.785655351523	0.773642733432	0.761573883412	0.748944503776	0.778318949858
AE8	0.693330108052	0.676062385378	0.751134000226	0.698957423536	0.710295901661	0.711853063823	0.695260321963	0.685201120859	0.708875314593	0.678446766823	0.714238209147	0.701804797554	0.692958806043	0.679382713105	0.696544945125	0.679565771573	0.694919466089	0.682311930555	0.77921963137	0.674659494676	0.68944735259	0.654660717698	0.528716589206	0.402947893137	0.507222314283	0.0	0.65953072838	0.654664698184	0.668186481914	0.663119166872	0.710525755757	0.67536088846	0.68527810117	0.697034495286	0.720237816713	0.697907693002	0.715385328389	0.706574903948	0.706031045683	0.713021471816	0.714951821845	0.686382866842	0.689117479403	0.696920449073	0.695157527651	0.704531391069	0.721716664844	0.720317049313	0.694826767477	0.71497899261	0.713513994185	0.738773393984	0.694546877094	0.688930014524	0.692984191626	0.697462525532	0.710505332439	0.724428622734	0.726684405381	0.707925621569	0.68707104496	0.71934658041
AF7	0.663098811006	0.648736029602	0.727099484952	0.665085506456	0.697992141485	0.690328293332	0.688565389077	0.695884600043	0.66925404311	0.686244524263	0.699704532898	0.696989557235	0.67292211473	0.650122943243	0.677132113774	0.639472767257	0.660207403271	0.659307901208	0.773128200485	0.678502745623	0.69875568407	0.506256276529	0.669496769791	0.653900103037	0.712931090878	0.65953072838	0.0	0.462647880471	0.659376800202	0.669841125406	0.723430557986	0.642060137465	0.677573383119	0.690922033376	0.694926590991	0.679001863461	0.676326492027	0.659201464105	0.672900396702	0.693209857613	0.68797376144	0.66487783684	0.665787941817	0.695831099634	0.709084658045	0.726376451535	0.703185985851	0.704627231182	0.667907842598	0.699153865734	0.673655209003	0.701296222023	0.6805976784	0.681915400012	0.668504062751	0.676466130922	0.656862449977	0.693966171523	0.67710812081	0.700086884619	0.659727136294	0.676501532502
AF8	0.692504880218	0.677154192886	0.760124704447	0.68251102599	0.704941836584	0.711391298952	0.675794694029	0.685383224597	0.71925051657	0.678765322344	0.726467573609	0.697358954036	0.698258315825	0.679072369621	0.711311036682	0.669529396833	0.672630560223	0.634686797792	0.776933341908	0.649549285574	0.592155786362	0.397276032441	0.680876169092	0.654195084612	0.690748000866	0.654664698184	0.462647880471	0.0	0.637020948193	0.630493198234	0.703970273034	0.615402489333	0.699382925182	0.675464093795	0.698175287995	0.688147176284	0.692443303485	0.673577600432	0.679355121236	0.702968337807	0.685182699252	0.681736978107	0.686830109741	0.701924707107	0.701803628537	0.695360385926	0.716401720717	0.711757052159	0.667419778001	0.691190530509	0.690992036908	0.707491197029	0.663634751716	0.655795761118	0.66816750857	0.655088165947	0.681665967461	0.696513465672	0.70302739601	0.695677344147	0.674210777354	0.68938794788
AG7	0.684386655676	0.693949885134	0.705791476802	0.683125257722	0.710490397251	0.716607864086	0.707224518385	0.668220074589	0.664257848606	0.677564910614	0.705148970243	0.708622328075	0.688798552603	0.673234245946	0.70558466712	0.694843619701	0.678241252961	0.671917076603	0.743249826692	0.507740823108	0.644251322177	0.641245386462	0.672259985637	0.669583788981	0.684492665686	0.668186481914	0.659376800202	0.637020948193	0.0	0.460191162524	0.68179050427	0.648218912026	0.672843679392	0.703523631508	0.710930463954	0.679087527431	0.658795650684	0.681486037228	0.693798522139	0.706684606561	0.694643110504	0.696719852376	0.673618018178	0.686750547143	0.71189343886	0.692829844354	0.719537463425	0.716608649627	0.677605559006	0.710758349072	0.675176189077	0.719442824668	0.674326231646	0.683960649527	0.684154141241	0.689306574472	0.705940181237	0.72623531513	0.699222044561	0.700203967713	0.666105158037	0.710412614671
AG8	0.672921210877	0.674500584651	0.71050012504	0.680851032832	0.698347006288	0.679834877702	0.66860362112	0.647510865151	0.688529893468	0.64275194634	0.677038814463	0.684116397073	0.701759245801	0.666983193591	0.697763293742	0.679827013652	0.678376008737	0.670677323499	0.618082905433	0.40139680076	0.64294457822	0.617432607132	0.674463348881	0.671867332147	0.702081963445	0.663119166872	0.669841125406	0.630493198234	0.460191162524	0.0	0.69715792616	0.638465052384	0.675587263848	0.685160507693	0.700778605998	0.668237966211	0.65063791	0.650922962919	0.672901163925	0.686999529706	0.660497930144	0.677181863158	0.658693028209	0.678169217426	0.688861687929	0.67015989379	0.719696701283	0.691094488184	0.67509745076	0.693045424525	0.681995240834	0.708954131073	0.657546606839	0.676558412914	0.685360754271	0.673367713476	0.692651118454	0.699807541465	0.696582040796	0.681434036192	0.672508057128	0.685856149781
AH7	0.730778578585	0.748581156909	0.766779363607	0.731994747753	0.744394370096	0.754468472579	0.732300239149	0.711688427392	0.734206602942	0.74704057647	0.725385414383	0.747976839897	0.729751917791	0.731809384794	0.749605738677	0.739386707821	0.711753474587	0.559049654024	0.760802487513	0.69642221477	0.656670840741	0.704324263476	0.707489467445	0.699687696517	0.731844811713	0.710525755757	0.723430557986	0.703970273034	0.68179050427	0.69715792616	0.0	0.548134632922	0.720462282082	0.758090074182	0.777620861834	0.762532787294	0.751955791561	0.753695580558	0.759701594213	0.752435020285	0.757772494494	0.748794094834	0.7508483202	0.752133420357	0.765136058104	0.76866761393	0.768188749276	0.757524831436	0.76167267228	0.772975958794	0.778896106079	0.78433374397	0.744832383807	0.73890243526	0.738346629653	0.74119400034	0.774230568597	0.799232252753	0.77642379186	0.773292092311	0.745437367468	0.72973919249
AH8	0.682858144134	0.672116530791	0.755268325583	0.701791529901	0.693826549023	0.69568951361	0.677980307581	0.682747668831	0.69344997012	0.664870154463	0.701921977085	0.682852281881	0.697918861147	0.689331269721	0.69496894171	0.673328376734	0.545632307461	0.413415620159	0.763805892119	0.625089067342	0.66250276898	0.633502176994	0.66638842834	0.659204736524	0.700121051586	0.67536088846	0.642060137465	0.615402489333	0.648218912026	0.638465052384	0.548134632922	0.0	0.675475741986	0.697347536969	0.708466936641	0.698593318345	0.690483240316	0.677267217	0.687346509003	0.701902655003	0.692115279506	0.696028300091	0.696828291417	0.706974801135	0.709210424808	0.716785977469	0.716836274176	0.702304004118	0.708501265252	0.721822375608	0.712646451838	0.722685065753	0.68651715542	0.683916375814	0.689179713447	0.692958009475	0.713889322478	0.729518392609	0.724210093181	0.717688862795	0.694564315501	0.694983184215
AA5	0.645683716467	0.66495826949	0.721243913431	0.693720328486	0.655710315777	0.656990238772	0.707216380407	0.688022711613	0.623307524822	0.693023324248	0.639415762758	0.681520492142	0.680005565916	0.68225324906	0.66060447872	0.669982369163	0.651134348292	0.677747289262	0.77947603871	0.688192879076	0.710694455821	0.695421603165	0.643952304471	0.679641680376	0.729585364018	0.68527810117	0.677573383119	0.699382925182	0.672843679392	0.675587263848	0.720462282082	0.675475741986	0.0	0.595962793335	0.689141541494	0.670235765687	0.64541744416	0.63439848481	0.685014478782	0.688797783346	0.682041800658	0.650873047797	0.627576314463	0.669663134854	0.713001954795	0.65915928579	0.683548468801	0.709033021846	0.692433137933	0.706117576657	0.692517832181	0.712402416187	0.66937681607	0.69758818639	0.659362972294	0.695384851772	0.675841016829	0.717349327739	0.670483318006	0.682682010177	0.644951909137	0.710060506808
AA6	0.697423152543	0.677415519	0.790212704296	0.710411226248	0.697755879317	0.669712394611	0.66805978606	0.661333267119	0.707322450699	0.663912254069	0.689886953537	0.660746566602	0.708234172269	0.718969189818	0.716655772122	0.682625631495	0.728276513392	0.69702279885	0.798636067814	0.695149621404	0.699233903193	0.665309760049	0.696430522133	0.692785411817	0.754144667737	0.697034495286	0.690922033376	0.675464093795	0.703523631508	0.685160507693	0.758090074182	0.697347536969	0.595962793335	0.0	0.700602845721	0.682735357878	0.665571014366	0.633001115288	0.674605859817	0.676046376084	0.664137671899	0.691643589757	0.64948327735	0.686318948106	0.435087930408	0.414378221471	0.692298263083	0.6911425885	0.675455835694	0.684540070045	0.677731182316	0.669658303492	0.668863147566	0.67974453759	0.697078598495	0.684720363479	0.671795263179	0.679876974714	0.689236326356	0.674161222625	0.658201348158	0.684935738359
AB5	0.681095672547	0.662162170144	0.716526792921	0.690519705679	0.68518039032	0.665293532843	0.675812167467	0.687983890001	0.698455467148	0.672333718234	0.682313349479	0.670009049451	0.688988622836	0.677233889382	0.695317955766	0.677751424013	0.708052732276	0.711040197859	0.774702229553	0.700494996761	0.733149917102	0.713010596743	0.728855567252	0.740868993452	0.73710033033	0.720237816713	0.694926590991	0.698175287995	0.710930463954	0.700778605998	0.777620861834	0.708466936641	0.689141541494	0.700602845721	0.0	0.462796493532	0.6613403979	0.662348232469	0.660142238008	0.641149916223	0.654069886437	0.676667324396	0.670458636906	0.676547675151	0.707767048933	0.707126145819	0.674987953576	0.707211005655	0.673785311416	0.711625963682	0.688970388427	0.687749349852	0.66333204579	0.689135557013	0.701965509112	0.676659634938	0.700323757117	0.703797646109	0.704932826115	0.714056681788	0.661772107461	0.69370470091
AB6	0.681543820673	0.653737229707	0.73300262389	0.668755525892	0.660947113805	0.638147366488	0.656104293573	0.641468464451	0.685619205441	0.637670979757	0.684645262704	0.661969342458	0.687331015197	0.676779715942	0.687649926901	0.651003234087	0.713076888437	0.716631751156	0.785946160332	0.675435737317	0.728855285919	0.684015917174	0.710383424211	0.7092705825	0.741561277705	0.697907693002	0.679001863461	0.688147176284	0.679087527431	0.668237966211	0.762532787294	0.698593318345	0.670235765687	0.682735357878	0.462796493532	0.0	0.650572152396	0.659413896035	0.638544273772	0.632743957567	0.614255239205	0.657065863449	0.633123993652	0.554374773184	0.698162861163	0.682423116489	0.687431329221	0.689565151936	0.637967060903	0.665710406548	0.66258296445	0.682223901092	0.670725754011	0.677108743955	0.685187361066	0.661885168947	0.675021285783	0.696162409949	0.663531216849	0.672080589963	0.658936396896	0.674601423431
AC5	0.63444906863	0.655395705064	0.723241232606	0.676071774679	0.679243885807	0.663372414269	0.683540599342	0.661082320164	0.646047428988	0.674590545005	0.644653614115	0.688070397659	0.690249088831	0.676462449166	0.673795388269	0.654617168747	0.670564631385	0.688229610125	0.77175741503	0.669231671759	0.714914963676	0.694103233786	0.702749381582	0.702158276144	0.725300684075	0.715385328389	0.676326492027	0.692443303485	0.658795650684	0.65063791	0.751955791561	0.690483240316	0.64541744416	0.665571014366	0.6613403979	0.650572152396	0.0	0.498902841115	0.638002761043	0.648922589516	0.668920836784	0.683748949705	0.608364523012	0.659735258113	0.650585681136	0.656781297449	0.648498538	0.703232742181	0.618811810197	0.683042382674	0.6580552394	0.661172591652	0.649148593889	0.660772107291	0.63634161235	0.665652023593	0.65294507726	0.665449221933	0.646224595736	0.674395848292	0.645107196671	0.686356267055
AC6	0.647732784521	0.644999818799	0.749219678988	0.686366441203	0.677905215635	0.64536947473	0.660083425708	0.664245815918	0.668451519158	0.659898265369	0.656761531636	0.657814627215	0.68987203424	0.679209075419	0.680240534953	0.639874180375	0.696665264018	0.687296070189	0.774962190847	0.668149926943	0.729642491154	0.688310163001	0.687394947999	0.704497073843	0.75666269126	0.706574903948	0.659201464105	0.673577600432	0.681486037228	0.650922962919	0.753695580558	0.677267217	0.63439848481	0.633001115288	0.662348232469	0.659413896035	0.498902841115	0.0	0.628943975324	0.660557770654	0.635110893442	0.575514423766	0.518981935062	0.641158284366	0.67115918655	0.648285600742	0.652366723597	0.690344891278	0.629350187986	0.659261595157	0.64170134429	0.652118867851	0.653144623341	0.67280539326	0.662731627376	0.662099131592	0.623307371595	0.661523185726	0.638560315794	0.657946660881	0.646026117099	0.673162544368
AD6	0.670095407556	0.631586317818	0.766078727192	0.686252749221	0.66255824617	0.638618081985	0.624938536551	0.644435713455	0.677301549071	0.61182425917	0.676527197189	0.658917437851	0.700361500431	0.67948940677	0.672621507632	0.638449491805	0.700508081132	0.702766324982	0.790691818416	0.684203124691	0.72218753977	0.66697703293	0.702444533758	0.698000304482	0.762630552946	0.706031045683	0.672900396702	0.679355121236	0.693798522139	0.672901163925	0.759701594213	0.687346509003	0.685014478782	0.674605859817	0.660142238008	0.638544273772	0.638002761043	0.628943975324	0.0	0.512937702253	0.431938790321	0.671507248062	0.641518867255	0.678766200781	0.675619406003	0.667710204216	0.666699797755	0.655974935697	0.638685235197	0.636646792094	0.674052307651	0.674079994397	0.648353716196	0.653077759206	0.661726329052	0.644609008438	0.646982221454	0.651764147349	0.659197162646	0.642332840308	0.633611996326	0.628533525496
AE5	0.683269710645	0.658650862398	0.745832650035	0.687675575434	0.655743070953	0.632072607584	0.655868443025	0.642503732194	0.669999149959	0.640706102748	0.668323816864	0.645264939048	0.699838981492	0.67967855916	0.691773369123	0.674171782386	0.726319465591	0.705825257206	0.787928291681	0.686944184544	0.728900480429	0.70283401114	0.708751590059	0.707588522888	0.762622785131	0.713021471816	0.693209857613	0.702968337807	0.706684606561	0.686999529706	0.752435020285	0.701902655003	0.688797783346	0.676046376084	0.641149916223	0.632743957567	0.648922589516	0.660557770654	0.512937702253	0.0	0.39324224853	0.678719134353	0.641604112386	0.675039013837	0.681389001611	0.682084571548	0.67657162067	0.673038820639	0.654550546124	0.649088883413	0.667238533402	0.693042600148	0.635672170088	0.643487470949	0.649522162604	0.634276470094	0.662110127862	0.684664551737	0.665662223445	0.647379711756	0.643859242625	0.666625385053
AE6	0.68729858232	0.654204450124	0.767716138027	0.701292102773	0.672341664958	0.644426303178	0.636654392642	0.635610758689	0.678638351675	0.615258094655	0.692171398353	0.660615939491	0.704354039937	0.704181261033	0.693377935901	0.651491584947	0.722866212365	0.704349332397	0.795919848718	0.667643400609	0.720512782266	0.682502073999	0.705340656124	0.700627605689	0.764173190948	0.714951821845	0.68797376144	0.685182699252	0.694643110504	0.660497930144	0.757772494494	0.692115279506	0.682041800658	0.664137671899	0.654069886437	0.614255239205	0.668920836784	0.635110893442	0.431938790321	0.39324224853	0.0	0.675411382898	0.636611915221	0.667412420573	0.680312398738	0.66798454023	0.683555900691	0.667345189159	0.655013105516	0.636327895219	0.663312990485	0.682329868524	0.638665572017	0.657532501764	0.656967294843	0.637704300556	0.67042842754	0.670653087332	0.665922218012	0.642772433697	0.640706348812	0.646429753956
AF5	0.676754457112	0.657955464269	0.71935981988	0.657758670913	0.648171427351	0.664620988536	0.679445678182	0.688858152167	0.658006062887	0.692530557747	0.685916778606	0.661949267112	0.664872443267	0.641827006611	0.675484804227	0.647007928647	0.690233972087	0.68686234188	0.740626031042	0.686046155937	0.713065210452	0.689846447949	0.685787861411	0.700519781639	0.739212231151	0.686382866842	0.66487783684	0.681736978107	0.696719852376	0.677181863158	0.748794094834	0.696028300091	0.650873047797	0.691643589757	0.676667324396	0.657065863449	0.683748949705	0.575514423766	0.671507248062	0.678719134353	0.675411382898	0.0	0.487292670301	0.659978673721	0.72994270969	0.715324455297	0.706975218468	0.71698154362	0.656489134392	0.676764389175	0.678271594116	0.722112861746	0.674651848436	0.706466370074	0.699640386791	0.697687647893	0.666339780675	0.723781726347	0.672119343692	0.654724991033	0.674191475233	0.718783539808
AF6	0.660735983808	0.646715482512	0.70838179309	0.653778371696	0.655881107584	0.644651321564	0.666373406319	0.650316004073	0.655731824055	0.665202085487	0.669999620743	0.667776301361	0.669322740812	0.633540611783	0.673227044638	0.640607802871	0.695412074029	0.695621356495	0.740589334163	0.658283861939	0.719035615396	0.686292615197	0.682400752854	0.693044352491	0.735188876915	0.689117479403	0.665787941817	0.686830109741	0.673618018178	0.658693028209	0.7508483202	0.696828291417	0.627576314463	0.64948327735	0.670458636906	0.633123993652	0.608364523012	0.518981935062	0.641518867255	0.641604112386	0.636611915221	0.487292670301	0.0	0.63210307261	0.69109814507	0.661486943201	0.664113432662	0.6910765453	0.630231902512	0.648730307558	0.654667946974	0.673685507037	0.664122438076	0.677204310787	0.661758001447	0.674940456893	0.647129862503	0.687197191466	0.643990658049	0.630175146774	0.650483589835	0.682479512657
