	AA3	AA4	AB3	AB4	AC3	AC4	AD3	AD4	AE3	AE4	AF3	AF4	AG3	AG4	AH3	AH4	AA7	AA8	AB7	AB8	AC7	AC8	AD7	AD8	AE7	AE8	AF7	AF8	AG7	AG8	AH7	AH8	AA5	AA6	AB5	AB6	AC5	AC6	AD6	AE5	AE6	AF5	AF6	AG5	AH5	AH6	AA1	AA2	AB1	AB2	AC1	AC2	AD1	AD2	AE1	AE2	AF1	AF2	AG1	AG2	AH1	AH2
AA3	0.0	0.504851594671	0.701338567219	0.637564291475	0.675121955077	0.656719905131	0.689134543639	0.679470144394	0.633281752069	0.694878179142	0.649362354203	0.667483204202	0.652781047195	0.595609216037	0.672726726696	0.487097540467	0.670120754373	0.677525770229	0.744771591422	0.673013097377	0.685061273311	0.684736410565	0.684611578772	0.699948788252	0.728622008889	0.710849559106	0.645643577787	0.680802914623	0.681452038388	0.685016177265	0.731999392083	0.693028908277	0.649935199709	0.688502990394	0.664626657828	0.676146527745	0.642499138022	0.652760751903	0.653726647873	0.689018600039	0.676714570246	0.686600097476	0.658174662332	0.657513113237	0.695593774469	0.69148636477	0.662003773334	0.68759209083	0.637534749935	0.679333229749	0.683560638571	0.671279501846	0.63550724805	0.658933444173	0.68260190345	0.658138557042	0.669503071789	0.687736993396	0.649520451741	0.705079926156	0.633221780317	0.673155828086
AA4	0.504851594671	0.0	0.71767027181	0.656384462239	0.662665685922	0.656136623844	0.681308924618	0.667351591652	0.676746882116	0.654958326838	0.677424952261	0.631189469262	0.672807347833	0.646538476809	0.50670035314	0.383440630488	0.70131889149	0.687046297155	0.774605870351	0.695390324629	0.723195997671	0.679646128745	0.69775906797	0.707065353686	0.739405693092	0.690918966147	0.663236766425	0.679326873056	0.702089567429	0.698108244943	0.758449599287	0.681254861523	0.658357622696	0.667016943284	0.679021507683	0.66046300429	0.668195070605	0.648218064292	0.647895397549	0.666773575117	0.643489783983	0.672451193059	0.658287493865	0.651118782176	0.685247010759	0.66627029412	0.669528887773	0.657273325249	0.66083522601	0.654640206968	0.676740730304	0.66329177216	0.646393207287	0.644750051411	0.68321642104	0.657426033811	0.648155284628	0.658074084736	0.666353873694	0.658956543369	0.648001243988	0.640797583332
AB3	0.701338567219	0.71767027181	0.0	0.668940215351	0.679910505759	0.750585149249	0.745031666938	0.738989243227	0.702119027429	0.746753792022	0.725062262503	0.727510790892	0.73345141572	0.618611610366	0.702297596291	0.717384679864	0.714970838952	0.740162560846	0.715524187215	0.712161987292	0.720709668741	0.737362315472	0.74472535566	0.7574714949	0.651299288411	0.748825365224	0.713573194466	0.75090017643	0.711885738897	0.726867654025	0.755144072329	0.735832492752	0.717011320131	0.782859263019	0.710668259703	0.732246894069	0.723321249709	0.717686348786	0.74852619249	0.756239319136	0.769885014257	0.718684469651	0.714275186012	0.741015578898	0.788628088984	0.786195709397	0.769237861618	0.780247102518	0.739378746961	0.775875153488	0.759492014823	0.777312267141	0.758435928889	0.772519582082	0.77124937526	0.77231352008	0.762426731973	0.786053077072	0.767504947032	0.774731281666	0.735191551992	0.778683589488
AB4	0.637564291475	0.656384462239	0.668940215351	0.0	0.667164189085	0.688439487117	0.710819513737	0.696525439956	0.675799143678	0.707219115183	0.669141222461	0.690397346183	0.42613246384	0.438632007816	0.678508990659	0.657349839765	0.695838532377	0.697868285297	0.746819552023	0.680520786031	0.686246461219	0.689982719279	0.699218398968	0.704768721845	0.72865915627	0.707239044851	0.670661516434	0.700559504744	0.677374849561	0.6781799962	0.73830644977	0.698373227095	0.696246092362	0.703253194866	0.688041425207	0.683921955335	0.678789294584	0.655551984942	0.684966046483	0.695140695711	0.706035699436	0.656822256071	0.655360864754	0.668273820868	0.716458018215	0.713529281059	0.69604746644	0.69928887642	0.645547090219	0.689233093032	0.708469179166	0.698071011402	0.667016868921	0.684276475402	0.697376345339	0.684481778354	0.692499539775	0.704749969857	0.709088051477	0.68199333218	0.673450306727	0.694572478798
AC3	0.675121955077	0.662665685922	0.679910505759	0.667164189085	0.0	0.488141470841	0.672313015103	0.658299430543	0.658063042788	0.655485138481	0.68655423881	0.462356096849	0.69948019775	0.688010813049	0.66645903183	0.66271945632	0.683276014429	0.682522315022	0.753237229288	0.675351283091	0.696120425711	0.692242669841	0.720987947847	0.711639933732	0.711744835061	0.718912368716	0.703979457469	0.704011030578	0.702778431215	0.687968170584	0.742819565765	0.700098820312	0.678335519787	0.691896087761	0.686872712151	0.675260732738	0.690184571448	0.655284332797	0.689171634341	0.657542735497	0.674113820565	0.65572611248	0.647025342945	0.666970174738	0.714652392914	0.694712937029	0.709712854023	0.702261242822	0.676050370362	0.683024605527	0.682517941962	0.695072782903	0.693942461303	0.691780278955	0.686303586498	0.683728620848	0.70370387625	0.696854994034	0.69497513266	0.67860193321	0.688601126421	0.698121186375
AC4	0.656719905131	0.656136623844	0.750585149249	0.688439487117	0.488141470841	0.0	0.675875851687	0.642738421726	0.659214479265	0.650174810548	0.51746518605	0.374774306325	0.693879503889	0.682969973885	0.683388348242	0.655737633516	0.697674323535	0.679362540307	0.764450077998	0.673268204793	0.707620034016	0.675516124742	0.712026105165	0.698972686772	0.750687743711	0.715053114815	0.685819571797	0.682680624434	0.702502495621	0.672718910844	0.744286485057	0.694012630825	0.674964363781	0.661387988597	0.665836495269	0.666289834829	0.668083016276	0.65153010239	0.664916536824	0.651224857785	0.641705881812	0.675140854237	0.650632549851	0.65272123762	0.666539693233	0.64961793596	0.702970222913	0.682666973906	0.677843828382	0.663029435485	0.671933140415	0.669768548984	0.667978956732	0.690454108644	0.70141745197	0.68053068018	0.681160285927	0.657823422493	0.67183853171	0.682815838338	0.649537531884	0.683154599243
AD3	0.689134543639	0.681308924618	0.745031666938	0.710819513737	0.672313015103	0.675875851687	0.0	0.434005560254	0.674283444122	0.386804793179	0.710993866598	0.658315919422	0.713672699471	0.707812760323	0.688542681011	0.678964115759	0.713394062211	0.704219965048	0.768128656277	0.67569638292	0.711925611243	0.685334274974	0.720841405787	0.6964457423	0.729092197189	0.700824361852	0.685359281503	0.67149035044	0.703542495953	0.677241743854	0.725324869497	0.711297753838	0.717337952017	0.692789699376	0.673499187007	0.665708377317	0.693499069382	0.660231864871	0.628856508399	0.643028875925	0.624489448957	0.693584182647	0.678928522202	0.683735765938	0.698748019542	0.684245224417	0.687123572721	0.691428421415	0.673081333052	0.668358001009	0.701371328395	0.697618838762	0.689071901481	0.665548270614	0.691670746972	0.676709298306	0.69054984089	0.671598338877	0.696605964915	0.671463848393	0.699155244571	0.677022502105
AD4	0.679470144394	0.667351591652	0.738989243227	0.696525439956	0.658299430543	0.642738421726	0.434005560254	0.0	0.582922880271	0.37203578557	0.678997102881	0.6376438047	0.701377585116	0.699584563257	0.680469318655	0.660638351488	0.704937218823	0.670887748253	0.767048524305	0.639305394888	0.700359823187	0.657099478741	0.685033511792	0.670776636145	0.720892474163	0.67468453869	0.663799313037	0.647954384304	0.653992316719	0.636534837384	0.72386456639	0.657008165	0.689147789282	0.670884880251	0.670965413509	0.650579019668	0.665749855956	0.652237441239	0.610640753117	0.640151506363	0.600694030861	0.686985603737	0.668671414324	0.665251547258	0.682810936365	0.661688719353	0.681173077572	0.653131354844	0.660078125738	0.659129166741	0.689467843997	0.700073134399	0.666996677025	0.647956066633	0.667811412666	0.660391552863	0.684455601115	0.66706659702	0.688266813716	0.670087192048	0.666506749654	0.645348263125
AE3	0.633281752069	0.676746882116	0.702119027429	0.675799143678	0.658063042788	0.659214479265	0.674283444122	0.582922880271	0.0	0.617759979878	0.645403774639	0.673260397151	0.679570613707	0.671904907651	0.641411028262	0.67056033049	0.643032885595	0.68183464941	0.758299675688	0.672751278561	0.707724812087	0.694619239138	0.647053098434	0.673618853437	0.737818775778	0.706714923843	0.65041168278	0.699011814061	0.652793384529	0.663072029861	0.734691895274	0.687204289984	0.626890869278	0.703352359392	0.672529726067	0.688367724124	0.640553611037	0.676890132649	0.669017558533	0.674277471306	0.6847599153	0.655293619875	0.654560806113	0.66535402478	0.717954038857	0.708505326017	0.696848218557	0.703590215071	0.686882276174	0.698559920652	0.68292475668	0.716353857232	0.666595071399	0.684240316722	0.658740974246	0.689037178199	0.692815438276	0.703972577823	0.697975494399	0.708389530381	0.636263800676	0.709430410056
AE4	0.694878179142	0.654958326838	0.746753792022	0.707219115183	0.655485138481	0.650174810548	0.386804793179	0.37203578557	0.617759979878	0.0	0.705395776306	0.618941678499	0.702377959148	0.705468322552	0.684064638023	0.674414087551	0.70884134602	0.678335114907	0.767182699323	0.643922680131	0.714011923912	0.669576211931	0.707049280649	0.692312251613	0.734241622315	0.675672478257	0.683174088118	0.651347293835	0.675537578364	0.649040738742	0.748132488143	0.678118184592	0.689607572514	0.653997797488	0.666966477225	0.648832057903	0.679560628997	0.650017182027	0.625825945365	0.634738858501	0.603680321647	0.681946255077	0.666575584031	0.670760849918	0.696986884327	0.673708321504	0.690655420143	0.676000838049	0.685853814851	0.658427420199	0.693060609258	0.699290301738	0.68682516797	0.667593285184	0.693768848464	0.673363316218	0.679752439393	0.664314676084	0.696096519365	0.664933252305	0.687119921075	0.666493049889
AF3	0.649362354203	0.677424952261	0.725062262503	0.669141222461	0.68655423881	0.51746518605	0.710993866598	0.678997102881	0.645403774639	0.705395776306	0.0	0.556901138904	0.670675473194	0.659248603452	0.676187646668	0.669502547975	0.676385216453	0.686731697141	0.750854350482	0.684893353875	0.686764028869	0.703010504413	0.693188155043	0.704312655837	0.759371003043	0.722423230717	0.676447785718	0.705422316549	0.698048821057	0.674456207157	0.718661170478	0.694069964644	0.644799096385	0.697825154131	0.670799243061	0.689498905641	0.652880856323	0.667334441439	0.686222331005	0.675587576843	0.689069969048	0.672649590715	0.678158066298	0.663359717333	0.685925417605	0.694064439326	0.718148273377	0.717277895984	0.692044133286	0.706211735372	0.709556617947	0.715673513741	0.69434977391	0.714258629152	0.713296595868	0.710464083653	0.682564471788	0.710052200565	0.679723292823	0.723606327644	0.647409737724	0.698588179458
AF4	0.667483204202	0.631189469262	0.727510790892	0.690397346183	0.462356096849	0.374774306325	0.658315919422	0.6376438047	0.673260397151	0.618941678499	0.556901138904	0.0	0.698996753537	0.696455125958	0.683742634114	0.656803846487	0.686578846416	0.67161803926	0.759367538573	0.675587488005	0.695945332432	0.669263007344	0.714225536526	0.701522561415	0.728288585617	0.698770622024	0.689440469003	0.667257676038	0.711440073573	0.676846183349	0.744612322134	0.681312986893	0.658691037756	0.643207074009	0.673073439861	0.660429864136	0.675630784496	0.643547534555	0.667257236601	0.644300266036	0.639822342929	0.66889506255	0.655341003394	0.647447746354	0.675725838283	0.663362442266	0.720622632277	0.687500275339	0.679579108785	0.654762999662	0.675337572318	0.684300257083	0.6889238949	0.682647941034	0.705537778259	0.681201538469	0.672862841024	0.66372589729	0.683909832824	0.670039815741	0.671336792103	0.684109077774
AG3	0.652781047195	0.672807347833	0.73345141572	0.42613246384	0.69948019775	0.693879503889	0.713672699471	0.701377585116	0.679570613707	0.702377959148	0.670675473194	0.698996753537	0.0	0.508101533901	0.684763409673	0.663418916714	0.687278078677	0.683687921026	0.770193373752	0.707985545828	0.687261204747	0.704123321442	0.692472966654	0.705536952705	0.733405458619	0.712483762278	0.678405775181	0.695110240888	0.694028213058	0.705816579743	0.737759772257	0.707275956428	0.677873896992	0.70534117557	0.690227354911	0.696329951122	0.690849981903	0.685734790599	0.695423293027	0.695913300962	0.701644871727	0.655527570787	0.682028484585	0.678184584773	0.71764922993	0.699303343754	0.698611325024	0.7035982157	0.657946475359	0.696706986851	0.712094963339	0.70765933293	0.681885813221	0.691698524138	0.702240695875	0.696157850014	0.701637785207	0.736099950089	0.706725668984	0.696861160498	0.675499912505	0.702740697234
AG4	0.595609216037	0.646538476809	0.618611610366	0.438632007816	0.688010813049	0.682969973885	0.707812760323	0.699584563257	0.671904907651	0.705468322552	0.659248603452	0.696455125958	0.508101533901	0.0	0.690263269638	0.645294670528	0.712890787187	0.719887404733	0.74296185702	0.684159230742	0.702716839436	0.692112560114	0.704019850288	0.711173757662	0.729862378551	0.71341410777	0.680246306264	0.70689905417	0.689684407172	0.691007022647	0.757595303365	0.725801329211	0.681157000392	0.710290135149	0.66092997383	0.680725835849	0.66893608107	0.667635987227	0.672706056907	0.685460780437	0.696345446846	0.674543471194	0.654833452652	0.689385895539	0.720601834685	0.716269539486	0.689338927299	0.710644239505	0.653365066066	0.685976901708	0.697213969462	0.685246320244	0.671882391938	0.704616277187	0.729966921207	0.712908697602	0.693652278071	0.704199776486	0.702415566404	0.697781575351	0.662269240695	0.704259061261
AH3	0.672726726696	0.50670035314	0.702297596291	0.678508990659	0.66645903183	0.683388348242	0.688542681011	0.680469318655	0.641411028262	0.684064638023	0.676187646668	0.683742634114	0.684763409673	0.690263269638	0.0	0.52988918674	0.6740442907	0.70627888952	0.769484433172	0.712315474379	0.723108126365	0.704408345746	0.687752425068	0.695577015325	0.727892405201	0.704542593456	0.676143571884	0.712888267696	0.700489294571	0.709441971099	0.754970692405	0.70334737344	0.669895565248	0.716636012978	0.697507012752	0.686713063621	0.677167051905	0.673896053664	0.679955875977	0.674166691982	0.678973862846	0.668750917205	0.67443904189	0.67133272444	0.710107683677	0.703371148813	0.709635797584	0.69073295165	0.685279538472	0.706108683151	0.692144377003	0.714359499292	0.694828414716	0.69454259918	0.68777994836	0.699882476381	0.695382902409	0.708957877031	0.711869014418	0.699661581809	0.676455348773	0.685229273815
AH4	0.487097540467	0.383440630488	0.717384679864	0.657349839765	0.66271945632	0.655737633516	0.678964115759	0.660638351488	0.67056033049	0.674414087551	0.669502547975	0.656803846487	0.663418916714	0.645294670528	0.52988918674	0.0	0.693125438909	0.699453367368	0.772677123286	0.687950348992	0.712172369816	0.681793895518	0.689255439698	0.697105847441	0.735541748183	0.703148920213	0.65095369301	0.679037055428	0.69391933625	0.699934907146	0.74564518696	0.699501993472	0.678072228539	0.695779681379	0.687614978568	0.667061790163	0.672073944588	0.648570863292	0.64863695556	0.665659044032	0.643848693312	0.679548076515	0.675099913588	0.65438318613	0.684698233156	0.671978134728	0.679653320248	0.660124696906	0.657318792352	0.680745742704	0.665984329559	0.671286477924	0.662651657398	0.657750640648	0.68119829052	0.66481106735	0.667785377324	0.682200174231	0.679716629111	0.677625111365	0.651288472303	0.632565683541
AA7	0.670120754373	0.70131889149	0.714970838952	0.695838532377	0.683276014429	0.697674323535	0.713394062211	0.704937218823	0.643032885595	0.70884134602	0.676385216453	0.686578846416	0.687278078677	0.712890787187	0.6740442907	0.693125438909	0.0	0.524274038615	0.764782266799	0.688691418902	0.66072064104	0.686256067367	0.674538225678	0.685391296954	0.702324600917	0.699501161488	0.665483384799	0.674931900108	0.678607364433	0.674566911904	0.713271654411	0.564715329342	0.663112499556	0.729022333461	0.692748099261	0.717771544475	0.664754572744	0.692732689146	0.713952576906	0.73768618282	0.731114471161	0.681019315167	0.691234930004	0.706576756672	0.729326992427	0.723518529349	0.742849063119	0.731056651978	0.704458816238	0.746127974482	0.702922132691	0.731187075278	0.695252896209	0.705967145492	0.691483307744	0.717983082578	0.743603425601	0.741462337998	0.73773736589	0.745242751123	0.688668272337	0.713862729688
AA8	0.677525770229	0.687046297155	0.740162560846	0.697868285297	0.682522315022	0.679362540307	0.704219965048	0.670887748253	0.68183464941	0.678335114907	0.686731697141	0.67161803926	0.683687921026	0.719887404733	0.70627888952	0.699453367368	0.524274038615	0.0	0.769887120477	0.662125548109	0.633369462905	0.635055852796	0.668300420514	0.671889979646	0.711679657901	0.663556022503	0.682394570833	0.621205271486	0.665351217128	0.664533768574	0.553645856318	0.396356123835	0.667288622389	0.701191947428	0.716052599634	0.71653176746	0.687767507081	0.686129476013	0.699512257331	0.704527122172	0.70000553811	0.70197523526	0.699102972434	0.706455303833	0.717473106218	0.708101883302	0.717079997613	0.713325151466	0.690392105515	0.700400413212	0.716800181959	0.729622848428	0.675555104092	0.677833394548	0.696362243282	0.694328264658	0.723461874161	0.721355834848	0.746366345371	0.714023721966	0.692678661338	0.703565069399
AB7	0.744771591422	0.774605870351	0.715524187215	0.746819552023	0.753237229288	0.764450077998	0.768128656277	0.767048524305	0.758299675688	0.767182699323	0.750854350482	0.759367538573	0.770193373752	0.74296185702	0.769484433172	0.772677123286	0.764782266799	0.769887120477	0.0	0.558260664659	0.74293054827	0.752985907656	0.77920679003	0.792496042139	0.745535960832	0.778652860908	0.75984694862	0.770879446195	0.752104838098	0.611501691496	0.755371207253	0.759878422401	0.777273311959	0.787148059784	0.76255386014	0.782885887946	0.759796953414	0.760519746848	0.778911169096	0.784714882347	0.797372578188	0.748242443572	0.726657270005	0.775754068988	0.790458370826	0.799745801661	0.808022519173	0.810253359561	0.772249809171	0.802191723178	0.803290415763	0.811113163334	0.794692196802	0.790599960168	0.781489622366	0.79415581433	0.793810056996	0.794592178113	0.813386055582	0.794724523499	0.777154642752	0.803542794038
AB8	0.673013097377	0.695390324629	0.712161987292	0.680520786031	0.675351283091	0.673268204793	0.67569638292	0.639305394888	0.672751278561	0.643922680131	0.684893353875	0.675587488005	0.707985545828	0.684159230742	0.712315474379	0.687950348992	0.688691418902	0.662125548109	0.558260664659	0.0	0.64387179025	0.614207614419	0.691195876823	0.672033349813	0.680549265019	0.671321371174	0.648741638911	0.629024775155	0.489442095871	0.370230617499	0.696636947943	0.642150100192	0.675980560852	0.687759287063	0.681187829998	0.673266714663	0.671048476185	0.657483682099	0.681820433179	0.68351339102	0.686352849802	0.685025273367	0.646624683229	0.653124503719	0.691206056352	0.683073767812	0.718502440003	0.701325560058	0.667441202004	0.706488818378	0.700888433721	0.723931413701	0.676976471908	0.673402493193	0.691774556373	0.688834800097	0.698550948627	0.708614384417	0.717260993454	0.706515302876	0.675168470941	0.69268000893
AC7	0.685061273311	0.723195997671	0.720709668741	0.686246461219	0.696120425711	0.707620034016	0.711925611243	0.700359823187	0.707724812087	0.714011923912	0.686764028869	0.695945332432	0.687261204747	0.702716839436	0.723108126365	0.712172369816	0.66072064104	0.633369462905	0.74293054827	0.64387179025	0.0	0.514441883974	0.68851940512	0.685869960832	0.701820417914	0.691726944739	0.693104799828	0.585580022215	0.637829051049	0.654874356274	0.659468046884	0.644636049389	0.719732158336	0.709616890556	0.715743698198	0.729015246228	0.710081206574	0.702483938569	0.712089289801	0.730464159795	0.733933092065	0.709850536918	0.72761117527	0.707352717731	0.694961297244	0.693079530848	0.752718368304	0.754358850267	0.695646479933	0.742202376685	0.750954022484	0.757953056045	0.701889790423	0.690685673911	0.704599032424	0.706052894773	0.747677015464	0.741765844775	0.758010751718	0.737053843003	0.706135293276	0.735925731239
AC8	0.684736410565	0.679646128745	0.737362315472	0.689982719279	0.692242669841	0.675516124742	0.685334274974	0.657099478741	0.694619239138	0.669576211931	0.703010504413	0.669263007344	0.704123321442	0.692112560114	0.704408345746	0.681793895518	0.686256067367	0.635055852796	0.752985907656	0.614207614419	0.514441883974	0.0	0.687748524438	0.669898240488	0.704027615296	0.663059040965	0.512700987156	0.384946665387	0.641097115164	0.623393499878	0.698377465363	0.637254900873	0.699290581206	0.672434881589	0.706500044026	0.693544321721	0.69890072312	0.673872328673	0.662641787533	0.703535800713	0.678459390885	0.694671659943	0.699885273818	0.687432454553	0.674179498791	0.656643544974	0.716583220296	0.690059468668	0.665482427204	0.689618426875	0.703585488433	0.701150591568	0.65471552345	0.64778546839	0.681737313233	0.656863750339	0.692321137529	0.680538423297	0.725363701029	0.706576836486	0.67131980033	0.674390141754
AD7	0.684611578772	0.69775906797	0.74472535566	0.699218398968	0.720987947847	0.712026105165	0.720841405787	0.685033511792	0.647053098434	0.707049280649	0.693188155043	0.714225536526	0.692472966654	0.704019850288	0.687752425068	0.689255439698	0.674538225678	0.668300420514	0.77920679003	0.691195876823	0.68851940512	0.687748524438	0.0	0.467300470118	0.712642658966	0.525742230785	0.657700940189	0.682219679626	0.660135925533	0.681239397004	0.704800896845	0.658617085056	0.651810149431	0.703590175529	0.712127847252	0.721981315167	0.691360848356	0.691863915219	0.70329264665	0.696548342967	0.70090288703	0.69442180502	0.673052890683	0.691105306589	0.699958184491	0.692336300223	0.722105900448	0.703733856661	0.684188715638	0.711770304976	0.696737758587	0.725873619903	0.68431215702	0.677108781158	0.671489484803	0.690414265441	0.69522952061	0.712921725786	0.717146054601	0.710792554052	0.664252213599	0.697044408443
AD8	0.699948788252	0.707065353686	0.7574714949	0.704768721845	0.711639933732	0.698972686772	0.6964457423	0.670776636145	0.673618853437	0.692312251613	0.704312655837	0.701522561415	0.705536952705	0.711173757662	0.695577015325	0.697105847441	0.685391296954	0.671889979646	0.792496042139	0.672033349813	0.685869960832	0.669898240488	0.467300470118	0.0	0.587264981488	0.392256307138	0.64447262815	0.652923647966	0.650400002745	0.670033924132	0.707847720342	0.664819098586	0.682021906474	0.696648554805	0.721630052712	0.710693361073	0.699527495579	0.695388564484	0.709167102634	0.700824343294	0.706259023994	0.702802431775	0.69564289508	0.687405993831	0.688652812582	0.679238284133	0.717468094756	0.698534566425	0.682033218187	0.71599432609	0.69456311849	0.715158252125	0.679271780469	0.671634371519	0.669964734913	0.67416973875	0.710754660001	0.715556665474	0.718953548126	0.712317256222	0.680572877323	0.69965857383
AE7	0.728622008889	0.739405693092	0.651299288411	0.72865915627	0.711744835061	0.750687743711	0.729092197189	0.720892474163	0.737818775778	0.734241622315	0.759371003043	0.728288585617	0.733405458619	0.729862378551	0.727892405201	0.735541748183	0.702324600917	0.711679657901	0.745535960832	0.680549265019	0.701820417914	0.704027615296	0.712642658966	0.587264981488	0.0	0.509001659568	0.709202113023	0.699285855635	0.691634233212	0.695225951625	0.731311054366	0.707408881168	0.735430096522	0.756257455985	0.73026144529	0.748786621072	0.742593204371	0.737854346261	0.756625813196	0.75925773305	0.760138036973	0.748062044303	0.742849359847	0.738589437923	0.750589691203	0.752981113301	0.76901453295	0.768050455775	0.722040667859	0.767466057955	0.759673217185	0.783184077526	0.745225748237	0.745188063859	0.754649398618	0.752941247104	0.780309682379	0.790603102335	0.789414579129	0.769851457973	0.750354870936	0.773038437171
AE8	0.710849559106	0.690918966147	0.748825365224	0.707239044851	0.718912368716	0.715053114815	0.700824361852	0.67468453869	0.706714923843	0.675672478257	0.722423230717	0.698770622024	0.712483762278	0.71341410777	0.704542593456	0.703148920213	0.699501161488	0.663556022503	0.778652860908	0.671321371174	0.691726944739	0.663059040965	0.525742230785	0.392256307138	0.509001659568	0.0	0.660412771365	0.625377960664	0.659422140132	0.673598327806	0.723000793224	0.659921747812	0.686633692765	0.689462027671	0.722185106568	0.71743657467	0.716214400174	0.702663941131	0.708587393772	0.710647836103	0.709261333772	0.714347371296	0.706582950382	0.701330891214	0.70048245882	0.697406318182	0.731588440071	0.71337091607	0.68287884834	0.705979917156	0.7242710894	0.72816753782	0.691083645023	0.679868780015	0.704913982222	0.69068986916	0.709016306902	0.717866936265	0.740575259429	0.70766324596	0.692166746961	0.703955946731
AF7	0.645643577787	0.663236766425	0.713573194466	0.670661516434	0.703979457469	0.685819571797	0.685359281503	0.663799313037	0.65041168278	0.683174088118	0.676447785718	0.689440469003	0.678405775181	0.680246306264	0.676143571884	0.65095369301	0.665483384799	0.682394570833	0.75984694862	0.648741638911	0.693104799828	0.512700987156	0.657700940189	0.64447262815	0.709202113023	0.660412771365	0.0	0.471234224171	0.63727228553	0.63543114458	0.711253493167	0.681553900288	0.670258941271	0.701137371472	0.677446712046	0.675455615785	0.665922803018	0.676463492746	0.658799315115	0.691386144614	0.680098019203	0.668146066908	0.665996453371	0.663153600546	0.710668290415	0.694426853865	0.693105730806	0.679268585941	0.672169880493	0.700704714941	0.675271308122	0.693824709809	0.658611895683	0.679669326543	0.681459886721	0.671752390145	0.676180855453	0.701389485047	0.702077559044	0.712268933592	0.648290634932	0.666871552343
AF8	0.680802914623	0.679326873056	0.75090017643	0.700559504744	0.704011030578	0.682680624434	0.67149035044	0.647954384304	0.699011814061	0.651347293835	0.705422316549	0.667257676038	0.695110240888	0.70689905417	0.712888267696	0.679037055428	0.674931900108	0.621205271486	0.770879446195	0.629024775155	0.585580022215	0.384946665387	0.682219679626	0.652923647966	0.699285855635	0.625377960664	0.471234224171	0.0	0.650984493346	0.63978353162	0.702255959045	0.631872572805	0.691592942386	0.672348558344	0.696062728358	0.691518493897	0.693018393044	0.680152377488	0.665964806201	0.696238781346	0.68335571177	0.698215773347	0.697854235016	0.690912840406	0.68370877978	0.675849979478	0.712144877456	0.693974996647	0.666464926593	0.680139769001	0.694098404013	0.703175481188	0.654259676158	0.652058404714	0.671540437803	0.653566377973	0.679822211705	0.677499545216	0.725241767907	0.686989195108	0.67898297469	0.674277293278
AG7	0.681452038388	0.702089567429	0.711885738897	0.677374849561	0.702778431215	0.702502495621	0.703542495953	0.653992316719	0.652793384529	0.675537578364	0.698048821057	0.711440073573	0.694028213058	0.689684407172	0.700489294571	0.69391933625	0.678607364433	0.665351217128	0.752104838098	0.489442095871	0.637829051049	0.641097115164	0.660135925533	0.650400002745	0.691634233212	0.659422140132	0.63727228553	0.650984493346	0.0	0.446430043691	0.671858731241	0.64540157357	0.683875846929	0.714912085651	0.699500743547	0.677236922364	0.667042461401	0.672027730343	0.6915053793	0.693250243765	0.686997433544	0.705690255977	0.67700618968	0.66197283787	0.70309048879	0.695521012864	0.731664500528	0.710906987866	0.673099186276	0.717834183297	0.688678150022	0.724382039916	0.675342943278	0.678132386711	0.698107008431	0.689411232166	0.702172511801	0.734036933159	0.716292021253	0.719474460062	0.675426516043	0.70544870431
AG8	0.685016177265	0.698108244943	0.726867654025	0.6781799962	0.687968170584	0.672718910844	0.677241743854	0.636534837384	0.663072029861	0.649040738742	0.674456207157	0.676846183349	0.705816579743	0.691007022647	0.709441971099	0.699934907146	0.674566911904	0.664533768574	0.611501691496	0.370230617499	0.654874356274	0.623393499878	0.681239397004	0.670033924132	0.695225951625	0.673598327806	0.63543114458	0.63978353162	0.446430043691	0.0	0.692393203196	0.639701415483	0.687157939752	0.696486554039	0.68887739135	0.667510666118	0.660176782093	0.661296628151	0.684469714808	0.688731111758	0.682136283731	0.692229950521	0.646228782549	0.65893471478	0.68479113395	0.688081533395	0.723150029863	0.702927367684	0.663662471289	0.706108137677	0.694786638982	0.718897598317	0.680812993592	0.671533783596	0.683773802037	0.684779078347	0.692395592395	0.708926095615	0.706995864002	0.69893412196	0.668624900761	0.70012686867
AH7	0.731999392083	0.758449599287	0.755144072329	0.73830644977	0.742819565765	0.744286485057	0.725324869497	0.72386456639	0.734691895274	0.748132488143	0.718661170478	0.744612322134	0.737759772257	0.757595303365	0.754970692405	0.74564518696	0.713271654411	0.553645856318	0.755371207253	0.696636947943	0.659468046884	0.698377465363	0.704800896845	0.707847720342	0.731311054366	0.723000793224	0.711253493167	0.702255959045	0.671858731241	0.692393203196	0.0	0.517495252421	0.72202799368	0.764322535767	0.767177314508	0.764650852315	0.746209615323	0.73477185197	0.748778101577	0.756124552201	0.759467098492	0.745067666052	0.757873616229	0.747261732759	0.765199833508	0.753772841882	0.767831650959	0.758961575448	0.746595437112	0.77286546621	0.777605925525	0.793588743919	0.736344858145	0.735560329428	0.730909002933	0.740298652903	0.780099507682	0.799501198396	0.789158654151	0.77578959301	0.747222280465	0.757636679593
AH8	0.693028908277	0.681254861523	0.735832492752	0.698373227095	0.700098820312	0.694012630825	0.711297753838	0.657008165	0.687204289984	0.678118184592	0.694069964644	0.681312986893	0.707275956428	0.725801329211	0.70334737344	0.699501993472	0.564715329342	0.396356123835	0.759878422401	0.642150100192	0.644636049389	0.637254900873	0.658617085056	0.664819098586	0.707408881168	0.659921747812	0.681553900288	0.631872572805	0.64540157357	0.639701415483	0.517495252421	0.0	0.661966638297	0.702165975823	0.710669943315	0.707955987943	0.683052080193	0.680522086377	0.692558228556	0.702405312134	0.694713140706	0.70044950068	0.696842128732	0.700516742727	0.715614874639	0.700448234918	0.719193519465	0.708245646415	0.697581303268	0.714115319525	0.722911983447	0.743450985145	0.67993796378	0.677770547776	0.691932277345	0.687978323557	0.718749935658	0.727179464453	0.740747562069	0.718844080946	0.688584051266	0.697360528494
AA5	0.649935199709	0.658357622696	0.717011320131	0.696246092362	0.678335519787	0.674964363781	0.717337952017	0.689147789282	0.626890869278	0.689607572514	0.644799096385	0.658691037756	0.677873896992	0.681157000392	0.669895565248	0.678072228539	0.663112499556	0.667288622389	0.777273311959	0.675980560852	0.719732158336	0.699290581206	0.651810149431	0.682021906474	0.735430096522	0.686633692765	0.670258941271	0.691592942386	0.683875846929	0.687157939752	0.72202799368	0.661966638297	0.0	0.594988631562	0.678264978981	0.693592552312	0.640001124961	0.643256967582	0.677985815397	0.692025419454	0.694411913535	0.674162729239	0.631686351542	0.650845475903	0.703513607431	0.654560418939	0.692605645159	0.698292510685	0.690075517598	0.680220677085	0.68838928058	0.706947541208	0.664841395875	0.69361768216	0.673707842403	0.695581973107	0.655331924867	0.703379328073	0.681077841583	0.700176435814	0.636262135805	0.692955499944
AA6	0.688502990394	0.667016943284	0.782859263019	0.703253194866	0.691896087761	0.661387988597	0.692789699376	0.670884880251	0.703352359392	0.653997797488	0.697825154131	0.643207074009	0.70534117557	0.710290135149	0.716636012978	0.695779681379	0.729022333461	0.701191947428	0.787148059784	0.687759287063	0.709616890556	0.672434881589	0.703590175529	0.696648554805	0.756257455985	0.689462027671	0.701137371472	0.672348558344	0.714912085651	0.696486554039	0.764322535767	0.702165975823	0.594988631562	0.0	0.699591069956	0.683579975803	0.676762915643	0.634573743459	0.669287966873	0.686873310039	0.665720542571	0.696391171965	0.657775852222	0.681935482106	0.455822162249	0.415458480814	0.713195396805	0.693946208377	0.681823444704	0.67645523317	0.69304460138	0.693935797974	0.683321272876	0.686190552476	0.703118784559	0.685489358244	0.68151253205	0.674668073345	0.703067409329	0.689113787587	0.658960771332	0.683217533284
AB5	0.664626657828	0.679021507683	0.710668259703	0.688041425207	0.686872712151	0.665836495269	0.673499187007	0.670965413509	0.672529726067	0.666966477225	0.670799243061	0.673073439861	0.690227354911	0.66092997383	0.697507012752	0.687614978568	0.692748099261	0.716052599634	0.76255386014	0.681187829998	0.715743698198	0.706500044026	0.712127847252	0.721630052712	0.73026144529	0.722185106568	0.677446712046	0.696062728358	0.699500743547	0.68887739135	0.767177314508	0.710669943315	0.678264978981	0.699591069956	0.0	0.465355200159	0.648655219148	0.664782932472	0.658206145043	0.651622778969	0.651584620462	0.67685388109	0.664309841995	0.648367928312	0.710690090419	0.694023847144	0.678803814893	0.694050385017	0.679007558795	0.699124766602	0.685153634468	0.684081187834	0.657101408821	0.678107686244	0.706672028802	0.682278681504	0.704473326877	0.696084434561	0.705969403202	0.71238655368	0.646739969108	0.690281069179
AB6	0.676146527745	0.66046300429	0.732246894069	0.683921955335	0.675260732738	0.666289834829	0.665708377317	0.650579019668	0.688367724124	0.648832057903	0.689498905641	0.660429864136	0.696329951122	0.680725835849	0.686713063621	0.667061790163	0.717771544475	0.71653176746	0.782885887946	0.673266714663	0.729015246228	0.693544321721	0.721981315167	0.710693361073	0.748786621072	0.71743657467	0.675455615785	0.691518493897	0.677236922364	0.667510666118	0.764650852315	0.707955987943	0.693592552312	0.683579975803	0.465355200159	0.0	0.665471032124	0.635974737885	0.645605480682	0.629899564102	0.639440118985	0.667594572809	0.651017502664	0.54906886881	0.682481563204	0.666759575501	0.660033780434	0.667679119831	0.662257273387	0.673707012435	0.677947056015	0.660955542832	0.665447421619	0.663324832584	0.692054605493	0.667561370628	0.671007141197	0.677002800267	0.670540364617	0.686225310733	0.653883179411	0.669531592282
AC5	0.642499138022	0.668195070605	0.723321249709	0.678789294584	0.690184571448	0.668083016276	0.693499069382	0.665749855956	0.640553611037	0.679560628997	0.652880856323	0.675630784496	0.690849981903	0.66893608107	0.677167051905	0.672073944588	0.664754572744	0.687767507081	0.759796953414	0.671048476185	0.710081206574	0.69890072312	0.691360848356	0.699527495579	0.742593204371	0.716214400174	0.665922803018	0.693018393044	0.667042461401	0.660176782093	0.746209615323	0.683052080193	0.640001124961	0.676762915643	0.648655219148	0.665471032124	0.0	0.493434524555	0.638531984575	0.662437790852	0.667393462123	0.667588763964	0.62055433419	0.65011487688	0.669824645972	0.651040730297	0.663203154598	0.694220766419	0.640478332012	0.679252876873	0.652409932128	0.670836803093	0.647332052055	0.658424091238	0.640434048254	0.662840580135	0.658818818153	0.655355521851	0.645654645466	0.684156972001	0.64010812756	0.682164392274
AC6	0.652760751903	0.648218064292	0.717686348786	0.655551984942	0.655284332797	0.65153010239	0.660231864871	0.652237441239	0.676890132649	0.650017182027	0.667334441439	0.643547534555	0.685734790599	0.667635987227	0.673896053664	0.648570863292	0.692732689146	0.686129476013	0.760519746848	0.657483682099	0.702483938569	0.673872328673	0.691863915219	0.695388564484	0.737854346261	0.702663941131	0.676463492746	0.680152377488	0.672027730343	0.661296628151	0.73477185197	0.680522086377	0.643256967582	0.634573743459	0.664782932472	0.635974737885	0.493434524555	0.0	0.637119735845	0.661605722478	0.653482070713	0.574324808925	0.514549053819	0.611700668647	0.657142677479	0.645270411468	0.660605304814	0.668869397832	0.634331214826	0.657951784314	0.669672647371	0.66283887501	0.664747900873	0.655237105073	0.670984198038	0.660229318629	0.647280939442	0.646120531138	0.655098731428	0.65917946735	0.641822616618	0.664438188251
AD6	0.653726647873	0.647895397549	0.74852619249	0.684966046483	0.689171634341	0.664916536824	0.628856508399	0.610640753117	0.669017558533	0.625825945365	0.686222331005	0.667257236601	0.695423293027	0.672706056907	0.679955875977	0.64863695556	0.713952576906	0.699512257331	0.778911169096	0.681820433179	0.712089289801	0.662641787533	0.70329264665	0.709167102634	0.756625813196	0.708587393772	0.658799315115	0.665964806201	0.6915053793	0.684469714808	0.748778101577	0.692558228556	0.677985815397	0.669287966873	0.658206145043	0.645605480682	0.638531984575	0.637119735845	0.0	0.51642766108	0.409268366253	0.671804674828	0.64332154136	0.673184423885	0.676014864162	0.662834031563	0.671476306213	0.643390976606	0.650206244893	0.64992237979	0.693052023174	0.676751975557	0.635005299364	0.635524138439	0.668274288632	0.649574622897	0.647151224749	0.671090808022	0.66899185704	0.658035731849	0.60556727341	0.635772329252
AE5	0.689018600039	0.666773575117	0.756239319136	0.695140695711	0.657542735497	0.651224857785	0.643028875925	0.640151506363	0.674277471306	0.634738858501	0.675587576843	0.644300266036	0.695913300962	0.685460780437	0.674166691982	0.665659044032	0.73768618282	0.704527122172	0.784714882347	0.68351339102	0.730464159795	0.703535800713	0.696548342967	0.700824343294	0.75925773305	0.710647836103	0.691386144614	0.696238781346	0.693250243765	0.688731111758	0.756124552201	0.702405312134	0.692025419454	0.686873310039	0.651622778969	0.629899564102	0.662437790852	0.661605722478	0.51642766108	0.0	0.389228205803	0.68149772021	0.672233618214	0.650386635593	0.676430055875	0.676673403987	0.676648803594	0.662908954862	0.6464246127	0.641766521669	0.668584736355	0.692484001911	0.654819234681	0.64424575343	0.667059669178	0.657539336218	0.656946569291	0.678556083816	0.663370318691	0.636950959695	0.638535455592	0.668639735744
AE6	0.676714570246	0.643489783983	0.769885014257	0.706035699436	0.674113820565	0.641705881812	0.624489448957	0.600694030861	0.6847599153	0.603680321647	0.689069969048	0.639822342929	0.701644871727	0.696345446846	0.678973862846	0.643848693312	0.731114471161	0.70000553811	0.797372578188	0.686352849802	0.733933092065	0.678459390885	0.70090288703	0.706259023994	0.760138036973	0.709261333772	0.680098019203	0.68335571177	0.686997433544	0.682136283731	0.759467098492	0.694713140706	0.694411913535	0.665720542571	0.651584620462	0.639440118985	0.667393462123	0.653482070713	0.409268366253	0.389228205803	0.0	0.684185167956	0.662662366245	0.652837105158	0.668905287307	0.661145975011	0.674792810072	0.641920719324	0.636710383526	0.626465588908	0.671967101595	0.670484282651	0.635261351618	0.620485589204	0.667361569184	0.646140833124	0.651721651511	0.67094438491	0.657835780786	0.637832813951	0.626118366281	0.642208102062
AF5	0.686600097476	0.672451193059	0.718684469651	0.656822256071	0.65572611248	0.675140854237	0.693584182647	0.686985603737	0.655293619875	0.681946255077	0.672649590715	0.66889506255	0.655527570787	0.674543471194	0.668750917205	0.679548076515	0.681019315167	0.70197523526	0.748242443572	0.685025273367	0.709850536918	0.694671659943	0.69442180502	0.702802431775	0.748062044303	0.714347371296	0.668146066908	0.698215773347	0.705690255977	0.692229950521	0.745067666052	0.70044950068	0.674162729239	0.696391171965	0.67685388109	0.667594572809	0.667588763964	0.574324808925	0.671804674828	0.68149772021	0.684185167956	0.0	0.491555660867	0.650494134188	0.716267274981	0.699008256473	0.715789388116	0.70920756113	0.684461110198	0.681546272332	0.704781790378	0.728419844594	0.69309804142	0.700216521966	0.709121823463	0.701542701186	0.682657720738	0.718596112467	0.674402070441	0.672719047238	0.654821513843	0.704300149048
AF6	0.658174662332	0.658287493865	0.714275186012	0.655360864754	0.647025342945	0.650632549851	0.678928522202	0.668671414324	0.654560806113	0.666575584031	0.678158066298	0.655341003394	0.682028484585	0.654833452652	0.67443904189	0.675099913588	0.691234930004	0.699102972434	0.726657270005	0.646624683229	0.72761117527	0.699885273818	0.673052890683	0.69564289508	0.742849359847	0.706582950382	0.665996453371	0.697854235016	0.67700618968	0.646228782549	0.757873616229	0.696842128732	0.631686351542	0.657775852222	0.664309841995	0.651017502664	0.62055433419	0.514549053819	0.64332154136	0.672233618214	0.662662366245	0.491555660867	0.0	0.613522593561	0.690244361655	0.67635509201	0.688445467613	0.679063811076	0.649284365497	0.652918769491	0.685009986964	0.699963396029	0.673334003734	0.669048030472	0.676823629006	0.67082246632	0.646051343039	0.686865145225	0.65848889283	0.656570692917	0.649361311559	0.690288990829
