	AA3	AA4	AB3	AB4	AC3	AC4	AD3	AD4	AE3	AE4	AF3	AF4	AG3	AG4	AH3	AH4	AA7	AA8	AB7	AB8	AC7	AC8	AD7	AD8	AE7	AE8	AF7	AF8	AG7	AG8	AH7	AH8	AA5	AA6	AB5	AB6	AC5	AC6	AD6	AE5	AE6	AF5	AF6	AG5	AH5	AH6	AA1	AA2	AB1	AB2	AC1	AC2	AD1	AD2	AE1	AE2	AF1	AF2	AG1	AG2	AH1	AH2
AA3	0.0	0.47689928053	0.710113083137	0.658452876775	0.674732766028	0.667695493121	0.6909386269	0.681465664576	0.65986025683	0.691651948802	0.647757540001	0.673717469678	0.653737282956	0.645219398428	0.690007753757	0.470013740032	0.675613798388	0.683707498623	0.74965262159	0.685955082233	0.695863299854	0.682704643916	0.689239193505	0.687718760785	0.726802269749	0.702247563539	0.669023475942	0.692009267412	0.691171843838	0.687143943712	0.736174005835	0.694232748106	0.664193197449	0.69215444264	0.67104280583	0.687402512984	0.638787963174	0.665804024503	0.674386148232	0.692288068469	0.68189063133	0.680819212501	0.669637952408	0.669392753543	0.706344931303	0.683858191837	0.662790172181	0.688992968906	0.655069760811	0.676420000663	0.668152717117	0.675468252092	0.638009299023	0.659803054398	0.670958839387	0.666279143651	0.666789018527	0.668352235941	0.654077712528	0.691196093976	0.644193081718	0.677454987794
AA4	0.47689928053	0.0	0.712182535895	0.632198129635	0.66381401116	0.656293205044	0.660157638418	0.651588765155	0.6737746178	0.66179082398	0.659359009754	0.653873587037	0.658929983452	0.640623694417	0.514244046072	0.366832544835	0.696445441634	0.690961937735	0.76263862552	0.682555832203	0.719429432849	0.667904398201	0.697007181847	0.685441752297	0.728567311558	0.685979137933	0.654851932999	0.662944389796	0.687568417824	0.68698485767	0.744089646802	0.693237442137	0.673085145117	0.671048573408	0.668213999629	0.661351020347	0.651836092435	0.647142830088	0.646870177306	0.669455815406	0.650346862862	0.666173659511	0.634615814594	0.649276161175	0.688831850498	0.675087926373	0.662834693596	0.653262673767	0.651443812907	0.633194524259	0.641820881	0.660428417411	0.640349146018	0.641363500908	0.655410128368	0.640739610816	0.657543735826	0.644022998613	0.650469568943	0.65098943267	0.657507201412	0.638928590156
AB3	0.710113083137	0.712182535895	0.0	0.636950032644	0.725465799009	0.76535757508	0.739605240973	0.748495114916	0.718360003278	0.760823888028	0.730635538262	0.760487156897	0.728775545162	0.577928651445	0.708870663384	0.713893255417	0.75384297813	0.764963085877	0.700403961144	0.729643362895	0.753725268651	0.752861805548	0.744832240891	0.745186552645	0.711855819406	0.744702477669	0.727881002013	0.746346527103	0.722164068365	0.733272604286	0.767156700414	0.764159263751	0.731937777238	0.775858359967	0.735291411797	0.752530648098	0.723099355781	0.754657469283	0.762844039453	0.779576142614	0.777858806692	0.721047314565	0.72202017741	0.758902138276	0.804266264572	0.797210349621	0.778646906955	0.770431748214	0.739289400588	0.772754213356	0.768285504702	0.788240831226	0.76652367382	0.771455567061	0.758644049441	0.776983592301	0.762152870571	0.795273939512	0.77297978149	0.783470215998	0.732939884179	0.772063108107
AB4	0.658452876775	0.632198129635	0.636950032644	0.0	0.689407542739	0.685608029197	0.684224242831	0.665834533556	0.697913733806	0.688863183612	0.674815627172	0.688033438009	0.429469794124	0.415724657943	0.653915434992	0.628451757208	0.71750525107	0.69930134353	0.74871693098	0.682875887816	0.700506846774	0.678599458317	0.680721341433	0.682300192334	0.718744933669	0.673141950384	0.653072267872	0.676597962768	0.664859434644	0.669215370065	0.738470300272	0.69751237474	0.714688665105	0.704092231346	0.690294241436	0.68611777081	0.673725969908	0.667835347458	0.677968117944	0.69438260062	0.679153954841	0.655733509591	0.642304927463	0.681861895261	0.725365316572	0.710431971766	0.696575288587	0.68941705663	0.648599330404	0.681650818394	0.698833383111	0.707895690518	0.674510330367	0.679383430282	0.696740648577	0.678083388314	0.688045346556	0.710109127075	0.692971580126	0.668685465484	0.671579391077	0.670599803652
AC3	0.674732766028	0.66381401116	0.725465799009	0.689407542739	0.0	0.519099502859	0.669294764423	0.669239339574	0.669552504542	0.662151443166	0.682784600385	0.473907240987	0.696924168995	0.688492404986	0.675782085826	0.665966575902	0.68366744244	0.670834594504	0.738475992326	0.668294142573	0.707608508233	0.68895542984	0.727644263374	0.716662969853	0.710038308018	0.703322328311	0.700227323725	0.706951690813	0.689227091161	0.679761345504	0.734802371811	0.699314020395	0.695333538887	0.686557374545	0.694212338142	0.673061194498	0.689499991865	0.678893243614	0.689124442675	0.675427074153	0.669305566773	0.672648079172	0.647036572605	0.672136637068	0.720994912111	0.702658110068	0.714944028692	0.701095886983	0.683866693469	0.670665716172	0.674654589949	0.69191037165	0.683539612633	0.675138925591	0.671831815036	0.685737023058	0.693542210482	0.692890399395	0.69307842519	0.689232332403	0.684019296876	0.690776696846
AC4	0.667695493121	0.656293205044	0.76535757508	0.685608029197	0.519099502859	0.0	0.674399095558	0.634049748808	0.66703239578	0.652826807035	0.507814549457	0.400760906712	0.690100955011	0.687275140125	0.686354002763	0.650818044989	0.690092734356	0.686739915803	0.768186268026	0.683623568201	0.704191588269	0.68455773371	0.709339505546	0.708703251939	0.752679265014	0.696634117929	0.695463375135	0.701169977655	0.700598138825	0.668561328882	0.751834434504	0.706126372755	0.678263537838	0.65861643878	0.676094433255	0.672344359496	0.671414504547	0.655257051067	0.654921379337	0.654062627699	0.638438404366	0.661862507955	0.641372142065	0.651850669819	0.685401690113	0.655805483408	0.720857899767	0.702470816835	0.683302963871	0.672030511457	0.663484799847	0.674570632814	0.686102370571	0.685398595756	0.694080574079	0.690078052581	0.6868487934	0.685264812893	0.669464919819	0.670507458231	0.661057237474	0.69379066667
AD3	0.6909386269	0.660157638418	0.739605240973	0.684224242831	0.669294764423	0.674399095558	0.0	0.43979402878	0.701333612493	0.349760836306	0.71748550237	0.670172310083	0.709450087291	0.696068234104	0.693346930587	0.666207604131	0.708937525737	0.68913638881	0.764149932695	0.683466185513	0.71857763251	0.673330988137	0.724564800415	0.696573723619	0.726958491851	0.695118567323	0.697506101081	0.661988163544	0.71384098886	0.679626605352	0.727918122769	0.708760323091	0.704373381598	0.666332904983	0.692649529638	0.670235223084	0.702813813956	0.669691341428	0.65044142812	0.666417701005	0.632111223147	0.706273226613	0.677050149613	0.7019646067	0.703274392121	0.689085581779	0.70372825542	0.667352167249	0.681033012154	0.662197000205	0.693046471016	0.688040038265	0.676477808051	0.672433828918	0.693589349281	0.66835195972	0.677563523463	0.703477575257	0.695327673148	0.643950651501	0.70960869171	0.674180962921
AD4	0.681465664576	0.651588765155	0.748495114916	0.665834533556	0.669239339574	0.634049748808	0.43979402878	0.0	0.614730031619	0.394313133077	0.67574924298	0.657368885781	0.695533703087	0.683983100738	0.689061897424	0.657572788778	0.698505322769	0.665716829939	0.76639899116	0.659911400898	0.702846228693	0.653096367095	0.689377718187	0.674451953444	0.731381753644	0.666875114325	0.670412787992	0.650702503252	0.668515173994	0.638582516473	0.734525698129	0.679919671355	0.686123977869	0.639692328039	0.672409384681	0.646947110217	0.670559701264	0.650207208613	0.622694040972	0.639115279436	0.605442547557	0.683424347769	0.651876671647	0.660186038959	0.682368675083	0.663506506696	0.686170925176	0.653227356431	0.664297392176	0.661052082148	0.679008068167	0.679824857811	0.670271181547	0.656239907733	0.658820359564	0.6620841453	0.671779670855	0.703510656752	0.685139677765	0.633224649602	0.681061822826	0.653384979408
AE3	0.65986025683	0.6737746178	0.718360003278	0.697913733806	0.669552504542	0.66703239578	0.701333612493	0.614730031619	0.0	0.652385572757	0.668280046095	0.681503305412	0.685887206187	0.708146634208	0.665904376823	0.690452198098	0.683259078167	0.684889800108	0.747860324389	0.694906114805	0.730396348552	0.716869881305	0.684241596462	0.68901148116	0.745962115015	0.705042812932	0.69194766433	0.715063305328	0.672316420566	0.694700819771	0.71993193412	0.699891159038	0.629819087909	0.713713498892	0.6951395963	0.706634854194	0.661676107148	0.699554242993	0.682239823934	0.702569381168	0.69587882665	0.679253100874	0.696034663647	0.679294153454	0.734003051451	0.737404048905	0.714763967135	0.724345698475	0.702723050526	0.718901416269	0.712222939266	0.727975929045	0.689839960405	0.699363347731	0.674446063768	0.713238178282	0.7060417855	0.731085784192	0.701689102599	0.722999156763	0.668223881062	0.725774762886
AE4	0.691651948802	0.66179082398	0.760823888028	0.688863183612	0.662151443166	0.652826807035	0.349760836306	0.394313133077	0.652385572757	0.0	0.699037335921	0.664951025512	0.713368980205	0.70580980681	0.703392321254	0.679568135311	0.714277119798	0.680921490084	0.774730822995	0.672879648399	0.717502020777	0.663672127666	0.726411935261	0.687330355863	0.734517303939	0.686977127525	0.696398187147	0.670315941512	0.696116144483	0.663646349765	0.718934423411	0.699858487344	0.708845417488	0.665528793229	0.68212714749	0.662835157489	0.6843959042	0.66092434382	0.649360888952	0.655643116798	0.625294966219	0.691967313389	0.675552414615	0.677851521179	0.693574399259	0.681401915391	0.685486635973	0.654747590686	0.676577413897	0.661058415851	0.690906454034	0.670606165866	0.682958809862	0.666960954172	0.677463067839	0.668573473668	0.691715947878	0.694907073102	0.700841626152	0.648403920532	0.70857501705	0.65964857169
AF3	0.647757540001	0.659359009754	0.730635538262	0.674815627172	0.682784600385	0.507814549457	0.71748550237	0.67574924298	0.668280046095	0.699037335921	0.0	0.549477453183	0.66443944221	0.683418942775	0.670698932762	0.661679027169	0.687733343956	0.690580815637	0.750815802507	0.685159233943	0.693876209616	0.708364581179	0.684701111557	0.69670766694	0.760715242414	0.714098760518	0.702960093813	0.707204401144	0.685097871418	0.680204255171	0.724120360265	0.697887081107	0.670114126034	0.683592462613	0.669882956455	0.675920546652	0.655900934059	0.675236816729	0.682234605524	0.684952283837	0.698244999409	0.664458845035	0.655530214088	0.655472302506	0.69871124189	0.681236618227	0.705273128311	0.706394515598	0.691460752548	0.710213878719	0.706823733722	0.711652603521	0.695853767376	0.698510660961	0.701938484937	0.712054688335	0.689984905551	0.718132086431	0.679264321327	0.713691738634	0.645317302841	0.710493143515
AF4	0.673717469678	0.653873587037	0.760487156897	0.688033438009	0.473907240987	0.400760906712	0.670172310083	0.657368885781	0.681503305412	0.664951025512	0.549477453183	0.0	0.686418918706	0.693299264678	0.694008284198	0.662220885022	0.701090582411	0.702256451009	0.771183798483	0.696734689079	0.726031487714	0.702217978761	0.730216971953	0.728748069241	0.751041097512	0.717021304703	0.699734512095	0.690680746544	0.72040438615	0.684017615389	0.77303296056	0.726843559653	0.673232861979	0.676206515477	0.676303830578	0.672038670895	0.689811872732	0.666601659094	0.674043047785	0.668442042009	0.675163318216	0.678707177244	0.663659653223	0.659750697449	0.70743303068	0.674041219556	0.705672179911	0.689168112318	0.704253440088	0.691753139519	0.674089758726	0.674424057929	0.690962656337	0.691205767824	0.712807430627	0.697282149333	0.680479691545	0.685150542981	0.676939384239	0.674652934114	0.668262569869	0.675764016313
AG3	0.653737282956	0.658929983452	0.728775545162	0.429469794124	0.696924168995	0.690100955011	0.709450087291	0.695533703087	0.685887206187	0.713368980205	0.66443944221	0.686418918706	0.0	0.503739819364	0.676970388433	0.667368014019	0.686861381041	0.68887690018	0.761428462609	0.706672784614	0.6954750656	0.713027259799	0.686141165765	0.687073936527	0.729467292402	0.699720051675	0.672242706467	0.698536009423	0.698778020197	0.702782260564	0.730245455739	0.703442197964	0.688658844682	0.698989545974	0.699247652079	0.680020695271	0.687432526856	0.672502225153	0.706159898985	0.708967919421	0.705833248487	0.656314955792	0.664313431414	0.675770455022	0.721781706963	0.711439787638	0.692099959344	0.698308129944	0.640215960699	0.693969961536	0.692095629455	0.713895617189	0.690564278393	0.679212072352	0.679611692197	0.694399299905	0.69654636052	0.714436126769	0.695215789115	0.671018956381	0.678178304027	0.706815035076
AG4	0.645219398428	0.640623694417	0.577928651445	0.415724657943	0.688492404986	0.687275140125	0.696068234104	0.683983100738	0.708146634208	0.70580980681	0.683418942775	0.693299264678	0.503739819364	0.0	0.668676003998	0.637727817705	0.719154185589	0.708360338881	0.732896914262	0.679001325979	0.710103708958	0.696216993108	0.700847755981	0.703966273305	0.719737907913	0.690928158546	0.663771025902	0.68664350165	0.662655900856	0.677762307957	0.741495252446	0.701921296723	0.711534782037	0.713094795141	0.672314479628	0.678759354471	0.675163119929	0.679052909737	0.709082604063	0.701039513329	0.702758157739	0.660168545583	0.637760629919	0.686829092501	0.739594028808	0.724693138133	0.703945055216	0.707104339226	0.64703895452	0.699855133693	0.687997677582	0.705822967104	0.682889265382	0.696507293765	0.710479447971	0.700399621606	0.699609783087	0.709748008658	0.701154135933	0.691485919846	0.690663304717	0.698197393135
AH3	0.690007753757	0.514244046072	0.708870663384	0.653915434992	0.675782085826	0.686354002763	0.693346930587	0.689061897424	0.665904376823	0.703392321254	0.670698932762	0.694008284198	0.676970388433	0.668676003998	0.0	0.541024097066	0.688652330385	0.697216940441	0.763345761855	0.706148024591	0.721744262038	0.710594064275	0.685210112161	0.689884925578	0.728556313077	0.68863446751	0.691929789155	0.695308284705	0.679789315194	0.6992452416	0.749950736851	0.700436376093	0.686330518139	0.706759108746	0.686503727973	0.687925658527	0.670120785814	0.683805311284	0.67819655048	0.693317147763	0.679735914901	0.689777175415	0.668016713742	0.675393579464	0.720148177912	0.715044045096	0.700036274807	0.687697546018	0.703158137744	0.693823404656	0.701023471819	0.729397259547	0.696862665331	0.694693317994	0.680468205793	0.703920150129	0.707008065649	0.70851447942	0.710145785497	0.692620900609	0.690336484288	0.680965797223
AH4	0.470013740032	0.366832544835	0.713893255417	0.628451757208	0.665966575902	0.650818044989	0.666207604131	0.657572788778	0.690452198098	0.679568135311	0.661679027169	0.662220885022	0.667368014019	0.637727817705	0.541024097066	0.0	0.703363055934	0.692393398645	0.758282087265	0.686650184721	0.710303952718	0.674151077082	0.697075893499	0.693000816815	0.727170784491	0.682109142449	0.663949992973	0.675905853733	0.689595489971	0.688476464408	0.743547098025	0.700689707317	0.698688899977	0.683826320955	0.66867766216	0.670608945402	0.674026900835	0.668351503097	0.650967893723	0.672228161299	0.636975227132	0.671029894263	0.651372040552	0.661521853042	0.691801231882	0.673622986823	0.68083555822	0.652513520988	0.661294025052	0.659143770342	0.666211744995	0.681941259754	0.658425371976	0.669570871682	0.676842366861	0.672035411738	0.663473779701	0.664054735049	0.662315492481	0.646808767042	0.668227110555	0.643859908003
AA7	0.675613798388	0.696445441634	0.75384297813	0.71750525107	0.68366744244	0.690092734356	0.708937525737	0.698505322769	0.683259078167	0.714277119798	0.687733343956	0.701090582411	0.686861381041	0.719154185589	0.688652330385	0.703363055934	0.0	0.539596423503	0.76448238908	0.691555811554	0.666974797259	0.696955042163	0.683137243922	0.694854408163	0.705571196781	0.713462247828	0.676707087574	0.673168255459	0.678979177751	0.67522054175	0.719881756236	0.586380615444	0.673203907769	0.707123147099	0.722887363321	0.716485598715	0.69215714737	0.687746065788	0.7127716395	0.748515321878	0.743042907971	0.709600115528	0.702585566722	0.706002963972	0.747027271656	0.727489040278	0.746135003052	0.734046115667	0.720446091936	0.751529589608	0.720636013754	0.739338257972	0.709590411104	0.713501946804	0.697460460365	0.722494418616	0.731189545731	0.737187322598	0.744487277659	0.733313777174	0.69644687241	0.727184164487
AA8	0.683707498623	0.690961937735	0.764963085877	0.69930134353	0.670834594504	0.686739915803	0.68913638881	0.665716829939	0.684889800108	0.680921490084	0.690580815637	0.702256451009	0.68887690018	0.708360338881	0.697216940441	0.692393398645	0.539596423503	0.0	0.760150792509	0.651975377766	0.632134571776	0.633031137303	0.672139166332	0.666496029755	0.698771456789	0.676191813721	0.672674651088	0.648831894983	0.656984412435	0.644746070332	0.542722410733	0.414902669836	0.68409343686	0.709307538182	0.71844308253	0.69971734387	0.699163295643	0.69458918982	0.701656567498	0.722669389879	0.702293403033	0.707393342598	0.688893190222	0.705318145056	0.71714350304	0.712892025238	0.713063498654	0.696831436954	0.70849022978	0.721664721403	0.71206463525	0.730534615171	0.688788007477	0.687286145649	0.687495836523	0.695337304799	0.730629578848	0.732057353671	0.737986184428	0.719997687506	0.709796100543	0.69624040343
AB7	0.74965262159	0.76263862552	0.700403961144	0.74871693098	0.738475992326	0.768186268026	0.764149932695	0.76639899116	0.747860324389	0.774730822995	0.750815802507	0.771183798483	0.761428462609	0.732896914262	0.763345761855	0.758282087265	0.76448238908	0.760150792509	0.0	0.560903556375	0.745314736398	0.746276149472	0.781609714672	0.784290144241	0.739297172858	0.773101313117	0.767118436377	0.774729498822	0.732727018424	0.604203390907	0.755501206429	0.777013275087	0.773701028755	0.788187606972	0.769577165411	0.779031749428	0.760610488741	0.774948230188	0.787592110278	0.793351131452	0.78979944536	0.720723018444	0.737242498507	0.768101582963	0.798537125912	0.787349253538	0.817810807957	0.789366640593	0.769259837673	0.787689501991	0.803374355925	0.794487675065	0.784614340382	0.789259274278	0.776034990569	0.789067176148	0.787928875118	0.814227352099	0.803193363997	0.798383956469	0.788944920219	0.783908453817
AB8	0.685955082233	0.682555832203	0.729643362895	0.682875887816	0.668294142573	0.683623568201	0.683466185513	0.659911400898	0.694906114805	0.672879648399	0.685159233943	0.696734689079	0.706672784614	0.679001325979	0.706148024591	0.686650184721	0.691555811554	0.651975377766	0.560903556375	0.0	0.654624765014	0.626188121273	0.694805779607	0.663793580959	0.692899403638	0.666496621552	0.671633342453	0.665038320117	0.50124748042	0.398836228511	0.683897073009	0.650069728729	0.714463988155	0.701179163827	0.698858607207	0.688553009778	0.684309011123	0.676662822402	0.690556184032	0.695139088169	0.681026374392	0.678114925645	0.675211650544	0.673818278414	0.704727147041	0.681048057921	0.733171527777	0.690001797687	0.692958650655	0.701471327285	0.698110682759	0.709023222222	0.670328343357	0.681592606772	0.696825766139	0.679481437049	0.692653072913	0.717847288632	0.703226374819	0.711004826856	0.693284839756	0.680272829948
AC7	0.695863299854	0.719429432849	0.753725268651	0.700506846774	0.707608508233	0.704191588269	0.71857763251	0.702846228693	0.730396348552	0.717502020777	0.693876209616	0.726031487714	0.6954750656	0.710103708958	0.721744262038	0.710303952718	0.666974797259	0.632134571776	0.745314736398	0.654624765014	0.0	0.520262077252	0.690466166627	0.693065087887	0.697171054227	0.691194195234	0.698861129273	0.606035448104	0.638611541701	0.637955598394	0.661691575971	0.644836135108	0.72790202205	0.706498404063	0.723248456167	0.73005920414	0.717469781492	0.717831001098	0.709259715114	0.735356448131	0.724417155668	0.72325222693	0.711062441243	0.703496788561	0.702672916201	0.688406540691	0.75720954943	0.730373354128	0.70597062502	0.728534543575	0.740643337597	0.742561334852	0.700286443981	0.695076735573	0.694627566029	0.694139506903	0.749421271855	0.741582595697	0.753933684249	0.728724977759	0.703999659188	0.737989946734
AC8	0.682704643916	0.667904398201	0.752861805548	0.678599458317	0.68895542984	0.68455773371	0.673330988137	0.653096367095	0.716869881305	0.663672127666	0.708364581179	0.702217978761	0.713027259799	0.696216993108	0.710594064275	0.674151077082	0.696955042163	0.633031137303	0.746276149472	0.626188121273	0.520262077252	0.0	0.700132584955	0.665748470014	0.700913211564	0.655629775526	0.496937754466	0.443890885401	0.634338242806	0.608631289829	0.702215946981	0.645265731741	0.718182845449	0.679335908828	0.715971360194	0.700151013999	0.691007323192	0.693982547956	0.67729589835	0.717680335963	0.678253620534	0.70856222027	0.679651634472	0.685382967523	0.678330186109	0.666211426088	0.726034837599	0.697066971471	0.674312754324	0.677951814105	0.696849568639	0.693590420316	0.671421812522	0.663393019614	0.682464162122	0.656799804746	0.709115975688	0.702108450081	0.715462598665	0.701350372093	0.679931575027	0.676164693912
AD7	0.689239193505	0.697007181847	0.744832240891	0.680721341433	0.727644263374	0.709339505546	0.724564800415	0.689377718187	0.684241596462	0.726411935261	0.684701111557	0.730216971953	0.686141165765	0.700847755981	0.685210112161	0.697075893499	0.683137243922	0.672139166332	0.781609714672	0.694805779607	0.690466166627	0.700132584955	0.0	0.457906362197	0.714271691493	0.501245232886	0.665887483812	0.686068683535	0.659924289689	0.674729246663	0.711856081278	0.658318887355	0.680054349643	0.702735116379	0.724127814541	0.716170836694	0.691926339607	0.693032424311	0.699643752836	0.727716246979	0.716125850506	0.68627270672	0.69662874577	0.69599499125	0.685578215696	0.699456863806	0.719271669484	0.702480993405	0.687460694094	0.727250863881	0.695705023682	0.735881444317	0.694764207864	0.669641318614	0.675127496085	0.69302495705	0.699530172506	0.72213448605	0.717432033578	0.703609712479	0.681644266109	0.688810684497
AD8	0.687718760785	0.685441752297	0.745186552645	0.682300192334	0.716662969853	0.708703251939	0.696573723619	0.674451953444	0.68901148116	0.687330355863	0.69670766694	0.728748069241	0.687073936527	0.703966273305	0.689884925578	0.693000816815	0.694854408163	0.666496029755	0.784290144241	0.663793580959	0.693065087887	0.665748470014	0.457906362197	0.0	0.605152114691	0.391339380121	0.636171988089	0.670153587375	0.644941450705	0.653558726594	0.70554106351	0.652331443165	0.688707076446	0.69347547844	0.729043187958	0.705655172295	0.691832225613	0.687492537647	0.704481996325	0.731817156309	0.711212516698	0.693273624908	0.697321588124	0.690205141788	0.701849767954	0.69011626761	0.704745969429	0.694276299296	0.684031740375	0.707052204645	0.691902568467	0.722246310887	0.680793910977	0.65351382495	0.659926308348	0.685410283602	0.701346347941	0.721121889845	0.714864357861	0.699634052118	0.681671619875	0.679994312192
AE7	0.726802269749	0.728567311558	0.711855819406	0.718744933669	0.710038308018	0.752679265014	0.726958491851	0.731381753644	0.745962115015	0.734517303939	0.760715242414	0.751041097512	0.729467292402	0.719737907913	0.728556313077	0.727170784491	0.705571196781	0.698771456789	0.739297172858	0.692899403638	0.697171054227	0.700913211564	0.714271691493	0.605152114691	0.0	0.511426049565	0.702342147959	0.702072142345	0.680023417787	0.696886872464	0.733341895733	0.681384895993	0.74798912525	0.74780761996	0.74115668443	0.742295315419	0.731435480492	0.754104434391	0.756062039565	0.764988600872	0.760526388004	0.750079132703	0.739424363017	0.733858119762	0.761018042619	0.754159753549	0.775939896025	0.761366840843	0.72636392726	0.755375827909	0.75681449567	0.784697726251	0.740667354978	0.737954032248	0.733855044736	0.744651792026	0.777211901492	0.787884627395	0.784082944345	0.761980727288	0.747599897378	0.764772171616
AE8	0.702247563539	0.685979137933	0.744702477669	0.673141950384	0.703322328311	0.696634117929	0.695118567323	0.666875114325	0.705042812932	0.686977127525	0.714098760518	0.717021304703	0.699720051675	0.690928158546	0.68863446751	0.682109142449	0.713462247828	0.676191813721	0.773101313117	0.666496621552	0.691194195234	0.655629775526	0.501245232886	0.391339380121	0.511426049565	0.0	0.643758308837	0.669536681557	0.648359691434	0.649397782749	0.711631327378	0.651084803729	0.702844499167	0.693846148095	0.723986321952	0.710801006495	0.71361996215	0.698500171605	0.700921788847	0.731314212037	0.714353861982	0.693532359696	0.696220575923	0.686394958632	0.712451213775	0.696615672368	0.724004520779	0.698498888138	0.686698827444	0.71436301513	0.702272664512	0.730441796851	0.694401152706	0.670588300316	0.68030975477	0.691386240415	0.71082270845	0.727499103485	0.723964859552	0.701243622896	0.7014500007	0.68454825104
AF7	0.669023475942	0.654851932999	0.727881002013	0.653072267872	0.700227323725	0.695463375135	0.697506101081	0.670412787992	0.69194766433	0.696398187147	0.702960093813	0.699734512095	0.672242706467	0.663771025902	0.691929789155	0.663949992973	0.676707087574	0.672674651088	0.767118436377	0.671633342453	0.698861129273	0.496937754466	0.665887483812	0.636171988089	0.702342147959	0.643758308837	0.0	0.447423492573	0.650263383892	0.653684480284	0.732991561764	0.675656069071	0.691348859446	0.698940114777	0.703095503303	0.685191348438	0.688117711944	0.676961882804	0.66959299232	0.718640739497	0.679629516727	0.686602556856	0.676416735324	0.665440757834	0.727154065466	0.702971151789	0.702223651707	0.680547874803	0.677747354919	0.697270296862	0.672291398628	0.697225109149	0.686492997428	0.665480263545	0.670491557142	0.675551483451	0.684883777957	0.707369469257	0.692887946166	0.704933997745	0.662084358657	0.672095307332
AF8	0.692009267412	0.662944389796	0.746346527103	0.676597962768	0.706951690813	0.701169977655	0.661988163544	0.650702503252	0.715063305328	0.670315941512	0.707204401144	0.690680746544	0.698536009423	0.68664350165	0.695308284705	0.675905853733	0.673168255459	0.648831894983	0.774729498822	0.665038320117	0.606035448104	0.443890885401	0.686068683535	0.670153587375	0.702072142345	0.669536681557	0.447423492573	0.0	0.658844348687	0.656256727377	0.71103608861	0.651624818723	0.696351035239	0.689075833848	0.703230768785	0.688884155757	0.691323817665	0.665075665143	0.685066681952	0.727225606791	0.711312076507	0.714104681633	0.694905119805	0.683445992683	0.699254621942	0.699374973774	0.718950954796	0.67730667568	0.691711758754	0.701669078602	0.690459454369	0.7040763279	0.682081163291	0.672333319322	0.683071288658	0.665829880989	0.687413271325	0.715333239332	0.703895270662	0.695186270555	0.679728267703	0.682562060246
AG7	0.691171843838	0.687568417824	0.722164068365	0.664859434644	0.689227091161	0.700598138825	0.71384098886	0.668515173994	0.672316420566	0.696116144483	0.685097871418	0.72040438615	0.698778020197	0.662655900856	0.679789315194	0.689595489971	0.678979177751	0.656984412435	0.732727018424	0.50124748042	0.638611541701	0.634338242806	0.659924289689	0.644941450705	0.680023417787	0.648359691434	0.650263383892	0.658844348687	0.0	0.451971713299	0.681157639954	0.654759127589	0.696955302827	0.710437277758	0.702484404875	0.691509635952	0.66246675783	0.68751054944	0.683078994138	0.700535643606	0.697813499398	0.687501122453	0.681843678117	0.658224650177	0.713135958609	0.688681231935	0.723682216185	0.707747407291	0.685924764953	0.708288140135	0.678310070739	0.722083851322	0.667844020401	0.683348064947	0.695051751623	0.695790095244	0.702485554681	0.729129266845	0.71720152247	0.71272671836	0.671088239776	0.695658434147
AG8	0.687143943712	0.68698485767	0.733272604286	0.669215370065	0.679761345504	0.668561328882	0.679626605352	0.638582516473	0.694700819771	0.663646349765	0.680204255171	0.684017615389	0.702782260564	0.677762307957	0.6992452416	0.688476464408	0.67522054175	0.644746070332	0.604203390907	0.398836228511	0.637955598394	0.608631289829	0.674729246663	0.653558726594	0.696886872464	0.649397782749	0.653684480284	0.656256727377	0.451971713299	0.0	0.690699467456	0.646478858022	0.695684019067	0.692873001045	0.70172892278	0.686761679143	0.661376730787	0.664818653186	0.675992425672	0.682351377023	0.67770951783	0.647472394351	0.651562406514	0.6494958334	0.69209056774	0.66755763434	0.724856333948	0.695800688016	0.679759528201	0.699486808366	0.685539300139	0.705147955772	0.673832363317	0.673008048313	0.69014852495	0.670320315122	0.694595122272	0.730160112686	0.70319384989	0.686729446728	0.687561103824	0.676877211073
AH7	0.736174005835	0.744089646802	0.767156700414	0.738470300272	0.734802371811	0.751834434504	0.727918122769	0.734525698129	0.71993193412	0.718934423411	0.724120360265	0.77303296056	0.730245455739	0.741495252446	0.749950736851	0.743547098025	0.719881756236	0.542722410733	0.755501206429	0.683897073009	0.661691575971	0.702215946981	0.711856081278	0.70554106351	0.733341895733	0.711631327378	0.732991561764	0.71103608861	0.681157639954	0.690699467456	0.0	0.505830835929	0.720745201069	0.762767109407	0.77113239365	0.762747664109	0.745751473804	0.758634257974	0.750679476451	0.774831810428	0.754034928934	0.749484228293	0.745476384499	0.743559236043	0.767578053826	0.76686492165	0.765303539956	0.749150270904	0.746924596128	0.765650993319	0.768751251766	0.794172852037	0.742340960332	0.734779539638	0.731241311183	0.743540336076	0.772131656745	0.797798116007	0.779896560535	0.7657709112	0.75209365419	0.746639408407
AH8	0.694232748106	0.693237442137	0.764159263751	0.69751237474	0.699314020395	0.706126372755	0.708760323091	0.679919671355	0.699891159038	0.699858487344	0.697887081107	0.726843559653	0.703442197964	0.701921296723	0.700436376093	0.700689707317	0.586380615444	0.414902669836	0.777013275087	0.650069728729	0.644836135108	0.645265731741	0.658318887355	0.652331443165	0.681384895993	0.651084803729	0.675656069071	0.651624818723	0.654759127589	0.646478858022	0.505830835929	0.0	0.697459323425	0.712657672218	0.719600586054	0.710905240555	0.697238129317	0.697432660412	0.704286785441	0.718858868405	0.700171915763	0.710679835469	0.691010128162	0.697438132907	0.714807508476	0.712029459977	0.719110563471	0.702571775337	0.706474241741	0.719546439948	0.716896370343	0.740931954474	0.682600500059	0.678420668541	0.696412722309	0.687446340677	0.723403627626	0.740998314474	0.733655517808	0.726009424027	0.696944576452	0.694114041514
AA5	0.664193197449	0.673085145117	0.731937777238	0.714688665105	0.695333538887	0.678263537838	0.704373381598	0.686123977869	0.629819087909	0.708845417488	0.670114126034	0.673232861979	0.688658844682	0.711534782037	0.686330518139	0.698688899977	0.673203907769	0.68409343686	0.773701028755	0.714463988155	0.72790202205	0.718182845449	0.680054349643	0.688707076446	0.74798912525	0.702844499167	0.691348859446	0.696351035239	0.696955302827	0.695684019067	0.720745201069	0.697459323425	0.0	0.597166563871	0.70624958931	0.698650882327	0.653522028795	0.653361397122	0.688063603643	0.725004206698	0.708404434767	0.655900202836	0.670194422696	0.671582724888	0.724360769143	0.67343216897	0.711681106508	0.720117791764	0.71115800667	0.716533248549	0.706789650721	0.724870872687	0.684398546436	0.702826015572	0.685183575843	0.720596179639	0.675974038188	0.723558497521	0.677672543055	0.690650989805	0.676744281051	0.729189801206
AA6	0.69215444264	0.671048573408	0.775858359967	0.704092231346	0.686557374545	0.65861643878	0.666332904983	0.639692328039	0.713713498892	0.665528793229	0.683592462613	0.676206515477	0.698989545974	0.713094795141	0.706759108746	0.683826320955	0.707123147099	0.709307538182	0.788187606972	0.701179163827	0.706498404063	0.679335908828	0.702735116379	0.69347547844	0.74780761996	0.693846148095	0.698940114777	0.689075833848	0.710437277758	0.692873001045	0.762767109407	0.712657672218	0.597166563871	0.0	0.697501014834	0.674745039521	0.671571443574	0.634429359983	0.667591600534	0.692267511607	0.672023090297	0.67733257012	0.645844347525	0.665559774747	0.501700989187	0.444795833584	0.711372149684	0.69254792608	0.673717424962	0.689923796565	0.695913333356	0.683808428722	0.681678649578	0.682317973488	0.712489516555	0.692748324932	0.683747954556	0.693934684244	0.692863671573	0.685711894174	0.678675149862	0.692609173713
AB5	0.67104280583	0.668213999629	0.735291411797	0.690294241436	0.694212338142	0.676094433255	0.692649529638	0.672409384681	0.6951395963	0.68212714749	0.669882956455	0.676303830578	0.699247652079	0.672314479628	0.686503727973	0.66867766216	0.722887363321	0.71844308253	0.769577165411	0.698858607207	0.723248456167	0.715971360194	0.724127814541	0.729043187958	0.74115668443	0.723986321952	0.703095503303	0.703230768785	0.702484404875	0.70172892278	0.77113239365	0.719600586054	0.70624958931	0.697501014834	0.0	0.43699524145	0.645605785925	0.686933902139	0.675439258252	0.641255315425	0.652834734304	0.69692738687	0.682300978883	0.65119701519	0.706748854289	0.692007143208	0.675752638764	0.696599464176	0.684521751558	0.701762144621	0.697307517333	0.688819599954	0.662450073353	0.697133965014	0.698831164949	0.684522665522	0.706261481424	0.690855315719	0.70055818753	0.713827662796	0.658598210304	0.698433153364
AB6	0.687402512984	0.661351020347	0.752530648098	0.68611777081	0.673061194498	0.672344359496	0.670235223084	0.646947110217	0.706634854194	0.662835157489	0.675920546652	0.672038670895	0.680020695271	0.678759354471	0.687925658527	0.670608945402	0.716485598715	0.69971734387	0.779031749428	0.688553009778	0.73005920414	0.700151013999	0.716170836694	0.705655172295	0.742295315419	0.710801006495	0.685191348438	0.688884155757	0.691509635952	0.686761679143	0.762747664109	0.710905240555	0.698650882327	0.674745039521	0.43699524145	0.0	0.655416934682	0.66702842035	0.668581746588	0.64476061939	0.634448256502	0.690927037924	0.658803825215	0.573451977466	0.700871559255	0.678375443793	0.678761656052	0.679495812931	0.657698205115	0.671745224299	0.683850266962	0.683676657328	0.665892134908	0.675829619958	0.680266695607	0.665728013112	0.689267296041	0.689404573164	0.67677458636	0.675080222978	0.675826256445	0.688352817268
AC5	0.638787963174	0.651836092435	0.723099355781	0.673725969908	0.689499991865	0.671414504547	0.702813813956	0.670559701264	0.661676107148	0.6843959042	0.655900934059	0.689811872732	0.687432526856	0.675163119929	0.670120785814	0.674026900835	0.69215714737	0.699163295643	0.760610488741	0.684309011123	0.717469781492	0.691007323192	0.691926339607	0.691832225613	0.731435480492	0.71361996215	0.688117711944	0.691323817665	0.66246675783	0.661376730787	0.745751473804	0.697238129317	0.653522028795	0.671571443574	0.645605785925	0.655416934682	0.0	0.507605133575	0.648338341799	0.672819268642	0.671544989663	0.693694387566	0.59491139037	0.634149005954	0.662701810619	0.643909354421	0.665257174812	0.694748124147	0.632668294718	0.675785733252	0.668878351497	0.656983635866	0.642484178509	0.652971629798	0.639701918373	0.6568165019	0.648331952028	0.666364588798	0.651972571064	0.690609584286	0.645745583502	0.68821121312
AC6	0.665804024503	0.647142830088	0.754657469283	0.667835347458	0.678893243614	0.655257051067	0.669691341428	0.650207208613	0.699554242993	0.66092434382	0.675236816729	0.666601659094	0.672502225153	0.679052909737	0.683805311284	0.668351503097	0.687746065788	0.69458918982	0.774948230188	0.676662822402	0.717831001098	0.693982547956	0.693032424311	0.687492537647	0.754104434391	0.698500171605	0.676961882804	0.665075665143	0.68751054944	0.664818653186	0.758634257974	0.697432660412	0.653361397122	0.634429359983	0.686933902139	0.66702842035	0.507605133575	0.0	0.650619334715	0.675576928027	0.651831131227	0.548964866931	0.482802299499	0.618073169197	0.670750860869	0.642711743695	0.656879155915	0.664559441076	0.634949203866	0.657800987979	0.663989937847	0.659003589031	0.661597664115	0.646049660555	0.671274073173	0.646417130601	0.613190680743	0.671720529132	0.639638173953	0.645710493237	0.660609559869	0.676720968959
AD6	0.674386148232	0.646870177306	0.762844039453	0.677968117944	0.689124442675	0.654921379337	0.65044142812	0.622694040972	0.682239823934	0.649360888952	0.682234605524	0.674043047785	0.706159898985	0.709082604063	0.67819655048	0.650967893723	0.7127716395	0.701656567498	0.787592110278	0.690556184032	0.709259715114	0.67729589835	0.699643752836	0.704481996325	0.756062039565	0.700921788847	0.66959299232	0.685066681952	0.683078994138	0.675992425672	0.750679476451	0.704286785441	0.688063603643	0.667591600534	0.675439258252	0.668581746588	0.648338341799	0.650619334715	0.0	0.536986753635	0.417457076435	0.682528385997	0.644219086031	0.653137082534	0.669101289395	0.653920923274	0.682593279634	0.659464893545	0.649093069862	0.649423037386	0.672425272472	0.675377401624	0.657055909866	0.657271231055	0.657875042017	0.654350354282	0.642722554598	0.66570103828	0.643892529964	0.647913100466	0.63752642543	0.636251945427
AE5	0.692288068469	0.669455815406	0.779576142614	0.69438260062	0.675427074153	0.654062627699	0.666417701005	0.639115279436	0.702569381168	0.655643116798	0.684952283837	0.668442042009	0.708967919421	0.701039513329	0.693317147763	0.672228161299	0.748515321878	0.722669389879	0.793351131452	0.695139088169	0.735356448131	0.717680335963	0.727716246979	0.731817156309	0.764988600872	0.731314212037	0.718640739497	0.727225606791	0.700535643606	0.682351377023	0.774831810428	0.718858868405	0.725004206698	0.692267511607	0.641255315425	0.64476061939	0.672819268642	0.675576928027	0.536986753635	0.0	0.425003148059	0.694144968897	0.65576476615	0.676518704423	0.686420558636	0.679708893944	0.688269102511	0.682467945781	0.665438777953	0.648668679302	0.682550273429	0.703399282791	0.66389373522	0.673717712658	0.671778520763	0.659989696514	0.684979506568	0.692874075495	0.676595602554	0.650522307581	0.667211512769	0.66522807976
AE6	0.68189063133	0.650346862862	0.777858806692	0.679153954841	0.669305566773	0.638438404366	0.632111223147	0.605442547557	0.69587882665	0.625294966219	0.698244999409	0.675163318216	0.705833248487	0.702758157739	0.679735914901	0.636975227132	0.743042907971	0.702293403033	0.78979944536	0.681026374392	0.724417155668	0.678253620534	0.716125850506	0.711212516698	0.760526388004	0.714353861982	0.679629516727	0.711312076507	0.697813499398	0.67770951783	0.754034928934	0.700171915763	0.708404434767	0.672023090297	0.652834734304	0.634448256502	0.671544989663	0.651831131227	0.417457076435	0.425003148059	0.0	0.676192331455	0.632837609126	0.661809014836	0.675923207485	0.659460950082	0.693892925163	0.660903354832	0.653043739598	0.633512053158	0.680277116127	0.683695730001	0.648413994247	0.651682194053	0.673472775779	0.653810161399	0.662751703018	0.672270553481	0.661706977068	0.631030094383	0.655273118334	0.6405655436
AF5	0.680819212501	0.666173659511	0.721047314565	0.655733509591	0.672648079172	0.661862507955	0.706273226613	0.683424347769	0.679253100874	0.691967313389	0.664458845035	0.678707177244	0.656314955792	0.660168545583	0.689777175415	0.671029894263	0.709600115528	0.707393342598	0.720723018444	0.678114925645	0.72325222693	0.70856222027	0.68627270672	0.693273624908	0.750079132703	0.693532359696	0.686602556856	0.714104681633	0.687501122453	0.647472394351	0.749484228293	0.710679835469	0.655900202836	0.67733257012	0.69692738687	0.690927037924	0.693694387566	0.548964866931	0.682528385997	0.694144968897	0.676192331455	0.0	0.474653453151	0.641666320294	0.726717168902	0.69025514187	0.721555667229	0.708668094655	0.670412046656	0.694234592403	0.705638411222	0.730241851868	0.700439288274	0.696862687762	0.706413751184	0.701441056358	0.675330371214	0.738341680465	0.68772648082	0.671763813196	0.672040444298	0.704044538208
AF6	0.669637952408	0.634615814594	0.72202017741	0.642304927463	0.647036572605	0.641372142065	0.677050149613	0.651876671647	0.696034663647	0.675552414615	0.655530214088	0.663659653223	0.664313431414	0.637760629919	0.668016713742	0.651372040552	0.702585566722	0.688893190222	0.737242498507	0.675211650544	0.711062441243	0.679651634472	0.69662874577	0.697321588124	0.739424363017	0.696220575923	0.676416735324	0.694905119805	0.681843678117	0.651562406514	0.745476384499	0.691010128162	0.670194422696	0.645844347525	0.682300978883	0.658803825215	0.59491139037	0.482802299499	0.644219086031	0.65576476615	0.632837609126	0.474653453151	0.0	0.621581898772	0.677657318131	0.639486218907	0.689195756976	0.689242902208	0.644008026513	0.656937007725	0.683928577836	0.688393603157	0.680347939992	0.675707551015	0.688632105473	0.675329779056	0.643011266136	0.6964527755	0.650376621555	0.652014344618	0.65614585646	0.676612260377
