	AA3	AA4	AB3	AB4	AC3	AC4	AD3	AD4	AE3	AE4	AF3	AF4	AG3	AG4	AH3	AH4	AA7	AA8	AB7	AB8	AC7	AC8	AD7	AD8	AE7	AE8	AF7	AF8	AG7	AG8	AH7	AH8	AA5	AA6	AB5	AB6	AC5	AC6	AD6	AE5	AE6	AF5	AF6	AG5	AH5	AH6	AA1	AA2	AB1	AB2	AC1	AC2	AD1	AD2	AE1	AE2	AF1	AF2	AG1	AG2	AH1	AH2
AA3	0.0	0.483718349557	0.690345101441	0.639802853768	0.674585375265	0.670657169527	0.691888974713	0.683768707399	0.661607210215	0.690471584704	0.655414496692	0.668971170915	0.650384013277	0.629402012991	0.681750074092	0.49132839142	0.681836003536	0.678046807883	0.75763327149	0.68333454749	0.700583362298	0.693093531591	0.676178368489	0.696381775952	0.736717209523	0.699023592393	0.673282015378	0.674582265993	0.682724585658	0.68170653767	0.746440132312	0.725691654477	0.660325626576	0.694425173626	0.671917181237	0.693866397455	0.632715813543	0.669838015387	0.667642072457	0.686432692114	0.678799755963	0.685932388084	0.658825849472	0.659199103719	0.70615676144	0.708735723884	0.670912094695	0.685022814024	0.650024462887	0.677954030818	0.661175468326	0.692452453866	0.652536878671	0.66320278447	0.677275518859	0.668128218769	0.660618550219	0.6804678547	0.640922844682	0.687748000071	0.65487529503	0.688842071653
AA4	0.483718349557	0.0	0.70875152908	0.625831539277	0.651144048621	0.645245888501	0.669038726635	0.664765394615	0.690435864068	0.669088850443	0.67113732232	0.651688088228	0.66586482176	0.659237674174	0.510593216073	0.37919229825	0.694668337612	0.69450099964	0.765399335992	0.691349974167	0.709861068359	0.6858498993	0.682404721143	0.688459742437	0.732462229275	0.682468183373	0.669329848169	0.669636778961	0.691897980947	0.681832866261	0.755128673678	0.70792394953	0.679735313814	0.680870035879	0.662645491826	0.65053266014	0.656977383921	0.636243452841	0.637315338489	0.66464705415	0.645209164184	0.660518880714	0.66643038096	0.637340125074	0.685689004899	0.683716446608	0.676156788154	0.661947296863	0.646659618298	0.644296375612	0.661791459383	0.679056458155	0.656311394682	0.650894913449	0.672065096794	0.6542253768	0.636555184154	0.66738933522	0.648718132124	0.647693192826	0.659201935064	0.656091423208
AB3	0.690345101441	0.70875152908	0.0	0.680144500882	0.721447505988	0.755208005369	0.74574779634	0.746516482627	0.711978161597	0.756752267073	0.711228911927	0.749821251035	0.726094605487	0.604656586994	0.677125151217	0.711064812165	0.710049124856	0.733661511427	0.715104587898	0.676262030318	0.72637200437	0.752686950382	0.725565699899	0.744309460848	0.722491743267	0.755963890577	0.735346019616	0.751859382245	0.691051909795	0.71533873597	0.760457913546	0.75029285599	0.724611699365	0.78409293871	0.702127497827	0.754958675311	0.720416071707	0.744235888873	0.757651952156	0.749293711909	0.762665727342	0.728269406309	0.720262506105	0.732131920497	0.792790233719	0.802897756749	0.775951958389	0.78340978095	0.726350399035	0.770224197214	0.751478604565	0.777351129035	0.730754461415	0.76210430097	0.747817121675	0.769646059469	0.762795843392	0.766723670347	0.764678508301	0.769120464018	0.728542358322	0.770028393116
AB4	0.639802853768	0.625831539277	0.680144500882	0.0	0.67423489049	0.6835738425	0.70401169494	0.684967583238	0.693958373143	0.705464500776	0.689762347971	0.683204860524	0.430514031274	0.486408274263	0.681894630198	0.632582282718	0.693966460054	0.685846055831	0.744726958594	0.676767471343	0.690574164658	0.67373367337	0.691466408055	0.694318143507	0.725350311898	0.701499684476	0.664895416547	0.671394874316	0.670680540313	0.673792830138	0.739528451026	0.705724522317	0.700327734298	0.716293328718	0.686006220004	0.698060969723	0.679386223268	0.658848568018	0.69085316462	0.683183320147	0.700746464157	0.651772058648	0.67496587742	0.690803198214	0.712520949695	0.719321324652	0.700475351987	0.709558095923	0.651172668355	0.690788543194	0.684884108159	0.721577351865	0.680017585257	0.69340891826	0.684943207348	0.681247546674	0.698890189865	0.699928099002	0.702084534749	0.690152740955	0.67569378457	0.687549198966
AC3	0.674585375265	0.651144048621	0.721447505988	0.67423489049	0.0	0.515481758923	0.66948879454	0.653358317692	0.660009173358	0.677993477851	0.680345664909	0.467235610811	0.697558015026	0.703348756861	0.66314147939	0.654916452352	0.67966969865	0.697480352103	0.745748516351	0.670463238706	0.692987035803	0.696039699694	0.706321515865	0.705726379588	0.701964068528	0.69994240034	0.714299551837	0.710418765704	0.693124701614	0.670857182294	0.730671493721	0.707949948714	0.665277534564	0.689314778529	0.669227627008	0.678699595986	0.6853654249	0.651972748665	0.666209961733	0.643184220217	0.653173296569	0.634236007054	0.654248215248	0.656953922415	0.70841151178	0.700398622214	0.7137870861	0.698054461311	0.683453869238	0.654623133031	0.689122477938	0.693903766215	0.681280848252	0.687694127909	0.679534804367	0.673325241372	0.690146126835	0.697796244376	0.680504515467	0.663850849879	0.677798415296	0.701620136614
AC4	0.670657169527	0.645245888501	0.755208005369	0.6835738425	0.515481758923	0.0	0.678008533945	0.629116738523	0.670458752096	0.6676426444	0.50512246735	0.405816683809	0.688915478663	0.701688166936	0.692145297363	0.645221743726	0.685754287645	0.697645587319	0.773927618928	0.672757193315	0.710943793751	0.680770527401	0.69945908109	0.699669647629	0.752307774269	0.709208894995	0.697031846488	0.691336172446	0.703766173683	0.668500888298	0.752891586291	0.712348357495	0.662037688841	0.668629866573	0.662888285414	0.663599471631	0.668169133184	0.666346266609	0.648083052766	0.638433341743	0.639422849321	0.680399248798	0.67050779546	0.650321475733	0.677642156155	0.66976536364	0.729578489612	0.704731265598	0.693609386549	0.669621257073	0.667726722255	0.670424354005	0.67574648214	0.687500753652	0.692958094554	0.683743704468	0.675292847218	0.664496913718	0.661000546595	0.681392176477	0.658184319685	0.682141524943
AD3	0.691888974713	0.669038726635	0.74574779634	0.70401169494	0.66948879454	0.678008533945	0.0	0.432405995272	0.681721702646	0.338561799109	0.710865786076	0.664453947512	0.715866885324	0.716820796219	0.693311815241	0.657243656765	0.71816859532	0.695267555349	0.77385780716	0.679194505705	0.720482372008	0.680706742275	0.707934136755	0.681785722001	0.728516830873	0.675769677619	0.697411147414	0.680022068076	0.702764397332	0.668028892206	0.729271221758	0.701605225343	0.699719566714	0.664889786998	0.684895344427	0.678525481861	0.678206926381	0.666052559711	0.632756029305	0.652728316668	0.625686878585	0.667119728621	0.666653263111	0.677283288933	0.687699019887	0.690459845113	0.693084851399	0.67970409258	0.678385577218	0.650934461291	0.685796997701	0.680746582156	0.680162214357	0.663783453541	0.681660368024	0.667094218983	0.675479062332	0.685348247116	0.690783474658	0.644066007337	0.716418543137	0.655237245145
AD4	0.683768707399	0.664765394615	0.746516482627	0.684967583238	0.653358317692	0.629116738523	0.432405995272	0.0	0.598079924373	0.40116301705	0.673683456707	0.637377100075	0.689558346013	0.700639625162	0.689482796338	0.653746202153	0.681925801806	0.680021176233	0.765561802631	0.639837858878	0.706699338222	0.649148969214	0.67886246299	0.666075609814	0.721050136809	0.668143991924	0.66469004533	0.654975358033	0.657688474878	0.619728788584	0.708767428133	0.682762873577	0.682863849197	0.651381835268	0.682184931368	0.674170278927	0.664194072285	0.657067194421	0.633421863612	0.639175670939	0.626796159873	0.67588293292	0.669620536518	0.659253564459	0.660012664746	0.669253944008	0.695126525144	0.663266059921	0.663953280746	0.650258053566	0.663775681325	0.67460989106	0.667138406515	0.660957916233	0.663706748071	0.662245239292	0.680086193247	0.66802307967	0.68266408706	0.652469238109	0.684874626835	0.661024401862
AE3	0.661607210215	0.690435864068	0.711978161597	0.693958373143	0.660009173358	0.670458752096	0.681721702646	0.598079924373	0.0	0.647157909359	0.666547986129	0.657390949827	0.684316389464	0.661986495513	0.687399479051	0.677851379649	0.670014945194	0.67790596744	0.758283864827	0.684473044014	0.730851424998	0.718978524158	0.665860425025	0.699683308258	0.745261660852	0.687020962399	0.689155336934	0.707666372485	0.674034207967	0.666795613451	0.740060872478	0.709844782809	0.619429720228	0.69704719669	0.700021969492	0.713733713006	0.656586049299	0.690939723381	0.676383876772	0.681595650719	0.692993467722	0.648406186478	0.683382912688	0.662862666932	0.729345165596	0.736838728463	0.712848445727	0.726331541235	0.698943838487	0.711145153763	0.700315352044	0.723447060679	0.695062287805	0.702210344859	0.670764507973	0.706537756462	0.689661131704	0.725257804014	0.697871069852	0.702809470087	0.668621439437	0.716515603339
AE4	0.690471584704	0.669088850443	0.756752267073	0.705464500776	0.677993477851	0.6676426444	0.338561799109	0.40116301705	0.647157909359	0.0	0.704464647585	0.655158677454	0.711380710672	0.707811739258	0.703144489113	0.66426010459	0.711060205684	0.683478697318	0.778496205222	0.672475259466	0.719512849865	0.679936193992	0.705851070846	0.685569785736	0.739089873814	0.673267882814	0.698826815823	0.67344616119	0.699948588037	0.668220350911	0.727638112247	0.681728080542	0.703701695283	0.65265067708	0.689773534471	0.674951425037	0.685535510444	0.674341003977	0.630120472105	0.65303103183	0.622488229842	0.678458723003	0.679820607881	0.672084410804	0.687367562365	0.688456964375	0.690318912157	0.682057410342	0.685780882112	0.660063541263	0.676116658481	0.674699245475	0.688678773556	0.671114219661	0.68619090827	0.666189738053	0.679686592463	0.690649979113	0.690173368525	0.649115679938	0.70886070431	0.655507577157
AF3	0.655414496692	0.67113732232	0.711228911927	0.689762347971	0.680345664909	0.50512246735	0.710865786076	0.673683456707	0.666547986129	0.704464647585	0.0	0.558999696024	0.671242129936	0.689828531164	0.686630048676	0.663911752783	0.678936250716	0.692596611216	0.754498672096	0.682683074399	0.683897149148	0.712479947078	0.681017574802	0.708897447649	0.764221991856	0.720831445198	0.704785300735	0.695161934578	0.697310527918	0.679037556013	0.721295418301	0.709749881902	0.645208579899	0.691674073199	0.659741854837	0.684215927894	0.664327518172	0.664068049154	0.6707819728	0.667497123961	0.673645660235	0.686294298865	0.667640873215	0.659084265854	0.693732361605	0.694035351388	0.725343275468	0.717036513636	0.684737739337	0.701208905553	0.70132463624	0.710891746585	0.700881906562	0.705788367092	0.702599088613	0.703027234213	0.677952815281	0.706254524243	0.663512323917	0.709144299775	0.645414979701	0.699413387976
AF4	0.668971170915	0.651688088228	0.749821251035	0.683204860524	0.467235610811	0.405816683809	0.664453947512	0.637377100075	0.657390949827	0.655158677454	0.558999696024	0.0	0.687515608467	0.692825128685	0.693891862461	0.654634891827	0.696910372977	0.697781249536	0.775919664518	0.679371027171	0.698512952793	0.686853531014	0.698490999888	0.695929125521	0.740414977264	0.69275738699	0.707693874655	0.692376142394	0.690286346128	0.670620251838	0.751752403787	0.704996565011	0.656544823938	0.648511315855	0.667981463705	0.680182294302	0.684273961638	0.661231229152	0.665752198684	0.651033260983	0.645959414312	0.655729737891	0.662184021605	0.658939233932	0.672650601996	0.663835951541	0.706698488894	0.693409051216	0.691741776136	0.659481082891	0.667797230711	0.67149076563	0.667384544971	0.674718692827	0.675951652405	0.666596604066	0.673901104915	0.668279585656	0.661998656952	0.662029455485	0.666482284241	0.667114099743
AG3	0.650384013277	0.66586482176	0.726094605487	0.430514031274	0.697558015026	0.688915478663	0.715866885324	0.689558346013	0.684316389464	0.711380710672	0.671242129936	0.687515608467	0.0	0.529659573815	0.687223716672	0.673150052217	0.682497543139	0.681389611947	0.764771173906	0.690070584832	0.679042177478	0.69903016362	0.668453328198	0.687540365663	0.726504357079	0.683617520511	0.681912053859	0.6941204498	0.687302727677	0.692593743497	0.73438873556	0.709280592299	0.683285612877	0.702522199812	0.689932679669	0.687795222726	0.680119052438	0.685686222336	0.686931657705	0.694819634724	0.69752089267	0.665579228226	0.667343697259	0.670685350008	0.703522872022	0.717427107168	0.702831070755	0.710156858997	0.642637079993	0.691970972743	0.694780387464	0.724134609963	0.69368492792	0.700806702402	0.68634333338	0.686817866658	0.69645421845	0.719667237382	0.693604043694	0.686031640267	0.688541776623	0.70849077434
AG4	0.629402012991	0.659237674174	0.604656586994	0.486408274263	0.703348756861	0.701688166936	0.716820796219	0.700639625162	0.661986495513	0.707811739258	0.689828531164	0.692825128685	0.529659573815	0.0	0.710156048666	0.663531245277	0.725875541966	0.722035093441	0.72383589388	0.707214711243	0.73553559941	0.723025045762	0.699773210998	0.725046076321	0.739377542466	0.720970168539	0.704073767926	0.710952311716	0.707357995488	0.695221743541	0.747871375135	0.745284295031	0.701766879371	0.731223643897	0.683929954016	0.714383623701	0.693941843982	0.69647339235	0.701866856255	0.697624000184	0.710540179538	0.668504988232	0.670643271933	0.705403885189	0.74078346161	0.748894434359	0.706931816679	0.720595004267	0.662538913175	0.709368160913	0.703134206875	0.709938308278	0.676327898489	0.720545314224	0.716706995744	0.705998377593	0.709862760841	0.714290769989	0.698495094822	0.709226783271	0.688946889466	0.706793721859
AH3	0.681750074092	0.510593216073	0.677125151217	0.681894630198	0.66314147939	0.692145297363	0.693311815241	0.689482796338	0.687399479051	0.703144489113	0.686630048676	0.693891862461	0.687223716672	0.710156048666	0.0	0.537657066354	0.679088795768	0.702714870392	0.764916706509	0.694037493677	0.720181282935	0.716594837679	0.686899791495	0.693234349073	0.734596527558	0.69776960862	0.687271820702	0.699239400201	0.703791025288	0.696994495391	0.756727981727	0.723168050574	0.668602661758	0.723017343957	0.698463887294	0.684131620923	0.658444136935	0.67149877081	0.670447897748	0.686187701914	0.677742088059	0.679446302733	0.675088594288	0.667148777496	0.713575157424	0.725151702104	0.712707493216	0.702365783328	0.695876852565	0.692802167318	0.703518512045	0.725576838406	0.699991254523	0.697190895979	0.68470768786	0.700089433116	0.696121836829	0.712783744856	0.710018209738	0.685945627656	0.696713095161	0.701771870962
AH4	0.49132839142	0.37919229825	0.711064812165	0.632582282718	0.654916452352	0.645221743726	0.657243656765	0.653746202153	0.677851379649	0.66426010459	0.663911752783	0.654634891827	0.673150052217	0.663531245277	0.537657066354	0.0	0.687991221156	0.671235944634	0.767639838716	0.67162062881	0.708651877777	0.674327850302	0.670024104257	0.66892331485	0.733271166852	0.675677084132	0.660660508884	0.656066090871	0.685338389034	0.676190672851	0.742645736659	0.688467560211	0.668719237807	0.675861078554	0.658642373468	0.647980538338	0.648150494275	0.629289918558	0.621052793523	0.67008788637	0.631697974864	0.664450960005	0.65225803995	0.63555462653	0.682201215552	0.682167036401	0.681104615773	0.644461661974	0.64035598312	0.644059669861	0.645925703441	0.673274295205	0.636826160397	0.638037867662	0.661364475636	0.644998441935	0.646261190716	0.65225187417	0.641254631955	0.640388719178	0.649892923811	0.649086602515
AA7	0.681836003536	0.694668337612	0.710049124856	0.693966460054	0.67966969865	0.685754287645	0.71816859532	0.681925801806	0.670014945194	0.711060205684	0.678936250716	0.696910372977	0.682497543139	0.725875541966	0.679088795768	0.687991221156	0.0	0.502970887532	0.759163587606	0.677984850418	0.652806614214	0.672539461239	0.653412108452	0.695259413435	0.69206836575	0.691219740559	0.652666559967	0.66681432785	0.664585532114	0.65892278943	0.70815152684	0.59456385261	0.665681932856	0.71853498486	0.699093602179	0.716051437303	0.671821557327	0.681754933214	0.709713293551	0.739740232896	0.719769260119	0.688753973856	0.707475311412	0.711206947032	0.723768109013	0.736327616946	0.737793241717	0.733356904604	0.70314049867	0.736046072202	0.705011910818	0.737772200556	0.695133223253	0.705954260977	0.692377069045	0.70955888362	0.734265301977	0.726407768659	0.734804592889	0.738840228925	0.691343425113	0.71399386211
AA8	0.678046807883	0.69450099964	0.733661511427	0.685846055831	0.697480352103	0.697645587319	0.695267555349	0.680021176233	0.67790596744	0.683478697318	0.692596611216	0.697781249536	0.681389611947	0.722035093441	0.702714870392	0.671235944634	0.502970887532	0.0	0.76799997515	0.659924974677	0.657720775919	0.655151905499	0.686715728877	0.683430790789	0.711847524238	0.675274787308	0.674423266778	0.659615995632	0.665799484984	0.659218113288	0.549755058998	0.425091714468	0.672609891162	0.709186054193	0.708339017389	0.714856382432	0.680220514014	0.683728678205	0.702551696871	0.72135370858	0.699804253514	0.664680226175	0.685626060128	0.689295558573	0.726815460226	0.726361806648	0.724145785555	0.705128542715	0.701791882518	0.731584599536	0.710666233224	0.72785103879	0.694020443481	0.699046824932	0.702371885735	0.694536486445	0.721552338059	0.732423081953	0.72641215849	0.713379415416	0.700831612826	0.67706119359
AB7	0.75763327149	0.765399335992	0.715104587898	0.744726958594	0.745748516351	0.773927618928	0.77385780716	0.765561802631	0.758283864827	0.778496205222	0.754498672096	0.775919664518	0.764771173906	0.72383589388	0.764916706509	0.767639838716	0.759163587606	0.76799997515	0.0	0.547642156982	0.734714648487	0.765734143461	0.77045792116	0.78705006942	0.739101512841	0.777480994507	0.770464560735	0.765529608627	0.735678992261	0.643405818685	0.755399175387	0.7598024277	0.773333258427	0.782183804423	0.768005908932	0.786999165366	0.767293246627	0.750256894447	0.791820050899	0.781322438389	0.789698670933	0.715817625998	0.739161775834	0.758626585388	0.789016691594	0.795084516396	0.81508081678	0.812476527361	0.769694270769	0.783325825901	0.802318664901	0.800018256216	0.785278656697	0.792443589411	0.775936607545	0.791421768284	0.790792979469	0.799334440792	0.799101949066	0.789528998137	0.788535160755	0.783448288867
AB8	0.68333454749	0.691349974167	0.676262030318	0.676767471343	0.670463238706	0.672757193315	0.679194505705	0.639837858878	0.684473044014	0.672475259466	0.682683074399	0.679371027171	0.690070584832	0.707214711243	0.694037493677	0.67162062881	0.677984850418	0.659924974677	0.547642156982	0.0	0.645220283321	0.636679875894	0.684780742877	0.675879254886	0.673261774144	0.664019818068	0.680406116864	0.657314202798	0.491487132034	0.420578038134	0.69440561798	0.650059027295	0.697720299714	0.696982323141	0.694515253507	0.692903623586	0.687876844847	0.66166854208	0.683835630959	0.693420980575	0.674784993193	0.671302401105	0.665832814276	0.665932725929	0.695343077713	0.696651914401	0.750577458995	0.715729733974	0.695211722967	0.706801656812	0.700552776484	0.727864954497	0.68564675993	0.701237989317	0.703386758658	0.696668964788	0.713386806475	0.726397744266	0.720617662637	0.697521585199	0.699428074271	0.693677001357
AC7	0.700583362298	0.709861068359	0.72637200437	0.690574164658	0.692987035803	0.710943793751	0.720482372008	0.706699338222	0.730851424998	0.719512849865	0.683897149148	0.698512952793	0.679042177478	0.73553559941	0.720181282935	0.708651877777	0.652806614214	0.657720775919	0.734714648487	0.645220283321	0.0	0.506810069037	0.684536576917	0.683606390979	0.689749216662	0.680394056209	0.680177832872	0.593150794434	0.627303617148	0.640687872452	0.656110839171	0.649651076672	0.714767893662	0.698536018764	0.717693205855	0.733927195743	0.719480654111	0.700633247465	0.721045938395	0.728653158308	0.721488589301	0.71272957701	0.718605327761	0.704878330729	0.698731149416	0.703243532196	0.75479838813	0.757707519676	0.704047933187	0.726475565647	0.742662444222	0.752585313667	0.712455226739	0.693944645997	0.692313822038	0.701494346836	0.733480239714	0.734205769267	0.744619478025	0.732018933671	0.699670800596	0.743977390216
AC8	0.693093531591	0.6858498993	0.752686950382	0.67373367337	0.696039699694	0.680770527401	0.680706742275	0.649148969214	0.718978524158	0.679936193992	0.712479947078	0.686853531014	0.69903016362	0.723025045762	0.716594837679	0.674327850302	0.672539461239	0.655151905499	0.765734143461	0.636679875894	0.506810069037	0.0	0.681087829598	0.664937385207	0.707474322203	0.659251595668	0.488077780924	0.392870115795	0.624963062975	0.611493952672	0.69454051573	0.634232308241	0.71618142287	0.665687707722	0.703576350314	0.700925277727	0.702034873239	0.68348125459	0.698327233537	0.713014033412	0.683425402563	0.695901598442	0.694718091914	0.688234581845	0.67376433126	0.679811225594	0.733829810523	0.700348231539	0.686516631123	0.687094516336	0.690262226543	0.694405125072	0.687337885099	0.662457022005	0.680748255518	0.667014955283	0.697463699659	0.685716649599	0.7172120935	0.688099164312	0.676744016637	0.689060061149
AD7	0.676178368489	0.682404721143	0.725565699899	0.691466408055	0.706321515865	0.69945908109	0.707934136755	0.67886246299	0.665860425025	0.705851070846	0.681017574802	0.698490999888	0.668453328198	0.699773210998	0.686899791495	0.670024104257	0.653412108452	0.686715728877	0.77045792116	0.684780742877	0.684536576917	0.681087829598	0.0	0.456644567039	0.707273558128	0.495413939272	0.659825318553	0.662796975251	0.658259949574	0.659808109999	0.696451541422	0.699678284927	0.650110698193	0.691346838618	0.715329863835	0.696476011465	0.681473468334	0.687337395294	0.703309332609	0.704264825279	0.70229735316	0.667001843408	0.677323376558	0.674437045738	0.696702000239	0.702431966141	0.713968479644	0.702305977157	0.676401248432	0.70449368078	0.68396011141	0.721022770789	0.68105144293	0.671208649401	0.65162639898	0.68037700397	0.690984157086	0.709272669215	0.691917121484	0.697891012209	0.666563516487	0.686850175136
AD8	0.696381775952	0.688459742437	0.744309460848	0.694318143507	0.705726379588	0.699669647629	0.681785722001	0.666075609814	0.699683308258	0.685569785736	0.708897447649	0.695929125521	0.687540365663	0.725046076321	0.693234349073	0.66892331485	0.695259413435	0.683430790789	0.78705006942	0.675879254886	0.683606390979	0.664937385207	0.456644567039	0.0	0.578941532113	0.39010871865	0.647989902754	0.656272042238	0.65900055377	0.658963667693	0.712758709244	0.689024510232	0.691599417886	0.690754864958	0.723057945054	0.708969404586	0.695895540416	0.698392691564	0.70394861505	0.703743950437	0.703101613342	0.691417870235	0.690523942876	0.67395869088	0.691273695745	0.702814201257	0.716643668344	0.699196585268	0.694580407313	0.699617739632	0.685203786212	0.725621905258	0.689753219016	0.673158822986	0.676967984789	0.685264727995	0.704041779261	0.705354283853	0.713990105152	0.696645416536	0.682860140236	0.695797434345
AE7	0.736717209523	0.732462229275	0.722491743267	0.725350311898	0.701964068528	0.752307774269	0.728516830873	0.721050136809	0.745261660852	0.739089873814	0.764221991856	0.740414977264	0.726504357079	0.739377542466	0.734596527558	0.733271166852	0.69206836575	0.711847524238	0.739101512841	0.673261774144	0.689749216662	0.707474322203	0.707273558128	0.578941532113	0.0	0.520442896127	0.709604274129	0.708056157988	0.682331643512	0.687970561244	0.732706433514	0.680669572714	0.734219797655	0.75219629946	0.740614936692	0.749504420139	0.731945472315	0.740330171233	0.762240488051	0.761697662345	0.759763538596	0.735630453293	0.744058935962	0.730404401789	0.75098956911	0.766375065874	0.767252511532	0.771210043361	0.726417572944	0.754087376828	0.759471109349	0.78706936722	0.742507810406	0.748240956996	0.735578080852	0.741405411163	0.77472510146	0.78270578248	0.783408334439	0.763553793467	0.749912129794	0.773757804895
AE8	0.699023592393	0.682468183373	0.755963890577	0.701499684476	0.69994240034	0.709208894995	0.675769677619	0.668143991924	0.687020962399	0.673267882814	0.720831445198	0.69275738699	0.683617520511	0.720970168539	0.69776960862	0.675677084132	0.691219740559	0.675274787308	0.777480994507	0.664019818068	0.680394056209	0.659251595668	0.495413939272	0.39010871865	0.520442896127	0.0	0.649238570053	0.64675934913	0.652980468046	0.647091608097	0.716569883376	0.675175762033	0.674974190148	0.681381691032	0.723208097994	0.707047254524	0.699965653704	0.690417497878	0.709932374374	0.714942862009	0.700684954769	0.671674132257	0.696706984049	0.686986098338	0.695849661434	0.709752830145	0.718034002255	0.711712624918	0.685048521062	0.706552538654	0.701905215027	0.717950986405	0.690469376985	0.678425429856	0.668125525675	0.673550520996	0.696964531696	0.711096742238	0.714637783432	0.697238332128	0.687426179387	0.687964312457
AF7	0.673282015378	0.669329848169	0.735346019616	0.664895416547	0.714299551837	0.697031846488	0.697411147414	0.66469004533	0.689155336934	0.698826815823	0.704785300735	0.707693874655	0.681912053859	0.704073767926	0.687271820702	0.660660508884	0.652666559967	0.674423266778	0.770464560735	0.680406116864	0.680177832872	0.488077780924	0.659825318553	0.647989902754	0.709604274129	0.649238570053	0.0	0.41046316896	0.648331431309	0.655171708199	0.727250203866	0.670067997073	0.685328882123	0.704445633091	0.691779886095	0.687879969044	0.682934606937	0.670445683105	0.682111071995	0.711400035685	0.681340689722	0.691171130838	0.684960356144	0.673647435513	0.717723162972	0.719739908477	0.707241175841	0.696387488951	0.672013640292	0.696727952902	0.684755002048	0.708948433293	0.690107034977	0.662862473653	0.664313310357	0.670219889764	0.676718697174	0.701789317374	0.70123615382	0.70221445292	0.662870399286	0.6883992428
AF8	0.674582265993	0.669636778961	0.751859382245	0.671394874316	0.710418765704	0.691336172446	0.680022068076	0.654975358033	0.707666372485	0.67344616119	0.695161934578	0.692376142394	0.6941204498	0.710952311716	0.699239400201	0.656066090871	0.66681432785	0.659615995632	0.765529608627	0.657314202798	0.593150794434	0.392870115795	0.662796975251	0.656272042238	0.708056157988	0.64675934913	0.41046316896	0.0	0.652838393527	0.630831198629	0.712166758803	0.656693331821	0.701532831174	0.664376353052	0.694130751145	0.678987833998	0.673512471836	0.667751754564	0.674163744793	0.705312492461	0.678425282911	0.696058357271	0.683233065055	0.662679704839	0.673772948409	0.680748968033	0.717010296373	0.695810723154	0.662508162696	0.686407883732	0.688027752644	0.679341614678	0.674818963932	0.653116057275	0.666615160727	0.657031726132	0.677525568305	0.666634204588	0.701342191156	0.695737806912	0.652945723711	0.678236247496
AG7	0.682724585658	0.691897980947	0.691051909795	0.670680540313	0.693124701614	0.703766173683	0.702764397332	0.657688474878	0.674034207967	0.699948588037	0.697310527918	0.690286346128	0.687302727677	0.707357995488	0.703791025288	0.685338389034	0.664585532114	0.665799484984	0.735678992261	0.491487132034	0.627303617148	0.624963062975	0.658259949574	0.65900055377	0.682331643512	0.652980468046	0.648331431309	0.652838393527	0.0	0.45619166639	0.684448784436	0.672515529449	0.671948543136	0.695341175464	0.691829480536	0.691224411751	0.660454928007	0.659043471427	0.69626546161	0.712821033433	0.695970902396	0.685587811743	0.6740173168	0.660670304752	0.703656585073	0.704416308079	0.726612838519	0.711962997635	0.687873426775	0.70570051637	0.687776232669	0.732230330885	0.679190572234	0.69403084104	0.672439911843	0.684543165326	0.704515987199	0.728798190478	0.705489960168	0.698676848372	0.658599511248	0.697635525688
AG8	0.68170653767	0.681832866261	0.71533873597	0.673792830138	0.670857182294	0.668500888298	0.668028892206	0.619728788584	0.666795613451	0.668220350911	0.679037556013	0.670620251838	0.692593743497	0.695221743541	0.696994495391	0.676190672851	0.65892278943	0.659218113288	0.643405818685	0.420578038134	0.640687872452	0.611493952672	0.659808109999	0.658963667693	0.687970561244	0.647091608097	0.655171708199	0.630831198629	0.45619166639	0.0	0.69977976351	0.64597976146	0.6782847425	0.680131857763	0.688062677057	0.689909817482	0.648705277031	0.626091377184	0.672529279439	0.682240618484	0.670246071279	0.66499400337	0.648844243373	0.647172293296	0.680970250172	0.680525788799	0.724366988735	0.68939249695	0.669991196633	0.678029132827	0.687395767738	0.716466415716	0.67519594848	0.674868338292	0.667087815756	0.667037872976	0.68700514034	0.705524257884	0.688176511773	0.678838071173	0.677179025432	0.67415240557
AH7	0.746440132312	0.755128673678	0.760457913546	0.739528451026	0.730671493721	0.752891586291	0.729271221758	0.708767428133	0.740060872478	0.727638112247	0.721295418301	0.751752403787	0.73438873556	0.747871375135	0.756727981727	0.742645736659	0.70815152684	0.549755058998	0.755399175387	0.69440561798	0.656110839171	0.69454051573	0.696451541422	0.712758709244	0.732706433514	0.716569883376	0.727250203866	0.712166758803	0.684448784436	0.69977976351	0.0	0.540430225517	0.726430057899	0.764709180244	0.765953076291	0.765204161781	0.755676180707	0.731550480001	0.760229827108	0.760259118276	0.750493671009	0.719549465175	0.755234063571	0.737745959758	0.768697888634	0.770111213294	0.779180546935	0.75911272319	0.755719717743	0.765996579926	0.778221456895	0.791232791209	0.743515730035	0.740806771741	0.739399982205	0.735646215406	0.770416350135	0.794679881198	0.776444733946	0.764996376913	0.750669085096	0.7483426972
AH8	0.725691654477	0.70792394953	0.75029285599	0.705724522317	0.707949948714	0.712348357495	0.701605225343	0.682762873577	0.709844782809	0.681728080542	0.709749881902	0.704996565011	0.709280592299	0.745284295031	0.723168050574	0.688467560211	0.59456385261	0.425091714468	0.7598024277	0.650059027295	0.649651076672	0.634232308241	0.699678284927	0.689024510232	0.680669572714	0.675175762033	0.670067997073	0.656693331821	0.672515529449	0.64597976146	0.540430225517	0.0	0.694385238586	0.712476035585	0.729144625293	0.726352364475	0.714944451014	0.693057190844	0.707354696825	0.725417376289	0.695412832832	0.685897848346	0.717179581644	0.708880746169	0.723571161674	0.724510133499	0.747962431246	0.72439978496	0.720858825971	0.723714779047	0.723915351187	0.7476891245	0.713318450368	0.710060928104	0.706999500044	0.700571316994	0.724302881454	0.747093217142	0.74717473246	0.721052236325	0.715626985709	0.695470995205
AA5	0.660325626576	0.679735313814	0.724611699365	0.700327734298	0.665277534564	0.662037688841	0.699719566714	0.682863849197	0.619429720228	0.703701695283	0.645208579899	0.656544823938	0.683285612877	0.701766879371	0.668602661758	0.668719237807	0.665681932856	0.672609891162	0.773333258427	0.697720299714	0.714767893662	0.71618142287	0.650110698193	0.691599417886	0.734219797655	0.674974190148	0.685328882123	0.701532831174	0.671948543136	0.6782847425	0.726430057899	0.694385238586	0.0	0.584736762287	0.691535639462	0.684112203688	0.636346355716	0.643086518521	0.686488791638	0.684695228892	0.686935872908	0.632497711986	0.636908424399	0.654966444583	0.708225337609	0.688972435928	0.690458126423	0.694130935764	0.695873071336	0.704862821593	0.690121719111	0.718217675843	0.681564439166	0.694400772229	0.664240167862	0.687855368741	0.65489829013	0.70703098088	0.669145366669	0.681286821261	0.660188976257	0.674374502224
AA6	0.694425173626	0.680870035879	0.78409293871	0.716293328718	0.689314778529	0.668629866573	0.664889786998	0.651381835268	0.69704719669	0.65265067708	0.691674073199	0.648511315855	0.702522199812	0.731223643897	0.723017343957	0.675861078554	0.71853498486	0.709186054193	0.782183804423	0.696982323141	0.698536018764	0.665687707722	0.691346838618	0.690754864958	0.75219629946	0.681381691032	0.704445633091	0.664376353052	0.695341175464	0.680131857763	0.764709180244	0.712476035585	0.584736762287	0.0	0.688838181458	0.671258538368	0.651011726538	0.640326960236	0.680167607349	0.689123603778	0.659411956004	0.670082047423	0.651173233561	0.663013108799	0.453886488648	0.445506633617	0.697886078303	0.685571214722	0.673194273483	0.670005977869	0.660382637546	0.675305326691	0.675342997274	0.686143122725	0.693836674292	0.67683231841	0.654293033091	0.671158300473	0.662317612995	0.666422072502	0.66143839473	0.651674431102
AB5	0.671917181237	0.662645491826	0.702127497827	0.686006220004	0.669227627008	0.662888285414	0.684895344427	0.682184931368	0.700021969492	0.689773534471	0.659741854837	0.667981463705	0.689932679669	0.683929954016	0.698463887294	0.658642373468	0.699093602179	0.708339017389	0.768005908932	0.694515253507	0.717693205855	0.703576350314	0.715329863835	0.723057945054	0.740614936692	0.723208097994	0.691779886095	0.694130751145	0.691829480536	0.688062677057	0.765953076291	0.729144625293	0.691535639462	0.688838181458	0.0	0.462283177966	0.645993936574	0.669423870005	0.6605266474	0.651374627993	0.654870021599	0.687789456558	0.680449431171	0.643219911188	0.702441012629	0.699406550771	0.686506422193	0.702335683054	0.667381000413	0.690578993288	0.691677287644	0.692836727751	0.664880459312	0.685287486836	0.694010920732	0.674941809846	0.69296329545	0.686879295066	0.684818938277	0.708107752083	0.665454905536	0.687559637392
AB6	0.693866397455	0.65053266014	0.754958675311	0.698060969723	0.678699595986	0.663599471631	0.678525481861	0.674170278927	0.713733713006	0.674951425037	0.684215927894	0.680182294302	0.687795222726	0.714383623701	0.684131620923	0.647980538338	0.716051437303	0.714856382432	0.786999165366	0.692903623586	0.733927195743	0.700925277727	0.696476011465	0.708969404586	0.749504420139	0.707047254524	0.687879969044	0.678987833998	0.691224411751	0.689909817482	0.765204161781	0.726352364475	0.684112203688	0.671258538368	0.462283177966	0.0	0.643352557234	0.64734297484	0.647925168944	0.640923995508	0.632722656889	0.690305185057	0.665989312741	0.55995759854	0.676240356325	0.65912842875	0.675595870721	0.67201166564	0.655625863333	0.683362731536	0.682754186073	0.669580788165	0.66287820568	0.659565836068	0.665852186695	0.645466702578	0.673858214066	0.677904623975	0.668176169412	0.680925490345	0.6680126781	0.670730517544
AC5	0.632715813543	0.656977383921	0.720416071707	0.679386223268	0.6853654249	0.668169133184	0.678206926381	0.664194072285	0.656586049299	0.685535510444	0.664327518172	0.684273961638	0.680119052438	0.693941843982	0.658444136935	0.648150494275	0.671821557327	0.680220514014	0.767293246627	0.687876844847	0.719480654111	0.702034873239	0.681473468334	0.695895540416	0.731945472315	0.699965653704	0.682934606937	0.673512471836	0.660454928007	0.648705277031	0.755676180707	0.714944451014	0.636346355716	0.651011726538	0.645993936574	0.643352557234	0.0	0.496262234997	0.640229420105	0.652930878457	0.646364454831	0.666735167841	0.601571199805	0.630957323758	0.646932112456	0.66321513475	0.652558696338	0.686908400253	0.621818153946	0.672030893004	0.651670706822	0.65420610622	0.652184825603	0.647283927106	0.638987557157	0.659220521363	0.645640743248	0.664029712058	0.647783959124	0.677972860734	0.645254883136	0.669714952293
AC6	0.669838015387	0.636243452841	0.744235888873	0.658848568018	0.651972748665	0.666346266609	0.666052559711	0.657067194421	0.690939723381	0.674341003977	0.664068049154	0.661231229152	0.685686222336	0.69647339235	0.67149877081	0.629289918558	0.681754933214	0.683728678205	0.750256894447	0.66166854208	0.700633247465	0.68348125459	0.687337395294	0.698392691564	0.740330171233	0.690417497878	0.670445683105	0.667751754564	0.659043471427	0.626091377184	0.731550480001	0.693057190844	0.643086518521	0.640326960236	0.669423870005	0.64734297484	0.496262234997	0.0	0.626460454153	0.651499472087	0.630454379906	0.56267418043	0.487785246663	0.609278390959	0.661799294822	0.656833468827	0.663341676278	0.65832719458	0.624123309341	0.63205918973	0.654101165391	0.670495849403	0.658670394838	0.654009963948	0.651253924938	0.644001492396	0.625603906173	0.668945793336	0.641445066892	0.632485898842	0.66646879639	0.642324291738
AD6	0.667642072457	0.637315338489	0.757651952156	0.69085316462	0.666209961733	0.648083052766	0.632756029305	0.633421863612	0.676383876772	0.630120472105	0.6707819728	0.665752198684	0.686931657705	0.701866856255	0.670447897748	0.621052793523	0.709713293551	0.702551696871	0.791820050899	0.683835630959	0.721045938395	0.698327233537	0.703309332609	0.70394861505	0.762240488051	0.709932374374	0.682111071995	0.674163744793	0.69626546161	0.672529279439	0.760229827108	0.707354696825	0.686488791638	0.680167607349	0.6605266474	0.647925168944	0.640229420105	0.626460454153	0.0	0.503165926246	0.387494753713	0.672433076298	0.654896280936	0.64569937617	0.684709123841	0.681598894277	0.69174720365	0.64697029989	0.642024377258	0.638613288527	0.662657909816	0.682447090399	0.648179691016	0.643527092505	0.661996820164	0.654063544783	0.629889811023	0.671246196721	0.646111564073	0.633055530372	0.644215956714	0.649407620715
AE5	0.686432692114	0.66464705415	0.749293711909	0.683183320147	0.643184220217	0.638433341743	0.652728316668	0.639175670939	0.681595650719	0.65303103183	0.667497123961	0.651033260983	0.694819634724	0.697624000184	0.686187701914	0.67008788637	0.739740232896	0.72135370858	0.781322438389	0.693420980575	0.728653158308	0.713014033412	0.704264825279	0.703743950437	0.761697662345	0.714942862009	0.711400035685	0.705312492461	0.712821033433	0.682240618484	0.760259118276	0.725417376289	0.684695228892	0.689123603778	0.651374627993	0.640923995508	0.652930878457	0.651499472087	0.503165926246	0.0	0.399965401276	0.678080351485	0.659853444639	0.652679868939	0.683307438169	0.681499914602	0.680285199502	0.665427578843	0.656089888187	0.638431699068	0.666631803044	0.690846160868	0.645004838754	0.656966067763	0.654548533278	0.651586735132	0.652309320607	0.695549456591	0.655146306063	0.6417893548	0.649804344237	0.661192135406
AE6	0.678799755963	0.645209164184	0.762665727342	0.700746464157	0.653173296569	0.639422849321	0.625686878585	0.626796159873	0.692993467722	0.622488229842	0.673645660235	0.645959414312	0.69752089267	0.710540179538	0.677742088059	0.631697974864	0.719769260119	0.699804253514	0.789698670933	0.674784993193	0.721488589301	0.683425402563	0.70229735316	0.703101613342	0.759763538596	0.700684954769	0.681340689722	0.678425282911	0.695970902396	0.670246071279	0.750493671009	0.695412832832	0.686935872908	0.659411956004	0.654870021599	0.632722656889	0.646364454831	0.630454379906	0.387494753713	0.399965401276	0.0	0.663945679632	0.636072630085	0.642657390348	0.66841192518	0.65754561843	0.693196322409	0.641135304459	0.65656202206	0.627895609194	0.660945890442	0.678577508543	0.644102920993	0.64004455359	0.661664604695	0.638459936521	0.641335973038	0.675003082375	0.656658499957	0.625684639671	0.63710816558	0.632148450788
AF5	0.685932388084	0.660518880714	0.728269406309	0.651772058648	0.634236007054	0.680399248798	0.667119728621	0.67588293292	0.648406186478	0.678458723003	0.686294298865	0.655729737891	0.665579228226	0.668504988232	0.679446302733	0.664450960005	0.688753973856	0.664680226175	0.715817625998	0.671302401105	0.71272957701	0.695901598442	0.667001843408	0.691417870235	0.735630453293	0.671674132257	0.691171130838	0.696058357271	0.685587811743	0.66499400337	0.719549465175	0.685897848346	0.632497711986	0.670082047423	0.687789456558	0.690305185057	0.666735167841	0.56267418043	0.672433076298	0.678080351485	0.663945679632	0.0	0.506147916732	0.643379100776	0.707679432984	0.700014993624	0.708423804022	0.712957235726	0.657830104522	0.668662735755	0.7080064622	0.717371681681	0.685326477698	0.698273836368	0.680070090394	0.692424657613	0.666776209386	0.72020065616	0.678599554002	0.643476954247	0.672769901414	0.674632542512
AF6	0.658825849472	0.66643038096	0.720262506105	0.67496587742	0.654248215248	0.67050779546	0.666653263111	0.669620536518	0.683382912688	0.679820607881	0.667640873215	0.662184021605	0.667343697259	0.670643271933	0.675088594288	0.65225803995	0.707475311412	0.685626060128	0.739161775834	0.665832814276	0.718605327761	0.694718091914	0.677323376558	0.690523942876	0.744058935962	0.696706984049	0.684960356144	0.683233065055	0.6740173168	0.648844243373	0.755234063571	0.717179581644	0.636908424399	0.651173233561	0.680449431171	0.665989312741	0.601571199805	0.487785246663	0.654896280936	0.659853444639	0.636072630085	0.506147916732	0.0	0.622177256352	0.685998785666	0.671248889429	0.680187471569	0.678046493211	0.637152488956	0.658923865245	0.673474250041	0.691377199215	0.681767178736	0.665707578992	0.67333178295	0.677971080836	0.646887618854	0.695633109259	0.648848629812	0.631649806348	0.664486600932	0.659884317487
