	AA3	AA4	AB3	AB4	AC3	AC4	AD3	AD4	AE3	AE4	AF3	AF4	AG3	AG4	AH3	AH4	AA7	AA8	AB7	AB8	AC7	AC8	AD7	AD8	AE7	AE8	AF7	AF8	AG7	AG8	AH7	AH8	AA5	AA6	AB5	AB6	AC5	AC6	AD6	AE5	AE6	AF5	AF6	AG5	AH5	AH6	AA1	AA2	AB1	AB2	AC1	AC2	AD1	AD2	AE1	AE2	AF1	AF2	AG1	AG2	AH1	AH2
AA3	0.0	0.499134617346	0.676193965412	0.628694009259	0.672695277654	0.677165946114	0.700789086704	0.677920330392	0.642117295957	0.689500727165	0.646228648285	0.668972341645	0.643067373298	0.627068549605	0.691087866767	0.490924399783	0.668321262079	0.664316565506	0.754831496819	0.685533322342	0.689502654039	0.673325653862	0.679582596639	0.692433063447	0.727296893969	0.707545169878	0.666638924604	0.681732116807	0.689000983245	0.671921516344	0.73112600334	0.694152173413	0.661998750295	0.686492725607	0.676156998711	0.670200669355	0.632214588766	0.653380596468	0.66208618475	0.674120068414	0.672192394809	0.67715870741	0.642015593289	0.668939587687	0.699409677947	0.691864158571	0.651322916179	0.692833080351	0.640037191611	0.676695595064	0.682943452969	0.680073936057	0.649013711301	0.648895845142	0.654206480857	0.66540621236	0.663466691338	0.685813708042	0.661215603504	0.68737784524	0.633195152516	0.697430328633
AA4	0.499134617346	0.0	0.69284378483	0.641967633616	0.666691895409	0.65652220845	0.663261858931	0.662907283822	0.699462634648	0.6557760355	0.671753165964	0.642065369589	0.66555274427	0.649418965378	0.510797338452	0.352427960067	0.70113077497	0.689992726298	0.770548219961	0.69754354313	0.71649732438	0.670129368645	0.70661658	0.709434749729	0.733154531422	0.696863668179	0.665773933694	0.682711990322	0.706909075636	0.689353266214	0.749694509554	0.694894244076	0.670407324075	0.687612624906	0.65472184045	0.645428916977	0.668019478973	0.637186252373	0.640938566087	0.656394381682	0.642753353416	0.658034141053	0.651032523788	0.6673127059	0.689339662483	0.681622947117	0.662098292449	0.665926892824	0.653278166224	0.660554833788	0.681905386687	0.671927126212	0.664722907614	0.670844741325	0.665467135395	0.652092064607	0.643413486462	0.661101579246	0.652216361459	0.647829594358	0.654151155018	0.654547279868
AB3	0.676193965412	0.69284378483	0.0	0.625167462578	0.689692729541	0.726946468373	0.748074359179	0.733521477431	0.718521517509	0.752572953499	0.716014275946	0.736675967344	0.698363656554	0.561084205456	0.683907801585	0.679563384877	0.708413161518	0.719403978935	0.722125972936	0.706357724093	0.718816340034	0.725079243337	0.714077071483	0.732984195863	0.713700350183	0.703176449905	0.710213541247	0.717451490595	0.687779224027	0.682089457073	0.747857332414	0.725045187791	0.735083606375	0.763604620052	0.710708776146	0.718966537891	0.711624273698	0.724571152111	0.750490388637	0.74045977061	0.752899340747	0.664816824647	0.675897424169	0.716001991287	0.793469094163	0.778414369997	0.759597269286	0.76925539899	0.697299453775	0.755642370667	0.750163502594	0.762444404826	0.740695056155	0.747234896487	0.715806123956	0.741289952109	0.750709727692	0.758086184879	0.752160008546	0.771113213649	0.723102303717	0.770598517483
AB4	0.628694009259	0.641967633616	0.625167462578	0.0	0.673255780562	0.666279949322	0.711981954576	0.693489686244	0.685974080541	0.709718274367	0.66395225953	0.676791057403	0.431753182999	0.452441815625	0.671368908717	0.640695786337	0.686539149768	0.679595059035	0.733196499909	0.669835465899	0.700704273677	0.684973148091	0.693322946026	0.705661679682	0.711303945633	0.694534302746	0.676376211619	0.67535417031	0.679930261982	0.652788213701	0.73521627742	0.710547066534	0.691603082672	0.697415928147	0.683305547914	0.655055327201	0.662488702669	0.645983897659	0.67819564497	0.676775252859	0.684207892336	0.657092470113	0.635769816585	0.676317740892	0.719521225566	0.708768030187	0.694047619739	0.710842331924	0.626229279019	0.685280293553	0.688588431347	0.693514765501	0.675321586701	0.672005728826	0.661987759238	0.67867051329	0.681051386999	0.705721161636	0.688829398084	0.704453054202	0.674639738971	0.701526676056
AC3	0.672695277654	0.666691895409	0.689692729541	0.673255780562	0.0	0.554242205102	0.684368554817	0.645590119414	0.66978783106	0.672423797141	0.68516791133	0.466455186763	0.699965764911	0.676073033227	0.686085754235	0.675569690308	0.676710425792	0.665566247159	0.752508127829	0.669499640119	0.698556439645	0.693291750475	0.720152372338	0.713808434592	0.710027210135	0.697888370091	0.710247383911	0.690171097741	0.701933576913	0.671985033605	0.725078554837	0.684690795634	0.689879463495	0.692818862406	0.693453635961	0.687424038885	0.685740529735	0.670503304814	0.683290259459	0.647478182132	0.667771405841	0.638396501517	0.643003477868	0.680885929155	0.718403902614	0.710802429882	0.728994738713	0.710725224144	0.681391858871	0.677287759168	0.6977483205	0.699847210967	0.692857550743	0.683973683512	0.666299013239	0.683746383366	0.702599012999	0.703618834838	0.697680483597	0.682042593285	0.684551832001	0.724025913654
AC4	0.677165946114	0.65652220845	0.726946468373	0.666279949322	0.554242205102	0.0	0.67942165373	0.641134910534	0.670705481421	0.660892452593	0.496054353161	0.397889533862	0.675825427262	0.682480945983	0.694301594259	0.661928780459	0.712621078315	0.710043764764	0.763369499658	0.671982327398	0.714528628483	0.698716043614	0.699379791588	0.701473647092	0.75196063911	0.6988270349	0.691258950438	0.707211806742	0.700207429155	0.659421972544	0.755553276686	0.696230846907	0.660679072473	0.669336620108	0.655075147478	0.671638044016	0.671416637256	0.642306787437	0.652552059442	0.662545739966	0.664589052093	0.656300730598	0.641733124969	0.66890919363	0.688154662204	0.68212924655	0.708069081058	0.694177266834	0.692204187748	0.682118879442	0.690696446823	0.682466558872	0.684748180553	0.697948707427	0.690431070542	0.699827320588	0.671523827866	0.676314092331	0.684662399688	0.679504212284	0.659341785616	0.683220717218
AD3	0.700789086704	0.663261858931	0.748074359179	0.711981954576	0.684368554817	0.67942165373	0.0	0.426509549223	0.706279417343	0.338446265231	0.715102674135	0.660989000056	0.715071097373	0.691316382008	0.704401742644	0.677812758929	0.733458107895	0.707189422873	0.777093689855	0.678649407737	0.717014749596	0.693164009822	0.72691440558	0.712673626098	0.730838151758	0.69897088233	0.709939493623	0.696475416673	0.716260202464	0.675673726642	0.7225996779	0.701594230574	0.709649193846	0.687009275608	0.667066095623	0.678214054677	0.691313819178	0.659267849193	0.630056887663	0.639613658513	0.634872702762	0.676952413765	0.680203976475	0.700084754015	0.705847607743	0.702148183201	0.710222709501	0.673435892583	0.689330258576	0.66962113076	0.720179621273	0.692774751322	0.694220740735	0.691626451763	0.687566698008	0.692825327232	0.680619156777	0.69369033958	0.695578623845	0.664421632683	0.702529698392	0.638453430465
AD4	0.677920330392	0.662907283822	0.733521477431	0.693489686244	0.645590119414	0.641134910534	0.426509549223	0.0	0.612066453474	0.413376842346	0.662776850642	0.604630055969	0.706794143455	0.681294985233	0.682564404738	0.661746622129	0.679275499206	0.658675934926	0.761096954679	0.623246304595	0.702998280303	0.665125155473	0.689872788088	0.66399364489	0.717641650023	0.674107443519	0.676168389302	0.652414920449	0.6665383821	0.612054085006	0.729552732516	0.669905290338	0.697128758101	0.645283991566	0.672607848096	0.656841305752	0.64255402432	0.642212898309	0.618093456015	0.625060386342	0.627192291068	0.66460788481	0.648225041798	0.678820807764	0.673320000191	0.667297543201	0.688153076511	0.644890971474	0.65781162072	0.653827038181	0.676104335346	0.675033168932	0.669071717802	0.664500050737	0.651409094874	0.67187008943	0.686209706069	0.684328424174	0.687521376213	0.662402223833	0.665362135955	0.653508766577
AE3	0.642117295957	0.699462634648	0.718521517509	0.685974080541	0.66978783106	0.670705481421	0.706279417343	0.612066453474	0.0	0.667274412086	0.665420589045	0.681243505088	0.682163779185	0.6955989944	0.688197742489	0.693053582069	0.652072770896	0.680408559957	0.760362350884	0.698543705197	0.725204074953	0.718517001858	0.679478299128	0.697046934473	0.749743475105	0.707503850604	0.698329066632	0.701056297305	0.666495606834	0.667486425184	0.731876354164	0.703256344941	0.640446215231	0.703902327248	0.705357759749	0.714142883197	0.651354455476	0.700576979859	0.676234445782	0.692654407903	0.700104632053	0.675367078725	0.67617393689	0.687047938518	0.738337637155	0.736923892591	0.719925252425	0.726665274301	0.702004425186	0.726555147609	0.701262058249	0.72426911182	0.695105038204	0.696834474402	0.65647148498	0.716035881069	0.713806537057	0.741541985882	0.710954429973	0.726533605039	0.661758930985	0.747384720479
AE4	0.689500727165	0.6557760355	0.752572953499	0.709718274367	0.672423797141	0.660892452593	0.338446265231	0.413376842346	0.667274412086	0.0	0.703778418672	0.64558123516	0.714805868471	0.698630457672	0.708431380775	0.670218723019	0.725246408727	0.701237026579	0.779323302846	0.658182151482	0.725726519778	0.692031566266	0.71836358374	0.706822490313	0.734510376619	0.704690037734	0.694428733087	0.687120697742	0.692922190979	0.657637950107	0.725155073597	0.68724034973	0.69725116228	0.673120540439	0.670290784693	0.666516703604	0.691827536039	0.651985734168	0.619571602804	0.62579468786	0.616540377344	0.674345761078	0.666319923884	0.676086795387	0.701342414354	0.686430244836	0.695789276993	0.660298020576	0.685232464663	0.662428723878	0.705845958418	0.68452141161	0.691910691852	0.684785172076	0.679294088785	0.682958037595	0.671159333813	0.687808572381	0.686995029999	0.652491388065	0.697284617428	0.630657604779
AF3	0.646228648285	0.671753165964	0.716014275946	0.66395225953	0.68516791133	0.496054353161	0.715102674135	0.662776850642	0.665420589045	0.703778418672	0.0	0.559969001994	0.666905731979	0.673250581694	0.679629036156	0.674129958055	0.674254769891	0.67746234658	0.756935645223	0.687585817481	0.677785408399	0.700664647242	0.681901468485	0.699820940106	0.76432261206	0.720590729882	0.691107822985	0.705425928059	0.685063155605	0.653602865335	0.722756438717	0.697357571162	0.654035670005	0.680214993459	0.671014862067	0.678496805484	0.650353792587	0.666354657814	0.680014762613	0.676157196649	0.696241148533	0.683348416442	0.642833223942	0.678780550591	0.698725640738	0.688630994066	0.712829510074	0.709555171785	0.691971759271	0.704562434496	0.702604190821	0.718197200367	0.699050136839	0.69787553941	0.700355097498	0.715775096285	0.679991812626	0.731761147873	0.681829478134	0.724211752708	0.640492640607	0.704118953022
AF4	0.668972341645	0.642065369589	0.736675967344	0.676791057403	0.466455186763	0.397889533862	0.660989000056	0.604630055969	0.681243505088	0.64558123516	0.559969001994	0.0	0.687146825223	0.687526248264	0.699117316143	0.658414390492	0.674612583597	0.679563935889	0.764884006193	0.675815937648	0.704227551302	0.677438649936	0.713961372631	0.693553744615	0.737584503915	0.697472117663	0.684419862754	0.677409788584	0.707460486661	0.652718721477	0.74356867321	0.680023375122	0.664839003102	0.650923105379	0.667739640513	0.668038665445	0.66118333671	0.638858479491	0.663186623873	0.640893931635	0.654847088066	0.650968379741	0.636761775069	0.667901919113	0.68177861508	0.669565766467	0.706758712901	0.682733948128	0.680458282013	0.665571005073	0.677186007895	0.671827347074	0.675146191548	0.678768917164	0.675717852122	0.678941309645	0.673834797462	0.668329463195	0.679595692995	0.664566201652	0.668018248191	0.681003584229
AG3	0.643067373298	0.66555274427	0.698363656554	0.431753182999	0.699965764911	0.675825427262	0.715071097373	0.706794143455	0.682163779185	0.714805868471	0.666905731979	0.687146825223	0.0	0.515672618898	0.695194510612	0.659760485032	0.68316730829	0.685901087114	0.776666069183	0.695296947845	0.691638248134	0.693517158532	0.684823832167	0.703042947512	0.736233134192	0.699866042636	0.676942300836	0.693701956351	0.690821321945	0.684058315584	0.735783519108	0.700651490321	0.697329655377	0.697913880148	0.697207874212	0.676026075179	0.683187848683	0.672976960798	0.689642918829	0.706201807905	0.700223365769	0.678927984084	0.664139626899	0.688470232379	0.719339395704	0.705297386582	0.698399887696	0.716863923938	0.644208154963	0.702240468918	0.708779265768	0.716568553282	0.691285962576	0.674839350233	0.66993996169	0.698476596183	0.699294113085	0.724166528627	0.698661722124	0.703028099396	0.687491671544	0.71231878397
AG4	0.627068549605	0.649418965378	0.561084205456	0.452441815625	0.676073033227	0.682480945983	0.691316382008	0.681294985233	0.6955989944	0.698630457672	0.673250581694	0.687526248264	0.515672618898	0.0	0.672098693779	0.638282235031	0.705573973927	0.69088481919	0.723929400954	0.676465733355	0.698547925932	0.691875784625	0.701367173601	0.701293450473	0.720819400936	0.699644488208	0.682201507424	0.684212819525	0.676962454476	0.648001900884	0.734215429603	0.715383227955	0.713089231254	0.71069140455	0.678957771887	0.672229451464	0.677216761545	0.670294514497	0.688847886606	0.684426897078	0.698424238752	0.677841007856	0.65875951213	0.688697708255	0.732185056764	0.731538937151	0.689149529598	0.704397383284	0.640233941885	0.691200979581	0.706892733822	0.703078127038	0.680785595513	0.676481767522	0.692365522222	0.68246921194	0.703304129848	0.707721174775	0.705471067791	0.70124731018	0.682009560424	0.719001644709
AH3	0.691087866767	0.510797338452	0.683907801585	0.671368908717	0.686085754235	0.694301594259	0.704401742644	0.682564404738	0.688197742489	0.708431380775	0.679629036156	0.699117316143	0.695194510612	0.672098693779	0.0	0.55218994868	0.689926642251	0.71216808495	0.775173113899	0.712016058061	0.711410569365	0.712357568583	0.685631011773	0.696772308742	0.724184401097	0.70027678039	0.692235138863	0.701238801455	0.694859605446	0.695553107297	0.74612075183	0.720890232102	0.69683480698	0.730536024947	0.688947810403	0.695347046868	0.687274461622	0.690649172734	0.68400841575	0.697675679511	0.688492581073	0.689703587122	0.688447553117	0.693655650509	0.735020581905	0.737273681495	0.717277094605	0.709599186263	0.704360627187	0.705760511615	0.710864415631	0.73750736932	0.717255988495	0.718562961246	0.683571005487	0.710105344498	0.710363186715	0.736317108034	0.703770597449	0.713663719755	0.685036541065	0.722578400742
AH4	0.490924399783	0.352427960067	0.679563384877	0.640695786337	0.675569690308	0.661928780459	0.677812758929	0.661746622129	0.693053582069	0.670218723019	0.674129958055	0.658414390492	0.659760485032	0.638282235031	0.55218994868	0.0	0.700482410619	0.689560343242	0.776527265251	0.696399267886	0.712269425895	0.67384716825	0.682829986378	0.694862367915	0.738016065834	0.677479240744	0.654245549055	0.664920549036	0.688819665401	0.672146068116	0.745056048381	0.693130768182	0.676684079883	0.686833010935	0.666046412116	0.65053123332	0.667388474799	0.63953594518	0.641630164498	0.675070364587	0.653310335504	0.64263294798	0.640156070539	0.665063855298	0.689185772753	0.67573213784	0.667456362662	0.663466207568	0.656992708779	0.663850263989	0.678555822368	0.679834394535	0.664257474444	0.658570728477	0.654936893175	0.65724513316	0.65180358894	0.661310698582	0.660727909937	0.653092617574	0.652250905768	0.658417730688
AA7	0.668321262079	0.70113077497	0.708413161518	0.686539149768	0.676710425792	0.712621078315	0.733458107895	0.679275499206	0.652072770896	0.725246408727	0.674254769891	0.674612583597	0.68316730829	0.705573973927	0.689926642251	0.700482410619	0.0	0.50661219115	0.770670968981	0.689358841963	0.666152032597	0.681755440107	0.666023663292	0.676840420139	0.698167448545	0.707253716213	0.669438466838	0.663718876625	0.668904549229	0.656080703026	0.708365270343	0.58784047333	0.678860983878	0.719102513534	0.716986877077	0.714253317496	0.656687632389	0.694236569112	0.715997248933	0.739053221713	0.743350994038	0.698554408014	0.703706441448	0.724724606422	0.733937604302	0.726980608603	0.74493981926	0.73716976439	0.708912373998	0.742060609674	0.713718900744	0.742095204196	0.716854332993	0.707782916456	0.680818425297	0.722489565476	0.730590657141	0.749140509517	0.734946196036	0.749040736691	0.682958394272	0.73104988574
AA8	0.664316565506	0.689992726298	0.719403978935	0.679595059035	0.665566247159	0.710043764764	0.707189422873	0.658675934926	0.680408559957	0.701237026579	0.67746234658	0.679563935889	0.685901087114	0.69088481919	0.71216808495	0.689560343242	0.50661219115	0.0	0.777234622032	0.662168663559	0.630724101352	0.644647625493	0.66894028363	0.678345695759	0.693186222018	0.682503015513	0.665885709313	0.634099370923	0.65696812061	0.631474919981	0.545149733273	0.422008676155	0.687326930503	0.714339980658	0.712727907497	0.696415320466	0.671542335602	0.678617681419	0.704251456975	0.69822762741	0.714522967971	0.681101366835	0.684099249802	0.709541659778	0.716133035731	0.71980402758	0.723018809033	0.703887859378	0.689146851937	0.7191759838	0.721865661736	0.732973727664	0.687713642054	0.686388645461	0.680114798267	0.701523600218	0.734181185554	0.733008356642	0.735903484315	0.723551864073	0.692779654988	0.72725807466
AB7	0.754831496819	0.770548219961	0.722125972936	0.733196499909	0.752508127829	0.763369499658	0.777093689855	0.761096954679	0.760362350884	0.779323302846	0.756935645223	0.764884006193	0.776666069183	0.723929400954	0.775173113899	0.776527265251	0.770670968981	0.777234622032	0.0	0.56863885879	0.746502266242	0.758037027255	0.783193827804	0.795623330386	0.744339235344	0.767641357941	0.77968397877	0.771895032812	0.74764747924	0.613993444124	0.759669752404	0.75117452758	0.780039927005	0.785393148402	0.774637910967	0.787893864537	0.769311780009	0.767099757519	0.78488179158	0.783579144645	0.798976683132	0.723488799842	0.743780856549	0.783429465848	0.79842017221	0.801122015136	0.819337008639	0.803503863642	0.780072681002	0.794978866551	0.806247278193	0.803534789721	0.797521184863	0.794312406411	0.776454008941	0.791968666918	0.797491446387	0.811953157564	0.797884868494	0.798278913134	0.788662118163	0.811203710459
AB8	0.685533322342	0.69754354313	0.706357724093	0.669835465899	0.669499640119	0.671982327398	0.678649407737	0.623246304595	0.698543705197	0.658182151482	0.687585817481	0.675815937648	0.695296947845	0.676465733355	0.712016058061	0.696399267886	0.689358841963	0.662168663559	0.56863885879	0.0	0.644124553251	0.6448686726	0.694536927414	0.675975321799	0.681946885021	0.672217070024	0.672733127677	0.643455887535	0.509667886901	0.409824212022	0.687514903836	0.635020104416	0.707324051264	0.682803938569	0.699106539732	0.693475445631	0.671650059735	0.642285054695	0.681357088598	0.671229665406	0.682367204568	0.65723167183	0.64975257156	0.678551077003	0.69476288423	0.677902143691	0.73104711088	0.699038780809	0.67619972692	0.693739426798	0.69964068922	0.720598889824	0.685615184284	0.686761515303	0.668587824904	0.687214876151	0.688986263225	0.718336110545	0.694079308111	0.693260888609	0.690080604667	0.713982957036
AC7	0.689502654039	0.71649732438	0.718816340034	0.700704273677	0.698556439645	0.714528628483	0.717014749596	0.702998280303	0.725204074953	0.725726519778	0.677785408399	0.704227551302	0.691638248134	0.698547925932	0.711410569365	0.712269425895	0.666152032597	0.630724101352	0.746502266242	0.644124553251	0.0	0.508212506085	0.683417322702	0.684920000289	0.698270910135	0.697936145481	0.693950395252	0.591157576598	0.642509481731	0.637580917801	0.659676531639	0.658676802422	0.721132733412	0.692048856371	0.732434947437	0.739346106805	0.705292840924	0.718089939466	0.71944164951	0.728416308644	0.730780220111	0.720333748491	0.712754190651	0.715780746053	0.696225142656	0.701662811213	0.747931832232	0.740926675608	0.691054650609	0.737741679616	0.747920125637	0.755439634318	0.708459011215	0.695348608587	0.700198688093	0.70601296718	0.743897334099	0.747272182398	0.746502479836	0.730126627264	0.700230925313	0.757241025066
AC8	0.673325653862	0.670129368645	0.725079243337	0.684973148091	0.693291750475	0.698716043614	0.693164009822	0.665125155473	0.718517001858	0.692031566266	0.700664647242	0.677438649936	0.693517158532	0.691875784625	0.712357568583	0.67384716825	0.681755440107	0.644647625493	0.758037027255	0.6448686726	0.508212506085	0.0	0.689392609894	0.673462155636	0.714247593185	0.672999087817	0.485813139621	0.3905533792	0.641555746977	0.631588133	0.70962505206	0.662554959127	0.709922995219	0.659606847081	0.705805575818	0.693574127228	0.696753055378	0.690034240839	0.675812249565	0.709312030412	0.69675822961	0.689183098283	0.684275361824	0.699860394595	0.670030529907	0.662260086674	0.719249575101	0.693861844389	0.665428085272	0.681860335433	0.692422960086	0.698725655763	0.666275709577	0.669955855349	0.673980842021	0.66334977499	0.69840381606	0.689778102137	0.696065149028	0.690032756759	0.673906540186	0.695259248005
AD7	0.679582596639	0.70661658	0.714077071483	0.693322946026	0.720152372338	0.699379791588	0.72691440558	0.689872788088	0.679478299128	0.71836358374	0.681901468485	0.713961372631	0.684823832167	0.701367173601	0.685631011773	0.682829986378	0.666023663292	0.66894028363	0.783193827804	0.694536927414	0.683417322702	0.689392609894	0.0	0.466930249452	0.708138691652	0.504593139645	0.670599534032	0.675153059424	0.653282375661	0.66501739964	0.696899650461	0.68310615331	0.666670477648	0.697132462754	0.725932727795	0.716335581147	0.690158394805	0.691406225256	0.694918244011	0.715665428778	0.714205874865	0.690804636294	0.681442864195	0.701211968933	0.683725813006	0.6815649714	0.718827712671	0.718995855865	0.678420527323	0.716674490027	0.689603277269	0.735460437951	0.689288103614	0.678469223231	0.65905591044	0.695795244982	0.701292238291	0.722078112384	0.711607485111	0.717109212752	0.67523471838	0.71483747512
AD8	0.692433063447	0.709434749729	0.732984195863	0.705661679682	0.713808434592	0.701473647092	0.712673626098	0.66399364489	0.697046934473	0.706822490313	0.699820940106	0.693553744615	0.703042947512	0.701293450473	0.696772308742	0.694862367915	0.676840420139	0.678345695759	0.795623330386	0.675975321799	0.684920000289	0.673462155636	0.466930249452	0.0	0.602109628936	0.401834463664	0.644076812633	0.647247387288	0.651246119191	0.652967975123	0.710958389816	0.692870409866	0.699702973511	0.692434778805	0.731440693652	0.7112456838	0.69802571407	0.693242475121	0.708158227313	0.715837172925	0.712057857988	0.71029487469	0.69602149375	0.710202981296	0.708388566688	0.700412647835	0.722832184547	0.708936983443	0.692832400049	0.727003632758	0.693009637554	0.725538264366	0.692518261691	0.683663656139	0.67461267184	0.691133826846	0.713744731848	0.720514357625	0.717356192567	0.724190236135	0.691836200319	0.716125013988
AE7	0.727296893969	0.733154531422	0.713700350183	0.711303945633	0.710027210135	0.75196063911	0.730838151758	0.717641650023	0.749743475105	0.734510376619	0.76432261206	0.737584503915	0.736233134192	0.720819400936	0.724184401097	0.738016065834	0.698167448545	0.693186222018	0.744339235344	0.681946885021	0.698270910135	0.714247593185	0.708138691652	0.602109628936	0.0	0.497073543412	0.71886273532	0.695972553369	0.684836227366	0.682562614384	0.732685606803	0.714036695812	0.750090197895	0.753155260379	0.740089828944	0.742091693138	0.732933410606	0.74778582038	0.755565545643	0.753621074395	0.754314592051	0.732530535505	0.73973828701	0.746259661635	0.760019080649	0.762451476252	0.772174694524	0.773518365191	0.716341560621	0.762489495201	0.754877657224	0.785553131463	0.747148243831	0.741396005529	0.729591471454	0.746096812408	0.777023295275	0.789339305739	0.774897737969	0.774982430214	0.759539528755	0.786430366557
AE8	0.707545169878	0.696863668179	0.703176449905	0.694534302746	0.697888370091	0.6988270349	0.69897088233	0.674107443519	0.707503850604	0.704690037734	0.720590729882	0.697472117663	0.699866042636	0.699644488208	0.70027678039	0.677479240744	0.707253716213	0.682503015513	0.767641357941	0.672217070024	0.697936145481	0.672999087817	0.504593139645	0.401834463664	0.497073543412	0.0	0.669625640068	0.656727681975	0.652970298935	0.658607815201	0.714818136677	0.696940212673	0.713353466323	0.706958797652	0.71624025375	0.706402424205	0.709336929031	0.696590158902	0.703575613031	0.716508907375	0.708220469802	0.691245607736	0.685886469359	0.702470809594	0.716705763802	0.709524517333	0.720242511305	0.712418509039	0.674112110072	0.713387340451	0.693576829671	0.727467420605	0.688021401729	0.675993571423	0.663322061032	0.681821659362	0.721965019658	0.714393356118	0.724489973439	0.717212604167	0.708692880764	0.713413009724
AF7	0.666638924604	0.665773933694	0.710213541247	0.676376211619	0.710247383911	0.691258950438	0.709939493623	0.676168389302	0.698329066632	0.694428733087	0.691107822985	0.684419862754	0.676942300836	0.682201507424	0.692235138863	0.654245549055	0.669438466838	0.665885709313	0.77968397877	0.672733127677	0.693950395252	0.485813139621	0.670599534032	0.644076812633	0.71886273532	0.669625640068	0.0	0.435601795517	0.648501479274	0.645321559308	0.721002469529	0.67818043245	0.687340166765	0.703400677764	0.69482645963	0.685665469837	0.690191846811	0.67066918684	0.678194492678	0.691198199865	0.689962213236	0.681882917349	0.681519483148	0.696328009784	0.732462072044	0.713628562049	0.714949552017	0.693843723785	0.681243082723	0.701896853938	0.686352537621	0.706345142891	0.681314155764	0.681611399129	0.685687967247	0.684874369881	0.680942041306	0.708707813099	0.684363838267	0.701416240497	0.669579040719	0.693796916547
AF8	0.681732116807	0.682711990322	0.717451490595	0.67535417031	0.690171097741	0.707211806742	0.696475416673	0.652414920449	0.701056297305	0.687120697742	0.705425928059	0.677409788584	0.693701956351	0.684212819525	0.701238801455	0.664920549036	0.663718876625	0.634099370923	0.771895032812	0.643455887535	0.591157576598	0.3905533792	0.675153059424	0.647247387288	0.695972553369	0.656727681975	0.435601795517	0.0	0.641806674884	0.61716466076	0.709409671362	0.645908314759	0.711242911569	0.695467230716	0.709288369821	0.693253485338	0.689876504682	0.678004050662	0.67345757977	0.699853591449	0.68201787542	0.684332856698	0.679376697253	0.699644804817	0.70718508402	0.694141622182	0.717511015803	0.703740778526	0.665097468646	0.686702986502	0.697087289412	0.719086892772	0.660406099036	0.66641231781	0.673427650346	0.653564980109	0.702518654478	0.704698832324	0.703889208951	0.704226978104	0.679403343525	0.702212787397
AG7	0.689000983245	0.706909075636	0.687779224027	0.679930261982	0.701933576913	0.700207429155	0.716260202464	0.6665383821	0.666495606834	0.692922190979	0.685063155605	0.707460486661	0.690821321945	0.676962454476	0.694859605446	0.688819665401	0.668904549229	0.65696812061	0.74764747924	0.509667886901	0.642509481731	0.641555746977	0.653282375661	0.651246119191	0.684836227366	0.652970298935	0.648501479274	0.641806674884	0.0	0.440841808356	0.682902203983	0.671398460352	0.685489450916	0.697492469149	0.700939206625	0.692981399124	0.659193366066	0.679315242973	0.688851124747	0.695410038242	0.684419164665	0.685255550218	0.672428139805	0.682575810211	0.709694613537	0.691948925918	0.733098842616	0.709061983511	0.674831170668	0.710413542991	0.685994128351	0.727906544139	0.672255031927	0.691779371635	0.670429594203	0.693484468437	0.699701880946	0.716344279383	0.703503776763	0.718224193355	0.669461586094	0.724532540631
AG8	0.671921516344	0.689353266214	0.682089457073	0.652788213701	0.671985033605	0.659421972544	0.675673726642	0.612054085006	0.667486425184	0.657637950107	0.653602865335	0.652718721477	0.684058315584	0.648001900884	0.695553107297	0.672146068116	0.656080703026	0.631474919981	0.613993444124	0.409824212022	0.637580917801	0.631588133	0.66501739964	0.652967975123	0.682562614384	0.658607815201	0.645321559308	0.61716466076	0.440841808356	0.0	0.681986070879	0.639538909148	0.680724161596	0.670820623074	0.692101015803	0.679438508495	0.641540532273	0.649268566709	0.653362155831	0.676020955291	0.666725243694	0.654516772048	0.653823181909	0.677391825478	0.683276990734	0.670789114567	0.72886562631	0.690038230354	0.66750337221	0.692953297609	0.699333325986	0.708228667261	0.667055889333	0.684695590955	0.668514962086	0.677901489454	0.693137654053	0.708962296856	0.696309166808	0.70021934681	0.668353977678	0.70182886429
AH7	0.73112600334	0.749694509554	0.747857332414	0.73521627742	0.725078554837	0.755553276686	0.7225996779	0.729552732516	0.731876354164	0.725155073597	0.722756438717	0.74356867321	0.735783519108	0.734215429603	0.74612075183	0.745056048381	0.708365270343	0.545149733273	0.759669752404	0.687514903836	0.659676531639	0.70962505206	0.696899650461	0.710958389816	0.732685606803	0.714818136677	0.721002469529	0.709409671362	0.682902203983	0.681986070879	0.0	0.525100064795	0.718479928109	0.760305915479	0.769476214271	0.75524476154	0.748171541617	0.754708225559	0.76519441056	0.74080469566	0.768220302325	0.728344149437	0.745050600819	0.757100035795	0.765350146726	0.763970109966	0.772179389851	0.746530502687	0.74710319775	0.766272986376	0.777255075941	0.789778030784	0.747684236914	0.742423904254	0.729250903755	0.738521993733	0.778586318516	0.795001419163	0.784088684635	0.775718517824	0.749239762933	0.742595968773
AH8	0.694152173413	0.694894244076	0.725045187791	0.710547066534	0.684690795634	0.696230846907	0.701594230574	0.669905290338	0.703256344941	0.68724034973	0.697357571162	0.680023375122	0.700651490321	0.715383227955	0.720890232102	0.693130768182	0.58784047333	0.422008676155	0.75117452758	0.635020104416	0.658676802422	0.662554959127	0.68310615331	0.692870409866	0.714036695812	0.696940212673	0.67818043245	0.645908314759	0.671398460352	0.639538909148	0.525100064795	0.0	0.68976893185	0.720385936915	0.712899068832	0.719207234049	0.700766160823	0.681313137733	0.718332592049	0.709176766699	0.729029250617	0.669997378434	0.695028069334	0.719508546266	0.712833562493	0.726639407349	0.738367274632	0.70508314717	0.715368336177	0.729984343261	0.730970292556	0.741303404632	0.701507306172	0.696504070644	0.687994139795	0.701205778132	0.736773790437	0.735584511617	0.741736639072	0.727843346597	0.701144999929	0.711302629316
AA5	0.661998750295	0.670407324075	0.735083606375	0.691603082672	0.689879463495	0.660679072473	0.709649193846	0.697128758101	0.640446215231	0.69725116228	0.654035670005	0.664839003102	0.697329655377	0.713089231254	0.69683480698	0.676684079883	0.678860983878	0.687326930503	0.780039927005	0.707324051264	0.721132733412	0.709922995219	0.666670477648	0.699702973511	0.750090197895	0.713353466323	0.687340166765	0.711242911569	0.685489450916	0.680724161596	0.718479928109	0.68976893185	0.0	0.617583436359	0.698225094416	0.707182749299	0.667798812026	0.65985936517	0.69646293299	0.700602656008	0.713429173482	0.649343844746	0.648088627396	0.687196679293	0.719627250702	0.671324876565	0.704678639549	0.716985284667	0.706218451003	0.720508040435	0.70179394411	0.733481468533	0.682994419161	0.695479416418	0.674295274434	0.717746039903	0.666052026615	0.710192280726	0.672014251064	0.697300116738	0.661467188328	0.710008999827
AA6	0.686492725607	0.687612624906	0.763604620052	0.697415928147	0.692818862406	0.669336620108	0.687009275608	0.645283991566	0.703902327248	0.673120540439	0.680214993459	0.650923105379	0.697913880148	0.71069140455	0.730536024947	0.686833010935	0.719102513534	0.714339980658	0.785393148402	0.682803938569	0.692048856371	0.659606847081	0.697132462754	0.692434778805	0.753155260379	0.706958797652	0.703400677764	0.695467230716	0.697492469149	0.670820623074	0.760305915479	0.720385936915	0.617583436359	0.0	0.701135267442	0.671765803801	0.650848109789	0.640381892745	0.672505008136	0.683821864313	0.677479123916	0.682780626048	0.652393038927	0.676676699265	0.47682970057	0.431019394149	0.699308595737	0.665713384836	0.662783033631	0.671956025864	0.682786120576	0.670103929007	0.666129230784	0.679790458028	0.6872112286	0.683982329444	0.667771399228	0.677950951376	0.679627712315	0.674515798682	0.656233713415	0.684654598021
AB5	0.676156998711	0.65472184045	0.710708776146	0.683305547914	0.693453635961	0.655075147478	0.667066095623	0.672607848096	0.705357759749	0.670290784693	0.671014862067	0.667739640513	0.697207874212	0.678957771887	0.688947810403	0.666046412116	0.716986877077	0.712727907497	0.774637910967	0.699106539732	0.732434947437	0.705805575818	0.725932727795	0.731440693652	0.740089828944	0.71624025375	0.69482645963	0.709288369821	0.700939206625	0.692101015803	0.769476214271	0.712899068832	0.698225094416	0.701135267442	0.0	0.449974161647	0.65243191575	0.662189957239	0.651012558937	0.638183093148	0.655954878	0.680075305582	0.674399209574	0.667401210232	0.715815778633	0.704791631847	0.672175751557	0.68989939848	0.679619002908	0.700620044719	0.704834999006	0.704205170537	0.662921479351	0.690941962597	0.685418645098	0.6804470391	0.690751164919	0.697741083809	0.712714449389	0.708313375351	0.653020816868	0.699397339542
AB6	0.670200669355	0.645428916977	0.718966537891	0.655055327201	0.687424038885	0.671638044016	0.678214054677	0.656841305752	0.714142883197	0.666516703604	0.678496805484	0.668038665445	0.676026075179	0.672229451464	0.695347046868	0.65053123332	0.714253317496	0.696415320466	0.787893864537	0.693475445631	0.739346106805	0.693574127228	0.716335581147	0.7112456838	0.742091693138	0.706402424205	0.685665469837	0.693253485338	0.692981399124	0.679438508495	0.75524476154	0.719207234049	0.707182749299	0.671765803801	0.449974161647	0.0	0.641109265755	0.652632629261	0.651202081071	0.649410142607	0.658526230372	0.676835212676	0.647000995948	0.562527071131	0.691182373493	0.678064917949	0.659441707373	0.677694240937	0.650979825567	0.673204368979	0.699707148089	0.680680228271	0.666959270865	0.659568950386	0.67121363843	0.66813905645	0.674131934546	0.684049364335	0.687637404544	0.692022556893	0.662464360182	0.69524502337
AC5	0.632214588766	0.668019478973	0.711624273698	0.662488702669	0.685740529735	0.671416637256	0.691313819178	0.64255402432	0.651354455476	0.691827536039	0.650353792587	0.66118333671	0.683187848683	0.677216761545	0.687274461622	0.667388474799	0.656687632389	0.671542335602	0.769311780009	0.671650059735	0.705292840924	0.696753055378	0.690158394805	0.69802571407	0.732933410606	0.709336929031	0.690191846811	0.689876504682	0.659193366066	0.641540532273	0.748171541617	0.700766160823	0.667798812026	0.650848109789	0.65243191575	0.641109265755	0.0	0.491536032821	0.636629489173	0.66335432716	0.656515959777	0.653168281441	0.58698460846	0.65496461531	0.666917476253	0.656964539206	0.666030924727	0.693708327404	0.622718040609	0.67826497498	0.649972082942	0.674210749829	0.652435027574	0.666661631089	0.631365619746	0.671490877594	0.660314673677	0.66749955947	0.655838099436	0.689756098594	0.645598936036	0.700037319095
AC6	0.653380596468	0.637186252373	0.724571152111	0.645983897659	0.670503304814	0.642306787437	0.659267849193	0.642212898309	0.700576979859	0.651985734168	0.666354657814	0.638858479491	0.672976960798	0.670294514497	0.690649172734	0.63953594518	0.694236569112	0.678617681419	0.767099757519	0.642285054695	0.718089939466	0.690034240839	0.691406225256	0.693242475121	0.74778582038	0.696590158902	0.67066918684	0.678004050662	0.679315242973	0.649268566709	0.754708225559	0.681313137733	0.65985936517	0.640381892745	0.662189957239	0.652632629261	0.491536032821	0.0	0.637368791658	0.655751291864	0.661058650345	0.537234080846	0.47877329254	0.634112090132	0.661649050252	0.640874361394	0.668739432206	0.678410110336	0.632061676906	0.655448774869	0.66614625415	0.668511586632	0.676199319938	0.668748307818	0.656539192143	0.674078056835	0.626450435216	0.666115687706	0.656993485318	0.64950468894	0.658616219196	0.66740109915
AD6	0.66208618475	0.640938566087	0.750490388637	0.67819564497	0.683290259459	0.652552059442	0.630056887663	0.618093456015	0.676234445782	0.619571602804	0.680014762613	0.663186623873	0.689642918829	0.688847886606	0.68400841575	0.641630164498	0.715997248933	0.704251456975	0.78488179158	0.681357088598	0.71944164951	0.675812249565	0.694918244011	0.708158227313	0.755565545643	0.703575613031	0.678194492678	0.67345757977	0.688851124747	0.653362155831	0.76519441056	0.718332592049	0.69646293299	0.672505008136	0.651012558937	0.651202081071	0.636629489173	0.637368791658	0.0	0.495610801126	0.403013963498	0.651600289234	0.640592755469	0.665856177475	0.66470512403	0.674688417286	0.673795924302	0.662025408868	0.645201994385	0.640890458888	0.687319781621	0.673359503034	0.650887989023	0.66261568322	0.644740322641	0.647662454514	0.643169276007	0.66980785826	0.653527671698	0.633712816615	0.653366671715	0.660373656256
AE5	0.674120068414	0.656394381682	0.74045977061	0.676775252859	0.647478182132	0.662545739966	0.639613658513	0.625060386342	0.692654407903	0.62579468786	0.676157196649	0.640893931635	0.706201807905	0.684426897078	0.697675679511	0.675070364587	0.739053221713	0.69822762741	0.783579144645	0.671229665406	0.728416308644	0.709312030412	0.715665428778	0.715837172925	0.753621074395	0.716508907375	0.691198199865	0.699853591449	0.695410038242	0.676020955291	0.74080469566	0.709176766699	0.700602656008	0.683821864313	0.638183093148	0.649410142607	0.66335432716	0.655751291864	0.495610801126	0.0	0.38870295488	0.674418255976	0.646308847331	0.663275005317	0.689164158774	0.68147222628	0.681359458283	0.665518881134	0.649323280331	0.638642906731	0.682911816489	0.682657062853	0.653337695868	0.660402115045	0.663411970793	0.650777955488	0.663710900494	0.685667311672	0.669008025783	0.663664833108	0.646729733071	0.685993724271
AE6	0.672192394809	0.642753353416	0.752899340747	0.684207892336	0.667771405841	0.664589052093	0.634872702762	0.627192291068	0.700104632053	0.616540377344	0.696241148533	0.654847088066	0.700223365769	0.698424238752	0.688492581073	0.653310335504	0.743350994038	0.714522967971	0.798976683132	0.682367204568	0.730780220111	0.69675822961	0.714205874865	0.712057857988	0.754314592051	0.708220469802	0.689962213236	0.68201787542	0.684419164665	0.666725243694	0.768220302325	0.729029250617	0.713429173482	0.677479123916	0.655954878	0.658526230372	0.656515959777	0.661058650345	0.403013963498	0.38870295488	0.0	0.668201343351	0.648277983272	0.668307052373	0.682057318114	0.671567425943	0.68550929138	0.658071984652	0.637238279017	0.640435915394	0.696764647176	0.678830555512	0.645912870047	0.658460426872	0.661526612835	0.647214554899	0.65799085871	0.67949453871	0.665013642286	0.643733624716	0.655038608214	0.660049578337
AF5	0.67715870741	0.658034141053	0.664816824647	0.657092470113	0.638396501517	0.656300730598	0.676952413765	0.66460788481	0.675367078725	0.674345761078	0.683348416442	0.650968379741	0.678927984084	0.677841007856	0.689703587122	0.64263294798	0.698554408014	0.681101366835	0.723488799842	0.65723167183	0.720333748491	0.689183098283	0.690804636294	0.71029487469	0.732530535505	0.691245607736	0.681882917349	0.684332856698	0.685255550218	0.654516772048	0.728344149437	0.669997378434	0.649343844746	0.682780626048	0.680075305582	0.676835212676	0.653168281441	0.537234080846	0.651600289234	0.674418255976	0.668201343351	0.0	0.462327561202	0.655289215269	0.707456372334	0.691783447136	0.701511065393	0.692908413574	0.654064478776	0.668209562	0.692820454263	0.713354112957	0.67518622498	0.69247129149	0.668565368083	0.686238274228	0.653297201486	0.697213634826	0.671713494856	0.65332604904	0.660309423114	0.681206686858
AF6	0.642015593289	0.651032523788	0.675897424169	0.635769816585	0.643003477868	0.641733124969	0.680203976475	0.648225041798	0.67617393689	0.666319923884	0.642833223942	0.636761775069	0.664139626899	0.65875951213	0.688447553117	0.640156070539	0.703706441448	0.684099249802	0.743780856549	0.64975257156	0.712754190651	0.684275361824	0.681442864195	0.69602149375	0.73973828701	0.685886469359	0.681519483148	0.679376697253	0.672428139805	0.653823181909	0.745050600819	0.695028069334	0.648088627396	0.652393038927	0.674399209574	0.647000995948	0.58698460846	0.47877329254	0.640592755469	0.646308847331	0.648277983272	0.462327561202	0.0	0.60337433816	0.676523165509	0.654208086597	0.68024657435	0.681757226985	0.623711724801	0.640701959018	0.684647197566	0.679692677003	0.661569022947	0.662993719148	0.650672371904	0.66507675224	0.633703016043	0.681943165519	0.639882577643	0.652179331705	0.641637266377	0.682937664361
