	AA3	AA4	AB3	AB4	AC3	AC4	AD3	AD4	AE3	AE4	AF3	AF4	AG3	AG4	AH3	AH4	AA7	AA8	AB7	AB8	AC7	AC8	AD7	AD8	AE7	AE8	AF7	AF8	AG7	AG8	AH7	AH8	AA5	AA6	AB5	AB6	AC5	AC6	AD6	AE5	AE6	AF5	AF6	AG5	AH5	AH6	AA1	AA2	AB1	AB2	AC1	AC2	AD1	AD2	AE1	AE2	AF1	AF2	AG1	AG2	AH1	AH2
AA3	0.0	0.520406861201	0.671969504275	0.628504895462	0.673312751033	0.668003848402	0.692958146432	0.669181554418	0.656114723273	0.701716114917	0.649891271151	0.67049726334	0.654093590333	0.606066960601	0.686338282152	0.491000643553	0.68685108319	0.675749749933	0.748322863972	0.683787248458	0.702675750988	0.67844300351	0.679524447351	0.70144356527	0.727512203017	0.691348855181	0.677299909003	0.681591833536	0.684848810362	0.6918486232	0.739341040929	0.708487843192	0.652571331822	0.695559729023	0.68281757798	0.697993971222	0.645108310273	0.658504869542	0.672085743271	0.679624055852	0.680482919394	0.676422986957	0.657959835525	0.667946960916	0.702845564055	0.701415622272	0.665585190016	0.693827656603	0.638247924088	0.680831029952	0.660067719938	0.687225593443	0.639669779879	0.674500874301	0.670601089494	0.669813442618	0.676164596684	0.691511372524	0.680641067384	0.697624831044	0.642934072568	0.681513619664
AA4	0.520406861201	0.0	0.690051598395	0.647975563408	0.650875791598	0.632657909434	0.659336822418	0.633187811669	0.67096447038	0.667135169208	0.64899342632	0.621557168491	0.665476710995	0.636406577735	0.496554699208	0.380750383978	0.683944960085	0.683790373427	0.776262357096	0.686042827667	0.715615683662	0.669824856351	0.67102711148	0.6986154755	0.733362666536	0.690829711525	0.666311597448	0.663220352433	0.690174481757	0.67480361167	0.745795157167	0.69128764879	0.678233793956	0.690377610411	0.673847794042	0.647257184861	0.653515133644	0.634639254539	0.637464108711	0.657878178326	0.645967820834	0.663125218524	0.643178957106	0.662947559372	0.679833674043	0.671675303916	0.666314117171	0.635698404662	0.643181671318	0.634903728413	0.644904464833	0.659481562723	0.654181877734	0.648007428422	0.651131307475	0.637989815728	0.653597477826	0.661490971879	0.659106381731	0.661878096078	0.628938456948	0.638121417638
AB3	0.671969504275	0.690051598395	0.0	0.657282605941	0.696993315775	0.723253379671	0.745510488858	0.72735937312	0.698363869886	0.758213979664	0.695327151404	0.705784783184	0.710094900008	0.59236402506	0.68012099861	0.688772800082	0.691225296201	0.716281422225	0.681686861934	0.671126748691	0.700933841237	0.718134439654	0.698453564739	0.723948676581	0.693076668718	0.716408506896	0.730704116462	0.722702938761	0.70665551727	0.705451529784	0.737569247994	0.724123434498	0.692945436874	0.766009244702	0.709746186099	0.735362360767	0.714756018541	0.722828212985	0.74809818545	0.739314707134	0.770498471888	0.678139217478	0.692558371687	0.734847845628	0.780182766038	0.782061736696	0.755646516652	0.766828863964	0.70191119139	0.750221552889	0.746317154478	0.758631076911	0.740222543925	0.747258550795	0.726922940663	0.746331120856	0.747574376357	0.762973079497	0.755005937061	0.764185411643	0.712921115732	0.752524929544
AB4	0.628504895462	0.647975563408	0.657282605941	0.0	0.691286072228	0.669892841659	0.699725536466	0.671747044042	0.683170874841	0.697209552151	0.675881661151	0.679359890189	0.42374070518	0.44238694286	0.688874397892	0.645387513019	0.70505784025	0.691614005876	0.760338544033	0.685552816336	0.703947535483	0.688462419592	0.686972978231	0.7072677745	0.731304558661	0.696647683025	0.672534823492	0.686146112569	0.672309957757	0.691535283275	0.742813502686	0.715591792946	0.691396377066	0.712257873237	0.693539719763	0.692233602711	0.671090711413	0.663120901149	0.6827238633	0.691165504511	0.70299629182	0.67948815867	0.660770205308	0.695652862237	0.721957183404	0.721930436878	0.700073501177	0.702892539263	0.643392794333	0.701867394817	0.692025583951	0.706500451803	0.680836256108	0.697515496582	0.686367119828	0.688331598044	0.695202203587	0.719768012064	0.704286365709	0.7048075535	0.675415095764	0.68286340125
AC3	0.673312751033	0.650875791598	0.696993315775	0.691286072228	0.0	0.545492214722	0.680636282995	0.653004928913	0.658681085055	0.662818226387	0.673765434148	0.486518994922	0.707108006484	0.687959666051	0.685795852667	0.665451195151	0.689282330052	0.689201085961	0.758388593383	0.681279499716	0.712759241071	0.70239392244	0.708188484648	0.723848038006	0.716753136163	0.709918195335	0.710181145287	0.712008014635	0.718307082283	0.694145810572	0.760378743725	0.703751782679	0.654488688013	0.684276046685	0.683063243169	0.673462092496	0.683727326275	0.664842691366	0.689186510393	0.637504755623	0.66365130449	0.655291469336	0.648196677636	0.687127387652	0.717952959059	0.697567021181	0.699250165778	0.717703326523	0.689250555804	0.685752268917	0.684815566234	0.693833206316	0.685108789091	0.694650198977	0.68879246736	0.692138513776	0.703615980986	0.699765114506	0.696599311289	0.677504493558	0.679016700201	0.711156794759
AC4	0.668003848402	0.632657909434	0.723253379671	0.669892841659	0.545492214722	0.0	0.66311205377	0.635912768294	0.669859299092	0.652229993923	0.503533932799	0.382458003629	0.669911368099	0.68131264097	0.686961217206	0.643781160239	0.695532456511	0.67492402896	0.761085983506	0.674415633599	0.716401867204	0.690008761055	0.698493821204	0.705743624924	0.747787567544	0.702260054864	0.702543723537	0.706754114721	0.708161872063	0.669557627756	0.745860336145	0.703726517399	0.676922944239	0.672740957835	0.671368455296	0.659513142629	0.651707020038	0.646740928425	0.644619339399	0.637605846087	0.655564907154	0.665516381331	0.652179755612	0.664437575252	0.677381287405	0.654045550985	0.711088747636	0.695850308026	0.667021746363	0.671795383229	0.683467476175	0.68231519093	0.689990349501	0.673062201911	0.675627005163	0.676159911438	0.681194819335	0.685953240177	0.677973976419	0.688538195083	0.670441103717	0.684061333463
AD3	0.692958146432	0.659336822418	0.745510488858	0.699725536466	0.680636282995	0.66311205377	0.0	0.478192443188	0.693060253731	0.33770148579	0.694951354478	0.658448780505	0.712410722164	0.692999609886	0.700118379406	0.668067012638	0.716774213194	0.688087079312	0.766561788854	0.659231628235	0.717398391666	0.668344023619	0.708421061791	0.693089723972	0.724506541187	0.690281638292	0.698710321438	0.685001114188	0.709331586694	0.679033413342	0.729315735201	0.701626951537	0.712609669522	0.676922975628	0.68142949118	0.665109173854	0.677352519883	0.668530947477	0.620765099966	0.651554932053	0.634731184171	0.685458411064	0.669622715037	0.687283327608	0.688316938431	0.684932726614	0.696238422248	0.669066984107	0.67476877507	0.669044464751	0.686190968123	0.69104116452	0.681110060733	0.681592801708	0.681866344205	0.675740264706	0.703950138316	0.693430817509	0.703909658449	0.669034982386	0.695789986739	0.632821979301
AD4	0.669181554418	0.633187811669	0.72735937312	0.671747044042	0.653004928913	0.635912768294	0.478192443188	0.0	0.585221694013	0.4526207496	0.67296521098	0.654932916169	0.680371841886	0.668994229558	0.675476192589	0.655143376656	0.670799139764	0.670669574806	0.779244483241	0.656657279276	0.708725917468	0.679851521382	0.670634430009	0.678146700884	0.724172224831	0.661304311974	0.680580565007	0.682119928173	0.663974179086	0.643824807534	0.7472234071	0.675308445968	0.683135802032	0.66211925278	0.664645842924	0.663495666867	0.649192974193	0.650405945363	0.624043928117	0.628755407848	0.629660224646	0.685497098343	0.662242533762	0.676192179355	0.683588837762	0.676877106935	0.686258938276	0.677456468379	0.665662527987	0.664591372998	0.665809935066	0.694976481989	0.655038207117	0.655792301276	0.648789417644	0.657099604293	0.669159213228	0.682822439737	0.683112121886	0.670898372503	0.661252739	0.659657766927
AE3	0.656114723273	0.67096447038	0.698363869886	0.683170874841	0.658681085055	0.669859299092	0.693060253731	0.585221694013	0.0	0.654519562232	0.670197911481	0.678980309168	0.671559150998	0.682783223955	0.672443245692	0.679936076632	0.674105754106	0.683231930696	0.758212942365	0.68315518584	0.729756527915	0.718636657144	0.661041706886	0.696023723705	0.757080023863	0.700696623797	0.695147433267	0.719925658657	0.680294285045	0.685282294991	0.730072879149	0.712482222552	0.629428222406	0.702226232423	0.693265624336	0.704073942166	0.655050913984	0.682313676427	0.671353183866	0.675814986404	0.687716983495	0.664718286302	0.671478234961	0.686352382357	0.742615736635	0.732796383072	0.711224939582	0.726965190524	0.688018300616	0.717140968685	0.687819007189	0.720561284114	0.68830597242	0.707587936862	0.650651110583	0.709502124509	0.718906976736	0.746227403593	0.709493210314	0.723157092292	0.659510517907	0.711508884742
AE4	0.701716114917	0.667135169208	0.758213979664	0.697209552151	0.662818226387	0.652229993923	0.33770148579	0.4526207496	0.654519562232	0.0	0.702093166547	0.640143684498	0.714659112919	0.697681268183	0.700271353116	0.688057641606	0.717304616935	0.687936143704	0.776561423759	0.659897660965	0.720541521499	0.674579186439	0.711247185545	0.707395265569	0.735503438758	0.693242149967	0.707423996655	0.685409751524	0.689031221316	0.673102651352	0.722250774185	0.700087643404	0.708686246692	0.668580073383	0.694983592732	0.670479022481	0.686952888092	0.678814458008	0.631328691212	0.642378054729	0.613237337182	0.70470346539	0.685647175283	0.680964079234	0.698388876659	0.684315231431	0.712101789792	0.67507491656	0.695639862568	0.665034626236	0.691225800011	0.707436255346	0.696840891286	0.688755560297	0.688713684792	0.690235387807	0.690988814841	0.696970437533	0.692338076928	0.675636632158	0.705653490677	0.628168023959
AF3	0.649891271151	0.64899342632	0.695327151404	0.675881661151	0.673765434148	0.503533932799	0.694951354478	0.67296521098	0.670197911481	0.702093166547	0.0	0.527704259617	0.673022463547	0.673031925691	0.670404911412	0.658490646784	0.677535318958	0.673285347658	0.755044006672	0.69300075317	0.685491046837	0.696099314509	0.67773880324	0.706796189083	0.75856916475	0.72137121224	0.696405527619	0.716703357867	0.708735736314	0.668843414265	0.713667663833	0.700950075802	0.645177519474	0.683892596377	0.679437860628	0.68497497153	0.649824132101	0.648780877676	0.683840620597	0.669810978864	0.691914780204	0.669147631086	0.662053281868	0.67128362754	0.6958063563	0.689243160207	0.712349375585	0.710520849082	0.681151630327	0.713643077383	0.701998933322	0.714415043893	0.697020993726	0.701202196778	0.686631845853	0.703586631628	0.690698305328	0.71866970383	0.691033329848	0.724149252072	0.657159121853	0.708140629798
AF4	0.67049726334	0.621557168491	0.705784783184	0.679359890189	0.486518994922	0.382458003629	0.658448780505	0.654932916169	0.678980309168	0.640143684498	0.527704259617	0.0	0.684837433309	0.686424305339	0.68745778328	0.641283737443	0.683389732856	0.677980314828	0.756991404798	0.678224158403	0.710300860125	0.673672110823	0.701862813744	0.712008024596	0.745174567454	0.713424422639	0.691168910424	0.693681744013	0.722137017312	0.681971128913	0.746637694033	0.695241670848	0.665520063798	0.663300619664	0.677423350726	0.655993877621	0.671673316014	0.641227508823	0.659324096304	0.643311467819	0.651921550445	0.658475119866	0.644167533502	0.660159260157	0.687729371392	0.66666544412	0.699790357265	0.69043076501	0.684861075006	0.67847744688	0.672476173288	0.676116771877	0.693044695301	0.678850967848	0.684771816744	0.674008582576	0.682740449727	0.674894117624	0.687117397278	0.687348271483	0.670858509519	0.691989830832
AG3	0.654093590333	0.665476710995	0.710094900008	0.42374070518	0.707108006484	0.669911368099	0.712410722164	0.680371841886	0.671559150998	0.714659112919	0.673022463547	0.684837433309	0.0	0.511040082998	0.692356100629	0.665293556643	0.669717952039	0.667359721324	0.772834956951	0.695829456927	0.686477769733	0.696906979728	0.677581660861	0.699562007862	0.730054282584	0.699012988012	0.687685266434	0.701442816333	0.67376351758	0.693506812294	0.73783237776	0.706476939263	0.68646198537	0.709870873313	0.698179788917	0.687686713828	0.681570885987	0.668745460638	0.681273797217	0.682541728602	0.702952138455	0.677770055046	0.661236578771	0.679688232296	0.701981774193	0.725253011094	0.704263692909	0.71319073698	0.640034114221	0.703345434363	0.702380168201	0.716394245019	0.684475625631	0.699390138165	0.6754706649	0.69354464677	0.707821351452	0.731934617605	0.700869610438	0.687630653791	0.689190038722	0.706763982193
AG4	0.606066960601	0.636406577735	0.59236402506	0.44238694286	0.687959666051	0.68131264097	0.692999609886	0.668994229558	0.682783223955	0.697681268183	0.673031925691	0.686424305339	0.511040082998	0.0	0.666067949401	0.621096936732	0.708420595059	0.697687877618	0.72947238546	0.670793253971	0.693817124006	0.680410639805	0.685033214838	0.702130617015	0.707276720236	0.680237428787	0.663159249826	0.685598236081	0.673172491659	0.690341446403	0.73880479477	0.722299304223	0.700970998586	0.735267933687	0.685098315077	0.696813759386	0.679474076772	0.671864750121	0.674113670912	0.682389699185	0.703086329727	0.668396836225	0.656632676019	0.701445175269	0.736400429245	0.738427099164	0.701665365694	0.703969657652	0.637874117876	0.695105533538	0.691576077798	0.704057655083	0.688996266558	0.708525195597	0.699100138396	0.69609202912	0.702642031463	0.726504232425	0.708826387495	0.697581462419	0.68081742301	0.69130527953
AH3	0.686338282152	0.496554699208	0.68012099861	0.688874397892	0.685795852667	0.686961217206	0.700118379406	0.675476192589	0.672443245692	0.700271353116	0.670404911412	0.68745778328	0.692356100629	0.666067949401	0.0	0.542777076883	0.683297067704	0.700730131117	0.77290950698	0.707809135088	0.711895448559	0.702596166516	0.689132082492	0.711083603487	0.73608030401	0.704013642037	0.696606952894	0.697090061109	0.708037128611	0.697116723266	0.755264910872	0.719927073572	0.670427342577	0.733584261805	0.698181353522	0.680643102096	0.682178992622	0.68935768355	0.681217011101	0.688786382025	0.688568089008	0.693391714679	0.682345587513	0.705115821492	0.729844295338	0.727268647534	0.724810635826	0.692042861487	0.696872221935	0.685871415606	0.700690227676	0.720640357993	0.707522554734	0.690862882267	0.672666855	0.686980033675	0.711283302635	0.722182611296	0.699524316329	0.712126903311	0.67583703999	0.700911456078
AH4	0.491000643553	0.380750383978	0.688772800082	0.645387513019	0.665451195151	0.643781160239	0.668067012638	0.655143376656	0.679936076632	0.688057641606	0.658490646784	0.641283737443	0.665293556643	0.621096936732	0.542777076883	0.0	0.696262066177	0.692199705303	0.768190765525	0.684990580653	0.712308679423	0.672055323611	0.671846053106	0.693996884202	0.732833480835	0.693283719936	0.66289133192	0.665109441984	0.691226137794	0.681084015573	0.746526378853	0.690500227578	0.665021751411	0.689044887356	0.674385812852	0.651750818935	0.665957652657	0.646198928269	0.642155174101	0.667059845394	0.650129095221	0.672631591274	0.651255618942	0.66343646402	0.686799105229	0.676114601165	0.678064263251	0.650004323864	0.653684891082	0.654624460898	0.6560614824	0.668610000724	0.660367978378	0.665618623284	0.661843623643	0.654092652551	0.67201706207	0.671614265445	0.674120365397	0.672367479284	0.645660341328	0.645441093181
AA7	0.68685108319	0.683944960085	0.691225296201	0.70505784025	0.689282330052	0.695532456511	0.716774213194	0.670799139764	0.674105754106	0.717304616935	0.677535318958	0.683389732856	0.669717952039	0.708420595059	0.683297067704	0.696262066177	0.0	0.502642782407	0.76742840964	0.683421368699	0.660130378149	0.678679727706	0.667466882299	0.681273864298	0.696496042212	0.689075409163	0.655177135248	0.676597910655	0.672106595711	0.656197436061	0.708898775178	0.548213720674	0.659962934587	0.725302517821	0.696361336314	0.722101339368	0.668444859897	0.703601770036	0.716007129088	0.732483759967	0.731238968386	0.685660916612	0.689956689713	0.714578238148	0.725055576508	0.734881024468	0.738756110813	0.741946471738	0.715731739103	0.749683094093	0.707645705389	0.735144927422	0.700483711197	0.712487302415	0.683345050476	0.7188023288	0.724102516233	0.741264617798	0.741232579373	0.747974614189	0.669808460618	0.729200814436
AA8	0.675749749933	0.683790373427	0.716281422225	0.691614005876	0.689201085961	0.67492402896	0.688087079312	0.670669574806	0.683231930696	0.687936143704	0.673285347658	0.677980314828	0.667359721324	0.697687877618	0.700730131117	0.692199705303	0.502642782407	0.0	0.760203955358	0.639708724154	0.646305155971	0.639024582792	0.670338853316	0.66979661477	0.694761727157	0.679618034455	0.67287604892	0.656097938177	0.656426314039	0.644998561034	0.547190202361	0.417465977021	0.672271674284	0.712187903749	0.712134226077	0.714800684888	0.670955700123	0.692459935706	0.703177654518	0.69014781909	0.699944442088	0.676136047067	0.692948416404	0.704480686887	0.700235061846	0.703434331327	0.71351220343	0.701600989711	0.699732983702	0.720916256732	0.702554996202	0.716730147243	0.688701017061	0.672680848698	0.668297632314	0.689122449877	0.735338969831	0.733441867428	0.745843836563	0.73648107699	0.685208587674	0.689916639257
AB7	0.748322863972	0.776262357096	0.681686861934	0.760338544033	0.758388593383	0.761085983506	0.766561788854	0.779244483241	0.758212942365	0.776561423759	0.755044006672	0.756991404798	0.772834956951	0.72947238546	0.77290950698	0.768190765525	0.76742840964	0.760203955358	0.0	0.5401014343	0.742760918145	0.748488083926	0.767507962381	0.785234268007	0.743805984017	0.777849161072	0.775664575271	0.777900780498	0.753117819266	0.658737988741	0.758966601846	0.7732319844	0.774730658549	0.786302587178	0.767259565756	0.781535915384	0.759906028626	0.7616068167	0.781103043987	0.78266002321	0.795453639013	0.712363837742	0.735619043746	0.784184412579	0.799061031214	0.805012386633	0.815069445829	0.803379126208	0.773381705431	0.784260364245	0.804085551794	0.804796892289	0.788135869211	0.795089089641	0.77870244835	0.789560286357	0.801095154015	0.799500288899	0.800151846757	0.79334349079	0.78718940367	0.784280608443
AB8	0.683787248458	0.686042827667	0.671126748691	0.685552816336	0.681279499716	0.674415633599	0.659231628235	0.656657279276	0.68315518584	0.659897660965	0.69300075317	0.678224158403	0.695829456927	0.670793253971	0.707809135088	0.684990580653	0.683421368699	0.639708724154	0.5401014343	0.0	0.654885563321	0.628161188393	0.674834557477	0.669834070165	0.670321966631	0.655897648686	0.666608695714	0.649106557336	0.526740414253	0.433858960696	0.703443126517	0.652420667876	0.703026334816	0.701855200102	0.687385513342	0.691313169563	0.681826628157	0.685596144319	0.669112307383	0.686659076632	0.679199903625	0.670909477161	0.669382511246	0.68888203645	0.70541469074	0.69998019247	0.739475901363	0.722277715118	0.691690685746	0.717776277505	0.696121792607	0.720485897815	0.684117973276	0.695442222728	0.697344882952	0.690497513491	0.727931681173	0.722708587108	0.724169150169	0.720836406116	0.692994771362	0.691102396651
AC7	0.702675750988	0.715615683662	0.700933841237	0.703947535483	0.712759241071	0.716401867204	0.717398391666	0.708725917468	0.729756527915	0.720541521499	0.685491046837	0.710300860125	0.686477769733	0.693817124006	0.711895448559	0.712308679423	0.660130378149	0.646305155971	0.742760918145	0.654885563321	0.0	0.5000291573	0.684944317701	0.677247506162	0.68983249682	0.68675435617	0.689947804795	0.588404364575	0.648134438608	0.632630156127	0.664224550266	0.663929365523	0.706411576791	0.704348028642	0.726851705755	0.737473396905	0.706431358338	0.720277468041	0.723537252843	0.727190643677	0.731817605804	0.721426503836	0.716533144921	0.72737136822	0.702403400752	0.699643197411	0.746396636274	0.753418431467	0.714133078159	0.733484021286	0.746424991733	0.742179035343	0.702038271802	0.687087649682	0.700051087913	0.700257532051	0.754240452057	0.726723942984	0.749716368399	0.730330518258	0.705288744675	0.73905603813
AC8	0.67844300351	0.669824856351	0.718134439654	0.688462419592	0.70239392244	0.690008761055	0.668344023619	0.679851521382	0.718636657144	0.674579186439	0.696099314509	0.673672110823	0.696906979728	0.680410639805	0.702596166516	0.672055323611	0.678679727706	0.639024582792	0.748488083926	0.628161188393	0.5000291573	0.0	0.685376121797	0.667107862598	0.692623456357	0.660911816727	0.515725827413	0.401474774521	0.6466969826	0.614440908663	0.702311124659	0.644125872154	0.703715382161	0.672222308953	0.698346661532	0.703152888846	0.683194551723	0.684917338033	0.683586132105	0.696510951959	0.678836644305	0.69158057681	0.677182665206	0.691945985406	0.684472617896	0.675417661544	0.715668164094	0.694943790131	0.680019290529	0.685013129138	0.69167743795	0.682562773385	0.666653156955	0.652391051588	0.672528966236	0.661800044317	0.707730682152	0.685387298869	0.703286700004	0.701062949382	0.670071077187	0.677626519178
AD7	0.679524447351	0.67102711148	0.698453564739	0.686972978231	0.708188484648	0.698493821204	0.708421061791	0.670634430009	0.661041706886	0.711247185545	0.67773880324	0.701862813744	0.677581660861	0.685033214838	0.689132082492	0.671846053106	0.667466882299	0.670338853316	0.767507962381	0.674834557477	0.684944317701	0.685376121797	0.0	0.455728266392	0.705207123341	0.507902343842	0.670266531752	0.687048463173	0.664675611639	0.662829516337	0.697041504389	0.685772507312	0.644723959171	0.702009082539	0.71690778352	0.707777986931	0.681096222744	0.684562228614	0.706448160739	0.700957656016	0.699834012716	0.676551563999	0.668316414273	0.697409566869	0.704902514199	0.696622708605	0.707948421697	0.701465740332	0.682724187928	0.721352718382	0.700469686833	0.717570468735	0.673924138467	0.665115581748	0.6482554227	0.686413020772	0.698585902388	0.71836133442	0.70021601093	0.700134042199	0.659541264948	0.695450826559
AD8	0.70144356527	0.6986154755	0.723948676581	0.7072677745	0.723848038006	0.705743624924	0.693089723972	0.678146700884	0.696023723705	0.707395265569	0.706796189083	0.712008024596	0.699562007862	0.702130617015	0.711083603487	0.693996884202	0.681273864298	0.66979661477	0.785234268007	0.669834070165	0.677247506162	0.667107862598	0.455728266392	0.0	0.588974632846	0.390712667099	0.666192365727	0.666106849746	0.655116765789	0.655117444891	0.69510731602	0.679999124433	0.678241900212	0.700126505477	0.729473411264	0.714710101409	0.695058183762	0.706013524222	0.717521543829	0.707055722832	0.71405575495	0.701025232812	0.689280170775	0.705700748957	0.70088874331	0.696593179366	0.719335663681	0.712739706011	0.688969325996	0.727618050042	0.705436366529	0.729268187329	0.689661222488	0.668041744591	0.659459249645	0.684842209548	0.720776774422	0.731634221075	0.718497370004	0.709891706852	0.696735178071	0.699939612344
AE7	0.727512203017	0.733362666536	0.693076668718	0.731304558661	0.716753136163	0.747787567544	0.724506541187	0.724172224831	0.757080023863	0.735503438758	0.75856916475	0.745174567454	0.730054282584	0.707276720236	0.73608030401	0.732833480835	0.696496042212	0.694761727157	0.743805984017	0.670321966631	0.68983249682	0.692623456357	0.705207123341	0.588974632846	0.0	0.51170588035	0.709905724014	0.695926669698	0.7006466242	0.69714310598	0.733427399359	0.665014988421	0.726645348728	0.750154770995	0.737474276	0.753305727007	0.733078100773	0.750161120686	0.756990490596	0.761702747582	0.756652995139	0.734641585085	0.728070665619	0.747422130282	0.754856766638	0.766790913933	0.765873497338	0.772452975188	0.733048255714	0.757711191415	0.763019259295	0.779803588693	0.743913923619	0.736752948964	0.737494275005	0.745887288303	0.782728085813	0.786041637576	0.777685331701	0.763474738204	0.75413448244	0.767539767138
AE8	0.691348855181	0.690829711525	0.716408506896	0.696647683025	0.709918195335	0.702260054864	0.690281638292	0.661304311974	0.700696623797	0.693242149967	0.72137121224	0.713424422639	0.699012988012	0.680237428787	0.704013642037	0.693283719936	0.689075409163	0.679618034455	0.777849161072	0.655897648686	0.68675435617	0.660911816727	0.507902343842	0.390712667099	0.51170588035	0.0	0.660407645171	0.65889736605	0.657361880372	0.656621993378	0.719333819525	0.676561473287	0.695809177489	0.708951721878	0.715585361506	0.718063393062	0.713209423356	0.706599348031	0.712168033528	0.711306038639	0.70473670933	0.70446974323	0.69427859465	0.707016284072	0.711215231573	0.703748144843	0.720976041684	0.708947576313	0.68662904633	0.718395498218	0.71417156552	0.720718939156	0.695285264771	0.672478742716	0.680528233347	0.687198695083	0.714206396507	0.722617597447	0.727822385267	0.711312319676	0.698130011082	0.691974181611
AF7	0.677299909003	0.666311597448	0.730704116462	0.672534823492	0.710181145287	0.702543723537	0.698710321438	0.680580565007	0.695147433267	0.707423996655	0.696405527619	0.691168910424	0.687685266434	0.663159249826	0.696606952894	0.66289133192	0.655177135248	0.67287604892	0.775664575271	0.666608695714	0.689947804795	0.515725827413	0.670266531752	0.666192365727	0.709905724014	0.660407645171	0.0	0.465033822292	0.65754538763	0.653149027322	0.726987370405	0.668761902519	0.688288574351	0.717690829962	0.686505520612	0.699599179282	0.67782102683	0.694297234422	0.686131258368	0.700202907441	0.696382771112	0.691113026603	0.671731093189	0.688540697475	0.720559025863	0.715240986295	0.715394557637	0.696905152996	0.677346784921	0.717192269681	0.689296772455	0.705341607126	0.684990438851	0.677634307551	0.682389639092	0.685760418568	0.687620337565	0.710347096443	0.701583949774	0.716294247297	0.66344004991	0.692638527696
AF8	0.681591833536	0.663220352433	0.722702938761	0.686146112569	0.712008014635	0.706754114721	0.685001114188	0.682119928173	0.719925658657	0.685409751524	0.716703357867	0.693681744013	0.701442816333	0.685598236081	0.697090061109	0.665109441984	0.676597910655	0.656097938177	0.777900780498	0.649106557336	0.588404364575	0.401474774521	0.687048463173	0.666106849746	0.695926669698	0.65889736605	0.465033822292	0.0	0.648060858977	0.636373268545	0.699055119684	0.646813543269	0.702192332293	0.69442137244	0.710044704957	0.716219382927	0.697676060198	0.694676443261	0.685050835692	0.701823224077	0.684931342102	0.707307280299	0.68624202559	0.704078091872	0.705303130048	0.70174714291	0.717642311491	0.704842127618	0.676021056648	0.679397074369	0.68980000815	0.702853728221	0.653186138097	0.643305215834	0.67145331832	0.654203532399	0.69127398108	0.702819217204	0.701430667449	0.703994438607	0.681337080714	0.686543796216
AG7	0.684848810362	0.690174481757	0.70665551727	0.672309957757	0.718307082283	0.708161872063	0.709331586694	0.663974179086	0.680294285045	0.689031221316	0.708735736314	0.722137017312	0.67376351758	0.673172491659	0.708037128611	0.691226137794	0.672106595711	0.656426314039	0.753117819266	0.526740414253	0.648134438608	0.6466969826	0.664675611639	0.655116765789	0.7006466242	0.657361880372	0.65754538763	0.648060858977	0.0	0.438709630135	0.683560022803	0.66623031601	0.691883571751	0.71368691936	0.701757247948	0.7190075424	0.669731635638	0.691664795508	0.688107522356	0.688325660339	0.682452239856	0.708260246164	0.682543438553	0.678714015286	0.710327393911	0.704067519997	0.736998678621	0.71691667083	0.690036798618	0.723247885193	0.671327396599	0.730822443686	0.67759075086	0.692133064648	0.685860389194	0.692902241381	0.6904018054	0.713319109737	0.70073759438	0.721746636659	0.684764444268	0.697002135645
AG8	0.6918486232	0.67480361167	0.705451529784	0.691535283275	0.694145810572	0.669557627756	0.679033413342	0.643824807534	0.685282294991	0.673102651352	0.668843414265	0.681971128913	0.693506812294	0.690341446403	0.697116723266	0.681084015573	0.656197436061	0.644998561034	0.658737988741	0.433858960696	0.632630156127	0.614440908663	0.662829516337	0.655117444891	0.69714310598	0.656621993378	0.653149027322	0.636373268545	0.438709630135	0.0	0.691826145395	0.638883338008	0.672497780621	0.681952601561	0.6832551587	0.693808322583	0.645018097048	0.651602754745	0.668324578402	0.681101047858	0.670925584766	0.670805467086	0.646837638521	0.661374807078	0.68882504674	0.678938049319	0.728797653909	0.699881890358	0.682746862512	0.706228633882	0.684458712681	0.713839928939	0.66115036703	0.671211374846	0.672420347708	0.67815615488	0.688806257847	0.691126401044	0.695664509569	0.700300931114	0.682932006652	0.68494398979
AH7	0.739341040929	0.745795157167	0.737569247994	0.742813502686	0.760378743725	0.745860336145	0.729315735201	0.7472234071	0.730072879149	0.722250774185	0.713667663833	0.746637694033	0.73783237776	0.73880479477	0.755264910872	0.746526378853	0.708898775178	0.547190202361	0.758966601846	0.703443126517	0.664224550266	0.702311124659	0.697041504389	0.69510731602	0.733427399359	0.719333819525	0.726987370405	0.699055119684	0.683560022803	0.691826145395	0.0	0.543543968331	0.71410295987	0.768025586761	0.77102195506	0.774398238246	0.745355339727	0.752406849416	0.758704671834	0.759713655877	0.76777500513	0.735711740568	0.755540918219	0.758749688649	0.767133679038	0.766305753412	0.770220628356	0.754030024817	0.758087879183	0.768727584425	0.77545137663	0.786634167821	0.746791470914	0.730868548689	0.7255984544	0.734734400204	0.783021684233	0.792039358191	0.78731936114	0.779894195004	0.750668342423	0.716207444421
AH8	0.708487843192	0.69128764879	0.724123434498	0.715591792946	0.703751782679	0.703726517399	0.701626951537	0.675308445968	0.712482222552	0.700087643404	0.700950075802	0.695241670848	0.706476939263	0.722299304223	0.719927073572	0.690500227578	0.548213720674	0.417465977021	0.7732319844	0.652420667876	0.663929365523	0.644125872154	0.685772507312	0.679999124433	0.665014988421	0.676561473287	0.668761902519	0.646813543269	0.66623031601	0.638883338008	0.543543968331	0.0	0.688289284745	0.725844528509	0.70798347289	0.720823314858	0.695523924562	0.701691176223	0.708311356907	0.712711059008	0.707406115819	0.693662899877	0.711973448932	0.719376643213	0.722833783469	0.72304394176	0.716413321882	0.715986438455	0.714309194639	0.727791758555	0.71662099586	0.730884015513	0.693362326129	0.688985543673	0.683639314438	0.697805685488	0.735002735541	0.72720387185	0.756231830357	0.743393831655	0.696666208417	0.696768415152
AA5	0.652571331822	0.678233793956	0.692945436874	0.691396377066	0.654488688013	0.676922944239	0.712609669522	0.683135802032	0.629428222406	0.708686246692	0.645177519474	0.665520063798	0.68646198537	0.700970998586	0.670427342577	0.665021751411	0.659962934587	0.672271674284	0.774730658549	0.703026334816	0.706411576791	0.703715382161	0.644723959171	0.678241900212	0.726645348728	0.695809177489	0.688288574351	0.702192332293	0.691883571751	0.672497780621	0.71410295987	0.688289284745	0.0	0.581787330798	0.694094325704	0.683369753292	0.645405304551	0.633299635691	0.684527479214	0.682606047255	0.686762202218	0.622407844967	0.624394005453	0.657254189352	0.71655969271	0.667269431589	0.683659287737	0.703043156817	0.67822463293	0.708776304483	0.676237815435	0.705352981159	0.673286626696	0.689668483699	0.658767389642	0.691550420684	0.691668858555	0.719807886131	0.680344324736	0.695405649477	0.643319436692	0.709305792217
AA6	0.695559729023	0.690377610411	0.766009244702	0.712257873237	0.684276046685	0.672740957835	0.676922975628	0.66211925278	0.702226232423	0.668580073383	0.683892596377	0.663300619664	0.709870873313	0.735267933687	0.733584261805	0.689044887356	0.725302517821	0.712187903749	0.786302587178	0.701855200102	0.704348028642	0.672222308953	0.702009082539	0.700126505477	0.750154770995	0.708951721878	0.717690829962	0.69442137244	0.71368691936	0.681952601561	0.768025586761	0.725844528509	0.581787330798	0.0	0.685587203352	0.679612055072	0.654670204569	0.647674989375	0.680693818497	0.689129371149	0.668022483303	0.695053647432	0.659180474928	0.681098187005	0.48475500236	0.469232284508	0.69303001176	0.692468310471	0.679634098882	0.682836773816	0.668326477151	0.662886256661	0.668551857936	0.691194418076	0.680794027793	0.692024623979	0.683395456029	0.682839739954	0.691552429783	0.686115104977	0.651565282942	0.693040440644
AB5	0.68281757798	0.673847794042	0.709746186099	0.693539719763	0.683063243169	0.671368455296	0.68142949118	0.664645842924	0.693265624336	0.694983592732	0.679437860628	0.677423350726	0.698179788917	0.685098315077	0.698181353522	0.674385812852	0.696361336314	0.712134226077	0.767259565756	0.687385513342	0.726851705755	0.698346661532	0.71690778352	0.729473411264	0.737474276	0.715585361506	0.686505520612	0.710044704957	0.701757247948	0.6832551587	0.77102195506	0.70798347289	0.694094325704	0.685587203352	0.0	0.435600497438	0.660969465466	0.665288801617	0.6596707135	0.650243244524	0.668532479114	0.689593930207	0.682497078363	0.674180954538	0.705980064152	0.699971856016	0.678074103166	0.704841596558	0.684884461555	0.704133249416	0.69500479377	0.688388907427	0.661873286774	0.691382945887	0.69285797777	0.676755283321	0.707878805532	0.684553377264	0.71640828699	0.71953082806	0.654741120387	0.698602882098
AB6	0.697993971222	0.647257184861	0.735362360767	0.692233602711	0.673462092496	0.659513142629	0.665109173854	0.663495666867	0.704073942166	0.670479022481	0.68497497153	0.655993877621	0.687686713828	0.696813759386	0.680643102096	0.651750818935	0.722101339368	0.714800684888	0.781535915384	0.691313169563	0.737473396905	0.703152888846	0.707777986931	0.714710101409	0.753305727007	0.718063393062	0.699599179282	0.716219382927	0.7190075424	0.693808322583	0.774398238246	0.720823314858	0.683369753292	0.679612055072	0.435600497438	0.0	0.65954668853	0.651273281908	0.652994865491	0.639113547546	0.653748160386	0.689082350642	0.662177181891	0.580384264392	0.69162243349	0.675739736575	0.671902661137	0.676555461682	0.66570231077	0.692515526339	0.672572854989	0.662511606697	0.666568545607	0.671843685246	0.662346658908	0.65426756337	0.690420656827	0.673678336957	0.683617735957	0.684916958239	0.662944001536	0.685350127589
AC5	0.645108310273	0.653515133644	0.714756018541	0.671090711413	0.683727326275	0.651707020038	0.677352519883	0.649192974193	0.655050913984	0.686952888092	0.649824132101	0.671673316014	0.681570885987	0.679474076772	0.682178992622	0.665957652657	0.668444859897	0.670955700123	0.759906028626	0.681826628157	0.706431358338	0.683194551723	0.681096222744	0.695058183762	0.733078100773	0.713209423356	0.67782102683	0.697676060198	0.669731635638	0.645018097048	0.745355339727	0.695523924562	0.645405304551	0.654670204569	0.660969465466	0.65954668853	0.0	0.481431406484	0.632593015231	0.658230869055	0.656565199979	0.675647653443	0.591041305083	0.641814450889	0.660812907979	0.656941294361	0.659923687734	0.69381295188	0.635956961202	0.683648652086	0.653453173712	0.663867191575	0.64734334138	0.660531259947	0.621948571377	0.660263018538	0.659742281515	0.668027733768	0.651738712261	0.684498319729	0.635555441465	0.687700509056
AC6	0.658504869542	0.634639254539	0.722828212985	0.663120901149	0.664842691366	0.646740928425	0.668530947477	0.650405945363	0.682313676427	0.678814458008	0.648780877676	0.641227508823	0.668745460638	0.671864750121	0.68935768355	0.646198928269	0.703601770036	0.692459935706	0.7616068167	0.685596144319	0.720277468041	0.684917338033	0.684562228614	0.706013524222	0.750161120686	0.706599348031	0.694297234422	0.694676443261	0.691664795508	0.651602754745	0.752406849416	0.701691176223	0.633299635691	0.647674989375	0.665288801617	0.651273281908	0.481431406484	0.0	0.621670461969	0.642373480921	0.639708811174	0.555774271305	0.461020495001	0.639386694516	0.667471264391	0.642679435787	0.661132019541	0.678374686472	0.627363641732	0.661619206011	0.65108055351	0.650709585441	0.666506190502	0.66267264106	0.653749158726	0.65930528323	0.645355195844	0.66916661109	0.647065657395	0.650359937477	0.650513427701	0.675313852083
AD6	0.672085743271	0.637464108711	0.74809818545	0.6827238633	0.689186510393	0.644619339399	0.620765099966	0.624043928117	0.671353183866	0.631328691212	0.683840620597	0.659324096304	0.681273797217	0.674113670912	0.681217011101	0.642155174101	0.716007129088	0.703177654518	0.781103043987	0.669112307383	0.723537252843	0.683586132105	0.706448160739	0.717521543829	0.756990490596	0.712168033528	0.686131258368	0.685050835692	0.688107522356	0.668324578402	0.758704671834	0.708311356907	0.684527479214	0.680693818497	0.6596707135	0.652994865491	0.632593015231	0.621670461969	0.0	0.49550677671	0.385787364231	0.668760260572	0.634284742947	0.676274036666	0.669269441554	0.660830102225	0.663163679908	0.668526593433	0.632760911683	0.637843025691	0.657801410569	0.672701175158	0.652029719521	0.663733538749	0.65018532929	0.646938495035	0.655276735072	0.673648594114	0.659937343214	0.655748424089	0.638661596756	0.64268221502
AE5	0.679624055852	0.657878178326	0.739314707134	0.691165504511	0.637504755623	0.637605846087	0.651554932053	0.628755407848	0.675814986404	0.642378054729	0.669810978864	0.643311467819	0.682541728602	0.682389699185	0.688786382025	0.667059845394	0.732483759967	0.69014781909	0.78266002321	0.686659076632	0.727190643677	0.696510951959	0.700957656016	0.707055722832	0.761702747582	0.711306038639	0.700202907441	0.701823224077	0.688325660339	0.681101047858	0.759713655877	0.712711059008	0.682606047255	0.689129371149	0.650243244524	0.639113547546	0.658230869055	0.642373480921	0.49550677671	0.0	0.401786590668	0.674927624718	0.649560683245	0.648038786144	0.674815829219	0.672878429841	0.667499756737	0.672346676887	0.652097075658	0.649911527527	0.664631613748	0.694492999311	0.639053832148	0.656262185337	0.663683106428	0.641279008016	0.664105613079	0.693895568476	0.670227365623	0.655453129471	0.651359347709	0.66765344716
AE6	0.680482919394	0.645967820834	0.770498471888	0.70299629182	0.66365130449	0.655564907154	0.634731184171	0.629660224646	0.687716983495	0.613237337182	0.691914780204	0.651921550445	0.702952138455	0.703086329727	0.688568089008	0.650129095221	0.731238968386	0.699944442088	0.795453639013	0.679199903625	0.731817605804	0.678836644305	0.699834012716	0.71405575495	0.756652995139	0.70473670933	0.696382771112	0.684931342102	0.682452239856	0.670925584766	0.76777500513	0.707406115819	0.686762202218	0.668022483303	0.668532479114	0.653748160386	0.656565199979	0.639708811174	0.385787364231	0.401786590668	0.0	0.688279092476	0.649231542243	0.663568264855	0.66860493751	0.663369670679	0.681647575749	0.657126083015	0.663503194539	0.656892413949	0.665158358206	0.689037517027	0.654144299785	0.656902468293	0.658964936901	0.647601218473	0.662148657876	0.69408878116	0.669387824537	0.657032662248	0.641847229178	0.65125221104
AF5	0.676422986957	0.663125218524	0.678139217478	0.67948815867	0.655291469336	0.665516381331	0.685458411064	0.685497098343	0.664718286302	0.70470346539	0.669147631086	0.658475119866	0.677770055046	0.668396836225	0.693391714679	0.672631591274	0.685660916612	0.676136047067	0.712363837742	0.670909477161	0.721426503836	0.69158057681	0.676551563999	0.701025232812	0.734641585085	0.70446974323	0.691113026603	0.707307280299	0.708260246164	0.670805467086	0.735711740568	0.693662899877	0.622407844967	0.695053647432	0.689593930207	0.689082350642	0.675647653443	0.555774271305	0.668760260572	0.674927624718	0.688279092476	0.0	0.470393683786	0.662590262058	0.714464321944	0.693976086642	0.690582682874	0.714841499446	0.664700080905	0.687157314274	0.697289381072	0.706450024085	0.69620231413	0.708715456711	0.69960109087	0.695406094424	0.685413387626	0.720706047028	0.696116637043	0.678660012973	0.673638950375	0.707617466014
AF6	0.657959835525	0.643178957106	0.692558371687	0.660770205308	0.648196677636	0.652179755612	0.669622715037	0.662242533762	0.671478234961	0.685647175283	0.662053281868	0.644167533502	0.661236578771	0.656632676019	0.682345587513	0.651255618942	0.689956689713	0.692948416404	0.735619043746	0.669382511246	0.716533144921	0.677182665206	0.668316414273	0.689280170775	0.728070665619	0.69427859465	0.671731093189	0.68624202559	0.682543438553	0.646837638521	0.755540918219	0.711973448932	0.624394005453	0.659180474928	0.682497078363	0.662177181891	0.591041305083	0.461020495001	0.634284742947	0.649560683245	0.649231542243	0.470393683786	0.0	0.62612806673	0.68141229117	0.664866358718	0.674101238638	0.689945554506	0.616002564739	0.661838962215	0.668281482306	0.680254679004	0.647613828074	0.672487379606	0.655494440272	0.661589493244	0.648228330867	0.693609134901	0.650518007287	0.654311284013	0.655674114127	0.679628509826
