	AA3	AA4	AB3	AB4	AC3	AC4	AD3	AD4	AE3	AE4	AF3	AF4	AG3	AG4	AH3	AH4	AA7	AA8	AB7	AB8	AC7	AC8	AD7	AD8	AE7	AE8	AF7	AF8	AG7	AG8	AH7	AH8	AA5	AA6	AB5	AB6	AC5	AC6	AD6	AE5	AE6	AF5	AF6	AG5	AH5	AH6	AA1	AA2	AB1	AB2	AC1	AC2	AD1	AD2	AE1	AE2	AF1	AF2	AG1	AG2	AH1	AH2
AA3	0.0	0.501863521874	0.675795369344	0.640545908579	0.668827445063	0.666397418436	0.695131950443	0.685760434719	0.660548588737	0.705301584903	0.649392932841	0.678163953927	0.651206747269	0.62950691224	0.698194204767	0.487773907986	0.692892483978	0.697944371962	0.750833979979	0.675535743034	0.697410221683	0.697009410866	0.679268107096	0.694839917611	0.726260751676	0.704402589203	0.663070308684	0.697135838558	0.695911284357	0.684859577612	0.742858848666	0.701317535551	0.685842087464	0.699400696286	0.671425073386	0.666695206167	0.646872921408	0.656486037558	0.703917940908	0.690717255137	0.690774320528	0.660144867889	0.646149239049	0.674236335618	0.702212811046	0.688109186753	0.666825581692	0.689615614788	0.651521798375	0.692557328796	0.670687241136	0.690457347618	0.632344241037	0.667093017401	0.669645319178	0.669427551506	0.670323655811	0.689811052954	0.655243154887	0.682672384105	0.659239170056	0.711594150378
AA4	0.501863521874	0.0	0.677462976554	0.630108175843	0.646232254085	0.642427278726	0.651630957601	0.650724342717	0.673084504357	0.660356066859	0.6560090745	0.661959542612	0.654328583252	0.627868374183	0.523526553052	0.346046615187	0.675587216704	0.688708138385	0.769085455155	0.669221004357	0.702439570557	0.66372124158	0.678265946151	0.685959494716	0.726808349522	0.679969272231	0.645271499735	0.659671783446	0.686036829578	0.670696661868	0.742062097448	0.675165615402	0.671335938804	0.672696094723	0.666968427349	0.647572609109	0.64101575847	0.634294415423	0.655023053962	0.664791085131	0.638946182192	0.654211764965	0.636259129411	0.644427186835	0.689782047101	0.667360743282	0.668095071708	0.649875771997	0.637995004534	0.661552251663	0.653796308306	0.656594125836	0.641191483949	0.637054792778	0.657503409428	0.651147131978	0.649918025375	0.668309647441	0.64749590511	0.650298250735	0.644753312224	0.668657016616
AB3	0.675795369344	0.677462976554	0.0	0.631001266122	0.695323979201	0.752838232422	0.734339967093	0.742672193626	0.71936617827	0.743762270748	0.719072977881	0.757375201049	0.703773256924	0.569148519015	0.675225000323	0.685508034864	0.697525395607	0.727214787923	0.706371789859	0.678510802589	0.687945771413	0.716325079589	0.715462389071	0.729528801626	0.709167505552	0.73324166327	0.703583708336	0.711740937135	0.673097257845	0.685440615271	0.724277295532	0.719330496322	0.741675655195	0.770908962478	0.71340035469	0.72389368023	0.720662229095	0.73178645495	0.75035544962	0.740378026605	0.758756129837	0.699653108793	0.699820993672	0.740927083036	0.790323190976	0.782667992325	0.76129032	0.766618224897	0.716747317124	0.769189204568	0.75521633158	0.765026275912	0.723943789828	0.739244356679	0.731730864501	0.754709172395	0.759044188109	0.775344697904	0.753225921287	0.765416246907	0.721464601916	0.771840341334
AB4	0.640545908579	0.630108175843	0.631001266122	0.0	0.693354660059	0.68571199781	0.710671622163	0.707505554685	0.701374097045	0.711434421362	0.674110650521	0.697045138763	0.420098352269	0.431240099758	0.686889558883	0.636276100461	0.704530287453	0.710576940486	0.756847853794	0.692487054296	0.701497229175	0.690197987033	0.690260646062	0.68959824868	0.72608797496	0.70611372917	0.680056394518	0.690941070515	0.693455196494	0.679202860784	0.740917337495	0.710691781634	0.708828982774	0.706092913779	0.694689243861	0.676795338051	0.680694835981	0.661954612859	0.700269359402	0.705184917967	0.711726637883	0.6555764254	0.662542062681	0.680913159815	0.7225352551	0.727834733696	0.707149873019	0.693268480927	0.637308748166	0.694634140962	0.700933671798	0.701014035584	0.678226604288	0.684086501577	0.69719160345	0.685789978016	0.691019336439	0.71846484335	0.696261514679	0.701345128415	0.678213937031	0.728886618291
AC3	0.668827445063	0.646232254085	0.695323979201	0.693354660059	0.0	0.502025462215	0.679794885966	0.691534420647	0.666817979013	0.678498133249	0.676819094238	0.481056305366	0.686145048076	0.664106988206	0.673102346483	0.650593797221	0.663094266078	0.693356561057	0.746449307961	0.689934510855	0.714210186425	0.711905809938	0.719783041832	0.726128036787	0.719708001448	0.714710625507	0.701768476123	0.707880878433	0.708470128094	0.692993722433	0.751663256991	0.692060094826	0.675187885259	0.702662497915	0.686691673699	0.682394239462	0.692907919864	0.672950683741	0.680747811465	0.65778458732	0.664704726686	0.659750930241	0.653384178832	0.661503832764	0.734000256937	0.711439757085	0.712666647241	0.693270399476	0.688266435737	0.694130229931	0.692246515363	0.69656107101	0.69585449033	0.701764558956	0.687181153471	0.685024039155	0.689784303675	0.69230597332	0.684171497151	0.674372908482	0.682777229994	0.708147228964
AC4	0.666397418436	0.642427278726	0.752838232422	0.68571199781	0.502025462215	0.0	0.677985116228	0.67221274729	0.666257848931	0.666427368029	0.504520243335	0.418297005394	0.691960920585	0.677603660979	0.692489774209	0.642518865165	0.691493187362	0.698007015273	0.762953110414	0.683185755696	0.723653007028	0.694513549021	0.716758316636	0.720662698549	0.763677461239	0.718014366936	0.693065763835	0.691998783583	0.716908164844	0.67924698561	0.759036082867	0.698914778199	0.66868120135	0.678162022512	0.667417042069	0.670222374494	0.665551018782	0.663456921286	0.654027207465	0.660502117147	0.651680369456	0.669097582848	0.661917497438	0.658328363659	0.701737955056	0.668243520185	0.709590824252	0.675681866726	0.695233918506	0.681925837916	0.687032111532	0.676994089222	0.678725313864	0.698867716158	0.696677206312	0.694003040102	0.664903109955	0.658789822178	0.672880776489	0.681937224794	0.651463432794	0.693489030465
AD3	0.695131950443	0.651630957601	0.734339967093	0.710671622163	0.679794885966	0.677985116228	0.0	0.378659502652	0.673956827275	0.323228596437	0.712152515467	0.658803073612	0.711998342467	0.695576846675	0.70530190023	0.666025667467	0.700186221396	0.689868935327	0.772332736455	0.681075225318	0.723779700519	0.67596235795	0.722448810954	0.695187176759	0.729633220949	0.683742350854	0.688516758504	0.672032273204	0.699918535018	0.671171265371	0.72865051829	0.67914311868	0.713747796408	0.660709482085	0.677705474617	0.668091325619	0.686586489493	0.660128056337	0.630647911578	0.647556833354	0.620045159386	0.693469193966	0.674803520515	0.683077633339	0.699197810864	0.673046065406	0.690768695988	0.680021016719	0.670449286351	0.6513872235	0.692883405326	0.690710552112	0.6753415494	0.682397245704	0.685007267846	0.678620257799	0.678726074776	0.650547040934	0.69264809735	0.671463539365	0.701568619618	0.65107632121
AD4	0.685760434719	0.650724342717	0.742672193626	0.707505554685	0.691534420647	0.67221274729	0.378659502652	0.0	0.59674938818	0.363504885071	0.690553387599	0.653994024592	0.697990154722	0.701384177568	0.696032884965	0.646926767733	0.697795685158	0.681995350451	0.777401334075	0.656555282416	0.697291254029	0.669849201659	0.696314515771	0.687752169481	0.740758723711	0.676876166601	0.67914468586	0.673632791666	0.676973050468	0.663390745174	0.714560399782	0.67141861171	0.697984625715	0.655587444627	0.670905859954	0.654040203559	0.675754415095	0.650786735695	0.632134661962	0.651480654215	0.628060771414	0.690482376124	0.671678135457	0.680246271715	0.682009176302	0.660926639802	0.692146370445	0.665945725888	0.661656265164	0.648673319403	0.693143436547	0.685406931725	0.661608766331	0.664173365859	0.672410374469	0.664024735862	0.677606714788	0.657403608502	0.684708916359	0.672896010522	0.69418141222	0.631515241105
AE3	0.660548588737	0.673084504357	0.71936617827	0.701374097045	0.666817979013	0.666257848931	0.673956827275	0.59674938818	0.0	0.634842309982	0.663312544839	0.660908653481	0.688364344617	0.70091713694	0.689359868196	0.683550631026	0.663590757281	0.678697005911	0.76671156783	0.674942440512	0.725333956364	0.721402093044	0.66879283491	0.697181666884	0.745939275175	0.694172641965	0.660474818589	0.707369370332	0.661425468231	0.677076154676	0.734705545319	0.696075329608	0.638614663665	0.703005103266	0.689784669588	0.704922036673	0.66536785347	0.666672666628	0.69296256059	0.687558577752	0.675872694304	0.660806152511	0.663280453042	0.671784148845	0.727317146789	0.719913843141	0.707441516673	0.724269806776	0.703400919845	0.708848828966	0.703590294848	0.728409341995	0.685357680959	0.693674896252	0.668052453796	0.706215646154	0.698569766546	0.714246036137	0.704594480068	0.711259400832	0.672681988192	0.723763833434
AE4	0.705301584903	0.660356066859	0.743762270748	0.711434421362	0.678498133249	0.666427368029	0.323228596437	0.363504885071	0.634842309982	0.0	0.712195956767	0.647509345554	0.71222039357	0.713758888519	0.709482311619	0.672446897637	0.705305722689	0.68535839298	0.777218933723	0.666773855602	0.720250682751	0.679609072427	0.715545443795	0.68931198071	0.736530092083	0.68583265328	0.687427141746	0.671567358802	0.68524018174	0.662903447578	0.723496588234	0.673140830275	0.713685794655	0.664903261406	0.674484020319	0.66646490726	0.689943617563	0.674086864261	0.631013859689	0.64989127293	0.612336158844	0.701394768623	0.681682895134	0.673535497615	0.700056790664	0.675084212141	0.692192121678	0.681910488373	0.682914061912	0.660498365708	0.696133595276	0.697121478186	0.690106888835	0.680978879104	0.684201930454	0.681849045767	0.691983756733	0.657979908149	0.707280126097	0.685613867155	0.712805384855	0.648962808022
AF3	0.649392932841	0.6560090745	0.719072977881	0.674110650521	0.676819094238	0.504520243335	0.712152515467	0.690553387599	0.663312544839	0.712195956767	0.0	0.570402862461	0.665597606325	0.6666015047	0.683483969776	0.666557842685	0.679239963774	0.691012177112	0.751648242919	0.68123960008	0.687454506117	0.717121826048	0.684386932753	0.692695664237	0.761046370623	0.713396387605	0.685629625393	0.703703333344	0.693373370055	0.681658580018	0.721881345394	0.690954676111	0.657267066488	0.693816318959	0.668015547211	0.67773699801	0.649487060525	0.662000958773	0.68420793289	0.677487618349	0.688450936646	0.664277759891	0.651478429859	0.660204878592	0.695305988943	0.676372484653	0.714085791046	0.692676323197	0.689066193883	0.714435444621	0.704547253534	0.708035419494	0.69241546584	0.695391200516	0.699116268856	0.711273937325	0.677001023532	0.713364397697	0.68312150284	0.705236743727	0.647160124986	0.725263183488
AF4	0.678163953927	0.661959542612	0.757375201049	0.697045138763	0.481056305366	0.418297005394	0.658803073612	0.653994024592	0.660908653481	0.647509345554	0.570402862461	0.0	0.701137040908	0.693294110222	0.702861401573	0.665517259974	0.701006181363	0.677637795827	0.76674224633	0.67388663772	0.725268707593	0.698662159388	0.725224660826	0.72047025173	0.743265962826	0.698050574382	0.701582007041	0.689495869959	0.709795774485	0.677176920164	0.760737047329	0.696516312005	0.676315452313	0.669999947301	0.667777451532	0.667381486382	0.690284816557	0.663557459886	0.686068543917	0.649537584205	0.637847362889	0.661081472634	0.668336868027	0.656985140343	0.695660255217	0.665910480206	0.717610101225	0.684576370946	0.689617063206	0.672500869654	0.677620680415	0.690636445736	0.683866645583	0.69014321893	0.701207726952	0.681458610117	0.671742179155	0.655390312231	0.688649026497	0.670022164635	0.684693564022	0.696164283067
AG3	0.651206747269	0.654328583252	0.703773256924	0.420098352269	0.686145048076	0.691960920585	0.711998342467	0.697990154722	0.688364344617	0.71222039357	0.665597606325	0.701137040908	0.0	0.503735252194	0.681598681783	0.657295941251	0.686252737181	0.697031735552	0.76533560102	0.69456418005	0.686182197299	0.707433046323	0.683411397401	0.687888274157	0.721097335232	0.706569275074	0.68228843686	0.708338016335	0.680477838501	0.698131320368	0.731223396558	0.706726733489	0.694246423299	0.704628815453	0.694733116326	0.675519158964	0.680423806871	0.660108566237	0.683830917715	0.689295527204	0.702928541867	0.656761419656	0.667055963772	0.678347984389	0.707209947495	0.709933540701	0.686707897439	0.69539841414	0.640370884083	0.688909554088	0.694318694047	0.699744734928	0.680932489154	0.679793549335	0.686715052746	0.684981717475	0.692990313598	0.721820903673	0.684605168933	0.686734329502	0.68405218959	0.731094766563
AG4	0.62950691224	0.627868374183	0.569148519015	0.431240099758	0.664106988206	0.677603660979	0.695576846675	0.701384177568	0.70091713694	0.713758888519	0.6666015047	0.693294110222	0.503735252194	0.0	0.678639841199	0.635570746028	0.69896980031	0.721142533697	0.719496241841	0.667797995243	0.682956421348	0.688319250421	0.685173175479	0.684048584459	0.69156372509	0.698631222807	0.669444556993	0.682974079167	0.675267034899	0.678795828141	0.748887126558	0.718747850832	0.706524164421	0.71004978756	0.682288644636	0.682992604158	0.665263185425	0.658041444091	0.696067711841	0.693499858033	0.699069204865	0.648091976265	0.645536981278	0.67787163515	0.731032974518	0.723789850412	0.69538800885	0.709088720502	0.640108522258	0.703950166869	0.689117974294	0.686407008986	0.681778674236	0.687739243773	0.688726036273	0.697205561595	0.69010591785	0.705489425334	0.69745538395	0.706316634028	0.670198190077	0.732063384249
AH3	0.698194204767	0.523526553052	0.675225000323	0.686889558883	0.673102346483	0.692489774209	0.70530190023	0.696032884965	0.689359868196	0.709482311619	0.683483969776	0.702861401573	0.681598681783	0.678639841199	0.0	0.553317588896	0.690670255796	0.703906602731	0.785252810431	0.701514891311	0.721326923799	0.714416096318	0.673280652788	0.710334596416	0.733855182674	0.700243906769	0.690280698709	0.698392293679	0.708153782271	0.692708743313	0.75378791493	0.715180306004	0.692836232048	0.723749480129	0.696655835661	0.69052732023	0.682807795979	0.680613383696	0.683913229383	0.701595005655	0.683246768629	0.673763435257	0.674788963747	0.675501195385	0.729650482945	0.717003171158	0.701005091761	0.690323389087	0.702259519532	0.708425809686	0.702953484519	0.714506043356	0.714523782453	0.678312565492	0.679074196214	0.716306613362	0.7062330494	0.729611903459	0.710653188249	0.686830453924	0.692430546505	0.707193468048
AH4	0.487773907986	0.346046615187	0.685508034864	0.636276100461	0.650593797221	0.642518865165	0.666025667467	0.646926767733	0.683550631026	0.672446897637	0.666557842685	0.665517259974	0.657295941251	0.635570746028	0.553317588896	0.0	0.69789308031	0.69006408525	0.770326273406	0.667611493749	0.708571677985	0.665111592565	0.687084188625	0.686913328919	0.729216968195	0.681029556538	0.653964487945	0.662894884909	0.68507692384	0.678159595224	0.741445350553	0.687724992214	0.683038804283	0.678947771238	0.675524720945	0.650676198007	0.654755869945	0.654280003022	0.654668734158	0.672561748783	0.648051354544	0.668533440224	0.6575428338	0.666781411248	0.694966266908	0.681381744138	0.670361847199	0.656533858855	0.647953508814	0.67668472366	0.656984025366	0.66116759975	0.642173572913	0.638227581532	0.663188554721	0.659393544185	0.658950379726	0.670317521011	0.64996939861	0.662644661742	0.655162301508	0.668020157315
AA7	0.692892483978	0.675587216704	0.697525395607	0.704530287453	0.663094266078	0.691493187362	0.700186221396	0.697795685158	0.663590757281	0.705305722689	0.679239963774	0.701006181363	0.686252737181	0.69896980031	0.690670255796	0.69789308031	0.0	0.520909922519	0.770974407356	0.685357611096	0.64502566496	0.67615532209	0.691824979253	0.680650290993	0.707532194556	0.676819640114	0.662096321108	0.660953377083	0.66994924364	0.678251562986	0.711302243398	0.530571007448	0.664228728685	0.709451579449	0.715463258011	0.729013035734	0.6800754346	0.690056273539	0.715807779659	0.744526825537	0.734709553624	0.685072435865	0.689864330452	0.704719255934	0.74151673664	0.72752052275	0.741376102689	0.738289399949	0.712864225767	0.734548072409	0.721213746733	0.737670832078	0.702947585946	0.723675842666	0.694658082212	0.713208317496	0.72357221778	0.738732626194	0.741655160098	0.74668077324	0.700935246467	0.72162842481
AA8	0.697944371962	0.688708138385	0.727214787923	0.710576940486	0.693356561057	0.698007015273	0.689868935327	0.681995350451	0.678697005911	0.68535839298	0.691012177112	0.677637795827	0.697031735552	0.721142533697	0.703906602731	0.69006408525	0.520909922519	0.0	0.770436909475	0.665766675532	0.647982636828	0.655618990093	0.692273146886	0.687203509221	0.713215235462	0.675024578104	0.664329536988	0.6511250851	0.655708564437	0.662798079793	0.54691940137	0.39803641865	0.683352913509	0.704414309585	0.726612039924	0.724150301866	0.708858941212	0.688138318358	0.71719554672	0.714080308481	0.707423109069	0.695280590177	0.698970225287	0.687711126183	0.726200043582	0.713465684119	0.719371437615	0.707747465272	0.709606203373	0.723429899383	0.707190158794	0.734215977028	0.698503744053	0.696695520956	0.698586422262	0.701007750236	0.728922806841	0.721279338203	0.737624809118	0.719444795067	0.709122265522	0.713632896753
AB7	0.750833979979	0.769085455155	0.706371789859	0.756847853794	0.746449307961	0.762953110414	0.772332736455	0.777401334075	0.76671156783	0.777218933723	0.751648242919	0.76674224633	0.76533560102	0.719496241841	0.785252810431	0.770326273406	0.770974407356	0.770436909475	0.0	0.547819102112	0.742044448188	0.76027510405	0.781186907302	0.78678082678	0.743919290519	0.781743862373	0.769111626305	0.771652934853	0.746061267622	0.633417898773	0.757604736223	0.767562018216	0.771006191285	0.788495009605	0.775235926427	0.782684173613	0.764554004585	0.767961947251	0.799955083733	0.782031696094	0.793756040342	0.721968809039	0.723842357176	0.777762361402	0.801402249758	0.794973054125	0.816480898635	0.792271050389	0.776523842907	0.796010091784	0.808050612346	0.797059938455	0.788785290497	0.793564738727	0.782370081122	0.796890815283	0.792822515804	0.796912565558	0.794182153201	0.787799519418	0.785282675204	0.8139123382
AB8	0.675535743034	0.669221004357	0.678510802589	0.692487054296	0.689934510855	0.683185755696	0.681075225318	0.656555282416	0.674942440512	0.666773855602	0.68123960008	0.67388663772	0.69456418005	0.667797995243	0.701514891311	0.667611493749	0.685357611096	0.665766675532	0.547819102112	0.0	0.643132168192	0.63596188627	0.674555428519	0.682102170909	0.691879500327	0.683390943297	0.672417129591	0.654169706957	0.511112394704	0.408424748451	0.705387867111	0.660156278783	0.707773753302	0.701908764325	0.685310643923	0.682698305709	0.652666354552	0.653630898715	0.692140975314	0.685076956528	0.6711273314	0.645208112175	0.647043822509	0.665455781645	0.682793052924	0.667059714324	0.7164894181	0.682551069014	0.671783293042	0.690555537865	0.687280188148	0.702138372122	0.672561801826	0.666374504952	0.667003959289	0.680779990096	0.691466223667	0.696006684815	0.691611691579	0.687198109084	0.687448283568	0.709268396983
AC7	0.697410221683	0.702439570557	0.687945771413	0.701497229175	0.714210186425	0.723653007028	0.723779700519	0.697291254029	0.725333956364	0.720250682751	0.687454506117	0.725268707593	0.686182197299	0.682956421348	0.721326923799	0.708571677985	0.64502566496	0.647982636828	0.742044448188	0.643132168192	0.0	0.521532157826	0.693281209425	0.67837050651	0.690167117759	0.693027003964	0.688767369203	0.588119610484	0.648702777912	0.641201371087	0.66368947775	0.655125298695	0.718321700886	0.700454746492	0.725231142397	0.735905408695	0.710727782148	0.723355920312	0.712799405673	0.72946297221	0.730779722709	0.706400040665	0.706983605659	0.703363170966	0.703503996918	0.690673472205	0.751804972031	0.748482430402	0.69812248758	0.737494203902	0.747575236257	0.746651270564	0.702425741223	0.702123213983	0.69767781734	0.70331130594	0.744498593976	0.739155609648	0.748469619246	0.724233840919	0.702377418246	0.750079297208
AC8	0.697009410866	0.66372124158	0.716325079589	0.690197987033	0.711905809938	0.694513549021	0.67596235795	0.669849201659	0.721402093044	0.679609072427	0.717121826048	0.698662159388	0.707433046323	0.688319250421	0.714416096318	0.665111592565	0.67615532209	0.655618990093	0.76027510405	0.63596188627	0.521532157826	0.0	0.701663274524	0.670151553274	0.706497852257	0.662134915575	0.490555251968	0.398256610391	0.654246234663	0.629759275349	0.701398976992	0.629210742405	0.722442795976	0.683161189839	0.710431206099	0.697497988088	0.69941788703	0.691473198698	0.684985132447	0.696709639929	0.685135103381	0.687274745735	0.677960316413	0.691667129408	0.687987441483	0.668959726214	0.722358922692	0.699810479504	0.669309566992	0.69225118091	0.702788635788	0.695111824554	0.668050696356	0.668564854224	0.683138336878	0.668082219194	0.708256794187	0.686669583786	0.711519952793	0.699711564546	0.681852109342	0.71115118056
AD7	0.679268107096	0.678265946151	0.715462389071	0.690260646062	0.719783041832	0.716758316636	0.722448810954	0.696314515771	0.66879283491	0.715545443795	0.684386932753	0.725224660826	0.683411397401	0.685173175479	0.673280652788	0.687084188625	0.691824979253	0.692273146886	0.781186907302	0.674555428519	0.693281209425	0.701663274524	0.0	0.49725414599	0.721657545173	0.548058542049	0.666371331698	0.680445726186	0.673642630021	0.668607318898	0.705162850726	0.682553251514	0.688120865205	0.703517052307	0.719031435241	0.717788954753	0.693547129819	0.684077784045	0.69481747755	0.716213581286	0.69642101197	0.660380440718	0.681271725269	0.689162195749	0.674477651449	0.688087886726	0.709610173475	0.688146746232	0.683017502069	0.710876191266	0.692766495045	0.721064881112	0.685604488556	0.663587910091	0.655651815145	0.690458964206	0.699183772576	0.717876289468	0.707537296637	0.704735804315	0.671034076717	0.709445641972
AD8	0.694839917611	0.685959494716	0.729528801626	0.68959824868	0.726128036787	0.720662698549	0.695187176759	0.687752169481	0.697181666884	0.68931198071	0.692695664237	0.72047025173	0.687888274157	0.684048584459	0.710334596416	0.686913328919	0.680650290993	0.687203509221	0.78678082678	0.682102170909	0.67837050651	0.670151553274	0.49725414599	0.0	0.597549098694	0.40391387665	0.648134839522	0.650376409095	0.664791323917	0.655107099143	0.702835396361	0.661722698661	0.69395035905	0.68639384833	0.730604511564	0.710994172461	0.702477367631	0.68434462443	0.694639606881	0.705803457728	0.706936778536	0.672678453804	0.678806484005	0.674573713155	0.692068117915	0.687006629574	0.711363206948	0.70209876154	0.678743046191	0.703597690317	0.708389311869	0.716074004182	0.681481086972	0.669527301194	0.671452806309	0.675113189844	0.701198830752	0.716453669039	0.71097263499	0.710176956716	0.680451062026	0.704715858448
AE7	0.726260751676	0.726808349522	0.709167505552	0.72608797496	0.719708001448	0.763677461239	0.729633220949	0.740758723711	0.745939275175	0.736530092083	0.761046370623	0.743265962826	0.721097335232	0.69156372509	0.733855182674	0.729216968195	0.707532194556	0.713215235462	0.743919290519	0.691879500327	0.690167117759	0.706497852257	0.721657545173	0.597549098694	0.0	0.519523966242	0.707319979574	0.707823123707	0.69019968566	0.686600297545	0.732841584065	0.693084834484	0.753196044196	0.747946943739	0.74261380058	0.750759986121	0.727092124121	0.752250147836	0.75276360271	0.754246182747	0.751602740944	0.729441268488	0.720833967001	0.732903520058	0.756623187757	0.750932359325	0.764995045267	0.773291656901	0.71850552427	0.760307985997	0.761742186095	0.780915820609	0.743226377997	0.750206336446	0.737302723185	0.756703073637	0.779978652876	0.787227089386	0.779359437954	0.758802181783	0.747984400512	0.787863862586
AE8	0.704402589203	0.679969272231	0.73324166327	0.70611372917	0.714710625507	0.718014366936	0.683742350854	0.676876166601	0.694172641965	0.68583265328	0.713396387605	0.698050574382	0.706569275074	0.698631222807	0.700243906769	0.681029556538	0.676819640114	0.675024578104	0.781743862373	0.683390943297	0.693027003964	0.662134915575	0.548058542049	0.40391387665	0.519523966242	0.0	0.628952339333	0.633218216559	0.642404567788	0.649197053265	0.711032412253	0.655004783602	0.696371061544	0.690415356068	0.729846428164	0.727415885922	0.700763231729	0.689570168543	0.703482404928	0.716814835257	0.706364608244	0.689320511114	0.694449082105	0.692574579845	0.705402704431	0.694203239376	0.711761057521	0.702613119326	0.691747545268	0.692855902944	0.709193856003	0.719077101131	0.681875566175	0.66599620906	0.670222950939	0.672038671759	0.698157109072	0.706864607192	0.71760724224	0.711153011222	0.685258998003	0.705291664554
AF7	0.663070308684	0.645271499735	0.703583708336	0.680056394518	0.701768476123	0.693065763835	0.688516758504	0.67914468586	0.660474818589	0.687427141746	0.685629625393	0.701582007041	0.68228843686	0.669444556993	0.690280698709	0.653964487945	0.662096321108	0.664329536988	0.769111626305	0.672417129591	0.688767369203	0.490555251968	0.666371331698	0.648134839522	0.707319979574	0.628952339333	0.0	0.421646657652	0.647560376279	0.662681826367	0.728171367461	0.653720736757	0.676525600262	0.694861791002	0.693877448085	0.694139464994	0.675706051361	0.661291332938	0.672282567014	0.698362435419	0.675705050666	0.662265692905	0.662714450472	0.672911261621	0.715932244281	0.702324391279	0.706432096548	0.689084691469	0.685980163268	0.699291049111	0.679947326229	0.696244628984	0.669854312967	0.654306481016	0.651902696207	0.672655807202	0.672739989292	0.696770669009	0.687090789048	0.708111175129	0.66357386602	0.696476991945
AF8	0.697135838558	0.659671783446	0.711740937135	0.690941070515	0.707880878433	0.691998783583	0.672032273204	0.673632791666	0.707369370332	0.671567358802	0.703703333344	0.689495869959	0.708338016335	0.682974079167	0.698392293679	0.662894884909	0.660953377083	0.6511250851	0.771652934853	0.654169706957	0.588119610484	0.398256610391	0.680445726186	0.650376409095	0.707823123707	0.633218216559	0.421646657652	0.0	0.644419889398	0.643060828442	0.69397656216	0.626175886327	0.698144023546	0.67642835331	0.708930494091	0.709791020779	0.695092924616	0.669662237625	0.681714285131	0.701657834838	0.689871783976	0.683132646414	0.685220187215	0.688514203912	0.699549590416	0.688237750877	0.715840154764	0.694644018849	0.675059817658	0.679305852926	0.704112926666	0.699093766247	0.664727129869	0.661541797911	0.6615385066	0.656330513474	0.680949029085	0.682288227959	0.703165849815	0.702579610773	0.677854137471	0.693383229113
AG7	0.695911284357	0.686036829578	0.673097257845	0.693455196494	0.708470128094	0.716908164844	0.699918535018	0.676973050468	0.661425468231	0.68524018174	0.693373370055	0.709795774485	0.680477838501	0.675267034899	0.708153782271	0.68507692384	0.66994924364	0.655708564437	0.746061267622	0.511112394704	0.648702777912	0.654246234663	0.673642630021	0.664791323917	0.69019968566	0.642404567788	0.647560376279	0.644419889398	0.0	0.467421943215	0.677904670152	0.645003256468	0.677692265342	0.705270030739	0.707710391256	0.704603786226	0.665210782352	0.663245973714	0.684412587904	0.694227784283	0.687084528438	0.688441632421	0.689497863329	0.675343439317	0.711292041301	0.682774409787	0.720559716612	0.71166628993	0.682319196663	0.702101856916	0.703238545025	0.723246528799	0.673037378649	0.675374126058	0.688136952649	0.688433618058	0.693066350858	0.714580850503	0.7006334108	0.718305755809	0.672225276696	0.71901799753
AG8	0.684859577612	0.670696661868	0.685440615271	0.679202860784	0.692993722433	0.67924698561	0.671171265371	0.663390745174	0.677076154676	0.662903447578	0.681658580018	0.677176920164	0.698131320368	0.678795828141	0.692708743313	0.678159595224	0.678251562986	0.662798079793	0.633417898773	0.408424748451	0.641201371087	0.629759275349	0.668607318898	0.655107099143	0.686600297545	0.649197053265	0.662681826367	0.643060828442	0.467421943215	0.0	0.693131819577	0.65008995998	0.693365490221	0.691197848953	0.690681333697	0.696790212913	0.644059116934	0.639131045813	0.679903028306	0.678485728056	0.661452766338	0.66440584195	0.653221363772	0.657273579949	0.687035359469	0.667204959121	0.710915979761	0.680361682059	0.666348013503	0.689394771636	0.693017363217	0.699714166587	0.673824775978	0.674098203566	0.681842297147	0.67518746385	0.683679149343	0.695212291819	0.686463066419	0.691108788777	0.680694678406	0.699665012779
AH7	0.742858848666	0.742062097448	0.724277295532	0.740917337495	0.751663256991	0.759036082867	0.72865051829	0.714560399782	0.734705545319	0.723496588234	0.721881345394	0.760737047329	0.731223396558	0.748887126558	0.75378791493	0.741445350553	0.711302243398	0.54691940137	0.757604736223	0.705387867111	0.66368947775	0.701398976992	0.705162850726	0.702835396361	0.732841584065	0.711032412253	0.728171367461	0.69397656216	0.677904670152	0.693131819577	0.0	0.535403282391	0.715912304266	0.762639749592	0.768264442791	0.774009292935	0.746679079366	0.754073026697	0.765732957305	0.75243532154	0.767275535968	0.741868606206	0.739252223811	0.744370031937	0.770547809729	0.761987901413	0.768705203451	0.758106465138	0.746751698697	0.773186691527	0.778626402673	0.793002714399	0.752322753617	0.744711556499	0.737683150084	0.7415896464	0.771612702618	0.792775262842	0.772212844106	0.767136690002	0.745143425648	0.742345997444
AH8	0.701317535551	0.675165615402	0.719330496322	0.710691781634	0.692060094826	0.698914778199	0.67914311868	0.67141861171	0.696075329608	0.673140830275	0.690954676111	0.696516312005	0.706726733489	0.718747850832	0.715180306004	0.687724992214	0.530571007448	0.39803641865	0.767562018216	0.660156278783	0.655125298695	0.629210742405	0.682553251514	0.661722698661	0.693084834484	0.655004783602	0.653720736757	0.626175886327	0.645003256468	0.65008995998	0.535403282391	0.0	0.686106118968	0.695722047131	0.716561458284	0.717006104792	0.687405286042	0.679165971463	0.706907503272	0.713712552061	0.708778421297	0.703451164263	0.681830545395	0.695699988731	0.721016240269	0.70907302601	0.720593202811	0.710020117341	0.707151686609	0.718042736926	0.719979514708	0.735084622189	0.694464351425	0.695114829588	0.69603517084	0.691584043361	0.72744686602	0.72319203687	0.74045184946	0.722378919189	0.707294503652	0.70500928846
AA5	0.685842087464	0.671335938804	0.741675655195	0.708828982774	0.675187885259	0.66868120135	0.713747796408	0.697984625715	0.638614663665	0.713685794655	0.657267066488	0.676315452313	0.694246423299	0.706524164421	0.692836232048	0.683038804283	0.664228728685	0.683352913509	0.771006191285	0.707773753302	0.718321700886	0.722442795976	0.688120865205	0.69395035905	0.753196044196	0.696371061544	0.676525600262	0.698144023546	0.677692265342	0.693365490221	0.715912304266	0.686106118968	0.0	0.605041975812	0.703741944385	0.708327232501	0.657980286328	0.639234835104	0.691383704678	0.701678687089	0.696333301959	0.6541871608	0.625788455326	0.666656520752	0.736701262392	0.672859508675	0.702019423556	0.715779408232	0.700882208084	0.699967464209	0.700736035762	0.717975569625	0.696103712962	0.71323207291	0.681743471446	0.705934618932	0.675838642068	0.706904236982	0.682650527568	0.709118822048	0.66667348267	0.726946630328
AA6	0.699400696286	0.672696094723	0.770908962478	0.706092913779	0.702662497915	0.678162022512	0.660709482085	0.655587444627	0.703005103266	0.664903261406	0.693816318959	0.669999947301	0.704628815453	0.71004978756	0.723749480129	0.678947771238	0.709451579449	0.704414309585	0.788495009605	0.701908764325	0.700454746492	0.683161189839	0.703517052307	0.68639384833	0.747946943739	0.690415356068	0.694861791002	0.67642835331	0.705270030739	0.691197848953	0.762639749592	0.695722047131	0.605041975812	0.0	0.698538161559	0.682406399431	0.658446488542	0.640673079012	0.676828395258	0.695583709493	0.667917832135	0.676993978581	0.676765596688	0.675229756456	0.475008415441	0.432968788267	0.707692621643	0.694579239465	0.676642583956	0.676034143017	0.698607355996	0.689943593173	0.682334379003	0.69450098495	0.693404864337	0.696593033408	0.694133388605	0.667235295821	0.699561878435	0.688957900616	0.670111208729	0.696689403953
AB5	0.671425073386	0.666968427349	0.71340035469	0.694689243861	0.686691673699	0.667417042069	0.677705474617	0.670905859954	0.689784669588	0.674484020319	0.668015547211	0.667777451532	0.694733116326	0.682288644636	0.696655835661	0.675524720945	0.715463258011	0.726612039924	0.775235926427	0.685310643923	0.725231142397	0.710431206099	0.719031435241	0.730604511564	0.74261380058	0.729846428164	0.693877448085	0.708930494091	0.707710391256	0.690681333697	0.768264442791	0.716561458284	0.703741944385	0.698538161559	0.0	0.404279710118	0.644646190573	0.676195409024	0.652122927763	0.643231458339	0.652521663818	0.678759274642	0.675013633311	0.646099656455	0.710866166014	0.690289518399	0.683890241562	0.712426753881	0.680765969413	0.712414806702	0.6938884282	0.69067790909	0.657606567862	0.681171818132	0.694830209875	0.694179996015	0.702128191679	0.712831005958	0.696812878146	0.722543028019	0.661922423908	0.705093241404
AB6	0.666695206167	0.647572609109	0.72389368023	0.676795338051	0.682394239462	0.670222374494	0.668091325619	0.654040203559	0.704922036673	0.66646490726	0.67773699801	0.667381486382	0.675519158964	0.682992604158	0.69052732023	0.650676198007	0.729013035734	0.724150301866	0.782684173613	0.682698305709	0.735905408695	0.697497988088	0.717788954753	0.710994172461	0.750759986121	0.727415885922	0.694139464994	0.709791020779	0.704603786226	0.696790212913	0.774009292935	0.717006104792	0.708327232501	0.682406399431	0.404279710118	0.0	0.66272409142	0.646800144566	0.649279251081	0.644821205534	0.645200143724	0.667510002894	0.659993787037	0.566953863512	0.688061284867	0.669623471828	0.677043476708	0.697946386723	0.652508449799	0.683043802861	0.676978332655	0.672041494841	0.661616250692	0.667914153015	0.686075123753	0.666562814993	0.67800835024	0.70169875355	0.668849732315	0.696733934089	0.669925434298	0.690580924023
AC5	0.646872921408	0.64101575847	0.720662229095	0.680694835981	0.692907919864	0.665551018782	0.686586489493	0.675754415095	0.66536785347	0.689943617563	0.649487060525	0.690284816557	0.680423806871	0.665263185425	0.682807795979	0.654755869945	0.6800754346	0.708858941212	0.764554004585	0.652666354552	0.710727782148	0.69941788703	0.693547129819	0.702477367631	0.727092124121	0.700763231729	0.675706051361	0.695092924616	0.665210782352	0.644059116934	0.746679079366	0.687405286042	0.657980286328	0.658446488542	0.644646190573	0.66272409142	0.0	0.498990781469	0.665527268263	0.66218471719	0.656989234149	0.672874175777	0.609554996792	0.631052143636	0.664441310245	0.649180832826	0.643465198168	0.686363616568	0.619271598153	0.673869862598	0.654538436048	0.656483034742	0.650562949832	0.64685052147	0.634458566826	0.658774062597	0.641375579084	0.676978065711	0.643245509131	0.684129588081	0.646791479799	0.704209388376
AC6	0.656486037558	0.634294415423	0.73178645495	0.661954612859	0.672950683741	0.663456921286	0.660128056337	0.650786735695	0.666672666628	0.674086864261	0.662000958773	0.663557459886	0.660108566237	0.658041444091	0.680613383696	0.654280003022	0.690056273539	0.688138318358	0.767961947251	0.653630898715	0.723355920312	0.691473198698	0.684077784045	0.68434462443	0.752250147836	0.689570168543	0.661291332938	0.669662237625	0.663245973714	0.639131045813	0.754073026697	0.679165971463	0.639234835104	0.640673079012	0.676195409024	0.646800144566	0.498990781469	0.0	0.651190303535	0.653996159873	0.645898079974	0.547298259443	0.506294337294	0.622749270804	0.666965719534	0.638056576063	0.657467055786	0.669006800988	0.61654479251	0.629093614594	0.642124526824	0.652990863186	0.655615289007	0.658467240124	0.661026287742	0.656910651044	0.604524517072	0.654686630444	0.629420239074	0.662979673914	0.656274773577	0.685645813506
AD6	0.703917940908	0.655023053962	0.75035544962	0.700269359402	0.680747811465	0.654027207465	0.630647911578	0.632134661962	0.69296256059	0.631013859689	0.68420793289	0.686068543917	0.683830917715	0.696067711841	0.683913229383	0.654668734158	0.715807779659	0.71719554672	0.799955083733	0.692140975314	0.712799405673	0.684985132447	0.69481747755	0.694639606881	0.75276360271	0.703482404928	0.672282567014	0.681714285131	0.684412587904	0.679903028306	0.765732957305	0.706907503272	0.691383704678	0.676828395258	0.652122927763	0.649279251081	0.665527268263	0.651190303535	0.0	0.498011353995	0.428919029562	0.670429484329	0.66502466295	0.671983617213	0.67853185403	0.673548812767	0.681828111208	0.682599355324	0.663233508565	0.655040320887	0.695128623991	0.696551368448	0.659345076716	0.650186805414	0.660815543327	0.66911604771	0.677605273713	0.678672446396	0.67852154227	0.664188313013	0.630426799441	0.661462519976
AE5	0.690717255137	0.664791085131	0.740378026605	0.705184917967	0.65778458732	0.660502117147	0.647556833354	0.651480654215	0.687558577752	0.64989127293	0.677487618349	0.649537584205	0.689295527204	0.693499858033	0.701595005655	0.672561748783	0.744526825537	0.714080308481	0.782031696094	0.685076956528	0.72946297221	0.696709639929	0.716213581286	0.705803457728	0.754246182747	0.716814835257	0.698362435419	0.701657834838	0.694227784283	0.678485728056	0.75243532154	0.713712552061	0.701678687089	0.695583709493	0.643231458339	0.644821205534	0.66218471719	0.653996159873	0.498011353995	0.0	0.420799300189	0.672168218567	0.662345074327	0.653387954341	0.695531425205	0.682781908093	0.679924921853	0.681688023808	0.642318668381	0.658219310802	0.681754841299	0.687999926608	0.651232809095	0.647309561692	0.660329898477	0.659428993363	0.663517117048	0.680706606042	0.662232139285	0.647111000774	0.646341817016	0.679261257855
AE6	0.690774320528	0.638946182192	0.758756129837	0.711726637883	0.664704726686	0.651680369456	0.620045159386	0.628060771414	0.675872694304	0.612336158844	0.688450936646	0.637847362889	0.702928541867	0.699069204865	0.683246768629	0.648051354544	0.734709553624	0.707423109069	0.793756040342	0.6711273314	0.730779722709	0.685135103381	0.69642101197	0.706936778536	0.751602740944	0.706364608244	0.675705050666	0.689871783976	0.687084528438	0.661452766338	0.767275535968	0.708778421297	0.696333301959	0.667917832135	0.652521663818	0.645200143724	0.656989234149	0.645898079974	0.428919029562	0.420799300189	0.0	0.6617381352	0.662910100069	0.655270937893	0.677682503371	0.658197842383	0.675195227023	0.654293305083	0.642386329628	0.640633211865	0.665179310823	0.672746492612	0.633986499056	0.625367979243	0.641175435132	0.65400748193	0.657251614791	0.660623147291	0.660556313886	0.627837648045	0.650627591213	0.669458527392
AF5	0.660144867889	0.654211764965	0.699653108793	0.6555764254	0.659750930241	0.669097582848	0.693469193966	0.690482376124	0.660806152511	0.701394768623	0.664277759891	0.661081472634	0.656761419656	0.648091976265	0.673763435257	0.668533440224	0.685072435865	0.695280590177	0.721968809039	0.645208112175	0.706400040665	0.687274745735	0.660380440718	0.672678453804	0.729441268488	0.689320511114	0.662265692905	0.683132646414	0.688441632421	0.66440584195	0.741868606206	0.703451164263	0.6541871608	0.676993978581	0.678759274642	0.667510002894	0.672874175777	0.547298259443	0.670429484329	0.672168218567	0.6617381352	0.0	0.46582101401	0.64718020884	0.702213882122	0.677318278407	0.70021048164	0.68993593691	0.666825229961	0.674237893808	0.681165912503	0.702396484035	0.684907101904	0.687108725365	0.683837585986	0.701183713002	0.657568949142	0.716857923731	0.660734538302	0.670606578585	0.66445349865	0.722029758689
AF6	0.646149239049	0.636259129411	0.699820993672	0.662542062681	0.653384178832	0.661917497438	0.674803520515	0.671678135457	0.663280453042	0.681682895134	0.651478429859	0.668336868027	0.667055963772	0.645536981278	0.674788963747	0.6575428338	0.689864330452	0.698970225287	0.723842357176	0.647043822509	0.706983605659	0.677960316413	0.681271725269	0.678806484005	0.720833967001	0.694449082105	0.662714450472	0.685220187215	0.689497863329	0.653221363772	0.739252223811	0.681830545395	0.625788455326	0.676765596688	0.675013633311	0.659993787037	0.609554996792	0.506294337294	0.66502466295	0.662345074327	0.662910100069	0.46582101401	0.0	0.629998591862	0.707930758752	0.676803447838	0.673513561795	0.683408671218	0.660528466623	0.676800657415	0.689890042678	0.695028653251	0.676380792159	0.682112812226	0.685196219894	0.682663131231	0.65641609141	0.696683700861	0.653218156623	0.672144981237	0.665101358761	0.717601038491
