	AA3	AA4	AB3	AB4	AC3	AC4	AD3	AD4	AE3	AE4	AF3	AF4	AG3	AG4	AH3	AH4	AA7	AA8	AB7	AB8	AC7	AC8	AD7	AD8	AE7	AE8	AF7	AF8	AG7	AG8	AH7	AH8	AA5	AA6	AB5	AB6	AC5	AC6	AD6	AE5	AE6	AF5	AF6	AG5	AH5	AH6	AA1	AA2	AB1	AB2	AC1	AC2	AD1	AD2	AE1	AE2	AF1	AF2	AG1	AG2	AH1	AH2
AA3	0.0	0.501655709813	0.655177600465	0.646269385419	0.660031878282	0.657397425482	0.687904716291	0.689522956546	0.650450375383	0.691621255298	0.639999977587	0.676734746796	0.652125390805	0.616919393576	0.675467799901	0.478649440328	0.680012658504	0.67816042456	0.758907318466	0.673446100001	0.700927206621	0.6944058025	0.679358146736	0.695418515233	0.731886476037	0.703537120444	0.666841006135	0.688719291749	0.68935364853	0.682250636854	0.736889377174	0.711559687015	0.656033272589	0.689605403212	0.669473324137	0.678828227114	0.639436691672	0.65855266161	0.663089868726	0.676354677921	0.682924178374	0.666699491176	0.669016024438	0.677086158149	0.70003122949	0.692349955748	0.667193149744	0.698876360629	0.644220305854	0.687924972424	0.67189207565	0.679340631109	0.642035327137	0.65882254541	0.657811055097	0.663659056165	0.661432711743	0.693021336739	0.667170545046	0.695345711857	0.644610433951	0.685096616455
AA4	0.501655709813	0.0	0.698634662513	0.634935712966	0.655804393887	0.64580905269	0.653942303914	0.674340890025	0.673393881722	0.676616107835	0.673182112007	0.639675756965	0.655268528739	0.624143393985	0.515727895171	0.365394749302	0.685051604734	0.678023296656	0.772051665725	0.674970809172	0.707691291815	0.667011339175	0.70432642652	0.693250268138	0.726931817249	0.68483305932	0.657589754794	0.672470142795	0.692822570792	0.678398927033	0.748060928066	0.69630408504	0.667836730367	0.664612920826	0.666507535057	0.655719718586	0.663362205382	0.630877623596	0.638172779017	0.664250392389	0.658503147101	0.658537049268	0.642160400885	0.646299259314	0.680732114948	0.660561551066	0.659912301975	0.663968776622	0.645244272932	0.669124694991	0.660211490505	0.667617594994	0.643771366755	0.645299282545	0.669563627441	0.633276752291	0.664115411648	0.680472783325	0.653731170755	0.657323316477	0.648248417312	0.647278801301
AB3	0.655177600465	0.698634662513	0.0	0.675457253889	0.700374365655	0.730126666769	0.734100972585	0.743708911747	0.697551658163	0.756092252247	0.69322119814	0.741453847686	0.724161227119	0.544808884477	0.710167590759	0.702873715735	0.716412740186	0.742953298008	0.703106960833	0.686864108222	0.732063865882	0.74150505468	0.748527383551	0.743324289227	0.718550152879	0.748331693305	0.726649846393	0.74468705356	0.693105192965	0.707346429609	0.758265669498	0.765263212838	0.701962251854	0.769036941478	0.692286955503	0.72730288965	0.712605814403	0.726778518832	0.748490282976	0.724005553282	0.75930591593	0.709130285304	0.717257650353	0.738088583215	0.788079646184	0.782131671442	0.762509033409	0.779027443448	0.715428733525	0.775501414717	0.744206758354	0.769581401076	0.719262558545	0.76231848422	0.738723040148	0.764174180092	0.747522150708	0.758249402663	0.756083803735	0.774391054282	0.72667809173	0.774334909941
AB4	0.646269385419	0.634935712966	0.675457253889	0.0	0.69067824878	0.689167403269	0.700485265639	0.697194707018	0.684938568089	0.698564048064	0.673775980399	0.690222501903	0.419731922969	0.460082486327	0.673761383455	0.645739498214	0.689721351251	0.69955735179	0.754093194823	0.673220955257	0.692697004113	0.677135286204	0.703109712169	0.690337825873	0.726129802821	0.695559698818	0.68409386989	0.687295514154	0.676498290145	0.684272158119	0.741830642491	0.711412123606	0.699387623632	0.698149981759	0.681154893853	0.680682193928	0.665414166986	0.662769965937	0.681974653692	0.683020473329	0.704486312642	0.651662685782	0.659713422697	0.696388017729	0.711196603688	0.720091706316	0.692772006458	0.707967808207	0.63266625452	0.697312552883	0.685781697954	0.702325124786	0.664884535484	0.683490510698	0.671214789347	0.677201208362	0.684292178439	0.707742084405	0.700734696872	0.685738456406	0.669176930246	0.704727960169
AC3	0.660031878282	0.655804393887	0.700374365655	0.69067824878	0.0	0.492214876769	0.677940631063	0.67240531591	0.660505401426	0.673731072369	0.694244547731	0.471700621146	0.69193281084	0.656552710745	0.668234513999	0.653377035382	0.665588996372	0.688142607915	0.747082988324	0.67305258104	0.7286608483	0.71577467456	0.727869420523	0.721809439039	0.719016523932	0.706066282371	0.704762651094	0.711774720496	0.702994913881	0.685022592639	0.755853972448	0.724132506393	0.667336718047	0.703185979114	0.687849642388	0.673042363471	0.686532685663	0.676174500274	0.675451192559	0.663769157178	0.656571047265	0.656448620566	0.656080090445	0.672959522505	0.731591000782	0.695818545951	0.713196215319	0.711679087997	0.698178564759	0.697555306882	0.700690075447	0.702911610812	0.68907561245	0.699919235768	0.669052835539	0.69682182522	0.710388665237	0.70284610499	0.693738736673	0.685850738289	0.683953717777	0.697455048514
AC4	0.657397425482	0.64580905269	0.730126666769	0.689167403269	0.492214876769	0.0	0.674777297904	0.665755119045	0.670416086392	0.66002069142	0.510463612351	0.38118450681	0.675452821995	0.675585330621	0.689405865635	0.64995902433	0.691354054455	0.683214501277	0.760628238506	0.666143169793	0.714879483605	0.687227348348	0.71010172151	0.708274911737	0.757232910309	0.699075517104	0.690351084549	0.683161453888	0.713516628382	0.683081156274	0.753517067444	0.712448207519	0.663513027813	0.674728658574	0.672077517685	0.664122700488	0.661120382424	0.656001174659	0.654755851038	0.65694836542	0.647672794202	0.658816172315	0.655254251141	0.660453881066	0.685670754409	0.656706942283	0.709868914693	0.703012234302	0.691615940864	0.679578620195	0.677865317347	0.659101795032	0.672297069609	0.695727946679	0.682315585342	0.683523188223	0.683613400138	0.666876258035	0.670120952673	0.680705850123	0.665622862129	0.689018936401
AD3	0.687904716291	0.653942303914	0.734100972585	0.700485265639	0.677940631063	0.674777297904	0.0	0.379640648211	0.695988608117	0.353023359421	0.705956078785	0.660278358143	0.713193064228	0.681049690976	0.696340146527	0.669341896044	0.714937453807	0.69691924115	0.770037853003	0.666673100559	0.712948418184	0.675529756258	0.72245497674	0.693960871849	0.722504965044	0.687376655838	0.700828571872	0.670523488122	0.708982491109	0.676154892416	0.724110619453	0.709547732292	0.708315389198	0.66945588284	0.656817093566	0.669665956856	0.678952503263	0.657493202582	0.623610818804	0.640623975377	0.627755438271	0.682279294606	0.668964209449	0.683562727666	0.692122485386	0.676957077305	0.689571936229	0.676119585739	0.663607596036	0.649677490407	0.695670194783	0.68176688946	0.661148328075	0.667576436281	0.671133512383	0.661098578962	0.681765560788	0.691188355722	0.675938859712	0.642743120357	0.700089454008	0.660142123196
AD4	0.689522956546	0.674340890025	0.743708911747	0.697194707018	0.67240531591	0.665755119045	0.379640648211	0.0	0.605595169687	0.374790343642	0.696527872489	0.651441283535	0.70972734285	0.692859393377	0.70949734917	0.661323500581	0.703812398118	0.683137461296	0.780646270796	0.642924172747	0.712907385762	0.664171938914	0.696854441402	0.677921233768	0.732278203012	0.677412513125	0.668961017758	0.662316977085	0.672460998316	0.651532253041	0.716375468639	0.679641893579	0.696187114864	0.6539982573	0.671755386988	0.664811256928	0.676078231051	0.673597903122	0.637571429185	0.646284172773	0.618485072601	0.681757446693	0.659562215759	0.678411748716	0.690756079367	0.676108303649	0.694678257038	0.672132817523	0.68067099758	0.645330767472	0.695376991034	0.694733061566	0.67941952192	0.670149878499	0.660657985061	0.674502502003	0.699045355967	0.681452773505	0.686186439131	0.660132088171	0.691347748379	0.634147323205
AE3	0.650450375383	0.673393881722	0.697551658163	0.684938568089	0.660505401426	0.670416086392	0.695988608117	0.605595169687	0.0	0.646911763886	0.660198249967	0.686336613583	0.674566676512	0.676735643477	0.688624232779	0.668050837944	0.665571384341	0.676766307024	0.768590858968	0.676355676259	0.726782022806	0.72036896798	0.676641287423	0.699810994727	0.750719678449	0.712649106	0.666240033245	0.708993687192	0.673939250101	0.683598227351	0.733380650617	0.69251693524	0.625819109759	0.698983012909	0.690682053299	0.701512778784	0.651021572982	0.683575653408	0.689270694692	0.686244231448	0.689542941712	0.655593551408	0.665114138822	0.6939338123	0.74012185776	0.719141094066	0.715893086395	0.721844493555	0.710003310614	0.711118832092	0.706821125282	0.728159548355	0.694041827593	0.709302961315	0.658536109003	0.703139407479	0.707476100423	0.71625872651	0.712683338553	0.727780990769	0.670110978635	0.712178323924
AE4	0.691621255298	0.676616107835	0.756092252247	0.698564048064	0.673731072369	0.66002069142	0.353023359421	0.374790343642	0.646911763886	0.0	0.701026634592	0.65835502864	0.712161607404	0.701421302006	0.706773144627	0.68124441789	0.705062467839	0.689123725208	0.774166675256	0.642699613071	0.71366577735	0.673985327353	0.717733774196	0.689771707117	0.739113610117	0.689928439217	0.686107146493	0.669303719709	0.681450544667	0.652272009688	0.712805715492	0.696704416721	0.704997506164	0.670612389025	0.683313462925	0.668477961239	0.678428718598	0.665839379004	0.640755033555	0.649333269409	0.637203694177	0.681126695364	0.669629314596	0.683546497306	0.694313709655	0.671190685318	0.688697320574	0.682217541075	0.687499616546	0.676395202181	0.701972438982	0.700899655808	0.684217522657	0.67754075009	0.669937161903	0.672717917518	0.69330690752	0.695870298198	0.684224918264	0.667267109543	0.705609566032	0.667160222136
AF3	0.639999977587	0.673182112007	0.69322119814	0.673775980399	0.694244547731	0.510463612351	0.705956078785	0.696527872489	0.660198249967	0.701026634592	0.0	0.563459145609	0.67495264198	0.66907396917	0.677902807781	0.66622638809	0.678041920276	0.679358820715	0.75626896801	0.678935789387	0.690212672727	0.708693580455	0.686724816839	0.693791059363	0.763552916816	0.720204990733	0.684025743464	0.69924399414	0.692650151884	0.680684693374	0.713858425683	0.70018802042	0.639203886796	0.691388428545	0.672810889861	0.673474418613	0.649030292894	0.662877084826	0.668889501492	0.676856589792	0.677981982609	0.673374971568	0.680812475797	0.678473707393	0.694595738519	0.684972982642	0.719876724567	0.72145049814	0.696323943787	0.720600028536	0.707291049227	0.701942225948	0.695258020829	0.705213719854	0.69109178334	0.711069304453	0.683218622545	0.713967734551	0.683310018134	0.720803040617	0.665094183322	0.713471049674
AF4	0.676734746796	0.639675756965	0.741453847686	0.690222501903	0.471700621146	0.38118450681	0.660278358143	0.651441283535	0.686336613583	0.65835502864	0.563459145609	0.0	0.682285814666	0.675280739874	0.691151284747	0.635682491019	0.695432086702	0.664838038091	0.761102962723	0.66777744494	0.702746430781	0.676381486518	0.726332111283	0.702711415441	0.739642436684	0.694036174589	0.688593571838	0.677993471415	0.707040211452	0.675760805997	0.728857613143	0.687214199826	0.659789711991	0.655391313174	0.690984303365	0.677407861049	0.681461343654	0.659682115996	0.666976770061	0.649100588013	0.6450616524	0.660950585742	0.640271269543	0.670612151275	0.690842362742	0.660364203155	0.717965148684	0.709711757102	0.678028585756	0.66017666149	0.694540946343	0.670844322077	0.67507690879	0.689179175255	0.674530056361	0.675308996197	0.692445777911	0.669011677437	0.685653336371	0.663990741916	0.688232591272	0.682620968792
AG3	0.652125390805	0.655268528739	0.724161227119	0.419731922969	0.69193281084	0.675452821995	0.713193064228	0.70972734285	0.674566676512	0.712161607404	0.67495264198	0.682285814666	0.0	0.51759865605	0.681676526954	0.66430227137	0.675959988165	0.673996855474	0.770292243878	0.693988133481	0.690834993188	0.696880730716	0.684496031565	0.69566568466	0.732866000878	0.684350698429	0.673996252339	0.69955204155	0.698019044396	0.705512946523	0.726685618984	0.705120443579	0.671961865705	0.693612718758	0.695971702773	0.702140476179	0.688461814443	0.67340338619	0.690186012026	0.690428510521	0.702659003337	0.661827752474	0.661172709628	0.692942867288	0.716483289664	0.709525405417	0.696303345538	0.705155719618	0.662096691804	0.703683043484	0.70086185686	0.70689773298	0.680628352223	0.68649123676	0.673263347886	0.678730751899	0.693170252351	0.71772341164	0.693637550595	0.687914543324	0.690095346377	0.713302445001
AG4	0.616919393576	0.624143393985	0.544808884477	0.460082486327	0.656552710745	0.675585330621	0.681049690976	0.692859393377	0.676735643477	0.701421302006	0.66907396917	0.675280739874	0.51759865605	0.0	0.657725092276	0.635086626982	0.692226954972	0.70651426993	0.702400940126	0.641029167886	0.701872812095	0.67590152977	0.707877201907	0.697566276206	0.700513277348	0.698553086817	0.666760132291	0.679500807586	0.66603529754	0.665340164824	0.74375064562	0.728140532017	0.667286001245	0.708469346044	0.654954669051	0.68088749916	0.662895427781	0.667362622883	0.675098833099	0.669911902881	0.69900663473	0.648322980982	0.642042687242	0.686831536851	0.722500872627	0.723766081442	0.688485419187	0.716358352904	0.64130638687	0.700434333138	0.694948530687	0.706054218408	0.664735347918	0.696919699333	0.672873318732	0.693439126756	0.6888514826	0.700742851463	0.689635249544	0.695889823245	0.677231616223	0.710661960526
AH3	0.675467799901	0.515727895171	0.710167590759	0.673761383455	0.668234513999	0.689405865635	0.696340146527	0.70949734917	0.688624232779	0.706773144627	0.677902807781	0.691151284747	0.681676526954	0.657725092276	0.0	0.547663565574	0.692587781363	0.704357253713	0.780325088025	0.71198134961	0.71745099726	0.701825300092	0.693052248514	0.693898423007	0.727557773531	0.691196576951	0.681258557023	0.703483231662	0.699345099164	0.709171139604	0.754174695593	0.712362790434	0.675251965942	0.724176480842	0.702298027821	0.685638379834	0.696940196506	0.685059334786	0.692871201831	0.698203945746	0.682736323224	0.680812474106	0.657044264143	0.680695585222	0.72822207146	0.711137131053	0.704337222091	0.705734358653	0.702343928302	0.714762622093	0.707345692182	0.734473172717	0.707175855238	0.695192442174	0.68104175448	0.71494201525	0.719193677137	0.72981980043	0.705177542602	0.704613394735	0.684802181291	0.706816877732
AH4	0.478649440328	0.365394749302	0.702873715735	0.645739498214	0.653377035382	0.64995902433	0.669341896044	0.661323500581	0.668050837944	0.68124441789	0.66622638809	0.635682491019	0.66430227137	0.635086626982	0.547663565574	0.0	0.69320982053	0.679662200607	0.768730312275	0.676347825929	0.713111793369	0.667772409653	0.694284353651	0.698873236801	0.735509669156	0.6816925055	0.652626691696	0.67017560861	0.691053061862	0.678521591209	0.744712744594	0.687083489102	0.662474480052	0.672026035963	0.673877453049	0.660765160445	0.666584872562	0.651990547849	0.635246642947	0.670048865945	0.651437093248	0.667530576005	0.644497820432	0.659642566904	0.690881060049	0.679200025306	0.681962885653	0.677248666067	0.658432923579	0.657316967704	0.660645024959	0.665505342645	0.646393329082	0.65821713792	0.663933389374	0.652372954723	0.66950691046	0.666876492075	0.654435267639	0.656832329564	0.658585835167	0.648154152151
AA7	0.680012658504	0.685051604734	0.716412740186	0.689721351251	0.665588996372	0.691354054455	0.714937453807	0.703812398118	0.665571384341	0.705062467839	0.678041920276	0.695432086702	0.675959988165	0.692226954972	0.692587781363	0.69320982053	0.0	0.492159034692	0.762494838391	0.684889552163	0.660303216218	0.671125062709	0.66298442766	0.687884832897	0.698795289357	0.696610346206	0.658545598611	0.671609679309	0.66900784263	0.667096630626	0.700880147454	0.571491161184	0.663402701221	0.720687988617	0.701560746433	0.708492899841	0.671527447353	0.684465252921	0.70175880104	0.729263775012	0.723323889515	0.685535244361	0.697859450346	0.719303037918	0.734898089408	0.722871999985	0.742771610378	0.734061928285	0.71093998058	0.756243306148	0.705447550955	0.734389121168	0.690933424462	0.709973213536	0.680686950214	0.717319026185	0.733378718496	0.74839305445	0.740690930354	0.740890973243	0.685062224161	0.720034150205
AA8	0.67816042456	0.678023296656	0.742953298008	0.69955735179	0.688142607915	0.683214501277	0.69691924115	0.683137461296	0.676766307024	0.689123725208	0.679358820715	0.664838038091	0.673996855474	0.70651426993	0.704357253713	0.679662200607	0.492159034692	0.0	0.763767588353	0.642688128056	0.633063293952	0.630647560065	0.669718254063	0.671031377008	0.684900975327	0.678061797705	0.664652688548	0.654249833914	0.653289699126	0.634662269881	0.553412668985	0.426023838722	0.669916606073	0.708852335905	0.712183583767	0.716366659414	0.673505609542	0.684371055709	0.695576941273	0.70773731795	0.69630353328	0.675928195358	0.682707159927	0.704180514723	0.720717739089	0.704092878176	0.722447479048	0.718144574776	0.697924546071	0.720554396078	0.717939261994	0.72172773202	0.67929154634	0.685897104866	0.670802960276	0.680781658336	0.735135665005	0.733624071451	0.741876323443	0.71503078935	0.704505035983	0.704382430091
AB7	0.758907318466	0.772051665725	0.703106960833	0.754093194823	0.747082988324	0.760628238506	0.770037853003	0.780646270796	0.768590858968	0.774166675256	0.75626896801	0.761102962723	0.770292243878	0.702400940126	0.780325088025	0.768730312275	0.762494838391	0.763767588353	0.0	0.564934029697	0.755467969888	0.746679269289	0.791601691507	0.781345748252	0.745242486467	0.774383429747	0.779263494027	0.759225262115	0.742484543395	0.633295686658	0.760816939356	0.785809649189	0.7825612238	0.787923044964	0.771498819402	0.785976567468	0.76719749751	0.766967660241	0.787151182494	0.783180012116	0.802642429441	0.729925497901	0.741950577661	0.781990766134	0.799970063421	0.799132017423	0.823630440924	0.811220306529	0.780928098832	0.800984801151	0.810569901799	0.806695730882	0.785130758266	0.807743334182	0.777596079	0.795389961652	0.79316423496	0.801749336612	0.809576123565	0.795058962008	0.792346833157	0.807947590893
AB8	0.673446100001	0.674970809172	0.686864108222	0.673220955257	0.67305258104	0.666143169793	0.666673100559	0.642924172747	0.676355676259	0.642699613071	0.678935789387	0.66777744494	0.693988133481	0.641029167886	0.71198134961	0.676347825929	0.684889552163	0.642688128056	0.564934029697	0.0	0.650155523226	0.620523153223	0.688201348141	0.659080264286	0.681240012261	0.664673220958	0.669789856759	0.635378257699	0.476434143105	0.388134445298	0.699060911586	0.663221428201	0.684206909558	0.675240834414	0.686129534182	0.680155472702	0.663367168391	0.651226594926	0.670843158916	0.684954351582	0.674510806668	0.644268574751	0.655815857729	0.662369005752	0.690838832919	0.663916144201	0.724419246163	0.712370141004	0.673416269314	0.6904584043	0.706087952942	0.715189519619	0.667413669772	0.695228205142	0.662441506581	0.677363748247	0.693968615969	0.701346620035	0.707131680318	0.690582902865	0.690740843978	0.696118184754
AC7	0.700927206621	0.707691291815	0.732063865882	0.692697004113	0.7286608483	0.714879483605	0.712948418184	0.712907385762	0.726782022806	0.71366577735	0.690212672727	0.702746430781	0.690834993188	0.701872812095	0.71745099726	0.713111793369	0.660303216218	0.633063293952	0.755467969888	0.650155523226	0.0	0.489802703792	0.690297716665	0.687703719014	0.694596703073	0.69041078847	0.691037983723	0.569385279424	0.646043187871	0.648826781163	0.661512648963	0.654285796522	0.700012332252	0.696914612758	0.718327939245	0.736127824464	0.707067534883	0.711395325994	0.708509888312	0.731614380713	0.729939841848	0.700544759507	0.718866081343	0.72479195875	0.691624700948	0.698943720805	0.752172155775	0.752494944995	0.693721051066	0.735376621773	0.745254868621	0.742375314838	0.698704981232	0.69297094138	0.700831598697	0.689655341213	0.738621222319	0.741335387076	0.743939303199	0.724078247202	0.69931391656	0.739471648453
AC8	0.6944058025	0.667011339175	0.74150505468	0.677135286204	0.71577467456	0.687227348348	0.675529756258	0.664171938914	0.72036896798	0.673985327353	0.708693580455	0.676381486518	0.696880730716	0.67590152977	0.701825300092	0.667772409653	0.671125062709	0.630647560065	0.746679269289	0.620523153223	0.489802703792	0.0	0.678823361123	0.645920494325	0.684984565742	0.64644406666	0.515977489638	0.402204393353	0.626966054921	0.617064476113	0.691564455366	0.648276222063	0.705030759991	0.671579754932	0.703220904069	0.708899476959	0.685485746081	0.686804501392	0.677883027477	0.705220285255	0.691261354271	0.67973764736	0.687929289697	0.69654875249	0.676669913881	0.675297954383	0.722937074878	0.705722451071	0.665404595681	0.691353857934	0.705854522829	0.696587926257	0.674795508337	0.673045393304	0.678276701351	0.662707660382	0.709555915254	0.699626327142	0.719152490374	0.692472978556	0.667040349675	0.696766968112
AD7	0.679358146736	0.70432642652	0.748527383551	0.703109712169	0.727869420523	0.71010172151	0.72245497674	0.696854441402	0.676641287423	0.717733774196	0.686724816839	0.726332111283	0.684496031565	0.707877201907	0.693052248514	0.694284353651	0.66298442766	0.669718254063	0.791601691507	0.688201348141	0.690297716665	0.678823361123	0.0	0.501537747485	0.720241841936	0.527478402025	0.672783616403	0.67580551996	0.673866807401	0.691713078161	0.70449005481	0.677235841875	0.664144659772	0.710160732565	0.724997891465	0.718642676601	0.702915029535	0.688625246497	0.703165596536	0.721757103956	0.71517626174	0.669978332553	0.691705062122	0.715175785039	0.715218869491	0.705716996945	0.718763750946	0.709034040654	0.685619522747	0.716145057642	0.699529851467	0.725670404869	0.693467969428	0.680234193027	0.653359330362	0.695365631869	0.698956186734	0.710348094834	0.714060841738	0.711519677307	0.66372436242	0.708475488185
AD8	0.695418515233	0.693250268138	0.743324289227	0.690337825873	0.721809439039	0.708274911737	0.693960871849	0.677921233768	0.699810994727	0.689771707117	0.693791059363	0.702711415441	0.69566568466	0.697566276206	0.693898423007	0.698873236801	0.687884832897	0.671031377008	0.781345748252	0.659080264286	0.687703719014	0.645920494325	0.501537747485	0.0	0.591706370509	0.415988176528	0.632257644221	0.647061593177	0.637117119161	0.657619223374	0.7020416041	0.677220452024	0.693963923678	0.702747179377	0.719953267743	0.712334625076	0.699483710637	0.682175402769	0.700639164215	0.719317411869	0.70902800541	0.65923521177	0.679919212298	0.707504920688	0.708906305824	0.688303289006	0.721925291925	0.707574662779	0.677727338951	0.711141702126	0.692703037534	0.721843072241	0.676754117634	0.682788791661	0.674091637684	0.67932818121	0.705108968533	0.71683579908	0.712428060403	0.705108647575	0.680919349685	0.708580215704
AE7	0.731886476037	0.726931817249	0.718550152879	0.726129802821	0.719016523932	0.757232910309	0.722504965044	0.732278203012	0.750719678449	0.739113610117	0.763552916816	0.739642436684	0.732866000878	0.700513277348	0.727557773531	0.735509669156	0.698795289357	0.684900975327	0.745242486467	0.681240012261	0.694596703073	0.684984565742	0.720241841936	0.591706370509	0.0	0.509181198067	0.715127406744	0.703898162988	0.682068057958	0.705787944025	0.733516306346	0.67739465982	0.732691930306	0.752647426495	0.734684757814	0.753834495387	0.740291056625	0.74561385426	0.757245348982	0.760389434453	0.763459182856	0.728062962065	0.736987076968	0.741286554195	0.758486230233	0.757149455822	0.771669519054	0.776898631558	0.718764646874	0.771833076418	0.766600901012	0.784765695189	0.737839039434	0.750315250162	0.73152289536	0.746491268907	0.778624613824	0.796124015142	0.780161592356	0.755164054624	0.753152628575	0.777626860249
AE8	0.703537120444	0.68483305932	0.748331693305	0.695559698818	0.706066282371	0.699075517104	0.687376655838	0.677412513125	0.712649106	0.689928439217	0.720204990733	0.694036174589	0.684350698429	0.698553086817	0.691196576951	0.6816925055	0.696610346206	0.678061797705	0.774383429747	0.664673220958	0.69041078847	0.64644406666	0.527478402025	0.415988176528	0.509181198067	0.0	0.663628945728	0.651250050717	0.655642552643	0.668915265145	0.713427809005	0.692198539321	0.688757781128	0.702962865358	0.717490445665	0.72534054156	0.711880616927	0.701521458784	0.707476451122	0.717563128591	0.705979783859	0.68262820132	0.682754308963	0.701699168643	0.707268582122	0.706840316517	0.712289666542	0.706810588743	0.69232455493	0.709281835917	0.71267800185	0.718621282564	0.686942410206	0.676730227267	0.672274638781	0.682411593272	0.704260662107	0.718552229875	0.704830783751	0.697267012276	0.689937309111	0.707071078904
AF7	0.666841006135	0.657589754794	0.726649846393	0.68409386989	0.704762651094	0.690351084549	0.700828571872	0.668961017758	0.666240033245	0.686107146493	0.684025743464	0.688593571838	0.673996252339	0.666760132291	0.681258557023	0.652626691696	0.658545598611	0.664652688548	0.779263494027	0.669789856759	0.691037983723	0.515977489638	0.672783616403	0.632257644221	0.715127406744	0.663628945728	0.0	0.456501623736	0.645126581001	0.645543318709	0.724700860386	0.670784107193	0.668787301009	0.696134075405	0.702559260509	0.69787117861	0.683190788728	0.67733410968	0.669762419792	0.711128625684	0.688728158509	0.676854424628	0.658922941521	0.682787096992	0.722041963461	0.704209032372	0.705693640327	0.690703621006	0.687563582315	0.698504166799	0.677633552546	0.705469581008	0.679823802425	0.662744830721	0.66877294005	0.661453035879	0.69472518807	0.694772344014	0.692546530522	0.716850338382	0.677132420757	0.671871513641
AF8	0.688719291749	0.672470142795	0.74468705356	0.687295514154	0.711774720496	0.683161453888	0.670523488122	0.662316977085	0.708993687192	0.669303719709	0.69924399414	0.677993471415	0.69955204155	0.679500807586	0.703483231662	0.67017560861	0.671609679309	0.654249833914	0.759225262115	0.635378257699	0.569385279424	0.402204393353	0.67580551996	0.647061593177	0.703898162988	0.651250050717	0.456501623736	0.0	0.655524309118	0.632537036245	0.696894301783	0.654136467368	0.698088982788	0.679846403374	0.707567630371	0.709342349606	0.69675887427	0.689989847328	0.673242073371	0.700708932494	0.683957634109	0.673901944292	0.68222415583	0.688738948435	0.685269261664	0.673513992173	0.710253164014	0.69421884443	0.67233640054	0.688017623715	0.688135314275	0.699409312322	0.662985822712	0.658936745491	0.67461391054	0.651183467544	0.699638418696	0.708656631877	0.700841518129	0.685660069898	0.674496955616	0.691136253903
AG7	0.68935364853	0.692822570792	0.693105192965	0.676498290145	0.702994913881	0.713516628382	0.708982491109	0.672460998316	0.673939250101	0.681450544667	0.692650151884	0.707040211452	0.698019044396	0.66603529754	0.699345099164	0.691053061862	0.66900784263	0.653289699126	0.742484543395	0.476434143105	0.646043187871	0.626966054921	0.673866807401	0.637117119161	0.682068057958	0.655642552643	0.645126581001	0.655524309118	0.0	0.457108502353	0.682228412675	0.657367186022	0.682932716335	0.703799225867	0.696234825443	0.686944393834	0.669788660416	0.678085671066	0.692781700468	0.710200439535	0.704785622099	0.681638771172	0.682231408674	0.684906563002	0.705698843741	0.687238687337	0.731014234124	0.720807571363	0.68227676393	0.715539346907	0.693804118547	0.729893146479	0.672344094122	0.695824969362	0.676846629519	0.688389005772	0.705492324442	0.717159240732	0.709658936923	0.715873718651	0.679207617604	0.714225294071
AG8	0.682250636854	0.678398927033	0.707346429609	0.684272158119	0.685022592639	0.683081156274	0.676154892416	0.651532253041	0.683598227351	0.652272009688	0.680684693374	0.675760805997	0.705512946523	0.665340164824	0.709171139604	0.678521591209	0.667096630626	0.634662269881	0.633295686658	0.388134445298	0.648826781163	0.617064476113	0.691713078161	0.657619223374	0.705787944025	0.668915265145	0.645543318709	0.632537036245	0.457108502353	0.0	0.700520717812	0.658066030513	0.699611927813	0.676514582137	0.69788410244	0.680990192643	0.645047826024	0.647548382716	0.663318915324	0.686267363851	0.671164474011	0.664985367407	0.659722980538	0.674676302246	0.687964962219	0.663644469286	0.715874388279	0.706665591008	0.677721679291	0.690911614946	0.689652979244	0.707870367188	0.665002658282	0.685931557803	0.667627533621	0.667989957429	0.686202966248	0.696313261422	0.7058246388	0.695923010872	0.687104021579	0.696502814807
AH7	0.736889377174	0.748060928066	0.758265669498	0.741830642491	0.755853972448	0.753517067444	0.724110619453	0.716375468639	0.733380650617	0.712805715492	0.713858425683	0.728857613143	0.726685618984	0.74375064562	0.754174695593	0.744712744594	0.700880147454	0.553412668985	0.760816939356	0.699060911586	0.661512648963	0.691564455366	0.70449005481	0.7020416041	0.733516306346	0.713427809005	0.724700860386	0.696894301783	0.682228412675	0.700520717812	0.0	0.528673104	0.717085247333	0.766584231331	0.762968401547	0.773442201153	0.75366476066	0.754120429385	0.75496227335	0.76101293147	0.75656729497	0.723308098962	0.740474067217	0.750078344352	0.766483624001	0.772282309185	0.775660598707	0.769979219192	0.746860009933	0.773131936529	0.781566755101	0.789963362866	0.740892795203	0.747405894938	0.728543691726	0.738037128096	0.781903604473	0.800643531633	0.780299730576	0.764974919176	0.747727545478	0.768141947565
AH8	0.711559687015	0.69630408504	0.765263212838	0.711412123606	0.724132506393	0.712448207519	0.709547732292	0.679641893579	0.69251693524	0.696704416721	0.70018802042	0.687214199826	0.705120443579	0.728140532017	0.712362790434	0.687083489102	0.571491161184	0.426023838722	0.785809649189	0.663221428201	0.654285796522	0.648276222063	0.677235841875	0.677220452024	0.67739465982	0.692198539321	0.670784107193	0.654136467368	0.657367186022	0.658066030513	0.528673104	0.0	0.678578278539	0.715403129114	0.727733286248	0.721603633459	0.70162206404	0.711695007411	0.713779322088	0.727793307552	0.707721703934	0.687818440931	0.68217781816	0.719795876565	0.737776479332	0.720319881013	0.736610613733	0.715523286467	0.716325804571	0.730145530106	0.731246922068	0.745865694729	0.702496454061	0.699560926342	0.688235274124	0.702451450652	0.753586446251	0.742278289019	0.749824841043	0.730379055597	0.701819312765	0.706519747407
AA5	0.656033272589	0.667836730367	0.701962251854	0.699387623632	0.667336718047	0.663513027813	0.708315389198	0.696187114864	0.625819109759	0.704997506164	0.639203886796	0.659789711991	0.671961865705	0.667286001245	0.675251965942	0.662474480052	0.663402701221	0.669916606073	0.7825612238	0.684206909558	0.700012332252	0.705030759991	0.664144659772	0.693963923678	0.732691930306	0.688757781128	0.668787301009	0.698088982788	0.682932716335	0.699611927813	0.717085247333	0.678578278539	0.0	0.576306886661	0.685309747913	0.682679135821	0.640004972569	0.640472115992	0.68156140856	0.688629149707	0.695639180951	0.631894486059	0.624932215296	0.662500271522	0.716089377533	0.664033918386	0.694047617481	0.71758528102	0.697538483023	0.705095976525	0.694855787215	0.721043704173	0.673736986281	0.701120720501	0.673593625756	0.70282414574	0.668031642658	0.711510932069	0.674452368683	0.69687697738	0.651959248213	0.693805972743
AA6	0.689605403212	0.664612920826	0.769036941478	0.698149981759	0.703185979114	0.674728658574	0.66945588284	0.6539982573	0.698983012909	0.670612389025	0.691388428545	0.655391313174	0.693612718758	0.708469346044	0.724176480842	0.672026035963	0.720687988617	0.708852335905	0.787923044964	0.675240834414	0.696914612758	0.671579754932	0.710160732565	0.702747179377	0.752647426495	0.702962865358	0.696134075405	0.679846403374	0.703799225867	0.676514582137	0.766584231331	0.715403129114	0.576306886661	0.0	0.694691610195	0.676024956419	0.659655158228	0.626317476556	0.66656472448	0.682399178224	0.669326713199	0.667518431285	0.663459813178	0.680947100418	0.472808128223	0.435747798299	0.69038523387	0.697852326	0.661980022572	0.674435500538	0.681964590744	0.667889128775	0.66976915551	0.673869720184	0.68947908523	0.66969484741	0.67802567255	0.665740464185	0.682056273154	0.678978421753	0.662799006206	0.663576189865
AB5	0.669473324137	0.666507535057	0.692286955503	0.681154893853	0.687849642388	0.672077517685	0.656817093566	0.671755386988	0.690682053299	0.683313462925	0.672810889861	0.690984303365	0.695971702773	0.654954669051	0.702298027821	0.673877453049	0.701560746433	0.712183583767	0.771498819402	0.686129534182	0.718327939245	0.703220904069	0.724997891465	0.719953267743	0.734684757814	0.717490445665	0.702559260509	0.707567630371	0.696234825443	0.69788410244	0.762968401547	0.727733286248	0.685309747913	0.694691610195	0.0	0.443639244906	0.648394476698	0.664222741179	0.653301494445	0.63477194587	0.656054058987	0.680525653338	0.679488726838	0.664267611599	0.712802750246	0.700978322039	0.690303398715	0.699535934736	0.675395450755	0.714336262556	0.689203896165	0.689463909924	0.648102852974	0.69208997652	0.69430920244	0.684145295655	0.692650416856	0.695219174941	0.700308643096	0.713048329554	0.659886392337	0.692914084429
AB6	0.678828227114	0.655719718586	0.72730288965	0.680682193928	0.673042363471	0.664122700488	0.669665956856	0.664811256928	0.701512778784	0.668477961239	0.673474418613	0.677407861049	0.702140476179	0.68088749916	0.685638379834	0.660765160445	0.708492899841	0.716366659414	0.785976567468	0.680155472702	0.736127824464	0.708899476959	0.718642676601	0.712334625076	0.753834495387	0.72534054156	0.69787117861	0.709342349606	0.686944393834	0.680990192643	0.773442201153	0.721603633459	0.682679135821	0.676024956419	0.443639244906	0.0	0.663721110319	0.654891100353	0.651231012187	0.638080580126	0.652310169923	0.673440426562	0.672798359136	0.565670185959	0.691121601042	0.665071981838	0.6734694744	0.682601907557	0.672570452304	0.690526648502	0.68319555872	0.682043088196	0.664571305764	0.674494656952	0.688135245605	0.672367250153	0.680773163723	0.687670535189	0.668103169936	0.688180661915	0.662093280843	0.676598644919
AC5	0.639436691672	0.663362205382	0.712605814403	0.665414166986	0.686532685663	0.661120382424	0.678952503263	0.676078231051	0.651021572982	0.678428718598	0.649030292894	0.681461343654	0.688461814443	0.662895427781	0.696940196506	0.666584872562	0.671527447353	0.673505609542	0.76719749751	0.663367168391	0.707067534883	0.685485746081	0.702915029535	0.699483710637	0.740291056625	0.711880616927	0.683190788728	0.69675887427	0.669788660416	0.645047826024	0.75366476066	0.70162206404	0.640004972569	0.659655158228	0.648394476698	0.663721110319	0.0	0.485525929002	0.625139912294	0.653807437075	0.663212916093	0.66582324086	0.597652886925	0.665133114713	0.659078846521	0.657111082744	0.649401760266	0.683161095866	0.636863979725	0.684404687173	0.653490224541	0.669437381367	0.645145118178	0.665907080913	0.627620661444	0.665772076426	0.640748190115	0.672680429175	0.656147163012	0.693720202474	0.652719407931	0.687961510082
AC6	0.65855266161	0.630877623596	0.726778518832	0.662769965937	0.676174500274	0.656001174659	0.657493202582	0.673597903122	0.683575653408	0.665839379004	0.662877084826	0.659682115996	0.67340338619	0.667362622883	0.685059334786	0.651990547849	0.684465252921	0.684371055709	0.766967660241	0.651226594926	0.711395325994	0.686804501392	0.688625246497	0.682175402769	0.74561385426	0.701521458784	0.67733410968	0.689989847328	0.678085671066	0.647548382716	0.754120429385	0.711695007411	0.640472115992	0.626317476556	0.664222741179	0.654891100353	0.485525929002	0.0	0.617451466591	0.64466380933	0.646317553738	0.552982249825	0.515064681321	0.641366347654	0.653424573341	0.632084488991	0.644438639946	0.659515722099	0.6142728407	0.656566720879	0.631279248847	0.659156407826	0.647365097798	0.664597696965	0.653235851854	0.658483546369	0.619862645452	0.671755712497	0.646550864793	0.658737193795	0.650456589197	0.667665262534
AD6	0.663089868726	0.638172779017	0.748490282976	0.681974653692	0.675451192559	0.654755851038	0.623610818804	0.637571429185	0.689270694692	0.640755033555	0.668889501492	0.666976770061	0.690186012026	0.675098833099	0.692871201831	0.635246642947	0.70175880104	0.695576941273	0.787151182494	0.670843158916	0.708509888312	0.677883027477	0.703165596536	0.700639164215	0.757245348982	0.707476451122	0.669762419792	0.673242073371	0.692781700468	0.663318915324	0.75496227335	0.713779322088	0.68156140856	0.66656472448	0.653301494445	0.651231012187	0.625139912294	0.617451466591	0.0	0.4870231047	0.401871257403	0.656711457988	0.648171600309	0.662149346816	0.6636790953	0.667063265126	0.656307243501	0.662763760484	0.641763517401	0.65572564662	0.662468139143	0.675566955541	0.632929142684	0.621142113899	0.643186358156	0.635111983221	0.64636709833	0.68469124978	0.635042372128	0.655592311944	0.620802009786	0.627743498764
AE5	0.676354677921	0.664250392389	0.724005553282	0.683020473329	0.663769157178	0.65694836542	0.640623975377	0.646284172773	0.686244231448	0.649333269409	0.676856589792	0.649100588013	0.690428510521	0.669911902881	0.698203945746	0.670048865945	0.729263775012	0.70773731795	0.783180012116	0.684954351582	0.731614380713	0.705220285255	0.721757103956	0.719317411869	0.760389434453	0.717563128591	0.711128625684	0.700708932494	0.710200439535	0.686267363851	0.76101293147	0.727793307552	0.688629149707	0.682399178224	0.63477194587	0.638080580126	0.653807437075	0.64466380933	0.4870231047	0.0	0.392299036662	0.671794537877	0.652555264655	0.678421039743	0.685716375084	0.683782764326	0.675421297106	0.69003761168	0.652216364358	0.658432967275	0.676404321982	0.685583948414	0.636540099213	0.637572930386	0.65073771123	0.645423319793	0.660515470696	0.68266905911	0.662092958646	0.643702414206	0.63901442761	0.659063532301
AE6	0.682924178374	0.658503147101	0.75930591593	0.704486312642	0.656571047265	0.647672794202	0.627755438271	0.618485072601	0.689542941712	0.637203694177	0.677981982609	0.6450616524	0.702659003337	0.69900663473	0.682736323224	0.651437093248	0.723323889515	0.69630353328	0.802642429441	0.674510806668	0.729939841848	0.691261354271	0.71517626174	0.70902800541	0.763459182856	0.705979783859	0.688728158509	0.683957634109	0.704785622099	0.671164474011	0.75656729497	0.707721703934	0.695639180951	0.669326713199	0.656054058987	0.652310169923	0.663212916093	0.646317553738	0.401871257403	0.392299036662	0.0	0.65936264288	0.646858070431	0.669365137538	0.676997263512	0.662025839506	0.682283686912	0.664194696352	0.654417662988	0.643234540702	0.687232367431	0.689166270657	0.646278217182	0.636707896058	0.653568351824	0.643414552046	0.672137635844	0.682103745587	0.663246355895	0.644866251469	0.645034606409	0.624268671604
AF5	0.666699491176	0.658537049268	0.709130285304	0.651662685782	0.656448620566	0.658816172315	0.682279294606	0.681757446693	0.655593551408	0.681126695364	0.673374971568	0.660950585742	0.661827752474	0.648322980982	0.680812474106	0.667530576005	0.685535244361	0.675928195358	0.729925497901	0.644268574751	0.700544759507	0.67973764736	0.669978332553	0.65923521177	0.728062962065	0.68262820132	0.676854424628	0.673901944292	0.681638771172	0.664985367407	0.723308098962	0.687818440931	0.631894486059	0.667518431285	0.680525653338	0.673440426562	0.66582324086	0.552982249825	0.656711457988	0.671794537877	0.65936264288	0.0	0.462600392646	0.660372765871	0.708144173208	0.6872289021	0.693591275415	0.686710220866	0.660171472345	0.662580346018	0.691898039628	0.716565983704	0.672211342567	0.690314828432	0.680431955329	0.690972527953	0.666732094119	0.704683551601	0.677416701272	0.665612944659	0.661532207194	0.701622791126
AF6	0.669016024438	0.642160400885	0.717257650353	0.659713422697	0.656080090445	0.655254251141	0.668964209449	0.659562215759	0.665114138822	0.669629314596	0.680812475797	0.640271269543	0.661172709628	0.642042687242	0.657044264143	0.644497820432	0.697859450346	0.682707159927	0.741950577661	0.655815857729	0.718866081343	0.687929289697	0.691705062122	0.679919212298	0.736987076968	0.682754308963	0.658922941521	0.68222415583	0.682231408674	0.659722980538	0.740474067217	0.68217781816	0.624932215296	0.663459813178	0.679488726838	0.672798359136	0.597652886925	0.515064681321	0.648171600309	0.652555264655	0.646858070431	0.462600392646	0.0	0.630075795104	0.723685755622	0.688267285122	0.665580132453	0.671002311162	0.658691849009	0.646386256562	0.676929069512	0.707494813988	0.672239907203	0.677364277368	0.6710963738	0.678950670531	0.660968334339	0.679249853375	0.656130494069	0.661410616303	0.660858004406	0.676268539997
