	AA3	AA4	AB3	AB4	AC3	AC4	AD3	AD4	AE3	AE4	AF3	AF4	AG3	AG4	AH3	AH4	AA7	AA8	AB7	AB8	AC7	AC8	AD7	AD8	AE7	AE8	AF7	AF8	AG7	AG8	AH7	AH8	AA5	AA6	AB5	AB6	AC5	AC6	AD6	AE5	AE6	AF5	AF6	AG5	AH5	AH6	AA1	AA2	AB1	AB2	AC1	AC2	AD1	AD2	AE1	AE2	AF1	AF2	AG1	AG2	AH1	AH2
AA3	0.0	0.4919870673	0.664921269651	0.634485318482	0.680846649409	0.663461510566	0.707186675974	0.683886569342	0.673697791919	0.684975147729	0.650249144373	0.672148470655	0.655658281087	0.63881409125	0.676957302036	0.496122526872	0.679690152003	0.685991943918	0.758454138589	0.693868374477	0.693381805446	0.688281879502	0.683969518633	0.690546216944	0.729934880613	0.701897851288	0.669781957366	0.69087089157	0.71031984615	0.680427696755	0.740900493935	0.694827038484	0.6624969394	0.683112671704	0.69348518758	0.687823954345	0.650276049938	0.647540525716	0.692655221082	0.686369342052	0.686520225019	0.666252306914	0.65583190148	0.658038308253	0.711683206322	0.70217710229	0.664260948215	0.695082903419	0.660016728818	0.693656457036	0.680121882924	0.685188368073	0.645851491175	0.665615716185	0.673005931603	0.671172325147	0.6578573787	0.684154228803	0.650764075187	0.697594321068	0.650714778292	0.685494251374
AA4	0.4919870673	0.0	0.692796812321	0.621836095311	0.661080078114	0.646289052897	0.673540386586	0.649742762799	0.677502192572	0.653826500431	0.653509113226	0.640918861168	0.666424812237	0.622831358706	0.493166562071	0.363912446712	0.689938656608	0.672531496187	0.772664953159	0.684705578829	0.714201153608	0.66847352058	0.680346942364	0.679790886267	0.729503766633	0.684517280542	0.659723569856	0.674496117346	0.698628660832	0.673130532399	0.741480699736	0.688148696987	0.685952510816	0.674236310405	0.65682408526	0.637278017807	0.65263001628	0.6364044356	0.656140848453	0.661380887778	0.63846570515	0.662534141095	0.635820887962	0.635727198739	0.688764574944	0.671483949733	0.654315614546	0.65337738034	0.652107126322	0.65748468939	0.657062946048	0.658171708719	0.64280835176	0.644855141714	0.654087155103	0.644519077498	0.647709319671	0.660460261941	0.649673605997	0.644867647669	0.641392788912	0.639349439167
AB3	0.664921269651	0.692796812321	0.0	0.638564034535	0.723933132017	0.736433437881	0.750813958059	0.751027572855	0.727639347172	0.752890367717	0.692621880415	0.7408701931	0.714707238286	0.572035700581	0.703450835328	0.706560003793	0.714891528594	0.744011087495	0.747920504862	0.71635342297	0.728379258941	0.73799631656	0.707471566228	0.737683255415	0.730020464227	0.733754770266	0.706507335259	0.733284747482	0.703430649537	0.71142363468	0.761048914848	0.743956156218	0.731991522913	0.77333058205	0.7318240754	0.759489156393	0.70482825121	0.722244686208	0.767403187077	0.753265100816	0.763325828038	0.724418836133	0.72221891043	0.736616510407	0.784366057893	0.790166978924	0.762588826999	0.776744389241	0.721971085192	0.773574967614	0.745070456819	0.765029813553	0.745598500882	0.769218528429	0.75198218203	0.761169048736	0.749980209411	0.767043837769	0.752016709966	0.775409203496	0.734898573606	0.758929477615
AB4	0.634485318482	0.621836095311	0.638564034535	0.0	0.684593114856	0.678468697517	0.702342830881	0.684345501018	0.673782872007	0.695742570852	0.658256878293	0.675211378814	0.415528521252	0.42038560604	0.680299748685	0.650549983037	0.695278658593	0.684505099205	0.746622103904	0.677355770937	0.689066550713	0.679839321712	0.688548488363	0.688562120652	0.71431437093	0.695496946841	0.670323438266	0.674320748244	0.678069405596	0.670928314258	0.741199299895	0.701561871427	0.707536093408	0.706918647086	0.686343487595	0.679095914041	0.668814007137	0.662750663399	0.699745619767	0.683827323579	0.685241376764	0.658648740077	0.6467292395	0.65814685549	0.714333983973	0.708865332764	0.698861502838	0.703318499188	0.641140166336	0.684814266091	0.690661467561	0.700417263273	0.66816634234	0.682445161785	0.69164453443	0.684618124977	0.691956651947	0.719956327098	0.695556363778	0.687541203219	0.671951460007	0.68216216862
AC3	0.680846649409	0.661080078114	0.723933132017	0.684593114856	0.0	0.55042823082	0.66991576067	0.675826237627	0.676827301587	0.663059756826	0.688143640746	0.449235703096	0.696547789166	0.707425282413	0.67141675838	0.665705810307	0.681670140758	0.676403663479	0.761087673614	0.678390371801	0.706230714451	0.683963580731	0.721500782702	0.706872356119	0.714559941915	0.708600992306	0.712581649315	0.691740925699	0.713251621515	0.68849950821	0.73128305151	0.695983673511	0.691670164357	0.695577976559	0.693963093971	0.689804246777	0.682152129874	0.66804492517	0.691704538696	0.649096581869	0.666229175179	0.671022102364	0.681738211688	0.658474928579	0.72489858545	0.697876748593	0.722335866197	0.707677156492	0.684633697071	0.686356812677	0.693982134063	0.697317185187	0.695192912697	0.689986600115	0.679978436573	0.676560781516	0.705496232503	0.714131083269	0.692000066376	0.67820858475	0.686686374938	0.693592726149
AC4	0.663461510566	0.646289052897	0.736433437881	0.678468697517	0.55042823082	0.0	0.65996051526	0.638962125157	0.677135482329	0.649949613171	0.491539910422	0.424405351843	0.689488327608	0.69832145106	0.684112462264	0.658640857992	0.691563164721	0.678984268776	0.765531031773	0.673794442875	0.710515976434	0.679356529983	0.701299430878	0.689224239911	0.745302250355	0.702207418103	0.682448584401	0.676510148441	0.692344477279	0.659397412293	0.744390186501	0.685706378057	0.672893694324	0.647789885681	0.665325570371	0.674238342923	0.660364740227	0.620977399946	0.659888581929	0.645708711816	0.641400158977	0.658192785465	0.654767753905	0.654058584079	0.69233873237	0.665237175719	0.713607452277	0.696214705562	0.682102711154	0.663318349026	0.682168798767	0.672066547373	0.673202714955	0.683583198187	0.687939089737	0.689481085838	0.66152241553	0.685374618907	0.671272186707	0.66413638843	0.665480744568	0.694445417388
AD3	0.707186675974	0.673540386586	0.750813958059	0.702342830881	0.66991576067	0.65996051526	0.0	0.438649062271	0.687909862856	0.391228309935	0.706750928125	0.653539778707	0.717300380552	0.677945269851	0.695562450692	0.681299356663	0.714485573115	0.691728743419	0.777101954035	0.675384646192	0.720284927887	0.684429857582	0.714854720043	0.698276998207	0.726270122718	0.69784743842	0.70509680894	0.690341404864	0.695594198038	0.668589560311	0.732208859292	0.697654635656	0.719617829826	0.674139308688	0.670386548247	0.679409366729	0.681764892748	0.659966151414	0.653065367905	0.641815164108	0.624646198175	0.681295269151	0.677630350051	0.68876041597	0.695750550361	0.691202896602	0.704927559587	0.672074491192	0.688405310371	0.679488691333	0.705317131192	0.678461822737	0.688653258711	0.680297217774	0.692744580316	0.690461365961	0.691011714955	0.7043644634	0.709386711281	0.662379016521	0.70741246049	0.666069106257
AD4	0.683886569342	0.649742762799	0.751027572855	0.684345501018	0.675826237627	0.638962125157	0.438649062271	0.0	0.594658902788	0.401798471407	0.669126218862	0.643854717723	0.695562816067	0.672196477676	0.671253175679	0.658472138594	0.69096038223	0.678638513126	0.775637424131	0.65558378001	0.698816911255	0.658687721598	0.678285973165	0.669047787128	0.73627917936	0.67150652998	0.667822557402	0.670146567688	0.662291214498	0.65210521324	0.734831128387	0.677917703693	0.68921747111	0.646225504206	0.651539141199	0.655758579182	0.654576402727	0.632004676944	0.649824242219	0.631413997409	0.609565546654	0.672065412472	0.662441301648	0.666947321047	0.662942123144	0.66778046071	0.686063526953	0.65648010463	0.665632841925	0.655953042094	0.679842065491	0.671546471923	0.658993582495	0.657797398627	0.662053350465	0.665536870019	0.6776860641	0.689062550727	0.690422104894	0.647032574613	0.676315351854	0.642740303079
AE3	0.673697791919	0.677502192572	0.727639347172	0.673782872007	0.676827301587	0.677135482329	0.687909862856	0.594658902788	0.0	0.630199471685	0.658168598294	0.684846622331	0.688280242331	0.693357584517	0.675586460937	0.69248788665	0.674160252041	0.69433901959	0.767422718963	0.700575949402	0.726816868101	0.710727019549	0.668902791461	0.694658627965	0.752121366501	0.694762749393	0.677084471757	0.707057887579	0.668875002135	0.669572877589	0.734434098224	0.698365720512	0.633649135784	0.715265044342	0.701533307926	0.716159776595	0.660096272851	0.677590290295	0.697046768882	0.680497393491	0.687784744595	0.666992161985	0.686266645234	0.663056143784	0.735056106592	0.722765132306	0.707086323912	0.730683972185	0.701498290431	0.723720081133	0.704764169982	0.712624141337	0.703117362368	0.69550909233	0.66069524057	0.70922520447	0.693641128009	0.742607470049	0.703593293867	0.72093055833	0.661594441951	0.719468339272
AE4	0.684975147729	0.653826500431	0.752890367717	0.695742570852	0.663059756826	0.649949613171	0.391228309935	0.401798471407	0.630199471685	0.0	0.694788705481	0.633573012857	0.697148121313	0.689459825234	0.690305902628	0.664741839911	0.703196436225	0.67660451622	0.775884164021	0.649370122175	0.706913810207	0.673917194353	0.688264938494	0.676669399261	0.72445803094	0.674898558864	0.700297108825	0.688230695159	0.681838432881	0.645124710924	0.733524541673	0.669262733344	0.717288146565	0.668206468963	0.671239446262	0.659347111663	0.667617313332	0.649378580339	0.626050516071	0.630068095337	0.612593904562	0.667305721536	0.649118828543	0.668634739051	0.683030267561	0.672264210684	0.665338056894	0.661744725909	0.668563543366	0.666021603909	0.677970298468	0.652865442855	0.670750180545	0.652270951837	0.659885272209	0.659127537181	0.673806319038	0.680024426234	0.680980341936	0.655875654964	0.681154593803	0.656674921091
AF3	0.650249144373	0.653509113226	0.692621880415	0.658256878293	0.688143640746	0.491539910422	0.706750928125	0.669126218862	0.658168598294	0.694788705481	0.0	0.552641015696	0.65823959069	0.686607486981	0.663355063386	0.665001003707	0.661943579044	0.683329979994	0.75844649415	0.68261471369	0.686298849868	0.699979368755	0.681107641768	0.69906350282	0.759837324041	0.709024769488	0.692181426006	0.719822107001	0.696210128856	0.66407977227	0.715160231655	0.688003570105	0.660640417927	0.673484429238	0.676913771909	0.687122784966	0.655868534544	0.6442028871	0.687650175745	0.667001884705	0.683418838369	0.686288809861	0.667538583353	0.647237487336	0.697379889857	0.675633675828	0.713401108422	0.707217845068	0.6948520395	0.714608771436	0.707944260738	0.712077924897	0.709898222883	0.707645688909	0.692797397546	0.711862706416	0.674466029091	0.702850224947	0.677307133778	0.713802113494	0.656173699788	0.716706929223
AF4	0.672148470655	0.640918861168	0.7408701931	0.675211378814	0.449235703096	0.424405351843	0.653539778707	0.643854717723	0.684846622331	0.633573012857	0.552641015696	0.0	0.698146021012	0.694790000431	0.669276871834	0.648214323893	0.700028773394	0.687386564905	0.764082881131	0.674458864539	0.690828854866	0.668382535616	0.712298519182	0.699818459421	0.725545706636	0.699533857459	0.709681842743	0.691134910252	0.708513029671	0.669683167626	0.737303071405	0.688682234955	0.685053368304	0.655798108119	0.678140637321	0.660848619057	0.667641695461	0.643123317799	0.668455512493	0.648071086245	0.641966824697	0.672700960119	0.661207037381	0.645836678776	0.679026058745	0.652327416831	0.703771768373	0.676661234093	0.674535276976	0.667406011544	0.683278836796	0.674759391884	0.6858153126	0.676736232116	0.674867696851	0.667941102882	0.69213373501	0.674316763601	0.689449095424	0.66871231046	0.670614614307	0.687564653365
AG3	0.655658281087	0.666424812237	0.714707238286	0.415528521252	0.696547789166	0.689488327608	0.717300380552	0.695562816067	0.688280242331	0.697148121313	0.65823959069	0.698146021012	0.0	0.477323924402	0.682125386662	0.665816249899	0.676159272648	0.681731509512	0.771130894987	0.696336812299	0.680934111011	0.695314218221	0.675989183389	0.693946373748	0.724213724296	0.696584682787	0.685536062263	0.703135166742	0.69319242809	0.680211977045	0.731373669208	0.698654272016	0.698368003238	0.713545659797	0.701129181178	0.699160436057	0.674365201224	0.669144225409	0.703272060486	0.692533972044	0.703018169884	0.668209731194	0.662101600265	0.684798766185	0.709917610055	0.715103961513	0.693805854044	0.711608340773	0.654597002223	0.695276531766	0.699775850288	0.701138750285	0.689349969056	0.685116697652	0.66881434934	0.68039289499	0.703194375974	0.716868274043	0.69783261214	0.682660797687	0.689350514321	0.702556125833
AG4	0.63881409125	0.622831358706	0.572035700581	0.42038560604	0.707425282413	0.69832145106	0.677945269851	0.672196477676	0.693357584517	0.689459825234	0.686607486981	0.694790000431	0.477323924402	0.0	0.679636841006	0.629724342108	0.710362193818	0.705582057815	0.734907036476	0.679638024799	0.705139921033	0.677765619156	0.682957279158	0.697400097446	0.704388320017	0.691160558703	0.668064628785	0.680542281024	0.67541567612	0.679533838546	0.746546537152	0.703174896077	0.715208712204	0.721881724482	0.692105307034	0.706703655534	0.669049003166	0.668208047832	0.693562518344	0.687072980321	0.669646255997	0.650710337049	0.648401144421	0.701872499438	0.716948932135	0.724156148378	0.708884028396	0.694125992528	0.638109057886	0.700370185319	0.693278270275	0.705829445597	0.689282157189	0.689262064727	0.707334976593	0.704648891613	0.703645717645	0.719962213553	0.7131485666	0.692257207202	0.675249800128	0.681803398167
AH3	0.676957302036	0.493166562071	0.703450835328	0.680299748685	0.67141675838	0.684112462264	0.695562450692	0.671253175679	0.675586460937	0.690305902628	0.663355063386	0.669276871834	0.682125386662	0.679636841006	0.0	0.539511994628	0.678988250929	0.693651312675	0.773166036283	0.700007851372	0.712055760559	0.701875947487	0.688723982374	0.694044971753	0.730442773123	0.688726459291	0.690911806446	0.702500225291	0.69335764218	0.689925421309	0.747463013217	0.701991384781	0.681087513328	0.721387548442	0.691079622468	0.687701693095	0.673698217589	0.67328109416	0.694547151645	0.691011118908	0.67793659368	0.690968621619	0.67064249921	0.682368533819	0.727076030173	0.720341519449	0.690653687659	0.697934636784	0.700268605775	0.707377170752	0.699840508195	0.714163752395	0.698440243304	0.699084590198	0.675531156201	0.702930740968	0.706661982827	0.710571707974	0.70825184181	0.695447068068	0.692405155394	0.691707689684
AH4	0.496122526872	0.363912446712	0.706560003793	0.650549983037	0.665705810307	0.658640857992	0.681299356663	0.658472138594	0.69248788665	0.664741839911	0.665001003707	0.648214323893	0.665816249899	0.629724342108	0.539511994628	0.0	0.698123909324	0.700537837027	0.777960795684	0.695508200913	0.708831981335	0.67263319691	0.683078865244	0.67875710598	0.733941275336	0.676772950565	0.669957902086	0.676169969837	0.698604883363	0.679236570379	0.751443685262	0.700488303699	0.692680127663	0.691845668026	0.673742644457	0.660899922469	0.660330196337	0.64464461061	0.656365102516	0.664189229045	0.642024965153	0.668009853944	0.653912749383	0.659015062597	0.688812255718	0.677572894176	0.663957432894	0.650087369448	0.65695471954	0.681525812265	0.658978662309	0.668875640995	0.660961576794	0.643163742759	0.660607418936	0.659029278934	0.667982589775	0.67462916443	0.661116414908	0.657864233848	0.660935097049	0.637808843748
AA7	0.679690152003	0.689938656608	0.714891528594	0.695278658593	0.681670140758	0.691563164721	0.714485573115	0.69096038223	0.674160252041	0.703196436225	0.661943579044	0.700028773394	0.676159272648	0.710362193818	0.678988250929	0.698123909324	0.0	0.50076900388	0.768272885775	0.684125886641	0.655184501542	0.667440736009	0.650195409847	0.679013241612	0.70202037172	0.700137405294	0.661906186558	0.668145107318	0.673734985417	0.669895841552	0.705324181977	0.533283011726	0.675700181176	0.728914667215	0.707082696726	0.714844893505	0.669081727255	0.675340581291	0.712668876448	0.727312104741	0.718356975922	0.700975057504	0.683686972092	0.698499446356	0.730483569214	0.71709142927	0.734648369906	0.728338306276	0.719103712753	0.748761814629	0.704821648451	0.733096147514	0.70249924748	0.704805050948	0.683106205015	0.717332997878	0.733523577129	0.739681758926	0.731539488228	0.733076775812	0.688512980378	0.711437747345
AA8	0.685991943918	0.672531496187	0.744011087495	0.684505099205	0.676403663479	0.678984268776	0.691728743419	0.678638513126	0.69433901959	0.67660451622	0.683329979994	0.687386564905	0.681731509512	0.705582057815	0.693651312675	0.700537837027	0.50076900388	0.0	0.768877327825	0.656696164438	0.634722071711	0.633763483697	0.677769556799	0.669397915175	0.693000020408	0.674787966412	0.673234637091	0.640345665914	0.653604436704	0.643743955297	0.544950409155	0.368299640902	0.691977294909	0.715620047271	0.720122498188	0.713406717956	0.69150160122	0.691114043044	0.718920940342	0.698459284934	0.695184997672	0.702473820151	0.696025394306	0.693448958171	0.7240694572	0.704029360378	0.721525998837	0.71009217119	0.704637763262	0.724979162034	0.710228378876	0.72548964236	0.688291821505	0.678172602233	0.688738203799	0.69865764906	0.736473226296	0.734164409458	0.736324269886	0.721211069836	0.697840675949	0.692361427739
AB7	0.758454138589	0.772664953159	0.747920504862	0.746622103904	0.761087673614	0.765531031773	0.777101954035	0.775637424131	0.767422718963	0.775884164021	0.75844649415	0.764082881131	0.771130894987	0.734907036476	0.773166036283	0.777960795684	0.768272885775	0.768877327825	0.0	0.580321041807	0.7480646803	0.745134517481	0.778392297742	0.788577991642	0.745712327825	0.782168104206	0.777804052719	0.782754387255	0.75563494316	0.614368266542	0.761164433889	0.751123817859	0.778683053835	0.802200852158	0.781923787986	0.795522090059	0.756875734179	0.76172962243	0.810854749139	0.786732818248	0.791015076338	0.736443257262	0.750907307092	0.77899997851	0.812541856762	0.801910333053	0.82478054639	0.808068607022	0.774283689986	0.806147842464	0.808442705593	0.809326908529	0.798128502735	0.80372251577	0.784405814016	0.803437485114	0.796360426082	0.815508052729	0.809354824668	0.806739428543	0.786925138757	0.814422430936
AB8	0.693868374477	0.684705578829	0.71635342297	0.677355770937	0.678390371801	0.673794442875	0.675384646192	0.65558378001	0.700575949402	0.649370122175	0.68261471369	0.674458864539	0.696336812299	0.679638024799	0.700007851372	0.695508200913	0.684125886641	0.656696164438	0.580321041807	0.0	0.654855693316	0.625995357968	0.681697099783	0.672026054034	0.694118417322	0.677424143592	0.664372168779	0.667111847888	0.51097782426	0.384985003831	0.700723198105	0.633186378627	0.708681877399	0.694782976766	0.69596072904	0.698769010518	0.668035278452	0.652108905311	0.704582935383	0.678439990026	0.668473373293	0.673648429783	0.655519864312	0.663263279997	0.699331790962	0.686808244733	0.733787938212	0.702787225757	0.670173083489	0.708809223267	0.687426648497	0.707063195859	0.670253882875	0.693118431872	0.686352066575	0.690571981422	0.695298197045	0.722519163119	0.706892016984	0.70595705783	0.679178986017	0.707069442591
AC7	0.693381805446	0.714201153608	0.728379258941	0.689066550713	0.706230714451	0.710515976434	0.720284927887	0.698816911255	0.726816868101	0.706913810207	0.686298849868	0.690828854866	0.680934111011	0.705139921033	0.712055760559	0.708831981335	0.655184501542	0.634722071711	0.7480646803	0.654855693316	0.0	0.494967807727	0.678411627616	0.684083029806	0.686262521567	0.686363582449	0.699413428111	0.621465484053	0.624631392376	0.638939873138	0.660376091385	0.651851425212	0.719910745844	0.707412960637	0.732703992859	0.74545144113	0.710512889319	0.712631195088	0.720777271905	0.725823657135	0.716329836649	0.708751273671	0.711480165165	0.695540210989	0.691624637677	0.697637904708	0.752655691567	0.744073978104	0.699162797507	0.736248265068	0.748221448212	0.749241007729	0.707174521364	0.682310581395	0.702132801096	0.69907387595	0.749967532409	0.73884826907	0.747637866842	0.734325366299	0.703474096949	0.733793805116
AC8	0.688281879502	0.66847352058	0.73799631656	0.679839321712	0.683963580731	0.679356529983	0.684429857582	0.658687721598	0.710727019549	0.673917194353	0.699979368755	0.668382535616	0.695314218221	0.677765619156	0.701875947487	0.67263319691	0.667440736009	0.633763483697	0.745134517481	0.625995357968	0.494967807727	0.0	0.689357846081	0.673727039453	0.699509319279	0.677700669563	0.528936023792	0.458907091747	0.655257853895	0.620961084622	0.70207504455	0.640781954572	0.715772326909	0.671884014316	0.711941610114	0.708528036266	0.68301237471	0.684200347573	0.689027231408	0.700130666077	0.671381671214	0.694967000923	0.67278607942	0.681332102429	0.670368529517	0.664575457787	0.72679763788	0.697808551376	0.672159338661	0.699809348833	0.697890908037	0.692109102974	0.672783938042	0.651298419046	0.679290106993	0.659733903152	0.707492451312	0.68989746984	0.709475762639	0.697778364597	0.666282492546	0.692862439068
AD7	0.683969518633	0.680346942364	0.707471566228	0.688548488363	0.721500782702	0.701299430878	0.714854720043	0.678285973165	0.668902791461	0.688264938494	0.681107641768	0.712298519182	0.675989183389	0.682957279158	0.688723982374	0.683078865244	0.650195409847	0.677769556799	0.778392297742	0.681697099783	0.678411627616	0.689357846081	0.0	0.456470638703	0.697648597191	0.487612710642	0.656000246985	0.674150587785	0.662319317845	0.667718410398	0.702813459481	0.659456483605	0.661950790314	0.705031786158	0.725354595239	0.716157837625	0.684300292475	0.669401535474	0.699450800931	0.704324002689	0.693125545829	0.672770925154	0.675602283984	0.681239365115	0.690363668382	0.695800008006	0.713190137533	0.710374591217	0.675210464922	0.723967308539	0.697779450466	0.719770184598	0.699141524016	0.672914124218	0.662139946336	0.70054622243	0.692001633685	0.733408994268	0.708596458686	0.706176867065	0.661113759017	0.69933429943
AD8	0.690546216944	0.679790886267	0.737683255415	0.688562120652	0.706872356119	0.689224239911	0.698276998207	0.669047787128	0.694658627965	0.676669399261	0.69906350282	0.699818459421	0.693946373748	0.697400097446	0.694044971753	0.67875710598	0.679013241612	0.669397915175	0.788577991642	0.672026054034	0.684083029806	0.673727039453	0.456470638703	0.0	0.602243097761	0.385635299824	0.64132097781	0.653803300562	0.661599910394	0.670853514891	0.708086416425	0.673858434649	0.685444813414	0.700639577659	0.724865987909	0.705049280444	0.685308799887	0.658690818489	0.708924818215	0.689601375756	0.693085988996	0.694741062157	0.682771215922	0.680623923192	0.6872397998	0.68764982983	0.705647173887	0.700632710553	0.673045786921	0.710679955683	0.683874469158	0.711718375383	0.685352822527	0.672502820588	0.663756745054	0.689243527919	0.701552167285	0.718957548291	0.707454279672	0.706198637908	0.686029851393	0.696516707751
AE7	0.729934880613	0.729503766633	0.730020464227	0.71431437093	0.714559941915	0.745302250355	0.726270122718	0.73627917936	0.752121366501	0.72445803094	0.759837324041	0.725545706636	0.724213724296	0.704388320017	0.730442773123	0.733941275336	0.70202037172	0.693000020408	0.745712327825	0.694118417322	0.686262521567	0.699509319279	0.697648597191	0.602243097761	0.0	0.53189497672	0.720716558276	0.691654963438	0.684559365672	0.698033959741	0.732322554835	0.699878240703	0.744977930703	0.765309689901	0.74652741115	0.752240249245	0.729920154227	0.734378287583	0.761000310323	0.753697421641	0.761737421279	0.747246277388	0.727566925605	0.735775893526	0.74958906527	0.760942229461	0.767902266203	0.780498745614	0.723695347722	0.767932908255	0.763885638206	0.789943871005	0.745785032555	0.744929426619	0.735908476183	0.749896391532	0.783044507186	0.794322427163	0.786205811394	0.766382717076	0.753406429705	0.770689032568
AE8	0.701897851288	0.684517280542	0.733754770266	0.695496946841	0.708600992306	0.702207418103	0.69784743842	0.67150652998	0.694762749393	0.674898558864	0.709024769488	0.699533857459	0.696584682787	0.691160558703	0.688726459291	0.676772950565	0.700137405294	0.674787966412	0.782168104206	0.677424143592	0.686363582449	0.677700669563	0.487612710642	0.385635299824	0.53189497672	0.0	0.659621304033	0.652670216875	0.664089589818	0.659770871341	0.713063427747	0.672724868768	0.698785159599	0.709359859607	0.733818880582	0.721224382946	0.70365100828	0.687773952164	0.718161475848	0.706025573205	0.69552113093	0.690024215878	0.697577690267	0.69413328849	0.691853043033	0.695978915037	0.712063862054	0.703231672041	0.680948619576	0.721310480573	0.705246343645	0.72336555657	0.702327181342	0.664892879309	0.674846680395	0.691764168037	0.719849089052	0.731777098715	0.727524945663	0.707975208711	0.702005898002	0.696053692246
AF7	0.669781957366	0.659723569856	0.706507335259	0.670323438266	0.712581649315	0.682448584401	0.70509680894	0.667822557402	0.677084471757	0.700297108825	0.692181426006	0.709681842743	0.685536062263	0.668064628785	0.690911806446	0.669957902086	0.661906186558	0.673234637091	0.777804052719	0.664372168779	0.699413428111	0.528936023792	0.656000246985	0.64132097781	0.720716558276	0.659621304033	0.0	0.435354012844	0.635043893444	0.644814921728	0.716453534156	0.677723819409	0.666704208098	0.708472979979	0.702480817292	0.700984448554	0.686122218175	0.661178379124	0.691029798166	0.698269230535	0.685665369297	0.681084159061	0.692676822933	0.681906018748	0.712588676033	0.71387709395	0.712683197393	0.699089710355	0.67933920939	0.7113581519	0.684941362527	0.693160616453	0.680997045488	0.673222610027	0.669670093602	0.687589498067	0.67296693098	0.710150586203	0.687495044386	0.702835750423	0.677003197868	0.667843928692
AF8	0.69087089157	0.674496117346	0.733284747482	0.674320748244	0.691740925699	0.676510148441	0.690341404864	0.670146567688	0.707057887579	0.688230695159	0.719822107001	0.691134910252	0.703135166742	0.680542281024	0.702500225291	0.676169969837	0.668145107318	0.640345665914	0.782754387255	0.667111847888	0.621465484053	0.458907091747	0.674150587785	0.653803300562	0.691654963438	0.652670216875	0.435354012844	0.0	0.650225822054	0.660824771946	0.692681409978	0.651069810485	0.700658962374	0.697318851197	0.704098409269	0.711221486321	0.69967886139	0.668231202038	0.678686618162	0.6925255081	0.677891457242	0.687437170461	0.689096307701	0.673461934735	0.709445595418	0.706383724666	0.724801507392	0.706457977453	0.666596122982	0.691266854443	0.710733273868	0.712447206373	0.661231577332	0.657870567894	0.694026132685	0.663651201141	0.691705158654	0.723220105056	0.709576821575	0.684286317297	0.698624283734	0.68470369484
AG7	0.71031984615	0.698628660832	0.703430649537	0.678069405596	0.713251621515	0.692344477279	0.695594198038	0.662291214498	0.668875002135	0.681838432881	0.696210128856	0.708513029671	0.69319242809	0.67541567612	0.69335764218	0.698604883363	0.673734985417	0.653604436704	0.75563494316	0.51097782426	0.624631392376	0.655257853895	0.662319317845	0.661599910394	0.684559365672	0.664089589818	0.635043893444	0.650225822054	0.0	0.464986250902	0.675037377126	0.666976753108	0.678809409993	0.699595532931	0.697408221942	0.705867422437	0.668924947895	0.655227950089	0.705548530232	0.694851373194	0.678358879397	0.676946749401	0.680511819615	0.670410851343	0.69506159955	0.702829128023	0.732973653916	0.72052270839	0.685869051132	0.716536675444	0.684627025221	0.726004273124	0.671173410185	0.693910136582	0.685985561943	0.706669994861	0.69674464377	0.747825767193	0.721059421416	0.716127092931	0.679032953458	0.69615548078
AG8	0.680427696755	0.673130532399	0.71142363468	0.670928314258	0.68849950821	0.659397412293	0.668589560311	0.65210521324	0.669572877589	0.645124710924	0.66407977227	0.669683167626	0.680211977045	0.679533838546	0.689925421309	0.679236570379	0.669895841552	0.643743955297	0.614368266542	0.384985003831	0.638939873138	0.620961084622	0.667718410398	0.670853514891	0.698033959741	0.659770871341	0.644814921728	0.660824771946	0.464986250902	0.0	0.694018300931	0.630022502306	0.690532633825	0.683583311712	0.69220071149	0.686954522622	0.652099057695	0.645419631586	0.688176711241	0.674656196847	0.658882523012	0.669289181197	0.648377728636	0.650212597856	0.684442062167	0.676896896029	0.718241156406	0.701862238665	0.675314844772	0.700970754078	0.67759657973	0.697353135022	0.669822829229	0.673632284297	0.669932771438	0.682733191563	0.675051972398	0.71140209898	0.687714609604	0.699834054148	0.670824335146	0.700963901545
AH7	0.740900493935	0.741480699736	0.761048914848	0.741199299895	0.73128305151	0.744390186501	0.732208859292	0.734831128387	0.734434098224	0.733524541673	0.715160231655	0.737303071405	0.731373669208	0.746546537152	0.747463013217	0.751443685262	0.705324181977	0.544950409155	0.761164433889	0.700723198105	0.660376091385	0.70207504455	0.702813459481	0.708086416425	0.732322554835	0.713063427747	0.716453534156	0.692681409978	0.675037377126	0.694018300931	0.0	0.530038979698	0.724230412158	0.769578494537	0.773953469696	0.768829155881	0.750116142505	0.741977273608	0.758795560036	0.745439161653	0.748656392363	0.748198312649	0.753516591595	0.739303197241	0.76491072147	0.76538390782	0.779186612351	0.76076491667	0.750119027198	0.776926603874	0.776670653819	0.781996610273	0.746911958804	0.733848764537	0.727544406928	0.740824706994	0.771030407075	0.797491535652	0.78041477035	0.764477957025	0.748208044899	0.746639659317
AH8	0.694827038484	0.688148696987	0.743956156218	0.701561871427	0.695983673511	0.685706378057	0.697654635656	0.677917703693	0.698365720512	0.669262733344	0.688003570105	0.688682234955	0.698654272016	0.703174896077	0.701991384781	0.700488303699	0.533283011726	0.368299640902	0.751123817859	0.633186378627	0.651851425212	0.640781954572	0.659456483605	0.673858434649	0.699878240703	0.672724868768	0.677723819409	0.651069810485	0.666976753108	0.630022502306	0.530038979698	0.0	0.70494518293	0.717112382786	0.725335772321	0.713375855218	0.695998747183	0.687779993949	0.717779367876	0.701027800781	0.693725258803	0.701185283639	0.680086966543	0.699169682183	0.721943092605	0.707171267195	0.728628263828	0.717597553308	0.708582818398	0.735871013878	0.715725288891	0.728365402692	0.702070553391	0.677052098443	0.689268993909	0.696192675918	0.728197061739	0.742302788127	0.736544603378	0.721541835076	0.687294423586	0.704447293334
AA5	0.6624969394	0.685952510816	0.731991522913	0.707536093408	0.691670164357	0.672893694324	0.719617829826	0.68921747111	0.633649135784	0.717288146565	0.660640417927	0.685053368304	0.698368003238	0.715208712204	0.681087513328	0.692680127663	0.675700181176	0.691977294909	0.778683053835	0.708681877399	0.719910745844	0.715772326909	0.661950790314	0.685444813414	0.744977930703	0.698785159599	0.666704208098	0.700658962374	0.678809409993	0.690532633825	0.724230412158	0.70494518293	0.0	0.599856145245	0.696739573526	0.717877519582	0.646431041401	0.640677081037	0.713668401713	0.708585415354	0.706324138537	0.664122820262	0.653975407584	0.66138415026	0.73168054816	0.657055538174	0.698920619748	0.724912382012	0.713400502487	0.709331776439	0.71663818599	0.725465961537	0.68275063697	0.712204391351	0.672860187916	0.709256424894	0.658597447669	0.733521329877	0.690597280407	0.696945173744	0.658840108868	0.706005854897
AA6	0.683112671704	0.674236310405	0.77333058205	0.706918647086	0.695577976559	0.647789885681	0.674139308688	0.646225504206	0.715265044342	0.668206468963	0.673484429238	0.655798108119	0.713545659797	0.721881724482	0.721387548442	0.691845668026	0.728914667215	0.715620047271	0.802200852158	0.694782976766	0.707412960637	0.671884014316	0.705031786158	0.700639577659	0.765309689901	0.709359859607	0.708472979979	0.697318851197	0.699595532931	0.683583311712	0.769578494537	0.717112382786	0.599856145245	0.0	0.6953316302	0.687493479229	0.646913443529	0.626003676386	0.683428348845	0.685373839911	0.666175397012	0.684044681168	0.650084993646	0.663079433866	0.474992393903	0.427294723069	0.691050306576	0.693539446969	0.679479382744	0.666918489211	0.682853037696	0.676070944012	0.663925964473	0.688364968887	0.694977590146	0.692216078201	0.660871502254	0.679744283014	0.670091534848	0.668679484746	0.653424946314	0.687012028249
AB5	0.69348518758	0.65682408526	0.7318240754	0.686343487595	0.693963093971	0.665325570371	0.670386548247	0.651539141199	0.701533307926	0.671239446262	0.676913771909	0.678140637321	0.701129181178	0.692105307034	0.691079622468	0.673742644457	0.707082696726	0.720122498188	0.781923787986	0.69596072904	0.732703992859	0.711941610114	0.725354595239	0.724865987909	0.74652741115	0.733818880582	0.702480817292	0.704098409269	0.697408221942	0.69220071149	0.773953469696	0.725335772321	0.696739573526	0.6953316302	0.0	0.442008856797	0.661160586434	0.653383804545	0.677983961744	0.650655254449	0.649470417358	0.693008289532	0.683870007121	0.656504182879	0.714716101041	0.699897915323	0.689200464495	0.706659243902	0.688234667999	0.702621633753	0.695506489418	0.704639895548	0.656555101506	0.699304074071	0.696651664683	0.696360589898	0.698440635269	0.718054431673	0.699385418202	0.704524817631	0.664779523154	0.692208710107
AB6	0.687823954345	0.637278017807	0.759489156393	0.679095914041	0.689804246777	0.674238342923	0.679409366729	0.655758579182	0.716159776595	0.659347111663	0.687122784966	0.660848619057	0.699160436057	0.706703655534	0.687701693095	0.660899922469	0.714844893505	0.713406717956	0.795522090059	0.698769010518	0.74545144113	0.708528036266	0.716157837625	0.705049280444	0.752240249245	0.721224382946	0.700984448554	0.711221486321	0.705867422437	0.686954522622	0.768829155881	0.713375855218	0.717877519582	0.687493479229	0.442008856797	0.0	0.670650636945	0.648396131603	0.665773841573	0.645157237665	0.649725277507	0.685272468223	0.668859201515	0.545884775494	0.69447401373	0.676117910173	0.681760754149	0.688155625845	0.667907757533	0.68838093966	0.683896431824	0.688992147369	0.677433475684	0.685744800209	0.684532615845	0.684270564828	0.702798706073	0.704862880312	0.673323329043	0.699076031475	0.663436852395	0.690077339144
AC5	0.650276049938	0.65263001628	0.70482825121	0.668814007137	0.682152129874	0.660364740227	0.681764892748	0.654576402727	0.660096272851	0.667617313332	0.655868534544	0.667641695461	0.674365201224	0.669049003166	0.673698217589	0.660330196337	0.669081727255	0.69150160122	0.756875734179	0.668035278452	0.710512889319	0.68301237471	0.684300292475	0.685308799887	0.729920154227	0.70365100828	0.686122218175	0.69967886139	0.668924947895	0.652099057695	0.750116142505	0.695998747183	0.646431041401	0.646913443529	0.661160586434	0.670650636945	0.0	0.46270971346	0.657119872694	0.647367121774	0.641255359664	0.653548854116	0.571175012631	0.634833280903	0.661530818984	0.650936556137	0.650367275387	0.680948553311	0.623506252161	0.680687694917	0.649428690206	0.654467230253	0.652990196159	0.654294183525	0.632099031704	0.666511956595	0.639893084496	0.671177874801	0.646735059331	0.683988344127	0.634312442116	0.667513847603
AC6	0.647540525716	0.6364044356	0.722244686208	0.662750663399	0.66804492517	0.620977399946	0.659966151414	0.632004676944	0.677590290295	0.649378580339	0.6442028871	0.643123317799	0.669144225409	0.668208047832	0.67328109416	0.64464461061	0.675340581291	0.691114043044	0.76172962243	0.652108905311	0.712631195088	0.684200347573	0.669401535474	0.658690818489	0.734378287583	0.687773952164	0.661178379124	0.668231202038	0.655227950089	0.645419631586	0.741977273608	0.687779993949	0.640677081037	0.626003676386	0.653383804545	0.648396131603	0.46270971346	0.0	0.64032197224	0.63359750845	0.629080228957	0.571156771877	0.494505145076	0.606670411628	0.652184611927	0.628022305412	0.650772588158	0.664482821231	0.633115106788	0.648080609063	0.639289349328	0.650502604446	0.652899717557	0.651281902064	0.63991617084	0.6692987594	0.602860096602	0.662693300032	0.639098501948	0.642685396043	0.635231190512	0.640162835765
AD6	0.692655221082	0.656140848453	0.767403187077	0.699745619767	0.691704538696	0.659888581929	0.653065367905	0.649824242219	0.697046768882	0.626050516071	0.687650175745	0.668455512493	0.703272060486	0.693562518344	0.694547151645	0.656365102516	0.712668876448	0.718920940342	0.810854749139	0.704582935383	0.720777271905	0.689027231408	0.699450800931	0.708924818215	0.761000310323	0.718161475848	0.691029798166	0.678686618162	0.705548530232	0.688176711241	0.758795560036	0.717779367876	0.713668401713	0.683428348845	0.677983961744	0.665773841573	0.657119872694	0.64032197224	0.0	0.501421454445	0.435943033574	0.671158207969	0.640593742888	0.66949978513	0.677672063095	0.67973308815	0.682267900561	0.652290087723	0.664655869139	0.667511531807	0.69322698489	0.673610088776	0.672783354396	0.637528616214	0.682561529722	0.665335848517	0.667679725694	0.694781697971	0.663671405311	0.656270251935	0.63887765398	0.673700438444
AE5	0.686369342052	0.661380887778	0.753265100816	0.683827323579	0.649096581869	0.645708711816	0.641815164108	0.631413997409	0.680497393491	0.630068095337	0.667001884705	0.648071086245	0.692533972044	0.687072980321	0.691011118908	0.664189229045	0.727312104741	0.698459284934	0.786732818248	0.678439990026	0.725823657135	0.700130666077	0.704324002689	0.689601375756	0.753697421641	0.706025573205	0.698269230535	0.6925255081	0.694851373194	0.674656196847	0.745439161653	0.701027800781	0.708585415354	0.685373839911	0.650655254449	0.645157237665	0.647367121774	0.63359750845	0.501421454445	0.0	0.39605324213	0.668088321992	0.661456513409	0.6483119355	0.687940618923	0.668344616904	0.680353895851	0.658634785571	0.642906558009	0.657542969628	0.674921662841	0.674924864521	0.653404581585	0.630717485086	0.668382117098	0.647048323669	0.658414126056	0.701124922854	0.657029329365	0.648912314272	0.635638114943	0.681523733357
AE6	0.686520225019	0.63846570515	0.763325828038	0.685241376764	0.666229175179	0.641400158977	0.624646198175	0.609565546654	0.687784744595	0.612593904562	0.683418838369	0.641966824697	0.703018169884	0.669646255997	0.67793659368	0.642024965153	0.718356975922	0.695184997672	0.791015076338	0.668473373293	0.716329836649	0.671381671214	0.693125545829	0.693085988996	0.761737421279	0.69552113093	0.685665369297	0.677891457242	0.678358879397	0.658882523012	0.748656392363	0.693725258803	0.706324138537	0.666175397012	0.649470417358	0.649725277507	0.641255359664	0.629080228957	0.435943033574	0.39605324213	0.0	0.65101287024	0.631402419832	0.663114267922	0.670351099602	0.649378029358	0.680737297189	0.641668443369	0.652022630537	0.656903887176	0.667444651246	0.666519306643	0.642710672891	0.636409227067	0.658637520732	0.64007438848	0.661279732033	0.689530799445	0.654038782273	0.635857730581	0.642279708706	0.650371114247
AF5	0.666252306914	0.662534141095	0.724418836133	0.658648740077	0.671022102364	0.658192785465	0.681295269151	0.672065412472	0.666992161985	0.667305721536	0.686288809861	0.672700960119	0.668209731194	0.650710337049	0.690968621619	0.668009853944	0.700975057504	0.702473820151	0.736443257262	0.673648429783	0.708751273671	0.694967000923	0.672770925154	0.694741062157	0.747246277388	0.690024215878	0.681084159061	0.687437170461	0.676946749401	0.669289181197	0.748198312649	0.701185283639	0.664122820262	0.684044681168	0.693008289532	0.685272468223	0.653548854116	0.571156771877	0.671158207969	0.668088321992	0.65101287024	0.0	0.44886004635	0.64816122519	0.704128267605	0.678554253308	0.701279746513	0.69045570769	0.653209707591	0.676490214078	0.681430568249	0.700931745424	0.68425737695	0.692208588038	0.694045620812	0.699109099627	0.667100588852	0.721824381552	0.669938005277	0.669829318511	0.646807212725	0.694938371588
AF6	0.65583190148	0.635820887962	0.72221891043	0.6467292395	0.681738211688	0.654767753905	0.677630350051	0.662441301648	0.686266645234	0.649118828543	0.667538583353	0.661207037381	0.662101600265	0.648401144421	0.67064249921	0.653912749383	0.683686972092	0.696025394306	0.750907307092	0.655519864312	0.711480165165	0.67278607942	0.675602283984	0.682771215922	0.727566925605	0.697577690267	0.692676822933	0.689096307701	0.680511819615	0.648377728636	0.753516591595	0.680086966543	0.653975407584	0.650084993646	0.683870007121	0.668859201515	0.571175012631	0.494505145076	0.640593742888	0.661456513409	0.631402419832	0.44886004635	0.0	0.624009547471	0.671981213129	0.641502100722	0.659115302582	0.679186449937	0.635730820281	0.647535461182	0.652241300911	0.671769701123	0.660144230703	0.6670281665	0.672955056453	0.674809040764	0.6343182562	0.680534202007	0.644526824671	0.654324521669	0.637847460947	0.682732974381
