	AA3	AA4	AB3	AB4	AC3	AC4	AD3	AD4	AE3	AE4	AF3	AF4	AG3	AG4	AH3	AH4	AA7	AA8	AB7	AB8	AC7	AC8	AD7	AD8	AE7	AE8	AF7	AF8	AG7	AG8	AH7	AH8	AA5	AA6	AB5	AB6	AC5	AC6	AD6	AE5	AE6	AF5	AF6	AG5	AH5	AH6	AA1	AA2	AB1	AB2	AC1	AC2	AD1	AD2	AE1	AE2	AF1	AF2	AG1	AG2	AH1	AH2
AA3	0.0	0.511096614133	0.688394762515	0.647330943137	0.675006113849	0.653052710914	0.700163776699	0.698365194921	0.647642524709	0.690026684195	0.655801580471	0.682276536762	0.656036835919	0.662943767062	0.682585792092	0.463632850231	0.685836777172	0.694860688519	0.752699324487	0.679206616609	0.695487750426	0.687711561619	0.681576574037	0.699232386812	0.720079228603	0.705432786099	0.67160121181	0.695567276459	0.700931929339	0.67770681172	0.743612354086	0.703496329961	0.650105041225	0.690772387836	0.675105939302	0.68918431619	0.642700324823	0.655961349873	0.665752822704	0.701413701535	0.680728635547	0.690205248151	0.663046963243	0.648871350628	0.699283414983	0.698481942706	0.658639698483	0.69518326285	0.643262778493	0.691031392441	0.674545148907	0.682416277663	0.645959169947	0.673837356538	0.666061167177	0.675799652172	0.67658319032	0.697309111995	0.656959666327	0.686584280749	0.639231972543	0.70104714797
AA4	0.511096614133	0.0	0.712892840485	0.641793330982	0.661860912901	0.622141313597	0.65520350092	0.645712683405	0.65158664614	0.655877967984	0.66357671753	0.628064844246	0.667380712262	0.648577483021	0.516748965857	0.386390785968	0.695922448516	0.689976630125	0.771261269924	0.672399092419	0.713999940157	0.674823675879	0.686324804609	0.694141106827	0.736570047092	0.682089866488	0.656905109349	0.656463859779	0.701118520075	0.660102271421	0.750257985298	0.688219322274	0.663328814711	0.673771324335	0.664817475706	0.66424712316	0.644874987651	0.619558034599	0.629888916643	0.671844781081	0.660211387446	0.667126528731	0.640155088801	0.643583871382	0.670778487564	0.674345212579	0.679707302155	0.668978852649	0.64272867635	0.648450802485	0.654934405414	0.663530820497	0.659139152536	0.64714910464	0.650771791162	0.639485991576	0.625708220812	0.674105142488	0.648729577644	0.633430062171	0.642789669736	0.648004493191
AB3	0.688394762515	0.712892840485	0.0	0.667406772106	0.721438107141	0.735512349075	0.762988924363	0.752273973463	0.68109559886	0.757576941995	0.713307026107	0.740051754844	0.700932044478	0.592621553199	0.686381533258	0.6962054679	0.712800564205	0.739183122385	0.720996313526	0.69504607175	0.715676683945	0.745698851514	0.70393400403	0.72961440209	0.721701266254	0.733202041747	0.719864553639	0.743336320151	0.669957685487	0.707780426372	0.749378156764	0.741225146284	0.720319324584	0.792050566092	0.712931180525	0.750081503334	0.722684679035	0.734240498826	0.764423473759	0.750620137284	0.753376832574	0.695780837635	0.703257046152	0.740176873728	0.781443259672	0.783481199165	0.770693192319	0.787704909865	0.735666781332	0.778159881816	0.735887965432	0.764654646093	0.746711281181	0.768541008032	0.745349604421	0.756948312109	0.763476037835	0.771289495496	0.759815204294	0.772398584108	0.728672372441	0.791468551409
AB4	0.647330943137	0.641793330982	0.667406772106	0.0	0.694341843221	0.673455034724	0.711765416408	0.693148431495	0.676684220735	0.699408048307	0.676895904968	0.665589850083	0.42152036828	0.494167033768	0.665864704164	0.647879880143	0.70482968868	0.684939602688	0.767292762578	0.668631408532	0.694769089452	0.676388822048	0.704296158357	0.702253313976	0.733927822939	0.708394980982	0.676610121604	0.691398953178	0.672821614982	0.669364699942	0.735585180328	0.692575159231	0.688692160144	0.709105218463	0.690757272507	0.688651322351	0.67739197721	0.67379428628	0.684118689191	0.701466117725	0.702684525539	0.663349358712	0.650845780541	0.685774254419	0.701548361948	0.713754168213	0.699798949385	0.696914110945	0.643178550901	0.702718729676	0.701657356184	0.710500982035	0.676700247381	0.683642457672	0.683047618726	0.684378403376	0.69863002668	0.718607693243	0.703528144552	0.669983242419	0.672374890153	0.709074155592
AC3	0.675006113849	0.661860912901	0.721438107141	0.694341843221	0.0	0.566800375137	0.674301269867	0.682111565754	0.681124806105	0.673662361742	0.683555066092	0.4689268066	0.694800372659	0.711654605705	0.676787761676	0.670172785052	0.686464792363	0.686751103696	0.746037636704	0.670459225912	0.711866443996	0.692825377766	0.713407706539	0.713030711521	0.706900390719	0.709658615694	0.702159567948	0.702839487805	0.70458228278	0.66646727234	0.744740941153	0.702936024326	0.680320447994	0.695673165724	0.690848302686	0.681424030625	0.678278603398	0.666999571026	0.674849859813	0.679886058607	0.656269266773	0.664369202128	0.654036587713	0.665335536308	0.713901752568	0.719875742931	0.724642012283	0.711288681052	0.685170376824	0.684743820228	0.700519936618	0.697735074643	0.688476828662	0.685758586111	0.674283813586	0.677615292513	0.693317219162	0.705141441771	0.682074411354	0.687313284724	0.6819203472	0.720184430303
AC4	0.653052710914	0.622141313597	0.735512349075	0.673455034724	0.566800375137	0.0	0.671159336141	0.652102209118	0.643650935046	0.668992065932	0.48068196897	0.39381321502	0.675608952246	0.722386434687	0.664101769206	0.637229242792	0.691955292497	0.692998893971	0.766647968838	0.670342966544	0.725512561191	0.701661720744	0.701122218051	0.708560889407	0.750119119051	0.685612150122	0.673815463456	0.680602235389	0.705049732257	0.668663892684	0.754720336935	0.700605982861	0.635836782801	0.659887249332	0.649657101832	0.663938740047	0.636622747479	0.624324147879	0.638100473027	0.665418903993	0.638038158994	0.637088893705	0.629038691758	0.659168827819	0.67637409078	0.68191736584	0.711786471857	0.693583797797	0.692177350839	0.672662345293	0.677463239877	0.682721160516	0.679180868212	0.684370791011	0.684923949923	0.679571856322	0.655524004318	0.683541883596	0.667018560904	0.666715630587	0.64872516884	0.691999303312
AD3	0.700163776699	0.65520350092	0.762988924363	0.711765416408	0.674301269867	0.671159336141	0.0	0.375467074393	0.672688086505	0.346962498661	0.713201674219	0.66874755495	0.725311730902	0.717659969319	0.687892913914	0.673515093293	0.722834593526	0.69838743654	0.777921042659	0.674917717344	0.721615165781	0.680278879084	0.719942267344	0.70448995798	0.734066635693	0.695882638458	0.694131243591	0.683023339728	0.729588757551	0.679534135766	0.730520527392	0.698169914194	0.707203159891	0.682295782499	0.678629995921	0.673434409417	0.696810097387	0.663891498437	0.611268661388	0.661433485508	0.645126902843	0.693589622614	0.670639229989	0.694186157728	0.694698115045	0.691149744705	0.707033387696	0.68694507205	0.680352203135	0.657716328649	0.703449137573	0.690791149454	0.685565100477	0.682336871961	0.694247646364	0.678268902138	0.675019551224	0.682551799734	0.700609304999	0.653401935016	0.700072283812	0.654471131439
AD4	0.698365194921	0.645712683405	0.752273973463	0.693148431495	0.682111565754	0.652102209118	0.375467074393	0.0	0.593737413439	0.341631184075	0.702926373942	0.652275826234	0.710697641666	0.716047187181	0.685981319249	0.675202663371	0.705574886171	0.682330914021	0.78056620159	0.642800701407	0.714801644603	0.665045507863	0.709567550541	0.686256953303	0.734995894759	0.680490255341	0.667383794583	0.658110885824	0.682524643952	0.656098799679	0.719630477484	0.689570120128	0.692998794593	0.659396846642	0.677029030957	0.663315896348	0.669691804132	0.672211218585	0.622002535191	0.669603645182	0.647241088473	0.677854229945	0.658963559499	0.681033350717	0.677694956749	0.677805159224	0.698513178308	0.672465787338	0.672899575724	0.648320925765	0.68220126955	0.69242710406	0.677290517666	0.67277810621	0.670623863883	0.66166298865	0.682355288145	0.681316904797	0.702999219876	0.646557327159	0.68640225026	0.64937887605
AE3	0.647642524709	0.65158664614	0.68109559886	0.676684220735	0.681124806105	0.643650935046	0.672688086505	0.593737413439	0.0	0.635047289783	0.645253575368	0.662728639846	0.663722895281	0.712070437442	0.64298387703	0.659835631953	0.656932260969	0.682073871319	0.772343990642	0.681639963115	0.717640876291	0.716930059897	0.662932899859	0.671657575103	0.741573285887	0.680848286037	0.65166716237	0.691378269217	0.652001559945	0.660623595108	0.738142433372	0.691040723912	0.612411138011	0.696813359689	0.675381865713	0.696773884955	0.63608159561	0.665597656275	0.672905740107	0.691020699129	0.680409846279	0.626146933746	0.650510779896	0.664341724351	0.711966865736	0.722651944565	0.702476322185	0.716108501078	0.694514629239	0.688558899244	0.691797521029	0.724567284075	0.686306473948	0.688163705792	0.6342391359	0.69174194091	0.695343790106	0.732133469213	0.687323160977	0.67621530952	0.652236632659	0.710096034858
AE4	0.690026684195	0.655877967984	0.757576941995	0.699408048307	0.673662361742	0.668992065932	0.346962498661	0.341631184075	0.635047289783	0.0	0.701881029714	0.660258114166	0.710097218325	0.719684047073	0.689907549996	0.67415636201	0.712483833724	0.681057503522	0.781171816318	0.653585891371	0.716949759003	0.667961114918	0.709613243891	0.685119175848	0.731338810576	0.68874253303	0.679039773901	0.685227853465	0.696727361337	0.651495619548	0.717860620961	0.687375520134	0.713078808576	0.668624385031	0.682726677531	0.663311507776	0.677658123221	0.665990759077	0.610909554189	0.669723617716	0.627599957024	0.690724417082	0.658012719655	0.673540659302	0.682551080147	0.673679542572	0.686822017125	0.676294972845	0.674552926055	0.671314994042	0.690627183195	0.681813336387	0.683569630347	0.667870886597	0.672943803437	0.671879184662	0.685820901809	0.680211688856	0.696000835645	0.660093565879	0.687565798442	0.654255878655
AF3	0.655801580471	0.66357671753	0.713307026107	0.676895904968	0.683555066092	0.48068196897	0.713201674219	0.702926373942	0.645253575368	0.701881029714	0.0	0.55814583112	0.656409785308	0.710068400262	0.655940313807	0.660980823012	0.663313757027	0.687164936827	0.765749305489	0.68832778046	0.688745101497	0.708471534815	0.681260164466	0.694675231741	0.759784147396	0.704914501826	0.684093355588	0.698067847454	0.693967034875	0.670331514439	0.710766550378	0.685893937293	0.641155486988	0.68540660723	0.682159459166	0.67788675551	0.656708877548	0.66581787997	0.66946877108	0.685440502063	0.682780761068	0.688045904068	0.661844811539	0.663818048911	0.69269119321	0.703329982954	0.724464032474	0.720154255895	0.699549460361	0.719195385565	0.712398824204	0.71698380887	0.690375501594	0.699972383199	0.68512180004	0.708542581478	0.68242243452	0.725881818168	0.683558907953	0.706762954797	0.643052823435	0.734674055351
AF4	0.682276536762	0.628064844246	0.740051754844	0.665589850083	0.4689268066	0.39381321502	0.66874755495	0.652275826234	0.662728639846	0.660258114166	0.55814583112	0.0	0.677447716	0.722480000508	0.6772288597	0.656484305273	0.691415438637	0.678904189911	0.766898401135	0.674134186022	0.705484709267	0.684265047999	0.716661281303	0.711726248418	0.74870111657	0.69433684861	0.679188069012	0.673323930129	0.709738644908	0.673233423153	0.743880093797	0.690459401938	0.669402935035	0.664326644545	0.677487910391	0.672480094344	0.664779058023	0.639066161387	0.658358895024	0.683605661784	0.65017744769	0.649936374026	0.641363841902	0.658715499544	0.682445067593	0.685257678544	0.718189694111	0.697807701935	0.69631769801	0.663983333209	0.691787237041	0.681779477685	0.698390586226	0.680231314704	0.691289283935	0.676171303649	0.672497904282	0.683388909967	0.686356172658	0.662096842947	0.674281932226	0.694605578626
AG3	0.656036835919	0.667380712262	0.700932044478	0.42152036828	0.694800372659	0.675608952246	0.725311730902	0.710697641666	0.663722895281	0.710097218325	0.656409785308	0.677447716	0.0	0.562504421027	0.676708883831	0.668941950244	0.684313824359	0.691314737703	0.772676554488	0.694744671675	0.685976863132	0.70125263378	0.675793083212	0.688408498175	0.73222682038	0.697918680296	0.670441273924	0.703355082702	0.687618666855	0.686214156358	0.728540095815	0.69930657727	0.67726898207	0.714604280521	0.704788219058	0.697111040346	0.682635482525	0.67849851	0.691108590134	0.703430367867	0.697563641904	0.665705644122	0.657027545908	0.672840788043	0.698770754233	0.705943935779	0.68912343936	0.700137250757	0.655834380036	0.69716359034	0.707603135229	0.724261296397	0.685153957862	0.677951817285	0.674424622364	0.691346970348	0.69887596305	0.728017886782	0.695819593006	0.67496289291	0.691477681355	0.722460297657
AG4	0.662943767062	0.648577483021	0.592621553199	0.494167033768	0.711654605705	0.722386434687	0.717659969319	0.716047187181	0.712070437442	0.719684047073	0.710068400262	0.722480000508	0.562504421027	0.0	0.673693055646	0.64737215166	0.730838959527	0.740609412449	0.750923043003	0.693635708149	0.719073448965	0.703680287966	0.713907589418	0.724510815722	0.718069548163	0.722626769816	0.69275781185	0.711526372789	0.691280590466	0.695527552779	0.763864426328	0.725360635333	0.731113965956	0.746254860469	0.705144732327	0.722495487865	0.70565195945	0.699883105936	0.718586974972	0.741538988531	0.736280636698	0.701614284608	0.694157929895	0.705744163372	0.749668362011	0.748296338085	0.734033218929	0.72179322271	0.674644717049	0.740661861182	0.71962303794	0.728314678789	0.720805863696	0.739717844592	0.72103890259	0.727636770655	0.732073947365	0.749308572832	0.729103894412	0.719671522713	0.708432297722	0.730473150146
AH3	0.682585792092	0.516748965857	0.686381533258	0.665864704164	0.676787761676	0.664101769206	0.687892913914	0.685981319249	0.64298387703	0.689907549996	0.655940313807	0.6772288597	0.676708883831	0.673693055646	0.0	0.540740229677	0.678955316813	0.692195913468	0.77943849878	0.699163739486	0.715857738084	0.706567784602	0.681074716691	0.692802700629	0.735711711158	0.69702128139	0.692615293454	0.699159076611	0.694795145978	0.675754473882	0.749618905191	0.701010336543	0.664776709046	0.715398413721	0.696210496138	0.681430079868	0.664911687907	0.671213730438	0.669090850423	0.684590109448	0.685983284223	0.67560460612	0.658227357493	0.683459669965	0.709310805462	0.72271353068	0.714289515007	0.691507076065	0.692557167986	0.688307655295	0.697814980305	0.727200124113	0.699858141096	0.688316483126	0.660427900977	0.701478387665	0.697454752412	0.720454197339	0.696287027421	0.681676567519	0.678597887441	0.705038132667
AH4	0.463632850231	0.386390785968	0.6962054679	0.647879880143	0.670172785052	0.637229242792	0.673515093293	0.675202663371	0.659835631953	0.67415636201	0.660980823012	0.656484305273	0.668941950244	0.64737215166	0.540740229677	0.0	0.685406592528	0.68361720328	0.767719749123	0.663492006053	0.702523021874	0.675280274398	0.671727536267	0.675710133679	0.724421499956	0.681542233467	0.662819462806	0.668918893885	0.686372030029	0.661068519798	0.731707166257	0.685756774806	0.667298878739	0.679930953549	0.671282652195	0.66098085037	0.649986213275	0.635628914148	0.64242031505	0.690450144837	0.659480968987	0.68338278525	0.652165609022	0.642430034111	0.676638466891	0.67436423397	0.669415060939	0.673353367328	0.64196707432	0.674371153033	0.653967430235	0.665270869597	0.639770249303	0.652522909087	0.645037100164	0.648028358727	0.657805019651	0.675269788598	0.645940337566	0.658925540242	0.635893718322	0.67185423392
AA7	0.685836777172	0.695922448516	0.712800564205	0.70482968868	0.686464792363	0.691955292497	0.722834593526	0.705574886171	0.656932260969	0.712483833724	0.663313757027	0.691415438637	0.684313824359	0.730838959527	0.678955316813	0.685406592528	0.0	0.510517907169	0.771740925508	0.68754969149	0.654990384824	0.687106899079	0.667750311634	0.687015324963	0.69364658127	0.691517194547	0.651868467206	0.690586397029	0.681231574957	0.668095395528	0.70228746131	0.545151203832	0.659843933573	0.722333451821	0.71274895129	0.72659685883	0.677100480917	0.695976158888	0.693381572782	0.754062182215	0.728074442138	0.698835127772	0.69481125156	0.712696874204	0.731029887881	0.734370071843	0.742144886173	0.736585348491	0.709219663781	0.749195640932	0.71331113337	0.73576170013	0.697087407855	0.716714600695	0.678943601128	0.717732370558	0.744083207617	0.752966647726	0.73371369738	0.740249105658	0.681124142832	0.726572339143
AA8	0.694860688519	0.689976630125	0.739183122385	0.684939602688	0.686751103696	0.692998893971	0.69838743654	0.682330914021	0.682073871319	0.681057503522	0.687164936827	0.678904189911	0.691314737703	0.740609412449	0.692195913468	0.68361720328	0.510517907169	0.0	0.77079803364	0.628831427732	0.626848181075	0.639211880574	0.671292263978	0.666242407081	0.700253741	0.686506049735	0.670093911389	0.646282029356	0.665059857021	0.644720343691	0.5557671171	0.389326234944	0.683274357099	0.712153743813	0.707552466666	0.715677588635	0.683691867009	0.704189807837	0.687128612597	0.711203707226	0.695326774895	0.694180376205	0.687515430848	0.706266524426	0.717519265112	0.727298676668	0.722075376774	0.69766791667	0.696399147815	0.721727938519	0.713377458615	0.72749708374	0.686600036191	0.667866548202	0.683993782391	0.671814824418	0.741101465303	0.72923455016	0.744488917938	0.714365343735	0.688193438026	0.721729384803
AB7	0.752699324487	0.771261269924	0.720996313526	0.767292762578	0.746037636704	0.766647968838	0.777921042659	0.78056620159	0.772343990642	0.781171816318	0.765749305489	0.766898401135	0.772676554488	0.750923043003	0.77943849878	0.767719749123	0.771740925508	0.77079803364	0.0	0.589884629493	0.751164823955	0.765142793065	0.776531695959	0.788608457864	0.748241565279	0.784915136576	0.776052433187	0.776609259144	0.761415897466	0.650190520264	0.766293711849	0.775877664512	0.784404653673	0.795537445509	0.775194304431	0.798441335903	0.774901952	0.768194273775	0.794066554575	0.799651488796	0.788165117426	0.73042018521	0.742501812532	0.784135702347	0.808610298768	0.801615208006	0.824996543421	0.80618253102	0.78297015713	0.806804480712	0.811049713763	0.810874710202	0.800510882465	0.80747861549	0.7896583836	0.796533072661	0.804626779005	0.809237726424	0.799193706644	0.805205001369	0.782134223953	0.824221582493
AB8	0.679206616609	0.672399092419	0.69504607175	0.668631408532	0.670459225912	0.670342966544	0.674917717344	0.642800701407	0.681639963115	0.653585891371	0.68832778046	0.674134186022	0.694744671675	0.693635708149	0.699163739486	0.663492006053	0.68754969149	0.628831427732	0.589884629493	0.0	0.651456225068	0.625329930798	0.685931859337	0.664273937722	0.686433859951	0.672779121212	0.667461882676	0.630035816634	0.513780260146	0.430881606875	0.676392199307	0.63882256943	0.701967391174	0.688904714997	0.686529421327	0.678093872542	0.678631556811	0.666388116043	0.68283602128	0.705175226617	0.673203167052	0.676144333623	0.65408554384	0.680923711844	0.68414744351	0.687787647708	0.725348468084	0.698754953583	0.673454501774	0.705109780623	0.683611300272	0.718725599308	0.668966735221	0.67975413637	0.686827455839	0.66905808003	0.713004248674	0.715089820998	0.707656941785	0.694265859856	0.673986881151	0.715875565765
AC7	0.695487750426	0.713999940157	0.715676683945	0.694769089452	0.711866443996	0.725512561191	0.721615165781	0.714801644603	0.717640876291	0.716949759003	0.688745101497	0.705484709267	0.685976863132	0.719073448965	0.715857738084	0.702523021874	0.654990384824	0.626848181075	0.751164823955	0.651456225068	0.0	0.505373758158	0.67994535322	0.681549194517	0.688458116406	0.683808873303	0.692495990684	0.57820741285	0.6410760124	0.646596525589	0.660796466079	0.645398598565	0.70377075637	0.703131352489	0.722831552336	0.728397303084	0.706717129403	0.714526295142	0.711074186387	0.739292617659	0.722038562332	0.725455737909	0.721981196001	0.710140156643	0.693363564885	0.697519515548	0.74876939772	0.736453079865	0.683311744672	0.73251933258	0.748547454577	0.752718956177	0.702623795196	0.690618881701	0.701947171065	0.700262531296	0.748158468868	0.732027977688	0.754450783705	0.72376365088	0.694306813225	0.746999031099
AC8	0.687711561619	0.674823675879	0.745698851514	0.676388822048	0.692825377766	0.701661720744	0.680278879084	0.665045507863	0.716930059897	0.667961114918	0.708471534815	0.684265047999	0.70125263378	0.703680287966	0.706567784602	0.675280274398	0.687106899079	0.639211880574	0.765142793065	0.625329930798	0.505373758158	0.0	0.690087282021	0.661702977066	0.701195603122	0.657852655909	0.504562419837	0.398292567893	0.641134192516	0.616833154829	0.703645092941	0.637385993793	0.706476548297	0.674665065692	0.712888628928	0.692719726548	0.697773950409	0.678363892241	0.67070742267	0.721904007217	0.693476814253	0.706475891251	0.688830224105	0.687431388842	0.678572125541	0.666140157625	0.719833342434	0.694543886202	0.673477251239	0.703967759926	0.699135763462	0.703228705044	0.672814692628	0.659409068401	0.671570449112	0.670845608976	0.705094927504	0.67489966133	0.711469101803	0.691743532631	0.674534013671	0.698123506206
AD7	0.681576574037	0.686324804609	0.70393400403	0.704296158357	0.713407706539	0.701122218051	0.719942267344	0.709567550541	0.662932899859	0.709613243891	0.681260164466	0.716661281303	0.675793083212	0.713907589418	0.681074716691	0.671727536267	0.667750311634	0.671292263978	0.776531695959	0.685931859337	0.67994535322	0.690087282021	0.0	0.458004239153	0.698119715136	0.523986383696	0.654855259	0.674875796897	0.664085453935	0.659824034211	0.695311222818	0.674596737722	0.654678239862	0.690683015576	0.714464348792	0.71304725508	0.692731730511	0.681011771158	0.69757194151	0.720903017854	0.705316237062	0.674780446145	0.661322856917	0.685962207745	0.705789195942	0.706905631221	0.71930218543	0.710162117202	0.681307038384	0.714841323289	0.697733970835	0.730346367213	0.690889082119	0.681880999815	0.662742417615	0.693876012248	0.698211063455	0.729133870681	0.696049288095	0.699682872229	0.664445899459	0.717001754259
AD8	0.699232386812	0.694141106827	0.72961440209	0.702253313976	0.713030711521	0.708560889407	0.70448995798	0.686256953303	0.671657575103	0.685119175848	0.694675231741	0.711726248418	0.688408498175	0.724510815722	0.692802700629	0.675710133679	0.687015324963	0.666242407081	0.788608457864	0.664273937722	0.681549194517	0.661702977066	0.458004239153	0.0	0.60635760123	0.435038198068	0.644672542786	0.658865980116	0.645438231067	0.639778524053	0.70059060893	0.673054884781	0.68001290348	0.684093513258	0.730200264653	0.704007704446	0.696945122982	0.689952276295	0.697448725767	0.722537143947	0.698751045166	0.702930451232	0.671104979963	0.677973989317	0.697861296089	0.690517320245	0.720729125904	0.703578717592	0.683969954878	0.717383765035	0.702997703556	0.734620845264	0.682277349909	0.66334402039	0.65630927886	0.678936105	0.713625042374	0.734716423618	0.708106912334	0.703622685029	0.687534865	0.705357970924
AE7	0.720079228603	0.736570047092	0.721701266254	0.733927822939	0.706900390719	0.750119119051	0.734066635693	0.734995894759	0.741573285887	0.731338810576	0.759784147396	0.74870111657	0.73222682038	0.718069548163	0.735711711158	0.724421499956	0.69364658127	0.700253741	0.748241565279	0.686433859951	0.688458116406	0.701195603122	0.698119715136	0.60635760123	0.0	0.511624283507	0.709359185299	0.70985957955	0.688884372331	0.695492579522	0.733276273193	0.688554973687	0.731690925145	0.753091114673	0.737888003197	0.749764249922	0.73385526259	0.74989097642	0.754129196937	0.774945199919	0.758425279974	0.741043885025	0.733216896818	0.740187865687	0.752184281176	0.760519200225	0.772391618226	0.780008903262	0.720346445489	0.759950567383	0.760930192572	0.790761332316	0.745371745535	0.744410337994	0.737321473275	0.750838035924	0.779878363846	0.791763396835	0.773939786699	0.761052026221	0.748747463807	0.772653668419
AE8	0.705432786099	0.682089866488	0.733202041747	0.708394980982	0.709658615694	0.685612150122	0.695882638458	0.680490255341	0.680848286037	0.68874253303	0.704914501826	0.69433684861	0.697918680296	0.722626769816	0.69702128139	0.681542233467	0.691517194547	0.686506049735	0.784915136576	0.672779121212	0.683808873303	0.657852655909	0.523986383696	0.435038198068	0.511624283507	0.0	0.629981255472	0.639657016395	0.656895268305	0.654385189008	0.71619445049	0.677789556906	0.668945748681	0.689309081676	0.71133165816	0.709688227372	0.717301937759	0.682190429634	0.708200873433	0.728927407879	0.699786207097	0.679630012426	0.680047260427	0.677142138213	0.703174690626	0.704340394018	0.71963352838	0.712109423106	0.683829492171	0.70843075283	0.709218453564	0.74090854926	0.686091775448	0.672392953587	0.681315198209	0.685290879278	0.701600409762	0.736725035936	0.714066204833	0.687737942878	0.686768644474	0.699666367052
AF7	0.67160121181	0.656905109349	0.719864553639	0.676610121604	0.702159567948	0.673815463456	0.694131243591	0.667383794583	0.65166716237	0.679039773901	0.684093355588	0.679188069012	0.670441273924	0.69275781185	0.692615293454	0.662819462806	0.651868467206	0.670093911389	0.776052433187	0.667461882676	0.692495990684	0.504562419837	0.654855259	0.644672542786	0.709359185299	0.629981255472	0.0	0.454114718025	0.654482188612	0.659399074568	0.722542551699	0.656857255026	0.652252418221	0.706957337675	0.685504039934	0.6903115521	0.68777382388	0.660125851368	0.677603762965	0.720993404242	0.690972851484	0.668596522077	0.655691329138	0.669963623167	0.707849747609	0.701730397122	0.702638959213	0.698019228234	0.67417902573	0.705867084521	0.683367552758	0.710064219694	0.673409756984	0.684384545455	0.674256715183	0.683807317027	0.674390743007	0.720187708274	0.686736129465	0.692458503665	0.651507052303	0.691686216925
AF8	0.695567276459	0.656463859779	0.743336320151	0.691398953178	0.702839487805	0.680602235389	0.683023339728	0.658110885824	0.691378269217	0.685227853465	0.698067847454	0.673323930129	0.703355082702	0.711526372789	0.699159076611	0.668918893885	0.690586397029	0.646282029356	0.776609259144	0.630035816634	0.57820741285	0.398292567893	0.674875796897	0.658865980116	0.70985957955	0.639657016395	0.454114718025	0.0	0.652414142296	0.633792665196	0.70706989416	0.643115325712	0.685931311441	0.68033522206	0.699449262014	0.696274416998	0.70043178969	0.670010061669	0.669558388393	0.711025447729	0.676261212885	0.68518358568	0.683835455997	0.688297744698	0.680370175016	0.683112151803	0.711109364555	0.688422001015	0.671402696289	0.682673455106	0.697765852138	0.704677031554	0.665437772878	0.661169299604	0.674004565218	0.643365095696	0.682578130942	0.691003869659	0.707045349845	0.687411034953	0.673544552858	0.690980096471
AG7	0.700931929339	0.701118520075	0.669957685487	0.672821614982	0.70458228278	0.705049732257	0.729588757551	0.682524643952	0.652001559945	0.696727361337	0.693967034875	0.709738644908	0.687618666855	0.691280590466	0.694795145978	0.686372030029	0.681231574957	0.665059857021	0.761415897466	0.513780260146	0.6410760124	0.641134192516	0.664085453935	0.645438231067	0.688884372331	0.656895268305	0.654482188612	0.652414142296	0.0	0.472643356675	0.681982179089	0.651870620713	0.692243188167	0.709740788211	0.707994541347	0.688660008783	0.68157354865	0.700796795802	0.709236493026	0.728267806021	0.703201157327	0.690628964479	0.681174352278	0.669701826217	0.71269577382	0.718711257007	0.733919259086	0.726581419487	0.691203273132	0.736811867631	0.697590311864	0.746127366354	0.683612368755	0.695268475478	0.684488689278	0.703149935004	0.727200482792	0.733109837552	0.715886437552	0.718623708551	0.679434714844	0.736536976436
AG8	0.67770681172	0.660102271421	0.707780426372	0.669364699942	0.66646727234	0.668663892684	0.679534135766	0.656098799679	0.660623595108	0.651495619548	0.670331514439	0.673233423153	0.686214156358	0.695527552779	0.675754473882	0.661068519798	0.668095395528	0.644720343691	0.650190520264	0.430881606875	0.646596525589	0.616833154829	0.659824034211	0.639778524053	0.695492579522	0.654385189008	0.659399074568	0.633792665196	0.472643356675	0.0	0.69985208804	0.631387589642	0.669423352883	0.678832785457	0.687617034004	0.659881249502	0.650032079342	0.646233991771	0.666797130214	0.695682000865	0.657567902467	0.661791449656	0.644398768915	0.652346307319	0.681543842464	0.667863889805	0.708775969298	0.688045457617	0.665271169575	0.705242413922	0.686103532513	0.706877330372	0.650892581525	0.658124534432	0.651765226296	0.662386694095	0.695524184362	0.702793525793	0.680913451038	0.682469645167	0.653019598057	0.708743324335
AH7	0.743612354086	0.750257985298	0.749378156764	0.735585180328	0.744740941153	0.754720336935	0.730520527392	0.719630477484	0.738142433372	0.717860620961	0.710766550378	0.743880093797	0.728540095815	0.763864426328	0.749618905191	0.731707166257	0.70228746131	0.5557671171	0.766293711849	0.676392199307	0.660796466079	0.703645092941	0.695311222818	0.70059060893	0.733276273193	0.71619445049	0.722542551699	0.70706989416	0.681982179089	0.69985208804	0.0	0.514251370062	0.721652066752	0.760286619766	0.773254484032	0.771415503311	0.748731161695	0.761363033965	0.748223621654	0.764898805327	0.755321832478	0.742100278957	0.747826150201	0.743109859126	0.768437087743	0.764680408179	0.770946501964	0.746697946637	0.7486019	0.772807663352	0.786681024954	0.784221861204	0.741201277578	0.737758913514	0.734991311787	0.742838398136	0.780334637646	0.794660738786	0.78076025431	0.769361684375	0.746805991377	0.743564437925
AH8	0.703496329961	0.688219322274	0.741225146284	0.692575159231	0.702936024326	0.700605982861	0.698169914194	0.689570120128	0.691040723912	0.687375520134	0.685893937293	0.690459401938	0.69930657727	0.725360635333	0.701010336543	0.685756774806	0.545151203832	0.389326234944	0.775877664512	0.63882256943	0.645398598565	0.637385993793	0.674596737722	0.673054884781	0.688554973687	0.677789556906	0.656857255026	0.643115325712	0.651870620713	0.631387589642	0.514251370062	0.0	0.693515984883	0.720150559978	0.723380882078	0.724297091007	0.697766749623	0.70664874511	0.690785942853	0.728133606563	0.710870788159	0.709202061372	0.703901596841	0.711123138394	0.729633252149	0.725034044159	0.724243400757	0.699295573628	0.710519188602	0.730919054556	0.727592531084	0.733420894834	0.69640368261	0.700711982642	0.694685595125	0.700226392839	0.742092340521	0.741320602766	0.749339122538	0.723041093145	0.696331184603	0.727153706634
AA5	0.650105041225	0.663328814711	0.720319324584	0.688692160144	0.680320447994	0.635836782801	0.707203159891	0.692998794593	0.612411138011	0.713078808576	0.641155486988	0.669402935035	0.67726898207	0.731113965956	0.664776709046	0.667298878739	0.659843933573	0.683274357099	0.784404653673	0.701967391174	0.70377075637	0.706476548297	0.654678239862	0.68001290348	0.731690925145	0.668945748681	0.652252418221	0.685931311441	0.692243188167	0.669423352883	0.721652066752	0.693515984883	0.0	0.606530633735	0.669114126249	0.682208638798	0.633720411533	0.642073439273	0.669121088168	0.71019349639	0.680445144562	0.627135885259	0.641231903927	0.670426397938	0.705070181238	0.664729255438	0.696617126563	0.699445252167	0.689611814912	0.696228994477	0.696542825186	0.72246206035	0.666633261157	0.697857990429	0.648925100213	0.704085152315	0.672346763232	0.712817419595	0.673836923011	0.680444637007	0.638919107716	0.704797781841
AA6	0.690772387836	0.673771324335	0.792050566092	0.709105218463	0.695673165724	0.659887249332	0.682295782499	0.659396846642	0.696813359689	0.668624385031	0.68540660723	0.664326644545	0.714604280521	0.746254860469	0.715398413721	0.679930953549	0.722333451821	0.712153743813	0.795537445509	0.688904714997	0.703131352489	0.674665065692	0.690683015576	0.684093513258	0.753091114673	0.689309081676	0.706957337675	0.68033522206	0.709740788211	0.678832785457	0.760286619766	0.720150559978	0.606530633735	0.0	0.696248658072	0.674106254158	0.645994239665	0.622257828967	0.650292400326	0.690599829106	0.652360517514	0.680311603324	0.649529031519	0.666011129267	0.452839665258	0.417170776149	0.710441635575	0.694779510518	0.663529108442	0.682788714026	0.687096202732	0.691316574199	0.674737399649	0.685139009735	0.682790025285	0.686691120409	0.672332002998	0.678857431185	0.681142441454	0.681484176445	0.653726798813	0.698858591336
AB5	0.675105939302	0.664817475706	0.712931180525	0.690757272507	0.690848302686	0.649657101832	0.678629995921	0.677029030957	0.675381865713	0.682726677531	0.682159459166	0.677487910391	0.704788219058	0.705144732327	0.696210496138	0.671282652195	0.71274895129	0.707552466666	0.775194304431	0.686529421327	0.722831552336	0.712888628928	0.714464348792	0.730200264653	0.737888003197	0.71133165816	0.685504039934	0.699449262014	0.707994541347	0.687617034004	0.773254484032	0.723380882078	0.669114126249	0.696248658072	0.0	0.461136181189	0.658361229285	0.653345653221	0.661756420021	0.663691613499	0.654563749118	0.673928905929	0.671484637752	0.640425864564	0.707123773583	0.691173191429	0.678114939772	0.700904035997	0.676457094568	0.707635823699	0.685553796975	0.702461129109	0.664272370882	0.693294006337	0.691153639732	0.681123295823	0.694230571912	0.717104456578	0.713407675117	0.690293871185	0.65414487688	0.694530437318
AB6	0.68918431619	0.66424712316	0.750081503334	0.688651322351	0.681424030625	0.663938740047	0.673434409417	0.663315896348	0.696773884955	0.663311507776	0.67788675551	0.672480094344	0.697111040346	0.722495487865	0.681430079868	0.66098085037	0.72659685883	0.715677588635	0.798441335903	0.678093872542	0.728397303084	0.692719726548	0.71304725508	0.704007704446	0.749764249922	0.709688227372	0.6903115521	0.696274416998	0.688660008783	0.659881249502	0.771415503311	0.724297091007	0.682208638798	0.674106254158	0.461136181189	0.0	0.667801195175	0.644847299882	0.65892173221	0.661590965813	0.629308566529	0.674189707112	0.656454652486	0.537530181993	0.684580749615	0.662037247575	0.676913178602	0.662235239084	0.666955389412	0.69345215616	0.676861886815	0.696958077337	0.658372755142	0.671242021786	0.673865410846	0.668085140909	0.675186080113	0.708406144636	0.666201361945	0.664868809009	0.647529822026	0.666664299053
AC5	0.642700324823	0.644874987651	0.722684679035	0.67739197721	0.678278603398	0.636622747479	0.696810097387	0.669691804132	0.63608159561	0.677658123221	0.656708877548	0.664779058023	0.682635482525	0.70565195945	0.664911687907	0.649986213275	0.677100480917	0.683691867009	0.774901952	0.678631556811	0.706717129403	0.697773950409	0.692731730511	0.696945122982	0.73385526259	0.717301937759	0.68777382388	0.70043178969	0.68157354865	0.650032079342	0.748731161695	0.697766749623	0.633720411533	0.645994239665	0.658361229285	0.667801195175	0.0	0.528165701015	0.630659000709	0.669178271934	0.650781894132	0.671137699423	0.581686127271	0.632754556308	0.643410188993	0.652654574006	0.660572381146	0.6845874274	0.63451777485	0.690633416491	0.66042107602	0.670284562972	0.648541480448	0.655657109669	0.607916685407	0.665890367903	0.649422219113	0.672560885596	0.636032652037	0.684455801456	0.635212837972	0.682878638179
AC6	0.655961349873	0.619558034599	0.734240498826	0.67379428628	0.666999571026	0.624324147879	0.663891498437	0.672211218585	0.665597656275	0.665990759077	0.66581787997	0.639066161387	0.67849851	0.699883105936	0.671213730438	0.635628914148	0.695976158888	0.704189807837	0.768194273775	0.666388116043	0.714526295142	0.678363892241	0.681011771158	0.689952276295	0.74989097642	0.682190429634	0.660125851368	0.670010061669	0.700796795802	0.646233991771	0.761363033965	0.70664874511	0.642073439273	0.622257828967	0.653345653221	0.644847299882	0.528165701015	0.0	0.628939865574	0.66288788774	0.631215618292	0.532656962868	0.473797626661	0.613925070867	0.634334103078	0.645857611815	0.670073546549	0.680131029473	0.619824039661	0.642991374837	0.645287921942	0.654795194461	0.659231839951	0.663300432389	0.663172491213	0.660549096456	0.621236055115	0.662223042609	0.636431401918	0.637295024273	0.62837826919	0.66162631269
AD6	0.665752822704	0.629888916643	0.764423473759	0.684118689191	0.674849859813	0.638100473027	0.611268661388	0.622002535191	0.672905740107	0.610909554189	0.66946877108	0.658358895024	0.691108590134	0.718586974972	0.669090850423	0.64242031505	0.693381572782	0.687128612597	0.794066554575	0.68283602128	0.711074186387	0.67070742267	0.69757194151	0.697448725767	0.754129196937	0.708200873433	0.677603762965	0.669558388393	0.709236493026	0.666797130214	0.748223621654	0.690785942853	0.669121088168	0.650292400326	0.661756420021	0.65892173221	0.630659000709	0.628939865574	0.0	0.551586684579	0.453831031023	0.683287595454	0.636563355597	0.660933852098	0.657613668149	0.657063681572	0.671291636171	0.661252111416	0.633519337359	0.647819640079	0.672088802763	0.670403391154	0.645486018094	0.647005002176	0.646039898672	0.64744231453	0.636585768136	0.67624992567	0.656482567263	0.651342015361	0.634311501449	0.666706408295
AE5	0.701413701535	0.671844781081	0.750620137284	0.701466117725	0.679886058607	0.665418903993	0.661433485508	0.669603645182	0.691020699129	0.669723617716	0.685440502063	0.683605661784	0.703430367867	0.741538988531	0.684590109448	0.690450144837	0.754062182215	0.711203707226	0.799651488796	0.705175226617	0.739292617659	0.721904007217	0.720903017854	0.722537143947	0.774945199919	0.728927407879	0.720993404242	0.711025447729	0.728267806021	0.695682000865	0.764898805327	0.728133606563	0.71019349639	0.690599829106	0.663691613499	0.661590965813	0.669178271934	0.66288788774	0.551586684579	0.0	0.445657556268	0.691369099522	0.654487777421	0.664370742643	0.681812129417	0.702107764257	0.693917683835	0.687467255624	0.667038502374	0.663869010371	0.687981902721	0.69530352917	0.671469282925	0.662479952725	0.672752906349	0.660413766065	0.675869255042	0.698540364033	0.683871139181	0.666848939498	0.650025328801	0.702306305592
AE6	0.680728635547	0.660211387446	0.753376832574	0.702684525539	0.656269266773	0.638038158994	0.645126902843	0.647241088473	0.680409846279	0.627599957024	0.682780761068	0.65017744769	0.697563641904	0.736280636698	0.685983284223	0.659480968987	0.728074442138	0.695326774895	0.788165117426	0.673203167052	0.722038562332	0.693476814253	0.705316237062	0.698751045166	0.758425279974	0.699786207097	0.690972851484	0.676261212885	0.703201157327	0.657567902467	0.755321832478	0.710870788159	0.680445144562	0.652360517514	0.654563749118	0.629308566529	0.650781894132	0.631215618292	0.453831031023	0.445657556268	0.0	0.663485563761	0.619179772543	0.635537753581	0.660847617653	0.666806966603	0.687206717833	0.660905162333	0.64969603324	0.655960389776	0.668396056047	0.688287829065	0.645547892912	0.649232529478	0.666304713795	0.636307002306	0.661217496943	0.684924044262	0.658641160139	0.648410144472	0.632807652058	0.683122613162
AF5	0.690205248151	0.667126528731	0.695780837635	0.663349358712	0.664369202128	0.637088893705	0.693589622614	0.677854229945	0.626146933746	0.690724417082	0.688045904068	0.649936374026	0.665705644122	0.701614284608	0.67560460612	0.68338278525	0.698835127772	0.694180376205	0.73042018521	0.676144333623	0.725455737909	0.706475891251	0.674780446145	0.702930451232	0.741043885025	0.679630012426	0.668596522077	0.68518358568	0.690628964479	0.661791449656	0.742100278957	0.709202061372	0.627135885259	0.680311603324	0.673928905929	0.674189707112	0.671137699423	0.532656962868	0.683287595454	0.691369099522	0.663485563761	0.0	0.47467222436	0.657499749541	0.701937098301	0.715422342461	0.720042665696	0.713935893347	0.683404869131	0.690386059497	0.706260376167	0.734213217056	0.710905736898	0.70506197789	0.691054329798	0.699846371935	0.670214418929	0.733977385936	0.69415156639	0.670700125956	0.661762179435	0.710380269778
AF6	0.663046963243	0.640155088801	0.703257046152	0.650845780541	0.654036587713	0.629038691758	0.670639229989	0.658963559499	0.650510779896	0.658012719655	0.661844811539	0.641363841902	0.657027545908	0.694157929895	0.658227357493	0.652165609022	0.69481125156	0.687515430848	0.742501812532	0.65408554384	0.721981196001	0.688830224105	0.661322856917	0.671104979963	0.733216896818	0.680047260427	0.655691329138	0.683835455997	0.681174352278	0.644398768915	0.747826150201	0.703901596841	0.641231903927	0.649529031519	0.671484637752	0.656454652486	0.581686127271	0.473797626661	0.636563355597	0.654487777421	0.619179772543	0.47467222436	0.0	0.612284750956	0.664903185376	0.676715324005	0.675428768183	0.679522877483	0.63372968774	0.665000864562	0.659841979943	0.692951709967	0.666861516753	0.662992047095	0.661931228462	0.663737559254	0.643112287066	0.691569025514	0.643546299174	0.632184998743	0.641211235072	0.690619345295
