	AA3	AA4	AB3	AB4	AC3	AC4	AD3	AD4	AE3	AE4	AF3	AF4	AG3	AG4	AH3	AH4	AA7	AA8	AB7	AB8	AC7	AC8	AD7	AD8	AE7	AE8	AF7	AF8	AG7	AG8	AH7	AH8	AA5	AA6	AB5	AB6	AC5	AC6	AD6	AE5	AE6	AF5	AF6	AG5	AH5	AH6	AA1	AA2	AB1	AB2	AC1	AC2	AD1	AD2	AE1	AE2	AF1	AF2	AG1	AG2	AH1	AH2
AA3	0.0	0.515523615233	0.667720091855	0.633014919314	0.669974110397	0.68122952304	0.687405596468	0.689344912285	0.664927738613	0.699880981744	0.645984566798	0.680099533232	0.646122972639	0.617979654216	0.692264586084	0.467378313467	0.676271776822	0.688283991711	0.749815178329	0.693846699162	0.69020373287	0.691443863719	0.690331578175	0.688437537053	0.725364660606	0.698706082699	0.673596114781	0.695395449933	0.685584313585	0.69432564921	0.733142895874	0.709272619266	0.649829580294	0.699663734246	0.665115053086	0.668786930743	0.638543912672	0.654395111747	0.678115754734	0.680552889277	0.681241447851	0.678069449386	0.669662581395	0.659206021402	0.696777483155	0.698138034658	0.658069929018	0.6993800008	0.644694049106	0.693084477122	0.682592743986	0.66591743384	0.622722815316	0.662094872522	0.666145353483	0.656032500014	0.667072449748	0.690413612743	0.677502678849	0.684915792211	0.65083004485	0.675439031996
AA4	0.515523615233	0.0	0.672093944137	0.64292169283	0.662538854698	0.650805400504	0.66135518299	0.67268984331	0.688413674191	0.66487512014	0.660334928271	0.645323234542	0.671236873832	0.652617938944	0.511090598547	0.366564671218	0.705562641531	0.702574235935	0.770418498326	0.705050236507	0.710370359702	0.681764834528	0.706911378894	0.709646789097	0.737963445762	0.695714778434	0.684829491109	0.66876116966	0.700897784062	0.695924006932	0.751738065554	0.703759811952	0.676504605645	0.686850674969	0.666576666691	0.653970889776	0.663052830176	0.632913462458	0.658895448301	0.668615168666	0.651039127135	0.682907954363	0.663072843252	0.654822477301	0.680772984454	0.685959367999	0.6671215381	0.669854999916	0.653780426929	0.672059181876	0.680023809931	0.676064222532	0.651248685241	0.657465749465	0.677570449163	0.651205241762	0.671098324657	0.672025389068	0.681674952646	0.658088182197	0.666088131008	0.663859535439
AB3	0.667720091855	0.672093944137	0.0	0.638759085493	0.695761507885	0.713090510178	0.733370855435	0.725603292886	0.702644393179	0.734833613437	0.712947944383	0.714269809869	0.708124081262	0.597355460935	0.693778812528	0.691910216251	0.714603089762	0.721580660657	0.692181977809	0.665819323595	0.701085065781	0.7254415133	0.731217574215	0.730969749801	0.719003798886	0.738547777314	0.722432890034	0.732114989976	0.678228155634	0.676756242487	0.726872949326	0.731222150113	0.689629255047	0.774783860307	0.709548219772	0.722873634939	0.716480255416	0.733097723528	0.760588665999	0.740307960729	0.758902778317	0.705555137227	0.700437970714	0.711407536558	0.780175790177	0.782320599058	0.766044931185	0.777061606586	0.70608479228	0.764905532853	0.756015402148	0.770808739691	0.721173824127	0.762488862456	0.737070119823	0.748673977832	0.752046488259	0.78205444524	0.753273508113	0.755346847439	0.732613010344	0.760941604716
AB4	0.633014919314	0.64292169283	0.638759085493	0.0	0.675141667096	0.678480747968	0.698144532423	0.678690853059	0.690161899839	0.686156312063	0.656422339308	0.684788059814	0.434973857463	0.424297733314	0.686857944286	0.631488171713	0.704690833778	0.696359483694	0.749525138944	0.683490342205	0.689784021918	0.685995126653	0.695548623853	0.690185606635	0.728059091205	0.702088712193	0.668288846904	0.684189437315	0.677484617137	0.676552609892	0.728514438547	0.704456484544	0.678349542652	0.703161047872	0.68009456076	0.670716422252	0.659144036719	0.642958709993	0.685618561569	0.682807944004	0.698306044097	0.672189577449	0.66488533887	0.681320655089	0.707134631645	0.714361857099	0.694598853376	0.702537617336	0.640501215287	0.704757110395	0.692104570872	0.697276380182	0.664370771686	0.681383736485	0.681458489466	0.666846769501	0.684308317826	0.712772031675	0.701930577916	0.686878213762	0.667474088759	0.69001400809
AC3	0.669974110397	0.662538854698	0.695761507885	0.675141667096	0.0	0.511289239256	0.659520321508	0.662324902673	0.660960581518	0.667888613727	0.684706276396	0.460648724707	0.68411212296	0.703136442503	0.683473398593	0.656198213516	0.674692377212	0.674450493795	0.742859654921	0.665710741626	0.707178522771	0.692653886616	0.721702186372	0.708421070425	0.715008148223	0.701577326058	0.699316404193	0.693735680648	0.69357632084	0.681445580876	0.743801226977	0.701396309861	0.659737398701	0.696046298548	0.681716971197	0.672702191896	0.681267011483	0.674561738209	0.682700996745	0.651512768319	0.651939320974	0.67718926743	0.643880508943	0.666802852226	0.710523688522	0.703575061404	0.712283121067	0.704087421904	0.672760958659	0.687182864035	0.690707647201	0.692207648102	0.692658325027	0.689078850329	0.666255882908	0.681401162076	0.688812945645	0.689516103477	0.688915147835	0.671326069759	0.681001246963	0.696702058912
AC4	0.68122952304	0.650805400504	0.713090510178	0.678480747968	0.511289239256	0.0	0.662727223476	0.669835217739	0.670506252388	0.664805362311	0.51564497069	0.364375941427	0.687796826126	0.714669852826	0.696255722626	0.645570853694	0.688619256852	0.666027096916	0.761995430412	0.665263238762	0.688014816144	0.672050952548	0.719535200148	0.699610367675	0.732749224229	0.700714907832	0.694073955999	0.671865687542	0.701046158876	0.671609988738	0.725994791133	0.674223727933	0.669307594254	0.670413964711	0.667667345122	0.661227401416	0.697031899344	0.668120324959	0.667770275746	0.650860413784	0.655973242627	0.67555601811	0.670585032759	0.654829626913	0.675018207074	0.67448039954	0.718319590759	0.698155492577	0.690180265011	0.67769832526	0.707011420748	0.695388376433	0.703314836176	0.690599287178	0.687366480809	0.689266964178	0.683900377328	0.673064039732	0.700717377641	0.66526324626	0.68253698788	0.695973275633
AD3	0.687405596468	0.66135518299	0.733370855435	0.698144532423	0.659520321508	0.662727223476	0.0	0.445065077441	0.661834516685	0.389127866705	0.706089277171	0.657532917161	0.710964252437	0.710981409425	0.699502711364	0.662244617989	0.718877638025	0.69163702829	0.765536286707	0.677575319584	0.715982058082	0.687351717499	0.715302982	0.692480417418	0.724306700107	0.687065146687	0.68389722024	0.672495808998	0.701423799781	0.664642895378	0.758976221239	0.687156430062	0.698592428238	0.664841607339	0.675227353965	0.667022197438	0.687721229573	0.657201128807	0.624546477654	0.64023454259	0.619115906147	0.680417508184	0.66072894268	0.677030678538	0.676704222967	0.68938461171	0.691324189568	0.68052552669	0.665746338151	0.643538071724	0.687280191769	0.671043036488	0.680970702521	0.670240958879	0.670237928605	0.656351858745	0.679258226128	0.655422518849	0.708182829846	0.646973141846	0.692584575409	0.65345662585
AD4	0.689344912285	0.67268984331	0.725603292886	0.678690853059	0.662324902673	0.669835217739	0.445065077441	0.0	0.601450098738	0.376278708547	0.698513417574	0.673937306579	0.700789350829	0.70154937965	0.702832240343	0.672773032641	0.702652208822	0.685417443268	0.782662565211	0.662827219138	0.715642040111	0.686062799304	0.712067892027	0.671239008422	0.72673240672	0.680629177387	0.685345121513	0.694167339519	0.659752110805	0.647528993449	0.70714806916	0.694585388282	0.682543283472	0.674716802152	0.671253353627	0.667125412495	0.683130200433	0.665899707627	0.633929482716	0.632525197465	0.626183450671	0.695616556174	0.670008335271	0.674323380453	0.688702395693	0.680692708515	0.684875279679	0.686935543595	0.668810587459	0.678206763748	0.687950340003	0.685980586786	0.668355916064	0.66740034834	0.647966993295	0.652406316978	0.696944951651	0.673658540335	0.689486061167	0.665088861984	0.688612981728	0.668170003736
AE3	0.664927738613	0.688413674191	0.702644393179	0.690161899839	0.660960581518	0.670506252388	0.661834516685	0.601450098738	0.0	0.627231913308	0.66880306905	0.674220370611	0.663392811585	0.708660086263	0.68078325186	0.673048486429	0.676149979313	0.668722530645	0.762979282591	0.684957902619	0.723916022121	0.722840728178	0.666029759063	0.690180090499	0.748805994042	0.68864539245	0.66537015226	0.702497488949	0.649400122541	0.663811521004	0.730201207735	0.691832998337	0.618969334785	0.708516130531	0.688627364467	0.706161373285	0.651392253868	0.677742608359	0.672735586481	0.674035777078	0.687688642799	0.638506467908	0.656560079182	0.66877240618	0.726547931608	0.713920909146	0.702355223192	0.730698561512	0.700348292041	0.708070040597	0.68891640824	0.716569179319	0.67882287627	0.703509017014	0.656505848029	0.694877655424	0.693855645356	0.714960669368	0.711191736767	0.699972549855	0.666059405486	0.705788434902
AE4	0.699880981744	0.66487512014	0.734833613437	0.686156312063	0.667888613727	0.664805362311	0.389127866705	0.376278708547	0.627231913308	0.0	0.697806279497	0.660857794068	0.706574672806	0.71495646957	0.694602626752	0.665994725164	0.713874982126	0.684055943072	0.7713429481	0.667875815243	0.720128376264	0.690886044009	0.710258985788	0.699748876214	0.729218198904	0.681672454642	0.686615786415	0.685562309028	0.682544859834	0.668489640676	0.719689318087	0.6989851856	0.692229937501	0.670976397764	0.67702867831	0.674139481977	0.687661476954	0.67596692194	0.629430692482	0.640234331783	0.628363006947	0.684140577754	0.663033175011	0.683104114489	0.685657290639	0.687238723776	0.692742585878	0.675340327168	0.681017239259	0.66988463007	0.68917647577	0.67037116255	0.689565980292	0.670002848882	0.666368276752	0.66817727803	0.709675324263	0.675092126357	0.71087845743	0.674176734727	0.706281931714	0.672120581649
AF3	0.645984566798	0.660334928271	0.712947944383	0.656422339308	0.684706276396	0.51564497069	0.706089277171	0.698513417574	0.66880306905	0.697806279497	0.0	0.557337193575	0.665989378674	0.690556289633	0.686852558742	0.640504613149	0.681102603573	0.686194908326	0.752019465223	0.681989498163	0.685734456853	0.707822151016	0.691907600014	0.685709904592	0.759198632831	0.706357282268	0.695927072764	0.707353003991	0.688494848391	0.678640132687	0.711034737448	0.701056652624	0.639441277012	0.696228622326	0.662154139168	0.68155894123	0.645857439342	0.65881258437	0.669573535581	0.677105901946	0.689993940749	0.675844749453	0.669321517414	0.669257992948	0.682346642879	0.693627582159	0.72105716431	0.708621145575	0.69654340648	0.724331580247	0.711518223183	0.702443903612	0.69438485707	0.703768186196	0.696329302208	0.705247340115	0.689296820007	0.716658754567	0.689292286488	0.709615663023	0.657783351377	0.712409603641
AF4	0.680099533232	0.645323234542	0.714269809869	0.684788059814	0.460648724707	0.364375941427	0.657532917161	0.673937306579	0.674220370611	0.660857794068	0.557337193575	0.0	0.700290595406	0.709880213995	0.689649609907	0.647172618068	0.696281002603	0.687181013425	0.755101351275	0.681298566198	0.723209316782	0.701707822985	0.734859620708	0.724412016787	0.745982416823	0.72498152665	0.697991088227	0.685657471083	0.722219551381	0.687663172215	0.745187009449	0.691030551221	0.6791459056	0.668285052863	0.676875290299	0.672838363345	0.682175094138	0.652053699168	0.670184840483	0.656574526908	0.656567418119	0.675246691432	0.661034038359	0.669535902206	0.691099380927	0.683374648806	0.719870393906	0.688764986939	0.699921155195	0.677117466768	0.691735114608	0.685650525091	0.700256772615	0.709419030206	0.705327373872	0.703265368618	0.684169661673	0.675750389261	0.699235722278	0.666893224582	0.67694906869	0.679291473651
AG3	0.646122972639	0.671236873832	0.708124081262	0.434973857463	0.68411212296	0.687796826126	0.710964252437	0.700789350829	0.663392811585	0.706574672806	0.665989378674	0.700290595406	0.0	0.53033506886	0.676073843454	0.659963224532	0.681019915539	0.670123566968	0.764546412277	0.687825220212	0.688751746901	0.702881895703	0.675643400152	0.686782060283	0.73138131436	0.688863880695	0.671952585179	0.706790629917	0.683196910299	0.701165348304	0.726267313877	0.714714209137	0.673110504422	0.711078202705	0.68079200135	0.685666433073	0.668402661152	0.665155879767	0.687152824569	0.694613590496	0.70757000176	0.672937699262	0.666075226941	0.685168745416	0.706659608681	0.703025319338	0.690079275623	0.708150968244	0.651634171602	0.700664473923	0.697498565417	0.706712450694	0.674249037475	0.678290916362	0.672071086031	0.669754535116	0.695785354458	0.729537674612	0.706684419802	0.688940750178	0.686652265232	0.695786191654
AG4	0.617979654216	0.652617938944	0.597355460935	0.424297733314	0.703136442503	0.714669852826	0.710981409425	0.70154937965	0.708660086263	0.71495646957	0.690556289633	0.709880213995	0.53033506886	0.0	0.709022241227	0.644954771827	0.728700163013	0.721950009874	0.752379504457	0.694907360345	0.709842702504	0.706432557501	0.712821947848	0.697287555532	0.724316820011	0.717873494272	0.688687798139	0.706239852777	0.689963680476	0.702651604138	0.754499198358	0.727371121603	0.695646213356	0.727148985468	0.671094307055	0.695798822827	0.683332323079	0.674387622655	0.725278064136	0.712913990901	0.723591678119	0.680441038501	0.685926938342	0.70085026462	0.733532187893	0.737218767165	0.702028953179	0.722271802717	0.662564259896	0.727785171411	0.701993237034	0.702305303208	0.673798552964	0.724887637834	0.718353318338	0.703312809706	0.710660279238	0.722521954861	0.72271760734	0.720034210424	0.68906002249	0.709743740589
AH3	0.692264586084	0.511090598547	0.693778812528	0.686857944286	0.683473398593	0.696255722626	0.699502711364	0.702832240343	0.68078325186	0.694602626752	0.686852558742	0.689649609907	0.676073843454	0.709022241227	0.0	0.545913789805	0.697862804082	0.707224838261	0.775401808963	0.716179033791	0.722445526538	0.721731209072	0.678818929652	0.701481403583	0.729572544102	0.689081957088	0.691594830654	0.700130934565	0.697990370504	0.710280905204	0.757897495258	0.728440262733	0.668002269017	0.733087202861	0.705948231213	0.695348801472	0.680707758802	0.696338101329	0.692020627553	0.704225860042	0.694660594748	0.699424793616	0.669659700272	0.684372712758	0.729563209814	0.723987403259	0.711039511789	0.709253128404	0.711272282308	0.719701175735	0.704175952988	0.725170445564	0.711649962122	0.695306376108	0.698233893177	0.712175959533	0.724086261612	0.726803365248	0.7189651439	0.706190771139	0.695352197588	0.707719012008
AH4	0.467378313467	0.366564671218	0.691910216251	0.631488171713	0.656198213516	0.645570853694	0.662244617989	0.672773032641	0.673048486429	0.665994725164	0.640504613149	0.647172618068	0.659963224532	0.644954771827	0.545913789805	0.0	0.691280871819	0.680841192435	0.75875081125	0.694895714391	0.701006296966	0.672018162955	0.684139161303	0.676599675755	0.726851623344	0.676471030004	0.655914571945	0.664989994733	0.686336690398	0.691164216564	0.73380727114	0.68521707494	0.658613150991	0.685598680503	0.67467005684	0.655905984123	0.648960200378	0.635723613975	0.638407702295	0.660878055573	0.641251102203	0.680733339534	0.656516094514	0.642370428642	0.66736537996	0.675235185977	0.662040267347	0.663848140738	0.640027104601	0.667614329498	0.675925456559	0.665888212277	0.636931447717	0.649094554386	0.65766180941	0.653332954893	0.677148748312	0.672167958362	0.683957154969	0.650204027864	0.646917117195	0.648065813495
AA7	0.676271776822	0.705562641531	0.714603089762	0.704690833778	0.674692377212	0.688619256852	0.718877638025	0.702652208822	0.676149979313	0.713874982126	0.681102603573	0.696281002603	0.681019915539	0.728700163013	0.697862804082	0.691280871819	0.0	0.513169069335	0.770006349126	0.693721084168	0.65391390333	0.682607027585	0.686052570688	0.696440610809	0.703598618298	0.709364857636	0.667717884524	0.678763662056	0.686670468556	0.676784959477	0.719728459006	0.574111266637	0.645384740355	0.727466832801	0.705054528565	0.72025866428	0.676174630916	0.709327346922	0.714669828773	0.737547762461	0.725902011063	0.706806365292	0.687652852495	0.716282081694	0.733730239993	0.726264031816	0.741724212466	0.745098969488	0.719551678174	0.757999518359	0.710357411918	0.72051062912	0.688960902902	0.719691529405	0.681259787946	0.719587789794	0.736921885087	0.750388446212	0.742119283106	0.744434820905	0.694721380186	0.716188528382
AA8	0.688283991711	0.702574235935	0.721580660657	0.696359483694	0.674450493795	0.666027096916	0.69163702829	0.685417443268	0.668722530645	0.684055943072	0.686194908326	0.687181013425	0.670123566968	0.721950009874	0.707224838261	0.680841192435	0.513169069335	0.0	0.75742460815	0.648213401075	0.629303355239	0.655859016495	0.665908952782	0.675041531274	0.689034371491	0.664430482518	0.668044589224	0.644541115843	0.640453807947	0.641207835675	0.564353780371	0.430546900095	0.659158881904	0.713248816385	0.715149993584	0.711555779184	0.678760962631	0.69786101406	0.699768349023	0.696271321696	0.696129881758	0.688571264676	0.6774779575	0.700260443803	0.714778776582	0.702315456213	0.71933251203	0.717003605247	0.695689091178	0.718337916429	0.72143362144	0.713433495564	0.688096632013	0.687307860302	0.676540655386	0.685930860869	0.733756713196	0.731233754542	0.744300126081	0.723292953075	0.706930309856	0.711240348099
AB7	0.749815178329	0.770418498326	0.692181977809	0.749525138944	0.742859654921	0.761995430412	0.765536286707	0.782662565211	0.762979282591	0.7713429481	0.752019465223	0.755101351275	0.764546412277	0.752379504457	0.775401808963	0.75875081125	0.770006349126	0.75742460815	0.0	0.551932967441	0.742019247517	0.755969270155	0.780371877713	0.777898471632	0.741144107347	0.776586341397	0.783293702441	0.766242926869	0.735256469439	0.61784025806	0.754400600296	0.769594449845	0.766392245234	0.796311818471	0.764426364733	0.778596939706	0.767859187768	0.765230711803	0.785984926695	0.785064277067	0.790889478152	0.74023510896	0.734959358219	0.771255757732	0.794535531038	0.798154966931	0.819117867215	0.809736053958	0.779127015299	0.79991543506	0.804313754546	0.799259280736	0.784250008946	0.800538855699	0.779475899436	0.787441937331	0.791788325281	0.808899770007	0.800708927469	0.794581157845	0.791137119938	0.796464198497
AB8	0.693846699162	0.705050236507	0.665819323595	0.683490342205	0.665710741626	0.665263238762	0.677575319584	0.662827219138	0.684957902619	0.667875815243	0.681989498163	0.681298566198	0.687825220212	0.694907360345	0.716179033791	0.694895714391	0.693721084168	0.648213401075	0.551932967441	0.0	0.674700866269	0.63752092059	0.697665301242	0.667575721244	0.69551717838	0.673177880121	0.672414546309	0.646831796193	0.53097204813	0.446407139609	0.680405684963	0.657144114657	0.677709256545	0.710264585671	0.698651574162	0.688766130447	0.695574723871	0.672939079186	0.67981526709	0.677825978672	0.668910429874	0.668446367354	0.660506195372	0.677146281157	0.710001054493	0.704878879641	0.736928848048	0.703745899606	0.679312395739	0.701099244029	0.708209432767	0.716918625877	0.676171188113	0.689721710794	0.689109760566	0.690011055805	0.699359040643	0.719794231489	0.713582405004	0.703396822458	0.695627711226	0.694243876319
AC7	0.69020373287	0.710370359702	0.701085065781	0.689784021918	0.707178522771	0.688014816144	0.715982058082	0.715642040111	0.723916022121	0.720128376264	0.685734456853	0.723209316782	0.688751746901	0.709842702504	0.722445526538	0.701006296966	0.65391390333	0.629303355239	0.742019247517	0.674700866269	0.0	0.527125031834	0.691201682327	0.686472587562	0.688234031148	0.682469920119	0.691951349973	0.598371364142	0.640436918505	0.635203064918	0.663538474966	0.656353528885	0.703898941473	0.700766013363	0.721920604533	0.735218781152	0.712194282007	0.719976241813	0.718069828546	0.728803148077	0.728154364237	0.727560034745	0.726667817558	0.712364570485	0.699905448415	0.693816498137	0.756814902207	0.753633966365	0.701865179634	0.745825320123	0.763627969458	0.749843985761	0.710937202775	0.707221177482	0.703641937431	0.704691088442	0.745616063927	0.738200284392	0.755440770248	0.729589452372	0.705071161791	0.740062465061
AC8	0.691443863719	0.681764834528	0.7254415133	0.685995126653	0.692653886616	0.672050952548	0.687351717499	0.686062799304	0.722840728178	0.690886044009	0.707822151016	0.701707822985	0.702881895703	0.706432557501	0.721731209072	0.672018162955	0.682607027585	0.655859016495	0.755969270155	0.63752092059	0.527125031834	0.0	0.712924776718	0.673008168043	0.723476756881	0.682103296754	0.514439999829	0.435948499734	0.645919129567	0.644580790491	0.713091747551	0.658135650542	0.707458376162	0.67682524787	0.706003362225	0.69732086567	0.713019804748	0.700396278574	0.691424832451	0.707402990183	0.689475091498	0.715222797042	0.710874716815	0.696913122631	0.681183825322	0.662332915721	0.727172632119	0.704840906311	0.677014043815	0.701687425109	0.711211415784	0.698210494843	0.681987044447	0.683154378752	0.689569069882	0.673584430549	0.72278721509	0.695107015951	0.720600708578	0.702491542592	0.694941482628	0.682558010595
AD7	0.690331578175	0.706911378894	0.731217574215	0.695548623853	0.721702186372	0.719535200148	0.715302982	0.712067892027	0.666029759063	0.710258985788	0.691907600014	0.734859620708	0.675643400152	0.712821947848	0.678818929652	0.684139161303	0.686052570688	0.665908952782	0.780371877713	0.697665301242	0.691201682327	0.712924776718	0.0	0.491664753957	0.709701544553	0.502003712786	0.680321368249	0.68609748192	0.663162304882	0.693874455916	0.698332702202	0.680436703159	0.654051076765	0.716337650917	0.728026481044	0.722544500029	0.693213518955	0.696672591042	0.693554222091	0.713154400788	0.720428142085	0.691673667333	0.669426983841	0.704078959768	0.70967047405	0.705965911809	0.718649629628	0.716882357353	0.682646011369	0.721640898993	0.702886346775	0.721122396964	0.701373826132	0.684873537575	0.658765569418	0.69666473992	0.702303230099	0.727938487453	0.72901480709	0.706494101499	0.670485937858	0.705822232867
AD8	0.688437537053	0.709646789097	0.730969749801	0.690185606635	0.708421070425	0.699610367675	0.692480417418	0.671239008422	0.690180090499	0.699748876214	0.685709904592	0.724412016787	0.686782060283	0.697287555532	0.701481403583	0.676599675755	0.696440610809	0.675041531274	0.777898471632	0.667575721244	0.686472587562	0.673008168043	0.491664753957	0.0	0.612058993761	0.429684711867	0.653848679897	0.655681621717	0.648115743557	0.662190560517	0.705840085585	0.6813133358	0.656353145353	0.694259717312	0.708640814625	0.705945522055	0.692426039446	0.671726449701	0.698463642354	0.698533342636	0.701684768546	0.704457556944	0.664524355401	0.679073011093	0.691162741597	0.689414527266	0.714799039948	0.714759551841	0.671516010857	0.713263632	0.692449675625	0.703499692959	0.682228049785	0.673642721142	0.667082542011	0.67616018224	0.695925322545	0.718076908941	0.697959613536	0.68416037884	0.662565688337	0.705973873718
AE7	0.725364660606	0.737963445762	0.719003798886	0.728059091205	0.715008148223	0.732749224229	0.724306700107	0.72673240672	0.748805994042	0.729218198904	0.759198632831	0.745982416823	0.73138131436	0.724316820011	0.729572544102	0.726851623344	0.703598618298	0.689034371491	0.741144107347	0.69551717838	0.688234031148	0.723476756881	0.709701544553	0.612058993761	0.0	0.501118308773	0.720701652608	0.700576538537	0.683403738425	0.694103197141	0.732496427268	0.681192069374	0.720286746742	0.759046017538	0.736330507792	0.74113179274	0.733260509769	0.752277024478	0.75950009355	0.758420912696	0.758318398507	0.755450238608	0.729219591037	0.735530787895	0.755221017701	0.762486227215	0.764522224841	0.782171705898	0.719957178542	0.770092853317	0.771123574025	0.780100500775	0.751302694819	0.746185537023	0.734638381364	0.745229928895	0.783652903367	0.789974577909	0.787081012127	0.762358916234	0.751367886886	0.76706607889
AE8	0.698706082699	0.695714778434	0.738547777314	0.702088712193	0.701577326058	0.700714907832	0.687065146687	0.680629177387	0.68864539245	0.681672454642	0.706357282268	0.72498152665	0.688863880695	0.717873494272	0.689081957088	0.676471030004	0.709364857636	0.664430482518	0.776586341397	0.673177880121	0.682469920119	0.682103296754	0.502003712786	0.429684711867	0.501118308773	0.0	0.646623214681	0.645024948409	0.649130940465	0.670775301505	0.708175712879	0.678924361077	0.669526047604	0.701482516766	0.725015133443	0.715249361729	0.695676584578	0.69409690835	0.697479998632	0.708357679333	0.710126652254	0.701201842674	0.667023810396	0.686225705069	0.699771170819	0.694877405945	0.71106878241	0.71339303014	0.678150628452	0.709409307943	0.709744857106	0.714776769959	0.693346251226	0.673209004401	0.667158177682	0.690435864461	0.704416168308	0.722917016323	0.728406617088	0.701817319722	0.685541836028	0.706348407997
AF7	0.673596114781	0.684829491109	0.722432890034	0.668288846904	0.699316404193	0.694073955999	0.68389722024	0.685345121513	0.66537015226	0.686615786415	0.695927072764	0.697991088227	0.671952585179	0.688687798139	0.691594830654	0.655914571945	0.667717884524	0.668044589224	0.783293702441	0.672414546309	0.691951349973	0.514439999829	0.680321368249	0.653848679897	0.720701652608	0.646623214681	0.0	0.467795455223	0.658056969572	0.666280961839	0.725649714528	0.670176644778	0.677641811884	0.699244788486	0.699042249419	0.698964949172	0.671357608871	0.677555352122	0.685777752327	0.689314362166	0.698950544972	0.676561186175	0.682402612037	0.686413170428	0.719833052227	0.707699126716	0.716928131718	0.706779246244	0.689990190638	0.699133167763	0.693063934677	0.693702016361	0.681646642332	0.695812464979	0.681305265771	0.693097337992	0.686347497969	0.704393213289	0.703227344186	0.69431516163	0.66536968167	0.684080221791
AF8	0.695395449933	0.66876116966	0.732114989976	0.684189437315	0.693735680648	0.671865687542	0.672495808998	0.694167339519	0.702497488949	0.685562309028	0.707353003991	0.685657471083	0.706790629917	0.706239852777	0.700130934565	0.664989994733	0.678763662056	0.644541115843	0.766242926869	0.646831796193	0.598371364142	0.435948499734	0.68609748192	0.655681621717	0.700576538537	0.645024948409	0.467795455223	0.0	0.66345482696	0.637678382942	0.693747651392	0.629103193391	0.690420002901	0.676840624414	0.712057541804	0.712799793356	0.698115120334	0.681615032006	0.702994536641	0.70788696141	0.697692657434	0.697668273817	0.692595420067	0.679375892853	0.682244730327	0.682159832841	0.721447484084	0.700965036606	0.671309694478	0.684703875635	0.709552016198	0.698707989578	0.680889405369	0.676135890479	0.679850025996	0.670146715429	0.692712530539	0.694360891103	0.712839573665	0.686191764639	0.684955240765	0.679917477669
AG7	0.685584313585	0.700897784062	0.678228155634	0.677484617137	0.69357632084	0.701046158876	0.701423799781	0.659752110805	0.649400122541	0.682544859834	0.688494848391	0.722219551381	0.683196910299	0.689963680476	0.697990370504	0.686336690398	0.686670468556	0.640453807947	0.735256469439	0.53097204813	0.640436918505	0.645919129567	0.663162304882	0.648115743557	0.683403738425	0.649130940465	0.658056969572	0.66345482696	0.0	0.451136690561	0.689030310215	0.660677704586	0.674620331264	0.716626091343	0.695450198778	0.694877378987	0.66127006988	0.679281229206	0.691419103973	0.69609034734	0.699402859006	0.689073424558	0.670337360771	0.671029624776	0.703045347142	0.700615386778	0.726773196072	0.717166598435	0.679609966089	0.721487329971	0.695351775255	0.729448285224	0.672182455177	0.699754292301	0.679172202732	0.690496550957	0.704629366721	0.724537523106	0.715206801284	0.707732554004	0.673292132375	0.713065384158
AG8	0.69432564921	0.695924006932	0.676756242487	0.676552609892	0.681445580876	0.671609988738	0.664642895378	0.647528993449	0.663811521004	0.668489640676	0.678640132687	0.687663172215	0.701165348304	0.702651604138	0.710280905204	0.691164216564	0.676784959477	0.641207835675	0.61784025806	0.446407139609	0.635203064918	0.644580790491	0.693874455916	0.662190560517	0.694103197141	0.670775301505	0.666280961839	0.637678382942	0.451136690561	0.0	0.693750808931	0.625191081477	0.672983458929	0.683497875101	0.692286591981	0.684144740328	0.659212340909	0.640892074443	0.675050014321	0.675650733806	0.677317826587	0.663879703512	0.656307700134	0.667576744824	0.683035385045	0.695836946632	0.720816378819	0.7101512731	0.67874310416	0.702212962174	0.702110546498	0.717442261477	0.677091240557	0.695802023733	0.678872217281	0.670904724096	0.675022320552	0.699814391345	0.701349000767	0.682533340465	0.691578774855	0.679077305315
AH7	0.733142895874	0.751738065554	0.726872949326	0.728514438547	0.743801226977	0.725994791133	0.758976221239	0.70714806916	0.730201207735	0.719689318087	0.711034737448	0.745187009449	0.726267313877	0.754499198358	0.757897495258	0.73380727114	0.719728459006	0.564353780371	0.754400600296	0.680405684963	0.663538474966	0.713091747551	0.698332702202	0.705840085585	0.732496427268	0.708175712879	0.725649714528	0.693747651392	0.689030310215	0.693750808931	0.0	0.536546722775	0.712708090688	0.767600029163	0.770756792414	0.762449917104	0.748856577889	0.757718096181	0.752782784465	0.741726926986	0.759030025	0.748247257854	0.74701602797	0.745071850206	0.76660310764	0.764505320468	0.774238240691	0.763533862765	0.744599384329	0.77811450366	0.787030583994	0.77689283733	0.748919347937	0.729302454504	0.73180413111	0.743139915819	0.78109356069	0.794093547608	0.781957007003	0.766666272884	0.749596869108	0.760917449364
AH8	0.709272619266	0.703759811952	0.731222150113	0.704456484544	0.701396309861	0.674223727933	0.687156430062	0.694585388282	0.691832998337	0.6989851856	0.701056652624	0.691030551221	0.714714209137	0.727371121603	0.728440262733	0.68521707494	0.574111266637	0.430546900095	0.769594449845	0.657144114657	0.656353528885	0.658135650542	0.680436703159	0.6813133358	0.681192069374	0.678924361077	0.670176644778	0.629103193391	0.660677704586	0.625191081477	0.536546722775	0.0	0.671292635858	0.710786061537	0.724370937841	0.718953582435	0.712356788705	0.689955492069	0.698199937808	0.706500910682	0.695440676294	0.702243375747	0.702448580751	0.710957824691	0.706081015908	0.711998290332	0.730297508549	0.724234998866	0.704766735676	0.718974479383	0.729703448347	0.71664140225	0.707055385527	0.695163601445	0.689038040714	0.690456450173	0.735423261227	0.725884536943	0.755839015922	0.71243945443	0.708266914742	0.700826519277
AA5	0.649829580294	0.676504605645	0.689629255047	0.678349542652	0.659737398701	0.669307594254	0.698592428238	0.682543283472	0.618969334785	0.692229937501	0.639441277012	0.6791459056	0.673110504422	0.695646213356	0.668002269017	0.658613150991	0.645384740355	0.659158881904	0.766392245234	0.677709256545	0.703898941473	0.707458376162	0.654051076765	0.656353145353	0.720286746742	0.669526047604	0.677641811884	0.690420002901	0.674620331264	0.672983458929	0.712708090688	0.671292635858	0.0	0.606356822579	0.670756379548	0.675999778432	0.636085858294	0.632137662368	0.681196686022	0.676680471773	0.682216008131	0.62524860422	0.617174543611	0.651003474278	0.70022018338	0.668056580359	0.682206630106	0.715088852098	0.683646146574	0.704753754612	0.684909280075	0.69553080073	0.659317839111	0.689652517767	0.655355930462	0.697014016941	0.672536559668	0.722311244618	0.66956640401	0.687823821258	0.637927872725	0.702584683886
AA6	0.699663734246	0.686850674969	0.774783860307	0.703161047872	0.696046298548	0.670413964711	0.664841607339	0.674716802152	0.708516130531	0.670976397764	0.696228622326	0.668285052863	0.711078202705	0.727148985468	0.733087202861	0.685598680503	0.727466832801	0.713248816385	0.796311818471	0.710264585671	0.700766013363	0.67682524787	0.716337650917	0.694259717312	0.759046017538	0.701482516766	0.699244788486	0.676840624414	0.716626091343	0.683497875101	0.767600029163	0.710786061537	0.606356822579	0.0	0.70145636115	0.684019788311	0.66310388691	0.622783215093	0.67344890553	0.690061517427	0.6730470112	0.68832307028	0.663456851879	0.673098792909	0.437320737081	0.420498863959	0.69800446017	0.689905573883	0.679080986425	0.676526735361	0.693519238217	0.673717335283	0.691166207151	0.692798520029	0.689422251518	0.684419955715	0.680000772427	0.671894204476	0.693970991408	0.671513490441	0.675817125462	0.670807778448
AB5	0.665115053086	0.666576666691	0.709548219772	0.68009456076	0.681716971197	0.667667345122	0.675227353965	0.671253353627	0.688627364467	0.67702867831	0.662154139168	0.676875290299	0.68079200135	0.671094307055	0.705948231213	0.67467005684	0.705054528565	0.715149993584	0.764426364733	0.698651574162	0.721920604533	0.706003362225	0.728026481044	0.708640814625	0.736330507792	0.725015133443	0.699042249419	0.712057541804	0.695450198778	0.692286591981	0.770756792414	0.724370937841	0.670756379548	0.70145636115	0.0	0.438306104485	0.655719959929	0.663002490408	0.654180460388	0.641955309982	0.64876439739	0.676875826653	0.667324542703	0.643980695917	0.70226827259	0.708136399882	0.685186946036	0.703095094275	0.68226335564	0.714155101285	0.679044821699	0.693626834359	0.648557515875	0.691251269392	0.693176676869	0.673879616999	0.70434562389	0.706546344656	0.705738702198	0.708203708621	0.66690995215	0.702399689043
AB6	0.668786930743	0.653970889776	0.722873634939	0.670716422252	0.672702191896	0.661227401416	0.667022197438	0.667125412495	0.706161373285	0.674139481977	0.68155894123	0.672838363345	0.685666433073	0.695798822827	0.695348801472	0.655905984123	0.72025866428	0.711555779184	0.778596939706	0.688766130447	0.735218781152	0.69732086567	0.722544500029	0.705945522055	0.74113179274	0.715249361729	0.698964949172	0.712799793356	0.694877378987	0.684144740328	0.762449917104	0.718953582435	0.675999778432	0.684019788311	0.438306104485	0.0	0.665409724908	0.643890376989	0.637448787375	0.633439769755	0.635373099207	0.675779407542	0.655524879286	0.546221857419	0.681439638223	0.680358115759	0.658954936835	0.681927662688	0.643281772442	0.673400372781	0.671136278647	0.678673726664	0.64987033993	0.657862447712	0.672776518136	0.648843073421	0.674955242804	0.68814292619	0.672244344904	0.677427535613	0.667651155293	0.691110987711
AC5	0.638543912672	0.663052830176	0.716480255416	0.659144036719	0.681267011483	0.697031899344	0.687721229573	0.683130200433	0.651392253868	0.687661476954	0.645857439342	0.682175094138	0.668402661152	0.683332323079	0.680707758802	0.648960200378	0.676174630916	0.678760962631	0.767859187768	0.695574723871	0.712194282007	0.713019804748	0.693213518955	0.692426039446	0.733260509769	0.695676584578	0.671357608871	0.698115120334	0.66127006988	0.659212340909	0.748856577889	0.712356788705	0.636085858294	0.66310388691	0.655719959929	0.665409724908	0.0	0.483219569764	0.642193259534	0.657832011517	0.663984736243	0.673385694547	0.57886817141	0.646441450002	0.661242962319	0.651446160633	0.644417074227	0.700173012105	0.630807270816	0.684839222787	0.64550324506	0.646581801417	0.638002561453	0.655761692901	0.626512073452	0.65662520556	0.638858099956	0.675503046074	0.645852047632	0.684477367472	0.644520141629	0.691913646253
AC6	0.654395111747	0.632913462458	0.733097723528	0.642958709993	0.674561738209	0.668120324959	0.657201128807	0.665899707627	0.677742608359	0.67596692194	0.65881258437	0.652053699168	0.665155879767	0.674387622655	0.696338101329	0.635723613975	0.709327346922	0.69786101406	0.765230711803	0.672939079186	0.719976241813	0.700396278574	0.696672591042	0.671726449701	0.752277024478	0.69409690835	0.677555352122	0.681615032006	0.679281229206	0.640892074443	0.757718096181	0.689955492069	0.632137662368	0.622783215093	0.663002490408	0.643890376989	0.483219569764	0.0	0.628312685021	0.654054529367	0.638023102498	0.540847163451	0.490173940216	0.619834613316	0.649559687308	0.644121555406	0.642536159534	0.676741598607	0.622237220598	0.640464712843	0.644035541158	0.654020593603	0.64372689261	0.65516984201	0.65216265354	0.642887758039	0.612627634765	0.667835871489	0.6531744653	0.624293669889	0.654615510777	0.667808563569
AD6	0.678115754734	0.658895448301	0.760588665999	0.685618561569	0.682700996745	0.667770275746	0.624546477654	0.633929482716	0.672735586481	0.629430692482	0.669573535581	0.670184840483	0.687152824569	0.725278064136	0.692020627553	0.638407702295	0.714669828773	0.699768349023	0.785984926695	0.67981526709	0.718069828546	0.691424832451	0.693554222091	0.698463642354	0.75950009355	0.697479998632	0.685777752327	0.702994536641	0.691419103973	0.675050014321	0.752782784465	0.698199937808	0.681196686022	0.67344890553	0.654180460388	0.637448787375	0.642193259534	0.628312685021	0.0	0.480167120606	0.386061354387	0.670337132345	0.636677643872	0.656913416752	0.663859970141	0.669307321517	0.676988472219	0.645473929572	0.6527348846	0.650256801908	0.671380050395	0.679911598893	0.654540443588	0.655976796561	0.662117616413	0.662778760689	0.659164131999	0.690741646956	0.678208986642	0.643123515691	0.635036819305	0.661214380602
AE5	0.680552889277	0.668615168666	0.740307960729	0.682807944004	0.651512768319	0.650860413784	0.64023454259	0.632525197465	0.674035777078	0.640234331783	0.677105901946	0.656574526908	0.694613590496	0.712913990901	0.704225860042	0.660878055573	0.737547762461	0.696271321696	0.785064277067	0.677825978672	0.728803148077	0.707402990183	0.713154400788	0.698533342636	0.758420912696	0.708357679333	0.689314362166	0.70788696141	0.69609034734	0.675650733806	0.741726926986	0.706500910682	0.676680471773	0.690061517427	0.641955309982	0.633439769755	0.657832011517	0.654054529367	0.480167120606	0.0	0.397816387675	0.683925393101	0.648602717318	0.643560730568	0.681369513824	0.698275535411	0.67130372368	0.666062919007	0.653997119388	0.662875781387	0.67681028418	0.688409218867	0.649575130391	0.654006745262	0.667961203688	0.65028092934	0.664079568011	0.685016054639	0.674762438398	0.642930326869	0.646358619298	0.677633027339
AE6	0.681241447851	0.651039127135	0.758902778317	0.698306044097	0.651939320974	0.655973242627	0.619115906147	0.626183450671	0.687688642799	0.628363006947	0.689993940749	0.656567418119	0.70757000176	0.723591678119	0.694660594748	0.641251102203	0.725902011063	0.696129881758	0.790889478152	0.668910429874	0.728154364237	0.689475091498	0.720428142085	0.701684768546	0.758318398507	0.710126652254	0.698950544972	0.697692657434	0.699402859006	0.677317826587	0.759030025	0.695440676294	0.682216008131	0.6730470112	0.64876439739	0.635373099207	0.663984736243	0.638023102498	0.386061354387	0.397816387675	0.0	0.686800905302	0.651782392039	0.656535112246	0.667197402663	0.672108362136	0.672496557416	0.64437830979	0.648596380691	0.65209037117	0.679471000324	0.679664650433	0.645436555468	0.643106032326	0.660381092925	0.640273227629	0.665186375696	0.678102503508	0.66867235818	0.643356993372	0.638392344506	0.641569740582
AF5	0.678069449386	0.682907954363	0.705555137227	0.672189577449	0.67718926743	0.67555601811	0.680417508184	0.695616556174	0.638506467908	0.684140577754	0.675844749453	0.675246691432	0.672937699262	0.680441038501	0.699424793616	0.680733339534	0.706806365292	0.688571264676	0.74023510896	0.668446367354	0.727560034745	0.715222797042	0.691673667333	0.704457556944	0.755450238608	0.701201842674	0.676561186175	0.697668273817	0.689073424558	0.663879703512	0.748247257854	0.702243375747	0.62524860422	0.68832307028	0.676875826653	0.675779407542	0.673385694547	0.540847163451	0.670337132345	0.683925393101	0.686800905302	0.0	0.487839386514	0.66514784273	0.706252737579	0.707925184189	0.699811393762	0.722082716353	0.688172074993	0.675744290115	0.693135901478	0.705596810695	0.685133259077	0.708605685214	0.704170612208	0.703540980142	0.662094473176	0.716308791729	0.699232051238	0.667883400202	0.666113676029	0.718701198402
AF6	0.669662581395	0.663072843252	0.700437970714	0.66488533887	0.643880508943	0.670585032759	0.66072894268	0.670008335271	0.656560079182	0.663033175011	0.669321517414	0.661034038359	0.666075226941	0.685926938342	0.669659700272	0.656516094514	0.687652852495	0.6774779575	0.734959358219	0.660506195372	0.726667817558	0.710874716815	0.669426983841	0.664524355401	0.729219591037	0.667023810396	0.682402612037	0.692595420067	0.670337360771	0.656307700134	0.74701602797	0.702448580751	0.617174543611	0.663456851879	0.667324542703	0.655524879286	0.57886817141	0.490173940216	0.636677643872	0.648602717318	0.651782392039	0.487839386514	0.0	0.642253353769	0.684995589556	0.680060924763	0.672958708008	0.693825135445	0.652686103311	0.671232890685	0.672415350812	0.682288861589	0.668567374392	0.684481824975	0.665456876695	0.678147821622	0.652707595898	0.700004962282	0.668915126766	0.664933175119	0.651116863111	0.697313586837
