	AA3	AA4	AB3	AB4	AC3	AC4	AD3	AD4	AE3	AE4	AF3	AF4	AG3	AG4	AH3	AH4	AA7	AA8	AB7	AB8	AC7	AC8	AD7	AD8	AE7	AE8	AF7	AF8	AG7	AG8	AH7	AH8	AA5	AA6	AB5	AB6	AC5	AC6	AD6	AE5	AE6	AF5	AF6	AG5	AH5	AH6	AA1	AA2	AB1	AB2	AC1	AC2	AD1	AD2	AE1	AE2	AF1	AF2	AG1	AG2	AH1	AH2
AA3	0.0	0.503264947619	0.679497237203	0.651757662674	0.675628409412	0.690702122645	0.697900962141	0.698070429418	0.664719035134	0.701181341769	0.657305166482	0.679533832165	0.671553846837	0.625265954464	0.681544762608	0.496755452517	0.692265701013	0.693373546807	0.769344686536	0.694122658702	0.710029557087	0.693502791646	0.674185936215	0.711132200642	0.733924829804	0.707720517524	0.671452255553	0.705634057048	0.706809868039	0.693689215472	0.748035619435	0.70622907111	0.648760873251	0.699654979705	0.685253613611	0.67346031153	0.647218686874	0.661200376141	0.690455313398	0.67768361159	0.674433950471	0.68527403024	0.652399214429	0.675243685117	0.706361178261	0.704691614222	0.673444436301	0.69476593917	0.649561529399	0.69026302511	0.674169935502	0.687692453136	0.640879950721	0.667532790609	0.676837468149	0.6820702475	0.659305898115	0.694053820048	0.651740768565	0.685758836354	0.649352370431	0.677309976089
AA4	0.503264947619	0.0	0.711292219701	0.636867784903	0.651129020398	0.655639118779	0.661218747471	0.660142254388	0.676800780262	0.666056491824	0.660872726059	0.643499418672	0.668284881638	0.653550937275	0.497675346832	0.349073297123	0.697191051037	0.681092394793	0.775647474267	0.682663284571	0.711821927761	0.67606999536	0.686248930605	0.695176826705	0.733009966244	0.68606169582	0.649827911549	0.679065318061	0.692594654079	0.675852547247	0.745506185286	0.684630279713	0.672289084406	0.682701502697	0.66762639716	0.662028429474	0.656374165893	0.640201138822	0.671612848961	0.665539467449	0.64034011766	0.666376408879	0.650919524557	0.642600725441	0.66904648651	0.673996248189	0.667807360314	0.652670087159	0.651638896419	0.661555710448	0.653822551483	0.679408698577	0.645632485529	0.649042681847	0.660968086985	0.660676630828	0.642033366816	0.683178927101	0.653696598197	0.652090065179	0.642003543763	0.634564653416
AB3	0.679497237203	0.711292219701	0.0	0.665330842219	0.68919636306	0.723366899746	0.753167874711	0.751718505411	0.686146118934	0.755374030129	0.689664593486	0.726726494159	0.717495488135	0.564037077202	0.703258072399	0.713497571612	0.70678250492	0.726469739302	0.691072546376	0.68815841863	0.729193246392	0.752141417666	0.719136447448	0.752133932057	0.723194052342	0.761216054929	0.715737133346	0.755853424847	0.700787980999	0.702853605537	0.7509199061	0.740292231628	0.687480156813	0.765080374043	0.703994506308	0.733134130648	0.708353979683	0.734233705259	0.763202943324	0.748943681123	0.760706008156	0.704049041942	0.690446086488	0.724945087697	0.783506680617	0.775708736443	0.762178414063	0.765053013072	0.724314085349	0.768459545832	0.747320602005	0.776184270011	0.745161550376	0.760644427018	0.745895897296	0.774395448363	0.759392576802	0.763943755515	0.750256214383	0.76482870219	0.717797937153	0.758649777635
AB4	0.651757662674	0.636867784903	0.665330842219	0.0	0.686917429816	0.68289312865	0.710198212725	0.712701228485	0.677541967705	0.714030317919	0.665617069787	0.685533204471	0.465050057832	0.509988651096	0.669946088907	0.652893475963	0.702041139327	0.699143097447	0.748150819756	0.67963001987	0.692106298805	0.685087112773	0.688792489385	0.701917585891	0.713832828858	0.697166801049	0.665327994494	0.698475695026	0.68228726601	0.686775876938	0.731022948452	0.709910003806	0.685908441404	0.703470308087	0.683117944997	0.699755300857	0.678631047343	0.668213862624	0.692875593738	0.698760384531	0.708661985321	0.674150550584	0.672361911505	0.691309282505	0.723607996739	0.730847196587	0.698961985283	0.689995626765	0.658019477743	0.700435129196	0.709159458979	0.722190636051	0.677971899576	0.682659391454	0.687574430891	0.687964160431	0.69309886334	0.722713344116	0.702261466106	0.702451430715	0.667879443266	0.695425928562
AC3	0.675628409412	0.651129020398	0.68919636306	0.686917429816	0.0	0.493893786849	0.671127257796	0.659035718294	0.646438657683	0.660101122347	0.688796508753	0.446136082555	0.69105005445	0.678269345034	0.652016892241	0.651974286448	0.674133521066	0.660540025939	0.750111015936	0.673458100347	0.70802110918	0.700449904019	0.707744344321	0.720696158233	0.709974048398	0.716911951269	0.69801491602	0.702868727141	0.691162933206	0.674571996004	0.739053237896	0.689208699756	0.655950204844	0.688191958133	0.680780723132	0.681451334534	0.686978480896	0.664547796082	0.674849756926	0.648521128635	0.65052567537	0.648636632195	0.656281421658	0.657573533402	0.714492469974	0.69912642238	0.715437998528	0.690890046252	0.683373026835	0.671500982165	0.668800543807	0.696807829934	0.673837570158	0.680032507567	0.667422895436	0.688913823797	0.700464266647	0.689628954884	0.684453551065	0.664229164629	0.676459110376	0.690512602829
AC4	0.690702122645	0.655639118779	0.723366899746	0.68289312865	0.493893786849	0.0	0.672730523659	0.651677094869	0.670295396796	0.657266455529	0.52296743294	0.394425827468	0.684834072072	0.684722491533	0.672364658506	0.643948460184	0.694792862432	0.664462317907	0.758254007559	0.662060602664	0.704348680255	0.675991426037	0.701396580694	0.701763079663	0.738051756732	0.704555788283	0.69067817723	0.679839864251	0.689598841666	0.661875768874	0.735744798957	0.68428175464	0.668009873854	0.66688833818	0.676539575693	0.664919582573	0.686051636264	0.641982761097	0.657711871063	0.64888331851	0.642767137391	0.658267062798	0.670326654279	0.651270238573	0.675373133255	0.652917400528	0.730035057184	0.690456207306	0.686193331973	0.669414856773	0.683839801417	0.686136551555	0.679127185555	0.675933293843	0.684472013446	0.692137699451	0.685491221593	0.682052884282	0.680022144017	0.666318813563	0.671517123801	0.676774076067
AD3	0.697900962141	0.661218747471	0.753167874711	0.710198212725	0.671127257796	0.672730523659	0.0	0.391026612055	0.684728914088	0.32797757341	0.70486054697	0.660696482352	0.718900908323	0.695262826856	0.689765615285	0.662180101	0.724930962423	0.688313312021	0.779531306687	0.67235016638	0.719012096654	0.696541070978	0.715135627136	0.704508313147	0.726714704822	0.697618201043	0.68692466687	0.677656899548	0.711267698916	0.6739572222	0.729233996497	0.691029585949	0.698656997458	0.672969395829	0.67130748955	0.672151584555	0.682780816412	0.672464585062	0.637253965748	0.646573131434	0.621916379064	0.685312872479	0.667824164538	0.672596305503	0.68841724457	0.687697100014	0.692009190092	0.676931454449	0.672726718046	0.654172165431	0.69132842987	0.688774144622	0.669502742243	0.671057929073	0.678688158496	0.668663586216	0.677470362633	0.673832786367	0.684296238144	0.646649373158	0.694909183347	0.665872916499
AD4	0.698070429418	0.660142254388	0.751718505411	0.712701228485	0.659035718294	0.651677094869	0.391026612055	0.0	0.608965516825	0.369977448415	0.697345279221	0.638357846145	0.701144580013	0.693730685887	0.682673670315	0.65678148756	0.706958866516	0.678049297555	0.782466355454	0.663401334783	0.71006055979	0.681291165214	0.693021893255	0.695619419776	0.7409991192	0.692616511001	0.678516867922	0.661785882267	0.693284026076	0.669917980968	0.715887591712	0.681713535038	0.681040507863	0.666512887808	0.681460837065	0.673025183589	0.674558481633	0.673274856401	0.638903458224	0.646556463393	0.622283154565	0.674018117919	0.662362029386	0.662107677442	0.674075704978	0.670194888607	0.695113826776	0.661279114388	0.668883811264	0.660335994265	0.683584115588	0.688961202666	0.657617583507	0.661532068866	0.669283774429	0.662122723789	0.677844973516	0.663441991348	0.689126568878	0.653706479526	0.678737574994	0.654438145286
AE3	0.664719035134	0.676800780262	0.686146118934	0.677541967705	0.646438657683	0.670295396796	0.684728914088	0.608965516825	0.0	0.65010637585	0.658844472155	0.670199990563	0.666023475028	0.649522113767	0.664764771905	0.668868920847	0.674527801653	0.680510402883	0.76966984238	0.686086246219	0.706433353406	0.711753200274	0.644149376332	0.679410975949	0.727728538252	0.688179804254	0.663921854967	0.699710176901	0.655265875969	0.675550803828	0.720859286334	0.693308651139	0.641005175447	0.717262841994	0.694477841139	0.690273902135	0.655042900019	0.672609181122	0.667874127158	0.682594581257	0.679439976357	0.647340167972	0.658684915625	0.658589548115	0.732183559128	0.715895105238	0.709072817692	0.71038771	0.699983290585	0.714041530306	0.699869525486	0.730688285022	0.677940090162	0.687294404332	0.653844488479	0.711760993346	0.707308411932	0.723625812525	0.703274619903	0.711726761622	0.653920225126	0.725167422449
AE4	0.701181341769	0.666056491824	0.755374030129	0.714030317919	0.660101122347	0.657266455529	0.32797757341	0.369977448415	0.65010637585	0.0	0.707248784513	0.645056792838	0.719234978737	0.698559553205	0.692648077921	0.67210611107	0.715499716159	0.675092753639	0.785873620314	0.666708628021	0.724772759578	0.686408242812	0.709895870349	0.705127864455	0.739566015605	0.701191417153	0.690805014525	0.668264482795	0.69123634616	0.659643358568	0.720081275876	0.689418533334	0.693600739199	0.672463432777	0.684564045881	0.677125179191	0.687565427244	0.674787939183	0.634950565394	0.646883627181	0.612993249589	0.699159159715	0.674568793981	0.662427541525	0.693799448218	0.683419668785	0.700609702834	0.668044533765	0.685201539809	0.666093542851	0.695425713873	0.684612511855	0.681475603296	0.6804812721	0.679060676592	0.678344108146	0.682862949138	0.669073701022	0.689877507735	0.656877815589	0.702325190733	0.670835650557
AF3	0.657305166482	0.660872726059	0.689664593486	0.665617069787	0.688796508753	0.52296743294	0.70486054697	0.697345279221	0.658844472155	0.707248784513	0.0	0.572121867262	0.674319794262	0.664492724819	0.661483151377	0.655761089413	0.686450814706	0.68400741906	0.753572220395	0.682266887798	0.690467204454	0.716010439273	0.680736344908	0.701396724957	0.76159228524	0.718654278449	0.686567999888	0.701024898826	0.697885873751	0.669284794578	0.713876674915	0.687843311324	0.640510245251	0.687504174674	0.66800982381	0.683609197059	0.654854100263	0.65239058941	0.682574904099	0.668325323446	0.689418922716	0.672911951328	0.664411326074	0.671378713638	0.692790249678	0.692638448239	0.720762382649	0.707196576624	0.691002579998	0.705589309532	0.703119135051	0.721850547191	0.695079458294	0.707928578478	0.698498290824	0.718503915365	0.686388456883	0.727518721536	0.678679725699	0.718419030704	0.641927410703	0.691371699452
AF4	0.679533832165	0.643499418672	0.726726494159	0.685533204471	0.446136082555	0.394425827468	0.660696482352	0.638357846145	0.670199990563	0.645056792838	0.572121867262	0.0	0.676913731054	0.682735989285	0.680927637553	0.649415063808	0.68984840182	0.662857910456	0.762513057446	0.66049084337	0.696896553793	0.674634440191	0.702231982955	0.705482376447	0.740284677734	0.715199073155	0.692380178866	0.675393680466	0.701863117472	0.662705812181	0.73935284405	0.689361093467	0.670716959305	0.661572130956	0.678501652612	0.662476213806	0.682397910383	0.661248385953	0.655850498176	0.641012720343	0.64185640116	0.669467704331	0.669149093332	0.647772576794	0.673859841371	0.670899079294	0.721279590089	0.691052700096	0.684047166431	0.67327992788	0.674405414063	0.68532036273	0.688343658373	0.674524057115	0.678009925979	0.683663987372	0.686324635926	0.675662571484	0.683070720045	0.669335191693	0.671936668021	0.674318397644
AG3	0.671553846837	0.668284881638	0.717495488135	0.465050057832	0.69105005445	0.684834072072	0.718900908323	0.701144580013	0.666023475028	0.719234978737	0.674319794262	0.676913731054	0.0	0.559351417081	0.67903720918	0.665901808557	0.696731797452	0.688425615864	0.76877708678	0.690475701655	0.689572269232	0.71277950374	0.662876750178	0.699488951227	0.73451965079	0.701382716569	0.670532311706	0.705639818908	0.701610370155	0.70712539166	0.737201249463	0.71540916725	0.676118466685	0.710544620754	0.705984154514	0.697955148869	0.694666143397	0.671947744562	0.706245304708	0.690661016484	0.697029215291	0.654084957378	0.669951278466	0.666302946452	0.709519303741	0.720324851132	0.701378704584	0.69134018762	0.657385278365	0.700809087506	0.699054446376	0.729920884507	0.683164447533	0.682151431313	0.669382697113	0.682976881667	0.691474449899	0.7299159661	0.690965523986	0.690217529782	0.696750663774	0.714971534457
AG4	0.625265954464	0.653550937275	0.564037077202	0.509988651096	0.678269345034	0.684722491533	0.695262826856	0.693730685887	0.649522113767	0.698559553205	0.664492724819	0.682735989285	0.559351417081	0.0	0.652515957989	0.65161933189	0.70405817505	0.705348577005	0.732082937714	0.679513492876	0.709669160108	0.71060924948	0.671483295062	0.698513285789	0.722389862208	0.70523392577	0.683459786082	0.715173541734	0.664153869142	0.670742844597	0.744118398615	0.718652373597	0.667314776381	0.726463959133	0.667712391568	0.679762698321	0.673012183197	0.66856035349	0.709268662223	0.696080512429	0.707108139779	0.644965693157	0.650429070126	0.673994055406	0.739524078836	0.742011409047	0.707852531085	0.707437059934	0.671378845067	0.713260660621	0.701725390588	0.720254770422	0.67899988459	0.703825494553	0.699915203652	0.712857996018	0.702450400233	0.706581419167	0.711163268886	0.706357199958	0.666686726995	0.710104588347
AH3	0.681544762608	0.497675346832	0.703258072399	0.669946088907	0.652016892241	0.672364658506	0.689765615285	0.682673670315	0.664764771905	0.692648077921	0.661483151377	0.680927637553	0.67903720918	0.652515957989	0.0	0.513179098104	0.668088424826	0.687404833608	0.769281306309	0.700283605129	0.716966116629	0.711229118872	0.682559210603	0.700268650771	0.732015147466	0.699831522575	0.690771358021	0.72054160088	0.688611381791	0.693513353288	0.746269751163	0.694786939759	0.65878794831	0.72405089475	0.680012354932	0.693477366834	0.667981577472	0.662207165797	0.683901226463	0.679792137773	0.665300180005	0.670977281807	0.660645492831	0.663039460806	0.712020871024	0.709448351159	0.710553272977	0.674397101289	0.699157221836	0.699349621425	0.703140658298	0.740573127356	0.694697140831	0.682093844889	0.658901118585	0.701358760326	0.697915463956	0.719930606186	0.708894949372	0.690958170237	0.686992739737	0.685685482955
AH4	0.496755452517	0.349073297123	0.713497571612	0.652893475963	0.651974286448	0.643948460184	0.662180101	0.65678148756	0.668868920847	0.67210611107	0.655761089413	0.649415063808	0.665901808557	0.65161933189	0.513179098104	0.0	0.694518785557	0.670856306822	0.777711830679	0.678012494679	0.702095458861	0.677596118868	0.671582158198	0.68881605569	0.729230377135	0.682078684661	0.664754962257	0.684258419165	0.694772836947	0.680307048385	0.743877322847	0.67960627643	0.670083734713	0.684660954983	0.666450511384	0.6499560289	0.665145756916	0.646177733036	0.667812488516	0.669964109858	0.630391387037	0.661300314914	0.646465310586	0.645803905185	0.679083714747	0.670714782991	0.675460872426	0.641780797632	0.653244875223	0.658814585082	0.664554663614	0.684473035212	0.648644903074	0.636239416445	0.650238614576	0.658834957123	0.655431077915	0.674519022296	0.662330306257	0.658213555397	0.646783493315	0.636677661077
AA7	0.692265701013	0.697191051037	0.70678250492	0.702041139327	0.674133521066	0.694792862432	0.724930962423	0.706958866516	0.674527801653	0.715499716159	0.686450814706	0.68984840182	0.696731797452	0.70405817505	0.668088424826	0.694518785557	0.0	0.512707022977	0.754418225967	0.674898717423	0.666375223035	0.684249303059	0.674408389321	0.690246292076	0.695077681584	0.698080782564	0.674819167387	0.680960913098	0.674137811141	0.656857101364	0.704833801601	0.554975448312	0.666922518191	0.730026566237	0.718554010657	0.721765617879	0.670838122133	0.700436550809	0.698665777748	0.737773112108	0.725571494887	0.704255539518	0.713082903148	0.71112968913	0.735840693173	0.733713154813	0.740580536884	0.729356121	0.709468620606	0.748823368825	0.718153237547	0.746493999891	0.694208189873	0.702351632579	0.69253822084	0.728488975652	0.730672385936	0.745875279745	0.741769657984	0.751165324152	0.690153587973	0.716766069071
AA8	0.693373546807	0.681092394793	0.726469739302	0.699143097447	0.660540025939	0.664462317907	0.688313312021	0.678049297555	0.680510402883	0.675092753639	0.68400741906	0.662857910456	0.688425615864	0.705348577005	0.687404833608	0.670856306822	0.512707022977	0.0	0.76063702643	0.632733243608	0.631001739003	0.647974063027	0.669157458748	0.663697978728	0.698063650892	0.678281520748	0.677048607369	0.647791240275	0.650852739345	0.630729538967	0.543321766157	0.411671157958	0.67442863337	0.70867920306	0.715860786366	0.705363200126	0.685196615932	0.694802147848	0.710347482178	0.711385085078	0.695400937922	0.684545054408	0.690134021093	0.690250197716	0.713474310397	0.708261352308	0.728799540157	0.709888030987	0.702767963862	0.716363404911	0.714136216138	0.733789563005	0.676325840341	0.683034853366	0.680659005441	0.710386990037	0.72536041361	0.727959556542	0.725239653492	0.719685286553	0.694212213783	0.70461420085
AB7	0.769344686536	0.775647474267	0.691072546376	0.748150819756	0.750111015936	0.758254007559	0.779531306687	0.782466355454	0.76966984238	0.785873620314	0.753572220395	0.762513057446	0.76877708678	0.732082937714	0.769281306309	0.777711830679	0.754418225967	0.76063702643	0.0	0.573349041484	0.744994804789	0.76665321661	0.776674174642	0.793316386361	0.740958623547	0.783103173671	0.769691523699	0.771699803491	0.752873922289	0.609903633357	0.754898833568	0.760090062541	0.77799188882	0.786993586457	0.77578692657	0.796396313949	0.76744278185	0.761275942069	0.795898087946	0.790071450897	0.792153594507	0.731938860736	0.74183257767	0.779256155412	0.798890754337	0.805130619927	0.825790501516	0.803210620964	0.773569065382	0.78954371846	0.801760429675	0.806393690176	0.794145843421	0.799986351146	0.786504779173	0.801911594402	0.788181339341	0.807473704254	0.80567959638	0.7993007977	0.783200924637	0.787378064457
AB8	0.694122658702	0.682663284571	0.68815841863	0.67963001987	0.673458100347	0.662060602664	0.67235016638	0.663401334783	0.686086246219	0.666708628021	0.682266887798	0.66049084337	0.690475701655	0.679513492876	0.700283605129	0.678012494679	0.674898717423	0.632733243608	0.573349041484	0.0	0.643102745434	0.63554564662	0.662814925694	0.661359259979	0.686749833895	0.659108045723	0.665526413122	0.646605227057	0.48371669757	0.37261169775	0.681915231457	0.635750939432	0.690163390557	0.678034036758	0.698807042839	0.686271189187	0.67297112532	0.66529514983	0.673982692392	0.702352662994	0.667157301485	0.664988177865	0.643768233416	0.665826313367	0.687868896336	0.678067662823	0.742272153016	0.699596454695	0.672550823799	0.69865003953	0.701278460658	0.727332260073	0.666251934228	0.6698170985	0.676998908618	0.685026469215	0.691901135734	0.714103812806	0.707337870797	0.699643513336	0.665425789539	0.685422063249
AC7	0.710029557087	0.711821927761	0.729193246392	0.692106298805	0.70802110918	0.704348680255	0.719012096654	0.71006055979	0.706433353406	0.724772759578	0.690467204454	0.696896553793	0.689572269232	0.709669160108	0.716966116629	0.702095458861	0.666375223035	0.631001739003	0.744994804789	0.643102745434	0.0	0.523644862026	0.68400911884	0.684023179413	0.693352809935	0.680936478224	0.688737265951	0.598431392955	0.6410904439	0.632401981994	0.66364086964	0.660986966353	0.713229838245	0.696721414457	0.73339669325	0.744238008533	0.713760775826	0.721043862474	0.70981774598	0.729172804848	0.720318871219	0.726292216831	0.729466366078	0.716209919425	0.704852509104	0.699639966374	0.759075917767	0.746617182282	0.694491632333	0.735162397797	0.744652518772	0.755184436978	0.699737988048	0.679627139354	0.70008074726	0.702118320832	0.741939887566	0.744271927749	0.745836299323	0.739482837732	0.702573911212	0.736835945076
AC8	0.693502791646	0.67606999536	0.752141417666	0.685087112773	0.700449904019	0.675991426037	0.696541070978	0.681291165214	0.711753200274	0.686408242812	0.716010439273	0.674634440191	0.71277950374	0.71060924948	0.711229118872	0.677596118868	0.684249303059	0.647974063027	0.76665321661	0.63554564662	0.523644862026	0.0	0.690074605455	0.675112446117	0.715550762661	0.662918685792	0.488768322793	0.422795163207	0.656546365107	0.637719800458	0.706083380805	0.65345528132	0.707816701136	0.673146272475	0.716917148404	0.698229616898	0.707583602516	0.694464617152	0.682702174352	0.707391059673	0.689305880649	0.719388283052	0.711253630519	0.685571201507	0.68527283524	0.673978353171	0.73142325378	0.702431305949	0.669901891763	0.689832137375	0.70215915706	0.697632079329	0.66761531789	0.655577105169	0.687149683861	0.667588057024	0.693787320646	0.694636287943	0.718844862238	0.705273581716	0.67997321259	0.669992271098
AD7	0.674185936215	0.686248930605	0.719136447448	0.688792489385	0.707744344321	0.701396580694	0.715135627136	0.693021893255	0.644149376332	0.709895870349	0.680736344908	0.702231982955	0.662876750178	0.671483295062	0.682559210603	0.671582158198	0.674408389321	0.669157458748	0.776674174642	0.662814925694	0.68400911884	0.690074605455	0.0	0.469980917383	0.705365570422	0.499387664517	0.670417273146	0.682405086492	0.648074042424	0.670487616284	0.704015897308	0.696015279106	0.653267281251	0.697323915207	0.725478162985	0.697826888271	0.683946730089	0.666943261564	0.678838998198	0.708505487612	0.695550446305	0.658737418646	0.66757331969	0.67561240764	0.706374395646	0.700678318014	0.718925167332	0.696444180472	0.677626582071	0.708214294112	0.704016162443	0.729644024039	0.67531844628	0.659805529898	0.652165211196	0.698016131161	0.689191797952	0.713074990419	0.698179201891	0.704971327563	0.659680166975	0.701733062036
AD8	0.711132200642	0.695176826705	0.752133932057	0.701917585891	0.720696158233	0.701763079663	0.704508313147	0.695619419776	0.679410975949	0.705127864455	0.701396724957	0.705482376447	0.699488951227	0.698513285789	0.700268650771	0.68881605569	0.690246292076	0.663697978728	0.793316386361	0.661359259979	0.684023179413	0.675112446117	0.469980917383	0.0	0.582652245069	0.383419694221	0.65076654353	0.652502205829	0.660745887224	0.664702344516	0.696077209792	0.668652523797	0.68718899319	0.692655750526	0.733097904286	0.708545233346	0.703076572934	0.676508429813	0.688229301857	0.712165607511	0.705967301267	0.691253895333	0.696677479938	0.685459516322	0.70335810268	0.702513937976	0.724221319373	0.709713066088	0.678635191012	0.710211663938	0.705094541622	0.731385330394	0.681342559441	0.660404969334	0.676393210481	0.693940694569	0.702696279938	0.726298467312	0.711998263761	0.713490422739	0.68249153662	0.71112265787
AE7	0.733924829804	0.733009966244	0.723194052342	0.713832828858	0.709974048398	0.738051756732	0.726714704822	0.7409991192	0.727728538252	0.739566015605	0.76159228524	0.740284677734	0.73451965079	0.722389862208	0.732015147466	0.729230377135	0.695077681584	0.698063650892	0.740958623547	0.686749833895	0.693352809935	0.715550762661	0.705365570422	0.582652245069	0.0	0.501526611727	0.713361382453	0.711095403563	0.687345192802	0.693056661684	0.732206390687	0.663406356283	0.732137723912	0.749837564767	0.739318103104	0.749971552767	0.727738262642	0.741355911753	0.751410055645	0.763071821726	0.760104554893	0.735793409312	0.739446419001	0.737836336541	0.75952837221	0.758055198966	0.774533325751	0.771232690675	0.717277444442	0.758023531974	0.764018801623	0.792695910006	0.742494317907	0.732533123165	0.740964460018	0.755546036164	0.772848417975	0.77862895241	0.782555482285	0.76552447864	0.748028747669	0.778808343808
AE8	0.707720517524	0.68606169582	0.761216054929	0.697166801049	0.716911951269	0.704555788283	0.697618201043	0.692616511001	0.688179804254	0.701191417153	0.718654278449	0.715199073155	0.701382716569	0.70523392577	0.699831522575	0.682078684661	0.698080782564	0.678281520748	0.783103173671	0.659108045723	0.680936478224	0.662918685792	0.499387664517	0.383419694221	0.501526611727	0.0	0.661866186375	0.672218085758	0.66074576531	0.662767315071	0.716344737346	0.682268772533	0.693795497503	0.703018262063	0.729358519707	0.714170242664	0.711406794275	0.687197038013	0.691667015716	0.728999930004	0.706932809994	0.694745279058	0.711307029413	0.695443988713	0.711782793878	0.7075486388	0.725522891853	0.708163251862	0.681251848248	0.703673881943	0.717156105423	0.732016474096	0.679951620224	0.652417156633	0.683939232575	0.691170947942	0.712648144754	0.721299877547	0.72260683504	0.713429582304	0.690087010248	0.71118769031
AF7	0.671452255553	0.649827911549	0.715737133346	0.665327994494	0.69801491602	0.69067817723	0.68692466687	0.678516867922	0.663921854967	0.690805014525	0.686567999888	0.692380178866	0.670532311706	0.683459786082	0.690771358021	0.664754962257	0.674819167387	0.677048607369	0.769691523699	0.665526413122	0.688737265951	0.488768322793	0.670417273146	0.65076654353	0.713361382453	0.661866186375	0.0	0.44533378268	0.656723839117	0.658255724472	0.722761785119	0.680586275061	0.663330618924	0.702133221656	0.695913269935	0.681783179803	0.671372164663	0.668434287049	0.660721383171	0.687969681666	0.678433941392	0.673695532645	0.68284552552	0.65468603504	0.715905426244	0.709208716323	0.713413497466	0.695341950447	0.676006044092	0.694515968807	0.679150122636	0.71151354782	0.663789024775	0.661410611621	0.675483879125	0.661750024494	0.659805952856	0.703628100348	0.69419878364	0.693097594946	0.665293872613	0.67144161381
AF8	0.705634057048	0.679065318061	0.755853424847	0.698475695026	0.702868727141	0.679839864251	0.677656899548	0.661785882267	0.699710176901	0.668264482795	0.701024898826	0.675393680466	0.705639818908	0.715173541734	0.72054160088	0.684258419165	0.680960913098	0.647791240275	0.771699803491	0.646605227057	0.598431392955	0.422795163207	0.682405086492	0.652502205829	0.711095403563	0.672218085758	0.44533378268	0.0	0.658353942932	0.637064749024	0.70879589294	0.647419688229	0.695108218722	0.684551839613	0.723147597892	0.70273815911	0.691081387977	0.68579210485	0.671979477514	0.699668786321	0.682538843409	0.692904383142	0.695373429447	0.665766724154	0.692572901475	0.687337680392	0.731943895109	0.710083727898	0.671359351312	0.689592903204	0.688127686927	0.708750934428	0.674019457931	0.656831587811	0.6765791361	0.653092057265	0.670780460245	0.689606935374	0.702083291374	0.681044153586	0.673962706973	0.684042442567
AG7	0.706809868039	0.692594654079	0.700787980999	0.68228726601	0.691162933206	0.689598841666	0.711267698916	0.693284026076	0.655265875969	0.69123634616	0.697885873751	0.701863117472	0.701610370155	0.664153869142	0.688611381791	0.694772836947	0.674137811141	0.650852739345	0.752873922289	0.48371669757	0.6410904439	0.656546365107	0.648074042424	0.660745887224	0.687345192802	0.66074576531	0.656723839117	0.658353942932	0.0	0.450229897775	0.682110330739	0.673653815337	0.683189254057	0.711082734029	0.714942593982	0.685572560685	0.668792600634	0.679195458411	0.678801353933	0.711418291152	0.688116659871	0.686630284309	0.666587052717	0.670068062814	0.708520017825	0.697893230577	0.744666387525	0.713774384029	0.68509954717	0.720266684038	0.701089224964	0.744188685776	0.672025304049	0.684420089508	0.683582946875	0.703240538758	0.69925001425	0.725533239579	0.715937820401	0.718279435326	0.666074173976	0.714713553096
AG8	0.693689215472	0.675852547247	0.702853605537	0.686775876938	0.674571996004	0.661875768874	0.6739572222	0.669917980968	0.675550803828	0.659643358568	0.669284794578	0.662705812181	0.70712539166	0.670742844597	0.693513353288	0.680307048385	0.656857101364	0.630729538967	0.609903633357	0.37261169775	0.632401981994	0.637719800458	0.670487616284	0.664702344516	0.693056661684	0.662767315071	0.658255724472	0.637064749024	0.450229897775	0.0	0.691264428533	0.642150536185	0.680385189917	0.68172785223	0.697920720909	0.675452069541	0.652580123464	0.655335065432	0.66740228911	0.6864465059	0.664324606316	0.672044858009	0.646647554243	0.661056699112	0.682872793846	0.676490723706	0.736604094018	0.697904607127	0.67062651374	0.686612764852	0.694253542703	0.712321269448	0.659390562894	0.674480237795	0.670284509848	0.685521528042	0.681902162193	0.707599634652	0.693699748907	0.696737859484	0.669744626867	0.688894143973
AH7	0.748035619435	0.745506185286	0.7509199061	0.731022948452	0.739053237896	0.735744798957	0.729233996497	0.715887591712	0.720859286334	0.720081275876	0.713876674915	0.73935284405	0.737201249463	0.744118398615	0.746269751163	0.743877322847	0.704833801601	0.543321766157	0.754898833568	0.681915231457	0.66364086964	0.706083380805	0.704015897308	0.696077209792	0.732206390687	0.716344737346	0.722761785119	0.70879589294	0.682110330739	0.691264428533	0.0	0.536883013568	0.722880896752	0.760676658548	0.779139609526	0.772754165258	0.756884770932	0.745088551563	0.757525492482	0.745210677282	0.750167156202	0.743823953776	0.761059107189	0.745756290291	0.76881058501	0.762493297865	0.769307405293	0.759997980582	0.74517732127	0.763651626229	0.77339380055	0.786940100917	0.737605590291	0.739736189734	0.733907578177	0.752495854964	0.771376405591	0.791696616998	0.779624988602	0.766137996676	0.746713202734	0.754675209696
AH8	0.70622907111	0.684630279713	0.740292231628	0.709910003806	0.689208699756	0.68428175464	0.691029585949	0.681713535038	0.693308651139	0.689418533334	0.687843311324	0.689361093467	0.71540916725	0.718652373597	0.694786939759	0.67960627643	0.554975448312	0.411671157958	0.760090062541	0.635750939432	0.660986966353	0.65345528132	0.696015279106	0.668652523797	0.663406356283	0.682268772533	0.680586275061	0.647419688229	0.673653815337	0.642150536185	0.536883013568	0.0	0.692040739859	0.720592882777	0.725736499342	0.724617333242	0.697591064566	0.700284685723	0.702833858964	0.723926750483	0.701877697164	0.70184277831	0.719025094236	0.701485841305	0.723449358024	0.712872373312	0.732753970697	0.713466011894	0.707408871792	0.721321613831	0.715890076133	0.739648710098	0.692973512152	0.685943353074	0.689417345511	0.703805914548	0.732540366937	0.737212187599	0.744083541291	0.724764448067	0.702361672213	0.705180969888
AA5	0.648760873251	0.672289084406	0.687480156813	0.685908441404	0.655950204844	0.668009873854	0.698656997458	0.681040507863	0.641005175447	0.693600739199	0.640510245251	0.670716959305	0.676118466685	0.667314776381	0.65878794831	0.670083734713	0.666922518191	0.67442863337	0.77799188882	0.690163390557	0.713229838245	0.707816701136	0.653267281251	0.68718899319	0.732137723912	0.693795497503	0.663330618924	0.695108218722	0.683189254057	0.680385189917	0.722880896752	0.692040739859	0.0	0.600718464449	0.692554936871	0.671208297844	0.629108123426	0.631119600862	0.681034756564	0.670586479162	0.683761852499	0.644034485741	0.635209047279	0.650683698644	0.709154667126	0.66568922387	0.69144969517	0.688574721023	0.69162645236	0.703191449364	0.683250402801	0.717473454192	0.655443870446	0.687356680607	0.661526577687	0.694904297875	0.652529067145	0.702394611762	0.665529951089	0.698056157317	0.633281356399	0.701678812917
AA6	0.699654979705	0.682701502697	0.765080374043	0.703470308087	0.688191958133	0.66688833818	0.672969395829	0.666512887808	0.717262841994	0.672463432777	0.687504174674	0.661572130956	0.710544620754	0.726463959133	0.72405089475	0.684660954983	0.730026566237	0.70867920306	0.786993586457	0.678034036758	0.696721414457	0.673146272475	0.697323915207	0.692655750526	0.749837564767	0.703018262063	0.702133221656	0.684551839613	0.711082734029	0.68172785223	0.760676658548	0.720592882777	0.600718464449	0.0	0.697443677406	0.670799407526	0.658347321493	0.638061806123	0.673654440955	0.68301899234	0.670548446803	0.674005925122	0.668185095393	0.662827186021	0.457774896586	0.428525540576	0.709381587473	0.685266734428	0.667277748331	0.674836022684	0.684831084028	0.670563393018	0.672324906512	0.675977695694	0.688097424751	0.692056216605	0.667269800821	0.666288204416	0.68002481432	0.686704719758	0.657788631888	0.674609056076
AB5	0.685253613611	0.66762639716	0.703994506308	0.683117944997	0.680780723132	0.676539575693	0.67130748955	0.681460837065	0.694477841139	0.684564045881	0.66800982381	0.678501652612	0.705984154514	0.667712391568	0.680012354932	0.666450511384	0.718554010657	0.715860786366	0.77578692657	0.698807042839	0.73339669325	0.716917148404	0.725478162985	0.733097904286	0.739318103104	0.729358519707	0.695913269935	0.723147597892	0.714942593982	0.697920720909	0.779139609526	0.725736499342	0.692554936871	0.697443677406	0.0	0.462994180652	0.648986063306	0.680014006753	0.669492260865	0.64004091982	0.655176203143	0.690221918217	0.679638659407	0.659859309844	0.712731053408	0.702450218765	0.673565990995	0.691460128413	0.677815555306	0.708788001891	0.699307759638	0.705799124025	0.665424602051	0.70370995858	0.703786390971	0.695472724323	0.708564376488	0.698699385735	0.702398485351	0.712289399206	0.653277780162	0.695283636889
AB6	0.67346031153	0.662028429474	0.733134130648	0.699755300857	0.681451334534	0.664919582573	0.672151584555	0.673025183589	0.690273902135	0.677125179191	0.683609197059	0.662476213806	0.697955148869	0.679762698321	0.693477366834	0.6499560289	0.721765617879	0.705363200126	0.796396313949	0.686271189187	0.744238008533	0.698229616898	0.697826888271	0.708545233346	0.749971552767	0.714170242664	0.681783179803	0.70273815911	0.685572560685	0.675452069541	0.772754165258	0.724617333242	0.671208297844	0.670799407526	0.462994180652	0.0	0.640869808879	0.648967290587	0.649071902954	0.634291946185	0.635052035293	0.665893983816	0.64629249294	0.534964000655	0.677713285061	0.667724010511	0.671708994129	0.670431186228	0.650892214163	0.678387227885	0.66831626039	0.673710563643	0.65471862383	0.683825612751	0.675506678291	0.677298364176	0.657109283026	0.675761963624	0.653357876924	0.678045039755	0.653201613824	0.666694660255
AC5	0.647218686874	0.656374165893	0.708353979683	0.678631047343	0.686978480896	0.686051636264	0.682780816412	0.674558481633	0.655042900019	0.687565427244	0.654854100263	0.682397910383	0.694666143397	0.673012183197	0.667981577472	0.665145756916	0.670838122133	0.685196615932	0.76744278185	0.67297112532	0.713760775826	0.707583602516	0.683946730089	0.703076572934	0.727738262642	0.711406794275	0.671372164663	0.691081387977	0.668792600634	0.652580123464	0.756884770932	0.697591064566	0.629108123426	0.658347321493	0.648986063306	0.640869808879	0.0	0.496650356183	0.6359121197	0.655816284334	0.663386231939	0.670220349438	0.580206814355	0.633339455606	0.657073796889	0.658642605961	0.667702968586	0.690571795395	0.622249962463	0.680528438714	0.652448219948	0.672794394612	0.644269175904	0.648139871549	0.630530962813	0.671827849137	0.638897556127	0.672308555765	0.6395354203	0.686984754517	0.626202397771	0.683315725243
AC6	0.661200376141	0.640201138822	0.734233705259	0.668213862624	0.664547796082	0.641982761097	0.672464585062	0.673274856401	0.672609181122	0.674787939183	0.65239058941	0.661248385953	0.671947744562	0.66856035349	0.662207165797	0.646177733036	0.700436550809	0.694802147848	0.761275942069	0.66529514983	0.721043862474	0.694464617152	0.666943261564	0.676508429813	0.741355911753	0.687197038013	0.668434287049	0.68579210485	0.679195458411	0.655335065432	0.745088551563	0.700284685723	0.631119600862	0.638061806123	0.680014006753	0.648967290587	0.496650356183	0.0	0.62972316571	0.638975312821	0.634967171712	0.538184582048	0.45666186591	0.615483603384	0.661564938234	0.649630145739	0.665452373307	0.658490467094	0.611628256533	0.643085351446	0.65477709645	0.67130446103	0.662251644483	0.647444932946	0.649929992855	0.658876212701	0.610712177248	0.668294250033	0.640146759018	0.636937133448	0.634812615112	0.65129409065
AD6	0.690455313398	0.671612848961	0.763202943324	0.692875593738	0.674849756926	0.657711871063	0.637253965748	0.638903458224	0.667874127158	0.634950565394	0.682574904099	0.655850498176	0.706245304708	0.709268662223	0.683901226463	0.667812488516	0.698665777748	0.710347482178	0.795898087946	0.673982692392	0.70981774598	0.682702174352	0.678838998198	0.688229301857	0.751410055645	0.691667015716	0.660721383171	0.671979477514	0.678801353933	0.66740228911	0.757525492482	0.702833858964	0.681034756564	0.673654440955	0.669492260865	0.649071902954	0.6359121197	0.62972316571	0.0	0.527370545523	0.432206367175	0.665240062482	0.651653275342	0.647135692927	0.679358986667	0.683800219213	0.674069276994	0.6631671535	0.657246979786	0.650174098595	0.684252688357	0.687779213953	0.653270975453	0.653933468743	0.668842520695	0.666647249222	0.643528926952	0.674588165803	0.66886677062	0.654441594692	0.624501242897	0.65612037868
AE5	0.67768361159	0.665539467449	0.748943681123	0.698760384531	0.648521128635	0.64888331851	0.646573131434	0.646556463393	0.682594581257	0.646883627181	0.668325323446	0.641012720343	0.690661016484	0.696080512429	0.679792137773	0.669964109858	0.737773112108	0.711385085078	0.790071450897	0.702352662994	0.729172804848	0.707391059673	0.708505487612	0.712165607511	0.763071821726	0.728999930004	0.687969681666	0.699668786321	0.711418291152	0.6864465059	0.745210677282	0.723926750483	0.670586479162	0.68301899234	0.64004091982	0.634291946185	0.655816284334	0.638975312821	0.527370545523	0.0	0.391353435641	0.668854440336	0.643359134486	0.667592727541	0.678241737046	0.678210788582	0.67346954169	0.670826558865	0.638161091529	0.640801164364	0.662247167766	0.686278745346	0.628706894108	0.655523337224	0.651862282574	0.65464364787	0.65578186695	0.677095011146	0.65857216214	0.647867263025	0.63089772752	0.65937216121
AE6	0.674433950471	0.64034011766	0.760706008156	0.708661985321	0.65052567537	0.642767137391	0.621916379064	0.622283154565	0.679439976357	0.612993249589	0.689418922716	0.64185640116	0.697029215291	0.707108139779	0.665300180005	0.630391387037	0.725571494887	0.695400937922	0.792153594507	0.667157301485	0.720318871219	0.689305880649	0.695550446305	0.705967301267	0.760104554893	0.706932809994	0.678433941392	0.682538843409	0.688116659871	0.664324606316	0.750167156202	0.701877697164	0.683761852499	0.670548446803	0.655176203143	0.635052035293	0.663386231939	0.634967171712	0.432206367175	0.391353435641	0.0	0.665935472813	0.627740670419	0.647130425547	0.667757032315	0.652575493613	0.679597727274	0.651308391521	0.641550787683	0.630304068182	0.673170542175	0.672352582302	0.635025570405	0.643537816109	0.649142131667	0.639393618297	0.642626579094	0.66424634861	0.656250272555	0.623599645186	0.628917203802	0.637293309812
AF5	0.68527403024	0.666376408879	0.704049041942	0.674150550584	0.648636632195	0.658267062798	0.685312872479	0.674018117919	0.647340167972	0.699159159715	0.672911951328	0.669467704331	0.654084957378	0.644965693157	0.670977281807	0.661300314914	0.704255539518	0.684545054408	0.731938860736	0.664988177865	0.726292216831	0.719388283052	0.658737418646	0.691253895333	0.735793409312	0.694745279058	0.673695532645	0.692904383142	0.686630284309	0.672044858009	0.743823953776	0.70184277831	0.644034485741	0.674005925122	0.690221918217	0.665893983816	0.670220349438	0.538184582048	0.665240062482	0.668854440336	0.665935472813	0.0	0.471318424343	0.630788088229	0.701352675999	0.686322119843	0.71152340738	0.695921278554	0.670734630135	0.680443899281	0.693908393988	0.723809661584	0.68586267839	0.702048570689	0.685708813365	0.707114685053	0.678802155437	0.709888928094	0.678233765051	0.663391176169	0.65756577279	0.698737319248
AF6	0.652399214429	0.650919524557	0.690446086488	0.672361911505	0.656281421658	0.670326654279	0.667824164538	0.662362029386	0.658684915625	0.674568793981	0.664411326074	0.669149093332	0.669951278466	0.650429070126	0.660645492831	0.646465310586	0.713082903148	0.690134021093	0.74183257767	0.643768233416	0.729466366078	0.711253630519	0.66757331969	0.696677479938	0.739446419001	0.711307029413	0.68284552552	0.695373429447	0.666587052717	0.646647554243	0.761059107189	0.719025094236	0.635209047279	0.668185095393	0.679638659407	0.64629249294	0.580206814355	0.45666186591	0.651653275342	0.643359134486	0.627740670419	0.471318424343	0.0	0.605302367664	0.698946053776	0.685022422564	0.673014933808	0.661018905658	0.624271802097	0.644160683983	0.662276089845	0.680885212773	0.659130736456	0.673334567741	0.666266215946	0.666745201018	0.628186471992	0.661865124297	0.633026112928	0.643003625464	0.6342349833	0.658187123631
