	AA3	AA4	AB3	AB4	AC3	AC4	AD3	AD4	AE3	AE4	AF3	AF4	AG3	AG4	AH3	AH4	AA7	AA8	AB7	AB8	AC7	AC8	AD7	AD8	AE7	AE8	AF7	AF8	AG7	AG8	AH7	AH8	AA5	AA6	AB5	AB6	AC5	AC6	AD6	AE5	AE6	AF5	AF6	AG5	AH5	AH6	AA1	AA2	AB1	AB2	AC1	AC2	AD1	AD2	AE1	AE2	AF1	AF2	AG1	AG2	AH1	AH2
AA3	0.0	0.497030037775	0.669945503583	0.647107382565	0.662891376917	0.663398284337	0.695655402767	0.704755828464	0.678268475242	0.688263295191	0.653760042703	0.664185937377	0.659899172896	0.634731787006	0.668368017796	0.471715135973	0.701433579236	0.7033867251	0.764927346968	0.679953203713	0.70137187096	0.714574698514	0.673645495158	0.688519980719	0.731923597318	0.711515629111	0.677758286861	0.696668977244	0.701917348918	0.704995233341	0.74050545147	0.70182146036	0.651252966949	0.691206098423	0.679985497385	0.681473255066	0.648371520022	0.663726246856	0.673063002932	0.687894360679	0.681269420612	0.675695560012	0.660165160425	0.660886851963	0.703420913108	0.692112336427	0.672459662806	0.694818402574	0.64599004176	0.690863167343	0.664438856616	0.680243966804	0.642913682443	0.658560050052	0.666626689656	0.678937379119	0.670759507006	0.680312591796	0.657444970121	0.686659973923	0.665698470883	0.696091962696
AA4	0.497030037775	0.0	0.66965181754	0.651895910693	0.668236832681	0.640673915076	0.665285348972	0.667238458647	0.691933320493	0.6533585121	0.658864149226	0.644962300866	0.671115142317	0.653485201711	0.519671538614	0.360772074043	0.693396832245	0.685229470752	0.778051426401	0.688120653424	0.71114387363	0.680819279248	0.6897527651	0.695393333266	0.728540952822	0.683623039768	0.670890767732	0.66057184106	0.700174953614	0.683528550047	0.747065439338	0.685789874325	0.667759600057	0.675096111076	0.67891738023	0.63071356804	0.657258161623	0.643394770235	0.645478899133	0.655592385735	0.646323301215	0.658343905159	0.655607183441	0.646460449347	0.675962389458	0.674036159368	0.659903259297	0.656209858218	0.651703352039	0.666914505418	0.663111182522	0.657043762445	0.639513639542	0.651315456057	0.659230948475	0.652498170413	0.64796860927	0.660972156808	0.655983398935	0.646110365245	0.661538022058	0.661495333475
AB3	0.669945503583	0.66965181754	0.0	0.634104982587	0.706531273979	0.724674852885	0.714637256881	0.722403039792	0.728462068025	0.711258732023	0.715709933363	0.7352078273	0.708815088413	0.56598024221	0.658067478653	0.669088602354	0.710590855195	0.736690669249	0.728345658382	0.702533116364	0.725474681	0.71985043737	0.728132966258	0.740502151144	0.66568122598	0.726990235986	0.691095081414	0.727500259915	0.702722554086	0.694853406039	0.756764947556	0.713918047145	0.705316278721	0.764609572743	0.690727797415	0.717284330211	0.700122070046	0.71692849675	0.721073252712	0.726488229577	0.728556816269	0.690468362937	0.694588596625	0.714050327321	0.763841805895	0.77124439069	0.754281683677	0.749567105044	0.701274070273	0.745815013908	0.727540474311	0.752719005223	0.714234701234	0.744605607537	0.731283844591	0.73306955443	0.728117930125	0.753685401303	0.741893489699	0.745269781397	0.714101306903	0.750186538441
AB4	0.647107382565	0.651895910693	0.634104982587	0.0	0.695108991982	0.666702617699	0.706402767083	0.709566475501	0.720804775789	0.685275607347	0.682602746794	0.679519895103	0.436553943589	0.452059422987	0.674532301824	0.651162851169	0.725728199479	0.712369964269	0.757392699435	0.690233412335	0.689450699809	0.690883078531	0.701792390448	0.714809076963	0.728997299961	0.718102025487	0.679461855222	0.689706553647	0.686420147041	0.69730340171	0.728958637723	0.712278947022	0.706022311067	0.71649233612	0.688443774996	0.693627718937	0.68459193922	0.67216566058	0.699411145831	0.694715790941	0.710671808258	0.654640126299	0.669690513665	0.687228227398	0.721278607456	0.724713408056	0.700229013169	0.718789018374	0.653786522956	0.702524531621	0.699571409422	0.713296931276	0.685460817046	0.687486258626	0.706279275632	0.691039240971	0.702400831119	0.732644188359	0.708181099116	0.700970941224	0.687554663937	0.724871755355
AC3	0.662891376917	0.668236832681	0.706531273979	0.695108991982	0.0	0.550011838338	0.690851102873	0.678082378583	0.66984362943	0.676802141373	0.671759284649	0.478248523693	0.69558561044	0.672254716036	0.670879275127	0.655051031778	0.690085168513	0.715981322828	0.765572836802	0.674560490702	0.737872084626	0.720939171547	0.712063420845	0.727683167973	0.737850660249	0.725475306875	0.702981968881	0.726499735041	0.724134569824	0.705953664982	0.771489328846	0.703634534776	0.667602325195	0.702087089659	0.684988755885	0.686930144486	0.673322977046	0.676939850974	0.682186952697	0.658238599157	0.673229222468	0.648195494501	0.65894560293	0.659397507912	0.719773803446	0.70022246789	0.70566183522	0.714267339628	0.700796497984	0.696856103029	0.688675326182	0.692289277933	0.69914092103	0.706368153578	0.692291037092	0.698568420496	0.695952761287	0.682738360374	0.685011370819	0.682780295395	0.679965589767	0.716742463799
AC4	0.663398284337	0.640673915076	0.724674852885	0.666702617699	0.550011838338	0.0	0.666723845893	0.640156106364	0.660583397938	0.661594615016	0.49786032935	0.398377690923	0.676839936541	0.680446218035	0.672684250658	0.626863781351	0.677520122636	0.67356670912	0.760391743318	0.651631068128	0.701853606464	0.698380498582	0.689723651407	0.687580229697	0.753195190339	0.69900281674	0.678718776889	0.689572082823	0.680363894444	0.650410203389	0.727419598993	0.687309466389	0.642844892944	0.660980600407	0.665644692955	0.656435287395	0.659994076314	0.644879836325	0.65717275974	0.650803166441	0.654683099185	0.640334171834	0.655027419822	0.636458509939	0.67150934154	0.645926739427	0.712672639074	0.691343994405	0.676605633218	0.673863007618	0.690681097726	0.688281376006	0.677125227312	0.685546269256	0.687040590698	0.680927312775	0.651645984638	0.673220857293	0.663458642813	0.648639591258	0.676121267904	0.664002414679
AD3	0.695655402767	0.665285348972	0.714637256881	0.706402767083	0.690851102873	0.666723845893	0.0	0.434456086524	0.691939609445	0.358673577388	0.70523750411	0.669687131429	0.717088716456	0.691254879255	0.6891013113	0.659981743377	0.712261028895	0.689730819904	0.775107792592	0.672459055185	0.720067838669	0.684886114779	0.719514184189	0.699854774624	0.731499782403	0.68774239157	0.696915253834	0.686440531926	0.700085180203	0.667733413191	0.732128803828	0.691862845616	0.703722585005	0.672509156674	0.671180368719	0.663313408038	0.688979708391	0.680690187571	0.628867090065	0.655970778209	0.624295753233	0.677639660941	0.675032274826	0.673534994729	0.694038282842	0.688360669245	0.696563290257	0.684999685837	0.674691657399	0.659989148907	0.70008324822	0.687429316114	0.683674730777	0.676251425926	0.682393310944	0.680337084225	0.672654970009	0.670130522209	0.70054317181	0.648549710587	0.712928748926	0.638566229037
AD4	0.704755828464	0.667238458647	0.722403039792	0.709566475501	0.678082378583	0.640156106364	0.434456086524	0.0	0.601177041277	0.441912366383	0.691973505158	0.652724286137	0.700313573879	0.694521117149	0.679760093475	0.650656745054	0.69536416869	0.680241035581	0.794629397439	0.674712846857	0.722066297696	0.691049189826	0.686541152707	0.68161736476	0.73222411989	0.674135143829	0.673089411541	0.677875648005	0.673087101714	0.672734544671	0.717497372265	0.674443815065	0.687465011776	0.660244203854	0.672541299149	0.662534645612	0.677762874994	0.676084046828	0.638540572314	0.654658620696	0.634647993425	0.68382015435	0.678486353757	0.667360638964	0.678360011284	0.669085057062	0.687311713681	0.673288831214	0.679693746314	0.67353418055	0.698151000526	0.689399359394	0.687765083547	0.67840295855	0.666582101577	0.681066494976	0.693456563003	0.669671167822	0.70744526873	0.659023357858	0.689268184705	0.639121776409
AE3	0.678268475242	0.691933320493	0.728462068025	0.720804775789	0.66984362943	0.660583397938	0.691939609445	0.601177041277	0.0	0.659878918123	0.680976756634	0.669628572174	0.676594960167	0.681934951271	0.69252296538	0.682480100885	0.667070625739	0.695280684178	0.786689393048	0.703052622811	0.723015150019	0.731298225337	0.668478393911	0.694889305338	0.753097133458	0.698681382095	0.681036169573	0.725214340331	0.648841071365	0.676809381347	0.726749659057	0.7065481618	0.632338912937	0.706334430745	0.692520178097	0.715901076637	0.669219093676	0.702913056354	0.68841516194	0.697967380804	0.705532562493	0.684687634005	0.69036824546	0.68555799953	0.743996358094	0.72831446517	0.71206930022	0.731932262513	0.718606543476	0.727699239017	0.714145040054	0.739649694867	0.701299462133	0.721026913727	0.669626978662	0.72698369711	0.712456864141	0.720147644326	0.714000236302	0.715270560532	0.675363352355	0.738956663208
AE4	0.688263295191	0.6533585121	0.711258732023	0.685275607347	0.676802141373	0.661594615016	0.358673577388	0.441912366383	0.659878918123	0.0	0.686030135752	0.660624625176	0.706242445316	0.691262973744	0.685481155918	0.651210650331	0.703772401147	0.684130227969	0.767709496542	0.646378256085	0.700387583078	0.666449104251	0.697587325541	0.682115623474	0.720512901324	0.685234834529	0.688276206286	0.666932205968	0.691353045746	0.65633849646	0.73906725697	0.663259294241	0.692922716492	0.669549135931	0.677999397702	0.653272351504	0.673899255302	0.664737380837	0.620867040888	0.631819816241	0.609071249241	0.668564568123	0.660124032681	0.647321214121	0.68874674602	0.671760101224	0.669323550582	0.651458961797	0.662164231574	0.65312467168	0.685595479828	0.665522365439	0.663017390333	0.656006329944	0.6607178682	0.665620881647	0.673094737702	0.670056216094	0.688633572778	0.653434109355	0.698794640471	0.655103366983
AF3	0.653760042703	0.658864149226	0.715709933363	0.682602746794	0.671759284649	0.49786032935	0.70523750411	0.691973505158	0.680976756634	0.686030135752	0.0	0.561933076363	0.672173217816	0.688784551846	0.674936972519	0.654556909662	0.672133128644	0.692566149259	0.763979162177	0.676694704087	0.686240942369	0.714220364732	0.67138820809	0.694646509013	0.757707717649	0.720594204738	0.692557098875	0.71101357548	0.699438562558	0.68149119792	0.720964022493	0.690873606948	0.63973049613	0.680891513272	0.681772060773	0.673249320545	0.656821336008	0.651953356403	0.685658373744	0.676337447674	0.689830096517	0.678448885111	0.66816266753	0.660245611574	0.689610609116	0.681942304894	0.719561928931	0.717062001174	0.695941392358	0.710706665386	0.711056380963	0.706529681567	0.696594960322	0.715684747398	0.699312091244	0.707506264439	0.676355282026	0.71549145035	0.677799930943	0.718849708735	0.653828393651	0.709015672718
AF4	0.664185937377	0.644962300866	0.7352078273	0.679519895103	0.478248523693	0.398377690923	0.669687131429	0.652724286137	0.669628572174	0.660624625176	0.561933076363	0.0	0.68563706984	0.692454924475	0.674940993097	0.634996613365	0.701246434604	0.695350938376	0.769805809222	0.671356277093	0.706474081408	0.694890731337	0.704307535667	0.712596332812	0.745940438991	0.703557031461	0.695092727556	0.698157981364	0.6957965275	0.67740203906	0.751046718437	0.708360615368	0.663500135794	0.672492727467	0.670545031137	0.660377465169	0.67621580786	0.663925540617	0.673816100341	0.657643040659	0.664064827928	0.643742411715	0.659272147522	0.640323079629	0.687894367204	0.658117005113	0.709485414479	0.692270277058	0.691247003309	0.680076258392	0.692970696962	0.679954422707	0.689918362416	0.692168067023	0.691969374368	0.68360262284	0.675667343623	0.663538360008	0.683131041097	0.662277142764	0.667407193848	0.676807768814
AG3	0.659899172896	0.671115142317	0.708815088413	0.436553943589	0.69558561044	0.676839936541	0.717088716456	0.700313573879	0.676594960167	0.706242445316	0.672173217816	0.68563706984	0.0	0.515536156652	0.681485172172	0.661230624453	0.681046150049	0.686668260352	0.779501977451	0.701922643892	0.684861907498	0.699197753018	0.66243025926	0.687993037605	0.733449390253	0.709872181431	0.676220939416	0.703232946608	0.673661564673	0.702158245479	0.735874478063	0.702758824074	0.691343605248	0.705187077663	0.696110213352	0.682084993741	0.671071834483	0.672955943067	0.699330035633	0.702032833544	0.699578068525	0.652823706596	0.669427435374	0.674619482095	0.707940968751	0.708777722649	0.702242486044	0.716264720249	0.650914720124	0.691599411349	0.694833315141	0.714098861821	0.67490086844	0.681331271022	0.68651962286	0.694060542058	0.707377968035	0.726539419326	0.701351048792	0.698895814747	0.692896475549	0.716792032654
AG4	0.634731787006	0.653485201711	0.56598024221	0.452059422987	0.672254716036	0.680446218035	0.691254879255	0.694521117149	0.681934951271	0.691262973744	0.688784551846	0.692454924475	0.515536156652	0.0	0.660860672689	0.64222079932	0.707943230265	0.725465163817	0.731699024061	0.675474577965	0.697576375007	0.700977448515	0.682727943934	0.704622116922	0.704154205052	0.709822834122	0.66684412997	0.703928534195	0.672107708252	0.689861399291	0.744778303891	0.721350446051	0.706681610399	0.746356624175	0.684829311533	0.691188573295	0.668018645658	0.680410428337	0.702031119909	0.697456959405	0.706588758939	0.658873365546	0.654913039945	0.694061266629	0.732553285553	0.741626435981	0.708934735029	0.734220634448	0.659230469089	0.700197124747	0.697596787952	0.71868924711	0.694573726924	0.704721580436	0.697380733751	0.704127501331	0.711716221513	0.734662209603	0.713897057854	0.701922557049	0.700541160072	0.757329711654
AH3	0.668368017796	0.519671538614	0.658067478653	0.674532301824	0.670879275127	0.672684250658	0.6891013113	0.679760093475	0.69252296538	0.685481155918	0.674936972519	0.674940993097	0.681485172172	0.660860672689	0.0	0.533108967874	0.688954904415	0.706088919409	0.776264000283	0.698420538993	0.718632817831	0.706955854089	0.674356404895	0.693906909057	0.726244480161	0.701993136226	0.682607457149	0.697233475489	0.70186921598	0.697607273488	0.748134926845	0.703211849992	0.659097605482	0.724752635538	0.699207605957	0.686339174087	0.678451852155	0.679084289502	0.68099541521	0.692391534676	0.693696621781	0.664466355662	0.67541138284	0.669444678509	0.716328074785	0.72285840139	0.70504966079	0.703167580637	0.689324886106	0.695030119284	0.689046280369	0.711599283169	0.69967034328	0.699392333839	0.670023693248	0.694875783998	0.697604811373	0.716948287008	0.700637460121	0.687803217007	0.690164159264	0.697014228263
AH4	0.471715135973	0.360772074043	0.669088602354	0.651162851169	0.655051031778	0.626863781351	0.659981743377	0.650656745054	0.682480100885	0.651210650331	0.654556909662	0.634996613365	0.661230624453	0.64222079932	0.533108967874	0.0	0.686454223737	0.690827666298	0.773170173885	0.673468336026	0.703227200645	0.667408943939	0.660631918695	0.671419278804	0.726824648914	0.677104927503	0.651224514376	0.664492909481	0.693758166781	0.688495161008	0.737939440999	0.676718975066	0.652100198356	0.679112275168	0.673740517328	0.650750178908	0.644602665071	0.641756193883	0.636363128878	0.666448591333	0.641114551841	0.632855489216	0.641342579651	0.62978034456	0.683002133702	0.659210120638	0.663505064525	0.659736405943	0.637879432652	0.653459961061	0.646581476246	0.666321560309	0.647598738535	0.647801319086	0.649288815429	0.656881441473	0.652901063115	0.664365248367	0.64628259298	0.639211248813	0.652589569774	0.643118508889
AA7	0.701433579236	0.693396832245	0.710590855195	0.725728199479	0.690085168513	0.677520122636	0.712261028895	0.69536416869	0.667070625739	0.703772401147	0.672133128644	0.701246434604	0.681046150049	0.707943230265	0.688954904415	0.686454223737	0.0	0.522199660418	0.783111767221	0.707601224758	0.669342156181	0.692484930381	0.660897899004	0.695404941125	0.708835780973	0.696974712467	0.665000946918	0.68201002818	0.675876533916	0.668281404605	0.713809961343	0.556193216617	0.643542339366	0.720704904611	0.698907768099	0.709720095909	0.675537671793	0.704072480884	0.717245044838	0.739627957252	0.732993880865	0.693635166235	0.713417147387	0.719233413689	0.741816513026	0.73197618945	0.747724310058	0.74043367555	0.716969506961	0.751345038482	0.718549551827	0.739533600654	0.701804262385	0.718048611735	0.691056011574	0.729724520305	0.730147064624	0.739570389911	0.741182804046	0.739160381404	0.69288707913	0.721488649906
AA8	0.7033867251	0.685229470752	0.736690669249	0.712369964269	0.715981322828	0.67356670912	0.689730819904	0.680241035581	0.695280684178	0.684130227969	0.692566149259	0.695350938376	0.686668260352	0.725465163817	0.706088919409	0.690827666298	0.522199660418	0.0	0.774989527729	0.663803341139	0.641760523406	0.641898327227	0.66900794354	0.67837025429	0.699083358472	0.673079700529	0.67621016286	0.632428730463	0.646672682899	0.640105741815	0.556726785515	0.409979033482	0.671698163742	0.712273372814	0.705768879256	0.700334894396	0.70052869249	0.712162038424	0.726817050278	0.713845574216	0.705522456294	0.693393593007	0.70861148984	0.712083956937	0.727258077827	0.714654292823	0.730621670853	0.721063036888	0.704753469588	0.72312164503	0.719276447114	0.730307501706	0.686147092642	0.695323118692	0.69416690873	0.70526144004	0.734428574863	0.736596272837	0.752243786962	0.715463009933	0.718450773047	0.708387690227
AB7	0.764927346968	0.778051426401	0.728345658382	0.757392699435	0.765572836802	0.760391743318	0.775107792592	0.794629397439	0.786689393048	0.767709496542	0.763979162177	0.769805809222	0.779501977451	0.731699024061	0.776264000283	0.773170173885	0.783111767221	0.774989527729	0.0	0.573283037464	0.754530788485	0.762181589128	0.782534598244	0.799406758339	0.753092055418	0.783931510526	0.778616552899	0.785609768756	0.754596894111	0.630098753813	0.767952199268	0.75942479892	0.782797006086	0.801127931684	0.770651233684	0.786231479904	0.76947527247	0.77854714168	0.807808863316	0.790645019098	0.794749575372	0.737994331867	0.753883307568	0.777803970703	0.796280941544	0.802922127743	0.820112042007	0.813017451641	0.789691046705	0.810613684161	0.806193327204	0.805100325178	0.797457094569	0.809863698793	0.791278100745	0.79907316085	0.799600523595	0.814272170241	0.806849515577	0.801798358165	0.805249161412	0.814320878111
AB8	0.679953203713	0.688120653424	0.702533116364	0.690233412335	0.674560490702	0.651631068128	0.672459055185	0.674712846857	0.703052622811	0.646378256085	0.676694704087	0.671356277093	0.701922643892	0.675474577965	0.698420538993	0.673468336026	0.707601224758	0.663803341139	0.573283037464	0.0	0.646434021443	0.631179651761	0.669489462399	0.675834850667	0.686846327617	0.674694928053	0.667085337123	0.629988034323	0.505210932816	0.406052410895	0.699118369505	0.636281607397	0.685963163481	0.685283495293	0.688544385268	0.680683052878	0.665947699388	0.664220541931	0.70465314598	0.694786254583	0.664320948685	0.657157698619	0.663001020315	0.657196920024	0.682126678026	0.673173755482	0.72178989839	0.703937763648	0.675616916471	0.706888556907	0.69268728671	0.705154071618	0.678053676437	0.687149702115	0.684077843148	0.681473027044	0.695765078941	0.709660222028	0.696459388112	0.691265878743	0.690513157285	0.705819181517
AC7	0.70137187096	0.71114387363	0.725474681	0.689450699809	0.737872084626	0.701853606464	0.720067838669	0.722066297696	0.723015150019	0.700387583078	0.686240942369	0.706474081408	0.684861907498	0.697576375007	0.718632817831	0.703227200645	0.669342156181	0.641760523406	0.754530788485	0.646434021443	0.0	0.495721806817	0.668027860483	0.679593984187	0.689899803885	0.692732620642	0.685692680967	0.57427587348	0.649703941186	0.642961961971	0.659562890104	0.652548652168	0.710756032696	0.707048200305	0.722821976979	0.733557312869	0.707718839575	0.719891176514	0.708637158395	0.728858874745	0.71991282077	0.706448794398	0.726224092044	0.709932239172	0.69913967878	0.695700514034	0.750335280483	0.742294908646	0.694504122422	0.742972956165	0.754126017759	0.744020834752	0.700031731935	0.691785539813	0.696720449498	0.696115318703	0.744097288427	0.743945810626	0.751156297267	0.737863549593	0.703846139594	0.748846836749
AC8	0.714574698514	0.680819279248	0.71985043737	0.690883078531	0.720939171547	0.698380498582	0.684886114779	0.691049189826	0.731298225337	0.666449104251	0.714220364732	0.694890731337	0.699197753018	0.700977448515	0.706955854089	0.667408943939	0.692484930381	0.641898327227	0.762181589128	0.631179651761	0.495721806817	0.0	0.673196774246	0.652774821149	0.693415516085	0.64453837918	0.507002791456	0.400141394032	0.642977261061	0.627664439818	0.692866984571	0.624239518708	0.719321932562	0.688151723574	0.710554470886	0.705098346406	0.696179353527	0.693335904468	0.691676157153	0.705313107159	0.682182687403	0.694030586327	0.699601616256	0.683604752535	0.684720157907	0.676026599706	0.7212817668	0.702100302414	0.671310537177	0.703869074767	0.707839555876	0.697037393601	0.680866810582	0.66366836124	0.685637219327	0.666712120774	0.712192532853	0.691351534769	0.724425755679	0.700197869739	0.681471661185	0.699546285671
AD7	0.673645495158	0.6897527651	0.728132966258	0.701792390448	0.712063420845	0.689723651407	0.719514184189	0.686541152707	0.668478393911	0.697587325541	0.67138820809	0.704307535667	0.66243025926	0.682727943934	0.674356404895	0.660631918695	0.660897899004	0.66900794354	0.782534598244	0.669489462399	0.668027860483	0.673196774246	0.0	0.459061819028	0.695263169779	0.499123159483	0.657906150862	0.671947766607	0.648878540658	0.674324026096	0.703765750108	0.668326069848	0.650794766369	0.70764083358	0.711799175777	0.707183648183	0.674075341645	0.688536773821	0.698134491372	0.710072297557	0.690302487604	0.659167208656	0.669915054498	0.679345813267	0.698057664381	0.698474604217	0.709882851973	0.704677409098	0.675586818743	0.705706875325	0.689030534248	0.712684861059	0.680634866434	0.680577382308	0.645901660885	0.687574020831	0.695772349445	0.721926747793	0.710200100903	0.705676341864	0.672820998216	0.698657621439
AD8	0.688519980719	0.695393333266	0.740502151144	0.714809076963	0.727683167973	0.687580229697	0.699854774624	0.68161736476	0.694889305338	0.682115623474	0.694646509013	0.712596332812	0.687993037605	0.704622116922	0.693906909057	0.671419278804	0.695404941125	0.67837025429	0.799406758339	0.675834850667	0.679593984187	0.652774821149	0.459061819028	0.0	0.60242708927	0.407832568544	0.64488319677	0.656305174245	0.653589258457	0.672148907045	0.697797286308	0.672935364971	0.679767962064	0.697439384305	0.712412269885	0.70161545984	0.684244929169	0.6983255103	0.699589203495	0.708312827285	0.685339520275	0.683205617359	0.679884086437	0.669036623736	0.676707414862	0.679592879557	0.71327635705	0.707704875059	0.679740611363	0.703095566179	0.7025585022	0.725540770578	0.677610676387	0.667132560515	0.657139098857	0.682014665107	0.700813130858	0.722202911965	0.705683044167	0.703797501564	0.689857824417	0.707825564873
AE7	0.731923597318	0.728540952822	0.66568122598	0.728997299961	0.737850660249	0.753195190339	0.731499782403	0.73222411989	0.753097133458	0.720512901324	0.757707717649	0.745940438991	0.733449390253	0.704154205052	0.726244480161	0.726824648914	0.708835780973	0.699083358472	0.753092055418	0.686846327617	0.689899803885	0.693415516085	0.695263169779	0.60242708927	0.0	0.505985511625	0.705776284125	0.697182961314	0.69099936361	0.690454374321	0.732818252175	0.692143475971	0.730535935217	0.759066031491	0.733448564991	0.742209241803	0.730915716363	0.749457084057	0.753610251016	0.757907995877	0.756635230407	0.738643017565	0.73844441037	0.729701868818	0.745925558668	0.761821341612	0.76708990169	0.775262986486	0.719569813119	0.762892748061	0.759441426447	0.786893537369	0.740129047397	0.747917043266	0.733088702138	0.750974431234	0.777300471071	0.794412213718	0.778492057566	0.766366267208	0.752926179117	0.775020228877
AE8	0.711515629111	0.683623039768	0.726990235986	0.718102025487	0.725475306875	0.69900281674	0.68774239157	0.674135143829	0.698681382095	0.685234834529	0.720594204738	0.703557031461	0.709872181431	0.709822834122	0.701993136226	0.677104927503	0.696974712467	0.673079700529	0.783931510526	0.674694928053	0.692732620642	0.64453837918	0.499123159483	0.407832568544	0.505985511625	0.0	0.648281545782	0.655928336781	0.654700251399	0.65026693551	0.712463928889	0.668694457447	0.684475341528	0.698284562966	0.709844209894	0.706189038388	0.714028215404	0.709669115846	0.706794051334	0.718446928964	0.707313476107	0.69886954928	0.697757835758	0.693133462026	0.709836800589	0.718796918008	0.723723277862	0.713251991412	0.696134836632	0.708935833632	0.707434982076	0.730486977348	0.691727816742	0.689771216227	0.681929638275	0.685562218989	0.701894245062	0.715423460168	0.725438937181	0.709062213177	0.711560115885	0.701318712955
AF7	0.677758286861	0.670890767732	0.691095081414	0.679461855222	0.702981968881	0.678718776889	0.696915253834	0.673089411541	0.681036169573	0.688276206286	0.692557098875	0.695092727556	0.676220939416	0.66684412997	0.682607457149	0.651224514376	0.665000946918	0.67621016286	0.778616552899	0.667085337123	0.685692680967	0.507002791456	0.657906150862	0.64488319677	0.705776284125	0.648281545782	0.0	0.452167930416	0.647399217482	0.66665473377	0.724666144042	0.664765595054	0.676382993481	0.708179327704	0.689200967228	0.703464564116	0.682342335137	0.690095663787	0.691569592258	0.713390981908	0.689350903118	0.682449559872	0.684524770612	0.678000857057	0.717860497844	0.712748697281	0.720056479767	0.693633402135	0.680005997344	0.716905116905	0.690778263002	0.713292109438	0.692833167539	0.683232364413	0.662840778092	0.691743315933	0.675566951854	0.703053979293	0.701577213884	0.697683129327	0.671798344133	0.700538681361
AF8	0.696668977244	0.66057184106	0.727500259915	0.689706553647	0.726499735041	0.689572082823	0.686440531926	0.677875648005	0.725214340331	0.666932205968	0.71101357548	0.698157981364	0.703232946608	0.703928534195	0.697233475489	0.664492909481	0.68201002818	0.632428730463	0.785609768756	0.629988034323	0.57427587348	0.400141394032	0.671947766607	0.656305174245	0.697182961314	0.655928336781	0.452167930416	0.0	0.651819923205	0.645678437064	0.702616050697	0.634410698299	0.714150680828	0.680419021206	0.70062763707	0.69398224889	0.692717510721	0.678886189961	0.688062383542	0.709216971308	0.678820733337	0.695994074136	0.706518833137	0.691002839667	0.689073707028	0.679409194713	0.721420151506	0.701673942321	0.666274178556	0.701123539054	0.703875377454	0.700530761292	0.662552254862	0.667637657591	0.679531686231	0.663569901049	0.697769025835	0.689641838386	0.720607186915	0.700439072767	0.683765451009	0.700286614511
AG7	0.701917348918	0.700174953614	0.702722554086	0.686420147041	0.724134569824	0.680363894444	0.700085180203	0.673087101714	0.648841071365	0.691353045746	0.699438562558	0.6957965275	0.673661564673	0.672107708252	0.70186921598	0.693758166781	0.675876533916	0.646672682899	0.754596894111	0.505210932816	0.649703941186	0.642977261061	0.648878540658	0.653589258457	0.69099936361	0.654700251399	0.647399217482	0.651819923205	0.0	0.442117857592	0.688199281381	0.637244882689	0.677841645329	0.697732160475	0.692913020274	0.694616426311	0.667295564684	0.681745760094	0.70033808886	0.704124806331	0.681391654293	0.692980611758	0.694284576079	0.677645691369	0.704913798558	0.698034967055	0.731203654121	0.721266733176	0.679926783505	0.71941352963	0.698243855371	0.725058937048	0.667697121835	0.683263081076	0.675680823036	0.688727104648	0.691196299307	0.714756922821	0.713963696721	0.697763000617	0.67397531438	0.706325259006
AG8	0.704995233341	0.683528550047	0.694853406039	0.69730340171	0.705953664982	0.650410203389	0.667733413191	0.672734544671	0.676809381347	0.65633849646	0.68149119792	0.67740203906	0.702158245479	0.689861399291	0.697607273488	0.688495161008	0.668281404605	0.640105741815	0.630098753813	0.406052410895	0.642961961971	0.627664439818	0.674324026096	0.672148907045	0.690454374321	0.65026693551	0.66665473377	0.645678437064	0.442117857592	0.0	0.693168189798	0.629597883278	0.669885851297	0.674002431931	0.68119219693	0.675248167223	0.648446338762	0.660728626448	0.695311065195	0.694924019764	0.671130334095	0.676813644629	0.672511029163	0.666123675922	0.691173542072	0.679373850419	0.72433083156	0.711991981568	0.676960576902	0.710257515293	0.703350674075	0.710193265627	0.669815848442	0.683431131898	0.680798522693	0.687678790411	0.676407383864	0.699850679107	0.691955482427	0.686618035507	0.684801317378	0.686735526456
AH7	0.74050545147	0.747065439338	0.756764947556	0.728958637723	0.771489328846	0.727419598993	0.732128803828	0.717497372265	0.726749659057	0.73906725697	0.720964022493	0.751046718437	0.735874478063	0.744778303891	0.748134926845	0.737939440999	0.713809961343	0.556726785515	0.767952199268	0.699118369505	0.659562890104	0.692866984571	0.703765750108	0.697797286308	0.732818252175	0.712463928889	0.724666144042	0.702616050697	0.688199281381	0.693168189798	0.0	0.53291858254	0.721131699925	0.765698512138	0.767414714711	0.749964391985	0.746797465057	0.760804533212	0.757033458626	0.752394381081	0.760064877152	0.720226949561	0.742773392979	0.746167775241	0.771729645603	0.762823058549	0.773532883525	0.758322115392	0.749908436491	0.771126179899	0.79019932485	0.783618182335	0.744357508202	0.733936272887	0.733926222614	0.741010698327	0.781062311101	0.801461961003	0.786670058617	0.766589932576	0.752347684643	0.734507997779
AH8	0.70182146036	0.685789874325	0.713918047145	0.712278947022	0.703634534776	0.687309466389	0.691862845616	0.674443815065	0.7065481618	0.663259294241	0.690873606948	0.708360615368	0.702758824074	0.721350446051	0.703211849992	0.676718975066	0.556193216617	0.409979033482	0.75942479892	0.636281607397	0.652548652168	0.624239518708	0.668326069848	0.672935364971	0.692143475971	0.668694457447	0.664765595054	0.634410698299	0.637244882689	0.629597883278	0.53291858254	0.0	0.688500230867	0.717110758558	0.703001031174	0.692896423938	0.68596096323	0.693644964992	0.694770986765	0.697440409259	0.682152395349	0.690384939474	0.709335848174	0.694265726568	0.712627847295	0.69781379075	0.72402046979	0.707047255871	0.700877773865	0.715119175844	0.721444027827	0.718513339377	0.686721784287	0.689521461587	0.681405828337	0.696177509484	0.727599018574	0.735725849532	0.742316628805	0.720218279113	0.714837912267	0.703832209527
AA5	0.651252966949	0.667759600057	0.705316278721	0.706022311067	0.667602325195	0.642844892944	0.703722585005	0.687465011776	0.632338912937	0.692922716492	0.63973049613	0.663500135794	0.691343605248	0.706681610399	0.659097605482	0.652100198356	0.643542339366	0.671698163742	0.782797006086	0.685963163481	0.710756032696	0.719321932562	0.650794766369	0.679767962064	0.730535935217	0.684475341528	0.676382993481	0.714150680828	0.677841645329	0.669885851297	0.721131699925	0.688500230867	0.0	0.579415824946	0.674170009521	0.684920675839	0.631863379704	0.635926694944	0.703082556938	0.692709037606	0.698770315455	0.648180198766	0.64165460763	0.663423494235	0.719792033101	0.646768048854	0.687666645542	0.706260509534	0.695385211963	0.70965924709	0.692410221189	0.713162867692	0.674833104048	0.693810613916	0.650942615355	0.695792991408	0.662056783535	0.704152606748	0.664865416497	0.68669359199	0.653112838756	0.685876529804
AA6	0.691206098423	0.675096111076	0.764609572743	0.71649233612	0.702087089659	0.660980600407	0.672509156674	0.660244203854	0.706334430745	0.669549135931	0.680891513272	0.672492727467	0.705187077663	0.746356624175	0.724752635538	0.679112275168	0.720704904611	0.712273372814	0.801127931684	0.685283495293	0.707048200305	0.688151723574	0.70764083358	0.697439384305	0.759066031491	0.698284562966	0.708179327704	0.680419021206	0.697732160475	0.674002431931	0.765698512138	0.717110758558	0.579415824946	0.0	0.689640473268	0.681725316225	0.658182552116	0.644435012173	0.685274669493	0.676343681026	0.670268638854	0.686981852249	0.679766084481	0.675845828064	0.463379310888	0.421668088995	0.691269594104	0.702366064259	0.686421078353	0.685453860389	0.682201595407	0.67275113141	0.670112140279	0.685891434544	0.690721616401	0.691538835059	0.660104345627	0.65509759493	0.672860336226	0.680877283976	0.660572473734	0.683386487507
AB5	0.679985497385	0.67891738023	0.690727797415	0.688443774996	0.684988755885	0.665644692955	0.671180368719	0.672541299149	0.692520178097	0.677999397702	0.681772060773	0.670545031137	0.696110213352	0.684829311533	0.699207605957	0.673740517328	0.698907768099	0.705768879256	0.770651233684	0.688544385268	0.722821976979	0.710554470886	0.711799175777	0.712412269885	0.733448564991	0.709844209894	0.689200967228	0.70062763707	0.692913020274	0.68119219693	0.767414714711	0.703001031174	0.674170009521	0.689640473268	0.0	0.420567932643	0.651325992761	0.673080103968	0.66010136106	0.633479614171	0.654311395133	0.691220801498	0.682652332364	0.644588815812	0.70974188674	0.70151390345	0.67871734998	0.714720455978	0.677341855372	0.693944290469	0.677634389252	0.693771486826	0.656323676814	0.700916264118	0.693616197853	0.67873551265	0.692654103529	0.676943873807	0.706793680847	0.70173796482	0.666242297071	0.709852841597
AB6	0.681473255066	0.63071356804	0.717284330211	0.693627718937	0.686930144486	0.656435287395	0.663313408038	0.662534645612	0.715901076637	0.653272351504	0.673249320545	0.660377465169	0.682084993741	0.691188573295	0.686339174087	0.650750178908	0.709720095909	0.700334894396	0.786231479904	0.680683052878	0.733557312869	0.705098346406	0.707183648183	0.70161545984	0.742209241803	0.706189038388	0.703464564116	0.69398224889	0.694616426311	0.675248167223	0.749964391985	0.692896423938	0.684920675839	0.681725316225	0.420567932643	0.0	0.651957904788	0.658625999005	0.651599020782	0.64177200551	0.648415375476	0.687598304159	0.669937881276	0.563533387151	0.67833624087	0.66268326865	0.682922215939	0.680373380565	0.679848053412	0.68305741637	0.684193160644	0.680397159036	0.664841220117	0.685292189941	0.689480377923	0.66681801595	0.683435313985	0.680202362167	0.68634946978	0.692030444678	0.662192346409	0.694402626421
AC5	0.648371520022	0.657258161623	0.700122070046	0.68459193922	0.673322977046	0.659994076314	0.688979708391	0.677762874994	0.669219093676	0.673899255302	0.656821336008	0.67621580786	0.671071834483	0.668018645658	0.678451852155	0.644602665071	0.675537671793	0.70052869249	0.76947527247	0.665947699388	0.707718839575	0.696179353527	0.674075341645	0.684244929169	0.730915716363	0.714028215404	0.682342335137	0.692717510721	0.667295564684	0.648446338762	0.746797465057	0.68596096323	0.631863379704	0.658182552116	0.651325992761	0.651957904788	0.0	0.478492151506	0.64847501801	0.660520301486	0.651296494162	0.660501003515	0.623011163413	0.628859250283	0.667085793684	0.644910384743	0.653002735835	0.697113660959	0.635466193363	0.679938662544	0.653028915224	0.670585459174	0.650123218485	0.652255894719	0.623238704997	0.659845654289	0.649415535368	0.670009090477	0.638168000251	0.671855213434	0.645044785354	0.696900754633
AC6	0.663726246856	0.643394770235	0.71692849675	0.67216566058	0.676939850974	0.644879836325	0.680690187571	0.676084046828	0.702913056354	0.664737380837	0.651953356403	0.663925540617	0.672955943067	0.680410428337	0.679084289502	0.641756193883	0.704072480884	0.712162038424	0.77854714168	0.664220541931	0.719891176514	0.693335904468	0.688536773821	0.6983255103	0.749457084057	0.709669115846	0.690095663787	0.678886189961	0.681745760094	0.660728626448	0.760804533212	0.693644964992	0.635926694944	0.644435012173	0.673080103968	0.658625999005	0.478492151506	0.0	0.642420262142	0.650513728118	0.643301360836	0.541810359996	0.509484269717	0.6327625052	0.672768930942	0.632999644187	0.656140603083	0.691605715006	0.6292249061	0.658538534364	0.647712539677	0.658820480235	0.655955113263	0.665524875665	0.655294650468	0.657784716913	0.637405376293	0.667383506604	0.627663091656	0.66485694132	0.649506515088	0.682784533063
AD6	0.673063002932	0.645478899133	0.721073252712	0.699411145831	0.682186952697	0.65717275974	0.628867090065	0.638540572314	0.68841516194	0.620867040888	0.685658373744	0.673816100341	0.699330035633	0.702031119909	0.68099541521	0.636363128878	0.717245044838	0.726817050278	0.807808863316	0.70465314598	0.708637158395	0.691676157153	0.698134491372	0.699589203495	0.753610251016	0.706794051334	0.691569592258	0.688062383542	0.70033808886	0.695311065195	0.757033458626	0.694770986765	0.703082556938	0.685274669493	0.66010136106	0.651599020782	0.64847501801	0.642420262142	0.0	0.517094531428	0.423178536038	0.67279597024	0.668352114932	0.665771880171	0.68305742367	0.682464800994	0.670162603717	0.675668222772	0.654433925182	0.65412836103	0.684368415101	0.691966583441	0.657418110749	0.649491638059	0.659642073397	0.649599665154	0.656448429241	0.658260020656	0.676833515223	0.65777925904	0.649171896847	0.660358003293
AE5	0.687894360679	0.655592385735	0.726488229577	0.694715790941	0.658238599157	0.650803166441	0.655970778209	0.654658620696	0.697967380804	0.631819816241	0.676337447674	0.657643040659	0.702032833544	0.697456959405	0.692391534676	0.666448591333	0.739627957252	0.713845574216	0.790645019098	0.694786254583	0.728858874745	0.705313107159	0.710072297557	0.708312827285	0.757907995877	0.718446928964	0.713390981908	0.709216971308	0.704124806331	0.694924019764	0.752394381081	0.697440409259	0.692709037606	0.676343681026	0.633479614171	0.64177200551	0.660520301486	0.650513728118	0.517094531428	0.0	0.411552599873	0.682389555539	0.660363184329	0.64386611294	0.680918237804	0.684436663606	0.672770837989	0.678199180426	0.655202746427	0.644343066352	0.679594541281	0.69250765475	0.648359987594	0.655985090049	0.644594187663	0.644526503928	0.653978679996	0.666739755613	0.664621769274	0.640817719571	0.647594716731	0.678307772095
AE6	0.681269420612	0.646323301215	0.728556816269	0.710671808258	0.673229222468	0.654683099185	0.624295753233	0.634647993425	0.705532562493	0.609071249241	0.689830096517	0.664064827928	0.699578068525	0.706588758939	0.693696621781	0.641114551841	0.732993880865	0.705522456294	0.794749575372	0.664320948685	0.71991282077	0.682182687403	0.690302487604	0.685339520275	0.756635230407	0.707313476107	0.689350903118	0.678820733337	0.681391654293	0.671130334095	0.760064877152	0.682152395349	0.698770315455	0.670268638854	0.654311395133	0.648415375476	0.651296494162	0.643301360836	0.423178536038	0.411552599873	0.0	0.652714405733	0.636921763622	0.643632486309	0.673356831092	0.65645085678	0.679888060282	0.66373168896	0.639031160786	0.622749859662	0.676748197503	0.681928785808	0.637719963993	0.632429558585	0.65377968657	0.636414368006	0.641058674875	0.649854656608	0.667444641275	0.629399746507	0.65763971716	0.655405309724
AF5	0.675695560012	0.658343905159	0.690468362937	0.654640126299	0.648195494501	0.640334171834	0.677639660941	0.68382015435	0.684687634005	0.668564568123	0.678448885111	0.643742411715	0.652823706596	0.658873365546	0.664466355662	0.632855489216	0.693635166235	0.693393593007	0.737994331867	0.657157698619	0.706448794398	0.694030586327	0.659167208656	0.683205617359	0.738643017565	0.69886954928	0.682449559872	0.695994074136	0.692980611758	0.676813644629	0.720226949561	0.690384939474	0.648180198766	0.686981852249	0.691220801498	0.687598304159	0.660501003515	0.541810359996	0.67279597024	0.682389555539	0.652714405733	0.0	0.431454397083	0.633287091732	0.693806476962	0.66870756254	0.694353395465	0.714693564972	0.65458642964	0.667651895482	0.686206851356	0.710895006826	0.682361710154	0.691922289427	0.682432970311	0.6980707326	0.670204533873	0.713898972083	0.671272995702	0.661228970563	0.663076040982	0.700512813328
AF6	0.660165160425	0.655607183441	0.694588596625	0.669690513665	0.65894560293	0.655027419822	0.675032274826	0.678486353757	0.69036824546	0.660124032681	0.66816266753	0.659272147522	0.669427435374	0.654913039945	0.67541138284	0.641342579651	0.713417147387	0.70861148984	0.753883307568	0.663001020315	0.726224092044	0.699601616256	0.669915054498	0.679884086437	0.73844441037	0.697757835758	0.684524770612	0.706518833137	0.694284576079	0.672511029163	0.742773392979	0.709335848174	0.64165460763	0.679766084481	0.682652332364	0.669937881276	0.623011163413	0.509484269717	0.668352114932	0.660363184329	0.636921763622	0.431454397083	0.0	0.620541507128	0.688382658255	0.663494681591	0.678771022364	0.70323831581	0.651615467429	0.657019287686	0.679350091769	0.696366798032	0.68355512498	0.684842675775	0.691927201589	0.691538227453	0.667942582792	0.697592843358	0.657252978063	0.664323107304	0.666844304118	0.703212906069
