	AA3	AA4	AB3	AB4	AC3	AC4	AD3	AD4	AE3	AE4	AF3	AF4	AG3	AG4	AH3	AH4	AA7	AA8	AB7	AB8	AC7	AC8	AD7	AD8	AE7	AE8	AF7	AF8	AG7	AG8	AH7	AH8	AA5	AA6	AB5	AB6	AC5	AC6	AD6	AE5	AE6	AF5	AF6	AG5	AH5	AH6	AA1	AA2	AB1	AB2	AC1	AC2	AD1	AD2	AE1	AE2	AF1	AF2	AG1	AG2	AH1	AH2
AA3	0.0	0.498126852901	0.686383898923	0.648472094712	0.686066463842	0.678003730644	0.686293396496	0.687663090048	0.663885288181	0.687890136792	0.650683275262	0.666496949675	0.648905194471	0.623380848485	0.693018936509	0.491295475091	0.676432920367	0.67813138039	0.758603840022	0.694891591767	0.697588759448	0.694386441672	0.692451951697	0.698637327885	0.736837162826	0.704043815071	0.67397485826	0.680687946593	0.694820520358	0.678475039482	0.737350372443	0.689272141542	0.657544973115	0.689370813781	0.676633481618	0.695041414507	0.639333985593	0.656774751961	0.678221094169	0.676407862104	0.69006646303	0.69048343474	0.686093151028	0.660939057611	0.698799048846	0.683453679541	0.663404603532	0.696766340174	0.646886382319	0.696404185953	0.67205070019	0.681225870487	0.637307783283	0.673866150797	0.674099904727	0.663895832609	0.666357911218	0.678161518991	0.667867200113	0.682816128374	0.650942119471	0.682097244509
AA4	0.498126852901	0.0	0.686461554457	0.632546170749	0.664019599762	0.642181020126	0.66387088442	0.646012721632	0.676238339128	0.657647929641	0.663644698927	0.655206209676	0.664132584632	0.644307660106	0.531384929747	0.364919404823	0.691692974257	0.689287702947	0.762057211888	0.683316654894	0.705994144104	0.671681014848	0.694912201012	0.703419556782	0.730669361963	0.697986952681	0.667265003163	0.659729660326	0.699004563146	0.686285414876	0.749104793598	0.68580985295	0.6782338812	0.682816410276	0.663708481034	0.659172257295	0.65862593093	0.651476986931	0.654160027098	0.664380047834	0.669278888852	0.662134755972	0.662163957205	0.650639979659	0.673613418751	0.652104811792	0.666836585008	0.650525791401	0.642684531823	0.666174616815	0.661524487124	0.662628074649	0.645212720285	0.659281459595	0.673350974169	0.651785404084	0.653559292336	0.659216470266	0.656475542474	0.655384882366	0.652097996304	0.651648121997
AB3	0.686383898923	0.686461554457	0.0	0.633061716713	0.686807642908	0.712495253744	0.72273990593	0.73426773297	0.684994495397	0.738125341505	0.708874192027	0.739880279451	0.685253276948	0.555760656184	0.674405563577	0.695393670338	0.688783069481	0.719150634961	0.694898903241	0.679721239004	0.711680665309	0.714051860495	0.711872956994	0.718258320904	0.695462095141	0.711259443933	0.70128212602	0.707130104471	0.676171346128	0.685207525574	0.721509248044	0.724554779068	0.712489494686	0.774658187167	0.694464330486	0.718690015507	0.699835370379	0.726882031754	0.753682591118	0.737163692804	0.760955613046	0.685323369626	0.711587853652	0.71184544834	0.777451296378	0.761089761243	0.746509688998	0.763459893056	0.701421413709	0.754235204581	0.744817951337	0.750249662982	0.727683499623	0.747770293632	0.723579894899	0.747922104102	0.741837623998	0.752889203329	0.742685195292	0.763974467265	0.720040894596	0.751312067896
AB4	0.648472094712	0.632546170749	0.633061716713	0.0	0.689199111716	0.68200539204	0.681219353584	0.678069817167	0.673747039443	0.698624421387	0.670024696043	0.687798739114	0.393266272092	0.454935161839	0.676549103852	0.649558706374	0.688428255574	0.697261729625	0.742622803651	0.679381921789	0.697543141232	0.68184263158	0.691201404854	0.702461146575	0.722431527183	0.702202520313	0.670668961405	0.674517114879	0.676544166263	0.674749353597	0.734685105739	0.700376207334	0.702476157522	0.704094938512	0.68391978702	0.675430928554	0.670581496438	0.665750274512	0.698538870063	0.692064554798	0.7043283763	0.668064276587	0.657860296089	0.675282989896	0.703654154453	0.704291689874	0.687305330397	0.697832250729	0.624343452881	0.687812727218	0.688713150518	0.69839718165	0.669391249105	0.674929537709	0.689775504782	0.678155240696	0.681495376274	0.705332912939	0.700528844529	0.682124491882	0.670614316615	0.6959364163
AC3	0.686066463842	0.664019599762	0.686807642908	0.689199111716	0.0	0.4824113467	0.662037492025	0.673720800027	0.661093292271	0.670065877002	0.689919082478	0.473809501941	0.691326122094	0.696677434753	0.67970649742	0.658741437459	0.67618867294	0.686003311448	0.754300183673	0.676613302412	0.703061677524	0.694109004102	0.729585490445	0.712652113915	0.708518414835	0.708931373847	0.721725869112	0.697722974583	0.70104268619	0.684952798948	0.73465538145	0.693786702512	0.667661604003	0.699259680381	0.688325548712	0.662140628875	0.679197227787	0.679499990529	0.699767569349	0.65235268909	0.66873211698	0.659673508893	0.662143257621	0.663115781953	0.717904612572	0.702421575	0.712969944643	0.708786547979	0.695154584504	0.684147087616	0.69319856677	0.706347625915	0.694911046665	0.673040417279	0.656835519561	0.674450128194	0.703576414474	0.711603879573	0.696769968956	0.67767032676	0.692995661973	0.697986984674
AC4	0.678003730644	0.642181020126	0.712495253744	0.68200539204	0.4824113467	0.0	0.653399978911	0.658860519363	0.667659402516	0.666161229897	0.533351732379	0.399591889346	0.679012738613	0.687011294737	0.670997749711	0.643938584023	0.681132357822	0.682946148581	0.755622782122	0.672530856231	0.703072905898	0.687454133542	0.706730514664	0.694175882188	0.749864808778	0.704094531441	0.706177584609	0.701291115324	0.704194634193	0.673618085353	0.741449575249	0.694786243211	0.678570412431	0.672608525329	0.67106140683	0.651854285381	0.661601515874	0.651390648882	0.664484030487	0.662797195753	0.655687982666	0.636897450618	0.633325828296	0.636979149366	0.664728375431	0.672211034	0.709891903947	0.671506336594	0.664508004255	0.684954168762	0.681054616004	0.680880445458	0.676473209365	0.678282369552	0.697876778336	0.675045559329	0.676347763698	0.683645557803	0.679567093858	0.659024229743	0.664352924434	0.678191516138
AD3	0.686293396496	0.66387088442	0.72273990593	0.681219353584	0.662037492025	0.653399978911	0.0	0.428421056251	0.671921174603	0.377783226757	0.693409075376	0.650233306097	0.700487313177	0.690955730839	0.695335512579	0.67430187983	0.708193856053	0.67739074825	0.755636302995	0.648700809094	0.708303822387	0.669992628432	0.713891800265	0.689695683524	0.722802702374	0.693419069184	0.707119596227	0.679638826391	0.692517392409	0.658071394755	0.74658870867	0.683846267681	0.702570757164	0.667602302255	0.664354789028	0.648785987057	0.67322629201	0.665339760724	0.638781110354	0.63717438206	0.627964392844	0.687068047745	0.666843206373	0.675152045518	0.673479407534	0.662163729557	0.679992531609	0.670658001879	0.665823571683	0.671916291839	0.679272708324	0.673005154602	0.670509920528	0.664007003797	0.670797458978	0.669137126252	0.68615579973	0.679427090688	0.692049343985	0.647138219626	0.694471248616	0.66245145371
AD4	0.687663090048	0.646012721632	0.73426773297	0.678069817167	0.673720800027	0.658860519363	0.428421056251	0.0	0.605509593168	0.345233623129	0.692288054216	0.654779531813	0.701661876034	0.690719078868	0.702905360626	0.653451608727	0.700734176726	0.676326921896	0.775679371589	0.649334972222	0.721618902235	0.670400629092	0.702222905845	0.67431722399	0.729238154432	0.667594707818	0.67328528012	0.674800850791	0.681345192806	0.640550683897	0.712295811533	0.657072916956	0.679962687713	0.64601165385	0.666853994936	0.651946164439	0.666262528453	0.653817161613	0.633758666444	0.638014151197	0.633210525	0.704572544089	0.686532532111	0.65395833725	0.669594972806	0.659730908863	0.663227871558	0.647177473855	0.669847829339	0.663712435321	0.678832027705	0.672949549604	0.662299186379	0.661379674746	0.661269818724	0.662748123356	0.659020631845	0.66771975027	0.684853597977	0.648087386521	0.683107203568	0.649832258156
AE3	0.663885288181	0.676238339128	0.684994495397	0.673747039443	0.661093292271	0.667659402516	0.671921174603	0.605509593168	0.0	0.650235553024	0.665290282822	0.665768956798	0.680210490424	0.685145962657	0.68305422201	0.685676243595	0.660094169311	0.683700871289	0.750494010936	0.680839803257	0.721066506373	0.71104060281	0.664998683135	0.686730639165	0.740257082513	0.712746757247	0.687820872751	0.711018721093	0.668702379885	0.683248391569	0.732129628446	0.699793182869	0.630185067767	0.709823309278	0.692895006795	0.711368190129	0.648291159801	0.687975125496	0.676014045211	0.672409861522	0.690022763674	0.652937476766	0.674019294754	0.670700400613	0.716248391778	0.719513566695	0.696285941682	0.720331378251	0.696295532505	0.723459213153	0.694936038146	0.71606554486	0.676952584607	0.696076371987	0.667365362696	0.704002532123	0.70007272852	0.730393061035	0.717770137703	0.711910347942	0.664566528501	0.723547088015
AE4	0.687890136792	0.657647929641	0.738125341505	0.698624421387	0.670065877002	0.666161229897	0.377783226757	0.345233623129	0.650235553024	0.0	0.709537466061	0.664592795916	0.711630154892	0.70727764473	0.697440273995	0.670468794729	0.711957279387	0.68070833696	0.770085728689	0.653925913168	0.717507672982	0.673039466228	0.721289532902	0.690312722323	0.72776219746	0.679752622619	0.694363332928	0.673699083509	0.695613034952	0.658208896102	0.728255634379	0.687191140741	0.70217392198	0.673081877281	0.683580243108	0.663117017325	0.689008692784	0.682055209582	0.630500158641	0.650761091629	0.637531567999	0.706546361725	0.683883198891	0.668013222601	0.686313599965	0.669014588822	0.674184981241	0.660936248231	0.679426060788	0.6740300903	0.690851328042	0.681041709498	0.678961845204	0.669853529294	0.677275006161	0.672835869493	0.688513535888	0.681417962002	0.689624427611	0.653784922796	0.705173831194	0.675090627078
AF3	0.650683275262	0.663644698927	0.708874192027	0.670024696043	0.689919082478	0.533351732379	0.693409075376	0.692288054216	0.665290282822	0.709537466061	0.0	0.544896273718	0.671950773776	0.676414644924	0.679157981482	0.671034500371	0.677681917563	0.688832199889	0.752273009903	0.677252325846	0.69561836017	0.710546408353	0.695647968352	0.709334404223	0.760641505496	0.723611493336	0.701039470581	0.718117217178	0.702241397014	0.686238722251	0.724627769209	0.691328034813	0.643441374522	0.684466026378	0.669408567208	0.681772168449	0.655747695868	0.667019326844	0.695896117896	0.668259803601	0.689885174808	0.673681039386	0.674837912756	0.669298848854	0.672192959157	0.686848203972	0.713403207334	0.698371556889	0.677422318368	0.714565930143	0.703442335166	0.711286250945	0.685702104263	0.696933714085	0.697086099673	0.709710299051	0.687015289602	0.712935029848	0.691866728119	0.701914494828	0.65722761392	0.706358287291
AF4	0.666496949675	0.655206209676	0.739880279451	0.687798739114	0.473809501941	0.399591889346	0.650233306097	0.654779531813	0.665768956798	0.664592795916	0.544896273718	0.0	0.696670848149	0.696118482602	0.697486947123	0.645523410445	0.700141321089	0.691793772008	0.766718272295	0.671205184232	0.717163642056	0.685563565393	0.719174701277	0.703493774501	0.742490395295	0.709779588585	0.700017176647	0.702989452411	0.713161650992	0.655735603978	0.756886084609	0.693025316267	0.657926162744	0.648141085259	0.662308464672	0.65775843866	0.666901639146	0.646411043567	0.667412194559	0.624341048251	0.646442814668	0.674114310758	0.658345874864	0.658937492828	0.670521612514	0.668555317208	0.702221480518	0.685130864881	0.68083876809	0.676585061455	0.665214561922	0.680690982966	0.682163715708	0.674178515882	0.685907906144	0.665811599244	0.683596234853	0.675189431214	0.682934451797	0.655873516319	0.667632564344	0.679223385086
AG3	0.648905194471	0.664132584632	0.685253276948	0.393266272092	0.691326122094	0.679012738613	0.700487313177	0.701661876034	0.680210490424	0.711630154892	0.671950773776	0.696670848149	0.0	0.520105630287	0.679693487598	0.670697126878	0.667305615796	0.681793523524	0.759173148481	0.693037283464	0.683510432708	0.689643944492	0.6864669464	0.701114637997	0.724269736244	0.695341960823	0.675414242383	0.692001995814	0.687603180323	0.689685116679	0.728413107729	0.696126618749	0.682431353459	0.704942826128	0.6926856266	0.685186880512	0.673473888479	0.683244986903	0.710861637658	0.700170478014	0.70996326252	0.685530021317	0.671392459896	0.675515041321	0.702250575589	0.69976607485	0.686365484915	0.708587595112	0.63375049525	0.690478196585	0.707663761981	0.705041447953	0.674169754934	0.692131745178	0.684297969776	0.691639591015	0.698953297386	0.718952893173	0.709107785828	0.694548665246	0.680060275366	0.70552218655
AG4	0.623380848485	0.644307660106	0.555760656184	0.454935161839	0.696677434753	0.687011294737	0.690955730839	0.690719078868	0.685145962657	0.70727764473	0.676414644924	0.696118482602	0.520105630287	0.0	0.681536258747	0.653113351706	0.68967352953	0.701106200795	0.728050400029	0.671010884918	0.686960929947	0.679085428622	0.707433818399	0.707215404757	0.700650959162	0.698178333164	0.67091606766	0.669993533227	0.665230280327	0.676424381005	0.733489055399	0.703521060328	0.698002149215	0.733046808679	0.669801876441	0.685822123837	0.680925098469	0.679574851763	0.709911107409	0.704272013474	0.725062710787	0.680495029914	0.684439976758	0.690800637132	0.734767262111	0.722883128525	0.707225719927	0.724981651684	0.647826429024	0.705225035888	0.708051679417	0.707569169149	0.685144908897	0.701511233453	0.698821989546	0.709714677258	0.70740799122	0.713738415348	0.706639587001	0.713400712282	0.67683028631	0.718200274739
AH3	0.693018936509	0.531384929747	0.674405563577	0.676549103852	0.67970649742	0.670997749711	0.695335512579	0.702905360626	0.68305422201	0.697440273995	0.679157981482	0.697486947123	0.679693487598	0.681536258747	0.0	0.561883834636	0.687092258425	0.710175791924	0.774046856531	0.711227528617	0.71536765895	0.702654833846	0.686323040483	0.689331988023	0.722279531052	0.678413017252	0.684517922543	0.696315213954	0.699452482496	0.704113820755	0.74959012494	0.707285717265	0.666437906878	0.725730854164	0.701506114933	0.687948104922	0.686416116159	0.689451748035	0.695404133184	0.697760982137	0.709897047121	0.676804193397	0.675294278837	0.684613988294	0.71278777531	0.721635363548	0.709494263598	0.702821473857	0.683854775841	0.712507123212	0.701672568518	0.727286861492	0.701866445076	0.701713610431	0.693409143119	0.708276856414	0.706769926546	0.724816345928	0.708946398438	0.698149059165	0.691036682782	0.695109184833
AH4	0.491295475091	0.364919404823	0.695393670338	0.649558706374	0.658741437459	0.643938584023	0.67430187983	0.653451608727	0.685676243595	0.670468794729	0.671034500371	0.645523410445	0.670697126878	0.653113351706	0.561883834636	0.0	0.694558882297	0.685777522615	0.769546367699	0.67666657482	0.722740756496	0.671290548296	0.70105304184	0.696451654212	0.738440091011	0.672713623862	0.657067769219	0.666608019909	0.697181595605	0.660126011567	0.74928448743	0.672789622306	0.664939096571	0.685593039665	0.663842035209	0.661370005965	0.663194954671	0.647056974371	0.652923273183	0.673528616737	0.663474216799	0.677150611532	0.671027571579	0.663047701313	0.677701946362	0.663626607742	0.67713491234	0.665263595948	0.656727045968	0.668132373422	0.670347422727	0.66724545323	0.653163741568	0.661355950078	0.667056004268	0.658295789067	0.654790322781	0.658616694529	0.66920435259	0.662461966998	0.659471749667	0.645322039029
AA7	0.676432920367	0.691692974257	0.688783069481	0.688428255574	0.67618867294	0.681132357822	0.708193856053	0.700734176726	0.660094169311	0.711957279387	0.677681917563	0.700141321089	0.667305615796	0.68967352953	0.687092258425	0.694558882297	0.0	0.489532907364	0.760505989588	0.678652053356	0.655220304998	0.669718998884	0.67045114379	0.683823800683	0.70019692049	0.696889394861	0.65994365769	0.657528908842	0.688045508989	0.675436321172	0.706275242722	0.560296766447	0.658767728415	0.729780175568	0.703190504329	0.713465514758	0.669044104676	0.696866000079	0.714606747447	0.740641206106	0.719529144773	0.679843637582	0.696434542228	0.700234189672	0.72433025394	0.725137934387	0.725087554444	0.739615402817	0.697984741411	0.738319240694	0.703393643369	0.733392403297	0.684300722037	0.707547867549	0.689706069856	0.717095799329	0.729468629315	0.735495390976	0.736862059876	0.735505537799	0.69256035333	0.717565805256
AA8	0.67813138039	0.689287702947	0.719150634961	0.697261729625	0.686003311448	0.682946148581	0.67739074825	0.676326921896	0.683700871289	0.68070833696	0.688832199889	0.691793772008	0.681793523524	0.701106200795	0.710175791924	0.685777522615	0.489532907364	0.0	0.756891555902	0.648001679443	0.629538661232	0.631428505477	0.667118771941	0.670828449608	0.692087891043	0.681498531034	0.657014478889	0.644341241176	0.65798304464	0.641524924615	0.550229627421	0.409781017729	0.674235255906	0.71678112665	0.712483577937	0.705929917649	0.678059611938	0.695470354701	0.697738599983	0.708269580332	0.694365249653	0.693129354557	0.693694831512	0.6897325738	0.715103332105	0.710008621213	0.711545338385	0.708649839895	0.700524362485	0.719743538192	0.711621871087	0.72188007256	0.688929154514	0.691302518356	0.683484644407	0.692417805585	0.726495528241	0.728868777057	0.731076804749	0.713887377619	0.700497264131	0.691596795788
AB7	0.758603840022	0.762057211888	0.694898903241	0.742622803651	0.754300183673	0.755622782122	0.755636302995	0.775679371589	0.750494010936	0.770085728689	0.752273009903	0.766718272295	0.759173148481	0.728050400029	0.774046856531	0.769546367699	0.760505989588	0.756891555902	0.0	0.541677996021	0.744289880535	0.758514803827	0.780546154005	0.792653489189	0.74314058566	0.781570152934	0.769688481268	0.77304061371	0.727677240857	0.611472338012	0.754039390075	0.763517666789	0.777337943401	0.80033102006	0.769043528467	0.783002003581	0.755641838464	0.76681565166	0.786486573177	0.781277206393	0.790233113749	0.725495546619	0.732465384678	0.768984585868	0.795101579955	0.792669803815	0.812633284212	0.801967725134	0.774778176141	0.787738832344	0.801381483803	0.798049906302	0.785557457805	0.794795263429	0.771146067762	0.788851863743	0.790940086766	0.801236071426	0.804347215735	0.79162916673	0.789461180903	0.796773082795
AB8	0.694891591767	0.683316654894	0.679721239004	0.679381921789	0.676613302412	0.672530856231	0.648700809094	0.649334972222	0.680839803257	0.653925913168	0.677252325846	0.671205184232	0.693037283464	0.671010884918	0.711227528617	0.67666657482	0.678652053356	0.648001679443	0.541677996021	0.0	0.648303660548	0.616519442824	0.685781811781	0.67011200137	0.672955978422	0.657301524306	0.671699796266	0.649060862447	0.481491969025	0.375418086816	0.697116864844	0.653700042556	0.68415642296	0.692444431857	0.690158857479	0.677338055279	0.657568724989	0.660843635713	0.688173966864	0.68818508991	0.676688249899	0.664578968297	0.669250145391	0.661689948854	0.687232507804	0.677649237272	0.726089851467	0.696223336686	0.681310281855	0.694255321728	0.692156850144	0.700326411413	0.669806803324	0.679222650214	0.672055027534	0.688858447019	0.684501828009	0.702867155774	0.698625591758	0.697004727389	0.682228234568	0.695628944748
AC7	0.697588759448	0.705994144104	0.711680665309	0.697543141232	0.703061677524	0.703072905898	0.708303822387	0.721618902235	0.721066506373	0.717507672982	0.69561836017	0.717163642056	0.683510432708	0.686960929947	0.71536765895	0.722740756496	0.655220304998	0.629538661232	0.744289880535	0.648303660548	0.0	0.505574039884	0.692294198967	0.6975669546	0.69281555565	0.68592036836	0.676858011405	0.603326619592	0.63959109994	0.651869139095	0.6620733459	0.659665341626	0.707127467691	0.708107953244	0.727939155825	0.739803985253	0.700531327841	0.726791930583	0.727326504871	0.734111965473	0.729782734535	0.717510507046	0.724651528049	0.703848084093	0.695498228618	0.691974169994	0.740292419083	0.746162727675	0.705341637075	0.742054407768	0.74531450788	0.754039746624	0.716558474978	0.689803973471	0.703476203737	0.700873795958	0.743464347652	0.735853122616	0.74539763629	0.738610978504	0.694563341756	0.733627578197
AC8	0.694386441672	0.671681014848	0.714051860495	0.68184263158	0.694109004102	0.687454133542	0.669992628432	0.670400629092	0.71104060281	0.673039466228	0.710546408353	0.685563565393	0.689643944492	0.679085428622	0.702654833846	0.671290548296	0.669718998884	0.631428505477	0.758514803827	0.616519442824	0.505574039884	0.0	0.688779338679	0.65236291482	0.698584055198	0.64853357787	0.482586457677	0.400117617252	0.626694515571	0.614610953981	0.692782097198	0.645248478303	0.707556183218	0.669460149311	0.711724450914	0.700715385993	0.678968468677	0.69115404322	0.686545986789	0.708598597918	0.693017807567	0.707770121322	0.705815395979	0.678451702943	0.665040395953	0.66487613869	0.72583528232	0.700639031327	0.683280235963	0.698738664208	0.694250509033	0.697581408432	0.690022133911	0.655427332298	0.672398317092	0.66855593906	0.700133467399	0.675291972846	0.701407763257	0.693294620712	0.676224420787	0.684762862451
AD7	0.692451951697	0.694912201012	0.711872956994	0.691201404854	0.729585490445	0.706730514664	0.713891800265	0.702222905845	0.664998683135	0.721289532902	0.695647968352	0.719174701277	0.6864669464	0.707433818399	0.686323040483	0.70105304184	0.67045114379	0.667118771941	0.780546154005	0.685781811781	0.692294198967	0.688779338679	0.0	0.471891963405	0.706861203836	0.531994183234	0.67854315973	0.680094621797	0.676165142276	0.686980487573	0.703611541875	0.676274554392	0.661085456958	0.709772820822	0.728445932357	0.72013571561	0.689858682402	0.696214033294	0.7010950364	0.717005967215	0.713424531763	0.67397306678	0.688784153619	0.70393652197	0.697956282542	0.704769406524	0.710981459532	0.713211829183	0.673644353147	0.722614789571	0.694978803965	0.723360631439	0.690648529268	0.684213856118	0.663034774349	0.687336387292	0.697653919724	0.718866080887	0.717525980216	0.708727722507	0.66432149197	0.68495996623
AD8	0.698637327885	0.703419556782	0.718258320904	0.702461146575	0.712652113915	0.694175882188	0.689695683524	0.67431722399	0.686730639165	0.690312722323	0.709334404223	0.703493774501	0.701114637997	0.707215404757	0.689331988023	0.696451654212	0.683823800683	0.670828449608	0.792653489189	0.67011200137	0.6975669546	0.65236291482	0.471891963405	0.0	0.597764772917	0.401608547635	0.646485508196	0.660214881045	0.650416314089	0.662699547831	0.707528455901	0.665091674672	0.679424459826	0.700266468564	0.727458373465	0.703447133079	0.688980343448	0.695395721902	0.703930598148	0.70973244051	0.699805888983	0.681592815871	0.683280329792	0.67936888359	0.684773031643	0.681421800205	0.707068009762	0.711084881175	0.686384574637	0.714670914795	0.690063717233	0.717795632602	0.695356943211	0.66863998155	0.670537720828	0.671845429915	0.700176809865	0.710880539804	0.718023466889	0.698947169539	0.688861971672	0.682384272625
AE7	0.736837162826	0.730669361963	0.695462095141	0.722431527183	0.708518414835	0.749864808778	0.722802702374	0.729238154432	0.740257082513	0.72776219746	0.760641505496	0.742490395295	0.724269736244	0.700650959162	0.722279531052	0.738440091011	0.70019692049	0.692087891043	0.74314058566	0.672955978422	0.69281555565	0.698584055198	0.706861203836	0.597764772917	0.0	0.511940863606	0.70623750167	0.69326975291	0.680693563286	0.684681579325	0.73343393797	0.689002343212	0.738861163148	0.760349345864	0.742571240804	0.741368485708	0.730864441655	0.752451099759	0.765385480142	0.762713389993	0.76866535208	0.735749529649	0.735289561101	0.730385556561	0.750625912819	0.753563220744	0.765689385629	0.779745469317	0.732432395628	0.764339956774	0.756469238369	0.78198992056	0.753950348412	0.748069435851	0.72430035645	0.75109041309	0.773093805393	0.785932880198	0.781267582102	0.768642832017	0.754550159708	0.771349676761
AE8	0.704043815071	0.697986952681	0.711259443933	0.702202520313	0.708931373847	0.704094531441	0.693419069184	0.667594707818	0.712746757247	0.679752622619	0.723611493336	0.709779588585	0.695341960823	0.698178333164	0.678413017252	0.672713623862	0.696889394861	0.681498531034	0.781570152934	0.657301524306	0.68592036836	0.64853357787	0.531994183234	0.401608547635	0.511940863606	0.0	0.63930764537	0.647122843289	0.65161131742	0.634462196953	0.71607308186	0.660706171503	0.669217183234	0.697845656559	0.721374582807	0.707489225087	0.708574990531	0.69367907065	0.712878617111	0.723094805698	0.70689857095	0.698521509495	0.683419679682	0.688590161138	0.702261517409	0.69747742704	0.72552973743	0.718576077725	0.692764763337	0.721026185222	0.709261470533	0.724938990355	0.696799600593	0.682322165582	0.680505346456	0.68790382603	0.698451185266	0.706412891137	0.726485478663	0.716457553129	0.693002755645	0.682748654865
AF7	0.67397485826	0.667265003163	0.70128212602	0.670668961405	0.721725869112	0.706177584609	0.707119596227	0.67328528012	0.687820872751	0.694363332928	0.701039470581	0.700017176647	0.675414242383	0.67091606766	0.684517922543	0.657067769219	0.65994365769	0.657014478889	0.769688481268	0.671699796266	0.676858011405	0.482586457677	0.67854315973	0.646485508196	0.70623750167	0.63930764537	0.0	0.422871684651	0.649195608619	0.651445172509	0.713143183876	0.649327358531	0.656940920198	0.695369516464	0.703726278544	0.700747300448	0.68082141078	0.677035989016	0.674325293855	0.704003139691	0.694072165219	0.68740924727	0.693303677622	0.672375018134	0.71512927596	0.707623996641	0.702107612546	0.699928394189	0.675921076801	0.694450361776	0.693640415164	0.706051872335	0.674974064428	0.661556760942	0.673760828284	0.671567145171	0.674591621362	0.682945842041	0.677710901614	0.688178556295	0.661497323246	0.667297425973
AF8	0.680687946593	0.659729660326	0.707130104471	0.674517114879	0.697722974583	0.701291115324	0.679638826391	0.674800850791	0.711018721093	0.673699083509	0.718117217178	0.702989452411	0.692001995814	0.669993533227	0.696315213954	0.666608019909	0.657528908842	0.644341241176	0.77304061371	0.649060862447	0.603326619592	0.400117617252	0.680094621797	0.660214881045	0.69326975291	0.647122843289	0.422871684651	0.0	0.649048378676	0.642007606906	0.709272790563	0.667237848345	0.697919035092	0.695244058192	0.708883855931	0.707620067684	0.676150129118	0.686698436969	0.677633248568	0.708994601269	0.689548912022	0.693233299208	0.704173666378	0.685280153334	0.703799160634	0.690475259109	0.704281553407	0.699289304773	0.669221677581	0.689967806011	0.675499603332	0.697782905166	0.672229329442	0.638881032596	0.661559067837	0.643520353057	0.684340817078	0.691061288794	0.682284137691	0.683703957462	0.66742362752	0.690318895518
AG7	0.694820520358	0.699004563146	0.676171346128	0.676544166263	0.70104268619	0.704194634193	0.692517392409	0.681345192806	0.668702379885	0.695613034952	0.702241397014	0.713161650992	0.687603180323	0.665230280327	0.699452482496	0.697181595605	0.688045508989	0.65798304464	0.727677240857	0.481491969025	0.63959109994	0.626694515571	0.676165142276	0.650416314089	0.680693563286	0.65161131742	0.649195608619	0.649048378676	0.0	0.463818705229	0.671964275496	0.652953887059	0.68118728897	0.710263038678	0.702258088061	0.69169545841	0.661282636979	0.683007035221	0.699757615923	0.701674373529	0.692101079459	0.679646597297	0.700428262376	0.675249891298	0.70054001191	0.692431454501	0.72059724404	0.708202068929	0.6847165504	0.71383467971	0.695394342787	0.718371710182	0.679281130864	0.683683339013	0.685122288135	0.704771611956	0.702144521116	0.735500097599	0.708232422923	0.705435091337	0.66993834221	0.705224559761
AG8	0.678475039482	0.686285414876	0.685207525574	0.674749353597	0.684952798948	0.673618085353	0.658071394755	0.640550683897	0.683248391569	0.658208896102	0.686238722251	0.655735603978	0.689685116679	0.676424381005	0.704113820755	0.660126011567	0.675436321172	0.641524924615	0.611472338012	0.375418086816	0.651869139095	0.614610953981	0.686980487573	0.662699547831	0.684681579325	0.634462196953	0.651445172509	0.642007606906	0.463818705229	0.0	0.701103701627	0.627743913388	0.656838135144	0.676552473085	0.693571188529	0.684827301082	0.644786903696	0.637469105006	0.671336729326	0.679056052341	0.664714266808	0.668760200845	0.674676923417	0.661442995176	0.682849819602	0.669973868454	0.715817511246	0.690174242697	0.673723463424	0.693020165073	0.67822369232	0.693434543715	0.66281025418	0.665475856326	0.667881275672	0.672387216347	0.671592580754	0.676828391872	0.687082716897	0.682871701672	0.679223813703	0.675233622975
AH7	0.737350372443	0.749104793598	0.721509248044	0.734685105739	0.73465538145	0.741449575249	0.74658870867	0.712295811533	0.732129628446	0.728255634379	0.724627769209	0.756886084609	0.728413107729	0.733489055399	0.74959012494	0.74928448743	0.706275242722	0.550229627421	0.754039390075	0.697116864844	0.6620733459	0.692782097198	0.703611541875	0.707528455901	0.73343393797	0.71607308186	0.713143183876	0.709272790563	0.671964275496	0.701103701627	0.0	0.522104188503	0.716508292732	0.770949013954	0.774143597183	0.769323390314	0.748339520715	0.763997580384	0.769513538935	0.753250699593	0.752902031801	0.732587312816	0.744436199648	0.742743261292	0.762596491527	0.766283037417	0.76481788339	0.757198738374	0.755520631727	0.77367514712	0.780025197807	0.785666345223	0.752097864575	0.739380250628	0.734373564729	0.739594134983	0.772445119413	0.789307370329	0.776208342457	0.763616686191	0.746216205234	0.7444143701
AH8	0.689272141542	0.68580985295	0.724554779068	0.700376207334	0.693786702512	0.694786243211	0.683846267681	0.657072916956	0.699793182869	0.687191140741	0.691328034813	0.693025316267	0.696126618749	0.703521060328	0.707285717265	0.672789622306	0.560296766447	0.409781017729	0.763517666789	0.653700042556	0.659665341626	0.645248478303	0.676274554392	0.665091674672	0.689002343212	0.660706171503	0.649327358531	0.667237848345	0.652953887059	0.627743913388	0.522104188503	0.0	0.659591075846	0.706152436806	0.711944312072	0.705038162581	0.680552215349	0.683025167571	0.695336811988	0.707797341218	0.69218537984	0.693141261745	0.692604297648	0.691026361145	0.707418153948	0.709830888928	0.70933693967	0.701648604559	0.703496529498	0.715855243392	0.719993303099	0.731732909383	0.694640486225	0.688189229882	0.677664558086	0.688298928772	0.712388357422	0.71921164265	0.73087733301	0.708303083864	0.6972922584	0.668884286416
AA5	0.657544973115	0.6782338812	0.712489494686	0.702476157522	0.667661604003	0.678570412431	0.702570757164	0.679962687713	0.630185067767	0.70217392198	0.643441374522	0.657926162744	0.682431353459	0.698002149215	0.666437906878	0.664939096571	0.658767728415	0.674235255906	0.777337943401	0.68415642296	0.707127467691	0.707556183218	0.661085456958	0.679424459826	0.738861163148	0.669217183234	0.656940920198	0.697919035092	0.68118728897	0.656838135144	0.716508292732	0.659591075846	0.0	0.574837296682	0.696377695626	0.682343606781	0.631620159689	0.641145401897	0.691563483755	0.682663077069	0.689958361343	0.642499471723	0.661650488424	0.645916258052	0.705994928558	0.67664410531	0.686746118995	0.69341338069	0.687195471705	0.706239025647	0.68864792233	0.706293038568	0.660948071964	0.685425833776	0.656561844732	0.700403480362	0.661998473462	0.697117425871	0.670858755017	0.688355947365	0.629842916591	0.674275917034
AA6	0.689370813781	0.682816410276	0.774658187167	0.704094938512	0.699259680381	0.672608525329	0.667602302255	0.64601165385	0.709823309278	0.673081877281	0.684466026378	0.648141085259	0.704942826128	0.733046808679	0.725730854164	0.685593039665	0.729780175568	0.71678112665	0.80033102006	0.692444431857	0.708107953244	0.669460149311	0.709772820822	0.700266468564	0.760349345864	0.697845656559	0.695369516464	0.695244058192	0.710263038678	0.676552473085	0.770949013954	0.706152436806	0.574837296682	0.0	0.697236596697	0.671545866804	0.636995191505	0.631516861916	0.67553670993	0.676433438622	0.67480667523	0.69457262493	0.674134249938	0.654963866936	0.475376596843	0.451178186426	0.68912402117	0.682341947174	0.667325657329	0.685382342006	0.671463518273	0.676494038116	0.675886273917	0.683281445643	0.691392207432	0.69017237585	0.671198475032	0.669747799031	0.682286881788	0.668407188172	0.644476409286	0.672854286727
AB5	0.676633481618	0.663708481034	0.694464330486	0.68391978702	0.688325548712	0.67106140683	0.664354789028	0.666853994936	0.692895006795	0.683580243108	0.669408567208	0.662308464672	0.6926856266	0.669801876441	0.701506114933	0.663842035209	0.703190504329	0.712483577937	0.769043528467	0.690158857479	0.727939155825	0.711724450914	0.728445932357	0.727458373465	0.742571240804	0.721374582807	0.703726278544	0.708883855931	0.702258088061	0.693571188529	0.774143597183	0.711944312072	0.696377695626	0.697236596697	0.0	0.424987919223	0.64432155063	0.673630098913	0.665999189153	0.635056215661	0.6395408604	0.696945448469	0.69770695301	0.656875292093	0.690582219537	0.674298012062	0.6674338343	0.686239339825	0.669985537127	0.705836404055	0.689352286172	0.693474809535	0.651315915976	0.688135711667	0.692202873448	0.682531332648	0.70374432189	0.694698473309	0.714851739762	0.701184679816	0.659071634966	0.691723329727
AB6	0.695041414507	0.659172257295	0.718690015507	0.675430928554	0.662140628875	0.651854285381	0.648785987057	0.651946164439	0.711368190129	0.663117017325	0.681772168449	0.65775843866	0.685186880512	0.685822123837	0.687948104922	0.661370005965	0.713465514758	0.705929917649	0.783002003581	0.677338055279	0.739803985253	0.700715385993	0.72013571561	0.703447133079	0.741368485708	0.707489225087	0.700747300448	0.707620067684	0.69169545841	0.684827301082	0.769323390314	0.705038162581	0.682343606781	0.671545866804	0.424987919223	0.0	0.658423216712	0.649224253854	0.657737554552	0.637406190295	0.635086106675	0.684591824032	0.671996730695	0.543536994708	0.685004418319	0.669836311958	0.667681183008	0.665414876982	0.662235061718	0.674327770343	0.679640027706	0.6863012841	0.668572222427	0.678942334053	0.682982203482	0.675554129365	0.689819968094	0.68941416679	0.684826020562	0.67163349054	0.659176275875	0.675498737532
AC5	0.639333985593	0.65862593093	0.699835370379	0.670581496438	0.679197227787	0.661601515874	0.67322629201	0.666262528453	0.648291159801	0.689008692784	0.655747695868	0.666901639146	0.673473888479	0.680925098469	0.686416116159	0.663194954671	0.669044104676	0.678059611938	0.755641838464	0.657568724989	0.700531327841	0.678968468677	0.689858682402	0.688980343448	0.730864441655	0.708574990531	0.68082141078	0.676150129118	0.661282636979	0.644786903696	0.748339520715	0.680552215349	0.631620159689	0.636995191505	0.64432155063	0.658423216712	0.0	0.486079632985	0.62333872582	0.650125231834	0.654656163723	0.668007517491	0.614880428763	0.625976516335	0.642725735804	0.64194503716	0.639868170046	0.679644272824	0.612643613973	0.678692210723	0.642277173673	0.659110914474	0.633678106839	0.634890092211	0.629549037876	0.655025806407	0.647134617219	0.660965363966	0.64859945033	0.680994814821	0.636867915925	0.671982824136
AC6	0.656774751961	0.651476986931	0.726882031754	0.665750274512	0.679499990529	0.651390648882	0.665339760724	0.653817161613	0.687975125496	0.682055209582	0.667019326844	0.646411043567	0.683244986903	0.679574851763	0.689451748035	0.647056974371	0.696866000079	0.695470354701	0.76681565166	0.660843635713	0.726791930583	0.69115404322	0.696214033294	0.695395721902	0.752451099759	0.69367907065	0.677035989016	0.686698436969	0.683007035221	0.637469105006	0.763997580384	0.683025167571	0.641145401897	0.631516861916	0.673630098913	0.649224253854	0.486079632985	0.0	0.633589524915	0.658954862413	0.649346342938	0.579072141273	0.50902610321	0.613971769094	0.6627865044	0.657035384507	0.656250657202	0.672093294391	0.627993925206	0.652677164897	0.649694155033	0.662208974517	0.655142680459	0.655890159727	0.659178853179	0.662813576349	0.606254603194	0.652067911506	0.64588558655	0.65445634548	0.649890491598	0.665405435467
AD6	0.678221094169	0.654160027098	0.753682591118	0.698538870063	0.699767569349	0.664484030487	0.638781110354	0.633758666444	0.676014045211	0.630500158641	0.695896117896	0.667412194559	0.710861637658	0.709911107409	0.695404133184	0.652923273183	0.714606747447	0.697738599983	0.786486573177	0.688173966864	0.727326504871	0.686545986789	0.7010950364	0.703930598148	0.765385480142	0.712878617111	0.674325293855	0.677633248568	0.699757615923	0.671336729326	0.769513538935	0.695336811988	0.691563483755	0.67553670993	0.665999189153	0.657737554552	0.62333872582	0.633589524915	0.0	0.512197724134	0.435362741446	0.66989278577	0.669385924419	0.669053071359	0.65457255548	0.668595819952	0.663829742393	0.643948552801	0.617648126553	0.660384264182	0.665930044822	0.662281915534	0.654563555605	0.65688364151	0.666022748949	0.647694880308	0.651314051811	0.688451541527	0.65259894128	0.639606546546	0.632717424131	0.646962748721
AE5	0.676407862104	0.664380047834	0.737163692804	0.692064554798	0.65235268909	0.662797195753	0.63717438206	0.638014151197	0.672409861522	0.650761091629	0.668259803601	0.624341048251	0.700170478014	0.704272013474	0.697760982137	0.673528616737	0.740641206106	0.708269580332	0.781277206393	0.68818508991	0.734111965473	0.708598597918	0.717005967215	0.70973244051	0.762713389993	0.723094805698	0.704003139691	0.708994601269	0.701674373529	0.679056052341	0.753250699593	0.707797341218	0.682663077069	0.676433438622	0.635056215661	0.637406190295	0.650125231834	0.658954862413	0.512197724134	0.0	0.390211994393	0.688249697546	0.672604297783	0.655821250869	0.673814519552	0.68224227432	0.666154751038	0.659178763292	0.655834653272	0.654010593858	0.671682611127	0.672100037655	0.658519124377	0.664200485361	0.660562212359	0.635724980577	0.667621578282	0.697365647039	0.671255713817	0.632831509677	0.648692619259	0.676525813574
AE6	0.69006646303	0.669278888852	0.760955613046	0.7043283763	0.66873211698	0.655687982666	0.627964392844	0.633210525	0.690022763674	0.637531567999	0.689885174808	0.646442814668	0.70996326252	0.725062710787	0.709897047121	0.663474216799	0.719529144773	0.694365249653	0.790233113749	0.676688249899	0.729782734535	0.693017807567	0.713424531763	0.699805888983	0.76866535208	0.70689857095	0.694072165219	0.689548912022	0.692101079459	0.664714266808	0.752902031801	0.69218537984	0.689958361343	0.67480667523	0.6395408604	0.635086106675	0.654656163723	0.649346342938	0.435362741446	0.390211994393	0.0	0.681198690735	0.659723070669	0.665162681089	0.670685661403	0.666207999893	0.672499460193	0.649380543205	0.657557074773	0.660264688074	0.672737796551	0.674537706548	0.654386442915	0.648275716088	0.659801720844	0.635787877346	0.661251443768	0.696576334922	0.67473980091	0.643558432665	0.647113770701	0.651686852868
AF5	0.69048343474	0.662134755972	0.685323369626	0.668064276587	0.659673508893	0.636897450618	0.687068047745	0.704572544089	0.652937476766	0.706546361725	0.673681039386	0.674114310758	0.685530021317	0.680495029914	0.676804193397	0.677150611532	0.679843637582	0.693129354557	0.725495546619	0.664578968297	0.717510507046	0.707770121322	0.67397306678	0.681592815871	0.735749529649	0.698521509495	0.68740924727	0.693233299208	0.679646597297	0.668760200845	0.732587312816	0.693141261745	0.642499471723	0.69457262493	0.696945448469	0.684591824032	0.668007517491	0.579072141273	0.66989278577	0.688249697546	0.681198690735	0.0	0.461356269424	0.647091971066	0.702306446676	0.700687670873	0.705158614654	0.710258147684	0.666146058578	0.701320018372	0.70499959023	0.730915817539	0.680917708513	0.694603295934	0.69061718326	0.69603270416	0.67858389649	0.734330579564	0.69002870117	0.675125119103	0.670246531015	0.703813139431
AF6	0.686093151028	0.662163957205	0.711587853652	0.657860296089	0.662143257621	0.633325828296	0.666843206373	0.686532532111	0.674019294754	0.683883198891	0.674837912756	0.658345874864	0.671392459896	0.684439976758	0.675294278837	0.671027571579	0.696434542228	0.693694831512	0.732465384678	0.669250145391	0.724651528049	0.705815395979	0.688784153619	0.683280329792	0.735289561101	0.683419679682	0.693303677622	0.704173666378	0.700428262376	0.674676923417	0.744436199648	0.692604297648	0.661650488424	0.674134249938	0.69770695301	0.671996730695	0.614880428763	0.50902610321	0.669385924419	0.672604297783	0.659723070669	0.461356269424	0.0	0.643554800122	0.67671451798	0.68187108515	0.688118382663	0.691800394996	0.658655749244	0.671451950693	0.687499765906	0.702080891293	0.681961380239	0.680904608505	0.684120640834	0.681494399961	0.652726772862	0.706155034996	0.683069203082	0.663018907423	0.66710110272	0.701958217356
