	AA3	AA4	AB3	AB4	AC3	AC4	AD3	AD4	AE3	AE4	AF3	AF4	AG3	AG4	AH3	AH4	AA7	AA8	AB7	AB8	AC7	AC8	AD7	AD8	AE7	AE8	AF7	AF8	AG7	AG8	AH7	AH8	AA5	AA6	AB5	AB6	AC5	AC6	AD6	AE5	AE6	AF5	AF6	AG5	AH5	AH6	AA1	AA2	AB1	AB2	AC1	AC2	AD1	AD2	AE1	AE2	AF1	AF2	AG1	AG2	AH1	AH2
AA3	0.0	0.540542038354	0.68913670618	0.639266060163	0.676812044479	0.660992529987	0.704197857673	0.666042304765	0.642139832836	0.702691771915	0.639461696677	0.661349754058	0.644194267725	0.630569332459	0.686149408471	0.482551202697	0.669182861945	0.676830309984	0.751787541553	0.686361512951	0.686352116586	0.672199071982	0.670260092919	0.690556984898	0.726215416446	0.696572040443	0.680218410883	0.695778732326	0.695075108977	0.687547504492	0.73431913219	0.689166606016	0.66316560433	0.696175386292	0.660375674777	0.682947221173	0.634564595494	0.660245866607	0.648926784688	0.672701301302	0.672050491574	0.67834217796	0.642103825051	0.657837136325	0.701966760134	0.691196218175	0.653235974998	0.698774433562	0.645128945074	0.695275864969	0.665057003488	0.682769577058	0.631586842961	0.66199015696	0.664160564172	0.679262486765	0.649178183427	0.674788913699	0.644481179455	0.672168728836	0.642500037206	0.674756181095
AA4	0.540542038354	0.0	0.736064907904	0.639141157478	0.658946747341	0.642427954853	0.658973046228	0.632188392378	0.676063060345	0.65197951334	0.668354590418	0.640379291857	0.676291252253	0.657325864066	0.512283343634	0.390359875188	0.687565608887	0.68320791163	0.779268165136	0.693409434379	0.710346174862	0.666279082173	0.699413318171	0.708553114126	0.73832097543	0.690981106605	0.667309567416	0.659501162139	0.688748456039	0.679260561801	0.763193521257	0.689036293085	0.700040577565	0.67457521861	0.663497140905	0.661109082516	0.660175533575	0.629195695627	0.638664209755	0.675559872103	0.636214324969	0.676394150136	0.649263307479	0.64790454663	0.683117615649	0.666732180042	0.667309541586	0.669695051119	0.656323240873	0.661878397724	0.653458063091	0.669128079216	0.655384828866	0.653439285254	0.668336798479	0.660124708712	0.643148405554	0.660832956965	0.635593599968	0.643968242972	0.657231891276	0.639697501947
AB3	0.68913670618	0.736064907904	0.0	0.656325691785	0.736029886139	0.758362207108	0.767053206173	0.765041285774	0.713496887115	0.773444413404	0.732808127703	0.761388984031	0.73247231063	0.570168762409	0.740559737018	0.731057541216	0.745617659076	0.761755451213	0.715479641228	0.721955339047	0.744503594835	0.76437845306	0.747513880419	0.76593940458	0.726739821647	0.753415530638	0.742397703119	0.764813134893	0.71168579489	0.709775421505	0.760549569457	0.763992284655	0.745189927129	0.796679170277	0.725962116419	0.760322437471	0.733927642393	0.759361025622	0.765097985562	0.761321505085	0.782632634954	0.731592877767	0.712693419684	0.757944554791	0.805814076104	0.803529233271	0.774506523232	0.794085679839	0.735421823294	0.797687747691	0.748173415552	0.782726994172	0.754110078524	0.790742909645	0.772572222226	0.779775947456	0.771863028722	0.778774556434	0.774659686428	0.782839637688	0.743503915578	0.781287336967
AB4	0.639266060163	0.639141157478	0.656325691785	0.0	0.693888576723	0.683528582377	0.69551900067	0.681744977076	0.681431552002	0.692278905845	0.670411181553	0.683400887158	0.421210495914	0.426309131688	0.678920610041	0.644773859534	0.705177562825	0.693751414891	0.750035640043	0.688831666965	0.699605271585	0.687555769339	0.682586041821	0.698259225458	0.722606110466	0.680957003602	0.670816867595	0.690780267095	0.675839015034	0.669518455849	0.740642588673	0.702969699847	0.712863133513	0.70411673659	0.673656991079	0.687031726343	0.665468185477	0.641099186861	0.664646427699	0.680266078728	0.691843970054	0.675746611597	0.649582481088	0.663007990509	0.716326778429	0.719278202901	0.687625381839	0.708163973857	0.641778116065	0.699474260301	0.696660577525	0.695079944975	0.670620318927	0.677760758026	0.674183382184	0.687002318463	0.685153617492	0.708776812958	0.690090141152	0.678740595338	0.673037677982	0.701466308152
AC3	0.676812044479	0.658946747341	0.736029886139	0.693888576723	0.0	0.545596401866	0.67358922619	0.659059103616	0.662515563816	0.667401165807	0.689243110489	0.469755112313	0.707481272455	0.699300381067	0.67991100492	0.678439398778	0.678594382342	0.68339975642	0.743116876985	0.676541239643	0.717552982454	0.690860215929	0.721846117961	0.730523481915	0.708880118968	0.716526469378	0.702129291555	0.706979986994	0.703948238339	0.68252416903	0.752490784576	0.706013345598	0.684059714875	0.702570709681	0.69136367103	0.679409564148	0.679471569533	0.67458953931	0.675397692261	0.664177711623	0.675875070154	0.673516212641	0.660350319361	0.677661720958	0.720375972317	0.698635571911	0.714234794595	0.71557809695	0.687872230744	0.688721977919	0.694416608683	0.705587044086	0.680838840963	0.690347553276	0.685277650993	0.695427070162	0.696648519505	0.705889638822	0.684609684452	0.663761622116	0.687567105311	0.701938890947
AC4	0.660992529987	0.642427954853	0.758362207108	0.683528582377	0.545596401866	0.0	0.659878394858	0.650068066612	0.661812623951	0.656996517596	0.518036091363	0.41363800799	0.693306050396	0.702184136165	0.682365533034	0.637063242131	0.690996540291	0.671400362121	0.758486652078	0.678231926281	0.715176917631	0.677913234251	0.696107818223	0.709318353215	0.752624795332	0.703761891655	0.688113472445	0.684294216311	0.712575921104	0.678997486974	0.748578166609	0.688155624399	0.668315480151	0.662426924618	0.636585545166	0.645353840526	0.653996787729	0.649721732461	0.644968073291	0.65472913927	0.655958827186	0.662099398377	0.648621940085	0.655481704187	0.690669535879	0.650924481659	0.713222701504	0.691429984058	0.708900015985	0.705880840852	0.679182677311	0.677566224684	0.689835343699	0.686331382968	0.703709948452	0.701674061715	0.668395132594	0.665743559638	0.675087024985	0.690540572683	0.675312738983	0.665569204685
AD3	0.704197857673	0.658973046228	0.767053206173	0.69551900067	0.67358922619	0.659878394858	0.0	0.445880201844	0.681321406295	0.332085257253	0.699706806687	0.659649849124	0.708586572487	0.713186314511	0.693616259815	0.678839548593	0.708463884373	0.684121498789	0.772257531285	0.661578106003	0.725376860381	0.679455126078	0.710987377892	0.698836723343	0.731807308977	0.689377736575	0.706194059945	0.67005049828	0.710580063294	0.678677422007	0.725748078719	0.686786220381	0.72493575259	0.670820502339	0.667053845915	0.682389722348	0.68151929762	0.667840171024	0.61914469746	0.65396157718	0.628650363266	0.692390237946	0.675191304174	0.690119781771	0.695781916916	0.683777490736	0.702888587975	0.69051543289	0.678592331508	0.667933407145	0.693124182738	0.676071422407	0.683020595756	0.679630935305	0.681496477897	0.681734059715	0.687849851278	0.698253876386	0.702188340984	0.659579925811	0.703846584377	0.672127654292
AD4	0.666042304765	0.632188392378	0.765041285774	0.681744977076	0.659059103616	0.650068066612	0.445880201844	0.0	0.580368447135	0.426703099192	0.678109877208	0.644121253119	0.685591654565	0.703359349582	0.676401934653	0.648117889392	0.689552065338	0.680024419071	0.76996173958	0.628131378904	0.693604085347	0.655477741062	0.676837470927	0.660601277983	0.711053163447	0.668005422741	0.687155602466	0.645583463736	0.651872409871	0.624294843368	0.740164767506	0.650485073584	0.677008483756	0.648576004937	0.664954088375	0.669521967168	0.665370072155	0.646818924436	0.613705316387	0.639554032835	0.637359749631	0.67822996238	0.663609992446	0.657544815149	0.667255400106	0.649064140642	0.675452456545	0.674791837914	0.658485918316	0.666704582461	0.673417276319	0.669374390701	0.662508973907	0.659898559994	0.641968844388	0.67123883456	0.669296258924	0.681572180549	0.673155775511	0.655636837244	0.673583493636	0.649968142329
AE3	0.642139832836	0.676063060345	0.713496887115	0.681431552002	0.662515563816	0.661812623951	0.681321406295	0.580368447135	0.0	0.656355796669	0.651291726309	0.661480248988	0.670710811268	0.697623070163	0.674753034809	0.68010829553	0.658938012378	0.676409989902	0.762096218994	0.679732615344	0.715500251279	0.693601774661	0.663011820026	0.680380937498	0.743931063567	0.704620988951	0.677171320077	0.700999179572	0.650506875524	0.68015879223	0.730070206108	0.668235868343	0.623441456092	0.705360666675	0.685863956395	0.699520081767	0.657250951809	0.677337996144	0.657657092823	0.674009316214	0.6883059032	0.671092684563	0.646122188754	0.666323631635	0.717527462843	0.712358926347	0.686736822409	0.719533252488	0.70145087984	0.714691457612	0.703030859176	0.705571307088	0.683264334952	0.696930611416	0.665075616143	0.716219018729	0.690733465488	0.729210137112	0.681002865765	0.703025008544	0.648334580595	0.707574375447
AE4	0.702691771915	0.65197951334	0.773444413404	0.692278905845	0.667401165807	0.656996517596	0.332085257253	0.426703099192	0.656355796669	0.0	0.705394637256	0.654973296106	0.714437827389	0.718484386964	0.691280335191	0.675680217903	0.714737992045	0.687170710849	0.772122718244	0.648435563075	0.718178111598	0.670298626925	0.712706309248	0.693937093955	0.728278595286	0.688037454757	0.707355966649	0.664585257326	0.693861494036	0.662966054639	0.721564391645	0.674201392111	0.720473233238	0.669520461105	0.661112567785	0.678012139852	0.686450332027	0.661825582956	0.623311554421	0.654995568027	0.636573923596	0.690675977871	0.670883422888	0.677304003763	0.698749567354	0.684635911238	0.691833616492	0.6773564926	0.681133886678	0.671784103936	0.699377091602	0.677538412985	0.681801545429	0.678029440688	0.677234503753	0.677591034803	0.690531102816	0.692195946742	0.700760175275	0.66562634129	0.7058942264	0.661198555548
AF3	0.639461696677	0.668354590418	0.732808127703	0.670411181553	0.689243110489	0.518036091363	0.699706806687	0.678109877208	0.651291726309	0.705394637256	0.0	0.560780008564	0.664342940145	0.683210139055	0.674151937726	0.661021281826	0.670327943371	0.694798300468	0.751414099263	0.67554766429	0.682305701481	0.702229114851	0.666940457198	0.70096513352	0.761332592483	0.716424910761	0.693277712142	0.716277743211	0.687698775517	0.672821745281	0.722781423059	0.692456126702	0.656469164841	0.694544911841	0.660980649723	0.672290815794	0.65094675428	0.665083233782	0.664482892305	0.677304340268	0.684459879353	0.691074494585	0.644975097996	0.664162417063	0.693694682376	0.67541518317	0.717494378633	0.716605655527	0.693778238135	0.71911717642	0.712496397463	0.717676912898	0.689479476754	0.700414796201	0.697686035348	0.712726058195	0.675609070294	0.709063953491	0.676579647805	0.703903775648	0.644517487948	0.705485303665
AF4	0.661349754058	0.640379291857	0.761388984031	0.683400887158	0.469755112313	0.41363800799	0.659649849124	0.644121253119	0.661480248988	0.654973296106	0.560780008564	0.0	0.697402466979	0.692739909451	0.687270462568	0.653004561737	0.695351117828	0.674407884998	0.766306807484	0.6676029699	0.717691982505	0.677665185698	0.699697649881	0.705966083124	0.74370305741	0.693745121544	0.688105225713	0.686818554654	0.707317802311	0.669819407744	0.753821534857	0.687420722483	0.674305912924	0.663736312455	0.660245133034	0.644912219686	0.653772516999	0.657218554551	0.65103287245	0.63549769455	0.64663082281	0.666772918615	0.638914696969	0.650405500874	0.687202422172	0.653024232738	0.701434836514	0.685701638893	0.685400737558	0.676470948377	0.660191193231	0.682828851329	0.675626384668	0.661548311994	0.676584401611	0.674071639196	0.666189208437	0.688526568478	0.67676733107	0.664960400033	0.659598392479	0.676862204196
AG3	0.644194267725	0.676291252253	0.73247231063	0.421210495914	0.707481272455	0.693306050396	0.708586572487	0.685591654565	0.670710811268	0.714437827389	0.664342940145	0.697402466979	0.0	0.504318536547	0.694186526516	0.672649936327	0.672108346829	0.68158983865	0.767931774127	0.695226539753	0.682929956668	0.690811725389	0.674524174248	0.688458558098	0.723850461172	0.694182212469	0.685688614157	0.708861953843	0.684800279614	0.690826970206	0.738516292647	0.69498460559	0.706032190524	0.702409480861	0.692601355046	0.695756649549	0.679991341568	0.661844736797	0.680726277355	0.703704928948	0.699661442656	0.679371349099	0.670942394894	0.670410759088	0.707130525841	0.717416825565	0.693680454303	0.713617888203	0.650318814004	0.698804443827	0.705506065933	0.706200647639	0.681228814216	0.683830590749	0.688878011847	0.696437739286	0.70372734491	0.720961480606	0.685110827239	0.682788022292	0.685141860933	0.721301556802
AG4	0.630569332459	0.657325864066	0.570168762409	0.426309131688	0.699300381067	0.702184136165	0.713186314511	0.703359349582	0.697623070163	0.718484386964	0.683210139055	0.692739909451	0.504318536547	0.0	0.700301669689	0.658500359914	0.710662926251	0.717565922255	0.759574484674	0.711968638861	0.722051589203	0.714913882426	0.71451307704	0.734281417732	0.738744251682	0.718454688095	0.710046551287	0.726873473663	0.693402850703	0.692654189295	0.767695561303	0.717181614462	0.728544478009	0.728816872792	0.677237578906	0.70139947132	0.681513834102	0.675488614616	0.68882692654	0.697967963066	0.701904638741	0.692175861194	0.66478996905	0.703698637168	0.739096748583	0.736928967166	0.69916726321	0.723013409828	0.653524236155	0.717465804119	0.700530602031	0.704413198987	0.674831944297	0.725746951719	0.73393319022	0.718649808636	0.707755077314	0.72271752426	0.719181859826	0.69871095849	0.682913061403	0.71571092759
AH3	0.686149408471	0.512283343634	0.740559737018	0.678920610041	0.67991100492	0.682365533034	0.693616259815	0.676401934653	0.674753034809	0.691280335191	0.674151937726	0.687270462568	0.694186526516	0.700301669689	0.0	0.543241072271	0.682722861275	0.701958195738	0.771716030674	0.712124280237	0.730726575082	0.708887823543	0.680200579029	0.706152583174	0.730436690866	0.701551852746	0.676501907531	0.705378688295	0.704797455186	0.696461933947	0.764529231639	0.706758262919	0.672284070887	0.717972840837	0.698561556921	0.689939193799	0.674983176098	0.682329446449	0.667993340148	0.694453270094	0.671301291103	0.695224767187	0.685223094266	0.664236948755	0.718501265764	0.70012727873	0.699759776471	0.696663506757	0.697089088164	0.697430833515	0.701087998686	0.718874786341	0.70183988088	0.689010756247	0.674843255737	0.707141016767	0.70684875351	0.709309740695	0.68309254508	0.685001030576	0.689323295553	0.702010573867
AH4	0.482551202697	0.390359875188	0.731057541216	0.644773859534	0.678439398778	0.637063242131	0.678839548593	0.648117889392	0.68010829553	0.675680217903	0.661021281826	0.653004561737	0.672649936327	0.658500359914	0.543241072271	0.0	0.69741241109	0.6672418933	0.773201205104	0.68432378523	0.711930873715	0.680266848876	0.670014605164	0.680238197497	0.741013913896	0.678527063895	0.670769619596	0.673820033514	0.699631180349	0.684817982474	0.733264075053	0.672120035792	0.683009462633	0.67820700239	0.655074894665	0.656403450282	0.647828038321	0.629578781758	0.631369578209	0.673393021953	0.641405711861	0.664769556956	0.662535628644	0.639961422408	0.68524086994	0.670900821775	0.669194282439	0.666134254604	0.653974196209	0.678785204907	0.65503318551	0.674295106001	0.641474532159	0.655029417415	0.657830557418	0.658006711094	0.641548242984	0.648412062122	0.646342739951	0.664348019081	0.645429490849	0.641332665621
AA7	0.669182861945	0.687565608887	0.745617659076	0.705177562825	0.678594382342	0.690996540291	0.708463884373	0.689552065338	0.658938012378	0.714737992045	0.670327943371	0.695351117828	0.672108346829	0.710662926251	0.682722861275	0.69741241109	0.0	0.515801414885	0.760478033358	0.672037895466	0.663289935113	0.667843492657	0.675274318533	0.685556350361	0.697421448586	0.705836869239	0.673314024595	0.689510891661	0.67118785232	0.673636346314	0.717573748072	0.569978280457	0.672073754653	0.725279907438	0.706006253085	0.717604675174	0.665159751583	0.688094940595	0.695391176459	0.731811655755	0.733279022211	0.707895359178	0.695264859417	0.701359083696	0.726035813054	0.725504565617	0.732934631114	0.740444322353	0.718899827195	0.746010735466	0.712675119877	0.738584043963	0.69777534371	0.706879719591	0.68846504783	0.730262463901	0.739752868176	0.741932828153	0.719952349109	0.731018031304	0.678101340509	0.730919290357
AA8	0.676830309984	0.68320791163	0.761755451213	0.693751414891	0.68339975642	0.671400362121	0.684121498789	0.680024419071	0.676409989902	0.687170710849	0.694798300468	0.674407884998	0.68158983865	0.717565922255	0.701958195738	0.6672418933	0.515801414885	0.0	0.769806333613	0.656956955826	0.644954177789	0.649725218749	0.671251414516	0.681319732501	0.697749949246	0.681808698354	0.672409632547	0.651656918258	0.662335995284	0.666398226013	0.575468313324	0.410809409005	0.68722633437	0.712506775588	0.69867388327	0.722130410832	0.676259311784	0.672448746509	0.693064394772	0.701659640714	0.704801287294	0.688000114534	0.693375928392	0.704549825655	0.713902481228	0.707471853305	0.714408949835	0.70918076113	0.694199976901	0.712015839949	0.71284683345	0.731501669574	0.686198743887	0.672091100163	0.682800086984	0.696943199324	0.715702079941	0.735056080921	0.73015186372	0.720346080726	0.697860630728	0.719608138649
AB7	0.751787541553	0.779268165136	0.715479641228	0.750035640043	0.743116876985	0.758486652078	0.772257531285	0.76996173958	0.762096218994	0.772122718244	0.751414099263	0.766306807484	0.767931774127	0.759574484674	0.771716030674	0.773201205104	0.760478033358	0.769806333613	0.0	0.567228640371	0.740629365473	0.756657355172	0.769344253337	0.785236127782	0.745316920187	0.780444028455	0.769375025532	0.773612402032	0.746836103386	0.643059211416	0.752602156033	0.76549992786	0.774445455365	0.793758889005	0.773499423672	0.790251326535	0.756244414426	0.75887489118	0.764864565406	0.784793617546	0.799000051842	0.733655051959	0.741164876592	0.776166734514	0.796236139896	0.795167853267	0.814848555647	0.799410099082	0.774115766772	0.803791136459	0.806977801418	0.805848942278	0.786320794068	0.795360848278	0.775018585993	0.794434931581	0.786743218982	0.79506923984	0.795105865996	0.785139811768	0.779287221865	0.799074802916
AB8	0.686361512951	0.693409434379	0.721955339047	0.688831666965	0.676541239643	0.678231926281	0.661578106003	0.628131378904	0.679732615344	0.648435563075	0.67554766429	0.6676029699	0.695226539753	0.711968638861	0.712124280237	0.68432378523	0.672037895466	0.656956955826	0.567228640371	0.0	0.652686930195	0.606382270038	0.67816451658	0.665597000676	0.670903676714	0.665502373886	0.657145554192	0.633797314501	0.511976828348	0.422600531252	0.694687514014	0.635085269821	0.701864109498	0.689230402123	0.682445460598	0.685147814461	0.6578760521	0.672006230043	0.662248930467	0.694200085106	0.693508594821	0.687173636856	0.66674520835	0.671865640529	0.685770689112	0.673629065952	0.720522498233	0.694470887064	0.660244557306	0.701337894664	0.690391098383	0.714388380209	0.675283472512	0.678271469249	0.67764361592	0.69241277781	0.69052279056	0.702716585494	0.69489585072	0.692282338178	0.670612298654	0.690379073424
AC7	0.686352116586	0.710346174862	0.744503594835	0.699605271585	0.717552982454	0.715176917631	0.725376860381	0.693604085347	0.715500251279	0.718178111598	0.682305701481	0.717691982505	0.682929956668	0.722051589203	0.730726575082	0.711930873715	0.663289935113	0.644954177789	0.740629365473	0.652686930195	0.0	0.51853487181	0.682020152962	0.691684783964	0.69317097207	0.684802036586	0.69774767435	0.597689483716	0.64510113124	0.629418449911	0.654789880505	0.645775546475	0.727666210778	0.706885391377	0.722676504998	0.742938676346	0.709628190768	0.721953403765	0.70681935597	0.73050771671	0.735820798509	0.734815693381	0.735520452299	0.710526974551	0.689486269714	0.699529948387	0.750083580689	0.750866243504	0.698388407497	0.738419289111	0.751540291159	0.760839453567	0.709146785512	0.694744456211	0.709440684503	0.710760173779	0.746798780108	0.728080760699	0.745034671043	0.730052727539	0.705289124403	0.744404444333
AC8	0.672199071982	0.666279082173	0.76437845306	0.687555769339	0.690860215929	0.677913234251	0.679455126078	0.655477741062	0.693601774661	0.670298626925	0.702229114851	0.677665185698	0.690811725389	0.714913882426	0.708887823543	0.680266848876	0.667843492657	0.649725218749	0.756657355172	0.606382270038	0.51853487181	0.0	0.694324752883	0.665075360732	0.704770303845	0.64752549695	0.497257510254	0.399431312287	0.633434893131	0.610404583453	0.708336177413	0.650633903223	0.715148457807	0.670702337271	0.705203019322	0.699960976806	0.690596376389	0.680666657309	0.659383496305	0.701294098703	0.680527321757	0.704499833346	0.691545386721	0.677446880457	0.669625002448	0.662067664669	0.717043449625	0.696220790346	0.661307386509	0.701149533906	0.695104263617	0.693586939244	0.667961535289	0.660143168789	0.685599055749	0.67227842413	0.70460892311	0.681871770543	0.700617490277	0.687967606885	0.681343284235	0.672447037309
AD7	0.670260092919	0.699413318171	0.747513880419	0.682586041821	0.721846117961	0.696107818223	0.710987377892	0.676837470927	0.663011820026	0.712706309248	0.666940457198	0.699697649881	0.674524174248	0.71451307704	0.680200579029	0.670014605164	0.675274318533	0.671251414516	0.769344253337	0.67816451658	0.682020152962	0.694324752883	0.0	0.449079087129	0.712979802146	0.518401738558	0.655865314671	0.684259754112	0.659743158078	0.657674299347	0.698932580171	0.664719123776	0.65683640822	0.703273410656	0.716964611969	0.713572427717	0.671687304276	0.681840950569	0.683150144702	0.693816943796	0.705869754366	0.684534236224	0.689490926766	0.686951645891	0.69805022011	0.680082397992	0.718699423513	0.707245515227	0.68338135422	0.707446139168	0.691803380813	0.718970613785	0.677178928291	0.669773584671	0.650242844094	0.697566393921	0.694431780172	0.713042872621	0.694090131523	0.697317718122	0.675824011905	0.707944919578
AD8	0.690556984898	0.708553114126	0.76593940458	0.698259225458	0.730523481915	0.709318353215	0.698836723343	0.660601277983	0.680380937498	0.693937093955	0.70096513352	0.705966083124	0.688458558098	0.734281417732	0.706152583174	0.680238197497	0.685556350361	0.681319732501	0.785236127782	0.665597000676	0.691684783964	0.665075360732	0.449079087129	0.0	0.636043336845	0.427318421918	0.647702168219	0.651406223384	0.657826695531	0.655804043278	0.702773805845	0.66895496895	0.687934280692	0.692597955242	0.728275733085	0.716767633189	0.689087941826	0.687623942134	0.688473532383	0.708455781008	0.703249748326	0.703499172673	0.702119906783	0.677566434834	0.689122689115	0.681022770215	0.719336103231	0.715483118257	0.688002728291	0.711674578808	0.700035958933	0.722145511484	0.689981105014	0.67061913007	0.651543483658	0.676828710462	0.705493332099	0.719952130425	0.703555996699	0.704118691376	0.696947506851	0.707186130188
AE7	0.726215416446	0.73832097543	0.726739821647	0.722606110466	0.708880118968	0.752624795332	0.731807308977	0.711053163447	0.743931063567	0.728278595286	0.761332592483	0.74370305741	0.723850461172	0.738744251682	0.730436690866	0.741013913896	0.697421448586	0.697749949246	0.745316920187	0.670903676714	0.69317097207	0.704770303845	0.712979802146	0.636043336845	0.0	0.521816877531	0.719380281943	0.702919322368	0.687285274989	0.682378585311	0.732838547533	0.698424318789	0.745961496167	0.759322161506	0.743421211671	0.750204375758	0.73024826164	0.747117250623	0.751454854542	0.763289462349	0.755457978936	0.748143005469	0.728189215358	0.737872545485	0.747622531687	0.749732349656	0.763594295993	0.779038601522	0.725460723841	0.76493351346	0.756476663684	0.785646623509	0.747391846599	0.750796395889	0.736941026889	0.754755896942	0.780733299668	0.789555499457	0.766323465903	0.759790689718	0.758451339544	0.780408758047
AE8	0.696572040443	0.690981106605	0.753415530638	0.680957003602	0.716526469378	0.703761891655	0.689377736575	0.668005422741	0.704620988951	0.688037454757	0.716424910761	0.693745121544	0.694182212469	0.718454688095	0.701551852746	0.678527063895	0.705836869239	0.681808698354	0.780444028455	0.665502373886	0.684802036586	0.64752549695	0.518401738558	0.427318421918	0.521816877531	0.0	0.664161251152	0.649520125735	0.664743944085	0.659049289408	0.718139660028	0.676000584594	0.713241285275	0.703030177273	0.723464655033	0.712585327265	0.696573667117	0.701644075522	0.695901048032	0.716406595462	0.706506153155	0.707847027707	0.703966260787	0.68316565147	0.693474820106	0.688812754447	0.712280832171	0.714095927675	0.679823678587	0.70368947708	0.703895492068	0.721781797579	0.693111831461	0.681355319119	0.688390859177	0.692086257547	0.714408812391	0.726406971226	0.711995151587	0.700930263743	0.70446755413	0.710808969499
AF7	0.680218410883	0.667309567416	0.742397703119	0.670816867595	0.702129291555	0.688113472445	0.706194059945	0.687155602466	0.677171320077	0.707355966649	0.693277712142	0.688105225713	0.685688614157	0.710046551287	0.676501907531	0.670769619596	0.673314024595	0.672409632547	0.769375025532	0.657145554192	0.69774767435	0.497257510254	0.655865314671	0.647702168219	0.719380281943	0.664161251152	0.0	0.456857971317	0.645565027837	0.644966289264	0.721911495985	0.682409374689	0.690472093075	0.710406245974	0.699535765123	0.692608763392	0.675308428806	0.68389263131	0.66274010411	0.691324975908	0.680790425628	0.692552832981	0.682163704423	0.669919709919	0.726857262224	0.708442063881	0.709818880072	0.682262898855	0.67930017248	0.71761695057	0.67375314462	0.694318326566	0.682229636353	0.65000423959	0.678263122943	0.670119647536	0.693159840705	0.712558599236	0.685007249879	0.711729059933	0.666425453691	0.693409843461
AF8	0.695778732326	0.659501162139	0.764813134893	0.690780267095	0.706979986994	0.684294216311	0.67005049828	0.645583463736	0.700999179572	0.664585257326	0.716277743211	0.686818554654	0.708861953843	0.726873473663	0.705378688295	0.673820033514	0.689510891661	0.651656918258	0.773612402032	0.633797314501	0.597689483716	0.399431312287	0.684259754112	0.651406223384	0.702919322368	0.649520125735	0.456857971317	0.0	0.656958648365	0.635541180196	0.701058420499	0.642608585782	0.717452537095	0.673025771074	0.695902253407	0.70573285727	0.69831599767	0.668793120721	0.677232081149	0.69815102019	0.68742589826	0.701711040766	0.694941276868	0.674806916847	0.694482671628	0.690328052833	0.717036691159	0.690254998067	0.665930293136	0.697122759215	0.689932891949	0.690103301012	0.672352565509	0.653314487125	0.685289901316	0.656558488407	0.686784257842	0.694205192832	0.699159109194	0.692411014428	0.685300757245	0.676060783975
AG7	0.695075108977	0.688748456039	0.71168579489	0.675839015034	0.703948238339	0.712575921104	0.710580063294	0.651872409871	0.650506875524	0.693861494036	0.687698775517	0.707317802311	0.684800279614	0.693402850703	0.704797455186	0.699631180349	0.67118785232	0.662335995284	0.746836103386	0.511976828348	0.64510113124	0.633434893131	0.659743158078	0.657826695531	0.687285274989	0.664743944085	0.645565027837	0.656958648365	0.0	0.444059023137	0.68483141206	0.641458121598	0.686248656249	0.713359862968	0.70114353328	0.685282169974	0.672069806549	0.684013112157	0.684021200685	0.700252838187	0.707542705837	0.706839908588	0.691324907107	0.673677971184	0.704315573454	0.688219740766	0.724218134743	0.719693109594	0.683308842827	0.721842287246	0.68290883355	0.732008808028	0.677382819586	0.691735365823	0.684304804204	0.70856417803	0.709112911372	0.734263734994	0.697113428571	0.705404537397	0.671454277073	0.717397534413
AG8	0.687547504492	0.679260561801	0.709775421505	0.669518455849	0.68252416903	0.678997486974	0.678677422007	0.624294843368	0.68015879223	0.662966054639	0.672821745281	0.669819407744	0.690826970206	0.692654189295	0.696461933947	0.684817982474	0.673636346314	0.666398226013	0.643059211416	0.422600531252	0.629418449911	0.610404583453	0.657674299347	0.655804043278	0.682378585311	0.659049289408	0.644966289264	0.635541180196	0.444059023137	0.0	0.682398650337	0.631301060804	0.690469240322	0.695819135373	0.690375719422	0.679823992413	0.644712318941	0.663488895837	0.65044970066	0.680227454037	0.677127532749	0.681071013461	0.658139463858	0.649124238079	0.682804562925	0.672706869857	0.71716996625	0.692232604251	0.662853011739	0.705750880617	0.684634968059	0.715566917993	0.664193385073	0.670765341519	0.673906876727	0.684812158985	0.686419611891	0.707087881681	0.693020504799	0.688697517924	0.66997979377	0.693359566436
AH7	0.73431913219	0.763193521257	0.760549569457	0.740642588673	0.752490784576	0.748578166609	0.725748078719	0.740164767506	0.730070206108	0.721564391645	0.722781423059	0.753821534857	0.738516292647	0.767695561303	0.764529231639	0.733264075053	0.717573748072	0.575468313324	0.752602156033	0.694687514014	0.654789880505	0.708336177413	0.698932580171	0.702773805845	0.732838547533	0.718139660028	0.721911495985	0.701058420499	0.68483141206	0.682398650337	0.0	0.509532384153	0.714313409047	0.772424492783	0.763571743539	0.770544588107	0.747221938659	0.744854881448	0.751667371391	0.751871191036	0.759234509379	0.757796410512	0.755074128068	0.748711644362	0.763372802119	0.764747961942	0.772062916282	0.757877957537	0.747791315144	0.768504598468	0.777735606143	0.785887265086	0.741387177244	0.732575611814	0.736109339928	0.747925670616	0.775363356309	0.798466928112	0.769793957528	0.769792393379	0.754170718432	0.782216336274
AH8	0.689166606016	0.689036293085	0.763992284655	0.702969699847	0.706013345598	0.688155624399	0.686786220381	0.650485073584	0.668235868343	0.674201392111	0.692456126702	0.687420722483	0.69498460559	0.717181614462	0.706758262919	0.672120035792	0.569978280457	0.410809409005	0.76549992786	0.635085269821	0.645775546475	0.650633903223	0.664719123776	0.66895496895	0.698424318789	0.676000584594	0.682409374689	0.642608585782	0.641458121598	0.631301060804	0.509532384153	0.0	0.681900543482	0.706913917978	0.693214500582	0.715411410286	0.692165189221	0.669638249045	0.687806414946	0.697189580841	0.703844889496	0.694367801443	0.699620059092	0.694810703003	0.715471909669	0.714017503387	0.722364060653	0.708225678051	0.700064462986	0.72120330061	0.727889611534	0.732557349423	0.690395284776	0.681906027986	0.68901683139	0.706695375849	0.71999759691	0.736127783729	0.728857305488	0.725853684514	0.685744406186	0.714304235352
AA5	0.66316560433	0.700040577565	0.745189927129	0.712863133513	0.684059714875	0.668315480151	0.72493575259	0.677008483756	0.623441456092	0.720473233238	0.656469164841	0.674305912924	0.706032190524	0.728544478009	0.672284070887	0.683009462633	0.672073754653	0.68722633437	0.774445455365	0.701864109498	0.727666210778	0.715148457807	0.65683640822	0.687934280692	0.745961496167	0.713241285275	0.690472093075	0.717452537095	0.686248656249	0.690469240322	0.714313409047	0.681900543482	0.0	0.633062162146	0.698663943217	0.686572025677	0.658267083251	0.670180448677	0.692380084341	0.701218612552	0.706300711277	0.656070402873	0.632079099218	0.66783538855	0.725852027054	0.668216781971	0.695639684132	0.728065530793	0.709905955564	0.719312036342	0.705917321908	0.723233807172	0.681181339863	0.700433823014	0.680431791752	0.721355501357	0.67625655744	0.729542032753	0.671741927271	0.706542247432	0.661203577605	0.725935661062
AA6	0.696175386292	0.67457521861	0.796679170277	0.70411673659	0.702570709681	0.662426924618	0.670820502339	0.648576004937	0.705360666675	0.669520461105	0.694544911841	0.663736312455	0.702409480861	0.728816872792	0.717972840837	0.67820700239	0.725279907438	0.712506775588	0.793758889005	0.689230402123	0.706885391377	0.670702337271	0.703273410656	0.692597955242	0.759322161506	0.703030177273	0.710406245974	0.673025771074	0.713359862968	0.695819135373	0.772424492783	0.706913917978	0.633062162146	0.0	0.68677051977	0.683940331327	0.664076944869	0.647736279923	0.668699989629	0.688192056137	0.670125346527	0.684084722724	0.668495281017	0.669350065808	0.46454573135	0.429631769284	0.70061884757	0.701973931042	0.672665455812	0.687642282479	0.677469486858	0.680133456778	0.68109137587	0.677697739793	0.699103641054	0.694982898138	0.662506797912	0.677093479351	0.688321694593	0.676223338735	0.66266376347	0.666611904724
AB5	0.660375674777	0.663497140905	0.725962116419	0.673656991079	0.69136367103	0.636585545166	0.667053845915	0.664954088375	0.685863956395	0.661112567785	0.660980649723	0.660245133034	0.692601355046	0.677237578906	0.698561556921	0.655074894665	0.706006253085	0.69867388327	0.773499423672	0.682445460598	0.722676504998	0.705203019322	0.716964611969	0.728275733085	0.743421211671	0.723464655033	0.699535765123	0.695902253407	0.70114353328	0.690375719422	0.763571743539	0.693214500582	0.698663943217	0.68677051977	0.0	0.429620284021	0.657559182784	0.662399965719	0.646864435539	0.655177416761	0.661127247794	0.680005168591	0.660614953198	0.656887447044	0.709478962195	0.690603859567	0.692831777665	0.713339877514	0.671130506443	0.704132902972	0.685211136331	0.699219431173	0.658587982817	0.691319063715	0.696395311362	0.685267773731	0.682419715105	0.688239697402	0.69638749585	0.710012635203	0.65955538653	0.671285816543
AB6	0.682947221173	0.661109082516	0.760322437471	0.687031726343	0.679409564148	0.645353840526	0.682389722348	0.669521967168	0.699520081767	0.678012139852	0.672290815794	0.644912219686	0.695756649549	0.70139947132	0.689939193799	0.656403450282	0.717604675174	0.722130410832	0.790251326535	0.685147814461	0.742938676346	0.699960976806	0.713572427717	0.716767633189	0.750204375758	0.712585327265	0.692608763392	0.70573285727	0.685282169974	0.679823992413	0.770544588107	0.715411410286	0.686572025677	0.683940331327	0.429620284021	0.0	0.675450285301	0.668525791037	0.639511844415	0.643268494082	0.63588572973	0.682358606843	0.654233034366	0.558694058233	0.694477553509	0.654851525318	0.679884694936	0.681471419524	0.678072034702	0.683609028553	0.669356342179	0.676010249671	0.669424082256	0.674340659761	0.701354846746	0.679825416456	0.686823442807	0.695295386839	0.667023830516	0.686758306884	0.661365928769	0.675436466814
AC5	0.634564595494	0.660175533575	0.733927642393	0.665468185477	0.679471569533	0.653996787729	0.68151929762	0.665370072155	0.657250951809	0.686450332027	0.65094675428	0.653772516999	0.679991341568	0.681513834102	0.674983176098	0.647828038321	0.665159751583	0.676259311784	0.756244414426	0.6578760521	0.709628190768	0.690596376389	0.671687304276	0.689087941826	0.73024826164	0.696573667117	0.675308428806	0.69831599767	0.672069806549	0.644712318941	0.747221938659	0.692165189221	0.658267083251	0.664076944869	0.657559182784	0.675450285301	0.0	0.511958301845	0.613529736774	0.652541329839	0.652440450437	0.675030384274	0.583176361817	0.620765339891	0.663760517841	0.648633248382	0.65056842654	0.699940572056	0.631901971561	0.694419328726	0.652284719416	0.670592550802	0.639981743908	0.65184285603	0.623949134992	0.66458864898	0.641602604088	0.667519237779	0.631430354233	0.665956241636	0.647473189293	0.665018280172
AC6	0.660245866607	0.629195695627	0.759361025622	0.641099186861	0.67458953931	0.649721732461	0.667840171024	0.646818924436	0.677337996144	0.661825582956	0.665083233782	0.657218554551	0.661844736797	0.675488614616	0.682329446449	0.629578781758	0.688094940595	0.672448746509	0.75887489118	0.672006230043	0.721953403765	0.680666657309	0.681840950569	0.687623942134	0.747117250623	0.701644075522	0.68389263131	0.668793120721	0.684013112157	0.663488895837	0.744854881448	0.669638249045	0.670180448677	0.647736279923	0.662399965719	0.668525791037	0.511958301845	0.0	0.623622354034	0.662307400655	0.645651184618	0.555137491957	0.506710709886	0.624254324755	0.686108158938	0.657781685906	0.677679410325	0.688650363933	0.638452932995	0.6611530588	0.659347079067	0.672247939533	0.674523395181	0.668596886172	0.668618687167	0.68029796386	0.635074075578	0.672490338801	0.64555541246	0.643058829786	0.653114201143	0.66016129309
AD6	0.648926784688	0.638664209755	0.765097985562	0.664646427699	0.675397692261	0.644968073291	0.61914469746	0.613705316387	0.657657092823	0.623311554421	0.664482892305	0.65103287245	0.680726277355	0.68882692654	0.667993340148	0.631369578209	0.695391176459	0.693064394772	0.764864565406	0.662248930467	0.70681935597	0.659383496305	0.683150144702	0.688473532383	0.751454854542	0.695901048032	0.66274010411	0.677232081149	0.684021200685	0.65044970066	0.751667371391	0.687806414946	0.692380084341	0.668699989629	0.646864435539	0.639511844415	0.613529736774	0.623622354034	0.0	0.527301390419	0.436083446958	0.654886716706	0.632289956502	0.647978529749	0.666278758511	0.664179029381	0.672804464007	0.657027038211	0.638572925189	0.656045696871	0.656665893425	0.671290124305	0.639378927157	0.629996853919	0.654832788441	0.658331868579	0.631422400719	0.67192640844	0.634174692682	0.627280860657	0.627443130331	0.623159789498
AE5	0.672701301302	0.675559872103	0.761321505085	0.680266078728	0.664177711623	0.65472913927	0.65396157718	0.639554032835	0.674009316214	0.654995568027	0.677304340268	0.63549769455	0.703704928948	0.697967963066	0.694453270094	0.673393021953	0.731811655755	0.701659640714	0.784793617546	0.694200085106	0.73050771671	0.701294098703	0.693816943796	0.708455781008	0.763289462349	0.716406595462	0.691324975908	0.69815102019	0.700252838187	0.680227454037	0.751871191036	0.697189580841	0.701218612552	0.688192056137	0.655177416761	0.643268494082	0.652541329839	0.662307400655	0.527301390419	0.0	0.396764239566	0.683975856751	0.65236619805	0.654093058324	0.693105893539	0.667083090106	0.682513970208	0.670412732518	0.659934727804	0.662622208541	0.661734808175	0.686666119458	0.635975131048	0.62975537053	0.651500136784	0.644079866775	0.653890674016	0.698389201649	0.657093135352	0.642046986554	0.638472452791	0.672109709897
AE6	0.672050491574	0.636214324969	0.782632634954	0.691843970054	0.675875070154	0.655958827186	0.628650363266	0.637359749631	0.6883059032	0.636573923596	0.684459879353	0.64663082281	0.699661442656	0.701904638741	0.671301291103	0.641405711861	0.733279022211	0.704801287294	0.799000051842	0.693508594821	0.735820798509	0.680527321757	0.705869754366	0.703249748326	0.755457978936	0.706506153155	0.680790425628	0.68742589826	0.707542705837	0.677127532749	0.759234509379	0.703844889496	0.706300711277	0.670125346527	0.661127247794	0.63588572973	0.652440450437	0.645651184618	0.436083446958	0.396764239566	0.0	0.679016979434	0.655558371263	0.642927164162	0.673339926606	0.652958484818	0.67880101377	0.644710255595	0.634996142759	0.643232999168	0.660019956173	0.671417998498	0.630757068833	0.635244777318	0.667553715558	0.647102486375	0.65506451299	0.687158137737	0.652860206901	0.632580894133	0.638827223846	0.639977618158
AF5	0.67834217796	0.676394150136	0.731592877767	0.675746611597	0.673516212641	0.662099398377	0.692390237946	0.67822996238	0.671092684563	0.690675977871	0.691074494585	0.666772918615	0.679371349099	0.692175861194	0.695224767187	0.664769556956	0.707895359178	0.688000114534	0.733655051959	0.687173636856	0.734815693381	0.704499833346	0.684534236224	0.703499172673	0.748143005469	0.707847027707	0.692552832981	0.701711040766	0.706839908588	0.681071013461	0.757796410512	0.694367801443	0.656070402873	0.684084722724	0.680005168591	0.682358606843	0.675030384274	0.555137491957	0.654886716706	0.683975856751	0.679016979434	0.0	0.501509525855	0.643914149583	0.720676673207	0.689407988813	0.698544033211	0.715854663217	0.680386121999	0.693272707792	0.69442610196	0.714936359259	0.693632668261	0.707728887713	0.698612286206	0.71260036144	0.67835089204	0.722531702207	0.676003091701	0.666367216086	0.681340849283	0.703939278631
AF6	0.642103825051	0.649263307479	0.712693419684	0.649582481088	0.660350319361	0.648621940085	0.675191304174	0.663609992446	0.646122188754	0.670883422888	0.644975097996	0.638914696969	0.670942394894	0.66478996905	0.685223094266	0.662535628644	0.695264859417	0.693375928392	0.741164876592	0.66674520835	0.735520452299	0.691545386721	0.689490926766	0.702119906783	0.728189215358	0.703966260787	0.682163704423	0.694941276868	0.691324907107	0.658139463858	0.755074128068	0.699620059092	0.632079099218	0.668495281017	0.660614953198	0.654233034366	0.583176361817	0.506710709886	0.632289956502	0.65236619805	0.655558371263	0.501509525855	0.0	0.617675817767	0.703115684759	0.678659285912	0.667499657831	0.698704534936	0.644842997451	0.663468437209	0.661941055509	0.670176443473	0.666254414106	0.677560698322	0.674880711595	0.684202981809	0.636514342776	0.703451524047	0.642158032383	0.647772315742	0.655728069801	0.685951649798
