	AA3	AA4	AB3	AB4	AC3	AC4	AD3	AD4	AE3	AE4	AF3	AF4	AG3	AG4	AH3	AH4	AA7	AA8	AB7	AB8	AC7	AC8	AD7	AD8	AE7	AE8	AF7	AF8	AG7	AG8	AH7	AH8	AA5	AA6	AB5	AB6	AC5	AC6	AD6	AE5	AE6	AF5	AF6	AG5	AH5	AH6	AA1	AA2	AB1	AB2	AC1	AC2	AD1	AD2	AE1	AE2	AF1	AF2	AG1	AG2	AH1	AH2
AA3	0.0	0.490978750689	0.661024329386	0.631256240903	0.672185399358	0.645222355709	0.692872854893	0.701030563479	0.649972751497	0.687015367993	0.645777023505	0.676570098001	0.646260001999	0.63088719807	0.672352597201	0.482240270519	0.678731807837	0.678259273392	0.760636186659	0.683402520425	0.68190644531	0.680701291475	0.678499323173	0.685636409288	0.726081121261	0.701058830572	0.661562034454	0.681220261258	0.683572730296	0.688387540706	0.728071488076	0.676518558491	0.662136934304	0.696598712055	0.682190723831	0.685908018923	0.627471910544	0.641425025256	0.649691949083	0.679206745757	0.680846015378	0.682354785153	0.662512536221	0.658184407457	0.699147401163	0.685644085478	0.661142438873	0.687104719492	0.63734876076	0.679323255643	0.683694749621	0.669037462263	0.641606613177	0.654820617157	0.671485817883	0.679130898426	0.654579262224	0.674461828328	0.667088030891	0.69129763895	0.62675478073	0.684243905564
AA4	0.490978750689	0.0	0.711904578388	0.612306175023	0.655362930695	0.639550231797	0.660606380675	0.668584610798	0.688982798284	0.655903700481	0.664848279616	0.645021265176	0.669542992105	0.645403185453	0.52131662293	0.378827269151	0.697498676655	0.699744064879	0.776849181029	0.693621093018	0.70348522406	0.669778060056	0.697339953034	0.686776626565	0.743680395106	0.702232914756	0.666656460719	0.665500407743	0.689779699953	0.689904724556	0.749284449964	0.683019461554	0.683355488786	0.672229979852	0.669095804532	0.664091911527	0.649481054543	0.635482728964	0.636835592231	0.662677330522	0.645475716268	0.668392634209	0.646366813191	0.65276150145	0.678730474924	0.647700528523	0.670529458764	0.662518753421	0.642149704154	0.65399639643	0.671309959636	0.659536682117	0.652064693197	0.642504877726	0.662435388095	0.652271590791	0.640053002436	0.64433090917	0.662194568028	0.660151786955	0.644027067824	0.649847766112
AB3	0.661024329386	0.711904578388	0.0	0.66301690702	0.706695904837	0.724498525822	0.738459590815	0.739267843779	0.676210105689	0.739275821172	0.717625891413	0.7373761528	0.709272480885	0.549445145126	0.699581658736	0.70633794443	0.715411651716	0.738262129222	0.704593407196	0.676211148816	0.742919562726	0.746131610489	0.721827567266	0.726703080896	0.714910660056	0.720442722051	0.722524548081	0.746490658173	0.698690235799	0.708726938063	0.759667629465	0.733615585943	0.716385699551	0.771443249541	0.699458549568	0.720612814683	0.708353669519	0.713634314487	0.744190253698	0.729854682083	0.761323633938	0.69158595637	0.692358796409	0.721910113148	0.792170227526	0.777816753323	0.746680202522	0.768047079048	0.711229923326	0.750557630085	0.734730516887	0.761248768595	0.726103136541	0.752865434536	0.74559768232	0.761869834409	0.746361403254	0.748580270306	0.763444520295	0.760022432378	0.713976331635	0.752306125806
AB4	0.631256240903	0.612306175023	0.66301690702	0.0	0.664993579778	0.67480134302	0.69733336379	0.706228275186	0.697137635117	0.695783564706	0.677226584368	0.674273049108	0.43900921895	0.476542075492	0.66885667311	0.644990453672	0.694086346523	0.697506336827	0.750870397668	0.670495713012	0.694117369398	0.68326535504	0.709887830927	0.696995044251	0.741293249555	0.718932716951	0.669497554105	0.684515909082	0.677567279494	0.692148295412	0.738015185931	0.688891102052	0.707575918763	0.710254596909	0.689754197406	0.689234956496	0.669033395725	0.658089453661	0.683476570404	0.693307944663	0.704651966771	0.658104984843	0.656514209163	0.678586422175	0.720159875453	0.709508067588	0.699914131451	0.698958609382	0.637823743958	0.685449637547	0.692537827153	0.693976075093	0.686883033232	0.687553900862	0.680290719539	0.691212024084	0.687602509951	0.701751645898	0.697251478658	0.671400107828	0.673566017447	0.69204500308
AC3	0.672185399358	0.655362930695	0.706695904837	0.664993579778	0.0	0.515869195282	0.669031711604	0.671979150605	0.662447139583	0.657600052467	0.686096896274	0.443961439895	0.691458826563	0.69586980537	0.663236422026	0.649392596105	0.683777445165	0.679316892321	0.755523454769	0.670263629821	0.701208424166	0.689360085308	0.718490523999	0.699457632195	0.716514433311	0.709208473455	0.696677329689	0.694069664881	0.691069061235	0.679955092623	0.737275088061	0.673191139348	0.682261114265	0.692923145565	0.694613242535	0.666685768486	0.68444222962	0.666183265125	0.678952583188	0.64429555424	0.658093855858	0.642673355741	0.644225564042	0.667692466678	0.717778321753	0.689480861009	0.709552183382	0.697670645836	0.678123380978	0.683797362813	0.671498565221	0.695838621632	0.687090573272	0.665824695767	0.675043085716	0.68463649713	0.692995365431	0.688843323423	0.702885370172	0.662300329142	0.683116897206	0.690405232287
AC4	0.645222355709	0.639550231797	0.724498525822	0.67480134302	0.515869195282	0.0	0.664697881319	0.658176404541	0.666740612972	0.643308375544	0.502886797691	0.401016870433	0.69098971668	0.696138113832	0.691127079535	0.64471545845	0.691315675294	0.68603232945	0.758111068806	0.659737885082	0.709628833284	0.683612194853	0.711113528063	0.696382790709	0.754125623368	0.712715026823	0.686633828653	0.68473199821	0.708917985617	0.67707724809	0.751942640319	0.677763501404	0.676402664945	0.669518301873	0.647211638442	0.639236439911	0.643753826794	0.627254044456	0.639146117929	0.629243135615	0.639594529557	0.670232928472	0.637991252986	0.647075652204	0.676428999572	0.653137455922	0.696238060391	0.696750528348	0.679024417266	0.674361396338	0.679057627535	0.660156888193	0.678774573639	0.682235820711	0.700082815082	0.696633983087	0.66768993928	0.64509200863	0.679966259861	0.676650494221	0.643014792346	0.693445678601
AD3	0.692872854893	0.660606380675	0.738459590815	0.69733336379	0.669031711604	0.664697881319	0.0	0.384678027093	0.695074716026	0.355969224346	0.710136488117	0.670785390854	0.711374732162	0.700493350576	0.695055696197	0.66749410448	0.719472448474	0.690956763923	0.778219572125	0.688085823772	0.719720650555	0.685328082152	0.721139649398	0.69280176018	0.733612813756	0.697060597241	0.690256370254	0.669234421241	0.710049084739	0.678834553042	0.724341053478	0.688163407157	0.722033092281	0.676567333873	0.679530486268	0.67382458256	0.685595146207	0.672381165316	0.622761570367	0.649877826797	0.620182446326	0.685293800893	0.680943300707	0.699717080615	0.697613902202	0.675701931788	0.690125162926	0.672132507689	0.672986854239	0.658572667839	0.693635790584	0.685883993117	0.691001676032	0.669623528664	0.687611414093	0.682064731049	0.693285968706	0.678329264253	0.705118870811	0.675559209446	0.696956423147	0.674205902635
AD4	0.701030563479	0.668584610798	0.739267843779	0.706228275186	0.671979150605	0.658176404541	0.384678027093	0.0	0.620614854336	0.378205985197	0.703381967794	0.645498281649	0.702462410134	0.699110117262	0.697589733851	0.66656239782	0.709531862404	0.671730964682	0.788791675114	0.689898212121	0.712377597296	0.691228332274	0.716953800744	0.699707596791	0.747997536815	0.706783923556	0.680360556325	0.681039941033	0.695629653449	0.679422431578	0.724682036829	0.691353272698	0.705987470258	0.664126982959	0.668365587886	0.664238755411	0.681256699696	0.685620837814	0.62417725462	0.640445718351	0.615027404078	0.692907495076	0.685542957741	0.688763485581	0.693694914363	0.679856622253	0.705590035333	0.678651414554	0.679667769372	0.665927927151	0.697144050031	0.696537582414	0.691090553191	0.677595825163	0.678218541654	0.676936520186	0.689156793807	0.675167384521	0.715659858305	0.661785183631	0.691399615005	0.670018329534
AE3	0.649972751497	0.688982798284	0.676210105689	0.697137635117	0.662447139583	0.666740612972	0.695074716026	0.620614854336	0.0	0.664701920481	0.668839703141	0.69111456554	0.69099184338	0.668187571722	0.681718144593	0.681712503799	0.673023524592	0.684714387048	0.758338433076	0.675827618327	0.728078331507	0.728912408996	0.703602153616	0.688932909687	0.754731285641	0.710480213286	0.69064151512	0.725822836774	0.68120079255	0.691590667311	0.733724886209	0.696720784155	0.635619167356	0.717633880511	0.702532939478	0.71429678068	0.661636202256	0.692980842134	0.68070609068	0.682311617026	0.699567526134	0.662307005426	0.67425942922	0.682014278001	0.7446455553	0.727211121368	0.717981472848	0.723223631436	0.701628047865	0.723120812666	0.716931437551	0.732969153278	0.698243980723	0.708295907301	0.68163697433	0.714039326917	0.708125279657	0.722975521004	0.72183498076	0.71770492597	0.644067238405	0.718103710535
AE4	0.687015367993	0.655903700481	0.739275821172	0.695783564706	0.657600052467	0.643308375544	0.355969224346	0.378205985197	0.664701920481	0.0	0.701197743642	0.647116144068	0.71105421445	0.706634165777	0.700176254249	0.665953296356	0.721032854689	0.691164333844	0.781144893783	0.678697785759	0.721276271157	0.684533633784	0.715434858046	0.694615578057	0.74144826238	0.699430351664	0.696444195917	0.671544529368	0.690358225756	0.659629124403	0.727740133777	0.683504438684	0.712074873731	0.665100495254	0.685080572723	0.654860141122	0.686204368879	0.666480484014	0.619652002501	0.637962587221	0.602310590251	0.67937332988	0.66315242943	0.674643460518	0.697665315906	0.676558963903	0.688498513083	0.673324655362	0.680712185754	0.658096804108	0.695298679386	0.685665707989	0.675964516302	0.667921327543	0.678563375053	0.672968063333	0.676160197401	0.679155687142	0.687211706425	0.666114861805	0.684260538412	0.68585222828
AF3	0.645777023505	0.664848279616	0.717625891413	0.677226584368	0.686096896274	0.502886797691	0.710136488117	0.703381967794	0.668839703141	0.701197743642	0.0	0.555365751488	0.675536687459	0.691410911683	0.678296465148	0.655627783659	0.675510472788	0.689625604496	0.756173682962	0.679048397941	0.691866748122	0.704829756484	0.699664195314	0.696795343068	0.763312647804	0.725222710983	0.691149799406	0.710372301066	0.696311863576	0.672373856504	0.721470500249	0.693284836553	0.658407371524	0.691922637555	0.675925009496	0.67558659501	0.650920898727	0.651144640705	0.666759278789	0.660354751963	0.687926788655	0.688908546589	0.666431728699	0.666143473483	0.693018829681	0.679744034624	0.712391712674	0.722498073332	0.687760566494	0.713268082262	0.70831887916	0.704853694409	0.700776799948	0.704964246441	0.69491570546	0.722483040772	0.680969265809	0.695273772479	0.69049677044	0.718797986342	0.645561172756	0.705649328814
AF4	0.676570098001	0.645021265176	0.7373761528	0.674273049108	0.443961439895	0.401016870433	0.670785390854	0.645498281649	0.69111456554	0.647116144068	0.555365751488	0.0	0.686514536262	0.710986239047	0.694890967005	0.646270172937	0.701060866473	0.680634495128	0.771519938322	0.678913245281	0.692591658138	0.68122379887	0.724232426818	0.699395805896	0.736146834871	0.704372730391	0.703025981143	0.693828639231	0.717035484326	0.684497331357	0.740849436363	0.682378124038	0.681358488589	0.653115622989	0.67342498358	0.655096822649	0.675813842587	0.650774349479	0.672143081843	0.655214348411	0.655489605281	0.658847206366	0.645843322116	0.655532993421	0.677007519346	0.658061018523	0.710089264525	0.696932459056	0.681869531185	0.674217411645	0.687185298223	0.685228005959	0.687729211909	0.670329944153	0.683150937904	0.68013718256	0.67776649617	0.652930886793	0.701026950436	0.665429255559	0.667789491025	0.688573586721
AG3	0.646260001999	0.669542992105	0.709272480885	0.43900921895	0.691458826563	0.69098971668	0.711374732162	0.702462410134	0.69099184338	0.71105421445	0.675536687459	0.686514536262	0.0	0.54701678917	0.687054190681	0.658459160869	0.685190398091	0.684529237254	0.776982851204	0.701543697293	0.681305235009	0.709332312022	0.689324109249	0.697341606804	0.732155230485	0.712917962179	0.680761603969	0.701382565227	0.688985137229	0.703830787091	0.733230674308	0.697690176323	0.698925379603	0.715892368573	0.692237778404	0.694707092109	0.689934881236	0.678174005008	0.686020681599	0.689409222378	0.709776616541	0.66753341119	0.672263536726	0.667672222693	0.714455654059	0.708870928271	0.695433407852	0.709728228696	0.648004710511	0.692995346375	0.702314690643	0.710737070872	0.690483129479	0.692373028852	0.679341917469	0.699230553022	0.701181776474	0.716012656981	0.703824364458	0.687029258702	0.684109051983	0.702979605947
AG4	0.63088719807	0.645403185453	0.549445145126	0.476542075492	0.69586980537	0.696138113832	0.700493350576	0.699110117262	0.668187571722	0.706634165777	0.691410911683	0.710986239047	0.54701678917	0.0	0.685555116522	0.640314531054	0.729444401451	0.711938537597	0.738120018889	0.677166730295	0.723599470219	0.702465296919	0.719859073816	0.711251820633	0.737340808852	0.712058957951	0.667182739557	0.690687966713	0.688174132328	0.699846662861	0.747487194024	0.705848491885	0.698447321606	0.737755574657	0.692115933135	0.713344770448	0.695368079162	0.68701368847	0.686633648957	0.688891736187	0.706245543114	0.675904060642	0.669747643293	0.699768304382	0.755704025804	0.732272615061	0.706269463534	0.700926156815	0.667688831957	0.687988416612	0.704998066579	0.711594170334	0.705257934825	0.721616300412	0.715490726386	0.723094365706	0.690105491474	0.733572979226	0.710088847737	0.686616890055	0.688928618183	0.689359108603
AH3	0.672352597201	0.52131662293	0.699581658736	0.66885667311	0.663236422026	0.691127079535	0.695055696197	0.697589733851	0.681718144593	0.700176254249	0.678296465148	0.694890967005	0.687054190681	0.685555116522	0.0	0.548953538111	0.674027755558	0.706023209646	0.778578457996	0.701391844908	0.724251816209	0.707096294037	0.694510106978	0.686252989885	0.73531180102	0.706517820337	0.689930464411	0.702121599481	0.695569360616	0.693169237869	0.756220171941	0.699887864535	0.681508021634	0.723764748877	0.688290191155	0.689641242077	0.680755064746	0.680575854901	0.670754374159	0.687837406561	0.678454904897	0.670367224442	0.666387319893	0.685376245642	0.730190330816	0.711515926743	0.712457835978	0.675151150768	0.692999613735	0.704311961549	0.694256121373	0.727181874173	0.708688787259	0.693067895952	0.684107483136	0.699765953692	0.698891931646	0.702128988299	0.718267818123	0.685300885755	0.682839144129	0.677179575643
AH4	0.482240270519	0.378827269151	0.70633794443	0.644990453672	0.649392596105	0.64471545845	0.66749410448	0.66656239782	0.681712503799	0.665953296356	0.655627783659	0.646270172937	0.658459160869	0.640314531054	0.548953538111	0.0	0.690941847509	0.677950315759	0.774665116169	0.674957419798	0.712646592544	0.677969155709	0.698229078027	0.677362690045	0.733146329352	0.692413140558	0.647413525116	0.670774749344	0.6913227549	0.669789525161	0.74459468279	0.684251499345	0.685927790866	0.695195968511	0.660959688834	0.649491238222	0.659562214982	0.643459545367	0.638387668534	0.643750978105	0.629627772617	0.672413204188	0.662597894713	0.654213848776	0.676598445421	0.658785733577	0.658897904147	0.654066417823	0.643518029899	0.66834096036	0.64959656145	0.665082895387	0.653713879702	0.648779510425	0.662755326553	0.66041337042	0.659908832692	0.647650080641	0.668615439603	0.656006380354	0.648624445643	0.641070754464
AA7	0.678731807837	0.697498676655	0.715411651716	0.694086346523	0.683777445165	0.691315675294	0.719472448474	0.709531862404	0.673023524592	0.721032854689	0.675510472788	0.701060866473	0.685190398091	0.729444401451	0.674027755558	0.690941847509	0.0	0.541082251379	0.781369834341	0.698021338021	0.653344450954	0.692112240152	0.666541825502	0.678056639596	0.69820290068	0.704621495758	0.683945330242	0.691291508816	0.671718405981	0.675123193367	0.710287614609	0.550282001782	0.665489427884	0.726226015318	0.71302755369	0.716339933218	0.670454856978	0.683129791251	0.696515399364	0.732389144207	0.725790454118	0.692099802601	0.689350102486	0.710597588916	0.72853007312	0.722879665416	0.735628148965	0.719075137873	0.697604490623	0.747431316258	0.725172945756	0.732429917055	0.697541491151	0.70554492005	0.687457296023	0.711016668884	0.733485737778	0.728757059809	0.74736603762	0.741524421801	0.689668608631	0.707017729217
AA8	0.678259273392	0.699744064879	0.738262129222	0.697506336827	0.679316892321	0.68603232945	0.690956763923	0.671730964682	0.684714387048	0.691164333844	0.689625604496	0.680634495128	0.684529237254	0.711938537597	0.706023209646	0.677950315759	0.541082251379	0.0	0.774990086967	0.655621458932	0.650074488696	0.66012049757	0.67800820294	0.668671694623	0.70389542084	0.691883693448	0.654316358494	0.6525947936	0.663546186955	0.650733439044	0.561039925572	0.386014339729	0.677538027978	0.705657866403	0.710716747982	0.719631915521	0.690206451149	0.696913666329	0.696530091815	0.705638138101	0.698423957208	0.692996800714	0.70253686926	0.694130186852	0.709928512744	0.706041357021	0.72198762633	0.708648608248	0.693201292295	0.727422342707	0.715054813327	0.724947705578	0.693369385876	0.675884858067	0.690888193624	0.688013035482	0.722477385879	0.715163235001	0.748864884306	0.719296386734	0.698089585756	0.693572689656
AB7	0.760636186659	0.776849181029	0.704593407196	0.750870397668	0.755523454769	0.758111068806	0.778219572125	0.788791675114	0.758338433076	0.781144893783	0.756173682962	0.771519938322	0.776982851204	0.738120018889	0.778578457996	0.774665116169	0.781369834341	0.774990086967	0.0	0.549103349802	0.74530284104	0.763622259765	0.782110631885	0.792850737394	0.747920897731	0.772719377522	0.771504641289	0.773569910598	0.74802611387	0.656424074475	0.764656888267	0.760357626269	0.782028359905	0.795392615468	0.776252754951	0.791268817965	0.767573778574	0.762587637654	0.780227509385	0.790799008742	0.801122119895	0.725549318101	0.734170969775	0.779939419352	0.80052358956	0.795863156362	0.824695784428	0.816803235555	0.786114735866	0.795181104	0.812189578866	0.811149733004	0.798864460238	0.799576244042	0.787512445747	0.806323729148	0.793780562289	0.789112117175	0.806301124526	0.798701223033	0.785764131894	0.799107770182
AB8	0.683402520425	0.693621093018	0.676211148816	0.670495713012	0.670263629821	0.659737885082	0.688085823772	0.689898212121	0.675827618327	0.678697785759	0.679048397941	0.678913245281	0.701543697293	0.677166730295	0.701391844908	0.674957419798	0.698021338021	0.655621458932	0.549103349802	0.0	0.666463131517	0.64214511018	0.697602413239	0.668718370515	0.700999013979	0.676930535307	0.653572677313	0.653242370159	0.518509864239	0.436661187809	0.698359998916	0.655309487185	0.69812516567	0.701677918476	0.696816513569	0.683174988505	0.670026861948	0.655077429929	0.679072578534	0.686077947549	0.682579676164	0.658809640659	0.664955373313	0.657038227743	0.7130253562	0.687216957179	0.729445664257	0.700230132505	0.689234062873	0.702439435463	0.694490801586	0.719452796661	0.685441709137	0.672881598263	0.694533032107	0.683530614203	0.68541601922	0.683494893757	0.704640085765	0.698613946335	0.683170750077	0.686346191657
AC7	0.68190644531	0.70348522406	0.742919562726	0.694117369398	0.701208424166	0.709628833284	0.719720650555	0.712377597296	0.728078331507	0.721276271157	0.691866748122	0.692591658138	0.681305235009	0.723599470219	0.724251816209	0.712646592544	0.653344450954	0.650074488696	0.74530284104	0.666463131517	0.0	0.50482287795	0.692780781843	0.678983523896	0.698252283151	0.697965980642	0.700707449198	0.581294536085	0.640360090701	0.629974424719	0.662392302294	0.635171953088	0.72573884732	0.69444156448	0.725919573218	0.738500334006	0.697463725838	0.696373567859	0.703508221008	0.730762772437	0.728590869249	0.703494266765	0.729128800908	0.711096421615	0.691688652444	0.68578823211	0.757794719171	0.746749921386	0.685880329409	0.737368830297	0.748492999352	0.748451577633	0.71137537741	0.692494941954	0.695324153456	0.712622565261	0.7452111268	0.719528953172	0.75569380906	0.73364344703	0.698223849693	0.744795216784
AC8	0.680701291475	0.669778060056	0.746131610489	0.68326535504	0.689360085308	0.683612194853	0.685328082152	0.691228332274	0.728912408996	0.684533633784	0.704829756484	0.68122379887	0.709332312022	0.702465296919	0.707096294037	0.677969155709	0.692112240152	0.66012049757	0.763622259765	0.64214511018	0.50482287795	0.0	0.692224504454	0.654767008931	0.712552742296	0.656649295235	0.513193661468	0.401480129458	0.64415603301	0.618882061586	0.697576364332	0.635164383906	0.71812624804	0.664588752864	0.710019880226	0.701248417706	0.696346695989	0.672744974925	0.672341332898	0.715857494704	0.689740837684	0.701653150803	0.708439974322	0.689291243725	0.681544998452	0.670734728679	0.731813878181	0.708227313003	0.678222360556	0.706037028836	0.69962082197	0.691704708851	0.684826929242	0.666553029631	0.686072217569	0.682090758511	0.695117911835	0.673880554163	0.722870903467	0.702100660969	0.688973088322	0.712967412515
AD7	0.678499323173	0.697339953034	0.721827567266	0.709887830927	0.718490523999	0.711113528063	0.721139649398	0.716953800744	0.703602153616	0.715434858046	0.699664195314	0.724232426818	0.689324109249	0.719859073816	0.694510106978	0.698229078027	0.666541825502	0.67800820294	0.782110631885	0.697602413239	0.692780781843	0.692224504454	0.0	0.491833318559	0.705741732293	0.529317792542	0.672584145599	0.680008696511	0.682757567456	0.681152979577	0.694873314557	0.667098527727	0.666358131652	0.702796682958	0.722478085733	0.723369053301	0.686854469411	0.685252009349	0.695259663056	0.719443082381	0.705710445138	0.693819573665	0.689099353943	0.697691142655	0.710585799627	0.696948782304	0.726982605329	0.706665463308	0.678012392037	0.721445996918	0.705493713659	0.722907555893	0.697414583695	0.674915464977	0.668801987665	0.691351655263	0.699030542637	0.70976043645	0.722120759904	0.726405609801	0.686682635564	0.696270830513
AD8	0.685636409288	0.686776626565	0.726703080896	0.696995044251	0.699457632195	0.696382790709	0.69280176018	0.699707596791	0.688932909687	0.694615578057	0.696795343068	0.699395805896	0.697341606804	0.711251820633	0.686252989885	0.677362690045	0.678056639596	0.668671694623	0.792850737394	0.668718370515	0.678983523896	0.654767008931	0.491833318559	0.0	0.611295040039	0.423577634048	0.640313498081	0.641825074459	0.651341581494	0.654519343495	0.698059195001	0.663266627039	0.692900078313	0.685639540163	0.722723852345	0.69933534992	0.694284298676	0.682046248307	0.686380888193	0.706516824348	0.692472190541	0.679216721506	0.689676252276	0.687544492977	0.703429155768	0.679338872133	0.716983742984	0.690058020959	0.673400689656	0.712575457856	0.684582095278	0.710436552692	0.684829378986	0.66172478984	0.661365376087	0.673202328889	0.695019529381	0.698890749206	0.71282831106	0.702884030565	0.676109445039	0.68224957165
AE7	0.726081121261	0.743680395106	0.714910660056	0.741293249555	0.716514433311	0.754125623368	0.733612813756	0.747997536815	0.754731285641	0.74144826238	0.763312647804	0.736146834871	0.732155230485	0.737340808852	0.73531180102	0.733146329352	0.69820290068	0.70389542084	0.747920897731	0.700999013979	0.698252283151	0.712552742296	0.705741732293	0.611295040039	0.0	0.510131335035	0.713874869712	0.691143618838	0.691372866316	0.694135219757	0.731586428439	0.693356323529	0.755112267949	0.7583087704	0.740971382917	0.746709724231	0.738113813325	0.745466850723	0.756037794929	0.765375991026	0.765211413465	0.741796940993	0.728733789804	0.742447277932	0.762816813285	0.764082917385	0.777377092299	0.777516667057	0.726367722443	0.765500508015	0.763023993501	0.786143712333	0.752102467733	0.745585624443	0.742272937905	0.752548371989	0.775804808566	0.786644134686	0.78848597378	0.769206505984	0.753977733966	0.769342615241
AE8	0.701058830572	0.702232914756	0.720442722051	0.718932716951	0.709208473455	0.712715026823	0.697060597241	0.706783923556	0.710480213286	0.699430351664	0.725222710983	0.704372730391	0.712917962179	0.712058957951	0.706517820337	0.692413140558	0.704621495758	0.691883693448	0.772719377522	0.676930535307	0.697965980642	0.656649295235	0.529317792542	0.423577634048	0.510131335035	0.0	0.65647560113	0.649153267774	0.665828193325	0.668622040573	0.710439793959	0.670679407871	0.712859598792	0.701689306057	0.716773537995	0.726142525577	0.712927468138	0.699798961841	0.708024215653	0.728565832623	0.715536757895	0.686461714398	0.702118854758	0.703942819331	0.720500571472	0.705487457852	0.727706531821	0.719495334162	0.690779471315	0.705828010107	0.708593691302	0.725749239588	0.703586038282	0.676067585543	0.687781883308	0.689907184175	0.700180507833	0.7204706468	0.729250889391	0.719251387744	0.704348097326	0.701386903765
AF7	0.661562034454	0.666656460719	0.722524548081	0.669497554105	0.696677329689	0.686633828653	0.690256370254	0.680360556325	0.69064151512	0.696444195917	0.691149799406	0.703025981143	0.680761603969	0.667182739557	0.689930464411	0.647413525116	0.683945330242	0.654316358494	0.771504641289	0.653572677313	0.700707449198	0.513193661468	0.672584145599	0.640313498081	0.713874869712	0.65647560113	0.0	0.452494016842	0.653590681195	0.640430349362	0.718296663751	0.660821648887	0.666727105487	0.704883959263	0.690345177861	0.701596687363	0.688093430061	0.680550781933	0.675842539863	0.699147384892	0.68420049174	0.684866973022	0.67957427467	0.676736974347	0.720043668367	0.712685754189	0.709426798505	0.696008550039	0.674818230225	0.700002648559	0.692866956455	0.698049999037	0.680339162633	0.681614945002	0.685697737462	0.684270211044	0.663024169666	0.680538375669	0.706860207401	0.691596804448	0.664429182077	0.673309418248
AF8	0.681220261258	0.665500407743	0.746490658173	0.684515909082	0.694069664881	0.68473199821	0.669234421241	0.681039941033	0.725822836774	0.671544529368	0.710372301066	0.693828639231	0.701382565227	0.690687966713	0.702121599481	0.670774749344	0.691291508816	0.6525947936	0.773569910598	0.653242370159	0.581294536085	0.401480129458	0.680008696511	0.641825074459	0.691143618838	0.649153267774	0.452494016842	0.0	0.648692010146	0.620783417618	0.701105411047	0.626896427541	0.714256227738	0.668644891073	0.70181488975	0.70596027095	0.682272126681	0.669533998657	0.671752019807	0.702552856535	0.683620597902	0.710496194608	0.69787093398	0.678655302522	0.67684689738	0.664719577395	0.717190534168	0.6984365054	0.656047279994	0.681085314443	0.689668388322	0.677619935067	0.664967606395	0.657605908169	0.675817286271	0.662183443186	0.686587704764	0.667660415605	0.717343452278	0.703511133611	0.665010962944	0.702652122176
AG7	0.683572730296	0.689779699953	0.698690235799	0.677567279494	0.691069061235	0.708917985617	0.710049084739	0.695629653449	0.68120079255	0.690358225756	0.696311863576	0.717035484326	0.688985137229	0.688174132328	0.695569360616	0.6913227549	0.671718405981	0.663546186955	0.74802611387	0.518509864239	0.640360090701	0.64415603301	0.682757567456	0.651341581494	0.691372866316	0.665828193325	0.653590681195	0.648692010146	0.0	0.441914410957	0.690480845258	0.670144123842	0.705692155752	0.71302031831	0.711297331206	0.700725160807	0.675683596997	0.680850800085	0.693234395277	0.704264159003	0.695509601617	0.691035696174	0.691686296895	0.676565684263	0.727298641584	0.694801178971	0.742027649676	0.714724721362	0.681057136357	0.715607700925	0.676875555351	0.737808606803	0.681065614713	0.687177126608	0.679551372625	0.693350071516	0.700986389932	0.71000877649	0.71110789924	0.712782115193	0.685378696414	0.698387543397
AG8	0.688387540706	0.689904724556	0.708726938063	0.692148295412	0.679955092623	0.67707724809	0.678834553042	0.679422431578	0.691590667311	0.659629124403	0.672373856504	0.684497331357	0.703830787091	0.699846662861	0.693169237869	0.669789525161	0.675123193367	0.650733439044	0.656424074475	0.436661187809	0.629974424719	0.618882061586	0.681152979577	0.654519343495	0.694135219757	0.668622040573	0.640430349362	0.620783417618	0.441914410957	0.0	0.693299040411	0.647820602681	0.697827701131	0.690192070442	0.696100350343	0.690100383999	0.670957962187	0.655022834627	0.67215899053	0.688805127264	0.657291954045	0.66746089327	0.668754892846	0.654512764054	0.694316605749	0.66348534673	0.733635502869	0.70418542117	0.677674895223	0.702798967394	0.682393936586	0.722134832557	0.679095306099	0.678965296818	0.690161430194	0.682457187036	0.700109745439	0.705853653515	0.711742527125	0.696196926553	0.679230302364	0.686369987249
AH7	0.728071488076	0.749284449964	0.759667629465	0.738015185931	0.737275088061	0.751942640319	0.724341053478	0.724682036829	0.733724886209	0.727740133777	0.721470500249	0.740849436363	0.733230674308	0.747487194024	0.756220171941	0.74459468279	0.710287614609	0.561039925572	0.764656888267	0.698359998916	0.662392302294	0.697576364332	0.694873314557	0.698059195001	0.731586428439	0.710439793959	0.718296663751	0.701105411047	0.690480845258	0.693299040411	0.0	0.510926334062	0.717956240329	0.768959722655	0.773641645196	0.765680353941	0.741225101899	0.752479405071	0.744606026209	0.756527929931	0.761106799397	0.723412564634	0.750985126491	0.742539256262	0.768819866485	0.766880493012	0.775756703008	0.752992496097	0.742721429966	0.773726735796	0.781762235118	0.782253656491	0.75314678491	0.726789715355	0.730933099562	0.736100919507	0.771358045231	0.788678785101	0.782615840522	0.778714115352	0.754441959998	0.757923426627
AH8	0.676518558491	0.683019461554	0.733615585943	0.688891102052	0.673191139348	0.677763501404	0.688163407157	0.691353272698	0.696720784155	0.683504438684	0.693284836553	0.682378124038	0.697690176323	0.705848491885	0.699887864535	0.684251499345	0.550282001782	0.386014339729	0.760357626269	0.655309487185	0.635171953088	0.635164383906	0.667098527727	0.663266627039	0.693356323529	0.670679407871	0.660821648887	0.626896427541	0.670144123842	0.647820602681	0.510926334062	0.0	0.692211645446	0.721381189287	0.72121202219	0.717208282293	0.681606730458	0.690028772095	0.68624446724	0.711826657127	0.692748857377	0.67903085994	0.690076117993	0.697691590842	0.713374768032	0.713083442718	0.72430253768	0.704809895579	0.691173344507	0.719861969621	0.718016614289	0.719819421726	0.697411035914	0.67716125492	0.689504791305	0.697193398601	0.722869666333	0.722825914604	0.744331709881	0.728919156734	0.700857361964	0.702983786797
AA5	0.662136934304	0.683355488786	0.716385699551	0.707575918763	0.682261114265	0.676402664945	0.722033092281	0.705987470258	0.635619167356	0.712074873731	0.658407371524	0.681358488589	0.698925379603	0.698447321606	0.681508021634	0.685927790866	0.665489427884	0.677538027978	0.782028359905	0.69812516567	0.72573884732	0.71812624804	0.666358131652	0.692900078313	0.755112267949	0.712859598792	0.666727105487	0.714256227738	0.705692155752	0.697827701131	0.717956240329	0.692211645446	0.0	0.610997473565	0.685725719659	0.704264659194	0.651658791278	0.667217645031	0.691878787228	0.701913515819	0.708596840997	0.673053399735	0.648628181715	0.668702579231	0.718055442475	0.659817920275	0.710047935331	0.714792709913	0.703401121571	0.722724108774	0.715113350534	0.71944937887	0.703628218269	0.695952459916	0.678919083497	0.716231427	0.675287072554	0.696512545847	0.704627673081	0.709949521172	0.656910481869	0.712990187225
AA6	0.696598712055	0.672229979852	0.771443249541	0.710254596909	0.692923145565	0.669518301873	0.676567333873	0.664126982959	0.717633880511	0.665100495254	0.691922637555	0.653115622989	0.715892368573	0.737755574657	0.723764748877	0.695195968511	0.726226015318	0.705657866403	0.795392615468	0.701677918476	0.69444156448	0.664588752864	0.702796682958	0.685639540163	0.7583087704	0.701689306057	0.704883959263	0.668644891073	0.71302031831	0.690192070442	0.768959722655	0.721381189287	0.610997473565	0.0	0.689502216144	0.681371972365	0.65583041885	0.64268274648	0.675879434748	0.695039144426	0.671744126948	0.688989655243	0.654492269652	0.665384796139	0.477004211773	0.436127445107	0.705309269529	0.688197392572	0.683357768858	0.686239562345	0.680818857375	0.67454224393	0.691809736247	0.687662632131	0.690707776017	0.692550421392	0.666186663921	0.647105484528	0.689376542921	0.686180525645	0.656501522431	0.700767982842
AB5	0.682190723831	0.669095804532	0.699458549568	0.689754197406	0.694613242535	0.647211638442	0.679530486268	0.668365587886	0.702532939478	0.685080572723	0.675925009496	0.67342498358	0.692237778404	0.692115933135	0.688290191155	0.660959688834	0.71302755369	0.710716747982	0.776252754951	0.696816513569	0.725919573218	0.710019880226	0.722478085733	0.722723852345	0.740971382917	0.716773537995	0.690345177861	0.70181488975	0.711297331206	0.696100350343	0.773641645196	0.72121202219	0.685725719659	0.689502216144	0.0	0.434073003373	0.649375705862	0.637255309228	0.652638235146	0.637625105199	0.655161398071	0.688832001753	0.678585782537	0.64973265058	0.708483998439	0.68783555201	0.687947034744	0.702852214175	0.683381529029	0.705094331511	0.686691265483	0.704068729199	0.669146726509	0.682666435284	0.701232001493	0.696751041959	0.686494513617	0.672511187424	0.717993052259	0.704035749286	0.657052470081	0.691017562521
AB6	0.685908018923	0.664091911527	0.720612814683	0.689234956496	0.666685768486	0.639236439911	0.67382458256	0.664238755411	0.71429678068	0.654860141122	0.67558659501	0.655096822649	0.694707092109	0.713344770448	0.689641242077	0.649491238222	0.716339933218	0.719631915521	0.791268817965	0.683174988505	0.738500334006	0.701248417706	0.723369053301	0.69933534992	0.746709724231	0.726142525577	0.701596687363	0.70596027095	0.700725160807	0.690100383999	0.765680353941	0.717208282293	0.704264659194	0.681371972365	0.434073003373	0.0	0.661976550052	0.63149402256	0.655290432434	0.631404122639	0.631340968402	0.680397452316	0.65855571918	0.573462381568	0.694374946863	0.670178300857	0.675101646682	0.683908735214	0.674077672455	0.690731261291	0.678937996798	0.700752971147	0.674979719834	0.676769950501	0.689176016462	0.688279927152	0.689013803734	0.680304104338	0.684649624963	0.687881228075	0.664796401971	0.692194605801
AC5	0.627471910544	0.649481054543	0.708353669519	0.669033395725	0.68444222962	0.643753826794	0.685595146207	0.681256699696	0.661636202256	0.686204368879	0.650920898727	0.675813842587	0.689934881236	0.695368079162	0.680755064746	0.659562214982	0.670454856978	0.690206451149	0.767573778574	0.670026861948	0.697463725838	0.696346695989	0.686854469411	0.694284298676	0.738113813325	0.712927468138	0.688093430061	0.682272126681	0.675683596997	0.670957962187	0.741225101899	0.681606730458	0.651658791278	0.65583041885	0.649375705862	0.661976550052	0.0	0.474822389686	0.620146775272	0.660021870047	0.65807318608	0.665444282929	0.601299497553	0.634270669897	0.667055706123	0.654795306068	0.65300924275	0.676846243038	0.6238286927	0.669405537761	0.662940560199	0.657518171578	0.652766969552	0.651326037513	0.63907075307	0.676364863178	0.645853091752	0.641552885892	0.665979315348	0.673668079993	0.632310630771	0.686579866043
AC6	0.641425025256	0.635482728964	0.713634314487	0.658089453661	0.666183265125	0.627254044456	0.672381165316	0.685620837814	0.692980842134	0.666480484014	0.651144640705	0.650774349479	0.678174005008	0.68701368847	0.680575854901	0.643459545367	0.683129791251	0.696913666329	0.762587637654	0.655077429929	0.696373567859	0.672744974925	0.685252009349	0.682046248307	0.745466850723	0.699798961841	0.680550781933	0.669533998657	0.680850800085	0.655022834627	0.752479405071	0.690028772095	0.667217645031	0.64268274648	0.637255309228	0.63149402256	0.474822389686	0.0	0.630456435544	0.659064072112	0.649567798192	0.57986067348	0.481966021852	0.618948453262	0.659712660043	0.63198391414	0.662564607297	0.673436188878	0.631647701055	0.658116235579	0.670474679983	0.66859099625	0.667031203306	0.665849272977	0.658851315783	0.680928138922	0.646774682223	0.65017757802	0.649444810255	0.66136272869	0.642601954772	0.680400283218
AD6	0.649691949083	0.636835592231	0.744190253698	0.683476570404	0.678952583188	0.639146117929	0.622761570367	0.62417725462	0.68070609068	0.619652002501	0.666759278789	0.672143081843	0.686020681599	0.686633648957	0.670754374159	0.638387668534	0.696515399364	0.696530091815	0.780227509385	0.679072578534	0.703508221008	0.672341332898	0.695259663056	0.686380888193	0.756037794929	0.708024215653	0.675842539863	0.671752019807	0.693234395277	0.67215899053	0.744606026209	0.68624446724	0.691878787228	0.675879434748	0.652638235146	0.655290432434	0.620146775272	0.630456435544	0.0	0.510505359833	0.395823428699	0.6564828785	0.639118391193	0.670186066383	0.656540947928	0.657497926534	0.661736064974	0.653582723562	0.628340160228	0.630869540924	0.680059122042	0.678306308143	0.641390317767	0.645345188861	0.6384837293	0.655032828981	0.636239415238	0.667793830274	0.650960644345	0.644387682198	0.613787337071	0.644094987645
AE5	0.679206745757	0.662677330522	0.729854682083	0.693307944663	0.64429555424	0.629243135615	0.649877826797	0.640445718351	0.682311617026	0.637962587221	0.660354751963	0.655214348411	0.689409222378	0.688891736187	0.687837406561	0.643750978105	0.732389144207	0.705638138101	0.790799008742	0.686077947549	0.730762772437	0.715857494704	0.719443082381	0.706516824348	0.765375991026	0.728565832623	0.699147384892	0.702552856535	0.704264159003	0.688805127264	0.756527929931	0.711826657127	0.701913515819	0.695039144426	0.637625105199	0.631404122639	0.660021870047	0.659064072112	0.510505359833	0.0	0.408764132462	0.677977630798	0.650842555287	0.652912681598	0.688283851362	0.668484471553	0.666116153895	0.677680548345	0.64881006884	0.639851618133	0.657131257756	0.690013115078	0.650182741195	0.642405701936	0.657576875102	0.63814562774	0.657280579181	0.682036882465	0.658055441437	0.644574106518	0.635237236678	0.662460504295
AE6	0.680846015378	0.645475716268	0.761323633938	0.704651966771	0.658093855858	0.639594529557	0.620182446326	0.615027404078	0.699567526134	0.602310590251	0.687926788655	0.655489605281	0.709776616541	0.706245543114	0.678454904897	0.629627772617	0.725790454118	0.698423957208	0.801122119895	0.682579676164	0.728590869249	0.689740837684	0.705710445138	0.692472190541	0.765211413465	0.715536757895	0.68420049174	0.683620597902	0.695509601617	0.657291954045	0.761106799397	0.692748857377	0.708596840997	0.671744126948	0.655161398071	0.631340968402	0.65807318608	0.649567798192	0.395823428699	0.408764132462	0.0	0.67431304231	0.645272572452	0.649157468111	0.671757777446	0.640763071027	0.676752045272	0.649487615111	0.643803130712	0.630279868753	0.664450591163	0.679531751656	0.650606673112	0.633896720049	0.658431799909	0.636192913178	0.644405550219	0.682115793495	0.660774008138	0.626660493357	0.640865095049	0.641904279845
AF5	0.682354785153	0.668392634209	0.69158595637	0.658104984843	0.642673355741	0.670232928472	0.685293800893	0.692907495076	0.662307005426	0.67937332988	0.688908546589	0.658847206366	0.66753341119	0.675904060642	0.670367224442	0.672413204188	0.692099802601	0.692996800714	0.725549318101	0.658809640659	0.703494266765	0.701653150803	0.693819573665	0.679216721506	0.741796940993	0.686461714398	0.684866973022	0.710496194608	0.691035696174	0.66746089327	0.723412564634	0.67903085994	0.673053399735	0.688989655243	0.688832001753	0.680397452316	0.665444282929	0.57986067348	0.6564828785	0.677977630798	0.67431304231	0.0	0.459245880208	0.661629760458	0.701003057841	0.68341624162	0.701934386352	0.7000091942	0.669816635522	0.688114891818	0.700446326984	0.718196730223	0.695026914162	0.707080881272	0.684815984631	0.705652160042	0.680859462941	0.715108766212	0.692474237995	0.668196194589	0.65044400381	0.701021248616
AF6	0.662512536221	0.646366813191	0.692358796409	0.656514209163	0.644225564042	0.637991252986	0.680943300707	0.685542957741	0.67425942922	0.66315242943	0.666431728699	0.645843322116	0.672263536726	0.669747643293	0.666387319893	0.662597894713	0.689350102486	0.70253686926	0.734170969775	0.664955373313	0.729128800908	0.708439974322	0.689099353943	0.689676252276	0.728733789804	0.702118854758	0.67957427467	0.69787093398	0.691686296895	0.668754892846	0.750985126491	0.690076117993	0.648628181715	0.654492269652	0.678585782537	0.65855571918	0.601299497553	0.481966021852	0.639118391193	0.650842555287	0.645272572452	0.459245880208	0.0	0.651138837467	0.68563782132	0.653159193032	0.676665891077	0.688013981648	0.650576923146	0.659814511308	0.684509154889	0.692454863937	0.678837308391	0.684885593257	0.672041931225	0.693484613543	0.651354429489	0.686834698222	0.649391844998	0.659727020014	0.647982342752	0.694819176702
