	AA3	AA4	AB3	AB4	AC3	AC4	AD3	AD4	AE3	AE4	AF3	AF4	AG3	AG4	AH3	AH4	AA7	AA8	AB7	AB8	AC7	AC8	AD7	AD8	AE7	AE8	AF7	AF8	AG7	AG8	AH7	AH8	AA5	AA6	AB5	AB6	AC5	AC6	AD6	AE5	AE6	AF5	AF6	AG5	AH5	AH6	AA1	AA2	AB1	AB2	AC1	AC2	AD1	AD2	AE1	AE2	AF1	AF2	AG1	AG2	AH1	AH2
AA3	0.0	0.506295865765	0.694443380991	0.639191185428	0.67738974569	0.658536356963	0.691555369994	0.688415409755	0.651340274354	0.699029670059	0.646726076082	0.667101721336	0.636408952345	0.618537174245	0.669460421441	0.50552007738	0.671401963434	0.674077227909	0.752827910494	0.683540310733	0.699042226108	0.694301839046	0.66887894533	0.685254692351	0.729167576071	0.692669623683	0.659811285528	0.675252810864	0.686696528214	0.658662216312	0.735878988378	0.703206527134	0.644708968589	0.690805506316	0.670341192582	0.680843462397	0.64317879038	0.649959709383	0.672096698174	0.68390445304	0.663397366718	0.672335353214	0.649715431964	0.667187260657	0.698189810834	0.69272661322	0.659193063032	0.687642693001	0.651603454628	0.68719335382	0.658977154342	0.68108583902	0.630605254382	0.648623868927	0.673121719968	0.673400647459	0.654839263977	0.664714450355	0.662694229912	0.687020075372	0.64874271015	0.675551293001
AA4	0.506295865765	0.0	0.699947025685	0.634372432332	0.671939751751	0.642308624598	0.662884619886	0.640086686246	0.683319568403	0.662365901447	0.651555770197	0.646334690279	0.65832188495	0.632276809337	0.509881423957	0.388295547197	0.689739121144	0.688927643701	0.764339795622	0.670052661468	0.715868930118	0.664663420167	0.678778672675	0.688463241652	0.729663238879	0.680982655909	0.664128393134	0.65193132654	0.688821785905	0.672070878269	0.748432541837	0.691011421295	0.659103883435	0.676353304392	0.667837793223	0.646055227333	0.659453947261	0.637015116626	0.651922295872	0.660979154541	0.633301692628	0.662792701718	0.654319203917	0.628464543987	0.675037276893	0.663457462757	0.655099414621	0.64209940679	0.646768527754	0.659974948204	0.654998491678	0.670656019187	0.646045846707	0.64259858894	0.660340550886	0.665368346902	0.651850889125	0.659390640452	0.668902065139	0.657792976588	0.653950103914	0.653452595856
AB3	0.694443380991	0.699947025685	0.0	0.632320760079	0.709892023546	0.738667753783	0.734131769374	0.738258593627	0.718121615383	0.754505229317	0.731627249458	0.749329422324	0.714794147597	0.591990642807	0.679262471169	0.708112018779	0.708567732345	0.741755989038	0.689355254683	0.680566489506	0.710341890992	0.732630696689	0.718582435622	0.724581983875	0.681303589063	0.725484770927	0.715400907608	0.722969350276	0.710342623066	0.694522917998	0.733419723768	0.734628568595	0.723329309143	0.77706874479	0.723843323933	0.739151706285	0.719503245031	0.738691650433	0.770152762216	0.751180257569	0.773089356794	0.689363706684	0.724643388117	0.74094635376	0.794805378154	0.77918347391	0.773745362098	0.766842449442	0.725513076583	0.76382160728	0.75121007019	0.773426604806	0.747141624944	0.762631085307	0.749741519167	0.769250260083	0.767842106063	0.769976551347	0.77312180796	0.776519436786	0.726191483875	0.777266286704
AB4	0.639191185428	0.634372432332	0.632320760079	0.0	0.68343033485	0.675126840902	0.681530588019	0.676585908048	0.68983722644	0.692209076519	0.672341707013	0.689315954459	0.407187206452	0.463392827938	0.671968063758	0.653054130516	0.710632587698	0.707608190422	0.74063756183	0.668240076198	0.698445767767	0.683001103307	0.679604226759	0.681424994268	0.714787844161	0.692922313256	0.661271625838	0.673738041352	0.678708232652	0.676386684924	0.73535823777	0.702842156408	0.690971337039	0.708436539749	0.676773266074	0.683746233782	0.668026163487	0.664547525256	0.680700649382	0.674738506092	0.687666538928	0.660853011078	0.662691178529	0.673340313311	0.714448569073	0.713008899541	0.690169982239	0.685357048828	0.630795222287	0.688970940754	0.698245157359	0.696553785871	0.666443234236	0.670251529011	0.672727627185	0.668999886879	0.679781888522	0.693559376564	0.690576421349	0.687962987669	0.666748192229	0.695038137005
AC3	0.67738974569	0.671939751751	0.709892023546	0.68343033485	0.0	0.473429654946	0.656859510008	0.664208832017	0.670847375922	0.66376915906	0.67948970548	0.463364463992	0.692887375603	0.682584425348	0.672036497324	0.658254928904	0.668477334961	0.697165390921	0.740952135385	0.677441537978	0.727070305988	0.704744496036	0.709674425098	0.716392672562	0.720653178303	0.714259749442	0.70365422532	0.697289169871	0.716744180746	0.673125523865	0.757753726194	0.708686604295	0.661600891326	0.692462185751	0.678631423885	0.677083951564	0.677953056391	0.666772686026	0.665361180292	0.660096752202	0.67015470506	0.653847841697	0.663148047763	0.651755062286	0.725820278643	0.712788850617	0.709936805093	0.687065817732	0.689291312838	0.678863488886	0.699517550884	0.688336849765	0.695480590078	0.698555370571	0.67887164571	0.701864315311	0.68968344217	0.678233296755	0.670415233164	0.68015093104	0.690888745848	0.688327837468
AC4	0.658536356963	0.642308624598	0.738667753783	0.675126840902	0.473429654946	0.0	0.644341733176	0.644207022064	0.663768875774	0.654651185681	0.512044552651	0.384726456285	0.677869800956	0.675277398476	0.678613175474	0.635038628654	0.691048596658	0.669464767327	0.752412325097	0.664893606121	0.705063766298	0.678767701412	0.696794391458	0.69702913314	0.737949261394	0.683767087372	0.691759222857	0.670989955996	0.698889904606	0.663616926298	0.747507872316	0.701629383651	0.665972381663	0.657439573292	0.65494497453	0.656204745513	0.666538071336	0.64466931976	0.653983914662	0.663159519503	0.662871307514	0.659893624424	0.657358565441	0.650204055633	0.681305816783	0.66937369021	0.708176790587	0.698565621836	0.691339073663	0.675249788696	0.708024960969	0.680458619533	0.694398360565	0.696103179138	0.699470340235	0.701549960645	0.663742636962	0.662266126353	0.679433325079	0.675693574951	0.676200305718	0.664039762873
AD3	0.691555369994	0.662884619886	0.734131769374	0.681530588019	0.656859510008	0.644341733176	0.0	0.389199985407	0.673702514165	0.376021178395	0.697035199427	0.646303439349	0.697329641289	0.67778520311	0.682480789642	0.658423120844	0.717666283433	0.6854927385	0.757758715311	0.654591859659	0.708582106222	0.679381329733	0.710925081823	0.686263552361	0.72040788119	0.681750029789	0.68881633337	0.674552800691	0.694692125324	0.669391914729	0.746528423355	0.696096300316	0.707985429884	0.661228572721	0.658817216788	0.668612370317	0.676393786832	0.66506153585	0.623342228397	0.618189665058	0.616466720119	0.692079495736	0.665333364574	0.685905605235	0.695953874486	0.681859946699	0.687300289078	0.678802132479	0.666790876861	0.652113368844	0.688802166321	0.679702893505	0.673905490054	0.673521213812	0.679993566827	0.685689080188	0.671695321937	0.657784323901	0.687437260816	0.660107308572	0.69651570213	0.655592340258
AD4	0.688415409755	0.640086686246	0.738258593627	0.676585908048	0.664208832017	0.644207022064	0.389199985407	0.0	0.618071872473	0.401270814909	0.680251126356	0.652290516051	0.69526106023	0.674774199919	0.673942327377	0.656360137154	0.70278135076	0.68751460072	0.763042114586	0.63049545156	0.713529655728	0.663290643789	0.69410461017	0.666936604443	0.726568188941	0.678612177062	0.672528106052	0.65902728753	0.669269744963	0.639341658427	0.742657087404	0.669442517017	0.687868697918	0.656136241242	0.672931189519	0.660875148502	0.656996060661	0.649489110516	0.636876297778	0.609299522681	0.617280161144	0.687968167646	0.662964023459	0.667273933873	0.677754330307	0.662312273638	0.666809915231	0.667387074774	0.655577652592	0.656676207226	0.672947187075	0.668010622727	0.675191017063	0.666507673685	0.652328683149	0.667792057275	0.68513846941	0.672432058352	0.693357550111	0.65606283405	0.68459459474	0.662194499775
AE3	0.651340274354	0.683319568403	0.718121615383	0.68983722644	0.670847375922	0.663768875774	0.673702514165	0.618071872473	0.0	0.65193176571	0.671656548462	0.665172086645	0.685875644403	0.669669518438	0.678042697342	0.676986305747	0.661315669942	0.669724468807	0.764313521995	0.693400552618	0.734823984162	0.719733320548	0.671283227229	0.683465511453	0.757708014543	0.6895457238	0.684881775066	0.686850713693	0.65421837009	0.668024285818	0.732365783479	0.710936039561	0.635964221856	0.696387567019	0.683216844337	0.710234163276	0.658208040035	0.684102070363	0.701262422333	0.695188044505	0.682213719364	0.662064461	0.662235088008	0.669188247898	0.730777975043	0.717323063786	0.714774607021	0.723253106336	0.707605017796	0.723908426071	0.693976064365	0.728939806849	0.696770226128	0.696991607155	0.673940052635	0.705950764817	0.696942068628	0.714534840547	0.702877179853	0.71852489814	0.672998060255	0.719140946858
AE4	0.699029670059	0.662365901447	0.754505229317	0.692209076519	0.66376915906	0.654651185681	0.376021178395	0.401270814909	0.65193176571	0.0	0.70024328629	0.652532725584	0.706944015273	0.697620056735	0.697162298911	0.663690308669	0.724739433869	0.68038674278	0.77654946512	0.650704723737	0.716607943289	0.679640885144	0.716865695872	0.694930303156	0.737756317467	0.686926341194	0.694310525018	0.680845583264	0.695972130248	0.663178718117	0.719025808848	0.687387057826	0.698094188236	0.665537422202	0.675381051718	0.664502429279	0.688196043441	0.651806829678	0.630965184996	0.63073055093	0.61511863236	0.69489374048	0.669653195821	0.664538579211	0.705407361631	0.689752788167	0.697980200288	0.691560937443	0.689063052207	0.661010647811	0.693812773351	0.684016331653	0.684348480461	0.677618877634	0.688040903431	0.691405490841	0.683997888395	0.67442601812	0.684054935284	0.663201079056	0.713232932811	0.666155169754
AF3	0.646726076082	0.651555770197	0.731627249458	0.672341707013	0.67948970548	0.512044552651	0.697035199427	0.680251126356	0.671656548462	0.70024328629	0.0	0.570671530338	0.662041334647	0.670756555917	0.675863980664	0.667869377628	0.678815387891	0.695546423877	0.747832073985	0.68193878321	0.684405627192	0.701880889915	0.68951586076	0.697249530242	0.757057011571	0.715686828675	0.688758996667	0.714927874432	0.701713145351	0.686635686156	0.717797566563	0.706117406725	0.634752777912	0.683467989001	0.662106354593	0.686388295194	0.662108591707	0.662104556173	0.682111291042	0.680209347623	0.692551541117	0.674723840691	0.669748520758	0.665508115116	0.702286741341	0.688523071936	0.711458087235	0.720483102972	0.694878382293	0.707233894225	0.722323406519	0.713127563553	0.696564782216	0.697930337273	0.69264675037	0.707520818379	0.680207106827	0.715013731893	0.672200660172	0.71874580071	0.664377164357	0.714045813677
AF4	0.667101721336	0.646334690279	0.749329422324	0.689315954459	0.463364463992	0.384726456285	0.646303439349	0.652290516051	0.665172086645	0.652532725584	0.570671530338	0.0	0.694716165883	0.687637742097	0.682956228921	0.647144072293	0.699874138821	0.68373314914	0.76807128331	0.672594335956	0.710637509875	0.690993855032	0.709635327009	0.709503648436	0.738477723253	0.680887266454	0.709800553123	0.700465064863	0.683682714708	0.669364546742	0.745572664504	0.711045817891	0.665114802204	0.649466932734	0.676374047433	0.674823069895	0.673968780491	0.66052272539	0.6712142962	0.661696887969	0.64961807114	0.66735070841	0.658869399163	0.659135104524	0.688209283079	0.673974815777	0.71513846956	0.696402300502	0.677055448137	0.666096852292	0.698580642258	0.684636855368	0.686788716814	0.673940500622	0.67886043665	0.684138455298	0.681748132357	0.662795776372	0.681706296686	0.653015179127	0.684918235337	0.665466618482
AG3	0.636408952345	0.65832188495	0.714794147597	0.407187206452	0.692887375603	0.677869800956	0.697329641289	0.69526106023	0.685875644403	0.706944015273	0.662041334647	0.694716165883	0.0	0.510242619156	0.683227289714	0.67514226103	0.678774655781	0.691166446808	0.764886030415	0.701777819525	0.684703113429	0.691287539846	0.677175282923	0.682688227901	0.727739174502	0.691543224176	0.674509834378	0.693076402711	0.694666848551	0.688980570859	0.732607493775	0.700133556696	0.678284234295	0.700762315893	0.681947104413	0.689430219265	0.682276380802	0.67755701966	0.689668491361	0.698232736326	0.699150673689	0.673984824639	0.671490558403	0.662299486082	0.715178164509	0.708976695822	0.690616284812	0.704646688207	0.648979440137	0.698671432689	0.703020736427	0.708506972973	0.682355880353	0.680779142896	0.670873213201	0.684727279814	0.697674632609	0.707529710565	0.688480446404	0.695469107648	0.688767488737	0.720214997732
AG4	0.618537174245	0.632276809337	0.591990642807	0.463392827938	0.682584425348	0.675277398476	0.67778520311	0.674774199919	0.669669518438	0.697620056735	0.670756555917	0.687637742097	0.510242619156	0.0	0.649147798545	0.6521388743	0.687195110177	0.702157657329	0.714812213826	0.662423909885	0.689450491041	0.68285082401	0.662520007358	0.674375630973	0.697661863022	0.663490528173	0.637918667035	0.673056032132	0.682269933318	0.657489626292	0.738078873148	0.707424015692	0.674388878421	0.718143861966	0.658482975948	0.678462869269	0.666245961829	0.668565457019	0.683931954624	0.695764124881	0.69117054977	0.648967544958	0.645391560109	0.675865292182	0.721244387336	0.725693576256	0.694189913725	0.687064770701	0.649657173581	0.690836109597	0.691822661996	0.706830950882	0.696162466512	0.682314486905	0.694862583693	0.711277125209	0.682829975969	0.698746980003	0.704960506187	0.688175140156	0.681467552612	0.697186124331
AH3	0.669460421441	0.509881423957	0.679262471169	0.671968063758	0.672036497324	0.678613175474	0.682480789642	0.673942327377	0.678042697342	0.697162298911	0.675863980664	0.682956228921	0.683227289714	0.649147798545	0.0	0.551041566507	0.674810453491	0.697398620989	0.766595448201	0.684565269347	0.720725395634	0.707832874846	0.678224826348	0.690880786269	0.731760107573	0.680442365514	0.680648050881	0.70075615764	0.694771293991	0.680142375375	0.749028847578	0.713151442932	0.659503891876	0.720828208261	0.694758941551	0.68610856234	0.672628496092	0.671316657634	0.682606002714	0.688134684012	0.674343285468	0.666423743457	0.677843401193	0.672292111679	0.712383767285	0.712461513312	0.700405896127	0.680637025572	0.685608311765	0.694302947551	0.687104355086	0.713768712348	0.702215078953	0.697242755142	0.677461778707	0.705332755972	0.693482260319	0.708955875503	0.700773459546	0.687448234955	0.689541813027	0.699903580846
AH4	0.50552007738	0.388295547197	0.708112018779	0.653054130516	0.658254928904	0.635038628654	0.658423120844	0.656360137154	0.676986305747	0.663690308669	0.667869377628	0.647144072293	0.67514226103	0.6521388743	0.551041566507	0.0	0.697219116352	0.681067861587	0.775437831773	0.675330890447	0.715024929026	0.681930416817	0.678394037999	0.687781620086	0.74754869446	0.676382965525	0.667388324989	0.649095174832	0.688224211622	0.679802410575	0.746982528186	0.691504395621	0.672331218594	0.674173194801	0.652931674452	0.654697313756	0.671607482571	0.649433262285	0.646980122503	0.670671928375	0.640792453575	0.677206336012	0.658054394909	0.649741401389	0.69858692358	0.677275309446	0.668594326615	0.652072656228	0.656483478901	0.669201916262	0.663187308457	0.675975612719	0.65219029944	0.657812591094	0.672744222395	0.682361612106	0.655971457186	0.660795428344	0.67811313198	0.667421017342	0.659109588074	0.638276108909
AA7	0.671401963434	0.689739121144	0.708567732345	0.710632587698	0.668477334961	0.691048596658	0.717666283433	0.70278135076	0.661315669942	0.724739433869	0.678815387891	0.699874138821	0.678774655781	0.687195110177	0.674810453491	0.697219116352	0.0	0.533137669086	0.760144759762	0.68734218875	0.674107661728	0.681796610136	0.662168013111	0.694310620668	0.706199800908	0.700058877018	0.664275825437	0.675838662056	0.680430375137	0.654835657272	0.715021607566	0.573300240875	0.64780894804	0.727260212316	0.709291776285	0.721762539396	0.661036976295	0.68603751476	0.723626899649	0.733332950905	0.717160972963	0.679925907312	0.696378979365	0.706801750945	0.73754405051	0.727527409842	0.740657595289	0.727616834353	0.710282625996	0.747730295781	0.703921899546	0.744780720687	0.706952663104	0.712693599934	0.679662897996	0.727269571628	0.740487133862	0.737677629223	0.733843078797	0.738169623478	0.696304167776	0.728996220692
AA8	0.674077227909	0.688927643701	0.741755989038	0.707608190422	0.697165390921	0.669464767327	0.6854927385	0.68751460072	0.669724468807	0.68038674278	0.695546423877	0.68373314914	0.691166446808	0.702157657329	0.697398620989	0.681067861587	0.533137669086	0.0	0.770972773549	0.64481176935	0.65769090767	0.647406690586	0.675079443098	0.67341314658	0.706773608667	0.6675795559	0.669522430494	0.651861475218	0.645405036562	0.637936218567	0.544070393685	0.427279610876	0.678104191328	0.705625755128	0.710035978681	0.711970553429	0.697220203773	0.704078413518	0.72019469687	0.703710390949	0.692664696662	0.689356614695	0.700019820588	0.711573655416	0.716944260214	0.713887002819	0.720497281296	0.721916707413	0.704165050578	0.726608970482	0.714400224046	0.738765090803	0.692997623746	0.685216031072	0.691454892565	0.700047387543	0.725308942378	0.708535056726	0.743403664926	0.721610545678	0.712759985372	0.697255687816
AB7	0.752827910494	0.764339795622	0.689355254683	0.74063756183	0.740952135385	0.752412325097	0.757758715311	0.763042114586	0.764313521995	0.77654946512	0.747832073985	0.76807128331	0.764886030415	0.714812213826	0.766595448201	0.775437831773	0.760144759762	0.770972773549	0.0	0.551826339769	0.735586102487	0.752153847232	0.768737519477	0.776784857115	0.740952357703	0.774666263029	0.761400760272	0.769650225469	0.753071365104	0.61966020759	0.756322056154	0.747730394473	0.770921731194	0.780646459453	0.768301292316	0.778668478789	0.758651700052	0.758586359587	0.782708775525	0.780015561238	0.784262698715	0.714105482419	0.736359453562	0.767776740796	0.796605956287	0.789619484677	0.812440169614	0.795870347738	0.780658732259	0.784909231838	0.799540556055	0.799635127176	0.784468308147	0.793458929626	0.780966272947	0.800519435196	0.786744433676	0.796688036419	0.797697927486	0.793838736119	0.787802389133	0.804292688425
AB8	0.683540310733	0.670052661468	0.680566489506	0.668240076198	0.677441537978	0.664893606121	0.654591859659	0.63049545156	0.693400552618	0.650704723737	0.68193878321	0.672594335956	0.701777819525	0.662423909885	0.684565269347	0.675330890447	0.68734218875	0.64481176935	0.551826339769	0.0	0.644396162085	0.608717413453	0.68240697954	0.655844793477	0.674866076719	0.66458793904	0.644315243442	0.637469649706	0.517540537337	0.392464367671	0.682516329829	0.62548479535	0.682817185593	0.6866754876	0.685724896169	0.665295525188	0.666829842532	0.656016513514	0.687484430188	0.661972306243	0.667209962891	0.667131011347	0.654529674392	0.660848861909	0.697281172365	0.681584765333	0.727883144706	0.700700498726	0.663182981567	0.688450166141	0.683167485113	0.704104791254	0.664897824815	0.678818360598	0.684193411271	0.679566569047	0.693801952119	0.70715726873	0.707192242175	0.696232893118	0.68326425971	0.698259407347
AC7	0.699042226108	0.715868930118	0.710341890992	0.698445767767	0.727070305988	0.705063766298	0.708582106222	0.713529655728	0.734823984162	0.716607943289	0.684405627192	0.710637509875	0.684703113429	0.689450491041	0.720725395634	0.715024929026	0.674107661728	0.65769090767	0.735586102487	0.644396162085	0.0	0.510598103946	0.677070966842	0.677485324522	0.687640368303	0.694444228574	0.675924266966	0.617830899883	0.65392195366	0.64467128013	0.65738294863	0.642364271314	0.701796652391	0.711960058355	0.716869232558	0.733506707125	0.706169488842	0.717662293104	0.719534784846	0.726994569213	0.723967106841	0.709577835304	0.715075423121	0.713672975665	0.713256166575	0.697150909888	0.751189728047	0.764042743601	0.688610333658	0.730818747001	0.748849463711	0.765860938334	0.707609112271	0.695893780847	0.698224794152	0.705257755422	0.746528441839	0.734898909014	0.746310476993	0.731513458671	0.704619143837	0.744823725049
AC8	0.694301839046	0.664663420167	0.732630696689	0.683001103307	0.704744496036	0.678767701412	0.679381329733	0.663290643789	0.719733320548	0.679640885144	0.701880889915	0.690993855032	0.691287539846	0.68285082401	0.707832874846	0.681930416817	0.681796610136	0.647406690586	0.752153847232	0.608717413453	0.510598103946	0.0	0.680772581607	0.660205056798	0.699434589125	0.663442772865	0.481561283151	0.406669360437	0.649447066438	0.610409615947	0.698567382323	0.628583429054	0.704568721236	0.675394891912	0.7112146138	0.694201782198	0.693201400786	0.688741803912	0.685484652239	0.70290064296	0.683022318471	0.694233287081	0.699309423198	0.683822760577	0.68625271714	0.659130012937	0.730383682883	0.708612751827	0.670013162495	0.692158836436	0.692771135234	0.699430593735	0.675726431541	0.65585067542	0.672991378009	0.669855266001	0.703460758773	0.67719458771	0.715053627671	0.702390941257	0.682836454579	0.684250731004
AD7	0.66887894533	0.678778672675	0.718582435622	0.679604226759	0.709674425098	0.696794391458	0.710925081823	0.69410461017	0.671283227229	0.716865695872	0.68951586076	0.709635327009	0.677175282923	0.662520007358	0.678224826348	0.678394037999	0.662168013111	0.675079443098	0.768737519477	0.68240697954	0.677070966842	0.680772581607	0.0	0.449013130345	0.697854733925	0.492524250197	0.6499019651	0.676056265816	0.663773849363	0.660659020047	0.703287577811	0.67258892517	0.64557992161	0.698140622899	0.710412664189	0.707271150279	0.673136968137	0.678716639436	0.701398083998	0.715151903282	0.698037891392	0.67381652586	0.662284511393	0.677905854538	0.700634341046	0.690995356702	0.712679121993	0.707771603523	0.680630667257	0.710365305419	0.685915209326	0.714120898484	0.684405751952	0.673448208581	0.663348214665	0.682703607025	0.688488433241	0.703640246149	0.693507461941	0.695036786282	0.667743559205	0.699175927736
AD8	0.685254692351	0.688463241652	0.724581983875	0.681424994268	0.716392672562	0.69702913314	0.686263552361	0.666936604443	0.683465511453	0.694930303156	0.697249530242	0.709503648436	0.682688227901	0.674375630973	0.690880786269	0.687781620086	0.694310620668	0.67341314658	0.776784857115	0.655844793477	0.677485324522	0.660205056798	0.449013130345	0.0	0.623798444087	0.445374426377	0.656208325262	0.676975084721	0.6561588636	0.647545895417	0.689630897011	0.675487272621	0.665120187063	0.692827988455	0.719015293279	0.696777601971	0.697543265894	0.687341070541	0.707601332639	0.708887915408	0.697899099208	0.697195499315	0.678354755953	0.678800673397	0.704529142689	0.679612545447	0.712420742282	0.709029058954	0.672808163567	0.704098878897	0.702373769127	0.721645373935	0.682312586511	0.6778375694	0.664349122825	0.681337836331	0.705014805907	0.721641011756	0.699842126517	0.703374705464	0.67765346496	0.706951879801
AE7	0.729167576071	0.729663238879	0.681303589063	0.714787844161	0.720653178303	0.737949261394	0.72040788119	0.726568188941	0.757708014543	0.737756317467	0.757057011571	0.738477723253	0.727739174502	0.697661863022	0.731760107573	0.74754869446	0.706199800908	0.706773608667	0.740952357703	0.674866076719	0.687640368303	0.699434589125	0.697854733925	0.623798444087	0.0	0.502922790877	0.698867538351	0.7005715616	0.701568112892	0.688065249548	0.732418858832	0.699082787312	0.727204585842	0.752895343616	0.738788488974	0.746582217665	0.726803443985	0.741343973576	0.759969746545	0.744976272455	0.756984647377	0.725528036852	0.735029176161	0.737789870555	0.760914195214	0.755456649967	0.770294768542	0.770001086779	0.717288489306	0.757630969597	0.759762421363	0.788573037407	0.745206743513	0.743477741595	0.739989733902	0.749935989849	0.772153634847	0.783786825565	0.779440705326	0.764203288703	0.756545199424	0.783057153271
AE8	0.692669623683	0.680982655909	0.725484770927	0.692922313256	0.714259749442	0.683767087372	0.681750029789	0.678612177062	0.6895457238	0.686926341194	0.715686828675	0.680887266454	0.691543224176	0.663490528173	0.680442365514	0.676382965525	0.700058877018	0.6675795559	0.774666263029	0.66458793904	0.694444228574	0.663442772865	0.492524250197	0.445374426377	0.502922790877	0.0	0.651411409409	0.651175527955	0.649414703251	0.64714088949	0.713027965622	0.681865251395	0.702755383878	0.694243090577	0.715091347022	0.705782912224	0.702155022458	0.696651023245	0.723897997976	0.716793689247	0.704686899583	0.688266633824	0.682838663483	0.686360591704	0.709961484777	0.70225524998	0.717983640264	0.712422650684	0.680827924897	0.708845654107	0.698393720401	0.723691004231	0.686987837303	0.67221638795	0.683207673502	0.684182703592	0.702341657837	0.702553531708	0.711528866848	0.697848408469	0.699821612714	0.689087073371
AF7	0.659811285528	0.664128393134	0.715400907608	0.661271625838	0.70365422532	0.691759222857	0.68881633337	0.672528106052	0.684881775066	0.694310525018	0.688758996667	0.709800553123	0.674509834378	0.637918667035	0.680648050881	0.667388324989	0.664275825437	0.669522430494	0.761400760272	0.644315243442	0.675924266966	0.481561283151	0.6499019651	0.656208325262	0.698867538351	0.651411409409	0.0	0.445204067122	0.651005511847	0.652769344708	0.705545410157	0.660681998114	0.672942140676	0.719232619332	0.690861876737	0.691624244059	0.677616116875	0.685271937101	0.676208025026	0.691266959881	0.675228619479	0.675892519165	0.673399251607	0.665713485411	0.72779847346	0.706665286928	0.71107252931	0.694671098426	0.677846536617	0.705310114644	0.679173534009	0.701413427916	0.683816720566	0.650531671386	0.663606608546	0.678732008605	0.685972334781	0.704991835976	0.69721394288	0.719750750034	0.658479565715	0.682354739547
AF8	0.675252810864	0.65193132654	0.722969350276	0.673738041352	0.697289169871	0.670989955996	0.674552800691	0.65902728753	0.686850713693	0.680845583264	0.714927874432	0.700465064863	0.693076402711	0.673056032132	0.70075615764	0.649095174832	0.675838662056	0.651861475218	0.769650225469	0.637469649706	0.617830899883	0.406669360437	0.676056265816	0.676975084721	0.7005715616	0.651175527955	0.445204067122	0.0	0.639203546623	0.63913942139	0.709282900705	0.647502251447	0.696200837332	0.685314642539	0.681828992774	0.680188023938	0.677429234701	0.678012495988	0.688716388115	0.711471933989	0.69421531162	0.683029661211	0.675568045117	0.663858778009	0.713902484297	0.689849617109	0.719160912901	0.692274816644	0.670780230622	0.690480782274	0.685069503618	0.707027666134	0.670489401083	0.665127736946	0.691225185251	0.686459292865	0.680759664756	0.685046177984	0.703265898238	0.702360206944	0.668391761438	0.661983005986
AG7	0.686696528214	0.688821785905	0.710342623066	0.678708232652	0.716744180746	0.698889904606	0.694692125324	0.669269744963	0.65421837009	0.695972130248	0.701713145351	0.683682714708	0.694666848551	0.682269933318	0.694771293991	0.688224211622	0.680430375137	0.645405036562	0.753071365104	0.517540537337	0.65392195366	0.649447066438	0.663773849363	0.6561588636	0.701568112892	0.649414703251	0.651005511847	0.639203546623	0.0	0.48814716147	0.693208190148	0.665852380809	0.677655417348	0.699255467829	0.700342287735	0.690856397293	0.665298360911	0.681970980212	0.714819287959	0.700337945363	0.696287910257	0.691987332504	0.674687683459	0.679112624395	0.715986063225	0.70431478762	0.73525483232	0.728802296616	0.688734562637	0.725246043151	0.686058964689	0.731947434929	0.686165617568	0.683999045982	0.694549874442	0.696113850847	0.691998603955	0.72005838973	0.710111635135	0.711228665444	0.683363923334	0.699329643785
AG8	0.658662216312	0.672070878269	0.694522917998	0.676386684924	0.673125523865	0.663616926298	0.669391914729	0.639341658427	0.668024285818	0.663178718117	0.686635686156	0.669364546742	0.688980570859	0.657489626292	0.680142375375	0.679802410575	0.654835657272	0.637936218567	0.61966020759	0.392464367671	0.64467128013	0.610409615947	0.660659020047	0.647545895417	0.688065249548	0.64714088949	0.652769344708	0.63913942139	0.48814716147	0.0	0.707616719608	0.641628375834	0.682526675052	0.680110477391	0.692346719499	0.665267476324	0.6417840846	0.649604864359	0.679326559129	0.670522704657	0.65610765754	0.65384594688	0.649890097599	0.661184666411	0.677401472139	0.674207596621	0.716079357597	0.700714069182	0.666256072016	0.682206860721	0.673653780948	0.703720831947	0.654974072048	0.671642538213	0.684496759762	0.670320327382	0.683481211633	0.691950062956	0.691726903899	0.666378879824	0.687078352637	0.687681803732
AH7	0.735878988378	0.748432541837	0.733419723768	0.73535823777	0.757753726194	0.747507872316	0.746528423355	0.742657087404	0.732365783479	0.719025808848	0.717797566563	0.745572664504	0.732607493775	0.738078873148	0.749028847578	0.746982528186	0.715021607566	0.544070393685	0.756322056154	0.682516329829	0.65738294863	0.698567382323	0.703287577811	0.689630897011	0.732418858832	0.713027965622	0.705545410157	0.709282900705	0.693208190148	0.707616719608	0.0	0.517201034204	0.713284433344	0.763611905036	0.76575075911	0.762267276268	0.748927396157	0.757353041247	0.75911296415	0.747398420979	0.757102567689	0.723834878944	0.747688133918	0.746464700019	0.774782196076	0.764219918815	0.770264072785	0.768431316168	0.747119092867	0.766006788729	0.781104503228	0.795035202136	0.743480334705	0.747793019395	0.730927313905	0.749324451218	0.776256267017	0.787872482422	0.777666127412	0.778236293249	0.74962891669	0.772148533565
AH8	0.703206527134	0.691011421295	0.734628568595	0.702842156408	0.708686604295	0.701629383651	0.696096300316	0.669442517017	0.710936039561	0.687387057826	0.706117406725	0.711045817891	0.700133556696	0.707424015692	0.713151442932	0.691504395621	0.573300240875	0.427279610876	0.747730394473	0.62548479535	0.642364271314	0.628583429054	0.67258892517	0.675487272621	0.699082787312	0.681865251395	0.660681998114	0.647502251447	0.665852380809	0.641628375834	0.517201034204	0.0	0.685360669871	0.718826067643	0.725014591875	0.716770340362	0.704855506	0.696806855419	0.710322134694	0.708219207762	0.692201713008	0.694857339149	0.712370952297	0.712918224486	0.717483481674	0.722218717147	0.730134101383	0.7198336597	0.715529963183	0.721462491136	0.723818607421	0.743829971647	0.70667739028	0.711806449886	0.706707709117	0.706266264674	0.73440845848	0.740569541342	0.748523769357	0.728761182366	0.702732000776	0.715671551638
AA5	0.644708968589	0.659103883435	0.723329309143	0.690971337039	0.661600891326	0.665972381663	0.707985429884	0.687868697918	0.635964221856	0.698094188236	0.634752777912	0.665114802204	0.678284234295	0.674388878421	0.659503891876	0.672331218594	0.64780894804	0.678104191328	0.770921731194	0.682817185593	0.701796652391	0.704568721236	0.64557992161	0.665120187063	0.727204585842	0.702755383878	0.672942140676	0.696200837332	0.677655417348	0.682526675052	0.713284433344	0.685360669871	0.0	0.609921826907	0.673503574547	0.669328214489	0.637564113685	0.632496813488	0.693912827489	0.690062862067	0.687844592486	0.634846253144	0.640477493088	0.648056250706	0.721750184437	0.656077173773	0.691368612689	0.706548679565	0.691066921673	0.708185698394	0.693112162673	0.711864190862	0.673450531611	0.684754573814	0.65140157016	0.697687001936	0.68012475635	0.708515447383	0.670048519695	0.710773443403	0.645664012156	0.718163066288
AA6	0.690805506316	0.676353304392	0.77706874479	0.708436539749	0.692462185751	0.657439573292	0.661228572721	0.656136241242	0.696387567019	0.665537422202	0.683467989001	0.649466932734	0.700762315893	0.718143861966	0.720828208261	0.674173194801	0.727260212316	0.705625755128	0.780646459453	0.6866754876	0.711960058355	0.675394891912	0.698140622899	0.692827988455	0.752895343616	0.694243090577	0.719232619332	0.685314642539	0.699255467829	0.680110477391	0.763611905036	0.718826067643	0.609921826907	0.0	0.682568489116	0.663932048908	0.662436730839	0.639485361466	0.674641662885	0.673056485439	0.670290896008	0.697453934435	0.662014064502	0.67955411268	0.466265859865	0.435609511107	0.705327563316	0.707636112864	0.680117426208	0.694842276369	0.691172685179	0.697679050649	0.689564832618	0.693585439755	0.693537448325	0.704172116401	0.68151602048	0.665553838086	0.68431858214	0.693354612523	0.667468497934	0.669538809107
AB5	0.670341192582	0.667837793223	0.723843323933	0.676773266074	0.678631423885	0.65494497453	0.658817216788	0.672931189519	0.683216844337	0.675381051718	0.662106354593	0.676374047433	0.681947104413	0.658482975948	0.694758941551	0.652931674452	0.709291776285	0.710035978681	0.768301292316	0.685724896169	0.716869232558	0.7112146138	0.710412664189	0.719015293279	0.738788488974	0.715091347022	0.690861876737	0.681828992774	0.700342287735	0.692346719499	0.76575075911	0.725014591875	0.673503574547	0.682568489116	0.0	0.456599415143	0.651131548378	0.662554810319	0.665837147698	0.63024577873	0.647659054724	0.683786848652	0.661646470102	0.64593628911	0.710532612204	0.694520783546	0.674426217027	0.690740688348	0.673420169993	0.699273872357	0.685342678903	0.695204012401	0.646247412285	0.689744127649	0.695762820572	0.675179151138	0.687953720789	0.683919197353	0.699348881837	0.712745766533	0.656315904523	0.696483415984
AB6	0.680843462397	0.646055227333	0.739151706285	0.683746233782	0.677083951564	0.656204745513	0.668612370317	0.660875148502	0.710234163276	0.664502429279	0.686388295194	0.674823069895	0.689430219265	0.678462869269	0.68610856234	0.654697313756	0.721762539396	0.711970553429	0.778668478789	0.665295525188	0.733506707125	0.694201782198	0.707271150279	0.696777601971	0.746582217665	0.705782912224	0.691624244059	0.680188023938	0.690856397293	0.665267476324	0.762267276268	0.716770340362	0.669328214489	0.663932048908	0.456599415143	0.0	0.655529497747	0.642642610925	0.655128186211	0.623169000496	0.634146588361	0.681128356135	0.657708543672	0.538026037362	0.676344150865	0.659285697228	0.656118241725	0.668210431911	0.659988530367	0.673292220827	0.671373752674	0.670901305401	0.659580822538	0.66616634927	0.684274683279	0.680767991222	0.664918251808	0.679365704371	0.666021560222	0.68542533269	0.664437162923	0.676093068595
AC5	0.64317879038	0.659453947261	0.719503245031	0.668026163487	0.677953056391	0.666538071336	0.676393786832	0.656996060661	0.658208040035	0.688196043441	0.662108591707	0.673968780491	0.682276380802	0.666245961829	0.672628496092	0.671607482571	0.661036976295	0.697220203773	0.758651700052	0.666829842532	0.706169488842	0.693201400786	0.673136968137	0.697543265894	0.726803443985	0.702155022458	0.677616116875	0.677429234701	0.665298360911	0.6417840846	0.748927396157	0.704855506	0.637564113685	0.662436730839	0.651131548378	0.655529497747	0.0	0.482670533371	0.654383593915	0.642216965089	0.660998353626	0.656401485729	0.585300491225	0.631202481296	0.663791554157	0.658337825495	0.656959761967	0.684305704008	0.626068386247	0.678652027666	0.644883360168	0.672185699055	0.648355905513	0.653703217268	0.644727667733	0.653313404022	0.6568112473	0.673302844509	0.651719355891	0.686391576872	0.655036606112	0.680441650904
AC6	0.649959709383	0.637015116626	0.738691650433	0.664547525256	0.666772686026	0.64466931976	0.66506153585	0.649489110516	0.684102070363	0.651806829678	0.662104556173	0.66052272539	0.67755701966	0.668565457019	0.671316657634	0.649433262285	0.68603751476	0.704078413518	0.758586359587	0.656016513514	0.717662293104	0.688741803912	0.678716639436	0.687341070541	0.741343973576	0.696651023245	0.685271937101	0.678012495988	0.681970980212	0.649604864359	0.757353041247	0.696806855419	0.632496813488	0.639485361466	0.662554810319	0.642642610925	0.482670533371	0.0	0.631375729061	0.659720522476	0.638689309965	0.574854277621	0.474592237682	0.618118398935	0.66462670326	0.638387311535	0.656847808788	0.677058050092	0.622982925203	0.657043882831	0.661413600978	0.668180702584	0.660143809275	0.654893930213	0.65385062183	0.667537403706	0.638908217839	0.665323709462	0.645176429474	0.660380429999	0.654947743348	0.672362288602
AD6	0.672096698174	0.651922295872	0.770152762216	0.680700649382	0.665361180292	0.653983914662	0.623342228397	0.636876297778	0.701262422333	0.630965184996	0.682111291042	0.6712142962	0.689668491361	0.683931954624	0.682606002714	0.646980122503	0.723626899649	0.72019469687	0.782708775525	0.687484430188	0.719534784846	0.685484652239	0.701398083998	0.707601332639	0.759969746545	0.723897997976	0.676208025026	0.688716388115	0.714819287959	0.679326559129	0.75911296415	0.710322134694	0.693912827489	0.674641662885	0.665837147698	0.655128186211	0.654383593915	0.631375729061	0.0	0.459408889282	0.361144375525	0.681110736472	0.655668057842	0.659199492881	0.678478100777	0.679646042239	0.671566960877	0.657861207123	0.650605073781	0.649437370179	0.684537217274	0.676382247263	0.655330034748	0.659123954495	0.668945865793	0.668807104453	0.651690376065	0.690360676038	0.66410599813	0.64785143779	0.644668569458	0.643863701937
AE5	0.68390445304	0.660979154541	0.751180257569	0.674738506092	0.660096752202	0.663159519503	0.618189665058	0.609299522681	0.695188044505	0.63073055093	0.680209347623	0.661696887969	0.698232736326	0.695764124881	0.688134684012	0.670671928375	0.733332950905	0.703710390949	0.780015561238	0.661972306243	0.726994569213	0.70290064296	0.715151903282	0.708887915408	0.744976272455	0.716793689247	0.691266959881	0.711471933989	0.700337945363	0.670522704657	0.747398420979	0.708219207762	0.690062862067	0.673056485439	0.63024577873	0.623169000496	0.642216965089	0.659720522476	0.459408889282	0.0	0.392770183103	0.687420798556	0.665383073983	0.641870810896	0.677992137867	0.679389512085	0.67895487227	0.674360587886	0.645977524216	0.645973446462	0.677535448027	0.682518396528	0.650026674866	0.647093589011	0.664232439745	0.639668700172	0.670699320745	0.691426540043	0.662864945755	0.652631098152	0.640847827116	0.673177502915
AE6	0.663397366718	0.633301692628	0.773089356794	0.687666538928	0.67015470506	0.662871307514	0.616466720119	0.617280161144	0.682213719364	0.61511863236	0.692551541117	0.64961807114	0.699150673689	0.69117054977	0.674343285468	0.640792453575	0.717160972963	0.692664696662	0.784262698715	0.667209962891	0.723967106841	0.683022318471	0.698037891392	0.697899099208	0.756984647377	0.704686899583	0.675228619479	0.69421531162	0.696287910257	0.65610765754	0.757102567689	0.692201713008	0.687844592486	0.670290896008	0.647659054724	0.634146588361	0.660998353626	0.638689309965	0.361144375525	0.392770183103	0.0	0.665094488252	0.635628049056	0.651947784064	0.663677256455	0.667821140806	0.676473291352	0.650019508352	0.64602158328	0.639885254752	0.660425454034	0.670255330243	0.637686111019	0.633643386116	0.660100595344	0.642949599716	0.640843725863	0.675057971584	0.658806572377	0.619338249007	0.650702851599	0.636737152279
AF5	0.672335353214	0.662792701718	0.689363706684	0.660853011078	0.653847841697	0.659893624424	0.692079495736	0.687968167646	0.662064461	0.69489374048	0.674723840691	0.66735070841	0.673984824639	0.648967544958	0.666423743457	0.677206336012	0.679925907312	0.689356614695	0.714105482419	0.667131011347	0.709577835304	0.694233287081	0.67381652586	0.697195499315	0.725528036852	0.688266633824	0.675892519165	0.683029661211	0.691987332504	0.65384594688	0.723834878944	0.694857339149	0.634846253144	0.697453934435	0.683786848652	0.681128356135	0.656401485729	0.574854277621	0.681110736472	0.687420798556	0.665094488252	0.0	0.49684099599	0.642157187642	0.719413972033	0.707849830146	0.700256447201	0.705954276806	0.668341145135	0.678846744056	0.710874954316	0.719038974001	0.68544405279	0.698197051132	0.698912253788	0.706898252017	0.680778255679	0.71512300344	0.68054151909	0.669080598978	0.667731106536	0.703775377229
AF6	0.649715431964	0.654319203917	0.724643388117	0.662691178529	0.663148047763	0.657358565441	0.665333364574	0.662964023459	0.662235088008	0.669653195821	0.669748520758	0.658869399163	0.671490558403	0.645391560109	0.677843401193	0.658054394909	0.696378979365	0.700019820588	0.736359453562	0.654529674392	0.715075423121	0.699309423198	0.662284511393	0.678354755953	0.735029176161	0.682838663483	0.673399251607	0.675568045117	0.674687683459	0.649890097599	0.747688133918	0.712370952297	0.640477493088	0.662014064502	0.661646470102	0.657708543672	0.585300491225	0.474592237682	0.655668057842	0.665383073983	0.635628049056	0.49684099599	0.0	0.612764814903	0.687332159264	0.674761329135	0.673912385413	0.688891219253	0.63926672039	0.669240784382	0.683456842846	0.686429368456	0.670225203483	0.662771726939	0.670883620414	0.676611164511	0.635427204797	0.68184856535	0.654457094776	0.647498603469	0.661629671279	0.686980906781
