	AA3	AA4	AB3	AB4	AC3	AC4	AD3	AD4	AE3	AE4	AF3	AF4	AG3	AG4	AH3	AH4	AA7	AA8	AB7	AB8	AC7	AC8	AD7	AD8	AE7	AE8	AF7	AF8	AG7	AG8	AH7	AH8	AA5	AA6	AB5	AB6	AC5	AC6	AD6	AE5	AE6	AF5	AF6	AG5	AH5	AH6	AA1	AA2	AB1	AB2	AC1	AC2	AD1	AD2	AE1	AE2	AF1	AF2	AG1	AG2	AH1	AH2
AA3	0.0	0.474605664228	0.65912029028	0.638621230091	0.675169985728	0.661830574045	0.685993106994	0.674180243781	0.647036633009	0.684347984382	0.635139212048	0.671852555739	0.644523801001	0.61899949992	0.672955622395	0.492746094543	0.656986690982	0.693951721801	0.750589377518	0.676010840097	0.686640236233	0.684579177624	0.667757423094	0.697781573216	0.715982763061	0.699299120434	0.658665629765	0.684388718755	0.681235754965	0.67591261945	0.73235046816	0.683423011223	0.645649396311	0.685400005811	0.673617118515	0.691487830858	0.639964730412	0.641031665323	0.643823614735	0.680205924093	0.676426659512	0.671856015454	0.651167235253	0.66542622285	0.693713711895	0.680902596571	0.652531601033	0.689530692968	0.646063244535	0.689196774606	0.681061233737	0.667517289697	0.635594272659	0.663728866884	0.669494191435	0.663649934937	0.668957771295	0.682919737355	0.660230148887	0.691782221961	0.639538020719	0.683254905335
AA4	0.474605664228	0.0	0.696304883308	0.604067956014	0.663333174738	0.634087390376	0.662948348081	0.661316978989	0.676866866448	0.660359069282	0.661213140545	0.651558743055	0.669292349916	0.621606421216	0.50946758503	0.364186025463	0.686768919273	0.69232361487	0.769931306459	0.677692953476	0.709712431754	0.684040739833	0.675615928093	0.686614766552	0.725017944988	0.678392570539	0.650980223391	0.660349413813	0.688229511281	0.681739411151	0.743895432038	0.674624289049	0.667898013647	0.683718963535	0.673221323507	0.682895713016	0.651547846299	0.635844643062	0.626440621205	0.661133338954	0.640834824914	0.651223453282	0.639208403554	0.660896743993	0.688451302081	0.671035214454	0.667310011034	0.666364137907	0.648050636477	0.658268803391	0.67267038115	0.652792241732	0.650860911349	0.648127616734	0.667993757029	0.644320012937	0.648671147496	0.666754113383	0.656114669676	0.652015686259	0.660278447321	0.647103830975
AB3	0.65912029028	0.696304883308	0.0	0.644570972037	0.719978787769	0.757268092666	0.738763101238	0.735675726404	0.724127139088	0.754436656265	0.725309050138	0.751421104636	0.726052466821	0.56148329196	0.714819004631	0.717432766383	0.736218003282	0.762880969444	0.7174532273	0.700942208347	0.744267190429	0.747104968248	0.724705776388	0.757674418734	0.729536546495	0.761613290541	0.705617328608	0.746774153805	0.697354090853	0.725132605276	0.772421232834	0.758875115928	0.714612625729	0.777371467812	0.696274748703	0.743788064562	0.715442842732	0.731681622248	0.759669235689	0.744614648758	0.777932314404	0.712489768821	0.705833628887	0.748807575079	0.789575884156	0.786528891269	0.752660062306	0.777084858382	0.71669450031	0.77477315288	0.735326306671	0.754452769945	0.729187804054	0.774091145996	0.754140220032	0.764679567118	0.75650519954	0.771364689997	0.75168515021	0.768360487691	0.729578737697	0.75756894516
AB4	0.638621230091	0.604067956014	0.644570972037	0.0	0.676918543236	0.667008419291	0.684777461934	0.673715764151	0.69511049265	0.676237371367	0.677455951051	0.681860118803	0.465883729912	0.413437023952	0.648867801828	0.626798271301	0.693137621475	0.710215099335	0.758657929944	0.679454861412	0.703187102462	0.686965598313	0.689363744537	0.688398259695	0.72484186853	0.695009076198	0.65926273674	0.687265427849	0.66993608359	0.687927205728	0.748843357486	0.704428494836	0.695401399409	0.719807423188	0.693072639268	0.706748564606	0.681226085335	0.668254740257	0.668045028716	0.686737510949	0.679761261229	0.6523763245	0.667485165238	0.677321787347	0.717885290833	0.710536807038	0.699776028988	0.694768791815	0.648528952661	0.68675825038	0.70292570472	0.697416874569	0.678853238725	0.692661695835	0.694023066891	0.691562140682	0.688043994775	0.705660585824	0.698382287247	0.677111571126	0.685930470854	0.677883311667
AC3	0.675169985728	0.663333174738	0.719978787769	0.676918543236	0.0	0.506710842489	0.669296168023	0.665871110341	0.674347270101	0.659761410927	0.691521629708	0.453118262054	0.693528824841	0.692659262942	0.678653722717	0.664475425797	0.68057728148	0.692075163322	0.753646671365	0.670525640859	0.700043198414	0.707467930595	0.710679825977	0.717611844167	0.710078546643	0.703642747322	0.719662101462	0.705436421279	0.693743527712	0.68004582616	0.742823354374	0.700473146755	0.667900376014	0.690484378536	0.696889298061	0.699784129128	0.689114459292	0.644388327268	0.671493573358	0.654186067632	0.676354834563	0.649501351934	0.630176188019	0.67696586119	0.714676732133	0.704332576379	0.712863278578	0.710419570023	0.685032086077	0.679637643562	0.681156514755	0.697385278741	0.687328238236	0.68865083563	0.670530493795	0.698561738521	0.709289047664	0.71934998722	0.698538390767	0.670308636604	0.688000141752	0.698910867187
AC4	0.661830574045	0.634087390376	0.757268092666	0.667008419291	0.506710842489	0.0	0.673450425811	0.648807218248	0.670097422065	0.660323251191	0.519448703007	0.390490211657	0.682250992242	0.698192662719	0.664344709025	0.626625083289	0.678616894708	0.681982940396	0.758893535074	0.671673547545	0.702378247525	0.682889878074	0.698243282759	0.70625780558	0.750418796895	0.696386600995	0.68388311584	0.680872603927	0.700551968683	0.670424695756	0.740502997472	0.688964608817	0.665423533932	0.662607623834	0.677207518171	0.671109750487	0.671205022821	0.61913148137	0.653549262306	0.665338787896	0.651432961871	0.638775798607	0.631137820331	0.650818331924	0.676245761493	0.650600472933	0.711296244484	0.676656018946	0.687908341083	0.68535413073	0.678801427048	0.670097312103	0.68529563737	0.668203026963	0.67514264759	0.684223856765	0.667483667405	0.675397571715	0.67892303966	0.674720143073	0.657902532499	0.676795048819
AD3	0.685993106994	0.662948348081	0.738763101238	0.684777461934	0.669296168023	0.673450425811	0.0	0.450527984871	0.694298918209	0.333512108238	0.708278185748	0.665857290772	0.710592049517	0.683874403321	0.695716785843	0.670602961901	0.706604802552	0.696029048354	0.767672160544	0.655254221226	0.712316372669	0.679697048714	0.714513805982	0.701733830866	0.72027994892	0.679159909849	0.698216829752	0.673853760261	0.700553959287	0.671217559315	0.724739320849	0.686539938526	0.712206776497	0.679539150561	0.674825303004	0.68324442887	0.688252826766	0.6627893844	0.599674280005	0.651356696442	0.621381499939	0.67259279723	0.66150890354	0.694336383855	0.688772500662	0.693972636326	0.685164524716	0.666447441724	0.671619612717	0.669378069807	0.697693493418	0.68416565327	0.681300593464	0.673076283732	0.687262410031	0.67936642181	0.687531163414	0.688921957988	0.695156741916	0.657506519986	0.70425576316	0.677957976942
AD4	0.674180243781	0.661316978989	0.735675726404	0.673715764151	0.665871110341	0.648807218248	0.450527984871	0.0	0.589705515723	0.405354410375	0.691379988413	0.657652484791	0.688303185039	0.669391769714	0.679458803623	0.662638955466	0.687719874567	0.66483164617	0.766442730012	0.652782284975	0.703614278353	0.678942046449	0.681683248506	0.677698275388	0.724075120023	0.677412704787	0.670542872316	0.650951699225	0.669548773288	0.647641222867	0.728441220225	0.658205881435	0.675961056383	0.66336654538	0.665486494272	0.671613991656	0.662150770928	0.640306150321	0.618972187921	0.646341827039	0.620707911486	0.655187537228	0.65667532698	0.668279308761	0.666746637626	0.659145729822	0.681481736058	0.650337007815	0.657544163207	0.651952446534	0.671436393088	0.682290448319	0.659931399	0.658247502502	0.645342829044	0.666582367923	0.667998890608	0.669504594367	0.687467209507	0.642676431484	0.677541786111	0.670209352695
AE3	0.647036633009	0.676866866448	0.724127139088	0.69511049265	0.674347270101	0.670097422065	0.694298918209	0.589705515723	0.0	0.646011383453	0.658568307038	0.672910138659	0.665880454614	0.705584116773	0.66935628134	0.67690447488	0.656790401428	0.700786068204	0.766298873178	0.697882296566	0.716360241338	0.718570040794	0.661754694179	0.683307800847	0.742495655926	0.702240753775	0.680773316422	0.721160347424	0.666900069199	0.669807152113	0.729721957051	0.686560145111	0.643533234328	0.712217313696	0.694561832505	0.725377481774	0.661975237931	0.687979122109	0.663141070207	0.692008218922	0.693382521287	0.660894806989	0.687962969489	0.681721054494	0.730236482132	0.721622152866	0.706435779155	0.714807600052	0.695216603412	0.727595924533	0.692943595228	0.716452647296	0.690484069508	0.704505460121	0.665585435158	0.714581310458	0.703955871973	0.730982445027	0.704568285286	0.710826849941	0.670040789025	0.730825808411
AE4	0.684347984382	0.660359069282	0.754436656265	0.676237371367	0.659761410927	0.660323251191	0.333512108238	0.405354410375	0.646011383453	0.0	0.694847733131	0.653035539173	0.710031271449	0.691848675075	0.690594614586	0.669371210458	0.694200344366	0.678253472915	0.774651411184	0.642721446246	0.709032922965	0.67024291864	0.704421086097	0.688043230052	0.725428153045	0.676959934823	0.686112782823	0.661833640217	0.672286202221	0.655389578512	0.707990417321	0.667381424043	0.711631914073	0.675916362959	0.681184162113	0.686611569351	0.684373308052	0.655516654568	0.615911885552	0.654037547222	0.627684013736	0.677788175898	0.669780074643	0.689802241334	0.685100134718	0.6820887669	0.682732725748	0.664987302064	0.679897306923	0.670498914306	0.689272772858	0.683193640558	0.677173813535	0.665507967151	0.673051417068	0.674480445928	0.690102478869	0.693442525603	0.695643284225	0.658072994939	0.69779394278	0.674669404396
AF3	0.635139212048	0.661213140545	0.725309050138	0.677455951051	0.691521629708	0.519448703007	0.708278185748	0.691379988413	0.658568307038	0.694847733131	0.0	0.566359827476	0.66828932401	0.689558478981	0.665439945283	0.658391091101	0.666430426344	0.68512726536	0.763818407711	0.688945125588	0.678657083431	0.706106616026	0.66977567609	0.701980654297	0.765438030085	0.711474855572	0.692178790723	0.708173156551	0.679886887995	0.678582588572	0.711592456266	0.687537926166	0.645227493079	0.684538824057	0.679586699454	0.686930264624	0.662782900721	0.653751363097	0.67485460189	0.678193468062	0.686414129854	0.668052377572	0.662890094745	0.674277132157	0.690191908665	0.683897821442	0.717816469555	0.698780277226	0.696473465107	0.720263302391	0.704496537625	0.705232955085	0.689311792035	0.70425672368	0.699280172742	0.71873904172	0.689067927419	0.719963037013	0.678418793101	0.709947238212	0.649050945283	0.706226565313
AF4	0.671852555739	0.651558743055	0.751421104636	0.681860118803	0.453118262054	0.390490211657	0.665857290772	0.657652484791	0.672910138659	0.653035539173	0.566359827476	0.0	0.698820927465	0.699640959457	0.683735450573	0.641354469778	0.684334944573	0.684150252324	0.758652933635	0.67408740686	0.716642152316	0.703466238623	0.710018296719	0.724453992772	0.743973918255	0.717623403226	0.707882904728	0.70072025124	0.698663764422	0.670961048845	0.737652863888	0.695180572685	0.670749178925	0.671607642125	0.676991939498	0.676525134643	0.679791847074	0.628910551853	0.65056473427	0.663887299248	0.67025070518	0.640094285947	0.631230241121	0.661799639548	0.686607085271	0.675194538825	0.704902095601	0.68036347319	0.701355571683	0.688330014678	0.687889543196	0.6729197234	0.688620662563	0.694673714161	0.710287676452	0.706324188476	0.693875128777	0.693020444488	0.698460816568	0.684007559592	0.664151919156	0.685992028433
AG3	0.644523801001	0.669292349916	0.726052466821	0.465883729912	0.693528824841	0.682250992242	0.710592049517	0.688303185039	0.665880454614	0.710031271449	0.66828932401	0.698820927465	0.0	0.502328631386	0.66933735521	0.66267078053	0.672316634445	0.696495190709	0.779180174421	0.714438899597	0.689513490192	0.701128725599	0.681249667705	0.682308209139	0.734288067998	0.699700974584	0.672060829786	0.714047243084	0.686593257162	0.701993329971	0.730067029741	0.696646008307	0.675629772858	0.710381332624	0.693482218816	0.718211618091	0.685005476439	0.671023519099	0.688833668495	0.691606895916	0.699615750239	0.652784349992	0.668151729021	0.681432722881	0.709807954675	0.699402770589	0.690194806185	0.6972358484	0.651671908316	0.701152260907	0.70482014068	0.705171298441	0.680248345882	0.686822661727	0.678122428706	0.692438401606	0.696869970493	0.716094129986	0.686092829542	0.694629291452	0.69771297699	0.70582067508
AG4	0.61899949992	0.621606421216	0.56148329196	0.413437023952	0.692659262942	0.698192662719	0.683874403321	0.669391769714	0.705584116773	0.691848675075	0.689558478981	0.699640959457	0.502328631386	0.0	0.673744202398	0.638139716719	0.710100208431	0.718768378066	0.735821046339	0.669910359005	0.712592926178	0.700732328441	0.695003149441	0.717070400939	0.721465093659	0.718234342147	0.669432649803	0.700706881911	0.686099542572	0.690557599042	0.747237998181	0.702247984505	0.698432422864	0.724928493872	0.67869228381	0.715867021267	0.687951046074	0.668124580346	0.685410578573	0.683434264337	0.704163509735	0.658421301527	0.653792176451	0.70243450682	0.735823863454	0.730130980675	0.693646616617	0.704628298765	0.643656468765	0.685600938473	0.702433592595	0.699633906831	0.673480290116	0.70642243868	0.711268971393	0.685655276868	0.691592198559	0.719734129674	0.701464900519	0.684101787596	0.69241651216	0.696284262317
AH3	0.672955622395	0.50946758503	0.714819004631	0.648867801828	0.678653722717	0.664344709025	0.695716785843	0.679458803623	0.66935628134	0.690594614586	0.665439945283	0.683735450573	0.66933735521	0.673744202398	0.0	0.527433093934	0.675549406284	0.705565035418	0.773628655144	0.701958454219	0.71941624333	0.712477058578	0.672645692695	0.695680080715	0.729136399702	0.693481848282	0.669387469792	0.704050736475	0.696442098442	0.690346401443	0.753039596465	0.690917150598	0.677691095449	0.723005331474	0.683573851205	0.707414003696	0.680410624463	0.663866179617	0.680341352494	0.684840328474	0.680390631683	0.663013345262	0.670553845367	0.696788341534	0.711203992267	0.70793738605	0.70866230202	0.701210849276	0.695795552121	0.703790503892	0.692672240805	0.710228183112	0.700775271006	0.692263583445	0.683640193476	0.710818611487	0.705676659863	0.715169023252	0.70222943101	0.698156268198	0.685649209202	0.693692095789
AH4	0.492746094543	0.364186025463	0.717432766383	0.626798271301	0.664475425797	0.626625083289	0.670602961901	0.662638955466	0.67690447488	0.669371210458	0.658391091101	0.641354469778	0.66267078053	0.638139716719	0.527433093934	0.0	0.692321551916	0.683246492454	0.773950056666	0.67920432057	0.705697187851	0.690096264289	0.675286772796	0.681754355487	0.732151020554	0.680136483048	0.657686143108	0.674950260773	0.679615143515	0.68503988596	0.743380193632	0.683295422821	0.676524279547	0.689076872787	0.671172541098	0.676092462637	0.670315724972	0.633870697129	0.629103671454	0.676093165238	0.64779957966	0.664699788078	0.655367853154	0.661612322949	0.680399678935	0.66014329628	0.671298082769	0.66686829734	0.663915354915	0.678571742853	0.672038948338	0.659975904151	0.659820784407	0.644681732378	0.666722188885	0.663462184935	0.668487356518	0.671253552059	0.670045697063	0.66531678896	0.660305569556	0.642953738005
AA7	0.656986690982	0.686768919273	0.736218003282	0.693137621475	0.68057728148	0.678616894708	0.706604802552	0.687719874567	0.656790401428	0.694200344366	0.666430426344	0.684334944573	0.672316634445	0.710100208431	0.675549406284	0.692321551916	0.0	0.510128844399	0.766576465949	0.684728788153	0.656612326457	0.671873558075	0.659895115018	0.685501686578	0.693291646014	0.687727287999	0.655443487057	0.673072019693	0.666280508691	0.667457207546	0.706844147396	0.544769249009	0.658346625459	0.720470199911	0.699052778618	0.725658073327	0.673979707338	0.67218751995	0.691436086162	0.740608304032	0.725905724491	0.675821502172	0.690899993675	0.72033320317	0.726015167764	0.715933661002	0.728777916415	0.729449113462	0.709129901023	0.746481210213	0.708810798409	0.72101705534	0.693495279593	0.712341121146	0.682689553802	0.718909333953	0.734563453708	0.73702516518	0.735366384405	0.739706522169	0.691850185179	0.723867537383
AA8	0.693951721801	0.69232361487	0.762880969444	0.710215099335	0.692075163322	0.681982940396	0.696029048354	0.66483164617	0.700786068204	0.678253472915	0.68512726536	0.684150252324	0.696495190709	0.718768378066	0.705565035418	0.683246492454	0.510128844399	0.0	0.778300776455	0.641324023181	0.636621785101	0.651510639002	0.676577762118	0.676505482827	0.697874353978	0.682272581739	0.670776613101	0.635668061649	0.664188084261	0.649602952284	0.54377453022	0.419750891126	0.675721728847	0.714949407179	0.716255319723	0.726725582517	0.696577558069	0.680376134032	0.707004867239	0.724095085433	0.710089511543	0.692825882687	0.698729179187	0.723112660878	0.716558194107	0.704233168267	0.724798875968	0.709105020082	0.703584965313	0.724901183114	0.72057843426	0.731989884394	0.695295254374	0.694916848981	0.699931527649	0.707000584735	0.721200763267	0.725385474417	0.748361772803	0.721913100588	0.714420328921	0.719481863515
AB7	0.750589377518	0.769931306459	0.7174532273	0.758657929944	0.753646671365	0.758893535074	0.767672160544	0.766442730012	0.766298873178	0.774651411184	0.763818407711	0.758652933635	0.779180174421	0.735821046339	0.773628655144	0.773950056666	0.766576465949	0.778300776455	0.0	0.552136073971	0.744332056742	0.766906364029	0.773386423959	0.79505396009	0.749285261512	0.783655423308	0.772961962548	0.775881532019	0.741304378473	0.653040552482	0.762840078614	0.772895445263	0.783313286755	0.793197985307	0.772402516424	0.807591143125	0.771182263822	0.761122538315	0.783610661486	0.791455157073	0.804028793462	0.729638401926	0.735750148808	0.789186409317	0.806443203727	0.805845741356	0.821103070406	0.804821178365	0.77810183542	0.801605913995	0.806529631581	0.79970229436	0.800020136031	0.80760045997	0.792910411075	0.80394368113	0.802419863233	0.81084941686	0.798990085265	0.799359502859	0.798259860478	0.804253297717
AB8	0.676010840097	0.677692953476	0.700942208347	0.679454861412	0.670525640859	0.671673547545	0.655254221226	0.652782284975	0.697882296566	0.642721446246	0.688945125588	0.67408740686	0.714438899597	0.669910359005	0.701958454219	0.67920432057	0.684728788153	0.641324023181	0.552136073971	0.0	0.654933370391	0.639778929659	0.673680948205	0.671007419518	0.673340496934	0.659455534974	0.673873620648	0.643695516048	0.489163419554	0.412016914093	0.675377813525	0.61755584922	0.691921522771	0.693003061165	0.680631701862	0.698325427484	0.689419687569	0.66446953342	0.673234065234	0.683395774573	0.680651335948	0.658779341141	0.662541064431	0.697614307039	0.707869998304	0.704204786569	0.732556676094	0.706006169668	0.684675574546	0.716349024698	0.697431056468	0.712488410701	0.684710799897	0.697333287078	0.703558853172	0.696923070669	0.710087285011	0.726722709858	0.710524550023	0.702483422367	0.688450913963	0.698716799196
AC7	0.686640236233	0.709712431754	0.744267190429	0.703187102462	0.700043198414	0.702378247525	0.712316372669	0.703614278353	0.716360241338	0.709032922965	0.678657083431	0.716642152316	0.689513490192	0.712592926178	0.71941624333	0.705697187851	0.656612326457	0.636621785101	0.744332056742	0.654933370391	0.0	0.504379151796	0.67622716543	0.682957920464	0.692267461552	0.674098156023	0.695263629377	0.566218962465	0.638480514753	0.640501652333	0.655848563736	0.647533281684	0.712457143604	0.687591280071	0.724839696601	0.747429100681	0.706794708206	0.714441712568	0.712674460698	0.726439805883	0.729324973861	0.702573086064	0.713712892691	0.722501397961	0.700229460981	0.693800866021	0.749085395233	0.742399364535	0.699657465122	0.737149415927	0.748099137797	0.740750454136	0.703399978856	0.697817802437	0.691391562979	0.699773705679	0.746400931836	0.737962275007	0.741713075031	0.733042178925	0.700929083957	0.747348407822
AC8	0.684579177624	0.684040739833	0.747104968248	0.686965598313	0.707467930595	0.682889878074	0.679697048714	0.678942046449	0.718570040794	0.67024291864	0.706106616026	0.703466238623	0.701128725599	0.700732328441	0.712477058578	0.690096264289	0.671873558075	0.651510639002	0.766906364029	0.639778929659	0.504379151796	0.0	0.685909516248	0.658234684024	0.707605326451	0.649493640805	0.509171075154	0.395660088409	0.629296809181	0.62946198595	0.699292753278	0.640462919258	0.707181642026	0.66617592229	0.716017139678	0.720710762422	0.693738904184	0.685123306328	0.690295315661	0.716376004373	0.695520226204	0.685861288125	0.686450794238	0.704092228773	0.687149346484	0.667196538595	0.731810710053	0.6999784937	0.685067095589	0.697997094549	0.691989940623	0.689073711292	0.682649722756	0.670309341575	0.675019947417	0.661461879345	0.700105180769	0.692665354099	0.715722273669	0.696540360623	0.688277688235	0.69357791575
AD7	0.667757423094	0.675615928093	0.724705776388	0.689363744537	0.710679825977	0.698243282759	0.714513805982	0.681683248506	0.661754694179	0.704421086097	0.66977567609	0.710018296719	0.681249667705	0.695003149441	0.672645692695	0.675286772796	0.659895115018	0.676577762118	0.773386423959	0.673680948205	0.67622716543	0.685909516248	0.0	0.468019637453	0.701263731264	0.516131436457	0.65764254157	0.677202411349	0.647620574351	0.654084512987	0.701639642138	0.664442456696	0.660889655148	0.692714215255	0.713821320767	0.719024740793	0.681600788819	0.677303803369	0.692729975013	0.710668720015	0.712092332755	0.673568974368	0.684250753712	0.69622969905	0.699152383426	0.691444519683	0.708929967322	0.702933259342	0.6743074268	0.711972365407	0.687995492241	0.707715544766	0.68495442175	0.683046901291	0.668935607261	0.700159831206	0.697486335931	0.729421944451	0.696801359308	0.696081724027	0.67523452198	0.712242317975
AD8	0.697781573216	0.686614766552	0.757674418734	0.688398259695	0.717611844167	0.70625780558	0.701733830866	0.677698275388	0.683307800847	0.688043230052	0.701980654297	0.724453992772	0.682308209139	0.717070400939	0.695680080715	0.681754355487	0.685501686578	0.676505482827	0.79505396009	0.671007419518	0.682957920464	0.658234684024	0.468019637453	0.0	0.599580022066	0.414225233398	0.641556876544	0.659178878684	0.643210945228	0.647761584676	0.703075732779	0.662969517554	0.685284812533	0.687630529287	0.72731738104	0.723150989753	0.688293148876	0.687703627798	0.69224934356	0.71259655213	0.706362837415	0.688632994075	0.694189968614	0.694660437491	0.691658584145	0.68261696155	0.717752508384	0.701431069135	0.681363060256	0.714572463991	0.690209765006	0.706714836304	0.685890280757	0.665401699762	0.660755805787	0.687893376514	0.705834756211	0.725452275082	0.707173603482	0.698795115129	0.694526732075	0.709548203397
AE7	0.715982763061	0.725017944988	0.729536546495	0.72484186853	0.710078546643	0.750418796895	0.72027994892	0.724075120023	0.742495655926	0.725428153045	0.765438030085	0.743973918255	0.734288067998	0.721465093659	0.729136399702	0.732151020554	0.693291646014	0.697874353978	0.749285261512	0.673340496934	0.692267461552	0.707605326451	0.701263731264	0.599580022066	0.0	0.511219666928	0.694834997784	0.701664441157	0.685607134709	0.683089955245	0.732663335733	0.693488960106	0.737535701977	0.750420837092	0.733450311544	0.759071220257	0.735777749383	0.731706386705	0.749193535466	0.764121576233	0.764072565254	0.73525481793	0.726565604558	0.749327535329	0.755035215105	0.756859565301	0.767130553866	0.776626895416	0.72549415239	0.76097537026	0.753352857126	0.778044717502	0.744052035519	0.748461848015	0.743193137697	0.750751712184	0.779136119755	0.790849525305	0.779579254312	0.767370187047	0.75860173583	0.770089539462
AE8	0.699299120434	0.678392570539	0.761613290541	0.695009076198	0.703642747322	0.696386600995	0.679159909849	0.677412704787	0.702240753775	0.676959934823	0.711474855572	0.717623403226	0.699700974584	0.718234342147	0.693481848282	0.680136483048	0.687727287999	0.682272581739	0.783655423308	0.659455534974	0.674098156023	0.649493640805	0.516131436457	0.414225233398	0.511219666928	0.0	0.646311583878	0.647909319422	0.653943726621	0.647194816259	0.711284224087	0.661311963249	0.695238552822	0.692241222093	0.714905054917	0.724708124632	0.706125065092	0.686900050088	0.694960411272	0.722981688783	0.715360468989	0.701376503623	0.697469211514	0.70751863949	0.698069192715	0.693506585321	0.721620183337	0.712777549103	0.685193273191	0.718188380582	0.707059849531	0.708186481223	0.678417240466	0.67898332421	0.684858388977	0.680390536404	0.706260956946	0.720621830788	0.706911909356	0.707740187891	0.706096694154	0.700107555524
AF7	0.658665629765	0.650980223391	0.705617328608	0.65926273674	0.719662101462	0.68388311584	0.698216829752	0.670542872316	0.680773316422	0.686112782823	0.692178790723	0.707882904728	0.672060829786	0.669432649803	0.669387469792	0.657686143108	0.655443487057	0.670776613101	0.772961962548	0.673873620648	0.695263629377	0.509171075154	0.65764254157	0.641556876544	0.694834997784	0.646311583878	0.0	0.455365935218	0.647759757319	0.646792128888	0.71633150942	0.658461721237	0.671553547103	0.701737840547	0.694169030654	0.692692244107	0.672813886465	0.663667020948	0.671400854121	0.70450098003	0.689570488564	0.667667456298	0.665288416858	0.681796359316	0.718254068649	0.696741892897	0.700367751988	0.697819688468	0.659116739167	0.701495940012	0.667875800996	0.68861641273	0.687622480442	0.674703884322	0.673930214267	0.678432510798	0.681733833962	0.701358740739	0.695186152321	0.690295990482	0.675020169718	0.670095673002
AF8	0.684388718755	0.660349413813	0.746774153805	0.687265427849	0.705436421279	0.680872603927	0.673853760261	0.650951699225	0.721160347424	0.661833640217	0.708173156551	0.70072025124	0.714047243084	0.700706881911	0.704050736475	0.674950260773	0.673072019693	0.635668061649	0.775881532019	0.643695516048	0.566218962465	0.395660088409	0.677202411349	0.659178878684	0.701664441157	0.647909319422	0.455365935218	0.0	0.647252581541	0.620820063876	0.70471805255	0.631131292979	0.692424088245	0.666304563873	0.706962895058	0.716548667277	0.694107657486	0.666632738875	0.671281084043	0.706695336142	0.682931048718	0.690772751117	0.688016862059	0.705918287494	0.693700225824	0.674993658301	0.727364994731	0.694752849389	0.672497279285	0.683678502387	0.690143419211	0.683297684051	0.676343987331	0.65821964484	0.674968924615	0.656291397848	0.689807865948	0.686728389769	0.713555410826	0.692662500431	0.686802112083	0.682272360457
AG7	0.681235754965	0.688229511281	0.697354090853	0.66993608359	0.693743527712	0.700551968683	0.700553959287	0.669548773288	0.666900069199	0.672286202221	0.679886887995	0.698663764422	0.686593257162	0.686099542572	0.696442098442	0.679615143515	0.666280508691	0.664188084261	0.741304378473	0.489163419554	0.638480514753	0.629296809181	0.647620574351	0.643210945228	0.685607134709	0.653943726621	0.647759757319	0.647252581541	0.0	0.454168495549	0.684535374318	0.63555810356	0.681781683578	0.702023908186	0.693717073506	0.694777234108	0.664678108567	0.670601436096	0.675544042982	0.701059371506	0.693024684543	0.676065918933	0.671339712391	0.674166797899	0.700495404469	0.69077053056	0.724083823819	0.708231419834	0.67989834884	0.716138008032	0.683476361825	0.706100203368	0.656618475259	0.690623411494	0.676327598348	0.685630877306	0.704371444293	0.728336778637	0.689667839901	0.701589083227	0.671883119896	0.701617701515
AG8	0.67591261945	0.681739411151	0.725132605276	0.687927205728	0.68004582616	0.670424695756	0.671217559315	0.647641222867	0.669807152113	0.655389578512	0.678582588572	0.670961048845	0.701993329971	0.690557599042	0.690346401443	0.68503988596	0.667457207546	0.649602952284	0.653040552482	0.412016914093	0.640501652333	0.62946198595	0.654084512987	0.647761584676	0.683089955245	0.647194816259	0.646792128888	0.620820063876	0.454168495549	0.0	0.687039431876	0.612318695689	0.676109216136	0.680185496523	0.682823676856	0.689497620961	0.644369905037	0.636878517369	0.65310879192	0.685853700973	0.664809723483	0.645036928048	0.648176649756	0.674229727614	0.678444605846	0.676888537695	0.714300379408	0.676564006682	0.663439715675	0.687268383583	0.687615232726	0.691675608594	0.663655791784	0.671361058033	0.673967667787	0.673611808517	0.683613863594	0.708780977393	0.67667406635	0.679721901215	0.669359459507	0.675352616096
AH7	0.73235046816	0.743895432038	0.772421232834	0.748843357486	0.742823354374	0.740502997472	0.724739320849	0.728441220225	0.729721957051	0.707990417321	0.711592456266	0.737652863888	0.730067029741	0.747237998181	0.753039596465	0.743380193632	0.706844147396	0.54377453022	0.762840078614	0.675377813525	0.655848563736	0.699292753278	0.701639642138	0.703075732779	0.732663335733	0.711284224087	0.71633150942	0.70471805255	0.684535374318	0.687039431876	0.0	0.52717875359	0.719658241202	0.762460688179	0.769855540462	0.775545587765	0.746776129089	0.735286282183	0.750873719681	0.759442892878	0.767148096525	0.719541119202	0.733477686236	0.761505150879	0.769247137266	0.759842660465	0.765184056148	0.741603686149	0.743294697027	0.779732092205	0.776821168053	0.785935511148	0.745123225553	0.738888606894	0.740114280867	0.74126277287	0.778086882787	0.790036677882	0.786000227332	0.768322633781	0.756368533386	0.767219790094
AH8	0.683423011223	0.674624289049	0.758875115928	0.704428494836	0.700473146755	0.688964608817	0.686539938526	0.658205881435	0.686560145111	0.667381424043	0.687537926166	0.695180572685	0.696646008307	0.702247984505	0.690917150598	0.683295422821	0.544769249009	0.419750891126	0.772895445263	0.61755584922	0.647533281684	0.640462919258	0.664442456696	0.662969517554	0.693488960106	0.661311963249	0.658461721237	0.631131292979	0.63555810356	0.612318695689	0.52717875359	0.0	0.672936034016	0.697288786848	0.708669800342	0.722161853737	0.676178206443	0.679682448363	0.657313363595	0.6948253668	0.681384191597	0.684343014924	0.690347935645	0.710349663422	0.701626501761	0.690612744251	0.706717216793	0.683873443817	0.698525836129	0.720415767013	0.706553775611	0.720383096486	0.681767642121	0.683640769165	0.67046711503	0.689349105923	0.718850127339	0.728792158611	0.734128426505	0.708728614364	0.685732794612	0.698070723322
AA5	0.645649396311	0.667898013647	0.714612625729	0.695401399409	0.667900376014	0.665423533932	0.712206776497	0.675961056383	0.643533234328	0.711631914073	0.645227493079	0.670749178925	0.675629772858	0.698432422864	0.677691095449	0.676524279547	0.658346625459	0.675721728847	0.783313286755	0.691921522771	0.712457143604	0.707181642026	0.660889655148	0.685284812533	0.737535701977	0.695238552822	0.671553547103	0.692424088245	0.681781683578	0.676109216136	0.719658241202	0.672936034016	0.0	0.603931725525	0.690026744561	0.693231233831	0.644390201236	0.625161725554	0.656809664387	0.692372698449	0.697492224881	0.64091477823	0.62221250701	0.665444328617	0.713745500793	0.675795634109	0.690131901874	0.699147706814	0.686401112904	0.69506048652	0.691703619414	0.70075549745	0.668002556463	0.701921363028	0.669104085875	0.697449432102	0.663176881701	0.707271925145	0.66853307262	0.703323929325	0.655871829759	0.699942053025
AA6	0.685400005811	0.683718963535	0.777371467812	0.719807423188	0.690484378536	0.662607623834	0.679539150561	0.66336654538	0.712217313696	0.675916362959	0.684538824057	0.671607642125	0.710381332624	0.724928493872	0.723005331474	0.689076872787	0.720470199911	0.714949407179	0.793197985307	0.693003061165	0.687591280071	0.66617592229	0.692714215255	0.687630529287	0.750420837092	0.692241222093	0.701737840547	0.666304563873	0.702023908186	0.680185496523	0.762460688179	0.697288786848	0.603931725525	0.0	0.699238315606	0.694061922011	0.674485572053	0.660896728691	0.66578437188	0.690975372643	0.669965050951	0.689944959991	0.662419305851	0.694552155219	0.457224673857	0.430472720118	0.697287082125	0.685119506428	0.676658115669	0.680203002851	0.689081864706	0.666418284888	0.678538927263	0.686590200363	0.69645066922	0.69539344447	0.681880037605	0.687386048268	0.677302746195	0.683579105774	0.660383106131	0.687867404883
AB5	0.673617118515	0.673221323507	0.696274748703	0.693072639268	0.696889298061	0.677207518171	0.674825303004	0.665486494272	0.694561832505	0.681184162113	0.679586699454	0.676991939498	0.693482218816	0.67869228381	0.683573851205	0.671172541098	0.699052778618	0.716255319723	0.772402516424	0.680631701862	0.724839696601	0.716017139678	0.713821320767	0.72731738104	0.733450311544	0.714905054917	0.694169030654	0.706962895058	0.693717073506	0.682823676856	0.769855540462	0.708669800342	0.690026744561	0.699238315606	0.0	0.446747541495	0.653984374282	0.668037289797	0.650430678616	0.644405881192	0.662602163679	0.673680557178	0.669553439361	0.662462953281	0.700182419709	0.690653437815	0.673540448934	0.712361957656	0.672566418259	0.713032104202	0.691031847984	0.685921057879	0.657756819053	0.685906267118	0.701286760451	0.682370844904	0.711877150088	0.698734264501	0.699341284578	0.707828257537	0.657967171188	0.691707478122
AB6	0.691487830858	0.682895713016	0.743788064562	0.706748564606	0.699784129128	0.671109750487	0.68324442887	0.671613991656	0.725377481774	0.686611569351	0.686930264624	0.676525134643	0.718211618091	0.715867021267	0.707414003696	0.676092462637	0.725658073327	0.726725582517	0.807591143125	0.698325427484	0.747429100681	0.720710762422	0.719024740793	0.723150989753	0.759071220257	0.724708124632	0.692692244107	0.716548667277	0.694777234108	0.689497620961	0.775545587765	0.722161853737	0.693231233831	0.694061922011	0.446747541495	0.0	0.674709893476	0.658816784881	0.660513760405	0.658223645566	0.65731970578	0.693365333689	0.671658712836	0.564867962887	0.689773365393	0.683260798338	0.682631025583	0.702628669884	0.683240825994	0.69068070794	0.678356326371	0.68027830736	0.670202163352	0.684665524276	0.695911774491	0.686040644735	0.690760921886	0.690360614686	0.687045736257	0.679797404982	0.673076501151	0.684850442469
AC5	0.639964730412	0.651547846299	0.715442842732	0.681226085335	0.689114459292	0.671205022821	0.688252826766	0.662150770928	0.661975237931	0.684373308052	0.662782900721	0.679791847074	0.685005476439	0.687951046074	0.680410624463	0.670315724972	0.673979707338	0.696577558069	0.771182263822	0.689419687569	0.706794708206	0.693738904184	0.681600788819	0.688293148876	0.735777749383	0.706125065092	0.672813886465	0.694107657486	0.664678108567	0.644369905037	0.746776129089	0.676178206443	0.644390201236	0.674485572053	0.653984374282	0.674709893476	0.0	0.49264579903	0.629300930305	0.656667632393	0.670660817275	0.653518263835	0.591343841276	0.658491421084	0.660327667289	0.656956920343	0.652625633187	0.683064742312	0.645114942163	0.680245692575	0.657038452923	0.651259279553	0.640214643703	0.670770137813	0.642471991174	0.663784622556	0.64962705172	0.672437654549	0.651052876476	0.688259604661	0.641298252816	0.674297676924
AC6	0.641031665323	0.635844643062	0.731681622248	0.668254740257	0.644388327268	0.61913148137	0.6627893844	0.640306150321	0.687979122109	0.655516654568	0.653751363097	0.628910551853	0.671023519099	0.668124580346	0.663866179617	0.633870697129	0.67218751995	0.680376134032	0.761122538315	0.66446953342	0.714441712568	0.685123306328	0.677303803369	0.687703627798	0.731706386705	0.686900050088	0.663667020948	0.666632738875	0.670601436096	0.636878517369	0.735286282183	0.679682448363	0.625161725554	0.660896728691	0.668037289797	0.658816784881	0.49264579903	0.0	0.628612729973	0.648707905658	0.64981992281	0.518223253998	0.452487686174	0.633097112094	0.676242128286	0.662997472767	0.659908965784	0.666958884287	0.647987483073	0.637283954025	0.656483417606	0.655585000171	0.659252721734	0.666888194212	0.658716343542	0.670695740433	0.625402258106	0.664203940061	0.642834238672	0.654711053223	0.657708109671	0.661090986554
AD6	0.643823614735	0.626440621205	0.759669235689	0.668045028716	0.671493573358	0.653549262306	0.599674280005	0.618972187921	0.663141070207	0.615911885552	0.67485460189	0.65056473427	0.688833668495	0.685410578573	0.680341352494	0.629103671454	0.691436086162	0.707004867239	0.783610661486	0.673234065234	0.712674460698	0.690295315661	0.692729975013	0.69224934356	0.749193535466	0.694960411272	0.671400854121	0.671281084043	0.675544042982	0.65310879192	0.750873719681	0.657313363595	0.656809664387	0.66578437188	0.650430678616	0.660513760405	0.629300930305	0.628612729973	0.0	0.540867647833	0.433624601755	0.636978965097	0.642090844307	0.671474899425	0.659317949978	0.656866951889	0.667009884216	0.65796919944	0.655829026509	0.652029720653	0.678789072922	0.662443372056	0.635817586865	0.654480815586	0.656472845793	0.651744874525	0.655103026743	0.690863141026	0.658877031171	0.637111393075	0.636440667983	0.649958954499
AE5	0.680205924093	0.661133338954	0.744614648758	0.686737510949	0.654186067632	0.665338787896	0.651356696442	0.646341827039	0.692008218922	0.654037547222	0.678193468062	0.663887299248	0.691606895916	0.683434264337	0.684840328474	0.676093165238	0.740608304032	0.724095085433	0.791455157073	0.683395774573	0.726439805883	0.716376004373	0.710668720015	0.71259655213	0.764121576233	0.722981688783	0.70450098003	0.706695336142	0.701059371506	0.685853700973	0.759442892878	0.6948253668	0.692372698449	0.690975372643	0.644405881192	0.658223645566	0.656667632393	0.648707905658	0.540867647833	0.0	0.395365446943	0.664999001098	0.65569445364	0.674543101015	0.676109578573	0.681232555791	0.682507009593	0.682113462582	0.656514743322	0.65257467607	0.668418828559	0.684714831816	0.649299763688	0.643169356901	0.660384593978	0.665905257743	0.667551092459	0.700671826284	0.652678113265	0.653423067254	0.64623496215	0.657971768975
AE6	0.676426659512	0.640834824914	0.777932314404	0.679761261229	0.676354834563	0.651432961871	0.621381499939	0.620707911486	0.693382521287	0.627684013736	0.686414129854	0.67025070518	0.699615750239	0.704163509735	0.680390631683	0.64779957966	0.725905724491	0.710089511543	0.804028793462	0.680651335948	0.729324973861	0.695520226204	0.712092332755	0.706362837415	0.764072565254	0.715360468989	0.689570488564	0.682931048718	0.693024684543	0.664809723483	0.767148096525	0.681384191597	0.697492224881	0.669965050951	0.662602163679	0.65731970578	0.670660817275	0.64981992281	0.433624601755	0.395365446943	0.0	0.660357447204	0.661483957531	0.673454791323	0.666349263931	0.660931443569	0.683090302343	0.661130046805	0.641689472028	0.642192335555	0.679613998068	0.675722068955	0.646340871367	0.620421134099	0.664001109123	0.649344702803	0.66495800896	0.684654569295	0.663418004088	0.632100170355	0.653219351605	0.643013245096
AF5	0.671856015454	0.651223453282	0.712489768821	0.6523763245	0.649501351934	0.638775798607	0.67259279723	0.655187537228	0.660894806989	0.677788175898	0.668052377572	0.640094285947	0.652784349992	0.658421301527	0.663013345262	0.664699788078	0.675821502172	0.692825882687	0.729638401926	0.658779341141	0.702573086064	0.685861288125	0.673568974368	0.688632994075	0.73525481793	0.701376503623	0.667667456298	0.690772751117	0.676065918933	0.645036928048	0.719541119202	0.684343014924	0.64091477823	0.689944959991	0.673680557178	0.693365333689	0.653518263835	0.518223253998	0.636978965097	0.664999001098	0.660357447204	0.0	0.467289918747	0.651810712002	0.69939513491	0.692733993994	0.703632556883	0.682644723576	0.652776883628	0.668921154792	0.690050715294	0.705023847851	0.672767980933	0.688590157398	0.673874359913	0.70014112474	0.658534969551	0.70656027631	0.662397859828	0.655855196592	0.66208054585	0.688920823881
AF6	0.651167235253	0.639208403554	0.705833628887	0.667485165238	0.630176188019	0.631137820331	0.66150890354	0.65667532698	0.687962969489	0.669780074643	0.662890094745	0.631230241121	0.668151729021	0.653792176451	0.670553845367	0.655367853154	0.690899993675	0.698729179187	0.735750148808	0.662541064431	0.713712892691	0.686450794238	0.684250753712	0.694189968614	0.726565604558	0.697469211514	0.665288416858	0.688016862059	0.671339712391	0.648176649756	0.733477686236	0.690347935645	0.62221250701	0.662419305851	0.669553439361	0.671658712836	0.591343841276	0.452487686174	0.642090844307	0.65569445364	0.661483957531	0.467289918747	0.0	0.643333974585	0.693157213398	0.681021429912	0.666293465414	0.671484859194	0.65411406931	0.659649155192	0.679659073851	0.69089877122	0.665998196649	0.680402533408	0.673547230067	0.687708279622	0.657051357118	0.702047364254	0.64522071238	0.66494836074	0.648360350962	0.673325971757
