	AA3	AA4	AB3	AB4	AC3	AC4	AD3	AD4	AE3	AE4	AF3	AF4	AG3	AG4	AH3	AH4	AA7	AA8	AB7	AB8	AC7	AC8	AD7	AD8	AE7	AE8	AF7	AF8	AG7	AG8	AH7	AH8	AA5	AA6	AB5	AB6	AC5	AC6	AD6	AE5	AE6	AF5	AF6	AG5	AH5	AH6	AA1	AA2	AB1	AB2	AC1	AC2	AD1	AD2	AE1	AE2	AF1	AF2	AG1	AG2	AH1	AH2
AA3	0.0	0.502799475413	0.670797444354	0.627345783756	0.674051436222	0.667656351708	0.682878311858	0.685855804096	0.665329776028	0.691996788776	0.644424893565	0.671923009071	0.644602040881	0.612268660509	0.692260677781	0.486319477492	0.672671051694	0.683468942454	0.752505458411	0.689858315642	0.687122610751	0.670694176627	0.670234563974	0.688716133732	0.723961262655	0.703535928443	0.674349207486	0.678734211089	0.684109059389	0.666606729217	0.735287142811	0.687008563801	0.634148822912	0.685552935525	0.668630980606	0.669786398793	0.634418675263	0.653998502301	0.66928641111	0.67756645865	0.68524314133	0.678605538711	0.650942566314	0.669018927807	0.700525557806	0.697045840415	0.643637971335	0.694006131346	0.630259488949	0.688174480151	0.677752813253	0.674528589463	0.628138805862	0.649261276309	0.66198162987	0.650538644444	0.651957740337	0.68365882662	0.66380855385	0.682194282423	0.644540504681	0.660879428414
AA4	0.502799475413	0.0	0.694381235209	0.637445664202	0.665791132412	0.649791458032	0.651561199321	0.670984316055	0.689622549633	0.657990007245	0.657500536663	0.667091533942	0.677637167387	0.641458165956	0.513407431809	0.38347283865	0.676604682901	0.679120992456	0.781216546454	0.689468710888	0.713794577534	0.660060995336	0.692194127598	0.703640245272	0.733248223702	0.696844804209	0.650054812235	0.647434864844	0.688123668698	0.658589889046	0.748624773411	0.697898397572	0.67535413977	0.680018049938	0.661253336976	0.642944334932	0.657828847385	0.648465177763	0.648451280083	0.666569121916	0.66803674453	0.67009821217	0.653179994657	0.668442273922	0.6863300865	0.68342752061	0.642873983293	0.655735058586	0.651504694255	0.66594455273	0.671899177781	0.669204355963	0.646704840042	0.645705596553	0.668135584973	0.639580002677	0.646600605696	0.63937972754	0.660482904496	0.666397301771	0.638387244598	0.637339517644
AB3	0.670797444354	0.694381235209	0.0	0.654801896819	0.701416048166	0.74696728601	0.734242220275	0.728079979519	0.711502550509	0.750302733455	0.710003405604	0.740318128803	0.712990209303	0.555990123662	0.69575702301	0.703370632251	0.703802300297	0.728877956849	0.686704036837	0.688148468058	0.708815718266	0.718979989943	0.717086177046	0.731980202427	0.684481305382	0.718550829703	0.701060686963	0.724457122578	0.693219745598	0.703592009098	0.73410748177	0.725600019415	0.695357184357	0.772711798905	0.711366151968	0.732908826612	0.717296907261	0.709315203281	0.754041235858	0.742230480798	0.768788765099	0.70548294044	0.697109809377	0.73018824704	0.775899203895	0.79087295881	0.741757118364	0.75377036257	0.699007947839	0.763068500105	0.744240658732	0.767577420321	0.733287512497	0.755047160078	0.729869169007	0.748920570946	0.744894959799	0.770892737393	0.758521869248	0.760387954249	0.716914756853	0.752897922936
AB4	0.627345783756	0.637445664202	0.654801896819	0.0	0.674252501171	0.684630266217	0.692219351791	0.67994005886	0.678745565302	0.690303191047	0.658183516132	0.684065280341	0.407515701984	0.440556862028	0.67545555769	0.645293974604	0.698354881436	0.683854017307	0.742082132112	0.656694794491	0.686403170782	0.683519566513	0.689470400945	0.694649542373	0.727092126406	0.6943096166	0.663905599821	0.689532109268	0.678151006175	0.669668236683	0.736614840708	0.705870957062	0.681613350321	0.700126030301	0.672687901277	0.661579982691	0.657464889305	0.643299372213	0.670073048941	0.675102512965	0.687844180624	0.646684801613	0.630303656402	0.674397936639	0.704370932839	0.711508345545	0.671564675162	0.686744864662	0.615522027689	0.668569376467	0.696728174816	0.695563697896	0.649200998403	0.661363428137	0.665226166506	0.668450140411	0.678103187499	0.697954708749	0.679939951331	0.657733897051	0.661062533806	0.6905591838
AC3	0.674051436222	0.665791132412	0.701416048166	0.674252501171	0.0	0.508450470682	0.660700407028	0.653455301392	0.671450871529	0.651115401686	0.679369258782	0.440285359606	0.697570507407	0.690350426253	0.683875500973	0.64999062379	0.686687224787	0.675188008199	0.752913356238	0.661374411894	0.705229348569	0.689583840937	0.719496135031	0.719330079175	0.71634793285	0.694405116741	0.712527471671	0.695745513086	0.706807311169	0.686518477956	0.736758983775	0.687481371318	0.663219112708	0.701349098638	0.690482503571	0.688857757053	0.685605340853	0.674452746512	0.662051392649	0.651505650818	0.653102013008	0.645083116326	0.642939301065	0.681121591271	0.705675494541	0.71428243387	0.70600591208	0.705191232524	0.698937292583	0.675788667728	0.67745253019	0.707973018529	0.68174526244	0.686446755321	0.665244432906	0.680658860209	0.694740427653	0.702387632005	0.694197666172	0.659970707038	0.689767267442	0.698756442798
AC4	0.667656351708	0.649791458032	0.74696728601	0.684630266217	0.508450470682	0.0	0.651379778689	0.655106430026	0.670025131407	0.638703023191	0.520119038125	0.397752644509	0.696724062309	0.68861304124	0.691686959228	0.645661495771	0.704923091172	0.675168740606	0.77217485351	0.675278527369	0.708544275613	0.684481629287	0.705408221075	0.705049198799	0.752114887185	0.705189339447	0.702685392686	0.688391889535	0.714047723111	0.680575979278	0.742197798049	0.702053291551	0.662866199867	0.647999223546	0.657637185641	0.674782196601	0.664341634937	0.655353322978	0.641276468481	0.642034154862	0.653969229582	0.681381663818	0.639817121447	0.675997608507	0.672700306497	0.670766697496	0.705802168717	0.700978032183	0.700628559768	0.669235795919	0.691668968812	0.685700706675	0.664833978588	0.690244280888	0.681554197267	0.674922061419	0.664619985583	0.669798956802	0.676105054293	0.673872798658	0.66774836955	0.68930335259
AD3	0.682878311858	0.651561199321	0.734242220275	0.692219351791	0.660700407028	0.651379778689	0.0	0.427407148258	0.693153068406	0.361342340171	0.707512665912	0.657936510471	0.713769003144	0.673103501495	0.69730103777	0.65324376224	0.708237212273	0.687022383576	0.764229246587	0.665930408079	0.713921918785	0.670501199023	0.707293778802	0.693049252735	0.725073634211	0.68979502859	0.691195966183	0.678736817077	0.708398427268	0.662047667572	0.759999242396	0.698794096357	0.704392763595	0.671372687611	0.661875266358	0.663203467536	0.670729540833	0.664665713639	0.611581479293	0.641555550459	0.626843248562	0.676121360689	0.657891010196	0.69313615131	0.689387083917	0.695204339039	0.691933075937	0.675201180648	0.679030882499	0.65411562652	0.686701313627	0.66648042257	0.667250641413	0.670423909596	0.680122879343	0.657901479008	0.670157704759	0.663199253233	0.677445607514	0.658033964461	0.695303096751	0.647655433321
AD4	0.685855804096	0.670984316055	0.728079979519	0.67994005886	0.653455301392	0.655106430026	0.427407148258	0.0	0.617047122228	0.422037895799	0.699721429922	0.654068648105	0.70699513817	0.687563148662	0.706674484853	0.670846248117	0.687789718925	0.667057209779	0.773567257203	0.648318382252	0.706336741032	0.663981315271	0.692757585529	0.675496336506	0.728532938575	0.683744727665	0.67952095408	0.677528837468	0.671827916369	0.650507161034	0.706346342372	0.674603336156	0.695658450142	0.684500934556	0.6840361267	0.653295452025	0.674592811327	0.667757592729	0.635360493216	0.6485768092	0.634286560942	0.675716309979	0.663241892691	0.681859682162	0.683296168789	0.693896105858	0.692288557494	0.676789512959	0.675771708185	0.665370845573	0.683920474377	0.675148681852	0.674458651883	0.66914653125	0.673349622198	0.670109412368	0.697758106695	0.669307153526	0.686442530054	0.663217535444	0.680083189059	0.659041684728
AE3	0.665329776028	0.689622549633	0.711502550509	0.678745565302	0.671450871529	0.670025131407	0.693153068406	0.617047122228	0.0	0.634674617046	0.671770251239	0.671192128324	0.67845128822	0.700010669591	0.704869633494	0.677638717881	0.667853667331	0.682004138614	0.757839306449	0.685660924501	0.731153795453	0.72253873227	0.69455422875	0.701196266361	0.74874418448	0.716081992849	0.679664678267	0.704080077576	0.691115805159	0.672835847227	0.736737465442	0.715256368102	0.6510663535	0.697953070505	0.696086907822	0.710986708068	0.656784888286	0.697337766053	0.683930996668	0.693012190708	0.704786655028	0.687705346819	0.694421736138	0.690494004719	0.750539275189	0.748531040294	0.706482101943	0.718749811966	0.709321678628	0.730744319658	0.721136272011	0.733178669272	0.695967856582	0.709269302799	0.673630230769	0.71970693667	0.704422952456	0.723569107854	0.717216530739	0.71796990089	0.66932218331	0.728069690446
AE4	0.691996788776	0.657990007245	0.750302733455	0.690303191047	0.651115401686	0.638703023191	0.361342340171	0.422037895799	0.634674617046	0.0	0.698089838668	0.636990374148	0.707274980528	0.688032030352	0.701389080495	0.652481718428	0.712154049115	0.683138719467	0.771707459037	0.653150586333	0.719148983922	0.67570389306	0.710241526043	0.691098964025	0.727353801965	0.679631522393	0.678383468047	0.673787226507	0.679758373677	0.637930689	0.744518042702	0.69724443163	0.697488547848	0.665592452725	0.677682498136	0.668871240326	0.683394985982	0.666873178357	0.612015789111	0.641531932164	0.598825505796	0.664471808744	0.658459983893	0.664984440475	0.697379030521	0.683112723311	0.690725016681	0.667416952912	0.687725729293	0.656821218149	0.689018382131	0.684138787474	0.683525273239	0.662431311782	0.679012518747	0.665387805099	0.668010821108	0.665797310946	0.679142140498	0.65613646698	0.699992312193	0.654975867
AF3	0.644424893565	0.657500536663	0.710003405604	0.658183516132	0.679369258782	0.520119038125	0.707512665912	0.699721429922	0.671770251239	0.698089838668	0.0	0.535896716889	0.68052220462	0.669542044947	0.680740764045	0.661405698972	0.682071693791	0.687386084993	0.752729160251	0.683457539363	0.688666672308	0.703248908157	0.684223854996	0.7020930899	0.761140290643	0.719880887535	0.697697522096	0.721073054794	0.69645662998	0.682166917464	0.724204924804	0.696978605797	0.643258662904	0.687324458053	0.666718290606	0.67932289001	0.656321547862	0.663950948605	0.670857210953	0.661389322112	0.686396323966	0.67898866892	0.658588960634	0.678118758251	0.696344182579	0.698229788491	0.703801613341	0.72514907981	0.686963627547	0.711275423408	0.718439681087	0.718855078247	0.69356027788	0.711458365779	0.692961378444	0.714641019019	0.681030062767	0.709217933672	0.694496390258	0.704660383567	0.642991615183	0.710607465363
AF4	0.671923009071	0.667091533942	0.740318128803	0.684065280341	0.440285359606	0.397752644509	0.657936510471	0.654068648105	0.671192128324	0.636990374148	0.535896716889	0.0	0.693616926373	0.688528097352	0.700309801923	0.666198897012	0.705009995211	0.689137612046	0.767967348927	0.67458385441	0.708372040002	0.685667425626	0.715774521823	0.718820022177	0.743883943882	0.70224280321	0.70572796374	0.700397468767	0.711698554494	0.678565806128	0.763086374882	0.704514062559	0.669873986167	0.659892032449	0.672040829237	0.681532275921	0.667108257725	0.65876024696	0.654131423803	0.64255804982	0.643293273895	0.665479639042	0.645893471217	0.681925797124	0.688699556015	0.688540031191	0.705383193303	0.707014705977	0.70261333253	0.675729392939	0.670639066021	0.681753409876	0.671704949365	0.681914833371	0.681708753431	0.674006283283	0.688635748785	0.674100479315	0.685255520462	0.661707254427	0.662463337339	0.695845533615
AG3	0.644602040881	0.677637167387	0.712990209303	0.407515701984	0.697570507407	0.696724062309	0.713769003144	0.70699513817	0.67845128822	0.707274980528	0.68052220462	0.693616926373	0.0	0.498069177384	0.692749528181	0.669326459223	0.679700643176	0.683775074464	0.77042126967	0.682945713257	0.683232819344	0.694838471526	0.680264577634	0.685182429931	0.728391165641	0.699744881295	0.678739469076	0.713186104713	0.683473097497	0.691980837862	0.739315689689	0.692633008157	0.689054894041	0.71060753547	0.694939148945	0.685650055394	0.68868974451	0.672270081149	0.687591591225	0.689008209963	0.702352073376	0.669771003019	0.663949676543	0.687092538861	0.720828812953	0.719979192406	0.685506509556	0.709040182602	0.649214440879	0.692697874917	0.707129776495	0.715799903289	0.669959370903	0.672258322044	0.675643102382	0.681001394156	0.703479281968	0.711041742785	0.691484660278	0.67705685105	0.696120454683	0.714052011499
AG4	0.612268660509	0.641458165956	0.555990123662	0.440556862028	0.690350426253	0.68861304124	0.673103501495	0.687563148662	0.700010669591	0.688032030352	0.669542044947	0.688528097352	0.498069177384	0.0	0.672554571323	0.634309452651	0.704189503954	0.709750474341	0.746254769709	0.673694231503	0.683705400167	0.67059575401	0.697077260317	0.70411138508	0.712786981403	0.699626425262	0.660756862545	0.682299109944	0.679350394197	0.682590899313	0.746360258644	0.701248213522	0.673494752314	0.7124007733	0.662144455076	0.677534786408	0.665008213376	0.640661066211	0.673429206887	0.689000601994	0.706439902617	0.662811937098	0.638102256647	0.69091178995	0.721228227198	0.729482825572	0.686373877726	0.707103015878	0.642408609559	0.69001834288	0.706400382868	0.705707506655	0.669390919879	0.70541681024	0.712412187594	0.702217527573	0.681001217554	0.705408793025	0.690154378566	0.685020525063	0.678283003659	0.706079128898
AH3	0.692260677781	0.513407431809	0.69575702301	0.67545555769	0.683875500973	0.691686959228	0.69730103777	0.706674484853	0.704869633494	0.701389080495	0.680740764045	0.700309801923	0.692749528181	0.672554571323	0.0	0.573551438989	0.705559922965	0.698554762017	0.779370238518	0.711050906486	0.718285652592	0.69921087112	0.684201775441	0.698926298573	0.723096265775	0.694573431043	0.695151336443	0.6981486261	0.697098355334	0.700784460851	0.748998687682	0.713729717709	0.680286464074	0.732473086675	0.709800612388	0.694880617164	0.684270250851	0.686657792442	0.671627112745	0.691976259845	0.700368973777	0.693791152448	0.678270698417	0.697423645549	0.732357500676	0.731801794366	0.699064506782	0.702731491815	0.705347040769	0.718179828239	0.720882468012	0.745522599038	0.709675996404	0.707293443303	0.694066512953	0.70852430014	0.701277466495	0.731257282059	0.712263666261	0.713320699873	0.684687313209	0.70482842148
AH4	0.486319477492	0.38347283865	0.703370632251	0.645293974604	0.64999062379	0.645661495771	0.65324376224	0.670846248117	0.677638717881	0.652481718428	0.661405698972	0.666198897012	0.669326459223	0.634309452651	0.573551438989	0.0	0.69336209317	0.672433691424	0.774713548389	0.673859095766	0.717473194905	0.667570385796	0.681678592776	0.696741265874	0.732324801885	0.680005842604	0.65016392735	0.655749251667	0.684497177824	0.655506229544	0.744850597918	0.702176521406	0.673305065878	0.684708220676	0.658730382967	0.659129838399	0.666280639385	0.65972852235	0.651011378356	0.677205073564	0.659967870645	0.668764489388	0.661339561743	0.664591896904	0.700436299867	0.691773938332	0.667778247526	0.663515875275	0.650909792295	0.668541246098	0.67190501374	0.67707209607	0.654316538988	0.65089191353	0.67592673785	0.641659204628	0.654983872203	0.65733080135	0.667229716047	0.673515310056	0.665502303498	0.637353671005
AA7	0.672671051694	0.676604682901	0.703802300297	0.698354881436	0.686687224787	0.704923091172	0.708237212273	0.687789718925	0.667853667331	0.712154049115	0.682071693791	0.705009995211	0.679700643176	0.704189503954	0.705559922965	0.69336209317	0.0	0.513263359722	0.76711548957	0.685017561722	0.671328088472	0.680932629674	0.668741550004	0.685332961008	0.704440547789	0.711962601079	0.660379495136	0.662368644483	0.692992613546	0.662493366909	0.719636243499	0.548865306984	0.662435286312	0.721236527211	0.706987002573	0.718571137035	0.674185828974	0.693348388297	0.704190891808	0.737423468547	0.733184457603	0.701692447094	0.703998518737	0.726824905986	0.730222900625	0.748049535091	0.727999315455	0.731150861884	0.714934056082	0.75277189826	0.730621189318	0.749031854624	0.703902081405	0.714133936382	0.689607182362	0.719175790856	0.718652667011	0.735506415429	0.737925496017	0.740516224163	0.702543031219	0.716910401024
AA8	0.683468942454	0.679120992456	0.728877956849	0.683854017307	0.675188008199	0.675168740606	0.687022383576	0.667057209779	0.682004138614	0.683138719467	0.687386084993	0.689137612046	0.683775074464	0.709750474341	0.698554762017	0.672433691424	0.513263359722	0.0	0.765445447628	0.647754271894	0.640627269293	0.653966771558	0.675520022504	0.676784635803	0.705225191726	0.690430137957	0.654936032951	0.656040969528	0.660463680595	0.633388839039	0.565160246689	0.384284154666	0.679178170342	0.708174197558	0.704756598882	0.71442825714	0.693410870595	0.693179797975	0.701418247567	0.715349666476	0.710236656054	0.69515261996	0.688911046778	0.712360380873	0.713830186359	0.721495913	0.704926987253	0.702708299706	0.705414417362	0.717298015971	0.7117941231	0.727217195726	0.677219055071	0.675965200019	0.675746032642	0.670127692728	0.716448891744	0.711451274892	0.733628198763	0.714238214397	0.698756581007	0.697874692841
AB7	0.752505458411	0.781216546454	0.686704036837	0.742082132112	0.752913356238	0.77217485351	0.764229246587	0.773567257203	0.757839306449	0.771707459037	0.752729160251	0.767967348927	0.77042126967	0.746254769709	0.779370238518	0.774713548389	0.76711548957	0.765445447628	0.0	0.540501036891	0.735481916109	0.756793627569	0.776151921831	0.788737255424	0.738394727753	0.767846712068	0.772816412943	0.775717968736	0.739441317931	0.626800884556	0.755019919114	0.766358727461	0.76521990221	0.79453587609	0.77143287922	0.780268903247	0.756804342724	0.759048966988	0.780524905489	0.781379314166	0.793729213908	0.731900393697	0.731869897655	0.779680804481	0.789366693996	0.804332795269	0.820312232694	0.802365522662	0.772204302302	0.797700930981	0.810827725061	0.800378441163	0.783402080788	0.806071567003	0.779806980554	0.796208883028	0.782227376389	0.796014751405	0.801706644708	0.789095992709	0.791555171322	0.793734919406
AB8	0.689858315642	0.689468710888	0.688148468058	0.656694794491	0.661374411894	0.675278527369	0.665930408079	0.648318382252	0.685660924501	0.653150586333	0.683457539363	0.67458385441	0.682945713257	0.673694231503	0.711050906486	0.673859095766	0.685017561722	0.647754271894	0.540501036891	0.0	0.654856575161	0.638382299887	0.685359182158	0.661958751276	0.681208207607	0.648646164601	0.663976980834	0.665742459127	0.502661945714	0.407117595176	0.682575376438	0.646473236587	0.68595349125	0.693603772442	0.689599790299	0.686582677119	0.675832009613	0.667920412894	0.68026445645	0.687531224225	0.667032430348	0.667495349763	0.666686950511	0.687597257066	0.691543866186	0.698991267893	0.731970067926	0.703774322549	0.689495796176	0.704680271689	0.698724455908	0.730403547981	0.665713720117	0.682780870813	0.695580793875	0.683043111628	0.702276073734	0.710495611236	0.712989406243	0.694918092317	0.691075381118	0.698292799401
AC7	0.687122610751	0.713794577534	0.708815718266	0.686403170782	0.705229348569	0.708544275613	0.713921918785	0.706336741032	0.731153795453	0.719148983922	0.688666672308	0.708372040002	0.683232819344	0.683705400167	0.718285652592	0.717473194905	0.671328088472	0.640627269293	0.735481916109	0.654856575161	0.0	0.504540939561	0.684146128677	0.675954113704	0.6915143115	0.695490544913	0.683847590092	0.607773410589	0.642581524506	0.653739324172	0.661020979456	0.641126945263	0.70165408845	0.70795286459	0.723861968992	0.720746623216	0.703142629036	0.711991361288	0.700412462895	0.72932206853	0.73036907903	0.71595631696	0.722468725414	0.724918149106	0.690288396651	0.709388140492	0.75236764387	0.751737166953	0.707057304511	0.740605909975	0.751010033471	0.757536630924	0.69857907536	0.694420769844	0.699109017289	0.692225448113	0.740246439594	0.742346798806	0.745036880965	0.730733811474	0.708170591883	0.729913355848
AC8	0.670694176627	0.660060995336	0.718979989943	0.683519566513	0.689583840937	0.684481629287	0.670501199023	0.663981315271	0.72253873227	0.67570389306	0.703248908157	0.685667425626	0.694838471526	0.67059575401	0.69921087112	0.667570385796	0.680932629674	0.653966771558	0.756793627569	0.638382299887	0.504540939561	0.0	0.67750546208	0.649944416961	0.689495424095	0.647241792141	0.483741655979	0.423880808865	0.632166171124	0.616576895608	0.695348578756	0.635451208855	0.695213929987	0.674441961703	0.709707187798	0.686715406615	0.693311653697	0.680176390457	0.671631079761	0.691912812091	0.694060383609	0.700748135169	0.68482315138	0.68283286821	0.672125817057	0.6736650391	0.716206968926	0.693188290052	0.673229904095	0.690161545238	0.686069653149	0.694660523041	0.658301615118	0.652567181759	0.670949198786	0.64909323268	0.69050470022	0.673215180634	0.704634131253	0.691499366911	0.685184596881	0.676026785523
AD7	0.670234563974	0.692194127598	0.717086177046	0.689470400945	0.719496135031	0.705408221075	0.707293778802	0.692757585529	0.69455422875	0.710241526043	0.684223854996	0.715774521823	0.680264577634	0.697077260317	0.684201775441	0.681678592776	0.668741550004	0.675520022504	0.776151921831	0.685359182158	0.684146128677	0.67750546208	0.0	0.462337913304	0.702518203518	0.511434028321	0.674178006198	0.680181474824	0.664767572462	0.680623356245	0.703938171342	0.662427809286	0.649964836655	0.704928589306	0.719190144911	0.702451503047	0.691010956267	0.675089358046	0.697384058346	0.71212904719	0.704255893481	0.687501099424	0.671971099702	0.704083927577	0.708492503464	0.709552084061	0.702082861663	0.698535107507	0.685213882979	0.713779290958	0.706253892906	0.725368658058	0.67699968575	0.682285612682	0.661583844221	0.686273134482	0.692402180241	0.718630478612	0.711889593995	0.700152081472	0.671138605999	0.683589305999
AD8	0.688716133732	0.703640245272	0.731980202427	0.694649542373	0.719330079175	0.705049198799	0.693049252735	0.675496336506	0.701196266361	0.691098964025	0.7020930899	0.718820022177	0.685182429931	0.70411138508	0.698926298573	0.696741265874	0.685332961008	0.676784635803	0.788737255424	0.661958751276	0.675954113704	0.649944416961	0.462337913304	0.0	0.597984152406	0.410603907326	0.654878385257	0.660079849518	0.64259310625	0.65296472718	0.700408145884	0.659634365546	0.68358941634	0.710547335321	0.722849439394	0.706302875274	0.697144442287	0.68672681611	0.694394286909	0.711098882176	0.702719668741	0.699772471194	0.691933093004	0.701898259969	0.695158061978	0.704261556962	0.70345430703	0.695454781329	0.685614513731	0.707750621965	0.712048346089	0.732985138872	0.679938374141	0.676891528097	0.655864277079	0.676578282327	0.703577903064	0.726287277356	0.712142762936	0.697000201308	0.693044289412	0.696725554912
AE7	0.723961262655	0.733248223702	0.684481305382	0.727092126406	0.71634793285	0.752114887185	0.725073634211	0.728532938575	0.74874418448	0.727353801965	0.761140290643	0.743883943882	0.728391165641	0.712786981403	0.723096265775	0.732324801885	0.704440547789	0.705225191726	0.738394727753	0.681208207607	0.6915143115	0.689495424095	0.702518203518	0.597984152406	0.0	0.506399359836	0.710681912269	0.699195584931	0.685140261929	0.69820815066	0.732946086328	0.692986358346	0.728005273788	0.760019538999	0.744352766093	0.746586397915	0.733407506468	0.739101479704	0.751265676989	0.760400528836	0.761952264168	0.743784783597	0.729116336398	0.74536199177	0.746145303327	0.764953728878	0.765171561392	0.761166736779	0.726052251295	0.767815579937	0.755905954368	0.78809851419	0.733640560372	0.745381848207	0.733386498611	0.74049614347	0.771867583931	0.793302125372	0.777812395439	0.762567653053	0.758726754824	0.774744012456
AE8	0.703535928443	0.696844804209	0.718550829703	0.6943096166	0.694405116741	0.705189339447	0.68979502859	0.683744727665	0.716081992849	0.679631522393	0.719880887535	0.70224280321	0.699744881295	0.699626425262	0.694573431043	0.680005842604	0.711962601079	0.690430137957	0.767846712068	0.648646164601	0.695490544913	0.647241792141	0.511434028321	0.410603907326	0.506399359836	0.0	0.651640234912	0.652428048858	0.666714008918	0.659546748786	0.714014570708	0.686752884906	0.684872221217	0.71038590897	0.728060013398	0.714302193717	0.721121302585	0.693366422729	0.696942320504	0.720772497067	0.702216786227	0.684801893136	0.675790309074	0.699969049277	0.704811887803	0.714049853473	0.711470764699	0.697864201658	0.699017977428	0.702610719232	0.698999778452	0.734243878931	0.684014395346	0.671421963684	0.680047496377	0.684417641515	0.708702019907	0.723841055767	0.713272474603	0.698444304192	0.703858614095	0.705780075047
AF7	0.674349207486	0.650054812235	0.701060686963	0.663905599821	0.712527471671	0.702685392686	0.691195966183	0.67952095408	0.679664678267	0.678383468047	0.697697522096	0.70572796374	0.678739469076	0.660756862545	0.695151336443	0.65016392735	0.660379495136	0.654936032951	0.772816412943	0.663976980834	0.683847590092	0.483741655979	0.674178006198	0.654878385257	0.710681912269	0.651640234912	0.0	0.427446662637	0.665873010514	0.633435315716	0.725695481712	0.676433042666	0.685395376258	0.707959723111	0.677775711013	0.69652610147	0.682752609388	0.687021816972	0.683660715195	0.705319436814	0.699079360471	0.688321694202	0.681528135175	0.684183865997	0.727335684076	0.721202118096	0.702768423578	0.699545528981	0.677417796798	0.711710313991	0.69488987247	0.71147777072	0.687023499451	0.664838319151	0.685659402622	0.6812194895	0.672272322727	0.692321456563	0.689542100999	0.703554788684	0.675225678633	0.687585735108
AF8	0.678734211089	0.647434864844	0.724457122578	0.689532109268	0.695745513086	0.688391889535	0.678736817077	0.677528837468	0.704080077576	0.673787226507	0.721073054794	0.700397468767	0.713186104713	0.682299109944	0.6981486261	0.655749251667	0.662368644483	0.656040969528	0.775717968736	0.665742459127	0.607773410589	0.423880808865	0.680181474824	0.660079849518	0.699195584931	0.652428048858	0.427446662637	0.0	0.664385832025	0.626106615142	0.704638690591	0.645954660213	0.688301618519	0.693915685124	0.694470607393	0.704159724452	0.675972475933	0.677212964657	0.676724373362	0.702570783984	0.701287503811	0.684271340251	0.689824918592	0.697380209232	0.705005230127	0.708027109596	0.709062198533	0.693001961063	0.678058272136	0.685007677476	0.691641325444	0.717820324419	0.66733770535	0.657395398884	0.66400316321	0.651075177642	0.668802785878	0.692283743602	0.693190118349	0.693385509647	0.684457503609	0.685121793359
AG7	0.684109059389	0.688123668698	0.693219745598	0.678151006175	0.706807311169	0.714047723111	0.708398427268	0.671827916369	0.691115805159	0.679758373677	0.69645662998	0.711698554494	0.683473097497	0.679350394197	0.697098355334	0.684497177824	0.692992613546	0.660463680595	0.739441317931	0.502661945714	0.642581524506	0.632166171124	0.664767572462	0.64259310625	0.685140261929	0.666714008918	0.665873010514	0.664385832025	0.0	0.469895625332	0.671590447776	0.649106168185	0.686567286887	0.70926783053	0.701830787404	0.682845055791	0.674709136869	0.670447306149	0.692301277261	0.692272703731	0.691287747751	0.68798023705	0.68288812792	0.68076429745	0.704681831195	0.701729094552	0.719418048579	0.706517516186	0.685450466227	0.715888203375	0.688652938194	0.739231719033	0.654016903374	0.68615097327	0.674473417542	0.672846475125	0.697064440699	0.713235734237	0.710723075599	0.708819554146	0.683240691493	0.712268655541
AG8	0.666606729217	0.658589889046	0.703592009098	0.669668236683	0.686518477956	0.680575979278	0.662047667572	0.650507161034	0.672835847227	0.637930689	0.682166917464	0.678565806128	0.691980837862	0.682590899313	0.700784460851	0.655506229544	0.662493366909	0.633388839039	0.626800884556	0.407117595176	0.653739324172	0.616576895608	0.680623356245	0.65296472718	0.69820815066	0.659546748786	0.633435315716	0.626106615142	0.469895625332	0.0	0.706754565415	0.655004009529	0.673613872022	0.677000381073	0.665894027441	0.669783556308	0.667597191287	0.660966353764	0.68045247907	0.682730121112	0.677802673683	0.671814822691	0.672284316042	0.664911488325	0.691719656022	0.676717913216	0.715221499308	0.700690327142	0.67413739742	0.692882919504	0.683166810215	0.713863678794	0.659292171789	0.671736459558	0.669636677403	0.666000410843	0.657622532759	0.67678738405	0.694531590793	0.683133659596	0.678408505761	0.688102198969
AH7	0.735287142811	0.748624773411	0.73410748177	0.736614840708	0.736758983775	0.742197798049	0.759999242396	0.706346342372	0.736737465442	0.744518042702	0.724204924804	0.763086374882	0.739315689689	0.746360258644	0.748998687682	0.744850597918	0.719636243499	0.565160246689	0.755019919114	0.682575376438	0.661020979456	0.695348578756	0.703938171342	0.700408145884	0.732946086328	0.714014570708	0.725695481712	0.704638690591	0.671590447776	0.706754565415	0.0	0.512570971394	0.708892023568	0.769300947004	0.770261785046	0.761556643128	0.7480616495	0.747592296589	0.751516445464	0.75267404112	0.767534699489	0.731514309952	0.749837420447	0.757274527614	0.767053907394	0.765936874352	0.75924671188	0.753944081366	0.757592330785	0.767531232319	0.780223037515	0.789458797487	0.739898734789	0.738125543544	0.728549553675	0.727476555717	0.769585010764	0.790493305983	0.777841303678	0.768580289732	0.75444799145	0.759196744244
AH8	0.687008563801	0.697898397572	0.725600019415	0.705870957062	0.687481371318	0.702053291551	0.698794096357	0.674603336156	0.715256368102	0.69724443163	0.696978605797	0.704514062559	0.692633008157	0.701248213522	0.713729717709	0.702176521406	0.548865306984	0.384284154666	0.766358727461	0.646473236587	0.641126945263	0.635451208855	0.662427809286	0.659634365546	0.692986358346	0.686752884906	0.676433042666	0.645954660213	0.649106168185	0.655004009529	0.512570971394	0.0	0.684593879222	0.727295990217	0.727607354487	0.718595527148	0.696706686049	0.698287852305	0.704816691434	0.711370007167	0.714164433038	0.705275151249	0.701102583398	0.71623179574	0.723195367508	0.724068352704	0.713701014938	0.705547584688	0.712124212202	0.734653203751	0.723188035611	0.732299788985	0.689307960481	0.685946155116	0.682165968929	0.679732163916	0.738213862585	0.73002563293	0.746441393697	0.733535079524	0.698515824188	0.712800583373
AA5	0.634148822912	0.67535413977	0.695357184357	0.681613350321	0.663219112708	0.662866199867	0.704392763595	0.695658450142	0.6510663535	0.697488547848	0.643258662904	0.669873986167	0.689054894041	0.673494752314	0.680286464074	0.673305065878	0.662435286312	0.679178170342	0.76521990221	0.68595349125	0.70165408845	0.695213929987	0.649964836655	0.68358941634	0.728005273788	0.684872221217	0.685395376258	0.688301618519	0.686567286887	0.673613872022	0.708892023568	0.684593879222	0.0	0.592379469221	0.682292299298	0.677317936791	0.630868556869	0.648923660672	0.661305505544	0.684975655174	0.685798178939	0.639094211201	0.626768448551	0.669617515679	0.714480960671	0.661614538426	0.679558680018	0.702427112266	0.686040251878	0.715253546301	0.701536619649	0.715105230105	0.659142966324	0.687266677709	0.648881902997	0.681720505256	0.664372742319	0.712098317462	0.67422799166	0.700532341815	0.637289729434	0.691285839194
AA6	0.685552935525	0.680018049938	0.772711798905	0.700126030301	0.701349098638	0.647999223546	0.671372687611	0.684500934556	0.697953070505	0.665592452725	0.687324458053	0.659892032449	0.71060753547	0.7124007733	0.732473086675	0.684708220676	0.721236527211	0.708174197558	0.79453587609	0.693603772442	0.70795286459	0.674441961703	0.704928589306	0.710547335321	0.760019538999	0.71038590897	0.707959723111	0.693915685124	0.70926783053	0.677000381073	0.769300947004	0.727295990217	0.592379469221	0.0	0.694810450101	0.690509467593	0.657434655697	0.658356533604	0.665072368804	0.686033898427	0.666733075176	0.687739349144	0.656666189317	0.684754131823	0.476068785256	0.451926521747	0.705721693841	0.709125165111	0.693276645227	0.69660710744	0.69021249393	0.690209384114	0.669044708301	0.697174476048	0.697109760054	0.695657738586	0.670054213567	0.656918817522	0.69017797331	0.683573763943	0.654118598768	0.690770524467
AB5	0.668630980606	0.661253336976	0.711366151968	0.672687901277	0.690482503571	0.657637185641	0.661875266358	0.6840361267	0.696086907822	0.677682498136	0.666718290606	0.672040829237	0.694939148945	0.662144455076	0.709800612388	0.658730382967	0.706987002573	0.704756598882	0.77143287922	0.689599790299	0.723861968992	0.709707187798	0.719190144911	0.722849439394	0.744352766093	0.728060013398	0.677775711013	0.694470607393	0.701830787404	0.665894027441	0.770261785046	0.727607354487	0.682292299298	0.694810450101	0.0	0.444028249017	0.65356350551	0.657235796248	0.64200309778	0.644164428847	0.656955408726	0.681156871903	0.663951385333	0.661563212833	0.708675875539	0.712427103244	0.670406142136	0.698411700227	0.666424792714	0.694534016178	0.688271244298	0.698335906984	0.645837778155	0.697876768891	0.699523502688	0.675165630007	0.68634922828	0.678649023152	0.71153242647	0.709825397457	0.659775076249	0.688569601589
AB6	0.669786398793	0.642944334932	0.732908826612	0.661579982691	0.688857757053	0.674782196601	0.663203467536	0.653295452025	0.710986708068	0.668871240326	0.67932289001	0.681532275921	0.685650055394	0.677534786408	0.694880617164	0.659129838399	0.718571137035	0.71442825714	0.780268903247	0.686582677119	0.720746623216	0.686715406615	0.702451503047	0.706302875274	0.746586397915	0.714302193717	0.69652610147	0.704159724452	0.682845055791	0.669783556308	0.761556643128	0.718595527148	0.677317936791	0.690509467593	0.444028249017	0.0	0.662648853004	0.656085956504	0.638582213798	0.634342821545	0.646797755556	0.676393767066	0.642533256587	0.58440801519	0.681587896328	0.677584293516	0.656449001163	0.681468754547	0.657429157341	0.674988418003	0.697481040823	0.687280533755	0.643116091642	0.676678924248	0.670313017476	0.650048082188	0.679538834721	0.679925866798	0.687674409456	0.686752593123	0.659640630314	0.661290754129
AC5	0.634418675263	0.657828847385	0.717296907261	0.657464889305	0.685605340853	0.664341634937	0.670729540833	0.674592811327	0.656784888286	0.683394985982	0.656321547862	0.667108257725	0.68868974451	0.665008213376	0.684270250851	0.666280639385	0.674185828974	0.693410870595	0.756804342724	0.675832009613	0.703142629036	0.693311653697	0.691010956267	0.697144442287	0.733407506468	0.721121302585	0.682752609388	0.675972475933	0.674709136869	0.667597191287	0.7480616495	0.696706686049	0.630868556869	0.657434655697	0.65356350551	0.662648853004	0.0	0.477114560222	0.628043651083	0.654705392099	0.649794681254	0.659764547321	0.593171086283	0.649858824325	0.654517773277	0.672338125642	0.64803845812	0.688783493453	0.621792190517	0.673781997786	0.658528418794	0.661310401572	0.637412981851	0.663884277412	0.629223844421	0.663093078369	0.647728620652	0.662363867203	0.649020014482	0.679379043513	0.627855398843	0.67521502405
AC6	0.653998502301	0.648465177763	0.709315203281	0.643299372213	0.674452746512	0.655353322978	0.664665713639	0.667757592729	0.697337766053	0.666873178357	0.663950948605	0.65876024696	0.672270081149	0.640661066211	0.686657792442	0.65972852235	0.693348388297	0.693179797975	0.759048966988	0.667920412894	0.711991361288	0.680176390457	0.675089358046	0.68672681611	0.739101479704	0.693366422729	0.687021816972	0.677212964657	0.670447306149	0.660966353764	0.747592296589	0.698287852305	0.648923660672	0.658356533604	0.657235796248	0.656085956504	0.477114560222	0.0	0.622758051418	0.645141676385	0.639253319561	0.535010840484	0.462303478527	0.631877168381	0.66301822345	0.663560502968	0.673023428891	0.685201916635	0.618897313281	0.64825683013	0.667322339766	0.659067732023	0.656444607107	0.666889957961	0.649783072468	0.663103496393	0.628928824497	0.666431492522	0.644165497743	0.653894346976	0.648077981655	0.66821190267
AD6	0.66928641111	0.648451280083	0.754041235858	0.670073048941	0.662051392649	0.641276468481	0.611581479293	0.635360493216	0.683930996668	0.612015789111	0.670857210953	0.654131423803	0.687591591225	0.673429206887	0.671627112745	0.651011378356	0.704190891808	0.701418247567	0.780524905489	0.68026445645	0.700412462895	0.671631079761	0.697384058346	0.694394286909	0.751265676989	0.696942320504	0.683660715195	0.676724373362	0.692301277261	0.68045247907	0.751516445464	0.704816691434	0.661305505544	0.665072368804	0.64200309778	0.638582213798	0.628043651083	0.622758051418	0.0	0.531015280123	0.451757588595	0.664443286552	0.630391783669	0.677634153692	0.669199248242	0.681799759566	0.677652464343	0.66474639157	0.647845132951	0.653513347253	0.686455127529	0.676609775434	0.639246835351	0.652450620081	0.653480872469	0.661734560467	0.637150355083	0.677646034398	0.660899019221	0.645598319775	0.63994940485	0.643926290009
AE5	0.67756645865	0.666569121916	0.742230480798	0.675102512965	0.651505650818	0.642034154862	0.641555550459	0.6485768092	0.693012190708	0.641531932164	0.661389322112	0.64255804982	0.689008209963	0.689000601994	0.691976259845	0.677205073564	0.737423468547	0.715349666476	0.781379314166	0.687531224225	0.72932206853	0.691912812091	0.71212904719	0.711098882176	0.760400528836	0.720772497067	0.705319436814	0.702570783984	0.692272703731	0.682730121112	0.75267404112	0.711370007167	0.684975655174	0.686033898427	0.644164428847	0.634342821545	0.654705392099	0.645141676385	0.531015280123	0.0	0.424792129784	0.674753351087	0.638591677674	0.668617526565	0.686059427228	0.686880109753	0.671066519278	0.666654294176	0.658360342568	0.648933016815	0.674733760689	0.683861668463	0.636683299621	0.657002226471	0.660244126803	0.637255410052	0.654427677886	0.686185240819	0.671154769437	0.657690590275	0.633818541583	0.6600194811
AE6	0.68524314133	0.66803674453	0.768788765099	0.687844180624	0.653102013008	0.653969229582	0.626843248562	0.634286560942	0.704786655028	0.598825505796	0.686396323966	0.643293273895	0.702352073376	0.706439902617	0.700368973777	0.659967870645	0.733184457603	0.710236656054	0.793729213908	0.667032430348	0.73036907903	0.694060383609	0.704255893481	0.702719668741	0.761952264168	0.702216786227	0.699079360471	0.701287503811	0.691287747751	0.677802673683	0.767534699489	0.714164433038	0.685798178939	0.666733075176	0.656955408726	0.646797755556	0.649794681254	0.639253319561	0.451757588595	0.424792129784	0.0	0.656268562574	0.645000359471	0.65997206809	0.658719038146	0.666955780545	0.677203771896	0.666104870713	0.652069293829	0.643437895016	0.661235042232	0.673870178746	0.642664393492	0.637345890433	0.661989859513	0.641458899077	0.664494532796	0.670441125783	0.673506475296	0.643753845858	0.638287636333	0.647271292984
AF5	0.678605538711	0.67009821217	0.70548294044	0.646684801613	0.645083116326	0.681381663818	0.676121360689	0.675716309979	0.687705346819	0.664471808744	0.67898866892	0.665479639042	0.669771003019	0.662811937098	0.693791152448	0.668764489388	0.701692447094	0.69515261996	0.731900393697	0.667495349763	0.71595631696	0.700748135169	0.687501099424	0.699772471194	0.743784783597	0.684801893136	0.688321694202	0.684271340251	0.68798023705	0.671814822691	0.731514309952	0.705275151249	0.639094211201	0.687739349144	0.681156871903	0.676393767066	0.659764547321	0.535010840484	0.664443286552	0.674753351087	0.656268562574	0.0	0.472447640657	0.65170414486	0.697301307127	0.706058349092	0.706340143509	0.70959865575	0.657922001288	0.654402190923	0.713221728062	0.714013793342	0.674483656231	0.698639967416	0.704665764042	0.694876302652	0.668067333053	0.708864094586	0.677100184783	0.666939604245	0.666074744495	0.697379069238
AF6	0.650942566314	0.653179994657	0.697109809377	0.630303656402	0.642939301065	0.639817121447	0.657891010196	0.663241892691	0.694421736138	0.658459983893	0.658588960634	0.645893471217	0.663949676543	0.638102256647	0.678270698417	0.661339561743	0.703998518737	0.688911046778	0.731869897655	0.666686950511	0.722468725414	0.68482315138	0.671971099702	0.691933093004	0.729116336398	0.675790309074	0.681528135175	0.689824918592	0.68288812792	0.672284316042	0.749837420447	0.701102583398	0.626768448551	0.656666189317	0.663951385333	0.642533256587	0.593171086283	0.462303478527	0.630391783669	0.638591677674	0.645000359471	0.472447640657	0.0	0.628348455427	0.680790028062	0.677045726958	0.678800954631	0.688895518473	0.644411591423	0.659439107566	0.698408490551	0.679096775302	0.659009156135	0.682925196001	0.664634650107	0.669607174934	0.635786130408	0.681368623916	0.651811430723	0.658389578488	0.651642354129	0.682463732928
