	AA3	AA4	AB3	AB4	AC3	AC4	AD3	AD4	AE3	AE4	AF3	AF4	AG3	AG4	AH3	AH4	AA7	AA8	AB7	AB8	AC7	AC8	AD7	AD8	AE7	AE8	AF7	AF8	AG7	AG8	AH7	AH8	AA5	AA6	AB5	AB6	AC5	AC6	AD6	AE5	AE6	AF5	AF6	AG5	AH5	AH6	AA1	AA2	AB1	AB2	AC1	AC2	AD1	AD2	AE1	AE2	AF1	AF2	AG1	AG2	AH1	AH2
AA3	0.0	0.495343048307	0.70531445822	0.63933593545	0.670252701772	0.659393208613	0.694627672901	0.688089774696	0.650235870444	0.690269351367	0.649456171885	0.668829496154	0.645058666809	0.663773175517	0.675749265861	0.489971711367	0.67943280203	0.68898441456	0.751021475367	0.682452531107	0.694199549311	0.691772209522	0.680296824549	0.698279143018	0.725456769366	0.70417593943	0.678526242294	0.678324888873	0.696053901027	0.67781133674	0.736324273456	0.687464115787	0.650117477605	0.692935987074	0.680254188242	0.682406681703	0.642661921559	0.664712314124	0.686104320703	0.678499488057	0.677127368369	0.693291194868	0.656698140852	0.661858404821	0.706879802954	0.703158022139	0.663480872955	0.697632173146	0.652325120291	0.684096080894	0.678024047478	0.678154618862	0.64962497922	0.67323702793	0.680587165858	0.672397161504	0.663876865158	0.679937218056	0.643296498912	0.683523413074	0.649260583375	0.67175177621
AA4	0.495343048307	0.0	0.707647913075	0.656732029311	0.654791855941	0.643509854468	0.672541150103	0.656133298983	0.679525721699	0.67309606024	0.652682248448	0.656139206724	0.670586672101	0.65025881938	0.505720729331	0.396250384871	0.683086816529	0.690236321223	0.774940585179	0.692404024706	0.71300192428	0.672627708947	0.697303894364	0.688720423954	0.72887525976	0.693301513496	0.670839304611	0.658592537978	0.711908393686	0.681909537165	0.74677104336	0.691987875981	0.675534186921	0.688522835324	0.668613667055	0.666953306371	0.664471676914	0.647052050381	0.662918932726	0.663753699255	0.645201932563	0.686072420131	0.657540351643	0.635967709937	0.679899171259	0.67798476412	0.666257149581	0.66098086062	0.654073386136	0.649516631281	0.663907743534	0.671519393888	0.659855608447	0.655582650344	0.677202044775	0.653344119349	0.643183605128	0.661359500754	0.639676479443	0.649291330022	0.66046168626	0.646049388713
AB3	0.70531445822	0.707647913075	0.0	0.68714347452	0.694064460475	0.733993671691	0.745364241387	0.740018203241	0.723101549855	0.762664581162	0.727085193484	0.765563928979	0.73956406065	0.583129989583	0.708259148398	0.717347934006	0.733637987832	0.763702858538	0.692738424838	0.719286514212	0.740427899482	0.743365828636	0.737430550149	0.755495919588	0.70414892991	0.746346904273	0.739746207801	0.755248290335	0.737962757047	0.719996822431	0.749895347187	0.739857578234	0.729962770397	0.781210907019	0.726226330779	0.763483577227	0.721160302489	0.738114929298	0.783105468876	0.777628090616	0.786849432165	0.722018723501	0.725450925224	0.745768181402	0.803796045802	0.801604684422	0.788467502732	0.791984264118	0.743998168345	0.777824231519	0.770386493955	0.786687223205	0.769050842478	0.786440540666	0.756474815416	0.775720299315	0.771818693364	0.782353068391	0.769259134888	0.776404859818	0.74308478176	0.783076190957
AB4	0.63933593545	0.656732029311	0.68714347452	0.0	0.69020274758	0.674519800697	0.700080704635	0.670769180249	0.674194954556	0.69598114647	0.67107821795	0.71137565156	0.404914116427	0.483625265794	0.681075645385	0.648052823918	0.711298471086	0.710936511734	0.757880631172	0.678791420364	0.696675911115	0.685585845316	0.681439536379	0.697663965351	0.730231827175	0.698521306676	0.672540912702	0.673442262238	0.687689443705	0.670169542057	0.736240281395	0.692252907834	0.691302087882	0.699790541974	0.690200189512	0.690425911909	0.671253883326	0.66151328858	0.692079248509	0.680486078158	0.694482621171	0.683953377563	0.664628940798	0.677271045853	0.724032925242	0.711098318103	0.691412820172	0.701659963624	0.644132286734	0.681169465962	0.70970538512	0.697437355678	0.67882131754	0.675111711985	0.692415574996	0.691514672256	0.695891527051	0.721555569711	0.701631297451	0.692063314638	0.669834413848	0.690247930084
AC3	0.670252701772	0.654791855941	0.694064460475	0.69020274758	0.0	0.51959785157	0.681995012396	0.655812012521	0.659151268221	0.680982333091	0.682594911686	0.456761823462	0.695376337568	0.708941528544	0.672008226464	0.667389705761	0.678605193126	0.697279068313	0.744845892018	0.665114373465	0.703989591159	0.701908915976	0.715570576171	0.715354872432	0.714846981742	0.707796316392	0.71267433259	0.693932993604	0.701702119905	0.670482573576	0.74220783109	0.67509145774	0.666453448968	0.69672484647	0.695512537479	0.6787130095	0.689349673485	0.664967827248	0.678853725009	0.648435773138	0.67675672703	0.662498181899	0.655830787578	0.659537194006	0.72046157993	0.705697631235	0.715699529248	0.711044647862	0.689707453299	0.678186209235	0.691272881817	0.701100062991	0.690547413463	0.694171446141	0.686523592993	0.69463489172	0.688442992306	0.705608431105	0.694189218466	0.673763834231	0.681479499744	0.697946853015
AC4	0.659393208613	0.643509854468	0.733993671691	0.674519800697	0.51959785157	0.0	0.68184314419	0.64151261875	0.656946399372	0.678433121463	0.491075322102	0.411875181993	0.656935238492	0.694877366662	0.679909551309	0.650550346041	0.691431089491	0.694996138688	0.75393503163	0.671942138426	0.704246053528	0.690839328076	0.699740526006	0.692109575204	0.743644963117	0.698140874569	0.69324482422	0.692018827228	0.711056933354	0.668388074961	0.735470783713	0.680366095212	0.671118193266	0.666519932191	0.676261544569	0.650748191974	0.67511674564	0.661662583711	0.65501774665	0.655079581642	0.669957429498	0.673110692527	0.646433652116	0.640333300153	0.69201082278	0.678431254081	0.716297053987	0.685093583466	0.697477799212	0.680672888951	0.690222183366	0.687867649463	0.697401264754	0.695892882481	0.701365685881	0.700420046205	0.672826179865	0.680211254998	0.669299560531	0.683661014459	0.661813751994	0.669398595504
AD3	0.694627672901	0.672541150103	0.745364241387	0.700080704635	0.681995012396	0.68184314419	0.0	0.437094556383	0.668468947887	0.339545844819	0.707097532527	0.657568724139	0.713691689608	0.703415903007	0.696698657601	0.68745882429	0.711921253281	0.69688728811	0.765135973975	0.667003562931	0.713966502189	0.689860694121	0.717177385574	0.700253655839	0.729250872619	0.679976987294	0.686107694027	0.686952565558	0.693183121347	0.663370673935	0.731973640976	0.703136628659	0.709357177666	0.678143874752	0.690795966867	0.695545897817	0.69447552952	0.662625957505	0.651349996915	0.65967136755	0.629603487	0.67677694664	0.667653405113	0.676826064216	0.69720123212	0.687174247247	0.69064350465	0.686981293911	0.678031519041	0.662778295691	0.702897105356	0.703813000235	0.685816471094	0.673697967138	0.69464365806	0.677546727179	0.679283004278	0.684074626037	0.677731890839	0.644113646754	0.715686367343	0.668754754414
AD4	0.688089774696	0.656133298983	0.740018203241	0.670769180249	0.655812012521	0.64151261875	0.437094556383	0.0	0.592213241622	0.429347254329	0.674751645117	0.652249459565	0.684423007666	0.698202007315	0.673075459625	0.664587219939	0.685491967664	0.669834164661	0.769072818292	0.642474540397	0.690490398068	0.662837240874	0.676510629633	0.665623007606	0.724658251755	0.670242534389	0.681728567961	0.660224818749	0.6677872093	0.634040025717	0.725302394964	0.656680585833	0.678998728866	0.65375172948	0.681403640027	0.676120090449	0.667184522885	0.65075835108	0.642009111582	0.628022881067	0.632472266021	0.680947013669	0.662413159314	0.65661073394	0.66997043769	0.657854478064	0.679763519391	0.656945640843	0.658485458745	0.660840090203	0.67141584654	0.68151299329	0.656792345107	0.641876939701	0.656335337795	0.650165793383	0.684701426813	0.672621216845	0.67945812446	0.656905716128	0.675319602838	0.663993704022
AE3	0.650235870444	0.679525721699	0.723101549855	0.674194954556	0.659151268221	0.656946399372	0.668468947887	0.592213241622	0.0	0.649484675017	0.661873129655	0.654205643055	0.667526199597	0.704528029299	0.660899620098	0.679417634593	0.649065774679	0.684552584376	0.764894760381	0.683474628211	0.723625161993	0.714101236357	0.646504318683	0.685183671435	0.742543262687	0.678398214581	0.66048306583	0.703457159992	0.646279744657	0.651929710737	0.742022070677	0.66813424172	0.61738926038	0.699208769379	0.692892588031	0.681609532088	0.663493992198	0.667302224179	0.656414862512	0.669750807395	0.691968781712	0.646530388116	0.662929228382	0.662701535702	0.727989098499	0.710685941663	0.697500012533	0.713382023975	0.693123282627	0.71571843495	0.686251744541	0.722406935849	0.683628073019	0.684146642009	0.655491483406	0.697406731767	0.687807162305	0.727560237592	0.700739503859	0.693611568947	0.659311613085	0.70296555615
AE4	0.690269351367	0.67309606024	0.762664581162	0.69598114647	0.680982333091	0.678433121463	0.339545844819	0.429347254329	0.649484675017	0.0	0.713349241847	0.668422904156	0.700295625935	0.708863500937	0.700947903488	0.678750446766	0.709998347324	0.688036743507	0.782500541567	0.672924825145	0.711481410328	0.682205749929	0.702187199651	0.685240008554	0.73115764546	0.686790361115	0.684742543789	0.673797544689	0.688958772676	0.6667116133	0.718664273282	0.696175821836	0.716437250165	0.672764820455	0.705635935933	0.693263790298	0.697313391957	0.673931102564	0.639596925846	0.658622195868	0.627231386448	0.695239105503	0.680284872406	0.670039778896	0.705535419931	0.682465295221	0.683642965259	0.675709163282	0.686481258751	0.663988327044	0.707257023719	0.6910933078	0.692203273195	0.675905969981	0.680519804218	0.674910222497	0.696411686898	0.674603702991	0.687946429644	0.663156452805	0.699609075044	0.680251047875
AF3	0.649456171885	0.652682248448	0.727085193484	0.67107821795	0.682594911686	0.491075322102	0.707097532527	0.674751645117	0.661873129655	0.713349241847	0.0	0.563132431299	0.659745625048	0.699651268384	0.674175023125	0.666567793231	0.683556499626	0.69034120874	0.745438832513	0.683317000434	0.682868353044	0.70150238432	0.682089877986	0.699121290533	0.755513069114	0.708867867446	0.692540366202	0.70422646848	0.701622203937	0.6685878378	0.71582595075	0.682752696734	0.642943387576	0.683156910792	0.668773085995	0.661622286585	0.656485964383	0.664922260919	0.677289959852	0.670042190719	0.6936341179	0.687975673216	0.65272514293	0.663542660214	0.693103436139	0.693597046444	0.72051736217	0.703691416223	0.689481901891	0.710741258929	0.70036761402	0.71695589021	0.700930095108	0.706969896378	0.70614587769	0.718098581976	0.678461384265	0.714644733419	0.674960972489	0.71403019444	0.658088513433	0.699614768728
AF4	0.668829496154	0.656139206724	0.765563928979	0.71137565156	0.456761823462	0.411875181993	0.657568724139	0.652249459565	0.654205643055	0.668422904156	0.563132431299	0.0	0.704184018357	0.736951961167	0.702438733063	0.673391339532	0.701413427356	0.70320751913	0.770844920668	0.675096740264	0.720247535235	0.698407314808	0.72532612976	0.709119040559	0.747258470873	0.697782837203	0.703890647177	0.688838764667	0.701084416622	0.676459457603	0.764698129483	0.700087217609	0.659986525395	0.661536216282	0.681863709638	0.661301245505	0.68596527297	0.662568828184	0.666824662179	0.643176423012	0.671500935048	0.673690585605	0.664632124445	0.652915182673	0.68173382509	0.671536227468	0.700658535647	0.690166191933	0.690720039914	0.675375781144	0.674600487104	0.68659300912	0.676049838834	0.689350963027	0.697557600544	0.690354096455	0.671456272734	0.675714800095	0.681038682056	0.662500384568	0.678955151908	0.677517453107
AG3	0.645058666809	0.670586672101	0.73956406065	0.404914116427	0.695376337568	0.656935238492	0.713691689608	0.684423007666	0.667526199597	0.700295625935	0.659745625048	0.704184018357	0.0	0.546849875903	0.681340002483	0.661668771667	0.670679976593	0.6860512123	0.766943224157	0.686997440721	0.679186817834	0.690946989197	0.672774420004	0.683396018066	0.72736558758	0.694680128722	0.681514630947	0.689267467472	0.684212324927	0.680951103473	0.725925078823	0.691285443667	0.677002790129	0.695960913921	0.691730852057	0.687491435226	0.67095633111	0.665939714591	0.684117799125	0.6967440803	0.69079415025	0.682619990465	0.66589599962	0.659604766237	0.715912223189	0.709220862275	0.699470631123	0.696465624909	0.643869361522	0.682628118373	0.710970078609	0.698602925107	0.682780402587	0.674014926969	0.686048337848	0.688700314669	0.69364025889	0.728580610353	0.686235978603	0.700861596326	0.675691276769	0.688943812278
AG4	0.663773175517	0.65025881938	0.583129989583	0.483625265794	0.708941528544	0.694877366662	0.703415903007	0.698202007315	0.704528029299	0.708863500937	0.699651268384	0.736951961167	0.546849875903	0.0	0.674612526034	0.674462834116	0.715447053619	0.732542591408	0.741235123065	0.681855074886	0.70974450546	0.698698199017	0.69885184543	0.704732709282	0.704559004556	0.708614566887	0.68809346302	0.699364978108	0.69688200887	0.689111544152	0.751201361414	0.715155297749	0.732137328616	0.743338953361	0.688067757867	0.702735614452	0.70149172884	0.69772106525	0.714427424559	0.72256587082	0.710364753438	0.710132237705	0.693973660744	0.721603910401	0.760741693029	0.755021261248	0.741177123094	0.717796604383	0.674804513365	0.710027624615	0.725083836786	0.727386387369	0.690534783394	0.713468063752	0.740245727157	0.718885805277	0.718490682335	0.741230057374	0.719511919346	0.723740875974	0.697884863403	0.707814489865
AH3	0.675749265861	0.505720729331	0.708259148398	0.681075645385	0.672008226464	0.679909551309	0.696698657601	0.673075459625	0.660899620098	0.700947903488	0.674175023125	0.702438733063	0.681340002483	0.674612526034	0.0	0.551694941115	0.681883208487	0.705596454349	0.767479260665	0.704344750705	0.719943216124	0.711069839989	0.686296495257	0.694861040921	0.73385290739	0.701338071497	0.688273744783	0.697805497668	0.711730188213	0.695909133087	0.759947250547	0.699976465291	0.668188712444	0.718525887205	0.699755740768	0.694692509947	0.687608347492	0.675506077726	0.674259083162	0.6975827764	0.671170021958	0.696052916883	0.66800998491	0.680628096079	0.722198032745	0.715413027997	0.70557457507	0.690983465517	0.703412503928	0.698958893356	0.707975560918	0.718291723614	0.709968117808	0.691627714253	0.683219996617	0.706157342009	0.701331995432	0.708774860203	0.693351432242	0.681318474617	0.695692797162	0.685978182596
AH4	0.489971711367	0.396250384871	0.717347934006	0.648052823918	0.667389705761	0.650550346041	0.68745882429	0.664587219939	0.679417634593	0.678750446766	0.666567793231	0.673391339532	0.661668771667	0.674462834116	0.551694941115	0.0	0.693877592255	0.697417705632	0.770949139443	0.683474631188	0.712864315332	0.682408648557	0.667922220613	0.683716705345	0.736366905521	0.674354256638	0.672422969443	0.671644716869	0.694897691876	0.681657403798	0.741121746224	0.688645076954	0.678438772639	0.682616791456	0.688031831861	0.670209933591	0.676871584872	0.650419658905	0.66032513196	0.683962647969	0.655958529858	0.688177101246	0.649659896452	0.661524223395	0.681804402372	0.685509756464	0.665675716053	0.670486873665	0.656596392307	0.669726713212	0.674445936643	0.679670530878	0.662364252771	0.647178613117	0.664785769033	0.663187099581	0.66361247181	0.659657541704	0.657408049936	0.652985075736	0.646126100614	0.646859076636
AA7	0.67943280203	0.683086816529	0.733637987832	0.711298471086	0.678605193126	0.691431089491	0.711921253281	0.685491967664	0.649065774679	0.709998347324	0.683556499626	0.701413427356	0.670679976593	0.715447053619	0.681883208487	0.693877592255	0.0	0.498589721388	0.764908106948	0.680056542046	0.660441717058	0.698619815218	0.657200533951	0.693142032823	0.705045254038	0.705185396519	0.668865815209	0.680106658058	0.670914825449	0.66422160475	0.710068150033	0.565524733252	0.655632014484	0.726776666192	0.70686732116	0.72100732351	0.671774764163	0.694523468911	0.704351006115	0.740599140824	0.732775818993	0.686309158684	0.6895644183	0.700838968637	0.730517578282	0.72939656112	0.743305123146	0.726799312178	0.713229148377	0.741349845251	0.71425196393	0.740073387073	0.702736697256	0.701048820335	0.683184350203	0.719480558936	0.735582374265	0.73768914156	0.736590676783	0.723943116231	0.704234313628	0.712516000968
AA8	0.68898441456	0.690236321223	0.763702858538	0.710936511734	0.697279068313	0.694996138688	0.69688728811	0.669834164661	0.684552584376	0.688036743507	0.69034120874	0.70320751913	0.6860512123	0.732542591408	0.705596454349	0.697417705632	0.498589721388	0.0	0.768418205132	0.639993509766	0.636510793419	0.659144375356	0.6734180307	0.680252384755	0.701696356568	0.686116678451	0.656880213841	0.637001617225	0.657650196175	0.643297555844	0.55980610636	0.419659362966	0.687789867185	0.724362205724	0.71843239212	0.732933773926	0.685903158398	0.702424335933	0.689385143428	0.707568413066	0.704831633841	0.705885798889	0.699249598665	0.704580944102	0.718621148632	0.72218591505	0.727308219728	0.71064604717	0.703257648164	0.721447733439	0.723083261645	0.735250564662	0.701466922802	0.654245951245	0.665245882497	0.688128415581	0.734385536578	0.727361381836	0.739537625783	0.716703149593	0.710316693952	0.710016375354
AB7	0.751021475367	0.774940585179	0.692738424838	0.757880631172	0.744845892018	0.75393503163	0.765135973975	0.769072818292	0.764894760381	0.782500541567	0.745438832513	0.770844920668	0.766943224157	0.741235123065	0.767479260665	0.770949139443	0.764908106948	0.768418205132	0.0	0.544579724963	0.745257579024	0.767603770478	0.768748075209	0.789264304855	0.743010477264	0.771623413841	0.772447472299	0.766995863784	0.743462710379	0.618248313095	0.756770146871	0.764470147444	0.774702241301	0.783840832067	0.763819577247	0.783870125679	0.752223601457	0.767437054656	0.788465978454	0.786078908626	0.795361680827	0.739285986946	0.732815705503	0.771188715943	0.791718562262	0.804974282256	0.81790189166	0.799207275975	0.775582512628	0.798562683713	0.799221952639	0.797665132244	0.783820716944	0.793067755925	0.779689080052	0.79505056195	0.786153212905	0.798950861103	0.787083862855	0.795949574918	0.786214361033	0.800066719318
AB8	0.682452531107	0.692404024706	0.719286514212	0.678791420364	0.665114373465	0.671942138426	0.667003562931	0.642474540397	0.683474628211	0.672924825145	0.683317000434	0.675096740264	0.686997440721	0.681855074886	0.704344750705	0.683474631188	0.680056542046	0.639993509766	0.544579724963	0.0	0.659438754904	0.637081597367	0.677425127661	0.671977546198	0.670861962976	0.661999175362	0.668973539291	0.645058849401	0.509745203613	0.416212513197	0.691816974873	0.620107893557	0.694026907676	0.679660794069	0.693320835356	0.69480644368	0.676096751791	0.666162072149	0.687641017813	0.69380499795	0.69369298418	0.679576252948	0.662239172611	0.667646341743	0.695499393691	0.696303603806	0.73367880823	0.699391769929	0.681597139883	0.709267293539	0.701118995894	0.720091465671	0.672256700415	0.675902550773	0.690736200564	0.694942998315	0.693353053065	0.714460934737	0.694915396445	0.69908325295	0.680345853763	0.699550484855
AC7	0.694199549311	0.71300192428	0.740427899482	0.696675911115	0.703989591159	0.704246053528	0.713966502189	0.690490398068	0.723625161993	0.711481410328	0.682868353044	0.720247535235	0.679186817834	0.70974450546	0.719943216124	0.712864315332	0.660441717058	0.636510793419	0.745257579024	0.659438754904	0.0	0.510418831298	0.681496861711	0.678565589248	0.692966947305	0.68650148353	0.688659099531	0.579237395425	0.643409391665	0.647736114564	0.660765567502	0.644180633576	0.71145023673	0.698722894356	0.728334028498	0.739994910242	0.709917063398	0.708010477186	0.721069192234	0.733077858712	0.728725076061	0.734339098597	0.727191390978	0.713011323558	0.698131082078	0.707558933866	0.756361396075	0.740870104837	0.696689778442	0.732094514373	0.754404778687	0.750250743781	0.710982577232	0.679258225748	0.694052877113	0.700245463897	0.745933506556	0.731318084798	0.737044516403	0.730389272311	0.704082006009	0.724492968658
AC8	0.691772209522	0.672627708947	0.743365828636	0.685585845316	0.701908915976	0.690839328076	0.689860694121	0.662837240874	0.714101236357	0.682205749929	0.70150238432	0.698407314808	0.690946989197	0.698698199017	0.711069839989	0.682408648557	0.698619815218	0.659144375356	0.767603770478	0.637081597367	0.510418831298	0.0	0.676157625966	0.650032318872	0.699897781049	0.662650971134	0.501704046338	0.417226107514	0.636511110323	0.628078157276	0.701171436324	0.651212680499	0.704702858836	0.665865336164	0.707076431081	0.711250862889	0.689213656637	0.684215792628	0.688184232401	0.705470404974	0.697986252753	0.725091767101	0.696409698795	0.691324551684	0.675804719563	0.664494600398	0.725088127167	0.690235510668	0.664144258785	0.683470903533	0.702258947876	0.704987159876	0.67034566706	0.649022794865	0.676591035185	0.655454747399	0.698351593729	0.670157593486	0.708036717604	0.688563625392	0.679118320539	0.663168401529
AD7	0.680296824549	0.697303894364	0.737430550149	0.681439536379	0.715570576171	0.699740526006	0.717177385574	0.676510629633	0.646504318683	0.702187199651	0.682089877986	0.72532612976	0.672774420004	0.69885184543	0.686296495257	0.667922220613	0.657200533951	0.6734180307	0.768748075209	0.677425127661	0.681496861711	0.676157625966	0.0	0.470027023927	0.701286495645	0.498397378331	0.654939554485	0.672253765215	0.663665666027	0.664440504324	0.70193241143	0.665451878688	0.655971836665	0.702812225034	0.721904059944	0.702646790715	0.701437620008	0.68885011403	0.685834170299	0.7114762949	0.70225209116	0.676401796952	0.670049328602	0.690046007448	0.705507013076	0.702930771531	0.725761261062	0.706251375776	0.688004956024	0.714839977134	0.709146715404	0.737007315018	0.691584918141	0.681078608944	0.663932447829	0.705021547533	0.689799667621	0.727506018135	0.693470442937	0.696728614548	0.663399765688	0.698453155902
AD8	0.698279143018	0.688720423954	0.755495919588	0.697663965351	0.715354872432	0.692109575204	0.700253655839	0.665623007606	0.685183671435	0.685240008554	0.699121290533	0.709119040559	0.683396018066	0.704732709282	0.694861040921	0.683716705345	0.693142032823	0.680252384755	0.789264304855	0.671977546198	0.678565589248	0.650032318872	0.470027023927	0.0	0.597293505169	0.416096879382	0.645674652318	0.631002010671	0.653370452142	0.660860603272	0.707806819646	0.672742411896	0.674780339901	0.685173238544	0.728324831318	0.706466332784	0.702209464787	0.691470210912	0.691232997167	0.710997462386	0.705785201413	0.708059403302	0.685325911689	0.684782313573	0.694797924822	0.691209628511	0.714664130844	0.69934146717	0.691348902592	0.710122866314	0.696297681798	0.723553260589	0.687125379569	0.666494653706	0.673912219516	0.696084398969	0.700882105517	0.718169345424	0.703060923709	0.70585207719	0.681335817174	0.700082238185
AE7	0.725456769366	0.72887525976	0.70414892991	0.730231827175	0.714846981742	0.743644963117	0.729250872619	0.724658251755	0.742543262687	0.73115764546	0.755513069114	0.747258470873	0.72736558758	0.704559004556	0.73385290739	0.736366905521	0.705045254038	0.701696356568	0.743010477264	0.670861962976	0.692966947305	0.699897781049	0.701286495645	0.597293505169	0.0	0.522435816493	0.711256240184	0.691472928121	0.6840015269	0.679534486069	0.731919648577	0.691966187558	0.734390445603	0.752770481463	0.7364255472	0.756505238074	0.729658457793	0.744234688802	0.756281586582	0.768394296163	0.759536238821	0.755660342154	0.730911111921	0.733131652921	0.751700319459	0.763262241502	0.773273254761	0.776882926524	0.717603608469	0.762421706779	0.767590601565	0.781753607986	0.742919663214	0.737817820016	0.739440690926	0.750837949734	0.774518327153	0.785163227172	0.766611384997	0.761736856701	0.746207892581	0.773455765418
AE8	0.70417593943	0.693301513496	0.746346904273	0.698521306676	0.707796316392	0.698140874569	0.679976987294	0.670242534389	0.678398214581	0.686790361115	0.708867867446	0.697782837203	0.694680128722	0.708614566887	0.701338071497	0.674354256638	0.705185396519	0.686116678451	0.771623413841	0.661999175362	0.68650148353	0.662650971134	0.498397378331	0.416096879382	0.522435816493	0.0	0.646347258976	0.64826076102	0.646976260825	0.654610760953	0.716423843578	0.678399504496	0.676967062193	0.6929671039	0.719480370208	0.71253196637	0.707075205856	0.676822608569	0.711088316209	0.714534024363	0.711194219993	0.689884943921	0.679175288805	0.689486708124	0.701429717155	0.710043710921	0.714125056302	0.702595685071	0.688564970418	0.704411430011	0.707373726779	0.728138690501	0.69318050299	0.667444179841	0.691325912177	0.694557550651	0.699503459807	0.727567391542	0.711470613452	0.690326563767	0.691337012184	0.69402775937
AF7	0.678526242294	0.670839304611	0.739746207801	0.672540912702	0.71267433259	0.69324482422	0.686107694027	0.681728567961	0.66048306583	0.684742543789	0.692540366202	0.703890647177	0.681514630947	0.68809346302	0.688273744783	0.672422969443	0.668865815209	0.656880213841	0.772447472299	0.668973539291	0.688659099531	0.501704046338	0.654939554485	0.645674652318	0.711256240184	0.646347258976	0.0	0.446094076393	0.64052342866	0.645570004142	0.71630009511	0.67806690882	0.667187740698	0.715702302076	0.706420762201	0.7016672783	0.69258305357	0.673725053503	0.680399354613	0.703964864424	0.690656969339	0.690885079131	0.675510503209	0.679793842092	0.72463669555	0.715083142927	0.708889775125	0.693062400111	0.688880968901	0.71014264646	0.694462493496	0.70964040967	0.690407550861	0.663750421968	0.664731121045	0.687513586898	0.667692911214	0.703539661313	0.699569893238	0.688765527137	0.667870883943	0.676569461904
AF8	0.678324888873	0.658592537978	0.755248290335	0.673442262238	0.693932993604	0.692018827228	0.686952565558	0.660224818749	0.703457159992	0.673797544689	0.70422646848	0.688838764667	0.689267467472	0.699364978108	0.697805497668	0.671644716869	0.680106658058	0.637001617225	0.766995863784	0.645058849401	0.579237395425	0.417226107514	0.672253765215	0.631002010671	0.691472928121	0.64826076102	0.446094076393	0.0	0.64810446869	0.634130249015	0.702798437173	0.647761020638	0.690477703728	0.66994123633	0.703312498365	0.70766324808	0.676320512806	0.683372631962	0.677197606808	0.697637066002	0.686128201529	0.721464214006	0.687591425844	0.681274703923	0.689373516086	0.682939017555	0.709181725565	0.683492263915	0.6604478606	0.677041521767	0.691671242313	0.694241357362	0.655336789735	0.630376597801	0.656947609402	0.646252317126	0.69134596362	0.68465469108	0.69596492251	0.685579618733	0.668216082724	0.674222296151
AG7	0.696053901027	0.711908393686	0.737962757047	0.687689443705	0.701702119905	0.711056933354	0.693183121347	0.6677872093	0.646279744657	0.688958772676	0.701622203937	0.701084416622	0.684212324927	0.69688200887	0.711730188213	0.694897691876	0.670914825449	0.657650196175	0.743462710379	0.509745203613	0.643409391665	0.636511110323	0.663665666027	0.653370452142	0.6840015269	0.646976260825	0.64052342866	0.64810446869	0.0	0.468200402153	0.689971665111	0.656733257007	0.654849098679	0.706616602916	0.714945420617	0.703577532986	0.668903016646	0.66394497927	0.690388917774	0.710080934043	0.712324821368	0.676781582163	0.666755426631	0.658313380499	0.714183784697	0.69321615248	0.726330813666	0.712098047598	0.68696926393	0.715932556993	0.691716829769	0.737307637759	0.686162313489	0.677597884392	0.674120425619	0.695551716117	0.69717794831	0.734743068463	0.696628072161	0.679428390228	0.672593491869	0.708378087738
AG8	0.67781133674	0.681909537165	0.719996822431	0.670169542057	0.670482573576	0.668388074961	0.663370673935	0.634040025717	0.651929710737	0.6667116133	0.6685878378	0.676459457603	0.680951103473	0.689111544152	0.695909133087	0.681657403798	0.66422160475	0.643297555844	0.618248313095	0.416212513197	0.647736114564	0.628078157276	0.664440504324	0.660860603272	0.679534486069	0.654610760953	0.645570004142	0.634130249015	0.468200402153	0.0	0.697182518916	0.628709180008	0.669322758101	0.676823149324	0.686576701568	0.676756448718	0.649198494636	0.64401072751	0.677418958838	0.687600922161	0.695845404687	0.679494043877	0.66261993136	0.641906879095	0.666450041127	0.674673639035	0.712838949086	0.69818209445	0.662442959257	0.691109722502	0.684621229844	0.704955373821	0.675620045742	0.668365889913	0.669707229263	0.679186319228	0.675508745375	0.710330747244	0.683211841913	0.684295639324	0.672251096478	0.691884758524
AH7	0.736324273456	0.74677104336	0.749895347187	0.736240281395	0.74220783109	0.735470783713	0.731973640976	0.725302394964	0.742022070677	0.718664273282	0.71582595075	0.764698129483	0.725925078823	0.751201361414	0.759947250547	0.741121746224	0.710068150033	0.55980610636	0.756770146871	0.691816974873	0.660765567502	0.701171436324	0.70193241143	0.707806819646	0.731919648577	0.716423843578	0.71630009511	0.702798437173	0.689971665111	0.697182518916	0.0	0.512682628617	0.719566713982	0.766092583646	0.769217964764	0.779428400899	0.749465452816	0.750039083018	0.764092212087	0.755301519267	0.760242047895	0.751938069327	0.749888364282	0.749388881872	0.764477763463	0.776987587594	0.773490837488	0.752308933834	0.746763591213	0.762271927608	0.778416469888	0.782501951724	0.750706934856	0.725833031235	0.733819865654	0.749518570734	0.772856922996	0.794583183489	0.774839464333	0.766420456808	0.753186448511	0.752424414141
AH8	0.687464115787	0.691987875981	0.739857578234	0.692252907834	0.67509145774	0.680366095212	0.703136628659	0.656680585833	0.66813424172	0.696175821836	0.682752696734	0.700087217609	0.691285443667	0.715155297749	0.699976465291	0.688645076954	0.565524733252	0.419659362966	0.764470147444	0.620107893557	0.644180633576	0.651212680499	0.665451878688	0.672742411896	0.691966187558	0.678399504496	0.67806690882	0.647761020638	0.656733257007	0.628709180008	0.512682628617	0.0	0.6749183851	0.716945491117	0.705878457504	0.709563037538	0.68044902731	0.676124948567	0.691873919514	0.691630258072	0.700325954898	0.689211571071	0.693704081623	0.696487464122	0.715282542389	0.720777656834	0.714258787112	0.707558388394	0.694483461965	0.71535054732	0.723410035418	0.733161380921	0.693253735474	0.665071527557	0.677147014505	0.700895555558	0.730206326707	0.736234562551	0.736854736429	0.720034349095	0.699085781374	0.699807547928
AA5	0.650117477605	0.675534186921	0.729962770397	0.691302087882	0.666453448968	0.671118193266	0.709357177666	0.678998728866	0.61738926038	0.716437250165	0.642943387576	0.659986525395	0.677002790129	0.732137328616	0.668188712444	0.678438772639	0.655632014484	0.687789867185	0.774702241301	0.694026907676	0.71145023673	0.704702858836	0.655971836665	0.674780339901	0.734390445603	0.676967062193	0.667187740698	0.690477703728	0.654849098679	0.669322758101	0.719566713982	0.6749183851	0.0	0.611484049397	0.690078101945	0.671668807344	0.633157565623	0.641228810649	0.681245829717	0.686713028352	0.709276967744	0.635578087897	0.632687213388	0.641942966271	0.71320066954	0.664291067284	0.685090291921	0.701617879406	0.698095028128	0.705954904074	0.684857350284	0.715862630057	0.670689804248	0.702500341558	0.664656662977	0.700488200747	0.666615134359	0.720979695397	0.668279242116	0.679114442725	0.653634698936	0.681766916565
AA6	0.692935987074	0.688522835324	0.781210907019	0.699790541974	0.69672484647	0.666519932191	0.678143874752	0.65375172948	0.699208769379	0.672764820455	0.683156910792	0.661536216282	0.695960913921	0.743338953361	0.718525887205	0.682616791456	0.726776666192	0.724362205724	0.783840832067	0.679660794069	0.698722894356	0.665865336164	0.702812225034	0.685173238544	0.752770481463	0.6929671039	0.715702302076	0.66994123633	0.706616602916	0.676823149324	0.766092583646	0.716945491117	0.611484049397	0.0	0.696622079193	0.668960256612	0.666933684938	0.647593912932	0.659684459099	0.684564017979	0.664582752626	0.682710568973	0.645313931331	0.65701146646	0.455115117878	0.431395394567	0.692848622327	0.675473345572	0.66588363313	0.682077390042	0.685968139351	0.676613040857	0.676354867883	0.681457906574	0.686797621359	0.679068003105	0.686747705283	0.674870060324	0.670954048074	0.67958556216	0.663073830054	0.669875212061
AB5	0.680254188242	0.668613667055	0.726226330779	0.690200189512	0.695512537479	0.676261544569	0.690795966867	0.681403640027	0.692892588031	0.705635935933	0.668773085995	0.681863709638	0.691730852057	0.688067757867	0.699755740768	0.688031831861	0.70686732116	0.71843239212	0.763819577247	0.693320835356	0.728334028498	0.707076431081	0.721904059944	0.728324831318	0.7364255472	0.719480370208	0.706420762201	0.703312498365	0.714945420617	0.686576701568	0.769217964764	0.705878457504	0.690078101945	0.696622079193	0.0	0.425175268486	0.648283523641	0.675666011695	0.674825604503	0.641161324644	0.657175091456	0.704883483292	0.675455835421	0.645376176302	0.709388436153	0.687742683376	0.681150525686	0.705564240133	0.682953918289	0.704145432824	0.692836050958	0.695894617316	0.661256097583	0.688241574963	0.698660452904	0.682683694938	0.70748414438	0.699217545356	0.700675720387	0.713886640975	0.661875469583	0.705113517192
AB6	0.682406681703	0.666953306371	0.763483577227	0.690425911909	0.6787130095	0.650748191974	0.695545897817	0.676120090449	0.681609532088	0.693263790298	0.661622286585	0.661301245505	0.687491435226	0.702735614452	0.694692509947	0.670209933591	0.72100732351	0.732933773926	0.783870125679	0.69480644368	0.739994910242	0.711250862889	0.702646790715	0.706466332784	0.756505238074	0.71253196637	0.7016672783	0.70766324808	0.703577532986	0.676756448718	0.779428400899	0.709563037538	0.671668807344	0.668960256612	0.425175268486	0.0	0.65747723672	0.649261365045	0.650322363411	0.62488926275	0.641601700578	0.691373823456	0.658028478704	0.567781213943	0.685059121012	0.660108896135	0.678534521491	0.687294354901	0.676184838991	0.686643444019	0.67011398025	0.662995424632	0.657900263881	0.675791657349	0.692023592456	0.672796945757	0.676708356823	0.687824258134	0.670132263133	0.688991291538	0.653020272935	0.687216923082
AC5	0.642661921559	0.664471676914	0.721160302489	0.671253883326	0.689349673485	0.67511674564	0.69447552952	0.667184522885	0.663493992198	0.697313391957	0.656485964383	0.68596527297	0.67095633111	0.70149172884	0.687608347492	0.676871584872	0.671774764163	0.685903158398	0.752223601457	0.676096751791	0.709917063398	0.689213656637	0.701437620008	0.702209464787	0.729658457793	0.707075205856	0.69258305357	0.676320512806	0.668903016646	0.649198494636	0.749465452816	0.68044902731	0.633157565623	0.666933684938	0.648283523641	0.65747723672	0.0	0.492122893526	0.641375953427	0.663333406968	0.658789844576	0.678486655886	0.605096346683	0.642613538757	0.669716572323	0.659421826496	0.662361530587	0.687248299331	0.626422052748	0.678903564893	0.65475981662	0.662301537884	0.651894675465	0.652722067201	0.638831696956	0.672419432792	0.653149676395	0.680405479487	0.636708642937	0.682574823945	0.650695753718	0.689017726705
AC6	0.664712314124	0.647052050381	0.738114929298	0.66151328858	0.664967827248	0.661662583711	0.662625957505	0.65075835108	0.667302224179	0.673931102564	0.664922260919	0.662568828184	0.665939714591	0.69772106525	0.675506077726	0.650419658905	0.694523468911	0.702424335933	0.767437054656	0.666162072149	0.708010477186	0.684215792628	0.68885011403	0.691470210912	0.744234688802	0.676822608569	0.673725053503	0.683372631962	0.66394497927	0.64401072751	0.750039083018	0.676124948567	0.641228810649	0.647593912932	0.675666011695	0.649261365045	0.492122893526	0.0	0.633020738665	0.65669328497	0.660208174505	0.556175417007	0.503800795804	0.605253061543	0.668823482156	0.661479140637	0.6765638386	0.679177056961	0.626050780385	0.647784168722	0.662015285529	0.668988044267	0.665723439481	0.658899381532	0.667487704129	0.658114414814	0.608016639198	0.680190226745	0.637742004464	0.640465917592	0.65226538264	0.666440193612
AD6	0.686104320703	0.662918932726	0.783105468876	0.692079248509	0.678853725009	0.65501774665	0.651349996915	0.642009111582	0.656414862512	0.639596925846	0.677289959852	0.666824662179	0.684117799125	0.714427424559	0.674259083162	0.66032513196	0.704351006115	0.689385143428	0.788465978454	0.687641017813	0.721069192234	0.688184232401	0.685834170299	0.691232997167	0.756281586582	0.711088316209	0.680399354613	0.677197606808	0.690388917774	0.677418958838	0.764092212087	0.691873919514	0.681245829717	0.659684459099	0.674825604503	0.650322363411	0.641375953427	0.633020738665	0.0	0.519858270344	0.430115197235	0.674422172948	0.656190107164	0.654146459544	0.674001604477	0.66157605166	0.672633932963	0.668779888762	0.655408412773	0.652880436576	0.678762153513	0.693351809558	0.662492198201	0.632043908849	0.653805902221	0.647146952769	0.658611177562	0.683556826031	0.646317810012	0.643417683944	0.646564293802	0.669299935495
AE5	0.678499488057	0.663753699255	0.777628090616	0.680486078158	0.648435773138	0.655079581642	0.65967136755	0.628022881067	0.669750807395	0.658622195868	0.670042190719	0.643176423012	0.6967440803	0.72256587082	0.6975827764	0.683962647969	0.740599140824	0.707568413066	0.786078908626	0.69380499795	0.733077858712	0.705470404974	0.7114762949	0.710997462386	0.768394296163	0.714534024363	0.703964864424	0.697637066002	0.710080934043	0.687600922161	0.755301519267	0.691630258072	0.686713028352	0.684564017979	0.641161324644	0.62488926275	0.663333406968	0.65669328497	0.519858270344	0.0	0.427836317983	0.691440302661	0.659525745601	0.654834208571	0.677839743245	0.665693523033	0.670310187573	0.671164874939	0.659794711694	0.651234347222	0.663787296331	0.69096877152	0.650081926008	0.6364493752	0.660097110936	0.653602387681	0.672995514749	0.701396014186	0.658049673814	0.654688908661	0.643223970547	0.675088505951
AE6	0.677127368369	0.645201932563	0.786849432165	0.694482621171	0.67675672703	0.669957429498	0.629603487	0.632472266021	0.691968781712	0.627231386448	0.6936341179	0.671500935048	0.69079415025	0.710364753438	0.671170021958	0.655958529858	0.732775818993	0.704831633841	0.795361680827	0.69369298418	0.728725076061	0.697986252753	0.70225209116	0.705785201413	0.759536238821	0.711194219993	0.690656969339	0.686128201529	0.712324821368	0.695845404687	0.760242047895	0.700325954898	0.709276967744	0.664582752626	0.657175091456	0.641601700578	0.658789844576	0.660208174505	0.430115197235	0.427836317983	0.0	0.688393933013	0.653835977519	0.665714262436	0.659059274433	0.664304328452	0.671133151936	0.64863856881	0.637321285479	0.630654957156	0.680219663064	0.682648139995	0.645605633745	0.623298498269	0.662438345864	0.641443751114	0.658016818389	0.681196733789	0.644275625467	0.630256756096	0.645974876974	0.652624527052
AF5	0.693291194868	0.686072420131	0.722018723501	0.683953377563	0.662498181899	0.673110692527	0.67677694664	0.680947013669	0.646530388116	0.695239105503	0.687975673216	0.673690585605	0.682619990465	0.710132237705	0.696052916883	0.688177101246	0.686309158684	0.705885798889	0.739285986946	0.679576252948	0.734339098597	0.725091767101	0.676401796952	0.708059403302	0.755660342154	0.689884943921	0.690885079131	0.721464214006	0.676781582163	0.679494043877	0.751938069327	0.689211571071	0.635578087897	0.682710568973	0.704883483292	0.691373823456	0.678486655886	0.556175417007	0.674422172948	0.691440302661	0.688393933013	0.0	0.461618676745	0.652892610361	0.723377764347	0.702597673826	0.707157846953	0.721288652996	0.680792207352	0.690085238666	0.702965441617	0.724851716074	0.698218364931	0.711259483481	0.707226550003	0.716799233494	0.664762115231	0.73252055955	0.688279365138	0.66263664112	0.665885358362	0.714033981788
AF6	0.656698140852	0.657540351643	0.725450925224	0.664628940798	0.655830787578	0.646433652116	0.667653405113	0.662413159314	0.662929228382	0.680284872406	0.65272514293	0.664632124445	0.66589599962	0.693973660744	0.66800998491	0.649659896452	0.6895644183	0.699249598665	0.732815705503	0.662239172611	0.727191390978	0.696409698795	0.670049328602	0.685325911689	0.730911111921	0.679175288805	0.675510503209	0.687591425844	0.666755426631	0.66261993136	0.749888364282	0.693704081623	0.632687213388	0.645313931331	0.675455835421	0.658028478704	0.605096346683	0.503800795804	0.656190107164	0.659525745601	0.653835977519	0.461618676745	0.0	0.608188422742	0.693769682973	0.672879590289	0.675226162301	0.682265559571	0.647946468885	0.658540926917	0.677533774312	0.693680186316	0.668883646656	0.677401634354	0.67968055082	0.684760155924	0.644355881504	0.699262378216	0.641164796293	0.645858351217	0.653595375996	0.693436434579
