	AA3	AA4	AB3	AB4	AC3	AC4	AD3	AD4	AE3	AE4	AF3	AF4	AG3	AG4	AH3	AH4	AA7	AA8	AB7	AB8	AC7	AC8	AD7	AD8	AE7	AE8	AF7	AF8	AG7	AG8	AH7	AH8	AA5	AA6	AB5	AB6	AC5	AC6	AD6	AE5	AE6	AF5	AF6	AG5	AH5	AH6	AA1	AA2	AB1	AB2	AC1	AC2	AD1	AD2	AE1	AE2	AF1	AF2	AG1	AG2	AH1	AH2
AA3	0.0	0.480607105621	0.695964788454	0.652756931118	0.670878511941	0.667838167667	0.697200984286	0.686961881319	0.657721183642	0.70071810727	0.653645258527	0.686888702146	0.65134966462	0.644536525032	0.672620893539	0.463291375202	0.678945144418	0.678208788771	0.749263695329	0.674906228721	0.699624414497	0.688757394402	0.680393424958	0.700788060483	0.736722815626	0.704397137171	0.658273775172	0.684388969168	0.692289624006	0.68385024359	0.731853933646	0.681701149523	0.667693267102	0.6885640868	0.674654319593	0.684743876795	0.634626186612	0.662268645958	0.683407695111	0.669241321014	0.676479575867	0.677359472205	0.675116066335	0.662615019319	0.70655911048	0.699071806709	0.656270828859	0.696017259019	0.66038357566	0.694124682769	0.668509569384	0.677307006614	0.642398767709	0.670015253253	0.659923848097	0.664534388676	0.671836894875	0.64005928894	0.657590043181	0.686316513242	0.640411090344	0.68366788208
AA4	0.480607105621	0.0	0.708455746915	0.643670531956	0.664669086806	0.648702175249	0.655104573427	0.669196070274	0.675727798093	0.661008784974	0.661980772629	0.666727124016	0.663580994023	0.640744570034	0.504772170593	0.367073580773	0.694695591397	0.686673591893	0.76688357443	0.67421035107	0.705088227621	0.669860451717	0.702471271802	0.69307219177	0.737046167368	0.68864259017	0.66260631144	0.660999296133	0.696170221928	0.679327700639	0.750009134266	0.677230813634	0.691863645215	0.678259290001	0.65930362345	0.654100691043	0.653691783321	0.646691304924	0.643599552716	0.655952983922	0.648028109015	0.662350648018	0.64632374699	0.627987975629	0.682123730309	0.673012963634	0.653477142693	0.652206367515	0.646916399694	0.669556158585	0.66615697809	0.670346013044	0.656507165333	0.660626692686	0.662045021772	0.646830491398	0.655243738541	0.637029431638	0.667401804744	0.655908098497	0.646973874613	0.662441902512
AB3	0.695964788454	0.708455746915	0.0	0.655037145611	0.709568567143	0.752360022909	0.758055921403	0.746323062938	0.722887229152	0.768604120302	0.738741039934	0.73984512124	0.717396451943	0.595692472983	0.71111995357	0.709713546919	0.719642126666	0.743248133247	0.723731241321	0.714828300939	0.727516839579	0.722614216181	0.73478444837	0.74859426665	0.696288077414	0.734382404098	0.720046845918	0.729972115884	0.72348674311	0.727473956953	0.745478707022	0.741024245897	0.736295999487	0.780153481895	0.739922952879	0.765029890076	0.728348551633	0.733100101509	0.760580685586	0.766551919118	0.773978396687	0.733772030216	0.693743698275	0.739884773671	0.802407258514	0.800462306727	0.766272068422	0.777097768158	0.714459891305	0.774496048567	0.760961220663	0.776459044011	0.762773003831	0.770563903005	0.748766187237	0.774193951072	0.76444760836	0.758586045221	0.770731841018	0.775700215983	0.748571423848	0.782784792719
AB4	0.652756931118	0.643670531956	0.655037145611	0.0	0.665863644795	0.680168963762	0.691820223759	0.662096724699	0.688920020832	0.689650029291	0.672845391869	0.668159698958	0.446161094796	0.479752779318	0.682108381985	0.647173403159	0.690757982094	0.694466728251	0.747190734239	0.668709867557	0.700676956059	0.673420864857	0.698378378641	0.708615996795	0.738924197737	0.690786682483	0.645234047549	0.672667707526	0.684003994828	0.691591227027	0.737301844958	0.693117354958	0.712565294506	0.722261682868	0.67848338439	0.686134592673	0.686119827392	0.669589288503	0.695256167192	0.679377615444	0.694308778591	0.680250149456	0.662686052944	0.670367822028	0.727588181623	0.733698630295	0.69390065578	0.705261730568	0.649682791387	0.69932730918	0.686853955345	0.699922260936	0.680963264969	0.687497131399	0.693983455691	0.695415104986	0.701037476654	0.680433955578	0.708956955905	0.693168736974	0.685697181626	0.692635120957
AC3	0.670878511941	0.664669086806	0.709568567143	0.665863644795	0.0	0.514103906256	0.673158359925	0.648308134793	0.663224127258	0.646929726621	0.681255101176	0.439516424176	0.6970090538	0.672592921955	0.675087594548	0.664890103112	0.661761899335	0.692879925825	0.743955866073	0.658260062219	0.705189851921	0.679571775161	0.722956808392	0.712180878135	0.720435839997	0.709209376977	0.691448809243	0.702879901536	0.700217186673	0.676754871024	0.747920009645	0.68855041507	0.693303336996	0.690242777302	0.689023012176	0.692362922689	0.681632828189	0.670490314428	0.687778781468	0.652332099982	0.666689637897	0.647586254156	0.663473161342	0.658121240978	0.724485367527	0.713438044282	0.721450156906	0.704155831701	0.691140530043	0.684171424968	0.681054393754	0.687439881659	0.700957396736	0.689342231364	0.676700456727	0.684598287305	0.688280545856	0.671626701172	0.689345462724	0.682740766678	0.677560913443	0.701036566267
AC4	0.667838167667	0.648702175249	0.752360022909	0.680168963762	0.514103906256	0.0	0.680956485428	0.650805758433	0.654103453441	0.659069900917	0.500554071052	0.396855172858	0.671593799543	0.692769476444	0.674866704121	0.65389589037	0.698184412772	0.687272331768	0.763253877479	0.668244607295	0.722831832767	0.687216057999	0.717829333351	0.711926292442	0.768508282959	0.717808797237	0.678967895063	0.699491941607	0.713684751493	0.688579913668	0.758818381133	0.690131701383	0.687039710535	0.660766195755	0.664351795763	0.669285569975	0.670739917288	0.659511503607	0.668201919566	0.653191365529	0.655682306198	0.662115830863	0.681243591108	0.656172864767	0.678220188786	0.686925692614	0.714945235934	0.692563863984	0.694690938668	0.701281615689	0.690972733446	0.665410611405	0.709727424453	0.696998322214	0.696621207249	0.698611860338	0.688226857691	0.672681667839	0.675806456774	0.688932269522	0.65887033762	0.706025582029
AD3	0.697200984286	0.655104573427	0.758055921403	0.691820223759	0.673158359925	0.680956485428	0.0	0.394218761667	0.680395035998	0.329788851052	0.705248530396	0.665612563584	0.716221414589	0.710071576726	0.698031934005	0.659807387718	0.713686825034	0.689983157135	0.769049430834	0.6724169715	0.725195698923	0.685925057276	0.724191708547	0.697447270664	0.738055518958	0.689630984482	0.694430098339	0.668504166201	0.724771833792	0.675310783396	0.726276902291	0.686218348762	0.719976435252	0.674996094432	0.667373676633	0.665121790828	0.690945431838	0.669394964264	0.631610026868	0.63652371846	0.639878121209	0.685228767051	0.673924287436	0.664062563437	0.702062065059	0.691024403904	0.695462055923	0.694028889428	0.688958099702	0.669580314919	0.697314269029	0.68199583532	0.693787953381	0.684055826309	0.68801452456	0.678307124625	0.680149393163	0.691595320875	0.703448935614	0.667178642296	0.706491123422	0.656183105103
AD4	0.686961881319	0.669196070274	0.746323062938	0.662096724699	0.648308134793	0.650805758433	0.394218761667	0.0	0.587101907142	0.375961090275	0.683344436746	0.646511158017	0.696908066517	0.708005969162	0.691118267074	0.667351884266	0.690295816851	0.658252349162	0.766006203103	0.636984897097	0.705146171989	0.67877643252	0.695698576495	0.683305570228	0.739465392886	0.679007792087	0.677854115444	0.659140979742	0.683406108668	0.650787640359	0.708573919647	0.673226500367	0.689151240361	0.664260460641	0.674846931657	0.672780251698	0.683704051893	0.677228384719	0.645288078444	0.635813797176	0.639070199925	0.695582762352	0.692019019088	0.670525023833	0.687539089427	0.686807951801	0.701128641801	0.683317592922	0.680949782128	0.674950834678	0.686152829181	0.68586104863	0.685503637253	0.668382461628	0.658881413066	0.671848746315	0.68860823684	0.683931174927	0.696261748159	0.674229943425	0.681048266905	0.641197711844
AE3	0.657721183642	0.675727798093	0.722887229152	0.688920020832	0.663224127258	0.654103453441	0.680395035998	0.587101907142	0.0	0.653462456359	0.657045564114	0.671761018364	0.662748034641	0.696255524908	0.669269257414	0.669893394738	0.659021065668	0.672771372571	0.766537066465	0.678616174757	0.719027444577	0.70896870725	0.678494031182	0.692944638233	0.75855948502	0.696623152588	0.662895150892	0.6885114556	0.637249261742	0.667198594543	0.726151537515	0.688884748472	0.62080951562	0.693394171618	0.673499202488	0.693749121023	0.647708295846	0.66903310927	0.655839110478	0.675882368513	0.685658977572	0.655339613509	0.683699131258	0.66437165	0.717860285632	0.722562014413	0.695918489523	0.709359188566	0.699144140939	0.721838092814	0.701287285893	0.719552846532	0.685436864787	0.692249713103	0.65923048203	0.701351161078	0.687364447649	0.707411322722	0.698737638097	0.71136406361	0.64183002524	0.722577031002
AE4	0.70071810727	0.661008784974	0.768604120302	0.689650029291	0.646929726621	0.659069900917	0.329788851052	0.375961090275	0.653462456359	0.0	0.698912886627	0.651677778031	0.7266276957	0.716398815419	0.693493161048	0.669437478925	0.715801854766	0.696757996392	0.775595135538	0.656801893572	0.717636459005	0.682063050978	0.725548572679	0.691275128554	0.741714405352	0.693422257886	0.683026710086	0.676465581167	0.702344999573	0.651319756024	0.721557358313	0.67647764443	0.717498053897	0.661980310526	0.681443989627	0.669313924457	0.694179593713	0.660882758805	0.633688555507	0.626309548246	0.613649611858	0.687443366168	0.669479526053	0.649508971014	0.699943146015	0.685665013758	0.691756307442	0.675520812161	0.693037476526	0.669405310751	0.690176839582	0.675292669954	0.698170460171	0.67468211647	0.685464362209	0.682548124931	0.681807758042	0.686503099013	0.696735744865	0.663433136839	0.689957765273	0.64328179404
AF3	0.653645258527	0.661980772629	0.738741039934	0.672845391869	0.681255101176	0.500554071052	0.705248530396	0.683344436746	0.657045564114	0.698912886627	0.0	0.553073645855	0.671667897915	0.671885615979	0.669754306678	0.659054064074	0.66958380471	0.694609896943	0.7518892144	0.669264586707	0.675049035816	0.688333705246	0.691980302732	0.706807772463	0.769576029069	0.716364399974	0.690835965185	0.701535107067	0.696233077277	0.663687878982	0.713645411643	0.688579105341	0.660948486705	0.675667504362	0.655056261964	0.685222038263	0.655225524417	0.658820056668	0.681147051719	0.670370401857	0.685334523134	0.669597514714	0.677255381401	0.65736194729	0.70141534359	0.708713918496	0.707765452922	0.707913405603	0.695197165661	0.727318969879	0.714869758988	0.709673355235	0.70732671199	0.709214846231	0.701788570715	0.708795507756	0.695789613383	0.706401321543	0.684309961315	0.721997197273	0.651218728991	0.72510702904
AF4	0.686888702146	0.666727124016	0.73984512124	0.668159698958	0.439516424176	0.396855172858	0.665612563584	0.646511158017	0.671761018364	0.651677778031	0.553073645855	0.0	0.6743783429	0.692797502827	0.679835602694	0.665720045149	0.693933168861	0.677963130869	0.762965153794	0.670316091726	0.695919240128	0.671110011269	0.717325430324	0.713783330314	0.753966266022	0.701851874583	0.696466233352	0.691423670185	0.698279269393	0.661472085206	0.744199511727	0.690270802574	0.694213077294	0.661628671234	0.678370895153	0.685752249678	0.685586214577	0.671884423964	0.6691087971	0.653355161014	0.652171444347	0.64820493234	0.677166605538	0.66037669095	0.685016168208	0.682742792184	0.717373813594	0.685427134007	0.696375449217	0.683366962775	0.672832210053	0.68267052981	0.698912455581	0.67477259176	0.687873405336	0.674591627674	0.701451306555	0.68273268947	0.691777100445	0.665928796823	0.672344241519	0.690222154799
AG3	0.65134966462	0.663580994023	0.717396451943	0.446161094796	0.6970090538	0.671593799543	0.716221414589	0.696908066517	0.662748034641	0.7266276957	0.671667897915	0.6743783429	0.0	0.492644641148	0.675418587139	0.663542766616	0.676676904118	0.679889261432	0.763625877527	0.693485188176	0.688441989297	0.700603497974	0.679303709154	0.692410962299	0.741221878606	0.689462040588	0.649162646484	0.693618724524	0.679932136002	0.693763243815	0.736687977498	0.698405884818	0.703368347365	0.717413463887	0.690940251467	0.707939058177	0.692638892539	0.677665694309	0.700721466951	0.69924621765	0.698407700269	0.66005671727	0.679566925199	0.687008570952	0.713273161912	0.724915133785	0.696663868427	0.708750693961	0.660183738318	0.706172592072	0.695987781356	0.713142020479	0.681945866253	0.681867027238	0.68873375099	0.69629955951	0.698556831408	0.71035895532	0.703588533525	0.685429797143	0.69227524757	0.712327909641
AG4	0.644536525032	0.640744570034	0.595692472983	0.479752779318	0.672592921955	0.692769476444	0.710071576726	0.708005969162	0.696255524908	0.716398815419	0.671885615979	0.692797502827	0.492644641148	0.0	0.673708065928	0.642478455812	0.706548060102	0.729339505569	0.723991071186	0.667899457733	0.697648494239	0.683212773147	0.70500381898	0.71188896488	0.733078555958	0.708640829899	0.676334046995	0.699525483877	0.687917834889	0.671502492413	0.746351207946	0.703470774913	0.732696941326	0.739057091578	0.707525956868	0.725352454411	0.694565864699	0.681720550542	0.68853931364	0.704353324384	0.713508707439	0.68759567986	0.686623289067	0.692951939295	0.747290650646	0.749180858797	0.711219561731	0.719889305965	0.660333661184	0.699178588018	0.719713187492	0.729580139284	0.702816198206	0.710554269573	0.712693910353	0.714989107301	0.706881142017	0.704564285751	0.720179071723	0.697183972845	0.697559034364	0.723712876028
AH3	0.672620893539	0.504772170593	0.71111995357	0.682108381985	0.675087594548	0.674866704121	0.698031934005	0.691118267074	0.669269257414	0.693493161048	0.669754306678	0.679835602694	0.675418587139	0.673708065928	0.0	0.553202835157	0.687360151212	0.709858697486	0.771047690912	0.696848862769	0.719868172894	0.702083003656	0.687589096645	0.691137373816	0.74814187076	0.695840414971	0.686500922757	0.700261814479	0.70620084316	0.694255786708	0.752303728928	0.69993112155	0.679855779234	0.710953974288	0.687155461178	0.690917958127	0.686076398016	0.6691759644	0.672249852232	0.691847150346	0.681880343579	0.672626696102	0.675723232635	0.658458326587	0.714003729787	0.718540645501	0.696453044719	0.68481608531	0.697700704335	0.706071476392	0.707156208065	0.721308045854	0.719188552664	0.694084853664	0.677670190969	0.701002354347	0.696961130295	0.699710565033	0.705115104295	0.6858886445	0.685676945696	0.713101884248
AH4	0.463291375202	0.367073580773	0.709713546919	0.647173403159	0.664890103112	0.65389589037	0.659807387718	0.667351884266	0.669893394738	0.669437478925	0.659054064074	0.665720045149	0.663542766616	0.642478455812	0.553202835157	0.0	0.693630304382	0.693319798743	0.764867988571	0.665606137987	0.710551749759	0.67249373135	0.686324544695	0.678534642024	0.73744908158	0.67793838983	0.657612102197	0.659715844447	0.697261539964	0.679889843289	0.742006172723	0.6763872222	0.681578222435	0.686796497395	0.650618033994	0.653827538797	0.658526874012	0.649866531214	0.640671619016	0.661674425887	0.647682207237	0.6682784509	0.659349551357	0.620017845422	0.689309174561	0.671903034622	0.648202969912	0.64694780011	0.65828688209	0.672435721505	0.664366547261	0.666765090312	0.656114980205	0.668920643048	0.655532807066	0.652545754092	0.662085829819	0.633601835693	0.653787334255	0.649548342323	0.651098529895	0.652203722769
AA7	0.678945144418	0.694695591397	0.719642126666	0.690757982094	0.661761899335	0.698184412772	0.713686825034	0.690295816851	0.659021065668	0.715801854766	0.66958380471	0.693933168861	0.676676904118	0.706548060102	0.687360151212	0.693630304382	0.0	0.526230108779	0.7572791829	0.66972929521	0.642264050161	0.666459665294	0.66991421693	0.685722358408	0.700011734695	0.700515628259	0.666847272473	0.680212404165	0.675038006443	0.668918414504	0.707394144256	0.534913672463	0.670199260163	0.729589583201	0.702076600011	0.719920781354	0.668159159995	0.688905942952	0.714161712892	0.728825032608	0.721897810385	0.684640869464	0.696414025609	0.712384556899	0.735902580362	0.737132754346	0.736655189209	0.737818433539	0.711656823225	0.748152851159	0.720564158978	0.736296357165	0.714426072898	0.710802425852	0.692379027922	0.713687734924	0.739322769881	0.729472285533	0.735843603529	0.737079421096	0.683780761255	0.723242091067
AA8	0.678208788771	0.686673591893	0.743248133247	0.694466728251	0.692879925825	0.687272331768	0.689983157135	0.658252349162	0.672771372571	0.696757996392	0.694609896943	0.677963130869	0.679889261432	0.729339505569	0.709858697486	0.693319798743	0.526230108779	0.0	0.770703308507	0.630608070845	0.641679495378	0.651347429213	0.669067242567	0.675673522421	0.708608414828	0.682679693488	0.663961519586	0.65099611629	0.642434458031	0.653272512211	0.541466128018	0.380768156592	0.688854215921	0.716870177996	0.707683124284	0.719831971636	0.687497414639	0.699880198463	0.719968119521	0.705508090549	0.69698881566	0.686334645939	0.706014451997	0.703033219277	0.712379398959	0.71208819825	0.726124633775	0.728165161034	0.71591298202	0.740223981036	0.717273984165	0.732333841227	0.69643468654	0.689948204005	0.68906756687	0.688466157083	0.725518836171	0.731108116908	0.7399510085	0.721314939651	0.704757591661	0.702214613653
AB7	0.749263695329	0.76688357443	0.723731241321	0.747190734239	0.743955866073	0.763253877479	0.769049430834	0.766006203103	0.766537066465	0.775595135538	0.7518892144	0.762965153794	0.763625877527	0.723991071186	0.771047690912	0.764867988571	0.7572791829	0.770703308507	0.0	0.570567506709	0.743453666717	0.737572499694	0.779545471648	0.786904008964	0.738077703488	0.779119719304	0.761028891137	0.76912493635	0.751545647274	0.624831790892	0.757278819891	0.766203946728	0.772997277211	0.789201459752	0.773970457981	0.795704470621	0.757391293362	0.751325524803	0.803530951397	0.786746040333	0.791495104987	0.72014864792	0.74457935908	0.770211313145	0.799163047963	0.802298296179	0.81970280269	0.81464664118	0.77802846726	0.80349025502	0.81175666561	0.802320870318	0.803115720049	0.793379034046	0.784091678875	0.805645696334	0.797521835228	0.802349300339	0.807322030884	0.799007820489	0.784807006273	0.811661773592
AB8	0.674906228721	0.67421035107	0.714828300939	0.668709867557	0.658260062219	0.668244607295	0.6724169715	0.636984897097	0.678616174757	0.656801893572	0.669264586707	0.670316091726	0.693485188176	0.667899457733	0.696848862769	0.665606137987	0.66972929521	0.630608070845	0.570567506709	0.0	0.656975027237	0.610720812138	0.678447576481	0.665721658018	0.689157825664	0.654832057374	0.65054504725	0.645759369736	0.539405636981	0.410672459192	0.680799244632	0.621731242875	0.699552530615	0.68194241253	0.6868436589	0.685196373642	0.677057366055	0.659980852812	0.694236453537	0.674197332068	0.668095596435	0.657274322668	0.662031810283	0.665651383831	0.70310968988	0.697680125337	0.728018061219	0.709381011206	0.694535354841	0.712765476902	0.6943251358	0.708747830955	0.6856733127	0.692560446944	0.694076643833	0.684918818158	0.703109145558	0.704811585143	0.707652522476	0.708020166631	0.680133254922	0.699924656824
AC7	0.699624414497	0.705088227621	0.727516839579	0.700676956059	0.705189851921	0.722831832767	0.725195698923	0.705146171989	0.719027444577	0.717636459005	0.675049035816	0.695919240128	0.688441989297	0.697648494239	0.719868172894	0.710551749759	0.642264050161	0.641679495378	0.743453666717	0.656975027237	0.0	0.466056942475	0.683394845138	0.68698189061	0.703251097959	0.69168712895	0.69685701069	0.590437826363	0.641112318375	0.631829770043	0.657718998024	0.64868451697	0.725136330921	0.687485895864	0.719469529822	0.736016966382	0.699731158783	0.714097182708	0.716068803432	0.726682847623	0.722527530151	0.711334930363	0.726914535723	0.704445263902	0.696338766088	0.706902083726	0.748534948239	0.755057359881	0.713680925141	0.73942411097	0.742527507724	0.747617998108	0.712664333439	0.686850529164	0.689833133492	0.697800012734	0.755456758208	0.735942892607	0.746399887636	0.726282983688	0.698335243118	0.732157397947
AC8	0.688757394402	0.669860451717	0.722614216181	0.673420864857	0.679571775161	0.687216057999	0.685925057276	0.67877643252	0.70896870725	0.682063050978	0.688333705246	0.671110011269	0.700603497974	0.683212773147	0.702083003656	0.67249373135	0.666459665294	0.651347429213	0.737572499694	0.610720812138	0.466056942475	0.0	0.682155439136	0.669409244644	0.70761129004	0.659364715539	0.557203494439	0.467889362681	0.628992782792	0.610542899895	0.686518986167	0.629410488522	0.707954448166	0.669239196458	0.699397585012	0.698751899325	0.686733738688	0.685026843259	0.682600322873	0.695818020881	0.692710480665	0.695122511244	0.689236523138	0.668686146498	0.681215926915	0.676179419595	0.721078101042	0.710562407392	0.695890827851	0.713338441155	0.69749455384	0.690863373385	0.673951902185	0.661597325573	0.67312326875	0.658907965797	0.720567556837	0.670133117486	0.721370498135	0.698802988143	0.674999614889	0.691861157704
AD7	0.680393424958	0.702471271802	0.73478444837	0.698378378641	0.722956808392	0.717829333351	0.724191708547	0.695698576495	0.678494031182	0.725548572679	0.691980302732	0.717325430324	0.679303709154	0.70500381898	0.687589096645	0.686324544695	0.66991421693	0.669067242567	0.779545471648	0.678447576481	0.683394845138	0.682155439136	0.0	0.489353435135	0.719144245175	0.516095459038	0.669073929215	0.684937152183	0.670918539129	0.675703449508	0.706299269497	0.670373727315	0.672931170872	0.715486211153	0.722292968296	0.72263591605	0.692282260624	0.679536965046	0.693120088842	0.713465643785	0.699097909607	0.669462735643	0.694449996181	0.697640201198	0.70435598922	0.689296460648	0.716160417272	0.712230461503	0.691698396512	0.721497228646	0.690141068659	0.725115698456	0.698318055183	0.666462974172	0.673416974697	0.69825014183	0.700033961243	0.70308313055	0.715816817645	0.707883976939	0.677826110789	0.712956588067
AD8	0.700788060483	0.69307219177	0.74859426665	0.708615996795	0.712180878135	0.711926292442	0.697447270664	0.683305570228	0.692944638233	0.691275128554	0.706807772463	0.713783330314	0.692410962299	0.71188896488	0.691137373816	0.678534642024	0.685722358408	0.675673522421	0.786904008964	0.665721658018	0.68698189061	0.669409244644	0.489353435135	0.0	0.577802031489	0.375391757855	0.644076927601	0.656826507405	0.688964196437	0.668746281656	0.701583619156	0.661793292601	0.698385707877	0.703453909474	0.726904843758	0.706176957222	0.700952211093	0.681525423901	0.697386014101	0.71463200711	0.698797814118	0.691081325028	0.696061863539	0.685093734259	0.699378385643	0.705910423578	0.719328858603	0.709144729587	0.69672319767	0.716757370087	0.70048217966	0.722743432922	0.687686549635	0.66968796994	0.676271362402	0.685207031793	0.708886904121	0.714475116114	0.714381007683	0.711312245847	0.699200550969	0.712847857011
AE7	0.736722815626	0.737046167368	0.696288077414	0.738924197737	0.720435839997	0.768508282959	0.738055518958	0.739465392886	0.75855948502	0.741714405352	0.769576029069	0.753966266022	0.741221878606	0.733078555958	0.74814187076	0.73744908158	0.700011734695	0.708608414828	0.738077703488	0.689157825664	0.703251097959	0.70761129004	0.719144245175	0.577802031489	0.0	0.535784091373	0.719432084655	0.716527569531	0.71556735432	0.701991272906	0.744510976863	0.707212424088	0.757306308572	0.766356711915	0.754052304695	0.761257928924	0.745361366328	0.75210156295	0.762361831319	0.771948823428	0.773105088714	0.747129767151	0.719157181139	0.739239502232	0.766233187454	0.775159295594	0.779709839204	0.783997208532	0.745125195385	0.77116970478	0.765885321259	0.791088274193	0.758783244404	0.755481264545	0.751917101489	0.756843191311	0.787304089533	0.781700581328	0.791958060021	0.777201561963	0.765736543902	0.780687667306
AE8	0.704397137171	0.68864259017	0.734382404098	0.690786682483	0.709209376977	0.717808797237	0.689630984482	0.679007792087	0.696623152588	0.693422257886	0.716364399974	0.701851874583	0.689462040588	0.708640829899	0.695840414971	0.67793838983	0.700515628259	0.682679693488	0.779119719304	0.654832057374	0.69168712895	0.659364715539	0.516095459038	0.375391757855	0.535784091373	0.0	0.638200978446	0.650825866746	0.675261858132	0.650919638892	0.722151372298	0.681259950563	0.705893046026	0.70698956252	0.721178841423	0.712959643736	0.704895956084	0.690033653981	0.695511772353	0.722510269169	0.697999634966	0.691739433823	0.694897633866	0.685673857596	0.696149275967	0.708850246239	0.718627624084	0.705406059845	0.696938073677	0.724526687927	0.696574967756	0.720928436518	0.685354498616	0.673754591799	0.691167481904	0.68457558567	0.712243175295	0.717420501951	0.732066536326	0.715636365955	0.704988971359	0.707134629432
AF7	0.658273775172	0.66260631144	0.720046845918	0.645234047549	0.691448809243	0.678967895063	0.694430098339	0.677854115444	0.662895150892	0.683026710086	0.690835965185	0.696466233352	0.649162646484	0.676334046995	0.686500922757	0.657612102197	0.666847272473	0.663961519586	0.761028891137	0.65054504725	0.69685701069	0.557203494439	0.669073929215	0.644076927601	0.719432084655	0.638200978446	0.0	0.48844418246	0.647820913237	0.649640828269	0.70878590796	0.643541048731	0.68090872069	0.706410888193	0.690258972679	0.690930022798	0.682269255541	0.667220080033	0.673018872283	0.691898818055	0.688736246131	0.674830880557	0.686247542917	0.646382428295	0.720638394909	0.726528830697	0.704154257725	0.679153587777	0.669069113634	0.720824113776	0.677959046407	0.694185451313	0.658698817994	0.674911744893	0.68207505174	0.687551892473	0.676218631641	0.686053747236	0.698985522038	0.69307029001	0.662604568599	0.689719549784
AF8	0.684388969168	0.660999296133	0.729972115884	0.672667707526	0.702879901536	0.699491941607	0.668504166201	0.659140979742	0.6885114556	0.676465581167	0.701535107067	0.691423670185	0.693618724524	0.699525483877	0.700261814479	0.659715844447	0.680212404165	0.65099611629	0.76912493635	0.645759369736	0.590437826363	0.467889362681	0.684937152183	0.656826507405	0.716527569531	0.650825866746	0.48844418246	0.0	0.654382984886	0.634856073712	0.70172601462	0.628372315556	0.697419369472	0.669376545619	0.684735396589	0.686299984082	0.673203973265	0.670241196365	0.668441665034	0.696715283384	0.683202441718	0.694801121419	0.702233405356	0.665139865648	0.689400432048	0.68846084783	0.699748582915	0.692794670972	0.672410735259	0.714521119923	0.686440383421	0.679105917696	0.67458350482	0.66088692109	0.676664974983	0.658178324536	0.678893626405	0.683227923707	0.713262613523	0.697104025659	0.663104321745	0.682375643175
AG7	0.692289624006	0.696170221928	0.72348674311	0.684003994828	0.700217186673	0.713684751493	0.724771833792	0.683406108668	0.637249261742	0.702344999573	0.696233077277	0.698279269393	0.679932136002	0.687917834889	0.70620084316	0.697261539964	0.675038006443	0.642434458031	0.751545647274	0.539405636981	0.641112318375	0.628992782792	0.670918539129	0.688964196437	0.71556735432	0.675261858132	0.647820913237	0.654382984886	0.0	0.481556777707	0.688316286145	0.656108303085	0.677078142793	0.701883175876	0.689431726824	0.709531390829	0.672974926676	0.68676990566	0.700569462318	0.696506897213	0.688542647002	0.692831231213	0.687789710047	0.67617677829	0.711262331946	0.718193209094	0.735122862143	0.712570252184	0.703825183844	0.735953711597	0.685236840108	0.732839923823	0.690740395207	0.682854465299	0.685242772923	0.698858073897	0.704792818097	0.71806538205	0.717817045085	0.722382436639	0.674837768337	0.720912449804
AG8	0.68385024359	0.679327700639	0.727473956953	0.691591227027	0.676754871024	0.688579913668	0.675310783396	0.650787640359	0.667198594543	0.651319756024	0.663687878982	0.661472085206	0.693763243815	0.671502492413	0.694255786708	0.679889843289	0.668918414504	0.653272512211	0.624831790892	0.410672459192	0.631829770043	0.610542899895	0.675703449508	0.668746281656	0.701991272906	0.650919638892	0.649640828269	0.634856073712	0.481556777707	0.0	0.696806513027	0.641637778969	0.688990541535	0.667890650464	0.682135030671	0.68429204486	0.639111138842	0.644402864751	0.67873302255	0.681532605248	0.671067324452	0.658469190281	0.660127996343	0.659448972994	0.686847440224	0.678904546506	0.718820525517	0.700078395634	0.679152318469	0.71556955846	0.695023271212	0.708406990064	0.68278013235	0.672889900202	0.671111464907	0.685072474849	0.692178646695	0.708710836309	0.703637024424	0.702435662913	0.667572536584	0.70093029499
AH7	0.731853933646	0.750009134266	0.745478707022	0.737301844958	0.747920009645	0.758818381133	0.726276902291	0.708573919647	0.726151537515	0.721557358313	0.713645411643	0.744199511727	0.736687977498	0.746351207946	0.752303728928	0.742006172723	0.707394144256	0.541466128018	0.757278819891	0.680799244632	0.657718998024	0.686518986167	0.706299269497	0.701583619156	0.744510976863	0.722151372298	0.70878590796	0.70172601462	0.688316286145	0.696806513027	0.0	0.524371821803	0.713699139615	0.761716136987	0.770331889957	0.769395633115	0.740768484691	0.744138851374	0.769801569972	0.754185980705	0.752051063782	0.737990186856	0.749824688195	0.742620648153	0.773443583748	0.769187517656	0.770566184967	0.777858446536	0.760898628783	0.779751894095	0.778647312659	0.789092424152	0.750416103928	0.740373743436	0.735616014751	0.730240739171	0.777218292339	0.793689877227	0.784449618928	0.762226114909	0.753084813203	0.731074059416
AH8	0.681701149523	0.677230813634	0.741024245897	0.693117354958	0.68855041507	0.690131701383	0.686218348762	0.673226500367	0.688884748472	0.67647764443	0.688579105341	0.690270802574	0.698405884818	0.703470774913	0.69993112155	0.6763872222	0.534913672463	0.380768156592	0.766203946728	0.621731242875	0.64868451697	0.629410488522	0.670373727315	0.661793292601	0.707212424088	0.681259950563	0.643541048731	0.628372315556	0.656108303085	0.641637778969	0.524371821803	0.0	0.692979035565	0.699668184148	0.708941035837	0.711029577673	0.681311353499	0.681979954242	0.703885238794	0.687909735299	0.692605854752	0.693492851704	0.700639459871	0.688007626183	0.710258749983	0.708736706345	0.716597824435	0.721113956018	0.716226725714	0.723613881192	0.710136714307	0.718571287809	0.694278900991	0.685899265174	0.681629138148	0.678383841767	0.718286208619	0.718947942013	0.738939258536	0.705295862268	0.688503276449	0.696010721709
AA5	0.667693267102	0.691863645215	0.736295999487	0.712565294506	0.693303336996	0.687039710535	0.719976435252	0.689151240361	0.62080951562	0.717498053897	0.660948486705	0.694213077294	0.703368347365	0.732696941326	0.679855779234	0.681578222435	0.670199260163	0.688854215921	0.772997277211	0.699552530615	0.725136330921	0.707954448166	0.672931170872	0.698385707877	0.757306308572	0.705893046026	0.68090872069	0.697419369472	0.677078142793	0.688990541535	0.713699139615	0.692979035565	0.0	0.607083857265	0.692854345095	0.708483460033	0.651256219294	0.660080650773	0.705399212951	0.708687208622	0.696386612739	0.669686887516	0.668928014042	0.664666894063	0.729077668468	0.684394289357	0.702199865781	0.712202021217	0.711095467298	0.723880857421	0.713449040389	0.72410203632	0.700706992629	0.708328349445	0.681793918462	0.706178185383	0.686048168099	0.700977322735	0.675495074449	0.716848828771	0.658730178809	0.734251948662
AA6	0.6885640868	0.678259290001	0.780153481895	0.722261682868	0.690242777302	0.660766195755	0.674996094432	0.664260460641	0.693394171618	0.661980310526	0.675667504362	0.661628671234	0.717413463887	0.739057091578	0.710953974288	0.686796497395	0.729589583201	0.716870177996	0.789201459752	0.68194241253	0.687485895864	0.669239196458	0.715486211153	0.703453909474	0.766356711915	0.70698956252	0.706410888193	0.669376545619	0.701883175876	0.667890650464	0.761716136987	0.699668184148	0.607083857265	0.0	0.690859012038	0.67115409527	0.656949888812	0.650640699569	0.665344724	0.661577757073	0.654640089972	0.678489065963	0.666746141987	0.655135582192	0.505582554429	0.450543567103	0.686751143462	0.691334806581	0.684747194294	0.687827333729	0.673406783381	0.647768481227	0.689744841356	0.690254485431	0.694285367283	0.686543898417	0.683790711953	0.661491339526	0.674956255602	0.688502072232	0.638288644443	0.693372050277
AB5	0.674654319593	0.65930362345	0.739922952879	0.67848338439	0.689023012176	0.664351795763	0.667373676633	0.674846931657	0.673499202488	0.681443989627	0.655056261964	0.678370895153	0.690940251467	0.707525956868	0.687155461178	0.650618033994	0.702076600011	0.707683124284	0.773970457981	0.6868436589	0.719469529822	0.699397585012	0.722292968296	0.726904843758	0.754052304695	0.721178841423	0.690258972679	0.684735396589	0.689431726824	0.682135030671	0.770331889957	0.708941035837	0.692854345095	0.690859012038	0.0	0.427488399598	0.659561685872	0.676062012354	0.661534470946	0.63758398167	0.653838710357	0.687116120152	0.687515532674	0.659770475342	0.707337245464	0.699194807103	0.659843662973	0.68859125402	0.680580169447	0.709825498232	0.693006931842	0.690485900504	0.663255963243	0.6920545327	0.702933151107	0.683830840374	0.698810584504	0.67091916181	0.711778578213	0.704614012047	0.654191840894	0.701644883085
AB6	0.684743876795	0.654100691043	0.765029890076	0.686134592673	0.692362922689	0.669285569975	0.665121790828	0.672780251698	0.693749121023	0.669313924457	0.685222038263	0.685752249678	0.707939058177	0.725352454411	0.690917958127	0.653827538797	0.719920781354	0.719831971636	0.795704470621	0.685196373642	0.736016966382	0.698751899325	0.72263591605	0.706176957222	0.761257928924	0.712959643736	0.690930022798	0.686299984082	0.709531390829	0.68429204486	0.769395633115	0.711029577673	0.708483460033	0.67115409527	0.427488399598	0.0	0.665844633351	0.660318558818	0.655557169304	0.642580561803	0.638240734783	0.696806236392	0.66747660712	0.55854790177	0.694796388491	0.680858679114	0.657779807052	0.683292818764	0.662444213883	0.696200486739	0.68315065127	0.67889204625	0.667424569396	0.689147234607	0.674278058436	0.66334837704	0.688524423482	0.663588628472	0.692627430879	0.687956832536	0.662727876227	0.693579420311
AC5	0.634626186612	0.653691783321	0.728348551633	0.686119827392	0.681632828189	0.670739917288	0.690945431838	0.683704051893	0.647708295846	0.694179593713	0.655225524417	0.685586214577	0.692638892539	0.694565864699	0.686076398016	0.658526874012	0.668159159995	0.687497414639	0.757391293362	0.677057366055	0.699731158783	0.686733738688	0.692282260624	0.700952211093	0.745361366328	0.704895956084	0.682269255541	0.673203973265	0.672974926676	0.639111138842	0.740768484691	0.681311353499	0.651256219294	0.656949888812	0.659561685872	0.665844633351	0.0	0.492475015351	0.633459218535	0.657208229885	0.659728804685	0.656560057098	0.598197872683	0.646035713725	0.669034134401	0.672688397646	0.650326153007	0.695796284716	0.637289294374	0.695528256697	0.662783855953	0.662601225228	0.661240263772	0.664116004436	0.635455106017	0.671688871727	0.661048041337	0.662207137552	0.651913524973	0.692184631584	0.640188511362	0.706748699033
AC6	0.662268645958	0.646691304924	0.733100101509	0.669589288503	0.670490314428	0.659511503607	0.669394964264	0.677228384719	0.66903310927	0.660882758805	0.658820056668	0.671884423964	0.677665694309	0.681720550542	0.6691759644	0.649866531214	0.688905942952	0.699880198463	0.751325524803	0.659980852812	0.714097182708	0.685026843259	0.679536965046	0.681525423901	0.75210156295	0.690033653981	0.667220080033	0.670241196365	0.68676990566	0.644402864751	0.744138851374	0.681979954242	0.660080650773	0.650640699569	0.676062012354	0.660318558818	0.492475015351	0.0	0.627053206429	0.643848688785	0.62294132101	0.527182494187	0.487690872577	0.611667492877	0.652849423516	0.664399976527	0.65210930008	0.676856304561	0.622327800118	0.661345931599	0.672085257461	0.666726704266	0.671801635635	0.650312373133	0.649563825211	0.661371531508	0.630401988292	0.660099605681	0.640866006039	0.665794576499	0.654855110539	0.684829097673
AD6	0.683407695111	0.643599552716	0.760580685586	0.695256167192	0.687778781468	0.668201919566	0.631610026868	0.645288078444	0.655839110478	0.633688555507	0.681147051719	0.6691087971	0.700721466951	0.68853931364	0.672249852232	0.640671619016	0.714161712892	0.719968119521	0.803530951397	0.694236453537	0.716068803432	0.682600322873	0.693120088842	0.697386014101	0.762361831319	0.695511772353	0.673018872283	0.668441665034	0.700569462318	0.67873302255	0.769801569972	0.703885238794	0.705399212951	0.665344724	0.661534470946	0.655557169304	0.633459218535	0.627053206429	0.0	0.534205802123	0.430511594883	0.668080080583	0.658531890545	0.656592317612	0.663994579903	0.679663253935	0.664649634878	0.669507993858	0.657789784555	0.666502281229	0.687255420221	0.688140474689	0.678044754108	0.644356732656	0.66244963767	0.661744847537	0.656868126172	0.665119899358	0.669398600737	0.661347589335	0.641834906778	0.666695012378
AE5	0.669241321014	0.655952983922	0.766551919118	0.679377615444	0.652332099982	0.653191365529	0.63652371846	0.635813797176	0.675882368513	0.626309548246	0.670370401857	0.653355161014	0.69924621765	0.704353324384	0.691847150346	0.661674425887	0.728825032608	0.705508090549	0.786746040333	0.674197332068	0.726682847623	0.695818020881	0.713465643785	0.71463200711	0.771948823428	0.722510269169	0.691898818055	0.696715283384	0.696506897213	0.681532605248	0.754185980705	0.687909735299	0.708687208622	0.661577757073	0.63758398167	0.642580561803	0.657208229885	0.643848688785	0.534205802123	0.0	0.409226880405	0.674999168851	0.654440992785	0.648057030914	0.682213142072	0.677874565938	0.674647912008	0.681083617496	0.671568132224	0.670449543763	0.676864017738	0.687349180056	0.651706877828	0.651961119516	0.660063838806	0.651883795904	0.66700705807	0.671329939843	0.675252407758	0.658939010991	0.63249375405	0.689922459678
AE6	0.676479575867	0.648028109015	0.773978396687	0.694308778591	0.666689637897	0.655682306198	0.639878121209	0.639070199925	0.685658977572	0.613649611858	0.685334523134	0.652171444347	0.698407700269	0.713508707439	0.681880343579	0.647682207237	0.721897810385	0.69698881566	0.791495104987	0.668095596435	0.722527530151	0.692710480665	0.699097909607	0.698797814118	0.773105088714	0.697999634966	0.688736246131	0.683202441718	0.688542647002	0.671067324452	0.752051063782	0.692605854752	0.696386612739	0.654640089972	0.653838710357	0.638240734783	0.659728804685	0.62294132101	0.430511594883	0.409226880405	0.0	0.652720441242	0.65626848091	0.648669224882	0.659643228658	0.663532056944	0.670591420411	0.663662075601	0.655514342364	0.666756850469	0.664642085475	0.670908208985	0.649153420042	0.627317837369	0.649506131491	0.633707832503	0.650930352122	0.654149479852	0.667395422062	0.648477585184	0.630005243409	0.667309591912
AF5	0.677359472205	0.662350648018	0.733772030216	0.680250149456	0.647586254156	0.662115830863	0.685228767051	0.695582762352	0.655339613509	0.687443366168	0.669597514714	0.64820493234	0.66005671727	0.68759567986	0.672626696102	0.6682784509	0.684640869464	0.686334645939	0.72014864792	0.657274322668	0.711334930363	0.695122511244	0.669462735643	0.691081325028	0.747129767151	0.691739433823	0.674830880557	0.694801121419	0.692831231213	0.658469190281	0.737990186856	0.693492851704	0.669686887516	0.678489065963	0.687116120152	0.696806236392	0.656560057098	0.527182494187	0.668080080583	0.674999168851	0.652720441242	0.0	0.488674254646	0.648518051189	0.687886132442	0.698203495254	0.705598126074	0.698423367307	0.671179010255	0.699281781011	0.693171750065	0.71176907285	0.690392133479	0.693964231773	0.69101331517	0.707803199837	0.665702414307	0.708414790578	0.679250513773	0.677198002019	0.652105560573	0.723031397037
AF6	0.675116066335	0.64632374699	0.693743698275	0.662686052944	0.663473161342	0.681243591108	0.673924287436	0.692019019088	0.683699131258	0.669479526053	0.677255381401	0.677166605538	0.679566925199	0.686623289067	0.675723232635	0.659349551357	0.696414025609	0.706014451997	0.74457935908	0.662031810283	0.726914535723	0.689236523138	0.694449996181	0.696061863539	0.719157181139	0.694897633866	0.686247542917	0.702233405356	0.687789710047	0.660127996343	0.749824688195	0.700639459871	0.668928014042	0.666746141987	0.687515532674	0.66747660712	0.598197872683	0.487690872577	0.658531890545	0.654440992785	0.65626848091	0.488674254646	0.0	0.618230760874	0.687533166313	0.686890003345	0.682436414295	0.691575732484	0.650650697153	0.672019208507	0.686644379935	0.689663322845	0.702103041133	0.691885992262	0.676170974821	0.687672876074	0.647415011359	0.693593598869	0.65198983764	0.668491090097	0.666089887143	0.701999298994
