	AA3	AA4	AB3	AB4	AC3	AC4	AD3	AD4	AE3	AE4	AF3	AF4	AG3	AG4	AH3	AH4	AA7	AA8	AB7	AB8	AC7	AC8	AD7	AD8	AE7	AE8	AF7	AF8	AG7	AG8	AH7	AH8	AA5	AA6	AB5	AB6	AC5	AC6	AD6	AE5	AE6	AF5	AF6	AG5	AH5	AH6	AA1	AA2	AB1	AB2	AC1	AC2	AD1	AD2	AE1	AE2	AF1	AF2	AG1	AG2	AH1	AH2
AA3	0.0	0.484490246678	0.702161096726	0.651320588618	0.675816687899	0.676647548836	0.696683685648	0.701469356596	0.652805193135	0.686782846072	0.648092570768	0.681002941892	0.646042572358	0.638237348077	0.681461471462	0.489529332403	0.675824117266	0.679939347457	0.758639569559	0.679971323887	0.698607649023	0.685931915617	0.684799845775	0.691527530238	0.731126668089	0.687479973304	0.657564098793	0.694962829573	0.700422427359	0.672150785099	0.730584923739	0.683886548126	0.642549774866	0.68506626951	0.675343823346	0.680875645845	0.646270043106	0.652195590981	0.664667264526	0.677738990752	0.679452815017	0.680715728411	0.65284236931	0.647807715661	0.689886560388	0.696187319504	0.670321346811	0.691842735697	0.655081963289	0.69035543947	0.675621638115	0.677902456809	0.635329228538	0.658813127842	0.672694336663	0.678183263028	0.66164162312	0.685325699941	0.661822505788	0.68350838321	0.649847447873	0.678704224942
AA4	0.484490246678	0.0	0.715425975319	0.610405594538	0.65113830581	0.642180363631	0.660825654141	0.681847052757	0.677903535914	0.648354328923	0.654109509018	0.645038774478	0.655261780552	0.623895685149	0.491647763072	0.362113281441	0.699924605629	0.693820505385	0.767363371724	0.683771229496	0.696449737383	0.658817003681	0.691606343586	0.691016240084	0.72369340018	0.684537959183	0.655234271345	0.663982625147	0.696669547163	0.676498883272	0.74377001881	0.682770399037	0.652378079372	0.663905856931	0.665490299098	0.670095730834	0.650343587118	0.654939220001	0.64992566708	0.652121079171	0.65077690803	0.684068627983	0.649752492098	0.640160664651	0.673167522048	0.667979817511	0.6557979702	0.658529328379	0.65056916134	0.650529827789	0.676490554028	0.663098264259	0.634935504776	0.653062374686	0.674034845283	0.659891854404	0.647788970278	0.662779929708	0.641661829492	0.65987346509	0.645813251088	0.652293671346
AB3	0.702161096726	0.715425975319	0.0	0.675483534421	0.69183646154	0.725150235648	0.753579717109	0.763564557086	0.68891523446	0.751317476609	0.709077799116	0.722278707144	0.709102566726	0.602983695696	0.689329757595	0.720945199193	0.709170149383	0.748967297219	0.696480624751	0.704294405003	0.700376141413	0.737069196648	0.739039422742	0.761361734226	0.714775156738	0.746407753201	0.724302892079	0.749797689968	0.694288500683	0.6908142222	0.73060744348	0.717742171336	0.700650439292	0.780121985468	0.723311271432	0.759982389245	0.728686015733	0.733451949397	0.756799918496	0.752378567995	0.771319433226	0.700896377862	0.7025239035	0.72346170285	0.787631921932	0.791973521031	0.775227717078	0.785207153046	0.718331559797	0.7705738188	0.786413343632	0.785630779016	0.752845297074	0.772356410651	0.756093466658	0.773221603871	0.760574465512	0.793318379903	0.755825305081	0.766240770106	0.738199397613	0.779342806672
AB4	0.651320588618	0.610405594538	0.675483534421	0.0	0.68292452579	0.678588304124	0.699093979458	0.699756093228	0.694982649796	0.683886334988	0.66336837851	0.673408442742	0.436997266527	0.435091639267	0.664226331961	0.631451911363	0.714957833889	0.710758033464	0.766101813545	0.696463403069	0.699960830248	0.686861089435	0.704259868249	0.707870674503	0.730744043648	0.70008367908	0.667746750023	0.690581763733	0.684013367343	0.693493649564	0.741797387312	0.70236926061	0.706397645232	0.70819324999	0.694740863897	0.700365766722	0.685383952327	0.679141907143	0.693926819531	0.694073494618	0.691630634118	0.675716562644	0.65418887095	0.677814577142	0.725584720445	0.73130015569	0.703902355047	0.689541934749	0.65740275705	0.702714427298	0.708618979306	0.695988371728	0.669827174448	0.686757844212	0.696417206854	0.696831137505	0.689735440089	0.721161097095	0.682649452119	0.684272872229	0.68455300311	0.682640410685
AC3	0.675816687899	0.65113830581	0.69183646154	0.68292452579	0.0	0.506805755175	0.676191430705	0.67340614304	0.645165009643	0.662434014168	0.674088257617	0.432405046572	0.684211238628	0.673495674969	0.66646368589	0.66285157442	0.668793991168	0.705137106698	0.753659858448	0.681111933528	0.712454449475	0.709560916014	0.726098337476	0.716225020243	0.723917689996	0.712370529956	0.701729189161	0.713732047355	0.699129097361	0.685690949753	0.749325191242	0.681802416338	0.660878143731	0.690098758538	0.690918068842	0.690508551193	0.673368142706	0.654954761684	0.670230620301	0.661270268955	0.667269623627	0.646256631883	0.661516690915	0.64495722219	0.72431443831	0.709791610753	0.707787226216	0.6988190369	0.68874613394	0.696072158416	0.708523426743	0.685795267288	0.68587039079	0.692489606679	0.683540070545	0.694741858256	0.69695110744	0.693153037452	0.686852625935	0.682911237222	0.688670272606	0.697500711059
AC4	0.676647548836	0.642180363631	0.725150235648	0.678588304124	0.506805755175	0.0	0.668191716903	0.655018667921	0.649732572136	0.663090732847	0.509009586947	0.386983747691	0.679051490585	0.672793982112	0.659137800991	0.64897417817	0.674964531881	0.678005988761	0.760980447398	0.659407569227	0.698171807243	0.677461655142	0.703910738858	0.704331872235	0.742298092635	0.6981246243	0.679442064905	0.679614834836	0.704661909895	0.667717586663	0.735794078968	0.674427735457	0.663794653943	0.679001187178	0.666388389743	0.665399163267	0.667882020985	0.644214400922	0.652096223303	0.640642953684	0.648475670966	0.655589984849	0.642019692865	0.641609751467	0.684253617997	0.676326003366	0.711632660331	0.688618041709	0.691836196953	0.684046752308	0.702622897565	0.692105326179	0.689207780199	0.693053705644	0.709696710342	0.712655613055	0.688870291138	0.669867302812	0.690556465745	0.677757123437	0.66816412577	0.689012911838
AD3	0.696683685648	0.660825654141	0.753579717109	0.699093979458	0.676191430705	0.668191716903	0.0	0.395940335828	0.669307338923	0.369638258419	0.711813865993	0.664010222034	0.717067123466	0.697884208278	0.692314352308	0.666894512793	0.70224748245	0.694515399201	0.77038153021	0.67240848627	0.719227264315	0.68190352378	0.727132280169	0.713750120265	0.728049325018	0.684260974855	0.673157046816	0.676329979126	0.715710553988	0.676265861205	0.725342728936	0.687181479832	0.708276510602	0.654496273596	0.683509620585	0.68126641975	0.692898055974	0.672884711859	0.633266258028	0.650199072983	0.621409072044	0.675271872093	0.686976475578	0.675806337105	0.692547186488	0.693581648378	0.69785118661	0.677684809704	0.685888154807	0.66651036535	0.689543538219	0.6834826211	0.682120794822	0.665220732382	0.700040068754	0.670169331676	0.668025227923	0.656675661799	0.676357138913	0.66477364384	0.707612236823	0.647896269719
AD4	0.701469356596	0.681847052757	0.763564557086	0.699756093228	0.67340614304	0.655018667921	0.395940335828	0.0	0.579501653575	0.411332059836	0.690976098926	0.654464288206	0.703239874573	0.696334835182	0.692579988334	0.679719944617	0.696080413342	0.670044208345	0.782978820612	0.654424217281	0.708356272723	0.691957920381	0.716727115158	0.694512575962	0.737824324804	0.688395714973	0.680541768523	0.679554692581	0.671906397179	0.661307381328	0.712537903827	0.680868921208	0.704938574972	0.662095441056	0.68686592712	0.676789971434	0.67313810951	0.671837000157	0.648366413765	0.648471034592	0.633092822126	0.676480108523	0.685778429677	0.661824513808	0.685695973204	0.684632628361	0.695903848097	0.666089200607	0.68400809528	0.685892150822	0.686738915484	0.691485160775	0.673636262049	0.664860837139	0.66922095837	0.667370758121	0.687565371976	0.661272301497	0.690235042698	0.677963990998	0.69692241401	0.639768194121
AE3	0.652805193135	0.677903535914	0.68891523446	0.694982649796	0.645165009643	0.649732572136	0.669307338923	0.579501653575	0.0	0.631766945132	0.646686609895	0.673673274394	0.675820998908	0.678376683779	0.654540084336	0.670870957341	0.643580910631	0.671323901837	0.765471772137	0.678494080338	0.720100874171	0.713247607254	0.672651153876	0.685867347973	0.73644963229	0.695870995701	0.648225163384	0.714479705102	0.66817386048	0.671362134463	0.73050601176	0.679475264918	0.625927097156	0.691148093122	0.68691774093	0.703152036437	0.653070898095	0.655414194486	0.681145192055	0.660352796367	0.674385459471	0.641160515237	0.654393948325	0.653236373326	0.724927503231	0.723832039468	0.689488297684	0.705864872082	0.692281417551	0.718246425992	0.69717038631	0.709056917824	0.670828125755	0.67915273607	0.676360381586	0.690016821401	0.685187047703	0.697723341713	0.703111815614	0.702405348013	0.655448349403	0.70773941921
AE4	0.686782846072	0.648354328923	0.751317476609	0.683886334988	0.662434014168	0.663090732847	0.369638258419	0.411332059836	0.631766945132	0.0	0.705291909927	0.650845336494	0.696475535189	0.687043458486	0.693118227623	0.661271171921	0.719644015694	0.683539482346	0.763419493928	0.651764574892	0.714247275765	0.67591083658	0.71760233539	0.703267483232	0.72591001107	0.678401066018	0.681170675138	0.677604260345	0.681374141384	0.651270932486	0.741121546278	0.677327346115	0.693861159843	0.665149878469	0.687011865966	0.676118759164	0.676661161532	0.67072626681	0.631188751276	0.644639076256	0.6110018747	0.675614706662	0.679422124675	0.659597914332	0.688438308165	0.685315775099	0.688950576459	0.666199382668	0.686577540571	0.665953842066	0.695418626288	0.682632602985	0.676877333052	0.673882485186	0.681783568233	0.674342089435	0.680142230753	0.666736135523	0.677646453032	0.662781141097	0.702595005973	0.66650247571
AF3	0.648092570768	0.654109509018	0.709077799116	0.66336837851	0.674088257617	0.509009586947	0.711813865993	0.690976098926	0.646686609895	0.705291909927	0.0	0.554217632495	0.663300939115	0.665947414678	0.667413353142	0.651400003615	0.677450096616	0.690333316404	0.746016619369	0.672358763793	0.685342828861	0.707960689094	0.682940197832	0.706858362679	0.756676525191	0.711023656221	0.69296279161	0.709511353451	0.688200309519	0.661897544881	0.718244614204	0.689268047806	0.623050272095	0.683512432829	0.675153022233	0.692166333456	0.648210038131	0.654381981466	0.675777569247	0.666677558633	0.686313349655	0.673035956396	0.659229885498	0.642553717612	0.680984714214	0.687019056821	0.709132997262	0.719997091858	0.686867759315	0.712772702882	0.711046836187	0.719011352429	0.68805917429	0.70505259212	0.701978466618	0.721527161665	0.680773737731	0.711476424582	0.695274396444	0.695553347468	0.644530762166	0.70256136008
AF4	0.681002941892	0.645038774478	0.722278707144	0.673408442742	0.432405046572	0.386983747691	0.664010222034	0.654464288206	0.673673274394	0.650845336494	0.554217632495	0.0	0.682922182569	0.682004793581	0.68457100752	0.654470648097	0.69967721083	0.687106572759	0.76154764039	0.665760016797	0.693929463469	0.666209369256	0.723266420273	0.709380655806	0.724905277325	0.704049880393	0.700167174958	0.678316813363	0.705716724563	0.668634483311	0.73176713711	0.675092736191	0.676607966397	0.664131939502	0.685637468743	0.675476371992	0.681069163535	0.650448044776	0.664422537147	0.648719988994	0.65046201824	0.658384939993	0.663000507241	0.6549554157	0.685749705452	0.670297859594	0.719070108917	0.696911045398	0.675515512917	0.670196717372	0.694058704977	0.686044624695	0.675917494207	0.686239082322	0.689463991325	0.680729897152	0.686520331304	0.670674276763	0.687189199178	0.664749706144	0.680484791352	0.679429484213
AG3	0.646042572358	0.655261780552	0.709102566726	0.436997266527	0.684211238628	0.679051490585	0.717067123466	0.703239874573	0.675820998908	0.696475535189	0.663300939115	0.682922182569	0.0	0.495583565154	0.681269508204	0.670656363468	0.681694361173	0.67763969733	0.765754178227	0.696523051619	0.675266560114	0.706504503355	0.68861305235	0.696976748276	0.718620782662	0.702853824704	0.680051100137	0.706661221331	0.688908178514	0.69692278955	0.732754542779	0.689348590469	0.677938672593	0.695885009531	0.695524120366	0.689964255341	0.679273248992	0.673099359858	0.689671625045	0.692487507142	0.693147223098	0.663813335994	0.651907975827	0.665611623472	0.70657037306	0.713344744049	0.688857605329	0.707183786008	0.645518394897	0.698492981041	0.706522271219	0.700695624798	0.674329040711	0.681803626854	0.692694776808	0.699979806196	0.697064627191	0.732350913652	0.689526624969	0.687967160304	0.684511699676	0.70506001873
AG4	0.638237348077	0.623895685149	0.602983695696	0.435091639267	0.673495674969	0.672793982112	0.697884208278	0.696334835182	0.678376683779	0.687043458486	0.665947414678	0.682004793581	0.495583565154	0.0	0.649002065444	0.632249150939	0.704986255782	0.706314148923	0.732552867062	0.675718897324	0.705569675625	0.705519189162	0.706350246172	0.714815424975	0.717248695084	0.705851539767	0.679417739747	0.712739134692	0.687649662141	0.679305980748	0.750474378027	0.699036597017	0.680549997332	0.718529483132	0.655363354306	0.68196330615	0.682114206727	0.674333375142	0.706246175261	0.695405004953	0.707042952773	0.653232080448	0.633326213264	0.680678027247	0.737184795206	0.730918505207	0.707275109512	0.700594959198	0.660199429697	0.717846460192	0.687587841083	0.700472678983	0.682309028852	0.686419421461	0.710276768451	0.706104306674	0.709571890032	0.709063987636	0.703613779704	0.700095698686	0.693244655687	0.704311651463
AH3	0.681461471462	0.491647763072	0.689329757595	0.664226331961	0.66646368589	0.659137800991	0.692314352308	0.692579988334	0.654540084336	0.693118227623	0.667413353142	0.68457100752	0.681269508204	0.649002065444	0.0	0.538803554105	0.660629075171	0.701258119115	0.769173656356	0.693130779605	0.719405832544	0.707503075193	0.686795601506	0.699560353839	0.726081172602	0.697436555674	0.674667896622	0.703424772382	0.700524059753	0.686748451185	0.749717924391	0.693352982723	0.657232203001	0.711926728513	0.6911940283	0.698189167916	0.674339928989	0.678174930014	0.674793510996	0.667734973032	0.669829948199	0.683146999463	0.663273188976	0.662977592174	0.71063648286	0.716787316392	0.682140848195	0.689619482983	0.694227247821	0.70190246272	0.699748577611	0.71892021092	0.695187194807	0.698289499293	0.682611928414	0.698222075739	0.696020757877	0.708070487668	0.692218565532	0.709683806073	0.684183110298	0.695879018675
AH4	0.489529332403	0.362113281441	0.720945199193	0.631451911363	0.66285157442	0.64897417817	0.666894512793	0.679719944617	0.670870957341	0.661271171921	0.651400003615	0.654470648097	0.670656363468	0.632249150939	0.538803554105	0.0	0.680049342232	0.692427978963	0.77440889559	0.688084742476	0.711411595474	0.665785887451	0.686372305825	0.680892671964	0.739252623565	0.681714786864	0.642991808468	0.662550846804	0.696587570924	0.674404075147	0.744679403526	0.687293119134	0.662151943439	0.669921532238	0.677857439291	0.672449958388	0.663063115779	0.644441018015	0.649990235734	0.672696848029	0.651116579944	0.674405689852	0.661047763931	0.648152302012	0.679634058839	0.669444850654	0.672561049351	0.670537821144	0.665032914932	0.66654329034	0.680417677846	0.66888064764	0.65056837247	0.652956514381	0.669765540361	0.655499409267	0.649740676767	0.66593894762	0.660833126281	0.669052644314	0.656490725408	0.645970329951
AA7	0.675824117266	0.699924605629	0.709170149383	0.714957833889	0.668793991168	0.674964531881	0.70224748245	0.696080413342	0.643580910631	0.719644015694	0.677450096616	0.69967721083	0.681694361173	0.704986255782	0.660629075171	0.680049342232	0.0	0.519015638012	0.773226914394	0.680392310581	0.666779605102	0.684711561564	0.686255536989	0.69325325942	0.705845102577	0.698990697262	0.649251913785	0.672147525848	0.681785773208	0.67949878977	0.705650359587	0.541795640492	0.66787124126	0.710139936142	0.716211790285	0.734937710782	0.681723678426	0.687277215632	0.706319279996	0.731463227456	0.721984900676	0.676869051001	0.693042754362	0.69691042801	0.731711339061	0.742698430974	0.7391078878	0.737852544325	0.719514991981	0.751780779649	0.710928579519	0.739061078481	0.701752225576	0.689375183007	0.699655651299	0.712691019042	0.732130780919	0.734887986869	0.752030682151	0.748228714048	0.696226481557	0.725646722464
AA8	0.679939347457	0.693820505385	0.748967297219	0.710758033464	0.705137106698	0.678005988761	0.694515399201	0.670044208345	0.671323901837	0.683539482346	0.690333316404	0.687106572759	0.67763969733	0.706314148923	0.701258119115	0.692427978963	0.519015638012	0.0	0.775355673961	0.648285116178	0.642855861806	0.641693913457	0.680940267077	0.672070073634	0.703121207734	0.670867442391	0.671908093064	0.649005004846	0.667477177259	0.6507857228	0.547431242933	0.366989317011	0.676426930398	0.712554186896	0.720416738754	0.712256772038	0.692010764056	0.703815449808	0.69950192202	0.700552097346	0.681193025531	0.695759919993	0.701710471423	0.686729349004	0.711871279398	0.709840391005	0.714206574812	0.701691313703	0.700603217204	0.72216604442	0.707803255819	0.737980861784	0.68460954811	0.655771727636	0.675730092532	0.679285321429	0.731132119727	0.730392144633	0.737953122561	0.727225884691	0.704384272948	0.70326067844
AB7	0.758639569559	0.767363371724	0.696480624751	0.766101813545	0.753659858448	0.760980447398	0.77038153021	0.782978820612	0.765471772137	0.763419493928	0.746016619369	0.76154764039	0.765754178227	0.732552867062	0.769173656356	0.77440889559	0.773226914394	0.775355673961	0.0	0.571510266073	0.742359799377	0.760303542437	0.782926531354	0.796990763569	0.745208797843	0.781905622467	0.771503793331	0.777797202276	0.74085474969	0.642132484551	0.760655638907	0.758263679617	0.769722001181	0.78350202222	0.77142827887	0.796086114553	0.765215810897	0.760574255567	0.793067524514	0.785322229997	0.791876073603	0.746245870818	0.747032445917	0.767380996363	0.801194038098	0.804502525217	0.81886040227	0.813535474496	0.780268726918	0.799835015952	0.81049053878	0.808682906917	0.790438177365	0.798963546321	0.7883896671	0.796557482335	0.794044071327	0.803812817323	0.797247829251	0.793077373734	0.799245736696	0.80222409129
AB8	0.679971323887	0.683771229496	0.704294405003	0.696463403069	0.681111933528	0.659407569227	0.67240848627	0.654424217281	0.678494080338	0.651764574892	0.672358763793	0.665760016797	0.696523051619	0.675718897324	0.693130779605	0.688084742476	0.680392310581	0.648285116178	0.571510266073	0.0	0.647949893987	0.628872285567	0.684539662497	0.690222338655	0.678847332655	0.661646986158	0.663287032116	0.645839506652	0.482601168128	0.398331996288	0.691266078661	0.642520507637	0.681750354655	0.66761936161	0.688828834362	0.68437926146	0.66622166188	0.664254433407	0.674511853974	0.674534104978	0.656992496384	0.674107036915	0.645049772493	0.647637638917	0.684277611309	0.679036493314	0.725391178398	0.702086344411	0.682642277453	0.702650336867	0.690268758125	0.721901820594	0.678994231674	0.667968088475	0.68016466277	0.691939310748	0.687457820777	0.703716184236	0.693948909786	0.684279906648	0.682520308124	0.687205305798
AC7	0.698607649023	0.696449737383	0.700376141413	0.699960830248	0.712454449475	0.698171807243	0.719227264315	0.708356272723	0.720100874171	0.714247275765	0.685342828861	0.693929463469	0.675266560114	0.705569675625	0.719405832544	0.711411595474	0.666779605102	0.642855861806	0.742359799377	0.647949893987	0.0	0.512208861071	0.693428166773	0.699202097313	0.691548443185	0.690269446202	0.702307333459	0.567875158679	0.642535812913	0.635167877595	0.667278367066	0.644695892369	0.702993453752	0.699502498143	0.725472760145	0.738681281411	0.70358594395	0.720849724773	0.70962538561	0.726312681034	0.72132346694	0.725655591416	0.707647010933	0.706657053175	0.691896381282	0.700311132735	0.74581619204	0.758165023298	0.698762530789	0.734941311036	0.748440920002	0.756186911598	0.702052216695	0.685341309714	0.689758187104	0.70405056936	0.743188134413	0.740419130685	0.746637866649	0.734685172247	0.698252519689	0.734799756404
AC8	0.685931915617	0.658817003681	0.737069196648	0.686861089435	0.709560916014	0.677461655142	0.68190352378	0.691957920381	0.713247607254	0.67591083658	0.707960689094	0.666209369256	0.706504503355	0.705519189162	0.707503075193	0.665785887451	0.684711561564	0.641693913457	0.760303542437	0.628872285567	0.512208861071	0.0	0.703610793857	0.687007750359	0.722220403842	0.676146883637	0.508617307497	0.380300169206	0.651818139738	0.635726079601	0.701092004162	0.633047410756	0.699398658729	0.661159298969	0.703543186705	0.714929257535	0.690973475844	0.698667102139	0.679905543615	0.715329353104	0.686218804784	0.706084347189	0.685996715668	0.682905785885	0.670491937265	0.666736299897	0.716222035917	0.697677769811	0.677453276735	0.696753680925	0.693202594138	0.690633112629	0.670950672894	0.657273342419	0.674206802167	0.660266015984	0.687343501709	0.679649810609	0.695938073856	0.686185559721	0.674499686661	0.684196517884
AD7	0.684799845775	0.691606343586	0.739039422742	0.704259868249	0.726098337476	0.703910738858	0.727132280169	0.716727115158	0.672651153876	0.71760233539	0.682940197832	0.723266420273	0.68861305235	0.706350246172	0.686795601506	0.686372305825	0.686255536989	0.680940267077	0.782926531354	0.684539662497	0.693428166773	0.703610793857	0.0	0.473735482206	0.714762125157	0.516221107379	0.674289920147	0.700591884176	0.677542666849	0.679713643374	0.693883747802	0.673131904231	0.656243714999	0.698670525459	0.726042980792	0.728217093252	0.68623223558	0.686803041831	0.705031951962	0.706051615849	0.704720453278	0.698753253295	0.684011302718	0.688744573075	0.708523699557	0.681670134481	0.714387833936	0.711265811608	0.681294277302	0.713455043276	0.695529517863	0.727977324341	0.683317491258	0.688916819908	0.662543786875	0.695197095807	0.706418141634	0.725978806776	0.709693338945	0.706624352875	0.664155499594	0.701482835737
AD8	0.691527530238	0.691016240084	0.761361734226	0.707870674503	0.716225020243	0.704331872235	0.713750120265	0.694512575962	0.685867347973	0.703267483232	0.706858362679	0.709380655806	0.696976748276	0.714815424975	0.699560353839	0.680892671964	0.69325325942	0.672070073634	0.796990763569	0.690222338655	0.699202097313	0.687007750359	0.473735482206	0.0	0.607279905908	0.40285153283	0.646868605242	0.67088072996	0.678107161324	0.672927593744	0.716204828132	0.673528193575	0.678561364823	0.683473220308	0.7282792825	0.712886896284	0.69223122836	0.686651601537	0.701686254723	0.71196849638	0.701758341629	0.70693668316	0.68391304378	0.679962934295	0.684359976763	0.687411848596	0.711730643738	0.708139959366	0.688988769718	0.712876838366	0.687052556765	0.717668046147	0.687377836245	0.677346035637	0.664603882376	0.689170114868	0.700654818563	0.721041124845	0.707200298238	0.699836969848	0.673276038747	0.703141359765
AE7	0.731126668089	0.72369340018	0.714775156738	0.730744043648	0.723917689996	0.742298092635	0.728049325018	0.737824324804	0.73644963229	0.72591001107	0.756676525191	0.724905277325	0.718620782662	0.717248695084	0.726081172602	0.739252623565	0.705845102577	0.703121207734	0.745208797843	0.678847332655	0.691548443185	0.722220403842	0.714762125157	0.607279905908	0.0	0.5045114988	0.7030987161	0.709775243261	0.679259280539	0.68647598002	0.732784268683	0.694119969961	0.727140640013	0.751431682203	0.738188230971	0.754906003124	0.733376011103	0.739948332985	0.75792628221	0.758720086686	0.753728970118	0.750872774356	0.732193129625	0.726847914668	0.75183432906	0.763608406763	0.762510412568	0.769696923017	0.727214664097	0.75900824442	0.754927548844	0.782882032796	0.742265400965	0.743254151053	0.733447828819	0.756791926026	0.773374252374	0.797188749379	0.774647299845	0.766234169611	0.751418143833	0.766432003266
AE8	0.687479973304	0.684537959183	0.746407753201	0.70008367908	0.712370529956	0.6981246243	0.684260974855	0.688395714973	0.695870995701	0.678401066018	0.711023656221	0.704049880393	0.702853824704	0.705851539767	0.697436555674	0.681714786864	0.698990697262	0.670867442391	0.781905622467	0.661646986158	0.690269446202	0.676146883637	0.516221107379	0.40285153283	0.5045114988	0.0	0.655363513727	0.664232672303	0.656209718922	0.650951313229	0.718275391137	0.667872479224	0.681534696314	0.694374979087	0.725171533288	0.708045994512	0.71501325254	0.687280803835	0.712008366875	0.712251755311	0.704857948983	0.694242187852	0.689999120033	0.684817913174	0.696428134708	0.701059495337	0.716218151081	0.715025397756	0.689035547097	0.711190050718	0.693715338142	0.723170061234	0.685354452979	0.670584128622	0.686716738763	0.689901631225	0.712000815174	0.726859617355	0.718784026901	0.715663020122	0.691319830613	0.706070376915
AF7	0.657564098793	0.655234271345	0.724302892079	0.667746750023	0.701729189161	0.679442064905	0.673157046816	0.680541768523	0.648225163384	0.681170675138	0.69296279161	0.700167174958	0.680051100137	0.679417739747	0.674667896622	0.642991808468	0.649251913785	0.671908093064	0.771503793331	0.663287032116	0.702307333459	0.508617307497	0.674289920147	0.646868605242	0.7030987161	0.655363513727	0.0	0.465528177789	0.662500972339	0.668858011191	0.721804037332	0.663539155685	0.673207496519	0.683299543454	0.703146092312	0.702437519155	0.677400670693	0.665903085268	0.660579536861	0.692530496732	0.678154872423	0.667642323547	0.659652129494	0.65518629318	0.710638251225	0.708727977867	0.706298000671	0.679651456492	0.677947045436	0.71021993873	0.676479658475	0.686374213714	0.664668354444	0.666684556109	0.68196765786	0.664390508289	0.656354137836	0.68861767124	0.679504458781	0.696329893596	0.646514004517	0.680124442284
AF8	0.694962829573	0.663982625147	0.749797689968	0.690581763733	0.713732047355	0.679614834836	0.676329979126	0.679554692581	0.714479705102	0.677604260345	0.709511353451	0.678316813363	0.706661221331	0.712739134692	0.703424772382	0.662550846804	0.672147525848	0.649005004846	0.777797202276	0.645839506652	0.567875158679	0.380300169206	0.700591884176	0.67088072996	0.709775243261	0.664232672303	0.465528177789	0.0	0.64472495024	0.634758818661	0.708814495018	0.652784503261	0.701231233903	0.656116215799	0.709287975187	0.706136730853	0.689521255996	0.677766608499	0.667759119014	0.700052253098	0.681518187694	0.699930378426	0.68724882907	0.680957680597	0.669166139324	0.671639577351	0.724384802167	0.704035580842	0.670410041123	0.700028046793	0.686210257673	0.700254542312	0.670640684129	0.64906607103	0.673764563687	0.647486652339	0.687780603112	0.675736941249	0.708112135462	0.697262381963	0.662267358904	0.687768246831
AG7	0.700422427359	0.696669547163	0.694288500683	0.684013367343	0.699129097361	0.704661909895	0.715710553988	0.671906397179	0.66817386048	0.681374141384	0.688200309519	0.705716724563	0.688908178514	0.687649662141	0.700524059753	0.696587570924	0.681785773208	0.667477177259	0.74085474969	0.482601168128	0.642535812913	0.651818139738	0.677542666849	0.678107161324	0.679259280539	0.656209718922	0.662500972339	0.64472495024	0.0	0.446680646753	0.68351335122	0.660590349277	0.679314122779	0.702096577262	0.705694508455	0.697363892381	0.664576990642	0.684802017653	0.688109795874	0.700436683431	0.695474765425	0.702262585692	0.676578052273	0.66030995201	0.701301396209	0.691136911799	0.722895100022	0.713341186525	0.681557576575	0.723215245222	0.691443967973	0.731959959522	0.661961799132	0.695445926457	0.681634297136	0.691842228542	0.702549892137	0.732891353569	0.704161337987	0.708117255106	0.667370562841	0.703055096044
AG8	0.672150785099	0.676498883272	0.6908142222	0.693493649564	0.685690949753	0.667717586663	0.676265861205	0.661307381328	0.671362134463	0.651270932486	0.661897544881	0.668634483311	0.69692278955	0.679305980748	0.686748451185	0.674404075147	0.67949878977	0.6507857228	0.642132484551	0.398331996288	0.635167877595	0.635726079601	0.679713643374	0.672927593744	0.68647598002	0.650951313229	0.668858011191	0.634758818661	0.446680646753	0.0	0.689446512371	0.636082906766	0.667386238754	0.674526549429	0.685820252265	0.672644458784	0.651308603137	0.653374569343	0.664325440553	0.668530973259	0.662754535353	0.668749073161	0.652091513793	0.637823047806	0.674455536652	0.670136505571	0.71685593798	0.700184104941	0.677994057689	0.700332302116	0.701214960803	0.726632325881	0.653303846032	0.665008044626	0.68008464393	0.678197239315	0.690716819439	0.712377253583	0.691043357794	0.686003163453	0.668290923703	0.687397279312
AH7	0.730584923739	0.74377001881	0.73060744348	0.741797387312	0.749325191242	0.735794078968	0.725342728936	0.712537903827	0.73050601176	0.741121546278	0.718244614204	0.73176713711	0.732754542779	0.750474378027	0.749717924391	0.744679403526	0.705650359587	0.547431242933	0.760655638907	0.691266078661	0.667278367066	0.701092004162	0.693883747802	0.716204828132	0.732784268683	0.718275391137	0.721804037332	0.708814495018	0.68351335122	0.689446512371	0.0	0.508256542163	0.716891574898	0.760869341288	0.775776826884	0.774422574167	0.744828453115	0.750027262769	0.756578992861	0.757224836171	0.752628178756	0.747147716761	0.761589558872	0.734007099146	0.762941080569	0.765525950314	0.764935279173	0.754620569511	0.745386802942	0.767920685662	0.775929337819	0.789944529981	0.741586482443	0.730786162381	0.735516346134	0.744578910508	0.772354340577	0.803980037896	0.781199075211	0.769108277352	0.752733036506	0.727323745325
AH8	0.683886548126	0.682770399037	0.717742171336	0.70236926061	0.681802416338	0.674427735457	0.687181479832	0.680868921208	0.679475264918	0.677327346115	0.689268047806	0.675092736191	0.689348590469	0.699036597017	0.693352982723	0.687293119134	0.541795640492	0.366989317011	0.758263679617	0.642520507637	0.644695892369	0.633047410756	0.673131904231	0.673528193575	0.694119969961	0.667872479224	0.663539155685	0.652784503261	0.660590349277	0.636082906766	0.508256542163	0.0	0.675056345808	0.710416762635	0.710556399314	0.710739199526	0.691621601162	0.689556406038	0.701910044377	0.702649946175	0.691659553888	0.695093669187	0.702988917623	0.690711168744	0.712884810728	0.709065947415	0.706914205878	0.701400088767	0.699252580864	0.720250693148	0.71787187384	0.726952075941	0.680692915435	0.667399278742	0.685809159348	0.686312617235	0.722484462704	0.728588091308	0.725130905744	0.717541374139	0.690949980373	0.695298391923
AA5	0.642549774866	0.652378079372	0.700650439292	0.706397645232	0.660878143731	0.663794653943	0.708276510602	0.704938574972	0.625927097156	0.693861159843	0.623050272095	0.676607966397	0.677938672593	0.680549997332	0.657232203001	0.662151943439	0.66787124126	0.676426930398	0.769722001181	0.681750354655	0.702993453752	0.699398658729	0.656243714999	0.678561364823	0.727140640013	0.681534696314	0.673207496519	0.701231233903	0.679314122779	0.667386238754	0.716891574898	0.675056345808	0.0	0.588313107185	0.678338220698	0.685702230442	0.638379366078	0.636185124568	0.675683518925	0.676209137061	0.678456225406	0.633588168231	0.627401852233	0.634447926717	0.704399229191	0.658925415277	0.682069418291	0.710917048932	0.684792882591	0.695078671168	0.697045809462	0.705477736893	0.66260393328	0.69089925952	0.659665520136	0.711089094732	0.671486585894	0.718057290299	0.680258757205	0.688822417685	0.639238201023	0.69935239963
AA6	0.68506626951	0.663905856931	0.780121985468	0.70819324999	0.690098758538	0.679001187178	0.654496273596	0.662095441056	0.691148093122	0.665149878469	0.683512432829	0.664131939502	0.695885009531	0.718529483132	0.711926728513	0.669921532238	0.710139936142	0.712554186896	0.78350202222	0.66761936161	0.699502498143	0.661159298969	0.698670525459	0.683473220308	0.751431682203	0.694374979087	0.683299543454	0.656116215799	0.702096577262	0.674526549429	0.760869341288	0.710416762635	0.588313107185	0.0	0.691659901185	0.670849668081	0.642821707866	0.616925981434	0.665626856389	0.674240279018	0.655668357092	0.664054787929	0.647706996898	0.652611874024	0.463206913852	0.434633053399	0.70883752942	0.70206601067	0.669535534271	0.673355004877	0.676199097343	0.682158338577	0.671514777831	0.669624117664	0.687309471438	0.675530829963	0.653371917007	0.674034516194	0.667617485739	0.665406305863	0.655051694675	0.680600288932
AB5	0.675343823346	0.665490299098	0.723311271432	0.694740863897	0.690918068842	0.666388389743	0.683509620585	0.68686592712	0.68691774093	0.687011865966	0.675153022233	0.685637468743	0.695524120366	0.655363354306	0.6911940283	0.677857439291	0.716211790285	0.720416738754	0.77142827887	0.688828834362	0.725472760145	0.703543186705	0.726042980792	0.7282792825	0.738188230971	0.725171533288	0.703146092312	0.709287975187	0.705694508455	0.685820252265	0.775776826884	0.710556399314	0.678338220698	0.691659901185	0.0	0.448009692275	0.653966584331	0.67714378217	0.666866535905	0.645814526888	0.661407076393	0.702807594463	0.674539486275	0.647687938523	0.700967971795	0.692847992659	0.675014557348	0.695413342191	0.683389918493	0.703931111488	0.692996742853	0.692431495069	0.654747703266	0.691638392788	0.699074732441	0.691241278363	0.703382880899	0.702671194134	0.699886609924	0.69283259129	0.661718653652	0.709195296952
AB6	0.680875645845	0.670095730834	0.759982389245	0.700365766722	0.690508551193	0.665399163267	0.68126641975	0.676789971434	0.703152036437	0.676118759164	0.692166333456	0.675476371992	0.689964255341	0.68196330615	0.698189167916	0.672449958388	0.734937710782	0.712256772038	0.796086114553	0.68437926146	0.738681281411	0.714929257535	0.728217093252	0.712886896284	0.754906003124	0.708045994512	0.702437519155	0.706136730853	0.697363892381	0.672644458784	0.774422574167	0.710739199526	0.685702230442	0.670849668081	0.448009692275	0.0	0.654650524156	0.664376532329	0.656247453007	0.640818592131	0.641528182024	0.684238206138	0.651732806608	0.550588963438	0.686751771126	0.677080874444	0.681394421677	0.683329531447	0.680364605103	0.692364888696	0.682655408718	0.681965185417	0.674142448025	0.682051419505	0.698444612943	0.683734915759	0.676615454101	0.691487554033	0.675037517566	0.674386357443	0.67159824607	0.689494666574
AC5	0.646270043106	0.650343587118	0.728686015733	0.685383952327	0.673368142706	0.667882020985	0.692898055974	0.67313810951	0.653070898095	0.676661161532	0.648210038131	0.681069163535	0.679273248992	0.682114206727	0.674339928989	0.663063115779	0.681723678426	0.692010764056	0.765215810897	0.66622166188	0.70358594395	0.690973475844	0.68623223558	0.69223122836	0.733376011103	0.71501325254	0.677400670693	0.689521255996	0.664576990642	0.651308603137	0.744828453115	0.691621601162	0.638379366078	0.642821707866	0.653966584331	0.654650524156	0.0	0.502888858119	0.634147385947	0.659259793237	0.662238830455	0.672998511826	0.590632245429	0.623510871659	0.658159901383	0.655866590216	0.654157324889	0.678934284879	0.627308366179	0.682656423783	0.662589782066	0.65695992865	0.64257454553	0.646560631179	0.61242534009	0.67196119479	0.644583370902	0.669259587498	0.651731038228	0.672221077042	0.632294505837	0.681693784944
AC6	0.652195590981	0.654939220001	0.733451949397	0.679141907143	0.654954761684	0.644214400922	0.672884711859	0.671837000157	0.655414194486	0.67072626681	0.654381981466	0.650448044776	0.673099359858	0.674333375142	0.678174930014	0.644441018015	0.687277215632	0.703815449808	0.760574255567	0.664254433407	0.720849724773	0.698667102139	0.686803041831	0.686651601537	0.739948332985	0.687280803835	0.665903085268	0.677766608499	0.684802017653	0.653374569343	0.750027262769	0.689556406038	0.636185124568	0.616925981434	0.67714378217	0.664376532329	0.502888858119	0.0	0.626565150914	0.644095873569	0.628151926447	0.523178097701	0.501668614403	0.616269976206	0.651212356743	0.641683938211	0.677733396682	0.677978651678	0.653616785436	0.66667164218	0.682433167166	0.677262864698	0.668664274034	0.651334387286	0.675668683517	0.669265250478	0.624964739766	0.665133458595	0.642886271136	0.660884089874	0.641436539736	0.680138923562
AD6	0.664667264526	0.64992566708	0.756799918496	0.693926819531	0.670230620301	0.652096223303	0.633266258028	0.648366413765	0.681145192055	0.631188751276	0.675777569247	0.664422537147	0.689671625045	0.706246175261	0.674793510996	0.649990235734	0.706319279996	0.69950192202	0.793067524514	0.674511853974	0.70962538561	0.679905543615	0.705031951962	0.701686254723	0.75792628221	0.712008366875	0.660579536861	0.667759119014	0.688109795874	0.664325440553	0.756578992861	0.701910044377	0.675683518925	0.665626856389	0.666866535905	0.656247453007	0.634147385947	0.626565150914	0.0	0.516127885411	0.418285943371	0.661474427561	0.638357755014	0.643451096544	0.669956110008	0.672838461242	0.675603508379	0.668315286287	0.646662776092	0.638832384446	0.681005758877	0.667938115975	0.641918205336	0.64592303419	0.653100716279	0.643238637224	0.634407459249	0.665189442104	0.633680485574	0.63274010925	0.641599029447	0.643538571196
AE5	0.677738990752	0.652121079171	0.752378567995	0.694073494618	0.661270268955	0.640642953684	0.650199072983	0.648471034592	0.660352796367	0.644639076256	0.666677558633	0.648719988994	0.692487507142	0.695405004953	0.667734973032	0.672696848029	0.731463227456	0.700552097346	0.785322229997	0.674534104978	0.726312681034	0.715329353104	0.706051615849	0.71196849638	0.758720086686	0.712251755311	0.692530496732	0.700052253098	0.700436683431	0.668530973259	0.757224836171	0.702649946175	0.676209137061	0.674240279018	0.645814526888	0.640818592131	0.659259793237	0.644095873569	0.516127885411	0.0	0.402420099338	0.668216238225	0.639632814694	0.642656190156	0.668901122632	0.673755343877	0.670651548107	0.661643610884	0.650498840248	0.656656647663	0.671042106156	0.681714884256	0.646483014432	0.653150620099	0.660034341844	0.650124812938	0.640787399059	0.664726710511	0.644186221709	0.642360916348	0.647145958492	0.680767250547
AE6	0.679452815017	0.65077690803	0.771319433226	0.691630634118	0.667269623627	0.648475670966	0.621409072044	0.633092822126	0.674385459471	0.6110018747	0.686313349655	0.65046201824	0.693147223098	0.707042952773	0.669829948199	0.651116579944	0.721984900676	0.681193025531	0.791876073603	0.656992496384	0.72132346694	0.686218804784	0.704720453278	0.701758341629	0.753728970118	0.704857948983	0.678154872423	0.681518187694	0.695474765425	0.662754535353	0.752628178756	0.691659553888	0.678456225406	0.655668357092	0.661407076393	0.641528182024	0.662238830455	0.628151926447	0.418285943371	0.402420099338	0.0	0.661749146473	0.635517272186	0.64634345315	0.667145009246	0.659221472324	0.682230728932	0.63865102052	0.657126828152	0.636362358271	0.670627163626	0.67961131338	0.644685494345	0.647515771767	0.659399515997	0.648120796637	0.644241198748	0.662472217743	0.643285823307	0.618813932185	0.647043846988	0.644326120757
AF5	0.680715728411	0.684068627983	0.700896377862	0.675716562644	0.646256631883	0.655589984849	0.675271872093	0.676480108523	0.641160515237	0.675614706662	0.673035956396	0.658384939993	0.663813335994	0.653232080448	0.683146999463	0.674405689852	0.676869051001	0.695759919993	0.746245870818	0.674107036915	0.725655591416	0.706084347189	0.698753253295	0.70693668316	0.750872774356	0.694242187852	0.667642323547	0.699930378426	0.702262585692	0.668749073161	0.747147716761	0.695093669187	0.633588168231	0.664054787929	0.702807594463	0.684238206138	0.672998511826	0.523178097701	0.661474427561	0.668216238225	0.661749146473	0.0	0.476779340507	0.641834036045	0.705415084166	0.705038747139	0.712500433684	0.700860024359	0.660864779601	0.696082924527	0.698317324707	0.697464678167	0.683294601886	0.675989939046	0.710912342322	0.685415706702	0.656155793215	0.688652763212	0.667874328494	0.667559788341	0.663970533969	0.712270542951
AF6	0.65284236931	0.649752492098	0.7025239035	0.65418887095	0.661516690915	0.642019692865	0.686976475578	0.685778429677	0.654393948325	0.679422124675	0.659229885498	0.663000507241	0.651907975827	0.633326213264	0.663273188976	0.661047763931	0.693042754362	0.701710471423	0.747032445917	0.645049772493	0.707647010933	0.685996715668	0.684011302718	0.68391304378	0.732193129625	0.689999120033	0.659652129494	0.68724882907	0.676578052273	0.652091513793	0.761589558872	0.702988917623	0.627401852233	0.647706996898	0.674539486275	0.651732806608	0.590632245429	0.501668614403	0.638357755014	0.639632814694	0.635517272186	0.476779340507	0.0	0.605403529762	0.686318411931	0.665953719805	0.656228755631	0.670201932773	0.621963461476	0.649712384724	0.657055640064	0.67167951867	0.653956267882	0.659086929801	0.679453608514	0.66739495318	0.637886300433	0.677719591505	0.625832821222	0.625323536526	0.654695327704	0.673079094497
