	AA3	AA4	AB3	AB4	AC3	AC4	AD3	AD4	AE3	AE4	AF3	AF4	AG3	AG4	AH3	AH4	AA7	AA8	AB7	AB8	AC7	AC8	AD7	AD8	AE7	AE8	AF7	AF8	AG7	AG8	AH7	AH8	AA5	AA6	AB5	AB6	AC5	AC6	AD6	AE5	AE6	AF5	AF6	AG5	AH5	AH6	AA1	AA2	AB1	AB2	AC1	AC2	AD1	AD2	AE1	AE2	AF1	AF2	AG1	AG2	AH1	AH2
AA3	0.0	0.473263206793	0.709380444609	0.643904522691	0.665067712273	0.658705959929	0.691583245947	0.684993241111	0.66128510867	0.699224146912	0.637679699227	0.670535675215	0.648449947922	0.617549185888	0.686485458195	0.481237388099	0.676066254559	0.686951215834	0.759134444558	0.69616483766	0.692394656758	0.683049716118	0.675577916707	0.705306027628	0.732252691827	0.703669596563	0.673666545354	0.685248259194	0.69130120361	0.692700527416	0.734117688245	0.693569328693	0.646569611131	0.673280714064	0.669689888073	0.691615672462	0.630812703842	0.665466963252	0.65409743508	0.685340875804	0.664632548744	0.676812651994	0.676689434861	0.654892860113	0.71409361355	0.686086936911	0.670150192702	0.70390898239	0.650878905567	0.684910351912	0.680191040061	0.681129968065	0.642105997038	0.667832063149	0.676454794374	0.670842983087	0.669248183445	0.679254611654	0.66034199519	0.675585080212	0.643164959284	0.681872386684
AA4	0.473263206793	0.0	0.703380962997	0.647392690863	0.673914327959	0.636806346616	0.664388816251	0.651101220439	0.676434213049	0.663916247286	0.666681554764	0.64550935269	0.666005777268	0.646368088474	0.528910277447	0.374450953965	0.693329757147	0.696907627765	0.767890670609	0.683521652407	0.704437241474	0.667945924943	0.679264149235	0.692400725594	0.723361485478	0.687349966579	0.655311624133	0.668016479397	0.688625787842	0.682503953517	0.742860877108	0.690904153649	0.662337128899	0.667028878209	0.662777569696	0.661531450454	0.654319957113	0.630858462349	0.635315429762	0.658479524183	0.62442761456	0.650888276268	0.64931270158	0.64351895937	0.69234763843	0.673743708191	0.666766497032	0.665349988453	0.649168855188	0.639025491025	0.673346667917	0.660675008338	0.645682526728	0.654030297737	0.668414121965	0.660936328639	0.646722480203	0.65240272997	0.641447514966	0.664255645286	0.653324962025	0.645380280747
AB3	0.709380444609	0.703380962997	0.0	0.671083632373	0.739673044465	0.767821754266	0.769517012995	0.753196850417	0.753925763145	0.781024475038	0.757621009149	0.763412326294	0.732467088359	0.612303245582	0.705316427345	0.708608498725	0.736466234357	0.765163768998	0.741641900249	0.730854825588	0.740566052863	0.753870256326	0.736008661356	0.765829354144	0.731158476929	0.750279212668	0.732108862289	0.749999543209	0.725015172996	0.742806840509	0.764727818245	0.767725092932	0.749531120346	0.797806259634	0.740890526855	0.760615616294	0.74128968643	0.73461350229	0.793836819496	0.786787887323	0.789786937927	0.75518124351	0.722808648719	0.760764741155	0.811299855641	0.796934950827	0.779290538744	0.78780159159	0.744372753111	0.791975810044	0.772896359269	0.789123508987	0.765482330391	0.773400317768	0.749082055734	0.781777000455	0.788281173209	0.781094926666	0.77811545118	0.79268031644	0.756951732754	0.77555224128
AB4	0.643904522691	0.647392690863	0.671083632373	0.0	0.68270589812	0.686045005881	0.707315635021	0.678920456658	0.692852999554	0.699800044621	0.671654961171	0.692978875121	0.43614473705	0.46663317751	0.68711292998	0.653547549518	0.698335891305	0.705277492826	0.75682300026	0.688430117646	0.69458528345	0.689960104524	0.686610779117	0.712850218212	0.728208956002	0.698491913378	0.663213430521	0.685335280848	0.672708560145	0.682878464712	0.730619628539	0.695285665034	0.69190211191	0.699388358996	0.682760497966	0.681913768761	0.681424075753	0.666773574336	0.695332652197	0.691954778703	0.696950582442	0.663597819917	0.66200485078	0.672477493501	0.727012488812	0.712273917156	0.694348734419	0.714503440066	0.655174029364	0.708160655095	0.709659712534	0.70302859285	0.681949082664	0.688076448037	0.697491863008	0.686626854214	0.685427310815	0.703413511711	0.682385215102	0.69962171899	0.674779242435	0.704870587668
AC3	0.665067712273	0.673914327959	0.739673044465	0.68270589812	0.0	0.525160784717	0.692175049676	0.681620495605	0.651025594274	0.681670749096	0.670182365825	0.476222508147	0.697863464926	0.693046625208	0.689910498165	0.668148225173	0.688365545761	0.707721648363	0.750182939869	0.685387652644	0.73292053661	0.709228079444	0.71885696168	0.728753258272	0.730931358839	0.73720182577	0.699057506179	0.707191333891	0.715150326544	0.691356564273	0.774796391355	0.70081807749	0.65742786892	0.704217403878	0.669311990607	0.682655739044	0.664109731454	0.673875727072	0.658442680285	0.665566763466	0.67748877667	0.654577273307	0.659629492409	0.66195670152	0.735602026944	0.71577836287	0.70735731849	0.712969369001	0.704740075547	0.691180954221	0.682557531587	0.685851248088	0.694638356042	0.708952878152	0.697838708526	0.702361348653	0.695045732765	0.69548582393	0.676634226182	0.68921213779	0.667422323718	0.700500541776
AC4	0.658705959929	0.636806346616	0.767821754266	0.686045005881	0.525160784717	0.0	0.673435083312	0.652341963343	0.681411151698	0.664732407534	0.507019828004	0.370583575525	0.681323565129	0.711625185798	0.678982360834	0.639447906636	0.689023213622	0.667772347885	0.751243644986	0.659094180125	0.69310068223	0.669164685025	0.700965126283	0.70029418251	0.73244652214	0.687032369369	0.685325475587	0.659626601906	0.687924210953	0.657995421939	0.724424678504	0.659961316028	0.666837953979	0.656659697946	0.668260523006	0.658833629929	0.661818166088	0.652625455893	0.648624594642	0.655969484637	0.654039394058	0.653111092513	0.65086631611	0.650093055517	0.682805610147	0.653559892689	0.714985570261	0.675269043629	0.664989917928	0.670276510535	0.692184991685	0.677736252332	0.679167965014	0.679669686866	0.683134565722	0.678869807421	0.685736175213	0.66165390063	0.671134416174	0.672600737281	0.656921977448	0.677876220418
AD3	0.691583245947	0.664388816251	0.769517012995	0.707315635021	0.692175049676	0.673435083312	0.0	0.416769368072	0.674849301851	0.373607608153	0.708980735146	0.662395578273	0.713606306832	0.724399983059	0.708763686585	0.666060823007	0.709346705524	0.684022600729	0.773650161665	0.674464200371	0.72375166199	0.686391510498	0.722963780709	0.712529862889	0.733500956559	0.689463831766	0.693196839671	0.67618773669	0.715456206534	0.688839245003	0.726856160817	0.699508210369	0.706813809533	0.68283681218	0.68263223666	0.693194850431	0.695329371372	0.667858786631	0.62622245618	0.64598044047	0.623668888736	0.681805904559	0.680218817369	0.695146896098	0.699866128597	0.691050761194	0.711466451811	0.680088481718	0.685555279633	0.664854047096	0.702998450666	0.687397574409	0.69407340863	0.664772251612	0.690317736614	0.679325823849	0.677593463695	0.675770527183	0.702405201444	0.673608740739	0.705065548813	0.665094176692
AD4	0.684993241111	0.651101220439	0.753196850417	0.678920456658	0.681620495605	0.652341963343	0.416769368072	0.0	0.60742955764	0.401535789798	0.683163108666	0.651324235144	0.701040637391	0.70022515734	0.700926091642	0.663700942361	0.699260704496	0.678864504314	0.774384089858	0.65607555047	0.711875265069	0.671924060142	0.694297791713	0.672931045224	0.726725353092	0.679934064151	0.674889563879	0.673905629358	0.679730666134	0.653679172955	0.712275740372	0.673937160445	0.683519452704	0.656524159854	0.668088554762	0.6588830717	0.656053052704	0.662124609714	0.616649742352	0.626774061477	0.61837284787	0.643547360328	0.660036176057	0.653393524193	0.677510107525	0.662639385187	0.690596079813	0.664233602393	0.657266746556	0.665437722982	0.687864691895	0.67967890698	0.666640577913	0.675904359703	0.656415130562	0.675962994434	0.688975425715	0.681286299306	0.676944416326	0.658157701326	0.684342017931	0.665214074677
AE3	0.66128510867	0.676434213049	0.753925763145	0.692852999554	0.651025594274	0.681411151698	0.674849301851	0.60742955764	0.0	0.645254285665	0.656414747941	0.654920695466	0.673698817384	0.702467545008	0.68640320599	0.670562594557	0.654350760639	0.667243227563	0.772036532955	0.68630487759	0.732320054051	0.714847655679	0.660810201795	0.691532925068	0.745265704022	0.698298248684	0.658124320306	0.699550193685	0.676875684929	0.682470919272	0.73860068459	0.678096528942	0.618743676103	0.703663157591	0.681694161459	0.702025455216	0.660778220758	0.664953705104	0.670391668594	0.677438826555	0.679818484851	0.661843106606	0.685073262694	0.67569239291	0.726015277104	0.714739071974	0.706637514446	0.723348303444	0.700163230414	0.707431558894	0.699476957325	0.723112514977	0.685353661983	0.692253161335	0.66214045875	0.693768921731	0.684741552542	0.705952931927	0.705328824506	0.706343262626	0.657164669188	0.706071687492
AE4	0.699224146912	0.663916247286	0.781024475038	0.699800044621	0.681670749096	0.664732407534	0.373607608153	0.401535789798	0.645254285665	0.0	0.701975844265	0.666860643077	0.71620265281	0.715216632387	0.71704511123	0.683981052966	0.716969974701	0.703245524655	0.781746949344	0.661203133134	0.725025338652	0.688691702531	0.717821001662	0.702762637724	0.743893852693	0.703950802572	0.695550481477	0.6939873351	0.696888756452	0.666036395819	0.729828608857	0.688010205134	0.701920380975	0.672577774162	0.691582751265	0.680087462241	0.695819568931	0.667986899778	0.621331143044	0.640411084333	0.621007875413	0.671049836906	0.680050622941	0.662590698531	0.700190257827	0.677444096829	0.700800235716	0.675645819266	0.686615714741	0.669822525168	0.699226010745	0.678853416087	0.683997631346	0.672916693522	0.681436537017	0.687127745815	0.688726442645	0.690564269827	0.694199853696	0.668521377465	0.692502507586	0.683756895718
AF3	0.637679699227	0.666681554764	0.757621009149	0.671654961171	0.670182365825	0.507019828004	0.708980735146	0.683163108666	0.656414747941	0.701975844265	0.0	0.555966121685	0.669381109258	0.680469300033	0.674309021905	0.663763297737	0.662375749845	0.688463718487	0.757571565508	0.684487455564	0.69310891663	0.704406058309	0.678013037797	0.708679955826	0.76387149846	0.724677735792	0.694161476605	0.695612855986	0.693609985565	0.670209292223	0.718492434223	0.688227836456	0.639497158518	0.681775599479	0.664208674745	0.683552725162	0.644641043348	0.662650490338	0.67258440662	0.668475272022	0.679990250244	0.659195730995	0.667009633301	0.656383987494	0.702973535678	0.687741762396	0.719497892123	0.707559696562	0.689792434343	0.708522474134	0.70513069653	0.709805282193	0.695143125844	0.705800968157	0.695028999299	0.70882653437	0.686677080855	0.695542167279	0.680459848131	0.701851087792	0.638169472229	0.71144095605
AF4	0.670535675215	0.64550935269	0.763412326294	0.692978875121	0.476222508147	0.370583575525	0.662395578273	0.651324235144	0.654920695466	0.666860643077	0.555966121685	0.0	0.691616039078	0.720733272244	0.692109421771	0.640191243581	0.69029720133	0.660588918209	0.766188752468	0.678535262307	0.71479828811	0.680220581555	0.713489709845	0.703262348732	0.73739594446	0.696762437753	0.685932343509	0.66256377263	0.703536049739	0.6775074551	0.740563280999	0.678805538784	0.642754328179	0.664113795349	0.68125532365	0.671469590411	0.680473470171	0.650528450551	0.653923376417	0.653748111334	0.658390850885	0.643414351876	0.655038900586	0.65444970249	0.69917662328	0.672420847028	0.720019236305	0.690977232858	0.692340144928	0.669483056519	0.684211415955	0.682054794364	0.681864012041	0.685797932679	0.684353654777	0.669237665433	0.685880828163	0.66155171777	0.677894874231	0.674591053226	0.660010918812	0.673316156533
AG3	0.648449947922	0.666005777268	0.732467088359	0.43614473705	0.697863464926	0.681323565129	0.713606306832	0.701040637391	0.673698817384	0.71620265281	0.669381109258	0.691616039078	0.0	0.554744807551	0.681020339204	0.659798877467	0.685978026691	0.69828415244	0.763953163105	0.697011014343	0.688019548676	0.708891518031	0.678423046694	0.6954285867	0.72596528366	0.703258378281	0.678310293295	0.701956570285	0.688644299563	0.705287394271	0.730517820615	0.698442810374	0.691195695557	0.705696884507	0.695801958143	0.685897622414	0.691316018253	0.672368876945	0.697063452217	0.68499476889	0.702422666195	0.667177056344	0.680698876069	0.674830887256	0.717619684304	0.715026626263	0.699718914051	0.720211071033	0.652591348126	0.689612964105	0.705850695928	0.712528248567	0.689437050266	0.692379372224	0.697699109403	0.692740222417	0.699049625039	0.727537990659	0.688989355858	0.687434980812	0.691844954313	0.713289771713
AG4	0.617549185888	0.646368088474	0.612303245582	0.46663317751	0.693046625208	0.711625185798	0.724399983059	0.70022515734	0.702467545008	0.715216632387	0.680469300033	0.720733272244	0.554744807551	0.0	0.712309870712	0.659296761137	0.732734966864	0.735679443241	0.749456381274	0.702666504322	0.714104788547	0.713593478217	0.700590400984	0.727610159948	0.725416209116	0.712629209342	0.696801766608	0.714221162805	0.700326365476	0.703002522399	0.769616411585	0.726598214793	0.699991269893	0.721324238147	0.669345503454	0.689404564869	0.680253493596	0.682869065544	0.704435763472	0.712918062738	0.709082432044	0.678054386055	0.674255937479	0.687161900224	0.750326965406	0.729007242035	0.69974714827	0.735359255817	0.661291018862	0.722789676015	0.700709664439	0.704672541201	0.684133085913	0.716166323914	0.724981212068	0.71152860828	0.702457831687	0.705763353326	0.70174300001	0.707777135545	0.682838969377	0.721348106108
AH3	0.686485458195	0.528910277447	0.705316427345	0.68711292998	0.689910498165	0.678982360834	0.708763686585	0.700926091642	0.68640320599	0.71704511123	0.674309021905	0.692109421771	0.681020339204	0.712309870712	0.0	0.572725467719	0.684561266012	0.720882202858	0.787900631463	0.71664178719	0.724395396285	0.712010414809	0.690479721499	0.713998061773	0.742829011552	0.714546293271	0.698141959224	0.706925288192	0.710138903017	0.704996648767	0.75510582831	0.721025458128	0.683018663167	0.715552009834	0.695376715208	0.701821307391	0.675227255556	0.673553030473	0.688581146339	0.687714193385	0.682726692276	0.695548912364	0.701661225958	0.698693040027	0.73714764027	0.71824326747	0.713922345201	0.71761318251	0.713330058039	0.694022794581	0.725284324282	0.725204470226	0.718056418684	0.697333698257	0.68710320643	0.72137544861	0.705710635747	0.715990684196	0.703540317006	0.720250165379	0.692453244401	0.704427728874
AH4	0.481237388099	0.374450953965	0.708608498725	0.653547549518	0.668148225173	0.639447906636	0.666060823007	0.663700942361	0.670562594557	0.683981052966	0.663763297737	0.640191243581	0.659798877467	0.659296761137	0.572725467719	0.0	0.689494884196	0.677123127343	0.78347044624	0.697863458548	0.715026745554	0.673933631395	0.68994404993	0.691887497567	0.739527407134	0.68155842957	0.657549797858	0.668175045539	0.704335993467	0.698500813308	0.74745998647	0.70124109221	0.65387700561	0.682916372762	0.675957836148	0.67785260814	0.660963153405	0.651089630836	0.636898501003	0.668571038811	0.638691239457	0.668688431468	0.664423517256	0.65705781221	0.705192778042	0.680007956696	0.672874298446	0.678049852948	0.663984109443	0.661402468878	0.666219539224	0.675393166652	0.651004837815	0.660369200781	0.659433283494	0.652261900766	0.6474639677	0.656634485055	0.649327208013	0.670827090199	0.660654388436	0.647547360101
AA7	0.676066254559	0.693329757147	0.736466234357	0.698335891305	0.688365545761	0.689023213622	0.709346705524	0.699260704496	0.654350760639	0.716969974701	0.662375749845	0.69029720133	0.685978026691	0.732734966864	0.684561266012	0.689494884196	0.0	0.525093804769	0.772964736648	0.675807282471	0.666638497021	0.68075393491	0.667914749465	0.690569358742	0.705617384118	0.711950393074	0.660339686571	0.670261980877	0.676966410675	0.672336164745	0.711797994372	0.538409866548	0.664771498236	0.719108239286	0.709987395117	0.726033425589	0.673994134796	0.682466850617	0.701802182665	0.729732290815	0.727328509524	0.700675564946	0.704577107531	0.716095438817	0.739717869462	0.715833647437	0.742616573118	0.739587960381	0.710404562766	0.740387786457	0.712222980572	0.733159579194	0.703724596635	0.707355385194	0.67517270194	0.715644762521	0.734491158982	0.721458655303	0.73920081258	0.750562884554	0.678727755809	0.722932147826
AA8	0.686951215834	0.696907627765	0.765163768998	0.705277492826	0.707721648363	0.667772347885	0.684022600729	0.678864504314	0.667243227563	0.703245524655	0.688463718487	0.660588918209	0.69828415244	0.735679443241	0.720882202858	0.677123127343	0.525093804769	0.0	0.772071207523	0.64604846353	0.659249972864	0.649663951515	0.678246279035	0.680123496867	0.701233921553	0.671543234467	0.664936380787	0.635159805553	0.664373809036	0.654192890394	0.535032500312	0.38422182859	0.669137784313	0.715226662363	0.714587436534	0.716648188606	0.694783686537	0.690900109614	0.694884244856	0.705704349058	0.704625083286	0.699101319891	0.691470422793	0.712001883773	0.725749092036	0.700649974548	0.71770064243	0.714645034811	0.695495690177	0.728823470971	0.715774044517	0.735368976327	0.70284065198	0.679886942177	0.67856547089	0.687350339808	0.720198318288	0.70669370265	0.734347479549	0.73360363275	0.694874741723	0.699382321775
AB7	0.759134444558	0.767890670609	0.741641900249	0.75682300026	0.750182939869	0.751243644986	0.773650161665	0.774384089858	0.772036532955	0.781746949344	0.757571565508	0.766188752468	0.763953163105	0.749456381274	0.787900631463	0.78347044624	0.772964736648	0.772071207523	0.0	0.564839991739	0.744483592609	0.761685095694	0.778552052179	0.797864803222	0.743423325988	0.787514222591	0.76890054074	0.772031251428	0.743111801599	0.633597671491	0.761632553186	0.754433036537	0.77984173369	0.797216043225	0.765602607795	0.784113575136	0.758284110883	0.756996471797	0.789390190691	0.789582786083	0.801450482223	0.744316373972	0.746902480206	0.771381194876	0.804139252175	0.79207113148	0.820126479785	0.808693051247	0.783184471219	0.793949717057	0.805197973473	0.798315121187	0.791710863461	0.792648567055	0.781965627339	0.797711563097	0.80038804541	0.798247221584	0.794096621536	0.792118816604	0.788277004959	0.79619695453
AB8	0.69616483766	0.683521652407	0.730854825588	0.688430117646	0.685387652644	0.659094180125	0.674464200371	0.65607555047	0.68630487759	0.661203133134	0.684487455564	0.678535262307	0.697011014343	0.702666504322	0.71664178719	0.697863458548	0.675807282471	0.64604846353	0.564839991739	0.0	0.648755252391	0.638437032397	0.684477148635	0.688816882026	0.680476673766	0.678117538302	0.669655554363	0.642638618813	0.507423594972	0.382662132097	0.690398507025	0.622716458514	0.686272871165	0.689754565239	0.686156382864	0.683349621888	0.669464646796	0.646348783833	0.682322676008	0.681973060133	0.681331764878	0.672680008264	0.661073978803	0.664471863802	0.693720231332	0.67601811565	0.726812943216	0.71184776916	0.685602019676	0.697052540792	0.702163111675	0.703427745442	0.677756463627	0.684828406203	0.681589942821	0.688179854278	0.709412342874	0.701530313332	0.698602090191	0.699663583473	0.685670668311	0.693418079926
AC7	0.692394656758	0.704437241474	0.740566052863	0.69458528345	0.73292053661	0.69310068223	0.72375166199	0.711875265069	0.732320054051	0.725025338652	0.69310891663	0.71479828811	0.688019548676	0.714104788547	0.724395396285	0.715026745554	0.666638497021	0.659249972864	0.744483592609	0.648755252391	0.0	0.499574448643	0.684032868433	0.698292808586	0.690609494332	0.688922136932	0.693186371179	0.58759844067	0.64860008586	0.628526812194	0.66655687506	0.652118545868	0.711073890295	0.70419834394	0.720794089303	0.733709313119	0.708179329208	0.703671321297	0.721958844363	0.730809853867	0.73373480804	0.717081601483	0.713821630822	0.706366423237	0.711053045653	0.685657219922	0.752615513517	0.762585070915	0.697605181753	0.73294677008	0.764548639058	0.749473751674	0.705160915283	0.692428147815	0.697343121529	0.707732732741	0.745718166989	0.737314514927	0.742532711313	0.740478574315	0.70987200794	0.734050736699
AC8	0.683049716118	0.667945924943	0.753870256326	0.689960104524	0.709228079444	0.669164685025	0.686391510498	0.671924060142	0.714847655679	0.688691702531	0.704406058309	0.680220581555	0.708891518031	0.713593478217	0.712010414809	0.673933631395	0.68075393491	0.649663951515	0.761685095694	0.638437032397	0.499574448643	0.0	0.693396731384	0.671161530434	0.696153717407	0.651696389018	0.486178755127	0.37395920435	0.643877545818	0.626654003899	0.694314732305	0.649706801412	0.705219227169	0.665195037797	0.707072576149	0.701620687868	0.690242464795	0.677605942264	0.6778228392	0.697846608005	0.679507853495	0.699389774112	0.686839021088	0.680437592319	0.682199419521	0.657426742659	0.722415890527	0.700613934258	0.67227594388	0.686402902388	0.7022785481	0.691728448305	0.679793124644	0.655123601842	0.676283263524	0.675042656456	0.690012739065	0.684020661643	0.697696711987	0.699353955772	0.681824244345	0.66454412799
AD7	0.675577916707	0.679264149235	0.736008661356	0.686610779117	0.71885696168	0.700965126283	0.722963780709	0.694297791713	0.660810201795	0.717821001662	0.678013037797	0.713489709845	0.678423046694	0.700590400984	0.690479721499	0.68994404993	0.667914749465	0.678246279035	0.778552052179	0.684477148635	0.684032868433	0.693396731384	0.0	0.475454872382	0.712488294779	0.526008184135	0.664874497811	0.682956681059	0.65026274591	0.666828206289	0.701583623789	0.677152919169	0.652724164489	0.691432172389	0.716258973757	0.715110713175	0.681098932378	0.678741089729	0.697919735219	0.716200762065	0.706820569761	0.673679231866	0.686232548708	0.690766635914	0.714774532771	0.697924470147	0.71940725653	0.714397216476	0.674962815467	0.717969873935	0.697233841985	0.727837211648	0.686148720261	0.667769199908	0.661884759111	0.69965041601	0.690320255893	0.697226352337	0.711256962347	0.720649970712	0.669066540982	0.703857591373
AD8	0.705306027628	0.692400725594	0.765829354144	0.712850218212	0.728753258272	0.70029418251	0.712529862889	0.672931045224	0.691532925068	0.702762637724	0.708679955826	0.703262348732	0.6954285867	0.727610159948	0.713998061773	0.691887497567	0.690569358742	0.680123496867	0.797864803222	0.688816882026	0.698292808586	0.671161530434	0.475454872382	0.0	0.600055724647	0.396061738939	0.649648111326	0.669458641652	0.671678916039	0.678723157033	0.72836621762	0.6809283513	0.687684799088	0.696495447735	0.73086780406	0.728172147189	0.705519370486	0.693962158696	0.70165700844	0.712695333478	0.709889405691	0.687481128645	0.698597466166	0.695678177941	0.705516564178	0.69233800816	0.71337134077	0.719117440905	0.692622122363	0.721195442149	0.685405553261	0.728867585073	0.685065432303	0.677646884442	0.671200802074	0.684895448199	0.708850624015	0.693339581955	0.715419189059	0.722437253584	0.700331988719	0.706668554967
AE7	0.732252691827	0.723361485478	0.731158476929	0.728208956002	0.730931358839	0.73244652214	0.733500956559	0.726725353092	0.745265704022	0.743893852693	0.76387149846	0.73739594446	0.72596528366	0.725416209116	0.742829011552	0.739527407134	0.705617384118	0.701233921553	0.743423325988	0.680476673766	0.690609494332	0.696153717407	0.712488294779	0.600055724647	0.0	0.530601443476	0.707452680028	0.705960237548	0.680430525172	0.695337168942	0.731896661956	0.698622983467	0.737567187188	0.752886253409	0.738043147813	0.755731197406	0.735015697692	0.739337532119	0.757222250466	0.760434805852	0.756906696242	0.743801451746	0.738057810064	0.731095748028	0.759664508564	0.756370521305	0.766858591423	0.783294403381	0.728385524674	0.757229672138	0.768038800195	0.788684810818	0.741013536999	0.747755682695	0.739574674204	0.748866234978	0.779033687713	0.779143399795	0.77685161719	0.767749607676	0.756567035228	0.780382101134
AE8	0.703669596563	0.687349966579	0.750279212668	0.698491913378	0.73720182577	0.687032369369	0.689463831766	0.679934064151	0.698298248684	0.703950802572	0.724677735792	0.696762437753	0.703258378281	0.712629209342	0.714546293271	0.68155842957	0.711950393074	0.671543234467	0.787514222591	0.678117538302	0.688922136932	0.651696389018	0.526008184135	0.396061738939	0.530601443476	0.0	0.646213251541	0.647057430427	0.671371621188	0.680924255045	0.726637332712	0.690260658799	0.698314673076	0.691425092726	0.726574280041	0.718587659888	0.708494502406	0.688536619441	0.71104290555	0.728575587725	0.701754481417	0.699584635635	0.698971910466	0.693931826964	0.707215273787	0.690661642428	0.721141514866	0.715328255522	0.683443041353	0.718890790277	0.714692241466	0.733611552642	0.697041849994	0.678655267173	0.682822409372	0.677145937715	0.69937786736	0.686033829465	0.721386396351	0.725486070932	0.705545721653	0.706309544845
AF7	0.673666545354	0.655311624133	0.732108862289	0.663213430521	0.699057506179	0.685325475587	0.693196839671	0.674889563879	0.658124320306	0.695550481477	0.694161476605	0.685932343509	0.678310293295	0.696801766608	0.698141959224	0.657549797858	0.660339686571	0.664936380787	0.76890054074	0.669655554363	0.693186371179	0.486178755127	0.664874497811	0.649648111326	0.707452680028	0.646213251541	0.0	0.450859019739	0.647753909669	0.662478933066	0.722066898726	0.672538378279	0.671127254977	0.70718625531	0.693411850148	0.690903552742	0.683531661267	0.667594062554	0.675833343419	0.691857868851	0.681010172353	0.675689573141	0.681947790431	0.67700727335	0.719035835296	0.701972895484	0.714141764058	0.696042453739	0.686755339316	0.70926709551	0.68631653484	0.703904302306	0.683490913898	0.666355612056	0.661798649175	0.667264512484	0.671501697237	0.698223654771	0.676997425425	0.7078385224	0.672186946808	0.67377893291
AF8	0.685248259194	0.668016479397	0.749999543209	0.685335280848	0.707191333891	0.659626601906	0.67618773669	0.673905629358	0.699550193685	0.6939873351	0.695612855986	0.66256377263	0.701956570285	0.714221162805	0.706925288192	0.668175045539	0.670261980877	0.635159805553	0.772031251428	0.642638618813	0.58759844067	0.37395920435	0.682956681059	0.669458641652	0.705960237548	0.647057430427	0.450859019739	0.0	0.639112622002	0.638987441071	0.690900009283	0.635292808691	0.689618661747	0.664317791857	0.687268495787	0.699114878369	0.696696468787	0.652219993033	0.68273982384	0.699116081954	0.677053516173	0.687866277	0.679702475482	0.682091372332	0.690508232124	0.660212654968	0.729688916073	0.704170158534	0.669802704608	0.689519090541	0.706405863493	0.690261772842	0.668751535536	0.665290609118	0.6846170635	0.65200427296	0.687137990872	0.673298632428	0.698098845477	0.69955202447	0.669072394996	0.657185754585
AG7	0.69130120361	0.688625787842	0.725015172996	0.672708560145	0.715150326544	0.687924210953	0.715456206534	0.679730666134	0.676875684929	0.696888756452	0.693609985565	0.703536049739	0.688644299563	0.700326365476	0.710138903017	0.704335993467	0.676966410675	0.664373809036	0.743111801599	0.507423594972	0.64860008586	0.643877545818	0.65026274591	0.671678916039	0.680430525172	0.671371621188	0.647753909669	0.639112622002	0.0	0.457418369506	0.673583613336	0.644953640774	0.679278619411	0.697602727615	0.707501660111	0.686906944319	0.680492865674	0.669403087895	0.698290037248	0.699035969319	0.68050378064	0.699496004457	0.690604138896	0.683570877691	0.720567442245	0.690731024011	0.739183848493	0.733536650578	0.685293746326	0.7150003728	0.717062221781	0.733690065173	0.678242812119	0.689045974903	0.697351041751	0.709972696313	0.709529848621	0.729393403517	0.706237471064	0.725347399146	0.674233107483	0.714359725161
AG8	0.692700527416	0.682503953517	0.742806840509	0.682878464712	0.691356564273	0.657995421939	0.688839245003	0.653679172955	0.682470919272	0.666036395819	0.670209292223	0.6775074551	0.705287394271	0.703002522399	0.704996648767	0.698500813308	0.672336164745	0.654192890394	0.633597671491	0.382662132097	0.628526812194	0.626654003899	0.666828206289	0.678723157033	0.695337168942	0.680924255045	0.662478933066	0.638987441071	0.457418369506	0.0	0.686381037445	0.614136139447	0.670574490908	0.668477507343	0.692087917929	0.677644901238	0.64960260493	0.631531285092	0.66927485296	0.674065965654	0.669089005102	0.669921775763	0.670487826916	0.658070831742	0.692430471326	0.665638662907	0.725999958771	0.708096041979	0.675281127599	0.695573993519	0.710529291486	0.705259556611	0.674149989546	0.674586407673	0.675451762029	0.686804614823	0.692623239148	0.69501218349	0.692453223298	0.700683209781	0.677073249841	0.688199595387
AH7	0.734117688245	0.742860877108	0.764727818245	0.730619628539	0.774796391355	0.724424678504	0.726856160817	0.712275740372	0.73860068459	0.729828608857	0.718492434223	0.740563280999	0.730517820615	0.769616411585	0.75510582831	0.74745998647	0.711797994372	0.535032500312	0.761632553186	0.690398507025	0.66655687506	0.694314732305	0.701583623789	0.72836621762	0.731896661956	0.726637332712	0.722066898726	0.690900009283	0.673583613336	0.686381037445	0.0	0.533260133683	0.716990533756	0.759105318382	0.765968864838	0.769122686592	0.738391267237	0.74459548483	0.759291311048	0.741648973374	0.753477725546	0.748500647464	0.740354075185	0.743005104352	0.775315524695	0.760281095508	0.770795846208	0.763908076393	0.750265996758	0.768863416611	0.787176560219	0.790444294219	0.744570965496	0.746098587435	0.730339264053	0.754379946826	0.776649053595	0.785760176584	0.767672450637	0.777417117284	0.753399070403	0.761034579032
AH8	0.693569328693	0.690904153649	0.767725092932	0.695285665034	0.70081807749	0.659961316028	0.699508210369	0.673937160445	0.678096528942	0.688010205134	0.688227836456	0.678805538784	0.698442810374	0.726598214793	0.721025458128	0.70124109221	0.538409866548	0.38422182859	0.754433036537	0.622716458514	0.652118545868	0.649706801412	0.677152919169	0.6809283513	0.698622983467	0.690260658799	0.672538378279	0.635292808691	0.644953640774	0.614136139447	0.533260133683	0.0	0.684321431957	0.708029125075	0.705375506768	0.708963038123	0.689726682806	0.689883433912	0.685868650399	0.685342249416	0.68632616362	0.695695660221	0.696929917078	0.700158000656	0.718599168408	0.692407033847	0.723171224166	0.712000353375	0.702080644551	0.726386055922	0.72234419811	0.72691441447	0.698131176047	0.697503343931	0.67710186704	0.702326137554	0.732674679203	0.723944387892	0.73231881708	0.725873865609	0.694545343451	0.704477148398
AA5	0.646569611131	0.662337128899	0.749531120346	0.69190211191	0.65742786892	0.666837953979	0.706813809533	0.683519452704	0.618743676103	0.701920380975	0.639497158518	0.642754328179	0.691195695557	0.699991269893	0.683018663167	0.65387700561	0.664771498236	0.669137784313	0.77984173369	0.686272871165	0.711073890295	0.705219227169	0.652724164489	0.687684799088	0.737567187188	0.698314673076	0.671127254977	0.689618661747	0.679278619411	0.670574490908	0.716990533756	0.684321431957	0.0	0.595507418901	0.685373486224	0.689833608955	0.632227327216	0.632112811006	0.665021914593	0.686706737178	0.683100164574	0.637708737682	0.657718749984	0.648034024758	0.717548225525	0.666180618572	0.68808775693	0.715351357335	0.695720252129	0.699329580077	0.692960667796	0.711311806609	0.662347733106	0.708407179124	0.660469098942	0.693892207739	0.656192658309	0.69243562587	0.664233373132	0.700155270612	0.635460470829	0.690553241161
AA6	0.673280714064	0.667028878209	0.797806259634	0.699388358996	0.704217403878	0.656659697946	0.68283681218	0.656524159854	0.703663157591	0.672577774162	0.681775599479	0.664113795349	0.705696884507	0.721324238147	0.715552009834	0.682916372762	0.719108239286	0.715226662363	0.797216043225	0.689754565239	0.70419834394	0.665195037797	0.691432172389	0.696495447735	0.752886253409	0.691425092726	0.70718625531	0.664317791857	0.697602727615	0.668477507343	0.759105318382	0.708029125075	0.595507418901	0.0	0.699624551451	0.671840239918	0.642439231147	0.632873539445	0.643854768109	0.673864851532	0.647313027308	0.659438623983	0.649777909024	0.654220433889	0.460892016576	0.429840261973	0.709126744404	0.688669283017	0.660784733447	0.675222103221	0.685379673657	0.673175022947	0.667083292329	0.686294734876	0.685528853686	0.67308674726	0.660595769672	0.674273035224	0.666372957801	0.680033833526	0.650365053299	0.668647402743
AB5	0.669689888073	0.662777569696	0.740890526855	0.682760497966	0.669311990607	0.668260523006	0.68263223666	0.668088554762	0.681694161459	0.691582751265	0.664208674745	0.68125532365	0.695801958143	0.669345503454	0.695376715208	0.675957836148	0.709987395117	0.714587436534	0.765602607795	0.686156382864	0.720794089303	0.707072576149	0.716258973757	0.73086780406	0.738043147813	0.726574280041	0.693411850148	0.687268495787	0.707501660111	0.692087917929	0.765968864838	0.705375506768	0.685373486224	0.699624551451	0.0	0.436055498792	0.653364079188	0.664473070771	0.654040188801	0.639821027993	0.652124256073	0.666455453891	0.675644213426	0.643283199547	0.724067591432	0.701670811661	0.68018806772	0.699868932004	0.673132654152	0.709836627873	0.690009279001	0.693198117418	0.653931934197	0.686001508695	0.693393199883	0.68977871554	0.701987952608	0.697994807954	0.686672006015	0.702221653775	0.657581331561	0.68907806713
AB6	0.691615672462	0.661531450454	0.760615616294	0.681913768761	0.682655739044	0.658833629929	0.693194850431	0.6588830717	0.702025455216	0.680087462241	0.683552725162	0.671469590411	0.685897622414	0.689404564869	0.701821307391	0.67785260814	0.726033425589	0.716648188606	0.784113575136	0.683349621888	0.733709313119	0.701620687868	0.715110713175	0.728172147189	0.755731197406	0.718587659888	0.690903552742	0.699114878369	0.686906944319	0.677644901238	0.769122686592	0.708963038123	0.689833608955	0.671840239918	0.436055498792	0.0	0.669321286937	0.649952000256	0.656829015898	0.645356365024	0.640675760384	0.656867299132	0.652428318326	0.541707060182	0.689884745341	0.661953077125	0.675416837939	0.679486984037	0.662108398581	0.695017306835	0.697932673317	0.682621388281	0.67240625993	0.680296233222	0.696829306362	0.686765423593	0.681557813249	0.683881328704	0.673423019493	0.688855221308	0.662070886257	0.679104100616
AC5	0.630812703842	0.654319957113	0.74128968643	0.681424075753	0.664109731454	0.661818166088	0.695329371372	0.656053052704	0.660778220758	0.695819568931	0.644641043348	0.680473470171	0.691316018253	0.680253493596	0.675227255556	0.660963153405	0.673994134796	0.694783686537	0.758284110883	0.669464646796	0.708179329208	0.690242464795	0.681098932378	0.705519370486	0.735015697692	0.708494502406	0.683531661267	0.696696468787	0.680492865674	0.64960260493	0.738391267237	0.689726682806	0.632227327216	0.642439231147	0.653364079188	0.669321286937	0.0	0.484392313629	0.637734411607	0.654178383063	0.656891136934	0.640476496251	0.598968550397	0.637223413358	0.672804499757	0.655968208989	0.663186940178	0.699965390815	0.635335935831	0.67157677776	0.666915490441	0.663112018328	0.644923685257	0.660309001894	0.642641638011	0.66148392221	0.647690135568	0.661586896595	0.634237990993	0.66810156836	0.636201632743	0.676085080626
AC6	0.665466963252	0.630858462349	0.73461350229	0.666773574336	0.673875727072	0.652625455893	0.667858786631	0.662124609714	0.664953705104	0.667986899778	0.662650490338	0.650528450551	0.672368876945	0.682869065544	0.673553030473	0.651089630836	0.682466850617	0.690900109614	0.756996471797	0.646348783833	0.703671321297	0.677605942264	0.678741089729	0.693962158696	0.739337532119	0.688536619441	0.667594062554	0.652219993033	0.669403087895	0.631531285092	0.74459548483	0.689883433912	0.632112811006	0.632873539445	0.664473070771	0.649952000256	0.484392313629	0.0	0.633969201886	0.653408287774	0.645087812178	0.550828188326	0.492486935339	0.607210047135	0.668806476824	0.642373167066	0.673997913331	0.68011010943	0.632829051335	0.649268107582	0.673861209495	0.675452425913	0.665123384718	0.659866977878	0.655503746991	0.639831253866	0.621551056908	0.653474615854	0.639489888493	0.650558100149	0.648517901332	0.652364455046
AD6	0.65409743508	0.635315429762	0.793836819496	0.695332652197	0.658442680285	0.648624594642	0.62622245618	0.616649742352	0.670391668594	0.621331143044	0.67258440662	0.653923376417	0.697063452217	0.704435763472	0.688581146339	0.636898501003	0.701802182665	0.694884244856	0.789390190691	0.682322676008	0.721958844363	0.6778228392	0.697919735219	0.70165700844	0.757222250466	0.71104290555	0.675833343419	0.68273982384	0.698290037248	0.66927485296	0.759291311048	0.685868650399	0.665021914593	0.643854768109	0.654040188801	0.656829015898	0.637734411607	0.633969201886	0.0	0.484311540427	0.390369918289	0.629315185053	0.64185725596	0.64637142682	0.681841913815	0.651040923729	0.67822020159	0.661671466925	0.63481683206	0.620682415558	0.670699830372	0.67570553702	0.647376975428	0.641112147612	0.639955594573	0.646788777168	0.637727972414	0.666110471652	0.643153204705	0.624735948814	0.633169529956	0.645255415393
AE5	0.685340875804	0.658479524183	0.786787887323	0.691954778703	0.665566763466	0.655969484637	0.64598044047	0.626774061477	0.677438826555	0.640411084333	0.668475272022	0.653748111334	0.68499476889	0.712918062738	0.687714193385	0.668571038811	0.729732290815	0.705704349058	0.789582786083	0.681973060133	0.730809853867	0.697846608005	0.716200762065	0.712695333478	0.760434805852	0.728575587725	0.691857868851	0.699116081954	0.699035969319	0.674065965654	0.741648973374	0.685342249416	0.686706737178	0.673864851532	0.639821027993	0.645356365024	0.654178383063	0.653408287774	0.484311540427	0.0	0.382420241715	0.650146558996	0.661383791992	0.639202839761	0.686309456202	0.677939419383	0.675207904356	0.667390165058	0.65972670521	0.629938411861	0.674254841466	0.687357337372	0.641328869648	0.626561400756	0.634346630531	0.651636118062	0.655651090106	0.682647374381	0.661109155364	0.632114134668	0.641213229194	0.657835996646
AE6	0.664632548744	0.62442761456	0.789786937927	0.696950582442	0.67748877667	0.654039394058	0.623668888736	0.61837284787	0.679818484851	0.621007875413	0.679990250244	0.658390850885	0.702422666195	0.709082432044	0.682726692276	0.638691239457	0.727328509524	0.704625083286	0.801450482223	0.681331764878	0.73373480804	0.679507853495	0.706820569761	0.709889405691	0.756906696242	0.701754481417	0.681010172353	0.677053516173	0.68050378064	0.669089005102	0.753477725546	0.68632616362	0.683100164574	0.647313027308	0.652124256073	0.640675760384	0.656891136934	0.645087812178	0.390369918289	0.382420241715	0.0	0.657978056408	0.658293097907	0.658510052994	0.676312499719	0.65325534237	0.678697638716	0.649559846667	0.641794758776	0.618675506796	0.679541073684	0.680743235322	0.642590450379	0.626791067306	0.649181552624	0.637102777575	0.634962689973	0.665693287589	0.658078443996	0.6274834165	0.628936568284	0.631694910149
AF5	0.676812651994	0.650888276268	0.75518124351	0.663597819917	0.654577273307	0.653111092513	0.681805904559	0.643547360328	0.661843106606	0.671049836906	0.659195730995	0.643414351876	0.667177056344	0.678054386055	0.695548912364	0.668688431468	0.700675564946	0.699101319891	0.744316373972	0.672680008264	0.717081601483	0.699389774112	0.673679231866	0.687481128645	0.743801451746	0.699584635635	0.675689573141	0.687866277	0.699496004457	0.669921775763	0.748500647464	0.695695660221	0.637708737682	0.659438623983	0.666455453891	0.656867299132	0.640476496251	0.550828188326	0.629315185053	0.650146558996	0.657978056408	0.0	0.435826770921	0.629589865352	0.694548051982	0.663547106983	0.684115294827	0.684285428826	0.649569782967	0.667993814118	0.677780124088	0.694935444091	0.673411439101	0.677473093185	0.67614994263	0.679953251154	0.654634033884	0.697643239822	0.649557694005	0.660745626009	0.63462766356	0.689075327966
AF6	0.676689434861	0.64931270158	0.722808648719	0.66200485078	0.659629492409	0.65086631611	0.680218817369	0.660036176057	0.685073262694	0.680050622941	0.667009633301	0.655038900586	0.680698876069	0.674255937479	0.701661225958	0.664423517256	0.704577107531	0.691470422793	0.746902480206	0.661073978803	0.713821630822	0.686839021088	0.686232548708	0.698597466166	0.738057810064	0.698971910466	0.681947790431	0.679702475482	0.690604138896	0.670487826916	0.740354075185	0.696929917078	0.657718749984	0.649777909024	0.675644213426	0.652428318326	0.598968550397	0.492486935339	0.64185725596	0.661383791992	0.658293097907	0.435826770921	0.0	0.610508832866	0.679363590652	0.650636368111	0.674220961932	0.680473679131	0.641794703584	0.653949495175	0.675842325759	0.683126246709	0.670571700697	0.672374667471	0.674196232183	0.680230778886	0.647717966515	0.682843144058	0.653967632572	0.658665666992	0.668384977914	0.692353454169
