	AA3	AA4	AB3	AB4	AC3	AC4	AD3	AD4	AE3	AE4	AF3	AF4	AG3	AG4	AH3	AH4	AA7	AA8	AB7	AB8	AC7	AC8	AD7	AD8	AE7	AE8	AF7	AF8	AG7	AG8	AH7	AH8	AA5	AA6	AB5	AB6	AC5	AC6	AD6	AE5	AE6	AF5	AF6	AG5	AH5	AH6	AA1	AA2	AB1	AB2	AC1	AC2	AD1	AD2	AE1	AE2	AF1	AF2	AG1	AG2	AH1	AH2
AA3	0.0	0.495211462193	0.670735063305	0.642509248153	0.666176191243	0.677470806816	0.694667714685	0.684728960708	0.653242251442	0.702101219394	0.646946380099	0.679948546473	0.660462032836	0.630190430896	0.689690569505	0.482711291265	0.680750812643	0.680511685656	0.748174802194	0.694929850285	0.698107259086	0.697151250822	0.672938785983	0.70194326997	0.724307058933	0.715611299056	0.668490978863	0.68916604756	0.699385985545	0.681515797998	0.73742215235	0.68956145047	0.648116948599	0.688260360338	0.677195007046	0.684981722451	0.646416929208	0.660567254666	0.679514975491	0.678782128289	0.669965623302	0.679865551038	0.643172666029	0.659675251821	0.696484724723	0.69904045219	0.668499570666	0.693093770099	0.640841708947	0.703294181792	0.673093635116	0.686305726411	0.644905168626	0.661810693111	0.674909470579	0.669134894596	0.67317925246	0.689386751572	0.67259931322	0.67313164974	0.643850278593	0.698597949242
AA4	0.495211462193	0.0	0.679412625597	0.631010448137	0.666850346233	0.663376612535	0.663565576364	0.67135209782	0.680970248643	0.673792385408	0.661518720731	0.668906428849	0.673614512718	0.61724457662	0.498486549014	0.340113302366	0.697136237474	0.681486508135	0.764383555074	0.697335529826	0.707436419224	0.670774632245	0.678566083748	0.694958203056	0.725407723845	0.688686067858	0.654936774821	0.669743332868	0.689708411269	0.672238231176	0.744119956682	0.682360586751	0.671111097653	0.675404775068	0.67132996042	0.660959184439	0.659094613809	0.639996460751	0.642569022094	0.658370286375	0.64677232393	0.671301988463	0.647249260345	0.65572111557	0.676601454762	0.680797287232	0.66434608858	0.648853849591	0.643259548652	0.664678964398	0.648372131028	0.656718785456	0.650377003554	0.643815740171	0.655718571081	0.630898208866	0.654945392028	0.672240915274	0.653628162274	0.633431107259	0.649674059601	0.653215268655
AB3	0.670735063305	0.679412625597	0.0	0.640471508734	0.703261771985	0.741122424287	0.733521078512	0.750086200646	0.717317016104	0.74287266761	0.704742860398	0.746556162187	0.707751192829	0.532600294218	0.69206714962	0.684231457289	0.718559204637	0.73216905341	0.69133067747	0.685371466533	0.730957430173	0.724665738813	0.719020097245	0.745350061801	0.715161886272	0.732452152875	0.69775951719	0.729291265833	0.687909768931	0.694567902204	0.750537859089	0.734443742238	0.710457499962	0.762891222014	0.69603177386	0.723792676599	0.713175773311	0.720447150627	0.748045350784	0.741786116526	0.75499615258	0.696122815052	0.703367862761	0.722411885274	0.777139375396	0.774181094042	0.76203762585	0.760749762866	0.703465316813	0.762185594294	0.743151573043	0.763705855181	0.732323330483	0.745871821187	0.739117179626	0.7417838543	0.740971134557	0.763143497348	0.742402288271	0.740253328389	0.724627520001	0.747119668633
AB4	0.642509248153	0.631010448137	0.640471508734	0.0	0.691842512748	0.685256544812	0.708279111775	0.690646092864	0.692616366704	0.707991556558	0.657376385175	0.6913338417	0.428796078606	0.492831945971	0.686538431604	0.6453373099	0.703268559465	0.702647491067	0.745873498408	0.684554628069	0.693160365153	0.685157565253	0.677009238202	0.695094123202	0.727835487321	0.699357701425	0.662046414907	0.678190773521	0.671379407377	0.677763187218	0.737832936269	0.70692774635	0.684090151033	0.699810181644	0.685566671918	0.683141563517	0.665389950851	0.651472955915	0.691896702714	0.688240150212	0.692873226411	0.659831509522	0.652483265555	0.677478197318	0.708212371	0.718343900396	0.701298245107	0.696555750017	0.636406475393	0.699001517392	0.699125535956	0.710420721571	0.674328931776	0.670201399989	0.67618870102	0.679886506368	0.688244281223	0.711897035741	0.693464973214	0.669516436752	0.675882878467	0.694288644215
AC3	0.666176191243	0.666850346233	0.703261771985	0.691842512748	0.0	0.520703735919	0.675695937927	0.664249529241	0.64444026325	0.671136839942	0.676917657596	0.455876124913	0.700335780025	0.68904853741	0.676982619534	0.66870108414	0.696822508154	0.692363944048	0.757326098238	0.689323079131	0.720489859285	0.713699711117	0.706412626956	0.728248412942	0.715640790643	0.715675052486	0.718277412455	0.724076473794	0.714157952532	0.685451847074	0.756773428347	0.700968270069	0.657642030426	0.701072564915	0.683730291439	0.681812939917	0.678775616954	0.664802584941	0.678612465548	0.638585999509	0.649171087979	0.661535069523	0.654554233557	0.665331366506	0.713467032126	0.715006173201	0.708804703655	0.716472108186	0.705026889768	0.692440955953	0.692822998586	0.697420828915	0.673350306201	0.675676350369	0.672398687415	0.686495713993	0.702448649637	0.708372546697	0.689406280936	0.663260468973	0.672010839551	0.707942809193
AC4	0.677470806816	0.663376612535	0.741122424287	0.685256544812	0.520703735919	0.0	0.683107752311	0.668723917285	0.657791780529	0.671390799878	0.501755971453	0.408073193713	0.684338518185	0.698457326324	0.672064623733	0.664410199364	0.702551857751	0.707319525851	0.770806912765	0.690487573417	0.721950586346	0.708807042988	0.712477873717	0.717809273124	0.757686041458	0.718412954316	0.708638177067	0.695114517077	0.707913966682	0.686972216659	0.76425315607	0.69963033785	0.657706735675	0.679503098927	0.668599598348	0.668633195781	0.678803198113	0.65745947392	0.666106232294	0.653326863134	0.657863364675	0.662018148024	0.64934502278	0.64880547054	0.683034924005	0.67495402267	0.711242316996	0.69179612851	0.695067131634	0.683975566795	0.68795749815	0.679564565503	0.683123579065	0.672732320801	0.703342086617	0.701836103365	0.676685757202	0.682241568685	0.690309537493	0.682988880715	0.653975893151	0.705592434608
AD3	0.694667714685	0.663565576364	0.733521078512	0.708279111775	0.675695937927	0.683107752311	0.0	0.459181993993	0.6738172996	0.336053222067	0.701183089453	0.652387044979	0.723191861067	0.695649674111	0.695770608326	0.663843322423	0.705663929659	0.68729398171	0.76744186885	0.657471953704	0.721411215301	0.684834737436	0.708613139277	0.693803509384	0.727456210852	0.698351444893	0.69334118912	0.673774952521	0.702673801276	0.673575389001	0.731141903651	0.679968232967	0.696257716731	0.687278756579	0.685916963257	0.677814986244	0.687021061698	0.669255594844	0.62833912076	0.648284411324	0.635645358526	0.679976431093	0.672977089295	0.67528878276	0.690322998094	0.682722756186	0.701699587003	0.66892692434	0.683354397908	0.666121965437	0.694010295787	0.689850165702	0.674189406972	0.665999210675	0.684034846508	0.661297185315	0.677357156829	0.673412110453	0.6981542787	0.654386643228	0.698880565057	0.666136961269
AD4	0.684728960708	0.67135209782	0.750086200646	0.690646092864	0.664249529241	0.668723917285	0.459181993993	0.0	0.59086034727	0.431526356018	0.67382682971	0.656700613363	0.686628929774	0.702074936561	0.678525022264	0.672329814667	0.695180045147	0.665764793957	0.772167657007	0.667535026385	0.707154943993	0.685310386045	0.668706926151	0.667807347815	0.728479082444	0.682937385231	0.683658824577	0.690723972997	0.690028673058	0.659739229213	0.705765431758	0.673196378253	0.678438136748	0.665743136848	0.680496733339	0.670713713826	0.658032013455	0.660418497474	0.630712428067	0.63965181612	0.627324391852	0.658274040195	0.661861112591	0.65455441582	0.663254215316	0.662879979392	0.681012598539	0.675837290721	0.678516604187	0.67901889276	0.693358546586	0.694841159755	0.675409305327	0.661147707313	0.650808525067	0.663208731554	0.707237402323	0.677845884745	0.707684421014	0.659809071564	0.688645440845	0.67479894117
AE3	0.653242251442	0.680970248643	0.717317016104	0.692616366704	0.64444026325	0.657791780529	0.6738172996	0.59086034727	0.0	0.644647644486	0.653906613005	0.650575665472	0.67359417491	0.693005598329	0.676303248309	0.681883451052	0.654508056818	0.678141904305	0.757244167168	0.693817357574	0.725166350054	0.72202849213	0.667709694625	0.677734218626	0.743963029419	0.700263426355	0.677668283208	0.700958892929	0.666104702899	0.662162793717	0.73311743402	0.675239151693	0.617071346184	0.710820828123	0.692416083114	0.690812523383	0.655948921001	0.678231377965	0.677866794525	0.676872696462	0.683783069568	0.648809491677	0.679234084996	0.660363595938	0.718879511975	0.717491274863	0.705334888455	0.726866968155	0.696891764532	0.711370393187	0.701533187282	0.716845756203	0.667987193836	0.687285312217	0.644742235057	0.702650874626	0.689103177442	0.73090522723	0.713583859717	0.694682791102	0.656302068903	0.720716920661
AE4	0.702101219394	0.673792385408	0.74287266761	0.707991556558	0.671136839942	0.671390799878	0.336053222067	0.431526356018	0.644647644486	0.0	0.705080696466	0.642086577617	0.719513569375	0.698925517811	0.697780798965	0.680462364641	0.709586380809	0.682742242468	0.774955469672	0.651731091826	0.717502361889	0.681523530838	0.702149326229	0.699230365686	0.736320099656	0.698088719403	0.703291164775	0.676292777378	0.680418522026	0.65524938154	0.722237342138	0.677534459936	0.693517073217	0.674134822015	0.693354304993	0.676173269564	0.695597125254	0.676599574289	0.625846636293	0.642484976374	0.620949032771	0.691259812721	0.686452173511	0.667172038625	0.689662941819	0.691711886534	0.707027823371	0.671182382076	0.700708197788	0.674736406876	0.705791130011	0.695777766154	0.680382061921	0.664751111531	0.682972070306	0.675924204875	0.686293486849	0.687484732088	0.703401127297	0.662965602014	0.694499991368	0.669589350669
AF3	0.646946380099	0.661518720731	0.704742860398	0.657376385175	0.676917657596	0.501755971453	0.701183089453	0.67382682971	0.653906613005	0.705080696466	0.0	0.562453416069	0.666595420858	0.679055585523	0.666957682564	0.664640271728	0.681794635345	0.680744660889	0.745449065311	0.679438233594	0.679051190134	0.71161059061	0.67099390968	0.701688527598	0.759233419189	0.70715388201	0.690404346962	0.711872996684	0.687970630792	0.669787545765	0.717502656102	0.687465137326	0.634182478164	0.677595646145	0.674258875387	0.686056572629	0.651459579357	0.655238322399	0.674022250129	0.665547633315	0.688044052776	0.657850745961	0.651028158613	0.654748262453	0.685089005101	0.689202630231	0.718204340626	0.703600269891	0.690779946969	0.709525713763	0.705787087584	0.710499270313	0.692146476533	0.702365998532	0.691971986919	0.704647471858	0.677779072079	0.723847071641	0.686230085484	0.691192360766	0.636800113703	0.705211771804
AF4	0.679948546473	0.668906428849	0.746556162187	0.6913338417	0.455876124913	0.408073193713	0.652387044979	0.656700613363	0.650575665472	0.642086577617	0.562453416069	0.0	0.706454341983	0.707583602266	0.692104666746	0.673142308949	0.689916573583	0.687143752291	0.763690988103	0.676779230319	0.7196012058	0.690749779589	0.716862405302	0.71640886981	0.744207513328	0.711156965944	0.708815256358	0.689910616683	0.705703345607	0.674324812996	0.762721677581	0.685929830704	0.662677674842	0.677284589488	0.677947167458	0.682974609101	0.669239855022	0.662027979741	0.669444137833	0.653958214116	0.650346495843	0.669946541664	0.655542682559	0.664028365919	0.680639495214	0.684589711864	0.71249745398	0.696348640476	0.703734168587	0.677482550504	0.686905160987	0.674924169885	0.661162905114	0.672745057678	0.68910344577	0.692939104598	0.683703721767	0.6721974127	0.698589654692	0.665552720545	0.665570880386	0.699091113883
AG3	0.660462032836	0.673614512718	0.707751192829	0.428796078606	0.700335780025	0.684338518185	0.723191861067	0.686628929774	0.67359417491	0.719513569375	0.666595420858	0.706454341983	0.0	0.568497103152	0.672991100321	0.674443804669	0.684998980468	0.690135223697	0.764429088902	0.710643029806	0.688374479532	0.715027318686	0.675500497528	0.688687574707	0.734979436438	0.707463340479	0.675435180029	0.711855175142	0.704312898395	0.691156864813	0.731402866485	0.707394751145	0.682913650444	0.698964540111	0.703803723961	0.700747797587	0.684514261451	0.678092097148	0.712077198603	0.686370098325	0.700829237568	0.655496276834	0.664600412483	0.665393234872	0.702110994483	0.718338351446	0.692371427011	0.708322958224	0.657577822476	0.69314550534	0.706127870682	0.717449345346	0.692711181202	0.685793214735	0.675297356379	0.694535786081	0.709269130291	0.735690418948	0.696960430794	0.680512238561	0.687937254392	0.716571587471
AG4	0.630190430896	0.61724457662	0.532600294218	0.492831945971	0.68904853741	0.698457326324	0.695649674111	0.702074936561	0.693005598329	0.698925517811	0.679055585523	0.707583602266	0.568497103152	0.0	0.652259886568	0.615542807938	0.708801365941	0.713890136168	0.721880787834	0.685923221391	0.717756271568	0.702089006418	0.684397388585	0.710493293735	0.711856561796	0.701309317825	0.677396373168	0.701911893142	0.696262932578	0.684781637927	0.760426135351	0.721040506142	0.695710885045	0.715769526236	0.677412512851	0.696465892407	0.676237018937	0.680192796772	0.699053253117	0.694911222862	0.705362750738	0.674983369542	0.667841601894	0.702331233794	0.727054506246	0.740373857016	0.715704161022	0.714080266209	0.668874382987	0.716379763283	0.707658043809	0.726405340794	0.692357654873	0.698057250131	0.70582521221	0.692322491104	0.710689035855	0.728750489908	0.707641738653	0.680740082934	0.688641717869	0.70479420044
AH3	0.689690569505	0.498486549014	0.69206714962	0.686538431604	0.676982619534	0.672064623733	0.695770608326	0.678525022264	0.676303248309	0.697780798965	0.666957682564	0.692104666746	0.672991100321	0.652259886568	0.0	0.537855268156	0.692026162921	0.706994348996	0.76842261048	0.717934019985	0.725937901344	0.718226116953	0.673125703615	0.69618145315	0.732253700483	0.69756070133	0.688299665003	0.705734833551	0.711694256332	0.690560973355	0.757912901577	0.706114260106	0.668244245111	0.710163129366	0.692756988323	0.698977733219	0.682289045815	0.672477266946	0.685560396361	0.687897966442	0.682917732094	0.660792445777	0.675618074968	0.673540590999	0.70368551542	0.706755242406	0.710128833636	0.694775838841	0.693348159265	0.690203022038	0.692606842757	0.724967972213	0.708773902292	0.698744714259	0.672423323008	0.686347126509	0.70600538191	0.729853698201	0.689456120466	0.681473451315	0.675932611804	0.688284827301
AH4	0.482711291265	0.340113302366	0.684231457289	0.6453373099	0.66870108414	0.664410199364	0.663843322423	0.672329814667	0.681883451052	0.680462364641	0.664640271728	0.673142308949	0.674443804669	0.615542807938	0.537855268156	0.0	0.698756574093	0.680926891805	0.75955456311	0.692491053684	0.69774740875	0.672807420169	0.669109977714	0.684898745642	0.720196434598	0.694345952953	0.667362297846	0.662821989498	0.686803568783	0.675082581311	0.736668253923	0.686932365678	0.671190316076	0.681718213058	0.665917589026	0.663243635367	0.665787885997	0.641979094317	0.644902199162	0.677711157087	0.655191516377	0.659189008656	0.643642437423	0.655657297158	0.684178990628	0.679759587525	0.681269678069	0.662812120969	0.653193625524	0.672628564181	0.658634846471	0.667647473332	0.653686825808	0.651236615284	0.673502252295	0.646722907789	0.658111573325	0.673516368386	0.664817296842	0.643314143864	0.650020619952	0.657470855859
AA7	0.680750812643	0.697136237474	0.718559204637	0.703268559465	0.696822508154	0.702551857751	0.705663929659	0.695180045147	0.654508056818	0.709586380809	0.681794635345	0.689916573583	0.684998980468	0.708801365941	0.692026162921	0.698756574093	0.0	0.520146930247	0.760734000199	0.685778309798	0.669775425256	0.693527478625	0.66742790179	0.694223830767	0.708456385816	0.714252374938	0.67105014632	0.67064527855	0.667870515632	0.655495325436	0.704887893327	0.525899802931	0.649574530462	0.729548078447	0.710842857406	0.720248838423	0.670959604035	0.69279218276	0.718199427487	0.73239247293	0.739684340149	0.694108453487	0.688261972411	0.70858607944	0.738128946265	0.731221028324	0.735930510834	0.736199503914	0.715435424967	0.75116708228	0.721986257686	0.742700937251	0.681688777905	0.696711966744	0.684748523434	0.702773913836	0.736335746411	0.742385379131	0.74197584934	0.727051936223	0.680985593216	0.71725199321
AA8	0.680511685656	0.681486508135	0.73216905341	0.702647491067	0.692363944048	0.707319525851	0.68729398171	0.665764793957	0.678141904305	0.682742242468	0.680744660889	0.687143752291	0.690135223697	0.713890136168	0.706994348996	0.680926891805	0.520146930247	0.0	0.758662149089	0.629278097905	0.630678732067	0.64609935047	0.659949664393	0.671863566786	0.69589605341	0.678640327472	0.674640447429	0.656908074781	0.649721226657	0.629096995587	0.537274346356	0.362476773405	0.667322174133	0.71358129259	0.717018354851	0.702836397122	0.682230759708	0.687797683822	0.700772844995	0.699545833966	0.697611089196	0.679906350963	0.689803455187	0.686206927482	0.712165769664	0.706446481433	0.721836207161	0.707098093953	0.703513595386	0.723463762957	0.729423605243	0.723721838668	0.679115108627	0.678367531298	0.678055927392	0.682525459215	0.735606692948	0.726813844871	0.747907569227	0.703711803303	0.691565581457	0.698591084835
AB7	0.748174802194	0.764383555074	0.69133067747	0.745873498408	0.757326098238	0.770806912765	0.76744186885	0.772167657007	0.757244167168	0.774955469672	0.745449065311	0.763690988103	0.764429088902	0.721880787834	0.76842261048	0.75955456311	0.760734000199	0.758662149089	0.0	0.556836436549	0.740290684922	0.757928333565	0.763713719471	0.784140122174	0.735658887945	0.775182711814	0.759348877202	0.76778724501	0.741288794487	0.622226281451	0.752266155732	0.753885587146	0.768561452158	0.784695396361	0.767403329293	0.789549453613	0.76223550824	0.755893142841	0.776574524913	0.786144260259	0.792634728079	0.721131632662	0.732792499808	0.766070190286	0.791364458858	0.793093683814	0.81430705631	0.795799987071	0.774041993425	0.799705757897	0.802533552504	0.796516372496	0.789811616608	0.782208209969	0.78269666904	0.78206748956	0.791121089229	0.808054790793	0.808768453035	0.779573136479	0.781900293283	0.783251950562
AB8	0.694929850285	0.697335529826	0.685371466533	0.684554628069	0.689323079131	0.690487573417	0.657471953704	0.667535026385	0.693817357574	0.651731091826	0.679438233594	0.676779230319	0.710643029806	0.685923221391	0.717934019985	0.692491053684	0.685778309798	0.629278097905	0.556836436549	0.0	0.645649737482	0.626050795526	0.679108851714	0.663542438159	0.683254458766	0.677589573179	0.65413976616	0.651195113904	0.515226593292	0.403814146446	0.680359707131	0.616682814138	0.69294672429	0.700502395456	0.697176594215	0.687126807176	0.673112757817	0.656928102965	0.6806803198	0.691425119752	0.687476562716	0.659610548811	0.653608913958	0.660013255467	0.695303769322	0.685389091774	0.728667790986	0.698180888915	0.684883849429	0.71134628832	0.709025175918	0.721113056297	0.683873062298	0.671774027301	0.684411465457	0.67409679642	0.69983884762	0.719792770675	0.714924200798	0.683086701726	0.674424772277	0.702237950373
AC7	0.698107259086	0.707436419224	0.730957430173	0.693160365153	0.720489859285	0.721950586346	0.721411215301	0.707154943993	0.725166350054	0.717502361889	0.679051190134	0.7196012058	0.688374479532	0.717756271568	0.725937901344	0.69774740875	0.669775425256	0.630678732067	0.740290684922	0.645649737482	0.0	0.513799261918	0.66951308335	0.694754823831	0.691610569336	0.696166090249	0.678256541078	0.594142625013	0.651284062879	0.640540719471	0.662217820585	0.653403505879	0.696911441182	0.704288124837	0.730411663184	0.733707126211	0.708286696883	0.704207180219	0.714783672738	0.72944675713	0.728029873726	0.711009040529	0.7015577675	0.708676140248	0.696775866588	0.694882954087	0.744336099124	0.742982379581	0.704543640027	0.744701137059	0.751680350382	0.752152397887	0.696654212371	0.677838138118	0.705093245735	0.698619704466	0.742924190005	0.734561776016	0.753558468362	0.719815787519	0.706881415408	0.73619479722
AC8	0.697151250822	0.670774632245	0.724665738813	0.685157565253	0.713699711117	0.708807042988	0.684834737436	0.685310386045	0.72202849213	0.681523530838	0.71161059061	0.690749779589	0.715027318686	0.702089006418	0.718226116953	0.672807420169	0.693527478625	0.64609935047	0.757928333565	0.626050795526	0.513799261918	0.0	0.681023610972	0.67675397254	0.708153536166	0.675508421843	0.497152848421	0.416810377345	0.634039636024	0.615635098402	0.694793813198	0.636841001224	0.707593965853	0.689050072295	0.710129209857	0.708183960267	0.698944914054	0.688337635996	0.674235926005	0.708445337084	0.693651707392	0.693603094711	0.677758778918	0.694677305986	0.687257111496	0.684542916518	0.72710565322	0.695276268195	0.692674342656	0.70540100805	0.700718571612	0.7069095546	0.685429412107	0.657929224412	0.684545365009	0.668481595856	0.711302651349	0.687539455578	0.711929967205	0.686334362035	0.686016277949	0.686559516478
AD7	0.672938785983	0.678566083748	0.719020097245	0.677009238202	0.706412626956	0.712477873717	0.708613139277	0.668706926151	0.667709694625	0.702149326229	0.67099390968	0.716862405302	0.675500497528	0.684397388585	0.673125703615	0.669109977714	0.66742790179	0.659949664393	0.763713719471	0.679108851714	0.66951308335	0.681023610972	0.0	0.468539620932	0.69781088859	0.504840572723	0.668121601692	0.672723992712	0.657328287121	0.659011084564	0.695167413442	0.668128373372	0.643115344207	0.700005357656	0.714600719412	0.714425215337	0.683623136836	0.675533617464	0.702873580775	0.709640811994	0.701877438117	0.656282009194	0.659393118305	0.690521382193	0.70283489886	0.697642973803	0.712367300279	0.709545642008	0.684253198755	0.715067718456	0.703850509371	0.734279017813	0.689702393819	0.678972760915	0.660191221258	0.680833199921	0.701378669625	0.720339845749	0.70814232452	0.703962644906	0.676034345718	0.696680329412
AD8	0.70194326997	0.694958203056	0.745350061801	0.695094123202	0.728248412942	0.717809273124	0.693803509384	0.667807347815	0.677734218626	0.699230365686	0.701688527598	0.71640886981	0.688687574707	0.710493293735	0.69618145315	0.684898745642	0.694223830767	0.671863566786	0.784140122174	0.663542438159	0.694754823831	0.67675397254	0.468539620932	0.0	0.602392609123	0.416577235477	0.636056002806	0.662462126515	0.657770749916	0.652768681379	0.71211036076	0.669500653008	0.679401842181	0.706344197775	0.734566319428	0.711557175447	0.695383725833	0.685757218521	0.706676120998	0.712349769356	0.700939515535	0.678909665756	0.683036510145	0.685365454091	0.695806727353	0.680621468534	0.720876421638	0.698727669654	0.701949116842	0.709541760729	0.7029694862	0.730474397093	0.685946901724	0.663620007651	0.649217964105	0.673593324811	0.70461450775	0.723023810515	0.713296119415	0.700158166428	0.689596808853	0.692598536392
AE7	0.724307058933	0.725407723845	0.715161886272	0.727835487321	0.715640790643	0.757686041458	0.727456210852	0.728479082444	0.743963029419	0.736320099656	0.759233419189	0.744207513328	0.734979436438	0.711856561796	0.732253700483	0.720196434598	0.708456385816	0.69589605341	0.735658887945	0.683254458766	0.691610569336	0.708153536166	0.69781088859	0.602392609123	0.0	0.508805202093	0.703345750574	0.712865287016	0.687157600442	0.696666455415	0.732847144359	0.701913638507	0.724904042188	0.762357982371	0.739310222655	0.750135210018	0.726141088821	0.743102717054	0.757687169965	0.755121127878	0.75807099237	0.721895981686	0.732143997426	0.735201413656	0.753076569809	0.75377329691	0.765405586253	0.778027023675	0.730821913898	0.771425840522	0.76332204143	0.791509005238	0.747459837737	0.738418677701	0.737158485803	0.732594263329	0.776251463427	0.788732794188	0.779128078376	0.751606058465	0.752365428154	0.766263754046
AE8	0.715611299056	0.688686067858	0.732452152875	0.699357701425	0.715675052486	0.718412954316	0.698351444893	0.682937385231	0.700263426355	0.698088719403	0.70715388201	0.711156965944	0.707463340479	0.701309317825	0.69756070133	0.694345952953	0.714252374938	0.678640327472	0.775182711814	0.677589573179	0.696166090249	0.675508421843	0.504840572723	0.416577235477	0.508805202093	0.0	0.656099594843	0.67863073854	0.666503822539	0.664944037581	0.7061072866	0.67987824178	0.692325052614	0.712493231116	0.729937311913	0.720772403064	0.709627358642	0.700903485947	0.717363536694	0.723707990663	0.713211094178	0.68078063862	0.702770833148	0.703603166028	0.706533967961	0.705531102033	0.714970283071	0.723202095328	0.701790071423	0.71854033593	0.726473192399	0.741091750772	0.708797442314	0.679557316638	0.688655507776	0.687954250805	0.726830682945	0.736882853451	0.73036717638	0.706388660335	0.70958169914	0.714149786146
AF7	0.668490978863	0.654936774821	0.69775951719	0.662046414907	0.718277412455	0.708638177067	0.69334118912	0.683658824577	0.677668283208	0.703291164775	0.690404346962	0.708815256358	0.675435180029	0.677396373168	0.688299665003	0.667362297846	0.67105014632	0.674640447429	0.759348877202	0.65413976616	0.678256541078	0.497152848421	0.668121601692	0.636056002806	0.703345750574	0.656099594843	0.0	0.437520893219	0.664146889359	0.639115640587	0.712102078939	0.663645453212	0.672707475546	0.707081813643	0.695198966396	0.697069379734	0.677960678941	0.678057262074	0.678438944167	0.694880663033	0.695401807716	0.667810409082	0.665770948923	0.670631340285	0.71654146989	0.70893874674	0.704727689085	0.696166937728	0.674220780718	0.710050531043	0.677505921055	0.711171535337	0.673113616532	0.66106508926	0.674711284852	0.684547976713	0.689035248048	0.725264548892	0.695465080315	0.689670473217	0.665001555744	0.685158384919
AF8	0.68916604756	0.669743332868	0.729291265833	0.678190773521	0.724076473794	0.695114517077	0.673774952521	0.690723972997	0.700958892929	0.676292777378	0.711872996684	0.689910616683	0.711855175142	0.701911893142	0.705734833551	0.662821989498	0.67064527855	0.656908074781	0.76778724501	0.651195113904	0.594142625013	0.416810377345	0.672723992712	0.662462126515	0.712865287016	0.67863073854	0.437520893219	0.0	0.649422587118	0.64024431939	0.710690971869	0.631182244164	0.685549858214	0.689752782085	0.708685399893	0.707380578198	0.685771863905	0.671488514472	0.674248482162	0.711855168265	0.707746738395	0.687589792437	0.673653627601	0.684397911649	0.706346451112	0.687444234785	0.712204423973	0.690260573075	0.679629453975	0.708094805201	0.68667470926	0.706269810994	0.659752886736	0.639925080442	0.68597962451	0.665287149837	0.689549882191	0.686028799049	0.700793332415	0.688191540002	0.668414972139	0.683200495601
AG7	0.699385985545	0.689708411269	0.687909768931	0.671379407377	0.714157952532	0.707913966682	0.702673801276	0.690028673058	0.666104702899	0.680418522026	0.687970630792	0.705703345607	0.704312898395	0.696262932578	0.711694256332	0.686803568783	0.667870515632	0.649721226657	0.741288794487	0.515226593292	0.651284062879	0.634039636024	0.657328287121	0.657770749916	0.687157600442	0.666503822539	0.664146889359	0.649422587118	0.0	0.476786972886	0.67954651417	0.642642637308	0.666831665625	0.713995215133	0.713440595864	0.694155242338	0.679639177243	0.673900243355	0.680743822713	0.696160474921	0.693473549341	0.691164393057	0.673170518931	0.679068993449	0.715418462758	0.707528839937	0.730510387555	0.710994031863	0.695726017092	0.723270526916	0.684670108218	0.734214437067	0.647225592535	0.656153552901	0.67761387535	0.674542681146	0.691343114231	0.722046672604	0.705060365409	0.706486400984	0.675131472493	0.70545301496
AG8	0.681515797998	0.672238231176	0.694567902204	0.677763187218	0.685451847074	0.686972216659	0.673575389001	0.659739229213	0.662162793717	0.65524938154	0.669787545765	0.674324812996	0.691156864813	0.684781637927	0.690560973355	0.675082581311	0.655495325436	0.629096995587	0.622226281451	0.403814146446	0.640540719471	0.615635098402	0.659011084564	0.652768681379	0.696666455415	0.664944037581	0.639115640587	0.64024431939	0.476786972886	0.0	0.694476061749	0.623767187383	0.671002118299	0.684853239075	0.68752899846	0.674548306443	0.654550176171	0.645421099269	0.668437753615	0.666591658703	0.671652735329	0.653841127703	0.646165505407	0.656735444641	0.681906394497	0.680578007749	0.718764899294	0.682991467656	0.677602448249	0.698364052642	0.684289314456	0.693087228544	0.663263327741	0.653844477042	0.659168272338	0.652976198759	0.6813627826	0.699954578257	0.693644547684	0.671935901051	0.659564932426	0.685445004335
AH7	0.73742215235	0.744119956682	0.750537859089	0.737832936269	0.756773428347	0.76425315607	0.731141903651	0.705765431758	0.73311743402	0.722237342138	0.717502656102	0.762721677581	0.731402866485	0.760426135351	0.757912901577	0.736668253923	0.704887893327	0.537274346356	0.752266155732	0.680359707131	0.662217820585	0.694793813198	0.695167413442	0.71211036076	0.732847144359	0.7061072866	0.712102078939	0.710690971869	0.67954651417	0.694476061749	0.0	0.50964162916	0.708178661911	0.774301416636	0.772248457411	0.773551160691	0.747538950469	0.738063713411	0.761388520258	0.762763948289	0.75671050803	0.714263437471	0.758504699088	0.738612792089	0.775127135962	0.766150051825	0.769717773486	0.759878205599	0.760402609059	0.778070882646	0.783993955468	0.784762891488	0.736000455504	0.731843133836	0.730291656899	0.73128270132	0.778287013095	0.790311850798	0.787061270806	0.750764870117	0.747872827287	0.751759970196
AH8	0.68956145047	0.682360586751	0.734443742238	0.70692774635	0.700968270069	0.69963033785	0.679968232967	0.673196378253	0.675239151693	0.677534459936	0.687465137326	0.685929830704	0.707394751145	0.721040506142	0.706114260106	0.686932365678	0.525899802931	0.362476773405	0.753885587146	0.616682814138	0.653403505879	0.636841001224	0.668128373372	0.669500653008	0.701913638507	0.67987824178	0.663645453212	0.631182244164	0.642642637308	0.623767187383	0.50964162916	0.0	0.66198935595	0.727084699345	0.712103436531	0.710934760253	0.682270322878	0.675467965438	0.703594729138	0.703889946222	0.703733195944	0.669090280894	0.690600013061	0.69631735296	0.716697062085	0.706698328423	0.720970484556	0.70671718073	0.704329895476	0.72890408051	0.720360833157	0.724899498963	0.672615870123	0.665725940339	0.679926080035	0.675705757183	0.72247532698	0.718816436028	0.743024149129	0.704787159709	0.688439301151	0.700057516518
AA5	0.648116948599	0.671111097653	0.710457499962	0.684090151033	0.657642030426	0.657706735675	0.696257716731	0.678438136748	0.617071346184	0.693517073217	0.634182478164	0.662677674842	0.682913650444	0.695710885045	0.668244245111	0.671190316076	0.649574530462	0.667322174133	0.768561452158	0.69294672429	0.696911441182	0.707593965853	0.643115344207	0.679401842181	0.724904042188	0.692325052614	0.672707475546	0.685549858214	0.666831665625	0.671002118299	0.708178661911	0.66198935595	0.0	0.592780240118	0.685552673728	0.692164760786	0.642979127889	0.649426630797	0.667552512428	0.693961390347	0.685396581793	0.634438774171	0.631073898769	0.651954283808	0.706388525157	0.673221554825	0.686976492857	0.707712128161	0.683045398487	0.70674264811	0.686091980251	0.709642612144	0.65190347675	0.671717902794	0.653758947042	0.689000583846	0.652672952352	0.707823497125	0.679004867358	0.67863309006	0.641216643087	0.699005188699
AA6	0.688260360338	0.675404775068	0.762891222014	0.699810181644	0.701072564915	0.679503098927	0.687278756579	0.665743136848	0.710820828123	0.674134822015	0.677595646145	0.677284589488	0.698964540111	0.715769526236	0.710163129366	0.681718213058	0.729548078447	0.71358129259	0.784695396361	0.700502395456	0.704288124837	0.689050072295	0.700005357656	0.706344197775	0.762357982371	0.712493231116	0.707081813643	0.689752782085	0.713995215133	0.684853239075	0.774301416636	0.727084699345	0.592780240118	0.0	0.700176125534	0.690241787977	0.647519597511	0.637776743701	0.64781225181	0.675096794933	0.661139701126	0.676546583232	0.640079493782	0.66330868985	0.448209923988	0.46156730445	0.684003974024	0.672316221138	0.668728361616	0.692532815811	0.673325196633	0.670631377375	0.688331207277	0.683671310504	0.696102912456	0.691171506866	0.676924184616	0.682784083345	0.677559898899	0.68024541313	0.652749828489	0.678084763265
AB5	0.677195007046	0.67132996042	0.69603177386	0.685566671918	0.683730291439	0.668599598348	0.685916963257	0.680496733339	0.692416083114	0.693354304993	0.674258875387	0.677947167458	0.703803723961	0.677412512851	0.692756988323	0.665917589026	0.710842857406	0.717018354851	0.767403329293	0.697176594215	0.730411663184	0.710129209857	0.714600719412	0.734566319428	0.739310222655	0.729937311913	0.695198966396	0.708685399893	0.713440595864	0.68752899846	0.772248457411	0.712103436531	0.685552673728	0.700176125534	0.0	0.418724789565	0.654321373971	0.666999616871	0.663783217734	0.636532433127	0.64599050154	0.683855468511	0.662381799567	0.66228594721	0.705439482808	0.68970617913	0.687864830944	0.701024772975	0.67186975491	0.71931881455	0.687748941096	0.699158662968	0.661551364026	0.692819433431	0.690981034793	0.670645995971	0.709069077476	0.70146698958	0.714107153336	0.695875328357	0.653595741501	0.701574469879
AB6	0.684981722451	0.660959184439	0.723792676599	0.683141563517	0.681812939917	0.668633195781	0.677814986244	0.670713713826	0.690812523383	0.676173269564	0.686056572629	0.682974609101	0.700747797587	0.696465892407	0.698977733219	0.663243635367	0.720248838423	0.702836397122	0.789549453613	0.687126807176	0.733707126211	0.708183960267	0.714425215337	0.711557175447	0.750135210018	0.720772403064	0.697069379734	0.707380578198	0.694155242338	0.674548306443	0.773551160691	0.710934760253	0.692164760786	0.690241787977	0.418724789565	0.0	0.670747281127	0.664633252857	0.650551318277	0.63485400727	0.64940488125	0.683954466474	0.656744593839	0.568674250301	0.698024018372	0.675551498337	0.674309630513	0.681911393	0.662144348066	0.703637711331	0.678524831373	0.686337210037	0.672715844359	0.685541228704	0.691491334206	0.676972347769	0.687627459789	0.683085480927	0.68640429627	0.678858797417	0.657084674868	0.694065036085
AC5	0.646416929208	0.659094613809	0.713175773311	0.665389950851	0.678775616954	0.678803198113	0.687021061698	0.658032013455	0.655948921001	0.695597125254	0.651459579357	0.669239855022	0.684514261451	0.676237018937	0.682289045815	0.665787885997	0.670959604035	0.682230759708	0.76223550824	0.673112757817	0.708286696883	0.698944914054	0.683623136836	0.695383725833	0.726141088821	0.709627358642	0.677960678941	0.685771863905	0.679639177243	0.654550176171	0.747538950469	0.682270322878	0.642979127889	0.647519597511	0.654321373971	0.670747281127	0.0	0.477616858098	0.63472468755	0.650156838051	0.661221808374	0.655636432223	0.582228916261	0.638426507637	0.651226095859	0.655372970839	0.644683196031	0.682218282838	0.623644830683	0.674325020778	0.653029403398	0.664293423251	0.642201400897	0.629285136244	0.617671037758	0.652471622003	0.651592119616	0.688700567085	0.658388617043	0.67771672409	0.637306592507	0.649508567048
AC6	0.660567254666	0.639996460751	0.720447150627	0.651472955915	0.664802584941	0.65745947392	0.669255594844	0.660418497474	0.678231377965	0.676599574289	0.655238322399	0.662027979741	0.678092097148	0.680192796772	0.672477266946	0.641979094317	0.69279218276	0.687797683822	0.755893142841	0.656928102965	0.704207180219	0.688337635996	0.675533617464	0.685757218521	0.743102717054	0.700903485947	0.678057262074	0.671488514472	0.673900243355	0.645421099269	0.738063713411	0.675467965438	0.649426630797	0.637776743701	0.666999616871	0.664633252857	0.477616858098	0.0	0.629801352925	0.639134697558	0.644316052837	0.536624547889	0.489261261152	0.613593312955	0.66164116115	0.657808023152	0.660413226693	0.667901942298	0.613942429418	0.637569695267	0.652104891352	0.667707619295	0.657814631248	0.634600289358	0.648376584545	0.642699431437	0.635034833904	0.682279736345	0.637002456234	0.633070262979	0.634236188448	0.656296905962
AD6	0.679514975491	0.642569022094	0.748045350784	0.691896702714	0.678612465548	0.666106232294	0.62833912076	0.630712428067	0.677866794525	0.625846636293	0.674022250129	0.669444137833	0.712077198603	0.699053253117	0.685560396361	0.644902199162	0.718199427487	0.700772844995	0.776574524913	0.6806803198	0.714783672738	0.674235926005	0.702873580775	0.706676120998	0.757687169965	0.717363536694	0.678438944167	0.674248482162	0.680743822713	0.668437753615	0.761388520258	0.703594729138	0.667552512428	0.64781225181	0.663783217734	0.650551318277	0.63472468755	0.629801352925	0.0	0.498715120688	0.413610396272	0.663052853247	0.632251876903	0.656171001526	0.665312902213	0.673793629668	0.677779624491	0.647764788779	0.651290735437	0.648439233813	0.67093304781	0.678437917392	0.661160218767	0.648553806835	0.666718288464	0.652431651152	0.638078730439	0.689341834582	0.643716581974	0.637110387379	0.632355046528	0.646428768554
AE5	0.678782128289	0.658370286375	0.741786116526	0.688240150212	0.638585999509	0.653326863134	0.648284411324	0.63965181612	0.676872696462	0.642484976374	0.665547633315	0.653958214116	0.686370098325	0.694911222862	0.687897966442	0.677711157087	0.73239247293	0.699545833966	0.786144260259	0.691425119752	0.72944675713	0.708445337084	0.709640811994	0.712349769356	0.755121127878	0.723707990663	0.694880663033	0.711855168265	0.696160474921	0.666591658703	0.762763948289	0.703889946222	0.693961390347	0.675096794933	0.636532433127	0.63485400727	0.650156838051	0.639134697558	0.498715120688	0.0	0.390225643336	0.669022159933	0.641700880622	0.646258588669	0.65450436793	0.671453150664	0.678651912189	0.662730909656	0.659767259163	0.656050917147	0.669371006752	0.676116132566	0.646452138584	0.639267343307	0.653100798045	0.642926394399	0.671762511488	0.696113366768	0.667611870723	0.630756418571	0.640146351568	0.66183547002
AE6	0.669965623302	0.64677232393	0.75499615258	0.692873226411	0.649171087979	0.657863364675	0.635645358526	0.627324391852	0.683783069568	0.620949032771	0.688044052776	0.650346495843	0.700829237568	0.705362750738	0.682917732094	0.655191516377	0.739684340149	0.697611089196	0.792634728079	0.687476562716	0.728029873726	0.693651707392	0.701877438117	0.700939515535	0.75807099237	0.713211094178	0.695401807716	0.707746738395	0.693473549341	0.671652735329	0.75671050803	0.703733195944	0.685396581793	0.661139701126	0.64599050154	0.64940488125	0.661221808374	0.644316052837	0.413610396272	0.390225643336	0.0	0.680970906436	0.647912427031	0.658975685943	0.662619069885	0.667082266044	0.682180395867	0.639561547186	0.65669162943	0.653387024932	0.674017410511	0.672501842147	0.644213682867	0.626574076503	0.654639718698	0.63732276851	0.654179981466	0.678182203187	0.655891085127	0.630832790679	0.63178386857	0.640596695432
AF5	0.679865551038	0.671301988463	0.696122815052	0.659831509522	0.661535069523	0.662018148024	0.679976431093	0.658274040195	0.648809491677	0.691259812721	0.657850745961	0.669946541664	0.655496276834	0.674983369542	0.660792445777	0.659189008656	0.694108453487	0.679906350963	0.721131632662	0.659610548811	0.711009040529	0.693603094711	0.656282009194	0.678909665756	0.721895981686	0.68078063862	0.667810409082	0.687589792437	0.691164393057	0.653841127703	0.714263437471	0.669090280894	0.634438774171	0.676546583232	0.683855468511	0.683954466474	0.655636432223	0.536624547889	0.663052853247	0.669022159933	0.680970906436	0.0	0.481943845325	0.634508462475	0.691704890985	0.689035137138	0.702625322942	0.709125164652	0.66288421297	0.674278301882	0.700855097123	0.724606330288	0.688521450467	0.683416454863	0.674724140585	0.679512408114	0.675796332973	0.717475910077	0.681508595885	0.666910724885	0.650204005757	0.702692886782
AF6	0.643172666029	0.647249260345	0.703367862761	0.652483265555	0.654554233557	0.64934502278	0.672977089295	0.661861112591	0.679234084996	0.686452173511	0.651028158613	0.655542682559	0.664600412483	0.667841601894	0.675618074968	0.643642437423	0.688261972411	0.689803455187	0.732792499808	0.653608913958	0.7015577675	0.677758778918	0.659393118305	0.683036510145	0.732143997426	0.702770833148	0.665770948923	0.673653627601	0.673170518931	0.646165505407	0.758504699088	0.690600013061	0.631073898769	0.640079493782	0.662381799567	0.656744593839	0.582228916261	0.489261261152	0.632251876903	0.641700880622	0.647912427031	0.481943845325	0.0	0.622142824625	0.651989030705	0.64536073266	0.670567519715	0.666887998677	0.627177943965	0.63516187872	0.643618023228	0.669064738865	0.649467773457	0.64628852674	0.647119202563	0.646166453695	0.635359865167	0.672586099146	0.645385727814	0.628143112854	0.635305055324	0.665064838306
