	AA3	AA4	AB3	AB4	AC3	AC4	AD3	AD4	AE3	AE4	AF3	AF4	AG3	AG4	AH3	AH4	AA7	AA8	AB7	AB8	AC7	AC8	AD7	AD8	AE7	AE8	AF7	AF8	AG7	AG8	AH7	AH8	AA5	AA6	AB5	AB6	AC5	AC6	AD6	AE5	AE6	AF5	AF6	AG5	AH5	AH6	AA1	AA2	AB1	AB2	AC1	AC2	AD1	AD2	AE1	AE2	AF1	AF2	AG1	AG2	AH1	AH2
AA3	0.0	0.506600897145	0.671691680689	0.638571101666	0.669372331469	0.657984821652	0.68979875768	0.704893955455	0.658688112595	0.685333034911	0.649521186239	0.665571250846	0.637079162924	0.637092485594	0.670783501719	0.487818026293	0.678658926207	0.678175258678	0.753975394533	0.671903019879	0.69358810221	0.679940118304	0.669846329893	0.679953631403	0.731951705863	0.690982631241	0.664614524349	0.684976051244	0.679684456804	0.686063171715	0.739081307527	0.691964441734	0.652243892862	0.687446059693	0.663042214979	0.673201669644	0.637509516006	0.662611674599	0.668449407297	0.704345655198	0.685291157365	0.65138865607	0.682499830203	0.651892980139	0.702775740924	0.689511858467	0.661123811337	0.69205168109	0.642483850441	0.693609133885	0.658314707024	0.68606007056	0.642418070809	0.67284461616	0.674351422442	0.662401998749	0.656270504537	0.679108725181	0.661160235381	0.690686871756	0.643864898148	0.687277685383
AA4	0.506600897145	0.0	0.68197687614	0.645394129788	0.67538241522	0.648658383452	0.666667662555	0.665780454314	0.674217485698	0.658913456248	0.668816576546	0.642525941105	0.670037763938	0.643941363622	0.481925113487	0.377382869402	0.680205131076	0.69021157711	0.766816337403	0.682184536945	0.711552033882	0.664527907961	0.681120403437	0.678480247142	0.733778422954	0.674592629222	0.668662885794	0.673229586921	0.689580760399	0.684808718435	0.748882863609	0.679279164777	0.662255110351	0.680334756943	0.668604738925	0.659573904366	0.664870995704	0.647571884759	0.629474381535	0.680365339379	0.651360062487	0.656595697434	0.667222016729	0.658274503036	0.685483649696	0.685189011202	0.659230151163	0.646416964981	0.65224985359	0.669209196557	0.65567923886	0.673401005502	0.637682536735	0.664571524878	0.645605698534	0.65653752254	0.665084826991	0.659900772372	0.641857888539	0.647993060725	0.644693966801	0.651425676333
AB3	0.671691680689	0.68197687614	0.0	0.634186702286	0.705082183386	0.715217733501	0.730613586443	0.735116336396	0.697160979983	0.73923668079	0.710288025692	0.715566110828	0.711260999911	0.590178680267	0.686223043955	0.693158692624	0.714351142803	0.736765543231	0.704154629538	0.680362163816	0.721550297959	0.731785716262	0.726586592398	0.72924901621	0.712816174284	0.725364642277	0.708247352264	0.734192458679	0.693524161994	0.69972944696	0.734246134295	0.736272066072	0.706447587227	0.770495399364	0.725865784556	0.747396975759	0.713846902281	0.717104320368	0.742437037308	0.746450383027	0.760168547619	0.692568966242	0.707056215648	0.723543539866	0.775143046735	0.776269289842	0.763963253246	0.764528863589	0.706291954177	0.763197403505	0.759725597843	0.768224444501	0.74512832941	0.751793814291	0.727074200607	0.749942839713	0.745797207657	0.774361033817	0.740432354614	0.763091888119	0.721864510706	0.762328666391
AB4	0.638571101666	0.645394129788	0.634186702286	0.0	0.679504109975	0.671482528074	0.702392302062	0.699807414593	0.688900068552	0.702067991706	0.674474046158	0.676053498665	0.404560151212	0.439274355086	0.656253937296	0.64863029468	0.699953170432	0.70774531427	0.742313369084	0.673758371503	0.693415205857	0.683577169721	0.683741629296	0.685566810574	0.715662436222	0.694921222609	0.678633061296	0.68676202635	0.6752266997	0.680142666746	0.742171958665	0.714159069657	0.679152006035	0.701751987727	0.674287654529	0.684191334186	0.666024387846	0.668040140782	0.685665865721	0.691316834356	0.697537283377	0.637710713837	0.654316116826	0.657506927331	0.709219480842	0.71543741994	0.688573113266	0.706995820606	0.633777340276	0.697360656272	0.707949631461	0.700329257315	0.663772907156	0.685129594014	0.684748066368	0.662967761208	0.682078801692	0.713940990375	0.692279073276	0.692202645629	0.678742212775	0.702124153713
AC3	0.669372331469	0.67538241522	0.705082183386	0.679504109975	0.0	0.518436734899	0.677893073174	0.673157510157	0.672614694476	0.66061152461	0.681781573598	0.473906733178	0.700035594789	0.697664770467	0.678937219598	0.686197658448	0.68377433685	0.685878588088	0.748598618964	0.675004897483	0.716570083006	0.688369970769	0.728777941613	0.713006474961	0.723638526131	0.699264303507	0.706730622033	0.68955444619	0.709782777279	0.684042483432	0.758783571941	0.703156841537	0.658897170321	0.701506560229	0.685802196151	0.669257910287	0.677789891534	0.684417850484	0.680883855719	0.674060644663	0.670812163806	0.665768255841	0.67022547545	0.671951119973	0.72746192291	0.716013799866	0.705889630505	0.704895283582	0.70076098701	0.687749878648	0.67444756354	0.699079340156	0.672155940739	0.68575350369	0.679793480462	0.684934759158	0.690754395502	0.682600860592	0.69363695657	0.692863905237	0.674922181075	0.718809440173
AC4	0.657984821652	0.648658383452	0.715217733501	0.671482528074	0.518436734899	0.0	0.674252235335	0.652487736795	0.668378287041	0.639361319984	0.504559036769	0.383488175204	0.67902094261	0.68784597122	0.662708552117	0.649621195558	0.689011048965	0.670525851838	0.743915088309	0.661885183497	0.703407719628	0.664544024808	0.70085696442	0.685185707191	0.738028299557	0.680753498496	0.683931809069	0.680786954056	0.696758217302	0.668666223009	0.738385403606	0.6845996348	0.66800929765	0.67549671595	0.664320091059	0.658521927214	0.671273541968	0.646286023252	0.631572514904	0.660322736044	0.66285868647	0.649274876117	0.668555272799	0.645541673964	0.681936820338	0.666144178009	0.710997839998	0.668592918624	0.669066039466	0.673540300301	0.687188019294	0.68624853845	0.684839537183	0.686845084418	0.695207062187	0.694547965763	0.680852599813	0.688218876684	0.673262646837	0.688427151338	0.656257354538	0.681781094121
AD3	0.68979875768	0.666667662555	0.730613586443	0.702392302062	0.677893073174	0.674252235335	0.0	0.431756475559	0.682927791759	0.390170624494	0.709743994125	0.676645966096	0.715129093058	0.686728541873	0.68402931641	0.66285387621	0.720830543538	0.698143275713	0.771864464008	0.684774911773	0.717651604125	0.682839482568	0.725386668549	0.701788807651	0.724717541761	0.691520280703	0.696727153521	0.683726001051	0.700240359104	0.67137832417	0.730265073275	0.715587985871	0.719011109412	0.679093693688	0.675070170166	0.679142535774	0.688451811815	0.672545327352	0.632107546559	0.646304244115	0.612438237306	0.698426216756	0.682017330598	0.686576928023	0.701214258164	0.695500637707	0.693907917093	0.676691843364	0.67923109655	0.644253748509	0.690255029449	0.685112431965	0.681467067872	0.687557953018	0.685539330695	0.676789006256	0.67697392293	0.693554247424	0.697352859384	0.662052569466	0.703226256229	0.645395997307
AD4	0.704893955455	0.665780454314	0.735116336396	0.699807414593	0.673157510157	0.652487736795	0.431756475559	0.0	0.616426027438	0.421305468115	0.682369392884	0.655179799811	0.706990784655	0.687761407533	0.669007326494	0.67360716859	0.721783303213	0.685694900809	0.765158954802	0.677392773506	0.696310411298	0.660416791487	0.683090766768	0.681806526507	0.744068667811	0.67877835025	0.69077586451	0.679201509186	0.691194795173	0.668972567622	0.707087291026	0.69316150352	0.69902830609	0.683414342163	0.688172421052	0.670560314321	0.681404276453	0.66087624923	0.622292443202	0.652949151903	0.634031584282	0.670050253584	0.670942292787	0.664798892062	0.688293761789	0.688720308084	0.686137229206	0.653024063003	0.673506317154	0.658934944518	0.695172905424	0.680710175504	0.675296666589	0.671230141281	0.658372155129	0.665767007802	0.692701575105	0.702792069174	0.68706237632	0.667684919403	0.687008989838	0.650099371813
AE3	0.658688112595	0.674217485698	0.697160979983	0.688900068552	0.672614694476	0.668378287041	0.682927791759	0.616426027438	0.0	0.631930821974	0.674930081095	0.672112033217	0.686204181797	0.702248900925	0.673375434311	0.672555929604	0.678421977546	0.697662050138	0.758088895366	0.692055990739	0.730265102827	0.712818474977	0.66572766908	0.688512225226	0.754641212245	0.702877257504	0.663954486901	0.69899983585	0.675135413668	0.669770392019	0.734641778686	0.703380960093	0.638669130738	0.716187393372	0.686265882972	0.699131322707	0.669169154926	0.696197924134	0.674780880959	0.703497048274	0.703989483489	0.649731422371	0.68926227535	0.662237065779	0.739401430207	0.733373295754	0.713462874478	0.718165780851	0.705997060461	0.710436668555	0.703269591566	0.723939539921	0.690806548625	0.708549458573	0.667254725828	0.714908371794	0.697651713228	0.721959381411	0.706380806522	0.730342048784	0.661797421089	0.714819204225
AE4	0.685333034911	0.658913456248	0.73923668079	0.702067991706	0.66061152461	0.639361319984	0.390170624494	0.421305468115	0.631930821974	0.0	0.695311494059	0.644015684945	0.704314358651	0.678149403595	0.68291016994	0.659721678944	0.709505223929	0.671168782489	0.763514495408	0.655594377767	0.709539752164	0.66123293262	0.707969620959	0.690160378963	0.725942416728	0.682836271144	0.672259982986	0.672702238039	0.68174576987	0.654216747147	0.742755436413	0.680084445497	0.703422645225	0.666803731581	0.667412698655	0.663245718194	0.678629654831	0.65861458638	0.616787687896	0.636309169638	0.607702130871	0.671798599518	0.67828247168	0.660894049442	0.692486039439	0.676885016652	0.682548054205	0.65266317311	0.672974938767	0.651833953977	0.673174305114	0.667365042146	0.672586835226	0.672654735517	0.672333976061	0.671291079393	0.689652909983	0.690487866506	0.688012083697	0.660204581484	0.688633880189	0.63486022373
AF3	0.649521186239	0.668816576546	0.710288025692	0.674474046158	0.681781573598	0.504559036769	0.709743994125	0.682369392884	0.674930081095	0.695311494059	0.0	0.561963040239	0.67535130158	0.691422511201	0.664648212936	0.668028651597	0.677016144506	0.688382033404	0.751516533461	0.678774083665	0.689522033386	0.699703917813	0.683903311347	0.686257555544	0.76727017143	0.707318302037	0.686822353997	0.714697974194	0.701593961359	0.677068506815	0.721391052019	0.689479119874	0.636810961388	0.686767607117	0.671387686347	0.67152247886	0.658686122838	0.656367070139	0.657939893418	0.687813249837	0.684234885746	0.667647569011	0.680642483765	0.658825867569	0.691429807739	0.683024235904	0.710912194305	0.698170125671	0.68509594926	0.719059565175	0.709894362015	0.712702558124	0.6938294816	0.716238865224	0.695604414809	0.713181004879	0.689920246966	0.734258335118	0.682545374096	0.715888442483	0.644524442279	0.710645649862
AF4	0.665571250846	0.642525941105	0.715566110828	0.676053498665	0.473906733178	0.383488175204	0.676645966096	0.655179799811	0.672112033217	0.644015684945	0.561963040239	0.0	0.696018524909	0.687935762792	0.674376873535	0.647580860203	0.681838497972	0.676006628026	0.758288095129	0.684906441933	0.71035852061	0.665839408466	0.703833918079	0.691225993488	0.733475637171	0.704561937378	0.686674161691	0.693455867214	0.712243005972	0.681916294119	0.74589495259	0.68517625282	0.667659174966	0.681312300387	0.672080570913	0.658193673616	0.684853733514	0.644517254224	0.643798125796	0.682148939155	0.661834873028	0.649466844861	0.656622506178	0.648539275841	0.695896857265	0.680532122322	0.71750434678	0.676218318162	0.679043808656	0.68351817559	0.683744285697	0.688585801004	0.68960801481	0.688257378795	0.682997487855	0.69210149141	0.68811333738	0.681358536047	0.689328644272	0.680919752827	0.664277339351	0.675509546553
AG3	0.637079162924	0.670037763938	0.711260999911	0.404560151212	0.700035594789	0.67902094261	0.715129093058	0.706990784655	0.686204181797	0.704314358651	0.67535130158	0.696018524909	0.0	0.515435656766	0.679276169053	0.670418240245	0.67743776831	0.685808716657	0.769517215132	0.69409927514	0.682097082809	0.692483512124	0.676386387622	0.68175916044	0.731527502974	0.70047553867	0.677878356882	0.696192727571	0.677622931124	0.697981568716	0.73365297583	0.689525795302	0.690320745478	0.696529295856	0.679481890176	0.698637326913	0.68621552314	0.689617181043	0.692092240248	0.708441232132	0.70706025232	0.659645705336	0.674898830332	0.659606388549	0.707847769539	0.714922520745	0.690903813405	0.710104404222	0.646884874155	0.702327803509	0.708202780096	0.70610051086	0.682397746159	0.690555017354	0.691951320761	0.678563531259	0.697781603316	0.721580015058	0.697888057645	0.69384625936	0.692922753333	0.709475977476
AG4	0.637092485594	0.643941363622	0.590178680267	0.439274355086	0.697664770467	0.68784597122	0.686728541873	0.687761407533	0.702248900925	0.678149403595	0.691422511201	0.687935762792	0.515435656766	0.0	0.659159476851	0.640161102207	0.720995709945	0.723570804706	0.736746700931	0.687434108596	0.710311902906	0.695204879005	0.693341214845	0.693312754526	0.710230298619	0.696885303144	0.669565555828	0.696349961418	0.680333437288	0.68782421607	0.75372156687	0.730036990067	0.703799952756	0.73197416544	0.683232916397	0.7047430535	0.695329960074	0.698208979515	0.687677137514	0.710200441594	0.709400362778	0.638454984181	0.681803390674	0.689381707798	0.740459125297	0.737580237618	0.710843911382	0.711342499586	0.636437181	0.700401958194	0.705067500878	0.712213964229	0.690639158159	0.713623752934	0.708083767261	0.706979898626	0.702781120432	0.721695503461	0.703315950244	0.691559960944	0.689110056862	0.706439010967
AH3	0.670783501719	0.481925113487	0.686223043955	0.656253937296	0.678937219598	0.662708552117	0.68402931641	0.669007326494	0.673375434311	0.68291016994	0.664648212936	0.674376873535	0.679276169053	0.659159476851	0.0	0.530460835829	0.673918251166	0.693376462811	0.759851907363	0.696237773395	0.70705691389	0.693077364707	0.686642964904	0.701669464695	0.723929512325	0.675763069743	0.693214031847	0.703860616984	0.705220532962	0.69150962409	0.74855518442	0.697521320911	0.656666953553	0.715636377862	0.683043017704	0.6734610226	0.676351971817	0.664716105633	0.65905817043	0.699432348563	0.678354004198	0.682821155832	0.668484053059	0.670098570083	0.717865374932	0.718724778005	0.684921161351	0.677659100905	0.690895362683	0.701364166069	0.701469785419	0.70825000448	0.694680005449	0.702154544579	0.673241035485	0.697030264385	0.699210396213	0.709124451735	0.680258621082	0.691711288861	0.686404352877	0.694394988596
AH4	0.487818026293	0.377382869402	0.693158692624	0.64863029468	0.686197658448	0.649621195558	0.66285387621	0.67360716859	0.672555929604	0.659721678944	0.668028651597	0.647580860203	0.670418240245	0.640161102207	0.530460835829	0.0	0.700981925059	0.685595703637	0.77310256788	0.68604613307	0.716319334813	0.670440621244	0.683775537742	0.683837994466	0.732893159286	0.672100732823	0.65718954853	0.666301560113	0.679167473457	0.675996776649	0.743780192719	0.693002073703	0.678851291785	0.695699799288	0.653436200912	0.649454734225	0.674773385888	0.656680607479	0.640626009729	0.687043699009	0.643474654627	0.660613439469	0.672576385744	0.655725414373	0.685004333524	0.681752604303	0.677555815562	0.655989215245	0.658646328707	0.660264355399	0.650000229093	0.680836489269	0.653075540737	0.667280394491	0.672234344598	0.659570040238	0.657500928788	0.656460463293	0.657217425883	0.65720993659	0.656865197727	0.647859689389
AA7	0.678658926207	0.680205131076	0.714351142803	0.699953170432	0.68377433685	0.689011048965	0.720830543538	0.721783303213	0.678421977546	0.709505223929	0.677016144506	0.681838497972	0.67743776831	0.720995709945	0.673918251166	0.700981925059	0.0	0.524285145903	0.758781560311	0.678937204692	0.662686098924	0.669452902985	0.674168335527	0.688030970711	0.700118988142	0.695234382927	0.660090925155	0.67822236018	0.68159454805	0.65813797928	0.711385843672	0.557234539031	0.650053628693	0.710781588104	0.710575151891	0.719389897959	0.65945391326	0.694906474484	0.694548367539	0.739985965123	0.733701362832	0.684464081969	0.701603131728	0.70013400479	0.730304225388	0.724840904186	0.735152929717	0.731889524134	0.715609671797	0.752180833586	0.711582410524	0.735611906739	0.698780495028	0.710118679506	0.681071614372	0.723304345171	0.746544651783	0.747641725336	0.727009755039	0.748703550902	0.691147002882	0.723382701814
AA8	0.678175258678	0.69021157711	0.736765543231	0.70774531427	0.685878588088	0.670525851838	0.698143275713	0.685694900809	0.697662050138	0.671168782489	0.688382033404	0.676006628026	0.685808716657	0.723570804706	0.693376462811	0.685595703637	0.524285145903	0.0	0.762651665561	0.655237126014	0.639429451078	0.633630752007	0.676709087804	0.668076230828	0.70068402932	0.675942223011	0.663389763015	0.642431478404	0.650675548487	0.65031282538	0.536489360978	0.388219259819	0.671532847687	0.714031422175	0.717655520109	0.71595453521	0.687183509681	0.689610537646	0.689565594587	0.717700484216	0.713306031454	0.692499373607	0.708963418516	0.698689303398	0.721067104527	0.714086404883	0.71723368807	0.709846789617	0.709417124933	0.72249445752	0.703901955382	0.731405782324	0.69044667288	0.678233208918	0.68050637771	0.691820681301	0.737575243359	0.739701865124	0.726841462291	0.722079355253	0.69578291184	0.702229740907
AB7	0.753975394533	0.766816337403	0.704154629538	0.742313369084	0.748598618964	0.743915088309	0.771864464008	0.765158954802	0.758088895366	0.763514495408	0.751516533461	0.758288095129	0.769517215132	0.736746700931	0.759851907363	0.77310256788	0.758781560311	0.762651665561	0.0	0.5509160798	0.74774037164	0.752891008289	0.770587341017	0.774228274426	0.741732021947	0.763772420764	0.769177564216	0.773663811155	0.74522273579	0.617990747108	0.752914051533	0.773662128519	0.767128420138	0.781328655509	0.769774843925	0.78144356915	0.752634011802	0.766362277431	0.792007599543	0.788532592037	0.795649435572	0.726868864298	0.744758755959	0.772780091145	0.80239171342	0.791776877845	0.814956597624	0.799519933056	0.763504006634	0.798273494389	0.80515486059	0.80167834912	0.786881855005	0.798339468105	0.777731696928	0.789306419058	0.789261239165	0.823110131458	0.796297037602	0.792838172123	0.776944536912	0.802231139075
AB8	0.671903019879	0.682184536945	0.680362163816	0.673758371503	0.675004897483	0.661885183497	0.684774911773	0.677392773506	0.692055990739	0.655594377767	0.678774083665	0.684906441933	0.69409927514	0.687434108596	0.696237773395	0.68604613307	0.678937204692	0.655237126014	0.5509160798	0.0	0.645712242507	0.620485261001	0.67914674842	0.64844483567	0.675738188757	0.655754058619	0.662316230665	0.646375330065	0.498354502078	0.386431109114	0.698144181282	0.665551130858	0.684271303362	0.689647206672	0.680002791207	0.68598624363	0.680740122059	0.674321326298	0.687461167924	0.693588398217	0.691278162134	0.681149665635	0.670369255009	0.668663000187	0.708308460212	0.684231772696	0.73846744731	0.7058325367	0.695858586679	0.713436075239	0.697489663609	0.722085130053	0.69082381492	0.693297582539	0.69300498194	0.68682169385	0.702343051694	0.736529621709	0.713574709956	0.711534581759	0.69133394211	0.714616790808
AC7	0.69358810221	0.711552033882	0.721550297959	0.693415205857	0.716570083006	0.703407719628	0.717651604125	0.696310411298	0.730265102827	0.709539752164	0.689522033386	0.71035852061	0.682097082809	0.710311902906	0.70705691389	0.716319334813	0.662686098924	0.639429451078	0.74774037164	0.645712242507	0.0	0.505552206487	0.687487893885	0.695350857101	0.693204037176	0.675164429081	0.6790413332	0.585129785702	0.660656318097	0.636099712062	0.6641991411	0.639176466748	0.694968507356	0.690610315963	0.714323930367	0.742041130825	0.708402505685	0.706501923983	0.713060576977	0.737651262595	0.738121203116	0.715040519517	0.728403653401	0.704144191906	0.695586881947	0.693822948235	0.744127259664	0.758182242263	0.712679016766	0.74016173932	0.742025044688	0.753718279898	0.709421339802	0.708226608168	0.696096627534	0.698115895969	0.749352450587	0.745254179585	0.750820764394	0.729198363336	0.703139449595	0.745536989402
AC8	0.679940118304	0.664527907961	0.731785716262	0.683577169721	0.688369970769	0.664544024808	0.682839482568	0.660416791487	0.712818474977	0.66123293262	0.699703917813	0.665839408466	0.692483512124	0.695204879005	0.693077364707	0.670440621244	0.669452902985	0.633630752007	0.752891008289	0.620485261001	0.505552206487	0.0	0.68747956224	0.638370177783	0.700979066297	0.640705394553	0.493866982865	0.420240115738	0.638692806173	0.610365223814	0.697286040122	0.635827165331	0.698647685668	0.669806741732	0.690908919395	0.701706256741	0.686252003985	0.674743012713	0.659279003802	0.699478051487	0.681392834427	0.689138057715	0.682953494428	0.672372024677	0.667683115531	0.661558858159	0.709202890038	0.69990442322	0.685534753861	0.692255906011	0.684491337969	0.693883576957	0.659367788103	0.673470994836	0.656814263084	0.656722883761	0.704158836362	0.694890839322	0.713770151731	0.69302347983	0.677839373421	0.686303342708
AD7	0.669846329893	0.681120403437	0.726586592398	0.683741629296	0.728777941613	0.70085696442	0.725386668549	0.683090766768	0.66572766908	0.707969620959	0.683903311347	0.703833918079	0.676386387622	0.693341214845	0.686642964904	0.683775537742	0.674168335527	0.676709087804	0.770587341017	0.67914674842	0.687487893885	0.68747956224	0.0	0.467550391809	0.709833996535	0.508758537481	0.666667039912	0.683577249497	0.66737437818	0.678603262839	0.704206987426	0.665896771939	0.647740789837	0.693030139542	0.715585517608	0.714390454709	0.690909719011	0.690241247114	0.678831848375	0.721490913145	0.705855566669	0.669135705076	0.688702460263	0.680748450453	0.704261253953	0.69395115259	0.712508000047	0.701140970009	0.670793540788	0.721973756517	0.693558659097	0.722550555332	0.684293345405	0.668087206567	0.662436022836	0.690788511082	0.698750135806	0.718229363631	0.706023834721	0.708659378109	0.668262591757	0.702163055181
AD8	0.679953631403	0.678480247142	0.72924901621	0.685566810574	0.713006474961	0.685185707191	0.701788807651	0.681806526507	0.688512225226	0.690160378963	0.686257555544	0.691225993488	0.68175916044	0.693312754526	0.701669464695	0.683837994466	0.688030970711	0.668076230828	0.774228274426	0.64844483567	0.695350857101	0.638370177783	0.467550391809	0.0	0.613525657035	0.395063122192	0.629087294726	0.659205836945	0.643508449343	0.652143320964	0.708011106372	0.6605586941	0.686676262032	0.696093552107	0.719543647332	0.712952535429	0.691082560884	0.688235033686	0.679845760327	0.719411470171	0.701802693232	0.673530733207	0.685712037518	0.669070055945	0.69965722836	0.685788747232	0.715160763789	0.715527418175	0.678498655512	0.70788182413	0.678953830069	0.709145544612	0.678086731151	0.675112075375	0.662584218954	0.683617164322	0.702596611443	0.70889533135	0.711075443583	0.707594432214	0.680593856988	0.697749908061
AE7	0.731951705863	0.733778422954	0.712816174284	0.715662436222	0.723638526131	0.738028299557	0.724717541761	0.744068667811	0.754641212245	0.725942416728	0.76727017143	0.733475637171	0.731527502974	0.710230298619	0.723929512325	0.732893159286	0.700118988142	0.70068402932	0.741732021947	0.675738188757	0.693204037176	0.700979066297	0.709833996535	0.613525657035	0.0	0.502244360951	0.709715377758	0.698375438822	0.695216310553	0.696464447308	0.733149298265	0.697629709906	0.728943558885	0.750237957845	0.742559638573	0.749025601648	0.723582573913	0.744492455031	0.757838537107	0.761376053333	0.753464721733	0.739047254218	0.710844551824	0.737996925736	0.752609315373	0.758739609416	0.768756891618	0.780641937917	0.73498629621	0.76964922877	0.761633109798	0.784951276992	0.744028086812	0.749256026484	0.734942441343	0.746355378309	0.774389167417	0.780159011503	0.774168429817	0.762504093602	0.752569515107	0.779381253556
AE8	0.690982631241	0.674592629222	0.725364642277	0.694921222609	0.699264303507	0.680753498496	0.691520280703	0.67877835025	0.702877257504	0.682836271144	0.707318302037	0.704561937378	0.70047553867	0.696885303144	0.675763069743	0.672100732823	0.695234382927	0.675942223011	0.763772420764	0.655754058619	0.675164429081	0.640705394553	0.508758537481	0.395063122192	0.502244360951	0.0	0.657503413105	0.655288471652	0.662865356734	0.660120599258	0.709040660366	0.669089200381	0.674949186505	0.69553639608	0.724298125644	0.720734981727	0.698349968758	0.693075851015	0.690659752774	0.719643847376	0.703791386989	0.689094396811	0.692323685744	0.688338049529	0.69629425008	0.694422180974	0.703116898448	0.701349651978	0.689743127364	0.704497125501	0.706315504492	0.717722720538	0.684362867485	0.670455233027	0.660930059805	0.679328718436	0.709573074347	0.709043320014	0.711567415142	0.702306612854	0.685464193978	0.706748676531
AF7	0.664614524349	0.668662885794	0.708247352264	0.678633061296	0.706730622033	0.683931809069	0.696727153521	0.69077586451	0.663954486901	0.672259982986	0.686822353997	0.686674161691	0.677878356882	0.669565555828	0.693214031847	0.65718954853	0.660090925155	0.663389763015	0.769177564216	0.662316230665	0.6790413332	0.493866982865	0.666667039912	0.629087294726	0.709715377758	0.657503413105	0.0	0.454560860259	0.638495538936	0.64164071487	0.718270376473	0.652137604782	0.675189839512	0.716340370817	0.683486265674	0.709876933466	0.687981571612	0.691092337603	0.659682910842	0.70369093654	0.690536373479	0.679327829811	0.695598414933	0.673287442904	0.718853912392	0.712655550278	0.709080805007	0.695513190376	0.674883955835	0.698796124574	0.682112327784	0.706428900425	0.677680041178	0.68688273351	0.653410549239	0.679988233478	0.686798673594	0.712960336237	0.699423754739	0.716660802083	0.667073886904	0.667565264465
AF8	0.684976051244	0.673229586921	0.734192458679	0.68676202635	0.68955444619	0.680786954056	0.683726001051	0.679201509186	0.69899983585	0.672702238039	0.714697974194	0.693455867214	0.696192727571	0.696349961418	0.703860616984	0.666301560113	0.67822236018	0.642431478404	0.773663811155	0.646375330065	0.585129785702	0.420240115738	0.683577249497	0.659205836945	0.698375438822	0.655288471652	0.454560860259	0.0	0.637734095624	0.620860175131	0.701582763662	0.6380485177	0.70352299988	0.68576369579	0.680707866137	0.706522607186	0.687137461205	0.671515058722	0.674447745608	0.707433837773	0.693555983058	0.688786791522	0.683805078096	0.671601397551	0.686172478213	0.689340115848	0.719213577252	0.705084923841	0.682390129844	0.666408182187	0.69126499404	0.709465412936	0.660553660812	0.677914923051	0.674809862103	0.661820715839	0.688843572853	0.693755547669	0.71255269278	0.693436127838	0.678223299826	0.686485744949
AG7	0.679684456804	0.689580760399	0.693524161994	0.6752266997	0.709782777279	0.696758217302	0.700240359104	0.691194795173	0.675135413668	0.68174576987	0.701593961359	0.712243005972	0.677622931124	0.680333437288	0.705220532962	0.679167473457	0.68159454805	0.650675548487	0.74522273579	0.498354502078	0.660656318097	0.638692806173	0.66737437818	0.643508449343	0.695216310553	0.662865356734	0.638495538936	0.637734095624	0.0	0.45317049272	0.688202768017	0.662471468229	0.683469015869	0.706499457144	0.690927444814	0.702882623728	0.668121341748	0.688951089723	0.687978239154	0.700600738054	0.691276844578	0.690768880618	0.693640767557	0.676017880878	0.710086284662	0.701501918154	0.724323171448	0.70236791435	0.685622551909	0.704911713245	0.682998819815	0.724755882218	0.678336314829	0.684142339505	0.682304285913	0.676975732331	0.693155103572	0.726596465888	0.703240333291	0.722613976967	0.685676775103	0.703493745272
AG8	0.686063171715	0.684808718435	0.69972944696	0.680142666746	0.684042483432	0.668666223009	0.67137832417	0.668972567622	0.669770392019	0.654216747147	0.677068506815	0.681916294119	0.697981568716	0.68782421607	0.69150962409	0.675996776649	0.65813797928	0.65031282538	0.617990747108	0.386431109114	0.636099712062	0.610365223814	0.678603262839	0.652143320964	0.696464447308	0.660120599258	0.64164071487	0.620860175131	0.45317049272	0.0	0.697792161651	0.65180329927	0.682438730948	0.68810326031	0.67047707824	0.691620941905	0.654464693223	0.665166408848	0.678726374621	0.688834839186	0.68287420301	0.672241444735	0.67940113376	0.665514770065	0.691598478737	0.674126138778	0.728864599683	0.698545224857	0.683262530056	0.686553852284	0.686250865104	0.710319346904	0.675532195768	0.679740046455	0.674769941277	0.675986680432	0.689585719059	0.723701179863	0.70180403913	0.699291812163	0.677025577093	0.695426408742
AH7	0.739081307527	0.748882863609	0.734246134295	0.742171958665	0.758783571941	0.738385403606	0.730265073275	0.707087291026	0.734641778686	0.742755436413	0.721391052019	0.74589495259	0.73365297583	0.75372156687	0.74855518442	0.743780192719	0.711385843672	0.536489360978	0.752914051533	0.698144181282	0.6641991411	0.697286040122	0.704206987426	0.708011106372	0.733149298265	0.709040660366	0.718270376473	0.701582763662	0.688202768017	0.697792161651	0.0	0.513858251724	0.709818176248	0.762495442749	0.767975675679	0.772440314999	0.739170887927	0.739828439567	0.761929333969	0.761732366728	0.769972780659	0.751696286886	0.759009508485	0.740420202264	0.770356882723	0.762130680528	0.771268102328	0.764045843415	0.757961347763	0.769893629055	0.780073300676	0.78372266732	0.743912477596	0.732978498599	0.733189309321	0.739354345198	0.775722253757	0.797833339922	0.775748335356	0.766268471743	0.753684726056	0.763367245882
AH8	0.691964441734	0.679279164777	0.736272066072	0.714159069657	0.703156841537	0.6845996348	0.715587985871	0.69316150352	0.703380960093	0.680084445497	0.689479119874	0.68517625282	0.689525795302	0.730036990067	0.697521320911	0.693002073703	0.557234539031	0.388219259819	0.773662128519	0.665551130858	0.639176466748	0.635827165331	0.665896771939	0.6605586941	0.697629709906	0.669089200381	0.652137604782	0.6380485177	0.662471468229	0.65180329927	0.513858251724	0.0	0.67258893721	0.709818049081	0.72153316622	0.718835185068	0.695779405457	0.682951470283	0.693974527393	0.714175153283	0.71762480664	0.710886706489	0.716667534481	0.700659946323	0.71343279329	0.696751724064	0.716215212923	0.717555831905	0.719906385525	0.730681539566	0.713080565653	0.73073318148	0.696530251352	0.688971007074	0.680539333369	0.702692569012	0.734823159753	0.745518242969	0.726258873475	0.721522852329	0.689664456002	0.710999098414
AA5	0.652243892862	0.662255110351	0.706447587227	0.679152006035	0.658897170321	0.66800929765	0.719011109412	0.69902830609	0.638669130738	0.703422645225	0.636810961388	0.667659174966	0.690320745478	0.703799952756	0.656666953553	0.678851291785	0.650053628693	0.671532847687	0.767128420138	0.684271303362	0.694968507356	0.698647685668	0.647740789837	0.686676262032	0.728943558885	0.674949186505	0.675189839512	0.70352299988	0.683469015869	0.682438730948	0.709818176248	0.67258893721	0.0	0.589473264247	0.684306852865	0.677562573304	0.633882529322	0.643191065144	0.689489456779	0.709361062705	0.699308557652	0.634771738445	0.649193816519	0.655318723086	0.715933112647	0.670747351632	0.693203183715	0.696408588752	0.68361806228	0.707287093464	0.692663065844	0.719964286809	0.666252020437	0.691088815813	0.665021683925	0.701651912404	0.675101823241	0.720120512269	0.667515991963	0.698159990152	0.630516899735	0.707788991175
AA6	0.687446059693	0.680334756943	0.770495399364	0.701751987727	0.701506560229	0.67549671595	0.679093693688	0.683414342163	0.716187393372	0.666803731581	0.686767607117	0.681312300387	0.696529295856	0.73197416544	0.715636377862	0.695699799288	0.710781588104	0.714031422175	0.781328655509	0.689647206672	0.690610315963	0.669806741732	0.693030139542	0.696093552107	0.750237957845	0.69553639608	0.716340370817	0.68576369579	0.706499457144	0.68810326031	0.762495442749	0.709818049081	0.589473264247	0.0	0.703168712442	0.69230728889	0.650619464659	0.64034195593	0.665733870603	0.688851914127	0.677711042938	0.679046978388	0.660845269802	0.682698293368	0.473102930532	0.441117866631	0.691619955784	0.681587004782	0.676092656097	0.686523809274	0.680452056772	0.694331383706	0.679890371237	0.702458706217	0.69564338514	0.691458898601	0.685093344905	0.704123174482	0.693770312977	0.685828086171	0.659648069502	0.685830239392
AB5	0.663042214979	0.668604738925	0.725865784556	0.674287654529	0.685802196151	0.664320091059	0.675070170166	0.688172421052	0.686265882972	0.667412698655	0.671387686347	0.672080570913	0.679481890176	0.683232916397	0.683043017704	0.653436200912	0.710575151891	0.717655520109	0.769774843925	0.680002791207	0.714323930367	0.690908919395	0.715585517608	0.719543647332	0.742559638573	0.724298125644	0.683486265674	0.680707866137	0.690927444814	0.67047707824	0.767975675679	0.72153316622	0.684306852865	0.703168712442	0.0	0.431644298591	0.646599992423	0.668784989884	0.649853735309	0.651007078136	0.648448366448	0.669606688229	0.674153750314	0.640148389392	0.694586001446	0.688134977853	0.664697986265	0.704162041978	0.677616127031	0.690104536382	0.68726021574	0.687634571498	0.665433187845	0.687170062786	0.696692689758	0.675465512616	0.682775758799	0.690032447485	0.71050518366	0.715665359902	0.656966516179	0.695532096993
AB6	0.673201669644	0.659573904366	0.747396975759	0.684191334186	0.669257910287	0.658521927214	0.679142535774	0.670560314321	0.699131322707	0.663245718194	0.67152247886	0.658193673616	0.698637326913	0.7047430535	0.6734610226	0.649454734225	0.719389897959	0.71595453521	0.78144356915	0.68598624363	0.742041130825	0.701706256741	0.714390454709	0.712952535429	0.749025601648	0.720734981727	0.709876933466	0.706522607186	0.702882623728	0.691620941905	0.772440314999	0.718835185068	0.677562573304	0.69230728889	0.431644298591	0.0	0.656650660024	0.657141778438	0.652856479045	0.645806580659	0.638936231744	0.68233169301	0.670895519609	0.571910721319	0.692808069419	0.67811706642	0.670998928523	0.684749199123	0.674195151927	0.686807103593	0.677469896318	0.69063440866	0.659945991586	0.685871483336	0.686182169179	0.675948871353	0.685506979009	0.688528041133	0.668859352486	0.685580067492	0.653559477033	0.676921424067
AC5	0.637509516006	0.664870995704	0.713846902281	0.666024387846	0.677789891534	0.671273541968	0.688451811815	0.681404276453	0.669169154926	0.678629654831	0.658686122838	0.684853733514	0.68621552314	0.695329960074	0.676351971817	0.674773385888	0.65945391326	0.687183509681	0.752634011802	0.680740122059	0.708402505685	0.686252003985	0.690909719011	0.691082560884	0.723582573913	0.698349968758	0.687981571612	0.687137461205	0.668121341748	0.654464693223	0.739170887927	0.695779405457	0.633882529322	0.650619464659	0.646599992423	0.656650660024	0.0	0.484609056647	0.63180358675	0.673619723274	0.667516903881	0.666248341282	0.621134964289	0.635531145426	0.666951437746	0.652569384912	0.652693447001	0.69753813895	0.633981521789	0.676219801553	0.659523074623	0.666848523849	0.639471144383	0.670109394348	0.628253115858	0.659747926245	0.657494193706	0.701063811397	0.653650515317	0.694419264603	0.646782227494	0.683741172776
AC6	0.662611674599	0.647571884759	0.717104320368	0.668040140782	0.684417850484	0.646286023252	0.672545327352	0.66087624923	0.696197924134	0.65861458638	0.656367070139	0.644517254224	0.689617181043	0.698208979515	0.664716105633	0.656680607479	0.694906474484	0.689610537646	0.766362277431	0.674321326298	0.706501923983	0.674743012713	0.690241247114	0.688235033686	0.744492455031	0.693075851015	0.691092337603	0.671515058722	0.688951089723	0.665166408848	0.739828439567	0.682951470283	0.643191065144	0.64034195593	0.668784989884	0.657141778438	0.484609056647	0.0	0.626993275094	0.662568182851	0.646015861021	0.568178165279	0.481917897772	0.62242776094	0.673905718455	0.640533532448	0.664274792171	0.673710761595	0.634720545374	0.651000566078	0.66043248593	0.663662253838	0.666608156171	0.665780698199	0.655885848292	0.665364946883	0.64392681619	0.68927900743	0.649686440915	0.65776591262	0.652690923831	0.665970382462
AD6	0.668449407297	0.629474381535	0.742437037308	0.685665865721	0.680883855719	0.631572514904	0.632107546559	0.622292443202	0.674780880959	0.616787687896	0.657939893418	0.643798125796	0.692092240248	0.687677137514	0.65905817043	0.640626009729	0.694548367539	0.689565594587	0.792007599543	0.687461167924	0.713060576977	0.659279003802	0.678831848375	0.679845760327	0.757838537107	0.690659752774	0.659682910842	0.674447745608	0.687978239154	0.678726374621	0.761929333969	0.693974527393	0.689489456779	0.665733870603	0.649853735309	0.652856479045	0.63180358675	0.626993275094	0.0	0.509840137667	0.410647788926	0.664507004122	0.658131369016	0.655184631406	0.660256490583	0.653629522122	0.66677355826	0.637484717853	0.640126436796	0.651827043843	0.664278650408	0.672997624991	0.641492621826	0.652279693496	0.641275181293	0.641049022265	0.665375136437	0.6784679543	0.655787558496	0.658685990153	0.630941073841	0.621348136745
AE5	0.704345655198	0.680365339379	0.746450383027	0.691316834356	0.674060644663	0.660322736044	0.646304244115	0.652949151903	0.703497048274	0.636309169638	0.687813249837	0.682148939155	0.708441232132	0.710200441594	0.699432348563	0.687043699009	0.739985965123	0.717700484216	0.788532592037	0.693588398217	0.737651262595	0.699478051487	0.721490913145	0.719411470171	0.761376053333	0.719643847376	0.70369093654	0.707433837773	0.700600738054	0.688834839186	0.761732366728	0.714175153283	0.709361062705	0.688851914127	0.651007078136	0.645806580659	0.673619723274	0.662568182851	0.509840137667	0.0	0.419692922446	0.681305588876	0.680396637425	0.653220747076	0.68485470502	0.679641748892	0.689386509499	0.676818001666	0.676645813373	0.668413102391	0.685216302176	0.700616387671	0.651840923874	0.676019839674	0.669881988697	0.662388090335	0.673963800521	0.705440445864	0.683035751554	0.670479770005	0.643658847681	0.697663099963
AE6	0.685291157365	0.651360062487	0.760168547619	0.697537283377	0.670812163806	0.66285868647	0.612438237306	0.634031584282	0.703989483489	0.607702130871	0.684234885746	0.661834873028	0.70706025232	0.709400362778	0.678354004198	0.643474654627	0.733701362832	0.713306031454	0.795649435572	0.691278162134	0.738121203116	0.681392834427	0.705855566669	0.701802693232	0.753464721733	0.703791386989	0.690536373479	0.693555983058	0.691276844578	0.68287420301	0.769972780659	0.71762480664	0.699308557652	0.677711042938	0.648448366448	0.638936231744	0.667516903881	0.646015861021	0.410647788926	0.419692922446	0.0	0.671622818317	0.65400560368	0.65928607703	0.668460365518	0.661901437416	0.671925251019	0.64906432309	0.653830418628	0.635073142976	0.662276889679	0.678548408395	0.637796673366	0.659111040707	0.649450929247	0.644958889633	0.658724606699	0.687158289528	0.661335709421	0.639432688922	0.638032854175	0.657746446473
AF5	0.65138865607	0.656595697434	0.692568966242	0.637710713837	0.665768255841	0.649274876117	0.698426216756	0.670050253584	0.649731422371	0.671798599518	0.667647569011	0.649466844861	0.659645705336	0.638454984181	0.682821155832	0.660613439469	0.684464081969	0.692499373607	0.726868864298	0.681149665635	0.715040519517	0.689138057715	0.669135705076	0.673530733207	0.739047254218	0.689094396811	0.679327829811	0.688786791522	0.690768880618	0.672241444735	0.751696286886	0.710886706489	0.634771738445	0.679046978388	0.669606688229	0.68233169301	0.666248341282	0.568178165279	0.664507004122	0.681305588876	0.671622818317	0.0	0.492638045273	0.626590953352	0.701854835915	0.682350712641	0.700446635525	0.710600938189	0.645177012614	0.676878000194	0.68060228567	0.716327644347	0.670566795703	0.696863594067	0.693390461953	0.701087910479	0.667566015638	0.720387445469	0.656038577702	0.671605961512	0.645141852862	0.702084032703
AF6	0.682499830203	0.667222016729	0.707056215648	0.654316116826	0.67022547545	0.668555272799	0.682017330598	0.670942292787	0.68926227535	0.67828247168	0.680642483765	0.656622506178	0.674898830332	0.681803390674	0.668484053059	0.672576385744	0.701603131728	0.708963418516	0.744758755959	0.670369255009	0.728403653401	0.682953494428	0.688702460263	0.685712037518	0.710844551824	0.692323685744	0.695598414933	0.683805078096	0.693640767557	0.67940113376	0.759009508485	0.716667534481	0.649193816519	0.660845269802	0.674153750314	0.670895519609	0.621134964289	0.481917897772	0.658131369016	0.680396637425	0.65400560368	0.492638045273	0.0	0.629232731383	0.694136716862	0.669447287155	0.699142197587	0.692588891851	0.652927891576	0.685469528141	0.706172688493	0.710452966307	0.690876802048	0.68538744383	0.679968650413	0.690818247213	0.662085825797	0.733618086483	0.672531127546	0.671514536821	0.668808543447	0.693546458951
