	AA3	AA4	AB3	AB4	AC3	AC4	AD3	AD4	AE3	AE4	AF3	AF4	AG3	AG4	AH3	AH4	AA7	AA8	AB7	AB8	AC7	AC8	AD7	AD8	AE7	AE8	AF7	AF8	AG7	AG8	AH7	AH8	AA5	AA6	AB5	AB6	AC5	AC6	AD6	AE5	AE6	AF5	AF6	AG5	AH5	AH6	AA1	AA2	AB1	AB2	AC1	AC2	AD1	AD2	AE1	AE2	AF1	AF2	AG1	AG2	AH1	AH2
AA3	0.0	0.499200347406	0.68786670794	0.648801762539	0.665646254704	0.669309554117	0.688969800523	0.697975281359	0.650485255035	0.704437052531	0.655503663248	0.680106388747	0.645142192782	0.628371039154	0.689179011637	0.499182003309	0.687885623512	0.689837349866	0.767764401017	0.67388360811	0.699992352101	0.681704285019	0.675608223441	0.688916840766	0.744299807292	0.703431141719	0.675149508293	0.684604675342	0.692656141937	0.682807235469	0.733283289805	0.689179056668	0.6590368287	0.686165547378	0.69184027133	0.67838968744	0.644711904078	0.663679122841	0.673321529837	0.688027430536	0.678002593104	0.677101063202	0.682721069955	0.665244962202	0.703353302035	0.693078089487	0.666908687363	0.685563435209	0.649705843954	0.689555689155	0.670785800316	0.688155406196	0.629794226638	0.659633380217	0.673756297023	0.664745172579	0.656672665009	0.694962733474	0.66987803139	0.68769536081	0.644481660031	0.69462807916
AA4	0.499200347406	0.0	0.69371756154	0.65332582289	0.668470493502	0.639880936688	0.665057308856	0.669433261146	0.681361246831	0.683758317843	0.672043562914	0.656828582408	0.675423762803	0.639647007554	0.518572971232	0.360171764766	0.699644024975	0.701656655559	0.768503840128	0.680477287819	0.716397190604	0.681760663688	0.688621709543	0.694958353861	0.736849234106	0.683464002614	0.676857756601	0.683505361993	0.701022867817	0.682994579586	0.748144743275	0.68784899114	0.678874717799	0.67789918868	0.676753787919	0.661795885825	0.661980072859	0.644632879445	0.656634959821	0.660781874872	0.636710311585	0.667585997682	0.677673619778	0.655521466491	0.678831188948	0.678653492908	0.678266011477	0.643979338536	0.642611178491	0.668893048984	0.662098630297	0.67340691869	0.646887673221	0.657172238445	0.658949688016	0.658412232275	0.65463531701	0.683170771206	0.657971909788	0.653283400122	0.656233610059	0.663442209513
AB3	0.68786670794	0.69371756154	0.0	0.648740263008	0.720619682285	0.744292678973	0.733451648242	0.742836656993	0.710020699925	0.746671770286	0.724841675891	0.747052808595	0.713251943836	0.533682226603	0.672728173005	0.696576661264	0.710939447172	0.745182067372	0.717802164904	0.673826264938	0.706665789952	0.733179300584	0.702632984927	0.723136141979	0.703028208084	0.717832838658	0.721706578991	0.730022239251	0.681448137058	0.705190162524	0.755096142417	0.738243925142	0.726572417745	0.782783401791	0.723865885162	0.73888436018	0.714493827359	0.731712577692	0.760862363916	0.753186511606	0.770038794304	0.71430377477	0.730253210448	0.752353042638	0.797712844646	0.789713797766	0.775828727864	0.771543047727	0.716964757077	0.778311408247	0.753246191834	0.773091891312	0.753283364237	0.762570531864	0.746538170832	0.766751947692	0.758304358909	0.792088665596	0.760459015326	0.775263889553	0.733449349328	0.769151988842
AB4	0.648801762539	0.65332582289	0.648740263008	0.0	0.70617589563	0.67359205521	0.693748753618	0.688303833426	0.683340363576	0.689901480766	0.69042716243	0.6870503387	0.432749303938	0.467937666369	0.679147224372	0.649679657578	0.713320965169	0.691455908758	0.771462696522	0.686761309389	0.684129111131	0.667265357667	0.691378837956	0.70346513201	0.730468989284	0.688963841503	0.667472702121	0.675291788242	0.671465766134	0.69261631746	0.729601207319	0.706134432893	0.707094731124	0.712822607956	0.706095411501	0.673913185549	0.677272443071	0.650539648704	0.685166360275	0.697100666508	0.704283518619	0.637445835277	0.673388197052	0.691622693572	0.716510776329	0.725981928729	0.699932899669	0.696733926355	0.637157026763	0.687831574309	0.695123105239	0.722614125156	0.686055702767	0.684087996698	0.694614302466	0.688302929712	0.694782691642	0.72316920086	0.700134567016	0.677471253189	0.683179755242	0.709453893627
AC3	0.665646254704	0.668470493502	0.720619682285	0.70617589563	0.0	0.561902968962	0.664172675839	0.67172015104	0.65441160785	0.682357293699	0.686972533727	0.471067899942	0.701068281957	0.696241675865	0.687945755598	0.679507275455	0.692566175008	0.704884522734	0.766894244179	0.677757062211	0.713248655634	0.708567114335	0.715828737547	0.717494552721	0.726557656257	0.707909700254	0.70923924741	0.718268093282	0.706670716462	0.694093343889	0.759351865738	0.703733211874	0.665424665985	0.692776640105	0.691001636541	0.693259238913	0.683679365423	0.689117594202	0.690992191503	0.660604464013	0.662462328385	0.682058258092	0.675244470898	0.681628120343	0.721059938016	0.712999095125	0.712976050122	0.713634345257	0.700207956513	0.69097745357	0.69095257729	0.690875686463	0.678504210829	0.680065450905	0.681043296942	0.68686912476	0.694926915464	0.7177708488	0.696057134431	0.684466599517	0.686993485031	0.720465986672
AC4	0.669309554117	0.639880936688	0.744292678973	0.67359205521	0.561902968962	0.0	0.668131096252	0.676512386159	0.665416463434	0.68344844736	0.504591972239	0.416837932746	0.676020195211	0.702883935001	0.663169431215	0.623233555625	0.689995798401	0.681149269057	0.772295609966	0.692064501887	0.69239473629	0.678607428701	0.705217288301	0.691407872602	0.745406818349	0.699032498416	0.692276823925	0.696562593361	0.703238377188	0.691420564777	0.731894926568	0.685910954686	0.666749753778	0.665637674059	0.669969987166	0.642793438226	0.675381037453	0.633426055391	0.671071989677	0.664321829923	0.657983912405	0.663568783355	0.670455258445	0.641600713106	0.678973045579	0.665986441419	0.714048784248	0.68419304569	0.680101381025	0.686061071509	0.69067525811	0.675309299988	0.696326473206	0.690612318615	0.69823962323	0.697513417333	0.684320160253	0.697256063859	0.675719001136	0.679097249671	0.662303157785	0.704243170672
AD3	0.688969800523	0.665057308856	0.733451648242	0.693748753618	0.664172675839	0.668131096252	0.0	0.428664753371	0.676495730265	0.374741115234	0.701123745799	0.64110496911	0.707116274967	0.682933171708	0.690295515042	0.665653266796	0.690132414337	0.68908283937	0.767238901986	0.667017484907	0.713243220315	0.663513613572	0.709671304132	0.68875459427	0.724343076554	0.690001489599	0.677930883799	0.680260774527	0.698275232129	0.66341589903	0.750495793468	0.674860627021	0.688749870179	0.661328453619	0.660080813212	0.669315188745	0.680251975772	0.669883617562	0.626002430235	0.631405642122	0.609604465733	0.68044216234	0.672736867786	0.67615085479	0.677796215766	0.681023810798	0.69061827053	0.667397470739	0.679725820826	0.648152409195	0.686950434611	0.684604159132	0.675971380374	0.673279640806	0.678440788404	0.674835639469	0.670194115316	0.687750442313	0.691862246112	0.667966487799	0.696843365655	0.651314326133
AD4	0.697975281359	0.669433261146	0.742836656993	0.688303833426	0.67172015104	0.676512386159	0.428664753371	0.0	0.586693208338	0.386939663467	0.702890516268	0.650678979745	0.704585187519	0.69541388573	0.686636494292	0.667598378198	0.695152230722	0.682850068626	0.793931457275	0.669966601012	0.718976279799	0.6715638044	0.687675524732	0.674871402711	0.733403115511	0.677407611398	0.668136353521	0.683441014538	0.67021421337	0.656197902781	0.717638950807	0.66811786299	0.684658615206	0.672892253742	0.67117146413	0.657885849738	0.663902001117	0.665999038059	0.626618752667	0.627124141382	0.619112937549	0.676162732565	0.671859606512	0.669223131024	0.678164664669	0.693166696133	0.688872959121	0.671728180842	0.668359882368	0.655544905157	0.684989674836	0.681040559143	0.66425348436	0.66367189302	0.655550129252	0.657564775072	0.668722168894	0.690721897737	0.68689723919	0.653549421796	0.69287215678	0.621160218062
AE3	0.650485255035	0.681361246831	0.710020699925	0.683340363576	0.65441160785	0.665416463434	0.676495730265	0.586693208338	0.0	0.633018521095	0.649628404677	0.68260873257	0.671500051765	0.694806466592	0.667879112625	0.672825672045	0.661363912617	0.681751731896	0.766715339057	0.681065713481	0.716969308546	0.709271782228	0.650540527803	0.673058510341	0.741766755968	0.688157308564	0.666114948323	0.712097590795	0.657133035203	0.67497023537	0.727802799855	0.68688073276	0.63224062451	0.709139631917	0.697747049288	0.694476429181	0.642029171314	0.678614918854	0.680732241397	0.678710468114	0.683160827525	0.655242404584	0.673970570117	0.679488205225	0.71583765765	0.72384548155	0.70014497615	0.708202040012	0.679692596012	0.713572835306	0.686485836739	0.708222853163	0.689889324758	0.681911869562	0.659897486296	0.693286932643	0.69172614479	0.745599917488	0.698838115879	0.698241150787	0.667759962593	0.729477685081
AE4	0.704437052531	0.683758317843	0.746671770286	0.689901480766	0.682357293699	0.68344844736	0.374741115234	0.386939663467	0.633018521095	0.0	0.700056422455	0.66658869799	0.709346540669	0.694710978927	0.691652109835	0.678124730275	0.721587269353	0.699276578531	0.782078455751	0.670142647072	0.719324460271	0.671607860136	0.710429736166	0.686702324444	0.733709893322	0.69113505984	0.699529709983	0.688407369775	0.687013683303	0.663030393492	0.726800984981	0.698855140766	0.717052685436	0.668761279298	0.695287619918	0.678422521625	0.690102476708	0.681624014494	0.63833109878	0.650673221301	0.626677558068	0.687154188991	0.691795468292	0.681681911173	0.693324222816	0.68894246875	0.687894501654	0.666633521334	0.698957685545	0.672891764076	0.707442776515	0.687450406806	0.697029391496	0.671127567597	0.677565374431	0.681375804467	0.698549978874	0.710340574384	0.701224752248	0.673711147166	0.704780795152	0.64413497234
AF3	0.655503663248	0.672043562914	0.724841675891	0.69042716243	0.686972533727	0.504591972239	0.701123745799	0.702890516268	0.649628404677	0.700056422455	0.0	0.55563670525	0.676125204618	0.700759508401	0.674856487134	0.658968292041	0.681400456679	0.692830984683	0.761575542121	0.688886031871	0.688076986899	0.70420043912	0.67157663662	0.695162255285	0.766536207581	0.711148444292	0.688055471453	0.70988225788	0.688012188187	0.675939219984	0.714148517219	0.68416470978	0.641445077273	0.685963220932	0.682858357097	0.688202398602	0.653926897329	0.652158693674	0.689932638913	0.681525559964	0.683576573612	0.692593909173	0.686988665985	0.676764651117	0.692093200422	0.684589823077	0.714797985397	0.705048237707	0.684689751475	0.724139547057	0.699355046187	0.708681273057	0.698058772849	0.697320712171	0.688550110619	0.712871466752	0.68999583944	0.721260914911	0.687574224605	0.706583613832	0.659015411806	0.711341322272
AF4	0.680106388747	0.656828582408	0.747052808595	0.6870503387	0.471067899942	0.416837932746	0.64110496911	0.650678979745	0.68260873257	0.66658869799	0.55563670525	0.0	0.688807762322	0.706439735624	0.683813581129	0.653953203578	0.685207981315	0.685921221714	0.766745340164	0.670136144687	0.689984717842	0.667189269401	0.723250350709	0.710712822142	0.738421578615	0.703057964936	0.6938339211	0.69730344275	0.705886295913	0.681470604064	0.744385692418	0.680324915126	0.659995803972	0.667320142267	0.679852958213	0.668830311326	0.688225949204	0.643349025179	0.682104124469	0.658896849005	0.655679463515	0.667542032688	0.671328803663	0.66221672349	0.689100367672	0.670748974955	0.717847627976	0.696089240584	0.696530558745	0.673326997045	0.689172857413	0.675793385746	0.684659646113	0.675479998195	0.688299611111	0.668533076164	0.684337003954	0.683408351611	0.69961469595	0.672821675656	0.68541986033	0.688032411309
AG3	0.645142192782	0.675423762803	0.713251943836	0.432749303938	0.701068281957	0.676020195211	0.707116274967	0.704585187519	0.671500051765	0.709346540669	0.676125204618	0.688807762322	0.0	0.51296299059	0.68709893697	0.663087744284	0.675905937545	0.687656098919	0.775511735462	0.682561340482	0.682929748153	0.692162431855	0.677599235064	0.69358687992	0.727329093241	0.696955309687	0.68652166363	0.702142863773	0.688904415755	0.690762873271	0.735986028699	0.694667060726	0.671133718417	0.700504733614	0.70705592753	0.678968434424	0.687566229594	0.667395848188	0.700753873457	0.693552813051	0.705260325735	0.670468414879	0.685858568419	0.681091755957	0.72020821424	0.711330922032	0.693037990832	0.705243393256	0.637973046458	0.690943996594	0.699760609411	0.718958138024	0.67355213861	0.691851977207	0.679137673764	0.67710865659	0.699511830004	0.731046692493	0.699616632818	0.685685392028	0.682094370781	0.719360084691
AG4	0.628371039154	0.639647007554	0.533682226603	0.467937666369	0.696241675865	0.702883935001	0.682933171708	0.69541388573	0.694806466592	0.694710978927	0.700759508401	0.706439735624	0.51296299059	0.0	0.680106082827	0.638243147101	0.718604010592	0.718498922026	0.729284982444	0.645230009772	0.68763411589	0.682888681607	0.697612221377	0.710878844182	0.705789694053	0.696502445642	0.690568496968	0.677330437367	0.668032921299	0.665631399682	0.744719376012	0.707439794784	0.704589837533	0.719136850227	0.688360936176	0.69042961699	0.681561465031	0.683002339585	0.698943721723	0.686646416539	0.700836400438	0.676012259774	0.690384770358	0.714626054659	0.725713912861	0.732473296022	0.706749422916	0.708514399169	0.651741138852	0.710803994256	0.682728687803	0.712714777589	0.675165629392	0.700121060041	0.701941290707	0.692662448684	0.712187613001	0.723792753195	0.710008649078	0.708458133736	0.67992528379	0.710467218065
AH3	0.689179011637	0.518572971232	0.672728173005	0.679147224372	0.687945755598	0.663169431215	0.690295515042	0.686636494292	0.667879112625	0.691652109835	0.674856487134	0.683813581129	0.68709893697	0.680106082827	0.0	0.528814792546	0.683743677513	0.705372333556	0.767156805994	0.695400079702	0.71503715996	0.71249297931	0.685628870415	0.711481169123	0.733050731949	0.684336660391	0.699814909519	0.714411991439	0.693509271578	0.69558028714	0.755852449879	0.706619577539	0.669970034628	0.716912485578	0.697232872734	0.688902993276	0.677140854822	0.685453147979	0.682354301373	0.689258212257	0.679146155801	0.680532279618	0.691869702627	0.68069819274	0.722840935241	0.712092336625	0.715142361284	0.684017100859	0.690790425135	0.711424163454	0.696972957265	0.729386529593	0.708305217234	0.69230384995	0.677640352972	0.704426868886	0.699418885248	0.729600884358	0.700931552266	0.688946854811	0.688918090779	0.70748711603
AH4	0.499182003309	0.360171764766	0.696576661264	0.649679657578	0.679507275455	0.623233555625	0.665653266796	0.667598378198	0.672825672045	0.678124730275	0.658968292041	0.653953203578	0.663087744284	0.638243147101	0.528814792546	0.0	0.688881801571	0.683684917226	0.776818553549	0.677924345505	0.709226941655	0.662992643976	0.673952331785	0.68482945474	0.740586439634	0.682603911753	0.659681419959	0.672254966391	0.676805900696	0.680255618075	0.742785396272	0.686942794678	0.664664330615	0.681598789719	0.675313050697	0.644829206131	0.663074525725	0.647044541446	0.64552765966	0.662917310796	0.637240178923	0.657412706703	0.668166964265	0.654926389544	0.683063915252	0.665164315202	0.671564440752	0.6337805622	0.639022189504	0.66445834857	0.662013321274	0.678125715513	0.651919402949	0.652419025434	0.661849085139	0.660655782301	0.66676500178	0.682692025888	0.6622446381	0.649934336219	0.643798008586	0.655114571493
AA7	0.687885623512	0.699644024975	0.710939447172	0.713320965169	0.692566175008	0.689995798401	0.690132414337	0.695152230722	0.661363912617	0.721587269353	0.681400456679	0.685207981315	0.675905937545	0.718604010592	0.683743677513	0.688881801571	0.0	0.515015240006	0.769917455125	0.688188358796	0.659269624542	0.684851772181	0.662448706623	0.682304667651	0.705200102368	0.708908600194	0.655980193484	0.68772066521	0.679191259171	0.682857197901	0.708164829657	0.536928885093	0.642288539796	0.726444955424	0.70409189965	0.729648632506	0.676608910199	0.689824618406	0.716362355375	0.736070726632	0.720664584081	0.690190548366	0.703373471723	0.717623962497	0.740584932413	0.732532595762	0.743287566254	0.738944549673	0.704957056869	0.728718473926	0.709388654615	0.748219595245	0.698055941973	0.712644675636	0.693112210776	0.705579991922	0.720353264737	0.737890514792	0.737141970521	0.741007473997	0.701669801835	0.711098132214
AA8	0.689837349866	0.701656655559	0.745182067372	0.691455908758	0.704884522734	0.681149269057	0.68908283937	0.682850068626	0.681751731896	0.699276578531	0.692830984683	0.685921221714	0.687656098919	0.718498922026	0.705372333556	0.683684917226	0.515015240006	0.0	0.773794208881	0.65186854434	0.638256685157	0.63708444399	0.664835137401	0.669853338354	0.698329812983	0.677933731718	0.671888672495	0.659692563413	0.643839909158	0.641729441645	0.541539906133	0.436791301904	0.679513232185	0.7203544898	0.731247303476	0.711710152574	0.685543736923	0.68888760927	0.712274300377	0.705746276072	0.698523565476	0.685873724286	0.693147658532	0.71212241919	0.713304198355	0.720092979733	0.725379889763	0.703305468495	0.702717775972	0.723085832141	0.705837181912	0.736974610768	0.679697661089	0.690335762498	0.695671565677	0.686002147597	0.737758372178	0.744443776365	0.740175457911	0.709182652846	0.706684331524	0.707762754207
AB7	0.767764401017	0.768503840128	0.717802164904	0.771462696522	0.766894244179	0.772295609966	0.767238901986	0.793931457275	0.766715339057	0.782078455751	0.761575542121	0.766745340164	0.775511735462	0.729284982444	0.767156805994	0.776818553549	0.769917455125	0.773794208881	0.0	0.556263194957	0.751323674504	0.764682152782	0.780169755655	0.785636930285	0.752169325687	0.772287140769	0.778901643441	0.774162585987	0.744270078553	0.642091986025	0.76551371926	0.753906178696	0.785434315062	0.786324180898	0.775407148685	0.791379827942	0.765093625793	0.76476592233	0.792817207553	0.790318936825	0.795135526761	0.735973696956	0.738827131852	0.783198336913	0.796604594712	0.794915527408	0.819841059435	0.80668407225	0.776695669585	0.798835203487	0.804168841883	0.801818729094	0.790103427021	0.791493405496	0.786023414557	0.798975700789	0.796397594039	0.810205570688	0.793856777001	0.80142304548	0.794651242048	0.801370988423
AB8	0.67388360811	0.680477287819	0.673826264938	0.686761309389	0.677757062211	0.692064501887	0.667017484907	0.669966601012	0.681065713481	0.670142647072	0.688886031871	0.670136144687	0.682561340482	0.645230009772	0.695400079702	0.677924345505	0.688188358796	0.65186854434	0.556263194957	0.0	0.6377131496	0.628323297531	0.683185937885	0.669554644732	0.682847796717	0.65867770889	0.670493350857	0.643441286096	0.52553848903	0.411312239378	0.689951464744	0.628488334009	0.688529709265	0.697636883384	0.686815391171	0.686822495304	0.678856949756	0.674456342355	0.688230044516	0.688315484148	0.680872324751	0.682520362833	0.682216890213	0.684127174253	0.704395618838	0.6983782559	0.726477792689	0.710675550681	0.685255951157	0.712866400872	0.69498481599	0.716447287795	0.663308394219	0.67773765662	0.684019173147	0.670280280334	0.714901604071	0.722840843568	0.71214620548	0.715517440513	0.699355386608	0.700745628749
AC7	0.699992352101	0.716397190604	0.706665789952	0.684129111131	0.713248655634	0.69239473629	0.713243220315	0.718976279799	0.716969308546	0.719324460271	0.688076986899	0.689984717842	0.682929748153	0.68763411589	0.71503715996	0.709226941655	0.659269624542	0.638256685157	0.751323674504	0.6377131496	0.0	0.499783403011	0.682574135723	0.683807287793	0.691705402442	0.692504072249	0.701409903433	0.594506777443	0.633982660494	0.639940522499	0.664237532493	0.652462180526	0.705720637778	0.700607551528	0.731219775743	0.733149105381	0.704474510718	0.701330191092	0.720419435338	0.727320293272	0.721836244695	0.702902654064	0.718394929845	0.716224201703	0.699874861929	0.695132103006	0.751902121957	0.74767502145	0.710210058631	0.733978726782	0.750061844277	0.759116066641	0.702155940527	0.688190288433	0.709519385402	0.693276403404	0.746920066514	0.742833030858	0.749127171438	0.724728354876	0.711785354105	0.742266380489
AC8	0.681704285019	0.681760663688	0.733179300584	0.667265357667	0.708567114335	0.678607428701	0.663513613572	0.6715638044	0.709271782228	0.671607860136	0.70420043912	0.667189269401	0.692162431855	0.682888681607	0.71249297931	0.662992643976	0.684851772181	0.63708444399	0.764682152782	0.628323297531	0.499783403011	0.0	0.687491912379	0.651916116363	0.700297792783	0.661249817415	0.521539594969	0.411681907907	0.624338775652	0.619150554352	0.69122167856	0.658357970178	0.69835305089	0.65785262293	0.712337134895	0.694988611351	0.682202388407	0.67122962335	0.681179712712	0.697878707362	0.671719038743	0.685413484759	0.700458663238	0.687587991378	0.668349711844	0.649787330797	0.718553457841	0.69374657661	0.679775480316	0.699526452167	0.697725894795	0.710842701235	0.674101008395	0.656666834	0.678543980415	0.65836221506	0.701591953267	0.69295903553	0.705502695328	0.68672151711	0.674905901373	0.682203692834
AD7	0.675608223441	0.688621709543	0.702632984927	0.691378837956	0.715828737547	0.705217288301	0.709671304132	0.687675524732	0.650540527803	0.710429736166	0.67157663662	0.723250350709	0.677599235064	0.697612221377	0.685628870415	0.673952331785	0.662448706623	0.664835137401	0.780169755655	0.683185937885	0.682574135723	0.687491912379	0.0	0.45602557375	0.701377301539	0.504129408316	0.649615997913	0.686381082784	0.652283931918	0.677858910565	0.695775165275	0.659435718471	0.649169605391	0.688255666381	0.730345078676	0.707130049248	0.676014570459	0.673450938825	0.690117714237	0.71234332011	0.702734052393	0.666694250884	0.679253756968	0.694892557965	0.696920531901	0.704894221461	0.716611294714	0.695525011611	0.663892315356	0.70693996954	0.690740091382	0.72772212758	0.689380207247	0.672725211595	0.654363490062	0.674492891634	0.694141245034	0.724347137021	0.703289719942	0.694201719079	0.654689930714	0.704255501371
AD8	0.688916840766	0.694958353861	0.723136141979	0.70346513201	0.717494552721	0.691407872602	0.68875459427	0.674871402711	0.673058510341	0.686702324444	0.695162255285	0.710712822142	0.69358687992	0.710878844182	0.711481169123	0.68482945474	0.682304667651	0.669853338354	0.785636930285	0.669554644732	0.683807287793	0.651916116363	0.45602557375	0.0	0.599368752217	0.408631505756	0.641205863547	0.676220304587	0.649536993154	0.668962978143	0.701755633353	0.661666221256	0.672310530596	0.678929978056	0.724021610832	0.707609494905	0.684289047498	0.671429485376	0.693674158043	0.709078387893	0.692661603731	0.683447528095	0.676506117946	0.687930294146	0.686580931639	0.694000272778	0.710613612264	0.696609147948	0.683789878705	0.698594487156	0.7102473819	0.720497162715	0.676100280111	0.660952078796	0.653861802762	0.67519866784	0.700821652817	0.728394351242	0.709876435785	0.696718854574	0.674913383966	0.710635926832
AE7	0.744299807292	0.736849234106	0.703028208084	0.730468989284	0.726557656257	0.745406818349	0.724343076554	0.733403115511	0.741766755968	0.733709893322	0.766536207581	0.738421578615	0.727329093241	0.705789694053	0.733050731949	0.740586439634	0.705200102368	0.698329812983	0.752169325687	0.682847796717	0.691705402442	0.700297792783	0.701377301539	0.599368752217	0.0	0.517315170246	0.713643599442	0.708799542822	0.684853303064	0.700504464953	0.731567731691	0.699153067682	0.73588550859	0.751558788137	0.742688129317	0.755007226134	0.736426551609	0.750434609606	0.760259732305	0.751931227504	0.762266046389	0.739609193163	0.734643989343	0.742361605966	0.754672758172	0.75605093075	0.776435052442	0.767345068382	0.738160019918	0.756154370815	0.765309261571	0.79247008002	0.743709554625	0.744924305132	0.73724197261	0.750698196554	0.776068619861	0.798872610868	0.774366354776	0.756248855498	0.754112545698	0.778017127218
AE8	0.703431141719	0.683464002614	0.717832838658	0.688963841503	0.707909700254	0.699032498416	0.690001489599	0.677407611398	0.688157308564	0.69113505984	0.711148444292	0.703057964936	0.696955309687	0.696502445642	0.684336660391	0.682603911753	0.708908600194	0.677933731718	0.772287140769	0.65867770889	0.692504072249	0.661249817415	0.504129408316	0.408631505756	0.517315170246	0.0	0.662182719473	0.672655110652	0.655144922596	0.66222834553	0.707688394075	0.674674663639	0.693900073607	0.695407314397	0.733847981135	0.696547469926	0.702047228883	0.694774663992	0.70234448821	0.706244081431	0.699696366525	0.679844603975	0.680403957391	0.688272752267	0.699667455088	0.70705025634	0.71582771531	0.690483830458	0.678492617747	0.700712210459	0.709503922113	0.724597558306	0.688561594099	0.664516047345	0.679596396805	0.680669696727	0.709699839084	0.726179442802	0.71450971904	0.698878938648	0.693353265915	0.711631401545
AF7	0.675149508293	0.676857756601	0.721706578991	0.667472702121	0.70923924741	0.692276823925	0.677930883799	0.668136353521	0.666114948323	0.699529709983	0.688055471453	0.6938339211	0.68652166363	0.690568496968	0.699814909519	0.659681419959	0.655980193484	0.671888672495	0.778901643441	0.670493350857	0.701409903433	0.521539594969	0.649615997913	0.641205863547	0.713643599442	0.662182719473	0.0	0.48602725015	0.642843521066	0.670468473345	0.722544195895	0.668769066854	0.668519540915	0.706699333246	0.702218557771	0.690350797776	0.66995375157	0.679908339406	0.689355015295	0.702763738894	0.698116292895	0.675778205657	0.696696759098	0.686229170618	0.717949094825	0.709621070282	0.700398702096	0.680016488765	0.665449888191	0.703549416524	0.676175520568	0.710528319105	0.684367207698	0.668861086612	0.672229665416	0.68946972591	0.674403138553	0.712282981839	0.688015366385	0.697592639425	0.663538664749	0.679435176675
AF8	0.684604675342	0.683505361993	0.730022239251	0.675291788242	0.718268093282	0.696562593361	0.680260774527	0.683441014538	0.712097590795	0.688407369775	0.70988225788	0.69730344275	0.702142863773	0.677330437367	0.714411991439	0.672254966391	0.68772066521	0.659692563413	0.774162585987	0.643441286096	0.594506777443	0.411681907907	0.686381082784	0.676220304587	0.708799542822	0.672655110652	0.48602725015	0.0	0.652052160869	0.649000981631	0.710205762279	0.664207062903	0.70810453868	0.677628536307	0.711560012326	0.689887232363	0.684874720388	0.680262178084	0.680521207435	0.709763993884	0.684486209488	0.697939229626	0.695784384965	0.68430881879	0.698677548918	0.685246262479	0.718193276429	0.695198005158	0.677607803368	0.709454785332	0.698399490181	0.707180914237	0.67750315493	0.659358180223	0.696729385657	0.663165193253	0.687641400652	0.697723125132	0.698870260893	0.709987741874	0.668528595425	0.685158062387
AG7	0.692656141937	0.701022867817	0.681448137058	0.671465766134	0.706670716462	0.703238377188	0.698275232129	0.67021421337	0.657133035203	0.687013683303	0.688012188187	0.705886295913	0.688904415755	0.668032921299	0.693509271578	0.676805900696	0.679191259171	0.643839909158	0.744270078553	0.52553848903	0.633982660494	0.624338775652	0.652283931918	0.649536993154	0.684853303064	0.655144922596	0.642843521066	0.652052160869	0.0	0.459449826433	0.671403282719	0.653867206554	0.67067942956	0.70272383506	0.708630313974	0.672999188354	0.659008932843	0.673343398254	0.673185564922	0.678582476536	0.684519299306	0.68182654974	0.670748811089	0.675475804777	0.7021837783	0.690078655164	0.724248627772	0.704545606387	0.680281626603	0.712909240845	0.683730094952	0.733718074059	0.674939064124	0.67843639263	0.680619546419	0.680219505009	0.698064485902	0.725957810066	0.698214668682	0.705863935033	0.66264608387	0.705684292023
AG8	0.682807235469	0.682994579586	0.705190162524	0.69261631746	0.694093343889	0.691420564777	0.66341589903	0.656197902781	0.67497023537	0.663030393492	0.675939219984	0.681470604064	0.690762873271	0.665631399682	0.69558028714	0.680255618075	0.682857197901	0.641729441645	0.642091986025	0.411312239378	0.639940522499	0.619150554352	0.677858910565	0.668962978143	0.700504464953	0.66222834553	0.670468473345	0.649000981631	0.459449826433	0.0	0.695025421443	0.619899013436	0.671840720196	0.674970182896	0.704848557478	0.674201084284	0.649811898484	0.650130088689	0.674524234885	0.680430544743	0.659719764795	0.665151137732	0.659637017996	0.666684436499	0.68138894163	0.672763978798	0.726042100188	0.695316160305	0.685541233071	0.694571517352	0.68972277636	0.72541021264	0.662481552899	0.667728044246	0.669158411879	0.665509708907	0.688648167597	0.715262192862	0.687949164254	0.688756361097	0.686782636137	0.693849234733
AH7	0.733283289805	0.748144743275	0.755096142417	0.729601207319	0.759351865738	0.731894926568	0.750495793468	0.717638950807	0.727802799855	0.726800984981	0.714148517219	0.744385692418	0.735986028699	0.744719376012	0.755852449879	0.742785396272	0.708164829657	0.541539906133	0.76551371926	0.689951464744	0.664237532493	0.69122167856	0.695775165275	0.701755633353	0.731567731691	0.707688394075	0.722544195895	0.710205762279	0.671403282719	0.695025421443	0.0	0.529466102819	0.719550189238	0.761216917228	0.776014911665	0.763812644955	0.742736865362	0.734411503746	0.765569227066	0.754452826647	0.754754993947	0.726220280959	0.752725131345	0.752847254969	0.769886044601	0.759344529815	0.767288711286	0.756708248509	0.745982188364	0.773121581537	0.783623097865	0.787218759778	0.738565089573	0.739076063495	0.732251753262	0.744884349938	0.776411906645	0.810396920205	0.777739413424	0.757776820485	0.750370493106	0.731379159305
AH8	0.689179056668	0.68784899114	0.738243925142	0.706134432893	0.703733211874	0.685910954686	0.674860627021	0.66811786299	0.68688073276	0.698855140766	0.68416470978	0.680324915126	0.694667060726	0.707439794784	0.706619577539	0.686942794678	0.536928885093	0.436791301904	0.753906178696	0.628488334009	0.652462180526	0.658357970178	0.659435718471	0.661666221256	0.699153067682	0.674674663639	0.668769066854	0.664207062903	0.653867206554	0.619899013436	0.529466102819	0.0	0.662188367461	0.707061701148	0.704226836875	0.711652678303	0.684226262258	0.688175364834	0.714670502978	0.704597257041	0.685387039713	0.686352610461	0.697281133341	0.698827796375	0.708063802106	0.707204336547	0.709568072043	0.711071091893	0.700392532778	0.70799770896	0.71257648126	0.73006492219	0.680022972303	0.688832503589	0.675855233719	0.679914926872	0.709885330119	0.736549949018	0.728585820733	0.715024159088	0.699148599949	0.690610635445
AA5	0.6590368287	0.678874717799	0.726572417745	0.707094731124	0.665424665985	0.666749753778	0.688749870179	0.684658615206	0.63224062451	0.717052685436	0.641445077273	0.659995803972	0.671133718417	0.704589837533	0.669970034628	0.664664330615	0.642288539796	0.679513232185	0.785434315062	0.688529709265	0.705720637778	0.69835305089	0.649169605391	0.672310530596	0.73588550859	0.693900073607	0.668519540915	0.70810453868	0.67067942956	0.671840720196	0.719550189238	0.662188367461	0.0	0.601427142786	0.686330824121	0.685312731588	0.634524943956	0.646922647151	0.681498247921	0.698557404807	0.681372379957	0.639836200166	0.648427227439	0.66877853637	0.714046344162	0.655929598561	0.687298413246	0.705798940316	0.676713323397	0.697005833394	0.69248482707	0.724648188673	0.676374772546	0.695764548224	0.662156758356	0.695361385267	0.66189642559	0.712352374499	0.679672221495	0.694415213752	0.653507188897	0.707287927648
AA6	0.686165547378	0.67789918868	0.782783401791	0.712822607956	0.692776640105	0.665637674059	0.661328453619	0.672892253742	0.709139631917	0.668761279298	0.685963220932	0.667320142267	0.700504733614	0.719136850227	0.716912485578	0.681598789719	0.726444955424	0.7203544898	0.786324180898	0.697636883384	0.700607551528	0.65785262293	0.688255666381	0.678929978056	0.751558788137	0.695407314397	0.706699333246	0.677628536307	0.70272383506	0.674970182896	0.761216917228	0.707061701148	0.601427142786	0.0	0.709835034194	0.669827447531	0.658571812208	0.633609248759	0.667245326765	0.684373563928	0.649233404145	0.676370727944	0.64862965936	0.668369656817	0.437950793822	0.358410472196	0.686457577595	0.681802230106	0.676153164997	0.677325841449	0.683486720281	0.686127983324	0.669886110019	0.679895465171	0.686163347659	0.682958046582	0.675019258816	0.684005619973	0.669101878607	0.680342514231	0.666454986077	0.68989280381
AB5	0.69184027133	0.676753787919	0.723865885162	0.706095411501	0.691001636541	0.669969987166	0.660080813212	0.67117146413	0.697747049288	0.695287619918	0.682858357097	0.679852958213	0.70705592753	0.688360936176	0.697232872734	0.675313050697	0.70409189965	0.731247303476	0.775407148685	0.686815391171	0.731219775743	0.712337134895	0.730345078676	0.724021610832	0.742688129317	0.733847981135	0.702218557771	0.711560012326	0.708630313974	0.704848557478	0.776014911665	0.704226836875	0.686330824121	0.709835034194	0.0	0.458698267006	0.671327657226	0.671717978205	0.670284417835	0.638814568889	0.656508263221	0.689496027428	0.689504514797	0.665440191202	0.709386678918	0.706657759779	0.686713049285	0.69995036089	0.681036540553	0.70073935539	0.690437135823	0.708506387287	0.66479294133	0.707130393124	0.713642284793	0.687960623992	0.703825388903	0.700094905801	0.712711837265	0.712467693055	0.668435257879	0.704820980299
AB6	0.67838968744	0.661795885825	0.73888436018	0.673913185549	0.693259238913	0.642793438226	0.669315188745	0.657885849738	0.694476429181	0.678422521625	0.688202398602	0.668830311326	0.678968434424	0.69042961699	0.688902993276	0.644829206131	0.729648632506	0.711710152574	0.791379827942	0.686822495304	0.733149105381	0.694988611351	0.707130049248	0.707609494905	0.755007226134	0.696547469926	0.690350797776	0.689887232363	0.672999188354	0.674201084284	0.763812644955	0.711652678303	0.685312731588	0.669827447531	0.458698267006	0.0	0.66420680437	0.636657203313	0.646459585735	0.627249165212	0.639768595127	0.660311461734	0.648310633198	0.545569179567	0.664408431424	0.663518107443	0.673862791349	0.66192692877	0.645913816369	0.673577907795	0.669830895384	0.671320660467	0.666907814553	0.668785540372	0.676014636083	0.665307588645	0.669509222156	0.688157121365	0.661835250004	0.665912252432	0.667150455357	0.694334541977
AC5	0.644711904078	0.661980072859	0.714493827359	0.677272443071	0.683679365423	0.675381037453	0.680251975772	0.663902001117	0.642029171314	0.690102476708	0.653926897329	0.688225949204	0.687566229594	0.681561465031	0.677140854822	0.663074525725	0.676608910199	0.685543736923	0.765093625793	0.678856949756	0.704474510718	0.682202388407	0.676014570459	0.684289047498	0.736426551609	0.702047228883	0.66995375157	0.684874720388	0.659008932843	0.649811898484	0.742736865362	0.684226262258	0.634524943956	0.658571812208	0.671327657226	0.66420680437	0.0	0.4974988729	0.626387745256	0.657525255966	0.655619938666	0.66275884293	0.614618450125	0.652915769701	0.650676664181	0.65469993642	0.652421694917	0.684676393354	0.618767991426	0.678834709498	0.64399366069	0.669683806471	0.642784210726	0.64271284613	0.632070400575	0.644232747621	0.652267583763	0.672522555088	0.649211201194	0.682682149278	0.647181142691	0.680369812288
AC6	0.663679122841	0.644632879445	0.731712577692	0.650539648704	0.689117594202	0.633426055391	0.669883617562	0.665999038059	0.678614918854	0.681624014494	0.652158693674	0.643349025179	0.667395848188	0.683002339585	0.685453147979	0.647044541446	0.689824618406	0.68888760927	0.76476592233	0.674456342355	0.701330191092	0.67122962335	0.673450938825	0.671429485376	0.750434609606	0.694774663992	0.679908339406	0.680262178084	0.673343398254	0.650130088689	0.734411503746	0.688175364834	0.646922647151	0.633609248759	0.671717978205	0.636657203313	0.4974988729	0.0	0.644074081219	0.651084820025	0.645610269723	0.534459818637	0.491253502311	0.645157940304	0.6619113115	0.646612977456	0.671028085993	0.679297415158	0.633922532028	0.656653115938	0.660216516658	0.6724814421	0.664405841441	0.651871473214	0.654560152648	0.656615051455	0.636924541482	0.690145346025	0.642315654929	0.655909838859	0.663832513889	0.673972702539
AD6	0.673321529837	0.656634959821	0.760862363916	0.685166360275	0.690992191503	0.671071989677	0.626002430235	0.626618752667	0.680732241397	0.63833109878	0.689932638913	0.682104124469	0.700753873457	0.698943721723	0.682354301373	0.64552765966	0.716362355375	0.712274300377	0.792817207553	0.688230044516	0.720419435338	0.681179712712	0.690117714237	0.693674158043	0.760259732305	0.70234448821	0.689355015295	0.680521207435	0.673185564922	0.674524234885	0.765569227066	0.714670502978	0.681498247921	0.667245326765	0.670284417835	0.646459585735	0.626387745256	0.644074081219	0.0	0.498296243121	0.394325042511	0.661549520192	0.654716472983	0.670253314996	0.668863945127	0.67435954536	0.67663755884	0.661994890774	0.637203819105	0.638010621424	0.667247229099	0.681271638376	0.650163517684	0.641805073923	0.662369082185	0.661967977862	0.643909474704	0.684222226376	0.6516377807	0.637453324965	0.650799742032	0.663605594626
AE5	0.688027430536	0.660781874872	0.753186511606	0.697100666508	0.660604464013	0.664321829923	0.631405642122	0.627124141382	0.678710468114	0.650673221301	0.681525559964	0.658896849005	0.693552813051	0.686646416539	0.689258212257	0.662917310796	0.736070726632	0.705746276072	0.790318936825	0.688315484148	0.727320293272	0.697878707362	0.71234332011	0.709078387893	0.751931227504	0.706244081431	0.702763738894	0.709763993884	0.678582476536	0.680430544743	0.754452826647	0.704597257041	0.698557404807	0.684373563928	0.638814568889	0.627249165212	0.657525255966	0.651084820025	0.498296243121	0.0	0.399889074304	0.665860627053	0.663319387355	0.666097521119	0.667095812128	0.682788899745	0.679376487392	0.672398738675	0.652587637757	0.648982604977	0.670818404475	0.687998736876	0.651313323258	0.646588506337	0.657760435101	0.648260113744	0.661994137675	0.701587054343	0.662732267013	0.636625240071	0.64286036046	0.667798756228
AE6	0.678002593104	0.636710311585	0.770038794304	0.704283518619	0.662462328385	0.657983912405	0.609604465733	0.619112937549	0.683160827525	0.626677558068	0.683576573612	0.655679463515	0.705260325735	0.700836400438	0.679146155801	0.637240178923	0.720664584081	0.698523565476	0.795135526761	0.680872324751	0.721836244695	0.671719038743	0.702734052393	0.692661603731	0.762266046389	0.699696366525	0.698116292895	0.684486209488	0.684519299306	0.659719764795	0.754754993947	0.685387039713	0.681372379957	0.649233404145	0.656508263221	0.639768595127	0.655619938666	0.645610269723	0.394325042511	0.399889074304	0.0	0.670164292394	0.661372456269	0.664860380549	0.659332548739	0.670442391974	0.670361949987	0.648822366407	0.644662611627	0.627877753656	0.664662388408	0.666850870251	0.621239757002	0.640910124981	0.652984862484	0.640945451073	0.634142974194	0.687302125448	0.645286241071	0.629687651031	0.629095905288	0.627430846826
AF5	0.677101063202	0.667585997682	0.71430377477	0.637445835277	0.682058258092	0.663568783355	0.68044216234	0.676162732565	0.655242404584	0.687154188991	0.692593909173	0.667542032688	0.670468414879	0.676012259774	0.680532279618	0.657412706703	0.690190548366	0.685873724286	0.735973696956	0.682520362833	0.702902654064	0.685413484759	0.666694250884	0.683447528095	0.739609193163	0.679844603975	0.675778205657	0.697939229626	0.68182654974	0.665151137732	0.726220280959	0.686352610461	0.639836200166	0.676370727944	0.689496027428	0.660311461734	0.66275884293	0.534459818637	0.661549520192	0.665860627053	0.670164292394	0.0	0.434560907545	0.664784009615	0.693424958524	0.702892919317	0.706623366608	0.690393208869	0.643326149653	0.669128521055	0.688239701539	0.713852058746	0.68205291711	0.675699326131	0.684867523834	0.689650994119	0.668121282233	0.723495052303	0.675326878977	0.655776723476	0.655826350141	0.699503716844
AF6	0.682721069955	0.677673619778	0.730253210448	0.673388197052	0.675244470898	0.670455258445	0.672736867786	0.671859606512	0.673970570117	0.691795468292	0.686988665985	0.671328803663	0.685858568419	0.690384770358	0.691869702627	0.668166964265	0.703373471723	0.693147658532	0.738827131852	0.682216890213	0.718394929845	0.700458663238	0.679253756968	0.676506117946	0.734643989343	0.680403957391	0.696696759098	0.695784384965	0.670748811089	0.659637017996	0.752725131345	0.697281133341	0.648427227439	0.64862965936	0.689504514797	0.648310633198	0.614618450125	0.491253502311	0.654716472983	0.663319387355	0.661372456269	0.434560907545	0.0	0.650730320873	0.671424208499	0.673808433923	0.687641525647	0.676480862394	0.640455820338	0.652554914797	0.689285931449	0.695135097185	0.67698541767	0.668363514762	0.67506375929	0.683460348278	0.657775129226	0.70717098914	0.657982271226	0.64833393341	0.665124331535	0.683377472649
