	AA3	AA4	AB3	AB4	AC3	AC4	AD3	AD4	AE3	AE4	AF3	AF4	AG3	AG4	AH3	AH4	AA7	AA8	AB7	AB8	AC7	AC8	AD7	AD8	AE7	AE8	AF7	AF8	AG7	AG8	AH7	AH8	AA5	AA6	AB5	AB6	AC5	AC6	AD6	AE5	AE6	AF5	AF6	AG5	AH5	AH6	AA1	AA2	AB1	AB2	AC1	AC2	AD1	AD2	AE1	AE2	AF1	AF2	AG1	AG2	AH1	AH2
AA3	0.0	0.509468899164	0.69220627565	0.624954358875	0.666165027224	0.673350212284	0.685606897804	0.692808929289	0.650947523119	0.687027274836	0.646665607366	0.674861870463	0.658393716522	0.627091215188	0.690477309881	0.493337685609	0.679952301764	0.686886751296	0.767789127747	0.690216309566	0.700364300456	0.684390397568	0.671176793581	0.697077907194	0.727510137302	0.693615533154	0.670333324362	0.682248270068	0.683581694214	0.684081682397	0.734436872671	0.695641424018	0.639883171897	0.682240843775	0.669720876723	0.68193200953	0.639227410708	0.651600985148	0.67142160395	0.679076036939	0.678008576786	0.688139458325	0.653278319951	0.66661685447	0.70474644951	0.684810527993	0.65110269498	0.684097431136	0.637978686373	0.690184339461	0.671155800294	0.670785255335	0.638919619555	0.665698649697	0.666368407986	0.6674947868	0.665928061889	0.689321940986	0.662266217848	0.685953316727	0.635342734949	0.689131196324
AA4	0.509468899164	0.0	0.67927726393	0.63747317577	0.64143448397	0.650311864504	0.669499303259	0.655931036284	0.682066259449	0.654722387415	0.660973622445	0.643198348491	0.675981407055	0.643911390627	0.496541316083	0.388401070913	0.683031223873	0.687286219784	0.775910147162	0.682988778902	0.714466576436	0.673725546683	0.686616314429	0.71146715156	0.728968655118	0.69061431906	0.656271727501	0.664842290542	0.687158553283	0.671063080501	0.749499414593	0.688550849699	0.67111651155	0.676218070665	0.660604557177	0.651573200901	0.653600140779	0.627508144714	0.633156720441	0.651666029979	0.632514740963	0.671259789825	0.644906709045	0.643989030942	0.684764224565	0.66979806585	0.662025124951	0.637179648659	0.63901491897	0.651072802421	0.660500147189	0.660647632037	0.657552874207	0.651155010243	0.660290496882	0.649491616192	0.652162613523	0.664888500586	0.656649944048	0.650036455911	0.649338881671	0.648194045667
AB3	0.69220627565	0.67927726393	0.0	0.648903140477	0.679019912452	0.733628996472	0.734849187468	0.734841801936	0.701841008857	0.722636352733	0.710294806399	0.719478874488	0.706596851486	0.55865922919	0.65858602622	0.669147782122	0.717628518502	0.719408027236	0.724935962557	0.669219842878	0.703166299832	0.715545103683	0.699589188035	0.735079407588	0.698013775179	0.728572826824	0.703261721846	0.716702500415	0.675250980254	0.694166994393	0.727069167086	0.720451133399	0.703724566059	0.773708735041	0.694645799467	0.716698343804	0.716320700538	0.712179860328	0.737295174348	0.745069136608	0.760574050918	0.677203574762	0.698780203101	0.732812086745	0.772230343701	0.775157244648	0.762356393611	0.749195662048	0.706720680617	0.768223397842	0.734195454704	0.759807118488	0.731849750917	0.763072869334	0.737239232151	0.747079554277	0.739753173417	0.770494691821	0.746315746644	0.753083489891	0.722741584691	0.75391521172
AB4	0.624954358875	0.63747317577	0.648903140477	0.0	0.676889845429	0.686606434566	0.70271868355	0.68532785719	0.684766167321	0.69123606255	0.668242084699	0.677929635805	0.416558233879	0.426925140983	0.673975708919	0.641010910599	0.695940901118	0.692620999094	0.748869599867	0.674336374024	0.693324978516	0.683702279941	0.676522668836	0.689919725103	0.718068068423	0.691871609309	0.675071530976	0.683241752543	0.66556230583	0.660459958457	0.738760960562	0.701263314313	0.673174803804	0.705683911956	0.671438545094	0.68871317888	0.663336128446	0.666009590816	0.675142726214	0.676042825406	0.689085973184	0.65179981639	0.627415158254	0.687669884642	0.715441944053	0.713728854954	0.677046306145	0.697245151186	0.638231967103	0.68763479642	0.686994859146	0.69633813609	0.663828191046	0.688156359849	0.682257257554	0.670973180436	0.676300523783	0.70213891053	0.707310555668	0.696899447169	0.67036591112	0.706991340613
AC3	0.666165027224	0.64143448397	0.679019912452	0.676889845429	0.0	0.517697704861	0.664699941977	0.657017053427	0.662924298346	0.657014763658	0.681876016334	0.457394965947	0.692948143367	0.688359923786	0.661516463755	0.657784840101	0.674188408467	0.672688202634	0.756983909989	0.663743600194	0.698569497255	0.685272618829	0.700603049609	0.724908806873	0.707625998842	0.698447893316	0.707129369755	0.699765066286	0.699220279854	0.680645946426	0.730137000756	0.679251154559	0.66303761693	0.700257710317	0.675139931775	0.68098969863	0.680811023416	0.662820342195	0.683229600697	0.646199743732	0.651385441417	0.65333001647	0.642926542057	0.683417239271	0.719952866148	0.706604516081	0.715905062395	0.692356518795	0.688179380929	0.677294839185	0.682472811373	0.687952185593	0.683956759882	0.688628691074	0.6712793546	0.672442750374	0.690491878743	0.70482644172	0.686079755484	0.671495596796	0.678125539514	0.699434136176
AC4	0.673350212284	0.650311864504	0.733628996472	0.686606434566	0.517697704861	0.0	0.673295707856	0.665278462236	0.6808612166	0.669953087614	0.492520809388	0.423319645919	0.702010359959	0.698235500982	0.683342805803	0.657968369232	0.696608216828	0.695446927759	0.762064646947	0.674327336928	0.715374572064	0.689351228344	0.700901569292	0.718371159806	0.753682690558	0.714809271478	0.70869009946	0.696537405885	0.725137215159	0.677292979569	0.75784623568	0.692093724299	0.658958805054	0.676136369895	0.650654452652	0.650721798479	0.658685553267	0.660753734724	0.655341068621	0.642649419517	0.655354926495	0.683065402904	0.657967350277	0.669165407688	0.692205305662	0.680485399272	0.716920010492	0.70065120469	0.69759034819	0.692954845848	0.688318425747	0.68876480275	0.68635873404	0.710546746236	0.699339613566	0.696582532596	0.678809083705	0.689671749062	0.67863284897	0.681401154737	0.660061834413	0.696316316391
AD3	0.685606897804	0.669499303259	0.734849187468	0.70271868355	0.664699941977	0.673295707856	0.0	0.407811545193	0.693888184717	0.396706932458	0.705083942714	0.664683908592	0.710400702209	0.707120216726	0.705468933271	0.669572177776	0.701252552406	0.693509874638	0.772048072193	0.664446792954	0.711694466616	0.682854337275	0.711083580586	0.699454544213	0.72929715233	0.683957253964	0.698776566471	0.689323349315	0.706783347531	0.655513014254	0.720921891789	0.684304649464	0.689131199292	0.665400970238	0.681134765362	0.678284293842	0.682553472108	0.649874930298	0.642336413884	0.653139903035	0.63819456888	0.679591497005	0.676560810787	0.689969806331	0.694641899613	0.68915680885	0.694208672209	0.695259178884	0.681519034493	0.653460669068	0.686265502809	0.694484020874	0.672840595586	0.672663312033	0.688327112192	0.675368596009	0.667902929838	0.665805463044	0.690085307739	0.665182039016	0.696855634384	0.653416891744
AD4	0.692808929289	0.655931036284	0.734841801936	0.68532785719	0.657017053427	0.665278462236	0.407811545193	0.0	0.62553790996	0.396821323731	0.682777849304	0.637024468845	0.705868234161	0.699437556326	0.684811987962	0.660156514786	0.702100887792	0.688876684437	0.78757508914	0.65465720124	0.707058356252	0.672879998298	0.697377913583	0.674243566659	0.721344476003	0.666060312615	0.682743638407	0.671815173509	0.673661531587	0.659829167427	0.719286120039	0.681760734337	0.693961326148	0.672059047847	0.686960023501	0.677572948396	0.67687402624	0.674224883532	0.631003396626	0.639465295381	0.630461232905	0.701904172043	0.685102831495	0.677019713319	0.687140259026	0.68205059074	0.695605841038	0.671793417333	0.675619549675	0.661560116215	0.683983079357	0.696526842622	0.675260424893	0.66980451976	0.666620330274	0.661890606709	0.685303724483	0.689768687326	0.686870315153	0.656442365956	0.684757775629	0.639207862064
AE3	0.650947523119	0.682066259449	0.701841008857	0.684766167321	0.662924298346	0.6808612166	0.693888184717	0.62553790996	0.0	0.634232400959	0.657726802174	0.67623657159	0.692058595668	0.70167461874	0.665099228138	0.675841323031	0.663680121269	0.684113903603	0.775111247317	0.680619756584	0.722338143656	0.714638468241	0.668544924175	0.692110066427	0.746101831895	0.703952451811	0.681287996503	0.709066712119	0.670738524641	0.693161887514	0.728393580408	0.696899485505	0.634718534258	0.705549569497	0.699647056485	0.703656031562	0.674117238189	0.695106054351	0.672837770373	0.683073114495	0.698563600417	0.68303883363	0.677421635696	0.678092992893	0.729114725158	0.725010702819	0.699190100816	0.710019856579	0.692654171759	0.72006378963	0.697150729368	0.709384230328	0.688418539043	0.702441498426	0.666371039987	0.705355220254	0.705054339504	0.750034170799	0.698575504401	0.709286744539	0.658184273991	0.728767006617
AE4	0.687027274836	0.654722387415	0.722636352733	0.69123606255	0.657014763658	0.669953087614	0.396706932458	0.396821323731	0.634232400959	0.0	0.70054426322	0.650404894558	0.704370560092	0.698198172944	0.676584398124	0.660631433223	0.705622834614	0.678189888965	0.768524083022	0.631550804929	0.709212567182	0.671878961321	0.691531511555	0.684123586567	0.720461855163	0.669666237268	0.684542461949	0.675851406176	0.675634171418	0.653647137268	0.743351461427	0.667646596086	0.69310341497	0.661221413989	0.665857844771	0.647024210079	0.670094027884	0.65640957684	0.610055529026	0.63763406729	0.614420475705	0.682670071949	0.661219565974	0.658549246784	0.677465760951	0.677474258522	0.684800817798	0.678975971129	0.683144671915	0.660901515474	0.671095115275	0.695266219591	0.677275153352	0.669019348213	0.670784502923	0.658392453885	0.678353389735	0.672111856564	0.689237742309	0.650405166201	0.685066304584	0.677708497101
AF3	0.646665607366	0.660973622445	0.710294806399	0.668242084699	0.681876016334	0.492520809388	0.705083942714	0.682777849304	0.657726802174	0.70054426322	0.0	0.559011870097	0.680745199667	0.676668101728	0.671033268943	0.663810786739	0.675171142492	0.687673662491	0.761605314972	0.671698500379	0.683629134605	0.70759055124	0.673159678626	0.691164805861	0.761412812749	0.708509012213	0.694289004077	0.699114185532	0.689811697518	0.677197998395	0.717524094455	0.682804013175	0.634136226809	0.682417585806	0.661812736799	0.671980881675	0.646536346956	0.670549928638	0.687122807071	0.658516323616	0.692821578284	0.692674067373	0.665108318331	0.684830460925	0.700818346154	0.67833835321	0.710493924112	0.717717333593	0.686476801447	0.722484413283	0.707127984508	0.722610900507	0.687428061257	0.712187772867	0.692616259565	0.708446552568	0.682191298785	0.725521709681	0.687297213289	0.708580689481	0.645008775372	0.719763702555
AF4	0.674861870463	0.643198348491	0.719478874488	0.677929635805	0.457394965947	0.423319645919	0.664683908592	0.637024468845	0.67623657159	0.650404894558	0.559011870097	0.0	0.69302373698	0.690104743233	0.678264315147	0.656474015435	0.690997091903	0.688372045371	0.770472875073	0.659982860868	0.707204052246	0.681144980659	0.717308646076	0.711629341662	0.724778684163	0.696873227066	0.698939953375	0.693575345956	0.694915346137	0.671481247136	0.74560601289	0.691110000465	0.676325849553	0.671149664672	0.682152002878	0.66870630545	0.684518361212	0.66221315705	0.671125839732	0.654600457561	0.654098160355	0.670375451842	0.668204650625	0.667796024397	0.692905149092	0.675265794914	0.713753439278	0.688260323619	0.690390191463	0.674912314614	0.669746877046	0.683136997224	0.68529096109	0.691660738078	0.676122138814	0.672998750939	0.689858981066	0.684528397383	0.690819317218	0.656502337818	0.674319261456	0.695184790681
AG3	0.658393716522	0.675981407055	0.706596851486	0.416558233879	0.692948143367	0.702010359959	0.710400702209	0.705868234161	0.692058595668	0.704370560092	0.680745199667	0.69302373698	0.0	0.497274150628	0.684840476145	0.668533375511	0.686121874686	0.687454372196	0.777121198316	0.702925428233	0.687196636953	0.694880364026	0.677729448056	0.697073553235	0.733863704796	0.700359940436	0.688864146878	0.700082819842	0.686295340604	0.696645202847	0.74119157119	0.703331817812	0.685312055527	0.70198399751	0.688774566601	0.701825742871	0.693229749168	0.685994346202	0.705532163918	0.698092525192	0.706092698948	0.677476051089	0.650159677793	0.68449345463	0.726818716332	0.717402640043	0.690037884479	0.705162352129	0.655086825272	0.705554570234	0.705970849302	0.716273789084	0.686621689695	0.700139524868	0.701605288917	0.684838066214	0.702077044435	0.727087213177	0.708580807701	0.701418837844	0.69441753694	0.730179362853
AG4	0.627091215188	0.643911390627	0.55865922919	0.426925140983	0.688359923786	0.698235500982	0.707120216726	0.699437556326	0.70167461874	0.698198172944	0.676668101728	0.690104743233	0.497274150628	0.0	0.665427338991	0.635203220165	0.709239883469	0.70968437874	0.740047189338	0.679276200709	0.695916774973	0.687677592245	0.671902459859	0.704240152761	0.701967441682	0.69484284175	0.68970991217	0.686189010505	0.657654112898	0.67651129973	0.743344855995	0.714751825188	0.682508247923	0.718967202517	0.679630703853	0.699055698007	0.674169171476	0.673139170878	0.695790531494	0.691208085053	0.703511272469	0.68175157472	0.647117824519	0.699664969172	0.732098923266	0.723746105371	0.703325067276	0.711870246596	0.647151723858	0.701698259064	0.697955939742	0.71210075485	0.669844986409	0.709446665979	0.697709899986	0.689627530402	0.693614171357	0.719454480867	0.71781752888	0.712662197514	0.679637018786	0.712676514842
AH3	0.690477309881	0.496541316083	0.65858602622	0.673975708919	0.661516463755	0.683342805803	0.705468933271	0.684811987962	0.665099228138	0.676584398124	0.671033268943	0.678264315147	0.684840476145	0.665427338991	0.0	0.552056754235	0.683281582156	0.705293427759	0.769580688633	0.686054481943	0.720548052394	0.708978574911	0.678808569231	0.712461864549	0.733024366538	0.695322519464	0.687261958881	0.697055251534	0.693979484001	0.693136844625	0.744900639255	0.693594320818	0.665004226216	0.720009456021	0.687647077699	0.685526386803	0.673012872292	0.674337268543	0.670338180999	0.68662449349	0.682931096507	0.67957102008	0.66634739616	0.662554884994	0.722689129054	0.723903981429	0.700566297856	0.687491460838	0.699643968186	0.705728771387	0.696777822861	0.718572682182	0.712719655089	0.695918368256	0.688619818049	0.69786297218	0.705559053914	0.730446440975	0.697635377024	0.698509407447	0.689378503251	0.705172099449
AH4	0.493337685609	0.388401070913	0.669147782122	0.641010910599	0.657784840101	0.657968369232	0.669572177776	0.660156514786	0.675841323031	0.660631433223	0.663810786739	0.656474015435	0.668533375511	0.635203220165	0.552056754235	0.0	0.697486578936	0.679731136654	0.774434532363	0.675520946316	0.711089711038	0.662548503392	0.667240386192	0.689192883563	0.731811832716	0.667657866284	0.643170984524	0.6524323941	0.670754412429	0.677654281147	0.733650911905	0.67757920911	0.659607749754	0.680578394248	0.670105324043	0.652025348416	0.650303811591	0.637115504581	0.628818608718	0.67417920299	0.639524075875	0.679154761117	0.6596274037	0.648264568112	0.688327010423	0.680316460744	0.672845314466	0.647043562343	0.645045212409	0.661286821399	0.645565753441	0.654839049522	0.655882221056	0.652613648898	0.652733856278	0.653001307376	0.655987107965	0.669987766889	0.653474795909	0.644692795594	0.638158798689	0.658561562618
AA7	0.679952301764	0.683031223873	0.717628518502	0.695940901118	0.674188408467	0.696608216828	0.701252552406	0.702100887792	0.663680121269	0.705622834614	0.675171142492	0.690997091903	0.686121874686	0.709239883469	0.683281582156	0.697486578936	0.0	0.516011683079	0.773381307559	0.679455953586	0.653480723565	0.676923934227	0.662123135582	0.69895843927	0.700288653588	0.690229318828	0.649728002696	0.676491374206	0.680012506138	0.660935908474	0.716271601814	0.527145629475	0.63112659172	0.718241999716	0.709644849728	0.733629509353	0.674589761075	0.6835866163	0.699223487197	0.73184039129	0.728719579148	0.693230244766	0.696964720739	0.713804023856	0.746300204082	0.735007884102	0.736675442531	0.719243319436	0.70897253568	0.731834939168	0.712308186071	0.730489286963	0.70712277577	0.713311322526	0.695117326824	0.715843078594	0.719661645142	0.74299437372	0.729152267335	0.731237836256	0.683136547371	0.736811428297
AA8	0.686886751296	0.687286219784	0.719408027236	0.692620999094	0.672688202634	0.695446927759	0.693509874638	0.688876684437	0.684113903603	0.678189888965	0.687673662491	0.688372045371	0.687454372196	0.70968437874	0.705293427759	0.679731136654	0.516011683079	0.0	0.770456516207	0.632696093274	0.636829330419	0.647651644712	0.665109661265	0.674626368484	0.691621738697	0.678695668974	0.666755090592	0.645943084957	0.646793332812	0.638227370883	0.550062357852	0.381084668257	0.662752172596	0.714826964772	0.712302752345	0.723687845252	0.686742512968	0.69784794287	0.709364885499	0.710244705283	0.693580054486	0.696687420613	0.69703368054	0.703626627803	0.727502537513	0.718776850497	0.72233801034	0.716145162158	0.700699077223	0.717797884241	0.714924425712	0.737943026599	0.687313350241	0.695405793945	0.687818212131	0.691680390206	0.728574924693	0.732149029673	0.735094652644	0.71934008628	0.69677412638	0.717419870256
AB7	0.767789127747	0.775910147162	0.724935962557	0.748869599867	0.756983909989	0.762064646947	0.772048072193	0.78757508914	0.775111247317	0.768524083022	0.761605314972	0.770472875073	0.777121198316	0.740047189338	0.769580688633	0.774434532363	0.773381307559	0.770456516207	0.0	0.578041390454	0.751810308835	0.765374544772	0.772669173382	0.794486121887	0.752021956707	0.785187878775	0.779036930967	0.771375602356	0.754468279565	0.637146194115	0.762957522859	0.770711226914	0.775540061894	0.808631923245	0.767620529634	0.800149719876	0.767674967373	0.769078652925	0.796138820164	0.787966008772	0.793697286489	0.728927202492	0.739951346215	0.793608563239	0.795519583035	0.810111840946	0.820462395532	0.813836950136	0.781682384292	0.804954290247	0.81112330128	0.815071846669	0.793400884485	0.807835454372	0.783676125546	0.793831593445	0.796248961246	0.813478723171	0.808479624951	0.803343849104	0.780950488916	0.803655403594
AB8	0.690216309566	0.682988778902	0.669219842878	0.674336374024	0.663743600194	0.674327336928	0.664446792954	0.65465720124	0.680619756584	0.631550804929	0.671698500379	0.659982860868	0.702925428233	0.679276200709	0.686054481943	0.675520946316	0.679455953586	0.632696093274	0.578041390454	0.0	0.660158779574	0.642581890871	0.662955750695	0.674336045942	0.686827833441	0.65167394467	0.656469701073	0.646127722775	0.508587413704	0.420224552246	0.681958246573	0.626186395406	0.679315634426	0.700554585277	0.687205743858	0.681787312872	0.67576288332	0.672872455097	0.67935593355	0.688809324285	0.670624436882	0.667074414502	0.658073077904	0.693697128237	0.693313500091	0.693979679128	0.743240244359	0.716879600207	0.694984751564	0.712055861747	0.690141075342	0.728721285701	0.676374818745	0.691262859946	0.692434470984	0.686059959145	0.713509423491	0.733067439802	0.703834461449	0.697905211079	0.683013795801	0.708357330854
AC7	0.700364300456	0.714466576436	0.703166299832	0.693324978516	0.698569497255	0.715374572064	0.711694466616	0.707058356252	0.722338143656	0.709212567182	0.683629134605	0.707204052246	0.687196636953	0.695916774973	0.720548052394	0.711089711038	0.653480723565	0.636829330419	0.751810308835	0.660158779574	0.0	0.506330004858	0.67248447734	0.688685222201	0.688208437662	0.683361158451	0.689354938853	0.59490269577	0.647260948315	0.647714415563	0.662237263209	0.661481612308	0.706620428136	0.710434101063	0.724340387314	0.744447762373	0.707659244368	0.706643490976	0.721274803428	0.725019225935	0.726981232162	0.720010946229	0.720750271558	0.717427169782	0.698196571384	0.694740067567	0.751239725742	0.748771871165	0.706986211446	0.747149157968	0.743569097558	0.760500869474	0.700343250538	0.686716749477	0.697570654102	0.697021071372	0.745341553182	0.745235972178	0.754996116959	0.736645795017	0.702266922987	0.743102272819
AC8	0.684390397568	0.673725546683	0.715545103683	0.683702279941	0.685272618829	0.689351228344	0.682854337275	0.672879998298	0.714638468241	0.671878961321	0.70759055124	0.681144980659	0.694880364026	0.687677592245	0.708978574911	0.662548503392	0.676923934227	0.647651644712	0.765374544772	0.642581890871	0.506330004858	0.0	0.668972910009	0.679950628595	0.703433774048	0.658399374682	0.483174126443	0.391134419509	0.642775969796	0.629810539259	0.713372394167	0.636645603485	0.694703138612	0.674210972197	0.701833331457	0.707455987344	0.690582850122	0.669171562452	0.677201639008	0.698993672124	0.681916801766	0.702690506886	0.682417793775	0.692786798671	0.678287252885	0.660980956102	0.718530618585	0.68816461458	0.670684008231	0.689577034669	0.689703874841	0.698583596764	0.660139405882	0.662939785751	0.66486699573	0.651494689536	0.70876788473	0.692610773227	0.710501361476	0.691406897514	0.670797154939	0.680554659627
AD7	0.671176793581	0.686616314429	0.699589188035	0.676522668836	0.700603049609	0.700901569292	0.711083580586	0.697377913583	0.668544924175	0.691531511555	0.673159678626	0.717308646076	0.677729448056	0.671902459859	0.678808569231	0.667240386192	0.662123135582	0.665109661265	0.772669173382	0.662955750695	0.67248447734	0.668972910009	0.0	0.458325986429	0.683512863146	0.487097424027	0.650874605111	0.670865862314	0.652946616228	0.670680534411	0.688340609425	0.660324669581	0.632963840309	0.704106798251	0.702923850488	0.705790411203	0.672931554807	0.672705776125	0.694360483475	0.708042382207	0.705262698235	0.691179245746	0.646052918824	0.69192351978	0.703423602675	0.691685344594	0.706464181045	0.692558807723	0.683003026222	0.715702647485	0.693936023415	0.721300502559	0.681629805902	0.672632799155	0.650264377425	0.68224503669	0.691949638957	0.724819065224	0.691155294442	0.699082925055	0.662213168572	0.714015291148
AD8	0.697077907194	0.71146715156	0.735079407588	0.689919725103	0.724908806873	0.718371159806	0.699454544213	0.674243566659	0.692110066427	0.684123586567	0.691164805861	0.711629341662	0.697073553235	0.704240152761	0.712461864549	0.689192883563	0.69895843927	0.674626368484	0.794486121887	0.674336045942	0.688685222201	0.679950628595	0.458325986429	0.0	0.626587112699	0.409866556054	0.647704037871	0.673452437266	0.662807442557	0.671707378543	0.707679139089	0.67440818636	0.674724910334	0.702335254709	0.724685539116	0.711726896239	0.693686673782	0.685760234919	0.706027323781	0.709679842619	0.709872001089	0.708696932339	0.671355574317	0.703590828738	0.712816817781	0.684183621708	0.715235811382	0.714654867327	0.702660822162	0.724763606396	0.705753322658	0.727245770627	0.690641540184	0.670769993193	0.662448093107	0.678212344222	0.703009200814	0.72767922026	0.710204158301	0.708058145473	0.684128061043	0.723210220758
AE7	0.727510137302	0.728968655118	0.698013775179	0.718068068423	0.707625998842	0.753682690558	0.72929715233	0.721344476003	0.746101831895	0.720461855163	0.761412812749	0.724778684163	0.733863704796	0.701967441682	0.733024366538	0.731811832716	0.700288653588	0.691621738697	0.752021956707	0.686827833441	0.688208437662	0.703433774048	0.683512863146	0.626587112699	0.0	0.502435327634	0.705538450564	0.708439527557	0.685444475345	0.703030587319	0.731872348003	0.695684047948	0.728535759767	0.761101619027	0.735068407091	0.7587544604	0.728697068496	0.745952013224	0.756270421912	0.765935656611	0.751009527243	0.748275399115	0.729295456573	0.746716215997	0.750999707092	0.761663302354	0.764185998395	0.767077451636	0.729310132197	0.763415676401	0.762101326426	0.781131155852	0.741241835429	0.745100371456	0.737738898416	0.752134148566	0.775763486145	0.793841479725	0.780879040733	0.765428167341	0.749180436247	0.770274826687
AE8	0.693615533154	0.69061431906	0.728572826824	0.691871609309	0.698447893316	0.714809271478	0.683957253964	0.666060312615	0.703952451811	0.669666237268	0.708509012213	0.696873227066	0.700359940436	0.69484284175	0.695322519464	0.667657866284	0.690229318828	0.678695668974	0.785187878775	0.65167394467	0.683361158451	0.658399374682	0.487097424027	0.409866556054	0.502435327634	0.0	0.643336091918	0.660970773184	0.653501005137	0.664914412864	0.715095080773	0.660148031598	0.687438115399	0.69997425636	0.707220643366	0.713447468109	0.70310359091	0.68877559901	0.699203732735	0.716690527363	0.698334942962	0.705432669607	0.673349735409	0.696180164283	0.705266250652	0.688963974068	0.716399129726	0.698428795899	0.694293143436	0.715821459172	0.703194604099	0.719188220664	0.680301039764	0.667273922141	0.662718402168	0.68064111425	0.712418752956	0.728008021317	0.713077310265	0.705353234897	0.686778038545	0.709919247136
AF7	0.670333324362	0.656271727501	0.703261721846	0.675071530976	0.707129369755	0.70869009946	0.698776566471	0.682743638407	0.681287996503	0.684542461949	0.694289004077	0.698939953375	0.688864146878	0.68970991217	0.687261958881	0.643170984524	0.649728002696	0.666755090592	0.779036930967	0.656469701073	0.689354938853	0.483174126443	0.650874605111	0.647704037871	0.705538450564	0.643336091918	0.0	0.450967729897	0.638991544026	0.639980158672	0.722673994323	0.652221423999	0.660132396297	0.709189815735	0.693726261824	0.685357892619	0.680310420194	0.671581950715	0.663584258673	0.695571466662	0.688118774949	0.690070575639	0.675174388969	0.675859222146	0.72682257642	0.707945622011	0.706711866286	0.684414423434	0.676484867607	0.702902014366	0.682285848309	0.70209103273	0.678197630443	0.671867411542	0.656594196527	0.662857977158	0.682483631481	0.711712777807	0.687420349518	0.696981873269	0.663303154607	0.691545593738
AF8	0.682248270068	0.664842290542	0.716702500415	0.683241752543	0.699765066286	0.696537405885	0.689323349315	0.671815173509	0.709066712119	0.675851406176	0.699114185532	0.693575345956	0.700082819842	0.686189010505	0.697055251534	0.6524323941	0.676491374206	0.645943084957	0.771375602356	0.646127722775	0.59490269577	0.391134419509	0.670865862314	0.673452437266	0.708439527557	0.660970773184	0.450967729897	0.0	0.643516459307	0.622145135266	0.700399934264	0.628169664123	0.696137951717	0.70184700967	0.684993048321	0.700785388342	0.675827980448	0.670256667375	0.662868304734	0.706030204334	0.686357260331	0.70530074719	0.68862381957	0.687363073123	0.705962463509	0.69415643101	0.715895790239	0.688433802063	0.664648249639	0.699131802506	0.702944692969	0.694306119457	0.666055429539	0.665810972164	0.676142908401	0.665579807482	0.694922737171	0.703397754618	0.702832795283	0.709514159953	0.667262672622	0.679886949426
AG7	0.683581694214	0.687158553283	0.675250980254	0.66556230583	0.699220279854	0.725137215159	0.706783347531	0.673661531587	0.670738524641	0.675634171418	0.689811697518	0.694915346137	0.686295340604	0.657654112898	0.693979484001	0.670754412429	0.680012506138	0.646793332812	0.754468279565	0.508587413704	0.647260948315	0.642775969796	0.652946616228	0.662807442557	0.685444475345	0.653501005137	0.638991544026	0.643516459307	0.0	0.48969299897	0.671700371485	0.650467256629	0.670339797761	0.698243944449	0.703556508485	0.6931645532	0.664988058163	0.673622920917	0.681067306442	0.695041634806	0.683984221618	0.699852011351	0.680121561128	0.680104797106	0.702131534081	0.689451392298	0.725621444696	0.699790152863	0.68604074478	0.720790884397	0.679849795061	0.724855602867	0.657430002169	0.687793629383	0.679462585715	0.677611012258	0.696828540818	0.727796327957	0.701461539642	0.701178410296	0.665380095865	0.702843082045
AG8	0.684081682397	0.671063080501	0.694166994393	0.660459958457	0.680645946426	0.677292979569	0.655513014254	0.659829167427	0.693161887514	0.653647137268	0.677197998395	0.671481247136	0.696645202847	0.67651129973	0.693136844625	0.677654281147	0.660935908474	0.638227370883	0.637146194115	0.420224552246	0.647714415563	0.629810539259	0.670680534411	0.671707378543	0.703030587319	0.664914412864	0.639980158672	0.622145135266	0.48969299897	0.0	0.700492939122	0.625447820885	0.663803603261	0.679759163706	0.690441901779	0.684505925395	0.655288489851	0.640857164256	0.668361625804	0.684019270435	0.665563062139	0.646110601888	0.657871945515	0.665860952897	0.687001356598	0.683170788661	0.713465694169	0.702049735052	0.678621206202	0.689001009575	0.687475515078	0.716457264152	0.661409489025	0.677685857278	0.680096524484	0.674940840501	0.671054176577	0.698492547487	0.692303275222	0.686926519907	0.675875355898	0.694000691332
AH7	0.734436872671	0.749499414593	0.727069167086	0.738760960562	0.730137000756	0.75784623568	0.720921891789	0.719286120039	0.728393580408	0.743351461427	0.717524094455	0.74560601289	0.74119157119	0.743344855995	0.744900639255	0.733650911905	0.716271601814	0.550062357852	0.762957522859	0.681958246573	0.662237263209	0.713372394167	0.688340609425	0.707679139089	0.731872348003	0.715095080773	0.722673994323	0.700399934264	0.671700371485	0.700492939122	0.0	0.523798348751	0.712891782905	0.769113589924	0.762605385367	0.769111479947	0.743757365666	0.742641742559	0.766056067458	0.74632276527	0.760088074827	0.741445312975	0.753358669678	0.760177593948	0.769131626917	0.76964460156	0.771231045003	0.762937138176	0.761147617222	0.769742650561	0.77299707762	0.795822229915	0.739779125389	0.733689494463	0.733123181832	0.736643125778	0.775525536564	0.793243440259	0.772070112625	0.76906545707	0.752560396977	0.728961851888
AH8	0.695641424018	0.688550849699	0.720451133399	0.701263314313	0.679251154559	0.692093724299	0.684304649464	0.681760734337	0.696899485505	0.667646596086	0.682804013175	0.691110000465	0.703331817812	0.714751825188	0.693594320818	0.67757920911	0.527145629475	0.381084668257	0.770711226914	0.626186395406	0.661481612308	0.636645603485	0.660324669581	0.67440818636	0.695684047948	0.660148031598	0.652221423999	0.628169664123	0.650467256629	0.625447820885	0.523798348751	0.0	0.66014951827	0.706233184974	0.705818136191	0.71677077524	0.681906217804	0.67248314045	0.702802593048	0.710307405978	0.693950494051	0.684684588877	0.699857113431	0.702679167984	0.713949966297	0.712451873839	0.720482374002	0.709424674466	0.710941644517	0.707277131117	0.699729912784	0.72836389813	0.687812841492	0.686796323342	0.677765882804	0.684940693172	0.723479362962	0.717803287118	0.723611831053	0.712409625696	0.689286605063	0.700439221552
AA5	0.639883171897	0.67111651155	0.703724566059	0.673174803804	0.66303761693	0.658958805054	0.689131199292	0.693961326148	0.634718534258	0.69310341497	0.634136226809	0.676325849553	0.685312055527	0.682508247923	0.665004226216	0.659607749754	0.63112659172	0.662752172596	0.775540061894	0.679315634426	0.706620428136	0.694703138612	0.632963840309	0.674724910334	0.728535759767	0.687438115399	0.660132396297	0.696137951717	0.670339797761	0.663803603261	0.712891782905	0.66014951827	0.0	0.570493959288	0.676853335964	0.683808565357	0.625378989335	0.618292096186	0.672231124052	0.682877980079	0.684115640226	0.640775567209	0.631283889348	0.670294924264	0.712895299443	0.649296311844	0.681601544085	0.68857968275	0.682034850011	0.691032007264	0.691999476228	0.698236270614	0.668854543276	0.700962531879	0.667228649598	0.69417281736	0.633826484634	0.709887148747	0.651233907038	0.685720170198	0.62941637369	0.711407154789
AA6	0.682240843775	0.676218070665	0.773708735041	0.705683911956	0.700257710317	0.676136369895	0.665400970238	0.672059047847	0.705549569497	0.661221413989	0.682417585806	0.671149664672	0.70198399751	0.718967202517	0.720009456021	0.680578394248	0.718241999716	0.714826964772	0.808631923245	0.700554585277	0.710434101063	0.674210972197	0.704106798251	0.702335254709	0.761101619027	0.69997425636	0.709189815735	0.70184700967	0.698243944449	0.679759163706	0.769113589924	0.706233184974	0.570493959288	0.0	0.683376064449	0.678732972025	0.64581011185	0.633429824637	0.668571762003	0.676254435754	0.662150680444	0.684474794408	0.648238067986	0.677073791815	0.486693711332	0.449238779672	0.684050669811	0.685332231318	0.675815816314	0.677840019654	0.675797091974	0.67749724992	0.664663852371	0.689978648132	0.689760341085	0.68515809782	0.670723872444	0.656128043228	0.694082288561	0.678554177989	0.647567438795	0.688679333669
AB5	0.669720876723	0.660604557177	0.694645799467	0.671438545094	0.675139931775	0.650654452652	0.681134765362	0.686960023501	0.699647056485	0.665857844771	0.661812736799	0.682152002878	0.688774566601	0.679630703853	0.687647077699	0.670105324043	0.709644849728	0.712302752345	0.767620529634	0.687205743858	0.724340387314	0.701833331457	0.702923850488	0.724685539116	0.735068407091	0.707220643366	0.693726261824	0.684993048321	0.703556508485	0.690441901779	0.762605385367	0.705818136191	0.676853335964	0.683376064449	0.0	0.42285208472	0.643174981313	0.664176477413	0.651260120758	0.632593935386	0.639119213358	0.683097273523	0.663128299673	0.661342136244	0.699756732847	0.688907823411	0.666897061973	0.698142754667	0.662341497336	0.704044640465	0.686064117203	0.677257611358	0.652439719142	0.700980391612	0.69783813436	0.685598467076	0.689323405933	0.697479493086	0.69856194011	0.702759114751	0.632978543655	0.700300541794
AB6	0.68193200953	0.651573200901	0.716698343804	0.68871317888	0.68098969863	0.650721798479	0.678284293842	0.677572948396	0.703656031562	0.647024210079	0.671980881675	0.66870630545	0.701825742871	0.699055698007	0.685526386803	0.652025348416	0.733629509353	0.723687845252	0.800149719876	0.681787312872	0.744447762373	0.707455987344	0.705790411203	0.711726896239	0.7587544604	0.713447468109	0.685357892619	0.700785388342	0.6931645532	0.684505925395	0.769111479947	0.71677077524	0.683808565357	0.678732972025	0.42285208472	0.0	0.652215186095	0.647601415351	0.64692205172	0.630191011692	0.626284288201	0.684520158343	0.654101547023	0.574519802787	0.685141617276	0.657369598892	0.675696862885	0.688264257926	0.666230465517	0.697325972528	0.668053033681	0.677519673776	0.675358733956	0.691054277904	0.684831913608	0.671452615055	0.669122803774	0.696535066057	0.670532827332	0.691500137318	0.647372005693	0.695566520781
AC5	0.639227410708	0.653600140779	0.716320700538	0.663336128446	0.680811023416	0.658685553267	0.682553472108	0.67687402624	0.674117238189	0.670094027884	0.646536346956	0.684518361212	0.693229749168	0.674169171476	0.673012872292	0.650303811591	0.674589761075	0.686742512968	0.767674967373	0.67576288332	0.707659244368	0.690582850122	0.672931554807	0.693686673782	0.728697068496	0.70310359091	0.680310420194	0.675827980448	0.664988058163	0.655288489851	0.743757365666	0.681906217804	0.625378989335	0.64581011185	0.643174981313	0.652215186095	0.0	0.485320584701	0.627728093406	0.655170199244	0.655191864839	0.68247827241	0.609644040294	0.654219809643	0.665124739021	0.638506100058	0.643747824918	0.682105205826	0.614329674116	0.683214130454	0.659737297666	0.653143088275	0.641162449982	0.663434388304	0.633361915924	0.654482379756	0.636376881742	0.679155467611	0.655694342876	0.682541798241	0.627552229542	0.683339263412
AC6	0.651600985148	0.627508144714	0.712179860328	0.666009590816	0.662820342195	0.660753734724	0.649874930298	0.674224883532	0.695106054351	0.65640957684	0.670549928638	0.66221315705	0.685994346202	0.673139170878	0.674337268543	0.637115504581	0.6835866163	0.69784794287	0.769078652925	0.672872455097	0.706643490976	0.669171562452	0.672705776125	0.685760234919	0.745952013224	0.68877559901	0.671581950715	0.670256667375	0.673622920917	0.640857164256	0.742641742559	0.67248314045	0.618292096186	0.633429824637	0.664176477413	0.647601415351	0.485320584701	0.0	0.620865069545	0.652769191526	0.632810776659	0.515446976887	0.489034971388	0.624558461785	0.667078562213	0.643029508141	0.649795858215	0.672845079234	0.620601759042	0.635028807254	0.658621253798	0.665529145641	0.653027837247	0.662773920352	0.652712252165	0.651266493567	0.614082944506	0.660421258821	0.641101872058	0.647184410172	0.642383515892	0.656851415297
AD6	0.67142160395	0.633156720441	0.737295174348	0.675142726214	0.683229600697	0.655341068621	0.642336413884	0.631003396626	0.672837770373	0.610055529026	0.687122807071	0.671125839732	0.705532163918	0.695790531494	0.670338180999	0.628818608718	0.699223487197	0.709364885499	0.796138820164	0.67935593355	0.721274803428	0.677201639008	0.694360483475	0.706027323781	0.756270421912	0.699203732735	0.663584258673	0.662868304734	0.681067306442	0.668361625804	0.766056067458	0.702802593048	0.672231124052	0.668571762003	0.651260120758	0.64692205172	0.627728093406	0.620865069545	0.0	0.552984092516	0.442109994969	0.668631806015	0.645681327116	0.653668386635	0.678103428106	0.67486686019	0.67082458544	0.650274427757	0.632223178101	0.642882434025	0.66088333028	0.67713964513	0.650955710564	0.64989824536	0.661836191541	0.653972934864	0.639577292706	0.684524537579	0.662482293768	0.638166257345	0.633339018672	0.662075409898
AE5	0.679076036939	0.651666029979	0.745069136608	0.676042825406	0.646199743732	0.642649419517	0.653139903035	0.639465295381	0.683073114495	0.63763406729	0.658516323616	0.654600457561	0.698092525192	0.691208085053	0.68662449349	0.67417920299	0.73184039129	0.710244705283	0.787966008772	0.688809324285	0.725019225935	0.698993672124	0.708042382207	0.709679842619	0.765935656611	0.716690527363	0.695571466662	0.706030204334	0.695041634806	0.684019270435	0.74632276527	0.710307405978	0.682877980079	0.676254435754	0.632593935386	0.630191011692	0.655170199244	0.652769191526	0.552984092516	0.0	0.406229330195	0.677640842429	0.649368205941	0.672336603729	0.684905696026	0.681608585411	0.670416883012	0.66712343878	0.657135646136	0.646810755101	0.670592214353	0.68815400562	0.634457337881	0.647781913336	0.654174451344	0.632684695031	0.650969079138	0.695664090516	0.660077857801	0.64810727434	0.641258349175	0.667104850519
AE6	0.678008576786	0.632514740963	0.760574050918	0.689085973184	0.651385441417	0.655354926495	0.63819456888	0.630461232905	0.698563600417	0.614420475705	0.692821578284	0.654098160355	0.706092698948	0.703511272469	0.682931096507	0.639524075875	0.728719579148	0.693580054486	0.793697286489	0.670624436882	0.726981232162	0.681916801766	0.705262698235	0.709872001089	0.751009527243	0.698334942962	0.688118774949	0.686357260331	0.683984221618	0.665563062139	0.760088074827	0.693950494051	0.684115640226	0.662150680444	0.639119213358	0.626284288201	0.655191864839	0.632810776659	0.442109994969	0.406229330195	0.0	0.669740799983	0.637837546769	0.656742936324	0.680678542889	0.667124346491	0.679329450809	0.638163614816	0.651778075352	0.631322010544	0.664872371461	0.685618805429	0.633139164791	0.637324121785	0.66314897947	0.634763832691	0.641097940141	0.679125674165	0.652982978142	0.633162215707	0.636817348357	0.634250608611
AF5	0.688139458325	0.671259789825	0.677203574762	0.65179981639	0.65333001647	0.683065402904	0.679591497005	0.701904172043	0.68303883363	0.682670071949	0.692674067373	0.670375451842	0.677476051089	0.68175157472	0.67957102008	0.679154761117	0.693230244766	0.696687420613	0.728927202492	0.667074414502	0.720010946229	0.702690506886	0.691179245746	0.708696932339	0.748275399115	0.705432669607	0.690070575639	0.70530074719	0.699852011351	0.646110601888	0.741445312975	0.684684588877	0.640775567209	0.684474794408	0.683097273523	0.684520158343	0.68247827241	0.515446976887	0.668631806015	0.677640842429	0.669740799983	0.0	0.447304349872	0.657425820736	0.714986405491	0.70883827909	0.701416705246	0.713222567855	0.674147579147	0.666652602517	0.697164226667	0.720561486273	0.694314787045	0.700514632286	0.706035512428	0.703661104331	0.651500834215	0.715322916231	0.676470786454	0.663640517008	0.668333648341	0.715031897413
AF6	0.653278319951	0.644906709045	0.698780203101	0.627415158254	0.642926542057	0.657967350277	0.676560810787	0.685102831495	0.677421635696	0.661219565974	0.665108318331	0.668204650625	0.650159677793	0.647117824519	0.66634739616	0.6596274037	0.696964720739	0.69703368054	0.739951346215	0.658073077904	0.720750271558	0.682417793775	0.646052918824	0.671355574317	0.729295456573	0.673349735409	0.675174388969	0.68862381957	0.680121561128	0.657871945515	0.753358669678	0.699857113431	0.631283889348	0.648238067986	0.663128299673	0.654101547023	0.609644040294	0.489034971388	0.645681327116	0.649368205941	0.637837546769	0.447304349872	0.0	0.634435403794	0.675418631613	0.661749353877	0.668086878741	0.680674891065	0.633913944833	0.653366700711	0.668946968318	0.681959331864	0.665969385766	0.679497529033	0.668409965166	0.673394630786	0.63211493583	0.693738742519	0.649771064964	0.648713469817	0.642534552159	0.685645914806
