	AA3	AA4	AB3	AB4	AC3	AC4	AD3	AD4	AE3	AE4	AF3	AF4	AG3	AG4	AH3	AH4	AA7	AA8	AB7	AB8	AC7	AC8	AD7	AD8	AE7	AE8	AF7	AF8	AG7	AG8	AH7	AH8	AA5	AA6	AB5	AB6	AC5	AC6	AD6	AE5	AE6	AF5	AF6	AG5	AH5	AH6	AA1	AA2	AB1	AB2	AC1	AC2	AD1	AD2	AE1	AE2	AF1	AF2	AG1	AG2	AH1	AH2
AA3	0.0	0.516953595995	0.694880486567	0.653923256181	0.678686248986	0.690442642019	0.708707287877	0.681033602953	0.66289910263	0.695124714389	0.654206410623	0.69329519103	0.656564899039	0.637210737175	0.685077292967	0.511628235496	0.692645148467	0.703230737689	0.751660775382	0.690101273902	0.712087420192	0.696244983882	0.683299879722	0.713012718171	0.719332832668	0.697197020881	0.66906654678	0.688726783588	0.705285056728	0.675353686812	0.743505751403	0.701658867966	0.652004856541	0.693947843184	0.678181747564	0.687051268884	0.657058284441	0.666914065879	0.683037492935	0.693106677171	0.701576812142	0.679387265753	0.679432499991	0.669124693139	0.719987065726	0.684988863952	0.670736674843	0.710166672486	0.653279930199	0.698670546237	0.676970488239	0.682191909566	0.647873841757	0.667885566359	0.671770954068	0.67415684142	0.665974389176	0.708325799731	0.663939692911	0.698939196684	0.641545822338	0.703092281405
AA4	0.516953595995	0.0	0.700600540231	0.629607255582	0.662151068823	0.635521761219	0.652840255113	0.647833444419	0.680024587118	0.651409179108	0.666557186978	0.655163047068	0.660659510373	0.638176214877	0.503433815432	0.389541751468	0.69203979974	0.700320122812	0.757475137616	0.686429998237	0.699445372605	0.665555264363	0.677103048488	0.701041013296	0.710887340959	0.674423230382	0.654727779358	0.659260969223	0.696602402088	0.658656937359	0.748166238598	0.686778655633	0.66705583686	0.66529355264	0.670357800785	0.66117048747	0.660442877197	0.661371278893	0.655911964049	0.671815778278	0.651534253947	0.643190756155	0.654802726777	0.65512369964	0.694515851304	0.677932011408	0.654267812085	0.664364612263	0.643564443347	0.646565013569	0.654340467287	0.656854232291	0.630639032525	0.64768940967	0.659771369325	0.639541355116	0.657657894806	0.673530211024	0.647836198887	0.637246174875	0.638362088372	0.666550619919
AB3	0.694880486567	0.700600540231	0.0	0.639954788213	0.723057364706	0.751825593421	0.742008002621	0.744334623755	0.733045000637	0.748076912586	0.734493637151	0.751111321418	0.723227288119	0.577500286218	0.701721933928	0.705893554872	0.745702469015	0.7679131908	0.714333624254	0.71894327204	0.750463152466	0.746866356228	0.73825581467	0.761568053247	0.714288377704	0.74340975899	0.725952713064	0.749105245719	0.741664932185	0.724264646268	0.772227412824	0.765078215582	0.728216789161	0.783385036939	0.71748186	0.74646988851	0.739168011278	0.746997520955	0.759621526945	0.768108828936	0.771855934393	0.719809834221	0.732287609776	0.757517245389	0.805288310041	0.795014437411	0.772211309788	0.795436317795	0.74154985938	0.766620785415	0.758124079401	0.777251779085	0.766425050518	0.779448191058	0.76820711234	0.783548263118	0.764866753826	0.788077090782	0.763296961152	0.771451470181	0.747881861379	0.787713712748
AB4	0.653923256181	0.629607255582	0.639954788213	0.0	0.692128092626	0.686535719	0.697481948551	0.67696106973	0.696100910045	0.701956412074	0.68714307731	0.703974431114	0.453631452088	0.461130149409	0.670477678823	0.6389236857	0.702634580726	0.695638282017	0.753151692177	0.685846119387	0.694861606728	0.690112601431	0.691634475944	0.713454196048	0.714469773274	0.696338091107	0.673463083626	0.69296104476	0.679775831898	0.67613911344	0.737735714023	0.709523632783	0.688279475968	0.701346043219	0.689024277481	0.695517545303	0.672568879961	0.676865558059	0.688913759015	0.705485168853	0.698830653998	0.649849633202	0.654473380433	0.713550342883	0.711273527653	0.722203976207	0.698160606629	0.718418317334	0.631282997441	0.707668685211	0.686521733694	0.708244184045	0.679118608256	0.678570516614	0.688487561374	0.694235133622	0.698688164845	0.721423889472	0.69323140979	0.685765761314	0.672317646249	0.731443945616
AC3	0.678686248986	0.662151068823	0.723057364706	0.692128092626	0.0	0.50692976484	0.67003959207	0.650403498626	0.654012822172	0.670410644474	0.68379635672	0.448687424591	0.687930602472	0.67683968066	0.681176074706	0.668498802502	0.683180988606	0.697890493515	0.737013383885	0.663525651943	0.710715134746	0.685141689795	0.715462891375	0.714566486966	0.701004569946	0.702035679251	0.6937973597	0.711585620485	0.695856583777	0.672070559891	0.740126434184	0.697126453266	0.665758619278	0.690725106946	0.695672758908	0.683471281114	0.680449886635	0.680135262986	0.66616499662	0.668475771146	0.667647073315	0.649548172165	0.662443529349	0.667575171244	0.717256357164	0.689157325018	0.713360836571	0.71835241938	0.683207041976	0.681459817396	0.688307719515	0.689695850973	0.67789468635	0.681744199519	0.658006839922	0.67965178817	0.690232551393	0.681444554689	0.693375084766	0.660185855308	0.679822921523	0.715561950967
AC4	0.690442642019	0.635521761219	0.751825593421	0.686535719	0.50692976484	0.0	0.674709035113	0.633935213245	0.66912877484	0.656557370795	0.532368204939	0.392111906799	0.673840065167	0.680562264704	0.665947984585	0.631255864442	0.689710233885	0.678480110426	0.75638826405	0.660724784315	0.682150316418	0.671547107146	0.70161869289	0.692645801746	0.728017562434	0.681694541838	0.689863483002	0.688721748092	0.68629674863	0.650069068619	0.719685549738	0.677276360387	0.667633065907	0.655062538037	0.671168744096	0.671022268416	0.665805824886	0.648304597833	0.652938716893	0.660364640742	0.644569631771	0.64114483122	0.65507849713	0.665847134497	0.681340980122	0.646032150658	0.716520966018	0.703390431758	0.690689017546	0.671073875844	0.704841552113	0.67963500101	0.668437655581	0.676743408922	0.677352643959	0.683649840712	0.677559487201	0.67398156374	0.673178350151	0.653372866497	0.66538487975	0.702724755086
AD3	0.708707287877	0.652840255113	0.742008002621	0.697481948551	0.67003959207	0.674709035113	0.0	0.428823987451	0.673819832501	0.36185940564	0.70920264074	0.663539181688	0.717407319453	0.692202944922	0.691154381518	0.674303521451	0.709261240161	0.696277208037	0.765200253398	0.672367362105	0.717336544031	0.686642210404	0.712706839884	0.705298551258	0.712586561988	0.682507175539	0.689098311707	0.673166043839	0.722165026952	0.662882610411	0.729972315317	0.688164728192	0.701801210098	0.674675586985	0.67873345092	0.685767896327	0.691341904402	0.663993855064	0.647346816269	0.658692570741	0.640179819417	0.679898055205	0.671397263715	0.702543455574	0.698298938461	0.679903466351	0.706874088347	0.700489844558	0.677327250174	0.664711569081	0.707568682926	0.691395934867	0.692492399219	0.682019205236	0.682408540476	0.672910229007	0.685746916937	0.694217338863	0.694535131258	0.671048816102	0.693524159182	0.655547092948
AD4	0.681033602953	0.647833444419	0.744334623755	0.67696106973	0.650403498626	0.633935213245	0.428823987451	0.0	0.588141569149	0.391842181893	0.673057245023	0.640959436136	0.69383513046	0.663472834461	0.699153402142	0.653196985572	0.69594489778	0.675339901246	0.764797573616	0.637526738792	0.705986715937	0.672573707669	0.68290679792	0.666840445684	0.715647525965	0.665034600516	0.670527950053	0.656944036838	0.669461515341	0.630528847427	0.737403419427	0.671828260472	0.674741428356	0.642303417846	0.663409325286	0.657845200546	0.656316544944	0.645971660381	0.631462714914	0.654819260028	0.641578122174	0.677313980709	0.660954511093	0.668807673335	0.669686100514	0.648697145523	0.672643454874	0.680295370382	0.672326295955	0.664097823839	0.682225163877	0.660259725835	0.651301938433	0.639990872945	0.640543265817	0.626928909913	0.660156882242	0.647385105173	0.673589634175	0.651957607228	0.676599627727	0.674999739391
AE3	0.66289910263	0.680024587118	0.733045000637	0.696100910045	0.654012822172	0.66912877484	0.673819832501	0.588141569149	0.0	0.628988049135	0.654283938189	0.686235896871	0.665803267897	0.684697177074	0.675903742913	0.672161364936	0.647519673937	0.686674096028	0.752845982835	0.685807871066	0.723445646846	0.712134053959	0.663906773883	0.70396593705	0.728711899131	0.692434737352	0.670691559422	0.692993336678	0.664709351551	0.668217340045	0.728790252448	0.691373253742	0.618614723406	0.713617152341	0.691000142742	0.712165111058	0.667567783771	0.676732469941	0.657112744299	0.684418637819	0.695162002896	0.665723210417	0.664644255111	0.681327169233	0.735269387782	0.71024922418	0.706721620939	0.732841958813	0.706689885735	0.719371694236	0.714057608283	0.712968020972	0.689169915811	0.701993172934	0.654249009986	0.695823106737	0.682504380205	0.728685472812	0.720816304871	0.70900310475	0.655293364078	0.728872583178
AE4	0.695124714389	0.651409179108	0.748076912586	0.701956412074	0.670410644474	0.656557370795	0.36185940564	0.391842181893	0.628988049135	0.0	0.698245570687	0.664244060554	0.70708218267	0.687817179585	0.696866963894	0.65160786069	0.722612296025	0.6968548632	0.768023026396	0.658583935376	0.714634986175	0.676882224767	0.701067086733	0.696059665684	0.719091336972	0.671667282674	0.693137879066	0.672780266223	0.691951229089	0.65408919355	0.712134301979	0.69682167619	0.698337975003	0.665487080347	0.683036189629	0.677855510989	0.690105074679	0.674298841606	0.616409952071	0.657891952964	0.622303057497	0.669051641447	0.680913425842	0.686184343539	0.684807933113	0.662783091972	0.688080673304	0.673345719849	0.681668323175	0.670638925602	0.702423416532	0.68150996579	0.677131073701	0.667962663593	0.668674069607	0.670246326568	0.687090697108	0.691856709	0.690297783751	0.662131059037	0.682604898783	0.645514072938
AF3	0.654206410623	0.666557186978	0.734493637151	0.68714307731	0.68379635672	0.532368204939	0.70920264074	0.673057245023	0.654283938189	0.698245570687	0.0	0.566483916413	0.6700135939	0.682801875702	0.67420307192	0.661269711898	0.690312861731	0.704579041515	0.751052443233	0.672163384179	0.686163525251	0.711572841813	0.673251662866	0.715770681232	0.749506241848	0.70620679063	0.682144665691	0.701048926687	0.688430353207	0.678607206047	0.719064916445	0.69584385292	0.629049296279	0.684109250087	0.669653654808	0.685726185329	0.651807661842	0.653792445345	0.678282923576	0.685218704189	0.695227130273	0.673975168912	0.668987260441	0.676636059673	0.709778058258	0.667060214472	0.716456665046	0.729616310171	0.697639577453	0.723627972635	0.727325614921	0.702787049983	0.690244659516	0.700873504529	0.692523547744	0.715976487988	0.677903822029	0.723683283355	0.685049433372	0.709445683426	0.635918340054	0.730532357975
AF4	0.69329519103	0.655163047068	0.751111321418	0.703974431114	0.448687424591	0.392111906799	0.663539181688	0.640959436136	0.686235896871	0.664244060554	0.566483916413	0.0	0.698689464177	0.691738684498	0.685478323941	0.649174635364	0.70641310714	0.69364416236	0.760264996431	0.662352312304	0.706918341239	0.675570823445	0.710575664569	0.710757639747	0.721748717577	0.697370877546	0.694804263875	0.691791343114	0.703340940774	0.666905957885	0.733395615253	0.695763580061	0.667753619669	0.661346169669	0.678117589482	0.674095500733	0.686201214302	0.661135983071	0.679270088837	0.66334090418	0.656205949661	0.659169039657	0.671712178759	0.671016183025	0.697209842275	0.660399841881	0.709631535856	0.711020529015	0.694135122984	0.676894939917	0.703391942101	0.672554038162	0.678703966628	0.676510581355	0.680687549529	0.678307887046	0.695989543707	0.682463513051	0.690891821835	0.664464780869	0.668471118475	0.710825291342
AG3	0.656564899039	0.660659510373	0.723227288119	0.453631452088	0.687930602472	0.673840065167	0.717407319453	0.69383513046	0.665803267897	0.70708218267	0.6700135939	0.698689464177	0.0	0.501173756946	0.678785287349	0.672348579098	0.684177054342	0.690792893462	0.76567338873	0.69625133413	0.688845884213	0.699107148402	0.676260122864	0.701101041007	0.719645925687	0.699006996268	0.680795988359	0.704224744037	0.696551220797	0.6869166307	0.729642892696	0.708154794329	0.678112165499	0.702674063467	0.698880294382	0.696879644723	0.687378954676	0.688643707999	0.700167700576	0.700869365152	0.703419296193	0.650201554281	0.665437223188	0.68217092012	0.718004897047	0.709535036026	0.696099575586	0.726994551025	0.654396914302	0.705716429696	0.706360737303	0.719944725697	0.684479152581	0.679301422686	0.678150449127	0.695104386771	0.695889820558	0.738054592068	0.692657911595	0.682304476004	0.680551536129	0.728855726157
AG4	0.637210737175	0.638176214877	0.577500286218	0.461130149409	0.67683968066	0.680562264704	0.692202944922	0.663472834461	0.684697177074	0.687817179585	0.682801875702	0.691738684498	0.501173756946	0.0	0.674663330328	0.638800904908	0.721963811509	0.732137582576	0.727452127583	0.672546302195	0.724864982308	0.706933594696	0.709692203318	0.726797787851	0.70846374631	0.709009604065	0.68171503525	0.708474967737	0.705694022621	0.667404557215	0.759173221804	0.713857958458	0.682792243395	0.710915985962	0.672637784876	0.667919350603	0.668895879583	0.675736666442	0.697285998478	0.696745772993	0.703282933378	0.657316564522	0.66768178151	0.695837573394	0.735162650465	0.727530848804	0.702103014164	0.717016827315	0.643014908139	0.695555699307	0.689547277055	0.701212838956	0.687377888371	0.692112313075	0.693024789259	0.699298578297	0.701458529469	0.723114157412	0.692979099011	0.685674936936	0.676436972159	0.728615698752
AH3	0.685077292967	0.503433815432	0.701721933928	0.670477678823	0.681176074706	0.665947984585	0.691154381518	0.699153402142	0.675903742913	0.696866963894	0.67420307192	0.685478323941	0.678785287349	0.674663330328	0.0	0.532776931565	0.674805496468	0.70528467043	0.761697579491	0.700115477865	0.719113776652	0.709278483016	0.683914227876	0.697029687953	0.723442492271	0.692589198898	0.674553436186	0.706734266522	0.703102392291	0.685932235384	0.747084761169	0.712852764246	0.650712575208	0.720899872138	0.689412167709	0.688736140205	0.6738751055	0.687317924681	0.684693845885	0.691934295151	0.682051520859	0.672156675603	0.686805282015	0.680048110035	0.723789441098	0.715841383908	0.706132201792	0.722842117909	0.688439905989	0.706154209927	0.709189183643	0.716649395893	0.712047978714	0.70367829387	0.674222107936	0.701587013124	0.701964044325	0.727281994688	0.701299241315	0.690949106294	0.670148820122	0.716346130333
AH4	0.511628235496	0.389541751468	0.705893554872	0.6389236857	0.668498802502	0.631255864442	0.674303521451	0.653196985572	0.672161364936	0.65160786069	0.661269711898	0.649174635364	0.672348579098	0.638800904908	0.532776931565	0.0	0.701134674478	0.693372147212	0.771683628685	0.685055674604	0.715070829782	0.66835336619	0.67634091386	0.692042645302	0.721167803401	0.669342497262	0.648384265322	0.670088794024	0.676162946483	0.648872814129	0.748550039889	0.692883407924	0.66139815477	0.675811288954	0.659144207012	0.659580502049	0.66096001595	0.661138840563	0.638038825495	0.675330212478	0.638579003714	0.649264145083	0.652225439279	0.663581020977	0.678968424195	0.667501579638	0.667036056787	0.667546702099	0.651113117345	0.660614072441	0.656009083122	0.663113812453	0.650315299387	0.646139141092	0.663683920453	0.657667898556	0.671616341097	0.678861893344	0.654510726523	0.644991704179	0.635598787372	0.660038374341
AA7	0.692645148467	0.69203979974	0.745702469015	0.702634580726	0.683180988606	0.689710233885	0.709261240161	0.69594489778	0.647519673937	0.722612296025	0.690312861731	0.70641310714	0.684177054342	0.721963811509	0.674805496468	0.701134674478	0.0	0.518532831463	0.760698424096	0.683629725073	0.671040747555	0.69408038386	0.671873321593	0.695894141659	0.690407838756	0.690906755093	0.659099801824	0.667580852496	0.668407436724	0.670551690163	0.716719469722	0.561083169111	0.653056742349	0.722987239888	0.704073788777	0.727318036803	0.67899204905	0.697197559374	0.702541117831	0.746333844116	0.731734239442	0.695587874471	0.686134654365	0.722913146687	0.750577531406	0.723138750163	0.738505199612	0.740246949799	0.72696966495	0.748015695117	0.721581172156	0.732270997719	0.705255841435	0.707823766329	0.693215828216	0.706206265828	0.721520167255	0.761035049503	0.737426571844	0.736918197369	0.694723169278	0.730886159457
AA8	0.703230737689	0.700320122812	0.7679131908	0.695638282017	0.697890493515	0.678480110426	0.696277208037	0.675339901246	0.686674096028	0.6968548632	0.704579041515	0.69364416236	0.690792893462	0.732137582576	0.70528467043	0.693372147212	0.518532831463	0.0	0.784002149394	0.66245254601	0.644717474993	0.65734559656	0.681577176779	0.672558685231	0.69119282132	0.668144077816	0.657062552391	0.652824967383	0.646109886094	0.664973713501	0.547370813366	0.416308990662	0.685655556442	0.721186925214	0.71983065505	0.730463341142	0.692006359706	0.694998607506	0.708236841809	0.730034069603	0.712034473255	0.707172382908	0.693921701183	0.716713074274	0.729759724776	0.716222293563	0.727479549957	0.745483548847	0.719796925685	0.731342458634	0.722148436137	0.744822629436	0.7003360838	0.688118413443	0.696502088498	0.686590386661	0.731971485873	0.748468876141	0.744369323085	0.728884783604	0.708817743048	0.728957006077
AB7	0.751660775382	0.757475137616	0.714333624254	0.753151692177	0.737013383885	0.75638826405	0.765200253398	0.764797573616	0.752845982835	0.768023026396	0.751052443233	0.760264996431	0.76567338873	0.727452127583	0.761697579491	0.771683628685	0.760698424096	0.784002149394	0.0	0.565195048396	0.744636342276	0.75835131638	0.772568129862	0.793521839604	0.729570522946	0.776878203152	0.767003028354	0.771625621925	0.745973226974	0.626916782869	0.756618297547	0.766341123639	0.769073173893	0.786835195231	0.771788555014	0.788928175428	0.760624043869	0.764491544354	0.783480525952	0.796889128091	0.792814527321	0.723093182993	0.751633861844	0.777212086787	0.792246456955	0.792892221136	0.810928040147	0.809412087503	0.773705340628	0.798778541601	0.809232354198	0.795818026303	0.78676856985	0.791008739033	0.779003565732	0.803366327133	0.78855820036	0.806370834736	0.801435900329	0.791389151087	0.77868345412	0.821891035164
AB8	0.690101273902	0.686429998237	0.71894327204	0.685846119387	0.663525651943	0.660724784315	0.672367362105	0.637526738792	0.685807871066	0.658583935376	0.672163384179	0.662352312304	0.69625133413	0.672546302195	0.700115477865	0.685055674604	0.683629725073	0.66245254601	0.565195048396	0.0	0.640558261539	0.64152676603	0.684068161648	0.682591677273	0.66675134135	0.662025546874	0.664485974397	0.644322038027	0.502477980128	0.406368665866	0.682621269004	0.647127924637	0.680928235821	0.680082384155	0.698770388415	0.681537006679	0.669180734277	0.670758887368	0.67729613706	0.701605121747	0.682444928712	0.667454564718	0.668075449527	0.674448051169	0.693622672326	0.676127647204	0.725429807455	0.724300898609	0.684681068249	0.715947004653	0.705156075257	0.703324159421	0.671868494547	0.67830919009	0.679511406604	0.684471338712	0.688964108341	0.712026340139	0.702708524379	0.700174850693	0.679808893685	0.727844454254
AC7	0.712087420192	0.699445372605	0.750463152466	0.694861606728	0.710715134746	0.682150316418	0.717336544031	0.705986715937	0.723445646846	0.714634986175	0.686163525251	0.706918341239	0.688845884213	0.724864982308	0.719113776652	0.715070829782	0.671040747555	0.644717474993	0.744636342276	0.640558261539	0.0	0.494736652413	0.67864457899	0.699434065336	0.683717841777	0.683329275415	0.69394728409	0.600198667629	0.643910736839	0.650450480095	0.662568857447	0.653177898528	0.704576135465	0.703446204163	0.731097017862	0.738715457598	0.706604416749	0.725296739923	0.717216944949	0.740658933804	0.725167183098	0.706921787758	0.72494343946	0.721848326092	0.701192351222	0.681773071992	0.748731721463	0.76866716115	0.692892799382	0.73761004864	0.751357835582	0.755499061017	0.705432949223	0.688893376134	0.699965506757	0.690292730051	0.7449046724	0.734203268558	0.751809344523	0.732961724919	0.709884416618	0.753785659714
AC8	0.696244983882	0.665555264363	0.746866356228	0.690112601431	0.685141689795	0.671547107146	0.686642210404	0.672573707669	0.712134053959	0.676882224767	0.711572841813	0.675570823445	0.699107148402	0.706933594696	0.709278483016	0.66835336619	0.69408038386	0.65734559656	0.75835131638	0.64152676603	0.494736652413	0.0	0.682261947698	0.676852772506	0.698723935323	0.657394958377	0.512090437133	0.417606094072	0.65157400065	0.633095800599	0.703999204736	0.657224463879	0.705148912809	0.663662274715	0.719686559771	0.707327003632	0.693746904506	0.686901342811	0.673396262263	0.712345615872	0.682672701861	0.693009310688	0.699841731804	0.700987226107	0.677207347981	0.65485971476	0.726686057935	0.711531488902	0.677506395073	0.698128209703	0.703460129264	0.70337114093	0.673880226987	0.659846058663	0.678344489209	0.669441986771	0.710051938312	0.695832443823	0.710783529038	0.688141800819	0.675845511845	0.71042273325
AD7	0.683299879722	0.677103048488	0.73825581467	0.691634475944	0.715462891375	0.70161869289	0.712706839884	0.68290679792	0.663906773883	0.701067086733	0.673251662866	0.710575664569	0.676260122864	0.709692203318	0.683914227876	0.67634091386	0.671873321593	0.681577176779	0.772568129862	0.684068161648	0.67864457899	0.682261947698	0.0	0.486739522743	0.700418511258	0.526930798806	0.665403992823	0.685445753887	0.660250197172	0.661038489931	0.698827568307	0.678292922449	0.639413102729	0.692234234813	0.727096197639	0.719450253959	0.681451618332	0.7000411071	0.699137986753	0.715995110887	0.709399204686	0.676231010293	0.691473912429	0.701670903669	0.708301226214	0.693497291492	0.70855931554	0.715763663352	0.686570687738	0.7215137598	0.689540901328	0.722438972424	0.672753305683	0.668453691576	0.65028874927	0.685973784656	0.693623435582	0.713081455329	0.700945361825	0.70695592812	0.65462314883	0.712134412718
AD8	0.713012718171	0.701041013296	0.761568053247	0.713454196048	0.714566486966	0.692645801746	0.705298551258	0.666840445684	0.70396593705	0.696059665684	0.715770681232	0.710757639747	0.701101041007	0.726797787851	0.697029687953	0.692042645302	0.695894141659	0.672558685231	0.793521839604	0.682591677273	0.699434065336	0.676852772506	0.486739522743	0.0	0.578792507131	0.397232471799	0.657448051002	0.673254841925	0.671327256047	0.667705850224	0.709148760735	0.675320713322	0.679959305693	0.695986353322	0.735785521434	0.71093543823	0.704475036836	0.703022522826	0.705713312815	0.728187137737	0.706021112237	0.6983871742	0.709918877027	0.710880807193	0.707689115466	0.691820516682	0.722227687967	0.733057546663	0.694143287393	0.724919867728	0.701249694466	0.726870796986	0.690109965278	0.667844717989	0.668402073664	0.683970616701	0.719507630347	0.721645598776	0.725305367114	0.709054549126	0.685966718735	0.719086648434
AE7	0.719332832668	0.710887340959	0.714288377704	0.714469773274	0.701004569946	0.728017562434	0.712586561988	0.715647525965	0.728711899131	0.719091336972	0.749506241848	0.721748717577	0.719645925687	0.70846374631	0.723442492271	0.721167803401	0.690407838756	0.69119282132	0.729570522946	0.66675134135	0.683717841777	0.698723935323	0.700418511258	0.578792507131	0.0	0.474919367954	0.695100740945	0.709857760344	0.673505108522	0.678382218869	0.722369082475	0.688088908053	0.713966551508	0.747524230547	0.73392157778	0.744632082375	0.722504501497	0.749958656091	0.753318381128	0.765597056205	0.760247960242	0.730208295137	0.746524468584	0.73101001701	0.753612419607	0.752437918277	0.75990928763	0.77437256264	0.711806835779	0.760333505054	0.752501691682	0.777725012571	0.736800463364	0.734240047407	0.724871968408	0.74315525076	0.771056443619	0.783798845121	0.776340332749	0.755169168524	0.739896058088	0.782906962106
AE8	0.697197020881	0.674423230382	0.74340975899	0.696338091107	0.702035679251	0.681694541838	0.682507175539	0.665034600516	0.692434737352	0.671667282674	0.70620679063	0.697370877546	0.699006996268	0.709009604065	0.692589198898	0.669342497262	0.690906755093	0.668144077816	0.776878203152	0.662025546874	0.683329275415	0.657394958377	0.526930798806	0.397232471799	0.474919367954	0.0	0.654033146869	0.664372211382	0.641433552879	0.638930416732	0.710523495415	0.660398972252	0.674206292663	0.690921087314	0.728426569169	0.702741163281	0.702420315509	0.70391647307	0.701114271421	0.720138955176	0.703093011937	0.698465374949	0.707065126327	0.707486411935	0.702009702893	0.689099014055	0.714218974144	0.726476197854	0.687035652889	0.717078569293	0.70237241714	0.719148733189	0.684985426942	0.672872802021	0.67153376456	0.677329560224	0.720668189868	0.723784748053	0.723515858738	0.707728478816	0.671171550589	0.717709685133
AF7	0.66906654678	0.654727779358	0.725952713064	0.673463083626	0.6937973597	0.689863483002	0.689098311707	0.670527950053	0.670691559422	0.693137879066	0.682144665691	0.694804263875	0.680795988359	0.68171503525	0.674553436186	0.648384265322	0.659099801824	0.657062552391	0.767003028354	0.664485974397	0.69394728409	0.512090437133	0.665403992823	0.657448051002	0.695100740945	0.654033146869	0.0	0.447060218035	0.646182064633	0.641996904587	0.715153284583	0.664022109462	0.672660526823	0.697280561436	0.689270649896	0.693813777609	0.678309591703	0.663376428683	0.660437428004	0.704762230707	0.684355193147	0.680454355216	0.66671051505	0.681905231747	0.724703089911	0.706862108912	0.704125331373	0.711961248888	0.676294332233	0.697489728577	0.668292243745	0.699632646685	0.670420554315	0.667195339661	0.66046138721	0.676778499088	0.675491049727	0.716709394942	0.686993637246	0.683386583251	0.652054755555	0.682737911436
AF8	0.688726783588	0.659260969223	0.749105245719	0.69296104476	0.711585620485	0.688721748092	0.673166043839	0.656944036838	0.692993336678	0.672780266223	0.701048926687	0.691791343114	0.704224744037	0.708474967737	0.706734266522	0.670088794024	0.667580852496	0.652824967383	0.771625621925	0.644322038027	0.600198667629	0.417606094072	0.685445753887	0.673254841925	0.709857760344	0.664372211382	0.447060218035	0.0	0.665573809704	0.645031453962	0.710319931255	0.651344838684	0.694422636312	0.683749135473	0.702671060048	0.710359093939	0.686790425357	0.666879437926	0.668620206786	0.718562370542	0.695100365161	0.690415347004	0.687281366296	0.695251070384	0.701372481356	0.675708522217	0.713799672405	0.708195789469	0.680481784982	0.692803311431	0.698775777326	0.69195102812	0.669515356496	0.65371822374	0.677031011655	0.650116526835	0.674602268957	0.705888585614	0.696442632773	0.702937442161	0.672043635949	0.693064295976
AG7	0.705285056728	0.696602402088	0.741664932185	0.679775831898	0.695856583777	0.68629674863	0.722165026952	0.669461515341	0.664709351551	0.691951229089	0.688430353207	0.703340940774	0.696551220797	0.705694022621	0.703102392291	0.676162946483	0.668407436724	0.646109886094	0.745973226974	0.502477980128	0.643910736839	0.65157400065	0.660250197172	0.671327256047	0.673505108522	0.641433552879	0.646182064633	0.665573809704	0.0	0.458069538081	0.678160137806	0.669573155148	0.682005993362	0.702882062489	0.708409924595	0.704827373382	0.671858857784	0.697529959841	0.668577339097	0.717706093336	0.691224243579	0.683099875307	0.684524770772	0.689346252975	0.716661605432	0.699172452063	0.739066006254	0.74607323192	0.688879101405	0.732200432745	0.695139196901	0.72498346963	0.672000601843	0.680566424919	0.677301589132	0.693347276744	0.700724574316	0.729434851922	0.711000836093	0.705371029807	0.673902243683	0.739238607434
AG8	0.675353686812	0.658656937359	0.724264646268	0.67613911344	0.672070559891	0.650069068619	0.662882610411	0.630528847427	0.668217340045	0.65408919355	0.678607206047	0.666905957885	0.6869166307	0.667404557215	0.685932235384	0.648872814129	0.670551690163	0.664973713501	0.626916782869	0.406368665866	0.650450480095	0.633095800599	0.661038489931	0.667705850224	0.678382218869	0.638930416732	0.641996904587	0.645031453962	0.458069538081	0.0	0.700205041186	0.642409790619	0.666439048581	0.668502882401	0.685733812082	0.673289261913	0.64831050066	0.65743499661	0.654797883775	0.67860687827	0.664829010502	0.654112798163	0.658309565507	0.661343129573	0.683628709453	0.66145492682	0.719410286588	0.716650479889	0.664670297899	0.698262396296	0.690348333832	0.687233644425	0.650935922556	0.656772960887	0.654756610699	0.670350683702	0.676067762981	0.699857803801	0.68432094598	0.680671978998	0.65628926441	0.722379507592
AH7	0.743505751403	0.748166238598	0.772227412824	0.737735714023	0.740126434184	0.719685549738	0.729972315317	0.737403419427	0.728790252448	0.712134301979	0.719064916445	0.733395615253	0.729642892696	0.759173221804	0.747084761169	0.748550039889	0.716719469722	0.547370813366	0.756618297547	0.682621269004	0.662568857447	0.703999204736	0.698827568307	0.709148760735	0.722369082475	0.710523495415	0.715153284583	0.710319931255	0.678160137806	0.700205041186	0.0	0.547995935089	0.718274522836	0.760166689822	0.773790400789	0.766871892602	0.747674139036	0.755631340784	0.755433917416	0.754487975477	0.760766788331	0.744767353781	0.764773551416	0.749324131131	0.771616353001	0.761627554247	0.76977392734	0.774651547609	0.749870540873	0.778106235509	0.782063824785	0.791722866081	0.743450986129	0.735716438957	0.723960099148	0.735303921849	0.775505824176	0.792249505043	0.777609414812	0.766238925106	0.753228199631	0.753734464266
AH8	0.701658867966	0.686778655633	0.765078215582	0.709523632783	0.697126453266	0.677276360387	0.688164728192	0.671828260472	0.691373253742	0.69682167619	0.69584385292	0.695763580061	0.708154794329	0.713857958458	0.712852764246	0.692883407924	0.561083169111	0.416308990662	0.766341123639	0.647127924637	0.653177898528	0.657224463879	0.678292922449	0.675320713322	0.688088908053	0.660398972252	0.664022109462	0.651344838684	0.669573155148	0.642409790619	0.547995935089	0.0	0.686199770852	0.713230278145	0.709782122459	0.712305576195	0.697164094209	0.694117635674	0.69911114396	0.725946034885	0.702580328357	0.696839549813	0.696478249856	0.707171287486	0.720766717889	0.706793848478	0.726916282395	0.732081431487	0.706213059375	0.721287328096	0.72585087453	0.733160744362	0.68634599083	0.685716232234	0.684494219561	0.682484650749	0.721707255797	0.735177684152	0.747178126309	0.716842974196	0.699340788713	0.719741623945
AA5	0.652004856541	0.66705583686	0.728216789161	0.688279475968	0.665758619278	0.667633065907	0.701801210098	0.674741428356	0.618614723406	0.698337975003	0.629049296279	0.667753619669	0.678112165499	0.682792243395	0.650712575208	0.66139815477	0.653056742349	0.685655556442	0.769073173893	0.680928235821	0.704576135465	0.705148912809	0.639413102729	0.679959305693	0.713966551508	0.674206292663	0.672660526823	0.694422636312	0.682005993362	0.666439048581	0.718274522836	0.686199770852	0.0	0.596482184019	0.683698851909	0.678661189913	0.626378698796	0.634648415929	0.66059047051	0.677188803806	0.689241110746	0.649737282257	0.637863902527	0.66647027683	0.712782382916	0.637450947531	0.692601911795	0.718249506587	0.689672348273	0.714052384309	0.705112298409	0.704911874826	0.665548479219	0.680400106742	0.642432709364	0.686042230853	0.655777142001	0.718610972171	0.679615063046	0.689774957707	0.626251612728	0.71366235456
AA6	0.693947843184	0.66529355264	0.783385036939	0.701346043219	0.690725106946	0.655062538037	0.674675586985	0.642303417846	0.713617152341	0.665487080347	0.684109250087	0.661346169669	0.702674063467	0.710915985962	0.720899872138	0.675811288954	0.722987239888	0.721186925214	0.786835195231	0.680082384155	0.703446204163	0.663662274715	0.692234234813	0.695986353322	0.747524230547	0.690921087314	0.697280561436	0.683749135473	0.702882062489	0.668502882401	0.760166689822	0.713230278145	0.596482184019	0.0	0.690071912664	0.671019738034	0.653258370864	0.634156712707	0.663190437388	0.682245752953	0.654535820533	0.678739829405	0.651583691682	0.686502809009	0.457975799496	0.404283711503	0.696170914529	0.701634024923	0.677510642025	0.687032465708	0.678623638595	0.671793317942	0.669298498203	0.679691691082	0.679689199011	0.684871877997	0.662828850338	0.668037423403	0.680688826191	0.668125724964	0.656365402005	0.709170994965
AB5	0.678181747564	0.670357800785	0.71748186	0.689024277481	0.695672758908	0.671168744096	0.67873345092	0.663409325286	0.691000142742	0.683036189629	0.669653654808	0.678117589482	0.698880294382	0.672637784876	0.689412167709	0.659144207012	0.704073788777	0.71983065505	0.771788555014	0.698770388415	0.731097017862	0.719686559771	0.727096197639	0.735785521434	0.73392157778	0.728426569169	0.689270649896	0.702671060048	0.708409924595	0.685733812082	0.773790400789	0.709782122459	0.683698851909	0.690071912664	0.0	0.458826752933	0.652742813704	0.64229678787	0.663210192633	0.648849358289	0.660023518213	0.680825767817	0.658653445992	0.66860890524	0.714475060184	0.684996768063	0.66625939017	0.732502418891	0.686147170015	0.694677359988	0.692290028796	0.693237674105	0.668746510543	0.688709751414	0.702828601905	0.676758745292	0.690687043403	0.703550663318	0.711678409592	0.70877151345	0.647935363953	0.7072320879
AB6	0.687051268884	0.66117048747	0.74646988851	0.695517545303	0.683471281114	0.671022268416	0.685767896327	0.657845200546	0.712165111058	0.677855510989	0.685726185329	0.674095500733	0.696879644723	0.667919350603	0.688736140205	0.659580502049	0.727318036803	0.730463341142	0.788928175428	0.681537006679	0.738715457598	0.707327003632	0.719450253959	0.71093543823	0.744632082375	0.702741163281	0.693813777609	0.710359093939	0.704827373382	0.673289261913	0.766871892602	0.712305576195	0.678661189913	0.671019738034	0.458826752933	0.0	0.659212847085	0.65536870767	0.648061511432	0.662032222594	0.642568434793	0.665508656926	0.6762239177	0.558588947293	0.696377731973	0.651361689075	0.670018318481	0.713016566829	0.663942623713	0.676055045225	0.685241790671	0.682544610765	0.678066057557	0.670081127642	0.688128906859	0.675627279472	0.678252260273	0.703100877126	0.680484963837	0.666451718603	0.647311381504	0.690589720543
AC5	0.657058284441	0.660442877197	0.739168011278	0.672568879961	0.680449886635	0.665805824886	0.691341904402	0.656316544944	0.667567783771	0.690105074679	0.651807661842	0.686201214302	0.687378954676	0.668895879583	0.6738751055	0.66096001595	0.67899204905	0.692006359706	0.760624043869	0.669180734277	0.706604416749	0.693746904506	0.681451618332	0.704475036836	0.722504501497	0.702420315509	0.678309591703	0.686790425357	0.671858857784	0.64831050066	0.747674139036	0.697164094209	0.626378698796	0.653258370864	0.652742813704	0.659212847085	0.0	0.483947269473	0.637578535386	0.672867322008	0.653656056385	0.634067614859	0.569882950232	0.641893651825	0.669528097081	0.6525577399	0.655447496542	0.707474875852	0.631713909263	0.6863923384	0.664057114884	0.657416397494	0.653277944897	0.644681452504	0.634531541561	0.66713522247	0.655509576413	0.669830966431	0.656059294157	0.669519761639	0.634180429623	0.697196103177
AC6	0.666914065879	0.661371278893	0.746997520955	0.676865558059	0.680135262986	0.648304597833	0.663993855064	0.645971660381	0.676732469941	0.674298841606	0.653792445345	0.661135983071	0.688643707999	0.675736666442	0.687317924681	0.661138840563	0.697197559374	0.694998607506	0.764491544354	0.670758887368	0.725296739923	0.686901342811	0.7000411071	0.703022522826	0.749958656091	0.70391647307	0.663376428683	0.666879437926	0.697529959841	0.65743499661	0.755631340784	0.694117635674	0.634648415929	0.634156712707	0.64229678787	0.65536870767	0.483947269473	0.0	0.636069714776	0.659420144308	0.649773528588	0.578459852993	0.45739845813	0.646397322824	0.672389659468	0.63981986984	0.676464150442	0.723800433169	0.640078055766	0.65200873797	0.668169739797	0.674047202279	0.66431807274	0.668341568307	0.651312448963	0.661793232576	0.63096772157	0.680947151036	0.649496231452	0.662677258532	0.637448218127	0.685155223265
AD6	0.683037492935	0.655911964049	0.759621526945	0.688913759015	0.66616499662	0.652938716893	0.647346816269	0.631462714914	0.657112744299	0.616409952071	0.678282923576	0.679270088837	0.700167700576	0.697285998478	0.684693845885	0.638038825495	0.702541117831	0.708236841809	0.783480525952	0.67729613706	0.717216944949	0.673396262263	0.699137986753	0.705713312815	0.753318381128	0.701114271421	0.660437428004	0.668620206786	0.668577339097	0.654797883775	0.755433917416	0.69911114396	0.66059047051	0.663190437388	0.663210192633	0.648061511432	0.637578535386	0.636069714776	0.0	0.547684050484	0.42758815822	0.637451261889	0.638003527719	0.661934971518	0.664417157556	0.659049123811	0.680447179664	0.67603242917	0.640834884303	0.642058825029	0.672104613322	0.659641900499	0.642310362213	0.629131080846	0.65380605612	0.652244962045	0.639197077761	0.670429873376	0.650908999987	0.61256133098	0.617226605325	0.665364170816
AE5	0.693106677171	0.671815778278	0.768108828936	0.705485168853	0.668475771146	0.660364640742	0.658692570741	0.654819260028	0.684418637819	0.657891952964	0.685218704189	0.66334090418	0.700869365152	0.696745772993	0.691934295151	0.675330212478	0.746333844116	0.730034069603	0.796889128091	0.701605121747	0.740658933804	0.712345615872	0.715995110887	0.728187137737	0.765597056205	0.720138955176	0.704762230707	0.718562370542	0.717706093336	0.67860687827	0.754487975477	0.725946034885	0.677188803806	0.682245752953	0.648849358289	0.662032222594	0.672867322008	0.659420144308	0.547684050484	0.0	0.438434245004	0.667239245555	0.657431755937	0.628594344129	0.690180535564	0.685950788461	0.684691844408	0.705093507287	0.66554623776	0.663977755036	0.686364209192	0.675420731352	0.661714463484	0.662105509601	0.669952005688	0.644974150527	0.657735640871	0.692274551015	0.672277749707	0.647958600794	0.642897618258	0.696930833968
AE6	0.701576812142	0.651534253947	0.771855934393	0.698830653998	0.667647073315	0.644569631771	0.640179819417	0.641578122174	0.695162002896	0.622303057497	0.695227130273	0.656205949661	0.703419296193	0.703282933378	0.682051520859	0.638579003714	0.731734239442	0.712034473255	0.792814527321	0.682444928712	0.725167183098	0.682672701861	0.709399204686	0.706021112237	0.760247960242	0.703093011937	0.684355193147	0.695100365161	0.691224243579	0.664829010502	0.760766788331	0.702580328357	0.689241110746	0.654535820533	0.660023518213	0.642568434793	0.653656056385	0.649773528588	0.42758815822	0.438434245004	0.0	0.652976318962	0.646202865772	0.672413418313	0.65587919357	0.646205548608	0.697099822375	0.684177053864	0.652034345776	0.655540580231	0.685191338044	0.665704229486	0.653950189735	0.649541089051	0.67324847892	0.646011890257	0.668108840234	0.677085966338	0.678363847807	0.629235228832	0.634896820025	0.668905724862
AF5	0.679387265753	0.643190756155	0.719809834221	0.649849633202	0.649548172165	0.64114483122	0.679898055205	0.677313980709	0.665723210417	0.669051641447	0.673975168912	0.659169039657	0.650201554281	0.657316564522	0.672156675603	0.649264145083	0.695587874471	0.707172382908	0.723093182993	0.667454564718	0.706921787758	0.693009310688	0.676231010293	0.6983871742	0.730208295137	0.698465374949	0.680454355216	0.690415347004	0.683099875307	0.654112798163	0.744767353781	0.696839549813	0.649737282257	0.678739829405	0.680825767817	0.665508656926	0.634067614859	0.578459852993	0.637451261889	0.667239245555	0.652976318962	0.0	0.49166180417	0.655366917077	0.688979505163	0.668602546808	0.709433620224	0.722631536027	0.654353198922	0.67200642959	0.688652747746	0.713798621638	0.668972556551	0.686150911805	0.685960773732	0.691026880743	0.665688309555	0.713729398531	0.665358217675	0.646052916226	0.643374882845	0.716827055792
AF6	0.679432499991	0.654802726777	0.732287609776	0.654473380433	0.662443529349	0.65507849713	0.671397263715	0.660954511093	0.664644255111	0.680913425842	0.668987260441	0.671712178759	0.665437223188	0.66768178151	0.686805282015	0.652225439279	0.686134654365	0.693921701183	0.751633861844	0.668075449527	0.72494343946	0.699841731804	0.691473912429	0.709918877027	0.746524468584	0.707065126327	0.66671051505	0.687281366296	0.684524770772	0.658309565507	0.764773551416	0.696478249856	0.637863902527	0.651583691682	0.658653445992	0.6762239177	0.569882950232	0.45739845813	0.638003527719	0.657431755937	0.646202865772	0.49166180417	0.0	0.65781298154	0.678166799649	0.662875707892	0.666677144652	0.713954246478	0.648131396048	0.64322796127	0.655701350551	0.68060053472	0.666132588172	0.66560173796	0.673305494667	0.675390145761	0.629152980922	0.67340401385	0.6479531623	0.636832971995	0.643622355381	0.692486535091
