	AA3	AA4	AB3	AB4	AC3	AC4	AD3	AD4	AE3	AE4	AF3	AF4	AG3	AG4	AH3	AH4	AA7	AA8	AB7	AB8	AC7	AC8	AD7	AD8	AE7	AE8	AF7	AF8	AG7	AG8	AH7	AH8	AA5	AA6	AB5	AB6	AC5	AC6	AD6	AE5	AE6	AF5	AF6	AG5	AH5	AH6	AA1	AA2	AB1	AB2	AC1	AC2	AD1	AD2	AE1	AE2	AF1	AF2	AG1	AG2	AH1	AH2
AA3	0.0	0.482907388086	0.69358785189	0.639663945954	0.671009657867	0.659136953535	0.692410973795	0.70263941204	0.649473688858	0.675380554806	0.651406401418	0.672670514795	0.648532385306	0.629378416506	0.6805758827	0.484601124723	0.677314437674	0.674116278426	0.751886686331	0.691306562826	0.700651726096	0.68799229197	0.68348998515	0.698575688441	0.729966220462	0.694853158639	0.674105357583	0.690413242127	0.695188068757	0.68657484292	0.736185334965	0.704778426871	0.653730215151	0.688429046596	0.685603656003	0.693486692729	0.642456006795	0.653469582188	0.663375239316	0.697721157485	0.689852329316	0.697314085162	0.677957847922	0.675937279251	0.709102458591	0.691758568763	0.673884157287	0.696405832208	0.64675543692	0.680661552755	0.675386483401	0.669994468716	0.646462103259	0.642586891001	0.669049434559	0.662136604831	0.66625609902	0.69020117151	0.663093391965	0.680085354012	0.641089640087	0.698385873838
AA4	0.482907388086	0.0	0.705753726464	0.639667563493	0.668734936849	0.639388016491	0.660162515295	0.660580540825	0.666452921616	0.641415596369	0.65900485122	0.642694466385	0.665133283134	0.643143147159	0.481355648591	0.366681857326	0.686053134594	0.689722287508	0.76208953244	0.67747091469	0.707626897815	0.669763951545	0.68374424672	0.681109870965	0.72364636772	0.674677781126	0.664602259637	0.671391866398	0.691828412015	0.675464654759	0.747867685669	0.696590159617	0.666423146997	0.675415272227	0.662828451231	0.655345196839	0.649843720348	0.643331492087	0.638775367265	0.664326069505	0.643009338375	0.689318318633	0.652509453525	0.650187204251	0.681372275918	0.662730185616	0.667519132972	0.670111652375	0.642461596836	0.66407477549	0.664356995795	0.659944895486	0.642631775465	0.636006278622	0.669467043486	0.637496715354	0.646521168808	0.660469538308	0.658926387874	0.636221841066	0.638249953319	0.657317216483
AB3	0.69358785189	0.705753726464	0.0	0.637408127553	0.712096412549	0.727036754434	0.756209043629	0.763200903243	0.701406039421	0.765301636074	0.706856113587	0.732598645699	0.719983063812	0.545664698226	0.693565027261	0.706195527868	0.717642648249	0.733266857958	0.714583473705	0.684976088309	0.723324174614	0.746849743703	0.72430074848	0.725774377697	0.72099345816	0.738628851699	0.724894064578	0.749029215264	0.677776232326	0.714052981019	0.757582431276	0.741688949793	0.701042025111	0.771050937347	0.718466553767	0.751736654041	0.717013973494	0.726155626785	0.76119941071	0.770276573268	0.767752569156	0.719995226036	0.713228926377	0.729095661444	0.803021507334	0.784572172099	0.771741426942	0.787802757706	0.73529989748	0.767336659337	0.73362166161	0.769212948503	0.746182159649	0.768522985975	0.757909664439	0.77236763582	0.762219962093	0.769165085211	0.760751478882	0.774794094062	0.727692254978	0.772327057056
AB4	0.639663945954	0.639667563493	0.637408127553	0.0	0.684400440197	0.673822100148	0.699081199329	0.693998044449	0.68414592175	0.697480859053	0.658325610877	0.667132883146	0.406347540006	0.468004188917	0.669741388275	0.644573056565	0.697736463129	0.697555052278	0.744488452582	0.679000218116	0.694471173029	0.691341537582	0.696360922256	0.690109002027	0.722380108687	0.698982238212	0.677554156409	0.691791808996	0.678804388755	0.685728150658	0.746821148278	0.712195190385	0.684645596405	0.708964906936	0.678243091894	0.679385606704	0.663857365713	0.67644819912	0.670790144336	0.705157576245	0.699870526466	0.681521136356	0.652977696189	0.672148156897	0.72278288878	0.712959149336	0.709727413064	0.713161579111	0.646922139918	0.687681329975	0.69669730683	0.70844180661	0.690093549047	0.680414309764	0.684085692955	0.680400673534	0.695229990932	0.720547570511	0.697618898226	0.684450757117	0.673042514967	0.690781307119
AC3	0.671009657867	0.668734936849	0.712096412549	0.684400440197	0.0	0.508828371165	0.679541028367	0.685741780128	0.653860461509	0.666085591246	0.686103088331	0.469537249143	0.704939335359	0.70771666447	0.685817623249	0.676475847453	0.685177618076	0.695622475717	0.764870595387	0.684956650062	0.718007489743	0.707053681159	0.731970357482	0.719352944812	0.719776898713	0.717609259182	0.72288672677	0.700270745688	0.711605301833	0.702613833781	0.765163773553	0.706813660244	0.667967887431	0.691552748068	0.690652976688	0.681256198607	0.679704235925	0.679961360651	0.680209163392	0.669776065449	0.660363672258	0.675600500912	0.666491970681	0.678836749131	0.725359107351	0.702520282053	0.718011360658	0.709773042947	0.691024143619	0.683920376674	0.694095212003	0.68226879407	0.677182430036	0.678353639582	0.6760725129	0.697667014938	0.699228757493	0.686351972403	0.677491769915	0.683887379026	0.683381236541	0.708047796242
AC4	0.659136953535	0.639388016491	0.727036754434	0.673822100148	0.508828371165	0.0	0.681162946197	0.676388803173	0.657972554531	0.664950412412	0.498701401159	0.370581676147	0.677389440574	0.688483319363	0.678417677662	0.641068440544	0.685667337546	0.690804836332	0.756669257359	0.661220839743	0.708598491096	0.681920827409	0.713657697295	0.695388059005	0.744407603434	0.695901334207	0.69764286606	0.701793815287	0.711906353994	0.67791463485	0.755157143405	0.701302602434	0.659191750221	0.657849646751	0.656525964556	0.657716499942	0.661033249937	0.65003193273	0.664864367925	0.670609462385	0.651277919559	0.664925319857	0.653836593994	0.647018963826	0.690168013939	0.665284860343	0.711655268915	0.691764651902	0.697479108061	0.678685614658	0.693163941294	0.662555338987	0.691681622682	0.688373958086	0.702513736194	0.699676968737	0.682861958597	0.66701177673	0.688219641985	0.684790303192	0.661023271275	0.69606740813
AD3	0.692410973795	0.660162515295	0.756209043629	0.699081199329	0.679541028367	0.681162946197	0.0	0.394479282498	0.674634803383	0.368034903766	0.703471242834	0.655784563145	0.712628047045	0.708537375934	0.690761723084	0.659692356421	0.707547733964	0.698368171006	0.770679522455	0.674838630075	0.717983016234	0.681117243221	0.721692169084	0.696120323387	0.723696585752	0.679998687356	0.697489583099	0.689544711831	0.701050768424	0.674039774859	0.725588076456	0.704153429601	0.700832125884	0.675752573488	0.687960668713	0.674930921645	0.686408147875	0.670512841955	0.626604764675	0.658555374289	0.622524634591	0.695554134442	0.669988225467	0.686385593899	0.686962520068	0.674931409391	0.69662194137	0.679224428565	0.664841922773	0.651974209598	0.693336449297	0.675880093858	0.676175395713	0.659112413884	0.684064907684	0.672401564669	0.682630850176	0.663990026323	0.68891300443	0.647439461488	0.690585368281	0.674287068781
AD4	0.70263941204	0.660580540825	0.763200903243	0.693998044449	0.685741780128	0.676388803173	0.394479282498	0.0	0.611556633472	0.402686184353	0.703299565281	0.642225371238	0.705220519627	0.71152977733	0.679356667132	0.653687567145	0.706391755232	0.697838625065	0.78230748026	0.653427511574	0.710999060965	0.67490025925	0.706256823384	0.681392690713	0.734052545275	0.674147504486	0.684553277997	0.674320614371	0.668095038135	0.668918502897	0.716459845033	0.692998584059	0.699619849561	0.664026392869	0.672571221783	0.665434040635	0.672208801261	0.682092478941	0.64191069865	0.651661110007	0.623811843477	0.700947407439	0.671730832338	0.675178364017	0.685021341436	0.655957889982	0.688902447013	0.67857135831	0.671774409864	0.659696545808	0.69401408074	0.676674693773	0.675164289929	0.667315789651	0.65788885177	0.661381363915	0.695945389406	0.668213449291	0.694658826531	0.653440534204	0.676398970425	0.667156539792
AE3	0.649473688858	0.666452921616	0.701406039421	0.68414592175	0.653860461509	0.657972554531	0.674634803383	0.611556633472	0.0	0.625032821803	0.653462360017	0.672981769973	0.668723837524	0.685541514639	0.661292653449	0.662231287328	0.648635097219	0.660244990007	0.76206960677	0.676200200505	0.712621910488	0.708532723081	0.666601887074	0.67926974297	0.734642274388	0.669617257172	0.657146393021	0.690524531691	0.662491612298	0.672740475197	0.723616126377	0.668449314786	0.590432908162	0.696158228151	0.677630458197	0.69371614155	0.654810431577	0.671437573533	0.674431357718	0.69599380558	0.687096232896	0.654805764704	0.659953465774	0.670743825457	0.725488864042	0.709728827445	0.700634958343	0.727669329111	0.687543290962	0.710654911193	0.700232334387	0.711614550711	0.678916197593	0.688723803792	0.659173732101	0.703355421246	0.693503874614	0.718435578369	0.69190973662	0.705376001397	0.653036058795	0.69928641489
AE4	0.675380554806	0.641415596369	0.765301636074	0.697480859053	0.666085591246	0.664950412412	0.368034903766	0.402686184353	0.625032821803	0.0	0.687675400406	0.646668287307	0.697417502994	0.695868165098	0.678595190894	0.651911355056	0.696087792058	0.67826523902	0.766803654243	0.658501849401	0.705649704688	0.669068095718	0.704016931782	0.682081114393	0.72081899484	0.671945716219	0.689841879939	0.676126606688	0.684843859279	0.662634032204	0.733680047781	0.68596006127	0.685406301042	0.656082489967	0.676531169937	0.653415445221	0.667971811504	0.65009262065	0.615902633301	0.647076809954	0.615510525847	0.682750613034	0.655197053617	0.662757466397	0.676741126884	0.6627478734	0.678485125761	0.659177969577	0.656216349841	0.646048932742	0.692767863698	0.663064384038	0.657598682963	0.639384325561	0.665062962094	0.66398389324	0.665294683035	0.654844764159	0.677795566254	0.642347543813	0.685605751809	0.661064717176
AF3	0.651406401418	0.65900485122	0.706856113587	0.658325610877	0.686103088331	0.498701401159	0.703471242834	0.703299565281	0.653462360017	0.687675400406	0.0	0.547416463697	0.674843347951	0.691529993039	0.665798425764	0.663837313575	0.669624389297	0.680840834266	0.759113741139	0.672594868999	0.686124808382	0.701464089867	0.679932307298	0.697890639507	0.761598697581	0.702450588029	0.699566540877	0.721057529541	0.696440604235	0.681253492328	0.715338687324	0.705777128155	0.629363492755	0.682435757367	0.670219843707	0.683066552417	0.650374274152	0.662544742563	0.677080955	0.69629932629	0.688028067485	0.681474332343	0.676288675697	0.670065489543	0.697204828667	0.68173043316	0.716514901156	0.713912083525	0.700383378019	0.703466285674	0.706089083159	0.710908511861	0.702540462321	0.691544652383	0.696836166334	0.715738137427	0.686779041248	0.713787977112	0.686333573285	0.707880708459	0.644359384739	0.710630083315
AF4	0.672670514795	0.642694466385	0.732598645699	0.667132883146	0.469537249143	0.370581676147	0.655784563145	0.642225371238	0.672981769973	0.646668287307	0.547416463697	0.0	0.690005976695	0.709338141804	0.674787548596	0.63784082621	0.686441122608	0.690900957144	0.762626699796	0.652053923221	0.686840406713	0.664700612955	0.71482985748	0.695809501799	0.734235421087	0.680701627227	0.69606149492	0.689652695232	0.6945772123	0.678672222228	0.730165431369	0.685629158541	0.661784230896	0.664135878501	0.681410180827	0.66351249618	0.673174702813	0.663313934329	0.676107190053	0.659172786516	0.629330353773	0.672577279284	0.638054188272	0.645710737428	0.676924112659	0.653556876598	0.719578002942	0.688063907574	0.67500945666	0.649506840743	0.681193506104	0.663421650691	0.677478660609	0.668412695367	0.682874204858	0.674247567063	0.688472738473	0.664832130793	0.679468076923	0.647244052758	0.668767052999	0.678407244389
AG3	0.648532385306	0.665133283134	0.719983063812	0.406347540006	0.704939335359	0.677389440574	0.712628047045	0.705220519627	0.668723837524	0.697417502994	0.674843347951	0.690005976695	0.0	0.526059652423	0.681607091335	0.668925652922	0.66959181626	0.677620033268	0.76980689705	0.700650037213	0.677513233678	0.700576858327	0.683236292235	0.695447561888	0.727991635755	0.696876256871	0.685123444565	0.697540668559	0.691383540016	0.697825224591	0.732469462206	0.698562150873	0.677350399724	0.693977562544	0.695928069417	0.685985217129	0.684707747606	0.685731362717	0.680470280801	0.718152380227	0.704287184742	0.67698403755	0.668158571397	0.681280834412	0.718815559643	0.705685866715	0.693559738193	0.715637735866	0.64158532079	0.690952070514	0.700474673936	0.702498944956	0.676241943681	0.679051920422	0.676158521989	0.676891235725	0.69302497763	0.735197405264	0.690897542398	0.687800370681	0.681741181725	0.708491840567
AG4	0.629378416506	0.643143147159	0.545664698226	0.468004188917	0.70771666447	0.688483319363	0.708537375934	0.71152977733	0.685541514639	0.695868165098	0.691529993039	0.709338141804	0.526059652423	0.0	0.663723539666	0.645812982164	0.725247399058	0.714222739965	0.746668153195	0.696255172183	0.721717909237	0.709964765588	0.702787412651	0.697852199401	0.727623085811	0.698104703806	0.698614731332	0.707870259786	0.695383826945	0.694647117146	0.756102236431	0.720985530472	0.692979214848	0.712638913785	0.680979618337	0.700420914766	0.686700263212	0.678023958246	0.694636512126	0.707199660773	0.71369040653	0.699868781326	0.675903515911	0.711457482624	0.737185898667	0.735363920816	0.713298892449	0.736116397774	0.66791356126	0.705393164887	0.697112806568	0.708237543403	0.671536546627	0.697962531891	0.723262127567	0.704799752559	0.702309644625	0.713156276927	0.697897231693	0.711763434661	0.680285800232	0.723889883028
AH3	0.6805758827	0.481355648591	0.693565027261	0.669741388275	0.685817623249	0.678417677662	0.690761723084	0.679356667132	0.661292653449	0.678595190894	0.665798425764	0.674787548596	0.681607091335	0.663723539666	0.0	0.537208031548	0.678260613462	0.704797795633	0.761917561317	0.693448830568	0.711829155674	0.708775605414	0.692016041974	0.691623764044	0.721271187641	0.6856331048	0.692195965124	0.700869322395	0.694292590463	0.70424135765	0.747800065023	0.714742439865	0.663617133977	0.71649442507	0.69210900824	0.684337532103	0.681553389468	0.686145706705	0.670747113376	0.690092417406	0.67195040533	0.684847711342	0.680267020947	0.689897158665	0.715145457986	0.711474932746	0.703512776147	0.705283716091	0.693760977968	0.705871662673	0.696520928235	0.719833932503	0.697786042856	0.692488324031	0.689937152395	0.695316586197	0.69733171884	0.708373448627	0.701929173332	0.688199041946	0.680547449221	0.694348541938
AH4	0.484601124723	0.366681857326	0.706195527868	0.644573056565	0.676475847453	0.641068440544	0.659692356421	0.653687567145	0.662231287328	0.651911355056	0.663837313575	0.63784082621	0.668925652922	0.645812982164	0.537208031548	0.0	0.689332091879	0.688277159124	0.77079549563	0.665252016738	0.708032458686	0.670218460825	0.692219119165	0.684290251203	0.729332468983	0.669403354206	0.656504800028	0.671488421113	0.679033676939	0.68282539086	0.744228084598	0.69639685708	0.66593995825	0.686240205374	0.675998551505	0.667421366742	0.664158724776	0.656924413116	0.633474531082	0.676317878163	0.640354822023	0.683076996122	0.661409837344	0.65288244763	0.693790283338	0.66927507111	0.690295694895	0.66872162652	0.658311672328	0.668439363797	0.664909366276	0.671727876116	0.653726737517	0.6435421061	0.677283079134	0.647667254598	0.660546375381	0.664520649607	0.669367761793	0.647948079796	0.645444459851	0.649203079493
AA7	0.677314437674	0.686053134594	0.717642648249	0.697736463129	0.685177618076	0.685667337546	0.707547733964	0.706391755232	0.648635097219	0.696087792058	0.669624389297	0.686441122608	0.66959181626	0.725247399058	0.678260613462	0.689332091879	0.0	0.488835947903	0.768319142766	0.678250080342	0.649725597138	0.682814865708	0.669658702127	0.680499648445	0.696186221051	0.693613001047	0.657202454874	0.671958599672	0.674267639029	0.688032969167	0.702300653335	0.563321700188	0.646522070272	0.721942263197	0.704023683098	0.715707556718	0.674958237502	0.692759124917	0.706156311749	0.749411213065	0.727882036934	0.68905012014	0.694386413143	0.713503079805	0.733716449554	0.709884501537	0.735496280462	0.733599494988	0.701179699457	0.739061775824	0.719559767511	0.725723275775	0.702163300057	0.699758225105	0.681671206356	0.716305809721	0.732108965368	0.747956548617	0.731748466131	0.734122255315	0.682998426134	0.712836473929
AA8	0.674116278426	0.689722287508	0.733266857958	0.697555052278	0.695622475717	0.690804836332	0.698368171006	0.697838625065	0.660244990007	0.67826523902	0.680840834266	0.690900957144	0.677620033268	0.714222739965	0.704797795633	0.688277159124	0.488835947903	0.0	0.766370994087	0.645928048493	0.635543787948	0.633413734291	0.675749736885	0.673664785586	0.696020826477	0.664471228227	0.644104320245	0.638839770779	0.654950958012	0.666702003028	0.592842075257	0.448540235788	0.657542032501	0.724012373629	0.701990921122	0.711649589374	0.683736510443	0.694291550365	0.681138266449	0.718590996591	0.707071340806	0.694877000715	0.680863787877	0.694009309822	0.719533340687	0.713631996746	0.719281529939	0.727606025607	0.702460628955	0.724541184195	0.714667182548	0.719297478181	0.67744378264	0.672029972325	0.687695504241	0.692741478345	0.722936434479	0.737138496374	0.727376692739	0.728551874819	0.680594857735	0.696193897737
AB7	0.751886686331	0.76208953244	0.714583473705	0.744488452582	0.764870595387	0.756669257359	0.770679522455	0.78230748026	0.76206960677	0.766803654243	0.759113741139	0.762626699796	0.76980689705	0.746668153195	0.761917561317	0.77079549563	0.768319142766	0.766370994087	0.0	0.562017691535	0.746330331298	0.759183873657	0.782547751727	0.779473462471	0.749001042103	0.77971883094	0.780985587392	0.786197260427	0.739684199595	0.643885888295	0.761066753712	0.779412972607	0.777755557262	0.791229819847	0.777710969485	0.785250715799	0.758043006416	0.770809592768	0.782262476287	0.795241088179	0.790085756083	0.736458420512	0.742350257426	0.774155982982	0.800176186963	0.798958280158	0.822176404872	0.803558046551	0.779214675434	0.791926595412	0.808741550732	0.797042263103	0.787731863751	0.787215136755	0.783918957767	0.79835802078	0.791097478363	0.799864491465	0.798226614271	0.79019931352	0.776240707887	0.802714918953
AB8	0.691306562826	0.67747091469	0.684976088309	0.679000218116	0.684956650062	0.661220839743	0.674838630075	0.653427511574	0.676200200505	0.658501849401	0.672594868999	0.652053923221	0.700650037213	0.696255172183	0.693448830568	0.665252016738	0.678250080342	0.645928048493	0.562017691535	0.0	0.659136254596	0.633682512198	0.686801781999	0.658906235298	0.682442364906	0.664030010807	0.65680017166	0.651702650377	0.494483902303	0.415424184365	0.702808871625	0.652885754961	0.673217681371	0.687023189225	0.678757324814	0.680011991434	0.670995823376	0.669116655375	0.679407799287	0.68537362434	0.66397689001	0.673764560894	0.637213414007	0.652951277938	0.700800417985	0.670240782951	0.741570035745	0.707853507525	0.686776908787	0.687911598356	0.68519453824	0.71395053714	0.674903855552	0.684700656191	0.686163063575	0.679184196009	0.7018778224	0.700756396979	0.713700923696	0.694440625236	0.68370218711	0.697025887984
AC7	0.700651726096	0.707626897815	0.723324174614	0.694471173029	0.718007489743	0.708598491096	0.717983016234	0.710999060965	0.712621910488	0.705649704688	0.686124808382	0.686840406713	0.677513233678	0.721717909237	0.711829155674	0.708032458686	0.649725597138	0.635543787948	0.746330331298	0.659136254596	0.0	0.509179523432	0.686846573039	0.678922560194	0.689465199445	0.683036030914	0.686147353467	0.591400196832	0.638625621346	0.661143753306	0.654059062435	0.646872132917	0.703442850117	0.702738989149	0.726888771404	0.734902246691	0.706935118793	0.727946365643	0.698001749185	0.739233517912	0.720500378802	0.731326179797	0.720728860779	0.709362559778	0.699208258121	0.690095045256	0.752297360267	0.750886188572	0.695196132488	0.729237029924	0.758713940073	0.73714043386	0.70070638048	0.681932962116	0.707689882468	0.695973914906	0.743497646451	0.728709438414	0.748673999167	0.725933532269	0.690082231718	0.747550342982
AC8	0.68799229197	0.669763951545	0.746849743703	0.691341537582	0.707053681159	0.681920827409	0.681117243221	0.67490025925	0.708532723081	0.669068095718	0.701464089867	0.664700612955	0.700576858327	0.709964765588	0.708775605414	0.670218460825	0.682814865708	0.633413734291	0.759183873657	0.633682512198	0.509179523432	0.0	0.694584906147	0.652771032465	0.706119046135	0.651154369699	0.499175901048	0.402314772502	0.633743765716	0.627933279589	0.693493929583	0.632049904161	0.699093868685	0.670701143292	0.707789579424	0.700319479724	0.695526782953	0.69361462578	0.672727093903	0.717471156329	0.691557888144	0.718579008099	0.69867305459	0.691619735891	0.685721966254	0.661006335186	0.734972468231	0.705731224289	0.681419858927	0.697430201587	0.712052022443	0.689851760018	0.676888716135	0.647908108102	0.686641427352	0.669872601818	0.698386395088	0.678940525742	0.717316486115	0.692582244205	0.676958573548	0.696979012037
AD7	0.68348998515	0.68374424672	0.72430074848	0.696360922256	0.731970357482	0.713657697295	0.721692169084	0.706256823384	0.666601887074	0.704016931782	0.679932307298	0.71482985748	0.683236292235	0.702787412651	0.692016041974	0.692219119165	0.669658702127	0.675749736885	0.782547751727	0.686801781999	0.686846573039	0.694584906147	0.0	0.478321227429	0.718357599124	0.545092984428	0.682817641896	0.680392280214	0.665330083864	0.689039493082	0.697074274988	0.670334872218	0.649301167366	0.707335088939	0.72406845339	0.726277459736	0.688222773863	0.695398827233	0.694684410893	0.726880979327	0.704016164708	0.692994492906	0.699922710359	0.702357885658	0.684754836009	0.699424054424	0.709958686315	0.71098888916	0.678318167062	0.70635181198	0.692590273022	0.717163388921	0.691509155354	0.675551369225	0.652594988125	0.701368260037	0.699222821725	0.722920698787	0.71621595239	0.72072067896	0.663189785635	0.697128760532
AD8	0.698575688441	0.681109870965	0.725774377697	0.690109002027	0.719352944812	0.695388059005	0.696120323387	0.681392690713	0.67926974297	0.682081114393	0.697890639507	0.695809501799	0.695447561888	0.697852199401	0.691623764044	0.684290251203	0.680499648445	0.673664785586	0.779473462471	0.658906235298	0.678922560194	0.652771032465	0.478321227429	0.0	0.581114333908	0.4154114371	0.64498772163	0.643267937684	0.642711726488	0.667379977148	0.705047033648	0.672992016369	0.690014845202	0.699709797027	0.722968351857	0.717858890888	0.68896948905	0.687882269938	0.689662455581	0.723947209346	0.701532982704	0.688776498692	0.688364110522	0.690203787147	0.701468558523	0.686777017263	0.719651813813	0.709910246591	0.67902382576	0.70629726261	0.69343749582	0.718504581773	0.677005545063	0.661109981367	0.667220277571	0.679377152969	0.70349820076	0.712310622885	0.717221987856	0.713449027472	0.67837848596	0.708455690866
AE7	0.729966220462	0.72364636772	0.72099345816	0.722380108687	0.719776898713	0.744407603434	0.723696585752	0.734052545275	0.734642274388	0.72081899484	0.761598697581	0.734235421087	0.727991635755	0.727623085811	0.721271187641	0.729332468983	0.696186221051	0.696020826477	0.749001042103	0.682442364906	0.689465199445	0.706119046135	0.718357599124	0.581114333908	0.0	0.516654969206	0.712890221086	0.702255046181	0.680683946222	0.703136231007	0.73308999361	0.699651501562	0.729965272844	0.757675046927	0.745261025499	0.749278358547	0.731616940553	0.750351297817	0.750783012749	0.769085295468	0.755701865221	0.744110777503	0.72773914862	0.73829522483	0.753393025223	0.757475069054	0.772336854812	0.768580055313	0.717493398595	0.761798795941	0.763085276614	0.7830474009	0.743897564245	0.744148374513	0.737079565795	0.754838278552	0.777688942722	0.77971829796	0.775114274405	0.758817895798	0.750524919748	0.77484892385
AE8	0.694853158639	0.674677781126	0.738628851699	0.698982238212	0.717609259182	0.695901334207	0.679998687356	0.674147504486	0.669617257172	0.671945716219	0.702450588029	0.680701627227	0.696876256871	0.698104703806	0.6856331048	0.669403354206	0.693613001047	0.664471228227	0.77971883094	0.664030010807	0.683036030914	0.651154369699	0.545092984428	0.4154114371	0.516654969206	0.0	0.630521872153	0.640253994797	0.651974491635	0.660707786064	0.70986285077	0.652390167466	0.668804073831	0.702222977302	0.71088063831	0.717681728756	0.696765880519	0.70421492209	0.702267260405	0.720149600926	0.688953075059	0.703207603114	0.680011974998	0.685791519268	0.69268797874	0.687788104137	0.713201438753	0.699509052304	0.679976748304	0.697700539787	0.698696933628	0.721792647369	0.676532397624	0.660612804287	0.674356765642	0.680464186695	0.71355041002	0.693933137684	0.714499824088	0.698623374379	0.685405316774	0.690690022262
AF7	0.674105357583	0.664602259637	0.724894064578	0.677554156409	0.72288672677	0.69764286606	0.697489583099	0.684553277997	0.657146393021	0.689841879939	0.699566540877	0.69606149492	0.685123444565	0.698614731332	0.692195965124	0.656504800028	0.657202454874	0.644104320245	0.780985587392	0.65680017166	0.686147353467	0.499175901048	0.682817641896	0.64498772163	0.712890221086	0.630521872153	0.0	0.454620259133	0.64990931591	0.641568139828	0.726634327573	0.65770852296	0.662910030805	0.704042633881	0.683415796013	0.70906959002	0.686198460305	0.690852773546	0.670539211735	0.700584430695	0.68705844362	0.700403727152	0.661902757086	0.668889095513	0.723842055836	0.71041174024	0.720711933066	0.703654571164	0.686934747163	0.700016715096	0.677932180281	0.706572788146	0.679234264447	0.666588307211	0.686791889274	0.68572099361	0.685222865785	0.702297624249	0.707820844172	0.698992015291	0.670943865482	0.673207305534
AF8	0.690413242127	0.671391866398	0.749029215264	0.691791808996	0.700270745688	0.701793815287	0.689544711831	0.674320614371	0.690524531691	0.676126606688	0.721057529541	0.689652695232	0.697540668559	0.707870259786	0.700869322395	0.671488421113	0.671958599672	0.638839770779	0.786197260427	0.651702650377	0.591400196832	0.402314772502	0.680392280214	0.643267937684	0.702255046181	0.640253994797	0.454620259133	0.0	0.659463095302	0.638634700219	0.710971732438	0.62796114917	0.675866735013	0.67649582115	0.690548395602	0.710480791554	0.683730378899	0.688706981856	0.66717615477	0.716332975395	0.687318915478	0.71769941355	0.695003206748	0.696807655561	0.696359495506	0.688336533144	0.730050516299	0.714334742697	0.669356196481	0.69247149677	0.703598667336	0.700006058274	0.67092548025	0.655539055356	0.682951493845	0.668292837911	0.69730369517	0.692674842546	0.727471548818	0.699418851279	0.665794513994	0.697486305587
AG7	0.695188068757	0.691828412015	0.677776232326	0.678804388755	0.711605301833	0.711906353994	0.701050768424	0.668095038135	0.662491612298	0.684843859279	0.696440604235	0.6945772123	0.691383540016	0.695383826945	0.694292590463	0.679033676939	0.674267639029	0.654950958012	0.739684199595	0.494483902303	0.638625621346	0.633743765716	0.665330083864	0.642711726488	0.680683946222	0.651974491635	0.64990931591	0.659463095302	0.0	0.473848016008	0.676338196268	0.646191222692	0.676252829837	0.706990935644	0.705283028387	0.686915914117	0.656463406205	0.680030726463	0.686738561729	0.712142049338	0.681346821163	0.708571901445	0.678143090182	0.658360015795	0.713491259858	0.684738433454	0.72386458393	0.717948108365	0.673399179006	0.698548811809	0.686395101523	0.721154756029	0.664431065855	0.670934421823	0.679906554909	0.689869760094	0.696949109718	0.714457104275	0.700736729384	0.709508343109	0.667894009224	0.694683443116
AG8	0.68657484292	0.675464654759	0.714052981019	0.685728150658	0.702613833781	0.67791463485	0.674039774859	0.668918502897	0.672740475197	0.662634032204	0.681253492328	0.678672222228	0.697825224591	0.694647117146	0.70424135765	0.68282539086	0.688032969167	0.666702003028	0.643885888295	0.415424184365	0.661143753306	0.627933279589	0.689039493082	0.667379977148	0.703136231007	0.660707786064	0.641568139828	0.638634700219	0.473848016008	0.0	0.701716408297	0.648954976052	0.66872472079	0.686442978293	0.687370897644	0.688640201043	0.674544885937	0.686271833008	0.697598739749	0.702076612972	0.691992457967	0.698182117681	0.663778751828	0.674348526179	0.698548856587	0.68231414047	0.731455954323	0.707740278951	0.674986535158	0.696874279429	0.686447867871	0.703391739028	0.6773837757	0.667929165664	0.685189237584	0.680326522564	0.693493218899	0.685959417979	0.702121415221	0.70907487629	0.6687396042	0.691796545799
AH7	0.736185334965	0.747867685669	0.757582431276	0.746821148278	0.765163773553	0.755157143405	0.725588076456	0.716459845033	0.723616126377	0.733680047781	0.715338687324	0.730165431369	0.732469462206	0.756102236431	0.747800065023	0.744228084598	0.702300653335	0.592842075257	0.761066753712	0.702808871625	0.654059062435	0.693493929583	0.697074274988	0.705047033648	0.73308999361	0.70986285077	0.726634327573	0.710971732438	0.676338196268	0.701716408297	0.0	0.515492678694	0.719740077086	0.763704045174	0.771110562608	0.775020202945	0.748127169633	0.763581539918	0.749175276127	0.761076537153	0.760447585169	0.751984130521	0.759813743891	0.750082720203	0.762284264533	0.763383398436	0.776611483693	0.775062650441	0.743128565437	0.773122069944	0.780471403192	0.77732802448	0.748460983605	0.729617039234	0.734731876233	0.741731064202	0.777638296927	0.785834993062	0.788284224516	0.763891830796	0.752109185156	0.756370549983
AH8	0.704778426871	0.696590159617	0.741688949793	0.712195190385	0.706813660244	0.701302602434	0.704153429601	0.692998584059	0.668449314786	0.68596006127	0.705777128155	0.685629158541	0.698562150873	0.720985530472	0.714742439865	0.69639685708	0.563321700188	0.448540235788	0.779412972607	0.652885754961	0.646872132917	0.632049904161	0.670334872218	0.672992016369	0.699651501562	0.652390167466	0.65770852296	0.62796114917	0.646191222692	0.648954976052	0.515492678694	0.0	0.660418758008	0.719155402354	0.704308267279	0.720958395422	0.701794524485	0.705154809214	0.712777807136	0.720019765635	0.705545533023	0.713837381291	0.693168474054	0.712186373705	0.711490033963	0.720666128369	0.735834000186	0.730860219811	0.713140844312	0.73154737987	0.727778935066	0.723820891423	0.696409011134	0.682462242447	0.690691737344	0.704326421269	0.745067839112	0.722642063743	0.747758985106	0.730832499014	0.695847695049	0.692437048378
AA5	0.653730215151	0.666423146997	0.701042025111	0.684645596405	0.667967887431	0.659191750221	0.700832125884	0.699619849561	0.590432908162	0.685406301042	0.629363492755	0.661784230896	0.677350399724	0.692979214848	0.663617133977	0.66593995825	0.646522070272	0.657542032501	0.777755557262	0.673217681371	0.703442850117	0.699093868685	0.649301167366	0.690014845202	0.729965272844	0.668804073831	0.662910030805	0.675866735013	0.676252829837	0.66872472079	0.719740077086	0.660418758008	0.0	0.586386474332	0.671941408041	0.681053870682	0.639469745427	0.635156050629	0.683295043663	0.695027439863	0.683199454149	0.649410996215	0.626632198469	0.661889396885	0.709742208542	0.653417139546	0.694048082694	0.70542085028	0.684807874404	0.699509508887	0.683159200353	0.704147974472	0.67308817791	0.67732647598	0.66111088358	0.704167786329	0.670418346781	0.697170660839	0.668474500435	0.698094516364	0.635003160085	0.681338030184
AA6	0.688429046596	0.675415272227	0.771050937347	0.708964906936	0.691552748068	0.657849646751	0.675752573488	0.664026392869	0.696158228151	0.656082489967	0.682435757367	0.664135878501	0.693977562544	0.712638913785	0.71649442507	0.686240205374	0.721942263197	0.724012373629	0.791229819847	0.687023189225	0.702738989149	0.670701143292	0.707335088939	0.699709797027	0.757675046927	0.702222977302	0.704042633881	0.67649582115	0.706990935644	0.686442978293	0.763704045174	0.719155402354	0.586386474332	0.0	0.699239465416	0.68505499268	0.660867034141	0.638805947134	0.671700991808	0.688841226714	0.66805893963	0.694508726373	0.673928414517	0.684084443557	0.484632667517	0.41597041913	0.688069448577	0.688913485845	0.666540094721	0.672459326648	0.676356218475	0.659180376339	0.665580322312	0.679656078514	0.694555902293	0.687106442239	0.671398371327	0.668843679959	0.696612850584	0.679833250585	0.650029947116	0.691166106402
AB5	0.685603656003	0.662828451231	0.718466553767	0.678243091894	0.690652976688	0.656525964556	0.687960668713	0.672571221783	0.677630458197	0.676531169937	0.670219843707	0.681410180827	0.695928069417	0.680979618337	0.69210900824	0.675998551505	0.704023683098	0.701990921122	0.777710969485	0.678757324814	0.726888771404	0.707789579424	0.72406845339	0.722968351857	0.745261025499	0.71088063831	0.683415796013	0.690548395602	0.705283028387	0.687370897644	0.771110562608	0.704308267279	0.671941408041	0.699239465416	0.0	0.431501635652	0.658628077092	0.678449681549	0.655005100398	0.6626374873	0.657816253305	0.698991830592	0.668822943041	0.653173112131	0.711432350689	0.692047800233	0.682053069198	0.715908644153	0.673500078903	0.702004999054	0.697854867659	0.687559811618	0.659227996923	0.697302310674	0.697946226392	0.685001497607	0.707442570593	0.679523187905	0.698939379413	0.697122294876	0.644444025283	0.690474960478
AB6	0.693486692729	0.655345196839	0.751736654041	0.679385606704	0.681256198607	0.657716499942	0.674930921645	0.665434040635	0.69371614155	0.653415445221	0.683066552417	0.66351249618	0.685985217129	0.700420914766	0.684337532103	0.667421366742	0.715707556718	0.711649589374	0.785250715799	0.680011991434	0.734902246691	0.700319479724	0.726277459736	0.717858890888	0.749278358547	0.717681728756	0.70906959002	0.710480791554	0.686915914117	0.688640201043	0.775020202945	0.720958395422	0.681053870682	0.68505499268	0.431501635652	0.0	0.660714541761	0.658022717857	0.658904310479	0.663067355506	0.639603737145	0.694877813556	0.654401025912	0.550374365522	0.683501037602	0.654333432916	0.671046833778	0.689342371494	0.658296179831	0.665048939673	0.674993830465	0.669795170613	0.664030327585	0.674231172901	0.693427432366	0.679836924175	0.670543435304	0.677660016885	0.670837601043	0.67742849326	0.6542397723	0.677479610762
AC5	0.642456006795	0.649843720348	0.717013973494	0.663857365713	0.679704235925	0.661033249937	0.686408147875	0.672208801261	0.654810431577	0.667971811504	0.650374274152	0.673174702813	0.684707747606	0.686700263212	0.681553389468	0.664158724776	0.674958237502	0.683736510443	0.758043006416	0.670995823376	0.706935118793	0.695526782953	0.688222773863	0.68896948905	0.731616940553	0.696765880519	0.686198460305	0.683730378899	0.656463406205	0.674544885937	0.748127169633	0.701794524485	0.639469745427	0.660867034141	0.658628077092	0.660714541761	0.0	0.488763053036	0.623377534973	0.68079530167	0.652892666333	0.662717179523	0.618856741685	0.64280388374	0.665328493636	0.651151219145	0.656449089846	0.699845048781	0.631888838981	0.668318887099	0.66158219522	0.64746185984	0.646328380694	0.643785066913	0.629743436865	0.663219539	0.656047190171	0.668511488148	0.645331901101	0.676628099599	0.635485857649	0.677796477593
AC6	0.653469582188	0.643331492087	0.726155626785	0.67644819912	0.679961360651	0.65003193273	0.670512841955	0.682092478941	0.671437573533	0.65009262065	0.662544742563	0.663313934329	0.685731362717	0.678023958246	0.686145706705	0.656924413116	0.692759124917	0.694291550365	0.770809592768	0.669116655375	0.727946365643	0.69361462578	0.695398827233	0.687882269938	0.750351297817	0.70421492209	0.690852773546	0.688706981856	0.680030726463	0.686271833008	0.763581539918	0.705154809214	0.635156050629	0.638805947134	0.678449681549	0.658022717857	0.488763053036	0.0	0.619677705093	0.67640927731	0.635615301878	0.557104538177	0.516830330634	0.63450545325	0.662467169288	0.646524152695	0.64801209826	0.67095194943	0.625799570989	0.648890924818	0.641033585622	0.641570264732	0.646008617268	0.651182508576	0.659194398902	0.660046470925	0.628982227914	0.658123659809	0.634355634068	0.66206767964	0.637025792765	0.682267635118
AD6	0.663375239316	0.638775367265	0.76119941071	0.670790144336	0.680209163392	0.664864367925	0.626604764675	0.64191069865	0.674431357718	0.615902633301	0.677080955	0.676107190053	0.680470280801	0.694636512126	0.670747113376	0.633474531082	0.706156311749	0.681138266449	0.782262476287	0.679407799287	0.698001749185	0.672727093903	0.694684410893	0.689662455581	0.750783012749	0.702267260405	0.670539211735	0.66717615477	0.686738561729	0.697598739749	0.749175276127	0.712777807136	0.683295043663	0.671700991808	0.655005100398	0.658904310479	0.623377534973	0.619677705093	0.0	0.557606067663	0.426684226276	0.67536274993	0.645523335901	0.674670299021	0.668561230202	0.672508225953	0.67080950104	0.694761777516	0.641162029413	0.634976859445	0.685604942009	0.682181941444	0.656595461482	0.64136616854	0.665974384573	0.653246225417	0.633030093508	0.670059818854	0.667578304996	0.634491928361	0.63202390097	0.658351446036
AE5	0.697721157485	0.664326069505	0.770276573268	0.705157576245	0.669776065449	0.670609462385	0.658555374289	0.651661110007	0.69599380558	0.647076809954	0.69629932629	0.659172786516	0.718152380227	0.707199660773	0.690092417406	0.676317878163	0.749411213065	0.718590996591	0.795241088179	0.68537362434	0.739233517912	0.717471156329	0.726880979327	0.723947209346	0.769085295468	0.720149600926	0.700584430695	0.716332975395	0.712142049338	0.702076612972	0.761076537153	0.720019765635	0.695027439863	0.688841226714	0.6626374873	0.663067355506	0.68079530167	0.67640927731	0.557606067663	0.0	0.44510877593	0.70568267632	0.672046252872	0.659895789322	0.681642763387	0.686367938159	0.697834257968	0.705420692261	0.667262585891	0.663024039314	0.684962524227	0.691155121019	0.661431251494	0.658672495343	0.683580988923	0.658151625059	0.666633477789	0.679720395283	0.678445717455	0.652756312786	0.657685763962	0.685579984769
AE6	0.689852329316	0.643009338375	0.767752569156	0.699870526466	0.660363672258	0.651277919559	0.622524634591	0.623811843477	0.687096232896	0.615510525847	0.688028067485	0.629330353773	0.704287184742	0.71369040653	0.67195040533	0.640354822023	0.727882036934	0.707071340806	0.790085756083	0.66397689001	0.720500378802	0.691557888144	0.704016164708	0.701532982704	0.755701865221	0.688953075059	0.68705844362	0.687318915478	0.681346821163	0.691992457967	0.760447585169	0.705545533023	0.683199454149	0.66805893963	0.657816253305	0.639603737145	0.652892666333	0.635615301878	0.426684226276	0.44510877593	0.0	0.67912611228	0.634013991196	0.643968039408	0.660235546026	0.652800295322	0.675284559623	0.679056759988	0.647524230799	0.624676118411	0.666982298369	0.681126811969	0.652602029358	0.638248853631	0.669361666426	0.636123357034	0.642432468456	0.672640537595	0.666337462064	0.620156328223	0.639507393589	0.653888658467
AF5	0.697314085162	0.689318318633	0.719995226036	0.681521136356	0.675600500912	0.664925319857	0.695554134442	0.700947407439	0.654805764704	0.682750613034	0.681474332343	0.672577279284	0.67698403755	0.699868781326	0.684847711342	0.683076996122	0.68905012014	0.694877000715	0.736458420512	0.673764560894	0.731326179797	0.718579008099	0.692994492906	0.688776498692	0.744110777503	0.703207603114	0.700403727152	0.71769941355	0.708571901445	0.698182117681	0.751984130521	0.713837381291	0.649410996215	0.694508726373	0.698991830592	0.694877813556	0.662717179523	0.557104538177	0.67536274993	0.70568267632	0.67912611228	0.0	0.47970451322	0.673713017017	0.705678861109	0.687930123749	0.702897698403	0.706532662711	0.671211205268	0.685365802986	0.694891387179	0.713008463347	0.6955162594	0.709666563997	0.699403196311	0.70242926319	0.678354892583	0.728683656349	0.684443521296	0.691129682639	0.656822462145	0.716820256166
AF6	0.677957847922	0.652509453525	0.713228926377	0.652977696189	0.666491970681	0.653836593994	0.669988225467	0.671730832338	0.659953465774	0.655197053617	0.676288675697	0.638054188272	0.668158571397	0.675903515911	0.680267020947	0.661409837344	0.694386413143	0.680863787877	0.742350257426	0.637213414007	0.720728860779	0.69867305459	0.699922710359	0.688364110522	0.72773914862	0.680011974998	0.661902757086	0.695003206748	0.678143090182	0.663778751828	0.759813743891	0.693168474054	0.626632198469	0.673928414517	0.668822943041	0.654401025912	0.618856741685	0.516830330634	0.645523335901	0.672046252872	0.634013991196	0.47970451322	0.0	0.613843182088	0.679784719823	0.665955682188	0.678433747435	0.680144225399	0.654698350813	0.637816048326	0.667659483438	0.692771069961	0.683224947113	0.677919086817	0.672238530538	0.68903930249	0.660855380179	0.679460823842	0.651657348912	0.644703944767	0.651399923803	0.666592208652
