	AA3	AA4	AB3	AB4	AC3	AC4	AD3	AD4	AE3	AE4	AF3	AF4	AG3	AG4	AH3	AH4	AA7	AA8	AB7	AB8	AC7	AC8	AD7	AD8	AE7	AE8	AF7	AF8	AG7	AG8	AH7	AH8	AA5	AA6	AB5	AB6	AC5	AC6	AD6	AE5	AE6	AF5	AF6	AG5	AH5	AH6	AA1	AA2	AB1	AB2	AC1	AC2	AD1	AD2	AE1	AE2	AF1	AF2	AG1	AG2	AH1	AH2
AA3	0.0	0.483632325441	0.669025760134	0.633484779682	0.670972041909	0.658458428683	0.692106514744	0.702691363304	0.648437094838	0.70520011136	0.650033920106	0.679096156521	0.632877600849	0.608943236576	0.676513157642	0.481222181832	0.687658529334	0.678789882984	0.756251485256	0.676147913275	0.694114932189	0.691344371588	0.661056943692	0.694694240837	0.731285531099	0.688776088065	0.673742167574	0.674644156138	0.689864199756	0.682494480679	0.740410952742	0.692415593133	0.646111062798	0.692822713635	0.677076869316	0.68936099937	0.649383025382	0.661758702309	0.672200243683	0.688348089013	0.678779819945	0.674027266115	0.670058276975	0.654637028491	0.71679121103	0.696567344963	0.67483026897	0.703345292976	0.637517569259	0.698474862884	0.662221942218	0.675891249163	0.639946894012	0.670075336553	0.680744157335	0.671879104804	0.661112948756	0.675208778673	0.665136452413	0.677787940742	0.639569462738	0.687758785376
AA4	0.483632325441	0.0	0.692786511597	0.621470429775	0.663783353827	0.633219200638	0.66355932325	0.660469620049	0.675272860109	0.658820135372	0.667447553096	0.652428768869	0.653160150312	0.623364876519	0.510935340025	0.363179309864	0.693825914783	0.679835691904	0.777001396004	0.67716842335	0.709282822607	0.674174756432	0.682467022306	0.689941118575	0.732592244729	0.665213393853	0.662562282557	0.658561540803	0.69976188237	0.683304725167	0.747238537796	0.673039761532	0.672052207286	0.678694130118	0.659230749397	0.664763526468	0.666400288559	0.647287045218	0.640308153632	0.666822924017	0.645398426753	0.683565411876	0.666692910553	0.64456444396	0.699327270379	0.67162271333	0.677571434292	0.652592616503	0.647852284596	0.665234208376	0.66438273605	0.65665312932	0.641215102539	0.644751481703	0.668823493578	0.65747750064	0.632585554739	0.672214694259	0.657162240805	0.647970588341	0.651009765692	0.643501930211
AB3	0.669025760134	0.692786511597	0.0	0.626052738403	0.715306999263	0.738766164215	0.733575715994	0.73828445783	0.707318591057	0.748695873671	0.721947083428	0.748708249916	0.717287051874	0.583990917225	0.679136093231	0.684428950653	0.709884146302	0.736975056002	0.702688112987	0.683759099352	0.716633711618	0.727981394111	0.720837588561	0.740504494585	0.699307319452	0.733991286329	0.702697819169	0.713631827977	0.702226612471	0.699363537049	0.754291520465	0.730638986829	0.700363620516	0.769616177838	0.704475535238	0.729766828917	0.716129250768	0.740336913677	0.735875163625	0.746364646919	0.752817413592	0.692727502769	0.704491900372	0.736461088874	0.794069141892	0.776104896273	0.760941705777	0.761222676452	0.715778131024	0.755206533839	0.743521823923	0.757743044173	0.724317992911	0.741545995967	0.744511871394	0.749771597204	0.74643495889	0.768882008909	0.747157331994	0.751781859702	0.705240966739	0.744136720884
AB4	0.633484779682	0.621470429775	0.626052738403	0.0	0.694033224508	0.68585129117	0.688469288403	0.681575682303	0.685597214689	0.695369871977	0.682152464089	0.691088723861	0.433573530476	0.407550301456	0.671025793493	0.64064758989	0.713216603112	0.707718030391	0.756260251215	0.67273207474	0.706230008183	0.688882861488	0.68144814856	0.696022833792	0.724863199198	0.686373339436	0.675834252107	0.660054598825	0.690965438024	0.694149871751	0.745902328946	0.708341123361	0.696820853729	0.705444442876	0.692731554499	0.675314042428	0.692804577569	0.673247599991	0.684261669623	0.7019253149	0.705000688593	0.654353383614	0.672714912346	0.676867123237	0.737329182545	0.727340951796	0.708254205028	0.699802342949	0.634984977647	0.691659072796	0.699394078217	0.700060203076	0.665476346442	0.688261325105	0.699892187591	0.697020685791	0.683187442035	0.715285310346	0.688559206437	0.68019887829	0.679105565207	0.685627458463
AC3	0.670972041909	0.663783353827	0.715306999263	0.694033224508	0.0	0.51827627075	0.664047037365	0.672038479853	0.646273196963	0.663163065381	0.682215683205	0.456867436414	0.687211939773	0.658696938307	0.661620845093	0.655830035126	0.659233142661	0.67678591979	0.755637793019	0.670441501586	0.699901450307	0.688363981945	0.702421800719	0.716821553861	0.710104152123	0.719361482425	0.7123316508	0.701995443223	0.693978947242	0.681121360241	0.739238427814	0.676808636768	0.662536053537	0.695573767525	0.677779501758	0.676958733102	0.686010600514	0.664346180792	0.688720562347	0.658483436889	0.65582601092	0.651209838203	0.647674538371	0.660599725999	0.72913476586	0.699399541627	0.720781480422	0.706564045136	0.677286149603	0.675907854866	0.687921594728	0.68687615698	0.680039331762	0.689859365172	0.677062763121	0.683831996599	0.701854322355	0.69278154765	0.697810362963	0.664966988541	0.677878164459	0.701690455893
AC4	0.658458428683	0.633219200638	0.738766164215	0.68585129117	0.51827627075	0.0	0.670342982896	0.664905562457	0.65095472337	0.665709196482	0.508714295974	0.396456107128	0.673436371684	0.663968925424	0.653820036599	0.617910286823	0.671949407153	0.674589747773	0.750746885704	0.651267244221	0.700098148109	0.673941531352	0.685590513317	0.697523368239	0.743058091626	0.701151884162	0.684866258113	0.684229726896	0.684777411881	0.657961846171	0.736651082172	0.684017815287	0.665381930387	0.675762086189	0.675390185894	0.664569656637	0.666780542678	0.652655478266	0.655379045874	0.657925637746	0.655406467603	0.652432106839	0.632585608162	0.639054801277	0.696697458555	0.663381682403	0.71737429768	0.681143366802	0.670051681281	0.681580657681	0.682977692145	0.666620470858	0.688476847946	0.688082344655	0.686820207705	0.696226585256	0.670718064724	0.6493779408	0.670625655402	0.669911490873	0.646339226894	0.661820086608
AD3	0.692106514744	0.66355932325	0.733575715994	0.688469288403	0.664047037365	0.670342982896	0.0	0.389806034788	0.678283102154	0.351327010497	0.701634630719	0.665160208777	0.702259751553	0.677538697352	0.689350068811	0.66546390385	0.715035158231	0.697722429189	0.773103149616	0.671386266735	0.713929232797	0.675895363756	0.709865906073	0.692946078233	0.721358371159	0.679077557263	0.705459690776	0.688503353733	0.702551789739	0.678023127037	0.722817320493	0.698263644724	0.700321603341	0.672909802181	0.67595906755	0.665538769441	0.687909478927	0.670897290621	0.617073172527	0.63854848707	0.616137069022	0.678053127678	0.669336964991	0.680730231987	0.701289225571	0.682802244133	0.700105456687	0.663726808788	0.673791025583	0.659556120562	0.713508933081	0.693868076874	0.679077001917	0.666948081349	0.69110724408	0.683478174792	0.681515082807	0.692501305957	0.692820878135	0.655798714227	0.694310185964	0.65662771265
AD4	0.702691363304	0.660469620049	0.73828445783	0.681575682303	0.672038479853	0.664905562457	0.389806034788	0.0	0.61363547767	0.374915421575	0.688538128036	0.669554939049	0.704977683468	0.686655085285	0.689092349088	0.665903821371	0.709907862068	0.686768577635	0.779542687032	0.655966254583	0.709818224982	0.663110966601	0.693927189243	0.677235222868	0.725429975218	0.666692351633	0.691330490658	0.675278897077	0.679541954028	0.65679669157	0.705019059606	0.657696550884	0.690673064594	0.662246203669	0.673819915662	0.667495041023	0.679225058235	0.680705707156	0.626537220612	0.653911078468	0.635757478137	0.681835845434	0.681135983267	0.687086156041	0.680653839211	0.66692048164	0.708225845373	0.665966695846	0.685306335917	0.674285494122	0.711725259632	0.69548992905	0.675890517316	0.675390443521	0.678427873208	0.679270728418	0.680655563083	0.701474461834	0.699664785974	0.664385481673	0.684063922766	0.637864193508
AE3	0.648437094838	0.675272860109	0.707318591057	0.685597214689	0.646273196963	0.65095472337	0.678283102154	0.61363547767	0.0	0.646839322796	0.662306869878	0.662192824393	0.683366004248	0.670183122739	0.66413824763	0.664826723685	0.662776066803	0.682644713818	0.7642975506	0.679101137146	0.720160029915	0.716177366771	0.654608769519	0.68925589346	0.747997880022	0.713834144724	0.688095143428	0.702413274334	0.665230186617	0.682238664817	0.72460690403	0.679177088049	0.623008092215	0.705270887316	0.687370169429	0.694443609116	0.653932742316	0.686786501305	0.679803889118	0.677655056085	0.679952060413	0.653899167764	0.648498318388	0.666320425556	0.741349229689	0.711165037382	0.703997034826	0.732129788782	0.684746985327	0.716729390123	0.700493968283	0.715523857348	0.670954273968	0.69705453426	0.667775241636	0.706606995059	0.705260064956	0.711534599293	0.709947987101	0.70139674213	0.651652726907	0.715512493576
AE4	0.70520011136	0.658820135372	0.748695873671	0.695369871977	0.663163065381	0.665709196482	0.351327010497	0.374915421575	0.646839322796	0.0	0.706691954516	0.667615761962	0.706729303539	0.686013505158	0.700910114195	0.661710687082	0.725898200665	0.694378865194	0.780351450775	0.660727036111	0.715584974269	0.679193882662	0.704744290377	0.688958172254	0.731760866654	0.676644077896	0.700275181615	0.689580098865	0.700386965607	0.661173260735	0.723659893721	0.680385480702	0.704899514508	0.676638347657	0.680039458124	0.661703472121	0.692728724555	0.668365437381	0.628889570101	0.650528604913	0.608291453382	0.677542121612	0.668289542131	0.673565797046	0.708050944615	0.678220547915	0.704810360042	0.664489060674	0.683810018128	0.661557484457	0.710379342812	0.698623898724	0.693508266952	0.671936901787	0.688903722603	0.689728916729	0.673973849672	0.689474887313	0.69119034397	0.642659030973	0.697895786308	0.647561128269
AF3	0.650033920106	0.667447553096	0.721947083428	0.682152464089	0.682215683205	0.508714295974	0.701634630719	0.688538128036	0.662306869878	0.706691954516	0.0	0.553504397184	0.667361527791	0.674769202018	0.676330196502	0.660872748562	0.6734423721	0.691980142476	0.76123230477	0.674464143813	0.67983288349	0.702239253378	0.675443410559	0.698712678223	0.760626941639	0.72086920422	0.702411963988	0.699588050046	0.702776681736	0.676811036435	0.717568918178	0.69062092674	0.63448010459	0.680999960017	0.667365580298	0.683023203832	0.649441153991	0.673562439715	0.661839198404	0.67307255872	0.697405527045	0.675640208307	0.671773722114	0.676725060157	0.704342496964	0.693590944167	0.723248391588	0.707785917811	0.68638640915	0.721622486291	0.707877060617	0.706092281562	0.692467331364	0.704274070515	0.697579612601	0.692891267628	0.684567818594	0.693217902479	0.681367864715	0.714313704647	0.633543048345	0.688621223234
AF4	0.679096156521	0.652428768869	0.748708249916	0.691088723861	0.456867436414	0.396456107128	0.665160208777	0.669554939049	0.662192824393	0.667615761962	0.553504397184	0.0	0.680380190492	0.666580179693	0.673233740274	0.642977310074	0.687592474812	0.703930079812	0.773548211412	0.678885956212	0.709299346114	0.694450482995	0.708163801002	0.711852109978	0.7459852848	0.719363860562	0.702452864182	0.699563044826	0.710190096423	0.675579053929	0.750362033917	0.691950080597	0.66774970956	0.676389612208	0.672808378919	0.660395248684	0.672974992868	0.64890154303	0.673502729325	0.665361934949	0.654031593031	0.6588172605	0.644508121057	0.654222940662	0.704836816119	0.663499984724	0.703973568435	0.673103388875	0.678186293999	0.671873898996	0.684701570632	0.670785050536	0.67839477529	0.693718301427	0.686049431904	0.680730089311	0.688625143306	0.663810565837	0.686166852139	0.675938881382	0.658513983721	0.666019520445
AG3	0.632877600849	0.653160150312	0.717287051874	0.433573530476	0.687211939773	0.673436371684	0.702259751553	0.704977683468	0.683366004248	0.706729303539	0.667361527791	0.680380190492	0.0	0.502171177559	0.678246733839	0.656576219426	0.674218282664	0.679642260525	0.771347090934	0.676320493216	0.681073759523	0.694687457896	0.67209692531	0.695055554652	0.721310708761	0.688420015839	0.684451136727	0.681775404244	0.687085050862	0.69110761823	0.729932767811	0.692541154058	0.688134673598	0.699860160588	0.685628598306	0.672285530229	0.680317972228	0.665092100421	0.684252733522	0.697076547404	0.707336859484	0.660893284785	0.670739188447	0.679367989129	0.719120849152	0.699978688122	0.694149539326	0.709688963948	0.647179633983	0.713734917827	0.691325681049	0.695747667702	0.666760160201	0.685474639386	0.689343023333	0.681588012634	0.700071964124	0.714947983216	0.695066105367	0.694112750598	0.681426983867	0.694096019738
AG4	0.608943236576	0.623364876519	0.583990917225	0.407550301456	0.658696938307	0.663968925424	0.677538697352	0.686655085285	0.670183122739	0.686013505158	0.674769202018	0.666580179693	0.502171177559	0.0	0.653839482608	0.616553117654	0.7105137691	0.701170472246	0.731658016007	0.660325311519	0.709453394789	0.694897297219	0.66952880436	0.692947892745	0.722328377907	0.693996324475	0.678667201028	0.682627118947	0.67197247791	0.668246895205	0.745072326991	0.699059232396	0.688789450944	0.708358279977	0.664728867956	0.664321458584	0.677178128582	0.665388892797	0.676123141865	0.686127404336	0.688516786465	0.643492755005	0.658985368923	0.662152109527	0.744602348819	0.713196285647	0.69849723146	0.695259878437	0.629945446472	0.689334116855	0.672863495684	0.676058495378	0.66478752824	0.676420839288	0.68797171441	0.680440839004	0.682829437292	0.694289544773	0.686357396309	0.677785444577	0.673038622627	0.68400391977
AH3	0.676513157642	0.510935340025	0.679136093231	0.671025793493	0.661620845093	0.653820036599	0.689350068811	0.689092349088	0.66413824763	0.700910114195	0.676330196502	0.673233740274	0.678246733839	0.653839482608	0.0	0.538440344478	0.678831774222	0.706101646001	0.771849556393	0.701771026249	0.723410302331	0.701596099445	0.673646276409	0.690625279235	0.726610512137	0.70620469549	0.693760328661	0.691026578619	0.696439588185	0.698650336511	0.753919623325	0.705130327299	0.657690295504	0.722401731814	0.679795360796	0.69567896535	0.686022671112	0.680382213839	0.670481512519	0.685998975439	0.682928493037	0.680910819219	0.674709948444	0.676054943874	0.726281476654	0.69712670252	0.717139709042	0.687133906801	0.677021677986	0.693697482797	0.699600087353	0.712446578952	0.687349268511	0.683094595667	0.688901309488	0.705399254023	0.70468325537	0.709308600615	0.714191925598	0.693173128142	0.671672036663	0.687949894322
AH4	0.481222181832	0.363179309864	0.684428950653	0.64064758989	0.655830035126	0.617910286823	0.66546390385	0.665903821371	0.664826723685	0.661710687082	0.660872748562	0.642977310074	0.656576219426	0.616553117654	0.538440344478	0.0	0.686307410899	0.685097322641	0.77946566086	0.681325939331	0.715674086463	0.662975153049	0.665736723557	0.679085037016	0.734443563329	0.66984375192	0.639842812411	0.652654553713	0.683973181438	0.683071066574	0.745954435013	0.674773215245	0.657950882505	0.678669585867	0.656950807824	0.65916301038	0.655609116716	0.643684053147	0.635120529888	0.677635952867	0.637581590563	0.668848774059	0.658963934483	0.643814733612	0.696927873625	0.676520740682	0.679017978583	0.662057003241	0.636631555168	0.667160459575	0.648525782033	0.658052757881	0.64811686605	0.650694825139	0.669923733967	0.657426232773	0.63947293672	0.650496923568	0.662353036748	0.647392734348	0.650545466358	0.637449191855
AA7	0.687658529334	0.693825914783	0.709884146302	0.713216603112	0.659233142661	0.671949407153	0.715035158231	0.709907862068	0.662776066803	0.725898200665	0.6734423721	0.687592474812	0.674218282664	0.7105137691	0.678831774222	0.686307410899	0.0	0.498027300546	0.767886461891	0.685925384744	0.642941802358	0.669869463561	0.666775026872	0.692336757921	0.697063109406	0.70053945212	0.675172357511	0.654863406082	0.683008229285	0.673373127283	0.695417322701	0.560285583731	0.64904586926	0.722770967868	0.705795506994	0.719006632409	0.678178260929	0.687645188906	0.700523525574	0.740859733327	0.731789447956	0.696626478097	0.692381968314	0.711252694556	0.748979219206	0.72319445194	0.737747861686	0.731579139218	0.700736831637	0.752023190999	0.703396821918	0.724531048345	0.696368497561	0.705855431317	0.691777831172	0.710564432186	0.745499553699	0.742805715179	0.741058509764	0.743152938174	0.677111111673	0.721300260805
AA8	0.678789882984	0.679835691904	0.736975056002	0.707718030391	0.67678591979	0.674589747773	0.697722429189	0.686768577635	0.682644713818	0.694378865194	0.691980142476	0.703930079812	0.679642260525	0.701170472246	0.706101646001	0.685097322641	0.498027300546	0.0	0.771099629369	0.666640531797	0.640754324455	0.642112569244	0.673299068673	0.68258312743	0.701321931413	0.681078429867	0.677240004561	0.663256946121	0.667984422558	0.657347077766	0.553658877082	0.399568345096	0.673619150426	0.718876369959	0.727119232599	0.717613179268	0.684849452625	0.696366778301	0.706835002727	0.715921974704	0.707831705133	0.709882675553	0.701471720079	0.71022345102	0.73230858158	0.712556042945	0.723817290853	0.706054141046	0.714579525869	0.738767795076	0.718741523695	0.730267109648	0.695531843921	0.683932218485	0.689653127075	0.706543638154	0.736869183996	0.740972839194	0.738795922515	0.735080423752	0.693486086549	0.696768758039
AB7	0.756251485256	0.777001396004	0.702688112987	0.756260251215	0.755637793019	0.750746885704	0.773103149616	0.779542687032	0.7642975506	0.780351450775	0.76123230477	0.773548211412	0.771347090934	0.731658016007	0.771849556393	0.77946566086	0.767886461891	0.771099629369	0.0	0.545247026595	0.74445659182	0.767376986582	0.77893647033	0.799355171706	0.751700767186	0.782039699865	0.779302687484	0.768866755957	0.749807957845	0.630461584484	0.76604862734	0.770001355214	0.780387292724	0.7975029834	0.777614491226	0.787563907594	0.764414067301	0.771403945765	0.791918459984	0.788900883113	0.801392899713	0.726831285457	0.744008400136	0.783325427779	0.81276958001	0.793485096897	0.820994177275	0.79731676382	0.782377788369	0.801628498489	0.809911438231	0.806949614874	0.793177998578	0.793003395907	0.789499333135	0.804648186516	0.799982118796	0.805974615745	0.798689147787	0.784890268295	0.793875696353	0.800209598923
AB8	0.676147913275	0.67716842335	0.683759099352	0.67273207474	0.670441501586	0.651267244221	0.671386266735	0.655966254583	0.679101137146	0.660727036111	0.674464143813	0.678885956212	0.676320493216	0.660325311519	0.701771026249	0.681325939331	0.685925384744	0.666640531797	0.545247026595	0.0	0.636544302959	0.62504110043	0.670330855174	0.678565274789	0.688413703862	0.662774619572	0.673935972803	0.642081906528	0.522307348714	0.418214759174	0.692287136096	0.630614991791	0.668773869908	0.673531065564	0.6831284106	0.671917890537	0.661585324654	0.649491808729	0.670197898972	0.679027671421	0.678673796603	0.65553463987	0.646162117976	0.666380719529	0.696779543465	0.669196015449	0.723581959499	0.694062490857	0.684891822471	0.696675435452	0.690567553569	0.706061925442	0.657052583717	0.66884085589	0.683232996828	0.680850240469	0.69251270754	0.717420515829	0.692505676642	0.682811956767	0.673845965483	0.668509633144
AC7	0.694114932189	0.709282822607	0.716633711618	0.706230008183	0.699901450307	0.700098148109	0.713929232797	0.709818224982	0.720160029915	0.715584974269	0.67983288349	0.709299346114	0.681073759523	0.709453394789	0.723410302331	0.715674086463	0.642941802358	0.640754324455	0.74445659182	0.636544302959	0.0	0.500053121082	0.678521768124	0.68207653638	0.690906923513	0.68162752426	0.684869465071	0.595749615621	0.646144963418	0.621518345638	0.654320673062	0.637185039575	0.699543368861	0.702311470292	0.73408947482	0.72856632673	0.703166148921	0.714574850036	0.70822945776	0.728222407636	0.729824310258	0.731089691645	0.71711494033	0.71439123581	0.709759336424	0.691861371813	0.754379409015	0.735699728072	0.713899969079	0.739370065138	0.754242791512	0.745290489102	0.706870082923	0.69595448235	0.689422577873	0.700911654485	0.749828866565	0.735582936216	0.75160653457	0.731966986366	0.705176968155	0.741097824727
AC8	0.691344371588	0.674174756432	0.727981394111	0.688882861488	0.688363981945	0.673941531352	0.675895363756	0.663110966601	0.716177366771	0.679193882662	0.702239253378	0.694450482995	0.694687457896	0.694897297219	0.701596099445	0.662975153049	0.669869463561	0.642112569244	0.767376986582	0.62504110043	0.500053121082	0.0	0.66199751822	0.636614485646	0.690510368714	0.640902598431	0.50128232897	0.41256474194	0.636239769023	0.61829200671	0.697274217313	0.63776889853	0.687478717019	0.658128531004	0.706708166682	0.697593597647	0.685675060258	0.672799806729	0.655840058947	0.710317709799	0.675538526976	0.700504904521	0.692955336049	0.683243780671	0.676463939323	0.652309641752	0.72082561108	0.69369227277	0.68606849708	0.692996813872	0.702550382581	0.677817758128	0.676961342094	0.667097598842	0.670355425011	0.66635626434	0.688969127926	0.677455606436	0.708437092027	0.68871541301	0.674683032949	0.679352628418
AD7	0.661056943692	0.682467022306	0.720837588561	0.68144814856	0.702421800719	0.685590513317	0.709865906073	0.693927189243	0.654608769519	0.704744290377	0.675443410559	0.708163801002	0.67209692531	0.66952880436	0.673646276409	0.665736723557	0.666775026872	0.673299068673	0.77893647033	0.670330855174	0.678521768124	0.66199751822	0.0	0.451015015376	0.703846075276	0.51539930065	0.65825302912	0.660155368918	0.666567837723	0.668718126203	0.700503321423	0.66999537439	0.641134886855	0.691755676335	0.712582975334	0.706936177669	0.678446758976	0.685303573179	0.681947940647	0.71572906001	0.704835631957	0.668220110062	0.665172108441	0.684687421122	0.710616496486	0.695979542504	0.713938339972	0.709145874099	0.674718754949	0.717191962778	0.697572726247	0.707466855179	0.673016408182	0.665470474869	0.652206172116	0.6905287406	0.690802009065	0.703064569609	0.694466902379	0.701616968045	0.659005315063	0.706595715367
AD8	0.694694240837	0.689941118575	0.740504494585	0.696022833792	0.716821553861	0.697523368239	0.692946078233	0.677235222868	0.68925589346	0.688958172254	0.698712678223	0.711852109978	0.695055554652	0.692947892745	0.690625279235	0.679085037016	0.692336757921	0.68258312743	0.799355171706	0.678565274789	0.68207653638	0.636614485646	0.451015015376	0.0	0.587405883407	0.41341385468	0.634784902495	0.63787478288	0.654392496257	0.670396780448	0.700883096589	0.672709982137	0.672791273069	0.682894318731	0.726141917417	0.704284476158	0.697427928151	0.682558282588	0.681522207443	0.722839556009	0.696797245236	0.688965842872	0.678401295963	0.682339856345	0.711194793996	0.686204630605	0.71392304398	0.705650623513	0.678285558634	0.70597933474	0.710737946951	0.719218636972	0.673404137902	0.663631603678	0.666470015703	0.673368272498	0.70477788191	0.709152725868	0.711096771556	0.704396534458	0.682343242886	0.700079483974
AE7	0.731285531099	0.732592244729	0.699307319452	0.724863199198	0.710104152123	0.743058091626	0.721358371159	0.725429975218	0.747997880022	0.731760866654	0.760626941639	0.7459852848	0.721310708761	0.722328377907	0.726610512137	0.734443563329	0.697063109406	0.701321931413	0.751700767186	0.688413703862	0.690906923513	0.690510368714	0.703846075276	0.587405883407	0.0	0.502190020769	0.711765783867	0.692269972387	0.687860929593	0.700928615336	0.732853532469	0.703324540774	0.722727139968	0.753975064225	0.738759131837	0.746877367157	0.731934925586	0.745116431838	0.755018715186	0.765220048202	0.763341632948	0.740267060037	0.732614891214	0.738665671364	0.768507593437	0.755298050005	0.764065622286	0.770354742813	0.740242845767	0.760358945184	0.77280430284	0.782462721007	0.745032861955	0.74670978772	0.740287171194	0.748699132216	0.77612255686	0.78321797223	0.779500002306	0.762101390321	0.752066156026	0.779898442416
AE8	0.688776088065	0.665213393853	0.733991286329	0.686373339436	0.719361482425	0.701151884162	0.679077557263	0.666692351633	0.713834144724	0.676644077896	0.72086920422	0.719363860562	0.688420015839	0.693996324475	0.70620469549	0.66984375192	0.70053945212	0.681078429867	0.782039699865	0.662774619572	0.68162752426	0.640902598431	0.51539930065	0.41341385468	0.502190020769	0.0	0.649299729766	0.648092926214	0.668001485024	0.66511103624	0.728423155854	0.670814138239	0.699036254814	0.694376148518	0.709041400425	0.715760974244	0.704807787752	0.692130022848	0.704287380798	0.728141091738	0.709240555466	0.7121898038	0.693175545845	0.704172676163	0.717924710917	0.702641087427	0.726583084297	0.711993269157	0.698670693625	0.72794783431	0.723097358086	0.717816448993	0.681407931621	0.678851680659	0.688037713924	0.695060690394	0.707366984923	0.719952838095	0.725525661293	0.697846817152	0.700261420661	0.696344547193
AF7	0.673742167574	0.662562282557	0.702697819169	0.675834252107	0.7123316508	0.684866258113	0.705459690776	0.691330490658	0.688095143428	0.700275181615	0.702411963988	0.702452864182	0.684451136727	0.678667201028	0.693760328661	0.639842812411	0.675172357511	0.677240004561	0.779302687484	0.673935972803	0.684869465071	0.50128232897	0.65825302912	0.634784902495	0.711765783867	0.649299729766	0.0	0.428738340998	0.657993590829	0.666544959152	0.726204355687	0.679435729704	0.68052774902	0.700427920248	0.685873787705	0.698102173251	0.683237666964	0.691168836255	0.673346817279	0.70275121525	0.687628701341	0.690504799469	0.686608963681	0.67658738558	0.731823752054	0.713409417445	0.711015264469	0.694693266154	0.668645360223	0.716430457012	0.689055133899	0.695572649132	0.681320465541	0.673986510276	0.667545620885	0.692919545147	0.683819249014	0.707883997691	0.703362517275	0.698293149446	0.661368406058	0.685657908564
AF8	0.674644156138	0.658561540803	0.713631827977	0.660054598825	0.701995443223	0.684229726896	0.688503353733	0.675278897077	0.702413274334	0.689580098865	0.699588050046	0.699563044826	0.681775404244	0.682627118947	0.691026578619	0.652654553713	0.654863406082	0.663256946121	0.768866755957	0.642081906528	0.595749615621	0.41256474194	0.660155368918	0.63787478288	0.692269972387	0.648092926214	0.428738340998	0.0	0.641081193099	0.635604019363	0.699775440642	0.655424129648	0.683879236937	0.680696768133	0.689670557754	0.682843498954	0.668873824357	0.662052635002	0.652287596799	0.700115297065	0.681329443946	0.678677876804	0.676874775182	0.67810524387	0.710628027508	0.685370917408	0.711287371157	0.690290166278	0.670100363611	0.697828608375	0.69092861882	0.692840719036	0.660881476016	0.661354951715	0.678237211254	0.664923557797	0.681702072001	0.699128406461	0.695659658124	0.693720244889	0.665641551842	0.682390096463
AG7	0.689864199756	0.69976188237	0.702226612471	0.690965438024	0.693978947242	0.684777411881	0.702551789739	0.679541954028	0.665230186617	0.700386965607	0.702776681736	0.710190096423	0.687085050862	0.67197247791	0.696439588185	0.683973181438	0.683008229285	0.667984422558	0.749807957845	0.522307348714	0.646144963418	0.636239769023	0.666567837723	0.654392496257	0.687860929593	0.668001485024	0.657993590829	0.641081193099	0.0	0.465520580134	0.673038873334	0.629238527049	0.685297283375	0.705537389168	0.709596235133	0.691987188428	0.684884394016	0.681422559703	0.694622124957	0.705185682762	0.688170715307	0.680698016152	0.662682625021	0.674334923859	0.72246803691	0.69552308057	0.727171072562	0.71544419819	0.696520550941	0.710982185169	0.693395613521	0.722483774522	0.676849642596	0.684270592509	0.692889400314	0.691839373428	0.712345771213	0.719187833046	0.712811304468	0.705689191436	0.679368866401	0.696038614255
AG8	0.682494480679	0.683304725167	0.699363537049	0.694149871751	0.681121360241	0.657961846171	0.678023127037	0.65679669157	0.682238664817	0.661173260735	0.676811036435	0.675579053929	0.69110761823	0.668246895205	0.698650336511	0.683071066574	0.673373127283	0.657347077766	0.630461584484	0.418214759174	0.621518345638	0.61829200671	0.668718126203	0.670396780448	0.700928615336	0.66511103624	0.666544959152	0.635604019363	0.465520580134	0.0	0.69472973751	0.626297498899	0.682167937923	0.682538124437	0.698026420254	0.670688937263	0.658533005517	0.652649721407	0.673724910101	0.692197299554	0.681635310347	0.675562515359	0.66800195691	0.653851733509	0.698441515201	0.656797421667	0.720229378718	0.691029811772	0.686030901678	0.699391015407	0.689440472018	0.698630183912	0.663289654858	0.663511526185	0.672456868464	0.671992084307	0.689327205101	0.711354236048	0.694402261674	0.68547101796	0.670316687801	0.671038403721
AH7	0.740410952742	0.747238537796	0.754291520465	0.745902328946	0.739238427814	0.736651082172	0.722817320493	0.705019059606	0.72460690403	0.723659893721	0.717568918178	0.750362033917	0.729932767811	0.745072326991	0.753919623325	0.745954435013	0.695417322701	0.553658877082	0.76604862734	0.692287136096	0.654320673062	0.697274217313	0.700503321423	0.700883096589	0.732853532469	0.728423155854	0.726204355687	0.699775440642	0.673038873334	0.69472973751	0.0	0.517292835374	0.713627397413	0.762363281727	0.771575798138	0.764274720394	0.745854035959	0.743406336977	0.755035907186	0.75197171459	0.759592591458	0.745221732247	0.747199372935	0.749057353953	0.772235113732	0.759820850494	0.776869641195	0.755374467535	0.747599741158	0.771002757701	0.787890160687	0.788678853261	0.733491275632	0.727930306947	0.738347260887	0.741601765294	0.779691239088	0.79563346476	0.777305515031	0.777491951052	0.756347848259	0.750860810982
AH8	0.692415593133	0.673039761532	0.730638986829	0.708341123361	0.676808636768	0.684017815287	0.698263644724	0.657696550884	0.679177088049	0.680385480702	0.69062092674	0.691950080597	0.692541154058	0.699059232396	0.705130327299	0.674773215245	0.560285583731	0.399568345096	0.770001355214	0.630614991791	0.637185039575	0.63776889853	0.66999537439	0.672709982137	0.703324540774	0.670814138239	0.679435729704	0.655424129648	0.629238527049	0.626297498899	0.517292835374	0.0	0.666750182905	0.706667780901	0.694473946311	0.703052592332	0.685281881479	0.686364370972	0.686391211036	0.704556272354	0.681961576024	0.701855014226	0.684882074633	0.699528397404	0.715554274205	0.696539690536	0.715973845075	0.69917020848	0.706832642114	0.725317334117	0.725135280729	0.736269394353	0.686810825977	0.673195761995	0.675975569376	0.687689527492	0.716620503776	0.73334034053	0.736264169355	0.715069553989	0.688402115635	0.685653928597
AA5	0.646111062798	0.672052207286	0.700363620516	0.696820853729	0.662536053537	0.665381930387	0.700321603341	0.690673064594	0.623008092215	0.704899514508	0.63448010459	0.66774970956	0.688134673598	0.688789450944	0.657690295504	0.657950882505	0.64904586926	0.673619150426	0.780387292724	0.668773869908	0.699543368861	0.687478717019	0.641134886855	0.672791273069	0.722727139968	0.699036254814	0.68052774902	0.683879236937	0.685297283375	0.682167937923	0.713627397413	0.666750182905	0.0	0.594177039362	0.685715116278	0.684303631097	0.627699619093	0.657020286799	0.666657379706	0.68710663013	0.692962182302	0.657078115982	0.638918770081	0.668426496571	0.721180945034	0.678857885039	0.691540860859	0.7012749334	0.66802657955	0.713943309829	0.684908171926	0.709324876709	0.667447309568	0.688736011982	0.657953013465	0.693230496415	0.670118753706	0.695265905888	0.685080222052	0.706753854803	0.627529993551	0.705368399345
AA6	0.692822713635	0.678694130118	0.769616177838	0.705444442876	0.695573767525	0.675762086189	0.672909802181	0.662246203669	0.705270887316	0.676638347657	0.680999960017	0.676389612208	0.699860160588	0.708358279977	0.722401731814	0.678669585867	0.722770967868	0.718876369959	0.7975029834	0.673531065564	0.702311470292	0.658128531004	0.691755676335	0.682894318731	0.753975064225	0.694376148518	0.700427920248	0.680696768133	0.705537389168	0.682538124437	0.762363281727	0.706667780901	0.594177039362	0.0	0.695315886352	0.66837459837	0.66197996087	0.649514390426	0.654240636697	0.683452249635	0.663937893426	0.683444522	0.669551640203	0.660837685084	0.461954822483	0.416181061282	0.686419152826	0.684724646007	0.673727862234	0.687025005382	0.689143167586	0.67292068806	0.680776693579	0.692786754472	0.68937954554	0.680193998141	0.66359523419	0.663029558469	0.688613644053	0.677750390117	0.658850491882	0.684050661556
AB5	0.677076869316	0.659230749397	0.704475535238	0.692731554499	0.677779501758	0.675390185894	0.67595906755	0.673819915662	0.687370169429	0.680039458124	0.667365580298	0.672808378919	0.685628598306	0.664728867956	0.679795360796	0.656950807824	0.705795506994	0.727119232599	0.777614491226	0.6831284106	0.73408947482	0.706708166682	0.712582975334	0.726141917417	0.738759131837	0.709041400425	0.685873787705	0.689670557754	0.709596235133	0.698026420254	0.771575798138	0.694473946311	0.685715116278	0.695315886352	0.0	0.4617157752	0.660032190475	0.672310514628	0.640182783765	0.636151596586	0.654610574132	0.682802352371	0.667282053071	0.64962868445	0.720419012967	0.691847134559	0.686443582159	0.687361515263	0.673575755505	0.7089328552	0.677181898275	0.686361025385	0.658404385228	0.696093226943	0.699908311284	0.664837801225	0.695604301955	0.700520148553	0.699523127482	0.690799508124	0.650609410212	0.689643892155
AB6	0.68936099937	0.664763526468	0.729766828917	0.675314042428	0.676958733102	0.664569656637	0.665538769441	0.667495041023	0.694443609116	0.661703472121	0.683023203832	0.660395248684	0.672285530229	0.664321458584	0.69567896535	0.65916301038	0.719006632409	0.717613179268	0.787563907594	0.671917890537	0.72856632673	0.697593597647	0.706936177669	0.704284476158	0.746877367157	0.715760974244	0.698102173251	0.682843498954	0.691987188428	0.670688937263	0.764274720394	0.703052592332	0.684303631097	0.66837459837	0.4617157752	0.0	0.664721048617	0.645826184491	0.650860312615	0.639317445955	0.642984815325	0.670597130766	0.643224981439	0.514474326123	0.702009908183	0.671697719725	0.67536806091	0.674550890602	0.64721183188	0.676014278276	0.6678364863	0.667505601388	0.669344126801	0.688526715356	0.678490911215	0.66909634081	0.667430381224	0.68571188271	0.670348547689	0.67548926998	0.653268183348	0.686120028736
AC5	0.649383025382	0.666400288559	0.716129250768	0.692804577569	0.686010600514	0.666780542678	0.687909478927	0.679225058235	0.653932742316	0.692728724555	0.649441153991	0.672974992868	0.680317972228	0.677178128582	0.686022671112	0.655609116716	0.678178260929	0.684849452625	0.764414067301	0.661585324654	0.703166148921	0.685675060258	0.678446758976	0.697427928151	0.731934925586	0.704807787752	0.683237666964	0.668873824357	0.684884394016	0.658533005517	0.745854035959	0.685281881479	0.627699619093	0.66197996087	0.660032190475	0.664721048617	0.0	0.500835392628	0.62264681262	0.656743407619	0.665328940105	0.6638983366	0.57325992994	0.634379116653	0.67653747257	0.650519485378	0.650113563322	0.680205117049	0.625599957499	0.680712876845	0.652380900489	0.653314682253	0.642800112112	0.648341483493	0.626962579936	0.639630260103	0.646096354979	0.654835864264	0.644957373207	0.679024832342	0.629442525558	0.674425022567
AC6	0.661758702309	0.647287045218	0.740336913677	0.673247599991	0.664346180792	0.652655478266	0.670897290621	0.680705707156	0.686786501305	0.668365437381	0.673562439715	0.64890154303	0.665092100421	0.665388892797	0.680382213839	0.643684053147	0.687645188906	0.696366778301	0.771403945765	0.649491808729	0.714574850036	0.672799806729	0.685303573179	0.682558282588	0.745116431838	0.692130022848	0.691168836255	0.662052635002	0.681422559703	0.652649721407	0.743406336977	0.686364370972	0.657020286799	0.649514390426	0.672310514628	0.645826184491	0.500835392628	0.0	0.626682348885	0.660893246741	0.645813031642	0.529013287142	0.479487152029	0.613916957138	0.677075275478	0.650537853524	0.654637253082	0.673045899194	0.620479233319	0.649351918159	0.645007980724	0.652619710748	0.664076168758	0.655453296613	0.671158805943	0.660149594934	0.635812016409	0.661215612606	0.635453695922	0.655574853367	0.650144860774	0.672557909393
AD6	0.672200243683	0.640308153632	0.735875163625	0.684261669623	0.688720562347	0.655379045874	0.617073172527	0.626537220612	0.679803889118	0.628889570101	0.661839198404	0.673502729325	0.684252733522	0.676123141865	0.670481512519	0.635120529888	0.700523525574	0.706835002727	0.791918459984	0.670197898972	0.70822945776	0.655840058947	0.681947940647	0.681522207443	0.755018715186	0.704287380798	0.673346817279	0.652287596799	0.694622124957	0.673724910101	0.755035907186	0.686391211036	0.666657379706	0.654240636697	0.640182783765	0.650860312615	0.62264681262	0.626682348885	0.0	0.520811456759	0.413426409748	0.666860799305	0.648444351904	0.660140427161	0.662321341039	0.658674741024	0.664211362865	0.651361636596	0.625343708519	0.6482562562	0.669769497008	0.659232141056	0.639919275988	0.619560683558	0.640488212774	0.619481684545	0.645582469737	0.652898769767	0.652658581399	0.645323714443	0.639074726609	0.642707538896
AE5	0.688348089013	0.666822924017	0.746364646919	0.7019253149	0.658483436889	0.657925637746	0.63854848707	0.653911078468	0.677655056085	0.650528604913	0.67307255872	0.665361934949	0.697076547404	0.686127404336	0.685998975439	0.677635952867	0.740859733327	0.715921974704	0.788900883113	0.679027671421	0.728222407636	0.710317709799	0.71572906001	0.722839556009	0.765220048202	0.728141091738	0.70275121525	0.700115297065	0.705185682762	0.692197299554	0.75197171459	0.704556272354	0.68710663013	0.683452249635	0.636151596586	0.639317445955	0.656743407619	0.660893246741	0.520811456759	0.0	0.411334120339	0.678932963823	0.657826183743	0.658484726957	0.694887389747	0.690278327268	0.688495505993	0.688513381293	0.653066515278	0.653001603622	0.684140304369	0.68391194067	0.6450020643	0.624247552925	0.667266707098	0.637391760595	0.670580730644	0.68473402945	0.660302934173	0.655498820958	0.646958565448	0.66260443006
AE6	0.678779819945	0.645398426753	0.752817413592	0.705000688593	0.65582601092	0.655406467603	0.616137069022	0.635757478137	0.679952060413	0.608291453382	0.697405527045	0.654031593031	0.707336859484	0.688516786465	0.682928493037	0.637581590563	0.731789447956	0.707831705133	0.801392899713	0.678673796603	0.729824310258	0.675538526976	0.704835631957	0.696797245236	0.763341632948	0.709240555466	0.687628701341	0.681329443946	0.688170715307	0.681635310347	0.759592591458	0.681961576024	0.692962182302	0.663937893426	0.654610574132	0.642984815325	0.665328940105	0.645813031642	0.413426409748	0.411334120339	0.0	0.67160421432	0.647155835954	0.658977582356	0.682764637914	0.66046755231	0.678807598926	0.657815261352	0.645076506578	0.622495509189	0.676408411444	0.670384910436	0.643135127789	0.618771525615	0.665464827879	0.632380138702	0.653994212264	0.651229329806	0.658059166191	0.62875270872	0.639925400639	0.63164186236
AF5	0.674027266115	0.683565411876	0.692727502769	0.654353383614	0.651209838203	0.652432106839	0.678053127678	0.681835845434	0.653899167764	0.677542121612	0.675640208307	0.6588172605	0.660893284785	0.643492755005	0.680910819219	0.668848774059	0.696626478097	0.709882675553	0.726831285457	0.65553463987	0.731089691645	0.700504904521	0.668220110062	0.688965842872	0.740267060037	0.7121898038	0.690504799469	0.678677876804	0.680698016152	0.675562515359	0.745221732247	0.701855014226	0.657078115982	0.683444522	0.682802352371	0.670597130766	0.6638983366	0.529013287142	0.666860799305	0.678932963823	0.67160421432	0.0	0.460370758926	0.650198423827	0.715515636748	0.686630575944	0.710538003616	0.701371254702	0.657332557533	0.68362116792	0.683112202139	0.703542419136	0.672520426238	0.692373503146	0.696429221766	0.693815802197	0.678036215614	0.706965988605	0.673017221345	0.669159478793	0.655343257578	0.697832981647
AF6	0.670058276975	0.666692910553	0.704491900372	0.672714912346	0.647674538371	0.632585608162	0.669336964991	0.681135983267	0.648498318388	0.668289542131	0.671773722114	0.644508121057	0.670739188447	0.658985368923	0.674709948444	0.658963934483	0.692381968314	0.701471720079	0.744008400136	0.646162117976	0.71711494033	0.692955336049	0.665172108441	0.678401295963	0.732614891214	0.693175545845	0.686608963681	0.676874775182	0.662682625021	0.66800195691	0.747199372935	0.684882074633	0.638918770081	0.669551640203	0.667282053071	0.643224981439	0.57325992994	0.479487152029	0.648444351904	0.657826183743	0.647155835954	0.460370758926	0.0	0.605423076835	0.708481013882	0.673542219531	0.656857033857	0.666314059568	0.63964724101	0.653908413922	0.650777899832	0.66718382428	0.650812818942	0.664558943593	0.6675023198	0.662357721547	0.641793419239	0.672045871669	0.632109194065	0.644622025788	0.641913757735	0.669652114273
