	AA3	AA4	AB3	AB4	AC3	AC4	AD3	AD4	AE3	AE4	AF3	AF4	AG3	AG4	AH3	AH4	AA7	AA8	AB7	AB8	AC7	AC8	AD7	AD8	AE7	AE8	AF7	AF8	AG7	AG8	AH7	AH8	AA5	AA6	AB5	AB6	AC5	AC6	AD6	AE5	AE6	AF5	AF6	AG5	AH5	AH6	AA1	AA2	AB1	AB2	AC1	AC2	AD1	AD2	AE1	AE2	AF1	AF2	AG1	AG2	AH1	AH2
AA3	0.0	0.494264893984	0.671543601248	0.633346826883	0.665640241498	0.677893646997	0.683443314881	0.686418727657	0.652258174592	0.685669437862	0.652197595562	0.678478187068	0.646738274265	0.636395000228	0.670834105762	0.49181501722	0.669394340667	0.677727673886	0.7563920411	0.69128781623	0.701258589441	0.692036394699	0.679328178186	0.682924708508	0.730626151369	0.687545894745	0.662500791436	0.683559323481	0.690212324477	0.681893966192	0.734486616737	0.696728240224	0.640924882862	0.685847938616	0.677479062404	0.676476806227	0.638411583446	0.655232574404	0.66570269905	0.680544839156	0.670994424331	0.686224529172	0.671963570819	0.657917728881	0.697237043227	0.687631962308	0.652706390038	0.68488194732	0.654366561511	0.674383386276	0.648525824433	0.685510937978	0.64006474408	0.671521331261	0.666738056416	0.665108464164	0.659194257158	0.682143324497	0.669779311833	0.672126136907	0.632200263573	0.678912976056
AA4	0.494264893984	0.0	0.712333115391	0.634647943983	0.677991386194	0.660654496593	0.650010124283	0.653435194147	0.671695314814	0.652271954717	0.651878894957	0.660092616074	0.668531260416	0.662783646524	0.508026998299	0.351634159699	0.689058592212	0.683498168893	0.772423902374	0.686463193626	0.706642657609	0.67188965107	0.677249674874	0.674041661134	0.733391850999	0.668800865968	0.659079009679	0.657633061437	0.691964301605	0.683173327911	0.742155803742	0.681836778399	0.653587764206	0.672646626986	0.657787759104	0.635738110897	0.656919358752	0.630213344861	0.62366345449	0.660642166526	0.650793641074	0.667997262383	0.653894079081	0.642073502549	0.671534826946	0.667583760063	0.650920589652	0.63139088358	0.657347802219	0.657234188337	0.644494479952	0.666076141945	0.643500354324	0.649257904422	0.655460169935	0.649368749211	0.659025529284	0.667578897392	0.655684970086	0.650250618782	0.639246990597	0.644013681931
AB3	0.671543601248	0.712333115391	0.0	0.653430280359	0.671790635819	0.734550009954	0.738876901483	0.737095025863	0.685378299858	0.735459145091	0.710480576886	0.728599265349	0.705005261818	0.595192738316	0.684569157705	0.699620186845	0.716630471687	0.735914834267	0.74532360502	0.724970413434	0.74172048185	0.744794410822	0.722592127909	0.751847822596	0.729319702843	0.741040681516	0.716282698096	0.73837561888	0.698373359741	0.715094951702	0.767957890416	0.741522056954	0.703172969618	0.767946838258	0.69972787852	0.726127755624	0.711113855991	0.730557820484	0.753767131943	0.739203072951	0.746800026309	0.715537471595	0.715506972111	0.722817407897	0.784617417482	0.767223343438	0.748489730977	0.772235587973	0.729168938827	0.767523778106	0.725802854297	0.754122352121	0.734885318237	0.762466699426	0.749422034307	0.765924359492	0.747872284739	0.755753443397	0.756914873621	0.756170943091	0.722894869488	0.764803663608
AB4	0.633346826883	0.634647943983	0.653430280359	0.0	0.670502134428	0.671916007493	0.684357758305	0.666769685547	0.672074243703	0.67860613841	0.651532826045	0.673943063449	0.430383044625	0.453288600755	0.666606576034	0.655801161147	0.693583577857	0.703064247482	0.753317944496	0.683181181084	0.694289611029	0.679135517782	0.690771325455	0.699037298271	0.721763584345	0.699808077519	0.667083681244	0.682995060214	0.669234689518	0.666519701698	0.737958302967	0.705882677398	0.668068719091	0.6933014757	0.671232270635	0.670269107255	0.668219265234	0.661799452215	0.682896892652	0.671479904946	0.692470946813	0.659496413728	0.660126964328	0.674393654702	0.708216749524	0.704067361601	0.6800889164	0.689672347672	0.647886610734	0.701666490402	0.686778302119	0.705198070513	0.676404659257	0.685147196778	0.688491257199	0.680191391453	0.689841077135	0.709406053069	0.697422896424	0.69406720361	0.661695549024	0.697333010145
AC3	0.665640241498	0.677991386194	0.671790635819	0.670502134428	0.0	0.48795775988	0.667314402662	0.667038024898	0.628064616452	0.662687309715	0.67401915798	0.45560716125	0.698868311142	0.675892938965	0.671218086856	0.680120018685	0.684820777844	0.684554558134	0.756074732355	0.674225189065	0.716741342975	0.701047998683	0.719120584583	0.716961892886	0.71842054369	0.716831224403	0.705314300581	0.70561680717	0.68842982035	0.672403028067	0.759022747047	0.706488184172	0.659083918871	0.695071912315	0.682886580874	0.67782784222	0.666583753418	0.670575577854	0.671484688508	0.649043502194	0.647292615516	0.665103738669	0.672374702659	0.656769892878	0.709152744021	0.700300734576	0.698024794131	0.71191330716	0.676295087353	0.676401636108	0.677113364264	0.687697040832	0.675599650057	0.698101960085	0.676698917349	0.691802348474	0.683194280171	0.695302292428	0.688402452701	0.66542461571	0.670269104423	0.703942727857
AC4	0.677893646997	0.660654496593	0.734550009954	0.671916007493	0.48795775988	0.0	0.649861476838	0.66129735242	0.665499502945	0.663602911535	0.508553307907	0.353051278146	0.683263158513	0.684169457395	0.695795071244	0.656840897649	0.707739070001	0.699557874889	0.766649475575	0.692534277266	0.726585062274	0.697959298048	0.716623407408	0.716698951655	0.757906613568	0.714054746107	0.698528265615	0.683177019616	0.723488260527	0.686468279001	0.761800833926	0.710682072718	0.671628378026	0.676222846863	0.645052854473	0.645048222069	0.65973555999	0.639992016483	0.644927274896	0.649775969456	0.650018495372	0.679262913028	0.663476610952	0.651618416261	0.679021387973	0.67349148115	0.708546106014	0.703221469625	0.687588064702	0.678288515103	0.691996874968	0.66953234366	0.675915256313	0.710449739954	0.714574054543	0.701190129336	0.660517052109	0.678218767339	0.679970549739	0.672851434242	0.675612527716	0.692186086226
AD3	0.683443314881	0.650010124283	0.738876901483	0.684357758305	0.667314402662	0.649861476838	0.0	0.430023151416	0.668426814867	0.332847901608	0.697485565489	0.65937582169	0.706912973118	0.708411161114	0.684390747273	0.656515655879	0.709406657911	0.683851582488	0.76436338266	0.658222223501	0.71308900982	0.672684174298	0.706516904687	0.698871836807	0.714889196328	0.676083131323	0.68065540743	0.643421677495	0.704652896049	0.670506411554	0.746767449437	0.683784458156	0.696076245532	0.662999518698	0.652993558746	0.657677984691	0.671422526729	0.638862180752	0.604089994411	0.630813155787	0.623068219311	0.685602749281	0.646026430013	0.674048485835	0.681538587266	0.674400009536	0.679819172926	0.669217880605	0.659786225787	0.643186336792	0.674380443712	0.68123445691	0.654473738873	0.663477163956	0.68350851275	0.661268451428	0.664986061445	0.673244675716	0.678871365272	0.637462096721	0.684105062204	0.649189542663
AD4	0.686418727657	0.653435194147	0.737095025863	0.666769685547	0.667038024898	0.66129735242	0.430023151416	0.0	0.605217471883	0.407431554441	0.679601372072	0.65218733858	0.699588918373	0.704138924486	0.678810974282	0.658810172867	0.695411592623	0.667362004143	0.777233433327	0.652008570579	0.698374962283	0.657048637569	0.691177225231	0.678799574522	0.721531522431	0.671966885679	0.667903947629	0.640564666848	0.677644095688	0.65219633038	0.696900119528	0.661663197845	0.685662806101	0.654243616495	0.687604318412	0.675912438109	0.663625126793	0.657871280819	0.6141170787	0.632887413062	0.631292617901	0.687660288677	0.669719742634	0.669590596458	0.67053781056	0.665507243465	0.693038658857	0.675634373448	0.662477086089	0.654824071257	0.680322525171	0.685179102734	0.660308517227	0.65890805759	0.657229769853	0.652020615021	0.675564270926	0.68338890758	0.674901250175	0.654634704797	0.669448603281	0.628097067772
AE3	0.652258174592	0.671695314814	0.685378299858	0.672074243703	0.628064616452	0.665499502945	0.668426814867	0.605217471883	0.0	0.629327589201	0.65063886733	0.671985126873	0.661685997654	0.67465384556	0.653230945642	0.67260283387	0.65963586159	0.682137119942	0.764673722464	0.685149751523	0.71965239464	0.712830934885	0.656119419727	0.67279468232	0.733664547983	0.70439720372	0.669663192082	0.699788259576	0.664218858879	0.657579917711	0.732651624948	0.683422672921	0.626018694986	0.706737744366	0.692648875324	0.700959024887	0.64460887321	0.669829213007	0.654900322082	0.665302216913	0.669599278492	0.668917993688	0.673324494614	0.654956715064	0.72659121302	0.718763975368	0.699391212197	0.719463383212	0.690542843658	0.713360768436	0.684736953603	0.725526221151	0.675755584799	0.698430360115	0.668167600941	0.690572774014	0.687160867096	0.738378060831	0.701609208621	0.692205109379	0.643643996926	0.719564210421
AE4	0.685669437862	0.652271954717	0.735459145091	0.67860613841	0.662687309715	0.663602911535	0.332847901608	0.407431554441	0.629327589201	0.0	0.69694599379	0.658684981909	0.706263545036	0.711283698562	0.688335981097	0.663410800714	0.708232938263	0.681513781459	0.772654726687	0.657385916074	0.717544357049	0.675771854181	0.70576302347	0.693347909086	0.726669366232	0.681049595817	0.682361167871	0.656663601954	0.692663438138	0.650771580092	0.750084493466	0.682732335981	0.701074339682	0.662523382412	0.678003317945	0.658472167305	0.676472380328	0.663113589866	0.611875085648	0.629324701904	0.611999399694	0.687125867461	0.663559133245	0.663784409175	0.685423989681	0.672848970867	0.676582425828	0.666452771863	0.67368230778	0.655997193793	0.675050451733	0.682661886175	0.66846184112	0.668373937978	0.675938432901	0.661625496234	0.688709301916	0.682951616115	0.675588848728	0.654382770758	0.689850179893	0.660842398607
AF3	0.652197595562	0.651878894957	0.710480576886	0.651532826045	0.67401915798	0.508553307907	0.697485565489	0.679601372072	0.65063886733	0.69694599379	0.0	0.530034006049	0.670028504218	0.668251410962	0.665366335209	0.668341997308	0.684522502375	0.685887549581	0.753364907891	0.684858234554	0.68875468438	0.714125942101	0.681484565539	0.695951871013	0.759913109285	0.718718179183	0.700246365473	0.704743774255	0.704285345563	0.670465873102	0.713726451003	0.699009022778	0.626141992311	0.68505660973	0.672040847796	0.660348851306	0.65341670357	0.655444177069	0.674469676101	0.668309243482	0.690833813714	0.679940997173	0.672733867165	0.664069126707	0.696411028506	0.683688196032	0.721620560708	0.721501846304	0.68673783726	0.712273250678	0.709380601858	0.717490108359	0.706695444498	0.710522620368	0.701265318069	0.714496942745	0.680717441704	0.725047818768	0.694783348245	0.714242361452	0.66220373926	0.715023330582
AF4	0.678478187068	0.660092616074	0.728599265349	0.673943063449	0.45560716125	0.353051278146	0.65937582169	0.65218733858	0.671985126873	0.658684981909	0.530034006049	0.0	0.701493866351	0.694939591701	0.695088800606	0.672550009986	0.71300128157	0.695397348028	0.767660952034	0.682462432367	0.706815671027	0.681070013463	0.702404306936	0.700893282219	0.733580733827	0.702709384289	0.70265425826	0.684899784295	0.713771146645	0.68258963238	0.76094033719	0.701542564053	0.661155398363	0.664902057723	0.670890269434	0.657918706221	0.670434718262	0.655866077932	0.664359054951	0.645683885568	0.652897056524	0.671926705632	0.673621273548	0.65328910901	0.673448561699	0.668032356571	0.70342420745	0.698944361443	0.674619201673	0.673715626738	0.690379946224	0.675106809883	0.672391180203	0.689297514074	0.693145318047	0.680627955949	0.68087184471	0.685215004996	0.682102211614	0.671423030571	0.665156770423	0.702208344634
AG3	0.646738274265	0.668531260416	0.705005261818	0.430383044625	0.698868311142	0.683263158513	0.706912973118	0.699588918373	0.661685997654	0.706263545036	0.670028504218	0.701493866351	0.0	0.504386903387	0.68257266362	0.663684987693	0.671212221553	0.678301062397	0.766772130225	0.706430104031	0.68246679471	0.687589255684	0.679264658951	0.69040844657	0.721491734079	0.703154029168	0.675462759664	0.688580060072	0.676880966564	0.679274003981	0.727975791751	0.700041633347	0.684529854467	0.701429220949	0.696148903484	0.689811936582	0.675496347016	0.672798832035	0.685726238195	0.686431090307	0.690740406417	0.675924007828	0.667626919885	0.667453276754	0.701088127849	0.699398162003	0.690275946	0.708313649497	0.648835144805	0.701616714738	0.690025716258	0.71353505604	0.685329994002	0.681149673381	0.680980239419	0.686206754265	0.692872524082	0.720035956541	0.686299026964	0.689795400499	0.686184922809	0.702462765968
AG4	0.636395000228	0.662783646524	0.595192738316	0.453288600755	0.675892938965	0.684169457395	0.708411161114	0.704138924486	0.67465384556	0.711283698562	0.668251410962	0.694939591701	0.504386903387	0.0	0.677446494915	0.661737690288	0.719008049221	0.731444344339	0.746086958804	0.6752215299	0.720380513674	0.708731168786	0.7059031272	0.720175314673	0.723996461111	0.7122528691	0.704256663226	0.711335178181	0.687295950371	0.691107587995	0.769849920372	0.738275664704	0.697028933422	0.720674379009	0.664958469741	0.694642054842	0.641890950642	0.668263711495	0.688668661933	0.68969187336	0.698846966283	0.68014920265	0.6584125071	0.691531121926	0.727301840066	0.718179421246	0.684777558362	0.72123497201	0.669103074768	0.713848942129	0.676577241049	0.695268392776	0.668006201187	0.694021357825	0.701112466082	0.713487180491	0.69985779024	0.702931453685	0.702929381686	0.711819612972	0.677105823532	0.724986615545
AH3	0.670834105762	0.508026998299	0.684569157705	0.666606576034	0.671218086856	0.695795071244	0.684390747273	0.678810974282	0.653230945642	0.688335981097	0.665366335209	0.695088800606	0.68257266362	0.677446494915	0.0	0.532081732188	0.680992735336	0.698439983613	0.769525332869	0.704774922382	0.712518190482	0.701502218211	0.68550118296	0.699783944899	0.729662532593	0.694187748822	0.684257406293	0.700383537754	0.696661068139	0.69837098496	0.754318883596	0.695842887669	0.659809238878	0.721408216522	0.687072327059	0.676989050457	0.669484386044	0.67106925998	0.656569650393	0.682955132051	0.684836387254	0.693937857445	0.683562104394	0.67275258871	0.729634073038	0.706521079731	0.703466242443	0.688421587763	0.697895049663	0.698540881837	0.688557217818	0.720170731853	0.698443967225	0.693431775912	0.665903420148	0.702638230639	0.701375800126	0.71823339305	0.696963107297	0.69060478409	0.681879445798	0.684827638175
AH4	0.49181501722	0.351634159699	0.699620186845	0.655801161147	0.680120018685	0.656840897649	0.656515655879	0.658810172867	0.67260283387	0.663410800714	0.668341997308	0.672550009986	0.663684987693	0.661737690288	0.532081732188	0.0	0.683826863672	0.681232374115	0.780074451086	0.681341828067	0.721424052904	0.675676303512	0.682452625615	0.679959637752	0.735578349257	0.676959490677	0.649627539453	0.656343362105	0.676021648618	0.670700578914	0.740534882927	0.684965881797	0.657347019112	0.682976512879	0.664606178404	0.642711407813	0.659969401678	0.634649670928	0.632354862307	0.659160752974	0.63305139576	0.666485777633	0.649431247282	0.65600960727	0.684895112543	0.661282478251	0.672785723839	0.656744173289	0.662160189111	0.662009917037	0.643369148564	0.6737479857	0.64557944146	0.650386681761	0.663185229623	0.660931943525	0.652313078933	0.668153230738	0.652376118911	0.633569434722	0.651679664294	0.638929328058
AA7	0.669394340667	0.689058592212	0.716630471687	0.693583577857	0.684820777844	0.707739070001	0.709406657911	0.695411592623	0.65963586159	0.708232938263	0.684522502375	0.71300128157	0.671212221553	0.719008049221	0.680992735336	0.683826863672	0.0	0.511812263655	0.771013883179	0.691943834594	0.663759271883	0.68617331729	0.676411890181	0.686278828575	0.704813102313	0.709002280151	0.666463399299	0.684576925136	0.687603139487	0.663598747213	0.708625992259	0.562933322167	0.664726965654	0.715893300296	0.711638517179	0.711388397478	0.672761087296	0.691562315618	0.702157832386	0.727305546408	0.719575160599	0.686996855177	0.704890482108	0.693502203771	0.723987842711	0.724754006015	0.741172479305	0.730892684529	0.707668571262	0.74198842369	0.696314128581	0.745471219602	0.705403178844	0.721312292545	0.695678591905	0.711290740349	0.733855560948	0.75018790572	0.742172416081	0.740264996725	0.690103456136	0.709474399548
AA8	0.677727673886	0.683498168893	0.735914834267	0.703064247482	0.684554558134	0.699557874889	0.683851582488	0.667362004143	0.682137119942	0.681513781459	0.685887549581	0.695397348028	0.678301062397	0.731444344339	0.698439983613	0.681232374115	0.511812263655	0.0	0.774885310944	0.668068354386	0.650739975295	0.654577128534	0.676963975888	0.676968682753	0.704867564657	0.682885371381	0.674718899268	0.668835934292	0.657695431007	0.655181277464	0.543076991934	0.389103281746	0.681197464212	0.708583730248	0.722475553574	0.697181244486	0.688264642776	0.694059432281	0.70990474065	0.69533073767	0.695680657516	0.698511071086	0.697798551633	0.692812530535	0.705140314409	0.71581365823	0.715920224757	0.72088215724	0.703574526502	0.7243576258	0.712540950213	0.734357340951	0.6893167386	0.686067473191	0.696766796796	0.695856745651	0.736077337422	0.739196831548	0.743209618465	0.716624484316	0.706234072585	0.692196605058
AB7	0.7563920411	0.772423902374	0.74532360502	0.753317944496	0.756074732355	0.766649475575	0.76436338266	0.777233433327	0.764673722464	0.772654726687	0.753364907891	0.767660952034	0.766772130225	0.746086958804	0.769525332869	0.780074451086	0.771013883179	0.774885310944	0.0	0.560494347685	0.748847413185	0.758815014854	0.776706073272	0.794763233098	0.748401981729	0.781148691124	0.779929777634	0.763129872644	0.752299059013	0.632907760167	0.762328201941	0.768090921422	0.780876430695	0.791078690448	0.774486387124	0.790526344432	0.760947280881	0.762362771657	0.78997621857	0.788358721132	0.791106569906	0.744074771541	0.749727083559	0.775111053405	0.787091179201	0.798954755576	0.820361940201	0.815282078377	0.782822303373	0.795380803396	0.804192307241	0.809999707484	0.794198333047	0.805991558453	0.784876357699	0.803381968331	0.797495378362	0.79801498833	0.804564610423	0.803431234826	0.787556406668	0.806732348645
AB8	0.69128781623	0.686463193626	0.724970413434	0.683181181084	0.674225189065	0.692534277266	0.658222223501	0.652008570579	0.685149751523	0.657385916074	0.684858234554	0.682462432367	0.706430104031	0.6752215299	0.704774922382	0.681341828067	0.691943834594	0.668068354386	0.560494347685	0.0	0.648557582451	0.631440760682	0.682001154155	0.682171529943	0.677918673687	0.670213013409	0.67497090848	0.645407593952	0.487915539732	0.39189942649	0.709375597832	0.666018897086	0.691744049593	0.680908277903	0.698062718055	0.67272147407	0.66348279035	0.671797173095	0.687101101027	0.686817125258	0.676409143593	0.679349006866	0.65730019402	0.666819801343	0.688163116414	0.673946079692	0.729477904713	0.725626135383	0.686829554353	0.699861905979	0.69422411508	0.719095896444	0.676794800034	0.690048884481	0.678871105993	0.686672895894	0.700620827686	0.708873462659	0.706083082473	0.706433343505	0.682674979411	0.70777874219
AC7	0.701258589441	0.706642657609	0.74172048185	0.694289611029	0.716741342975	0.726585062274	0.71308900982	0.698374962283	0.71965239464	0.717544357049	0.68875468438	0.706815671027	0.68246679471	0.720380513674	0.712518190482	0.721424052904	0.663759271883	0.650739975295	0.748847413185	0.648557582451	0.0	0.4945485633	0.682501173671	0.672579525322	0.695377627475	0.684790808774	0.678278710458	0.599848397303	0.648831927722	0.645813702807	0.664292093766	0.649510567034	0.708956643059	0.695965746189	0.725463882309	0.724097453879	0.698023283647	0.721823084356	0.722040333813	0.731896569921	0.722192177454	0.717468751411	0.7039426076	0.704334098907	0.683890797452	0.689856169112	0.745402057783	0.750555963681	0.694232374975	0.732294649812	0.745982367891	0.750468925847	0.699180265591	0.699269250349	0.705807722459	0.693447662677	0.741993205946	0.740588247486	0.748107921183	0.733475786566	0.697600427417	0.731831157202
AC8	0.692036394699	0.67188965107	0.744794410822	0.679135517782	0.701047998683	0.697959298048	0.672684174298	0.657048637569	0.712830934885	0.675771854181	0.714125942101	0.681070013463	0.687589255684	0.708731168786	0.701502218211	0.675676303512	0.68617331729	0.654577128534	0.758815014854	0.631440760682	0.4945485633	0.0	0.673215781072	0.650128443328	0.689256747895	0.642307966534	0.49561292687	0.426086532277	0.641047772408	0.627330862135	0.703370468702	0.619593779736	0.701108091405	0.651854716163	0.704716608723	0.698502326793	0.690973768889	0.68757150578	0.66999411679	0.699836383608	0.680457878904	0.693915816457	0.679170918905	0.678943056535	0.664884152436	0.662384473944	0.720755644303	0.707352704967	0.67246176183	0.683552033593	0.694970566354	0.695558076619	0.679097246302	0.676522875608	0.686071516964	0.648491338158	0.70261398726	0.687365232509	0.710445940613	0.691383193113	0.666964791388	0.690308125168
AD7	0.679328178186	0.677249674874	0.722592127909	0.690771325455	0.719120584583	0.716623407408	0.706516904687	0.691177225231	0.656119419727	0.70576302347	0.681484565539	0.702404306936	0.679264658951	0.7059031272	0.68550118296	0.682452625615	0.676411890181	0.676963975888	0.776706073272	0.682001154155	0.682501173671	0.673215781072	0.0	0.450389938129	0.701460701453	0.509128517028	0.663329577975	0.677804482137	0.660673117703	0.674843446329	0.699918796256	0.661314122627	0.647271312022	0.69763518063	0.714482380244	0.711687502289	0.685063122523	0.669903989346	0.692953005184	0.713672415206	0.711783933257	0.683318983664	0.671810517648	0.682525360736	0.698718462772	0.687602474731	0.713184257258	0.70745566348	0.675039738144	0.717277279032	0.699819254616	0.72770663891	0.681657148388	0.686443353327	0.669525945707	0.689979254489	0.691037323482	0.724987274455	0.69771078713	0.718749302678	0.665705955714	0.701329714829
AD8	0.682924708508	0.674041661134	0.751847822596	0.699037298271	0.716961892886	0.716698951655	0.698871836807	0.678799574522	0.67279468232	0.693347909086	0.695951871013	0.700893282219	0.69040844657	0.720175314673	0.699783944899	0.679959637752	0.686278828575	0.676968682753	0.794763233098	0.682171529943	0.672579525322	0.650128443328	0.450389938129	0.0	0.612967728024	0.421601853527	0.632412396285	0.661511187634	0.664321989938	0.669965880551	0.704730560781	0.667665943201	0.668238126285	0.672224659939	0.7163269382	0.717189283046	0.678560764426	0.670282983219	0.691693280192	0.707034709277	0.701358259631	0.696983935987	0.68592301581	0.688600532194	0.675026059054	0.671048294841	0.696306173347	0.702543212832	0.673547692006	0.705777404171	0.692108908121	0.725379650723	0.667433080951	0.665032834676	0.663584681083	0.669093083683	0.686739121413	0.724336179929	0.70261820753	0.704105323123	0.673538487607	0.695742959773
AE7	0.730626151369	0.733391850999	0.729319702843	0.721763584345	0.71842054369	0.757906613568	0.714889196328	0.721531522431	0.733664547983	0.726669366232	0.759913109285	0.733580733827	0.721491734079	0.723996461111	0.729662532593	0.735578349257	0.704813102313	0.704867564657	0.748401981729	0.677918673687	0.695377627475	0.689256747895	0.701460701453	0.612967728024	0.0	0.510746153447	0.705401333938	0.704837134949	0.686863012437	0.69153980897	0.732684198443	0.687153790229	0.732529018118	0.750756255653	0.741705428943	0.754955066237	0.728369039432	0.738327924397	0.759135652412	0.75887446824	0.749265333554	0.746147723062	0.730108496385	0.734930476621	0.752228484953	0.748465641876	0.762977347103	0.77433792014	0.730931500264	0.761902433255	0.762078185694	0.788480628928	0.743748705004	0.748247014166	0.737787654977	0.748020976568	0.772766171647	0.789183427526	0.772030186955	0.758713055254	0.753234668952	0.765430882202
AE8	0.687545894745	0.668800865968	0.741040681516	0.699808077519	0.716831224403	0.714054746107	0.676083131323	0.671966885679	0.70439720372	0.681049595817	0.718718179183	0.702709384289	0.703154029168	0.7122528691	0.694187748822	0.676959490677	0.709002280151	0.682885371381	0.781148691124	0.670213013409	0.684790808774	0.642307966534	0.509128517028	0.421601853527	0.510746153447	0.0	0.647253518839	0.657325648337	0.674222490228	0.673025957405	0.71762641645	0.663664707451	0.694024843057	0.696376693087	0.725345604766	0.720871972812	0.7043360016	0.683250238852	0.709019654068	0.711410781027	0.710771236807	0.706521463582	0.686189093035	0.688508582062	0.696037373403	0.689085060548	0.707218074446	0.7141676355	0.688221924256	0.70724431495	0.712967728195	0.730586880644	0.683086415713	0.67787682608	0.679013001544	0.68463831673	0.71103706923	0.715689516571	0.707127569554	0.702109701569	0.694553368393	0.706218151722
AF7	0.662500791436	0.659079009679	0.716282698096	0.667083681244	0.705314300581	0.698528265615	0.68065540743	0.667903947629	0.669663192082	0.682361167871	0.700246365473	0.70265425826	0.675462759664	0.704256663226	0.684257406293	0.649627539453	0.666463399299	0.674718899268	0.779929777634	0.67497090848	0.678278710458	0.49561292687	0.663329577975	0.632412396285	0.705401333938	0.647253518839	0.0	0.47235872072	0.668063472314	0.652704879855	0.719124540588	0.642576528831	0.671119514812	0.693721699258	0.707372219582	0.702042216546	0.675824831047	0.662606699841	0.659014016244	0.679493522195	0.674262964525	0.684071984441	0.688453068484	0.669191715462	0.712693277093	0.704709025022	0.693692141145	0.694017952981	0.670250573637	0.690559806453	0.676570395076	0.699772433298	0.672212153592	0.674598010997	0.683248507969	0.654122470409	0.67857487581	0.709066152208	0.686005057277	0.702578444629	0.655312512638	0.685758197693
AF8	0.683559323481	0.657633061437	0.73837561888	0.682995060214	0.70561680717	0.683177019616	0.643421677495	0.640564666848	0.699788259576	0.656663601954	0.704743774255	0.684899784295	0.688580060072	0.711335178181	0.700383537754	0.656343362105	0.684576925136	0.668835934292	0.763129872644	0.645407593952	0.599848397303	0.426086532277	0.677804482137	0.661511187634	0.704837134949	0.657325648337	0.47235872072	0.0	0.647359837076	0.634963574418	0.710486467479	0.627586125862	0.699448249759	0.650237571104	0.687477218925	0.692870786414	0.682057540224	0.656028411773	0.66303609679	0.698530168267	0.669613749847	0.697718192265	0.658181059733	0.677919203993	0.659573646009	0.667365560642	0.714005863847	0.699630251333	0.664093207462	0.684713982064	0.688320018144	0.69427756759	0.648443151298	0.678402408914	0.67843863365	0.650268517429	0.679242178892	0.685034320012	0.691623185911	0.680623480145	0.660420425801	0.670349270304
AG7	0.690212324477	0.691964301605	0.698373359741	0.669234689518	0.68842982035	0.723488260527	0.704652896049	0.677644095688	0.664218858879	0.692663438138	0.704285345563	0.713771146645	0.676880966564	0.687295950371	0.696661068139	0.676021648618	0.687603139487	0.657695431007	0.752299059013	0.487915539732	0.648831927722	0.641047772408	0.660673117703	0.664321989938	0.686863012437	0.674222490228	0.668063472314	0.647359837076	0.0	0.454377182963	0.677366892418	0.653968775326	0.687869554976	0.700057794608	0.71302889431	0.684067249232	0.669302161775	0.686370029143	0.69969654495	0.692433340057	0.689729871111	0.695591099945	0.67633173991	0.667887264304	0.709743648429	0.684003178482	0.725233596933	0.71995560244	0.680902044977	0.710334766215	0.688533503377	0.735159301493	0.658359246516	0.685739744958	0.694884255397	0.695326888269	0.70724646392	0.728923649182	0.706282443156	0.710158798721	0.672555431528	0.703917084315
AG8	0.681893966192	0.683173327911	0.715094951702	0.666519701698	0.672403028067	0.686468279001	0.670506411554	0.65219633038	0.657579917711	0.650771580092	0.670465873102	0.68258963238	0.679274003981	0.691107587995	0.69837098496	0.670700578914	0.663598747213	0.655181277464	0.632907760167	0.39189942649	0.645813702807	0.627330862135	0.674843446329	0.669965880551	0.69153980897	0.673025957405	0.652704879855	0.634963574418	0.454377182963	0.0	0.693208332134	0.658940642585	0.684202371883	0.672305219664	0.699971880838	0.674767865437	0.653947347135	0.662299386378	0.688490038152	0.677810568793	0.675333669831	0.677088711865	0.660502106529	0.650619052498	0.675203842582	0.66187373206	0.719268884372	0.711094899028	0.672504215357	0.693981542591	0.687919739382	0.717633676482	0.681344217061	0.694179594881	0.680022302282	0.683120236627	0.68395179667	0.71500718477	0.692275810629	0.691499822429	0.669056266487	0.693526303406
AH7	0.734486616737	0.742155803742	0.767957890416	0.737958302967	0.759022747047	0.761800833926	0.746767449437	0.696900119528	0.732651624948	0.750084493466	0.713726451003	0.76094033719	0.727975791751	0.769849920372	0.754318883596	0.740534882927	0.708625992259	0.543076991934	0.762328201941	0.709375597832	0.664292093766	0.703370468702	0.699918796256	0.704730560781	0.732684198443	0.71762641645	0.719124540588	0.710486467479	0.677366892418	0.693208332134	0.0	0.512329620037	0.705536906873	0.75846268539	0.774051228342	0.764547219964	0.747855799475	0.745587326481	0.758167554887	0.743135579486	0.751697328604	0.730381801015	0.752166829809	0.743160629671	0.762679767974	0.767999165591	0.763134381013	0.761944704487	0.741340342932	0.762320106883	0.780503443566	0.796403090147	0.74553773365	0.732533581525	0.741557835285	0.746604989335	0.773690246088	0.793460609461	0.783300965796	0.767706739305	0.758612093068	0.721919854992
AH8	0.696728240224	0.681836778399	0.741522056954	0.705882677398	0.706488184172	0.710682072718	0.683784458156	0.661663197845	0.683422672921	0.682732335981	0.699009022778	0.701542564053	0.700041633347	0.738275664704	0.695842887669	0.684965881797	0.562933322167	0.389103281746	0.768090921422	0.666018897086	0.649510567034	0.619593779736	0.661314122627	0.667665943201	0.687153790229	0.663664707451	0.642576528831	0.627586125862	0.653968775326	0.658940642585	0.512329620037	0.0	0.684621259994	0.713715358152	0.734675020447	0.715316631027	0.706076065326	0.697431198451	0.704948436471	0.70659831932	0.694609383526	0.699183468274	0.70536682084	0.69970918746	0.712325426034	0.718467154328	0.720104821902	0.719277599757	0.705103706498	0.715409881184	0.713184595404	0.733829283808	0.695530280973	0.691533658176	0.693769580898	0.690960207294	0.736620216086	0.739609526031	0.736419500426	0.719667140769	0.708379022876	0.70011166435
AA5	0.640924882862	0.653587764206	0.703172969618	0.668068719091	0.659083918871	0.671628378026	0.696076245532	0.685662806101	0.626018694986	0.701074339682	0.626141992311	0.661155398363	0.684529854467	0.697028933422	0.659809238878	0.657347019112	0.664726965654	0.681197464212	0.780876430695	0.691744049593	0.708956643059	0.701108091405	0.647271312022	0.668238126285	0.732529018118	0.694024843057	0.671119514812	0.699448249759	0.687869554976	0.684202371883	0.705536906873	0.684621259994	0.0	0.606045326766	0.683754998583	0.679292607585	0.638163012263	0.630596076838	0.671920815074	0.675992558411	0.691191107392	0.634317787514	0.651331342123	0.649638210277	0.707902185863	0.655171590543	0.685328405007	0.70082106438	0.689979779285	0.700418456203	0.686249528284	0.719153669561	0.674005446146	0.692128671245	0.662206615637	0.687578896574	0.668299201513	0.723616941446	0.677022729592	0.69561457722	0.629440471408	0.717309447954
AA6	0.685847938616	0.672646626986	0.767946838258	0.6933014757	0.695071912315	0.676222846863	0.662999518698	0.654243616495	0.706737744366	0.662523382412	0.68505660973	0.664902057723	0.701429220949	0.720674379009	0.721408216522	0.682976512879	0.715893300296	0.708583730248	0.791078690448	0.680908277903	0.695965746189	0.651854716163	0.69763518063	0.672224659939	0.750756255653	0.696376693087	0.693721699258	0.650237571104	0.700057794608	0.672305219664	0.75846268539	0.713715358152	0.606045326766	0.0	0.700434147805	0.66306154763	0.657209979856	0.633055871729	0.662509950611	0.678406495957	0.665307531445	0.690165943821	0.652631122081	0.661627643427	0.427622761453	0.407511764399	0.690096940899	0.689184535568	0.657660206434	0.671913917584	0.678628948135	0.672754965218	0.669400961736	0.685787924483	0.688104025095	0.677962682387	0.66553614703	0.664673189422	0.665679110111	0.679739935345	0.648034018176	0.687472585694
AB5	0.677479062404	0.657787759104	0.69972787852	0.671232270635	0.682886580874	0.645052854473	0.652993558746	0.687604318412	0.692648875324	0.678003317945	0.672040847796	0.670890269434	0.696148903484	0.664958469741	0.687072327059	0.664606178404	0.711638517179	0.722475553574	0.774486387124	0.698062718055	0.725463882309	0.704716608723	0.714482380244	0.7163269382	0.741705428943	0.725345604766	0.707372219582	0.687477218925	0.71302889431	0.699971880838	0.774051228342	0.734675020447	0.683754998583	0.700434147805	0.0	0.427060533463	0.65536327872	0.650801741592	0.652918142348	0.650026327579	0.663260877945	0.700929724274	0.652695811342	0.654712277408	0.699259323831	0.691234753814	0.670428106357	0.692277056084	0.683468763935	0.703070262976	0.685447838466	0.694781383814	0.651515880044	0.690407208763	0.697697301653	0.691263105244	0.695967882903	0.696114120514	0.711153027042	0.695291680302	0.658208528069	0.69280341129
AB6	0.676476806227	0.635738110897	0.726127755624	0.670269107255	0.67782784222	0.645048222069	0.657677984691	0.675912438109	0.700959024887	0.658472167305	0.660348851306	0.657918706221	0.689811936582	0.694642054842	0.676989050457	0.642711407813	0.711388397478	0.697181244486	0.790526344432	0.67272147407	0.724097453879	0.698502326793	0.711687502289	0.717189283046	0.754955066237	0.720871972812	0.702042216546	0.692870786414	0.684067249232	0.674767865437	0.764547219964	0.715316631027	0.679292607585	0.66306154763	0.427060533463	0.0	0.650951307185	0.639265680808	0.640987989256	0.633853944607	0.642742424303	0.689999322764	0.657197758338	0.547784193142	0.672656796526	0.6429339429	0.666061781443	0.663913275194	0.66917507356	0.68102920564	0.662907060546	0.67500559278	0.664705585133	0.660275503271	0.685211786803	0.664325060627	0.67025803933	0.687199533662	0.668037742866	0.673032496185	0.654125628261	0.675159556228
AC5	0.638411583446	0.656919358752	0.711113855991	0.668219265234	0.666583753418	0.65973555999	0.671422526729	0.663625126793	0.64460887321	0.676472380328	0.65341670357	0.670434718262	0.675496347016	0.641890950642	0.669484386044	0.659969401678	0.672761087296	0.688264642776	0.760947280881	0.66348279035	0.698023283647	0.690973768889	0.685063122523	0.678560764426	0.728369039432	0.7043360016	0.675824831047	0.682057540224	0.669302161775	0.653947347135	0.747855799475	0.706076065326	0.638163012263	0.657209979856	0.65536327872	0.650951307185	0.0	0.485352397125	0.627956412093	0.658755679252	0.655172342064	0.675835072307	0.579384581769	0.633778552784	0.644023052914	0.647922802855	0.648265766002	0.684230322132	0.625673586232	0.680085140257	0.637842745078	0.666584523704	0.642882796294	0.656296440523	0.636767810318	0.653425710613	0.635791130744	0.665893469301	0.654496062789	0.680822243785	0.63834281243	0.687802153754
AC6	0.655232574404	0.630213344861	0.730557820484	0.661799452215	0.670575577854	0.639992016483	0.638862180752	0.657871280819	0.669829213007	0.663113589866	0.655444177069	0.655866077932	0.672798832035	0.668263711495	0.67106925998	0.634649670928	0.691562315618	0.694059432281	0.762362771657	0.671797173095	0.721823084356	0.68757150578	0.669903989346	0.670282983219	0.738327924397	0.683250238852	0.662606699841	0.656028411773	0.686370029143	0.662299386378	0.745587326481	0.697431198451	0.630596076838	0.633055871729	0.650801741592	0.639265680808	0.485352397125	0.0	0.623563887048	0.636752129689	0.626202966626	0.564117151064	0.471036497824	0.61244887314	0.645004953653	0.644424267011	0.671125892197	0.68425855143	0.635560785125	0.661392661877	0.649979078743	0.675510295036	0.641956833036	0.662929314172	0.663191520752	0.6557943072	0.610479145276	0.667126435553	0.640522800845	0.655361675836	0.649176728691	0.676030126846
AD6	0.66570269905	0.62366345449	0.753767131943	0.682896892652	0.671484688508	0.644927274896	0.604089994411	0.6141170787	0.654900322082	0.611875085648	0.674469676101	0.664359054951	0.685726238195	0.688668661933	0.656569650393	0.632354862307	0.702157832386	0.70990474065	0.78997621857	0.687101101027	0.722040333813	0.66999411679	0.692953005184	0.691693280192	0.759135652412	0.709019654068	0.659014016244	0.66303609679	0.69969654495	0.688490038152	0.758167554887	0.704948436471	0.671920815074	0.662509950611	0.652918142348	0.640987989256	0.627956412093	0.623563887048	0.0	0.494488451946	0.405223505788	0.673947022587	0.655593337724	0.65486670625	0.659161881856	0.667256058452	0.661912055759	0.656890434751	0.639094122984	0.635640202674	0.66624308719	0.673311525045	0.640399500295	0.643132589672	0.651534644917	0.636363171806	0.64270452355	0.662801637956	0.640402264189	0.638838416682	0.624770484134	0.652121958252
AE5	0.680544839156	0.660642166526	0.739203072951	0.671479904946	0.649043502194	0.649775969456	0.630813155787	0.632887413062	0.665302216913	0.629324701904	0.668309243482	0.645683885568	0.686431090307	0.68969187336	0.682955132051	0.659160752974	0.727305546408	0.69533073767	0.788358721132	0.686817125258	0.731896569921	0.699836383608	0.713672415206	0.707034709277	0.75887446824	0.711410781027	0.679493522195	0.698530168267	0.692433340057	0.677810568793	0.743135579486	0.70659831932	0.675992558411	0.678406495957	0.650026327579	0.633853944607	0.658755679252	0.636752129689	0.494488451946	0.0	0.378828041576	0.685992505194	0.664725753519	0.636374323521	0.682624301844	0.669342315995	0.670060919551	0.687205128613	0.649544451654	0.642706305624	0.66367233691	0.691508477297	0.650121366863	0.643434019507	0.661049380594	0.651515609089	0.655628759332	0.686748290991	0.667275914552	0.640230308022	0.64693554994	0.679836628643
AE6	0.670994424331	0.650793641074	0.746800026309	0.692470946813	0.647292615516	0.650018495372	0.623068219311	0.631292617901	0.669599278492	0.611999399694	0.690833813714	0.652897056524	0.690740406417	0.698846966283	0.684836387254	0.63305139576	0.719575160599	0.695680657516	0.791106569906	0.676409143593	0.722192177454	0.680457878904	0.711783933257	0.701358259631	0.749265333554	0.710771236807	0.674262964525	0.669613749847	0.689729871111	0.675333669831	0.751697328604	0.694609383526	0.691191107392	0.665307531445	0.663260877945	0.642742424303	0.655172342064	0.626202966626	0.405223505788	0.378828041576	0.0	0.687865432818	0.650811308237	0.648012406743	0.67532381072	0.668615552933	0.671867252801	0.66579751454	0.645700303987	0.625192992347	0.659024310124	0.68065203675	0.634525705524	0.641456838473	0.669903111436	0.636422469197	0.642641028245	0.669455801353	0.641641655803	0.608053600901	0.631868683228	0.660835039892
AF5	0.686224529172	0.667997262383	0.715537471595	0.659496413728	0.665103738669	0.679262913028	0.685602749281	0.687660288677	0.668917993688	0.687125867461	0.679940997173	0.671926705632	0.675924007828	0.68014920265	0.693937857445	0.666485777633	0.686996855177	0.698511071086	0.744074771541	0.679349006866	0.717468751411	0.693915816457	0.683318983664	0.696983935987	0.746147723062	0.706521463582	0.684071984441	0.697718192265	0.695591099945	0.677088711865	0.730381801015	0.699183468274	0.634317787514	0.690165943821	0.700929724274	0.689999322764	0.675835072307	0.564117151064	0.673947022587	0.685992505194	0.687865432818	0.0	0.499743154116	0.661852454145	0.70398485929	0.699433764065	0.69714696933	0.710860075355	0.679226682894	0.687379776227	0.719784575348	0.733994251615	0.708011307129	0.714212950473	0.706399502675	0.714316665388	0.693838657142	0.717843296832	0.693086233112	0.688241673335	0.664787372386	0.723785071522
AF6	0.671963570819	0.653894079081	0.715506972111	0.660126964328	0.672374702659	0.663476610952	0.646026430013	0.669719742634	0.673324494614	0.663559133245	0.672733867165	0.673621273548	0.667626919885	0.6584125071	0.683562104394	0.649431247282	0.704890482108	0.697798551633	0.749727083559	0.65730019402	0.7039426076	0.679170918905	0.671810517648	0.68592301581	0.730108496385	0.686189093035	0.688453068484	0.658181059733	0.67633173991	0.660502106529	0.752166829809	0.70536682084	0.651331342123	0.652631122081	0.652695811342	0.657197758338	0.579384581769	0.471036497824	0.655593337724	0.664725753519	0.650811308237	0.499743154116	0.0	0.634507747314	0.659938188833	0.665831507262	0.668759858798	0.693371619785	0.641179275161	0.66311539115	0.681458613603	0.696092602236	0.659564789813	0.704025626726	0.69752373611	0.694433854405	0.639060887426	0.687488427727	0.659335440425	0.648746692935	0.654963232581	0.694713835715
