	AA3	AA4	AB3	AB4	AC3	AC4	AD3	AD4	AE3	AE4	AF3	AF4	AG3	AG4	AH3	AH4	AA7	AA8	AB7	AB8	AC7	AC8	AD7	AD8	AE7	AE8	AF7	AF8	AG7	AG8	AH7	AH8	AA5	AA6	AB5	AB6	AC5	AC6	AD6	AE5	AE6	AF5	AF6	AG5	AH5	AH6	AA1	AA2	AB1	AB2	AC1	AC2	AD1	AD2	AE1	AE2	AF1	AF2	AG1	AG2	AH1	AH2
AA3	0.0	0.505740739194	0.648368785541	0.636683737593	0.675838531993	0.664236258942	0.684552122189	0.681736654443	0.648700053561	0.679527458874	0.654907992587	0.668482428952	0.638504167505	0.613191578943	0.673184095399	0.477066699358	0.691928783648	0.681370809123	0.75863371788	0.694965342364	0.692368585666	0.686505805531	0.683043235617	0.694455640944	0.727817686451	0.699867227925	0.680648273292	0.686271737244	0.700255250685	0.675454827522	0.735388448116	0.696581976722	0.646712982717	0.679224930451	0.673526298516	0.687115698944	0.633728035246	0.661715332392	0.676919647832	0.673525745536	0.675638898029	0.683771138814	0.675529727931	0.650341445534	0.709358977307	0.693383991838	0.661261673126	0.694135019807	0.648652706624	0.689773001281	0.658749488139	0.680741769847	0.629220432736	0.659006092924	0.673336225757	0.667791366912	0.658174241955	0.679444125828	0.66760713724	0.69054893408	0.642810219685	0.683129570618
AA4	0.505740739194	0.0	0.689839597229	0.625426419253	0.657600274978	0.632155552048	0.669461015672	0.636022152656	0.662224401747	0.640729593451	0.65083673932	0.639462763651	0.656802639105	0.634858573678	0.493320903456	0.360191207722	0.67880077014	0.687637382274	0.774568055313	0.694497594839	0.698004031724	0.649639553556	0.677237398103	0.684426985571	0.733879022825	0.677783890512	0.664756052303	0.663089046638	0.689468468707	0.66929072118	0.744948067791	0.673653423001	0.65998069399	0.672652160582	0.669273736174	0.65733613791	0.652630354834	0.649721513005	0.647812503756	0.666048801391	0.644006668314	0.673287347807	0.654912679071	0.640982767695	0.679595775155	0.6622627856	0.659788040554	0.667187002624	0.648128407235	0.663380024705	0.669966382221	0.657470175872	0.63033153666	0.636435834551	0.663170378306	0.652000769273	0.648761620416	0.651511068401	0.668909426949	0.660542117384	0.632506324078	0.643759268885
AB3	0.648368785541	0.689839597229	0.0	0.613972676979	0.705779129833	0.709243204166	0.731638605615	0.735741678528	0.67899365241	0.735340508743	0.69170323988	0.727301906398	0.694368915521	0.530060523265	0.672671312509	0.689689102662	0.702371521083	0.726819806838	0.718935742302	0.686376593424	0.711144640787	0.734050159713	0.703457154419	0.726219264492	0.708781670993	0.717608932468	0.708573079686	0.725829997533	0.684343932624	0.691432175912	0.748793160749	0.733581777741	0.698216018789	0.762788996028	0.688298945006	0.7231348621	0.686611772263	0.719799834876	0.737289602876	0.719855013504	0.744390043933	0.700713202193	0.710097406566	0.713231933378	0.780093162682	0.7688543099	0.7422126734	0.754750099114	0.708695825069	0.763812760002	0.717684140549	0.744113437421	0.705116304971	0.744658223453	0.709240920068	0.726142034855	0.737832705189	0.730456667788	0.731864041329	0.764124801992	0.701789519379	0.754730169846
AB4	0.636683737593	0.625426419253	0.613972676979	0.0	0.671117485503	0.672958286859	0.694275960594	0.682965508615	0.687656547272	0.690483319874	0.670620627633	0.682909357389	0.439191591227	0.443382797948	0.66186191618	0.643495566047	0.699175235612	0.699989726897	0.752089637497	0.680928462693	0.687491500633	0.677305524729	0.683439139592	0.691902211819	0.7218552677	0.686161726406	0.688645238598	0.68136762456	0.696684826973	0.668051688731	0.726036396482	0.697478280122	0.693175603585	0.708386814739	0.680456817543	0.694312677429	0.667777394521	0.656817602856	0.670600195255	0.686105855243	0.695938104698	0.663672969788	0.667927220706	0.686623308151	0.723840188862	0.715156426652	0.691910219779	0.706649687347	0.64777676599	0.693489612249	0.700880678312	0.694428964947	0.677358990152	0.685278891472	0.692591827741	0.678581107948	0.684305271664	0.706190669383	0.688733741178	0.707982286734	0.670475034805	0.69039998389
AC3	0.675838531993	0.657600274978	0.705779129833	0.671117485503	0.0	0.525624620341	0.687874048727	0.659357593411	0.661018853447	0.662259745953	0.685298697437	0.458880174859	0.699026494972	0.680562367305	0.665444551446	0.653641476791	0.659692295801	0.693193558059	0.747946366697	0.684181843536	0.719772261619	0.699021510862	0.72081092863	0.721632717477	0.721602942634	0.717007977102	0.725432074266	0.712291802589	0.722285539468	0.693428161704	0.757320694162	0.685998181357	0.664181769078	0.69980414131	0.691212303204	0.681572227948	0.687818340014	0.68287890184	0.676463404202	0.667007361208	0.682323098101	0.673089599812	0.662280377326	0.663318961592	0.730492382479	0.708249109167	0.707489715258	0.697171885924	0.696608483237	0.693166327183	0.696458280116	0.684471584996	0.696375747805	0.695122475462	0.686794381584	0.684405972689	0.694481150172	0.687508352909	0.696720244331	0.677573146239	0.685134867086	0.690545869971
AC4	0.664236258942	0.632155552048	0.709243204166	0.672958286859	0.525624620341	0.0	0.670276984409	0.650926780532	0.660048693493	0.662622574032	0.505579723029	0.396248055398	0.675532637981	0.676266359473	0.666088330451	0.652541671629	0.69751845881	0.692341476393	0.762232880023	0.68868176616	0.721344636316	0.695007077686	0.696043137408	0.705316531939	0.759676428612	0.694791215362	0.700583663538	0.704620204137	0.708333146721	0.685455239977	0.762161048345	0.708899401523	0.647538898325	0.648741125811	0.664640906414	0.667763940972	0.661320121842	0.648205234793	0.651699839898	0.643754878862	0.655559226067	0.659649860675	0.665944316238	0.645158994804	0.693133287957	0.661038649996	0.709951557695	0.685446025192	0.693312386554	0.682018604703	0.673253634966	0.665755927327	0.684940583527	0.681981986402	0.696688610168	0.685510662031	0.661676214944	0.65724205754	0.669408694134	0.686320383889	0.660176808775	0.675656349603
AD3	0.684552122189	0.669461015672	0.731638605615	0.694275960594	0.687874048727	0.670276984409	0.0	0.446135722519	0.65899375288	0.39791464093	0.701148275901	0.672416523516	0.709661950133	0.685819849514	0.698973674119	0.688964654172	0.72944501266	0.685356625579	0.771191247974	0.676460698507	0.715758807484	0.679884710044	0.710481936345	0.693674545964	0.724349962176	0.681791294472	0.697009144502	0.683375999792	0.699415170885	0.663643705412	0.719248094718	0.691259133681	0.685866839045	0.654382598694	0.670578343422	0.664535086143	0.682736059808	0.649960319094	0.642575530793	0.646194007833	0.643714033341	0.667534048081	0.676725604895	0.680532337548	0.687274941037	0.690165666492	0.692565144201	0.670273620071	0.672510010368	0.661620381873	0.690947375192	0.682314452113	0.676099334669	0.657537553065	0.673768743263	0.670004038658	0.674268004608	0.684006008624	0.699386226009	0.669115838537	0.688351681362	0.672364487976
AD4	0.681736654443	0.636022152656	0.735741678528	0.682965508615	0.659357593411	0.650926780532	0.446135722519	0.0	0.578748245741	0.41697792362	0.673183282394	0.628702024381	0.688757906278	0.690337616656	0.668939724969	0.663487156691	0.680220666267	0.673138404557	0.754308777468	0.628387411339	0.684293495379	0.645007008532	0.684976399955	0.667673175703	0.712391943524	0.659715682308	0.682014409315	0.667010536091	0.661117030996	0.61896857894	0.73372382816	0.651345498219	0.67757818992	0.647255719563	0.676780198076	0.659216546834	0.651170055594	0.641241027427	0.613125600994	0.630355994937	0.616615892884	0.658738343839	0.659235475142	0.65719209658	0.674339247588	0.674248169895	0.682008714417	0.643891559065	0.666564145438	0.663254848975	0.679839285897	0.679315760435	0.657027087407	0.660622383178	0.643143457341	0.663438411433	0.682073568873	0.673616555176	0.704638978444	0.652178499671	0.672224849605	0.648371154362
AE3	0.648700053561	0.662224401747	0.67899365241	0.687656547272	0.661018853447	0.660048693493	0.65899375288	0.578748245741	0.0	0.641061660573	0.659417241703	0.659080874955	0.682318254038	0.656960887211	0.660083121726	0.672875100419	0.661514259914	0.681037039993	0.756571165319	0.682005633427	0.720050488363	0.713905774725	0.666550750174	0.689297340267	0.744138165337	0.683753105431	0.678026807651	0.703377036498	0.659531134389	0.673044201941	0.732439258221	0.685548200001	0.611192040157	0.686740067791	0.665366444951	0.693931166547	0.640677669683	0.670099514816	0.658686217634	0.665301295626	0.688074364653	0.651093171166	0.669778486997	0.664180313683	0.739323512661	0.724470995319	0.703850685932	0.715493846028	0.697741476087	0.702656300858	0.702304915963	0.716064493155	0.681852028827	0.68627558067	0.647875264791	0.69461329812	0.687712901526	0.719581431261	0.71109387522	0.711377807643	0.651249272957	0.722612503785
AE4	0.679527458874	0.640729593451	0.735340508743	0.690483319874	0.662259745953	0.662622574032	0.39791464093	0.41697792362	0.641061660573	0.0	0.69078058867	0.653071402514	0.717054237095	0.681593585376	0.686406820733	0.663152447087	0.711020921119	0.693095815064	0.767806858492	0.660355347942	0.716503838877	0.675422861249	0.706764602678	0.691055121687	0.72435843198	0.683045621922	0.704341398591	0.687542732187	0.693008787797	0.641068978583	0.74688819767	0.677067872761	0.695217944756	0.668938869262	0.67977187888	0.662502477309	0.684515665193	0.647955684242	0.622620203656	0.62911031978	0.608353522195	0.66395033888	0.659336214661	0.659534787492	0.68709189386	0.676159986562	0.677224157772	0.654853620531	0.670254991908	0.659029467222	0.671976713525	0.672294256633	0.666443851995	0.660839330241	0.678118599806	0.676709051082	0.671538247025	0.672890830059	0.685020791957	0.638883043539	0.685995016259	0.657638668119
AF3	0.654907992587	0.65083673932	0.69170323988	0.670620627633	0.685298697437	0.505579723029	0.701148275901	0.673183282394	0.659417241703	0.69078058867	0.0	0.537519959123	0.674593878528	0.66454939895	0.667215314165	0.663874196744	0.673287248719	0.694972809501	0.751254968704	0.686928136476	0.683187141035	0.699725355362	0.684003144037	0.711408559336	0.762239552288	0.707358535579	0.70466931699	0.710095185864	0.693709197001	0.678077441022	0.720264046656	0.693134086434	0.628907105931	0.672920588031	0.682579659161	0.685957148186	0.645563577191	0.667445699418	0.687693188376	0.67073511634	0.702869570013	0.67918564084	0.682165541813	0.659904509202	0.701142827118	0.679542888923	0.717833492846	0.70166942853	0.693709954941	0.717301670688	0.706529935722	0.715413366428	0.687907054565	0.704688104744	0.695788363041	0.696990703596	0.674716516561	0.703179794527	0.693431925161	0.719089036714	0.651836478892	0.703317686305
AF4	0.668482428952	0.639462763651	0.727301906398	0.682909357389	0.458880174859	0.396248055398	0.672416523516	0.628702024381	0.659080874955	0.653071402514	0.537519959123	0.0	0.696222981333	0.682542547864	0.683275688494	0.65555864036	0.706042955623	0.697835698107	0.770000064978	0.675930282478	0.708693960646	0.682210309544	0.708218641504	0.699577312692	0.73834669933	0.693006985421	0.723751823345	0.709092100531	0.707502815929	0.678273950355	0.748015067634	0.685983645424	0.646828062704	0.642379374477	0.671221532817	0.670631439548	0.657748552929	0.658848236431	0.651208652867	0.631297385489	0.654584470391	0.666139241972	0.660718819258	0.647148856531	0.692541728215	0.662787908484	0.698521703803	0.678709843118	0.676746486893	0.677703052097	0.671101552419	0.663484419249	0.663192438787	0.672920413494	0.674658094741	0.663476551227	0.682454854913	0.657784238068	0.685209916761	0.670689978708	0.658145121518	0.667967250194
AG3	0.638504167505	0.656802639105	0.694368915521	0.439191591227	0.699026494972	0.675532637981	0.709661950133	0.688757906278	0.682318254038	0.717054237095	0.674593878528	0.696222981333	0.0	0.529254112191	0.678249703243	0.658741745658	0.677467059591	0.679060846481	0.771079199881	0.698613486562	0.689102046813	0.703116807388	0.67253361074	0.66390233438	0.729459542613	0.679211834237	0.677880116481	0.705900138304	0.690421085173	0.679830108438	0.731225916655	0.694534672623	0.682911617925	0.710303573619	0.687462344831	0.702239476404	0.677371018162	0.667587108968	0.670282647428	0.684278327803	0.698468780325	0.674233110225	0.679336056151	0.678710093794	0.722823095982	0.707064064775	0.691786724119	0.719150012887	0.663359223428	0.700517930338	0.693919106243	0.713968521983	0.673903075629	0.681939960217	0.678928520861	0.682209342193	0.695314817892	0.72040581237	0.69836233657	0.689520324672	0.682996614474	0.702299277346
AG4	0.613191578943	0.634858573678	0.530060523265	0.443382797948	0.680562367305	0.676266359473	0.685819849514	0.690337616656	0.656960887211	0.681593585376	0.66454939895	0.682542547864	0.529254112191	0.0	0.672592102806	0.641756848409	0.70645783105	0.719657920975	0.733367695087	0.664485376219	0.697246037322	0.693231340668	0.688121462171	0.705195555646	0.714999101634	0.699018422541	0.700760842649	0.698667494699	0.678968389793	0.669892938054	0.754246629754	0.711494209633	0.669588502125	0.713569520652	0.647917095412	0.684331942616	0.658579401224	0.654394960414	0.672184497744	0.684485117762	0.694923181012	0.649511306723	0.652447279829	0.694111090771	0.735404502566	0.729205978716	0.689701304334	0.729380630674	0.652106820164	0.699476966546	0.70375666124	0.690271086347	0.657187203562	0.700532145596	0.69700866334	0.698915847868	0.684726982082	0.693587879587	0.692105518184	0.715069483099	0.657807209927	0.720738477982
AH3	0.673184095399	0.493320903456	0.672671312509	0.66186191618	0.665444551446	0.666088330451	0.698973674119	0.668939724969	0.660083121726	0.686406820733	0.667215314165	0.683275688494	0.678249703243	0.672592102806	0.0	0.525754612609	0.678329013945	0.701920347074	0.758708519078	0.712694149875	0.708074697992	0.699392740808	0.673786454049	0.683779782293	0.727378973385	0.680954885404	0.688310351005	0.709035401403	0.713006921711	0.684922578532	0.750781245026	0.703316964865	0.658030993627	0.720213105467	0.689449110722	0.683402585995	0.67978457459	0.680632895412	0.664775945936	0.692002648893	0.676419881458	0.690540216956	0.685488258168	0.671199634249	0.724906972586	0.720425079749	0.691676414577	0.699543450085	0.69829356057	0.707481683882	0.703857636699	0.722201421918	0.691436763135	0.695768562169	0.676700392618	0.699462525687	0.693446948522	0.709118391596	0.711233096732	0.695972990298	0.686570881428	0.690716775906
AH4	0.477066699358	0.360191207722	0.689689102662	0.643495566047	0.653641476791	0.652541671629	0.688964654172	0.663487156691	0.672875100419	0.663152447087	0.663874196744	0.65555864036	0.658741745658	0.641756848409	0.525754612609	0.0	0.702653708024	0.700998303554	0.776318872518	0.692315959606	0.710353242556	0.669968978906	0.691750381969	0.692123038597	0.731459868518	0.692982188604	0.677906123003	0.674064089578	0.709157144907	0.681821575694	0.748831005971	0.689870078345	0.68138778178	0.692396654933	0.67669962684	0.661129158962	0.668091213935	0.670678406468	0.647276091711	0.671340563904	0.641659737389	0.686767636163	0.680810683486	0.658919632142	0.701034335913	0.679362649753	0.680283780296	0.675720621864	0.667976901898	0.679077870589	0.681085234738	0.6797580875	0.655021477547	0.657010355183	0.68440689222	0.683402201996	0.662560200372	0.674021792513	0.668790076304	0.669441225542	0.65019223094	0.657718442896
AA7	0.691928783648	0.67880077014	0.702371521083	0.699175235612	0.659692295801	0.69751845881	0.72944501266	0.680220666267	0.661514259914	0.711020921119	0.673287248719	0.706042955623	0.677467059591	0.70645783105	0.678329013945	0.702653708024	0.0	0.512748635754	0.769757926192	0.689368583516	0.655908390928	0.670380496395	0.657524461254	0.682005313172	0.710268193649	0.697849278526	0.682287836079	0.675427719105	0.688168482652	0.678242761462	0.707307921112	0.544558517768	0.646083970951	0.737348377582	0.716639631045	0.723674651106	0.659647698132	0.71111130598	0.705776493997	0.736571724732	0.7286525618	0.707669313964	0.701794739727	0.708673518746	0.745067584926	0.728234251865	0.7387113092	0.734205370548	0.709946892801	0.748728112591	0.705306772568	0.739787829681	0.703176293209	0.714853344605	0.667055583581	0.705633474849	0.730943613456	0.73231324257	0.743845957186	0.734600723765	0.691675491593	0.729285232737
AA8	0.681370809123	0.687637382274	0.726819806838	0.699989726897	0.693193558059	0.692341476393	0.685356625579	0.673138404557	0.681037039993	0.693095815064	0.694972809501	0.697835698107	0.679060846481	0.719657920975	0.701920347074	0.700998303554	0.512748635754	0.0	0.774330643981	0.649616980165	0.65037048806	0.636045975189	0.675627677138	0.670404166826	0.70299241149	0.669001894416	0.660428950052	0.652476755937	0.654878364045	0.648285782758	0.535513764789	0.375894110244	0.667773149061	0.714767331834	0.708552566137	0.713543947584	0.687298949665	0.692747156997	0.70498231281	0.703594359809	0.698819729389	0.691313122749	0.703151687967	0.692157447665	0.728087644231	0.70781079531	0.726647579458	0.719026915865	0.703233808993	0.711390053972	0.707192664541	0.738193927209	0.691624856768	0.675703622553	0.672351219808	0.67877297955	0.726314371418	0.734588097093	0.741148858997	0.723823034792	0.707429794543	0.709862485648
AB7	0.75863371788	0.774568055313	0.718935742302	0.752089637497	0.747946366697	0.762232880023	0.771191247974	0.754308777468	0.756571165319	0.767806858492	0.751254968704	0.770000064978	0.771079199881	0.733367695087	0.758708519078	0.776318872518	0.769757926192	0.774330643981	0.0	0.565859769828	0.741963466431	0.757014510003	0.779491740982	0.794226429377	0.742295267481	0.777868646832	0.788735406344	0.771356383472	0.751551064064	0.642262550052	0.754954694424	0.750551291652	0.777076232872	0.791604115471	0.77319452307	0.78938775531	0.756219580174	0.755699910703	0.789092590033	0.787452285802	0.787176235237	0.723289498299	0.731739596935	0.768226215071	0.806210190223	0.799624206785	0.815802153037	0.79651790674	0.777838362515	0.79759183951	0.805527352364	0.796337877179	0.791033597669	0.796826770764	0.779742199877	0.787523017759	0.788338408217	0.793059127172	0.796176304056	0.795049454305	0.791173313375	0.795334664276
AB8	0.694965342364	0.694497594839	0.686376593424	0.680928462693	0.684181843536	0.68868176616	0.676460698507	0.628387411339	0.682005633427	0.660355347942	0.686928136476	0.675930282478	0.698613486562	0.664485376219	0.712694149875	0.692315959606	0.689368583516	0.649616980165	0.565859769828	0.0	0.659535604901	0.634846075442	0.678880310802	0.677251256965	0.675799752623	0.671056027718	0.691101627114	0.669726915607	0.530080461905	0.429170879726	0.687989358134	0.606529026669	0.691121201874	0.696605051593	0.703100351182	0.69004268585	0.687655482167	0.66795274488	0.677866555489	0.691725295157	0.672284322334	0.660462892258	0.659646863893	0.673374600356	0.719439638743	0.697687576648	0.733447588473	0.700525578872	0.694463682381	0.706060498745	0.711377541554	0.727376181551	0.684194071205	0.695339247256	0.687043310428	0.691639403159	0.706473645267	0.71581647461	0.709790140499	0.70262329947	0.68997893767	0.698016771815
AC7	0.692368585666	0.698004031724	0.711144640787	0.687491500633	0.719772261619	0.721344636316	0.715758807484	0.684293495379	0.720050488363	0.716503838877	0.683187141035	0.708693960646	0.689102046813	0.697246037322	0.708074697992	0.710353242556	0.655908390928	0.65037048806	0.741963466431	0.659535604901	0.0	0.518708246463	0.663162348723	0.682892730666	0.694319763265	0.685610774158	0.687972843442	0.563514304387	0.639731657668	0.631014444603	0.657397495074	0.646618543069	0.704353760716	0.704151546084	0.726160594086	0.73604033388	0.70033530745	0.717159325147	0.710341581218	0.730224936002	0.725297801688	0.716275038842	0.726566781638	0.713976678919	0.702280155892	0.700654657015	0.746507739092	0.74350031559	0.692165210815	0.742931994612	0.747428400762	0.749367907259	0.697235272027	0.698452571993	0.698075952019	0.69539411494	0.741972759741	0.727888526143	0.755228064101	0.725851646289	0.695686956423	0.734102840723
AC8	0.686505805531	0.649639553556	0.734050159713	0.677305524729	0.699021510862	0.695007077686	0.679884710044	0.645007008532	0.713905774725	0.675422861249	0.699725355362	0.682210309544	0.703116807388	0.693231340668	0.699392740808	0.669968978906	0.670380496395	0.636045975189	0.757014510003	0.634846075442	0.518708246463	0.0	0.690405707508	0.671694247727	0.705043769392	0.668697003545	0.505315353014	0.402496995697	0.650007388308	0.610877988265	0.697981416532	0.628155856691	0.696623965062	0.659926635938	0.706539278911	0.695903475601	0.682189222543	0.682133963318	0.68291034702	0.706287134617	0.673576467918	0.699272629549	0.695152940582	0.679229198889	0.670938262622	0.65909744957	0.713779416244	0.695796088114	0.662630573598	0.689504143641	0.688223228669	0.691092186924	0.665291449519	0.649388935059	0.675637919406	0.654544973573	0.69677791076	0.671265041377	0.714536492696	0.692570936739	0.670421565197	0.653786439962
AD7	0.683043235617	0.677237398103	0.703457154419	0.683439139592	0.72081092863	0.696043137408	0.710481936345	0.684976399955	0.666550750174	0.706764602678	0.684003144037	0.708218641504	0.67253361074	0.688121462171	0.673786454049	0.691750381969	0.657524461254	0.675627677138	0.779491740982	0.678880310802	0.663162348723	0.690405707508	0.0	0.449921237186	0.704651158884	0.500472287065	0.668527096338	0.696674972096	0.664924174277	0.648155659243	0.703353070917	0.667412201512	0.647560371927	0.711938357319	0.717683097199	0.710807997968	0.685516113647	0.68170744681	0.688148281552	0.710402396621	0.702219166602	0.67643962233	0.686305825097	0.691253669475	0.714045099748	0.705495583077	0.718510892992	0.697439061158	0.685378167993	0.728676191978	0.699520790823	0.731901344221	0.673163633231	0.687742380879	0.654894586596	0.689686379187	0.691580124281	0.716962310313	0.713351576722	0.700099942806	0.658192479289	0.70631308352
AD8	0.694455640944	0.684426985571	0.726219264492	0.691902211819	0.721632717477	0.705316531939	0.693674545964	0.667673175703	0.689297340267	0.691055121687	0.711408559336	0.699577312692	0.66390233438	0.705195555646	0.683779782293	0.692123038597	0.682005313172	0.670404166826	0.794226429377	0.677251256965	0.682892730666	0.671694247727	0.449921237186	0.0	0.59018912903	0.372233232285	0.645173835274	0.672827524657	0.671054974767	0.640819700086	0.709333015846	0.671980175518	0.684416191647	0.703857639272	0.719284893903	0.709967239785	0.693646421922	0.695052204185	0.691608600439	0.709109615071	0.702750286519	0.699983625896	0.701115201313	0.684075299794	0.711519254945	0.70751816739	0.715405514385	0.693746125891	0.687004519657	0.715298617879	0.689690514	0.726437060553	0.678508036486	0.670812083531	0.651252897715	0.683137460136	0.692936416233	0.713447012995	0.713448667643	0.695651069165	0.67242824293	0.704891842258
AE7	0.727817686451	0.733879022825	0.708781670993	0.7218552677	0.721602942634	0.759676428612	0.724349962176	0.712391943524	0.744138165337	0.72435843198	0.762239552288	0.73834669933	0.729459542613	0.714999101634	0.727378973385	0.731459868518	0.710268193649	0.70299241149	0.742295267481	0.675799752623	0.694319763265	0.705043769392	0.704651158884	0.59018912903	0.0	0.518861900063	0.7124094175	0.715493645209	0.693743359051	0.695707813458	0.732354419972	0.697934050387	0.732000654801	0.763021093388	0.742396399393	0.75048535322	0.725893920397	0.736586653604	0.752466683844	0.764081061353	0.755234794327	0.744626081935	0.740065479117	0.736419080012	0.759438962168	0.766158096708	0.768592877346	0.772998305648	0.726505092877	0.763037273218	0.760226174325	0.784540086695	0.739426577752	0.750273796916	0.73125379529	0.745111866755	0.770481592319	0.786128107836	0.781563240603	0.757999822327	0.747752549144	0.775505235939
AE8	0.699867227925	0.677783890512	0.717608932468	0.686161726406	0.717007977102	0.694791215362	0.681791294472	0.659715682308	0.683753105431	0.683045621922	0.707358535579	0.693006985421	0.679211834237	0.699018422541	0.680954885404	0.692982188604	0.697849278526	0.669001894416	0.777868646832	0.671056027718	0.685610774158	0.668697003545	0.500472287065	0.372233232285	0.518861900063	0.0	0.662887833905	0.677041788958	0.666367121887	0.645551475144	0.714506594984	0.679491609262	0.687935092903	0.707729198365	0.717044999025	0.711651453357	0.694916890108	0.689247291944	0.692457303492	0.703106104478	0.692137783975	0.691460466976	0.697638627969	0.671777834607	0.711245358222	0.710468017809	0.711440972988	0.70262433544	0.686661924652	0.711679318073	0.695804369506	0.727316277407	0.694005128714	0.669392742977	0.663454110251	0.673342535386	0.703175753083	0.711537730421	0.726926791276	0.696957111587	0.688095684488	0.701816573529
AF7	0.680648273292	0.664756052303	0.708573079686	0.688645238598	0.725432074266	0.700583663538	0.697009144502	0.682014409315	0.678026807651	0.704341398591	0.70466931699	0.723751823345	0.677880116481	0.700760842649	0.688310351005	0.677906123003	0.682287836079	0.660428950052	0.788735406344	0.691101627114	0.687972843442	0.505315353014	0.668527096338	0.645173835274	0.7124094175	0.662887833905	0.0	0.457631744886	0.664804119135	0.664051758266	0.726390968503	0.672207073252	0.670661467871	0.707054611165	0.694477576513	0.709628857986	0.696708175759	0.683699676885	0.685280597517	0.695647489992	0.679445869457	0.684430743375	0.692791849161	0.684928508492	0.731134571848	0.719525118147	0.715681933533	0.699863369571	0.694762592362	0.713812212917	0.692737328824	0.728101499147	0.692538548976	0.664971887578	0.672119202156	0.676425270149	0.687715799713	0.718815895505	0.711818194246	0.709875896967	0.679867966457	0.69013445072
AF8	0.686271737244	0.663089046638	0.725829997533	0.68136762456	0.712291802589	0.704620204137	0.683375999792	0.667010536091	0.703377036498	0.687542732187	0.710095185864	0.709092100531	0.705900138304	0.698667494699	0.709035401403	0.674064089578	0.675427719105	0.652476755937	0.771356383472	0.669726915607	0.563514304387	0.402496995697	0.696674972096	0.672827524657	0.715493645209	0.677041788958	0.457631744886	0.0	0.651806862334	0.630431110032	0.714041611569	0.652836866563	0.69285864467	0.667492681813	0.697803216244	0.71188564224	0.687259040169	0.67436527046	0.688678224905	0.716316222797	0.702522805394	0.693445526057	0.710461447146	0.685674771073	0.699701522887	0.69322727161	0.729064770724	0.706267570486	0.684108409023	0.698648060357	0.700895878836	0.700447953792	0.677340563775	0.655624903518	0.693464945144	0.673807934684	0.687747667694	0.683551328449	0.716557545363	0.722743023853	0.66983035673	0.675887644262
AG7	0.700255250685	0.689468468707	0.684343932624	0.696684826973	0.722285539468	0.708333146721	0.699415170885	0.661117030996	0.659531134389	0.693008787797	0.693709197001	0.707502815929	0.690421085173	0.678968389793	0.713006921711	0.709157144907	0.688168482652	0.654878364045	0.751551064064	0.530080461905	0.639731657668	0.650007388308	0.664924174277	0.671054974767	0.693743359051	0.666367121887	0.664804119135	0.651806862334	0.0	0.465311656839	0.684149568802	0.655229913302	0.662328443104	0.701333288792	0.689898296981	0.704425171472	0.668091957742	0.674102894581	0.68917867866	0.705369206567	0.695181299852	0.676006523734	0.695709358329	0.674380675829	0.71756532597	0.706748709456	0.73138855603	0.716227236327	0.685312457809	0.706444008995	0.692058710313	0.733842597779	0.669507279702	0.675721528306	0.668162094139	0.699562127955	0.689600870506	0.717574796129	0.713855038387	0.715310188381	0.674267781418	0.703525480484
AG8	0.675454827522	0.66929072118	0.691432175912	0.668051688731	0.693428161704	0.685455239977	0.663643705412	0.61896857894	0.673044201941	0.641068978583	0.678077441022	0.678273950355	0.679830108438	0.669892938054	0.684922578532	0.681821575694	0.678242761462	0.648285782758	0.642262550052	0.429170879726	0.631014444603	0.610877988265	0.648155659243	0.640819700086	0.695707813458	0.645551475144	0.664051758266	0.630431110032	0.465311656839	0.0	0.693610091509	0.631569419411	0.686463447199	0.676715197098	0.695554446654	0.681319242388	0.652781059333	0.642154453933	0.669384981906	0.688449155723	0.666852481128	0.664664023527	0.665029588627	0.656830776464	0.684643286561	0.675204842102	0.713596154259	0.672855076652	0.670779737237	0.694599503743	0.670551863759	0.697896202102	0.652010429677	0.667416508693	0.660705050448	0.675256051022	0.679996545759	0.677923296372	0.689846538056	0.690884484791	0.663871381102	0.670545981109
AH7	0.735388448116	0.744948067791	0.748793160749	0.726036396482	0.757320694162	0.762161048345	0.719248094718	0.73372382816	0.732439258221	0.74688819767	0.720264046656	0.748015067634	0.731225916655	0.754246629754	0.750781245026	0.748831005971	0.707307921112	0.535513764789	0.754954694424	0.687989358134	0.657397495074	0.697981416532	0.703353070917	0.709333015846	0.732354419972	0.714506594984	0.726390968503	0.714041611569	0.684149568802	0.693610091509	0.0	0.517880094616	0.718121416608	0.771902797607	0.768988754448	0.761823843585	0.738092893217	0.756885725174	0.763625500278	0.753778164729	0.756545650943	0.745589027375	0.743324096102	0.748533997356	0.76990397504	0.76322880973	0.774222206028	0.768177190775	0.747276916454	0.774738832838	0.778315843094	0.799993949993	0.741700033943	0.735137557044	0.727055705684	0.725635573154	0.770768611621	0.795194580583	0.783352767367	0.768141366902	0.745930980519	0.757302655183
AH8	0.696581976722	0.673653423001	0.733581777741	0.697478280122	0.685998181357	0.708899401523	0.691259133681	0.651345498219	0.685548200001	0.677067872761	0.693134086434	0.685983645424	0.694534672623	0.711494209633	0.703316964865	0.689870078345	0.544558517768	0.375894110244	0.750551291652	0.606529026669	0.646618543069	0.628155856691	0.667412201512	0.671980175518	0.697934050387	0.679491609262	0.672207073252	0.652836866563	0.655229913302	0.631569419411	0.517880094616	0.0	0.67532330132	0.714918675815	0.709024074474	0.712130936343	0.682420027785	0.69216314429	0.688889896678	0.701599248981	0.693805016714	0.701048595446	0.697215541844	0.705657869903	0.722775316106	0.70663246891	0.717560247635	0.707376188362	0.700909765818	0.72233103682	0.707768034053	0.727746301178	0.689865208009	0.684116559913	0.674908605842	0.683926567417	0.731040780232	0.72891060856	0.73324700413	0.713469489465	0.700262534048	0.702312872398
AA5	0.646712982717	0.65998069399	0.698216018789	0.693175603585	0.664181769078	0.647538898325	0.685866839045	0.67757818992	0.611192040157	0.695217944756	0.628907105931	0.646828062704	0.682911617925	0.669588502125	0.658030993627	0.68138778178	0.646083970951	0.667773149061	0.777076232872	0.691121201874	0.704353760716	0.696623965062	0.647560371927	0.684416191647	0.732000654801	0.687935092903	0.670661467871	0.69285864467	0.662328443104	0.686463447199	0.718121416608	0.67532330132	0.0	0.587915843334	0.669671428115	0.689778074048	0.642040992693	0.647290813383	0.678571030031	0.682529145494	0.696874920961	0.622509917932	0.649335169105	0.651870717548	0.719508957112	0.674129848324	0.679327426298	0.705797892021	0.693684784537	0.696213675824	0.688407031701	0.715373320641	0.663050669684	0.677080255883	0.650705623326	0.683328131579	0.655184103237	0.702946135836	0.69575476292	0.690337206014	0.638915242948	0.70554495667
AA6	0.679224930451	0.672652160582	0.762788996028	0.708386814739	0.69980414131	0.648741125811	0.654382598694	0.647255719563	0.686740067791	0.668938869262	0.672920588031	0.642379374477	0.710303573619	0.713569520652	0.720213105467	0.692396654933	0.737348377582	0.714767331834	0.791604115471	0.696605051593	0.704151546084	0.659926635938	0.711938357319	0.703857639272	0.763021093388	0.707729198365	0.707054611165	0.667492681813	0.701333288792	0.676715197098	0.771902797607	0.714918675815	0.587915843334	0.0	0.690232993522	0.690316725067	0.652062254042	0.636926875758	0.663739327184	0.674240516071	0.664705083879	0.675473764103	0.680449869222	0.65797052552	0.498326501905	0.442429071788	0.695170333118	0.682239077159	0.662131944262	0.671851647059	0.676223118507	0.674341193769	0.656134353609	0.669973300931	0.693656166584	0.682581950578	0.66303382573	0.667946617202	0.677231645933	0.676360268192	0.654277853422	0.667319220917
AB5	0.673526298516	0.669273736174	0.688298945006	0.680456817543	0.691212303204	0.664640906414	0.670578343422	0.676780198076	0.665366444951	0.67977187888	0.682579659161	0.671221532817	0.687462344831	0.647917095412	0.689449110722	0.67669962684	0.716639631045	0.708552566137	0.77319452307	0.703100351182	0.726160594086	0.706539278911	0.717683097199	0.719284893903	0.742396399393	0.717044999025	0.694477576513	0.697803216244	0.689898296981	0.695554446654	0.768988754448	0.709024074474	0.669671428115	0.690232993522	0.0	0.414462021001	0.655144695075	0.671019084911	0.658346742424	0.633549428697	0.650233632369	0.666902975398	0.687903763875	0.654247845613	0.715491250579	0.700715826705	0.681047754085	0.698485141525	0.678238209758	0.697635172671	0.691411651928	0.690667065285	0.667707675573	0.677004196359	0.694628188729	0.682287917489	0.69533918597	0.687602052155	0.704460081018	0.709929641172	0.655756178553	0.686467341237
AB6	0.687115698944	0.65733613791	0.7231348621	0.694312677429	0.681572227948	0.667763940972	0.664535086143	0.659216546834	0.693931166547	0.662502477309	0.685957148186	0.670631439548	0.702239476404	0.684331942616	0.683402585995	0.661129158962	0.723674651106	0.713543947584	0.78938775531	0.69004268585	0.73604033388	0.695903475601	0.710807997968	0.709967239785	0.75048535322	0.711651453357	0.709628857986	0.71188564224	0.704425171472	0.681319242388	0.761823843585	0.712130936343	0.689778074048	0.690316725067	0.414462021001	0.0	0.663882129009	0.678610235173	0.65027367607	0.642436752404	0.652846845503	0.693945020873	0.682644665451	0.580848112468	0.699279160634	0.687444220709	0.672176361075	0.67385145019	0.675108571269	0.694797761684	0.690506012995	0.686931018247	0.661892421896	0.677454778379	0.687730449545	0.673379675297	0.689767488316	0.678690376767	0.681198146088	0.691067130462	0.663755767617	0.669647660597
AC5	0.633728035246	0.652630354834	0.686611772263	0.667777394521	0.687818340014	0.661320121842	0.682736059808	0.651170055594	0.640677669683	0.684515665193	0.645563577191	0.657748552929	0.677371018162	0.658579401224	0.67978457459	0.668091213935	0.659647698132	0.687298949665	0.756219580174	0.687655482167	0.70033530745	0.682189222543	0.685516113647	0.693646421922	0.725893920397	0.694916890108	0.696708175759	0.687259040169	0.668091957742	0.652781059333	0.738092893217	0.682420027785	0.642040992693	0.652062254042	0.655144695075	0.663882129009	0.0	0.504071506704	0.628509334015	0.662635738039	0.656822257338	0.667586643731	0.628830899105	0.632712750956	0.67053923109	0.667416568434	0.662277068118	0.682574167049	0.623536992535	0.675024206086	0.644000888649	0.65920388702	0.645616322011	0.644998931199	0.610636779357	0.65497083925	0.649572377822	0.65326685119	0.650622435664	0.693602659741	0.633136719475	0.67172542786
AC6	0.661715332392	0.649721513005	0.719799834876	0.656817602856	0.68287890184	0.648205234793	0.649960319094	0.641241027427	0.670099514816	0.647955684242	0.667445699418	0.658848236431	0.667587108968	0.654394960414	0.680632895412	0.670678406468	0.71111130598	0.692747156997	0.755699910703	0.66795274488	0.717159325147	0.682133963318	0.68170744681	0.695052204185	0.736586653604	0.689247291944	0.683699676885	0.67436527046	0.674102894581	0.642154453933	0.756885725174	0.69216314429	0.647290813383	0.636926875758	0.671019084911	0.678610235173	0.504071506704	0.0	0.62645622501	0.645531301448	0.638407932201	0.497403140648	0.485722376291	0.620225458811	0.67025040848	0.654214946209	0.662758719338	0.677571916667	0.614228768988	0.636334818176	0.650945070993	0.657745430815	0.642082325206	0.642833186553	0.664385359106	0.66251103195	0.616248870309	0.667586545252	0.636921906412	0.664499379299	0.654798458931	0.66668012232
AD6	0.676919647832	0.647812503756	0.737289602876	0.670600195255	0.676463404202	0.651699839898	0.642575530793	0.613125600994	0.658686217634	0.622620203656	0.687693188376	0.651208652867	0.670282647428	0.672184497744	0.664775945936	0.647276091711	0.705776493997	0.70498231281	0.789092590033	0.677866555489	0.710341581218	0.68291034702	0.688148281552	0.691608600439	0.752466683844	0.692457303492	0.685280597517	0.688678224905	0.68917867866	0.669384981906	0.763625500278	0.688889896678	0.678571030031	0.663739327184	0.658346742424	0.65027367607	0.628509334015	0.62645622501	0.0	0.516126428419	0.418528631878	0.650385505997	0.661556243706	0.644377275904	0.679767346042	0.66394284101	0.661777797335	0.65396171429	0.653802104777	0.652830792941	0.667337224569	0.668122243243	0.640442935545	0.648101329601	0.649833339278	0.652472010609	0.651702664626	0.669686894151	0.667621736206	0.639019493887	0.649682091245	0.652859970425
AE5	0.673525745536	0.666048801391	0.719855013504	0.686105855243	0.667007361208	0.643754878862	0.646194007833	0.630355994937	0.665301295626	0.62911031978	0.67073511634	0.631297385489	0.684278327803	0.684485117762	0.692002648893	0.671340563904	0.736571724732	0.703594359809	0.787452285802	0.691725295157	0.730224936002	0.706287134617	0.710402396621	0.709109615071	0.764081061353	0.703106104478	0.695647489992	0.716316222797	0.705369206567	0.688449155723	0.753778164729	0.701599248981	0.682529145494	0.674240516071	0.633549428697	0.642436752404	0.662635738039	0.645531301448	0.516126428419	0.0	0.403058450125	0.665040972263	0.665754084729	0.643461454509	0.686782126841	0.671807548063	0.678533776433	0.670890196321	0.653532235059	0.660617138204	0.657674505301	0.675973808941	0.636341792064	0.650301756124	0.655100041678	0.640986010461	0.665722200501	0.6930415839	0.663321225659	0.638176880639	0.640326260187	0.669043801978
AE6	0.675638898029	0.644006668314	0.744390043933	0.695938104698	0.682323098101	0.655559226067	0.643714033341	0.616615892884	0.688074364653	0.608353522195	0.702869570013	0.654584470391	0.698468780325	0.694923181012	0.676419881458	0.641659737389	0.7286525618	0.698819729389	0.787176235237	0.672284322334	0.725297801688	0.673576467918	0.702219166602	0.702750286519	0.755234794327	0.692137783975	0.679445869457	0.702522805394	0.695181299852	0.666852481128	0.756545650943	0.693805016714	0.696874920961	0.664705083879	0.650233632369	0.652846845503	0.656822257338	0.638407932201	0.418528631878	0.403058450125	0.0	0.668233886546	0.655001932261	0.65480115495	0.674803311811	0.651971643156	0.673858274026	0.655983675012	0.643220421506	0.644080962588	0.663168573276	0.66024897428	0.642943253976	0.636988882826	0.654677264144	0.638582549901	0.635709245333	0.66501324763	0.646242861554	0.616706165379	0.636800911494	0.641499296596
AF5	0.683771138814	0.673287347807	0.700713202193	0.663672969788	0.673089599812	0.659649860675	0.667534048081	0.658738343839	0.651093171166	0.66395033888	0.67918564084	0.666139241972	0.674233110225	0.649511306723	0.690540216956	0.686767636163	0.707669313964	0.691313122749	0.723289498299	0.660462892258	0.716275038842	0.699272629549	0.67643962233	0.699983625896	0.744626081935	0.691460466976	0.684430743375	0.693445526057	0.676006523734	0.664664023527	0.745589027375	0.701048595446	0.622509917932	0.675473764103	0.666902975398	0.693945020873	0.667586643731	0.497403140648	0.650385505997	0.665040972263	0.668233886546	0.0	0.426151458195	0.632632912924	0.714082158548	0.686211632041	0.697307245634	0.707673204998	0.660537577021	0.664053313343	0.692990165103	0.717284647513	0.670376157769	0.670620483675	0.688908112629	0.68250927434	0.651170305744	0.702277229673	0.669932425878	0.670770795122	0.666847617013	0.691042601509
AF6	0.675529727931	0.654912679071	0.710097406566	0.667927220706	0.662280377326	0.665944316238	0.676725604895	0.659235475142	0.669778486997	0.659336214661	0.682165541813	0.660718819258	0.679336056151	0.652447279829	0.685488258168	0.680810683486	0.701794739727	0.703151687967	0.731739596935	0.659646863893	0.726566781638	0.695152940582	0.686305825097	0.701115201313	0.740065479117	0.697638627969	0.692791849161	0.710461447146	0.695709358329	0.665029588627	0.743324096102	0.697215541844	0.649335169105	0.680449869222	0.687903763875	0.682644665451	0.628830899105	0.485722376291	0.661556243706	0.665754084729	0.655001932261	0.426151458195	0.0	0.645118783205	0.701966540625	0.688760718515	0.681795624682	0.686177073509	0.647896215553	0.662146331739	0.677009108504	0.700307129079	0.67115302968	0.684680142442	0.690002233114	0.68683692299	0.646952026279	0.690308649746	0.658894580343	0.655261902897	0.660802426058	0.697802907542
