	AA3	AA4	AB3	AB4	AC3	AC4	AD3	AD4	AE3	AE4	AF3	AF4	AG3	AG4	AH3	AH4	AA7	AA8	AB7	AB8	AC7	AC8	AD7	AD8	AE7	AE8	AF7	AF8	AG7	AG8	AH7	AH8	AA5	AA6	AB5	AB6	AC5	AC6	AD6	AE5	AE6	AF5	AF6	AG5	AH5	AH6	AA1	AA2	AB1	AB2	AC1	AC2	AD1	AD2	AE1	AE2	AF1	AF2	AG1	AG2	AH1	AH2
AA3	0.0	0.507665567034	0.682496760391	0.627584052872	0.682625345983	0.659277255041	0.691001331649	0.689547731618	0.667652173962	0.68155602326	0.651757206182	0.66699664916	0.651689369872	0.645891121339	0.688033065403	0.480061132369	0.675778479916	0.689096306944	0.761058983131	0.687404468165	0.69788682234	0.688180623422	0.693926579894	0.700451508223	0.728993773836	0.703120126957	0.68477303028	0.674331121451	0.678863743719	0.696154715492	0.73194621008	0.691764763225	0.643902472029	0.691067442088	0.670620107854	0.688911463129	0.641316417747	0.659426301754	0.673081361273	0.676767931367	0.690285521797	0.690635697375	0.67478471158	0.65607384258	0.711387301391	0.68915999407	0.667441132186	0.707377261276	0.654028733065	0.693491314316	0.683931302723	0.690379051571	0.633353779467	0.649945770805	0.683288574418	0.672327001119	0.649752068701	0.689059242301	0.656178548919	0.693512881568	0.653340778754	0.705137983031
AA4	0.507665567034	0.0	0.710165490558	0.644078063183	0.667155969525	0.666913316073	0.650532234633	0.656145648305	0.679132129176	0.661407455716	0.682403794176	0.662473673409	0.679513042828	0.658267090184	0.50110108343	0.388658585733	0.694391411256	0.677219059124	0.775803712936	0.689605396709	0.719122047352	0.678297463548	0.691763269387	0.685926027123	0.735959522275	0.678551031235	0.666608034569	0.673736734987	0.694081342521	0.675260305452	0.758642606638	0.684461094313	0.656914607453	0.662049426233	0.679398826598	0.666364731373	0.674783146486	0.64576120381	0.646770909828	0.670144971371	0.650921279527	0.662922410285	0.659743528523	0.649568771439	0.700065569455	0.691509338832	0.662646471742	0.671962790265	0.660200585749	0.671050648309	0.677919809753	0.673759256428	0.649667054247	0.651134761652	0.666119117696	0.661310471148	0.644760555299	0.670696346044	0.668688930995	0.660737341475	0.660580000807	0.666259617494
AB3	0.682496760391	0.710165490558	0.0	0.649503492187	0.728239956861	0.745984317342	0.74497408931	0.746703098836	0.71761180997	0.753660947454	0.73317869609	0.752225467478	0.724488785286	0.575534889324	0.712816958144	0.704397966292	0.740623267912	0.767617029543	0.70163331148	0.712139785201	0.757853469294	0.752847554989	0.745667962549	0.746222338332	0.737510816933	0.752639344393	0.737470090295	0.752835075013	0.72083304393	0.719236747098	0.775176297302	0.767042747477	0.720973098697	0.790052055629	0.703935215474	0.747562852017	0.72524544595	0.736182170925	0.760133354652	0.739761567844	0.774231634489	0.702009024303	0.70504955615	0.742437533472	0.799319484753	0.797292682024	0.776061172532	0.787858501119	0.724422457809	0.776527127215	0.751776649356	0.769141537236	0.732858028937	0.779542085459	0.761315308366	0.772577574909	0.753009877407	0.772608709266	0.758523754908	0.773694675502	0.745361739021	0.784574664851
AB4	0.627584052872	0.644078063183	0.649503492187	0.0	0.684690173447	0.672183548751	0.709668710629	0.688373706058	0.702607222908	0.697067089018	0.676496024972	0.66595806983	0.437361103063	0.398131322921	0.68528715291	0.64286613367	0.695607545451	0.701723071737	0.754510071928	0.674343470378	0.700327798869	0.67939751166	0.698035668421	0.694934507214	0.729021344474	0.702542284485	0.665593878525	0.662109577552	0.675485958451	0.687713354547	0.746357881725	0.704963577211	0.689002739197	0.703019524806	0.69315226233	0.684516994797	0.671228266794	0.66625212697	0.683030305875	0.692423201292	0.713432335433	0.666490402984	0.655965340523	0.675776521246	0.718291259147	0.713279367207	0.699639337957	0.702997233608	0.639624689758	0.70155596203	0.688619595217	0.698123919937	0.672650463442	0.681534185468	0.695497406317	0.693576376693	0.676112948308	0.710327364587	0.692909114984	0.697223928914	0.675986762022	0.705218620232
AC3	0.682625345983	0.667155969525	0.728239956861	0.684690173447	0.0	0.536120305925	0.67388843574	0.675397967443	0.679292325245	0.67074623959	0.68654232309	0.474132848926	0.685221759934	0.676319735696	0.672316464539	0.663971970182	0.687667423028	0.69827993817	0.761182822683	0.675180111609	0.700021672786	0.706184667933	0.719863474331	0.706654663127	0.711224314761	0.716717206011	0.721579824227	0.702286071211	0.702901292369	0.690982950441	0.746932546115	0.695773063351	0.667216027819	0.69497946135	0.68966563428	0.683354789338	0.689773197948	0.677126733997	0.68374975261	0.659213766864	0.671386380733	0.67146515314	0.658241379281	0.662744886809	0.723111830004	0.698995233386	0.705173037593	0.711424583886	0.6781457563	0.685002049242	0.691187472138	0.706365927211	0.682902592568	0.692432763271	0.66623696964	0.683696350622	0.699046424553	0.710592682926	0.678982027914	0.670549135126	0.688591844483	0.703092906017
AC4	0.659277255041	0.666913316073	0.745984317342	0.672183548751	0.536120305925	0.0	0.671281284629	0.642167257925	0.658418126713	0.649726551037	0.504730630754	0.395921470345	0.672583857023	0.678596608459	0.672662179092	0.644831174425	0.679008975084	0.683196818351	0.762494877378	0.667612110459	0.715881969083	0.700094200916	0.711159215758	0.693719918881	0.752299147651	0.709132382944	0.689289235079	0.688034654445	0.711723168023	0.681107985495	0.747112423587	0.682841642337	0.651808730322	0.671533092483	0.661074209487	0.667672532388	0.652993265207	0.647046000154	0.661935286869	0.644439282389	0.658337555219	0.657239130783	0.650988337511	0.633463296098	0.695833199086	0.660486371819	0.707965666121	0.686682920863	0.686704851442	0.670804170656	0.669241390453	0.66855690469	0.67540760822	0.691456447406	0.695116190246	0.700782051828	0.655092343694	0.690448670539	0.662090617382	0.686779999567	0.658279315647	0.681475894986
AD3	0.691001331649	0.650532234633	0.74497408931	0.709668710629	0.67388843574	0.671281284629	0.0	0.412371183447	0.693615354938	0.344812658103	0.701542918813	0.656101510284	0.707678587408	0.710472393589	0.683598496461	0.656558047231	0.712664317212	0.685723349958	0.773376162342	0.667385446082	0.715107906449	0.680336500048	0.709524788572	0.692296232637	0.726349097705	0.684206906719	0.683673880862	0.684053522147	0.703725940022	0.663110378787	0.722710287966	0.688373710425	0.698741061108	0.65985767175	0.668769726375	0.661483807412	0.680948475121	0.654301222258	0.631769528724	0.643323758928	0.6280011841	0.668307596873	0.661874927466	0.670398849053	0.689720316911	0.682375284205	0.688258181299	0.673376213235	0.669470598224	0.655011452238	0.696986073927	0.691802320041	0.666428719691	0.67180664663	0.677854533626	0.670175800702	0.666195552647	0.679695222383	0.696203173823	0.658349177013	0.696490184008	0.628532943904
AD4	0.689547731618	0.656145648305	0.746703098836	0.688373706058	0.675397967443	0.642167257925	0.412371183447	0.0	0.598214721809	0.418451730559	0.680828205447	0.641301400265	0.693080401052	0.687922006766	0.680588965828	0.657010497093	0.688174141686	0.668884731672	0.771435553922	0.643059320913	0.715094404715	0.683059561096	0.691923870251	0.676490954775	0.743091183084	0.677602960941	0.677143024434	0.686002363734	0.672057522816	0.641017161249	0.740779902066	0.667541042222	0.684635840164	0.659336962607	0.665677587275	0.652537154461	0.652394462855	0.643510832834	0.637497670182	0.638035530382	0.641134530853	0.652977728186	0.640500153439	0.645178694088	0.692294774361	0.669195529267	0.678836039388	0.657917378353	0.66934631598	0.666641941611	0.686004023732	0.686802259675	0.673697936141	0.664510482889	0.662119596207	0.680737634654	0.668225498632	0.685459250909	0.690673252464	0.672286118476	0.680902312658	0.652835513827
AE3	0.667652173962	0.679132129176	0.71761180997	0.702607222908	0.679292325245	0.658418126713	0.693615354938	0.598214721809	0.0	0.656033410066	0.669750044715	0.669199535639	0.679565112177	0.685761776739	0.675297282337	0.681276780483	0.666828962118	0.700399790118	0.771900701499	0.697469883654	0.727432570558	0.727013408477	0.678998393132	0.693290241344	0.757205676277	0.710921882065	0.694434223407	0.711211130085	0.67728865944	0.692291191012	0.732595161619	0.697176824145	0.621660762147	0.708889825416	0.695868238549	0.710067219644	0.641456620206	0.68979562551	0.674626719587	0.671961045219	0.707812814975	0.676600312277	0.669292643346	0.660736002958	0.733290018338	0.722010211959	0.708164456293	0.721753692725	0.697238259861	0.719195105084	0.693022262578	0.720396297817	0.680465731509	0.692881477147	0.666631505924	0.719600883114	0.702955185622	0.743827408735	0.706519699691	0.713501751452	0.668755859846	0.720940523887
AE4	0.68155602326	0.661407455716	0.753660947454	0.697067089018	0.67074623959	0.649726551037	0.344812658103	0.418451730559	0.656033410066	0.0	0.707002289504	0.637251985209	0.705416919693	0.708184437347	0.700117147685	0.671636709766	0.706973921833	0.689781492584	0.772291143155	0.656440449286	0.719354964171	0.677839149821	0.710197490913	0.693210235573	0.733964903855	0.702012899353	0.697294673066	0.679135665068	0.6854989673	0.66564002778	0.726513003442	0.683650126148	0.698206716669	0.66828771625	0.674313761446	0.670351175138	0.677808909329	0.677924673063	0.613982987143	0.634367784752	0.608217703831	0.694095050774	0.674340000438	0.667371200039	0.692103776402	0.68616161464	0.687167459191	0.676923881927	0.673643072186	0.658779000869	0.699399129965	0.689212482909	0.669788645039	0.673296392375	0.677031237816	0.684030692979	0.688898211399	0.673591299506	0.695281344147	0.656851573794	0.691805255829	0.640030391221
AF3	0.651757206182	0.682403794176	0.73317869609	0.676496024972	0.68654232309	0.504730630754	0.701542918813	0.680828205447	0.669750044715	0.707002289504	0.0	0.553647431728	0.665432037722	0.683701837112	0.676204457154	0.66057821523	0.676913560954	0.69899100189	0.758210544481	0.677673915007	0.689482660665	0.716148352009	0.700663029737	0.694827059463	0.762310388559	0.71357921912	0.705654262155	0.711090505271	0.703384388948	0.68692241611	0.71957489827	0.690999287543	0.630240514485	0.691724165936	0.674637771468	0.69581698945	0.652181803968	0.666586465801	0.695333330986	0.673926896595	0.697676913549	0.686137845086	0.675384263117	0.655178078089	0.697653396906	0.689052258561	0.721174572087	0.707897464861	0.688572043023	0.721734105449	0.711793151238	0.711289497614	0.684237318484	0.702313897506	0.712182643196	0.72349597316	0.676653839419	0.73064892999	0.684422944863	0.718585875667	0.655575095559	0.705248854521
AF4	0.66699664916	0.662473673409	0.752225467478	0.66595806983	0.474132848926	0.395921470345	0.656101510284	0.641301400265	0.669199535639	0.637251985209	0.553647431728	0.0	0.680275212991	0.672010299018	0.688408968119	0.649484586181	0.692651048479	0.679487816011	0.758718010462	0.651461084449	0.69501361318	0.681515159141	0.710512101806	0.683798034567	0.723365091565	0.691259327113	0.687478584921	0.676509042989	0.699229586492	0.672354088569	0.739547700193	0.677741083354	0.657838383098	0.654424336293	0.679020217098	0.663421580459	0.663801332341	0.65655488442	0.672186615079	0.649284134183	0.663214499521	0.668809453138	0.65843476819	0.637889812224	0.67912275233	0.658522905851	0.714785882697	0.694155591987	0.677938910944	0.670336597564	0.666090451015	0.673136826645	0.678015581402	0.664234290339	0.683258668635	0.674773491543	0.678114141341	0.680602939927	0.688153966962	0.678992784741	0.676461565269	0.688517123241
AG3	0.651689369872	0.679513042828	0.724488785286	0.437361103063	0.685221759934	0.672583857023	0.707678587408	0.693080401052	0.679565112177	0.705416919693	0.665432037722	0.680275212991	0.0	0.482881496479	0.678573292633	0.664517704442	0.685770529591	0.686590408456	0.774709999027	0.700496344999	0.681409453741	0.70656115357	0.68102890789	0.682064986805	0.735217444409	0.697990669463	0.67942687713	0.693436971914	0.690599122654	0.712320756916	0.727989194664	0.695879497089	0.679571873486	0.702071500184	0.701099888782	0.693550081617	0.683395280297	0.679415995772	0.688348723053	0.689784201303	0.71373769477	0.664976892701	0.65527781895	0.661398175631	0.714099964491	0.710966420842	0.6996161638	0.699036203547	0.645880237688	0.700866461016	0.695526759573	0.712195180154	0.678862177882	0.675306237656	0.693071412659	0.697503111997	0.689216617973	0.738105122973	0.690353668589	0.693415792817	0.683182218816	0.707008631676
AG4	0.645891121339	0.658267090184	0.575534889324	0.398131322921	0.676319735696	0.678596608459	0.710472393589	0.687922006766	0.685761776739	0.708184437347	0.683701837112	0.672010299018	0.482881496479	0.0	0.680410864451	0.650884716659	0.71264959955	0.71571162258	0.732627529177	0.687160828867	0.706630404365	0.70212535295	0.697642553413	0.689989524812	0.719140824435	0.700102165161	0.680428874964	0.690467391371	0.690062642817	0.696964343202	0.74821770649	0.721882303847	0.69219409608	0.720389859763	0.685733551033	0.696793262372	0.691004948605	0.693600268577	0.706174096032	0.695342885672	0.723667857366	0.672219746013	0.655563139608	0.683527525289	0.738954837083	0.73048466571	0.706474849364	0.71085147891	0.668027922953	0.712652503781	0.692691724498	0.718295994424	0.698015738	0.696493160832	0.711802847415	0.707591359162	0.700860443384	0.733102209364	0.717458986755	0.710463814783	0.687326801999	0.71912043671
AH3	0.688033065403	0.50110108343	0.712816958144	0.68528715291	0.672316464539	0.672662179092	0.683598496461	0.680588965828	0.675297282337	0.700117147685	0.676204457154	0.688408968119	0.678573292633	0.680410864451	0.0	0.558855629521	0.681301761801	0.696881271806	0.775404135417	0.708079040312	0.715840560192	0.715104615494	0.683851797409	0.696438400213	0.734283250232	0.687591777291	0.68849472295	0.702162044639	0.704134702064	0.709524213111	0.754259320923	0.714027127394	0.661400325095	0.718970436075	0.689290881125	0.692842769469	0.670612857741	0.679155099845	0.686121438399	0.681884794638	0.686849199547	0.680597729779	0.667326122916	0.666926197963	0.719520601235	0.717242062138	0.6922245283	0.688966471576	0.700228276673	0.705216983671	0.694854248573	0.713233490282	0.699145199753	0.68505942827	0.678157453169	0.690577418623	0.701763349537	0.722939867716	0.705538279001	0.692905490758	0.698856472301	0.679460430015
AH4	0.480061132369	0.388658585733	0.704397966292	0.64286613367	0.663971970182	0.644831174425	0.656558047231	0.657010497093	0.681276780483	0.671636709766	0.66057821523	0.649484586181	0.664517704442	0.650884716659	0.558855629521	0.0	0.692362356756	0.672574306684	0.771698717551	0.682175487437	0.69676471741	0.679797428815	0.677450297174	0.676823946247	0.735546174568	0.67187590756	0.656755571677	0.669431344339	0.690068167995	0.673248223294	0.73758060453	0.682066219658	0.65749391221	0.66048792222	0.670510716723	0.649799760387	0.655669561121	0.642625465211	0.651911542724	0.662179442862	0.660678383331	0.670435604439	0.650067294751	0.635861130818	0.694762357857	0.675637100216	0.678638373201	0.679335590673	0.650065725249	0.682287795944	0.670696757126	0.675343616538	0.635246493686	0.648855403666	0.670655438016	0.658650279514	0.633404609223	0.676968432558	0.659533681062	0.668848359414	0.65002880064	0.666603311179
AA7	0.675778479916	0.694391411256	0.740623267912	0.695607545451	0.687667423028	0.679008975084	0.712664317212	0.688174141686	0.666828962118	0.706973921833	0.676913560954	0.692651048479	0.685770529591	0.71264959955	0.681301761801	0.692362356756	0.0	0.509361138861	0.767592042803	0.681870593103	0.658537580881	0.689873658727	0.669381506852	0.693620586496	0.697732127985	0.707758251844	0.681142650922	0.677567931944	0.683232276597	0.674439370235	0.700112934181	0.545460673139	0.651073085751	0.720618448655	0.69942335699	0.715764291567	0.664799405602	0.689244717694	0.711785311146	0.730141010201	0.729328293466	0.701159178859	0.690071163906	0.708991438668	0.737032842984	0.724089143004	0.740188930072	0.727909198895	0.710976985252	0.745798298794	0.719381682041	0.734853267395	0.68016499855	0.709669558892	0.690355027689	0.712975978368	0.725381261939	0.751126001632	0.734291878562	0.737790770888	0.691225647477	0.718379117975
AA8	0.689096306944	0.677219059124	0.767617029543	0.701723071737	0.69827993817	0.683196818351	0.685723349958	0.668884731672	0.700399790118	0.689781492584	0.69899100189	0.679487816011	0.686590408456	0.71571162258	0.696881271806	0.672574306684	0.509361138861	0.0	0.773260590089	0.651398910216	0.649258142419	0.650279726583	0.685438460817	0.671332165782	0.707610176127	0.668759058643	0.654375028105	0.661109746257	0.6702497311	0.627655842009	0.56633955949	0.386121008229	0.675676085404	0.702625069863	0.722030385457	0.718937756099	0.688281396201	0.691389563916	0.714709005497	0.707224571253	0.716414047261	0.698313963333	0.692116326088	0.696842797493	0.717803569087	0.707094609321	0.726349471861	0.720412630049	0.716842599454	0.72473764775	0.704185882981	0.739036674969	0.678458899918	0.683325917289	0.703452938959	0.705129546154	0.715676047358	0.736635955427	0.7547134563	0.72755036413	0.714919514943	0.716189166289
AB7	0.761058983131	0.775803712936	0.70163331148	0.754510071928	0.761182822683	0.762494877378	0.773376162342	0.771435553922	0.771900701499	0.772291143155	0.758210544481	0.758718010462	0.774709999027	0.732627529177	0.775404135417	0.771698717551	0.767592042803	0.773260590089	0.0	0.560390593563	0.750684766292	0.762927694025	0.789144487525	0.784132222747	0.74753583105	0.784371869436	0.778806284603	0.77703346602	0.752016326676	0.629976649305	0.762342726297	0.768522177278	0.776882093208	0.794253232868	0.772551980163	0.789861556268	0.766735806994	0.770992441874	0.795294295773	0.785315600827	0.802897849125	0.747228291322	0.735791746083	0.771228233591	0.802206883389	0.798618847723	0.822291818816	0.815385280497	0.775988021487	0.799260401573	0.812184570627	0.811237811548	0.790323444579	0.806307578319	0.786879512648	0.799897225656	0.789947161932	0.806230373055	0.808715817999	0.794022858751	0.788232039521	0.803695391255
AB8	0.687404468165	0.689605396709	0.712139785201	0.674343470378	0.675180111609	0.667612110459	0.667385446082	0.643059320913	0.697469883654	0.656440449286	0.677673915007	0.651461084449	0.700496344999	0.687160828867	0.708079040312	0.682175487437	0.681870593103	0.651398910216	0.560390593563	0.0	0.653869544967	0.64267387744	0.69462420492	0.655041894566	0.675468602205	0.654146855075	0.661608955388	0.649455432697	0.49750062905	0.404329175051	0.69843965358	0.626130950628	0.676333467765	0.693282797246	0.69469781706	0.684841948855	0.679947259933	0.666427070008	0.680643972728	0.670742893677	0.672910666431	0.671255680382	0.653031833464	0.65922509864	0.697420354188	0.683181718901	0.731054562829	0.711631985014	0.680580449962	0.700589659835	0.691341605198	0.714603070814	0.67309914933	0.69509320786	0.689046361675	0.688291778564	0.698541031417	0.717984623339	0.719091792779	0.699542461132	0.686603814392	0.705407572166
AC7	0.69788682234	0.719122047352	0.757853469294	0.700327798869	0.700021672786	0.715881969083	0.715107906449	0.715094404715	0.727432570558	0.719354964171	0.689482660665	0.69501361318	0.681409453741	0.706630404365	0.715840560192	0.69676471741	0.658537580881	0.649258142419	0.750684766292	0.653869544967	0.0	0.514111210311	0.694581606339	0.676077827452	0.692470118115	0.69673609307	0.692890438865	0.591469699097	0.653048029042	0.648759326446	0.661666734165	0.644735213595	0.699716578737	0.697790784991	0.720714883918	0.738947131595	0.708756838876	0.72424493209	0.706008092571	0.720657704833	0.725533822555	0.729285350395	0.698590064304	0.709565737095	0.699669116153	0.696659407516	0.753441420431	0.752676796021	0.698890603309	0.734657503319	0.751789571931	0.752361129588	0.694814704323	0.694403277247	0.690365831281	0.712575902733	0.743718547579	0.738710629579	0.746417898656	0.724842881983	0.699482144618	0.753345648874
AC8	0.688180623422	0.678297463548	0.752847554989	0.67939751166	0.706184667933	0.700094200916	0.680336500048	0.683059561096	0.727013408477	0.677839149821	0.716148352009	0.681515159141	0.70656115357	0.70212535295	0.715104615494	0.679797428815	0.689873658727	0.650279726583	0.762927694025	0.64267387744	0.514111210311	0.0	0.701683130913	0.656785885005	0.702337753323	0.670299058881	0.493033159629	0.394343561418	0.636793741258	0.620001522977	0.702048871514	0.631445405607	0.704036490171	0.676265861745	0.706625999487	0.716043322189	0.703605144956	0.709966731848	0.688949277487	0.708868281693	0.689790389743	0.716063866417	0.682596221254	0.692471840852	0.68504518577	0.672168587267	0.731969707258	0.714064308069	0.68411205322	0.696783660628	0.71056454986	0.70762030226	0.666660550063	0.667273460575	0.684883870437	0.699180669615	0.708800827033	0.689063168906	0.726144038853	0.703592351305	0.687597199399	0.707327608983
AD7	0.693926579894	0.691763269387	0.745667962549	0.698035668421	0.719863474331	0.711159215758	0.709524788572	0.691923870251	0.678998393132	0.710197490913	0.700663029737	0.710512101806	0.68102890789	0.697642553413	0.683851797409	0.677450297174	0.669381506852	0.685438460817	0.789144487525	0.69462420492	0.694581606339	0.701683130913	0.0	0.476623053719	0.714021353843	0.532320734117	0.678122292907	0.672503500076	0.679532076378	0.693526999918	0.708101588492	0.676986701861	0.658900129143	0.705750674774	0.721386598445	0.720838993105	0.687828642285	0.691796156948	0.700039094846	0.703640166079	0.704761398607	0.68263694238	0.673761549513	0.689751768424	0.680291929812	0.697816542121	0.708533444711	0.699060176246	0.682944540657	0.713452928531	0.691261309502	0.731554869829	0.68666468553	0.676243605636	0.665453807194	0.689102543462	0.696438093795	0.725790029136	0.707443482912	0.707486751001	0.672193935853	0.694385890888
AD8	0.700451508223	0.685926027123	0.746222338332	0.694934507214	0.706654663127	0.693719918881	0.692296232637	0.676490954775	0.693290241344	0.693210235573	0.694827059463	0.683798034567	0.682064986805	0.689989524812	0.696438400213	0.676823946247	0.693620586496	0.671332165782	0.784132222747	0.655041894566	0.676077827452	0.656785885005	0.476623053719	0.0	0.590919854819	0.402332433321	0.633997800187	0.627648547709	0.64989390901	0.662424002481	0.70555037037	0.672211213078	0.673202180453	0.687151357821	0.718706728712	0.702530547653	0.683240432371	0.687994830635	0.687353982329	0.70875304953	0.701289325221	0.67693824194	0.661437233737	0.677699241435	0.696442754059	0.680272743009	0.705363706106	0.706195019531	0.663781897356	0.70005874339	0.68010946412	0.709972842036	0.67656234004	0.665784254451	0.6658428852	0.689296330638	0.691163802164	0.714661312329	0.696538159663	0.694917274298	0.670109639663	0.705034622833
AE7	0.728993773836	0.735959522275	0.737510816933	0.729021344474	0.711224314761	0.752299147651	0.726349097705	0.743091183084	0.757205676277	0.733964903855	0.762310388559	0.723365091565	0.735217444409	0.719140824435	0.734283250232	0.735546174568	0.697732127985	0.707610176127	0.74753583105	0.675468602205	0.692470118115	0.702337753323	0.714021353843	0.590919854819	0.0	0.50303115763	0.71022955769	0.688013210378	0.684534883976	0.700974557112	0.732844012621	0.707384222427	0.729296422364	0.756466747991	0.734465470728	0.758588426189	0.730004582434	0.757211863105	0.750926837089	0.758885869203	0.766837246446	0.744650849744	0.737278302037	0.731246517172	0.754179340555	0.757972490641	0.771425623376	0.782788123483	0.728320363614	0.769065163954	0.762850364673	0.783025547318	0.737104305597	0.741802609973	0.742090555298	0.746116351654	0.775581183358	0.792858647674	0.782908586477	0.764068791695	0.746078770533	0.774269488612
AE8	0.703120126957	0.678551031235	0.752639344393	0.702542284485	0.716717206011	0.709132382944	0.684206906719	0.677602960941	0.710921882065	0.702012899353	0.71357921912	0.691259327113	0.697990669463	0.700102165161	0.687591777291	0.67187590756	0.707758251844	0.668759058643	0.784371869436	0.654146855075	0.69673609307	0.670299058881	0.532320734117	0.402332433321	0.50303115763	0.0	0.6382307216	0.652206128955	0.652959531733	0.661798905593	0.717395899122	0.675593194949	0.689183828481	0.699593827852	0.723843985461	0.722583596224	0.706607445914	0.690465030829	0.711928962074	0.716310592214	0.720608484338	0.681495777488	0.678398242349	0.682863942026	0.709888552787	0.702481592743	0.716510223223	0.719360459602	0.693630888816	0.713137602412	0.692130877284	0.73031076694	0.690582740656	0.672564840852	0.686670233452	0.688060903622	0.709446425717	0.733067670812	0.729824550452	0.715238281776	0.686547613829	0.702058087082
AF7	0.68477303028	0.666608034569	0.737470090295	0.665593878525	0.721579824227	0.689289235079	0.683673880862	0.677143024434	0.694434223407	0.697294673066	0.705654262155	0.687478584921	0.67942687713	0.680428874964	0.68849472295	0.656755571677	0.681142650922	0.654375028105	0.778806284603	0.661608955388	0.692890438865	0.493033159629	0.678122292907	0.633997800187	0.71022955769	0.6382307216	0.0	0.427049514644	0.655918645171	0.639800561357	0.724883349583	0.659254357762	0.684656858541	0.705714929016	0.707328322776	0.699502083387	0.692330248621	0.689538642516	0.6792568654	0.700297058121	0.68971457724	0.67572521688	0.669751091951	0.671904860944	0.725787622345	0.717649329669	0.717341781163	0.696050746209	0.687847750906	0.707732677309	0.687847352882	0.712722227321	0.671904846994	0.664780718972	0.671711688689	0.702262135239	0.675495691572	0.725776994443	0.700816986114	0.708716551305	0.670869649502	0.703600943184
AF8	0.674331121451	0.673736734987	0.752835075013	0.662109577552	0.702286071211	0.688034654445	0.684053522147	0.686002363734	0.711211130085	0.679135665068	0.711090505271	0.676509042989	0.693436971914	0.690467391371	0.702162044639	0.669431344339	0.677567931944	0.661109746257	0.77703346602	0.649455432697	0.591469699097	0.394343561418	0.672503500076	0.627648547709	0.688013210378	0.652206128955	0.427049514644	0.0	0.637595576729	0.623146228417	0.696918561707	0.652411844938	0.684439612734	0.686140328227	0.691748649776	0.69894007544	0.674853511957	0.692346391724	0.659531288868	0.689681402758	0.665808794778	0.697086062873	0.670251568711	0.678576213263	0.689970432164	0.680023877391	0.714066617365	0.704457269713	0.656960794038	0.678721026422	0.689695395794	0.698523663239	0.635991982609	0.638899668658	0.656406759226	0.665289536181	0.683772581035	0.689030674579	0.692039727794	0.687814066273	0.65198214387	0.707049364412
AG7	0.678863743719	0.694081342521	0.72083304393	0.675485958451	0.702901292369	0.711723168023	0.703725940022	0.672057522816	0.67728865944	0.6854989673	0.703384388948	0.699229586492	0.690599122654	0.690062642817	0.704134702064	0.690068167995	0.683232276597	0.6702497311	0.752016326676	0.49750062905	0.653048029042	0.636793741258	0.679532076378	0.64989390901	0.684534883976	0.652959531733	0.655918645171	0.637595576729	0.0	0.467438991587	0.689232033184	0.65042742694	0.684635902822	0.713819236304	0.704496949814	0.702951407996	0.666291497202	0.682870981178	0.689207622015	0.689433960576	0.698479049511	0.707243848497	0.670408167659	0.669193793316	0.714314725423	0.698353727749	0.720648288724	0.714494203687	0.680918279854	0.714002677964	0.688947196741	0.71901613843	0.654036189719	0.684998679376	0.685122875671	0.693553339547	0.690280302306	0.725971245656	0.707044664207	0.701064866879	0.675674121575	0.710193990998
AG8	0.696154715492	0.675260305452	0.719236747098	0.687713354547	0.690982950441	0.681107985495	0.663110378787	0.641017161249	0.692291191012	0.66564002778	0.68692241611	0.672354088569	0.712320756916	0.696964343202	0.709524213111	0.673248223294	0.674439370235	0.627655842009	0.629976649305	0.404329175051	0.648759326446	0.620001522977	0.693526999918	0.662424002481	0.700974557112	0.661798905593	0.639800561357	0.623146228417	0.467438991587	0.0	0.691847831386	0.611223241503	0.683384492295	0.677802539396	0.69852314145	0.688258479454	0.659735529933	0.652095276541	0.690238948519	0.688656406099	0.68151919908	0.670524597751	0.653887723314	0.665203937923	0.688266485376	0.680290380974	0.730944212051	0.712557134671	0.684426582645	0.698150634225	0.69342752312	0.711245093802	0.65976869509	0.679872961929	0.689702149061	0.691391481579	0.665405373076	0.707022679403	0.702846743272	0.688617218637	0.693303675698	0.700781293529
AH7	0.73194621008	0.758642606638	0.775176297302	0.746357881725	0.746932546115	0.747112423587	0.722710287966	0.740779902066	0.732595161619	0.726513003442	0.71957489827	0.739547700193	0.727989194664	0.74821770649	0.754259320923	0.73758060453	0.700112934181	0.56633955949	0.762342726297	0.69843965358	0.661666734165	0.702048871514	0.708101588492	0.70555037037	0.732844012621	0.717395899122	0.724883349583	0.696918561707	0.689232033184	0.691847831386	0.0	0.521253277548	0.709244644516	0.76626327328	0.766285338264	0.771552640859	0.747324921619	0.754265924445	0.762620877408	0.740287284226	0.754533842775	0.753016856195	0.727612327985	0.74332538659	0.767047203974	0.75910347252	0.780692244728	0.760674662084	0.751110628376	0.769937815415	0.777771098193	0.799843431848	0.735050077966	0.732417309518	0.734618795066	0.742017157944	0.764857686314	0.793695335867	0.78582718297	0.768552706495	0.751206770762	0.733845379806
AH8	0.691764763225	0.684461094313	0.767042747477	0.704963577211	0.695773063351	0.682841642337	0.688373710425	0.667541042222	0.697176824145	0.683650126148	0.690999287543	0.677741083354	0.695879497089	0.721882303847	0.714027127394	0.682066219658	0.545460673139	0.386121008229	0.768522177278	0.626130950628	0.644735213595	0.631445405607	0.676986701861	0.672211213078	0.707384222427	0.675593194949	0.659254357762	0.652411844938	0.65042742694	0.611223241503	0.521253277548	0.0	0.679142064924	0.705013677589	0.721010598751	0.718805924388	0.686877439188	0.672555345671	0.702289448942	0.693612008055	0.693231051749	0.697529836292	0.691372596807	0.700560308001	0.712025810968	0.705823394634	0.726898522325	0.718883798527	0.706608700998	0.72273072435	0.720984545874	0.739026829502	0.685313632164	0.681961385526	0.693266401901	0.701129825828	0.719408919526	0.735537404502	0.750786257742	0.723576187618	0.702175701888	0.714574822184
AA5	0.643902472029	0.656914607453	0.720973098697	0.689002739197	0.667216027819	0.651808730322	0.698741061108	0.684635840164	0.621660762147	0.698206716669	0.630240514485	0.657838383098	0.679571873486	0.69219409608	0.661400325095	0.65749391221	0.651073085751	0.675676085404	0.776882093208	0.676333467765	0.699716578737	0.704036490171	0.658900129143	0.673202180453	0.729296422364	0.689183828481	0.684656858541	0.684439612734	0.684635902822	0.683384492295	0.709244644516	0.679142064924	0.0	0.601053703651	0.677531142549	0.679331613795	0.623244113433	0.65057345829	0.660171917068	0.668702210885	0.685546523158	0.648472131991	0.638076438184	0.64563853512	0.71149727486	0.638955898251	0.687197749871	0.700694851034	0.684903050059	0.700980174665	0.691127402856	0.711548679053	0.661048210522	0.678700073224	0.657284284009	0.690991753173	0.663941464404	0.715458522791	0.669021249544	0.698274887512	0.640440925896	0.702932635501
AA6	0.691067442088	0.662049426233	0.790052055629	0.703019524806	0.69497946135	0.671533092483	0.65985767175	0.659336962607	0.708889825416	0.66828771625	0.691724165936	0.654424336293	0.702071500184	0.720389859763	0.718970436075	0.66048792222	0.720618448655	0.702625069863	0.794253232868	0.693282797246	0.697790784991	0.676265861745	0.705750674774	0.687151357821	0.756466747991	0.699593827852	0.705714929016	0.686140328227	0.713819236304	0.677802539396	0.76626327328	0.705013677589	0.601053703651	0.0	0.701406269543	0.672439797748	0.66090043819	0.647091738212	0.67082865877	0.678185068253	0.671598257668	0.678409661823	0.669331270459	0.672596960819	0.455120612283	0.411843571169	0.698037430262	0.685431349832	0.672083489958	0.689343518052	0.683682329882	0.6800928636	0.679976689085	0.688976206899	0.694150647625	0.696515576268	0.663180882944	0.671309558944	0.689465070115	0.694582732435	0.668995411194	0.711463023978
AB5	0.670620107854	0.679398826598	0.703935215474	0.69315226233	0.68966563428	0.661074209487	0.668769726375	0.665677587275	0.695868238549	0.674313761446	0.674637771468	0.679020217098	0.701099888782	0.685733551033	0.689290881125	0.670510716723	0.69942335699	0.722030385457	0.772551980163	0.69469781706	0.720714883918	0.706625999487	0.721386598445	0.718706728712	0.734465470728	0.723843985461	0.707328322776	0.691748649776	0.704496949814	0.69852314145	0.766285338264	0.721010598751	0.677531142549	0.701406269543	0.0	0.438198935807	0.649328539988	0.663209977796	0.65568863626	0.635855811481	0.656676584041	0.698914779549	0.671732883971	0.652927176972	0.715567399716	0.71259885549	0.688262936294	0.724142485691	0.674241185123	0.71034696416	0.691409654901	0.688631884262	0.655092921139	0.686795227531	0.696778984897	0.680773191312	0.699587760962	0.69926497373	0.712028055704	0.714278849715	0.665419575286	0.714861829344
AB6	0.688911463129	0.666364731373	0.747562852017	0.684516994797	0.683354789338	0.667672532388	0.661483807412	0.652537154461	0.710067219644	0.670351175138	0.69581698945	0.663421580459	0.693550081617	0.696793262372	0.692842769469	0.649799760387	0.715764291567	0.718937756099	0.789861556268	0.684841948855	0.738947131595	0.716043322189	0.720838993105	0.702530547653	0.758588426189	0.722583596224	0.699502083387	0.69894007544	0.702951407996	0.688258479454	0.771552640859	0.718805924388	0.679331613795	0.672439797748	0.438198935807	0.0	0.665012633208	0.642414671927	0.655821411822	0.649961605949	0.644584326713	0.677171695702	0.657533238327	0.55349486441	0.691867915172	0.680789771464	0.675912550941	0.700030640328	0.659784739195	0.676115877765	0.680516667844	0.664898103885	0.670524026716	0.680330677972	0.676870129775	0.675122636475	0.665043082631	0.681740494035	0.666798482935	0.678222072943	0.666855503921	0.694107887606
AC5	0.641316417747	0.674783146486	0.72524544595	0.671228266794	0.689773197948	0.652993265207	0.680948475121	0.652394462855	0.641456620206	0.677808909329	0.652181803968	0.663801332341	0.683395280297	0.691004948605	0.670612857741	0.655669561121	0.664799405602	0.688281396201	0.766735806994	0.679947259933	0.708756838876	0.703605144956	0.687828642285	0.683240432371	0.730004582434	0.706607445914	0.692330248621	0.674853511957	0.666291497202	0.659735529933	0.747324921619	0.686877439188	0.623244113433	0.66090043819	0.649328539988	0.665012633208	0.0	0.488823692612	0.635056597411	0.650716491356	0.672916917055	0.6715446765	0.601593254133	0.628924808911	0.665272861849	0.643639514129	0.65545204733	0.689692617391	0.630669775466	0.671681479853	0.666917369668	0.667795265858	0.633284583454	0.65352250443	0.643619102536	0.676595185585	0.634102553493	0.674196961551	0.638368619744	0.669183271008	0.650899157175	0.691435074793
AC6	0.659426301754	0.64576120381	0.736182170925	0.66625212697	0.677126733997	0.647046000154	0.654301222258	0.643510832834	0.68979562551	0.677924673063	0.666586465801	0.65655488442	0.679415995772	0.693600268577	0.679155099845	0.642625465211	0.689244717694	0.691389563916	0.770992441874	0.666427070008	0.72424493209	0.709966731848	0.691796156948	0.687994830635	0.757211863105	0.690465030829	0.689538642516	0.692346391724	0.682870981178	0.652095276541	0.754265924445	0.672555345671	0.65057345829	0.647091738212	0.663209977796	0.642414671927	0.488823692612	0.0	0.646283808045	0.635704690896	0.650635351166	0.523503082531	0.495398789612	0.620547437379	0.677338727116	0.649145432153	0.661439939202	0.662891578629	0.631302594323	0.66186328952	0.652641767116	0.664104520164	0.658342607768	0.668109301125	0.66080295214	0.667365895233	0.609290726501	0.669138635497	0.640808259154	0.6522508487	0.656698355699	0.677521089494
AD6	0.673081361273	0.646770909828	0.760133354652	0.683030305875	0.68374975261	0.661935286869	0.631769528724	0.637497670182	0.674626719587	0.613982987143	0.695333330986	0.672186615079	0.688348723053	0.706174096032	0.686121438399	0.651911542724	0.711785311146	0.714709005497	0.795294295773	0.680643972728	0.706008092571	0.688949277487	0.700039094846	0.687353982329	0.750926837089	0.711928962074	0.6792568654	0.659531288868	0.689207622015	0.690238948519	0.762620877408	0.702289448942	0.660171917068	0.67082865877	0.65568863626	0.655821411822	0.635056597411	0.646283808045	0.0	0.500164393783	0.422302004186	0.670200390984	0.652368870669	0.646726843752	0.690077555652	0.674054066493	0.667602903314	0.662526726641	0.640086905799	0.650864689355	0.688912458451	0.661490145948	0.628993964563	0.643939226447	0.645881631447	0.654607964333	0.643943692032	0.683786324406	0.657318641507	0.638627962632	0.643303682989	0.66972474513
AE5	0.676767931367	0.670144971371	0.739761567844	0.692423201292	0.659213766864	0.644439282389	0.643323758928	0.638035530382	0.671961045219	0.634367784752	0.673926896595	0.649284134183	0.689784201303	0.695342885672	0.681884794638	0.662179442862	0.730141010201	0.707224571253	0.785315600827	0.670742893677	0.720657704833	0.708868281693	0.703640166079	0.70875304953	0.758885869203	0.716310592214	0.700297058121	0.689681402758	0.689433960576	0.688656406099	0.740287284226	0.693612008055	0.668702210885	0.678185068253	0.635855811481	0.649961605949	0.650716491356	0.635704690896	0.500164393783	0.0	0.40162744369	0.671877218213	0.648931480824	0.639866811936	0.685325749375	0.681132609662	0.67637005818	0.655023772069	0.640526610305	0.654285735234	0.656463311979	0.672430390075	0.621719431212	0.634451039583	0.648503210087	0.650170882979	0.647987879969	0.685196663046	0.652651912322	0.631120936017	0.639830412387	0.67702502401
AE6	0.690285521797	0.650921279527	0.774231634489	0.713432335433	0.671386380733	0.658337555219	0.6280011841	0.641134530853	0.707812814975	0.608217703831	0.697676913549	0.663214499521	0.71373769477	0.723667857366	0.686849199547	0.660678383331	0.729328293466	0.716414047261	0.802897849125	0.672910666431	0.725533822555	0.689790389743	0.704761398607	0.701289325221	0.766837246446	0.720608484338	0.68971457724	0.665808794778	0.698479049511	0.68151919908	0.754533842775	0.693231051749	0.685546523158	0.671598257668	0.656676584041	0.644584326713	0.672916917055	0.650635351166	0.422302004186	0.40162744369	0.0	0.678752647687	0.653578008618	0.66017087164	0.689822176681	0.667957362687	0.679360433558	0.647885559085	0.653915029328	0.648209355697	0.679559080145	0.675146738522	0.625028472065	0.645569429273	0.658496536818	0.644813013197	0.661902029056	0.682749714602	0.659740755141	0.638303793661	0.643099682632	0.656392729503
AF5	0.690635697375	0.662922410285	0.702009024303	0.666490402984	0.67146515314	0.657239130783	0.668307596873	0.652977728186	0.676600312277	0.694095050774	0.686137845086	0.668809453138	0.664976892701	0.672219746013	0.680597729779	0.670435604439	0.701159178859	0.698313963333	0.747228291322	0.671255680382	0.729285350395	0.716063866417	0.68263694238	0.67693824194	0.744650849744	0.681495777488	0.67572521688	0.697086062873	0.707243848497	0.670524597751	0.753016856195	0.697529836292	0.648472131991	0.678409661823	0.698914779549	0.677171695702	0.6715446765	0.523503082531	0.670200390984	0.671877218213	0.678752647687	0.0	0.444914768476	0.633417465817	0.723950962572	0.690160612711	0.707392597312	0.706801385307	0.672852925853	0.683418033791	0.696029234317	0.723976245257	0.68606602873	0.704397121484	0.704307776716	0.711066175371	0.656112314944	0.718150991871	0.676373595495	0.6817828342	0.669770789405	0.702741623471
AF6	0.67478471158	0.659743528523	0.70504955615	0.655965340523	0.658241379281	0.650988337511	0.661874927466	0.640500153439	0.669292643346	0.674340000438	0.675384263117	0.65843476819	0.65527781895	0.655563139608	0.667326122916	0.650067294751	0.690071163906	0.692116326088	0.735791746083	0.653031833464	0.698590064304	0.682596221254	0.673761549513	0.661437233737	0.737278302037	0.678398242349	0.669751091951	0.670251568711	0.670408167659	0.653887723314	0.727612327985	0.691372596807	0.638076438184	0.669331270459	0.671732883971	0.657533238327	0.601593254133	0.495398789612	0.652368870669	0.648931480824	0.653578008618	0.444914768476	0.0	0.614737003564	0.694061776402	0.64522203614	0.679001799196	0.677690586342	0.638781782573	0.650148229527	0.661368560011	0.691083419687	0.666793980013	0.678453456461	0.668823030859	0.679894468861	0.649783627942	0.695465285427	0.659569263884	0.649885580044	0.657223935818	0.680078307681
