	AA3	AA4	AB3	AB4	AC3	AC4	AD3	AD4	AE3	AE4	AF3	AF4	AG3	AG4	AH3	AH4	AA7	AA8	AB7	AB8	AC7	AC8	AD7	AD8	AE7	AE8	AF7	AF8	AG7	AG8	AH7	AH8	AA5	AA6	AB5	AB6	AC5	AC6	AD6	AE5	AE6	AF5	AF6	AG5	AH5	AH6	AA1	AA2	AB1	AB2	AC1	AC2	AD1	AD2	AE1	AE2	AF1	AF2	AG1	AG2	AH1	AH2
AA3	0.0	0.50360197089	0.691863102621	0.639508205344	0.690281404314	0.688293184164	0.689169003389	0.698276298091	0.657804385483	0.695752882349	0.649778408664	0.667785162607	0.658508717495	0.662758003519	0.691667917679	0.487574896834	0.682980542428	0.690664587049	0.753441637892	0.69237928009	0.69963312527	0.693185494929	0.669485121459	0.696700789021	0.732405288482	0.696978873075	0.674323998681	0.695649325353	0.700205649792	0.67328843194	0.739667484904	0.699010640762	0.649088854285	0.673105731088	0.680137374426	0.66132234798	0.650912999281	0.645810815762	0.683717607138	0.685367186699	0.677006476915	0.673066236244	0.675124455683	0.680204318956	0.703003479982	0.693635511098	0.66047974763	0.684704411589	0.646823435139	0.692348274388	0.666936518938	0.682104596333	0.642624441721	0.656768746718	0.678882790825	0.675103083351	0.664433867023	0.68588032399	0.66461208323	0.684520852361	0.644588032244	0.678860544876
AA4	0.50360197089	0.0	0.725074472119	0.632757943015	0.66114662678	0.653580745955	0.659054064517	0.655946904804	0.68950044339	0.662363082953	0.661174142676	0.651339810645	0.662163206845	0.638589171069	0.521445377861	0.387953721512	0.694658823162	0.705309610797	0.769316995116	0.673446639231	0.702970637602	0.669523052016	0.683385165724	0.695211717395	0.728309137303	0.685481119206	0.662653878389	0.6751065177	0.704220362965	0.667117011471	0.749966790889	0.702191340383	0.671478917351	0.665358949259	0.658918391165	0.647916015346	0.67141996924	0.631182386721	0.661429174627	0.65567572459	0.634689174044	0.659378587597	0.650824559844	0.649678597698	0.669086887077	0.669301682103	0.664163700164	0.64573005041	0.642164351126	0.651729845605	0.663695331128	0.661528498051	0.645204032963	0.634880169717	0.677015059086	0.662150814351	0.647510419716	0.658967550946	0.660519482881	0.649012355964	0.647163329905	0.635132341148
AB3	0.691863102621	0.725074472119	0.0	0.683180896927	0.73177401862	0.77606336515	0.756493014781	0.778679134742	0.728971882852	0.758319227843	0.734436463293	0.759033351721	0.741073689762	0.617805702092	0.73337186592	0.725742464332	0.73493246473	0.767642766163	0.693016699555	0.71663636474	0.749742720414	0.758902532265	0.752008921639	0.774511183311	0.720458054766	0.774042450192	0.749890887034	0.776222427756	0.74804854077	0.735864004239	0.790043139403	0.770330099147	0.717977106142	0.782492980872	0.72081659522	0.753534032786	0.723011973161	0.746646205785	0.782683832358	0.763671139532	0.783521804349	0.725090759488	0.732674575275	0.760678579428	0.801318161958	0.811007411054	0.777654865731	0.790606210423	0.741288107394	0.802412337241	0.769467909877	0.785199329462	0.761090427372	0.78371831143	0.769500124318	0.791649833344	0.767400548139	0.78214566196	0.775666147185	0.778827665032	0.740083135974	0.789819066415
AB4	0.639508205344	0.632757943015	0.683180896927	0.0	0.695626503936	0.693572469636	0.722496172451	0.713892795208	0.681926770988	0.71103146877	0.662891929087	0.678354924285	0.427826321988	0.456741831282	0.688205005392	0.655569331883	0.713865007596	0.716849885159	0.764989823275	0.695451441237	0.703011360089	0.700640746037	0.68048716806	0.694862408579	0.731076570073	0.714455083892	0.685456452623	0.707139680619	0.693112451432	0.68814862798	0.745720361592	0.719204804645	0.676214771336	0.697469892162	0.674892802096	0.684780729316	0.657866157232	0.657515301322	0.705361244264	0.682022860205	0.701285206808	0.67609900768	0.672837997393	0.684803693127	0.719974865636	0.72378695883	0.694153971043	0.710304770502	0.64578346575	0.704818029903	0.700854962039	0.693316733367	0.676241980283	0.687540542266	0.702935190656	0.689003595424	0.690833135855	0.704852609858	0.690422190431	0.693025095768	0.658741768681	0.711126534452
AC3	0.690281404314	0.66114662678	0.73177401862	0.695626503936	0.0	0.475302178607	0.685684967546	0.676648876395	0.67229921378	0.664120417284	0.69188270181	0.511450275396	0.699631498834	0.697155813787	0.679893131033	0.668825063254	0.678292297249	0.697223720642	0.755663510394	0.664102468717	0.702945722094	0.69532719953	0.712489594331	0.704178160956	0.711053846685	0.70704026123	0.712132468924	0.703764125806	0.711903136897	0.678742779376	0.745978667698	0.690084685191	0.670659779925	0.686084883532	0.683168379706	0.69496429344	0.693991594865	0.654420821134	0.695954568463	0.656216404903	0.67437526378	0.663623391451	0.637261691195	0.668336115243	0.709389451703	0.709509120103	0.714444711808	0.709443354543	0.693696235072	0.68515879916	0.692061859366	0.701947042702	0.696524826201	0.697611967735	0.676145908567	0.68213659462	0.694681106751	0.695793055361	0.697060077551	0.674863763421	0.690729899793	0.71831991576
AC4	0.688293184164	0.653580745955	0.77606336515	0.693572469636	0.475302178607	0.0	0.683084312444	0.671779956548	0.66257847854	0.674864049116	0.526847108124	0.404452909934	0.693967221126	0.70827804417	0.687778800345	0.636279228511	0.686835375973	0.681361839982	0.75915650343	0.665156975652	0.712450660548	0.686816857592	0.707685100158	0.704201525902	0.755528014437	0.718291059309	0.686370587996	0.677055212595	0.71318979038	0.673570945872	0.74474901045	0.688440426419	0.66990664218	0.664360665331	0.682580716887	0.669528530644	0.679369001553	0.648560233859	0.666325909139	0.652671659277	0.660935215253	0.667047688222	0.639725072197	0.655149462116	0.679459814292	0.665728557618	0.724221027344	0.695075463311	0.687796560367	0.675142738291	0.685569480602	0.683920000348	0.692797136217	0.6785413057	0.700692650738	0.699622659092	0.664171282643	0.676562807161	0.678701302589	0.684173400476	0.671771422939	0.701722281851
AD3	0.689169003389	0.659054064517	0.756493014781	0.722496172451	0.685684967546	0.683084312444	0.0	0.398669293916	0.683583567582	0.350323151181	0.692436511052	0.666984998134	0.710768751718	0.691370107834	0.695132680042	0.6702748437	0.718071775485	0.703697837529	0.772479543624	0.667228632647	0.715789760046	0.67705115673	0.704054786176	0.690395247974	0.7270119839	0.685287596479	0.697665785386	0.687284928016	0.711711366882	0.661034376282	0.724032821171	0.69860978862	0.700289623981	0.66900950212	0.677525800576	0.665237859351	0.6804622254	0.657222081773	0.645561051473	0.647194539913	0.630531339435	0.660172095327	0.673339947708	0.68430800825	0.687861826664	0.67891256676	0.688526398133	0.690750763383	0.672275784051	0.66021778313	0.704771960063	0.678021386984	0.676117402452	0.676997195622	0.686096989235	0.681728007719	0.680823183825	0.696762656762	0.678639969472	0.660159024926	0.694286389011	0.683516578585
AD4	0.698276298091	0.655946904804	0.778679134742	0.713892795208	0.676648876395	0.671779956548	0.398669293916	0.0	0.603446626358	0.379759204327	0.671657360513	0.65914829244	0.694215047317	0.690457875065	0.693842006545	0.666155044771	0.714796885181	0.697255658771	0.769866304079	0.658884167102	0.698475199921	0.665917494685	0.681359897672	0.66468457507	0.730248088315	0.670140571286	0.678867135952	0.673972647476	0.675142380147	0.636499146631	0.701086200491	0.679628969833	0.685165584309	0.659605806108	0.685931282479	0.68341767165	0.683854461602	0.660947605485	0.645168600237	0.637762375967	0.636393913007	0.668012514813	0.669173313717	0.670694619623	0.688591676046	0.66837050321	0.679220962844	0.688121964369	0.681308786403	0.66942829208	0.695150701734	0.687376389966	0.673403611253	0.677814506949	0.662432028522	0.67461369537	0.681966203741	0.687099347695	0.678879057358	0.674805575028	0.68740603669	0.685232945107
AE3	0.657804385483	0.68950044339	0.728971882852	0.681926770988	0.67229921378	0.66257847854	0.683583567582	0.603446626358	0.0	0.643664996994	0.661309163078	0.646457304077	0.678842508848	0.686478736328	0.679149654959	0.657547030493	0.65028195585	0.666575461959	0.762061328747	0.695428937582	0.713183638038	0.718222126328	0.66208334052	0.688363313029	0.747352965601	0.710986768284	0.66662181649	0.711418859136	0.667912529248	0.667687879546	0.73335558608	0.688544027784	0.632403502892	0.70794596345	0.684364533805	0.691599777388	0.665751625985	0.675722275917	0.685668829251	0.668817522279	0.685315062303	0.660002602676	0.687508334779	0.664318364831	0.731872974031	0.720336351032	0.704986968039	0.726604662117	0.699857333339	0.719710430236	0.686480088025	0.714352196315	0.682629291279	0.688642163078	0.664249547311	0.713882871457	0.687783004104	0.726798411054	0.71297797543	0.727932381725	0.656612866632	0.71931586361
AE4	0.695752882349	0.662363082953	0.758319227843	0.71103146877	0.664120417284	0.674864049116	0.350323151181	0.379759204327	0.643664996994	0.0	0.703360905371	0.678663348072	0.707676319954	0.694561978382	0.699133603191	0.670470607509	0.707058705513	0.686407711911	0.77181228428	0.651499918063	0.712687207078	0.66560381668	0.703860426314	0.677792901468	0.727640776783	0.679432794868	0.688340573963	0.676840484627	0.704071787992	0.653553716058	0.718344520187	0.688033106408	0.703315403345	0.665637175182	0.691694858483	0.677036409035	0.693150739325	0.665968187475	0.655648328481	0.662217416586	0.660642854343	0.675831850683	0.673611878422	0.68282603742	0.698096527235	0.680556695236	0.69139070197	0.694242910266	0.689896613069	0.66657929904	0.699310090536	0.670467188348	0.682571557419	0.680359422316	0.678560750357	0.675144743861	0.679893637981	0.686381443297	0.681801416494	0.664646755118	0.701094364775	0.692305846885
AF3	0.649778408664	0.661174142676	0.734436463293	0.662891929087	0.69188270181	0.526847108124	0.692436511052	0.671657360513	0.661309163078	0.703360905371	0.0	0.530698996873	0.670547517324	0.692109377633	0.668591237552	0.665892605475	0.676689216496	0.698766334965	0.74995205709	0.677585104873	0.690393274587	0.709681658191	0.670257343331	0.692858261295	0.758382234652	0.723672617841	0.694983874146	0.715472877113	0.707920217524	0.677126841183	0.720047615569	0.691478919754	0.634728226108	0.672201011376	0.673649083317	0.660438587332	0.642613027059	0.656420593052	0.685468441181	0.671027832442	0.692528707521	0.686320150376	0.668720434363	0.659922948159	0.6931623111	0.692043722911	0.718305538856	0.714575705474	0.69327045391	0.71746059599	0.710468966165	0.715055809563	0.695585932079	0.704179201467	0.702629354773	0.7143490828	0.672778566097	0.703642761628	0.685480965175	0.712548615854	0.649959027517	0.720072994578
AF4	0.667785162607	0.651339810645	0.759033351721	0.678354924285	0.511450275396	0.404452909934	0.666984998134	0.65914829244	0.646457304077	0.678663348072	0.530698996873	0.0	0.706706773603	0.704547530438	0.691454960462	0.644506686781	0.704777896874	0.702429737215	0.770294289125	0.679642837273	0.725486777026	0.706869138071	0.705735624621	0.714210136266	0.755904599294	0.723510612032	0.699352714223	0.698943996223	0.716549984098	0.678197913315	0.76788644606	0.706953800567	0.659816760883	0.668719682101	0.65829978725	0.650777138755	0.665800737233	0.653912328231	0.659627200672	0.637951598523	0.640439580291	0.662004870591	0.656949883117	0.650251490022	0.683879468778	0.671885152245	0.698321510344	0.694619143521	0.6890753931	0.676922313589	0.672400960819	0.67779446079	0.673791165301	0.68416588898	0.714740326734	0.701426932498	0.651511215417	0.660042138888	0.683515587223	0.680545719982	0.665050086884	0.701453373613
AG3	0.658508717495	0.662163206845	0.741073689762	0.427826321988	0.699631498834	0.693967221126	0.710768751718	0.694215047317	0.678842508848	0.707676319954	0.670547517324	0.706706773603	0.0	0.523113610371	0.684937192161	0.664490696911	0.684286315557	0.698391027496	0.770065236837	0.706801001888	0.687920698178	0.701574868447	0.676365559886	0.68762910881	0.727332860417	0.712692927397	0.682348384544	0.704838018282	0.693120530183	0.693092180525	0.737247422525	0.698245351164	0.684470553135	0.698387291455	0.689871068426	0.700580828721	0.680095409591	0.661794114035	0.708568788192	0.69344737273	0.701381441565	0.667881482468	0.670140921157	0.690197842355	0.706215224807	0.699767528762	0.689930039312	0.716999146721	0.648207486584	0.699643827596	0.717192911537	0.715169948264	0.664972698865	0.681884323811	0.682281527281	0.662778229963	0.698380042882	0.719573008518	0.694361793779	0.693830008823	0.682585367323	0.702145987018
AG4	0.662758003519	0.638589171069	0.617805702092	0.456741831282	0.697155813787	0.70827804417	0.691370107834	0.690457875065	0.686478736328	0.694561978382	0.692109377633	0.704547530438	0.523113610371	0.0	0.667045306427	0.649810398843	0.717389069361	0.730260607329	0.730849313461	0.682681420501	0.704944853032	0.691402134717	0.680273922055	0.69286017796	0.707863403871	0.709793902598	0.66647359785	0.701035869888	0.682655928118	0.670034675512	0.74591849369	0.721318758314	0.697437851248	0.719461479035	0.660550220647	0.688482629419	0.694295146432	0.664390881575	0.706258339512	0.67761759442	0.683526891982	0.661358690104	0.661165174461	0.691291845473	0.734568594734	0.735334393613	0.712713986123	0.711844524145	0.642054317548	0.693676889973	0.707510330511	0.716407488641	0.688262910915	0.702488200388	0.7125503456	0.715425712824	0.692349577643	0.717131437117	0.694579504663	0.679390430939	0.673448663534	0.712678665557
AH3	0.691667917679	0.521445377861	0.73337186592	0.688205005392	0.679893131033	0.687778800345	0.695132680042	0.693842006545	0.679149654959	0.699133603191	0.668591237552	0.691454960462	0.684937192161	0.667045306427	0.0	0.543720987491	0.681536018781	0.713392498876	0.773075692907	0.699499926915	0.709276843444	0.715111784075	0.66953700292	0.686588324122	0.730199089952	0.69054947532	0.69247312936	0.716141326364	0.697445719041	0.678647263555	0.750191644937	0.712851973937	0.663755870923	0.720611770996	0.697653095041	0.693040747846	0.683002408892	0.665982551111	0.689717660546	0.682695574259	0.682466538248	0.687164284935	0.682688467421	0.679841182292	0.72208066757	0.720781289369	0.704240648668	0.70223031426	0.704916580522	0.697441070794	0.702764366578	0.732084060247	0.706538714015	0.701231475827	0.695716061872	0.720391591793	0.697445382146	0.721975742582	0.702869635735	0.708504948762	0.699106591643	0.699354349245
AH4	0.487574896834	0.387953721512	0.725742464332	0.655569331883	0.668825063254	0.636279228511	0.6702748437	0.666155044771	0.657547030493	0.670470607509	0.665892605475	0.644506686781	0.664490696911	0.649810398843	0.543720987491	0.0	0.680838167314	0.670105574153	0.761832212159	0.679118628464	0.704033296194	0.680599095571	0.675501141782	0.690011457726	0.733986550554	0.676470614189	0.648242587645	0.675387965818	0.693113404225	0.66711621809	0.740382909563	0.686909186909	0.676431094048	0.674973420613	0.686039396635	0.652540077382	0.676782976877	0.6427999153	0.659075227316	0.661252438328	0.646356141413	0.667655299358	0.660971117971	0.655227716268	0.694192164733	0.687556839327	0.679560309733	0.664567742045	0.655233594822	0.657884841175	0.661843278513	0.679045283132	0.655467818111	0.632659277895	0.676390945461	0.673074830181	0.639246786443	0.674699548272	0.655981856822	0.655069630175	0.657956187769	0.637416142105
AA7	0.682980542428	0.694658823162	0.73493246473	0.713865007596	0.678292297249	0.686835375973	0.718071775485	0.714796885181	0.65028195585	0.707058705513	0.676689216496	0.704777896874	0.684286315557	0.717389069361	0.681536018781	0.680838167314	0.0	0.504328752936	0.761840266504	0.665744983271	0.643274331628	0.678784470762	0.663357917227	0.676091454283	0.694067148947	0.688427912436	0.671836314608	0.679050172035	0.675063603306	0.662835537868	0.699525915111	0.564034738367	0.647664613272	0.716395292219	0.700339276721	0.703302430931	0.667462183034	0.677187835507	0.701313321096	0.724682804772	0.711154381228	0.681156280393	0.699251530313	0.70559419114	0.734797310438	0.728148583473	0.726149272937	0.734414080429	0.70381123239	0.732152992658	0.698465691522	0.727504841605	0.685481364582	0.705806154177	0.683545516846	0.707330325161	0.725764992419	0.730268647311	0.738989755441	0.748695330308	0.682994322582	0.728110025835
AA8	0.690664587049	0.705309610797	0.767642766163	0.716849885159	0.697223720642	0.681361839982	0.703697837529	0.697255658771	0.666575461959	0.686407711911	0.698766334965	0.702429737215	0.698391027496	0.730260607329	0.713392498876	0.670105574153	0.504328752936	0.0	0.777717759549	0.663606132559	0.64875506477	0.656261848269	0.687317890483	0.672838797102	0.707564711011	0.676706059998	0.65521885021	0.634463499947	0.647126762583	0.646992092011	0.57830641212	0.43952953707	0.673695872576	0.719550880241	0.728056472212	0.717481437112	0.69486569722	0.699541908645	0.700151327257	0.701064411347	0.710583018607	0.68757750722	0.70757938289	0.701692936498	0.7237717284	0.716144636858	0.725021593061	0.72491795228	0.71406717913	0.713905633929	0.711457422947	0.740544632131	0.690985849745	0.658938412963	0.684109553564	0.696113365897	0.722624187902	0.746342277212	0.745520362157	0.733125731343	0.706434098234	0.721582065358
AB7	0.753441637892	0.769316995116	0.693016699555	0.764989823275	0.755663510394	0.75915650343	0.772479543624	0.769866304079	0.762061328747	0.77181228428	0.74995205709	0.770294289125	0.770065236837	0.730849313461	0.773075692907	0.761832212159	0.761840266504	0.777717759549	0.0	0.555840521991	0.74345314109	0.753822826388	0.762588056661	0.786673728453	0.742740081097	0.783770543252	0.768170193709	0.773903113134	0.744522366093	0.635944693986	0.752043300692	0.759258665272	0.774121576776	0.777509834308	0.765459978582	0.785338520848	0.761294015482	0.750366406037	0.787722854472	0.783578020415	0.78031871518	0.725141300301	0.742527405449	0.778419313917	0.80266561432	0.803937680836	0.811444133583	0.809724048693	0.772520627356	0.804230710871	0.802661651328	0.793767258854	0.789594931617	0.803808337582	0.785758775795	0.79824216374	0.786955909105	0.798637199027	0.794838578905	0.788575359482	0.780602211351	0.820785427329
AB8	0.69237928009	0.673446639231	0.71663636474	0.695451441237	0.664102468717	0.665156975652	0.667228632647	0.658884167102	0.695428937582	0.651499918063	0.677585104873	0.679642837273	0.706801001888	0.682681420501	0.699499926915	0.679118628464	0.665744983271	0.663606132559	0.555840521991	0.0	0.655514410266	0.628229465626	0.671606682281	0.660022476161	0.669589016049	0.659150464337	0.672874001395	0.632014519105	0.511017476363	0.412440458303	0.69778796668	0.640598415772	0.683649377001	0.675336287656	0.675634656236	0.679012916766	0.664369004954	0.647817500302	0.697923869233	0.690073209478	0.673259609919	0.674516012945	0.657436357971	0.664619413609	0.70848988888	0.685225835326	0.729171239084	0.707128507303	0.680797543501	0.708264508694	0.685868779909	0.702409511972	0.671371349388	0.680731923244	0.680509094449	0.688184752803	0.690826903462	0.696917596103	0.696972139309	0.696810957481	0.675736435126	0.722933021452
AC7	0.69963312527	0.702970637602	0.749742720414	0.703011360089	0.702945722094	0.712450660548	0.715789760046	0.698475199921	0.713183638038	0.712687207078	0.690393274587	0.725486777026	0.687920698178	0.704944853032	0.709276843444	0.704033296194	0.643274331628	0.64875506477	0.74345314109	0.655514410266	0.0	0.512500472836	0.684043416824	0.67948319755	0.689143130055	0.681497488217	0.688071025766	0.559497697353	0.640160269004	0.636875298063	0.658695581454	0.637164424563	0.6982118078	0.68517250482	0.725042803291	0.734972740968	0.6987640469	0.69019881016	0.722221601312	0.728102259975	0.731635978042	0.702508694585	0.715238942272	0.706870622584	0.695336253002	0.704470389691	0.740875345036	0.755360271773	0.703516112905	0.734812563357	0.754213629017	0.742935078969	0.698830006832	0.695478648407	0.688197194827	0.699828454953	0.742742367074	0.737905847656	0.742543866165	0.729092485635	0.697252287926	0.75676758339
AC8	0.693185494929	0.669523052016	0.758902532265	0.700640746037	0.69532719953	0.686816857592	0.67705115673	0.665917494685	0.718222126328	0.66560381668	0.709681658191	0.706869138071	0.701574868447	0.691402134717	0.715111784075	0.680599095571	0.678784470762	0.656261848269	0.753822826388	0.628229465626	0.512500472836	0.0	0.690430417126	0.651142407333	0.698967361306	0.65575608146	0.508485879449	0.378707657191	0.6455262457	0.611453458956	0.706074767653	0.639313411261	0.709021658815	0.661694802273	0.708489001445	0.701134508148	0.689367038189	0.670126238029	0.684071040648	0.702371539632	0.684923838475	0.688033951182	0.681118424914	0.688584214071	0.684388954522	0.669555661695	0.720112299393	0.71402682141	0.678969137322	0.691987656416	0.709831123769	0.694668373725	0.666945982729	0.657670282474	0.666571757851	0.673964724498	0.697343954626	0.681522386758	0.706004033236	0.687523055118	0.672144363742	0.707210041024
AD7	0.669485121459	0.683385165724	0.752008921639	0.68048716806	0.712489594331	0.707685100158	0.704054786176	0.681359897672	0.66208334052	0.703860426314	0.670257343331	0.705735624621	0.676365559886	0.680273922055	0.66953700292	0.675501141782	0.663357917227	0.687317890483	0.762588056661	0.671606682281	0.684043416824	0.690430417126	0.0	0.450295007958	0.70559720822	0.519874207529	0.668713325373	0.686024551044	0.661571761549	0.651723744403	0.697716851206	0.674829671294	0.639820660494	0.69061936371	0.710447504676	0.69908019932	0.683971543455	0.665295278508	0.693140331294	0.695452487949	0.69740910109	0.665366421656	0.692961153542	0.678642504152	0.704024520981	0.698938267307	0.710391730669	0.708044390222	0.680751812617	0.703240634057	0.695269316846	0.722804079954	0.679498520786	0.677629539132	0.658678774406	0.682866480254	0.684823698585	0.710322129749	0.69686648174	0.70503264295	0.659728917963	0.697648488698
AD8	0.696700789021	0.695211717395	0.774511183311	0.694862408579	0.704178160956	0.704201525902	0.690395247974	0.66468457507	0.688363313029	0.677792901468	0.692858261295	0.714210136266	0.68762910881	0.69286017796	0.686588324122	0.690011457726	0.676091454283	0.672838797102	0.786673728453	0.660022476161	0.67948319755	0.651142407333	0.450295007958	0.0	0.584179122474	0.396900217243	0.645075567063	0.648461902284	0.654534384077	0.640124326387	0.701316113161	0.659573964428	0.668220287618	0.675855227136	0.717373203494	0.701668423868	0.690783333632	0.676162027051	0.709233921126	0.704833150221	0.701946967623	0.689265039353	0.695410223257	0.678360089296	0.700093246372	0.690792063944	0.705163926481	0.700828479511	0.682115540275	0.703086998323	0.697647518313	0.714437746775	0.673889701311	0.67380908972	0.658327830215	0.679331391703	0.699537371674	0.70944569573	0.708024160017	0.700595416084	0.673491680045	0.700226561113
AE7	0.732405288482	0.728309137303	0.720458054766	0.731076570073	0.711053846685	0.755528014437	0.7270119839	0.730248088315	0.747352965601	0.727640776783	0.758382234652	0.755904599294	0.727332860417	0.707863403871	0.730199089952	0.733986550554	0.694067148947	0.707564711011	0.742740081097	0.669589016049	0.689143130055	0.698967361306	0.70559720822	0.584179122474	0.0	0.499112435194	0.711127093951	0.71581865325	0.68866767531	0.686663213326	0.732627436323	0.687754935755	0.726868330845	0.749224375842	0.730651530596	0.750031755003	0.730332709909	0.740358000495	0.76042410321	0.760242070793	0.757810971768	0.74273887528	0.740004287692	0.737046143208	0.756690086867	0.763728427194	0.763406099399	0.771385860649	0.728424345192	0.767754557236	0.767871424709	0.781739434491	0.743113150768	0.747864681507	0.739816036327	0.745033706399	0.771552990071	0.785844409274	0.77679483601	0.752879976407	0.755316352537	0.774830638598
AE8	0.696978873075	0.685481119206	0.774042450192	0.714455083892	0.70704026123	0.718291059309	0.685287596479	0.670140571286	0.710986768284	0.679432794868	0.723672617841	0.723510612032	0.712692927397	0.709793902598	0.69054947532	0.676470614189	0.688427912436	0.676706059998	0.783770543252	0.659150464337	0.681497488217	0.65575608146	0.519874207529	0.396900217243	0.499112435194	0.0	0.653154581245	0.663503601643	0.661001225847	0.638476727489	0.710362292195	0.662262557104	0.684119405634	0.68839004464	0.713709071287	0.708425453656	0.703007009729	0.684425933378	0.707786041556	0.712647323723	0.701646912794	0.709310861531	0.707346934183	0.704529700798	0.703635850422	0.696183763665	0.711788707123	0.706733534951	0.697154103245	0.717267841705	0.709095434276	0.72293696325	0.679944645844	0.682810554951	0.676775098547	0.684777817043	0.709195183977	0.715195075553	0.716118613388	0.711674013542	0.694335719031	0.705167466037
AF7	0.674323998681	0.662653878389	0.749890887034	0.685456452623	0.712132468924	0.686370587996	0.697665785386	0.678867135952	0.66662181649	0.688340573963	0.694983874146	0.699352714223	0.682348384544	0.66647359785	0.69247312936	0.648242587645	0.671836314608	0.65521885021	0.768170193709	0.672874001395	0.688071025766	0.508485879449	0.668713325373	0.645075567063	0.711127093951	0.653154581245	0.0	0.457955819213	0.672345791513	0.65563006027	0.724448204815	0.684765106707	0.673164401233	0.702405720357	0.696488280978	0.695758032227	0.676748313105	0.673533114664	0.692368040597	0.699459256739	0.68169500651	0.679717650315	0.681679978012	0.676622482535	0.728209416417	0.709578302156	0.703726938544	0.699499554778	0.678759124646	0.708762993411	0.678645598512	0.703185584815	0.665252014611	0.656768933951	0.660554691476	0.686384243365	0.675122861009	0.700046754651	0.692936504724	0.704541858536	0.664532285195	0.680697242783
AF8	0.695649325353	0.6751065177	0.776222427756	0.707139680619	0.703764125806	0.677055212595	0.687284928016	0.673972647476	0.711418859136	0.676840484627	0.715472877113	0.698943996223	0.704838018282	0.701035869888	0.716141326364	0.675387965818	0.679050172035	0.634463499947	0.773903113134	0.632014519105	0.559497697353	0.378707657191	0.686024551044	0.648461902284	0.71581865325	0.663503601643	0.457955819213	0.0	0.656090232188	0.629472388836	0.698576783464	0.646616847194	0.71392912924	0.665794562828	0.708133906361	0.704591321065	0.696447391904	0.673873533824	0.686801190132	0.70315948181	0.681824161278	0.691972527854	0.689668368837	0.690143092293	0.699709307482	0.667659817369	0.720671964731	0.712417077703	0.677734645346	0.70023962997	0.701166085565	0.697963616259	0.662922343439	0.639045581541	0.669667925878	0.66821613454	0.692660190037	0.679157576099	0.714707033868	0.698314700133	0.668869328726	0.699201103893
AG7	0.700205649792	0.704220362965	0.74804854077	0.693112451432	0.711903136897	0.71318979038	0.711711366882	0.675142380147	0.667912529248	0.704071787992	0.707920217524	0.716549984098	0.693120530183	0.682655928118	0.697445719041	0.693113404225	0.675063603306	0.647126762583	0.744522366093	0.511017476363	0.640160269004	0.6455262457	0.661571761549	0.654534384077	0.68866767531	0.661001225847	0.672345791513	0.656090232188	0.0	0.457971810259	0.677905244825	0.636753473836	0.684932783531	0.69559922132	0.714947775868	0.711045632812	0.669788798327	0.669122056341	0.704200259342	0.696409296979	0.695152306944	0.686939245264	0.685890346819	0.672513466073	0.718277451919	0.69053238895	0.729748692494	0.72043102692	0.687383583097	0.714384648722	0.696700631322	0.729609099016	0.667856506454	0.669485166194	0.688408064572	0.695483031753	0.701929564317	0.726400476866	0.707092842351	0.725954387421	0.671196573561	0.725153189187
AG8	0.67328843194	0.667117011471	0.735864004239	0.68814862798	0.678742779376	0.673570945872	0.661034376282	0.636499146631	0.667687879546	0.653553716058	0.677126841183	0.678197913315	0.693092180525	0.670034675512	0.678647263555	0.66711621809	0.662835537868	0.646992092011	0.635944693986	0.412440458303	0.636875298063	0.611453458956	0.651723744403	0.640124326387	0.686663213326	0.638476727489	0.65563006027	0.629472388836	0.457971810259	0.0	0.691560804176	0.620657127161	0.655647922164	0.669187595825	0.68138207699	0.673517208831	0.61666999584	0.621407391666	0.668561254659	0.668776292612	0.653282705418	0.657498027438	0.645020020035	0.651716149071	0.681456259012	0.664148281003	0.710948960817	0.695915371444	0.664554321524	0.691379674338	0.688017202052	0.70155669792	0.654259533479	0.655444324778	0.657322249883	0.669171895282	0.674896986629	0.697430889978	0.685218608022	0.68906896156	0.65615661472	0.713584579702
AH7	0.739667484904	0.749966790889	0.790043139403	0.745720361592	0.745978667698	0.74474901045	0.724032821171	0.701086200491	0.73335558608	0.718344520187	0.720047615569	0.76788644606	0.737247422525	0.74591849369	0.750191644937	0.740382909563	0.699525915111	0.57830641212	0.752043300692	0.69778796668	0.658695581454	0.706074767653	0.697716851206	0.701316113161	0.732627436323	0.710362292195	0.724448204815	0.698576783464	0.677905244825	0.691560804176	0.0	0.519326200017	0.710712765623	0.758924736879	0.773097807967	0.769568640854	0.743103622725	0.738805469582	0.747486075127	0.753181647791	0.767366388348	0.721878817619	0.743775073002	0.750238780659	0.766979586538	0.770503165224	0.770280972771	0.768103634278	0.762018525958	0.768390580252	0.779303788467	0.791103662418	0.737196612134	0.743782979183	0.736551328994	0.735562964737	0.771045103324	0.79776337576	0.783194045311	0.768858365491	0.754391330971	0.775304853113
AH8	0.699010640762	0.702191340383	0.770330099147	0.719204804645	0.690084685191	0.688440426419	0.69860978862	0.679628969833	0.688544027784	0.688033106408	0.691478919754	0.706953800567	0.698245351164	0.721318758314	0.712851973937	0.686909186909	0.564034738367	0.43952953707	0.759258665272	0.640598415772	0.637164424563	0.639313411261	0.674829671294	0.659573964428	0.687754935755	0.662262557104	0.684765106707	0.646616847194	0.636753473836	0.620657127161	0.519326200017	0.0	0.676959978673	0.712787322144	0.719834292197	0.705000308845	0.677287914971	0.684712178172	0.695491176602	0.701891685151	0.696328055764	0.675934419062	0.687554385903	0.702353904847	0.714166718082	0.715992902157	0.720271653723	0.726086343403	0.712627854757	0.720327021436	0.726762780036	0.735706573903	0.6918423522	0.68599684093	0.688856564195	0.696139237748	0.734722151612	0.739829779308	0.741676238642	0.727431444301	0.69647864298	0.725440238486
AA5	0.649088854285	0.671478917351	0.717977106142	0.676214771336	0.670659779925	0.66990664218	0.700289623981	0.685165584309	0.632403502892	0.703315403345	0.634728226108	0.659816760883	0.684470553135	0.697437851248	0.663755870923	0.676431094048	0.647664613272	0.673695872576	0.774121576776	0.683649377001	0.6982118078	0.709021658815	0.639820660494	0.668220287618	0.726868330845	0.684119405634	0.673164401233	0.71392912924	0.684932783531	0.655647922164	0.710712765623	0.676959978673	0.0	0.593874853171	0.686443116029	0.67637775932	0.63922385796	0.630699976153	0.681088814268	0.678425965012	0.67511072071	0.645039614473	0.637579345443	0.656124770012	0.70578797487	0.664294567614	0.685018602654	0.694800691015	0.679620724863	0.694725265313	0.69190987117	0.710324854984	0.670303544264	0.697162083086	0.659365045244	0.698614404225	0.671137256285	0.703528064103	0.677753730992	0.702545750001	0.635190978169	0.704784041852
AA6	0.673105731088	0.665358949259	0.782492980872	0.697469892162	0.686084883532	0.664360665331	0.66900950212	0.659605806108	0.70794596345	0.665637175182	0.672201011376	0.668719682101	0.698387291455	0.719461479035	0.720611770996	0.674973420613	0.716395292219	0.719550880241	0.777509834308	0.675336287656	0.68517250482	0.661694802273	0.69061936371	0.675855227136	0.749224375842	0.68839004464	0.702405720357	0.665794562828	0.69559922132	0.669187595825	0.758924736879	0.712787322144	0.593874853171	0.0	0.703097633875	0.667192553235	0.658154739887	0.621799906828	0.669380798282	0.664328789918	0.655929140015	0.685989716731	0.646277028058	0.656185887857	0.469839726641	0.429249646247	0.691229849757	0.684380551608	0.663007044614	0.669541108005	0.688158611916	0.671848907587	0.659939508367	0.679334912543	0.686791304164	0.67464016918	0.667031186399	0.663152745144	0.674016865278	0.672742294203	0.650557456701	0.700056963437
AB5	0.680137374426	0.658918391165	0.72081659522	0.674892802096	0.683168379706	0.682580716887	0.677525800576	0.685931282479	0.684364533805	0.691694858483	0.673649083317	0.65829978725	0.689871068426	0.660550220647	0.697653095041	0.686039396635	0.700339276721	0.728056472212	0.765459978582	0.675634656236	0.725042803291	0.708489001445	0.710447504676	0.717373203494	0.730651530596	0.713709071287	0.696488280978	0.708133906361	0.714947775868	0.68138207699	0.773097807967	0.719834292197	0.686443116029	0.703097633875	0.0	0.425154192128	0.654090271359	0.673820206098	0.673271316966	0.635419140473	0.640418550824	0.681200496197	0.685343961634	0.654064348828	0.699210701708	0.707170971486	0.679166824723	0.701904944959	0.667478279234	0.713737918688	0.68932905794	0.693769406641	0.66003708255	0.676948887422	0.700030407248	0.687246722993	0.706797454649	0.697146392387	0.701188042413	0.693622321367	0.646122639102	0.693572690429
AB6	0.66132234798	0.647916015346	0.753534032786	0.684780729316	0.69496429344	0.669528530644	0.665237859351	0.68341767165	0.691599777388	0.677036409035	0.660438587332	0.650777138755	0.700580828721	0.688482629419	0.693040747846	0.652540077382	0.703302430931	0.717481437112	0.785338520848	0.679012916766	0.734972740968	0.701134508148	0.69908019932	0.701668423868	0.750031755003	0.708425453656	0.695758032227	0.704591321065	0.711045632812	0.673517208831	0.769568640854	0.705000308845	0.67637775932	0.667192553235	0.425154192128	0.0	0.638944502431	0.656535868561	0.662283593255	0.635037430425	0.628786291748	0.682543918538	0.67014830704	0.569014164066	0.685748705636	0.672653067748	0.668338262778	0.684194386467	0.662634144454	0.687808938286	0.678450427021	0.68003188136	0.652390890762	0.660676396334	0.684765549484	0.679127098904	0.675635701866	0.680806177168	0.666631670742	0.682107272832	0.652557401199	0.686160681006
AC5	0.650912999281	0.67141996924	0.723011973161	0.657866157232	0.693991594865	0.679369001553	0.6804622254	0.683854461602	0.665751625985	0.693150739325	0.642613027059	0.665800737233	0.680095409591	0.694295146432	0.683002408892	0.676782976877	0.667462183034	0.69486569722	0.761294015482	0.664369004954	0.6987640469	0.689367038189	0.683971543455	0.690783333632	0.730332709909	0.703007009729	0.676748313105	0.696447391904	0.669788798327	0.61666999584	0.743103622725	0.677287914971	0.63922385796	0.658154739887	0.654090271359	0.638944502431	0.0	0.488291654745	0.650088756351	0.649479537674	0.644694466914	0.657507519018	0.600640515443	0.646425260161	0.657369329398	0.65697939367	0.652849996061	0.692209894291	0.625483117379	0.694831849081	0.67189054974	0.665089880309	0.650153622642	0.655733744488	0.636226707116	0.673731428147	0.650155313466	0.668391360898	0.654388919264	0.677001957982	0.635497111779	0.695793181246
AC6	0.645810815762	0.631182386721	0.746646205785	0.657515301322	0.654420821134	0.648560233859	0.657222081773	0.660947605485	0.675722275917	0.665968187475	0.656420593052	0.653912328231	0.661794114035	0.664390881575	0.665982551111	0.6427999153	0.677187835507	0.699541908645	0.750366406037	0.647817500302	0.69019881016	0.670126238029	0.665295278508	0.676162027051	0.740358000495	0.684425933378	0.673533114664	0.673873533824	0.669122056341	0.621407391666	0.738805469582	0.684712178172	0.630699976153	0.621799906828	0.673820206098	0.656535868561	0.488291654745	0.0	0.646216299591	0.64268278592	0.626368162901	0.552356716794	0.467768925282	0.62446637699	0.661546661305	0.643858659518	0.64967246082	0.654299744261	0.612166451036	0.655648314392	0.654570167351	0.663688551315	0.654654441003	0.658124497869	0.64895283669	0.653741440406	0.618736943151	0.662189734554	0.636602084034	0.646554350258	0.644150268713	0.668583983768
AD6	0.683717607138	0.661429174627	0.782683832358	0.705361244264	0.695954568463	0.666325909139	0.645561051473	0.645168600237	0.685668829251	0.655648328481	0.685468441181	0.659627200672	0.708568788192	0.706258339512	0.689717660546	0.659075227316	0.701313321096	0.700151327257	0.787722854472	0.697923869233	0.722221601312	0.684071040648	0.693140331294	0.709233921126	0.76042410321	0.707786041556	0.692368040597	0.686801190132	0.704200259342	0.668561254659	0.747486075127	0.695491176602	0.681088814268	0.669380798282	0.673271316966	0.662283593255	0.650088756351	0.646216299591	0.0	0.510766676998	0.418478997234	0.67125254217	0.658106965344	0.658692743757	0.671161451976	0.680723664602	0.669384254449	0.663154009458	0.654046188489	0.652656579763	0.691559893042	0.674730062176	0.653629007005	0.649564873528	0.666497525969	0.6677161031	0.648670547086	0.686473800942	0.664055939892	0.661144937811	0.643491731639	0.654933991879
AE5	0.685367186699	0.65567572459	0.763671139532	0.682022860205	0.656216404903	0.652671659277	0.647194539913	0.637762375967	0.668817522279	0.662217416586	0.671027832442	0.637951598523	0.69344737273	0.67761759442	0.682695574259	0.661252438328	0.724682804772	0.701064411347	0.783578020415	0.690073209478	0.728102259975	0.702371539632	0.695452487949	0.704833150221	0.760242070793	0.712647323723	0.699459256739	0.70315948181	0.696409296979	0.668776292612	0.753181647791	0.701891685151	0.678425965012	0.664328789918	0.635419140473	0.635037430425	0.649479537674	0.64268278592	0.510766676998	0.0	0.399867496485	0.671191404073	0.644184833902	0.652589771034	0.667478397689	0.667548602829	0.661412361014	0.670017293885	0.65118918033	0.642031531269	0.659589679742	0.659088809077	0.633094538151	0.635587806616	0.639749136674	0.656429633764	0.651839950848	0.675314402448	0.659490869248	0.635728735117	0.632713087937	0.66836880966
AE6	0.677006476915	0.634689174044	0.783521804349	0.701285206808	0.67437526378	0.660935215253	0.630531339435	0.636393913007	0.685315062303	0.660642854343	0.692528707521	0.640439580291	0.701381441565	0.683526891982	0.682466538248	0.646356141413	0.711154381228	0.710583018607	0.78031871518	0.673259609919	0.731635978042	0.684923838475	0.69740910109	0.701946967623	0.757810971768	0.701646912794	0.68169500651	0.681824161278	0.695152306944	0.653282705418	0.767366388348	0.696328055764	0.67511072071	0.655929140015	0.640418550824	0.628786291748	0.644694466914	0.626368162901	0.418478997234	0.399867496485	0.0	0.659169917907	0.63850801656	0.651248872861	0.66622046651	0.669684419402	0.664542174063	0.648345923812	0.634751190507	0.644242834846	0.668715325724	0.651319148129	0.64146787778	0.63936911908	0.660504533562	0.656354670608	0.639172594125	0.669914691221	0.648235511479	0.63476099397	0.627949884554	0.648806019481
AF5	0.673066236244	0.659378587597	0.725090759488	0.67609900768	0.663623391451	0.667047688222	0.660172095327	0.668012514813	0.660002602676	0.675831850683	0.686320150376	0.662004870591	0.667881482468	0.661358690104	0.687164284935	0.667655299358	0.681156280393	0.68757750722	0.725141300301	0.674516012945	0.702508694585	0.688033951182	0.665366421656	0.689265039353	0.74273887528	0.709310861531	0.679717650315	0.691972527854	0.686939245264	0.657498027438	0.721878817619	0.675934419062	0.645039614473	0.685989716731	0.681200496197	0.682543918538	0.657507519018	0.552356716794	0.67125254217	0.671191404073	0.659169917907	0.0	0.452802950226	0.647415674023	0.697696391834	0.704246822558	0.679104553139	0.694479406782	0.653339337108	0.670839941656	0.700388785387	0.720606623314	0.676327305237	0.686544556576	0.694729895971	0.702982684525	0.682739827417	0.719925279185	0.682695344179	0.673147843063	0.658939355763	0.706793340636
AF6	0.675124455683	0.650824559844	0.732674575275	0.672837997393	0.637261691195	0.639725072197	0.673339947708	0.669173313717	0.687508334779	0.673611878422	0.668720434363	0.656949883117	0.670140921157	0.661165174461	0.682688467421	0.660971117971	0.699251530313	0.70757938289	0.742527405449	0.657436357971	0.715238942272	0.681118424914	0.692961153542	0.695410223257	0.740004287692	0.707346934183	0.681679978012	0.689668368837	0.685890346819	0.645020020035	0.743775073002	0.687554385903	0.637579345443	0.646277028058	0.685343961634	0.67014830704	0.600640515443	0.467768925282	0.658106965344	0.644184833902	0.63850801656	0.452802950226	0.0	0.618056639057	0.684693800468	0.680664386004	0.667544016469	0.668382382095	0.632474938236	0.641047575426	0.672730671813	0.687054116068	0.672084353751	0.684248714302	0.674337643461	0.681691428309	0.637367517162	0.685622215952	0.648519444052	0.631347636605	0.657288820465	0.695242003828
