	AA3	AA4	AB3	AB4	AC3	AC4	AD3	AD4	AE3	AE4	AF3	AF4	AG3	AG4	AH3	AH4	AA7	AA8	AB7	AB8	AC7	AC8	AD7	AD8	AE7	AE8	AF7	AF8	AG7	AG8	AH7	AH8	AA5	AA6	AB5	AB6	AC5	AC6	AD6	AE5	AE6	AF5	AF6	AG5	AH5	AH6	AA1	AA2	AB1	AB2	AC1	AC2	AD1	AD2	AE1	AE2	AF1	AF2	AG1	AG2	AH1	AH2
AA3	0.0	0.496812282032	0.688205432171	0.617294440992	0.661797858227	0.678485869186	0.699397982793	0.686173012071	0.651469604222	0.699707936621	0.645960236984	0.67084655566	0.651457964251	0.628906261883	0.663191080533	0.467528727138	0.678605676725	0.678256666074	0.759116114339	0.682047967815	0.700321925998	0.683240369618	0.671480275136	0.68729194809	0.73963301629	0.695429471007	0.663770193456	0.677014494172	0.693340964431	0.679517538343	0.731732329431	0.699186570459	0.636204984417	0.679487131541	0.679826453339	0.678908338099	0.642973035532	0.650688431829	0.67078875818	0.681272150986	0.689867753629	0.666223377075	0.664559343226	0.665069391	0.711125537256	0.688065637685	0.653751820272	0.703091486404	0.635435045499	0.683889830706	0.665613604342	0.678264842045	0.634668346873	0.667425206369	0.671885319455	0.652777299093	0.662723655508	0.681280690401	0.656644194961	0.687168252932	0.625504523686	0.658805216149
AA4	0.496812282032	0.0	0.714447529606	0.627653112264	0.671923717663	0.640478724555	0.676801511372	0.661956912721	0.68662726867	0.67495745557	0.657324046751	0.646379598971	0.67887167744	0.65186679821	0.491150650839	0.373104098248	0.683179126308	0.696606072789	0.783362682333	0.684594056422	0.70945754952	0.678510433586	0.696025191572	0.697930782266	0.74427385277	0.691723456977	0.668408130662	0.682850839251	0.704856771155	0.678763540136	0.746471862329	0.681863574814	0.66909853451	0.682823676946	0.672193630773	0.646786976405	0.66722932706	0.647638524188	0.639583782087	0.661528504766	0.651240248972	0.649768085141	0.6618842985	0.636322077785	0.698006113405	0.671794989287	0.671299362581	0.677001571979	0.643770143219	0.651145151579	0.656507802833	0.662407498313	0.657967525729	0.659897923264	0.66346746062	0.646079308261	0.653406991379	0.666676988933	0.64382292985	0.650920439525	0.639500686308	0.633758463467
AB3	0.688205432171	0.714447529606	0.0	0.642738034445	0.709712002255	0.734970057377	0.752856486007	0.752953129778	0.7197673256	0.766736240497	0.710003829545	0.735389428775	0.712207749695	0.581544606295	0.715497768496	0.723737756783	0.719158178439	0.748126275187	0.71492856591	0.70154108437	0.708853164385	0.743378048528	0.722118304983	0.733818959	0.724502787544	0.735305203727	0.71449209559	0.752946512043	0.704146327438	0.712974794574	0.758079811521	0.750130352823	0.723124424355	0.77645683346	0.723670828551	0.743788895961	0.735580861779	0.735245893076	0.774165381278	0.756698426944	0.778997792789	0.699043807102	0.707156876436	0.741679614484	0.80076653476	0.795094537569	0.772253895786	0.791588624091	0.723291566995	0.765240484505	0.756440190705	0.789291700796	0.766887419614	0.769824373276	0.750828498785	0.77396737077	0.755740583621	0.783894918907	0.762198933348	0.771933994929	0.741895844837	0.771837458505
AB4	0.617294440992	0.627653112264	0.642738034445	0.0	0.686561522976	0.685870020618	0.696384155675	0.686611401639	0.688998918043	0.697374772987	0.659323114143	0.678095657058	0.445040300058	0.447927495373	0.677219020027	0.628878890133	0.690615382897	0.692182092675	0.757832950246	0.675224477885	0.694754215931	0.674690399275	0.688766855252	0.693482874503	0.74070493031	0.695032565521	0.662984074855	0.678747820529	0.689074987885	0.666074986389	0.735698699022	0.69244552816	0.68324135365	0.70053987979	0.688235111647	0.668475504796	0.672871857862	0.657095450419	0.701207912323	0.697616513759	0.703702144893	0.643272665372	0.64965712221	0.675654168092	0.725621375248	0.702421167686	0.688043439041	0.708761658337	0.634758900056	0.675879172908	0.703468365643	0.692672918406	0.66822452974	0.678594202011	0.68973771858	0.67253112815	0.682002359148	0.708178407715	0.678134346119	0.676500005865	0.672770038506	0.688165631615
AC3	0.661797858227	0.671923717663	0.709712002255	0.686561522976	0.0	0.526874743052	0.669214030457	0.666886625172	0.669894321024	0.673457535451	0.683686342226	0.475195561952	0.705780785974	0.702377107796	0.684672434044	0.676031620229	0.685698767134	0.697854477973	0.764137867464	0.685915023059	0.729422686107	0.704781647153	0.71362965997	0.729199570103	0.726986772211	0.717693817045	0.711240626457	0.715856930077	0.713862640651	0.683966466171	0.757126924748	0.697769352124	0.667041995562	0.690322430746	0.677679622146	0.679507101337	0.682342414628	0.683244821041	0.691225462548	0.653398570016	0.672107229685	0.673911035723	0.665947813413	0.674698827352	0.716373610518	0.710814994879	0.706136592965	0.709988906102	0.696676259667	0.684244879799	0.689607336865	0.703482714184	0.686862617529	0.694695444303	0.68148232591	0.694981119755	0.700800877877	0.702624727324	0.690160192934	0.673397855184	0.680073691202	0.703129395805
AC4	0.678485869186	0.640478724555	0.734970057377	0.685870020618	0.526874743052	0.0	0.661958855084	0.631870395066	0.68171566409	0.659191145322	0.510213877736	0.370766807424	0.685002328194	0.694436293655	0.669844992771	0.639207166749	0.691809864794	0.690508444144	0.762162191408	0.672236523744	0.70999249813	0.695896685521	0.712541435859	0.703933508095	0.755672909743	0.707772867253	0.7004451259	0.680893350342	0.693927165427	0.661779307508	0.746646056825	0.691958277715	0.659554513482	0.672000567383	0.645144384923	0.646001856687	0.678201581007	0.640318171439	0.65869901547	0.655188122654	0.649771343316	0.654555831167	0.649660106141	0.63358199755	0.675389806051	0.674836198755	0.722609162396	0.693284946891	0.686454012938	0.686736786397	0.687888867555	0.689134624976	0.689562961351	0.701928561167	0.70545329994	0.69269045484	0.669089032813	0.666588892034	0.679381715389	0.68407197711	0.659008976048	0.690189598022
AD3	0.699397982793	0.676801511372	0.752856486007	0.696384155675	0.669214030457	0.661958855084	0.0	0.428798906022	0.689643241016	0.345714327835	0.710642718511	0.647540144296	0.720079712096	0.696981346396	0.695148681526	0.684186216536	0.715977330731	0.68977814822	0.774315507154	0.669984255391	0.718887780612	0.684378805837	0.71727903153	0.708251799269	0.736462203873	0.694412790305	0.693999909789	0.676141514993	0.701998731915	0.667277998367	0.725810739588	0.684746349019	0.703470412958	0.671581460303	0.674226274082	0.668472969321	0.686635975789	0.665320888556	0.630227269198	0.634399017812	0.633296056354	0.694603773456	0.669261164857	0.673465767176	0.697174189936	0.686011060324	0.683119217849	0.678118053064	0.685736344246	0.668000930569	0.706255231339	0.702531933181	0.678033839282	0.683013153936	0.683870606845	0.669073216458	0.681556309477	0.676031327469	0.683651581249	0.658675539807	0.693633155363	0.66618535448
AD4	0.686173012071	0.661956912721	0.752953129778	0.686611401639	0.666886625172	0.631870395066	0.428798906022	0.0	0.606564388359	0.410239096114	0.686030183916	0.631414934185	0.69274568435	0.669943002308	0.676716711381	0.647391528533	0.700526722669	0.666085942097	0.769471952048	0.634057747718	0.703884270217	0.663454472392	0.699574161272	0.673671036667	0.738344770345	0.682080242193	0.666723527543	0.648831820784	0.660665460376	0.617278307034	0.739043112963	0.656144583663	0.684362821427	0.646331099498	0.664163296724	0.654369783264	0.670750240719	0.650035720026	0.621829158084	0.630933493918	0.615742070097	0.675628502953	0.664594788631	0.650493240248	0.67282207797	0.677226134397	0.68684704317	0.655336657143	0.676949066456	0.662409132826	0.681645940585	0.697229674558	0.654284069187	0.676239488034	0.674663455706	0.656073960022	0.674673008601	0.674362864733	0.677015205657	0.662606754019	0.670733011405	0.651195045402
AE3	0.651469604222	0.68662726867	0.7197673256	0.688998918043	0.669894321024	0.68171566409	0.689643241016	0.606564388359	0.0	0.652311899528	0.667518891899	0.697795335726	0.691008825511	0.700817198114	0.682438814178	0.679753678138	0.678037329058	0.703244001586	0.776769553456	0.713214944126	0.727547045677	0.713163079486	0.663515704072	0.682592800204	0.758642447903	0.704342776904	0.671211944499	0.70275359538	0.65177534632	0.673684909101	0.719230393604	0.700305396426	0.623816793096	0.706652080853	0.686407746134	0.706362027729	0.673446561735	0.668831765077	0.692141166219	0.690326421887	0.709333723616	0.679394494135	0.697230226243	0.68522899181	0.742954445956	0.732745269036	0.713432163282	0.735529061988	0.705548678476	0.736454137617	0.700499367168	0.744432619225	0.673396304956	0.719009871222	0.675323680141	0.706712725025	0.708157544419	0.734797242612	0.717575561037	0.730182035381	0.670670683787	0.727225398501
AE4	0.699707936621	0.67495745557	0.766736240497	0.697374772987	0.673457535451	0.659191145322	0.345714327835	0.410239096114	0.652311899528	0.0	0.692982530403	0.642711619846	0.702422214692	0.697739185243	0.692122512039	0.678528434166	0.718277359346	0.692438989417	0.780868936998	0.649771216451	0.71523770326	0.674726362113	0.709498120708	0.695135068977	0.742013083444	0.69760429114	0.681433217699	0.672457235268	0.684464568637	0.647753797833	0.715641001554	0.668533880989	0.700473227728	0.666304486623	0.695711275863	0.656790443703	0.688544750015	0.674572577795	0.627651560904	0.642924846174	0.612292431362	0.689760277949	0.666043899678	0.654111645509	0.698979231273	0.683604278099	0.693109283889	0.671703883925	0.697387310804	0.679164175968	0.703784464276	0.709956912208	0.692570652876	0.69009143347	0.679406787399	0.673772941355	0.688347729339	0.693284774825	0.666576116148	0.669245481888	0.689986731097	0.675773822605
AF3	0.645960236984	0.657324046751	0.710003829545	0.659323114143	0.683686342226	0.510213877736	0.710642718511	0.686030183916	0.667518891899	0.692982530403	0.0	0.564132290683	0.663541983326	0.68944501576	0.667868569653	0.667369568006	0.678380017076	0.677910517595	0.758824213941	0.683115121653	0.684720331833	0.71441686753	0.67997096598	0.692134428072	0.773973974114	0.7208328642	0.687537773115	0.7085502029	0.697042051366	0.671456308384	0.719007894396	0.685707823588	0.630538916668	0.691062754446	0.670210877297	0.675612971337	0.647961493634	0.645364220902	0.678613640467	0.678768208278	0.695845066713	0.674053420052	0.669471495495	0.659965756071	0.70226577185	0.682592091219	0.717519830882	0.716392530587	0.690145666099	0.718723550158	0.700578080021	0.716476301178	0.696135327641	0.717440319719	0.705288499316	0.707785462494	0.69305742109	0.713087778164	0.687350947269	0.721729983981	0.639459833936	0.722671196184
AF4	0.67084655566	0.646379598971	0.735389428775	0.678095657058	0.475195561952	0.370766807424	0.647540144296	0.631414934185	0.697795335726	0.642711619846	0.564132290683	0.0	0.685022106602	0.692923114289	0.66829865691	0.650927897662	0.692435272564	0.670329726974	0.761232248956	0.662358857411	0.709642903421	0.681646830472	0.71193862525	0.703534743145	0.739853807583	0.701391275537	0.695196216497	0.69006299098	0.705033472282	0.662488688833	0.745679935318	0.688837688374	0.67954161549	0.668461986641	0.676238560258	0.656996450804	0.672241593731	0.654590372251	0.661007249361	0.634282978409	0.632426269143	0.663008679483	0.660109470141	0.648936825001	0.675930339404	0.669094792477	0.704016825812	0.680806880526	0.690530113965	0.672666924915	0.673503256575	0.685567689962	0.680479793369	0.689133981871	0.683734322165	0.675422097185	0.691977872206	0.681172493694	0.6869648427	0.669378744631	0.668194480691	0.682299785284
AG3	0.651457964251	0.67887167744	0.712207749695	0.445040300058	0.705780785974	0.685002328194	0.720079712096	0.69274568435	0.691008825511	0.702422214692	0.663541983326	0.685022106602	0.0	0.538175639753	0.675205779773	0.662774901482	0.680019898656	0.684030211502	0.777918031844	0.687495508176	0.697145788828	0.70347120292	0.675522443474	0.683611129619	0.750192881908	0.709726217096	0.666370237257	0.692340962092	0.711046993573	0.682001325514	0.733882125441	0.702719198936	0.675129377925	0.708198583089	0.699004140902	0.672616630214	0.690873425952	0.671361771874	0.702250715294	0.691111282774	0.694695511949	0.670812928686	0.657225365547	0.661776963468	0.719657550919	0.716913348793	0.699905643512	0.72097613292	0.65253532814	0.697594338363	0.696230340938	0.714666042178	0.676636754205	0.687959874824	0.691046365851	0.684767021154	0.700813785828	0.731975448396	0.683198349955	0.686590861925	0.690343374256	0.706735822863
AG4	0.628906261883	0.65186679821	0.581544606295	0.447927495373	0.702377107796	0.694436293655	0.696981346396	0.669943002308	0.700817198114	0.697739185243	0.68944501576	0.692923114289	0.538175639753	0.0	0.673531219306	0.641446382568	0.71379705971	0.717173870311	0.736892559072	0.678323881332	0.707868003494	0.692902029735	0.694522633796	0.69023203784	0.716135245057	0.701065856944	0.667933559754	0.694259053197	0.688898509488	0.667850198096	0.760787153146	0.723376310463	0.707035426516	0.72914469115	0.68592208077	0.68476790495	0.668952744606	0.660659003641	0.70674501267	0.711303560328	0.708283101584	0.658073976491	0.657760664064	0.69781309247	0.745560485109	0.744161277173	0.702430845595	0.736809883541	0.647191404828	0.706158471854	0.699506825636	0.72455166503	0.700927181005	0.715929341894	0.71180066438	0.701205320592	0.714162002807	0.727294383606	0.708152453851	0.708002411891	0.686768394854	0.713080907388
AH3	0.663191080533	0.491150650839	0.715497768496	0.677219020027	0.684672434044	0.669844992771	0.695148681526	0.676716711381	0.682438814178	0.692122512039	0.667868569653	0.66829865691	0.675205779773	0.673531219306	0.0	0.529917530614	0.676331130594	0.700229619227	0.769253244508	0.68659072755	0.718896207773	0.704181927358	0.683264904999	0.68954875755	0.730220281687	0.693387056104	0.686734916674	0.719391854574	0.713400574924	0.67457972025	0.761372149443	0.699870258561	0.661100266134	0.713953599966	0.699872909036	0.686162053006	0.687242740419	0.676731963643	0.67726700675	0.694689409902	0.680325392675	0.650894879258	0.671996517752	0.66286386306	0.715908341047	0.719549043037	0.705262082373	0.706024203098	0.692224505016	0.689307716194	0.68090055538	0.71864304298	0.702187238021	0.691398055906	0.677032790978	0.698852127172	0.697596323948	0.719943350936	0.692059038542	0.692620854599	0.677247072811	0.67935370604
AH4	0.467528727138	0.373104098248	0.723737756783	0.628878890133	0.676031620229	0.639207166749	0.684186216536	0.647391528533	0.679753678138	0.678528434166	0.667369568006	0.650927897662	0.662774901482	0.641446382568	0.529917530614	0.0	0.69128789274	0.680966096653	0.776390077371	0.67367642853	0.712655230752	0.669470825464	0.685570154109	0.685199736	0.747785103639	0.68323954244	0.65716728885	0.675234588068	0.694450503712	0.658091959675	0.741832913179	0.688181458441	0.671265540613	0.685468301978	0.680817665487	0.662411618688	0.662417135589	0.660633581297	0.638937990407	0.682631851528	0.642073401167	0.659860382101	0.668279985954	0.647159608462	0.700335586938	0.68396348182	0.674404998735	0.672282586344	0.648600050486	0.667889444737	0.646288491401	0.670754335445	0.659648622821	0.665748211088	0.669763277549	0.661852835452	0.667981020832	0.675970719108	0.655772485072	0.661026453033	0.645684459773	0.630434326795
AA7	0.678605676725	0.683179126308	0.719158178439	0.690615382897	0.685698767134	0.691809864794	0.715977330731	0.700526722669	0.678037329058	0.718277359346	0.678380017076	0.692435272564	0.680019898656	0.71379705971	0.676331130594	0.69128789274	0.0	0.523547843262	0.769078875411	0.688648363273	0.654538129195	0.680501135035	0.659945213388	0.701017801942	0.717700739485	0.703500955569	0.665639437759	0.68481473377	0.679683210676	0.673104173227	0.706985417703	0.563054168047	0.654383338662	0.730607981062	0.709071496962	0.715942951142	0.670031806219	0.697502674064	0.701515343529	0.737701487269	0.734334375075	0.692628935486	0.69133743486	0.713632039495	0.736439658891	0.736531249597	0.732752694218	0.737243091637	0.70066068941	0.751601978961	0.715428046592	0.739370017005	0.698069665642	0.72068713836	0.694119708125	0.707947074969	0.737686534155	0.743753053025	0.735914658382	0.744795431391	0.687822894485	0.710394491946
AA8	0.678256666074	0.696606072789	0.748126275187	0.692182092675	0.697854477973	0.690508444144	0.68977814822	0.666085942097	0.703244001586	0.692438989417	0.677910517595	0.670329726974	0.684030211502	0.717173870311	0.700229619227	0.680966096653	0.523547843262	0.0	0.775117833667	0.644213101483	0.644666001834	0.663193755135	0.683581564026	0.692086186634	0.713536043223	0.690953812012	0.671311346673	0.665355085052	0.677476390684	0.641655865907	0.551435312145	0.407903594655	0.679719652048	0.726314364714	0.723736318935	0.721880661883	0.685762824485	0.697910162027	0.712311324403	0.705253241915	0.702382480074	0.685791400042	0.693806462354	0.70197059542	0.716226506788	0.719193041657	0.714071612201	0.717195842547	0.705790123958	0.733312764546	0.717039263223	0.745595470569	0.685448631311	0.705888215689	0.692119990852	0.679141777439	0.749313614825	0.742665863181	0.737521692545	0.73310619427	0.693439664059	0.69888292613
AB7	0.759116114339	0.783362682333	0.71492856591	0.757832950246	0.764137867464	0.762162191408	0.774315507154	0.769471952048	0.776769553456	0.780868936998	0.758824213941	0.761232248956	0.777918031844	0.736892559072	0.769253244508	0.776390077371	0.769078875411	0.775117833667	0.0	0.577476890419	0.74937889408	0.760611269128	0.776102141009	0.780674177771	0.746962716196	0.77997682945	0.773175208455	0.774943444983	0.755790568795	0.640752257534	0.761709644256	0.766685440266	0.784207755232	0.798081785968	0.772352894406	0.782932611551	0.764593295533	0.770005478539	0.796558710706	0.78343260196	0.802913202565	0.733358857581	0.740885538907	0.787723810027	0.808573439685	0.807263480087	0.821483292765	0.80895866658	0.778717136084	0.798035093714	0.808007897422	0.814040407784	0.795496292712	0.79363298976	0.786576416378	0.793588239688	0.802995905197	0.803104201846	0.798596645172	0.801984499398	0.780915732247	0.803273536344
AB8	0.682047967815	0.684594056422	0.70154108437	0.675224477885	0.685915023059	0.672236523744	0.669984255391	0.634057747718	0.713214944126	0.649771216451	0.683115121653	0.662358857411	0.687495508176	0.678323881332	0.68659072755	0.67367642853	0.688648363273	0.644213101483	0.577476890419	0.0	0.641299233806	0.621595816742	0.686370825863	0.66504590491	0.685793089906	0.658179708804	0.651126089893	0.62218389517	0.501028443582	0.407697285009	0.695231506149	0.62983571064	0.691970308441	0.687777491961	0.695235022013	0.67712734574	0.673897368325	0.675464362166	0.693716450488	0.687032527077	0.680886632038	0.659691725754	0.65968060728	0.664559050658	0.692012278197	0.686246864682	0.734716686319	0.703126887582	0.682768106577	0.70124561383	0.692145882001	0.715507786987	0.667526094615	0.679140874081	0.681528373772	0.674771204175	0.703967210448	0.7068844823	0.6929010993	0.694678196316	0.679120971038	0.70495114646
AC7	0.700321925998	0.70945754952	0.708853164385	0.694754215931	0.729422686107	0.70999249813	0.718887780612	0.703884270217	0.727547045677	0.71523770326	0.684720331833	0.709642903421	0.697145788828	0.707868003494	0.718896207773	0.712655230752	0.654538129195	0.644666001834	0.74937889408	0.641299233806	0.0	0.49608569405	0.678571550854	0.688458262191	0.705004403605	0.672686152348	0.67307134985	0.576311768988	0.640852072658	0.643491377024	0.658880572833	0.650158304239	0.700585020711	0.708881705293	0.727390339164	0.727246898805	0.706195003807	0.733750333669	0.717700105955	0.732767682221	0.726988461511	0.707271539643	0.711769713023	0.707758428276	0.703184153347	0.703279071533	0.745733649955	0.746414306867	0.707015153952	0.739111411998	0.751120983853	0.748167864918	0.702165496637	0.696742024973	0.693965321008	0.699568778219	0.750542304629	0.73757718031	0.74633978989	0.733249749057	0.697571350112	0.731353318441
AC8	0.683240369618	0.678510433586	0.743378048528	0.674690399275	0.704781647153	0.695896685521	0.684378805837	0.663454472392	0.713163079486	0.674726362113	0.71441686753	0.681646830472	0.70347120292	0.692902029735	0.704181927358	0.669470825464	0.680501135035	0.663193755135	0.760611269128	0.621595816742	0.49608569405	0.0	0.667559402881	0.667961508393	0.720495868057	0.648617981538	0.530296290131	0.429217666785	0.645648601778	0.617763995771	0.704753613235	0.635794768011	0.701720597796	0.678247585018	0.723546243681	0.707375943945	0.69003928522	0.699072823594	0.699039063945	0.714925265415	0.693675038018	0.696792391876	0.690131640004	0.692170235356	0.672156291783	0.672865153494	0.720599669094	0.699314312522	0.684995672538	0.698880134815	0.705916417511	0.703637990627	0.674178867489	0.675184024045	0.674209532876	0.665372193416	0.706644087403	0.690039346855	0.703802572646	0.705152482108	0.675541830802	0.680808800909
AD7	0.671480275136	0.696025191572	0.722118304983	0.688766855252	0.71362965997	0.712541435859	0.71727903153	0.699574161272	0.663515704072	0.709498120708	0.67997096598	0.71193862525	0.675522443474	0.694522633796	0.683264904999	0.685570154109	0.659945213388	0.683581564026	0.776102141009	0.686370825863	0.678571550854	0.667559402881	0.0	0.447649801047	0.711238376013	0.503655934571	0.655810645678	0.678299960662	0.667696950166	0.652988148919	0.690483640937	0.657980404875	0.641275506149	0.705361389953	0.719815868795	0.706567132648	0.685574818095	0.678700238653	0.70206549478	0.71670365268	0.705054692573	0.695109286534	0.681260950449	0.705188626597	0.708044876072	0.702195126722	0.709721588473	0.718065102987	0.683470810002	0.718739992252	0.696118832483	0.729979691536	0.679119155523	0.687243635739	0.661182751422	0.679013484838	0.697658236078	0.72522623622	0.710743505704	0.712009554858	0.664152331342	0.697808357498
AD8	0.68729194809	0.697930782266	0.733818959	0.693482874503	0.729199570103	0.703933508095	0.708251799269	0.673671036667	0.682592800204	0.695135068977	0.692134428072	0.703534743145	0.683611129619	0.69023203784	0.68954875755	0.685199736	0.701017801942	0.692086186634	0.780674177771	0.66504590491	0.688458262191	0.667961508393	0.447649801047	0.0	0.631091039575	0.413373867682	0.629934082118	0.655535169944	0.651918972809	0.636122566985	0.707569627967	0.676724077619	0.6769137465	0.69855865494	0.734766292442	0.715561138826	0.687093411877	0.682142617966	0.693347467676	0.710778389268	0.69256883504	0.692839237823	0.693413623156	0.697504710322	0.698185770078	0.69848720988	0.720317368948	0.723525328818	0.694250836531	0.713303000925	0.690562398069	0.725462130287	0.68199352222	0.672714626829	0.672380966705	0.665702957095	0.698095476718	0.722499059134	0.698561554646	0.724344723929	0.671854924047	0.704752826298
AE7	0.73963301629	0.74427385277	0.724502787544	0.74070493031	0.726986772211	0.755672909743	0.736462203873	0.738344770345	0.758642447903	0.742013083444	0.773973974114	0.739853807583	0.750192881908	0.716135245057	0.730220281687	0.747785103639	0.717700739485	0.713536043223	0.746962716196	0.685793089906	0.705004403605	0.720495868057	0.711238376013	0.631091039575	0.0	0.509518050212	0.715028790235	0.717689424242	0.695788702186	0.700495883994	0.747284614012	0.716950646181	0.740978795598	0.768333052053	0.747823108019	0.762116153775	0.74581519782	0.767335292807	0.773769611447	0.765384333396	0.770475743682	0.74817611483	0.706361903944	0.747564119557	0.765035446494	0.768872680227	0.778993162962	0.789116374082	0.742755794813	0.772137931772	0.776949213703	0.806670100768	0.759479124158	0.760353066108	0.747705412293	0.747211596639	0.786487962877	0.802725602732	0.783816567471	0.773092051263	0.762023850579	0.771109434509
AE8	0.695429471007	0.691723456977	0.735305203727	0.695032565521	0.717693817045	0.707772867253	0.694412790305	0.682080242193	0.704342776904	0.69760429114	0.7208328642	0.701391275537	0.709726217096	0.701065856944	0.693387056104	0.68323954244	0.703500955569	0.690953812012	0.77997682945	0.658179708804	0.672686152348	0.648617981538	0.503655934571	0.413373867682	0.509518050212	0.0	0.648302993689	0.648441730794	0.652712848378	0.641883897699	0.720602695218	0.677727540863	0.688619558817	0.704279781645	0.720237592516	0.714250471066	0.70894851319	0.697414366751	0.707078383039	0.717970650309	0.709242447831	0.701898769959	0.692855854045	0.70286125592	0.704537006294	0.700143358341	0.71406134078	0.714691253634	0.691960969687	0.710714421057	0.709906776431	0.728665671224	0.687436710255	0.681697624834	0.67697220245	0.669692337186	0.718350840348	0.721900112405	0.712313778697	0.714033567014	0.685876829133	0.698053148778
AF7	0.663770193456	0.668408130662	0.71449209559	0.662984074855	0.711240626457	0.7004451259	0.693999909789	0.666723527543	0.671211944499	0.681433217699	0.687537773115	0.695196216497	0.666370237257	0.667933559754	0.686734916674	0.65716728885	0.665639437759	0.671311346673	0.773175208455	0.651126089893	0.67307134985	0.530296290131	0.655810645678	0.629934082118	0.715028790235	0.648302993689	0.0	0.457530945174	0.659520638351	0.636289264019	0.719349128217	0.660145813264	0.672637658252	0.709492984276	0.699296692715	0.685374637605	0.67703166165	0.667387151702	0.676996817018	0.695654204182	0.68776026451	0.670564249643	0.664418505523	0.667273862189	0.716238440197	0.714273782637	0.69724125892	0.686734488094	0.672547693727	0.714799942774	0.665096119889	0.709780859784	0.672866109001	0.671419690152	0.663743155667	0.68227450053	0.686620065032	0.712930030074	0.672315502731	0.709605200426	0.653596740746	0.684117217872
AF8	0.677014494172	0.682850839251	0.752946512043	0.678747820529	0.715856930077	0.680893350342	0.676141514993	0.648831820784	0.70275359538	0.672457235268	0.7085502029	0.69006299098	0.692340962092	0.694259053197	0.719391854574	0.675234588068	0.68481473377	0.665355085052	0.774943444983	0.62218389517	0.576311768988	0.429217666785	0.678299960662	0.655535169944	0.717689424242	0.648441730794	0.457530945174	0.0	0.642907960373	0.624431609963	0.70411083779	0.649268262891	0.692616328321	0.667733093917	0.696464164461	0.704889167602	0.698706223664	0.675145667765	0.688039774575	0.696585635897	0.687747890406	0.69325728422	0.688205905785	0.674984118277	0.685740809248	0.675615725299	0.716435357586	0.695795443761	0.679846196996	0.703107960484	0.700578697867	0.701139733532	0.644975619804	0.672566693335	0.675233856255	0.66019100561	0.689583087906	0.681097526863	0.695922357432	0.70613896838	0.681435785558	0.687795213517
AG7	0.693340964431	0.704856771155	0.704146327438	0.689074987885	0.713862640651	0.693927165427	0.701998731915	0.660665460376	0.65177534632	0.684464568637	0.697042051366	0.705033472282	0.711046993573	0.688898509488	0.713400574924	0.694450503712	0.679683210676	0.677476390684	0.755790568795	0.501028443582	0.640852072658	0.645648601778	0.667696950166	0.651918972809	0.695788702186	0.652712848378	0.659520638351	0.642907960373	0.0	0.472774757626	0.688256171315	0.652604794719	0.670584986102	0.701350173077	0.687449711537	0.694234053062	0.67608434795	0.688593109567	0.708253648717	0.706803476193	0.705620956648	0.695432743144	0.678936171723	0.675380119783	0.717066038807	0.703792022915	0.735332750909	0.719649293681	0.690894312271	0.72179983579	0.699663080755	0.736398657897	0.656972860349	0.700470800774	0.682945513656	0.687430627991	0.703691716055	0.721244279933	0.707225614666	0.726409926303	0.676196701696	0.70948267622
AG8	0.679517538343	0.678763540136	0.712974794574	0.666074986389	0.683966466171	0.661779307508	0.667277998367	0.617278307034	0.673684909101	0.647753797833	0.671456308384	0.662488688833	0.682001325514	0.667850198096	0.67457972025	0.658091959675	0.673104173227	0.641655865907	0.640752257534	0.407697285009	0.643491377024	0.617763995771	0.652988148919	0.636122566985	0.700495883994	0.641883897699	0.636289264019	0.624431609963	0.472774757626	0.0	0.692016316789	0.633790373878	0.668269296974	0.68239481263	0.684510279956	0.670703548184	0.646474733603	0.65779280153	0.674396729116	0.679300336734	0.663797564956	0.645607492021	0.650112395201	0.652391153549	0.686003922603	0.669898249836	0.716064761246	0.680137376686	0.669671798443	0.703515864706	0.686655385841	0.705250992144	0.662122507403	0.673416795437	0.663900125422	0.660530399313	0.694995393241	0.703513728762	0.684523809524	0.70429910596	0.658368955976	0.686053693617
AH7	0.731732329431	0.746471862329	0.758079811521	0.735698699022	0.757126924748	0.746646056825	0.725810739588	0.739043112963	0.719230393604	0.715641001554	0.719007894396	0.745679935318	0.733882125441	0.760787153146	0.761372149443	0.741832913179	0.706985417703	0.551435312145	0.761709644256	0.695231506149	0.658880572833	0.704753613235	0.690483640937	0.707569627967	0.747284614012	0.720602695218	0.719349128217	0.70411083779	0.688256171315	0.692016316789	0.0	0.518245122636	0.712575014772	0.770131397754	0.773200369165	0.775283267146	0.746431835857	0.755855543042	0.753081316657	0.742003690074	0.75851300591	0.736590192401	0.739576753448	0.747909730252	0.771051551367	0.764828001118	0.764908168279	0.760271438518	0.754457794325	0.770985088405	0.776253915722	0.796486316706	0.747068179659	0.750702235417	0.735969101826	0.734489027197	0.781602749325	0.799305961666	0.777279085733	0.768625960452	0.743218120719	0.75071000564
AH8	0.699186570459	0.681863574814	0.750130352823	0.69244552816	0.697769352124	0.691958277715	0.684746349019	0.656144583663	0.700305396426	0.668533880989	0.685707823588	0.688837688374	0.702719198936	0.723376310463	0.699870258561	0.688181458441	0.563054168047	0.407903594655	0.766685440266	0.62983571064	0.650158304239	0.635794768011	0.657980404875	0.676724077619	0.716950646181	0.677727540863	0.660145813264	0.649268262891	0.652604794719	0.633790373878	0.518245122636	0.0	0.67632275025	0.732470427477	0.72033395366	0.716646449747	0.687637606949	0.700302186019	0.688342315797	0.696285016638	0.68728852062	0.68907666999	0.692542810883	0.696885346912	0.718112095788	0.714484480471	0.724043829197	0.704303769723	0.717405559822	0.729941230787	0.729841248134	0.74091488724	0.693193206842	0.704386225874	0.689784636894	0.687895089971	0.732146844317	0.746002923819	0.73362806853	0.71798293873	0.691888587074	0.682807218371
AA5	0.636204984417	0.66909853451	0.723124424355	0.68324135365	0.667041995562	0.659554513482	0.703470412958	0.684362821427	0.623816793096	0.700473227728	0.630538916668	0.67954161549	0.675129377925	0.707035426516	0.661100266134	0.671265540613	0.654383338662	0.679719652048	0.784207755232	0.691970308441	0.700585020711	0.701720597796	0.641275506149	0.6769137465	0.740978795598	0.688619558817	0.672637658252	0.692616328321	0.670584986102	0.668269296974	0.712575014772	0.67632275025	0.0	0.588768570996	0.66962349204	0.683789210413	0.643227001573	0.631463165637	0.695743683177	0.691117740641	0.6893638402	0.638174111712	0.638816127125	0.649710474651	0.710240313684	0.660461490609	0.683284455336	0.70881802928	0.685477485299	0.705777326649	0.68385860104	0.716722362084	0.661818260665	0.710923138443	0.671670426461	0.697765879619	0.655323928027	0.70149297106	0.672066279389	0.700053937264	0.619117790377	0.695404112616
AA6	0.679487131541	0.682823676946	0.77645683346	0.70053987979	0.690322430746	0.672000567383	0.671581460303	0.646331099498	0.706652080853	0.666304486623	0.691062754446	0.668461986641	0.708198583089	0.72914469115	0.713953599966	0.685468301978	0.730607981062	0.726314364714	0.798081785968	0.687777491961	0.708881705293	0.678247585018	0.705361389953	0.69855865494	0.768333052053	0.704279781645	0.709492984276	0.667733093917	0.701350173077	0.68239481263	0.770131397754	0.732470427477	0.588768570996	0.0	0.687463281164	0.677675102066	0.65126888903	0.634793082145	0.685971066959	0.681699050636	0.670589382071	0.697353143	0.664365540727	0.664020998208	0.489075837733	0.447735277695	0.682670689716	0.692427248903	0.680192175239	0.686064037994	0.684485202635	0.663713828805	0.659392673823	0.696895205198	0.692231734079	0.672257045276	0.663077784798	0.65638647419	0.675202439454	0.681068667072	0.653433962248	0.679672837114
AB5	0.679826453339	0.672193630773	0.723670828551	0.688235111647	0.677679622146	0.645144384923	0.674226274082	0.664163296724	0.686407746134	0.695711275863	0.670210877297	0.676238560258	0.699004140902	0.68592208077	0.699872909036	0.680817665487	0.709071496962	0.723736318935	0.772352894406	0.695235022013	0.727390339164	0.723546243681	0.719815868795	0.734766292442	0.747823108019	0.720237592516	0.699296692715	0.696464164461	0.687449711537	0.684510279956	0.773200369165	0.72033395366	0.66962349204	0.687463281164	0.0	0.435823092499	0.650406564576	0.647993160925	0.658990954232	0.634025277581	0.660106649868	0.685580646398	0.682743887147	0.645641041778	0.708670101539	0.704194168751	0.682605010934	0.707884487754	0.674715617356	0.715266429461	0.68931411956	0.692223446067	0.651605198752	0.689808223251	0.695125062063	0.685087650432	0.697131212277	0.685077769835	0.713169518322	0.718866903166	0.664548174522	0.687830769715
AB6	0.678908338099	0.646786976405	0.743788895961	0.668475504796	0.679507101337	0.646001856687	0.668472969321	0.654369783264	0.706362027729	0.656790443703	0.675612971337	0.656996450804	0.672616630214	0.68476790495	0.686162053006	0.662411618688	0.715942951142	0.721880661883	0.782932611551	0.67712734574	0.727246898805	0.707375943945	0.706567132648	0.715561138826	0.762116153775	0.714250471066	0.685374637605	0.704889167602	0.694234053062	0.670703548184	0.775283267146	0.716646449747	0.683789210413	0.677675102066	0.435823092499	0.0	0.670322994984	0.647883662893	0.645523366133	0.624287946311	0.627255469177	0.672229827795	0.650743908407	0.549694984544	0.690324842568	0.669621763404	0.67641212385	0.670682861093	0.659729390256	0.678761354054	0.679431001749	0.677686432245	0.660690126454	0.677141372262	0.674136045827	0.662702329827	0.68823811832	0.689929989773	0.660192723442	0.68174963518	0.653675572995	0.667464653075
AC5	0.642973035532	0.66722932706	0.735580861779	0.672871857862	0.682342414628	0.678201581007	0.686635975789	0.670750240719	0.673446561735	0.688544750015	0.647961493634	0.672241593731	0.690873425952	0.668952744606	0.687242740419	0.662417135589	0.670031806219	0.685762824485	0.764593295533	0.673897368325	0.706195003807	0.69003928522	0.685574818095	0.687093411877	0.74581519782	0.70894851319	0.67703166165	0.698706223664	0.67608434795	0.646474733603	0.746431835857	0.687637606949	0.643227001573	0.65126888903	0.650406564576	0.670322994984	0.0	0.518662134249	0.646099207031	0.667674256812	0.663551165996	0.673940101225	0.635588318187	0.647975206905	0.666720304904	0.653528702428	0.651616308105	0.697379270841	0.629675738248	0.694056133498	0.663188483197	0.669031530222	0.652055102329	0.663987368873	0.635636121815	0.652996004568	0.660376903876	0.680203611634	0.661672710991	0.688395253018	0.645709354505	0.678345598844
AC6	0.650688431829	0.647638524188	0.735245893076	0.657095450419	0.683244821041	0.640318171439	0.665320888556	0.650035720026	0.668831765077	0.674572577795	0.645364220902	0.654590372251	0.671361771874	0.660659003641	0.676731963643	0.660633581297	0.697502674064	0.697910162027	0.770005478539	0.675464362166	0.733750333669	0.699072823594	0.678700238653	0.682142617966	0.767335292807	0.697414366751	0.667387151702	0.675145667765	0.688593109567	0.65779280153	0.755855543042	0.700302186019	0.631463165637	0.634793082145	0.647993160925	0.647883662893	0.518662134249	0.0	0.641766605042	0.65183712061	0.645688595949	0.538625832896	0.517878112636	0.645658324629	0.677170384013	0.662493785321	0.648721821269	0.68420739251	0.627021797465	0.659513235692	0.652085688645	0.656749811603	0.639912815926	0.658961677928	0.667774009245	0.652579490917	0.620905632773	0.651907783102	0.644029042561	0.647606525264	0.623530690121	0.660767681773
AD6	0.67078875818	0.639583782087	0.774165381278	0.701207912323	0.691225462548	0.65869901547	0.630227269198	0.621829158084	0.692141166219	0.627651560904	0.678613640467	0.661007249361	0.702250715294	0.70674501267	0.67726700675	0.638937990407	0.701515343529	0.712311324403	0.796558710706	0.693716450488	0.717700105955	0.699039063945	0.70206549478	0.693347467676	0.773769611447	0.707078383039	0.676996817018	0.688039774575	0.708253648717	0.674396729116	0.753081316657	0.688342315797	0.695743683177	0.685971066959	0.658990954232	0.645523366133	0.646099207031	0.641766605042	0.0	0.514626494063	0.407542120345	0.668051044982	0.662290070756	0.645038097574	0.679563739987	0.679828451869	0.66481774383	0.661588507258	0.641512852462	0.642451131978	0.67232576205	0.679074257541	0.656296141826	0.650064651775	0.665533900552	0.648150656595	0.65170350851	0.687311542785	0.652864849855	0.656808811126	0.646234197108	0.653880476323
AE5	0.681272150986	0.661528504766	0.756698426944	0.697616513759	0.653398570016	0.655188122654	0.634399017812	0.630933493918	0.690326421887	0.642924846174	0.678768208278	0.634282978409	0.691111282774	0.711303560328	0.694689409902	0.682631851528	0.737701487269	0.705253241915	0.78343260196	0.687032527077	0.732767682221	0.714925265415	0.71670365268	0.710778389268	0.765384333396	0.717970650309	0.695654204182	0.696585635897	0.706803476193	0.679300336734	0.742003690074	0.696285016638	0.691117740641	0.681699050636	0.634025277581	0.624287946311	0.667674256812	0.65183712061	0.514626494063	0.0	0.427275440196	0.680878810696	0.667096337499	0.636653894845	0.681959678566	0.677969079342	0.675753571858	0.677095437396	0.650970077734	0.648586745306	0.678527185464	0.689226676938	0.644420469941	0.648577758562	0.661367054021	0.644373902447	0.666562089566	0.710127820816	0.66170846124	0.641923341071	0.634185208385	0.662425797113
AE6	0.689867753629	0.651240248972	0.778997792789	0.703702144893	0.672107229685	0.649771343316	0.633296056354	0.615742070097	0.709333723616	0.612292431362	0.695845066713	0.632426269143	0.694695511949	0.708283101584	0.680325392675	0.642073401167	0.734334375075	0.702382480074	0.802913202565	0.680886632038	0.726988461511	0.693675038018	0.705054692573	0.69256883504	0.770475743682	0.709242447831	0.68776026451	0.687747890406	0.705620956648	0.663797564956	0.75851300591	0.68728852062	0.6893638402	0.670589382071	0.660106649868	0.627255469177	0.663551165996	0.645688595949	0.407542120345	0.427275440196	0.0	0.671801569037	0.661388789868	0.652458697044	0.675053813382	0.670981302228	0.68550623865	0.646236892197	0.668455084016	0.644740349982	0.677869937962	0.6807081024	0.658673533555	0.648764400466	0.665011100579	0.64856359043	0.662243534822	0.70066009172	0.655786735995	0.648114982296	0.637942376075	0.637513135051
AF5	0.666223377075	0.649768085141	0.699043807102	0.643272665372	0.673911035723	0.654555831167	0.694603773456	0.675628502953	0.679394494135	0.689760277949	0.674053420052	0.663008679483	0.670812928686	0.658073976491	0.650894879258	0.659860382101	0.692628935486	0.685791400042	0.733358857581	0.659691725754	0.707271539643	0.696792391876	0.695109286534	0.692839237823	0.74817611483	0.701898769959	0.670564249643	0.69325728422	0.695432743144	0.645607492021	0.736590192401	0.68907666999	0.638174111712	0.697353143	0.685580646398	0.672229827795	0.673940101225	0.538625832896	0.668051044982	0.680878810696	0.671801569037	0.0	0.457696278112	0.639328947386	0.709389494845	0.706773805605	0.6926481291	0.701145877249	0.662468260503	0.668425858376	0.686325851825	0.722827891059	0.688733419954	0.68868021711	0.693435483361	0.68929096646	0.662875870945	0.713707124344	0.667619583568	0.666005103055	0.653630421727	0.69732431183
AF6	0.664559343226	0.6618842985	0.707156876436	0.64965712221	0.665947813413	0.649660106141	0.669261164857	0.664594788631	0.697230226243	0.666043899678	0.669471495495	0.660109470141	0.657225365547	0.657760664064	0.671996517752	0.668279985954	0.69133743486	0.693806462354	0.740885538907	0.65968060728	0.711769713023	0.690131640004	0.681260950449	0.693413623156	0.706361903944	0.692855854045	0.664418505523	0.688205905785	0.678936171723	0.650112395201	0.739576753448	0.692542810883	0.638816127125	0.664365540727	0.682743887147	0.650743908407	0.635588318187	0.517878112636	0.662290070756	0.667096337499	0.661388789868	0.457696278112	0.0	0.630030554212	0.702277948224	0.686257846195	0.676308215984	0.688656850339	0.65907473624	0.67166068609	0.682706376451	0.709716690336	0.681065310439	0.68000804479	0.680779237081	0.67450394624	0.662809713932	0.701276357021	0.653933518036	0.665225133981	0.645945785469	0.682464796334
