	AA3	AA4	AB3	AB4	AC3	AC4	AD3	AD4	AE3	AE4	AF3	AF4	AG3	AG4	AH3	AH4	AA7	AA8	AB7	AB8	AC7	AC8	AD7	AD8	AE7	AE8	AF7	AF8	AG7	AG8	AH7	AH8	AA5	AA6	AB5	AB6	AC5	AC6	AD6	AE5	AE6	AF5	AF6	AG5	AH5	AH6	AA1	AA2	AB1	AB2	AC1	AC2	AD1	AD2	AE1	AE2	AF1	AF2	AG1	AG2	AH1	AH2
AA3	0.0	0.493835218799	0.679307859292	0.638714075474	0.673897265304	0.677726181625	0.697385040149	0.695652586477	0.652215781345	0.694527796433	0.64639654437	0.686008073376	0.646877549207	0.619476655671	0.683000354293	0.49172375195	0.679016636403	0.6797321276	0.753205163669	0.69032769866	0.691559095413	0.689049467564	0.675457919723	0.691190834212	0.72890660578	0.68948868903	0.673431819472	0.685804788127	0.695834786181	0.683343500855	0.734938117085	0.686692999185	0.639255421341	0.684069362564	0.673790649233	0.685668082501	0.638367041561	0.64632310641	0.672908391896	0.680709169122	0.666877575294	0.67405203492	0.672073425629	0.672564943711	0.694793241356	0.696188113949	0.654896567808	0.69015959767	0.640006291164	0.680560887569	0.681362139865	0.683093998511	0.636933618307	0.668631770446	0.677457507777	0.653434745832	0.658412619358	0.679598752238	0.66097381147	0.663836801398	0.630032739276	0.665809215884
AA4	0.493835218799	0.0	0.700196616084	0.632004103305	0.649861669532	0.662220607912	0.67804793176	0.673975542095	0.669522010759	0.673105229855	0.66647197296	0.656357635521	0.658940518337	0.629051589201	0.505469840015	0.376734093555	0.702379963274	0.699276076332	0.762164999559	0.697831156729	0.713642595525	0.678831016113	0.687169120917	0.699168168758	0.723817967061	0.67528731252	0.661317128376	0.675386437757	0.696505900604	0.680168515953	0.757240621559	0.682471912109	0.668071035468	0.685038393856	0.667154919921	0.663654852981	0.667255464918	0.639046112242	0.651351080709	0.666288637943	0.642932563165	0.675687505894	0.663421322392	0.638030642682	0.688432100187	0.671835214831	0.661930646957	0.672389929494	0.658440089304	0.660677999834	0.681647437646	0.681210495622	0.666873682234	0.664248770302	0.674312179351	0.651276136598	0.650553577776	0.664435053307	0.653730052334	0.630923093937	0.646381531351	0.648269118131
AB3	0.679307859292	0.700196616084	0.0	0.67300732337	0.722496517922	0.748537779695	0.777763634031	0.772002488485	0.701319586689	0.779974989058	0.708618711298	0.755338146581	0.724966341927	0.609817266117	0.699421029239	0.703374879364	0.736567580661	0.764410197118	0.704378395583	0.701722882517	0.727623565517	0.761320448886	0.74740448414	0.752885868415	0.716933152358	0.754908002314	0.718462264183	0.747211774419	0.688951287071	0.688719785079	0.760653566211	0.7560385674	0.716713259909	0.782710476412	0.711192252922	0.75097398077	0.71791526951	0.743187516736	0.7602084014	0.754361658999	0.772948898994	0.730301554795	0.727765547991	0.740863840142	0.798675459634	0.795773216287	0.764919800843	0.786031105479	0.741543552627	0.784748935923	0.749785811398	0.770051502501	0.745454993592	0.768427787148	0.757887734672	0.770863783549	0.762114115376	0.763348570227	0.771899511051	0.778615266487	0.736643004274	0.78476216596
AB4	0.638714075474	0.632004103305	0.67300732337	0.0	0.670183236029	0.685742370493	0.692214735742	0.677670790506	0.685496130012	0.691683205116	0.651472443554	0.670262152369	0.433078542328	0.44527878712	0.664893535614	0.636809606052	0.696611472481	0.692049051931	0.752347959633	0.681048284019	0.690361968242	0.675656511654	0.702855069416	0.714032366023	0.726519350735	0.700622476495	0.650134363907	0.66057954603	0.675334802891	0.682614370165	0.739878602164	0.69238147449	0.682405554896	0.709750170141	0.675056446384	0.696065241875	0.679520819587	0.661204337578	0.687020157548	0.692827353602	0.696025146105	0.668748833081	0.662521808793	0.686228436647	0.728672743809	0.721129521726	0.692897122456	0.691650598929	0.662022134157	0.694902274186	0.696936721524	0.714708841565	0.694927890723	0.689898879328	0.702545353003	0.692454988908	0.685053295889	0.712750239562	0.696338886735	0.686420961503	0.673815007563	0.688557499225
AC3	0.673897265304	0.649861669532	0.722496517922	0.670183236029	0.0	0.514090907882	0.671777774415	0.663436031484	0.658315386243	0.673705420305	0.68410421644	0.432940646626	0.699136373521	0.69803217152	0.674129604546	0.643454062939	0.684184444913	0.680405684788	0.748123697486	0.668563417939	0.691762421494	0.703653377505	0.71636916112	0.715266210993	0.710271914776	0.707038001552	0.700700116281	0.690834083096	0.701967864222	0.682219829223	0.737074850637	0.676180766474	0.656452028432	0.686640677253	0.680907561033	0.691325722647	0.69654363051	0.675742366577	0.669180367349	0.653839334052	0.657543322671	0.661713605057	0.666509463024	0.666642077207	0.713407673272	0.696980049408	0.714359416789	0.700958728855	0.679817557193	0.677311904924	0.686163956162	0.693284048444	0.682272833354	0.67525409572	0.677818836655	0.686507876905	0.692427078925	0.701666739898	0.689759225222	0.652476722944	0.677710464155	0.692853617961
AC4	0.677726181625	0.662220607912	0.748537779695	0.685742370493	0.514090907882	0.0	0.667932097566	0.660007911152	0.669383342032	0.656457527309	0.505902191084	0.421006934567	0.706716936408	0.706048678038	0.69285946741	0.664784443475	0.70396063652	0.686213707493	0.757703360181	0.663546906147	0.707750297975	0.696892822274	0.716032200123	0.718068446849	0.745642907233	0.695675416657	0.706262203637	0.693396060634	0.710931086185	0.67181874177	0.748523956632	0.68796336672	0.656426975681	0.652433909452	0.650007280315	0.660256095174	0.670547559303	0.651804042909	0.648884519164	0.626743450331	0.618843052728	0.675514636107	0.665156577805	0.652588797841	0.677529760438	0.652537244395	0.72576134965	0.69465872834	0.685692422686	0.674272542513	0.675817770388	0.682825455145	0.679966222519	0.676582409326	0.687229318756	0.684600522053	0.672134317531	0.680378978039	0.676473424385	0.671167899261	0.647811509911	0.683190910345
AD3	0.697385040149	0.67804793176	0.777763634031	0.692214735742	0.671777774415	0.667932097566	0.0	0.41695511456	0.68296293538	0.333555559392	0.711736822622	0.663308566377	0.714743503653	0.700359775145	0.700798579475	0.678806134745	0.710771877392	0.690194920565	0.774259164806	0.673862500885	0.720431370388	0.682605011639	0.719177605466	0.700370435459	0.732454970841	0.681438523398	0.70881634799	0.683423073652	0.711664991377	0.68022760159	0.729644742639	0.697097932756	0.69884755599	0.679293916251	0.676947824243	0.680313037611	0.692957056814	0.668968757225	0.629271635573	0.646915248901	0.619383110033	0.683260377589	0.671206041615	0.675897447767	0.693878591559	0.688415715435	0.700001490916	0.662107818221	0.684430290858	0.660300473938	0.695161495622	0.682884384388	0.673757311689	0.678687535792	0.695756312865	0.668113959765	0.672634890309	0.671487172554	0.685226725547	0.644359026881	0.696835573294	0.669150701642
AD4	0.695652586477	0.673975542095	0.772002488485	0.677670790506	0.663436031484	0.660007911152	0.41695511456	0.0	0.605004961658	0.382678758944	0.692621977701	0.65850641165	0.702531841335	0.685719437351	0.690561899816	0.661743541814	0.715144102562	0.669712660307	0.777173459467	0.648061391349	0.705086602047	0.670556987405	0.700469720303	0.677824485123	0.735106148385	0.682505073168	0.693643346955	0.672991987747	0.675310900458	0.647563257347	0.694202360738	0.674575433441	0.686984133236	0.673294758609	0.670242740659	0.677494752806	0.667920326869	0.657809736657	0.619678940805	0.643715920987	0.622193590437	0.69090456286	0.679229949771	0.668051664075	0.680503151905	0.667432026904	0.694662169421	0.649934347866	0.669613759048	0.659917965589	0.704443280195	0.691638151344	0.683070622628	0.662917976415	0.659365132344	0.665217504954	0.685007992379	0.68088531018	0.688089201337	0.655097304941	0.671892858701	0.669143043265
AE3	0.652215781345	0.669522010759	0.701319586689	0.685496130012	0.658315386243	0.669383342032	0.68296293538	0.605004961658	0.0	0.642086074475	0.663309953998	0.676361346991	0.673257309579	0.679367851322	0.666177471164	0.676858352811	0.679085488736	0.692857340779	0.761476828029	0.681427610885	0.723466323253	0.720159510948	0.666241819206	0.692878620368	0.745187141434	0.707575504981	0.678203038676	0.712245085801	0.671471487536	0.658515556573	0.737366709825	0.694521990838	0.621522319827	0.705246851869	0.684310507386	0.696450657835	0.65431583003	0.678266479659	0.672992802936	0.669508429417	0.668918541986	0.659533452296	0.663297215002	0.651683082955	0.73146437728	0.720387573727	0.698799725252	0.713332010092	0.694124309678	0.715997818361	0.697599621379	0.717982622301	0.68490413393	0.677432494625	0.668526223003	0.700511981399	0.699811568187	0.721731766443	0.703875003479	0.700516012802	0.643536974916	0.72105732145
AE4	0.694527796433	0.673105229855	0.779974989058	0.691683205116	0.673705420305	0.656457527309	0.333555559392	0.382678758944	0.642086074475	0.0	0.706106174137	0.657867016768	0.71286414904	0.699273292978	0.708840187247	0.68560724086	0.70967837469	0.689630230578	0.778861469708	0.67055925051	0.722915432862	0.689227165973	0.716942467541	0.695130283339	0.735392475575	0.675891518604	0.706345060522	0.688226761603	0.706760101277	0.676614117105	0.726389156209	0.695050011191	0.693176353181	0.666116428424	0.689152207965	0.679320079428	0.696176786449	0.662716774924	0.630207778653	0.665706632372	0.626896775298	0.688365230862	0.677769015169	0.662024758513	0.694517891208	0.680689320173	0.690915981953	0.660683053711	0.675460911267	0.668626682785	0.694325441967	0.681848483979	0.679214744898	0.681492832769	0.683533508929	0.671043737587	0.673218317715	0.674393971862	0.686948338598	0.643180250847	0.696393487793	0.670966428407
AF3	0.64639654437	0.66647197296	0.708618711298	0.651472443554	0.68410421644	0.505902191084	0.711736822622	0.692621977701	0.663309953998	0.706106174137	0.0	0.573744515484	0.671038842637	0.686716771498	0.667203903757	0.668197942646	0.686441788363	0.683517533088	0.751780163888	0.681221700691	0.684907081121	0.721509637692	0.68142351154	0.692527629175	0.762133440505	0.720765296018	0.695236052198	0.711019070333	0.69588815026	0.667625509783	0.72218618034	0.697828353593	0.642948314286	0.691363266104	0.667743185793	0.684593328514	0.651277008257	0.664466058864	0.672057130808	0.669986026503	0.678019774344	0.68184189139	0.669022789394	0.662658718823	0.686409366067	0.687208147063	0.718842513472	0.711312709033	0.686682443932	0.714152097779	0.70386231206	0.732129138758	0.703430183047	0.691260310799	0.707588564056	0.716711193888	0.681556940488	0.713046596046	0.675365685431	0.701736506319	0.643172074265	0.714046057246
AF4	0.686008073376	0.656357635521	0.755338146581	0.670262152369	0.432940646626	0.421006934567	0.663308566377	0.65850641165	0.676361346991	0.657867016768	0.573744515484	0.0	0.70340931773	0.701221268421	0.684276065657	0.660198745052	0.694446104267	0.683954421138	0.762277961622	0.668957006507	0.691609026742	0.681707301446	0.713194988969	0.710687542985	0.727195270837	0.698848246508	0.698720444118	0.672843638676	0.711831709276	0.678200512552	0.736013669671	0.68213346565	0.669858398841	0.665153246825	0.66624493806	0.67822550855	0.690860996555	0.667271065227	0.671800928708	0.661938366693	0.644338353426	0.680482921111	0.677581764856	0.659960706254	0.689461537026	0.666869283119	0.706171599452	0.682161479423	0.684810465893	0.672769291105	0.684370210159	0.693417871634	0.690209239696	0.686061833766	0.695528587178	0.686189941278	0.697757219798	0.677902268225	0.694084504154	0.669948225008	0.676005244487	0.682072112542
AG3	0.646877549207	0.658940518337	0.724966341927	0.433078542328	0.699136373521	0.706716936408	0.714743503653	0.702531841335	0.673257309579	0.71286414904	0.671038842637	0.70340931773	0.0	0.512110906227	0.683564561338	0.677131057267	0.685448587092	0.688850833268	0.771525485515	0.692828561295	0.680114413839	0.703506644739	0.679822645626	0.70205798981	0.727456773858	0.694544746024	0.67900920148	0.696170225258	0.683426763831	0.690296801989	0.735102205503	0.6971101049	0.686820191892	0.707166512662	0.687546154637	0.691573102291	0.673965192147	0.661959614884	0.690224337031	0.698498750065	0.689623317421	0.674248841793	0.667015827985	0.68143209011	0.714377467384	0.71855387238	0.69775288705	0.703581813332	0.652885934011	0.696650244115	0.708250111939	0.721052814163	0.692577608915	0.683411648727	0.687776715187	0.685362941623	0.703376402485	0.729791865587	0.698355931024	0.678992545704	0.676481643966	0.712009584649
AG4	0.619476655671	0.629051589201	0.609817266117	0.44527878712	0.69803217152	0.706048678038	0.700359775145	0.685719437351	0.679367851322	0.699273292978	0.686716771498	0.701221268421	0.512110906227	0.0	0.678281048778	0.641233870748	0.723399426674	0.720731561388	0.732046157359	0.687577230889	0.703961028135	0.697543791416	0.695686056874	0.719537949615	0.709813460993	0.693183150866	0.673094290628	0.688863762526	0.687689819397	0.692999665778	0.742300876515	0.706407638409	0.696411663027	0.731322722945	0.689172693238	0.709947189259	0.684687327088	0.66268637966	0.692035887188	0.688082124692	0.701319925275	0.665532994762	0.661717553514	0.685199829937	0.734808054365	0.741566701061	0.689434794421	0.704607298502	0.654596489669	0.696961039283	0.705715536231	0.717778180415	0.692690802226	0.700747902127	0.71995242852	0.712268594896	0.689780360201	0.723637146517	0.690974090803	0.684030682406	0.680117239989	0.701566421857
AH3	0.683000354293	0.505469840015	0.699421029239	0.664893535614	0.674129604546	0.69285946741	0.700798579475	0.690561899816	0.666177471164	0.708840187247	0.667203903757	0.684276065657	0.683564561338	0.678281048778	0.0	0.538884403316	0.686579782297	0.704909112369	0.766664974422	0.708098471488	0.721016852111	0.706166826238	0.678310563334	0.687031109315	0.727858052228	0.698667802242	0.681935334771	0.706530596597	0.696482102982	0.688558991308	0.752940910255	0.696135858674	0.659593217087	0.714393953558	0.680871570593	0.69895834261	0.676543042579	0.685889852409	0.674023422628	0.688131364563	0.686322112687	0.691625411852	0.671141249999	0.670888096047	0.707698082032	0.714728692711	0.71226170733	0.69731528878	0.698771117157	0.715688467414	0.700580553929	0.732048619259	0.711720483054	0.685024864418	0.691712668348	0.692671647556	0.702261988971	0.714871765448	0.699456945938	0.680767405189	0.687199952972	0.70698776158
AH4	0.49172375195	0.376734093555	0.703374879364	0.636809606052	0.643454062939	0.664784443475	0.678806134745	0.661743541814	0.676858352811	0.68560724086	0.668197942646	0.660198745052	0.677131057267	0.641233870748	0.538884403316	0.0	0.704815880226	0.700750637712	0.769238092765	0.673466862929	0.710713447972	0.678338010981	0.680646669062	0.689663745125	0.729962021861	0.690431079056	0.65721661989	0.666092430573	0.677447568399	0.682376363099	0.741464233773	0.686890118077	0.668091217578	0.683703356136	0.668351024286	0.676872580339	0.662469413355	0.639761432587	0.636317357054	0.655237195809	0.645669319367	0.661224219392	0.664925825694	0.642944302792	0.688585410912	0.693764348773	0.673858346338	0.664474805915	0.661390620977	0.675125301956	0.662186160308	0.681029705343	0.666754425288	0.665843866536	0.674257590981	0.650477654619	0.658845355191	0.67738479853	0.658617151423	0.64093009602	0.653619662058	0.64341694999
AA7	0.679016636403	0.702379963274	0.736567580661	0.696611472481	0.684184444913	0.70396063652	0.710771877392	0.715144102562	0.679085488736	0.70967837469	0.686441788363	0.694446104267	0.685448587092	0.723399426674	0.686579782297	0.704815880226	0.0	0.523706190501	0.769469019264	0.690690043587	0.649006555673	0.688724865874	0.675740830749	0.700879400873	0.699091836537	0.690448579939	0.678245894248	0.681262896143	0.68779576848	0.686325050393	0.714668072054	0.562878071067	0.646911808345	0.722056868377	0.713695723802	0.740078712439	0.681053863354	0.698696369804	0.705661626474	0.733220620868	0.726230992714	0.689570316452	0.687830541153	0.717878181455	0.737449970006	0.735034483887	0.74173748869	0.732469031603	0.718733222451	0.751192891216	0.729031579339	0.749269747738	0.708145369717	0.710340720212	0.702569965551	0.717214544083	0.730824366577	0.731131336269	0.743838060307	0.721462673944	0.689808897168	0.723223476303
AA8	0.6797321276	0.699276076332	0.764410197118	0.692049051931	0.680405684788	0.686213707493	0.690194920565	0.669712660307	0.692857340779	0.689630230578	0.683517533088	0.683954421138	0.688850833268	0.720731561388	0.704909112369	0.700750637712	0.523706190501	0.0	0.765193851905	0.648379682129	0.627034189066	0.628748508609	0.678091930574	0.665284866065	0.698915746138	0.689561205999	0.658837511939	0.632491389626	0.652935525598	0.656809015467	0.546291650727	0.407658209495	0.669125424695	0.711002865272	0.720668882852	0.729480763165	0.690822174437	0.697595988907	0.68902245304	0.696334671237	0.684420064368	0.706775148229	0.698870681542	0.697599417504	0.715732009319	0.705011369838	0.718168776906	0.708519855046	0.695892706642	0.719925620803	0.722853034751	0.733332956152	0.693642234259	0.679757501632	0.677755824248	0.677591116338	0.72710863234	0.718654304147	0.731840834356	0.720305788157	0.702742308532	0.719584012633
AB7	0.753205163669	0.762164999559	0.704378395583	0.752347959633	0.748123697486	0.757703360181	0.774259164806	0.777173459467	0.761476828029	0.778861469708	0.751780163888	0.762277961622	0.771525485515	0.732046157359	0.766664974422	0.769238092765	0.769469019264	0.765193851905	0.0	0.567867164906	0.739574536567	0.766503075294	0.782180321204	0.790829278569	0.745253793659	0.777353624542	0.775027192125	0.769950947888	0.746768944532	0.647695063549	0.754129853544	0.7559539101	0.77723251398	0.793685288315	0.767161194402	0.790015574329	0.768715330175	0.760046073736	0.783056518835	0.79063798587	0.785569521728	0.743308761355	0.742634202219	0.77133040449	0.796758853599	0.7935955306	0.818556557224	0.79573633047	0.777080363335	0.792654766799	0.812884420503	0.801544040236	0.792100838347	0.798347542576	0.781580406362	0.794257891766	0.783529459305	0.805480181755	0.799815179402	0.790267679302	0.783533091978	0.802450848735
AB8	0.69032769866	0.697831156729	0.701722882517	0.681048284019	0.668563417939	0.663546906147	0.673862500885	0.648061391349	0.681427610885	0.67055925051	0.681221700691	0.668957006507	0.692828561295	0.687577230889	0.708098471488	0.673466862929	0.690690043587	0.648379682129	0.567867164906	0.0	0.645008284289	0.637719621224	0.690028517836	0.666291105604	0.679997216346	0.659681295325	0.666925740359	0.6367801252	0.494478916958	0.413564520514	0.687498663269	0.62825006563	0.685448329485	0.684064045253	0.692515238323	0.689984691778	0.672849702296	0.651426612729	0.671782181614	0.693978973327	0.660848082076	0.675075793559	0.659990744376	0.669772218967	0.696362866881	0.67650879266	0.731594358362	0.691401361508	0.679812968226	0.705264889072	0.705267617135	0.722003177235	0.675924582824	0.690024736953	0.683843674968	0.678649161711	0.689618077466	0.721125221027	0.698835262939	0.69156383687	0.670829923877	0.686465679627
AC7	0.691559095413	0.713642595525	0.727623565517	0.690361968242	0.691762421494	0.707750297975	0.720431370388	0.705086602047	0.723466323253	0.722915432862	0.684907081121	0.691609026742	0.680114413839	0.703961028135	0.721016852111	0.710713447972	0.649006555673	0.627034189066	0.739574536567	0.645008284289	0.0	0.510758538245	0.671620826493	0.68399046763	0.693300344068	0.677092694439	0.688077640133	0.574085278137	0.640662376355	0.642510735822	0.653802322148	0.638496375033	0.699065924485	0.69833118996	0.721595383053	0.73860511458	0.704687016179	0.714606651212	0.711412839867	0.732317891773	0.718101934501	0.72306522092	0.73072031114	0.703607083924	0.692747565388	0.691317028978	0.749847267603	0.740265034275	0.696440814024	0.734752051429	0.749346920528	0.75846890558	0.714077347273	0.689203628983	0.689133554134	0.71082258467	0.742877670459	0.73089882532	0.741201767581	0.71789322123	0.699063338482	0.738304454691
AC8	0.689049467564	0.678831016113	0.761320448886	0.675656511654	0.703653377505	0.696892822274	0.682605011639	0.670556987405	0.720159510948	0.689227165973	0.721509637692	0.681707301446	0.703506644739	0.697543791416	0.706166826238	0.678338010981	0.688724865874	0.628748508609	0.766503075294	0.637719621224	0.510758538245	0.0	0.686156863523	0.673762323194	0.703307893789	0.648163449421	0.499095353149	0.36649975898	0.649568614125	0.639467690212	0.694622710458	0.63020411256	0.706959468033	0.67842932682	0.712054271042	0.715124555001	0.710446739501	0.69266807132	0.690468983159	0.721722822519	0.683637798122	0.71128128567	0.703817042865	0.681496783	0.689808563409	0.673160117776	0.721571867078	0.70115450494	0.675524491756	0.688161088633	0.705520706143	0.706433124026	0.683540811138	0.675884282971	0.677823000195	0.678673741526	0.700238299848	0.688467501748	0.712380855422	0.687848917805	0.67869619918	0.680973816786
AD7	0.675457919723	0.687169120917	0.74740448414	0.702855069416	0.71636916112	0.716032200123	0.719177605466	0.700469720303	0.666241819206	0.716942467541	0.68142351154	0.713194988969	0.679822645626	0.695686056874	0.678310563334	0.680646669062	0.675740830749	0.678091930574	0.782180321204	0.690028517836	0.671620826493	0.686156863523	0.0	0.472588778073	0.710620914762	0.524547048281	0.677656264998	0.673028831736	0.665695057239	0.681472635488	0.705679085073	0.659227198947	0.65029379773	0.708078769407	0.718557606545	0.729946224925	0.69098729335	0.689605690606	0.707689337446	0.718417637041	0.70473564235	0.685529459516	0.677298091839	0.690631075381	0.706707335759	0.713885264907	0.723038972558	0.714211431956	0.685179639805	0.72584474045	0.690150498591	0.737938352735	0.701933190495	0.676027573524	0.672987311978	0.692100508888	0.702451567211	0.72008693497	0.707889889718	0.70710572826	0.663659176891	0.708225063879
AD8	0.691190834212	0.699168168758	0.752885868415	0.714032366023	0.715266210993	0.718068446849	0.700370435459	0.677824485123	0.692878620368	0.695130283339	0.692527629175	0.710687542985	0.70205798981	0.719537949615	0.687031109315	0.689663745125	0.700879400873	0.665284866065	0.790829278569	0.666291105604	0.68399046763	0.673762323194	0.472588778073	0.0	0.595288428519	0.426236386505	0.652768282312	0.668031791796	0.665828070591	0.663816187641	0.709873905615	0.664347189942	0.67874206491	0.699787522903	0.724781410845	0.732633586367	0.69723481478	0.693964002116	0.699609859177	0.702693310012	0.689266817695	0.698943886706	0.684339598814	0.689389547398	0.69600210711	0.699142867302	0.724362536851	0.717693177024	0.687294921109	0.723518683252	0.69455374717	0.73528439281	0.682170532061	0.653414465741	0.661003472673	0.67456856696	0.708259134972	0.71495311891	0.711742996215	0.699968203639	0.681210818244	0.707816945637
AE7	0.72890660578	0.723817967061	0.716933152358	0.726519350735	0.710271914776	0.745642907233	0.732454970841	0.735106148385	0.745187141434	0.735392475575	0.762133440505	0.727195270837	0.727456773858	0.709813460993	0.727858052228	0.729962021861	0.699091836537	0.698915746138	0.745253793659	0.679997216346	0.693300344068	0.703307893789	0.710620914762	0.595288428519	0.0	0.524733664224	0.720500844451	0.693229571598	0.685680591974	0.690420348635	0.733314064634	0.696090180901	0.731125468625	0.754432553074	0.737181040507	0.765758027759	0.735015310763	0.744169064268	0.75155493982	0.762975571518	0.763412386796	0.754351588261	0.743709578333	0.729910027164	0.752888039369	0.763322220686	0.767406323446	0.776890160174	0.726264956042	0.763675066584	0.762541743265	0.786890009215	0.754422174332	0.744029109641	0.739120024378	0.749357935923	0.77165070986	0.783829748508	0.775541775656	0.749887696262	0.753991141918	0.77357589951
AE8	0.68948868903	0.67528731252	0.754908002314	0.700622476495	0.707038001552	0.695675416657	0.681438523398	0.682505073168	0.707575504981	0.675891518604	0.720765296018	0.698848246508	0.694544746024	0.693183150866	0.698667802242	0.690431079056	0.690448579939	0.689561205999	0.777353624542	0.659681295325	0.677092694439	0.648163449421	0.524547048281	0.426236386505	0.524733664224	0.0	0.669567521001	0.642486986464	0.668868509645	0.661746815842	0.724721557565	0.673456997112	0.680217617272	0.682121330331	0.72344989719	0.726422580336	0.711278038039	0.702582141588	0.708102728781	0.727292547468	0.708246221631	0.698740269278	0.685211745989	0.686374216926	0.705181300026	0.696192089224	0.722123839171	0.713666060993	0.691772940774	0.717500405404	0.711558054969	0.725461959844	0.677147303975	0.671219167236	0.686197746912	0.679087526047	0.693799902941	0.702689909721	0.721683453712	0.686804399855	0.689807546252	0.678296737721
AF7	0.673431819472	0.661317128376	0.718462264183	0.650134363907	0.700700116281	0.706262203637	0.70881634799	0.693643346955	0.678203038676	0.706345060522	0.695236052198	0.698720444118	0.67900920148	0.673094290628	0.681935334771	0.65721661989	0.678245894248	0.658837511939	0.775027192125	0.666925740359	0.688077640133	0.499095353149	0.677656264998	0.652768282312	0.720500844451	0.669567521001	0.0	0.469752524433	0.643697447091	0.653991543904	0.719942700611	0.680397458483	0.671263944397	0.715180882355	0.70492582299	0.715246593337	0.689865750633	0.695574972334	0.680181828382	0.70720296266	0.678223917117	0.679997516374	0.664893586117	0.675037764007	0.720090039243	0.71977805258	0.705117465337	0.701262317942	0.685868644438	0.703552694376	0.682223466069	0.71162184781	0.672435557968	0.666282021797	0.661197090444	0.69035556287	0.674683737166	0.722156393969	0.688692281538	0.705638412996	0.671396805056	0.688553698559
AF8	0.685804788127	0.675386437757	0.747211774419	0.66057954603	0.690834083096	0.693396060634	0.683423073652	0.672991987747	0.712245085801	0.688226761603	0.711019070333	0.672843638676	0.696170225258	0.688863762526	0.706530596597	0.666092430573	0.681262896143	0.632491389626	0.769950947888	0.6367801252	0.574085278137	0.36649975898	0.673028831736	0.668031791796	0.693229571598	0.642486986464	0.469752524433	0.0	0.658813970183	0.642207354746	0.698835673379	0.627296667246	0.703725111116	0.683084318846	0.7163818265	0.713949082826	0.695250586159	0.687703020709	0.683880039753	0.710480409454	0.67794908923	0.706057479575	0.697839045491	0.67742101067	0.686476405524	0.68058290914	0.719204921132	0.685397852177	0.668702632631	0.683703053178	0.69437813141	0.706342763255	0.669011585271	0.655400319057	0.670373544884	0.659384121747	0.687360812851	0.687844330766	0.697310420089	0.685441423266	0.671122754666	0.680790315968
AG7	0.695834786181	0.696505900604	0.688951287071	0.675334802891	0.701967864222	0.710931086185	0.711664991377	0.675310900458	0.671471487536	0.706760101277	0.69588815026	0.711831709276	0.683426763831	0.687689819397	0.696482102982	0.677447568399	0.68779576848	0.652935525598	0.746768944532	0.494478916958	0.640662376355	0.649568614125	0.665695057239	0.665828070591	0.685680591974	0.668868509645	0.643697447091	0.658813970183	0.0	0.434960951427	0.677759516981	0.654685162104	0.680782456544	0.712158677109	0.709904060446	0.705933665725	0.674418143934	0.684855891214	0.689688821951	0.702893383505	0.685386102561	0.704407442239	0.684225861613	0.67345977124	0.712957455748	0.702450323675	0.736777513689	0.717660312519	0.696613022879	0.717873522489	0.694159398561	0.737349222776	0.685203433889	0.693974863979	0.692429911024	0.678894771576	0.694006456462	0.736067664952	0.704294351266	0.701360298654	0.672771800261	0.694415434134
AG8	0.683343500855	0.680168515953	0.688719785079	0.682614370165	0.682219829223	0.67181874177	0.68022760159	0.647563257347	0.658515556573	0.676614117105	0.667625509783	0.678200512552	0.690296801989	0.692999665778	0.688558991308	0.682376363099	0.686325050393	0.656809015467	0.647695063549	0.413564520514	0.642510735822	0.639467690212	0.681472635488	0.663816187641	0.690420348635	0.661746815842	0.653991543904	0.642207354746	0.434960951427	0.0	0.689911943547	0.640752091231	0.669658212105	0.689830218581	0.681707196338	0.682317683007	0.643499933807	0.659210916282	0.672195256524	0.689811729124	0.661569471093	0.695299014282	0.669483162535	0.649350403243	0.689191881873	0.682609814255	0.728359051025	0.701493874651	0.669267506011	0.695902458647	0.703325207029	0.717950044162	0.683851800732	0.676760383287	0.669483616486	0.669359142077	0.682915798443	0.705631154907	0.698230888614	0.693166430395	0.670622170597	0.692349328939
AH7	0.734938117085	0.757240621559	0.760653566211	0.739878602164	0.737074850637	0.748523956632	0.729644742639	0.694202360738	0.737366709825	0.726389156209	0.72218618034	0.736013669671	0.735102205503	0.742300876515	0.752940910255	0.741464233773	0.714668072054	0.546291650727	0.754129853544	0.687498663269	0.653802322148	0.694622710458	0.705679085073	0.709873905615	0.733314064634	0.724721557565	0.719942700611	0.698835673379	0.677759516981	0.689911943547	0.0	0.511439344733	0.717032759622	0.770543116151	0.769110066529	0.783935285736	0.74994968736	0.747226920411	0.755004281011	0.75926933671	0.748093149155	0.751846043521	0.757938035903	0.740833393297	0.763729231655	0.768782326589	0.771174764634	0.751936446654	0.746136611701	0.769618264496	0.772594379287	0.791135429658	0.745467854008	0.743386377523	0.733927422812	0.739206610723	0.774361652399	0.78354911138	0.776388053876	0.75798893531	0.758468239459	0.771199228901
AH8	0.686692999185	0.682471912109	0.7560385674	0.69238147449	0.676180766474	0.68796336672	0.697097932756	0.674575433441	0.694521990838	0.695050011191	0.697828353593	0.68213346565	0.6971101049	0.706407638409	0.696135858674	0.686890118077	0.562878071067	0.407658209495	0.7559539101	0.62825006563	0.638496375033	0.63020411256	0.659227198947	0.664347189942	0.696090180901	0.673456997112	0.680397458483	0.627296667246	0.654685162104	0.640752091231	0.511439344733	0.0	0.677373548182	0.706949509032	0.710862668595	0.720120633541	0.69027803275	0.681372948217	0.697157462826	0.704851968493	0.683735037685	0.6958394571	0.691459846188	0.699719052016	0.708013155832	0.698673680245	0.717500764952	0.695854724647	0.70207446877	0.720460922549	0.714385625009	0.724043711841	0.698491882295	0.681241083104	0.682557560522	0.683374084165	0.729106871279	0.718770762885	0.728036788613	0.706517843699	0.691643992978	0.710817252994
AA5	0.639255421341	0.668071035468	0.716713259909	0.682405554896	0.656452028432	0.656426975681	0.69884755599	0.686984133236	0.621522319827	0.693176353181	0.642948314286	0.669858398841	0.686820191892	0.696411663027	0.659593217087	0.668091217578	0.646911808345	0.669125424695	0.77723251398	0.685448329485	0.699065924485	0.706959468033	0.65029379773	0.67874206491	0.731125468625	0.680217617272	0.671263944397	0.703725111116	0.680782456544	0.669658212105	0.717032759622	0.677373548182	0.0	0.579278787255	0.687645064081	0.68994494005	0.634044249808	0.640662101904	0.683762277029	0.684412783545	0.674694842381	0.620160994793	0.612537650163	0.645649948979	0.70640615482	0.668034916867	0.685170805897	0.707184745465	0.682812379295	0.708635423025	0.686507012791	0.71540400666	0.659948769556	0.680406589504	0.670940753353	0.69913906109	0.653869788406	0.693135746262	0.675308098194	0.661445348296	0.630209334611	0.686566325226
AA6	0.684069362564	0.685038393856	0.782710476412	0.709750170141	0.686640677253	0.652433909452	0.679293916251	0.673294758609	0.705246851869	0.666116428424	0.691363266104	0.665153246825	0.707166512662	0.731322722945	0.714393953558	0.683703356136	0.722056868377	0.711002865272	0.793685288315	0.684064045253	0.69833118996	0.67842932682	0.708078769407	0.699787522903	0.754432553074	0.682121330331	0.715180882355	0.683084318846	0.712158677109	0.689830218581	0.770543116151	0.706949509032	0.579278787255	0.0	0.699712694852	0.691149729094	0.66805293647	0.639436314527	0.692072518267	0.695414464767	0.663847776736	0.675767200129	0.649620043202	0.660111342978	0.453370551157	0.431486460359	0.709559540465	0.694323615419	0.674651545833	0.686468921491	0.695812958384	0.697262433198	0.681109394236	0.691101733677	0.694807660444	0.686787394059	0.669701392627	0.672385079948	0.687094194222	0.66372719283	0.658334535559	0.672030139787
AB5	0.673790649233	0.667154919921	0.711192252922	0.675056446384	0.680907561033	0.650007280315	0.676947824243	0.670242740659	0.684310507386	0.689152207965	0.667743185793	0.66624493806	0.687546154637	0.689172693238	0.680871570593	0.668351024286	0.713695723802	0.720668882852	0.767161194402	0.692515238323	0.721595383053	0.712054271042	0.718557606545	0.724781410845	0.737181040507	0.72344989719	0.70492582299	0.7163818265	0.709904060446	0.681707196338	0.769110066529	0.710862668595	0.687645064081	0.699712694852	0.0	0.42358291085	0.638486006751	0.654509863448	0.639014913565	0.63543795528	0.640117080397	0.693192226182	0.688877272977	0.642837647103	0.697815084692	0.693155944767	0.683449062183	0.697303778416	0.672100057097	0.696424487242	0.692392590602	0.694952957149	0.6698960809	0.686019026116	0.696702668936	0.676038552615	0.708364879443	0.69202842576	0.699690424768	0.704984280762	0.647109903914	0.677117551407
AB6	0.685668082501	0.663654852981	0.75097398077	0.696065241875	0.691325722647	0.660256095174	0.680313037611	0.677494752806	0.696450657835	0.679320079428	0.684593328514	0.67822550855	0.691573102291	0.709947189259	0.69895834261	0.676872580339	0.740078712439	0.729480763165	0.790015574329	0.689984691778	0.73860511458	0.715124555001	0.729946224925	0.732633586367	0.765758027759	0.726422580336	0.715246593337	0.713949082826	0.705933665725	0.682317683007	0.783935285736	0.720120633541	0.68994494005	0.691149729094	0.42358291085	0.0	0.653488270867	0.643000544852	0.649294126766	0.641065866111	0.631309875805	0.68961513714	0.682638190077	0.559872714054	0.685809958694	0.669868613499	0.675045838706	0.689942108348	0.671985557845	0.673673062514	0.691635144746	0.696760369829	0.664677923762	0.682450387447	0.692383891724	0.665268592874	0.677183063968	0.693511817266	0.673161442494	0.67657204449	0.653346890605	0.67123792667
AC5	0.638367041561	0.667255464918	0.71791526951	0.679520819587	0.69654363051	0.670547559303	0.692957056814	0.667920326869	0.65431583003	0.696176786449	0.651277008257	0.690860996555	0.673965192147	0.684687327088	0.676543042579	0.662469413355	0.681053863354	0.690822174437	0.768715330175	0.672849702296	0.704687016179	0.710446739501	0.69098729335	0.69723481478	0.735015310763	0.711278038039	0.689865750633	0.695250586159	0.674418143934	0.643499933807	0.74994968736	0.69027803275	0.634044249808	0.66805293647	0.638486006751	0.653488270867	0.0	0.498109301361	0.641352107877	0.661948096087	0.647569884626	0.687808255755	0.61113286607	0.63879136452	0.653548995273	0.660731054276	0.661866931241	0.688454374339	0.630559534785	0.67220549433	0.667737800531	0.660975220955	0.661168120668	0.654509195641	0.636439402174	0.654180069846	0.644759755977	0.670955924809	0.64786885108	0.661057507577	0.638002333271	0.685783099564
AC6	0.64632310641	0.639046112242	0.743187516736	0.661204337578	0.675742366577	0.651804042909	0.668968757225	0.657809736657	0.678266479659	0.662716774924	0.664466058864	0.667271065227	0.661959614884	0.66268637966	0.685889852409	0.639761432587	0.698696369804	0.697595988907	0.760046073736	0.651426612729	0.714606651212	0.69266807132	0.689605690606	0.693964002116	0.744169064268	0.702582141588	0.695574972334	0.687703020709	0.684855891214	0.659210916282	0.747226920411	0.681372948217	0.640662101904	0.639436314527	0.654509863448	0.643000544852	0.498109301361	0.0	0.63990817884	0.646925963747	0.624905080257	0.539193277365	0.476681283187	0.623921677024	0.647816575483	0.639756386915	0.655192474912	0.672137496826	0.61646346614	0.646340034948	0.657575334378	0.659248419092	0.669224771007	0.664294048625	0.660106000859	0.654052259419	0.631214117174	0.6776087854	0.634007970932	0.635436065872	0.637457316951	0.656303213563
AD6	0.672908391896	0.651351080709	0.7602084014	0.687020157548	0.669180367349	0.648884519164	0.629271635573	0.619678940805	0.672992802936	0.630207778653	0.672057130808	0.671800928708	0.690224337031	0.692035887188	0.674023422628	0.636317357054	0.705661626474	0.68902245304	0.783056518835	0.671782181614	0.711412839867	0.690468983159	0.707689337446	0.699609859177	0.75155493982	0.708102728781	0.680181828382	0.683880039753	0.689688821951	0.672195256524	0.755004281011	0.697157462826	0.683762277029	0.692072518267	0.639014913565	0.649294126766	0.641352107877	0.63990817884	0.0	0.525709101941	0.439986427211	0.670308859244	0.652044604478	0.648443769285	0.672899766974	0.675264046128	0.679098657558	0.654466844727	0.652431783801	0.654718505016	0.687185444562	0.673384785053	0.659377675638	0.661838103538	0.660402677942	0.647298091466	0.65642862115	0.699009908633	0.667707243545	0.64599901755	0.646958002172	0.648627615037
AE5	0.680709169122	0.666288637943	0.754361658999	0.692827353602	0.653839334052	0.626743450331	0.646915248901	0.643715920987	0.669508429417	0.665706632372	0.669986026503	0.661938366693	0.698498750065	0.688082124692	0.688131364563	0.655237195809	0.733220620868	0.696334671237	0.79063798587	0.693978973327	0.732317891773	0.721722822519	0.718417637041	0.702693310012	0.762975571518	0.727292547468	0.70720296266	0.710480409454	0.702893383505	0.689811729124	0.75926933671	0.704851968493	0.684412783545	0.695414464767	0.63543795528	0.641065866111	0.661948096087	0.646925963747	0.525709101941	0.0	0.377066332969	0.681407069053	0.649257458841	0.658666311926	0.686914934281	0.687910683202	0.680043817617	0.681355271017	0.645034658286	0.640589634942	0.665897604876	0.68144805289	0.641221907178	0.641438120367	0.665852608289	0.633029172582	0.654224911127	0.693115124099	0.649039241435	0.637371861296	0.635136258642	0.650980503085
AE6	0.666877575294	0.642932563165	0.772948898994	0.696025146105	0.657543322671	0.618843052728	0.619383110033	0.622193590437	0.668918541986	0.626896775298	0.678019774344	0.644338353426	0.689623317421	0.701319925275	0.686322112687	0.645669319367	0.726230992714	0.684420064368	0.785569521728	0.660848082076	0.718101934501	0.683637798122	0.70473564235	0.689266817695	0.763412386796	0.708246221631	0.678223917117	0.67794908923	0.685386102561	0.661569471093	0.748093149155	0.683735037685	0.674694842381	0.663847776736	0.640117080397	0.631309875805	0.647569884626	0.624905080257	0.439986427211	0.377066332969	0.0	0.674103236199	0.637048480809	0.654538427967	0.663878854075	0.65392672019	0.676011937044	0.656717573715	0.643488367361	0.633614928906	0.668374790798	0.662076436366	0.635706060696	0.642272874143	0.653773313498	0.628516749982	0.645616534639	0.685649719757	0.645715507768	0.633590695859	0.63436243484	0.632954585634
AF5	0.67405203492	0.675687505894	0.730301554795	0.668748833081	0.661713605057	0.675514636107	0.683260377589	0.69090456286	0.659533452296	0.688365230862	0.68184189139	0.680482921111	0.674248841793	0.665532994762	0.691625411852	0.661224219392	0.689570316452	0.706775148229	0.743308761355	0.675075793559	0.72306522092	0.71128128567	0.685529459516	0.698943886706	0.754351588261	0.698740269278	0.679997516374	0.706057479575	0.704407442239	0.695299014282	0.751846043521	0.6958394571	0.620160994793	0.675767200129	0.693192226182	0.68961513714	0.687808255755	0.539193277365	0.670308859244	0.681407069053	0.674103236199	0.0	0.44304831926	0.6405127605	0.712273594537	0.700564842116	0.701049895896	0.711604973108	0.67427868591	0.692726356529	0.6882785553	0.715209643349	0.683686673133	0.704449662929	0.715996410903	0.70868578786	0.663064637041	0.713507743363	0.682786978315	0.66578404949	0.663108217604	0.692856380206
AF6	0.672073425629	0.663421322392	0.727765547991	0.662521808793	0.666509463024	0.665156577805	0.671206041615	0.679229949771	0.663297215002	0.677769015169	0.669022789394	0.677581764856	0.667015827985	0.661717553514	0.671141249999	0.664925825694	0.687830541153	0.698870681542	0.742634202219	0.659990744376	0.73072031114	0.703817042865	0.677298091839	0.684339598814	0.743709578333	0.685211745989	0.664893586117	0.697839045491	0.684225861613	0.669483162535	0.757938035903	0.691459846188	0.612537650163	0.649620043202	0.688877272977	0.682638190077	0.61113286607	0.476681283187	0.652044604478	0.649257458841	0.637048480809	0.44304831926	0.0	0.622932646551	0.678030785934	0.67848786583	0.681596444449	0.692466137693	0.646067062063	0.666022167208	0.672988178745	0.698541056309	0.663859322328	0.677069878581	0.679781093361	0.678203229994	0.643887604507	0.692166171488	0.656051721439	0.637884731149	0.661210089531	0.664273196848
