	AA3	AA4	AB3	AB4	AC3	AC4	AD3	AD4	AE3	AE4	AF3	AF4	AG3	AG4	AH3	AH4	AA7	AA8	AB7	AB8	AC7	AC8	AD7	AD8	AE7	AE8	AF7	AF8	AG7	AG8	AH7	AH8	AA5	AA6	AB5	AB6	AC5	AC6	AD6	AE5	AE6	AF5	AF6	AG5	AH5	AH6	AA1	AA2	AB1	AB2	AC1	AC2	AD1	AD2	AE1	AE2	AF1	AF2	AG1	AG2	AH1	AH2
AA3	0.0	0.489506345788	0.695345936157	0.650524314444	0.663454145555	0.660294661798	0.709754330211	0.698272281231	0.654606850443	0.691726323391	0.648540478614	0.67133216084	0.648445766402	0.605325973735	0.691871882286	0.487071029227	0.685920465354	0.685236812004	0.760208828849	0.693159232643	0.698810829003	0.693917323331	0.681308995175	0.703535927175	0.726327760318	0.705267213831	0.668997250429	0.702432729727	0.702962396393	0.681382645514	0.73495393722	0.70503139886	0.65562458927	0.697956722364	0.669256123365	0.673930440601	0.635918249149	0.64939016404	0.661789716147	0.687398281292	0.674826762329	0.669751530878	0.6651273968	0.663372254261	0.714615878598	0.693230051079	0.661361876059	0.690770531805	0.658056544173	0.683834970524	0.679046372636	0.677657227013	0.641616851224	0.663842550932	0.670768653042	0.675166995375	0.66318890651	0.69148185016	0.668541406102	0.693134143054	0.648965585442	0.676913086063
AA4	0.489506345788	0.0	0.678271509158	0.63122711857	0.66745792754	0.64288153391	0.661297485984	0.660534549905	0.680474514412	0.65033185317	0.659221983155	0.649541869495	0.669606233445	0.62266030456	0.506975703527	0.387024972877	0.687424751867	0.683422758889	0.768267803033	0.687084564507	0.711417874665	0.669459199708	0.677352615643	0.687458954331	0.718995509282	0.682581562362	0.650088728396	0.664833861282	0.695015682937	0.666491665462	0.74931488792	0.690507416051	0.664402959485	0.675143859135	0.657022303961	0.637318627226	0.654409064713	0.633028942034	0.630250463863	0.663908422508	0.633148025457	0.661989166097	0.626979313047	0.628680223927	0.694232251043	0.676379601887	0.645402500096	0.646308794198	0.641738599329	0.656127576278	0.65207746301	0.648987393188	0.637342608674	0.639713359148	0.65661598572	0.648510361728	0.659486997308	0.668942232004	0.65978648625	0.640581923725	0.645200158495	0.631223403898
AB3	0.695345936157	0.678271509158	0.0	0.665814796195	0.729012205699	0.746468602546	0.761118720267	0.766959076686	0.706200183684	0.761360911465	0.712991740579	0.747506867902	0.707487338728	0.585232255632	0.680079498999	0.700323063881	0.71072020196	0.735782016238	0.713663361114	0.704795986776	0.685838234738	0.736025280676	0.717706641799	0.733130774349	0.703510376321	0.7193513538	0.709993797488	0.74133150624	0.686630035363	0.673441819292	0.730332411483	0.726438805987	0.716674485802	0.774973203221	0.734060795676	0.743037590619	0.730432633978	0.735353768104	0.759573163397	0.749538481404	0.766287063854	0.705137026649	0.698642056493	0.738644652563	0.783912998509	0.782972999785	0.776162888929	0.778851430647	0.729762440073	0.767249382255	0.76145162795	0.780008150125	0.732308518993	0.759497901194	0.742277039443	0.761632676364	0.766782238183	0.785617768066	0.77076279884	0.776884563549	0.718815896113	0.770811996612
AB4	0.650524314444	0.63122711857	0.665814796195	0.0	0.703320578871	0.678023914181	0.68956906874	0.685952322111	0.683020903118	0.670911458331	0.668757499409	0.691498891524	0.44274049934	0.433708405325	0.668339769953	0.640715013084	0.69906649011	0.684546176104	0.761731243171	0.67474739917	0.699533946254	0.681576729712	0.694251714259	0.694299480476	0.729966918924	0.715420975501	0.646389657345	0.684670521143	0.68289240027	0.680570222989	0.741907903556	0.699829911742	0.688621084402	0.715390570974	0.685879747835	0.682271325889	0.670667618699	0.655732348847	0.68126104891	0.687826949621	0.692556371519	0.658652724612	0.660999405296	0.686304457894	0.715514363839	0.71897705621	0.705058323696	0.689512628324	0.641075469836	0.678837307319	0.701295820125	0.70411852729	0.671784132364	0.681025025177	0.689023014054	0.684680954985	0.691929657176	0.716828870424	0.693151722322	0.678329472664	0.674602045297	0.687765678967
AC3	0.663454145555	0.66745792754	0.729012205699	0.703320578871	0.0	0.537726858872	0.685018830985	0.6836860378	0.668676685243	0.676815970812	0.682655189967	0.456037834904	0.700203694091	0.692046547002	0.70238419134	0.666924003762	0.69094083568	0.702306529038	0.772157562799	0.683806291737	0.723941814421	0.710359280097	0.728267672327	0.72707866758	0.727013308976	0.716697690694	0.716698273912	0.71523367249	0.717441410009	0.706010187692	0.761255292171	0.712661247382	0.659247163813	0.700184846352	0.68992703108	0.707086914262	0.687540737461	0.680842228746	0.685555188213	0.663054666288	0.67177375298	0.663218687784	0.68787300013	0.68517291105	0.73098658172	0.708425262612	0.706290368733	0.706833469089	0.702903283459	0.69804002138	0.681572235811	0.691309206172	0.682464289251	0.696597353907	0.682918326651	0.688698652835	0.711959617184	0.687278862194	0.691092374042	0.691050163224	0.694391479766	0.704626305873
AC4	0.660294661798	0.64288153391	0.746468602546	0.678023914181	0.537726858872	0.0	0.68786765584	0.6715241562	0.652427089996	0.669406982764	0.466927814057	0.393873224679	0.663334320169	0.679336866338	0.694073187634	0.629687667268	0.691537756964	0.686505534814	0.772908377241	0.682254831271	0.718825027446	0.699536128207	0.702605147685	0.699901469846	0.756107832951	0.696834521529	0.687783272099	0.704069956319	0.712154258574	0.680151732237	0.749682792127	0.710094959565	0.662104651253	0.680308199459	0.646794792719	0.671915905771	0.65845662351	0.646121594045	0.645816131819	0.651753553782	0.65806475426	0.664186974928	0.664890671226	0.655666104727	0.693072688124	0.672249893324	0.702111996436	0.687651759416	0.699623534537	0.695184266006	0.688807052295	0.683548169833	0.683678295344	0.697541981421	0.702023440555	0.695666807644	0.68031531954	0.684894650449	0.670811566929	0.68955975957	0.658742953605	0.690369580279
AD3	0.709754330211	0.661297485984	0.761118720267	0.68956906874	0.685018830985	0.68786765584	0.0	0.377670606162	0.66611702101	0.381218943604	0.70753192074	0.651327392378	0.716232640028	0.700327296643	0.70087522069	0.688201389486	0.717969909038	0.696303263306	0.774808897141	0.663455161042	0.720045168913	0.69045723538	0.71558457201	0.704262616624	0.726592927301	0.684670658683	0.703331360789	0.686481470332	0.719056321718	0.681342661788	0.729029250275	0.703046731784	0.696868827862	0.663981552337	0.680395714995	0.659329416375	0.684922933125	0.678059918581	0.6242906008	0.654686848925	0.620831475929	0.684409058877	0.662422748143	0.681690302888	0.695333020603	0.678579041461	0.710100723257	0.676501195383	0.67993384018	0.683977075246	0.695340291437	0.69851235656	0.685961918457	0.676812412246	0.688016407281	0.664157280055	0.692221017839	0.661985898915	0.702082394769	0.665923593262	0.704912856762	0.677133157118
AD4	0.698272281231	0.660534549905	0.766959076686	0.685952322111	0.6836860378	0.6715241562	0.377670606162	0.0	0.609156040525	0.400124525032	0.694401609714	0.641516001739	0.703932336441	0.687515338475	0.694305566615	0.67888726132	0.714889244363	0.687064272917	0.781552599244	0.653852809817	0.716747740449	0.678129593813	0.711930996054	0.693246041986	0.727980998985	0.676531281054	0.691395612801	0.665611172348	0.681631926637	0.656841905788	0.715112686184	0.689507723088	0.684203426043	0.651416828079	0.674213817844	0.658900134544	0.665697902019	0.67694719021	0.631254137124	0.646665949683	0.623542547305	0.687844661863	0.66841351846	0.665420427573	0.689905256976	0.667432557787	0.685474434746	0.666557831364	0.664318862532	0.688456679385	0.692366823371	0.690760649728	0.680559765396	0.668582452359	0.655117624971	0.657850838801	0.688982205256	0.665933913114	0.701983565561	0.667467599237	0.694224000556	0.66369602003
AE3	0.654606850443	0.680474514412	0.706200183684	0.683020903118	0.668676685243	0.652427089996	0.66611702101	0.609156040525	0.0	0.62432438129	0.646652980459	0.660708441971	0.677512517007	0.676861214647	0.683737888328	0.659505761979	0.66065460355	0.682901331484	0.772693746304	0.688519845802	0.717388240544	0.713759705444	0.67023723189	0.694070730548	0.745216727276	0.676802698759	0.679695138764	0.713713862401	0.669609043108	0.679422784413	0.736916393135	0.701916728376	0.618629502694	0.69250391207	0.692934755591	0.691443893502	0.65212022529	0.679163221943	0.679073791163	0.67650015348	0.690245023398	0.667123567675	0.66239822945	0.669226805025	0.727861574156	0.721156689542	0.712731926084	0.710327140471	0.704229498712	0.717687814574	0.703276958204	0.707008438659	0.692750699946	0.6946614667	0.666380454277	0.688060172588	0.685657409705	0.725598927363	0.692601391191	0.713342315874	0.657466742011	0.719572037665
AE4	0.691726323391	0.65033185317	0.761360911465	0.670911458331	0.676815970812	0.669406982764	0.381218943604	0.400124525032	0.62432438129	0.0	0.691870560711	0.642913781907	0.699316440319	0.682412484897	0.70095686379	0.667269886543	0.712583778993	0.681444898149	0.781415684868	0.650745543241	0.713084925822	0.682189986	0.697921163049	0.696462520473	0.726809364344	0.674508891122	0.691257716532	0.670551229885	0.689804610282	0.663233942587	0.741894281731	0.696802559496	0.67452307473	0.645426600114	0.677605388812	0.644915177014	0.680335017433	0.660686987658	0.611949217186	0.638556178035	0.605960877803	0.67805463188	0.643036450309	0.653306858523	0.684178654785	0.668322968858	0.686909948787	0.660989499151	0.663494782723	0.669789160679	0.681129317468	0.673907397053	0.668894664404	0.654479156479	0.677286364508	0.645715895889	0.679234313158	0.668995556124	0.685784507979	0.653444599012	0.686798213162	0.661792620596
AF3	0.648540478614	0.659221983155	0.712991740579	0.668757499409	0.682655189967	0.466927814057	0.70753192074	0.694401609714	0.646652980459	0.691870560711	0.0	0.537744758231	0.655850365781	0.663696350012	0.678181293086	0.642087135375	0.672291945943	0.677394778892	0.759198343959	0.683553422734	0.67719478737	0.701190139172	0.678734589956	0.700417416424	0.760172483612	0.704958615391	0.682545974232	0.709466213275	0.694338968922	0.663877006443	0.706029913721	0.697870763241	0.636292590134	0.685425021072	0.660995056738	0.682833119858	0.650906444142	0.647431858176	0.66263993889	0.675711860856	0.690639558429	0.660953088975	0.662761800629	0.666062003699	0.6891084763	0.680613116042	0.719213702728	0.710090827089	0.683040409278	0.705935197387	0.697055523839	0.71999374974	0.696276390896	0.693950329766	0.691323186643	0.701082562525	0.67680377491	0.710511391279	0.674722083769	0.713671541186	0.657652645684	0.71386006204
AF4	0.67133216084	0.649541869495	0.747506867902	0.691498891524	0.456037834904	0.393873224679	0.651327392378	0.641516001739	0.660708441971	0.642913781907	0.537744758231	0.0	0.692115629391	0.685231144818	0.703153771122	0.652463135691	0.702703944549	0.688851532436	0.774793346772	0.669125971488	0.715596037222	0.68371803925	0.71708354915	0.703029083473	0.748764895964	0.685649212079	0.691435039341	0.69478935286	0.713109471936	0.683407451697	0.757629058673	0.701722288464	0.656601370812	0.650640136225	0.66468566549	0.679350271567	0.66441522148	0.65642105717	0.670946580584	0.643439314071	0.64696145678	0.666286352381	0.654024311499	0.663764594492	0.681774304201	0.660736705338	0.711689277567	0.697793471161	0.6848256621	0.681482179375	0.662908204668	0.682085698525	0.67374998149	0.683570860443	0.696655616545	0.66620268017	0.669866712585	0.654016298483	0.679588260123	0.674680485485	0.667790159954	0.686895303925
AG3	0.648445766402	0.669606233445	0.707487338728	0.44274049934	0.700203694091	0.663334320169	0.716232640028	0.703932336441	0.677512517007	0.699316440319	0.655850365781	0.692115629391	0.0	0.52230110521	0.677808037442	0.656899688413	0.672555365162	0.689022930516	0.773936295817	0.699939743274	0.672954702746	0.697602092638	0.686072041662	0.695758951257	0.72720485366	0.701763018531	0.66982622984	0.704813520167	0.698459556111	0.687687485481	0.731665127507	0.706392523997	0.689133474426	0.709648050132	0.681900267161	0.692696941739	0.676411138283	0.660596812107	0.686097954966	0.695865631533	0.699876706883	0.660348415089	0.671658983911	0.676322721898	0.708736236228	0.700528764618	0.692887275126	0.699057375908	0.655997295217	0.695737049087	0.7088580651	0.689888584803	0.682071654828	0.67895431853	0.682533260702	0.680119898983	0.699904562426	0.725202121222	0.683502811958	0.690793478154	0.676866282748	0.704301174151
AG4	0.605325973735	0.62266030456	0.585232255632	0.433708405325	0.692046547002	0.679336866338	0.700327296643	0.687515338475	0.676861214647	0.682412484897	0.663696350012	0.685231144818	0.52230110521	0.0	0.683875381589	0.619543550429	0.709674796828	0.700447316572	0.729851277419	0.654414626661	0.694545761302	0.699565366605	0.68919746792	0.702065456282	0.709279613831	0.709254338669	0.670780508773	0.706577989964	0.684293284007	0.671340825514	0.747029539534	0.714334446766	0.688100992463	0.71045857291	0.684643455317	0.682436896159	0.670220724512	0.654983558135	0.683882143403	0.687652014359	0.695343123264	0.65021758253	0.636683605514	0.684652239389	0.718227160847	0.723562923547	0.697309955401	0.707740697461	0.626799245747	0.674471435315	0.693239489045	0.698617351595	0.670453401117	0.690907736629	0.679785172791	0.691304355858	0.692777761707	0.720275764165	0.687654318637	0.682167201083	0.660415351807	0.692465723871
AH3	0.691871882286	0.506975703527	0.680079498999	0.668339769953	0.70238419134	0.694073187634	0.70087522069	0.694305566615	0.683737888328	0.70095686379	0.678181293086	0.703153771122	0.677808037442	0.683875381589	0.0	0.555628828271	0.703912371049	0.719320794774	0.783561947269	0.712767066232	0.7134125698	0.714398531414	0.677755327071	0.690131898091	0.721264059824	0.684046149872	0.685572999903	0.702150683331	0.699408514386	0.698100761407	0.757000754612	0.703088599262	0.6728930506	0.72382898135	0.692022339097	0.682878244453	0.690007652933	0.696411646007	0.683339316267	0.695265932418	0.688094317259	0.689310367805	0.675999709908	0.680366763292	0.725396760621	0.719613877515	0.707937427153	0.690440074078	0.705618450588	0.711375433975	0.698854879698	0.725524658928	0.716217209349	0.704010627969	0.690293486689	0.707924918926	0.723785139061	0.736171436291	0.708495524752	0.699428379697	0.684748726752	0.699969252649
AH4	0.487071029227	0.387024972877	0.700323063881	0.640715013084	0.666924003762	0.629687667268	0.688201389486	0.67888726132	0.659505761979	0.667269886543	0.642087135375	0.652463135691	0.656899688413	0.619543550429	0.555628828271	0.0	0.691299364736	0.675870573391	0.769130922389	0.674182341219	0.710452111489	0.679417551617	0.670311613623	0.686447942378	0.736458167005	0.684134190726	0.653969441882	0.681824077542	0.67790744044	0.667897116889	0.737423445188	0.689421917778	0.669280778751	0.684121220448	0.652748888216	0.618637123388	0.656363692215	0.651075485737	0.633094936562	0.653162426508	0.633406059598	0.673658185991	0.628929236927	0.648984687999	0.678370484696	0.66698532626	0.67137542835	0.646495508313	0.645017316026	0.658732624351	0.648672388414	0.662923095448	0.651096799163	0.653450233731	0.668373390009	0.6576218012	0.672764646849	0.678327861538	0.662683921026	0.656578391716	0.638515068409	0.637197234439
AA7	0.685920465354	0.687424751867	0.71072020196	0.69906649011	0.69094083568	0.691537756964	0.717969909038	0.714889244363	0.66065460355	0.712583778993	0.672291945943	0.702703944549	0.672555365162	0.709674796828	0.703912371049	0.691299364736	0.0	0.522320232201	0.773887047798	0.687879853639	0.66977826966	0.691461195704	0.677343591107	0.684750382803	0.702555610577	0.694038765935	0.666436725747	0.672914956832	0.692780181051	0.694037219677	0.711382230847	0.58669539057	0.658842605269	0.727678714693	0.712420760113	0.713939165769	0.676934362303	0.697423971091	0.709003597317	0.738389377717	0.721975088116	0.705201789954	0.703981563006	0.708212715539	0.741339442128	0.725444881622	0.742624083561	0.73235079132	0.715915490334	0.745759105792	0.720128089495	0.727438453829	0.703151529549	0.713159943713	0.694103634037	0.713845473695	0.738057566178	0.747169074601	0.737178098558	0.744320493601	0.695849767936	0.728828244443
AA8	0.685236812004	0.683422758889	0.735782016238	0.684546176104	0.702306529038	0.686505534814	0.696303263306	0.687064272917	0.682901331484	0.681444898149	0.677394778892	0.688851532436	0.689022930516	0.700447316572	0.719320794774	0.675870573391	0.522320232201	0.0	0.774013861332	0.624968588578	0.640610024876	0.647292912353	0.668258616766	0.666045674221	0.702597258949	0.68039719127	0.656788149454	0.634456465826	0.646885897898	0.664691616461	0.539328675636	0.403601139209	0.688382237936	0.72159824729	0.717759235506	0.707713921867	0.683964307253	0.703365200859	0.699850792729	0.711485079439	0.700906581947	0.715493654934	0.686411965842	0.708512505393	0.709302348384	0.709621405336	0.719926055182	0.713447386536	0.692259945063	0.712490451849	0.712689099268	0.728863390212	0.690775939713	0.680860280689	0.686367891424	0.690180584662	0.734236792084	0.735359555328	0.737707498656	0.716154959119	0.709598028547	0.711835114492
AB7	0.760208828849	0.768267803033	0.713663361114	0.761731243171	0.772157562799	0.772908377241	0.774808897141	0.781552599244	0.772693746304	0.781415684868	0.759198343959	0.774793346772	0.773936295817	0.729851277419	0.783561947269	0.769130922389	0.773887047798	0.774013861332	0.0	0.571825024173	0.751684444839	0.77216232404	0.773036885775	0.79483597713	0.753638524205	0.780731285419	0.780211561453	0.783252090269	0.755995193129	0.651069665599	0.766261502428	0.779268587129	0.780012500888	0.789503450891	0.779616345515	0.778660069316	0.769357025326	0.771487374832	0.786240054495	0.788612207633	0.786374827172	0.72317527863	0.740459479231	0.78284421439	0.802169326968	0.801922418863	0.823800852564	0.817777187539	0.785318317681	0.798562732224	0.809408829046	0.810526375841	0.79383893867	0.793256067908	0.788773847192	0.792360435061	0.803747508723	0.800474558823	0.804276784342	0.800541708833	0.789095182145	0.801712935321
AB8	0.693159232643	0.687084564507	0.704795986776	0.67474739917	0.683806291737	0.682254831271	0.663455161042	0.653852809817	0.688519845802	0.650745543241	0.683553422734	0.669125971488	0.699939743274	0.654414626661	0.712767066232	0.674182341219	0.687879853639	0.624968588578	0.571825024173	0.0	0.66929006256	0.6295311806	0.665409289641	0.657265925084	0.670803879699	0.657602984338	0.647073799493	0.643685177553	0.529585606943	0.441303771829	0.686329207334	0.641721445718	0.690805778927	0.695344540227	0.70315401185	0.681449911562	0.678651459599	0.680536682824	0.690703192187	0.692663167041	0.68391726065	0.670155606356	0.655858811195	0.695594514269	0.706510466286	0.702849124312	0.735576598583	0.715015353258	0.679458066865	0.698968032619	0.703979552838	0.728990600086	0.695361666774	0.683756433005	0.69214064428	0.693422871036	0.719753789296	0.714834126694	0.708789921831	0.712045851501	0.688983748103	0.701081087672
AC7	0.698810829003	0.711417874665	0.685838234738	0.699533946254	0.723941814421	0.718825027446	0.720045168913	0.716747740449	0.717388240544	0.713084925822	0.67719478737	0.715596037222	0.672954702746	0.694545761302	0.7134125698	0.710452111489	0.66977826966	0.640610024876	0.751684444839	0.66929006256	0.0	0.511385219421	0.671217696342	0.680103407788	0.693980220439	0.685085285222	0.679901796443	0.577359111381	0.65063314779	0.642640412641	0.661392292812	0.651891107559	0.716771206195	0.703140433953	0.722231922468	0.726493587789	0.708205090108	0.717090219744	0.721537428229	0.729365349806	0.717028698127	0.717127137161	0.708819966781	0.70888430871	0.699401340254	0.690298080566	0.758364406634	0.757357537429	0.693562499831	0.733634736265	0.749401463412	0.760729675002	0.701762809435	0.689218144921	0.690640671002	0.711269776241	0.746262457122	0.727117334556	0.748209748601	0.730293615035	0.697669627823	0.727739730166
AC8	0.693917323331	0.669459199708	0.736025280676	0.681576729712	0.710359280097	0.699536128207	0.69045723538	0.678129593813	0.713759705444	0.682189986	0.701190139172	0.68371803925	0.697602092638	0.699565366605	0.714398531414	0.679417551617	0.691461195704	0.647292912353	0.77216232404	0.6295311806	0.511385219421	0.0	0.681988906986	0.654796816133	0.704847073721	0.648013843855	0.484773476166	0.39673361186	0.642152843263	0.631167974264	0.695574005167	0.631813761646	0.704130296795	0.666332228534	0.709581848237	0.702465748447	0.692503426167	0.695510539444	0.682876836951	0.714250177139	0.670804127394	0.697777456578	0.684975524823	0.688633459274	0.678469440927	0.66162446639	0.72062388366	0.703888995145	0.671985823319	0.707751306576	0.693920800942	0.709715403278	0.666442891208	0.653102234128	0.672587706958	0.678900440665	0.703495274779	0.673378210239	0.71518282933	0.703491034612	0.676173846522	0.668085948529
AD7	0.681308995175	0.677352615643	0.717706641799	0.694251714259	0.728267672327	0.702605147685	0.71558457201	0.711930996054	0.67023723189	0.697921163049	0.678734589956	0.71708354915	0.686072041662	0.68919746792	0.677755327071	0.670311613623	0.677343591107	0.668258616766	0.773036885775	0.665409289641	0.671217696342	0.681988906986	0.0	0.475001776769	0.699944772958	0.514776831156	0.650655854798	0.686670808	0.659981587111	0.675914918156	0.691262052728	0.669317403816	0.64901421392	0.700717732206	0.722490778921	0.696797316051	0.682039536937	0.700434331714	0.691473493716	0.704382433568	0.697655304409	0.688321881506	0.674645148955	0.689506328708	0.706228766663	0.694423188326	0.720002191167	0.705384350696	0.680639459936	0.710719526815	0.693242483047	0.723654175385	0.68962919013	0.682951790181	0.670594620932	0.690536102529	0.703697719136	0.717222647105	0.698106326595	0.714298567293	0.659500484444	0.700663188175
AD8	0.703535927175	0.687458954331	0.733130774349	0.694299480476	0.72707866758	0.699901469846	0.704262616624	0.693246041986	0.694070730548	0.696462520473	0.700417416424	0.703029083473	0.695758951257	0.702065456282	0.690131898091	0.686447942378	0.684750382803	0.666045674221	0.79483597713	0.657265925084	0.680103407788	0.654796816133	0.475001776769	0.0	0.571052661085	0.385574767376	0.643880226762	0.661925164361	0.648280866296	0.651353595581	0.700195623803	0.659202930858	0.686832395505	0.692814532907	0.727867284441	0.705481565391	0.6920215916	0.706004311926	0.70308511092	0.719506280084	0.708487317392	0.706337229777	0.689983185745	0.698012153347	0.702425722195	0.698716817698	0.721505083831	0.697241159974	0.686259358618	0.712544913612	0.698787578631	0.72196657097	0.695264109673	0.677375107201	0.671377171986	0.686271036596	0.714569308401	0.719732556254	0.715519118315	0.719752576336	0.680869465102	0.707347074766
AE7	0.726327760318	0.718995509282	0.703510376321	0.729966918924	0.727013308976	0.756107832951	0.726592927301	0.727980998985	0.745216727276	0.726809364344	0.760172483612	0.748764895964	0.72720485366	0.709279613831	0.721264059824	0.736458167005	0.702555610577	0.702597258949	0.753638524205	0.670803879699	0.693980220439	0.704847073721	0.699944772958	0.571052661085	0.0	0.509002240667	0.704334770429	0.704300779707	0.697994328061	0.684855831544	0.73293592165	0.701799342595	0.730621908803	0.754414451498	0.743244052969	0.74047444148	0.733187579258	0.754429122927	0.750888968762	0.761780249919	0.74777795127	0.735660686143	0.732168239866	0.737994807829	0.760077662068	0.75565895013	0.768800633083	0.771314225455	0.725173006777	0.765159356091	0.759383740016	0.78608505033	0.738558893518	0.748375619059	0.736225639004	0.745952310104	0.785817088682	0.778124925145	0.778594372778	0.761807514633	0.741624846419	0.769261507627
AE8	0.705267213831	0.682581562362	0.7193513538	0.715420975501	0.716697690694	0.696834521529	0.684670658683	0.676531281054	0.676802698759	0.674508891122	0.704958615391	0.685649212079	0.701763018531	0.709254338669	0.684046149872	0.684134190726	0.694038765935	0.68039719127	0.780731285419	0.657602984338	0.685085285222	0.648013843855	0.514776831156	0.385574767376	0.509002240667	0.0	0.637478418083	0.671099876223	0.663832878162	0.653571693461	0.709873524113	0.670646999197	0.677578236745	0.675935972091	0.72721583655	0.708699769635	0.694578814024	0.706223564618	0.707440703934	0.718184654136	0.702957171347	0.707773658358	0.667514103052	0.692012732368	0.714756998087	0.689435708531	0.709823191782	0.693397067017	0.690412842053	0.716980939229	0.689747347873	0.729070783931	0.690839925427	0.676248104786	0.671555857063	0.667679065664	0.702861688107	0.702233319905	0.721108530574	0.714305830597	0.687263411183	0.694716024382
AF7	0.668997250429	0.650088728396	0.709993797488	0.646389657345	0.716698273912	0.687783272099	0.703331360789	0.691395612801	0.679695138764	0.691257716532	0.682545974232	0.691435039341	0.66982622984	0.670780508773	0.685572999903	0.653969441882	0.666436725747	0.656788149454	0.780211561453	0.647073799493	0.679901796443	0.484773476166	0.650655854798	0.643880226762	0.704334770429	0.637478418083	0.0	0.460598588717	0.66039834284	0.668459313075	0.724714538498	0.658534337587	0.679586964074	0.69764532386	0.6934972952	0.686905377254	0.667068112021	0.674746115472	0.670073420608	0.695791244585	0.677322307066	0.688029671969	0.670778662568	0.667169369663	0.710290751815	0.692245768033	0.706056527444	0.683731397233	0.666879569722	0.698179108715	0.665188437378	0.695986601986	0.662443538888	0.658088878615	0.659654165365	0.680575591623	0.681393940325	0.703431423927	0.683771787687	0.701134297477	0.649722616421	0.675519550007
AF8	0.702432729727	0.664833861282	0.74133150624	0.684670521143	0.71523367249	0.704069956319	0.686481470332	0.665611172348	0.713713862401	0.670551229885	0.709466213275	0.69478935286	0.704813520167	0.706577989964	0.702150683331	0.681824077542	0.672914956832	0.634456465826	0.783252090269	0.643685177553	0.577359111381	0.39673361186	0.686670808	0.661925164361	0.704300779707	0.671099876223	0.460598588717	0.0	0.660908937763	0.653526505118	0.7042227668	0.625067968951	0.716263168019	0.676794789179	0.708806398692	0.702243041858	0.681378471335	0.68531803264	0.688252465857	0.716626968314	0.677984876121	0.701826373172	0.682582669657	0.674905932964	0.695755006822	0.676210768815	0.717796474956	0.704048107204	0.673563066205	0.69482777113	0.702035939269	0.717273624757	0.667793320179	0.659401313116	0.663357564321	0.666751676044	0.704384803457	0.690191707319	0.711483320745	0.697869746999	0.664059782033	0.676497735346
AG7	0.702962396393	0.695015682937	0.686630035363	0.68289240027	0.717441410009	0.712154258574	0.719056321718	0.681631926637	0.669609043108	0.689804610282	0.694338968922	0.713109471936	0.698459556111	0.684293284007	0.699408514386	0.67790744044	0.692780181051	0.646885897898	0.755995193129	0.529585606943	0.65063314779	0.642152843263	0.659981587111	0.648280866296	0.697994328061	0.663832878162	0.66039834284	0.660908937763	0.0	0.454630343414	0.687666162048	0.652257040218	0.688030904895	0.705922125554	0.710433001975	0.696806881348	0.673596339259	0.681719028272	0.698528979276	0.704675789801	0.698484197844	0.689486079367	0.673023229649	0.685402092437	0.707939676967	0.700944243907	0.729222049467	0.719213259925	0.68632149074	0.713515796806	0.68436494894	0.727497975391	0.681851522711	0.698151134644	0.682090689401	0.704045381855	0.710821749031	0.733183986837	0.704426534599	0.727345425474	0.678108003224	0.708573789657
AG8	0.681382645514	0.666491665462	0.673441819292	0.680570222989	0.706010187692	0.680151732237	0.681342661788	0.656841905788	0.679422784413	0.663233942587	0.663877006443	0.683407451697	0.687687485481	0.671340825514	0.698100761407	0.667897116889	0.694037219677	0.664691616461	0.651069665599	0.441303771829	0.642640412641	0.631167974264	0.675914918156	0.651353595581	0.684855831544	0.653571693461	0.668459313075	0.653526505118	0.454630343414	0.0	0.692790849683	0.664204476367	0.667708949295	0.67253875765	0.682330726726	0.67855298331	0.660056824052	0.662036815526	0.683130578598	0.686602636436	0.673997258084	0.662053564278	0.649631512722	0.668183159946	0.68479672284	0.671923603622	0.721432888261	0.707690863356	0.668957908206	0.702486693024	0.695285362773	0.71838283957	0.668027201269	0.680130017377	0.670871863381	0.685232314446	0.692453927154	0.708474256148	0.689085862996	0.708737621244	0.67086149487	0.684577254295
AH7	0.73495393722	0.74931488792	0.730332411483	0.741907903556	0.761255292171	0.749682792127	0.729029250275	0.715112686184	0.736916393135	0.741894281731	0.706029913721	0.757629058673	0.731665127507	0.747029539534	0.757000754612	0.737423445188	0.711382230847	0.539328675636	0.766261502428	0.686329207334	0.661392292812	0.695574005167	0.691262052728	0.700195623803	0.73293592165	0.709873524113	0.724714538498	0.7042227668	0.687666162048	0.692790849683	0.0	0.503495001017	0.724378749591	0.771390276075	0.767663690084	0.757584977721	0.743946259431	0.757112965717	0.749631368375	0.762122018942	0.754323949592	0.752972739327	0.735889618825	0.745233180623	0.770072953317	0.760704581567	0.770695796148	0.756946079622	0.751184435922	0.771019187284	0.771500768752	0.78717770905	0.740130576671	0.72587899921	0.740362475175	0.73697446991	0.778657876157	0.791487431664	0.785697970187	0.772632408981	0.750210569695	0.76023978727
AH8	0.70503139886	0.690507416051	0.726438805987	0.699829911742	0.712661247382	0.710094959565	0.703046731784	0.689507723088	0.701916728376	0.696802559496	0.697870763241	0.701722288464	0.706392523997	0.714334446766	0.703088599262	0.689421917778	0.58669539057	0.403601139209	0.779268587129	0.641721445718	0.651891107559	0.631813761646	0.669317403816	0.659202930858	0.701799342595	0.670646999197	0.658534337587	0.625067968951	0.652257040218	0.664204476367	0.503495001017	0.0	0.693127587563	0.723372841059	0.721825538636	0.715950376131	0.691353633415	0.713349381686	0.700515935664	0.723232195987	0.688160184088	0.720373614795	0.695982442161	0.706306669776	0.726355548381	0.717456566969	0.723993061077	0.705399640916	0.704545295931	0.722504733639	0.718672183423	0.733197511074	0.694552295603	0.689009710815	0.686816862621	0.697964401742	0.742226845921	0.735386727334	0.742086890973	0.720247220152	0.700164175501	0.70599025673
AA5	0.65562458927	0.664402959485	0.716674485802	0.688621084402	0.659247163813	0.662104651253	0.696868827862	0.684203426043	0.618629502694	0.67452307473	0.636292590134	0.656601370812	0.689133474426	0.688100992463	0.6728930506	0.669280778751	0.658842605269	0.688382237936	0.780012500888	0.690805778927	0.716771206195	0.704130296795	0.64901421392	0.686832395505	0.730621908803	0.677578236745	0.679586964074	0.716263168019	0.688030904895	0.667708949295	0.724378749591	0.693127587563	0.0	0.59530380188	0.689489390685	0.686467923879	0.639151838049	0.643482396072	0.680524241386	0.693560366221	0.688583471257	0.63826838892	0.623801668504	0.660610711838	0.7112772852	0.659870863833	0.686561231582	0.700956813922	0.690211020554	0.700220271405	0.685447728214	0.7018832314	0.677165290367	0.698406947959	0.66619287955	0.674937031323	0.657366137255	0.698467949255	0.663394238936	0.699861712141	0.639814375364	0.704372684419
AA6	0.697956722364	0.675143859135	0.774973203221	0.715390570974	0.700184846352	0.680308199459	0.663981552337	0.651416828079	0.69250391207	0.645426600114	0.685425021072	0.650640136225	0.709648050132	0.71045857291	0.72382898135	0.684121220448	0.727678714693	0.72159824729	0.789503450891	0.695344540227	0.703140433953	0.666332228534	0.700717732206	0.692814532907	0.754414451498	0.675935972091	0.69764532386	0.676794789179	0.705922125554	0.67253875765	0.771390276075	0.723372841059	0.59530380188	0.0	0.689790191996	0.676925396409	0.648711975375	0.634532237617	0.666309798559	0.674306688109	0.658535082122	0.683529696662	0.651728532274	0.663865416305	0.482270596209	0.415292808498	0.688749152176	0.686101134837	0.66336614143	0.667126583832	0.676014536952	0.680981904042	0.670408251076	0.673744306106	0.678895312403	0.657444928669	0.65359689128	0.658098479242	0.670582307946	0.673564507169	0.652353435295	0.662034419566
AB5	0.669256123365	0.657022303961	0.734060795676	0.685879747835	0.68992703108	0.646794792719	0.680395714995	0.674213817844	0.692934755591	0.677605388812	0.660995056738	0.66468566549	0.681900267161	0.684643455317	0.692022339097	0.652748888216	0.712420760113	0.717759235506	0.779616345515	0.70315401185	0.722231922468	0.709581848237	0.722490778921	0.727867284441	0.743244052969	0.72721583655	0.6934972952	0.708806398692	0.710433001975	0.682330726726	0.767663690084	0.721825538636	0.689489390685	0.689790191996	0.0	0.406447365787	0.646687057971	0.662889978124	0.657430142001	0.639015845474	0.646996166758	0.667370451455	0.666112560827	0.643923082045	0.709699414728	0.684719440305	0.667350762333	0.698865409181	0.676728956942	0.706883713499	0.688822591937	0.687724209247	0.664168795135	0.685287148131	0.694579899871	0.683199472221	0.706723954024	0.696307377552	0.699610371144	0.706600719165	0.651865142083	0.699312877139
AB6	0.673930440601	0.637318627226	0.743037590619	0.682271325889	0.707086914262	0.671915905771	0.659329416375	0.658900134544	0.691443893502	0.644915177014	0.682833119858	0.679350271567	0.692696941739	0.682436896159	0.682878244453	0.618637123388	0.713939165769	0.707713921867	0.778660069316	0.681449911562	0.726493587789	0.702465748447	0.696797316051	0.705481565391	0.74047444148	0.708699769635	0.686905377254	0.702243041858	0.696806881348	0.67855298331	0.757584977721	0.715950376131	0.686467923879	0.676925396409	0.406447365787	0.0	0.655686947206	0.666258021077	0.653483841499	0.645012030394	0.643510570733	0.681176585374	0.640930249775	0.568261562449	0.677289042503	0.662160962729	0.66417531017	0.686345969432	0.657775271279	0.677004996497	0.679512723195	0.688934445633	0.661196343591	0.660910344475	0.687213512451	0.665727357934	0.692429507931	0.698118949347	0.6805123413	0.679126412069	0.664261116158	0.674080591422
AC5	0.635918249149	0.654409064713	0.730432633978	0.670667618699	0.687540737461	0.65845662351	0.684922933125	0.665697902019	0.65212022529	0.680335017433	0.650906444142	0.66441522148	0.676411138283	0.670220724512	0.690007652933	0.656363692215	0.676934362303	0.683964307253	0.769357025326	0.678651459599	0.708205090108	0.692503426167	0.682039536937	0.6920215916	0.733187579258	0.694578814024	0.667068112021	0.681378471335	0.673596339259	0.660056824052	0.743946259431	0.691353633415	0.639151838049	0.648711975375	0.646687057971	0.655686947206	0.0	0.483141716677	0.640907400493	0.657296829954	0.646431686692	0.655511288039	0.608491242794	0.633471298957	0.670595816207	0.651242016078	0.650153170799	0.681676851762	0.626313328011	0.660684192325	0.660150754892	0.654112455341	0.646176914017	0.651489134565	0.624361162263	0.652531569581	0.648684217298	0.672041797329	0.642280987454	0.684987850064	0.63202387511	0.672776733027
AC6	0.64939016404	0.633028942034	0.735353768104	0.655732348847	0.680842228746	0.646121594045	0.678059918581	0.67694719021	0.679163221943	0.660686987658	0.647431858176	0.65642105717	0.660596812107	0.654983558135	0.696411646007	0.651075485737	0.697423971091	0.703365200859	0.771487374832	0.680536682824	0.717090219744	0.695510539444	0.700434331714	0.706004311926	0.754429122927	0.706223564618	0.674746115472	0.68531803264	0.681719028272	0.662036815526	0.757112965717	0.713349381686	0.643482396072	0.634532237617	0.662889978124	0.666258021077	0.483141716677	0.0	0.628491941656	0.649164103731	0.636149285343	0.518657865737	0.511393671645	0.616962484755	0.675709095116	0.643219129575	0.654776344192	0.677829650727	0.617679948474	0.633473400584	0.651068748	0.648049112739	0.65152332716	0.652610417896	0.656580134766	0.651581803097	0.619285775794	0.679491732843	0.628886035145	0.646145785891	0.633141254961	0.665417083528
AD6	0.661789716147	0.630250463863	0.759573163397	0.68126104891	0.685555188213	0.645816131819	0.6242906008	0.631254137124	0.679073791163	0.611949217186	0.66263993889	0.670946580584	0.686097954966	0.683882143403	0.683339316267	0.633094936562	0.709003597317	0.699850792729	0.786240054495	0.690703192187	0.721537428229	0.682876836951	0.691473493716	0.70308511092	0.750888968762	0.707440703934	0.670073420608	0.688252465857	0.698528979276	0.683130578598	0.749631368375	0.700515935664	0.680524241386	0.666309798559	0.657430142001	0.653483841499	0.640907400493	0.628491941656	0.0	0.515564659443	0.426090611727	0.653176639079	0.655222238998	0.657779599417	0.674396630753	0.66554332261	0.669933950414	0.632569926439	0.640896021551	0.654895929208	0.672398220512	0.666300438879	0.643210310899	0.640539942148	0.663100884081	0.651959881236	0.657460595761	0.689750852769	0.658206406014	0.644963106528	0.637523293355	0.631181561665
AE5	0.687398281292	0.663908422508	0.749538481404	0.687826949621	0.663054666288	0.651753553782	0.654686848925	0.646665949683	0.67650015348	0.638556178035	0.675711860856	0.643439314071	0.695865631533	0.687652014359	0.695265932418	0.653162426508	0.738389377717	0.711485079439	0.788612207633	0.692663167041	0.729365349806	0.714250177139	0.704382433568	0.719506280084	0.761780249919	0.718184654136	0.695791244585	0.716626968314	0.704675789801	0.686602636436	0.762122018942	0.723232195987	0.693560366221	0.674306688109	0.639015845474	0.645012030394	0.657296829954	0.649164103731	0.515564659443	0.0	0.411843788411	0.653378454483	0.654077234017	0.650725546825	0.680120345164	0.675803523868	0.670035795917	0.662052846367	0.64574551958	0.643293072237	0.657720477319	0.675888040811	0.649704388959	0.641342704554	0.653849653161	0.637715205776	0.670415832244	0.693359404286	0.656877222045	0.640864607545	0.651605990435	0.659852281575
AE6	0.674826762329	0.633148025457	0.766287063854	0.692556371519	0.67177375298	0.65806475426	0.620831475929	0.623542547305	0.690245023398	0.605960877803	0.690639558429	0.64696145678	0.699876706883	0.695343123264	0.688094317259	0.633406059598	0.721975088116	0.700906581947	0.786374827172	0.68391726065	0.717028698127	0.670804127394	0.697655304409	0.708487317392	0.74777795127	0.702957171347	0.677322307066	0.677984876121	0.698484197844	0.673997258084	0.754323949592	0.688160184088	0.688583471257	0.658535082122	0.646996166758	0.643510570733	0.646431686692	0.636149285343	0.426090611727	0.411843788411	0.0	0.649586408611	0.656204828246	0.650797283523	0.685673751575	0.66087948985	0.673829179338	0.649875515726	0.633571887566	0.641659980742	0.667789621236	0.660646883786	0.636837769037	0.631726622764	0.655929192712	0.640538191731	0.665961879022	0.686666225639	0.662060407746	0.629940931213	0.657945898848	0.642929218844
AF5	0.669751530878	0.661989166097	0.705137026649	0.658652724612	0.663218687784	0.664186974928	0.684409058877	0.687844661863	0.667123567675	0.67805463188	0.660953088975	0.666286352381	0.660348415089	0.65021758253	0.689310367805	0.673658185991	0.705201789954	0.715493654934	0.72317527863	0.670155606356	0.717127137161	0.697777456578	0.688321881506	0.706337229777	0.735660686143	0.707773658358	0.688029671969	0.701826373172	0.689486079367	0.662053564278	0.752972739327	0.720373614795	0.63826838892	0.683529696662	0.667370451455	0.681176585374	0.655511288039	0.518657865737	0.653176639079	0.653378454483	0.649586408611	0.0	0.492854230011	0.641697957113	0.715047039066	0.693133221965	0.694658803699	0.70863097064	0.661711549563	0.65563802055	0.685423582333	0.699176534099	0.669913773746	0.67983817778	0.681849342113	0.684504193431	0.64526105103	0.708582895435	0.659370518107	0.667341198393	0.636426091029	0.695263120754
AF6	0.6651273968	0.626979313047	0.698642056493	0.660999405296	0.68787300013	0.664890671226	0.662422748143	0.66841351846	0.66239822945	0.643036450309	0.662761800629	0.654024311499	0.671658983911	0.636683605514	0.675999709908	0.628929236927	0.703981563006	0.686411965842	0.740459479231	0.655858811195	0.708819966781	0.684975524823	0.674645148955	0.689983185745	0.732168239866	0.667514103052	0.670778662568	0.682582669657	0.673023229649	0.649631512722	0.735889618825	0.695982442161	0.623801668504	0.651728532274	0.666112560827	0.640930249775	0.608491242794	0.511393671645	0.655222238998	0.654077234017	0.656204828246	0.492854230011	0.0	0.609850876953	0.696545166688	0.671254844895	0.66892251155	0.675777247221	0.639459338755	0.647725297742	0.670498293915	0.684152207961	0.674946583672	0.671127443034	0.67482620377	0.644122102428	0.624066965349	0.692860535255	0.646428083534	0.648440715026	0.666280775112	0.66499432121
