	AA3	AA4	AB3	AB4	AC3	AC4	AD3	AD4	AE3	AE4	AF3	AF4	AG3	AG4	AH3	AH4	AA7	AA8	AB7	AB8	AC7	AC8	AD7	AD8	AE7	AE8	AF7	AF8	AG7	AG8	AH7	AH8	AA5	AA6	AB5	AB6	AC5	AC6	AD6	AE5	AE6	AF5	AF6	AG5	AH5	AH6	AA1	AA2	AB1	AB2	AC1	AC2	AD1	AD2	AE1	AE2	AF1	AF2	AG1	AG2	AH1	AH2
AA3	0.0	0.492481273467	0.673923765309	0.645407269733	0.679624797823	0.661499602111	0.698237732314	0.692989027889	0.63185378476	0.689231160749	0.652147095476	0.677441889899	0.650174588677	0.616937870254	0.679717174773	0.480655792509	0.677006458343	0.674568273768	0.758573726661	0.680956737631	0.698550752369	0.683956062153	0.663983413052	0.698048968346	0.732186775818	0.698868629528	0.668384615581	0.687539950454	0.698405959774	0.676233658259	0.729958481387	0.690594562561	0.653990768426	0.686846788327	0.681180485612	0.691482851739	0.638392676956	0.66178247175	0.650336369498	0.692514485705	0.676404672148	0.66873878694	0.67055210385	0.640758510499	0.702426217268	0.686441436742	0.654438096064	0.690023541613	0.641095063918	0.685151996883	0.667625131685	0.67981221982	0.638287410712	0.657879787947	0.664935754902	0.666768208272	0.656151118701	0.687809294629	0.658517645137	0.685009319734	0.638199354991	0.686886234907
AA4	0.492481273467	0.0	0.723254040149	0.63555913923	0.644526039165	0.63633246053	0.675359282262	0.674220239118	0.672349270419	0.664835698954	0.663024876179	0.645254682667	0.675983883575	0.642848909037	0.504139940714	0.381092231203	0.700057922284	0.698925320448	0.77466227835	0.698729266883	0.708537547243	0.666210089072	0.689147297101	0.693812147051	0.730406760896	0.695678753903	0.671966871301	0.674599291523	0.711882020543	0.680917504919	0.754792709571	0.689343747282	0.674002656176	0.670017629679	0.670095529129	0.667059770068	0.66493612221	0.648366664447	0.660150250728	0.671547815513	0.643804131419	0.663805574308	0.651722617591	0.634573115501	0.69413538463	0.676797171531	0.654898226381	0.652941525823	0.652602632223	0.661393236871	0.666732518415	0.67372985657	0.655198387854	0.651253413851	0.662711439217	0.656785880391	0.664583160964	0.670570336334	0.662996630433	0.651175590393	0.653180373662	0.657604914794
AB3	0.673923765309	0.723254040149	0.0	0.686435978232	0.727564145565	0.74741891064	0.76506181769	0.771635677402	0.708661477479	0.77749455677	0.712184636214	0.748102093076	0.7296621911	0.605994151776	0.714979017066	0.710261152467	0.727727221094	0.734063502845	0.738369458374	0.709613458158	0.731295000585	0.746125265349	0.726442922519	0.759767589566	0.738930394544	0.75805238498	0.709437046245	0.751737490399	0.698166071258	0.722032007611	0.765240351713	0.754145083244	0.718471177086	0.788277793986	0.73629016006	0.755123483938	0.729896881117	0.747391767727	0.758992304408	0.770276442677	0.789076249676	0.718411416881	0.740317469221	0.746517244474	0.796633441191	0.782808832268	0.778288374393	0.785582368506	0.742837343353	0.784337241354	0.766432547157	0.793110523769	0.757518971124	0.769710553157	0.75647569937	0.779296178317	0.761916400493	0.782261902083	0.75366743171	0.789543640466	0.724023614664	0.799814346509
AB4	0.645407269733	0.63555913923	0.686435978232	0.0	0.667938948975	0.672437550314	0.711539760284	0.706051019148	0.682294686991	0.703344308176	0.678060704928	0.684109077885	0.429932147507	0.480802076918	0.660329457337	0.650122476233	0.690472817255	0.686107720208	0.756557653489	0.680132850264	0.681981099115	0.667082289288	0.684472355735	0.699428372325	0.732734236435	0.705514634865	0.682599275809	0.683745454989	0.680928838713	0.667878065838	0.72909093642	0.688307930117	0.682774382301	0.700826841406	0.696072923535	0.6836461264	0.677321800684	0.652836802203	0.67014056857	0.694298150629	0.698051586625	0.634832475916	0.656000917598	0.670783718846	0.719437812434	0.721032777602	0.698250241661	0.697213502975	0.647510171656	0.707084566764	0.701244258538	0.697827675506	0.667808694781	0.66412164055	0.689058830156	0.682827413926	0.68502303421	0.70692079234	0.696670836462	0.693457115122	0.677598087962	0.707990934386
AC3	0.679624797823	0.644526039165	0.727564145565	0.667938948975	0.0	0.514215793515	0.68547415215	0.669543956678	0.662164670053	0.665499685399	0.693138330931	0.429384933404	0.694817981599	0.689048994279	0.675669507218	0.662926623929	0.677311218586	0.676970436067	0.748574519777	0.677340290178	0.704065235145	0.674611826644	0.726641324743	0.713326331466	0.714985970915	0.706383169485	0.704793919299	0.694463994391	0.716368013127	0.670270817211	0.744456310398	0.681663546896	0.674448208215	0.696697309969	0.700853899445	0.681597953117	0.686820520695	0.659156411803	0.687922917659	0.665178943582	0.671582549275	0.659659580014	0.67007759364	0.662663094321	0.729861202032	0.708817390326	0.712370572693	0.69982569161	0.679529225347	0.673084097789	0.697301099001	0.693766611485	0.683290109955	0.661194812036	0.671778905428	0.6783473833	0.690255477843	0.699418601933	0.694585546413	0.67655267398	0.681559915954	0.702650576398
AC4	0.661499602111	0.63633246053	0.74741891064	0.672437550314	0.514215793515	0.0	0.674210413978	0.657994700233	0.641330636082	0.667593330305	0.524486122489	0.381306953341	0.685931639929	0.683446685329	0.683389015508	0.611186589147	0.675850475462	0.667327241462	0.764490220571	0.665714107518	0.703822241428	0.667714317009	0.694126533498	0.692870630859	0.753728697637	0.695393964896	0.679617796906	0.694814716519	0.688275734083	0.665625665357	0.741668371114	0.674143980832	0.664730751434	0.673358750479	0.686229931524	0.672273503192	0.67720289498	0.64253141331	0.658344656317	0.665741847064	0.661022178194	0.635849883522	0.664695441035	0.651675101446	0.690729082759	0.668120899902	0.72119331005	0.680225791023	0.688081111413	0.665954190736	0.6857130662	0.667957781158	0.685894378087	0.683493962764	0.692644022375	0.690252193073	0.657417098592	0.672567092198	0.676927655432	0.681474696832	0.671115234035	0.677891409881
AD3	0.698237732314	0.675359282262	0.76506181769	0.711539760284	0.68547415215	0.674210413978	0.0	0.42961852513	0.668534700715	0.354523359988	0.712694880405	0.674830781771	0.724505597102	0.710045111439	0.693430116152	0.653913024582	0.71834303267	0.696879000381	0.781391056774	0.690277914345	0.719313217171	0.679166979355	0.712520495726	0.695712728309	0.731892077637	0.684992449878	0.711662357613	0.694416051302	0.698924017565	0.679671345589	0.730917694168	0.69868741315	0.709979630171	0.674592156563	0.675274244967	0.671156163824	0.687024571886	0.669648899006	0.639273726729	0.666106220786	0.619939720749	0.679471802695	0.660980521436	0.68566746977	0.694568721353	0.680610669405	0.684701066383	0.665879210298	0.661370328299	0.643010038928	0.701738751849	0.688571696526	0.675496752894	0.669037334938	0.680388778792	0.671399739053	0.67943126381	0.673105359829	0.696310267848	0.654318131637	0.701272493732	0.642476313797
AD4	0.692989027889	0.674220239118	0.771635677402	0.706051019148	0.669543956678	0.657994700233	0.42961852513	0.0	0.612064008724	0.390304123188	0.697084413818	0.661246680919	0.702703813013	0.716933807795	0.693930608054	0.672830421457	0.703378094922	0.683078283198	0.782298225	0.688531433257	0.693991202908	0.681443614134	0.696952600434	0.679175423335	0.737101878188	0.694607981295	0.707903275894	0.688993481938	0.701245574711	0.671029280314	0.704181073297	0.680650181552	0.70891184147	0.667210611887	0.702089504866	0.69049740961	0.680611154916	0.669377428014	0.669232601467	0.669540027933	0.665067864627	0.683852954201	0.677966541374	0.68444794863	0.695795037557	0.685183425124	0.688037044162	0.667693537422	0.673600787814	0.674837705099	0.706118819358	0.685364508731	0.678784219885	0.665114854892	0.664341912138	0.675337468712	0.699424366285	0.697325987111	0.712535548493	0.688102586088	0.680022547998	0.655050066695
AE3	0.63185378476	0.672349270419	0.708661477479	0.682294686991	0.662164670053	0.641330636082	0.668534700715	0.612064008724	0.0	0.647834531234	0.655700535956	0.670615837128	0.68501358736	0.66845927511	0.663667527798	0.650882639131	0.658442394998	0.671146914451	0.768699954699	0.670266761682	0.718688886829	0.698371238876	0.661817576179	0.684605324236	0.741442551309	0.684077370075	0.679002180392	0.710409064146	0.658164492784	0.678859085384	0.728371150177	0.675483513407	0.613054684591	0.704043823203	0.672952738194	0.701564995656	0.656333674817	0.684588065463	0.670243766964	0.689201903351	0.683395251854	0.660127566889	0.688471279945	0.667985243952	0.722041661898	0.716601797199	0.696899391208	0.705074090434	0.697159486004	0.699850983047	0.702189583423	0.715701694865	0.67820163832	0.684403283993	0.654441750511	0.704048474615	0.684402538253	0.723509561519	0.706514066083	0.709401586042	0.64832844998	0.70908617746
AE4	0.689231160749	0.664835698954	0.77749455677	0.703344308176	0.665499685399	0.667593330305	0.354523359988	0.390304123188	0.647834531234	0.0	0.702823576198	0.662338799239	0.704919662509	0.712265610496	0.693335116826	0.657564086466	0.712321608111	0.683876408886	0.779710834883	0.676562577035	0.719629354761	0.65677350933	0.706238670654	0.688999901181	0.729077984229	0.68911006143	0.690723867121	0.682352413003	0.695602150912	0.662210968075	0.716675988437	0.681593234591	0.70171018177	0.665282352711	0.690149831985	0.673964161582	0.697246179374	0.677974799931	0.63243245868	0.66161192513	0.621587788388	0.693576964338	0.672724467137	0.6651002935	0.695784745002	0.680480711173	0.681283589645	0.660799983178	0.664800763051	0.658483779703	0.694367478744	0.672456731887	0.673967364033	0.65604202929	0.667068709718	0.66516977723	0.685480724097	0.67924120409	0.702008479859	0.665446060937	0.699925870416	0.639304582265
AF3	0.652147095476	0.663024876179	0.712184636214	0.678060704928	0.693138330931	0.524486122489	0.712694880405	0.697084413818	0.655700535956	0.702823576198	0.0	0.56540654867	0.673627964981	0.680386379146	0.671637049212	0.670274044378	0.684841892951	0.67742769492	0.762449214012	0.685812299272	0.686301235576	0.699788009429	0.676974196578	0.700236981444	0.765158033342	0.722968808706	0.695940693846	0.719112387118	0.70298780369	0.682736296969	0.712819858421	0.683339841944	0.640146753423	0.689589836361	0.681527274429	0.683180792048	0.66404242074	0.665662375046	0.679546272974	0.684710958383	0.691975782094	0.673674242326	0.678174200624	0.661943766637	0.702952252742	0.686807778872	0.717165786298	0.716022618948	0.689895184396	0.714292643473	0.715431155919	0.715510967956	0.687263271631	0.690116057094	0.700181265127	0.710458504523	0.670284524593	0.730471118554	0.672179492994	0.718043132955	0.651138424981	0.719357453516
AF4	0.677441889899	0.645254682667	0.748102093076	0.684109077885	0.429384933404	0.381306953341	0.674830781771	0.661246680919	0.670615837128	0.662338799239	0.56540654867	0.0	0.695898778163	0.697065592466	0.685827726937	0.644197189261	0.696456641023	0.669128403673	0.762557547318	0.660620877788	0.7049095787	0.678829628494	0.708234685203	0.697166676568	0.734949173639	0.705471867832	0.710816132789	0.698633060773	0.703620162293	0.676146095715	0.741700783545	0.677567779035	0.683318046135	0.667414358195	0.695273060213	0.670106281181	0.691456347463	0.651778019602	0.684678998111	0.66223358863	0.668360147222	0.650174222469	0.675463187605	0.661958018304	0.697687380831	0.663112572356	0.714098588093	0.681120025571	0.68889254277	0.673815177718	0.695191045471	0.681121484776	0.689546502558	0.673048987132	0.689652234104	0.67603948908	0.68906578584	0.691006374909	0.688469407699	0.683069781377	0.677474459261	0.695301606565
AG3	0.650174588677	0.675983883575	0.7296621911	0.429932147507	0.694817981599	0.685931639929	0.724505597102	0.702703813013	0.68501358736	0.704919662509	0.673627964981	0.695898778163	0.0	0.541803445929	0.683521651413	0.671137546134	0.680520144619	0.686657080849	0.778565451592	0.701485414969	0.687889219897	0.688128696009	0.676239613977	0.689126746741	0.728755268134	0.701313452823	0.688325674207	0.701029631837	0.692202756157	0.694413010447	0.737672676738	0.703761065471	0.67434127069	0.702259303019	0.70148283089	0.682031019276	0.702816256066	0.686269800028	0.687618633038	0.706997142974	0.709724870977	0.661246780673	0.67970839414	0.67105291245	0.719252570285	0.720476547694	0.701910623842	0.705218908486	0.652030340961	0.713179591461	0.710472877918	0.713577669499	0.675415295698	0.681819755633	0.695477538483	0.690651074655	0.707950012357	0.733609532285	0.702668204412	0.710589904943	0.681259906105	0.712873606563
AG4	0.616937870254	0.642848909037	0.605994151776	0.480802076918	0.689048994279	0.683446685329	0.710045111439	0.716933807795	0.66845927511	0.712265610496	0.680386379146	0.697065592466	0.541803445929	0.0	0.665392797286	0.632244867527	0.706826495805	0.702326008812	0.745050357076	0.679053919873	0.709200523731	0.694523668541	0.690170666025	0.712918859965	0.723457040142	0.710898749482	0.673779457703	0.70391988093	0.693524574317	0.691240569644	0.751238029297	0.71297745856	0.705254112179	0.729617173723	0.68982805415	0.702248337397	0.69343204009	0.681245643432	0.673211736182	0.69999250866	0.703256920271	0.650190711232	0.675742731013	0.681785319525	0.733930531642	0.728723728076	0.689339571447	0.691446076467	0.648149403805	0.689117791846	0.698090658776	0.715201897318	0.687274201507	0.705566629127	0.716673349174	0.710518583448	0.701725114467	0.722022961859	0.701389938646	0.690597260696	0.6787342737	0.718450077171
AH3	0.679717174773	0.504139940714	0.714979017066	0.660329457337	0.675669507218	0.683389015508	0.693430116152	0.693930608054	0.663667527798	0.693335116826	0.671637049212	0.685827726937	0.683521651413	0.665392797286	0.0	0.545257844275	0.67403870846	0.692500385266	0.778505627198	0.709597088591	0.71865759115	0.692185971661	0.689584056839	0.691587369543	0.733514595291	0.698126712683	0.704133057517	0.710429917214	0.710129804351	0.693195069511	0.751436348247	0.69274712565	0.667645771152	0.719208173366	0.694870262771	0.686692943934	0.678488085982	0.670519687911	0.676862205935	0.69593444946	0.684267681938	0.677201737491	0.676896779531	0.678265176527	0.725942697487	0.711196367135	0.699685706416	0.692422138547	0.690823352768	0.704774335995	0.705658256772	0.732400995079	0.698221049589	0.697700071719	0.680439721098	0.702067469485	0.703216988853	0.725406695354	0.710208005648	0.696320149195	0.690242970784	0.699265255412
AH4	0.480655792509	0.381092231203	0.710261152467	0.650122476233	0.662926623929	0.611186589147	0.653913024582	0.672830421457	0.650882639131	0.657564086466	0.670274044378	0.644197189261	0.671137546134	0.632244867527	0.545257844275	0.0	0.686081661657	0.681058833647	0.777703088349	0.670299048285	0.714724393901	0.66783644367	0.674169137755	0.680348414314	0.733243741622	0.672651839864	0.657596314681	0.671747004446	0.668314731859	0.666601979495	0.7510074682	0.68577183129	0.664434458917	0.688886614623	0.668393440505	0.668864568883	0.672123673467	0.648644786939	0.644611449464	0.672744642627	0.639196773787	0.654618237948	0.650640226171	0.647050943204	0.689471806347	0.673783247582	0.669282742603	0.645136601141	0.651149110367	0.657404334848	0.642608933499	0.677017072545	0.647534084833	0.649207297737	0.674737182579	0.651005682504	0.663442280962	0.668749286889	0.670434726974	0.64394641184	0.663951513822	0.644020221802
AA7	0.677006458343	0.700057922284	0.727727221094	0.690472817255	0.677311218586	0.675850475462	0.71834303267	0.703378094922	0.658442394998	0.712321608111	0.684841892951	0.696456641023	0.680520144619	0.706826495805	0.67403870846	0.686081661657	0.0	0.518309496138	0.772008828315	0.703902189893	0.650508497013	0.668122361512	0.664792847737	0.678963055368	0.703658689754	0.699990095303	0.67309625822	0.671559520648	0.678291794228	0.676823835574	0.711366931589	0.558879318351	0.647843884706	0.725244423813	0.711943876207	0.715483111235	0.656301266742	0.689442485629	0.707759970574	0.746925400483	0.733452524436	0.688420992381	0.698550271939	0.712808904054	0.727540075926	0.728309374944	0.738936158457	0.729913168155	0.708337636104	0.740723223489	0.69810722032	0.737770995128	0.692891293504	0.706843273667	0.677717581915	0.717411714703	0.736301270387	0.742791911468	0.742655004927	0.743929736509	0.696036428884	0.725499316866
AA8	0.674568273768	0.698925320448	0.734063502845	0.686107720208	0.676970436067	0.667327241462	0.696879000381	0.683078283198	0.671146914451	0.683876408886	0.67742769492	0.669128403673	0.686657080849	0.702326008812	0.692500385266	0.681058833647	0.518309496138	0.0	0.771892866095	0.655608206498	0.634712165456	0.643070200273	0.667515381625	0.664914494642	0.696039502148	0.678887831133	0.671618783183	0.655799470179	0.657020732957	0.647091552244	0.536392727635	0.405944118427	0.660290918987	0.714584213638	0.712238921386	0.702492555752	0.689054879162	0.687713105044	0.689179017676	0.713245812293	0.711091877499	0.677996998188	0.69363846486	0.697698694947	0.714667701703	0.708849813358	0.724407014561	0.699862257611	0.69550794621	0.725180776431	0.715237253175	0.72926140612	0.67870310615	0.685778735856	0.689263908254	0.701368383436	0.740010133095	0.735145276859	0.74172525325	0.725942516867	0.699505988053	0.713899356095
AB7	0.758573726661	0.77466227835	0.738369458374	0.756557653489	0.748574519777	0.764490220571	0.781391056774	0.782298225	0.768699954699	0.779710834883	0.762449214012	0.762557547318	0.778565451592	0.745050357076	0.778505627198	0.777703088349	0.772008828315	0.771892866095	0.0	0.562645179372	0.756464125848	0.760277589769	0.78191243402	0.793422241337	0.752624991248	0.782481226924	0.778704971516	0.789647593958	0.758886186136	0.631558158069	0.765279178284	0.774679251402	0.794564413673	0.792547689976	0.777432993019	0.782976662016	0.770231587778	0.765325491464	0.783812225693	0.789341751449	0.804475480101	0.745049214926	0.758610325103	0.776844126101	0.810673423435	0.799473736065	0.821222451609	0.797283625879	0.784994602574	0.797602893672	0.817949667654	0.814631704193	0.797556205781	0.793984410767	0.786090216821	0.799602230872	0.801552597728	0.80127723057	0.809493551051	0.797327370313	0.791769560237	0.813561433428
AB8	0.680956737631	0.698729266883	0.709613458158	0.680132850264	0.677340290178	0.665714107518	0.690277914345	0.688531433257	0.670266761682	0.676562577035	0.685812299272	0.660620877788	0.701485414969	0.679053919873	0.709597088591	0.670299048285	0.703902189893	0.655608206498	0.562645179372	0.0	0.665615349235	0.632762838567	0.674068280676	0.670967309633	0.707375973997	0.678078055378	0.661284093339	0.659012528739	0.516684507695	0.414069622515	0.696222344309	0.649301366713	0.700197266566	0.687447836847	0.706754675649	0.689151207675	0.679187760223	0.661957229116	0.675063414053	0.675890884016	0.685463695678	0.663348616375	0.682886426436	0.653636356229	0.701323706503	0.687149564601	0.729901053605	0.683767273976	0.678743815759	0.695269949358	0.69239410174	0.72732603921	0.660598458499	0.677162546674	0.680687422353	0.666962575512	0.696604103622	0.712921026623	0.705896512724	0.697510081491	0.69063901243	0.703366850067
AC7	0.698550752369	0.708537547243	0.731295000585	0.681981099115	0.704065235145	0.703822241428	0.719313217171	0.693991202908	0.718688886829	0.719629354761	0.686301235576	0.7049095787	0.687889219897	0.709200523731	0.71865759115	0.714724393901	0.650508497013	0.634712165456	0.756464125848	0.665615349235	0.0	0.496336559845	0.675057186656	0.671305209423	0.691758807519	0.686009767916	0.681598405457	0.591149108359	0.643471353072	0.63995916535	0.661621670308	0.640395391011	0.706936798457	0.693502096932	0.729128974757	0.736243759602	0.70128574319	0.696303219385	0.705673776801	0.733426887964	0.73128961049	0.708121890344	0.716752784834	0.715029206653	0.70019897563	0.695818426509	0.750187734269	0.73864279072	0.690879601034	0.733350131683	0.756076399002	0.747821036847	0.699616120817	0.677560904111	0.679828694382	0.703970386692	0.746042252869	0.727872823356	0.745362952855	0.728401815447	0.699225175421	0.730080234035
AC8	0.683956062153	0.666210089072	0.746125265349	0.667082289288	0.674611826644	0.667714317009	0.679166979355	0.681443614134	0.698371238876	0.65677350933	0.699788009429	0.678829628494	0.688128696009	0.694523668541	0.692185971661	0.66783644367	0.668122361512	0.643070200273	0.760277589769	0.632762838567	0.496336559845	0.0	0.678958327311	0.643893980467	0.696422540612	0.655646885492	0.512770005856	0.444691518204	0.636494260933	0.618380973706	0.701281363723	0.637731948015	0.68813349752	0.649564702959	0.699520264514	0.688401708513	0.681590492921	0.662979310178	0.657057806172	0.69782954519	0.681045194582	0.676451402552	0.672936410222	0.667410834657	0.664687554487	0.658252801415	0.713251463991	0.692422199809	0.653338261305	0.687656277027	0.695212041528	0.680789929836	0.663657753105	0.625543912752	0.655870493487	0.651706597602	0.692714391283	0.677979459323	0.701951739425	0.681376715744	0.67741594665	0.673067710662
AD7	0.663983413052	0.689147297101	0.726442922519	0.684472355735	0.726641324743	0.694126533498	0.712520495726	0.696952600434	0.661817576179	0.706238670654	0.676974196578	0.708234685203	0.676239613977	0.690170666025	0.689584056839	0.674169137755	0.664792847737	0.667515381625	0.78191243402	0.674068280676	0.675057186656	0.678958327311	0.0	0.456393951029	0.708086446084	0.506361314872	0.664325102854	0.666995865687	0.662706321616	0.657639514487	0.696990008543	0.659492109389	0.656678492103	0.694680181854	0.719699854888	0.70715605577	0.695317181947	0.683617083573	0.692309828269	0.724447856459	0.714361962534	0.674628287883	0.691246821025	0.681894343126	0.704258648518	0.703498629066	0.722890738873	0.698108635173	0.674746512607	0.716211347192	0.684294508024	0.728838812429	0.683378494041	0.67604763672	0.656023246029	0.693872751178	0.699324924029	0.722735883383	0.711684003176	0.718744206673	0.660616119334	0.712918231724
AD8	0.698048968346	0.693812147051	0.759767589566	0.699428372325	0.713326331466	0.692870630859	0.695712728309	0.679175423335	0.684605324236	0.688999901181	0.700236981444	0.697166676568	0.689126746741	0.712918859965	0.691587369543	0.680348414314	0.678963055368	0.664914494642	0.793422241337	0.670967309633	0.671305209423	0.643893980467	0.456393951029	0.0	0.580479729651	0.384399714482	0.639192119187	0.64443279611	0.666868391231	0.643777300861	0.697341961038	0.646211230132	0.672476437752	0.690838314472	0.724638561706	0.700584111974	0.70146512187	0.694338998705	0.703696245566	0.714393639157	0.710947675902	0.686896869894	0.685534351378	0.675785439002	0.69730030655	0.695833454528	0.713899410189	0.699650838285	0.672926687227	0.710206351505	0.695820943216	0.72290779725	0.672918108034	0.657269987117	0.654379131309	0.676339542198	0.707961062396	0.724707078278	0.712708185029	0.707439303124	0.67664335197	0.706863100318
AE7	0.732186775818	0.730406760896	0.738930394544	0.732734236435	0.714985970915	0.753728697637	0.731892077637	0.737101878188	0.741442551309	0.729077984229	0.765158033342	0.734949173639	0.728755268134	0.723457040142	0.733514595291	0.733243741622	0.703658689754	0.696039502148	0.752624991248	0.707375973997	0.691758807519	0.696422540612	0.708086446084	0.580479729651	0.0	0.517624332738	0.709540043564	0.700819695167	0.70007904496	0.68690787564	0.734367898641	0.699506073377	0.739847835685	0.750031749744	0.743027395774	0.742020167346	0.736358145845	0.742723465488	0.753756441367	0.756271910209	0.753983339073	0.736893395266	0.708121618481	0.73218572269	0.758499493285	0.761180670434	0.770472724266	0.773038657726	0.722925846814	0.761484396914	0.772297128094	0.788648714268	0.746524239792	0.734393811706	0.736113876982	0.754363650072	0.78346820438	0.796449687587	0.786935244892	0.763718951791	0.744560121113	0.775368629458
AE8	0.698868629528	0.695678753903	0.75805238498	0.705514634865	0.706383169485	0.695393964896	0.684992449878	0.694607981295	0.684077370075	0.68911006143	0.722968808706	0.705471867832	0.701313452823	0.710898749482	0.698126712683	0.672651839864	0.699990095303	0.678887831133	0.782481226924	0.678078055378	0.686009767916	0.655646885492	0.506361314872	0.384399714482	0.517624332738	0.0	0.6593357478	0.656824098267	0.666685188087	0.657704724493	0.713577767777	0.676634097006	0.673805221041	0.698455861714	0.715930415272	0.709245601612	0.717099407206	0.698219509468	0.712023190006	0.719436696337	0.710240812905	0.694377795311	0.699632604089	0.676878791236	0.711703260588	0.711741600937	0.716211511725	0.696783376788	0.684137901651	0.700963733062	0.70853604906	0.725298646945	0.688015074334	0.671534418735	0.671037476774	0.683820247842	0.703507011927	0.724014596772	0.728276837673	0.700773005481	0.688168602506	0.698320343734
AF7	0.668384615581	0.671966871301	0.709437046245	0.682599275809	0.704793919299	0.679617796906	0.711662357613	0.707903275894	0.679002180392	0.690723867121	0.695940693846	0.710816132789	0.688325674207	0.673779457703	0.704133057517	0.657596314681	0.67309625822	0.671618783183	0.778704971516	0.661284093339	0.681598405457	0.512770005856	0.664325102854	0.639192119187	0.709540043564	0.6593357478	0.0	0.431155878943	0.656458237754	0.666359779452	0.72042836993	0.673283140728	0.683419980778	0.710370068785	0.699895576637	0.696602098465	0.687844022651	0.688289876293	0.666739536613	0.695013350291	0.688803289967	0.681654683148	0.687250950414	0.673460296695	0.710515042997	0.714865901941	0.714720584202	0.689577624524	0.676490589563	0.701154221049	0.68516768304	0.706188657376	0.679600621073	0.661270609529	0.678095895996	0.667601506391	0.69187842797	0.720630048005	0.696329227903	0.704253026359	0.660834899813	0.696255202653
AF8	0.687539950454	0.674599291523	0.751737490399	0.683745454989	0.694463994391	0.694814716519	0.694416051302	0.688993481938	0.710409064146	0.682352413003	0.719112387118	0.698633060773	0.701029631837	0.70391988093	0.710429917214	0.671747004446	0.671559520648	0.655799470179	0.789647593958	0.659012528739	0.591149108359	0.444691518204	0.666995865687	0.64443279611	0.700819695167	0.656824098267	0.431155878943	0.0	0.645136155465	0.631725545183	0.697900270549	0.635012219979	0.703203174647	0.679723162025	0.704815620992	0.704579922493	0.675758763172	0.672390414426	0.675085550674	0.704024160246	0.686809174165	0.690052886931	0.684050553041	0.680285742051	0.688729494033	0.689177593984	0.71091647534	0.695335719902	0.645381582192	0.682798559255	0.685022793135	0.697021385918	0.652969457755	0.630859281055	0.658076682403	0.646432915343	0.700355282135	0.69990367292	0.707450525521	0.687063230626	0.672379720748	0.687359193931
AG7	0.698405959774	0.711882020543	0.698166071258	0.680928838713	0.716368013127	0.688275734083	0.698924017565	0.701245574711	0.658164492784	0.695602150912	0.70298780369	0.703620162293	0.692202756157	0.693524574317	0.710129804351	0.668314731859	0.678291794228	0.657020732957	0.758886186136	0.516684507695	0.643471353072	0.636494260933	0.662706321616	0.666868391231	0.70007904496	0.666685188087	0.656458237754	0.645136155465	0.0	0.462968015491	0.688526193589	0.64889246719	0.671898324045	0.709471061255	0.701296584501	0.687261879482	0.67455105107	0.673052176601	0.684758492738	0.702870317902	0.701257768635	0.69862337024	0.693129548077	0.660406499732	0.701867499477	0.695992491304	0.733188650101	0.698251397587	0.679562245085	0.710774289586	0.69527856712	0.738076332448	0.672569230743	0.683477727234	0.689705073825	0.690526823344	0.696332473972	0.721573512295	0.70898047919	0.698164209498	0.67258268816	0.712653853834
AG8	0.676233658259	0.680917504919	0.722032007611	0.667878065838	0.670270817211	0.665625665357	0.679671345589	0.671029280314	0.678859085384	0.662210968075	0.682736296969	0.676146095715	0.694413010447	0.691240569644	0.693195069511	0.666601979495	0.676823835574	0.647091552244	0.631558158069	0.414069622515	0.63995916535	0.618380973706	0.657639514487	0.643777300861	0.68690787564	0.657704724493	0.666359779452	0.631725545183	0.462968015491	0.0	0.693687126537	0.621885143577	0.673534029514	0.668867307278	0.691552239267	0.672322120966	0.640853480163	0.631550866725	0.666516732054	0.676743568796	0.674602692024	0.668621427929	0.651933061614	0.63882977267	0.685827924562	0.676003834785	0.725004601141	0.67735282585	0.658977057105	0.694310514583	0.700475017991	0.718509263391	0.649889129613	0.645265651	0.664898398278	0.677905848846	0.686955820578	0.705370810781	0.690987077514	0.691142934115	0.675585228601	0.695138991254
AH7	0.729958481387	0.754792709571	0.765240351713	0.72909093642	0.744456310398	0.741668371114	0.730917694168	0.704181073297	0.728371150177	0.716675988437	0.712819858421	0.741700783545	0.737672676738	0.751238029297	0.751436348247	0.7510074682	0.711366931589	0.536392727635	0.765279178284	0.696222344309	0.661621670308	0.701281363723	0.696990008543	0.697341961038	0.734367898641	0.713577767777	0.72042836993	0.697900270549	0.688526193589	0.693687126537	0.0	0.519222788678	0.717265798966	0.761066221045	0.770479897489	0.7562230794	0.743353962261	0.738391839908	0.75707654379	0.749936683492	0.761915278063	0.731882054183	0.7541769164	0.743745649278	0.772725149882	0.770102201703	0.773218586231	0.750756867196	0.738913050987	0.774655335246	0.780655112518	0.786173017732	0.741159136518	0.735446089287	0.729976437316	0.742850011689	0.775941070749	0.799077806682	0.786874639437	0.765681380662	0.748231409927	0.735866947004
AH8	0.690594562561	0.689343747282	0.754145083244	0.688307930117	0.681663546896	0.674143980832	0.69868741315	0.680650181552	0.675483513407	0.681593234591	0.683339841944	0.677567779035	0.703761065471	0.71297745856	0.69274712565	0.68577183129	0.558879318351	0.405944118427	0.774679251402	0.649301366713	0.640395391011	0.637731948015	0.659492109389	0.646211230132	0.699506073377	0.676634097006	0.673283140728	0.635012219979	0.64889246719	0.621885143577	0.519222788678	0.0	0.66489132529	0.700106615273	0.708257323173	0.698370623017	0.672352144003	0.676002715016	0.683468003613	0.697335972099	0.690116468403	0.681798064783	0.6896153299	0.690581298544	0.705677063255	0.696092012514	0.71213103387	0.687997947509	0.683209746204	0.713259805785	0.716275452875	0.72635470063	0.670681056145	0.669616539282	0.669552990453	0.679697129758	0.725046528549	0.731074933568	0.734299618905	0.713761328545	0.687304074766	0.702629277058
AA5	0.653990768426	0.674002656176	0.718471177086	0.682774382301	0.674448208215	0.664730751434	0.709979630171	0.70891184147	0.613054684591	0.70171018177	0.640146753423	0.683318046135	0.67434127069	0.705254112179	0.667645771152	0.664434458917	0.647843884706	0.660290918987	0.794564413673	0.700197266566	0.706936798457	0.68813349752	0.656678492103	0.672476437752	0.739847835685	0.673805221041	0.683419980778	0.703203174647	0.671898324045	0.673534029514	0.717265798966	0.66489132529	0.0	0.592330895908	0.684432112838	0.677051954979	0.647831155141	0.653272889763	0.680082720927	0.704727927665	0.69036646057	0.659876623652	0.654071647034	0.638790017121	0.714790406868	0.670795915938	0.700671098332	0.716005938589	0.68546683058	0.688768236653	0.693571286792	0.716728527073	0.669444175444	0.686381199365	0.658792644396	0.694263361346	0.661693842778	0.709882155932	0.673038929739	0.692005220585	0.654124266177	0.703956390044
AA6	0.686846788327	0.670017629679	0.788277793986	0.700826841406	0.696697309969	0.673358750479	0.674592156563	0.667210611887	0.704043823203	0.665282352711	0.689589836361	0.667414358195	0.702259303019	0.729617173723	0.719208173366	0.688886614623	0.725244423813	0.714584213638	0.792547689976	0.687447836847	0.693502096932	0.649564702959	0.694680181854	0.690838314472	0.750031749744	0.698455861714	0.710370068785	0.679723162025	0.709471061255	0.668867307278	0.761066221045	0.700106615273	0.592330895908	0.0	0.699204788215	0.682741035363	0.660183437863	0.623156749403	0.670572855999	0.687187521702	0.667202486198	0.674508425995	0.645641109313	0.658676651626	0.472738850123	0.419350866508	0.693382357995	0.690852944274	0.651493854025	0.669920942479	0.687042411137	0.673716780378	0.665075377851	0.657019274626	0.676251694384	0.675767879971	0.672980362233	0.677319560351	0.683151928916	0.681448685353	0.662122392331	0.682149649968
AB5	0.681180485612	0.670095529129	0.73629016006	0.696072923535	0.700853899445	0.686229931524	0.675274244967	0.702089504866	0.672952738194	0.690149831985	0.681527274429	0.695273060213	0.70148283089	0.68982805415	0.694870262771	0.668393440505	0.711943876207	0.712238921386	0.777432993019	0.706754675649	0.729128974757	0.699520264514	0.719699854888	0.724638561706	0.743027395774	0.715930415272	0.699895576637	0.704815620992	0.701296584501	0.691552239267	0.770479897489	0.708257323173	0.684432112838	0.699204788215	0.0	0.435988236897	0.64836707459	0.679664142357	0.670490586767	0.652482408655	0.659230836788	0.683475999011	0.683698310415	0.658903850435	0.70850465121	0.688570095031	0.663028439018	0.705238234202	0.676616685862	0.691860736572	0.689570993891	0.699308168639	0.666006705688	0.692675102898	0.69651029006	0.686461181878	0.699351111565	0.68716865763	0.708860868144	0.699389025844	0.653002245479	0.682923925929
AB6	0.691482851739	0.667059770068	0.755123483938	0.6836461264	0.681597953117	0.672273503192	0.671156163824	0.69049740961	0.701564995656	0.673964161582	0.683180792048	0.670106281181	0.682031019276	0.702248337397	0.686692943934	0.668864568883	0.715483111235	0.702492555752	0.782976662016	0.689151207675	0.736243759602	0.688401708513	0.70715605577	0.700584111974	0.742020167346	0.709245601612	0.696602098465	0.704579922493	0.687261879482	0.672322120966	0.7562230794	0.698370623017	0.677051954979	0.682741035363	0.435988236897	0.0	0.66007186831	0.666975826527	0.664881788336	0.643520388842	0.643694856506	0.669598397955	0.664046272473	0.544934380229	0.692605381851	0.668950395256	0.664378158779	0.684022992443	0.66084507651	0.687886979945	0.691276810119	0.680837103606	0.669914806002	0.668559106413	0.680869550673	0.663621305064	0.673377700989	0.69214534016	0.670944624301	0.69024755337	0.669314319901	0.69398401587
AC5	0.638392676956	0.66493612221	0.729896881117	0.677321800684	0.686820520695	0.67720289498	0.687024571886	0.680611154916	0.656333674817	0.697246179374	0.66404242074	0.691456347463	0.702816256066	0.69343204009	0.678488085982	0.672123673467	0.656301266742	0.689054879162	0.770231587778	0.679187760223	0.70128574319	0.681590492921	0.695317181947	0.70146512187	0.736358145845	0.717099407206	0.687844022651	0.675758763172	0.67455105107	0.640853480163	0.743353962261	0.672352144003	0.647831155141	0.660183437863	0.64836707459	0.66007186831	0.0	0.507645583742	0.637319782689	0.667887485622	0.660576114372	0.667850421614	0.568209558202	0.633828041598	0.67195509939	0.644916907377	0.656486512897	0.692654366594	0.629095862082	0.672728121331	0.669473387613	0.663949725547	0.64281286169	0.642554008229	0.633045100192	0.672677611446	0.653280531813	0.680258292909	0.657380517815	0.686207693563	0.647936706226	0.697586436537
AC6	0.66178247175	0.648366664447	0.747391767727	0.652836802203	0.659156411803	0.64253141331	0.669648899006	0.669377428014	0.684588065463	0.677974799931	0.665662375046	0.651778019602	0.686269800028	0.681245643432	0.670519687911	0.648644786939	0.689442485629	0.687713105044	0.765325491464	0.661957229116	0.696303219385	0.662979310178	0.683617083573	0.694338998705	0.742723465488	0.698219509468	0.688289876293	0.672390414426	0.673052176601	0.631550866725	0.738391839908	0.676002715016	0.653272889763	0.623156749403	0.679664142357	0.666975826527	0.507645583742	0.0	0.63613547576	0.661010928914	0.647659315612	0.522442437985	0.457627769859	0.606757394691	0.663379480276	0.631406416232	0.668202085858	0.677634261205	0.633482395089	0.651561112337	0.672835362537	0.665249838772	0.666428397588	0.642953290237	0.658103093661	0.673293236998	0.64530667384	0.685326065176	0.646513217025	0.647361672554	0.651423326952	0.679535537355
AD6	0.650336369498	0.660150250728	0.758992304408	0.67014056857	0.687922917659	0.658344656317	0.639273726729	0.669232601467	0.670243766964	0.63243245868	0.679546272974	0.684678998111	0.687618633038	0.673211736182	0.676862205935	0.644611449464	0.707759970574	0.689179017676	0.783812225693	0.675063414053	0.705673776801	0.657057806172	0.692309828269	0.703696245566	0.753756441367	0.712023190006	0.666739536613	0.675085550674	0.684758492738	0.666516732054	0.75707654379	0.683468003613	0.680082720927	0.670572855999	0.670490586767	0.664881788336	0.637319782689	0.63613547576	0.0	0.558528995494	0.452089325034	0.660403276359	0.630514851556	0.655194488511	0.669549996036	0.663232765717	0.673705486322	0.656760261203	0.645412121984	0.663843481722	0.678388889282	0.689570675365	0.643289323773	0.643750702222	0.664799235246	0.655237780278	0.656851252549	0.694898120102	0.661921460953	0.652045978223	0.648559036206	0.660072061517
AE5	0.692514485705	0.671547815513	0.770276442677	0.694298150629	0.665178943582	0.665741847064	0.666106220786	0.669540027933	0.689201903351	0.66161192513	0.684710958383	0.66223358863	0.706997142974	0.69999250866	0.69593444946	0.672744642627	0.746925400483	0.713245812293	0.789341751449	0.675890884016	0.733426887964	0.69782954519	0.724447856459	0.714393639157	0.756271910209	0.719436696337	0.695013350291	0.704024160246	0.702870317902	0.676743568796	0.749936683492	0.697335972099	0.704727927665	0.687187521702	0.652482408655	0.643520388842	0.667887485622	0.661010928914	0.558528995494	0.0	0.407846791964	0.682509927697	0.657665388503	0.635782464197	0.69351639136	0.685137632585	0.685498867255	0.663529767898	0.654060566528	0.645854372735	0.699111864043	0.697029196204	0.659471231235	0.655094203608	0.662376209011	0.6504369474	0.675094404503	0.712634728361	0.678388949071	0.645825683418	0.646074646685	0.673104170437
AE6	0.676404672148	0.643804131419	0.789076249676	0.698051586625	0.671582549275	0.661022178194	0.619939720749	0.665067864627	0.683395251854	0.621587788388	0.691975782094	0.668360147222	0.709724870977	0.703256920271	0.684267681938	0.639196773787	0.733452524436	0.711091877499	0.804475480101	0.685463695678	0.73128961049	0.681045194582	0.714361962534	0.710947675902	0.753983339073	0.710240812905	0.688803289967	0.686809174165	0.701257768635	0.674602692024	0.761915278063	0.690116468403	0.69036646057	0.667202486198	0.659230836788	0.643694856506	0.660576114372	0.647659315612	0.452089325034	0.407846791964	0.0	0.677228724215	0.638926733515	0.642474328098	0.673314718214	0.664602469545	0.675843550934	0.645704927164	0.636945625554	0.627132955722	0.677235872603	0.673641926572	0.641730103464	0.635298876225	0.662372458139	0.645286361027	0.656877822961	0.68868273386	0.670365928874	0.631333582814	0.635805708592	0.645787651449
AF5	0.66873878694	0.663805574308	0.718411416881	0.634832475916	0.659659580014	0.635849883522	0.679471802695	0.683852954201	0.660127566889	0.693576964338	0.673674242326	0.650174222469	0.661246780673	0.650190711232	0.677201737491	0.654618237948	0.688420992381	0.677996998188	0.745049214926	0.663348616375	0.708121890344	0.676451402552	0.674628287883	0.686896869894	0.736893395266	0.694377795311	0.681654683148	0.690052886931	0.69862337024	0.668621427929	0.731882054183	0.681798064783	0.659876623652	0.674508425995	0.683475999011	0.669598397955	0.667850421614	0.522442437985	0.660403276359	0.682509927697	0.677228724215	0.0	0.500858262308	0.639762524043	0.702939298978	0.668792595827	0.698040416118	0.705244359947	0.662713216325	0.674132261646	0.687524231159	0.706446869369	0.678362844503	0.682285368362	0.690003238346	0.697974697151	0.668870838721	0.715797850716	0.673900417574	0.668491266447	0.65731467664	0.721290270297
AF6	0.67055210385	0.651722617591	0.740317469221	0.656000917598	0.67007759364	0.664695441035	0.660980521436	0.677966541374	0.688471279945	0.672724467137	0.678174200624	0.675463187605	0.67970839414	0.675742731013	0.676896779531	0.650640226171	0.698550271939	0.69363846486	0.758610325103	0.682886426436	0.716752784834	0.672936410222	0.691246821025	0.685534351378	0.708121618481	0.699632604089	0.687250950414	0.684050553041	0.693129548077	0.651933061614	0.7541769164	0.6896153299	0.654071647034	0.645641109313	0.683698310415	0.664046272473	0.568209558202	0.457627769859	0.630514851556	0.657665388503	0.638926733515	0.500858262308	0.0	0.636829929739	0.691887390599	0.667006221068	0.67132738603	0.678097495809	0.647382862291	0.657799997714	0.686898387424	0.673044063755	0.664571494728	0.662771891752	0.681284785746	0.679559291194	0.650307217877	0.683224989674	0.644835945586	0.653678181067	0.65636666258	0.696942531208
