	AA3	AA4	AB3	AB4	AC3	AC4	AD3	AD4	AE3	AE4	AF3	AF4	AG3	AG4	AH3	AH4	AA7	AA8	AB7	AB8	AC7	AC8	AD7	AD8	AE7	AE8	AF7	AF8	AG7	AG8	AH7	AH8	AA5	AA6	AB5	AB6	AC5	AC6	AD6	AE5	AE6	AF5	AF6	AG5	AH5	AH6	AA1	AA2	AB1	AB2	AC1	AC2	AD1	AD2	AE1	AE2	AF1	AF2	AG1	AG2	AH1	AH2
AA3	0.0	0.498393668437	0.6795434509	0.627042577861	0.677803114723	0.646774430619	0.686233408776	0.66709130829	0.646516374455	0.689618751523	0.648395344699	0.65635470213	0.63901643021	0.625471132055	0.667851469269	0.483351669753	0.679298374467	0.691631562536	0.758335067703	0.697303438002	0.699848051036	0.685696142755	0.680891096136	0.680606569452	0.741136682321	0.693125139722	0.664170425892	0.683854249144	0.678653519876	0.692659141016	0.738779423067	0.687892315056	0.635524852514	0.675160408519	0.654354653244	0.672196415636	0.640196897837	0.653887183763	0.657729248172	0.678085122572	0.67632832521	0.65612719635	0.649969848496	0.659127757744	0.697443752191	0.687651365854	0.654518353672	0.673598790746	0.651721012435	0.687935932269	0.671854500619	0.677204099821	0.634003891249	0.662042593761	0.666005199299	0.668774153472	0.655923497453	0.686271843552	0.654312586096	0.693570378603	0.625940106002	0.673357845806
AA4	0.498393668437	0.0	0.696544267083	0.634764947484	0.662902097974	0.650796934762	0.659837429213	0.637489887406	0.664088973707	0.647909314939	0.664247201114	0.649870530175	0.658179949435	0.649768756831	0.502064022372	0.37471376148	0.674291462716	0.689267569911	0.769657920985	0.686975078611	0.718092721869	0.66970825057	0.683401859153	0.685958463946	0.734533996405	0.677763019991	0.654952523525	0.66021583602	0.68631332173	0.684382346079	0.750166071572	0.681999797531	0.658433863	0.68724402068	0.658316816064	0.658810490322	0.664353143853	0.63445095967	0.645225109927	0.666446997114	0.652556815769	0.671932644538	0.65283791131	0.648026020419	0.688381324951	0.686055309715	0.660604981359	0.65667030087	0.668134926329	0.673424232111	0.674763675054	0.668852920011	0.648603888731	0.661598294327	0.66661848143	0.653076844343	0.643082746214	0.663840462081	0.650166839589	0.660241658585	0.645282615475	0.62718315322
AB3	0.6795434509	0.696544267083	0.0	0.638466065216	0.700332245912	0.735404972645	0.752953182123	0.732807991522	0.709186899374	0.759573691564	0.725506139908	0.744925278527	0.707874487806	0.619228872083	0.695891425149	0.689156652871	0.723156197239	0.753341356595	0.716405767207	0.689868532301	0.724998405898	0.737065603088	0.745830649351	0.738204004082	0.732323832937	0.735106215592	0.716881006393	0.732825084223	0.667016022186	0.71132528577	0.757571029103	0.75516703274	0.721606298996	0.7735967208	0.725356753594	0.754259610308	0.708646369965	0.729768075078	0.754299357317	0.750253322835	0.773495545951	0.699180904825	0.695871789113	0.720326136147	0.790754119184	0.784759568183	0.761708209302	0.762676725359	0.731855806801	0.767063179929	0.738734681596	0.773404495918	0.744404259694	0.744918992693	0.719132959798	0.751752096186	0.757327835605	0.782209339174	0.754567471682	0.773073557294	0.734623755879	0.760174176023
AB4	0.627042577861	0.634764947484	0.638466065216	0.0	0.681580373709	0.676322371613	0.70186638587	0.679072274104	0.690555887728	0.705072010657	0.668944389992	0.684694166347	0.424452343824	0.458557876833	0.672532061679	0.638960768648	0.707631788915	0.706852337215	0.74928498633	0.684359101297	0.699679925007	0.688382641931	0.695362796902	0.681769001991	0.733527508232	0.681678218256	0.671874786686	0.686258251389	0.67448818157	0.680166851104	0.741983888306	0.707042960193	0.687127008836	0.713204022221	0.673088815346	0.68583678201	0.66801000105	0.666499952702	0.680406351001	0.685367979409	0.697895978936	0.659035804114	0.650755107154	0.677487467567	0.718854169562	0.716493893113	0.6913932116	0.689365674064	0.658015882756	0.699033815485	0.687502091302	0.700990574607	0.67123000632	0.697691771389	0.684460124911	0.680987916058	0.68343527679	0.712046386177	0.686675675174	0.700803023617	0.675046445092	0.68977961034
AC3	0.677803114723	0.662902097974	0.700332245912	0.681580373709	0.0	0.542648645568	0.673297139757	0.657808474778	0.665030396668	0.663683218724	0.694038760706	0.477871734088	0.690882976107	0.677281965409	0.683000417466	0.671825979395	0.684338449939	0.696427748762	0.745394199189	0.673148441859	0.709686333141	0.689084300298	0.721313372568	0.719752688869	0.717915565385	0.704903963694	0.710279882691	0.69457851741	0.701173075447	0.681912382858	0.732054898097	0.686242256842	0.672822639636	0.692500005168	0.688138754771	0.692551878905	0.691698392816	0.659678046731	0.689621224424	0.653094296773	0.677637639987	0.662261116259	0.636616677845	0.662345928988	0.711957178853	0.717854006779	0.726469004189	0.706609547602	0.681655256031	0.679975766114	0.68814883833	0.691863822261	0.688185826011	0.681846145338	0.676249709061	0.685744839716	0.692757465888	0.709123204704	0.689197471171	0.679168850027	0.67563464801	0.694889796587
AC4	0.646774430619	0.650796934762	0.735404972645	0.676322371613	0.542648645568	0.0	0.675495274493	0.658573956692	0.659029684221	0.664583338952	0.498870188734	0.422553466022	0.671247645023	0.69543728629	0.684014445149	0.65760333799	0.678077703387	0.690559771728	0.760717375893	0.675626220839	0.722426229065	0.68772111113	0.706991354694	0.70093583985	0.76478738113	0.697690869872	0.686812231582	0.696855753186	0.70449082865	0.685350392589	0.757213075545	0.690141926818	0.657314541324	0.65127321648	0.648181599927	0.664916344374	0.66004054037	0.636143148975	0.672392355505	0.649500486851	0.672837453487	0.650158933691	0.634262120378	0.642480233363	0.689251524726	0.678975508228	0.712351116904	0.692800991174	0.70088571942	0.6920156454	0.688257463962	0.667651117779	0.688121899451	0.706550412114	0.696101215689	0.696978915534	0.668349440287	0.685217480165	0.677319424782	0.700433189988	0.650136294849	0.680975393447
AD3	0.686233408776	0.659837429213	0.752953182123	0.70186638587	0.673297139757	0.675495274493	0.0	0.435871364224	0.681338076414	0.329412674634	0.713297121032	0.661291933401	0.716490087297	0.685048752172	0.691819755861	0.674264880769	0.70911042324	0.683079954175	0.773364503382	0.679258675104	0.72429157459	0.685560181597	0.715925586227	0.696595624275	0.739040298673	0.694501795548	0.690757552834	0.667816375232	0.691498184093	0.666289405458	0.726558909927	0.689277557032	0.714097226835	0.683080733787	0.685913616615	0.68960552732	0.685715683236	0.655883404243	0.632342704764	0.654739615606	0.631611066649	0.686008541106	0.663757586539	0.683292455129	0.693299533217	0.692392266529	0.695406807814	0.674335832755	0.68084360898	0.660911133306	0.694001859554	0.68917132109	0.679639888607	0.668551154184	0.689115282567	0.675410540757	0.679393834203	0.685405915368	0.677939052985	0.658863078146	0.706169826879	0.663752331619
AD4	0.66709130829	0.637489887406	0.732807991522	0.679072274104	0.657808474778	0.658573956692	0.435871364224	0.0	0.578222186659	0.412131109465	0.692405435747	0.63815165518	0.692014723231	0.681598800364	0.67793375551	0.661602155985	0.679789206794	0.680713305551	0.783016251354	0.66357326214	0.714095969081	0.687407235902	0.688008307451	0.660439187805	0.731753767854	0.660480046026	0.675715229346	0.656119400914	0.63542167309	0.63293824437	0.745264546699	0.67271853582	0.681373546115	0.664380474877	0.671743030418	0.665726650276	0.65807460331	0.647972862659	0.632004415056	0.630798235672	0.636926832948	0.685269400552	0.655619468192	0.650368958664	0.679501121401	0.677525391724	0.682976617192	0.663671802992	0.661538560846	0.65259646859	0.666794411839	0.689829174363	0.663527539085	0.640462170295	0.643490551464	0.650691472993	0.661276831177	0.673105123698	0.677108083193	0.644542514248	0.670888026817	0.658532149758
AE3	0.646516374455	0.664088973707	0.709186899374	0.690555887728	0.665030396668	0.659029684221	0.681338076414	0.578222186659	0.0	0.643820238298	0.669283376792	0.653171411278	0.678074210571	0.699429587482	0.667469816652	0.693944306878	0.649297360948	0.675251720004	0.767543107302	0.688994386192	0.733825618439	0.720129705241	0.686291172593	0.683570676626	0.7592805249	0.694747370847	0.669719877269	0.702992252754	0.651561227279	0.67396950669	0.730902665357	0.679991386996	0.630646024221	0.717854163727	0.698452254662	0.692977089995	0.669400819895	0.671370950452	0.679850112938	0.674463766009	0.691525149089	0.659299698649	0.681713900723	0.6705079312	0.734781587951	0.723754547652	0.702000604652	0.716684583515	0.709053475099	0.716255276961	0.706577671016	0.71880786443	0.691794363354	0.682434285136	0.659081628875	0.702323817306	0.681463239541	0.700323380895	0.708253217168	0.705833575514	0.666121281671	0.707976533266
AE4	0.689618751523	0.647909314939	0.759573691564	0.705072010657	0.663683218724	0.664583338952	0.329412674634	0.412131109465	0.643820238298	0.0	0.702740409864	0.655145549922	0.711600140319	0.686206695098	0.693736224665	0.667285696263	0.711397194747	0.682177662089	0.775883980577	0.657518403144	0.71625809951	0.677021798258	0.71577089797	0.686321056393	0.736189606541	0.686303484806	0.684292076721	0.662132329545	0.67074668252	0.647518262625	0.716552016021	0.671556570439	0.703783823668	0.66862515859	0.679363669723	0.680031216476	0.688853512883	0.648612439662	0.642694606188	0.644892889463	0.615607462463	0.677426718012	0.66651691325	0.67451959649	0.688099416739	0.679607235131	0.685061343079	0.667875750319	0.68326943944	0.67106027446	0.695883510966	0.689869777561	0.676007342089	0.675590158939	0.688716902051	0.673110366547	0.680947978521	0.685637801293	0.687509289207	0.659104956498	0.703425239407	0.664879090478
AF3	0.648395344699	0.664247201114	0.725506139908	0.668944389992	0.694038760706	0.498870188734	0.713297121032	0.692405435747	0.669283376792	0.702740409864	0.0	0.555701626455	0.665977046966	0.693959334941	0.676348104858	0.675255522628	0.689067199566	0.695959777882	0.759778572972	0.684584489051	0.691356446971	0.70703832115	0.687163654167	0.698361452086	0.771869925758	0.707820695242	0.696157982697	0.723613580622	0.6951654464	0.681849501233	0.719977306657	0.694331896179	0.624816540631	0.68046087306	0.666347324554	0.686005943516	0.657343355043	0.672972179157	0.683021817122	0.6711575859	0.696133239644	0.677019938241	0.679935862463	0.662784167024	0.700690310415	0.69964929691	0.718610565519	0.73183044197	0.696697233071	0.721144470971	0.727719780473	0.719198406125	0.704993495496	0.729883074368	0.701669235004	0.707407057714	0.678318951946	0.741497631069	0.687180044282	0.727646424533	0.653830730292	0.711415081324
AF4	0.65635470213	0.649870530175	0.744925278527	0.684694166347	0.477871734088	0.422553466022	0.661291933401	0.63815165518	0.653171411278	0.655145549922	0.555701626455	0.0	0.695549380498	0.712099157805	0.689556174814	0.662897028565	0.686948432261	0.699869698261	0.781394487136	0.684316407117	0.70756623973	0.687571857765	0.723808478648	0.699743094443	0.75447898098	0.693316539145	0.703221937543	0.701654911452	0.69247634619	0.675286487301	0.759290771267	0.692338003251	0.646595245893	0.648932751206	0.657122098239	0.659529848538	0.671922666028	0.634178590426	0.660415892664	0.631044032423	0.657689621144	0.665877333697	0.649521703232	0.634937915955	0.673750604107	0.674646690916	0.70959440596	0.700255213779	0.68746548868	0.673932023206	0.673897236743	0.675834058846	0.676257566858	0.673159266215	0.683556703914	0.672586840288	0.662721415744	0.681308939063	0.679326397054	0.661241682182	0.662385306183	0.675545277842
AG3	0.63901643021	0.658179949435	0.707874487806	0.424452343824	0.690882976107	0.671247645023	0.716490087297	0.692014723231	0.678074210571	0.711600140319	0.665977046966	0.695549380498	0.0	0.514855325622	0.684687873423	0.66762704149	0.676300590422	0.694920891304	0.769733273696	0.698365172914	0.678431518536	0.692195813242	0.685209196027	0.680195252337	0.736323833353	0.685974589239	0.679798817126	0.702233747123	0.680766427507	0.69274100646	0.729316111765	0.700454705992	0.672108689039	0.702974355467	0.690076871116	0.691573974836	0.683272698815	0.67632979971	0.68709982397	0.688211395558	0.697999777441	0.657271677879	0.672705262075	0.687189049209	0.712530110029	0.705908284835	0.695952400168	0.70395982523	0.662752816999	0.710607763892	0.703683481037	0.703565404728	0.681978661225	0.702158628214	0.690691696065	0.693906235672	0.69939007527	0.725234757485	0.696347343525	0.699841288815	0.675154893199	0.708457846475
AG4	0.625471132055	0.649768756831	0.619228872083	0.458557876833	0.677281965409	0.69543728629	0.685048752172	0.681598800364	0.699429587482	0.686206695098	0.693959334941	0.712099157805	0.514855325622	0.0	0.695570560998	0.650455739458	0.731336980038	0.723519716033	0.72608286058	0.670709298348	0.715741287796	0.69500468361	0.699518350969	0.70303443723	0.726051024522	0.693493838235	0.67800765163	0.69504318539	0.698151030827	0.691369665728	0.740482330932	0.718429308902	0.694952697206	0.726077629583	0.6847128812	0.713884275563	0.697314723413	0.689925699051	0.684700869392	0.690780360243	0.695551918366	0.65378416265	0.661354909364	0.709233708074	0.741123119241	0.740097081192	0.71439973689	0.696625281354	0.663251733525	0.703982992914	0.721661625518	0.713839970898	0.685449784285	0.714918198501	0.715106427161	0.698666791932	0.711584208582	0.741734234649	0.703258071091	0.714531972567	0.683415480984	0.699947964895
AH3	0.667851469269	0.502064022372	0.695891425149	0.672532061679	0.683000417466	0.684014445149	0.691819755861	0.67793375551	0.667469816652	0.693736224665	0.676348104858	0.689556174814	0.684687873423	0.695570560998	0.0	0.531958084842	0.673601039309	0.713164792457	0.773544881299	0.702401411804	0.725250360954	0.711234903695	0.688611027929	0.701474289148	0.7451657903	0.698559548045	0.698115259065	0.704938377686	0.692554847551	0.709520470798	0.755766104845	0.708040350551	0.666170313551	0.727877930385	0.682183225021	0.696493260256	0.662631239051	0.672810512769	0.675009380763	0.692273816507	0.685636665536	0.679243944599	0.678325729833	0.673531539651	0.723634114715	0.712057744893	0.700434815593	0.688351445724	0.694463014583	0.700554810132	0.70094064564	0.725334191336	0.6925886005	0.703252564743	0.665705563391	0.694032947012	0.699978327621	0.718392467039	0.692968896479	0.696482051372	0.69207753005	0.687591413084
AH4	0.483351669753	0.37471376148	0.689156652871	0.638960768648	0.671825979395	0.65760333799	0.674264880769	0.661602155985	0.693944306878	0.667285696263	0.675255522628	0.662897028565	0.66762704149	0.650455739458	0.531958084842	0.0	0.695799091743	0.711900268319	0.775420293028	0.690907857166	0.717209347869	0.675312829688	0.694810697757	0.693732564664	0.749990478641	0.688060512305	0.675293765162	0.683098766167	0.692581400168	0.707222420065	0.751305168568	0.699834511218	0.674186027201	0.698258458336	0.658486935251	0.664128948688	0.668397619928	0.663445707985	0.636607506155	0.674806265982	0.650713635921	0.666728275271	0.655842940373	0.657850814452	0.692887079385	0.678935290262	0.670518637426	0.655411228319	0.673766921118	0.674466230624	0.671736584355	0.688540551426	0.654373853793	0.670026448771	0.668130562756	0.657311731752	0.67202898948	0.677402188395	0.661388184273	0.66495061711	0.652622064807	0.658028220246
AA7	0.679298374467	0.674291462716	0.723156197239	0.707631788915	0.684338449939	0.678077703387	0.70911042324	0.679789206794	0.649297360948	0.711397194747	0.689067199566	0.686948432261	0.676300590422	0.731336980038	0.673601039309	0.695799091743	0.0	0.516302324746	0.777829454521	0.694017455694	0.669455028377	0.684650418284	0.68413244204	0.673062963755	0.719714326088	0.69547425812	0.647759813977	0.668883807865	0.66188098704	0.673174058868	0.721207593142	0.534984230912	0.656141950119	0.728479730725	0.718425314334	0.721371390874	0.692724081098	0.681105080036	0.705447833949	0.736628641004	0.736598491772	0.695350723797	0.692765175906	0.702282723823	0.72785693144	0.723814394813	0.735741003919	0.73573645199	0.721025732654	0.749978921251	0.703264339855	0.737164608833	0.705461358995	0.691989951231	0.678004260797	0.713870226144	0.718024672858	0.725250670529	0.735217093246	0.724725423018	0.690824540691	0.717339136583
AA8	0.691631562536	0.689267569911	0.753341356595	0.706852337215	0.696427748762	0.690559771728	0.683079954175	0.680713305551	0.675251720004	0.682177662089	0.695959777882	0.699869698261	0.694920891304	0.723519716033	0.713164792457	0.711900268319	0.516302324746	0.0	0.77744066998	0.676548749114	0.650756585576	0.651376174469	0.68516791843	0.666786196972	0.713952029067	0.676284984625	0.649091852621	0.635307874999	0.64799849392	0.647069627106	0.561837093344	0.382201273139	0.675071357512	0.718026384697	0.714909386294	0.721841655812	0.70447632241	0.68411468888	0.700909369806	0.713161638089	0.698800952218	0.70599700973	0.694195054588	0.70802528545	0.716001155995	0.713935972662	0.717272612686	0.711419596192	0.713289469195	0.739393507738	0.712325148396	0.73526740808	0.693872764578	0.667281755452	0.672774671543	0.692376816401	0.729449323235	0.727268900556	0.740665077613	0.724203326093	0.702446827202	0.696595310584
AB7	0.758335067703	0.769657920985	0.716405767207	0.74928498633	0.745394199189	0.760717375893	0.773364503382	0.783016251354	0.767543107302	0.775883980577	0.759778572972	0.781394487136	0.769733273696	0.72608286058	0.773544881299	0.775420293028	0.777829454521	0.77744066998	0.0	0.554773522255	0.75042708906	0.762735200289	0.78659098293	0.788900806474	0.745257155194	0.780793945766	0.781945406442	0.777136731435	0.746453032424	0.644266284106	0.761136524555	0.774172117814	0.776522353554	0.799412365848	0.769805961906	0.797241814223	0.769285747991	0.763996734417	0.787731298439	0.784364637177	0.801841982617	0.740486247983	0.747248535367	0.773551979267	0.80436627548	0.791922970533	0.8208277203	0.812936048888	0.783287051581	0.800654715925	0.811833289907	0.806008988551	0.791876619231	0.796635452049	0.786353019386	0.792905734341	0.798817172925	0.831181150683	0.805294887689	0.806105213518	0.783289462289	0.791730357445
AB8	0.697303438002	0.686975078611	0.689868532301	0.684359101297	0.673148441859	0.675626220839	0.679258675104	0.66357326214	0.688994386192	0.657518403144	0.684584489051	0.684316407117	0.698365172914	0.670709298348	0.702401411804	0.690907857166	0.694017455694	0.676548749114	0.554773522255	0.0	0.651549394524	0.636771164679	0.68306261004	0.667862620082	0.701534685531	0.664907588373	0.659902582722	0.651809720918	0.507023628846	0.425204307388	0.691448006086	0.656899551546	0.678807444579	0.702776395707	0.694000629485	0.700890637124	0.67701550945	0.667360720627	0.685934330448	0.684591037999	0.690166470579	0.664258232611	0.65824021937	0.665449205321	0.704297786555	0.694801925645	0.720298335681	0.705758884159	0.684901279094	0.704302447343	0.701402928847	0.714966016636	0.675129664984	0.679839595349	0.680440864054	0.674952156075	0.692829886214	0.738351622099	0.701615706209	0.70559048901	0.67811393373	0.689315873725
AC7	0.699848051036	0.718092721869	0.724998405898	0.699679925007	0.709686333141	0.722426229065	0.72429157459	0.714095969081	0.733825618439	0.71625809951	0.691356446971	0.70756623973	0.678431518536	0.715741287796	0.725250360954	0.717209347869	0.669455028377	0.650756585576	0.75042708906	0.651549394524	0.0	0.516451325245	0.687092737928	0.680768990069	0.70662131185	0.687453121616	0.683972528355	0.615934298032	0.647426588633	0.645556829119	0.66174534036	0.658192597266	0.70127280811	0.711437456157	0.724979344823	0.744567085228	0.713191613267	0.708223251286	0.71822881494	0.71852851613	0.734031547553	0.725954954016	0.708314729711	0.720838039699	0.699908371711	0.699930605085	0.758502428216	0.750486899492	0.699126623423	0.746291983005	0.739584448095	0.752064233693	0.71238116695	0.702403086514	0.701227061181	0.71212714753	0.740229486568	0.763720162498	0.747339039568	0.73234495759	0.704509751712	0.743834158087
AC8	0.685696142755	0.66970825057	0.737065603088	0.688382641931	0.689084300298	0.68772111113	0.685560181597	0.687407235902	0.720129705241	0.677021798258	0.70703832115	0.687571857765	0.692195813242	0.69500468361	0.711234903695	0.675312829688	0.684650418284	0.651376174469	0.762735200289	0.636771164679	0.516451325245	0.0	0.68902824658	0.67034790605	0.716029174991	0.654390220058	0.496591930424	0.409113560411	0.651013029627	0.635370343463	0.713288496366	0.644921683838	0.689871688538	0.670925303802	0.698546991895	0.717454781329	0.693113959688	0.684973276799	0.675701617093	0.701141657401	0.684345327152	0.708588371293	0.677529734014	0.696860947389	0.680151095129	0.670533110897	0.713873811612	0.698127143284	0.671111683399	0.692858726693	0.683585503194	0.685553493203	0.667177297569	0.674794460135	0.662083076549	0.66264047686	0.702155969635	0.708141672469	0.702174447571	0.694522540751	0.666626372038	0.665069145124
AD7	0.680891096136	0.683401859153	0.745830649351	0.695362796902	0.721313372568	0.706991354694	0.715925586227	0.688008307451	0.686291172593	0.71577089797	0.687163654167	0.723808478648	0.685209196027	0.699518350969	0.688611027929	0.694810697757	0.68413244204	0.68516791843	0.78659098293	0.68306261004	0.687092737928	0.68902824658	0.0	0.473044228413	0.723022496215	0.528390208805	0.676115463294	0.68951710171	0.685361202873	0.692428906088	0.705857348236	0.68251294746	0.658388576539	0.709328269726	0.724393341176	0.720636612136	0.695331675988	0.69559061432	0.688145321204	0.704528300931	0.718959806269	0.693384170854	0.698777306894	0.710108681562	0.691975625174	0.714753210047	0.714714605579	0.711345099089	0.681131328045	0.72064576767	0.703175688471	0.729279846122	0.696645054372	0.675887594793	0.667814233249	0.682075136868	0.694619942593	0.728463148072	0.707795258556	0.707859059867	0.668144561416	0.704915502041
AD8	0.680606569452	0.685958463946	0.738204004082	0.681769001991	0.719752688869	0.70093583985	0.696595624275	0.660439187805	0.683570676626	0.686321056393	0.698361452086	0.699743094443	0.680195252337	0.70303443723	0.701474289148	0.693732564664	0.673062963755	0.666786196972	0.788900806474	0.667862620082	0.680768990069	0.67034790605	0.473044228413	0.0	0.637112006777	0.412348215995	0.638561667677	0.644385414211	0.648016576461	0.661725134916	0.699930501495	0.669083459213	0.667805913189	0.690595445081	0.728016682865	0.711479625931	0.698889095159	0.694023062127	0.687602455479	0.709722316004	0.712388910169	0.694486871522	0.68215145646	0.68185533313	0.696943075219	0.684004768081	0.719905386703	0.713403060415	0.683633990257	0.712279154936	0.689144020693	0.722986915836	0.693702699756	0.661376036832	0.648228022204	0.678947558208	0.697699398396	0.720432686215	0.709178156575	0.696500442752	0.679597841173	0.704199352362
AE7	0.741136682321	0.734533996405	0.732323832937	0.733527508232	0.717915565385	0.76478738113	0.739040298673	0.731753767854	0.7592805249	0.736189606541	0.771869925758	0.75447898098	0.736323833353	0.726051024522	0.7451657903	0.749990478641	0.719714326088	0.713952029067	0.745257155194	0.701534685531	0.70662131185	0.716029174991	0.723022496215	0.637112006777	0.0	0.522811106518	0.720073101148	0.719048038054	0.695830556347	0.704868378745	0.744312206242	0.71226646039	0.741948202241	0.760725245467	0.745812664537	0.772425089634	0.741043617646	0.749275988566	0.766729084962	0.769729062542	0.7644964367	0.751667392172	0.746036824089	0.746719879604	0.769616043555	0.771178259141	0.782337125701	0.778295904816	0.736356342061	0.77398436527	0.761640728267	0.789077434527	0.753192120974	0.748162903034	0.748639918094	0.75531739911	0.790184912772	0.799992905852	0.780707985789	0.776573073165	0.757171775366	0.779407224419
AE8	0.693125139722	0.677763019991	0.735106215592	0.681678218256	0.704903963694	0.697690869872	0.694501795548	0.660480046026	0.694747370847	0.686303484806	0.707820695242	0.693316539145	0.685974589239	0.693493838235	0.698559548045	0.688060512305	0.69547425812	0.676284984625	0.780793945766	0.664907588373	0.687453121616	0.654390220058	0.528390208805	0.412348215995	0.522811106518	0.0	0.650184787202	0.648225186179	0.656634044987	0.666523703126	0.710875610585	0.681246547976	0.677973525317	0.694666475643	0.719037868091	0.710534048003	0.704952570154	0.699318619987	0.69768327658	0.716373484356	0.709357664319	0.69568465424	0.689835289018	0.667065806202	0.70457952564	0.704610347425	0.720131905002	0.70529324898	0.688411430183	0.709146101633	0.69575919223	0.721637275916	0.692243157597	0.667252184165	0.672758258565	0.679303360174	0.698801842116	0.712444741274	0.710125056554	0.693705615324	0.686178987658	0.702084812687
AF7	0.664170425892	0.654952523525	0.716881006393	0.671874786686	0.710279882691	0.686812231582	0.690757552834	0.675715229346	0.669719877269	0.684292076721	0.696157982697	0.703221937543	0.679798817126	0.67800765163	0.698115259065	0.675293765162	0.647759813977	0.649091852621	0.781945406442	0.659902582722	0.683972528355	0.496591930424	0.676115463294	0.638561667677	0.720073101148	0.650184787202	0.0	0.42664873944	0.648130470648	0.654203912049	0.716891522858	0.65442755812	0.677450386872	0.711435543462	0.690574906917	0.703905019026	0.683487916958	0.67483589781	0.673741933699	0.698868874174	0.692901880956	0.702393667384	0.685929827806	0.689521468319	0.726909900279	0.723146614173	0.699929128399	0.698403209918	0.689375609486	0.719734569868	0.691995741909	0.712975188703	0.675582554301	0.674664860365	0.661652604441	0.678657944105	0.67604701221	0.717555370455	0.693698546732	0.706360758746	0.671844117716	0.678206736266
AF8	0.683854249144	0.66021583602	0.732825084223	0.686258251389	0.69457851741	0.696855753186	0.667816375232	0.656119400914	0.702992252754	0.662132329545	0.723613580622	0.701654911452	0.702233747123	0.69504318539	0.704938377686	0.683098766167	0.668883807865	0.635307874999	0.777136731435	0.651809720918	0.615934298032	0.409113560411	0.68951710171	0.644385414211	0.719048038054	0.648225186179	0.42664873944	0.0	0.647526959958	0.639776878107	0.696018838995	0.628035414807	0.702804192975	0.694196224272	0.701115923239	0.725811887921	0.688469206748	0.67778835786	0.679051862051	0.700285854698	0.692956285118	0.702273928783	0.669595178398	0.692241853297	0.70829363971	0.69908369691	0.713655904099	0.696676872844	0.670730703256	0.691950349977	0.689230014455	0.715671795699	0.664122723106	0.657759278994	0.659956341484	0.662522064321	0.684798963393	0.706650696248	0.701685075214	0.683841196107	0.67884518729	0.683604727002
AG7	0.678653519876	0.68631332173	0.667016022186	0.67448818157	0.701173075447	0.70449082865	0.691498184093	0.63542167309	0.651561227279	0.67074668252	0.6951654464	0.69247634619	0.680766427507	0.698151030827	0.692554847551	0.692581400168	0.66188098704	0.64799849392	0.746453032424	0.507023628846	0.647426588633	0.651013029627	0.685361202873	0.648016576461	0.695830556347	0.656634044987	0.648130470648	0.647526959958	0.0	0.464165942047	0.689104312896	0.645082794374	0.674239838401	0.706333579914	0.696063367599	0.693213927633	0.663896895156	0.650421139693	0.694365359641	0.698992383142	0.701361112409	0.685979493376	0.661382905245	0.656230591259	0.71321043082	0.702116382374	0.727189219038	0.710976829156	0.687255942029	0.707744880098	0.679725078866	0.733392451237	0.672784996439	0.672486018326	0.667365805632	0.683347722732	0.687061232784	0.725948168299	0.701959052656	0.700158802757	0.66401675388	0.686297701783
AG8	0.692659141016	0.684382346079	0.71132528577	0.680166851104	0.681912382858	0.685350392589	0.666289405458	0.63293824437	0.67396950669	0.647518262625	0.681849501233	0.675286487301	0.69274100646	0.691369665728	0.709520470798	0.707222420065	0.673174058868	0.647069627106	0.644266284106	0.425204307388	0.645556829119	0.635370343463	0.692428906088	0.661725134916	0.704868378745	0.666523703126	0.654203912049	0.639776878107	0.464165942047	0.0	0.695679623111	0.639186445671	0.675786219956	0.695762211296	0.696726225905	0.693557247379	0.663203577301	0.64014324831	0.686953107502	0.699949581118	0.69619133811	0.681436294375	0.655471085482	0.659613148332	0.684940889417	0.684952091766	0.716714331007	0.700702990674	0.681080840226	0.700627279268	0.711108720571	0.716118809124	0.678986083876	0.672771826441	0.678478489583	0.676603415127	0.6775280826	0.730237076535	0.704170897065	0.689306682968	0.676678095618	0.665098229003
AH7	0.738779423067	0.750166071572	0.757571029103	0.741983888306	0.732054898097	0.757213075545	0.726558909927	0.745264546699	0.730902665357	0.716552016021	0.719977306657	0.759290771267	0.729316111765	0.740482330932	0.755766104845	0.751305168568	0.721207593142	0.561837093344	0.761136524555	0.691448006086	0.66174534036	0.713288496366	0.705857348236	0.699930501495	0.744312206242	0.710875610585	0.716891522858	0.696018838995	0.689104312896	0.695679623111	0.0	0.528481892447	0.716825025771	0.766734984693	0.761168467261	0.781597738803	0.751251737645	0.749720944968	0.755261305635	0.754575896847	0.761425438998	0.740940904421	0.740604828453	0.748758797411	0.76625328609	0.758519444069	0.77205765148	0.758674114289	0.743508486845	0.777709901198	0.775319786199	0.796340629616	0.742807837612	0.737802631809	0.73563466498	0.740555059125	0.775109190189	0.798628742174	0.780687179762	0.77412830372	0.752639018398	0.760790755019
AH8	0.687892315056	0.681999797531	0.75516703274	0.707042960193	0.686242256842	0.690141926818	0.689277557032	0.67271853582	0.679991386996	0.671556570439	0.694331896179	0.692338003251	0.700454705992	0.718429308902	0.708040350551	0.699834511218	0.534984230912	0.382201273139	0.774172117814	0.656899551546	0.658192597266	0.644921683838	0.68251294746	0.669083459213	0.71226646039	0.681246547976	0.65442755812	0.628035414807	0.645082794374	0.639186445671	0.528481892447	0.0	0.676057170068	0.71362576648	0.712886208157	0.724086543953	0.704629291884	0.680536018036	0.704519066004	0.711025609134	0.694969909754	0.697658826839	0.687859883916	0.701371295611	0.711991781429	0.704819723194	0.720897094061	0.710543063938	0.710813147085	0.731488592258	0.710217984546	0.733851986894	0.694641671969	0.679888988946	0.684075109251	0.695849541179	0.718893303346	0.729398660657	0.742590931817	0.714129745955	0.693686620671	0.695572232782
AA5	0.635524852514	0.658433863	0.721606298996	0.687127008836	0.672822639636	0.657314541324	0.714097226835	0.681373546115	0.630646024221	0.703783823668	0.624816540631	0.646595245893	0.672108689039	0.694952697206	0.666170313551	0.674186027201	0.656141950119	0.675071357512	0.776522353554	0.678807444579	0.70127280811	0.689871688538	0.658388576539	0.667805913189	0.741948202241	0.677973525317	0.677450386872	0.702804192975	0.674239838401	0.675786219956	0.716825025771	0.676057170068	0.0	0.578371444636	0.679967824649	0.670825961742	0.630036833522	0.637256522309	0.662709669161	0.680053317536	0.697658784958	0.643651347657	0.632558303243	0.646216266494	0.708187630094	0.663849107027	0.688697604962	0.709068943915	0.691163703682	0.703321286242	0.694392673902	0.71713029467	0.67051342212	0.690323009388	0.668231173694	0.6922607022	0.654308999275	0.711269113432	0.669464656952	0.696297048724	0.629035197291	0.693559678325
AA6	0.675160408519	0.68724402068	0.7735967208	0.713204022221	0.692500005168	0.65127321648	0.683080733787	0.664380474877	0.717854163727	0.66862515859	0.68046087306	0.648932751206	0.702974355467	0.726077629583	0.727877930385	0.698258458336	0.728479730725	0.718026384697	0.799412365848	0.702776395707	0.711437456157	0.670925303802	0.709328269726	0.690595445081	0.760725245467	0.694666475643	0.711435543462	0.694196224272	0.706333579914	0.695762211296	0.766734984693	0.71362576648	0.578371444636	0.0	0.683147539577	0.659887706016	0.661690926616	0.631987402171	0.674811360783	0.678285194497	0.672572483614	0.687678131016	0.65413148676	0.664229823948	0.485739454113	0.44686086414	0.689298600601	0.695911571854	0.682059958255	0.690118937604	0.679774833372	0.670316018558	0.671818249669	0.708407497175	0.698770508095	0.69075253182	0.677141761941	0.696007250722	0.690716811615	0.691406760555	0.649420148253	0.672668365121
AB5	0.654354653244	0.658316816064	0.725356753594	0.673088815346	0.688138754771	0.648181599927	0.685913616615	0.671743030418	0.698452254662	0.679363669723	0.666347324554	0.657122098239	0.690076871116	0.6847128812	0.682183225021	0.658486935251	0.718425314334	0.714909386294	0.769805961906	0.694000629485	0.724979344823	0.698546991895	0.724393341176	0.728016682865	0.745812664537	0.719037868091	0.690574906917	0.701115923239	0.696063367599	0.696726225905	0.761168467261	0.712886208157	0.679967824649	0.683147539577	0.0	0.414982180734	0.642197535925	0.664915859483	0.666508746495	0.623847950621	0.640116364695	0.681579685956	0.666594118891	0.652338541492	0.705703126933	0.689806173135	0.658978449352	0.678909936091	0.686785925205	0.700801981979	0.68481564933	0.700900352128	0.650287744921	0.704038747719	0.697443114725	0.675726928655	0.694551715088	0.695907991634	0.703260166998	0.706495226865	0.644398898437	0.696632451886
AB6	0.672196415636	0.658810490322	0.754259610308	0.68583678201	0.692551878905	0.664916344374	0.68960552732	0.665726650276	0.692977089995	0.680031216476	0.686005943516	0.659529848538	0.691573974836	0.713884275563	0.696493260256	0.664128948688	0.721371390874	0.721841655812	0.797241814223	0.700890637124	0.744567085228	0.717454781329	0.720636612136	0.711479625931	0.772425089634	0.710534048003	0.703905019026	0.725811887921	0.693213927633	0.693557247379	0.781597738803	0.724086543953	0.670825961742	0.659887706016	0.414982180734	0.0	0.657811257669	0.649025329511	0.666747956325	0.639139936245	0.652883330436	0.670070457993	0.657431106321	0.559286024494	0.680451303649	0.67373424109	0.658989556334	0.692173027769	0.684134897971	0.682337504285	0.674657866851	0.686202130598	0.662319123452	0.693724839326	0.697716400809	0.666610896535	0.668530368791	0.689674467571	0.674741569115	0.67638966171	0.63632954601	0.682909161641
AC5	0.640196897837	0.664353143853	0.708646369965	0.66801000105	0.691698392816	0.66004054037	0.685715683236	0.65807460331	0.669400819895	0.688853512883	0.657343355043	0.671922666028	0.683272698815	0.697314723413	0.662631239051	0.668397619928	0.692724081098	0.70447632241	0.769285747991	0.67701550945	0.713191613267	0.693113959688	0.695331675988	0.698889095159	0.741043617646	0.704952570154	0.683487916958	0.688469206748	0.663896895156	0.663203577301	0.751251737645	0.704629291884	0.630036833522	0.661690926616	0.642197535925	0.657811257669	0.0	0.490222801336	0.645156141	0.656192922933	0.660589897164	0.675000947367	0.595558819701	0.641952501595	0.668400931119	0.669763888449	0.654574831122	0.679230781962	0.633713630997	0.681371731133	0.654853966514	0.661777235814	0.637261358291	0.671996587223	0.632328716736	0.661713240558	0.636545054665	0.686377723733	0.64140667625	0.692822314575	0.628125182475	0.687369716208
AC6	0.653887183763	0.63445095967	0.729768075078	0.666499952702	0.659678046731	0.636143148975	0.655883404243	0.647972862659	0.671370950452	0.648612439662	0.672972179157	0.634178590426	0.67632979971	0.689925699051	0.672810512769	0.663445707985	0.681105080036	0.68411468888	0.763996734417	0.667360720627	0.708223251286	0.684973276799	0.69559061432	0.694023062127	0.749275988566	0.699318619987	0.67483589781	0.67778835786	0.650421139693	0.64014324831	0.749720944968	0.680536018036	0.637256522309	0.631987402171	0.664915859483	0.649025329511	0.490222801336	0.0	0.635080478176	0.644481206834	0.65755000787	0.572057294699	0.486118690829	0.614044491791	0.637831815226	0.634439050018	0.657751643865	0.662354462493	0.634081514521	0.660203466726	0.670972096338	0.667416166989	0.651193911759	0.660652820558	0.668233923224	0.658469790569	0.627946686945	0.669071737907	0.645052609584	0.652908004548	0.631062607187	0.643370422213
AD6	0.657729248172	0.645225109927	0.754299357317	0.680406351001	0.689621224424	0.672392355505	0.632342704764	0.632004415056	0.679850112938	0.642694606188	0.683021817122	0.660415892664	0.68709982397	0.684700869392	0.675009380763	0.636607506155	0.705447833949	0.700909369806	0.787731298439	0.685934330448	0.71822881494	0.675701617093	0.688145321204	0.687602455479	0.766729084962	0.69768327658	0.673741933699	0.679051862051	0.694365359641	0.686953107502	0.755261305635	0.704519066004	0.662709669161	0.674811360783	0.666508746495	0.666747956325	0.645156141	0.635080478176	0.0	0.504421124223	0.392991442781	0.650796375786	0.643069240845	0.655572049106	0.661691223385	0.654071639858	0.672410025943	0.652130346525	0.643205651412	0.64557008175	0.671198700402	0.665373571774	0.650309328415	0.646332026834	0.648475497357	0.645361484873	0.648898038128	0.681444737265	0.643711215986	0.657865475503	0.620247133422	0.651509161913
AE5	0.678085122572	0.666446997114	0.750253322835	0.685367979409	0.653094296773	0.649500486851	0.654739615606	0.630798235672	0.674463766009	0.644892889463	0.6711575859	0.631044032423	0.688211395558	0.690780360243	0.692273816507	0.674806265982	0.736628641004	0.713161638089	0.784364637177	0.684591037999	0.71852851613	0.701141657401	0.704528300931	0.709722316004	0.769729062542	0.716373484356	0.698868874174	0.700285854698	0.698992383142	0.699949581118	0.754575896847	0.711025609134	0.680053317536	0.678285194497	0.623847950621	0.639139936245	0.656192922933	0.644481206834	0.504421124223	0.0	0.397865090477	0.671728631055	0.655945840815	0.663810876468	0.681325495074	0.690568008328	0.672024196482	0.655485970019	0.647256580386	0.651384085593	0.673959019254	0.685658832137	0.634559918869	0.66148601428	0.650084064957	0.641834221151	0.658733855976	0.69899710914	0.655755544263	0.659922494256	0.634047265655	0.671192559124
AE6	0.67632832521	0.652556815769	0.773495545951	0.697895978936	0.677637639987	0.672837453487	0.631611066649	0.636926832948	0.691525149089	0.615607462463	0.696133239644	0.657689621144	0.697999777441	0.695551918366	0.685636665536	0.650713635921	0.736598491772	0.698800952218	0.801841982617	0.690166470579	0.734031547553	0.684345327152	0.718959806269	0.712388910169	0.7644964367	0.709357664319	0.692901880956	0.692956285118	0.701361112409	0.69619133811	0.761425438998	0.694969909754	0.697658784958	0.672572483614	0.640116364695	0.652883330436	0.660589897164	0.65755000787	0.392991442781	0.397865090477	0.0	0.679288166943	0.667925515084	0.677184809181	0.682707085661	0.671401076074	0.671927524048	0.645268714176	0.658208568236	0.655215800708	0.68106112088	0.670939493153	0.630849261483	0.665410519952	0.659476336722	0.645431013226	0.673318655849	0.686293704439	0.664481306596	0.65642609333	0.636566980776	0.65897696944
AF5	0.65612719635	0.671932644538	0.699180904825	0.659035804114	0.662261116259	0.650158933691	0.686008541106	0.685269400552	0.659299698649	0.677426718012	0.677019938241	0.665877333697	0.657271677879	0.65378416265	0.679243944599	0.666728275271	0.695350723797	0.70599700973	0.740486247983	0.664258232611	0.725954954016	0.708588371293	0.693384170854	0.694486871522	0.751667392172	0.69568465424	0.702393667384	0.702273928783	0.685979493376	0.681436294375	0.740940904421	0.697658826839	0.643651347657	0.687678131016	0.681579685956	0.670070457993	0.675000947367	0.572057294699	0.650796375786	0.671728631055	0.679288166943	0.0	0.463387585483	0.644781560871	0.721049376563	0.705091522435	0.689059723973	0.705067529804	0.677796798122	0.663157685995	0.704546772629	0.710747833642	0.68219282843	0.696473171953	0.699838782913	0.695542359093	0.668663004943	0.712454394354	0.67661856157	0.661774896829	0.650073080278	0.710215636834
AF6	0.649969848496	0.65283791131	0.695871789113	0.650755107154	0.636616677845	0.634262120378	0.663757586539	0.655619468192	0.681713900723	0.66651691325	0.679935862463	0.649521703232	0.672705262075	0.661354909364	0.678325729833	0.655842940373	0.692765175906	0.694195054588	0.747248535367	0.65824021937	0.708314729711	0.677529734014	0.698777306894	0.68215145646	0.746036824089	0.689835289018	0.685929827806	0.669595178398	0.661382905245	0.655471085482	0.740604828453	0.687859883916	0.632558303243	0.65413148676	0.666594118891	0.657431106321	0.595558819701	0.486118690829	0.643069240845	0.655945840815	0.667925515084	0.463387585483	0.0	0.61693597516	0.681603508178	0.662639315012	0.667410107188	0.666681959593	0.649793641475	0.641527909591	0.678889884507	0.687530027698	0.657588971583	0.67569270241	0.656412279714	0.661976627001	0.64176280357	0.693421720906	0.646190053009	0.637233739547	0.6427426172	0.685477163997
