	AA3	AA4	AB3	AB4	AC3	AC4	AD3	AD4	AE3	AE4	AF3	AF4	AG3	AG4	AH3	AH4	AA7	AA8	AB7	AB8	AC7	AC8	AD7	AD8	AE7	AE8	AF7	AF8	AG7	AG8	AH7	AH8	AA5	AA6	AB5	AB6	AC5	AC6	AD6	AE5	AE6	AF5	AF6	AG5	AH5	AH6	AA1	AA2	AB1	AB2	AC1	AC2	AD1	AD2	AE1	AE2	AF1	AF2	AG1	AG2	AH1	AH2
AA3	0.0	0.493994523132	0.671308110402	0.626547004182	0.672005332571	0.656165917036	0.698224962427	0.689547198386	0.665739687349	0.680611485423	0.641941368606	0.668512705303	0.650513004691	0.60215764793	0.680736431168	0.48062276339	0.683524600494	0.684659642105	0.753987693702	0.686103774454	0.699058292907	0.693688356235	0.687383495147	0.69701523329	0.721280764155	0.706553553165	0.681728060553	0.666628500327	0.694311436399	0.685726290513	0.733525139458	0.686021692081	0.64441522615	0.689712616333	0.665856482978	0.670706305126	0.644176824501	0.647587159347	0.669675216676	0.698146042737	0.661614529405	0.672521960149	0.660224802186	0.667557123755	0.693787236723	0.708270378267	0.647979274637	0.688461279951	0.655704728097	0.673183637503	0.681262089102	0.679617406385	0.634782435701	0.645860762043	0.667601540186	0.664675270184	0.653438418876	0.686255977141	0.648051852124	0.682352739137	0.647753824746	0.691647660352
AA4	0.493994523132	0.0	0.720304388106	0.626516460827	0.66798256947	0.639762727702	0.656310590375	0.655908985302	0.675513001294	0.639136401166	0.660906669687	0.66374724179	0.666458426562	0.597248461637	0.497355723465	0.379112717052	0.696303979498	0.684003395236	0.764751028403	0.674434561284	0.6977472853	0.667087807759	0.687225511117	0.68389123066	0.726610163542	0.685465287286	0.661575196101	0.648270596886	0.695878976148	0.669081776367	0.748867547358	0.677478107067	0.666230889164	0.669304150908	0.66431104771	0.639527984792	0.649934797216	0.648109829519	0.634155302737	0.670441022885	0.647625580875	0.655763476545	0.664886187462	0.640354042515	0.670142839917	0.677945629277	0.673314997415	0.654166063267	0.651187924022	0.641601215068	0.664564000443	0.660042761929	0.638431804765	0.634533947591	0.66519213975	0.637987530172	0.647753285962	0.658669966423	0.652169723603	0.641228864334	0.636268388865	0.64919508342
AB3	0.671308110402	0.720304388106	0.0	0.660799425209	0.704401649703	0.721072008606	0.748122246009	0.771429220187	0.70526398818	0.737808625515	0.72847933785	0.735181020537	0.728722008835	0.587438965859	0.698090618203	0.72600611407	0.709680488919	0.743412596233	0.712906626239	0.718587411762	0.745336638014	0.75938970319	0.747694930847	0.744255800058	0.711712618289	0.752905943405	0.737521231977	0.746988273595	0.726938553463	0.719919634179	0.774639005507	0.738056688965	0.714609807181	0.764182723523	0.72128407065	0.738880147645	0.708742810409	0.736590053905	0.76303684113	0.77351629411	0.770184432771	0.708234153057	0.720503687566	0.735992441192	0.795192412037	0.801827664119	0.76708901966	0.773458251534	0.73055896139	0.769191129149	0.757131953658	0.780702895346	0.747524173461	0.776147820356	0.74661675589	0.7770821676	0.764990614111	0.774411704517	0.750144071709	0.776642532089	0.702358194348	0.766850713217
AB4	0.626547004182	0.626516460827	0.660799425209	0.0	0.698211582788	0.692067190436	0.698838263537	0.702663640334	0.682337719162	0.68352606125	0.688230562366	0.707691303481	0.426580920685	0.428592906776	0.689581884879	0.638343914877	0.701466621445	0.698490111928	0.756677479875	0.681653904042	0.701702412822	0.68912926782	0.682991922935	0.686351447663	0.730747157457	0.688254096767	0.673305057826	0.6680337507	0.671828675403	0.678852612205	0.742785128459	0.698568397569	0.694043887622	0.708650701905	0.68598737568	0.681478339173	0.674962914437	0.682354940879	0.688903433041	0.706867597794	0.698527725243	0.663399154244	0.669433661229	0.662716891568	0.717420868796	0.71645426505	0.69533112749	0.691175220297	0.643866248126	0.674772627598	0.6931884273	0.70329872969	0.671372081138	0.688895088713	0.686128810873	0.687271155422	0.697239790601	0.711885901982	0.691389507384	0.682778014875	0.668382032759	0.699864376874
AC3	0.672005332571	0.66798256947	0.704401649703	0.698211582788	0.0	0.529809230965	0.675855582267	0.672581923524	0.680506558507	0.662426894471	0.693062433898	0.46771435407	0.696428603282	0.676818322462	0.67970029072	0.67485612434	0.677455684846	0.681910259621	0.750567492437	0.682862384896	0.71099977062	0.695941612337	0.725688156539	0.718883093704	0.709076723585	0.707517174128	0.719146052729	0.707906081649	0.705711642136	0.68422418044	0.739006815654	0.678638606038	0.671843724492	0.684908612412	0.683374328571	0.690124579001	0.695734776543	0.692947841552	0.668615351209	0.681078253643	0.669084828358	0.651362468347	0.677393255802	0.670335635173	0.725786785897	0.718305356864	0.714795388228	0.702911150451	0.691413074615	0.671801126731	0.694610688586	0.70952183524	0.693984121565	0.695415971517	0.665945634734	0.675267790121	0.701576810875	0.705125176172	0.682254144423	0.672715911137	0.693838046871	0.695749274887
AC4	0.656165917036	0.639762727702	0.721072008606	0.692067190436	0.529809230965	0.0	0.676507191997	0.668108573766	0.659940790212	0.659554276367	0.505708798552	0.423942975509	0.693402735679	0.67723423202	0.671273018905	0.650298477676	0.693263357527	0.679332197539	0.758208907843	0.67341746736	0.715022468238	0.695631239811	0.703488987897	0.699362581421	0.75101850863	0.705676246968	0.691320535276	0.690357209859	0.715715123544	0.665956195754	0.749436687674	0.682632273678	0.658625605671	0.672234988799	0.648019230725	0.65455287989	0.662033455193	0.64731496053	0.642841241348	0.675132369501	0.657207037565	0.661866905803	0.664060721497	0.646286959064	0.694294298386	0.687944843539	0.710137393581	0.695349515599	0.699357266637	0.687217108436	0.690067136509	0.690402037425	0.68756801131	0.695493714043	0.692975571914	0.689656847893	0.678530310439	0.683852953483	0.671586955591	0.685647313894	0.672399184389	0.684319624661
AD3	0.698224962427	0.656310590375	0.748122246009	0.698838263537	0.675855582267	0.676507191997	0.0	0.418471791235	0.678555645996	0.374144287747	0.70475020542	0.666112517198	0.715763493467	0.667099613684	0.695149128084	0.67220170371	0.714553129839	0.690936866683	0.774196527277	0.674079002365	0.720111123191	0.688784287468	0.715235580645	0.709219840877	0.727649136906	0.672107222603	0.683729680626	0.694400296788	0.712327531536	0.659202348674	0.728407904424	0.690630000892	0.699576386437	0.678044072359	0.669267296522	0.681177710449	0.686407396808	0.655020685013	0.634902715642	0.67095914598	0.640264003861	0.67856904267	0.687710290866	0.687741523621	0.70222593013	0.694161970587	0.694316478545	0.66441546706	0.679672815272	0.668115729928	0.700428496479	0.700599587992	0.680932105176	0.671648441234	0.683090347848	0.675108268672	0.675592048828	0.672666331475	0.704158348509	0.669195864202	0.700963180342	0.67212974538
AD4	0.689547198386	0.655908985302	0.771429220187	0.702663640334	0.672581923524	0.668108573766	0.418471791235	0.0	0.605104091562	0.426873761991	0.690590464193	0.655641251929	0.695971137859	0.691819717252	0.696924670087	0.665631284409	0.702657454846	0.69520246752	0.785939685431	0.668571183603	0.711395980481	0.673190476117	0.693909567216	0.676179699136	0.732145545871	0.65807765074	0.667975151848	0.675748705041	0.675778786033	0.646593022473	0.725665467996	0.684492946429	0.688083237584	0.662865181892	0.674779473373	0.674758452588	0.677282824064	0.662806859663	0.617070362826	0.665989142174	0.62739427119	0.691928311268	0.69663259203	0.681937825153	0.68819459055	0.686003786039	0.693019679196	0.68318847372	0.678877055552	0.667488393985	0.681765551251	0.696121057893	0.681194001648	0.677247194398	0.680537478291	0.663445404322	0.67789923011	0.679255451932	0.701043448738	0.675355186876	0.696948081382	0.680855293339
AE3	0.665739687349	0.675513001294	0.70526398818	0.682337719162	0.680506558507	0.659940790212	0.678555645996	0.605104091562	0.0	0.642220598495	0.665058500918	0.685521462854	0.673361826815	0.683862164689	0.678939474274	0.658302853735	0.678951778768	0.688469891831	0.781625257667	0.696291879355	0.713039542409	0.719947727022	0.662243905555	0.676860645574	0.740070449533	0.684868499433	0.652803704852	0.692659815442	0.66329696992	0.667635341282	0.725396018988	0.689642577293	0.622565595947	0.71018648501	0.6740557032	0.705381093409	0.654597253001	0.671384016848	0.675108273808	0.695427171006	0.679304390789	0.671581576027	0.692034904496	0.662761098135	0.736382572252	0.727555083833	0.702275167852	0.713157605672	0.703857803626	0.716658038896	0.697103191909	0.741085667204	0.688114747635	0.706759539719	0.678362165822	0.699605585042	0.693369924341	0.722849847111	0.706939003805	0.720495335425	0.663848523345	0.714642089414
AE4	0.680611485423	0.639136401166	0.737808625515	0.68352606125	0.662426894471	0.659554276367	0.374144287747	0.426873761991	0.642220598495	0.0	0.692514492284	0.658959826977	0.705128490335	0.667237638795	0.67805487596	0.667787612338	0.710921325459	0.679458026675	0.767048590575	0.651636146071	0.709245181678	0.670989464676	0.701362523248	0.684109721902	0.717764704452	0.669028829004	0.692658029336	0.675027475872	0.685322523612	0.650657741809	0.749165809808	0.668253510816	0.696101585114	0.655933812263	0.6660916328	0.645342167006	0.674047067237	0.658133028333	0.618267471972	0.645653082873	0.620249427849	0.655519906627	0.672591825086	0.658087899912	0.684609097711	0.68325647533	0.665912484217	0.655368215863	0.65983573645	0.648730559222	0.683268185281	0.674136824639	0.671477910813	0.658099548286	0.667952161384	0.666400004909	0.667128335327	0.663659124333	0.685584569541	0.648759595713	0.682879716553	0.666763265845
AF3	0.641941368606	0.660906669687	0.72847933785	0.688230562366	0.693062433898	0.505708798552	0.70475020542	0.690590464193	0.665058500918	0.692514492284	0.0	0.567522140255	0.682096902246	0.672549065939	0.674489510666	0.668228199314	0.677276100951	0.685597842869	0.756537285925	0.681274028985	0.680185713434	0.71265078531	0.685963565852	0.692427112926	0.765206348572	0.725872532966	0.689451025212	0.712917004162	0.697154120461	0.676391534759	0.717338298308	0.68410257195	0.631337992412	0.689764824096	0.660468571629	0.676953307397	0.664145923274	0.653385568976	0.671166476332	0.688232764659	0.686141834936	0.679002254931	0.682187298381	0.66674497645	0.696272226735	0.695758136302	0.714900078534	0.703204415409	0.692034580231	0.713805312582	0.710476983065	0.712897680473	0.696554564797	0.712919287122	0.707529679722	0.714160718327	0.678616975216	0.714438674288	0.674165141583	0.713391852499	0.666528827356	0.710125408913
AF4	0.668512705303	0.66374724179	0.735181020537	0.707691303481	0.46771435407	0.423942975509	0.666112517198	0.655641251929	0.685521462854	0.658959826977	0.567522140255	0.0	0.714450173709	0.68352627307	0.704193949945	0.667215691066	0.715131635624	0.694858640979	0.766056008979	0.692689522661	0.715088898675	0.699238704531	0.728641736484	0.71915517167	0.742514910967	0.701924229822	0.715483214549	0.715792531095	0.713836159899	0.665937544114	0.766011539384	0.695662932309	0.662346757027	0.675025738249	0.660083196408	0.679801845158	0.684659447458	0.648962645538	0.671638627116	0.67580272238	0.665482937346	0.686171114699	0.679058438988	0.669218941765	0.706030568601	0.686645853971	0.718117291486	0.701409708725	0.696170198725	0.678762451164	0.682324806347	0.686021241921	0.671513279418	0.701626674196	0.70774720091	0.682048200037	0.684776722478	0.672611113573	0.682266333231	0.684645013191	0.682199426259	0.692108939824
AG3	0.650513004691	0.666458426562	0.728722008835	0.426580920685	0.696428603282	0.693402735679	0.715763493467	0.695971137859	0.673361826815	0.705128490335	0.682096902246	0.714450173709	0.0	0.525728940333	0.691061672344	0.658724661903	0.686155344694	0.696484374765	0.772338411414	0.69523752571	0.690677346818	0.705279526412	0.680948156972	0.698083201397	0.73306389935	0.697445840097	0.680968792118	0.691720766195	0.684203680638	0.695171676	0.736308652325	0.701347031176	0.677697019351	0.709535506435	0.690071509802	0.680481632745	0.687288312263	0.692799159313	0.682404217556	0.707234016292	0.698407002365	0.676254033293	0.677924999834	0.670253077406	0.709755920846	0.717330934777	0.69493518018	0.701326692955	0.657151230183	0.690237741767	0.696516020278	0.714125637539	0.687668389004	0.694867959037	0.673040674302	0.682509956428	0.7009713197	0.727693954422	0.69199295313	0.687503810022	0.69218367485	0.700084051827
AG4	0.60215764793	0.597248461637	0.587438965859	0.428592906776	0.676818322462	0.67723423202	0.667099613684	0.691819717252	0.683862164689	0.667237638795	0.672549065939	0.68352627307	0.525728940333	0.0	0.652134129085	0.598480999521	0.701928594519	0.705130906038	0.722239693494	0.660064067052	0.700209897813	0.683969046782	0.701191254409	0.696714131256	0.705983478104	0.695213307992	0.66336541396	0.665525790446	0.669605811039	0.658280921631	0.749864003206	0.705322274912	0.687108511387	0.701105010406	0.668828042561	0.666585236136	0.665301874272	0.664512640505	0.664568961254	0.697833204579	0.694253374676	0.664024336236	0.660528859741	0.671559992599	0.72023395793	0.720850319052	0.695436401631	0.682293756542	0.657608150585	0.67789352654	0.688570804485	0.697213569251	0.671395219147	0.689514616186	0.698123543076	0.687917875403	0.691185586769	0.703877292851	0.696776847617	0.693805910544	0.675134787176	0.689673496964
AH3	0.680736431168	0.497355723465	0.698090618203	0.689581884879	0.67970029072	0.671273018905	0.695149128084	0.696924670087	0.678939474274	0.67805487596	0.674489510666	0.704193949945	0.691061672344	0.652134129085	0.0	0.571432519442	0.683868482546	0.704245331889	0.763248073356	0.690633591776	0.717063658695	0.714479171274	0.68694016503	0.702550056293	0.734236415074	0.703200486753	0.682190433622	0.684250535907	0.700464973854	0.689841034235	0.751827327389	0.699834998976	0.682366889211	0.719870597766	0.69472430318	0.676493198205	0.670537958058	0.681650675822	0.67252136797	0.705262771758	0.699885588445	0.682441606103	0.706651800206	0.669416946559	0.723998672815	0.732008140472	0.71803433785	0.690576451743	0.705400750909	0.692770322079	0.706710254968	0.732743257497	0.706097656278	0.696686214922	0.678833343538	0.705961833519	0.697747412418	0.725416814034	0.701190417446	0.69654880068	0.677586908915	0.688340541527
AH4	0.48062276339	0.379112717052	0.72600611407	0.638343914877	0.67485612434	0.650298477676	0.67220170371	0.665631284409	0.658302853735	0.667787612338	0.668228199314	0.667215691066	0.658724661903	0.598480999521	0.571432519442	0.0	0.691032832557	0.678081823064	0.769988247045	0.677522646147	0.702127872278	0.674995070775	0.675755727699	0.688251734963	0.734363946671	0.667341239748	0.651769646932	0.654667686689	0.682735216793	0.658424930082	0.737977250249	0.673214845895	0.652056081389	0.681910998909	0.653713092888	0.654450244726	0.65097193524	0.644778159684	0.640913830129	0.686352126183	0.663060588128	0.666088968223	0.672148312168	0.657318987196	0.689898175484	0.683740897832	0.669104997555	0.659342263971	0.647314994659	0.658610887517	0.656719595657	0.662633196635	0.642088467925	0.646197000393	0.666477966275	0.640534605527	0.645767528278	0.656189066528	0.66828822062	0.653877065523	0.653360472342	0.666687958051
AA7	0.683524600494	0.696303979498	0.709680488919	0.701466621445	0.677455684846	0.693263357527	0.714553129839	0.702657454846	0.678951778768	0.710921325459	0.677276100951	0.715131635624	0.686155344694	0.701928594519	0.683868482546	0.691032832557	0.0	0.521756829064	0.765555109823	0.684123202132	0.650433790118	0.67523387603	0.677862321932	0.699302324925	0.697690230363	0.697364175935	0.67385036734	0.671388472216	0.681287033498	0.674210219096	0.696212331897	0.528296315098	0.655319253531	0.726797528225	0.707424852427	0.716956151053	0.673874116302	0.701816116627	0.716826822455	0.747787944213	0.720996173591	0.678823489998	0.721280005941	0.716422632399	0.738155818005	0.739653862715	0.744545985843	0.712276152138	0.718770339444	0.741157670338	0.715494529464	0.747669271261	0.703538340563	0.706056468216	0.695809041384	0.716671914157	0.736669932311	0.740194175685	0.735005651501	0.731494869473	0.679632234778	0.726995059492
AA8	0.684659642105	0.684003395236	0.743412596233	0.698490111928	0.681910259621	0.679332197539	0.690936866683	0.69520246752	0.688469891831	0.679458026675	0.685597842869	0.694858640979	0.696484374765	0.705130906038	0.704245331889	0.678081823064	0.521756829064	0.0	0.767001512183	0.649548105551	0.640947564017	0.64432156603	0.675903560074	0.687318422103	0.694915969543	0.681544098469	0.674241459451	0.654153310766	0.652565957013	0.638157077073	0.529511625458	0.36632558175	0.673247617187	0.713777591682	0.709636625771	0.703028093894	0.688600339848	0.696552679744	0.710815404453	0.722413061115	0.688209917662	0.690563960699	0.716763360571	0.692899120251	0.716912255696	0.713370229115	0.718963990189	0.7007626451	0.699262293072	0.717066850053	0.714480291868	0.733263348449	0.686026281597	0.674803796869	0.685669450747	0.691168002444	0.733716137048	0.72853060766	0.723959939331	0.720718961685	0.696704092099	0.700910799782
AB7	0.753987693702	0.764751028403	0.712906626239	0.756677479875	0.750567492437	0.758208907843	0.774196527277	0.785939685431	0.781625257667	0.767048590575	0.756537285925	0.766056008979	0.772338411414	0.722239693494	0.763248073356	0.769988247045	0.765555109823	0.767001512183	0.0	0.560939253909	0.741930273776	0.76210825375	0.780862921391	0.773526209191	0.740854391524	0.78431737113	0.774206411846	0.772338919479	0.739988108614	0.6267588004	0.757330751147	0.759494829309	0.773343259097	0.780629000425	0.768898602125	0.77557269678	0.761024598978	0.77337195929	0.786453361914	0.795510605138	0.782416708542	0.717108014043	0.755110237179	0.772786737178	0.797495590443	0.807717884243	0.822720036559	0.79227933133	0.779959858174	0.793642551109	0.810969970845	0.80571918286	0.794032138433	0.796709743552	0.775495135137	0.79539308325	0.794691900705	0.799192722436	0.792060829744	0.795471697845	0.782372497719	0.803751325045
AB8	0.686103774454	0.674434561284	0.718587411762	0.681653904042	0.682862384896	0.67341746736	0.674079002365	0.668571183603	0.696291879355	0.651636146071	0.681274028985	0.692689522661	0.69523752571	0.660064067052	0.690633591776	0.677522646147	0.684123202132	0.649548105551	0.560939253909	0.0	0.63864135	0.621805166739	0.689987576269	0.673411192212	0.688199361484	0.684122684137	0.675742463003	0.639549896262	0.497431041452	0.397273943007	0.690845421602	0.631155383771	0.681385008573	0.679993590216	0.679052411871	0.671002097493	0.669471093594	0.661912582562	0.670861163831	0.685914129967	0.652540735038	0.650734226387	0.668749789876	0.654106964613	0.692245467219	0.683734905511	0.727074382465	0.691414122952	0.680741949519	0.699179031423	0.690416743038	0.716070035474	0.663778855431	0.665985705607	0.678809284128	0.670426937973	0.697853577838	0.707661062547	0.694013844667	0.700193332832	0.689548696811	0.694087516321
AC7	0.699058292907	0.6977472853	0.745336638014	0.701702412822	0.71099977062	0.715022468238	0.720111123191	0.711395980481	0.713039542409	0.709245181678	0.680185713434	0.715088898675	0.690677346818	0.700209897813	0.717063658695	0.702127872278	0.650433790118	0.640947564017	0.741930273776	0.63864135	0.0	0.514277473814	0.689295371492	0.680201975993	0.696396797054	0.696751556057	0.68458989964	0.611896787394	0.63828796661	0.643302080653	0.657578603926	0.645908915622	0.710076825069	0.70476485226	0.718996886576	0.729863190082	0.707004673046	0.723996961865	0.72128202577	0.743465213397	0.719512158276	0.706163614241	0.733669885038	0.715155545241	0.699418623229	0.702397692032	0.748031505038	0.740175064077	0.697461602784	0.730887196851	0.746285842787	0.749530174766	0.701492411447	0.688233190556	0.710795780036	0.711647628767	0.738996124737	0.74013152324	0.748697484926	0.724159600051	0.702093822078	0.740007111985
AC8	0.693688356235	0.667087807759	0.75938970319	0.68912926782	0.695941612337	0.695631239811	0.688784287468	0.673190476117	0.719947727022	0.670989464676	0.71265078531	0.699238704531	0.705279526412	0.683969046782	0.714479171274	0.674995070775	0.67523387603	0.64432156603	0.76210825375	0.621805166739	0.514277473814	0.0	0.690984641435	0.655836305732	0.703390687362	0.662253435768	0.478917556806	0.399563176697	0.63243397981	0.610651512855	0.701488075046	0.638809882809	0.709131920091	0.677635716889	0.708961916553	0.698024180377	0.708905921442	0.700325665224	0.677264603021	0.726625936075	0.680179226458	0.698294256527	0.711393877544	0.689442132034	0.68509828061	0.676795889744	0.720000649237	0.696107735571	0.681192934091	0.69300343617	0.704938844122	0.696737273403	0.678029050726	0.662275192447	0.69280988553	0.665987930042	0.694928958776	0.687417392456	0.707518065931	0.701283414641	0.687993701893	0.701443801095
AD7	0.687383495147	0.687225511117	0.747694930847	0.682991922935	0.725688156539	0.703488987897	0.715235580645	0.693909567216	0.662243905555	0.701362523248	0.685963565852	0.728641736484	0.680948156972	0.701191254409	0.68694016503	0.675755727699	0.677862321932	0.675903560074	0.780862921391	0.689987576269	0.689295371492	0.690984641435	0.0	0.467141384493	0.710301797093	0.513492476832	0.667268243353	0.676812993881	0.66516048969	0.671428465219	0.70557747474	0.665010508835	0.665288571638	0.697917446068	0.722065268437	0.717054054137	0.68642474143	0.690226000899	0.693376102173	0.71629626102	0.703657127323	0.68816868382	0.699137274017	0.68461106377	0.679672479476	0.684381577797	0.714906955398	0.689018242732	0.679497424821	0.713622677809	0.701745865849	0.727559645516	0.690837264814	0.689580026938	0.66666107782	0.696928097641	0.702414769182	0.717749876109	0.711953105609	0.705977782554	0.677369124216	0.694834136645
AD8	0.69701523329	0.68389123066	0.744255800058	0.686351447663	0.718883093704	0.699362581421	0.709219840877	0.676179699136	0.676860645574	0.684109721902	0.692427112926	0.71915517167	0.698083201397	0.696714131256	0.702550056293	0.688251734963	0.699302324925	0.687318422103	0.773526209191	0.673411192212	0.680201975993	0.655836305732	0.467141384493	0.0	0.594296175338	0.391013155016	0.644695424548	0.652233860885	0.656078871451	0.666023532796	0.718092247483	0.673261649048	0.682583009335	0.676802821903	0.711645832164	0.709708435268	0.674387364261	0.690448638381	0.681700290574	0.721392046708	0.691415212381	0.677227620382	0.704783320127	0.6854218353	0.697659544985	0.69937004675	0.717321354066	0.703485536014	0.672266182753	0.699044110356	0.698527676545	0.720591059846	0.682636590702	0.681896585396	0.674517981828	0.686942187544	0.692455012414	0.713673710079	0.70671484528	0.692463022156	0.67019468837	0.700911012797
AE7	0.721280764155	0.726610163542	0.711712618289	0.730747157457	0.709076723585	0.75101850863	0.727649136906	0.732145545871	0.740070449533	0.717764704452	0.765206348572	0.742514910967	0.73306389935	0.705983478104	0.734236415074	0.734363946671	0.697690230363	0.694915969543	0.740854391524	0.688199361484	0.696396797054	0.703390687362	0.710301797093	0.594296175338	0.0	0.512906658781	0.709933119404	0.692023522129	0.681922465096	0.691950403948	0.733259456901	0.697119312453	0.734667401012	0.748386316285	0.742762607928	0.742750525314	0.728876103237	0.753225335087	0.762360080451	0.768685058749	0.75800862525	0.740298665996	0.725741045613	0.734145142848	0.757145664312	0.765814678193	0.770230813398	0.770602100099	0.729891960971	0.760320708555	0.769084146655	0.78752627811	0.74665361979	0.742202657406	0.73361670597	0.746581171489	0.772620616672	0.792666209064	0.778041025132	0.759202102857	0.74866069396	0.77569082695
AE8	0.706553553165	0.685465287286	0.752905943405	0.688254096767	0.707517174128	0.705676246968	0.672107222603	0.65807765074	0.684868499433	0.669028829004	0.725872532966	0.701924229822	0.697445840097	0.695213307992	0.703200486753	0.667341239748	0.697364175935	0.681544098469	0.78431737113	0.684122684137	0.696751556057	0.662253435768	0.513492476832	0.391013155016	0.512906658781	0.0	0.648384866992	0.660936682074	0.651297081582	0.643130578867	0.731847051125	0.673314420112	0.687068312007	0.687386331364	0.707637725007	0.707497330271	0.696556413563	0.69038995058	0.696436542995	0.72391471871	0.709099201797	0.693288977254	0.709438214996	0.682161661008	0.707689958683	0.700478874362	0.716234519862	0.699941823874	0.684683868689	0.716819009144	0.700366660052	0.727275697926	0.69579154517	0.68355243019	0.685724563058	0.679586073565	0.696780281736	0.709880959899	0.725940177921	0.71011414974	0.690795641471	0.701184882816
AF7	0.681728060553	0.661575196101	0.737521231977	0.673305057826	0.719146052729	0.691320535276	0.683729680626	0.667975151848	0.652803704852	0.692658029336	0.689451025212	0.715483214549	0.680968792118	0.66336541396	0.682190433622	0.651769646932	0.67385036734	0.674241459451	0.774206411846	0.675742463003	0.68458989964	0.478917556806	0.667268243353	0.644695424548	0.709933119404	0.648384866992	0.0	0.417569211399	0.655989143137	0.646642113515	0.719967122084	0.668179238138	0.671295798003	0.710188816728	0.686768874449	0.688928514978	0.680869830783	0.679676778176	0.669617146005	0.709257901702	0.690428286901	0.689178472987	0.687160155276	0.672731412785	0.724719473757	0.716392825077	0.704569807295	0.68826824408	0.669387026227	0.701106643854	0.684585983463	0.705016749805	0.674148604775	0.666321150193	0.68282407989	0.673109345584	0.667932155482	0.696561208232	0.688201763826	0.700327988532	0.669492501741	0.68768055568
AF8	0.666628500327	0.648270596886	0.746988273595	0.6680337507	0.707906081649	0.690357209859	0.694400296788	0.675748705041	0.692659815442	0.675027475872	0.712917004162	0.715792531095	0.691720766195	0.665525790446	0.684250535907	0.654667686689	0.671388472216	0.654153310766	0.772338919479	0.639549896262	0.611896787394	0.399563176697	0.676812993881	0.652233860885	0.692023522129	0.660936682074	0.417569211399	0.0	0.645257918027	0.63290521206	0.714779008834	0.640235998764	0.691163816786	0.690652749066	0.69945767018	0.685024801449	0.67369756071	0.672140402089	0.670877586858	0.714914170813	0.675825702871	0.676732970522	0.684905567527	0.669050329108	0.70001879865	0.703434285671	0.700915654493	0.690539491372	0.667391554326	0.680419216323	0.689296672241	0.693989650698	0.662687127477	0.642826143013	0.67452379316	0.647331737155	0.673346083709	0.691853759679	0.692925156735	0.690093646727	0.668136945895	0.682760793409
AG7	0.694311436399	0.695878976148	0.726938553463	0.671828675403	0.705711642136	0.715715123544	0.712327531536	0.675778786033	0.66329696992	0.685322523612	0.697154120461	0.713836159899	0.684203680638	0.669605811039	0.700464973854	0.682735216793	0.681287033498	0.652565957013	0.739988108614	0.497431041452	0.63828796661	0.63243397981	0.66516048969	0.656078871451	0.681922465096	0.651297081582	0.655989143137	0.645257918027	0.0	0.458004198391	0.669354081325	0.640965034097	0.660300494202	0.702379869974	0.705155440474	0.702378882927	0.669231064041	0.687270271476	0.674307062937	0.707366568939	0.684670499072	0.686073334516	0.698501513647	0.660301224445	0.710745080903	0.704063208531	0.7170310607	0.704655925888	0.680223293958	0.71664699493	0.680472451449	0.729379502657	0.670412941897	0.69800068592	0.675508596365	0.680340975933	0.711047106834	0.727774680451	0.692737546441	0.71676328239	0.686815150217	0.713383840011
AG8	0.685726290513	0.669081776367	0.719919634179	0.678852612205	0.68422418044	0.665956195754	0.659202348674	0.646593022473	0.667635341282	0.650657741809	0.676391534759	0.665937544114	0.695171676	0.658280921631	0.689841034235	0.658424930082	0.674210219096	0.638157077073	0.6267588004	0.397273943007	0.643302080653	0.610651512855	0.671428465219	0.666023532796	0.691950403948	0.643130578867	0.646642113515	0.63290521206	0.458004198391	0.0	0.694005105555	0.63693792471	0.656627550344	0.681245825955	0.659008107429	0.673371666874	0.650637038658	0.644663257497	0.660957083621	0.694141527296	0.656473547269	0.655705095386	0.67448966902	0.64788469769	0.690936572182	0.679391978382	0.727694004773	0.684562878875	0.664203115851	0.688991266226	0.681482389488	0.700820331959	0.655145901003	0.665908652194	0.672303139436	0.6498955807	0.68287211205	0.688427524658	0.694534678843	0.691016888924	0.681511096215	0.698944910074
AH7	0.733525139458	0.748867547358	0.774639005507	0.742785128459	0.739006815654	0.749436687674	0.728407904424	0.725665467996	0.725396018988	0.749165809808	0.717338298308	0.766011539384	0.736308652325	0.749864003206	0.751827327389	0.737977250249	0.696212331897	0.529511625458	0.757330751147	0.690845421602	0.657578603926	0.701488075046	0.70557747474	0.718092247483	0.733259456901	0.731847051125	0.719967122084	0.714779008834	0.669354081325	0.694005105555	0.0	0.51609409596	0.72242794516	0.767642078156	0.771642292284	0.757425702462	0.749219449892	0.756916760003	0.76437507517	0.771331339869	0.752025209276	0.728612755636	0.767632183564	0.746831624483	0.765662197602	0.769084413965	0.766562128275	0.746265367834	0.750111639487	0.764246710217	0.778429450494	0.787636046264	0.743178957481	0.732196255396	0.73609036771	0.743725002921	0.774936781481	0.794262430314	0.767124642436	0.762696855653	0.75482818495	0.755161401185
AH8	0.686021692081	0.677478107067	0.738056688965	0.698568397569	0.678638606038	0.682632273678	0.690630000892	0.684492946429	0.689642577293	0.668253510816	0.68410257195	0.695662932309	0.701347031176	0.705322274912	0.699834998976	0.673214845895	0.528296315098	0.36632558175	0.759494829309	0.631155383771	0.645908915622	0.638809882809	0.665010508835	0.673261649048	0.697119312453	0.673314420112	0.668179238138	0.640235998764	0.640965034097	0.63693792471	0.51609409596	0.0	0.670598018717	0.703439780976	0.709597148716	0.692761334553	0.685050329073	0.694857834493	0.708432690777	0.71378232563	0.683672076534	0.668187384271	0.712805518504	0.697152802867	0.711096366654	0.710230707902	0.719783488222	0.688427352988	0.705973870516	0.71968298033	0.709103712053	0.728881870141	0.692101365378	0.670134692341	0.676796099351	0.681634319367	0.733065484839	0.728930100649	0.729511450026	0.716691237862	0.681644767077	0.695879959329
AA5	0.64441522615	0.666230889164	0.714609807181	0.694043887622	0.671843724492	0.658625605671	0.699576386437	0.688083237584	0.622565595947	0.696101585114	0.631337992412	0.662346757027	0.677697019351	0.687108511387	0.682366889211	0.652056081389	0.655319253531	0.673247617187	0.773343259097	0.681385008573	0.710076825069	0.709131920091	0.665288571638	0.682583009335	0.734667401012	0.687068312007	0.671295798003	0.691163816786	0.660300494202	0.656627550344	0.72242794516	0.670598018717	0.0	0.601319520063	0.672863755676	0.692671367089	0.646798795656	0.623184938261	0.677848436233	0.709260916499	0.677201150954	0.648390737071	0.652019394376	0.663945653944	0.712703616995	0.672896859117	0.685247413295	0.692235374864	0.69771295886	0.703323620537	0.685750867223	0.707973558959	0.670427169405	0.694305072275	0.663964945032	0.682662001557	0.649963009866	0.696193126065	0.664822493148	0.696929588384	0.649797442984	0.689329597204
AA6	0.689712616333	0.669304150908	0.764182723523	0.708650701905	0.684908612412	0.672234988799	0.678044072359	0.662865181892	0.71018648501	0.655933812263	0.689764824096	0.675025738249	0.709535506435	0.701105010406	0.719870597766	0.681910998909	0.726797528225	0.713777591682	0.780629000425	0.679993590216	0.70476485226	0.677635716889	0.697917446068	0.676802821903	0.748386316285	0.687386331364	0.710188816728	0.690652749066	0.702379869974	0.681245825955	0.767642078156	0.703439780976	0.601319520063	0.0	0.69437467974	0.684458230785	0.670390932104	0.650497362709	0.671612085738	0.693470915671	0.662299931365	0.670189791182	0.667112008965	0.664168499174	0.449269500395	0.441892814511	0.704593241314	0.688484880665	0.687419568636	0.683454234443	0.681719107465	0.67652960377	0.680620718279	0.694381716709	0.693581111513	0.684797793494	0.682210340086	0.671828990964	0.67734967693	0.674520708041	0.657395105851	0.688909634048
AB5	0.665856482978	0.66431104771	0.72128407065	0.68598737568	0.683374328571	0.648019230725	0.669267296522	0.674779473373	0.6740557032	0.6660916328	0.660468571629	0.660083196408	0.690071509802	0.668828042561	0.69472430318	0.653713092888	0.707424852427	0.709636625771	0.768898602125	0.679052411871	0.718996886576	0.708961916553	0.722065268437	0.711645832164	0.742762607928	0.707637725007	0.686768874449	0.69945767018	0.705155440474	0.659008107429	0.771642292284	0.709597148716	0.672863755676	0.69437467974	0.0	0.426703889711	0.645890067136	0.651885670385	0.65064785357	0.649781913387	0.643417986011	0.679344109318	0.681353748273	0.650754271471	0.714291501529	0.705940801208	0.690080982645	0.713110283311	0.687912504582	0.702843266664	0.679683139259	0.683105447433	0.661704146386	0.684776711429	0.695778496652	0.663693536978	0.681581369809	0.68172676831	0.697509749311	0.705654814211	0.661026137645	0.704422642491
AB6	0.670706305126	0.639527984792	0.738880147645	0.681478339173	0.690124579001	0.65455287989	0.681177710449	0.674758452588	0.705381093409	0.645342167006	0.676953307397	0.679801845158	0.680481632745	0.666585236136	0.676493198205	0.654450244726	0.716956151053	0.703028093894	0.77557269678	0.671002097493	0.729863190082	0.698024180377	0.717054054137	0.709708435268	0.742750525314	0.707497330271	0.688928514978	0.685024801449	0.702378882927	0.673371666874	0.757425702462	0.692761334553	0.692671367089	0.684458230785	0.426703889711	0.0	0.660114700962	0.659337136381	0.657931553682	0.663360713849	0.637432631523	0.667240515695	0.677662321314	0.552538415697	0.683320625414	0.683815922222	0.676259903455	0.712073184216	0.672969865805	0.682525845208	0.68730492311	0.673635895902	0.669150808384	0.667056958758	0.676235865039	0.667436970527	0.677836170673	0.687134914389	0.671440847003	0.679302998707	0.661224790066	0.69095653336
AC5	0.644176824501	0.649934797216	0.708742810409	0.674962914437	0.695734776543	0.662033455193	0.686407396808	0.677282824064	0.654597253001	0.674047067237	0.664145923274	0.684659447458	0.687288312263	0.665301874272	0.670537958058	0.65097193524	0.673874116302	0.688600339848	0.761024598978	0.669471093594	0.707004673046	0.708905921442	0.68642474143	0.674387364261	0.728876103237	0.696556413563	0.680869830783	0.67369756071	0.669231064041	0.650637038658	0.749219449892	0.685050329073	0.646798795656	0.670390932104	0.645890067136	0.660114700962	0.0	0.491207176043	0.613993078493	0.664373236885	0.646582929557	0.667093781058	0.599541394466	0.646022206679	0.660679475932	0.655793472496	0.661745021755	0.671311062522	0.624954084616	0.674592398919	0.644695264685	0.665107520453	0.646027517242	0.657260161045	0.639237958602	0.659821615214	0.655118204134	0.666276209429	0.651132885058	0.680691674802	0.639160093594	0.685532083705
AC6	0.647587159347	0.648109829519	0.736590053905	0.682354940879	0.692947841552	0.64731496053	0.655020685013	0.662806859663	0.671384016848	0.658133028333	0.653385568976	0.648962645538	0.692799159313	0.664512640505	0.681650675822	0.644778159684	0.701816116627	0.696552679744	0.77337195929	0.661912582562	0.723996961865	0.700325665224	0.690226000899	0.690448638381	0.753225335087	0.69038995058	0.679676778176	0.672140402089	0.687270271476	0.644663257497	0.756916760003	0.694857834493	0.623184938261	0.650497362709	0.651885670385	0.659337136381	0.491207176043	0.0	0.624722807793	0.657470533036	0.625384490113	0.542279574181	0.510315566925	0.635083958841	0.671857064506	0.660245715535	0.659844131604	0.674637393286	0.652856345141	0.656356921425	0.643144090203	0.657025898942	0.653171577709	0.657307952278	0.661355579903	0.649344932207	0.619056321261	0.647088598579	0.638502596906	0.658312067487	0.657654406723	0.677745888719
AD6	0.669675216676	0.634155302737	0.76303684113	0.688903433041	0.668615351209	0.642841241348	0.634902715642	0.617070362826	0.675108273808	0.618267471972	0.671166476332	0.671638627116	0.682404217556	0.664568961254	0.67252136797	0.640913830129	0.716826822455	0.710815404453	0.786453361914	0.670861163831	0.72128202577	0.677264603021	0.693376102173	0.681700290574	0.762360080451	0.696436542995	0.669617146005	0.670877586858	0.674307062937	0.660957083621	0.76437507517	0.708432690777	0.677848436233	0.671612085738	0.65064785357	0.657931553682	0.613993078493	0.624722807793	0.0	0.515737323593	0.40868359141	0.649049621842	0.642918135657	0.653207239675	0.674483579368	0.68241230389	0.665720575614	0.657331206281	0.649013747244	0.634939576425	0.659904135227	0.672888062255	0.655374467387	0.645264062404	0.667309606497	0.656832366046	0.63679399719	0.672382416885	0.642192838588	0.652097844538	0.636869331693	0.653996207518
AE5	0.698146042737	0.670441022885	0.77351629411	0.706867597794	0.681078253643	0.675132369501	0.67095914598	0.665989142174	0.695427171006	0.645653082873	0.688232764659	0.67580272238	0.707234016292	0.697833204579	0.705262771758	0.686352126183	0.747787944213	0.722413061115	0.795510605138	0.685914129967	0.743465213397	0.726625936075	0.71629626102	0.721392046708	0.768685058749	0.72391471871	0.709257901702	0.714914170813	0.707366568939	0.694141527296	0.771331339869	0.71378232563	0.709260916499	0.693470915671	0.649781913387	0.663360713849	0.664373236885	0.657470533036	0.515737323593	0.0	0.438852143983	0.691445533131	0.680850223056	0.677256648921	0.686014642425	0.692309580631	0.692172245021	0.699797679327	0.66154879668	0.658897796965	0.677662667288	0.700533773076	0.666705161884	0.662585041765	0.676718112764	0.675773456325	0.68364706082	0.705384424297	0.680794644076	0.66667262738	0.659250690438	0.676978261556
AE6	0.661614529405	0.647625580875	0.770184432771	0.698527725243	0.669084828358	0.657207037565	0.640264003861	0.62739427119	0.679304390789	0.620249427849	0.686141834936	0.665482937346	0.698407002365	0.694253374676	0.699885588445	0.663060588128	0.720996173591	0.688209917662	0.782416708542	0.652540735038	0.719512158276	0.680179226458	0.703657127323	0.691415212381	0.75800862525	0.709099201797	0.690428286901	0.675825702871	0.684670499072	0.656473547269	0.752025209276	0.683672076534	0.677201150954	0.662299931365	0.643417986011	0.637432631523	0.646582929557	0.625384490113	0.40868359141	0.438852143983	0.0	0.65085283964	0.653688097417	0.64909473846	0.665556254396	0.663966544579	0.679705536744	0.675179730875	0.643718725688	0.62639108493	0.665946157035	0.67830333831	0.634496818927	0.634157461102	0.660625386497	0.640617260358	0.651078584225	0.677440406838	0.658236832736	0.644457181124	0.635985407027	0.661281940183
AF5	0.672521960149	0.655763476545	0.708234153057	0.663399154244	0.651362468347	0.661866905803	0.67856904267	0.691928311268	0.671581576027	0.655519906627	0.679002254931	0.686171114699	0.676254033293	0.664024336236	0.682441606103	0.666088968223	0.678823489998	0.690563960699	0.717108014043	0.650734226387	0.706163614241	0.698294256527	0.68816868382	0.677227620382	0.740298665996	0.693288977254	0.689178472987	0.676732970522	0.686073334516	0.655705095386	0.728612755636	0.668187384271	0.648390737071	0.670189791182	0.679344109318	0.667240515695	0.667093781058	0.542279574181	0.649049621842	0.691445533131	0.65085283964	0.0	0.477547509947	0.639402310229	0.701316797188	0.696992451724	0.711576082675	0.698121251375	0.667337294014	0.663697949289	0.693187384859	0.71194999752	0.685914831805	0.691409034206	0.687497130652	0.695277288288	0.664456674807	0.716421596888	0.673459560016	0.657691301634	0.66237322459	0.709205299001
AF6	0.660224802186	0.664886187462	0.720503687566	0.669433661229	0.677393255802	0.664060721497	0.687710290866	0.69663259203	0.692034904496	0.672591825086	0.682187298381	0.679058438988	0.677924999834	0.660528859741	0.706651800206	0.672148312168	0.721280005941	0.716763360571	0.755110237179	0.668749789876	0.733669885038	0.711393877544	0.699137274017	0.704783320127	0.725741045613	0.709438214996	0.687160155276	0.684905567527	0.698501513647	0.67448966902	0.767632183564	0.712805518504	0.652019394376	0.667112008965	0.681353748273	0.677662321314	0.599541394466	0.510315566925	0.642918135657	0.680850223056	0.653688097417	0.477547509947	0.0	0.621571841747	0.700087620616	0.678381864276	0.671706946551	0.677337280108	0.642927913529	0.660253533675	0.664095376815	0.683315402247	0.670676261734	0.682727715972	0.692168061356	0.687283983116	0.650948032298	0.685494498826	0.648795931736	0.653103123663	0.666846656085	0.693006227975
