	AA3	AA4	AB3	AB4	AC3	AC4	AD3	AD4	AE3	AE4	AF3	AF4	AG3	AG4	AH3	AH4	AA7	AA8	AB7	AB8	AC7	AC8	AD7	AD8	AE7	AE8	AF7	AF8	AG7	AG8	AH7	AH8	AA5	AA6	AB5	AB6	AC5	AC6	AD6	AE5	AE6	AF5	AF6	AG5	AH5	AH6	AA1	AA2	AB1	AB2	AC1	AC2	AD1	AD2	AE1	AE2	AF1	AF2	AG1	AG2	AH1	AH2
AA3	0.0	0.494294044171	0.716279652217	0.621147399328	0.671472402122	0.662598462172	0.702689984875	0.679279249219	0.655171236497	0.695892768532	0.64551339193	0.672640468339	0.654638294998	0.626028181679	0.691350887811	0.493994176245	0.679889991973	0.681572385395	0.755785782087	0.689139975231	0.6993025503	0.684261872604	0.680688460709	0.699617336589	0.727999475947	0.701268490355	0.681609756305	0.689259208494	0.692979691722	0.678838159922	0.739330546298	0.698041589053	0.662508358032	0.692735068396	0.681104929396	0.675101960503	0.643203885894	0.65397789086	0.674527692643	0.681221975321	0.683580627831	0.683424922635	0.679514195509	0.665923482639	0.698425610228	0.710355531845	0.674840257553	0.677210722597	0.657615724163	0.687356248323	0.674357838697	0.693248469056	0.641946207114	0.673354115535	0.672945193204	0.655335853247	0.662410632037	0.68416340794	0.668871302524	0.701375291608	0.654273990257	0.691659808647
AA4	0.494294044171	0.0	0.728200943906	0.632225040947	0.652036550976	0.63817718551	0.672625171688	0.666072393552	0.678090134226	0.67533331682	0.665320469412	0.645106891433	0.656260663071	0.619590892881	0.503462776265	0.353163932836	0.696652492249	0.684540664381	0.771917489809	0.676028675593	0.718195897705	0.666229989528	0.687538997057	0.693954035158	0.732008422606	0.693541663763	0.677366988744	0.669289371995	0.696104923744	0.675719739515	0.749935568145	0.6965197492	0.683516513234	0.677614953365	0.666252365353	0.662552040265	0.663871909938	0.640681233627	0.652925977376	0.660942639634	0.658675764217	0.682264913675	0.661205819135	0.635050567858	0.679279613312	0.692670438275	0.658334775357	0.649886213521	0.660672280557	0.652208034766	0.650494939556	0.669503505922	0.652070391868	0.65287702673	0.661195867141	0.636168912568	0.659745991832	0.672685946897	0.655703046171	0.662735902489	0.646033008202	0.653112377295
AB3	0.716279652217	0.728200943906	0.0	0.672013689009	0.717169067479	0.757412063394	0.772112377362	0.752173060166	0.725361130923	0.788155567645	0.747156616204	0.767299304167	0.737714603126	0.602885820257	0.692355299028	0.722681225893	0.724210159396	0.742130238774	0.708566512878	0.721785742341	0.728406460387	0.754816293522	0.724327318416	0.745599773398	0.699401624929	0.718821274824	0.756895593562	0.75598265308	0.720918400168	0.727297627127	0.755721856736	0.770181232154	0.742368618371	0.80175076129	0.736655538096	0.767373552644	0.722424358101	0.766887900493	0.783036722933	0.785253732161	0.792735865943	0.721682520202	0.728429337628	0.761598014269	0.794718821018	0.813776114184	0.79936491222	0.785203698979	0.761642697553	0.791328374156	0.759691251193	0.792479301863	0.767553756314	0.788001962661	0.752741732658	0.77759523315	0.783513415649	0.783024473579	0.794017433304	0.792855969813	0.754561201053	0.787352381754
AB4	0.621147399328	0.632225040947	0.672013689009	0.0	0.680057787114	0.66800268153	0.699296275244	0.67336914235	0.670211406907	0.689560392713	0.65585505925	0.686029742303	0.438946337689	0.445607451597	0.670099253096	0.635916626882	0.689505575218	0.683287448152	0.73267911987	0.664582651411	0.691756303823	0.677862700154	0.696595535426	0.705717216	0.718182051202	0.695929802604	0.679555205719	0.685765899149	0.677009272933	0.663246298929	0.73765381244	0.708454924282	0.686336105324	0.695421404931	0.673189442603	0.674454801578	0.659464704591	0.650377820747	0.692419357832	0.676033156373	0.688819551874	0.6647120678	0.666902040178	0.67489355787	0.706710477225	0.723129748908	0.688726298478	0.686125954059	0.654828228681	0.689839798458	0.687781405907	0.693197827597	0.65898273754	0.680552405464	0.663050068707	0.66327192969	0.682081498737	0.690184010183	0.685476097469	0.692408027633	0.665481075863	0.686535091091
AC3	0.671472402122	0.652036550976	0.717169067479	0.680057787114	0.0	0.505737846336	0.669473385901	0.643043712783	0.660466094298	0.666224747983	0.683918625483	0.487160708	0.695354538121	0.66833075147	0.683715195409	0.662487483737	0.677945847005	0.669822854265	0.757731991984	0.684826309823	0.705175627997	0.687233197842	0.724109148687	0.716420872061	0.71240070677	0.707183446	0.714451151055	0.707551827952	0.704952859506	0.670929248297	0.73721009396	0.688769481301	0.682189322662	0.691818734139	0.682330407837	0.671871334246	0.681415195597	0.666998707481	0.684484368953	0.655780124735	0.670087373262	0.67129884849	0.651441453458	0.668432867323	0.709512395547	0.713972470441	0.716069812449	0.694008503458	0.681984308261	0.669889137435	0.695874849944	0.697083361238	0.68191918692	0.68946602134	0.666816184758	0.675733829156	0.692896182953	0.69675817956	0.686560352385	0.674569342093	0.682689256272	0.697974090333
AC4	0.662598462172	0.63817718551	0.757412063394	0.66800268153	0.505737846336	0.0	0.666708591391	0.638867318032	0.657952121389	0.660319800717	0.503770085005	0.421963736972	0.680307993698	0.664063694274	0.67358952078	0.650216185994	0.683455839231	0.650306827128	0.764012323105	0.675265190525	0.700497514215	0.666599207517	0.69816065763	0.695789923866	0.739579990392	0.69700589666	0.691043815941	0.686935853828	0.699543531398	0.667094773204	0.728184513074	0.672240404549	0.676252736988	0.661939527274	0.666886009612	0.651155505971	0.671212933442	0.644059419079	0.664227983416	0.641983713173	0.657750334181	0.672491608276	0.668407571001	0.646413601772	0.67437861321	0.681186866294	0.715810928886	0.675309021509	0.687197168077	0.666258417207	0.689922220666	0.685837415293	0.672530173204	0.685571481878	0.676030059938	0.679596430926	0.683757194922	0.662064740627	0.6732990476	0.677855571308	0.66809390394	0.685404618031
AD3	0.702689984875	0.672625171688	0.772112377362	0.699296275244	0.669473385901	0.666708591391	0.0	0.443578875356	0.69274096403	0.35885196917	0.705061234151	0.653992182231	0.709100556025	0.675007061368	0.694660927868	0.672670586645	0.703852142623	0.687806907523	0.774877798931	0.671815436429	0.714290014252	0.68830448141	0.721426915543	0.704916894364	0.726920807393	0.691764131864	0.695853741364	0.68944269987	0.695826475612	0.679850030532	0.727471892369	0.703458433611	0.72176244365	0.669954540594	0.676743552649	0.687897111159	0.683556446634	0.661439274818	0.656122393919	0.659776345812	0.645073900277	0.690539497697	0.674301515207	0.671769371909	0.687228673407	0.71254708279	0.699418768055	0.677121239132	0.687929172839	0.65351812397	0.705532851047	0.69597597223	0.69518435056	0.68003380984	0.68066339952	0.677715130537	0.683890172182	0.681464147074	0.69075628145	0.666982297945	0.716611272321	0.663871458244
AD4	0.679279249219	0.666072393552	0.752173060166	0.67336914235	0.643043712783	0.638867318032	0.443578875356	0.0	0.587277607757	0.401540059643	0.69222619395	0.653112776945	0.690090494055	0.656163001156	0.691363039074	0.661217540834	0.683606525614	0.659447700286	0.762713406025	0.635782490937	0.691972376129	0.670332752705	0.687102933645	0.676775171431	0.720684240665	0.665646295789	0.670301768757	0.676406193275	0.654936214673	0.640590679579	0.732968679076	0.675149496466	0.699622555496	0.664841385847	0.668279847782	0.672344445394	0.665124549411	0.667163339525	0.643847629436	0.646510711502	0.634706064446	0.676754890436	0.661007717206	0.670655055188	0.670772964538	0.686589425258	0.685046583352	0.657765830595	0.667113300552	0.6693213021	0.679072247739	0.682582624187	0.669323007635	0.664262115459	0.646308427521	0.652525984088	0.693091993388	0.674972067999	0.692843743966	0.676720391484	0.683639404568	0.68097446727
AE3	0.655171236497	0.678090134226	0.725361130923	0.670211406907	0.660466094298	0.657952121389	0.69274096403	0.587277607757	0.0	0.625888231406	0.648612473742	0.674117844981	0.679729686983	0.667953376712	0.662304645968	0.679550652188	0.651745009651	0.670309288457	0.764766362257	0.69104315089	0.719241567935	0.709236757205	0.656640022926	0.699425710049	0.74051790266	0.695920477453	0.678135428722	0.701256314535	0.660599471154	0.67021482547	0.731776637491	0.70031346551	0.633640742105	0.709652298439	0.685539007211	0.6875027586	0.645298667929	0.686029722051	0.665776410244	0.679101369969	0.676614990921	0.667057144801	0.690090432371	0.672321569189	0.722619508142	0.734382171326	0.704479265308	0.713904759576	0.70415373869	0.716891670731	0.69097275383	0.721930150382	0.682598129372	0.70059453914	0.63162754621	0.70090237259	0.707034667412	0.72947372268	0.713813924828	0.720204619054	0.664193687216	0.723989949956
AE4	0.695892768532	0.67533331682	0.788155567645	0.689560392713	0.666224747983	0.660319800717	0.35885196917	0.401540059643	0.625888231406	0.0	0.700080787189	0.647693086826	0.70867451458	0.686513860801	0.706531064803	0.682085351303	0.702754675953	0.690347863732	0.781693620028	0.663345890642	0.713453209773	0.697073162907	0.709517883827	0.692288101231	0.736075773445	0.697715410757	0.699634657092	0.680933079406	0.672571612436	0.653893639504	0.716972609689	0.697901956306	0.715976114968	0.654138104591	0.669629012967	0.678942232825	0.676265589769	0.655086918436	0.641177012816	0.638253740354	0.628154647124	0.687787140806	0.670932214522	0.668089594928	0.685242137333	0.699101547333	0.687269791489	0.66161944869	0.679937407605	0.663131543275	0.707000442876	0.688695490305	0.679589522879	0.673129988261	0.667305925994	0.661062900841	0.68064264695	0.683237551594	0.69377665802	0.67124526166	0.698912028315	0.658450383273
AF3	0.64551339193	0.665320469412	0.747156616204	0.65585505925	0.683918625483	0.503770085005	0.705061234151	0.69222619395	0.648612473742	0.700080787189	0.0	0.545899990119	0.667824137726	0.672534818422	0.671759508431	0.676299990577	0.669624040963	0.684535553552	0.758885432047	0.685433772413	0.693242865122	0.702523647292	0.687426335355	0.701897877853	0.759155326806	0.714082590795	0.701762275566	0.70262322073	0.698751738718	0.668613340393	0.72490841075	0.698001814384	0.651716126905	0.690672169508	0.663316516803	0.662509883498	0.662413762758	0.656170106817	0.676910951261	0.667748694852	0.701460380125	0.672496662216	0.683634531358	0.659267114662	0.692013622739	0.699606489647	0.722035081386	0.698569083821	0.695912882548	0.711052717978	0.698676984808	0.719962881924	0.695327395368	0.709621326326	0.687957382542	0.710110795741	0.685372831996	0.701826360215	0.682146451079	0.722869258588	0.656750912371	0.725192874734
AF4	0.672640468339	0.645106891433	0.767299304167	0.686029742303	0.487160708	0.421963736972	0.653992182231	0.653112776945	0.674117844981	0.647693086826	0.545899990119	0.0	0.708109676805	0.676834127087	0.695731792329	0.65668656226	0.682493799866	0.693975797289	0.765011812663	0.679535989989	0.720593435031	0.692352313666	0.72125532661	0.709262559051	0.746069473297	0.708608693346	0.694381595736	0.68276915072	0.712031168377	0.683885592989	0.756472772979	0.712283879441	0.686133800219	0.659895591157	0.671135087037	0.651416880612	0.679560752389	0.638291982801	0.66665674447	0.654019363665	0.663134933188	0.659550293928	0.668789176717	0.660240664215	0.681438990698	0.68922528406	0.71559711589	0.676280143742	0.697578054584	0.666699876371	0.688605690396	0.688695094994	0.686667704958	0.694986290608	0.693996281082	0.687632193204	0.670300665737	0.673558689045	0.68411326592	0.680702349091	0.674962988024	0.683259194502
AG3	0.654638294998	0.656260663071	0.737714603126	0.438946337689	0.695354538121	0.680307993698	0.709100556025	0.690090494055	0.679729686983	0.70867451458	0.667824137726	0.708109676805	0.0	0.515256929677	0.684028526562	0.663845143494	0.67807797555	0.686717636365	0.771980304749	0.681914673234	0.686869040823	0.692238418295	0.685391378114	0.696603308352	0.730456067765	0.707945308615	0.685087680896	0.700261933583	0.686857913938	0.689909643864	0.737318989302	0.708256218895	0.699740096925	0.703059105936	0.696109512173	0.686553769478	0.689226148915	0.675879061766	0.699640691897	0.693761515956	0.703717896325	0.674421997723	0.677730990426	0.683418832983	0.715449880172	0.733259837316	0.708981886279	0.70845759158	0.656550381709	0.707728074117	0.702829285753	0.715633916176	0.687363770055	0.683530731439	0.686333693414	0.688308456269	0.709933828679	0.721564082691	0.690275831785	0.689020260027	0.68415380663	0.716079208636
AG4	0.626028181679	0.619590892881	0.602885820257	0.445607451597	0.66833075147	0.664063694274	0.675007061368	0.656163001156	0.667953376712	0.686513860801	0.672534818422	0.676834127087	0.515256929677	0.0	0.656890331164	0.622632709311	0.704278872729	0.689905847427	0.727577092848	0.677853772434	0.721662407417	0.677078519819	0.693830236992	0.711665674462	0.710871940779	0.690324360713	0.668679828981	0.682160924968	0.677048038659	0.667909780857	0.753360639141	0.719653541662	0.69843573649	0.720027533456	0.673299377203	0.679645746618	0.666475432838	0.66436997403	0.693351129866	0.675103742142	0.688630708082	0.653195937699	0.653469913158	0.666094379043	0.722237079351	0.748717540241	0.691302332224	0.679618820792	0.636781771893	0.673379140777	0.672778311651	0.686234134507	0.666817272341	0.67933311763	0.68199093215	0.680925162347	0.691683638625	0.697525387771	0.676422811778	0.67099107868	0.68150020086	0.684613366778
AH3	0.691350887811	0.503462776265	0.692355299028	0.670099253096	0.683715195409	0.67358952078	0.694660927868	0.691363039074	0.662304645968	0.706531064803	0.671759508431	0.695731792329	0.684028526562	0.656890331164	0.0	0.5436847186	0.678884034793	0.696040001714	0.774419062623	0.719659246423	0.732150186103	0.7082016219	0.683640854132	0.708596685373	0.746682750792	0.700367324251	0.699625033164	0.715073746083	0.703581328802	0.693740482002	0.75887101921	0.726090681253	0.680870354082	0.734082805484	0.687427744666	0.704562110265	0.680530552734	0.689856318184	0.69024466761	0.689175156521	0.70119363665	0.68326026813	0.682711633687	0.671443295241	0.726503075922	0.748059730799	0.707701636543	0.705174095004	0.707733284276	0.708939923209	0.70751034186	0.728730366293	0.717253090584	0.702538268066	0.663455246133	0.702165161924	0.716060651883	0.724631485428	0.699203448853	0.698189292387	0.700866916296	0.706559962525
AH4	0.493994176245	0.353163932836	0.722681225893	0.635916626882	0.662487483737	0.650216185994	0.672670586645	0.661217540834	0.679550652188	0.682085351303	0.676299990577	0.65668656226	0.663845143494	0.622632709311	0.5436847186	0.0	0.687734709108	0.695781269024	0.777300248978	0.680326905792	0.716967251468	0.675457453981	0.688838151711	0.702147252323	0.736931469234	0.686423749075	0.657150892478	0.664150980848	0.688315904783	0.68475176259	0.75303954426	0.707191732647	0.696989297304	0.678988378022	0.66902947957	0.677284082513	0.67319748586	0.647525252552	0.661718613974	0.674559915014	0.6618149956	0.681367749507	0.681759294306	0.653751564814	0.683098718712	0.697815757667	0.671763435957	0.651077178182	0.667290480065	0.65452454867	0.653244759156	0.675293435945	0.659902373866	0.644528119535	0.655678853024	0.643013894339	0.662516050391	0.675107517519	0.658068144652	0.661384930303	0.660593806636	0.635298616524
AA7	0.679889991973	0.696652492249	0.724210159396	0.689505575218	0.677945847005	0.683455839231	0.703852142623	0.683606525614	0.651745009651	0.702754675953	0.669624040963	0.682493799866	0.67807797555	0.704278872729	0.678884034793	0.687734709108	0.0	0.499829938139	0.779009860335	0.698406923757	0.666372017656	0.683702325806	0.65858994685	0.679663229807	0.70624612258	0.697304530556	0.641451482078	0.66937370991	0.657968903776	0.676425912492	0.704620538889	0.566532689734	0.661997101242	0.716635045559	0.705650359321	0.725683023759	0.654656389099	0.677089125853	0.701414147876	0.741771386813	0.722686296194	0.693978938589	0.708259297658	0.706053276	0.740527916122	0.745352565798	0.749327131671	0.724519738125	0.718654302356	0.731886036837	0.704385772854	0.741941868556	0.705690967973	0.702959455387	0.670940463164	0.714416239246	0.726928426423	0.733538985781	0.739217636757	0.730817935769	0.693940522094	0.724225172312
AA8	0.681572385395	0.684540664381	0.742130238774	0.683287448152	0.669822854265	0.650306827128	0.687806907523	0.659447700286	0.670309288457	0.690347863732	0.684535553552	0.693975797289	0.686717636365	0.689905847427	0.696040001714	0.695781269024	0.499829938139	0.0	0.768521803994	0.669119549042	0.639322771278	0.644023907168	0.670379207153	0.664814972494	0.690323506536	0.68102636386	0.646445762267	0.661967454206	0.656063543714	0.651644128763	0.555789774675	0.42835608538	0.680901517961	0.72126117326	0.716636077146	0.728647721648	0.666961635749	0.692168211325	0.709455095839	0.712304151398	0.701300405797	0.711341047406	0.699090689495	0.703795240564	0.718044892903	0.728125838311	0.731167928776	0.718426312734	0.701508284502	0.720606021125	0.719106881756	0.726880511656	0.687106701289	0.70492539734	0.676264389027	0.697165660909	0.738314900048	0.721160895662	0.735447224344	0.731048545965	0.695985487034	0.722823340078
AB7	0.755785782087	0.771917489809	0.708566512878	0.73267911987	0.757731991984	0.764012323105	0.774877798931	0.762713406025	0.764766362257	0.781693620028	0.758885432047	0.765011812663	0.771980304749	0.727577092848	0.774419062623	0.777300248978	0.779009860335	0.768521803994	0.0	0.571023946372	0.752795447115	0.76033621618	0.78352386237	0.797748364178	0.748448663016	0.776975815808	0.798422049718	0.774416600479	0.755770967	0.611489777159	0.764684414373	0.759599997424	0.777724278218	0.792668796455	0.779953223985	0.793588077369	0.762530665399	0.772335557679	0.80001818297	0.788125628729	0.791918641003	0.740709409958	0.757494671129	0.7791655914	0.795174553206	0.807355812234	0.821896809514	0.802396340085	0.792601275725	0.80008488984	0.80701330187	0.804333242005	0.795813605841	0.814948905484	0.782504466966	0.797058731849	0.793776516515	0.795655663955	0.805929735978	0.803193000344	0.790670860194	0.823146491675
AB8	0.689139975231	0.676028675593	0.721785742341	0.664582651411	0.684826309823	0.675265190525	0.671815436429	0.635782490937	0.69104315089	0.663345890642	0.685433772413	0.679535989989	0.681914673234	0.677853772434	0.719659246423	0.680326905792	0.698406923757	0.669119549042	0.571023946372	0.0	0.648984332244	0.63764814577	0.693816601168	0.668063517635	0.698841907212	0.677096185941	0.695523170004	0.654805326445	0.505730676017	0.407286838442	0.701806863543	0.647001947235	0.704790675922	0.687646011573	0.695965833193	0.694854085943	0.667846654718	0.668834546331	0.6939576459	0.68818548273	0.671846157146	0.666290494518	0.678532348034	0.669585765743	0.680203948006	0.699985955626	0.734276737012	0.691162253989	0.693059854266	0.696533204826	0.699797298472	0.710248148658	0.669951379941	0.688698431953	0.683915841845	0.679269348744	0.701148258612	0.700894282564	0.705528630885	0.70012929117	0.68770534962	0.711668365541
AC7	0.6993025503	0.718195897705	0.728406460387	0.691756303823	0.705175627997	0.700497514215	0.714290014252	0.691972376129	0.719241567935	0.713453209773	0.693242865122	0.720593435031	0.686869040823	0.721662407417	0.732150186103	0.716967251468	0.666372017656	0.639322771278	0.752795447115	0.648984332244	0.0	0.497607311404	0.687935216677	0.685259724055	0.688324585654	0.694251399057	0.681976964686	0.601077225752	0.647966640387	0.639376403721	0.659285924731	0.657508168427	0.714262314282	0.702264444763	0.728447749875	0.739448298393	0.709770608542	0.717456390666	0.712989268485	0.730817539421	0.728789623781	0.728677361296	0.727456265351	0.701672752967	0.699706706959	0.706769591524	0.757677436549	0.747877261142	0.703245454476	0.7406961974	0.759048864493	0.750683073948	0.703223647788	0.693660687378	0.707210351745	0.691897978258	0.75118065891	0.732772124561	0.744371265355	0.734964290393	0.7059279928	0.75644019456
AC8	0.684261872604	0.666229989528	0.754816293522	0.677862700154	0.687233197842	0.666599207517	0.68830448141	0.670332752705	0.709236757205	0.697073162907	0.702523647292	0.692352313666	0.692238418295	0.677078519819	0.7082016219	0.675457453981	0.683702325806	0.644023907168	0.76033621618	0.63764814577	0.497607311404	0.0	0.680770722219	0.664122969168	0.703651152588	0.668279443383	0.512817993941	0.425338587458	0.649508071091	0.634233368707	0.69952775472	0.655828619899	0.714955248328	0.671198894495	0.708080684863	0.708513000642	0.696726347062	0.686278020353	0.668162995637	0.703579049345	0.688062761941	0.709987365026	0.691458106591	0.677491653855	0.679641141495	0.688224856972	0.727005617243	0.698456532719	0.685330363379	0.682276236893	0.710647925008	0.696364977016	0.683051444283	0.662708670134	0.68001400738	0.657939370518	0.710707183589	0.684966365102	0.708893573172	0.707610998918	0.668519096266	0.694728268329
AD7	0.680688460709	0.687538997057	0.724327318416	0.696595535426	0.724109148687	0.69816065763	0.721426915543	0.687102933645	0.656640022926	0.709517883827	0.687426335355	0.72125532661	0.685391378114	0.693830236992	0.683640854132	0.688838151711	0.65858994685	0.670379207153	0.78352386237	0.693816601168	0.687935216677	0.680770722219	0.0	0.480573599908	0.714361058808	0.500852382222	0.662073087177	0.683575744739	0.653648107274	0.669265023944	0.704058882446	0.682214312609	0.663397928316	0.70043475749	0.723995481622	0.715600228672	0.687267809042	0.683918339966	0.70364152553	0.72110063537	0.709331064649	0.672586989654	0.699921411673	0.696008934987	0.708262377095	0.7151492419	0.722349169046	0.703448462397	0.681422552959	0.719173795225	0.691671938726	0.728522111275	0.684998252374	0.69028098534	0.649688500327	0.697446610383	0.704059868804	0.705378070269	0.705603994823	0.712999740043	0.664667946239	0.709019645577
AD8	0.699617336589	0.693954035158	0.745599773398	0.705717216	0.716420872061	0.695789923866	0.704916894364	0.676775171431	0.699425710049	0.692288101231	0.701897877853	0.709262559051	0.696603308352	0.711665674462	0.708596685373	0.702147252323	0.679663229807	0.664814972494	0.797748364178	0.668063517635	0.685259724055	0.664122969168	0.480573599908	0.0	0.604394116829	0.409403321392	0.630590441349	0.665864568695	0.645403686205	0.651707049882	0.700435898776	0.653065952199	0.693479827062	0.70097052168	0.728458366653	0.720805535684	0.691818737937	0.687177922621	0.71426058615	0.720563321267	0.704383803531	0.707101270233	0.704424746825	0.700482548839	0.701407698588	0.713870099159	0.727277519748	0.715385889923	0.68116298828	0.718640031893	0.699574000339	0.729009278963	0.686353486628	0.684237890049	0.665821244077	0.682317172756	0.720898458375	0.71177815342	0.723233328197	0.711552612067	0.684328111623	0.716930847961
AE7	0.727999475947	0.732008422606	0.699401624929	0.718182051202	0.71240070677	0.739579990392	0.726920807393	0.720684240665	0.74051790266	0.736075773445	0.759155326806	0.746069473297	0.730456067765	0.710871940779	0.746682750792	0.736931469234	0.70624612258	0.690323506536	0.748448663016	0.698841907212	0.688324585654	0.703651152588	0.714361058808	0.604394116829	0.0	0.50284900085	0.701460637552	0.72093010287	0.688761799248	0.688445814089	0.732566789037	0.664729104005	0.740749005532	0.757990661797	0.740222550665	0.759660254265	0.722757096224	0.753035435788	0.759238956671	0.763773787938	0.759120344996	0.75357992448	0.720001540164	0.731306260194	0.75019347305	0.776277481341	0.771000988681	0.78043403725	0.729158848331	0.761545749237	0.769958857307	0.786473656698	0.744628057231	0.753594836473	0.730567825851	0.743643142501	0.774044005935	0.776737606056	0.772783411416	0.761612686584	0.750164152484	0.784466241925
AE8	0.701268490355	0.693541663763	0.718821274824	0.695929802604	0.707183446	0.69700589666	0.691764131864	0.665646295789	0.695920477453	0.697715410757	0.714082590795	0.708608693346	0.707945308615	0.690324360713	0.700367324251	0.686423749075	0.697304530556	0.68102636386	0.776975815808	0.677096185941	0.694251399057	0.668279443383	0.500852382222	0.409403321392	0.50284900085	0.0	0.657845088404	0.676666204239	0.662107200447	0.658109500224	0.718491713	0.686355856328	0.708234957309	0.71280419921	0.720322929592	0.721514045646	0.700901278294	0.703173474763	0.719024251511	0.733806593628	0.7102932983	0.688909362741	0.702722356852	0.695605139106	0.708414120345	0.727681361466	0.721733682347	0.710949612354	0.683080773104	0.716650685168	0.699932114127	0.729484220494	0.696438717486	0.696895125872	0.670266971956	0.686739530952	0.722889591627	0.709748264255	0.723752214297	0.714524173203	0.699684836389	0.712942490468
AF7	0.681609756305	0.677366988744	0.756895593562	0.679555205719	0.714451151055	0.691043815941	0.695853741364	0.670301768757	0.678135428722	0.699634657092	0.701762275566	0.694381595736	0.685087680896	0.668679828981	0.699625033164	0.657150892478	0.641451482078	0.646445762267	0.798422049718	0.695523170004	0.681976964686	0.512817993941	0.662073087177	0.630590441349	0.701460637552	0.657845088404	0.0	0.435985770763	0.641144183761	0.681350606838	0.720707327775	0.680213239659	0.684656907618	0.704290424962	0.70920630278	0.710849702565	0.685582306725	0.685294681697	0.676898208348	0.70466155557	0.692366938656	0.696450847226	0.699199854431	0.667527364276	0.721677682274	0.728346155123	0.717967511467	0.700606081259	0.692379358526	0.695367411432	0.686978600907	0.713560205281	0.691965254715	0.662564094791	0.669266650828	0.683003941519	0.691195830311	0.725199808259	0.701818565396	0.70729003082	0.674374348532	0.69326514173
AF8	0.689259208494	0.669289371995	0.75598265308	0.685765899149	0.707551827952	0.686935853828	0.68944269987	0.676406193275	0.701256314535	0.680933079406	0.70262322073	0.68276915072	0.700261933583	0.682160924968	0.715073746083	0.664150980848	0.66937370991	0.661967454206	0.774416600479	0.654805326445	0.601077225752	0.425338587458	0.683575744739	0.665864568695	0.72093010287	0.676666204239	0.435985770763	0.0	0.649774731606	0.660730889858	0.71424699759	0.669280134254	0.707712374523	0.678477021963	0.716489552891	0.719852104924	0.694733691866	0.677551118261	0.67019096735	0.716222876657	0.697944407112	0.703071530857	0.692100482114	0.675645502059	0.706237354685	0.70843789846	0.723132756979	0.687871498659	0.690409097097	0.685304208068	0.689987568343	0.693579643308	0.679140932561	0.663985016677	0.67971128959	0.668338094065	0.686603679675	0.693791956994	0.6993442548	0.706380243717	0.675226434211	0.698869964999
AG7	0.692979691722	0.696104923744	0.720918400168	0.677009272933	0.704952859506	0.699543531398	0.695826475612	0.654936214673	0.660599471154	0.672571612436	0.698751738718	0.712031168377	0.686857913938	0.677048038659	0.703581328802	0.688315904783	0.657968903776	0.656063543714	0.755770967	0.505730676017	0.647966640387	0.649508071091	0.653648107274	0.645403686205	0.688761799248	0.662107200447	0.641144183761	0.649774731606	0.0	0.470684079545	0.689581585023	0.666547580453	0.686117719344	0.696407337902	0.708140100748	0.701937392168	0.659745958899	0.671702190293	0.686223127754	0.709133826868	0.682154140957	0.697145368877	0.700491664267	0.669337879618	0.703650195332	0.714328196509	0.731996333414	0.714605061968	0.701504798249	0.701417653257	0.686251622191	0.721743106274	0.666730542837	0.674164479928	0.673179644211	0.686096632784	0.701761776388	0.72115224241	0.716827655495	0.712486735532	0.668423609928	0.70462704237
AG8	0.678838159922	0.675719739515	0.727297627127	0.663246298929	0.670929248297	0.667094773204	0.679850030532	0.640590679579	0.67021482547	0.653893639504	0.668613340393	0.683885592989	0.689909643864	0.667909780857	0.693740482002	0.68475176259	0.676425912492	0.651644128763	0.611489777159	0.407286838442	0.639376403721	0.634233368707	0.669265023944	0.651707049882	0.688445814089	0.658109500224	0.681350606838	0.660730889858	0.470684079545	0.0	0.685341879691	0.633751515262	0.684133887668	0.69454116364	0.693605825325	0.689914556334	0.649060535692	0.673492093114	0.689301027557	0.683840493978	0.669141228207	0.676824975091	0.68735932142	0.674153760327	0.688750639959	0.698979758065	0.740080777706	0.692964096243	0.693908573005	0.708081172216	0.710829404245	0.723870332888	0.678720073053	0.688883502375	0.678045951474	0.680314940828	0.707160745451	0.710896349462	0.708938585772	0.713557512851	0.679555066536	0.724836372924
AH7	0.739330546298	0.749935568145	0.755721856736	0.73765381244	0.73721009396	0.728184513074	0.727471892369	0.732968679076	0.731776637491	0.716972609689	0.72490841075	0.756472772979	0.737318989302	0.753360639141	0.75887101921	0.75303954426	0.704620538889	0.555789774675	0.764684414373	0.701806863543	0.659285924731	0.69952775472	0.704058882446	0.700435898776	0.732566789037	0.718491713	0.720707327775	0.71424699759	0.689581585023	0.685341879691	0.0	0.544189306664	0.70795245324	0.766868635473	0.770836089313	0.776756908426	0.746835926153	0.756440379237	0.758282850459	0.756810849799	0.756549390579	0.761579831452	0.756268345733	0.746687124547	0.766281996551	0.756656908476	0.771943989081	0.756672368359	0.742183674622	0.765180847877	0.786100641139	0.784002543501	0.745282260411	0.751905444242	0.72946776158	0.740690498817	0.781792632351	0.785101222609	0.778984355656	0.775859341586	0.744457500067	0.749857438689
AH8	0.698041589053	0.6965197492	0.770181232154	0.708454924282	0.688769481301	0.672240404549	0.703458433611	0.675149496466	0.70031346551	0.697901956306	0.698001814384	0.712283879441	0.708256218895	0.719653541662	0.726090681253	0.707191732647	0.566532689734	0.42835608538	0.759599997424	0.647001947235	0.657508168427	0.655828619899	0.682214312609	0.653065952199	0.664729104005	0.686355856328	0.680213239659	0.669280134254	0.666547580453	0.633751515262	0.544189306664	0.0	0.694100216458	0.720922654277	0.725967205526	0.722490681549	0.695844001917	0.695073366071	0.713308216467	0.716762158791	0.701778803686	0.72834182807	0.685540730592	0.709566053781	0.720083116411	0.73073803072	0.726164722368	0.724398104909	0.709705984049	0.726970197358	0.730404605165	0.730575398356	0.699158463634	0.703134194452	0.696502100908	0.692740489229	0.734678007434	0.731769965262	0.742717102642	0.738229224564	0.708663259247	0.734269693054
AA5	0.662508358032	0.683516513234	0.742368618371	0.686336105324	0.682189322662	0.676252736988	0.72176244365	0.699622555496	0.633640742105	0.715976114968	0.651716126905	0.686133800219	0.699740096925	0.69843573649	0.680870354082	0.696989297304	0.661997101242	0.680901517961	0.777724278218	0.704790675922	0.714262314282	0.714955248328	0.663397928316	0.693479827062	0.740749005532	0.708234957309	0.684656907618	0.707712374523	0.686117719344	0.684133887668	0.70795245324	0.694100216458	0.0	0.614876298924	0.69396807275	0.675599664593	0.650720459901	0.654813162039	0.699552106015	0.694378851979	0.683217386865	0.662458761383	0.672314234165	0.658806946915	0.718995990326	0.644058865178	0.706017357591	0.706796372142	0.692169572653	0.714572135639	0.693501055859	0.721196211984	0.679401699914	0.708229626286	0.663610735078	0.695636428655	0.681200185068	0.717792987557	0.69125527757	0.709117683887	0.65907437841	0.727178471301
AA6	0.692735068396	0.677614953365	0.80175076129	0.695421404931	0.691818734139	0.661939527274	0.669954540594	0.664841385847	0.709652298439	0.654138104591	0.690672169508	0.659895591157	0.703059105936	0.720027533456	0.734082805484	0.678988378022	0.716635045559	0.72126117326	0.792668796455	0.687646011573	0.702264444763	0.671198894495	0.70043475749	0.70097052168	0.757990661797	0.71280419921	0.704290424962	0.678477021963	0.696407337902	0.69454116364	0.766868635473	0.720922654277	0.614876298924	0.0	0.706297924967	0.684708849836	0.652738116889	0.610492890059	0.687961442166	0.681962916332	0.669341786465	0.675014054164	0.662248343016	0.660834825531	0.453069901331	0.421066932571	0.700544291048	0.683074896195	0.667153452033	0.670288042653	0.690361141891	0.681587089738	0.67724688939	0.680518870176	0.684779246668	0.674313836839	0.659750799783	0.675456442038	0.675980091516	0.67507123605	0.664198225936	0.688184691655
AB5	0.681104929396	0.666252365353	0.736655538096	0.673189442603	0.682330407837	0.666886009612	0.676743552649	0.668279847782	0.685539007211	0.669629012967	0.663316516803	0.671135087037	0.696109512173	0.673299377203	0.687427744666	0.66902947957	0.705650359321	0.716636077146	0.779953223985	0.695965833193	0.728447749875	0.708080684863	0.723995481622	0.728458366653	0.740222550665	0.720322929592	0.70920630278	0.716489552891	0.708140100748	0.693605825325	0.770836089313	0.725967205526	0.69396807275	0.706297924967	0.0	0.430637530193	0.657814213333	0.671967956715	0.665115181226	0.640969304538	0.649086745518	0.693863918064	0.678408159531	0.64366623342	0.705020873216	0.711033938606	0.672039133183	0.698674187272	0.681668082496	0.705730224508	0.685681629377	0.686114420478	0.665608051271	0.684322944535	0.690617510737	0.664431568919	0.705527760166	0.679467676487	0.70552507809	0.723081340852	0.650820018033	0.699269952417
AB6	0.675101960503	0.662552040265	0.767373552644	0.674454801578	0.671871334246	0.651155505971	0.687897111159	0.672344445394	0.6875027586	0.678942232825	0.662509883498	0.651416880612	0.686553769478	0.679645746618	0.704562110265	0.677284082513	0.725683023759	0.728647721648	0.793588077369	0.694854085943	0.739448298393	0.708513000642	0.715600228672	0.720805535684	0.759660254265	0.721514045646	0.710849702565	0.719852104924	0.701937392168	0.689914556334	0.776756908426	0.722490681549	0.675599664593	0.684708849836	0.430637530193	0.0	0.657652524917	0.650751848444	0.673028389589	0.633711610215	0.65044613983	0.683560754487	0.675512040424	0.555873746482	0.699702788464	0.698014196153	0.679731006162	0.686535580757	0.680519208113	0.688193119555	0.678731070846	0.679551712733	0.657003678343	0.670525306331	0.678753524046	0.65871743324	0.678019915096	0.677900518056	0.659272884199	0.698541460835	0.656701786122	0.689675664636
AC5	0.643203885894	0.663871909938	0.722424358101	0.659464704591	0.681415195597	0.671212933442	0.683556446634	0.665124549411	0.645298667929	0.676265589769	0.662413762758	0.679560752389	0.689226148915	0.666475432838	0.680530552734	0.67319748586	0.654656389099	0.666961635749	0.762530665399	0.667846654718	0.709770608542	0.696726347062	0.687267809042	0.691818737937	0.722757096224	0.700901278294	0.685582306725	0.694733691866	0.659745958899	0.649060535692	0.746835926153	0.695844001917	0.650720459901	0.652738116889	0.657814213333	0.657652524917	0.0	0.484822760224	0.644718914131	0.667165772447	0.649337936589	0.660508130953	0.607872422936	0.638345023035	0.650304001719	0.675830782909	0.658658874707	0.685980781559	0.637850522839	0.674696739652	0.652174966127	0.666515547082	0.645911608928	0.659493426966	0.624642643412	0.654495068534	0.647797503387	0.656993975289	0.645359488332	0.695853358077	0.645933044314	0.68912700051
AC6	0.65397789086	0.640681233627	0.766887900493	0.650377820747	0.666998707481	0.644059419079	0.661439274818	0.667163339525	0.686029722051	0.655086918436	0.656170106817	0.638291982801	0.675879061766	0.66436997403	0.689856318184	0.647525252552	0.677089125853	0.692168211325	0.772335557679	0.668834546331	0.717456390666	0.686278020353	0.683918339966	0.687177922621	0.753035435788	0.703173474763	0.685294681697	0.677551118261	0.671702190293	0.673492093114	0.756440379237	0.695073366071	0.654813162039	0.610492890059	0.671967956715	0.650751848444	0.484822760224	0.0	0.6449118208	0.648573271157	0.642521826148	0.591750662209	0.527320265482	0.622535827257	0.647876836653	0.64631624045	0.656543743795	0.678752175552	0.643785984785	0.637708979827	0.654786041854	0.661293705458	0.651863136511	0.653132023384	0.656087765618	0.656104670108	0.621869711694	0.650687755721	0.635891010462	0.659270547072	0.634711125265	0.655763951061
AD6	0.674527692643	0.652925977376	0.783036722933	0.692419357832	0.684484368953	0.664227983416	0.656122393919	0.643847629436	0.665776410244	0.641177012816	0.676910951261	0.66665674447	0.699640691897	0.693351129866	0.69024466761	0.661718613974	0.701414147876	0.709455095839	0.80001818297	0.6939576459	0.712989268485	0.668162995637	0.70364152553	0.71426058615	0.759238956671	0.719024251511	0.676898208348	0.67019096735	0.686223127754	0.689301027557	0.758282850459	0.713308216467	0.699552106015	0.687961442166	0.665115181226	0.673028389589	0.644718914131	0.6449118208	0.0	0.516366078435	0.441526874645	0.672288247829	0.648225008616	0.661039331839	0.683693268959	0.695478052291	0.693383418655	0.659852419548	0.669316235296	0.655526941715	0.695773783921	0.689506980517	0.662800262848	0.655636617506	0.67002918801	0.656943070607	0.673387901342	0.701350945844	0.667491080902	0.684093942483	0.637958581582	0.647803874199
AE5	0.681221975321	0.660942639634	0.785253732161	0.676033156373	0.655780124735	0.641983713173	0.659776345812	0.646510711502	0.679101369969	0.638253740354	0.667748694852	0.654019363665	0.693761515956	0.675103742142	0.689175156521	0.674559915014	0.741771386813	0.712304151398	0.788125628729	0.68818548273	0.730817539421	0.703579049345	0.72110063537	0.720563321267	0.763773787938	0.733806593628	0.70466155557	0.716222876657	0.709133826868	0.683840493978	0.756810849799	0.716762158791	0.694378851979	0.681962916332	0.640969304538	0.633711610215	0.667165772447	0.648573271157	0.516366078435	0.0	0.416815916763	0.675196184775	0.675264650265	0.656902933979	0.683483609593	0.690025971364	0.676595746041	0.675369634714	0.654033802493	0.642352068841	0.683406141321	0.683418549212	0.647082379161	0.640013232912	0.65849437996	0.629388909618	0.657166611362	0.689069229322	0.655845934142	0.650054790147	0.64935720595	0.665231376899
AE6	0.683580627831	0.658675764217	0.792735865943	0.688819551874	0.670087373262	0.657750334181	0.645073900277	0.634706064446	0.676614990921	0.628154647124	0.701460380125	0.663134933188	0.703717896325	0.688630708082	0.70119363665	0.6618149956	0.722686296194	0.701300405797	0.791918641003	0.671846157146	0.728789623781	0.688062761941	0.709331064649	0.704383803531	0.759120344996	0.7102932983	0.692366938656	0.697944407112	0.682154140957	0.669141228207	0.756549390579	0.701778803686	0.683217386865	0.669341786465	0.649086745518	0.65044613983	0.649337936589	0.642521826148	0.441526874645	0.416815916763	0.0	0.656724851692	0.64743860045	0.66103170446	0.671478610584	0.682785565728	0.676566551068	0.666232260141	0.649958678462	0.63820515155	0.66871857029	0.668753699585	0.637289844959	0.629286829986	0.654005853969	0.624970824245	0.650133638275	0.681996164864	0.666831971722	0.64512703876	0.64070257033	0.654453542298
AF5	0.683424922635	0.682264913675	0.721682520202	0.6647120678	0.67129884849	0.672491608276	0.690539497697	0.676754890436	0.667057144801	0.687787140806	0.672496662216	0.659550293928	0.674421997723	0.653195937699	0.68326026813	0.681367749507	0.693978938589	0.711341047406	0.740709409958	0.666290494518	0.728677361296	0.709987365026	0.672586989654	0.707101270233	0.75357992448	0.688909362741	0.696450847226	0.703071530857	0.697145368877	0.676824975091	0.761579831452	0.72834182807	0.662458761383	0.675014054164	0.693863918064	0.683560754487	0.660508130953	0.591750662209	0.672288247829	0.675196184775	0.656724851692	0.0	0.489664389097	0.629273066613	0.700757099587	0.710483802784	0.722110645616	0.692142090637	0.674638671473	0.687863007834	0.678245993915	0.719553030466	0.685069998044	0.701518059597	0.66982574961	0.687030461801	0.674272556045	0.721582121491	0.66992624858	0.687042154423	0.663879112192	0.691296640559
AF6	0.679514195509	0.661205819135	0.728429337628	0.666902040178	0.651441453458	0.668407571001	0.674301515207	0.661007717206	0.690090432371	0.670932214522	0.683634531358	0.668789176717	0.677730990426	0.653469913158	0.682711633687	0.681759294306	0.708259297658	0.699090689495	0.757494671129	0.678532348034	0.727456265351	0.691458106591	0.699921411673	0.704424746825	0.720001540164	0.702722356852	0.699199854431	0.692100482114	0.700491664267	0.68735932142	0.756268345733	0.685540730592	0.672314234165	0.662248343016	0.678408159531	0.675512040424	0.607872422936	0.527320265482	0.648225008616	0.675264650265	0.64743860045	0.489664389097	0.0	0.631512956239	0.692039911422	0.688660224468	0.680341947656	0.682606462883	0.658401230765	0.666887652512	0.685096068964	0.694880323786	0.685586503885	0.70320651733	0.674907786487	0.682243281294	0.671129583386	0.694445069427	0.659601088887	0.668030145045	0.670324984861	0.690696544795
