	AA3	AA4	AB3	AB4	AC3	AC4	AD3	AD4	AE3	AE4	AF3	AF4	AG3	AG4	AH3	AH4	AA7	AA8	AB7	AB8	AC7	AC8	AD7	AD8	AE7	AE8	AF7	AF8	AG7	AG8	AH7	AH8	AA5	AA6	AB5	AB6	AC5	AC6	AD6	AE5	AE6	AF5	AF6	AG5	AH5	AH6	AA1	AA2	AB1	AB2	AC1	AC2	AD1	AD2	AE1	AE2	AF1	AF2	AG1	AG2	AH1	AH2
AA3	0.0	0.495866061418	0.676040100727	0.664389098547	0.66907413903	0.680979344279	0.69188901416	0.703032262545	0.670457703836	0.685609622742	0.654054466111	0.676490107981	0.647190908467	0.634904518664	0.699590982733	0.495110102178	0.676340774929	0.6888767369	0.755375324059	0.680087855689	0.697171065459	0.687732740869	0.691725908937	0.705206562985	0.726856256396	0.682943227372	0.66272367688	0.690184382277	0.690364538987	0.684002595228	0.741143339531	0.698408116668	0.662931133753	0.691079299514	0.68519606602	0.677872149445	0.658233199284	0.647102363809	0.669889063305	0.683614417765	0.688498330928	0.686448787277	0.671135296168	0.682084966337	0.703337282537	0.706129866754	0.65700728822	0.689451041665	0.643164390515	0.689924924879	0.682726503217	0.672750278093	0.634546401553	0.681218859115	0.674948621368	0.670788584687	0.679008322279	0.694938226627	0.643693614286	0.684915721569	0.636980645952	0.68183125659
AA4	0.495866061418	0.0	0.67816652408	0.64002514625	0.651679347846	0.640959629075	0.655857530364	0.665521937937	0.667703067301	0.635906575912	0.666373817585	0.644289299855	0.651295769243	0.619939347632	0.529747071045	0.379237901608	0.687343770466	0.685170093242	0.767092897153	0.681216272537	0.705978835503	0.666446524334	0.680941345629	0.684505964165	0.72685412321	0.674757657554	0.660842704889	0.657685977207	0.683665103996	0.673688089869	0.745860058655	0.674551302523	0.666836529177	0.668221732244	0.671777920861	0.650530356783	0.649885564996	0.62335574812	0.622925475073	0.653437014537	0.638307378918	0.666007835186	0.646337797401	0.650684619182	0.684336382127	0.679472608161	0.652804457366	0.649076947893	0.627631365742	0.64567128015	0.651179344905	0.647037573351	0.629318492351	0.657930322723	0.657815053444	0.636580906639	0.636629365198	0.648989493135	0.628272769742	0.641138749733	0.633556359459	0.638431741955
AB3	0.676040100727	0.67816652408	0.0	0.643862754141	0.710011677194	0.718098691092	0.742735587051	0.748586651022	0.705851502612	0.739559759913	0.710888213677	0.741396227178	0.669883671329	0.573844200957	0.657002956293	0.693109258347	0.696643171573	0.723704210665	0.727736127721	0.682332600609	0.699740393386	0.699437653247	0.706717710999	0.710645681005	0.716177769434	0.717551545289	0.697511307883	0.702835252498	0.669592453548	0.687528374538	0.731793068321	0.714209136178	0.691728944074	0.752789416278	0.716351011556	0.712691799008	0.7042534314	0.704365761011	0.753352464897	0.738402557331	0.75594086408	0.67714299082	0.701078365776	0.724117259863	0.77632216201	0.776492327034	0.754208225397	0.7587761098	0.700102808883	0.750998305494	0.728305921901	0.752328850851	0.732428511063	0.754436053053	0.734837367898	0.743584440706	0.739899053886	0.75090061254	0.732658823009	0.752475113526	0.719733382371	0.73974703068
AB4	0.664389098547	0.64002514625	0.643862754141	0.0	0.686923628185	0.688398450151	0.698209012808	0.693040318427	0.696930301594	0.692190472753	0.664924890586	0.689880632627	0.405900977076	0.442151442452	0.679890531876	0.659298809542	0.705067530013	0.699066426368	0.75486605222	0.677582745866	0.694655542443	0.682808769332	0.685018867587	0.699647146235	0.719506807685	0.695066899588	0.68038863065	0.685694337404	0.678338633543	0.672755158759	0.732155185121	0.702379589019	0.700447459026	0.708895307231	0.68618996916	0.673761291039	0.684245587308	0.673000558274	0.674826108567	0.683751310146	0.700174721735	0.667232059824	0.654282619761	0.705895233945	0.719490052097	0.724663851191	0.695481854879	0.702019784678	0.638839252401	0.692901070658	0.702886171488	0.713044077951	0.668897183235	0.69174868857	0.690884538759	0.690565854258	0.690164391165	0.707791142807	0.696776976212	0.69776227367	0.667025232632	0.689131039775
AC3	0.66907413903	0.651679347846	0.710011677194	0.686923628185	0.0	0.507387760705	0.672462834571	0.680862363155	0.660108741512	0.663352450283	0.676749937173	0.435052001787	0.683265933511	0.68374258632	0.686449521951	0.661726581339	0.688478355308	0.694544196581	0.768479379703	0.681320398711	0.718809461827	0.70798161076	0.723420768547	0.722078144417	0.722739475669	0.712236833812	0.715061190231	0.714572066779	0.712087332074	0.699479023457	0.762387122495	0.704898303709	0.664251544285	0.695498623317	0.682781238136	0.676251034305	0.688355993215	0.675708630217	0.664323450166	0.649965557839	0.657386211189	0.678609668897	0.671029344334	0.692275770742	0.722003526043	0.707224167782	0.702423622917	0.714331055952	0.703887223776	0.68979582256	0.66861139224	0.683411295129	0.687075278988	0.683699893941	0.669101683519	0.679959615115	0.706067940711	0.679908977523	0.688140921646	0.67608625067	0.679851871961	0.700099855209
AC4	0.680979344279	0.640959629075	0.718098691092	0.688398450151	0.507387760705	0.0	0.678951065933	0.660166172711	0.673950591958	0.6553789424	0.530412924274	0.380638480345	0.677314030971	0.683201440786	0.686746449123	0.64064821434	0.689445009514	0.685259325524	0.762669210505	0.68318457983	0.708845073766	0.679195925181	0.718726469526	0.696418693384	0.754890475805	0.708304536803	0.692734384593	0.668996519996	0.714498015744	0.685871330288	0.740469417804	0.682450696569	0.669733571431	0.667261945009	0.674011421171	0.668297153831	0.694864241511	0.662832732583	0.653938492076	0.656396089127	0.661153497651	0.666293363456	0.661674922219	0.666674824021	0.691758336883	0.677338379267	0.713284753931	0.706484049947	0.692827162589	0.677913131418	0.690605278465	0.66879333372	0.691394535275	0.685700769997	0.702590243386	0.688783443539	0.69320078763	0.695631162482	0.67847459255	0.677700562501	0.666611398982	0.691923458751
AD3	0.69188901416	0.655857530364	0.742735587051	0.698209012808	0.672462834571	0.678951065933	0.0	0.385441642428	0.669899567209	0.378126760894	0.704769524993	0.658187605684	0.704715577375	0.678683067192	0.6941359915	0.659116873437	0.710443144504	0.678360384422	0.771739635307	0.67015368258	0.717358444364	0.679929312022	0.711102637831	0.692969509954	0.729400873801	0.676064438951	0.679691829653	0.668571163066	0.69864073014	0.672357035426	0.724241395544	0.688355599749	0.691961397928	0.656828166399	0.669097690299	0.665428271364	0.672544066588	0.659425943241	0.616172458499	0.639112856912	0.634133042319	0.689280115578	0.674459935808	0.702842413755	0.684883888627	0.677745310199	0.68871812269	0.696910067101	0.681751633257	0.662627910384	0.689923018914	0.691328029259	0.69174502984	0.684650085486	0.683225651644	0.674429040855	0.678523194512	0.667849833406	0.686879984131	0.649788887894	0.692769574651	0.678224525403
AD4	0.703032262545	0.665521937937	0.748586651022	0.693040318427	0.680862363155	0.660166172711	0.385441642428	0.0	0.604772785547	0.411358006454	0.689732241388	0.643470234155	0.703561326797	0.683758571903	0.708588609007	0.673377457865	0.703513304318	0.662679673393	0.784469264253	0.656027618066	0.715010023483	0.679927520289	0.69832496694	0.673731114094	0.730392598159	0.668809370579	0.686198528022	0.676228617823	0.674194276473	0.645694093176	0.707025933707	0.679229837791	0.684627697132	0.652943567872	0.661293956192	0.664222249572	0.681492158203	0.657862569138	0.612991680869	0.628058105125	0.635779859973	0.691098383571	0.669384658896	0.689887464902	0.676049654101	0.673091949379	0.690061531541	0.700698269586	0.68035893054	0.675796959181	0.69345930474	0.691633511676	0.675296765898	0.688125792054	0.675953493885	0.673470661779	0.694716419445	0.679040499055	0.69636082389	0.670293924098	0.68536398299	0.697133968575
AE3	0.670457703836	0.667703067301	0.705851502612	0.696930301594	0.660108741512	0.673950591958	0.669899567209	0.604772785547	0.0	0.647947620247	0.664106252783	0.673033469594	0.689085789274	0.694578377658	0.689784993975	0.666821270376	0.664637782622	0.67445799619	0.772898961724	0.692206585189	0.727230500439	0.713958290954	0.677277271828	0.698426002421	0.752476936744	0.69835952248	0.662639790794	0.713736743576	0.672629953728	0.679939008465	0.732004770139	0.698395317161	0.617132981123	0.704867357278	0.682610823378	0.696194113928	0.656981680422	0.67773616878	0.671973527499	0.688705059903	0.691253164056	0.669864936187	0.688724153407	0.690681879374	0.727723812936	0.724103446817	0.708058414225	0.72248149454	0.701623139138	0.722148844588	0.691703081701	0.716271072663	0.683369173247	0.717211773666	0.670045348703	0.70568927547	0.691213780986	0.719978203544	0.706071278433	0.697619284239	0.6586491064	0.720976615278
AE4	0.685609622742	0.635906575912	0.739559759913	0.692190472753	0.663352450283	0.6553789424	0.378126760894	0.411358006454	0.647947620247	0.0	0.685589742372	0.653324743465	0.700755341594	0.677952088517	0.697853820848	0.668108814719	0.705831039051	0.686397873347	0.76835904709	0.651565636981	0.70634565535	0.66826804862	0.70936637569	0.681703626427	0.718440665055	0.672765349437	0.681219450059	0.653684679218	0.676377779653	0.641185395365	0.742203399237	0.675136841186	0.683979589294	0.655018027436	0.671485484806	0.644035654088	0.676481757021	0.64826576066	0.596553306289	0.626728721825	0.607609792609	0.68980019856	0.663550951127	0.672319746936	0.684036165373	0.67255658794	0.676544094096	0.68355091524	0.674113208401	0.646428000035	0.671618484667	0.674165125872	0.666411393158	0.675411944023	0.669932615774	0.656907736165	0.67436191474	0.670344009664	0.665936991189	0.645630792445	0.677261325895	0.684010442818
AF3	0.654054466111	0.666373817585	0.710888213677	0.664924890586	0.676749937173	0.530412924274	0.704769524993	0.689732241388	0.664106252783	0.685589742372	0.0	0.551599687952	0.667818890069	0.677294105378	0.679147615879	0.673473876003	0.68266016358	0.689777606668	0.762724063464	0.689169602231	0.680839013718	0.70519148968	0.692858213554	0.704469293946	0.762895988772	0.715115850662	0.691601637957	0.70552721013	0.691300995725	0.673556485724	0.719095228197	0.693855472059	0.650891455498	0.690151212617	0.669892568693	0.688516400617	0.656621419686	0.665052698313	0.662106446755	0.675774028024	0.691452581191	0.680350947061	0.664364502145	0.679229968109	0.701772373757	0.676420818313	0.714314433115	0.721655054528	0.683162500656	0.704353860058	0.70227098105	0.701207965014	0.691873502252	0.711519118011	0.698114373789	0.714905144984	0.7005534199	0.726890324138	0.682125298012	0.713101575053	0.647249885978	0.71789399817
AF4	0.676490107981	0.644289299855	0.741396227178	0.689880632627	0.435052001787	0.380638480345	0.658187605684	0.643470234155	0.673033469594	0.653324743465	0.551599687952	0.0	0.685080396642	0.694386381823	0.706822543935	0.648530493454	0.709159971644	0.686097788206	0.777252954883	0.681092462634	0.710413199352	0.690510069023	0.722427907417	0.706830274898	0.746434910924	0.708586775659	0.692468670603	0.692889023518	0.710603560708	0.68423361127	0.757545698781	0.697855350039	0.661030112715	0.652857013634	0.664197332905	0.675801151668	0.692761441773	0.649537183697	0.656955843616	0.647565421822	0.651284085513	0.675413818972	0.652758894742	0.676357865551	0.675414726352	0.662188828014	0.705088545932	0.708019740645	0.696834045941	0.67859747891	0.670554579794	0.665663421817	0.68048133316	0.683562229397	0.687833763234	0.673230627924	0.685498990197	0.66715786321	0.678164536759	0.666808348992	0.670898848081	0.686378208551
AG3	0.647190908467	0.651295769243	0.669883671329	0.405900977076	0.683265933511	0.677314030971	0.704715577375	0.703561326797	0.689085789274	0.700755341594	0.667818890069	0.685080396642	0.0	0.502760222916	0.676269757791	0.660746800665	0.682575700597	0.683543788585	0.7671640135	0.688931335969	0.676897085052	0.681057639391	0.685011908639	0.69728186202	0.718170553996	0.692882640756	0.677319795822	0.690639359134	0.687715753483	0.689457870255	0.732027662743	0.694353140887	0.685365077572	0.687266532748	0.694923865881	0.680850044632	0.686043496971	0.672148686303	0.678641927984	0.690272150461	0.697655353495	0.662959680716	0.657942824485	0.694960381794	0.71095521815	0.717821740776	0.690210800362	0.705750018436	0.640009178328	0.695607810344	0.696210553801	0.708401801658	0.66591833111	0.690360055944	0.684826190736	0.69105112046	0.698384364667	0.705160411597	0.688681526422	0.694739652589	0.673931689446	0.697153381383
AG4	0.634904518664	0.619939347632	0.573844200957	0.442151442452	0.68374258632	0.683201440786	0.678683067192	0.683758571903	0.694578377658	0.677952088517	0.677294105378	0.694386381823	0.502760222916	0.0	0.663944850013	0.616783228565	0.706054223436	0.714126045363	0.745496225134	0.673840471853	0.692225593309	0.668595570558	0.689688609296	0.692770696301	0.706139459449	0.683906183604	0.662959412405	0.663970449893	0.665294940497	0.660127304538	0.752706091797	0.700177228313	0.693818908409	0.714201387743	0.682229388843	0.663511614242	0.672276984707	0.660933857741	0.678865289166	0.690747294289	0.69675044799	0.663907612089	0.656498308594	0.687833020725	0.72612298252	0.724988559142	0.695728766583	0.711437133364	0.629644065161	0.67949279748	0.697915098286	0.70820228032	0.67834573287	0.696358744986	0.698512646191	0.69081122876	0.679049233877	0.707004669144	0.686373393835	0.683932146739	0.667586143673	0.698000277964
AH3	0.699590982733	0.529747071045	0.657002956293	0.679890531876	0.686449521951	0.686746449123	0.6941359915	0.708588609007	0.689784993975	0.697853820848	0.679147615879	0.706822543935	0.676269757791	0.663944850013	0.0	0.56056977881	0.685742495856	0.711085056978	0.784995202687	0.70424836244	0.704249835726	0.697464136782	0.692237204231	0.695059212655	0.733470401144	0.696113705077	0.685064709326	0.690377060846	0.689889127376	0.703656664588	0.751245134477	0.70983696736	0.666206790707	0.720463209507	0.687232383639	0.698814731987	0.679820887552	0.689632424657	0.687063801588	0.700858655772	0.680720390871	0.683874497387	0.685494821734	0.690047739469	0.729575243966	0.714527093836	0.719247633862	0.702679571409	0.707463822939	0.707054361578	0.698499459997	0.723665342625	0.704169441341	0.713982176292	0.689819391844	0.716378562798	0.709587406556	0.721294474386	0.703902046435	0.699155006537	0.692205288546	0.699744491318
AH4	0.495110102178	0.379237901608	0.693109258347	0.659298809542	0.661726581339	0.64064821434	0.659116873437	0.673377457865	0.666821270376	0.668108814719	0.673473876003	0.648530493454	0.660746800665	0.616783228565	0.56056977881	0.0	0.691173646685	0.68547570391	0.78002236318	0.681244665533	0.71696637734	0.673971474021	0.691759009518	0.692872820067	0.736293514323	0.680579195546	0.658714020247	0.669354264725	0.693187717061	0.684306292749	0.751194803423	0.688871472504	0.666619527402	0.674093122782	0.66448737416	0.67187651394	0.658420011753	0.634554819746	0.636429988959	0.66644311203	0.639044033011	0.655703447905	0.66744573533	0.669302253978	0.684584796515	0.68138241907	0.671612671045	0.649785701173	0.639781025418	0.669070886037	0.666198128491	0.668924496473	0.659281734314	0.667616774591	0.666104801292	0.658029891359	0.649258055518	0.666932950399	0.657010191955	0.637306024037	0.640416979386	0.635606635569
AA7	0.676340774929	0.687343770466	0.696643171573	0.705067530013	0.688478355308	0.689445009514	0.710443144504	0.703513304318	0.664637782622	0.705831039051	0.68266016358	0.709159971644	0.682575700597	0.706054223436	0.685742495856	0.691173646685	0.0	0.514511169034	0.771594538598	0.67219535501	0.658870812886	0.686725741501	0.677462567284	0.697822712862	0.698566773951	0.677748549911	0.663039720004	0.665760603169	0.669541454068	0.689642098462	0.715086456621	0.55011684492	0.659309144966	0.729099163583	0.707685264076	0.713524317686	0.671837128552	0.691101582668	0.712152996859	0.741450506252	0.730706249102	0.688981428103	0.695508074819	0.727054093742	0.730411243044	0.726891170569	0.739192348323	0.739545229278	0.706327533064	0.751155465794	0.71014644218	0.73010023325	0.696310142691	0.726650325426	0.69277335134	0.724636644365	0.741809927866	0.741001982247	0.728295924524	0.72806513804	0.697157825007	0.724622392531
AA8	0.6888767369	0.685170093242	0.723704210665	0.699066426368	0.694544196581	0.685259325524	0.678360384422	0.662679673393	0.67445799619	0.686397873347	0.689777606668	0.686097788206	0.683543788585	0.714126045363	0.711085056978	0.68547570391	0.514511169034	0.0	0.778116199212	0.644518911032	0.641958130308	0.642147361401	0.674388929139	0.676667098133	0.702959898793	0.66557192027	0.654814801592	0.647924985445	0.662170199584	0.665823357949	0.548561457397	0.391446930653	0.673440324266	0.712054250453	0.710531523548	0.713410282519	0.700647597372	0.691692195019	0.702190635234	0.700650621685	0.705676340922	0.692682963476	0.696241406938	0.715616925281	0.72068850877	0.71113092707	0.712617073719	0.718990462421	0.705063559085	0.720359488696	0.713383526966	0.724946368433	0.693947552864	0.7011927085	0.690466336914	0.698480675899	0.735838067843	0.723592741326	0.736412716317	0.706806543788	0.69574280743	0.70698561025
AB7	0.755375324059	0.767092897153	0.727736127721	0.75486605222	0.768479379703	0.762669210505	0.771739635307	0.784469264253	0.772898961724	0.76835904709	0.762724063464	0.777252954883	0.7671640135	0.745496225134	0.784995202687	0.78002236318	0.771594538598	0.778116199212	0.0	0.571945061159	0.750775000634	0.759961168271	0.787223006411	0.779783649418	0.746456828686	0.780856077899	0.776772307803	0.766177008975	0.745716690832	0.638590897596	0.764096775902	0.767594043706	0.781769252355	0.792100123867	0.772064549051	0.778285753902	0.774895215002	0.763458680955	0.787117313164	0.785996694097	0.798594727315	0.726625795832	0.745116635195	0.791177862914	0.805634611248	0.813952328165	0.821435565068	0.819758138621	0.778327388326	0.79804682261	0.810615780718	0.805332355501	0.7962378845	0.803399509441	0.788271357421	0.790244771605	0.798980809497	0.821104457683	0.801469927945	0.793657635655	0.778609518599	0.812480275337
AB8	0.680087855689	0.681216272537	0.682332600609	0.677582745866	0.681320398711	0.68318457983	0.67015368258	0.656027618066	0.692206585189	0.651565636981	0.689169602231	0.681092462634	0.688931335969	0.673840471853	0.70424836244	0.681244665533	0.67219535501	0.644518911032	0.571945061159	0.0	0.653465516213	0.63792119672	0.692267377778	0.663464571805	0.689350707365	0.655833907059	0.666335313223	0.647711038057	0.507435365742	0.398625798407	0.69150703236	0.637217864209	0.695187768408	0.691081037846	0.702843976749	0.684169768486	0.680318604296	0.668563966418	0.673868288464	0.677535715646	0.671919000148	0.653866506863	0.670091905027	0.696343794611	0.69180233742	0.692734818335	0.731441650733	0.72682946208	0.686672817072	0.706054358196	0.695876107526	0.718536370757	0.681170646511	0.690489619133	0.690808902619	0.685207084416	0.706743925832	0.728149296861	0.703475217169	0.687828456993	0.684881745081	0.714474919144
AC7	0.697171065459	0.705978835503	0.699740393386	0.694655542443	0.718809461827	0.708845073766	0.717358444364	0.715010023483	0.727230500439	0.70634565535	0.680839013718	0.710413199352	0.676897085052	0.692225593309	0.704249835726	0.71696637734	0.658870812886	0.641958130308	0.750775000634	0.653465516213	0.0	0.484105441455	0.68984671745	0.688884802581	0.691979217832	0.675934570467	0.70355271328	0.596921657462	0.643686629907	0.638650375821	0.659079247157	0.653806087674	0.710536686109	0.694765947847	0.728360280992	0.727963169548	0.71853599275	0.71162780271	0.711260400369	0.726319652832	0.721765278572	0.718990058525	0.721279216007	0.724687375409	0.703839476248	0.69950623516	0.742594433769	0.757901933961	0.704585439247	0.733175424099	0.750107316804	0.741161204018	0.71324680156	0.702179082774	0.697093181883	0.69882799118	0.740113862562	0.744374538305	0.737864655121	0.729395170961	0.694038059655	0.74115831429
AC8	0.687732740869	0.666446524334	0.699437653247	0.682808769332	0.70798161076	0.679195925181	0.679929312022	0.679927520289	0.713958290954	0.66826804862	0.70519148968	0.690510069023	0.681057639391	0.668595570558	0.697464136782	0.673971474021	0.686725741501	0.642147361401	0.759961168271	0.63792119672	0.484105441455	0.0	0.679430121517	0.626674850824	0.683442017218	0.641643818853	0.522384380129	0.41720048253	0.623923500262	0.618845167452	0.697663024935	0.636445746477	0.699513713178	0.661336123492	0.709366681765	0.684325405305	0.686923838129	0.680869485786	0.675448632904	0.694396665777	0.674676224318	0.684518801044	0.6771453624	0.681823968467	0.677408804603	0.665785085062	0.714719931199	0.707755156862	0.676438175055	0.688439612872	0.693109708524	0.688943645746	0.681576744944	0.672738750549	0.675811673811	0.646831674241	0.691367524306	0.696872695928	0.70316602873	0.681385577288	0.666202889803	0.675500816065
AD7	0.691725908937	0.680941345629	0.706717710999	0.685018867587	0.723420768547	0.718726469526	0.711102637831	0.69832496694	0.677277271828	0.70936637569	0.692858213554	0.722427907417	0.685011908639	0.689688609296	0.692237204231	0.691759009518	0.677462567284	0.674388929139	0.787223006411	0.692267377778	0.68984671745	0.679430121517	0.0	0.496669153592	0.707832239924	0.51653575313	0.66925323529	0.684323054394	0.674638830562	0.677759240644	0.696744561373	0.670556170826	0.669627962254	0.706678554036	0.72618186488	0.70532382724	0.695868135106	0.684212948876	0.703178137105	0.715026426578	0.713612696029	0.690569285849	0.687668241883	0.713210309172	0.689832232192	0.683543547201	0.71584755504	0.710642292433	0.67772730348	0.716432575074	0.698993455506	0.727375058248	0.68627116808	0.686264623316	0.672967170701	0.687047642513	0.707546265637	0.712684042461	0.710073924087	0.71471893227	0.671782385198	0.70853209844
AD8	0.705206562985	0.684505964165	0.710645681005	0.699647146235	0.722078144417	0.696418693384	0.692969509954	0.673731114094	0.698426002421	0.681703626427	0.704469293946	0.706830274898	0.69728186202	0.692770696301	0.695059212655	0.692872820067	0.697822712862	0.676667098133	0.779783649418	0.663464571805	0.688884802581	0.626674850824	0.496669153592	0.0	0.56022498615	0.366494693785	0.64059482265	0.648913217459	0.650077330777	0.66027853468	0.702710462263	0.670450547398	0.692506534129	0.702640627176	0.726084667097	0.711117863811	0.707822546276	0.687826403411	0.699702601317	0.715660759401	0.710826622629	0.690616611559	0.680528798716	0.701115305325	0.70685703376	0.701937892641	0.716835117004	0.705976808236	0.685383847697	0.69303937053	0.687029723693	0.709750186817	0.687916101067	0.680420685742	0.677672957054	0.672498788975	0.705698885269	0.717480300451	0.716906809671	0.697721711888	0.680885195807	0.703929469401
AE7	0.726856256396	0.72685412321	0.716177769434	0.719506807685	0.722739475669	0.754890475805	0.729400873801	0.730392598159	0.752476936744	0.718440665055	0.762895988772	0.746434910924	0.718170553996	0.706139459449	0.733470401144	0.736293514323	0.698566773951	0.702959898793	0.746456828686	0.689350707365	0.691979217832	0.683442017218	0.707832239924	0.56022498615	0.0	0.502965203825	0.705267450668	0.694648015351	0.679907474125	0.689708693	0.733845562222	0.696092877939	0.731946844173	0.749928136177	0.739729777403	0.732604140083	0.734793689228	0.745060851362	0.748424831897	0.752774509927	0.758010262718	0.741247987803	0.736147827	0.74683154774	0.758688101378	0.761093197531	0.769900515796	0.771341107536	0.731017622631	0.760723145357	0.76381813332	0.779448152012	0.756599778443	0.750712513539	0.73697255346	0.74206867336	0.773168603301	0.787193132503	0.773523231849	0.765136424413	0.745817262234	0.775231471825
AE8	0.682943227372	0.674757657554	0.717551545289	0.695066899588	0.712236833812	0.708304536803	0.676064438951	0.668809370579	0.69835952248	0.672765349437	0.715115850662	0.708586775659	0.692882640756	0.683906183604	0.696113705077	0.680579195546	0.677748549911	0.66557192027	0.780856077899	0.655833907059	0.675934570467	0.641643818853	0.51653575313	0.366494693785	0.502965203825	0.0	0.644307105915	0.653141107287	0.654047224388	0.651661717784	0.709631222303	0.658872236463	0.691341908817	0.687425718225	0.71702229166	0.698992262608	0.697065561133	0.685936509647	0.686598754182	0.707013428004	0.700289874953	0.691344218374	0.685001832974	0.700095244517	0.690185524827	0.691248567672	0.714661306946	0.710595499173	0.681299754021	0.697452099823	0.705918148372	0.718614997118	0.698879334141	0.681313344051	0.687112715131	0.684114866061	0.7025501387	0.721202525632	0.715463386996	0.696796399725	0.68942725139	0.702295536079
AF7	0.66272367688	0.660842704889	0.697511307883	0.68038863065	0.715061190231	0.692734384593	0.679691829653	0.686198528022	0.662639790794	0.681219450059	0.691601637957	0.692468670603	0.677319795822	0.662959412405	0.685064709326	0.658714020247	0.663039720004	0.654814801592	0.776772307803	0.666335313223	0.70355271328	0.522384380129	0.66925323529	0.64059482265	0.705267450668	0.644307105915	0.0	0.476811796434	0.658480844225	0.668415821002	0.716403444455	0.663530902744	0.667596407948	0.695269175181	0.697897835874	0.688590996651	0.685748530613	0.671980665498	0.684585951495	0.704427690975	0.68658954203	0.672032968575	0.673317342562	0.683372157263	0.714834794883	0.708787257194	0.710260485632	0.700415488661	0.677640717113	0.703957441804	0.681712616091	0.700301774146	0.680760078062	0.689764828516	0.6827517906	0.680513161503	0.671312341872	0.704538171557	0.691167139508	0.695773476306	0.66542552895	0.671588319391
AF8	0.690184382277	0.657685977207	0.702835252498	0.685694337404	0.714572066779	0.668996519996	0.668571163066	0.676228617823	0.713736743576	0.653684679218	0.70552721013	0.692889023518	0.690639359134	0.663970449893	0.690377060846	0.669354264725	0.665760603169	0.647924985445	0.766177008975	0.647711038057	0.596921657462	0.41720048253	0.684323054394	0.648913217459	0.694648015351	0.653141107287	0.476811796434	0.0	0.658424860959	0.650915791731	0.710249321143	0.630639363574	0.70022482666	0.675252028516	0.692294377974	0.680397470101	0.691928018336	0.675001461623	0.685180841001	0.692732985779	0.680644911966	0.685274471723	0.679898292025	0.683426764868	0.695841695707	0.685041112881	0.716263777816	0.708327305193	0.669180668894	0.694699997972	0.699555441023	0.690865186092	0.674771242464	0.678957696223	0.688162226913	0.654800589832	0.700793380544	0.69515832068	0.710625617181	0.700654230892	0.671097597401	0.678291440989
AG7	0.690364538987	0.683665103996	0.669592453548	0.678338633543	0.712087332074	0.714498015744	0.69864073014	0.674194276473	0.672629953728	0.676377779653	0.691300995725	0.710603560708	0.687715753483	0.665294940497	0.689889127376	0.693187717061	0.669541454068	0.662170199584	0.745716690832	0.507435365742	0.643686629907	0.623923500262	0.674638830562	0.650077330777	0.679907474125	0.654047224388	0.658480844225	0.658424860959	0.0	0.440173909724	0.682450526461	0.658096292408	0.693928460482	0.70215641766	0.70074526015	0.681571049094	0.664199759424	0.66600949131	0.682008385743	0.697812818212	0.69263921242	0.689122074427	0.68527336942	0.682233384268	0.710190942255	0.698084362878	0.733468969176	0.722751297618	0.679178849232	0.70254309834	0.687262100538	0.722159682385	0.683968240929	0.700386844636	0.678821191464	0.693241533124	0.699437236959	0.721208080674	0.703758064691	0.706393829917	0.672249816089	0.715987743862
AG8	0.684002595228	0.673688089869	0.687528374538	0.672755158759	0.699479023457	0.685871330288	0.672357035426	0.645694093176	0.679939008465	0.641185395365	0.673556485724	0.68423361127	0.689457870255	0.660127304538	0.703656664588	0.684306292749	0.689642098462	0.665823357949	0.638590897596	0.398625798407	0.638650375821	0.618845167452	0.677759240644	0.66027853468	0.689708693	0.651661717784	0.668415821002	0.650915791731	0.440173909724	0.0	0.696378616811	0.650258764434	0.685414705595	0.677467847983	0.690194332715	0.670168460077	0.659936802229	0.657193867773	0.667684011887	0.672394326033	0.678381467821	0.683386541224	0.666126009629	0.669459111543	0.687522222506	0.679168493836	0.722598069715	0.707153205156	0.671645512974	0.692124279479	0.694916543445	0.709994817011	0.681309074092	0.687155769783	0.676231311783	0.681948928868	0.685128762817	0.723918170161	0.688104040811	0.690825984504	0.655296577614	0.706838852273
AH7	0.741143339531	0.745860058655	0.731793068321	0.732155185121	0.762387122495	0.740469417804	0.724241395544	0.707025933707	0.732004770139	0.742203399237	0.719095228197	0.757545698781	0.732027662743	0.752706091797	0.751245134477	0.751194803423	0.715086456621	0.548561457397	0.764096775902	0.69150703236	0.659079247157	0.697663024935	0.696744561373	0.702710462263	0.733845562222	0.709631222303	0.716403444455	0.710249321143	0.682450526461	0.696378616811	0.0	0.522783080848	0.720520180316	0.765969395255	0.775121054745	0.766838146283	0.748183963505	0.75280695099	0.755323510486	0.74534402916	0.754557776805	0.730522927726	0.746337328592	0.74989958059	0.769891389272	0.772514650027	0.764579660855	0.759677133353	0.755054791875	0.764154021915	0.773393964984	0.783733019848	0.751053249005	0.738323304791	0.738672420263	0.734049083131	0.779425377411	0.796368790422	0.771039422873	0.765589667353	0.750189265852	0.772845034936
AH8	0.698408116668	0.674551302523	0.714209136178	0.702379589019	0.704898303709	0.682450696569	0.688355599749	0.679229837791	0.698395317161	0.675136841186	0.693855472059	0.697855350039	0.694353140887	0.700177228313	0.70983696736	0.688871472504	0.55011684492	0.391446930653	0.767594043706	0.637217864209	0.653806087674	0.636445746477	0.670556170826	0.670450547398	0.696092877939	0.658872236463	0.663530902744	0.630639363574	0.658096292408	0.650258764434	0.522783080848	0.0	0.68683405561	0.718362204331	0.73005922266	0.708721428266	0.698679565575	0.698770519542	0.699449956021	0.707159724661	0.697308232405	0.693006451357	0.686038480992	0.701124614639	0.720026194851	0.716501809146	0.722403583728	0.722327489098	0.71275322693	0.718709564014	0.719020294578	0.732401050677	0.707563662214	0.696555836751	0.686885670803	0.6922549715	0.737566114586	0.740672327351	0.730982525854	0.716515308883	0.701675620842	0.708357971551
AA5	0.662931133753	0.666836529177	0.691728944074	0.700447459026	0.664251544285	0.669733571431	0.691961397928	0.684627697132	0.617132981123	0.683979589294	0.650891455498	0.661030112715	0.685365077572	0.693818908409	0.666206790707	0.666619527402	0.659309144966	0.673440324266	0.781769252355	0.695187768408	0.710536686109	0.699513713178	0.669627962254	0.692506534129	0.731946844173	0.691341908817	0.667596407948	0.70022482666	0.693928460482	0.685414705595	0.720520180316	0.68683405561	0.0	0.587190475585	0.675078740883	0.673553786207	0.632013640661	0.620686854166	0.667017503047	0.687470857159	0.684119666034	0.632463963528	0.652972794993	0.670589231829	0.715915474756	0.666779034835	0.698557818668	0.709803780645	0.689994650025	0.708591140174	0.692557242799	0.708653236213	0.668607308685	0.706128960646	0.672432542089	0.693304982834	0.669960033127	0.706487481532	0.666304048705	0.685273534971	0.636162937955	0.692057421247
AA6	0.691079299514	0.668221732244	0.752789416278	0.708895307231	0.695498623317	0.667261945009	0.656828166399	0.652943567872	0.704867357278	0.655018027436	0.690151212617	0.652857013634	0.687266532748	0.714201387743	0.720463209507	0.674093122782	0.729099163583	0.712054250453	0.792100123867	0.691081037846	0.694765947847	0.661336123492	0.706678554036	0.702640627176	0.749928136177	0.687425718225	0.695269175181	0.675252028516	0.70215641766	0.677467847983	0.765969395255	0.718362204331	0.587190475585	0.0	0.693343584681	0.676976612974	0.667808303381	0.621700276178	0.661234908682	0.68360754766	0.655571482874	0.673480574733	0.656780188906	0.689284308635	0.463346568384	0.433944279669	0.691381445518	0.70686792342	0.668816411159	0.679633115469	0.683204294763	0.669809381329	0.684524022741	0.688586943115	0.696497754512	0.681961396698	0.670090110037	0.673304293322	0.671790790688	0.656741929717	0.652940533424	0.666451029738
AB5	0.68519606602	0.671777920861	0.716351011556	0.68618996916	0.682781238136	0.674011421171	0.669097690299	0.661293956192	0.682610823378	0.671485484806	0.669892568693	0.664197332905	0.694923865881	0.682229388843	0.687232383639	0.66448737416	0.707685264076	0.710531523548	0.772064549051	0.702843976749	0.728360280992	0.709366681765	0.72618186488	0.726084667097	0.739729777403	0.71702229166	0.697897835874	0.692294377974	0.70074526015	0.690194332715	0.775121054745	0.73005922266	0.675078740883	0.693343584681	0.0	0.45196128928	0.644782921567	0.66316598642	0.645979366693	0.632287760942	0.646543516544	0.675750129787	0.673182529586	0.669756956902	0.711991295093	0.700429547043	0.687030284709	0.701140670714	0.678638498286	0.707445099213	0.686439668707	0.698550903858	0.668046595915	0.692577896433	0.703767308648	0.688467586377	0.69678526285	0.688836248779	0.706182470457	0.698899204832	0.657863326589	0.69258915645
AB6	0.677872149445	0.650530356783	0.712691799008	0.673761291039	0.676251034305	0.668297153831	0.665428271364	0.664222249572	0.696194113928	0.644035654088	0.688516400617	0.675801151668	0.680850044632	0.663511614242	0.698814731987	0.67187651394	0.713524317686	0.713410282519	0.778285753902	0.684169768486	0.727963169548	0.684325405305	0.70532382724	0.711117863811	0.732604140083	0.698992262608	0.688590996651	0.680397470101	0.681571049094	0.670168460077	0.766838146283	0.708721428266	0.673553786207	0.676976612974	0.45196128928	0.0	0.653419745756	0.646555232843	0.634035535915	0.643068346219	0.635974700172	0.668178042669	0.639122258409	0.566762090196	0.702549324347	0.68487150238	0.659242398485	0.678971403967	0.646658498862	0.669913239012	0.672124749741	0.681955722399	0.659900315278	0.678263544108	0.679219641897	0.657504749489	0.671391735928	0.672861321705	0.66356319674	0.686638633475	0.64697530785	0.692256804826
AC5	0.658233199284	0.649885564996	0.7042534314	0.684245587308	0.688355993215	0.694864241511	0.672544066588	0.681492158203	0.656981680422	0.676481757021	0.656621419686	0.692761441773	0.686043496971	0.672276984707	0.679820887552	0.658420011753	0.671837128552	0.700647597372	0.774895215002	0.680318604296	0.71853599275	0.686923838129	0.695868135106	0.707822546276	0.734793689228	0.697065561133	0.685748530613	0.691928018336	0.664199759424	0.659936802229	0.748183963505	0.698679565575	0.632013640661	0.667808303381	0.644782921567	0.653419745756	0.0	0.507188276789	0.6421616763	0.660201809011	0.662796216387	0.678416039095	0.601285958169	0.660675678307	0.661805788731	0.662770705646	0.663919530119	0.702306645701	0.622201624856	0.681678261665	0.658581196048	0.655720429847	0.655969250683	0.659687990088	0.644929984391	0.662222933561	0.652259101067	0.667528977888	0.649853750263	0.672147587528	0.635683584383	0.677801408695
AC6	0.647102363809	0.62335574812	0.704365761011	0.673000558274	0.675708630217	0.662832732583	0.659425943241	0.657862569138	0.67773616878	0.64826576066	0.665052698313	0.649537183697	0.672148686303	0.660933857741	0.689632424657	0.634554819746	0.691101582668	0.691692195019	0.763458680955	0.668563966418	0.71162780271	0.680869485786	0.684212948876	0.687826403411	0.745060851362	0.685936509647	0.671980665498	0.675001461623	0.66600949131	0.657193867773	0.75280695099	0.698770519542	0.620686854166	0.621700276178	0.66316598642	0.646555232843	0.507188276789	0.0	0.63383137468	0.657753847288	0.644229415407	0.519581307237	0.473574568751	0.62471749942	0.668573183106	0.641145678051	0.660043563515	0.686830084403	0.610035239077	0.637419185711	0.65555299461	0.653472176927	0.660394205139	0.660845374231	0.668068945094	0.652555819564	0.610291021049	0.644787316923	0.637105866297	0.633799508659	0.653336600649	0.654304854261
AD6	0.669889063305	0.622925475073	0.753352464897	0.674826108567	0.664323450166	0.653938492076	0.616172458499	0.612991680869	0.671973527499	0.596553306289	0.662106446755	0.656955843616	0.678641927984	0.678865289166	0.687063801588	0.636429988959	0.712152996859	0.702190635234	0.787117313164	0.673868288464	0.711260400369	0.675448632904	0.703178137105	0.699702601317	0.748424831897	0.686598754182	0.684585951495	0.685180841001	0.682008385743	0.667684011887	0.755323510486	0.699449956021	0.667017503047	0.661234908682	0.645979366693	0.634035535915	0.6421616763	0.63383137468	0.0	0.502185546483	0.415905049679	0.667135660785	0.637680491372	0.642783308107	0.677116520135	0.663528502379	0.670056583936	0.664325879399	0.641396133089	0.633387161322	0.681453913591	0.677047627879	0.640884320671	0.66236625153	0.660022429364	0.655420592231	0.64027534219	0.683120594037	0.645469056599	0.635781170461	0.622670865271	0.647897604225
AE5	0.683614417765	0.653437014537	0.738402557331	0.683751310146	0.649965557839	0.656396089127	0.639112856912	0.628058105125	0.688705059903	0.626728721825	0.675774028024	0.647565421822	0.690272150461	0.690747294289	0.700858655772	0.66644311203	0.741450506252	0.700650621685	0.785996694097	0.677535715646	0.726319652832	0.694396665777	0.715026426578	0.715660759401	0.752774509927	0.707013428004	0.704427690975	0.692732985779	0.697812818212	0.672394326033	0.74534402916	0.707159724661	0.687470857159	0.68360754766	0.632287760942	0.643068346219	0.660201809011	0.657753847288	0.502185546483	0.0	0.400073724644	0.685680203871	0.64081223405	0.661549616557	0.691209030873	0.678551493169	0.675522410723	0.676670967282	0.650911072256	0.642677511679	0.668120146188	0.687975214143	0.651631617247	0.646024471978	0.656340261348	0.640281509308	0.662036747543	0.692345407785	0.662904365561	0.648218379201	0.629138808589	0.668874044862
AE6	0.688498330928	0.638307378918	0.75594086408	0.700174721735	0.657386211189	0.661153497651	0.634133042319	0.635779859973	0.691253164056	0.607609792609	0.691452581191	0.651284085513	0.697655353495	0.69675044799	0.680720390871	0.639044033011	0.730706249102	0.705676340922	0.798594727315	0.671919000148	0.721765278572	0.674676224318	0.713612696029	0.710826622629	0.758010262718	0.700289874953	0.68658954203	0.680644911966	0.69263921242	0.678381467821	0.754557776805	0.697308232405	0.684119666034	0.655571482874	0.646543516544	0.635974700172	0.662796216387	0.644229415407	0.415905049679	0.400073724644	0.0	0.672603346045	0.644332250709	0.659692740302	0.670297275407	0.660884990638	0.684321686736	0.657937366932	0.655228037636	0.637945006989	0.658760917958	0.674792493497	0.645376353494	0.645647469572	0.659431881037	0.642797457511	0.656152144535	0.683896076568	0.659224803462	0.629484372237	0.634832834387	0.645206126825
AF5	0.686448787277	0.666007835186	0.67714299082	0.667232059824	0.678609668897	0.666293363456	0.689280115578	0.691098383571	0.669864936187	0.68980019856	0.680350947061	0.675413818972	0.662959680716	0.663907612089	0.683874497387	0.655703447905	0.688981428103	0.692682963476	0.726625795832	0.653866506863	0.718990058525	0.684518801044	0.690569285849	0.690616611559	0.741247987803	0.691344218374	0.672032968575	0.685274471723	0.689122074427	0.683386541224	0.730522927726	0.693006451357	0.632463963528	0.673480574733	0.675750129787	0.668178042669	0.678416039095	0.519581307237	0.667135660785	0.685680203871	0.672603346045	0.0	0.486720456522	0.674471707375	0.712657950599	0.697033268341	0.717932881908	0.717716408728	0.662129349383	0.674773443544	0.694632225229	0.726271665922	0.69065796336	0.717229331126	0.700475524286	0.699872749535	0.664441579594	0.716219672634	0.678054223759	0.643990270611	0.668438909138	0.695663681973
AF6	0.671135296168	0.646337797401	0.701078365776	0.654282619761	0.671029344334	0.661674922219	0.674459935808	0.669384658896	0.688724153407	0.663550951127	0.664364502145	0.652758894742	0.657942824485	0.656498308594	0.685494821734	0.66744573533	0.695508074819	0.696241406938	0.745116635195	0.670091905027	0.721279216007	0.6771453624	0.687668241883	0.680528798716	0.736147827	0.685001832974	0.673317342562	0.679898292025	0.68527336942	0.666126009629	0.746337328592	0.686038480992	0.652972794993	0.656780188906	0.673182529586	0.639122258409	0.601285958169	0.473574568751	0.637680491372	0.64081223405	0.644332250709	0.486720456522	0.0	0.649238455343	0.685429440693	0.651147271861	0.672678852266	0.69932287329	0.642017883581	0.644891245786	0.673008582815	0.691056634311	0.671033669413	0.689002019858	0.69135862223	0.679137255946	0.652397258041	0.67473331166	0.646146859312	0.649854936167	0.644439891957	0.68853642195
