	AA3	AA4	AB3	AB4	AC3	AC4	AD3	AD4	AE3	AE4	AF3	AF4	AG3	AG4	AH3	AH4	AA7	AA8	AB7	AB8	AC7	AC8	AD7	AD8	AE7	AE8	AF7	AF8	AG7	AG8	AH7	AH8	AA5	AA6	AB5	AB6	AC5	AC6	AD6	AE5	AE6	AF5	AF6	AG5	AH5	AH6	AA1	AA2	AB1	AB2	AC1	AC2	AD1	AD2	AE1	AE2	AF1	AF2	AG1	AG2	AH1	AH2
AA3	0.0	0.494130028271	0.666291395273	0.628971136505	0.673702704246	0.686046542808	0.700436434184	0.698182246636	0.651533749866	0.706355314934	0.659926900318	0.665540760185	0.654634550247	0.610533997505	0.684004660847	0.502613595154	0.689128048625	0.696690624711	0.756544805855	0.686187477603	0.7024524116	0.686238820831	0.684248628821	0.711723555136	0.727718841674	0.707547837655	0.684682120457	0.677626944124	0.698784382009	0.691531082078	0.744612778508	0.693137258087	0.652749988942	0.69271717684	0.683870689167	0.68294766958	0.643997367702	0.654647182127	0.673032212828	0.685911010518	0.693806222451	0.690007585332	0.659870242035	0.657158006494	0.721262592989	0.688293179141	0.668988071707	0.702165698849	0.651309463151	0.691309257561	0.680117680809	0.680319401242	0.643870298371	0.677570475694	0.678129933237	0.674986795767	0.663330193675	0.683746341825	0.678861200149	0.683864841604	0.647295957063	0.690370248401
AA4	0.494130028271	0.0	0.705916295026	0.622740754625	0.671639594802	0.654177266112	0.669081701148	0.66711516635	0.671787399734	0.66608611871	0.664766998918	0.649364595055	0.669377289645	0.624240122605	0.498052624153	0.367362178355	0.68748417895	0.694357318334	0.769594095687	0.679080335331	0.70906124684	0.661310568349	0.678436610378	0.687704908491	0.727849592788	0.691687890801	0.664281128482	0.662891907257	0.703159802691	0.671731107759	0.74258712779	0.678969729695	0.663046472838	0.677698992808	0.665083474139	0.651753738601	0.659057456221	0.634740743393	0.634952969081	0.654762599804	0.649819489046	0.695707899733	0.648674518012	0.646166335129	0.694538913799	0.667947942651	0.671063572487	0.662474747529	0.65681407563	0.652503728659	0.669379695003	0.662331075595	0.643534918908	0.64806783037	0.66321914235	0.652277374989	0.650937236111	0.665392492985	0.66006078604	0.651075369852	0.640891360156	0.641903177899
AB3	0.666291395273	0.705916295026	0.0	0.628241074471	0.680217544163	0.734801004486	0.759805088854	0.75550008849	0.689585924199	0.768301005088	0.701743915713	0.717809392325	0.701433611874	0.589719462985	0.698554574376	0.714361963259	0.717338479276	0.761616968189	0.731910372997	0.684125171329	0.714624575787	0.736399943243	0.700082261736	0.728110010165	0.703058919352	0.727175986969	0.712837793892	0.742335629836	0.701137668645	0.699541543736	0.764243280547	0.74701127641	0.687312760117	0.77556523047	0.692683687008	0.712988455154	0.700232269863	0.722678008317	0.760186313445	0.73816332434	0.762096525801	0.700114289657	0.691985382038	0.713767372947	0.785319635458	0.783054147273	0.75763840769	0.77747937177	0.720112654528	0.769783077436	0.730600753913	0.743688056264	0.732826451902	0.771569702674	0.740513111113	0.747188170359	0.741844974228	0.748729744526	0.753001517664	0.769609815151	0.709585148734	0.763805782573
AB4	0.628971136505	0.622740754625	0.628241074471	0.0	0.688757784309	0.677973681729	0.713132444509	0.6892355562	0.673294057482	0.704452877138	0.65833550691	0.68252598024	0.408562417681	0.419850727081	0.672499327476	0.642394800176	0.690562197813	0.698112722767	0.747154010607	0.67474301262	0.693305843423	0.6711737646	0.67341677255	0.694590914	0.723000076383	0.706260462364	0.671547266101	0.672747826743	0.692765327919	0.671285438986	0.738058659692	0.697186496524	0.679990710918	0.700066803174	0.680474336395	0.658491950984	0.661181400711	0.662885550535	0.69161402774	0.682728257202	0.697209337757	0.664024171038	0.645247222864	0.664043190511	0.721995491217	0.710430566724	0.691506476675	0.701790017988	0.631023934766	0.679466659413	0.702088707446	0.687918039682	0.664067038836	0.686613968419	0.682065796382	0.676966967833	0.680531527245	0.695320756463	0.685221564235	0.683352436203	0.659508070924	0.693909530142
AC3	0.673702704246	0.671639594802	0.680217544163	0.688757784309	0.0	0.489926438557	0.682266533432	0.66222696648	0.649616215631	0.680941297477	0.681641659643	0.483616931477	0.710048205755	0.685032995719	0.685400618648	0.671319429987	0.680468502859	0.713773748793	0.758374544518	0.667548948233	0.71296693102	0.701936185674	0.720319775554	0.726288882635	0.721775724108	0.717007552189	0.704883501276	0.721719004371	0.716939233695	0.687534492464	0.759941245123	0.693935624063	0.656514209516	0.701353144236	0.680861201693	0.677032290836	0.684671690114	0.663945400412	0.680281652585	0.653105430113	0.6618043793	0.670483609929	0.658182223813	0.679134650038	0.722752670015	0.704087290309	0.715939923644	0.716287609023	0.689041944557	0.686594157058	0.672183460706	0.683751125009	0.680702497616	0.687500321012	0.684143836664	0.686061017211	0.692536555921	0.679416948616	0.691976591516	0.685757601695	0.676582186825	0.704945369205
AC4	0.686046542808	0.654177266112	0.734801004486	0.677973681729	0.489926438557	0.0	0.673364952571	0.651154639334	0.667989841111	0.664064431748	0.529075515052	0.402393510482	0.679942925404	0.695169575308	0.6833100162	0.639370871908	0.687941398038	0.683330929655	0.756959245523	0.662011895111	0.686739860938	0.670607358078	0.70452733568	0.69887985156	0.739760743145	0.70283820278	0.700505817736	0.691031626397	0.698112568865	0.673289640399	0.731845318803	0.672752229968	0.677565533657	0.663069618783	0.668472759176	0.662380020941	0.677654891673	0.650309208683	0.656196918196	0.65321664843	0.653343931853	0.685989913358	0.640748856811	0.662278455717	0.671200798771	0.665232356662	0.720331157826	0.698136116583	0.678029171835	0.656075107578	0.677574894813	0.692907444864	0.688415342518	0.680983046705	0.684353686153	0.670451275499	0.681998302031	0.681850890982	0.686641355923	0.66837406041	0.683613296781	0.687081293176
AD3	0.700436434184	0.669081701148	0.759805088854	0.713132444509	0.682266533432	0.673364952571	0.0	0.399806569534	0.68832639221	0.344357308428	0.714658234655	0.668944442332	0.719724517399	0.704909326513	0.700383424056	0.674231661564	0.713627814838	0.702757258901	0.774695856648	0.671480121978	0.719636303124	0.673418986651	0.719528794404	0.699178113093	0.735276368604	0.691449231319	0.703134452438	0.679671466361	0.70981007804	0.673503061091	0.729508334718	0.683677021919	0.707136597221	0.671324888481	0.680838786699	0.660451554827	0.690760243121	0.659089409561	0.629550706343	0.638059969314	0.642996828238	0.711568686825	0.686266444377	0.687542521325	0.701857183072	0.680797838174	0.695521169092	0.686810666131	0.679198594784	0.658147464395	0.686382495576	0.692369517133	0.678676761024	0.684795329873	0.694256568641	0.679275999203	0.677636417353	0.677362395743	0.696821877696	0.651994799527	0.699030526472	0.672613321284
AD4	0.698182246636	0.66711516635	0.75550008849	0.6892355562	0.66222696648	0.651154639334	0.399806569534	0.0	0.602539762397	0.378734083648	0.697965726811	0.634007024027	0.686555453743	0.696151978071	0.67372685528	0.650560855009	0.699263232969	0.677324592327	0.769853732108	0.640970974718	0.712049844269	0.661347416339	0.693707892984	0.672326996962	0.726455163362	0.663722456478	0.68093151431	0.664817262832	0.663912319963	0.653906202338	0.71857523766	0.674980632732	0.695209149741	0.653275488541	0.688642261374	0.661251430214	0.67345550036	0.659012641668	0.633832626256	0.638882613285	0.631742144516	0.684555055719	0.673793120372	0.67031016043	0.685608450439	0.672911971247	0.694410718102	0.676584396943	0.677047175681	0.654233165145	0.666495880207	0.684463928404	0.678747788558	0.667999023936	0.667628316028	0.65992932509	0.673091903924	0.673932044279	0.688800670592	0.645625106417	0.69619531897	0.662750392853
AE3	0.651533749866	0.671787399734	0.689585924199	0.673294057482	0.649616215631	0.667989841111	0.68832639221	0.602539762397	0.0	0.647955698856	0.653911460625	0.656126985581	0.663905449909	0.676313608284	0.652526786184	0.657477249559	0.661998600052	0.678714231173	0.761221896394	0.678800475602	0.714345517516	0.703217463021	0.658823460229	0.679530170246	0.731536215175	0.697674638883	0.67587038289	0.697999614909	0.658022214699	0.667698457317	0.732405269261	0.684004270562	0.612864180124	0.702849321902	0.689362515339	0.680235280016	0.632071081624	0.675636485073	0.671179759139	0.682108713865	0.686909380431	0.660984621052	0.656285590936	0.66407850397	0.721502179973	0.712118613723	0.690457934366	0.715260648636	0.691376470786	0.696683965234	0.694990790399	0.711309341344	0.681593763829	0.692526675057	0.664291146766	0.694877645234	0.691092067836	0.709627074522	0.70556894902	0.701801165625	0.654533723231	0.713638986094
AE4	0.706355314934	0.66608611871	0.768301005088	0.704452877138	0.680941297477	0.664064431748	0.344357308428	0.378734083648	0.647955698856	0.0	0.717863775949	0.669104346734	0.723635564401	0.70648655649	0.706410271543	0.676565043756	0.711839441195	0.708488107746	0.780112303257	0.659582504283	0.721091115514	0.679017728847	0.720155049967	0.700425444251	0.736343745992	0.696641123832	0.706079989973	0.674506995257	0.699553934937	0.670010429945	0.726589607287	0.688894556665	0.70822748253	0.677473556034	0.686963191635	0.651693153472	0.694745978816	0.672190450245	0.62771308863	0.630852824113	0.632106068124	0.709118412294	0.682075130669	0.675891731621	0.707178458153	0.693958374847	0.687312143002	0.683125901584	0.690273488525	0.669083548884	0.696421575748	0.69976123667	0.684006297877	0.687382454339	0.697336808612	0.678821454264	0.699760252457	0.685414665264	0.700593027896	0.666343489485	0.70657299669	0.664941826085
AF3	0.659926900318	0.664766998918	0.701743915713	0.65833550691	0.681641659643	0.529075515052	0.714658234655	0.697965726811	0.653911460625	0.717863775949	0.0	0.555172941475	0.675119356752	0.670975568502	0.675408335827	0.660861884797	0.67355707728	0.697101380923	0.756550046213	0.674804335185	0.682730747235	0.706644925098	0.683201261846	0.704693187521	0.76194728041	0.719234040517	0.703906548897	0.707717471654	0.699264392264	0.679379854867	0.719230782979	0.692223204069	0.63119983411	0.686630755344	0.662043381318	0.676085379738	0.658641657136	0.656919486581	0.673449686003	0.671961081213	0.694951058837	0.687108130989	0.651709186233	0.669263520887	0.697115830464	0.682289240548	0.712283651619	0.718916841608	0.695027206121	0.715024967385	0.701123514339	0.717138396346	0.704655912821	0.702919883822	0.703794366993	0.705397107329	0.678918776079	0.720665577328	0.694352806194	0.719584462882	0.650131102202	0.709214073691
AF4	0.665540760185	0.649364595055	0.717809392325	0.68252598024	0.483616931477	0.402393510482	0.668944442332	0.634007024027	0.656126985581	0.669104346734	0.555172941475	0.0	0.698579864429	0.687586173995	0.691086406964	0.645970665006	0.69978432814	0.698543163491	0.76010800524	0.670282669538	0.722885672595	0.687405885271	0.721207613928	0.713762582988	0.742840615482	0.690690093379	0.701147320918	0.697561972333	0.702979180577	0.686697182366	0.771170517834	0.709792946121	0.660252737733	0.663359077524	0.65965194602	0.659440164656	0.670189476409	0.636122953605	0.664092424101	0.657524428759	0.662144364845	0.649560051386	0.640081998749	0.661468439417	0.696675999389	0.668049162185	0.706341969195	0.695469015936	0.705624740703	0.675108480478	0.673723714292	0.678655505105	0.688555437784	0.684576680859	0.702196230335	0.68660130243	0.658851513337	0.656068097897	0.687593359986	0.68480508237	0.660154329712	0.680323826542
AG3	0.654634550247	0.669377289645	0.701433611874	0.408562417681	0.710048205755	0.679942925404	0.719724517399	0.686555453743	0.663905449909	0.723635564401	0.675119356752	0.698579864429	0.0	0.508416176214	0.672170930131	0.654848268207	0.685219017572	0.699328644559	0.766480796344	0.700445532548	0.684665709951	0.706562917953	0.688777284923	0.693441463408	0.72377531359	0.71060583293	0.682474002758	0.704209616073	0.685063218677	0.691778094939	0.733005918927	0.69802157881	0.684126207721	0.712818423437	0.690714454087	0.673334114781	0.675218407596	0.683990691637	0.701143489008	0.693611648209	0.697508094428	0.677337792896	0.660541110511	0.677764745879	0.716917062958	0.710909673688	0.689807055557	0.708183570556	0.652602097552	0.688784050347	0.706660033426	0.708405793789	0.688726389122	0.694957483157	0.692587332106	0.681224615117	0.705249760992	0.718685989454	0.70211589435	0.684707334489	0.684962313079	0.71841200072
AG4	0.610533997505	0.624240122605	0.589719462985	0.419850727081	0.685032995719	0.695169575308	0.704909326513	0.696151978071	0.676313608284	0.70648655649	0.670975568502	0.687586173995	0.508416176214	0.0	0.658194240446	0.629986356691	0.696622769766	0.714471083943	0.724399933383	0.652888235757	0.687311312945	0.67119607278	0.69602098442	0.715150739412	0.707901924831	0.708102493032	0.672439765193	0.682937305506	0.688713024375	0.66175363578	0.739126724529	0.688696134504	0.680165799832	0.720686323319	0.675023535334	0.680941114948	0.666661359403	0.671653790211	0.675819151983	0.679627071917	0.685761305002	0.668863290117	0.65050556978	0.684449547434	0.729949715416	0.722300819933	0.697676596601	0.706069882516	0.643240695541	0.677442830796	0.706452264207	0.688563058318	0.668970434626	0.713428605054	0.713331667937	0.696960379075	0.69518807194	0.706763939929	0.693052433203	0.690286946533	0.65960230422	0.701848586014
AH3	0.684004660847	0.498052624153	0.698554574376	0.672499327476	0.685400618648	0.6833100162	0.700383424056	0.67372685528	0.652526786184	0.706410271543	0.675408335827	0.691086406964	0.672170930131	0.658194240446	0.0	0.532434717763	0.682685971028	0.707078736554	0.767415278058	0.692370783032	0.712218528428	0.701086406221	0.675583686662	0.689268313021	0.726652938352	0.694681697825	0.682497888673	0.690592130935	0.698730365133	0.682611633253	0.75238022126	0.695437457517	0.650436988738	0.71603509543	0.681874071058	0.673034359316	0.669540110909	0.680552210937	0.671076738582	0.689186587942	0.66749956791	0.70399107751	0.669385855019	0.675189048298	0.722128526803	0.708998819739	0.70172643418	0.696387170803	0.691813896333	0.686083833287	0.690953794735	0.707296151039	0.696076850379	0.689889306983	0.680216699916	0.681034451101	0.701880270597	0.715856787814	0.710228621333	0.675617810959	0.680459854084	0.687555653404
AH4	0.502613595154	0.367362178355	0.714361963259	0.642394800176	0.671319429987	0.639370871908	0.674231661564	0.650560855009	0.657477249559	0.676565043756	0.660861884797	0.645970665006	0.654848268207	0.629986356691	0.532434717763	0.0	0.689408775988	0.690782780229	0.772389664465	0.676338862497	0.708267142981	0.665969828044	0.68888373833	0.678231572484	0.733649212427	0.683160581433	0.658280514699	0.663264683785	0.687477255154	0.672628108172	0.74208628865	0.669306538795	0.660577576498	0.68152683142	0.669500351767	0.652385706039	0.661475902586	0.644370176912	0.628722986494	0.667962218562	0.646037668634	0.684547514607	0.644747597929	0.661164114421	0.695229225544	0.683860428241	0.681394142556	0.663478695553	0.656334473623	0.654248078281	0.662279544611	0.666963834825	0.663771014854	0.65507984068	0.661816058823	0.655198602309	0.665280043927	0.670337769625	0.660881367165	0.646795316738	0.646356479583	0.643617004695
AA7	0.689128048625	0.68748417895	0.717338479276	0.690562197813	0.680468502859	0.687941398038	0.713627814838	0.699263232969	0.661998600052	0.711839441195	0.67355707728	0.69978432814	0.685219017572	0.696622769766	0.682685971028	0.689408775988	0.0	0.556146726138	0.770795440781	0.684059518365	0.658677185703	0.677969922767	0.666294074433	0.688118160447	0.709119041889	0.715763425382	0.671864719779	0.670020048473	0.695650601612	0.689480826747	0.708744921422	0.552533986902	0.650414633082	0.72653346553	0.713931312882	0.711463556498	0.679025932074	0.694747055821	0.713681649969	0.714305391139	0.737999279313	0.731441475815	0.694503107831	0.704317694858	0.734220064343	0.733941846401	0.73472522786	0.736465802877	0.712049448416	0.741147898002	0.720196687324	0.724354658206	0.706216376952	0.712170859099	0.696833263483	0.709994816209	0.737602107318	0.738021640144	0.744101481427	0.73403077316	0.69482642723	0.710546450032
AA8	0.696690624711	0.694357318334	0.761616968189	0.698112722767	0.713773748793	0.683330929655	0.702757258901	0.677324592327	0.678714231173	0.708488107746	0.697101380923	0.698543163491	0.699328644559	0.714471083943	0.707078736554	0.690782780229	0.556146726138	0.0	0.789656109624	0.676503335699	0.636155713651	0.64089792817	0.676595557134	0.660889732491	0.710079486172	0.681429456966	0.678898581073	0.658362774666	0.657404439057	0.668836349144	0.552439504783	0.42595193836	0.685317889405	0.711942034633	0.720711242955	0.72311387954	0.689624273334	0.695923001238	0.706002472454	0.694015774611	0.70820226696	0.707323724155	0.692536715345	0.712486569491	0.720735084587	0.709790656309	0.728256102224	0.714476203825	0.707479516475	0.710134862549	0.721774388229	0.742508064281	0.699783368108	0.681581637493	0.681011949813	0.709846222823	0.725297535104	0.741048392972	0.739992006947	0.725893310488	0.715077003135	0.715643546643
AB7	0.756544805855	0.769594095687	0.731910372997	0.747154010607	0.758374544518	0.756959245523	0.774695856648	0.769853732108	0.761221896394	0.780112303257	0.756550046213	0.76010800524	0.766480796344	0.724399933383	0.767415278058	0.772389664465	0.770795440781	0.789656109624	0.0	0.553952825825	0.738465357637	0.751230645567	0.773343190189	0.78942211039	0.745409685085	0.778528341363	0.776825607394	0.779588894899	0.750812107532	0.642313143231	0.760880809491	0.74767115905	0.772793886131	0.791931226012	0.769066860036	0.7762945002	0.768428807819	0.764535390024	0.795716965489	0.789056267378	0.803552307617	0.747038033344	0.739276928766	0.76909345269	0.803194543329	0.798425088825	0.821413163174	0.816823091312	0.779342295833	0.795678954525	0.805581460693	0.804130485543	0.792590177014	0.802766167491	0.781099277446	0.791355284236	0.791406897568	0.806669491107	0.80321636654	0.795220876794	0.788714880371	0.804747937901
AB8	0.686187477603	0.679080335331	0.684125171329	0.67474301262	0.667548948233	0.662011895111	0.671480121978	0.640970974718	0.678800475602	0.659582504283	0.674804335185	0.670282669538	0.700445532548	0.652888235757	0.692370783032	0.676338862497	0.684059518365	0.676503335699	0.553952825825	0.0	0.639919801327	0.613279300026	0.67731988406	0.679818303276	0.677115433376	0.672328649624	0.651159481359	0.626944701847	0.50887779614	0.407902099323	0.699593420089	0.635984527945	0.670159420284	0.682907085565	0.676073682771	0.678978391181	0.654026260849	0.657329679705	0.675456155788	0.659430089039	0.68956245339	0.684844196226	0.668906881191	0.658841639844	0.700551204972	0.675855794232	0.722558826216	0.713502713149	0.668589271227	0.690465677802	0.687948940916	0.712383938833	0.669450239857	0.684937578725	0.672231593379	0.671515054674	0.68730145183	0.708703623443	0.704225238069	0.689676354072	0.676915009565	0.691704537753
AC7	0.7024524116	0.70906124684	0.714624575787	0.693305843423	0.71296693102	0.686739860938	0.719636303124	0.712049844269	0.714345517516	0.721091115514	0.682730747235	0.722885672595	0.684665709951	0.687311312945	0.712218528428	0.708267142981	0.658677185703	0.636155713651	0.738465357637	0.639919801327	0.0	0.504085025807	0.680731883141	0.689446094889	0.691638300689	0.692346529321	0.689929128849	0.598390245375	0.652408511757	0.644125970173	0.657703533811	0.647235331969	0.696152883251	0.704639581288	0.724816101125	0.728344874136	0.707341493193	0.718241786152	0.716076477874	0.722069462013	0.734481039846	0.742920789076	0.715136687987	0.711484466998	0.704675453217	0.695625455669	0.749367851691	0.751276245644	0.694357271159	0.727035267183	0.749100970524	0.763183679345	0.706030677715	0.699808652413	0.698191416358	0.710981752653	0.741428078042	0.747954621291	0.752855686897	0.725474956023	0.695925932298	0.724390868418
AC8	0.686238820831	0.661310568349	0.736399943243	0.6711737646	0.701936185674	0.670607358078	0.673418986651	0.661347416339	0.703217463021	0.679017728847	0.706644925098	0.687405885271	0.706562917953	0.67119607278	0.701086406221	0.665969828044	0.677969922767	0.64089792817	0.751230645567	0.613279300026	0.504085025807	0.0	0.672797256151	0.662592052948	0.699620157415	0.658274229871	0.524912235271	0.421225978675	0.643648183996	0.625768340941	0.686187334271	0.620722781515	0.707862712752	0.669363023078	0.708001630291	0.713799802849	0.693330299252	0.687540913658	0.683605168048	0.68998058001	0.693447792558	0.718684500271	0.697164484482	0.687523005692	0.680061726584	0.660170571903	0.724120232226	0.706393158541	0.667710761666	0.679463008384	0.69928526485	0.715095881993	0.672214491651	0.675132973487	0.674651855947	0.680219066574	0.702325282465	0.695791863909	0.712793635692	0.693932124566	0.666967628308	0.679688546447
AD7	0.684248628821	0.678436610378	0.700082261736	0.67341677255	0.720319775554	0.70452733568	0.719528794404	0.693707892984	0.658823460229	0.720155049967	0.683201261846	0.721207613928	0.688777284923	0.69602098442	0.675583686662	0.68888373833	0.666294074433	0.676595557134	0.773343190189	0.67731988406	0.680731883141	0.672797256151	0.0	0.441105947356	0.696846578245	0.534063755008	0.663775208803	0.672730642063	0.673921464333	0.674417036186	0.697153308306	0.669090792146	0.647337066869	0.697031670845	0.712925031673	0.710425970123	0.689074998193	0.682523240504	0.699766975898	0.708903357127	0.712887838804	0.71798666089	0.674918799944	0.689896627355	0.708096657037	0.708709726751	0.71381897973	0.707914305246	0.682570484491	0.707179839084	0.695315532277	0.714549279654	0.682716847675	0.688556474109	0.663293319061	0.681158968346	0.699610626931	0.709359170285	0.708319119199	0.701432751903	0.654326539142	0.690657726472
AD8	0.711723555136	0.687704908491	0.728110010165	0.694590914	0.726288882635	0.69887985156	0.699178113093	0.672326996962	0.679530170246	0.700425444251	0.704693187521	0.713762582988	0.693441463408	0.715150739412	0.689268313021	0.678231572484	0.688118160447	0.660889732491	0.78942211039	0.679818303276	0.689446094889	0.662592052948	0.441105947356	0.0	0.615058976405	0.442726157843	0.643163207808	0.662426160582	0.652089346496	0.659053842828	0.699266258473	0.664724732476	0.675041028935	0.690852611556	0.724505113917	0.71684064882	0.684603621934	0.683091003928	0.705755847163	0.711058434473	0.711436791899	0.723230248052	0.677796166292	0.699997672292	0.702839328728	0.691551850784	0.722677757989	0.708995770976	0.695678917755	0.708139402648	0.690512455369	0.713305306263	0.699763899916	0.681272073561	0.667454639131	0.686789650693	0.706921422189	0.710386811064	0.710030142577	0.707875014586	0.674889911847	0.70393683213
AE7	0.727718841674	0.727849592788	0.703058919352	0.723000076383	0.721775724108	0.739760743145	0.735276368604	0.726455163362	0.731536215175	0.736343745992	0.76194728041	0.742840615482	0.72377531359	0.707901924831	0.726652938352	0.733649212427	0.709119041889	0.710079486172	0.745409685085	0.677115433376	0.691638300689	0.699620157415	0.696846578245	0.615058976405	0.0	0.508784303869	0.714542659434	0.706213705127	0.688005251024	0.684327992189	0.732991393829	0.690364573893	0.724744849088	0.760321808686	0.73931592253	0.74250546397	0.728352655177	0.747497238594	0.76021256992	0.747299217321	0.766409985731	0.755099553507	0.730145441997	0.732160233426	0.760153729158	0.756225130456	0.76492833002	0.7704271651	0.722193994848	0.762657822839	0.759560727658	0.77714930648	0.748897270809	0.74851419231	0.729360324793	0.74644618547	0.778201560287	0.779011611145	0.780131910394	0.759119108836	0.745961438733	0.772110001675
AE8	0.707547837655	0.691687890801	0.727175986969	0.706260462364	0.717007552189	0.70283820278	0.691449231319	0.663722456478	0.697674638883	0.696641123832	0.719234040517	0.690690093379	0.71060583293	0.708102493032	0.694681697825	0.683160581433	0.715763425382	0.681429456966	0.778528341363	0.672328649624	0.692346529321	0.658274229871	0.534063755008	0.442726157843	0.508784303869	0.0	0.667177353881	0.665246957157	0.656844657738	0.657263162711	0.727064021406	0.680970040643	0.699079735933	0.694603023632	0.726616308324	0.725648027715	0.712208002651	0.688467153159	0.709978519901	0.713473637806	0.718269726773	0.721370920961	0.70091607431	0.709690461238	0.716080718524	0.703477620176	0.717184537474	0.707097665079	0.691518881983	0.71398588091	0.714799975718	0.731551181947	0.694334361703	0.681172010301	0.690044595614	0.683102414209	0.700540429679	0.715073034765	0.720427414149	0.708988863934	0.695305085821	0.707878630778
AF7	0.684682120457	0.664281128482	0.712837793892	0.671547266101	0.704883501276	0.700505817736	0.703134452438	0.68093151431	0.67587038289	0.706079989973	0.703906548897	0.701147320918	0.682474002758	0.672439765193	0.682497888673	0.658280514699	0.671864719779	0.678898581073	0.776825607394	0.651159481359	0.689929128849	0.524912235271	0.663775208803	0.643163207808	0.714542659434	0.667177353881	0.0	0.461325724079	0.658591798498	0.650174298017	0.719859029708	0.666611703886	0.679153465096	0.710169568158	0.709111142299	0.703673400349	0.682167997119	0.683030388267	0.687902575107	0.703872910325	0.698653875713	0.701795122428	0.671506766192	0.698260018221	0.729363175262	0.705494735135	0.710889409525	0.695788096025	0.692391512714	0.704371417486	0.683879899766	0.703350072738	0.681478376055	0.681722409016	0.665687069131	0.694367502381	0.692235594054	0.714674587681	0.706052071523	0.709747504778	0.668458245057	0.691397251669
AF8	0.677626944124	0.662891907257	0.742335629836	0.672747826743	0.721719004371	0.691031626397	0.679671466361	0.664817262832	0.697999614909	0.674506995257	0.707717471654	0.697561972333	0.704209616073	0.682937305506	0.690592130935	0.663264683785	0.670020048473	0.658362774666	0.779588894899	0.626944701847	0.598390245375	0.421225978675	0.672730642063	0.662426160582	0.706213705127	0.665246957157	0.461325724079	0.0	0.658278471646	0.646807314821	0.720599980134	0.645062422625	0.698101095034	0.667446023694	0.707979699648	0.69617071945	0.680488416064	0.666454560988	0.677458297426	0.693926175126	0.695060463097	0.723248946883	0.690217538464	0.671189957914	0.702498157583	0.671598110373	0.709963789839	0.70282060443	0.679759797778	0.695649289788	0.694985938159	0.701559304125	0.660827736682	0.673449960137	0.681024958592	0.679454341408	0.695008968193	0.699985943651	0.704997890189	0.700186420026	0.659143208586	0.680004362665
AG7	0.698784382009	0.703159802691	0.701137668645	0.692765327919	0.716939233695	0.698112568865	0.70981007804	0.663912319963	0.658022214699	0.699553934937	0.699264392264	0.702979180577	0.685063218677	0.688713024375	0.698730365133	0.687477255154	0.695650601612	0.657404439057	0.750812107532	0.50887779614	0.652408511757	0.643648183996	0.673921464333	0.652089346496	0.688005251024	0.656844657738	0.658591798498	0.658278471646	0.0	0.459656305144	0.689995341822	0.671599674945	0.681582708664	0.701160892175	0.713634855615	0.708521888237	0.659681292796	0.684008698004	0.696347998816	0.697402689893	0.698586533526	0.700439915782	0.693773013324	0.685187074737	0.722284450868	0.697242634893	0.736220792382	0.723945767294	0.686132029427	0.710707202448	0.696983986795	0.739244188034	0.686343526953	0.709017915248	0.691460804936	0.697372774837	0.695896377679	0.7307827643	0.715553088143	0.72330035224	0.675320249047	0.725411831385
AG8	0.691531082078	0.671731107759	0.699541543736	0.671285438986	0.687534492464	0.673289640399	0.673503061091	0.653906202338	0.667698457317	0.670010429945	0.679379854867	0.686697182366	0.691778094939	0.66175363578	0.682611633253	0.672628108172	0.689480826747	0.668836349144	0.642313143231	0.407902099323	0.644125970173	0.625768340941	0.674417036186	0.659053842828	0.684327992189	0.657263162711	0.650174298017	0.646807314821	0.459656305144	0.0	0.70550438293	0.627802118049	0.671504196853	0.680903959604	0.688005255205	0.669616152255	0.636780483357	0.652964475002	0.675199574731	0.669104000205	0.689805491806	0.698166670047	0.676638662815	0.657001182598	0.695994267574	0.674382699275	0.708924713371	0.707978241169	0.664761987416	0.684627769737	0.681297521188	0.707595266173	0.667248173777	0.68634346714	0.670028146002	0.670556947139	0.674699796169	0.708456890546	0.696054641919	0.690581961078	0.667997673648	0.683927318158
AH7	0.744612778508	0.74258712779	0.764243280547	0.738058659692	0.759941245123	0.731845318803	0.729508334718	0.71857523766	0.732405269261	0.726589607287	0.719230782979	0.771170517834	0.733005918927	0.739126724529	0.75238022126	0.74208628865	0.708744921422	0.552439504783	0.760880809491	0.699593420089	0.657703533811	0.686187334271	0.697153308306	0.699266258473	0.732991393829	0.727064021406	0.719859029708	0.720599980134	0.689995341822	0.70550438293	0.0	0.528100276266	0.714916469604	0.768710469524	0.768942668836	0.775506520178	0.758677601195	0.756625068181	0.754199758017	0.742830422322	0.758191150612	0.764122102639	0.739231434038	0.74473636189	0.774373750265	0.760724463683	0.770033946061	0.762107234045	0.748495522328	0.761075050012	0.774705767226	0.793875840619	0.744099374557	0.741012361905	0.730790086138	0.748063645465	0.773566477185	0.793343677021	0.782406436045	0.76594231471	0.751634302656	0.762122618627
AH8	0.693137258087	0.678969729695	0.74701127641	0.697186496524	0.693935624063	0.672752229968	0.683677021919	0.674980632732	0.684004270562	0.688894556665	0.692223204069	0.709792946121	0.69802157881	0.688696134504	0.695437457517	0.669306538795	0.552533986902	0.42595193836	0.74767115905	0.635984527945	0.647235331969	0.620722781515	0.669090792146	0.664724732476	0.690364573893	0.680970040643	0.666611703886	0.645062422625	0.671599674945	0.627802118049	0.528100276266	0.0	0.673589891248	0.715760386156	0.72062875932	0.71674882761	0.7017814149	0.689341684272	0.70439252937	0.693393990232	0.698701579646	0.721781089529	0.691928254611	0.70672102969	0.7104546672	0.712652683864	0.717338762976	0.704879247715	0.694310679257	0.705577251635	0.711422208521	0.725615110663	0.690187565166	0.688261179272	0.691988505213	0.700267942598	0.725326160729	0.730562369219	0.731260860589	0.702862716076	0.705494640659	0.697180482408
AA5	0.652749988942	0.663046472838	0.687312760117	0.679990710918	0.656514209516	0.677565533657	0.707136597221	0.695209149741	0.612864180124	0.70822748253	0.63119983411	0.660252737733	0.684126207721	0.680165799832	0.650436988738	0.660577576498	0.650414633082	0.685317889405	0.772793886131	0.670159420284	0.696152883251	0.707862712752	0.647337066869	0.675041028935	0.724744849088	0.699079735933	0.679153465096	0.698101095034	0.681582708664	0.671504196853	0.714916469604	0.673589891248	0.0	0.605554297492	0.684381821349	0.675826033387	0.63808091165	0.639567728663	0.663394842286	0.685114606306	0.691498432808	0.644545837688	0.616295293963	0.650208766303	0.713451985133	0.652906094562	0.68647999925	0.705384089139	0.684986892063	0.706086155118	0.691214843508	0.696654732403	0.677951284005	0.692434873415	0.666077431344	0.678638056871	0.659923765481	0.705853867622	0.680020349164	0.691655957574	0.642776015293	0.693978839928
AA6	0.69271717684	0.677698992808	0.77556523047	0.700066803174	0.701353144236	0.663069618783	0.671324888481	0.653275488541	0.702849321902	0.677473556034	0.686630755344	0.663359077524	0.712818423437	0.720686323319	0.71603509543	0.68152683142	0.72653346553	0.711942034633	0.791931226012	0.682907085565	0.704639581288	0.669363023078	0.697031670845	0.690852611556	0.760321808686	0.694603023632	0.710169568158	0.667446023694	0.701160892175	0.680903959604	0.768710469524	0.715760386156	0.605554297492	0.0	0.70807196486	0.671920028748	0.65292615155	0.615673076827	0.665625624837	0.677187304059	0.673825798615	0.691491126122	0.658498683779	0.665774690305	0.45568338214	0.399579871459	0.690906075217	0.699139128989	0.663322908734	0.675414232242	0.681805220274	0.684416503489	0.671443974632	0.686097116021	0.69120957686	0.67790146115	0.654111887009	0.670237394028	0.689685206411	0.67126546682	0.656806298793	0.68449849258
AB5	0.683870689167	0.665083474139	0.692683687008	0.680474336395	0.680861201693	0.668472759176	0.680838786699	0.688642261374	0.689362515339	0.686963191635	0.662043381318	0.65965194602	0.690714454087	0.675023535334	0.681874071058	0.669500351767	0.713931312882	0.720711242955	0.769066860036	0.676073682771	0.724816101125	0.708001630291	0.712925031673	0.724505113917	0.73931592253	0.726616308324	0.709111142299	0.707979699648	0.713634855615	0.688005255205	0.768942668836	0.72062875932	0.684381821349	0.70807196486	0.0	0.419689707431	0.642250942034	0.657110441629	0.658058890641	0.632951621975	0.649089484801	0.694515017462	0.670732831502	0.651068010665	0.706569330216	0.697604315274	0.68940777724	0.680886316242	0.680064759113	0.699126614793	0.693482786477	0.688919242987	0.666417440204	0.694699009211	0.693431887197	0.679295558726	0.702294023833	0.696673575219	0.705737836315	0.712650821924	0.653336106481	0.689407308897
AB6	0.68294766958	0.651753738601	0.712988455154	0.658491950984	0.677032290836	0.662380020941	0.660451554827	0.661251430214	0.680235280016	0.651693153472	0.676085379738	0.659440164656	0.673334114781	0.680941114948	0.673034359316	0.652385706039	0.711463556498	0.72311387954	0.7762945002	0.678978391181	0.728344874136	0.713799802849	0.710425970123	0.71684064882	0.74250546397	0.725648027715	0.703673400349	0.69617071945	0.708521888237	0.669616152255	0.775506520178	0.71674882761	0.675826033387	0.671920028748	0.419689707431	0.0	0.641736597384	0.639660332089	0.653939263385	0.634972525042	0.649724474549	0.698226042368	0.670502703155	0.552252573294	0.697999257644	0.68272317372	0.669315133402	0.677395811182	0.649880176734	0.671390325389	0.674255712097	0.675123186174	0.663790410684	0.681937890096	0.684120441278	0.659603781444	0.681973013403	0.678334683166	0.679067616718	0.670287016674	0.662424160734	0.671889549597
AC5	0.643997367702	0.659057456221	0.700232269863	0.661181400711	0.684671690114	0.677654891673	0.690760243121	0.67345550036	0.632071081624	0.694745978816	0.658641657136	0.670189476409	0.675218407596	0.666661359403	0.669540110909	0.661475902586	0.679025932074	0.689624273334	0.768428807819	0.654026260849	0.707341493193	0.693330299252	0.689074998193	0.684603621934	0.728352655177	0.712208002651	0.682167997119	0.680488416064	0.659681292796	0.636780483357	0.758677601195	0.7017814149	0.63808091165	0.65292615155	0.642250942034	0.641736597384	0.0	0.503697059095	0.64982241918	0.64635551171	0.666677115991	0.688837285119	0.606015310849	0.633286568949	0.675061484161	0.649504453422	0.649393214753	0.679990944458	0.625554378359	0.666536584012	0.66787063638	0.65667494853	0.652776382114	0.660454233034	0.62576139666	0.660777471522	0.644209909118	0.666380698514	0.651391000351	0.679733968072	0.636400900976	0.686584368664
AC6	0.654647182127	0.634740743393	0.722678008317	0.662885550535	0.663945400412	0.650309208683	0.659089409561	0.659012641668	0.675636485073	0.672190450245	0.656919486581	0.636122953605	0.683990691637	0.671653790211	0.680552210937	0.644370176912	0.694747055821	0.695923001238	0.764535390024	0.657329679705	0.718241786152	0.687540913658	0.682523240504	0.683091003928	0.747497238594	0.688467153159	0.683030388267	0.666454560988	0.684008698004	0.652964475002	0.756625068181	0.689341684272	0.639567728663	0.615673076827	0.657110441629	0.639660332089	0.503697059095	0.0	0.62757245134	0.644621737877	0.655488171973	0.577393425382	0.500890430372	0.611198102969	0.664986746845	0.639333540615	0.657738950033	0.671007406574	0.633101797636	0.64773261378	0.642154736599	0.64770522236	0.653936790086	0.660886984248	0.655776772296	0.647508827241	0.613560995107	0.652391936864	0.639776938006	0.645237590482	0.637148612504	0.660638338778
AD6	0.673032212828	0.634952969081	0.760186313445	0.69161402774	0.680281652585	0.656196918196	0.629550706343	0.633832626256	0.671179759139	0.62771308863	0.673449686003	0.664092424101	0.701143489008	0.675819151983	0.671076738582	0.628722986494	0.713681649969	0.706002472454	0.795716965489	0.675456155788	0.716076477874	0.683605168048	0.699766975898	0.705755847163	0.76021256992	0.709978519901	0.687902575107	0.677458297426	0.696347998816	0.675199574731	0.754199758017	0.70439252937	0.663394842286	0.665625624837	0.658058890641	0.653939263385	0.64982241918	0.62757245134	0.0	0.486292332329	0.43317855334	0.667558626973	0.640489996831	0.65793894897	0.680289580976	0.660858607492	0.676104612198	0.644762659226	0.648738956295	0.630504109303	0.674657438142	0.671369585677	0.653031985329	0.645416901889	0.666162204883	0.660779949304	0.643294124159	0.661586874274	0.661746455346	0.63380834886	0.620407800097	0.633107304437
AE5	0.685911010518	0.654762599804	0.73816332434	0.682728257202	0.653105430113	0.65321664843	0.638059969314	0.638882613285	0.682108713865	0.630852824113	0.671961081213	0.657524428759	0.693611648209	0.679627071917	0.689186587942	0.667962218562	0.714305391139	0.694015774611	0.789056267378	0.659430089039	0.722069462013	0.68998058001	0.708903357127	0.711058434473	0.747299217321	0.713473637806	0.703872910325	0.693926175126	0.697402689893	0.669104000205	0.742830422322	0.693393990232	0.685114606306	0.677187304059	0.632951621975	0.634972525042	0.64635551171	0.644621737877	0.486292332329	0.0	0.389737639368	0.698321820044	0.649508683518	0.642358614496	0.683102824705	0.673038191617	0.6842745679	0.669035217018	0.648258448181	0.642528640161	0.670325875883	0.680164003334	0.642753565713	0.644290827315	0.661588963627	0.651728651671	0.663803964481	0.682598124083	0.673113693356	0.641201595635	0.647763077571	0.666793217389
AE6	0.693806222451	0.649819489046	0.762096525801	0.697209337757	0.6618043793	0.653343931853	0.642996828238	0.631742144516	0.686909380431	0.632106068124	0.694951058837	0.662144364845	0.697508094428	0.685761305002	0.66749956791	0.646037668634	0.737999279313	0.70820226696	0.803552307617	0.68956245339	0.734481039846	0.693447792558	0.712887838804	0.711436791899	0.766409985731	0.718269726773	0.698653875713	0.695060463097	0.698586533526	0.689805491806	0.758191150612	0.698701579646	0.691498432808	0.673825798615	0.649089484801	0.649724474549	0.666677115991	0.655488171973	0.43317855334	0.389737639368	0.0	0.692942460278	0.656813179535	0.66807441083	0.684027085068	0.673816385689	0.693167839001	0.649572950716	0.654821152771	0.639038138536	0.671532561983	0.684376954495	0.649175745194	0.64213890919	0.668009252233	0.666090849742	0.658814652377	0.680352443132	0.661000712915	0.639106895617	0.652149970186	0.650479691304
AF5	0.690007585332	0.695707899733	0.700114289657	0.664024171038	0.670483609929	0.685989913358	0.711568686825	0.684555055719	0.660984621052	0.709118412294	0.687108130989	0.649560051386	0.677337792896	0.668863290117	0.70399107751	0.684547514607	0.731441475815	0.707323724155	0.747038033344	0.684844196226	0.742920789076	0.718684500271	0.71798666089	0.723230248052	0.755099553507	0.721370920961	0.701795122428	0.723248946883	0.700439915782	0.698166670047	0.764122102639	0.721781089529	0.644545837688	0.691491126122	0.694515017462	0.698226042368	0.688837285119	0.577393425382	0.667558626973	0.698321820044	0.692942460278	0.0	0.457034728185	0.6695634925	0.735173299987	0.701597427123	0.704899585891	0.71745511985	0.689595140774	0.682392741953	0.70246597905	0.720227761208	0.689124619206	0.723557951977	0.710544051952	0.71508272941	0.666575841458	0.717622043372	0.691191857291	0.688817650577	0.6698984745	0.724939887831
AF6	0.659870242035	0.648674518012	0.691985382038	0.645247222864	0.658182223813	0.640748856811	0.686266444377	0.673793120372	0.656285590936	0.682075130669	0.651709186233	0.640081998749	0.660541110511	0.65050556978	0.669385855019	0.644747597929	0.694503107831	0.692536715345	0.739276928766	0.668906881191	0.715136687987	0.697164484482	0.674918799944	0.677796166292	0.730145441997	0.70091607431	0.671506766192	0.690217538464	0.693773013324	0.676638662815	0.739231434038	0.691928254611	0.616295293963	0.658498683779	0.670732831502	0.670502703155	0.606015310849	0.500890430372	0.640489996831	0.649508683518	0.656813179535	0.457034728185	0.0	0.626726640909	0.68901240324	0.662057106808	0.682059015957	0.688398887966	0.654531680594	0.651359049407	0.673792167435	0.685864534778	0.669557714328	0.685560411839	0.67271069745	0.673287501195	0.653048209192	0.682948031875	0.655372849728	0.659267984893	0.64657560778	0.700351336027
