	AA3	AA4	AB3	AB4	AC3	AC4	AD3	AD4	AE3	AE4	AF3	AF4	AG3	AG4	AH3	AH4	AA7	AA8	AB7	AB8	AC7	AC8	AD7	AD8	AE7	AE8	AF7	AF8	AG7	AG8	AH7	AH8	AA5	AA6	AB5	AB6	AC5	AC6	AD6	AE5	AE6	AF5	AF6	AG5	AH5	AH6	AA1	AA2	AB1	AB2	AC1	AC2	AD1	AD2	AE1	AE2	AF1	AF2	AG1	AG2	AH1	AH2
AA3	0.0	0.485536452792	0.684955766224	0.640393247619	0.67667183107	0.672527553251	0.688420041271	0.683433147686	0.643416481233	0.67847108662	0.64522389807	0.66992350684	0.642587065027	0.629268253633	0.683806626891	0.485830611178	0.677463250904	0.684257716108	0.758188121777	0.685431013265	0.692409594443	0.685811074577	0.664723269783	0.697731843436	0.729084076493	0.703501735736	0.667802822691	0.671073975597	0.689854315947	0.681890112763	0.731953443533	0.701114343459	0.667032040713	0.686923402381	0.672107271592	0.685715322632	0.640034430006	0.66117806291	0.677735433564	0.685724664654	0.68387352763	0.683423686118	0.668627959458	0.668503076091	0.696050183279	0.695105675674	0.66713657054	0.671345953521	0.649728130072	0.690830408697	0.682390488569	0.68701566785	0.630869356467	0.660331388651	0.665243823083	0.65651138359	0.660154386095	0.691574550151	0.648890631955	0.693965635011	0.645840955708	0.687167222812
AA4	0.485536452792	0.0	0.688743128598	0.632707075119	0.666737658225	0.649064643319	0.669013906299	0.66247300316	0.675820220613	0.656526118141	0.66877199874	0.653529824209	0.656112870903	0.647289756802	0.515460575948	0.362563306136	0.695638763429	0.695394012096	0.76990822814	0.686629845863	0.714212876907	0.671551823255	0.685074167439	0.698270758635	0.730644923793	0.693909023626	0.664628265785	0.670861050557	0.69591936056	0.673371127791	0.747043140373	0.688043566592	0.685253361489	0.673088203541	0.660121378429	0.667430181459	0.66938760059	0.647522246618	0.656243816521	0.662211297061	0.65959902412	0.662253109758	0.667051966902	0.640452137491	0.681666172024	0.671432747176	0.669264199894	0.656090594781	0.660892995096	0.658017765241	0.680525881086	0.671566010259	0.644178877481	0.656329228607	0.66318244669	0.646781894402	0.648741681402	0.677062727438	0.638891920116	0.652823558007	0.659650890927	0.661101171932
AB3	0.684955766224	0.688743128598	0.0	0.655812196543	0.693540429529	0.726514400968	0.721144009066	0.727067832842	0.697327484152	0.732752460804	0.721286795187	0.724230930689	0.702925085788	0.561645058517	0.690947756444	0.685359573398	0.716727512735	0.743735854159	0.700560181754	0.677137143746	0.722885289041	0.747007725328	0.72003764063	0.737880734052	0.71851563967	0.718499455734	0.72369511149	0.745759970486	0.689620464302	0.701243075647	0.732647916589	0.739633658382	0.723541352468	0.764246701815	0.714646196771	0.729975052062	0.716705970051	0.714644291974	0.738649808071	0.736229573397	0.759588727572	0.687476418384	0.722022418857	0.729121005891	0.780680562734	0.780546078342	0.767044741784	0.75597048284	0.694558291506	0.743983021794	0.747611109919	0.753946386198	0.71822096307	0.759112459592	0.73216890666	0.744182160806	0.747382224176	0.76617914366	0.752376010069	0.75013650794	0.725682622765	0.753886704666
AB4	0.640393247619	0.632707075119	0.655812196543	0.0	0.691220747808	0.678433322062	0.695408745378	0.697149563754	0.693314772486	0.704207830772	0.661300174934	0.671689449247	0.414702960533	0.444963861485	0.689090764966	0.640026527207	0.710445119633	0.709713514037	0.75331676466	0.692703567452	0.696905894172	0.690989448459	0.685829788964	0.697544380867	0.724881052147	0.706766594777	0.666022097927	0.68339601391	0.689166257304	0.692217580604	0.738561616362	0.699373088948	0.694940816999	0.70460303006	0.683994181781	0.696084364804	0.672952871672	0.661586566735	0.683622980743	0.697654982509	0.715538531531	0.668780180492	0.67585189708	0.686673740165	0.716715926731	0.716901928079	0.699173699149	0.704421804876	0.651409970276	0.695920138341	0.686899112605	0.708123759646	0.672645833301	0.679103233031	0.695685033077	0.674937460118	0.690110687484	0.719654273529	0.702892945747	0.687974377833	0.674683877153	0.683577170411
AC3	0.67667183107	0.666737658225	0.693540429529	0.691220747808	0.0	0.503002771789	0.655467974293	0.665762531379	0.655607629023	0.659919257127	0.686456257121	0.432088830629	0.688461110741	0.686220486311	0.671832728461	0.664428507324	0.678833262878	0.669472953533	0.756227429055	0.673660676473	0.709941302613	0.692895644465	0.706614941034	0.720951401174	0.720368253485	0.702780777384	0.704066861554	0.713554133648	0.694132499982	0.687391146562	0.740546169593	0.695395339094	0.690225957042	0.692865885114	0.693209211402	0.685893491892	0.688352781644	0.659315237153	0.671954749561	0.651225821644	0.660626461881	0.652620811833	0.667740835484	0.661093565518	0.712152470493	0.691145117828	0.723252874939	0.698519723297	0.690196077057	0.692787202248	0.681338988147	0.688610637852	0.682774299067	0.693329614254	0.674062611741	0.685870045442	0.695416103214	0.70356906679	0.695483319177	0.682471945727	0.692641562941	0.699537237289
AC4	0.672527553251	0.649064643319	0.726514400968	0.678433322062	0.503002771789	0.0	0.635956727228	0.647129215409	0.663020052327	0.650108994089	0.51267312059	0.402281410293	0.682919204622	0.691541543553	0.676426467793	0.637696727345	0.684368588191	0.66238755862	0.762692874191	0.675151694259	0.712534950856	0.672415378704	0.698023089895	0.697967874707	0.755005359765	0.707123048831	0.677222954436	0.666103243968	0.70010926314	0.677781783924	0.735268133095	0.682800305609	0.668493458237	0.656300056836	0.651567625644	0.663974948412	0.668663293282	0.630507559288	0.646820177047	0.644724207808	0.644595856502	0.645177803578	0.660953691652	0.644590296447	0.675848550663	0.655945622815	0.716444797833	0.678052510834	0.680651484838	0.677152046725	0.688758180739	0.661884725833	0.690600594961	0.676884381106	0.696227056131	0.688646504416	0.655248620633	0.670742428702	0.669145565533	0.675941651519	0.665824557173	0.669175293065
AD3	0.688420041271	0.669013906299	0.721144009066	0.695408745378	0.655467974293	0.635956727228	0.0	0.419363835982	0.66444091557	0.367934735984	0.697283418728	0.642784529446	0.693728384011	0.688179946142	0.690313012276	0.670128594387	0.714490766246	0.677132830256	0.763738983027	0.64888801992	0.717347712217	0.672537360719	0.700902873264	0.700292243224	0.717246105539	0.697022291596	0.689103584838	0.663620304168	0.699149757113	0.662958971336	0.74948952756	0.683201897697	0.702571541754	0.653349996317	0.651075768118	0.67373127012	0.667216887977	0.652069057382	0.621105216632	0.625883156676	0.632785001792	0.671320482344	0.664070336238	0.671544106321	0.684390603716	0.667726880354	0.690142855764	0.66616417273	0.675036904769	0.655152238785	0.685635655886	0.685751064397	0.670098752089	0.663512378538	0.675014997823	0.671217535535	0.66078767065	0.659877965063	0.669306369285	0.64559690866	0.6881428253	0.645637699305
AD4	0.683433147686	0.66247300316	0.727067832842	0.697149563754	0.665762531379	0.647129215409	0.419363835982	0.0	0.6020398488	0.391790307242	0.691332949732	0.647344355152	0.699413471737	0.691407584394	0.692178538051	0.679025752499	0.706004831015	0.681445590532	0.777700540487	0.662665896432	0.713013250177	0.677099505772	0.688291769206	0.6896768138	0.74215309433	0.695474104274	0.690957406388	0.672081087642	0.690804619129	0.66316715939	0.722662273798	0.697101211948	0.710064382453	0.660811787428	0.669531339995	0.671016240576	0.669757840455	0.671751130245	0.63182395376	0.62997530314	0.640972723029	0.693000463387	0.675636485161	0.679289901017	0.675418708217	0.668664354162	0.681517470233	0.657462791721	0.680937291304	0.659519073152	0.692714006526	0.680491642807	0.664717206128	0.661907759188	0.663979981722	0.662630923317	0.678038774257	0.668869484494	0.670101028233	0.661354129625	0.689920360487	0.646475960102
AE3	0.643416481233	0.675820220613	0.697327484152	0.693314772486	0.655607629023	0.663020052327	0.66444091557	0.6020398488	0.0	0.620252268881	0.64947623719	0.67381245541	0.672303351888	0.687529266802	0.675077891122	0.676371261411	0.654115264552	0.667085939652	0.763896729929	0.677589078904	0.711050540767	0.718074597768	0.637893096413	0.694592549563	0.742226715795	0.710627238092	0.675903355035	0.709859054427	0.651281142049	0.673081170816	0.731619009583	0.708473857846	0.637965198425	0.701560083215	0.692785935702	0.682827873059	0.649716463765	0.687955484813	0.691619380732	0.671910819307	0.678719603715	0.665891629667	0.669829038739	0.66893879097	0.735135569877	0.711845378806	0.70677644713	0.716081148585	0.683077326495	0.713931440324	0.712238309659	0.716811543455	0.670256001424	0.711631790732	0.667139783476	0.704528839657	0.701514093134	0.736416387629	0.693253146095	0.717626744176	0.657846500825	0.728787694438
AE4	0.67847108662	0.656526118141	0.732752460804	0.704207830772	0.659919257127	0.650108994089	0.367934735984	0.391790307242	0.620252268881	0.0	0.692973738037	0.640390920117	0.699459355098	0.702488552541	0.69901304302	0.667080804357	0.703427470172	0.681390550987	0.765520701431	0.639614199702	0.693581353172	0.664194577544	0.689762734933	0.680535121592	0.717765255621	0.681278810161	0.685190659799	0.663042488416	0.681279532237	0.636556239456	0.740224029086	0.683947221372	0.700076536683	0.660965148569	0.687331110644	0.681505197093	0.673990867355	0.661299861866	0.619264178738	0.641360777199	0.622074224198	0.669187865143	0.669569851371	0.659814235225	0.684209661808	0.679951534038	0.682818540177	0.659337516218	0.678085450757	0.655074716432	0.690656825332	0.677574006633	0.666886291619	0.667565217434	0.675770849145	0.656835520682	0.671998453902	0.665251589371	0.670143758205	0.659609510801	0.704048586993	0.656213028606
AF3	0.64522389807	0.66877199874	0.721286795187	0.661300174934	0.686456257121	0.51267312059	0.697283418728	0.691332949732	0.64947623719	0.692973738037	0.0	0.56291448732	0.665643203107	0.684937551057	0.680085357584	0.663965293582	0.677370120668	0.673872314537	0.759417852688	0.679744335389	0.688896556845	0.705266420834	0.67156702572	0.695459465908	0.759190391278	0.711390006456	0.683106658761	0.702045540279	0.688847395811	0.692115749759	0.720516373515	0.698605881772	0.661763304	0.68401817575	0.668757054164	0.675904361187	0.649744860468	0.666963387318	0.678304769441	0.676014394563	0.681676203218	0.683564761037	0.676740121341	0.65918989348	0.697397438445	0.679322544462	0.711376309525	0.700212930398	0.677726700949	0.710667687986	0.707688364096	0.705040151497	0.689338128074	0.714982087809	0.696047645541	0.707713016554	0.668828216684	0.721438614052	0.672397475294	0.714197512672	0.650875195594	0.715299679149
AF4	0.66992350684	0.653529824209	0.724230930689	0.671689449247	0.432088830629	0.402281410293	0.642784529446	0.647344355152	0.67381245541	0.640390920117	0.56291448732	0.0	0.681870987069	0.676728316926	0.690277545826	0.659219410772	0.693519885051	0.678548209711	0.750234690501	0.659962810574	0.703777891985	0.674950524539	0.709209662466	0.709486268697	0.726499652172	0.698030117088	0.694964001555	0.700076682591	0.703671062194	0.663025877943	0.733355186519	0.689765078827	0.687149152876	0.662113524272	0.669492294609	0.678404004044	0.672155639505	0.656185974672	0.652906701319	0.648655981807	0.643681020508	0.672052755125	0.663734027459	0.656341634682	0.682447768683	0.659266691694	0.714150970449	0.675884227779	0.684223700024	0.667691010768	0.676310060015	0.659353945614	0.667727607997	0.677980522994	0.674632829561	0.673611111111	0.673089731194	0.677610984674	0.670253885828	0.670881360904	0.666425060722	0.678707189153
AG3	0.642587065027	0.656112870903	0.702925085788	0.414702960533	0.688461110741	0.682919204622	0.693728384011	0.699413471737	0.672303351888	0.699459355098	0.665643203107	0.681870987069	0.0	0.503083161662	0.683446556576	0.668465763299	0.677784931677	0.684155311875	0.773011644182	0.703220168452	0.679046849248	0.693995396712	0.672247904314	0.684283289891	0.72750569661	0.701860819833	0.681844067168	0.696550361153	0.687356700404	0.695606264483	0.731931875832	0.69213065156	0.698398220821	0.696179355935	0.687512508706	0.693299837193	0.682165890156	0.670075208229	0.6941429367	0.692289428762	0.712125144818	0.672079644389	0.686042287015	0.68753718587	0.709737111062	0.714179022378	0.700601679668	0.705149645708	0.651378849099	0.697107695246	0.70140182334	0.709765467054	0.670138045299	0.687665270819	0.687936075204	0.692106075296	0.700972088908	0.729946243957	0.701109462905	0.697169768152	0.682244288126	0.704603805079
AG4	0.629268253633	0.647289756802	0.561645058517	0.444963861485	0.686220486311	0.691541543553	0.688179946142	0.691407584394	0.687529266802	0.702488552541	0.684937551057	0.676728316926	0.503083161662	0.0	0.676237504084	0.64479022081	0.706133513472	0.708765557202	0.734114923278	0.684541747182	0.703456394959	0.694352747983	0.6972531065	0.713861867137	0.711218716181	0.702939472319	0.666333614988	0.69369990467	0.678166193486	0.694152029978	0.735583593066	0.695906916694	0.705717783054	0.717944924348	0.687038023073	0.699453816297	0.682902965813	0.678366073506	0.697273642812	0.690701878513	0.716209919875	0.677588317033	0.677339545715	0.703961566	0.731889901496	0.739750835288	0.712261454194	0.702327061866	0.6527752382	0.699922550036	0.703967029975	0.715880402782	0.680971520906	0.71738803651	0.712755026571	0.707749459305	0.708065571159	0.728127447986	0.711899014197	0.698366118831	0.678365940488	0.697526165087
AH3	0.683806626891	0.515460575948	0.690947756444	0.689090764966	0.671832728461	0.676426467793	0.690313012276	0.692178538051	0.675077891122	0.69901304302	0.680085357584	0.690277545826	0.683446556576	0.676237504084	0.0	0.537246260084	0.688453830239	0.70582843604	0.778344966484	0.708100795524	0.716045642338	0.703105705642	0.66579625144	0.699270072129	0.723177462694	0.694710882908	0.676762349863	0.689233581623	0.689634093962	0.704058631688	0.748469279502	0.709091816044	0.692318254534	0.719841806117	0.691278197705	0.695294274745	0.68352371409	0.680564981769	0.679836037124	0.687083616587	0.692655271168	0.69079505136	0.685019217814	0.664431841004	0.723351818859	0.711599528219	0.709121488483	0.710226350889	0.685940866803	0.709609720165	0.702065180297	0.727676718513	0.706996681249	0.714158153986	0.693390242929	0.702732167868	0.704343786258	0.733001649648	0.704711556868	0.706958368787	0.684301651158	0.713349007883
AH4	0.485830611178	0.362563306136	0.685359573398	0.640026527207	0.664428507324	0.637696727345	0.670128594387	0.679025752499	0.676371261411	0.667080804357	0.663965293582	0.659219410772	0.668465763299	0.64479022081	0.537246260084	0.0	0.704449698173	0.689888326078	0.770473269278	0.686524178232	0.712234834517	0.689756471655	0.676031969879	0.694818097442	0.738991020998	0.695587692838	0.672263242501	0.691203687252	0.692975632748	0.676436047718	0.746165984134	0.700071280496	0.68885263635	0.686957196567	0.665858191138	0.656940630015	0.653935798415	0.646159160285	0.66448775871	0.658480350067	0.649501786682	0.662719323031	0.652196325849	0.64510167485	0.687827354899	0.667172789834	0.665256399081	0.661513537517	0.647979671523	0.666960542009	0.663144931506	0.676549738941	0.646958334216	0.662301166591	0.676880070539	0.645907152158	0.657516756237	0.676653007643	0.654445628637	0.663708063885	0.662462705583	0.66176642843
AA7	0.677463250904	0.695638763429	0.716727512735	0.710445119633	0.678833262878	0.684368588191	0.714490766246	0.706004831015	0.654115264552	0.703427470172	0.677370120668	0.693519885051	0.677784931677	0.706133513472	0.688453830239	0.704449698173	0.0	0.516114231589	0.776244161107	0.688628747193	0.656350132515	0.677138357215	0.661167659119	0.691980599287	0.709912693971	0.713092490607	0.684315020946	0.665808873074	0.681378643904	0.671440717594	0.703425505011	0.550306430159	0.674354223154	0.722919879972	0.716282616361	0.729775769675	0.681976339116	0.690006411845	0.723002654471	0.736532948185	0.725181650895	0.699497689187	0.719371751985	0.718871058531	0.743870468967	0.733255174542	0.743306622166	0.739146810823	0.718124866014	0.745037664022	0.729725147432	0.743306164871	0.695750761043	0.718697782069	0.699748710937	0.712659045323	0.736664460258	0.754482595707	0.732770979903	0.743976983388	0.697025621802	0.733020817424
AA8	0.684257716108	0.695394012096	0.743735854159	0.709713514037	0.669472953533	0.66238755862	0.677132830256	0.681445590532	0.667085939652	0.681390550987	0.673872314537	0.678548209711	0.684155311875	0.708765557202	0.70582843604	0.689888326078	0.516114231589	0.0	0.775250358941	0.644301687908	0.651263807123	0.654570031668	0.647301973805	0.662672066512	0.711945568143	0.685828643999	0.679225753573	0.653840956948	0.663128486708	0.656658389194	0.559796354252	0.396621580625	0.682166829685	0.699885270011	0.705168536023	0.71880787224	0.679941527438	0.673614334302	0.725161178397	0.704661152469	0.696189686647	0.669188948155	0.703814567065	0.693694984122	0.723792084255	0.709121836437	0.726891619609	0.707475980006	0.711127327929	0.724846679477	0.716499947666	0.744585380489	0.688649888139	0.682617525705	0.687691038089	0.692393602845	0.716283127427	0.72317544809	0.730571250695	0.720269649268	0.71114036639	0.703394688964
AB7	0.758188121777	0.76990822814	0.700560181754	0.75331676466	0.756227429055	0.762692874191	0.763738983027	0.777700540487	0.763896729929	0.765520701431	0.759417852688	0.750234690501	0.773011644182	0.734114923278	0.778344966484	0.770473269278	0.776244161107	0.775250358941	0.0	0.564626693082	0.748534608017	0.771562746899	0.776621618805	0.795353475744	0.747491803539	0.77305406344	0.773192172372	0.776339954453	0.742515514858	0.618592502569	0.763507757262	0.778246948593	0.778270631181	0.788487109752	0.776999015782	0.795046955815	0.765279726819	0.764215331985	0.792895347947	0.790416251337	0.80179041965	0.73533463278	0.752573271895	0.780378690778	0.806566720558	0.801866906467	0.821704762823	0.796275229988	0.779247510792	0.801896904967	0.813439623238	0.80743420622	0.793375506716	0.8029297877	0.785536423124	0.800382642141	0.790602445562	0.807191057652	0.805398084524	0.801030707291	0.799505106085	0.791656953867
AB8	0.685431013265	0.686629845863	0.677137143746	0.692703567452	0.673660676473	0.675151694259	0.64888801992	0.662665896432	0.677589078904	0.639614199702	0.679744335389	0.659962810574	0.703220168452	0.684541747182	0.708100795524	0.686524178232	0.688628747193	0.644301687908	0.564626693082	0.0	0.652825372845	0.62988783932	0.671794998283	0.669616167403	0.683138590791	0.669582685895	0.652809069412	0.651274151013	0.484122041786	0.383534786474	0.686898428151	0.63957941759	0.701479384064	0.694243713279	0.693013511099	0.67096236476	0.666134768894	0.67406739471	0.683034536978	0.680247704521	0.665653972292	0.673042824233	0.662755835541	0.660171166952	0.708348151656	0.678405986246	0.729428812683	0.682948391589	0.676916336927	0.691506190112	0.69423958023	0.717664947186	0.668973724462	0.684146180126	0.67646486914	0.67903396126	0.686847544645	0.710854168024	0.69658660405	0.697893685434	0.679653403169	0.676810086499
AC7	0.692409594443	0.714212876907	0.722885289041	0.696905894172	0.709941302613	0.712534950856	0.717347712217	0.713013250177	0.711050540767	0.693581353172	0.688896556845	0.703777891985	0.679046849248	0.703456394959	0.716045642338	0.712234834517	0.656350132515	0.651263807123	0.748534608017	0.652825372845	0.0	0.501020573504	0.676334739112	0.683874755867	0.692345617371	0.695438716439	0.685477037725	0.591848154215	0.642892357013	0.654432999176	0.654400182451	0.649192876677	0.715694355452	0.704663566806	0.726144351163	0.738629230819	0.709498145469	0.723092902074	0.709889993835	0.727502077391	0.727352365503	0.717203979264	0.734401413655	0.710131352831	0.707245921685	0.695822508224	0.750778845199	0.739730175833	0.714506750949	0.737473702282	0.748105630484	0.762357848365	0.701467903611	0.696705129845	0.695724217238	0.698139386959	0.739137981591	0.737792065564	0.745984476488	0.736496785437	0.694697080199	0.726117027592
AC8	0.685811074577	0.671551823255	0.747007725328	0.690989448459	0.692895644465	0.672415378704	0.672537360719	0.677099505772	0.718074597768	0.664194577544	0.705266420834	0.674950524539	0.693995396712	0.694352747983	0.703105705642	0.689756471655	0.677138357215	0.654570031668	0.771562746899	0.62988783932	0.501020573504	0.0	0.673665703184	0.662847249482	0.695605858622	0.655030938892	0.507363604628	0.415008724934	0.647559010912	0.61871250893	0.690119306648	0.638073146464	0.715915664265	0.674486589716	0.714440343597	0.707322507835	0.70111974189	0.693329352581	0.673496768931	0.703144033868	0.692466639817	0.704366562278	0.705960626551	0.679422354252	0.681156501324	0.669395939526	0.72427294094	0.678574050287	0.696766254097	0.690791142698	0.700284450889	0.705178435435	0.677967997939	0.660229513335	0.67246597563	0.670716941652	0.705654600196	0.690600261685	0.712005386952	0.701951887595	0.68228236603	0.67517047758
AD7	0.664723269783	0.685074167439	0.72003764063	0.685829788964	0.706614941034	0.698023089895	0.700902873264	0.688291769206	0.637893096413	0.689762734933	0.67156702572	0.709209662466	0.672247904314	0.6972531065	0.66579625144	0.676031969879	0.661167659119	0.647301973805	0.776621618805	0.671794998283	0.676334739112	0.673665703184	0.0	0.457324573836	0.699670535814	0.502493008769	0.66217817823	0.679009860773	0.643328140786	0.670161142529	0.702785008476	0.653277924235	0.659751726118	0.687216951955	0.709381730311	0.695431785791	0.670999782144	0.687660497628	0.69502667556	0.692428039234	0.691285297968	0.670591362136	0.692146412093	0.680851794983	0.703534456667	0.685309770268	0.711346900279	0.704385348356	0.669411656544	0.707235141551	0.690194425246	0.715635264366	0.668117493331	0.690304770254	0.662045831129	0.689203240496	0.694460186385	0.720798101004	0.695941350757	0.710396474508	0.659439940848	0.698409991075
AD8	0.697731843436	0.698270758635	0.737880734052	0.697544380867	0.720951401174	0.697967874707	0.700292243224	0.6896768138	0.694592549563	0.680535121592	0.695459465908	0.709486268697	0.684283289891	0.713861867137	0.699270072129	0.694818097442	0.691980599287	0.662672066512	0.795353475744	0.669616167403	0.683874755867	0.662847249482	0.457324573836	0.0	0.599376785485	0.40503003684	0.655469482757	0.664554158435	0.651664156598	0.668040804758	0.698272097078	0.6567135911	0.686258608828	0.691621047656	0.732625756705	0.706844643017	0.695818755761	0.693364476666	0.698431793295	0.703946897921	0.705424948104	0.694380141006	0.703870178234	0.684598727166	0.7035230282	0.686526880949	0.720529735432	0.701736512015	0.683670126756	0.710161587859	0.702562747133	0.721550612315	0.67137035547	0.682345527918	0.664723150425	0.691419734369	0.699830100871	0.721764851038	0.707401845916	0.708846303433	0.687291274466	0.701361240582
AE7	0.729084076493	0.730644923793	0.71851563967	0.724881052147	0.720368253485	0.755005359765	0.717246105539	0.74215309433	0.742226715795	0.717765255621	0.759190391278	0.726499652172	0.72750569661	0.711218716181	0.723177462694	0.738991020998	0.709912693971	0.711945568143	0.747491803539	0.683138590791	0.692345617371	0.695605858622	0.699670535814	0.599376785485	0.0	0.513128170057	0.71264565479	0.709202187307	0.680952239316	0.695233751205	0.732283395849	0.698940729791	0.74780813664	0.749930674281	0.742127920318	0.752277402645	0.72368525713	0.74745704883	0.752133154359	0.759537474361	0.763232096616	0.750281133069	0.72000864321	0.7346205982	0.753726772346	0.757878989013	0.76813706507	0.757738484153	0.736525547929	0.765805322172	0.757659362498	0.787161973576	0.739508654505	0.745125588751	0.738734237758	0.746669219427	0.769437907634	0.78405314994	0.775461803128	0.767858156196	0.750698780531	0.767253605849
AE8	0.703501735736	0.693909023626	0.718499455734	0.706766594777	0.702780777384	0.707123048831	0.697022291596	0.695474104274	0.710627238092	0.681278810161	0.711390006456	0.698030117088	0.701860819833	0.702939472319	0.694710882908	0.695587692838	0.713092490607	0.685828643999	0.77305406344	0.669582685895	0.695438716439	0.655030938892	0.502493008769	0.40503003684	0.513128170057	0.0	0.666092492769	0.675182614112	0.664108775317	0.670728105034	0.715971356296	0.67848658512	0.712149085635	0.703076153389	0.726475275758	0.71919910868	0.710891429186	0.703737544789	0.707365985303	0.712769993075	0.717861190958	0.706945659328	0.710300427273	0.688243000864	0.707385547272	0.704257300336	0.716678148036	0.69728161132	0.694878405846	0.709296328437	0.711014100882	0.726135878066	0.682746536109	0.689412922833	0.673596199746	0.688992577167	0.709208119165	0.718493190385	0.71937398672	0.718311077401	0.703592974315	0.709442818468
AF7	0.667802822691	0.664628265785	0.72369511149	0.666022097927	0.704066861554	0.677222954436	0.689103584838	0.690957406388	0.675903355035	0.685190659799	0.683106658761	0.694964001555	0.681844067168	0.666333614988	0.676762349863	0.672263242501	0.684315020946	0.679225753573	0.773192172372	0.652809069412	0.685477037725	0.507363604628	0.66217817823	0.655469482757	0.71264565479	0.666092492769	0.0	0.470785004987	0.637940944137	0.645402208943	0.720880443398	0.672412779472	0.697033724843	0.719529078834	0.700834948884	0.695613768389	0.677643662932	0.678275367757	0.664507927019	0.685763270742	0.694340405401	0.688149992487	0.683961582838	0.657248811836	0.722845965485	0.709853705561	0.717536607891	0.686917364178	0.675261934945	0.713039182663	0.687873750153	0.708273475456	0.678504451845	0.671671245138	0.663097915813	0.683545002133	0.684157892359	0.723652835503	0.688800705125	0.717304874785	0.667416001901	0.680653855055
AF8	0.671073975597	0.670861050557	0.745759970486	0.68339601391	0.713554133648	0.666103243968	0.663620304168	0.672081087642	0.709859054427	0.663042488416	0.702045540279	0.700076682591	0.696550361153	0.69369990467	0.689233581623	0.691203687252	0.665808873074	0.653840956948	0.776339954453	0.651274151013	0.591848154215	0.415008724934	0.679009860773	0.664554158435	0.709202187307	0.675182614112	0.470785004987	0.0	0.666867848581	0.637379932765	0.714434892427	0.632346741071	0.696740638905	0.673344381725	0.695224440479	0.699570146182	0.678250277239	0.658339075053	0.670307538183	0.705511982666	0.703067304737	0.685145249202	0.701497083143	0.680857466786	0.694359059991	0.691875941936	0.718562266306	0.684662799245	0.677139865228	0.696194936327	0.695927393527	0.698492090336	0.671863388396	0.644435002508	0.676751254901	0.661058961438	0.678315544763	0.685944712014	0.698850520837	0.691042867577	0.67176762852	0.660206306509
AG7	0.689854315947	0.69591936056	0.689620464302	0.689166257304	0.694132499982	0.70010926314	0.699149757113	0.690804619129	0.651281142049	0.681279532237	0.688847395811	0.703671062194	0.687356700404	0.678166193486	0.689634093962	0.692975632748	0.681378643904	0.663128486708	0.742515514858	0.484122041786	0.642892357013	0.647559010912	0.643328140786	0.651664156598	0.680952239316	0.664108775317	0.637940944137	0.666867848581	0.0	0.478976504125	0.686225678166	0.659504242101	0.697959255961	0.713784173657	0.7074925347	0.684289574424	0.66307672907	0.692015685859	0.684867401174	0.691928567745	0.675207157791	0.685204630446	0.685207032856	0.673335929104	0.71668884228	0.689171135968	0.731132686351	0.704470285624	0.683608224549	0.711644860842	0.688980696883	0.735198782553	0.667329766909	0.704936168619	0.677479589314	0.693521309786	0.694834613052	0.727443512783	0.712389590347	0.726466413416	0.667108524012	0.706438894261
AG8	0.681890112763	0.673371127791	0.701243075647	0.692217580604	0.687391146562	0.677781783924	0.662958971336	0.66316715939	0.673081170816	0.636556239456	0.692115749759	0.663025877943	0.695606264483	0.694152029978	0.704058631688	0.676436047718	0.671440717594	0.656658389194	0.618592502569	0.383534786474	0.654432999176	0.61871250893	0.670161142529	0.668040804758	0.695233751205	0.670728105034	0.645402208943	0.637379932765	0.478976504125	0.0	0.695535610285	0.639417406717	0.691168141124	0.689924826607	0.690691427871	0.67311982745	0.648515525715	0.657012120092	0.667688900082	0.680444838041	0.658802183666	0.669315426064	0.670038527677	0.660290741195	0.696975221932	0.679531439529	0.722280516545	0.68357046396	0.676442945596	0.691786015491	0.690832120427	0.699985173801	0.657174163351	0.668962992781	0.666292377858	0.662510825344	0.680384139439	0.695771270289	0.697065967827	0.690916655147	0.678177238058	0.68384197037
AH7	0.731953443533	0.747043140373	0.732647916589	0.738561616362	0.740546169593	0.735268133095	0.74948952756	0.722662273798	0.731619009583	0.740224029086	0.720516373515	0.733355186519	0.731931875832	0.735583593066	0.748469279502	0.746165984134	0.703425505011	0.559796354252	0.763507757262	0.686898428151	0.654400182451	0.690119306648	0.702785008476	0.698272097078	0.732283395849	0.715971356296	0.720880443398	0.714434892427	0.686225678166	0.695535610285	0.0	0.516395775035	0.715819133254	0.766391357528	0.771416909	0.77545517115	0.745850564494	0.744097200901	0.760262587723	0.747177287876	0.759489764886	0.739289990571	0.761484807317	0.748900626771	0.766977802624	0.760768909675	0.776506187836	0.755849270109	0.745429060572	0.765883295472	0.77658815537	0.797504540213	0.740166841222	0.741577769187	0.740316432774	0.735987306532	0.769478271816	0.78480308339	0.777542507564	0.775031369887	0.750227987349	0.756767349015
AH8	0.701114343459	0.688043566592	0.739633658382	0.699373088948	0.695395339094	0.682800305609	0.683201897697	0.697101211948	0.708473857846	0.683947221372	0.698605881772	0.689765078827	0.69213065156	0.695906916694	0.709091816044	0.700071280496	0.550306430159	0.396621580625	0.778246948593	0.63957941759	0.649192876677	0.638073146464	0.653277924235	0.6567135911	0.698940729791	0.67848658512	0.672412779472	0.632346741071	0.659504242101	0.639417406717	0.516395775035	0.0	0.68263780307	0.706199198428	0.71496880718	0.722101247101	0.692183106373	0.670615268187	0.713088688791	0.702579388818	0.706598280446	0.68385239586	0.723854988995	0.706213495086	0.719475255994	0.716810635992	0.72949449748	0.709930064721	0.720810986894	0.729282910384	0.71702037639	0.744963546812	0.686342331527	0.677370359052	0.68779384299	0.685558085039	0.725426571012	0.721737792096	0.734548226862	0.719202334324	0.704466656491	0.698892278812
AA5	0.667032040713	0.685253361489	0.723541352468	0.694940816999	0.690225957042	0.668493458237	0.702571541754	0.710064382453	0.637965198425	0.700076536683	0.661763304	0.687149152876	0.698398220821	0.705717783054	0.692318254534	0.68885263635	0.674354223154	0.682166829685	0.778270631181	0.701479384064	0.715694355452	0.715915664265	0.659751726118	0.686258608828	0.74780813664	0.712149085635	0.697033724843	0.696740638905	0.697959255961	0.691168141124	0.715819133254	0.68263780307	0.0	0.58957308995	0.690232114588	0.693212351679	0.652381248241	0.656320832328	0.703318594291	0.702147311668	0.703482195877	0.65181284726	0.668903490126	0.672144775142	0.728096338231	0.667893111851	0.71037668667	0.717486266146	0.695316480527	0.71425621656	0.716802576527	0.725001696767	0.684008484733	0.690848491652	0.694091569641	0.713799620335	0.663802906884	0.727517323922	0.687522362395	0.708094126609	0.662719177113	0.705208970705
AA6	0.686923402381	0.673088203541	0.764246701815	0.70460303006	0.692865885114	0.656300056836	0.653349996317	0.660811787428	0.701560083215	0.660965148569	0.68401817575	0.662113524272	0.696179355935	0.717944924348	0.719841806117	0.686957196567	0.722919879972	0.699885270011	0.788487109752	0.694243713279	0.704663566806	0.674486589716	0.687216951955	0.691621047656	0.749930674281	0.703076153389	0.719529078834	0.673344381725	0.713784173657	0.689924826607	0.766391357528	0.706199198428	0.58957308995	0.0	0.688588112945	0.682233649602	0.665390036943	0.628820347449	0.68450225129	0.682688551135	0.669470166544	0.674973825745	0.676056482635	0.683712681813	0.469701950125	0.412099627082	0.70260978508	0.686098954276	0.691086089814	0.680454610139	0.689036091134	0.683812966675	0.680887584952	0.680800888475	0.698505207622	0.685202299491	0.663395067264	0.669684348117	0.692948426497	0.672372870927	0.674193234949	0.66990480588
AB5	0.672107271592	0.660121378429	0.714646196771	0.683994181781	0.693209211402	0.651567625644	0.651075768118	0.669531339995	0.692785935702	0.687331110644	0.668757054164	0.669492294609	0.687512508706	0.687038023073	0.691278197705	0.665858191138	0.716282616361	0.705168536023	0.776999015782	0.693013511099	0.726144351163	0.714440343597	0.709381730311	0.732625756705	0.742127920318	0.726475275758	0.700834948884	0.695224440479	0.7074925347	0.690691427871	0.771416909	0.71496880718	0.690232114588	0.688588112945	0.0	0.441593275608	0.661210061553	0.669783168993	0.667602601093	0.640090419514	0.662591807409	0.679886759336	0.681126874579	0.656141690215	0.710491216362	0.687078815835	0.683980432817	0.701714058746	0.681856913922	0.71483688244	0.697347746367	0.694001936865	0.661858461101	0.678011020741	0.697725884826	0.680866202127	0.693986517536	0.690179447984	0.700054971295	0.705624168311	0.65790763607	0.678816443445
AB6	0.685715322632	0.667430181459	0.729975052062	0.696084364804	0.685893491892	0.663974948412	0.67373127012	0.671016240576	0.682827873059	0.681505197093	0.675904361187	0.678404004044	0.693299837193	0.699453816297	0.695294274745	0.656940630015	0.729775769675	0.71880787224	0.795046955815	0.67096236476	0.738629230819	0.707322507835	0.695431785791	0.706844643017	0.752277402645	0.71919910868	0.695613768389	0.699570146182	0.684289574424	0.67311982745	0.77545517115	0.722101247101	0.693212351679	0.682233649602	0.441593275608	0.0	0.644090691914	0.664626357805	0.661290809392	0.632826077751	0.632642440094	0.668562735055	0.654886553503	0.588463311692	0.684210645743	0.65707233614	0.659052382439	0.675595810395	0.662216973509	0.685008943051	0.660272107654	0.659397291992	0.652179031546	0.680121975171	0.683740870817	0.671709692663	0.670925175963	0.685573171927	0.665909601149	0.689856279399	0.659684356712	0.681927365894
AC5	0.640034430006	0.66938760059	0.716705970051	0.672952871672	0.688352781644	0.668663293282	0.667216887977	0.669757840455	0.649716463765	0.673990867355	0.649744860468	0.672155639505	0.682165890156	0.682902965813	0.68352371409	0.653935798415	0.681976339116	0.679941527438	0.765279726819	0.666134768894	0.709498145469	0.70111974189	0.670999782144	0.695818755761	0.72368525713	0.710891429186	0.677643662932	0.678250277239	0.66307672907	0.648515525715	0.745850564494	0.692183106373	0.652381248241	0.665390036943	0.661210061553	0.644090691914	0.0	0.504995487275	0.641194132439	0.648991027597	0.647446069795	0.668885796402	0.595825601085	0.637695116829	0.658201156255	0.650438866925	0.650692442217	0.690010574738	0.619072912216	0.679953022719	0.653810757484	0.668433237347	0.644801735814	0.663129929798	0.634123386735	0.659303535909	0.647291418871	0.683448067505	0.648206957699	0.677037604112	0.635981782055	0.67781857164
AC6	0.66117806291	0.647522246618	0.714644291974	0.661586566735	0.659315237153	0.630507559288	0.652069057382	0.671751130245	0.687955484813	0.661299861866	0.666963387318	0.656185974672	0.670075208229	0.678366073506	0.680564981769	0.646159160285	0.690006411845	0.673614334302	0.764215331985	0.67406739471	0.723092902074	0.693329352581	0.687660497628	0.693364476666	0.74745704883	0.703737544789	0.678275367757	0.658339075053	0.692015685859	0.657012120092	0.744097200901	0.670615268187	0.656320832328	0.628820347449	0.669783168993	0.664626357805	0.504995487275	0.0	0.63230407797	0.660619164541	0.653608510485	0.522296307529	0.53039548889	0.640130090162	0.667597552043	0.657832676712	0.673705175095	0.684097195071	0.638454851619	0.664521989536	0.675224631985	0.68464443511	0.669194722761	0.666934302591	0.672031471131	0.661874435084	0.62836367681	0.681555237371	0.65312286726	0.650151341207	0.667383854597	0.668665529535
AD6	0.677735433564	0.656243816521	0.738649808071	0.683622980743	0.671954749561	0.646820177047	0.621105216632	0.63182395376	0.691619380732	0.619264178738	0.678304769441	0.652906701319	0.6941429367	0.697273642812	0.679836037124	0.66448775871	0.723002654471	0.725161178397	0.792895347947	0.683034536978	0.709889993835	0.673496768931	0.69502667556	0.698431793295	0.752133154359	0.707365985303	0.664507927019	0.670307538183	0.684867401174	0.667688900082	0.760262587723	0.713088688791	0.703318594291	0.68450225129	0.667602601093	0.661290809392	0.641194132439	0.63230407797	0.0	0.521720582791	0.413509557574	0.665235531591	0.637403036835	0.656088084569	0.676184405103	0.682500402905	0.678648579453	0.65231457475	0.647500482541	0.641473456676	0.679468555141	0.672530729754	0.647904481333	0.654986278331	0.662014103644	0.646063344108	0.633716949674	0.674684152023	0.650485033099	0.646726614273	0.635352927964	0.650309154773
AE5	0.685724664654	0.662211297061	0.736229573397	0.697654982509	0.651225821644	0.644724207808	0.625883156676	0.62997530314	0.671910819307	0.641360777199	0.676014394563	0.648655981807	0.692289428762	0.690701878513	0.687083616587	0.658480350067	0.736532948185	0.704661152469	0.790416251337	0.680247704521	0.727502077391	0.703144033868	0.692428039234	0.703946897921	0.759537474361	0.712769993075	0.685763270742	0.705511982666	0.691928567745	0.680444838041	0.747177287876	0.702579388818	0.702147311668	0.682688551135	0.640090419514	0.632826077751	0.648991027597	0.660619164541	0.521720582791	0.0	0.394587253425	0.678267978071	0.65190406874	0.643011316754	0.669306603354	0.672033653783	0.672150523646	0.666137044168	0.647039633551	0.65474629206	0.668759923943	0.67649302283	0.641191178702	0.648618889444	0.649953319774	0.638669475835	0.655319872823	0.688271454396	0.653986557857	0.648378237251	0.65294277361	0.678093683452
AE6	0.68387352763	0.65959902412	0.759588727572	0.715538531531	0.660626461881	0.644595856502	0.632785001792	0.640972723029	0.678719603715	0.622074224198	0.681676203218	0.643681020508	0.712125144818	0.716209919875	0.692655271168	0.649501786682	0.725181650895	0.696189686647	0.80179041965	0.665653972292	0.727352365503	0.692466639817	0.691285297968	0.705424948104	0.763232096616	0.717861190958	0.694340405401	0.703067304737	0.675207157791	0.658802183666	0.759489764886	0.706598280446	0.703482195877	0.669470166544	0.662591807409	0.632642440094	0.647446069795	0.653608510485	0.413509557574	0.394587253425	0.0	0.671925534256	0.640524545203	0.655535926398	0.665461332224	0.659387012172	0.680541268832	0.654146597605	0.650960545739	0.65353100085	0.663652274546	0.674142860917	0.643986658002	0.643707321245	0.657586885341	0.635362323639	0.651815601204	0.670709026999	0.662904918871	0.655266576011	0.648881167214	0.67294412607
AF5	0.683423686118	0.662253109758	0.687476418384	0.668780180492	0.652620811833	0.645177803578	0.671320482344	0.693000463387	0.665891629667	0.669187865143	0.683564761037	0.672052755125	0.672079644389	0.677588317033	0.69079505136	0.662719323031	0.699497689187	0.669188948155	0.73533463278	0.673042824233	0.717203979264	0.704366562278	0.670591362136	0.694380141006	0.750281133069	0.706945659328	0.688149992487	0.685145249202	0.685204630446	0.669315426064	0.739289990571	0.68385239586	0.65181284726	0.674973825745	0.679886759336	0.668562735055	0.668885796402	0.522296307529	0.665235531591	0.678267978071	0.671925534256	0.0	0.492069432191	0.641487197741	0.714025455091	0.70254879206	0.700754753734	0.700334966322	0.660905103299	0.677475869844	0.695771209996	0.71983730938	0.690364933891	0.697678055604	0.705934834488	0.701251217647	0.670102287915	0.730317177039	0.688412732318	0.660014972657	0.676764984182	0.700525799432
AF6	0.668627959458	0.667051966902	0.722022418857	0.67585189708	0.667740835484	0.660953691652	0.664070336238	0.675636485161	0.669829038739	0.669569851371	0.676740121341	0.663734027459	0.686042287015	0.677339545715	0.685019217814	0.652196325849	0.719371751985	0.703814567065	0.752573271895	0.662755835541	0.734401413655	0.705960626551	0.692146412093	0.703870178234	0.72000864321	0.710300427273	0.683961582838	0.701497083143	0.685207032856	0.670038527677	0.761484807317	0.723854988995	0.668903490126	0.676056482635	0.681126874579	0.654886553503	0.595825601085	0.53039548889	0.637403036835	0.65190406874	0.640524545203	0.492069432191	0.0	0.638633107474	0.704908395203	0.687723520487	0.668274346583	0.677373403329	0.636912066731	0.661263199555	0.672024892167	0.694695407247	0.665496136706	0.688173682483	0.682895209373	0.687046185255	0.647528168563	0.707084714891	0.656451801619	0.660359564825	0.650947597317	0.69365917525
