	AA3	AA4	AB3	AB4	AC3	AC4	AD3	AD4	AE3	AE4	AF3	AF4	AG3	AG4	AH3	AH4	AA7	AA8	AB7	AB8	AC7	AC8	AD7	AD8	AE7	AE8	AF7	AF8	AG7	AG8	AH7	AH8	AA5	AA6	AB5	AB6	AC5	AC6	AD6	AE5	AE6	AF5	AF6	AG5	AH5	AH6	AA1	AA2	AB1	AB2	AC1	AC2	AD1	AD2	AE1	AE2	AF1	AF2	AG1	AG2	AH1	AH2
AA3	0.0	0.513459924298	0.713361813872	0.650092562937	0.663396701728	0.665310225846	0.687864469477	0.690165980063	0.646836224636	0.70161332824	0.64761871423	0.677711446286	0.660164705343	0.619875923454	0.675169135663	0.474111080812	0.676196722686	0.685049845068	0.757571078173	0.677740713243	0.690192574058	0.689489885815	0.666495967714	0.687084927735	0.726187801861	0.699646860952	0.674562919058	0.682951174274	0.692511729515	0.674206775561	0.736933165027	0.683690722125	0.653135650162	0.685511921121	0.66716010216	0.659737698022	0.644203479537	0.661149213077	0.669480136728	0.68350021853	0.676954041781	0.666524931411	0.652848199275	0.662506979145	0.714313250783	0.698339679464	0.653903026072	0.699542932339	0.648859841361	0.682295447529	0.662076566883	0.677298313637	0.641530873267	0.660425261557	0.664593832882	0.66700864283	0.661945875441	0.68680355275	0.651568895816	0.680555224043	0.635683959505	0.668757303845
AA4	0.513459924298	0.0	0.740226918613	0.641020698373	0.668151160356	0.622755026574	0.657236861879	0.665890838853	0.661582628925	0.659169267921	0.665242267102	0.637729641362	0.682009280534	0.659585298716	0.478700878399	0.405016605698	0.691522366858	0.702748110153	0.780890860487	0.685228781071	0.713498652649	0.675904751899	0.692817048262	0.701457728387	0.731607960031	0.671255820829	0.658017896743	0.67572391204	0.700596235342	0.68486779515	0.751903285212	0.693339048128	0.65156260888	0.677850766782	0.666922844145	0.635205788084	0.661361489469	0.631580298244	0.646812163431	0.664265462242	0.640786931118	0.679538244037	0.639621921382	0.635268659227	0.695200578883	0.677577837694	0.659562682373	0.673158432825	0.650079742293	0.65808862725	0.667587456687	0.669888539662	0.662323358516	0.663844285174	0.668020890466	0.668958337885	0.639397320369	0.658247732338	0.662183306135	0.654948223855	0.657074337181	0.653213216003
AB3	0.713361813872	0.740226918613	0.0	0.69524852303	0.726827893298	0.732228161663	0.773176599079	0.778952536753	0.712988890213	0.78484373839	0.737781303563	0.742027459963	0.750766775802	0.653311260975	0.716134908246	0.748674067117	0.726894025659	0.772782434199	0.707017102799	0.721758213928	0.727440912833	0.753997711199	0.742970139196	0.76388154458	0.721602286779	0.760336275324	0.754774613111	0.759343140177	0.729982510364	0.743305438964	0.7594520079	0.758088243062	0.735942158147	0.793885238512	0.735990803643	0.754884219074	0.734738524935	0.739470838977	0.788362658305	0.769314431283	0.786728567397	0.73557899612	0.73777567455	0.761504967411	0.804846604003	0.807583430429	0.78273349486	0.796143761819	0.743785409626	0.780787942077	0.77519727621	0.799131638535	0.761864483391	0.76941825237	0.754924706828	0.788644157808	0.770817885765	0.803947092164	0.776474177106	0.78255404182	0.757965829492	0.784095676442
AB4	0.650092562937	0.641020698373	0.69524852303	0.0	0.69268817399	0.669748321845	0.695435846169	0.687832595927	0.677876345678	0.69544663364	0.674004365148	0.665411216628	0.456546048514	0.458845407552	0.664578344485	0.640901973318	0.68362647135	0.703923227039	0.760553651942	0.688963308871	0.695389610975	0.690775249469	0.680135667636	0.684168512755	0.723960474465	0.696358580842	0.674621164511	0.686874738972	0.672258256039	0.668045801635	0.730839311695	0.69624021988	0.703909130002	0.715141266359	0.684854839281	0.674217034136	0.677110014524	0.65209811209	0.69061507821	0.68796646356	0.695362549634	0.648396725973	0.667197594427	0.677427553785	0.732173285212	0.717673210951	0.707893573394	0.69826452873	0.639942892301	0.676411303795	0.699570191394	0.708519911329	0.669686516231	0.673726008821	0.687812027692	0.683404108186	0.694044167697	0.727454954888	0.70448187627	0.692144898476	0.682464354003	0.692476699651
AC3	0.663396701728	0.668151160356	0.726827893298	0.69268817399	0.0	0.534365948522	0.686152614357	0.681008065844	0.647438947284	0.678907912665	0.675066573865	0.481524853095	0.707254335572	0.686033371845	0.682441455216	0.670007695397	0.688127269824	0.71173884252	0.768390842166	0.689648686742	0.736075938472	0.719003870665	0.719870380876	0.732850884925	0.735913810983	0.726766986317	0.717483605476	0.724908302446	0.723744476909	0.704634117665	0.772494382724	0.70478571598	0.661779686716	0.69985601471	0.680408600547	0.684382583542	0.685818477716	0.687145190914	0.669894086956	0.655736802552	0.667861121642	0.668132374607	0.657882664114	0.682409567181	0.721190744235	0.70207990242	0.701551728607	0.707759233851	0.704256747887	0.701139846058	0.686433539307	0.691240011554	0.691888901237	0.705767713336	0.685912778395	0.706257197208	0.7032297046	0.696588398079	0.691853510023	0.698317232176	0.680928829667	0.69111983703
AC4	0.665310225846	0.622755026574	0.732228161663	0.669748321845	0.534365948522	0.0	0.667006801799	0.67544714733	0.650742474943	0.653483788128	0.495748807328	0.390353374721	0.685736494284	0.693900594094	0.671890520136	0.649359154219	0.687296277058	0.702919416459	0.759187017809	0.670981740109	0.700849932421	0.689666817511	0.710073801517	0.705909800655	0.746125025847	0.684385494397	0.683115015201	0.688416388487	0.705051084435	0.67929499549	0.743427073875	0.689082263877	0.654321941049	0.676978420732	0.670003532518	0.656604190665	0.667995389595	0.621435330892	0.653111553348	0.639240254478	0.651671988799	0.673360556326	0.632959422147	0.658375499069	0.683220163083	0.672993973536	0.716656910791	0.689869000279	0.695959677968	0.681601990563	0.690617152508	0.678542873002	0.695299025216	0.69182056951	0.690825146244	0.703897947589	0.671417712273	0.683024514766	0.67061197612	0.677537338882	0.660299735999	0.693803809741
AD3	0.687864469477	0.657236861879	0.773176599079	0.695435846169	0.686152614357	0.667006801799	0.0	0.426230964618	0.663187181182	0.330016643112	0.70665078928	0.650931128503	0.720805958444	0.705984391697	0.691235721567	0.674689323794	0.717022361185	0.695343454703	0.774815078472	0.666284790469	0.716690981292	0.686027679397	0.716107339817	0.693906190629	0.728874767815	0.68430048621	0.689661576219	0.686083552157	0.708370433387	0.665979403776	0.728366549852	0.699096363665	0.695587037385	0.668395334943	0.687806560413	0.664160287506	0.688827447777	0.662313469265	0.639671686379	0.647390451531	0.625167652413	0.691935890993	0.656307378049	0.679926602409	0.692257509004	0.692094921865	0.704636369174	0.686333879829	0.6775070873	0.664508390649	0.684717060152	0.694545476849	0.680036204047	0.681791207852	0.686674435217	0.679305146523	0.676459088968	0.683214324858	0.702406700297	0.668088826582	0.706905425991	0.685405514463
AD4	0.690165980063	0.665890838853	0.778952536753	0.687832595927	0.681008065844	0.67544714733	0.426230964618	0.0	0.613201575928	0.388494355217	0.699130725719	0.66739580446	0.710387815824	0.698259783119	0.686725408276	0.669607865399	0.699440644511	0.682595982604	0.790878767167	0.659117175242	0.720139095756	0.682077280054	0.687324631293	0.667507571512	0.729749125346	0.670217129114	0.67353882674	0.660729327037	0.668993061977	0.653681109616	0.70332362334	0.672391163193	0.690521614097	0.679521100487	0.682566008512	0.662624438283	0.661500033105	0.676025254953	0.644365267774	0.645477183922	0.629704169567	0.693865872105	0.679707095931	0.67984108059	0.702403944092	0.685245885648	0.686450395426	0.679944945575	0.668977918615	0.672916094685	0.687251017543	0.704410999566	0.675303984401	0.665058513778	0.660003433377	0.674767012933	0.6942223102	0.694220791054	0.707676940973	0.671751400767	0.688662349875	0.670064526299
AE3	0.646836224636	0.661582628925	0.712988890213	0.677876345678	0.647438947284	0.650742474943	0.663187181182	0.613201575928	0.0	0.620866619139	0.655768040198	0.658400370406	0.679871294455	0.684462700895	0.668906589887	0.661262327391	0.660026572891	0.695276231263	0.764792497557	0.676591537574	0.723674047302	0.715562624119	0.664837273793	0.671250000486	0.745265050565	0.682691123857	0.660663854566	0.70225470346	0.670362033125	0.663013958278	0.730677813686	0.693095762497	0.599708076544	0.686704499437	0.680404288082	0.694886313584	0.652525947613	0.676247698093	0.677073449402	0.660374131585	0.682741681649	0.668863640892	0.657865038448	0.655985204773	0.729649650328	0.711196892331	0.700079340376	0.708981840651	0.68505887177	0.704029996389	0.689709502661	0.729591359795	0.672194346961	0.673844543946	0.660831642787	0.708901954348	0.69314146831	0.732808888002	0.716454236139	0.710350004089	0.66231334802	0.714080292462
AE4	0.70161332824	0.659169267921	0.78484373839	0.69544663364	0.678907912665	0.653483788128	0.330016643112	0.388494355217	0.620866619139	0.0	0.69984106911	0.633146749106	0.71766965545	0.70227394274	0.694039911929	0.681379229413	0.719955929011	0.691150626591	0.779386080699	0.641185988905	0.716268887014	0.686712259824	0.706403333624	0.69485220748	0.730807389979	0.675254110784	0.690653889935	0.676497995441	0.685892052698	0.653750793159	0.718621003905	0.688217379685	0.690194094795	0.661548024253	0.678864381873	0.660527433642	0.695366617411	0.669531545731	0.628511388128	0.636031368141	0.604689180535	0.692917967305	0.65996963329	0.668508147779	0.692882214555	0.687467907556	0.699242302842	0.673749860942	0.685743476172	0.678566537696	0.693127871813	0.693601697809	0.687438270949	0.683985088621	0.687145972936	0.682353691559	0.685869979133	0.684310215237	0.705429632222	0.672659139498	0.698888315731	0.675622261166
AF3	0.64761871423	0.665242267102	0.737781303563	0.674004365148	0.675066573865	0.495748807328	0.70665078928	0.699130725719	0.655768040198	0.69984106911	0.0	0.556478474971	0.672875991796	0.674919956634	0.661890227154	0.65816913624	0.678232945371	0.686803938355	0.758360659382	0.678282635568	0.684870452134	0.706637704438	0.677802658831	0.697632241211	0.763910862509	0.715675580761	0.690786816477	0.704569215813	0.691168925816	0.681024819444	0.707546956973	0.680733145783	0.639262148106	0.69130117076	0.672064276072	0.66775789324	0.658940452653	0.672081080222	0.68545923109	0.658216604218	0.680181942792	0.686111325195	0.669319384088	0.674723647282	0.694595180358	0.688204137232	0.714138504137	0.715622483842	0.688879003318	0.70890582533	0.704936016155	0.716661807511	0.688435385608	0.69837706206	0.68894704046	0.720284797902	0.687079494743	0.72825000506	0.688970931993	0.714493680661	0.648902473075	0.717263063698
AF4	0.677711446286	0.637729641362	0.742027459963	0.665411216628	0.481524853095	0.390353374721	0.650931128503	0.66739580446	0.658400370406	0.633146749106	0.556478474971	0.0	0.686452149216	0.693791238658	0.697412018493	0.656863241272	0.682712248624	0.694129444992	0.767816491468	0.664625435114	0.695675935547	0.668006666001	0.718637875005	0.703784973672	0.735056279534	0.692130064356	0.689661529366	0.6740982499	0.705462149149	0.667428098917	0.74212535994	0.675167005786	0.657361519724	0.668866567319	0.679195068969	0.659426345804	0.677230518219	0.647176464479	0.65648408629	0.64493712181	0.649514406121	0.679206820547	0.64915814394	0.660990063263	0.681898393449	0.65195788708	0.710566412679	0.68870247568	0.674847531189	0.669778606768	0.686580715783	0.684012800969	0.675769060405	0.684580403774	0.688794387893	0.683789834568	0.690759256197	0.691305823413	0.68735020709	0.666722970804	0.679256248613	0.693869979602
AG3	0.660164705343	0.682009280534	0.750766775802	0.456546048514	0.707254335572	0.685736494284	0.720805958444	0.710387815824	0.679871294455	0.71766965545	0.672875991796	0.686452149216	0.0	0.532138310834	0.681813232243	0.67767409284	0.686100048735	0.703841802478	0.775140343698	0.708087087921	0.69306565348	0.706259613921	0.6756107788	0.686657611784	0.741313735185	0.703401638881	0.679475089656	0.710930662008	0.70220780129	0.691840058085	0.74199738761	0.706504330993	0.679771302901	0.721192391723	0.7017603768	0.694615162889	0.687146388962	0.683683527078	0.70234961661	0.694689022709	0.706126096865	0.674449710949	0.681335055238	0.661928747418	0.727050725492	0.716897798394	0.694714845656	0.71530701047	0.655219312493	0.685355713239	0.713417158868	0.722635244438	0.695342520893	0.683649993077	0.686431217378	0.69505418352	0.699570181018	0.737752384764	0.697550870064	0.690309586649	0.700196361817	0.717164902773
AG4	0.619875923454	0.659585298716	0.653311260975	0.458845407552	0.686033371845	0.693900594094	0.705984391697	0.698259783119	0.684462700895	0.70227394274	0.674919956634	0.693791238658	0.532138310834	0.0	0.702142714222	0.661173478121	0.714417207033	0.714361784046	0.749107552323	0.679562588265	0.698212101152	0.69036046739	0.684720186751	0.711482964813	0.718838467101	0.706448390847	0.682955949055	0.692894513509	0.672469093752	0.683243753692	0.748326920467	0.709472829392	0.675437923072	0.713578595692	0.648365601444	0.669338210732	0.666930405788	0.67318187634	0.696851967182	0.691337397141	0.702959476382	0.668516070902	0.662720516217	0.68379819206	0.740939955944	0.732403425956	0.699111180508	0.731819193537	0.644031959201	0.693617915028	0.693866251813	0.704673088685	0.671809980643	0.700030179147	0.711900857871	0.698603771226	0.698633941274	0.721155105079	0.689022742928	0.699775944178	0.672270798257	0.698091768633
AH3	0.675169135663	0.478700878399	0.716134908246	0.664578344485	0.682441455216	0.671890520136	0.691235721567	0.686725408276	0.668906589887	0.694039911929	0.661890227154	0.697412018493	0.681813232243	0.702142714222	0.0	0.550306142366	0.679026947757	0.698054022947	0.761154147501	0.688975899861	0.711552438168	0.704501764901	0.676341840238	0.696822587324	0.724633831974	0.685454451822	0.684740694867	0.696607819972	0.693102833531	0.694061701807	0.746042345701	0.696657835782	0.658420075316	0.721450487532	0.680224673077	0.666158567072	0.67571981477	0.680791314386	0.684840595949	0.689296443858	0.678393449487	0.690823167142	0.675813935695	0.674997343216	0.72471534225	0.716573355648	0.691176795328	0.698286990849	0.690983057809	0.704651082223	0.699668386162	0.716952300848	0.70664375357	0.675494837041	0.67784399349	0.708010902055	0.696788063331	0.717708156125	0.70957353233	0.683733834062	0.69280681886	0.691409847115
AH4	0.474111080812	0.405016605698	0.748674067117	0.640901973318	0.670007695397	0.649359154219	0.674689323794	0.669607865399	0.661262327391	0.681379229413	0.65816913624	0.656863241272	0.67767409284	0.661173478121	0.550306142366	0.0	0.685761973531	0.701177829539	0.776508923978	0.686755245596	0.712512804071	0.679802514267	0.681517270931	0.683925839438	0.732487848189	0.680962179559	0.663913946768	0.680346019985	0.693951364321	0.671718768078	0.748793560613	0.698149886598	0.661536942072	0.69130606129	0.672486408231	0.643901568168	0.646215797158	0.658556689383	0.632707173463	0.672267355017	0.642137677028	0.674625113518	0.668950268669	0.629712689646	0.702611098748	0.686554909228	0.664538117024	0.663409275718	0.64589284089	0.666922858805	0.651115047723	0.669695952392	0.650064525044	0.634518359095	0.656255103794	0.654927718733	0.652060591698	0.67055111921	0.660899494968	0.669763340724	0.655989067242	0.629299986933
AA7	0.676196722686	0.691522366858	0.726894025659	0.68362647135	0.688127269824	0.687296277058	0.717022361185	0.699440644511	0.660026572891	0.719955929011	0.678232945371	0.682712248624	0.686100048735	0.714417207033	0.679026947757	0.685761973531	0.0	0.534641743615	0.769003710913	0.678138008204	0.644675436018	0.679365416971	0.66409739131	0.67893313565	0.702630510356	0.699860749374	0.668294900449	0.677002572637	0.674449143046	0.656617005484	0.706763377087	0.527020117948	0.669570101084	0.731037119289	0.704978864751	0.717913270818	0.668917711427	0.689882492585	0.713436706504	0.74209555265	0.732753616746	0.704927466394	0.706027098598	0.711543641896	0.733944710997	0.7219965574	0.732101940701	0.723321043171	0.701100146805	0.744868048026	0.712122020313	0.743501453094	0.714945685866	0.697252856889	0.679639032058	0.715963121242	0.74243460064	0.74409985193	0.744609252352	0.743858634894	0.697297344589	0.727771708521
AA8	0.685049845068	0.702748110153	0.772782434199	0.703923227039	0.71173884252	0.702919416459	0.695343454703	0.682595982604	0.695276231263	0.691150626591	0.686803938355	0.694129444992	0.703841802478	0.714361784046	0.698054022947	0.701177829539	0.534641743615	0.0	0.77062013229	0.643439227048	0.630056210484	0.647446268287	0.669740304964	0.673773048411	0.699487270127	0.682741573044	0.665879554216	0.641698252927	0.650108507597	0.644416892788	0.54047032047	0.394651872471	0.679921290648	0.722474937961	0.714942563484	0.702916254962	0.688704696563	0.697232004846	0.700121674194	0.704068234548	0.693330690005	0.706150017809	0.704177832721	0.712316952154	0.724726505534	0.725584931102	0.726956457712	0.729367839754	0.699827797109	0.732426226298	0.715903308267	0.7416712314	0.696815941126	0.692585832966	0.688391189295	0.702304068926	0.738615880115	0.749263850536	0.739448699205	0.730297283821	0.694834059862	0.722273838135
AB7	0.757571078173	0.780890860487	0.707017102799	0.760553651942	0.768390842166	0.759187017809	0.774815078472	0.790878767167	0.764792497557	0.779386080699	0.758360659382	0.767816491468	0.775140343698	0.749107552323	0.761154147501	0.776508923978	0.769003710913	0.77062013229	0.0	0.566350402464	0.743535706959	0.757908911763	0.779224278733	0.785868580978	0.750602280043	0.780465301618	0.775074681898	0.771445249693	0.745195512854	0.654913988896	0.762041664602	0.761679396147	0.778465751185	0.800602643331	0.765382811456	0.784333255571	0.76755027305	0.766299088545	0.797766168571	0.785021592473	0.79256384078	0.733449043298	0.740524458757	0.781968565882	0.805984896125	0.804947634743	0.817364493955	0.803537953175	0.77935327095	0.788338790564	0.803794407433	0.804334386737	0.787286439289	0.794930701675	0.778596309176	0.797513277363	0.791450240175	0.822830301753	0.80261529855	0.797062899358	0.786381336662	0.810183784236
AB8	0.677740713243	0.685228781071	0.721758213928	0.688963308871	0.689648686742	0.670981740109	0.666284790469	0.659117175242	0.676591537574	0.641185988905	0.678282635568	0.664625435114	0.708087087921	0.679562588265	0.688975899861	0.686755245596	0.678138008204	0.643439227048	0.566350402464	0.0	0.637316434631	0.626993341464	0.687083305621	0.657414533133	0.66481025345	0.654879528929	0.665897070208	0.632121374832	0.507291166749	0.423126478102	0.699457389501	0.644721160926	0.685124401546	0.691605731079	0.684063559482	0.665610806935	0.675832524454	0.652419772038	0.678176487106	0.683477565027	0.670450166522	0.670427423415	0.65794421521	0.667964355354	0.696069589046	0.683656516933	0.71840468098	0.698810078428	0.676678325786	0.696689009786	0.685322254731	0.717183697403	0.678782818789	0.681304130627	0.673359039564	0.680743537927	0.692016307008	0.728323204881	0.708443709864	0.696007787433	0.679704973277	0.715944112658
AC7	0.690192574058	0.713498652649	0.727440912833	0.695389610975	0.736075938472	0.700849932421	0.716690981292	0.720139095756	0.723674047302	0.716268887014	0.684870452134	0.695675935547	0.69306565348	0.698212101152	0.711552438168	0.712512804071	0.644675436018	0.630056210484	0.743535706959	0.637316434631	0.0	0.48817455229	0.671761091968	0.680133238627	0.689518534216	0.691851684261	0.68334519912	0.584325918194	0.635582982481	0.645565792833	0.657998820632	0.647814816662	0.709895085846	0.711987167563	0.723651703585	0.722977003964	0.713986092433	0.711892737962	0.725459789798	0.721960270268	0.721544873138	0.710678709458	0.722159871001	0.716333433358	0.698182204605	0.696618804904	0.745365683426	0.743188314594	0.686885046046	0.740263884128	0.743246001568	0.753083921492	0.707434417868	0.717094630556	0.697607529938	0.718070843654	0.747199778631	0.750934910541	0.752552980661	0.731250249376	0.704204687925	0.736108612765
AC8	0.689489885815	0.675904751899	0.753997711199	0.690775249469	0.719003870665	0.689666817511	0.686027679397	0.682077280054	0.715562624119	0.686712259824	0.706637704438	0.668006666001	0.706259613921	0.69036046739	0.704501764901	0.679802514267	0.679365416971	0.647446268287	0.757908911763	0.626993341464	0.48817455229	0.0	0.681014342344	0.677830853794	0.701238410689	0.655833792249	0.509200918932	0.413679553316	0.650721532647	0.602803097744	0.704050641048	0.656303738848	0.700848151022	0.673723745879	0.702635339504	0.691177672187	0.685593286672	0.683383617163	0.693102634	0.698976740258	0.683750769584	0.702542019366	0.696460598372	0.68222311566	0.684110243338	0.663745822844	0.717674523324	0.711076580663	0.672962671086	0.701148156283	0.689101063922	0.701902733699	0.685892778056	0.68152688538	0.673425578302	0.671207143294	0.700587004022	0.716623791752	0.718180477567	0.690123024264	0.681455804212	0.699381234947
AD7	0.666495967714	0.692817048262	0.742970139196	0.680135667636	0.719870380876	0.710073801517	0.716107339817	0.687324631293	0.664837273793	0.706403333624	0.677802658831	0.718637875005	0.6756107788	0.684720186751	0.676341840238	0.681517270931	0.66409739131	0.669740304964	0.779224278733	0.687083305621	0.671761091968	0.681014342344	0.0	0.47286419435	0.710684859774	0.496609355022	0.660477623222	0.669529291562	0.666629195834	0.657810580066	0.695844779865	0.661703185865	0.640592634704	0.70633577471	0.712194254851	0.703956081509	0.691061402866	0.702299257179	0.695902282446	0.713800013681	0.707800622257	0.668242297199	0.666189772449	0.700035799032	0.70435072522	0.705914128099	0.692128625558	0.704290596319	0.680263992893	0.71338603893	0.697187099415	0.720756046097	0.665419215159	0.666934300344	0.650701881587	0.70086838774	0.694525491675	0.724414897731	0.709970472425	0.70222413551	0.668095253724	0.688557221115
AD8	0.687084927735	0.701457728387	0.76388154458	0.684168512755	0.732850884925	0.705909800655	0.693906190629	0.667507571512	0.671250000486	0.69485220748	0.697632241211	0.703784973672	0.686657611784	0.711482964813	0.696822587324	0.683925839438	0.67893313565	0.673773048411	0.785868580978	0.657414533133	0.680133238627	0.677830853794	0.47286419435	0.0	0.605276339267	0.401143300231	0.649778981037	0.654812087255	0.650559040052	0.645860800453	0.713800095106	0.662826726924	0.677155603407	0.699732407975	0.713206114854	0.699966560098	0.680820214235	0.701287992124	0.698673106275	0.70865918173	0.702536264698	0.688827946291	0.677314214082	0.684186267101	0.70105539573	0.687872039935	0.710202634948	0.702117062044	0.676884255077	0.70582686995	0.700067597239	0.735239012282	0.689021878061	0.660954356238	0.652174916851	0.698712017753	0.706310297325	0.736880994281	0.72396608052	0.699601765812	0.693635154837	0.697867949523
AE7	0.726187801861	0.731607960031	0.721602286779	0.723960474465	0.735913810983	0.746125025847	0.728874767815	0.729749125346	0.745265050565	0.730807389979	0.763910862509	0.735056279534	0.741313735185	0.718838467101	0.724633831974	0.732487848189	0.702630510356	0.699487270127	0.750602280043	0.66481025345	0.689518534216	0.701238410689	0.710684859774	0.605276339267	0.0	0.504680149871	0.708239743113	0.700284226586	0.685052532173	0.700614267664	0.732470890752	0.70035472556	0.731905583837	0.758631204089	0.735383723613	0.734093803155	0.731843273112	0.746225446153	0.761792290101	0.759345779209	0.758712432779	0.730982399036	0.727019345375	0.737711885101	0.753128983428	0.761372920964	0.767118239757	0.775950953848	0.721421184392	0.762439520383	0.758363520086	0.792414388221	0.740197518737	0.743635460873	0.732900867607	0.751522646564	0.774944855221	0.793933595933	0.782925503214	0.761547757405	0.758228326457	0.765410438555
AE8	0.699646860952	0.671255820829	0.760336275324	0.696358580842	0.726766986317	0.684385494397	0.68430048621	0.670217129114	0.682691123857	0.675254110784	0.715675580761	0.692130064356	0.703401638881	0.706448390847	0.685454451822	0.680962179559	0.699860749374	0.682741573044	0.780465301618	0.654879528929	0.691851684261	0.655833792249	0.496609355022	0.401143300231	0.504680149871	0.0	0.645661433721	0.648570290754	0.665311529372	0.660182969703	0.706569378558	0.67025701983	0.672553563193	0.690909756988	0.710742374299	0.700251009761	0.708149677722	0.688135894582	0.716775479693	0.715039110824	0.710520519171	0.693688148704	0.663302456378	0.691300463006	0.710744801604	0.703828988191	0.704568993357	0.701571440367	0.68309441438	0.707958540063	0.697788638594	0.732457987126	0.6818994332	0.670494611615	0.66608956208	0.690940708251	0.693050085033	0.712307595582	0.730597978348	0.701021136326	0.701682740726	0.694168763282
AF7	0.674562919058	0.658017896743	0.754774613111	0.674621164511	0.717483605476	0.683115015201	0.689661576219	0.67353882674	0.660663854566	0.690653889935	0.690786816477	0.689661529366	0.679475089656	0.682955949055	0.684740694867	0.663913946768	0.668294900449	0.665879554216	0.775074681898	0.665897070208	0.68334519912	0.509200918932	0.660477623222	0.649778981037	0.708239743113	0.645661433721	0.0	0.456993320498	0.652015793089	0.623284660833	0.71993509501	0.667031226648	0.664846460267	0.70318529339	0.694883790961	0.690525732817	0.68450702135	0.685902480808	0.674854490612	0.696234534435	0.693126757477	0.691411382764	0.66844799334	0.667108637174	0.736623233941	0.713193890289	0.71259982559	0.700537128612	0.683938689103	0.708176158195	0.689863675657	0.712486425671	0.677002576345	0.670192995122	0.686318662573	0.685251436211	0.671832515756	0.72205074792	0.696193391775	0.711471811785	0.666743804696	0.699074686263
AF8	0.682951174274	0.67572391204	0.759343140177	0.686874738972	0.724908302446	0.688416388487	0.686083552157	0.660729327037	0.70225470346	0.676497995441	0.704569215813	0.6740982499	0.710930662008	0.692894513509	0.696607819972	0.680346019985	0.677002572637	0.641698252927	0.771445249693	0.632121374832	0.584325918194	0.413679553316	0.669529291562	0.654812087255	0.700284226586	0.648570290754	0.456993320498	0.0	0.66310588079	0.60681124244	0.688864796056	0.631659961921	0.701968703206	0.690034001478	0.706869288162	0.693705169249	0.692323490404	0.683942982359	0.683562333307	0.70260016863	0.682981894866	0.700887157433	0.685281390182	0.673155454788	0.705306748768	0.689239481411	0.716502856747	0.69349518919	0.667204510621	0.693983885551	0.695038015538	0.709940944909	0.664359441368	0.668075819464	0.671441120984	0.666913717016	0.693846795491	0.726914795655	0.708751918167	0.685519443967	0.683991989448	0.700446948399
AG7	0.692511729515	0.700596235342	0.729982510364	0.672258256039	0.723744476909	0.705051084435	0.708370433387	0.668993061977	0.670362033125	0.685892052698	0.691168925816	0.705462149149	0.70220780129	0.672469093752	0.693102833531	0.693951364321	0.674449143046	0.650108507597	0.745195512854	0.507291166749	0.635582982481	0.650721532647	0.666629195834	0.650559040052	0.685052532173	0.665311529372	0.652015793089	0.66310588079	0.0	0.461225660506	0.661914157903	0.64401888472	0.679463832745	0.708430812804	0.692357244948	0.69070755233	0.667184941535	0.681700769836	0.683988733585	0.698576600346	0.6889647026	0.68141568107	0.690138831326	0.674288725215	0.716675845614	0.707318296042	0.72950441499	0.719933684333	0.678898898829	0.717750781031	0.687965398597	0.734388059841	0.666149447016	0.686896386862	0.678763956113	0.676284308027	0.701135827379	0.733977856641	0.707130801683	0.713808842288	0.66400290343	0.7183831596
AG8	0.674206775561	0.68486779515	0.743305438964	0.668045801635	0.704634117665	0.67929499549	0.665979403776	0.653681109616	0.663013958278	0.653750793159	0.681024819444	0.667428098917	0.691840058085	0.683243753692	0.694061701807	0.671718768078	0.656617005484	0.644416892788	0.654913988896	0.423126478102	0.645565792833	0.602803097744	0.657810580066	0.645860800453	0.700614267664	0.660182969703	0.623284660833	0.60681124244	0.461225660506	0.0	0.697944320805	0.634687429905	0.668286887816	0.677836584391	0.686228403784	0.66613726399	0.636885416025	0.651378629008	0.653620662608	0.681268489908	0.658611817465	0.671704793726	0.658499732506	0.648490304978	0.680468344755	0.659701872367	0.705130035672	0.677560084333	0.648371157549	0.682837146921	0.670073025181	0.702505539468	0.655234028987	0.657761548457	0.653693018131	0.652361207171	0.683983403652	0.713008358635	0.693768881607	0.689954894284	0.665174760793	0.702191143382
AH7	0.736933165027	0.751903285212	0.7594520079	0.730839311695	0.772494382724	0.743427073875	0.728366549852	0.70332362334	0.730677813686	0.718621003905	0.707546956973	0.74212535994	0.74199738761	0.748326920467	0.746042345701	0.748793560613	0.706763377087	0.54047032047	0.762041664602	0.699457389501	0.657998820632	0.704050641048	0.695844779865	0.713800095106	0.732470890752	0.706569378558	0.71993509501	0.688864796056	0.661914157903	0.697944320805	0.0	0.514097765194	0.713915083663	0.767543936212	0.762781238563	0.753791013732	0.751371654765	0.745965207578	0.760635219092	0.74441737292	0.752084686739	0.733044796261	0.760760536778	0.745858257237	0.772173218781	0.770152515745	0.773288721431	0.770507883626	0.746795597455	0.776627031053	0.776434760689	0.795957743229	0.74037296835	0.739960533359	0.726972442942	0.75304523797	0.775968090007	0.804095944441	0.78273344221	0.765691633338	0.752522303059	0.766812271159
AH8	0.683690722125	0.693339048128	0.758088243062	0.69624021988	0.70478571598	0.689082263877	0.699096363665	0.672391163193	0.693095762497	0.688217379685	0.680733145783	0.675167005786	0.706504330993	0.709472829392	0.696657835782	0.698149886598	0.527020117948	0.394651872471	0.761679396147	0.644721160926	0.647814816662	0.656303738848	0.661703185865	0.662826726924	0.70035472556	0.67025701983	0.667031226648	0.631659961921	0.64401888472	0.634687429905	0.514097765194	0.0	0.678842044312	0.716687366931	0.710746932046	0.693300300404	0.685372840595	0.686523895306	0.705363144949	0.706751423633	0.692463402077	0.701551051043	0.702228216784	0.709371022335	0.713911316125	0.706994880186	0.718934424646	0.728088287688	0.699010696511	0.73121369388	0.711543414085	0.739345064225	0.687482587766	0.679036164375	0.67238002559	0.690103113932	0.734427035575	0.739305042105	0.733231534292	0.724174171941	0.688718995931	0.711878658655
AA5	0.653135650162	0.65156260888	0.735942158147	0.703909130002	0.661779686716	0.654321941049	0.695587037385	0.690521614097	0.599708076544	0.690194094795	0.639262148106	0.657361519724	0.679771302901	0.675437923072	0.658420075316	0.661536942072	0.669570101084	0.679921290648	0.778465751185	0.685124401546	0.709895085846	0.700848151022	0.640592634704	0.677155603407	0.731905583837	0.672553563193	0.664846460267	0.701968703206	0.679463832745	0.668286887816	0.713915083663	0.678842044312	0.0	0.595217090353	0.673454814125	0.673329083367	0.637266073066	0.649677316528	0.675574667489	0.675267428706	0.678802653701	0.629909362983	0.614378623486	0.655230087211	0.713975434677	0.655458835972	0.680832566673	0.721273789446	0.69383006248	0.699624596193	0.687007260624	0.722940630681	0.66516740916	0.682737516536	0.65459035487	0.699512497118	0.658274473274	0.713817051798	0.689395140698	0.692920159396	0.644510331863	0.688817160436
AA6	0.685511921121	0.677850766782	0.793885238512	0.715141266359	0.69985601471	0.676978420732	0.668395334943	0.679521100487	0.686704499437	0.661548024253	0.69130117076	0.668866567319	0.721192391723	0.713578595692	0.721450487532	0.69130606129	0.731037119289	0.722474937961	0.800602643331	0.691605731079	0.711987167563	0.673723745879	0.70633577471	0.699732407975	0.758631204089	0.690909756988	0.70318529339	0.690034001478	0.708430812804	0.677836584391	0.767543936212	0.716687366931	0.595217090353	0.0	0.686034004479	0.67579797098	0.65282433908	0.639259847272	0.676875089179	0.678276984108	0.661370032711	0.701395129141	0.661028183548	0.672766735209	0.482472656761	0.441284514026	0.700245146419	0.701838851186	0.68216206082	0.694540671355	0.666967087749	0.687167496088	0.680892637848	0.686367319956	0.689337709866	0.698973007758	0.673634288565	0.68688308825	0.687085822555	0.687004225624	0.660148523947	0.687914514279
AB5	0.66716010216	0.666922844145	0.735990803643	0.684854839281	0.680408600547	0.670003532518	0.687806560413	0.682566008512	0.680404288082	0.678864381873	0.672064276072	0.679195068969	0.7017603768	0.648365601444	0.680224673077	0.672486408231	0.704978864751	0.714942563484	0.765382811456	0.684063559482	0.723651703585	0.702635339504	0.712194254851	0.713206114854	0.735383723613	0.710742374299	0.694883790961	0.706869288162	0.692357244948	0.686228403784	0.762781238563	0.710746932046	0.673454814125	0.686034004479	0.0	0.423244074006	0.65099672284	0.662030627294	0.662191365245	0.632298532288	0.643998470833	0.682611959156	0.660651597166	0.645756874865	0.700548119	0.696783362555	0.670353614466	0.706895280071	0.671845735429	0.700130004422	0.689361840453	0.699227782116	0.651721339077	0.687527860926	0.683440618877	0.676160908814	0.70228644724	0.697137381349	0.700205733062	0.693465727479	0.644136189432	0.686882256115
AB6	0.659737698022	0.635205788084	0.754884219074	0.674217034136	0.684382583542	0.656604190665	0.664160287506	0.662624438283	0.694886313584	0.660527433642	0.66775789324	0.659426345804	0.694615162889	0.669338210732	0.666158567072	0.643901568168	0.717913270818	0.702916254962	0.784333255571	0.665610806935	0.722977003964	0.691177672187	0.703956081509	0.699966560098	0.734093803155	0.700251009761	0.690525732817	0.693705169249	0.69070755233	0.66613726399	0.753791013732	0.693300300404	0.673329083367	0.67579797098	0.423244074006	0.0	0.653375224249	0.638370572592	0.638549067826	0.635057451906	0.625253506707	0.678636245575	0.652648152488	0.555748847308	0.670544274777	0.672615677319	0.653998038398	0.680761268874	0.642145195286	0.662168440644	0.674288134709	0.682228027959	0.661670810608	0.665517520168	0.672425323241	0.650301008299	0.677754466584	0.680577599233	0.668546028272	0.66487649917	0.667452044389	0.666384081269
AC5	0.644203479537	0.661361489469	0.734738524935	0.677110014524	0.685818477716	0.667995389595	0.688827447777	0.661500033105	0.652525947613	0.695366617411	0.658940452653	0.677230518219	0.687146388962	0.666930405788	0.67571981477	0.646215797158	0.668917711427	0.688704696563	0.76755027305	0.675832524454	0.713986092433	0.685593286672	0.691061402866	0.680820214235	0.731843273112	0.708149677722	0.68450702135	0.692323490404	0.667184941535	0.636885416025	0.751371654765	0.685372840595	0.637266073066	0.65282433908	0.65099672284	0.653375224249	0.0	0.493481005042	0.634659921768	0.655668694494	0.660561725686	0.678027071635	0.600229102321	0.633083324005	0.67097596275	0.653441978259	0.654923538945	0.683716976829	0.621880145216	0.670809799807	0.646496900924	0.676008033529	0.650324877162	0.64310002793	0.623446282624	0.667331157667	0.658537842061	0.679951448126	0.650634481752	0.680104846856	0.638692834714	0.670666843404
AC6	0.661149213077	0.631580298244	0.739470838977	0.65209811209	0.687145190914	0.621435330892	0.662313469265	0.676025254953	0.676247698093	0.669531545731	0.672081080222	0.647176464479	0.683683527078	0.67318187634	0.680791314386	0.658556689383	0.689882492585	0.697232004846	0.766299088545	0.652419772038	0.711892737962	0.683383617163	0.702299257179	0.701287992124	0.746225446153	0.688135894582	0.685902480808	0.683942982359	0.681700769836	0.651378629008	0.745965207578	0.686523895306	0.649677316528	0.639259847272	0.662030627294	0.638370572592	0.493481005042	0.0	0.642948705804	0.652885746	0.649705007659	0.543587270889	0.481348157028	0.626188964879	0.673710663637	0.654925582806	0.6805246533	0.690480344233	0.637916426164	0.6557545378	0.656387044893	0.675595746458	0.676542794167	0.663752127332	0.65408900669	0.680580931335	0.623993327887	0.674354856942	0.640377010895	0.650620256682	0.669468653488	0.678278754966
AD6	0.669480136728	0.646812163431	0.788362658305	0.69061507821	0.669894086956	0.653111553348	0.639671686379	0.644365267774	0.677073449402	0.628511388128	0.68545923109	0.65648408629	0.70234961661	0.696851967182	0.684840595949	0.632707173463	0.713436706504	0.700121674194	0.797766168571	0.678176487106	0.725459789798	0.693102634	0.695902282446	0.698673106275	0.761792290101	0.716775479693	0.674854490612	0.683562333307	0.683988733585	0.653620662608	0.760635219092	0.705363144949	0.675574667489	0.676875089179	0.662191365245	0.638549067826	0.634659921768	0.642948705804	0.0	0.492353830348	0.378287625421	0.666392953061	0.652239088915	0.633644796393	0.677401074116	0.659801835465	0.67450468416	0.663734307689	0.645555725723	0.637187948067	0.670495617972	0.674320837237	0.640533626952	0.64814269373	0.674369752754	0.660794608943	0.636548102762	0.681323484455	0.654316549047	0.643063563957	0.639064417584	0.648241887048
AE5	0.68350021853	0.664265462242	0.769314431283	0.68796646356	0.655736802552	0.639240254478	0.647390451531	0.645477183922	0.660374131585	0.636031368141	0.658216604218	0.64493712181	0.694689022709	0.691337397141	0.689296443858	0.672267355017	0.74209555265	0.704068234548	0.785021592473	0.683477565027	0.721960270268	0.698976740258	0.713800013681	0.70865918173	0.759345779209	0.715039110824	0.696234534435	0.70260016863	0.698576600346	0.681268489908	0.74441737292	0.706751423633	0.675267428706	0.678276984108	0.632298532288	0.635057451906	0.655668694494	0.652885746	0.492353830348	0.0	0.39468828488	0.681505951628	0.647173905098	0.649334427926	0.671525018402	0.678596861636	0.675227243196	0.680279871954	0.645655714697	0.644971529886	0.662895643742	0.682886403121	0.628502167697	0.646385973485	0.65064493477	0.656413239989	0.655263299603	0.698340881292	0.66915956149	0.636908172655	0.633464061144	0.659395295374
AE6	0.676954041781	0.640786931118	0.786728567397	0.695362549634	0.667861121642	0.651671988799	0.625167652413	0.629704169567	0.682741681649	0.604689180535	0.680181942792	0.649514406121	0.706126096865	0.702959476382	0.678393449487	0.642137677028	0.732753616746	0.693330690005	0.79256384078	0.670450166522	0.721544873138	0.683750769584	0.707800622257	0.702536264698	0.758712432779	0.710520519171	0.693126757477	0.682981894866	0.6889647026	0.658611817465	0.752084686739	0.692463402077	0.678802653701	0.661370032711	0.643998470833	0.625253506707	0.660561725686	0.649705007659	0.378287625421	0.39468828488	0.0	0.663956098418	0.646565656846	0.640981475038	0.675294186546	0.662107367507	0.675524155643	0.662050189765	0.637905426055	0.630432758061	0.664897190979	0.679944296718	0.6396636838	0.644089097309	0.660824770553	0.646324806904	0.649128027121	0.686366156022	0.665049251049	0.628569242982	0.637633689752	0.641281628243
AF5	0.666524931411	0.679538244037	0.73557899612	0.648396725973	0.668132374607	0.673360556326	0.691935890993	0.693865872105	0.668863640892	0.692917967305	0.686111325195	0.679206820547	0.674449710949	0.668516070902	0.690823167142	0.674625113518	0.704927466394	0.706150017809	0.733449043298	0.670427423415	0.710678709458	0.702542019366	0.668242297199	0.688827946291	0.730982399036	0.693688148704	0.691411382764	0.700887157433	0.68141568107	0.671704793726	0.733044796261	0.701551051043	0.629909362983	0.701395129141	0.682611959156	0.678636245575	0.678027071635	0.543587270889	0.666392953061	0.681505951628	0.663956098418	0.0	0.474531989335	0.665064724402	0.72168600309	0.690834996024	0.695162995466	0.721617906472	0.667072376367	0.674179271309	0.705323420425	0.723362728704	0.676933959586	0.693840002483	0.68638015508	0.703603963411	0.661554256269	0.730500433856	0.671018030467	0.665464204333	0.66307087353	0.705900250139
AF6	0.652848199275	0.639621921382	0.73777567455	0.667197594427	0.657882664114	0.632959422147	0.656307378049	0.679707095931	0.657865038448	0.65996963329	0.669319384088	0.64915814394	0.681335055238	0.662720516217	0.675813935695	0.668950268669	0.706027098598	0.704177832721	0.740524458757	0.65794421521	0.722159871001	0.696460598372	0.666189772449	0.677314214082	0.727019345375	0.663302456378	0.66844799334	0.685281390182	0.690138831326	0.658499732506	0.760760536778	0.702228216784	0.614378623486	0.661028183548	0.660651597166	0.652648152488	0.600229102321	0.481348157028	0.652239088915	0.647173905098	0.646565656846	0.474531989335	0.0	0.623066668107	0.69754006388	0.675684400484	0.675117274419	0.686006733167	0.653580487399	0.661102032166	0.685792759256	0.695830413431	0.669342777038	0.664303834902	0.659950637686	0.681760324517	0.630332116143	0.685276153096	0.648491694899	0.654990642239	0.659578613233	0.673046606098
