	AA3	AA4	AB3	AB4	AC3	AC4	AD3	AD4	AE3	AE4	AF3	AF4	AG3	AG4	AH3	AH4	AA7	AA8	AB7	AB8	AC7	AC8	AD7	AD8	AE7	AE8	AF7	AF8	AG7	AG8	AH7	AH8	AA5	AA6	AB5	AB6	AC5	AC6	AD6	AE5	AE6	AF5	AF6	AG5	AH5	AH6	AA1	AA2	AB1	AB2	AC1	AC2	AD1	AD2	AE1	AE2	AF1	AF2	AG1	AG2	AH1	AH2
AA3	0.0	0.483863164228	0.691652669327	0.646462766873	0.66383549605	0.668279124241	0.678682219026	0.683256139829	0.652968365845	0.680960000489	0.645634313852	0.678529395708	0.663060955844	0.621898065914	0.679736172213	0.494926387805	0.683951810453	0.696730439367	0.758369824844	0.705216820799	0.693734408098	0.694108146887	0.665915141512	0.696204315345	0.725068613314	0.697135629618	0.674768902381	0.693948804001	0.687913515493	0.677151197998	0.735138179044	0.692880669232	0.662974090984	0.679886787892	0.676411769525	0.691283431832	0.642181490436	0.67059763429	0.68323273013	0.681174592925	0.673826412504	0.674499210919	0.673582949777	0.65392873846	0.702101616842	0.684023792289	0.644635677957	0.695885946435	0.636011708287	0.682726441448	0.656131175492	0.681709281847	0.631231708489	0.677373194693	0.662609129135	0.683547602422	0.669725718104	0.675680024364	0.663746382575	0.690603009219	0.646283950319	0.672937548564
AA4	0.483863164228	0.0	0.712525042966	0.641059183177	0.652256368667	0.638080925656	0.661583097385	0.662507258049	0.679394721154	0.66925428893	0.65477427883	0.653066935011	0.673687251515	0.659564053219	0.510710999381	0.372486177348	0.679052316699	0.693888042507	0.778627971951	0.710246419641	0.707416865487	0.677685673684	0.675716232029	0.696026438648	0.731617670345	0.682234814279	0.663265910862	0.679073977601	0.695721311601	0.671783056708	0.747443568081	0.684996655028	0.688719519545	0.676758426754	0.666852330692	0.662617353209	0.660357720689	0.647198772165	0.660834217404	0.665423181085	0.654690224826	0.654015745728	0.655662924977	0.640816110616	0.693951153053	0.674602053416	0.650755012509	0.667911427383	0.640639894967	0.655419368646	0.655183771295	0.666434823072	0.646447414316	0.66601347711	0.654113866243	0.675277312311	0.648293852753	0.647313876886	0.655693426295	0.643319831442	0.646101234667	0.63947575271
AB3	0.691652669327	0.712525042966	0.0	0.6997438428	0.730553151742	0.770292161336	0.754463428969	0.763709134737	0.727884584857	0.758920232	0.735565449936	0.771018157688	0.740832989532	0.607468724537	0.723493464311	0.726379247279	0.746675478113	0.778839323768	0.756126985192	0.737062617671	0.747247450783	0.7569583522	0.737301329776	0.759467282363	0.693065076859	0.756450714811	0.73976636952	0.766869673461	0.722644724168	0.727709451625	0.780961769987	0.7685965441	0.761396272866	0.787167253861	0.730125418232	0.760560531848	0.745072233988	0.759130491225	0.760731832667	0.766523368641	0.785151880497	0.742081102624	0.747954113632	0.759883681539	0.810607282591	0.803684186922	0.775139147537	0.793953456876	0.747513877476	0.786691557697	0.766870957352	0.784691274343	0.753579671217	0.790802572328	0.774536048833	0.784837237958	0.775461129556	0.785830849585	0.773535519837	0.78957643136	0.731969369565	0.776018720482
AB4	0.646462766873	0.641059183177	0.6997438428	0.0	0.663777507988	0.666410908322	0.707713118392	0.695358267824	0.68847979712	0.692164439973	0.661222836083	0.664341106903	0.436949333069	0.457121732747	0.677541678995	0.641331954105	0.699157002814	0.701373235883	0.761763894263	0.698744743702	0.689403380213	0.681690862649	0.682393516274	0.698854788109	0.727121453534	0.702980507735	0.687027341682	0.689476238133	0.690971977609	0.685039532836	0.734254286053	0.698644687129	0.708022543781	0.701993969762	0.688316870051	0.686564790378	0.67853813764	0.642063327201	0.696892120146	0.690197387128	0.695822432988	0.646566797663	0.671215224686	0.667754683126	0.721764858949	0.715537654105	0.698656701031	0.714363375114	0.640454513094	0.684848776353	0.695505108093	0.707633725022	0.679318575462	0.69200404164	0.691053758872	0.687212899393	0.698279715344	0.701523578713	0.703720125334	0.673118973062	0.678894761567	0.692224498474
AC3	0.66383549605	0.652256368667	0.730553151742	0.663777507988	0.0	0.48639741916	0.655085749597	0.658008414664	0.648616610304	0.653370705565	0.678744523562	0.448367695467	0.69566803105	0.674836662797	0.662072366772	0.652645741978	0.660970511225	0.682307785264	0.742111754056	0.667857812746	0.699959252774	0.678080127666	0.697593849566	0.714553214252	0.70294822283	0.703962333049	0.696980194234	0.695071011418	0.693590830233	0.665166061117	0.733791093651	0.684084421457	0.665011704515	0.675608974793	0.691173824589	0.681097632262	0.677766209821	0.64942152801	0.667331656409	0.651195539541	0.666080319039	0.637008234533	0.659676302851	0.654537224292	0.722243068972	0.69921689623	0.704284368609	0.704040161837	0.680243213585	0.669296700125	0.668296697233	0.688754409191	0.681904642514	0.695200544052	0.668789808917	0.68531897998	0.69233497725	0.675526794287	0.6812059516	0.665109894777	0.675005713318	0.688687336085
AC4	0.668279124241	0.638080925656	0.770292161336	0.666410908322	0.48639741916	0.0	0.650486105556	0.653991590133	0.670354742475	0.63207605181	0.514633063306	0.404609928193	0.689648168071	0.687197859881	0.669430727257	0.633096735623	0.680152221084	0.677872100071	0.758259727959	0.683795625649	0.700320458671	0.677609595659	0.705856408709	0.706762587445	0.749764601348	0.698150461019	0.683411020991	0.686677003929	0.719162253511	0.657544740753	0.733387442354	0.688309454841	0.668491244042	0.655168527776	0.678602315367	0.671402063664	0.678461167743	0.635137578973	0.654664934106	0.656737152509	0.656946975	0.65370277697	0.650294294015	0.643626775213	0.692235901418	0.668815816417	0.720038730568	0.706981446633	0.689618656094	0.679703569161	0.680368571315	0.673874624358	0.688917783269	0.695881392999	0.692586820036	0.685408955033	0.670433828179	0.669296932046	0.67846772573	0.678971976243	0.667567265523	0.677382405673
AD3	0.678682219026	0.661583097385	0.754463428969	0.707713118392	0.655085749597	0.650486105556	0.0	0.458617254641	0.6828864156	0.3525040058	0.695928734274	0.646841238936	0.709016029613	0.707944297278	0.684347520619	0.65780680621	0.716469250948	0.686693195078	0.770233052592	0.678910705262	0.718401879809	0.673466902751	0.704223653329	0.688384683878	0.722362714171	0.687218068783	0.688891690735	0.679323848859	0.712764937087	0.660627130815	0.751300296765	0.698712231341	0.701618064391	0.666667278344	0.670012025251	0.668126496197	0.677724701124	0.659790660749	0.645364321808	0.642325148615	0.618300912538	0.677258745631	0.656808295636	0.677070286296	0.688770151601	0.675404414661	0.679202109388	0.675655319323	0.674187063182	0.654423026615	0.686775316022	0.674390146896	0.666149605421	0.672455162857	0.675137091935	0.652324831141	0.676126371298	0.659344955411	0.696302022299	0.658350385288	0.686627684742	0.655091026384
AD4	0.683256139829	0.662507258049	0.763709134737	0.695358267824	0.658008414664	0.653991590133	0.458617254641	0.0	0.606463230774	0.433699729914	0.685905981189	0.651356207636	0.690495445393	0.697057616988	0.685998061002	0.669435879504	0.692324330888	0.665510042728	0.787076758602	0.697658286121	0.708699676876	0.693037739427	0.684403891842	0.673341259899	0.738871976955	0.685851828059	0.683419710927	0.694769537351	0.693062563572	0.653928334875	0.708190244258	0.682907234958	0.671016870293	0.673259327655	0.677942461339	0.658276516998	0.667752578036	0.65949559732	0.655281055941	0.644058811949	0.648543241413	0.678258834507	0.666090684577	0.67624784966	0.693463728474	0.677629770055	0.670295266632	0.683104599353	0.676242094951	0.661092578759	0.682504784301	0.688832069958	0.662571748218	0.666278575416	0.655504827759	0.644570324845	0.689761697731	0.671639067398	0.68637044657	0.668416196063	0.681368879137	0.68136600564
AE3	0.652968365845	0.679394721154	0.727884584857	0.68847979712	0.648616610304	0.670354742475	0.6828864156	0.606463230774	0.0	0.635398651626	0.654255086677	0.670466287076	0.675414738846	0.660368645687	0.664839408426	0.685017380256	0.665589560135	0.682906636097	0.765670098251	0.690131121499	0.723278911342	0.72081650471	0.659482548309	0.676442970036	0.740288784468	0.705219070329	0.687457214035	0.725716267977	0.682590858226	0.66383217155	0.729329150514	0.690504995047	0.64780925374	0.70272157526	0.692762987633	0.70353616499	0.672142391989	0.693905259208	0.669427906765	0.68206053233	0.674409650415	0.650366037131	0.677375837654	0.651052043401	0.727335258757	0.717426207748	0.697953625927	0.720539078575	0.692034954158	0.70130600994	0.698756584863	0.722737080472	0.688388182704	0.694914986534	0.664813320391	0.702203331499	0.713354390395	0.728769961226	0.695100245794	0.704186148971	0.654345702692	0.709579539754
AE4	0.680960000489	0.66925428893	0.758920232	0.692164439973	0.653370705565	0.63207605181	0.3525040058	0.433699729914	0.635398651626	0.0	0.691334535198	0.636456136163	0.706725030596	0.707920801091	0.694693892354	0.670502868174	0.710085750459	0.674143320278	0.774541268369	0.664764230445	0.710773411482	0.680866644564	0.694239219208	0.684654873026	0.735128120188	0.688169013146	0.688692210884	0.684941219839	0.692512481846	0.638818915099	0.749659886836	0.696251908047	0.695172830381	0.654618932578	0.671161630422	0.661495982903	0.678398048413	0.664438449789	0.629204363897	0.629132344414	0.606413563331	0.681660563996	0.659945338141	0.657499399032	0.691432188924	0.676015711037	0.666259122901	0.669869813361	0.673283194361	0.66283939622	0.680399115532	0.664759528824	0.668666632215	0.674906175477	0.664198049029	0.651339690559	0.679490122873	0.653205143656	0.692459290286	0.675857397945	0.684737072229	0.65500248019
AF3	0.645634313852	0.65477427883	0.735565449936	0.661222836083	0.678744523562	0.514633063306	0.695928734274	0.685905981189	0.654255086677	0.691334535198	0.0	0.556967686867	0.664189807136	0.64693377782	0.676707118002	0.665853452803	0.672152188676	0.691306916197	0.757692115084	0.685225674267	0.671147998375	0.703456579402	0.675689082974	0.694935076611	0.758133291164	0.70113126889	0.696173611609	0.738111156647	0.70175180604	0.670885200448	0.714341373511	0.689370064119	0.657960315247	0.679809745427	0.670844397787	0.681609526917	0.654287048862	0.668478191007	0.671939309117	0.667323825549	0.695634986036	0.673873391527	0.675444122622	0.66044840009	0.689757338642	0.686322616455	0.7090401528	0.728804107761	0.687013890723	0.706915702878	0.70011618932	0.716892946549	0.694606183621	0.695712552767	0.692790195895	0.714871892748	0.687274778402	0.70512473259	0.685619536412	0.706433776545	0.642774490103	0.69702794608
AF4	0.678529395708	0.653066935011	0.771018157688	0.664341106903	0.448367695467	0.404609928193	0.646841238936	0.651356207636	0.670466287076	0.636456136163	0.556967686867	0.0	0.687961440245	0.68915849494	0.676393790226	0.661845468056	0.686813981346	0.683842383477	0.766465582255	0.677017736571	0.694501134213	0.681695198407	0.702973905249	0.699242915912	0.74089796871	0.699658015207	0.698814973138	0.701025190908	0.701124221901	0.646107093443	0.740079059731	0.693410137865	0.68542197015	0.666093100107	0.670916073922	0.673098240291	0.678027716972	0.652223300831	0.654249186235	0.648002978304	0.645872725429	0.635113555212	0.663802090249	0.631051669598	0.682522485141	0.666245149856	0.705257963598	0.707162851065	0.689305236242	0.656263930101	0.671944102424	0.691125676113	0.674725637701	0.667985231769	0.678384601556	0.670490019631	0.693920469274	0.67750016121	0.693433251299	0.657481041767	0.67964039344	0.674345349271
AG3	0.663060955844	0.673687251515	0.740832989532	0.436949333069	0.69566803105	0.689648168071	0.709016029613	0.690495445393	0.675414738846	0.706725030596	0.664189807136	0.687961440245	0.0	0.489479194432	0.683954361066	0.671688763994	0.692207187604	0.705168099752	0.771470912923	0.717935112969	0.693893583261	0.710244169855	0.673286991963	0.676768874494	0.735084908223	0.704231932297	0.672936900608	0.713221327165	0.703266941807	0.697377786615	0.734441893612	0.697159552419	0.693633048904	0.705923341397	0.69830674584	0.703749791171	0.690674633055	0.674874995853	0.707558240813	0.69619651732	0.700886857501	0.65990881026	0.681533966964	0.666033584082	0.730266785051	0.72233245333	0.690809521948	0.72237240531	0.657158068425	0.686171978966	0.704998096269	0.724400323433	0.692857344572	0.695948747444	0.684438982855	0.692484700597	0.706052847522	0.724367931235	0.703909571035	0.681925289314	0.695786931742	0.720107294852
AG4	0.621898065914	0.659564053219	0.607468724537	0.457121732747	0.674836662797	0.687197859881	0.707944297278	0.697057616988	0.660368645687	0.707920801091	0.64693377782	0.68915849494	0.489479194432	0.0	0.682295347888	0.660124032482	0.700539512563	0.728974886323	0.729413548313	0.697215828539	0.690011578352	0.707913205695	0.677427539508	0.692599069981	0.714947031041	0.69614487491	0.681558737685	0.714955938727	0.695848277509	0.676525811398	0.750790484208	0.72061972549	0.688449258901	0.711637681184	0.676136855233	0.69399214058	0.670264233151	0.671500676743	0.69417757543	0.684703587382	0.706808954565	0.6481413283	0.656818672333	0.677033467488	0.731936884792	0.725502489692	0.678141334176	0.728696291558	0.652253959853	0.68858111394	0.683492914878	0.706171399961	0.67688434522	0.705255843764	0.699074839046	0.706539169507	0.700384803091	0.712470815527	0.70426648034	0.694688947912	0.66843499702	0.720290584959
AH3	0.679736172213	0.510710999381	0.723493464311	0.677541678995	0.662072366772	0.669430727257	0.684347520619	0.685998061002	0.664839408426	0.694693892354	0.676707118002	0.676393790226	0.683954361066	0.682295347888	0.0	0.547031516255	0.679444580405	0.703131611486	0.776646884403	0.720680336471	0.726771758147	0.713605525449	0.681961449479	0.705861022896	0.737575882845	0.689278023807	0.693778516026	0.721997319785	0.707314165893	0.683237406487	0.754389718513	0.704868406492	0.681162795058	0.711020060271	0.681540621034	0.689207642137	0.68332648858	0.680759272992	0.687227024205	0.686103833144	0.673379094343	0.675456050907	0.680826200055	0.663770785939	0.722619449302	0.713694771165	0.709109850257	0.706300225069	0.693662704229	0.686290048271	0.695900972115	0.723850058435	0.706967802949	0.691784222599	0.679078914523	0.707470515056	0.703195343779	0.71665155887	0.703437836784	0.681827015296	0.684683961336	0.684056449709
AH4	0.494926387805	0.372486177348	0.726379247279	0.641331954105	0.652645741978	0.633096735623	0.65780680621	0.669435879504	0.685017380256	0.670502868174	0.665853452803	0.661845468056	0.671688763994	0.660124032482	0.547031516255	0.0	0.693191767832	0.696043574681	0.775287683036	0.707970011933	0.709148231561	0.682961116121	0.67184101205	0.694056526789	0.737785409146	0.679804070125	0.673288211451	0.680598231001	0.696301900778	0.681019021902	0.746025549797	0.692581515913	0.684540777288	0.681999732229	0.664237664211	0.643242371209	0.662797508783	0.648535336591	0.665630028754	0.666937942031	0.644125373684	0.655970612999	0.664740953138	0.65277738679	0.688819374932	0.671447590079	0.66313805988	0.670664796711	0.649697312298	0.670954627299	0.66599341105	0.672399886788	0.6465549042	0.661119199818	0.653186178736	0.671526823116	0.661749092139	0.657233190949	0.664045504325	0.651716897263	0.652433618206	0.638728924178
AA7	0.683951810453	0.679052316699	0.746675478113	0.699157002814	0.660970511225	0.680152221084	0.716469250948	0.692324330888	0.665589560135	0.710085750459	0.672152188676	0.686813981346	0.692207187604	0.700539512563	0.679444580405	0.693191767832	0.0	0.521539019186	0.771636516257	0.695791301181	0.641670845502	0.679513785479	0.680693877022	0.685128773663	0.704452410673	0.695158797046	0.669091916391	0.68170377762	0.694301356825	0.675310985542	0.701647155021	0.559582350375	0.682463956496	0.720152656306	0.708785215305	0.721013099017	0.679835347291	0.67976154163	0.706164756311	0.735654430355	0.729769269942	0.673635006394	0.705372870367	0.708209583669	0.737641601197	0.724595748327	0.735567702071	0.740699058989	0.698724428027	0.745448105069	0.707939580682	0.73990456187	0.703243480197	0.706683346949	0.690759721412	0.711510773942	0.730018722193	0.734172667317	0.740053178472	0.740309727233	0.684723629869	0.721081581253
AA8	0.696730439367	0.693888042507	0.778839323768	0.701373235883	0.682307785264	0.677872100071	0.686693195078	0.665510042728	0.682906636097	0.674143320278	0.691306916197	0.683842383477	0.705168099752	0.728974886323	0.703131611486	0.696043574681	0.521539019186	0.0	0.783360303459	0.666886066912	0.64425658424	0.651279103235	0.688534233849	0.669956449939	0.710800142112	0.683456737532	0.662790257448	0.67389433823	0.667977669259	0.629132431739	0.551816184066	0.438259143583	0.677655167971	0.713820717055	0.726654481585	0.711254366932	0.698321890445	0.699790685438	0.700429607565	0.707414478632	0.699870069237	0.681747403758	0.699249110376	0.696755619222	0.719490588466	0.706821630597	0.714852431477	0.722496497679	0.713504284364	0.719744231849	0.706363894502	0.737938625392	0.695403794623	0.690859384549	0.684917997659	0.677227353397	0.726259783661	0.723675549124	0.737275685796	0.722826130165	0.706385682362	0.69147608709
AB7	0.758369824844	0.778627971951	0.756126985192	0.761763894263	0.742111754056	0.758259727959	0.770233052592	0.787076758602	0.765670098251	0.774541268369	0.757692115084	0.766465582255	0.771470912923	0.729413548313	0.776646884403	0.775287683036	0.771636516257	0.783360303459	0.0	0.560554891918	0.752459201905	0.768008211058	0.773993755555	0.785270771908	0.749608886572	0.779392936535	0.777317147841	0.781509363598	0.754026070162	0.652160578013	0.764538636761	0.783616110731	0.774809582005	0.79016571462	0.77680746993	0.778788592806	0.769289560924	0.773996576814	0.796605153999	0.791498268291	0.794503292883	0.735018087235	0.754836037301	0.781024576908	0.807799382901	0.798724240104	0.819582173064	0.820626190717	0.782679182762	0.795558299473	0.808602739031	0.813862826394	0.790555513977	0.805835969	0.789486551183	0.798721747688	0.805601491172	0.800304671233	0.799354281913	0.796815441529	0.795649003855	0.800023244615
AB8	0.705216820799	0.710246419641	0.737062617671	0.698744743702	0.667857812746	0.683795625649	0.678910705262	0.697658286121	0.690131121499	0.664764230445	0.685225674267	0.677017736571	0.717935112969	0.697215828539	0.720680336471	0.707970011933	0.695791301181	0.666886066912	0.560554891918	0.0	0.662064676849	0.63217759409	0.688995252465	0.688431213856	0.692787548083	0.681366074698	0.683739927197	0.675694159252	0.535828364097	0.443602679059	0.682281714217	0.661225904556	0.706931455181	0.693356786634	0.712791128236	0.703364402395	0.690484707814	0.67116608384	0.687003556663	0.706058500953	0.695839911231	0.684376036687	0.676578189092	0.686911817053	0.70978942565	0.697883002686	0.733356864346	0.722257430698	0.694197423668	0.707964322211	0.709977362593	0.736237577689	0.70075474106	0.703157313644	0.692803504919	0.701402835622	0.724658633396	0.718485546706	0.70549893802	0.713954822388	0.688302193675	0.695929808744
AC7	0.693734408098	0.707416865487	0.747247450783	0.689403380213	0.699959252774	0.700320458671	0.718401879809	0.708699676876	0.723278911342	0.710773411482	0.671147998375	0.694501134213	0.693893583261	0.690011578352	0.726771758147	0.709148231561	0.641670845502	0.64425658424	0.752459201905	0.662064676849	0.0	0.501726100445	0.683442941745	0.688261256227	0.689465308744	0.680978604343	0.695150691208	0.602689447104	0.647009283582	0.648743093202	0.662684818965	0.636807034646	0.721570106578	0.693423394632	0.72577896667	0.728500289346	0.712690118195	0.701080062434	0.712836125691	0.720300553039	0.718692636306	0.709134741486	0.718759502923	0.713655711136	0.699242582689	0.684468713369	0.738281522024	0.756242727689	0.702214668275	0.730917943639	0.737323223183	0.759843119082	0.692006127305	0.688502466156	0.696202886912	0.690484981094	0.74483686444	0.726191005044	0.749032872799	0.721743809778	0.702896174185	0.735925344694
AC8	0.694108146887	0.677685673684	0.7569583522	0.681690862649	0.678080127666	0.677609595659	0.673466902751	0.693037739427	0.72081650471	0.680866644564	0.703456579402	0.681695198407	0.710244169855	0.707913205695	0.713605525449	0.682961116121	0.679513785479	0.651279103235	0.768008211058	0.63217759409	0.501726100445	0.0	0.686001692913	0.667041421474	0.6965852151	0.647592841861	0.504747398957	0.415351066666	0.649767101169	0.62975244934	0.694726573974	0.644252230621	0.716069549232	0.662767929821	0.715151699551	0.702125638065	0.702421245147	0.678549163405	0.689009709712	0.703407404549	0.686202015116	0.683887726715	0.694774484715	0.684481276976	0.680047040507	0.667551911777	0.721314087164	0.705020865826	0.688125972907	0.698569397086	0.696487305554	0.71041356523	0.669264969319	0.668042161114	0.680629970446	0.662366888347	0.706641357139	0.68343217812	0.710454586077	0.69973952072	0.678437105577	0.679535473306
AD7	0.665915141512	0.675716232029	0.737301329776	0.682393516274	0.697593849566	0.705856408709	0.704223653329	0.684403891842	0.659482548309	0.694239219208	0.675689082974	0.702973905249	0.673286991963	0.677427539508	0.681961449479	0.67184101205	0.680693877022	0.688534233849	0.773993755555	0.688995252465	0.683442941745	0.686001692913	0.0	0.466035139862	0.71177742772	0.526448164784	0.675905087163	0.696087695462	0.67177285904	0.66715266703	0.706383995394	0.658959852043	0.653249166211	0.687690958371	0.719540022441	0.714429895366	0.677086757156	0.680529855566	0.695554931879	0.710263482472	0.701239883417	0.669436565259	0.672837975604	0.668423292363	0.705598293165	0.69358671403	0.703782997825	0.703685034841	0.675658090883	0.703650903261	0.686302499531	0.725373474223	0.677089351513	0.675150061442	0.654180154323	0.685502443283	0.69687686661	0.709098000035	0.686500536243	0.705214831793	0.652737209234	0.693331627214
AD8	0.696204315345	0.696026438648	0.759467282363	0.698854788109	0.714553214252	0.706762587445	0.688384683878	0.673341259899	0.676442970036	0.684654873026	0.694935076611	0.699242915912	0.676768874494	0.692599069981	0.705861022896	0.694056526789	0.685128773663	0.669956449939	0.785270771908	0.688431213856	0.688261256227	0.667041421474	0.466035139862	0.0	0.619482894191	0.438497320059	0.640100987345	0.681844098207	0.66498465405	0.655166057762	0.701764976804	0.658071860733	0.683004844902	0.684804163419	0.728895542612	0.714968385039	0.693442782203	0.689857673667	0.696642010188	0.705636791676	0.690528206665	0.679047000307	0.679694495466	0.661896194884	0.698123281054	0.691350503152	0.72293022639	0.718399500548	0.690302318289	0.702003484365	0.692163927502	0.73703356122	0.683902613846	0.667421929759	0.664822181514	0.677706236189	0.707437216547	0.720458072439	0.70242246837	0.700194616025	0.683839492836	0.706319264097
AE7	0.725068613314	0.731617670345	0.693065076859	0.727121453534	0.70294822283	0.749764601348	0.722362714171	0.738871976955	0.740288784468	0.735128120188	0.758133291164	0.74089796871	0.735084908223	0.714947031041	0.737575882845	0.737785409146	0.704452410673	0.710800142112	0.749608886572	0.692787548083	0.689465308744	0.6965852151	0.71177742772	0.619482894191	0.0	0.508247434272	0.709756227978	0.715172091762	0.683236773085	0.692574992603	0.732200478536	0.693357002927	0.745480472747	0.744604073551	0.742650396414	0.752970051708	0.735534671559	0.739091215592	0.763120719766	0.757910890991	0.760813412056	0.735402680758	0.728312417938	0.742917582152	0.759801070671	0.75247689825	0.763160284646	0.774745771627	0.731279024495	0.758550486191	0.756273259548	0.787518194485	0.741728725345	0.751711688511	0.734603654746	0.740775314122	0.779088710568	0.780757510472	0.771911095544	0.760598548953	0.752382203638	0.770713416668
AE8	0.697135629618	0.682234814279	0.756450714811	0.702980507735	0.703962333049	0.698150461019	0.687218068783	0.685851828059	0.705219070329	0.688169013146	0.70113126889	0.699658015207	0.704231932297	0.69614487491	0.689278023807	0.679804070125	0.695158797046	0.683456737532	0.779392936535	0.681366074698	0.680978604343	0.647592841861	0.526448164784	0.438497320059	0.508247434272	0.0	0.647559347612	0.656164490431	0.667622054617	0.666989444145	0.703666318838	0.662136039735	0.700900947496	0.69567501571	0.723484313198	0.719100771381	0.698142343308	0.690679305169	0.712512640571	0.709842177024	0.696075785671	0.705217649826	0.68514578707	0.679514105031	0.698853855067	0.682071118288	0.709481232313	0.701844060099	0.687690147087	0.706006262013	0.693168714339	0.729257683092	0.679771879332	0.672542138462	0.668997418372	0.668804461874	0.715862754203	0.706949753092	0.713432403531	0.706674415956	0.692171194828	0.69532358769
AF7	0.674768902381	0.663265910862	0.73976636952	0.687027341682	0.696980194234	0.683411020991	0.688891690735	0.683419710927	0.687457214035	0.688692210884	0.696173611609	0.698814973138	0.672936900608	0.681558737685	0.693778516026	0.673288211451	0.669091916391	0.662790257448	0.777317147841	0.683739927197	0.695150691208	0.504747398957	0.675905087163	0.640100987345	0.709756227978	0.647559347612	0.0	0.449129916043	0.676927876249	0.645263416019	0.720724395992	0.667108743585	0.684703151802	0.710499724846	0.705985007818	0.704812147333	0.691020399478	0.696480464206	0.692616642666	0.704113560647	0.692902973493	0.671392692224	0.672314275015	0.659529347434	0.72362341462	0.712547446139	0.711025166205	0.705907207895	0.674199354028	0.706350304253	0.677479846046	0.720419562849	0.682683831751	0.691078268513	0.689026411927	0.679999551919	0.67113050054	0.719335451058	0.702447112625	0.707577210549	0.676145467003	0.667368529239
AF8	0.693948804001	0.679073977601	0.766869673461	0.689476238133	0.695071011418	0.686677003929	0.679323848859	0.694769537351	0.725716267977	0.684941219839	0.738111156647	0.701025190908	0.713221327165	0.714955938727	0.721997319785	0.680598231001	0.68170377762	0.67389433823	0.781509363598	0.675694159252	0.602689447104	0.415351066666	0.696087695462	0.681844098207	0.715172091762	0.656164490431	0.449129916043	0.0	0.681118903082	0.651697868977	0.729029983722	0.670332544602	0.71090276904	0.69841784561	0.713538390941	0.712193038855	0.699894867673	0.675062624156	0.701143584143	0.71949379104	0.695701558096	0.692790874547	0.687972171571	0.68104231393	0.714667776049	0.701275045017	0.71516007421	0.704241714747	0.673609702254	0.71329544659	0.699815817272	0.714818820699	0.675272901434	0.68206249469	0.695535857056	0.658153792633	0.683347799135	0.696961443041	0.713673368145	0.707487821058	0.671666675353	0.674497818071
AG7	0.687913515493	0.695721311601	0.722644724168	0.690971977609	0.693590830233	0.719162253511	0.712764937087	0.693062563572	0.682590858226	0.692512481846	0.70175180604	0.701124221901	0.703266941807	0.695848277509	0.707314165893	0.696301900778	0.694301356825	0.667977669259	0.754026070162	0.535828364097	0.647009283582	0.649767101169	0.67177285904	0.66498465405	0.683236773085	0.667622054617	0.676927876249	0.681118903082	0.0	0.478390239818	0.678011673683	0.654564982259	0.698549198864	0.705771286688	0.707576144943	0.701784219417	0.673837132403	0.685707152152	0.691908874556	0.707639767438	0.703575179824	0.698931122039	0.688204345924	0.683247006991	0.717390601245	0.710386147329	0.720917843333	0.726094349786	0.686452213691	0.716182606859	0.694080533092	0.744236684682	0.679177970589	0.702956097338	0.691124972738	0.70007290746	0.722394083486	0.724803287569	0.696923437795	0.712874155305	0.673621282522	0.708050527156
AG8	0.677151197998	0.671783056708	0.727709451625	0.685039532836	0.665166061117	0.657544740753	0.660627130815	0.653928334875	0.66383217155	0.638818915099	0.670885200448	0.646107093443	0.697377786615	0.676525811398	0.683237406487	0.681019021902	0.675310985542	0.629132431739	0.652160578013	0.443602679059	0.648743093202	0.62975244934	0.66715266703	0.655166057762	0.692574992603	0.666989444145	0.645263416019	0.651697868977	0.478390239818	0.0	0.701888831098	0.642699442559	0.669351930708	0.677040614552	0.687424714233	0.671345803606	0.64541804476	0.645528689963	0.642046398311	0.67566266579	0.654959032538	0.652478987175	0.633682913549	0.632607939503	0.674048653073	0.658445447708	0.716450944594	0.704758094318	0.668510137821	0.673919939623	0.683799603652	0.724154145485	0.658137472404	0.674756743848	0.66148035478	0.657391554948	0.683329881945	0.6988324926	0.685041520341	0.681413567104	0.677505028139	0.656585927673
AH7	0.735138179044	0.747443568081	0.780961769987	0.734254286053	0.733791093651	0.733387442354	0.751300296765	0.708190244258	0.729329150514	0.749659886836	0.714341373511	0.740079059731	0.734441893612	0.750790484208	0.754389718513	0.746025549797	0.701647155021	0.551816184066	0.764538636761	0.682281714217	0.662684818965	0.694726573974	0.706383995394	0.701764976804	0.732200478536	0.703666318838	0.720724395992	0.729029983722	0.678011673683	0.701888831098	0.0	0.501012457115	0.708740132718	0.759807092074	0.770921528959	0.760349481527	0.746283176614	0.743890768931	0.759181562612	0.739036893023	0.75809321894	0.72209943412	0.75174942076	0.742350819024	0.765364341855	0.760750979379	0.765705686963	0.75928325761	0.755583876629	0.773502836868	0.775107801908	0.789326181878	0.739916331339	0.745418019985	0.726958429697	0.736980329711	0.778799284718	0.78365923009	0.77369312754	0.769801023512	0.756727912498	0.756836831
AH8	0.692880669232	0.684996655028	0.7685965441	0.698644687129	0.684084421457	0.688309454841	0.698712231341	0.682907234958	0.690504995047	0.696251908047	0.689370064119	0.693410137865	0.697159552419	0.72061972549	0.704868406492	0.692581515913	0.559582350375	0.438259143583	0.783616110731	0.661225904556	0.636807034646	0.644252230621	0.658959852043	0.658071860733	0.693357002927	0.662136039735	0.667108743585	0.670332544602	0.654564982259	0.642699442559	0.501012457115	0.0	0.69255259148	0.706894999201	0.71446043931	0.713806993693	0.688751745636	0.68228269057	0.701140377858	0.686010354324	0.698645393208	0.687207171933	0.705150894699	0.698267493963	0.706290974075	0.698091380426	0.716347554072	0.709036638795	0.704035926631	0.727680839789	0.714268230174	0.739974951354	0.693847693641	0.695015871524	0.683263522684	0.683925854978	0.735984921592	0.724019755509	0.728489910792	0.726166816649	0.699440783937	0.696327613396
AA5	0.662974090984	0.688719519545	0.761396272866	0.708022543781	0.665011704515	0.668491244042	0.701618064391	0.671016870293	0.64780925374	0.695172830381	0.657960315247	0.68542197015	0.693633048904	0.688449258901	0.681162795058	0.684540777288	0.682463956496	0.677655167971	0.774809582005	0.706931455181	0.721570106578	0.716069549232	0.653249166211	0.683004844902	0.745480472747	0.700900947496	0.684703151802	0.71090276904	0.698549198864	0.669351930708	0.708740132718	0.69255259148	0.0	0.604227861069	0.713925377716	0.710148450422	0.656441044786	0.667541337941	0.687955077316	0.696856956411	0.686625730934	0.662690719071	0.64770101911	0.666955110543	0.729413688737	0.684176377315	0.704248398161	0.729262289485	0.703982658648	0.708572699638	0.704418084038	0.729623532958	0.687184747174	0.705228555139	0.664553759105	0.705841140259	0.675262642501	0.718930811399	0.678691986389	0.71652053586	0.663956093768	0.712657023891
AA6	0.679886787892	0.676758426754	0.787167253861	0.701993969762	0.675608974793	0.655168527776	0.666667278344	0.673259327655	0.70272157526	0.654618932578	0.679809745427	0.666093100107	0.705923341397	0.711637681184	0.711020060271	0.681999732229	0.720152656306	0.713820717055	0.79016571462	0.693356786634	0.693423394632	0.662767929821	0.687690958371	0.684804163419	0.744604073551	0.69567501571	0.710499724846	0.69841784561	0.705771286688	0.677040614552	0.759807092074	0.706894999201	0.604227861069	0.0	0.689276941029	0.677425207858	0.658596351338	0.625954493788	0.657768457702	0.682959863605	0.654194703297	0.670488123743	0.65961007661	0.65909966546	0.478020941873	0.435503937528	0.684563531093	0.692842032012	0.669974141503	0.66928014848	0.661469837054	0.67512400096	0.672447471726	0.691992940753	0.683515870737	0.686239988745	0.673300508904	0.655393457636	0.672889521346	0.677729576389	0.640596422215	0.681731843077
AB5	0.676411769525	0.666852330692	0.730125418232	0.688316870051	0.691173824589	0.678602315367	0.670012025251	0.677942461339	0.692762987633	0.671161630422	0.670844397787	0.670916073922	0.69830674584	0.676136855233	0.681540621034	0.664237664211	0.708785215305	0.726654481585	0.77680746993	0.712791128236	0.72577896667	0.715151699551	0.719540022441	0.728895542612	0.742650396414	0.723484313198	0.705985007818	0.713538390941	0.707576144943	0.687424714233	0.770921528959	0.71446043931	0.713925377716	0.689276941029	0.0	0.411169288297	0.664091462799	0.666236663633	0.645585068282	0.640406301606	0.659726031437	0.689997381578	0.683284665286	0.654779115592	0.704245294421	0.692656914341	0.676693043399	0.70350161587	0.671064307974	0.7113756449	0.691143527999	0.689627974503	0.657617156019	0.692610358652	0.700369938409	0.685031689538	0.711263240181	0.698068368245	0.711984414069	0.707875839583	0.653496236163	0.689622900321
AB6	0.691283431832	0.662617353209	0.760560531848	0.686564790378	0.681097632262	0.671402063664	0.668126496197	0.658276516998	0.70353616499	0.661495982903	0.681609526917	0.673098240291	0.703749791171	0.69399214058	0.689207642137	0.643242371209	0.721013099017	0.711254366932	0.778788592806	0.703364402395	0.728500289346	0.702125638065	0.714429895366	0.714968385039	0.752970051708	0.719100771381	0.704812147333	0.712193038855	0.701784219417	0.671345803606	0.760349481527	0.713806993693	0.710148450422	0.677425207858	0.411169288297	0.0	0.666569583052	0.653664235403	0.663613784621	0.642923123705	0.66026147102	0.686005080411	0.674371554335	0.552705167088	0.690318241681	0.669711080216	0.678907084436	0.697255278793	0.67407682521	0.700070105568	0.694101700464	0.678266573494	0.676122911853	0.690307670879	0.687100547736	0.68989029912	0.685024865361	0.689594947964	0.692173437262	0.69910265188	0.673177972401	0.697695588577
AC5	0.642181490436	0.660357720689	0.745072233988	0.67853813764	0.677766209821	0.678461167743	0.677724701124	0.667752578036	0.672142391989	0.678398048413	0.654287048862	0.678027716972	0.690674633055	0.670264233151	0.68332648858	0.662797508783	0.679835347291	0.698321890445	0.769289560924	0.690484707814	0.712690118195	0.702421245147	0.677086757156	0.693442782203	0.735534671559	0.698142343308	0.691020399478	0.699894867673	0.673837132403	0.64541804476	0.746283176614	0.688751745636	0.656441044786	0.658596351338	0.664091462799	0.666569583052	0.0	0.506816060147	0.627341335102	0.659639933352	0.656885365728	0.678190548075	0.615979133488	0.638469829104	0.66097588335	0.652603510129	0.649835210368	0.690282525225	0.623830519759	0.66191616133	0.64969914292	0.67147240586	0.652773597148	0.654372738077	0.624393392986	0.660484106704	0.65397615995	0.644109228917	0.642937190206	0.673946236494	0.63427607407	0.678098073895
AC6	0.67059763429	0.647198772165	0.759130491225	0.642063327201	0.64942152801	0.635137578973	0.659790660749	0.65949559732	0.693905259208	0.664438449789	0.668478191007	0.652223300831	0.674874995853	0.671500676743	0.680759272992	0.648535336591	0.67976154163	0.699790685438	0.773996576814	0.67116608384	0.701080062434	0.678549163405	0.680529855566	0.689857673667	0.739091215592	0.690679305169	0.696480464206	0.675062624156	0.685707152152	0.645528689963	0.743890768931	0.68228269057	0.667541337941	0.625954493788	0.666236663633	0.653664235403	0.506816060147	0.0	0.622991454183	0.659528026304	0.647910795328	0.525410640824	0.49052986255	0.620726405506	0.65597062766	0.630114735522	0.657971259221	0.666653474071	0.62432022676	0.650897767706	0.651900460251	0.668605835799	0.663240897459	0.651413432155	0.648526675815	0.666451299317	0.634106731435	0.658345899616	0.636448332396	0.638140805975	0.635864067675	0.671219976225
AD6	0.68323273013	0.660834217404	0.760731832667	0.696892120146	0.667331656409	0.654664934106	0.645364321808	0.655281055941	0.669427906765	0.629204363897	0.671939309117	0.654249186235	0.707558240813	0.69417757543	0.687227024205	0.665630028754	0.706164756311	0.700429607565	0.796605153999	0.687003556663	0.712836125691	0.689009709712	0.695554931879	0.696642010188	0.763120719766	0.712512640571	0.692616642666	0.701143584143	0.691908874556	0.642046398311	0.759181562612	0.701140377858	0.687955077316	0.657768457702	0.645585068282	0.663613784621	0.627341335102	0.622991454183	0.0	0.517420196146	0.424591790981	0.652315915953	0.653903658508	0.64701095523	0.661850366533	0.655551514243	0.658769047461	0.685474534935	0.634337472362	0.632353145235	0.660527114668	0.675872863858	0.658258826279	0.654345565332	0.646337188399	0.65661531618	0.639106179685	0.655566054383	0.660546165302	0.641516876057	0.644151505185	0.648868988729
AE5	0.681174592925	0.665423181085	0.766523368641	0.690197387128	0.651195539541	0.656737152509	0.642325148615	0.644058811949	0.68206053233	0.629132344414	0.667323825549	0.648002978304	0.69619651732	0.684703587382	0.686103833144	0.666937942031	0.735654430355	0.707414478632	0.791498268291	0.706058500953	0.720300553039	0.703407404549	0.710263482472	0.705636791676	0.757910890991	0.709842177024	0.704113560647	0.71949379104	0.707639767438	0.67566266579	0.739036893023	0.686010354324	0.696856956411	0.682959863605	0.640406301606	0.642923123705	0.659639933352	0.659528026304	0.517420196146	0.0	0.410632506385	0.682940219804	0.672522867767	0.64343217934	0.681864227706	0.684591002803	0.66512929421	0.672142014196	0.664593409265	0.644874787342	0.670380568844	0.687141369131	0.650006351477	0.650149377665	0.652541361641	0.647557165222	0.671830486194	0.674408807363	0.671484662687	0.639426505061	0.652972496017	0.661229463401
AE6	0.673826412504	0.654690224826	0.785151880497	0.695822432988	0.666080319039	0.656946975	0.618300912538	0.648543241413	0.674409650415	0.606413563331	0.695634986036	0.645872725429	0.700886857501	0.706808954565	0.673379094343	0.644125373684	0.729769269942	0.699870069237	0.794503292883	0.695839911231	0.718692636306	0.686202015116	0.701239883417	0.690528206665	0.760813412056	0.696075785671	0.692902973493	0.695701558096	0.703575179824	0.654959032538	0.75809321894	0.698645393208	0.686625730934	0.654194703297	0.659726031437	0.66026147102	0.656885365728	0.647910795328	0.424591790981	0.410632506385	0.0	0.656969026549	0.660448393151	0.645863004839	0.661954108664	0.646277510267	0.66650551466	0.659060496698	0.647650236164	0.616772239733	0.661155321847	0.672853105322	0.630572500036	0.654147061809	0.662290773615	0.645446224105	0.655241952688	0.661689083661	0.672780026373	0.621449638997	0.655877611712	0.644549009581
AF5	0.674499210919	0.654015745728	0.742081102624	0.646566797663	0.637008234533	0.65370277697	0.677258745631	0.678258834507	0.650366037131	0.681660563996	0.673873391527	0.635113555212	0.65990881026	0.6481413283	0.675456050907	0.655970612999	0.673635006394	0.681747403758	0.735018087235	0.684376036687	0.709134741486	0.683887726715	0.669436565259	0.679047000307	0.735402680758	0.705217649826	0.671392692224	0.692790874547	0.698931122039	0.652478987175	0.72209943412	0.687207171933	0.662690719071	0.670488123743	0.689997381578	0.686005080411	0.678190548075	0.525410640824	0.652315915953	0.682940219804	0.656969026549	0.0	0.459054406593	0.628538975118	0.706470645657	0.683373897954	0.687820549026	0.713638714456	0.654640577933	0.657169244914	0.700262946714	0.716294578597	0.680349619146	0.695700247064	0.690399072622	0.698001939416	0.678658578217	0.707651378518	0.676157496327	0.638301799764	0.66198959547	0.698399249186
AF6	0.673582949777	0.655662924977	0.747954113632	0.671215224686	0.659676302851	0.650294294015	0.656808295636	0.666090684577	0.677375837654	0.659945338141	0.675444122622	0.663802090249	0.681533966964	0.656818672333	0.680826200055	0.664740953138	0.705372870367	0.699249110376	0.754836037301	0.676578189092	0.718759502923	0.694774484715	0.672837975604	0.679694495466	0.728312417938	0.68514578707	0.672314275015	0.687972171571	0.688204345924	0.633682913549	0.75174942076	0.705150894699	0.64770101911	0.65961007661	0.683284665286	0.674371554335	0.615979133488	0.49052986255	0.653903658508	0.672522867767	0.660448393151	0.459054406593	0.0	0.612739712293	0.69659567489	0.679683930031	0.675396162527	0.688647939824	0.639913514993	0.65666685332	0.685328880037	0.698712382115	0.675393750084	0.687906321287	0.678789660515	0.674586525351	0.647796260877	0.698346541962	0.651141205442	0.656247147865	0.659761514028	0.671323487853
