	AA3	AA4	AB3	AB4	AC3	AC4	AD3	AD4	AE3	AE4	AF3	AF4	AG3	AG4	AH3	AH4	AA7	AA8	AB7	AB8	AC7	AC8	AD7	AD8	AE7	AE8	AF7	AF8	AG7	AG8	AH7	AH8	AA5	AA6	AB5	AB6	AC5	AC6	AD6	AE5	AE6	AF5	AF6	AG5	AH5	AH6	AA1	AA2	AB1	AB2	AC1	AC2	AD1	AD2	AE1	AE2	AF1	AF2	AG1	AG2	AH1	AH2
AA3	0.0	0.494549867809	0.669832276519	0.650922788406	0.659291540707	0.64678089406	0.697722428866	0.688022541328	0.669389940627	0.698765715792	0.641316423754	0.67250695469	0.649387949012	0.629030679963	0.672927522485	0.471735950453	0.692896227057	0.678019329474	0.753074272469	0.678907144617	0.68598976165	0.696472770767	0.673968105253	0.70762926169	0.723102660815	0.70521397214	0.666309341079	0.679051209472	0.687567394842	0.679963417494	0.741600236827	0.711571761179	0.679962855997	0.697953523355	0.675301862251	0.676222320772	0.637866308031	0.656168167059	0.66372539764	0.666589596538	0.678714903424	0.683497478621	0.660372516917	0.671335522094	0.693394513919	0.688024145317	0.662041295516	0.688478129695	0.646941354439	0.682932935676	0.669858328616	0.681693375317	0.629083376152	0.66823140762	0.676030022959	0.674775110183	0.683621253458	0.687746131405	0.647972529911	0.677573985405	0.648821284539	0.675224942319
AA4	0.494549867809	0.0	0.721460555103	0.626302279598	0.657306860532	0.629957842431	0.651874379183	0.657504632521	0.660087294278	0.661449042325	0.643845945637	0.658456808542	0.65393921186	0.67805215192	0.517041460947	0.353578390779	0.683531443867	0.678355378708	0.766776217064	0.669213455399	0.705010803757	0.660926178636	0.678283916281	0.677648627404	0.720190415019	0.672223141119	0.651481550685	0.657147197658	0.67909195753	0.662949587506	0.734259900275	0.692058430453	0.677837471939	0.669367158774	0.657358221066	0.650606267692	0.645796298891	0.626187121045	0.639174670017	0.660584238521	0.648531297023	0.642723852469	0.647831463721	0.638573477333	0.670178790557	0.669506661686	0.65170365119	0.655896931627	0.63393999099	0.649363417007	0.651508938656	0.663768623167	0.633701920174	0.634630782768	0.652857705957	0.640042636563	0.64980901811	0.644982555348	0.644249493814	0.641846591559	0.641590574634	0.633746687855
AB3	0.669832276519	0.721460555103	0.0	0.664326969059	0.708369314861	0.743464916617	0.766660095517	0.766093864727	0.700989488472	0.77811389034	0.729864176669	0.752190782173	0.732939043226	0.579894279339	0.712209284144	0.711134397562	0.746668286244	0.765464979922	0.704641730874	0.710083177033	0.740925139552	0.757700271996	0.715022718607	0.741673883198	0.723194911926	0.724893285345	0.735967428841	0.744506736913	0.70014463165	0.701670181125	0.76564201111	0.779588891691	0.717162504204	0.781077995879	0.720975506537	0.75304449923	0.721473639561	0.736024048461	0.761548352871	0.743948889219	0.769307652029	0.718595062176	0.724255768824	0.755159906898	0.794170470442	0.78281089761	0.762483623039	0.793474773404	0.732995289853	0.775526314753	0.751525153616	0.768005800283	0.734351441915	0.764793136583	0.754807398123	0.764227766737	0.755664710835	0.76436009933	0.749612599912	0.777538355262	0.733209226013	0.785186128457
AB4	0.650922788406	0.626302279598	0.664326969059	0.0	0.68483656655	0.685010586398	0.71252334475	0.691919795392	0.686329671146	0.711092229959	0.662196607907	0.682771095588	0.414721880726	0.504079959584	0.661805771545	0.638991843212	0.699184185117	0.698256776731	0.744046338215	0.678522509977	0.690701553131	0.691922539668	0.699927669916	0.694339941174	0.722545001281	0.708686627834	0.679552948222	0.67660576359	0.6726573617	0.670706270747	0.739604318358	0.719187598594	0.706847842154	0.698225973772	0.678612064713	0.674586613303	0.67065408054	0.661840133499	0.688714872162	0.690646845186	0.706885141903	0.659209382871	0.669738030404	0.681339159653	0.707713078683	0.7106837326	0.700007604492	0.69984567688	0.644475802383	0.704816054286	0.696592172486	0.708567223672	0.679339133073	0.688591198302	0.680594983255	0.673544813019	0.704027414904	0.7060503084	0.688021599917	0.693783237551	0.678118506802	0.704264312018
AC3	0.659291540707	0.657306860532	0.708369314861	0.68483656655	0.0	0.535322458516	0.671909411542	0.66219663407	0.662875886084	0.661803945359	0.673598931749	0.439843281796	0.707089093761	0.705907179542	0.683381991339	0.667072878058	0.689791311252	0.696735436831	0.751064094629	0.678181586114	0.710816185867	0.693925802559	0.720254220241	0.72302391217	0.720543176291	0.709591661877	0.707604038825	0.693477410646	0.692267192289	0.688499942913	0.754638498942	0.712364960692	0.666871566726	0.688425366909	0.688311716891	0.696594838063	0.671989513969	0.677266521042	0.671026556802	0.645477722798	0.661146435411	0.664369209919	0.666792714695	0.675369364315	0.716499398042	0.69823876667	0.706052210512	0.718883062855	0.695216272805	0.681394898469	0.668976224288	0.685176317634	0.674960702631	0.679918080013	0.68294638363	0.686027524468	0.692100568257	0.674545753114	0.67846545649	0.671406452092	0.678314832345	0.709486107614
AC4	0.64678089406	0.629957842431	0.743464916617	0.685010586398	0.535322458516	0.0	0.679896019384	0.672873119893	0.680899019794	0.67466970303	0.490285002018	0.408625942364	0.694201900428	0.701046379101	0.66174714657	0.634600910407	0.698025614305	0.685657944652	0.764401005958	0.674094257796	0.713395526838	0.69954094875	0.703587318279	0.712090096721	0.746247106015	0.707748264852	0.706640469514	0.715082775712	0.711682863531	0.685412907968	0.746300336689	0.707117031155	0.674275601786	0.673012726362	0.661974662106	0.658525347628	0.654385606071	0.64907624341	0.674365080313	0.650018492408	0.662486962379	0.667989044894	0.642319695323	0.643732794009	0.677898856222	0.666140775955	0.712056146062	0.702725919558	0.697403201229	0.677925738666	0.688406311928	0.694461455102	0.687121662695	0.686972692031	0.708290022303	0.697842474563	0.679278038227	0.679759394109	0.676216675865	0.682804970634	0.661675490313	0.687577092187
AD3	0.697722428866	0.651874379183	0.766660095517	0.71252334475	0.671909411542	0.679896019384	0.0	0.371864353039	0.684036349277	0.341882523223	0.702562504806	0.666248372603	0.721231989541	0.718582910424	0.703969137468	0.6575464449	0.708505788151	0.683660465082	0.772601389122	0.664484204891	0.724307308278	0.670186790681	0.72060137253	0.695748226928	0.734160417647	0.69831555791	0.701945859619	0.665533152181	0.713468618064	0.675950707172	0.727965937162	0.695831629023	0.714790276439	0.659542887526	0.67192800747	0.664326458532	0.686077431691	0.654830384948	0.634819504251	0.650498752335	0.622311920273	0.670237833962	0.679417291415	0.697304477827	0.695665989289	0.679454003271	0.688834086899	0.691980011314	0.673120102558	0.661785144123	0.684271714385	0.691705914696	0.674827140852	0.67942207009	0.68944641219	0.677167322115	0.674549875132	0.67868106108	0.689543864239	0.669222916998	0.701394251062	0.669900663522
AD4	0.688022541328	0.657504632521	0.766093864727	0.691919795392	0.66219663407	0.672873119893	0.371864353039	0.0	0.614792446431	0.363888226096	0.685879042153	0.644061798767	0.692555410281	0.704087852286	0.700784371661	0.659632469261	0.694585833727	0.666674176879	0.769795101923	0.643849337476	0.703747835154	0.676631794187	0.694449535694	0.687383769093	0.737403277115	0.691242516341	0.689164527028	0.671081189002	0.666521879875	0.654954651251	0.707992166503	0.685990550403	0.708832327303	0.650929405353	0.671799518024	0.658599693039	0.673699671554	0.666086685053	0.614077519231	0.633232068966	0.605716063477	0.685658912638	0.680749889159	0.684046785947	0.690818507543	0.666448921096	0.686933033527	0.689120646827	0.679032191921	0.669864859522	0.679629592913	0.683657172147	0.673263398515	0.671477741083	0.659938110292	0.667400479943	0.695641797651	0.67775940178	0.684035341358	0.670763442212	0.688594157192	0.67246959307
AE3	0.669389940627	0.660087294278	0.700989488472	0.686329671146	0.662875886084	0.680899019794	0.684036349277	0.614792446431	0.0	0.659656289055	0.676108037687	0.688672255017	0.690403195387	0.707556399285	0.6840718345	0.669453402972	0.658360671989	0.678319642502	0.758080195404	0.693919248209	0.729452728597	0.725213605161	0.680207839878	0.689752509295	0.756175843114	0.703920366937	0.691371851913	0.697766863379	0.680163098336	0.669882445507	0.727680378654	0.703105694489	0.613987498746	0.69604945426	0.688228619929	0.722413718185	0.656661663383	0.673589527329	0.681163222544	0.679370789801	0.691990315254	0.673380710902	0.690705204195	0.690948268964	0.727413107273	0.726722407566	0.710635544344	0.728432425547	0.70646907222	0.730291197871	0.712649497554	0.728644823548	0.698123181893	0.703396211207	0.679543275654	0.708502974852	0.694270415293	0.730351430923	0.690643611999	0.731421561433	0.66355931256	0.729098861029
AE4	0.698765715792	0.661449042325	0.77811389034	0.711092229959	0.661803945359	0.67466970303	0.341882523223	0.363888226096	0.659656289055	0.0	0.697438819681	0.6494739026	0.717067235739	0.72859250866	0.704249004715	0.665448633383	0.722044441205	0.693174978624	0.778789857933	0.653170611008	0.721125124012	0.679732275237	0.712783423257	0.701521006513	0.736723004429	0.701514986533	0.694141736236	0.679777773874	0.687452809332	0.651125849848	0.730767753185	0.703236955465	0.722132077606	0.663700719303	0.684222843473	0.667990693375	0.69839197261	0.659280624138	0.629847051817	0.642258894667	0.613170171749	0.681564344996	0.676990007552	0.679867144919	0.700973735015	0.683204745008	0.685409106817	0.680935736644	0.685010176212	0.669398249495	0.676030287186	0.690953790701	0.682173828248	0.678153007634	0.686976850856	0.67335602825	0.684192946436	0.683468223676	0.687893028725	0.665723649396	0.698944165757	0.659776639308
AF3	0.641316423754	0.643845945637	0.729864176669	0.662196607907	0.673598931749	0.490285002018	0.702562504806	0.685879042153	0.676108037687	0.697438819681	0.0	0.532780519568	0.670591120435	0.691843955226	0.665013459206	0.651399153583	0.683882850018	0.679794426258	0.746508636966	0.670291253111	0.68502733504	0.716175313527	0.680091079599	0.698518447477	0.758315873837	0.717963937924	0.703340004149	0.717982670282	0.683905443621	0.656410221685	0.716663474843	0.702021228782	0.65730268559	0.686474303333	0.659748781417	0.689788474523	0.646138508471	0.655902292989	0.673596582515	0.663924464918	0.683402925365	0.679901113105	0.669812420777	0.675627081577	0.683919045676	0.670696968242	0.710640836791	0.718936408047	0.685637029064	0.71700310559	0.705517858359	0.728376078445	0.693864815112	0.700626117232	0.699656286955	0.711159511227	0.686332652929	0.715883513495	0.672016990321	0.708875904189	0.652992774256	0.695858501604
AF4	0.67250695469	0.658456808542	0.752190782173	0.682771095588	0.439843281796	0.408625942364	0.666248372603	0.644061798767	0.688672255017	0.6494739026	0.532780519568	0.0	0.702231277164	0.711008555115	0.694098674532	0.659053119652	0.707931772868	0.69690221257	0.769279779032	0.683562665778	0.716011763443	0.697388005396	0.716386530696	0.716190700942	0.742328722543	0.71404719163	0.722689183069	0.702612846403	0.710081460604	0.684734517633	0.758232728391	0.71074312393	0.679875210701	0.67150039819	0.675950666565	0.690488845534	0.673177615946	0.667919945429	0.659962042257	0.640687361383	0.651894206961	0.683806728629	0.671439043161	0.68329460392	0.688123454182	0.661937633321	0.706635084306	0.71076229989	0.696047573429	0.687690480287	0.673499345388	0.68765955588	0.678032982788	0.677456060841	0.691733952197	0.685604073505	0.694327949628	0.669164028746	0.696197454199	0.676880364703	0.67435804521	0.695332349554
AG3	0.649387949012	0.65393921186	0.732939043226	0.414721880726	0.707089093761	0.694201900428	0.721231989541	0.692555410281	0.690403195387	0.717067235739	0.670591120435	0.702231277164	0.0	0.546546088296	0.677158077165	0.658676821816	0.686365972427	0.681362060232	0.771790366404	0.690319848272	0.68172577555	0.707809068492	0.664854913448	0.693930295305	0.731904486344	0.7059510658	0.68318978915	0.696528159465	0.692392083787	0.690213520699	0.73811087396	0.710598634026	0.715640462251	0.699318694291	0.685084186985	0.684581624273	0.679375373145	0.664152473482	0.69599423298	0.691799328316	0.710223506855	0.668082215261	0.661488293433	0.682639162851	0.69420745791	0.714207050697	0.700508414871	0.698832642729	0.646707461606	0.690363463051	0.703667963517	0.711464658346	0.688383865062	0.686623822547	0.694899673727	0.670749761396	0.714005948706	0.724187120805	0.689176885348	0.686716339352	0.690089557634	0.705259514505
AG4	0.629030679963	0.67805215192	0.579894279339	0.504079959584	0.705907179542	0.701046379101	0.718582910424	0.704087852286	0.707556399285	0.72859250866	0.691843955226	0.711008555115	0.546546088296	0.0	0.696483332914	0.661145935955	0.737422328707	0.714846021486	0.734344775902	0.681920215107	0.711304658715	0.72857504897	0.711577568255	0.73342038927	0.726765462103	0.722672004743	0.708869177181	0.722513789307	0.694162590395	0.683326464576	0.761625368459	0.7432849228	0.724650061005	0.744283946375	0.686596629806	0.703087923811	0.676730752091	0.697980856055	0.716674826319	0.694877549807	0.724412450264	0.700680858035	0.683532883442	0.731781213666	0.740228423831	0.743966479897	0.718892728124	0.73072711439	0.678201630661	0.718997419043	0.703549847663	0.717062442063	0.684682945949	0.72574693375	0.732618871865	0.710157231914	0.737135616963	0.724522626114	0.71599883713	0.728161745649	0.693090515374	0.732879458609
AH3	0.672927522485	0.517041460947	0.712209284144	0.661805771545	0.683381991339	0.66174714657	0.703969137468	0.700784371661	0.6840718345	0.704249004715	0.665013459206	0.694098674532	0.677158077165	0.696483332914	0.0	0.551352260471	0.68456128166	0.691195568305	0.764193036604	0.6887679566	0.707277071688	0.705483195266	0.680819055322	0.698110703674	0.732859092971	0.699755514316	0.684796190811	0.693850304105	0.696234061248	0.684872506873	0.751092170369	0.719422267893	0.68111808472	0.709653782342	0.686018736889	0.671558435587	0.676023574744	0.686507728136	0.675779973673	0.688843193114	0.700588575683	0.676389619239	0.660025382809	0.663214955543	0.711089543985	0.698805992427	0.721911806408	0.695869088954	0.695662203679	0.692694024396	0.702931657859	0.735978966334	0.699107429258	0.669640274123	0.683384340287	0.69450283481	0.707219990381	0.711729501505	0.694439595112	0.685793706959	0.684321534465	0.688100166502
AH4	0.471735950453	0.353578390779	0.711134397562	0.638991843212	0.667072878058	0.634600910407	0.6575464449	0.659632469261	0.669453402972	0.665448633383	0.651399153583	0.659053119652	0.658676821816	0.661145935955	0.551352260471	0.0	0.691651205801	0.678979155038	0.76741471316	0.669291870157	0.704953457346	0.665431917932	0.678298211248	0.690355667049	0.728359183973	0.675761381002	0.658497951449	0.655622635035	0.683370891521	0.673752033072	0.731412425698	0.690916976443	0.680845001127	0.674622750647	0.664748916826	0.650723636195	0.652296413816	0.633225169528	0.643358497783	0.663178304509	0.653689849319	0.655947775798	0.656143422512	0.658650521058	0.68109251866	0.677307129165	0.672578084186	0.6648921408	0.636513110394	0.650926935342	0.652551927976	0.675214191807	0.641987437293	0.644034308537	0.655753894923	0.646260765069	0.659306577927	0.653844923348	0.635833148206	0.644451812416	0.641368855419	0.637990581856
AA7	0.692896227057	0.683531443867	0.746668286244	0.699184185117	0.689791311252	0.698025614305	0.708505788151	0.694585833727	0.658360671989	0.722044441205	0.683882850018	0.707931772868	0.686365972427	0.737422328707	0.68456128166	0.691651205801	0.0	0.507245715734	0.771434210222	0.67487848826	0.659501088596	0.696810702856	0.670263496312	0.691042032064	0.712372859838	0.707334177094	0.6814512629	0.677842093521	0.689094587943	0.687790761226	0.710030083734	0.566983227062	0.662140642685	0.711639775623	0.699148772896	0.728412737509	0.675381270269	0.688885335463	0.702760758124	0.737906524789	0.720977790964	0.685352382589	0.705929712647	0.714485844341	0.730413974889	0.73459052297	0.744086305081	0.73911909498	0.715918427737	0.752369652754	0.719303158077	0.736393942233	0.701054530992	0.706013578435	0.697212039858	0.720089462841	0.725426571823	0.7503639616	0.735800493104	0.735435943835	0.696975027556	0.72394463827
AA8	0.678019329474	0.678355378708	0.765464979922	0.698256776731	0.696735436831	0.685657944652	0.683660465082	0.666674176879	0.678319642502	0.693174978624	0.679794426258	0.69690221257	0.681362060232	0.714846021486	0.691195568305	0.678979155038	0.507245715734	0.0	0.768950230782	0.631185000648	0.63125507806	0.648986172469	0.670344405674	0.667278404188	0.697773433364	0.684237313511	0.67354726336	0.642690576752	0.648868689784	0.646728136285	0.552077102094	0.410512212251	0.685556902682	0.707559924773	0.698504873493	0.705307764361	0.689388022883	0.677957875824	0.701789412253	0.70109337813	0.697872508	0.680203721918	0.693493452659	0.706349881589	0.708308957094	0.71090277258	0.722377553718	0.708959911431	0.704851526462	0.713618729185	0.702814749884	0.732354688466	0.680308712315	0.68377611667	0.684581458235	0.679525549702	0.734042426475	0.72613079461	0.726704975445	0.710713347537	0.702410858897	0.703213474194
AB7	0.753074272469	0.766776217064	0.704641730874	0.744046338215	0.751064094629	0.764401005958	0.772601389122	0.769795101923	0.758080195404	0.778789857933	0.746508636966	0.769279779032	0.771790366404	0.734344775902	0.764193036604	0.76741471316	0.771434210222	0.768950230782	0.0	0.559033702901	0.73783144296	0.764568094354	0.774108124746	0.788088874759	0.74196228115	0.768902035665	0.775155227976	0.776488642692	0.738461545733	0.657539106256	0.756918068367	0.769927768286	0.762321885252	0.785907608553	0.774702769505	0.776652815332	0.767786720316	0.764251509484	0.784325758138	0.78436329224	0.787670345164	0.734378996612	0.744239253805	0.781226636401	0.794136075737	0.793081988032	0.817394948894	0.821070951083	0.772823519769	0.795776854254	0.807262780843	0.807987232188	0.79027551619	0.798410354981	0.773288291212	0.790115227145	0.795880704307	0.79252593053	0.793990745643	0.784692811669	0.790586961159	0.798812113541
AB8	0.678907144617	0.669213455399	0.710083177033	0.678522509977	0.678181586114	0.674094257796	0.664484204891	0.643849337476	0.693919248209	0.653170611008	0.670291253111	0.683562665778	0.690319848272	0.681920215107	0.6887679566	0.669291870157	0.67487848826	0.631185000648	0.559033702901	0.0	0.644557671086	0.627492422916	0.662255885879	0.665402706041	0.677591884983	0.653434754603	0.657764204837	0.642520350016	0.511968233877	0.442356425758	0.692058877428	0.645230105488	0.699553120946	0.67630269035	0.692565247825	0.678805700634	0.663273829243	0.65309315658	0.684362909911	0.68162882885	0.677940416712	0.670105078753	0.662312833307	0.663489240427	0.676742968364	0.675864376515	0.717883273138	0.704076446971	0.67504444603	0.692511270969	0.679234615806	0.709222597672	0.675621436629	0.673047006421	0.668333167596	0.670450621844	0.685868269108	0.691824878475	0.689580359865	0.676356272055	0.673825951466	0.686816004453
AC7	0.68598976165	0.705010803757	0.740925139552	0.690701553131	0.710816185867	0.713395526838	0.724307308278	0.703747835154	0.729452728597	0.721125124012	0.68502733504	0.716011763443	0.68172577555	0.711304658715	0.707277071688	0.704953457346	0.659501088596	0.63125507806	0.73783144296	0.644557671086	0.0	0.521971270919	0.679077538975	0.684821939477	0.691794827223	0.683996785171	0.687351314497	0.600469555363	0.639762178165	0.638666712166	0.658155593239	0.659001233528	0.732229420665	0.69557475516	0.722546267483	0.739688030329	0.711156350524	0.717438790606	0.703746964029	0.733117652672	0.723874432565	0.710844107532	0.728596443939	0.719077549014	0.687270917112	0.699122400904	0.749302991433	0.759228267349	0.710815274133	0.740429297751	0.744685581647	0.761178023268	0.702926778723	0.683143161383	0.708477493802	0.691164682479	0.757833890047	0.735119489804	0.734755578482	0.724979078475	0.694232631082	0.743632305894
AC8	0.696472770767	0.660926178636	0.757700271996	0.691922539668	0.693925802559	0.69954094875	0.670186790681	0.676631794187	0.725213605161	0.679732275237	0.716175313527	0.697388005396	0.707809068492	0.72857504897	0.705483195266	0.665431917932	0.696810702856	0.648986172469	0.764568094354	0.627492422916	0.521971270919	0.0	0.690010322888	0.65275509581	0.704699882547	0.659145200372	0.476006221924	0.398757351339	0.639559074407	0.630857491594	0.704244766553	0.646922828892	0.72776869863	0.675418122618	0.708238209555	0.70422677344	0.70223073535	0.685827798132	0.675480850979	0.710868087015	0.685408241372	0.694728519372	0.701275119831	0.705917082536	0.675094162805	0.676404480533	0.718396001738	0.697763855689	0.688648125209	0.694641768037	0.693455516104	0.701959490189	0.677151915827	0.655403599398	0.68649013302	0.664441530935	0.700370530553	0.685804519027	0.700498393306	0.692428320163	0.681604291221	0.684083752533
AD7	0.673968105253	0.678283916281	0.715022718607	0.699927669916	0.720254220241	0.703587318279	0.72060137253	0.694449535694	0.680207839878	0.712783423257	0.680091079599	0.716386530696	0.664854913448	0.711577568255	0.680819055322	0.678298211248	0.670263496312	0.670344405674	0.774108124746	0.662255885879	0.679077538975	0.690010322888	0.0	0.467929910695	0.702295554791	0.502510098371	0.660430023475	0.674159638061	0.667396608772	0.667134592167	0.704249909947	0.68910002682	0.675402496032	0.699819943114	0.722274819703	0.719867257813	0.689897283403	0.682639498765	0.705226567128	0.71044534797	0.711775877409	0.696104027298	0.677955759149	0.698298032167	0.689149878275	0.699986838418	0.719705169465	0.709605786313	0.684944736146	0.718927128604	0.70222343458	0.731075986524	0.680361160065	0.66939103681	0.663611482674	0.687416406046	0.706813247135	0.719460239916	0.696539545578	0.704969426563	0.66261502375	0.702170031982
AD8	0.70762926169	0.677648627404	0.741673883198	0.694339941174	0.72302391217	0.712090096721	0.695748226928	0.687383769093	0.689752509295	0.701521006513	0.698518447477	0.716190700942	0.693930295305	0.73342038927	0.698110703674	0.690355667049	0.691042032064	0.667278404188	0.788088874759	0.665402706041	0.684821939477	0.65275509581	0.467929910695	0.0	0.59433632368	0.396096581504	0.647360226846	0.646219130681	0.656856031476	0.656677735344	0.698359273075	0.676888504858	0.702158360237	0.695965525257	0.723387297977	0.722498205017	0.702649767872	0.685763293913	0.706300575064	0.729552078055	0.721264040987	0.696734476848	0.69198313792	0.700639503486	0.685550714284	0.694390451906	0.726109712202	0.712923493532	0.70013258033	0.719677793164	0.713983403768	0.735883974832	0.680449190283	0.672115652864	0.670367839988	0.674936932341	0.713652306634	0.728720565187	0.712850784271	0.714686700451	0.684925987759	0.716275447257
AE7	0.723102660815	0.720190415019	0.723194911926	0.722545001281	0.720543176291	0.746247106015	0.734160417647	0.737403277115	0.756175843114	0.736723004429	0.758315873837	0.742328722543	0.731904486344	0.726765462103	0.732859092971	0.728359183973	0.712372859838	0.697773433364	0.74196228115	0.677591884983	0.691794827223	0.704699882547	0.702295554791	0.59433632368	0.0	0.492845321295	0.707981909605	0.685755371695	0.677467663213	0.69562243094	0.732713014699	0.679719381407	0.741416762059	0.753939746668	0.741593169101	0.743463898976	0.737314826177	0.746875791379	0.751747217851	0.762255196069	0.763079190361	0.737770206123	0.742443837226	0.7409926007	0.752189719147	0.750025336251	0.765174215238	0.773462276506	0.734318912235	0.765329955237	0.761468509543	0.784141732477	0.741821111137	0.741202646036	0.736799308085	0.743425805456	0.780069804797	0.78801031722	0.782491332992	0.758269504211	0.755056283064	0.773407066012
AE8	0.70521397214	0.672223141119	0.724893285345	0.708686627834	0.709591661877	0.707748264852	0.69831555791	0.691242516341	0.703920366937	0.701514986533	0.717963937924	0.71404719163	0.7059510658	0.722672004743	0.699755514316	0.675761381002	0.707334177094	0.684237313511	0.768902035665	0.653434754603	0.683996785171	0.659145200372	0.502510098371	0.396096581504	0.492845321295	0.0	0.663791218574	0.649355854064	0.661378645809	0.666166430526	0.704581230695	0.688862088625	0.70745089067	0.702625462752	0.720125922405	0.716626562447	0.710436386231	0.687545687439	0.706527980179	0.714304514962	0.71863844382	0.696270556775	0.695591060661	0.697173134945	0.698461863113	0.701911924407	0.711650709987	0.708123486175	0.688653250812	0.712935496586	0.715280194515	0.732609477766	0.692501167312	0.671156605781	0.682818997424	0.683602381142	0.72615579046	0.725373843955	0.718755396268	0.71046031643	0.690737600062	0.715349993094
AF7	0.666309341079	0.651481550685	0.735967428841	0.679552948222	0.707604038825	0.706640469514	0.701945859619	0.689164527028	0.691371851913	0.694141736236	0.703340004149	0.722689183069	0.68318978915	0.708869177181	0.684796190811	0.658497951449	0.6814512629	0.67354726336	0.775155227976	0.657764204837	0.687351314497	0.476006221924	0.660430023475	0.647360226846	0.707981909605	0.663791218574	0.0	0.446832740214	0.653492129332	0.658421010034	0.729938467222	0.675493856501	0.698779130782	0.7071924743	0.698606103411	0.698994712663	0.678415784809	0.684262009497	0.692967453928	0.688058787736	0.698744561349	0.690723227126	0.693674895101	0.695260530976	0.712220418062	0.709312008548	0.707334634249	0.689253662289	0.682483832581	0.702902640306	0.68537020991	0.703097377709	0.682646343817	0.662563561675	0.68189317946	0.676720399262	0.687584512153	0.716746864029	0.682509648449	0.694763226579	0.671492783637	0.690723551251
AF8	0.679051209472	0.657147197658	0.744506736913	0.67660576359	0.693477410646	0.715082775712	0.665533152181	0.671081189002	0.697766863379	0.679777773874	0.717982670282	0.702612846403	0.696528159465	0.722513789307	0.693850304105	0.655622635035	0.677842093521	0.642690576752	0.776488642692	0.642520350016	0.600469555363	0.398757351339	0.674159638061	0.646219130681	0.685755371695	0.649355854064	0.446832740214	0.0	0.644489474468	0.643782627802	0.699765637381	0.638435849939	0.708483073373	0.668745493918	0.686217348907	0.703621680104	0.697004192561	0.660001887329	0.681390182363	0.697257242788	0.683306556975	0.673882509603	0.687505211357	0.689886928224	0.69796987978	0.700142795427	0.71114720465	0.689710648614	0.662766188229	0.689298571698	0.67840233705	0.703262304864	0.651730194645	0.649097396152	0.679739303154	0.645807406652	0.676834394189	0.705140042593	0.698238088191	0.684381141102	0.672151264006	0.690481958685
AG7	0.687567394842	0.67909195753	0.70014463165	0.6726573617	0.692267192289	0.711682863531	0.713468618064	0.666521879875	0.680163098336	0.687452809332	0.683905443621	0.710081460604	0.692392083787	0.694162590395	0.696234061248	0.683370891521	0.689094587943	0.648868689784	0.738461545733	0.511968233877	0.639762178165	0.639559074407	0.667396608772	0.656856031476	0.677467663213	0.661378645809	0.653492129332	0.644489474468	0.0	0.432057410086	0.689875910227	0.670908714733	0.690362544981	0.696023010053	0.699662857463	0.697041383366	0.669291355863	0.670943870257	0.680522406712	0.697894890972	0.685034186773	0.680774441892	0.693081411884	0.678910709589	0.696048406862	0.691678897326	0.720441490506	0.715629863346	0.687341824489	0.71542625055	0.682802066136	0.734204912588	0.666660744869	0.683681751562	0.677956689011	0.675026659213	0.707710970357	0.719024972198	0.70514693397	0.704828506663	0.666891006983	0.712183429827
AG8	0.679963417494	0.662949587506	0.701670181125	0.670706270747	0.688499942913	0.685412907968	0.675950707172	0.654954651251	0.669882445507	0.651125849848	0.656410221685	0.684734517633	0.690213520699	0.683326464576	0.684872506873	0.673752033072	0.687790761226	0.646728136285	0.657539106256	0.442356425758	0.638666712166	0.630857491594	0.667134592167	0.656677735344	0.69562243094	0.666166430526	0.658421010034	0.643782627802	0.432057410086	0.0	0.689611658762	0.660546651667	0.67887410439	0.67920212708	0.683535615854	0.69030261216	0.632578104677	0.654003036628	0.662363479926	0.68112417406	0.665812624522	0.674028467546	0.668775400303	0.669485326302	0.672777323742	0.668632850619	0.713008477936	0.699329223233	0.660670153422	0.696805828946	0.684738002426	0.711654915082	0.665271607452	0.675495705093	0.66707731933	0.669682607528	0.688391713086	0.70617314557	0.690237141956	0.688609450723	0.675014339195	0.694502009041
AH7	0.741600236827	0.734259900275	0.76564201111	0.739604318358	0.754638498942	0.746300336689	0.727965937162	0.707992166503	0.727680378654	0.730767753185	0.716663474843	0.758232728391	0.73811087396	0.761625368459	0.751092170369	0.731412425698	0.710030083734	0.552077102094	0.756918068367	0.692058877428	0.658155593239	0.704244766553	0.704249909947	0.698359273075	0.732713014699	0.704581230695	0.729938467222	0.699765637381	0.689875910227	0.689611658762	0.0	0.541073084149	0.719038482592	0.762814731729	0.764906129225	0.772618275831	0.752063579165	0.740012834294	0.756276768288	0.753288488124	0.757945030496	0.729552461314	0.754185540524	0.753449351514	0.763493502272	0.77335479608	0.767087859927	0.765371780342	0.75963722	0.764900820737	0.775361380737	0.79298024925	0.741285141979	0.74230163282	0.735433060062	0.733721618091	0.783898522903	0.789256539716	0.772061893907	0.762066036069	0.75186424421	0.760073120776
AH8	0.711571761179	0.692058430453	0.779588891691	0.719187598594	0.712364960692	0.707117031155	0.695831629023	0.685990550403	0.703105694489	0.703236955465	0.702021228782	0.71074312393	0.710598634026	0.7432849228	0.719422267893	0.690916976443	0.566983227062	0.410512212251	0.769927768286	0.645230105488	0.659001233528	0.646922828892	0.68910002682	0.676888504858	0.679719381407	0.688862088625	0.675493856501	0.638435849939	0.670908714733	0.660546651667	0.541073084149	0.0	0.70286835889	0.715137943364	0.720931574064	0.72776552166	0.714635566144	0.688987224873	0.705124480586	0.724350944165	0.704526506624	0.68963893358	0.71761641375	0.719653118521	0.710515014719	0.715948847524	0.731175687687	0.725910777546	0.72365071759	0.727538374727	0.724544074046	0.743455467343	0.711901425975	0.702337115671	0.703540178996	0.70286000781	0.725285339095	0.738384692292	0.741906223137	0.721357547734	0.722236853028	0.715853132169
AA5	0.679962855997	0.677837471939	0.717162504204	0.706847842154	0.666871566726	0.674275601786	0.714790276439	0.708832327303	0.613987498746	0.722132077606	0.65730268559	0.679875210701	0.715640462251	0.724650061005	0.68111808472	0.680845001127	0.662140642685	0.685556902682	0.762321885252	0.699553120946	0.732229420665	0.72776869863	0.675402496032	0.702158360237	0.741416762059	0.70745089067	0.698779130782	0.708483073373	0.690362544981	0.67887410439	0.719038482592	0.70286835889	0.0	0.602916765845	0.696271365095	0.714490406362	0.661084909094	0.652125918381	0.70623631395	0.699470841205	0.706890007196	0.639535816432	0.676962342085	0.693829511287	0.724801510085	0.683946469935	0.697423966036	0.728690727834	0.704696491086	0.727008068668	0.706077142374	0.722123669498	0.687356090397	0.698805149005	0.667327448749	0.72226684742	0.687165362432	0.712852326231	0.690505937172	0.716314757501	0.661006176584	0.715377146799
AA6	0.697953523355	0.669367158774	0.781077995879	0.698225973772	0.688425366909	0.673012726362	0.659542887526	0.650929405353	0.69604945426	0.663700719303	0.686474303333	0.67150039819	0.699318694291	0.744283946375	0.709653782342	0.674622750647	0.711639775623	0.707559924773	0.785907608553	0.67630269035	0.69557475516	0.675418122618	0.699819943114	0.695965525257	0.753939746668	0.702625462752	0.7071924743	0.668745493918	0.696023010053	0.67920212708	0.762814731729	0.715137943364	0.602916765845	0.0	0.686044420982	0.695974075196	0.663681291833	0.622281643957	0.682044564255	0.669744234675	0.664915476659	0.661967784187	0.670827988591	0.67744325003	0.458604740264	0.423004591901	0.691252503478	0.696088944226	0.663428028955	0.689792312441	0.684489929539	0.67989673685	0.669793411788	0.675691381751	0.694472414106	0.676144771065	0.664728875605	0.67822292944	0.673909951471	0.683505597574	0.655973646627	0.683378633092
AB5	0.675301862251	0.657358221066	0.720975506537	0.678612064713	0.688311716891	0.661974662106	0.67192800747	0.671799518024	0.688228619929	0.684222843473	0.659748781417	0.675950666565	0.685084186985	0.686596629806	0.686018736889	0.664748916826	0.699148772896	0.698504873493	0.774702769505	0.692565247825	0.722546267483	0.708238209555	0.722274819703	0.723387297977	0.741593169101	0.720125922405	0.698606103411	0.686217348907	0.699662857463	0.683535615854	0.764906129225	0.720931574064	0.696271365095	0.686044420982	0.0	0.408609555927	0.662584717962	0.660989586177	0.651134737967	0.63470244549	0.642686516503	0.673347358683	0.674016924824	0.660792000972	0.687245460954	0.68062267884	0.674790069993	0.696593552521	0.664066303298	0.71016819092	0.68776582045	0.693459182783	0.664884993229	0.677941877899	0.703229482118	0.66820115254	0.700838534771	0.695030299741	0.686737537151	0.716201727321	0.663455617803	0.684865135975
AB6	0.676222320772	0.650606267692	0.75304449923	0.674586613303	0.696594838063	0.658525347628	0.664326458532	0.658599693039	0.722413718185	0.667990693375	0.689788474523	0.690488845534	0.684581624273	0.703087923811	0.671558435587	0.650723636195	0.728412737509	0.705307764361	0.776652815332	0.678805700634	0.739688030329	0.70422677344	0.719867257813	0.722498205017	0.743463898976	0.716626562447	0.698994712663	0.703621680104	0.697041383366	0.69030261216	0.772618275831	0.72776552166	0.714490406362	0.695974075196	0.408609555927	0.0	0.670453576962	0.66942869955	0.650912899519	0.640589958308	0.638764975767	0.679401116337	0.659040417095	0.57766928956	0.687195875238	0.669786399585	0.683699299122	0.686764900691	0.662205002587	0.690540341901	0.692818034905	0.688916436366	0.672156273465	0.671176150056	0.686273447898	0.667256976949	0.70783795105	0.691096651657	0.678524473892	0.695249751746	0.670386984221	0.670724068224
AC5	0.637866308031	0.645796298891	0.721473639561	0.67065408054	0.671989513969	0.654385606071	0.686077431691	0.673699671554	0.656661663383	0.69839197261	0.646138508471	0.673177615946	0.679375373145	0.676730752091	0.676023574744	0.652296413816	0.675381270269	0.689388022883	0.767786720316	0.663273829243	0.711156350524	0.70223073535	0.689897283403	0.702649767872	0.737314826177	0.710436386231	0.678415784809	0.697004192561	0.669291355863	0.632578104677	0.752063579165	0.714635566144	0.661084909094	0.663681291833	0.662584717962	0.670453576962	0.0	0.516025618862	0.642729076946	0.648294226635	0.660870168898	0.66539788968	0.608344835287	0.653189182487	0.660679734642	0.640211789867	0.662102001395	0.69768054901	0.632537578916	0.68067994102	0.66209698968	0.670248214658	0.649045328959	0.660510858902	0.629889565542	0.659631081458	0.670804783173	0.669538636168	0.625900315141	0.669187434416	0.647225329797	0.683780377387
AC6	0.656168167059	0.626187121045	0.736024048461	0.661840133499	0.677266521042	0.64907624341	0.654830384948	0.666086685053	0.673589527329	0.659280624138	0.655902292989	0.667919945429	0.664152473482	0.697980856055	0.686507728136	0.633225169528	0.688885335463	0.677957875824	0.764251509484	0.65309315658	0.717438790606	0.685827798132	0.682639498765	0.685763293913	0.746875791379	0.687545687439	0.684262009497	0.660001887329	0.670943870257	0.654003036628	0.740012834294	0.688987224873	0.652125918381	0.622281643957	0.660989586177	0.66942869955	0.516025618862	0.0	0.634480375894	0.650867321558	0.628191234842	0.495846191702	0.472451160526	0.631213386884	0.649320310204	0.641626954932	0.653990282565	0.684366367286	0.612563411218	0.651687541754	0.657952143278	0.660941593347	0.64370456036	0.667477545147	0.667783375721	0.651019935955	0.626028063852	0.649749748086	0.634199433203	0.646384381351	0.652251525931	0.666647026716
AD6	0.66372539764	0.639174670017	0.761548352871	0.688714872162	0.671026556802	0.674365080313	0.634819504251	0.614077519231	0.681163222544	0.629847051817	0.673596582515	0.659962042257	0.69599423298	0.716674826319	0.675779973673	0.643358497783	0.702760758124	0.701789412253	0.784325758138	0.684362909911	0.703746964029	0.675480850979	0.705226567128	0.706300575064	0.751747217851	0.706527980179	0.692967453928	0.681390182363	0.680522406712	0.662363479926	0.756276768288	0.705124480586	0.70623631395	0.682044564255	0.651134737967	0.650912899519	0.642729076946	0.634480375894	0.0	0.53824706125	0.423449533596	0.664538020807	0.659607036791	0.677698795226	0.678090737707	0.684680685561	0.670585221723	0.674907967265	0.650381952164	0.656293537772	0.681094725012	0.684497949195	0.655227969464	0.654030820304	0.674740742086	0.658016240361	0.663426293108	0.648761785723	0.656833716036	0.659315282708	0.649724704528	0.635169584137
AE5	0.666589596538	0.660584238521	0.743948889219	0.690646845186	0.645477722798	0.650018492408	0.650498752335	0.633232068966	0.679370789801	0.642258894667	0.663924464918	0.640687361383	0.691799328316	0.694877549807	0.688843193114	0.663178304509	0.737906524789	0.70109337813	0.78436329224	0.68162882885	0.733117652672	0.710868087015	0.71044534797	0.729552078055	0.762255196069	0.714304514962	0.688058787736	0.697257242788	0.697894890972	0.68112417406	0.753288488124	0.724350944165	0.699470841205	0.669744234675	0.63470244549	0.640589958308	0.648294226635	0.650867321558	0.53824706125	0.0	0.417411927222	0.665063563586	0.660978459335	0.65934059986	0.674567100202	0.665339143128	0.672576118494	0.670128906531	0.656311155461	0.635723785112	0.659994110132	0.691874464959	0.643573732149	0.630392592345	0.669028664344	0.639239928963	0.671380005063	0.66206890818	0.66091486241	0.648465376957	0.641600007152	0.6485521914
AE6	0.678714903424	0.648531297023	0.769307652029	0.706885141903	0.661146435411	0.662486962379	0.622311920273	0.605716063477	0.691990315254	0.613170171749	0.683402925365	0.651894206961	0.710223506855	0.724412450264	0.700588575683	0.653689849319	0.720977790964	0.697872508	0.787670345164	0.677940416712	0.723874432565	0.685408241372	0.711775877409	0.721264040987	0.763079190361	0.71863844382	0.698744561349	0.683306556975	0.685034186773	0.665812624522	0.757945030496	0.704526506624	0.706890007196	0.664915476659	0.642686516503	0.638764975767	0.660870168898	0.628191234842	0.423449533596	0.417411927222	0.0	0.667255260021	0.655451003948	0.667140960272	0.677036695384	0.664508036965	0.672270522109	0.672707130034	0.656893834348	0.644088675671	0.664471175502	0.679007015145	0.634544807467	0.634247287756	0.668526869747	0.637353213888	0.660942930731	0.661835754357	0.662063449939	0.648895286614	0.644105330125	0.628494477042
AF5	0.683497478621	0.642723852469	0.718595062176	0.659209382871	0.664369209919	0.667989044894	0.670237833962	0.685658912638	0.673380710902	0.681564344996	0.679901113105	0.683806728629	0.668082215261	0.700680858035	0.676389619239	0.655947775798	0.685352382589	0.680203721918	0.734378996612	0.670105078753	0.710844107532	0.694728519372	0.696104027298	0.696734476848	0.737770206123	0.696270556775	0.690723227126	0.673882509603	0.680774441892	0.674028467546	0.729552461314	0.68963893358	0.639535816432	0.661967784187	0.673347358683	0.679401116337	0.66539788968	0.495846191702	0.664538020807	0.665063563586	0.667255260021	0.0	0.471990161542	0.660228285646	0.704078301697	0.688701152187	0.691864490501	0.70579129823	0.659964019209	0.669290740995	0.696494032538	0.693007059603	0.68487381273	0.693317863887	0.678324826649	0.691430342264	0.657365458704	0.689760959436	0.670735758884	0.657773605805	0.659004801926	0.70362527838
AF6	0.660372516917	0.647831463721	0.724255768824	0.669738030404	0.666792714695	0.642319695323	0.679417291415	0.680749889159	0.690705204195	0.676990007552	0.669812420777	0.671439043161	0.661488293433	0.683532883442	0.660025382809	0.656143422512	0.705929712647	0.693493452659	0.744239253805	0.662312833307	0.728596443939	0.701275119831	0.677955759149	0.69198313792	0.742443837226	0.695591060661	0.693674895101	0.687505211357	0.693081411884	0.668775400303	0.754185540524	0.71761641375	0.676962342085	0.670827988591	0.674016924824	0.659040417095	0.608344835287	0.472451160526	0.659607036791	0.660978459335	0.655451003948	0.471990161542	0.0	0.63847762492	0.697104322453	0.668640124601	0.680601767156	0.690055537141	0.652106003648	0.664544757344	0.682163254784	0.697824716549	0.681589376889	0.689264945515	0.690543098132	0.681205396806	0.663391768544	0.688980388815	0.663523939875	0.658588620912	0.672882744237	0.690595890674
