	AA3	AA4	AB3	AB4	AC3	AC4	AD3	AD4	AE3	AE4	AF3	AF4	AG3	AG4	AH3	AH4	AA7	AA8	AB7	AB8	AC7	AC8	AD7	AD8	AE7	AE8	AF7	AF8	AG7	AG8	AH7	AH8	AA5	AA6	AB5	AB6	AC5	AC6	AD6	AE5	AE6	AF5	AF6	AG5	AH5	AH6	AA1	AA2	AB1	AB2	AC1	AC2	AD1	AD2	AE1	AE2	AF1	AF2	AG1	AG2	AH1	AH2
AA3	0.0	0.506857167455	0.695956942027	0.644415595214	0.680283518109	0.668750993282	0.704939984959	0.672192766021	0.660419185783	0.713505657622	0.656032831444	0.686529881917	0.648049231952	0.607836529714	0.695719818375	0.498147945266	0.672467669991	0.695834465757	0.755115811846	0.681727397047	0.695277793363	0.689951774254	0.686915450258	0.699408853492	0.724841816995	0.704166498892	0.667519924776	0.679519043598	0.690321627645	0.681052144429	0.744953961161	0.696199255494	0.658208051938	0.697753955544	0.677041708857	0.678262928873	0.647597088166	0.663638414181	0.667686495225	0.686270826924	0.677197978733	0.664267366254	0.655101038437	0.647616570537	0.704635469711	0.700323448496	0.673165803878	0.696464651945	0.654569932505	0.690970993381	0.67094302938	0.683579771969	0.626296516378	0.673483027105	0.675983978655	0.685394670703	0.657092517982	0.684163583528	0.67298179895	0.679065349423	0.663614073931	0.693837655096
AA4	0.506857167455	0.0	0.700230104253	0.633358112158	0.647891038001	0.631632620378	0.663578742077	0.643034899864	0.665006561796	0.663824842494	0.655547188359	0.656310766793	0.658527456226	0.636483706358	0.521110197155	0.401393541217	0.68494902865	0.69138533732	0.771834600379	0.675252014411	0.706575801092	0.661890175463	0.691653155519	0.690520578336	0.730883619694	0.69084522418	0.653623828379	0.658624352678	0.691032395556	0.66729450473	0.748625631576	0.695266514636	0.664528499964	0.677485307458	0.669840668485	0.645605394697	0.656315248307	0.642377488979	0.63267529253	0.660273869523	0.64935412242	0.679809917043	0.653673820627	0.635283554401	0.693433196492	0.67875427426	0.657762649624	0.654687465151	0.654126040764	0.653044789646	0.651861754237	0.658486711874	0.646044553392	0.65542616568	0.656684972313	0.651752573276	0.642740119776	0.674060892239	0.643648937059	0.642443750857	0.658627138074	0.645847746589
AB3	0.695956942027	0.700230104253	0.0	0.659142865612	0.722372562505	0.757063573093	0.751537035218	0.731874528741	0.730775045068	0.759964779319	0.725181315682	0.765163331069	0.732371612383	0.610372651804	0.700693787527	0.704238642126	0.732622835684	0.772869499745	0.713954882106	0.690271711887	0.733483451532	0.753808674408	0.746866030895	0.754541811763	0.723970094135	0.752078735079	0.741215570606	0.745105725796	0.710048393369	0.704665319155	0.75979977496	0.755614676705	0.739122290928	0.783689735765	0.726866626057	0.738555120848	0.721799704921	0.728549357189	0.772697078857	0.764500336589	0.76732368114	0.740131087917	0.715971417401	0.737791943128	0.803202240467	0.795704005825	0.788594507677	0.77313467821	0.718381517407	0.769500716695	0.767418033815	0.76650335381	0.752592507215	0.765854852069	0.751567215754	0.777650466052	0.757827682351	0.775089561824	0.767556157429	0.774539318203	0.758471319658	0.763394592107
AB4	0.644415595214	0.633358112158	0.659142865612	0.0	0.691260164793	0.703525093583	0.682945807647	0.659080111898	0.678116035106	0.677201620903	0.680724564364	0.69981652334	0.438721321692	0.395382654415	0.671372764033	0.648508355684	0.697030200033	0.708173695812	0.75590388717	0.664616532745	0.694878124844	0.679250955681	0.691682213792	0.695948633011	0.72337189792	0.696084419347	0.663269206025	0.669000357996	0.677825119085	0.679226573232	0.73854735943	0.71097277048	0.708358929026	0.708486813144	0.681476160014	0.684688631184	0.675541927671	0.658503802811	0.68476605925	0.690329705073	0.684407948307	0.670076583447	0.653989535668	0.682529822054	0.713075811886	0.717811003647	0.709326204214	0.70109625265	0.642993991248	0.693312390815	0.704129633064	0.705551559604	0.663710523479	0.684568899651	0.705270806354	0.696301041221	0.67857705381	0.707887338907	0.687613954279	0.676983867015	0.679841870854	0.692513303251
AC3	0.680283518109	0.647891038001	0.722372562505	0.691260164793	0.0	0.518420646991	0.668267830948	0.643439550335	0.662689474702	0.669232559809	0.679553690642	0.468321760034	0.694090923357	0.688165389091	0.669205303499	0.658010030629	0.67890887406	0.686720065308	0.761000284584	0.679541576511	0.703177590713	0.704399732803	0.712648088904	0.713005508898	0.70825965512	0.708160663293	0.711413740679	0.694913183995	0.690818002121	0.674904352539	0.736686509816	0.690570413649	0.678896338485	0.689598358231	0.688576753004	0.671845201444	0.686041417557	0.671018163926	0.67001064513	0.652191180419	0.6593583463	0.660478799597	0.659324337494	0.654792618791	0.722911924065	0.707147062213	0.713085648792	0.682611358731	0.695139775919	0.677919547836	0.695442174997	0.691016601832	0.6726542256	0.672546656778	0.664933556395	0.686369352821	0.694836872504	0.700118650914	0.686843759226	0.661434552193	0.681785336419	0.687326021277
AC4	0.668750993282	0.631632620378	0.757063573093	0.703525093583	0.518420646991	0.0	0.668845275916	0.648071019162	0.656353597933	0.65896736807	0.499952184481	0.390505455705	0.70225996991	0.676767449779	0.680443892958	0.641882109858	0.688559167695	0.684082821515	0.761759300526	0.671591331897	0.697132018895	0.689768509316	0.705274151628	0.706735546658	0.749413301499	0.708932203898	0.702084100658	0.686797243054	0.70653031685	0.667890457087	0.745859264319	0.676275804554	0.67432581257	0.671973998782	0.675276193521	0.661860152694	0.664556024419	0.651071903584	0.649281227139	0.635118987999	0.642996218495	0.674763198842	0.667861957447	0.644357812586	0.689759136551	0.674805059893	0.725554212392	0.684675272519	0.700728692573	0.676912560919	0.682705115937	0.657883884266	0.670517426574	0.678279119427	0.684215405578	0.699278257687	0.669353893469	0.673769996218	0.670062658138	0.66009387452	0.65012499312	0.682325289756
AD3	0.704939984959	0.663578742077	0.751537035218	0.682945807647	0.668267830948	0.668845275916	0.0	0.439824264692	0.685583157645	0.314236488896	0.708715985596	0.669805427771	0.711607359256	0.701575121379	0.688360789776	0.670341346752	0.711317255521	0.696921094457	0.77152087641	0.660622427462	0.719688216647	0.685825256835	0.715785736676	0.704433014552	0.728943392021	0.698034730658	0.704928602956	0.68788340936	0.70933482943	0.670118291028	0.726719894941	0.69507939206	0.728955387233	0.679067773985	0.679095080057	0.669023965137	0.681848305334	0.675608226308	0.623168639439	0.641773114222	0.620660195492	0.691392192572	0.684159714921	0.681570487185	0.705778662422	0.686003011439	0.703260467843	0.66719460347	0.689627476595	0.661842479919	0.70202288722	0.680215183418	0.681087459155	0.677858920756	0.684039724249	0.695877532743	0.686809707593	0.70251949744	0.702312183876	0.661069128554	0.708192199092	0.662748449976
AD4	0.672192766021	0.643034899864	0.731874528741	0.659080111898	0.643439550335	0.648071019162	0.439824264692	0.0	0.587489992494	0.411385622162	0.69619399825	0.650323845213	0.684152347753	0.679429510185	0.672357734011	0.648956785379	0.696553376411	0.679384687099	0.773644342658	0.625495906432	0.700890751585	0.65788163335	0.68329393982	0.673213974234	0.714880655518	0.669608394754	0.675854370936	0.654235043655	0.658849547067	0.639025642905	0.736723012839	0.669132004743	0.697447006275	0.653190964858	0.672445737683	0.657159251409	0.654551678185	0.655697427787	0.621548708638	0.645182840949	0.626704102548	0.675026093207	0.667557436797	0.652588332283	0.686445543174	0.657894006256	0.684593029618	0.661757123649	0.671490284469	0.659818730764	0.681504435112	0.671883701644	0.659792275527	0.65407317649	0.650659303866	0.662094243556	0.675947946865	0.677639716045	0.678453238982	0.651514648718	0.681390513548	0.652946053327
AE3	0.660419185783	0.665006561796	0.730775045068	0.678116035106	0.662689474702	0.656353597933	0.685583157645	0.587489992494	0.0	0.64081730876	0.660248649282	0.660802223134	0.676932897978	0.671342685371	0.667914384197	0.676498739397	0.643278118823	0.687805162266	0.769506742688	0.666056376291	0.724221053921	0.705263742864	0.657166212803	0.698372022357	0.748022546913	0.669171571301	0.669672790192	0.706819405764	0.651744823592	0.664012771594	0.735345650899	0.687183513347	0.640212614448	0.701676595765	0.676788563112	0.696873270296	0.655842423096	0.686072571121	0.668409734133	0.676137918211	0.671114857453	0.657716426632	0.662162900788	0.665286381652	0.727611372018	0.719862718799	0.702902665242	0.721340509059	0.69889608108	0.726839135081	0.706461030376	0.706477127972	0.67478458709	0.692721888045	0.665124783075	0.706276643288	0.681176872971	0.719718374454	0.714844368571	0.699339079253	0.659811968451	0.719818652723
AE4	0.713505657622	0.663824842494	0.759964779319	0.677201620903	0.669232559809	0.65896736807	0.314236488896	0.411385622162	0.64081730876	0.0	0.700310199891	0.661033311993	0.719041553561	0.700884581597	0.690204769616	0.679431855568	0.716919447955	0.696627300561	0.779686725233	0.650489368052	0.715545602741	0.677817044541	0.710268972576	0.700351328263	0.729780575733	0.693417531357	0.696828016645	0.67985275332	0.688928008917	0.651576454355	0.719492169227	0.686427562477	0.718139213119	0.676958353906	0.676135347782	0.661261472896	0.682920936934	0.673365494119	0.611628325552	0.641673257157	0.614703775647	0.694839049021	0.681882424217	0.669715069207	0.701048193554	0.68009401393	0.694287900872	0.66187576918	0.682012789291	0.661299651517	0.69942428591	0.670783248192	0.684762552821	0.676896122589	0.677416767579	0.694558920773	0.687001201172	0.697978557491	0.697432976915	0.657814811412	0.703428351242	0.659365119906
AF3	0.656032831444	0.655547188359	0.725181315682	0.680724564364	0.679553690642	0.499952184481	0.708715985596	0.69619399825	0.660248649282	0.700310199891	0.0	0.559857732227	0.678092872888	0.661031588836	0.672373965209	0.658677277251	0.67378715399	0.689084159627	0.754451898048	0.678504261237	0.688843059424	0.712995937459	0.671457688384	0.707367251549	0.759248938274	0.717791191311	0.696496151533	0.71474418616	0.698192393536	0.678185970698	0.721851365172	0.688379743128	0.65056904487	0.689166496913	0.667447212881	0.668874757928	0.662366921472	0.656582930345	0.675732660663	0.674059976771	0.688692201292	0.678507030822	0.673595982038	0.648980098357	0.695174599282	0.69126148083	0.723451493885	0.699527328097	0.6893998658	0.717842738518	0.705237644829	0.705694406439	0.69324197454	0.697508576662	0.698758471366	0.728157830448	0.677410076855	0.714137982956	0.681984467933	0.704792614926	0.647468773009	0.69696360313
AF4	0.686529881917	0.656310766793	0.765163331069	0.69981652334	0.468321760034	0.390505455705	0.669805427771	0.650323845213	0.660802223134	0.661033311993	0.559857732227	0.0	0.709235204037	0.689705075104	0.695525418233	0.655101159132	0.69085106865	0.703462470867	0.778042920631	0.675208007305	0.714397787985	0.705646332384	0.714030464831	0.716661196828	0.74773587262	0.704459522237	0.701019813284	0.707367112936	0.710577859807	0.680684257362	0.766955468997	0.700391165345	0.688353928515	0.666013283237	0.651977840725	0.664384431337	0.677428953854	0.663123971021	0.673902291706	0.653846500477	0.661224952414	0.67550350038	0.668283998459	0.663570586403	0.698390100201	0.681918704029	0.711404217333	0.683275427314	0.703436846614	0.691091371266	0.692572660387	0.675079302526	0.674686162734	0.685395221646	0.695329511964	0.672842204508	0.679587698301	0.676877820011	0.69133640574	0.673977246654	0.672107681372	0.691150289941
AG3	0.648049231952	0.658527456226	0.732371612383	0.438721321692	0.694090923357	0.70225996991	0.711607359256	0.684152347753	0.676932897978	0.719041553561	0.678092872888	0.709235204037	0.0	0.476166149879	0.682762388704	0.677259984184	0.672492081662	0.691875539082	0.76915002155	0.695151489069	0.687280462191	0.710082123182	0.689578517808	0.710782813899	0.729658963888	0.708711876137	0.693365394417	0.692758911241	0.685675021944	0.691337989892	0.73107284073	0.696399746624	0.684578537494	0.699775600902	0.697813007452	0.684873476014	0.68560057938	0.664926838735	0.686039845664	0.693866644081	0.690832886603	0.678230725966	0.678340062529	0.675719684995	0.718925972574	0.712559293829	0.691453033738	0.713468463049	0.64256201778	0.700292479657	0.7156969427	0.707708066002	0.677336863867	0.67925628912	0.692927491646	0.687740146097	0.698125073277	0.718284500579	0.695710557188	0.693581853118	0.688154808245	0.717204749977
AG4	0.607836529714	0.636483706358	0.610372651804	0.395382654415	0.688165389091	0.676767449779	0.701575121379	0.679429510185	0.671342685371	0.700884581597	0.661031588836	0.689705075104	0.476166149879	0.0	0.694359645422	0.644845930368	0.702591688498	0.724680554621	0.744443426988	0.673758885938	0.706580608086	0.705584989795	0.721267371342	0.735126580968	0.732044230515	0.727233271537	0.695745116067	0.699993050842	0.688714631454	0.671932944413	0.76123603284	0.714642525809	0.691461834459	0.710600665478	0.658992092061	0.689041398935	0.667724826706	0.65824004518	0.68781813454	0.680147872514	0.680454376266	0.665795974927	0.657399516096	0.684695558501	0.728558196037	0.723418697371	0.6895180372	0.714112625792	0.641799620333	0.701651881712	0.691978665909	0.688639347786	0.665930118792	0.694596084973	0.698750734731	0.713897187871	0.685193546932	0.699136562473	0.695217502766	0.699365871782	0.67196670173	0.698083461323
AH3	0.695719818375	0.521110197155	0.700693787527	0.671372764033	0.669205303499	0.680443892958	0.688360789776	0.672357734011	0.667914384197	0.690204769616	0.672373965209	0.695525418233	0.682762388704	0.694359645422	0.0	0.560768206633	0.688578007221	0.703603373934	0.778850410729	0.697999993522	0.722461693628	0.714221592041	0.682068847776	0.691313289992	0.73668447512	0.696000819457	0.697759598818	0.701599695941	0.707929291123	0.694715904053	0.752468509083	0.713038747468	0.67311764354	0.721987986352	0.690823197551	0.671836129464	0.677406305596	0.684100715602	0.670371285452	0.689336206651	0.683559341856	0.696553528972	0.675496934881	0.674104620527	0.721625290218	0.720772420233	0.69531353826	0.688220744766	0.697925701443	0.695340419265	0.703765175782	0.718172346269	0.698257882827	0.697794683752	0.685122665231	0.700946296278	0.700549739426	0.724255875474	0.689344353646	0.68378189646	0.680908896741	0.691260353162
AH4	0.498147945266	0.401393541217	0.704238642126	0.648508355684	0.658010030629	0.641882109858	0.670341346752	0.648956785379	0.676498739397	0.679431855568	0.658677277251	0.655101159132	0.677259984184	0.644845930368	0.560768206633	0.0	0.680830356396	0.692023153041	0.76878075013	0.676585702681	0.718207441333	0.682342511642	0.688618391939	0.696820293792	0.73658729534	0.681909060962	0.666773433541	0.672139071859	0.686433536225	0.680334961331	0.745161529737	0.6905471935	0.684360973863	0.679282941524	0.641442039138	0.647947065026	0.670993554244	0.658845182907	0.636776274552	0.659099078083	0.641684056628	0.68621194255	0.658708758469	0.655986234586	0.687071923109	0.676927666733	0.67090641142	0.6577600605	0.655687330667	0.661127789762	0.659759150932	0.667192367907	0.651429250113	0.662935770234	0.677302400611	0.656893256468	0.647522870016	0.666085051217	0.662021455426	0.652661477692	0.655476324722	0.648248616039
AA7	0.672467669991	0.68494902865	0.732622835684	0.697030200033	0.67890887406	0.688559167695	0.711317255521	0.696553376411	0.643278118823	0.716919447955	0.67378715399	0.69085106865	0.672492081662	0.702591688498	0.688578007221	0.680830356396	0.0	0.519339545192	0.761363015176	0.679999367291	0.654557954513	0.685620085978	0.678932401549	0.686280529097	0.698484381094	0.679844337045	0.654847427812	0.665748970039	0.665353210658	0.661078059263	0.710349769724	0.552587447015	0.673101356068	0.720965598003	0.693746543063	0.71362570133	0.671205886373	0.685648463297	0.698779668438	0.737375729021	0.720225545733	0.700799798545	0.70056581007	0.698745120619	0.731229335704	0.737768247248	0.741713996237	0.725814784488	0.702372623596	0.748175821502	0.708900267571	0.730410790719	0.694038344844	0.708311452585	0.686491196427	0.70918697544	0.713699917348	0.733212139463	0.727545604846	0.732909118671	0.686410993679	0.724087006351
AA8	0.695834465757	0.69138533732	0.772869499745	0.708173695812	0.686720065308	0.684082821515	0.696921094457	0.679384687099	0.687805162266	0.696627300561	0.689084159627	0.703462470867	0.691875539082	0.724680554621	0.703603373934	0.692023153041	0.519339545192	0.0	0.76730482217	0.647854087452	0.623265255076	0.643821177739	0.671671591468	0.673565601042	0.692907522227	0.677354772821	0.665451377437	0.624782621971	0.662482749313	0.636448588407	0.544282269059	0.404865593714	0.686310711782	0.720632093176	0.721727397053	0.7052332544	0.681078529393	0.696109863888	0.689909631004	0.700051152682	0.679829846446	0.701760640347	0.709972753029	0.693816849835	0.713578332052	0.704652640403	0.73273187272	0.701488929619	0.708076880781	0.730237342536	0.727625207627	0.727487355738	0.686860892436	0.670615708514	0.67607432474	0.686696502666	0.733818408938	0.731334810873	0.74639532795	0.721278372272	0.709889733244	0.71482204308
AB7	0.755115811846	0.771834600379	0.713954882106	0.75590388717	0.761000284584	0.761759300526	0.77152087641	0.773644342658	0.769506742688	0.779686725233	0.754451898048	0.778042920631	0.76915002155	0.744443426988	0.778850410729	0.76878075013	0.761363015176	0.76730482217	0.0	0.552552961017	0.739160988014	0.759668071074	0.779691700158	0.795696028618	0.747020402248	0.777359859611	0.774276436095	0.775671314067	0.749250325682	0.623900767838	0.757129323323	0.750809622642	0.771494751023	0.79226880772	0.776612965245	0.79032811824	0.767205412683	0.759224248875	0.786084528064	0.786675551018	0.787054760381	0.741723465675	0.741599577431	0.769943417737	0.808744316243	0.8071435004	0.820902686432	0.799455354248	0.772858267745	0.791379252405	0.809087040574	0.799955707372	0.791297025946	0.793058107617	0.780659805426	0.8068098931	0.790834523091	0.800355857083	0.810788161937	0.792042000223	0.801464685214	0.782586415771
AB8	0.681727397047	0.675252014411	0.690271711887	0.664616532745	0.679541576511	0.671591331897	0.660622427462	0.625495906432	0.666056376291	0.650489368052	0.678504261237	0.675208007305	0.695151489069	0.673758885938	0.697999993522	0.676585702681	0.679999367291	0.647854087452	0.552552961017	0.0	0.647854395183	0.63448170341	0.671099124935	0.678089634481	0.680345001043	0.650357664753	0.663464438613	0.645290164015	0.494812791004	0.386937988586	0.692973801146	0.622421542367	0.69581084777	0.685592295011	0.693906470007	0.672801346761	0.675836080861	0.66402078467	0.667143707687	0.688192709216	0.664595178231	0.667918033947	0.664562650812	0.666571919126	0.708798669983	0.681921458478	0.730510564226	0.704404394386	0.685920324648	0.701469980627	0.703673327458	0.713884612292	0.671740965765	0.685609312811	0.689133103912	0.70086493055	0.692510215517	0.714804762324	0.710420465553	0.700055630201	0.692574428285	0.68198005297
AC7	0.695277793363	0.706575801092	0.733483451532	0.694878124844	0.703177590713	0.697132018895	0.719688216647	0.700890751585	0.724221053921	0.715545602741	0.688843059424	0.714397787985	0.687280462191	0.706580608086	0.722461693628	0.718207441333	0.654557954513	0.623265255076	0.739160988014	0.647854395183	0.0	0.498276160896	0.685385534879	0.697301874433	0.68485622761	0.701907258949	0.693321477137	0.593941072483	0.63619262305	0.626859362262	0.661175853721	0.643729825992	0.723383148655	0.704400895429	0.720143040382	0.730726256109	0.709756682312	0.718975078324	0.709177019877	0.731620718709	0.713159663551	0.73399732487	0.724898719829	0.701374892477	0.704272811308	0.697826844409	0.751133545313	0.743468574302	0.707767878978	0.729349084928	0.760359857245	0.748633418803	0.699731241123	0.694823794426	0.690342861563	0.719827066266	0.742356239182	0.727666023367	0.753642551371	0.726711844684	0.698356834768	0.740937589086
AC8	0.689951774254	0.661890175463	0.753808674408	0.679250955681	0.704399732803	0.689768509316	0.685825256835	0.65788163335	0.705263742864	0.677817044541	0.712995937459	0.705646332384	0.710082123182	0.705584989795	0.714221592041	0.682342511642	0.685620085978	0.643821177739	0.759668071074	0.63448170341	0.498276160896	0.0	0.688937897517	0.683660504946	0.704612263	0.674607400013	0.51664499532	0.411980655654	0.636622084913	0.612842151154	0.698925886309	0.642252407573	0.714203517716	0.668217449937	0.714666228283	0.699919545117	0.703688419123	0.686230738125	0.673157297488	0.709050520938	0.681371342927	0.709716466399	0.701721611254	0.688368928847	0.691119321567	0.676621788436	0.723098529961	0.704305818627	0.685966647375	0.69539571823	0.700952779073	0.700782304733	0.674579068287	0.662729693596	0.672779218123	0.684757928094	0.695605568769	0.688944288027	0.714791504318	0.689400602536	0.675523384287	0.682332537355
AD7	0.686915450258	0.691653155519	0.746866030895	0.691682213792	0.712648088904	0.705274151628	0.715785736676	0.68329393982	0.657166212803	0.710268972576	0.671457688384	0.714030464831	0.689578517808	0.721267371342	0.682068847776	0.688618391939	0.678932401549	0.671671591468	0.779691700158	0.671099124935	0.685385534879	0.688937897517	0.0	0.481681040958	0.713326576845	0.516424383781	0.678682748291	0.673658361909	0.66937358874	0.666450996854	0.702756321243	0.684541248381	0.665232665599	0.709764799978	0.722520588639	0.717939574899	0.685749871861	0.680411899588	0.69822495068	0.719508940516	0.697494513744	0.694699980387	0.674802911377	0.689393862946	0.70433146335	0.703207197824	0.718380965488	0.708827725358	0.692217509382	0.724618536063	0.709863513258	0.726736172461	0.682557672136	0.679770875174	0.666859474496	0.691899132384	0.693486596947	0.714826733351	0.701276175942	0.708034132282	0.668699068105	0.702930812752
AD8	0.699408853492	0.690520578336	0.754541811763	0.695948633011	0.713005508898	0.706735546658	0.704433014552	0.673213974234	0.698372022357	0.700351328263	0.707367251549	0.716661196828	0.710782813899	0.735126580968	0.691313289992	0.696820293792	0.686280529097	0.673565601042	0.795696028618	0.678089634481	0.697301874433	0.683660504946	0.481681040958	0.0	0.596963116931	0.38573531797	0.650129410171	0.661565057085	0.665815182669	0.663907058102	0.70787410621	0.680715914595	0.69812930683	0.701438747634	0.730683348805	0.709100719821	0.698533996604	0.689847453379	0.709883158242	0.726762581111	0.703932116566	0.718583744446	0.689565820509	0.694128630415	0.694772260184	0.702191836371	0.730474940863	0.715439210004	0.706110841485	0.732074660737	0.707318148266	0.721665230957	0.683125630599	0.683118645665	0.672602168224	0.687485196047	0.711371047799	0.714865846583	0.719037284299	0.715139473333	0.693680867451	0.713679381069
AE7	0.724841816995	0.730883619694	0.723970094135	0.72337189792	0.70825965512	0.749413301499	0.728943392021	0.714880655518	0.748022546913	0.729780575733	0.759248938274	0.74773587262	0.729658963888	0.732044230515	0.73668447512	0.73658729534	0.698484381094	0.692907522227	0.747020402248	0.680345001043	0.68485622761	0.704612263	0.713326576845	0.596963116931	0.0	0.518434064718	0.708656519945	0.693574575223	0.683483344906	0.687733045413	0.732071168702	0.703055807499	0.744939797671	0.759094508789	0.739257215092	0.746422268285	0.736376279012	0.741837232623	0.753748655706	0.763507602216	0.749803184412	0.739499769442	0.70052308381	0.735395697538	0.752979466758	0.76610069662	0.769095690866	0.777367778818	0.728011556533	0.761057410197	0.769702303838	0.778821238647	0.742981877423	0.74751352972	0.732740977327	0.758762704941	0.767442647713	0.78771436035	0.782970121867	0.756641967342	0.755615228198	0.774162460646
AE8	0.704166498892	0.69084522418	0.752078735079	0.696084419347	0.708160663293	0.708932203898	0.698034730658	0.669608394754	0.669171571301	0.693417531357	0.717791191311	0.704459522237	0.708711876137	0.727233271537	0.696000819457	0.681909060962	0.679844337045	0.677354772821	0.777359859611	0.650357664753	0.701907258949	0.674607400013	0.516424383781	0.38573531797	0.518434064718	0.0	0.652807492586	0.655272998874	0.656181140982	0.657114564669	0.707076895502	0.690527428122	0.703059971022	0.696970069248	0.715006910806	0.713972723588	0.710184512067	0.693348156157	0.714604310795	0.729651313845	0.708289817609	0.708683636016	0.683830892322	0.694553285389	0.70867986918	0.70322927281	0.719164777347	0.717562108749	0.699158097301	0.724024618919	0.715340553054	0.728114378777	0.696302718495	0.683693613152	0.68810076864	0.682200628815	0.694968306638	0.712007352619	0.722027156011	0.712372514638	0.700559493576	0.721307872522
AF7	0.667519924776	0.653623828379	0.741215570606	0.663269206025	0.711413740679	0.702084100658	0.704928602956	0.675854370936	0.669672790192	0.696828016645	0.696496151533	0.701019813284	0.693365394417	0.695745116067	0.697759598818	0.666773433541	0.654847427812	0.665451377437	0.774276436095	0.663464438613	0.693321477137	0.51664499532	0.678682748291	0.650129410171	0.708656519945	0.652807492586	0.0	0.438988643956	0.646013802723	0.651709355712	0.724671261606	0.675468834545	0.690584058898	0.692823848383	0.685777605859	0.687901311445	0.692550500319	0.67991562415	0.670377805692	0.705832538402	0.694502953321	0.698701518075	0.687859154287	0.678635099059	0.718140942961	0.720012083986	0.715130045911	0.708366244119	0.687832473608	0.718726592572	0.689719615605	0.715002030015	0.675934294995	0.66537836153	0.676446348153	0.675616157773	0.667519262029	0.705638906373	0.701487279936	0.713183088474	0.669195050479	0.690678424893
AF8	0.679519043598	0.658624352678	0.745105725796	0.669000357996	0.694913183995	0.686797243054	0.68788340936	0.654235043655	0.706819405764	0.67985275332	0.71474418616	0.707367112936	0.692758911241	0.699993050842	0.701599695941	0.672139071859	0.665748970039	0.624782621971	0.775671314067	0.645290164015	0.593941072483	0.411980655654	0.673658361909	0.661565057085	0.693574575223	0.655272998874	0.438988643956	0.0	0.639408753127	0.628659903304	0.693991900478	0.641660056736	0.700419943374	0.686136055571	0.701209389758	0.702658968041	0.681398523354	0.665643934408	0.674357045454	0.707026351494	0.671951417615	0.700180922623	0.687945813434	0.681957102042	0.708080809654	0.690439277016	0.714837200676	0.697260103967	0.672905333596	0.68099363048	0.695180425633	0.702102282356	0.652769652006	0.639079927767	0.664494394205	0.660632468456	0.681074167233	0.691572954962	0.702921593568	0.679241620526	0.664902576037	0.687831294425
AG7	0.690321627645	0.691032395556	0.710048393369	0.677825119085	0.690818002121	0.70653031685	0.70933482943	0.658849547067	0.651744823592	0.688928008917	0.698192393536	0.710577859807	0.685675021944	0.688714631454	0.707929291123	0.686433536225	0.665353210658	0.662482749313	0.749250325682	0.494812791004	0.63619262305	0.636622084913	0.66937358874	0.665815182669	0.683483344906	0.656181140982	0.646013802723	0.639408753127	0.0	0.458714148631	0.681236959232	0.656992864533	0.683339428586	0.695062668815	0.687708981556	0.694948524138	0.668589689408	0.673481603902	0.688745272466	0.710882418388	0.695900786441	0.702064711981	0.6971204222	0.664898066428	0.710532561632	0.695945951488	0.726045652772	0.715108513323	0.684946237368	0.717529003595	0.699231799194	0.732099026501	0.667199141389	0.686280121885	0.68248015168	0.698034114459	0.683879165738	0.718362360606	0.705690403612	0.707424238524	0.677504796208	0.706928494843
AG8	0.681052144429	0.66729450473	0.704665319155	0.679226573232	0.674904352539	0.667890457087	0.670118291028	0.639025642905	0.664012771594	0.651576454355	0.678185970698	0.680684257362	0.691337989892	0.671932944413	0.694715904053	0.680334961331	0.661078059263	0.636448588407	0.623900767838	0.386937988586	0.626859362262	0.612842151154	0.666450996854	0.663907058102	0.687733045413	0.657114564669	0.651709355712	0.628659903304	0.458714148631	0.0	0.697648888645	0.608999238076	0.680701920245	0.671000060323	0.684081158599	0.667323592888	0.63660554045	0.640186510433	0.660321308297	0.684311489521	0.664686407273	0.67666288388	0.673100096975	0.658810843938	0.684986313256	0.668060227556	0.711141902173	0.687073088216	0.677622079783	0.692105430073	0.687805697575	0.70137678024	0.660204135617	0.667963457465	0.673254935118	0.690454799423	0.675099622794	0.704154961185	0.69400303676	0.689295784202	0.675770216408	0.668680243141
AH7	0.744953961161	0.748625631576	0.75979977496	0.73854735943	0.736686509816	0.745859264319	0.726719894941	0.736723012839	0.735345650899	0.719492169227	0.721851365172	0.766955468997	0.73107284073	0.76123603284	0.752468509083	0.745161529737	0.710349769724	0.544282269059	0.757129323323	0.692973801146	0.661175853721	0.698925886309	0.702756321243	0.70787410621	0.732071168702	0.707076895502	0.724671261606	0.693991900478	0.681236959232	0.697648888645	0.0	0.528696304218	0.70547372814	0.766719131995	0.768741123039	0.756734852674	0.749358052405	0.754245054638	0.753067262354	0.753010058712	0.74757456905	0.747248793141	0.7665240582	0.7447127296	0.765437250677	0.764617429345	0.775631983323	0.745744009624	0.751585899792	0.768362805214	0.78887398845	0.788297501873	0.74062812742	0.73779316291	0.740550638571	0.741049241888	0.774202334382	0.789904252494	0.783474760221	0.759198427773	0.759588255438	0.764335220689
AH8	0.696199255494	0.695266514636	0.755614676705	0.71097277048	0.690570413649	0.676275804554	0.69507939206	0.669132004743	0.687183513347	0.686427562477	0.688379743128	0.700391165345	0.696399746624	0.714642525809	0.713038747468	0.6905471935	0.552587447015	0.404865593714	0.750809622642	0.622421542367	0.643729825992	0.642252407573	0.684541248381	0.680715914595	0.703055807499	0.690527428122	0.675468834545	0.641660056736	0.656992864533	0.608999238076	0.528696304218	0.0	0.699810529418	0.718541662366	0.715827216334	0.703345383988	0.700275458543	0.703748633303	0.698787773958	0.707746957882	0.682325381755	0.697733742715	0.712901669984	0.699393877354	0.720235283063	0.718022828729	0.727677579583	0.706177303019	0.718395073614	0.726825037708	0.732834094746	0.737974189754	0.697685190649	0.686985584569	0.693142349896	0.70733256777	0.731870927802	0.73818538574	0.737931233428	0.726888220687	0.71317332335	0.708314117128
AA5	0.658208051938	0.664528499964	0.739122290928	0.708358929026	0.678896338485	0.67432581257	0.728955387233	0.697447006275	0.640212614448	0.718139213119	0.65056904487	0.688353928515	0.684578537494	0.691461834459	0.67311764354	0.684360973863	0.673101356068	0.686310711782	0.771494751023	0.69581084777	0.723383148655	0.714203517716	0.665232665599	0.69812930683	0.744939797671	0.703059971022	0.690584058898	0.700419943374	0.683339428586	0.680701920245	0.70547372814	0.699810529418	0.0	0.61265670002	0.703223839991	0.694144873822	0.648268407646	0.651397355733	0.687356121466	0.692770633599	0.693589642075	0.656659504109	0.658708023822	0.652793305809	0.727121431666	0.660941988138	0.693544119838	0.717630415519	0.699717290106	0.719108441676	0.69416966851	0.71954271828	0.679728555096	0.704533353685	0.686939675262	0.699851630653	0.682954094687	0.720104029291	0.681444719626	0.703018592261	0.653363269283	0.70218444619
AA6	0.697753955544	0.677485307458	0.783689735765	0.708486813144	0.689598358231	0.671973998782	0.679067773985	0.653190964858	0.701676595765	0.676958353906	0.689166496913	0.666013283237	0.699775600902	0.710600665478	0.721987986352	0.679282941524	0.720965598003	0.720632093176	0.79226880772	0.685592295011	0.704400895429	0.668217449937	0.709764799978	0.701438747634	0.759094508789	0.696970069248	0.692823848383	0.686136055571	0.695062668815	0.671000060323	0.766719131995	0.718541662366	0.61265670002	0.0	0.682016273889	0.665033865825	0.64872385922	0.63518908907	0.669378921033	0.680969047436	0.667920613142	0.690994523029	0.671004891948	0.653648069016	0.461293753985	0.408908321078	0.69413637873	0.677679665118	0.679407314617	0.683739674119	0.683585861889	0.675667235433	0.669933587938	0.680777562819	0.696035357344	0.68470418477	0.661664049728	0.666499390989	0.684035583237	0.668800555592	0.66503520007	0.683905372602
AB5	0.677041708857	0.669840668485	0.726866626057	0.681476160014	0.688576753004	0.675276193521	0.679095080057	0.672445737683	0.676788563112	0.676135347782	0.667447212881	0.651977840725	0.697813007452	0.658992092061	0.690823197551	0.641442039138	0.693746543063	0.721727397053	0.776612965245	0.693906470007	0.720143040382	0.714666228283	0.722520588639	0.730683348805	0.739257215092	0.715006910806	0.685777605859	0.701209389758	0.687708981556	0.684081158599	0.768741123039	0.715827216334	0.703223839991	0.682016273889	0.0	0.42884714242	0.657172001621	0.654394828242	0.644925348001	0.63676273748	0.637036610173	0.695273568173	0.675448911571	0.640553328977	0.707090473002	0.699210487537	0.677248767211	0.681350154248	0.664765223588	0.709969879042	0.684254279213	0.696401841462	0.653603241782	0.682054738883	0.701371539129	0.685057374196	0.691783991947	0.674775352777	0.714070899926	0.706954620404	0.661131578391	0.689091592522
AB6	0.678262928873	0.645605394697	0.738555120848	0.684688631184	0.671845201444	0.661860152694	0.669023965137	0.657159251409	0.696873270296	0.661261472896	0.668874757928	0.664384431337	0.684873476014	0.689041398935	0.671836129464	0.647947065026	0.71362570133	0.7052332544	0.79032811824	0.672801346761	0.730726256109	0.699919545117	0.717939574899	0.709100719821	0.746422268285	0.713972723588	0.687901311445	0.702658968041	0.694948524138	0.667323592888	0.756734852674	0.703345383988	0.694144873822	0.665033865825	0.42884714242	0.0	0.663777511728	0.650081060444	0.645756732006	0.635905535018	0.632866157558	0.701957387714	0.661034909131	0.532522593546	0.676997744794	0.667588597355	0.678380597139	0.671378866875	0.658885985803	0.69320670316	0.673567561367	0.687271039913	0.660613081286	0.668382565647	0.685976238015	0.681364641185	0.676814487948	0.677894271744	0.674804454654	0.683350223201	0.673382148162	0.673682728436
AC5	0.647597088166	0.656315248307	0.721799704921	0.675541927671	0.686041417557	0.664556024419	0.681848305334	0.654551678185	0.655842423096	0.682920936934	0.662366921472	0.677428953854	0.68560057938	0.667724826706	0.677406305596	0.670993554244	0.671205886373	0.681078529393	0.767205412683	0.675836080861	0.709756682312	0.703688419123	0.685749871861	0.698533996604	0.736376279012	0.710184512067	0.692550500319	0.681398523354	0.668589689408	0.63660554045	0.749358052405	0.700275458543	0.648268407646	0.64872385922	0.657172001621	0.663777511728	0.0	0.484716730091	0.640595114089	0.660173788324	0.661167635332	0.665126334943	0.632421570284	0.635067575173	0.670148638426	0.658117204248	0.658534962065	0.683371484277	0.629614921636	0.687727081583	0.654611088689	0.671775504634	0.632269863905	0.653200035713	0.64461982159	0.66543768473	0.647708359506	0.658150905781	0.663181593561	0.68592387741	0.651389986657	0.681140591539
AC6	0.663638414181	0.642377488979	0.728549357189	0.658503802811	0.671018163926	0.651071903584	0.675608226308	0.655697427787	0.686072571121	0.673365494119	0.656582930345	0.663123971021	0.664926838735	0.65824004518	0.684100715602	0.658845182907	0.685648463297	0.696109863888	0.759224248875	0.66402078467	0.718975078324	0.686230738125	0.680411899588	0.689847453379	0.741837232623	0.693348156157	0.67991562415	0.665643934408	0.673481603902	0.640186510433	0.754245054638	0.703748633303	0.651397355733	0.63518908907	0.654394828242	0.650081060444	0.484716730091	0.0	0.634966684806	0.645289825034	0.64089372279	0.571542909652	0.537424779914	0.628195753261	0.654393882433	0.641687412714	0.658902168581	0.668610217122	0.617836120263	0.65347042572	0.653728825628	0.661150334756	0.661077511338	0.648377552133	0.656108735617	0.674583790489	0.641968387452	0.660783782405	0.649323968462	0.64922390032	0.65927021754	0.664914085643
AD6	0.667686495225	0.63267529253	0.772697078857	0.68476605925	0.67001064513	0.649281227139	0.623168639439	0.621548708638	0.668409734133	0.611628325552	0.675732660663	0.673902291706	0.686039845664	0.68781813454	0.670371285452	0.636776274552	0.698779668438	0.689909631004	0.786084528064	0.667143707687	0.709177019877	0.673157297488	0.69822495068	0.709883158242	0.753748655706	0.714604310795	0.670377805692	0.674357045454	0.688745272466	0.660321308297	0.753067262354	0.698787773958	0.687356121466	0.669378921033	0.644925348001	0.645756732006	0.640595114089	0.634966684806	0.0	0.519702162352	0.418805794643	0.681775905807	0.66270994026	0.653621561138	0.684716000738	0.672053476232	0.676785932535	0.670797384709	0.647125800732	0.650105540316	0.676819476454	0.67021139065	0.656015706962	0.645188441115	0.651306765181	0.658559608467	0.65197518662	0.681863141323	0.659888240421	0.644095920383	0.65197798726	0.658877483384
AE5	0.686270826924	0.660273869523	0.764500336589	0.690329705073	0.652191180419	0.635118987999	0.641773114222	0.645182840949	0.676137918211	0.641673257157	0.674059976771	0.653846500477	0.693866644081	0.680147872514	0.689336206651	0.659099078083	0.737375729021	0.700051152682	0.786675551018	0.688192709216	0.731620718709	0.709050520938	0.719508940516	0.726762581111	0.763507602216	0.729651313845	0.705832538402	0.707026351494	0.710882418388	0.684311489521	0.753010058712	0.707746957882	0.692770633599	0.680969047436	0.63676273748	0.635905535018	0.660173788324	0.645289825034	0.519702162352	0.0	0.421561396046	0.683257357102	0.672037494066	0.658046039809	0.697209151205	0.671209740182	0.67147799526	0.660064092312	0.666433937896	0.646408475135	0.680988487807	0.67368913574	0.646294683037	0.646914421008	0.65583772857	0.652404093695	0.65850412016	0.694234222769	0.671065629784	0.643367211621	0.654622893301	0.658048167833
AE6	0.677197978733	0.64935412242	0.76732368114	0.684407948307	0.6593583463	0.642996218495	0.620660195492	0.626704102548	0.671114857453	0.614703775647	0.688692201292	0.661224952414	0.690832886603	0.680454376266	0.683559341856	0.641684056628	0.720225545733	0.679829846446	0.787054760381	0.664595178231	0.713159663551	0.681371342927	0.697494513744	0.703932116566	0.749803184412	0.708289817609	0.694502953321	0.671951417615	0.695900786441	0.664686407273	0.74757456905	0.682325381755	0.693589642075	0.667920613142	0.637036610173	0.632866157558	0.661167635332	0.64089372279	0.418805794643	0.421561396046	0.0	0.674849931423	0.644159384329	0.650353386871	0.678323267782	0.662524733555	0.669004743062	0.660649274497	0.645304940749	0.642755479506	0.682286223042	0.671012603882	0.628656052984	0.645986244101	0.65290344627	0.641572738977	0.655360274372	0.669554337011	0.662997392163	0.641892002641	0.656459464264	0.654843289949
AF5	0.664267366254	0.679809917043	0.740131087917	0.670076583447	0.660478799597	0.674763198842	0.691392192572	0.675026093207	0.657716426632	0.694839049021	0.678507030822	0.67550350038	0.678230725966	0.665795974927	0.696553528972	0.68621194255	0.700799798545	0.701760640347	0.741723465675	0.667918033947	0.73399732487	0.709716466399	0.694699980387	0.718583744446	0.739499769442	0.708683636016	0.698701518075	0.700180922623	0.702064711981	0.67666288388	0.747248793141	0.697733742715	0.656659504109	0.690994523029	0.695273568173	0.701957387714	0.665126334943	0.571542909652	0.681775905807	0.683257357102	0.674849931423	0.0	0.493139904128	0.673503693857	0.726222315442	0.705393617357	0.710274242625	0.708027887412	0.6769716516	0.689500830311	0.702692389633	0.718709303139	0.683264986595	0.70219555146	0.700667099904	0.717460411275	0.666308146048	0.710297444633	0.675832240317	0.677328407105	0.667314980245	0.701302415019
AF6	0.655101038437	0.653673820627	0.715971417401	0.653989535668	0.659324337494	0.667861957447	0.684159714921	0.667557436797	0.662162900788	0.681882424217	0.673595982038	0.668283998459	0.678340062529	0.657399516096	0.675496934881	0.658708758469	0.70056581007	0.709972753029	0.741599577431	0.664562650812	0.724898719829	0.701721611254	0.674802911377	0.689565820509	0.70052308381	0.683830892322	0.687859154287	0.687945813434	0.6971204222	0.673100096975	0.7665240582	0.712901669984	0.658708023822	0.671004891948	0.675448911571	0.661034909131	0.632421570284	0.537424779914	0.66270994026	0.672037494066	0.644159384329	0.493139904128	0.0	0.623509168296	0.706133285695	0.690864720433	0.698384411705	0.688038417753	0.647013845278	0.682663530395	0.6920422517	0.693492320474	0.67607230162	0.686223122687	0.686471040642	0.704151351322	0.654447802243	0.694835944236	0.661418678754	0.662039969176	0.670768156521	0.691851795938
