	AA3	AA4	AB3	AB4	AC3	AC4	AD3	AD4	AE3	AE4	AF3	AF4	AG3	AG4	AH3	AH4	AA7	AA8	AB7	AB8	AC7	AC8	AD7	AD8	AE7	AE8	AF7	AF8	AG7	AG8	AH7	AH8	AA5	AA6	AB5	AB6	AC5	AC6	AD6	AE5	AE6	AF5	AF6	AG5	AH5	AH6	AA1	AA2	AB1	AB2	AC1	AC2	AD1	AD2	AE1	AE2	AF1	AF2	AG1	AG2	AH1	AH2
AA3	0.0	0.521721384692	0.682233468343	0.657266011365	0.68668385326	0.674079129745	0.680147603205	0.702733841775	0.667912077436	0.699263162009	0.668388977339	0.670238402816	0.664458491203	0.63316376941	0.686152882543	0.491293922185	0.688163926614	0.697559559252	0.763977278533	0.697920437996	0.700356731112	0.693853611798	0.68867956405	0.687341444272	0.737254032121	0.706916040158	0.685276172192	0.687515515109	0.696059435559	0.687179798354	0.742392451795	0.703563840061	0.6591373925	0.686400653036	0.683129358209	0.689001245907	0.648531365515	0.667105861078	0.688255065706	0.697447673534	0.679650152958	0.663181835852	0.664466322145	0.672881944157	0.704862430052	0.686461121958	0.665919782042	0.693221089521	0.660606770918	0.691360652355	0.65887715133	0.672881551068	0.64451025208	0.663753786836	0.668302516773	0.677280488782	0.675214002106	0.673322479068	0.657707321857	0.700412115553	0.636637834427	0.690502571766
AA4	0.521721384692	0.0	0.720522220565	0.633970021582	0.651197252575	0.632401417883	0.656620175418	0.669172078017	0.673775544577	0.66003691506	0.668133125219	0.626018504094	0.674224139506	0.643713202452	0.497595936534	0.384600824061	0.701657723792	0.682997140584	0.772743294133	0.698642474683	0.714408620369	0.679392565869	0.70052173061	0.685893731526	0.733803805396	0.685932084809	0.663418308369	0.676850662087	0.696077171073	0.668376795556	0.753059731198	0.683900793033	0.660925921812	0.664359760759	0.666101805886	0.653771063644	0.654586169453	0.634283061509	0.659536877844	0.666841397736	0.64948751874	0.661715374639	0.652607548572	0.642764533509	0.682527982971	0.673184912547	0.671086177054	0.655093024248	0.660618735745	0.664593701626	0.6593808395	0.643385944937	0.638313509162	0.650281210185	0.652853624336	0.665762969336	0.639348097715	0.643490832879	0.661608948215	0.641042278617	0.652142704425	0.652822768808
AB3	0.682233468343	0.720522220565	0.0	0.664394341382	0.711336288548	0.754662609653	0.734992728194	0.758931697498	0.702427960407	0.76268485428	0.706713505061	0.738386085331	0.707513400926	0.563526998847	0.715011315596	0.720362931496	0.740996991925	0.760759839206	0.732800068161	0.693603566458	0.723899758483	0.749211594488	0.724587705325	0.737109205677	0.717387690627	0.73485178389	0.724020000219	0.747811574244	0.711818194476	0.726370549831	0.766215522754	0.765595516852	0.715813776466	0.780823837911	0.717175619748	0.74261920834	0.72198628866	0.748336035766	0.770774731884	0.755132249099	0.770653920563	0.708647490159	0.722282127568	0.730889646018	0.805230575448	0.796079137469	0.760422322118	0.780489517897	0.727869931505	0.778114460916	0.75168201056	0.768230212234	0.750001554853	0.767705033853	0.752912728872	0.773124093061	0.753398581406	0.752656772892	0.760417399942	0.774681399346	0.718200996796	0.767641402649
AB4	0.657266011365	0.633970021582	0.664394341382	0.0	0.679754557486	0.69171640476	0.692538588983	0.686507680627	0.677003973898	0.696034058571	0.671311969683	0.689298729398	0.428100263353	0.426464812243	0.659768811285	0.629150159759	0.703120146239	0.710200464034	0.762284011728	0.685570725487	0.692973207948	0.682940769248	0.68441906314	0.68625464315	0.72101554741	0.68684301057	0.66897739734	0.66620547591	0.676187188725	0.687436328466	0.738787062401	0.705283117722	0.69346713932	0.694247665237	0.68571576055	0.671939245979	0.670902679936	0.662401917248	0.674484806405	0.699436467814	0.690663864319	0.652395372514	0.664767849562	0.662078324772	0.710467312211	0.708382074194	0.688760346802	0.683153797894	0.650109632661	0.688404009577	0.692486016346	0.688567625477	0.672707712493	0.690738409814	0.702280467336	0.682237528042	0.673520197054	0.694329143939	0.692260243	0.674377559954	0.675275373831	0.673531018502
AC3	0.68668385326	0.651197252575	0.711336288548	0.679754557486	0.0	0.511537528043	0.664617596397	0.668133083439	0.680333205001	0.672287419532	0.692614973522	0.447984776038	0.701483824599	0.680887957483	0.674678332963	0.66946243265	0.687221740598	0.686753162168	0.747816316486	0.67539494064	0.70239772146	0.689060144403	0.72149525975	0.711423476262	0.712332832876	0.699700131454	0.7053312411	0.694837868595	0.709439511923	0.679060388577	0.745157570846	0.679311717135	0.68763322683	0.695404773746	0.679221387884	0.668162565756	0.681894031754	0.656688417945	0.698248815653	0.668720339867	0.668383481626	0.642385375401	0.662722301351	0.6754499252	0.719800741213	0.712425523668	0.717997563799	0.697129736373	0.681585444275	0.673609487327	0.696341735634	0.691786164167	0.684464344021	0.676178332519	0.685264196334	0.690165759152	0.690293662346	0.67634922681	0.695255431218	0.668413232173	0.675244161493	0.682831621835
AC4	0.674079129745	0.632401417883	0.754662609653	0.69171640476	0.511537528043	0.0	0.643864713388	0.641531403349	0.683463981863	0.656832082909	0.519334682634	0.373468641012	0.696271973009	0.703441468781	0.668829216396	0.646640599528	0.691008879567	0.671329044249	0.772262043383	0.67223939126	0.7000853229	0.673483159887	0.700904569232	0.677966999863	0.73889147918	0.683622683496	0.692393574366	0.682991947955	0.698387750975	0.666356684504	0.733717728146	0.686164892042	0.673411741919	0.650345227003	0.669212892126	0.644488434521	0.666896375117	0.648464832509	0.656963817453	0.65473132497	0.633946692598	0.667363973851	0.640080732465	0.645782852746	0.665760228407	0.639963424762	0.714822426889	0.678856584523	0.677675431407	0.647665759488	0.697111917108	0.678499517548	0.667118959416	0.666949896241	0.684310541898	0.675076679064	0.673644022318	0.6809976521	0.676270094414	0.667987587045	0.663048085807	0.650914103979
AD3	0.680147603205	0.656620175418	0.734992728194	0.692538588983	0.664617596397	0.643864713388	0.0	0.431471286819	0.664347206966	0.385004701945	0.688880796125	0.649212521313	0.701616654546	0.670221801301	0.688724526124	0.664089184661	0.709194358175	0.690602705653	0.769705474478	0.66085169192	0.700822747062	0.681245824573	0.702291104023	0.681346710146	0.717813991116	0.688981865905	0.702287011513	0.675936966456	0.698797604868	0.650950303745	0.742945965407	0.689866756273	0.695294969655	0.657974998951	0.66751593393	0.665663333397	0.67329730439	0.650801693043	0.637929423359	0.656103876664	0.619587549602	0.666287685471	0.651284595133	0.660498727921	0.683637717553	0.674928742024	0.686259736489	0.671559519403	0.65609129076	0.652381755785	0.696541751252	0.666937320829	0.661440222897	0.658345146162	0.677258094401	0.659868384084	0.681279563278	0.679034398083	0.68093054524	0.665107303384	0.679765857385	0.651555630265
AD4	0.702733841775	0.669172078017	0.758931697498	0.686507680627	0.668133083439	0.641531403349	0.431471286819	0.0	0.623476236655	0.359514002078	0.691562518589	0.649308365638	0.708085027338	0.681970399515	0.686448110132	0.672341883081	0.690613034102	0.668199219191	0.780456869754	0.654147662296	0.715460516936	0.67216425109	0.709861829318	0.680652195566	0.729069927871	0.676420410953	0.685005783311	0.665177781363	0.680489536494	0.655965356888	0.703679712202	0.669951582162	0.707511055092	0.671101698036	0.688931571648	0.672505238629	0.677866749267	0.671069161079	0.629116380333	0.669297689277	0.626820763474	0.689639997888	0.666233024014	0.667448562803	0.689675897898	0.675877616356	0.70348737466	0.656544424432	0.69016181162	0.668176728213	0.706366280589	0.682648000824	0.67899839273	0.676792016724	0.671455946672	0.669904509156	0.698186988712	0.692181333089	0.705042920522	0.687050152905	0.687020749877	0.653631534542
AE3	0.667912077436	0.673775544577	0.702427960407	0.677003973898	0.680333205001	0.683463981863	0.664347206966	0.623476236655	0.0	0.644002712104	0.677219467488	0.687347982663	0.689937714704	0.684599924685	0.671051772505	0.677512558737	0.658792913321	0.691592430694	0.786030447098	0.703231580152	0.723934705521	0.723272363002	0.662797561747	0.674453249491	0.739718975889	0.677309421797	0.661815752267	0.703144265366	0.651847264502	0.653872887876	0.73405775424	0.690926478376	0.620948888654	0.703874396299	0.681628071241	0.705708020486	0.662810910225	0.677862596325	0.684997619481	0.707052404241	0.691368167629	0.666323504908	0.684251297369	0.669951114782	0.73681244423	0.727682087076	0.691902018212	0.716102233763	0.708183182977	0.715741488908	0.700221473395	0.722585983349	0.670683645026	0.700248257399	0.672373147829	0.699865675095	0.691797394096	0.715689668963	0.700185075371	0.707026260989	0.661840356595	0.709205709532
AE4	0.699263162009	0.66003691506	0.76268485428	0.696034058571	0.672287419532	0.656832082909	0.385004701945	0.359514002078	0.644002712104	0.0	0.700557408246	0.651148615957	0.716981642525	0.684151342841	0.697877182643	0.663083218638	0.711051838174	0.682153508162	0.778118463715	0.659069774948	0.71735653695	0.678344168917	0.709099441511	0.683794817595	0.730378901106	0.691506711793	0.681832342965	0.672991030126	0.683026963751	0.644183993492	0.723765060145	0.665093004928	0.688703563289	0.652060809114	0.672418287629	0.6703552927	0.689111534237	0.654051127789	0.631646298754	0.661305963219	0.631022228748	0.686405091648	0.682501405887	0.674000408563	0.696812812411	0.69072043047	0.70211183379	0.663500085665	0.693893116025	0.678656451792	0.703507079418	0.679581265042	0.67376671301	0.673770694614	0.684132280419	0.68484163204	0.677214621123	0.689952905381	0.694820004973	0.662943160153	0.688297358101	0.651851947851
AF3	0.668388977339	0.668133125219	0.706713505061	0.671311969683	0.692614973522	0.519334682634	0.688880796125	0.691562518589	0.677219467488	0.700557408246	0.0	0.558510260425	0.664879996769	0.678578496823	0.671684102133	0.67327166692	0.683094925814	0.695843251075	0.757689569503	0.687867704025	0.678541879593	0.711027318051	0.684137225368	0.701741308108	0.762147852235	0.714955276381	0.691018091916	0.705722698569	0.71275097976	0.689576139596	0.71905752442	0.69320486437	0.64199822506	0.680415070877	0.675688945925	0.672474447693	0.661386819143	0.662455766351	0.692630620565	0.687712041293	0.684756160967	0.665903852362	0.663082321618	0.662206950889	0.699280658786	0.691722331307	0.719906180636	0.708624120596	0.693171605626	0.713061919975	0.716585531406	0.699312462224	0.699568104048	0.708196087284	0.710019662809	0.712431575476	0.682169756483	0.721276297542	0.689166667941	0.714044636595	0.653316722373	0.69901287954
AF4	0.670238402816	0.626018504094	0.738386085331	0.689298729398	0.447984776038	0.373468641012	0.649212521313	0.649308365638	0.687347982663	0.651148615957	0.558510260425	0.0	0.690312598816	0.695439870064	0.673572579455	0.637993378423	0.686824072412	0.681028782461	0.757262278602	0.660996038022	0.707129569057	0.681573482221	0.704845643899	0.684430917896	0.721831534035	0.683282107926	0.688455355197	0.682104496484	0.708305060383	0.676287505034	0.732854905129	0.678722432364	0.674396655031	0.649954382327	0.670870792157	0.638332236447	0.666366698267	0.64105649399	0.669596575345	0.64521949993	0.641915472352	0.651695255177	0.649698952831	0.658988583111	0.680890948398	0.661827153064	0.708590950138	0.677836232923	0.686209912443	0.664670522247	0.67495734643	0.675890325739	0.679114891929	0.671102677237	0.692718549543	0.685556405375	0.689012467897	0.675515189454	0.689226784499	0.670956381129	0.653869012869	0.649786231981
AG3	0.664458491203	0.674224139506	0.707513400926	0.428100263353	0.701483824599	0.696271973009	0.701616654546	0.708085027338	0.689937714704	0.716981642525	0.664879996769	0.690312598816	0.0	0.508783869459	0.681103233901	0.66220701442	0.686291116756	0.703796519419	0.765686318825	0.704437102978	0.689413868899	0.711455606629	0.685363846774	0.68991478099	0.727262295905	0.703853210612	0.67624410591	0.702813972788	0.695345552171	0.704080060682	0.73156052573	0.70613382862	0.689011069669	0.709269732843	0.700775138919	0.684514234543	0.69226693386	0.682529904507	0.695377282755	0.69326839103	0.708108630706	0.657372016706	0.676952973441	0.673338059907	0.716912127216	0.713280923263	0.685587513934	0.701219712244	0.650990988755	0.694127433447	0.701994355422	0.708876816529	0.685961086467	0.696050194148	0.689947757753	0.680490028507	0.700672096683	0.715123530642	0.683329675007	0.684686403045	0.687974674335	0.693168056351
AG4	0.63316376941	0.643713202452	0.563526998847	0.426464812243	0.680887957483	0.703441468781	0.670221801301	0.681970399515	0.684599924685	0.684151342841	0.678578496823	0.695439870064	0.508783869459	0.0	0.676047615771	0.630881265767	0.698081750958	0.698268789481	0.738495772252	0.663098164908	0.696228777735	0.681634929491	0.695663693047	0.695812710711	0.71510945302	0.699122860784	0.676499131494	0.679418950073	0.676334640318	0.682754085728	0.74117633644	0.689783398499	0.694669335177	0.712927968021	0.670282388541	0.685796263767	0.679644837447	0.680293929436	0.677329488076	0.696452264111	0.689740042423	0.652710154914	0.664090165009	0.696258923274	0.726240884641	0.719639921647	0.700428458724	0.696933165447	0.657505545405	0.69657118297	0.693257047742	0.695922932663	0.669552715548	0.697972538994	0.706225576843	0.686355602789	0.681562301005	0.686797559539	0.701364448686	0.687897651242	0.660260014319	0.676437827098
AH3	0.686152882543	0.497595936534	0.715011315596	0.659768811285	0.674678332963	0.668829216396	0.688724526124	0.686448110132	0.671051772505	0.697877182643	0.671684102133	0.673572579455	0.681103233901	0.676047615771	0.0	0.567906367578	0.664498616996	0.69943032482	0.769585286478	0.708489775947	0.714786085456	0.706550142688	0.684032861934	0.68986572645	0.721334485508	0.676179125635	0.675311044533	0.703452690233	0.706312311658	0.692858051301	0.746784889261	0.709773181579	0.662132641296	0.720940455635	0.691415015849	0.677529306735	0.681535021796	0.681739683309	0.683117102991	0.69499538623	0.693189599348	0.669428831779	0.671086972833	0.658032033635	0.712457825099	0.704914304744	0.708872789056	0.685283706452	0.696860098349	0.703948862131	0.693567446845	0.714536016918	0.701802102953	0.701241639734	0.669920661204	0.708005132599	0.704782606087	0.699853148911	0.709353012307	0.692998579058	0.68666111904	0.689041217417
AH4	0.491293922185	0.384600824061	0.720362931496	0.629150159759	0.66946243265	0.646640599528	0.664089184661	0.672341883081	0.677512558737	0.663083218638	0.67327166692	0.637993378423	0.66220701442	0.630881265767	0.567906367578	0.0	0.698309516575	0.683164612315	0.778464305507	0.69077184504	0.713029657276	0.673348184446	0.681603070921	0.673485010881	0.734470112389	0.68192775701	0.662530752484	0.665772763052	0.685794628626	0.678305458325	0.742220228877	0.679703070538	0.662253509547	0.669015147166	0.659754538852	0.655738115545	0.66447300333	0.636219845164	0.66917417477	0.682275904927	0.657801250589	0.660185737878	0.66372173862	0.657628143721	0.687454593649	0.691884950401	0.666724346014	0.658929926265	0.660804277267	0.668392686351	0.652522773028	0.648168763031	0.637484403144	0.660878685974	0.669422699877	0.668174228927	0.65083440389	0.664538981959	0.660165826817	0.65636216936	0.652847594589	0.643969634757
AA7	0.688163926614	0.701657723792	0.740996991925	0.703120146239	0.687221740598	0.691008879567	0.709194358175	0.690613034102	0.658792913321	0.711051838174	0.683094925814	0.686824072412	0.686291116756	0.698081750958	0.664498616996	0.698309516575	0.0	0.517906369722	0.776780829259	0.693799432131	0.667422470981	0.676052518478	0.661594254841	0.662988587641	0.704481312032	0.680784042819	0.65620229874	0.670941497475	0.675187000592	0.675015938911	0.70362311947	0.561940244123	0.652690769192	0.728713585144	0.713199885071	0.712331839235	0.661229676013	0.685037705847	0.706936808283	0.754147182665	0.715590809923	0.684152516379	0.694388925758	0.699721323936	0.71803501121	0.7155462245	0.737485415737	0.719269192036	0.727854979502	0.743968628767	0.695218288432	0.731875503634	0.700471170994	0.70591855298	0.683499434039	0.712540821541	0.727076739444	0.722709150996	0.739631503682	0.744771255689	0.69125569667	0.715030692781
AA8	0.697559559252	0.682997140584	0.760759839206	0.710200464034	0.686753162168	0.671329044249	0.690602705653	0.668199219191	0.691592430694	0.682153508162	0.695843251075	0.681028782461	0.703796519419	0.698268789481	0.69943032482	0.683164612315	0.517906369722	0.0	0.769832368015	0.640759833394	0.646459306648	0.649082197299	0.678867194705	0.666530831094	0.705073129657	0.674791707612	0.655408299876	0.64059288445	0.635463783962	0.640191126336	0.53658770283	0.386622524012	0.676297962406	0.707766261231	0.709436092998	0.715361293241	0.688375868748	0.677652543454	0.7090874378	0.727570444981	0.700807017283	0.698021286823	0.699347120466	0.69823932629	0.714539340142	0.711150267695	0.721796407913	0.699103390707	0.714259012868	0.713579776041	0.719900936401	0.722753837604	0.683124656565	0.680169898383	0.681209349536	0.695282627371	0.72986675228	0.7306841625	0.748442838453	0.718649539814	0.704483960219	0.695883915055
AB7	0.763977278533	0.772743294133	0.732800068161	0.762284011728	0.747816316486	0.772262043383	0.769705474478	0.780456869754	0.786030447098	0.778118463715	0.757689569503	0.757262278602	0.765686318825	0.738495772252	0.769585286478	0.778464305507	0.776780829259	0.769832368015	0.0	0.572324443457	0.74896846225	0.755200069505	0.789167971962	0.79077390967	0.74880865628	0.787045861005	0.776850497109	0.772837024213	0.759548789924	0.648704357481	0.763828115426	0.752170895959	0.781571113911	0.794418413239	0.768484813508	0.789992500132	0.766793918469	0.771411432936	0.803821924346	0.797246225355	0.792698085057	0.725072119508	0.745118058007	0.777170320603	0.800847219127	0.802191649003	0.829523140989	0.807526428307	0.781656367188	0.798759209663	0.818447276565	0.80021430227	0.796921156591	0.803728476962	0.781353448813	0.792245689877	0.793626358092	0.809262289854	0.80665206184	0.798646019834	0.781020848434	0.790816995279
AB8	0.697920437996	0.698642474683	0.693603566458	0.685570725487	0.67539494064	0.67223939126	0.66085169192	0.654147662296	0.703231580152	0.659069774948	0.687867704025	0.660996038022	0.704437102978	0.663098164908	0.708489775947	0.69077184504	0.693799432131	0.640759833394	0.572324443457	0.0	0.647669705641	0.623051893547	0.689427434951	0.669246592441	0.686781199285	0.679360821018	0.668769911343	0.637153616567	0.495887044398	0.401765309926	0.670543473833	0.612010743905	0.703330200911	0.683138957726	0.695012039972	0.680360220049	0.672347124397	0.665606266847	0.684540752855	0.698095020343	0.665188386515	0.661268750855	0.680470509393	0.666778595364	0.701807734669	0.683521985564	0.735659005393	0.692983828106	0.688166350722	0.695484868642	0.704798108108	0.704997753223	0.663943655175	0.681646848698	0.691410976034	0.683067057536	0.69835029971	0.715787143528	0.705045635294	0.698534519877	0.673219519136	0.674876741587
AC7	0.700356731112	0.714408620369	0.723899758483	0.692973207948	0.70239772146	0.7000853229	0.700822747062	0.715460516936	0.723934705521	0.71735653695	0.678541879593	0.707129569057	0.689413868899	0.696228777735	0.714786085456	0.713029657276	0.667422470981	0.646459306648	0.74896846225	0.647669705641	0.0	0.51641863464	0.684783760261	0.675858104149	0.694354637262	0.683254468043	0.694241316271	0.584315947767	0.649633901296	0.648736196377	0.662059175178	0.651717689887	0.701969152	0.691510707953	0.733543438966	0.72758865795	0.707307397537	0.700670962842	0.714919761023	0.733797612722	0.721973723935	0.702064344857	0.722907911002	0.706673785306	0.699924733992	0.695195239639	0.745028055989	0.74038293276	0.704873247559	0.736914120572	0.733042375945	0.74550046359	0.714080402925	0.673107613745	0.693219801319	0.688014833395	0.751097269057	0.742634213218	0.747985533984	0.732139555025	0.694819574256	0.729985506509
AC8	0.693853611798	0.679392565869	0.749211594488	0.682940769248	0.689060144403	0.673483159887	0.681245824573	0.67216425109	0.723272363002	0.678344168917	0.711027318051	0.681573482221	0.711455606629	0.681634929491	0.706550142688	0.673348184446	0.676052518478	0.649082197299	0.755200069505	0.623051893547	0.51641863464	0.0	0.689947363776	0.649306710923	0.702287277417	0.654663852918	0.506880301556	0.384953440727	0.648469149489	0.624682659128	0.70924778233	0.63123630863	0.70285548879	0.665542453394	0.713048679574	0.700004323213	0.695027342072	0.674941225455	0.691390525544	0.718721577308	0.687533625757	0.680251303113	0.702390058354	0.690083129151	0.680735069722	0.665402512275	0.721211968119	0.692421133145	0.681098035789	0.694657912091	0.701898808917	0.695618562053	0.674825174081	0.645538079709	0.669752527608	0.660559181767	0.693849775321	0.696853266965	0.717509135656	0.699781302878	0.680530311415	0.673278048774
AD7	0.68867956405	0.70052173061	0.724587705325	0.68441906314	0.72149525975	0.700904569232	0.702291104023	0.709861829318	0.662797561747	0.709099441511	0.684137225368	0.704845643899	0.685363846774	0.695663693047	0.684032861934	0.681603070921	0.661594254841	0.678867194705	0.789167971962	0.689427434951	0.684783760261	0.689947363776	0.0	0.473281115986	0.708145692149	0.51376528769	0.670987371933	0.679842658573	0.689530462378	0.682405889918	0.695948216852	0.679248317897	0.655799335117	0.695310015049	0.727793886873	0.719276617182	0.706099845553	0.704953657332	0.693357770334	0.724528866671	0.696571165594	0.685259627599	0.694422796504	0.692172984469	0.683584690282	0.703139244086	0.714070968889	0.707906870471	0.682256314498	0.718465121765	0.698089741762	0.721202703521	0.689922863023	0.681516635173	0.661776806763	0.697379944949	0.700991577077	0.713422680517	0.70978387536	0.716657967071	0.668284486002	0.692114686477
AD8	0.687341444272	0.685893731526	0.737109205677	0.68625464315	0.711423476262	0.677966999863	0.681346710146	0.680652195566	0.674453249491	0.683794817595	0.701741308108	0.684430917896	0.68991478099	0.695812710711	0.68986572645	0.673485010881	0.662988587641	0.666530831094	0.79077390967	0.669246592441	0.675858104149	0.649306710923	0.473281115986	0.0	0.600983201114	0.390694877356	0.625714213517	0.634747653115	0.655380247462	0.646987993082	0.699608531614	0.661904047709	0.67079666741	0.682853407946	0.721291201932	0.701940663043	0.69364311029	0.696362562606	0.686883745193	0.720872678903	0.683750114175	0.687185667078	0.685539969119	0.674415439742	0.681577850835	0.679645488613	0.700345626423	0.690473943788	0.675124748693	0.70395181923	0.687449535067	0.707824700308	0.674027416588	0.656602314763	0.660187952031	0.673209432685	0.688647402538	0.706530593784	0.707554710892	0.702762281	0.66868397293	0.676505070877
AE7	0.737254032121	0.733803805396	0.717387690627	0.72101554741	0.712332832876	0.73889147918	0.717813991116	0.729069927871	0.739718975889	0.730378901106	0.762147852235	0.721831534035	0.727262295905	0.71510945302	0.721334485508	0.734470112389	0.704481312032	0.705073129657	0.74880865628	0.686781199285	0.694354637262	0.702287277417	0.708145692149	0.600983201114	0.0	0.516274975906	0.705108857786	0.695799035436	0.690718117326	0.693696205141	0.732697606921	0.691129317779	0.733054921119	0.757121746965	0.732641008645	0.747259238534	0.727260282806	0.754504806025	0.75834836392	0.770873447569	0.75745246849	0.723872318047	0.705899127798	0.733288608263	0.758775472997	0.753799019064	0.759583691195	0.770258398855	0.723764608003	0.766301554913	0.751672193439	0.781490538925	0.745440612291	0.733476794863	0.736039880629	0.746700098122	0.774035473934	0.781171675311	0.78124318955	0.759439762836	0.743415690593	0.767336507659
AE8	0.706916040158	0.685932084809	0.73485178389	0.68684301057	0.699700131454	0.683622683496	0.688981865905	0.676420410953	0.677309421797	0.691506711793	0.714955276381	0.683282107926	0.703853210612	0.699122860784	0.676179125635	0.68192775701	0.680784042819	0.674791707612	0.787045861005	0.679360821018	0.683254468043	0.654663852918	0.51376528769	0.390694877356	0.516274975906	0.0	0.652872370307	0.650247695381	0.655147085605	0.663870406954	0.711429394251	0.671851855215	0.692499861647	0.700501417913	0.731104696409	0.714808660504	0.699728111038	0.707120238497	0.70090686751	0.725893328944	0.704567462988	0.688693902705	0.691758004417	0.68374576842	0.703521195575	0.691193730859	0.70795531691	0.685370674689	0.685350016466	0.713194944383	0.695502587123	0.711324716405	0.69135090482	0.669143338424	0.670466282096	0.67836707737	0.707322876697	0.710417154306	0.72047392375	0.71413893383	0.694574977355	0.689302499421
AF7	0.685276172192	0.663418308369	0.724020000219	0.66897739734	0.7053312411	0.692393574366	0.702287011513	0.685005783311	0.661815752267	0.681832342965	0.691018091916	0.688455355197	0.67624410591	0.676499131494	0.675311044533	0.662530752484	0.65620229874	0.655408299876	0.776850497109	0.668769911343	0.694241316271	0.506880301556	0.670987371933	0.625714213517	0.705108857786	0.652872370307	0.0	0.468211411469	0.637582080841	0.646753191526	0.716402626508	0.645808662408	0.660418622161	0.696011679812	0.691427980586	0.691129524635	0.683771684814	0.665595378958	0.677874047564	0.727030081177	0.701674383966	0.661646062834	0.66063781238	0.664937772818	0.711042118745	0.710344816434	0.705097874891	0.704632361029	0.693424175771	0.716797038273	0.680257284454	0.702367119934	0.670700887387	0.687166599384	0.675244448193	0.699977158273	0.667401048875	0.703916859926	0.69951635353	0.695344931387	0.671764174665	0.684670370781
AF8	0.687515515109	0.676850662087	0.747811574244	0.66620547591	0.694837868595	0.682991947955	0.675936966456	0.665177781363	0.703144265366	0.672991030126	0.705722698569	0.682104496484	0.702813972788	0.679418950073	0.703452690233	0.665772763052	0.670941497475	0.64059288445	0.772837024213	0.637153616567	0.584315947767	0.384953440727	0.679842658573	0.634747653115	0.695799035436	0.650247695381	0.468211411469	0.0	0.654138018641	0.632474535691	0.678761052979	0.627868587208	0.703243460812	0.680272496782	0.711992352724	0.703984430411	0.697426392465	0.671530812993	0.688251222278	0.726961324425	0.693828344229	0.674089708714	0.699517390191	0.686803516192	0.690673817197	0.683834590759	0.710666036746	0.687906138211	0.674034163674	0.694753236868	0.684260372333	0.68350888277	0.660645629639	0.649461743033	0.674815810479	0.664995167868	0.687103775547	0.695015911917	0.704574166826	0.691072105601	0.674784394965	0.679481068495
AG7	0.696059435559	0.696077171073	0.711818194476	0.676187188725	0.709439511923	0.698387750975	0.698797604868	0.680489536494	0.651847264502	0.683026963751	0.71275097976	0.708305060383	0.695345552171	0.676334640318	0.706312311658	0.685794628626	0.675187000592	0.635463783962	0.759548789924	0.495887044398	0.649633901296	0.648469149489	0.689530462378	0.655380247462	0.690718117326	0.655147085605	0.637582080841	0.654138018641	0.0	0.460588914014	0.67727627881	0.647275234381	0.678588465094	0.691332655527	0.702734445656	0.691831086077	0.676253858175	0.681306074204	0.681618350945	0.725310795749	0.689776515811	0.684584133379	0.687531406127	0.650227949102	0.718263772013	0.684658160295	0.722632149284	0.703636055691	0.700552725854	0.711612408387	0.680220168512	0.726979548911	0.661541052332	0.697736407071	0.696907385345	0.69397202173	0.69729621258	0.72474830356	0.719145314434	0.708563417453	0.680567787377	0.700676829481
AG8	0.687179798354	0.668376795556	0.726370549831	0.687436328466	0.679060388577	0.666356684504	0.650950303745	0.655965356888	0.653872887876	0.644183993492	0.689576139596	0.676287505034	0.704080060682	0.682754085728	0.692858051301	0.678305458325	0.675015938911	0.640191126336	0.648704357481	0.401765309926	0.648736196377	0.624682659128	0.682405889918	0.646987993082	0.693696205141	0.663870406954	0.646753191526	0.632474535691	0.460588914014	0.0	0.698285445292	0.610084242649	0.668830266535	0.660997814741	0.683439943738	0.682543743814	0.655289458869	0.644843214145	0.673826937655	0.696226065182	0.660961774823	0.664836425977	0.663698318115	0.646195858416	0.678101232182	0.673355525249	0.721657420069	0.690576376363	0.682316441568	0.69306947952	0.696671239858	0.705535384562	0.655776905578	0.671808463073	0.673649314593	0.676956125067	0.672811866989	0.711895450756	0.692270353885	0.67394587008	0.669000205094	0.670323897166
AH7	0.742392451795	0.753059731198	0.766215522754	0.738787062401	0.745157570846	0.733717728146	0.742945965407	0.703679712202	0.73405775424	0.723765060145	0.71905752442	0.732854905129	0.73156052573	0.74117633644	0.746784889261	0.742220228877	0.70362311947	0.53658770283	0.763828115426	0.670543473833	0.662059175178	0.70924778233	0.695948216852	0.699608531614	0.732697606921	0.711429394251	0.716402626508	0.678761052979	0.67727627881	0.698285445292	0.0	0.535896506241	0.71657548437	0.76586459532	0.775372602823	0.764669837726	0.742322393095	0.746708328331	0.760270348704	0.767757212373	0.75354045566	0.73298535578	0.757217040675	0.739710518683	0.769184688821	0.769946224911	0.763197274491	0.751936122079	0.748836799207	0.77235990917	0.77973287178	0.777497867253	0.745779073529	0.738742399738	0.731245532869	0.737259797768	0.779887973154	0.785870552039	0.782959713287	0.768685878598	0.753624090546	0.743919320413
AH8	0.703563840061	0.683900793033	0.765595516852	0.705283117722	0.679311717135	0.686164892042	0.689866756273	0.669951582162	0.690926478376	0.665093004928	0.69320486437	0.678722432364	0.70613382862	0.689783398499	0.709773181579	0.679703070538	0.561940244123	0.386622524012	0.752170895959	0.612010743905	0.651717689887	0.63123630863	0.679248317897	0.661904047709	0.691129317779	0.671851855215	0.645808662408	0.627868587208	0.647275234381	0.610084242649	0.535896506241	0.0	0.688339847328	0.704267113663	0.709766936492	0.710261177272	0.691823116796	0.673835180731	0.706839959597	0.722505296013	0.692612663919	0.695583583383	0.71204964902	0.699454984112	0.71183028911	0.720670393793	0.726614858781	0.698066550718	0.713092190671	0.724093972183	0.725990274785	0.719685143948	0.686600819389	0.690828244333	0.695876127441	0.700323114345	0.725784100943	0.729617587804	0.752251905145	0.70671641702	0.714116221274	0.692948441823
AA5	0.6591373925	0.660925921812	0.715813776466	0.69346713932	0.68763322683	0.673411741919	0.695294969655	0.707511055092	0.620948888654	0.688703563289	0.64199822506	0.674396655031	0.689011069669	0.694669335177	0.662132641296	0.662253509547	0.652690769192	0.676297962406	0.781571113911	0.703330200911	0.701969152	0.70285548879	0.655799335117	0.67079666741	0.733054921119	0.692499861647	0.660418622161	0.703243460812	0.678588465094	0.668830266535	0.71657548437	0.688339847328	0.0	0.596080592354	0.670982050896	0.693685380784	0.634777807945	0.644026903491	0.695026691367	0.704188758139	0.687299530329	0.648798841344	0.646710654217	0.650711457785	0.715836843105	0.670521815603	0.694661715924	0.699245634563	0.698630537022	0.705907806849	0.693898502684	0.709657448835	0.648545969612	0.673957144215	0.663430816496	0.703002630307	0.669160033744	0.70165896631	0.665953172328	0.692384307868	0.644538746776	0.705605691159
AA6	0.686400653036	0.664359760759	0.780823837911	0.694247665237	0.695404773746	0.650345227003	0.657974998951	0.671101698036	0.703874396299	0.652060809114	0.680415070877	0.649954382327	0.709269732843	0.712927968021	0.720940455635	0.669015147166	0.728713585144	0.707766261231	0.794418413239	0.683138957726	0.691510707953	0.665542453394	0.695310015049	0.682853407946	0.757121746965	0.700501417913	0.696011679812	0.680272496782	0.691332655527	0.660997814741	0.76586459532	0.704267113663	0.596080592354	0.0	0.693764107898	0.679221524493	0.649323614379	0.619006961285	0.671936532016	0.686868871846	0.657112171493	0.664843035726	0.655760649458	0.668931411811	0.468987241102	0.420875557978	0.701016889914	0.680716873411	0.666687178321	0.66894295256	0.689648209806	0.665018092904	0.657037397031	0.666925512678	0.686944557447	0.682533670058	0.664412180115	0.683248597975	0.67084904062	0.663611495364	0.648701008919	0.675873825513
AB5	0.683129358209	0.666101805886	0.717175619748	0.68571576055	0.679221387884	0.669212892126	0.66751593393	0.688931571648	0.681628071241	0.672418287629	0.675688945925	0.670870792157	0.700775138919	0.670282388541	0.691415015849	0.659754538852	0.713199885071	0.709436092998	0.768484813508	0.695012039972	0.733543438966	0.713048679574	0.727793886873	0.721291201932	0.732641008645	0.731104696409	0.691427980586	0.711992352724	0.702734445656	0.683439943738	0.775372602823	0.709766936492	0.670982050896	0.693764107898	0.0	0.452139471069	0.654861467597	0.662020385225	0.670310749044	0.648951134041	0.648970754878	0.668651080611	0.68366983686	0.640168123058	0.719316073931	0.716690218353	0.680918799172	0.697952210051	0.692063274058	0.705926673575	0.69112768408	0.682736905235	0.650757643835	0.688787736937	0.693126554599	0.680450362888	0.690503428765	0.679168221822	0.701415145369	0.69338150317	0.659762317659	0.695507181902
AB6	0.689001245907	0.653771063644	0.74261920834	0.671939245979	0.668162565756	0.644488434521	0.665663333397	0.672505238629	0.705708020486	0.6703552927	0.672474447693	0.638332236447	0.684514234543	0.685796263767	0.677529306735	0.655738115545	0.712331839235	0.715361293241	0.789992500132	0.680360220049	0.72758865795	0.700004323213	0.719276617182	0.701940663043	0.747259238534	0.714808660504	0.691129524635	0.703984430411	0.691831086077	0.682543743814	0.764669837726	0.710261177272	0.693685380784	0.679221524493	0.452139471069	0.0	0.665239634407	0.654892709491	0.651567567824	0.640153765363	0.63498233495	0.646829201776	0.662851500531	0.552889475944	0.683057282753	0.679529912628	0.689327792428	0.680847914345	0.669408267292	0.672818841938	0.677368880501	0.666116150385	0.66675401444	0.678287760333	0.689529758379	0.676918776564	0.684979392065	0.675493155194	0.675176319706	0.67585930409	0.654998935709	0.684357259864
AC5	0.648531365515	0.654586169453	0.72198628866	0.670902679936	0.681894031754	0.666896375117	0.67329730439	0.677866749267	0.662810910225	0.689111534237	0.661386819143	0.666366698267	0.69226693386	0.679644837447	0.681535021796	0.66447300333	0.661229676013	0.688375868748	0.766793918469	0.672347124397	0.707307397537	0.695027342072	0.706099845553	0.69364311029	0.727260282806	0.699728111038	0.683771684814	0.697426392465	0.676253858175	0.655289458869	0.742322393095	0.691823116796	0.634777807945	0.649323614379	0.654861467597	0.665239634407	0.0	0.516629748611	0.655661751786	0.67302805553	0.657452493885	0.667992414067	0.607665497181	0.636046179847	0.668036977004	0.647044036951	0.649988454597	0.682179173224	0.65126800852	0.675778094052	0.663584936838	0.659125956073	0.653831580446	0.657228573901	0.639116103217	0.670435840641	0.652554101697	0.658194501596	0.653851379632	0.681935292533	0.632490500234	0.664943435851
AC6	0.667105861078	0.634283061509	0.748336035766	0.662401917248	0.656688417945	0.648464832509	0.650801693043	0.671069161079	0.677862596325	0.654051127789	0.662455766351	0.64105649399	0.682529904507	0.680293929436	0.681739683309	0.636219845164	0.685037705847	0.677652543454	0.771411432936	0.665606266847	0.700670962842	0.674941225455	0.704953657332	0.696362562606	0.754504806025	0.707120238497	0.665595378958	0.671530812993	0.681306074204	0.644843214145	0.746708328331	0.673835180731	0.644026903491	0.619006961285	0.662020385225	0.654892709491	0.516629748611	0.0	0.647093255573	0.66761765767	0.638053383933	0.532201331788	0.525861283557	0.611426824071	0.658783619859	0.644655002138	0.65455098229	0.681330106302	0.648136489269	0.643424321803	0.672233795906	0.654373479193	0.642488170119	0.665249054943	0.666736932209	0.665268382189	0.629321309331	0.64337805592	0.640341885082	0.619489403779	0.642930407588	0.647650197993
AD6	0.688255065706	0.659536877844	0.770774731884	0.674484806405	0.698248815653	0.656963817453	0.637929423359	0.629116380333	0.684997619481	0.631646298754	0.692630620565	0.669596575345	0.695377282755	0.677329488076	0.683117102991	0.66917417477	0.706936808283	0.7090874378	0.803821924346	0.684540752855	0.714919761023	0.691390525544	0.693357770334	0.686883745193	0.75834836392	0.70090686751	0.677874047564	0.688251222278	0.681618350945	0.673826937655	0.760270348704	0.706839959597	0.695026691367	0.671936532016	0.670310749044	0.651567567824	0.655661751786	0.647093255573	0.0	0.513827092439	0.38702834134	0.669618890583	0.641017066915	0.667907603556	0.665984658505	0.669774248396	0.669425844979	0.673800485522	0.670783481827	0.653573546991	0.676261552882	0.671958273066	0.655574958235	0.657579308158	0.671531471838	0.656241415266	0.652385165531	0.662016606352	0.659814495808	0.658889451261	0.640475485334	0.661906868124
AE5	0.697447673534	0.666841397736	0.755132249099	0.699436467814	0.668720339867	0.65473132497	0.656103876664	0.669297689277	0.707052404241	0.661305963219	0.687712041293	0.64521949993	0.69326839103	0.696452264111	0.69499538623	0.682275904927	0.754147182665	0.727570444981	0.797246225355	0.698095020343	0.733797612722	0.718721577308	0.724528866671	0.720872678903	0.770873447569	0.725893328944	0.727030081177	0.726961324425	0.725310795749	0.696226065182	0.767757212373	0.722505296013	0.704188758139	0.686868871846	0.648951134041	0.640153765363	0.67302805553	0.66761765767	0.513827092439	0.0	0.439667172219	0.675955772264	0.677831229154	0.666358516648	0.69535775212	0.692134885722	0.67849829633	0.691608557017	0.655289158641	0.65301479259	0.685673865927	0.692011490982	0.660324965683	0.662233796291	0.666268835823	0.64735497884	0.678871171461	0.682317090331	0.662958337366	0.664359235684	0.659523715395	0.669971659846
AE6	0.679650152958	0.64948751874	0.770653920563	0.690663864319	0.668383481626	0.633946692598	0.619587549602	0.626820763474	0.691368167629	0.631022228748	0.684756160967	0.641915472352	0.708108630706	0.689740042423	0.693189599348	0.657801250589	0.715590809923	0.700807017283	0.792698085057	0.665188386515	0.721973723935	0.687533625757	0.696571165594	0.683750114175	0.75745246849	0.704567462988	0.701674383966	0.693828344229	0.689776515811	0.660961774823	0.75354045566	0.692612663919	0.687299530329	0.657112171493	0.648970754878	0.63498233495	0.657452493885	0.638053383933	0.38702834134	0.439667172219	0.0	0.650585785877	0.636875702543	0.656559458331	0.66502777308	0.660814469462	0.67720206962	0.67166131324	0.654928891897	0.653269839534	0.674661948158	0.673573453937	0.627544367788	0.638927905164	0.649213410915	0.638631137866	0.654327155775	0.673358544072	0.648644472598	0.655881493344	0.635146404697	0.646120586572
AF5	0.663181835852	0.661715374639	0.708647490159	0.652395372514	0.642385375401	0.667363973851	0.666287685471	0.689639997888	0.666323504908	0.686405091648	0.665903852362	0.651695255177	0.657372016706	0.652710154914	0.669428831779	0.660185737878	0.684152516379	0.698021286823	0.725072119508	0.661268750855	0.702064344857	0.680251303113	0.685259627599	0.687185667078	0.723872318047	0.688693902705	0.661646062834	0.674089708714	0.684584133379	0.664836425977	0.73298535578	0.695583583383	0.648798841344	0.664843035726	0.668651080611	0.646829201776	0.667992414067	0.532201331788	0.669618890583	0.675955772264	0.650585785877	0.0	0.482059059357	0.621655479327	0.689769150212	0.684757717153	0.693252363775	0.709164272934	0.665392318445	0.652611952231	0.689122497487	0.697574159315	0.668633666759	0.686898158093	0.689750546855	0.675649697229	0.66606823447	0.709027337123	0.655044913213	0.656264783798	0.649191884234	0.680306448908
AF6	0.664466322145	0.652607548572	0.722282127568	0.664767849562	0.662722301351	0.640080732465	0.651284595133	0.666233024014	0.684251297369	0.682501405887	0.663082321618	0.649698952831	0.676952973441	0.664090165009	0.671086972833	0.66372173862	0.694388925758	0.699347120466	0.745118058007	0.680470509393	0.722907911002	0.702390058354	0.694422796504	0.685539969119	0.705899127798	0.691758004417	0.66063781238	0.699517390191	0.687531406127	0.663698318115	0.757217040675	0.71204964902	0.646710654217	0.655760649458	0.68366983686	0.662851500531	0.607665497181	0.525861283557	0.641017066915	0.677831229154	0.636875702543	0.482059059357	0.0	0.619384135729	0.686046498694	0.669125110426	0.677378563828	0.695340808112	0.665830231078	0.659730890888	0.691474234196	0.681946251568	0.674670368431	0.686592530501	0.677227237463	0.676275100592	0.654253873571	0.677709611155	0.649339491796	0.674193493666	0.654385578027	0.67089819808
