	AA3	AA4	AB3	AB4	AC3	AC4	AD3	AD4	AE3	AE4	AF3	AF4	AG3	AG4	AH3	AH4	AA7	AA8	AB7	AB8	AC7	AC8	AD7	AD8	AE7	AE8	AF7	AF8	AG7	AG8	AH7	AH8	AA5	AA6	AB5	AB6	AC5	AC6	AD6	AE5	AE6	AF5	AF6	AG5	AH5	AH6	AA1	AA2	AB1	AB2	AC1	AC2	AD1	AD2	AE1	AE2	AF1	AF2	AG1	AG2	AH1	AH2
AA3	0.0	0.486334471235	0.70540204247	0.652575982938	0.683202626835	0.677318826092	0.698575760766	0.688169652441	0.657141239478	0.698719596775	0.657447375143	0.676843356539	0.645372899501	0.654855399835	0.675389652596	0.482752505661	0.686762611307	0.691901432329	0.75203580932	0.690539173614	0.701331483753	0.69426662238	0.684534764793	0.696701017185	0.737254640883	0.701233840521	0.675463285281	0.691366013709	0.690559358864	0.679586965592	0.736893002835	0.691655261734	0.656335925788	0.683584032132	0.674936018637	0.679847653147	0.644150718543	0.661130393526	0.672867490815	0.678240367867	0.680778695528	0.671067694232	0.663644034305	0.669382803625	0.713804687833	0.697375631125	0.670525759534	0.694898268915	0.6507500961	0.684297614997	0.676018851021	0.671740996869	0.64565473566	0.679324342309	0.678521357262	0.656239738783	0.657487364018	0.694375409224	0.663566357845	0.674658472351	0.637833798475	0.709215337842
AA4	0.486334471235	0.0	0.740375215701	0.644464601384	0.66038413815	0.654272314749	0.669047579813	0.660434365564	0.658502737186	0.666324184877	0.660600938417	0.651186279059	0.661565916729	0.648865405457	0.490618797736	0.339382708982	0.699256041335	0.683690669337	0.76690106282	0.688957617317	0.708048202419	0.671297304012	0.686398247252	0.692178463454	0.737236340881	0.683803422654	0.666771254694	0.6632886692	0.690736835526	0.682221962352	0.743525079608	0.682317243853	0.670468038718	0.671202193173	0.664158203689	0.655125778718	0.653770831605	0.654745108216	0.631959648294	0.650600475674	0.632282640623	0.657779159019	0.650467030919	0.639321647158	0.689560389568	0.667768056252	0.659692984275	0.65782571587	0.646114766339	0.657519181102	0.663966048778	0.655783510993	0.645629378615	0.668352180828	0.667212857402	0.630893774276	0.64766530972	0.668530963166	0.661389132317	0.638093123103	0.639402435515	0.671641805579
AB3	0.70540204247	0.740375215701	0.0	0.702819494713	0.726379943232	0.748239403916	0.781431668885	0.769295357621	0.699571852804	0.783689831938	0.709997361292	0.754818468972	0.744001918784	0.659129810607	0.719190650473	0.745692691983	0.735978403622	0.757671128693	0.697489550149	0.718891016136	0.744226355488	0.766181725336	0.76262300524	0.772875577468	0.699092062032	0.762309190696	0.749180949306	0.773615906104	0.725778123984	0.727268586948	0.767377918787	0.767205234761	0.710159937992	0.786831888214	0.733087725429	0.759294905428	0.716506230438	0.753021800385	0.767844326332	0.7568010125	0.775197554082	0.731746497606	0.726259923765	0.755360140414	0.799580781386	0.795426120848	0.7784906635	0.79543184097	0.743218431211	0.795927576532	0.765959796931	0.777768521906	0.759737813007	0.792873479584	0.76101897166	0.772172771469	0.76296445012	0.78787855765	0.764910223543	0.780391888232	0.736948696962	0.807058496646
AB4	0.652575982938	0.644464601384	0.702819494713	0.0	0.677390521609	0.686572140099	0.711748211751	0.679554860099	0.686164562024	0.70237063282	0.665839949215	0.692088775273	0.423936018888	0.480793112519	0.684093456362	0.656068445195	0.697807722485	0.694584683349	0.763069796284	0.684966998873	0.701392244553	0.692451534721	0.691689759272	0.702917092306	0.745830892651	0.698462848487	0.669461743485	0.688942995226	0.669065290442	0.686672284362	0.746785247471	0.710120037713	0.697498036524	0.700154741955	0.685488999405	0.684809136539	0.669824791095	0.675532132324	0.682203054014	0.689362766666	0.689617433801	0.655944976776	0.661950962766	0.684637348447	0.728388044888	0.708629571583	0.706754458915	0.704638247376	0.646779483565	0.688437009878	0.687318828194	0.709061819486	0.679169914004	0.685423401612	0.701852110483	0.682414469526	0.69550666824	0.723568872812	0.696337708434	0.677873766377	0.668049744647	0.71402791236
AC3	0.683202626835	0.66038413815	0.726379943232	0.677390521609	0.0	0.524759320186	0.683410102984	0.67043287732	0.670178123494	0.680137179293	0.679940891343	0.485189678923	0.688753072857	0.68097112609	0.670633078898	0.663144159791	0.677323447133	0.687434694416	0.750748997993	0.68646058261	0.718245383074	0.704734150773	0.732097759488	0.726513211562	0.730164307258	0.714885307879	0.706012537493	0.712471162336	0.709150527404	0.706829023537	0.748511393149	0.70045754704	0.681281677903	0.704129748208	0.676452824534	0.679173928877	0.683547572956	0.677310914634	0.659614225485	0.660400210656	0.678549192449	0.643625362136	0.649478933675	0.657495345646	0.727833191879	0.699464279673	0.718459089136	0.699886697863	0.68428640631	0.683331526207	0.696293804216	0.699717005183	0.696884118417	0.708345518692	0.692049376102	0.694780945314	0.703500857371	0.696504072085	0.69477754765	0.680085152473	0.685422928779	0.705674507111
AC4	0.677318826092	0.654272314749	0.748239403916	0.686572140099	0.524759320186	0.0	0.659868034472	0.659069499262	0.675350729216	0.662133667689	0.512549100265	0.376433462942	0.695438185908	0.714030952633	0.688989567602	0.655432604388	0.689289026909	0.671714859509	0.76593907511	0.674714261612	0.705359871569	0.671234681667	0.708164153962	0.701606401611	0.764995650309	0.690005902348	0.69334939417	0.695513603767	0.707876274232	0.676238992499	0.744247503697	0.679648563715	0.65324223044	0.65525101829	0.67288618079	0.67010439364	0.666899331156	0.63669461534	0.648154110113	0.642740036047	0.654052292301	0.686814776631	0.658546280799	0.668549703915	0.6802195576	0.66044347894	0.721951417495	0.687671375168	0.682876599693	0.68350371475	0.670939077167	0.675554541486	0.674884984701	0.685338121117	0.673494924522	0.669979206249	0.672584369844	0.67441003642	0.667609638952	0.662256964062	0.666561315181	0.689183020423
AD3	0.698575760766	0.669047579813	0.781431668885	0.711748211751	0.683410102984	0.659868034472	0.0	0.41736883061	0.695712222121	0.329133915927	0.705452181963	0.656912107337	0.7092128337	0.696228870058	0.692787853577	0.671221920726	0.699819810544	0.676435305038	0.771612750288	0.67553791458	0.723718010574	0.685558038003	0.715332085927	0.699501236732	0.742989490889	0.682699320528	0.691148693124	0.681907368515	0.706326127104	0.674658987025	0.731234212118	0.686013763596	0.703320820849	0.665832781834	0.674878608014	0.681386535983	0.679372472434	0.661226408486	0.630179347025	0.641539325886	0.611996886147	0.684020919949	0.68216821678	0.684943995533	0.693926056322	0.682649409196	0.694347450646	0.676163563639	0.675511275815	0.666622048431	0.688452341986	0.68052847031	0.677936809591	0.67550952783	0.683633543966	0.670563279248	0.679311196389	0.686453247523	0.696141571596	0.644627124347	0.693183261674	0.642791147712
AD4	0.688169652441	0.660434365564	0.769295357621	0.679554860099	0.67043287732	0.659069499262	0.41736883061	0.0	0.603734736874	0.409139098706	0.692215544615	0.65477285924	0.694812098653	0.689550311131	0.686911042304	0.66226423143	0.689317522194	0.657206260603	0.770513304346	0.665097576651	0.720325658062	0.689916519664	0.694679736562	0.679070181266	0.746457080378	0.669489276255	0.681380579747	0.695098620096	0.679501709697	0.667039247995	0.709672496168	0.672080963617	0.683618232357	0.651650042861	0.682391872449	0.689464815069	0.664284983453	0.646074488249	0.622187811302	0.642810551837	0.615351390256	0.677141216109	0.672586878096	0.681833017669	0.689738198222	0.677603579754	0.701221686725	0.680826872415	0.659613422394	0.671678613768	0.688879913525	0.685395995322	0.672749763837	0.66664456336	0.67282273416	0.671116617668	0.68710242534	0.686902547286	0.700661563449	0.647658573161	0.685030610864	0.644213760494
AE3	0.657141239478	0.658502737186	0.699571852804	0.686164562024	0.670178123494	0.675350729216	0.695712222121	0.603734736874	0.0	0.643648221655	0.658258159552	0.678565550716	0.684657999117	0.686489290842	0.677509551372	0.677105085037	0.669464767576	0.681846057179	0.750396351268	0.686931770909	0.720665571523	0.725327014223	0.674235672951	0.69346549891	0.758984106954	0.70607999599	0.687917782794	0.712208877628	0.670151630175	0.68185554405	0.717927911727	0.69021547892	0.634743133531	0.709706655267	0.697567871541	0.713549995214	0.658972399141	0.69063599188	0.672812696109	0.671375304045	0.673996228324	0.673520084538	0.680679995605	0.676748321944	0.741460740087	0.727572049036	0.710206298374	0.716064586147	0.697209577823	0.728086817924	0.709447034255	0.712258860004	0.68353299137	0.707683025734	0.675882754196	0.705924715474	0.704183404401	0.738637290902	0.70985630096	0.712390611577	0.656602075295	0.738221076886
AE4	0.698719596775	0.666324184877	0.783689831938	0.70237063282	0.680137179293	0.662133667689	0.329133915927	0.409139098706	0.643648221655	0.0	0.70103703308	0.660784373163	0.696540065181	0.704323228824	0.693434922225	0.673045834975	0.712564281445	0.692260678861	0.770437201865	0.661007877592	0.719046441209	0.681175771106	0.71057216348	0.692461400418	0.740697117973	0.692972426847	0.697580131438	0.686345458982	0.686788741522	0.65585533902	0.723439871632	0.691052590183	0.710346709153	0.659629068273	0.676692588912	0.678066669841	0.68353635655	0.668063922692	0.620427622189	0.634814679615	0.616885319718	0.686791853774	0.68351601655	0.662948323053	0.693196004366	0.671903701801	0.691541849177	0.66258111161	0.684757406386	0.671518654239	0.686771352609	0.681015866263	0.685354314105	0.678582013259	0.678661425239	0.668520043832	0.696870572849	0.687013015886	0.702312372954	0.652611435661	0.697488728529	0.660751609626
AF3	0.657447375143	0.660600938417	0.709997361292	0.665839949215	0.679940891343	0.512549100265	0.705452181963	0.692215544615	0.658258159552	0.70103703308	0.0	0.543657751448	0.667209298783	0.694114888722	0.667289703769	0.663960818678	0.686161840703	0.677120648489	0.758183462555	0.678880251157	0.681572890481	0.702395496099	0.689297292928	0.690320184817	0.773576797733	0.714710437884	0.687382563779	0.721689259274	0.700763371403	0.679075200453	0.72056746169	0.683968051753	0.644546119901	0.683677585047	0.672910543309	0.673946376785	0.6503643019	0.664591823016	0.670369038289	0.669983962557	0.693415424924	0.688023192106	0.658179712146	0.672420470586	0.696569768701	0.681174631199	0.718048847405	0.707131751445	0.690416099585	0.72072098945	0.704858267529	0.709360877793	0.699110646338	0.7098291667	0.687825984409	0.700101695058	0.692012806495	0.723995071614	0.67655042863	0.703513665489	0.648198797346	0.717644782729
AF4	0.676843356539	0.651186279059	0.754818468972	0.692088775273	0.485189678923	0.376433462942	0.656912107337	0.65477285924	0.678565550716	0.660784373163	0.543657751448	0.0	0.701781112797	0.720901285452	0.700080753116	0.659269513779	0.694848039	0.678367066363	0.772273205327	0.686928211387	0.720580951905	0.692206434431	0.722051121107	0.719226934671	0.753932397385	0.690667949065	0.697824287285	0.701204957013	0.719169706061	0.695263785803	0.76617523958	0.687014675233	0.652481546148	0.650671194911	0.674160427403	0.676679410555	0.681613661037	0.642171050069	0.659570297041	0.648839542854	0.655030811872	0.686025807429	0.666636640716	0.672810564399	0.689721352833	0.66052834885	0.709950065675	0.689551637189	0.683234430028	0.683214496159	0.672180248363	0.679376804337	0.674607382927	0.702445620276	0.705062027019	0.683408346651	0.684696157433	0.674794735593	0.678618614456	0.658380868385	0.659542203945	0.689686144356
AG3	0.645372899501	0.661565916729	0.744001918784	0.423936018888	0.688753072857	0.695438185908	0.7092128337	0.694812098653	0.684657999117	0.696540065181	0.667209298783	0.701781112797	0.0	0.544725199862	0.677232955537	0.663280786678	0.682859214666	0.683470940837	0.767820455491	0.697044529712	0.679090680216	0.69549690608	0.69313069434	0.696972374615	0.734362033477	0.692754997942	0.683982375391	0.705706894804	0.688920248615	0.700842600179	0.734219788579	0.696010577531	0.679771953548	0.694674133014	0.691876599676	0.692603563214	0.677309231191	0.669005549442	0.688686393936	0.685374528475	0.690513028785	0.659128287852	0.672740155009	0.678070541547	0.718241763552	0.71074406535	0.703592493781	0.712757534852	0.646846087445	0.697368186779	0.699774273282	0.703498157682	0.680459918146	0.674836149129	0.690262540119	0.684390361569	0.700766047673	0.734727285249	0.689559190848	0.681184106621	0.68121906061	0.725152105351
AG4	0.654855399835	0.648865405457	0.659129810607	0.480793112519	0.68097112609	0.714030952633	0.696228870058	0.689550311131	0.686489290842	0.704323228824	0.694114888722	0.720901285452	0.544725199862	0.0	0.678098524587	0.660726267465	0.703072230224	0.720706018398	0.71996419096	0.68577768374	0.701924453757	0.696041249217	0.70136326893	0.715886939698	0.711487609621	0.689167062574	0.670501396019	0.699251921863	0.676204425834	0.692063095416	0.756825341304	0.728722940079	0.709121121399	0.731335869136	0.685337674196	0.712824650401	0.683687296558	0.692426678851	0.689124426579	0.708303780645	0.694528178526	0.656935744423	0.670149349205	0.690433061954	0.755956528401	0.736614823038	0.732595648859	0.722474893703	0.66438834997	0.703110332172	0.709850466931	0.726137039707	0.703297890977	0.716687965011	0.711198081206	0.711995439419	0.709005138322	0.741053250491	0.716481045089	0.692825212209	0.693463194423	0.725933167271
AH3	0.675389652596	0.490618797736	0.719190650473	0.684093456362	0.670633078898	0.688989567602	0.692787853577	0.686911042304	0.677509551372	0.693434922225	0.667289703769	0.700080753116	0.677232955537	0.678098524587	0.0	0.514594440355	0.686779564747	0.698335340151	0.759409086344	0.694869967005	0.722096495992	0.704639876715	0.691640470362	0.702341747653	0.73537082715	0.691814089686	0.693412954299	0.704226914427	0.705898739521	0.703673617014	0.755872359333	0.704847130671	0.667445155016	0.719590965815	0.672153118893	0.68950660333	0.681949549677	0.680215460306	0.672761795999	0.672705850667	0.682160738147	0.681664323795	0.686072542421	0.673829437577	0.719865099409	0.71839620508	0.703504922031	0.694022445106	0.685607686277	0.700878793354	0.700417767092	0.713446462083	0.70321891931	0.706195581917	0.680194638439	0.688904087647	0.707520182052	0.724974344717	0.703716041967	0.682870265623	0.684855238276	0.700080323991
AH4	0.482752505661	0.339382708982	0.745692691983	0.656068445195	0.663144159791	0.655432604388	0.671221920726	0.66226423143	0.677105085037	0.673045834975	0.663960818678	0.659269513779	0.663280786678	0.660726267465	0.514594440355	0.0	0.701511156776	0.680511598562	0.772629888252	0.686929033845	0.716572274805	0.669642545171	0.691616878798	0.688991363132	0.73836816778	0.679814879517	0.667123276978	0.669023972647	0.692678535815	0.674147639465	0.745318855655	0.692579954626	0.662033193609	0.683017562056	0.655866385316	0.64830065685	0.665040311307	0.649229000588	0.62584095378	0.647364258512	0.632192984912	0.669639406104	0.662897056137	0.633607957859	0.690110229251	0.665514927351	0.661490243574	0.650646021709	0.647279978656	0.661335930402	0.649231306408	0.655712093008	0.636654631799	0.668223372799	0.659510348225	0.633493453144	0.665626196339	0.669509579791	0.667373686474	0.646547280747	0.640179089358	0.663437114383
AA7	0.686762611307	0.699256041335	0.735978403622	0.697807722485	0.677323447133	0.689289026909	0.699819810544	0.689317522194	0.669464767576	0.712564281445	0.686161840703	0.694848039	0.682859214666	0.703072230224	0.686779564747	0.701511156776	0.0	0.476947446512	0.772443552107	0.682295890454	0.65669571236	0.676139851559	0.668393090826	0.687250116041	0.716467104975	0.687775985767	0.644318913691	0.658502640258	0.660708834048	0.68724971066	0.714838803898	0.524261068347	0.655001789102	0.713858376006	0.713015837652	0.725597862669	0.680521192263	0.680617495016	0.694728870075	0.734906932914	0.715143301212	0.690057901552	0.685641086945	0.700504461272	0.736185578924	0.731199447028	0.743094542522	0.736962729623	0.710104529188	0.749134100722	0.710704663421	0.742435924794	0.701330676357	0.712179734452	0.698655889436	0.712741156599	0.721057895674	0.747270105399	0.738161033913	0.723858531597	0.686339775486	0.715391386725
AA8	0.691901432329	0.683690669337	0.757671128693	0.694584683349	0.687434694416	0.671714859509	0.676435305038	0.657206260603	0.681846057179	0.692260678861	0.677120648489	0.678367066363	0.683470940837	0.720706018398	0.698335340151	0.680511598562	0.476947446512	0.0	0.764066672129	0.651044075135	0.64045784315	0.635715536752	0.6649219141	0.668217711143	0.714285308484	0.678108972832	0.64957429516	0.646981294346	0.651007220961	0.660120797579	0.568584466816	0.369218823877	0.666161357542	0.695931117203	0.715346395385	0.722857783941	0.684741545358	0.679283347263	0.696032354257	0.706689742906	0.687194861587	0.68604435736	0.685831335757	0.700638019864	0.716690367569	0.705561100838	0.725990029301	0.705025222313	0.693440232292	0.720879041949	0.708603060931	0.728139016964	0.684062201511	0.674445563694	0.687006829429	0.683338826775	0.713776747362	0.738495814386	0.7343052056	0.697255840012	0.68891369848	0.70298195657
AB7	0.75203580932	0.76690106282	0.697489550149	0.763069796284	0.750748997993	0.76593907511	0.771612750288	0.770513304346	0.750396351268	0.770437201865	0.758183462555	0.772273205327	0.767820455491	0.71996419096	0.759409086344	0.772629888252	0.772443552107	0.764066672129	0.0	0.552040571047	0.744087610088	0.759343417224	0.781736241466	0.7800125215	0.738554856999	0.774816818842	0.774170222885	0.788218677884	0.745285466364	0.624448659218	0.756539891961	0.764971785705	0.778526066874	0.784932502403	0.765553327215	0.785384540381	0.758306096787	0.756299189811	0.782567292832	0.778668080581	0.781685144621	0.738100652928	0.740125050811	0.777349706232	0.796793929253	0.80285626218	0.818455214751	0.799074413825	0.776473608464	0.798006783903	0.806196097349	0.798205692738	0.788681896844	0.798846593229	0.780820388464	0.789680849877	0.789707523468	0.801589212185	0.804741841111	0.784563819033	0.776564805453	0.81400247992
AB8	0.690539173614	0.688957617317	0.718891016136	0.684966998873	0.68646058261	0.674714261612	0.67553791458	0.665097576651	0.686931770909	0.661007877592	0.678880251157	0.686928211387	0.697044529712	0.68577768374	0.694869967005	0.686929033845	0.682295890454	0.651044075135	0.552040571047	0.0	0.654586552122	0.639865655528	0.67724692934	0.665675089909	0.694192177198	0.666471107114	0.666606084251	0.670408538546	0.489792684893	0.385239011807	0.692945476556	0.646336445772	0.690084914578	0.688929952077	0.692743014853	0.684264711032	0.676987867198	0.661982131898	0.678923593213	0.688815765782	0.675074193946	0.675049994907	0.665501280737	0.678467062142	0.703318641218	0.692284637051	0.738416815043	0.700325101976	0.68322429145	0.711089474957	0.698775809515	0.709874318078	0.677324162182	0.689401953235	0.686608554384	0.674867412837	0.700440227818	0.7202875173	0.704973452682	0.702751226792	0.676986877545	0.713029533039
AC7	0.701331483753	0.708048202419	0.744226355488	0.701392244553	0.718245383074	0.705359871569	0.723718010574	0.720325658062	0.720665571523	0.719046441209	0.681572890481	0.720580951905	0.679090680216	0.701924453757	0.722096495992	0.716572274805	0.65669571236	0.64045784315	0.744087610088	0.654586552122	0.0	0.503344735102	0.690109320442	0.676488250115	0.705789264516	0.691433847911	0.692484552751	0.611101765634	0.635797383214	0.658558882257	0.663919165813	0.645836942764	0.70975663857	0.705929601188	0.725427690002	0.743022285269	0.708304152727	0.714110469246	0.707849168269	0.725010913696	0.713067615798	0.711489187041	0.716429589693	0.719542027546	0.705226556962	0.70611484567	0.763656562383	0.745813296627	0.692878127322	0.737139662307	0.745923943697	0.753364408169	0.697260672056	0.694835052933	0.693180106005	0.72133157616	0.747356079354	0.737145925906	0.751801911307	0.727158214339	0.707133210921	0.754262498557
AC8	0.69426662238	0.671297304012	0.766181725336	0.692451534721	0.704734150773	0.671234681667	0.685558038003	0.689916519664	0.725327014223	0.681175771106	0.702395496099	0.692206434431	0.69549690608	0.696041249217	0.704639876715	0.669642545171	0.676139851559	0.635715536752	0.759343417224	0.639865655528	0.503344735102	0.0	0.675147009488	0.661731323569	0.708099635075	0.644312011973	0.496999750106	0.412802180844	0.640817668021	0.633016456377	0.695338216942	0.642305501187	0.707384711131	0.667320607729	0.705826123432	0.709546030294	0.690241806307	0.682772085253	0.670218851837	0.703132079524	0.668989884658	0.702134671701	0.697903991391	0.681646811482	0.687137117538	0.675113629106	0.721509119111	0.684436713327	0.665339367864	0.692040795416	0.686996916563	0.68807675669	0.667852003343	0.65440300669	0.66444788828	0.662458757829	0.696534285463	0.677437022578	0.719455644055	0.68241475498	0.670377230625	0.689344540085
AD7	0.684534764793	0.686398247252	0.76262300524	0.691689759272	0.732097759488	0.708164153962	0.715332085927	0.694679736562	0.674235672951	0.71057216348	0.689297292928	0.722051121107	0.69313069434	0.70136326893	0.691640470362	0.691616878798	0.668393090826	0.6649219141	0.781736241466	0.67724692934	0.690109320442	0.675147009488	0.0	0.475737096336	0.714882148169	0.536109010803	0.666903434361	0.679293862679	0.661442248809	0.678572502149	0.701541317818	0.664006194839	0.669268816574	0.705405051574	0.718757660575	0.716721980078	0.691713830651	0.681283501399	0.696218855503	0.707897004702	0.699577347678	0.684849748771	0.694840071098	0.704443248029	0.687035340525	0.700361253629	0.718057839122	0.704922923609	0.671845976606	0.726369938328	0.688576032965	0.719636649384	0.68191838453	0.683358429921	0.66477150054	0.676893925591	0.698347892233	0.731027196898	0.709419400815	0.707132555949	0.658211815076	0.703650390603
AD8	0.696701017185	0.692178463454	0.772875577468	0.702917092306	0.726513211562	0.701606401611	0.699501236732	0.679070181266	0.69346549891	0.692461400418	0.690320184817	0.719226934671	0.696972374615	0.715886939698	0.702341747653	0.688991363132	0.687250116041	0.668217711143	0.7800125215	0.665675089909	0.676488250115	0.661731323569	0.475737096336	0.0	0.603885671657	0.441781607946	0.642660967509	0.667726373895	0.649961098824	0.659634182405	0.701053254564	0.665883689637	0.683060478417	0.694954597244	0.720056334482	0.709037533204	0.688603654656	0.690615583335	0.687290135079	0.71040037391	0.687196771342	0.690343934163	0.696678080962	0.694792482704	0.704046017508	0.686896618624	0.72167183862	0.709298425737	0.682648034807	0.715478306571	0.703592910429	0.729339155534	0.67575097194	0.674462565454	0.653697961752	0.680686222841	0.704952870936	0.732725267724	0.707682141943	0.703366017392	0.676896129928	0.712382581746
AE7	0.737254640883	0.737236340881	0.699092062032	0.745830892651	0.730164307258	0.764995650309	0.742989490889	0.746457080378	0.758984106954	0.740697117973	0.773576797733	0.753932397385	0.734362033477	0.711487609621	0.73537082715	0.73836816778	0.716467104975	0.714285308484	0.738554856999	0.694192177198	0.705789264516	0.708099635075	0.714882148169	0.603885671657	0.0	0.522224720548	0.723281668625	0.72375882719	0.695676541681	0.717231030834	0.743923075784	0.711992785179	0.742038039194	0.765122594025	0.75014344993	0.75984942028	0.7361074645	0.754550638776	0.759268901905	0.764917199862	0.759005823946	0.746697347303	0.749576509245	0.747865633739	0.764638639423	0.765261569364	0.782319234807	0.781033956478	0.735155674701	0.772456178694	0.768116604122	0.786778619424	0.754088526515	0.753319728112	0.748529963208	0.753543105047	0.790422170192	0.795886003368	0.79029393401	0.76028385436	0.757504253578	0.794750249172
AE8	0.701233840521	0.683803422654	0.762309190696	0.698462848487	0.714885307879	0.690005902348	0.682699320528	0.669489276255	0.70607999599	0.692972426847	0.714710437884	0.690667949065	0.692754997942	0.689167062574	0.691814089686	0.679814879517	0.687775985767	0.678108972832	0.774816818842	0.666471107114	0.691433847911	0.644312011973	0.536109010803	0.441781607946	0.522224720548	0.0	0.642963934335	0.644905605948	0.664728283225	0.678734427088	0.713106650056	0.675047595565	0.676690695855	0.690398141767	0.723067133135	0.717013521473	0.702567186735	0.672901919475	0.706122083308	0.712128617292	0.695421395184	0.699314225365	0.705837693551	0.687150147798	0.708518521004	0.698150846108	0.720353691642	0.702469303065	0.674383205763	0.710011548179	0.693599172756	0.717033398318	0.680235354913	0.662367065383	0.674917114133	0.675185034295	0.704164301265	0.723087015442	0.723958826103	0.687089436816	0.692088052497	0.702671638724
AF7	0.675463285281	0.666771254694	0.749180949306	0.669461743485	0.706012537493	0.69334939417	0.691148693124	0.681380579747	0.687917782794	0.697580131438	0.687382563779	0.697824287285	0.683982375391	0.670501396019	0.693412954299	0.667123276978	0.644318913691	0.64957429516	0.774170222885	0.666606084251	0.692484552751	0.496999750106	0.666903434361	0.642660967509	0.723281668625	0.642963934335	0.0	0.442387531199	0.642864241851	0.654713004229	0.710728013217	0.653705275905	0.667563241476	0.688848465928	0.696104612884	0.698084655844	0.676530914078	0.669369863193	0.665784412596	0.704817394761	0.676073226426	0.684141838242	0.674978188603	0.661794852469	0.726777344151	0.711772494503	0.714648665995	0.700335704778	0.674829429646	0.713929634842	0.680825241072	0.699660776569	0.684271341575	0.672879229611	0.666072308999	0.688663859741	0.676365828388	0.718743673734	0.712549647543	0.689144408677	0.670230204232	0.690468847409
AF8	0.691366013709	0.6632886692	0.773615906104	0.688942995226	0.712471162336	0.695513603767	0.681907368515	0.695098620096	0.712208877628	0.686345458982	0.721689259274	0.701204957013	0.705706894804	0.699251921863	0.704226914427	0.669023972647	0.658502640258	0.646981294346	0.788218677884	0.670408538546	0.611101765634	0.412802180844	0.679293862679	0.667726373895	0.72375882719	0.644905605948	0.442387531199	0.0	0.65686276562	0.660495603291	0.709742852305	0.641014234925	0.689291260831	0.673523642143	0.70957649713	0.703880905261	0.685605597267	0.664643873321	0.666796168111	0.724245234204	0.690138402901	0.688404331219	0.698495325052	0.660827275936	0.705733220077	0.698308019591	0.71652424306	0.697589503635	0.684532256478	0.704558061294	0.690074394781	0.694798002342	0.680837860802	0.667073907375	0.675731871831	0.674355394929	0.681002986571	0.695146906904	0.720463264271	0.682102770892	0.656430518291	0.686993287754
AG7	0.690559358864	0.690736835526	0.725778123984	0.669065290442	0.709150527404	0.707876274232	0.706326127104	0.679501709697	0.670151630175	0.686788741522	0.700763371403	0.719169706061	0.688920248615	0.676204425834	0.705898739521	0.692678535815	0.660708834048	0.651007220961	0.745285466364	0.489792684893	0.635797383214	0.640817668021	0.661442248809	0.649961098824	0.695676541681	0.664728283225	0.642864241851	0.65686276562	0.0	0.453922024284	0.681806978613	0.664331269978	0.686332543794	0.69595073126	0.700435864519	0.689489634909	0.662310883685	0.680632864587	0.687539438729	0.693816509903	0.672166236752	0.685795851835	0.678103301411	0.668992218734	0.714876789246	0.687660312561	0.737160793962	0.702455695599	0.666376554127	0.706367257626	0.675588149379	0.722111465199	0.661907844774	0.684463908995	0.683057099284	0.679978694612	0.696075959291	0.736208785205	0.705483500367	0.703019033204	0.667795722519	0.717294655775
AG8	0.679586965592	0.682221962352	0.727268586948	0.686672284362	0.706829023537	0.676238992499	0.674658987025	0.667039247995	0.68185554405	0.65585533902	0.679075200453	0.695263785803	0.700842600179	0.692063095416	0.703673617014	0.674147639465	0.68724971066	0.660120797579	0.624448659218	0.385239011807	0.658558882257	0.633016456377	0.678572502149	0.659634182405	0.717231030834	0.678734427088	0.654713004229	0.660495603291	0.453922024284	0.0	0.700958627797	0.660225665394	0.683125964266	0.677197627538	0.687961943939	0.683795274748	0.659495047179	0.656490135297	0.680156946635	0.682740132681	0.674805113886	0.687226602118	0.68086367718	0.658569648851	0.68864886598	0.677697024978	0.725438945521	0.697080838228	0.671698190502	0.698630956625	0.675190102186	0.696366317703	0.654057488164	0.682840904781	0.664014501653	0.661263284015	0.683788415168	0.718036739513	0.697450537777	0.68839647041	0.662739533834	0.704842292341
AH7	0.736893002835	0.743525079608	0.767377918787	0.746785247471	0.748511393149	0.744247503697	0.731234212118	0.709672496168	0.717927911727	0.723439871632	0.72056746169	0.76617523958	0.734219788579	0.756825341304	0.755872359333	0.745318855655	0.714838803898	0.568584466816	0.756539891961	0.692945476556	0.663919165813	0.695338216942	0.701541317818	0.701053254564	0.743923075784	0.713106650056	0.710728013217	0.709742852305	0.681806978613	0.700958627797	0.0	0.51431374089	0.716929319804	0.759569766309	0.772501343533	0.771995613704	0.746072819068	0.754133115429	0.753228650579	0.749566583493	0.748798790264	0.736977876997	0.746468279187	0.747288644325	0.770786605715	0.772224464644	0.776408901857	0.742849579368	0.737699317777	0.769901938154	0.773184204494	0.787917526652	0.740196536622	0.72935384861	0.735288268334	0.742648558016	0.7731693934	0.797249973699	0.786337037435	0.761092184076	0.74612807763	0.741378031234
AH8	0.691655261734	0.682317243853	0.767205234761	0.710120037713	0.70045754704	0.679648563715	0.686013763596	0.672080963617	0.69021547892	0.691052590183	0.683968051753	0.687014675233	0.696010577531	0.728722940079	0.704847130671	0.692579954626	0.524261068347	0.369218823877	0.764971785705	0.646336445772	0.645836942764	0.642305501187	0.664006194839	0.665883689637	0.711992785179	0.675047595565	0.653705275905	0.641014234925	0.664331269978	0.660225665394	0.51431374089	0.0	0.673456926397	0.703975836142	0.716110867505	0.716863088523	0.681163554515	0.680813632845	0.697921036981	0.705486249836	0.689004980398	0.689330620307	0.692587958738	0.704832858576	0.720638469154	0.717818964189	0.724421057151	0.705469509696	0.696678582886	0.727008967073	0.714768829347	0.732200997936	0.690230969307	0.678952398981	0.685631951664	0.681677548781	0.723820512658	0.739371451266	0.741998302809	0.700335961112	0.683655973285	0.705612899895
AA5	0.656335925788	0.670468038718	0.710159937992	0.697498036524	0.681281677903	0.65324223044	0.703320820849	0.683618232357	0.634743133531	0.710346709153	0.644546119901	0.652481546148	0.679771953548	0.709121121399	0.667445155016	0.662033193609	0.655001789102	0.666161357542	0.778526066874	0.690084914578	0.70975663857	0.707384711131	0.669268816574	0.683060478417	0.742038039194	0.676690695855	0.667563241476	0.689291260831	0.686332543794	0.683125964266	0.716929319804	0.673456926397	0.0	0.597427509397	0.690820350696	0.67893637062	0.640880811743	0.644732277421	0.676549724606	0.684681363233	0.688763953643	0.64733484533	0.640527862433	0.65668313902	0.713768903465	0.669093072387	0.704656356945	0.702718258927	0.673073270455	0.706313710952	0.692425946886	0.702422617623	0.66160773984	0.694893627495	0.668965478325	0.687597313116	0.649684851767	0.724244581593	0.670551053744	0.678017830899	0.637030147658	0.70058352657
AA6	0.683584032132	0.671202193173	0.786831888214	0.700154741955	0.704129748208	0.65525101829	0.665832781834	0.651650042861	0.709706655267	0.659629068273	0.683677585047	0.650671194911	0.694674133014	0.731335869136	0.719590965815	0.683017562056	0.713858376006	0.695931117203	0.784932502403	0.688929952077	0.705929601188	0.667320607729	0.705405051574	0.694954597244	0.765122594025	0.690398141767	0.688848465928	0.673523642143	0.69595073126	0.677197627538	0.759569766309	0.703975836142	0.597427509397	0.0	0.700522926626	0.674091116703	0.656209511822	0.622210451799	0.670318504166	0.673212460632	0.660402917143	0.674493374659	0.660254434323	0.66537957983	0.460822272875	0.411664008757	0.701797848573	0.684062267511	0.6680702997	0.681859839604	0.673292755426	0.677821621776	0.672529583098	0.699389813071	0.687904817029	0.663084422693	0.653430485193	0.689851094094	0.683385009485	0.6550909312	0.653414372647	0.695526503723
AB5	0.674936018637	0.664158203689	0.733087725429	0.685488999405	0.676452824534	0.67288618079	0.674878608014	0.682391872449	0.697567871541	0.676692588912	0.672910543309	0.674160427403	0.691876599676	0.685337674196	0.672153118893	0.655866385316	0.713015837652	0.715346395385	0.765553327215	0.692743014853	0.725427690002	0.705826123432	0.718757660575	0.720056334482	0.75014344993	0.723067133135	0.696104612884	0.70957649713	0.700435864519	0.687961943939	0.772501343533	0.716110867505	0.690820350696	0.700522926626	0.0	0.407540021162	0.646752553855	0.655104846304	0.650320136264	0.626064917929	0.635415240951	0.680883401863	0.677431755624	0.650909314984	0.709242139201	0.692373711071	0.666725912854	0.691678366675	0.676872083604	0.700062510673	0.682643272725	0.688889525559	0.656152254276	0.692098216317	0.687764093725	0.665930703595	0.704978290918	0.695786964365	0.701943749019	0.700019672082	0.645195427769	0.70413294631
AB6	0.679847653147	0.655125778718	0.759294905428	0.684809136539	0.679173928877	0.67010439364	0.681386535983	0.689464815069	0.713549995214	0.678066669841	0.673946376785	0.676679410555	0.692603563214	0.712824650401	0.68950660333	0.64830065685	0.725597862669	0.722857783941	0.785384540381	0.684264711032	0.743022285269	0.709546030294	0.716721980078	0.709037533204	0.75984942028	0.717013521473	0.698084655844	0.703880905261	0.689489634909	0.683795274748	0.771995613704	0.716863088523	0.67893637062	0.674091116703	0.407540021162	0.0	0.653461178621	0.644873690602	0.649060439426	0.631013390307	0.643409938682	0.672878772842	0.652718489003	0.566072684039	0.688866242518	0.666696162355	0.667963044612	0.689119551355	0.671308016971	0.681129214553	0.671104414331	0.682419012503	0.656177916461	0.685805947667	0.689149984501	0.651122290474	0.669335015232	0.692689836902	0.687079610927	0.680117387524	0.641773320882	0.704082610845
AC5	0.644150718543	0.653770831605	0.716506230438	0.669824791095	0.683547572956	0.666899331156	0.679372472434	0.664284983453	0.658972399141	0.68353635655	0.6503643019	0.681613661037	0.677309231191	0.683687296558	0.681949549677	0.665040311307	0.680521192263	0.684741545358	0.758306096787	0.676987867198	0.708304152727	0.690241806307	0.691713830651	0.688603654656	0.7361074645	0.702567186735	0.676530914078	0.685605597267	0.662310883685	0.659495047179	0.746072819068	0.681163554515	0.640880811743	0.656209511822	0.646752553855	0.653461178621	0.0	0.503279744077	0.636310191892	0.64985181553	0.64483697148	0.659192126553	0.602687588237	0.63412873927	0.670072374551	0.660316083603	0.663773997604	0.695731494524	0.629016146306	0.685164007973	0.652110502447	0.654665279833	0.635385344004	0.662940781128	0.643397899892	0.643908361203	0.652934051514	0.681677777206	0.637117998106	0.670260693051	0.628580279677	0.70578218163
AC6	0.661130393526	0.654745108216	0.753021800385	0.675532132324	0.677310914634	0.63669461534	0.661226408486	0.646074488249	0.69063599188	0.668063922692	0.664591823016	0.642171050069	0.669005549442	0.692426678851	0.680215460306	0.649229000588	0.680617495016	0.679283347263	0.756299189811	0.661982131898	0.714110469246	0.682772085253	0.681283501399	0.690615583335	0.754550638776	0.672901919475	0.669369863193	0.664643873321	0.680632864587	0.656490135297	0.754133115429	0.680813632845	0.644732277421	0.622210451799	0.655104846304	0.644873690602	0.503279744077	0.0	0.630701785858	0.642754280437	0.63081930651	0.529035255246	0.505909372535	0.60845238869	0.663271641575	0.646239847263	0.672388808849	0.678523042358	0.627853587042	0.649623381421	0.648727577991	0.656948598378	0.654561664341	0.655422052946	0.666554576198	0.648050743224	0.617993161332	0.675997004199	0.651435844554	0.627604565032	0.633173983365	0.673211456466
AD6	0.672867490815	0.631959648294	0.767844326332	0.682203054014	0.659614225485	0.648154110113	0.630179347025	0.622187811302	0.672812696109	0.620427622189	0.670369038289	0.659570297041	0.688686393936	0.689124426579	0.672761795999	0.62584095378	0.694728870075	0.696032354257	0.782567292832	0.678923593213	0.707849168269	0.670218851837	0.696218855503	0.687290135079	0.759268901905	0.706122083308	0.665784412596	0.666796168111	0.687539438729	0.680156946635	0.753228650579	0.697921036981	0.676549724606	0.670318504166	0.650320136264	0.649060439426	0.636310191892	0.630701785858	0.0	0.519380003673	0.422696093584	0.642567619363	0.638723619547	0.64229147863	0.687182002672	0.674086718971	0.679423740705	0.662729901331	0.636914529941	0.649491748162	0.67163691635	0.667625341799	0.651449070831	0.647652184922	0.654260418117	0.654722362785	0.659243581687	0.666619395009	0.668665750794	0.647388168319	0.628549774454	0.662188015716
AE5	0.678240367867	0.650600475674	0.7568010125	0.689362766666	0.660400210656	0.642740036047	0.641539325886	0.642810551837	0.671375304045	0.634814679615	0.669983962557	0.648839542854	0.685374528475	0.708303780645	0.672705850667	0.647364258512	0.734906932914	0.706689742906	0.778668080581	0.688815765782	0.725010913696	0.703132079524	0.707897004702	0.71040037391	0.764917199862	0.712128617292	0.704817394761	0.724245234204	0.693816509903	0.682740132681	0.749566583493	0.705486249836	0.684681363233	0.673212460632	0.626064917929	0.631013390307	0.64985181553	0.642754280437	0.519380003673	0.0	0.404764859902	0.667808193123	0.65202870733	0.648113851623	0.688215971707	0.681742772216	0.674044969775	0.655562361976	0.647042322436	0.647560519164	0.65920778348	0.668757986499	0.645967514377	0.653173534486	0.644820556542	0.644999391607	0.651547051628	0.683953017376	0.654264824359	0.62903850367	0.623590439554	0.671750988033
AE6	0.680778695528	0.632282640623	0.775197554082	0.689617433801	0.678549192449	0.654052292301	0.611996886147	0.615351390256	0.673996228324	0.616885319718	0.693415424924	0.655030811872	0.690513028785	0.694528178526	0.682160738147	0.632192984912	0.715143301212	0.687194861587	0.781685144621	0.675074193946	0.713067615798	0.668989884658	0.699577347678	0.687196771342	0.759005823946	0.695421395184	0.676073226426	0.690138402901	0.672166236752	0.674805113886	0.748798790264	0.689004980398	0.688763953643	0.660402917143	0.635415240951	0.643409938682	0.64483697148	0.63081930651	0.422696093584	0.404764859902	0.0	0.661269404077	0.647920053273	0.647127399032	0.668867994382	0.655268693784	0.678138219878	0.642874150543	0.632307340118	0.629389951705	0.655692989381	0.658460095937	0.628974112955	0.630330013927	0.646565004185	0.622196885938	0.658404051426	0.661536713319	0.665625340425	0.627620324977	0.626750276893	0.65060952348
AF5	0.671067694232	0.657779159019	0.731746497606	0.655944976776	0.643625362136	0.686814776631	0.684020919949	0.677141216109	0.673520084538	0.686791853774	0.688023192106	0.686025807429	0.659128287852	0.656935744423	0.681664323795	0.669639406104	0.690057901552	0.68604435736	0.738100652928	0.675049994907	0.711489187041	0.702134671701	0.684849748771	0.690343934163	0.746697347303	0.699314225365	0.684141838242	0.688404331219	0.685795851835	0.687226602118	0.736977876997	0.689330620307	0.64733484533	0.674493374659	0.680883401863	0.672878772842	0.659192126553	0.529035255246	0.642567619363	0.667808193123	0.661269404077	0.0	0.469249567331	0.6309106001	0.710990418907	0.683539905004	0.700411967447	0.694623898085	0.645700753856	0.661066117889	0.682980111165	0.702448472456	0.677237352189	0.69705685814	0.699216847243	0.688784745018	0.661383025507	0.720308249597	0.684201584121	0.657938577327	0.650207241105	0.708161757026
AF6	0.663644034305	0.650467030919	0.726259923765	0.661950962766	0.649478933675	0.658546280799	0.68216821678	0.672586878096	0.680679995605	0.68351601655	0.658179712146	0.666636640716	0.672740155009	0.670149349205	0.686072542421	0.662897056137	0.685641086945	0.685831335757	0.740125050811	0.665501280737	0.716429589693	0.697903991391	0.694840071098	0.696678080962	0.749576509245	0.705837693551	0.674978188603	0.698495325052	0.678103301411	0.68086367718	0.746468279187	0.692587958738	0.640527862433	0.660254434323	0.677431755624	0.652718489003	0.602687588237	0.505909372535	0.638723619547	0.65202870733	0.647920053273	0.469249567331	0.0	0.630283772961	0.691899159444	0.664569636481	0.686154389311	0.686124466903	0.634498033017	0.646049956794	0.661962274349	0.679431176764	0.679038753994	0.697374462194	0.685520858596	0.676471144861	0.635147762551	0.692455209428	0.652197326143	0.63632534849	0.653094930286	0.706180170491
