	AA3	AA4	AB3	AB4	AC3	AC4	AD3	AD4	AE3	AE4	AF3	AF4	AG3	AG4	AH3	AH4	AA7	AA8	AB7	AB8	AC7	AC8	AD7	AD8	AE7	AE8	AF7	AF8	AG7	AG8	AH7	AH8	AA5	AA6	AB5	AB6	AC5	AC6	AD6	AE5	AE6	AF5	AF6	AG5	AH5	AH6	AA1	AA2	AB1	AB2	AC1	AC2	AD1	AD2	AE1	AE2	AF1	AF2	AG1	AG2	AH1	AH2
AA3	0.0	0.487204625506	0.66987191674	0.654493924509	0.679822636547	0.676579163826	0.694346486086	0.682942148684	0.648710229917	0.690914625196	0.641482575258	0.669590855482	0.648106566278	0.620150386741	0.673897996906	0.499469732082	0.681930377289	0.68775195724	0.755021443556	0.6884011592	0.699333912191	0.677754516482	0.681298752351	0.695252154912	0.728865996482	0.706185392158	0.667429522063	0.680543906465	0.690644894402	0.681660033547	0.73356673821	0.69065728741	0.671790574302	0.690956166609	0.670965561485	0.67818787727	0.638377877443	0.655623021139	0.67162727796	0.685021502104	0.677151828643	0.669431175193	0.656332385008	0.658372119702	0.712098325235	0.691349759903	0.654199681029	0.698859797594	0.644657165031	0.688259514765	0.672878997655	0.688449859584	0.63191094346	0.657575396077	0.667761648527	0.673656585094	0.656253922709	0.675215409005	0.662869967747	0.671254421188	0.632895876702	0.668807632507
AA4	0.487204625506	0.0	0.706089790839	0.645081635418	0.663069818007	0.652217451064	0.647929920013	0.653132241772	0.664888371057	0.638533397171	0.655291358952	0.638657402793	0.661640817979	0.634371397851	0.514589704679	0.382810681108	0.68370770475	0.68205530473	0.761486632162	0.683591248288	0.698667042806	0.654680218983	0.693124190118	0.68865343286	0.723034623701	0.679494865256	0.655130037847	0.655013270255	0.685539867761	0.670706233102	0.741372358557	0.689957244245	0.6827467944	0.681218573264	0.653787183879	0.651391547249	0.649718353552	0.648517209086	0.637340563038	0.666580438998	0.645048256033	0.654327637914	0.653884827156	0.639918441449	0.696540964154	0.67257649141	0.662458257893	0.666946270498	0.64257649863	0.653549157422	0.672492596989	0.670991944958	0.634730443234	0.643629410996	0.6595896394	0.645611197826	0.654957856939	0.660724286417	0.657243744973	0.649750490592	0.635340498338	0.639824203437
AB3	0.66987191674	0.706089790839	0.0	0.683176761935	0.732513199389	0.753010615742	0.758659239036	0.742151250312	0.716853649945	0.753894533722	0.708590363517	0.746294930232	0.713764618522	0.584234809192	0.717814019973	0.723660760213	0.737830324779	0.762326971767	0.719213680358	0.711180151671	0.736854901033	0.744863879726	0.744333000526	0.745499974239	0.707570946228	0.744676641756	0.723607743328	0.744372647641	0.70865968016	0.721994150121	0.771496885264	0.761176321701	0.741689933726	0.787279649677	0.7088333403	0.743248920181	0.705567632369	0.749082292576	0.761656136507	0.754619372444	0.77381234455	0.725512720002	0.736829248276	0.745012351253	0.809955876481	0.784638469322	0.770960854697	0.78738880367	0.744706157458	0.782910473229	0.756115522942	0.781727050556	0.740329762707	0.778963849963	0.749576759419	0.788062953381	0.761653741956	0.76980833299	0.752278932748	0.779899697909	0.735344265452	0.777061875052
AB4	0.654493924509	0.645081635418	0.683176761935	0.0	0.681258564748	0.685793404722	0.701114702699	0.693989387361	0.676298514044	0.690479428851	0.68691691124	0.679480454304	0.411389301944	0.445000333419	0.678403847209	0.670360853281	0.691232266323	0.687490695738	0.747950560469	0.674590961806	0.696354944212	0.680425456765	0.694062644968	0.682323834533	0.727123467482	0.70711556207	0.647231215902	0.660534120996	0.667254357416	0.675661012773	0.743094011124	0.709332534021	0.710963562332	0.714095416205	0.688261389964	0.699982571284	0.670993908035	0.662091047729	0.676720999688	0.680490657898	0.691485432263	0.6481894086	0.658449227155	0.69007235065	0.7084511478	0.713818053627	0.702912211199	0.70275904058	0.649953702985	0.700763936909	0.69238448455	0.708688676713	0.677464704914	0.700652853638	0.688972728727	0.689865893379	0.69312184873	0.70182723602	0.712092914925	0.702520120745	0.677265659235	0.692605226979
AC3	0.679822636547	0.663069818007	0.732513199389	0.681258564748	0.0	0.517203314507	0.6647971935	0.662467769283	0.647974231508	0.652000376694	0.692732429292	0.460512971286	0.684452349464	0.672600410964	0.664690913558	0.663230710293	0.684302576928	0.677399141664	0.757598885556	0.670509550674	0.710439007983	0.700253661281	0.720335357979	0.723494401087	0.712183038586	0.702704631447	0.70440770368	0.706826857322	0.696827687295	0.691718131597	0.747956798002	0.695177364367	0.675702513817	0.691538850215	0.690238334639	0.675111488676	0.686818100181	0.67358651869	0.682885943968	0.646529921574	0.660214834294	0.64002693085	0.660403818483	0.666431552838	0.715407004374	0.703107813383	0.710457991439	0.699610277828	0.683169286491	0.687525499832	0.677865354064	0.7039553405	0.679422080001	0.685134929784	0.671170352115	0.681479928999	0.695538414618	0.690843379967	0.686094053632	0.666861581729	0.684741019007	0.68380530919
AC4	0.676579163826	0.652217451064	0.753010615742	0.685793404722	0.517203314507	0.0	0.661511565425	0.654472130158	0.65772698213	0.65097580873	0.509970011846	0.406718577727	0.696380151859	0.688731664601	0.695398845251	0.647432567763	0.682632650034	0.681918375309	0.776015352042	0.677852954871	0.711288543078	0.679511638873	0.723924817603	0.709011364522	0.752061299604	0.705015322981	0.691223128387	0.682565038986	0.692869913657	0.693673790804	0.751413841842	0.677013436947	0.688173650427	0.659724210151	0.663882861009	0.667307703428	0.678173906709	0.657921183038	0.67368831936	0.635070257202	0.656437628785	0.675412352254	0.668143612909	0.66661500159	0.683944939757	0.671877059299	0.718711617021	0.693106073255	0.697593063968	0.689078016907	0.689082722023	0.688936840169	0.676246108314	0.690311642686	0.690799114981	0.68237663721	0.676736198194	0.671791438776	0.674103296342	0.677878191452	0.666765534345	0.686028826028
AD3	0.694346486086	0.647929920013	0.758659239036	0.701114702699	0.6647971935	0.661511565425	0.0	0.445118644329	0.669302871	0.344770581072	0.712259771584	0.647316179514	0.71366406497	0.707218975521	0.69489005374	0.661658959783	0.707259020504	0.691676576826	0.77447715166	0.666940876913	0.722214578398	0.681350882779	0.715849572046	0.693125099282	0.737038270367	0.693704777022	0.691291739507	0.666026598855	0.690536352614	0.676516410924	0.731712209182	0.690536765954	0.716400184246	0.672640460322	0.679742925124	0.664148822575	0.684753333298	0.663041359183	0.621471614172	0.638807320733	0.62116760179	0.691327599837	0.659077785485	0.688134941622	0.691025704963	0.680071526393	0.685411877959	0.686729828138	0.669230330721	0.660822773339	0.685131086693	0.677435458821	0.671791461564	0.674463598182	0.674320678627	0.668955197042	0.673394382044	0.674915420863	0.695176305867	0.668249233205	0.688313951864	0.65678186728
AD4	0.682942148684	0.653132241772	0.742151250312	0.693989387361	0.662467769283	0.654472130158	0.445118644329	0.0	0.569022269877	0.453406689543	0.673269297135	0.624490670775	0.688905724617	0.688984163706	0.690137200736	0.671252428339	0.697040447606	0.685497117431	0.771002644596	0.643927276534	0.702922333306	0.669430787711	0.68267487055	0.654297372078	0.713508096977	0.664108700044	0.67935763168	0.667995308754	0.670627289263	0.64714819179	0.709215993213	0.675451840056	0.697100193348	0.659575740556	0.681696684778	0.666276725682	0.670878093418	0.669116296735	0.646845142814	0.654506833402	0.638899632082	0.676890063984	0.676484261099	0.679501400261	0.687599641337	0.666801009477	0.702355905998	0.687094720312	0.664600371996	0.681707093817	0.687909686817	0.689178820107	0.664069389993	0.672846267052	0.649365084148	0.670494738828	0.693959196997	0.684023967596	0.695975937525	0.677191466384	0.675880293933	0.662924010049
AE3	0.648710229917	0.664888371057	0.716853649945	0.676298514044	0.647974231508	0.65772698213	0.669302871	0.569022269877	0.0	0.623393921945	0.65189978113	0.664758235376	0.661422920979	0.674686347817	0.659291609913	0.67112785229	0.659758865477	0.677348903542	0.768056168012	0.669709562156	0.719303100012	0.691296041316	0.659076138437	0.671182532211	0.738080272075	0.686126891315	0.65854112279	0.703738927588	0.659925860658	0.671807126986	0.731396745083	0.675446295182	0.636902871052	0.696725476717	0.672871138241	0.677917576708	0.645164269504	0.665633094006	0.654604576365	0.662969920268	0.668783067913	0.647998941835	0.655482870672	0.664900665672	0.722807185472	0.710336645589	0.694058582568	0.688214695816	0.687970020842	0.714712494623	0.683562680811	0.709286988107	0.663847044196	0.682869981639	0.645108937705	0.691956886203	0.68090502346	0.706809439388	0.687569986105	0.687196977398	0.637300057314	0.701326760148
AE4	0.690914625196	0.638533397171	0.753894533722	0.690479428851	0.652000376694	0.65097580873	0.344770581072	0.453406689543	0.623393921945	0.0	0.696936685523	0.634156610501	0.695079216024	0.697938325299	0.687115154076	0.649107679883	0.693430194576	0.679302263208	0.772848754686	0.657142517851	0.712410848511	0.663440248271	0.707252210595	0.677448253201	0.729096025169	0.68539651921	0.678938664078	0.667631724335	0.668007278159	0.65732314091	0.743405949037	0.67606769538	0.698596200558	0.652396290445	0.676432792913	0.654497462778	0.677825304245	0.64912452992	0.613524148888	0.634837610301	0.606196149623	0.6760171188	0.649749323859	0.672394255619	0.683882460337	0.674702864987	0.674461196462	0.667660610736	0.671538425774	0.656401096731	0.681269129244	0.672026279191	0.66951858819	0.662028487293	0.663738019595	0.661967101399	0.671152050172	0.667622131461	0.693240651273	0.66778230242	0.684253436079	0.656437752647
AF3	0.641482575258	0.655291358952	0.708590363517	0.68691691124	0.692732429292	0.509970011846	0.712259771584	0.673269297135	0.65189978113	0.696936685523	0.0	0.55785800645	0.676847524676	0.664441377485	0.662577848394	0.658023771059	0.67672965099	0.68928504629	0.755494825281	0.672524349115	0.678321620341	0.702913131713	0.690498699084	0.682606778346	0.75853441477	0.706694570634	0.687424408661	0.707439897331	0.691033798643	0.670502784707	0.7103836755	0.682156272647	0.661226571801	0.688372058247	0.659369596706	0.679311621419	0.649790221549	0.66479555251	0.687437075072	0.672105751555	0.69540864688	0.682067029853	0.680073530857	0.672231409151	0.699034870905	0.685197155284	0.720802899868	0.70584103044	0.700290823292	0.716647416565	0.713613116871	0.722826683697	0.687638314943	0.697826885219	0.692055188516	0.712738196184	0.679379369051	0.70188634511	0.684077132135	0.703309108668	0.645171483624	0.704346651063
AF4	0.669590855482	0.638657402793	0.746294930232	0.679480454304	0.460512971286	0.406718577727	0.647316179514	0.624490670775	0.664758235376	0.634156610501	0.55785800645	0.0	0.697584777241	0.677758107312	0.678211984577	0.639175757622	0.656841543448	0.678775559791	0.764206762282	0.662972332256	0.692443978589	0.661454462906	0.705334640386	0.691879452819	0.725889947337	0.683838605998	0.688303121805	0.65738088756	0.681998977289	0.675923716289	0.739658917829	0.657511313368	0.674294950705	0.648701918109	0.664491815324	0.665991960474	0.668261989523	0.628961088149	0.676900269057	0.646016984332	0.645649054316	0.639151605165	0.649746301113	0.65785562854	0.690556082942	0.668141456958	0.71984841686	0.684170597938	0.675419230309	0.653705512475	0.681710154672	0.679759841912	0.665354674097	0.679656726532	0.681277679184	0.677808868344	0.661990280413	0.658293343791	0.671722911479	0.665785995154	0.6622340532	0.667515452789
AG3	0.648106566278	0.661640817979	0.713764618522	0.411389301944	0.684452349464	0.696380151859	0.71366406497	0.688905724617	0.661422920979	0.695079216024	0.676847524676	0.697584777241	0.0	0.479094835805	0.684980607507	0.656237912673	0.683292627002	0.676573063566	0.763977879859	0.685130705262	0.680387423678	0.698140366475	0.688734200532	0.69183810049	0.723209034903	0.703668574278	0.669095014958	0.697115973402	0.677635101512	0.685834581129	0.730629793064	0.698780455914	0.694554419143	0.718552557559	0.687132007693	0.697564305934	0.680532890239	0.677590760933	0.684636935563	0.691625668171	0.691795844752	0.654114913478	0.66453943972	0.684724460577	0.719478223764	0.712570506392	0.695483343925	0.695769218399	0.657371915579	0.706907095077	0.70336787266	0.715769348864	0.679999549196	0.702453010335	0.679304673461	0.682334956598	0.704095172426	0.715804681066	0.710552197546	0.687688507024	0.685930531484	0.699381997738
AG4	0.620150386741	0.634371397851	0.584234809192	0.445000333419	0.672600410964	0.688731664601	0.707218975521	0.688984163706	0.674686347817	0.697938325299	0.664441377485	0.677758107312	0.479094835805	0.0	0.677283610194	0.642015009402	0.710357918978	0.696622049942	0.741290988001	0.670589953135	0.700341761708	0.689040944829	0.698789435846	0.687833136889	0.718595929949	0.707080733373	0.661969248292	0.690411683959	0.685517118096	0.685842417217	0.730654918636	0.708125195245	0.7026471637	0.722427202402	0.678217053553	0.695693547028	0.6859718487	0.680812179059	0.683581288605	0.686140713482	0.698447279428	0.643255064533	0.6495778719	0.691035918664	0.735617792079	0.736028457734	0.700429149495	0.706849063713	0.646873209685	0.691783658039	0.696591149229	0.710876717668	0.683370341952	0.711845982825	0.706957051866	0.707168375829	0.697371419274	0.717071869801	0.707605241184	0.692969564863	0.678697411347	0.69658963461
AH3	0.673897996906	0.514589704679	0.717814019973	0.678403847209	0.664690913558	0.695398845251	0.69489005374	0.690137200736	0.659291609913	0.687115154076	0.662577848394	0.678211984577	0.684980607507	0.677283610194	0.0	0.539006262115	0.676499933956	0.706500766468	0.767446205605	0.704359306194	0.707703865681	0.705762972968	0.688947224248	0.695791314684	0.724377882724	0.687751640062	0.691710135087	0.703312960566	0.701179811556	0.68731670615	0.746898740684	0.705295539892	0.666908609547	0.726513060267	0.692470256075	0.675681799216	0.66786046942	0.67290154796	0.681076752123	0.679139870846	0.68103771933	0.670009813666	0.674741198221	0.676861384116	0.729932161723	0.71459977137	0.714049262982	0.687552796387	0.699138897575	0.694959616879	0.713245771363	0.724984592602	0.700325123863	0.694945713593	0.683527733049	0.702549881061	0.705057394581	0.712660366361	0.695432905189	0.701035582186	0.6811463373	0.695331320529
AH4	0.499469732082	0.382810681108	0.723660760213	0.670360853281	0.663230710293	0.647432567763	0.661658959783	0.671252428339	0.67112785229	0.649107679883	0.658023771059	0.639175757622	0.656237912673	0.642015009402	0.539006262115	0.0	0.680244615182	0.685737489887	0.776278439315	0.685827857649	0.713906716387	0.673351909238	0.682557875396	0.687213836231	0.740795421048	0.693493466132	0.660634192187	0.65649417027	0.670667927733	0.690518288086	0.74476827242	0.681527436949	0.684164360803	0.679421470095	0.671486176268	0.645317143589	0.677548724059	0.652303856475	0.645234923856	0.660392989202	0.641741739744	0.664560443134	0.650792169183	0.648361435205	0.69104935615	0.679157533295	0.672090455839	0.653668486324	0.659207333133	0.656563150789	0.661011168923	0.67705827419	0.649682168512	0.662013455205	0.675066643677	0.664259417011	0.662756842768	0.672396956816	0.664158501546	0.660703627614	0.64669489643	0.627873470544
AA7	0.681930377289	0.68370770475	0.737830324779	0.691232266323	0.684302576928	0.682632650034	0.707259020504	0.697040447606	0.659758865477	0.693430194576	0.67672965099	0.656841543448	0.683292627002	0.710357918978	0.676499933956	0.680244615182	0.0	0.508456099117	0.771064202192	0.691002470009	0.655622136009	0.664905850799	0.68460949713	0.695963557369	0.704069726161	0.708669836952	0.666811924692	0.678121052667	0.668563887426	0.680060168548	0.704895921099	0.530529789585	0.682833445878	0.713423778765	0.707334349429	0.710218990275	0.67141095785	0.675190109674	0.721169708074	0.730077927289	0.727566297125	0.690439856571	0.698099171312	0.71884277677	0.740815535057	0.727994844541	0.744531771045	0.733273957035	0.719333904322	0.740158699492	0.714152828939	0.738655008699	0.697058669343	0.716232314424	0.680645352599	0.711906623692	0.720869405651	0.724081597142	0.731556192955	0.732218817954	0.684170361502	0.719293326555
AA8	0.68775195724	0.68205530473	0.762326971767	0.687490695738	0.677399141664	0.681918375309	0.691676576826	0.685497117431	0.677348903542	0.679302263208	0.68928504629	0.678775559791	0.676573063566	0.696622049942	0.706500766468	0.685737489887	0.508456099117	0.0	0.764131190487	0.629184086843	0.64153811302	0.640141457448	0.680654447473	0.678672779412	0.695911324855	0.67437433388	0.669358211155	0.66161396192	0.654939714191	0.650503789271	0.534397085791	0.384558486839	0.693014863786	0.721438929618	0.701339112666	0.70633330904	0.695748318175	0.687974787163	0.707746100179	0.699882563185	0.693547975533	0.6875961619	0.697050199359	0.714866026514	0.71792205317	0.71576533657	0.717738761692	0.706686227198	0.699079094948	0.722607465772	0.711416078291	0.725280106743	0.679560713514	0.703345674898	0.685815205219	0.690021377626	0.733359457534	0.711495657815	0.731352888595	0.714676451766	0.688604677471	0.699300787909
AB7	0.755021443556	0.761486632162	0.719213680358	0.747950560469	0.757598885556	0.776015352042	0.77447715166	0.771002644596	0.768056168012	0.772848754686	0.755494825281	0.764206762282	0.763977879859	0.741290988001	0.767446205605	0.776278439315	0.771064202192	0.764131190487	0.0	0.571595511264	0.75274871639	0.755551887466	0.780997217327	0.781689131568	0.748104511815	0.7779947734	0.773638988356	0.769717902932	0.749656460861	0.633241599101	0.763302506625	0.768112352861	0.775820718296	0.798429424903	0.779753505729	0.7792464304	0.762733128535	0.760597822637	0.789007809422	0.78874799442	0.789756064128	0.724428902968	0.736669596148	0.775095235559	0.801097851855	0.799632406791	0.818758517503	0.818515267716	0.780441154654	0.801829693611	0.812139194912	0.811359026814	0.786307266014	0.807045111747	0.782723799103	0.804867965851	0.797014040268	0.795659421528	0.796419063601	0.799729953652	0.776956691184	0.791995119711
AB8	0.6884011592	0.683591248288	0.711180151671	0.674590961806	0.670509550674	0.677852954871	0.666940876913	0.643927276534	0.669709562156	0.657142517851	0.672524349115	0.662972332256	0.685130705262	0.670589953135	0.704359306194	0.685827857649	0.691002470009	0.629184086843	0.571595511264	0.0	0.655016756177	0.638960720292	0.679174857893	0.658090512546	0.675653964558	0.667957829698	0.653798403791	0.645651503436	0.490893655265	0.403986669925	0.689730581116	0.641537072046	0.702069661061	0.697458013807	0.696341086542	0.676095091574	0.681368435828	0.677773425476	0.687899238449	0.683267936743	0.677218625917	0.649333237319	0.658071690904	0.68704530828	0.712018407124	0.694390236782	0.735473408279	0.708193916222	0.674684504546	0.713776268459	0.691903319227	0.728485289844	0.675212407617	0.701419664643	0.680945161317	0.69388194446	0.7167013081	0.714339063175	0.708072620113	0.70647387453	0.682012065396	0.700445780774
AC7	0.699333912191	0.698667042806	0.736854901033	0.696354944212	0.710439007983	0.711288543078	0.722214578398	0.702922333306	0.719303100012	0.712410848511	0.678321620341	0.692443978589	0.680387423678	0.700341761708	0.707703865681	0.713906716387	0.655622136009	0.64153811302	0.75274871639	0.655016756177	0.0	0.494215724889	0.696322113547	0.686133748322	0.693547028636	0.682634776644	0.676035840773	0.600279146616	0.643506340174	0.62688358642	0.658300079097	0.650027520122	0.727239770526	0.70652857015	0.721392811206	0.7376005265	0.705913648521	0.714338024281	0.712497650643	0.727640937822	0.72545600977	0.708820121254	0.728729902572	0.710403620315	0.699701256456	0.69255358834	0.746863412393	0.750061065226	0.702134116383	0.737865914957	0.74809363004	0.753361096298	0.702709008718	0.696159914692	0.69381657958	0.691230362066	0.742228917723	0.720065696926	0.747127244305	0.725692249746	0.703643427481	0.730769872325
AC8	0.677754516482	0.654680218983	0.744863879726	0.680425456765	0.700253661281	0.679511638873	0.681350882779	0.669430787711	0.691296041316	0.663440248271	0.702913131713	0.661454462906	0.698140366475	0.689040944829	0.705762972968	0.673351909238	0.664905850799	0.640141457448	0.755551887466	0.638960720292	0.494215724889	0.0	0.689185996552	0.660557334966	0.711050793934	0.668735347639	0.493043637515	0.417495601128	0.641546985345	0.614060883113	0.700198842116	0.640828440789	0.715515990683	0.682917708192	0.695610810179	0.694865587646	0.687057920325	0.678677772406	0.68003161993	0.708085829182	0.678437890661	0.680933778158	0.690356713378	0.685303584842	0.681196433706	0.657520706864	0.71606231964	0.700962712338	0.671075739349	0.697072918229	0.69131544098	0.695434112919	0.664218759819	0.652005026788	0.6604981147	0.659608769781	0.695557373942	0.663812888698	0.709904754134	0.6976780822	0.671555129192	0.669549291427
AD7	0.681298752351	0.693124190118	0.744333000526	0.694062644968	0.720335357979	0.723924817603	0.715849572046	0.68267487055	0.659076138437	0.707252210595	0.690498699084	0.705334640386	0.688734200532	0.698789435846	0.688947224248	0.682557875396	0.68460949713	0.680654447473	0.780997217327	0.679174857893	0.696322113547	0.689185996552	0.0	0.464611901712	0.708680382404	0.516910036224	0.667760536292	0.682199291526	0.673760901628	0.680361737286	0.706145765022	0.667875066075	0.668480342709	0.721390405116	0.722027868077	0.716814036975	0.690641737232	0.688176686829	0.704267187536	0.70543335749	0.711514423683	0.681009733558	0.683730743294	0.699310335175	0.691002305413	0.708274106156	0.716845274646	0.695172124344	0.690125368699	0.715105281779	0.70506878043	0.725861567855	0.682536016058	0.678475027675	0.664028827562	0.689933818024	0.703661921924	0.70160317432	0.708738693143	0.705324798604	0.664123345998	0.702871115179
AD8	0.695252154912	0.68865343286	0.745499974239	0.682323834533	0.723494401087	0.709011364522	0.693125099282	0.654297372078	0.671182532211	0.677448253201	0.682606778346	0.691879452819	0.69183810049	0.687833136889	0.695791314684	0.687213836231	0.695963557369	0.678672779412	0.781689131568	0.658090512546	0.686133748322	0.660557334966	0.464611901712	0.0	0.597241291934	0.385745354385	0.62999383815	0.646304828089	0.651228425561	0.660396531657	0.700945545114	0.671620858443	0.693192039175	0.701511321717	0.726584066916	0.7070837347	0.686437182775	0.678511609901	0.683724348753	0.688158596703	0.695344159545	0.674589676387	0.67713338966	0.681132064046	0.709383062822	0.692702041035	0.723449863076	0.696847665701	0.679817568205	0.701207029565	0.702512220669	0.72683476317	0.671392973132	0.678057285865	0.667854706586	0.686375955975	0.695598109522	0.704983072711	0.710013974165	0.703400585062	0.666234908732	0.693305200845
AE7	0.728865996482	0.723034623701	0.707570946228	0.727123467482	0.712183038586	0.752061299604	0.737038270367	0.713508096977	0.738080272075	0.729096025169	0.75853441477	0.725889947337	0.723209034903	0.718595929949	0.724377882724	0.740795421048	0.704069726161	0.695911324855	0.748104511815	0.675653964558	0.693547028636	0.711050793934	0.708680382404	0.597241291934	0.0	0.489944389584	0.705082574193	0.696557504894	0.6881355517	0.693708387183	0.732382201763	0.694090179862	0.74183135521	0.757141418873	0.741669405577	0.741920665307	0.728073135176	0.754678557457	0.750073843915	0.76099773788	0.760658237931	0.72787108926	0.73864940872	0.739491708536	0.759745020387	0.754113439781	0.774169583965	0.775897071948	0.721879753256	0.763822903097	0.764216970712	0.792843518058	0.73923413697	0.75137827905	0.730428074805	0.744679692146	0.777458634197	0.775998662331	0.777528524473	0.753600195836	0.747583373943	0.770370107449
AE8	0.706185392158	0.679494865256	0.744676641756	0.70711556207	0.702704631447	0.705015322981	0.693704777022	0.664108700044	0.686126891315	0.68539651921	0.706694570634	0.683838605998	0.703668574278	0.707080733373	0.687751640062	0.693493466132	0.708669836952	0.67437433388	0.7779947734	0.667957829698	0.682634776644	0.668735347639	0.516910036224	0.385745354385	0.489944389584	0.0	0.651524807779	0.650481239634	0.659373158	0.660697684513	0.710746956043	0.669737986612	0.699640871982	0.708643237845	0.723184826043	0.707819901026	0.702985962685	0.685023563092	0.703302362438	0.710343255034	0.708549627697	0.685040651824	0.686622856221	0.688084898804	0.710211316147	0.691886987591	0.71640258541	0.697267182905	0.691243857881	0.714375493056	0.714469776512	0.737629455053	0.676342167089	0.675295379236	0.662643169699	0.678998739162	0.706025124931	0.704880993239	0.716850435087	0.70397879472	0.695543517584	0.707187986555
AF7	0.667429522063	0.655130037847	0.723607743328	0.647231215902	0.70440770368	0.691223128387	0.691291739507	0.67935763168	0.65854112279	0.678938664078	0.687424408661	0.688303121805	0.669095014958	0.661969248292	0.691710135087	0.660634192187	0.666811924692	0.669358211155	0.773638988356	0.653798403791	0.676035840773	0.493043637515	0.667760536292	0.62999383815	0.705082574193	0.651524807779	0.0	0.422834378462	0.641190019464	0.658874124266	0.717124544187	0.675182407696	0.69815523329	0.724412029707	0.690405111571	0.681316232898	0.684583130605	0.67780524149	0.662430895785	0.689234624732	0.685890133821	0.666004180972	0.671011529344	0.678919314284	0.722298453779	0.703101572716	0.708897371028	0.690739269781	0.69025208067	0.717564446147	0.680416508696	0.711475155858	0.678785288316	0.667668716082	0.66882289531	0.678070674155	0.684585336136	0.697779156699	0.698083795541	0.710700024722	0.661843335968	0.684079362403
AF8	0.680543906465	0.655013270255	0.744372647641	0.660534120996	0.706826857322	0.682565038986	0.666026598855	0.667995308754	0.703738927588	0.667631724335	0.707439897331	0.65738088756	0.697115973402	0.690411683959	0.703312960566	0.65649417027	0.678121052667	0.66161396192	0.769717902932	0.645651503436	0.600279146616	0.417495601128	0.682199291526	0.646304828089	0.696557504894	0.650481239634	0.422834378462	0.0	0.643831327226	0.640305312001	0.708695363093	0.652286075464	0.716841463691	0.67827008429	0.704799829704	0.697374079712	0.685510620505	0.677594771016	0.661851446906	0.698979105098	0.669487977674	0.690479143849	0.677963529037	0.695813319753	0.686114078264	0.672298126446	0.707717629508	0.703904862709	0.672092598168	0.690103079015	0.680784343912	0.697011512645	0.656754080115	0.650286377499	0.659849637845	0.659563690634	0.680323874436	0.673483186812	0.710352849305	0.702190855513	0.67207214175	0.672714156376
AG7	0.690644894402	0.685539867761	0.70865968016	0.667254357416	0.696827687295	0.692869913657	0.690536352614	0.670627289263	0.659925860658	0.668007278159	0.691033798643	0.681998977289	0.677635101512	0.685517118096	0.701179811556	0.670667927733	0.668563887426	0.654939714191	0.749656460861	0.490893655265	0.643506340174	0.641546985345	0.673760901628	0.651228425561	0.6881355517	0.659373158	0.641190019464	0.643831327226	0.0	0.457790593734	0.686435840324	0.632455212323	0.688189488714	0.706210445026	0.700898888682	0.682751058192	0.674023928888	0.669932001029	0.686653646818	0.695857386923	0.689720939063	0.67363576015	0.670321007502	0.665902191543	0.714416726843	0.691876730051	0.7202074483	0.709147880897	0.675822134897	0.709405996916	0.674832936262	0.736306271869	0.664794599825	0.697185043478	0.681670990889	0.68767887687	0.685108799126	0.714135121138	0.697898094104	0.705023633475	0.669422283747	0.695523086677
AG8	0.681660033547	0.670706233102	0.721994150121	0.675661012773	0.691718131597	0.693673790804	0.676516410924	0.64714819179	0.671807126986	0.65732314091	0.670502784707	0.675923716289	0.685834581129	0.685842417217	0.68731670615	0.690518288086	0.680060168548	0.650503789271	0.633241599101	0.403986669925	0.62688358642	0.614060883113	0.680361737286	0.660396531657	0.693708387183	0.660697684513	0.658874124266	0.640305312001	0.457790593734	0.0	0.692683434151	0.638677652368	0.69411324013	0.686134164132	0.693249071644	0.677094839134	0.651105878997	0.662261091586	0.674466591985	0.680503030506	0.672599195384	0.666516655415	0.666924735486	0.673139732688	0.689250673667	0.672461761604	0.714418591852	0.696256727895	0.670094466262	0.69673354099	0.691773208265	0.719217072413	0.663121745607	0.678310383855	0.665623241436	0.677064464446	0.681928616267	0.696596327477	0.687437796926	0.692084799965	0.66949501906	0.685289309259
AH7	0.73356673821	0.741372358557	0.771496885264	0.743094011124	0.747956798002	0.751413841842	0.731712209182	0.709215993213	0.731396745083	0.743405949037	0.7103836755	0.739658917829	0.730629793064	0.730654918636	0.746898740684	0.74476827242	0.704895921099	0.534397085791	0.763302506625	0.689730581116	0.658300079097	0.700198842116	0.706145765022	0.700945545114	0.732382201763	0.710746956043	0.717124544187	0.708695363093	0.686435840324	0.692683434151	0.0	0.510086037321	0.718593363003	0.774462275716	0.764299979627	0.770291821882	0.745073722165	0.740323057414	0.760288542102	0.757270816157	0.758674127427	0.735334100854	0.748363639693	0.746538395297	0.770264941558	0.763826882551	0.764808332967	0.762743094054	0.759124487227	0.771492619773	0.77701909615	0.787294571449	0.738087514071	0.745418591545	0.730139444114	0.743858675128	0.774732844019	0.777321066131	0.775490969265	0.761662944684	0.747408360696	0.762664379091
AH8	0.69065728741	0.689957244245	0.761176321701	0.709332534021	0.695177364367	0.677013436947	0.690536765954	0.675451840056	0.675446295182	0.67606769538	0.682156272647	0.657511313368	0.698780455914	0.708125195245	0.705295539892	0.681527436949	0.530529789585	0.384558486839	0.768112352861	0.641537072046	0.650027520122	0.640828440789	0.667875066075	0.671620858443	0.694090179862	0.669737986612	0.675182407696	0.652286075464	0.632455212323	0.638677652368	0.510086037321	0.0	0.695304937334	0.709840432094	0.709926141315	0.7030757568	0.692103597652	0.666651396676	0.710792048052	0.694607081108	0.694543848018	0.688113847714	0.691456995305	0.711492327002	0.716095951158	0.711921194527	0.720192452115	0.705731298305	0.708075403996	0.72168467215	0.7178054913	0.735909887683	0.684656541874	0.699865494555	0.675126000666	0.686308266487	0.723663931295	0.72012354926	0.736421779885	0.722318506376	0.694723668185	0.705456836701
AA5	0.671790574302	0.6827467944	0.741689933726	0.710963562332	0.675702513817	0.688173650427	0.716400184246	0.697100193348	0.636902871052	0.698596200558	0.661226571801	0.674294950705	0.694554419143	0.7026471637	0.666908609547	0.684164360803	0.682833445878	0.693014863786	0.775820718296	0.702069661061	0.727239770526	0.715515990683	0.668480342709	0.693192039175	0.74183135521	0.699640871982	0.69815523329	0.716841463691	0.688189488714	0.69411324013	0.718593363003	0.695304937334	0.0	0.608749143946	0.698856698887	0.703580291922	0.651294365704	0.662398463021	0.708685576149	0.699962036041	0.69849760798	0.647585427893	0.649002597961	0.672338621503	0.726115701853	0.675980004874	0.692043237508	0.714226635222	0.716275288205	0.723245923444	0.705287805435	0.727841280238	0.676498791063	0.703559268601	0.676597647818	0.713532151845	0.675458197464	0.709680322773	0.687583658473	0.701580223721	0.650884788566	0.710487780496
AA6	0.690956166609	0.681218573264	0.787279649677	0.714095416205	0.691538850215	0.659724210151	0.672640460322	0.659575740556	0.696725476717	0.652396290445	0.688372058247	0.648701918109	0.718552557559	0.722427202402	0.726513060267	0.679421470095	0.713423778765	0.721438929618	0.798429424903	0.697458013807	0.70652857015	0.682917708192	0.721390405116	0.701511321717	0.757141418873	0.708643237845	0.724412029707	0.67827008429	0.706210445026	0.686134164132	0.774462275716	0.709840432094	0.608749143946	0.0	0.692049764146	0.6925552041	0.65580585772	0.657174194912	0.684857470745	0.681506044405	0.669781315896	0.694464373167	0.658147024301	0.686377058573	0.480192802858	0.42990165979	0.697588306307	0.717797980848	0.682277724703	0.686895216868	0.681649562247	0.688316392564	0.680447746133	0.696807202929	0.702718481295	0.690854720033	0.671463085667	0.672094322373	0.699966553943	0.691804639896	0.65456687767	0.68019448843
AB5	0.670965561485	0.653787183879	0.7088333403	0.688261389964	0.690238334639	0.663882861009	0.679742925124	0.681696684778	0.672871138241	0.676432792913	0.659369596706	0.664491815324	0.687132007693	0.678217053553	0.692470256075	0.671486176268	0.707334349429	0.701339112666	0.779753505729	0.696341086542	0.721392811206	0.695610810179	0.722027868077	0.726584066916	0.741669405577	0.723184826043	0.690405111571	0.704799829704	0.700898888682	0.693249071644	0.764299979627	0.709926141315	0.698856698887	0.692049764146	0.0	0.427624870492	0.64584230088	0.680061312954	0.653734598677	0.629917983685	0.644701523873	0.682307004904	0.682898926431	0.642350635152	0.710457535747	0.699653817152	0.66890512482	0.692346486707	0.67186187995	0.702031549286	0.683571469943	0.685844069512	0.658083554786	0.683468567541	0.693230628715	0.68446678092	0.694849180079	0.685895124585	0.693946303843	0.698911459863	0.647444417177	0.677597116146
AB6	0.67818787727	0.651391547249	0.743248920181	0.699982571284	0.675111488676	0.667307703428	0.664148822575	0.666276725682	0.677917576708	0.654497462778	0.679311621419	0.665991960474	0.697564305934	0.695693547028	0.675681799216	0.645317143589	0.710218990275	0.70633330904	0.7792464304	0.676095091574	0.7376005265	0.694865587646	0.716814036975	0.7070837347	0.741920665307	0.707819901026	0.681316232898	0.697374079712	0.682751058192	0.677094839134	0.770291821882	0.7030757568	0.703580291922	0.6925552041	0.427624870492	0.0	0.669775051115	0.68032745062	0.64448438823	0.628968864526	0.639913237308	0.680338607207	0.664960819166	0.557303490325	0.692939415393	0.674903708099	0.672159485267	0.662727916859	0.667259596027	0.682269382374	0.675094652064	0.685159914764	0.663576321567	0.674623618502	0.69123424038	0.671835140947	0.682439177623	0.686586390683	0.678280612422	0.679867980731	0.647269386898	0.654442420478
AC5	0.638377877443	0.649718353552	0.705567632369	0.670993908035	0.686818100181	0.678173906709	0.684753333298	0.670878093418	0.645164269504	0.677825304245	0.649790221549	0.668261989523	0.680532890239	0.6859718487	0.66786046942	0.677548724059	0.67141095785	0.695748318175	0.762733128535	0.681368435828	0.705913648521	0.687057920325	0.690641737232	0.686437182775	0.728073135176	0.702985962685	0.684583130605	0.685510620505	0.674023928888	0.651105878997	0.745073722165	0.692103597652	0.651294365704	0.65580585772	0.64584230088	0.669775051115	0.0	0.514494045805	0.642416728324	0.65144621897	0.643578492855	0.661534616546	0.606916397339	0.641340440325	0.678663129386	0.657537894497	0.650486990311	0.687969166093	0.63559450819	0.683856505172	0.65879034841	0.670662230591	0.646258990352	0.656178522935	0.634156788271	0.655609622668	0.640436991858	0.638987260673	0.6567563405	0.672243378895	0.635857325816	0.664045300521
AC6	0.655623021139	0.648517209086	0.749082292576	0.662091047729	0.67358651869	0.657921183038	0.663041359183	0.669116296735	0.665633094006	0.64912452992	0.66479555251	0.628961088149	0.677590760933	0.680812179059	0.67290154796	0.652303856475	0.675190109674	0.687974787163	0.760597822637	0.677773425476	0.714338024281	0.678677772406	0.688176686829	0.678511609901	0.754678557457	0.685023563092	0.67780524149	0.677594771016	0.669932001029	0.662261091586	0.740323057414	0.666651396676	0.662398463021	0.657174194912	0.680061312954	0.68032745062	0.514494045805	0.0	0.641881208628	0.633949337334	0.646669668608	0.502612296897	0.494656238877	0.623484113134	0.675016005892	0.648367481929	0.661917041532	0.669787849188	0.644828915029	0.641885922856	0.66201366948	0.686735392062	0.668981541782	0.670734568301	0.657352098676	0.669151429892	0.615477683206	0.655535233256	0.639296485107	0.648515992385	0.642640348489	0.664405153211
AD6	0.67162727796	0.637340563038	0.761656136507	0.676720999688	0.682885943968	0.67368831936	0.621471614172	0.646845142814	0.654604576365	0.613524148888	0.687437075072	0.676900269057	0.684636935563	0.683581288605	0.681076752123	0.645234923856	0.721169708074	0.707746100179	0.789007809422	0.687899238449	0.712497650643	0.68003161993	0.704267187536	0.683724348753	0.750073843915	0.703302362438	0.662430895785	0.661851446906	0.686653646818	0.674466591985	0.760288542102	0.710792048052	0.708685576149	0.684857470745	0.653734598677	0.64448438823	0.642416728324	0.641881208628	0.0	0.514717292528	0.417556637364	0.666144938515	0.646668286996	0.663189556362	0.687410139657	0.682957001916	0.670265524468	0.671155763152	0.651702229547	0.65372894145	0.675304672321	0.670566789476	0.642496306906	0.657968514012	0.654512956649	0.654534717104	0.651062976902	0.663317196386	0.667929903028	0.657486213868	0.638791142515	0.633092496155
AE5	0.685021502104	0.666580438998	0.754619372444	0.680490657898	0.646529921574	0.635070257202	0.638807320733	0.654506833402	0.662969920268	0.634837610301	0.672105751555	0.646016984332	0.691625668171	0.686140713482	0.679139870846	0.660392989202	0.730077927289	0.699882563185	0.78874799442	0.683267936743	0.727640937822	0.708085829182	0.70543335749	0.688158596703	0.76099773788	0.710343255034	0.689234624732	0.698979105098	0.695857386923	0.680503030506	0.757270816157	0.694607081108	0.699962036041	0.681506044405	0.629917983685	0.628968864526	0.65144621897	0.633949337334	0.514717292528	0.0	0.394081425407	0.658100154076	0.642278678807	0.655227580946	0.669444727531	0.668439795289	0.663726839138	0.66417617869	0.646375032673	0.648598321315	0.656696317615	0.685602878521	0.63516220467	0.650514169651	0.634621654139	0.644516054314	0.654055137692	0.667463857824	0.666384688141	0.639264098188	0.628553195989	0.645334140984
AE6	0.677151828643	0.645048256033	0.77381234455	0.691485432263	0.660214834294	0.656437628785	0.62116760179	0.638899632082	0.668783067913	0.606196149623	0.69540864688	0.645649054316	0.691795844752	0.698447279428	0.68103771933	0.641741739744	0.727566297125	0.693547975533	0.789756064128	0.677218625917	0.72545600977	0.678437890661	0.711514423683	0.695344159545	0.760658237931	0.708549627697	0.685890133821	0.669487977674	0.689720939063	0.672599195384	0.758674127427	0.694543848018	0.69849760798	0.669781315896	0.644701523873	0.639913237308	0.643578492855	0.646669668608	0.417556637364	0.394081425407	0.0	0.653018526798	0.640219695861	0.665224994937	0.667332991554	0.658951733183	0.657582238964	0.65849151582	0.629649332957	0.644696041274	0.65789368026	0.665442649553	0.619809022627	0.633771707621	0.646098255948	0.635011209373	0.652855679869	0.656607427299	0.667640106471	0.638006836231	0.634156218706	0.618241731475
AF5	0.669431175193	0.654327637914	0.725512720002	0.6481894086	0.64002693085	0.675412352254	0.691327599837	0.676890063984	0.647998941835	0.6760171188	0.682067029853	0.639151605165	0.654114913478	0.643255064533	0.670009813666	0.664560443134	0.690439856571	0.6875961619	0.724428902968	0.649333237319	0.708820121254	0.680933778158	0.681009733558	0.674589676387	0.72787108926	0.685040651824	0.666004180972	0.690479143849	0.67363576015	0.666516655415	0.735334100854	0.688113847714	0.647585427893	0.694464373167	0.682307004904	0.680338607207	0.661534616546	0.502612296897	0.666144938515	0.658100154076	0.653018526798	0.0	0.474422433657	0.643108390986	0.709733327627	0.687477391408	0.700888850685	0.689774825245	0.655764694677	0.671164251896	0.687659926274	0.715786305609	0.666496971647	0.697854540198	0.676643060876	0.697290162577	0.673046058735	0.704642856346	0.669991959863	0.668721701738	0.654469517859	0.686198054694
AF6	0.656332385008	0.653884827156	0.736829248276	0.658449227155	0.660403818483	0.668143612909	0.659077785485	0.676484261099	0.655482870672	0.649749323859	0.680073530857	0.649746301113	0.66453943972	0.6495778719	0.674741198221	0.650792169183	0.698099171312	0.697050199359	0.736669596148	0.658071690904	0.728729902572	0.690356713378	0.683730743294	0.67713338966	0.73864940872	0.686622856221	0.671011529344	0.677963529037	0.670321007502	0.666924735486	0.748363639693	0.691456995305	0.649002597961	0.658147024301	0.682898926431	0.664960819166	0.606916397339	0.494656238877	0.646668286996	0.642278678807	0.640219695861	0.474422433657	0.0	0.646245952941	0.694096290251	0.676075021233	0.666126290033	0.675779184494	0.649840275722	0.655848363591	0.667665133111	0.68858563052	0.667728761539	0.68072532504	0.67967379801	0.684719733701	0.628309595122	0.676080445512	0.649097233609	0.653662730659	0.646546373111	0.672585299881
