	AA3	AA4	AB3	AB4	AC3	AC4	AD3	AD4	AE3	AE4	AF3	AF4	AG3	AG4	AH3	AH4	AA7	AA8	AB7	AB8	AC7	AC8	AD7	AD8	AE7	AE8	AF7	AF8	AG7	AG8	AH7	AH8	AA5	AA6	AB5	AB6	AC5	AC6	AD6	AE5	AE6	AF5	AF6	AG5	AH5	AH6	AA1	AA2	AB1	AB2	AC1	AC2	AD1	AD2	AE1	AE2	AF1	AF2	AG1	AG2	AH1	AH2
AA3	0.0	0.487437763396	0.690439820997	0.649240074562	0.682387237607	0.670907512244	0.695368642507	0.701457158029	0.653956584284	0.700784555347	0.663886244002	0.686930809142	0.654030010545	0.625413621802	0.683800267545	0.489753875161	0.692625667453	0.706723939278	0.756522439751	0.681049419769	0.693075761174	0.690652656531	0.673227671698	0.698650133787	0.726748328237	0.699572352085	0.665924800192	0.684303007711	0.700489762941	0.677383913639	0.741393410595	0.69250747583	0.651671439675	0.683599942371	0.679218771973	0.681235964789	0.653865559339	0.644567598796	0.666507296968	0.686950816752	0.677500816873	0.675480821858	0.680437330339	0.66964355795	0.71051441785	0.692773916897	0.664955139309	0.693792922946	0.64868779262	0.689732410056	0.674412970854	0.680439140671	0.635477223494	0.6635000963	0.672265702407	0.682124914298	0.666785421244	0.684324567929	0.658616812847	0.694245913678	0.6518575701	0.699906620946
AA4	0.487437763396	0.0	0.680431030173	0.644827188626	0.656944183519	0.650072048142	0.654123098588	0.655668373574	0.661291701943	0.668471200092	0.669296490977	0.657479149381	0.666968212081	0.63499634693	0.500074143057	0.368338122401	0.689643175328	0.700765738693	0.76366930685	0.676808215734	0.718311885032	0.662793901811	0.681176811741	0.684181607199	0.716215329124	0.678478232655	0.656012659151	0.668869815662	0.683149872185	0.661061873115	0.749935298385	0.690338396673	0.657924509541	0.670709918162	0.671974283453	0.667311240266	0.660990530809	0.641189620736	0.64324099579	0.660127154411	0.640504339695	0.673709518437	0.66194471778	0.648544821716	0.695474113191	0.676252445865	0.676689744942	0.664600260839	0.651532198827	0.653194971895	0.678335404887	0.669787174342	0.646732743121	0.64487909749	0.661875729905	0.655265048393	0.647325192156	0.656077875378	0.654391257372	0.662252032404	0.665791849759	0.660735482192
AB3	0.690439820997	0.680431030173	0.0	0.638477913404	0.681088761808	0.734220601034	0.763394830802	0.75773012369	0.722375327921	0.764574427635	0.719366229901	0.738037094564	0.707382530623	0.610716677158	0.669593085434	0.694346064992	0.692575743699	0.737929014888	0.726703651602	0.694152640328	0.70157751465	0.72502663071	0.706816240133	0.712109774515	0.705056797349	0.722042523053	0.715665144883	0.730070316842	0.692488423243	0.703505527513	0.744133200788	0.730326961418	0.717239265119	0.763731086643	0.723489580893	0.742644454988	0.724690857281	0.742405257932	0.759636526238	0.763526124237	0.778025598265	0.726575926748	0.724763891087	0.728259899148	0.787155147767	0.781627603435	0.775809294405	0.765635616301	0.733215550237	0.771573730944	0.75300809465	0.768191697117	0.738928109504	0.761748006189	0.744264267213	0.754444119978	0.755237331147	0.76845092549	0.756301886459	0.775853933257	0.728011692009	0.762148988709
AB4	0.649240074562	0.644827188626	0.638477913404	0.0	0.701724639812	0.688901956511	0.700781363981	0.69366517384	0.687759974442	0.698276725048	0.676248158128	0.694987580022	0.435059809921	0.42446578225	0.684439982555	0.64423946555	0.710106293927	0.70099744098	0.76176512578	0.678050477261	0.702792335613	0.686801554233	0.687800301478	0.694982982306	0.733854190149	0.699579905133	0.662258971999	0.677637156526	0.682055121903	0.675763198187	0.738695997724	0.701612407064	0.691788740983	0.693876787399	0.690862220154	0.683039999568	0.692697456289	0.659504791737	0.692326799317	0.684415517063	0.70668660285	0.68840485838	0.670459329876	0.670449170522	0.7284492772	0.716969381434	0.709318850985	0.705797098196	0.653257749022	0.695774890241	0.701059466504	0.718350168082	0.672649793136	0.676610953975	0.685798239076	0.691311670567	0.695924358325	0.715741423788	0.704852190444	0.706937075127	0.677516964918	0.711278186768
AC3	0.682387237607	0.656944183519	0.681088761808	0.701724639812	0.0	0.541650521572	0.682440104011	0.673191786117	0.662537623115	0.66832118358	0.692771237386	0.490299784234	0.696398934068	0.691571045316	0.671714797508	0.650994588001	0.676030518484	0.69454607866	0.753348780126	0.669717560027	0.700975196018	0.686945136648	0.706246997286	0.717140905535	0.708313095719	0.698717675622	0.709712818107	0.690167854025	0.701024485189	0.691342696052	0.741698209546	0.683531708636	0.67100358277	0.690960113987	0.693705900874	0.695847090708	0.681666474606	0.675496951161	0.672040001913	0.651767728593	0.660348849048	0.674556143288	0.664029216062	0.665734417092	0.720933962194	0.70846783966	0.719612098658	0.695998358209	0.677025515523	0.680977738561	0.688939449519	0.697223117487	0.696310715162	0.67906580197	0.665302384511	0.681552158498	0.702208123262	0.705300493694	0.680052761502	0.678426439178	0.689847024346	0.722466274398
AC4	0.670907512244	0.650072048142	0.734220601034	0.688901956511	0.541650521572	0.0	0.681317619112	0.681689376901	0.653069759272	0.675681293415	0.481222683453	0.42877945573	0.684866680835	0.676455423591	0.6763925121	0.65637734524	0.707577627938	0.719859335393	0.774080520283	0.68609220531	0.727143993134	0.70314347509	0.704234124444	0.702405655012	0.754970405718	0.701405900422	0.699642647741	0.713836624934	0.721121459886	0.688364689595	0.76735251472	0.714446946834	0.677201179856	0.677409124172	0.662652008318	0.669690722273	0.660270290049	0.648373896783	0.660022453109	0.655073419011	0.673424759931	0.678779628775	0.669949575954	0.659344687555	0.685839690917	0.67037078229	0.705749126488	0.683932351947	0.693457091498	0.688997306946	0.69326518239	0.675613564178	0.683281141097	0.688145291972	0.681854063938	0.699636261393	0.671577044461	0.68713835444	0.668076513884	0.692232495029	0.670078319106	0.709279452947
AD3	0.695368642507	0.654123098588	0.763394830802	0.700781363981	0.682440104011	0.681317619112	0.0	0.386926047944	0.67927421735	0.343771960697	0.706778144835	0.673332374029	0.721959286099	0.697265893072	0.686662068637	0.659034709436	0.726380938241	0.693940363862	0.77951246154	0.66900332552	0.719490911502	0.690408960963	0.711471861379	0.69911630531	0.730096169626	0.669156909805	0.695798761637	0.669601996032	0.695774771279	0.673820683283	0.728670427305	0.687861401591	0.688903261615	0.64914639213	0.678538944364	0.68152647948	0.684909306779	0.66624016988	0.622318353074	0.636699902352	0.627381139781	0.698899367865	0.682229729397	0.68270218769	0.688315942077	0.688979153961	0.689245353661	0.669142789047	0.671332983765	0.654735457904	0.70060502084	0.689759505814	0.677604444923	0.666168339794	0.684213153286	0.679315466051	0.666370345606	0.661252617512	0.696185177311	0.669098904842	0.709558168047	0.629293750809
AD4	0.701457158029	0.655668373574	0.75773012369	0.69366517384	0.673191786117	0.681689376901	0.386926047944	0.0	0.603109907808	0.366243280628	0.693659694887	0.667501743206	0.705059283963	0.697120367599	0.686224592218	0.654485158803	0.69764832537	0.663795918631	0.775732881104	0.646712790428	0.706408339266	0.664568686382	0.690784835729	0.677443809649	0.72104262103	0.656471253732	0.663398249161	0.636880119298	0.663634780846	0.654720960734	0.697990783178	0.65416985252	0.675901698984	0.651505371462	0.672666486978	0.672407291139	0.677155370584	0.674779070094	0.626679089852	0.631558870159	0.630031309709	0.698829719025	0.682468661747	0.678165444292	0.68480669867	0.689120566605	0.705577901176	0.667714208461	0.68243618508	0.670259262771	0.708487547426	0.698926258866	0.695716556206	0.677157736044	0.680444772386	0.684643330374	0.689049744834	0.670784654433	0.721199225599	0.682178915819	0.701404755533	0.639895791644
AE3	0.653956584284	0.661291701943	0.722375327921	0.687759974442	0.662537623115	0.653069759272	0.67927421735	0.603109907808	0.0	0.634854037222	0.652018271249	0.68226659261	0.688797792561	0.677345258778	0.658701331974	0.676605012777	0.663641283903	0.697676023712	0.771523783563	0.689269338121	0.71637432979	0.715682008135	0.652106356157	0.686165838473	0.747645594797	0.686022350027	0.664193258685	0.701623801237	0.680691338281	0.676045421981	0.735135963504	0.688569777405	0.623838587768	0.694423961641	0.691948079974	0.687758018131	0.641066849729	0.664051666741	0.666596994291	0.678357096281	0.682223220676	0.666384063358	0.677083326768	0.665475078309	0.729412750025	0.720354312755	0.692706030423	0.708685569028	0.691796923049	0.722019740524	0.696479345659	0.710154951359	0.666380628771	0.687417092018	0.640223974466	0.704542411799	0.689917834793	0.72565417806	0.69670495468	0.706679930586	0.654077822863	0.733427357292
AE4	0.700784555347	0.668471200092	0.764574427635	0.698276725048	0.66832118358	0.675681293415	0.343771960697	0.366243280628	0.634854037222	0.0	0.704098928084	0.657411708763	0.718004623708	0.708147364289	0.695530900122	0.652660261092	0.709148230562	0.680618592422	0.778969030621	0.649495201403	0.711700275588	0.680269497931	0.702082407863	0.692674697052	0.732326126861	0.667332205408	0.677888756095	0.665491168062	0.680996729409	0.66019156305	0.724815356578	0.675804736677	0.69437277081	0.657684272225	0.661550945205	0.67153296693	0.678943828197	0.667976916946	0.626036063477	0.628238411958	0.628688189038	0.700060024504	0.683698424687	0.680886038664	0.688748162862	0.685482885238	0.696587479599	0.662888315044	0.688529519739	0.668102154035	0.692602826697	0.691712978479	0.691664604929	0.664757554559	0.665243332618	0.679228191779	0.680877155403	0.659893927091	0.704105492869	0.668616806736	0.702340908777	0.6384040848
AF3	0.663886244002	0.669296490977	0.719366229901	0.676248158128	0.692771237386	0.481222683453	0.706778144835	0.693659694887	0.652018271249	0.704098928084	0.0	0.558949238418	0.66510696114	0.67447000108	0.6651511181	0.668137551902	0.669857919356	0.69682292603	0.756820578343	0.683994729011	0.683466538581	0.709334607117	0.678766075334	0.691471501757	0.762464495284	0.705330466814	0.692161569291	0.717755124805	0.701895323556	0.676281596964	0.716156395254	0.696882735668	0.643483349174	0.677695731167	0.662488246702	0.68142238061	0.656719852947	0.656913055229	0.677805361462	0.678509247742	0.693098586235	0.673525691323	0.678450120742	0.660884853698	0.696497971628	0.68158742968	0.722711748606	0.70060937394	0.693712197752	0.72536704747	0.708206346302	0.71400456103	0.683620672007	0.700285298901	0.698781706776	0.715355625942	0.681258399189	0.710908746371	0.676379699601	0.711798537023	0.655124785842	0.720605243875
AF4	0.686930809142	0.657479149381	0.738037094564	0.694987580022	0.490299784234	0.42877945573	0.673332374029	0.667501743206	0.68226659261	0.657411708763	0.558949238418	0.0	0.697255895451	0.700137014657	0.699832294549	0.663332015091	0.71832458206	0.690386441733	0.780217261588	0.682415200025	0.715045498496	0.692332466764	0.72236032551	0.714788887107	0.750307572518	0.700336068631	0.686931524391	0.689286796437	0.686199988801	0.69280328119	0.75642606731	0.698230601924	0.671139288842	0.654862169736	0.667016680855	0.681715174993	0.6816159393	0.65807343812	0.669163209179	0.653280954042	0.652903495196	0.67794305028	0.662539307372	0.66057817302	0.697177944661	0.673229942582	0.721555950871	0.685947036032	0.695282593785	0.673932353421	0.667750980198	0.674254057839	0.688052299596	0.687732430137	0.704381232417	0.694282274158	0.683435397418	0.659583338677	0.68373224608	0.665062890094	0.674205488488	0.707062697496
AG3	0.654030010545	0.666968212081	0.707382530623	0.435059809921	0.696398934068	0.684866680835	0.721959286099	0.705059283963	0.688797792561	0.718004623708	0.66510696114	0.697255895451	0.0	0.500135761552	0.685660745523	0.668152770973	0.675566817966	0.691919540374	0.7717766397	0.694344862434	0.684681959294	0.700350132448	0.677947202142	0.690660859873	0.725991024786	0.703783814262	0.680452025402	0.694874947965	0.683620266833	0.685959945437	0.731217402422	0.700883777005	0.689859902774	0.698352596284	0.693769130643	0.70727917357	0.680202088451	0.678258511661	0.685950033308	0.686914835393	0.696198109006	0.672486117765	0.669284901712	0.677373890506	0.716383714537	0.707083178859	0.70605125123	0.705869586071	0.658698137436	0.704919108528	0.69285268615	0.715349904224	0.662318861474	0.682399414149	0.674495403264	0.693166031333	0.696904338549	0.711117791621	0.704903944694	0.699233993505	0.68580155514	0.723146232846
AG4	0.625413621802	0.63499634693	0.610716677158	0.42446578225	0.691571045316	0.676455423591	0.697265893072	0.697120367599	0.677345258778	0.708147364289	0.67447000108	0.700137014657	0.500135761552	0.0	0.679827795761	0.643222317017	0.716839621136	0.733033237503	0.748715229455	0.672265800683	0.688864386872	0.690019770599	0.685660854275	0.702547505895	0.719491920677	0.702852682089	0.676734474178	0.690127852879	0.677941341931	0.688703774412	0.750098293746	0.713802655138	0.685527475433	0.711692111905	0.691440110486	0.701812985866	0.675238235805	0.66985221931	0.682105803812	0.6915169788	0.701942841129	0.671946125971	0.669458867828	0.694196264082	0.732807259212	0.730828496793	0.705072697932	0.721544743486	0.652752785736	0.69948801672	0.69296411075	0.705877593699	0.666809662793	0.709263011344	0.714742517412	0.72120492098	0.69942385346	0.712296694486	0.710890133691	0.711264582774	0.663824678825	0.719698177536
AH3	0.683800267545	0.500074143057	0.669593085434	0.684439982555	0.671714797508	0.6763925121	0.686662068637	0.686224592218	0.658701331974	0.695530900122	0.6651511181	0.699832294549	0.685660745523	0.679827795761	0.0	0.541992132951	0.669935630263	0.699587895375	0.767570994921	0.69896490346	0.724221578505	0.706056829979	0.674696976453	0.689991114742	0.726094149581	0.683953174779	0.677046932627	0.701750655933	0.696378659496	0.689283876082	0.751465661176	0.709738963221	0.662439213822	0.71146822135	0.685810512762	0.689161824672	0.677646390842	0.697395508825	0.667894841689	0.683607733199	0.679855644929	0.690332708223	0.682860172097	0.669687971526	0.717629767079	0.708760972404	0.703109044779	0.688032527153	0.693925639686	0.706522631471	0.706633156588	0.728184923525	0.68804745998	0.692164840716	0.682572042452	0.693077816104	0.700389344125	0.71162860596	0.702664881162	0.691748853756	0.692442179165	0.686737227568
AH4	0.489753875161	0.368338122401	0.694346064992	0.64423946555	0.650994588001	0.65637734524	0.659034709436	0.654485158803	0.676605012777	0.652660261092	0.668137551902	0.663332015091	0.668152770973	0.643222317017	0.541992132951	0.0	0.687954542089	0.694778283663	0.773119379364	0.681233494485	0.713275315969	0.668649468244	0.679575860773	0.684394716859	0.726860513221	0.662334177771	0.644579237225	0.651295655104	0.672484434729	0.66642095267	0.747399260317	0.675308476053	0.656833094779	0.673094459519	0.663056437472	0.671901088613	0.670295217416	0.639972352681	0.64114042112	0.667093761317	0.635674703247	0.672636421503	0.680471291323	0.661831822719	0.69898104283	0.679084355304	0.682723382365	0.661182595316	0.657808732741	0.658502498717	0.675117593976	0.674239517459	0.651601099935	0.648111751729	0.664764105442	0.663269928188	0.649357544977	0.654037130321	0.672050022637	0.665730884352	0.663531288382	0.662124655644
AA7	0.692625667453	0.689643175328	0.692575743699	0.710106293927	0.676030518484	0.707577627938	0.726380938241	0.69764832537	0.663641283903	0.709148230562	0.669857919356	0.71832458206	0.675566817966	0.716839621136	0.669935630263	0.687954542089	0.0	0.516370656114	0.766063031739	0.6749085968	0.648008211663	0.666135602571	0.663163978735	0.681345719172	0.697129683036	0.702464120507	0.667192632126	0.668298607604	0.68592052888	0.68387761112	0.694030956411	0.546139578167	0.672988892224	0.723740852594	0.713673074453	0.726710897114	0.674278130745	0.697389206194	0.696279496164	0.727547030963	0.739474366304	0.703108624754	0.705883473983	0.718493241018	0.743473041967	0.741257917577	0.737677934211	0.73218911858	0.712868985122	0.751270749822	0.710639917861	0.743472909552	0.68375418679	0.708378291173	0.681196005206	0.722227692056	0.736902575014	0.737749028957	0.727381818062	0.736852862558	0.697509170786	0.719371539045
AA8	0.706723939278	0.700765738693	0.737929014888	0.70099744098	0.69454607866	0.719859335393	0.693940363862	0.663795918631	0.697676023712	0.680618592422	0.69682292603	0.690386441733	0.691919540374	0.733033237503	0.699587895375	0.694778283663	0.516370656114	0.0	0.783351029479	0.648010291734	0.633616661446	0.640115045747	0.681112568939	0.666501622822	0.708310758751	0.679492108015	0.645763503914	0.632814707466	0.651558432642	0.661543002041	0.558850590795	0.396235115411	0.67393721051	0.701719857183	0.713822941826	0.730911300537	0.695137676353	0.696501409653	0.690997447612	0.687914389325	0.703744084765	0.71308615676	0.697498891665	0.708323020769	0.726191422591	0.720348551466	0.725856127418	0.708160865401	0.70531439966	0.718264072088	0.709143925852	0.740128007841	0.698704463314	0.672485138914	0.696761850948	0.684877987428	0.732741156939	0.716665658983	0.743196944574	0.725396420191	0.715824009403	0.698997614645
AB7	0.756522439751	0.76366930685	0.726703651602	0.76176512578	0.753348780126	0.774080520283	0.77951246154	0.775732881104	0.771523783563	0.778969030621	0.756820578343	0.780217261588	0.7717766397	0.748715229455	0.767570994921	0.773119379364	0.766063031739	0.783351029479	0.0	0.551716924324	0.750105514361	0.751704992049	0.777539858034	0.788901393819	0.747165812376	0.775200525388	0.770644964472	0.779897270374	0.750951364088	0.64998459659	0.762468855986	0.754289769599	0.775290390201	0.785852482956	0.78219615369	0.792973112921	0.768481027974	0.770580309339	0.784508269888	0.790564973086	0.791699939827	0.747607315752	0.749941286635	0.781661339212	0.80167757822	0.806753841162	0.819594376655	0.79703787203	0.786240690061	0.800079533776	0.810795831397	0.806115868448	0.784083038565	0.798961899533	0.783297089856	0.798512283904	0.793481065261	0.802047500012	0.805424264412	0.795358920769	0.789188054978	0.80271477475
AB8	0.681049419769	0.676808215734	0.694152640328	0.678050477261	0.669717560027	0.68609220531	0.66900332552	0.646712790428	0.689269338121	0.649495201403	0.683994729011	0.682415200025	0.694344862434	0.672265800683	0.69896490346	0.681233494485	0.6749085968	0.648010291734	0.551716924324	0.0	0.661434080773	0.639824471879	0.68460259766	0.678295226668	0.681707001075	0.676099825277	0.6781133901	0.646379365815	0.507917290078	0.420006981327	0.678888159119	0.621347619988	0.692342892313	0.689723420019	0.689297543615	0.69484245953	0.685610256694	0.683343593841	0.673903708269	0.671622202512	0.679938305078	0.688749788538	0.668826193813	0.678011232236	0.704395710442	0.690594864752	0.737714427188	0.685560894045	0.680006656631	0.705868601112	0.707326040593	0.722640798352	0.673369551389	0.696216533061	0.690251117544	0.693637860228	0.700164892415	0.708933104791	0.708935505406	0.706698257605	0.688944965671	0.701078759223
AC7	0.693075761174	0.718311885032	0.70157751465	0.702792335613	0.700975196018	0.727143993134	0.719490911502	0.706408339266	0.71637432979	0.711700275588	0.683466538581	0.715045498496	0.684681959294	0.688864386872	0.724221578505	0.713275315969	0.648008211663	0.633616661446	0.750105514361	0.661434080773	0.0	0.50551475811	0.675571907416	0.684366716539	0.696043604451	0.690679275359	0.684882639596	0.58738147271	0.649495256867	0.649459133196	0.660864057199	0.654152262419	0.706873600237	0.709752397626	0.729597953597	0.748653699949	0.707497274954	0.731283331015	0.703250427782	0.724354378277	0.731520268571	0.729552491201	0.715604367323	0.714132061622	0.702863907366	0.698958258715	0.753259977217	0.747701283955	0.698125223553	0.732677715116	0.738505096072	0.750578759013	0.711951513834	0.701618706524	0.699112272259	0.707507225733	0.748788756044	0.745737812933	0.744895148542	0.731876475046	0.708615897877	0.750157785666
AC8	0.690652656531	0.662793901811	0.72502663071	0.686801554233	0.686945136648	0.70314347509	0.690408960963	0.664568686382	0.715682008135	0.680269497931	0.709334607117	0.692332466764	0.700350132448	0.690019770599	0.706056829979	0.668649468244	0.666135602571	0.640115045747	0.751704992049	0.639824471879	0.50551475811	0.0	0.674976350356	0.659044509942	0.700155967745	0.663098384145	0.505435771262	0.414703209178	0.651165404576	0.638866888551	0.698840826099	0.628962309165	0.696923283333	0.672516411155	0.70892812513	0.717677991231	0.688618406342	0.68228140432	0.675125323501	0.703299864007	0.683780705334	0.703153061087	0.688765753262	0.689911406166	0.682412079588	0.671054303709	0.722550102294	0.693769451783	0.670107345315	0.682333104156	0.69013444198	0.693469088949	0.675062755548	0.654531285124	0.688768773419	0.665281130773	0.694316442722	0.685046235216	0.705272986177	0.695243713012	0.678948950358	0.690745226902
AD7	0.673227671698	0.681176811741	0.706816240133	0.687800301478	0.706246997286	0.704234124444	0.711471861379	0.690784835729	0.652106356157	0.702082407863	0.678766075334	0.72236032551	0.677947202142	0.685660854275	0.674696976453	0.679575860773	0.663163978735	0.681112568939	0.777539858034	0.68460259766	0.675571907416	0.674976350356	0.0	0.443544077814	0.695120281521	0.48394955503	0.648712397324	0.663864412608	0.675635031129	0.674955270301	0.695915073766	0.66446549538	0.643616467227	0.68519555469	0.718446428443	0.714924043749	0.682393079964	0.684232452029	0.67431283304	0.713473162228	0.713658594621	0.677933717161	0.687615773992	0.692201473	0.708798810336	0.695641685231	0.715079220863	0.700762554995	0.676854586176	0.719853589254	0.691815781011	0.735977960503	0.673659134775	0.682802382239	0.657199423454	0.694933703372	0.695252567094	0.725333356998	0.708014118602	0.709254814091	0.663810618573	0.69873125154
AD8	0.698650133787	0.684181607199	0.712109774515	0.694982982306	0.717140905535	0.702405655012	0.69911630531	0.677443809649	0.686165838473	0.692674697052	0.691471501757	0.714788887107	0.690660859873	0.702547505895	0.689991114742	0.684394716859	0.681345719172	0.666501622822	0.788901393819	0.678295226668	0.684366716539	0.659044509942	0.443544077814	0.0	0.587311002547	0.370149157955	0.634169970905	0.642124999652	0.660971133495	0.661906701878	0.698708396744	0.664268116849	0.684909259819	0.6888231553	0.726232847166	0.733253661947	0.703811840355	0.692829319814	0.678659999674	0.708762780361	0.703397470447	0.700613297763	0.690906678946	0.690335829116	0.710148011415	0.697506137769	0.71858536397	0.697041955311	0.68785629578	0.713858849729	0.688108680796	0.728230035507	0.696120426616	0.674887900438	0.673790886012	0.693345813834	0.694559392239	0.725005243132	0.710292514391	0.708359642209	0.684971371483	0.704453603079
AE7	0.726748328237	0.716215329124	0.705056797349	0.733854190149	0.708313095719	0.754970405718	0.730096169626	0.72104262103	0.747645594797	0.732326126861	0.762464495284	0.750307572518	0.725991024786	0.719491920677	0.726094149581	0.726860513221	0.697129683036	0.708310758751	0.747165812376	0.681707001075	0.696043604451	0.700155967745	0.695120281521	0.587311002547	0.0	0.511972211645	0.713796367106	0.693873179199	0.689574530042	0.698141109131	0.733103217822	0.705016980943	0.733720496132	0.751113018661	0.744817148492	0.759963696023	0.726812916993	0.75899689929	0.750169725828	0.747636061372	0.756583856197	0.746442572201	0.70271189185	0.742360294405	0.757305286202	0.757760438838	0.768554736879	0.768794352792	0.727043764334	0.764786716995	0.7538191907	0.787489715609	0.747283945899	0.752735649127	0.730791617094	0.754000064837	0.77845683789	0.790953410665	0.775184932086	0.764856224291	0.744751815313	0.774148304525
AE8	0.699572352085	0.678478232655	0.722042523053	0.699579905133	0.698717675622	0.701405900422	0.669156909805	0.656471253732	0.686022350027	0.667332205408	0.705330466814	0.700336068631	0.703783814262	0.702852682089	0.683953174779	0.662334177771	0.702464120507	0.679492108015	0.775200525388	0.676099825277	0.690679275359	0.663098384145	0.48394955503	0.370149157955	0.511972211645	0.0	0.638381222705	0.627612673494	0.647459519071	0.66471352586	0.71818544959	0.669302181854	0.664125608282	0.677959013774	0.717324763719	0.718506482517	0.704649872573	0.683751147954	0.687353480807	0.708024691689	0.704483283599	0.696145505977	0.690847734765	0.690866000966	0.708885124138	0.688813828533	0.716105893243	0.694282876553	0.67878669317	0.69807786844	0.704124540716	0.722266816642	0.694550061035	0.669665542605	0.676074594877	0.691025711885	0.688868037764	0.712207365021	0.71252888648	0.707517359236	0.692523576968	0.693446799644
AF7	0.665924800192	0.656012659151	0.715665144883	0.662258971999	0.709712818107	0.699642647741	0.695798761637	0.663398249161	0.664193258685	0.677888756095	0.692161569291	0.686931524391	0.680452025402	0.676734474178	0.677046932627	0.644579237225	0.667192632126	0.645763503914	0.770644964472	0.6781133901	0.684882639596	0.505435771262	0.648712397324	0.634169970905	0.713796367106	0.638381222705	0.0	0.436594038295	0.643202447264	0.654780568811	0.733536625815	0.652229168749	0.655469687759	0.683898810811	0.678799739074	0.701196376872	0.668032103433	0.66788582827	0.663529386557	0.689238591823	0.689103738961	0.683550911523	0.689388527834	0.668261863351	0.724139726791	0.703940854925	0.708429165815	0.689255282578	0.673480772398	0.693801703581	0.670923819612	0.705864291784	0.67323501466	0.648889217297	0.676080155414	0.659535275672	0.661314896315	0.691530314773	0.686018368228	0.703889807921	0.658978051415	0.678499345843
AF8	0.684303007711	0.668869815662	0.730070316842	0.677637156526	0.690167854025	0.713836624934	0.669601996032	0.636880119298	0.701623801237	0.665491168062	0.717755124805	0.689286796437	0.694874947965	0.690127852879	0.701750655933	0.651295655104	0.668298607604	0.632814707466	0.779897270374	0.646379365815	0.58738147271	0.414703209178	0.663864412608	0.642124999652	0.693873179199	0.627612673494	0.436594038295	0.0	0.630298713808	0.641845703595	0.705407789869	0.624018653507	0.681218386028	0.678836158208	0.695553595365	0.719545776321	0.67830013472	0.667642581688	0.666227576111	0.689037277627	0.671163453787	0.706087772589	0.693119136367	0.685878582651	0.708346726238	0.698707943768	0.718452407	0.693619526221	0.65405126169	0.669909194452	0.678748076495	0.705398928861	0.665825877561	0.637630633055	0.67445664116	0.636610924614	0.675642197582	0.693346048944	0.701281742997	0.69109206844	0.675412514578	0.678700276956
AG7	0.700489762941	0.683149872185	0.692488423243	0.682055121903	0.701024485189	0.721121459886	0.695774771279	0.663634780846	0.680691338281	0.680996729409	0.701895323556	0.686199988801	0.683620266833	0.677941341931	0.696378659496	0.672484434729	0.68592052888	0.651558432642	0.750951364088	0.507917290078	0.649495256867	0.651165404576	0.675635031129	0.660971133495	0.689574530042	0.647459519071	0.643202447264	0.630298713808	0.0	0.436678147822	0.697316043258	0.657553398116	0.664625512081	0.698928288104	0.693390021983	0.72248053309	0.667478201993	0.671771043755	0.676625081452	0.684787668705	0.695688480205	0.686315952653	0.67475146962	0.667191117625	0.719344758749	0.687834976476	0.732795633177	0.707356750716	0.684608576825	0.714975580305	0.690463232647	0.731326766536	0.679983090784	0.687846510489	0.690149120487	0.689095953788	0.690886817983	0.706571815968	0.704309445776	0.697831434525	0.684897770622	0.708623518995
AG8	0.677383913639	0.661061873115	0.703505527513	0.675763198187	0.691342696052	0.688364689595	0.673820683283	0.654720960734	0.676045421981	0.66019156305	0.676281596964	0.69280328119	0.685959945437	0.688703774412	0.689283876082	0.66642095267	0.68387761112	0.661543002041	0.64998459659	0.420006981327	0.649459133196	0.638866888551	0.674955270301	0.661906701878	0.698141109131	0.66471352586	0.654780568811	0.641845703595	0.436678147822	0.0	0.705155574433	0.635579179018	0.670022884077	0.683309252234	0.694940358659	0.697634026167	0.655345222551	0.671104476641	0.661382484942	0.665729751252	0.679717296447	0.689498976703	0.671534154751	0.658484923391	0.68358686714	0.669224154485	0.721258883411	0.694732044512	0.672253585453	0.706590531536	0.696767492978	0.710886354938	0.667252807309	0.675718438532	0.673031829547	0.6710610859	0.683638528642	0.696716015258	0.687982319096	0.683333905003	0.682252076142	0.700207623718
AH7	0.741393410595	0.749935298385	0.744133200788	0.738695997724	0.741698209546	0.76735251472	0.728670427305	0.697990783178	0.735135963504	0.724815356578	0.716156395254	0.75642606731	0.731217402422	0.750098293746	0.751465661176	0.747399260317	0.694030956411	0.558850590795	0.762468855986	0.678888159119	0.660864057199	0.698840826099	0.695915073766	0.698708396744	0.733103217822	0.71818544959	0.733536625815	0.705407789869	0.697316043258	0.705155574433	0.0	0.534348659364	0.716891023867	0.763069513704	0.7727946778	0.784618573682	0.748005036132	0.763736660767	0.740055677588	0.754020043502	0.760019335771	0.749956416614	0.756009524608	0.751464585451	0.768298591146	0.774694142388	0.776705658937	0.754515764215	0.742470688401	0.774931253212	0.773351023418	0.789800483571	0.744931634723	0.734976610676	0.732118881704	0.741199924246	0.776177353174	0.791886935635	0.778076323197	0.7722107945	0.748022130655	0.734784806488
AH8	0.69250747583	0.690338396673	0.730326961418	0.701612407064	0.683531708636	0.714446946834	0.687861401591	0.65416985252	0.688569777405	0.675804736677	0.696882735668	0.698230601924	0.700883777005	0.713802655138	0.709738963221	0.675308476053	0.546139578167	0.396235115411	0.754289769599	0.621347619988	0.654152262419	0.628962309165	0.66446549538	0.664268116849	0.705016980943	0.669302181854	0.652229168749	0.624018653507	0.657553398116	0.635579179018	0.534348659364	0.0	0.669920913035	0.693123804818	0.703928251323	0.722787123766	0.690427051855	0.688507777728	0.699139510313	0.693316567895	0.701987573679	0.709776659964	0.701178600236	0.700223247568	0.723774924565	0.722031537752	0.724486566906	0.705969925996	0.706524161314	0.710425827818	0.71223465377	0.726237003664	0.706177168608	0.687605164238	0.685727833455	0.69682010053	0.718292118552	0.718459680398	0.732817915632	0.723914580574	0.702995462078	0.707805784784
AA5	0.651671439675	0.657924509541	0.717239265119	0.691788740983	0.67100358277	0.677201179856	0.688903261615	0.675901698984	0.623838587768	0.69437277081	0.643483349174	0.671139288842	0.689859902774	0.685527475433	0.662439213822	0.656833094779	0.672988892224	0.67393721051	0.775290390201	0.692342892313	0.706873600237	0.696923283333	0.643616467227	0.684909259819	0.733720496132	0.664125608282	0.655469687759	0.681218386028	0.664625512081	0.670022884077	0.716891023867	0.669920913035	0.0	0.581756785898	0.67494539457	0.695077785389	0.629458099189	0.634514107531	0.66418236479	0.699204560684	0.68868411932	0.640315091347	0.659126193678	0.663466180922	0.709636280672	0.664190829881	0.691972593665	0.699158599274	0.688806550129	0.697497854759	0.70580126279	0.723855173587	0.661849474371	0.696444576575	0.654950253922	0.694250815048	0.654009246359	0.699742548217	0.668792973216	0.692846211651	0.653840041011	0.706471101654
AA6	0.683599942371	0.670709918162	0.763731086643	0.693876787399	0.690960113987	0.677409124172	0.64914639213	0.651505371462	0.694423961641	0.657684272225	0.677695731167	0.654862169736	0.698352596284	0.711692111905	0.71146822135	0.673094459519	0.723740852594	0.701719857183	0.785852482956	0.689723420019	0.709752397626	0.672516411155	0.68519555469	0.6888231553	0.751113018661	0.677959013774	0.683898810811	0.678836158208	0.698928288104	0.683309252234	0.763069513704	0.693123804818	0.581756785898	0.0	0.685536120171	0.681745443073	0.650760761084	0.639739284849	0.653987824172	0.667603006322	0.657648332808	0.69604879905	0.649337310745	0.668724627951	0.461180969137	0.432022242293	0.697251595902	0.68166558998	0.670352173716	0.671440481267	0.680748378764	0.680639534157	0.674815234502	0.675784915138	0.695479094922	0.691809164626	0.658021207331	0.656961776489	0.674455570314	0.674758727272	0.658854875392	0.684625194037
AB5	0.679218771973	0.671974283453	0.723489580893	0.690862220154	0.693705900874	0.662652008318	0.678538944364	0.672666486978	0.691948079974	0.661550945205	0.662488246702	0.667016680855	0.693769130643	0.691440110486	0.685810512762	0.663056437472	0.713673074453	0.713822941826	0.78219615369	0.689297543615	0.729597953597	0.70892812513	0.718446428443	0.726232847166	0.744817148492	0.717324763719	0.678799739074	0.695553595365	0.693390021983	0.694940358659	0.7727946778	0.703928251323	0.67494539457	0.685536120171	0.0	0.430326071162	0.663582334697	0.654314670423	0.655111256689	0.632939075609	0.65212907204	0.691780583434	0.683658420233	0.647236451328	0.712398357647	0.683791821744	0.681249987794	0.693046098953	0.68128605668	0.692722443248	0.690943712971	0.699604720498	0.656809031041	0.687403394164	0.690623552918	0.6832909281	0.69711253743	0.675306764818	0.711965562652	0.715449767407	0.655700138332	0.703438328309
AB6	0.681235964789	0.667311240266	0.742644454988	0.683039999568	0.695847090708	0.669690722273	0.68152647948	0.672407291139	0.687758018131	0.67153296693	0.68142238061	0.681715174993	0.70727917357	0.701812985866	0.689161824672	0.671901088613	0.726710897114	0.730911300537	0.792973112921	0.69484245953	0.748653699949	0.717677991231	0.714924043749	0.733253661947	0.759963696023	0.718506482517	0.701196376872	0.719545776321	0.72248053309	0.697634026167	0.784618573682	0.722787123766	0.695077785389	0.681745443073	0.430326071162	0.0	0.656623355674	0.653836947187	0.661669917686	0.640295854802	0.644661725235	0.691328255119	0.689743558861	0.553721659635	0.698969818994	0.674474553552	0.678128211026	0.702571255138	0.681618139737	0.690781984663	0.689348110941	0.676920359767	0.664436046701	0.684791756601	0.684369453684	0.693198728662	0.686274331222	0.683882384595	0.683751528131	0.703940767259	0.66441700939	0.71462324388
AC5	0.653865559339	0.660990530809	0.724690857281	0.692697456289	0.681666474606	0.660270290049	0.684909306779	0.677155370584	0.641066849729	0.678943828197	0.656719852947	0.6816159393	0.680202088451	0.675238235805	0.677646390842	0.670295217416	0.674278130745	0.695137676353	0.768481027974	0.685610256694	0.707497274954	0.688618406342	0.682393079964	0.703811840355	0.726812916993	0.704649872573	0.668032103433	0.67830013472	0.667478201993	0.655345222551	0.748005036132	0.690427051855	0.629458099189	0.650760761084	0.663582334697	0.656623355674	0.0	0.494997499116	0.62926394383	0.651106499816	0.663077809949	0.666182842432	0.596721550114	0.637109680165	0.665015656878	0.652691268849	0.651327130838	0.69137241679	0.632674557215	0.681807990357	0.647036722095	0.661525423747	0.634529431269	0.647868564566	0.635090307456	0.662890442535	0.651212008346	0.655036520656	0.641895511645	0.675533478047	0.657221337121	0.688862604065
AC6	0.644567598796	0.641189620736	0.742405257932	0.659504791737	0.675496951161	0.648373896783	0.66624016988	0.674779070094	0.664051666741	0.667976916946	0.656913055229	0.65807343812	0.678258511661	0.66985221931	0.697395508825	0.639972352681	0.697389206194	0.696501409653	0.770580309339	0.683343593841	0.731283331015	0.68228140432	0.684232452029	0.692829319814	0.75899689929	0.683751147954	0.66788582827	0.667642581688	0.671771043755	0.671104476641	0.763736660767	0.688507777728	0.634514107531	0.639739284849	0.654314670423	0.653836947187	0.494997499116	0.0	0.634502179548	0.645062185156	0.642263307033	0.550127153897	0.494507733675	0.617309768567	0.680972735169	0.655539291779	0.653405351151	0.684977264378	0.640883698891	0.64047085693	0.645252145142	0.657818832265	0.648643553516	0.660215018206	0.659032092428	0.681689264242	0.608056121197	0.642042377527	0.630300926061	0.652824927817	0.653962143212	0.672614424805
AD6	0.666507296968	0.64324099579	0.759636526238	0.692326799317	0.672040001913	0.660022453109	0.622318353074	0.626679089852	0.666596994291	0.626036063477	0.677805361462	0.669163209179	0.685950033308	0.682105803812	0.667894841689	0.64114042112	0.696279496164	0.690997447612	0.784508269888	0.673903708269	0.703250427782	0.675125323501	0.67431283304	0.678659999674	0.750169725828	0.687353480807	0.663529386557	0.666227576111	0.676625081452	0.661382484942	0.740055677588	0.699139510313	0.66418236479	0.653987824172	0.655111256689	0.661669917686	0.62926394383	0.634502179548	0.0	0.501752861107	0.423163843566	0.658222822917	0.637699123273	0.655386972603	0.651766969024	0.661484139266	0.657987375636	0.644142375178	0.636525451251	0.653488082181	0.660820219846	0.674988245262	0.628286164763	0.626084486339	0.659486717799	0.640102573708	0.63016639085	0.659473149859	0.641212156206	0.636708947862	0.61920688277	0.633256928799
AE5	0.686950816752	0.660127154411	0.763526124237	0.684415517063	0.651767728593	0.655073419011	0.636699902352	0.631558870159	0.678357096281	0.628238411958	0.678509247742	0.653280954042	0.686914835393	0.6915169788	0.683607733199	0.667093761317	0.727547030963	0.687914389325	0.790564973086	0.671622202512	0.724354378277	0.703299864007	0.713473162228	0.708762780361	0.747636061372	0.708024691689	0.689238591823	0.689037277627	0.684787668705	0.665729751252	0.754020043502	0.693316567895	0.699204560684	0.667603006322	0.632939075609	0.640295854802	0.651106499816	0.645062185156	0.501752861107	0.0	0.382698694817	0.677091033569	0.653136171714	0.642681555932	0.677806113253	0.668007497901	0.678674914558	0.672879051107	0.64938593703	0.653494414636	0.674183094605	0.683643151879	0.650315385992	0.641491592704	0.652538478766	0.643913120242	0.658707143812	0.674842226875	0.664966965215	0.641731201207	0.64194765548	0.679307572663
AE6	0.677500816873	0.640504339695	0.778025598265	0.70668660285	0.660348849048	0.673424759931	0.627381139781	0.630031309709	0.682223220676	0.628688189038	0.693098586235	0.652903495196	0.696198109006	0.701942841129	0.679855644929	0.635674703247	0.739474366304	0.703744084765	0.791699939827	0.679938305078	0.731520268571	0.683780705334	0.713658594621	0.703397470447	0.756583856197	0.704483283599	0.689103738961	0.671163453787	0.695688480205	0.679717296447	0.760019335771	0.701987573679	0.68868411932	0.657648332808	0.65212907204	0.644661725235	0.663077809949	0.642263307033	0.423163843566	0.382698694817	0.0	0.668735569801	0.645334761458	0.650850896969	0.67931601772	0.660252093703	0.680125773211	0.648014623008	0.635254326119	0.634719199501	0.662495664217	0.675498372536	0.642749628503	0.631252145236	0.677806379924	0.650923472486	0.647043246987	0.659505633229	0.663003032721	0.622429338935	0.645977024969	0.657071735091
AF5	0.675480821858	0.673709518437	0.726575926748	0.68840485838	0.674556143288	0.678779628775	0.698899367865	0.698829719025	0.666384063358	0.700060024504	0.673525691323	0.67794305028	0.672486117765	0.671946125971	0.690332708223	0.672636421503	0.703108624754	0.71308615676	0.747607315752	0.688749788538	0.729552491201	0.703153061087	0.677933717161	0.700613297763	0.746442572201	0.696145505977	0.683550911523	0.706087772589	0.686315952653	0.689498976703	0.749956416614	0.709776659964	0.640315091347	0.69604879905	0.691780583434	0.691328255119	0.666182842432	0.550127153897	0.658222822917	0.677091033569	0.668735569801	0.0	0.482216958631	0.64558373052	0.725817071695	0.700293307783	0.710864103538	0.706158503266	0.671517781806	0.694757750148	0.692969897263	0.718936866054	0.686943778796	0.699919638988	0.691645344597	0.718889852781	0.679822200085	0.710964177726	0.685318939791	0.679122699153	0.665303148708	0.707386924328
AF6	0.680437330339	0.66194471778	0.724763891087	0.670459329876	0.664029216062	0.669949575954	0.682229729397	0.682468661747	0.677083326768	0.683698424687	0.678450120742	0.662539307372	0.669284901712	0.669458867828	0.682860172097	0.680471291323	0.705883473983	0.697498891665	0.749941286635	0.668826193813	0.715604367323	0.688765753262	0.687615773992	0.690906678946	0.70271189185	0.690847734765	0.689388527834	0.693119136367	0.67475146962	0.671534154751	0.756009524608	0.701178600236	0.659126193678	0.649337310745	0.683658420233	0.689743558861	0.596721550114	0.494507733675	0.637699123273	0.653136171714	0.645334761458	0.482216958631	0.0	0.625071748093	0.674273119202	0.649149917955	0.687662143454	0.681650350897	0.65403409955	0.670099768344	0.673238297227	0.692805831715	0.666107269795	0.67381518903	0.678039087113	0.687414392718	0.666720014046	0.684449142125	0.671656743923	0.655422563531	0.655058144328	0.680218523098
