	AA3	AA4	AB3	AB4	AC3	AC4	AD3	AD4	AE3	AE4	AF3	AF4	AG3	AG4	AH3	AH4	AA7	AA8	AB7	AB8	AC7	AC8	AD7	AD8	AE7	AE8	AF7	AF8	AG7	AG8	AH7	AH8	AA5	AA6	AB5	AB6	AC5	AC6	AD6	AE5	AE6	AF5	AF6	AG5	AH5	AH6	AA1	AA2	AB1	AB2	AC1	AC2	AD1	AD2	AE1	AE2	AF1	AF2	AG1	AG2	AH1	AH2
AA3	0.0	0.50820609055	0.683293173055	0.625453331342	0.685805661249	0.654375505769	0.697128536889	0.686516056504	0.654821100845	0.708695482629	0.651461665134	0.671651493994	0.644444765131	0.625473714447	0.676859897585	0.47031356988	0.672845474884	0.686359084344	0.759501516618	0.699449581645	0.698039460731	0.69007598362	0.669287074996	0.687276718339	0.724654166241	0.700862388597	0.667549186719	0.700465802221	0.682241382714	0.686610525147	0.744675206972	0.706299748635	0.660877193503	0.693612125829	0.667452083246	0.677040054009	0.630743060477	0.653286887262	0.675251524214	0.68953137377	0.682794086582	0.684663343581	0.648903986609	0.66907045679	0.704399916643	0.691055065865	0.662992276839	0.672155035768	0.642105007836	0.677988665772	0.661249335181	0.670872911856	0.632888061306	0.657008013384	0.677078615416	0.675079535393	0.654844658507	0.687815242402	0.673792869729	0.672620820381	0.64066727386	0.690193020678
AA4	0.50820609055	0.0	0.694548501128	0.621812166491	0.673801596034	0.656260366294	0.662850481684	0.658598678734	0.686805359439	0.653913363386	0.678253277389	0.660562685281	0.672765355171	0.623681573164	0.511274673266	0.364558434134	0.694015018157	0.690057341128	0.774723245138	0.698602534532	0.707353704312	0.658831474087	0.684830419236	0.692232374367	0.729990308084	0.695989445665	0.669889144781	0.672008635628	0.694327335651	0.682903192307	0.756739784952	0.70593635613	0.665110031221	0.682152511082	0.666838152713	0.653048720582	0.670121594567	0.652893832194	0.655823193685	0.677267823495	0.651352829722	0.682640103885	0.655406582046	0.649038344305	0.68653207179	0.674323017525	0.674583170807	0.653883688391	0.647839162706	0.648693197567	0.669936520708	0.672764002343	0.641835890478	0.63536417851	0.676882498682	0.653072753631	0.646512631073	0.665017227501	0.662610338117	0.65323646332	0.658367661876	0.66089812029
AB3	0.683293173055	0.694548501128	0.0	0.642122691132	0.707922336873	0.74046427341	0.742481310326	0.754508150541	0.73130232716	0.753236920371	0.725083506847	0.727026217565	0.709736823183	0.54824036446	0.696421109792	0.694062928718	0.715441414862	0.742587493732	0.726886422284	0.692244046818	0.720197993592	0.725131086289	0.718029653985	0.721015303942	0.700799080429	0.727805676454	0.71498601956	0.726095048765	0.695979902248	0.69641861114	0.750636643157	0.753125096173	0.726789818956	0.76847155632	0.713299570312	0.729696442475	0.721707870861	0.728116586908	0.759406742661	0.755301472297	0.771103970419	0.69705782594	0.696023567295	0.706872591938	0.787327053456	0.778068173986	0.770433108175	0.765431146641	0.702872284049	0.75636388122	0.74260705772	0.767303094164	0.740822580271	0.758184354224	0.74606214216	0.748812186149	0.748979537432	0.768566095218	0.751323410187	0.759077303097	0.72040116765	0.763597230815
AB4	0.625453331342	0.621812166491	0.642122691132	0.0	0.694061451502	0.666279866525	0.697713929244	0.677185378306	0.672315633467	0.704911166121	0.671225833421	0.674368372304	0.41030968569	0.438567597969	0.684062434167	0.629792761731	0.670650257618	0.694897336746	0.751314113505	0.683092192798	0.693084701461	0.67316792713	0.677655359941	0.691092491382	0.717962761282	0.690828015016	0.659207097586	0.692307053184	0.658317940883	0.670381796831	0.736104582709	0.714997526794	0.683513835915	0.694729769585	0.676321156297	0.67784811591	0.670981656544	0.663644858213	0.684499429079	0.688765893732	0.688600702367	0.645112556656	0.645181357605	0.662742737096	0.710926983558	0.717731421903	0.703352025175	0.684114651866	0.644922812053	0.678370345206	0.683171729685	0.698116615114	0.66970045389	0.682274903461	0.689607839106	0.685485804121	0.679269819373	0.694582022509	0.691236858317	0.673649412095	0.669705406964	0.691869969227
AC3	0.685805661249	0.673801596034	0.707922336873	0.694061451502	0.0	0.537767575755	0.677017841384	0.671005046585	0.666710971607	0.668161597609	0.689004312298	0.452859772101	0.700570014055	0.688822588272	0.667790053895	0.66972487027	0.678739255498	0.684014186138	0.763570630827	0.687171798552	0.713791520618	0.700683575875	0.715742758007	0.723318916192	0.710844661427	0.717583807964	0.721441338373	0.695529833143	0.716439948485	0.698903434105	0.740010326113	0.697295814803	0.66782762682	0.698256614397	0.693952859466	0.689620158076	0.694084164034	0.6875369194	0.691085568569	0.660973804801	0.671471419733	0.655599264174	0.65818035047	0.660085891467	0.724860277869	0.709189675622	0.724194650528	0.701637395355	0.68380806283	0.672195557732	0.706093483339	0.691998755942	0.689546314526	0.684543406181	0.67991286274	0.689687320551	0.698516572998	0.712326515376	0.685293094335	0.671169042353	0.676732921493	0.710300786327
AC4	0.654375505769	0.656260366294	0.74046427341	0.666279866525	0.537767575755	0.0	0.685803873094	0.671302245749	0.647044067081	0.663866477616	0.507404674306	0.413750126618	0.668908350005	0.674424018659	0.672266360165	0.641128311406	0.678385370725	0.695641149149	0.768258469079	0.683947961182	0.718398124729	0.703341872127	0.694301917301	0.714901136318	0.749633603903	0.70992444063	0.704722741803	0.694598150733	0.72024360329	0.690233901489	0.75432680556	0.70894630364	0.655063362937	0.665553231553	0.667086185539	0.657878187123	0.659625786386	0.658897587834	0.656600641176	0.659927836918	0.654764068215	0.663702688008	0.641857603709	0.657754959681	0.703194547731	0.668194865861	0.713917972317	0.697887568828	0.69116966168	0.665893915239	0.681974037648	0.668000037664	0.691820224009	0.689405677914	0.694504685529	0.692074801083	0.659750705844	0.672199949185	0.66579439952	0.67319489765	0.642003517237	0.685627752535
AD3	0.697128536889	0.662850481684	0.742481310326	0.697713929244	0.677017841384	0.685803873094	0.0	0.408003602429	0.675689123206	0.356188260286	0.709790720399	0.663185989766	0.716032902277	0.67518736111	0.692157196151	0.67148776844	0.711547481462	0.681741578211	0.777088528032	0.684018444209	0.721605825866	0.676506406697	0.710030336217	0.690401663129	0.728060702992	0.681594800571	0.689085924058	0.672918025927	0.714344317216	0.676841925347	0.726763058796	0.693347967991	0.690123528624	0.660242549521	0.692016213099	0.679331807204	0.684962482171	0.659674192794	0.646724129459	0.659894747499	0.636120961707	0.693511727738	0.682155745265	0.674194925541	0.702332730842	0.682800185384	0.697817732662	0.675724226653	0.674879583721	0.662233914302	0.706288628537	0.6826319272	0.683477853506	0.676892633124	0.684093741375	0.679910912849	0.684384889727	0.686386729854	0.693961321682	0.67268239162	0.704946839201	0.630281370404
AD4	0.686516056504	0.658598678734	0.754508150541	0.677185378306	0.671005046585	0.671302245749	0.408003602429	0.0	0.579729278177	0.387314623184	0.701515154404	0.64087841767	0.691483916993	0.669575051317	0.681110279591	0.65613537709	0.688202627961	0.684828781738	0.794818102088	0.68709792071	0.711987621572	0.690489704964	0.679822274835	0.675624147121	0.72783743533	0.658648528073	0.67696792286	0.685165588426	0.68159138374	0.67544143311	0.726158790836	0.679677586878	0.675098534515	0.661994840554	0.675653817804	0.681604945074	0.66196005792	0.64958227481	0.63697970029	0.650118885357	0.642270178417	0.677267033964	0.676129961032	0.657702028839	0.693434122518	0.675620393913	0.684089796714	0.642848484517	0.67116143303	0.654330324683	0.685406211337	0.688450871724	0.669035953785	0.653444214823	0.657094221607	0.657499638596	0.678423520128	0.685083689452	0.694883112046	0.644499301341	0.684558086323	0.617566930706
AE3	0.654821100845	0.686805359439	0.73130232716	0.672315633467	0.666710971607	0.647044067081	0.675689123206	0.579729278177	0.0	0.645287160197	0.654682109547	0.663276493285	0.666034947109	0.662343671395	0.676538216855	0.683001999685	0.642353460373	0.669119031124	0.766587562348	0.686874462798	0.721824866134	0.721798227382	0.651526315494	0.687613698161	0.73972143445	0.684666242542	0.66448581451	0.700947497642	0.666732162312	0.678446519671	0.730646026235	0.691936703906	0.620768314237	0.698912153608	0.689128064504	0.703312787498	0.653330589319	0.673026800937	0.679209770103	0.689391679991	0.698981493306	0.655153130248	0.670962384556	0.665742608739	0.733295957771	0.723898622146	0.713777927873	0.702531419017	0.704951992196	0.713312477146	0.696240421034	0.726723484527	0.681362187029	0.701091889929	0.664038598928	0.701750041864	0.70070534265	0.729434626248	0.710815811206	0.710683331399	0.664186266484	0.699371855066
AE4	0.708695482629	0.653913363386	0.753236920371	0.704911166121	0.668161597609	0.663866477616	0.356188260286	0.387314623184	0.645287160197	0.0	0.707482903343	0.649576576662	0.708718513749	0.685909001668	0.701049585652	0.673340338567	0.727509389431	0.693188307528	0.786023730608	0.674615856361	0.724982029971	0.680750127937	0.715448543527	0.698407255239	0.734096107947	0.684574471546	0.701594453226	0.680926822384	0.698769488962	0.667092575532	0.727428435403	0.691056030389	0.685020484618	0.663270926199	0.694161743733	0.665557336244	0.695274762077	0.666377631328	0.629646756686	0.643535851934	0.609269550562	0.692564892434	0.669617360078	0.656578249158	0.700482833628	0.685109207419	0.695217666827	0.66691970768	0.676313788733	0.655753371317	0.702745605643	0.687642826319	0.680454733935	0.6771747007	0.692001535327	0.681727862325	0.678614761706	0.697698525339	0.687983374347	0.661819614462	0.702976138273	0.626117594324
AF3	0.651461665134	0.678253277389	0.725083506847	0.671225833421	0.689004312298	0.507404674306	0.709790720399	0.701515154404	0.654682109547	0.707482903343	0.0	0.562114395534	0.67829955552	0.69071316762	0.667989869365	0.669109220401	0.673478425363	0.682998977236	0.760852956369	0.68502892463	0.680368703445	0.712744090677	0.671175177558	0.694659206492	0.757293614303	0.713134207708	0.699461244243	0.705171619143	0.709461976682	0.686754122168	0.716045038851	0.700979349214	0.640434517668	0.687740980863	0.668036730223	0.673884002908	0.662507467737	0.666002965881	0.674865357995	0.682272871087	0.700544488602	0.678045330354	0.659058632888	0.66958062762	0.693709312948	0.686805488974	0.721139735118	0.729139501459	0.697533123746	0.713312024624	0.709108776397	0.706604801848	0.696702138498	0.70043018343	0.705113836059	0.718148609031	0.669483315095	0.70514546467	0.694782457584	0.70191567385	0.635216065886	0.717026291729
AF4	0.671651493994	0.660562685281	0.727026217565	0.674368372304	0.452859772101	0.413750126618	0.663185989766	0.64087841767	0.663276493285	0.649576576662	0.562114395534	0.0	0.685927701453	0.677853273649	0.677759011012	0.645533295002	0.694296640298	0.668444959578	0.777628578493	0.689285029174	0.700021869821	0.68396266022	0.704794218459	0.710571800556	0.733192941869	0.689386246998	0.690654378545	0.667142704054	0.702025439823	0.677229778633	0.738252022275	0.684781383054	0.652616469282	0.653122461865	0.685312231661	0.674609917668	0.677043508317	0.652927185564	0.67395635201	0.650655540794	0.65860398947	0.650885240326	0.648547742389	0.657913244061	0.692175508639	0.665684987366	0.721852725534	0.689615681036	0.679222513941	0.656508750761	0.689473947893	0.678397193402	0.67314783036	0.668818366638	0.684308582949	0.666981468554	0.674965324123	0.68305116335	0.682237416145	0.656501042124	0.665271035082	0.671001663009
AG3	0.644444765131	0.672765355171	0.709736823183	0.41030968569	0.700570014055	0.668908350005	0.716032902277	0.691483916993	0.666034947109	0.708718513749	0.67829955552	0.685927701453	0.0	0.538212253038	0.679409874244	0.670124001835	0.667375776268	0.696010474708	0.775627607882	0.707067059442	0.691286352748	0.702690060784	0.672621785085	0.699735538349	0.729240175435	0.69400649268	0.677678374895	0.72049271913	0.682921293678	0.70647683248	0.742305884218	0.713574185356	0.681952466227	0.700969220534	0.687690743785	0.693075315908	0.683811959189	0.675845456	0.694752080453	0.708192132772	0.696300409932	0.676719445372	0.667356895767	0.666072162592	0.715940582068	0.719618756726	0.709813202093	0.7022458092	0.648539592951	0.686923113867	0.69909075077	0.715669001089	0.674646246712	0.689557004203	0.68465674467	0.689668195241	0.70806993045	0.719525332413	0.689906163942	0.685029103568	0.695485587878	0.712030876098
AG4	0.625473714447	0.623681573164	0.54824036446	0.438567597969	0.688822588272	0.674424018659	0.67518736111	0.669575051317	0.662343671395	0.685909001668	0.69071316762	0.677853273649	0.538212253038	0.0	0.668353281563	0.623458492792	0.688257934379	0.700136288612	0.726202562644	0.68107645907	0.69884938716	0.679362681612	0.674235729833	0.689598539224	0.69726408925	0.679808657341	0.648891473598	0.684499030511	0.673688066335	0.670100759226	0.736026530426	0.707067197614	0.693182575345	0.714358512433	0.664043534203	0.683895769835	0.676774925581	0.665852912156	0.685709401442	0.682300851616	0.677932959395	0.641963836275	0.626002805223	0.666214986159	0.739568487706	0.728126990647	0.694739900866	0.682986021033	0.636453160423	0.660927422961	0.681111818259	0.707377296571	0.675810714266	0.699835411779	0.700875347468	0.695713786423	0.691480013337	0.705624607527	0.690315686199	0.657814334678	0.668739692845	0.692356355727
AH3	0.676859897585	0.511274673266	0.696421109792	0.684062434167	0.667790053895	0.672266360165	0.692157196151	0.681110279591	0.676538216855	0.701049585652	0.667989869365	0.677759011012	0.679409874244	0.668353281563	0.0	0.532861316538	0.674759371728	0.704562595164	0.77386485488	0.693350795756	0.724050259378	0.713262589243	0.685323200152	0.70399951957	0.725637447683	0.704630927275	0.703113646568	0.704236838222	0.705499357636	0.706498014475	0.754201515518	0.71039108571	0.648835952551	0.715455082147	0.691855683824	0.684124365184	0.678555179427	0.678749531886	0.67899527778	0.701265368286	0.67522850407	0.688253430686	0.659908550902	0.663825309802	0.731234786879	0.723560596041	0.711151968641	0.699695484483	0.695472064426	0.700769112562	0.709310335089	0.718936494357	0.699709810401	0.701592921882	0.690685236132	0.700647795769	0.695799127411	0.723703205035	0.70318206022	0.689961358663	0.68260252596	0.702382489365
AH4	0.47031356988	0.364558434134	0.694062928718	0.629792761731	0.66972487027	0.641128311406	0.67148776844	0.65613537709	0.683001999685	0.673340338567	0.669109220401	0.645533295002	0.670124001835	0.623458492792	0.532861316538	0.0	0.67657669204	0.69212564532	0.774919071217	0.691381406031	0.711189871925	0.672595696333	0.672185291964	0.691166346483	0.728572101605	0.678286483323	0.666265021957	0.675162799193	0.682312583157	0.675649792082	0.743123657875	0.694614794561	0.664532214309	0.689325596818	0.670269117198	0.656540709266	0.65298244528	0.652514594352	0.647236791379	0.674383106663	0.650415171591	0.666141955367	0.648792845691	0.663523679427	0.688029810662	0.665214665934	0.680806222309	0.647974666251	0.647666021014	0.646905068355	0.660090155866	0.668786044723	0.648543385369	0.647298743772	0.676134890764	0.65764533485	0.653635867594	0.673231844423	0.668636068269	0.647875466729	0.648210793348	0.657346366462
AA7	0.672845474884	0.694015018157	0.715441414862	0.670650257618	0.678739255498	0.678385370725	0.711547481462	0.688202627961	0.642353460373	0.727509389431	0.673478425363	0.694296640298	0.667375776268	0.688257934379	0.674759371728	0.67657669204	0.0	0.503758251178	0.761268833256	0.664677915436	0.648733245857	0.677764744587	0.66149927344	0.684974113958	0.688194384562	0.687109190595	0.662280872402	0.689854242289	0.668167641375	0.675050873389	0.702461822616	0.567103954014	0.654834799778	0.722611734921	0.708170548842	0.718115119622	0.673777517714	0.696214208432	0.705360550485	0.7372947812	0.724873930926	0.67873228472	0.695587919856	0.697895181843	0.737046688472	0.721667680247	0.740517821739	0.72090456763	0.710311420716	0.72953008078	0.710050567114	0.737316393293	0.69260179937	0.700608336783	0.67957125659	0.716156428418	0.720441196165	0.72636123127	0.737425192526	0.718834951367	0.673181615063	0.712608526572
AA8	0.686359084344	0.690057341128	0.742587493732	0.694897336746	0.684014186138	0.695641149149	0.681741578211	0.684828781738	0.669119031124	0.693188307528	0.682998977236	0.668444959578	0.696010474708	0.700136288612	0.704562595164	0.69212564532	0.503758251178	0.0	0.773179817688	0.662970738627	0.64443820005	0.641060970788	0.689208579868	0.681628561538	0.697975863752	0.679498769353	0.656565216688	0.642472243552	0.669376446154	0.660277400071	0.548200059692	0.398270674903	0.663267297441	0.699486033299	0.71751395296	0.71464111943	0.693427578216	0.688772122001	0.706811037013	0.727398135812	0.712696763124	0.700327739307	0.705366199394	0.706868016399	0.721470342898	0.720014735369	0.728392392406	0.706139295837	0.698533109783	0.723622529792	0.730898293836	0.719554591011	0.683967295243	0.683419564612	0.691288968843	0.690828562747	0.726016831625	0.725061687147	0.739085877852	0.735033667403	0.700809737117	0.702695096349
AB7	0.759501516618	0.774723245138	0.726886422284	0.751314113505	0.763570630827	0.768258469079	0.777088528032	0.794818102088	0.766587562348	0.786023730608	0.760852956369	0.777628578493	0.775627607882	0.726202562644	0.77386485488	0.774919071217	0.761268833256	0.773179817688	0.0	0.556852801869	0.753428577756	0.758732302061	0.782599197863	0.788041756407	0.738540298241	0.7901501074	0.781007479542	0.772247034887	0.755244721036	0.627471103078	0.764751073047	0.78103546456	0.781453419161	0.791347268198	0.774933621007	0.798789510621	0.767761946169	0.764061560226	0.793468838544	0.799874759568	0.799364887956	0.730260741231	0.733149667489	0.772352928189	0.805148295751	0.809699873202	0.825565657516	0.812205727113	0.777550296917	0.800551485151	0.8145004556	0.808994826764	0.792518873798	0.796903332841	0.788999008032	0.797786002281	0.788159453062	0.808601467905	0.800350307032	0.791702811928	0.785500304428	0.807169667669
AB8	0.699449581645	0.698602534532	0.692244046818	0.683092192798	0.687171798552	0.683947961182	0.684018444209	0.68709792071	0.686874462798	0.674615856361	0.68502892463	0.689285029174	0.707067059442	0.68107645907	0.693350795756	0.691381406031	0.664677915436	0.662970738627	0.556852801869	0.0	0.673854856897	0.643926187298	0.69129264716	0.685606475473	0.665080884954	0.674600722604	0.668412917925	0.656526452833	0.528955075459	0.410509306594	0.713898436244	0.667413539678	0.699188826457	0.698390089513	0.689002021545	0.687494630152	0.679814352271	0.664026017384	0.687032782263	0.721206536688	0.708071477548	0.674964180026	0.660074016526	0.670435188297	0.716582054126	0.703651863324	0.739028120451	0.717885663644	0.69658528648	0.724382962837	0.712482001754	0.732364875553	0.687266104381	0.698867040796	0.712481101595	0.697876374161	0.706559549343	0.72199396933	0.721374794542	0.714551533296	0.685590354812	0.717256051132
AC7	0.698039460731	0.707353704312	0.720197993592	0.693084701461	0.713791520618	0.718398124729	0.721605825866	0.711987621572	0.721824866134	0.724982029971	0.680368703445	0.700021869821	0.691286352748	0.69884938716	0.724050259378	0.711189871925	0.648733245857	0.64443820005	0.753428577756	0.673854856897	0.0	0.51523643198	0.679399104128	0.680345727908	0.690411010776	0.69776997216	0.68838098888	0.583768987494	0.646529464072	0.639844378478	0.659468198917	0.661766095039	0.714599043336	0.701984183585	0.723341865633	0.733387873036	0.707868386292	0.710879858852	0.713015712034	0.744167053348	0.724701596947	0.719734224145	0.720687178201	0.705448224473	0.701885752874	0.704337008073	0.759858291476	0.747608983596	0.695628902721	0.737104860058	0.760247724072	0.752408420177	0.70839724925	0.687061751304	0.694315578994	0.704599694687	0.736052539977	0.730624504996	0.745703808398	0.722016395893	0.701800779029	0.741610798479
AC8	0.69007598362	0.658831474087	0.725131086289	0.67316792713	0.700683575875	0.703341872127	0.676506406697	0.690489704964	0.721798227382	0.680750127937	0.712744090677	0.68396266022	0.702690060784	0.679362681612	0.713262589243	0.672595696333	0.677764744587	0.641060970788	0.758732302061	0.643926187298	0.51523643198	0.0	0.686713200567	0.654814383098	0.688836271166	0.653175705397	0.472928327778	0.380904898556	0.638888549621	0.612910146912	0.69726400939	0.630900590507	0.714784513882	0.679721464864	0.709347193184	0.698813975072	0.687494853417	0.690263769943	0.677510437144	0.716586218972	0.688185806697	0.698860088834	0.691880147088	0.678111642926	0.667837553964	0.669728010189	0.729709661497	0.701443589202	0.668591058823	0.683260949783	0.711041010029	0.69723108842	0.672748892961	0.645671379583	0.682965023261	0.660258156854	0.701335809984	0.671572855519	0.714187713873	0.692345673269	0.67767724423	0.687445537976
AD7	0.669287074996	0.684830419236	0.718029653985	0.677655359941	0.715742758007	0.694301917301	0.710030336217	0.679822274835	0.651526315494	0.715448543527	0.671175177558	0.704794218459	0.672621785085	0.674235729833	0.685323200152	0.672185291964	0.66149927344	0.689208579868	0.782599197863	0.69129264716	0.679399104128	0.686713200567	0.0	0.465517294905	0.706730217232	0.516578072973	0.667085155443	0.686218343152	0.654475450332	0.674801436337	0.705531698219	0.69155460647	0.64830552391	0.696565650389	0.709008923499	0.701876371868	0.668055296412	0.665349018979	0.682559348548	0.710970242705	0.698509010627	0.675848350012	0.67351421697	0.67280712378	0.706023957908	0.689241596588	0.71236633988	0.696441986894	0.678604340232	0.703327582577	0.687149617937	0.72426886129	0.681402123881	0.677426093643	0.650094658504	0.690773761542	0.689607883726	0.705611643904	0.697852416455	0.697797446104	0.664392865687	0.699004503584
AD8	0.687276718339	0.692232374367	0.721015303942	0.691092491382	0.723318916192	0.714901136318	0.690401663129	0.675624147121	0.687613698161	0.698407255239	0.694659206492	0.710571800556	0.699735538349	0.689598539224	0.70399951957	0.691166346483	0.684974113958	0.681628561538	0.788041756407	0.685606475473	0.680345727908	0.654814383098	0.465517294905	0.0	0.595815302153	0.402068900856	0.656415497734	0.655314593771	0.665002883715	0.658970515811	0.710767106782	0.685135956654	0.680043387409	0.69023761792	0.721987501105	0.702579827527	0.692513548299	0.675379386703	0.697908506086	0.724082436184	0.713620011187	0.69175291983	0.675035476749	0.674606691076	0.699544546336	0.694563878333	0.721749647205	0.702535818927	0.682366773065	0.71096562893	0.70518678208	0.730049566583	0.686373696115	0.674790118487	0.657406931353	0.683294301285	0.699515669044	0.721529577206	0.711252401195	0.712848571095	0.690494648281	0.70504569915
AE7	0.724654166241	0.729990308084	0.700799080429	0.717962761282	0.710844661427	0.749633603903	0.728060702992	0.72783743533	0.73972143445	0.734096107947	0.757293614303	0.733192941869	0.729240175435	0.69726408925	0.725637447683	0.728572101605	0.688194384562	0.697975863752	0.738540298241	0.665080884954	0.690411010776	0.688836271166	0.706730217232	0.595815302153	0.0	0.495731165635	0.707819443208	0.702969602507	0.684207853347	0.68802858858	0.721246931672	0.704941414537	0.729531682676	0.749371768912	0.733666789588	0.743443082796	0.732888876526	0.731313353512	0.754256992614	0.768282925073	0.76322637743	0.730024797638	0.715182928474	0.727365104485	0.749623860818	0.758981562561	0.765296947501	0.764081811185	0.711620370945	0.75882674341	0.767887847846	0.783128201359	0.737126745216	0.742573934851	0.734525934158	0.746761669723	0.769764113636	0.791510987567	0.776833098986	0.758003689492	0.740869644229	0.773966030352
AE8	0.700862388597	0.695989445665	0.727805676454	0.690828015016	0.717583807964	0.70992444063	0.681594800571	0.658648528073	0.684666242542	0.684574471546	0.713134207708	0.689386246998	0.69400649268	0.679808657341	0.704630927275	0.678286483323	0.687109190595	0.679498769353	0.7901501074	0.674600722604	0.69776997216	0.653175705397	0.516578072973	0.402068900856	0.495731165635	0.0	0.64683926474	0.652958532642	0.664125576617	0.672551204639	0.724548482021	0.684304801074	0.684661050334	0.692688511655	0.721954086198	0.712619183456	0.706382421708	0.671138331432	0.70671644783	0.723190925576	0.718011304081	0.691565408766	0.68101952971	0.687576623491	0.71333726547	0.704112486945	0.718576583133	0.695065126684	0.682374558099	0.702860889175	0.698067541059	0.734765533773	0.684106329752	0.678948931582	0.675109973641	0.677091567134	0.710844628944	0.725173399217	0.72580594048	0.698656530094	0.694899996498	0.692141392091
AF7	0.667549186719	0.669889144781	0.71498601956	0.659207097586	0.721441338373	0.704722741803	0.689085924058	0.67696792286	0.66448581451	0.701594453226	0.699461244243	0.690654378545	0.677678374895	0.648891473598	0.703113646568	0.666265021957	0.662280872402	0.656565216688	0.781007479542	0.668412917925	0.68838098888	0.472928327778	0.667085155443	0.656415497734	0.707819443208	0.64683926474	0.0	0.451994702512	0.656372109639	0.671826385646	0.727993084286	0.665721521797	0.678798607743	0.703033848497	0.700732188445	0.695068286215	0.683584612303	0.680561649798	0.679251960958	0.705506931797	0.697000852573	0.691143053605	0.687450460412	0.67194697865	0.727138028023	0.719879724493	0.726258229801	0.695661388984	0.690130156666	0.69855248694	0.683672035527	0.707964870281	0.68938282371	0.668008274452	0.669432392652	0.678150065921	0.692909009865	0.705801314228	0.696004645136	0.702166402467	0.673579045784	0.672339611465
AF8	0.700465802221	0.672008635628	0.726095048765	0.692307053184	0.695529833143	0.694598150733	0.672918025927	0.685165588426	0.700947497642	0.680926822384	0.705171619143	0.667142704054	0.72049271913	0.684499030511	0.704236838222	0.675162799193	0.689854242289	0.642472243552	0.772247034887	0.656526452833	0.583768987494	0.380904898556	0.686218343152	0.655314593771	0.702969602507	0.652958532642	0.451994702512	0.0	0.666875359817	0.64196073618	0.698730525723	0.633569354299	0.693674395293	0.669928744148	0.707873530946	0.702783130437	0.702537352483	0.678839282107	0.697153714651	0.71630440786	0.695803643796	0.693364311438	0.696826603745	0.68323535083	0.695778021922	0.684234197702	0.726044185439	0.709099708464	0.691020688312	0.696324093415	0.711019245034	0.701713362999	0.680035411814	0.669865908144	0.683776655573	0.668280998238	0.709760095503	0.694898398401	0.715623553599	0.698190949475	0.688476059184	0.685620340545
AG7	0.682241382714	0.694327335651	0.695979902248	0.658317940883	0.716439948485	0.72024360329	0.714344317216	0.68159138374	0.666732162312	0.698769488962	0.709461976682	0.702025439823	0.682921293678	0.673688066335	0.705499357636	0.682312583157	0.668167641375	0.669376446154	0.755244721036	0.528955075459	0.646529464072	0.638888549621	0.654475450332	0.665002883715	0.684207853347	0.664125576617	0.656372109639	0.666875359817	0.0	0.438067593665	0.677947487012	0.671421473766	0.693819631957	0.703719421874	0.701537638224	0.702447057233	0.661082365025	0.681727852797	0.696816122469	0.708422615661	0.684684093426	0.686213797113	0.68485352555	0.670249764126	0.711185527372	0.691790414219	0.729712120493	0.702437851141	0.672795510945	0.711058093751	0.697819544668	0.736788780651	0.659574934757	0.684110382957	0.688779304244	0.685914964593	0.688984957117	0.726283398736	0.70061576176	0.695743540338	0.679280721786	0.709585704357
AG8	0.686610525147	0.682903192307	0.69641861114	0.670381796831	0.698903434105	0.690233901489	0.676841925347	0.67544143311	0.678446519671	0.667092575532	0.686754122168	0.677229778633	0.70647683248	0.670100759226	0.706498014475	0.675649792082	0.675050873389	0.660277400071	0.627471103078	0.410509306594	0.639844378478	0.612910146912	0.674801436337	0.658970515811	0.68802858858	0.672551204639	0.671826385646	0.64196073618	0.438067593665	0.0	0.685645119514	0.656179433976	0.674950484008	0.670727301118	0.69302645074	0.678904111336	0.650716220387	0.652438971635	0.676437234433	0.699722835729	0.683279525812	0.660521194842	0.646046224556	0.657362356439	0.685927591292	0.670025913811	0.721257296275	0.694501818236	0.666294393727	0.704764640652	0.707288137788	0.712061533478	0.660648919037	0.671788237367	0.684688788719	0.671442846772	0.682788872666	0.699642462226	0.692643748735	0.687579351331	0.676402884288	0.68550331032
AH7	0.744675206972	0.756739784952	0.750636643157	0.736104582709	0.740010326113	0.75432680556	0.726763058796	0.726158790836	0.730646026235	0.727428435403	0.716045038851	0.738252022275	0.742305884218	0.736026530426	0.754201515518	0.743123657875	0.702461822616	0.548200059692	0.764751073047	0.713898436244	0.659468198917	0.69726400939	0.705531698219	0.710767106782	0.721246931672	0.724548482021	0.727993084286	0.698730525723	0.677947487012	0.685645119514	0.0	0.542708603826	0.720842842479	0.761441133628	0.767661640692	0.761147253223	0.74713675968	0.757243632532	0.756361236462	0.768117489648	0.759303987749	0.724072269264	0.752941130973	0.744657734112	0.777420635746	0.766254685058	0.773335044907	0.749542370671	0.746229808387	0.770771859654	0.785059036075	0.781716974114	0.739871871136	0.738128199342	0.738216158837	0.731819333004	0.769494593317	0.790111629022	0.781794596498	0.768562119232	0.754677043147	0.731965806969
AH8	0.706299748635	0.70593635613	0.753125096173	0.714997526794	0.697295814803	0.70894630364	0.693347967991	0.679677586878	0.691936703906	0.691056030389	0.700979349214	0.684781383054	0.713574185356	0.707067197614	0.71039108571	0.694614794561	0.567103954014	0.398270674903	0.78103546456	0.667413539678	0.661766095039	0.630900590507	0.69155460647	0.685135956654	0.704941414537	0.684304801074	0.665721521797	0.633569354299	0.671421473766	0.656179433976	0.542708603826	0.0	0.683384798853	0.715742837184	0.726523936555	0.717413062773	0.69671939489	0.697783515846	0.702844930879	0.734127833844	0.707149654632	0.698273749073	0.71484119595	0.711602071443	0.729694027169	0.72297851809	0.733489341349	0.709880598206	0.709190378121	0.722355356191	0.744521957256	0.72962207307	0.701472519673	0.703948468097	0.704148674799	0.701242591358	0.740658225076	0.73614448955	0.747393574343	0.731588466018	0.711478084576	0.708908235519
AA5	0.660877193503	0.665110031221	0.726789818956	0.683513835915	0.66782762682	0.655063362937	0.690123528624	0.675098534515	0.620768314237	0.685020484618	0.640434517668	0.652616469282	0.681952466227	0.693182575345	0.648835952551	0.664532214309	0.654834799778	0.663267297441	0.781453419161	0.699188826457	0.714599043336	0.714784513882	0.64830552391	0.680043387409	0.729531682676	0.684661050334	0.678798607743	0.693674395293	0.693819631957	0.674950484008	0.720842842479	0.683384798853	0.0	0.595474728853	0.678561059881	0.666950305601	0.64093044855	0.635332194552	0.68070694532	0.697799296586	0.688637631034	0.649804300527	0.632472376909	0.64351357757	0.727402758582	0.664127011456	0.697599962843	0.707456570165	0.688231424243	0.69912765957	0.695520235693	0.708047829346	0.663762487106	0.700365710312	0.666884209695	0.684982347318	0.667690180206	0.710063315809	0.665860391986	0.695592818795	0.648873874991	0.690461815685
AA6	0.693612125829	0.682152511082	0.76847155632	0.694729769585	0.698256614397	0.665553231553	0.660242549521	0.661994840554	0.698912153608	0.663270926199	0.687740980863	0.653122461865	0.700969220534	0.714358512433	0.715455082147	0.689325596818	0.722611734921	0.699486033299	0.791347268198	0.698390089513	0.701984183585	0.679721464864	0.696565650389	0.69023761792	0.749371768912	0.692688511655	0.703033848497	0.669928744148	0.703719421874	0.670727301118	0.761441133628	0.715742837184	0.595474728853	0.0	0.695519862727	0.667273416527	0.656780132775	0.610802137352	0.670714948801	0.688593575435	0.670494592228	0.684230290684	0.651961165671	0.655393410127	0.465774014769	0.429015588903	0.685938374059	0.692494589037	0.655839287269	0.675689215952	0.680242884474	0.669592971679	0.674409315157	0.666223028733	0.683497840599	0.682867615045	0.678635679175	0.670877227406	0.669454212462	0.672469246552	0.662314741124	0.668776116477
AB5	0.667452083246	0.666838152713	0.713299570312	0.676321156297	0.693952859466	0.667086185539	0.692016213099	0.675653817804	0.689128064504	0.694161743733	0.668036730223	0.685312231661	0.687690743785	0.664043534203	0.691855683824	0.670269117198	0.708170548842	0.71751395296	0.774933621007	0.689002021545	0.723341865633	0.709347193184	0.709008923499	0.721987501105	0.733666789588	0.721954086198	0.700732188445	0.707873530946	0.701537638224	0.69302645074	0.767661640692	0.726523936555	0.678561059881	0.695519862727	0.0	0.432828078638	0.65212993023	0.67068376288	0.655528184982	0.654627031245	0.661328909091	0.686474110077	0.671970314437	0.639229072243	0.706589765444	0.686243383199	0.68451583768	0.704855508075	0.674856256762	0.706727120879	0.679626900897	0.694382710697	0.650689862373	0.677021644093	0.697433502317	0.680189534955	0.689862805579	0.690585626354	0.705281484167	0.69013613363	0.643561086651	0.708427077668
AB6	0.677040054009	0.653048720582	0.729696442475	0.67784811591	0.689620158076	0.657878187123	0.679331807204	0.681604945074	0.703312787498	0.665557336244	0.673884002908	0.674609917668	0.693075315908	0.683895769835	0.684124365184	0.656540709266	0.718115119622	0.71464111943	0.798789510621	0.687494630152	0.733387873036	0.698813975072	0.701876371868	0.702579827527	0.743443082796	0.712619183456	0.695068286215	0.702783130437	0.702447057233	0.678904111336	0.761147253223	0.717413062773	0.666950305601	0.667273416527	0.432828078638	0.0	0.66046345649	0.653351995517	0.645751866562	0.65444124814	0.625554444659	0.685013925371	0.648672112432	0.546831348713	0.686218337185	0.664829344881	0.67706251893	0.696934145489	0.652635329299	0.682037660334	0.672217661426	0.682527591193	0.670794913383	0.672636326152	0.696492021546	0.681675212794	0.674380931419	0.68707682569	0.671323100185	0.684151982394	0.652447892937	0.694268743531
AC5	0.630743060477	0.670121594567	0.721707870861	0.670981656544	0.694084164034	0.659625786386	0.684962482171	0.66196005792	0.653330589319	0.695274762077	0.662507467737	0.677043508317	0.683811959189	0.676774925581	0.678555179427	0.65298244528	0.673777517714	0.693427578216	0.767761946169	0.679814352271	0.707868386292	0.687494853417	0.668055296412	0.692513548299	0.732888876526	0.706382421708	0.683584612303	0.702537352483	0.661082365025	0.650716220387	0.74713675968	0.69671939489	0.64093044855	0.656780132775	0.65212993023	0.66046345649	0.0	0.481935561882	0.633666873002	0.66704635996	0.664371966746	0.664951244857	0.579384980178	0.632452639181	0.666169249986	0.643682330403	0.659680951566	0.677420135668	0.617500325541	0.667310543226	0.670672233098	0.654424864609	0.64093923634	0.655947372033	0.631203094955	0.664097010283	0.633971974552	0.662675629048	0.653256701856	0.664679902727	0.642952832034	0.679688574564
AC6	0.653286887262	0.652893832194	0.728116586908	0.663644858213	0.6875369194	0.658897587834	0.659674192794	0.64958227481	0.673026800937	0.666377631328	0.666002965881	0.652927185564	0.675845456	0.665852912156	0.678749531886	0.652514594352	0.696214208432	0.688772122001	0.764061560226	0.664026017384	0.710879858852	0.690263769943	0.665349018979	0.675379386703	0.731313353512	0.671138331432	0.680561649798	0.678839282107	0.681727852797	0.652438971635	0.757243632532	0.697783515846	0.635332194552	0.610802137352	0.67068376288	0.653351995517	0.481935561882	0.0	0.634433500336	0.66181512939	0.645907853808	0.569410844426	0.483288719886	0.622682782115	0.661381029054	0.639925936058	0.661674518596	0.676296731362	0.62698604903	0.659913158993	0.666854182203	0.662601165042	0.656515426715	0.650401776047	0.663354456052	0.664687472801	0.632402353935	0.669254539688	0.640158728911	0.645768475447	0.641245317164	0.664990607338
AD6	0.675251524214	0.655823193685	0.759406742661	0.684499429079	0.691085568569	0.656600641176	0.646724129459	0.63697970029	0.679209770103	0.629646756686	0.674865357995	0.67395635201	0.694752080453	0.685709401442	0.67899527778	0.647236791379	0.705360550485	0.706811037013	0.793468838544	0.687032782263	0.713015712034	0.677510437144	0.682559348548	0.697908506086	0.754256992614	0.70671644783	0.679251960958	0.697153714651	0.696816122469	0.676437234433	0.756361236462	0.702844930879	0.68070694532	0.670714948801	0.655528184982	0.645751866562	0.633666873002	0.634433500336	0.0	0.546300971668	0.435420963154	0.680704355701	0.642185218841	0.66127321392	0.652127359456	0.672522648705	0.677498338982	0.668255291606	0.644473689078	0.645014568028	0.683790593345	0.684766588647	0.650847690719	0.626643026095	0.670334919873	0.673017407085	0.643521870023	0.678524825562	0.671601030452	0.641619889305	0.626489616451	0.65907778957
AE5	0.68953137377	0.677267823495	0.755301472297	0.688765893732	0.660973804801	0.659927836918	0.659894747499	0.650118885357	0.689391679991	0.643535851934	0.682272871087	0.650655540794	0.708192132772	0.682300851616	0.701265368286	0.674383106663	0.7372947812	0.727398135812	0.799874759568	0.721206536688	0.744167053348	0.716586218972	0.710970242705	0.724082436184	0.768282925073	0.723190925576	0.705506931797	0.71630440786	0.708422615661	0.699722835729	0.768117489648	0.734127833844	0.697799296586	0.688593575435	0.654627031245	0.65444124814	0.66704635996	0.66181512939	0.546300971668	0.0	0.431712374813	0.686240266841	0.657025307403	0.65750775549	0.691235789848	0.68283812243	0.697817898321	0.689797603072	0.657030821359	0.645630835725	0.69191622321	0.700309373642	0.65712963876	0.645304672648	0.665988816484	0.662229025053	0.663465064204	0.710830883075	0.674615526651	0.649139671041	0.647535905199	0.690109867338
AE6	0.682794086582	0.651352829722	0.771103970419	0.688600702367	0.671471419733	0.654764068215	0.636120961707	0.642270178417	0.698981493306	0.609269550562	0.700544488602	0.65860398947	0.696300409932	0.677932959395	0.67522850407	0.650415171591	0.724873930926	0.712696763124	0.799364887956	0.708071477548	0.724701596947	0.688185806697	0.698509010627	0.713620011187	0.76322637743	0.718011304081	0.697000852573	0.695803643796	0.684684093426	0.683279525812	0.759303987749	0.707149654632	0.688637631034	0.670494592228	0.661328909091	0.625554444659	0.664371966746	0.645907853808	0.435420963154	0.431712374813	0.0	0.676113261389	0.65271041116	0.662175209943	0.681846477961	0.671256891951	0.696741051978	0.672803206847	0.644220568591	0.626947237027	0.685277776971	0.686792036423	0.647654224279	0.627976655286	0.669756673053	0.662777314875	0.658562127783	0.695461750842	0.662585825427	0.620744820357	0.646169841697	0.664630283178
AF5	0.684663343581	0.682640103885	0.69705782594	0.645112556656	0.655599264174	0.663702688008	0.693511727738	0.677267033964	0.655153130248	0.692564892434	0.678045330354	0.650885240326	0.676719445372	0.641963836275	0.688253430686	0.666141955367	0.67873228472	0.700327739307	0.730260741231	0.674964180026	0.719734224145	0.698860088834	0.675848350012	0.69175291983	0.730024797638	0.691565408766	0.691143053605	0.693364311438	0.686213797113	0.660521194842	0.724072269264	0.698273749073	0.649804300527	0.684230290684	0.686474110077	0.685013925371	0.664951244857	0.569410844426	0.680704355701	0.686240266841	0.676113261389	0.0	0.482005473242	0.654192963353	0.721736841356	0.691216348872	0.717795424511	0.706960026547	0.666968595342	0.666670717678	0.697635724949	0.725787091629	0.6891046633	0.700769996598	0.690323410799	0.705489565252	0.683143913215	0.716527279687	0.685198681499	0.654706157134	0.673028364257	0.711653787256
AF6	0.648903986609	0.655406582046	0.696023567295	0.645181357605	0.65818035047	0.641857603709	0.682155745265	0.676129961032	0.670962384556	0.669617360078	0.659058632888	0.648547742389	0.667356895767	0.626002805223	0.659908550902	0.648792845691	0.695587919856	0.705366199394	0.733149667489	0.660074016526	0.720687178201	0.691880147088	0.67351421697	0.675035476749	0.715182928474	0.68101952971	0.687450460412	0.696826603745	0.68485352555	0.646046224556	0.752941130973	0.71484119595	0.632472376909	0.651961165671	0.671970314437	0.648672112432	0.579384980178	0.483288719886	0.642185218841	0.657025307403	0.65271041116	0.482005473242	0.0	0.605503053938	0.692097581329	0.674742807048	0.684619404054	0.696329211232	0.622948324641	0.650803252418	0.67504108594	0.686318032081	0.67233439949	0.666860403144	0.674292300801	0.678749435696	0.628935341406	0.6921694513	0.629221319104	0.644687866256	0.649447173273	0.695104078074
