	AA3	AA4	AB3	AB4	AC3	AC4	AD3	AD4	AE3	AE4	AF3	AF4	AG3	AG4	AH3	AH4	AA7	AA8	AB7	AB8	AC7	AC8	AD7	AD8	AE7	AE8	AF7	AF8	AG7	AG8	AH7	AH8	AA5	AA6	AB5	AB6	AC5	AC6	AD6	AE5	AE6	AF5	AF6	AG5	AH5	AH6	AA1	AA2	AB1	AB2	AC1	AC2	AD1	AD2	AE1	AE2	AF1	AF2	AG1	AG2	AH1	AH2
AA3	0.0	0.484779639784	0.715111590149	0.620648190333	0.669405055958	0.660599237641	0.700618284644	0.678122388793	0.664254856513	0.681467579202	0.638993555494	0.670404646479	0.650979564314	0.630548022798	0.687164638852	0.472791861	0.664474462196	0.68260483723	0.759725961993	0.69008831825	0.689494862626	0.679058209182	0.670353515672	0.691869161928	0.729240744629	0.695932100225	0.667046608457	0.67068583591	0.682624733999	0.675896975235	0.731257413319	0.682027869377	0.650709319519	0.67739941363	0.670941019703	0.665745313293	0.640377032862	0.637443692249	0.667086746556	0.689070567925	0.679996678784	0.684424516302	0.661362286379	0.641860977639	0.696979847051	0.672945285645	0.652899760964	0.680029798882	0.650616218352	0.680256247094	0.661405228057	0.673715965693	0.623748185657	0.653889874676	0.668998047605	0.649427410811	0.653834825836	0.679395157411	0.651726563396	0.675510370133	0.626772077456	0.665168295673
AA4	0.484779639784	0.0	0.727428822409	0.62808824412	0.6453368833	0.63131674665	0.656089486778	0.633598393873	0.683105245031	0.638938493198	0.653801505177	0.630878730141	0.667362877493	0.65006255861	0.515181577341	0.375102980649	0.690837837221	0.68872367536	0.772040520326	0.679658074859	0.707845825729	0.663212837581	0.675403461519	0.685327382985	0.735466572827	0.688629533892	0.654773456009	0.666319290641	0.680500651879	0.671457225791	0.743797204356	0.677760639438	0.658552087606	0.660137889847	0.668027744512	0.649831858405	0.644356038049	0.624270730259	0.623820058054	0.668706018819	0.634329610557	0.648881684946	0.632013324776	0.639454860955	0.678665498768	0.651393792655	0.659555287854	0.651803693683	0.640958052602	0.648849659124	0.642958271875	0.643382801114	0.639585619233	0.633134050101	0.653982601291	0.636647128743	0.652916292151	0.64368842883	0.644517854941	0.653577490757	0.623080864736	0.628238448959
AB3	0.715111590149	0.727428822409	0.0	0.65709579853	0.692055825061	0.761977562058	0.745336136195	0.766086807825	0.717215571864	0.744842212323	0.744437199163	0.732711741556	0.727087374375	0.655205217084	0.711821292785	0.718090186153	0.729661196243	0.750866727606	0.714617694198	0.724655719474	0.725137391507	0.744838178881	0.730075398841	0.755990962686	0.703926769946	0.739112326431	0.737773550781	0.743218211564	0.729887848407	0.735176923612	0.745302705576	0.744360214743	0.737088135302	0.787134609678	0.754182059118	0.766245895713	0.732859088572	0.7414700471	0.768793279228	0.771580117251	0.773794710458	0.697582864304	0.735051783082	0.751093312656	0.800885300248	0.799615031249	0.784734972073	0.779854159958	0.745922964655	0.771604247405	0.766979288608	0.799556846953	0.763720009066	0.786221725015	0.768479940835	0.783066104984	0.775104953722	0.803667475472	0.771197380808	0.775946617004	0.745427692712	0.765003966749
AB4	0.620648190333	0.62808824412	0.65709579853	0.0	0.667465608341	0.673165526225	0.684737666341	0.678227294816	0.695681440213	0.672089236259	0.672068666156	0.678332895942	0.444821100842	0.439844813759	0.687243724589	0.623941522932	0.700900030566	0.703078536955	0.751760447999	0.676332601336	0.692145306817	0.685423182063	0.678704126423	0.692578473468	0.714816243024	0.689775444771	0.666222749872	0.670304423926	0.673302621582	0.673660037305	0.73465597306	0.692772240116	0.685774721705	0.693176828617	0.685969420537	0.678987534273	0.662254905826	0.659720690163	0.688989416323	0.69288820802	0.692963773047	0.663895612697	0.642921704131	0.68860225096	0.709476492294	0.714814844443	0.682983713707	0.694772382084	0.645132606832	0.701481172815	0.694513409364	0.697866400956	0.662458504577	0.684085965034	0.681167205218	0.673514449934	0.680918743328	0.711792809872	0.691349499992	0.691155226553	0.659134764994	0.675099772034
AC3	0.669405055958	0.6453368833	0.692055825061	0.667465608341	0.0	0.530763557139	0.665710359356	0.653092547456	0.678758153914	0.644106391548	0.690059487042	0.421453283309	0.690668129801	0.696626858667	0.680498426477	0.649606059412	0.669872634292	0.676329724954	0.753853299998	0.674318627086	0.694771307762	0.696115931906	0.715592812959	0.723308808852	0.705736949957	0.700956942236	0.70773478836	0.684723865208	0.707089196081	0.686976909476	0.73861519064	0.682137904068	0.663509538673	0.692595161609	0.687870679084	0.679065580698	0.680799096222	0.663525317978	0.688711160648	0.665346368285	0.653734709706	0.638101541855	0.663167842065	0.651240711685	0.718189249161	0.694034635004	0.704955788147	0.717187290019	0.698372849458	0.677711424668	0.687034480754	0.70575727142	0.691413521682	0.672349900411	0.674718641392	0.659489145736	0.699352917049	0.716635300311	0.68395830521	0.665499417675	0.680030394185	0.68544855948
AC4	0.660599237641	0.63131674665	0.761977562058	0.673165526225	0.530763557139	0.0	0.666189400315	0.651092267603	0.679793731246	0.646091912744	0.487699492576	0.406052433979	0.678318691775	0.678327864626	0.694749469109	0.633905855071	0.689766166677	0.697310848693	0.760316877148	0.675491644168	0.718782391101	0.681635266152	0.701721023697	0.704994719135	0.752404749228	0.708403967428	0.680242142305	0.694912369538	0.713058064757	0.684792942435	0.754845598388	0.689489702935	0.665976049712	0.672267839523	0.668912468942	0.662233891649	0.660406588746	0.638902601477	0.652661920343	0.662104410037	0.644988872443	0.661309266343	0.651542827126	0.647544786869	0.684552565362	0.665109898465	0.709882403376	0.702574251883	0.684532613601	0.685900880646	0.661008100806	0.665557394105	0.678014689141	0.69042395976	0.703003726817	0.692389613723	0.673025480283	0.667560078883	0.663115787821	0.677582752899	0.641067213567	0.67315095943
AD3	0.700618284644	0.656089486778	0.745336136195	0.684737666341	0.665710359356	0.666189400315	0.0	0.420436758716	0.688253825092	0.388108637559	0.701961325754	0.625955983592	0.707956013484	0.718112747362	0.693083207618	0.670830928999	0.704493852474	0.681692515233	0.771528371575	0.673404125776	0.720954546122	0.675489824641	0.707007855127	0.692380161918	0.724273376643	0.686660411646	0.696169476768	0.68193324033	0.699756548768	0.657110264518	0.72206911694	0.681101037874	0.698638994553	0.666167728485	0.665632171934	0.66590086024	0.678653018035	0.647970790297	0.646500904637	0.66704403524	0.634280292841	0.673503916386	0.665052175395	0.681836763789	0.683838224689	0.674586362882	0.685862432891	0.672771663463	0.684219240284	0.661245068291	0.693791533377	0.677728466484	0.690981712354	0.677954731991	0.680852535226	0.67166865615	0.685512219598	0.67126798509	0.696867621511	0.662089497999	0.68569860782	0.679222028173
AD4	0.678122388793	0.633598393873	0.766086807825	0.678227294816	0.653092547456	0.651092267603	0.420436758716	0.0	0.630488633745	0.41027505151	0.682693693561	0.642432104577	0.693232076167	0.696076230048	0.675634550492	0.661338781237	0.705313198473	0.677690462724	0.785790038233	0.667226043958	0.703516844508	0.673573192177	0.693031980243	0.687465566804	0.733082826504	0.684437235458	0.685630870183	0.677579998142	0.68353473431	0.663775474052	0.716584938728	0.689037138021	0.683842565881	0.66620155568	0.697955021422	0.681263890777	0.678759703177	0.665587265984	0.612228131297	0.66605281641	0.623441976938	0.655662760253	0.651784625576	0.674570222123	0.666317858643	0.662458105296	0.675279640023	0.66923864919	0.667701844306	0.660067916555	0.677592701965	0.668757706687	0.680210148928	0.65239726907	0.656498971511	0.652008721506	0.683841515744	0.672917843302	0.678919582338	0.66121416761	0.675261977469	0.665497826164
AE3	0.664254856513	0.683105245031	0.717215571864	0.695681440213	0.678758153914	0.679793731246	0.688253825092	0.630488633745	0.0	0.644413101559	0.68252791499	0.667304528876	0.689557574311	0.709403284812	0.690540955441	0.693708726751	0.678140864094	0.70363044263	0.777606552391	0.70239254316	0.730123638204	0.730927066235	0.676379627601	0.694582039509	0.750361629977	0.712795502882	0.696637668852	0.719552827786	0.672839695803	0.67504615984	0.731404633683	0.693323323162	0.641560811881	0.716900146924	0.700977997965	0.722116039094	0.679759970614	0.680238437211	0.703264679304	0.704949621915	0.69797830284	0.683643416131	0.699190255517	0.69114335012	0.747771342645	0.73494035762	0.722875656601	0.735260050843	0.718684934892	0.737819404445	0.712289760276	0.746660736966	0.70260501913	0.723954076948	0.699893505459	0.715483047052	0.693765613808	0.74067664775	0.728679541584	0.719823515796	0.669239425218	0.7141529357
AE4	0.681467579202	0.638938493198	0.744842212323	0.672089236259	0.644106391548	0.646091912744	0.388108637559	0.41027505151	0.644413101559	0.0	0.697781891364	0.624994250709	0.709999003555	0.718868058676	0.691406889528	0.657445642788	0.700495302952	0.674908894414	0.770918534779	0.654815882309	0.70832642183	0.661429931044	0.699975586718	0.688372712879	0.726936806621	0.68306017765	0.686828522217	0.665817607108	0.678980270262	0.6492493313	0.740699435991	0.673579807471	0.697288280785	0.661003290685	0.671513471106	0.660719612246	0.67383634712	0.654248158928	0.604462351902	0.646786534638	0.592100209135	0.66538060176	0.663976940219	0.671186553874	0.677436312812	0.666543077828	0.672269121808	0.650726979997	0.692039213117	0.659432888987	0.685899638128	0.668901013591	0.676754822341	0.663418374739	0.672685508367	0.662722640163	0.693436907152	0.677353278101	0.685859200291	0.667326890999	0.674494020993	0.652515103635
AF3	0.638993555494	0.653801505177	0.744437199163	0.672068666156	0.690059487042	0.487699492576	0.701961325754	0.682693693561	0.68252791499	0.697781891364	0.0	0.555299293662	0.665793364135	0.661838281073	0.685909359796	0.661690085195	0.674945002648	0.691331490923	0.753957431328	0.686899017218	0.681445111569	0.706085446338	0.671897934353	0.693011980126	0.755759056854	0.713316328041	0.685208954255	0.716004781877	0.681098136614	0.67205993455	0.719244176487	0.690872667623	0.639221118618	0.676955376049	0.670525348849	0.661341797915	0.649973704076	0.647268085177	0.68484813724	0.683325535942	0.686344907532	0.678758737102	0.662212354921	0.655614860215	0.690638351483	0.677919276956	0.714464659285	0.70633711427	0.681955223568	0.71411695894	0.690382456187	0.698264829375	0.692461452179	0.708622775238	0.697467707524	0.70345951961	0.685046570104	0.704935102755	0.673620874153	0.717556330754	0.640610791628	0.700806516134
AF4	0.670404646479	0.630878730141	0.732711741556	0.678332895942	0.421453283309	0.406052433979	0.625955983592	0.642432104577	0.667304528876	0.624994250709	0.555299293662	0.0	0.691840833408	0.690655892352	0.68784616769	0.646387116884	0.6827980991	0.673361735701	0.762528676133	0.664308371275	0.693244144794	0.67505906744	0.710261290889	0.715344216712	0.73475502358	0.704030918502	0.705730946702	0.685690610542	0.698905513252	0.66356184017	0.734107146806	0.665072933549	0.66227980853	0.66491970201	0.657155162981	0.65005256527	0.673817819048	0.630139223663	0.657173143179	0.659185360504	0.632083754417	0.644807465033	0.662923824156	0.646771372074	0.6793632525	0.656682518228	0.711362011818	0.701036123469	0.690815809064	0.672634819937	0.673752137903	0.685042784019	0.692827586421	0.669265888091	0.694707673398	0.670569097786	0.681446746216	0.676192704202	0.677314485225	0.655822774245	0.670346965121	0.678914195417
AG3	0.650979564314	0.667362877493	0.727087374375	0.444821100842	0.690668129801	0.678318691775	0.707956013484	0.693232076167	0.689557574311	0.709999003555	0.665793364135	0.691840833408	0.0	0.52495573863	0.6854555389	0.663380946078	0.677441639815	0.696784534559	0.768970550427	0.70706737169	0.691912681695	0.710342974359	0.671925194635	0.691362061922	0.728047266174	0.696913251534	0.679917541928	0.703855428109	0.698196253363	0.708018907388	0.7274062652	0.696931316896	0.686888230372	0.704351258623	0.694503558716	0.690484865819	0.684023688996	0.677487680042	0.701010253818	0.706844316696	0.708452927943	0.671986119618	0.669732294837	0.677601474345	0.715771851667	0.716521307935	0.687278088335	0.696942463987	0.635879975503	0.693559226305	0.694720018998	0.708530484806	0.678081383353	0.695042216612	0.68664083298	0.685971390687	0.695364009471	0.72785014751	0.701750455579	0.684734752765	0.677778077691	0.696346393157
AG4	0.630548022798	0.65006255861	0.655205217084	0.439844813759	0.696626858667	0.678327864626	0.718112747362	0.696076230048	0.709403284812	0.718868058676	0.661838281073	0.690655892352	0.52495573863	0.0	0.680934863357	0.643906777816	0.723702742965	0.721235089057	0.756205606122	0.672968225825	0.705917827834	0.715469246613	0.695123532194	0.707912035438	0.740911758748	0.70855770248	0.689144508363	0.699102245487	0.687152394246	0.685659187166	0.752651993464	0.717827878661	0.699355087136	0.720029794992	0.681701510677	0.706083479995	0.679680293268	0.684011250633	0.705717213148	0.720279725238	0.711782278372	0.680016489309	0.647937844306	0.704549583694	0.736295358177	0.734163215143	0.696539191318	0.700923012847	0.661025507701	0.7216643164	0.692977918376	0.69912276996	0.687616472789	0.708809843496	0.712032675851	0.699772163434	0.686573100314	0.713857540386	0.709377666655	0.708121448919	0.675741182077	0.702277462725
AH3	0.687164638852	0.515181577341	0.711821292785	0.687243724589	0.680498426477	0.694749469109	0.693083207618	0.675634550492	0.690540955441	0.691406889528	0.685909359796	0.68784616769	0.6854555389	0.680934863357	0.0	0.553496983745	0.689934551989	0.702066683418	0.78113354465	0.701596256011	0.72403091516	0.710727300099	0.686232883049	0.69566511597	0.732697800252	0.698843007892	0.677995248296	0.709961709575	0.698422374377	0.703057034655	0.750081957259	0.706103332366	0.677718063584	0.725838679355	0.697650040203	0.687645002043	0.697784982691	0.683169144724	0.681903549834	0.709907145843	0.690973433684	0.684369428971	0.668142559673	0.693164061498	0.72302901225	0.719410279008	0.712061963842	0.684693864916	0.700566327853	0.705235708743	0.705801343331	0.724900729407	0.712944233082	0.711060272013	0.685414337571	0.702326182247	0.718114141651	0.719135887748	0.718876977602	0.709536610825	0.688466320648	0.698082675285
AH4	0.472791861	0.375102980649	0.718090186153	0.623941522932	0.649606059412	0.633905855071	0.670830928999	0.661338781237	0.693708726751	0.657445642788	0.661690085195	0.646387116884	0.663380946078	0.643906777816	0.553496983745	0.0	0.685006008065	0.688245409782	0.771162065401	0.691664573624	0.705954220138	0.672110320082	0.668829052855	0.686784554727	0.741319259564	0.684107925108	0.672382816766	0.67145715427	0.679893022084	0.677754745721	0.739156267938	0.689074578051	0.668672210523	0.672748728132	0.66338604151	0.640230855493	0.667303094093	0.646130604368	0.645051842722	0.669549381104	0.652415253853	0.665304236146	0.653595921725	0.661665904653	0.680960249275	0.656924536366	0.670485825232	0.654381438015	0.652126477116	0.659244885758	0.645246037163	0.658447633842	0.643875201293	0.654695307229	0.66768162476	0.657970214162	0.664188661095	0.66381028952	0.651227805238	0.659896423762	0.633218749956	0.639454677522
AA7	0.664474462196	0.690837837221	0.729661196243	0.700900030566	0.669872634292	0.689766166677	0.704493852474	0.705313198473	0.678140864094	0.700495302952	0.674945002648	0.6827980991	0.677441639815	0.723702742965	0.689934551989	0.685006008065	0.0	0.506028654338	0.76943913462	0.681981563986	0.670952799695	0.682727968531	0.666203733955	0.686310611155	0.698190474759	0.698244067143	0.663747199788	0.666232730115	0.671202633602	0.685337027213	0.705276826753	0.532134326687	0.654499874001	0.720257817724	0.711199707503	0.703414346222	0.67691845118	0.683510738679	0.712829939056	0.749906088079	0.725640403349	0.690198861132	0.709954764306	0.701872809019	0.726578566666	0.713305799216	0.745627936551	0.724500022994	0.716994435221	0.749361712009	0.705972863488	0.731278669281	0.697970620591	0.713380825722	0.695909570189	0.711893249083	0.733050239793	0.747275859944	0.730204820123	0.734465392556	0.68680944188	0.703925489789
AA8	0.68260483723	0.68872367536	0.750866727606	0.703078536955	0.676329724954	0.697310848693	0.681692515233	0.677690462724	0.70363044263	0.674908894414	0.691331490923	0.673361735701	0.696784534559	0.721235089057	0.702066683418	0.688245409782	0.506028654338	0.0	0.77758362705	0.652306194074	0.647397587857	0.649818796708	0.679934743059	0.676689124348	0.699951458798	0.686304376539	0.676417120093	0.64812814258	0.670574397492	0.662993581422	0.553625446674	0.396324227119	0.67686413948	0.705557771956	0.712750060325	0.711124576196	0.694070516609	0.694314349676	0.70671476376	0.724359550257	0.700324462579	0.681491747971	0.712219318298	0.701272958857	0.711230913966	0.713301167907	0.722008289523	0.696039419912	0.710830146003	0.72503299279	0.718662342197	0.728879110125	0.708700013008	0.694428029373	0.682246844628	0.680686512621	0.741489715986	0.740477472318	0.743575707737	0.725417983387	0.698456833875	0.695849138385
AB7	0.759725961993	0.772040520326	0.714617694198	0.751760447999	0.753853299998	0.760316877148	0.771528371575	0.785790038233	0.777606552391	0.770918534779	0.753957431328	0.762528676133	0.768970550427	0.756205606122	0.78113354465	0.771162065401	0.76943913462	0.77758362705	0.0	0.568265438126	0.753277017278	0.766133233976	0.776723610269	0.791310995431	0.748769582935	0.780068025531	0.77946035182	0.781589266511	0.756317840133	0.627851058016	0.767001791122	0.766442851196	0.787547686917	0.793183064262	0.784190655195	0.790717254967	0.765458580808	0.768487211133	0.79913162076	0.796360620245	0.790478960038	0.72999524249	0.736632325435	0.779114021806	0.800658179273	0.797849306814	0.821937978733	0.805662778812	0.77853578878	0.800746133316	0.799249265819	0.811002299629	0.788083229099	0.805284047391	0.787928397929	0.792392408756	0.79885886744	0.812081991685	0.812957650971	0.794424294891	0.781253211333	0.802357775996
AB8	0.69008831825	0.679658074859	0.724655719474	0.676332601336	0.674318627086	0.675491644168	0.673404125776	0.667226043958	0.70239254316	0.654815882309	0.686899017218	0.664308371275	0.70706737169	0.672968225825	0.701596256011	0.691664573624	0.681981563986	0.652306194074	0.568265438126	0.0	0.652439828666	0.632565089454	0.683984976924	0.661947776433	0.680104508411	0.661549450402	0.671860242101	0.64940538275	0.510718462772	0.386040615289	0.705907365941	0.644032659993	0.696461357129	0.690304744953	0.698686385005	0.672189619815	0.687606896999	0.674962879627	0.692604714115	0.707010765047	0.670972797948	0.658035064131	0.650318163208	0.676326748944	0.697814715331	0.678073006395	0.73556756247	0.709789039657	0.694859828448	0.718292327169	0.704451773004	0.727747775481	0.693284179862	0.698563664092	0.691472977808	0.691209072754	0.71006332425	0.720157873337	0.728449300782	0.698464525396	0.677942532105	0.70484838641
AC7	0.689494862626	0.707845825729	0.725137391507	0.692145306817	0.694771307762	0.718782391101	0.720954546122	0.703516844508	0.730123638204	0.70832642183	0.681445111569	0.693244144794	0.691912681695	0.705917827834	0.72403091516	0.705954220138	0.670952799695	0.647397587857	0.753277017278	0.652439828666	0.0	0.514941725919	0.676052521782	0.68164690438	0.692261328536	0.694864825903	0.68027036199	0.585078935314	0.637264219879	0.644038156989	0.66688951971	0.645594168515	0.706708192577	0.690461729272	0.732721249137	0.732235612421	0.711801821556	0.716694514629	0.708476073724	0.74284602531	0.724197221663	0.716830297826	0.721533917225	0.709930672941	0.697166518563	0.691432043747	0.750456442925	0.740587663544	0.71586843103	0.73914703343	0.761071502165	0.761191043398	0.719868318715	0.696329885614	0.695813716104	0.707686587144	0.745980210525	0.736933024268	0.75629628539	0.734484402568	0.698656650329	0.725995229547
AC8	0.679058209182	0.663212837581	0.744838178881	0.685423182063	0.696115931906	0.681635266152	0.675489824641	0.673573192177	0.730927066235	0.661429931044	0.706085446338	0.67505906744	0.710342974359	0.715469246613	0.710727300099	0.672110320082	0.682727968531	0.649818796708	0.766133233976	0.632565089454	0.514941725919	0.0	0.672897643818	0.650089493777	0.694608624951	0.655280536655	0.472053221122	0.39988981948	0.632768281979	0.626736617041	0.693166673326	0.636316037606	0.704311553837	0.660692571134	0.709383662336	0.699238222385	0.692398970261	0.683717002762	0.666856326759	0.708001800981	0.670528334673	0.689567124149	0.688578611184	0.680173131464	0.670491506587	0.659692877908	0.723345962694	0.691009984313	0.6793082293	0.6947490335	0.70125156916	0.700794833303	0.688016875238	0.647142599825	0.669719590936	0.659870555253	0.705147106589	0.692486122502	0.707898910262	0.703819970375	0.675213350128	0.666791669427
AD7	0.670353515672	0.675403461519	0.730075398841	0.678704126423	0.715592812959	0.701721023697	0.707007855127	0.693031980243	0.676379627601	0.699975586718	0.671897934353	0.710261290889	0.671925194635	0.695123532194	0.686232883049	0.668829052855	0.666203733955	0.679934743059	0.776723610269	0.683984976924	0.676052521782	0.672897643818	0.0	0.466464743242	0.698778468706	0.494853479348	0.657489247111	0.683742725885	0.639464662664	0.670344557671	0.69413328417	0.656134930551	0.649756945598	0.688307273149	0.719474377528	0.714739533562	0.688859956278	0.689778700867	0.701393808617	0.717306639003	0.701320443165	0.705426903302	0.663173668609	0.682526401927	0.704095560407	0.70450283043	0.720446190965	0.698622671945	0.678752929447	0.720354957823	0.696019578688	0.712756909185	0.685396912441	0.675160655419	0.664380560272	0.677878847751	0.693993558883	0.721575993526	0.7053123664	0.707112510774	0.656439386989	0.680636827646
AD8	0.691869161928	0.685327382985	0.755990962686	0.692578473468	0.723308808852	0.704994719135	0.692380161918	0.687465566804	0.694582039509	0.688372712879	0.693011980126	0.715344216712	0.691362061922	0.707912035438	0.69566511597	0.686784554727	0.686310611155	0.676689124348	0.791310995431	0.661947776433	0.68164690438	0.650089493777	0.466464743242	0.0	0.607574465174	0.398497924048	0.625145376574	0.646930089063	0.65284164569	0.661423666637	0.709579981244	0.67070319349	0.681968818529	0.687759745054	0.723166405689	0.701962643898	0.694029884944	0.689806610407	0.695443681093	0.723026229186	0.701410051054	0.70816282671	0.670958374822	0.683919888151	0.699387780457	0.700537845693	0.717857136076	0.687364725258	0.684412776094	0.717474389034	0.706287743976	0.720070468556	0.695029344951	0.677163124501	0.672538604522	0.672776800046	0.698661654477	0.71888212111	0.709918162034	0.707495936453	0.668513306397	0.686552986949
AE7	0.729240744629	0.735466572827	0.703926769946	0.714816243024	0.705736949957	0.752404749228	0.724273376643	0.733082826504	0.750361629977	0.726936806621	0.755759056854	0.73475502358	0.728047266174	0.740911758748	0.732697800252	0.741319259564	0.698190474759	0.699951458798	0.748769582935	0.680104508411	0.692261328536	0.694608624951	0.698778468706	0.607574465174	0.0	0.496998292273	0.709482167808	0.686930295342	0.680371767207	0.695616837138	0.733234683699	0.697436618354	0.733214587298	0.747395952153	0.745920321407	0.746773239968	0.731356669617	0.747473891152	0.758033236603	0.768881473838	0.752176693153	0.744963964051	0.725801149828	0.732017762001	0.756218809977	0.759785267985	0.774207373347	0.755900100028	0.740850057043	0.760581350474	0.764935971811	0.784829109074	0.748668369051	0.747676306425	0.744358940487	0.744028051512	0.779672118926	0.792945650077	0.785436278715	0.764574219703	0.745245625828	0.76321473445
AE8	0.695932100225	0.688629533892	0.739112326431	0.689775444771	0.700956942236	0.708403967428	0.686660411646	0.684437235458	0.712795502882	0.68306017765	0.713316328041	0.704030918502	0.696913251534	0.70855770248	0.698843007892	0.684107925108	0.698244067143	0.686304376539	0.780068025531	0.661549450402	0.694864825903	0.655280536655	0.494853479348	0.398497924048	0.496998292273	0.0	0.662100880781	0.655251990787	0.652210883922	0.669240517483	0.70669331703	0.678741029078	0.681569040615	0.694263302155	0.727944004673	0.714411429944	0.708330268039	0.705394264346	0.711604129904	0.722628797889	0.705389605255	0.717472104723	0.678355516359	0.692985480916	0.711303729165	0.707800408749	0.721346458996	0.691848142573	0.695178441914	0.709601856542	0.708412882777	0.723145553254	0.695257306921	0.674530591171	0.683231383354	0.684364211635	0.715909533762	0.729568961338	0.728462291964	0.705468985314	0.688979558821	0.697268515626
AF7	0.667046608457	0.654773456009	0.737773550781	0.666222749872	0.70773478836	0.680242142305	0.696169476768	0.685630870183	0.696637668852	0.686828522217	0.685208954255	0.705730946702	0.679917541928	0.689144508363	0.677995248296	0.672382816766	0.663747199788	0.676417120093	0.77946035182	0.671860242101	0.68027036199	0.472053221122	0.657489247111	0.625145376574	0.709482167808	0.662100880781	0.0	0.442820580125	0.650807954011	0.675022128462	0.724387615195	0.653718634913	0.679281817447	0.701563583652	0.706584347745	0.689635815349	0.67862081731	0.681942256305	0.6631523231	0.708696139258	0.68670780197	0.678037313876	0.672246546581	0.673261069487	0.719482173648	0.704337841406	0.70620294928	0.689440771672	0.669878106931	0.70665461653	0.676610650177	0.698606081093	0.672350664393	0.663826260131	0.65994169019	0.66566980073	0.692305155303	0.722534026653	0.693574269529	0.716788710892	0.652027519685	0.673573161385
AF8	0.67068583591	0.666319290641	0.743218211564	0.670304423926	0.684723865208	0.694912369538	0.68193324033	0.677579998142	0.719552827786	0.665817607108	0.716004781877	0.685690610542	0.703855428109	0.699102245487	0.709961709575	0.67145715427	0.666232730115	0.64812814258	0.781589266511	0.64940538275	0.585078935314	0.39988981948	0.683742725885	0.646930089063	0.686930295342	0.655251990787	0.442820580125	0.0	0.634358295877	0.63656084774	0.698131773735	0.630993239418	0.701812266806	0.683950336424	0.699431986719	0.688071455456	0.691647513848	0.681801472464	0.666239659946	0.714167081519	0.681028350584	0.686972828414	0.693365065506	0.678722381514	0.700331185428	0.680158067957	0.724723732396	0.707289020762	0.691262987658	0.69609737658	0.701681461115	0.712918461731	0.680662659326	0.650569240118	0.672303817399	0.662946473248	0.708236042622	0.719778945334	0.713958965753	0.707570311998	0.671364017796	0.682056069907
AG7	0.682624733999	0.680500651879	0.729887848407	0.673302621582	0.707089196081	0.713058064757	0.699756548768	0.68353473431	0.672839695803	0.678980270262	0.681098136614	0.698905513252	0.698196253363	0.687152394246	0.698422374377	0.679893022084	0.671202633602	0.670574397492	0.756317840133	0.510718462772	0.637264219879	0.632768281979	0.639464662664	0.65284164569	0.680371767207	0.652210883922	0.650807954011	0.634358295877	0.0	0.450462389491	0.672765351513	0.654472151481	0.683287153216	0.695571886237	0.701081437991	0.683661917318	0.672205656298	0.682055190963	0.690247321779	0.722495220889	0.692075522344	0.698131043605	0.679641371497	0.671992092318	0.711143100418	0.693693726021	0.732076495372	0.713272030908	0.702446534327	0.724334647744	0.696158315804	0.728634709041	0.678659005766	0.697487402305	0.689179802123	0.692673928807	0.707956045237	0.729246351782	0.719595994619	0.729333408237	0.671372831669	0.68906624883
AG8	0.675896975235	0.671457225791	0.735176923612	0.673660037305	0.686976909476	0.684792942435	0.657110264518	0.663775474052	0.67504615984	0.6492493313	0.67205993455	0.66356184017	0.708018907388	0.685659187166	0.703057034655	0.677754745721	0.685337027213	0.662993581422	0.627851058016	0.386040615289	0.644038156989	0.626736617041	0.670344557671	0.661423666637	0.695616837138	0.669240517483	0.675022128462	0.63656084774	0.450462389491	0.0	0.692721164875	0.626484494084	0.670176797975	0.674292766798	0.686205463652	0.674451899302	0.659247265793	0.640760782875	0.683124815307	0.701690571162	0.668794141325	0.667899596536	0.655874110883	0.660688531786	0.684328288778	0.662461401674	0.722354245788	0.70376303598	0.692904988696	0.708388969112	0.700659880559	0.720203174251	0.671376324002	0.683978156167	0.67662747836	0.675611184627	0.67446025456	0.695781635599	0.71459056682	0.687940914851	0.667744045097	0.685853681455
AH7	0.731257413319	0.743797204356	0.745302705576	0.73465597306	0.73861519064	0.754845598388	0.72206911694	0.716584938728	0.731404633683	0.740699435991	0.719244176487	0.734107146806	0.7274062652	0.752651993464	0.750081957259	0.739156267938	0.705276826753	0.553625446674	0.767001791122	0.705907365941	0.66688951971	0.693166673326	0.69413328417	0.709579981244	0.733234683699	0.70669331703	0.724387615195	0.698131773735	0.672765351513	0.692721164875	0.0	0.517006136467	0.722479425981	0.754327188162	0.771628072465	0.768061807257	0.748692736974	0.740036311234	0.755892366284	0.76023224373	0.75033874876	0.736843013709	0.759526466023	0.735102018791	0.766421905529	0.765640425642	0.776412529463	0.747098281022	0.755838302526	0.770354545644	0.782109899188	0.783057382116	0.749828005455	0.741595653752	0.737491154523	0.729516514501	0.782746800013	0.792478192683	0.778237852084	0.770091937767	0.751444997025	0.746887697855
AH8	0.682027869377	0.677760639438	0.744360214743	0.692772240116	0.682137904068	0.689489702935	0.681101037874	0.689037138021	0.693323323162	0.673579807471	0.690872667623	0.665072933549	0.696931316896	0.717827878661	0.706103332366	0.689074578051	0.532134326687	0.396324227119	0.766442851196	0.644032659993	0.645594168515	0.636316037606	0.656134930551	0.67070319349	0.697436618354	0.678741029078	0.653718634913	0.630993239418	0.654472151481	0.626484494084	0.517006136467	0.0	0.655695456041	0.710147336932	0.703185226119	0.708694108556	0.690573061959	0.673830772939	0.704988152342	0.718716186989	0.693252620263	0.689479541001	0.71646886813	0.690381393952	0.70618851397	0.701704030946	0.721891227634	0.694986580157	0.716368465715	0.723337781049	0.7238631774	0.726532230469	0.69589269309	0.6897420723	0.685753900241	0.675168591943	0.723381141648	0.726212400896	0.732666274547	0.715587975928	0.684210388901	0.693752557687
AA5	0.650709319519	0.658552087606	0.737088135302	0.685774721705	0.663509538673	0.665976049712	0.698638994553	0.683842565881	0.641560811881	0.697288280785	0.639221118618	0.66227980853	0.686888230372	0.699355087136	0.677718063584	0.668672210523	0.654499874001	0.67686413948	0.787547686917	0.696461357129	0.706708192577	0.704311553837	0.649756945598	0.681968818529	0.733214587298	0.681569040615	0.679281817447	0.701812266806	0.683287153216	0.670176797975	0.722479425981	0.655695456041	0.0	0.604590715973	0.674587771663	0.698083932284	0.642590191289	0.645622192189	0.685491356392	0.695137792384	0.688456869401	0.65279703019	0.645388901624	0.657079150116	0.720383538394	0.662202723141	0.690984975413	0.711070989622	0.693834242339	0.717356104953	0.68681905977	0.711600917697	0.670083585176	0.685599026232	0.666685528984	0.689554244078	0.656233223432	0.707071243779	0.685038273109	0.682463489082	0.624388042328	0.70416192911
AA6	0.67739941363	0.660137889847	0.787134609678	0.693176828617	0.692595161609	0.672267839523	0.666167728485	0.66620155568	0.716900146924	0.661003290685	0.676955376049	0.66491970201	0.704351258623	0.720029794992	0.725838679355	0.672748728132	0.720257817724	0.705557771956	0.793183064262	0.690304744953	0.690461729272	0.660692571134	0.688307273149	0.687759745054	0.747395952153	0.694263302155	0.701563583652	0.683950336424	0.695571886237	0.674292766798	0.754327188162	0.710147336932	0.604590715973	0.0	0.70338680669	0.678077849956	0.652180033777	0.642225799814	0.681642317002	0.689982197671	0.661539802296	0.690727314712	0.662650459235	0.65856614931	0.462745882225	0.413741172398	0.690789465385	0.683569646655	0.680256219376	0.685189592665	0.68947720219	0.685703710598	0.682597054802	0.675321843487	0.694496121477	0.68036254726	0.676614074465	0.680563178378	0.694290082856	0.678509702331	0.643122513808	0.679411741801
AB5	0.670941019703	0.668027744512	0.754182059118	0.685969420537	0.687870679084	0.668912468942	0.665632171934	0.697955021422	0.700977997965	0.671513471106	0.670525348849	0.657155162981	0.694503558716	0.681701510677	0.697650040203	0.66338604151	0.711199707503	0.712750060325	0.784190655195	0.698686385005	0.732721249137	0.709383662336	0.719474377528	0.723166405689	0.745920321407	0.727944004673	0.706584347745	0.699431986719	0.701081437991	0.686205463652	0.771628072465	0.703185226119	0.674587771663	0.70338680669	0.0	0.438748656065	0.658025022628	0.653041739509	0.662002306615	0.656420141908	0.64377505885	0.698020876004	0.682672930468	0.641050641514	0.714781073053	0.689675302856	0.679824023717	0.690486836486	0.677185803205	0.710306719654	0.696024548276	0.693180604794	0.657558911988	0.690405361322	0.70479920409	0.680703239775	0.686637592323	0.680695558413	0.711738988572	0.700258335687	0.641471863128	0.697425796159
AB6	0.665745313293	0.649831858405	0.766245895713	0.678987534273	0.679065580698	0.662233891649	0.66590086024	0.681263890777	0.722116039094	0.660719612246	0.661341797915	0.65005256527	0.690484865819	0.706083479995	0.687645002043	0.640230855493	0.703414346222	0.711124576196	0.790717254967	0.672189619815	0.732235612421	0.699238222385	0.714739533562	0.701962643898	0.746773239968	0.714411429944	0.689635815349	0.688071455456	0.683661917318	0.674451899302	0.768061807257	0.708694108556	0.698083932284	0.678077849956	0.438748656065	0.0	0.66741249037	0.644654921266	0.650729765003	0.659389671806	0.63140342025	0.689048280714	0.657074400349	0.530578883058	0.684225932765	0.644025666608	0.677000367116	0.671136793676	0.676259324232	0.691289325825	0.672624864873	0.678254599677	0.665188734318	0.67816747031	0.686413277723	0.670509576708	0.676722757586	0.679654221836	0.668900004658	0.677810686103	0.651142721488	0.678845394167
AC5	0.640377032862	0.644356038049	0.732859088572	0.662254905826	0.680799096222	0.660406588746	0.678653018035	0.678759703177	0.679759970614	0.67383634712	0.649973704076	0.673817819048	0.684023688996	0.679680293268	0.697784982691	0.667303094093	0.67691845118	0.694070516609	0.765458580808	0.687606896999	0.711801821556	0.692398970261	0.688859956278	0.694029884944	0.731356669617	0.708330268039	0.67862081731	0.691647513848	0.672205656298	0.659247265793	0.748692736974	0.690573061959	0.642590191289	0.652180033777	0.658025022628	0.66741249037	0.0	0.482387655009	0.645382851586	0.669919320577	0.661516978529	0.670661821131	0.599108953556	0.634808126451	0.656622754894	0.643086951465	0.65360457654	0.693964737903	0.624429580546	0.680189316806	0.662052065773	0.656538062653	0.638944527359	0.659339970828	0.641092648031	0.649305997159	0.644257244786	0.668899839344	0.654621793919	0.67742346994	0.629212917429	0.660785203011
AC6	0.637443692249	0.624270730259	0.7414700471	0.659720690163	0.663525317978	0.638902601477	0.647970790297	0.665587265984	0.680238437211	0.654248158928	0.647268085177	0.630139223663	0.677487680042	0.684011250633	0.683169144724	0.646130604368	0.683510738679	0.694314349676	0.768487211133	0.674962879627	0.716694514629	0.683717002762	0.689778700867	0.689806610407	0.747473891152	0.705394264346	0.681942256305	0.681801472464	0.682055190963	0.640760782875	0.740036311234	0.673830772939	0.645622192189	0.642225799814	0.653041739509	0.644654921266	0.482387655009	0.0	0.644288884272	0.654601229679	0.631031223411	0.56144248391	0.523062699128	0.619614622555	0.649443768215	0.623500418563	0.660098886929	0.687111327658	0.622328214477	0.654672889748	0.659176848208	0.661248231261	0.649962665262	0.670000611368	0.659733219826	0.659095688236	0.616868060717	0.671825928112	0.629801375121	0.645474434281	0.637195489476	0.657593089942
AD6	0.667086746556	0.623820058054	0.768793279228	0.688989416323	0.688711160648	0.652661920343	0.646500904637	0.612228131297	0.703264679304	0.604462351902	0.68484813724	0.657173143179	0.701010253818	0.705717213148	0.681903549834	0.645051842722	0.712829939056	0.70671476376	0.79913162076	0.692604714115	0.708476073724	0.666856326759	0.701393808617	0.695443681093	0.758033236603	0.711604129904	0.6631523231	0.666239659946	0.690247321779	0.683124815307	0.755892366284	0.704988152342	0.685491356392	0.681642317002	0.662002306615	0.650729765003	0.645382851586	0.644288884272	0.0	0.544616626297	0.401888668243	0.657796684574	0.643898991052	0.662341535858	0.671574159002	0.672054808934	0.676119472625	0.651184861388	0.648079860235	0.657633107176	0.681484072935	0.683964357718	0.648294835621	0.650375875106	0.659756621522	0.655893830699	0.666449292821	0.690092776183	0.664533057471	0.669517470761	0.613371227371	0.635680151323
AE5	0.689070567925	0.668706018819	0.771580117251	0.69288820802	0.665346368285	0.662104410037	0.66704403524	0.66605281641	0.704949621915	0.646786534638	0.683325535942	0.659185360504	0.706844316696	0.720279725238	0.709907145843	0.669549381104	0.749906088079	0.724359550257	0.796360620245	0.707010765047	0.74284602531	0.708001800981	0.717306639003	0.723026229186	0.768881473838	0.722628797889	0.708696139258	0.714167081519	0.722495220889	0.701690571162	0.76023224373	0.718716186989	0.695137792384	0.689982197671	0.656420141908	0.659389671806	0.669919320577	0.654601229679	0.544616626297	0.0	0.431600425962	0.678355681415	0.654671036901	0.667356948205	0.689988275883	0.685873925109	0.683238347733	0.688716498028	0.669424102724	0.65230635105	0.675284574098	0.696766007366	0.655488379215	0.667062092003	0.671262064315	0.665143948299	0.661281137601	0.71109017808	0.672197189974	0.656295975956	0.658989086957	0.67448609146
AE6	0.679996678784	0.634329610557	0.773794710458	0.692963773047	0.653734709706	0.644988872443	0.634280292841	0.623441976938	0.69797830284	0.592100209135	0.686344907532	0.632083754417	0.708452927943	0.711782278372	0.690973433684	0.652415253853	0.725640403349	0.700324462579	0.790478960038	0.670972797948	0.724197221663	0.670528334673	0.701320443165	0.701410051054	0.752176693153	0.705389605255	0.68670780197	0.681028350584	0.692075522344	0.668794141325	0.75033874876	0.693252620263	0.688456869401	0.661539802296	0.64377505885	0.63140342025	0.661516978529	0.631031223411	0.401888668243	0.431600425962	0.0	0.651362662803	0.637877842647	0.656003665889	0.661541826227	0.654992172862	0.686092439079	0.640935223631	0.654678485955	0.63660325618	0.673159729589	0.676667346993	0.644085902067	0.645281080615	0.656458294009	0.6485077008	0.657957809464	0.687393696531	0.651064829599	0.649155441495	0.624031879644	0.634272553872
AF5	0.684424516302	0.648881684946	0.697582864304	0.663895612697	0.638101541855	0.661309266343	0.673503916386	0.655662760253	0.683643416131	0.66538060176	0.678758737102	0.644807465033	0.671986119618	0.680016489309	0.684369428971	0.665304236146	0.690198861132	0.681491747971	0.72999524249	0.658035064131	0.716830297826	0.689567124149	0.705426903302	0.70816282671	0.744963964051	0.717472104723	0.678037313876	0.686972828414	0.698131043605	0.667899596536	0.736843013709	0.689479541001	0.65279703019	0.690727314712	0.698020876004	0.689048280714	0.670661821131	0.56144248391	0.657796684574	0.678355681415	0.651362662803	0.0	0.466160652418	0.6477063392	0.697545709698	0.68568885414	0.694538891687	0.702438177422	0.661629229119	0.673492824108	0.683536400194	0.705112142312	0.67659366739	0.694913728764	0.684066743149	0.685002137348	0.676360538696	0.712959073553	0.678010635358	0.669656577766	0.652892228192	0.678960376681
AF6	0.661362286379	0.632013324776	0.735051783082	0.642921704131	0.663167842065	0.651542827126	0.665052175395	0.651784625576	0.699190255517	0.663976940219	0.662212354921	0.662923824156	0.669732294837	0.647937844306	0.668142559673	0.653595921725	0.709954764306	0.712219318298	0.736632325435	0.650318163208	0.721533917225	0.688578611184	0.663173668609	0.670958374822	0.725801149828	0.678355516359	0.672246546581	0.693365065506	0.679641371497	0.655874110883	0.759526466023	0.71646886813	0.645388901624	0.662650459235	0.682672930468	0.657074400349	0.599108953556	0.523062699128	0.643898991052	0.654671036901	0.637877842647	0.466160652418	0.0	0.619843328313	0.676751961267	0.653880924547	0.671565746398	0.680530771345	0.627986100045	0.659036265578	0.66538111927	0.6765815887	0.658722088463	0.672297951776	0.673080660047	0.659495141492	0.632635546721	0.687172653224	0.659456515729	0.643498180444	0.634304923637	0.659637554557
