	AA3	AA4	AB3	AB4	AC3	AC4	AD3	AD4	AE3	AE4	AF3	AF4	AG3	AG4	AH3	AH4	AA7	AA8	AB7	AB8	AC7	AC8	AD7	AD8	AE7	AE8	AF7	AF8	AG7	AG8	AH7	AH8	AA5	AA6	AB5	AB6	AC5	AC6	AD6	AE5	AE6	AF5	AF6	AG5	AH5	AH6	AA1	AA2	AB1	AB2	AC1	AC2	AD1	AD2	AE1	AE2	AF1	AF2	AG1	AG2	AH1	AH2
AA3	0.0	0.501925673033	0.681516870472	0.6350302223	0.675612289492	0.675311964105	0.697867103919	0.691203112597	0.653855154802	0.698146463143	0.655526243136	0.670109234026	0.639638337922	0.645202712025	0.691467531807	0.48640499871	0.687103741447	0.68423553464	0.751143878303	0.688092559	0.685856993434	0.700748128507	0.695538218333	0.697394157329	0.73665920005	0.701240532451	0.674589757771	0.687933808147	0.687348087347	0.693909834801	0.739262036509	0.696828102156	0.654479977096	0.693790628229	0.6795440546	0.683959680917	0.644818581537	0.659968228264	0.673091521942	0.686293006627	0.674071932101	0.668307806356	0.656361724501	0.668782360804	0.709991615332	0.703748844211	0.660647463095	0.689853016018	0.650699042871	0.68422242179	0.68131664318	0.677496001377	0.652680811609	0.673862854525	0.677017959917	0.670785795871	0.668360641936	0.692855223824	0.666896876052	0.678297651718	0.650946569363	0.70278647703
AA4	0.501925673033	0.0	0.68420619718	0.619415844616	0.658861806829	0.660431633833	0.666137483074	0.662387825603	0.667814964565	0.656698050393	0.661513636625	0.663922209252	0.661505861754	0.656963687364	0.507831823969	0.379808728876	0.695327583007	0.701743297051	0.769343402665	0.686046588722	0.711230071869	0.671165816088	0.699612587873	0.698215942477	0.741543843885	0.681978546942	0.664389610081	0.665723403817	0.69953181657	0.6805789038	0.754250273935	0.677965840771	0.662132152673	0.676773793088	0.682472440247	0.646349470722	0.665936513677	0.654083102196	0.656106152722	0.670613277633	0.641506013894	0.670835607922	0.647524617332	0.651131844634	0.679811439308	0.670421194551	0.654797510658	0.648782019252	0.651448995744	0.651915948801	0.677710251945	0.667035940059	0.655448652849	0.652541392045	0.656451420887	0.640156363079	0.644987347247	0.669886303842	0.646946447785	0.640326409989	0.656355369778	0.653844781587
AB3	0.681516870472	0.68420619718	0.0	0.648148373095	0.67777332922	0.732570826148	0.729787928271	0.730494868956	0.708441572959	0.727054909595	0.702046273324	0.741835316599	0.711924504203	0.589843218481	0.68704122215	0.679325750339	0.704548517147	0.72762492979	0.696020446223	0.680815903226	0.698210511998	0.717920530858	0.744518635138	0.744140321808	0.71267603193	0.729134248197	0.69912673921	0.710617579532	0.681042796758	0.69523089002	0.720630958934	0.70427829333	0.710910201337	0.770818961384	0.706807512277	0.73443641277	0.719104560124	0.732257447237	0.751750611216	0.747656338594	0.758755140857	0.710437767601	0.718467344816	0.728111893731	0.791140574692	0.780095734644	0.755582809296	0.75334961546	0.718035742612	0.746965296471	0.741940539926	0.764096914603	0.74444489521	0.757001220892	0.741418948423	0.743953893664	0.745952056232	0.777653116969	0.738376769421	0.748808985813	0.721879482894	0.751845730537
AB4	0.6350302223	0.619415844616	0.648148373095	0.0	0.679029278758	0.687546905089	0.69701316818	0.684059839112	0.66614554289	0.683095536622	0.671499841163	0.700012261899	0.429872034874	0.436395888306	0.664990964396	0.636335714323	0.704700665698	0.706799434283	0.742543995155	0.679890318349	0.692408566741	0.688777927719	0.700996494456	0.699937618566	0.733974451038	0.69360081624	0.669192802303	0.671899575876	0.677703979074	0.677152511003	0.741410484803	0.709424555677	0.682931484829	0.700019651783	0.685798154834	0.674736511378	0.671506259758	0.675131678651	0.689807169252	0.686598624222	0.692369328948	0.674727723801	0.674313028055	0.665902161148	0.713880522716	0.718578606975	0.687835580557	0.707241239719	0.640690155661	0.683717731102	0.696967197983	0.698252374818	0.677207665699	0.680000614283	0.693069722048	0.685434127619	0.69476931651	0.709059758551	0.683563710311	0.675809602145	0.665627562566	0.699455043622
AC3	0.675612289492	0.658861806829	0.67777332922	0.679029278758	0.0	0.515629455633	0.664179899441	0.663731861762	0.667711943558	0.659801670244	0.686762885406	0.457143001965	0.689875198314	0.692584315184	0.678643596301	0.666814611387	0.678139586492	0.688319194897	0.739701098796	0.662848053164	0.696196054437	0.692782296782	0.734025611411	0.72192343595	0.719131643193	0.71134894672	0.704994701885	0.68950851904	0.704655269712	0.676909037301	0.739767281399	0.685887839055	0.672422167526	0.695256604811	0.694753616882	0.675723089779	0.692463741887	0.685566597611	0.681868333415	0.654325591423	0.673009780494	0.660232563348	0.649636923313	0.667065055482	0.713720316353	0.717043030617	0.708790251632	0.709944754934	0.678413526197	0.683828724774	0.708664824606	0.697297140732	0.684853136848	0.693305802762	0.676143995739	0.670549201482	0.691690302991	0.692382327093	0.678711825671	0.667177310498	0.67823949101	0.701977328473
AC4	0.675311964105	0.660431633833	0.732570826148	0.687546905089	0.515629455633	0.0	0.676129727028	0.639504065226	0.667874188458	0.660489218092	0.508230112123	0.405876021532	0.687587216135	0.687096317604	0.682594679327	0.65277431761	0.67740501833	0.673756963094	0.759297985999	0.666209435495	0.703392107697	0.694105514371	0.717797947886	0.717115151627	0.753525950396	0.714117709558	0.692889260494	0.670683505348	0.705934270709	0.67931391103	0.745234731299	0.687198959032	0.665177159117	0.66711925294	0.673064739251	0.676269757515	0.676310116749	0.657560773535	0.659176896077	0.650886712905	0.65984625272	0.657403901076	0.647714707519	0.653175256375	0.680201041981	0.680405837049	0.71859933294	0.693798436049	0.692583541954	0.684139284317	0.691865706677	0.681543740456	0.681977559218	0.695853717138	0.687219948661	0.696559015544	0.679356180341	0.662347641169	0.676917998	0.675573250069	0.668374275315	0.701229212273
AD3	0.697867103919	0.666137483074	0.729787928271	0.69701316818	0.664179899441	0.676129727028	0.0	0.390007419314	0.688006273707	0.352487307439	0.713719292283	0.661688915099	0.715629467038	0.689765877988	0.695784403948	0.667131880653	0.713118066928	0.694747354442	0.770908490957	0.66329486809	0.722704706055	0.680526016554	0.734343541228	0.703537699553	0.736431774851	0.688284978562	0.696089077991	0.679845986322	0.712316095283	0.68188675417	0.729717204044	0.683432898118	0.70369939	0.680209311897	0.685501460725	0.649322999527	0.690756373637	0.678661538653	0.619727074684	0.639363421385	0.624777859178	0.676035768479	0.670180829174	0.68388589498	0.694242930628	0.698236238345	0.681785035916	0.67159496557	0.673097298307	0.669037117698	0.698727401599	0.672751245867	0.68326864771	0.676870957445	0.686673386661	0.675719508416	0.683087417816	0.687589381306	0.681611258103	0.656771000791	0.701078230063	0.646431633935
AD4	0.691203112597	0.662387825603	0.730494868956	0.684059839112	0.663731861762	0.639504065226	0.390007419314	0.0	0.599441058872	0.391093580133	0.680649560234	0.644035562281	0.694742997088	0.671580478956	0.67883151436	0.661914775034	0.700427287638	0.684611667524	0.782429910829	0.643492599147	0.711933554912	0.676726900307	0.698814386644	0.677627157422	0.734626193698	0.673012826268	0.676187238996	0.670315259142	0.659842219108	0.656922919717	0.720494743011	0.68572797253	0.69730149143	0.66832561314	0.67865251916	0.644615120441	0.679212670232	0.668346573168	0.611250189031	0.613662981321	0.618732958782	0.679803244098	0.670014346754	0.66413417977	0.680216347151	0.682637382906	0.686642050268	0.656570040898	0.665234668368	0.672349195201	0.692243727925	0.681354194157	0.67316360789	0.670253928655	0.667531211679	0.672067303367	0.690921706393	0.693156697095	0.681864999595	0.648806502269	0.679340143469	0.635120386498
AE3	0.653855154802	0.667814964565	0.708441572959	0.66614554289	0.667711943558	0.667874188458	0.688006273707	0.599441058872	0.0	0.623503561305	0.65282662746	0.673928108382	0.660178353052	0.667994325535	0.664780251241	0.652619865059	0.663087637506	0.673114497344	0.763581793745	0.68010546906	0.719622051552	0.709925845866	0.668986653678	0.684179982707	0.753808010037	0.681881551327	0.676983392311	0.712027568689	0.665356759775	0.673639702998	0.7358623648	0.678441192812	0.609682547086	0.694011834136	0.688601841825	0.693423818548	0.650373316104	0.656608404188	0.669927929872	0.670245929393	0.68500512641	0.650370506752	0.650200909772	0.653356700786	0.731704143031	0.727481673249	0.706638163514	0.718201380824	0.699811959495	0.731296304056	0.70127868152	0.715158655152	0.666381806134	0.692302083919	0.652408215755	0.705340941023	0.691275547682	0.716049676901	0.699204135623	0.702373759768	0.660743857078	0.71689644982
AE4	0.698146463143	0.656698050393	0.727054909595	0.683095536622	0.659801670244	0.660489218092	0.352487307439	0.391093580133	0.623503561305	0.0	0.694152776373	0.647497372673	0.697275371792	0.670080379088	0.684444620437	0.656476185656	0.694025611266	0.675113454668	0.76485266364	0.642789025409	0.701950076167	0.674620000669	0.702765475985	0.68411840338	0.73231313981	0.67632144853	0.679488090369	0.670641167462	0.682441937994	0.661003416585	0.737869411615	0.662819056696	0.690089558513	0.668636373171	0.676083398272	0.632981498196	0.675458624351	0.659908270831	0.601160518297	0.61667324724	0.612183485924	0.656397152967	0.652389596909	0.659533092802	0.678716977379	0.684900246101	0.677781049326	0.661376676593	0.67794384564	0.67036920269	0.695200829398	0.674629837214	0.677715242088	0.666493235612	0.666945390264	0.670170689572	0.685178228032	0.683712507469	0.677686695792	0.649629341522	0.688189093884	0.669899209931
AF3	0.655526243136	0.661513636625	0.702046273324	0.671499841163	0.686762885406	0.508230112123	0.713719292283	0.680649560234	0.65282662746	0.694152776373	0.0	0.549678517031	0.664126873838	0.666370455157	0.669278941372	0.66809652797	0.680874112919	0.681942073046	0.752927979117	0.672991626676	0.68290790493	0.706657407267	0.688683791947	0.6993855929	0.77018118269	0.713329959403	0.68859533406	0.699380598704	0.699702469787	0.670661087736	0.718560851245	0.695108600683	0.636295906048	0.682703800386	0.670014742892	0.679772822726	0.648240952728	0.662890967227	0.671243210749	0.681821024616	0.686809428578	0.678121995016	0.660052931462	0.671397855976	0.697572446122	0.694635000171	0.71138621491	0.700707326132	0.688816191399	0.705796558583	0.720856500642	0.707405876355	0.699646347453	0.707106427399	0.692874852869	0.709379210552	0.680580752982	0.710173180597	0.676639103452	0.706550826231	0.644236791292	0.713737268681
AF4	0.670109234026	0.663922209252	0.741835316599	0.700012261899	0.457143001965	0.405876021532	0.661688915099	0.644035562281	0.673928108382	0.647497372673	0.549678517031	0.0	0.696153065889	0.711647823064	0.705756639345	0.669390956412	0.701198672544	0.697329917334	0.77097305356	0.682995629709	0.701175072801	0.698499768003	0.734189863146	0.718416785569	0.753204243208	0.717008708602	0.706652948585	0.688356229055	0.724461848512	0.683431754711	0.758533801039	0.701424071195	0.667168428878	0.669217241619	0.673124276533	0.669154674717	0.684632192539	0.660945118634	0.664552687214	0.643718129055	0.664603876301	0.667525901546	0.658399158519	0.673313014322	0.690018390967	0.687144712908	0.700192927653	0.689223569604	0.687496339189	0.693518941503	0.706784981088	0.677273832921	0.676822363555	0.690865904523	0.691168503334	0.68342361171	0.690197197992	0.671493922154	0.685427048224	0.681638110488	0.670828476106	0.704562435124
AG3	0.639638337922	0.661505861754	0.711924504203	0.429872034874	0.689875198314	0.687587216135	0.715629467038	0.694742997088	0.660178353052	0.697275371792	0.664126873838	0.696153065889	0.0	0.474058414275	0.688664817772	0.65427452518	0.673679773603	0.676867628988	0.766289287154	0.701871760157	0.675051732291	0.691754694312	0.672554034483	0.686418973882	0.736396103063	0.686412173777	0.671827801163	0.693910214624	0.669113268684	0.688275088028	0.735571945244	0.703389164915	0.685404920715	0.700524623227	0.696749641294	0.6810484868	0.685540827327	0.698721589301	0.680837589606	0.691375469049	0.687355588025	0.669551886697	0.68000403307	0.680098477124	0.713916726421	0.712297289766	0.688073241877	0.70428562581	0.651999604008	0.697823059175	0.68923901186	0.700006982626	0.682170730754	0.67983511114	0.679674270039	0.685024378767	0.715539143738	0.720320935262	0.683570342851	0.685321061937	0.68560226283	0.712306615082
AG4	0.645202712025	0.656963687364	0.589843218481	0.436395888306	0.692584315184	0.687096317604	0.689765877988	0.671580478956	0.667994325535	0.670080379088	0.666370455157	0.711647823064	0.474058414275	0.0	0.68316237471	0.646298289943	0.696960489666	0.704890096031	0.717445197578	0.660701308315	0.68102242652	0.68937792324	0.693434328096	0.698816795778	0.716865469331	0.690521874727	0.669070933346	0.683730343407	0.646517018509	0.664701536621	0.737643798848	0.713965317277	0.693329815577	0.716960396673	0.678986967308	0.679140968499	0.667084337656	0.68447073285	0.684431530651	0.68025983598	0.684565038266	0.662042601566	0.665303141321	0.677523471637	0.723234977699	0.721794516618	0.704323951123	0.721295797516	0.647615360766	0.698026837478	0.696009249841	0.702874180619	0.688132733018	0.69247480325	0.706166446143	0.708276885452	0.703749799674	0.730473925193	0.694243368028	0.676014652404	0.668742585963	0.726170242121
AH3	0.691467531807	0.507831823969	0.68704122215	0.664990964396	0.678643596301	0.682594679327	0.695784403948	0.67883151436	0.664780251241	0.684444620437	0.669278941372	0.705756639345	0.688664817772	0.68316237471	0.0	0.553658273116	0.6775856236	0.702324767676	0.767329737202	0.706657831297	0.722101818964	0.712419174041	0.699032510298	0.706072336265	0.749550549207	0.704997689007	0.685742783592	0.696304500943	0.697059283852	0.701089571479	0.75559166007	0.69270087366	0.668390536573	0.720449766509	0.71949733055	0.671196487029	0.675672524485	0.683051557725	0.66764279168	0.68052156423	0.675781673746	0.677308034243	0.659002760954	0.66276417224	0.722712901734	0.721268416644	0.714325092533	0.687206683456	0.702711322972	0.70701996324	0.705796607753	0.724314185224	0.705285843746	0.699789628871	0.67442034421	0.693060223896	0.701466241926	0.725239052677	0.692602065747	0.683363137773	0.694389012982	0.700629566373
AH4	0.48640499871	0.379808728876	0.679325750339	0.636335714323	0.666814611387	0.65277431761	0.667131880653	0.661914775034	0.652619865059	0.656476185656	0.66809652797	0.669390956412	0.65427452518	0.646298289943	0.553658273116	0.0	0.681529838434	0.676035564747	0.776550507354	0.683511751106	0.711341128691	0.674096224914	0.680539464671	0.684171121718	0.738511253224	0.660038486497	0.656306912599	0.665268521219	0.68274846508	0.677537001156	0.747266473989	0.656644960355	0.657864339571	0.666977924314	0.661407391165	0.645082680424	0.660624810817	0.643000191384	0.640100613458	0.665363095701	0.632819960388	0.667268895053	0.633769373433	0.652968832422	0.681916511979	0.66745545634	0.663286512901	0.635154918028	0.648984823779	0.650031999803	0.650501630231	0.662315570276	0.644384871706	0.639764192106	0.648856310115	0.640140386306	0.641050705885	0.660758629806	0.65669309726	0.634934965468	0.646228091484	0.649722599282
AA7	0.687103741447	0.695327583007	0.704548517147	0.704700665698	0.678139586492	0.67740501833	0.713118066928	0.700427287638	0.663087637506	0.694025611266	0.680874112919	0.701198672544	0.673679773603	0.696960489666	0.6775856236	0.681529838434	0.0	0.51515535354	0.762135567563	0.674341420773	0.653593096383	0.679273606634	0.677582603328	0.694331766395	0.707416203179	0.693872057106	0.653624212906	0.651750590025	0.673547199193	0.678787091815	0.708203211184	0.544485059393	0.65865276983	0.722814694608	0.713616862327	0.712634083275	0.681802589787	0.700161050824	0.704226355943	0.729726454633	0.725347356962	0.695290761925	0.690759325515	0.702202277098	0.734662382921	0.745824513629	0.733460682613	0.721779695308	0.713936606635	0.737445669953	0.711689619109	0.735223834341	0.703243384341	0.718660158911	0.680819375038	0.714589397459	0.735127127531	0.73266502757	0.730175717343	0.732484972455	0.695154445625	0.723285632337
AA8	0.68423553464	0.701743297051	0.72762492979	0.706799434283	0.688319194897	0.673756963094	0.694747354442	0.684611667524	0.673114497344	0.675113454668	0.681942073046	0.697329917334	0.676867628988	0.704890096031	0.702324767676	0.676035564747	0.51515535354	0.0	0.765611181887	0.653125487778	0.64508995104	0.647450003413	0.662519083357	0.663125537582	0.703075028183	0.678108665868	0.669583310182	0.636648217375	0.642791202803	0.654625074692	0.546593887635	0.399911399835	0.665505181755	0.711102896032	0.71940498976	0.709214320932	0.697707243521	0.70354873157	0.691847046058	0.694995227797	0.709381256	0.702610588777	0.684359602866	0.690360791554	0.706122561447	0.717915930161	0.71914518764	0.710905478715	0.698000612906	0.720770887409	0.708945554236	0.729214491426	0.69071039267	0.690406888264	0.679485423031	0.68564723402	0.734818605455	0.723472042582	0.730606900634	0.71869868149	0.705811952007	0.714279048356
AB7	0.751143878303	0.769343402665	0.696020446223	0.742543995155	0.739701098796	0.759297985999	0.770908490957	0.782429910829	0.763581793745	0.76485266364	0.752927979117	0.77097305356	0.766289287154	0.717445197578	0.767329737202	0.776550507354	0.762135567563	0.765611181887	0.0	0.544288089246	0.745181444392	0.754200770964	0.787216266403	0.784206136443	0.734636948495	0.768722210831	0.773569074314	0.761721804153	0.741249193054	0.661283272793	0.758836647541	0.766724087633	0.773980403483	0.793860919062	0.773453804578	0.782648657912	0.759448938509	0.76932559254	0.787510935507	0.782059530889	0.791719574907	0.727155510312	0.730736174018	0.770673030535	0.788573847765	0.806516251638	0.815979461231	0.813959007224	0.778717498962	0.790294489949	0.80993884162	0.796126424745	0.794447798467	0.804210932687	0.786258513753	0.789040899267	0.789809736744	0.794104622251	0.790793028268	0.792445425757	0.787425883578	0.805568160871
AB8	0.688092559	0.686046588722	0.680815903226	0.679890318349	0.662848053164	0.666209435495	0.66329486809	0.643492599147	0.68010546906	0.642789025409	0.672991626676	0.682995629709	0.701871760157	0.660701308315	0.706657831297	0.683511751106	0.674341420773	0.653125487778	0.544288089246	0.0	0.646450888476	0.613194403639	0.693146881757	0.668734061298	0.678116354968	0.654294977584	0.675461971502	0.643460092004	0.504077003744	0.435147147105	0.689642511405	0.648556723822	0.684793804603	0.687306413477	0.685084173197	0.678029031078	0.668620611282	0.661875607015	0.674480267919	0.676373410287	0.68137908664	0.673542519175	0.648229896965	0.659890116797	0.679867401799	0.692781106139	0.716994593155	0.710934354369	0.67023372548	0.686284923656	0.70634760609	0.70187130055	0.678395674131	0.689797240981	0.678137581024	0.67692279684	0.691083094937	0.705177670844	0.692478973632	0.692537752374	0.672434138735	0.696949443273
AC7	0.685856993434	0.711230071869	0.698210511998	0.692408566741	0.696196054437	0.703392107697	0.722704706055	0.711933554912	0.719622051552	0.701950076167	0.68290790493	0.701175072801	0.675051732291	0.68102242652	0.722101818964	0.711341128691	0.653593096383	0.64508995104	0.745181444392	0.646450888476	0.0	0.508692054608	0.690762357987	0.683448562047	0.704424873757	0.682498822394	0.681960137937	0.594930799076	0.643796851553	0.639716969283	0.657936704916	0.651167031836	0.699604840591	0.695015760181	0.719886708482	0.723987467284	0.706022396229	0.727237040418	0.705558064313	0.727887382806	0.726545875866	0.725055989267	0.709686913811	0.706971822414	0.692505768656	0.701454543749	0.742469165214	0.744050137277	0.703494793524	0.729143628435	0.750784181937	0.744930212363	0.697749998839	0.695634465009	0.681478772072	0.713272612793	0.74568287349	0.735727790321	0.737829269507	0.725832282112	0.691711810543	0.73437069345
AC8	0.700748128507	0.671165816088	0.717920530858	0.688777927719	0.692782296782	0.694105514371	0.680526016554	0.676726900307	0.709925845866	0.674620000669	0.706657407267	0.698499768003	0.691754694312	0.68937792324	0.712419174041	0.674096224914	0.679273606634	0.647450003413	0.754200770964	0.613194403639	0.508692054608	0.0	0.688282485051	0.662069850924	0.698343184089	0.646804508576	0.500226427353	0.410441616109	0.630047665476	0.60570730788	0.688587938591	0.621753263623	0.706062122074	0.691649299646	0.716777972856	0.704299202488	0.692285224095	0.696724354855	0.676045921624	0.694726254465	0.688146879408	0.699840206484	0.688710126107	0.700317592945	0.679521853043	0.685817302643	0.719000553871	0.710020296421	0.678818239599	0.690994323663	0.701021320466	0.696687015276	0.676126955432	0.66874273204	0.672811890375	0.680247870122	0.698024716173	0.695847662622	0.711050811968	0.696949757983	0.682320263061	0.686562859129
AD7	0.695538218333	0.699612587873	0.744518635138	0.700996494456	0.734025611411	0.717797947886	0.734343541228	0.698814386644	0.668986653678	0.702765475985	0.688683791947	0.734189863146	0.672554034483	0.693434328096	0.699032510298	0.680539464671	0.677582603328	0.662519083357	0.787216266403	0.693146881757	0.690762357987	0.688282485051	0.0	0.481304219781	0.72911156635	0.524040428838	0.676662105091	0.678823723899	0.662387830345	0.683133152425	0.705907654571	0.679920775285	0.664585330678	0.70432828801	0.736420726779	0.711471852669	0.696214457082	0.712427287527	0.693619188439	0.714784358003	0.711298710888	0.691715947224	0.688476641728	0.703643622695	0.691772963389	0.686861831458	0.720327787963	0.705634379367	0.688940000098	0.712009450993	0.702013997399	0.722919628733	0.70048949021	0.681885605569	0.660544437799	0.697753925029	0.706853033855	0.721915878808	0.70430608119	0.702682037506	0.666118530055	0.714401370594
AD8	0.697394157329	0.698215942477	0.744140321808	0.699937618566	0.72192343595	0.717115151627	0.703537699553	0.677627157422	0.684179982707	0.68411840338	0.6993855929	0.718416785569	0.686418973882	0.698816795778	0.706072336265	0.684171121718	0.694331766395	0.663125537582	0.784206136443	0.668734061298	0.683448562047	0.662069850924	0.481304219781	0.0	0.627486896225	0.411336884475	0.660750839776	0.654445496019	0.662715297926	0.653577332492	0.705824803096	0.667388514476	0.671172756656	0.695537009829	0.726664064514	0.706487340848	0.701035544153	0.701170676267	0.695469595056	0.704244900883	0.715392052019	0.700698750114	0.687478751599	0.67902109071	0.704798902102	0.701030632055	0.720245744134	0.700909005019	0.683194486472	0.702544461526	0.70763022466	0.72605541172	0.695583519531	0.676074820695	0.65741810553	0.677333172476	0.712656658728	0.726921295904	0.705634023931	0.698980513723	0.687044262701	0.713794459598
AE7	0.73665920005	0.741543843885	0.71267603193	0.733974451038	0.719131643193	0.753525950396	0.736431774851	0.734626193698	0.753808010037	0.73231313981	0.77018118269	0.753204243208	0.736396103063	0.716865469331	0.749550549207	0.738511253224	0.707416203179	0.703075028183	0.734636948495	0.678116354968	0.704424873757	0.698343184089	0.72911156635	0.627486896225	0.0	0.506781224273	0.720508393307	0.705883842765	0.70245961273	0.702510526978	0.743844242285	0.70886841346	0.746368680175	0.76378066097	0.752260988786	0.749039220021	0.741337491889	0.764460251742	0.764871021252	0.764827101419	0.77586619791	0.757490773551	0.74486949847	0.744490469712	0.763620800992	0.764841402605	0.777549565994	0.784399359636	0.734371510111	0.767820887908	0.778988396131	0.792014204902	0.758864865775	0.762325467092	0.749963834445	0.757716682163	0.784287625124	0.795080331552	0.781173882113	0.77072347274	0.75854401419	0.785608130496
AE8	0.701240532451	0.681978546942	0.729134248197	0.69360081624	0.71134894672	0.714117709558	0.688284978562	0.673012826268	0.681881551327	0.67632144853	0.713329959403	0.717008708602	0.686412173777	0.690521874727	0.704997689007	0.660038486497	0.693872057106	0.678108665868	0.768722210831	0.654294977584	0.682498822394	0.646804508576	0.524040428838	0.411336884475	0.506781224273	0.0	0.662677841632	0.636354122054	0.64931468924	0.647658345547	0.721052937127	0.652549119036	0.672059997966	0.682711047259	0.70972810676	0.699941920534	0.696960155728	0.688198164918	0.704162297156	0.724005893919	0.721687964702	0.706675281618	0.679186772898	0.688486861031	0.705147383324	0.698816142265	0.711012688091	0.70604525021	0.672556449441	0.703349047469	0.703775804897	0.718645266525	0.672260504404	0.679310784204	0.675180793747	0.673863077157	0.701960070099	0.704513454372	0.714434633699	0.702521418452	0.684608553485	0.691249480757
AF7	0.674589757771	0.664389610081	0.69912673921	0.669192802303	0.704994701885	0.692889260494	0.696089077991	0.676187238996	0.676983392311	0.679488090369	0.68859533406	0.706652948585	0.671827801163	0.669070933346	0.685742783592	0.656306912599	0.653624212906	0.669583310182	0.773569074314	0.675461971502	0.681960137937	0.500226427353	0.676662105091	0.660750839776	0.720508393307	0.662677841632	0.0	0.44779480764	0.64783912168	0.647609488112	0.717579681045	0.662535887981	0.675164378054	0.711770036638	0.692475630974	0.682754021451	0.673337520668	0.687072288124	0.661334829487	0.679760302142	0.680672575364	0.676383871694	0.671041884099	0.680296706819	0.727114643391	0.725368506459	0.710878998609	0.691632889975	0.675644814438	0.697614800605	0.675249204002	0.706828955682	0.675443748912	0.662064210775	0.657728063587	0.683364330334	0.687500715822	0.716190601017	0.684576416239	0.703876178906	0.654337623007	0.688840705086
AF8	0.687933808147	0.665723403817	0.710617579532	0.671899575876	0.68950851904	0.670683505348	0.679845986322	0.670315259142	0.712027568689	0.670641167462	0.699380598704	0.688356229055	0.693910214624	0.683730343407	0.696304500943	0.665268521219	0.651750590025	0.636648217375	0.761721804153	0.643460092004	0.594930799076	0.410441616109	0.678823723899	0.654445496019	0.705883842765	0.636354122054	0.44779480764	0.0	0.650676835574	0.61890915689	0.689597681432	0.60839840011	0.6962841012	0.683518778786	0.709512301604	0.701388621603	0.690663484977	0.690799734072	0.681073617532	0.700418301944	0.697588190874	0.700914412984	0.692943321792	0.698702007254	0.69261680674	0.690617225329	0.708596464499	0.697812836866	0.665484863399	0.678962705337	0.702127631197	0.693103733285	0.665068183164	0.665404876811	0.680788781013	0.659750022625	0.694200439302	0.689651208407	0.70343733785	0.694475917756	0.665393315268	0.673970262511
AG7	0.687348087347	0.69953181657	0.681042796758	0.677703979074	0.704655269712	0.705934270709	0.712316095283	0.659842219108	0.665356759775	0.682441937994	0.699702469787	0.724461848512	0.669113268684	0.646517018509	0.697059283852	0.68274846508	0.673547199193	0.642791202803	0.741249193054	0.504077003744	0.643796851553	0.630047665476	0.662387830345	0.662715297926	0.70245961273	0.64931468924	0.64783912168	0.650676835574	0.0	0.456015477995	0.683315992695	0.667299390453	0.685290733523	0.708073094487	0.708561146048	0.693643364468	0.663363942269	0.684967211835	0.685340619752	0.693751247565	0.695604235922	0.680369066771	0.663042838731	0.678637896756	0.710097777266	0.70534297164	0.727727310638	0.717140261471	0.6805822293	0.708429727028	0.690481483556	0.726520990542	0.6607764265	0.671832717162	0.680383228558	0.687078339889	0.700741878984	0.730796898296	0.699403173908	0.702551638825	0.671025821448	0.703314837937
AG8	0.693909834801	0.6805789038	0.69523089002	0.677152511003	0.676909037301	0.67931391103	0.68188675417	0.656922919717	0.673639702998	0.661003416585	0.670661087736	0.683431754711	0.688275088028	0.664701536621	0.701089571479	0.677537001156	0.678787091815	0.654625074692	0.661283272793	0.435147147105	0.639716969283	0.60570730788	0.683133152425	0.653577332492	0.702510526978	0.647658345547	0.647609488112	0.61890915689	0.456015477995	0.0	0.697508494855	0.652158539816	0.668695599173	0.686881235177	0.685849495597	0.676014930471	0.671485738716	0.653381933944	0.669857686202	0.687926139393	0.684166214518	0.672070367017	0.645637656735	0.651813067344	0.691003048933	0.688534882593	0.713538226345	0.70813413966	0.671305731706	0.68501890879	0.697469825532	0.717936646121	0.662486086157	0.677929582319	0.67395087478	0.668466365783	0.683944143602	0.715975577576	0.68702225672	0.686942336254	0.672374180628	0.693084925546
AH7	0.739262036509	0.754250273935	0.720630958934	0.741410484803	0.739767281399	0.745234731299	0.729717204044	0.720494743011	0.7358623648	0.737869411615	0.718560851245	0.758533801039	0.735571945244	0.737643798848	0.75559166007	0.747266473989	0.708203211184	0.546593887635	0.758836647541	0.689642511405	0.657936704916	0.688587938591	0.705907654571	0.705824803096	0.743844242285	0.721052937127	0.717579681045	0.689597681432	0.683315992695	0.697508494855	0.0	0.52584620217	0.715351841352	0.766194504939	0.771803576516	0.761685885315	0.748050642365	0.760912417782	0.752779349677	0.740206898746	0.760102190585	0.750848501166	0.747823697098	0.744417231117	0.766424993167	0.769054800601	0.770533098643	0.769666355091	0.746722556098	0.767459804779	0.781399444045	0.786332904723	0.749309563911	0.742999439248	0.733122832246	0.734921992583	0.777123655929	0.79071131181	0.776015598355	0.761977714203	0.750060933457	0.733209671983
AH8	0.696828102156	0.677965840771	0.70427829333	0.709424555677	0.685887839055	0.687198959032	0.683432898118	0.68572797253	0.678441192812	0.662819056696	0.695108600683	0.701424071195	0.703389164915	0.713965317277	0.69270087366	0.656644960355	0.544485059393	0.399911399835	0.766724087633	0.648556723822	0.651167031836	0.621753263623	0.679920775285	0.667388514476	0.70886841346	0.652549119036	0.662535887981	0.60839840011	0.667299390453	0.652158539816	0.52584620217	0.0	0.651999292822	0.699583458833	0.700789807124	0.70136436931	0.690641617575	0.674303181111	0.689754903888	0.69710092217	0.704553049665	0.703241753945	0.675573342186	0.698025584133	0.709220094868	0.717366377157	0.712475670449	0.707990621085	0.697891557054	0.705849805871	0.721539188167	0.721775618892	0.672860861705	0.690772386985	0.670770215065	0.677924862899	0.714554202055	0.717870176586	0.720949012249	0.704991358108	0.696458044888	0.688266350764
AA5	0.654479977096	0.662132152673	0.710910201337	0.682931484829	0.672422167526	0.665177159117	0.70369939	0.69730149143	0.609682547086	0.690089558513	0.636295906048	0.667168428878	0.685404920715	0.693329815577	0.668390536573	0.657864339571	0.65865276983	0.665505181755	0.773980403483	0.684793804603	0.699604840591	0.706062122074	0.664585330678	0.671172756656	0.746368680175	0.672059997966	0.675164378054	0.6962841012	0.685290733523	0.668695599173	0.715351841352	0.651999292822	0.0	0.587640005987	0.661893381191	0.680672802277	0.645014497697	0.612536632985	0.689912396142	0.690184801816	0.693684998128	0.627972626152	0.598638947104	0.65431146042	0.711892440305	0.667142060469	0.682743574018	0.703165181544	0.685187782117	0.692910980693	0.702087906827	0.707462874124	0.647034040837	0.709858236806	0.657498074567	0.698751659706	0.651744071229	0.700870073438	0.659426955735	0.692926115028	0.644243924056	0.700517829312
AA6	0.693790628229	0.676773793088	0.770818961384	0.700019651783	0.695256604811	0.66711925294	0.680209311897	0.66832561314	0.694011834136	0.668636373171	0.682703800386	0.669217241619	0.700524623227	0.716960396673	0.720449766509	0.666977924314	0.722814694608	0.711102896032	0.793860919062	0.687306413477	0.695015760181	0.691649299646	0.70432828801	0.695537009829	0.76378066097	0.682711047259	0.711770036638	0.683518778786	0.708073094487	0.686881235177	0.766194504939	0.699583458833	0.587640005987	0.0	0.687547047535	0.67551831663	0.671588110952	0.634730482406	0.676235610914	0.687713764883	0.676361488808	0.686904561727	0.641447764583	0.662429128981	0.455471421402	0.426481229604	0.694251901573	0.67374378451	0.665637196767	0.679357258612	0.694554477313	0.681347650895	0.661166518368	0.695115421954	0.686741870057	0.685194396227	0.675132095537	0.654591834793	0.675040624765	0.687546563994	0.656866180728	0.67614682898
AB5	0.6795440546	0.682472440247	0.706807512277	0.685798154834	0.694753616882	0.673064739251	0.685501460725	0.67865251916	0.688601841825	0.676083398272	0.670014742892	0.673124276533	0.696749641294	0.678986967308	0.71949733055	0.661407391165	0.713616862327	0.71940498976	0.773453804578	0.685084173197	0.719886708482	0.716777972856	0.736420726779	0.726664064514	0.752260988786	0.70972810676	0.692475630974	0.709512301604	0.708561146048	0.685849495597	0.771803576516	0.700789807124	0.661893381191	0.687547047535	0.0	0.463792595986	0.655722491381	0.650766139026	0.657982993246	0.654399531798	0.66022282461	0.693065047472	0.665675390964	0.646023018651	0.712636182521	0.700840252375	0.674145089477	0.699391706213	0.673903186255	0.704954072368	0.68021798796	0.693205175507	0.646202395293	0.691492369167	0.702906327141	0.674761062761	0.700640409083	0.689537310129	0.702559949548	0.706876798056	0.66008710856	0.693746061579
AB6	0.683959680917	0.646349470722	0.73443641277	0.674736511378	0.675723089779	0.676269757515	0.649322999527	0.644615120441	0.693423818548	0.632981498196	0.679772822726	0.669154674717	0.6810484868	0.679140968499	0.671196487029	0.645082680424	0.712634083275	0.709214320932	0.782648657912	0.678029031078	0.723987467284	0.704299202488	0.711471852669	0.706487340848	0.749039220021	0.699941920534	0.682754021451	0.701388621603	0.693643364468	0.676014930471	0.761685885315	0.70136436931	0.680672802277	0.67551831663	0.463792595986	0.0	0.648140197778	0.652514614248	0.623550715036	0.637476260538	0.626296878069	0.679533535956	0.655607568202	0.530785423288	0.682706217089	0.66497147696	0.666398380504	0.663125937602	0.666881065403	0.681236828365	0.670988656303	0.670100593318	0.658275493837	0.668341825498	0.683892597454	0.66520375301	0.683116811161	0.695934922588	0.675201586951	0.681061263787	0.650482952765	0.67895920138
AC5	0.644818581537	0.665936513677	0.719104560124	0.671506259758	0.692463741887	0.676310116749	0.690756373637	0.679212670232	0.650373316104	0.675458624351	0.648240952728	0.684632192539	0.685540827327	0.667084337656	0.675672524485	0.660624810817	0.681802589787	0.697707243521	0.759448938509	0.668620611282	0.706022396229	0.692285224095	0.696214457082	0.701035544153	0.741337491889	0.696960155728	0.673337520668	0.690663484977	0.663363942269	0.671485738716	0.748050642365	0.690641617575	0.645014497697	0.671588110952	0.655722491381	0.648140197778	0.0	0.48648659648	0.649270711917	0.654959716822	0.661319488257	0.659529818721	0.589539648076	0.641005512157	0.669333461271	0.655834093635	0.657343620664	0.689529302127	0.637627903886	0.672263026463	0.652018569844	0.650321302072	0.654288587009	0.657702403339	0.635971031379	0.658943902888	0.642419956878	0.668064994242	0.654255555354	0.686678472532	0.629046201651	0.69377684405
AC6	0.659968228264	0.654083102196	0.732257447237	0.675131678651	0.685566597611	0.657560773535	0.678661538653	0.668346573168	0.656608404188	0.659908270831	0.662890967227	0.660945118634	0.698721589301	0.68447073285	0.683051557725	0.643000191384	0.700161050824	0.70354873157	0.76932559254	0.661875607015	0.727237040418	0.696724354855	0.712427287527	0.701170676267	0.764460251742	0.688198164918	0.687072288124	0.690799734072	0.684967211835	0.653381933944	0.760912417782	0.674303181111	0.612536632985	0.634730482406	0.650766139026	0.652514614248	0.48648659648	0.0	0.649138966935	0.649233985311	0.6479678343	0.578347642674	0.476185459951	0.623235249813	0.672714684979	0.666663272349	0.672007387684	0.677602043598	0.654575754958	0.655784908387	0.655245689183	0.654355427683	0.649220362619	0.676824325694	0.660272795221	0.665190911225	0.62747463521	0.652168476479	0.643378486773	0.66912137439	0.643105294667	0.666905713172
AD6	0.673091521942	0.656106152722	0.751750611216	0.689807169252	0.681868333415	0.659176896077	0.619727074684	0.611250189031	0.669927929872	0.601160518297	0.671243210749	0.664552687214	0.680837589606	0.684431530651	0.66764279168	0.640100613458	0.704226355943	0.691847046058	0.787510935507	0.674480267919	0.705558064313	0.676045921624	0.693619188439	0.695469595056	0.764871021252	0.704162297156	0.661334829487	0.681073617532	0.685340619752	0.669857686202	0.752779349677	0.689754903888	0.689912396142	0.676235610914	0.657982993246	0.623550715036	0.649270711917	0.649138966935	0.0	0.515337134123	0.398822340341	0.661396012147	0.645391363111	0.641595560679	0.673562176469	0.685651759927	0.677239539336	0.661725731191	0.66297657553	0.657299798293	0.669155679655	0.66649401483	0.656710561787	0.646275416156	0.646111000507	0.660760077997	0.658965989355	0.689603689753	0.668310667675	0.642539932934	0.642204415102	0.671004004048
AE5	0.686293006627	0.670613277633	0.747656338594	0.686598624222	0.654325591423	0.650886712905	0.639363421385	0.613662981321	0.670245929393	0.61667324724	0.681821024616	0.643718129055	0.691375469049	0.68025983598	0.68052156423	0.665363095701	0.729726454633	0.694995227797	0.782059530889	0.676373410287	0.727887382806	0.694726254465	0.714784358003	0.704244900883	0.764827101419	0.724005893919	0.679760302142	0.700418301944	0.693751247565	0.687926139393	0.740206898746	0.69710092217	0.690184801816	0.687713764883	0.654399531798	0.637476260538	0.654959716822	0.649233985311	0.515337134123	0.0	0.400234088903	0.663104162791	0.655046893687	0.636614244599	0.682039757336	0.688075118482	0.677506243875	0.659076951335	0.647433407482	0.65830276233	0.684041768137	0.67688831407	0.658275903412	0.636979028391	0.644152888312	0.643293573797	0.66307002906	0.692885518517	0.654586935033	0.625626239915	0.647683423845	0.671339216874
AE6	0.674071932101	0.641506013894	0.758755140857	0.692369328948	0.673009780494	0.65984625272	0.624777859178	0.618732958782	0.68500512641	0.612183485924	0.686809428578	0.664603876301	0.687355588025	0.684565038266	0.675781673746	0.632819960388	0.725347356962	0.709381256	0.791719574907	0.68137908664	0.726545875866	0.688146879408	0.711298710888	0.715392052019	0.77586619791	0.721687964702	0.680672575364	0.697588190874	0.695604235922	0.684166214518	0.760102190585	0.704553049665	0.693684998128	0.676361488808	0.66022282461	0.626296878069	0.661319488257	0.6479678343	0.398822340341	0.400234088903	0.0	0.660903213906	0.647480887714	0.649591386008	0.681700285057	0.68645784699	0.681874468255	0.639631996644	0.66358616243	0.653442518838	0.682146533965	0.662531221666	0.660061740313	0.644625269661	0.668415782236	0.652886335437	0.646349589182	0.684926214822	0.647037970863	0.626202430595	0.636120788015	0.650981285311
AF5	0.668307806356	0.670835607922	0.710437767601	0.674727723801	0.660232563348	0.657403901076	0.676035768479	0.679803244098	0.650370506752	0.656397152967	0.678121995016	0.667525901546	0.669551886697	0.662042601566	0.677308034243	0.667268895053	0.695290761925	0.702610588777	0.727155510312	0.673542519175	0.725055989267	0.699840206484	0.691715947224	0.700698750114	0.757490773551	0.706675281618	0.676383871694	0.700914412984	0.680369066771	0.672070367017	0.750848501166	0.703241753945	0.627972626152	0.686904561727	0.693065047472	0.679533535956	0.659529818721	0.578347642674	0.661396012147	0.663104162791	0.660903213906	0.0	0.497057548557	0.645063811598	0.707634402276	0.706985223061	0.696562352914	0.711336365916	0.671871144276	0.678547813308	0.689576607857	0.709619120636	0.66888164813	0.691253601533	0.696558993685	0.694313969653	0.677424005457	0.714089137018	0.672540798417	0.667509162531	0.653161147657	0.72086922469
AF6	0.656361724501	0.647524617332	0.718467344816	0.674313028055	0.649636923313	0.647714707519	0.670180829174	0.670014346754	0.650200909772	0.652389596909	0.660052931462	0.658399158519	0.68000403307	0.665303141321	0.659002760954	0.633769373433	0.690759325515	0.684359602866	0.730736174018	0.648229896965	0.709686913811	0.688710126107	0.688476641728	0.687478751599	0.74486949847	0.679186772898	0.671041884099	0.692943321792	0.663042838731	0.645637656735	0.747823697098	0.675573342186	0.598638947104	0.641447764583	0.665675390964	0.655607568202	0.589539648076	0.476185459951	0.645391363111	0.655046893687	0.647480887714	0.497057548557	0.0	0.611869509234	0.677204946124	0.674656916465	0.662536944316	0.671091743852	0.64945532067	0.646273691486	0.670220582508	0.678332362116	0.64030676198	0.666069739698	0.649069029111	0.659359387822	0.625876320265	0.655583959118	0.642098011416	0.646939467405	0.650501313457	0.669541291283
