	AA3	AA4	AB3	AB4	AC3	AC4	AD3	AD4	AE3	AE4	AF3	AF4	AG3	AG4	AH3	AH4	AA7	AA8	AB7	AB8	AC7	AC8	AD7	AD8	AE7	AE8	AF7	AF8	AG7	AG8	AH7	AH8	AA5	AA6	AB5	AB6	AC5	AC6	AD6	AE5	AE6	AF5	AF6	AG5	AH5	AH6	AA1	AA2	AB1	AB2	AC1	AC2	AD1	AD2	AE1	AE2	AF1	AF2	AG1	AG2	AH1	AH2
AA3	0.0	0.499630692289	0.706270293145	0.635271110627	0.671675360844	0.671810631567	0.691747972307	0.65700960681	0.665334850629	0.703609753327	0.638646442861	0.666497308442	0.64883065739	0.627278479585	0.680618971099	0.478681513433	0.66977446841	0.666217853724	0.766207950736	0.691012214072	0.68592454651	0.680365296804	0.680261037394	0.691366620326	0.725378390131	0.710721904002	0.664380883772	0.676278953343	0.680387922539	0.672072234627	0.727533112549	0.680406649312	0.653917693092	0.686482783898	0.669196744604	0.688426863859	0.631960940289	0.639160888835	0.658798883072	0.696408566485	0.680469779611	0.663446489747	0.642254791247	0.641248417501	0.692819947553	0.682349839656	0.650050058061	0.695515243134	0.642178150687	0.69752825308	0.676371293968	0.672988024789	0.629972104414	0.668765293499	0.658206060763	0.663670350996	0.651287811273	0.673768475966	0.654445252852	0.681806122452	0.644470839805	0.679955382479
AA4	0.499630692289	0.0	0.712870630497	0.652834363326	0.663304489659	0.661096948322	0.668117515736	0.647386125251	0.696878294604	0.675480438961	0.674275291223	0.649116220335	0.665581313215	0.65180715154	0.5046806063	0.397585556647	0.700776278671	0.692412578286	0.771536982021	0.688082857779	0.708975387314	0.674258451227	0.696304583014	0.698419714122	0.735659227249	0.70458606673	0.674457084217	0.672437629141	0.68502732289	0.676960387175	0.741665352748	0.687226746265	0.698022123538	0.674110685033	0.663060621021	0.66462175336	0.659333410725	0.619917841451	0.638499722335	0.665108889679	0.644924431692	0.673427744965	0.650636895192	0.643780309898	0.673856506833	0.668667431605	0.667866405783	0.650877043043	0.643888933614	0.650937952867	0.674084920847	0.664756846409	0.646572776428	0.657533710799	0.654898172542	0.659461075869	0.646626565359	0.655287857315	0.652802972605	0.640446624896	0.655005056384	0.64028260867
AB3	0.706270293145	0.712870630497	0.0	0.682012042038	0.731245203121	0.760909377023	0.747169442209	0.739824875416	0.751248113317	0.769788281277	0.725888290647	0.744438295932	0.735346145639	0.640764025227	0.679312757147	0.707499276569	0.720958574472	0.74215901108	0.717171870473	0.705467038437	0.727954899016	0.744872277123	0.752947174057	0.755842395906	0.690880987262	0.767340115007	0.735881005691	0.743986505585	0.70855201919	0.717054804952	0.74692669802	0.731979362579	0.727155415556	0.787080533905	0.725098125675	0.743230684646	0.720489858314	0.725185828421	0.766735122731	0.778145407673	0.791519355049	0.748920480729	0.739787478408	0.737135434243	0.800927423046	0.79226903297	0.790235065865	0.790302800608	0.735914888416	0.786685378465	0.775622182857	0.789755338737	0.759524034227	0.773560435771	0.751109816613	0.76416701296	0.768928252966	0.776306738663	0.770507077195	0.777990100367	0.758606983362	0.789140446017
AB4	0.635271110627	0.652834363326	0.682012042038	0.0	0.693190768262	0.688844559769	0.714013243825	0.676347284872	0.701016733453	0.720101249328	0.680730402581	0.679243858209	0.410582986805	0.466101149007	0.688615359104	0.650968136228	0.699619253422	0.714052721565	0.76953268896	0.68172743617	0.690854290758	0.682437964479	0.695870418707	0.698751105769	0.732161544759	0.706408619591	0.666896207943	0.684151306433	0.681527230949	0.676736931672	0.733659654336	0.69740758597	0.720954916558	0.705974967898	0.694068532703	0.682403996506	0.68767833142	0.655664515468	0.690214759031	0.706752309878	0.715632513844	0.691519379498	0.674916304959	0.672827127797	0.714972407301	0.725824428648	0.70664886074	0.709597978486	0.652148367735	0.710790059858	0.698922807795	0.709335120829	0.674552585164	0.687197383522	0.698426456822	0.687985162353	0.694010031043	0.710349588947	0.700066187112	0.685704973276	0.690130880709	0.713400848793
AC3	0.671675360844	0.663304489659	0.731245203121	0.693190768262	0.0	0.527148254569	0.664851614138	0.635894293519	0.679489576996	0.679548444479	0.685879275305	0.485321296426	0.709718318345	0.675156113535	0.681108808802	0.665453075197	0.680314107528	0.68860468628	0.757578040007	0.670599696349	0.716069904457	0.699966309044	0.728139905165	0.726303436407	0.716575212237	0.710203446038	0.70557191511	0.701674932842	0.701233820292	0.67593500176	0.745622424523	0.687408003916	0.691795683463	0.693073733819	0.692415754685	0.681941168117	0.688378683256	0.669410658066	0.668573971269	0.672565115652	0.671114323688	0.675718633981	0.650763326719	0.665036042206	0.722134412978	0.702875310073	0.721657944808	0.693059371863	0.679723562183	0.688825531664	0.693647218745	0.699036729786	0.678940884325	0.684310955694	0.674413771908	0.678267842892	0.686157888697	0.689643541065	0.684490910586	0.67507953502	0.69362761074	0.700780222926
AC4	0.671810631567	0.661096948322	0.760909377023	0.688844559769	0.527148254569	0.0	0.675402178864	0.658071014186	0.675936672121	0.677213777026	0.507938424067	0.382977926199	0.701263427368	0.691895534929	0.689591787118	0.647239942729	0.698293221381	0.707547212244	0.76806581232	0.674031934138	0.72465210033	0.709831369747	0.729829513705	0.721797757729	0.759197848415	0.708262548414	0.689531227225	0.681430496266	0.727073541397	0.680869564142	0.766501826218	0.698519240639	0.685869712849	0.667793127597	0.665129057986	0.668655096939	0.669993081274	0.64924913303	0.654861832045	0.674833199189	0.671280055207	0.662350447877	0.638735627709	0.650444316292	0.695423586694	0.681854731418	0.723323191561	0.700055962099	0.705535966642	0.697576100348	0.689304908084	0.692299256327	0.697522250166	0.696360268832	0.706025264619	0.697140304526	0.675184174327	0.657516775475	0.681135423072	0.690693331292	0.676015013681	0.690104816656
AD3	0.691747972307	0.668117515736	0.747169442209	0.714013243825	0.664851614138	0.675402178864	0.0	0.458932239962	0.686270275229	0.348239565704	0.701391772244	0.64631424798	0.712537043503	0.707219208966	0.69937780948	0.668980839217	0.706383934456	0.681095455516	0.769905725032	0.660948277648	0.709651693682	0.682020051733	0.716276560199	0.690023550944	0.726021279268	0.680549518091	0.696222292407	0.671857258767	0.693541292349	0.65680025668	0.719618042656	0.685526934769	0.716253676854	0.658050737574	0.676594601017	0.66487781073	0.680935224706	0.660976643819	0.640384235506	0.660925303883	0.650998456918	0.666843658552	0.662872714714	0.676201917816	0.683102777916	0.677957551823	0.689152534005	0.670630612245	0.670205895917	0.669054395114	0.699909421631	0.66963304653	0.676172334294	0.661701099719	0.673174385147	0.671676935572	0.686291758719	0.680727620848	0.703412223226	0.658476806467	0.701582621691	0.644309621493
AD4	0.65700960681	0.647386125251	0.739824875416	0.676347284872	0.635894293519	0.658071014186	0.458932239962	0.0	0.617673303757	0.439952253002	0.677192862069	0.633647455668	0.684606206069	0.682807528344	0.679666514088	0.648807025738	0.699944436831	0.69026931193	0.780643253952	0.663618666951	0.702089562723	0.680469521158	0.682633956556	0.684201476748	0.737011605	0.68871582863	0.697106824175	0.686268770254	0.665729349818	0.659846348032	0.752689956051	0.686108399166	0.690720821076	0.652108519563	0.650802631388	0.634636512637	0.652257401599	0.63969093516	0.60222588974	0.636298460497	0.624407292948	0.677570879289	0.656847233694	0.641007150042	0.679834352604	0.665897570935	0.684178578354	0.661484689718	0.651629406666	0.672032667461	0.693511076962	0.670954608471	0.657086525872	0.655841791974	0.641795397848	0.651223992622	0.677349341062	0.670703840096	0.688648772905	0.658352242113	0.677949642744	0.67104956114
AE3	0.665334850629	0.696878294604	0.751248113317	0.701016733453	0.679489576996	0.675936672121	0.686270275229	0.617673303757	0.0	0.647196664102	0.67241441064	0.666364360378	0.684437233773	0.701291475901	0.683916292132	0.671822423157	0.665346843846	0.702177017517	0.787214848693	0.706650739415	0.731321942743	0.724177500681	0.688879256571	0.68554855195	0.749714220296	0.697122983837	0.675533904669	0.700496764553	0.676244304606	0.693925581078	0.735954606236	0.707932516342	0.665652483197	0.710383981876	0.704045141532	0.714740648068	0.673510424588	0.696818449504	0.6683100856	0.706607158958	0.690487595798	0.676279423036	0.67277089606	0.678788001375	0.738631163225	0.730758455663	0.712570916356	0.722984381289	0.722102935165	0.726824315723	0.70117732651	0.730433285494	0.698245957341	0.714069539961	0.687272951197	0.715458282757	0.714287821523	0.723360647591	0.735572070761	0.705633137399	0.679491383652	0.736171129733
AE4	0.703609753327	0.675480438961	0.769788281277	0.720101249328	0.679548444479	0.677213777026	0.348239565704	0.439952253002	0.647196664102	0.0	0.709527934592	0.648224931629	0.724601418172	0.721396926071	0.698629600405	0.66064212524	0.716381087044	0.690320148489	0.783419989246	0.664809706366	0.72234262407	0.69453111146	0.722691145492	0.696420501983	0.735788227796	0.68454840083	0.693133484832	0.670476622066	0.69834150658	0.666242898856	0.72853441569	0.699420713268	0.725636150772	0.669931745244	0.692001309283	0.662843359061	0.689074162836	0.668378398768	0.617455668697	0.670403483393	0.634441146751	0.683435052799	0.670447666837	0.678796619993	0.698937323031	0.689236928823	0.703700391398	0.66684030699	0.694897293504	0.675335729703	0.712032799251	0.685981286192	0.693400035501	0.67565068191	0.687779253603	0.68185001798	0.700629019452	0.693460919309	0.71277241264	0.662698110017	0.718719380053	0.644146708923
AF3	0.638646442861	0.674275291223	0.725888290647	0.680730402581	0.685879275305	0.507938424067	0.701391772244	0.677192862069	0.67241441064	0.709527934592	0.0	0.547741928963	0.674085373464	0.67130627125	0.663569824126	0.669495942731	0.677712040058	0.683078646331	0.76081049855	0.682997370603	0.684448442608	0.710041357416	0.694887715618	0.695658337296	0.763147348825	0.721011263466	0.696256705415	0.706389136868	0.693877597511	0.672909395581	0.727048715059	0.699751026159	0.659280093661	0.692818364937	0.662854581163	0.686043099312	0.645179989696	0.652186587747	0.667818608322	0.680178463416	0.690544816677	0.679440154047	0.663063085601	0.648209986541	0.691208471375	0.680638672174	0.71636491628	0.715494996372	0.700634103576	0.726118284642	0.711083953992	0.714963762147	0.686886538149	0.714313840292	0.704682285074	0.708396806758	0.673817992401	0.692734204267	0.685203003413	0.71002045488	0.663949595509	0.720024927252
AF4	0.666497308442	0.649116220335	0.744438295932	0.679243858209	0.485321296426	0.382977926199	0.64631424798	0.633647455668	0.666364360378	0.648224931629	0.547741928963	0.0	0.701961686841	0.688655033045	0.678693723911	0.636468954025	0.689207037477	0.69850017721	0.765705008394	0.6704068126	0.707743889766	0.689198774917	0.73618656437	0.732127882255	0.748145072661	0.697601392447	0.688744105405	0.682502180754	0.712332199087	0.673728761699	0.754738218309	0.685759625621	0.693303073958	0.664802988363	0.664863978612	0.664251084424	0.678126999309	0.63732351403	0.64716707606	0.662480610155	0.63715117553	0.657104299564	0.63655417701	0.64321869283	0.695531176703	0.670629375267	0.715079782531	0.671913975621	0.689774276923	0.67948393215	0.684385931727	0.68423322039	0.692180015569	0.693166216051	0.711291752908	0.695522387154	0.679099959134	0.652334070555	0.685907647887	0.662953708088	0.688591287512	0.67584469381
AG3	0.64883065739	0.665581313215	0.735346145639	0.410582986805	0.709718318345	0.701263427368	0.712537043503	0.684606206069	0.684437233773	0.724601418172	0.674085373464	0.701961686841	0.0	0.498079032518	0.681876717044	0.668735591932	0.672982804766	0.696470763874	0.774859132624	0.705486342408	0.683636834216	0.700504064781	0.691395273	0.699079381736	0.727008404114	0.705820009643	0.676941297348	0.693731189432	0.677437011895	0.675328598146	0.734889457457	0.702373823974	0.703933193348	0.704962929609	0.692965145198	0.68708916277	0.682112229181	0.675938521192	0.694260250078	0.70414919429	0.713327414401	0.682240525883	0.679680903951	0.680007492334	0.702920387901	0.71762663965	0.697415622646	0.708735582861	0.650993945185	0.702951246242	0.705284481033	0.714604947481	0.673455076282	0.689905486726	0.701000213365	0.697499066883	0.697492699389	0.717127898092	0.707789509866	0.693684270378	0.695595827747	0.711753858376
AG4	0.627278479585	0.65180715154	0.640764025227	0.466101149007	0.675156113535	0.691895534929	0.707219208966	0.682807528344	0.701291475901	0.721396926071	0.67130627125	0.688655033045	0.498079032518	0.0	0.678519782978	0.637874208446	0.708247094988	0.708796599001	0.741309511742	0.683952920784	0.705291250657	0.712267848136	0.717983721948	0.714393033382	0.715358983122	0.713288641241	0.701248269938	0.698071947018	0.688288374588	0.681332263585	0.74824854478	0.710650849022	0.705024132294	0.717602330052	0.673549444329	0.701959976241	0.689468011026	0.68341067745	0.698845841367	0.714438413995	0.706068620004	0.693821325475	0.673612708067	0.692539492949	0.731427579967	0.7197585565	0.702785735648	0.720519535766	0.6604337156	0.721605299003	0.710059670382	0.715116143745	0.674421424342	0.714566107022	0.718585972825	0.709025145653	0.705204861526	0.709875713627	0.709564722034	0.701814627678	0.682915384872	0.718212230217
AH3	0.680618971099	0.5046806063	0.679312757147	0.688615359104	0.681108808802	0.689591787118	0.69937780948	0.679666514088	0.683916292132	0.698629600405	0.663569824126	0.678693723911	0.681876717044	0.678519782978	0.0	0.539151483104	0.674527825112	0.697678697022	0.772241401175	0.709138046207	0.708877345487	0.711101946102	0.698360330839	0.691353581855	0.724456873181	0.698124536918	0.690175351609	0.699626374115	0.69881754266	0.700052668691	0.745206804369	0.702948567945	0.677703223047	0.722421491808	0.680031392218	0.680088806321	0.673488798456	0.668692657643	0.664198465044	0.69304948685	0.676735205619	0.693389799636	0.678856997579	0.669892814044	0.722510601436	0.701099138769	0.714187835385	0.694216808235	0.690634555977	0.691922363618	0.699924839724	0.724045870941	0.698933132886	0.692615285107	0.674528920649	0.692186530306	0.702082845669	0.702607609301	0.715422822026	0.681310697583	0.698039446682	0.698939137008
AH4	0.478681513433	0.397585556647	0.707499276569	0.650968136228	0.665453075197	0.647239942729	0.668980839217	0.648807025738	0.671822423157	0.66064212524	0.669495942731	0.636468954025	0.668735591932	0.637874208446	0.539151483104	0.0	0.690824708634	0.695966752302	0.779870765636	0.687403903214	0.716993261661	0.676603881263	0.692354795859	0.682960612544	0.737879162645	0.689277227847	0.664683984054	0.650369230488	0.689597658563	0.681908557264	0.746825916722	0.690167196718	0.689740926724	0.674756199979	0.663315027626	0.662247358275	0.672198771451	0.640228848983	0.635899311021	0.6744078545	0.641636573509	0.667518113712	0.653416856936	0.644027855335	0.685922720383	0.669932754121	0.679085167077	0.656654164561	0.661643089789	0.658450342208	0.66449916338	0.666394935035	0.67191014497	0.653230832579	0.668899472789	0.666148762708	0.668417642395	0.663502608982	0.670995545278	0.641658984077	0.663380086594	0.645048385996
AA7	0.66977446841	0.700776278671	0.720958574472	0.699619253422	0.680314107528	0.698293221381	0.706383934456	0.699944436831	0.665346843846	0.716381087044	0.677712040058	0.689207037477	0.672982804766	0.708247094988	0.674527825112	0.690824708634	0.0	0.505155863523	0.777853913003	0.688702225208	0.670741221588	0.680465850065	0.682325722352	0.684368829927	0.70548743786	0.706631362466	0.659266911657	0.669019779546	0.667067545074	0.667890147424	0.712514695243	0.557429310482	0.675917376674	0.720004769295	0.718324917778	0.720345689164	0.652731964217	0.697610038191	0.688624982018	0.74164559108	0.712845885916	0.695686426108	0.693014583019	0.707618369433	0.728860397057	0.721625844311	0.743280811385	0.735188760211	0.711201141951	0.743890055665	0.703311287789	0.741036273472	0.702778308067	0.713237909937	0.703716635251	0.716599751598	0.724467662151	0.71794079426	0.734337716691	0.726771085103	0.70863160547	0.7180578194
AA8	0.666217853724	0.692412578286	0.74215901108	0.714052721565	0.68860468628	0.707547212244	0.681095455516	0.69026931193	0.702177017517	0.690320148489	0.683078646331	0.69850017721	0.696470763874	0.708796599001	0.697678697022	0.695966752302	0.505155863523	0.0	0.768810417839	0.649528583286	0.651568179153	0.657755978892	0.671036374251	0.665739650609	0.692288374975	0.675628581811	0.67391529533	0.659084298714	0.654841669863	0.63793997611	0.525136760372	0.390013534578	0.681267202631	0.712485405375	0.713847228678	0.714469240318	0.66779011851	0.694440568468	0.694711065118	0.727006202901	0.712568305556	0.709592562725	0.706829695792	0.696109586369	0.720738183083	0.709434719118	0.718125211774	0.715804203116	0.696637334624	0.730394260072	0.729139734209	0.725473183204	0.690258733503	0.689645628401	0.690155921642	0.690397042129	0.727838603854	0.727703269456	0.743846868499	0.726310902262	0.706700528108	0.715242316919
AB7	0.766207950736	0.771536982021	0.717171870473	0.76953268896	0.757578040007	0.76806581232	0.769905725032	0.780643253952	0.787214848693	0.783419989246	0.76081049855	0.765705008394	0.774859132624	0.741309511742	0.772241401175	0.779870765636	0.777853913003	0.768810417839	0.0	0.569813886819	0.747426862003	0.764704815224	0.785593218981	0.788767599183	0.749768445272	0.788904162929	0.781457490755	0.771391287236	0.75426064641	0.622679628974	0.764478699436	0.754314496421	0.778324532325	0.79519356057	0.78035612499	0.794107500037	0.767992240663	0.762210278862	0.789104972052	0.802505228994	0.797373916062	0.749555090555	0.754933719088	0.777459016393	0.810877531358	0.804941065514	0.826763406769	0.808969981763	0.783208648203	0.805396241169	0.80764965393	0.809187134251	0.791211578222	0.802185395152	0.784598014392	0.795883968434	0.795359561211	0.798079099089	0.810085474161	0.801375982114	0.79618893198	0.803526176272
AB8	0.691012214072	0.688082857779	0.705467038437	0.68172743617	0.670599696349	0.674031934138	0.660948277648	0.663618666951	0.706650739415	0.664809706366	0.682997370603	0.6704068126	0.705486342408	0.683952920784	0.709138046207	0.687403903214	0.688702225208	0.649528583286	0.569813886819	0.0	0.648601822913	0.63589667009	0.690116099232	0.660992974956	0.66613507818	0.662052362901	0.661551403478	0.635072848839	0.520229586247	0.423559376685	0.696957432467	0.618632159876	0.712297173513	0.696249996851	0.697740853145	0.689846635297	0.672919809588	0.646655703471	0.68048218999	0.711688285789	0.695146669806	0.680437975243	0.657491335085	0.663664942725	0.720840858608	0.692663693592	0.726801388482	0.697086070413	0.671252985534	0.708976129463	0.701147067864	0.711510056495	0.678660569931	0.695128055771	0.686305291471	0.688146624954	0.691976023037	0.688375944795	0.701281021804	0.701436888512	0.680984056257	0.696939148087
AC7	0.68592454651	0.708975387314	0.727954899016	0.690854290758	0.716069904457	0.72465210033	0.709651693682	0.702089562723	0.731321942743	0.72234262407	0.684448442608	0.707743889766	0.683636834216	0.705291250657	0.708877345487	0.716993261661	0.670741221588	0.651568179153	0.747426862003	0.648601822913	0.0	0.508449826209	0.687838768056	0.682232605511	0.687800704332	0.686378522264	0.691854384576	0.591372757567	0.63541482845	0.627332144113	0.659629122131	0.646119157012	0.723003615392	0.706230242981	0.727717289061	0.743078808008	0.708018785101	0.68961299275	0.711467769771	0.73684349561	0.74852296584	0.720195561634	0.723736508417	0.696774823467	0.707719896761	0.696803046342	0.747596971696	0.737915009	0.691809461208	0.731935125585	0.761913660002	0.75462387496	0.69735706213	0.68725648623	0.694427112491	0.69300272147	0.743409857919	0.731547964104	0.761199309486	0.735646649956	0.700175029277	0.723964951783
AC8	0.680365296804	0.674258451227	0.744872277123	0.682437964479	0.699966309044	0.709831369747	0.682020051733	0.680469521158	0.724177500681	0.69453111146	0.710041357416	0.689198774917	0.700504064781	0.712267848136	0.711101946102	0.676603881263	0.680465850065	0.657755978892	0.764704815224	0.63589667009	0.508449826209	0.0	0.687411981427	0.677334751525	0.711921645308	0.67483758354	0.488007861019	0.408426400593	0.640705922528	0.620491052203	0.709504418339	0.64447770889	0.715867957639	0.674000038451	0.708960345089	0.704963296247	0.689703106343	0.671151579504	0.666176961137	0.719049769077	0.69483103125	0.699373662967	0.685276587715	0.684100673183	0.686271919187	0.67094708156	0.715253617104	0.695082385836	0.661398527479	0.699029145594	0.714320039133	0.697665267383	0.675080193452	0.660475805341	0.664364842249	0.656225670286	0.706334755852	0.682575498667	0.717334633317	0.690014615188	0.678613574028	0.684711882236
AD7	0.680261037394	0.696304583014	0.752947174057	0.695870418707	0.728139905165	0.729829513705	0.716276560199	0.682633956556	0.688879256571	0.722691145492	0.694887715618	0.73618656437	0.691395273	0.717983721948	0.698360330839	0.692354795859	0.682325722352	0.671036374251	0.785593218981	0.690116099232	0.687838768056	0.687411981427	0.0	0.457316085345	0.703843910187	0.518555300644	0.671100578324	0.690449676889	0.663606132468	0.684777755957	0.70567006036	0.676182237881	0.678200697841	0.706566599592	0.72867126708	0.719345095485	0.698985007707	0.683232788624	0.700200535403	0.725222263065	0.716627717107	0.705893198256	0.709563761614	0.694546088746	0.708527299122	0.701237713907	0.715762299293	0.709093454066	0.687548760182	0.715403744926	0.706772132437	0.729559731012	0.69567696983	0.684139387754	0.671348098621	0.691804350744	0.700097648398	0.712178577932	0.724461636	0.716678289403	0.675590967995	0.7008976408
AD8	0.691366620326	0.698419714122	0.755842395906	0.698751105769	0.726303436407	0.721797757729	0.690023550944	0.684201476748	0.68554855195	0.696420501983	0.695658337296	0.732127882255	0.699079381736	0.714393033382	0.691353581855	0.682960612544	0.684368829927	0.665739650609	0.788767599183	0.660992974956	0.682232605511	0.677334751525	0.457316085345	0.0	0.624285252185	0.434379024842	0.646439033807	0.662184507766	0.645508484919	0.648294611276	0.697880959861	0.665914259264	0.690990054794	0.698695396748	0.724564983655	0.70888221079	0.691945908724	0.683293165864	0.692292872228	0.721076902694	0.712528632795	0.696073786552	0.703255303154	0.683942792633	0.703578824032	0.681893477848	0.718893336319	0.70999222403	0.68604961581	0.711522944725	0.705903613729	0.725684357014	0.687702046124	0.676336774914	0.659085478997	0.673807781028	0.69268182791	0.713726541766	0.725057860698	0.70987059013	0.681279589985	0.706392613744
AE7	0.725378390131	0.735659227249	0.690880987262	0.732161544759	0.716575212237	0.759197848415	0.726021279268	0.737011605	0.749714220296	0.735788227796	0.763147348825	0.748145072661	0.727008404114	0.715358983122	0.724456873181	0.737879162645	0.70548743786	0.692288374975	0.749768445272	0.66613507818	0.687800704332	0.711921645308	0.703843910187	0.624285252185	0.0	0.507017032059	0.712050068426	0.705113442284	0.688400040681	0.686833167386	0.732817802453	0.6872784105	0.743053212824	0.756610939609	0.742186865054	0.744068985387	0.728999467996	0.743262373083	0.752745233759	0.773450496631	0.779195847159	0.745972321678	0.743630404433	0.727659932242	0.7621938778	0.758823636836	0.76949285836	0.771244913474	0.711803738438	0.763253559779	0.776315717206	0.791761850992	0.740542016762	0.747094318408	0.73251744158	0.745519844924	0.776799641752	0.787783151831	0.786196336402	0.765911735419	0.754756451738	0.770848588538
AE8	0.710721904002	0.70458606673	0.767340115007	0.706408619591	0.710203446038	0.708262548414	0.680549518091	0.68871582863	0.697122983837	0.68454840083	0.721011263466	0.697601392447	0.705820009643	0.713288641241	0.698124536918	0.689277227847	0.706631362466	0.675628581811	0.788904162929	0.662052362901	0.686378522264	0.67483758354	0.518555300644	0.434379024842	0.507017032059	0.0	0.657025119128	0.658583844453	0.66264575678	0.677719584937	0.714080662173	0.67725659874	0.711420673629	0.695829460112	0.732003946271	0.72379516255	0.717012305213	0.696997805566	0.707858959333	0.732676947529	0.721009622068	0.698921598043	0.699991940747	0.690237140862	0.710389056744	0.69175746225	0.7170224808	0.708523805157	0.683667334845	0.694148850332	0.722242463306	0.735476191516	0.700587553382	0.669180154848	0.686943921889	0.686490970631	0.714965384242	0.723625522271	0.739830780461	0.709722204676	0.70986282637	0.712323657378
AF7	0.664380883772	0.674457084217	0.735881005691	0.666896207943	0.70557191511	0.689531227225	0.696222292407	0.697106824175	0.675533904669	0.693133484832	0.696256705415	0.688744105405	0.676941297348	0.701248269938	0.690175351609	0.664683984054	0.659266911657	0.67391529533	0.781457490755	0.661551403478	0.691854384576	0.488007861019	0.671100578324	0.646439033807	0.712050068426	0.657025119128	0.0	0.428949732542	0.660575212181	0.659506530012	0.725490467321	0.674292384333	0.695992028047	0.698296044665	0.701978829731	0.695377055704	0.680317700747	0.673681344123	0.658214076063	0.711935873705	0.682897647798	0.674554645309	0.676454544259	0.667455386115	0.714835276198	0.71516151246	0.708324578904	0.704569038247	0.68384983916	0.70372297571	0.684138782433	0.708394745617	0.688471102889	0.666499578553	0.670369572528	0.6686470128	0.688382524834	0.709215110668	0.700883947407	0.687729824333	0.676056208781	0.695797211675
AF8	0.676278953343	0.672437629141	0.743986505585	0.684151306433	0.701674932842	0.681430496266	0.671857258767	0.686268770254	0.700496764553	0.670476622066	0.706389136868	0.682502180754	0.693731189432	0.698071947018	0.699626374115	0.650369230488	0.669019779546	0.659084298714	0.771391287236	0.635072848839	0.591372757567	0.408426400593	0.690449676889	0.662184507766	0.705113442284	0.658583844453	0.428949732542	0.0	0.64549180622	0.627443867752	0.711514944051	0.656514536268	0.719437028208	0.669940497801	0.693922223702	0.69296708528	0.679174995329	0.669884647844	0.666768741169	0.71900113719	0.68085908956	0.682470063803	0.673267823637	0.671155632859	0.702931744269	0.681590422585	0.710422750852	0.685613217134	0.670342025743	0.692806127774	0.708457900056	0.685756605394	0.667828037261	0.648353557831	0.678792135195	0.65938962329	0.684829413949	0.678924115397	0.70099761998	0.698013791117	0.66749532534	0.685552474779
AG7	0.680387922539	0.68502732289	0.70855201919	0.681527230949	0.701233820292	0.727073541397	0.693541292349	0.665729349818	0.676244304606	0.69834150658	0.693877597511	0.712332199087	0.677437011895	0.688288374588	0.69881754266	0.689597658563	0.667067545074	0.654841669863	0.75426064641	0.520229586247	0.63541482845	0.640705922528	0.663606132468	0.645508484919	0.688400040681	0.66264575678	0.660575212181	0.64549180622	0.0	0.466684126372	0.679677802411	0.663040892771	0.699759055675	0.701287599865	0.706142586105	0.688543169359	0.661113596666	0.663969143857	0.669216580203	0.712401241742	0.703541033906	0.703891316155	0.674933799621	0.655396655788	0.716481981962	0.681914225715	0.730353329363	0.717633355683	0.667715719782	0.719396204686	0.706078455364	0.724734376108	0.656117829804	0.701044603534	0.678819017282	0.690120348483	0.69258668057	0.712031671737	0.707008313418	0.712715909992	0.666832077098	0.708632642976
AG8	0.672072234627	0.676960387175	0.717054804952	0.676736931672	0.67593500176	0.680869564142	0.65680025668	0.659846348032	0.693925581078	0.666242898856	0.672909395581	0.673728761699	0.675328598146	0.681332263585	0.700052668691	0.681908557264	0.667890147424	0.63793997611	0.622679628974	0.423559376685	0.627332144113	0.620491052203	0.684777755957	0.648294611276	0.686833167386	0.677719584937	0.659506530012	0.627443867752	0.466684126372	0.0	0.687674297699	0.63684714378	0.683156883546	0.682715364484	0.686946265796	0.678979372031	0.64584637259	0.634752906083	0.650053081376	0.689893708029	0.685094879899	0.674535987996	0.658565059098	0.654899103788	0.693431143215	0.673456202145	0.72544088919	0.693183476172	0.650972845259	0.689939230319	0.705969346049	0.709580319987	0.659411425447	0.67525459992	0.666271443728	0.674962471792	0.675939444366	0.698255576424	0.701551548242	0.68939435096	0.668368803235	0.692563226852
AH7	0.727533112549	0.741665352748	0.74692669802	0.733659654336	0.745622424523	0.766501826218	0.719618042656	0.752689956051	0.735954606236	0.72853441569	0.727048715059	0.754738218309	0.734889457457	0.74824854478	0.745206804369	0.746825916722	0.712514695243	0.525136760372	0.764478699436	0.696957432467	0.659629122131	0.709504418339	0.70567006036	0.697880959861	0.732817802453	0.714080662173	0.725490467321	0.711514944051	0.679677802411	0.687674297699	0.0	0.523255832472	0.710028549984	0.763519484135	0.768570112312	0.762710094598	0.746253442605	0.741263721588	0.747923108814	0.76380233794	0.769441890201	0.746314320613	0.762243515461	0.738683812881	0.77051773236	0.761163948632	0.76653481443	0.760363826896	0.746288585119	0.76914908887	0.789339630482	0.783399720541	0.741221362169	0.735444207856	0.729016335234	0.737002139178	0.772281892008	0.791299607715	0.782781284983	0.769961900558	0.748062575088	0.740681151251
AH8	0.680406649312	0.687226746265	0.731979362579	0.69740758597	0.687408003916	0.698519240639	0.685526934769	0.686108399166	0.707932516342	0.699420713268	0.699751026159	0.685759625621	0.702373823974	0.710650849022	0.702948567945	0.690167196718	0.557429310482	0.390013534578	0.754314496421	0.618632159876	0.646119157012	0.64447770889	0.676182237881	0.665914259264	0.6872784105	0.67725659874	0.674292384333	0.656514536268	0.663040892771	0.63684714378	0.523255832472	0.0	0.699543625493	0.701706877844	0.710407071334	0.710438984206	0.686286947336	0.681497419826	0.695009953812	0.720435866259	0.712048708554	0.697852556879	0.695495489749	0.685722838949	0.721812069963	0.712635087831	0.712705023526	0.704842196556	0.695414722157	0.720157456383	0.720739769322	0.722368470394	0.686704843555	0.685544101822	0.6853490988	0.677900958579	0.719363172105	0.720321430993	0.734400881331	0.722024178148	0.707849410568	0.70676472302
AA5	0.653917693092	0.698022123538	0.727155415556	0.720954916558	0.691795683463	0.685869712849	0.716253676854	0.690720821076	0.665652483197	0.725636150772	0.659280093661	0.693303073958	0.703933193348	0.705024132294	0.677703223047	0.689740926724	0.675917376674	0.681267202631	0.778324532325	0.712297173513	0.723003615392	0.715867957639	0.678200697841	0.690990054794	0.743053212824	0.711420673629	0.695992028047	0.719437028208	0.699759055675	0.683156883546	0.710028549984	0.699543625493	0.0	0.620762341574	0.69356718834	0.698612100164	0.652302354184	0.657485397574	0.685540079632	0.71488360361	0.698174955358	0.64985241691	0.648573639118	0.659915980651	0.726466756866	0.660884940182	0.710677110543	0.727358473501	0.702685242796	0.716477032767	0.708787212954	0.724095309263	0.689024470985	0.705740397385	0.675473466517	0.70558168535	0.682651145293	0.723479383979	0.696257979462	0.716261297121	0.662796097492	0.728649553061
AA6	0.686482783898	0.674110685033	0.787080533905	0.705974967898	0.693073733819	0.667793127597	0.658050737574	0.652108519563	0.710383981876	0.669931745244	0.692818364937	0.664802988363	0.704962929609	0.717602330052	0.722421491808	0.674756199979	0.720004769295	0.712485405375	0.79519356057	0.696249996851	0.706230242981	0.674000038451	0.706566599592	0.698695396748	0.756610939609	0.695829460112	0.698296044665	0.669940497801	0.701287599865	0.682715364484	0.763519484135	0.701706877844	0.620762341574	0.0	0.70151541834	0.678573285407	0.657946211408	0.640344781793	0.658632096645	0.6999091585	0.674907730981	0.666417620849	0.651394872601	0.658161616078	0.456588974128	0.392248283559	0.701138221044	0.681834056787	0.675427910513	0.673587753019	0.693263629919	0.674298499546	0.684850940705	0.683372214483	0.699552231427	0.687991707772	0.674651371106	0.664469725387	0.696683448302	0.667070425679	0.671960769098	0.683350779262
AB5	0.669196744604	0.663060621021	0.725098125675	0.694068532703	0.692415754685	0.665129057986	0.676594601017	0.650802631388	0.704045141532	0.692001309283	0.662854581163	0.664863978612	0.692965145198	0.673549444329	0.680031392218	0.663315027626	0.718324917778	0.713847228678	0.78035612499	0.697740853145	0.727717289061	0.708960345089	0.72867126708	0.724564983655	0.742186865054	0.732003946271	0.701978829731	0.693922223702	0.706142586105	0.686946265796	0.768570112312	0.710407071334	0.69356718834	0.70151541834	0.0	0.431125905159	0.662751153478	0.669082386007	0.650076922124	0.652538721871	0.648344355633	0.682656943748	0.676055224271	0.65241528491	0.700922019537	0.693328424134	0.685863959946	0.689786709918	0.68075585553	0.716691377173	0.695907607381	0.698700389556	0.656242503474	0.683076524157	0.692652971171	0.681877390848	0.701246501531	0.686825685421	0.702227647252	0.709591799643	0.665784060712	0.683103389374
AB6	0.688426863859	0.66462175336	0.743230684646	0.682403996506	0.681941168117	0.668655096939	0.66487781073	0.634636512637	0.714740648068	0.662843359061	0.686043099312	0.664251084424	0.68708916277	0.701959976241	0.680088806321	0.662247358275	0.720345689164	0.714469240318	0.794107500037	0.689846635297	0.743078808008	0.704963296247	0.719345095485	0.70888221079	0.744068985387	0.72379516255	0.695377055704	0.69296708528	0.688543169359	0.678979372031	0.762710094598	0.710438984206	0.698612100164	0.678573285407	0.431125905159	0.0	0.671913313721	0.649574206205	0.649991858122	0.654308059772	0.63817748935	0.67931804483	0.654790703366	0.552284474368	0.687817772578	0.669004064525	0.686707099231	0.673793800236	0.677568558419	0.694593494874	0.70000997905	0.699717224112	0.675345011509	0.677393968691	0.681937184332	0.677372529505	0.686545427443	0.686649427303	0.6848953781	0.690287764019	0.678703652927	0.681512479618
AC5	0.631960940289	0.659333410725	0.720489858314	0.68767833142	0.688378683256	0.669993081274	0.680935224706	0.652257401599	0.673510424588	0.689074162836	0.645179989696	0.678126999309	0.682112229181	0.689468011026	0.673488798456	0.672198771451	0.652731964217	0.66779011851	0.767992240663	0.672919809588	0.708018785101	0.689703106343	0.698985007707	0.691945908724	0.728999467996	0.717012305213	0.680317700747	0.679174995329	0.661113596666	0.64584637259	0.746253442605	0.686286947336	0.652302354184	0.657946211408	0.662751153478	0.671913313721	0.0	0.50865039332	0.635047849032	0.677235088888	0.669527821932	0.680960186242	0.6222655212	0.633584635742	0.664495889992	0.643552613332	0.66224480533	0.690122451054	0.634774103317	0.684931937492	0.664070843706	0.659072734561	0.638852737818	0.666866836777	0.639335873096	0.655542232164	0.63922351628	0.654453609816	0.651863728328	0.690052479653	0.648316307227	0.684296716284
AC6	0.639160888835	0.619917841451	0.725185828421	0.655664515468	0.669410658066	0.64924913303	0.660976643819	0.63969093516	0.696818449504	0.668378398768	0.652186587747	0.63732351403	0.675938521192	0.68341067745	0.668692657643	0.640228848983	0.697610038191	0.694440568468	0.762210278862	0.646655703471	0.68961299275	0.671151579504	0.683232788624	0.683293165864	0.743262373083	0.696997805566	0.673681344123	0.669884647844	0.663969143857	0.634752906083	0.741263721588	0.681497419826	0.657485397574	0.640344781793	0.669082386007	0.649574206205	0.50865039332	0.0	0.613693077268	0.650268660082	0.633484445915	0.523972302042	0.505221346165	0.599152971992	0.659031947984	0.630134278429	0.660120159583	0.6726165044	0.613359215768	0.646439108666	0.648696644878	0.651559604769	0.650941733974	0.641991433716	0.655448146854	0.642970005586	0.611070113352	0.654835438	0.628014898084	0.641681696318	0.64774241074	0.663434502059
AD6	0.658798883072	0.638499722335	0.766735122731	0.690214759031	0.668573971269	0.654861832045	0.640384235506	0.60222588974	0.6683100856	0.617455668697	0.667818608322	0.64716707606	0.694260250078	0.698845841367	0.664198465044	0.635899311021	0.688624982018	0.694711065118	0.789104972052	0.68048218999	0.711467769771	0.666176961137	0.700200535403	0.692292872228	0.752745233759	0.707858959333	0.658214076063	0.666768741169	0.669216580203	0.650053081376	0.747923108814	0.695009953812	0.685540079632	0.658632096645	0.650076922124	0.649991858122	0.635047849032	0.613693077268	0.0	0.566226934026	0.453172913974	0.648574937847	0.638416835826	0.64417390466	0.669099762271	0.657828456856	0.67794001875	0.653111647874	0.653038443136	0.662144598197	0.671859021134	0.671650093321	0.648353008737	0.651661176794	0.645546201009	0.638596863223	0.645148892826	0.653875750687	0.656145503497	0.650237055388	0.646286289428	0.63822231527
AE5	0.696408566485	0.665108889679	0.778145407673	0.706752309878	0.672565115652	0.674833199189	0.660925303883	0.636298460497	0.706607158958	0.670403483393	0.680178463416	0.662480610155	0.70414919429	0.714438413995	0.69304948685	0.6744078545	0.74164559108	0.727006202901	0.802505228994	0.711688285789	0.73684349561	0.719049769077	0.725222263065	0.721076902694	0.773450496631	0.732676947529	0.711935873705	0.71900113719	0.712401241742	0.689893708029	0.76380233794	0.720435866259	0.71488360361	0.6999091585	0.652538721871	0.654308059772	0.677235088888	0.650268660082	0.566226934026	0.0	0.450696645056	0.697567290882	0.668193964793	0.658030983603	0.679987497085	0.695206723757	0.695800891637	0.67453255763	0.667337362385	0.664163658039	0.695651384866	0.69773228035	0.658859394068	0.651105516739	0.660113979795	0.661070939052	0.664955335343	0.692312340904	0.67467917383	0.648090782992	0.661284421704	0.668463706334
AE6	0.680469779611	0.644924431692	0.791519355049	0.715632513844	0.671114323688	0.671280055207	0.650998456918	0.624407292948	0.690487595798	0.634441146751	0.690544816677	0.63715117553	0.713327414401	0.706068620004	0.676735205619	0.641636573509	0.712845885916	0.712568305556	0.797373916062	0.695146669806	0.74852296584	0.69483103125	0.716627717107	0.712528632795	0.779195847159	0.721009622068	0.682897647798	0.68085908956	0.703541033906	0.685094879899	0.769441890201	0.712048708554	0.698174955358	0.674907730981	0.648344355633	0.63817748935	0.669527821932	0.633484445915	0.453172913974	0.450696645056	0.0	0.656312183672	0.634778700694	0.642743772605	0.687822118277	0.670394489205	0.680323645477	0.641741887367	0.652474019839	0.649005527879	0.670220755045	0.671266600829	0.660215889316	0.636041246178	0.665930454608	0.639612943361	0.640466980531	0.660275379566	0.645117383445	0.625081202684	0.644500943276	0.636582453891
AF5	0.663446489747	0.673427744965	0.748920480729	0.691519379498	0.675718633981	0.662350447877	0.666843658552	0.677570879289	0.676279423036	0.683435052799	0.679440154047	0.657104299564	0.682240525883	0.693821325475	0.693389799636	0.667518113712	0.695686426108	0.709592562725	0.749555090555	0.680437975243	0.720195561634	0.699373662967	0.705893198256	0.696073786552	0.745972321678	0.698921598043	0.674554645309	0.682470063803	0.703891316155	0.674535987996	0.746314320613	0.697852556879	0.64985241691	0.666417620849	0.682656943748	0.67931804483	0.680960186242	0.523972302042	0.648574937847	0.697567290882	0.656312183672	0.0	0.430037745753	0.644129601733	0.702450522424	0.687920991229	0.711345743738	0.711852821801	0.675817197416	0.68917928358	0.693600226355	0.710739247676	0.692315537863	0.688564922627	0.71240509158	0.697633430721	0.670506736266	0.708081559608	0.67393144621	0.665031057139	0.671703915038	0.712941530558
AF6	0.642254791247	0.650636895192	0.739787478408	0.674916304959	0.650763326719	0.638735627709	0.662872714714	0.656847233694	0.67277089606	0.670447666837	0.663063085601	0.63655417701	0.679680903951	0.673612708067	0.678856997579	0.653416856936	0.693014583019	0.706829695792	0.754933719088	0.657491335085	0.723736508417	0.685276587715	0.709563761614	0.703255303154	0.743630404433	0.699991940747	0.676454544259	0.673267823637	0.674933799621	0.658565059098	0.762243515461	0.695495489749	0.648573639118	0.651394872601	0.676055224271	0.654790703366	0.6222655212	0.505221346165	0.638416835826	0.668193964793	0.634778700694	0.430037745753	0.0	0.614596981504	0.697750105913	0.668997819823	0.686222207197	0.685031320336	0.646066536465	0.655610728114	0.651272140353	0.676620151325	0.662010168177	0.653901051406	0.665055286526	0.662854970057	0.631097270177	0.668744761845	0.633136505318	0.635494916247	0.664543030918	0.683215456112
