	AA3	AA4	AB3	AB4	AC3	AC4	AD3	AD4	AE3	AE4	AF3	AF4	AG3	AG4	AH3	AH4	AA7	AA8	AB7	AB8	AC7	AC8	AD7	AD8	AE7	AE8	AF7	AF8	AG7	AG8	AH7	AH8	AA5	AA6	AB5	AB6	AC5	AC6	AD6	AE5	AE6	AF5	AF6	AG5	AH5	AH6	AA1	AA2	AB1	AB2	AC1	AC2	AD1	AD2	AE1	AE2	AF1	AF2	AG1	AG2	AH1	AH2
AA3	0.0	0.490356248395	0.702033945749	0.657964758972	0.682310297038	0.678348676733	0.699413989854	0.689422415374	0.663081693377	0.689172939893	0.651290194268	0.673533497828	0.652005308808	0.674448689268	0.690908314055	0.477316274374	0.677877947052	0.686831974154	0.76434371889	0.696642846981	0.693661414822	0.693223433727	0.679651704996	0.69117987499	0.728823630911	0.709031707293	0.668668357227	0.680748932654	0.699788081447	0.678342581171	0.733470068593	0.701439881167	0.641242123163	0.690064828061	0.679530663069	0.695766098641	0.652757147409	0.651803590713	0.659973843634	0.682555831827	0.686973772509	0.685961976973	0.639496144494	0.673059977628	0.709990092428	0.689999100836	0.665214529738	0.690410875768	0.643649503988	0.689312742571	0.671348521102	0.668935143679	0.630726981238	0.668194241132	0.661603738865	0.67590718634	0.668191420028	0.688555022191	0.652756727312	0.693451990677	0.632111454632	0.680942843706
AA4	0.490356248395	0.0	0.705904549878	0.647229387618	0.658525723163	0.644144959794	0.659298881868	0.652984609891	0.676804008172	0.645858541089	0.659145361723	0.623903057837	0.664523430755	0.657813048418	0.536807854179	0.364893170066	0.68441534127	0.686500496047	0.774972993776	0.679922287782	0.71321835902	0.67252392955	0.679505380003	0.673635400909	0.729270250346	0.682885826565	0.657997963542	0.66974734972	0.689852787774	0.670666719052	0.750810419116	0.696523144428	0.66424235152	0.654629359235	0.666633458729	0.650822249622	0.663400589379	0.626935230593	0.630058225759	0.65344042246	0.632977046944	0.655508156105	0.647858218773	0.656151174642	0.668440351269	0.652828629643	0.658079987283	0.64182189252	0.637547194197	0.646002363017	0.645662834387	0.638800835623	0.635759817249	0.653967101774	0.664090511844	0.653949846537	0.642032830845	0.66885070994	0.638347827062	0.667051615177	0.637965905571	0.630247467576
AB3	0.702033945749	0.705904549878	0.0	0.643220052397	0.720681451478	0.754389642916	0.753056989597	0.74629518543	0.724318865932	0.755761799577	0.72588720798	0.74093610578	0.702984674064	0.56074712261	0.674480119581	0.696995867437	0.720741652376	0.738440126021	0.714940833683	0.676386490661	0.703161262443	0.728025344974	0.719646483074	0.736583335065	0.723553468316	0.739856219266	0.719620478811	0.74183998503	0.695076696191	0.702153667507	0.729966614258	0.733466732321	0.733489361304	0.781934681123	0.716127060871	0.736408241671	0.744881186877	0.74843535099	0.771071854442	0.762100821251	0.784448831332	0.69699923131	0.716855983202	0.740161821028	0.805993371752	0.78900026851	0.786297727391	0.778635706761	0.736857835008	0.777211213725	0.762469329982	0.769944309314	0.754162323803	0.77449408029	0.756003600647	0.776181293117	0.763154138822	0.787893347386	0.768950856974	0.784440946145	0.743603049391	0.781596014708
AB4	0.657964758972	0.647229387618	0.643220052397	0.0	0.680828642313	0.69322004919	0.694681149065	0.664793283287	0.672266258119	0.690801302621	0.668529042365	0.674634685849	0.411564424179	0.448763620517	0.669999303323	0.638227572709	0.694486149653	0.70035557827	0.758354506856	0.678922888301	0.699512342395	0.689341246705	0.682699029313	0.701880590678	0.72310262919	0.693838192403	0.674603595801	0.687245640602	0.679722226482	0.687737955871	0.735215904156	0.708739180973	0.690313262314	0.707400550852	0.685027017209	0.672177163187	0.671025575629	0.664136579692	0.67486848228	0.693402640242	0.691781022405	0.643523767415	0.649443019291	0.676449344614	0.721311175467	0.717270420553	0.701571136901	0.694496953011	0.638904052607	0.685994490201	0.687864642602	0.693431362843	0.662870659702	0.68102179179	0.681267552181	0.678929663807	0.690519364638	0.704672651971	0.697986701518	0.682970438762	0.658501276315	0.708678964445
AC3	0.682310297038	0.658525723163	0.720681451478	0.680828642313	0.0	0.543982104702	0.673482735518	0.651224257309	0.658966828893	0.662951137725	0.687345003499	0.433745972683	0.69759432082	0.677158229098	0.684136899394	0.662805213731	0.676840116799	0.675363820105	0.764653749426	0.688505379742	0.714581754273	0.707811387073	0.708329582912	0.713182764628	0.707613579651	0.699810416732	0.705338208347	0.699934992109	0.697475447079	0.67934755379	0.748467781817	0.697527705035	0.662817216484	0.688337583214	0.691306703413	0.66903169828	0.684972583747	0.671662891115	0.67552365822	0.657793455608	0.664500250814	0.655900683004	0.662325204806	0.675172691182	0.715796539499	0.69035773823	0.712512426398	0.690728560669	0.692566248079	0.68755522496	0.671320189328	0.690359435032	0.682991157965	0.686806831561	0.669225329678	0.674384508365	0.690413616805	0.694576379788	0.69429664292	0.680123102359	0.687305415032	0.710549208582
AC4	0.678348676733	0.644144959794	0.754389642916	0.69322004919	0.543982104702	0.0	0.682632154372	0.658658067485	0.652417809696	0.67358333709	0.501416138018	0.455096247954	0.695778637076	0.699251136094	0.683339419134	0.659303192914	0.698758207216	0.707309257546	0.776312594189	0.696311999698	0.718162312375	0.703856096297	0.710805375682	0.711265403955	0.763992761921	0.710714034143	0.695595356256	0.688897006774	0.722131180364	0.692282439185	0.763688832786	0.700230885271	0.668105146311	0.664411388702	0.672285499028	0.66709768712	0.674697490248	0.653675122527	0.676468061167	0.660312052356	0.670087501702	0.67346516672	0.657476755247	0.663193800668	0.696241579232	0.678792199552	0.720581486995	0.700731834969	0.710616033347	0.694885407041	0.693758349945	0.670184717797	0.683489395289	0.701272765092	0.706131955014	0.706654485398	0.680594153761	0.689453691412	0.676622477464	0.68937343703	0.662049832147	0.685743865827
AD3	0.699413989854	0.659298881868	0.753056989597	0.694681149065	0.673482735518	0.682632154372	0.0	0.422768400857	0.676165059988	0.376549818853	0.702083556897	0.64935617858	0.713182788696	0.69494264981	0.69453699407	0.662910759582	0.719595318701	0.694964327143	0.779114964886	0.675280843176	0.715896093836	0.679691228931	0.711590359142	0.697560127207	0.728071892915	0.688462566895	0.697178283758	0.688788074101	0.705727033499	0.672900835211	0.726163547347	0.695571546589	0.716716724209	0.664869926859	0.684875378363	0.667560766092	0.688612737378	0.652381918007	0.62131901037	0.647017070905	0.630385515644	0.688761060009	0.679609841328	0.68484728557	0.698071459405	0.678046384498	0.696291609533	0.668991962126	0.676107538538	0.664121480439	0.693126530539	0.687969700684	0.655581765951	0.687827173164	0.684255169565	0.676600218572	0.677146234401	0.686658567022	0.684163574791	0.649935497228	0.697435318079	0.648845129471
AD4	0.689422415374	0.652984609891	0.74629518543	0.664793283287	0.651224257309	0.658658067485	0.422768400857	0.0	0.597918384645	0.379047247605	0.664307445021	0.618450805798	0.686703394112	0.673172759794	0.677254121856	0.651378903475	0.685435937693	0.671797585119	0.770224911061	0.656964198311	0.699248342929	0.655630929543	0.674327975936	0.681218884589	0.726489366381	0.679228291711	0.677019029681	0.671548600389	0.664533286415	0.644491224354	0.73539039183	0.67486369932	0.679817359734	0.642644478106	0.65830383229	0.634120183528	0.653196713896	0.648006707066	0.616913275449	0.618969057235	0.610307358407	0.68545529947	0.671244561856	0.674478942078	0.673740769775	0.65522333933	0.6821732241	0.642306048461	0.658667950888	0.658890554227	0.660532067689	0.667234401622	0.652447482738	0.653923995181	0.656344523906	0.651919470261	0.689052060998	0.679675606087	0.689448379579	0.647198700385	0.669842660038	0.648024875564
AE3	0.663081693377	0.676804008172	0.724318865932	0.672266258119	0.658966828893	0.652417809696	0.676165059988	0.597918384645	0.0	0.633190791694	0.661741261161	0.642925898222	0.679522741052	0.670581793881	0.676726787202	0.671344156097	0.663054774997	0.681460284748	0.771613351581	0.692535545559	0.735781515121	0.716876918502	0.675804865707	0.688170504336	0.752740087878	0.681074602722	0.665898185749	0.70859107548	0.662822285205	0.677967354896	0.735969340203	0.67904996393	0.634221710449	0.692363571416	0.693346914048	0.704842484194	0.6607079976	0.661091691921	0.670063081494	0.676457921956	0.678962334898	0.658449644085	0.649749663841	0.676480794333	0.724288033958	0.717866663765	0.712263946298	0.711308193351	0.71855223807	0.718230594773	0.692486822789	0.712519263082	0.664508260991	0.710218453103	0.679520740428	0.706372892706	0.683709131192	0.712632004942	0.717661336266	0.702204307718	0.658716175387	0.714159986969
AE4	0.689172939893	0.645858541089	0.755761799577	0.690801302621	0.662951137725	0.67358333709	0.376549818853	0.379047247605	0.633190791694	0.0	0.698079771554	0.631067881578	0.705892732569	0.693701353255	0.695218638622	0.663735120882	0.708767942259	0.683453778352	0.782447098952	0.654123974864	0.709174809502	0.661069429013	0.70769420709	0.684288224141	0.731225035443	0.700190674068	0.687614222889	0.676425342171	0.688791128074	0.647725453229	0.744447655078	0.681937251819	0.696102690113	0.660949162629	0.682036382856	0.661099603546	0.677169237885	0.658838812446	0.605583582974	0.64936080909	0.613626897555	0.682417111932	0.671659889867	0.673020862866	0.697655661533	0.673413854915	0.687915750587	0.655059647733	0.669427270057	0.663662826236	0.681363029652	0.672501158619	0.661852459849	0.667376908187	0.672318021246	0.671707029536	0.688540534961	0.69224461164	0.686864919986	0.666134973727	0.689790156728	0.653460458489
AF3	0.651290194268	0.659145361723	0.72588720798	0.668529042365	0.687345003499	0.501416138018	0.702083556897	0.664307445021	0.661741261161	0.698079771554	0.0	0.565377810596	0.66850584922	0.694225922158	0.67592026424	0.653698063195	0.673534025248	0.684025937683	0.756518664423	0.682518765033	0.685032316736	0.70565936242	0.67679369513	0.702299869043	0.758404208791	0.722657045388	0.685119506186	0.705652906743	0.697343014748	0.672234265179	0.721252523698	0.701959990475	0.641848993202	0.684853349064	0.673865272847	0.677917863926	0.662240742251	0.65576164822	0.682225594349	0.674203041524	0.688275477778	0.674957355883	0.662923674964	0.668256122392	0.696873035266	0.679132987334	0.712862171676	0.712851731979	0.694161706581	0.711286193184	0.695625090154	0.692388824577	0.684487559335	0.702487006317	0.698999752081	0.707582707524	0.680772435922	0.72681445687	0.679731226832	0.707037593432	0.655100751826	0.693802114748
AF4	0.673533497828	0.623903057837	0.74093610578	0.674634685849	0.433745972683	0.455096247954	0.64935617858	0.618450805798	0.642925898222	0.631067881578	0.565377810596	0.0	0.681855950221	0.69879645923	0.683941584732	0.645999469569	0.669659395813	0.675853992268	0.767963207036	0.671572182118	0.703270059436	0.677232074347	0.700103750963	0.690868254185	0.732794315289	0.681362624389	0.681698962295	0.671204057737	0.692032544391	0.663430614778	0.740372850384	0.666312649672	0.659073061666	0.639604677765	0.686438822898	0.665339151326	0.677154224326	0.639279889043	0.660301948213	0.641285072013	0.644522217368	0.660195387765	0.664866605555	0.659103252773	0.68001751457	0.652590032257	0.715492264914	0.676038392517	0.686463829914	0.674723383377	0.661370660021	0.668523087396	0.650666179798	0.664352215655	0.671141911772	0.660208108307	0.666435480779	0.668774160353	0.671647123129	0.653811602621	0.665860529357	0.67017720662
AG3	0.652005308808	0.664523430755	0.702984674064	0.411564424179	0.69759432082	0.695778637076	0.713182788696	0.686703394112	0.679522741052	0.705892732569	0.66850584922	0.681855950221	0.0	0.532721194651	0.680587245263	0.661531454283	0.666137556624	0.690199441351	0.773183553545	0.697186655955	0.692688061382	0.699545139614	0.681144589113	0.679321657443	0.726861442405	0.704767408908	0.680139789491	0.701976800288	0.674633574704	0.697572975958	0.733849661602	0.701913082546	0.686145604503	0.700129846992	0.699926560699	0.681049522422	0.692768933495	0.67462855369	0.690184861304	0.701118340299	0.70311837215	0.667954154663	0.667407215447	0.675376539385	0.718789902317	0.701913699074	0.700411247714	0.703608852953	0.649642898483	0.694654663138	0.709255820973	0.700233161493	0.672021975007	0.685756998663	0.684528457645	0.688991240725	0.703249214877	0.723306754141	0.691846009023	0.689690261081	0.680557084384	0.705906148742
AG4	0.674448689268	0.657813048418	0.56074712261	0.448763620517	0.677158229098	0.699251136094	0.69494264981	0.673172759794	0.670581793881	0.693701353255	0.694225922158	0.69879645923	0.532721194651	0.0	0.660359782648	0.634070275414	0.690246861029	0.712339201362	0.744869367614	0.678493069849	0.69729356478	0.694651030392	0.695398422359	0.701794405554	0.709150546768	0.708632409377	0.674384949908	0.704700470061	0.675023227341	0.685462570742	0.754985678057	0.721531281859	0.708473809536	0.733100767387	0.672420213319	0.678110622346	0.676010097698	0.691894983259	0.693415602173	0.712833064946	0.707901585106	0.662988677213	0.677024521774	0.691218342303	0.748325139255	0.737380618089	0.720521632214	0.722754064869	0.656801264347	0.70259925434	0.696622051053	0.69987155161	0.68360471431	0.718883415058	0.708975864622	0.718016468981	0.723858862005	0.715316170814	0.716766928036	0.713392803276	0.682036768558	0.731779980933
AH3	0.690908314055	0.536807854179	0.674480119581	0.669999303323	0.684136899394	0.683339419134	0.69453699407	0.677254121856	0.676726787202	0.695218638622	0.67592026424	0.683941584732	0.680587245263	0.660359782648	0.0	0.540384196678	0.681794750034	0.710602947082	0.781364681756	0.709271173266	0.709088642147	0.70176561547	0.667792717244	0.692607751351	0.726368088189	0.69850633638	0.671978364481	0.699823818456	0.68111528958	0.701817366587	0.74500285933	0.709189104974	0.669018153911	0.720849842252	0.711962332708	0.703938963037	0.693189571495	0.685526500931	0.676766209244	0.692082075795	0.684686536599	0.674722842876	0.671780125409	0.689876889027	0.735014163692	0.727002924513	0.714580502409	0.688720179707	0.706760034179	0.7129118072	0.691394529529	0.712199123991	0.702662966085	0.709560757942	0.68742813955	0.709529647052	0.699039471625	0.723962385171	0.703591074532	0.716653910719	0.693263453591	0.706094822414
AH4	0.477316274374	0.364893170066	0.696995867437	0.638227572709	0.662805213731	0.659303192914	0.662910759582	0.651378903475	0.671344156097	0.663735120882	0.653698063195	0.645999469569	0.661531454283	0.634070275414	0.540384196678	0.0	0.684979856317	0.672680218626	0.779173138377	0.682413759948	0.709783830655	0.671832143496	0.671280921167	0.673461090462	0.734144521894	0.684949010319	0.656541640415	0.677607363254	0.684991701411	0.668712097471	0.741522283462	0.694313329776	0.667861998855	0.683597700164	0.66847886811	0.644802871061	0.660312080662	0.638600395281	0.62225228415	0.664806566529	0.635976138838	0.655387567426	0.645705573074	0.670692681623	0.67955025328	0.670082710887	0.667867239271	0.647410125608	0.650490010975	0.66158591388	0.651986917811	0.658206347724	0.642726027061	0.659324730015	0.668238974498	0.668384830385	0.649019663279	0.660612802113	0.637515160651	0.670566972118	0.636545382082	0.647489604008
AA7	0.677877947052	0.68441534127	0.720741652376	0.694486149653	0.676840116799	0.698758207216	0.719595318701	0.685435937693	0.663054774997	0.708767942259	0.673534025248	0.669659395813	0.666137556624	0.690246861029	0.681794750034	0.684979856317	0.0	0.506191148461	0.772867312135	0.690973185266	0.664844391173	0.696905718569	0.666132694837	0.677850179609	0.701229603815	0.68854142536	0.661121878994	0.680413604999	0.678238430354	0.666388825312	0.70968373776	0.560301197314	0.662041056063	0.716749600325	0.706789643773	0.712266057712	0.668156530815	0.685471569677	0.698788287633	0.737951306622	0.72248201228	0.684716297452	0.692632671627	0.712817430763	0.729635277651	0.706741893913	0.737074157918	0.725748590528	0.715622184249	0.746125031207	0.701751325726	0.727777254296	0.68336101163	0.712950758824	0.69308806535	0.721570206082	0.734063370225	0.735093056771	0.738094889926	0.744146146355	0.689733624826	0.720342094873
AA8	0.686831974154	0.686500496047	0.738440126021	0.70035557827	0.675363820105	0.707309257546	0.694964327143	0.671797585119	0.681460284748	0.683453778352	0.684025937683	0.675853992268	0.690199441351	0.712339201362	0.710602947082	0.672680218626	0.506191148461	0.0	0.776605367151	0.658891122746	0.63176588658	0.649847586236	0.668030859249	0.659983766919	0.700144754441	0.680308535987	0.66825539188	0.661094299765	0.655482081507	0.632419563974	0.55005633838	0.417747062275	0.687068472226	0.712065832733	0.714409951161	0.705549421893	0.680636375571	0.690584157752	0.698849777162	0.719814960632	0.699504215735	0.698556722918	0.691278036101	0.701772742768	0.71946994177	0.701704718961	0.731350710805	0.706275949649	0.705160130196	0.721241307568	0.711408853524	0.721676793315	0.682421136738	0.691671501283	0.693116821415	0.690996462352	0.737979983446	0.732496705197	0.744432201506	0.735957972171	0.695591921351	0.711488887334
AB7	0.76434371889	0.774972993776	0.714940833683	0.758354506856	0.764653749426	0.776312594189	0.779114964886	0.770224911061	0.771613351581	0.782447098952	0.756518664423	0.767963207036	0.773183553545	0.744869367614	0.781364681756	0.779173138377	0.772867312135	0.776605367151	0.0	0.553244797856	0.747657916445	0.759800495343	0.777236806282	0.791389269799	0.747302657529	0.78941872319	0.781776522208	0.776965623687	0.752361366094	0.608331642864	0.761075925281	0.780789362967	0.777969724943	0.800743094469	0.775919013216	0.787467698603	0.765565403257	0.763871171965	0.789490614386	0.78730798877	0.799952903551	0.723557929043	0.746893690537	0.786215701291	0.803612588017	0.804949340803	0.825923454929	0.796428638645	0.778506556354	0.800141269573	0.805931235109	0.798984455495	0.794847537188	0.801414943544	0.786255081319	0.797303384801	0.800727753778	0.812928161695	0.803966411138	0.799693815203	0.782101307521	0.810089379306
AB8	0.696642846981	0.679922287782	0.676386490661	0.678922888301	0.688505379742	0.696311999698	0.675280843176	0.656964198311	0.692535545559	0.654123974864	0.682518765033	0.671572182118	0.697186655955	0.678493069849	0.709271173266	0.682413759948	0.690973185266	0.658891122746	0.553244797856	0.0	0.659198709505	0.642324139759	0.679521258963	0.66431382031	0.683922218006	0.674506006391	0.674361011173	0.660230549322	0.519477043297	0.387556132169	0.687230412627	0.643520138638	0.69939505555	0.700829722035	0.697177880069	0.686126459756	0.684887675554	0.667498436047	0.698652601286	0.687856333706	0.685893572476	0.672298416351	0.670425034717	0.700823440068	0.71148292404	0.700049359497	0.752548376752	0.708036962472	0.683829255574	0.716686605019	0.708958745488	0.717390042912	0.685254260501	0.704509726867	0.7092270125	0.710261175686	0.714085289598	0.729653671976	0.712590559883	0.709325799274	0.67894347445	0.709356268405
AC7	0.693661414822	0.71321835902	0.703161262443	0.699512342395	0.714581754273	0.718162312375	0.715896093836	0.699248342929	0.735781515121	0.709174809502	0.685032316736	0.703270059436	0.692688061382	0.69729356478	0.709088642147	0.709783830655	0.664844391173	0.63176588658	0.747657916445	0.659198709505	0.0	0.50090600316	0.686202129601	0.682291844292	0.69104139266	0.697454825532	0.694254849728	0.587052385413	0.646741665273	0.636172930748	0.66463518507	0.646825413137	0.708215664102	0.700044359962	0.728904255581	0.74039106876	0.712149906894	0.708410414513	0.714836343773	0.723356804661	0.728646261008	0.716111256225	0.72272257728	0.717451281551	0.703275025455	0.694747432681	0.756299640954	0.739821373165	0.689220808492	0.73707810825	0.758874004479	0.744483731804	0.696800456741	0.691720194909	0.694231577426	0.700289368805	0.751442969617	0.73887825144	0.748114387335	0.74064833199	0.70336815499	0.745518925307
AC8	0.693223433727	0.67252392955	0.728025344974	0.689341246705	0.707811387073	0.703856096297	0.679691228931	0.655630929543	0.716876918502	0.661069429013	0.70565936242	0.677232074347	0.699545139614	0.694651030392	0.70176561547	0.671832143496	0.696905718569	0.649847586236	0.759800495343	0.642324139759	0.50090600316	0.0	0.697559650407	0.652868468627	0.702108621154	0.672181583275	0.487611111707	0.396586570739	0.633994466998	0.62219704883	0.700280023281	0.636714838818	0.70571905653	0.667727906733	0.712680467306	0.702021148313	0.697579007951	0.677493585552	0.681968000681	0.705912961932	0.685354917798	0.695384976274	0.691809841429	0.698269109507	0.683689419742	0.672473681835	0.736899718133	0.704721067131	0.670816429884	0.694631032266	0.696985219096	0.699828538689	0.676377347038	0.662468673268	0.666198139015	0.666571820789	0.711768772609	0.705731827368	0.716957067339	0.696604038326	0.674674920614	0.702194347337
AD7	0.679651704996	0.679505380003	0.719646483074	0.682699029313	0.708329582912	0.710805375682	0.711590359142	0.674327975936	0.675804865707	0.70769420709	0.67679369513	0.700103750963	0.681144589113	0.695398422359	0.667792717244	0.671280921167	0.666132694837	0.668030859249	0.777236806282	0.679521258963	0.686202129601	0.697559650407	0.0	0.459475205855	0.704784742736	0.502375233513	0.661469389125	0.679328788958	0.666005863707	0.666319531085	0.705777846173	0.662925031233	0.649824984772	0.68911700427	0.721548700172	0.701583357717	0.693313406529	0.66227407749	0.696422085586	0.702190050809	0.704525181679	0.684787595748	0.686228526781	0.693505349986	0.711989895942	0.694408385089	0.719227566687	0.703106159382	0.684711754363	0.7090928449	0.687217568512	0.706599653968	0.670409786644	0.676952418986	0.664444591265	0.689178142758	0.696267017054	0.7157384112	0.704555573429	0.706343806009	0.6620032684	0.697971601553
AD8	0.69117987499	0.673635400909	0.736583335065	0.701880590678	0.713182764628	0.711265403955	0.697560127207	0.681218884589	0.688170504336	0.684288224141	0.702299869043	0.690868254185	0.679321657443	0.701794405554	0.692607751351	0.673461090462	0.677850179609	0.659983766919	0.791389269799	0.66431382031	0.682291844292	0.652868468627	0.459475205855	0.0	0.597606388281	0.381814002183	0.626562750257	0.657417714475	0.653029852957	0.652995241122	0.705582992339	0.65253635278	0.682790145108	0.679669975472	0.725517799091	0.700514330439	0.713113596127	0.677827775646	0.698104211499	0.707315384449	0.703380626204	0.703033989805	0.702589677952	0.689677654978	0.694651695129	0.670614203119	0.723796216732	0.701748138925	0.679393090601	0.697418570008	0.692196336701	0.703381309876	0.673384861465	0.670231302784	0.665533606014	0.68199888917	0.70130381098	0.711881129012	0.710354113974	0.708795715811	0.683686714953	0.703703322405
AE7	0.728823630911	0.729270250346	0.723553468316	0.72310262919	0.707613579651	0.763992761921	0.728071892915	0.726489366381	0.752740087878	0.731225035443	0.758404208791	0.732794315289	0.726861442405	0.709150546768	0.726368088189	0.734144521894	0.701229603815	0.700144754441	0.747302657529	0.683922218006	0.69104139266	0.702108621154	0.704784742736	0.597606388281	0.0	0.518617247493	0.710754768817	0.698050812525	0.689828324217	0.698155095738	0.73308759172	0.691448702976	0.729194011807	0.754390936925	0.740307170207	0.740902759145	0.729483523009	0.747199625262	0.753904969988	0.757184983372	0.76451773719	0.736252935148	0.723601948639	0.746393350385	0.758370260557	0.755363765023	0.771529064719	0.766593292733	0.723122631328	0.766332383376	0.761016697843	0.77555430024	0.741917909622	0.750563425618	0.735062686289	0.748925679339	0.775622610556	0.788034984302	0.77343002581	0.767043789814	0.748921485283	0.780545324884
AE8	0.709031707293	0.682885826565	0.739856219266	0.693838192403	0.699810416732	0.710714034143	0.688462566895	0.679228291711	0.681074602722	0.700190674068	0.722657045388	0.681362624389	0.704767408908	0.708632409377	0.69850633638	0.684949010319	0.68854142536	0.680308535987	0.78941872319	0.674506006391	0.697454825532	0.672181583275	0.502375233513	0.381814002183	0.518617247493	0.0	0.647669841021	0.648485116413	0.664137574318	0.673228567794	0.721623441471	0.655118270305	0.701826802886	0.69501311998	0.735113929827	0.721696948783	0.71631886036	0.682487693244	0.705500633719	0.718660215459	0.709243982755	0.69677498516	0.710257744085	0.708524916197	0.710404018658	0.691426748312	0.730957341134	0.703330284338	0.690079265992	0.712582053486	0.698650459672	0.717965294194	0.678240525312	0.684836401819	0.676549910675	0.683148453071	0.700294218259	0.710085434214	0.728548074127	0.705032651518	0.701298805278	0.697587204964
AF7	0.668668357227	0.657997963542	0.719620478811	0.674603595801	0.705338208347	0.695595356256	0.697178283758	0.677019029681	0.665898185749	0.687614222889	0.685119506186	0.681698962295	0.680139789491	0.674384949908	0.671978364481	0.656541640415	0.661121878994	0.66825539188	0.781776522208	0.674361011173	0.694254849728	0.487611111707	0.661469389125	0.626562750257	0.710754768817	0.647669841021	0.0	0.423574689726	0.641764708589	0.657904439548	0.722627461766	0.650974240388	0.678497737667	0.696267767423	0.698017519539	0.693921231354	0.673482581433	0.660241853902	0.669882774243	0.696901252768	0.683478636462	0.681655667965	0.671369541731	0.690149367531	0.714961048344	0.71077594764	0.717008267378	0.702222481797	0.686242979401	0.701404130646	0.675265598812	0.695765511889	0.658883430339	0.667005731708	0.670084418813	0.670808255619	0.672471257489	0.707547437678	0.69859212897	0.700979834214	0.662401013105	0.681491183375
AF8	0.680748932654	0.66974734972	0.74183998503	0.687245640602	0.699934992109	0.688897006774	0.688788074101	0.671548600389	0.70859107548	0.676425342171	0.705652906743	0.671204057737	0.701976800288	0.704700470061	0.699823818456	0.677607363254	0.680413604999	0.661094299765	0.776965623687	0.660230549322	0.587052385413	0.396586570739	0.679328788958	0.657417714475	0.698050812525	0.648485116413	0.423574689726	0.0	0.652226295795	0.637659934781	0.711540061227	0.619035026407	0.705358942939	0.665108165307	0.711386845171	0.70189077293	0.695687514122	0.659906173517	0.686917204039	0.702281230787	0.681666079898	0.705041924157	0.694360332674	0.692468352616	0.695914754674	0.684562102664	0.726578804554	0.699604718834	0.666678122042	0.695224642394	0.701167309893	0.691725653783	0.650676071844	0.655295619555	0.668711527704	0.666935730494	0.685562990775	0.696873741911	0.707523305653	0.690572172403	0.667461009609	0.677336036089
AG7	0.699788081447	0.689852787774	0.695076696191	0.679722226482	0.697475447079	0.722131180364	0.705727033499	0.664533286415	0.662822285205	0.688791128074	0.697343014748	0.692032544391	0.674633574704	0.675023227341	0.68111528958	0.684991701411	0.678238430354	0.655482081507	0.752361366094	0.519477043297	0.646741665273	0.633994466998	0.666005863707	0.653029852957	0.689828324217	0.664137574318	0.641764708589	0.652226295795	0.0	0.439756163527	0.690084118279	0.656973473272	0.680612633845	0.691128385481	0.704023169947	0.688634941092	0.662902517329	0.669942241613	0.698944188847	0.707632493002	0.68476811386	0.680923455511	0.686386560741	0.683998467251	0.707179159041	0.689963091371	0.731956402166	0.707631133879	0.678816705815	0.717862266925	0.683595182305	0.714162090385	0.668971191446	0.690791590989	0.681418184783	0.691050793529	0.696779830183	0.71142065367	0.703026818401	0.713882858702	0.666900871509	0.721966611246
AG8	0.678342581171	0.670666719052	0.702153667507	0.687737955871	0.67934755379	0.692282439185	0.672900835211	0.644491224354	0.677967354896	0.647725453229	0.672234265179	0.663430614778	0.697572975958	0.685462570742	0.701817366587	0.668712097471	0.666388825312	0.632419563974	0.608331642864	0.387556132169	0.636172930748	0.62219704883	0.666319531085	0.652995241122	0.698155095738	0.673228567794	0.657904439548	0.637659934781	0.439756163527	0.0	0.688919382173	0.635473243991	0.685915947926	0.66534247758	0.688100819837	0.666869362488	0.643429325447	0.636712829451	0.674941808282	0.690476780191	0.665641226879	0.658013866158	0.66033973822	0.673464366424	0.684087428651	0.675190288637	0.725890884014	0.688836531876	0.662280818346	0.697706335355	0.683117562084	0.695320111716	0.65930651679	0.672909839319	0.675547409649	0.676213244611	0.688924740686	0.705930064547	0.698479891997	0.696436826634	0.666891007964	0.707648075186
AH7	0.733470068593	0.750810419116	0.729966614258	0.735215904156	0.748467781817	0.763688832786	0.726163547347	0.73539039183	0.735969340203	0.744447655078	0.721252523698	0.740372850384	0.733849661602	0.754985678057	0.74500285933	0.741522283462	0.70968373776	0.55005633838	0.761075925281	0.687230412627	0.66463518507	0.700280023281	0.705777846173	0.705582992339	0.73308759172	0.721623441471	0.722627461766	0.711540061227	0.690084118279	0.688919382173	0.0	0.531748851614	0.717479103146	0.766416967808	0.772691863634	0.767675136716	0.749798846227	0.751815965917	0.744049091945	0.751656317154	0.756305835306	0.737364860034	0.741142320197	0.751702301188	0.768229437056	0.767783690653	0.781674521971	0.744520754233	0.75382078973	0.769384423279	0.774382433792	0.789383034772	0.734734120562	0.736006348873	0.730802864286	0.732202393157	0.774994170376	0.798287274786	0.780030088936	0.774884927319	0.750295976445	0.749921452857
AH8	0.701439881167	0.696523144428	0.733466732321	0.708739180973	0.697527705035	0.700230885271	0.695571546589	0.67486369932	0.67904996393	0.681937251819	0.701959990475	0.666312649672	0.701913082546	0.721531281859	0.709189104974	0.694313329776	0.560301197314	0.417747062275	0.780789362967	0.643520138638	0.646825413137	0.636714838818	0.662925031233	0.65253635278	0.691448702976	0.655118270305	0.650974240388	0.619035026407	0.656973473272	0.635473243991	0.531748851614	0.0	0.687612746856	0.701538092309	0.718986173921	0.714017629843	0.691680042952	0.68151425679	0.70586156571	0.712150511674	0.699434440252	0.705000445816	0.697049159724	0.715393003988	0.716189902646	0.711242492781	0.734351179101	0.702710180972	0.70620169348	0.726071938684	0.715964217686	0.726817017759	0.6720108596	0.690328265791	0.698557350402	0.691589190726	0.723863626261	0.726060955248	0.744090795321	0.71737118059	0.702398777749	0.690331802245
AA5	0.641242123163	0.66424235152	0.733489361304	0.690313262314	0.662817216484	0.668105146311	0.716716724209	0.679817359734	0.634221710449	0.696102690113	0.641848993202	0.659073061666	0.686145604503	0.708473809536	0.669018153911	0.667861998855	0.662041056063	0.687068472226	0.777969724943	0.69939505555	0.708215664102	0.70571905653	0.649824984772	0.682790145108	0.729194011807	0.701826802886	0.678497737667	0.705358942939	0.680612633845	0.685915947926	0.717479103146	0.687612746856	0.0	0.601854258535	0.68807520316	0.683494169569	0.651623325894	0.652153848097	0.686952019583	0.676034174855	0.695706465074	0.65362840054	0.617980389349	0.673658146924	0.715951102317	0.662459670869	0.698570695246	0.700297612471	0.699212415101	0.706305536953	0.673268744971	0.702516309557	0.671172533439	0.695493410058	0.659361482841	0.694968404445	0.669924100422	0.721178029739	0.669062442798	0.689679589789	0.648380802479	0.692417230723
AA6	0.690064828061	0.654629359235	0.781934681123	0.707400550852	0.688337583214	0.664411388702	0.664869926859	0.642644478106	0.692363571416	0.660949162629	0.684853349064	0.639604677765	0.700129846992	0.733100767387	0.720849842252	0.683597700164	0.716749600325	0.712065832733	0.800743094469	0.700829722035	0.700044359962	0.667727906733	0.68911700427	0.679669975472	0.754390936925	0.69501311998	0.696267767423	0.665108165307	0.691128385481	0.66534247758	0.766416967808	0.701538092309	0.601854258535	0.0	0.697844618232	0.673690607189	0.667682214275	0.622115572271	0.672502075613	0.673192052387	0.660776418239	0.683919611287	0.683102223965	0.671730819802	0.479043885629	0.423823944483	0.693633384497	0.686584429705	0.675683591313	0.671525394205	0.676268719929	0.658988459389	0.654051879572	0.681939514524	0.695979154574	0.679394306675	0.664573796569	0.671655171042	0.682873926289	0.663583480865	0.662657876922	0.664455309807
AB5	0.679530663069	0.666633458729	0.716127060871	0.685027017209	0.691306703413	0.672285499028	0.684875378363	0.65830383229	0.693346914048	0.682036382856	0.673865272847	0.686438822898	0.699926560699	0.672420213319	0.711962332708	0.66847886811	0.706789643773	0.714409951161	0.775919013216	0.697177880069	0.728904255581	0.712680467306	0.721548700172	0.725517799091	0.740307170207	0.735113929827	0.698017519539	0.711386845171	0.704023169947	0.688100819837	0.772691863634	0.718986173921	0.68807520316	0.697844618232	0.0	0.415397377122	0.634875753532	0.68280911653	0.671778093877	0.643154334004	0.662720314264	0.69263140411	0.674215716117	0.661076060521	0.708025912144	0.693209407732	0.66846961574	0.699514363599	0.680976083964	0.704875318817	0.680161332162	0.689234623932	0.654184060934	0.691476788551	0.699899659945	0.68575238055	0.714215364851	0.697104942604	0.708604949967	0.710607924546	0.653099035288	0.707879804719
AB6	0.695766098641	0.650822249622	0.736408241671	0.672177163187	0.66903169828	0.66709768712	0.667560766092	0.634120183528	0.704842484194	0.661099603546	0.677917863926	0.665339151326	0.681049522422	0.678110622346	0.703938963037	0.644802871061	0.712266057712	0.705549421893	0.787467698603	0.686126459756	0.74039106876	0.702021148313	0.701583357717	0.700514330439	0.740902759145	0.721696948783	0.693921231354	0.70189077293	0.688634941092	0.666869362488	0.767675136716	0.714017629843	0.683494169569	0.673690607189	0.415397377122	0.0	0.652708927765	0.652667974318	0.658263275345	0.642023024012	0.633509887564	0.670665131835	0.659395224326	0.569872927912	0.68790080336	0.659977999741	0.675718524391	0.682095286045	0.666103031087	0.67545803137	0.675151785413	0.671357604996	0.657972764429	0.665968991674	0.686573098948	0.665088103175	0.678469590445	0.681817106712	0.671542050789	0.686705553025	0.654939052878	0.682569152969
AC5	0.652757147409	0.663400589379	0.744881186877	0.671025575629	0.684972583747	0.674697490248	0.688612737378	0.653196713896	0.6607079976	0.677169237885	0.662240742251	0.677154224326	0.692768933495	0.676010097698	0.693189571495	0.660312080662	0.668156530815	0.680636375571	0.765565403257	0.684887675554	0.712149906894	0.697579007951	0.693313406529	0.713113596127	0.729483523009	0.71631886036	0.673482581433	0.695687514122	0.662902517329	0.643429325447	0.749798846227	0.691680042952	0.651623325894	0.667682214275	0.634875753532	0.652708927765	0.0	0.500880235626	0.650491487706	0.660815617087	0.64658632309	0.657539752933	0.60906365013	0.649720355709	0.662204346045	0.655930133743	0.65412318517	0.692641359423	0.642993082512	0.676274189836	0.655694432263	0.653330262518	0.638454599947	0.666818131428	0.643639447301	0.663657975468	0.661817229057	0.663996964332	0.666672957461	0.682234944039	0.645945124641	0.69610172282
AC6	0.651803590713	0.626935230593	0.74843535099	0.664136579692	0.671662891115	0.653675122527	0.652381918007	0.648006707066	0.661091691921	0.658838812446	0.65576164822	0.639279889043	0.67462855369	0.691894983259	0.685526500931	0.638600395281	0.685471569677	0.690584157752	0.763871171965	0.667498436047	0.708410414513	0.677493585552	0.66227407749	0.677827775646	0.747199625262	0.682487693244	0.660241853902	0.659906173517	0.669942241613	0.636712829451	0.751815965917	0.68151425679	0.652153848097	0.622115572271	0.68280911653	0.652667974318	0.500880235626	0.0	0.626442381052	0.650214987302	0.632646203026	0.544992165178	0.501399532953	0.624354596147	0.66207657367	0.635586551588	0.65904611183	0.668042984754	0.623286627541	0.646276578865	0.651622500416	0.648726154566	0.627361567613	0.662068266832	0.652254500163	0.659807602995	0.619548016272	0.648345049772	0.634257862375	0.630447997398	0.625559851304	0.649697674103
AD6	0.659973843634	0.630058225759	0.771071854442	0.67486848228	0.67552365822	0.676468061167	0.62131901037	0.616913275449	0.670063081494	0.605583582974	0.682225594349	0.660301948213	0.690184861304	0.693415602173	0.676766209244	0.62225228415	0.698788287633	0.698849777162	0.789490614386	0.698652601286	0.714836343773	0.681968000681	0.696422085586	0.698104211499	0.753904969988	0.705500633719	0.669882774243	0.686917204039	0.698944188847	0.674941808282	0.744049091945	0.70586156571	0.686952019583	0.672502075613	0.671778093877	0.658263275345	0.650491487706	0.626442381052	0.0	0.516577209363	0.433323926559	0.664654716055	0.662422372843	0.678108516015	0.686918770486	0.675616873182	0.68217379528	0.663726969146	0.660569879052	0.658488875265	0.66936974557	0.666678429268	0.645929089718	0.663115077466	0.659948866236	0.658947876878	0.655895567122	0.695151847506	0.657341339643	0.64853957735	0.647602989223	0.663507009882
AE5	0.682555831827	0.65344042246	0.762100821251	0.693402640242	0.657793455608	0.660312052356	0.647017070905	0.618969057235	0.676457921956	0.64936080909	0.674203041524	0.641285072013	0.701118340299	0.712833064946	0.692082075795	0.664806566529	0.737951306622	0.719814960632	0.78730798877	0.687856333706	0.723356804661	0.705912961932	0.702190050809	0.707315384449	0.757184983372	0.718660215459	0.696901252768	0.702281230787	0.707632493002	0.690476780191	0.751656317154	0.712150511674	0.676034174855	0.673192052387	0.643154334004	0.642023024012	0.660815617087	0.650214987302	0.516577209363	0.0	0.397732568601	0.665608367384	0.650405491098	0.657835128917	0.685315267767	0.677350373502	0.674692283463	0.672378005682	0.649691725534	0.650527473708	0.660138861165	0.667786782787	0.636798780776	0.635578494063	0.646132967314	0.646898223094	0.655500417247	0.703609152149	0.668833333369	0.644164735313	0.633872093869	0.674306375021
AE6	0.686973772509	0.632977046944	0.784448831332	0.691781022405	0.664500250814	0.670087501702	0.630385515644	0.610307358407	0.678962334898	0.613626897555	0.688275477778	0.644522217368	0.70311837215	0.707901585106	0.684686536599	0.635976138838	0.72248201228	0.699504215735	0.799952903551	0.685893572476	0.728646261008	0.685354917798	0.704525181679	0.703380626204	0.76451773719	0.709243982755	0.683478636462	0.681666079898	0.68476811386	0.665641226879	0.756305835306	0.699434440252	0.695706465074	0.660776418239	0.662720314264	0.633509887564	0.64658632309	0.632646203026	0.433323926559	0.397732568601	0.0	0.669142669659	0.663394823876	0.669953773406	0.67091693983	0.661314162242	0.684880921674	0.656152607882	0.64652649431	0.639603980337	0.660849102277	0.65682176691	0.629370586737	0.637117830182	0.660806679412	0.645262668228	0.653223563503	0.689896157559	0.663656508429	0.639776773585	0.636630795701	0.6502522673
AF5	0.685961976973	0.655508156105	0.69699923131	0.643523767415	0.655900683004	0.67346516672	0.688761060009	0.68545529947	0.658449644085	0.682417111932	0.674957355883	0.660195387765	0.667954154663	0.662988677213	0.674722842876	0.655387567426	0.684716297452	0.698556722918	0.723557929043	0.672298416351	0.716111256225	0.695384976274	0.684787595748	0.703033989805	0.736252935148	0.69677498516	0.681655667965	0.705041924157	0.680923455511	0.658013866158	0.737364860034	0.705000445816	0.65362840054	0.683919611287	0.69263140411	0.670665131835	0.657539752933	0.544992165178	0.664654716055	0.665608367384	0.669142669659	0.0	0.496688212415	0.640092723685	0.71776259889	0.682748158057	0.712022241525	0.708746920903	0.663278239011	0.665819595472	0.692935906688	0.697607271174	0.676912963784	0.703093345477	0.693366148614	0.701726336713	0.668263390601	0.722454070334	0.673873773394	0.681124369776	0.660488611761	0.704082146688
AF6	0.639496144494	0.647858218773	0.716855983202	0.649443019291	0.662325204806	0.657476755247	0.679609841328	0.671244561856	0.649749663841	0.671659889867	0.662923674964	0.664866605555	0.667407215447	0.677024521774	0.671780125409	0.645705573074	0.692632671627	0.691278036101	0.746893690537	0.670425034717	0.72272257728	0.691809841429	0.686228526781	0.702589677952	0.723601948639	0.710257744085	0.671369541731	0.694360332674	0.686386560741	0.66033973822	0.741142320197	0.697049159724	0.617980389349	0.683102223965	0.674215716117	0.659395224326	0.60906365013	0.501399532953	0.662422372843	0.650405491098	0.663394823876	0.496688212415	0.0	0.626000418704	0.720118104353	0.693069117896	0.663192192967	0.692845119537	0.663759894133	0.667792664302	0.676008894922	0.69196145655	0.652536513349	0.687588315791	0.673533782674	0.691038798401	0.658708534208	0.701552571027	0.652356736496	0.665915404314	0.641894363943	0.682041024857
