	AA3	AA4	AB3	AB4	AC3	AC4	AD3	AD4	AE3	AE4	AF3	AF4	AG3	AG4	AH3	AH4	AA7	AA8	AB7	AB8	AC7	AC8	AD7	AD8	AE7	AE8	AF7	AF8	AG7	AG8	AH7	AH8	AA5	AA6	AB5	AB6	AC5	AC6	AD6	AE5	AE6	AF5	AF6	AG5	AH5	AH6	AA1	AA2	AB1	AB2	AC1	AC2	AD1	AD2	AE1	AE2	AF1	AF2	AG1	AG2	AH1	AH2
AA3	0.0	0.486838618121	0.677487086913	0.651578929915	0.678555633717	0.659100472423	0.689195569525	0.700098573886	0.655380903415	0.694832872858	0.641890447715	0.668929548914	0.644758924228	0.638898717787	0.695855795943	0.480582871624	0.673336752619	0.682021901682	0.76223059617	0.684844356528	0.687354548159	0.679779704511	0.661252321249	0.683517622702	0.727977839256	0.68922385149	0.663901344721	0.679206270573	0.694620797488	0.673410925854	0.730027354405	0.701169609134	0.661320133391	0.679389515562	0.66641115769	0.664853288586	0.635566667342	0.659689340445	0.664919778477	0.666838547038	0.669342317844	0.676005462702	0.684534253118	0.66977512046	0.708137035829	0.689623590922	0.667097277394	0.695681945842	0.64200070712	0.695104706465	0.663759681209	0.675035615336	0.629803979648	0.65457471441	0.663711575055	0.657844980618	0.649820216947	0.679076533593	0.669871603367	0.683047778881	0.627385833735	0.685677489483
AA4	0.486838618121	0.0	0.668012327551	0.644436473186	0.652580016465	0.643056754214	0.673429362116	0.675241097592	0.691561206377	0.667760604568	0.661150684453	0.64919931503	0.675758620714	0.653006142399	0.510037730032	0.366293369004	0.689385378985	0.698044832517	0.782534120788	0.69386681451	0.712770504482	0.668936961603	0.685598044689	0.698211680491	0.731328667732	0.684304415028	0.670966909365	0.682868762292	0.702517265345	0.692915821609	0.747939325251	0.698835392692	0.685986314503	0.682105142131	0.674048134026	0.656176729152	0.662567563941	0.642783854765	0.656085722038	0.662170561664	0.653352515886	0.666726012223	0.671275861042	0.646994735142	0.696276073271	0.676142772107	0.680674300173	0.659759729661	0.651350960287	0.67045798642	0.661073981207	0.671265031887	0.64458200205	0.656398054912	0.676353484628	0.662872716445	0.646756037188	0.663369074882	0.655197515348	0.656241117781	0.654639594875	0.663536082036
AB3	0.677487086913	0.668012327551	0.0	0.639678632714	0.684420818828	0.719437745787	0.726920024404	0.733873416297	0.714900025836	0.739456969466	0.714973749365	0.723208732196	0.718193335596	0.593781349018	0.6715609239	0.676877281701	0.709201522486	0.73131016852	0.704592295778	0.683936083534	0.722383722322	0.712705851059	0.719508499295	0.743043523319	0.703160445357	0.73653394009	0.704719366212	0.731875787301	0.712477240254	0.704901902461	0.741944018305	0.733451781962	0.717262754944	0.764062661633	0.702681459781	0.721103014867	0.719428629801	0.709445288554	0.741916251652	0.738502484252	0.750659279516	0.696991743383	0.708599736383	0.722834792301	0.788291535144	0.780962585504	0.774748803605	0.76070406864	0.718080958019	0.757225773848	0.74992644539	0.766186505501	0.735018305056	0.744725137626	0.742630868644	0.762947223414	0.74414815739	0.762966260543	0.751516806829	0.743859089886	0.735798983518	0.754450490122
AB4	0.651578929915	0.644436473186	0.639678632714	0.0	0.673997450395	0.688842146967	0.711559407073	0.705041021738	0.690967287063	0.704688293936	0.680253179087	0.688084643752	0.46636910127	0.464635314712	0.673275200197	0.648118761715	0.70066734975	0.702198351688	0.757964013173	0.684826406152	0.705563616949	0.6967460039	0.689479472283	0.692600387953	0.72804483908	0.712681548248	0.687021208535	0.704135184751	0.705809234883	0.702270388276	0.736894297342	0.701978436513	0.704070578805	0.716224872933	0.703905481347	0.70007597591	0.676488550256	0.660678463848	0.704110872513	0.697701183577	0.713513291685	0.642810929746	0.661452918047	0.687096915001	0.731420797375	0.724794265744	0.717037032219	0.713423864213	0.651592370088	0.699911073238	0.703007894863	0.724052565431	0.671316733236	0.674451632814	0.686522728189	0.694521818644	0.698382267343	0.721735173492	0.715093033665	0.682282913611	0.681240074268	0.707653534516
AC3	0.678555633717	0.652580016465	0.684420818828	0.673997450395	0.0	0.521017273174	0.67332567723	0.676553584874	0.664044124406	0.659273032296	0.692835749056	0.451985108705	0.695186282784	0.70759975009	0.671326209746	0.655289366349	0.67774714538	0.678846045498	0.753578407475	0.676506823978	0.707139102501	0.69238787421	0.713491277764	0.720440863027	0.710118469632	0.713380604253	0.710956752047	0.692975202524	0.721797307138	0.693924361358	0.74045930092	0.689024934094	0.695227226883	0.697678546465	0.683453310679	0.666406287494	0.685826100182	0.651172021416	0.674335378668	0.652618252756	0.662815822826	0.647550119796	0.6631623879	0.670009868008	0.724072192275	0.704304065183	0.719911299578	0.697156090446	0.697507008633	0.696061966281	0.679772324165	0.701276423396	0.681904688371	0.682021232017	0.674178344561	0.682087998601	0.693840739723	0.704426016549	0.704699338683	0.663251775394	0.693619775098	0.709585261588
AC4	0.659100472423	0.643056754214	0.719437745787	0.688842146967	0.521017273174	0.0	0.67187525272	0.661694252944	0.666083068004	0.667178885573	0.493857611216	0.402750796629	0.6818842105	0.689537005266	0.69095865975	0.622915110779	0.684754755905	0.684193647993	0.751167570298	0.671531101093	0.697736171929	0.684355766382	0.696420809042	0.692519683643	0.742066972591	0.703647388138	0.683419854315	0.703520493069	0.710026224219	0.671097606594	0.739918526686	0.694414309569	0.690175835053	0.670295649055	0.668050445889	0.646610254863	0.662200978483	0.646390873327	0.645243432241	0.656747685557	0.652227785585	0.656735344258	0.657135291421	0.646660180322	0.690100129269	0.666334596615	0.718741577538	0.684345182944	0.683616178721	0.687200649479	0.688821155929	0.683883493412	0.694640659791	0.682847605059	0.686929250447	0.693421352712	0.673759533424	0.697507125685	0.684268696282	0.681163844053	0.678621948753	0.707308871319
AD3	0.689195569525	0.673429362116	0.726920024404	0.711559407073	0.67332567723	0.67187525272	0.0	0.403686051644	0.682495508383	0.363419096332	0.705014629519	0.645246841705	0.714692498411	0.702696178482	0.695968766485	0.660602566603	0.712859223838	0.699310718515	0.777974099507	0.67756752821	0.713690541022	0.681561706911	0.706812841715	0.694247784195	0.726739361403	0.674944044631	0.683384198111	0.688699399277	0.702010500292	0.674968862116	0.722642333882	0.687782741176	0.706489229501	0.674346365533	0.672973919501	0.651459147824	0.67824443399	0.669367788686	0.610984993427	0.644375913892	0.61206174672	0.671478583998	0.672984676659	0.677418766033	0.699612569677	0.67738738274	0.69096199323	0.674110810469	0.676527417264	0.654416526986	0.696333907616	0.684514543406	0.668044869535	0.661647542208	0.68489950358	0.674202953551	0.675945121262	0.705700790335	0.69063250625	0.651156187948	0.694715706642	0.646535903109
AD4	0.700098573886	0.675241097592	0.733873416297	0.705041021738	0.676553584874	0.661694252944	0.403686051644	0.0	0.610707362538	0.413775905191	0.695207741657	0.643231576807	0.706501418022	0.687554663373	0.684880847113	0.660537072383	0.705970981046	0.696977898284	0.794294948116	0.673779714013	0.714619572931	0.677232992656	0.691013769193	0.67326315684	0.726761877825	0.66763516304	0.668425787429	0.667028628064	0.658341091331	0.652722545674	0.712616786663	0.682514347622	0.703988420076	0.678576810353	0.693506393214	0.667636819857	0.684673874941	0.679318994473	0.635879067464	0.665900461673	0.63582548614	0.677026209854	0.686478424687	0.683214736328	0.696489357038	0.667979246934	0.695220869879	0.672672254789	0.692204979403	0.656608516623	0.691884283013	0.69073867163	0.678628344333	0.666151140988	0.677057986343	0.670857331619	0.689035297064	0.714083284486	0.69673737144	0.652810986115	0.675776513135	0.643016787974
AE3	0.655380903415	0.691561206377	0.714900025836	0.690967287063	0.664044124406	0.666083068004	0.682495508383	0.610707362538	0.0	0.629202023461	0.67587594168	0.670931048865	0.679109169741	0.685885816053	0.676904907449	0.675947424963	0.658038547008	0.689306826869	0.764753871946	0.697559011814	0.724269020381	0.729107131583	0.672369755936	0.698736701304	0.746123716459	0.70848165002	0.672227583319	0.716405670924	0.658849940293	0.677814067295	0.74417514045	0.701115881443	0.630096780782	0.710986549973	0.697620734599	0.701762032135	0.660396296578	0.687771672022	0.671381885797	0.68827257693	0.689903888223	0.659363648374	0.676895522833	0.674024799111	0.745407244662	0.718155556697	0.706713030591	0.723570317615	0.703018679558	0.707663067302	0.684063790023	0.714310944757	0.686577448334	0.703545891871	0.666345866323	0.711753867563	0.690032130915	0.733535191856	0.726453166942	0.707001309857	0.661859343228	0.720278775677
AE4	0.694832872858	0.667760604568	0.739456969466	0.704688293936	0.659273032296	0.667178885573	0.363419096332	0.413775905191	0.629202023461	0.0	0.708353699906	0.625536232347	0.705362585007	0.701436835747	0.699610561265	0.674390817841	0.703052317435	0.689425220719	0.777659400814	0.668079690376	0.715423878376	0.67714389747	0.703905725948	0.692648277605	0.72947792496	0.678697543297	0.676425176427	0.680817357844	0.690745636893	0.660413295494	0.750046480473	0.670260761877	0.700847600207	0.665014058155	0.676589176208	0.65483070635	0.685797892921	0.667529842308	0.609617466007	0.644326164986	0.604397174931	0.674508896528	0.680786816582	0.668208203469	0.698666791618	0.674202717011	0.688734097927	0.661740664647	0.685516635262	0.651269382135	0.686028842119	0.68371866585	0.675942108135	0.657531480263	0.677713094873	0.671482164462	0.673864302876	0.694135144468	0.691806820595	0.645829462972	0.696518136612	0.678635471442
AF3	0.641890447715	0.661150684453	0.714973749365	0.680253179087	0.692835749056	0.493857611216	0.705014629519	0.695207741657	0.67587594168	0.708353699906	0.0	0.55779687781	0.672799371036	0.68334034949	0.679197719165	0.665903988222	0.680461516158	0.698371424214	0.755215399531	0.681941891513	0.687848098496	0.707999985219	0.677478936554	0.700146944765	0.758905913642	0.717794713961	0.691148500089	0.724542698669	0.704078409032	0.673972144636	0.715766442167	0.709128560031	0.642799390104	0.683922763067	0.666134931389	0.67055718686	0.650669353352	0.66916070872	0.678632403023	0.671099317788	0.685014595063	0.685981978526	0.690831110863	0.668929192249	0.702815060694	0.684458001972	0.721880559684	0.714451024451	0.693555589537	0.718862658196	0.707329369514	0.710058619057	0.689161320134	0.706133414845	0.705415302367	0.716111447854	0.675157982143	0.727881393468	0.688363411795	0.714614838825	0.657392648614	0.724469471824
AF4	0.668929548914	0.64919931503	0.723208732196	0.688084643752	0.451985108705	0.402750796629	0.645246841705	0.643231576807	0.670931048865	0.625536232347	0.55779687781	0.0	0.68210501332	0.705837911047	0.685699835269	0.644358131208	0.685602274994	0.673580554797	0.756175489263	0.670830837772	0.711236902582	0.679004388013	0.714307343514	0.712145327169	0.725739408187	0.691886285477	0.688562898203	0.681060967674	0.701598050869	0.676052021881	0.738311017987	0.68234255852	0.67280418611	0.672337374126	0.672783128807	0.643121442075	0.681883446305	0.660826387921	0.658529391778	0.630013645157	0.63245211517	0.665775423473	0.669270137957	0.661118846394	0.694025569956	0.676018850883	0.711546442703	0.680037745796	0.691963124703	0.673027369487	0.680397124351	0.681930935577	0.673255513483	0.665535463238	0.679580127824	0.679843605389	0.664343615059	0.696763220648	0.688196002608	0.664502558899	0.685849534794	0.702487476032
AG3	0.644758924228	0.675758620714	0.718193335596	0.46636910127	0.695186282784	0.6818842105	0.714692498411	0.706501418022	0.679109169741	0.705362585007	0.672799371036	0.68210501332	0.0	0.500067646459	0.683100972242	0.666633052493	0.689715458395	0.695070416007	0.76794521534	0.689965197546	0.681498722358	0.693772155502	0.674310984702	0.685583420711	0.726753329399	0.704991175064	0.675080510146	0.704530647406	0.688098474229	0.698394183437	0.727055991246	0.708434693064	0.696527002909	0.701371740726	0.697826964521	0.681900124886	0.687973236206	0.675255870637	0.688800144869	0.69397059238	0.698368700507	0.646596756245	0.670016971103	0.680231934125	0.721436063963	0.707908437623	0.695439021659	0.722593403134	0.64733590096	0.699169346706	0.705464117636	0.72486947777	0.682612527518	0.677132015165	0.668486751395	0.692557631799	0.692012257654	0.719769237399	0.707921532653	0.677808833905	0.686303978489	0.707608804017
AG4	0.638898717787	0.653006142399	0.593781349018	0.464635314712	0.70759975009	0.689537005266	0.702696178482	0.687554663373	0.685885816053	0.701436835747	0.68334034949	0.705837911047	0.500067646459	0.0	0.686500045899	0.648196993896	0.719328005785	0.716337439578	0.745071003855	0.669547942004	0.701099727607	0.706092645418	0.700144971511	0.70292095381	0.732965550753	0.707967062986	0.685092409348	0.711352719684	0.665678590993	0.674893011563	0.740706788644	0.717710944586	0.727998316006	0.719809670619	0.692738994371	0.691101036699	0.694136334038	0.692863948676	0.706443223237	0.703218075184	0.700311242451	0.66516248768	0.671220316531	0.709204571019	0.740088768634	0.721328213622	0.715491517755	0.725948105158	0.668585536864	0.7042101439	0.695878651751	0.718312606815	0.677196642261	0.70409709357	0.723257011539	0.713604211639	0.721423405806	0.706817868101	0.729963716041	0.713654076813	0.689894439597	0.712469212351
AH3	0.695855795943	0.510037730032	0.6715609239	0.673275200197	0.671326209746	0.69095865975	0.695968766485	0.684880847113	0.676904907449	0.699610561265	0.679197719165	0.685699835269	0.683100972242	0.686500045899	0.0	0.542009909205	0.693668236197	0.713039660965	0.783765381844	0.71048903793	0.722981397479	0.703903685705	0.674331843232	0.695883651204	0.731816664838	0.698250256654	0.685394454427	0.707239508289	0.69883970485	0.706476879255	0.749078418186	0.705483384135	0.682955769645	0.726364314023	0.695462580799	0.69140456526	0.682656156369	0.678567036495	0.69294255907	0.701367094224	0.691045754038	0.678443542916	0.697610476497	0.679165998504	0.732806479477	0.718248048953	0.712958605821	0.702664461993	0.706326958246	0.710403886213	0.696708312466	0.726243532187	0.70367658864	0.710132912249	0.686415816896	0.715072085011	0.709581091434	0.721352023922	0.702957600768	0.701066515125	0.692681999015	0.705085243194
AH4	0.480582871624	0.366293369004	0.676877281701	0.648118761715	0.655289366349	0.622915110779	0.660602566603	0.660537072383	0.675947424963	0.674390817841	0.665903988222	0.644358131208	0.666633052493	0.648196993896	0.542009909205	0.0	0.687250197285	0.692430735154	0.780493982811	0.680025962658	0.713300023848	0.67027821727	0.679804301939	0.685095911769	0.739444811592	0.691274551707	0.653968158614	0.673023123307	0.689307778633	0.676034960091	0.751399431302	0.694947583137	0.685491154569	0.680264225389	0.651081905576	0.647168396077	0.651864547827	0.650473877226	0.647071181738	0.666759951787	0.626395054553	0.660819002792	0.670617602138	0.654264197787	0.694977964407	0.664012908797	0.672622828995	0.647651183599	0.649511616006	0.659091469713	0.647312567795	0.667571244396	0.641373826494	0.649364140257	0.652849352586	0.656083789508	0.661977734089	0.65624643774	0.660734894038	0.649058234785	0.65018433103	0.645271253163
AA7	0.673336752619	0.689385378985	0.709201522486	0.70066734975	0.67774714538	0.684754755905	0.712859223838	0.705970981046	0.658038547008	0.703052317435	0.680461516158	0.685602274994	0.689715458395	0.719328005785	0.693668236197	0.687250197285	0.0	0.504387396971	0.770729580819	0.690430014257	0.648513216274	0.674430722847	0.671262429994	0.695156405204	0.708123647435	0.682559531892	0.662752706592	0.677181660363	0.670834370419	0.686384323867	0.707694142912	0.549426225336	0.67169121523	0.726656392178	0.713819259511	0.722504061676	0.665648961898	0.698465774814	0.716691920892	0.742873224299	0.734213519969	0.688971462408	0.708814405263	0.721297033416	0.747549966061	0.725872840961	0.740453123369	0.739084239156	0.711033359109	0.737779286167	0.712870767138	0.73564409405	0.707431997133	0.719021356783	0.686375570659	0.718771027477	0.72390582664	0.74093294299	0.753994120852	0.729169177238	0.698099544725	0.725463047549
AA8	0.682021901682	0.698044832517	0.73131016852	0.702198351688	0.678846045498	0.684193647993	0.699310718515	0.696977898284	0.689306826869	0.689425220719	0.698371424214	0.673580554797	0.695070416007	0.716337439578	0.713039660965	0.692430735154	0.504387396971	0.0	0.774492444139	0.658970005242	0.649784421582	0.658745640933	0.677104255435	0.691808154586	0.706723240491	0.672461921044	0.685679809801	0.658624330541	0.670039691118	0.660975689958	0.562895853572	0.416837327763	0.67935488704	0.719633095683	0.725014098598	0.710036253254	0.691048202122	0.696447398513	0.720660487762	0.714902264452	0.705248135546	0.695953231412	0.707522368381	0.707048547331	0.720002084669	0.719392911283	0.724170713414	0.723948132545	0.709940548228	0.719345632375	0.716712503554	0.732835908111	0.684020400254	0.685960961807	0.697659185074	0.701453085058	0.730077612088	0.747280088958	0.759527562686	0.715956571793	0.699843531422	0.708985774825
AB7	0.76223059617	0.782534120788	0.704592295778	0.757964013173	0.753578407475	0.751167570298	0.777974099507	0.794294948116	0.764753871946	0.777659400814	0.755215399531	0.756175489263	0.76794521534	0.745071003855	0.783765381844	0.780493982811	0.770729580819	0.774492444139	0.0	0.542987637141	0.753084233816	0.760915830561	0.774846368145	0.791989933303	0.748303728133	0.782533362148	0.784111328879	0.787527122766	0.754758226068	0.635929451043	0.763362579595	0.76248308525	0.779004146049	0.796767062156	0.775237979018	0.792811269835	0.762573784674	0.764809382998	0.784177975626	0.78663376775	0.798302145484	0.738419138708	0.74597809816	0.774335951479	0.81190510483	0.802196510906	0.821990254176	0.814353797082	0.779358135219	0.81177462533	0.801913687835	0.799323112795	0.79056921918	0.793416388132	0.784326279034	0.8052672839	0.796596790796	0.817335726688	0.813183414306	0.796526540014	0.791679997951	0.813150518375
AB8	0.684844356528	0.69386681451	0.683936083534	0.684826406152	0.676506823978	0.671531101093	0.67756752821	0.673779714013	0.697559011814	0.668079690376	0.681941891513	0.670830837772	0.689965197546	0.669547942004	0.71048903793	0.680025962658	0.690430014257	0.658970005242	0.542987637141	0.0	0.641607622546	0.639735608582	0.670687599387	0.686358098715	0.691686591287	0.677397697232	0.688171595104	0.66027772704	0.520183508687	0.402799001975	0.688127535171	0.630962974228	0.703698366238	0.685443163515	0.682064521143	0.686675054615	0.664533381002	0.655445676002	0.671353229952	0.683764151278	0.684282904434	0.673336875829	0.671735072144	0.665850014381	0.706552953667	0.680158615741	0.724011198542	0.701716287598	0.675292329778	0.705807747382	0.682176880716	0.704282100442	0.653075166387	0.673737095975	0.683814536259	0.682780145953	0.693670204971	0.720613061826	0.716003599805	0.684006110428	0.674894698493	0.706187119995
AC7	0.687354548159	0.712770504482	0.722383722322	0.705563616949	0.707139102501	0.697736171929	0.713690541022	0.714619572931	0.724269020381	0.715423878376	0.687848098496	0.711236902582	0.681498722358	0.701099727607	0.722981397479	0.713300023848	0.648513216274	0.649784421582	0.753084233816	0.641607622546	0.0	0.498577035981	0.675187615815	0.675695400734	0.696135946472	0.690390379306	0.684456957097	0.611829225755	0.648784435817	0.645610190486	0.660341946864	0.648202870067	0.72390700222	0.696650025325	0.725832855223	0.725154664998	0.710466772546	0.701511003799	0.702379638803	0.725676237726	0.727929799468	0.713983683819	0.729185283553	0.708684406564	0.712132305189	0.695304809066	0.754591022165	0.757364294107	0.704255653132	0.741146745615	0.753450546646	0.748532995664	0.698799640829	0.691089855501	0.699427258461	0.695679103844	0.741028100984	0.756411874849	0.750643605796	0.723553352868	0.690917307875	0.75115203569
AC8	0.679779704511	0.668936961603	0.712705851059	0.6967460039	0.69238787421	0.684355766382	0.681561706911	0.677232992656	0.729107131583	0.67714389747	0.707999985219	0.679004388013	0.693772155502	0.706092645418	0.703903685705	0.67027821727	0.674430722847	0.658745640933	0.760915830561	0.639735608582	0.498577035981	0.0	0.673210625272	0.664180233488	0.70593995244	0.662973531231	0.499247212975	0.416612919559	0.655422650978	0.633307724013	0.702782826371	0.644709518055	0.710454510424	0.664291954953	0.710856294778	0.685425273183	0.694503201725	0.670103212943	0.676776713754	0.705012572132	0.68317202905	0.683415933703	0.682423020697	0.689533311539	0.690329823327	0.663606135601	0.715412853951	0.703738407431	0.67733461878	0.693078829023	0.691043684661	0.691956621849	0.662211127836	0.65059220671	0.685619074571	0.653109447285	0.702871252536	0.687013562395	0.716020462792	0.681406892436	0.671331745844	0.700460119482
AD7	0.661252321249	0.685598044689	0.719508499295	0.689479472283	0.713491277764	0.696420809042	0.706812841715	0.691013769193	0.672369755936	0.703905725948	0.677478936554	0.714307343514	0.674310984702	0.700144971511	0.674331843232	0.679804301939	0.671262429994	0.677104255435	0.774846368145	0.670687599387	0.675187615815	0.673210625272	0.0	0.469199744709	0.696903116624	0.504821030559	0.657173436023	0.672426206833	0.676008692813	0.664558868506	0.693989090661	0.658333040977	0.659731552554	0.692345671356	0.722360271357	0.712605919004	0.682950496563	0.677295362257	0.677968899702	0.705660995824	0.707327546142	0.68964384605	0.700744711585	0.690903557435	0.699929155646	0.698977178155	0.707044172266	0.70628407095	0.689269633907	0.714633345533	0.689043493149	0.7180687713	0.667275728929	0.67033709384	0.664363108994	0.68115459823	0.692377379966	0.727717730869	0.716275438276	0.696794582202	0.650727113221	0.689223200909
AD8	0.683517622702	0.698211680491	0.743043523319	0.692600387953	0.720440863027	0.692519683643	0.694247784195	0.67326315684	0.698736701304	0.692648277605	0.700146944765	0.712145327169	0.685583420711	0.70292095381	0.695883651204	0.685095911769	0.695156405204	0.691808154586	0.791989933303	0.686358098715	0.675695400734	0.664180233488	0.469199744709	0.0	0.610031593352	0.415194800942	0.648836975553	0.647652308322	0.65897480898	0.667222850009	0.703180157411	0.671393738472	0.696966857254	0.698203821984	0.719375748061	0.696923094537	0.698727194886	0.692945605935	0.691664481067	0.71122149957	0.703275716414	0.685660745438	0.694182994504	0.682652010013	0.702122608364	0.684351923433	0.715847160425	0.711820444961	0.689889744307	0.702111332667	0.69749518635	0.729036861288	0.685420321377	0.679039294871	0.668801183242	0.684750498105	0.698050675955	0.724240849242	0.719948762017	0.690975296584	0.683447947127	0.709621926308
AE7	0.727977839256	0.731328667732	0.703160445357	0.72804483908	0.710118469632	0.742066972591	0.726739361403	0.726761877825	0.746123716459	0.72947792496	0.758905913642	0.725739408187	0.726753329399	0.732965550753	0.731816664838	0.739444811592	0.708123647435	0.706723240491	0.748303728133	0.691686591287	0.696135946472	0.70593995244	0.696903116624	0.610031593352	0.0	0.505157466605	0.717873360679	0.698524814348	0.695474348943	0.701581789468	0.732931387636	0.699952551171	0.75098251706	0.75167553934	0.738378632053	0.746287886331	0.727549089692	0.743598472556	0.748582745775	0.755821467802	0.758383359792	0.740766190849	0.713515304667	0.732043481407	0.760196178042	0.750544961856	0.768586176524	0.778149375104	0.731531837543	0.774676792565	0.760684326969	0.774902192189	0.741446461942	0.738183140301	0.739660133658	0.752778063104	0.773439123743	0.791827372024	0.784154168229	0.756326717211	0.74793159469	0.773582772332
AE8	0.68922385149	0.684304415028	0.73653394009	0.712681548248	0.713380604253	0.703647388138	0.674944044631	0.66763516304	0.70848165002	0.678697543297	0.717794713961	0.691886285477	0.704991175064	0.707967062986	0.698250256654	0.691274551707	0.682559531892	0.672461921044	0.782533362148	0.677397697232	0.690390379306	0.662973531231	0.504821030559	0.415194800942	0.505157466605	0.0	0.66307299557	0.633591997577	0.646593153178	0.655111937131	0.717946653258	0.654753381041	0.691619632628	0.690991038581	0.720759754838	0.70494511328	0.706485668449	0.695148405325	0.699357353092	0.7244772821	0.718010744706	0.710068581516	0.711686136413	0.697773917037	0.705865026647	0.698888948743	0.716693676278	0.713303544092	0.693936721943	0.701967280168	0.711675069965	0.724486575482	0.684995778601	0.679631477112	0.686806935038	0.685702627301	0.70599999873	0.718528574853	0.736824660491	0.705077338343	0.689402011609	0.703635916884
AF7	0.663901344721	0.670966909365	0.704719366212	0.687021208535	0.710956752047	0.683419854315	0.683384198111	0.668425787429	0.672227583319	0.676425176427	0.691148500089	0.688562898203	0.675080510146	0.685092409348	0.685394454427	0.653968158614	0.662752706592	0.685679809801	0.784111328879	0.688171595104	0.684456957097	0.499247212975	0.657173436023	0.648836975553	0.717873360679	0.66307299557	0.0	0.443129858675	0.650214508134	0.665803107254	0.713095205975	0.653726690122	0.675099373398	0.705541223261	0.695184203075	0.674569878945	0.681331611253	0.685621447511	0.671710140284	0.705115170296	0.686257728664	0.678581045633	0.686509561946	0.675781853163	0.719915189993	0.703975220256	0.707516705232	0.694005687155	0.685811359763	0.695426588179	0.66900715527	0.707674306931	0.671045628551	0.667944848529	0.672519203824	0.673558947841	0.675354615156	0.707020600278	0.697898102003	0.700315527028	0.662985325125	0.69513502766
AF8	0.679206270573	0.682868762292	0.731875787301	0.704135184751	0.692975202524	0.703520493069	0.688699399277	0.667028628064	0.716405670924	0.680817357844	0.724542698669	0.681060967674	0.704530647406	0.711352719684	0.707239508289	0.673023123307	0.677181660363	0.658624330541	0.787527122766	0.66027772704	0.611829225755	0.416612919559	0.672426206833	0.647652308322	0.698524814348	0.633591997577	0.443129858675	0.0	0.650680994113	0.650646303588	0.713344894217	0.62609979703	0.703574248027	0.682475070279	0.708376270296	0.674852869678	0.685525255786	0.680493280004	0.676679959616	0.70960880412	0.685313311079	0.702052273603	0.705860778444	0.68163219877	0.687883103136	0.687319386113	0.716370140808	0.713170392135	0.680632254791	0.684480306637	0.676817420148	0.706141879762	0.655884568121	0.650170110327	0.685372345972	0.641617647918	0.688459585001	0.690540661063	0.713048272951	0.690566605895	0.663106032998	0.682853760005
AG7	0.694620797488	0.702517265345	0.712477240254	0.705809234883	0.721797307138	0.710026224219	0.702010500292	0.658341091331	0.658849940293	0.690745636893	0.704078409032	0.701598050869	0.688098474229	0.665678590993	0.69883970485	0.689307778633	0.670834370419	0.670039691118	0.754758226068	0.520183508687	0.648784435817	0.655422650978	0.676008692813	0.65897480898	0.695474348943	0.646593153178	0.650214508134	0.650680994113	0.0	0.445974860118	0.683551825042	0.651313495746	0.681488981405	0.700896797776	0.714530284143	0.69416210493	0.666571141063	0.678441375856	0.69512900078	0.71996544376	0.701357308182	0.69076209899	0.689442965666	0.672474059231	0.725258824741	0.685474406161	0.726971957571	0.721028826046	0.693994549104	0.710499530979	0.690823260239	0.727906250097	0.675092897692	0.695888291657	0.686354419804	0.696372815431	0.69783085686	0.725110751431	0.723772504601	0.711875457979	0.661645845172	0.722289082424
AG8	0.673410925854	0.692915821609	0.704901902461	0.702270388276	0.693924361358	0.671097606594	0.674968862116	0.652722545674	0.677814067295	0.660413295494	0.673972144636	0.676052021881	0.698394183437	0.674893011563	0.706476879255	0.676034960091	0.686384323867	0.660975689958	0.635929451043	0.402799001975	0.645610190486	0.633307724013	0.664558868506	0.667222850009	0.701581789468	0.655111937131	0.665803107254	0.650646303588	0.445974860118	0.0	0.688363432428	0.656766271488	0.677015202345	0.668662050542	0.69654560416	0.664971575763	0.653061171623	0.653227666001	0.659829052633	0.697056875484	0.673208649507	0.673578800079	0.675931397681	0.640755411125	0.691945956959	0.667492748446	0.712387660841	0.700570273097	0.682200789887	0.705462296124	0.688055162711	0.713259471272	0.661067036724	0.667523431574	0.674111788401	0.682054024501	0.692948302591	0.715597785402	0.706488171522	0.687770283936	0.678540475163	0.706057130428
AH7	0.730027354405	0.747939325251	0.741944018305	0.736894297342	0.74045930092	0.739918526686	0.722642333882	0.712616786663	0.74417514045	0.750046480473	0.715766442167	0.738311017987	0.727055991246	0.740706788644	0.749078418186	0.751399431302	0.707694142912	0.562895853572	0.763362579595	0.688127535171	0.660341946864	0.702782826371	0.693989090661	0.703180157411	0.732931387636	0.717946653258	0.713095205975	0.713344894217	0.683551825042	0.688363432428	0.0	0.523597357655	0.709380800884	0.765260395467	0.771139630548	0.759870004244	0.750059142723	0.739151793217	0.759559632161	0.753823609474	0.753933330026	0.733034187969	0.745912342197	0.7417308471	0.770721282336	0.767279632463	0.775939779199	0.768130405515	0.754359398228	0.774350275148	0.773466726523	0.788282985182	0.734155370998	0.73760592432	0.734671916978	0.742369000714	0.770055039296	0.800357159728	0.788981166113	0.760826290669	0.744048338078	0.735748582436
AH8	0.701169609134	0.698835392692	0.733451781962	0.701978436513	0.689024934094	0.694414309569	0.687782741176	0.682514347622	0.701115881443	0.670260761877	0.709128560031	0.68234255852	0.708434693064	0.717710944586	0.705483384135	0.694947583137	0.549426225336	0.416837327763	0.76248308525	0.630962974228	0.648202870067	0.644709518055	0.658333040977	0.671393738472	0.699952551171	0.654753381041	0.653726690122	0.62609979703	0.651313495746	0.656766271488	0.523597357655	0.0	0.684012263955	0.713023299307	0.730846631335	0.715986478558	0.700280015652	0.686729875264	0.72214804812	0.72119785353	0.709217583905	0.697130878426	0.702344056391	0.709699248821	0.716135744718	0.712043894564	0.72147893164	0.719748342846	0.712946402284	0.720235246975	0.714459932808	0.724845953485	0.68912230983	0.68778064965	0.694541830681	0.697317988365	0.713522976898	0.740474269782	0.740879733538	0.710844151836	0.697801086167	0.715632511542
AA5	0.661320133391	0.685986314503	0.717262754944	0.704070578805	0.695227226883	0.690175835053	0.706489229501	0.703988420076	0.630096780782	0.700847600207	0.642799390104	0.67280418611	0.696527002909	0.727998316006	0.682955769645	0.685491154569	0.67169121523	0.67935488704	0.779004146049	0.703698366238	0.72390700222	0.710454510424	0.659731552554	0.696966857254	0.75098251706	0.691619632628	0.675099373398	0.703574248027	0.681488981405	0.677015202345	0.709380800884	0.684012263955	0.0	0.614459494917	0.705818966672	0.684108598696	0.666754374518	0.659672928799	0.681185638742	0.695352495175	0.697769494738	0.648348611651	0.679071118006	0.668126838219	0.727944306317	0.682323840734	0.702693228306	0.720416208735	0.706712461521	0.700100935675	0.699198850704	0.723289666266	0.675773993072	0.69882936926	0.680827011097	0.704832129448	0.673302073938	0.724116067746	0.703874796982	0.700136389334	0.661823580734	0.709568761822
AA6	0.679389515562	0.682105142131	0.764062661633	0.716224872933	0.697678546465	0.670295649055	0.674346365533	0.678576810353	0.710986549973	0.665014058155	0.683922763067	0.672337374126	0.701371740726	0.719809670619	0.726364314023	0.680264225389	0.726656392178	0.719633095683	0.796767062156	0.685443163515	0.696650025325	0.664291954953	0.692345671356	0.698203821984	0.75167553934	0.690991038581	0.705541223261	0.682475070279	0.700896797776	0.668662050542	0.765260395467	0.713023299307	0.614459494917	0.0	0.702998574558	0.66282091273	0.648796358218	0.623696732918	0.660721390153	0.682325132549	0.66176316339	0.669568210837	0.689365294745	0.664509144232	0.46999167518	0.420181296961	0.686549286032	0.691810589627	0.672767516331	0.684986653094	0.682238692524	0.673884312384	0.661493818051	0.668357134889	0.697375361624	0.691687519753	0.667331040817	0.672380154327	0.686053536106	0.678680660188	0.652098075715	0.682197534526
AB5	0.66641115769	0.674048134026	0.702681459781	0.703905481347	0.683453310679	0.668050445889	0.672973919501	0.693506393214	0.697620734599	0.676589176208	0.666134931389	0.672783128807	0.697826964521	0.692738994371	0.695462580799	0.651081905576	0.713819259511	0.725014098598	0.775237979018	0.682064521143	0.725832855223	0.710856294778	0.722360271357	0.719375748061	0.738378632053	0.720759754838	0.695184203075	0.708376270296	0.714530284143	0.69654560416	0.771139630548	0.730846631335	0.705818966672	0.702998574558	0.0	0.442428401138	0.642981470568	0.668957010318	0.653895160015	0.636111994577	0.64804237192	0.694040332469	0.700195489932	0.660228554226	0.718757823564	0.699649977947	0.685771669019	0.691305723453	0.674181024283	0.713259118465	0.683102754112	0.700710000887	0.667199803359	0.682385054815	0.693262216449	0.689590665743	0.705229229214	0.688229072481	0.708524178145	0.700627074872	0.661390804811	0.698952794571
AB6	0.664853288586	0.656176729152	0.721103014867	0.70007597591	0.666406287494	0.646610254863	0.651459147824	0.667636819857	0.701762032135	0.65483070635	0.67055718686	0.643121442075	0.681900124886	0.691101036699	0.69140456526	0.647168396077	0.722504061676	0.710036253254	0.792811269835	0.686675054615	0.725154664998	0.685425273183	0.712605919004	0.696923094537	0.746287886331	0.70494511328	0.674569878945	0.674852869678	0.69416210493	0.664971575763	0.759870004244	0.715986478558	0.684108598696	0.66282091273	0.442428401138	0.0	0.657280824738	0.631705408107	0.616164709642	0.632449775557	0.618519452617	0.65787067337	0.665526467704	0.534618730022	0.689933912111	0.668758868714	0.675587436075	0.676082477871	0.663034394855	0.679269201585	0.66387569659	0.683338262563	0.661017204232	0.652900218493	0.67858453793	0.664687547898	0.676282767019	0.672778759823	0.675229411368	0.672370853299	0.662511515278	0.669115024904
AC5	0.635566667342	0.662567563941	0.719428629801	0.676488550256	0.685826100182	0.662200978483	0.67824443399	0.684673874941	0.660396296578	0.685797892921	0.650669353352	0.681883446305	0.687973236206	0.694136334038	0.682656156369	0.651864547827	0.665648961898	0.691048202122	0.762573784674	0.664533381002	0.710466772546	0.694503201725	0.682950496563	0.698727194886	0.727549089692	0.706485668449	0.681331611253	0.685525255786	0.666571141063	0.653061171623	0.750059142723	0.700280015652	0.666754374518	0.648796358218	0.642981470568	0.657280824738	0.0	0.499811882066	0.646262088274	0.658903229427	0.654190328933	0.6553657151	0.632813103305	0.641287769072	0.673856874413	0.651703081379	0.651918552434	0.701610869025	0.62737493519	0.674895960836	0.658342090805	0.656660522335	0.642125825482	0.646522366502	0.635298795801	0.666866129867	0.647901071127	0.664657428473	0.663654499605	0.682353387523	0.631530350182	0.680563137255
AC6	0.659689340445	0.642783854765	0.709445288554	0.660678463848	0.651172021416	0.646390873327	0.669367788686	0.679318994473	0.687771672022	0.667529842308	0.66916070872	0.660826387921	0.675255870637	0.692863948676	0.678567036495	0.650473877226	0.698465774814	0.696447398513	0.764809382998	0.655445676002	0.701511003799	0.670103212943	0.677295362257	0.692945605935	0.743598472556	0.695148405325	0.685621447511	0.680493280004	0.678441375856	0.653227666001	0.739151793217	0.686729875264	0.659672928799	0.623696732918	0.668957010318	0.631705408107	0.499811882066	0.0	0.6295535431	0.643853934911	0.642347427289	0.537477585282	0.51287230608	0.621836113699	0.663719269611	0.640511562531	0.653431315553	0.676315071844	0.631442700016	0.651631619304	0.668420537114	0.673091172998	0.653895392719	0.645878579064	0.66074204267	0.6570191531	0.638236665701	0.657332331599	0.652954373437	0.641903282668	0.637743711495	0.672478422461
AD6	0.664919778477	0.656085722038	0.741916251652	0.704110872513	0.674335378668	0.645243432241	0.610984993427	0.635879067464	0.671381885797	0.609617466007	0.678632403023	0.658529391778	0.688800144869	0.706443223237	0.69294255907	0.647071181738	0.716691920892	0.720660487762	0.784177975626	0.671353229952	0.702379638803	0.676776713754	0.677968899702	0.691664481067	0.748582745775	0.699357353092	0.671710140284	0.676679959616	0.69512900078	0.659829052633	0.759559632161	0.72214804812	0.681185638742	0.660721390153	0.653895160015	0.616164709642	0.646262088274	0.6295535431	0.0	0.543364185197	0.419189527135	0.638192931776	0.638096069338	0.648734614381	0.680187732045	0.668596955529	0.672617595167	0.685280829347	0.644578356032	0.646405184074	0.67355087774	0.683424762352	0.649108888222	0.647414881386	0.662593853255	0.652459803886	0.653023850627	0.686526080078	0.662640178456	0.654954207997	0.643813633091	0.665373021121
AE5	0.666838547038	0.662170561664	0.738502484252	0.697701183577	0.652618252756	0.656747685557	0.644375913892	0.665900461673	0.68827257693	0.644326164986	0.671099317788	0.630013645157	0.69397059238	0.703218075184	0.701367094224	0.666759951787	0.742873224299	0.714902264452	0.78663376775	0.683764151278	0.725676237726	0.705012572132	0.705660995824	0.71122149957	0.755821467802	0.7244772821	0.705115170296	0.70960880412	0.71996544376	0.697056875484	0.753823609474	0.72119785353	0.695352495175	0.682325132549	0.636111994577	0.632449775557	0.658903229427	0.643853934911	0.543364185197	0.0	0.38377575307	0.674207473649	0.663630130606	0.652854139573	0.688117502839	0.674593088761	0.682397030294	0.672700224264	0.656977915759	0.65397172976	0.657693894434	0.677417580146	0.632063129966	0.65488309744	0.665640942081	0.650300089774	0.650860679332	0.692379049643	0.680783403027	0.636622114297	0.641324643936	0.674754764098
AE6	0.669342317844	0.653352515886	0.750659279516	0.713513291685	0.662815822826	0.652227785585	0.61206174672	0.63582548614	0.689903888223	0.604397174931	0.685014595063	0.63245211517	0.698368700507	0.700311242451	0.691045754038	0.626395054553	0.734213519969	0.705248135546	0.798302145484	0.684282904434	0.727929799468	0.68317202905	0.707327546142	0.703275716414	0.758383359792	0.718010744706	0.686257728664	0.685313311079	0.701357308182	0.673208649507	0.753933330026	0.709217583905	0.697769494738	0.66176316339	0.64804237192	0.618519452617	0.654190328933	0.642347427289	0.419189527135	0.38377575307	0.0	0.66211995775	0.656055507196	0.64626800645	0.676304396133	0.662422821054	0.684163436598	0.659325922976	0.643794264332	0.632271175037	0.666665531353	0.679830951803	0.630149088157	0.634911851187	0.66486627609	0.642429752382	0.657291028025	0.679646828646	0.666203790753	0.638816867954	0.644608297825	0.650663615127
AF5	0.676005462702	0.666726012223	0.696991743383	0.642810929746	0.647550119796	0.656735344258	0.671478583998	0.677026209854	0.659363648374	0.674508896528	0.685981978526	0.665775423473	0.646596756245	0.66516248768	0.678443542916	0.660819002792	0.688971462408	0.695953231412	0.738419138708	0.673336875829	0.713983683819	0.683415933703	0.68964384605	0.685660745438	0.740766190849	0.710068581516	0.678581045633	0.702052273603	0.69076209899	0.673578800079	0.733034187969	0.697130878426	0.648348611651	0.669568210837	0.694040332469	0.65787067337	0.6553657151	0.537477585282	0.638192931776	0.674207473649	0.66211995775	0.0	0.426568903492	0.644665476851	0.702582635392	0.675997057238	0.701303248421	0.709672325866	0.658646300206	0.656101993481	0.690463540739	0.715265594751	0.666167368616	0.684389893845	0.686212597824	0.694036914134	0.670020472765	0.696837915804	0.693333144267	0.668791285683	0.660408082478	0.697125874594
AF6	0.684534253118	0.671275861042	0.708599736383	0.661452918047	0.6631623879	0.657135291421	0.672984676659	0.686478424687	0.676895522833	0.680786816582	0.690831110863	0.669270137957	0.670016971103	0.671220316531	0.697610476497	0.670617602138	0.708814405263	0.707522368381	0.74597809816	0.671735072144	0.729185283553	0.682423020697	0.700744711585	0.694182994504	0.713515304667	0.711686136413	0.686509561946	0.705860778444	0.689442965666	0.675931397681	0.745912342197	0.702344056391	0.679071118006	0.689365294745	0.700195489932	0.665526467704	0.632813103305	0.51287230608	0.638096069338	0.663630130606	0.656055507196	0.426568903492	0.0	0.644671619264	0.720532791407	0.682482583189	0.698132103098	0.704287212482	0.658659516251	0.657526436178	0.69083882558	0.709830881965	0.674900399927	0.68188250386	0.69197959165	0.701628695947	0.664290533941	0.686597200311	0.68810257199	0.656984373211	0.676284573619	0.702385998641
