	AA3	AA4	AB3	AB4	AC3	AC4	AD3	AD4	AE3	AE4	AF3	AF4	AG3	AG4	AH3	AH4	AA7	AA8	AB7	AB8	AC7	AC8	AD7	AD8	AE7	AE8	AF7	AF8	AG7	AG8	AH7	AH8	AA5	AA6	AB5	AB6	AC5	AC6	AD6	AE5	AE6	AF5	AF6	AG5	AH5	AH6	AA1	AA2	AB1	AB2	AC1	AC2	AD1	AD2	AE1	AE2	AF1	AF2	AG1	AG2	AH1	AH2
AA3	0.0	0.497883735433	0.706029991639	0.653536939233	0.669434512639	0.674494973927	0.707685859591	0.693461185945	0.666279071846	0.706180940566	0.659357334573	0.670356699498	0.649137156687	0.627996083782	0.680208719555	0.506228131469	0.684257486883	0.693494098219	0.756533671377	0.699710599892	0.70676169259	0.681327661545	0.689585061555	0.697503106819	0.730846096501	0.712687368383	0.672818235873	0.686775860529	0.707535681275	0.686726634056	0.734756069129	0.701990180644	0.65555665857	0.699711328023	0.673486376716	0.679570396785	0.640281274816	0.651613080202	0.678750271849	0.677256864913	0.674348613749	0.691830964412	0.680933820795	0.673581572792	0.70725290397	0.692162118684	0.665559049355	0.685534299752	0.652956547463	0.688320686622	0.69015096685	0.681411506641	0.654507752399	0.679522832262	0.672211061805	0.675379365442	0.649787346852	0.68302006289	0.654494273525	0.694770717301	0.660711833192	0.694038732127
AA4	0.497883735433	0.0	0.705897607712	0.642697588957	0.676238988368	0.640803727921	0.676872821982	0.653415417102	0.684133449838	0.675400632136	0.66415289381	0.653926976679	0.667040300804	0.643985143642	0.497239388168	0.379930436796	0.67996052525	0.688878974097	0.768559050057	0.683273359005	0.714450613068	0.66334622404	0.684658066484	0.687891564856	0.728983463824	0.67668772829	0.653262057783	0.664183551527	0.695565080956	0.670766382173	0.744263232239	0.683835341254	0.673468097042	0.688051703263	0.666857932851	0.642346187021	0.655211695935	0.634664161844	0.656051952242	0.654748477169	0.645103363321	0.683278265511	0.658779630199	0.658060301176	0.680777364191	0.668741511071	0.650218799457	0.633502740407	0.648156952402	0.650604475158	0.662542494023	0.6571760766	0.665034643029	0.646319938677	0.657598410445	0.660192027936	0.647572762833	0.662002345881	0.631972459533	0.662790190373	0.651733490517	0.657949942572
AB3	0.706029991639	0.705897607712	0.0	0.632897430442	0.714543436877	0.709103176316	0.748736806892	0.743394584364	0.712478101846	0.746632595568	0.709305671663	0.736299418649	0.691471459482	0.573074330188	0.688850642633	0.711878427986	0.704273687489	0.731758784628	0.70948049309	0.684274469996	0.696964737611	0.713365159507	0.733682332792	0.736679480483	0.706113595809	0.731580341608	0.707647390782	0.708106658926	0.675203124774	0.693363511295	0.723320505985	0.726976086218	0.710696255897	0.775367756163	0.714266815007	0.730412431383	0.716058775844	0.735889915168	0.748350204038	0.751812334143	0.763302559654	0.729081426182	0.722663810716	0.735200265395	0.793324428021	0.784754465536	0.770592140947	0.772620702712	0.716560061188	0.764262297128	0.749989776314	0.778189743147	0.743591341653	0.753963063617	0.750536601894	0.754747348795	0.757123214457	0.782680947035	0.757261115496	0.760484864927	0.730118009833	0.76691905976
AB4	0.653536939233	0.642697588957	0.632897430442	0.0	0.694591508546	0.676611618417	0.703427732371	0.687481261861	0.703412575535	0.696464307802	0.669418757572	0.687815478656	0.430674681915	0.439831061858	0.670510388711	0.632080240072	0.703501540686	0.688072011372	0.754156250653	0.672371507584	0.697910971556	0.678641752342	0.683841643859	0.685289216918	0.730706145412	0.687068770916	0.663095999098	0.67158714057	0.675061849855	0.677931952696	0.734468482328	0.698337158127	0.688173428871	0.705674331193	0.685365877334	0.679772113455	0.673772282111	0.667031662116	0.688682920757	0.684453834949	0.68994266735	0.662319262419	0.657314282343	0.685513877504	0.715920289785	0.718579996375	0.698201162085	0.695441153475	0.648683051789	0.696070594264	0.694107195307	0.704241505765	0.656296113039	0.685802241292	0.696758688746	0.670468236892	0.693761854732	0.711177542399	0.678100151969	0.685310246493	0.682271437364	0.699404034414
AC3	0.669434512639	0.676238988368	0.714543436877	0.694591508546	0.0	0.511474029239	0.684079399888	0.669294167209	0.669787651221	0.680094004187	0.677585069391	0.442563635386	0.698146777507	0.681408382603	0.684750054361	0.67196465502	0.690702846689	0.716066366833	0.760219411646	0.690737780528	0.721939368051	0.697880561446	0.724726214047	0.728589011451	0.722719533279	0.714943067163	0.720861085375	0.705892450305	0.716141210682	0.689830909996	0.767772285515	0.701439575629	0.666386683787	0.70208388959	0.685578825942	0.675017720339	0.685190567703	0.679052242227	0.673691688883	0.656277720247	0.659701992373	0.674279798052	0.675407108577	0.683338812548	0.719535455262	0.71142789369	0.709753604594	0.703177358713	0.688656279674	0.68306106953	0.700406864418	0.700292727567	0.682331481486	0.68555689621	0.684221325236	0.695244390515	0.692337886762	0.692415205364	0.688696611387	0.685797116131	0.690162148544	0.709085615505
AC4	0.674494973927	0.640803727921	0.709103176316	0.676611618417	0.511474029239	0.0	0.659662609263	0.632642292043	0.674923133112	0.657593166603	0.507850910624	0.410147099359	0.683661084505	0.669226919909	0.667317488965	0.633770143645	0.676109759321	0.685185303625	0.741656289121	0.671224006844	0.705089770866	0.66119600169	0.710627418608	0.702840209517	0.7397792185	0.698284361196	0.689565435954	0.68149512627	0.711768271063	0.661737293488	0.729689389526	0.686688251916	0.674366068822	0.673014262902	0.647518107838	0.628869177644	0.664194050728	0.633423335847	0.638324742603	0.649121858681	0.640554336551	0.667341775353	0.648690817446	0.6636927995	0.675274623644	0.663712479386	0.709555479358	0.692753228676	0.676276833122	0.666368350059	0.688795321503	0.676505122455	0.68058490043	0.678968976892	0.688696391405	0.685649039034	0.667964111568	0.678094126157	0.671326865866	0.672779518587	0.67167740913	0.683679414792
AD3	0.707685859591	0.676872821982	0.748736806892	0.703427732371	0.684079399888	0.659662609263	0.0	0.40525154784	0.680281183724	0.328014362305	0.711809236916	0.660728232184	0.716453211116	0.691554272464	0.699826503842	0.666353883581	0.711684563788	0.702337772439	0.772969143052	0.665785843231	0.720380547197	0.682740629447	0.724135887302	0.697178697597	0.729735997017	0.692309169665	0.705664671513	0.684590299277	0.710579699522	0.671382128062	0.730445698176	0.685649261572	0.707750761394	0.671186555658	0.677659211865	0.678869764837	0.695770687552	0.669674505467	0.646248004381	0.651834794046	0.632227186499	0.685815717999	0.673137540423	0.702319860015	0.69764437326	0.691076401909	0.708971556167	0.674329453971	0.681386469079	0.664499495153	0.706978908759	0.693455978895	0.687775792788	0.680044556798	0.700411049591	0.67667381951	0.700418982149	0.686188733457	0.684864324585	0.657128387743	0.715032805817	0.632505496812
AD4	0.693461185945	0.653415417102	0.743394584364	0.687481261861	0.669294167209	0.632642292043	0.40525154784	0.0	0.620254625611	0.373528039825	0.681062135103	0.646965630177	0.704958452639	0.68216539539	0.67808335735	0.649524692466	0.700924809638	0.687496974634	0.77764942016	0.636548285012	0.721863479323	0.662871123863	0.699012473119	0.672256607561	0.724446751817	0.678227977574	0.681009095602	0.664714754238	0.657141013141	0.641540976878	0.704946402057	0.67275530697	0.685722177985	0.66561547498	0.663868800264	0.649415051524	0.66853524895	0.658499864283	0.626585640164	0.620571472917	0.608154642233	0.692467772354	0.670181593007	0.68444097033	0.681504987539	0.6615730399	0.690339578805	0.664986753765	0.667708809847	0.654953871424	0.692070791836	0.686152984679	0.663108761589	0.654928817866	0.667803321106	0.66389008133	0.679181132728	0.682320775149	0.666504748057	0.663691710827	0.686629699437	0.635558659275
AE3	0.666279071846	0.684133449838	0.712478101846	0.703412575535	0.669787651221	0.674923133112	0.680281183724	0.620254625611	0.0	0.643689570774	0.675483758641	0.672421224052	0.689815869239	0.673323504017	0.686482586391	0.665761667349	0.654213533567	0.678362653115	0.768514279439	0.697155501955	0.728608883257	0.715224886224	0.67076476339	0.691112377086	0.749826425407	0.705855029063	0.686885776679	0.71185780522	0.667849891956	0.675015361033	0.739725242089	0.690605433658	0.629787593888	0.702285515762	0.698439653649	0.705613242841	0.658365891503	0.666989122565	0.677315261719	0.677116379197	0.692603953465	0.684146940259	0.675063525134	0.683887502489	0.730919460625	0.71749366588	0.713445728466	0.71907453017	0.709557212701	0.721866841485	0.697672263722	0.723861318463	0.691311536098	0.694714788248	0.669772729238	0.713443407841	0.70472865293	0.727558607168	0.710236137166	0.711553302022	0.674327582314	0.729670479541
AE4	0.706180940566	0.675400632136	0.746632595568	0.696464307802	0.680094004187	0.657593166603	0.328014362305	0.373528039825	0.643689570774	0.0	0.703405734453	0.650067714354	0.713087058039	0.69516001601	0.695876563593	0.657109918055	0.716091288084	0.69414136111	0.776000617686	0.654347078103	0.723579963464	0.674851006354	0.712674405021	0.691553833623	0.732973460689	0.687950633232	0.695250809356	0.676216899675	0.702021969255	0.662995664316	0.718415083726	0.671512758725	0.693426970207	0.65812710574	0.683688661087	0.673993403489	0.694532410799	0.666996139005	0.640667579837	0.651699150542	0.619668351163	0.685415565506	0.676025167474	0.68396684043	0.694691887393	0.690649739035	0.697906558088	0.659840272633	0.689241010064	0.669171918451	0.704496723181	0.684464182881	0.684680628712	0.67768876329	0.689791536138	0.675850348202	0.70408445331	0.689487027662	0.694635266571	0.670389014919	0.701142493326	0.63288262623
AF3	0.659357334573	0.66415289381	0.709305671663	0.669418757572	0.677585069391	0.507850910624	0.711809236916	0.681062135103	0.675483758641	0.703405734453	0.0	0.542230292837	0.672004208056	0.658509706587	0.673888956636	0.662997303917	0.671448992741	0.67735798537	0.754012689047	0.690429463201	0.683715586335	0.704015322321	0.683091461892	0.694190219732	0.76344881641	0.724320618414	0.695420384605	0.715798058323	0.700307646613	0.668471794232	0.717843017148	0.70153022293	0.655625760376	0.694791126362	0.664948677871	0.677589404138	0.65409954608	0.654172611024	0.683055133033	0.674421004927	0.680172264399	0.690337475495	0.679502003921	0.680765125259	0.694791484989	0.685081899335	0.722521433422	0.728832466397	0.686519452567	0.720516120241	0.70915555309	0.716817854625	0.694889084082	0.707073816088	0.701605216746	0.711632818492	0.677015905352	0.712838830469	0.67461664268	0.71615575623	0.668702179269	0.719971386853
AF4	0.670356699498	0.653926976679	0.736299418649	0.687815478656	0.442563635386	0.410147099359	0.660728232184	0.646965630177	0.672421224052	0.650067714354	0.542230292837	0.0	0.698170687264	0.684825919616	0.690132009696	0.637911230378	0.694656223341	0.699281539211	0.765710839393	0.673247191501	0.708298383114	0.676172086463	0.724015226672	0.711761202505	0.745978510931	0.701217949916	0.711342552775	0.691671498263	0.720877692369	0.676589942282	0.756274426437	0.681424727948	0.649928061158	0.654578242528	0.677599195584	0.660742956006	0.675389106846	0.644803759594	0.66526427582	0.642043138396	0.641362365773	0.66496275788	0.673709679066	0.669933540351	0.675279514833	0.666111367625	0.705537206663	0.699522282712	0.677831562144	0.66863748092	0.683611878044	0.672945733141	0.670773006568	0.675160594741	0.695894908057	0.683405612621	0.676478738553	0.66805119565	0.674765692383	0.662483997186	0.672185238811	0.675313805347
AG3	0.649137156687	0.667040300804	0.691471459482	0.430674681915	0.698146777507	0.683661084505	0.716453211116	0.704958452639	0.689815869239	0.713087058039	0.672004208056	0.698170687264	0.0	0.508633385978	0.686300764477	0.669236755012	0.66909139074	0.690562507411	0.763097718149	0.701819390839	0.677821084936	0.69178932054	0.685453213283	0.679393790282	0.721611076338	0.697588625926	0.681596970368	0.690045869436	0.703068975995	0.682488533637	0.730560732171	0.693043997722	0.679290922008	0.702514948647	0.683945977915	0.678823725831	0.678422256221	0.680117081696	0.688856318588	0.697594565757	0.693129111507	0.673306451654	0.669638169179	0.69914493645	0.715272054031	0.704348949911	0.695334176732	0.710110314197	0.651711225027	0.707477817662	0.706955379163	0.714507106472	0.685643361672	0.691460464966	0.696614683938	0.687448778662	0.701538751157	0.728355790811	0.693711946861	0.703178430762	0.689890900634	0.722736372285
AG4	0.627996083782	0.643985143642	0.573074330188	0.439831061858	0.681408382603	0.669226919909	0.691554272464	0.68216539539	0.673323504017	0.69516001601	0.658509706587	0.684825919616	0.508633385978	0.0	0.67099875289	0.64097905849	0.695448584788	0.705858826073	0.727383516006	0.668795193522	0.708237263641	0.688436566841	0.689714361911	0.695710569017	0.714380254737	0.69645376993	0.673033019954	0.69044230146	0.669228700056	0.664756264434	0.744468638192	0.72291140273	0.687449233251	0.721019553297	0.651629610476	0.676556661288	0.658968343796	0.673296671342	0.680783081676	0.676568793882	0.692235910234	0.656558930485	0.640585131467	0.68967320013	0.725014688477	0.718631347432	0.686300153404	0.693822066234	0.626893923359	0.682084644917	0.664124442702	0.692856230082	0.670451776464	0.68612727979	0.691006452136	0.690404156986	0.686307642708	0.709069288298	0.677839110147	0.677201768261	0.684498698501	0.707472157278
AH3	0.680208719555	0.497239388168	0.688850642633	0.670510388711	0.684750054361	0.667317488965	0.699826503842	0.67808335735	0.686482586391	0.695876563593	0.673888956636	0.690132009696	0.686300764477	0.67099875289	0.0	0.541294379652	0.681941888454	0.707183038909	0.763847536677	0.703695801743	0.724130861156	0.701091025084	0.688937416192	0.702495006155	0.724874062901	0.697469086443	0.684781869503	0.695535896314	0.705622198831	0.688323541857	0.753918214893	0.705028054153	0.664439559362	0.718410408411	0.69092128001	0.695751530998	0.674101279474	0.676508489272	0.68706792091	0.684661940627	0.689325696552	0.706806844987	0.687708885237	0.688662794834	0.731645909775	0.717084832092	0.708984691802	0.691626571413	0.693875742984	0.701285125229	0.70076758269	0.725586892551	0.699857646109	0.682427178054	0.676575019999	0.703489504339	0.702363146184	0.71678154971	0.694132303805	0.70283731692	0.701821736859	0.71374312056
AH4	0.506228131469	0.379930436796	0.711878427986	0.632080240072	0.67196465502	0.633770143645	0.666353883581	0.649524692466	0.665761667349	0.657109918055	0.662997303917	0.637911230378	0.669236755012	0.64097905849	0.541294379652	0.0	0.688570008707	0.683044459527	0.776755667247	0.68373502616	0.712725203626	0.663745003093	0.684741211732	0.684549583402	0.734456621358	0.686685534777	0.65301081316	0.659473994905	0.67866190628	0.673697969692	0.74868659044	0.673362489232	0.665924258386	0.681765893962	0.676656013122	0.654142405093	0.669075623494	0.642133135056	0.640992745178	0.65867142818	0.643496005829	0.674631980556	0.663799626919	0.668061611458	0.686641414112	0.683071196023	0.674645725002	0.64021713131	0.656849244705	0.65913394394	0.665162097355	0.669542331933	0.654989764808	0.654860929539	0.670474820229	0.667877226931	0.667795780884	0.665986971605	0.642474036304	0.641387192429	0.665500702026	0.641520919803
AA7	0.684257486883	0.67996052525	0.704273687489	0.703501540686	0.690702846689	0.676109759321	0.711684563788	0.700924809638	0.654213533567	0.716091288084	0.671448992741	0.694656223341	0.66909139074	0.695448584788	0.681941888454	0.688570008707	0.0	0.504071865394	0.76133607451	0.683711069142	0.650248437257	0.670431568791	0.659072933057	0.674827618298	0.69788347488	0.698754433047	0.65834207933	0.677379037596	0.670028461668	0.672591623827	0.706151016	0.560298982338	0.657987141455	0.727777550572	0.705569216516	0.707120509602	0.670199454852	0.689011327352	0.699322622565	0.734934101113	0.720524519853	0.710315719523	0.693370877098	0.714771539057	0.727283308821	0.719020340417	0.736750865588	0.722749652182	0.703004265049	0.749247532266	0.709227489368	0.738760007412	0.70139617774	0.697275741193	0.681319802312	0.708871965804	0.729549140563	0.732635607408	0.723178758835	0.742912259288	0.691465145256	0.725945403714
AA8	0.693494098219	0.688878974097	0.731758784628	0.688072011372	0.716066366833	0.685185303625	0.702337772439	0.687496974634	0.678362653115	0.69414136111	0.67735798537	0.699281539211	0.690562507411	0.705858826073	0.707183038909	0.683044459527	0.504071865394	0.0	0.769528127363	0.64531714892	0.64668764674	0.650473294379	0.67119683015	0.667347438984	0.710869786701	0.686116376466	0.651387513498	0.671691704576	0.66050637281	0.665279948071	0.57591108543	0.429842216833	0.679520406738	0.722795956835	0.716338871721	0.714090686261	0.686162736441	0.693649068155	0.698050495002	0.705456688614	0.700435540033	0.716330844334	0.696572513313	0.703597406874	0.715987568815	0.717690872553	0.72356394103	0.702212374408	0.703277879291	0.739765407928	0.719732167096	0.737694154261	0.691149943172	0.690628775482	0.704637449529	0.689675206682	0.733091161183	0.721350963032	0.725771665092	0.732948637024	0.71448052829	0.708497270631
AB7	0.756533671377	0.768559050057	0.70948049309	0.754156250653	0.760219411646	0.741656289121	0.772969143052	0.77764942016	0.768514279439	0.776000617686	0.754012689047	0.765710839393	0.763097718149	0.727383516006	0.763847536677	0.776755667247	0.76133607451	0.769528127363	0.0	0.569583021313	0.744972320766	0.751083045926	0.77376696376	0.785637896907	0.740982582564	0.76741090636	0.770310025967	0.768780980115	0.74740500741	0.625824173641	0.756544955234	0.771096936399	0.776202148884	0.790396189725	0.768073689471	0.782438033585	0.758255689531	0.762586360979	0.788389026357	0.788540323777	0.787505790379	0.726423445761	0.737046472015	0.777853712154	0.812176055652	0.798158307223	0.815066162683	0.810819911871	0.774662085095	0.791738730421	0.802775065454	0.801418062627	0.792001531493	0.794255310552	0.780592728153	0.788484315214	0.788718241009	0.803303380003	0.800273321347	0.797642509263	0.792954688152	0.800301744328
AB8	0.699710599892	0.683273359005	0.684274469996	0.672371507584	0.690737780528	0.671224006844	0.665785843231	0.636548285012	0.697155501955	0.654347078103	0.690429463201	0.673247191501	0.701819390839	0.668795193522	0.703695801743	0.68373502616	0.683711069142	0.64531714892	0.569583021313	0.0	0.654700322819	0.624132564335	0.694420402188	0.675221709982	0.685198644987	0.658389162806	0.674476003407	0.639250769679	0.513554071543	0.405264419526	0.685230512834	0.634080631733	0.693388543085	0.700004788864	0.689425071385	0.682704871935	0.669620677165	0.662807004243	0.683971061755	0.686950320707	0.674530305257	0.681725024521	0.668508189647	0.664323471976	0.710996322877	0.691091267318	0.729124680812	0.70361668139	0.671500769036	0.69696203951	0.702765221486	0.717163205031	0.671753139638	0.678567666541	0.689366161118	0.6857090882	0.701501905688	0.719475620449	0.702353515918	0.697591221669	0.688853653439	0.698738372746
AC7	0.70676169259	0.714450613068	0.696964737611	0.697910971556	0.721939368051	0.705089770866	0.720380547197	0.721863479323	0.728608883257	0.723579963464	0.683715586335	0.708298383114	0.677821084936	0.708237263641	0.724130861156	0.712725203626	0.650248437257	0.64668764674	0.744972320766	0.654700322819	0.0	0.502016631749	0.684387075122	0.668877079901	0.69321464446	0.698894075367	0.686498799988	0.596815500679	0.648764552509	0.645909630064	0.657017555285	0.655826121982	0.716444823045	0.698689146385	0.722349768474	0.728747393648	0.708512713995	0.722023832791	0.717518440307	0.734655631235	0.716711933902	0.729824943536	0.724338763345	0.722584910146	0.704195013545	0.692264662652	0.755318892721	0.756796344511	0.690574769574	0.735266368097	0.768164671325	0.756033748015	0.713881797759	0.688773724074	0.711927059104	0.697398920086	0.741331552374	0.718966867406	0.747253566355	0.741924071876	0.707615080961	0.739725545284
AC8	0.681327661545	0.66334622404	0.713365159507	0.678641752342	0.697880561446	0.66119600169	0.682740629447	0.662871123863	0.715224886224	0.674851006354	0.704015322321	0.676172086463	0.69178932054	0.688436566841	0.701091025084	0.663745003093	0.670431568791	0.650473294379	0.751083045926	0.624132564335	0.502016631749	0.0	0.690470073033	0.646698271112	0.700439823465	0.662585348135	0.496258376957	0.415547607446	0.630738663155	0.612216511322	0.693495213067	0.641745594369	0.69657447661	0.662988897214	0.692988583462	0.686465818392	0.677494147467	0.675663360192	0.675347204057	0.704358464774	0.675043891314	0.696373099123	0.688744078527	0.686546770397	0.67403610953	0.65736680145	0.716054171946	0.695995534575	0.650912031108	0.685834162268	0.706094015799	0.6887184553	0.674360558791	0.65365419868	0.67641905345	0.663567495862	0.687211509852	0.665907260996	0.697960675983	0.704884543386	0.687630670967	0.681583436261
AD7	0.689585061555	0.684658066484	0.733682332792	0.683841643859	0.724726214047	0.710627418608	0.724135887302	0.699012473119	0.67076476339	0.712674405021	0.683091461892	0.724015226672	0.685453213283	0.689714361911	0.688937416192	0.684741211732	0.659072933057	0.67119683015	0.77376696376	0.694420402188	0.684387075122	0.690470073033	0.0	0.458740009855	0.70937011923	0.505789827348	0.669026573478	0.675198620515	0.653277030402	0.678334469601	0.700293457015	0.660740346446	0.651223004068	0.702306984747	0.723153143832	0.710486635325	0.688987019768	0.682512030549	0.702501137632	0.708202730928	0.695468404474	0.709698131672	0.680182391112	0.709263666043	0.706582688207	0.697059349448	0.725296635225	0.697492378939	0.676528385889	0.722712931565	0.689346642322	0.725951896495	0.68259781706	0.664560792576	0.658148960334	0.699604269283	0.691546591919	0.69858896089	0.691767122899	0.720019089499	0.672027549787	0.72163851667
AD8	0.697503106819	0.687891564856	0.736679480483	0.685289216918	0.728589011451	0.702840209517	0.697178697597	0.672256607561	0.691112377086	0.691553833623	0.694190219732	0.711761202505	0.679393790282	0.695710569017	0.702495006155	0.684549583402	0.674827618298	0.667347438984	0.785637896907	0.675221709982	0.668877079901	0.646698271112	0.458740009855	0.0	0.601035345164	0.402508218065	0.642137149725	0.649935272035	0.647113372297	0.66516421395	0.694409098088	0.656760981381	0.684024133757	0.68721288379	0.715018051299	0.700192017927	0.683249495132	0.684106020295	0.704907356634	0.704051839083	0.686436880565	0.713269124909	0.678314108876	0.709584394412	0.689342285438	0.67594020005	0.712632417828	0.704808833049	0.67435271938	0.714099873618	0.6980346309	0.730932356409	0.695995500332	0.665001043578	0.660194652783	0.687423838979	0.70146386299	0.712229810584	0.701987073411	0.714007379074	0.683915025261	0.723685342199
AE7	0.730846096501	0.728983463824	0.706113595809	0.730706145412	0.722719533279	0.7397792185	0.729735997017	0.724446751817	0.749826425407	0.732973460689	0.76344881641	0.745978510931	0.721611076338	0.714380254737	0.724874062901	0.734456621358	0.69788347488	0.710869786701	0.740982582564	0.685198644987	0.69321464446	0.700439823465	0.70937011923	0.601035345164	0.0	0.501558030602	0.705390550392	0.688477233186	0.696618218749	0.695175316187	0.733760905719	0.690225697659	0.733332268917	0.758783406654	0.734681761901	0.754762041266	0.725637040142	0.749976964267	0.758709063923	0.76937195258	0.761620106422	0.751124845528	0.724112377372	0.747260645457	0.760989443185	0.754960696551	0.767755383277	0.770840663586	0.718688396578	0.759542862475	0.767915264746	0.78932084271	0.747644046778	0.743603443058	0.732209296311	0.747793667743	0.781025144107	0.781048111561	0.776558973999	0.76440785814	0.752778625083	0.783825523212
AE8	0.712687368383	0.67668772829	0.731580341608	0.687068770916	0.714943067163	0.698284361196	0.692309169665	0.678227977574	0.705855029063	0.687950633232	0.724320618414	0.701217949916	0.697588625926	0.69645376993	0.697469086443	0.686685534777	0.698754433047	0.686116376466	0.76741090636	0.658389162806	0.698894075367	0.662585348135	0.505789827348	0.402508218065	0.501558030602	0.0	0.660580555549	0.649984485608	0.65560812424	0.66504587313	0.716781671046	0.664246474263	0.68511105727	0.700386223052	0.715394723713	0.711802080547	0.70425334289	0.696199360536	0.720547486603	0.718352360183	0.707650123732	0.710586992855	0.680015601252	0.698413078687	0.699374510219	0.693998962516	0.722102223406	0.702652850429	0.683533443479	0.707406133198	0.702212867213	0.728056092853	0.679691291113	0.674889642637	0.678107509136	0.693933570588	0.711164741355	0.719430521172	0.711916710199	0.710737566184	0.696252100233	0.718254125671
AF7	0.672818235873	0.653262057783	0.707647390782	0.663095999098	0.720861085375	0.689565435954	0.705664671513	0.681009095602	0.686885776679	0.695250809356	0.695420384605	0.711342552775	0.681596970368	0.673033019954	0.684781869503	0.65301081316	0.65834207933	0.651387513498	0.770310025967	0.674476003407	0.686498799988	0.496258376957	0.669026573478	0.642137149725	0.705390550392	0.660580555549	0.0	0.457298819963	0.652129791612	0.655772023667	0.718280262318	0.652437777655	0.683016091379	0.709506955907	0.695695193485	0.693830641793	0.679313891394	0.675788504764	0.675769847333	0.70019111123	0.688697962042	0.696133660066	0.680193752039	0.693192357127	0.722958311	0.711875914734	0.709750089371	0.684364573132	0.683427121692	0.717460184792	0.682330707096	0.713389617697	0.677282240396	0.672463463957	0.695055213466	0.675845356122	0.686888976884	0.708671198539	0.683681237558	0.714052491397	0.6677036408	0.701012793644
AF8	0.686775860529	0.664183551527	0.708106658926	0.67158714057	0.705892450305	0.68149512627	0.684590299277	0.664714754238	0.71185780522	0.676216899675	0.715798058323	0.691671498263	0.690045869436	0.69044230146	0.695535896314	0.659473994905	0.677379037596	0.671691704576	0.768780980115	0.639250769679	0.596815500679	0.415547607446	0.675198620515	0.649935272035	0.688477233186	0.649984485608	0.457298819963	0.0	0.638229568337	0.636054330211	0.699040606181	0.629926031139	0.703373867437	0.68819272716	0.702343367053	0.696653426757	0.677485199815	0.669478821558	0.673738754461	0.701249873951	0.677125204591	0.704024535707	0.695063331788	0.700439936687	0.704502465671	0.69274830601	0.709613972702	0.686069187482	0.652068194291	0.683921976935	0.698483957188	0.703436883459	0.646256120009	0.655997903459	0.670380769296	0.6538520114	0.687589650007	0.687827549633	0.690476989836	0.691869809433	0.67536210844	0.688398935787
AG7	0.707535681275	0.695565080956	0.675203124774	0.675061849855	0.716141210682	0.711768271063	0.710579699522	0.657141013141	0.667849891956	0.702021969255	0.700307646613	0.720877692369	0.703068975995	0.669228700056	0.705622198831	0.67866190628	0.670028461668	0.66050637281	0.74740500741	0.513554071543	0.648764552509	0.630738663155	0.653277030402	0.647113372297	0.696618218749	0.65560812424	0.652129791612	0.638229568337	0.0	0.460004085715	0.681069603855	0.650760082257	0.687371073392	0.716684453997	0.716066083895	0.698429377632	0.669615284072	0.680714771228	0.689125323444	0.69697292889	0.692971026523	0.705795116538	0.689334670287	0.686724003052	0.713856832057	0.689506871388	0.728851779874	0.707488662001	0.680954281509	0.729105104901	0.687142161532	0.732989061775	0.670604777846	0.691863860859	0.690484789198	0.700839122296	0.702310283991	0.721612269634	0.698266805369	0.716953128075	0.690575808741	0.715095751194
AG8	0.686726634056	0.670766382173	0.693363511295	0.677931952696	0.689830909996	0.661737293488	0.671382128062	0.641540976878	0.675015361033	0.662995664316	0.668471794232	0.676589942282	0.682488533637	0.664756264434	0.688323541857	0.673697969692	0.672591623827	0.665279948071	0.625824173641	0.405264419526	0.645909630064	0.612216511322	0.678334469601	0.66516421395	0.695175316187	0.66504587313	0.655772023667	0.636054330211	0.460004085715	0.0	0.691826171755	0.64016959766	0.687581101634	0.695807182518	0.680108873037	0.675319210299	0.65113707726	0.65706204676	0.669972761352	0.692503425967	0.670048572683	0.690156370799	0.672492307971	0.667531735442	0.692461090024	0.665711273294	0.723278554046	0.704778953447	0.670971195211	0.691044295112	0.697920386213	0.710513528573	0.674536722191	0.669939645067	0.679447597242	0.684483527537	0.679363086411	0.704563923446	0.68542557552	0.699433210954	0.689795606805	0.699312502693
AH7	0.734756069129	0.744263232239	0.723320505985	0.734468482328	0.767772285515	0.729689389526	0.730445698176	0.704946402057	0.739725242089	0.718415083726	0.717843017148	0.756274426437	0.730560732171	0.744468638192	0.753918214893	0.74868659044	0.706151016	0.57591108543	0.756544955234	0.685230512834	0.657017555285	0.693495213067	0.700293457015	0.694409098088	0.733760905719	0.716781671046	0.718280262318	0.699040606181	0.681069603855	0.691826171755	0.0	0.536717605564	0.723598306413	0.764109637921	0.768814495669	0.759825262236	0.751724782309	0.752796292128	0.763403397453	0.757028170703	0.747831328166	0.760301432948	0.749626291061	0.753762280014	0.775219223139	0.767481342907	0.775064762816	0.749666157527	0.747584578445	0.771034952103	0.786117346827	0.796028274047	0.743474470429	0.741700559811	0.734556808398	0.746321050023	0.776022722385	0.785480908738	0.777538795186	0.776783070521	0.755497739259	0.730522997584
AH8	0.701990180644	0.683835341254	0.726976086218	0.698337158127	0.701439575629	0.686688251916	0.685649261572	0.67275530697	0.690605433658	0.671512758725	0.70153022293	0.681424727948	0.693043997722	0.72291140273	0.705028054153	0.673362489232	0.560298982338	0.429842216833	0.771096936399	0.634080631733	0.655826121982	0.641745594369	0.660740346446	0.656760981381	0.690225697659	0.664246474263	0.652437777655	0.629926031139	0.650760082257	0.64016959766	0.536717605564	0.0	0.666041673462	0.716454879391	0.723329831341	0.714763351812	0.702340022056	0.684768226298	0.710256082752	0.705877509555	0.684600036853	0.703365122958	0.705785761401	0.711646236752	0.722243684987	0.720490653927	0.724802811341	0.693355295762	0.69623007287	0.709796124667	0.722137036074	0.732752196477	0.694604858266	0.686556163935	0.698421213194	0.698848588017	0.733091939289	0.730066695899	0.724937750781	0.718170846766	0.708437069283	0.684895624881
AA5	0.65555665857	0.673468097042	0.710696255897	0.688173428871	0.666386683787	0.674366068822	0.707750761394	0.685722177985	0.629787593888	0.693426970207	0.655625760376	0.649928061158	0.679290922008	0.687449233251	0.664439559362	0.665924258386	0.657987141455	0.679520406738	0.776202148884	0.693388543085	0.716444823045	0.69657447661	0.651223004068	0.684024133757	0.733332268917	0.68511105727	0.683016091379	0.703373867437	0.687371073392	0.687581101634	0.723598306413	0.666041673462	0.0	0.592907182346	0.686630371586	0.670823400648	0.649428972329	0.620729774407	0.671844302837	0.686509860058	0.679014244023	0.652743391351	0.649712658971	0.661547815311	0.725146734974	0.664568891955	0.687300335498	0.706755831721	0.700386706661	0.707484948025	0.695303175974	0.717081007672	0.669005474924	0.680100592245	0.680823606886	0.698007103314	0.659849366719	0.711342249947	0.679559860463	0.693845930833	0.653570924156	0.708207337912
AA6	0.699711328023	0.688051703263	0.775367756163	0.705674331193	0.70208388959	0.673014262902	0.671186555658	0.66561547498	0.702285515762	0.65812710574	0.694791126362	0.654578242528	0.702514948647	0.721019553297	0.718410408411	0.681765893962	0.727777550572	0.722795956835	0.790396189725	0.700004788864	0.698689146385	0.662988897214	0.702306984747	0.68721288379	0.758783406654	0.700386223052	0.709506955907	0.68819272716	0.716684453997	0.695807182518	0.764109637921	0.716454879391	0.592907182346	0.0	0.710330599078	0.674312293113	0.681479626565	0.630363934406	0.676829720326	0.687018354487	0.661557660204	0.680293732994	0.665556219539	0.687507580051	0.458667990158	0.413801413717	0.701257553478	0.697999134046	0.672894708323	0.680898594079	0.70026761879	0.681482414414	0.674319948696	0.682526248167	0.690817962336	0.676648629622	0.672875865588	0.672854932751	0.68769062094	0.682157873648	0.672596556588	0.693533202575
AB5	0.673486376716	0.666857932851	0.714266815007	0.685365877334	0.685578825942	0.647518107838	0.677659211865	0.663868800264	0.698439653649	0.683688661087	0.664948677871	0.677599195584	0.683945977915	0.651629610476	0.69092128001	0.676656013122	0.705569216516	0.716338871721	0.768073689471	0.689425071385	0.722349768474	0.692988583462	0.723153143832	0.715018051299	0.734681761901	0.715394723713	0.695695193485	0.702343367053	0.716066083895	0.680108873037	0.768814495669	0.723329831341	0.686630371586	0.710330599078	0.0	0.423384601055	0.64726725254	0.653099694894	0.660243930573	0.645299673407	0.637790942715	0.680762682474	0.680584182387	0.665127665562	0.712998925411	0.698453960062	0.686178638811	0.702955484158	0.66752947205	0.703151221351	0.687554111099	0.694462027601	0.660316390288	0.682816468542	0.707885747217	0.681442173207	0.69325948919	0.700263768872	0.694467905048	0.703546639085	0.664173468471	0.700139971291
AB6	0.679570396785	0.642346187021	0.730412431383	0.679772113455	0.675017720339	0.628869177644	0.678869764837	0.649415051524	0.705613242841	0.673993403489	0.677589404138	0.660742956006	0.678823725831	0.676556661288	0.695751530998	0.654142405093	0.707120509602	0.714090686261	0.782438033585	0.682704871935	0.728747393648	0.686465818392	0.710486635325	0.700192017927	0.754762041266	0.711802080547	0.693830641793	0.696653426757	0.698429377632	0.675319210299	0.759825262236	0.714763351812	0.670823400648	0.674312293113	0.423384601055	0.0	0.650252703957	0.629002788926	0.644268510353	0.653228462894	0.634496583576	0.678973681572	0.649317102635	0.562172676083	0.688722825942	0.66786949245	0.681687887001	0.679561324684	0.656448562836	0.674957581883	0.694052716688	0.686739041312	0.669926284752	0.669220120441	0.684560341862	0.666367961548	0.678909578468	0.684336679758	0.656939469903	0.665928610104	0.663450735055	0.693546123488
AC5	0.640281274816	0.655211695935	0.716058775844	0.673772282111	0.685190567703	0.664194050728	0.695770687552	0.66853524895	0.658365891503	0.694532410799	0.65409954608	0.675389106846	0.678422256221	0.658968343796	0.674101279474	0.669075623494	0.670199454852	0.686162736441	0.758255689531	0.669620677165	0.708512713995	0.677494147467	0.688987019768	0.683249495132	0.725637040142	0.70425334289	0.679313891394	0.677485199815	0.669615284072	0.65113707726	0.751724782309	0.702340022056	0.649428972329	0.681479626565	0.64726725254	0.650252703957	0.0	0.490994870419	0.636680912992	0.655160778862	0.654802882828	0.681929905233	0.609851293316	0.652626680262	0.668626974092	0.668822096209	0.657620491148	0.695831954994	0.617422138786	0.687084220537	0.652633606974	0.668230684782	0.6479989336	0.661342570706	0.604433947763	0.657176862145	0.63125601684	0.675855113272	0.648447316015	0.686777158325	0.648700684065	0.689270825788
AC6	0.651613080202	0.634664161844	0.735889915168	0.667031662116	0.679052242227	0.633423335847	0.669674505467	0.658499864283	0.666989122565	0.666996139005	0.654172611024	0.644803759594	0.680117081696	0.673296671342	0.676508489272	0.642133135056	0.689011327352	0.693649068155	0.762586360979	0.662807004243	0.722023832791	0.675663360192	0.682512030549	0.684106020295	0.749976964267	0.696199360536	0.675788504764	0.669478821558	0.680714771228	0.65706204676	0.752796292128	0.684768226298	0.620729774407	0.630363934406	0.653099694894	0.629002788926	0.490994870419	0.0	0.622449250762	0.645927722731	0.632558631657	0.540264722933	0.49695692374	0.630861321317	0.659882732459	0.650022638391	0.663333012051	0.675562441423	0.622792680709	0.644555443118	0.665398295989	0.669341779181	0.654472777008	0.647198286163	0.642910010482	0.655659066075	0.621754063798	0.674432747083	0.615073964378	0.649298903574	0.658919885386	0.66913380212
AD6	0.678750271849	0.656051952242	0.748350204038	0.688682920757	0.673691688883	0.638324742603	0.646248004381	0.626585640164	0.677315261719	0.640667579837	0.683055133033	0.66526427582	0.688856318588	0.680783081676	0.68706792091	0.640992745178	0.699322622565	0.698050495002	0.788389026357	0.683971061755	0.717518440307	0.675347204057	0.702501137632	0.704907356634	0.758709063923	0.720547486603	0.675769847333	0.673738754461	0.689125323444	0.669972761352	0.763403397453	0.710256082752	0.671844302837	0.676829720326	0.660243930573	0.644268510353	0.636680912992	0.622449250762	0.0	0.520775521388	0.44111522235	0.671933089916	0.640311737847	0.670150603081	0.682013801211	0.661735083148	0.681516647045	0.662294233903	0.649699119516	0.654030924184	0.688474763448	0.682359625462	0.656316441649	0.663531931134	0.6746318236	0.668437443956	0.652105949996	0.681122354072	0.646306412627	0.649557128404	0.648815505971	0.666513280854
AE5	0.677256864913	0.654748477169	0.751812334143	0.684453834949	0.656277720247	0.649121858681	0.651834794046	0.620571472917	0.677116379197	0.651699150542	0.674421004927	0.642043138396	0.697594565757	0.676568793882	0.684661940627	0.65867142818	0.734934101113	0.705456688614	0.788540323777	0.686950320707	0.734655631235	0.704358464774	0.708202730928	0.704051839083	0.76937195258	0.718352360183	0.70019111123	0.701249873951	0.69697292889	0.692503425967	0.757028170703	0.705877509555	0.686509860058	0.687018354487	0.645299673407	0.653228462894	0.655160778862	0.645927722731	0.520775521388	0.0	0.398412840662	0.675794358464	0.652688987574	0.6664663842	0.673171344568	0.667671227482	0.670856436067	0.66745894144	0.647690148007	0.656557849049	0.665039264125	0.679836707265	0.630745737966	0.653918734319	0.657307737693	0.629340347147	0.654325112116	0.673926837431	0.639605278039	0.639954438906	0.646669306659	0.660207427356
AE6	0.674348613749	0.645103363321	0.763302559654	0.68994266735	0.659701992373	0.640554336551	0.632227186499	0.608154642233	0.692603953465	0.619668351163	0.680172264399	0.641362365773	0.693129111507	0.692235910234	0.689325696552	0.643496005829	0.720524519853	0.700435540033	0.787505790379	0.674530305257	0.716711933902	0.675043891314	0.695468404474	0.686436880565	0.761620106422	0.707650123732	0.688697962042	0.677125204591	0.692971026523	0.670048572683	0.747831328166	0.684600036853	0.679014244023	0.661557660204	0.637790942715	0.634496583576	0.654802882828	0.632558631657	0.44111522235	0.398412840662	0.0	0.668483942253	0.645195157083	0.667896853608	0.668425318467	0.652753292856	0.666524752731	0.649635293125	0.63447565476	0.65175378764	0.683316109379	0.660299531061	0.638526680746	0.633688207315	0.662211238009	0.641127003944	0.645192458861	0.667439597625	0.643052900364	0.651225633621	0.643118131208	0.65080012086
AF5	0.691830964412	0.683278265511	0.729081426182	0.662319262419	0.674279798052	0.667341775353	0.685815717999	0.692467772354	0.684146940259	0.685415565506	0.690337475495	0.66496275788	0.673306451654	0.656558930485	0.706806844987	0.674631980556	0.710315719523	0.716330844334	0.726423445761	0.681725024521	0.729824943536	0.696373099123	0.709698131672	0.713269124909	0.751124845528	0.710586992855	0.696133660066	0.704024535707	0.705795116538	0.690156370799	0.760301432948	0.703365122958	0.652743391351	0.680293732994	0.680762682474	0.678973681572	0.681929905233	0.540264722933	0.671933089916	0.675794358464	0.668483942253	0.0	0.474838116344	0.659482152602	0.717606086594	0.697412115154	0.691368835823	0.710380962297	0.663009250582	0.672143691175	0.702778889028	0.72027181267	0.684244164007	0.712060064907	0.720606561917	0.709105353456	0.673816885528	0.733736198512	0.659807925153	0.667119727981	0.682632467122	0.697815606474
AF6	0.680933820795	0.658779630199	0.722663810716	0.657314282343	0.675407108577	0.648690817446	0.673137540423	0.670181593007	0.675063525134	0.676025167474	0.679502003921	0.673709679066	0.669638169179	0.640585131467	0.687708885237	0.663799626919	0.693370877098	0.696572513313	0.737046472015	0.668508189647	0.724338763345	0.688744078527	0.680182391112	0.678314108876	0.724112377372	0.680015601252	0.680193752039	0.695063331788	0.689334670287	0.672492307971	0.749626291061	0.705785761401	0.649712658971	0.665556219539	0.680584182387	0.649317102635	0.609851293316	0.49695692374	0.640311737847	0.652688987574	0.645195157083	0.474838116344	0.0	0.65594270915	0.68599149675	0.670455597776	0.674514761894	0.683293268326	0.643848239292	0.663024217733	0.678250583476	0.703461673402	0.683892421929	0.677706846495	0.690963248028	0.685089101455	0.645360931254	0.708708063868	0.644871832228	0.647919550967	0.6714173645	0.693246091792
