	AA3	AA4	AB3	AB4	AC3	AC4	AD3	AD4	AE3	AE4	AF3	AF4	AG3	AG4	AH3	AH4	AA7	AA8	AB7	AB8	AC7	AC8	AD7	AD8	AE7	AE8	AF7	AF8	AG7	AG8	AH7	AH8	AA5	AA6	AB5	AB6	AC5	AC6	AD6	AE5	AE6	AF5	AF6	AG5	AH5	AH6	AA1	AA2	AB1	AB2	AC1	AC2	AD1	AD2	AE1	AE2	AF1	AF2	AG1	AG2	AH1	AH2
AA3	0.0	0.4850280818	0.668061252661	0.624876384582	0.66619598692	0.678829910337	0.685351457101	0.688808171657	0.657087836701	0.686385126003	0.652734843523	0.686822753979	0.659285762886	0.595602115519	0.687160207231	0.483680819141	0.692543488698	0.688970283051	0.751020826502	0.694427867863	0.689821609999	0.688138540668	0.677070051436	0.706571565929	0.719464980498	0.699028519023	0.66654134194	0.682504370159	0.689548906169	0.671427239151	0.733220851771	0.698597142793	0.639487757968	0.691575757066	0.677138246326	0.675167275453	0.634579574475	0.653703660891	0.676840860947	0.667980496953	0.667048851533	0.673550392142	0.664935587818	0.660406259189	0.706642846369	0.70523116041	0.666039119854	0.687454402788	0.638082605398	0.701866857751	0.663524132388	0.677668895859	0.631732849798	0.653900118826	0.66404824563	0.673028675079	0.666274636626	0.680796694297	0.671425863776	0.685024680464	0.649948024358	0.692325210259
AA4	0.4850280818	0.0	0.666886186151	0.6230714742	0.665237473821	0.646676526684	0.662663020078	0.66691696108	0.685065876343	0.650202519987	0.668286410287	0.656422878842	0.672801081401	0.618066741245	0.500722992899	0.358838672769	0.697395397651	0.692352286706	0.770791139155	0.700642107637	0.715042442935	0.677559734003	0.691232361145	0.706090940202	0.728189666621	0.685439154589	0.664054524645	0.670361942658	0.695636857816	0.673308153471	0.746155477593	0.682887410662	0.65581155724	0.68112883987	0.662474014726	0.663306487259	0.654928428726	0.640548965318	0.64683547166	0.650446660233	0.642814969803	0.679206360157	0.656809293167	0.64581776778	0.687305050811	0.683217010604	0.649174773069	0.647402492258	0.646324408659	0.664444504709	0.643016479332	0.665248634296	0.631831671613	0.648144359699	0.665236163187	0.667222611309	0.649834399886	0.662108092136	0.66081200153	0.651960607692	0.651688493349	0.648573251512
AB3	0.668061252661	0.666886186151	0.0	0.629142952487	0.683129363023	0.693676308892	0.727531246928	0.726137533593	0.687703977873	0.732658480386	0.704359061905	0.707343810939	0.697789416539	0.548316927739	0.647672173618	0.671054487545	0.690764780951	0.702248367478	0.713140759479	0.684777160814	0.683249441129	0.714302153983	0.701417868945	0.727576229318	0.697995150217	0.71938914992	0.696330019229	0.711604909714	0.655147841203	0.690659388675	0.715597864512	0.709760705527	0.702288667128	0.765660803195	0.70856648875	0.727362975644	0.711021099314	0.731841410359	0.754483769843	0.733940409072	0.745323103719	0.69598421734	0.693738033729	0.715425259232	0.774327574399	0.768779713498	0.759963007395	0.761352155806	0.701416696289	0.768189115977	0.719057468193	0.76731904857	0.728991268395	0.74829228706	0.725062155115	0.747506167282	0.751520918743	0.769154123898	0.746037735602	0.756780038879	0.706165617297	0.737776724321
AB4	0.624876384582	0.6230714742	0.629142952487	0.0	0.682547081925	0.674368008345	0.696241525018	0.698422136484	0.695339236617	0.690210235858	0.6774695934	0.687207655909	0.42111741209	0.453458379552	0.674093209831	0.644519517553	0.696639039609	0.701703084511	0.748498248068	0.687754414799	0.694276917536	0.676689397301	0.681607854137	0.695237354941	0.725034807386	0.696003788642	0.651794650236	0.667152183242	0.676106472993	0.658925854237	0.737315364314	0.699765948823	0.688910006302	0.700253313098	0.687029444582	0.682480288639	0.671439606697	0.670392396003	0.690121187211	0.685413399504	0.691834883193	0.669986550564	0.656900762277	0.67266376035	0.723650624147	0.720729687742	0.691172843941	0.695890328509	0.636577810839	0.704646361052	0.680283807781	0.709888937429	0.669956950069	0.666805384895	0.681198409831	0.680237252265	0.684593017482	0.708603474175	0.695857145734	0.698221008992	0.675022316405	0.692188571666
AC3	0.66619598692	0.665237473821	0.683129363023	0.682547081925	0.0	0.514846630143	0.659614697496	0.663689883628	0.655804332616	0.660356384052	0.686255006447	0.445519209684	0.695338364759	0.697806404651	0.656863679935	0.670646659618	0.684174940901	0.680982740986	0.76055689167	0.674128367254	0.709334898171	0.686624399779	0.705581597431	0.718165827967	0.709241053326	0.700806366823	0.702474683215	0.699318052778	0.691142056431	0.675679631162	0.74665382723	0.689775804899	0.664726163464	0.683974924125	0.684858462569	0.696410904752	0.678227530008	0.680751676191	0.69210278901	0.648989943964	0.646625881803	0.650399730603	0.649300776225	0.658311859899	0.709194956971	0.697133286917	0.711566060666	0.69129605079	0.669667912634	0.684024463337	0.685351649117	0.701755605871	0.678812925524	0.688827476362	0.662733239594	0.680975626434	0.70407956966	0.69845560991	0.682143134928	0.667753757673	0.684007395794	0.680975506349
AC4	0.678829910337	0.646676526684	0.693676308892	0.674368008345	0.514846630143	0.0	0.658492576483	0.641791656609	0.664781271253	0.65236773489	0.518790792028	0.402706765585	0.688874075616	0.692052131508	0.668213078598	0.644228412292	0.671539919282	0.676205811021	0.752183026442	0.668439934199	0.695384122292	0.677363846922	0.699603194526	0.706615807382	0.751710130598	0.703957056235	0.689508619208	0.679595566873	0.695347370949	0.659067335743	0.746062025277	0.678867197227	0.675043502003	0.665238533887	0.667343349432	0.689436929112	0.654431876311	0.656609752385	0.654619872782	0.653489832608	0.640725959101	0.65460890563	0.632992840234	0.649382698614	0.685384309241	0.674808310381	0.721963040609	0.690242104637	0.692665849851	0.68549744427	0.682657249257	0.683562409249	0.694508589099	0.702759846807	0.68892202213	0.701076548131	0.679450506322	0.683367217826	0.683377089557	0.677554208141	0.667672066608	0.677110578148
AD3	0.685351457101	0.662663020078	0.727531246928	0.696241525018	0.659614697496	0.658492576483	0.0	0.411575940075	0.673821785112	0.347449062632	0.70992300072	0.661280173555	0.709748948408	0.683036115977	0.690520651312	0.662857799428	0.722617656067	0.683238340397	0.772421705445	0.674379790064	0.714602161202	0.673886692209	0.713542753056	0.706256222304	0.730390417963	0.689286916596	0.69913504776	0.673334471763	0.704604735169	0.669104867276	0.727381672118	0.685232250391	0.705912056977	0.676177942493	0.674332724936	0.683712531231	0.680751619374	0.675064636613	0.633017140828	0.634002584853	0.613556134698	0.67888526664	0.654764577911	0.66740167853	0.695471615857	0.692838779862	0.695044278584	0.67686300727	0.667874714152	0.666161857807	0.686574095648	0.684258931665	0.674842097714	0.673836515908	0.685097093722	0.674542780775	0.684093709625	0.691042366535	0.684341423198	0.650046544615	0.700812895518	0.68172315474
AD4	0.688808171657	0.66691696108	0.726137533593	0.698422136484	0.663689883628	0.641791656609	0.411575940075	0.0	0.582628299498	0.358895969472	0.671273729735	0.645303139448	0.698237340863	0.689912861348	0.694133696346	0.672007869938	0.708997115732	0.672172002681	0.772697422974	0.653001412252	0.700074458811	0.660126152272	0.685547525297	0.672296391773	0.727335350825	0.674532894802	0.68300398644	0.665980045341	0.668273100328	0.639690453805	0.730807761033	0.679338704929	0.68977297694	0.655456555941	0.660950739837	0.670710241805	0.65871197502	0.679551885704	0.622515155182	0.622882666175	0.620053509373	0.680350970216	0.65042883689	0.668165698872	0.673862284096	0.670546969719	0.679658409155	0.665585813828	0.654765548248	0.684963927396	0.681995642975	0.674857375385	0.663846928717	0.663085672275	0.653405058995	0.660703373666	0.682083096836	0.68510593031	0.69645000113	0.667311526013	0.670601752236	0.666254525591
AE3	0.657087836701	0.685065876343	0.687703977873	0.695339236617	0.655804332616	0.664781271253	0.673821785112	0.582628299498	0.0	0.640989157076	0.661796956215	0.679621148604	0.677714551839	0.687524534692	0.668811766391	0.671338979718	0.675651437274	0.688277926012	0.767311537857	0.693266606558	0.728335954965	0.715177596051	0.674927586575	0.694413849338	0.741232689525	0.702529721724	0.69508177588	0.722472559765	0.668604275803	0.667669151092	0.730038182552	0.689468033315	0.620498308888	0.703483105211	0.690370628794	0.69715085271	0.661231460507	0.687346779161	0.687413723126	0.680411541237	0.673118635996	0.6565226677	0.670281494295	0.667603788211	0.732317541873	0.727822810241	0.714013642824	0.713457363852	0.690934517044	0.727398939448	0.693634655474	0.724182322169	0.68473480153	0.716370791394	0.663607269465	0.701669432603	0.702312792406	0.739886824932	0.71099586106	0.704863694506	0.671036549989	0.715525188664
AE4	0.686385126003	0.650202519987	0.732658480386	0.690210235858	0.660356384052	0.65236773489	0.347449062632	0.358895969472	0.640989157076	0.0	0.700933467484	0.657199281299	0.707027627846	0.68175942302	0.687697301162	0.663194055028	0.716818477589	0.690651433696	0.773637646222	0.664855389131	0.716081835122	0.66564257557	0.707333059151	0.701571882063	0.733218103903	0.689495528877	0.692214739407	0.66858322619	0.700368844107	0.656560641611	0.758459562311	0.685475562492	0.698821288701	0.657829909753	0.674104210786	0.674887775204	0.679615991661	0.667577706605	0.609165336186	0.624756309335	0.609690763662	0.691217600272	0.65918489716	0.661853121578	0.69066877653	0.686919707958	0.67777961335	0.668666705488	0.671072738434	0.66680597239	0.686266996635	0.666647170217	0.668565288151	0.66939978816	0.671600002993	0.672913980269	0.672184270467	0.684589009608	0.678308237886	0.646521373586	0.694035234602	0.670627477733
AF3	0.652734843523	0.668286410287	0.704359061905	0.6774695934	0.686255006447	0.518790792028	0.70992300072	0.671273729735	0.661796956215	0.700933467484	0.0	0.5800260379	0.67171262301	0.677561030432	0.66839691423	0.665583384905	0.678267908352	0.681968075772	0.769597757065	0.692487200873	0.681155718846	0.710594462609	0.686636042494	0.696956628411	0.769295700278	0.720199060939	0.698846189611	0.704948819425	0.702842076111	0.675645589619	0.72789164502	0.696221771975	0.641603453792	0.682834446281	0.673432321321	0.690041790129	0.659254762447	0.677537691298	0.685092570475	0.675443928455	0.675447573067	0.681804633324	0.669915686614	0.667889257608	0.692038208868	0.681292511506	0.714146166581	0.703743203223	0.68771169922	0.725422945449	0.696693584491	0.710278234173	0.688676190563	0.703890037922	0.686418671855	0.714106338277	0.676312646246	0.711434981158	0.689297936158	0.711104973237	0.659589140221	0.698000506092
AF4	0.686822753979	0.656422878842	0.707343810939	0.687207655909	0.445519209684	0.402706765585	0.661280173555	0.645303139448	0.679621148604	0.657199281299	0.5800260379	0.0	0.686425999372	0.710037720428	0.68366689233	0.657008177263	0.672142484057	0.657164882382	0.770815929458	0.674601422759	0.709014389026	0.68218453726	0.710368170247	0.705931276812	0.738015488874	0.702292209918	0.695138778963	0.688383460636	0.698925506598	0.670549620342	0.737433259238	0.688831925068	0.672188749542	0.653558512231	0.684867931699	0.684466012394	0.685786199465	0.661382448141	0.680685208614	0.655455326465	0.647216048161	0.669191688647	0.650990884866	0.659085584312	0.682946755476	0.671192807275	0.717615283618	0.685707192657	0.680903974351	0.671608376771	0.678857817722	0.683298635681	0.679533873584	0.671406013482	0.676174895119	0.675320317505	0.688215949971	0.677599491533	0.6933558897	0.676554857225	0.687882974703	0.669663112152
AG3	0.659285762886	0.672801081401	0.697789416539	0.42111741209	0.695338364759	0.688874075616	0.709748948408	0.698237340863	0.677714551839	0.707027627846	0.67171262301	0.686425999372	0.0	0.534062918186	0.671895060307	0.669150732659	0.686517227785	0.684951569054	0.776717152128	0.715275481786	0.688530633133	0.699817090699	0.676618546999	0.702514091709	0.734646088808	0.697821769359	0.68742183635	0.701160468583	0.680370271946	0.687459783855	0.738469842078	0.699416869647	0.685306032599	0.70047963601	0.696817063925	0.672084324444	0.68300618589	0.692972429353	0.691131089424	0.700670376151	0.685274034668	0.672792983825	0.657283065187	0.676713885471	0.715722444692	0.714348932056	0.697239103249	0.705907862759	0.646273047834	0.703048181421	0.692041069281	0.725653186419	0.68724451443	0.684918028268	0.674587007506	0.690733790952	0.697971719744	0.726099169476	0.702839986224	0.688301955263	0.691277417264	0.702504782335
AG4	0.595602115519	0.618066741245	0.548316927739	0.453458379552	0.697806404651	0.692052131508	0.683036115977	0.689912861348	0.687524534692	0.68175942302	0.677561030432	0.710037720428	0.534062918186	0.0	0.659767945596	0.638023469932	0.710686416319	0.713383031557	0.735687719314	0.68004041545	0.686955946731	0.675787134577	0.690011227278	0.70626625007	0.704673296199	0.70288520549	0.658055628873	0.674623383228	0.664911337633	0.660282310607	0.748689288462	0.703281729727	0.678842085237	0.709465462351	0.672183729121	0.682237549798	0.668437584508	0.671077230196	0.682923051711	0.681350351731	0.675379200813	0.657420793321	0.664936185041	0.68088449747	0.732863326258	0.728679203257	0.694424851918	0.712645912103	0.650555411591	0.708179854033	0.685503144945	0.721674301568	0.671690698447	0.695145574075	0.701323236187	0.707006243013	0.687553215327	0.726566361368	0.688407248213	0.697427019675	0.667144352271	0.70448271741
AH3	0.687160207231	0.500722992899	0.647672173618	0.674093209831	0.656863679935	0.668213078598	0.690520651312	0.694133696346	0.668811766391	0.687697301162	0.66839691423	0.68366689233	0.671895060307	0.659767945596	0.0	0.534161735751	0.685909538227	0.696187368462	0.77656714895	0.715637208722	0.718863893837	0.708993389105	0.680604432776	0.716317640711	0.729345197257	0.681882353113	0.692701541872	0.70519656285	0.695697089731	0.686228791986	0.751074444702	0.692086615555	0.660505964414	0.71454360463	0.682643639105	0.691577916293	0.670198456422	0.680039127016	0.688269905929	0.695310399506	0.667813753749	0.681899855854	0.660907039362	0.656737004482	0.718560741687	0.724445174749	0.697114757266	0.689104655159	0.684377565175	0.707937419614	0.689174089117	0.724341425212	0.694913344197	0.706289829176	0.677020247085	0.710021981026	0.697912753242	0.710576687941	0.689300715593	0.691856183236	0.688935567851	0.681912557023
AH4	0.483680819141	0.358838672769	0.671054487545	0.644519517553	0.670646659618	0.644228412292	0.662857799428	0.672007869938	0.671338979718	0.663194055028	0.665583384905	0.657008177263	0.669150732659	0.638023469932	0.534161735751	0.0	0.686036280078	0.676833892556	0.7849097384	0.704890734354	0.716302423635	0.681400042756	0.677360807095	0.698328352178	0.743389855915	0.685735568091	0.656711202747	0.674811843696	0.683398872248	0.674950524817	0.74825700301	0.684052558637	0.666466823794	0.671185835233	0.669615530807	0.67033143358	0.651798774064	0.644653929374	0.658991823979	0.663830842785	0.634057351042	0.678893731966	0.648602082996	0.628610019759	0.675287910586	0.676081638099	0.665142805342	0.653499245948	0.644049746047	0.649153852602	0.646314188249	0.674186263614	0.642258369439	0.631961122672	0.654941059103	0.669248333072	0.643794196002	0.682486268659	0.665148806505	0.656293921096	0.644628443757	0.640650998937
AA7	0.692543488698	0.697395397651	0.690764780951	0.696639039609	0.684174940901	0.671539919282	0.722617656067	0.708997115732	0.675651437274	0.716818477589	0.678267908352	0.672142484057	0.686517227785	0.710686416319	0.685909538227	0.686036280078	0.0	0.48567887308	0.77389447403	0.687744608626	0.657581446692	0.67106526442	0.670610572999	0.685109882953	0.706912517748	0.699736675444	0.658861553191	0.669697062287	0.686073108591	0.672674426084	0.709094671439	0.540942074731	0.660681665607	0.715539160633	0.720588120139	0.721120739784	0.684166452577	0.694690027048	0.712985929853	0.734450052534	0.711501568016	0.712642313526	0.699414799036	0.703927094528	0.738665265501	0.714087712581	0.747366867384	0.733655732763	0.714103656625	0.73963218884	0.713377896094	0.743951211543	0.696696207543	0.71008877996	0.693373853937	0.719071305636	0.723185948387	0.741406266677	0.735924000756	0.737295571612	0.700517896658	0.72426977389
AA8	0.688970283051	0.692352286706	0.702248367478	0.701703084511	0.680982740986	0.676205811021	0.683238340397	0.672172002681	0.688277926012	0.690651433696	0.681968075772	0.657164882382	0.684951569054	0.713383031557	0.696187368462	0.676833892556	0.48567887308	0.0	0.776686054245	0.655039082616	0.630213553595	0.64250481654	0.663703918908	0.675805502805	0.696439778987	0.684302775314	0.65985204455	0.642927995518	0.642943092922	0.652963284964	0.55517401278	0.404151587753	0.679055285125	0.701706418143	0.722925625974	0.712318925069	0.682772238609	0.696368715671	0.704138716008	0.707657663832	0.683735443298	0.703010604041	0.686848707844	0.698475979662	0.712543650298	0.708660782465	0.731563442148	0.710783177409	0.68220041913	0.710134479826	0.716121478882	0.732250446273	0.691776468978	0.673843159784	0.690039072435	0.693034310931	0.724426654899	0.747341669029	0.74223678409	0.721356007492	0.706583908466	0.710792775477
AB7	0.751020826502	0.770791139155	0.713140759479	0.748498248068	0.76055689167	0.752183026442	0.772421705445	0.772697422974	0.767311537857	0.773637646222	0.769597757065	0.770815929458	0.776717152128	0.735687719314	0.77656714895	0.7849097384	0.77389447403	0.776686054245	0.0	0.562323711426	0.747168025331	0.758574182914	0.779621883108	0.784976338845	0.746326504671	0.776957312799	0.776413862182	0.767958700044	0.755297340233	0.644443026016	0.76030600767	0.763305060778	0.782638067516	0.792858970096	0.778441655069	0.796068827675	0.765368082064	0.777033846645	0.801827533826	0.787260384374	0.790342597986	0.731903917927	0.749929528451	0.782233410215	0.802143035284	0.799065978165	0.819130780874	0.8119865596	0.781897015966	0.814254626323	0.80482277131	0.803600183291	0.792515461554	0.804070989058	0.789317918356	0.788460061388	0.795205007826	0.80462053465	0.801401072027	0.792247920303	0.789211208634	0.797862683176
AB8	0.694427867863	0.700642107637	0.684777160814	0.687754414799	0.674128367254	0.668439934199	0.674379790064	0.653001412252	0.693266606558	0.664855389131	0.692487200873	0.674601422759	0.715275481786	0.68004041545	0.715637208722	0.704890734354	0.687744608626	0.655039082616	0.562323711426	0.0	0.658896167478	0.631969985099	0.690069698374	0.681183520283	0.684444413278	0.67715573371	0.67028245376	0.63633079302	0.523794563184	0.432455220933	0.686685176826	0.640603855837	0.696388359839	0.702381048703	0.70123595064	0.700025982617	0.689893882885	0.690618090424	0.699382742932	0.694831737605	0.676607293928	0.67038470317	0.665516995935	0.681480659268	0.714328437534	0.699869852007	0.748880941522	0.717787012197	0.680603865486	0.722872806287	0.713333218627	0.732127884202	0.699791160197	0.700429027801	0.71069054656	0.709101974602	0.718955536469	0.735442661245	0.712511375206	0.704041796305	0.701510010698	0.710093410906
AC7	0.689821609999	0.715042442935	0.683249441129	0.694276917536	0.709334898171	0.695384122292	0.714602161202	0.700074458811	0.728335954965	0.716081835122	0.681155718846	0.709014389026	0.688530633133	0.686955946731	0.718863893837	0.716302423635	0.657581446692	0.630213553595	0.747168025331	0.658896167478	0.0	0.486229648268	0.689747343832	0.692711382104	0.689215353241	0.684295227386	0.674358151834	0.565278664897	0.637444797347	0.641239993829	0.659378321208	0.654446133533	0.702959622049	0.699813677425	0.724950958259	0.737571556204	0.712838235347	0.735393584913	0.716080755834	0.725724113115	0.715921424128	0.730566760127	0.717369909825	0.710440448493	0.697204891199	0.689393440087	0.748954326791	0.751764421434	0.692404068258	0.744008294235	0.74244043693	0.751622434904	0.698261811894	0.692405406945	0.706838737864	0.698079094143	0.744839937609	0.741025026918	0.751146338564	0.730873131193	0.700851506053	0.739796205851
AC8	0.688138540668	0.677559734003	0.714302153983	0.676689397301	0.686624399779	0.677363846922	0.673886692209	0.660126152272	0.715177596051	0.66564257557	0.710594462609	0.68218453726	0.699817090699	0.675787134577	0.708993389105	0.681400042756	0.67106526442	0.64250481654	0.758574182914	0.631969985099	0.486229648268	0.0	0.675771015983	0.654414223864	0.69785209302	0.654692819702	0.509014697796	0.389907918182	0.639366625765	0.607360207597	0.689316001928	0.615997316577	0.704696195962	0.668748786781	0.716032833783	0.707414269375	0.691983584289	0.697365464174	0.685430267041	0.705870525007	0.669202182797	0.707606516118	0.698863728599	0.679234945518	0.674651337328	0.658542411756	0.716964506248	0.702214859901	0.674316203157	0.713262501373	0.693946441083	0.699822621574	0.668017541548	0.653518593337	0.681502101081	0.670459473006	0.692839612244	0.692469686577	0.70120738758	0.685557113487	0.672737649979	0.679071950993
AD7	0.677070051436	0.691232361145	0.701417868945	0.681607854137	0.705581597431	0.699603194526	0.713542753056	0.685547525297	0.674927586575	0.707333059151	0.686636042494	0.710368170247	0.676618546999	0.690011227278	0.680604432776	0.677360807095	0.670610572999	0.663703918908	0.779621883108	0.690069698374	0.689747343832	0.675771015983	0.0	0.467751844335	0.701574380885	0.486770322028	0.656685577852	0.674463945426	0.65850776647	0.668182517328	0.699848600972	0.6649687596	0.661370535399	0.698616878538	0.718803886508	0.719029219818	0.679172428757	0.70329796651	0.710393442792	0.710396610055	0.682254365804	0.680026104844	0.668386149136	0.692449956949	0.709147515115	0.700047283847	0.714791462172	0.697072206559	0.662097725624	0.710040863407	0.672861776576	0.72995385697	0.683075167359	0.68681594061	0.651889119146	0.683505177204	0.697542378354	0.726779486493	0.710943186286	0.708304937891	0.659886041079	0.694050709296
AD8	0.706571565929	0.706090940202	0.727576229318	0.695237354941	0.718165827967	0.706615807382	0.706256222304	0.672296391773	0.694413849338	0.701571882063	0.696956628411	0.705931276812	0.702514091709	0.70626625007	0.716317640711	0.698328352178	0.685109882953	0.675805502805	0.784976338845	0.681183520283	0.692711382104	0.654414223864	0.467751844335	0.0	0.609795760588	0.390021731435	0.640390832335	0.649585403354	0.65916592506	0.644986652097	0.713368449755	0.671734803101	0.691789259589	0.686123245304	0.722308399919	0.705332286533	0.687673802689	0.69941952052	0.702120933886	0.705980994663	0.693113673668	0.697912690845	0.678268431673	0.689546220897	0.693286176986	0.686101141325	0.722530629317	0.707481886981	0.672906357265	0.718979462291	0.693531133092	0.726868911177	0.675361010841	0.674585545669	0.669079942076	0.673225760636	0.693322311086	0.724859624644	0.707539167907	0.70890417062	0.674927632447	0.702494418962
AE7	0.719464980498	0.728189666621	0.697995150217	0.725034807386	0.709241053326	0.751710130598	0.730390417963	0.727335350825	0.741232689525	0.733218103903	0.769295700278	0.738015488874	0.734646088808	0.704673296199	0.729345197257	0.743389855915	0.706912517748	0.696439778987	0.746326504671	0.684444413278	0.689215353241	0.69785209302	0.701574380885	0.609795760588	0.0	0.511643245196	0.703854048437	0.697282414612	0.681471089258	0.687722195796	0.733164664855	0.69277355955	0.729565263739	0.753921634416	0.741364958154	0.74668521858	0.735979465367	0.760041628665	0.762829739795	0.751793749665	0.756903740337	0.739436811872	0.731174300909	0.731755078922	0.756210089839	0.763200176346	0.773394174806	0.763826385258	0.714114272061	0.767978988947	0.758787039783	0.788083654767	0.738740902606	0.745811558889	0.738901071043	0.755544719904	0.776362718667	0.78988064254	0.77122210819	0.764949246306	0.743060320171	0.77275347872
AE8	0.699028519023	0.685439154589	0.71938914992	0.696003788642	0.700806366823	0.703957056235	0.689286916596	0.674532894802	0.702529721724	0.689495528877	0.720199060939	0.702292209918	0.697821769359	0.70288520549	0.681882353113	0.685735568091	0.699736675444	0.684302775314	0.776957312799	0.67715573371	0.684295227386	0.654692819702	0.486770322028	0.390021731435	0.511643245196	0.0	0.655699697489	0.651358755711	0.663100744705	0.65378575127	0.70663954366	0.672854808617	0.684559855253	0.69228355028	0.718359060676	0.706713189977	0.708195650693	0.710520027623	0.710789667141	0.713888240131	0.690604411558	0.700483267512	0.680685843194	0.694941986481	0.705422577207	0.698803360623	0.714940428744	0.688108885482	0.681252093423	0.713609440429	0.698971990794	0.726825478055	0.678350324469	0.678328211722	0.675021852444	0.684142072609	0.703662548098	0.720766818334	0.713506998234	0.710871668533	0.679932837423	0.702576315593
AF7	0.66654134194	0.664054524645	0.696330019229	0.651794650236	0.702474683215	0.689508619208	0.69913504776	0.68300398644	0.69508177588	0.692214739407	0.698846189611	0.695138778963	0.68742183635	0.658055628873	0.692701541872	0.656711202747	0.658861553191	0.65985204455	0.776413862182	0.67028245376	0.674358151834	0.509014697796	0.656685577852	0.640390832335	0.703854048437	0.655699697489	0.0	0.456044973696	0.662368610037	0.647904610798	0.722049984846	0.655344979858	0.676731298133	0.693390248991	0.696117466009	0.698217853105	0.685910794061	0.686405557726	0.679989753828	0.700414685951	0.675343701065	0.684997513143	0.675078203845	0.668016990179	0.719296559893	0.71495159141	0.705353206652	0.695954671277	0.674691183923	0.714488871231	0.678041546328	0.711325928922	0.675876941545	0.658000837753	0.680206825524	0.680012470473	0.667285733871	0.713497365809	0.688194623377	0.708023787155	0.665529939349	0.678688466209
AF8	0.682504370159	0.670361942658	0.711604909714	0.667152183242	0.699318052778	0.679595566873	0.673334471763	0.665980045341	0.722472559765	0.66858322619	0.704948819425	0.688383460636	0.701160468583	0.674623383228	0.70519656285	0.674811843696	0.669697062287	0.642927995518	0.767958700044	0.63633079302	0.565278664897	0.389907918182	0.674463945426	0.649585403354	0.697282414612	0.651358755711	0.456044973696	0.0	0.650536832243	0.62291323361	0.69656736317	0.620422571715	0.693459306928	0.671610841538	0.714966882784	0.713592629932	0.682529914183	0.689196352395	0.675411964515	0.698020231136	0.663204468391	0.699095376631	0.686264157699	0.67919445182	0.684197548512	0.677961668664	0.70679433262	0.690495032716	0.656499852038	0.702603673871	0.691269052616	0.696905615343	0.661775943436	0.649009807242	0.675711012062	0.661530113161	0.683604132887	0.693204465959	0.69907020343	0.692607379176	0.664340995731	0.676592069078
AG7	0.689548906169	0.695636857816	0.655147841203	0.676106472993	0.691142056431	0.695347370949	0.704604735169	0.668273100328	0.668604275803	0.700368844107	0.702842076111	0.698925506598	0.680370271946	0.664911337633	0.695697089731	0.683398872248	0.686073108591	0.642943092922	0.755297340233	0.523794563184	0.637444797347	0.639366625765	0.65850776647	0.65916592506	0.681471089258	0.663100744705	0.662368610037	0.650536832243	0.0	0.454402976573	0.669283400168	0.648818977589	0.669420448254	0.707124116973	0.704967655425	0.695425210867	0.671693928585	0.696174101141	0.684617282917	0.691184299193	0.675028730136	0.680042532554	0.669035890762	0.659105045237	0.696613144187	0.704456459287	0.723198488411	0.704525928068	0.666628872423	0.72426626462	0.668872800635	0.731536305522	0.660946465579	0.684527321477	0.690063191335	0.691942176085	0.709027920196	0.747532517647	0.71429826357	0.712882002042	0.667960494673	0.696769562143
AG8	0.671427239151	0.673308153471	0.690659388675	0.658925854237	0.675679631162	0.659067335743	0.669104867276	0.639690453805	0.667669151092	0.656560641611	0.675645589619	0.670549620342	0.687459783855	0.660282310607	0.686228791986	0.674950524817	0.672674426084	0.652963284964	0.644443026016	0.432455220933	0.641239993829	0.607360207597	0.668182517328	0.644986652097	0.687722195796	0.65378575127	0.647904610798	0.62291323361	0.454402976573	0.0	0.688572498917	0.637581806919	0.669388857771	0.678872314236	0.679152769935	0.679243723623	0.650506824014	0.65817215269	0.684447811561	0.663896951522	0.660393354015	0.671783987522	0.663836883383	0.655837196041	0.680932493237	0.676691118748	0.715879596702	0.692014175079	0.661745568795	0.703092189762	0.677215112824	0.693237955009	0.652293109168	0.665773130501	0.667747572313	0.677122949078	0.678505879799	0.711970798648	0.685052418889	0.68848299724	0.667340539482	0.690023549396
AH7	0.733220851771	0.746155477593	0.715597864512	0.737315364314	0.74665382723	0.746062025277	0.727381672118	0.730807761033	0.730038182552	0.758459562311	0.72789164502	0.737433259238	0.738469842078	0.748689288462	0.751074444702	0.74825700301	0.709094671439	0.55517401278	0.76030600767	0.686685176826	0.659378321208	0.689316001928	0.699848600972	0.713368449755	0.733164664855	0.70663954366	0.722049984846	0.69656736317	0.669283400168	0.688572498917	0.0	0.523211627594	0.718039507538	0.761730568648	0.775673309988	0.761783175214	0.747447530967	0.767858341615	0.757345970507	0.753959516449	0.747613457374	0.742773837919	0.754185680976	0.743293060954	0.775144888643	0.771372219508	0.770253703419	0.75385100968	0.742942117715	0.775624549774	0.775529326516	0.783335397472	0.735083740102	0.744955200064	0.736005197116	0.744233691864	0.774113492973	0.797147767016	0.788967655948	0.770157991978	0.744898810795	0.760414801947
AH8	0.698597142793	0.682887410662	0.709760705527	0.699765948823	0.689775804899	0.678867197227	0.685232250391	0.679338704929	0.689468033315	0.685475562492	0.696221771975	0.688831925068	0.699416869647	0.703281729727	0.692086615555	0.684052558637	0.540942074731	0.404151587753	0.763305060778	0.640603855837	0.654446133533	0.615997316577	0.6649687596	0.671734803101	0.69277355955	0.672854808617	0.655344979858	0.620422571715	0.648818977589	0.637581806919	0.523211627594	0.0	0.679641369188	0.71418674043	0.716596564349	0.711796899406	0.689535732632	0.708408074707	0.696019686486	0.706050094944	0.683367976565	0.706448422166	0.696769197569	0.69288418546	0.718010557989	0.709354734816	0.726345836481	0.701470843263	0.688334010081	0.719211216383	0.714416434567	0.727239887798	0.683629817063	0.686361715298	0.689961251447	0.694597188667	0.723471447859	0.740129752601	0.735727047169	0.713268043925	0.698557034989	0.693203271761
AA5	0.639487757968	0.65581155724	0.702288667128	0.688910006302	0.664726163464	0.675043502003	0.705912056977	0.68977297694	0.620498308888	0.698821288701	0.641603453792	0.672188749542	0.685306032599	0.678842085237	0.660505964414	0.666466823794	0.660681665607	0.679055285125	0.782638067516	0.696388359839	0.702959622049	0.704696195962	0.661370535399	0.691789259589	0.729565263739	0.684559855253	0.676731298133	0.693459306928	0.669420448254	0.669388857771	0.718039507538	0.679641369188	0.0	0.599548657242	0.687751644276	0.683065151541	0.638398132325	0.633825860128	0.673954817499	0.675363151443	0.667979192526	0.626316812128	0.637983006733	0.654641957188	0.711140562274	0.6605605539	0.690560818387	0.697187858891	0.685808862433	0.703735190656	0.679945991416	0.717625843317	0.666720202609	0.703823620587	0.651992156092	0.705150799261	0.67071505429	0.703821973921	0.681358396121	0.693988859467	0.641184045393	0.703065433677
AA6	0.691575757066	0.68112883987	0.765660803195	0.700253313098	0.683974924125	0.665238533887	0.676177942493	0.655456555941	0.703483105211	0.657829909753	0.682834446281	0.653558512231	0.70047963601	0.709465462351	0.71454360463	0.671185835233	0.715539160633	0.701706418143	0.792858970096	0.702381048703	0.699813677425	0.668748786781	0.698616878538	0.686123245304	0.753921634416	0.69228355028	0.693390248991	0.671610841538	0.707124116973	0.678872314236	0.761730568648	0.71418674043	0.599548657242	0.0	0.699342806125	0.689205584241	0.66755845565	0.641146245511	0.665234140651	0.671337934735	0.650011311671	0.679470278754	0.656187903633	0.666114133766	0.461044792343	0.436536411442	0.699545570793	0.693179220485	0.678865276235	0.681135764591	0.685402645675	0.683905562015	0.673933575753	0.677952295876	0.694163468259	0.694662674891	0.667057475263	0.682584041925	0.698374555193	0.678918451201	0.665011430163	0.684389879086
AB5	0.677138246326	0.662474014726	0.70856648875	0.687029444582	0.684858462569	0.667343349432	0.674332724936	0.660950739837	0.690370628794	0.674104210786	0.673432321321	0.684867931699	0.696817063925	0.672183729121	0.682643639105	0.669615530807	0.720588120139	0.722925625974	0.778441655069	0.70123595064	0.724950958259	0.716032833783	0.718803886508	0.722308399919	0.741364958154	0.718359060676	0.696117466009	0.714966882784	0.704967655425	0.679152769935	0.775673309988	0.716596564349	0.687751644276	0.699342806125	0.0	0.422652185111	0.657542130054	0.661797308231	0.668827531515	0.626622899953	0.650568537999	0.679247132498	0.671882866182	0.648678237638	0.709553731336	0.704421952973	0.662724921572	0.690052520542	0.67709834312	0.707050056377	0.687407974825	0.693711735942	0.658132320964	0.681112763154	0.699859923686	0.691797316886	0.704809588077	0.700547522683	0.716104560014	0.716560992685	0.652277888869	0.685318699228
AB6	0.675167275453	0.663306487259	0.727362975644	0.682480288639	0.696410904752	0.689436929112	0.683712531231	0.670710241805	0.69715085271	0.674887775204	0.690041790129	0.684466012394	0.672084324444	0.682237549798	0.691577916293	0.67033143358	0.721120739784	0.712318925069	0.796068827675	0.700025982617	0.737571556204	0.707414269375	0.719029219818	0.705332286533	0.74668521858	0.706713189977	0.698217853105	0.713592629932	0.695425210867	0.679243723623	0.761783175214	0.711796899406	0.683065151541	0.689205584241	0.422652185111	0.0	0.66430388281	0.661190678837	0.668028479343	0.651184243988	0.652140839211	0.678231865289	0.664177803774	0.586009861576	0.690536285575	0.688382641183	0.66407654802	0.679110872825	0.667271799771	0.688984370506	0.677932908429	0.688321936405	0.663309851027	0.675437467933	0.686040239656	0.688167155639	0.680277009909	0.691975007045	0.688078650887	0.689668240112	0.664213338331	0.697808400126
AC5	0.634579574475	0.654928428726	0.711021099314	0.671439606697	0.678227530008	0.654431876311	0.680751619374	0.65871197502	0.661231460507	0.679615991661	0.659254762447	0.685786199465	0.68300618589	0.668437584508	0.670198456422	0.651798774064	0.684166452577	0.682772238609	0.765368082064	0.689893882885	0.712838235347	0.691983584289	0.679172428757	0.687673802689	0.735979465367	0.708195650693	0.685910794061	0.682529914183	0.671693928585	0.650506824014	0.747447530967	0.689535732632	0.638398132325	0.66755845565	0.657542130054	0.66430388281	0.0	0.483427388007	0.636829259686	0.653871051069	0.629451670648	0.653095961227	0.595961644644	0.631820883723	0.661173101149	0.661897635897	0.65354519563	0.665531839614	0.622063872804	0.687535554252	0.644472965484	0.654116269489	0.63484432872	0.647238698572	0.624797518963	0.666727699047	0.656995689999	0.667820668337	0.656218462551	0.680609160002	0.632621646113	0.677612519825
AC6	0.653703660891	0.640548965318	0.731841410359	0.670392396003	0.680751676191	0.656609752385	0.675064636613	0.679551885704	0.687346779161	0.667577706605	0.677537691298	0.661382448141	0.692972429353	0.671077230196	0.680039127016	0.644653929374	0.694690027048	0.696368715671	0.777033846645	0.690618090424	0.735393584913	0.697365464174	0.70329796651	0.69941952052	0.760041628665	0.710520027623	0.686405557726	0.689196352395	0.696174101141	0.65817215269	0.767858341615	0.708408074707	0.633825860128	0.641146245511	0.661797308231	0.661190678837	0.483427388007	0.0	0.636442849194	0.648990628573	0.625889431237	0.545643012622	0.497977799431	0.628618238156	0.684318512635	0.658850138597	0.660000072155	0.675104682422	0.635311740411	0.648329032931	0.642485290482	0.650261751883	0.651414539093	0.642658950145	0.662065584685	0.664652614495	0.607103797519	0.662435188679	0.643952959209	0.659178864951	0.65398266424	0.68871538972
AD6	0.676840860947	0.64683547166	0.754483769843	0.690121187211	0.69210278901	0.654619872782	0.633017140828	0.622515155182	0.687413723126	0.609165336186	0.685092570475	0.680685208614	0.691131089424	0.682923051711	0.688269905929	0.658991823979	0.712985929853	0.704138716008	0.801827533826	0.699382742932	0.716080755834	0.685430267041	0.710393442792	0.702120933886	0.762829739795	0.710789667141	0.679989753828	0.675411964515	0.684617282917	0.684447811561	0.757345970507	0.696019686486	0.673954817499	0.665234140651	0.668827531515	0.668028479343	0.636829259686	0.636442849194	0.0	0.509362140162	0.438404810775	0.681776380182	0.654027439196	0.663592014505	0.681961893435	0.67064844544	0.670174013503	0.661132819473	0.647006422481	0.657612727995	0.665760510263	0.681514480991	0.635026488708	0.635894032996	0.660821236479	0.640077556697	0.643173949961	0.683161887915	0.661035098982	0.654833029646	0.652320004228	0.650628292626
AE5	0.667980496953	0.650446660233	0.733940409072	0.685413399504	0.648989943964	0.653489832608	0.634002584853	0.622882666175	0.680411541237	0.624756309335	0.675443928455	0.655455326465	0.700670376151	0.681350351731	0.695310399506	0.663830842785	0.734450052534	0.707657663832	0.787260384374	0.694831737605	0.725724113115	0.705870525007	0.710396610055	0.705980994663	0.751793749665	0.713888240131	0.700414685951	0.698020231136	0.691184299193	0.663896951522	0.753959516449	0.706050094944	0.675363151443	0.671337934735	0.626622899953	0.651184243988	0.653871051069	0.648990628573	0.509362140162	0.0	0.416811349657	0.673920826993	0.647006790299	0.659160234691	0.676895469748	0.68380021169	0.671769203693	0.658417681962	0.641250716609	0.65983839999	0.675149824677	0.67493151282	0.633906338619	0.648474052039	0.672822939424	0.641782367511	0.657902297423	0.697184405086	0.672586565266	0.659121488865	0.638891170214	0.657795389933
AE6	0.667048851533	0.642814969803	0.745323103719	0.691834883193	0.646625881803	0.640725959101	0.613556134698	0.620053509373	0.673118635996	0.609690763662	0.675447573067	0.647216048161	0.685274034668	0.675379200813	0.667813753749	0.634057351042	0.711501568016	0.683735443298	0.790342597986	0.676607293928	0.715921424128	0.669202182797	0.682254365804	0.693113673668	0.756903740337	0.690604411558	0.675343701065	0.663204468391	0.675028730136	0.660393354015	0.747613457374	0.683367976565	0.667979192526	0.650011311671	0.650568537999	0.652140839211	0.629451670648	0.625889431237	0.438404810775	0.416811349657	0.0	0.650805963533	0.621144255234	0.630184021698	0.662927885132	0.652709144898	0.674342579467	0.64491182788	0.627531398503	0.630589803405	0.65524416508	0.673641256779	0.633343835811	0.633578212323	0.65806495486	0.632378588966	0.635172931207	0.686181720323	0.641760262989	0.623345360158	0.630587858981	0.636337851977
AF5	0.673550392142	0.679206360157	0.69598421734	0.669986550564	0.650399730603	0.65460890563	0.67888526664	0.680350970216	0.6565226677	0.691217600272	0.681804633324	0.669191688647	0.672792983825	0.657420793321	0.681899855854	0.678893731966	0.712642313526	0.703010604041	0.731903917927	0.67038470317	0.730566760127	0.707606516118	0.680026104844	0.697912690845	0.739436811872	0.700483267512	0.684997513143	0.699095376631	0.680042532554	0.671783987522	0.742773837919	0.706448422166	0.626316812128	0.679470278754	0.679247132498	0.678231865289	0.653095961227	0.545643012622	0.681776380182	0.673920826993	0.650805963533	0.0	0.453042764633	0.644905675671	0.706841870771	0.683396732733	0.699532578796	0.700125802447	0.663328045306	0.678177517054	0.679173563467	0.717484051276	0.679253375154	0.703331998199	0.680342365874	0.689679071588	0.668624711149	0.712068326317	0.687024943601	0.677868337846	0.658970809916	0.702849875374
AF6	0.664935587818	0.656809293167	0.693738033729	0.656900762277	0.649300776225	0.632992840234	0.654764577911	0.65042883689	0.670281494295	0.65918489716	0.669915686614	0.650990884866	0.657283065187	0.664936185041	0.660907039362	0.648602082996	0.699414799036	0.686848707844	0.749929528451	0.665516995935	0.717369909825	0.698863728599	0.668386149136	0.678268431673	0.731174300909	0.680685843194	0.675078203845	0.686264157699	0.669035890762	0.663836883383	0.754185680976	0.696769197569	0.637983006733	0.656187903633	0.671882866182	0.664177803774	0.595961644644	0.497977799431	0.654027439196	0.647006790299	0.621144255234	0.453042764633	0.0	0.614582870586	0.682653726626	0.654577451617	0.675193245092	0.668184713456	0.634782596235	0.655157793486	0.664143263182	0.699237916378	0.678611894773	0.679290051283	0.66096013833	0.675035543145	0.646574538246	0.694084897784	0.65943337344	0.657210324228	0.650571149196	0.669183933452
