	AA3	AA4	AB3	AB4	AC3	AC4	AD3	AD4	AE3	AE4	AF3	AF4	AG3	AG4	AH3	AH4	AA7	AA8	AB7	AB8	AC7	AC8	AD7	AD8	AE7	AE8	AF7	AF8	AG7	AG8	AH7	AH8	AA5	AA6	AB5	AB6	AC5	AC6	AD6	AE5	AE6	AF5	AF6	AG5	AH5	AH6	AA1	AA2	AB1	AB2	AC1	AC2	AD1	AD2	AE1	AE2	AF1	AF2	AG1	AG2	AH1	AH2
AA3	0.0	0.496362630148	0.696059098335	0.637469367137	0.659410551506	0.675688322925	0.69182137291	0.705246072192	0.660585688607	0.709700446027	0.64735639987	0.677747993224	0.64892908466	0.60248681665	0.676190782607	0.480769374986	0.685689554558	0.677058598449	0.749444197144	0.685263292531	0.693372084964	0.692520969876	0.665901807984	0.698104291302	0.727956828844	0.698697714212	0.663045709713	0.692747382802	0.692512862371	0.671592807356	0.730684751855	0.694829627202	0.647378394319	0.6864200248	0.678090669917	0.680411114121	0.650659123618	0.663258913652	0.667841498114	0.676607344476	0.674862999449	0.677743203139	0.649489850434	0.683257801844	0.698664698688	0.707425736342	0.655798450388	0.68692121504	0.646104495141	0.682611702357	0.685078318411	0.684990572464	0.636452280527	0.665096882443	0.666690643806	0.666773970599	0.650052967127	0.664096445548	0.654702688396	0.686965380721	0.645754182107	0.689619704358
AA4	0.496362630148	0.0	0.700283220148	0.62770339999	0.655033037959	0.637094164168	0.656549073663	0.675281825349	0.658924048843	0.6712400858	0.657497064105	0.649580262557	0.664512785653	0.648109504441	0.500593026453	0.374045423167	0.687518003301	0.684859835571	0.766934411271	0.68095400919	0.70415970011	0.662957193702	0.677839835451	0.698078442435	0.728107446434	0.687699030001	0.664467226705	0.662343571525	0.687904490356	0.664806790884	0.748061310582	0.682682651875	0.660234034416	0.670597300714	0.663128336862	0.640361302565	0.658356521554	0.645120240449	0.632889037269	0.659683834445	0.640504716515	0.648867564914	0.633572030515	0.659061334203	0.684987068375	0.687232423736	0.657758061621	0.658308619802	0.659618705812	0.655217323052	0.670174643226	0.672777956303	0.643770764687	0.650400015558	0.654914060194	0.650466374277	0.646205316338	0.65504194674	0.634831111788	0.649030815705	0.63880605749	0.65490343943
AB3	0.696059098335	0.700283220148	0.0	0.645361050818	0.730821058409	0.74650651215	0.746425551901	0.756991264207	0.726160884724	0.764995534413	0.734527803821	0.765633519761	0.725463471406	0.601457288147	0.708712506638	0.704842657894	0.727410944373	0.750660813137	0.693448543909	0.699007937513	0.725640542343	0.740834063648	0.728589648454	0.756087326381	0.713332957331	0.743473750891	0.72053083833	0.743778508334	0.700535574193	0.710755675287	0.743476891116	0.755457415536	0.738914521046	0.786004583792	0.721489574331	0.738475872378	0.728799978242	0.72708161339	0.77539839796	0.76814836106	0.781927961374	0.7115793534	0.715103251834	0.757710219467	0.798638625445	0.803738913929	0.78044789135	0.792479100682	0.733020315856	0.776606289087	0.756385970255	0.784458715203	0.767168069585	0.778893618801	0.748255294241	0.776245322461	0.770419680688	0.772910821143	0.777929898624	0.778338432427	0.757170129198	0.781968649436
AB4	0.637469367137	0.62770339999	0.645361050818	0.0	0.688758834596	0.663492968154	0.70481165974	0.711224888762	0.68658906439	0.717469881632	0.667702943061	0.687265219077	0.404599172112	0.451719946721	0.663838693996	0.623472092772	0.702267183191	0.693143725462	0.751104842598	0.692329451435	0.685196557021	0.676907420088	0.699503415883	0.711233862129	0.725952311457	0.690990356796	0.680952129612	0.682926196147	0.667872636893	0.689351166544	0.729252437266	0.703670657516	0.694544619973	0.712632357647	0.671590366788	0.690397630535	0.682243380462	0.653741821622	0.688502637499	0.6863743086	0.704119457746	0.653419180633	0.647130558953	0.69277271873	0.721427423617	0.735861028572	0.694656635833	0.699094677473	0.6407706926	0.696109170468	0.693014640322	0.712012993877	0.6712346307	0.695377004341	0.705558210101	0.69114853467	0.696907582249	0.717081337196	0.708449342513	0.686812423645	0.673839219418	0.706847151725
AC3	0.659410551506	0.655033037959	0.730821058409	0.688758834596	0.0	0.555506550442	0.676718858973	0.671229969553	0.657783406387	0.685641070918	0.672154107551	0.478165499804	0.705978471848	0.68013632122	0.674844477877	0.66991352708	0.688473017886	0.698052014181	0.753888142324	0.693873399754	0.736714028853	0.71279116031	0.728618860967	0.736726428024	0.731030502715	0.720693709407	0.712719136314	0.725359449112	0.723493665123	0.704001986806	0.777515870476	0.715396960994	0.673429244739	0.701969450523	0.685618463241	0.680526620199	0.686240498457	0.668307953325	0.658308039383	0.662757846338	0.667484170639	0.665613002494	0.651932821775	0.682766549767	0.730752760579	0.714605036414	0.708692362035	0.71144290084	0.709901765242	0.702499167539	0.687213061881	0.693211846406	0.688560341553	0.705648604745	0.702484673177	0.703999513133	0.695258562608	0.682414791825	0.698100469814	0.68782918897	0.673778116978	0.698592551662
AC4	0.675688322925	0.637094164168	0.74650651215	0.663492968154	0.555506550442	0.0	0.643300183287	0.631392741239	0.656417736811	0.63741587778	0.500571580996	0.414840278478	0.680021585085	0.709500912955	0.66139052777	0.637372233169	0.662840661068	0.67223377031	0.763391378173	0.665339181633	0.694975163715	0.673368542235	0.69395279988	0.699017093604	0.74568117088	0.68020384452	0.705697725975	0.679345345959	0.691802170895	0.663497728588	0.724849052366	0.662143816188	0.651665705837	0.659105281087	0.656602532747	0.659455121959	0.659465032159	0.656750618854	0.649755287588	0.639815489855	0.642632963785	0.651371945534	0.642916250755	0.666927050639	0.683950139112	0.671729001414	0.719403939544	0.700471550509	0.678909797977	0.67297330415	0.681221090667	0.67879849349	0.667772316533	0.666635713603	0.682126187516	0.686384921889	0.654940169847	0.6798176678	0.673786201879	0.666220407139	0.66583903961	0.692131429261
AD3	0.69182137291	0.656549073663	0.746425551901	0.70481165974	0.676718858973	0.643300183287	0.0	0.444119772127	0.686637503075	0.369932686622	0.700032308145	0.640712796599	0.712106560547	0.697309577481	0.683529696154	0.654695485526	0.700591447257	0.68995299136	0.762361523597	0.655122850316	0.717950539779	0.680979119048	0.712737173788	0.698689482978	0.724749003768	0.677095043241	0.694763341026	0.668442552133	0.702112421377	0.665162204894	0.756112863018	0.67376721354	0.694383939181	0.664119075376	0.653340673899	0.666582849828	0.686982279601	0.666382179346	0.609164490606	0.628858603563	0.631759326681	0.673810553215	0.670712421677	0.688019700637	0.693668708548	0.685314277632	0.685019542338	0.690271351411	0.667292199456	0.657189403009	0.691290354165	0.669778738274	0.66912758615	0.660097653372	0.686658385954	0.676439874595	0.668706229414	0.681006638098	0.687745210084	0.657148747856	0.690109025029	0.669838664656
AD4	0.705246072192	0.675281825349	0.756991264207	0.711224888762	0.671229969553	0.631392741239	0.444119772127	0.0	0.614296872915	0.401492619809	0.67851495256	0.635130356603	0.712156694868	0.70159560775	0.702043134901	0.678505826958	0.701936629612	0.685931723383	0.767431228045	0.656554335891	0.710323695073	0.676393696835	0.692296500786	0.669017780374	0.743929875901	0.67210468799	0.694167767512	0.676205313178	0.68050705926	0.652823376048	0.715078712146	0.677101514923	0.701053637117	0.666011588631	0.670324074475	0.679234917355	0.680033150685	0.665403454675	0.634628098502	0.638257712492	0.644844838948	0.682221162057	0.672821674873	0.697368946465	0.683789147322	0.688573226655	0.683157587597	0.676060084996	0.682615957119	0.683427584964	0.699902001166	0.677191440544	0.686997084239	0.665075182106	0.676196709106	0.684408684253	0.686384692307	0.687862925302	0.712130425532	0.684813701127	0.683048136131	0.676219928522
AE3	0.660585688607	0.658924048843	0.726160884724	0.68658906439	0.657783406387	0.656417736811	0.686637503075	0.614296872915	0.0	0.652229415509	0.668432603907	0.667728080778	0.669779367716	0.665315173802	0.659295979664	0.663833612362	0.678496483754	0.683267481998	0.750718732758	0.695796933726	0.717239738145	0.711716235667	0.662641639994	0.686026176004	0.747120042781	0.692217320498	0.676078440165	0.707451131538	0.655632498817	0.668675860675	0.728411442322	0.688557346157	0.630567819018	0.710956622354	0.69752970706	0.703696698446	0.661112652901	0.675858161164	0.674037074894	0.681306474061	0.688985046686	0.656501685916	0.666382176417	0.69126213963	0.729581485113	0.738010161674	0.69639217578	0.717556717237	0.709877569347	0.72827133831	0.705871087862	0.72016008641	0.685610194739	0.707131071363	0.677162864466	0.714078720755	0.696657638627	0.727073510228	0.708078718908	0.725556823051	0.649520281915	0.719936829976
AE4	0.709700446027	0.6712400858	0.764995534413	0.717469881632	0.685641070918	0.63741587778	0.369932686622	0.401492619809	0.652229415509	0.0	0.70340665121	0.653317920754	0.720982213741	0.7128809709	0.701414794264	0.675814493408	0.709222815149	0.70562757225	0.784336381314	0.658514452214	0.726303867664	0.690317711731	0.708825380298	0.702694331955	0.738340393968	0.679292972622	0.715770917903	0.680123609424	0.689184413488	0.652096587465	0.727125839547	0.685029909742	0.69495992238	0.668767639852	0.670801713706	0.662083506685	0.702781565935	0.662532772405	0.606921457612	0.616180106781	0.625051927282	0.691027712585	0.688616097434	0.688195820853	0.696650305006	0.689960042025	0.692269979216	0.683000076901	0.689181854962	0.667948616298	0.698349814497	0.687640634548	0.686205858796	0.671807420598	0.688528530468	0.683056511283	0.680064047807	0.696339323713	0.691428691125	0.671268148367	0.689248060484	0.682455532297
AF3	0.64735639987	0.657497064105	0.734527803821	0.667702943061	0.672154107551	0.500571580996	0.700032308145	0.67851495256	0.668432603907	0.70340665121	0.0	0.553028664013	0.665585940285	0.681429745853	0.673677962114	0.663164722204	0.681907763435	0.681766995322	0.755469116227	0.67485995914	0.680981424545	0.698237225989	0.668818832958	0.704877062227	0.760585176614	0.712290283206	0.700578939672	0.699635496739	0.698929721053	0.67987891064	0.722703978895	0.696034685419	0.649053530109	0.682374357144	0.668419243667	0.680067137223	0.673196701309	0.670150939554	0.679658636758	0.677723175297	0.684405221165	0.673463543075	0.653252103696	0.688877860768	0.684458989437	0.696598024853	0.711137302429	0.71982565403	0.692845502304	0.725670934448	0.71212521876	0.705017352657	0.687579508489	0.708339257841	0.69490399007	0.716586630336	0.669843126787	0.702697389261	0.683748141639	0.71059559188	0.647947227529	0.706117926237
AF4	0.677747993224	0.649580262557	0.765633519761	0.687265219077	0.478165499804	0.414840278478	0.640712796599	0.635130356603	0.667728080778	0.653317920754	0.553028664013	0.0	0.703276927622	0.704640924129	0.691848036214	0.660729765082	0.694352662397	0.681086611451	0.764780118133	0.67917298196	0.704560314849	0.674240378368	0.715538043121	0.703274750652	0.740680780432	0.697837235695	0.702083381711	0.686082790034	0.701445075435	0.676583375169	0.761823731037	0.689508688052	0.661245055129	0.662199200397	0.642869953032	0.665914393934	0.669902877241	0.664939679255	0.647620171827	0.63907275134	0.640966220096	0.670992670966	0.651101847538	0.681671952071	0.688633050692	0.678201331602	0.694989377642	0.704129462829	0.686685285289	0.68227995484	0.686942786615	0.676939369642	0.663941278395	0.678335794368	0.707424565958	0.690067140412	0.677467873345	0.66250396475	0.692267665772	0.6769635812	0.674526709017	0.68715258462
AG3	0.64892908466	0.664512785653	0.725463471406	0.404599172112	0.705978471848	0.680021585085	0.712106560547	0.712156694868	0.669779367716	0.720982213741	0.665585940285	0.703276927622	0.0	0.492709120298	0.681644079691	0.651907129982	0.686338790527	0.682758785618	0.764140479938	0.703211637462	0.678256374997	0.698437661504	0.667114534181	0.69346820846	0.72517359024	0.688825033346	0.683372998925	0.702259524373	0.676331357725	0.694755634407	0.732740531012	0.70237787738	0.691676508495	0.707578097433	0.69027070224	0.691969207728	0.688731023534	0.652938396504	0.69288815712	0.688796372259	0.702106287343	0.671803434511	0.656639998894	0.697006023442	0.71276878848	0.722197115593	0.696889970096	0.705501441998	0.641910423438	0.702078374198	0.69382730184	0.714507466116	0.677338268444	0.687015382952	0.692032748296	0.680886520572	0.705604847214	0.726417003057	0.707272188054	0.688524904782	0.683015424172	0.705164096122
AG4	0.60248681665	0.648109504441	0.601457288147	0.451719946721	0.68013632122	0.709500912955	0.697309577481	0.70159560775	0.665315173802	0.7128809709	0.681429745853	0.704640924129	0.492709120298	0.0	0.688604381717	0.65147895508	0.702107992719	0.697220352012	0.719272125194	0.665328461129	0.698463770184	0.699365434372	0.692587113828	0.719683316449	0.711439031248	0.705291163691	0.692514460871	0.705838890718	0.676836082052	0.666065048466	0.74854390014	0.717310419972	0.679244969735	0.702706614096	0.666356325812	0.685339083825	0.669194155931	0.646385672054	0.684123485769	0.672426509498	0.695851496532	0.666828073931	0.629833378189	0.702809764711	0.713778150547	0.732986404003	0.686823992495	0.72064498579	0.651676966509	0.702230273187	0.685681612696	0.705030621806	0.665685758418	0.698295439305	0.695783799996	0.701587418468	0.694096079079	0.699948478728	0.708116574989	0.697496779019	0.662017369363	0.725590284452
AH3	0.676190782607	0.500593026453	0.708712506638	0.663838693996	0.674844477877	0.66139052777	0.683529696154	0.702043134901	0.659295979664	0.701414794264	0.673677962114	0.691848036214	0.681644079691	0.688604381717	0.0	0.531544953722	0.682377261862	0.695595749687	0.766833863618	0.694965834091	0.726216424449	0.706181863304	0.685186300765	0.694343768203	0.729782596462	0.682733565612	0.682667835029	0.698114336637	0.692705480722	0.692170860707	0.757380002639	0.705041744174	0.670779149664	0.719690446246	0.697155346028	0.68216822269	0.678012974563	0.683234283527	0.673798456504	0.68507721487	0.674418560952	0.668480295069	0.670561225538	0.69625842088	0.717679762886	0.719512040516	0.709659037349	0.695689130938	0.692760949396	0.699387262436	0.707367395567	0.727531424546	0.705446722694	0.701626857269	0.685174139323	0.711786132194	0.705536891206	0.700150473584	0.701083629759	0.688019559475	0.680188639405	0.679712136144
AH4	0.480769374986	0.374045423167	0.704842657894	0.623472092772	0.66991352708	0.637372233169	0.654695485526	0.678505826958	0.663833612362	0.675814493408	0.663164722204	0.660729765082	0.651907129982	0.65147895508	0.531544953722	0.0	0.691125021053	0.69191690326	0.76737603449	0.678751306759	0.714755056121	0.673445609207	0.6767996422	0.688705297143	0.727069824409	0.675508366813	0.657396458361	0.671173689945	0.686205814825	0.669974201028	0.745039636346	0.687815411464	0.6644235342	0.67508849086	0.657934596438	0.653495591588	0.665588318658	0.646991122825	0.636595956257	0.671650527514	0.640543651156	0.645900180402	0.642105510344	0.665613827525	0.692128310538	0.688230968819	0.675130445773	0.665453244072	0.642657751345	0.656107645382	0.656704646673	0.677749874201	0.645196905007	0.656117687047	0.67429201689	0.655564891903	0.659669272605	0.661997095385	0.650768581212	0.655300746664	0.643423977473	0.64691136145
AA7	0.685689554558	0.687518003301	0.727410944373	0.702267183191	0.688473017886	0.662840661068	0.700591447257	0.701936629612	0.678496483754	0.709222815149	0.681907763435	0.694352662397	0.686338790527	0.702107992719	0.682377261862	0.691125021053	0.0	0.512058767527	0.774887296355	0.686628255848	0.656188385758	0.676081547716	0.66609336742	0.695673479225	0.710791275851	0.678441124294	0.672237338345	0.671225743258	0.680122456908	0.679670458313	0.700452110905	0.529445977912	0.648652910613	0.728332425186	0.699721782558	0.707693006458	0.682856545496	0.686609683853	0.705864161711	0.734115092901	0.729045040203	0.686980764712	0.685827442627	0.724648915355	0.746949111292	0.740312901026	0.748538185764	0.745729694391	0.723625893782	0.747854742626	0.718699034279	0.745092824804	0.705359762974	0.70328000105	0.699712947391	0.723655222531	0.720143439113	0.732778224546	0.743668376527	0.737025585926	0.686904487412	0.722607554303
AA8	0.677058598449	0.684859835571	0.750660813137	0.693143725462	0.698052014181	0.67223377031	0.68995299136	0.685931723383	0.683267481998	0.70562757225	0.681766995322	0.681086611451	0.682758785618	0.697220352012	0.695595749687	0.69191690326	0.512058767527	0.0	0.759851359069	0.654531089898	0.631233579419	0.639997112731	0.659509586856	0.668447772022	0.68251482587	0.66951892679	0.671662351394	0.631125007542	0.643432723852	0.63276739495	0.5631969189	0.414427471756	0.67426079093	0.705783916378	0.709071724928	0.703357791475	0.696856599832	0.698812216681	0.689599573967	0.685837633223	0.696468954485	0.694713197752	0.684940315486	0.710192042006	0.711185898285	0.714340465183	0.722318773516	0.708802820679	0.696792926388	0.721085097646	0.7169976269	0.73458604197	0.676974677256	0.682542706618	0.6877494602	0.694014697497	0.724171350533	0.731148327179	0.73222645684	0.723547903586	0.688367489339	0.693722401828
AB7	0.749444197144	0.766934411271	0.693448543909	0.751104842598	0.753888142324	0.763391378173	0.762361523597	0.767431228045	0.750718732758	0.784336381314	0.755469116227	0.764780118133	0.764140479938	0.719272125194	0.766833863618	0.76737603449	0.774887296355	0.759851359069	0.0	0.558010412925	0.747469921714	0.756853218379	0.772537980107	0.794666515095	0.743215610395	0.777202055592	0.767302672424	0.772275573145	0.741862777099	0.619512381374	0.759486047783	0.767476237121	0.778321325197	0.787457110946	0.773905032864	0.780913714735	0.766382101351	0.747811187412	0.781251324973	0.783575984838	0.786400804478	0.718660738767	0.725255929417	0.785768756215	0.79821823291	0.800312898142	0.817713209572	0.805304578344	0.777172923622	0.794739641473	0.812889640236	0.800990126605	0.78971466012	0.798332800272	0.783849187843	0.800914721699	0.787790927545	0.802011939042	0.805122118933	0.797980026126	0.780087312926	0.806363681517
AB8	0.685263292531	0.68095400919	0.699007937513	0.692329451435	0.693873399754	0.665339181633	0.655122850316	0.656554335891	0.695796933726	0.658514452214	0.67485995914	0.67917298196	0.703211637462	0.665328461129	0.694965834091	0.678751306759	0.686628255848	0.654531089898	0.558010412925	0.0	0.65793769901	0.639109479929	0.675373278378	0.669252797584	0.679545796281	0.6600369795	0.664975580289	0.647499554348	0.514401530952	0.401122448452	0.704584217691	0.662227101545	0.693954744428	0.676499567576	0.679208910849	0.678820212556	0.670662060276	0.649933102577	0.675175480362	0.664752285116	0.679103141315	0.662187645244	0.65470284769	0.677027557714	0.697586893115	0.687184328217	0.734573417374	0.710138015737	0.673591985039	0.706282278863	0.689015498147	0.716970599512	0.680860527841	0.694410854929	0.686270124004	0.684397366272	0.695671758418	0.705197400502	0.710253451566	0.695538686416	0.672093335922	0.700145073371
AC7	0.693372084964	0.70415970011	0.725640542343	0.685196557021	0.736714028853	0.694975163715	0.717950539779	0.710323695073	0.717239738145	0.726303867664	0.680981424545	0.704560314849	0.678256374997	0.698463770184	0.726216424449	0.714755056121	0.656188385758	0.631233579419	0.747469921714	0.65793769901	0.0	0.503445477514	0.676853117364	0.674496026978	0.694479631303	0.681357387654	0.681540734814	0.572484128714	0.646531207129	0.648798633501	0.660960463973	0.657312256033	0.714465153793	0.701042237357	0.724132407061	0.73283043062	0.714214361705	0.708145089804	0.706895008643	0.713350596668	0.720755977931	0.711270848755	0.706880962536	0.723442119707	0.692918470505	0.702683359693	0.747132066552	0.746610148269	0.698580273801	0.736185146638	0.752064188237	0.7617277909	0.696252686625	0.698516162089	0.697017425556	0.698819873453	0.740658231061	0.731523882832	0.748260771907	0.721443792812	0.702261656547	0.733336446231
AC8	0.692520969876	0.662957193702	0.740834063648	0.676907420088	0.71279116031	0.673368542235	0.680979119048	0.676393696835	0.711716235667	0.690317711731	0.698237225989	0.674240378368	0.698437661504	0.699365434372	0.706181863304	0.673445609207	0.676081547716	0.639997112731	0.756853218379	0.639109479929	0.503445477514	0.0	0.681520165331	0.668841256748	0.705018057623	0.662021777619	0.513236973311	0.384278742777	0.633675091304	0.626883240718	0.70081340855	0.631262292018	0.707233537045	0.660459580193	0.702512785786	0.705850599062	0.706693281977	0.684440446033	0.675026757956	0.688505735289	0.681998701682	0.691431964592	0.690808212336	0.704793335429	0.678284948613	0.670090529669	0.722924202659	0.699359511143	0.676638123348	0.699156698971	0.705351184056	0.708229148229	0.673598015484	0.674737864872	0.67711312519	0.671604531472	0.705833399778	0.682515916051	0.704254735976	0.703571838223	0.674652811553	0.681353100876
AD7	0.665901807984	0.677839835451	0.728589648454	0.699503415883	0.728618860967	0.69395279988	0.712737173788	0.692296500786	0.662641639994	0.708825380298	0.668818832958	0.715538043121	0.667114534181	0.692587113828	0.685186300765	0.6767996422	0.66609336742	0.659509586856	0.772537980107	0.675373278378	0.676853117364	0.681520165331	0.0	0.46960430741	0.709351199834	0.522065228118	0.659100275968	0.677457084663	0.652138260948	0.655182319527	0.694085394002	0.680306182254	0.648755703703	0.694615943953	0.71425332306	0.697766748299	0.693402580146	0.675044699234	0.690299473798	0.698183431205	0.705463802666	0.675030507956	0.666117572354	0.702525792609	0.698570117838	0.709289908994	0.703765871675	0.697157721707	0.675195173939	0.716019948929	0.688524357165	0.724512491149	0.671140951216	0.67338304581	0.659746066073	0.68521448503	0.687052537509	0.715870341412	0.707959016325	0.696911758912	0.657597698174	0.692420777984
AD8	0.698104291302	0.698078442435	0.756087326381	0.711233862129	0.736726428024	0.699017093604	0.698689482978	0.669017780374	0.686026176004	0.702694331955	0.704877062227	0.703274750652	0.69346820846	0.719683316449	0.694343768203	0.688705297143	0.695673479225	0.668447772022	0.794666515095	0.669252797584	0.674496026978	0.668841256748	0.46960430741	0.0	0.591657514563	0.399668676717	0.635279370319	0.656041400642	0.645116277288	0.655826406797	0.703176787936	0.675220971223	0.680884292315	0.686481966162	0.723702140984	0.706898954894	0.702950321196	0.686052656868	0.69751796851	0.708798646725	0.705611917233	0.689207475371	0.680152804428	0.700114632328	0.697645160653	0.702319053595	0.714566862663	0.698008791224	0.679164097702	0.716766745382	0.702917756088	0.729021302015	0.680306961239	0.670567801175	0.670473014946	0.682772274143	0.71384009807	0.726039328151	0.722105515195	0.702389238304	0.688057513495	0.695218699261
AE7	0.727956828844	0.728107446434	0.713332957331	0.725952311457	0.731030502715	0.74568117088	0.724749003768	0.743929875901	0.747120042781	0.738340393968	0.760585176614	0.740680780432	0.72517359024	0.711439031248	0.729782596462	0.727069824409	0.710791275851	0.68251482587	0.743215610395	0.679545796281	0.694479631303	0.705018057623	0.709351199834	0.591657514563	0.0	0.510788054912	0.703160310097	0.702910518183	0.683916277727	0.690856129959	0.732786244823	0.707041924736	0.733464423917	0.751119118412	0.741890941598	0.754155640284	0.738311428711	0.739292113768	0.749449747134	0.749914604586	0.760365384215	0.7441289167	0.723186338821	0.752458972457	0.75345701294	0.767718127029	0.776774091617	0.774693694823	0.724181384348	0.767273744394	0.764220856659	0.790454407744	0.74190130751	0.747377766853	0.730629189126	0.752328528352	0.778117716378	0.790409536254	0.779802531407	0.75766269384	0.748090250402	0.772974466155
AE8	0.698697714212	0.687699030001	0.743473750891	0.690990356796	0.720693709407	0.68020384452	0.677095043241	0.67210468799	0.692217320498	0.679292972622	0.712290283206	0.697837235695	0.688825033346	0.705291163691	0.682733565612	0.675508366813	0.678441124294	0.66951892679	0.777202055592	0.6600369795	0.681357387654	0.662021777619	0.522065228118	0.399668676717	0.510788054912	0.0	0.648717299471	0.649645112365	0.643207258189	0.64022739116	0.717790921473	0.659315766762	0.677340187587	0.683553571806	0.702618871917	0.709407298412	0.701146134884	0.681369621273	0.698088098382	0.702322153025	0.70452758016	0.684933034017	0.676419763389	0.699608171478	0.700372744218	0.703984546748	0.720238575339	0.711121659005	0.678363829104	0.726966944763	0.705419293086	0.729260021596	0.683384218438	0.669129381214	0.680843020385	0.689275022207	0.705921096276	0.723702626042	0.726139411152	0.714797558092	0.687585111948	0.6989117212
AF7	0.663045709713	0.664467226705	0.72053083833	0.680952129612	0.712719136314	0.705697725975	0.694763341026	0.694167767512	0.676078440165	0.715770917903	0.700578939672	0.702083381711	0.683372998925	0.692514460871	0.682667835029	0.657396458361	0.672237338345	0.671662351394	0.767302672424	0.664975580289	0.681540734814	0.513236973311	0.659100275968	0.635279370319	0.703160310097	0.648717299471	0.0	0.468387643615	0.648348388761	0.65964003791	0.721014618495	0.659739912336	0.677202055369	0.700225860964	0.703472095563	0.706960462466	0.692477728935	0.686992293786	0.681869542124	0.6985028887	0.681912901221	0.671317234618	0.673502111302	0.699303993365	0.721438766677	0.725050505147	0.709392016098	0.693906708454	0.681100204978	0.712962203503	0.688036519578	0.706667472522	0.674939386611	0.689302269541	0.665775836375	0.680208466728	0.68763044851	0.701904893116	0.69930891405	0.722586534785	0.664092475453	0.679115122713
AF8	0.692747382802	0.662343571525	0.743778508334	0.682926196147	0.725359449112	0.679345345959	0.668442552133	0.676205313178	0.707451131538	0.680123609424	0.699635496739	0.686082790034	0.702259524373	0.705838890718	0.698114336637	0.671173689945	0.671225743258	0.631125007542	0.772275573145	0.647499554348	0.572484128714	0.384278742777	0.677457084663	0.656041400642	0.702910518183	0.649645112365	0.468387643615	0.0	0.645103624977	0.635386525194	0.693761449318	0.617277559332	0.697668575757	0.672038659717	0.705515442638	0.706087433962	0.69834622094	0.679346710194	0.678715382977	0.687552109589	0.671551668627	0.687743006529	0.688778257398	0.70341267802	0.688993822591	0.685427314562	0.712907243299	0.704122478418	0.669310937388	0.694163661191	0.697599997778	0.700287597975	0.666658444331	0.671310638435	0.657833602046	0.6585620353	0.694524056047	0.679556690087	0.701356220596	0.697891760658	0.669506472389	0.676823224054
AG7	0.692512862371	0.687904490356	0.700535574193	0.667872636893	0.723493665123	0.691802170895	0.702112421377	0.68050705926	0.655632498817	0.689184413488	0.698929721053	0.701445075435	0.676331357725	0.676836082052	0.692705480722	0.686205814825	0.680122456908	0.643432723852	0.741862777099	0.514401530952	0.646531207129	0.633675091304	0.652138260948	0.645116277288	0.683916277727	0.643207258189	0.648348388761	0.645103624977	0.0	0.45716505764	0.680903805523	0.666673510684	0.688681029941	0.700102387802	0.703740683217	0.686618841464	0.664598610036	0.673795092584	0.678926997817	0.684352342568	0.695035024644	0.667962796136	0.694398969912	0.684574162272	0.701758919271	0.714260058424	0.716993018462	0.712299808619	0.669644798885	0.720430553936	0.674311554847	0.736292437672	0.65765625269	0.694865280268	0.686943624487	0.690680852556	0.698151551875	0.724397268468	0.702921710308	0.711463195303	0.675429534255	0.710677069831
AG8	0.671592807356	0.664806790884	0.710755675287	0.689351166544	0.704001986806	0.663497728588	0.665162204894	0.652823376048	0.668675860675	0.652096587465	0.67987891064	0.676583375169	0.694755634407	0.666065048466	0.692170860707	0.669974201028	0.679670458313	0.63276739495	0.619512381374	0.401122448452	0.648798633501	0.626883240718	0.655182319527	0.655826406797	0.690856129959	0.64022739116	0.65964003791	0.635386525194	0.45716505764	0.0	0.702461925686	0.648397863928	0.68056813848	0.66848728587	0.683917541223	0.66843028874	0.652241801743	0.633179422073	0.652299780988	0.659987880556	0.655465812176	0.656951534655	0.658586880793	0.662041975231	0.677710101202	0.67361478314	0.712805471154	0.688671691933	0.668654202195	0.695546620605	0.688589820795	0.716448181821	0.660462848762	0.673956194506	0.675797376611	0.67212655633	0.678836267413	0.697181810966	0.702299179973	0.685749998943	0.663051279852	0.693566080612
AH7	0.730684751855	0.748061310582	0.743476891116	0.729252437266	0.777515870476	0.724849052366	0.756112863018	0.715078712146	0.728411442322	0.727125839547	0.722703978895	0.761823731037	0.732740531012	0.74854390014	0.757380002639	0.745039636346	0.700452110905	0.5631969189	0.759486047783	0.704584217691	0.660960463973	0.70081340855	0.694085394002	0.703176787936	0.732786244823	0.717790921473	0.721014618495	0.693761449318	0.680903805523	0.702461925686	0.0	0.528590261855	0.715397877664	0.762648260381	0.766702801492	0.767187612512	0.753732958064	0.74082712105	0.751162324217	0.743226701153	0.752193890657	0.732466754196	0.745581730539	0.752124854515	0.764942799959	0.769324004896	0.769465217723	0.762414644416	0.751045416942	0.767873385934	0.782166887806	0.786422183592	0.737324163262	0.737676193169	0.735312568305	0.738647560038	0.772913501392	0.797234826938	0.77305562149	0.770849601457	0.752925296951	0.753191289345
AH8	0.694829627202	0.682682651875	0.755457415536	0.703670657516	0.715396960994	0.662143816188	0.67376721354	0.677101514923	0.688557346157	0.685029909742	0.696034685419	0.689508688052	0.70237787738	0.717310419972	0.705041744174	0.687815411464	0.529445977912	0.414427471756	0.767476237121	0.662227101545	0.657312256033	0.631262292018	0.680306182254	0.675220971223	0.707041924736	0.659315766762	0.659739912336	0.617277559332	0.666673510684	0.648397863928	0.528590261855	0.0	0.676334688221	0.708067990215	0.713825939307	0.717574446296	0.701021717823	0.697266736208	0.70136725221	0.696934634879	0.693588590226	0.697766371049	0.703562210463	0.719716742235	0.712822366969	0.715334450758	0.726430096328	0.712648163836	0.717341958231	0.721557633383	0.720726203784	0.734725446606	0.693866247767	0.679989746856	0.700270346754	0.696489653164	0.717740713031	0.735233929143	0.729906245072	0.727831175993	0.703162020186	0.700600936453
AA5	0.647378394319	0.660234034416	0.738914521046	0.694544619973	0.673429244739	0.651665705837	0.694383939181	0.701053637117	0.630567819018	0.69495992238	0.649053530109	0.661245055129	0.691676508495	0.679244969735	0.670779149664	0.6644235342	0.648652910613	0.67426079093	0.778321325197	0.693954744428	0.714465153793	0.707233537045	0.648755703703	0.680884292315	0.733464423917	0.677340187587	0.677202055369	0.697668575757	0.688681029941	0.68056813848	0.715397877664	0.676334688221	0.0	0.603131592472	0.66458695377	0.679727619724	0.655482040341	0.64383824917	0.672671790708	0.695776898716	0.682982038511	0.64654548097	0.645477276647	0.662205668387	0.713446838666	0.649957387004	0.693868456126	0.705564044646	0.704722813816	0.708889086737	0.700352970594	0.712326959881	0.67260292105	0.681203803592	0.673027443687	0.705411347353	0.652890428633	0.70842825941	0.671774286463	0.696671560456	0.645848795409	0.692594103592
AA6	0.6864200248	0.670597300714	0.786004583792	0.712632357647	0.701969450523	0.659105281087	0.664119075376	0.666011588631	0.710956622354	0.668767639852	0.682374357144	0.662199200397	0.707578097433	0.702706614096	0.719690446246	0.67508849086	0.728332425186	0.705783916378	0.787457110946	0.676499567576	0.701042237357	0.660459580193	0.694615943953	0.686481966162	0.751119118412	0.683553571806	0.700225860964	0.672038659717	0.700102387802	0.66848728587	0.762648260381	0.708067990215	0.603131592472	0.0	0.682896130189	0.659827724566	0.659353006786	0.629754424918	0.66061441117	0.662187109698	0.657472127791	0.678299378379	0.654897962197	0.67538992118	0.467485617998	0.40697006587	0.690809069736	0.6954046292	0.672173515465	0.685420020379	0.674872996665	0.674175406956	0.671624890752	0.686593057808	0.686825314852	0.682328566462	0.668005761611	0.662721280419	0.66321273498	0.684051795231	0.650960649316	0.666900707473
AB5	0.678090669917	0.663128336862	0.721489574331	0.671590366788	0.685618463241	0.656602532747	0.653340673899	0.670324074475	0.69752970706	0.670801713706	0.668419243667	0.642869953032	0.69027070224	0.666356325812	0.697155346028	0.657934596438	0.699721782558	0.709071724928	0.773905032864	0.679208910849	0.724132407061	0.702512785786	0.71425332306	0.723702140984	0.741890941598	0.702618871917	0.703472095563	0.705515442638	0.703740683217	0.683917541223	0.766702801492	0.713825939307	0.66458695377	0.682896130189	0.0	0.433496507485	0.656080709189	0.663331545366	0.639754789926	0.634239859887	0.653607326513	0.684680616705	0.662428474809	0.652707169499	0.709290654386	0.706339010183	0.674811493893	0.703516243707	0.676352493698	0.701154471812	0.680069506124	0.699709997233	0.658375200222	0.678871226926	0.701877829725	0.682719235096	0.682404444807	0.682759599741	0.702632909925	0.708466234966	0.646964205456	0.692275335081
AB6	0.680411114121	0.640361302565	0.738475872378	0.690397630535	0.680526620199	0.659455121959	0.666582849828	0.679234917355	0.703696698446	0.662083506685	0.680067137223	0.665914393934	0.691969207728	0.685339083825	0.68216822269	0.653495591588	0.707693006458	0.703357791475	0.780913714735	0.678820212556	0.73283043062	0.705850599062	0.697766748299	0.706898954894	0.754155640284	0.709407298412	0.706960462466	0.706087433962	0.686618841464	0.66843028874	0.767187612512	0.717574446296	0.679727619724	0.659827724566	0.433496507485	0.0	0.659691000945	0.642601014735	0.645545847305	0.630781995437	0.637742609062	0.68451320392	0.653830696467	0.55436867971	0.678034968461	0.662314648953	0.673003567161	0.686602737448	0.668638553551	0.679348354618	0.680824018407	0.684832342834	0.671634115124	0.674490570248	0.687389124437	0.676952596268	0.676809158768	0.675722941148	0.671254145894	0.689324295256	0.645282426077	0.676634773926
AC5	0.650659123618	0.658356521554	0.728799978242	0.682243380462	0.686240498457	0.659465032159	0.686982279601	0.680033150685	0.661112652901	0.702781565935	0.673196701309	0.669902877241	0.688731023534	0.669194155931	0.678012974563	0.665588318658	0.682856545496	0.696856599832	0.766382101351	0.670662060276	0.714214361705	0.706693281977	0.693402580146	0.702950321196	0.738311428711	0.701146134884	0.692477728935	0.69834622094	0.664598610036	0.652241801743	0.753732958064	0.701021717823	0.655482040341	0.659353006786	0.656080709189	0.659691000945	0.0	0.497042398872	0.653221146349	0.655827849302	0.65456698065	0.674479625785	0.611938082369	0.665120513538	0.661637123302	0.669043037543	0.651708838909	0.69021805782	0.635030393241	0.6849516886	0.656734065417	0.678412819068	0.644324633168	0.664452152438	0.635818014249	0.669615014879	0.653531740993	0.668612757487	0.66100352446	0.68404631	0.635945265129	0.677084200921
AC6	0.663258913652	0.645120240449	0.72708161339	0.653741821622	0.668307953325	0.656750618854	0.666382179346	0.665403454675	0.675858161164	0.662532772405	0.670150939554	0.664939679255	0.652938396504	0.646385672054	0.683234283527	0.646991122825	0.686609683853	0.698812216681	0.747811187412	0.649933102577	0.708145089804	0.684440446033	0.675044699234	0.686052656868	0.739292113768	0.681369621273	0.686992293786	0.679346710194	0.673795092584	0.633179422073	0.74082712105	0.697266736208	0.64383824917	0.629754424918	0.663331545366	0.642601014735	0.497042398872	0.0	0.630924078525	0.639100095445	0.633703414937	0.543584085239	0.489345893003	0.629510660585	0.661986740454	0.654043502945	0.664353667799	0.686387444054	0.629856030914	0.655011082721	0.652341085991	0.663951148622	0.653947013344	0.656533196424	0.659035493832	0.660818514272	0.637277453993	0.677571613922	0.643137500764	0.646002191953	0.634965636937	0.687199374967
AD6	0.667841498114	0.632889037269	0.77539839796	0.688502637499	0.658308039383	0.649755287588	0.609164490606	0.634628098502	0.674037074894	0.606921457612	0.679658636758	0.647620171827	0.69288815712	0.684123485769	0.673798456504	0.636595956257	0.705864161711	0.689599573967	0.781251324973	0.675175480362	0.706895008643	0.675026757956	0.690299473798	0.69751796851	0.749449747134	0.698088098382	0.681869542124	0.678715382977	0.678926997817	0.652299780988	0.751162324217	0.70136725221	0.672671790708	0.66061441117	0.639754789926	0.645545847305	0.653221146349	0.630924078525	0.0	0.489000610583	0.406892425459	0.649758723039	0.653193616972	0.667360659564	0.668632166066	0.670105130961	0.679926953578	0.657542904769	0.669185175378	0.654228687697	0.675096154154	0.673367798981	0.633242477699	0.653316192676	0.652239302967	0.648179668582	0.639429616958	0.678988938772	0.650028062521	0.638857806058	0.633457205249	0.660796626826
AE5	0.676607344476	0.659683834445	0.76814836106	0.6863743086	0.662757846338	0.639815489855	0.628858603563	0.638257712492	0.681306474061	0.616180106781	0.677723175297	0.63907275134	0.688796372259	0.672426509498	0.68507721487	0.671650527514	0.734115092901	0.685837633223	0.783575984838	0.664752285116	0.713350596668	0.688505735289	0.698183431205	0.708798646725	0.749914604586	0.702322153025	0.6985028887	0.687552109589	0.684352342568	0.659987880556	0.743226701153	0.696934634879	0.695776898716	0.662187109698	0.634239859887	0.630781995437	0.655827849302	0.639100095445	0.489000610583	0.0	0.380567932924	0.673133777289	0.658355003316	0.664524478446	0.660231739055	0.672867668021	0.675170913155	0.668327797687	0.645460567945	0.651841125094	0.669925033221	0.678390051472	0.638558630113	0.655920595662	0.663816247749	0.647905607975	0.648176707696	0.685173222469	0.666581465381	0.654214994368	0.629043011755	0.66838186155
AE6	0.674862999449	0.640504716515	0.781927961374	0.704119457746	0.667484170639	0.642632963785	0.631759326681	0.644844838948	0.688985046686	0.625051927282	0.684405221165	0.640966220096	0.702106287343	0.695851496532	0.674418560952	0.640543651156	0.729045040203	0.696468954485	0.786400804478	0.679103141315	0.720755977931	0.681998701682	0.705463802666	0.705611917233	0.760365384215	0.70452758016	0.681912901221	0.671551668627	0.695035024644	0.655465812176	0.752193890657	0.693588590226	0.682982038511	0.657472127791	0.653607326513	0.637742609062	0.65456698065	0.633703414937	0.406892425459	0.380567932924	0.0	0.671643083318	0.647038825726	0.67675180457	0.659877711755	0.657283436889	0.676699565544	0.640236313282	0.641766256642	0.637650024061	0.669965653396	0.672244009225	0.634137692473	0.636529430608	0.653607645486	0.630269862677	0.646939659606	0.678037300004	0.652169676214	0.637637100506	0.625185707975	0.640055593937
AF5	0.677743203139	0.648867564914	0.7115793534	0.653419180633	0.665613002494	0.651371945534	0.673810553215	0.682221162057	0.656501685916	0.691027712585	0.673463543075	0.670992670966	0.671803434511	0.666828073931	0.668480295069	0.645900180402	0.686980764712	0.694713197752	0.718660738767	0.662187645244	0.711270848755	0.691431964592	0.675030507956	0.689207475371	0.7441289167	0.684933034017	0.671317234618	0.687743006529	0.667962796136	0.656951534655	0.732466754196	0.697766371049	0.64654548097	0.678299378379	0.684680616705	0.68451320392	0.674479625785	0.543584085239	0.649758723039	0.673133777289	0.671643083318	0.0	0.484566747246	0.656465545336	0.704431063089	0.700608587536	0.704156206459	0.720224230291	0.667526398262	0.678060793344	0.692343684147	0.721549655783	0.671613422563	0.695551704855	0.698973120334	0.696929903387	0.670793924216	0.712188829372	0.680525136044	0.662592378871	0.65347132732	0.706262644811
AF6	0.649489850434	0.633572030515	0.715103251834	0.647130558953	0.651932821775	0.642916250755	0.670712421677	0.672821674873	0.666382176417	0.688616097434	0.653252103696	0.651101847538	0.656639998894	0.629833378189	0.670561225538	0.642105510344	0.685827442627	0.684940315486	0.725255929417	0.65470284769	0.706880962536	0.690808212336	0.666117572354	0.680152804428	0.723186338821	0.676419763389	0.673502111302	0.688778257398	0.694398969912	0.658586880793	0.745581730539	0.703562210463	0.645477276647	0.654897962197	0.662428474809	0.653830696467	0.611938082369	0.489345893003	0.653193616972	0.658355003316	0.647038825726	0.484566747246	0.0	0.637437322815	0.684391314873	0.678169482311	0.682628477332	0.69915555367	0.652241259243	0.679441297722	0.684191104647	0.687695588442	0.66917080787	0.67596575038	0.674008999708	0.684843549415	0.647740855722	0.686053077535	0.657486093221	0.660894789721	0.639865175312	0.702556960664
