	AA3	AA4	AB3	AB4	AC3	AC4	AD3	AD4	AE3	AE4	AF3	AF4	AG3	AG4	AH3	AH4	AA7	AA8	AB7	AB8	AC7	AC8	AD7	AD8	AE7	AE8	AF7	AF8	AG7	AG8	AH7	AH8	AA5	AA6	AB5	AB6	AC5	AC6	AD6	AE5	AE6	AF5	AF6	AG5	AH5	AH6	AA1	AA2	AB1	AB2	AC1	AC2	AD1	AD2	AE1	AE2	AF1	AF2	AG1	AG2	AH1	AH2
AA3	0.0	0.504069704753	0.675233424183	0.642073054324	0.683246983319	0.672865346587	0.693625088245	0.697450494021	0.648416727289	0.707071411589	0.647257704808	0.679411745478	0.65391615288	0.616900447065	0.677179652732	0.495162659524	0.686958310042	0.672955867634	0.749224869248	0.699807085657	0.696953462208	0.683233783964	0.671158886256	0.694571661795	0.72566558793	0.706139058795	0.658923085208	0.684575294707	0.691230823746	0.705368738596	0.733377731718	0.696891588368	0.647060907255	0.686579935872	0.677327614699	0.691127329418	0.633427225806	0.655457600892	0.663466991925	0.69650331818	0.681755470874	0.693662360468	0.662868499605	0.657833719325	0.711091768313	0.694552939834	0.672216780227	0.705859354108	0.65350863243	0.690312611874	0.67487836037	0.679811539366	0.642766388137	0.660274784816	0.6841591881	0.685258899917	0.653455628239	0.690142160067	0.657510430229	0.693527927309	0.650580547191	0.700914110449
AA4	0.504069704753	0.0	0.712736250038	0.651869726983	0.649776549749	0.63937309146	0.663106267095	0.652315989515	0.684230337496	0.657168129286	0.674292392115	0.645833086745	0.674439615273	0.654064551128	0.521639803124	0.344134157421	0.695648271022	0.690344109999	0.764723460042	0.686597754193	0.717698322272	0.679304971852	0.691412321696	0.702322117957	0.738761660991	0.697018806174	0.649850341465	0.671370758407	0.701339223873	0.690856476858	0.752364984804	0.687574904842	0.6578189048	0.672695832253	0.662396824874	0.6637302801	0.662379662405	0.633344830431	0.641514172161	0.669251916216	0.656946381574	0.67018443917	0.652218777296	0.640518941966	0.693551261292	0.669324791269	0.667908927848	0.653422866989	0.649989528298	0.663727366363	0.664830756611	0.662351897017	0.648521260089	0.644029147621	0.670674546681	0.642398331305	0.641872122118	0.666232002896	0.649992545523	0.636265677873	0.64867206812	0.647251923729
AB3	0.675233424183	0.712736250038	0.0	0.671615564064	0.721942079771	0.743578169218	0.744050775163	0.755389115054	0.698037563265	0.750129041724	0.731319977273	0.747881342041	0.728755324537	0.604236849983	0.692090902511	0.712923274234	0.736557357105	0.7488526735	0.711036331331	0.707835045409	0.755131427152	0.739962893998	0.742605477737	0.769371284481	0.740382676213	0.753429878939	0.734126455481	0.763199986766	0.709466808418	0.71935933043	0.769373320271	0.759316036963	0.724958573953	0.77860644728	0.705330489801	0.746256378724	0.729963341237	0.732911582148	0.77072577143	0.753255783578	0.763348224186	0.713711658068	0.720528100841	0.73323509947	0.797113447678	0.789531906316	0.769323336883	0.784255700834	0.737388125951	0.773703983795	0.751402488777	0.765882334982	0.732192199653	0.766992365408	0.759289904979	0.776976953559	0.754551405283	0.762139918487	0.753338918877	0.770975018548	0.733758638757	0.783438254876
AB4	0.642073054324	0.651869726983	0.671615564064	0.0	0.675668349811	0.675145789569	0.684486342363	0.691995104319	0.675618405634	0.698976957999	0.680241976907	0.67613570304	0.458159621644	0.440126895276	0.678952376328	0.654013364972	0.688009803824	0.685486196708	0.751996915142	0.677001298673	0.699974724125	0.670679578009	0.678694400694	0.69746560003	0.728789900584	0.700372402442	0.649775411542	0.670543725082	0.67079747793	0.68617641205	0.742906005646	0.698962424588	0.686419940419	0.698528253584	0.688400412001	0.686022693201	0.671605556228	0.664507742166	0.689579181708	0.703356196777	0.699107538901	0.66942568211	0.661316460159	0.678633732994	0.717619120651	0.715029410855	0.697098170652	0.702750309969	0.63833073814	0.701812022946	0.678185923741	0.687115356488	0.673406718055	0.672028418545	0.690113690239	0.68400322645	0.682755917517	0.69499014027	0.680846216721	0.690336740067	0.67731052823	0.708733516875
AC3	0.683246983319	0.649776549749	0.721942079771	0.675668349811	0.0	0.491624884097	0.669610411601	0.663705466215	0.644084561074	0.659877334237	0.688687554468	0.425376615001	0.692721081471	0.688045949289	0.667925852356	0.667069919326	0.681358724013	0.678850056821	0.757005447863	0.679112706203	0.707102395951	0.693963684202	0.708534485162	0.711896571843	0.716887425063	0.699546042404	0.69597208959	0.694566775873	0.694970984281	0.695699615655	0.744870055072	0.69482430872	0.670020601748	0.68966364699	0.684041608442	0.686675379279	0.685991802902	0.683048595629	0.673429226593	0.661267160339	0.667661697725	0.661989498843	0.651275684724	0.663098130655	0.719557977701	0.691447809179	0.717610415025	0.699982306885	0.684180512631	0.678255429736	0.66588703832	0.690275430994	0.698945487682	0.678337578708	0.677695345723	0.683192281977	0.697883017473	0.700251417535	0.68684907148	0.679698473215	0.684794605665	0.712810347524
AC4	0.672865346587	0.63937309146	0.743578169218	0.675145789569	0.491624884097	0.0	0.673342549526	0.65986894172	0.665479336926	0.659085954673	0.517148129188	0.377685155084	0.689029838962	0.693667388646	0.665166331466	0.639181129083	0.687874535393	0.656549078576	0.748700530969	0.659079206095	0.681289478124	0.658189834835	0.692630019991	0.696123521185	0.735877869359	0.691312443709	0.682008963728	0.664725369816	0.686060213162	0.671621938913	0.727607975787	0.665800084282	0.667122046972	0.658806406031	0.657807652217	0.66570024976	0.664049488661	0.658076081337	0.659198335715	0.65519782607	0.656778758031	0.634340626083	0.635971246094	0.634822436244	0.677692466847	0.645601532844	0.716138805046	0.69635229665	0.671535739352	0.663253318337	0.667349867687	0.694259228555	0.697745239273	0.672750841614	0.687529446053	0.685521661205	0.682854978371	0.675059140539	0.676741617214	0.669032393885	0.660233566623	0.698575995855
AD3	0.693625088245	0.663106267095	0.744050775163	0.684486342363	0.669610411601	0.673342549526	0.0	0.436190112195	0.679797017422	0.360315946676	0.70478902923	0.664206908124	0.712315592416	0.717153431526	0.685314795096	0.663024754843	0.71408622235	0.685756741985	0.765888989811	0.671573297866	0.715515936983	0.667725396102	0.713060496221	0.696588362339	0.727545480516	0.681149324172	0.682524051729	0.674419288465	0.700855943353	0.685048682182	0.722896025415	0.693885345814	0.705451774288	0.669916016881	0.680440947635	0.67151253338	0.680071821391	0.666290297363	0.622602560742	0.65518570178	0.625231010364	0.695814500363	0.680836960676	0.67692821589	0.698761292331	0.683126982654	0.686384365929	0.663891506561	0.667284018803	0.655139392599	0.677966728179	0.693746498171	0.671783671809	0.658830786196	0.680054059616	0.676197875747	0.691366358398	0.689303495311	0.68220886183	0.653849291325	0.696911186168	0.643476170448
AD4	0.697450494021	0.652315989515	0.755389115054	0.691995104319	0.663705466215	0.65986894172	0.436190112195	0.0	0.609116746102	0.37608798279	0.690157796187	0.655732384476	0.715090948835	0.71948681755	0.701718388837	0.653046206029	0.719020017414	0.684703749631	0.78058285281	0.655676919474	0.734702552981	0.691490114688	0.701385117722	0.67981125339	0.739495333051	0.688081211632	0.669592827168	0.68390959776	0.679704408182	0.650967666122	0.713257239568	0.687959452473	0.682937376218	0.672933582658	0.6978836952	0.687864000025	0.679646771775	0.670748825008	0.653817263585	0.671762494156	0.650635094694	0.708153804154	0.671888878686	0.670936382872	0.700376695755	0.677896485477	0.696352504077	0.669259027549	0.679291372486	0.661684267994	0.680700977474	0.70468575514	0.690584465296	0.668606748777	0.666756238435	0.661631781512	0.688276454124	0.685851249263	0.684950026424	0.662561023094	0.694643828909	0.64469388053
AE3	0.648416727289	0.684230337496	0.698037563265	0.675618405634	0.644084561074	0.665479336926	0.679797017422	0.609116746102	0.0	0.641293713712	0.659226568084	0.664444320792	0.673433924057	0.694987587244	0.664848444299	0.672007702604	0.668596269189	0.673116891263	0.761873593398	0.677950342365	0.71458618506	0.710458246313	0.655993052194	0.682104785723	0.741293855078	0.697961064513	0.674453374659	0.725686210339	0.661199494466	0.696016630745	0.733614316038	0.695788829508	0.633902889338	0.707705633546	0.692363240771	0.703745767398	0.651230751523	0.676420956774	0.677527281846	0.690437626687	0.690272205177	0.669719894647	0.669396429202	0.669883581488	0.738644229573	0.722205082756	0.694716832462	0.728568893898	0.691877380244	0.702284711352	0.686241361565	0.718818958136	0.674187780871	0.688367355449	0.674187609953	0.7055427399	0.69825364274	0.729881589637	0.704139900369	0.715457270032	0.659525043069	0.727809403195
AE4	0.707071411589	0.657168129286	0.750129041724	0.698976957999	0.659877334237	0.659085954673	0.360315946676	0.37608798279	0.641293713712	0.0	0.703874518114	0.647410630932	0.724303377748	0.729439945893	0.70068797149	0.662772011502	0.724565233014	0.689562221834	0.785361767621	0.663727603123	0.737640191417	0.688142458435	0.719221806287	0.701955363596	0.743672081402	0.702495450368	0.685269796579	0.68626313846	0.687845394622	0.661654429636	0.733219025351	0.697036191053	0.694604257312	0.665346603714	0.683486877398	0.667825567585	0.691270127593	0.661476862335	0.637500994461	0.64691153663	0.625813095969	0.70769053906	0.682602958425	0.670287879486	0.701008298025	0.672633361822	0.698620945122	0.668344761581	0.68516235457	0.661503306793	0.674822253307	0.701695286387	0.691690880367	0.671750514202	0.68896227715	0.679088336061	0.690051186172	0.685736617753	0.692121199774	0.65801978261	0.69912665389	0.657410861067
AF3	0.647257704808	0.674292392115	0.731319977273	0.680241976907	0.688687554468	0.517148129188	0.70478902923	0.690157796187	0.659226568084	0.703874518114	0.0	0.554749460904	0.66628867092	0.689310592033	0.663934574004	0.66625557429	0.684942881488	0.67078228407	0.74936587424	0.673499860229	0.682712922568	0.697323833757	0.681095497564	0.693239153862	0.7599212722	0.710337806099	0.69126577385	0.709273076108	0.694961300697	0.687544788794	0.714832143078	0.692450841491	0.640494469047	0.680286695449	0.670789307599	0.687126675514	0.647743852634	0.66211741991	0.68467435877	0.683650565727	0.686853231478	0.668471317088	0.663192750555	0.664694232257	0.699641788398	0.686645268793	0.716130162131	0.730233961182	0.691541044545	0.707705404161	0.704392957688	0.728464700786	0.688335842249	0.712928218655	0.705501764907	0.713748086736	0.677842821786	0.705255007936	0.683089232443	0.708499653994	0.65338754968	0.716170159421
AF4	0.679411745478	0.645833086745	0.747881342041	0.67613570304	0.425376615001	0.377685155084	0.664206908124	0.655732384476	0.664444320792	0.647410630932	0.554749460904	0.0	0.681421495689	0.691173624586	0.683267760593	0.656743909285	0.692552989927	0.671786656508	0.754346671659	0.661727956579	0.698304329009	0.672939768841	0.700151097969	0.7022260973	0.729739468019	0.698508349361	0.685040663891	0.672938992237	0.697513947811	0.673619851918	0.747620484856	0.69632149632	0.67410997495	0.665340430771	0.669023745994	0.678632927987	0.674487520807	0.661118906976	0.66781621635	0.66234650368	0.650797589778	0.653329529615	0.641916719445	0.649230401168	0.683377307166	0.66249523297	0.719876223108	0.696019019451	0.679301583467	0.66753835726	0.672481003949	0.692210342113	0.704021530747	0.672533477223	0.681025238105	0.681295638011	0.684994614595	0.680375744951	0.690911573241	0.670278301464	0.679633244402	0.702512388803
AG3	0.65391615288	0.674439615273	0.728755324537	0.458159621644	0.692721081471	0.689029838962	0.712315592416	0.715090948835	0.673433924057	0.724303377748	0.66628867092	0.681421495689	0.0	0.503657809708	0.676310258041	0.676423897378	0.679802365187	0.682917727329	0.76783002929	0.707838603408	0.68470053208	0.701018864494	0.666483212593	0.691076260203	0.734877237724	0.696202924747	0.673510442756	0.709073163089	0.687389581818	0.702041974501	0.729646288913	0.702622941859	0.681806395625	0.707936962367	0.693838301287	0.688478273517	0.691390889227	0.674869433941	0.697420526329	0.710173615866	0.703026238811	0.664320167596	0.680168918375	0.671805222099	0.728208105675	0.711273713775	0.693516968383	0.70873344436	0.656027368285	0.692404413484	0.701466119405	0.711074974524	0.683965771869	0.679797486379	0.689855887347	0.683401629108	0.694950948635	0.723439248584	0.687518405067	0.680093355916	0.695797618829	0.723994656458
AG4	0.616900447065	0.654064551128	0.604236849983	0.440126895276	0.688045949289	0.693667388646	0.717153431526	0.71948681755	0.694987587244	0.729439945893	0.689310592033	0.691173624586	0.503657809708	0.0	0.677569289272	0.649886228788	0.714978143455	0.706939193437	0.734551550871	0.697898845985	0.707366084755	0.68438226593	0.686398403544	0.708694295814	0.72351583051	0.695307610529	0.662768956445	0.694279365699	0.680310322415	0.688431812278	0.741884861518	0.715399150807	0.700289358673	0.724234298759	0.696983364584	0.705233288479	0.693169767759	0.683886196688	0.706100753239	0.711332542624	0.717106057769	0.681091834143	0.676488796542	0.681808072959	0.749564648329	0.74255689324	0.710089876358	0.720347895567	0.654135159385	0.703104962382	0.706843027537	0.7088852732	0.692110796948	0.694412274447	0.707441699271	0.696449178699	0.706798828204	0.722699856825	0.698752082276	0.694431928567	0.700924790608	0.731151231424
AH3	0.677179652732	0.521639803124	0.692090902511	0.678952376328	0.667925852356	0.665166331466	0.685314795096	0.701718388837	0.664848444299	0.70068797149	0.663934574004	0.683267760593	0.676310258041	0.677569289272	0.0	0.53075285103	0.673553937665	0.698345039674	0.758116718008	0.687106976118	0.711012535335	0.697908626934	0.681853826269	0.699645165852	0.723356659756	0.685435305785	0.679384334806	0.699642948822	0.691897698151	0.705619131916	0.745819565369	0.709460518803	0.651449585529	0.713240516375	0.683609027402	0.679093975679	0.678983542602	0.681475503401	0.680125865101	0.689572554559	0.685810587432	0.665017698105	0.672745384948	0.678719607236	0.727200984229	0.715940358416	0.699585378439	0.701683573025	0.693892858904	0.708948225624	0.698566963837	0.727843976762	0.695892522522	0.700506069708	0.68467936227	0.704989476931	0.710864007504	0.718839443042	0.702788644637	0.69574176205	0.684510863714	0.6975303365
AH4	0.495162659524	0.344134157421	0.712923274234	0.654013364972	0.667069919326	0.639181129083	0.663024754843	0.653046206029	0.672007702604	0.662772011502	0.66625557429	0.656743909285	0.676423897378	0.649886228788	0.53075285103	0.0	0.691162310447	0.678377573458	0.763917524158	0.676412199984	0.717192285208	0.672704028063	0.682602162531	0.693040900596	0.732403999053	0.686220858857	0.644809712704	0.666956855975	0.693271054219	0.683482106821	0.747065038148	0.677965138014	0.652789932313	0.679731620856	0.654637073414	0.646102936226	0.666748498478	0.632418369109	0.640808443259	0.675477901417	0.648135571298	0.676103736542	0.651744104195	0.641422254244	0.687296621777	0.670103359066	0.667957417676	0.660355699516	0.653776939679	0.666341975094	0.660297336729	0.672304476175	0.647819571792	0.65000004224	0.672259130301	0.648055944473	0.660383451972	0.669888708081	0.658706706542	0.640773595198	0.647467560536	0.652802226249
AA7	0.686958310042	0.695648271022	0.736557357105	0.688009803824	0.681358724013	0.687874535393	0.71408622235	0.719020017414	0.668596269189	0.724565233014	0.684942881488	0.692552989927	0.679802365187	0.714978143455	0.673553937665	0.691162310447	0.0	0.506187466737	0.765545523986	0.669104936829	0.668577956635	0.680546778445	0.674213972707	0.682940198366	0.704072064226	0.690888208614	0.648871823258	0.663286235255	0.678591169267	0.687235676549	0.702413226906	0.541747069395	0.657553903786	0.726873133993	0.717542380006	0.711839482518	0.676906549303	0.706781626791	0.716925860308	0.748473154005	0.729522547564	0.693135047096	0.706360107882	0.705145861228	0.741187333642	0.723065206087	0.74056448813	0.721100315107	0.716844003999	0.744813261799	0.701481714758	0.730577247617	0.691963783587	0.705442417207	0.701637267111	0.712005290185	0.731013171331	0.734706984694	0.739379870276	0.745399060017	0.704065793281	0.716829068919
AA8	0.672955867634	0.690344109999	0.7488526735	0.685486196708	0.678850056821	0.656549078576	0.685756741985	0.684703749631	0.673116891263	0.689562221834	0.67078228407	0.671786656508	0.682917727329	0.706939193437	0.698345039674	0.678377573458	0.506187466737	0.0	0.75775445709	0.634131136586	0.636021578787	0.640728903462	0.659862793733	0.658366018389	0.693472949302	0.665853928659	0.661726262896	0.636325473561	0.650287280799	0.646051078323	0.542315322608	0.375097604288	0.668363143565	0.701140087975	0.708874995265	0.701824212599	0.670239973747	0.692475822687	0.684775324526	0.706340151416	0.705212654532	0.69825693753	0.70063862658	0.687294300958	0.719068112762	0.707423176592	0.712206953375	0.698934019097	0.683820314146	0.709514036151	0.698846052308	0.721889502626	0.693489716637	0.665950259878	0.6834405268	0.67609528299	0.726751647105	0.732632106657	0.722657654544	0.72078908235	0.689706054994	0.698315026647
AB7	0.749224869248	0.764723460042	0.711036331331	0.751996915142	0.757005447863	0.748700530969	0.765888989811	0.78058285281	0.761873593398	0.785361767621	0.74936587424	0.754346671659	0.76783002929	0.734551550871	0.758116718008	0.763917524158	0.765545523986	0.75775445709	0.0	0.567910773247	0.741233700404	0.751900119836	0.773192722658	0.797422600863	0.739744607987	0.767052543591	0.765543758673	0.771107736004	0.749083612163	0.644708152078	0.753670559314	0.751296593904	0.774351009924	0.784439085003	0.76589379427	0.784486530613	0.760071952083	0.767955872784	0.786098117068	0.787640340258	0.793600182125	0.725634884733	0.737408864779	0.767232982224	0.80397398941	0.803786069108	0.813594236754	0.804916017889	0.778970315755	0.795859417475	0.796844258225	0.810660664075	0.783746857077	0.789564945547	0.778682757279	0.798627987131	0.788256669528	0.803747442679	0.79294540848	0.790203331016	0.779455229148	0.803816700149
AB8	0.699807085657	0.686597754193	0.707835045409	0.677001298673	0.679112706203	0.659079206095	0.671573297866	0.655676919474	0.677950342365	0.663727603123	0.673499860229	0.661727956579	0.707838603408	0.697898845985	0.687106976118	0.676412199984	0.669104936829	0.634131136586	0.567910773247	0.0	0.657200842493	0.631683406023	0.677461620486	0.674298744336	0.684411329272	0.674718388334	0.663263647921	0.641346710134	0.525785565973	0.41093491582	0.699698540094	0.629141306018	0.681238881876	0.691295513695	0.691412323401	0.683988600562	0.676302358979	0.672506865856	0.689087783216	0.692548627755	0.6796454498	0.662121498984	0.674983842154	0.663893994536	0.708454416194	0.6883431086	0.738543464729	0.72383061035	0.680786431703	0.711612458534	0.700861416646	0.746735218191	0.697093013681	0.679048207964	0.690162391038	0.694051813813	0.706588797431	0.73274099965	0.705373961659	0.697908130175	0.686164475888	0.721324401357
AC7	0.696953462208	0.717698322272	0.755131427152	0.699974724125	0.707102395951	0.681289478124	0.715515936983	0.734702552981	0.71458618506	0.737640191417	0.682712922568	0.698304329009	0.68470053208	0.707366084755	0.711012535335	0.717192285208	0.668577956635	0.636021578787	0.741233700404	0.657200842493	0.0	0.502365273057	0.682941591903	0.688251036775	0.693902003018	0.681064021944	0.698625706013	0.569733294474	0.644247315147	0.635408148038	0.660036154049	0.644177959886	0.712034969783	0.692325390029	0.724703549684	0.741524464081	0.708160174178	0.724115388981	0.716960995388	0.73858317545	0.728213199423	0.719311502226	0.732934765126	0.704019358756	0.706571014917	0.699881093584	0.751741633328	0.753950456647	0.685354982739	0.73478479236	0.736128725085	0.760852188007	0.720005214617	0.689114145126	0.691309383807	0.708440460969	0.747016016193	0.732547464543	0.738105490427	0.730645165842	0.707882609416	0.742241384915
AC8	0.683233783964	0.679304971852	0.739962893998	0.670679578009	0.693963684202	0.658189834835	0.667725396102	0.691490114688	0.710458246313	0.688142458435	0.697323833757	0.672939768841	0.701018864494	0.68438226593	0.697908626934	0.672704028063	0.680546778445	0.640728903462	0.751900119836	0.631683406023	0.502365273057	0.0	0.680950509819	0.667459639659	0.710925134339	0.663194775077	0.516423532762	0.388795924375	0.632350754309	0.631105494447	0.698679185529	0.637776798198	0.702630632088	0.671076581028	0.70811665136	0.712938659266	0.688806516178	0.69369751857	0.67450636627	0.703189902198	0.69281061928	0.692250708763	0.696124174592	0.691210062905	0.676186802392	0.671395785161	0.724920639274	0.698040996453	0.655944205241	0.696228092243	0.684272297546	0.721694888258	0.681394487079	0.645909778924	0.680258720027	0.675421614197	0.709085203615	0.684789578927	0.702436873306	0.693963440107	0.669261033883	0.697371834001
AD7	0.671158886256	0.691412321696	0.742605477737	0.678694400694	0.708534485162	0.692630019991	0.713060496221	0.701385117722	0.655993052194	0.719221806287	0.681095497564	0.700151097969	0.666483212593	0.686398403544	0.681853826269	0.682602162531	0.674213972707	0.659862793733	0.773192722658	0.677461620486	0.682941591903	0.680950509819	0.0	0.462672140826	0.710705530595	0.517139752887	0.655383990248	0.679773587715	0.655470691083	0.672098246566	0.70418700227	0.675624249674	0.644708026675	0.694815974401	0.719848613608	0.704904532871	0.679641970915	0.69703352415	0.68664757693	0.718999776761	0.70084036157	0.681991077796	0.676288113477	0.679452154364	0.707380397774	0.70393531354	0.720149402219	0.722982124154	0.679824428008	0.705089186216	0.68754250228	0.735970488187	0.685862195553	0.668651188011	0.665772543916	0.693786486565	0.692581119009	0.720263925041	0.69698226655	0.715686197348	0.664323618956	0.709174624274
AD8	0.694571661795	0.702322117957	0.769371284481	0.69746560003	0.711896571843	0.696123521185	0.696588362339	0.67981125339	0.682104785723	0.701955363596	0.693239153862	0.7022260973	0.691076260203	0.708694295814	0.699645165852	0.693040900596	0.682940198366	0.658366018389	0.797422600863	0.674298744336	0.688251036775	0.667459639659	0.462672140826	0.0	0.601507130344	0.398546802009	0.629679469289	0.669402826839	0.652476607737	0.666135118413	0.712230239924	0.669194908522	0.673551230181	0.684489715433	0.728845494146	0.7082893502	0.684563519332	0.6998374993	0.682507348407	0.715919865282	0.703619780769	0.692789383364	0.682639305554	0.679128244332	0.701911450796	0.679363673897	0.72136571426	0.727574433668	0.678994789026	0.705653389232	0.696101818728	0.734939994617	0.683479016047	0.665152593596	0.670982857147	0.689333287041	0.702331636355	0.719729706093	0.703735875267	0.705725720294	0.690474289114	0.711559175481
AE7	0.72566558793	0.738761660991	0.740382676213	0.728789900584	0.716887425063	0.735877869359	0.727545480516	0.739495333051	0.741293855078	0.743672081402	0.7599212722	0.729739468019	0.734877237724	0.72351583051	0.723356659756	0.732403999053	0.704072064226	0.693472949302	0.739744607987	0.684411329272	0.693902003018	0.710925134339	0.710705530595	0.601507130344	0.0	0.496049481421	0.707337656362	0.705054539759	0.680408025973	0.690900882759	0.732829121936	0.699726287092	0.727866264951	0.749826540841	0.739024600061	0.755645791799	0.730762129074	0.755803125365	0.756237630161	0.762865062201	0.758118591323	0.744784342221	0.733920606361	0.735805653171	0.759900932329	0.764911750273	0.767988272049	0.776872802536	0.725974979633	0.762332126883	0.750346556248	0.783623955141	0.755553774828	0.740925054648	0.735187359171	0.74594575351	0.780585191753	0.792551523989	0.772533308481	0.761520409706	0.755383205088	0.779122571759
AE8	0.706139058795	0.697018806174	0.753429878939	0.700372402442	0.699546042404	0.691312443709	0.681149324172	0.688081211632	0.697961064513	0.702495450368	0.710337806099	0.698508349361	0.696202924747	0.695307610529	0.685435305785	0.686220858857	0.690888208614	0.665853928659	0.767052543591	0.674718388334	0.681064021944	0.663194775077	0.517139752887	0.398546802009	0.496049481421	0.0	0.647021364989	0.670417905037	0.651377634547	0.66529605403	0.708640135859	0.67093123125	0.689375195724	0.699635133194	0.725203075105	0.70895706246	0.705355837619	0.708102920983	0.706380788572	0.721132208309	0.717259761807	0.697404995867	0.692197464985	0.69193761553	0.713511502522	0.707404246803	0.715779407766	0.714126970877	0.685356634127	0.712869023457	0.702253215837	0.736548086514	0.693903920963	0.675015177994	0.682288527086	0.676491737828	0.716484026428	0.727246535969	0.714088368621	0.711248962713	0.69764056845	0.704389606679
AF7	0.658923085208	0.649850341465	0.734126455481	0.649775411542	0.69597208959	0.682008963728	0.682524051729	0.669592827168	0.674453374659	0.685269796579	0.69126577385	0.685040663891	0.673510442756	0.662768956445	0.679384334806	0.644809712704	0.648871823258	0.661726262896	0.765543758673	0.663263647921	0.698625706013	0.516423532762	0.655383990248	0.629679469289	0.707337656362	0.647021364989	0.0	0.484516898938	0.641007533894	0.653125355536	0.714136284249	0.659788312179	0.664767965602	0.711434407818	0.690116144166	0.685966029606	0.662246851416	0.667827112481	0.656084147671	0.708810168913	0.687513057214	0.697565000766	0.667057946534	0.665904035647	0.712877060024	0.703230940137	0.701811270431	0.684460123631	0.677411526524	0.696553681164	0.666555759374	0.69808163639	0.667129434115	0.653469454002	0.666769094705	0.678199333284	0.670973364354	0.688500782192	0.681900571556	0.686947280636	0.66255028875	0.692164395612
AF8	0.684575294707	0.671370758407	0.763199986766	0.670543725082	0.694566775873	0.664725369816	0.674419288465	0.68390959776	0.725686210339	0.68626313846	0.709273076108	0.672938992237	0.709073163089	0.694279365699	0.699642948822	0.666956855975	0.663286235255	0.636325473561	0.771107736004	0.641346710134	0.569733294474	0.388795924375	0.679773587715	0.669402826839	0.705054539759	0.670417905037	0.484516898938	0.0	0.663945446534	0.64781804199	0.700981038226	0.637731601902	0.710096422256	0.672630461365	0.705133377785	0.706548762163	0.677495601037	0.688100462588	0.682369034018	0.716451628494	0.706224284653	0.700388154523	0.694595423636	0.685716165939	0.678392643315	0.679621763411	0.722819685221	0.687819312388	0.667409186016	0.693417596553	0.681415459126	0.713213630223	0.681389052144	0.645047284703	0.675499883512	0.677054655819	0.706502401672	0.690847609797	0.703366254006	0.693358839495	0.663985111536	0.698858026027
AG7	0.691230823746	0.701339223873	0.709466808418	0.67079747793	0.694970984281	0.686060213162	0.700855943353	0.679704408182	0.661199494466	0.687845394622	0.694961300697	0.697513947811	0.687389581818	0.680310322415	0.691897698151	0.693271054219	0.678591169267	0.650287280799	0.749083612163	0.525785565973	0.644247315147	0.632350754309	0.655470691083	0.652476607737	0.680408025973	0.651377634547	0.641007533894	0.663945446534	0.0	0.464780749494	0.681582717403	0.657793226674	0.682961073359	0.699800767517	0.701156350348	0.695575649074	0.660734911853	0.696209406064	0.696210280452	0.708871721988	0.696196952953	0.69686949814	0.68642146016	0.667732180395	0.712724772464	0.696569276142	0.72486819647	0.731368343784	0.680933962856	0.713848226103	0.680639566431	0.738549746494	0.687077298242	0.669848689451	0.688343819403	0.70120084157	0.709082822115	0.72164206117	0.706251671378	0.721395158744	0.688787612479	0.730303351926
AG8	0.705368738596	0.690856476858	0.71935933043	0.68617641205	0.695699615655	0.671621938913	0.685048682182	0.650967666122	0.696016630745	0.661654429636	0.687544788794	0.673619851918	0.702041974501	0.688431812278	0.705619131916	0.683482106821	0.687235676549	0.646051078323	0.644708152078	0.41093491582	0.635408148038	0.631105494447	0.672098246566	0.666135118413	0.690900882759	0.66529605403	0.653125355536	0.64781804199	0.464780749494	0.0	0.696395833412	0.630976066526	0.667064876396	0.679944766715	0.705635189891	0.695529599217	0.663179620659	0.661814780563	0.686385619094	0.704543456055	0.695560080059	0.679711332065	0.686754144018	0.667747484939	0.704932190154	0.683008292082	0.733035828314	0.722435074326	0.684917860567	0.711367878254	0.701952966266	0.739888049873	0.689551548013	0.66665867415	0.690386733534	0.676164497898	0.680292268885	0.713325893972	0.69246451111	0.687948591678	0.685269805126	0.716667047229
AH7	0.733377731718	0.752364984804	0.769373320271	0.742906005646	0.744870055072	0.727607975787	0.722896025415	0.713257239568	0.733614316038	0.733219025351	0.714832143078	0.747620484856	0.729646288913	0.741884861518	0.745819565369	0.747065038148	0.702413226906	0.542315322608	0.753670559314	0.699698540094	0.660036154049	0.698679185529	0.70418700227	0.712230239924	0.732829121936	0.708640135859	0.714136284249	0.700981038226	0.681582717403	0.696395833412	0.0	0.514615399407	0.721924017044	0.763479378716	0.768969893157	0.768839263474	0.747759586528	0.76412928414	0.757287555461	0.754473887961	0.760798483001	0.740733760061	0.759257215623	0.746017598758	0.769896820139	0.770324124594	0.772942286267	0.754014583675	0.74898369481	0.770647702223	0.769056359708	0.789935278646	0.750811012108	0.738006917019	0.735377650734	0.732557532699	0.773030678445	0.803052639061	0.778793659969	0.771468955224	0.751055969886	0.731507592733
AH8	0.696891588368	0.687574904842	0.759316036963	0.698962424588	0.69482430872	0.665800084282	0.693885345814	0.687959452473	0.695788829508	0.697036191053	0.692450841491	0.69632149632	0.702622941859	0.715399150807	0.709460518803	0.677965138014	0.541747069395	0.375097604288	0.751296593904	0.629141306018	0.644177959886	0.637776798198	0.675624249674	0.669194908522	0.699726287092	0.67093123125	0.659788312179	0.637731601902	0.657793226674	0.630976066526	0.514615399407	0.0	0.674920764273	0.717913217085	0.717018166484	0.706016964719	0.688163455715	0.694897825046	0.698296513938	0.715300476332	0.704331955217	0.699895902577	0.713235715394	0.702073183922	0.719987713449	0.715608065943	0.724757495497	0.71261405915	0.704968991634	0.722322249402	0.709961903744	0.736491395794	0.709140537493	0.681846826503	0.695937041898	0.675134884175	0.725423890606	0.729175330674	0.738327639799	0.715814376954	0.699750761332	0.711284790984
AA5	0.647060907255	0.6578189048	0.724958573953	0.686419940419	0.670020601748	0.667122046972	0.705451774288	0.682937376218	0.633902889338	0.694604257312	0.640494469047	0.67410997495	0.681806395625	0.700289358673	0.651449585529	0.652789932313	0.657553903786	0.668363143565	0.774351009924	0.681238881876	0.712034969783	0.702630632088	0.644708026675	0.673551230181	0.727866264951	0.689375195724	0.664767965602	0.710096422256	0.682961073359	0.667064876396	0.721924017044	0.674920764273	0.0	0.5983986125	0.69167386784	0.683872450107	0.643336737682	0.631103725095	0.673758961738	0.701480978145	0.69109754199	0.644400926036	0.642866629616	0.664012383214	0.722370090146	0.651397351154	0.693511645767	0.718384587571	0.692252637701	0.71176108503	0.682555539293	0.718568775649	0.667195246937	0.697022515769	0.661103818748	0.684947725109	0.653492714924	0.706434650068	0.671389666343	0.684861097324	0.639653747045	0.723081899116
AA6	0.686579935872	0.672695832253	0.77860644728	0.698528253584	0.68966364699	0.658806406031	0.669916016881	0.672933582658	0.707705633546	0.665346603714	0.680286695449	0.665340430771	0.707936962367	0.724234298759	0.713240516375	0.679731620856	0.726873133993	0.701140087975	0.784439085003	0.691295513695	0.692325390029	0.671076581028	0.694815974401	0.684489715433	0.749826540841	0.699635133194	0.711434407818	0.672630461365	0.699800767517	0.679944766715	0.763479378716	0.717913217085	0.5983986125	0.0	0.706770782729	0.695348144123	0.657578952357	0.652874631704	0.665717422448	0.694085889879	0.661626810005	0.687323130228	0.651661664474	0.665850462977	0.478085228881	0.40697899997	0.690756617022	0.691301806504	0.661538845339	0.676478819849	0.670963112625	0.694135592586	0.67838476385	0.67040925619	0.687918431231	0.674079716741	0.671942206448	0.678480802297	0.669021689024	0.682778315659	0.650555547327	0.687075205262
AB5	0.677327614699	0.662396824874	0.705330489801	0.688400412001	0.684041608442	0.657807652217	0.680440947635	0.6978836952	0.692363240771	0.683486877398	0.670789307599	0.669023745994	0.693838301287	0.696983364584	0.683609027402	0.654637073414	0.717542380006	0.708874995265	0.76589379427	0.691412323401	0.724703549684	0.70811665136	0.719848613608	0.728845494146	0.739024600061	0.725203075105	0.690116144166	0.705133377785	0.701156350348	0.705635189891	0.768969893157	0.717018166484	0.69167386784	0.706770782729	0.0	0.432002851303	0.662619028071	0.656717006092	0.668593468079	0.656287374225	0.643451496119	0.691236107208	0.675799603364	0.64746175654	0.709899128522	0.697866219269	0.674389361012	0.699146505042	0.671449255318	0.701225342295	0.686784502027	0.696418174059	0.656068720567	0.678161355217	0.695049380947	0.685813870977	0.702348126388	0.690213646595	0.693472743339	0.701147195297	0.660424492953	0.70760157456
AB6	0.691127329418	0.6637302801	0.746256378724	0.686022693201	0.686675379279	0.66570024976	0.67151253338	0.687864000025	0.703745767398	0.667825567585	0.687126675514	0.678632927987	0.688478273517	0.705233288479	0.679093975679	0.646102936226	0.711839482518	0.701824212599	0.784486530613	0.683988600562	0.741524464081	0.712938659266	0.704904532871	0.7082893502	0.755645791799	0.70895706246	0.685966029606	0.706548762163	0.695575649074	0.695529599217	0.768839263474	0.706016964719	0.683872450107	0.695348144123	0.432002851303	0.0	0.667335328295	0.644938662323	0.657295469515	0.652898649054	0.645924268424	0.684454202023	0.659056678137	0.552336621264	0.696664307176	0.674119478378	0.670764365562	0.690221402058	0.670125112152	0.682271439632	0.67885964211	0.688372042714	0.660862727813	0.679573842388	0.706034553313	0.68168802898	0.680520929362	0.6789963845	0.67539547864	0.672162665941	0.653862417937	0.699448214462
AC5	0.633427225806	0.662379662405	0.729963341237	0.671605556228	0.685991802902	0.664049488661	0.680071821391	0.679646771775	0.651230751523	0.691270127593	0.647743852634	0.674487520807	0.691390889227	0.693169767759	0.678983542602	0.666748498478	0.676906549303	0.670239973747	0.760071952083	0.676302358979	0.708160174178	0.688806516178	0.679641970915	0.684563519332	0.730762129074	0.705355837619	0.662246851416	0.677495601037	0.660734911853	0.663179620659	0.747759586528	0.688163455715	0.643336737682	0.657578952357	0.662619028071	0.667335328295	0.0	0.496365034942	0.628738728691	0.681447612904	0.664445262426	0.675210697721	0.564823351152	0.645670714997	0.660054510471	0.661225784098	0.651153416186	0.703960654672	0.626664703812	0.667280602763	0.651931628042	0.663517542851	0.64182809368	0.643090924497	0.646842377293	0.667554767248	0.646114300827	0.665955309172	0.638793967895	0.677755035245	0.640441721096	0.696729285904
AC6	0.655457600892	0.633344830431	0.732911582148	0.664507742166	0.683048595629	0.658076081337	0.666290297363	0.670748825008	0.676420956774	0.661476862335	0.66211741991	0.661118906976	0.674869433941	0.683886196688	0.681475503401	0.632418369109	0.706781626791	0.692475822687	0.767955872784	0.672506865856	0.724115388981	0.69369751857	0.69703352415	0.6998374993	0.755803125365	0.708102920983	0.667827112481	0.688100462588	0.696209406064	0.661814780563	0.76412928414	0.694897825046	0.631103725095	0.652874631704	0.656717006092	0.644938662323	0.496365034942	0.0	0.631292515406	0.666822669123	0.64677360985	0.557821272511	0.502978204997	0.613574219665	0.684679331944	0.65993942822	0.648627379523	0.691676952229	0.61852986884	0.654850744563	0.641866552218	0.63942183026	0.650905777474	0.652222529028	0.67143513951	0.656640550278	0.608122657085	0.65468153867	0.632284844146	0.638220704972	0.641899785108	0.68623167905
AD6	0.663466991925	0.641514172161	0.77072577143	0.689579181708	0.673429226593	0.659198335715	0.622602560742	0.653817263585	0.677527281846	0.637500994461	0.68467435877	0.66781621635	0.697420526329	0.706100753239	0.680125865101	0.640808443259	0.716925860308	0.684775324526	0.786098117068	0.689087783216	0.716960995388	0.67450636627	0.68664757693	0.682507348407	0.756237630161	0.706380788572	0.656084147671	0.682369034018	0.696210280452	0.686385619094	0.757287555461	0.698296513938	0.673758961738	0.665717422448	0.668593468079	0.657295469515	0.628738728691	0.631292515406	0.0	0.51291777206	0.426980467538	0.675264245822	0.646192775944	0.66616740638	0.672351381394	0.670082888253	0.66616503158	0.666106978687	0.646307775691	0.639542965236	0.671071524081	0.686558285805	0.644802835628	0.622012636369	0.666243486009	0.657780194557	0.647528329976	0.673570441703	0.645398949106	0.648285852553	0.625878771232	0.655410699657
AE5	0.69650331818	0.669251916216	0.753255783578	0.703356196777	0.661267160339	0.65519782607	0.65518570178	0.671762494156	0.690437626687	0.64691153663	0.683650565727	0.66234650368	0.710173615866	0.711332542624	0.689572554559	0.675477901417	0.748473154005	0.706340151416	0.787640340258	0.692548627755	0.73858317545	0.703189902198	0.718999776761	0.715919865282	0.762865062201	0.721132208309	0.708810168913	0.716451628494	0.708871721988	0.704543456055	0.754473887961	0.715300476332	0.701480978145	0.694085889879	0.656287374225	0.652898649054	0.681447612904	0.666822669123	0.51291777206	0.0	0.391029981621	0.695029953231	0.669900186173	0.649772504209	0.694199785064	0.701251798975	0.687621781145	0.690180117179	0.660592439774	0.66146536489	0.677969426763	0.70755987486	0.66332531489	0.651488925658	0.67554210085	0.660031782794	0.662769568581	0.711430745108	0.658912245623	0.653314283483	0.649529744031	0.680146073951
AE6	0.681755470874	0.656946381574	0.763348224186	0.699107538901	0.667661697725	0.656778758031	0.625231010364	0.650635094694	0.690272205177	0.625813095969	0.686853231478	0.650797589778	0.703026238811	0.717106057769	0.685810587432	0.648135571298	0.729522547564	0.705212654532	0.793600182125	0.6796454498	0.728213199423	0.69281061928	0.70084036157	0.703619780769	0.758118591323	0.717259761807	0.687513057214	0.706224284653	0.696196952953	0.695560080059	0.760798483001	0.704331955217	0.69109754199	0.661626810005	0.643451496119	0.645924268424	0.664445262426	0.64677360985	0.426980467538	0.391029981621	0.0	0.686657464893	0.668479996369	0.663753737126	0.665221973509	0.672917049465	0.682252354742	0.675192110731	0.640646031064	0.647609121518	0.663761978161	0.696503867975	0.644402669352	0.631807763145	0.66194372674	0.647603271699	0.66042276352	0.700389500766	0.653312617202	0.646972796785	0.626611402434	0.657801507231
AF5	0.693662360468	0.67018443917	0.713711658068	0.66942568211	0.661989498843	0.634340626083	0.695814500363	0.708153804154	0.669719894647	0.70769053906	0.668471317088	0.653329529615	0.664320167596	0.681091834143	0.665017698105	0.676103736542	0.693135047096	0.69825693753	0.725634884733	0.662121498984	0.719311502226	0.692250708763	0.681991077796	0.692789383364	0.744784342221	0.697404995867	0.697565000766	0.700388154523	0.69686949814	0.679711332065	0.740733760061	0.699895902577	0.644400926036	0.687323130228	0.691236107208	0.684454202023	0.675210697721	0.557821272511	0.675264245822	0.695029953231	0.686657464893	0.0	0.509689349556	0.653531686116	0.715045187357	0.702671019945	0.717532831491	0.722877517801	0.67235186174	0.688932215484	0.704047881398	0.733471685016	0.685272181243	0.689226176997	0.68711355358	0.711683150626	0.676071225727	0.725673984212	0.667031745456	0.656139102585	0.655642588765	0.713412865499
AF6	0.662868499605	0.652218777296	0.720528100841	0.661316460159	0.651275684724	0.635971246094	0.680836960676	0.671888878686	0.669396429202	0.682602958425	0.663192750555	0.641916719445	0.680168918375	0.676488796542	0.672745384948	0.651744104195	0.706360107882	0.70063862658	0.737408864779	0.674983842154	0.732934765126	0.696124174592	0.676288113477	0.682639305554	0.733920606361	0.692197464985	0.667057946534	0.694595423636	0.68642146016	0.686754144018	0.759257215623	0.713235715394	0.642866629616	0.651661664474	0.675799603364	0.659056678137	0.564823351152	0.502978204997	0.646192775944	0.669900186173	0.668479996369	0.509689349556	0.0	0.63737566143	0.681294764362	0.665876278515	0.672252154735	0.70266077022	0.659242650074	0.658891606973	0.668358116837	0.69526834813	0.676205911742	0.671918564876	0.678716345991	0.690733139208	0.661836760019	0.69044631196	0.644479859944	0.671427637973	0.653128413682	0.696686373833
