	AA3	AA4	AB3	AB4	AC3	AC4	AD3	AD4	AE3	AE4	AF3	AF4	AG3	AG4	AH3	AH4	AA7	AA8	AB7	AB8	AC7	AC8	AD7	AD8	AE7	AE8	AF7	AF8	AG7	AG8	AH7	AH8	AA5	AA6	AB5	AB6	AC5	AC6	AD6	AE5	AE6	AF5	AF6	AG5	AH5	AH6	AA1	AA2	AB1	AB2	AC1	AC2	AD1	AD2	AE1	AE2	AF1	AF2	AG1	AG2	AH1	AH2
AA3	0.0	0.492119657977	0.683494772589	0.623745836786	0.676356545838	0.67608803401	0.694082637094	0.68518769847	0.641128410194	0.684636741948	0.639415816622	0.669224181346	0.646051330944	0.607220247434	0.680784258823	0.465546853623	0.676028969344	0.679910353301	0.756560418812	0.683630974987	0.681750494911	0.676865981093	0.65096497594	0.686280737681	0.725752691454	0.698979398626	0.665603427197	0.682033375624	0.691022984745	0.665444043553	0.724887174306	0.678589159776	0.657058776522	0.670627177114	0.673436431906	0.675364881743	0.633191911302	0.637837544379	0.657205143013	0.669619219505	0.683746892025	0.687356554405	0.633739772032	0.665718705979	0.697403494453	0.670394414477	0.671779123173	0.691602855926	0.6394632946	0.675353547504	0.651081092994	0.676355395719	0.641174764358	0.668970721796	0.688815447127	0.656841840744	0.657458069935	0.665958630065	0.65398768729	0.686116905529	0.626545623434	0.689879548908
AA4	0.492119657977	0.0	0.727890183102	0.629934161499	0.648997499365	0.641062596739	0.6632625001	0.667735148446	0.661974051866	0.653767428792	0.66075882618	0.635913392013	0.671645698612	0.618887793158	0.503758809041	0.428514893144	0.69664113033	0.70511053089	0.765604421297	0.685590585017	0.715297850047	0.681138648534	0.675792086771	0.696822045971	0.726981348824	0.6872341046	0.663989241624	0.678368624709	0.694954641646	0.678090826236	0.750044245568	0.688404909597	0.679126224968	0.682316773838	0.661629587325	0.65579686483	0.656167279421	0.630014570996	0.641478678341	0.657538800042	0.645831776882	0.679478846416	0.643034108992	0.652452825388	0.695675780711	0.664723076736	0.67264876899	0.666740498752	0.633155397287	0.642512998123	0.651840322311	0.665754658413	0.642302103426	0.670276072678	0.65363968652	0.645706703746	0.641719419786	0.652718135487	0.641270088508	0.645297290225	0.635990267267	0.651164168778
AB3	0.683494772589	0.727890183102	0.0	0.686344407428	0.736134214758	0.758360509064	0.76503783103	0.782701689783	0.719913190533	0.769153903803	0.720684217412	0.754382566559	0.755589138323	0.591720799436	0.744961067699	0.729273325765	0.744580688602	0.789131014068	0.702390199765	0.717024682913	0.755583227478	0.781626803202	0.758953616941	0.785862292079	0.730110485393	0.775384583023	0.758771661028	0.78590089645	0.747201992003	0.734049208992	0.78369885279	0.7720515729	0.712320143319	0.788492165387	0.734334971747	0.755185318411	0.708891308141	0.745427162236	0.774084559894	0.771877449859	0.797130559432	0.744164427379	0.732225101016	0.755262615596	0.808106795228	0.791874860824	0.787610762358	0.792018304855	0.750907018174	0.79034172339	0.764250054283	0.780832001794	0.764523592237	0.794673286174	0.776838922921	0.787501838926	0.763453608768	0.784379904583	0.772509310905	0.796452158988	0.745810075196	0.78200318726
AB4	0.623745836786	0.629934161499	0.686344407428	0.0	0.688756217905	0.664747632376	0.695535915137	0.684247141756	0.681960515123	0.68849456355	0.656932395841	0.671225298975	0.436866177984	0.425375835409	0.656784334296	0.625749921791	0.699941670259	0.710191795744	0.764382235253	0.687419538339	0.698589889531	0.689587075093	0.690470221254	0.70085471742	0.729802001401	0.697145065168	0.662945834165	0.682951975968	0.683897288691	0.676328399259	0.737739065692	0.705613546174	0.701950149135	0.69800151944	0.67703316789	0.677201883182	0.676476463018	0.658124945666	0.688026102269	0.682974502839	0.693708782129	0.66727732051	0.663503160176	0.69038970249	0.725932874655	0.715887682481	0.70094482083	0.705632022462	0.648088865266	0.690036116444	0.695177102444	0.703257907535	0.682111322546	0.688201720837	0.696005965475	0.690739748376	0.691798598623	0.70252492349	0.696830830917	0.6967791545	0.668887526743	0.696079856227
AC3	0.676356545838	0.648997499365	0.736134214758	0.688756217905	0.0	0.487376012954	0.674563727488	0.660060734324	0.662023636289	0.662290742632	0.689450885647	0.45460111042	0.691558786037	0.681214523696	0.678924711124	0.672028621988	0.68011463295	0.696820132939	0.768106235358	0.6862863731	0.698787517224	0.701131894119	0.710547647278	0.725445048448	0.714702767828	0.70644293089	0.709565027974	0.702775470208	0.70831207307	0.68436724134	0.737514419074	0.69691585565	0.683045673144	0.690062703377	0.686029627348	0.682178897984	0.690627338876	0.660214921364	0.659871652114	0.652802888139	0.662653729654	0.655225530723	0.66392967976	0.668446032607	0.716044015368	0.697452552055	0.711742651902	0.700158893645	0.690561031374	0.680819173904	0.683595562588	0.710493389536	0.693987464121	0.694614288815	0.683335151991	0.681209207741	0.703694381547	0.690286509233	0.689727613006	0.668401430262	0.687793056039	0.708926151023
AC4	0.67608803401	0.641062596739	0.758360509064	0.664747632376	0.487376012954	0.0	0.674911345867	0.646973485289	0.669693291036	0.656031019276	0.519687772285	0.360407355049	0.679491432162	0.665634547437	0.673170313996	0.654804095732	0.679310099418	0.684043981962	0.757888696521	0.675701838737	0.70126458307	0.677256191994	0.701012665154	0.714337352669	0.749141635683	0.702693924125	0.682642568698	0.690906295283	0.694548088478	0.655926324984	0.739731011342	0.687017574645	0.684631829988	0.66556895748	0.672574991492	0.658619309663	0.666487380083	0.641429029192	0.62367984837	0.654347968294	0.650683713155	0.658653164692	0.661634840229	0.651630232166	0.686522904263	0.659542387954	0.716519814631	0.675789939803	0.68716105214	0.666166549825	0.676300156126	0.692999195392	0.690827521007	0.696497973641	0.696886154304	0.695085315238	0.675940703663	0.684542215545	0.675917867099	0.663003145549	0.66085970173	0.690470892817
AD3	0.694082637094	0.6632625001	0.76503783103	0.695535915137	0.674563727488	0.674911345867	0.0	0.411629608416	0.686203074733	0.339727597937	0.708869276745	0.648827639182	0.717902872024	0.679235747936	0.691746292283	0.669407420045	0.712107569724	0.696287864742	0.777070343644	0.675628733796	0.713472041164	0.688970069927	0.712215948217	0.692395000262	0.729473192206	0.673889292911	0.702334813361	0.682963960285	0.714984108715	0.674989198375	0.726771480444	0.697456286608	0.71888820343	0.677621956154	0.665571324328	0.658859834135	0.685284281384	0.656725876487	0.631156143423	0.632960319205	0.624819526672	0.685522401485	0.658441584589	0.683048255806	0.687028649836	0.674646269674	0.694253648006	0.67835441103	0.667595965297	0.657549114408	0.689613952514	0.693574611771	0.68083976756	0.663626411927	0.680767422456	0.675086198534	0.672649302055	0.683766870401	0.686974046198	0.652548845223	0.695859175553	0.638018522028
AD4	0.68518769847	0.667735148446	0.782701689783	0.684247141756	0.660060734324	0.646973485289	0.411629608416	0.0	0.618345729899	0.390346133029	0.688409350633	0.625680026721	0.690052910473	0.675670978639	0.683782014376	0.65908908574	0.679649411133	0.660157881907	0.767544511316	0.65796517501	0.696073761866	0.670021098543	0.694450697606	0.672734281178	0.721146659305	0.665228200182	0.669854192149	0.660765818571	0.664330470076	0.63807954421	0.703040804436	0.680359606583	0.710097186447	0.662111899258	0.657885316234	0.667335999406	0.664674754106	0.646569290787	0.637017959051	0.618433234243	0.620601669066	0.677009927825	0.664390688733	0.675336739287	0.678876566119	0.661625674464	0.699045498135	0.668461493917	0.67439012978	0.669625668347	0.681207130121	0.713173681256	0.676751923666	0.657725135835	0.669995476474	0.680909003899	0.687097656384	0.699657659804	0.701941133786	0.658433429567	0.682230312611	0.644053234996
AE3	0.641128410194	0.661974051866	0.719913190533	0.681960515123	0.662023636289	0.669693291036	0.686203074733	0.618345729899	0.0	0.633210520264	0.650110693636	0.670245166928	0.673980161778	0.667586466974	0.659606435098	0.662351981902	0.651724152985	0.686797115833	0.762148841234	0.680153046463	0.711383685346	0.71096495001	0.649869337171	0.696014031427	0.735061673234	0.693505893672	0.664923088158	0.714462269784	0.65853943636	0.669987419127	0.727283404849	0.680547397628	0.611133445342	0.69598936983	0.67753327018	0.6893104619	0.657134029008	0.657791419073	0.664087277394	0.68377228516	0.690352531269	0.665264602967	0.651732562457	0.650840454832	0.725270462608	0.706688854423	0.702100497894	0.713824096677	0.694551217343	0.706320815357	0.6910067689	0.710761200298	0.672511582357	0.699915710139	0.652773114421	0.698906158831	0.693762941247	0.722697379571	0.691340050955	0.698195757994	0.643455312196	0.722339916656
AE4	0.684636741948	0.653767428792	0.769153903803	0.68849456355	0.662290742632	0.656031019276	0.339727597937	0.390346133029	0.633210520264	0.0	0.697557331342	0.63784609325	0.70571133511	0.680257915477	0.700413074806	0.682491768801	0.709303970304	0.694577387381	0.780630467277	0.679005083066	0.711814028104	0.681010081276	0.70480343945	0.691642308456	0.732042279569	0.688872943579	0.690641752428	0.673989679636	0.694370987235	0.656533572836	0.713358456866	0.687372964989	0.708703866183	0.663980223767	0.686463551484	0.665471943336	0.687052424582	0.658528181965	0.618388194579	0.628920665508	0.619204695	0.704272522746	0.663375983017	0.667625034179	0.686468959472	0.673510709087	0.683253942378	0.673049200241	0.674760993117	0.654497020862	0.685089699999	0.690406322166	0.680701007771	0.678961744537	0.681115874651	0.675752633182	0.680546587357	0.694209638166	0.688116795645	0.654696856669	0.693318913382	0.646468760751
AF3	0.639415816622	0.66075882618	0.720684217412	0.656932395841	0.689450885647	0.519687772285	0.708869276745	0.688409350633	0.650110693636	0.697557331342	0.0	0.548681097312	0.668563829894	0.667269503963	0.677048549009	0.654265088408	0.679884682449	0.692087179873	0.762530661439	0.675332728342	0.687472463527	0.707347479888	0.674921965214	0.704066359785	0.759766769267	0.70964542771	0.680746663277	0.712533241712	0.703299019549	0.671211763828	0.71933083011	0.68239124251	0.645291612552	0.682280273021	0.669246913164	0.680756126242	0.660312632999	0.647505106579	0.644816979863	0.670652752388	0.69873877554	0.684510028624	0.66089295837	0.667232228563	0.694959061889	0.672285185258	0.713967359054	0.701584816355	0.687712410905	0.705771564478	0.697832315789	0.725076982764	0.696615859996	0.711358498847	0.701373256788	0.707967363003	0.674649818956	0.722503108367	0.678250004354	0.705977084009	0.640343522416	0.722894769122
AF4	0.669224181346	0.635913392013	0.754382566559	0.671225298975	0.45460111042	0.360407355049	0.648827639182	0.625680026721	0.670245166928	0.63784609325	0.548681097312	0.0	0.68486002396	0.674476578254	0.673394882145	0.628735693383	0.673553100331	0.66726050393	0.760069226963	0.649503404186	0.686535357404	0.668535890719	0.704562705584	0.698177121108	0.733716186966	0.672959905298	0.683459544628	0.672806934862	0.695719745516	0.661132598828	0.734762434857	0.683938671013	0.68008455904	0.647110380269	0.655195619635	0.659676728855	0.671517380626	0.639249670011	0.636036267576	0.641079165945	0.653019112971	0.645956960068	0.651075623568	0.644594629063	0.673992460944	0.644849067715	0.704197928216	0.674824901615	0.67071655265	0.657602072632	0.666136678664	0.686261502981	0.674557484315	0.671709103416	0.691949360022	0.67327163232	0.661065642708	0.661622636681	0.685588771676	0.659769294015	0.663375105825	0.684966482356
AG3	0.646051330944	0.671645698612	0.755589138323	0.436866177984	0.691558786037	0.679491432162	0.717902872024	0.690052910473	0.673980161778	0.70571133511	0.668563829894	0.68486002396	0.0	0.521500840066	0.670650720165	0.653925947204	0.666583449153	0.689142722933	0.774634707439	0.697849610186	0.679749032528	0.698932654251	0.681921232032	0.695103896825	0.725352995938	0.703705755414	0.664687334059	0.704234408182	0.683089678125	0.69224899842	0.735289258688	0.692776916122	0.697432267045	0.701227082555	0.688845916294	0.692676599326	0.680129558192	0.674239013667	0.692619209649	0.68943255055	0.701057458327	0.659746749672	0.669885557048	0.692697341644	0.714727178381	0.708861149097	0.699200784282	0.71566048319	0.653276003892	0.699364914914	0.69509441679	0.710846666694	0.67740089602	0.680010373396	0.691023284556	0.694039893775	0.705611037966	0.717935503957	0.695129593633	0.689720238056	0.681293990723	0.717146643782
AG4	0.607220247434	0.618887793158	0.591720799436	0.425375835409	0.681214523696	0.665634547437	0.679235747936	0.675670978639	0.667586466974	0.680257915477	0.667269503963	0.674476578254	0.521500840066	0.0	0.65854394392	0.610287657279	0.693680273766	0.706777608482	0.720997386041	0.641665658312	0.691333542085	0.683263655274	0.678364619672	0.703307505238	0.708418283299	0.70014119623	0.666491675921	0.68558459813	0.668357822834	0.652385744628	0.741887118678	0.696535287003	0.697133681734	0.685313730976	0.660394630331	0.661157211294	0.658623672827	0.651842177013	0.68457736523	0.666088054402	0.67628624449	0.649741893013	0.649337532234	0.684789864461	0.712838041586	0.698672727014	0.694724353819	0.704880322588	0.638738508455	0.686060254044	0.660718543941	0.696322495003	0.648830937015	0.67892902783	0.684600895699	0.670810423844	0.689576855226	0.682644571877	0.696906269717	0.691552623078	0.652860123508	0.68526288223
AH3	0.680784258823	0.503758809041	0.744961067699	0.656784334296	0.678924711124	0.673170313996	0.691746292283	0.683782014376	0.659606435098	0.700413074806	0.677048549009	0.673394882145	0.670650720165	0.65854394392	0.0	0.592066320678	0.676899534354	0.705111935352	0.784049159294	0.707468688033	0.707170392272	0.705868811354	0.663716922577	0.701607507025	0.728233056643	0.680469058414	0.664822384494	0.704396724161	0.689269342049	0.694264606137	0.741829784556	0.698923848082	0.6770965999	0.723382748975	0.683087944573	0.694335141889	0.677444878358	0.664014965651	0.680707513738	0.694452700672	0.681303363805	0.690370007243	0.687254894506	0.677300000545	0.729550961295	0.709388577418	0.703280801819	0.690846617172	0.704278248288	0.702499392296	0.693876999648	0.72919857848	0.705512718942	0.701642207874	0.675374038981	0.708797528892	0.695766573977	0.719545123985	0.696902724439	0.690192310043	0.690221061522	0.696859933468
AH4	0.465546853623	0.428514893144	0.729273325765	0.625749921791	0.672028621988	0.654804095732	0.669407420045	0.65908908574	0.662351981902	0.682491768801	0.654265088408	0.628735693383	0.653925947204	0.610287657279	0.592066320678	0.0	0.676746783421	0.673589205555	0.789191637677	0.697054522489	0.70909875013	0.69430620191	0.677353302578	0.694457239066	0.748164904212	0.677787557814	0.667374342386	0.691988069401	0.697800381003	0.685800480998	0.745556224145	0.695115320473	0.67150998992	0.670992039007	0.66094021809	0.677981475729	0.652722634035	0.642913530675	0.65277539332	0.668089079377	0.65900476658	0.668641374389	0.640869291664	0.662811139414	0.698983667893	0.668546584625	0.671146956862	0.679314207109	0.647961631792	0.671938709957	0.640280619385	0.669877510792	0.655085692229	0.658139963861	0.676064553476	0.668268902972	0.648460433034	0.643831029923	0.65879321708	0.674730812115	0.639997336444	0.666859604512
AA7	0.676028969344	0.69664113033	0.744580688602	0.699941670259	0.68011463295	0.679310099418	0.712107569724	0.679649411133	0.651724152985	0.709303970304	0.679884682449	0.673553100331	0.666583449153	0.693680273766	0.676899534354	0.676746783421	0.0	0.505419624293	0.770846776269	0.695680448543	0.665887049302	0.683485297579	0.662862793225	0.698828490463	0.702928647223	0.685226990347	0.653563549668	0.688406841242	0.669859718911	0.673948788417	0.714366950271	0.570256664804	0.673571326329	0.732080393898	0.692801302424	0.716062567341	0.680540042634	0.687221919018	0.698723872425	0.738779643687	0.72381529631	0.69210673496	0.704074548011	0.704298939934	0.726320894908	0.721197605853	0.746380047321	0.735239920609	0.710322734794	0.740907014981	0.699746914216	0.743977650976	0.701394386295	0.689215607781	0.691342360253	0.721573883087	0.72282965039	0.725183162778	0.735687010492	0.721675959364	0.685758597209	0.714516814449
AA8	0.679910353301	0.70511053089	0.789131014068	0.710191795744	0.696820132939	0.684043981962	0.696287864742	0.660157881907	0.686797115833	0.694577387381	0.692087179873	0.66726050393	0.689142722933	0.706777608482	0.705111935352	0.673589205555	0.505419624293	0.0	0.781261895985	0.667920761061	0.641496233018	0.648154990766	0.668328743987	0.673853798024	0.70454557175	0.675819824448	0.659919123322	0.643252196187	0.653966533623	0.655775560576	0.575820676377	0.434736531001	0.696185159026	0.710806693332	0.71448995941	0.706241900209	0.694549825064	0.684681994691	0.696712522338	0.696240217592	0.69598915055	0.697077021246	0.705511813194	0.70253619339	0.714548728998	0.706430220321	0.723742679098	0.714728051639	0.710362007023	0.717721906795	0.704763964689	0.740807261351	0.70091754511	0.652874642075	0.675394400474	0.689264301691	0.722257952293	0.732575208237	0.737745474274	0.715196202551	0.707476979424	0.711340591925
AB7	0.756560418812	0.765604421297	0.702390199765	0.764382235253	0.768106235358	0.757888696521	0.777070343644	0.767544511316	0.762148841234	0.780630467277	0.762530661439	0.760069226963	0.774634707439	0.720997386041	0.784049159294	0.789191637677	0.770846776269	0.781261895985	0.0	0.538960092262	0.749114501645	0.764763957953	0.782025205554	0.796046432782	0.7541456331	0.785892842394	0.778626378933	0.775175714008	0.749202392211	0.642758155871	0.768069496258	0.766296295413	0.776094273896	0.794445190725	0.779192818	0.785519983609	0.764219201707	0.764151283604	0.794759978215	0.788369275916	0.798094501506	0.740136374474	0.75189219424	0.77651632868	0.802966812217	0.801273212217	0.824937123459	0.815158206149	0.78277692657	0.801359847426	0.80752668487	0.812203344439	0.79743440265	0.803893360262	0.793328534232	0.799178335995	0.794855220827	0.811646212858	0.81227399873	0.802081286291	0.786675335284	0.797517358911
AB8	0.683630974987	0.685590585017	0.717024682913	0.687419538339	0.6862863731	0.675701838737	0.675628733796	0.65796517501	0.680153046463	0.679005083066	0.675332728342	0.649503404186	0.697849610186	0.641665658312	0.707468688033	0.697054522489	0.695680448543	0.667920761061	0.538960092262	0.0	0.649286365615	0.64375696775	0.67516224963	0.660790025982	0.687994548227	0.659068314718	0.678651076401	0.654514222731	0.533462978738	0.433899324814	0.679115312306	0.657349839298	0.695128610473	0.690432230736	0.696195558726	0.680661596309	0.670349199767	0.65667768393	0.678689332523	0.67681518435	0.680202661223	0.656797826124	0.661328444999	0.654102027784	0.694015697667	0.691308037472	0.735650414423	0.707096938863	0.669286570651	0.695884285429	0.676051387327	0.718044746904	0.667460710621	0.684734954442	0.690642102941	0.674154538376	0.691190658562	0.721202506135	0.706289063296	0.691453550197	0.672789171413	0.689744951346
AC7	0.681750494911	0.715297850047	0.755583227478	0.698589889531	0.698787517224	0.70126458307	0.713472041164	0.696073761866	0.711383685346	0.711814028104	0.687472463527	0.686535357404	0.679749032528	0.691333542085	0.707170392272	0.70909875013	0.665887049302	0.641496233018	0.749114501645	0.649286365615	0.0	0.494722909791	0.673259370498	0.682566836859	0.68785117541	0.687827252899	0.685103728933	0.55927290652	0.640289070604	0.63422931208	0.658862828761	0.62862105031	0.722965037906	0.685549926208	0.720574852452	0.727564739093	0.706877732072	0.707729239008	0.711539995319	0.723251020288	0.724591227367	0.723323464294	0.7195433015	0.70353104895	0.695213047755	0.687365536444	0.754026830218	0.74160697211	0.684794916858	0.729526150474	0.740041542015	0.765693829709	0.70418615951	0.68488435029	0.706411320665	0.696748285081	0.739263554128	0.748872724048	0.738550553886	0.72591004571	0.706228932665	0.740146938215
AC8	0.676865981093	0.681138648534	0.781626803202	0.689587075093	0.701131894119	0.677256191994	0.688970069927	0.670021098543	0.71096495001	0.681010081276	0.707347479888	0.668535890719	0.698932654251	0.683263655274	0.705868811354	0.69430620191	0.683485297579	0.648154990766	0.764763957953	0.64375696775	0.494722909791	0.0	0.664153532806	0.656005039125	0.706470268714	0.666210088833	0.50893943072	0.378836097921	0.638887890768	0.632851331809	0.69711528651	0.631596169559	0.715417109625	0.660556239049	0.716949596295	0.70281445059	0.700011754506	0.673490156447	0.680841862613	0.703711801663	0.690465233064	0.706535642006	0.686927670972	0.68607370449	0.672261995613	0.655327353997	0.735144142102	0.709564978366	0.667351247552	0.691507625484	0.685615865136	0.722182869336	0.680971669215	0.670959768358	0.68708740607	0.662505626551	0.702813974845	0.698572333719	0.708804540067	0.702784837942	0.678711339614	0.68550299994
AD7	0.65096497594	0.675792086771	0.758953616941	0.690470221254	0.710547647278	0.701012665154	0.712215948217	0.694450697606	0.649869337171	0.70480343945	0.674921965214	0.704562705584	0.681921232032	0.678364619672	0.663716922577	0.677353302578	0.662862793225	0.668328743987	0.782025205554	0.67516224963	0.673259370498	0.664153532806	0.0	0.495469085303	0.69447528208	0.503795916522	0.662792491103	0.670303839141	0.661490383417	0.657521911378	0.692604984112	0.651372182946	0.650999608956	0.687284900796	0.717012745529	0.704132077296	0.674027241382	0.657001442267	0.684312867878	0.699322584357	0.701760707205	0.696401689863	0.688998203433	0.678480891329	0.700465915258	0.689913906571	0.710672282132	0.702526681382	0.676147672966	0.708429574919	0.685978816097	0.722758361006	0.671494262866	0.668990005493	0.653355786959	0.684756612032	0.686717174934	0.710044486673	0.690133979874	0.700837477953	0.656349961435	0.693541463155
AD8	0.686280737681	0.696822045971	0.785862292079	0.70085471742	0.725445048448	0.714337352669	0.692395000262	0.672734281178	0.696014031427	0.691642308456	0.704066359785	0.698177121108	0.695103896825	0.703307505238	0.701607507025	0.694457239066	0.698828490463	0.673853798024	0.796046432782	0.660790025982	0.682566836859	0.656005039125	0.495469085303	0.0	0.599569969378	0.388371568423	0.648815351949	0.652631464218	0.665233316718	0.656556078939	0.704717469496	0.670460814134	0.69255789706	0.685092046457	0.723538053175	0.709982582504	0.698877042393	0.667533344954	0.694406671968	0.702122931819	0.697248697109	0.70872272554	0.703238024098	0.680503665941	0.686677602661	0.678498242176	0.723081285157	0.716906941795	0.681162300918	0.700894526788	0.695801494146	0.729645645758	0.688827508547	0.673157791353	0.681347160656	0.683005687961	0.692193660687	0.718210356175	0.693748639422	0.694413188216	0.679393856822	0.691675453228
AE7	0.725752691454	0.726981348824	0.730110485393	0.729802001401	0.714702767828	0.749141635683	0.729473192206	0.721146659305	0.735061673234	0.732042279569	0.759766769267	0.733716186966	0.725352995938	0.708418283299	0.728233056643	0.748164904212	0.702928647223	0.70454557175	0.7541456331	0.687994548227	0.68785117541	0.706470268714	0.69447528208	0.599569969378	0.0	0.519113306198	0.703870068169	0.70404143817	0.686025972015	0.693620765327	0.733317094058	0.690136685672	0.741144539585	0.753828864541	0.744458008557	0.74267086884	0.734125789025	0.737781426905	0.758284851436	0.742312300939	0.755586220858	0.742908885922	0.737204578032	0.728636283268	0.757659780644	0.747781575242	0.768935122972	0.776137110943	0.727412680102	0.767489072259	0.756669205967	0.785512165574	0.740798616208	0.742813107494	0.739680324106	0.746010908177	0.772425769801	0.783981695378	0.771573387763	0.758533255028	0.752135537158	0.768440464125
AE8	0.698979398626	0.6872341046	0.775384583023	0.697145065168	0.70644293089	0.702693924125	0.673889292911	0.665228200182	0.693505893672	0.688872943579	0.70964542771	0.672959905298	0.703705755414	0.70014119623	0.680469058414	0.677787557814	0.685226990347	0.675819824448	0.785892842394	0.659068314718	0.687827252899	0.666210088833	0.503795916522	0.388371568423	0.519113306198	0.0	0.658184395124	0.657149568676	0.664742681627	0.656021465933	0.713994449219	0.675134148325	0.696642430049	0.69418264739	0.710023982448	0.707378533178	0.70681018164	0.676295071875	0.709495769805	0.716063439601	0.7041230073	0.69335306309	0.704360062681	0.691428671258	0.701027372035	0.691270305037	0.719469693817	0.713246848045	0.68116635419	0.705224301386	0.704293397956	0.730959451396	0.690955880399	0.660745087774	0.681169686587	0.691412259666	0.692198586128	0.714221385025	0.711572708542	0.700656914075	0.684543307127	0.698513811718
AF7	0.665603427197	0.663989241624	0.758771661028	0.662945834165	0.709565027974	0.682642568698	0.702334813361	0.669854192149	0.664923088158	0.690641752428	0.680746663277	0.683459544628	0.664687334059	0.666491675921	0.664822384494	0.667374342386	0.653563549668	0.659919123322	0.778626378933	0.678651076401	0.685103728933	0.50893943072	0.662792491103	0.648815351949	0.703870068169	0.658184395124	0.0	0.453592247849	0.644636911832	0.660173207943	0.710114656351	0.659358526002	0.671435731729	0.708819375501	0.69837313913	0.676799680428	0.680778368499	0.664180268956	0.689313574203	0.705847383022	0.695482680299	0.683039838767	0.687540729889	0.68152767267	0.721007193366	0.699805468956	0.711566469364	0.69651167959	0.677049617906	0.69665238955	0.671098699219	0.702776711416	0.682354250591	0.686914877632	0.67672046443	0.68119334395	0.684968167156	0.710414275103	0.68143292478	0.70187979053	0.654767858259	0.684059299462
AF8	0.682033375624	0.678368624709	0.78590089645	0.682951975968	0.702775470208	0.690906295283	0.682963960285	0.660765818571	0.714462269784	0.673989679636	0.712533241712	0.672806934862	0.704234408182	0.68558459813	0.704396724161	0.691988069401	0.688406841242	0.643252196187	0.775175714008	0.654514222731	0.55927290652	0.378836097921	0.670303839141	0.652631464218	0.70404143817	0.657149568676	0.453592247849	0.0	0.654316460941	0.640359726275	0.687412025125	0.631066119424	0.723216838279	0.675915858019	0.709359579027	0.694879101635	0.702103875438	0.684178494369	0.689016737987	0.698368309112	0.688660547847	0.707045504477	0.698547833448	0.690666888133	0.687711058341	0.678843088166	0.7291440081	0.702313484756	0.664426361469	0.687607284627	0.688957114306	0.718650718653	0.672761494996	0.664143912093	0.681730072732	0.659870961965	0.695241859622	0.701669466953	0.701620571443	0.700375179519	0.682015085007	0.686738035843
AG7	0.691022984745	0.694954641646	0.747201992003	0.683897288691	0.70831207307	0.694548088478	0.714984108715	0.664330470076	0.65853943636	0.694370987235	0.703299019549	0.695719745516	0.683089678125	0.668357822834	0.689269342049	0.697800381003	0.669859718911	0.653966533623	0.749202392211	0.533462978738	0.640289070604	0.638887890768	0.661490383417	0.665233316718	0.686025972015	0.664742681627	0.644636911832	0.654316460941	0.0	0.445485627985	0.683208978795	0.653963539481	0.692331847824	0.702700787592	0.704284904694	0.691580525705	0.675930214774	0.662810337111	0.684392433838	0.692938033909	0.693458814118	0.704790048504	0.685633993491	0.665482420777	0.710420404943	0.696270228755	0.733784477373	0.715397571278	0.675265802589	0.715988200016	0.68425389739	0.727762799286	0.67309285298	0.692048430647	0.685313326194	0.687126194565	0.701635301002	0.731073497741	0.705085039607	0.702486093578	0.680595324453	0.723432609023
AG8	0.665444043553	0.678090826236	0.734049208992	0.676328399259	0.68436724134	0.655926324984	0.674989198375	0.63807954421	0.669987419127	0.656533572836	0.671211763828	0.661132598828	0.69224899842	0.652385744628	0.694264606137	0.685800480998	0.673948788417	0.655775560576	0.642758155871	0.433899324814	0.63422931208	0.632851331809	0.657521911378	0.656556078939	0.693620765327	0.656021465933	0.660173207943	0.640359726275	0.445485627985	0.0	0.693815634141	0.638438487883	0.680894778348	0.679322552747	0.692384557571	0.67446533402	0.652815701292	0.629819971382	0.652808368765	0.667871233871	0.66149518961	0.681217104718	0.653919539143	0.659396309013	0.682200420755	0.666013230117	0.728877025425	0.699413388132	0.661221247294	0.688447838095	0.692569636426	0.72359899341	0.668514929828	0.676999572917	0.680100150598	0.6733889454	0.688809324696	0.720842129279	0.695988273741	0.684020519909	0.656722591383	0.693625460301
AH7	0.724887174306	0.750044245568	0.78369885279	0.737739065692	0.737514419074	0.739731011342	0.726771480444	0.703040804436	0.727283404849	0.713358456866	0.71933083011	0.734762434857	0.735289258688	0.741887118678	0.741829784556	0.745556224145	0.714366950271	0.575820676377	0.768069496258	0.679115312306	0.658862828761	0.69711528651	0.692604984112	0.704717469496	0.733317094058	0.713994449219	0.710114656351	0.687412025125	0.683208978795	0.693815634141	0.0	0.519342780817	0.711302612371	0.763592187281	0.775608830507	0.756547750807	0.749373755557	0.743625645245	0.755917172029	0.747642558123	0.758778606553	0.737668238669	0.762544070471	0.737146735717	0.767130335489	0.75557707619	0.775400020055	0.75445228845	0.743722998922	0.762173457604	0.776966530109	0.792419945298	0.741782353012	0.729587089178	0.735941547019	0.740014953683	0.766843795986	0.802599126115	0.780208040857	0.763885457737	0.754020214667	0.738898579286
AH8	0.678589159776	0.688404909597	0.7720515729	0.705613546174	0.69691585565	0.687017574645	0.697456286608	0.680359606583	0.680547397628	0.687372964989	0.68239124251	0.683938671013	0.692776916122	0.696535287003	0.698923848082	0.695115320473	0.570256664804	0.434736531001	0.766296295413	0.657349839298	0.62862105031	0.631596169559	0.651372182946	0.670460814134	0.690136685672	0.675134148325	0.659358526002	0.631066119424	0.653963539481	0.638438487883	0.519342780817	0.0	0.695017576096	0.70815285426	0.725167361124	0.698953931099	0.69593792904	0.679638012996	0.690301928151	0.701590200817	0.698044748372	0.697260881274	0.69771183148	0.698384766029	0.707579058961	0.706731172072	0.731873609264	0.700755899484	0.70115776978	0.709204424369	0.725655338322	0.746653977066	0.694317292407	0.680892545513	0.694821735648	0.692558453609	0.718836303436	0.751193836062	0.730127801122	0.707939549361	0.698790105214	0.707522986398
AA5	0.657058776522	0.679126224968	0.712320143319	0.701950149135	0.683045673144	0.684631829988	0.71888820343	0.710097186447	0.611133445342	0.708703866183	0.645291612552	0.68008455904	0.697432267045	0.697133681734	0.6770965999	0.67150998992	0.673571326329	0.696185159026	0.776094273896	0.695128610473	0.722965037906	0.715417109625	0.650999608956	0.69255789706	0.741144539585	0.696642430049	0.671435731729	0.723216838279	0.692331847824	0.680894778348	0.711302612371	0.695017576096	0.0	0.622450102433	0.69378856094	0.696494983709	0.647621686478	0.645302836904	0.67887026646	0.710254789516	0.70281990051	0.67155975924	0.636447336413	0.670822876106	0.728262716093	0.662917770148	0.704229232542	0.701569915325	0.695785636879	0.711633561146	0.708004609542	0.721615442979	0.676919802856	0.711741822531	0.675180450193	0.7065856267	0.676838613104	0.724060809561	0.682888034904	0.697076505752	0.646338705177	0.729966652469
AA6	0.670627177114	0.682316773838	0.788492165387	0.69800151944	0.690062703377	0.66556895748	0.677621956154	0.662111899258	0.69598936983	0.663980223767	0.682280273021	0.647110380269	0.701227082555	0.685313730976	0.723382748975	0.670992039007	0.732080393898	0.710806693332	0.794445190725	0.690432230736	0.685549926208	0.660556239049	0.687284900796	0.685092046457	0.753828864541	0.69418264739	0.708819375501	0.675915858019	0.702700787592	0.679322552747	0.763592187281	0.70815285426	0.622450102433	0.0	0.689546334912	0.678634447837	0.660615540604	0.612670453737	0.661409166129	0.67320136612	0.665527456654	0.697062748773	0.665280757853	0.677005424934	0.470278026582	0.416862764078	0.70073578407	0.696221854817	0.66217864904	0.677182928503	0.67620058789	0.697830089483	0.679245552801	0.685830863506	0.694959402682	0.680735460319	0.681633061493	0.686452817254	0.690409709814	0.679794517994	0.654577138486	0.693991058495
AB5	0.673436431906	0.661629587325	0.734334971747	0.67703316789	0.686029627348	0.672574991492	0.665571324328	0.657885316234	0.67753327018	0.686463551484	0.669246913164	0.655195619635	0.688845916294	0.660394630331	0.683087944573	0.66094021809	0.692801302424	0.71448995941	0.779192818	0.696195558726	0.720574852452	0.716949596295	0.717012745529	0.723538053175	0.744458008557	0.710023982448	0.69837313913	0.709359579027	0.704284904694	0.692384557571	0.775608830507	0.725167361124	0.69378856094	0.689546334912	0.0	0.438800699268	0.654621118619	0.657819114599	0.643684313862	0.624415274204	0.647684116305	0.680544991158	0.652419192672	0.638573912068	0.708359394768	0.683726780591	0.677932756889	0.704635393372	0.67433659696	0.709466274209	0.684286816058	0.69707621149	0.66111959573	0.678214414642	0.69429903579	0.676719856414	0.693852701032	0.688086508775	0.707766703716	0.712249791075	0.655705475993	0.697832900473
AB6	0.675364881743	0.65579686483	0.755185318411	0.677201883182	0.682178897984	0.658619309663	0.658859834135	0.667335999406	0.6893104619	0.665471943336	0.680756126242	0.659676728855	0.692676599326	0.661157211294	0.694335141889	0.677981475729	0.716062567341	0.706241900209	0.785519983609	0.680661596309	0.727564739093	0.70281445059	0.704132077296	0.709982582504	0.74267086884	0.707378533178	0.676799680428	0.694879101635	0.691580525705	0.67446533402	0.756547750807	0.698953931099	0.696494983709	0.678634447837	0.438800699268	0.0	0.672449613253	0.646769705122	0.638910424501	0.611313663006	0.645441278904	0.683918217397	0.656799048954	0.561218014083	0.694290341052	0.669813702861	0.668426379653	0.68572138156	0.668579385069	0.668194740307	0.673407688401	0.681244891462	0.659548898089	0.683983871048	0.683290930681	0.668398829654	0.678220373753	0.693788481735	0.670624265293	0.681193759901	0.648593532392	0.703816851528
AC5	0.633191911302	0.656167279421	0.708891308141	0.676476463018	0.690627338876	0.666487380083	0.685284281384	0.664674754106	0.657134029008	0.687052424582	0.660312632999	0.671517380626	0.680129558192	0.658623672827	0.677444878358	0.652722634035	0.680540042634	0.694549825064	0.764219201707	0.670349199767	0.706877732072	0.700011754506	0.674027241382	0.698877042393	0.734125789025	0.70681018164	0.680778368499	0.702103875438	0.675930214774	0.652815701292	0.749373755557	0.69593792904	0.647621686478	0.660615540604	0.654621118619	0.672449613253	0.0	0.489668644761	0.636458419256	0.647722320809	0.659662393411	0.685906875044	0.576520272898	0.637859448118	0.663465046042	0.650414259056	0.657298671004	0.693628737924	0.626109347811	0.676076365237	0.655055284687	0.662592953139	0.649711295417	0.661185467533	0.632874160885	0.660319146483	0.643248499753	0.663214815772	0.651436108853	0.664291083728	0.633339857296	0.685210433884
AC6	0.637837544379	0.630014570996	0.745427162236	0.658124945666	0.660214921364	0.641429029192	0.656725876487	0.646569290787	0.657791419073	0.658528181965	0.647505106579	0.639249670011	0.674239013667	0.651842177013	0.664014965651	0.642913530675	0.687221919018	0.684681994691	0.764151283604	0.65667768393	0.707729239008	0.673490156447	0.657001442267	0.667533344954	0.737781426905	0.676295071875	0.664180268956	0.684178494369	0.662810337111	0.629819971382	0.743625645245	0.679638012996	0.645302836904	0.612670453737	0.657819114599	0.646769705122	0.489668644761	0.0	0.615035701846	0.637361591185	0.638308624618	0.566189017582	0.492886459932	0.624588037016	0.639292830597	0.61279102256	0.667673355521	0.676816617026	0.626120136706	0.645615900916	0.634338094086	0.663122958257	0.66270573881	0.653945304586	0.644272479356	0.653768982355	0.627568059506	0.657540107742	0.627064239562	0.633491751873	0.639169220902	0.66941665261
AD6	0.657205143013	0.641478678341	0.774084559894	0.688026102269	0.659871652114	0.62367984837	0.631156143423	0.637017959051	0.664087277394	0.618388194579	0.644816979863	0.636036267576	0.692619209649	0.68457736523	0.680707513738	0.65277539332	0.698723872425	0.696712522338	0.794759978215	0.678689332523	0.711539995319	0.680841862613	0.684312867878	0.694406671968	0.758284851436	0.709495769805	0.689313574203	0.689016737987	0.684392433838	0.652808368765	0.755917172029	0.690301928151	0.67887026646	0.661409166129	0.643684313862	0.638910424501	0.636458419256	0.615035701846	0.0	0.486455471452	0.400486920832	0.673525270373	0.620474376431	0.65040563407	0.658448868983	0.642251918088	0.678674691689	0.666981153292	0.641612985385	0.642168117069	0.661656671688	0.683948424221	0.644419079852	0.662238426806	0.662388640101	0.648542020492	0.640964279018	0.675638282552	0.643566015283	0.643577057621	0.628644098409	0.675145862604
AE5	0.669619219505	0.657538800042	0.771877449859	0.682974502839	0.652802888139	0.654347968294	0.632960319205	0.618433234243	0.68377228516	0.628920665508	0.670652752388	0.641079165945	0.68943255055	0.666088054402	0.694452700672	0.668089079377	0.738779643687	0.696240217592	0.788369275916	0.67681518435	0.723251020288	0.703711801663	0.699322584357	0.702122931819	0.742312300939	0.716063439601	0.705847383022	0.698368309112	0.692938033909	0.667871233871	0.747642558123	0.701590200817	0.710254789516	0.67320136612	0.624415274204	0.611313663006	0.647722320809	0.637361591185	0.486455471452	0.0	0.399213823763	0.695033943071	0.633499950478	0.643918745359	0.677821582378	0.663616146903	0.677978635797	0.672972333038	0.646047931019	0.643270034287	0.673058856857	0.694225950261	0.647002439664	0.650405951889	0.670826199784	0.634255373252	0.661110371601	0.693411172824	0.665965837697	0.643458865451	0.632704043922	0.682533527616
AE6	0.683746892025	0.645831776882	0.797130559432	0.693708782129	0.662653729654	0.650683713155	0.624819526672	0.620601669066	0.690352531269	0.619204695	0.69873877554	0.653019112971	0.701057458327	0.67628624449	0.681303363805	0.65900476658	0.72381529631	0.69598915055	0.798094501506	0.680202661223	0.724591227367	0.690465233064	0.701760707205	0.697248697109	0.755586220858	0.7041230073	0.695482680299	0.688660547847	0.693458814118	0.66149518961	0.758778606553	0.698044748372	0.70281990051	0.665527456654	0.647684116305	0.645441278904	0.659662393411	0.638308624618	0.400486920832	0.399213823763	0.0	0.680049857503	0.63694023829	0.656259852954	0.664885547581	0.661161376576	0.676688365241	0.652707290724	0.640583359284	0.63115222192	0.663146761668	0.679634982361	0.648163457078	0.643911610667	0.657460292067	0.63446019361	0.638812532395	0.67839748747	0.64192420824	0.615991439556	0.6400758086	0.658064567977
AF5	0.687356554405	0.679478846416	0.744164427379	0.66727732051	0.655225530723	0.658653164692	0.685522401485	0.677009927825	0.665264602967	0.704272522746	0.684510028624	0.645956960068	0.659746749672	0.649741893013	0.690370007243	0.668641374389	0.69210673496	0.697077021246	0.740136374474	0.656797826124	0.723323464294	0.706535642006	0.696401689863	0.70872272554	0.742908885922	0.69335306309	0.683039838767	0.707045504477	0.704790048504	0.681217104718	0.737668238669	0.697260881274	0.67155975924	0.697062748773	0.680544991158	0.683918217397	0.685906875044	0.566189017582	0.673525270373	0.695033943071	0.680049857503	0.0	0.524593127439	0.662393521138	0.727771463874	0.708439175359	0.71811316548	0.717465935236	0.682406218683	0.68518812172	0.695786987978	0.726159160575	0.70346156311	0.697732864751	0.705737579168	0.711182567207	0.679287268674	0.709530437311	0.693356936253	0.671776118517	0.672354801922	0.706540902662
AF6	0.633739772032	0.643034108992	0.732225101016	0.663503160176	0.66392967976	0.661634840229	0.658441584589	0.664390688733	0.651732562457	0.663375983017	0.66089295837	0.651075623568	0.669885557048	0.649337532234	0.687254894506	0.640869291664	0.704074548011	0.705511813194	0.75189219424	0.661328444999	0.7195433015	0.686927670972	0.688998203433	0.703238024098	0.737204578032	0.704360062681	0.687540729889	0.698547833448	0.685633993491	0.653919539143	0.762544070471	0.69771183148	0.636447336413	0.665280757853	0.652419192672	0.656799048954	0.576520272898	0.492886459932	0.620474376431	0.633499950478	0.63694023829	0.524593127439	0.0	0.641783729105	0.695934787717	0.669717260283	0.66625359542	0.689914521312	0.646007185138	0.652491924752	0.658266724368	0.677951065382	0.656622752178	0.691924195849	0.683283358808	0.677920495722	0.642264198295	0.672854565527	0.642650204892	0.649716675295	0.623444230169	0.691860789293
