	AA3	AA4	AB3	AB4	AC3	AC4	AD3	AD4	AE3	AE4	AF3	AF4	AG3	AG4	AH3	AH4	AA7	AA8	AB7	AB8	AC7	AC8	AD7	AD8	AE7	AE8	AF7	AF8	AG7	AG8	AH7	AH8	AA5	AA6	AB5	AB6	AC5	AC6	AD6	AE5	AE6	AF5	AF6	AG5	AH5	AH6	AA1	AA2	AB1	AB2	AC1	AC2	AD1	AD2	AE1	AE2	AF1	AF2	AG1	AG2	AH1	AH2
AA3	0.0	0.482403936122	0.683346391336	0.645949409213	0.6654292633	0.671115525173	0.6920095629	0.683518572494	0.657163445912	0.687657852982	0.647043950516	0.675586912939	0.64513440303	0.619440260176	0.680359125056	0.463202900297	0.67676421723	0.686988112879	0.752851530997	0.686855445513	0.701751469105	0.685722085709	0.67702718116	0.689863863017	0.730791575639	0.691940681413	0.666232236581	0.687299029861	0.69362984291	0.673327805217	0.735735692973	0.691327136384	0.644416778033	0.687228859799	0.677299940896	0.673611965777	0.638284636935	0.657607603816	0.668840561523	0.679413253644	0.670676766616	0.701522616952	0.66636359651	0.68026451464	0.696101323606	0.683402882121	0.658476432818	0.683098113508	0.654799507797	0.686198378458	0.663824710305	0.69187499486	0.635129853172	0.658368975087	0.676227097648	0.666034622408	0.658313296228	0.678412957674	0.666910766875	0.693453666605	0.649466706352	0.688727304097
AA4	0.482403936122	0.0	0.722829214288	0.617519412918	0.647754387598	0.641159238981	0.656668462027	0.650098589513	0.688696458582	0.6433476353	0.652122018283	0.653407828091	0.655375008134	0.610977958277	0.521062192459	0.367416368496	0.685642919886	0.688810566771	0.761741957613	0.678286106552	0.702749419719	0.657973965002	0.680761227916	0.684676765702	0.724128917272	0.680699540686	0.66133401728	0.661176851801	0.696863086791	0.672999311136	0.741691464147	0.679437114789	0.669904448931	0.683157998625	0.673448033509	0.650171318645	0.655755382647	0.640237388047	0.653213657412	0.65557161498	0.632623411717	0.681334714787	0.63993471577	0.660017689971	0.679524657796	0.678619481941	0.66328777143	0.65379310069	0.656017553717	0.651301533338	0.66416097059	0.683221222582	0.652151628429	0.643100304219	0.668183009324	0.647903308038	0.646822776907	0.662265148574	0.659326858992	0.657967411405	0.648616124159	0.653732515076
AB3	0.683346391336	0.722829214288	0.0	0.680025135256	0.732764775431	0.770510204616	0.766834761131	0.740907600822	0.696326769968	0.768617795646	0.736473349471	0.749618100089	0.73369967426	0.620114770595	0.725445637551	0.718366332586	0.743697468746	0.766367711185	0.697803394727	0.717931890739	0.750383911124	0.76670313221	0.716895722857	0.745201431169	0.735708755697	0.754693401014	0.734074991349	0.757573761483	0.720946117424	0.711915369488	0.753603040929	0.769286144742	0.716879168087	0.792809637553	0.734474839327	0.777285832054	0.72072137422	0.752878287626	0.760922487659	0.758046545796	0.785096705708	0.733620144618	0.724738730417	0.758276331312	0.797619654966	0.805360560165	0.774633387792	0.7921251339	0.727350712908	0.793172056395	0.759436185715	0.797645694529	0.743751210582	0.787787591292	0.7581192984	0.777195564047	0.769602351716	0.76771165791	0.772516243088	0.77733494161	0.727608795566	0.795441614364
AB4	0.645949409213	0.617519412918	0.680025135256	0.0	0.687800810925	0.680954130661	0.684009794457	0.677568067453	0.702847559712	0.677899618039	0.663653487315	0.696427311871	0.399016252461	0.45617672198	0.657320420042	0.629124546443	0.688629905377	0.701707461433	0.751167843164	0.696191753665	0.6952333618	0.688940491931	0.682392231437	0.695892586555	0.715589056205	0.690320507027	0.67508017927	0.69524255894	0.703338425708	0.688360083399	0.732774899858	0.696729680262	0.686174689715	0.700657842621	0.677043445413	0.686771891388	0.679029302018	0.67148079208	0.68014220013	0.686131979523	0.683715655005	0.678233682728	0.67703916775	0.699745450082	0.711182636869	0.715618584346	0.692089615502	0.698245796513	0.65632435665	0.686016633734	0.706509669722	0.726753458895	0.674076008466	0.681243586275	0.688234792603	0.682717235208	0.69373716012	0.722276972602	0.708738694764	0.688348104153	0.680152264572	0.70399221454
AC3	0.6654292633	0.647754387598	0.732764775431	0.687800810925	0.0	0.505270237683	0.674007230635	0.654056182824	0.675398668171	0.672885211878	0.68073863449	0.478775005762	0.692141749919	0.674739956291	0.661735029037	0.645324032434	0.682086839047	0.6870528276	0.748697060677	0.672202517992	0.694137509104	0.695197003963	0.706434249594	0.703303153415	0.701027167223	0.690423936896	0.705146806972	0.710655809135	0.701016590879	0.671579185622	0.729949982459	0.684132526363	0.653715829695	0.69038731821	0.686646850546	0.661667494799	0.684688963819	0.663098604483	0.680246299155	0.642308099907	0.653065232332	0.641261244227	0.642349413578	0.676887426782	0.707315077646	0.699092397454	0.709602934483	0.693455636296	0.694705968543	0.678438809535	0.692614249608	0.701757701133	0.679781096953	0.690516066953	0.674268176614	0.681225444958	0.697806261487	0.702681962607	0.688326437991	0.67638700443	0.680092317779	0.694245520111
AC4	0.671115525173	0.641159238981	0.770510204616	0.680954130661	0.505270237683	0.0	0.663940110917	0.651088570953	0.693913676581	0.661040855935	0.504713124333	0.393369943381	0.674420092849	0.696530262953	0.675300722357	0.640951072918	0.685243024433	0.684950057036	0.752540458179	0.658311771387	0.699788376356	0.675163072745	0.695643497713	0.695729648571	0.739014557436	0.697170080987	0.692263967857	0.701337794157	0.709159673674	0.671423181865	0.728893125512	0.683190338744	0.683620141031	0.668460843883	0.680367778113	0.666402686016	0.681987436872	0.638389721531	0.658723030008	0.647014342935	0.643515482729	0.667814470345	0.64594283351	0.674780802632	0.672317771551	0.664173628144	0.726188321474	0.680524843775	0.702745644049	0.68081686743	0.689213558212	0.673431416316	0.694041933981	0.682184217807	0.685911658627	0.678972990348	0.681134284143	0.677055230084	0.699604180619	0.673831897258	0.674198486875	0.678398603703
AD3	0.6920095629	0.656668462027	0.766834761131	0.684009794457	0.674007230635	0.663940110917	0.0	0.467061147356	0.685520593379	0.322654880368	0.704263022883	0.646081644981	0.713875760492	0.689679507121	0.69512810915	0.656499561718	0.718344177548	0.68913487667	0.767980591202	0.665265023369	0.720492513011	0.678204086623	0.719861685052	0.703987463285	0.729369014123	0.670638870458	0.696134613058	0.674088062505	0.691209517131	0.680029808427	0.725840779641	0.695489328105	0.698000504227	0.665261792683	0.682858340988	0.666501479906	0.692172108479	0.660910129353	0.621910530066	0.657467574835	0.628819843265	0.676822946455	0.666622564439	0.700884818785	0.689319176572	0.685619702251	0.699744860086	0.67730859275	0.702958471675	0.662597304994	0.693882421352	0.685916523706	0.679016151424	0.674576811731	0.699264422158	0.679592734048	0.678381125426	0.683068943182	0.700403535248	0.660025814118	0.703968132609	0.664422572185
AD4	0.683518572494	0.650098589513	0.740907600822	0.677568067453	0.654056182824	0.651088570953	0.467061147356	0.0	0.588324771324	0.432096541064	0.674390376121	0.643107584777	0.694588143618	0.684497610692	0.666490897579	0.641866887781	0.68916712495	0.668722544495	0.777015253506	0.651499466538	0.704731176363	0.692178787827	0.679064697646	0.672318169737	0.715641462986	0.665260045063	0.682908292982	0.678029298867	0.655053506437	0.6323554584	0.732588281671	0.682604168795	0.691169740659	0.665745377201	0.660779229557	0.640137961486	0.675708035991	0.675691019358	0.638523126781	0.639102348377	0.621847788429	0.695300620584	0.651579021601	0.660264561991	0.686014504527	0.67955536272	0.682131411465	0.664360536816	0.677023576025	0.677391749811	0.675957982188	0.684447250081	0.672049269651	0.659081650946	0.645583374877	0.65288271255	0.697319980946	0.675374675542	0.702334258641	0.672301181953	0.671045214362	0.671245047769
AE3	0.657163445912	0.688696458582	0.696326769968	0.702847559712	0.675398668171	0.693913676581	0.685520593379	0.588324771324	0.0	0.655676219432	0.66945349595	0.666074640937	0.694431755552	0.693902261617	0.690521482444	0.680552118175	0.660820530365	0.676985008562	0.761167808579	0.70117577162	0.738631072652	0.724500014401	0.668569033978	0.691939718275	0.75675564308	0.699265623973	0.698302155222	0.716860685806	0.684499280177	0.668152449459	0.735733753086	0.707503790058	0.629237872583	0.6977848748	0.694145840438	0.697650637034	0.663998028975	0.673626562677	0.685524537295	0.682208586173	0.704035644263	0.685547388802	0.660541845388	0.691905756627	0.730127270484	0.720064052747	0.705688487244	0.733649008488	0.712054867885	0.724256242238	0.706321470178	0.726752233693	0.694253025594	0.71632981245	0.658645656358	0.714933987875	0.695277978873	0.712582129141	0.712164765453	0.70941684192	0.674039389678	0.728414542216
AE4	0.687657852982	0.6433476353	0.768617795646	0.677899618039	0.672885211878	0.661040855935	0.322654880368	0.432096541064	0.655676219432	0.0	0.694644633496	0.655452241289	0.717120935778	0.683464914881	0.690106444184	0.657050864853	0.707241083843	0.690820800889	0.772486745511	0.657931509785	0.721152823749	0.68168515108	0.704909697258	0.692259187156	0.730484157215	0.675836427808	0.68502471443	0.682632318436	0.683747639975	0.66166427014	0.717343843258	0.686523392498	0.703567373662	0.672583209371	0.677189587658	0.649465902292	0.68504447585	0.665289864678	0.617335578749	0.642965101625	0.616208328346	0.698207188358	0.659019921576	0.694394649369	0.682179803223	0.678066791519	0.680868269348	0.66538356325	0.692644112629	0.658187497116	0.686274184634	0.681761772264	0.677344248945	0.670801626296	0.685365667557	0.67248218945	0.692630611709	0.687017911572	0.703879080621	0.674483642994	0.693988782344	0.671593016137
AF3	0.647043950516	0.652122018283	0.736473349471	0.663653487315	0.68073863449	0.504713124333	0.704263022883	0.674390376121	0.66945349595	0.694644633496	0.0	0.551465874275	0.670992333608	0.686543399265	0.670931150936	0.665404756923	0.675660704857	0.693663796341	0.750234108589	0.674013719736	0.682320174735	0.706505331298	0.675834802871	0.690694990712	0.756778359959	0.714523763053	0.6893195404	0.723085710425	0.696111555326	0.679133739404	0.719258341807	0.697396805148	0.64284496777	0.692429561492	0.674433647262	0.676705717174	0.657468833527	0.664047711087	0.68650789024	0.662810886272	0.68581288272	0.686717668921	0.657472259349	0.674962298839	0.68309521642	0.695124176172	0.712582526482	0.697876625401	0.696336382434	0.720457930443	0.710392955781	0.713889211066	0.698564401265	0.710440879535	0.71022735225	0.715230621202	0.686702860982	0.704433094432	0.699834841604	0.721451007019	0.65911277881	0.708975896165
AF4	0.675586912939	0.653407828091	0.749618100089	0.696427311871	0.478775005762	0.393369943381	0.646081644981	0.643107584777	0.666074640937	0.655452241289	0.551465874275	0.0	0.716846500123	0.700735161221	0.690523662351	0.644323098703	0.702072556255	0.677768809683	0.768849730372	0.673779549236	0.717550029528	0.694145549481	0.710684355671	0.709772681519	0.747269549102	0.695377837744	0.71269453379	0.692831939344	0.700522853227	0.679647452709	0.755376982273	0.70738806818	0.661027454397	0.663289070031	0.662616369738	0.657368129832	0.67729595777	0.635194422812	0.659606803913	0.625628179905	0.633804012316	0.669064046862	0.643531446792	0.674596570968	0.684442091412	0.670609625276	0.698917048614	0.684984355892	0.696201257696	0.682985118407	0.673855369027	0.669396095343	0.6703350251	0.692250931052	0.694708805905	0.689924329583	0.677647247444	0.646424008136	0.697637906628	0.668731575537	0.677392806846	0.676341273826
AG3	0.64513440303	0.655375008134	0.73369967426	0.399016252461	0.692141749919	0.674420092849	0.713875760492	0.694588143618	0.694431755552	0.717120935778	0.670992333608	0.716846500123	0.0	0.51626751041	0.686515659822	0.663879140633	0.679265004094	0.699378979087	0.75752266751	0.696384866441	0.675898637667	0.69466500987	0.681869281104	0.694609241315	0.72501745682	0.694619030382	0.675463410087	0.698454058256	0.69233788961	0.6857980639	0.733364459429	0.701004912485	0.678883184257	0.703737374486	0.684735208774	0.693715364124	0.681166349163	0.673427788491	0.683725672448	0.701234055755	0.702871068446	0.681395549965	0.690487387202	0.701438758002	0.714672375957	0.706518118876	0.691885455979	0.716080882822	0.669482879069	0.708679473965	0.709888858053	0.716798623727	0.684025729268	0.690586981679	0.691344605221	0.690960702482	0.706082843377	0.728875026532	0.709334858679	0.701899706014	0.685921990787	0.713618994119
AG4	0.619440260176	0.610977958277	0.620114770595	0.45617672198	0.674739956291	0.696530262953	0.689679507121	0.684497610692	0.693902261617	0.683464914881	0.686543399265	0.700735161221	0.51626751041	0.0	0.660166891178	0.616562910065	0.692282190331	0.720974934552	0.720080979491	0.660630131501	0.711377878556	0.680943472487	0.693283948065	0.707611743434	0.700540024182	0.698095620799	0.665266033524	0.686315698662	0.679581406142	0.658042691836	0.757663477926	0.703108320051	0.683740298067	0.727596801111	0.660489403508	0.678886165828	0.663473451503	0.661904493375	0.682104606391	0.698120714855	0.689934648496	0.678298013585	0.671475528002	0.708375127412	0.735762352152	0.74197815055	0.698973582629	0.707805673922	0.661214883357	0.695903410982	0.68471489506	0.718893785775	0.688413242912	0.712632546235	0.698037172914	0.702023432298	0.696058657431	0.712880664704	0.70247395757	0.698699997518	0.683739488883	0.709991899278
AH3	0.680359125056	0.521062192459	0.725445637551	0.657320420042	0.661735029037	0.675300722357	0.69512810915	0.666490897579	0.690521482444	0.690106444184	0.670931150936	0.690523662351	0.686515659822	0.660166891178	0.0	0.563007074022	0.676511337619	0.712779860484	0.768039020474	0.694711871375	0.722258950954	0.707393371604	0.695589369686	0.704427303144	0.736148841134	0.710220606956	0.683221852851	0.716660852303	0.706863879211	0.693470243191	0.750241163091	0.697476846043	0.670053372615	0.715443449075	0.682934510136	0.686870902199	0.678951968776	0.68322006069	0.692545926801	0.684107731721	0.674978204374	0.691292176462	0.683052896265	0.686528428757	0.720308526873	0.721699932441	0.70879015813	0.700893457219	0.710136938855	0.706498754552	0.713733624536	0.73136951437	0.716268171113	0.697315118385	0.690403456316	0.709075132123	0.702877810872	0.716436047096	0.695018473893	0.711179259748	0.695109579712	0.707469002502
AH4	0.463202900297	0.367416368496	0.718366332586	0.629124546443	0.645324032434	0.640951072918	0.656499561718	0.641866887781	0.680552118175	0.657050864853	0.665404756923	0.644323098703	0.663879140633	0.616562910065	0.563007074022	0.0	0.693653835565	0.680732130849	0.757361483199	0.675098933426	0.718030311196	0.677307455885	0.676806608966	0.684142980285	0.726765897657	0.658056397036	0.665069588203	0.659343400708	0.671556510702	0.668651488576	0.735699078723	0.678134296008	0.658224996261	0.676352061395	0.673374925628	0.657183035894	0.660767364895	0.641224415022	0.650315625594	0.669651412747	0.632710307215	0.664488340517	0.658917537731	0.666057237243	0.698679336875	0.690395539344	0.681382766552	0.653358946942	0.662143092132	0.657339490112	0.665112428612	0.690348509224	0.662355468911	0.654101055421	0.670251726145	0.656093081215	0.645561508595	0.654080127982	0.66157728342	0.649585779278	0.65197103181	0.638506810006
AA7	0.67676421723	0.685642919886	0.743697468746	0.688629905377	0.682086839047	0.685243024433	0.718344177548	0.68916712495	0.660820530365	0.707241083843	0.675660704857	0.702072556255	0.679265004094	0.692282190331	0.676511337619	0.693653835565	0.0	0.515653259358	0.759404493128	0.67523900233	0.661635437274	0.686046807879	0.665590490501	0.69081449098	0.698857332842	0.687673498742	0.666349980042	0.674938895698	0.685728680765	0.675725173174	0.703697450348	0.542426633422	0.647166595391	0.728919789142	0.69993033479	0.709382802766	0.677093246843	0.696100229788	0.712036391425	0.72679103523	0.721691357587	0.703708534711	0.693831486317	0.731094681652	0.729800895306	0.720176386173	0.733318400829	0.733429151095	0.717637790468	0.743770253835	0.716854713099	0.742797067037	0.705647779426	0.706888137691	0.681229281511	0.712452851804	0.736115362068	0.731367741124	0.7398337402	0.747006336305	0.691166175608	0.72749848158
AA8	0.686988112879	0.688810566771	0.766367711185	0.701707461433	0.6870528276	0.684950057036	0.68913487667	0.668722544495	0.676985008562	0.690820800889	0.693663796341	0.677768809683	0.699378979087	0.720974934552	0.712779860484	0.680732130849	0.515653259358	0.0	0.772813060456	0.655805314886	0.649536733857	0.644078641593	0.658187916503	0.68998981536	0.704099546809	0.662284787221	0.674313741615	0.652597949488	0.645277772859	0.642325591557	0.552697080836	0.397702875143	0.675512475079	0.708183148509	0.721095621954	0.707423439214	0.697535773585	0.694908307376	0.70461524781	0.715378687405	0.708454250438	0.690881845793	0.698465164477	0.710553537202	0.715262328226	0.708900585949	0.729906823047	0.721211158165	0.727421374703	0.728270192749	0.717311201868	0.748567887273	0.696332544262	0.690855117336	0.690228972275	0.702745222056	0.729105837111	0.715684224846	0.741852239574	0.71525445528	0.710834583407	0.712861557368
AB7	0.752851530997	0.761741957613	0.697803394727	0.751167843164	0.748697060677	0.752540458179	0.767980591202	0.777015253506	0.761167808579	0.772486745511	0.750234108589	0.768849730372	0.75752266751	0.720080979491	0.768039020474	0.757361483199	0.759404493128	0.772813060456	0.0	0.542817354597	0.744610718482	0.760226482709	0.775686184348	0.781392418788	0.738485397942	0.778217057669	0.768078208151	0.775886367173	0.746742803461	0.635150731326	0.755430457366	0.768303940624	0.774433105241	0.785887195939	0.765090865978	0.783038415298	0.762116126811	0.765598725156	0.786061663322	0.78482550278	0.78745500548	0.728560905031	0.734048287246	0.781063705525	0.790341414323	0.794298586086	0.812547951177	0.801115909953	0.773502977503	0.798633154576	0.809455804483	0.803797943373	0.785546654858	0.799958745885	0.780732725252	0.792962084065	0.790906283456	0.796643004183	0.796228191653	0.795037646196	0.788736915844	0.809287441425
AB8	0.686855445513	0.678286106552	0.717931890739	0.696191753665	0.672202517992	0.658311771387	0.665265023369	0.651499466538	0.70117577162	0.657931509785	0.674013719736	0.673779549236	0.696384866441	0.660630131501	0.694711871375	0.675098933426	0.67523900233	0.655805314886	0.542817354597	0.0	0.655535497337	0.644301770529	0.681954566727	0.667952015385	0.655550223525	0.643278646401	0.658780713461	0.650917512236	0.517280692112	0.422698158643	0.695977628934	0.655439789225	0.687570515949	0.691813802668	0.682402910349	0.674692052745	0.682090562818	0.672179129343	0.682262198985	0.696606090085	0.675965020028	0.672642858831	0.665387615694	0.68721036212	0.699603714177	0.692930180663	0.726831275996	0.707507845488	0.701114958194	0.703924845751	0.696624263239	0.729231433885	0.679992825965	0.693648287468	0.691595851371	0.681501808925	0.70527671036	0.703667441869	0.706215720638	0.710090312164	0.686493645392	0.714512900321
AC7	0.701751469105	0.702749419719	0.750383911124	0.6952333618	0.694137509104	0.699788376356	0.720492513011	0.704731176363	0.738631072652	0.721152823749	0.682320174735	0.717550029528	0.675898637667	0.711377878556	0.722258950954	0.718030311196	0.661635437274	0.649536733857	0.744610718482	0.655535497337	0.0	0.515112112248	0.679604122611	0.682341388237	0.692664745153	0.686097748561	0.684168874717	0.585086878693	0.660703588341	0.64304469936	0.662113682403	0.652296580608	0.701165156003	0.71490081486	0.721846878904	0.736869364649	0.719604841793	0.726875876453	0.70590449214	0.731240831508	0.725183906633	0.731892585101	0.720689766599	0.731762075305	0.693886722954	0.690009158058	0.749521700999	0.745559142027	0.724519303125	0.744585332661	0.745249922339	0.761622143568	0.706464341014	0.690137089186	0.701651595812	0.696719037824	0.745489441621	0.747168168842	0.755008330646	0.732612395251	0.702356281906	0.741339425776
AC8	0.685722085709	0.657973965002	0.76670313221	0.688940491931	0.695197003963	0.675163072745	0.678204086623	0.692178787827	0.724500014401	0.68168515108	0.706505331298	0.694145549481	0.69466500987	0.680943472487	0.707393371604	0.677307455885	0.686046807879	0.644078641593	0.760226482709	0.644301770529	0.515112112248	0.0	0.674809292453	0.665060801916	0.708135505693	0.65966421297	0.491421982011	0.391987213283	0.65787938589	0.63018551183	0.69701956025	0.638385539431	0.707493281409	0.672785274465	0.706246645564	0.69383909409	0.692285635568	0.68802869551	0.664774157543	0.705921560981	0.678703195367	0.70046253683	0.682487526213	0.708119545672	0.670663410883	0.652929696626	0.715966645501	0.686420665311	0.695604604001	0.687196235642	0.687907558603	0.696870473394	0.679439578696	0.655801514711	0.665351017693	0.658839241509	0.695112983915	0.687066550177	0.715026756279	0.698262417506	0.664997146406	0.684203478606
AD7	0.67702718116	0.680761227916	0.716895722857	0.682392231437	0.706434249594	0.695643497713	0.719861685052	0.679064697646	0.668569033978	0.704909697258	0.675834802871	0.710684355671	0.681869281104	0.693283948065	0.695589369686	0.676806608966	0.665590490501	0.658187916503	0.775686184348	0.681954566727	0.679604122611	0.674809292453	0.0	0.446851383208	0.705597228593	0.523164421986	0.665552658871	0.677266810698	0.659397265487	0.647051136678	0.697467802876	0.65887169431	0.64610548858	0.698815437195	0.720804622361	0.70570669795	0.690165199803	0.69525170075	0.672633246793	0.704940690866	0.707712681549	0.687311564613	0.669730687374	0.704145510357	0.703267978122	0.708833898133	0.718799614664	0.711343545131	0.684880675456	0.725573030583	0.705070487219	0.734783819595	0.695688886724	0.691477858879	0.659508189749	0.698135770436	0.703298763493	0.705119327263	0.702890255358	0.715256856158	0.662288551924	0.71778969441
AD8	0.689863863017	0.684676765702	0.745201431169	0.695892586555	0.703303153415	0.695729648571	0.703987463285	0.672318169737	0.691939718275	0.692259187156	0.690694990712	0.709772681519	0.694609241315	0.707611743434	0.704427303144	0.684142980285	0.69081449098	0.68998981536	0.781392418788	0.667952015385	0.682341388237	0.665060801916	0.446851383208	0.0	0.62323490331	0.434580432591	0.652820991727	0.652780897347	0.67731780163	0.653735157279	0.70763547764	0.682821386453	0.670878721193	0.681977179655	0.716111720748	0.697747685201	0.688806264607	0.683762017757	0.687877041101	0.704979591271	0.702808051865	0.693819440015	0.673756752497	0.701323276672	0.685828321715	0.685420831334	0.707100021815	0.707074776437	0.692591943421	0.710861982801	0.705868185257	0.733223496567	0.688221789334	0.678436377244	0.665514371862	0.689345217588	0.70036597978	0.714050881135	0.705850948873	0.713551088539	0.677672844801	0.709120981906
AE7	0.730791575639	0.724128917272	0.735708755697	0.715589056205	0.701027167223	0.739014557436	0.729369014123	0.715641462986	0.75675564308	0.730484157215	0.756778359959	0.747269549102	0.72501745682	0.700540024182	0.736148841134	0.726765897657	0.698857332842	0.704099546809	0.738485397942	0.655550223525	0.692664745153	0.708135505693	0.705597228593	0.62323490331	0.0	0.499565672256	0.702352632302	0.698096335097	0.696632601298	0.686532057069	0.732395576124	0.664722950356	0.726819187455	0.75576664069	0.739330484385	0.74236973509	0.72971201714	0.750293384945	0.742942100444	0.761940818726	0.756472242564	0.752971024204	0.735794039876	0.750591246852	0.746591832984	0.755838257853	0.76380343282	0.771897112106	0.735357433043	0.768607827875	0.755732202745	0.794783280079	0.739531990595	0.74203194824	0.740082205277	0.747290585805	0.77569361139	0.789036439844	0.775771567994	0.767394191879	0.750546487265	0.778248570633
AE8	0.691940681413	0.680699540686	0.754693401014	0.690320507027	0.690423936896	0.697170080987	0.670638870458	0.665260045063	0.699265623973	0.675836427808	0.714523763053	0.695377837744	0.694619030382	0.698095620799	0.710220606956	0.658056397036	0.687673498742	0.662284787221	0.778217057669	0.643278646401	0.686097748561	0.65966421297	0.523164421986	0.434580432591	0.499565672256	0.0	0.64930400992	0.633912465182	0.647471649213	0.644749909165	0.716951065218	0.67861293494	0.665225272025	0.678092426975	0.713723834496	0.696624892473	0.705149781593	0.68181827064	0.693399042413	0.716672180153	0.703155249077	0.693173554622	0.686505181593	0.709342494871	0.698309340585	0.688630609167	0.713110637621	0.708308078367	0.697178974986	0.713505970515	0.701154972032	0.739239840949	0.693300452117	0.679979954267	0.6900108572	0.695749098587	0.701569175086	0.714516711587	0.714710716199	0.698295181319	0.69432005237	0.698854786999
AF7	0.666232236581	0.66133401728	0.734074991349	0.67508017927	0.705146806972	0.692263967857	0.696134613058	0.682908292982	0.698302155222	0.68502471443	0.6893195404	0.71269453379	0.675463410087	0.665266033524	0.683221852851	0.665069588203	0.666349980042	0.674313741615	0.768078208151	0.658780713461	0.684168874717	0.491421982011	0.665552658871	0.652820991727	0.702352632302	0.64930400992	0.0	0.45523428994	0.644143793955	0.655385991263	0.714401963525	0.666687973896	0.676609056573	0.695867267426	0.698348976701	0.692031877077	0.6786737177	0.673978024133	0.660527747123	0.700925095724	0.682352917466	0.69226240986	0.675557541198	0.693650724634	0.717330028622	0.711350620632	0.707463527335	0.689891974134	0.688825709893	0.700950918908	0.685633071632	0.715588748913	0.686999407752	0.672941062631	0.676819026887	0.673783136256	0.687996376557	0.708452369614	0.701760217088	0.71759771194	0.664032898925	0.691846755439
AF8	0.687299029861	0.661176851801	0.757573761483	0.69524255894	0.710655809135	0.701337794157	0.674088062505	0.678029298867	0.716860685806	0.682632318436	0.723085710425	0.692831939344	0.698454058256	0.686315698662	0.716660852303	0.659343400708	0.674938895698	0.652597949488	0.775886367173	0.650917512236	0.585086878693	0.391987213283	0.677266810698	0.652780897347	0.698096335097	0.633912465182	0.45523428994	0.0	0.635637246558	0.635180114174	0.71454805848	0.655884596315	0.691988270076	0.67781702735	0.700001710298	0.693655218599	0.680790827676	0.679052683211	0.670279934785	0.698572880513	0.666932241826	0.704738706917	0.682190537853	0.701180765022	0.695439874942	0.678296304302	0.713178131141	0.6928418538	0.686998113763	0.693807555683	0.68690762413	0.717295072701	0.669241311469	0.649966597119	0.66942400713	0.650801685236	0.676697595955	0.690769299894	0.714877073328	0.679977335521	0.664407763631	0.680414199551
AG7	0.69362984291	0.696863086791	0.720946117424	0.703338425708	0.701016590879	0.709159673674	0.691209517131	0.655053506437	0.684499280177	0.683747639975	0.696111555326	0.700522853227	0.69233788961	0.679581406142	0.706863879211	0.671556510702	0.685728680765	0.645277772859	0.746742803461	0.517280692112	0.660703588341	0.65787938589	0.659397265487	0.67731780163	0.696632601298	0.647471649213	0.644143793955	0.635637246558	0.0	0.459058583205	0.686280103281	0.678842367184	0.670333659418	0.698608433588	0.705950926531	0.688581132043	0.667936932716	0.687480710777	0.681625869987	0.701211102582	0.694958390995	0.689671051746	0.678322470317	0.680648600428	0.707729565598	0.704861441919	0.719716166665	0.718757323078	0.698691318409	0.720046178033	0.690167445348	0.748615206332	0.686982803203	0.703679112497	0.683928930791	0.688612829878	0.692876520424	0.711408584645	0.704530783097	0.699523024218	0.670046520628	0.710541960324
AG8	0.673327805217	0.672999311136	0.711915369488	0.688360083399	0.671579185622	0.671423181865	0.680029808427	0.6323554584	0.668152449459	0.66166427014	0.679133739404	0.679647452709	0.6857980639	0.658042691836	0.693470243191	0.668651488576	0.675725173174	0.642325591557	0.635150731326	0.422698158643	0.64304469936	0.63018551183	0.647051136678	0.653735157279	0.686532057069	0.644749909165	0.655385991263	0.635180114174	0.459058583205	0.0	0.692279985267	0.651459115964	0.672751064085	0.6737177792	0.678503048764	0.655264943408	0.641663374633	0.662414502016	0.659699401741	0.675715823705	0.661688324887	0.673856340751	0.634461114884	0.662218400199	0.668722665452	0.663896285021	0.703583295975	0.69526079485	0.682178520979	0.69638825034	0.68089392255	0.719958557119	0.666146237219	0.676091046679	0.658398678658	0.664188716036	0.686718225043	0.689808059992	0.687297239725	0.691060996597	0.671896989184	0.692694402414
AH7	0.735735692973	0.741691464147	0.753603040929	0.732774899858	0.729949982459	0.728893125512	0.725840779641	0.732588281671	0.735733753086	0.717343843258	0.719258341807	0.755376982273	0.733364459429	0.757663477926	0.750241163091	0.735699078723	0.703697450348	0.552697080836	0.755430457366	0.695977628934	0.662113682403	0.69701956025	0.697467802876	0.70763547764	0.732395576124	0.716951065218	0.714401963525	0.71454805848	0.686280103281	0.692279985267	0.0	0.530157837633	0.714979203445	0.760797004203	0.765668303849	0.761968972781	0.75608481515	0.764739299059	0.751457961837	0.753570698693	0.753204560003	0.738191202471	0.752442858057	0.754068074335	0.761758977096	0.763171335812	0.769594236245	0.763540497542	0.76052766612	0.767123363188	0.781076427342	0.791439729014	0.746607081366	0.733376537295	0.742361798433	0.744273723631	0.776283745269	0.791647059192	0.782218573612	0.772571670246	0.744526597334	0.76850183595
AH8	0.691327136384	0.679437114789	0.769286144742	0.696729680262	0.684132526363	0.683190338744	0.695489328105	0.682604168795	0.707503790058	0.686523392498	0.697396805148	0.70738806818	0.701004912485	0.703108320051	0.697476846043	0.678134296008	0.542426633422	0.397702875143	0.768303940624	0.655439789225	0.652296580608	0.638385539431	0.65887169431	0.682821386453	0.664722950356	0.67861293494	0.666687973896	0.655884596315	0.678842367184	0.651459115964	0.530157837633	0.0	0.686022085516	0.716679053036	0.722107029183	0.703395326462	0.704392775676	0.707801973922	0.699403130153	0.710770888094	0.691422843813	0.702185647271	0.701141642255	0.723353620511	0.715759970367	0.71018830237	0.72851031082	0.712264459973	0.726531748294	0.717843451322	0.726546144382	0.738627796776	0.700184002204	0.681015111855	0.688557835159	0.696662842315	0.735305083985	0.730674379147	0.735224807456	0.726273140483	0.69997768344	0.711835124813
AA5	0.644416778033	0.669904448931	0.716879168087	0.686174689715	0.653715829695	0.683620141031	0.698000504227	0.691169740659	0.629237872583	0.703567373662	0.64284496777	0.661027454397	0.678883184257	0.683740298067	0.670053372615	0.658224996261	0.647166595391	0.675512475079	0.774433105241	0.687570515949	0.701165156003	0.707493281409	0.64610548858	0.670878721193	0.726819187455	0.665225272025	0.676609056573	0.691988270076	0.670333659418	0.672751064085	0.714979203445	0.686022085516	0.0	0.592852752226	0.680729945834	0.67446009403	0.63638015306	0.642278466628	0.68048776528	0.675372824998	0.68654131339	0.653472437726	0.643821092708	0.67890272794	0.705439096572	0.651899413726	0.668663664251	0.694043288543	0.688178498646	0.704077030526	0.686065703136	0.709716814771	0.67538935709	0.688787600879	0.668515375067	0.694128043147	0.657337802964	0.685701096399	0.682140054833	0.69001905639	0.649166012403	0.684655253593
AA6	0.687228859799	0.683157998625	0.792809637553	0.700657842621	0.69038731821	0.668460843883	0.665261792683	0.665745377201	0.6977848748	0.672583209371	0.692429561492	0.663289070031	0.703737374486	0.727596801111	0.715443449075	0.676352061395	0.728919789142	0.708183148509	0.785887195939	0.691813802668	0.71490081486	0.672785274465	0.698815437195	0.681977179655	0.75576664069	0.678092426975	0.695867267426	0.67781702735	0.698608433588	0.6737177792	0.760797004203	0.716679053036	0.592852752226	0.0	0.700852183548	0.677162643247	0.676019991983	0.636150818471	0.668024741289	0.678340599383	0.659272989419	0.67524635962	0.650735495677	0.696280810599	0.435594968902	0.402314509113	0.698646734677	0.680237670575	0.703735981285	0.686261556618	0.689119278553	0.691081133188	0.683747939507	0.688370917203	0.695081301542	0.683622908916	0.668603517578	0.679596791525	0.700809229108	0.688964351356	0.667616044216	0.664824447987
AB5	0.677299940896	0.673448033509	0.734474839327	0.677043445413	0.686646850546	0.680367778113	0.682858340988	0.660779229557	0.694145840438	0.677189587658	0.674433647262	0.662616369738	0.684735208774	0.660489403508	0.682934510136	0.673374925628	0.69993033479	0.721095621954	0.765090865978	0.682402910349	0.721846878904	0.706246645564	0.720804622361	0.716111720748	0.739330484385	0.713723834496	0.698348976701	0.700001710298	0.705950926531	0.678503048764	0.765668303849	0.722107029183	0.680729945834	0.700852183548	0.0	0.442037321952	0.643778446082	0.667279087461	0.65509571409	0.639541470815	0.646263611164	0.701238040019	0.674042761023	0.659339377538	0.697658021727	0.698810734905	0.678883306997	0.696142079418	0.685211203478	0.707435725942	0.687476214039	0.697908773633	0.666016553686	0.686227524419	0.699579675073	0.678436800106	0.700248866886	0.693291416357	0.715683794314	0.709778723358	0.657372080182	0.702809663971
AB6	0.673611965777	0.650171318645	0.777285832054	0.686771891388	0.661667494799	0.666402686016	0.666501479906	0.640137961486	0.697650637034	0.649465902292	0.676705717174	0.657368129832	0.693715364124	0.678886165828	0.686870902199	0.657183035894	0.709382802766	0.707423439214	0.783038415298	0.674692052745	0.736869364649	0.69383909409	0.70570669795	0.697747685201	0.74236973509	0.696624892473	0.692031877077	0.693655218599	0.688581132043	0.655264943408	0.761968972781	0.703395326462	0.67446009403	0.677162643247	0.442037321952	0.0	0.662971219103	0.653811714834	0.662485961507	0.64895057842	0.632584445744	0.692643801843	0.648874052911	0.5482154	0.686772261881	0.673701812071	0.671005204503	0.667773050751	0.676091611722	0.682381509139	0.675181722804	0.689723717681	0.677668167955	0.674743099845	0.683193517847	0.660722261274	0.678495965962	0.67869361292	0.682006675862	0.684389660281	0.663376176714	0.678100092009
AC5	0.638284636935	0.655755382647	0.72072137422	0.679029302018	0.684688963819	0.681987436872	0.692172108479	0.675708035991	0.663998028975	0.68504447585	0.657468833527	0.67729595777	0.681166349163	0.663473451503	0.678951968776	0.660767364895	0.677093246843	0.697535773585	0.762116126811	0.682090562818	0.719604841793	0.692285635568	0.690165199803	0.688806264607	0.72971201714	0.705149781593	0.6786737177	0.680790827676	0.667936932716	0.641663374633	0.75608481515	0.704392775676	0.63638015306	0.676019991983	0.643778446082	0.662971219103	0.0	0.509303046083	0.642232004846	0.647287613127	0.651893493809	0.684044499728	0.601511403772	0.658872514536	0.66307893418	0.65737639821	0.631403661161	0.701963697052	0.625757103908	0.675083679994	0.668383996349	0.672547324312	0.649150040697	0.661350045613	0.627829021208	0.664653034112	0.642757294523	0.652041717747	0.655251576834	0.680662292096	0.637860565022	0.697440784018
AC6	0.657607603816	0.640237388047	0.752878287626	0.67148079208	0.663098604483	0.638389721531	0.660910129353	0.675691019358	0.673626562677	0.665289864678	0.664047711087	0.635194422812	0.673427788491	0.661904493375	0.68322006069	0.641224415022	0.696100229788	0.694908307376	0.765598725156	0.672179129343	0.726875876453	0.68802869551	0.69525170075	0.683762017757	0.750293384945	0.68181827064	0.673978024133	0.679052683211	0.687480710777	0.662414502016	0.764739299059	0.707801973922	0.642278466628	0.636150818471	0.667279087461	0.653811714834	0.509303046083	0.0	0.635491253174	0.648432260998	0.627533944434	0.543265361605	0.495259767095	0.642126746092	0.666205177722	0.640227390228	0.670912512769	0.684962390543	0.654957325678	0.65585756465	0.66434153677	0.664191976475	0.665678848287	0.683141164609	0.687559524518	0.682310125751	0.620424366413	0.645716604948	0.661641553159	0.646144629762	0.657500675293	0.662831808465
AD6	0.668840561523	0.653213657412	0.760922487659	0.68014220013	0.680246299155	0.658723030008	0.621910530066	0.638523126781	0.685524537295	0.617335578749	0.68650789024	0.659606803913	0.683725672448	0.682104606391	0.692545926801	0.650315625594	0.712036391425	0.70461524781	0.786061663322	0.682262198985	0.70590449214	0.664774157543	0.672633246793	0.687877041101	0.742942100444	0.693399042413	0.660527747123	0.670279934785	0.681625869987	0.659699401741	0.751457961837	0.699403130153	0.68048776528	0.668024741289	0.65509571409	0.662485961507	0.642232004846	0.635491253174	0.0	0.522597323333	0.43657215413	0.675146250982	0.643967013328	0.674146809117	0.679188152532	0.671497337552	0.667453625449	0.670820824188	0.643849818196	0.648680405497	0.68312487874	0.679655932355	0.658962553485	0.654681478611	0.663602326213	0.652884062289	0.649718890933	0.6722405802	0.647727340403	0.650675205582	0.650673428152	0.662888705428
AE5	0.679413253644	0.65557161498	0.758046545796	0.686131979523	0.642308099907	0.647014342935	0.657467574835	0.639102348377	0.682208586173	0.642965101625	0.662810886272	0.625628179905	0.701234055755	0.698120714855	0.684107731721	0.669651412747	0.72679103523	0.715378687405	0.78482550278	0.696606090085	0.731240831508	0.705921560981	0.704940690866	0.704979591271	0.761940818726	0.716672180153	0.700925095724	0.698572880513	0.701211102582	0.675715823705	0.753570698693	0.710770888094	0.675372824998	0.678340599383	0.639541470815	0.64895057842	0.647287613127	0.648432260998	0.522597323333	0.0	0.406101913981	0.681399193787	0.642910037553	0.662554293671	0.679922957205	0.673984299308	0.663099564833	0.675982984396	0.652053492295	0.648926383895	0.663886380451	0.678531511849	0.645568605759	0.628887286605	0.640650837324	0.641254252123	0.662279587486	0.685590015144	0.665565856565	0.643259215849	0.636962453689	0.66721395999
AE6	0.670676766616	0.632623411717	0.785096705708	0.683715655005	0.653065232332	0.643515482729	0.628819843265	0.621847788429	0.704035644263	0.616208328346	0.68581288272	0.633804012316	0.702871068446	0.689934648496	0.674978204374	0.632710307215	0.721691357587	0.708454250438	0.78745500548	0.675965020028	0.725183906633	0.678703195367	0.707712681549	0.702808051865	0.756472242564	0.703155249077	0.682352917466	0.666932241826	0.694958390995	0.661688324887	0.753204560003	0.691422843813	0.68654131339	0.659272989419	0.646263611164	0.632584445744	0.651893493809	0.627533944434	0.43657215413	0.406101913981	0.0	0.682414360191	0.635182424733	0.662265575413	0.673567590202	0.653070826928	0.673434813783	0.642585957116	0.651481000164	0.629210913665	0.668044891896	0.667182095742	0.63136734738	0.631051933456	0.664872410144	0.626148165183	0.6393001731	0.670927985476	0.645075285419	0.628934159922	0.635454715881	0.632553185348
AF5	0.701522616952	0.681334714787	0.733620144618	0.678233682728	0.641261244227	0.667814470345	0.676822946455	0.695300620584	0.685547388802	0.698207188358	0.686717668921	0.669064046862	0.681395549965	0.678298013585	0.691292176462	0.664488340517	0.703708534711	0.690881845793	0.728560905031	0.672642858831	0.731892585101	0.70046253683	0.687311564613	0.693819440015	0.752971024204	0.693173554622	0.69226240986	0.704738706917	0.689671051746	0.673856340751	0.738191202471	0.702185647271	0.653472437726	0.67524635962	0.701238040019	0.692643801843	0.684044499728	0.543265361605	0.675146250982	0.681399193787	0.682414360191	0.0	0.488818574883	0.681169244251	0.720955518344	0.696009920029	0.717585913019	0.711650984043	0.681351831418	0.687629604698	0.718106241315	0.72186583232	0.69130564798	0.719923348184	0.707851271129	0.704894453708	0.670281291055	0.699777987631	0.691131238619	0.675067489808	0.692808516223	0.70945837152
AF6	0.66636359651	0.63993471577	0.724738730417	0.67703916775	0.642349413578	0.64594283351	0.666622564439	0.651579021601	0.660541845388	0.659019921576	0.657472259349	0.643531446792	0.690487387202	0.671475528002	0.683052896265	0.658917537731	0.693831486317	0.698465164477	0.734048287246	0.665387615694	0.720689766599	0.682487526213	0.669730687374	0.673756752497	0.735794039876	0.686505181593	0.675557541198	0.682190537853	0.678322470317	0.634461114884	0.752442858057	0.701141642255	0.643821092708	0.650735495677	0.674042761023	0.648874052911	0.601511403772	0.495259767095	0.643967013328	0.642910037553	0.635182424733	0.488818574883	0.0	0.63107986197	0.667549739644	0.65277456325	0.656513234192	0.669418218816	0.644186363558	0.658134753213	0.678637715722	0.681404492666	0.660844670637	0.678960054065	0.663518224636	0.676849821445	0.647573249084	0.667367546493	0.650369556449	0.647068843215	0.644706764657	0.683372410037
