	AA3	AA4	AB3	AB4	AC3	AC4	AD3	AD4	AE3	AE4	AF3	AF4	AG3	AG4	AH3	AH4	AA7	AA8	AB7	AB8	AC7	AC8	AD7	AD8	AE7	AE8	AF7	AF8	AG7	AG8	AH7	AH8	AA5	AA6	AB5	AB6	AC5	AC6	AD6	AE5	AE6	AF5	AF6	AG5	AH5	AH6	AA1	AA2	AB1	AB2	AC1	AC2	AD1	AD2	AE1	AE2	AF1	AF2	AG1	AG2	AH1	AH2
AA3	0.0	0.497894630772	0.678335082772	0.620777676026	0.671376219206	0.683197854083	0.698078600839	0.690100207038	0.663544147141	0.677641552561	0.63675352565	0.665638116541	0.6422556756	0.619753290029	0.679019192268	0.480659191844	0.671571076183	0.692843907518	0.747382582802	0.671074455612	0.692282226298	0.690728601789	0.683577285517	0.702491178433	0.720908766658	0.687029911301	0.664654820565	0.686411111395	0.683255861819	0.684360799755	0.733070271994	0.697164805964	0.667813862595	0.700655374621	0.667102085296	0.672067415288	0.640997858954	0.634168358267	0.658843378561	0.68421936012	0.67807321256	0.680607860547	0.658986590902	0.64956756633	0.708618436186	0.689655550556	0.66296019143	0.699595232977	0.638217455283	0.689222441411	0.656763898879	0.682985342752	0.63806645068	0.669631098028	0.671938871577	0.661181618695	0.652513828502	0.686938276107	0.66539960859	0.682369532398	0.646512232585	0.688848090845
AA4	0.497894630772	0.0	0.719734338641	0.63913690887	0.670784323812	0.656241705518	0.665197495698	0.636671935327	0.673968175238	0.653099370969	0.66383384072	0.647055115629	0.664230024273	0.641941742704	0.510362973227	0.364895956789	0.691146702182	0.696379903297	0.772294470721	0.691900010462	0.712304446746	0.683041412471	0.698248478369	0.696513854059	0.729198619904	0.6855458004	0.668386755213	0.659031689008	0.700594420218	0.690662913598	0.756904027186	0.708790733433	0.687532412832	0.680857877973	0.671167435148	0.658712631528	0.667688544495	0.640325954009	0.640193177034	0.672714773898	0.64079553433	0.675317844233	0.657273644196	0.633064968415	0.680392442171	0.670016796056	0.660501433956	0.669303597631	0.658176881051	0.669145115127	0.665296533176	0.672730068325	0.645605048352	0.651721296847	0.671783345617	0.64846652592	0.644022131714	0.6520699822	0.649662497068	0.657669663124	0.66176490589	0.647493856412
AB3	0.678335082772	0.719734338641	0.0	0.666728164457	0.72858293583	0.768094107188	0.760833488309	0.762808074138	0.707723881439	0.749828576638	0.721163769441	0.748195992373	0.71428486099	0.591863760467	0.727745034382	0.709403643143	0.730472510014	0.768729764298	0.714624385972	0.696029420445	0.740835508301	0.756304489507	0.739789549264	0.749784469649	0.726759429852	0.736524968974	0.721318462773	0.752783402974	0.706452614978	0.713423948177	0.752354941665	0.762935556954	0.738230534221	0.797964633459	0.710374714749	0.747286369753	0.724121733025	0.725479525153	0.771763133376	0.759000386413	0.771136395316	0.724704606233	0.74055407449	0.743322196158	0.80765814838	0.797132907165	0.763357815817	0.791141246572	0.730326452531	0.782317218406	0.736070845331	0.775033101273	0.739178672895	0.771682537077	0.759194635832	0.778287832926	0.751364098745	0.766031283325	0.759099968071	0.78362339677	0.740083971574	0.772851809271
AB4	0.620777676026	0.63913690887	0.666728164457	0.0	0.686243093372	0.677991993105	0.692795234465	0.671007663788	0.67631696689	0.675672575541	0.645407959855	0.666286836527	0.407286748728	0.419846581791	0.67776206185	0.628053657753	0.689291442479	0.688621764243	0.737703571962	0.66765337054	0.691283078249	0.686310350554	0.685520951139	0.707159205968	0.725779963603	0.697708492849	0.671955116405	0.696451654052	0.663475311115	0.673729940587	0.744833571617	0.712568526782	0.692613631693	0.701884760566	0.670632957891	0.686535946931	0.657859243715	0.641731796677	0.671872625414	0.680173897182	0.693610781431	0.665841936803	0.6450139603	0.659652557636	0.703717288689	0.696142195851	0.68313041532	0.688567443169	0.635283466805	0.68754647708	0.679146376432	0.691829768609	0.663853822793	0.659070141035	0.677895615222	0.659203664757	0.664295917671	0.688181164031	0.678141937903	0.677251139522	0.672372026528	0.681189603879
AC3	0.671376219206	0.670784323812	0.72858293583	0.686243093372	0.0	0.518775354569	0.682965446557	0.658128885273	0.660271349657	0.657997605947	0.678592751573	0.46485135535	0.709188067789	0.688133213955	0.686879129139	0.674157372007	0.674735305903	0.702095570951	0.756893859976	0.668484397007	0.723051001145	0.708698615823	0.729874556865	0.729039910441	0.723656401387	0.714419968428	0.713341119965	0.714678818161	0.716328312202	0.69518094519	0.753494399997	0.708254427284	0.673934785689	0.701119512965	0.687419919459	0.707921752717	0.681986717138	0.662607253758	0.682738560241	0.647231169129	0.664925045249	0.664915826006	0.679002158072	0.668538857731	0.731941424902	0.707597246409	0.705684363174	0.710752164154	0.695157047071	0.689487627957	0.691572006887	0.691089764164	0.665938846108	0.690094290799	0.676803327289	0.684573210603	0.698049498772	0.715737483412	0.694613842892	0.690845733953	0.694449612988	0.718942479236
AC4	0.683197854083	0.656241705518	0.768094107188	0.677991993105	0.518775354569	0.0	0.677722140663	0.670079238115	0.685260807187	0.650221474987	0.509743995652	0.419523609646	0.683710086343	0.666058144991	0.677335712965	0.64388155862	0.693645956436	0.680118443611	0.75958152378	0.663141691472	0.704424478546	0.692740412236	0.716918761669	0.715173339056	0.752786713946	0.697589895246	0.694175526644	0.684017460319	0.70451466506	0.674467184579	0.737303507863	0.693076606255	0.695229242057	0.684639166905	0.662807252794	0.670965967201	0.677156910948	0.645969355308	0.648883412796	0.643639807591	0.654227057064	0.655278034326	0.660283711742	0.653410431567	0.693142359303	0.660681598488	0.721691198065	0.684202040193	0.699791560255	0.678340232501	0.701227535084	0.678058801141	0.69400855171	0.696443501372	0.710537792425	0.700377592196	0.688234555374	0.702045409924	0.674715244997	0.673222434618	0.67917268973	0.699568042592
AD3	0.698078600839	0.665197495698	0.760833488309	0.692795234465	0.682965446557	0.677722140663	0.0	0.42113096617	0.69469178477	0.394748969379	0.708558083781	0.669730469297	0.708893075794	0.676944748627	0.691633605449	0.669647074901	0.708641200969	0.698289897356	0.770151145988	0.670969433074	0.722608767608	0.675703833147	0.714836534774	0.701912466185	0.731262757324	0.684216502856	0.697465641025	0.676176835442	0.709919072721	0.67301518821	0.726181632928	0.705343629462	0.722889521011	0.674155345955	0.693340388961	0.683921529467	0.680405289977	0.665444611151	0.633961093886	0.656170396465	0.623556003924	0.676035833435	0.684029442675	0.688045421808	0.696334030851	0.69304444508	0.691512854376	0.672745177947	0.684577860643	0.665916720305	0.699262455186	0.682370313995	0.67029351968	0.676057367348	0.683849964874	0.67663291235	0.683651400443	0.692640309723	0.691318580921	0.656444321913	0.710358814189	0.667120830905
AD4	0.690100207038	0.636671935327	0.762808074138	0.671007663788	0.658128885273	0.670079238115	0.42113096617	0.0	0.605697238916	0.385308112456	0.677033743285	0.63702674658	0.691216688032	0.676826620231	0.675454468893	0.655349334986	0.692561418398	0.683411765218	0.764752117615	0.641658786868	0.697805608831	0.655888179696	0.699077344744	0.669108055065	0.717462098398	0.668962504768	0.667189841867	0.64973355488	0.661770717542	0.638666748762	0.743996197897	0.686361947904	0.706026925194	0.657823592931	0.676368229566	0.674124463931	0.661217696771	0.648787513443	0.618921725448	0.632022524827	0.628735334838	0.673160173646	0.671977114369	0.658852803957	0.673001102974	0.65272202022	0.682066886991	0.652194171447	0.672133957897	0.663142431429	0.680740365311	0.659457345352	0.650763553437	0.660829744704	0.647914485891	0.653817457052	0.667637129157	0.678943620239	0.687607935647	0.650838401016	0.686338668148	0.653887442686
AE3	0.663544147141	0.673968175238	0.707723881439	0.67631696689	0.660271349657	0.685260807187	0.69469178477	0.605697238916	0.0	0.629258143673	0.659080126119	0.660559234863	0.690901153089	0.671434294253	0.67473344207	0.682125408546	0.665113916699	0.701161119072	0.755895988483	0.677883268869	0.72237841056	0.721150006197	0.668533742118	0.698366445433	0.750197094317	0.69477419139	0.679130636824	0.717824343094	0.672009112674	0.683767017531	0.73189506972	0.715498356328	0.623630978543	0.702090801808	0.697217554024	0.716071729938	0.6659939484	0.673824895485	0.679550044496	0.679558549085	0.696268703133	0.657060946625	0.688481891528	0.677034244979	0.743313842517	0.717006990489	0.71568445239	0.723238830698	0.708949857571	0.723995806864	0.707568935798	0.716803773823	0.687242968558	0.706374549566	0.675355459775	0.706710767137	0.698392138298	0.730107909798	0.713100895219	0.717117006778	0.661012778644	0.733999095048
AE4	0.677641552561	0.653099370969	0.749828576638	0.675672575541	0.657997605947	0.650221474987	0.394748969379	0.385308112456	0.629258143673	0.0	0.689213556397	0.646461385794	0.699149233479	0.665469683549	0.685993647406	0.648766832656	0.698068755206	0.688112103666	0.766440482219	0.645080849147	0.706225228535	0.668303559599	0.703537173963	0.689241096797	0.72313174865	0.681598715895	0.684651892268	0.670431528067	0.682965237776	0.640603678716	0.740204020234	0.689646028057	0.693881199869	0.662212116982	0.684024020769	0.670200354311	0.676917084601	0.650927773522	0.617241161744	0.634408089746	0.613146452017	0.683256037656	0.666969085488	0.657515406713	0.692897307683	0.673218543658	0.678241742339	0.648523071493	0.667033333084	0.655740693108	0.682087751538	0.658873458787	0.669523406009	0.666452273531	0.668223289824	0.662387029651	0.687316988679	0.691481853553	0.678403263353	0.652316802854	0.686352234993	0.66529524493
AF3	0.63675352565	0.66383384072	0.721163769441	0.645407959855	0.678592751573	0.509743995652	0.708558083781	0.677033743285	0.659080126119	0.689213556397	0.0	0.552975345366	0.660333936162	0.651310148585	0.667268631054	0.654735006302	0.667408483732	0.691871788622	0.745820699965	0.666524250002	0.669047974408	0.710136391889	0.682503305214	0.696554934045	0.754432443244	0.698528570817	0.68535453702	0.701929108132	0.684611015586	0.665888922689	0.71793578896	0.701108875378	0.650986725307	0.685772808122	0.661118326551	0.683349336285	0.646762105465	0.639214082763	0.667223504174	0.67076782897	0.697268439391	0.680440652077	0.671103178779	0.64996125016	0.70590180027	0.679717988032	0.712071403273	0.707322497856	0.696946304063	0.711934075061	0.703529513204	0.708084033805	0.691233349507	0.695978551709	0.692260970283	0.708296392088	0.671852781668	0.72189949702	0.673614473052	0.701454389637	0.65244207308	0.710575774161
AF4	0.665638116541	0.647055115629	0.748195992373	0.666286836527	0.46485135535	0.419523609646	0.669730469297	0.63702674658	0.660559234863	0.646461385794	0.552975345366	0.0	0.697428056042	0.678258078336	0.685321855817	0.657637943013	0.695765080148	0.70957616651	0.765545706737	0.674466399554	0.720657120312	0.698691444533	0.724215440122	0.720311623668	0.744511876043	0.71021987564	0.706646179893	0.685981646757	0.724738361405	0.690383198658	0.771457400627	0.714527187588	0.66095666962	0.669678270028	0.678480948622	0.688500418245	0.664325524795	0.642950200819	0.66268652968	0.66164205828	0.666001658439	0.664273454825	0.674045415567	0.662814973633	0.712469022873	0.686849199825	0.710687870591	0.686616134239	0.695381357394	0.688928500638	0.68381297662	0.660763414105	0.666861100587	0.693418177099	0.699567583918	0.682971812036	0.668415573595	0.685492546346	0.666896668332	0.684510608813	0.665030593701	0.695777119009
AG3	0.6422556756	0.664230024273	0.71428486099	0.407286748728	0.709188067789	0.683710086343	0.708893075794	0.691216688032	0.690901153089	0.699149233479	0.660333936162	0.697428056042	0.0	0.483939738087	0.676373322379	0.643509774583	0.671272609328	0.6758654474	0.765361980899	0.693373270522	0.676536434708	0.690432627504	0.670154621291	0.695844382424	0.721514985407	0.691065205586	0.674148180473	0.703699403701	0.668192649357	0.693437045133	0.724320707686	0.703137492694	0.696424153599	0.710325288303	0.68129061245	0.692096750242	0.679994566304	0.663619668355	0.677649091089	0.682925107785	0.70200391017	0.671931981398	0.661270115366	0.670106682823	0.70328814525	0.706989680893	0.701124760932	0.707797810114	0.645468713757	0.68822976317	0.688035322925	0.711561354466	0.679233983909	0.682069519127	0.695420947309	0.68642834584	0.690026079259	0.710252853697	0.702167021378	0.686538727315	0.686104677105	0.702034899379
AG4	0.619753290029	0.641941742704	0.591863760467	0.419846581791	0.688133213955	0.666058144991	0.676944748627	0.676826620231	0.671434294253	0.665469683549	0.651310148585	0.678258078336	0.483939738087	0.0	0.648851229303	0.619758674572	0.682384062442	0.69226970842	0.719587344706	0.65539661012	0.691960038125	0.684729169395	0.691501387064	0.716770665525	0.707274857817	0.689258105683	0.664863627352	0.696540571798	0.659879161419	0.665778696277	0.741673758897	0.712427731423	0.696235452111	0.7196482567	0.6548053266	0.671956429621	0.655540182804	0.626136901971	0.660429746733	0.672303032005	0.677652342079	0.657170501893	0.628782008026	0.673964625846	0.71576100089	0.705618059406	0.685423559109	0.698180861468	0.617597581675	0.684192581512	0.666933807363	0.692912713225	0.669261467804	0.690042621034	0.688923593133	0.681994079244	0.671227477601	0.688232542637	0.686439437908	0.677407549182	0.667218634337	0.697847608074
AH3	0.679019192268	0.510362973227	0.727745034382	0.67776206185	0.686879129139	0.677335712965	0.691633605449	0.675454468893	0.67473344207	0.685993647406	0.667268631054	0.685321855817	0.676373322379	0.648851229303	0.0	0.517784055748	0.67871024874	0.695784190709	0.765972191802	0.699849995647	0.7185862638	0.70187324538	0.676579466547	0.703609327516	0.729999549273	0.678741514166	0.678820927944	0.693850499433	0.698201574266	0.697430467112	0.752769881347	0.715733633147	0.678707865565	0.723722553088	0.693472747318	0.702177649101	0.685320134597	0.67750132854	0.663811731427	0.678585996299	0.668564078429	0.671692787937	0.674879706097	0.679774830504	0.721096237876	0.704566620647	0.691582735763	0.700110309087	0.700466518687	0.695737860413	0.701179828749	0.725125343535	0.698035837193	0.68609299202	0.68780367887	0.704153632662	0.698385396613	0.705171987908	0.692524378969	0.681600515816	0.695588838284	0.683564206173
AH4	0.480659191844	0.364895956789	0.709403643143	0.628053657753	0.674157372007	0.64388155862	0.669647074901	0.655349334986	0.682125408546	0.648766832656	0.654735006302	0.657637943013	0.643509774583	0.619758674572	0.517784055748	0.0	0.694195045354	0.687592858648	0.763626888636	0.680696917685	0.698509878331	0.679734086655	0.684908401348	0.688786334373	0.729577323283	0.659874132288	0.655303291849	0.672128177901	0.688310263426	0.673533329338	0.743499259128	0.696826769065	0.684895138169	0.692314836159	0.661899839654	0.654923671236	0.665092739496	0.631735931575	0.622990986224	0.661463519307	0.629453974666	0.680051508674	0.647572467217	0.648256576739	0.685845956683	0.660145014853	0.66237244236	0.664850489024	0.654537201606	0.666060095702	0.648949336416	0.67119581679	0.653186665035	0.642353414903	0.670511928351	0.659676214393	0.653586984182	0.666028704657	0.642126007709	0.650556057057	0.65243366163	0.64983142217
AA7	0.671571076183	0.691146702182	0.730472510014	0.689291442479	0.674735305903	0.693645956436	0.708641200969	0.692561418398	0.665113916699	0.698068755206	0.667408483732	0.695765080148	0.671272609328	0.682384062442	0.67871024874	0.694195045354	0.0	0.518931352679	0.754070811701	0.679251761321	0.647300829306	0.679133839034	0.685976139652	0.69694058621	0.694242726768	0.699507703699	0.658391271291	0.686441053042	0.677044464216	0.661093593103	0.707931160704	0.575985112849	0.659536415949	0.730968038662	0.705951241029	0.72578441448	0.670839497113	0.677491375806	0.701068511193	0.737947397835	0.721037321816	0.688637105922	0.706892293272	0.703277907684	0.745689434608	0.730167315538	0.732631385537	0.735403137516	0.709464948272	0.74241038463	0.708696453351	0.739420207613	0.698683758653	0.714166522032	0.688963308537	0.717959803345	0.728242232064	0.74335137745	0.728870954488	0.743693663679	0.69369415545	0.720061171839
AA8	0.692843907518	0.696379903297	0.768729764298	0.688621764243	0.702095570951	0.680118443611	0.698289897356	0.683411765218	0.701161119072	0.688112103666	0.691871788622	0.70957616651	0.6758654474	0.69226970842	0.695784190709	0.687592858648	0.518931352679	0.0	0.774166042314	0.661057443795	0.641858199661	0.645105607815	0.672305885595	0.691796064871	0.702906272793	0.681580854543	0.671113198261	0.659302322227	0.660254458418	0.650091104089	0.55637052584	0.436241703217	0.701210233061	0.726198710537	0.72242844443	0.72566895944	0.688505447753	0.690825275774	0.693896432329	0.705090334246	0.696967372613	0.692324759265	0.715098003546	0.700615160468	0.720202370752	0.718520791273	0.726061204711	0.707504512926	0.703766593194	0.728114969244	0.711127640697	0.732559321004	0.691205731168	0.695611721907	0.701571612439	0.692675198915	0.732183021813	0.740059109239	0.74182969843	0.716927975884	0.70955687019	0.705908931686
AB7	0.747382582802	0.772294470721	0.714624385972	0.737703571962	0.756893859976	0.75958152378	0.770151145988	0.764752117615	0.755895988483	0.766440482219	0.745820699965	0.765545706737	0.765361980899	0.719587344706	0.765972191802	0.763626888636	0.754070811701	0.774166042314	0.0	0.539469038105	0.741671219709	0.757858905118	0.786060600548	0.792679188042	0.741942972685	0.775001867113	0.765615265148	0.765147082142	0.746738426625	0.601532418419	0.755758003177	0.764432297405	0.773866526725	0.794392990772	0.76346691268	0.786613543241	0.754318102382	0.753663592195	0.78695437598	0.783058215819	0.792491992	0.719808107371	0.756517614598	0.768547372013	0.802617782864	0.79680548172	0.82043997825	0.798529899014	0.773862958015	0.789732814563	0.802878958187	0.799725239135	0.783946075894	0.796006488134	0.779603416646	0.791602262973	0.784364107617	0.822424247388	0.800062297586	0.790221907634	0.791432386565	0.805915615423
AB8	0.671074455612	0.691900010462	0.696029420445	0.66765337054	0.668484397007	0.663141691472	0.670969433074	0.641658786868	0.677883268869	0.645080849147	0.666524250002	0.674466399554	0.693373270522	0.65539661012	0.699849995647	0.680696917685	0.679251761321	0.661057443795	0.539469038105	0.0	0.647861820992	0.62456597536	0.681842072825	0.67463721194	0.673069828088	0.65898159911	0.648576483066	0.648838304592	0.513642638375	0.388086197508	0.688833554593	0.661221373123	0.684470054922	0.687559042964	0.673927495777	0.680947888614	0.665757397012	0.646235646961	0.683462259462	0.67219241946	0.681509476397	0.65293677311	0.662390896371	0.659838999187	0.710603273554	0.685232773321	0.732429526879	0.693335500107	0.681960180979	0.695850865006	0.684181856878	0.710296326044	0.672198322178	0.68048084278	0.684218606495	0.687900546413	0.693407120771	0.728464566008	0.699931148891	0.695591109481	0.690123664164	0.708586319452
AC7	0.692282226298	0.712304446746	0.740835508301	0.691283078249	0.723051001145	0.704424478546	0.722608767608	0.697805608831	0.72237841056	0.706225228535	0.669047974408	0.720657120312	0.676536434708	0.691960038125	0.7185862638	0.698509878331	0.647300829306	0.641858199661	0.741671219709	0.647861820992	0.0	0.487742367397	0.690541197606	0.679362062258	0.690949417872	0.68111559165	0.675372386263	0.588542741966	0.644092937236	0.630780801515	0.65169761422	0.648295956483	0.714892628145	0.699652160124	0.716249192183	0.743044704767	0.705790051655	0.703313650689	0.707170353582	0.725215927844	0.723765013337	0.717123811091	0.711718464689	0.703100718996	0.713754668558	0.687900774099	0.754455227971	0.745251058474	0.694650336572	0.726736012101	0.739888802804	0.750007249126	0.698012085882	0.680083575534	0.690619269294	0.716991431485	0.728547730979	0.7532692188	0.737663963552	0.72250778471	0.694523994572	0.739551969669
AC8	0.690728601789	0.683041412471	0.756304489507	0.686310350554	0.708698615823	0.692740412236	0.675703833147	0.655888179696	0.721150006197	0.668303559599	0.710136391889	0.698691444533	0.690432627504	0.684729169395	0.70187324538	0.679734086655	0.679133839034	0.645105607815	0.757858905118	0.62456597536	0.487742367397	0.0	0.693174268052	0.662356237033	0.698955046544	0.653987968498	0.492658889783	0.399767648553	0.631499698517	0.619789431964	0.701963241063	0.654024659481	0.711795402576	0.6726124978	0.710115290207	0.710991286497	0.689884991758	0.673737527445	0.682025043509	0.709128312432	0.681239035745	0.709678549706	0.694055596768	0.677512353738	0.68587154865	0.66436048285	0.728450443689	0.697086719542	0.674583645187	0.697340327776	0.693256891851	0.694210644615	0.673215318321	0.660666861488	0.671922426962	0.673383963287	0.698948278808	0.695539958346	0.711354663018	0.690812527015	0.675735412538	0.691573631429
AD7	0.683577285517	0.698248478369	0.739789549264	0.685520951139	0.729874556865	0.716918761669	0.714836534774	0.699077344744	0.668533742118	0.703537173963	0.682503305214	0.724215440122	0.670154621291	0.691501387064	0.676579466547	0.684908401348	0.685976139652	0.672305885595	0.786060600548	0.681842072825	0.690541197606	0.693174268052	0.0	0.494161194692	0.716880793144	0.503104729502	0.667334824353	0.702580899794	0.661594813093	0.680881892334	0.711887098424	0.685506728102	0.675210691096	0.705213947512	0.721042623913	0.719561544189	0.695869682029	0.675811321619	0.690531392376	0.703944516253	0.708235101468	0.68020145111	0.683084866707	0.69857399993	0.691992881576	0.698122928032	0.717661913769	0.711604179275	0.683474323796	0.719293535093	0.690679331854	0.728120641317	0.688794944497	0.681493489689	0.667563340402	0.691500164987	0.698386673066	0.715475606474	0.709019184784	0.70353934627	0.672206268303	0.694236065345
AD8	0.702491178433	0.696513854059	0.749784469649	0.707159205968	0.729039910441	0.715173339056	0.701912466185	0.669108055065	0.698366445433	0.689241096797	0.696554934045	0.720311623668	0.695844382424	0.716770665525	0.703609327516	0.688786334373	0.69694058621	0.691796064871	0.792679188042	0.67463721194	0.679362062258	0.662356237033	0.494161194692	0.0	0.573876766476	0.379609406907	0.641704498476	0.657021261283	0.65844678386	0.664276287459	0.707864266003	0.697670722824	0.695680647814	0.709973846878	0.724338675668	0.715167239134	0.695783134369	0.688787502063	0.698741629548	0.704760176167	0.712042752131	0.708317277719	0.694065834727	0.682116325195	0.714245421944	0.683980178022	0.719738385049	0.711394512826	0.687345054164	0.712242692834	0.700359318807	0.731161401561	0.676190069101	0.669908532563	0.66533680194	0.688164688245	0.709049980156	0.734012748236	0.718557554584	0.713620811889	0.68934184847	0.70158358977
AE7	0.720908766658	0.729198619904	0.726759429852	0.725779963603	0.723656401387	0.752786713946	0.731262757324	0.717462098398	0.750197094317	0.72313174865	0.754432443244	0.744511876043	0.721514985407	0.707274857817	0.729999549273	0.729577323283	0.694242726768	0.702906272793	0.741942972685	0.673069828088	0.690949417872	0.698955046544	0.716880793144	0.573876766476	0.0	0.517454271208	0.699139768248	0.715406385587	0.690932823725	0.697326828294	0.732867648318	0.668726744616	0.747138627761	0.760732691708	0.736064643462	0.758003979857	0.725352255292	0.74450057009	0.7520194597	0.755722801307	0.755144762362	0.73492047764	0.710983881116	0.735708556391	0.76319078728	0.750801303044	0.778565733132	0.774598191861	0.725003678106	0.757521428892	0.753124338529	0.788260382942	0.744966213967	0.743529811411	0.735594619625	0.750830983052	0.770575635166	0.790921676589	0.781254140322	0.762270294581	0.752395520861	0.768030115637
AE8	0.687029911301	0.6855458004	0.736524968974	0.697708492849	0.714419968428	0.697589895246	0.684216502856	0.668962504768	0.69477419139	0.681598715895	0.698528570817	0.71021987564	0.691065205586	0.689258105683	0.678741514166	0.659874132288	0.699507703699	0.681580854543	0.775001867113	0.65898159911	0.68111559165	0.653987968498	0.503104729502	0.379609406907	0.517454271208	0.0	0.634467570466	0.664185638174	0.658646663428	0.665315107807	0.709738862253	0.686294864314	0.700930728402	0.701295221349	0.716800942175	0.716833835938	0.698463187225	0.679929021192	0.68891766803	0.7013566424	0.700122566988	0.689472829166	0.686515091934	0.683248735727	0.709834518683	0.686631867538	0.711722508939	0.704775404713	0.676681302022	0.711590817276	0.685817108927	0.722514428198	0.683995276693	0.666126271169	0.670202053889	0.686263431494	0.706453908151	0.71247122403	0.716855410471	0.70402511839	0.689457823414	0.701187677877
AF7	0.664654820565	0.668386755213	0.721318462773	0.671955116405	0.713341119965	0.694175526644	0.697465641025	0.667189841867	0.679130636824	0.684651892268	0.68535453702	0.706646179893	0.674148180473	0.664863627352	0.678820927944	0.655303291849	0.658391271291	0.671113198261	0.765615265148	0.648576483066	0.675372386263	0.492658889783	0.667334824353	0.641704498476	0.699139768248	0.634467570466	0.0	0.423799483307	0.64784749634	0.658560106038	0.718669249207	0.683946125858	0.694495664832	0.71462196547	0.687312921935	0.6977715521	0.673977519167	0.667799652534	0.666089371855	0.692283953441	0.666691183795	0.68293302684	0.67462105032	0.66613550864	0.724300576836	0.701432747214	0.709730419121	0.688222971254	0.678831837718	0.717438050457	0.672399042577	0.708665042309	0.670340547172	0.661798471907	0.669741605521	0.681493238203	0.675451373988	0.700213575666	0.684977801382	0.699679206754	0.662260702177	0.692495724947
AF8	0.686411111395	0.659031689008	0.752783402974	0.696451654052	0.714678818161	0.684017460319	0.676176835442	0.64973355488	0.717824343094	0.670431528067	0.701929108132	0.685981646757	0.703699403701	0.696540571798	0.693850499433	0.672128177901	0.686441053042	0.659302322227	0.765147082142	0.648838304592	0.588542741966	0.399767648553	0.702580899794	0.657021261283	0.715406385587	0.664185638174	0.423799483307	0.0	0.668267836874	0.651846679994	0.707394252137	0.672812080847	0.718117678249	0.677834981454	0.707409489827	0.713482786871	0.691998476349	0.680454968165	0.676569174885	0.69683212268	0.67756800833	0.6927884273	0.691117435791	0.683172686543	0.704545317495	0.684223443985	0.720862433251	0.689149175569	0.680300611038	0.693993984258	0.694257475113	0.708415370759	0.653675407037	0.660291211044	0.667087103912	0.665486707558	0.669323079277	0.694561479769	0.697283905285	0.694756874813	0.6813281616	0.688924197642
AG7	0.683255861819	0.700594420218	0.706452614978	0.663475311115	0.716328312202	0.70451466506	0.709919072721	0.661770717542	0.672009112674	0.682965237776	0.684611015586	0.724738361405	0.668192649357	0.659879161419	0.698201574266	0.688310263426	0.677044464216	0.660254458418	0.746738426625	0.513642638375	0.644092937236	0.631499698517	0.661594813093	0.65844678386	0.690932823725	0.658646663428	0.64784749634	0.668267836874	0.0	0.46044802385	0.677755844188	0.657297930032	0.702393347225	0.706536992383	0.702040154597	0.70354787653	0.672277681857	0.668823772766	0.679488738911	0.675116728379	0.69323071218	0.69092594433	0.67368603905	0.660293858007	0.710521091957	0.684045031613	0.730632131616	0.705376942175	0.687962774398	0.724075672713	0.672692696584	0.728452718778	0.66571439906	0.67759970546	0.684181049787	0.687696950069	0.69128462665	0.723409063196	0.704513577245	0.702526061098	0.678407591579	0.698514827642
AG8	0.684360799755	0.690662913598	0.713423948177	0.673729940587	0.69518094519	0.674467184579	0.67301518821	0.638666748762	0.683767017531	0.640603678716	0.665888922689	0.690383198658	0.693437045133	0.665778696277	0.697430467112	0.673533329338	0.661093593103	0.650091104089	0.601532418419	0.388086197508	0.630780801515	0.619789431964	0.680881892334	0.664276287459	0.697326828294	0.665315107807	0.658560106038	0.651846679994	0.46044802385	0.0	0.687773054892	0.647754163133	0.699170095353	0.686625940428	0.681852627265	0.68046603724	0.657274623144	0.64224662626	0.669575834358	0.672949339525	0.67791770908	0.665895131054	0.662395367339	0.656668390706	0.700614419707	0.678119780704	0.734365849104	0.683957751859	0.674223430506	0.693396108598	0.682876433346	0.710201892052	0.668844563142	0.663363589962	0.670222826618	0.680529737191	0.691475077017	0.730460807962	0.689130910823	0.682610176913	0.67847898478	0.708506382277
AH7	0.733070271994	0.756904027186	0.752354941665	0.744833571617	0.753494399997	0.737303507863	0.726181632928	0.743996197897	0.73189506972	0.740204020234	0.71793578896	0.771457400627	0.724320707686	0.741673758897	0.752769881347	0.743499259128	0.707931160704	0.55637052584	0.755758003177	0.688833554593	0.65169761422	0.701963241063	0.711887098424	0.707864266003	0.732867648318	0.709738862253	0.718669249207	0.707394252137	0.677755844188	0.687773054892	0.0	0.522210453886	0.712902672881	0.774230098195	0.76278244502	0.766783477379	0.745258888737	0.745837886739	0.754624430223	0.750256629109	0.75806307457	0.740663512135	0.768308984687	0.745840582433	0.777595171595	0.768698250845	0.775511974334	0.746891530898	0.750377007541	0.770211316351	0.77681512549	0.78738311362	0.736727525919	0.734688957794	0.732547446823	0.740977714478	0.76845189327	0.800992195617	0.781094945877	0.763998962633	0.749356920439	0.752082095785
AH8	0.697164805964	0.708790733433	0.762935556954	0.712568526782	0.708254427284	0.693076606255	0.705343629462	0.686361947904	0.715498356328	0.689646028057	0.701108875378	0.714527187588	0.703137492694	0.712427731423	0.715733633147	0.696826769065	0.575985112849	0.436241703217	0.764432297405	0.661221373123	0.648295956483	0.654024659481	0.685506728102	0.697670722824	0.668726744616	0.686294864314	0.683946125858	0.672812080847	0.657297930032	0.647754163133	0.522210453886	0.0	0.71034719273	0.735749458209	0.720724029952	0.721610265944	0.700307774137	0.697152762379	0.710647146043	0.721710598267	0.694381484074	0.712288069763	0.698074694671	0.716923723886	0.743292050069	0.731152569402	0.733482712661	0.71214067478	0.713837056692	0.732978726826	0.719038794378	0.738928998012	0.706126623939	0.698733333536	0.699225731147	0.707386135123	0.739270745863	0.752578083936	0.747504300115	0.736685367487	0.708392761326	0.708134677529
AA5	0.667813862595	0.687532412832	0.738230534221	0.692613631693	0.673934785689	0.695229242057	0.722889521011	0.706026925194	0.623630978543	0.693881199869	0.650986725307	0.66095666962	0.696424153599	0.696235452111	0.678707865565	0.684895138169	0.659536415949	0.701210233061	0.773866526725	0.684470054922	0.714892628145	0.711795402576	0.675210691096	0.695680647814	0.747138627761	0.700930728402	0.694495664832	0.718117678249	0.702393347225	0.699170095353	0.712902672881	0.71034719273	0.0	0.609544885137	0.700154441093	0.712938120389	0.653206816819	0.657139638735	0.695807413525	0.710292345186	0.711223423864	0.65152854931	0.668649374906	0.678273306837	0.740758067326	0.692985456452	0.712465000835	0.712981919494	0.708704791615	0.723737464752	0.706170834836	0.720139732688	0.680730028329	0.704444889502	0.672795316436	0.711678182662	0.684499421739	0.725437098196	0.680517352839	0.721175996825	0.651398463938	0.720174976729
AA6	0.700655374621	0.680857877973	0.797964633459	0.701884760566	0.701119512965	0.684639166905	0.674155345955	0.657823592931	0.702090801808	0.662212116982	0.685772808122	0.669678270028	0.710325288303	0.7196482567	0.723722553088	0.692314836159	0.730968038662	0.726198710537	0.794392990772	0.687559042964	0.699652160124	0.6726124978	0.705213947512	0.709973846878	0.760732691708	0.701295221349	0.71462196547	0.677834981454	0.706536992383	0.686625940428	0.774230098195	0.735749458209	0.609544885137	0.0	0.710029980998	0.694415828376	0.659856227424	0.645695892371	0.672952808367	0.693391210568	0.679773851006	0.681588201758	0.660009931206	0.676463397329	0.480358676245	0.440412892192	0.694439830143	0.697780757008	0.681486346944	0.688776375754	0.687180448351	0.680693384415	0.663925388781	0.692608174001	0.705779573012	0.694222618469	0.666730026858	0.689645134678	0.695769794777	0.696034925536	0.653786699855	0.69969302161
AB5	0.667102085296	0.671167435148	0.710374714749	0.670632957891	0.687419919459	0.662807252794	0.693340388961	0.676368229566	0.697217554024	0.684024020769	0.661118326551	0.678480948622	0.68129061245	0.6548053266	0.693472747318	0.661899839654	0.705951241029	0.72242844443	0.76346691268	0.673927495777	0.716249192183	0.710115290207	0.721042623913	0.724338675668	0.736064643462	0.716800942175	0.687312921935	0.707409489827	0.702040154597	0.681852627265	0.76278244502	0.720724029952	0.700154441093	0.710029980998	0.0	0.419108621688	0.645350270317	0.651099853337	0.642091954492	0.641646910239	0.644828108896	0.678564939619	0.674376345362	0.649800446197	0.709367402408	0.680776636707	0.67333492446	0.704502031257	0.682359685574	0.708927742037	0.689280176642	0.688562015216	0.66061802715	0.673563594153	0.692408218614	0.686898967199	0.692031763831	0.689631756053	0.714646504545	0.70862360952	0.667182290462	0.715559420372
AB6	0.672067415288	0.658712631528	0.747286369753	0.686535946931	0.707921752717	0.670965967201	0.683921529467	0.674124463931	0.716071729938	0.670200354311	0.683349336285	0.688500418245	0.692096750242	0.671956429621	0.702177649101	0.654923671236	0.72578441448	0.72566895944	0.786613543241	0.680947888614	0.743044704767	0.710991286497	0.719561544189	0.715167239134	0.758003979857	0.716833835938	0.6977715521	0.713482786871	0.70354787653	0.68046603724	0.766783477379	0.721610265944	0.712938120389	0.694415828376	0.419108621688	0.0	0.659346697227	0.63707123675	0.64518430148	0.648557866724	0.655114046022	0.701223648081	0.668873721557	0.575034651153	0.687022754353	0.664610831108	0.66791668479	0.69689365543	0.672673867705	0.699578226348	0.691797102663	0.679956560755	0.676179232137	0.676524318174	0.696343188989	0.679632945675	0.673161782693	0.681995840279	0.681127284267	0.694636534439	0.681666113386	0.702679690875
AC5	0.640997858954	0.667688544495	0.724121733025	0.657859243715	0.681986717138	0.677156910948	0.680405289977	0.661217696771	0.6659939484	0.676917084601	0.646762105465	0.664325524795	0.679994566304	0.655540182804	0.685320134597	0.665092739496	0.670839497113	0.688505447753	0.754318102382	0.665757397012	0.705790051655	0.689884991758	0.695869682029	0.695783134369	0.725352255292	0.698463187225	0.673977519167	0.691998476349	0.672277681857	0.657274623144	0.745258888737	0.700307774137	0.653206816819	0.659856227424	0.645350270317	0.659346697227	0.0	0.477772570678	0.628292760937	0.654982399165	0.648342586011	0.657133265227	0.585884992845	0.634179173065	0.673030830587	0.649755287982	0.652474181682	0.691366765751	0.629409583437	0.671592169277	0.654381539234	0.661199680522	0.645201498301	0.645685379031	0.637559045487	0.655319972672	0.639709844857	0.669928441444	0.645994669915	0.665425320839	0.645099137349	0.686387009284
AC6	0.634168358267	0.640325954009	0.725479525153	0.641731796677	0.662607253758	0.645969355308	0.665444611151	0.648787513443	0.673824895485	0.650927773522	0.639214082763	0.642950200819	0.663619668355	0.626136901971	0.67750132854	0.631735931575	0.677491375806	0.690825275774	0.753663592195	0.646235646961	0.703313650689	0.673737527445	0.675811321619	0.688787502063	0.74450057009	0.679929021192	0.667799652534	0.680454968165	0.668823772766	0.64224662626	0.745837886739	0.697152762379	0.657139638735	0.645695892371	0.651099853337	0.63707123675	0.477772570678	0.0	0.61440538253	0.640666220137	0.630941897063	0.534489603607	0.467080515537	0.614440605049	0.669716915206	0.639346256781	0.657539169213	0.662922435909	0.625010167726	0.661575038164	0.64057220605	0.667428800066	0.661294085402	0.657749981978	0.645708739351	0.659269472866	0.628726807252	0.676467923143	0.639918959012	0.649167840336	0.645607779862	0.661461114976
AD6	0.658843378561	0.640193177034	0.771763133376	0.671872625414	0.682738560241	0.648883412796	0.633961093886	0.618921725448	0.679550044496	0.617241161744	0.667223504174	0.66268652968	0.677649091089	0.660429746733	0.663811731427	0.622990986224	0.701068511193	0.693896432329	0.78695437598	0.683462259462	0.707170353582	0.682025043509	0.690531392376	0.698741629548	0.7520194597	0.68891766803	0.666089371855	0.676569174885	0.679488738911	0.669575834358	0.754624430223	0.710647146043	0.695807413525	0.672952808367	0.642091954492	0.64518430148	0.628292760937	0.61440538253	0.0	0.50822755545	0.395357683731	0.655877202374	0.624462653539	0.665564680519	0.66605896764	0.661851538303	0.658375455329	0.649134408738	0.636058276322	0.654203824162	0.673557645806	0.679468089731	0.639396915064	0.634063514389	0.648523567641	0.640394422827	0.647077502255	0.681463818464	0.64781340853	0.63458265478	0.63466601674	0.626603849456
AE5	0.68421936012	0.672714773898	0.759000386413	0.680173897182	0.647231169129	0.643639807591	0.656170396465	0.632022524827	0.679558549085	0.634408089746	0.67076782897	0.66164205828	0.682925107785	0.672303032005	0.678585996299	0.661463519307	0.737947397835	0.705090334246	0.783058215819	0.67219241946	0.725215927844	0.709128312432	0.703944516253	0.704760176167	0.755722801307	0.7013566424	0.692283953441	0.69683212268	0.675116728379	0.672949339525	0.750256629109	0.721710598267	0.710292345186	0.693391210568	0.641646910239	0.648557866724	0.654982399165	0.640666220137	0.50822755545	0.0	0.415927961141	0.663749017994	0.647368437312	0.638412414269	0.683692137756	0.675326384904	0.672652780993	0.676789107042	0.654147946369	0.656023906184	0.676495730976	0.678233619302	0.644653570595	0.627161694178	0.644577398101	0.643856612397	0.646697550255	0.693211035731	0.665570106415	0.630806692598	0.651846099249	0.675186373131
AE6	0.67807321256	0.64079553433	0.771136395316	0.693610781431	0.664925045249	0.654227057064	0.623556003924	0.628735334838	0.696268703133	0.613146452017	0.697268439391	0.666001658439	0.70200391017	0.677652342079	0.668564078429	0.629453974666	0.721037321816	0.696967372613	0.792491992	0.681509476397	0.723765013337	0.681239035745	0.708235101468	0.712042752131	0.755144762362	0.700122566988	0.666691183795	0.67756800833	0.69323071218	0.67791770908	0.75806307457	0.694381484074	0.711223423864	0.679773851006	0.644828108896	0.655114046022	0.648342586011	0.630941897063	0.395357683731	0.415927961141	0.0	0.664775468202	0.629276217584	0.670574334617	0.675118422995	0.668006761153	0.670379216391	0.657840638022	0.647289568662	0.650775446183	0.670628170279	0.670850249794	0.630200425244	0.634423474768	0.666849748892	0.637390222241	0.659236592963	0.680226075728	0.659455108868	0.631441881738	0.64347236721	0.643325013325
AF5	0.680607860547	0.675317844233	0.724704606233	0.665841936803	0.664915826006	0.655278034326	0.676035833435	0.673160173646	0.657060946625	0.683256037656	0.680440652077	0.664273454825	0.671931981398	0.657170501893	0.671692787937	0.680051508674	0.688637105922	0.692324759265	0.719808107371	0.65293677311	0.717123811091	0.709678549706	0.68020145111	0.708317277719	0.73492047764	0.689472829166	0.68293302684	0.6927884273	0.69092594433	0.665895131054	0.740663512135	0.712288069763	0.65152854931	0.681588201758	0.678564939619	0.701223648081	0.657133265227	0.534489603607	0.655877202374	0.663749017994	0.664775468202	0.0	0.518018488047	0.657221270433	0.717278260004	0.696204371382	0.71154658325	0.696946256738	0.683466239455	0.701174438669	0.694096895693	0.719574510706	0.664317532516	0.702689648862	0.693019513277	0.699916525432	0.660882895943	0.709801032374	0.686227909955	0.684885930312	0.659117139727	0.712404496168
AF6	0.658986590902	0.657273644196	0.74055407449	0.6450139603	0.679002158072	0.660283711742	0.684029442675	0.671977114369	0.688481891528	0.666969085488	0.671103178779	0.674045415567	0.661270115366	0.628782008026	0.674879706097	0.647572467217	0.706892293272	0.715098003546	0.756517614598	0.662390896371	0.711718464689	0.694055596768	0.683084866707	0.694065834727	0.710983881116	0.686515091934	0.67462105032	0.691117435791	0.67368603905	0.662395367339	0.768308984687	0.698074694671	0.668649374906	0.660009931206	0.674376345362	0.668873721557	0.585884992845	0.467080515537	0.624462653539	0.647368437312	0.629276217584	0.518018488047	0.0	0.628627127302	0.68943097787	0.666274607294	0.675803822062	0.676757973311	0.635430146881	0.669541201239	0.654693850278	0.679577089631	0.671395543706	0.682026687982	0.675141271537	0.674564455174	0.62185565079	0.682711346659	0.651050394559	0.656042449867	0.667767769314	0.68938465412
