	AA3	AA4	AB3	AB4	AC3	AC4	AD3	AD4	AE3	AE4	AF3	AF4	AG3	AG4	AH3	AH4	AA7	AA8	AB7	AB8	AC7	AC8	AD7	AD8	AE7	AE8	AF7	AF8	AG7	AG8	AH7	AH8	AA5	AA6	AB5	AB6	AC5	AC6	AD6	AE5	AE6	AF5	AF6	AG5	AH5	AH6	AA1	AA2	AB1	AB2	AC1	AC2	AD1	AD2	AE1	AE2	AF1	AF2	AG1	AG2	AH1	AH2
AA3	0.0	0.503905001598	0.684721109468	0.634764406915	0.681722944137	0.66174211607	0.696896223139	0.677099900221	0.659566855923	0.701268469998	0.642866230722	0.65920573579	0.635860338052	0.650694552493	0.681124109504	0.478933611316	0.675471148294	0.66705546435	0.754040517485	0.67082015584	0.690209556057	0.686673126685	0.674122849883	0.686083146852	0.721160190491	0.705918767013	0.671237411827	0.684790909078	0.697068432672	0.677374520154	0.725764014327	0.687120015212	0.648647161536	0.690323755986	0.677273644981	0.668000235523	0.647919325936	0.638940596721	0.67606067535	0.696281762694	0.677045005215	0.673235659707	0.65837415759	0.657104494167	0.694539345301	0.687052500656	0.656199964788	0.686261958285	0.652859348995	0.685357547121	0.672520887584	0.669040523492	0.636368036134	0.663469004691	0.672342615966	0.668868903875	0.667730811219	0.676945482183	0.669448435972	0.680137397766	0.650899385059	0.675444053721
AA4	0.503905001598	0.0	0.697124422586	0.628728071507	0.665314108942	0.633192903964	0.662709141184	0.640640883486	0.659080290863	0.668821377821	0.654503173911	0.652425142306	0.667198802471	0.659212782225	0.488216310489	0.372992453862	0.675290356852	0.680969007204	0.771267932331	0.681837511478	0.713370970138	0.663053617438	0.673447226599	0.689407225613	0.732598169894	0.678459436989	0.67386093184	0.659338837805	0.698929562227	0.670771995987	0.748208268066	0.687232275191	0.661507595552	0.663985975103	0.66930508386	0.647906095997	0.654252816171	0.615680670709	0.658851593373	0.66797220705	0.639816331486	0.664763929451	0.643774486119	0.632622432771	0.667989870435	0.654473920076	0.648004603054	0.649066664777	0.6450823538	0.638972058753	0.663570819394	0.646771342964	0.641740297783	0.644819450636	0.655445318238	0.64591293652	0.643856886245	0.651364983117	0.643681083806	0.64592966913	0.646887340179	0.644068001152
AB3	0.684721109468	0.697124422586	0.0	0.651996948282	0.684476280906	0.739019300319	0.728464477727	0.708800651702	0.678950508903	0.739352999188	0.709442648178	0.731000153052	0.705610847951	0.599705362276	0.677347011632	0.696975247839	0.699623985035	0.706796318064	0.682744794218	0.665011069119	0.706588945705	0.727039991507	0.726223891338	0.732841356008	0.711631704048	0.737844954499	0.733533777554	0.736166455456	0.697446639629	0.689644620024	0.711288940863	0.717434431475	0.704853502859	0.769976242032	0.712679859358	0.727408715388	0.727285074872	0.720553028296	0.738766858599	0.747361161636	0.756204912075	0.686723889034	0.713884977197	0.729659936744	0.771099614053	0.785960971478	0.761237270184	0.767827898864	0.712246502113	0.753331630134	0.746219587038	0.748313418639	0.738219942534	0.763328261093	0.732931955849	0.751024528386	0.756876488871	0.771611904782	0.745205459797	0.753820046059	0.724888902873	0.760568168529
AB4	0.634764406915	0.628728071507	0.651996948282	0.0	0.680047193563	0.671359634599	0.671380367393	0.646090611265	0.681888465387	0.678442755188	0.659954142263	0.671280854433	0.453698014074	0.434239250407	0.660792630091	0.623663454298	0.703845976489	0.694441148094	0.758998100273	0.686031022521	0.698001369463	0.677253741743	0.688108348342	0.697913960178	0.726346321883	0.696509001502	0.673042273355	0.681949066446	0.694470129279	0.681769950856	0.739132610573	0.704829785247	0.690165140424	0.700837204882	0.677962044911	0.673695139762	0.671468283702	0.659510977494	0.676602538751	0.687620314819	0.683946873027	0.666641991125	0.663426355471	0.657044337426	0.704391668575	0.703189895666	0.687935735985	0.678626797262	0.6406326917	0.682271551941	0.691010542782	0.68853786662	0.668602764942	0.660787527877	0.678689555279	0.677184634689	0.684067378264	0.711060681417	0.685585744166	0.664816454675	0.670490436728	0.678790070193
AC3	0.681722944137	0.665314108942	0.684476280906	0.680047193563	0.0	0.51565989362	0.675745691342	0.661739059566	0.669930972514	0.680124720381	0.693067541392	0.449298718855	0.696264511362	0.685050020011	0.669036170082	0.665426950619	0.679704083686	0.681041601924	0.754948994143	0.682813157078	0.711675679119	0.687391215669	0.712273540409	0.71827986679	0.71354078902	0.693966101974	0.718688471833	0.712336546558	0.700954397904	0.693891825727	0.748674340197	0.691381862208	0.677927380763	0.691396718302	0.695615512206	0.69052464225	0.694019795727	0.662828835789	0.679556548834	0.664853999	0.656162479635	0.66143879223	0.671590007131	0.676975152976	0.714804711198	0.707450946748	0.715471471845	0.70038604086	0.682071808374	0.679471174139	0.685637828998	0.694796966611	0.698426729419	0.69042942631	0.669874738995	0.687672233535	0.704750299445	0.692134251043	0.692768615496	0.677035728088	0.703575123646	0.70018786278
AC4	0.66174211607	0.633192903964	0.739019300319	0.671359634599	0.51565989362	0.0	0.682919401894	0.662514544767	0.648092880451	0.678397212443	0.514153836113	0.382856180909	0.689538617234	0.69253417995	0.686024619925	0.649311175585	0.684643422451	0.688473789409	0.768134874886	0.678183856274	0.717848511723	0.676139176098	0.709721892316	0.714034607846	0.761302937224	0.714341746259	0.697765977438	0.689296875217	0.711653375006	0.685565336624	0.761669673601	0.693421798868	0.656478246756	0.673720743908	0.675595431329	0.66392506177	0.672289265913	0.640373487519	0.648328562658	0.66355340615	0.643457614948	0.654851879101	0.66925574816	0.653884577813	0.678943142624	0.671910049483	0.708543465879	0.690644824063	0.702644482368	0.685218140863	0.676259117133	0.680247486302	0.687655947617	0.707700306259	0.709600106466	0.722636423343	0.681326712712	0.666959814398	0.670443456163	0.684524109753	0.67289783969	0.699084441917
AD3	0.696896223139	0.662709141184	0.728464477727	0.671380367393	0.675745691342	0.682919401894	0.0	0.410595488125	0.68007360763	0.341880576963	0.698791879215	0.665027403647	0.700284898452	0.687905661689	0.687791424507	0.678212106019	0.710118149041	0.685203565212	0.774853163103	0.666757240367	0.715186766144	0.672414963364	0.70393029939	0.692783103107	0.723037726369	0.687406175114	0.701432867273	0.696210168499	0.700065663345	0.667001339618	0.717617340549	0.691869872537	0.70256274212	0.666410689457	0.68301388722	0.678263728643	0.683717637422	0.658743581039	0.635027068007	0.655368364084	0.630942318024	0.690626421033	0.676826730088	0.674664216431	0.681689963479	0.684397946376	0.695776459002	0.659406869715	0.675717260591	0.658356153399	0.696002431803	0.701404418794	0.674367279772	0.680359603953	0.675614220641	0.678175638995	0.693092060947	0.696443419351	0.682179927141	0.653690094278	0.696484995011	0.663676721851
AD4	0.677099900221	0.640640883486	0.708800651702	0.646090611265	0.661739059566	0.662514544767	0.410595488125	0.0	0.593246038634	0.393761619238	0.675844502503	0.646458881724	0.684389082602	0.661012000311	0.669947227939	0.654168103055	0.692058990297	0.65990026873	0.769759279238	0.643452253074	0.690282168851	0.651843604134	0.676212120156	0.658425445372	0.710476741863	0.66313463454	0.682201025029	0.674432853577	0.661560944202	0.633548228643	0.727017141767	0.668246698879	0.684677608332	0.648342396197	0.679121885691	0.668969490367	0.663317836787	0.645605888321	0.625361588832	0.656107035821	0.632188373222	0.683796484084	0.66734406987	0.659377256219	0.661604778423	0.664741425186	0.682118178019	0.64606585049	0.656950326041	0.649412598202	0.683262356914	0.680803756199	0.658180406165	0.654307194535	0.648125334655	0.656677980052	0.678979313306	0.680172241915	0.669392026492	0.643500730185	0.682453541792	0.653464680151
AE3	0.659566855923	0.659080290863	0.678950508903	0.681888465387	0.669930972514	0.648092880451	0.68007360763	0.593246038634	0.0	0.65379918228	0.668661635403	0.664107415482	0.676226748778	0.687717516027	0.66914745813	0.670515223093	0.665661359111	0.68391602419	0.768456074923	0.679929769995	0.726284612609	0.720090047411	0.662699521435	0.685974158393	0.750518131577	0.699383271966	0.678856381943	0.702911897882	0.652835242906	0.67296407678	0.738560116262	0.682584440783	0.638663753591	0.713155508488	0.697138833446	0.701500518849	0.66662415535	0.668558287302	0.672358014615	0.683193546988	0.683779151663	0.650144479313	0.668459010764	0.680199891904	0.728814467277	0.734402887956	0.702049935275	0.711739561635	0.700631133417	0.711071528596	0.695081674297	0.70279825809	0.689607293101	0.711497542382	0.678342125047	0.722546945302	0.71963378008	0.724361559312	0.704930178288	0.711013562507	0.677060131536	0.720337688859
AE4	0.701268469998	0.668821377821	0.739352999188	0.678442755188	0.680124720381	0.678397212443	0.341880576963	0.393761619238	0.65379918228	0.0	0.705752203672	0.659566689045	0.714659198553	0.697577623001	0.694436187981	0.666476013364	0.714581057011	0.685467778803	0.779473354387	0.665873125099	0.722868350874	0.672343350595	0.722950560106	0.698349602671	0.735134677385	0.690609759421	0.703891387901	0.6879666744	0.698478488211	0.678544344599	0.731002701653	0.680608523121	0.717200948678	0.668216829175	0.687682619472	0.677261875711	0.691453594585	0.670329889592	0.634749679276	0.663209126584	0.627745482727	0.70722365171	0.674658951268	0.666597987371	0.68635189099	0.681646031094	0.692059871693	0.666787320636	0.688439289866	0.663277334899	0.688211348579	0.695695476099	0.678702229785	0.680621196335	0.676736521067	0.677483276576	0.703355542148	0.694846305649	0.690109189665	0.660548922817	0.698694756463	0.666341980443
AF3	0.642866230722	0.654503173911	0.709442648178	0.659954142263	0.693067541392	0.514153836113	0.698791879215	0.675844502503	0.668661635403	0.705752203672	0.0	0.548748557039	0.673557237344	0.67498471176	0.677105741673	0.666192916403	0.673220422811	0.681308479594	0.755458616344	0.679650395113	0.673060338679	0.70652721133	0.676819554908	0.698599211684	0.756982066767	0.714463246099	0.699271706431	0.699520182002	0.699795671573	0.678787026813	0.711828408697	0.686351695186	0.636958561292	0.684854283255	0.67391478819	0.669154587073	0.655366429369	0.651597844065	0.673220856185	0.693781021087	0.686589948346	0.673878958332	0.676023538726	0.670871601178	0.690259107664	0.682222627152	0.7083226404	0.712954691925	0.68858501773	0.712342518442	0.698486300826	0.710995717138	0.689650193884	0.706345409391	0.7006636935	0.719649845903	0.676791055667	0.714247294069	0.678296550965	0.708040960174	0.652100251141	0.717795642016
AF4	0.65920573579	0.652425142306	0.731000153052	0.671280854433	0.449298718855	0.382856180909	0.665027403647	0.646458881724	0.664107415482	0.659566689045	0.548748557039	0.0	0.692564904186	0.695166228903	0.693221821718	0.663260060667	0.705308098056	0.685760752311	0.769161763377	0.674665980361	0.70711279083	0.663926711578	0.719426995193	0.710474724291	0.740794924538	0.693423444926	0.711673801555	0.69151808458	0.711549803689	0.684533515617	0.751636014215	0.695462112782	0.671524048478	0.658012219667	0.674292467545	0.670504735727	0.673839543151	0.64538665114	0.652998316522	0.645603655284	0.63175606698	0.670314482503	0.669254892648	0.662678121213	0.676867037365	0.666640691574	0.707788481991	0.681575164235	0.675546414844	0.663024801751	0.666698342262	0.673109583728	0.662186208258	0.68091195549	0.677623166484	0.677118780186	0.68410475632	0.643957134696	0.678072817097	0.649623980479	0.675878954398	0.692989978671
AG3	0.635860338052	0.667198802471	0.705610847951	0.453698014074	0.696264511362	0.689538617234	0.700284898452	0.684389082602	0.676226748778	0.714659198553	0.673557237344	0.692564904186	0.0	0.522157984701	0.686688644946	0.668393137055	0.682556695103	0.680212033192	0.774247579175	0.690471306008	0.689470616491	0.70807092116	0.676949685575	0.67896722173	0.728957626455	0.708132692512	0.680493578115	0.705593895215	0.682792135676	0.688528869174	0.738020151585	0.690371048989	0.686787710613	0.707674830309	0.698448792022	0.686350785529	0.690593621644	0.66497386538	0.687661430586	0.705740896803	0.693210598351	0.669055979473	0.664559238703	0.671251228166	0.698648473736	0.705917581276	0.687109864645	0.694127580248	0.64802480802	0.702796127288	0.699991715742	0.701010234164	0.681206742822	0.675336222531	0.684791676496	0.679183880422	0.705936179196	0.714597054546	0.698252627482	0.683241792492	0.684452174308	0.692739418009
AG4	0.650694552493	0.659212782225	0.599705362276	0.434239250407	0.685050020011	0.69253417995	0.687905661689	0.661012000311	0.687717516027	0.697577623001	0.67498471176	0.695166228903	0.522157984701	0.0	0.683986056413	0.656795466927	0.700446874977	0.70588298374	0.73368447436	0.684014259417	0.712375592316	0.691924206511	0.673037854157	0.690083493263	0.701090625141	0.691335501575	0.684887998411	0.689088964001	0.705382524007	0.684339698701	0.747004382185	0.714098757949	0.68542799353	0.711093446388	0.670168646504	0.684018873801	0.667544386426	0.651701733453	0.69928122512	0.70103013357	0.709173633526	0.65647840118	0.639715968179	0.679785190839	0.728592865382	0.726460914371	0.682028377557	0.707471386729	0.634077187062	0.691505985924	0.688863741121	0.688362547102	0.680104974938	0.69406769689	0.687904834883	0.694426417244	0.69265861958	0.721765069956	0.694740924801	0.683528936766	0.67699866328	0.700558654973
AH3	0.681124109504	0.488216310489	0.677347011632	0.660792630091	0.669036170082	0.686024619925	0.687791424507	0.669947227939	0.66914745813	0.694436187981	0.677105741673	0.693221821718	0.686688644946	0.683986056413	0.0	0.539020666076	0.682565056282	0.700515082156	0.766149598434	0.69861534531	0.72145493859	0.699086983032	0.679500353259	0.70514049431	0.722413976664	0.691823197271	0.705466052582	0.704633224109	0.712560065708	0.699182787952	0.757383829383	0.704663792917	0.663675592051	0.705756208616	0.68791839382	0.684573476963	0.683761031917	0.663403274853	0.688843601839	0.695128133135	0.692549167798	0.680812608932	0.672296552841	0.671900176188	0.707967793317	0.715085103549	0.696378313835	0.689758023563	0.690502691256	0.690098126577	0.695732616022	0.708844334019	0.690321598586	0.70919713278	0.680679767714	0.700882981413	0.698123834116	0.709501641886	0.677627930411	0.700764940656	0.683200528144	0.681916537901
AH4	0.478933611316	0.372992453862	0.696975247839	0.623663454298	0.665426950619	0.649311175585	0.678212106019	0.654168103055	0.670515223093	0.666476013364	0.666192916403	0.663260060667	0.668393137055	0.656795466927	0.539020666076	0.0	0.695453025406	0.688339025719	0.771070274456	0.68208662267	0.703988418464	0.660264621236	0.681776556403	0.687853328326	0.732224835225	0.685389672448	0.665436417884	0.650196681186	0.685556558459	0.688554397469	0.746292059678	0.667101686642	0.6738815952	0.685149116573	0.682302223485	0.662212925832	0.660077686051	0.628086545854	0.660301592936	0.679403712792	0.659367444412	0.673255368728	0.639311176562	0.64616177563	0.689169476877	0.682562823821	0.665395399796	0.664822770136	0.652158811894	0.646067393092	0.662335542227	0.658412477795	0.649730161804	0.657189620381	0.660874388182	0.654828840058	0.659242065573	0.659565541637	0.64855847718	0.646006611484	0.654697886842	0.64520371738
AA7	0.675471148294	0.675290356852	0.699623985035	0.703845976489	0.679704083686	0.684643422451	0.710118149041	0.692058990297	0.665661359111	0.714581057011	0.673220422811	0.705308098056	0.682556695103	0.700446874977	0.682565056282	0.695453025406	0.0	0.512520938441	0.771173929237	0.681272811891	0.656523808155	0.669151597277	0.654411137437	0.686526441914	0.702199449665	0.698690308552	0.668587825569	0.674393738713	0.690001205097	0.694931318705	0.710436372704	0.562196914978	0.656263827692	0.710707766422	0.714963376361	0.715383694675	0.664166494963	0.673335614118	0.696267296651	0.744295109271	0.729540437143	0.696683378638	0.705327825241	0.70631920833	0.726367949342	0.720879663991	0.732121618636	0.730462163947	0.703296752809	0.736283502408	0.704875046697	0.715920565911	0.699251544214	0.718246248721	0.677855057487	0.708050708882	0.736131669554	0.72963002619	0.725147416822	0.731541968765	0.703535640962	0.714068184969
AA8	0.66705546435	0.680969007204	0.706796318064	0.694441148094	0.681041601924	0.688473789409	0.685203565212	0.65990026873	0.68391602419	0.685467778803	0.681308479594	0.685760752311	0.680212033192	0.70588298374	0.700515082156	0.688339025719	0.512520938441	0.0	0.76413613623	0.642680722102	0.636137764528	0.631305676786	0.659759226117	0.661998006048	0.692685956582	0.678667778457	0.666142317888	0.652395702738	0.645781351455	0.651838000153	0.543579839943	0.402941913093	0.671428077169	0.704357746912	0.712506842987	0.70956277854	0.682990984469	0.678017846799	0.683169892974	0.718603704557	0.694661957896	0.695801303495	0.702412585308	0.695148569583	0.713316876819	0.703022475172	0.718414994547	0.694337711592	0.69485241608	0.715341375238	0.706914335699	0.721895458498	0.689140078608	0.691142479047	0.684825618259	0.689503375282	0.735659344818	0.727381171266	0.731691779911	0.713104104113	0.709131406976	0.685573090292
AB7	0.754040517485	0.771267932331	0.682744794218	0.758998100273	0.754948994143	0.768134874886	0.774853163103	0.769759279238	0.768456074923	0.779473354387	0.755458616344	0.769161763377	0.774247579175	0.73368447436	0.766149598434	0.771070274456	0.771173929237	0.76413613623	0.0	0.5472217733	0.750070888387	0.752475638269	0.779105537098	0.786424717996	0.749477631644	0.773507449745	0.77689512003	0.766800968269	0.756425799975	0.640278522583	0.761614035224	0.758266226936	0.774507717779	0.786378155953	0.769900174758	0.786497852162	0.768830542615	0.752964976297	0.79341549364	0.790147302622	0.790792181732	0.72034932062	0.737521734902	0.776057774295	0.794766747509	0.795473875248	0.819067171646	0.803243836506	0.778674443348	0.793842433158	0.803208851763	0.809406701684	0.79263731678	0.808659109637	0.77833954129	0.799302349053	0.796743731528	0.817562145361	0.801758173382	0.793778395282	0.79514762575	0.796495927565
AB8	0.67082015584	0.681837511478	0.665011069119	0.686031022521	0.682813157078	0.678183856274	0.666757240367	0.643452253074	0.679929769995	0.665873125099	0.679650395113	0.674665980361	0.690471306008	0.684014259417	0.69861534531	0.68208662267	0.681272811891	0.642680722102	0.5472217733	0.0	0.66568454028	0.630012684062	0.682644252699	0.669267757569	0.673314994593	0.666960979091	0.661470211669	0.65056885374	0.508883364744	0.395987051389	0.696803409106	0.642122526944	0.678795171703	0.688163310665	0.697229406876	0.698452678878	0.67827105957	0.653539606422	0.670630449232	0.700285386836	0.671579737346	0.660380753594	0.663248714734	0.669825772576	0.699307609831	0.677439468572	0.745391210942	0.709400537841	0.684827975334	0.702225815117	0.69206436354	0.715505915247	0.677744164472	0.708840216208	0.690330862243	0.688309822025	0.703392144196	0.721844443558	0.705032772711	0.703404878591	0.686132228867	0.698099629074
AC7	0.690209556057	0.713370970138	0.706588945705	0.698001369463	0.711675679119	0.717848511723	0.715186766144	0.690282168851	0.726284612609	0.722868350874	0.673060338679	0.70711279083	0.689470616491	0.712375592316	0.72145493859	0.703988418464	0.656523808155	0.636137764528	0.750070888387	0.66568454028	0.0	0.519313270682	0.677136125322	0.677543281343	0.697623840087	0.690969802641	0.707072491571	0.575867719573	0.650365237388	0.65877983601	0.660720468326	0.632148293661	0.699887811377	0.697859004097	0.726996013671	0.739457972641	0.707948361235	0.699149949046	0.701803405652	0.740996196827	0.724563257438	0.719573128046	0.731644363299	0.710214059963	0.691273810824	0.693632936644	0.749847884006	0.740737047155	0.700968761084	0.737510422222	0.750919875187	0.760154269998	0.702476622811	0.707135714225	0.691700944388	0.695980744721	0.74305696786	0.728860612134	0.74533965277	0.730031178766	0.708784609355	0.725343655076
AC8	0.686673126685	0.663053617438	0.727039991507	0.677253741743	0.687391215669	0.676139176098	0.672414963364	0.651843604134	0.720090047411	0.672343350595	0.70652721133	0.663926711578	0.70807092116	0.691924206511	0.699086983032	0.660264621236	0.669151597277	0.631305676786	0.752475638269	0.630012684062	0.519313270682	0.0	0.687720889745	0.665324358749	0.703210455431	0.662638722558	0.509289609434	0.37695144175	0.64888445932	0.635236904231	0.69653495884	0.631644358606	0.695229415243	0.657979683484	0.705014579801	0.701970417566	0.694906487615	0.676522335449	0.664569378698	0.717371774696	0.687955830262	0.700185842203	0.692803577595	0.668408022309	0.667823453016	0.66064846584	0.715894363753	0.690227911125	0.666550194677	0.684016474541	0.692883007619	0.697003091866	0.660041192305	0.656787370739	0.660261348062	0.659620290645	0.699984486137	0.672169340215	0.693437080034	0.679639533509	0.684016310081	0.676817484037
AD7	0.674122849883	0.673447226599	0.726223891338	0.688108348342	0.712273540409	0.709721892316	0.70393029939	0.676212120156	0.662699521435	0.722950560106	0.676819554908	0.719426995193	0.676949685575	0.673037854157	0.679500353259	0.681776556403	0.654411137437	0.659759226117	0.779105537098	0.682644252699	0.677136125322	0.687720889745	0.0	0.444393331605	0.70072591719	0.494161749633	0.672571918261	0.674830756131	0.666969268846	0.67842105538	0.70243735892	0.662293088801	0.642944442153	0.683960653819	0.720731175549	0.710574226773	0.686198010432	0.660425072204	0.696752400252	0.726434145865	0.704143633923	0.675310505941	0.678606129274	0.69817137579	0.700032641976	0.694264274394	0.704199518681	0.705471441812	0.673709341913	0.719132348859	0.694819919183	0.706547071028	0.682763597244	0.698463352851	0.655214496665	0.690298595808	0.703477722452	0.719260015591	0.694276438989	0.699913568347	0.658290207586	0.697422261782
AD8	0.686083146852	0.689407225613	0.732841356008	0.697913960178	0.71827986679	0.714034607846	0.692783103107	0.658425445372	0.685974158393	0.698349602671	0.698599211684	0.710474724291	0.67896722173	0.690083493263	0.70514049431	0.687853328326	0.686526441914	0.661998006048	0.786424717996	0.669267757569	0.677543281343	0.665324358749	0.444393331605	0.0	0.604426597768	0.395503374016	0.647652899695	0.670977155917	0.657460039963	0.658314613276	0.702726920698	0.669433056016	0.680016242085	0.680732188627	0.720636646246	0.711798375378	0.700039057318	0.672211117421	0.699292127305	0.720678091735	0.685595845861	0.68303152542	0.682431857216	0.687849325653	0.690225049714	0.687893234266	0.717406871946	0.705076730841	0.680917100686	0.716325403455	0.689731495669	0.721818336197	0.688380240047	0.689461469069	0.655925592494	0.684790792735	0.716228438636	0.718248099972	0.702342451526	0.696547202235	0.681218264238	0.706485119331
AE7	0.721160190491	0.732598169894	0.711631704048	0.726346321883	0.71354078902	0.761302937224	0.723037726369	0.710476741863	0.750518131577	0.735134677385	0.756982066767	0.740794924538	0.728957626455	0.701090625141	0.722413976664	0.732224835225	0.702199449665	0.692685956582	0.749477631644	0.673314994593	0.697623840087	0.703210455431	0.70072591719	0.604426597768	0.0	0.502010972265	0.719707558313	0.715272030419	0.700266925105	0.692223302961	0.733143632527	0.703178302393	0.729602417015	0.752355274209	0.740523792894	0.751707671219	0.727936503041	0.734556954057	0.754874127184	0.767606902553	0.768133599238	0.736688956198	0.730376362515	0.731941880553	0.749021197606	0.76133329229	0.770951016128	0.770809849569	0.71824579733	0.76730061418	0.760535837426	0.783022921572	0.742627021282	0.757284173036	0.735179414429	0.738951504198	0.776119557607	0.776985265253	0.769946479523	0.762866255881	0.750290946611	0.764679660976
AE8	0.705918767013	0.678459436989	0.737844954499	0.696509001502	0.693966101974	0.714341746259	0.687406175114	0.66313463454	0.699383271966	0.690609759421	0.714463246099	0.693423444926	0.708132692512	0.691335501575	0.691823197271	0.685389672448	0.698690308552	0.678667778457	0.773507449745	0.666960979091	0.690969802641	0.662638722558	0.494161749633	0.395503374016	0.502010972265	0.0	0.669789342753	0.660481258839	0.67971844377	0.661985118306	0.72087014635	0.683502691687	0.689529871994	0.686125883797	0.720422790184	0.721489215502	0.70838657262	0.684904270383	0.711563881983	0.719520478066	0.697453284331	0.694173722934	0.686233417591	0.684983093938	0.702051656926	0.703673191525	0.711698790914	0.705572382606	0.680175647444	0.716464407029	0.707335204138	0.721539341417	0.69565385558	0.691514734801	0.67351947841	0.685105747267	0.713116902291	0.71643785072	0.704966632141	0.70180752456	0.696430575012	0.700820134806
AF7	0.671237411827	0.67386093184	0.733533777554	0.673042273355	0.718688471833	0.697765977438	0.701432867273	0.682201025029	0.678856381943	0.703891387901	0.699271706431	0.711673801555	0.680493578115	0.684887998411	0.705466052582	0.665436417884	0.668587825569	0.666142317888	0.77689512003	0.661470211669	0.707072491571	0.509289609434	0.672571918261	0.647652899695	0.719707558313	0.669789342753	0.0	0.474129766073	0.644899130432	0.671203686032	0.730982343094	0.660600647933	0.691320061524	0.708551884245	0.699697407361	0.710555485905	0.702669692123	0.68905373034	0.691800307511	0.724784904312	0.704176095669	0.691248236584	0.670398012143	0.66985922919	0.722936510197	0.71342937896	0.717061062286	0.702329932102	0.686694604659	0.712460371798	0.681172607979	0.701208386717	0.684924059811	0.685196873067	0.687505655047	0.71256975185	0.69199923637	0.714323134146	0.689782183394	0.71319628171	0.675417818383	0.696012030456
AF8	0.684790909078	0.659338837805	0.736166455456	0.681949066446	0.712336546558	0.689296875217	0.696210168499	0.674432853577	0.702911897882	0.6879666744	0.699520182002	0.69151808458	0.705593895215	0.689088964001	0.704633224109	0.650196681186	0.674393738713	0.652395702738	0.766800968269	0.65056885374	0.575867719573	0.37695144175	0.674830756131	0.670977155917	0.715272030419	0.660481258839	0.474129766073	0.0	0.646528878346	0.65368000809	0.705398581052	0.63220770618	0.705657677556	0.679366091433	0.699867849305	0.710121448483	0.690346922722	0.662300458626	0.676076653356	0.723317721714	0.693381679069	0.706300079955	0.680930703316	0.676657212564	0.680191930125	0.678722405199	0.715768033449	0.69563433716	0.680406244674	0.692564036978	0.708133626444	0.699183619734	0.678627517562	0.665788302327	0.678559679234	0.67741337902	0.69867165192	0.689111323605	0.69870283043	0.694492097871	0.666261435232	0.670384847549
AG7	0.697068432672	0.698929562227	0.697446639629	0.694470129279	0.700954397904	0.711653375006	0.700065663345	0.661560944202	0.652835242906	0.698478488211	0.699795671573	0.711549803689	0.682792135676	0.705382524007	0.712560065708	0.685556558459	0.690001205097	0.645781351455	0.756425799975	0.508883364744	0.650365237388	0.64888445932	0.666969268846	0.657460039963	0.700266925105	0.67971844377	0.644899130432	0.646528878346	0.0	0.462203341864	0.680753207046	0.635103568938	0.682957212325	0.711538252789	0.706906015644	0.716092961409	0.684042627622	0.671698019417	0.684515664348	0.723286426046	0.68222848669	0.690298120056	0.676584342165	0.676349960492	0.707686867156	0.699487302859	0.737663969108	0.711310628386	0.68753709932	0.721799669824	0.689193073964	0.726657300578	0.669407401659	0.687577798802	0.692881126879	0.694198201728	0.711967027448	0.730007749134	0.708960313151	0.710396495517	0.674433765195	0.712715033239
AG8	0.677374520154	0.670771995987	0.689644620024	0.681769950856	0.693891825727	0.685565336624	0.667001339618	0.633548228643	0.67296407678	0.678544344599	0.678787026813	0.684533515617	0.688528869174	0.684339698701	0.699182787952	0.688554397469	0.694931318705	0.651838000153	0.640278522583	0.395987051389	0.65877983601	0.635236904231	0.67842105538	0.658314613276	0.692223302961	0.661985118306	0.671203686032	0.65368000809	0.462203341864	0.0	0.700099371544	0.655544211344	0.683312695853	0.674410003027	0.693888984091	0.69488625316	0.659388436166	0.655627962773	0.675052372297	0.692322365379	0.674253869325	0.670883086147	0.672931882145	0.657337619692	0.682872041708	0.673914161011	0.731457966104	0.695087925654	0.679028668519	0.703943271887	0.679531039295	0.714901535836	0.665317003568	0.689521790774	0.68196959002	0.687079155174	0.686427884929	0.715351546206	0.687905081442	0.69779233681	0.687123626591	0.690797206206
AH7	0.725764014327	0.748208268066	0.711288940863	0.739132610573	0.748674340197	0.761669673601	0.717617340549	0.727017141767	0.738560116262	0.731002701653	0.711828408697	0.751636014215	0.738020151585	0.747004382185	0.757383829383	0.746292059678	0.710436372704	0.543579839943	0.761614035224	0.696803409106	0.660720468326	0.69653495884	0.70243735892	0.702726920698	0.733143632527	0.72087014635	0.730982343094	0.705398581052	0.680753207046	0.700099371544	0.0	0.534794789101	0.711869286918	0.75983261618	0.769493046379	0.776019546949	0.753768370501	0.739669865144	0.742048934589	0.767693011595	0.757650153538	0.739726915364	0.761066744294	0.748699414892	0.766222225407	0.766558017963	0.768514972698	0.738721653023	0.742807972047	0.765117560189	0.778226913842	0.79038926759	0.743208735104	0.745773075977	0.729825296316	0.741915693042	0.782744109331	0.794626047002	0.783739673564	0.759062516949	0.752919855887	0.749868657944
AH8	0.687120015212	0.687232275191	0.717434431475	0.704829785247	0.691381862208	0.693421798868	0.691869872537	0.668246698879	0.682584440783	0.680608523121	0.686351695186	0.695462112782	0.690371048989	0.714098757949	0.704663792917	0.667101686642	0.562196914978	0.402941913093	0.758266226936	0.642122526944	0.632148293661	0.631644358606	0.662293088801	0.669433056016	0.703178302393	0.683502691687	0.660600647933	0.63220770618	0.635103568938	0.655544211344	0.534794789101	0.0	0.680853501265	0.714028407707	0.716475182133	0.717621969226	0.693301418766	0.677145607318	0.685618288643	0.722243560528	0.697715067836	0.695682061496	0.690357357893	0.705712506301	0.712496728015	0.710773063991	0.720836255258	0.694872138603	0.701134922845	0.718605770216	0.711729850377	0.733573491645	0.690514066223	0.684569008461	0.685532444583	0.694961121821	0.739174858121	0.735438391119	0.741832751621	0.710672829059	0.714381486428	0.701284795818
AA5	0.648647161536	0.661507595552	0.704853502859	0.690165140424	0.677927380763	0.656478246756	0.70256274212	0.684677608332	0.638663753591	0.717200948678	0.636958561292	0.671524048478	0.686787710613	0.68542799353	0.663675592051	0.6738815952	0.656263827692	0.671428077169	0.774507717779	0.678795171703	0.699887811377	0.695229415243	0.642944442153	0.680016242085	0.729602417015	0.689529871994	0.691320061524	0.705657677556	0.682957212325	0.683312695853	0.711869286918	0.680853501265	0.0	0.590509615145	0.692356197347	0.682788761873	0.63620938073	0.627449600026	0.677650873174	0.706894258123	0.68683060749	0.627967886808	0.644057190453	0.666908884115	0.707041056725	0.666268968216	0.69626734612	0.697464421708	0.686415555237	0.691452586279	0.679650283773	0.70356438337	0.666736569396	0.709548641402	0.667272706759	0.692177067719	0.673607745536	0.703758668665	0.661227524461	0.689353045006	0.64267645461	0.697004360338
AA6	0.690323755986	0.663985975103	0.769976242032	0.700837204882	0.691396718302	0.673720743908	0.666410689457	0.648342396197	0.713155508488	0.668216829175	0.684854283255	0.658012219667	0.707674830309	0.711093446388	0.705756208616	0.685149116573	0.710707766422	0.704357746912	0.786378155953	0.688163310665	0.697859004097	0.657979683484	0.683960653819	0.680732188627	0.752355274209	0.686125883797	0.708551884245	0.679366091433	0.711538252789	0.674410003027	0.75983261618	0.714028407707	0.590509615145	0.0	0.70099315599	0.685493890698	0.653639477591	0.621871860352	0.67433436755	0.687827521389	0.65224561632	0.678416233034	0.654839610033	0.669183648102	0.44593693122	0.417143097131	0.691907128904	0.692278819056	0.672733675556	0.673720972161	0.681347976474	0.679408716911	0.668366733888	0.680928663462	0.678287577138	0.677356871349	0.662044036237	0.66011970865	0.67184237931	0.674255650508	0.664172568276	0.680725708069
AB5	0.677273644981	0.66930508386	0.712679859358	0.677962044911	0.695615512206	0.675595431329	0.68301388722	0.679121885691	0.697138833446	0.687682619472	0.67391478819	0.674292467545	0.698448792022	0.670168646504	0.68791839382	0.682302223485	0.714963376361	0.712506842987	0.769900174758	0.697229406876	0.726996013671	0.705014579801	0.720731175549	0.720636646246	0.740523792894	0.720422790184	0.699697407361	0.699867849305	0.706906015644	0.693888984091	0.769493046379	0.716475182133	0.692356197347	0.70099315599	0.0	0.402692034504	0.651835258418	0.661793988288	0.663682351548	0.665397264615	0.655123814695	0.686313447103	0.670649208947	0.66624110746	0.702173574222	0.692414305058	0.663587561041	0.691518633799	0.681175965038	0.713502410812	0.687127962728	0.688072850245	0.658449760714	0.683260793829	0.691574716359	0.687011809616	0.710163067524	0.698589557183	0.710952461991	0.704255975884	0.653672129502	0.69281106457
AB6	0.668000235523	0.647906095997	0.727408715388	0.673695139762	0.69052464225	0.66392506177	0.678263728643	0.668969490367	0.701500518849	0.677261875711	0.669154587073	0.670504735727	0.686350785529	0.684018873801	0.684573476963	0.662212925832	0.715383694675	0.70956277854	0.786497852162	0.698452678878	0.739457972641	0.701970417566	0.710574226773	0.711798375378	0.751707671219	0.721489215502	0.710555485905	0.710121448483	0.716092961409	0.69488625316	0.776019546949	0.717621969226	0.682788761873	0.685493890698	0.402692034504	0.0	0.650243387255	0.651778808971	0.664201748032	0.657105520795	0.64592612484	0.695341974871	0.660685075502	0.604226611466	0.681334150862	0.678551270626	0.650399699549	0.678810774879	0.670601054883	0.688892487206	0.678733870744	0.677153084931	0.666093814513	0.668941997244	0.688707568718	0.679023839024	0.698289538036	0.680660077305	0.687514844615	0.678430807435	0.659046684153	0.673364104611
AC5	0.647919325936	0.654252816171	0.727285074872	0.671468283702	0.694019795727	0.672289265913	0.683717637422	0.663317836787	0.66662415535	0.691453594585	0.655366429369	0.673839543151	0.690593621644	0.667544386426	0.683761031917	0.660077686051	0.664166494963	0.682990984469	0.768830542615	0.67827105957	0.707948361235	0.694906487615	0.686198010432	0.700039057318	0.727936503041	0.70838657262	0.702669692123	0.690346922722	0.684042627622	0.659388436166	0.753768370501	0.693301418766	0.63620938073	0.653639477591	0.651835258418	0.650243387255	0.0	0.463591878314	0.648662731621	0.677374285062	0.661679720039	0.681537064598	0.60895312725	0.635438778335	0.653263846783	0.644002797722	0.650755164351	0.68610016001	0.631535254222	0.672445554123	0.658616988481	0.653118354318	0.641907386301	0.667009325668	0.636741771178	0.661646875068	0.65487589271	0.671782688698	0.636565844374	0.667194400364	0.642168113178	0.67848261572
AC6	0.638940596721	0.615680670709	0.720553028296	0.659510977494	0.662828835789	0.640373487519	0.658743581039	0.645605888321	0.668558287302	0.670329889592	0.651597844065	0.64538665114	0.66497386538	0.651701733453	0.663403274853	0.628086545854	0.673335614118	0.678017846799	0.752964976297	0.653539606422	0.699149949046	0.676522335449	0.660425072204	0.672211117421	0.734556954057	0.684904270383	0.68905373034	0.662300458626	0.671698019417	0.655627962773	0.739669865144	0.677145607318	0.627449600026	0.621871860352	0.661793988288	0.651778808971	0.463591878314	0.0	0.618790071867	0.653029727041	0.622908107457	0.532824732638	0.467973754326	0.609930407539	0.64415908504	0.627743882096	0.649869523048	0.672420511908	0.616330812331	0.63242934909	0.648497656596	0.646890279488	0.638083447276	0.650778504533	0.638791578588	0.644595210506	0.625707886041	0.661244051571	0.60733451737	0.632483280649	0.626543583598	0.665851083449
AD6	0.67606067535	0.658851593373	0.738766858599	0.676602538751	0.679556548834	0.648328562658	0.635027068007	0.625361588832	0.672358014615	0.634749679276	0.673220856185	0.652998316522	0.687661430586	0.69928122512	0.688843601839	0.660301592936	0.696267296651	0.683169892974	0.79341549364	0.670630449232	0.701803405652	0.664569378698	0.696752400252	0.699292127305	0.754874127184	0.711563881983	0.691800307511	0.676076653356	0.684515664348	0.675052372297	0.742048934589	0.685618288643	0.677650873174	0.67433436755	0.663682351548	0.664201748032	0.648662731621	0.618790071867	0.0	0.527246269907	0.44959460472	0.674082105692	0.653574590824	0.649440229601	0.677362886916	0.672555899894	0.672446930895	0.655321509949	0.654596938316	0.642850208195	0.674449245011	0.664184549891	0.640005191272	0.653669765966	0.647709295997	0.643405008805	0.653933911254	0.681856084119	0.657116262951	0.636659930388	0.634603583161	0.658395998949
AE5	0.696281762694	0.66797220705	0.747361161636	0.687620314819	0.664853999	0.66355340615	0.655368364084	0.656107035821	0.683193546988	0.663209126584	0.693781021087	0.645603655284	0.705740896803	0.70103013357	0.695128133135	0.679403712792	0.744295109271	0.718603704557	0.790147302622	0.700285386836	0.740996196827	0.717371774696	0.726434145865	0.720678091735	0.767606902553	0.719520478066	0.724784904312	0.723317721714	0.723286426046	0.692322365379	0.767693011595	0.722243560528	0.706894258123	0.687827521389	0.665397264615	0.657105520795	0.677374285062	0.653029727041	0.527246269907	0.0	0.406718863488	0.696720419988	0.669695496538	0.668164798598	0.696926704666	0.691536726855	0.683207599759	0.66879250741	0.661172993105	0.649898626583	0.677261050329	0.679732691871	0.65589798345	0.64850347933	0.665311421051	0.667542300696	0.66859059758	0.683925819183	0.677291274768	0.650517295899	0.659397045223	0.678730538447
AE6	0.677045005215	0.639816331486	0.756204912075	0.683946873027	0.656162479635	0.643457614948	0.630942318024	0.632188373222	0.683779151663	0.627745482727	0.686589948346	0.63175606698	0.693210598351	0.709173633526	0.692549167798	0.659367444412	0.729540437143	0.694661957896	0.790792181732	0.671579737346	0.724563257438	0.687955830262	0.704143633923	0.685595845861	0.768133599238	0.697453284331	0.704176095669	0.693381679069	0.68222848669	0.674253869325	0.757650153538	0.697715067836	0.68683060749	0.65224561632	0.655123814695	0.64592612484	0.661679720039	0.622908107457	0.44959460472	0.406718863488	0.0	0.669990078667	0.653109566152	0.651825665525	0.666550839976	0.656274349537	0.670759876342	0.641164174697	0.642557357014	0.637756218726	0.667014675569	0.655648931826	0.627405157529	0.619523595658	0.648347445584	0.632872091943	0.654072729634	0.665601178155	0.650685374393	0.627257686461	0.636887326518	0.652212323009
AF5	0.673235659707	0.664763929451	0.686723889034	0.666641991125	0.66143879223	0.654851879101	0.690626421033	0.683796484084	0.650144479313	0.70722365171	0.673878958332	0.670314482503	0.669055979473	0.65647840118	0.680812608932	0.673255368728	0.696683378638	0.695801303495	0.72034932062	0.660380753594	0.719573128046	0.700185842203	0.675310505941	0.68303152542	0.736688956198	0.694173722934	0.691248236584	0.706300079955	0.690298120056	0.670883086147	0.739726915364	0.695682061496	0.627967886808	0.678416233034	0.686313447103	0.695341974871	0.681537064598	0.532824732638	0.674082105692	0.696720419988	0.669990078667	0.0	0.485611226597	0.655694535957	0.699475989368	0.698868303807	0.705078967014	0.714378152929	0.668794389211	0.685414835315	0.696696781899	0.708863355254	0.683491351044	0.705902888722	0.701852404935	0.710258276685	0.676601531262	0.726797907471	0.67742306142	0.674861526584	0.672418726162	0.719419339759
AF6	0.65837415759	0.643774486119	0.713884977197	0.663426355471	0.671590007131	0.66925574816	0.676826730088	0.66734406987	0.668459010764	0.674658951268	0.676023538726	0.669254892648	0.664559238703	0.639715968179	0.672296552841	0.639311176562	0.705327825241	0.702412585308	0.737521734902	0.663248714734	0.731644363299	0.692803577595	0.678606129274	0.682431857216	0.730376362515	0.686233417591	0.670398012143	0.680930703316	0.676584342165	0.672931882145	0.761066744294	0.690357357893	0.644057190453	0.654839610033	0.670649208947	0.660685075502	0.60895312725	0.467973754326	0.653574590824	0.669695496538	0.653109566152	0.485611226597	0.0	0.627827589287	0.679036864586	0.668589106075	0.658919641149	0.681871788609	0.631435913268	0.661302189666	0.673224751454	0.676591508129	0.664704915246	0.669419654818	0.66774761767	0.669495971225	0.649353923012	0.692674997843	0.639758586287	0.642843080167	0.659353293045	0.685994333973
