	AA3	AA4	AB3	AB4	AC3	AC4	AD3	AD4	AE3	AE4	AF3	AF4	AG3	AG4	AH3	AH4	AA7	AA8	AB7	AB8	AC7	AC8	AD7	AD8	AE7	AE8	AF7	AF8	AG7	AG8	AH7	AH8	AA5	AA6	AB5	AB6	AC5	AC6	AD6	AE5	AE6	AF5	AF6	AG5	AH5	AH6	AA1	AA2	AB1	AB2	AC1	AC2	AD1	AD2	AE1	AE2	AF1	AF2	AG1	AG2	AH1	AH2
AA3	0.0	0.486304457309	0.673370071395	0.655313490164	0.665362842501	0.662897095928	0.681627967627	0.691176042981	0.655356075619	0.708162967622	0.640554425255	0.657149856944	0.647580059658	0.632157699939	0.672159190763	0.46097509802	0.672117679927	0.691558983236	0.766824189134	0.682260078704	0.702946997834	0.701331078737	0.679620604879	0.69778817207	0.730013202393	0.700250034499	0.663402719992	0.687003868641	0.696338236549	0.679381094615	0.745508431708	0.695344287137	0.649792027369	0.683002223769	0.671774403112	0.681886442456	0.647542787481	0.668364382712	0.671696465637	0.69536716054	0.683314936101	0.684280408472	0.659664610904	0.647434842079	0.700268371764	0.705332569539	0.658642027481	0.679144828124	0.650912009914	0.67199473491	0.669314465122	0.696525899293	0.652304084409	0.649663117376	0.67605824997	0.663775986509	0.663796889726	0.68505006907	0.667134530619	0.68082435045	0.643097967892	0.688950420126
AA4	0.486304457309	0.0	0.713943517099	0.666795962513	0.653447356859	0.658651698474	0.658214634103	0.663942997515	0.688285408308	0.67535991835	0.657478260979	0.643292287723	0.670292915285	0.670398934062	0.511722403049	0.374575376648	0.693245092987	0.69186308326	0.777527380437	0.68332125428	0.713200543985	0.676328653428	0.696139730133	0.701255639908	0.733158266917	0.689011377262	0.669498702543	0.667410655554	0.703552337381	0.690025230912	0.747177342758	0.67828612967	0.667043086728	0.666911461164	0.65889911559	0.660394773367	0.665121090711	0.64380059034	0.647550608089	0.666658372367	0.648260390247	0.667573814653	0.644088692877	0.641449841772	0.684654662468	0.666289009777	0.67341986033	0.665961084682	0.653067091469	0.654806890355	0.662445875446	0.678230867704	0.655897177539	0.64555405462	0.670229136473	0.647704215961	0.646896595585	0.670889753886	0.655693758545	0.642614539368	0.643739667593	0.662664707396
AB3	0.673370071395	0.713943517099	0.0	0.649446336255	0.735430576814	0.760243653291	0.755381640619	0.761502104955	0.742772709625	0.782548848329	0.702835127034	0.747339198619	0.734459845897	0.595030137394	0.718813419926	0.709867801616	0.738116135671	0.756436184997	0.743009342908	0.700639729993	0.728164366309	0.749447322659	0.728228716398	0.757025365923	0.736418185185	0.731179908006	0.726576788973	0.755736927981	0.710997802497	0.71389830221	0.771371637787	0.763562402289	0.709688996698	0.790668984235	0.717111413524	0.759713209632	0.727722281812	0.746619842253	0.765576027817	0.770878659184	0.783853305139	0.722466842271	0.737901133761	0.734347745999	0.805196922847	0.796484101456	0.770949469063	0.790737423245	0.72254283333	0.792500216692	0.751283385558	0.786756844399	0.74709296351	0.78282644664	0.758359297251	0.774877309313	0.766052210187	0.777448218482	0.765057248945	0.777472787275	0.735294156984	0.783403207755
AB4	0.655313490164	0.666795962513	0.649446336255	0.0	0.697249289304	0.698441368515	0.699067763911	0.69372625944	0.69925570747	0.710454261024	0.67201490804	0.687940747846	0.416796077032	0.451625497483	0.692155515487	0.671244570156	0.698786282408	0.703058328988	0.750089822147	0.68957457185	0.690662310265	0.714367862743	0.695505114001	0.71297954869	0.729139884055	0.702474072304	0.680840137495	0.701995272627	0.700715576711	0.700886584791	0.731510537871	0.708508754748	0.699337492467	0.714733604069	0.702880116138	0.706550865921	0.688908919758	0.677380809824	0.702297673709	0.707116197445	0.7144121845	0.673280540057	0.665998031671	0.674245801644	0.733242114561	0.737365553515	0.702568539819	0.712523789213	0.644574372441	0.712545146579	0.7106285824	0.72180288285	0.684859775445	0.688821689066	0.6974943755	0.689123884119	0.701294134332	0.738208693146	0.699445678832	0.684902846459	0.681612187397	0.713606747741
AC3	0.665362842501	0.653447356859	0.735430576814	0.697249289304	0.0	0.531757283398	0.661145921415	0.669617368944	0.673868355275	0.663827482725	0.679310827038	0.439588442394	0.702244834696	0.710084605442	0.662985826147	0.661294334842	0.666503052731	0.677112305891	0.761459767055	0.674856224407	0.707647330922	0.695580270991	0.715744644964	0.709894811261	0.713143748062	0.706534876963	0.70419418494	0.700896696452	0.7059297146	0.697415991612	0.735117900882	0.684667800223	0.666854396391	0.683442335975	0.683234916491	0.69198246802	0.693988383899	0.669447023736	0.685585312806	0.661274618415	0.66376587743	0.656312889521	0.649889459867	0.657240753602	0.723296400714	0.699728406179	0.707119175736	0.691399586179	0.67929823537	0.673526967189	0.665113321769	0.686446947127	0.685031312515	0.681247105561	0.658072166542	0.666706098517	0.700372401841	0.694477298028	0.68203855057	0.665102523781	0.692217914222	0.693768216073
AC4	0.662897095928	0.658651698474	0.760243653291	0.698441368515	0.531757283398	0.0	0.67376694895	0.687954537458	0.681473589401	0.679122166171	0.518884055687	0.402946649067	0.694009750559	0.695418873909	0.697220874258	0.64533047736	0.689941351743	0.695212164992	0.773405859263	0.695938299986	0.729760627909	0.704381775959	0.717690442305	0.714429210562	0.767069941449	0.723853669502	0.698959907008	0.705103442591	0.725185727394	0.70335549043	0.761414069025	0.695683327982	0.669221628715	0.677927171103	0.668356223875	0.665802592978	0.675259801126	0.660929258643	0.67445265488	0.67755179466	0.667615291194	0.673815225529	0.651210038381	0.656168478391	0.689922703124	0.669474257701	0.720026148173	0.704552498627	0.704717141938	0.690502445328	0.696897286102	0.676819478172	0.698570066137	0.695713053045	0.713456488134	0.694373580699	0.685309481675	0.674446246101	0.684654919311	0.689443324978	0.6732344714	0.693476225901
AD3	0.681627967627	0.658214634103	0.755381640619	0.699067763911	0.661145921415	0.67376694895	0.0	0.41072802062	0.691476135479	0.375740646132	0.70509368912	0.662219811196	0.709763302331	0.710946932004	0.687025959159	0.653169844712	0.710360784416	0.689238602488	0.764460421668	0.661076029821	0.7106662584	0.679782850588	0.713362554644	0.698756957008	0.720375369004	0.677060333021	0.674681773281	0.690552999139	0.70625461539	0.662237591819	0.753373548862	0.680461024373	0.696930487922	0.668424989223	0.671583581773	0.671220677508	0.681856420367	0.662730324971	0.615864437292	0.660299989872	0.626965235508	0.669369714328	0.653142952109	0.665851195903	0.691604434824	0.676132906605	0.696343611911	0.680873459846	0.664634639446	0.656604125627	0.677306197158	0.66569275382	0.672557817477	0.665526873226	0.680566924656	0.666106647239	0.679199347279	0.676565794495	0.685487451644	0.653909653625	0.703854330129	0.673912176072
AD4	0.691176042981	0.663942997515	0.761502104955	0.69372625944	0.669617368944	0.687954537458	0.41072802062	0.0	0.604250370492	0.326914357205	0.688414117559	0.666373428863	0.698460719481	0.718788937983	0.684149501591	0.666600951208	0.701249983959	0.657646042379	0.779541858945	0.651259443266	0.711432757182	0.675339660398	0.695876528783	0.677563816702	0.722457290639	0.67794156241	0.671174818271	0.66600372152	0.646668909874	0.655489601851	0.705027623296	0.66622496995	0.667556613151	0.651525173016	0.667779252417	0.672568201519	0.668315204886	0.671945963809	0.61973080584	0.65098773658	0.624979960311	0.68705688736	0.676216056811	0.656430949633	0.690551858811	0.679038633037	0.690297602739	0.67400353125	0.672933573814	0.663881114896	0.69529943428	0.686386603434	0.664003293023	0.666323924869	0.666701408215	0.660443162369	0.677610363498	0.684726586031	0.675709074505	0.655904922779	0.681193488866	0.663949228766
AE3	0.655356075619	0.688285408308	0.742772709625	0.69925570747	0.673868355275	0.681473589401	0.691476135479	0.604250370492	0.0	0.641219278943	0.662823592883	0.665302290524	0.683250801814	0.708061076273	0.67943493369	0.673880904209	0.66345815897	0.676849377729	0.771900695402	0.697958449088	0.736214488908	0.73482634622	0.671640375745	0.686489783203	0.758243443119	0.710964591793	0.682505550168	0.714335296612	0.66462848538	0.675160642683	0.735675458031	0.702018229175	0.625671866698	0.708148156509	0.696478101106	0.700510125156	0.673598980932	0.695842781159	0.683981882527	0.707061300936	0.706745676245	0.687862728162	0.672899333428	0.662596446954	0.737973510909	0.724643423096	0.7145200728	0.725795833812	0.713341874319	0.711807463706	0.716808859441	0.733278054487	0.690022581125	0.704852543767	0.683596870879	0.700488917616	0.699228213547	0.740584897421	0.70738934193	0.706316515153	0.681654347557	0.720872804174
AE4	0.708162967622	0.67535991835	0.782548848329	0.710454261024	0.663827482725	0.679122166171	0.375740646132	0.326914357205	0.641219278943	0.0	0.703158080019	0.654697518639	0.715956829053	0.740398815826	0.710117103531	0.682320649931	0.714744109316	0.67862029109	0.784445193441	0.660409604893	0.72424572833	0.681935616105	0.72025785963	0.699263551235	0.737050835717	0.692629926072	0.691974463405	0.685672808901	0.676708329654	0.665361988314	0.727224446056	0.685768435264	0.694096774416	0.659510929013	0.678400462393	0.675516807182	0.697312427252	0.67209747554	0.629477600805	0.647393716887	0.624905890114	0.6958007182	0.683328882055	0.666478932283	0.702321928539	0.688460044999	0.701335491248	0.677732098843	0.6848728596	0.664850005245	0.689574905547	0.68145819399	0.673735863566	0.683273717495	0.687869788164	0.670250296366	0.671272467549	0.687335865868	0.680974351046	0.655866759968	0.696283209341	0.666685660211
AF3	0.640554425255	0.657478260979	0.702835127034	0.67201490804	0.679310827038	0.518884055687	0.70509368912	0.688414117559	0.662823592883	0.703158080019	0.0	0.541378843344	0.671169565054	0.685105817483	0.668188659626	0.655941862127	0.681983196838	0.681817648979	0.757685478285	0.67785237036	0.677882853895	0.702824158124	0.68306970323	0.694550718617	0.750248183736	0.714567991906	0.684770160622	0.697585899478	0.687731908058	0.679868865798	0.703508817783	0.671969212021	0.620696180195	0.684993400961	0.66197040784	0.683500265237	0.655049185578	0.664716974746	0.687076033898	0.681902114862	0.680920281124	0.69066025743	0.671000402099	0.655327856392	0.696214532631	0.681354955802	0.721970174801	0.713705500318	0.681343199646	0.720598427645	0.706763790095	0.716133516948	0.695013688053	0.703818237255	0.68556027331	0.701779257252	0.679666462839	0.715328276474	0.677261292937	0.71222296974	0.655319496022	0.710716278201
AF4	0.657149856944	0.643292287723	0.747339198619	0.687940747846	0.439588442394	0.402946649067	0.662219811196	0.666373428863	0.665302290524	0.654697518639	0.541378843344	0.0	0.681210547648	0.688634610827	0.674225730165	0.642027908671	0.680454999852	0.681323766217	0.760869490426	0.674163112731	0.70630917579	0.682758783272	0.715456936086	0.70083150699	0.736480403044	0.71401777302	0.681617246465	0.669385720528	0.714443842817	0.689460284733	0.744557160215	0.693638144407	0.66430722807	0.664919649524	0.661887155418	0.658939150675	0.689365735666	0.649047715905	0.667865738545	0.672853723729	0.664701523454	0.662283606226	0.632630471559	0.636917408893	0.691830155965	0.677975855299	0.709217522129	0.684974447957	0.688885053496	0.672669647622	0.684220473951	0.676255298298	0.690227591346	0.685679435966	0.687067679622	0.670285872972	0.680013609728	0.661179234793	0.660068232008	0.66300584067	0.682155910061	0.679602542644
AG3	0.647580059658	0.670292915285	0.734459845897	0.416796077032	0.702244834696	0.694009750559	0.709763302331	0.698460719481	0.683250801814	0.715956829053	0.671169565054	0.681210547648	0.0	0.525039468858	0.691850368743	0.65900841767	0.667491949691	0.688509116885	0.779019879933	0.699067133764	0.686544789879	0.71258271909	0.673980049798	0.692949271118	0.731975890374	0.703148365687	0.67630069275	0.697590276837	0.691838325491	0.699461955798	0.732633777745	0.693106390981	0.687497508668	0.705284146293	0.691716747007	0.685517238029	0.688652394506	0.672597424085	0.686477932429	0.70508529441	0.702105156281	0.687159765149	0.669342585126	0.67425016094	0.711823961754	0.719551796438	0.690031149609	0.703834626091	0.660314584693	0.701478449372	0.708883922924	0.715101203115	0.67825839127	0.672494422641	0.682721316347	0.692854281693	0.704739514462	0.721856908005	0.701271918943	0.68212170958	0.682729354038	0.713219486679
AG4	0.632157699939	0.670398934062	0.595030137394	0.451625497483	0.710084605442	0.695418873909	0.710946932004	0.718788937983	0.708061076273	0.740398815826	0.685105817483	0.688634610827	0.525039468858	0.0	0.707117910189	0.645978992557	0.741978360603	0.73532096224	0.753189191112	0.694600753383	0.72983721145	0.727025971612	0.70705468494	0.719038909062	0.735507880885	0.710515534504	0.68959709784	0.727638330137	0.71372570876	0.70700239001	0.770022056101	0.737211187677	0.707110058597	0.7344258389	0.685566730989	0.701908962165	0.69932381838	0.701938344537	0.710185677606	0.712473892673	0.716366860851	0.672474134194	0.666505109416	0.695821148735	0.745187849095	0.749614967409	0.702714123227	0.714227575447	0.666034611113	0.716564626798	0.699317357289	0.716770625497	0.698246356192	0.715135262919	0.723154116604	0.717751825712	0.71382604476	0.722342789918	0.715443917731	0.702514320838	0.687639565498	0.725572530587
AH3	0.672159190763	0.511722403049	0.718813419926	0.692155515487	0.662985826147	0.697220874258	0.687025959159	0.684149501591	0.67943493369	0.710117103531	0.668188659626	0.674225730165	0.691850368743	0.707117910189	0.0	0.56185301336	0.673389110549	0.69759091668	0.779309305185	0.707052346535	0.727703670169	0.717457013931	0.687208527775	0.700269494479	0.735123195431	0.693599904938	0.68895682198	0.704102366943	0.701910591166	0.688454244124	0.758017384409	0.703687770429	0.667425419422	0.724344186	0.690552426222	0.695555690705	0.67964138943	0.676219859053	0.675411307398	0.695409121696	0.68955502608	0.68839423667	0.66760585976	0.661806363706	0.723218293678	0.707899049779	0.712331110904	0.701482398351	0.69955784869	0.702416788882	0.707650278727	0.731104981595	0.704182310229	0.695585736515	0.686006448701	0.700992918013	0.695688821588	0.712731848717	0.694285772841	0.696496576575	0.693159832353	0.692925096792
AH4	0.46097509802	0.374575376648	0.709867801616	0.671244570156	0.661294334842	0.64533047736	0.653169844712	0.666600951208	0.673880904209	0.682320649931	0.655941862127	0.642027908671	0.65900841767	0.645978992557	0.56185301336	0.0	0.68969825661	0.683968896587	0.775751329527	0.671938596536	0.72150653535	0.67519663489	0.671651016354	0.689629151003	0.733790646563	0.674342120558	0.653969238377	0.667755723428	0.690570917496	0.668131956002	0.738986347009	0.667233387633	0.661055702736	0.675161700628	0.667091706401	0.656924017745	0.669669611647	0.646080911069	0.637561423771	0.677332283855	0.64952076964	0.670721840428	0.629069161928	0.639733426391	0.682519856454	0.673731234992	0.670447246018	0.651186901034	0.648983400304	0.652230377141	0.652788262391	0.677888542736	0.659225657809	0.638034256847	0.659392840073	0.652683757378	0.649183791387	0.654515980516	0.651045092252	0.645049956136	0.643831352621	0.662836379076
AA7	0.672117679927	0.693245092987	0.738116135671	0.698786282408	0.666503052731	0.689941351743	0.710360784416	0.701249983959	0.66345815897	0.714744109316	0.681983196838	0.680454999852	0.667491949691	0.741978360603	0.673389110549	0.68969825661	0.0	0.521728612163	0.780150011927	0.686154123837	0.666181124974	0.70156796644	0.671177463116	0.677188751784	0.711632943615	0.702433728988	0.67046419614	0.673671084038	0.680411339547	0.684143665475	0.718843169369	0.563999690202	0.660170671735	0.730253142663	0.717762996326	0.717997452543	0.665221221841	0.687965732163	0.7113552835	0.744271467913	0.731561048392	0.708798883325	0.696144500117	0.686751957091	0.730193262943	0.729194440392	0.732187830826	0.726921706184	0.720226193581	0.734538292347	0.716069092143	0.744536347475	0.694598258079	0.70434657188	0.701498664546	0.695292974652	0.739496826874	0.746420286369	0.732891807614	0.734560612355	0.69711203197	0.718988513912
AA8	0.691558983236	0.69186308326	0.756436184997	0.703058328988	0.677112305891	0.695212164992	0.689238602488	0.657646042379	0.676849377729	0.67862029109	0.681817648979	0.681323766217	0.688509116885	0.73532096224	0.69759091668	0.683968896587	0.521728612163	0.0	0.771913314329	0.651841813629	0.635685730369	0.64444340627	0.672430201561	0.666590528631	0.693595915897	0.687860949031	0.676515088277	0.647784376428	0.640050236685	0.66183777292	0.55993822415	0.410844764622	0.65851447084	0.711521363809	0.710298761076	0.716654589539	0.688906276402	0.694627220879	0.706122264421	0.728839263347	0.707450132317	0.718349518477	0.689661282622	0.68423324889	0.717717821771	0.716165889997	0.724507088626	0.710060539649	0.698308134665	0.711237594603	0.719259896401	0.738563973569	0.67635120109	0.68371769086	0.69811404854	0.696142000496	0.726635835329	0.746128508824	0.731606120346	0.706725910312	0.707444132983	0.697148451911
AB7	0.766824189134	0.777527380437	0.743009342908	0.750089822147	0.761459767055	0.773405859263	0.764460421668	0.779541858945	0.771900695402	0.784445193441	0.757685478285	0.760869490426	0.779019879933	0.753189191112	0.779309305185	0.775751329527	0.780150011927	0.771913314329	0.0	0.561476583561	0.752538185928	0.766777266269	0.783992943094	0.804610703424	0.749268911084	0.772993556851	0.777977596588	0.777834362803	0.761106246097	0.653266943206	0.760145600058	0.768517440381	0.775606062049	0.791223780018	0.781265357865	0.803933793992	0.772167643986	0.763261699937	0.779018533415	0.800908509017	0.797154347406	0.718903020342	0.749178202717	0.769443648612	0.808738862091	0.800823137704	0.821226430925	0.821146657478	0.772678292294	0.803277983006	0.802192471553	0.805532249982	0.797596210788	0.810473096885	0.788225190464	0.795999102602	0.793163866391	0.812080679417	0.801405898728	0.800154155818	0.791588838495	0.806688713243
AB8	0.682260078704	0.68332125428	0.700639729993	0.68957457185	0.674856224407	0.695938299986	0.661076029821	0.651259443266	0.697958449088	0.660409604893	0.67785237036	0.674163112731	0.699067133764	0.694600753383	0.707052346535	0.671938596536	0.686154123837	0.651841813629	0.561476583561	0.0	0.643204183338	0.638834018737	0.69749250334	0.675377438956	0.680156243207	0.662736946596	0.66538024397	0.658931460376	0.500987986491	0.410270533988	0.693319896725	0.646193182072	0.680292321281	0.678706399974	0.697859571803	0.680125500204	0.678143974961	0.651334329376	0.675787410424	0.698281957076	0.671255861747	0.667212065271	0.659240598723	0.646790888814	0.697462716343	0.681215307342	0.727500590381	0.711833304768	0.672165697542	0.703302756713	0.686265707814	0.717802234451	0.666795737548	0.685537270693	0.692689395908	0.668281241916	0.684120632864	0.724328108518	0.705485497566	0.702812204008	0.679560409514	0.692674526346
AC7	0.702946997834	0.713200543985	0.728164366309	0.690662310265	0.707647330922	0.729760627909	0.7106662584	0.711432757182	0.736214488908	0.72424572833	0.677882853895	0.70630917579	0.686544789879	0.72983721145	0.727703670169	0.72150653535	0.666181124974	0.635685730369	0.752538185928	0.643204183338	0.0	0.510692928864	0.684871564983	0.693609840161	0.690735116945	0.682891672793	0.685068459526	0.604004595832	0.645186718953	0.651375558481	0.666518726986	0.653643972239	0.706573472085	0.702014839923	0.729697053819	0.742858490107	0.714173936573	0.700099739966	0.719142238959	0.744323376787	0.721073607935	0.736189441485	0.704747062788	0.694464994133	0.704665462351	0.692444870257	0.748241207179	0.759704555526	0.701644113929	0.740427391771	0.743219851465	0.749117715061	0.705767979426	0.705549349338	0.694516011386	0.698721952042	0.74631429743	0.759649694657	0.752454716696	0.731060928322	0.703862486354	0.734385121731
AC8	0.701331078737	0.676328653428	0.749447322659	0.714367862743	0.695580270991	0.704381775959	0.679782850588	0.675339660398	0.73482634622	0.681935616105	0.702824158124	0.682758783272	0.71258271909	0.727025971612	0.717457013931	0.67519663489	0.70156796644	0.64444340627	0.766777266269	0.638834018737	0.510692928864	0.0	0.684385012999	0.673508716483	0.709343767689	0.666325353209	0.491932433504	0.407206490907	0.644487239949	0.642600331089	0.699337874604	0.633359625644	0.698754060692	0.683000534691	0.719772899504	0.709606945873	0.697176181474	0.688076974338	0.690834317584	0.723609663988	0.688494099087	0.719029762033	0.681169706811	0.689622734303	0.684371085459	0.674338125346	0.725239280373	0.704635198955	0.678490760576	0.706761246909	0.701841791084	0.695310488817	0.689049626163	0.673518295503	0.678827173553	0.662016552991	0.699597315463	0.703216072218	0.702910793945	0.702695862516	0.675316622573	0.686616552127
AD7	0.679620604879	0.696139730133	0.728228716398	0.695505114001	0.715744644964	0.717690442305	0.713362554644	0.695876528783	0.671640375745	0.72025785963	0.68306970323	0.715456936086	0.673980049798	0.70705468494	0.687208527775	0.671651016354	0.671177463116	0.672430201561	0.783992943094	0.69749250334	0.684871564983	0.684385012999	0.0	0.465168361858	0.706348541882	0.517765776851	0.662205635045	0.684286043422	0.66634785345	0.681533516769	0.700711044771	0.68321238892	0.65251923908	0.703354831151	0.726063035566	0.711037793226	0.682824321765	0.691073824906	0.697477190845	0.723818314765	0.707537984573	0.674880647053	0.673751514202	0.686429993472	0.703357072767	0.698759420734	0.711828982924	0.704641196841	0.673471189139	0.720211283614	0.70896057562	0.727999394387	0.685751000587	0.682696804573	0.670879150389	0.695897671092	0.702569299647	0.715448406595	0.706901772065	0.71179121201	0.659557576747	0.702483963935
AD8	0.69778817207	0.701255639908	0.757025365923	0.71297954869	0.709894811261	0.714429210562	0.698756957008	0.677563816702	0.686489783203	0.699263551235	0.694550718617	0.70083150699	0.692949271118	0.719038909062	0.700269494479	0.689629151003	0.677188751784	0.666590528631	0.804610703424	0.675377438956	0.693609840161	0.673508716483	0.465168361858	0.0	0.592131188569	0.407642122018	0.628261812315	0.66185020434	0.668520772295	0.666396169431	0.711910342307	0.673594951137	0.680187179684	0.699905363508	0.730524735335	0.700445865475	0.696777534614	0.692958709354	0.706945911213	0.73288381973	0.710600840854	0.69849975833	0.682471761748	0.677237328989	0.690441487492	0.692174086137	0.699723519981	0.708788941653	0.687256406315	0.723003205568	0.703098876079	0.720805648293	0.683353147557	0.671041776853	0.675677107968	0.675212198841	0.710176334018	0.719761893223	0.7113162733	0.707042466284	0.683356749169	0.692698046208
AE7	0.730013202393	0.733158266917	0.736418185185	0.729139884055	0.713143748062	0.767069941449	0.720375369004	0.722457290639	0.758243443119	0.737050835717	0.750248183736	0.736480403044	0.731975890374	0.735507880885	0.735123195431	0.733790646563	0.711632943615	0.693595915897	0.749268911084	0.680156243207	0.690735116945	0.709343767689	0.706348541882	0.592131188569	0.0	0.498252754754	0.700002488904	0.711973364484	0.696010909706	0.695634354959	0.73276509704	0.695195291495	0.723571974349	0.758255051304	0.743197325608	0.758555562086	0.734946637758	0.738444184122	0.747517611034	0.77311751849	0.76436339954	0.736830628632	0.730130762487	0.724348517312	0.754062951218	0.750890483585	0.767983525049	0.772107985218	0.719425858564	0.765056964577	0.751043309612	0.790863705649	0.743344317458	0.743700844171	0.735598135243	0.74986896716	0.772079573458	0.798049875854	0.77648055307	0.760594217459	0.748837991149	0.774748981792
AE8	0.700250034499	0.689011377262	0.731179908006	0.702474072304	0.706534876963	0.723853669502	0.677060333021	0.67794156241	0.710964591793	0.692629926072	0.714567991906	0.71401777302	0.703148365687	0.710515534504	0.693599904938	0.674342120558	0.702433728988	0.687860949031	0.772993556851	0.662736946596	0.682891672793	0.666325353209	0.517765776851	0.407642122018	0.498252754754	0.0	0.651370806099	0.670833930174	0.663612451656	0.670962050692	0.709003060536	0.671210622316	0.691487682756	0.702632361343	0.73045382548	0.721265411239	0.719510697878	0.691918792464	0.705217212493	0.729586823915	0.713083908331	0.689708278284	0.682309929717	0.685093804734	0.71075473542	0.693573469582	0.719968433599	0.720899952794	0.679706774504	0.721086678747	0.711599418416	0.733190374941	0.693181411493	0.693238653109	0.682627120967	0.677460095782	0.716673253831	0.73965055946	0.716260428534	0.713754020507	0.688806516583	0.710359499385
AF7	0.663402719992	0.669498702543	0.726576788973	0.680840137495	0.70419418494	0.698959907008	0.674681773281	0.671174818271	0.682505550168	0.691974463405	0.684770160622	0.681617246465	0.67630069275	0.68959709784	0.68895682198	0.653969238377	0.67046419614	0.676515088277	0.777977596588	0.66538024397	0.685068459526	0.491932433504	0.662205635045	0.628261812315	0.700002488904	0.651370806099	0.0	0.423614466556	0.660187286828	0.660057012523	0.718895171548	0.667300550951	0.666781652937	0.709238050999	0.692861141639	0.677497861188	0.677370610773	0.675117469087	0.661183749487	0.707956701131	0.691456061516	0.687878229758	0.67423795665	0.65052599212	0.706082364394	0.705269872807	0.701462698545	0.677896348018	0.677974265794	0.704782366254	0.681388048918	0.694666651293	0.675842880479	0.677353658499	0.665932979304	0.652448549975	0.674972947792	0.71602633771	0.66999249384	0.70081126426	0.659800744067	0.684321561313
AF8	0.687003868641	0.667410655554	0.755736927981	0.701995272627	0.700896696452	0.705103442591	0.690552999139	0.66600372152	0.714335296612	0.685672808901	0.697585899478	0.669385720528	0.697590276837	0.727638330137	0.704102366943	0.667755723428	0.673671084038	0.647784376428	0.777834362803	0.658931460376	0.604004595832	0.407206490907	0.684286043422	0.66185020434	0.711973364484	0.670833930174	0.423614466556	0.0	0.66610066944	0.670686071739	0.711082539882	0.645128599159	0.683320750625	0.678609367963	0.700250922409	0.694176619554	0.698686047837	0.680281465193	0.681182347692	0.722849621267	0.702815411745	0.707856070114	0.679295902744	0.676308560248	0.696619203987	0.697512184613	0.714099344717	0.700094446733	0.686284365209	0.701856493274	0.693873200579	0.694295545886	0.67417431838	0.682212375571	0.685234997959	0.654776840947	0.687020783641	0.707293495124	0.697468258279	0.696954077498	0.673217737902	0.677724926698
AG7	0.696338236549	0.703552337381	0.710997802497	0.700715576711	0.7059297146	0.725185727394	0.70625461539	0.646668909874	0.66462848538	0.676708329654	0.687731908058	0.714443842817	0.691838325491	0.71372570876	0.701910591166	0.690570917496	0.680411339547	0.640050236685	0.761106246097	0.500987986491	0.645186718953	0.644487239949	0.66634785345	0.668520772295	0.696010909706	0.663612451656	0.660187286828	0.66610066944	0.0	0.470646554271	0.680632987881	0.661454525426	0.65775931831	0.695005912625	0.694786474348	0.696019908014	0.66392083547	0.679275748684	0.691410036836	0.716588553343	0.694531574827	0.701797866132	0.68263796654	0.654257734379	0.71041162675	0.691567890598	0.729085923325	0.716235978186	0.691443926274	0.71469119597	0.691966849083	0.738780571798	0.662617387359	0.69096288548	0.694750939947	0.695436127006	0.688674096192	0.739617016844	0.698043549315	0.703275860937	0.660847632612	0.702487896083
AG8	0.679381094615	0.690025230912	0.71389830221	0.700886584791	0.697415991612	0.70335549043	0.662237591819	0.655489601851	0.675160642683	0.665361988314	0.679868865798	0.689460284733	0.699461955798	0.70700239001	0.688454244124	0.668131956002	0.684143665475	0.66183777292	0.653266943206	0.410270533988	0.651375558481	0.642600331089	0.681533516769	0.666396169431	0.695634354959	0.670962050692	0.660057012523	0.670686071739	0.470646554271	0.0	0.70592771062	0.663464248427	0.67892627948	0.693116700933	0.690874092612	0.667675761918	0.670773054047	0.665322118237	0.674914892393	0.707595547305	0.682362521701	0.677488364261	0.649460417034	0.645733046307	0.70170848629	0.686737206464	0.720720933678	0.716041769499	0.669100687332	0.704279304711	0.680971283438	0.719322349529	0.676090108846	0.678350218425	0.686410131968	0.683946376765	0.689461992117	0.717754317985	0.695951525162	0.690205037507	0.677884788985	0.698845950577
AH7	0.745508431708	0.747177342758	0.771371637787	0.731510537871	0.735117900882	0.761414069025	0.753373548862	0.705027623296	0.735675458031	0.727224446056	0.703508817783	0.744557160215	0.732633777745	0.770022056101	0.758017384409	0.738986347009	0.718843169369	0.55993822415	0.760145600058	0.693319896725	0.666518726986	0.699337874604	0.700711044771	0.711910342307	0.73276509704	0.709003060536	0.718895171548	0.711082539882	0.680632987881	0.70592771062	0.0	0.522866254405	0.713580958403	0.765735233415	0.772866362666	0.768727035423	0.751307421105	0.738443346812	0.758021521815	0.763640125631	0.755328123928	0.755052872475	0.741642565928	0.73297207965	0.768505906962	0.762958212398	0.772283276258	0.755398735041	0.739877199606	0.772625708631	0.774346324496	0.788796249357	0.740089294033	0.737531143699	0.732398128393	0.736428560207	0.77712022189	0.800007565626	0.775351706372	0.770900760738	0.744843942911	0.760322259558
AH8	0.695344287137	0.67828612967	0.763562402289	0.708508754748	0.684667800223	0.695683327982	0.680461024373	0.66622496995	0.702018229175	0.685768435264	0.671969212021	0.693638144407	0.693106390981	0.737211187677	0.703687770429	0.667233387633	0.563999690202	0.410844764622	0.768517440381	0.646193182072	0.653643972239	0.633359625644	0.68321238892	0.673594951137	0.695195291495	0.671210622316	0.667300550951	0.645128599159	0.661454525426	0.663464248427	0.522866254405	0.0	0.68013085767	0.722333160176	0.721521930809	0.716670369586	0.69713189603	0.68746157168	0.69724011605	0.716687957127	0.695267743849	0.716212225302	0.696647166433	0.688389737714	0.719675553793	0.705370878248	0.723107250022	0.70029814627	0.704900937046	0.715304715862	0.714585587756	0.731689481196	0.68753751332	0.681085724962	0.694800669461	0.691432394363	0.727486311242	0.747076160978	0.726105238543	0.715944258432	0.695546831907	0.693621933519
AA5	0.649792027369	0.667043086728	0.709688996698	0.699337492467	0.666854396391	0.669221628715	0.696930487922	0.667556613151	0.625671866698	0.694096774416	0.620696180195	0.66430722807	0.687497508668	0.707110058597	0.667425419422	0.661055702736	0.660170671735	0.65851447084	0.775606062049	0.680292321281	0.706573472085	0.698754060692	0.65251923908	0.680187179684	0.723571974349	0.691487682756	0.666781652937	0.683320750625	0.65775931831	0.67892627948	0.713580958403	0.68013085767	0.0	0.592706433377	0.675975971536	0.688116906054	0.624281150897	0.654040079329	0.679779457362	0.689747415384	0.689581496303	0.64917440621	0.63641409627	0.641008826218	0.712406222651	0.656876799378	0.689244715953	0.69407887661	0.674240558206	0.683304469635	0.684632497261	0.714184292268	0.64184520307	0.687928620782	0.664658075762	0.689637892599	0.649689816279	0.707287851888	0.672158033342	0.677613261417	0.638887494671	0.68663985793
AA6	0.683002223769	0.666911461164	0.790668984235	0.714733604069	0.683442335975	0.677927171103	0.668424989223	0.651525173016	0.708148156509	0.659510929013	0.684993400961	0.664919649524	0.705284146293	0.7344258389	0.724344186	0.675161700628	0.730253142663	0.711521363809	0.791223780018	0.678706399974	0.702014839923	0.683000534691	0.703354831151	0.699905363508	0.758255051304	0.702632361343	0.709238050999	0.678609367963	0.695005912625	0.693116700933	0.765735233415	0.722333160176	0.592706433377	0.0	0.689458822247	0.689034733486	0.664104849669	0.646239319335	0.670393899265	0.687702955421	0.662796899002	0.668334904572	0.660985363071	0.655029042854	0.463477087319	0.421976911009	0.699234452196	0.705179494381	0.662436982622	0.666109226983	0.682573768103	0.68010530792	0.661134529587	0.677813173451	0.694826699042	0.675808885889	0.660329853775	0.693902710086	0.678356179034	0.656252628156	0.657280820147	0.669342236725
AB5	0.671774403112	0.65889911559	0.717111413524	0.702880116138	0.683234916491	0.668356223875	0.671583581773	0.667779252417	0.696478101106	0.678400462393	0.66197040784	0.661887155418	0.691716747007	0.685566730989	0.690552426222	0.667091706401	0.717762996326	0.710298761076	0.781265357865	0.697859571803	0.729697053819	0.719772899504	0.726063035566	0.730524735335	0.743197325608	0.73045382548	0.692861141639	0.700250922409	0.694786474348	0.690874092612	0.772866362666	0.721521930809	0.675975971536	0.689458822247	0.0	0.445099894262	0.664521410293	0.666341991728	0.658281784297	0.656832110042	0.650842805836	0.687544520091	0.680944684602	0.64917849519	0.707905978947	0.687044486323	0.683840485762	0.714159814294	0.674354341757	0.705965884847	0.682122161018	0.705345387029	0.649962030416	0.684186781185	0.706053348855	0.681728448958	0.695782785017	0.700178427513	0.703209906615	0.687497215427	0.657390331839	0.678350987917
AB6	0.681886442456	0.660394773367	0.759713209632	0.706550865921	0.69198246802	0.665802592978	0.671220677508	0.672568201519	0.700510125156	0.675516807182	0.683500265237	0.658939150675	0.685517238029	0.701908962165	0.695555690705	0.656924017745	0.717997452543	0.716654589539	0.803933793992	0.680125500204	0.742858490107	0.709606945873	0.711037793226	0.700445865475	0.758555562086	0.721265411239	0.677497861188	0.694176619554	0.696019908014	0.667675761918	0.768727035423	0.716670369586	0.688116906054	0.689034733486	0.445099894262	0.0	0.669539931987	0.670683024325	0.638300775239	0.656249012673	0.636681506714	0.681041987069	0.656608811864	0.523853845849	0.681934897251	0.667308373658	0.680986219304	0.693100222178	0.674080125248	0.684488491142	0.68547810625	0.684949022542	0.672606214936	0.675233239418	0.6860912192	0.679451053814	0.678417078216	0.673702100878	0.67361329175	0.666827451807	0.66290962419	0.678672984274
AC5	0.647542787481	0.665121090711	0.727722281812	0.688908919758	0.693988383899	0.675259801126	0.681856420367	0.668315204886	0.673598980932	0.697312427252	0.655049185578	0.689365735666	0.688652394506	0.69932381838	0.67964138943	0.669669611647	0.665221221841	0.688906276402	0.772167643986	0.678143974961	0.714173936573	0.697176181474	0.682824321765	0.696777534614	0.734946637758	0.719510697878	0.677370610773	0.698686047837	0.66392083547	0.670773054047	0.751307421105	0.69713189603	0.624281150897	0.664104849669	0.664521410293	0.669539931987	0.0	0.506680160871	0.63817972575	0.674948418316	0.658398715271	0.686442544547	0.604840469149	0.625508833221	0.669141938779	0.663344815138	0.653975080011	0.695481835092	0.636743352399	0.695982137273	0.67090421262	0.673016002341	0.647743465143	0.660547555248	0.641150374896	0.665274757259	0.651028663823	0.677883854851	0.646585574078	0.67985400589	0.641580580966	0.678537108735
AC6	0.668364382712	0.64380059034	0.746619842253	0.677380809824	0.669447023736	0.660929258643	0.662730324971	0.671945963809	0.695842781159	0.67209747554	0.664716974746	0.649047715905	0.672597424085	0.701938344537	0.676219859053	0.646080911069	0.687965732163	0.694627220879	0.763261699937	0.651334329376	0.700099739966	0.688076974338	0.691073824906	0.692958709354	0.738444184122	0.691918792464	0.675117469087	0.680281465193	0.679275748684	0.665322118237	0.738443346812	0.68746157168	0.654040079329	0.646239319335	0.666341991728	0.670683024325	0.506680160871	0.0	0.631592341078	0.667230488622	0.643861373892	0.554981797412	0.471683657282	0.61154639385	0.670982582218	0.63887594026	0.670596210725	0.690591765882	0.641029409578	0.669891469069	0.664440378809	0.676422017956	0.669536800271	0.663898584048	0.667561233344	0.657222463266	0.644381300772	0.678220416828	0.657218139504	0.653311826901	0.661749061215	0.676852256134
AD6	0.671696465637	0.647550608089	0.765576027817	0.702297673709	0.685585312806	0.67445265488	0.615864437292	0.61973080584	0.683981882527	0.629477600805	0.687076033898	0.667865738545	0.686477932429	0.710185677606	0.675411307398	0.637561423771	0.7113552835	0.706122264421	0.779018533415	0.675787410424	0.719142238959	0.690834317584	0.697477190845	0.706945911213	0.747517611034	0.705217212493	0.661183749487	0.681182347692	0.691410036836	0.674914892393	0.758021521815	0.69724011605	0.679779457362	0.670393899265	0.658281784297	0.638300775239	0.63817972575	0.631592341078	0.0	0.533073781818	0.401977437192	0.647090485026	0.625272507472	0.64015202283	0.670693948353	0.667010867265	0.665799064046	0.669319619921	0.636405380863	0.644979935479	0.658620896237	0.654088828872	0.654286791365	0.651876695492	0.654746273639	0.646728026272	0.638654569726	0.662400139033	0.653684599585	0.629396973916	0.647486579497	0.659539975436
AE5	0.69536716054	0.666658372367	0.770878659184	0.707116197445	0.661274618415	0.67755179466	0.660299989872	0.65098773658	0.707061300936	0.647393716887	0.681902114862	0.672853723729	0.70508529441	0.712473892673	0.695409121696	0.677332283855	0.744271467913	0.728839263347	0.800908509017	0.698281957076	0.744323376787	0.723609663988	0.723818314765	0.73288381973	0.77311751849	0.729586823915	0.707956701131	0.722849621267	0.716588553343	0.707595547305	0.763640125631	0.716687957127	0.689747415384	0.687702955421	0.656832110042	0.656249012673	0.674948418316	0.667230488622	0.533073781818	0.0	0.415849489116	0.686403536576	0.66286412651	0.666862254503	0.696869392963	0.678701569947	0.685263178352	0.689780138212	0.656189855855	0.659189896972	0.673638744696	0.688279135442	0.651973037074	0.657279179397	0.668673460299	0.648422405002	0.66620170595	0.696777746662	0.677403429302	0.648328982561	0.641668670484	0.676241545187
AE6	0.683314936101	0.648260390247	0.783853305139	0.7144121845	0.66376587743	0.667615291194	0.626965235508	0.624979960311	0.706745676245	0.624905890114	0.680920281124	0.664701523454	0.702105156281	0.716366860851	0.68955502608	0.64952076964	0.731561048392	0.707450132317	0.797154347406	0.671255861747	0.721073607935	0.688494099087	0.707537984573	0.710600840854	0.76436339954	0.713083908331	0.691456061516	0.702815411745	0.694531574827	0.682362521701	0.755328123928	0.695267743849	0.689581496303	0.662796899002	0.650842805836	0.636681506714	0.658398715271	0.643861373892	0.401977437192	0.415849489116	0.0	0.664409690851	0.643399773622	0.656670105977	0.680943666375	0.664224316019	0.677610185536	0.673311837622	0.64356997794	0.654644052899	0.669703338736	0.668816142665	0.652701793266	0.635423146432	0.651738863844	0.632322526852	0.654448729895	0.67713561512	0.678275590573	0.641935666186	0.635492740951	0.652783450518
AF5	0.684280408472	0.667573814653	0.722466842271	0.673280540057	0.656312889521	0.673815225529	0.669369714328	0.68705688736	0.687862728162	0.6958007182	0.69066025743	0.662283606226	0.687159765149	0.672474134194	0.68839423667	0.670721840428	0.708798883325	0.718349518477	0.718903020342	0.667212065271	0.736189441485	0.719029762033	0.674880647053	0.69849975833	0.736830628632	0.689708278284	0.687878229758	0.707856070114	0.701797866132	0.677488364261	0.755052872475	0.716212225302	0.64917440621	0.668334904572	0.687544520091	0.681041987069	0.686442544547	0.554981797412	0.647090485026	0.686403536576	0.664409690851	0.0	0.469098728425	0.643993029629	0.70033502845	0.678502378736	0.708295855681	0.705417134961	0.650911465863	0.700489933239	0.698996159878	0.717406703545	0.685746242554	0.707581699318	0.689006013095	0.67913427892	0.672500786972	0.709350458881	0.675150637014	0.664340098611	0.664299944041	0.703887075132
AF6	0.659664610904	0.644088692877	0.737901133761	0.665998031671	0.649889459867	0.651210038381	0.653142952109	0.676216056811	0.672899333428	0.683328882055	0.671000402099	0.632630471559	0.669342585126	0.666505109416	0.66760585976	0.629069161928	0.696144500117	0.689661282622	0.749178202717	0.659240598723	0.704747062788	0.681169706811	0.673751514202	0.682471761748	0.730130762487	0.682309929717	0.67423795665	0.679295902744	0.68263796654	0.649460417034	0.741642565928	0.696647166433	0.63641409627	0.660985363071	0.680944684602	0.656608811864	0.604840469149	0.471683657282	0.625272507472	0.66286412651	0.643399773622	0.469098728425	0.0	0.607558851448	0.68397567664	0.666682018694	0.675165473632	0.67350512178	0.617566075688	0.649328159229	0.667025328876	0.684576488808	0.672372750654	0.669824656342	0.662814179007	0.664318900508	0.636032747795	0.675538531043	0.648159771269	0.622355787617	0.646369745072	0.676723438996
