	AA3	AA4	AB3	AB4	AC3	AC4	AD3	AD4	AE3	AE4	AF3	AF4	AG3	AG4	AH3	AH4	AA7	AA8	AB7	AB8	AC7	AC8	AD7	AD8	AE7	AE8	AF7	AF8	AG7	AG8	AH7	AH8	AA5	AA6	AB5	AB6	AC5	AC6	AD6	AE5	AE6	AF5	AF6	AG5	AH5	AH6	AA1	AA2	AB1	AB2	AC1	AC2	AD1	AD2	AE1	AE2	AF1	AF2	AG1	AG2	AH1	AH2
AA3	0.0	0.500723850345	0.709149497936	0.629375191176	0.672735977535	0.67327565854	0.696301316296	0.692393617851	0.664832728889	0.693078139944	0.645837259028	0.682279417195	0.646707418406	0.645457716838	0.67317205569	0.489998228199	0.685328096649	0.681359772522	0.750339753667	0.690706474123	0.684656790857	0.686421171907	0.671632952349	0.680808773044	0.731352814326	0.690201146072	0.675180553525	0.691697087191	0.695252174891	0.686191387318	0.742047269959	0.699054356807	0.671527921817	0.682460856875	0.671672894177	0.69443593704	0.648253405565	0.641709039333	0.678466679588	0.683859344918	0.680214285403	0.669339686661	0.644441611472	0.645992625262	0.692267473188	0.70262910192	0.664054730721	0.679456815087	0.638564429203	0.679899724	0.672721718995	0.674711528221	0.633443340525	0.65978823649	0.671582347208	0.675718407457	0.664110217896	0.687586653862	0.663508721478	0.689104280059	0.660995596072	0.683463924485
AA4	0.500723850345	0.0	0.731954753243	0.62894513259	0.655459062616	0.657780031301	0.668388493984	0.666122824628	0.678506189436	0.661681983979	0.666232341611	0.647004567931	0.661246435529	0.641671586436	0.496308381543	0.377321204208	0.699630566938	0.687589022077	0.764110072683	0.692294233445	0.716359977151	0.670780414551	0.69207456649	0.692429742332	0.727050567454	0.684474707359	0.667846244352	0.663078438795	0.69367784098	0.684454517416	0.747584867824	0.696516013033	0.68207544437	0.673219029977	0.661769935807	0.647690008247	0.662533080223	0.653673194764	0.662069626922	0.671165517239	0.643494491374	0.663340752671	0.631632831931	0.643734166053	0.682172610202	0.685187633144	0.65723971884	0.654390095475	0.657857187634	0.660583908113	0.679855934511	0.662061015357	0.650636630675	0.653330426939	0.678430659256	0.672828182137	0.65002929943	0.676560603477	0.657880618012	0.650969093362	0.670658284755	0.652788335123
AB3	0.709149497936	0.731954753243	0.0	0.684918342213	0.745404847376	0.779498255199	0.771391862838	0.778479466004	0.745404677518	0.776278546695	0.7283721838	0.780568964963	0.740760289254	0.604616386993	0.717513663195	0.739124405616	0.753615144631	0.769551173435	0.736255981363	0.722870145914	0.737220967288	0.768208560239	0.739236697747	0.746451382681	0.744868493618	0.741419051619	0.750956202536	0.76385671015	0.713083292953	0.736675208228	0.78041919002	0.772059513555	0.760553257504	0.79848513388	0.722167782609	0.761448412494	0.758011276483	0.76316567092	0.795038302036	0.7738333814	0.795147786227	0.732167112399	0.750527118893	0.76128036679	0.816045347263	0.809925861635	0.789793961891	0.797316064305	0.754603551434	0.79781562164	0.780877675012	0.786729854452	0.750052674281	0.798865350684	0.788818721536	0.801995968596	0.790248968394	0.800241887255	0.790579205029	0.801926458669	0.74432859158	0.794498627619
AB4	0.629375191176	0.62894513259	0.684918342213	0.0	0.679286565464	0.68313212808	0.694301187558	0.677392883041	0.676186551928	0.675919718432	0.666028215983	0.683676361503	0.432090759887	0.465366516478	0.674936196773	0.641680873261	0.685544381225	0.684374123616	0.744887082034	0.681730919857	0.696065702386	0.686256598802	0.685716793627	0.689578820899	0.730790694835	0.698311324563	0.668627958465	0.682942634546	0.665458536785	0.683827155181	0.738392519154	0.698567038068	0.702263849026	0.701503390667	0.672687877072	0.680939588606	0.670157117729	0.652442134941	0.681552722814	0.680770737215	0.686971229157	0.647013860937	0.648111397078	0.664367316431	0.697726731437	0.726682208054	0.695203873983	0.686499389716	0.630382133827	0.672792369148	0.692865522292	0.694982750394	0.664471928364	0.675774905141	0.685819663857	0.669287082774	0.683755037871	0.705833045064	0.692337556054	0.664301640378	0.68817587853	0.697110676695
AC3	0.672735977535	0.655459062616	0.745404847376	0.679286565464	0.0	0.529983159349	0.681143449865	0.676786757071	0.674806394204	0.652180850029	0.664880839673	0.461134339381	0.690038856151	0.690440298252	0.66271968647	0.653781948122	0.675585915627	0.683691259014	0.749334057166	0.674909513596	0.686234699164	0.690054522153	0.711552685826	0.70591231046	0.704337049669	0.692846199282	0.709212993888	0.704066198939	0.685591381536	0.680249539804	0.73483120158	0.693195346716	0.678176463899	0.689014823894	0.688364527559	0.67148944329	0.681225496796	0.673493705294	0.673641444824	0.659004176352	0.662275676491	0.635472681177	0.647162373629	0.66269036052	0.7071911498	0.715523044894	0.71092693427	0.688933999777	0.679409071267	0.667251873312	0.679806035852	0.702695091117	0.68451873602	0.68768566995	0.675499847941	0.677800960919	0.693614159473	0.70445985754	0.688310179171	0.657520945692	0.689503271074	0.695576556893
AC4	0.67327565854	0.657780031301	0.779498255199	0.68313212808	0.529983159349	0.0	0.670758109096	0.664490171132	0.659324088181	0.653170754089	0.499880746617	0.403011777301	0.683401725647	0.696321116768	0.693832093854	0.656325713204	0.694400709581	0.687920792559	0.761506758631	0.675350500345	0.7269795305	0.687261001434	0.710360476651	0.702177481763	0.757440221619	0.71097168952	0.688787808026	0.69846119129	0.702593568533	0.687892185608	0.760653740162	0.693422645303	0.670825504745	0.649380960583	0.664754176082	0.67047193028	0.653520473711	0.651889926621	0.650771224833	0.65405280067	0.667157809752	0.65325331144	0.655702776873	0.638392223451	0.670371936752	0.673598372859	0.713561134476	0.681557369528	0.699081521233	0.686480619182	0.683566689498	0.678246650575	0.691049474854	0.699560815756	0.711135847837	0.696081032599	0.671522832724	0.668226793917	0.674348883758	0.672514092706	0.674174635344	0.67687094317
AD3	0.696301316296	0.668388493984	0.771391862838	0.694301187558	0.681143449865	0.670758109096	0.0	0.404474950579	0.689518206142	0.403216786653	0.710926710691	0.658224202986	0.712109946644	0.700688632517	0.700672098092	0.67782006981	0.7240377222	0.698829688175	0.766469963831	0.684221936668	0.723365637283	0.683331887365	0.720238528695	0.696893143193	0.730292410566	0.690934664346	0.70368860416	0.677250166347	0.71364448925	0.688932800878	0.729142019603	0.693772921787	0.726117348795	0.664857229396	0.687651969882	0.675536279816	0.691000605043	0.680433884644	0.625858907017	0.640936762968	0.62307688745	0.690895602586	0.674135329502	0.68125031858	0.69871050179	0.698966438986	0.697342245366	0.670622856601	0.679354452296	0.66429956733	0.688763299713	0.691997585557	0.684392495569	0.688857011752	0.69895009249	0.688815808477	0.681310074931	0.686935185959	0.688385606083	0.662878803477	0.717587470688	0.677865712709
AD4	0.692393617851	0.666122824628	0.778479466004	0.677392883041	0.676786757071	0.664490171132	0.404474950579	0.0	0.595364100586	0.421206650524	0.678843455574	0.650115285981	0.701286465242	0.695681390164	0.679993127772	0.667929640474	0.704205935531	0.691106836327	0.77124000979	0.673765849484	0.708606668368	0.666405731249	0.699713003537	0.688285885288	0.746117020052	0.691053286747	0.673758857107	0.6616529017	0.684111034697	0.654075638804	0.711717181616	0.680322399021	0.703067009023	0.658700115333	0.679799571144	0.665779204963	0.661512986553	0.663976448756	0.623974672719	0.647066737024	0.635012250545	0.679623438685	0.66361854145	0.679210521972	0.695985359398	0.695394805611	0.687972207506	0.655346587539	0.681610425668	0.675138786197	0.705017360416	0.690994644352	0.686079455086	0.672396446605	0.675199694682	0.678306758676	0.683174968018	0.692252703857	0.695623973656	0.675782904209	0.688503400802	0.652951608191
AE3	0.664832728889	0.678506189436	0.745404677518	0.676186551928	0.674806394204	0.659324088181	0.689518206142	0.595364100586	0.0	0.650999364924	0.669059176462	0.68264123562	0.679996370562	0.700275292109	0.676783478965	0.684157343962	0.671026473057	0.679637858105	0.754300498681	0.700297217627	0.730868445319	0.718076783154	0.675459036824	0.677581478354	0.756902641101	0.701108845255	0.668330374356	0.710528844522	0.659930800705	0.688580069134	0.730039239443	0.692703688766	0.626111222171	0.698447177775	0.693401393696	0.707836791949	0.663958390798	0.695626692628	0.673400322336	0.684741101913	0.693843955515	0.659983223826	0.677794209239	0.666292154446	0.728814459368	0.730287803131	0.716899515838	0.727083083859	0.707195620464	0.722782596082	0.700476484859	0.722874349334	0.694747418858	0.704930608532	0.684146038908	0.707561008782	0.701469568069	0.739172651083	0.709720542813	0.717675428737	0.681185213041	0.720966093024
AE4	0.693078139944	0.661681983979	0.776278546695	0.675919718432	0.652180850029	0.653170754089	0.403216786653	0.421206650524	0.650999364924	0.0	0.681120219799	0.645234721049	0.69200234255	0.691775416242	0.676642012268	0.661724055881	0.719550403503	0.686324156379	0.768434938157	0.653453756064	0.715269364088	0.668495422846	0.69937800666	0.680380998857	0.73231240568	0.679052364071	0.69726911837	0.677870238633	0.67836766639	0.655300395633	0.745083795215	0.692481457527	0.681555739893	0.644005455862	0.673623725481	0.645941248987	0.668426857079	0.65649961374	0.608515304839	0.613779326662	0.599847778452	0.670894259458	0.632338058374	0.640073701472	0.672739684896	0.68124958343	0.66894064021	0.642141825723	0.66351115109	0.645838786777	0.672226552428	0.674053289519	0.669620025189	0.673199682252	0.669732470973	0.675031661582	0.663146264035	0.669493764373	0.664599605377	0.645394901964	0.700071055697	0.646628105393
AF3	0.645837259028	0.666232341611	0.7283721838	0.666028215983	0.664880839673	0.499880746617	0.710926710691	0.678843455574	0.669059176462	0.681120219799	0.0	0.55548058743	0.655539062857	0.665782037837	0.670829664823	0.671832808015	0.674312321678	0.679929686246	0.747210782384	0.679554236648	0.674219784525	0.694712400668	0.669988233263	0.684794574713	0.760654802083	0.699827550393	0.69363351465	0.7087519491	0.674072378967	0.671423097199	0.721308619618	0.689515802491	0.638535800328	0.680055256902	0.665157807136	0.673256518663	0.653774292342	0.654507426234	0.680921477866	0.67568023975	0.684908658066	0.674504193768	0.649006965106	0.660424863196	0.687590343223	0.698839018795	0.705194035596	0.688838744539	0.690410770515	0.708481980548	0.70347986853	0.706637862219	0.693346898938	0.703497565981	0.700910397604	0.711504419265	0.682807286388	0.698149939445	0.682409068519	0.699698258302	0.656282247268	0.693426471697
AF4	0.682279417195	0.647004567931	0.780568964963	0.683676361503	0.461134339381	0.403011777301	0.658224202986	0.650115285981	0.68264123562	0.645234721049	0.55548058743	0.0	0.691054280529	0.704046599316	0.681061041697	0.651741336194	0.699988304954	0.68128153019	0.759295845729	0.674499575455	0.701262446725	0.662630018772	0.719321213238	0.706933867502	0.735882866421	0.705413844811	0.698735220475	0.672432429382	0.704318331911	0.673555846115	0.738865394782	0.669462265508	0.685425867854	0.648466506618	0.68653397578	0.677226044187	0.686804737542	0.662701615583	0.677096440783	0.660050493107	0.664644585631	0.649867072929	0.643367092352	0.66301742461	0.679850621858	0.689380429112	0.71778746344	0.677126545487	0.688434534726	0.672141827883	0.680998811557	0.684375325692	0.694448334117	0.686648000553	0.686137555852	0.673191964226	0.683936660532	0.681306876628	0.691750898784	0.660788714904	0.684392532381	0.677263314854
AG3	0.646707418406	0.661246435529	0.740760289254	0.432090759887	0.690038856151	0.683401725647	0.712109946644	0.701286465242	0.679996370562	0.69200234255	0.655539062857	0.691054280529	0.0	0.515765203984	0.67352638465	0.667542582027	0.674571149812	0.680220545232	0.757782078296	0.695206364875	0.679376889849	0.685048178696	0.675951115797	0.681138698755	0.72535864983	0.68829502604	0.682156285015	0.696513408464	0.680258336351	0.69019911056	0.729738402904	0.699233133051	0.683279187544	0.697753646131	0.686652107601	0.677204394561	0.679791667105	0.667326513384	0.692030368213	0.694919270311	0.697724202418	0.655764504913	0.664046608424	0.685212307023	0.702133972993	0.723269406956	0.696959544838	0.696521154028	0.651989373247	0.701043187909	0.706921011258	0.699997102296	0.670986460807	0.689371495752	0.690680963632	0.693840590837	0.696373665071	0.720783238722	0.69603694669	0.685951535649	0.684954199252	0.709807522333
AG4	0.645457716838	0.641671586436	0.604616386993	0.465366516478	0.690440298252	0.696321116768	0.700688632517	0.695681390164	0.700275292109	0.691775416242	0.665782037837	0.704046599316	0.515765203984	0.0	0.677259417736	0.656737169054	0.706158969474	0.711054016103	0.743455893036	0.688716281796	0.702809414637	0.685251790907	0.695967679813	0.703429600973	0.708454215741	0.696591539425	0.680663079503	0.688188480291	0.677612860145	0.692001913003	0.750749986988	0.723228432566	0.71506184708	0.715266087985	0.675959491527	0.693729686979	0.684718846722	0.654477534662	0.67350821129	0.685261666069	0.690979378487	0.667131233047	0.661068719968	0.680428329686	0.719654841719	0.735287791623	0.693102819324	0.676278447029	0.667734792653	0.696488490613	0.70044155653	0.704567953936	0.679549996386	0.713358760597	0.721874106971	0.702729387794	0.698120505657	0.711258662704	0.703704027594	0.692547624305	0.678930154217	0.687073829996
AH3	0.67317205569	0.496308381543	0.717513663195	0.674936196773	0.66271968647	0.693832093854	0.700672098092	0.679993127772	0.676783478965	0.676642012268	0.670829664823	0.681061041697	0.67352638465	0.677259417736	0.0	0.534350061589	0.679356373974	0.703029718123	0.758204619152	0.70550757304	0.713565980307	0.708818493626	0.678017066873	0.695063971904	0.726444216323	0.694453094066	0.680739336557	0.697916910265	0.703600143463	0.695636540541	0.757756636316	0.709986133752	0.671629994739	0.709629302023	0.684051149709	0.681169904989	0.679348525348	0.683036531096	0.69471075916	0.692638407053	0.683467973682	0.669703832017	0.660987559549	0.668496335569	0.718407964363	0.724158544727	0.691133283876	0.69086083879	0.699128368689	0.699514578247	0.711845661728	0.722623688057	0.709237996901	0.706809513367	0.683544569198	0.712193692736	0.701515370698	0.725749717123	0.705884974208	0.685528832968	0.686066762169	0.709460118277
AH4	0.489998228199	0.377321204208	0.739124405616	0.641680873261	0.653781948122	0.656325713204	0.67782006981	0.667929640474	0.684157343962	0.661724055881	0.671832808015	0.651741336194	0.667542582027	0.656737169054	0.534350061589	0.0	0.700588973675	0.685348200089	0.768749403938	0.679731741488	0.718115154877	0.663746840261	0.686117284643	0.690471747758	0.73862751993	0.688682355071	0.66859434841	0.673897179094	0.685183012837	0.675143171728	0.752681295029	0.702735790189	0.688807752572	0.684347158013	0.655522973248	0.654117895422	0.667035081517	0.653718392398	0.642986068867	0.661355866141	0.643592109364	0.668068941911	0.635849959283	0.644104407098	0.677350028718	0.681292630027	0.655760747365	0.658173650732	0.647346236983	0.659770589929	0.663446692406	0.674313846409	0.651379559591	0.65444708208	0.660789744257	0.658462545224	0.66491590102	0.682345196742	0.654406958752	0.643785875374	0.67406044369	0.647642355296
AA7	0.685328096649	0.699630566938	0.753615144631	0.685544381225	0.675585915627	0.694400709581	0.7240377222	0.704205935531	0.671026473057	0.719550403503	0.674312321678	0.699988304954	0.674571149812	0.706158969474	0.679356373974	0.700588973675	0.0	0.512227571179	0.767734156087	0.692000567754	0.65695309779	0.68094769357	0.662137172777	0.687315313391	0.712508850921	0.704358789739	0.663847890146	0.667039326069	0.676375582524	0.688466741838	0.703031495957	0.551429230968	0.663311302215	0.726239864771	0.705648611898	0.713036208992	0.670832353176	0.698144961322	0.700839090811	0.727862353568	0.730238597772	0.677675460941	0.690702158181	0.708737832294	0.73380536614	0.730146519373	0.73751189256	0.738296875383	0.713191401407	0.744442709853	0.707653099253	0.733618758617	0.701731783515	0.701967084691	0.695340746937	0.715095148352	0.741050683159	0.740666536652	0.737387326498	0.728407516889	0.700475468571	0.728234918793
AA8	0.681359772522	0.687589022077	0.769551173435	0.684374123616	0.683691259014	0.687920792559	0.698829688175	0.691106836327	0.679637858105	0.686324156379	0.679929686246	0.68128153019	0.680220545232	0.711054016103	0.703029718123	0.685348200089	0.512227571179	0.0	0.764615212324	0.656058143838	0.648241467683	0.646182160963	0.668397847394	0.67596341946	0.705913378985	0.687098489772	0.672996829663	0.652529578314	0.648040953581	0.667008992213	0.538525668809	0.400727003601	0.685277906591	0.712481508251	0.715337632646	0.70987388993	0.691230236133	0.696889542117	0.707257003877	0.697451711918	0.705030773988	0.687447592154	0.676681952326	0.693004840146	0.708897546438	0.710738676262	0.722551255022	0.708926364852	0.69610084153	0.724413483306	0.71066651499	0.723873843138	0.692633324352	0.683808645209	0.694754680972	0.704694183784	0.741091187235	0.729708760181	0.736915696835	0.717237889225	0.723232028067	0.715824873069
AB7	0.750339753667	0.764110072683	0.736255981363	0.744887082034	0.749334057166	0.761506758631	0.766469963831	0.77124000979	0.754300498681	0.768434938157	0.747210782384	0.759295845729	0.757782078296	0.743455893036	0.758204619152	0.768749403938	0.767734156087	0.764615212324	0.0	0.556184442855	0.740937532324	0.7538341244	0.77064397317	0.773243586987	0.736547355294	0.771748731532	0.776469114197	0.774209249705	0.741606350696	0.615323054477	0.754507415482	0.760918554888	0.76387150909	0.780199021186	0.766268700078	0.782205475985	0.757620761645	0.75517496601	0.778868047059	0.779961549132	0.790239157443	0.720712466465	0.733758208061	0.764908273584	0.801024657621	0.799168173262	0.816279152391	0.783600182664	0.776652983633	0.781132339348	0.802878978137	0.796131946899	0.781874845894	0.797616669136	0.78308584476	0.792596590126	0.78914508419	0.803586582482	0.800267489849	0.78614166215	0.795193747045	0.79798743072
AB8	0.690706474123	0.692294233445	0.722870145914	0.681730919857	0.674909513596	0.675350500345	0.684221936668	0.673765849484	0.700297217627	0.653453756064	0.679554236648	0.674499575455	0.695206364875	0.688716281796	0.70550757304	0.679731741488	0.692000567754	0.656058143838	0.556184442855	0.0	0.653111109867	0.632702076461	0.679121943084	0.664741529686	0.687588381524	0.670084023832	0.672047012362	0.645318226229	0.508550314881	0.403208813868	0.692502551877	0.658333542157	0.704979994432	0.683606075057	0.693259355288	0.686767116762	0.684956112363	0.676256416118	0.674956625437	0.682568212234	0.683838926812	0.668448530989	0.655304939211	0.673747383856	0.705383813724	0.703136477586	0.741068644248	0.702717581086	0.690833418713	0.70578765491	0.717312762447	0.722443266551	0.678064586647	0.693859501256	0.705052826585	0.707747154536	0.706745586768	0.719415259596	0.71302445448	0.705715195025	0.703208428151	0.69940275773
AC7	0.684656790857	0.716359977151	0.737220967288	0.696065702386	0.686234699164	0.7269795305	0.723365637283	0.708606668368	0.730868445319	0.715269364088	0.674219784525	0.701262446725	0.679376889849	0.702809414637	0.713565980307	0.718115154877	0.65695309779	0.648241467683	0.740937532324	0.653111109867	0.0	0.510220178448	0.677333864418	0.689912108521	0.695566041819	0.682386450581	0.69171586917	0.581956933362	0.633312740586	0.641547356116	0.662465906782	0.656082897575	0.722476533292	0.697875650483	0.715697786006	0.7383595886	0.710689279784	0.709817194891	0.716640921193	0.729711570549	0.727892758275	0.705586047056	0.688951693692	0.709382055522	0.704123485783	0.705417747646	0.759098197776	0.740575437453	0.691997843955	0.731127883508	0.745756551283	0.744211570241	0.702605890472	0.686045630804	0.701581696572	0.705029435715	0.747255631366	0.724331326821	0.749442641365	0.730454649791	0.700629782815	0.736135817397
AC8	0.686421171907	0.670780414551	0.768208560239	0.686256598802	0.690054522153	0.687261001434	0.683331887365	0.666405731249	0.718076783154	0.668495422846	0.694712400668	0.662630018772	0.685048178696	0.685251790907	0.708818493626	0.663746840261	0.68094769357	0.646182160963	0.7538341244	0.632702076461	0.510220178448	0.0	0.680035136876	0.671021942827	0.70867779915	0.656434749896	0.503210576438	0.384542696494	0.622699898315	0.604387707239	0.700463376395	0.658556851599	0.716433130633	0.665401453179	0.698950726494	0.683393078144	0.69052547268	0.680587687283	0.671570296529	0.704224196042	0.681471872611	0.692648066889	0.650906229359	0.684230658889	0.676613982653	0.676150942967	0.7254528271	0.697537189956	0.666199109937	0.689109067324	0.696952868603	0.685269264146	0.665591289522	0.65930006779	0.671586997107	0.662287560494	0.692574863131	0.677321607569	0.700567143158	0.689042537155	0.679858856652	0.67350485577
AD7	0.671632952349	0.69207456649	0.739236697747	0.685716793627	0.711552685826	0.710360476651	0.720238528695	0.699713003537	0.675459036824	0.69937800666	0.669988233263	0.719321213238	0.675951115797	0.695967679813	0.678017066873	0.686117284643	0.662137172777	0.668397847394	0.77064397317	0.679121943084	0.677333864418	0.680035136876	0.0	0.421851474575	0.70255399388	0.492750727008	0.654220654926	0.674694183293	0.647716530019	0.651774056931	0.695612236862	0.675445743449	0.667273963193	0.69589986588	0.710132143902	0.716193407039	0.684404951636	0.680444176243	0.683624788284	0.713789780806	0.721627476209	0.673657701335	0.672226304877	0.682895150368	0.700868944399	0.700872300531	0.71740612867	0.702866312208	0.678063202237	0.722102401512	0.687659001483	0.720565931144	0.681670992837	0.683145703169	0.661183726966	0.687553778657	0.701282345971	0.712242196817	0.711476649858	0.700430212881	0.679455540325	0.720088625842
AD8	0.680808773044	0.692429742332	0.746451382681	0.689578820899	0.70591231046	0.702177481763	0.696893143193	0.688285885288	0.677581478354	0.680380998857	0.684794574713	0.706933867502	0.681138698755	0.703429600973	0.695063971904	0.690471747758	0.687315313391	0.67596341946	0.773243586987	0.664741529686	0.689912108521	0.671021942827	0.421851474575	0.0	0.619024804735	0.404451228342	0.647414296957	0.663624493763	0.636476985034	0.643204086345	0.701406768642	0.684962407061	0.684663466014	0.69223162484	0.716907329159	0.710460928492	0.684703089909	0.688846884506	0.68510603135	0.715522352636	0.714416552045	0.668974425441	0.674677283364	0.680390642779	0.691238590792	0.690829338522	0.718813191454	0.699905780005	0.675139779765	0.710190709169	0.684794122224	0.716617953397	0.670862546055	0.664533747743	0.663520710507	0.678893673962	0.701770680997	0.708905424512	0.710178631314	0.687379712103	0.690276587339	0.709798899598
AE7	0.731352814326	0.727050567454	0.744868493618	0.730790694835	0.704337049669	0.757440221619	0.730292410566	0.746117020052	0.756902641101	0.73231240568	0.760654802083	0.735882866421	0.72535864983	0.708454215741	0.726444216323	0.73862751993	0.712508850921	0.705913378985	0.736547355294	0.687588381524	0.695566041819	0.70867779915	0.70255399388	0.619024804735	0.0	0.506930414959	0.716309211824	0.701457981361	0.683609373903	0.699411485782	0.734758565127	0.675614801779	0.75396777455	0.755925380776	0.743937510193	0.753514820064	0.732013137099	0.751861909804	0.761794686217	0.757199363189	0.7528930226	0.750553382084	0.72169252489	0.732130809163	0.763746100837	0.764904500883	0.779005739451	0.770988345	0.728847423195	0.7620843273	0.754181894534	0.785841074009	0.737418066586	0.743326692815	0.742337936371	0.756771829428	0.778174620838	0.779146442696	0.779087028951	0.758733988297	0.758612642349	0.78984469328
AE8	0.690201146072	0.684474707359	0.741419051619	0.698311324563	0.692846199282	0.71097168952	0.690934664346	0.691053286747	0.701108845255	0.679052364071	0.699827550393	0.705413844811	0.68829502604	0.696591539425	0.694453094066	0.688682355071	0.704358789739	0.687098489772	0.771748731532	0.670084023832	0.682386450581	0.656434749896	0.492750727008	0.404451228342	0.506930414959	0.0	0.649838440863	0.650777128257	0.648283225299	0.65620367712	0.709427848699	0.685570403574	0.697999374514	0.700328058313	0.718363359499	0.710133041668	0.709290565	0.693622959714	0.706106750813	0.721775339331	0.711700958136	0.689521064676	0.678747483786	0.68781371624	0.71011498008	0.713106306451	0.714935834246	0.705128069407	0.673736975671	0.70720706115	0.690232855674	0.718845247876	0.681487866526	0.677708049992	0.678098107766	0.681075512499	0.707921365471	0.710503553797	0.711078663738	0.699489178451	0.696597473332	0.72361016814
AF7	0.675180553525	0.667846244352	0.750956202536	0.668627958465	0.709212993888	0.688787808026	0.70368860416	0.673758857107	0.668330374356	0.69726911837	0.69363351465	0.698735220475	0.682156285015	0.680663079503	0.680739336557	0.66859434841	0.663847890146	0.672996829663	0.776469114197	0.672047012362	0.69171586917	0.503210576438	0.654220654926	0.647414296957	0.716309211824	0.649838440863	0.0	0.473029174441	0.635316832899	0.653786190517	0.71801490185	0.670523793944	0.68505680344	0.704020214439	0.694928559246	0.69682425051	0.684429007985	0.689353744784	0.67827434681	0.707182806576	0.693832460214	0.684460656899	0.677265711388	0.678047827943	0.722234419023	0.727238923968	0.71137413592	0.703860700562	0.681997054386	0.71536654804	0.678406333013	0.702205396501	0.68316394356	0.686699745117	0.669028470339	0.672842592309	0.671881489598	0.717895821141	0.688146530788	0.704812430872	0.678657838968	0.682720976331
AF8	0.691697087191	0.663078438795	0.76385671015	0.682942634546	0.704066198939	0.69846119129	0.677250166347	0.6616529017	0.710528844522	0.677870238633	0.7087519491	0.672432429382	0.696513408464	0.688188480291	0.697916910265	0.673897179094	0.667039326069	0.652529578314	0.774209249705	0.645318226229	0.581956933362	0.384542696494	0.674694183293	0.663624493763	0.701457981361	0.650777128257	0.473029174441	0.0	0.650326912744	0.634194730255	0.701288867823	0.629178479592	0.712587584727	0.675855659034	0.699245204636	0.700180831862	0.699658860187	0.685283599699	0.680776006083	0.701770860665	0.688807927062	0.694819425435	0.676113010329	0.69697503793	0.702273406605	0.691047366871	0.734812383165	0.71022986116	0.680084765035	0.702821431956	0.713939734867	0.703486097081	0.669419456292	0.668453214147	0.687020496562	0.672767831066	0.693147771251	0.702505262117	0.709737673415	0.708770050911	0.700295674454	0.682724343009
AG7	0.695252174891	0.69367784098	0.713083292953	0.665458536785	0.685591381536	0.702593568533	0.71364448925	0.684111034697	0.659930800705	0.67836766639	0.674072378967	0.704318331911	0.680258336351	0.677612860145	0.703600143463	0.685183012837	0.676375582524	0.648040953581	0.741606350696	0.508550314881	0.633312740586	0.622699898315	0.647716530019	0.636476985034	0.683609373903	0.648283225299	0.635316832899	0.650326912744	0.0	0.455364848477	0.673576214735	0.672999884515	0.68727964665	0.700319340574	0.688123498384	0.683833512865	0.665094351318	0.687195489094	0.667278449328	0.697779467871	0.700476951	0.671990720739	0.658844463353	0.665102314667	0.704842843917	0.706400918711	0.739896277489	0.72499502008	0.679368768183	0.717176331785	0.698032058924	0.73256149234	0.675311729164	0.693098860554	0.68960458098	0.697048434826	0.715876940637	0.730529422909	0.715738776072	0.696738118322	0.683362192673	0.719457602028
AG8	0.686191387318	0.684454517416	0.736675208228	0.683827155181	0.680249539804	0.687892185608	0.688932800878	0.654075638804	0.688580069134	0.655300395633	0.671423097199	0.673555846115	0.69019911056	0.692001913003	0.695636540541	0.675143171728	0.688466741838	0.667008992213	0.615323054477	0.403208813868	0.641547356116	0.604387707239	0.651774056931	0.643204086345	0.699411485782	0.65620367712	0.653786190517	0.634194730255	0.455364848477	0.0	0.698559557106	0.663408302854	0.689272009538	0.67804951306	0.691699500142	0.679959686312	0.651125428123	0.658779636231	0.670016219895	0.681630623129	0.684815227428	0.669815005538	0.648219992976	0.672433678696	0.697613790205	0.692491381907	0.727378482976	0.687479588825	0.672809499893	0.696538495801	0.698948162323	0.710352083279	0.664359850458	0.681809465314	0.681510663453	0.683804127619	0.700608393408	0.706408046569	0.705536242307	0.684979483298	0.678190055017	0.688733827284
AH7	0.742047269959	0.747584867824	0.78041919002	0.738392519154	0.73483120158	0.760653740162	0.729142019603	0.711717181616	0.730039239443	0.745083795215	0.721308619618	0.738865394782	0.729738402904	0.750749986988	0.757756636316	0.752681295029	0.703031495957	0.538525668809	0.754507415482	0.692502551877	0.662465906782	0.700463376395	0.695612236862	0.701406768642	0.734758565127	0.709427848699	0.71801490185	0.701288867823	0.673576214735	0.698559557106	0.0	0.530903903514	0.712337251423	0.762711029785	0.760305031958	0.761591362378	0.748223191205	0.754691736976	0.760072402507	0.758014751741	0.754523513222	0.736997235778	0.731849131751	0.742192406304	0.767131827853	0.767812655551	0.77580992498	0.764546681438	0.743771558199	0.773941664045	0.770401952151	0.783451968326	0.737554007184	0.741164457214	0.738380209561	0.744164975564	0.777262643687	0.793786714342	0.777758767177	0.763501340773	0.757040356758	0.766411906856
AH8	0.699054356807	0.696516013033	0.772059513555	0.698567038068	0.693195346716	0.693422645303	0.693772921787	0.680322399021	0.692703688766	0.692481457527	0.689515802491	0.669462265508	0.699233133051	0.723228432566	0.709986133752	0.702735790189	0.551429230968	0.400727003601	0.760918554888	0.658333542157	0.656082897575	0.658556851599	0.675445743449	0.684962407061	0.675614801779	0.685570403574	0.670523793944	0.629178479592	0.672999884515	0.663408302854	0.530903903514	0.0	0.699163790307	0.710202585694	0.719222137752	0.715393906375	0.69519631264	0.701082485569	0.71384981107	0.708762541965	0.707314462989	0.697585282731	0.674077940566	0.702642808506	0.721939567469	0.728508421417	0.731352831182	0.721680465183	0.706816274902	0.727840560844	0.71841482725	0.731972033613	0.694003516186	0.699347171786	0.696988420417	0.704903806988	0.736251504625	0.736796659316	0.745875143983	0.728987046834	0.715993080244	0.70871183824
AA5	0.671527921817	0.68207544437	0.760553257504	0.702263849026	0.678176463899	0.670825504745	0.726117348795	0.703067009023	0.626111222171	0.681555739893	0.638535800328	0.685425867854	0.683279187544	0.71506184708	0.671629994739	0.688807752572	0.663311302215	0.685277906591	0.76387150909	0.704979994432	0.722476533292	0.716433130633	0.667273963193	0.684663466014	0.75396777455	0.697999374514	0.68505680344	0.712587584727	0.68727964665	0.689272009538	0.712337251423	0.699163790307	0.0	0.609952949611	0.693282268757	0.693535375754	0.65466292118	0.653546137514	0.691370781727	0.701092280398	0.695920461968	0.650910376843	0.640730451132	0.662820919824	0.726102780761	0.669142565995	0.702293784973	0.706977993256	0.701447949302	0.712863953818	0.701119691672	0.712363948618	0.680974652799	0.698122654873	0.672056314301	0.711808426086	0.689826623921	0.722993328382	0.685906473849	0.708194489253	0.673540348648	0.714323970174
AA6	0.682460856875	0.673219029977	0.79848513388	0.701503390667	0.689014823894	0.649380960583	0.664857229396	0.658700115333	0.698447177775	0.644005455862	0.680055256902	0.648466506618	0.697753646131	0.715266087985	0.709629302023	0.684347158013	0.726239864771	0.712481508251	0.780199021186	0.683606075057	0.697875650483	0.665401453179	0.69589986588	0.69223162484	0.755925380776	0.700328058313	0.704020214439	0.675855659034	0.700319340574	0.67804951306	0.762711029785	0.710202585694	0.609952949611	0.0	0.681924649665	0.663920992007	0.658863020249	0.625454886973	0.673347740177	0.680427464077	0.667679992695	0.666425960809	0.638725964093	0.662358408657	0.482711555005	0.434068647928	0.701319328649	0.673837174346	0.671316879078	0.679848873316	0.689222044128	0.68084891126	0.681474840201	0.680603087823	0.691969967613	0.692876817795	0.672039005737	0.659099436549	0.69682695024	0.686341246434	0.676544360354	0.67057778895
AB5	0.671672894177	0.661769935807	0.722167782609	0.672687877072	0.688364527559	0.664754176082	0.687651969882	0.679799571144	0.693401393696	0.673623725481	0.665157807136	0.68653397578	0.686652107601	0.675959491527	0.684051149709	0.655522973248	0.705648611898	0.715337632646	0.766268700078	0.693259355288	0.715697786006	0.698950726494	0.710132143902	0.716907329159	0.743937510193	0.718363359499	0.694928559246	0.699245204636	0.688123498384	0.691699500142	0.760305031958	0.719222137752	0.693282268757	0.681924649665	0.0	0.431927395536	0.652486118139	0.653795872275	0.657272008278	0.628888251424	0.643928853462	0.678196506925	0.665022896679	0.644557338592	0.696777960026	0.690304285455	0.659286092945	0.693354568835	0.673270062404	0.698471508068	0.685080507179	0.688020149248	0.653290133387	0.68665276486	0.698656691116	0.686975573628	0.700377900764	0.68634198504	0.698479014873	0.699250526345	0.664298131823	0.698342920153
AB6	0.69443593704	0.647690008247	0.761448412494	0.680939588606	0.67148944329	0.67047193028	0.675536279816	0.665779204963	0.707836791949	0.645941248987	0.673256518663	0.677226044187	0.677204394561	0.693729686979	0.681169904989	0.654117895422	0.713036208992	0.70987388993	0.782205475985	0.686767116762	0.7383595886	0.683393078144	0.716193407039	0.710460928492	0.753514820064	0.710133041668	0.69682425051	0.700180831862	0.683833512865	0.679959686312	0.761591362378	0.715393906375	0.693535375754	0.663920992007	0.431927395536	0.0	0.667107835134	0.659655511285	0.651355117466	0.640044474482	0.626734538774	0.67329936055	0.644713602723	0.559540808159	0.68866097147	0.675529082587	0.666035858022	0.673098158373	0.671173631355	0.679062070598	0.680878095849	0.676472380092	0.663730128847	0.674272362798	0.686722135619	0.691338127517	0.674846750224	0.687424595175	0.675420442582	0.679451393518	0.679538922075	0.682625048511
AC5	0.648253405565	0.662533080223	0.758011276483	0.670157117729	0.681225496796	0.653520473711	0.691000605043	0.661512986553	0.663958390798	0.668426857079	0.653774292342	0.686804737542	0.679791667105	0.684718846722	0.679348525348	0.667035081517	0.670832353176	0.691230236133	0.757620761645	0.684956112363	0.710689279784	0.69052547268	0.684404951636	0.684703089909	0.732013137099	0.709290565	0.684429007985	0.699658860187	0.665094351318	0.651125428123	0.748223191205	0.69519631264	0.65466292118	0.658863020249	0.652486118139	0.667107835134	0.0	0.482085012701	0.625019694801	0.652613417888	0.660696318659	0.668214453307	0.576921093371	0.631950427112	0.665113677406	0.664177936917	0.660259832394	0.680354177609	0.635075341748	0.675697805329	0.673185865151	0.664532680743	0.646361948227	0.657208568687	0.64549550876	0.675039941566	0.659248183737	0.665240348039	0.655209345987	0.672953018907	0.650768639238	0.671161942526
AC6	0.641709039333	0.653673194764	0.76316567092	0.652442134941	0.673493705294	0.651889926621	0.680433884644	0.663976448756	0.695626692628	0.65649961374	0.654507426234	0.662701615583	0.667326513384	0.654477534662	0.683036531096	0.653718392398	0.698144961322	0.696889542117	0.75517496601	0.676256416118	0.709817194891	0.680587687283	0.680444176243	0.688846884506	0.751861909804	0.693622959714	0.689353744784	0.685283599699	0.687195489094	0.658779636231	0.754691736976	0.701082485569	0.653546137514	0.625454886973	0.653795872275	0.659655511285	0.482085012701	0.0	0.626587341863	0.641311012447	0.630763102493	0.545049318223	0.478246249503	0.614942177359	0.64962038691	0.651494932651	0.651695115943	0.656227432536	0.631231417896	0.641275240029	0.671100639708	0.660998874547	0.646999687074	0.649210913148	0.647329955093	0.663155579356	0.631422077132	0.668595176899	0.632129423915	0.625599279466	0.653094085082	0.647561065632
AD6	0.678466679588	0.662069626922	0.795038302036	0.681552722814	0.673641444824	0.650771224833	0.625858907017	0.623974672719	0.673400322336	0.608515304839	0.680921477866	0.677096440783	0.692030368213	0.67350821129	0.69471075916	0.642986068867	0.700839090811	0.707257003877	0.778868047059	0.674956625437	0.716640921193	0.671570296529	0.683624788284	0.68510603135	0.761794686217	0.706106750813	0.67827434681	0.680776006083	0.667278449328	0.670016219895	0.760072402507	0.71384981107	0.691370781727	0.673347740177	0.657272008278	0.651355117466	0.625019694801	0.626587341863	0.0	0.535869295166	0.442061196442	0.64580660043	0.627913885907	0.646391820563	0.662137609699	0.687587309624	0.673492098288	0.665298850683	0.649490599641	0.644280521948	0.666252507972	0.677294045772	0.660283143752	0.657541617577	0.650451388439	0.652071814352	0.637806047187	0.685790851327	0.646396440359	0.620877639022	0.650504814957	0.657749699681
AE5	0.683859344918	0.671165517239	0.7738333814	0.680770737215	0.659004176352	0.65405280067	0.640936762968	0.647066737024	0.684741101913	0.613779326662	0.67568023975	0.660050493107	0.694919270311	0.685261666069	0.692638407053	0.661355866141	0.727862353568	0.697451711918	0.779961549132	0.682568212234	0.729711570549	0.704224196042	0.713789780806	0.715522352636	0.757199363189	0.721775339331	0.707182806576	0.701770860665	0.697779467871	0.681630623129	0.758014751741	0.708762541965	0.701092280398	0.680427464077	0.628888251424	0.640044474482	0.652613417888	0.641311012447	0.535869295166	0.0	0.387705815637	0.675484473755	0.65603362283	0.651884389248	0.667848778513	0.684879951245	0.678558284641	0.659885222642	0.649720999203	0.655888671049	0.672189466035	0.686847470917	0.641776674284	0.668287782117	0.667583117267	0.644041191667	0.667098169137	0.675800886759	0.669431512263	0.64243858181	0.650783958455	0.673046116308
AE6	0.680214285403	0.643494491374	0.795147786227	0.686971229157	0.662275676491	0.667157809752	0.62307688745	0.635012250545	0.693843955515	0.599847778452	0.684908658066	0.664644585631	0.697724202418	0.690979378487	0.683467973682	0.643592109364	0.730238597772	0.705030773988	0.790239157443	0.683838926812	0.727892758275	0.681471872611	0.721627476209	0.714416552045	0.7528930226	0.711700958136	0.693832460214	0.688807927062	0.700476951	0.684815227428	0.754523513222	0.707314462989	0.695920461968	0.667679992695	0.643928853462	0.626734538774	0.660696318659	0.630763102493	0.442061196442	0.387705815637	0.0	0.668113148489	0.640326985998	0.650167904042	0.667521557744	0.680471047259	0.682037993754	0.642961710904	0.639471750197	0.627178477964	0.674158817022	0.678162067884	0.635292928051	0.651100484552	0.65782571209	0.64176297081	0.650069770567	0.686151645043	0.651500822106	0.627543345608	0.65199255506	0.648774641474
AF5	0.669339686661	0.663340752671	0.732167112399	0.647013860937	0.635472681177	0.65325331144	0.690895602586	0.679623438685	0.659983223826	0.670894259458	0.674504193768	0.649867072929	0.655764504913	0.667131233047	0.669703832017	0.668068941911	0.677675460941	0.687447592154	0.720712466465	0.668448530989	0.705586047056	0.692648066889	0.673657701335	0.668974425441	0.750553382084	0.689521064676	0.684460656899	0.694819425435	0.671990720739	0.669815005538	0.736997235778	0.697585282731	0.650910376843	0.666425960809	0.678196506925	0.67329936055	0.668214453307	0.545049318223	0.64580660043	0.675484473755	0.668113148489	0.0	0.481703839444	0.631192264784	0.685824971527	0.691296056044	0.712404903528	0.702878831655	0.665434872741	0.667805042333	0.688391248024	0.708422297418	0.674212826426	0.701441516951	0.700194778694	0.697426397004	0.673903631575	0.725369190448	0.684136993269	0.642832272201	0.667414550021	0.698158720748
AF6	0.644441611472	0.631632831931	0.750527118893	0.648111397078	0.647162373629	0.655702776873	0.674135329502	0.66361854145	0.677794209239	0.632338058374	0.649006965106	0.643367092352	0.664046608424	0.661068719968	0.660987559549	0.635849959283	0.690702158181	0.676681952326	0.733758208061	0.655304939211	0.688951693692	0.650906229359	0.672226304877	0.674677283364	0.72169252489	0.678747483786	0.677265711388	0.676113010329	0.658844463353	0.648219992976	0.731849131751	0.674077940566	0.640730451132	0.638725964093	0.665022896679	0.644713602723	0.576921093371	0.478246249503	0.627913885907	0.65603362283	0.640326985998	0.481703839444	0.0	0.604285707139	0.675512215517	0.668983744458	0.669481606062	0.670736934592	0.645775247782	0.66064244258	0.684520091893	0.669643226218	0.657989027384	0.664711573137	0.664110202737	0.683103127663	0.652830433363	0.69030042164	0.653565394078	0.643780702662	0.658855710228	0.66991256929
