	AA3	AA4	AB3	AB4	AC3	AC4	AD3	AD4	AE3	AE4	AF3	AF4	AG3	AG4	AH3	AH4	AA7	AA8	AB7	AB8	AC7	AC8	AD7	AD8	AE7	AE8	AF7	AF8	AG7	AG8	AH7	AH8	AA5	AA6	AB5	AB6	AC5	AC6	AD6	AE5	AE6	AF5	AF6	AG5	AH5	AH6	AA1	AA2	AB1	AB2	AC1	AC2	AD1	AD2	AE1	AE2	AF1	AF2	AG1	AG2	AH1	AH2
AA3	0.0	0.491601031235	0.687524614355	0.642240687134	0.665614260433	0.678318524374	0.690286296748	0.697082423717	0.66331087185	0.699470724116	0.650679379158	0.665219950311	0.647148851117	0.635895044666	0.678799578944	0.466487299411	0.680417333807	0.673234178502	0.757202452492	0.68245837394	0.696738767991	0.700707016188	0.67129574746	0.695598010038	0.728596413047	0.692878581133	0.674592159297	0.693047784877	0.681378477479	0.689107946502	0.740275631351	0.688750520739	0.653021199494	0.68263850234	0.676116204624	0.690156283992	0.634426574706	0.647841534741	0.661856384587	0.672079838013	0.674710990225	0.673601249812	0.646312754904	0.686094154354	0.700634511331	0.693619558507	0.662608672676	0.709912593227	0.642065558371	0.686050188327	0.66242604743	0.692490456085	0.645149812867	0.660202256192	0.671201491508	0.659064630373	0.654966779117	0.693375237229	0.657424418988	0.696272802512	0.649974882695	0.684720246894
AA4	0.491601031235	0.0	0.689103066418	0.6488982502	0.663960308847	0.650487137726	0.664726539817	0.664616947575	0.686739775235	0.659626924318	0.666790568931	0.655528916718	0.665875174777	0.621494099899	0.505316144498	0.353678408841	0.708917569059	0.69425033821	0.76567378112	0.686723872049	0.714297565508	0.682811352362	0.683241953629	0.694012077144	0.722280341605	0.682201299867	0.672134293489	0.671967286099	0.696954099812	0.684580036367	0.746449057211	0.691188725567	0.676738532523	0.671684179007	0.655236136643	0.670960852577	0.655188288394	0.640737871885	0.656043963956	0.648245636692	0.648510879754	0.683112181263	0.648110732386	0.674227275252	0.693561483156	0.680041667272	0.671320930082	0.669231264676	0.641358938111	0.659794093586	0.657201479068	0.674030487381	0.656805870061	0.650099986729	0.675242560322	0.656316399491	0.656627414525	0.68793241763	0.649348524896	0.656811121129	0.649938370072	0.650386776832
AB3	0.687524614355	0.689103066418	0.0	0.664068728217	0.718749085422	0.741080269284	0.753705840838	0.738535714056	0.697700959547	0.7697248998	0.709354771853	0.735721883163	0.720844461442	0.598731816376	0.674901404197	0.708200072304	0.698215885077	0.725910483688	0.670247069748	0.662717677639	0.716229273882	0.752437197691	0.696534060024	0.726918628322	0.704625541616	0.732758674964	0.719343633495	0.754087492163	0.678533094306	0.66700754593	0.749746068334	0.73121500763	0.710357882169	0.769416191957	0.713528252738	0.760538089705	0.71673035537	0.742138833772	0.764070278097	0.749229831384	0.769480173366	0.688324344768	0.720142133964	0.729195342862	0.774477690438	0.7783679512	0.770921216185	0.770237258103	0.718964843239	0.76411331964	0.733354699707	0.772152735957	0.746224554829	0.750895041513	0.736252083246	0.750170867961	0.759086804972	0.763344685721	0.767317562636	0.759085244914	0.738904942584	0.753366034363
AB4	0.642240687134	0.6488982502	0.664068728217	0.0	0.696261705976	0.69027539962	0.71335676305	0.683213741296	0.69307224045	0.709350166392	0.672104570557	0.683473113229	0.415748302808	0.427293157445	0.67896035183	0.642749425007	0.706868268448	0.697510614135	0.749890727089	0.675950415908	0.699291534315	0.690912903018	0.678349470913	0.700618793414	0.730670362433	0.689607306458	0.655143561905	0.684814511166	0.656462272715	0.6766522377	0.739521362385	0.709407002548	0.691479890426	0.700139041191	0.695151320538	0.695769888328	0.669095997278	0.665112473693	0.676707898067	0.683750155452	0.6877741633	0.652849756597	0.656577630853	0.686716200322	0.722795941148	0.707878578747	0.699467901266	0.713520549959	0.634180414909	0.692108238956	0.686599294385	0.71410459958	0.667265817422	0.674114440095	0.695147294693	0.672547433592	0.686373974248	0.707263841951	0.692237687535	0.686108067969	0.67939326741	0.690740666901
AC3	0.665614260433	0.663960308847	0.718749085422	0.696261705976	0.0	0.497682035509	0.680034350474	0.673836845647	0.664694862264	0.659037168027	0.674946098761	0.478805106742	0.695616195054	0.682372884685	0.67194618899	0.659033906988	0.695771239333	0.691895555818	0.763908012287	0.681042420149	0.719892068948	0.70818081617	0.715100158918	0.720913135335	0.719147361538	0.712428159995	0.708546394075	0.723106496649	0.711721701679	0.693594037067	0.758840383508	0.692765465434	0.658152832379	0.695840902677	0.684237296686	0.672456860897	0.683278377719	0.674758937322	0.681788051483	0.646124707544	0.657931064416	0.66774064385	0.659656336955	0.688020056244	0.719924489535	0.697937315268	0.70976164557	0.699913164094	0.703157701739	0.69139397926	0.696898173339	0.682748935555	0.679230775585	0.68806870702	0.678893400435	0.683737393739	0.690211558535	0.696907973737	0.683624452682	0.689108153245	0.684223543858	0.697698950952
AC4	0.678318524374	0.650487137726	0.741080269284	0.69027539962	0.497682035509	0.0	0.674026067124	0.67380445659	0.690383286638	0.657561247662	0.516232749675	0.401213503242	0.684202806017	0.681467572074	0.675309308247	0.642358095543	0.687369994116	0.686039934197	0.759920698569	0.674843385278	0.705691239116	0.690481294772	0.711857190767	0.70687867225	0.74969676692	0.712520684716	0.701000637852	0.686844536721	0.713773257804	0.677866551129	0.740807239772	0.677476344423	0.687159193567	0.679746145257	0.667924019144	0.669898805057	0.680786500777	0.658041452857	0.66498214655	0.652782346631	0.655142918559	0.6767247485	0.66345388469	0.674905165197	0.691751457654	0.669754384567	0.718474047894	0.678070463473	0.689396436093	0.675385748602	0.694710276915	0.675925999779	0.695196393655	0.681849375477	0.705241828238	0.684521703894	0.680681727682	0.692531711313	0.681105984127	0.68282809672	0.686184106196	0.6769430672
AD3	0.690286296748	0.664726539817	0.753705840838	0.71335676305	0.680034350474	0.674026067124	0.0	0.427575544391	0.68677233542	0.337762226697	0.700782383589	0.647617582866	0.721964381536	0.69318675165	0.699789640041	0.672802692235	0.701533040481	0.689601985536	0.773201840579	0.67224600862	0.728022215734	0.684409694142	0.713482113081	0.698944494925	0.73301451063	0.683336300948	0.685402761623	0.672645444777	0.705542440536	0.679801338305	0.733346147227	0.699996006346	0.695530149279	0.656192116755	0.667603252124	0.686852070166	0.68613483522	0.650790338857	0.647893327378	0.635151938127	0.634355365788	0.690228020815	0.682608759815	0.697876318211	0.688181793	0.679985089796	0.690647494727	0.677061057094	0.679820453743	0.637362384579	0.689163217852	0.671831115143	0.677108517	0.658306970836	0.682533572734	0.657241518206	0.671064514002	0.667472987992	0.683572271899	0.647887586555	0.699045896761	0.66266913459
AD4	0.697082423717	0.664616947575	0.738535714056	0.683213741296	0.673836845647	0.67380445659	0.427575544391	0.0	0.599395118215	0.402899119933	0.688055674166	0.650666385819	0.69283385255	0.675684141099	0.695772461862	0.673996754637	0.715912955809	0.69495547451	0.784486872946	0.686399503232	0.708019054435	0.68679326346	0.688715348635	0.68585999875	0.738322350989	0.684259643903	0.679922834335	0.689049596982	0.680347703504	0.680645355921	0.717901916242	0.698662581772	0.689499069142	0.680842364923	0.677962311411	0.681801646724	0.678733205567	0.659394609199	0.66011440837	0.640922526075	0.638712049208	0.678861979157	0.686280365412	0.696790439298	0.704247361917	0.693425660346	0.678966473818	0.680372966044	0.670917798593	0.642503070057	0.697017379058	0.683849823676	0.670026779306	0.659505063908	0.66837700251	0.656575101072	0.672150937103	0.680807396506	0.674530182713	0.64586847527	0.696749206266	0.659208502775
AE3	0.66331087185	0.686739775235	0.697700959547	0.69307224045	0.664694862264	0.690383286638	0.68677233542	0.599395118215	0.0	0.655159591699	0.672565986191	0.663639991895	0.70730566306	0.698047536495	0.69069490444	0.685868404124	0.662468420035	0.697788491595	0.760157679149	0.689235671574	0.729899107006	0.736770252609	0.668916803959	0.708430374161	0.750773166626	0.713435538059	0.684740412137	0.715260533243	0.690689111359	0.685054074556	0.734468061958	0.692869231277	0.630161894866	0.71517069829	0.690642579225	0.70384600345	0.658783931186	0.683639887135	0.687382337453	0.686653655362	0.7007298887	0.669015521568	0.703980557499	0.69234433125	0.738589892585	0.732423271178	0.716366568159	0.736108693086	0.706305027359	0.712547654004	0.709821991774	0.719806968676	0.700126483343	0.706453558026	0.683562757528	0.707830885745	0.698055141074	0.739417633054	0.717598939182	0.711805025991	0.674396611291	0.729198180051
AE4	0.699470724116	0.659626924318	0.7697248998	0.709350166392	0.659037168027	0.657561247662	0.337762226697	0.402899119933	0.655159591699	0.0	0.707398098446	0.64027670804	0.712932816338	0.697310330782	0.699931382112	0.675902631479	0.708754279373	0.687159823716	0.777538446102	0.664679679127	0.728466101114	0.679588252033	0.721613408656	0.699270432753	0.738531672104	0.691594766263	0.692980904512	0.668741405631	0.694631718851	0.666296787391	0.724438253992	0.688860049559	0.686468858895	0.652884146289	0.675818433715	0.663999234598	0.693791593927	0.654518224946	0.632197937878	0.63261008386	0.597708924345	0.691103988716	0.680432937545	0.674030146779	0.70225248927	0.687076355892	0.695042520066	0.664821941973	0.688046771013	0.641931836894	0.696788239832	0.679290408894	0.687585553669	0.670261486812	0.69203731111	0.665269733077	0.677587859113	0.673748235353	0.671096022339	0.649670714457	0.699308123139	0.657461396603
AF3	0.650679379158	0.666790568931	0.709354771853	0.672104570557	0.674946098761	0.516232749675	0.700782383589	0.688055674166	0.672565986191	0.707398098446	0.0	0.549246192195	0.675017494528	0.677001828839	0.65807523234	0.655445792736	0.677002436094	0.680587197885	0.756330018283	0.678002737139	0.682290040079	0.715425541527	0.675425054857	0.694421553278	0.764719012263	0.715702163009	0.684722195598	0.709517000348	0.699843922255	0.667853662041	0.712787632872	0.69007318859	0.64698279686	0.683832637392	0.664967492227	0.675894636644	0.649135395627	0.668595048598	0.675959949027	0.671569790586	0.685926688721	0.673816820818	0.66811836766	0.684884605017	0.692442866596	0.693831297258	0.719251020943	0.703690860443	0.691989411149	0.714816512647	0.703633396428	0.710095339508	0.689951187844	0.694007133215	0.701343097169	0.697699338887	0.682509509254	0.71680041322	0.68167099048	0.718831173474	0.667367195393	0.700328543605
AF4	0.665219950311	0.655528916718	0.735721883163	0.683473113229	0.478805106742	0.401213503242	0.647617582866	0.650666385819	0.663639991895	0.64027670804	0.549246192195	0.0	0.685865830739	0.673319534852	0.680237803406	0.650766879656	0.690404244193	0.688186644255	0.76171263116	0.670177534266	0.700717223371	0.691342648022	0.7038136878	0.697413146547	0.72316039342	0.692146027428	0.690870975747	0.694449928484	0.692337619447	0.669917186842	0.737995356132	0.684710078472	0.649656709221	0.638387660682	0.66403943445	0.674405021848	0.673963405952	0.647185825389	0.666665872315	0.653756540806	0.641386516865	0.657709196511	0.654378813323	0.669890553922	0.680348407748	0.655455432919	0.709809692469	0.679103150959	0.687525441567	0.657730609867	0.687440304904	0.67632481943	0.670934078246	0.679315904782	0.69025979515	0.668032615697	0.675360532899	0.67656697397	0.668414059284	0.661684030641	0.6755821352	0.670773696892
AG3	0.647148851117	0.665875174777	0.720844461442	0.415748302808	0.695616195054	0.684202806017	0.721964381536	0.69283385255	0.70730566306	0.712932816338	0.675017494528	0.685865830739	0.0	0.472716541739	0.676225189057	0.6644358778	0.690915731258	0.687928910578	0.763824659607	0.697691600193	0.682964408407	0.708826497577	0.68431496967	0.699985555413	0.724426884756	0.702432601423	0.682894255886	0.706517021498	0.692784047481	0.703289979963	0.734465944032	0.699621664204	0.690626058143	0.699853513831	0.699529362369	0.693429739047	0.685222642647	0.683003790115	0.680527667158	0.691784909222	0.695721878507	0.651034105386	0.65344936029	0.698979657183	0.724795418967	0.719375836294	0.687885862486	0.726199883325	0.644753080304	0.70714360951	0.691013994904	0.718161359292	0.674074738342	0.688648758509	0.698605986347	0.670701577753	0.712058935462	0.725803841464	0.687496534335	0.701011550554	0.693014049406	0.703229729278
AG4	0.635895044666	0.621494099899	0.598731816376	0.427293157445	0.682372884685	0.681467572074	0.69318675165	0.675684141099	0.698047536495	0.697310330782	0.677001828839	0.673319534852	0.472716541739	0.0	0.650840528076	0.628113508299	0.71532419888	0.700473795012	0.730932255427	0.667797782881	0.681084477051	0.673877719957	0.67292687609	0.702329235657	0.692450472945	0.682460928938	0.660508198832	0.675781208471	0.652517395611	0.662906031005	0.74329307046	0.704387103941	0.696114869197	0.694306970974	0.661867652371	0.692359510926	0.656112070509	0.6552278078	0.688857578197	0.668282199127	0.678266601461	0.640007268471	0.63853051884	0.69107315533	0.727215680894	0.727361160306	0.696703769	0.707071506577	0.639817786161	0.693709946292	0.681373738593	0.701942459378	0.679524194696	0.687516266575	0.699262056817	0.688045265111	0.687799023325	0.700694647877	0.682396362666	0.687954898234	0.672949079865	0.6784130453
AH3	0.678799578944	0.505316144498	0.674901404197	0.67896035183	0.67194618899	0.675309308247	0.699789640041	0.695772461862	0.69069490444	0.699931382112	0.65807523234	0.680237803406	0.676225189057	0.650840528076	0.0	0.538492010662	0.689723592129	0.702454728823	0.76631997129	0.709981014415	0.718342763952	0.710483962532	0.674666105963	0.694217804391	0.73444090947	0.698692017851	0.689140457619	0.703766118526	0.700781984248	0.699602174963	0.747238299285	0.700818879267	0.658257511017	0.7030938259	0.687179711194	0.681315216291	0.677257057172	0.683764122641	0.692023480206	0.69438959033	0.676788944663	0.689861118739	0.676758982319	0.689013815884	0.721232040029	0.720974293315	0.70783261421	0.70012844201	0.702441759823	0.707626214102	0.704806205858	0.727534733656	0.702453123759	0.698233221585	0.682562521325	0.705302081755	0.70920466525	0.737574786548	0.695225618169	0.703693610286	0.687818075752	0.697506705982
AH4	0.466487299411	0.353678408841	0.708200072304	0.642749425007	0.659033906988	0.642358095543	0.672802692235	0.673996754637	0.685868404124	0.675902631479	0.655445792736	0.650766879656	0.6644358778	0.628113508299	0.538492010662	0.0	0.700487129511	0.677184965126	0.76531986994	0.685069700586	0.700012663767	0.677950157139	0.679272320658	0.685841560829	0.726049750517	0.680473659173	0.659890296723	0.668079695055	0.688165985844	0.690415597176	0.738213383871	0.677838776578	0.6812859787	0.671499956619	0.682518717205	0.675283074141	0.659970655603	0.6427677914	0.661787760363	0.662074636853	0.654654987772	0.675495142842	0.654910061963	0.680157724827	0.686468272453	0.681974213948	0.678480408054	0.668573921322	0.637184226235	0.665672921161	0.667963431773	0.677444772578	0.659790862433	0.653732984316	0.680861522667	0.665841747276	0.658178417678	0.682910011535	0.645203858444	0.664406809081	0.65028886623	0.647710870786
AA7	0.680417333807	0.708917569059	0.698215885077	0.706868268448	0.695771239333	0.687369994116	0.701533040481	0.715912955809	0.662468420035	0.708754279373	0.677002436094	0.690404244193	0.690915731258	0.71532419888	0.689723592129	0.700487129511	0.0	0.513836056547	0.772763529013	0.680086062186	0.660645655405	0.692356725526	0.67408071956	0.686185105061	0.712384810694	0.690378468227	0.641880379289	0.673394747339	0.687064140195	0.680627976612	0.712373166231	0.545462780684	0.646823404994	0.716875299355	0.708822800763	0.733045580126	0.689834091267	0.696856378668	0.700663070095	0.738833770397	0.725392223448	0.688329046687	0.709436707637	0.726814964331	0.740423004122	0.719757987606	0.7359155709	0.736178297515	0.724041449978	0.72629254904	0.709905206305	0.750560771952	0.710205303152	0.709208209192	0.68825763188	0.703336786142	0.729536188147	0.737702743012	0.735278023184	0.728765532649	0.707218297628	0.7245005665
AA8	0.673234178502	0.69425033821	0.725910483688	0.697510614135	0.691895555818	0.686039934197	0.689601985536	0.69495547451	0.697788491595	0.687159823716	0.680587197885	0.688186644255	0.687928910578	0.700473795012	0.702454728823	0.677184965126	0.513836056547	0.0	0.76906825578	0.657165543124	0.624155621703	0.639111819089	0.669356959538	0.665960045088	0.697805538469	0.669209481119	0.664143954063	0.641187761259	0.66446144901	0.635563652607	0.555093632272	0.388006986822	0.674472173659	0.720623500115	0.712778378798	0.727288583421	0.690175807398	0.695746331201	0.672467276532	0.688353769976	0.681617365368	0.691045246028	0.706746908174	0.710258193255	0.725042110738	0.71093428821	0.716262672725	0.71251436338	0.701469903372	0.724324031007	0.711380258322	0.731851572992	0.683507366972	0.672804371361	0.668533153729	0.659919610278	0.723279513604	0.734116687285	0.730807799466	0.727444552071	0.70222218658	0.70081031851
AB7	0.757202452492	0.76567378112	0.670247069748	0.749890727089	0.763908012287	0.759920698569	0.773201840579	0.784486872946	0.760157679149	0.777538446102	0.756330018283	0.76171263116	0.763824659607	0.730932255427	0.76631997129	0.76531986994	0.772763529013	0.76906825578	0.0	0.556267489995	0.741413180834	0.758538637899	0.771908985738	0.786285624863	0.740677839081	0.772534301811	0.77272482972	0.769581538697	0.744811411021	0.620965610102	0.756074166269	0.755040612813	0.767329726691	0.787021023864	0.777327878599	0.795968888802	0.76170210098	0.768240897342	0.792543278647	0.781387587455	0.788035315448	0.729260403057	0.740456596588	0.783621894935	0.799756286121	0.793413343665	0.821897882783	0.803517702641	0.776603430239	0.803033842613	0.805471786964	0.802557205812	0.796018950504	0.786899316481	0.777909678968	0.787810589247	0.797205629163	0.803501014174	0.801105070633	0.795927084582	0.790649074992	0.791591318009
AB8	0.68245837394	0.686723872049	0.662717677639	0.675950415908	0.681042420149	0.674843385278	0.67224600862	0.686399503232	0.689235671574	0.664679679127	0.678002737139	0.670177534266	0.697691600193	0.667797782881	0.709981014415	0.685069700586	0.680086062186	0.657165543124	0.556267489995	0.0	0.638474554471	0.634141053553	0.66979356915	0.672121861195	0.685508047311	0.666416199116	0.668827369327	0.651537614848	0.52057561691	0.40167827432	0.699457853814	0.640944631984	0.692024547399	0.688356053148	0.705375074689	0.706035561413	0.674728233729	0.661574748044	0.683929256643	0.682851978589	0.673333338398	0.661165292049	0.664184004496	0.681404426528	0.692763605872	0.689928382281	0.729966005091	0.697660250549	0.677639933409	0.700042122273	0.699791164218	0.724723362453	0.679113930469	0.66728024276	0.683178470867	0.675798405647	0.698352880023	0.709280861335	0.703024538425	0.696687978582	0.688111939455	0.694235757855
AC7	0.696738767991	0.714297565508	0.716229273882	0.699291534315	0.719892068948	0.705691239116	0.728022215734	0.708019054435	0.729899107006	0.728466101114	0.682290040079	0.700717223371	0.682964408407	0.681084477051	0.718342763952	0.700012663767	0.660645655405	0.624155621703	0.741413180834	0.638474554471	0.0	0.511799094446	0.674624065291	0.680541432254	0.693856133415	0.68569582256	0.698356171053	0.599489879801	0.647830297245	0.640572345366	0.659204304031	0.643278301656	0.716128821791	0.693645063167	0.731705540948	0.745342754548	0.717132122448	0.72455764497	0.715216437598	0.728028402748	0.722163458932	0.712317661953	0.71597036483	0.730970940789	0.701599488263	0.700341343511	0.754168968709	0.753048138026	0.709118987804	0.737701436443	0.7563663744	0.760186081555	0.711900992154	0.688691733259	0.69058783319	0.68897196297	0.750958413638	0.739586153114	0.746379128658	0.740660430324	0.704769708182	0.72678374239
AC8	0.700707016188	0.682811352362	0.752437197691	0.690912903018	0.70818081617	0.690481294772	0.684409694142	0.68679326346	0.736770252609	0.679588252033	0.715425541527	0.691342648022	0.708826497577	0.673877719957	0.710483962532	0.677950157139	0.692356725526	0.639111819089	0.758538637899	0.634141053553	0.511799094446	0.0	0.686784036533	0.664182872536	0.695197525241	0.649046944787	0.510055358741	0.390830999743	0.644160622493	0.634412605261	0.709527048749	0.647337138925	0.714347023547	0.677918243963	0.722073017119	0.719262121774	0.707325409511	0.68727018551	0.686944353453	0.712379652943	0.681973795244	0.70866979644	0.698144587119	0.708865684197	0.682862468543	0.679206514502	0.726559074317	0.700832799371	0.682884723593	0.694544879347	0.718415271091	0.712726081967	0.66425068205	0.648917930033	0.673565073056	0.655893738438	0.711779150337	0.690259580314	0.708622996546	0.704565206648	0.671246636045	0.676176235701
AD7	0.67129574746	0.683241953629	0.696534060024	0.678349470913	0.715100158918	0.711857190767	0.713482113081	0.688715348635	0.668916803959	0.721613408656	0.675425054857	0.7038136878	0.68431496967	0.67292687609	0.674666105963	0.679272320658	0.67408071956	0.669356959538	0.771908985738	0.66979356915	0.674624065291	0.686784036533	0.0	0.455766771556	0.706469584848	0.522991349892	0.665750885522	0.685017687524	0.668704964935	0.675483834969	0.702617160545	0.668341894253	0.651174131598	0.697197438408	0.724414626108	0.727403000169	0.689480331036	0.679209253345	0.687439646864	0.713045225368	0.710918413794	0.661877244184	0.669364177712	0.698339968333	0.704066553727	0.695245215782	0.709515605598	0.711767464825	0.682827451223	0.709734087801	0.693314574924	0.729234940672	0.68162334337	0.673171969693	0.657072831188	0.682531797472	0.692339575246	0.709276395114	0.703035368531	0.707422067527	0.664396181224	0.694048681858
AD8	0.695598010038	0.694012077144	0.726918628322	0.700618793414	0.720913135335	0.70687867225	0.698944494925	0.68585999875	0.708430374161	0.699270432753	0.694421553278	0.697413146547	0.699985555413	0.702329235657	0.694217804391	0.685841560829	0.686185105061	0.665960045088	0.786285624863	0.672121861195	0.680541432254	0.664182872536	0.455766771556	0.0	0.58948730551	0.390196164664	0.644681122062	0.663951570088	0.668204039431	0.669392610494	0.703164884322	0.666136629462	0.685401388813	0.700591068022	0.734921787804	0.734242017919	0.704017388847	0.68499548179	0.699557831243	0.724132098804	0.708490442707	0.698841780516	0.680681205456	0.708853569721	0.703616191827	0.697614990718	0.713628032161	0.716542951775	0.691525697342	0.709929332731	0.706236434283	0.725578762653	0.682804432974	0.669754935372	0.658268202773	0.668579862178	0.71158997254	0.717486076384	0.709378944238	0.715681036262	0.68130994598	0.7079670016
AE7	0.728596413047	0.722280341605	0.704625541616	0.730670362433	0.719147361538	0.74969676692	0.73301451063	0.738322350989	0.750773166626	0.738531672104	0.764719012263	0.72316039342	0.724426884756	0.692450472945	0.73444090947	0.726049750517	0.712384810694	0.697805538469	0.740677839081	0.685508047311	0.693856133415	0.695197525241	0.706469584848	0.58948730551	0.0	0.485910009515	0.709177588596	0.703528753581	0.687588244723	0.687929645903	0.733108449262	0.69868853374	0.729776700571	0.752142373396	0.744106768985	0.766120764525	0.733604408198	0.744837059107	0.76336519427	0.749397069985	0.755763319614	0.744377270659	0.731266831364	0.744944376105	0.754945863135	0.759874898179	0.769180345877	0.783837252213	0.732842168566	0.765457351468	0.770317468288	0.789557939785	0.747477300357	0.744635426462	0.733907917124	0.737067599898	0.778658962872	0.789224636261	0.774592500543	0.769074130712	0.751241309656	0.771767917207
AE8	0.692878581133	0.682201299867	0.732758674964	0.689607306458	0.712428159995	0.712520684716	0.683336300948	0.684259643903	0.713435538059	0.691594766263	0.715702163009	0.692146027428	0.702432601423	0.682460928938	0.698692017851	0.680473659173	0.690378468227	0.669209481119	0.772534301811	0.666416199116	0.68569582256	0.649046944787	0.522991349892	0.390196164664	0.485910009515	0.0	0.665578716042	0.647263057171	0.659694002819	0.658235668885	0.716640509635	0.668278718135	0.689987527017	0.693910806235	0.723354006157	0.727568631978	0.70765046458	0.679276928062	0.708426662894	0.711381282724	0.707851789101	0.698539543219	0.670211825962	0.697212040256	0.704605661249	0.686692420619	0.711132347885	0.716453682481	0.687931718337	0.715188403335	0.712256432823	0.734078009327	0.692723680331	0.673467368496	0.67208918392	0.669926108613	0.720452511526	0.712953331519	0.715056250294	0.71752527293	0.679429035705	0.698378156368
AF7	0.674592159297	0.672134293489	0.719343633495	0.655143561905	0.708546394075	0.701000637852	0.685402761623	0.679922834335	0.684740412137	0.692980904512	0.684722195598	0.690870975747	0.682894255886	0.660508198832	0.689140457619	0.659890296723	0.641880379289	0.664143954063	0.77272482972	0.668827369327	0.698356171053	0.510055358741	0.665750885522	0.644681122062	0.709177588596	0.665578716042	0.0	0.455787276866	0.652739543972	0.66628840333	0.715676367493	0.669771176384	0.658610924051	0.698907569781	0.69320317522	0.706554070001	0.687748907935	0.668795251615	0.681871192203	0.710064867215	0.689369293278	0.68539004686	0.683812204346	0.693695934249	0.718216856598	0.712753676009	0.711878583179	0.705485016428	0.684433026203	0.693369416538	0.686175800683	0.702059071367	0.67299291383	0.672910936355	0.683915700945	0.689855290958	0.680402029694	0.703784890898	0.685001889019	0.693990623739	0.666359974115	0.686226201952
AF8	0.693047784877	0.671967286099	0.754087492163	0.684814511166	0.723106496649	0.686844536721	0.672645444777	0.689049596982	0.715260533243	0.668741405631	0.709517000348	0.694449928484	0.706517021498	0.675781208471	0.703766118526	0.668079695055	0.673394747339	0.641187761259	0.769581538697	0.651537614848	0.599489879801	0.390830999743	0.685017687524	0.663951570088	0.703528753581	0.647263057171	0.455787276866	0.0	0.656776088128	0.651399905245	0.707307811382	0.642902649157	0.703354147838	0.665924288247	0.695576645555	0.717515179003	0.685751460009	0.663906522995	0.683299470742	0.706182108681	0.685517265461	0.710935653176	0.687254751989	0.702144535545	0.696654630388	0.68861920394	0.715812035956	0.692698160345	0.672976682124	0.686119813961	0.698069000708	0.696425777717	0.669097026467	0.652327868826	0.68298653109	0.661904946208	0.687033736839	0.681910609152	0.706491864794	0.69583027937	0.66789638382	0.677506012364
AG7	0.681378477479	0.696954099812	0.678533094306	0.656462272715	0.711721701679	0.713773257804	0.705542440536	0.680347703504	0.690689111359	0.694631718851	0.699843922255	0.692337619447	0.692784047481	0.652517395611	0.700781984248	0.688165985844	0.687064140195	0.66446144901	0.744811411021	0.52057561691	0.647830297245	0.644160622493	0.668704964935	0.668204039431	0.687588244723	0.659694002819	0.652739543972	0.656776088128	0.0	0.454383670691	0.681227252497	0.646342377278	0.691725510415	0.708347487564	0.707669711531	0.704733102984	0.671700160938	0.6725273233	0.699596768246	0.69022847816	0.689736793313	0.681848799606	0.689132282822	0.701924749005	0.714541171577	0.712031999558	0.719628597029	0.719076846462	0.689277477908	0.724189380982	0.689493461397	0.737264176817	0.668891235697	0.688371537863	0.688494842622	0.682687554222	0.692984182285	0.725267434218	0.693024524198	0.718084060244	0.667844496423	0.699944425711
AG8	0.689107946502	0.684580036367	0.66700754593	0.6766522377	0.693594037067	0.677866551129	0.679801338305	0.680645355921	0.685054074556	0.666296787391	0.667853662041	0.669917186842	0.703289979963	0.662906031005	0.699602174963	0.690415597176	0.680627976612	0.635563652607	0.620965610102	0.40167827432	0.640572345366	0.634412605261	0.675483834969	0.669392610494	0.687929645903	0.658235668885	0.66628840333	0.651399905245	0.454383670691	0.0	0.682609485462	0.64014506297	0.680156039957	0.677176179963	0.689275271269	0.697960873798	0.653162383438	0.651460177742	0.680478766061	0.67705990702	0.667314387968	0.675224374751	0.661511226932	0.681296591453	0.691502624079	0.681163191645	0.717890034557	0.701119249173	0.678735047594	0.709115599669	0.694716194027	0.721267633979	0.674504861852	0.66981793136	0.673918587165	0.664963258176	0.687877848935	0.724791244098	0.697736578614	0.702655038296	0.678856589176	0.682331801422
AH7	0.740275631351	0.746449057211	0.749746068334	0.739521362385	0.758840383508	0.740807239772	0.733346147227	0.717901916242	0.734468061958	0.724438253992	0.712787632872	0.737995356132	0.734465944032	0.74329307046	0.747238299285	0.738213383871	0.712373166231	0.555093632272	0.756074166269	0.699457853814	0.659204304031	0.709527048749	0.702617160545	0.703164884322	0.733108449262	0.716640509635	0.715676367493	0.707307811382	0.681227252497	0.682609485462	0.0	0.516045976155	0.724313696934	0.766713673864	0.773498318149	0.775945312035	0.758787771411	0.756314984058	0.747381959541	0.754124821833	0.754376324749	0.738189211678	0.768453473124	0.758953444636	0.776538857922	0.768086729276	0.772994693218	0.758682555725	0.758246379259	0.773698399626	0.783160092295	0.788160702308	0.735595964772	0.742440811707	0.734797680118	0.732944854652	0.772244533149	0.795531784322	0.777492971094	0.77663519273	0.750321049764	0.751155270777
AH8	0.688750520739	0.691188725567	0.73121500763	0.709407002548	0.692765465434	0.677476344423	0.699996006346	0.698662581772	0.692869231277	0.688860049559	0.69007318859	0.684710078472	0.699621664204	0.704387103941	0.700818879267	0.677838776578	0.545462780684	0.388006986822	0.755040612813	0.640944631984	0.643278301656	0.647337138925	0.668341894253	0.666136629462	0.69868853374	0.668278718135	0.669771176384	0.642902649157	0.646342377278	0.64014506297	0.516045976155	0.0	0.678757568261	0.719357344923	0.726458164549	0.729367946623	0.70006089292	0.697706219036	0.682685097632	0.699175146612	0.687045503787	0.692236769162	0.709511463422	0.720653209638	0.723341949912	0.712180204888	0.719504321017	0.713882644614	0.710892535628	0.731512628158	0.721812012817	0.739730776844	0.698104808938	0.693435241324	0.692330260043	0.681583877115	0.733902276658	0.732119004051	0.733193217637	0.731970994947	0.705366509341	0.699956664112
AA5	0.653021199494	0.676738532523	0.710357882169	0.691479890426	0.658152832379	0.687159193567	0.695530149279	0.689499069142	0.630161894866	0.686468858895	0.64698279686	0.649656709221	0.690626058143	0.696114869197	0.658257511017	0.6812859787	0.646823404994	0.674472173659	0.767329726691	0.692024547399	0.716128821791	0.714347023547	0.651174131598	0.685401388813	0.729776700571	0.689987527017	0.658610924051	0.703354147838	0.691725510415	0.680156039957	0.724313696934	0.678757568261	0.0	0.592491480833	0.680994827917	0.680249914326	0.644551112012	0.626218984603	0.666093027061	0.68942666527	0.680707215312	0.66219691358	0.648705228137	0.673347688311	0.729903166444	0.674371501644	0.697132957269	0.714993702481	0.693131300531	0.705391339452	0.701600523949	0.721257197142	0.677410955834	0.68964277336	0.65845413332	0.688059869528	0.65277712435	0.714197842846	0.667632678095	0.706182556301	0.661697532383	0.708756792556
AA6	0.68263850234	0.671684179007	0.769416191957	0.700139041191	0.695840902677	0.679746145257	0.656192116755	0.680842364923	0.71517069829	0.652884146289	0.683832637392	0.638387660682	0.699853513831	0.694306970974	0.7030938259	0.671499956619	0.716875299355	0.720623500115	0.787021023864	0.688356053148	0.693645063167	0.677918243963	0.697197438408	0.700591068022	0.752142373396	0.693910806235	0.698907569781	0.665924288247	0.708347487564	0.677176179963	0.766713673864	0.719357344923	0.592491480833	0.0	0.689371520351	0.696691630143	0.662702413903	0.62559018874	0.657651404003	0.669577148471	0.654249510292	0.684256989492	0.636581785619	0.69036848748	0.463422907834	0.417054619341	0.692146551449	0.678616271551	0.6733120277	0.664631231377	0.685564124541	0.681223695977	0.673974857049	0.672967075287	0.689998322433	0.674150082192	0.656591889334	0.661671065352	0.675640705759	0.671418272113	0.66083657181	0.670038992871
AB5	0.676116204624	0.655236136643	0.713528252738	0.695151320538	0.684237296686	0.667924019144	0.667603252124	0.677962311411	0.690642579225	0.675818433715	0.664967492227	0.66403943445	0.699529362369	0.661867652371	0.687179711194	0.682518717205	0.708822800763	0.712778378798	0.777327878599	0.705375074689	0.731705540948	0.722073017119	0.724414626108	0.734921787804	0.744106768985	0.723354006157	0.69320317522	0.695576645555	0.707669711531	0.689275271269	0.773498318149	0.726458164549	0.680994827917	0.689371520351	0.0	0.4284863514	0.665061861706	0.66347477287	0.664074307979	0.632471459014	0.650376017549	0.702590524355	0.675496940938	0.661156918965	0.704711561051	0.691239902777	0.688079041701	0.70321282594	0.676515709166	0.695070872489	0.692723028626	0.698442449521	0.667989808783	0.68343903689	0.696479128821	0.67943872073	0.692040697275	0.698345745426	0.70600865876	0.698143786397	0.663016185146	0.696953181105
AB6	0.690156283992	0.670960852577	0.760538089705	0.695769888328	0.672456860897	0.669898805057	0.686852070166	0.681801646724	0.70384600345	0.663999234598	0.675894636644	0.674405021848	0.693429739047	0.692359510926	0.681315216291	0.675283074141	0.733045580126	0.727288583421	0.795968888802	0.706035561413	0.745342754548	0.719262121774	0.727403000169	0.734242017919	0.766120764525	0.727568631978	0.706554070001	0.717515179003	0.704733102984	0.697960873798	0.775945312035	0.729367946623	0.680249914326	0.696691630143	0.4284863514	0.0	0.669718512978	0.671641614621	0.656640764085	0.633012788157	0.636962223772	0.707970685462	0.670583679345	0.584919140163	0.700377362556	0.690024988399	0.6831576193	0.689040242386	0.676834477857	0.690157975593	0.690238677048	0.700013125375	0.673976183083	0.676852088416	0.695900121883	0.686129106556	0.686346483405	0.707369581028	0.673307025478	0.69481123521	0.662860770272	0.696941996888
AC5	0.634426574706	0.655188288394	0.71673035537	0.669095997278	0.683278377719	0.680786500777	0.68613483522	0.678733205567	0.658783931186	0.693791593927	0.649135395627	0.673963405952	0.685222642647	0.656112070509	0.677257057172	0.659970655603	0.689834091267	0.690175807398	0.76170210098	0.674728233729	0.717132122448	0.707325409511	0.689480331036	0.704017388847	0.733604408198	0.70765046458	0.687748907935	0.685751460009	0.671700160938	0.653162383438	0.758787771411	0.70006089292	0.644551112012	0.662702413903	0.665061861706	0.669718512978	0.0	0.506744987635	0.644717732637	0.645184900521	0.654371604493	0.693309547546	0.597684744837	0.657522721069	0.663103401419	0.669897006076	0.646342874133	0.702220959378	0.621837585954	0.67608867523	0.653594973918	0.666646606775	0.650507206411	0.647956822721	0.641010281915	0.663896355564	0.636999824301	0.666603539534	0.65490642951	0.676199890446	0.639300375463	0.682375364945
AC6	0.647841534741	0.640737871885	0.742138833772	0.665112473693	0.674758937322	0.658041452857	0.650790338857	0.659394609199	0.683639887135	0.654518224946	0.668595048598	0.647185825389	0.683003790115	0.6552278078	0.683764122641	0.6427677914	0.696856378668	0.695746331201	0.768240897342	0.661574748044	0.72455764497	0.68727018551	0.679209253345	0.68499548179	0.744837059107	0.679276928062	0.668795251615	0.663906522995	0.6725273233	0.651460177742	0.756314984058	0.697706219036	0.626218984603	0.62559018874	0.66347477287	0.671641614621	0.506744987635	0.0	0.621806640478	0.637672300529	0.629690989062	0.549705708551	0.452937954656	0.640799887599	0.6654636373	0.646767220201	0.65409704995	0.679002265674	0.620403806517	0.631439697257	0.650729421395	0.666033491096	0.65711504043	0.636862033142	0.660370956564	0.642358707742	0.598048283619	0.659055316774	0.62320661684	0.638559314063	0.649570351669	0.658395063575
AD6	0.661856384587	0.656043963956	0.764070278097	0.676707898067	0.681788051483	0.66498214655	0.647893327378	0.66011440837	0.687382337453	0.632197937878	0.675959949027	0.666665872315	0.680527667158	0.688857578197	0.692023480206	0.661787760363	0.700663070095	0.672467276532	0.792543278647	0.683929256643	0.715216437598	0.686944353453	0.687439646864	0.699557831243	0.76336519427	0.708426662894	0.681871192203	0.683299470742	0.699596768246	0.680478766061	0.747381959541	0.682685097632	0.666093027061	0.657651404003	0.664074307979	0.656640764085	0.644717732637	0.621806640478	0.0	0.503640803908	0.42369929597	0.671440540918	0.642932385542	0.679862657174	0.66169378238	0.656662612544	0.664878373472	0.665951350135	0.648024610083	0.659180992237	0.663295782677	0.674208727717	0.638758315377	0.623986879474	0.653385813494	0.621216830511	0.655156073394	0.686181003966	0.653370345735	0.666718643157	0.624933895237	0.654371754403
AE5	0.672079838013	0.648245636692	0.749229831384	0.683750155452	0.646124707544	0.652782346631	0.635151938127	0.640922526075	0.686653655362	0.63261008386	0.671569790586	0.653756540806	0.691784909222	0.668282199127	0.69438959033	0.662074636853	0.738833770397	0.688353769976	0.781387587455	0.682851978589	0.728028402748	0.712379652943	0.713045225368	0.724132098804	0.749397069985	0.711381282724	0.710064867215	0.706182108681	0.69022847816	0.67705990702	0.754124821833	0.699175146612	0.68942666527	0.669577148471	0.632471459014	0.633012788157	0.645184900521	0.637672300529	0.503640803908	0.0	0.404680658368	0.687943595704	0.653893229849	0.679308798837	0.680783256397	0.682532291761	0.684747393134	0.672737436093	0.658208598772	0.653774199336	0.678795690053	0.679978993751	0.64093133366	0.646772436914	0.666606897573	0.641087672136	0.659304997655	0.689687132	0.662980349324	0.653624868666	0.63747689623	0.668510297562
AE6	0.674710990225	0.648510879754	0.769480173366	0.6877741633	0.657931064416	0.655142918559	0.634355365788	0.638712049208	0.7007298887	0.597708924345	0.685926688721	0.641386516865	0.695721878507	0.678266601461	0.676788944663	0.654654987772	0.725392223448	0.681617365368	0.788035315448	0.673333338398	0.722163458932	0.681973795244	0.710918413794	0.708490442707	0.755763319614	0.707851789101	0.689369293278	0.685517265461	0.689736793313	0.667314387968	0.754376324749	0.687045503787	0.680707215312	0.654249510292	0.650376017549	0.636962223772	0.654371604493	0.629690989062	0.42369929597	0.404680658368	0.0	0.671318658333	0.629781407091	0.672551850302	0.674415509376	0.665774856065	0.687806310807	0.663320115451	0.655702881453	0.630062525314	0.676734757587	0.682039652426	0.634575067631	0.63029870094	0.660040033261	0.637730218176	0.660149996492	0.68805485714	0.648871041068	0.64076322153	0.653040683636	0.660176466202
AF5	0.673601249812	0.683112181263	0.688324344768	0.652849756597	0.66774064385	0.6767247485	0.690228020815	0.678861979157	0.669015521568	0.691103988716	0.673816820818	0.657709196511	0.651034105386	0.640007268471	0.689861118739	0.675495142842	0.688329046687	0.691045246028	0.729260403057	0.661165292049	0.712317661953	0.70866979644	0.661877244184	0.698841780516	0.744377270659	0.698539543219	0.68539004686	0.710935653176	0.681848799606	0.675224374751	0.738189211678	0.692236769162	0.66219691358	0.684256989492	0.702590524355	0.707970685462	0.693309547546	0.549705708551	0.671440540918	0.687943595704	0.671318658333	0.0	0.478649984823	0.664401471775	0.711229487295	0.694597197434	0.711129377337	0.711280720929	0.681636498691	0.686382549642	0.695877887985	0.729912350319	0.693446705701	0.701696064676	0.706105296177	0.704029278362	0.677454854124	0.71515344368	0.684879305195	0.681905463607	0.678972592298	0.705082956629
AF6	0.646312754904	0.648110732386	0.720142133964	0.656577630853	0.659656336955	0.66345388469	0.682608759815	0.686280365412	0.703980557499	0.680432937545	0.66811836766	0.654378813323	0.65344936029	0.63853051884	0.676758982319	0.654910061963	0.709436707637	0.706746908174	0.740456596588	0.664184004496	0.71597036483	0.698144587119	0.669364177712	0.680681205456	0.731266831364	0.670211825962	0.683812204346	0.687254751989	0.689132282822	0.661511226932	0.768453473124	0.709511463422	0.648705228137	0.636581785619	0.675496940938	0.670583679345	0.597684744837	0.452937954656	0.642932385542	0.653893229849	0.629781407091	0.478649984823	0.0	0.646659554013	0.680265195554	0.65415065121	0.674387178668	0.696671622858	0.642500378423	0.667699477567	0.66987806573	0.697670248373	0.679160436036	0.664842446228	0.675816039433	0.672447360728	0.651653731495	0.686662346448	0.644196247421	0.662757801031	0.65739997201	0.682860945815
