	AA3	AA4	AB3	AB4	AC3	AC4	AD3	AD4	AE3	AE4	AF3	AF4	AG3	AG4	AH3	AH4	AA7	AA8	AB7	AB8	AC7	AC8	AD7	AD8	AE7	AE8	AF7	AF8	AG7	AG8	AH7	AH8	AA5	AA6	AB5	AB6	AC5	AC6	AD6	AE5	AE6	AF5	AF6	AG5	AH5	AH6	AA1	AA2	AB1	AB2	AC1	AC2	AD1	AD2	AE1	AE2	AF1	AF2	AG1	AG2	AH1	AH2
AA3	0.0	0.499353942971	0.703046218226	0.646194852178	0.677340418703	0.660201018927	0.690594185734	0.685858386741	0.649514720957	0.703885454358	0.640564470684	0.682769495446	0.647456727367	0.624273055147	0.669797122756	0.487832864349	0.683516417794	0.679055562911	0.765438987153	0.685899560549	0.704238578738	0.688784770993	0.671881936983	0.711165291952	0.738824817127	0.713747236832	0.672272648395	0.681432987673	0.703028167617	0.683549527358	0.744660685191	0.686997965612	0.65092577527	0.686815448096	0.672086507242	0.691557734603	0.646805084977	0.662983976087	0.677186384202	0.698238470289	0.673074778912	0.674108663291	0.667179822597	0.672915230825	0.700602858816	0.684195406403	0.658175586931	0.691906148868	0.657927691565	0.699522460114	0.669845267897	0.693192065555	0.639653144513	0.651970384821	0.669012354748	0.656427101272	0.667705208432	0.6853054878	0.672102208126	0.671126298641	0.661941057332	0.699647499543
AA4	0.499353942971	0.0	0.737010132875	0.641524163375	0.664669441081	0.662736078956	0.660825988697	0.654568473873	0.677921869369	0.661562738658	0.669108009704	0.656694470644	0.671496250603	0.653883241494	0.494364826894	0.364372831121	0.695787709785	0.694255319547	0.775928595326	0.683934183384	0.711123806184	0.665471316337	0.683651673766	0.68807550902	0.729958645045	0.695004689397	0.670073688944	0.668859999003	0.698248893049	0.688523331138	0.75201795299	0.68518915045	0.666663600214	0.67178988041	0.673663588153	0.664642381702	0.669284650251	0.650702874713	0.6609978713	0.667240386958	0.642845156865	0.67312384364	0.64156428946	0.655229619616	0.680959696546	0.665517892879	0.666308334645	0.648524659039	0.654754758745	0.661514312227	0.671228021338	0.668498484561	0.642871230429	0.637095381936	0.674658742539	0.636961710628	0.651570739377	0.660056825023	0.65425813379	0.6476820862	0.658671662869	0.667847883948
AB3	0.703046218226	0.737010132875	0.0	0.680268638514	0.738849159247	0.754963192493	0.751815021402	0.757978723056	0.711372823702	0.764294460418	0.712559836034	0.757741911578	0.731915486881	0.62212758	0.730009015189	0.733158878237	0.741667248741	0.761795952037	0.716367901403	0.71425286516	0.733588626307	0.760954125544	0.735953928727	0.763166274889	0.737822807752	0.755521386015	0.736001644042	0.758934696986	0.715583244616	0.726853313846	0.752934689385	0.769689892177	0.724098300054	0.781126883749	0.728164230055	0.755928054815	0.722105123333	0.756311648917	0.763836982066	0.760736364682	0.77300875995	0.727952832304	0.70767044806	0.746557235808	0.801501325517	0.79229701423	0.76568303997	0.787410705258	0.732389967021	0.787046874671	0.76423948035	0.775436286655	0.751776915644	0.770569768467	0.765320524583	0.774729141712	0.767448021866	0.791607296337	0.780101114564	0.773513197492	0.735091037577	0.780109668139
AB4	0.646194852178	0.641524163375	0.680268638514	0.0	0.678631006771	0.679310374353	0.696058800194	0.678905244081	0.684833009998	0.683618870866	0.671077083917	0.68432054217	0.420757358301	0.42532455211	0.668567393035	0.644078872686	0.696640231563	0.687646850445	0.758503041345	0.663358148135	0.696223681462	0.687098013317	0.687411535446	0.716425467361	0.735364216837	0.701953416467	0.657431336331	0.679178907747	0.674227039152	0.690648890972	0.735737098021	0.689529030808	0.680869298598	0.702341028276	0.691258410606	0.688005312582	0.683371820822	0.66441199851	0.690016134821	0.690575075782	0.686755378464	0.664249361507	0.657893596546	0.68477595813	0.711942594419	0.70562118399	0.696130614386	0.692191620569	0.656147158272	0.71486258752	0.68056947655	0.706717387571	0.664043772719	0.674531664402	0.695747667266	0.67860433953	0.693907336591	0.701481095216	0.705964650275	0.686971206571	0.680455298526	0.703321985223
AC3	0.677340418703	0.664669441081	0.738849159247	0.678631006771	0.0	0.5252230531	0.667640711637	0.64320858564	0.662039855273	0.671357145193	0.685285269518	0.421255930343	0.692925130138	0.700534428519	0.674933757917	0.655793042616	0.684840797506	0.672743905753	0.760954983985	0.67422104407	0.705578402393	0.695771464761	0.714923895061	0.716002950835	0.713967028673	0.713945198316	0.712729224738	0.707273262281	0.701122580149	0.689541539324	0.733913676709	0.682131599448	0.68002421873	0.690128352791	0.691973625477	0.668903718184	0.693273977821	0.674862297541	0.679691906322	0.667875574004	0.659599035848	0.665416657825	0.675870167229	0.669936657689	0.714146381952	0.69999978899	0.713577685276	0.700767981833	0.690519760598	0.692846055041	0.679599115893	0.704124390629	0.692909715628	0.686169083735	0.678072940599	0.678167292067	0.707793125674	0.701654310515	0.704535994201	0.668408208461	0.703915930092	0.701863055689
AC4	0.660201018927	0.662736078956	0.754963192493	0.679310374353	0.5252230531	0.0	0.679078451109	0.637980456765	0.655885440729	0.678068316568	0.487350535623	0.401927755042	0.682234714778	0.689985861068	0.681309903771	0.645697183172	0.691384048933	0.695286440598	0.762686652108	0.668879303387	0.722396630472	0.687134109138	0.708970483154	0.725629577518	0.766927977421	0.725254143712	0.702623345394	0.697689145827	0.71647365488	0.686762596248	0.757836636834	0.704858759316	0.669521519108	0.666152721853	0.664408194911	0.657485263961	0.661555126468	0.657911878617	0.631136573922	0.654408924927	0.635955507237	0.656704095583	0.661230064734	0.660562781318	0.687647211676	0.675439930149	0.720716030317	0.688686021872	0.69494440474	0.698141171268	0.693133908189	0.691199550866	0.697265817166	0.689836339429	0.683386596294	0.685054380341	0.674663941082	0.672869248353	0.674705426403	0.676846028007	0.666906806226	0.673283440395
AD3	0.690594185734	0.660825988697	0.751815021402	0.696058800194	0.667640711637	0.679078451109	0.0	0.425315231587	0.690556860516	0.363062253401	0.704294532363	0.668003027867	0.712295963457	0.706749581771	0.691563293073	0.66289584302	0.71507953289	0.691696570227	0.776963431362	0.663728296081	0.717734308758	0.68454151291	0.712249442351	0.692878138062	0.729506656309	0.705027006422	0.699917634607	0.676935134446	0.716557420865	0.680096112016	0.724623889584	0.686118165748	0.713048958575	0.673762148513	0.689101313119	0.664946580123	0.681771724257	0.670838268573	0.634216523895	0.653696090495	0.618164546563	0.703288695071	0.676372326006	0.691152009606	0.6927366326	0.680763077163	0.700370444815	0.653484797221	0.668113051377	0.661324347855	0.69016902871	0.67099303336	0.676116491916	0.670009558041	0.686541244206	0.665998277349	0.687495004097	0.686701550838	0.706123699077	0.658218319058	0.711293868973	0.648674968475
AD4	0.685858386741	0.654568473873	0.757978723056	0.678905244081	0.64320858564	0.637980456765	0.425315231587	0.0	0.588711823117	0.42189151552	0.674171295391	0.640650058198	0.688404723114	0.692178521939	0.669220644394	0.648741173075	0.685143031655	0.655818815005	0.769591953475	0.63873201199	0.697465492185	0.658534351706	0.681864191106	0.679594819768	0.727800442046	0.691633607207	0.676891355009	0.656571585149	0.673884646744	0.652962303477	0.745423828739	0.672524151685	0.692571595285	0.652596188697	0.669818209477	0.641892820121	0.647100065091	0.660684673822	0.625942980959	0.641369781385	0.608160686026	0.67412496803	0.667694961025	0.666793093445	0.659071122303	0.654270633978	0.672376532501	0.635892994572	0.666917332247	0.668180659652	0.654749571366	0.651437656549	0.669044563094	0.659377792341	0.653649044533	0.644100581648	0.675862862712	0.661654188116	0.693383247084	0.657404753248	0.696967159498	0.653968122322
AE3	0.649514720957	0.677921869369	0.711372823702	0.684833009998	0.662039855273	0.655885440729	0.690556860516	0.588711823117	0.0	0.637548578612	0.650014148918	0.676462264066	0.667687421367	0.675688501142	0.667692097963	0.658795422777	0.655568412559	0.67398419798	0.775787186987	0.680275540505	0.721714682712	0.70708992293	0.662833155356	0.689999266562	0.742508428706	0.706274549315	0.669675435497	0.710927316864	0.670596414041	0.673015013578	0.740632203773	0.678916775885	0.621867587837	0.699666320704	0.682480596298	0.680026603307	0.64997795862	0.676520879124	0.673310698877	0.683182500282	0.670706274192	0.635478380608	0.661207567064	0.665933986655	0.725504844928	0.710533801875	0.704105092976	0.727194033722	0.706117026097	0.718344042506	0.698416754413	0.715885424344	0.673398597957	0.689004906979	0.668518589887	0.695682421526	0.688727873893	0.730971150913	0.711440571855	0.710103442793	0.665231647076	0.71324403032
AE4	0.703885454358	0.661562738658	0.764294460418	0.683618870866	0.671357145193	0.678068316568	0.363062253401	0.42189151552	0.637548578612	0.0	0.6983852345	0.663991839211	0.711360823962	0.710078093507	0.693473184098	0.668504712664	0.71643534457	0.681492080408	0.784713852231	0.648232815629	0.720738638573	0.685351678263	0.707353059078	0.702215039471	0.742034494695	0.707240611067	0.679848722458	0.677586181894	0.691416806966	0.669240268362	0.72726829955	0.671763891052	0.699809800803	0.672467743397	0.688485485304	0.661947900791	0.687846224805	0.67084411044	0.649007208432	0.649109871041	0.635290767573	0.683015148023	0.688180555087	0.676407266179	0.690771934432	0.682165567756	0.709687975279	0.660488686665	0.686677574996	0.672685250318	0.695161932247	0.692601417632	0.691555259426	0.675188871833	0.687179310748	0.674057707754	0.680669880763	0.690283804262	0.710662936848	0.672377649843	0.712521510475	0.647288522021
AF3	0.640564470684	0.669108009704	0.712559836034	0.671077083917	0.685285269518	0.487350535623	0.704294532363	0.674171295391	0.650014148918	0.6983852345	0.0	0.554489959664	0.67607306899	0.683870032755	0.666541783528	0.660859264667	0.679690958953	0.689164975757	0.758134261183	0.678913100841	0.679866478688	0.700157486456	0.675497654125	0.712400187755	0.756878934857	0.72338811925	0.695590729719	0.700434795406	0.701291090193	0.677460694142	0.715986695611	0.687850877575	0.632862926072	0.683891772047	0.669594977337	0.6757853046	0.650543030862	0.669316118843	0.674260045384	0.680669039849	0.679822687942	0.668228136334	0.677922240144	0.661408119229	0.698107361098	0.687044439734	0.714688842033	0.695401152456	0.686456441086	0.729234177499	0.710615518822	0.719156292253	0.68850191236	0.701355046734	0.697306914923	0.71186494464	0.689504647387	0.71597389624	0.692368837123	0.710362881972	0.65563430035	0.695917593197
AF4	0.682769495446	0.656694470644	0.757741911578	0.68432054217	0.421255930343	0.401927755042	0.668003027867	0.640650058198	0.676462264066	0.663991839211	0.554489959664	0.0	0.694559813118	0.717228561475	0.692387588311	0.651628399973	0.692438635504	0.688191078242	0.766632027083	0.672373065727	0.7038545903	0.673757910708	0.715200430824	0.709372029827	0.731429240076	0.701791621901	0.702054525065	0.681480275467	0.721897686546	0.675205581351	0.744651042712	0.683697530132	0.676179736737	0.657128407353	0.677496616064	0.655390932322	0.685778339538	0.666515979692	0.666641970709	0.645971825585	0.65724268643	0.676732687762	0.675102350996	0.654804735214	0.687343622023	0.661736937786	0.719078967738	0.679709420628	0.679273265156	0.682493510009	0.678688964864	0.690641330102	0.666668714957	0.669198915843	0.680949694776	0.666263368251	0.687542818579	0.67700931229	0.68274375563	0.663633998847	0.688974016599	0.674678763552
AG3	0.647456727367	0.671496250603	0.731915486881	0.420757358301	0.692925130138	0.682234714778	0.712295963457	0.688404723114	0.667687421367	0.711360823962	0.67607306899	0.694559813118	0.0	0.497986534209	0.674668489793	0.667558086274	0.672307129299	0.683271872692	0.776202274539	0.680860029818	0.684456550811	0.707197077294	0.67696893391	0.708598673138	0.729301507594	0.71676204705	0.678636823857	0.70347573986	0.693238240751	0.702614481403	0.740391131998	0.697535359421	0.68525175861	0.705610780963	0.683428619422	0.677583411654	0.687405451574	0.675096436586	0.698731445228	0.70675710389	0.696349883846	0.672278035346	0.670832813524	0.686804754547	0.715138515423	0.706413701345	0.698799701287	0.703308365396	0.661805083753	0.71278902114	0.703054838619	0.717475930034	0.68003650836	0.676548016641	0.686213343629	0.678119740827	0.703200795253	0.721284031276	0.689072370373	0.684555685301	0.689504653017	0.719450077322
AG4	0.624273055147	0.653883241494	0.62212758	0.42532455211	0.700534428519	0.689985861068	0.706749581771	0.692178521939	0.675688501142	0.710078093507	0.683870032755	0.717228561475	0.497986534209	0.0	0.681911956239	0.648339180531	0.713317344841	0.712436008672	0.748037636397	0.666236417501	0.710203549971	0.703877863715	0.705711736732	0.734419011326	0.719701638233	0.730964969055	0.695525095209	0.714619787865	0.681466538374	0.688486052236	0.757533280172	0.724526710103	0.701880163158	0.717970833566	0.679593496125	0.692527885971	0.670717554144	0.68508510173	0.701386130612	0.707215162595	0.706346803535	0.679416157485	0.664817639493	0.709102944688	0.726362507598	0.726485187627	0.703462100192	0.732465843879	0.675017492559	0.731274000219	0.690265503292	0.721504936185	0.683408069585	0.703665563839	0.716462741775	0.699035610999	0.712350224387	0.715817904135	0.730148873718	0.707796424388	0.685039799876	0.729884179985
AH3	0.669797122756	0.494364826894	0.730009015189	0.668567393035	0.674933757917	0.681309903771	0.691563293073	0.669220644394	0.667692097963	0.693473184098	0.666541783528	0.692387588311	0.674668489793	0.681911956239	0.0	0.545897445831	0.679812132611	0.698473462395	0.777749617617	0.695606652328	0.721686671519	0.698859357843	0.678864514993	0.685016997022	0.725293193521	0.699463785577	0.689737188485	0.70214055755	0.700357872693	0.697155122333	0.751612415544	0.699152724629	0.666790816964	0.715212433922	0.701755269738	0.680833538342	0.681468950719	0.680363974538	0.690681178784	0.700195098581	0.687655510012	0.681984469712	0.675854052373	0.681814491606	0.716241086663	0.711635437666	0.70710358265	0.689497511452	0.688229918266	0.703722804915	0.697427478698	0.724417820297	0.69468393941	0.690189070204	0.686047244449	0.688026571297	0.697798998732	0.709853708622	0.69581301013	0.685993065313	0.697290192194	0.691023208157
AH4	0.487832864349	0.364372831121	0.733158878237	0.644078872686	0.655793042616	0.645697183172	0.66289584302	0.648741173075	0.658795422777	0.668504712664	0.660859264667	0.651628399973	0.667558086274	0.648339180531	0.545897445831	0.0	0.692620789607	0.690280736139	0.769228794679	0.678120268335	0.708227349474	0.676166604297	0.680118936713	0.688210287517	0.722310083445	0.696938863505	0.665300505899	0.667982800128	0.686891671943	0.677189953707	0.750502300901	0.677356685951	0.671062901014	0.677376321193	0.677140990525	0.665978309364	0.667738480131	0.641784123628	0.656709568833	0.668509431014	0.641070810569	0.664278596579	0.655343946938	0.658099185748	0.695167960732	0.678235225854	0.674836626463	0.65642475782	0.655146869938	0.676151903983	0.66421628203	0.680457218075	0.646969783973	0.6405315556	0.671027938051	0.645737232017	0.662595790911	0.668980054728	0.660555914941	0.642894675126	0.663056596672	0.664979028203
AA7	0.683516417794	0.695787709785	0.741667248741	0.696640231563	0.684840797506	0.691384048933	0.71507953289	0.685143031655	0.655568412559	0.71643534457	0.679690958953	0.692438635504	0.672307129299	0.713317344841	0.679812132611	0.692620789607	0.0	0.522628879833	0.773273069208	0.674604054853	0.657717861383	0.676331055133	0.653168955226	0.676940130959	0.694519102991	0.701250441794	0.669814920606	0.68330727148	0.67016664229	0.669368175748	0.698093352931	0.568085879894	0.659974317942	0.718341053598	0.70188082152	0.707675790139	0.665977867766	0.696503105464	0.706940223518	0.741759396749	0.72537627085	0.682460914422	0.705162658984	0.695685490435	0.73067046168	0.710833553562	0.736462317001	0.736175783683	0.716417550538	0.759152713074	0.707350841753	0.736643936039	0.689880427359	0.710218387028	0.684493411665	0.713612305628	0.739169014911	0.746416802196	0.743591911131	0.736063630156	0.696624665709	0.717539846421
AA8	0.679055562911	0.694255319547	0.761795952037	0.687646850445	0.672743905753	0.695286440598	0.691696570227	0.655818815005	0.67398419798	0.681492080408	0.689164975757	0.688191078242	0.683271872692	0.712436008672	0.698473462395	0.690280736139	0.522628879833	0.0	0.776740229543	0.634848944794	0.624759458994	0.631188101705	0.660867045275	0.668020620262	0.702887949715	0.689057119631	0.660176048629	0.633373105758	0.648803585149	0.649043224322	0.545142739835	0.413956527881	0.68095861279	0.716703567169	0.715054160473	0.722101892681	0.684000906065	0.687932086615	0.69946371661	0.708307654974	0.689466198329	0.694344538536	0.706079635658	0.698387427674	0.710937575603	0.704105273042	0.718034808653	0.698582648881	0.701900992655	0.728753903	0.706262757706	0.731097646133	0.684789610581	0.690065733927	0.671617862548	0.672985481716	0.734309715212	0.723046714196	0.744434863137	0.717087709402	0.713415726874	0.715387734191
AB7	0.765438987153	0.775928595326	0.716367901403	0.758503041345	0.760954983985	0.762686652108	0.776963431362	0.769591953475	0.775787186987	0.784713852231	0.758134261183	0.766632027083	0.776202274539	0.748037636397	0.777749617617	0.769228794679	0.773273069208	0.776740229543	0.0	0.562013236931	0.745073161607	0.750866004201	0.775821295618	0.79370054784	0.746731477052	0.786058627922	0.781919365297	0.772056065395	0.744449196591	0.63517231511	0.761583827652	0.753805854921	0.78132204978	0.787527168933	0.774536037396	0.780140064093	0.766969371482	0.769821337557	0.787922563522	0.796216962891	0.799160524175	0.745692534601	0.724261741832	0.776591523808	0.801205478071	0.796510582162	0.821253111031	0.802898441527	0.782836571498	0.802099247636	0.809150035861	0.804638651874	0.797954332676	0.796182403975	0.784393746629	0.797849955313	0.795977353318	0.811400077015	0.806801877707	0.795590035076	0.793936211763	0.808396570083
AB8	0.685899560549	0.683934183384	0.71425286516	0.663358148135	0.67422104407	0.668879303387	0.663728296081	0.63873201199	0.680275540505	0.648232815629	0.678913100841	0.672373065727	0.680860029818	0.666236417501	0.695606652328	0.678120268335	0.674604054853	0.634848944794	0.562013236931	0.0	0.647636552097	0.641818956462	0.676231215431	0.670171191702	0.682511246761	0.682717604897	0.669264829026	0.643050313927	0.484677903039	0.397658181211	0.692163321375	0.625932487017	0.688736913012	0.674319572227	0.691388059845	0.6755633723	0.661881067131	0.655522267999	0.66551776791	0.685841343202	0.661270481608	0.658849331767	0.651645874392	0.663498386479	0.679653926171	0.665298636827	0.723756873196	0.694248878505	0.67321000946	0.706751416989	0.681380356507	0.714720858128	0.657451298841	0.671700729443	0.678855287018	0.668044280492	0.697741288462	0.703397313489	0.707042267838	0.692375517153	0.680753515744	0.688326594028
AC7	0.704238578738	0.711123806184	0.733588626307	0.696223681462	0.705578402393	0.722396630472	0.717734308758	0.697465492185	0.721714682712	0.720738638573	0.679866478688	0.7038545903	0.684456550811	0.710203549971	0.721686671519	0.708227349474	0.657717861383	0.624759458994	0.745073161607	0.647636552097	0.0	0.504630355708	0.680099014059	0.691019730093	0.687889748757	0.699746654244	0.685119025688	0.581590421594	0.636282734935	0.633494227655	0.667541529538	0.658364304942	0.703238292937	0.694778841744	0.722905314366	0.725871585321	0.713314861388	0.702943622015	0.71778870972	0.734365032179	0.731363562567	0.718690410065	0.716999393422	0.705967573667	0.697486657334	0.685829930047	0.745970358514	0.737862032986	0.700235008121	0.742538302275	0.743641962956	0.76001908377	0.699653599363	0.702005965058	0.687979226634	0.686843600953	0.745935617363	0.735331203208	0.75578622085	0.726572758393	0.703877589307	0.736158497936
AC8	0.688784770993	0.665471316337	0.760954125544	0.687098013317	0.695771464761	0.687134109138	0.68454151291	0.658534351706	0.70708992293	0.685351678263	0.700157486456	0.673757910708	0.707197077294	0.703877863715	0.698859357843	0.676166604297	0.676331055133	0.631188101705	0.750866004201	0.641818956462	0.504630355708	0.0	0.676966984755	0.667832062571	0.703446662906	0.665201704414	0.525163170882	0.40860386335	0.664205199814	0.631288106115	0.709257631731	0.625635571005	0.695276070676	0.650301575625	0.704266488246	0.694021855044	0.690573267753	0.664354234408	0.681458470757	0.707142974647	0.677861270296	0.691705408866	0.686956066119	0.680065153998	0.667846502175	0.652646631412	0.710296703279	0.691949224877	0.661956916496	0.690371435187	0.691080450045	0.689283295427	0.661165731917	0.669820496565	0.676821777426	0.654844976812	0.689161384883	0.6824665242	0.705799205586	0.684354093525	0.666623012189	0.671295736664
AD7	0.671881936983	0.683651673766	0.735953928727	0.687411535446	0.714923895061	0.708970483154	0.712249442351	0.681864191106	0.662833155356	0.707353059078	0.675497654125	0.715200430824	0.67696893391	0.705711736732	0.678864514993	0.680118936713	0.653168955226	0.660867045275	0.775821295618	0.676231215431	0.680099014059	0.676966984755	0.0	0.458466952472	0.698480738768	0.518282309292	0.666079861736	0.670910580577	0.662586698867	0.661857691922	0.695792065687	0.666414641761	0.649218063958	0.698715532722	0.716155694048	0.706547013939	0.683702614505	0.681991036025	0.686365701407	0.7147574682	0.704562517562	0.678664101966	0.673870295398	0.677449096252	0.710222105296	0.68672024882	0.714653032109	0.711495125362	0.678784409211	0.727191401823	0.697627738782	0.72200995727	0.670869826396	0.683775532504	0.666126269107	0.696571075509	0.692369870465	0.716264185936	0.701395860856	0.706716553001	0.662005912538	0.708370122434
AD8	0.711165291952	0.68807550902	0.763166274889	0.716425467361	0.716002950835	0.725629577518	0.692878138062	0.679594819768	0.689999266562	0.702215039471	0.712400187755	0.709372029827	0.708598673138	0.734419011326	0.685016997022	0.688210287517	0.676940130959	0.668020620262	0.79370054784	0.670171191702	0.691019730093	0.667832062571	0.458466952472	0.0	0.588063993492	0.409541922337	0.651578435658	0.647756788633	0.654528121925	0.663255016752	0.705610801281	0.666516716815	0.685894417694	0.695873722721	0.726146178112	0.710758164897	0.695792889739	0.699407106996	0.706578271741	0.722353368364	0.710843318876	0.697605713117	0.687687961627	0.689527610377	0.712744817481	0.692108406658	0.708691548609	0.711169818544	0.687258328553	0.721777689394	0.693267893676	0.721160364334	0.683683278031	0.677152036573	0.661525815392	0.685855128199	0.706407497398	0.718952982745	0.712013539972	0.711621405735	0.700723859391	0.707676507217
AE7	0.738824817127	0.729958645045	0.737822807752	0.735364216837	0.713967028673	0.766927977421	0.729506656309	0.727800442046	0.742508428706	0.742034494695	0.756878934857	0.731429240076	0.729301507594	0.719701638233	0.725293193521	0.722310083445	0.694519102991	0.702887949715	0.746731477052	0.682511246761	0.687889748757	0.703446662906	0.698480738768	0.588063993492	0.0	0.50723285227	0.713861237621	0.698498794891	0.677296522564	0.687992673487	0.733001516969	0.696803181032	0.736072745279	0.750063420283	0.731794401281	0.74620958481	0.728352654666	0.746615323503	0.762468052117	0.76558456515	0.76414704261	0.739651008761	0.724323430843	0.729650830182	0.763133039084	0.759059745455	0.759687707756	0.770288463367	0.726009432114	0.771534234447	0.757835527728	0.77739413101	0.745311666599	0.747560099794	0.7390123564	0.74360244276	0.775645429677	0.786524228577	0.775711855037	0.76365203737	0.754189385064	0.781747456188
AE8	0.713747236832	0.695004689397	0.755521386015	0.701953416467	0.713945198316	0.725254143712	0.705027006422	0.691633607207	0.706274549315	0.707240611067	0.72338811925	0.701791621901	0.71676204705	0.730964969055	0.699463785577	0.696938863505	0.701250441794	0.689057119631	0.786058627922	0.682717604897	0.699746654244	0.665201704414	0.518282309292	0.409541922337	0.50723285227	0.0	0.653004304984	0.653898355841	0.662920525506	0.673151521254	0.705479934251	0.67429288174	0.691548036524	0.702816495538	0.726756125046	0.725312902873	0.715327348208	0.700954648819	0.721172789324	0.728799183573	0.722098707922	0.70801519524	0.684981005566	0.6971452141	0.71649790809	0.699075002861	0.715973866791	0.709867011739	0.693175576116	0.725368817076	0.711819320229	0.729218215706	0.686268717465	0.688018694296	0.688832654855	0.697499298052	0.72084838065	0.726594876824	0.72843708347	0.725592302484	0.705737945376	0.71856652625
AF7	0.672272648395	0.670073688944	0.736001644042	0.657431336331	0.712729224738	0.702623345394	0.699917634607	0.676891355009	0.669675435497	0.679848722458	0.695590729719	0.702054525065	0.678636823857	0.695525095209	0.689737188485	0.665300505899	0.669814920606	0.660176048629	0.781919365297	0.669264829026	0.685119025688	0.525163170882	0.666079861736	0.651578435658	0.713861237621	0.653004304984	0.0	0.444232650515	0.653534576273	0.670280450172	0.725520775757	0.658812325804	0.667407252879	0.707146621887	0.699186057336	0.691473470205	0.686457438033	0.675759597784	0.685350875146	0.69528104564	0.684510708398	0.681977100408	0.685992654083	0.672494199768	0.717917364169	0.705089295301	0.713163183467	0.697630779606	0.684421375596	0.717905220728	0.695370635379	0.715969197548	0.673343955981	0.676307415411	0.675981717707	0.672065161382	0.678768893315	0.721913046776	0.701711918133	0.704498932011	0.669115254186	0.67899731677
AF8	0.681432987673	0.668859999003	0.758934696986	0.679178907747	0.707273262281	0.697689145827	0.676935134446	0.656571585149	0.710927316864	0.677586181894	0.700434795406	0.681480275467	0.70347573986	0.714619787865	0.70214055755	0.667982800128	0.68330727148	0.633373105758	0.772056065395	0.643050313927	0.581590421594	0.40860386335	0.670910580577	0.647756788633	0.698498794891	0.653898355841	0.444232650515	0.0	0.653001840347	0.630243355748	0.704728492146	0.632144050821	0.701422514494	0.661895501422	0.704434853091	0.695034003105	0.685546408076	0.672577537189	0.669722132664	0.696784528665	0.670663243551	0.700749081951	0.693465863334	0.677491356916	0.678509383386	0.659157949618	0.706020369935	0.684259645711	0.65561724458	0.701910874104	0.690797808254	0.689327733647	0.655816853861	0.652486561588	0.664441808892	0.648094725116	0.689499936897	0.687741540808	0.70879000943	0.686422839835	0.671637176104	0.6828693599
AG7	0.703028167617	0.698248893049	0.715583244616	0.674227039152	0.701122580149	0.71647365488	0.716557420865	0.673884646744	0.670596414041	0.691416806966	0.701291090193	0.721897686546	0.693238240751	0.681466538374	0.700357872693	0.686891671943	0.67016664229	0.648803585149	0.744449196591	0.484677903039	0.636282734935	0.664205199814	0.662586698867	0.654528121925	0.677296522564	0.662920525506	0.653534576273	0.653001840347	0.0	0.453544109978	0.677137127163	0.669882015584	0.679138204505	0.703100679737	0.698020289919	0.696042395728	0.672631357968	0.685725291487	0.690068558511	0.701836005159	0.685030052797	0.693077600172	0.68731453004	0.667460458818	0.715553479084	0.699300341193	0.723318633689	0.72059221738	0.684112159881	0.731799156971	0.678754046088	0.732730753287	0.673720058328	0.673229585428	0.676456358805	0.67693752175	0.710043113628	0.722500118777	0.711022397263	0.712989075115	0.676143358621	0.713784439779
AG8	0.683549527358	0.688523331138	0.726853313846	0.690648890972	0.689541539324	0.686762596248	0.680096112016	0.652962303477	0.673015013578	0.669240268362	0.677460694142	0.675205581351	0.702614481403	0.688486052236	0.697155122333	0.677189953707	0.669368175748	0.649043224322	0.63517231511	0.397658181211	0.633494227655	0.631288106115	0.661857691922	0.663255016752	0.687992673487	0.673151521254	0.670280450172	0.630243355748	0.453544109978	0.0	0.695899181346	0.645847196027	0.682536328986	0.672767156855	0.687081639288	0.674556429056	0.645130481983	0.664211712631	0.659697632474	0.686652817444	0.673113989065	0.674498538963	0.659544144278	0.662355922434	0.691320016139	0.658637429961	0.711068528591	0.695667391485	0.672758314914	0.70999087956	0.692249309616	0.718437015252	0.658544343198	0.666380338843	0.672572664322	0.668900511406	0.682435876355	0.709111834175	0.695423939306	0.68862164578	0.673920332804	0.692931834776
AH7	0.744660685191	0.75201795299	0.752934689385	0.735737098021	0.733913676709	0.757836636834	0.724623889584	0.745423828739	0.740632203773	0.72726829955	0.715986695611	0.744651042712	0.740391131998	0.757533280172	0.751612415544	0.750502300901	0.698093352931	0.545142739835	0.761583827652	0.692163321375	0.667541529538	0.709257631731	0.695792065687	0.705610801281	0.733001516969	0.705479934251	0.725520775757	0.704728492146	0.677137127163	0.695899181346	0.0	0.527257966331	0.712132534501	0.762530692453	0.7649753097	0.777156011147	0.74014683777	0.749622468344	0.759107791339	0.748488608928	0.756635512404	0.749319229775	0.749337120314	0.737189375678	0.775216278305	0.759291373357	0.773049528544	0.742672471656	0.742199033142	0.774097949206	0.780170864902	0.78571220047	0.736879698923	0.732548994074	0.73148299592	0.737557505132	0.776649166357	0.792253951185	0.781661405111	0.766271497015	0.755051030352	0.742376647711
AH8	0.686997965612	0.68518915045	0.769689892177	0.689529030808	0.682131599448	0.704858759316	0.686118165748	0.672524151685	0.678916775885	0.671763891052	0.687850877575	0.683697530132	0.697535359421	0.724526710103	0.699152724629	0.677356685951	0.568085879894	0.413956527881	0.753805854921	0.625932487017	0.658364304942	0.625635571005	0.666414641761	0.666516716815	0.696803181032	0.67429288174	0.658812325804	0.632144050821	0.669882015584	0.645847196027	0.527257966331	0.0	0.665208091471	0.714071553037	0.72207818879	0.720902882674	0.68912576317	0.674536984967	0.714123326965	0.709163411871	0.699252853882	0.68915935514	0.706639724742	0.699532215078	0.710724310697	0.700119625448	0.716962622089	0.687508256794	0.702414411886	0.706765133725	0.717709059325	0.730520290899	0.678431023392	0.682167386362	0.688929126161	0.685903359216	0.718511553014	0.72940467437	0.738450372614	0.706375951845	0.708565880667	0.698953091954
AA5	0.65092577527	0.666663600214	0.724098300054	0.680869298598	0.68002421873	0.669521519108	0.713048958575	0.692571595285	0.621867587837	0.699809800803	0.632862926072	0.676179736737	0.68525175861	0.701880163158	0.666790816964	0.671062901014	0.659974317942	0.68095861279	0.78132204978	0.688736913012	0.703238292937	0.695276070676	0.649218063958	0.685894417694	0.736072745279	0.691548036524	0.667407252879	0.701422514494	0.679138204505	0.682536328986	0.712132534501	0.665208091471	0.0	0.59739523494	0.676614912375	0.683531535037	0.650237535037	0.649753774089	0.677014650593	0.692745133599	0.688459934913	0.628703496299	0.635198532284	0.656428519842	0.724477222244	0.65957520941	0.681781530682	0.699548455184	0.688187345892	0.715333594103	0.692362282074	0.711053689159	0.657970434478	0.687511501551	0.66113869736	0.691393747313	0.659637789223	0.7183162218	0.675892258807	0.695709996868	0.646931856966	0.700683734586
AA6	0.686815448096	0.67178988041	0.781126883749	0.702341028276	0.690128352791	0.666152721853	0.673762148513	0.652596188697	0.699666320704	0.672467743397	0.683891772047	0.657128407353	0.705610780963	0.717970833566	0.715212433922	0.677376321193	0.718341053598	0.716703567169	0.787527168933	0.674319572227	0.694778841744	0.650301575625	0.698715532722	0.695873722721	0.750063420283	0.702816495538	0.707146621887	0.661895501422	0.703100679737	0.672767156855	0.762530692453	0.714071553037	0.59739523494	0.0	0.685126925051	0.65998895254	0.652702338834	0.640140833621	0.658229917177	0.682967066033	0.655765248531	0.685998202071	0.645981170772	0.656077409562	0.474291292579	0.424222693534	0.692737420631	0.679109256348	0.666094592823	0.687149362869	0.668740745229	0.684495732359	0.66481045427	0.663641824455	0.682530440947	0.674534708343	0.668809557267	0.672640496919	0.670607467392	0.670705567407	0.653208894395	0.677084475059
AB5	0.672086507242	0.673663588153	0.728164230055	0.691258410606	0.691973625477	0.664408194911	0.689101313119	0.669818209477	0.682480596298	0.688485485304	0.669594977337	0.677496616064	0.683428619422	0.679593496125	0.701755269738	0.677140990525	0.70188082152	0.715054160473	0.774536037396	0.691388059845	0.722905314366	0.704266488246	0.716155694048	0.726146178112	0.731794401281	0.726756125046	0.699186057336	0.704434853091	0.698020289919	0.687081639288	0.7649753097	0.72207818879	0.676614912375	0.685126925051	0.0	0.464867048361	0.647236931737	0.673241043158	0.657095618539	0.660800240164	0.660113461753	0.678790710623	0.672560239617	0.645794353574	0.72273908639	0.700251135746	0.684496257378	0.700213023048	0.669675084421	0.704443335152	0.683810266758	0.701790182909	0.649966948221	0.663097618793	0.686112387993	0.66578060735	0.701669377347	0.700601564385	0.701510625809	0.702039420452	0.65388758225	0.71015401599
AB6	0.691557734603	0.664642381702	0.755928054815	0.688005312582	0.668903718184	0.657485263961	0.664946580123	0.641892820121	0.680026603307	0.661947900791	0.6757853046	0.655390932322	0.677583411654	0.692527885971	0.680833538342	0.665978309364	0.707675790139	0.722101892681	0.780140064093	0.6755633723	0.725871585321	0.694021855044	0.706547013939	0.710758164897	0.74620958481	0.725312902873	0.691473470205	0.695034003105	0.696042395728	0.674556429056	0.777156011147	0.720902882674	0.683531535037	0.65998895254	0.464867048361	0.0	0.636475191746	0.641571242519	0.648370549227	0.649711191476	0.639181014058	0.666257599781	0.662482600023	0.555478339452	0.687959357732	0.665253317086	0.670964311954	0.672275951156	0.664808983653	0.689699391965	0.675053694401	0.703951744166	0.650573723753	0.647867779115	0.669992505438	0.648906324096	0.679409993637	0.695538966203	0.671471822514	0.677686708025	0.659746635325	0.673616295957
AC5	0.646805084977	0.669284650251	0.722105123333	0.683371820822	0.693273977821	0.661555126468	0.681771724257	0.647100065091	0.64997795862	0.687846224805	0.650543030862	0.685778339538	0.687405451574	0.670717554144	0.681468950719	0.667738480131	0.665977867766	0.684000906065	0.766969371482	0.661881067131	0.713314861388	0.690573267753	0.683702614505	0.695792889739	0.728352654666	0.715327348208	0.686457438033	0.685546408076	0.672631357968	0.645130481983	0.74014683777	0.68912576317	0.650237535037	0.652702338834	0.647236931737	0.636475191746	0.0	0.496063986778	0.626443988801	0.66805265287	0.657315435847	0.673609448692	0.568564388188	0.644004440698	0.658494947161	0.633634078581	0.651113634298	0.676709969032	0.629362252539	0.683995735192	0.653618125496	0.669511581819	0.63526963819	0.65480505421	0.629229164117	0.652472403688	0.649362226207	0.674705873775	0.66032829261	0.677332294824	0.643518785094	0.67725087409
AC6	0.662983976087	0.650702874713	0.756311648917	0.66441199851	0.674862297541	0.657911878617	0.670838268573	0.660684673822	0.676520879124	0.67084411044	0.669316118843	0.666515979692	0.675096436586	0.68508510173	0.680363974538	0.641784123628	0.696503105464	0.687932086615	0.769821337557	0.655522267999	0.702943622015	0.664354234408	0.681991036025	0.699407106996	0.746615323503	0.700954648819	0.675759597784	0.672577537189	0.685725291487	0.664211712631	0.749622468344	0.674536984967	0.649753774089	0.640140833621	0.673241043158	0.641571242519	0.496063986778	0.0	0.61979582073	0.669200302139	0.641249136344	0.544778340106	0.474749673987	0.616788822925	0.651521753969	0.622238973577	0.657918329124	0.655857193112	0.619601099254	0.649346229142	0.660297801457	0.677843341192	0.648220110906	0.657329878533	0.658690858314	0.656919232164	0.625767794785	0.675839856055	0.656758353432	0.6459319514	0.650442457369	0.646852198148
AD6	0.677186384202	0.6609978713	0.763836982066	0.690016134821	0.679691906322	0.631136573922	0.634216523895	0.625942980959	0.673310698877	0.649007208432	0.674260045384	0.666641970709	0.698731445228	0.701386130612	0.690681178784	0.656709568833	0.706940223518	0.69946371661	0.787922563522	0.66551776791	0.71778870972	0.681458470757	0.686365701407	0.706578271741	0.762468052117	0.721172789324	0.685350875146	0.669722132664	0.690068558511	0.659697632474	0.759107791339	0.714123326965	0.677014650593	0.658229917177	0.657095618539	0.648370549227	0.626443988801	0.61979582073	0.0	0.517394330662	0.391076962014	0.645754801682	0.637348859753	0.655621457993	0.671328380271	0.652060108648	0.667118601639	0.655993645179	0.642764078817	0.662584038239	0.667891728711	0.667751157537	0.647301437431	0.648618462098	0.657403683534	0.649417750766	0.643706237069	0.683902672539	0.664658995057	0.658684947951	0.627380896544	0.648428300611
AE5	0.698238470289	0.667240386958	0.760736364682	0.690575075782	0.667875574004	0.654408924927	0.653696090495	0.641369781385	0.683182500282	0.649109871041	0.680669039849	0.645971825585	0.70675710389	0.707215162595	0.700195098581	0.668509431014	0.741759396749	0.708307654974	0.796216962891	0.685841343202	0.734365032179	0.707142974647	0.7147574682	0.722353368364	0.76558456515	0.728799183573	0.69528104564	0.696784528665	0.701836005159	0.686652817444	0.748488608928	0.709163411871	0.692745133599	0.682967066033	0.660800240164	0.649711191476	0.66805265287	0.669200302139	0.517394330662	0.0	0.424829950702	0.688461438601	0.660394887172	0.654700677698	0.687627948014	0.675262459079	0.694824623736	0.67687512409	0.658060933572	0.661841792983	0.68465930443	0.694521335338	0.644744551594	0.641868252366	0.668277326857	0.64725673068	0.665527443238	0.695837612099	0.67514793372	0.656830887208	0.660906902634	0.678157716157
AE6	0.673074778912	0.642845156865	0.77300875995	0.686755378464	0.659599035848	0.635955507237	0.618164546563	0.608160686026	0.670706274192	0.635290767573	0.679822687942	0.65724268643	0.696349883846	0.706346803535	0.687655510012	0.641070810569	0.72537627085	0.689466198329	0.799160524175	0.661270481608	0.731363562567	0.677861270296	0.704562517562	0.710843318876	0.76414704261	0.722098707922	0.684510708398	0.670663243551	0.685030052797	0.673113989065	0.756635512404	0.699252853882	0.688459934913	0.655765248531	0.660113461753	0.639181014058	0.657315435847	0.641249136344	0.391076962014	0.424829950702	0.0	0.647381880911	0.649472555507	0.663377867426	0.657991520983	0.65566606591	0.68421033932	0.651071324488	0.643817576412	0.658516538476	0.657965960519	0.671188531907	0.621613465568	0.627848447381	0.658678077787	0.61914511329	0.655646512596	0.679284741811	0.667322227637	0.641062793095	0.635465155058	0.6390100346
AF5	0.674108663291	0.67312384364	0.727952832304	0.664249361507	0.665416657825	0.656704095583	0.703288695071	0.67412496803	0.635478380608	0.683015148023	0.668228136334	0.676732687762	0.672278035346	0.679416157485	0.681984469712	0.664278596579	0.682460914422	0.694344538536	0.745692534601	0.658849331767	0.718690410065	0.691705408866	0.678664101966	0.697605713117	0.739651008761	0.70801519524	0.681977100408	0.700749081951	0.693077600172	0.674498538963	0.749319229775	0.68915935514	0.628703496299	0.685998202071	0.678790710623	0.666257599781	0.673609448692	0.544778340106	0.645754801682	0.688461438601	0.647381880911	0.0	0.504021834351	0.649144335802	0.697621245262	0.691234794225	0.71613627645	0.701984898244	0.668333484884	0.69650725788	0.69285890087	0.724736445971	0.681016587052	0.69174619287	0.698175308044	0.691572176342	0.6581564513	0.730225039726	0.689764456392	0.678349121449	0.65860040931	0.684347069873
AF6	0.667179822597	0.64156428946	0.70767044806	0.657893596546	0.675870167229	0.661230064734	0.676372326006	0.667694961025	0.661207567064	0.688180555087	0.677922240144	0.675102350996	0.670832813524	0.664817639493	0.675854052373	0.655343946938	0.705162658984	0.706079635658	0.724261741832	0.651645874392	0.716999393422	0.686956066119	0.673870295398	0.687687961627	0.724323430843	0.684981005566	0.685992654083	0.693465863334	0.68731453004	0.659544144278	0.749337120314	0.706639724742	0.635198532284	0.645981170772	0.672560239617	0.662482600023	0.568564388188	0.474749673987	0.637348859753	0.660394887172	0.649472555507	0.504021834351	0.0	0.627707675711	0.675267183281	0.662936234485	0.669041658854	0.668491734875	0.632908608511	0.676408824645	0.677111475355	0.69803251326	0.662206157348	0.675639493256	0.673266121278	0.67377002029	0.645741732682	0.699025475024	0.667233644037	0.654607235768	0.662440129851	0.677439365928
