	AA3	AA4	AB3	AB4	AC3	AC4	AD3	AD4	AE3	AE4	AF3	AF4	AG3	AG4	AH3	AH4	AA7	AA8	AB7	AB8	AC7	AC8	AD7	AD8	AE7	AE8	AF7	AF8	AG7	AG8	AH7	AH8	AA5	AA6	AB5	AB6	AC5	AC6	AD6	AE5	AE6	AF5	AF6	AG5	AH5	AH6	AA1	AA2	AB1	AB2	AC1	AC2	AD1	AD2	AE1	AE2	AF1	AF2	AG1	AG2	AH1	AH2
AA3	0.0	0.505183020505	0.668292965988	0.645747643203	0.682146658436	0.674918106024	0.69317896397	0.68922310943	0.645171202517	0.701966707659	0.63582116349	0.678492217005	0.636433908038	0.609671186696	0.674766010736	0.480994961753	0.668042495144	0.682072657811	0.757956754727	0.685710776977	0.686511872663	0.680866825576	0.680006774047	0.694990560118	0.729062453087	0.70552388889	0.668876567095	0.682810607893	0.690530531532	0.666397214293	0.724259338689	0.699152021599	0.663402156733	0.687165845478	0.679312033219	0.66916458527	0.633276703146	0.659781619445	0.667576520843	0.678838746341	0.686510882784	0.686824325025	0.661765658285	0.663066553061	0.689087251027	0.68837696834	0.669661969132	0.693328587273	0.646839756046	0.691884085271	0.678665632511	0.687443851765	0.645137800135	0.665137362558	0.66140881848	0.658572422096	0.665705268188	0.682940447376	0.647853630651	0.687947239899	0.640244145283	0.683812254106
AA4	0.505183020505	0.0	0.701555288701	0.646743760746	0.65724974083	0.637553619662	0.666542647706	0.662934967911	0.675687519646	0.675120398802	0.661551243191	0.653881303137	0.664797075516	0.625100656387	0.502074872	0.377720779476	0.693414009028	0.698537391855	0.773580118591	0.677374285619	0.70719411301	0.675127782688	0.695698108224	0.690953091645	0.725665026663	0.694012198626	0.663178143342	0.664580630203	0.697610565952	0.673303410129	0.750075841278	0.701181000254	0.687998921532	0.67529515365	0.662067045394	0.650018867167	0.653459989931	0.641746957481	0.640272854672	0.659563946769	0.647974035775	0.666930863989	0.65115986591	0.636526898232	0.676904931385	0.679006334741	0.666647514148	0.672575629975	0.64874026642	0.658684921771	0.662648758761	0.671114787462	0.654064581721	0.651061230971	0.657507536822	0.636277673672	0.662230013783	0.665809596005	0.655543119387	0.65047887553	0.644985392967	0.650347784435
AB3	0.668292965988	0.701555288701	0.0	0.669403049053	0.740325371314	0.765258432551	0.764029644924	0.757488209851	0.712911127687	0.763624155994	0.721908688276	0.763386715517	0.726022163578	0.548267524113	0.702921946781	0.705097540629	0.726247560731	0.753391795444	0.724264878971	0.716009910935	0.729700998163	0.74620559713	0.744743424628	0.757220526599	0.717691356639	0.754729969729	0.728584562428	0.750660858038	0.69981016738	0.712832814488	0.751651604909	0.75102495095	0.738385874604	0.773194647348	0.73496931067	0.74634723439	0.720655736932	0.747303942632	0.759470257249	0.750204139748	0.785627137512	0.73234655521	0.743176363829	0.751868581214	0.78674477487	0.794573382363	0.770359299307	0.780232988508	0.730430370259	0.782983405075	0.746884913548	0.775206442552	0.744845762458	0.767906621125	0.757184119424	0.763194877737	0.76944320741	0.777445977357	0.780211953895	0.779268929504	0.734453719741	0.768561224929
AB4	0.645747643203	0.646743760746	0.669403049053	0.0	0.691993104548	0.68912680552	0.714903814023	0.683703533014	0.690142157895	0.701868876617	0.682433974465	0.701004861184	0.420899021148	0.457225420131	0.681352543972	0.654821882756	0.698150493081	0.694983774341	0.771262154328	0.693732913088	0.690329867165	0.689397178561	0.690057145721	0.708403219338	0.736160094651	0.709432637404	0.674425278363	0.673698147799	0.692580231954	0.693102384231	0.725364554949	0.700906123263	0.703057649068	0.714000648934	0.696153163559	0.698423834808	0.679416748787	0.667700106622	0.685858629325	0.707620727705	0.723820302894	0.656016626722	0.665218640422	0.667070194614	0.728003294746	0.723572769726	0.710928816307	0.711170947901	0.653200328732	0.707817152529	0.708318721417	0.718429471983	0.677359890502	0.686233241886	0.693731644723	0.687069502757	0.698664733096	0.725942367396	0.702216162988	0.695522938812	0.676601079672	0.696856193173
AC3	0.682146658436	0.65724974083	0.740325371314	0.691993104548	0.0	0.487533304991	0.677744287267	0.653226601158	0.653704257465	0.660816198659	0.688209233659	0.464075711676	0.706646687326	0.687551119267	0.682507828769	0.647616490119	0.677745848633	0.668680094926	0.762627390903	0.66552869837	0.70542726226	0.703353702526	0.731751880632	0.711945608238	0.719602069013	0.708140857806	0.705769637161	0.703753616593	0.705331390973	0.686560441331	0.742220187635	0.691606695611	0.687660161134	0.684822283437	0.685719038443	0.692006150178	0.684185961648	0.686420206719	0.683081411192	0.659109554882	0.667913356378	0.642973575015	0.662370734045	0.666498759336	0.712660033112	0.704060385712	0.715786648319	0.701576038685	0.698744707762	0.671394231937	0.694756909055	0.707861289618	0.690675364683	0.684637570823	0.669965390582	0.677556283327	0.698517458301	0.70041150146	0.695448813736	0.673246762986	0.690565566462	0.694196619369
AC4	0.674918106024	0.637553619662	0.765258432551	0.68912680552	0.487533304991	0.0	0.674413599855	0.638169351639	0.668338953622	0.66766808139	0.520904186662	0.413461538462	0.695391494764	0.68658471448	0.684120445747	0.644806631227	0.687296866193	0.676552364113	0.759257479618	0.660329431734	0.706861377349	0.67734492542	0.713047787247	0.704424788113	0.755232673155	0.71557648379	0.685099101711	0.682269537974	0.710053971372	0.676065555485	0.738907692442	0.687923450105	0.689895517803	0.660989446295	0.683115467425	0.660123984628	0.668836427299	0.655668854133	0.673121866632	0.657351660402	0.662376717537	0.652371859936	0.658986304253	0.631259786175	0.668226777376	0.669641328349	0.726652936417	0.700334919746	0.69462368524	0.684875567841	0.698804255729	0.68531539584	0.696675121028	0.699409054011	0.70256665765	0.694367497042	0.668936464499	0.678620355871	0.674590730333	0.678792162759	0.667116932643	0.688078897547
AD3	0.69317896397	0.666542647706	0.764029644924	0.714903814023	0.677744287267	0.674413599855	0.0	0.425197666768	0.683293892874	0.354646312655	0.713101467484	0.663098246261	0.719331007088	0.694723987717	0.703101166601	0.673294844777	0.717713667918	0.687307187479	0.779714756587	0.673460219254	0.731697457791	0.69242332656	0.731688629636	0.700821967924	0.735963375224	0.688982125966	0.692657228369	0.686241647882	0.706151825052	0.663794703769	0.735052286223	0.706309535594	0.714532327575	0.670339719606	0.676637636932	0.683787186329	0.69876946609	0.651623966956	0.647163433113	0.652596836015	0.624979482461	0.697197666046	0.66735341476	0.684076117158	0.689726655368	0.699707256914	0.694858086815	0.676952752637	0.680360048966	0.66113778807	0.703245299094	0.691210456102	0.671395747071	0.6696546052	0.686581184991	0.663235009197	0.678427253272	0.6677283204	0.679890093089	0.639823553935	0.707292978266	0.664851462137
AD4	0.68922310943	0.662934967911	0.757488209851	0.683703533014	0.653226601158	0.638169351639	0.425197666768	0.0	0.601347338505	0.402259044995	0.672485340432	0.624913941296	0.693332557117	0.680147977624	0.69673815977	0.664884442087	0.6889235234	0.656502074081	0.774371073907	0.628913449217	0.71047878263	0.68380004776	0.694006579777	0.667908988216	0.729421424886	0.667810407402	0.671785310139	0.671897976925	0.654461622871	0.629717069568	0.736115038999	0.668979119106	0.686770657772	0.646007585652	0.654801218086	0.660372788026	0.662194264224	0.629251270776	0.639249346769	0.638647848213	0.63171054799	0.683126126324	0.647936487892	0.663097563812	0.664677492148	0.675682495684	0.69126602897	0.667074740152	0.676581589657	0.674107822927	0.691449014009	0.688751818505	0.661534664206	0.665710905058	0.665552604079	0.66117957226	0.681636346789	0.658257952272	0.691265380523	0.648809413667	0.675472706946	0.659097785913
AE3	0.645171202517	0.675687519646	0.712911127687	0.690142157895	0.653704257465	0.668338953622	0.683293892874	0.601347338505	0.0	0.641012638356	0.646658568791	0.66834529574	0.666346547222	0.680348344635	0.666965958576	0.658873193374	0.655020021257	0.664227070774	0.768757116	0.67448714874	0.712596833302	0.721814962077	0.667973963146	0.679845247224	0.73836458094	0.692146166329	0.675065616261	0.717108607202	0.677264503288	0.679162748952	0.72840069237	0.699762730543	0.630073445137	0.695029493129	0.686693777228	0.691863591836	0.639341104452	0.67408103146	0.66323697417	0.678186681482	0.688920958128	0.648817804894	0.652320275266	0.655784177273	0.707320403764	0.71355970565	0.69974285236	0.720257762384	0.682232176352	0.697522172098	0.688051361115	0.713212594672	0.680838420351	0.682480875077	0.64050262835	0.698390267289	0.694590611318	0.716900048667	0.697290385022	0.703557085452	0.645470198702	0.710433299834
AE4	0.701966707659	0.675120398802	0.763624155994	0.701868876617	0.660816198659	0.66766808139	0.354646312655	0.402259044995	0.641012638356	0.0	0.70080730329	0.653834255341	0.70773156528	0.69065222929	0.706245387155	0.682411648912	0.703234412535	0.683766636439	0.781553081231	0.652959614636	0.722765974913	0.695078470396	0.719435891159	0.686839982866	0.734909720089	0.69456176563	0.7046693273	0.693428371675	0.69980187061	0.659835177682	0.7254731504	0.688601108956	0.71300319563	0.665046079485	0.68173105962	0.682690125954	0.688607663421	0.664478584013	0.644940340588	0.64844840226	0.626408908111	0.691125305703	0.676660683623	0.670312723849	0.687732197248	0.68748092961	0.688283657207	0.674708444946	0.689949037304	0.67120177876	0.698732325392	0.684385075453	0.689846665213	0.657346395037	0.670825624745	0.66605938096	0.697104468162	0.676323744789	0.694060525319	0.672854022137	0.696992250025	0.670599419838
AF3	0.63582116349	0.661551243191	0.721908688276	0.682433974465	0.688209233659	0.520904186662	0.713101467484	0.672485340432	0.646658568791	0.70080730329	0.0	0.547258443058	0.668982765555	0.677363951021	0.673657421708	0.665471393423	0.674041945614	0.677979616644	0.762665681842	0.668232183631	0.677044960498	0.710520716206	0.68608922892	0.702807343829	0.761284497689	0.716071074368	0.687666949833	0.710446762981	0.700825535203	0.676447456702	0.717925446116	0.69129772455	0.652318114035	0.683754674181	0.672137468638	0.669500533017	0.661124716629	0.671451157194	0.67583444551	0.673844942115	0.696596863516	0.675922478042	0.673925408473	0.66572203709	0.685169290355	0.693602903897	0.711916865971	0.728291271228	0.688773289315	0.710154206804	0.710492948519	0.713748313698	0.707088610588	0.704399639435	0.693531349532	0.697830559461	0.671789102364	0.713340186276	0.680338831922	0.711515893202	0.657953108798	0.703593855025
AF4	0.678492217005	0.653881303137	0.763386715517	0.701004861184	0.464075711676	0.413461538462	0.663098246261	0.624913941296	0.66834529574	0.653834255341	0.547258443058	0.0	0.712307628733	0.695382154776	0.701345155475	0.649300710681	0.705395788699	0.67697185817	0.779221852716	0.660891308216	0.722907256628	0.697787572629	0.723003529416	0.711875466263	0.758556215075	0.699625591078	0.685073600569	0.696628351576	0.711215812009	0.670293535602	0.769141548491	0.708806386265	0.670812264943	0.65338464667	0.673467221784	0.678071903421	0.671701698736	0.650619040739	0.671000436888	0.649243354444	0.648572304433	0.649862625398	0.649337907771	0.66099903953	0.681109729861	0.676456517644	0.716251672332	0.706738105928	0.704511068825	0.675320330592	0.67759437919	0.684138383514	0.673877496563	0.688110177984	0.683850446824	0.681624033665	0.659612640418	0.654050678167	0.693406767108	0.668598242827	0.668071966904	0.690106291859
AG3	0.636433908038	0.664797075516	0.726022163578	0.420899021148	0.706646687326	0.695391494764	0.719331007088	0.693332557117	0.666346547222	0.70773156528	0.668982765555	0.712307628733	0.0	0.527066917098	0.687595696745	0.667519784953	0.680012918799	0.687990286781	0.77464300893	0.701701049293	0.679928494962	0.698497098152	0.685620689156	0.696950071292	0.724691869948	0.709971869723	0.689716946482	0.696163425753	0.699556577062	0.694043092214	0.733068086669	0.704772029592	0.696172379205	0.701604369968	0.694047663675	0.702583492373	0.673401424913	0.671919786834	0.678271464658	0.694661900271	0.711379472121	0.671771559124	0.666447510024	0.668612964047	0.707265281476	0.7109126062	0.695107923063	0.705140378551	0.643197870203	0.704410906903	0.705358469752	0.716273413286	0.683965679443	0.688254255002	0.671746182728	0.683001141107	0.698631162398	0.728468506197	0.68984485812	0.701484835616	0.682116437988	0.709012472945
AG4	0.609671186696	0.625100656387	0.548267524113	0.457225420131	0.687551119267	0.68658471448	0.694723987717	0.680147977624	0.680348344635	0.69065222929	0.677363951021	0.695382154776	0.527066917098	0.0	0.676916222405	0.632687158338	0.702085307383	0.723268902659	0.720757522985	0.670996778563	0.704607366472	0.6888495623	0.688846600417	0.704431452025	0.689665600974	0.69927714515	0.672246578053	0.691292322611	0.691322987659	0.677285623224	0.75506505824	0.721659770165	0.704997954945	0.708778821624	0.681194580877	0.67750606568	0.666618564588	0.66520051362	0.687049741134	0.695675070988	0.716325954865	0.653038621871	0.660452741636	0.67334719247	0.718390914238	0.730902566477	0.695621532535	0.716448240489	0.632956787602	0.703319890861	0.687302668309	0.704893967113	0.689096591277	0.695800086823	0.690731975033	0.687711428444	0.700084989745	0.710156805403	0.698883773583	0.693792973639	0.675175307473	0.703517210566
AH3	0.674766010736	0.502074872	0.702921946781	0.681352543972	0.682507828769	0.684120445747	0.703101166601	0.69673815977	0.666965958576	0.706245387155	0.673657421708	0.701345155475	0.687595696745	0.676916222405	0.0	0.536165952511	0.685020385344	0.70513085033	0.782935504853	0.698374227251	0.721894288854	0.700274287621	0.690622179175	0.684282860936	0.724355946632	0.679726976088	0.679563027865	0.699732931398	0.700658882753	0.699435125433	0.751670918717	0.717156563389	0.693544899003	0.720825166052	0.697649783101	0.689945055653	0.693950727289	0.682210324089	0.676979093667	0.691641867589	0.685065128213	0.689232639096	0.683115024038	0.680435033167	0.721286949153	0.724831188776	0.714396207717	0.701754397024	0.702228280203	0.703599950382	0.693163446442	0.719704328123	0.707505946782	0.696080834169	0.677806664181	0.692048117627	0.716684588376	0.72754870621	0.694850691505	0.696328877683	0.696661421491	0.693343331107
AH4	0.480994961753	0.377720779476	0.705097540629	0.654821882756	0.647616490119	0.644806631227	0.673294844777	0.664884442087	0.658873193374	0.682411648912	0.665471393423	0.649300710681	0.667519784953	0.632687158338	0.536165952511	0.0	0.688662754486	0.681116071528	0.779611445165	0.667206404141	0.714938703435	0.671969738031	0.684471062729	0.682581948017	0.736413717839	0.687186114701	0.658097149376	0.665564234217	0.693171924622	0.668832367237	0.747510383841	0.70001495599	0.683596263306	0.6791228914	0.672540938665	0.660265270696	0.655976937257	0.647414479908	0.630401549269	0.663591898999	0.63464609354	0.665989645263	0.647755177696	0.655998309257	0.684817139253	0.681839091399	0.675257357401	0.660697620645	0.647488780248	0.65199080258	0.659400583752	0.669363087379	0.652414759936	0.640676575404	0.653735685448	0.638942385524	0.675864487534	0.671177345043	0.645461577813	0.645670937281	0.649146355628	0.649688083381
AA7	0.668042495144	0.693414009028	0.726247560731	0.698150493081	0.677745848633	0.687296866193	0.717713667918	0.6889235234	0.655020021257	0.703234412535	0.674041945614	0.705395788699	0.680012918799	0.702085307383	0.685020385344	0.688662754486	0.0	0.521666682827	0.770855799041	0.665739354049	0.658851529534	0.676360146377	0.673554312958	0.681812522238	0.696093703535	0.69987714363	0.663067020066	0.66296530021	0.674028247345	0.661333144154	0.699173794284	0.561092981224	0.671060101128	0.724840829558	0.699274194895	0.724226282464	0.675853832045	0.685900494489	0.695836727137	0.739580431422	0.738950287866	0.696069189813	0.690465711793	0.701803039724	0.724624395507	0.723884262627	0.731429208455	0.732465573979	0.714492705288	0.746072935216	0.713392163336	0.738487350042	0.690765918042	0.711211978738	0.69974477982	0.703320274494	0.733312124091	0.738194496252	0.742345004049	0.728590452244	0.693352305709	0.719998643537
AA8	0.682072657811	0.698537391855	0.753391795444	0.694983774341	0.668680094926	0.676552364113	0.687307187479	0.656502074081	0.664227070774	0.683766636439	0.677979616644	0.67697185817	0.687990286781	0.723268902659	0.70513085033	0.681116071528	0.521666682827	0.0	0.777446770049	0.651361745442	0.641230982869	0.64578002595	0.680262906242	0.674856349573	0.71563494408	0.675725882727	0.674243503561	0.644600299538	0.656400734101	0.647119867086	0.556540905806	0.419936924659	0.667051480319	0.699756025989	0.701876153131	0.727496607087	0.690520247687	0.675638060426	0.698690146452	0.713485596138	0.706952569343	0.695951049033	0.659526660891	0.707997783666	0.711299021795	0.698281494748	0.725023486556	0.708402477627	0.711294546113	0.715487328153	0.71759968467	0.739341463403	0.681276892182	0.685698718966	0.676945233663	0.690040451379	0.710528709781	0.716642413656	0.73386658779	0.703046576687	0.706922948166	0.70713278075
AB7	0.757956754727	0.773580118591	0.724264878971	0.771262154328	0.762627390903	0.759257479618	0.779714756587	0.774371073907	0.768757116	0.781553081231	0.762665681842	0.779221852716	0.77464300893	0.720757522985	0.782935504853	0.779611445165	0.770855799041	0.777446770049	0.0	0.5775443259	0.754791455755	0.75846798743	0.786959007176	0.797818519547	0.748590438705	0.791787617202	0.77665777673	0.777627338368	0.752451332978	0.65501896833	0.76751244485	0.757151656527	0.786416868286	0.788985531411	0.778765045561	0.797196151106	0.763831217485	0.769888812162	0.787782326383	0.789555926616	0.809134911201	0.724069102368	0.745736060875	0.77235675401	0.80505362859	0.801983269747	0.827423016744	0.815351301608	0.776635321877	0.801100679921	0.814842018013	0.811026519997	0.801297173561	0.805494268082	0.787318030106	0.795123547762	0.801765124416	0.80140212827	0.805637749797	0.798490331901	0.789805298318	0.797725512255
AB8	0.685710776977	0.677374285619	0.716009910935	0.693732913088	0.66552869837	0.660329431734	0.673460219254	0.628913449217	0.67448714874	0.652959614636	0.668232183631	0.660891308216	0.701701049293	0.670996778563	0.698374227251	0.667206404141	0.665739354049	0.651361745442	0.5775443259	0.0	0.647411762967	0.632167721982	0.684234348451	0.654347870105	0.677145118287	0.66101052538	0.654880386689	0.633788543483	0.493801858373	0.412075150378	0.697330358383	0.621682905579	0.69959931084	0.678004407305	0.689054304254	0.689441910537	0.668364882813	0.64725099655	0.665842240345	0.68744890313	0.672956842444	0.649039959735	0.625999606271	0.662762773797	0.68414952905	0.690734227697	0.724228592628	0.710799601792	0.684342306897	0.691635366225	0.695142822065	0.711460935284	0.687159548027	0.674204600669	0.671884634728	0.669349698452	0.697185274853	0.701371874864	0.697870337212	0.689539841903	0.675884663884	0.700406530447
AC7	0.686511872663	0.70719411301	0.729700998163	0.690329867165	0.70542726226	0.706861377349	0.731697457791	0.71047878263	0.712596833302	0.722765974913	0.677044960498	0.722907256628	0.679928494962	0.704607366472	0.721894288854	0.714938703435	0.658851529534	0.641230982869	0.754791455755	0.647411762967	0.0	0.513222136378	0.689295051803	0.684082755139	0.699148485858	0.687458651286	0.689889154409	0.589030211452	0.642667988772	0.641667862314	0.660849180147	0.645143458088	0.722458363712	0.696962763453	0.72770812531	0.740228097637	0.701000851003	0.713666605297	0.715847074225	0.729648203561	0.741230667171	0.721657938723	0.712212801687	0.711008947412	0.686821592818	0.687726479206	0.750129963408	0.761738212971	0.714871980506	0.736738253753	0.765492801257	0.750965415109	0.712886665461	0.70258016994	0.70525472885	0.70791891227	0.74364217365	0.736763434011	0.746240676249	0.728403765279	0.706875156925	0.73855723317
AC8	0.680866825576	0.675127782688	0.74620559713	0.689397178561	0.703353702526	0.67734492542	0.69242332656	0.68380004776	0.721814962077	0.695078470396	0.710520716206	0.697787572629	0.698497098152	0.6888495623	0.700274287621	0.671969738031	0.676360146377	0.64578002595	0.75846798743	0.632167721982	0.513222136378	0.0	0.68943004128	0.671961149111	0.706517614076	0.670915840742	0.508035806752	0.414430902719	0.64371071225	0.620736938816	0.692678715959	0.637794861544	0.724163945358	0.67858489098	0.707501236313	0.708337280024	0.697217410962	0.692542358411	0.682421382426	0.712162017798	0.697311366771	0.69596502715	0.692897837981	0.680017475687	0.680239106916	0.675818818488	0.721218465787	0.706796326056	0.690916322783	0.698481195503	0.706171752686	0.699158836883	0.676771705323	0.66203199106	0.678709677847	0.666232155684	0.715257742258	0.670000347202	0.705252172658	0.691657614076	0.685703755147	0.680143485037
AD7	0.680006774047	0.695698108224	0.744743424628	0.690057145721	0.731751880632	0.713047787247	0.731688629636	0.694006579777	0.667973963146	0.719435891159	0.68608922892	0.723003529416	0.685620689156	0.688846600417	0.690622179175	0.684471062729	0.673554312958	0.680262906242	0.786959007176	0.684234348451	0.689295051803	0.68943004128	0.0	0.477721044457	0.703791882403	0.543049115509	0.662013089961	0.679721020724	0.666261445828	0.663017339156	0.698441818543	0.677592169646	0.674115533414	0.708029660019	0.726077709164	0.720108476881	0.69452116728	0.682524972642	0.702441679487	0.723379317296	0.718214654177	0.695374685598	0.689754421376	0.687110913975	0.710244189164	0.682551988617	0.712056037627	0.712300674917	0.68163747402	0.725819087755	0.696844570765	0.726843286104	0.696457681313	0.686846053246	0.671709905624	0.68997928892	0.707619367377	0.717157694671	0.706276540447	0.71305985538	0.669622230803	0.702925117698
AD8	0.694990560118	0.690953091645	0.757220526599	0.708403219338	0.711945608238	0.704424788113	0.700821967924	0.667908988216	0.679845247224	0.686839982866	0.702807343829	0.711875466263	0.696950071292	0.704431452025	0.684282860936	0.682581948017	0.681812522238	0.674856349573	0.797818519547	0.654347870105	0.684082755139	0.671961149111	0.477721044457	0.0	0.595780622257	0.385789306086	0.629592699298	0.661800209759	0.654798521697	0.643350594863	0.70290785266	0.677339368231	0.690148990405	0.692344158651	0.722427073788	0.716748030118	0.699945527135	0.687174085457	0.698943060974	0.723767514762	0.705027869751	0.695781181616	0.68296793381	0.687618516768	0.693099612896	0.694879983006	0.713458341438	0.706651036221	0.695491223294	0.710787180693	0.694257743062	0.717751819319	0.692336016845	0.671867850102	0.668513205903	0.683483939056	0.711106642389	0.716399564217	0.706223009353	0.714825342016	0.697237990778	0.702296791509
AE7	0.729062453087	0.725665026663	0.717691356639	0.736160094651	0.719602069013	0.755232673155	0.735963375224	0.729421424886	0.73836458094	0.734909720089	0.761284497689	0.758556215075	0.724691869948	0.689665600974	0.724355946632	0.736413717839	0.696093703535	0.71563494408	0.748590438705	0.677145118287	0.699148485858	0.706517614076	0.703791882403	0.595780622257	0.0	0.518774523843	0.705453489303	0.699109851961	0.6861662876	0.693228682755	0.731467207761	0.711269022716	0.749443730432	0.75031828342	0.742058224442	0.756143189359	0.735589930748	0.74856356755	0.752893603619	0.764699336247	0.764819005033	0.740598610465	0.735603305207	0.725514505202	0.744475227928	0.761413278722	0.770279709748	0.775784801874	0.739749818414	0.765905119119	0.773905940968	0.783535024703	0.750705743636	0.755552019515	0.739317526207	0.744530299544	0.785747174172	0.779939651296	0.776610923657	0.764922097047	0.7564137531	0.774810665847
AE8	0.70552388889	0.694012198626	0.754729969729	0.709432637404	0.708140857806	0.71557648379	0.688982125966	0.667810407402	0.692146166329	0.69456176563	0.716071074368	0.699625591078	0.709971869723	0.69927714515	0.679726976088	0.687186114701	0.69987714363	0.675725882727	0.791787617202	0.66101052538	0.687458651286	0.670915840742	0.543049115509	0.385789306086	0.518774523843	0.0	0.643299132313	0.663507286376	0.651269576243	0.64051953969	0.712698161939	0.690166723825	0.691256534136	0.695870650085	0.715138657717	0.722560653794	0.711689650775	0.684422578335	0.71198429664	0.728951375583	0.708222324508	0.694307532898	0.673720992557	0.692567889076	0.705201729245	0.709243983007	0.718165036382	0.711241285545	0.697272694411	0.713846216706	0.704543765301	0.729510468956	0.694321687919	0.685454989246	0.685718424613	0.686305623067	0.704696319388	0.709331307218	0.711897033613	0.694972175265	0.706545438889	0.701735516337
AF7	0.668876567095	0.663178143342	0.728584562428	0.674425278363	0.705769637161	0.685099101711	0.692657228369	0.671785310139	0.675065616261	0.7046693273	0.687666949833	0.685073600569	0.689716946482	0.672246578053	0.679563027865	0.658097149376	0.663067020066	0.674243503561	0.77665777673	0.654880386689	0.689889154409	0.508035806752	0.662013089961	0.629592699298	0.705453489303	0.643299132313	0.0	0.47061946774	0.649626299763	0.638690552855	0.731913128703	0.678614968482	0.686567266244	0.689755591922	0.697429672921	0.703751041222	0.685422116032	0.670615201974	0.657200166853	0.706677712262	0.681799970704	0.684166921264	0.675281129855	0.67349207147	0.708060779898	0.716245955106	0.713015082723	0.698119847773	0.676496386817	0.702829603219	0.672606465147	0.712973408727	0.664435903752	0.664461676331	0.677111387959	0.686476353182	0.676958688091	0.690558955252	0.687342268721	0.687923849914	0.669708815805	0.685000927412
AF8	0.682810607893	0.664580630203	0.750660858038	0.673698147799	0.703753616593	0.682269537974	0.686241647882	0.671897976925	0.717108607202	0.693428371675	0.710446762981	0.696628351576	0.696163425753	0.691292322611	0.699732931398	0.665564234217	0.66296530021	0.644600299538	0.777627338368	0.633788543483	0.589030211452	0.414430902719	0.679721020724	0.661800209759	0.699109851961	0.663507286376	0.47061946774	0.0	0.651014531538	0.625363093243	0.690475638119	0.631795107363	0.715915533551	0.679345063718	0.713635856838	0.718120538887	0.693575461514	0.691983537874	0.684986220501	0.714852132468	0.699596220303	0.704762902003	0.685185415529	0.68161923912	0.685680404622	0.680607766311	0.718295870772	0.704497911853	0.674460527193	0.689492405036	0.691995748027	0.69093000662	0.66055070021	0.66212098336	0.673160737712	0.658766649584	0.700784360551	0.682355408582	0.709010980633	0.675223384954	0.676393741978	0.684907388192
AG7	0.690530531532	0.697610565952	0.69981016738	0.692580231954	0.705331390973	0.710053971372	0.706151825052	0.654461622871	0.677264503288	0.69980187061	0.700825535203	0.711215812009	0.699556577062	0.691322987659	0.700658882753	0.693171924622	0.674028247345	0.656400734101	0.752451332978	0.493801858373	0.642667988772	0.64371071225	0.666261445828	0.654798521697	0.6861662876	0.651269576243	0.649626299763	0.651014531538	0.0	0.441198404554	0.68139056266	0.661915826677	0.676608283413	0.695448746591	0.687131968377	0.704742944928	0.669867084792	0.662139622132	0.679995818961	0.712594311559	0.694555065284	0.69453791099	0.658949610894	0.676324635057	0.701543321219	0.712198561447	0.722502435497	0.720813910998	0.692966556461	0.722271068344	0.697162741089	0.72951582925	0.663571077465	0.686174095248	0.680610178912	0.687656682857	0.69737194264	0.708987871637	0.710184163932	0.698910928858	0.682895840244	0.71208549819
AG8	0.666397214293	0.673303410129	0.712832814488	0.693102384231	0.686560441331	0.676065555485	0.663794703769	0.629717069568	0.679162748952	0.659835177682	0.676447456702	0.670293535602	0.694043092214	0.677285623224	0.699435125433	0.668832367237	0.661333144154	0.647119867086	0.65501896833	0.412075150378	0.641667862314	0.620736938816	0.663017339156	0.643350594863	0.693228682755	0.64051953969	0.638690552855	0.625363093243	0.441198404554	0.0	0.697562182406	0.638399780061	0.663411855501	0.655442133147	0.672845912393	0.686197343208	0.641162796351	0.621777511176	0.661387785563	0.691327788333	0.674050996457	0.655974295643	0.626959056255	0.654928398198	0.679503830935	0.679568520541	0.705314403645	0.697496931227	0.674105312924	0.691937577126	0.692632352843	0.701322317908	0.641238273917	0.657524828771	0.67285526327	0.655516204855	0.664068528591	0.676765964763	0.678345925137	0.671966213869	0.668894729827	0.685810017733
AH7	0.724259338689	0.750075841278	0.751651604909	0.725364554949	0.742220187635	0.738907692442	0.735052286223	0.736115038999	0.72840069237	0.7254731504	0.717925446116	0.769141548491	0.733068086669	0.75506505824	0.751670918717	0.747510383841	0.699173794284	0.556540905806	0.76751244485	0.697330358383	0.660849180147	0.692678715959	0.698441818543	0.70290785266	0.731467207761	0.712698161939	0.731913128703	0.690475638119	0.68139056266	0.697562182406	0.0	0.510320455624	0.714859309232	0.764310200063	0.770064216956	0.781359378272	0.742986711906	0.749051534226	0.757459674177	0.753848412629	0.760478385803	0.745610916982	0.741761189041	0.739029696581	0.769210841973	0.760697303047	0.773863522173	0.762023144207	0.759020515803	0.774470418661	0.786282672542	0.796769447451	0.747443227264	0.740513495188	0.735190142898	0.734307748145	0.777468287985	0.787083178896	0.77944463989	0.765774746184	0.751062580107	0.759037198089
AH8	0.699152021599	0.701181000254	0.75102495095	0.700906123263	0.691606695611	0.687923450105	0.706309535594	0.668979119106	0.699762730543	0.688601108956	0.69129772455	0.708806386265	0.704772029592	0.721659770165	0.717156563389	0.70001495599	0.561092981224	0.419936924659	0.757151656527	0.621682905579	0.645143458088	0.637794861544	0.677592169646	0.677339368231	0.711269022716	0.690166723825	0.678614968482	0.631795107363	0.661915826677	0.638399780061	0.510320455624	0.0	0.702938245065	0.708104633119	0.72644554196	0.728109478783	0.689811326726	0.697446825209	0.705811064992	0.714205546622	0.713361656795	0.704886807273	0.692390919472	0.695059562192	0.714922821002	0.70561093543	0.723844782742	0.720497782289	0.719651411461	0.729886957962	0.725025351195	0.744717395665	0.698641090272	0.691386378436	0.695914906094	0.688340751744	0.732380024334	0.733313202522	0.736792367788	0.725067941652	0.700546908248	0.70860804208
AA5	0.663402156733	0.687998921532	0.738385874604	0.703057649068	0.687660161134	0.689895517803	0.714532327575	0.686770657772	0.630073445137	0.71300319563	0.652318114035	0.670812264943	0.696172379205	0.704997954945	0.693544899003	0.683596263306	0.671060101128	0.667051480319	0.786416868286	0.69959931084	0.722458363712	0.724163945358	0.674115533414	0.690148990405	0.749443730432	0.691256534136	0.686567266244	0.715915533551	0.676608283413	0.663411855501	0.714859309232	0.702938245065	0.0	0.606898838557	0.691775288923	0.701787978112	0.654987336286	0.647133870208	0.69185522038	0.706578126793	0.708492186081	0.671733940118	0.643566433301	0.659817644348	0.711748591325	0.661324154462	0.70402500697	0.720343271767	0.700104253523	0.717876192565	0.705684579465	0.720820555349	0.67017085118	0.703405522705	0.681455087125	0.706892714911	0.667911950487	0.700535845052	0.687306315733	0.695334763236	0.64576621177	0.721235709365
AA6	0.687165845478	0.67529515365	0.773194647348	0.714000648934	0.684822283437	0.660989446295	0.670339719606	0.646007585652	0.695029493129	0.665046079485	0.683754674181	0.65338464667	0.701604369968	0.708778821624	0.720825166052	0.6791228914	0.724840829558	0.699756025989	0.788985531411	0.678004407305	0.696962763453	0.67858489098	0.708029660019	0.692344158651	0.75031828342	0.695870650085	0.689755591922	0.679345063718	0.695448746591	0.655442133147	0.764310200063	0.708104633119	0.606898838557	0.0	0.682771058733	0.693085968454	0.662565184596	0.628731955368	0.677820785836	0.689238204212	0.673644022248	0.679186438392	0.647310732844	0.67829717013	0.462459548195	0.449401100451	0.692276683521	0.693508100954	0.674529354615	0.677816623642	0.684919467537	0.67520453885	0.660258370029	0.685794617328	0.689660791205	0.684694615219	0.669435121908	0.647811493663	0.67757507433	0.661289050735	0.650139716066	0.671644154379
AB5	0.679312033219	0.662067045394	0.73496931067	0.696153163559	0.685719038443	0.683115467425	0.676637636932	0.654801218086	0.686693777228	0.68173105962	0.672137468638	0.673467221784	0.694047663675	0.681194580877	0.697649783101	0.672540938665	0.699274194895	0.701876153131	0.778765045561	0.689054304254	0.72770812531	0.707501236313	0.726077709164	0.722427073788	0.742058224442	0.715138657717	0.697429672921	0.713635856838	0.687131968377	0.672845912393	0.770064216956	0.72644554196	0.691775288923	0.682771058733	0.0	0.453502439261	0.655797499006	0.654793382814	0.651764375602	0.633048125612	0.654176147186	0.687842011252	0.675228274015	0.644309132971	0.697458317509	0.705690873887	0.682029968483	0.70369553801	0.683731753472	0.713445376504	0.691740552699	0.691304579482	0.65503018173	0.686786866165	0.694306458196	0.668368799591	0.701398420622	0.689404981444	0.705630535018	0.699247120455	0.661020305579	0.698796232308
AB6	0.66916458527	0.650018867167	0.74634723439	0.698423834808	0.692006150178	0.660123984628	0.683787186329	0.660372788026	0.691863591836	0.682690125954	0.669500533017	0.678071903421	0.702583492373	0.67750606568	0.689945055653	0.660265270696	0.724226282464	0.727496607087	0.797196151106	0.689441910537	0.740228097637	0.708337280024	0.720108476881	0.716748030118	0.756143189359	0.722560653794	0.703751041222	0.718120538887	0.704742944928	0.686197343208	0.781359378272	0.728109478783	0.701787978112	0.693085968454	0.453502439261	0.0	0.666652709118	0.653067399778	0.653621921988	0.645489175998	0.644141141827	0.693581892846	0.672899466413	0.585180105977	0.68248258512	0.689813435935	0.675588255235	0.69699751198	0.674048273468	0.704586839093	0.674372891274	0.675285740582	0.66273654313	0.678943511648	0.694957509908	0.668675133395	0.684924878389	0.695668054482	0.682832213057	0.696757772288	0.656139690325	0.674632057118
AC5	0.633276703146	0.653459989931	0.720655736932	0.679416748787	0.684185961648	0.668836427299	0.69876946609	0.662194264224	0.639341104452	0.688607663421	0.661124716629	0.671701698736	0.673401424913	0.666618564588	0.693950727289	0.655976937257	0.675853832045	0.690520247687	0.763831217485	0.668364882813	0.701000851003	0.697217410962	0.69452116728	0.699945527135	0.735589930748	0.711689650775	0.685422116032	0.693575461514	0.669867084792	0.641162796351	0.742986711906	0.689811326726	0.654987336286	0.662565184596	0.655797499006	0.666652709118	0.0	0.47879144184	0.620997651286	0.663107964404	0.673316203266	0.666631363666	0.607134738903	0.633463187057	0.657214542919	0.663831837723	0.657970934592	0.688685845568	0.629531585753	0.678663663291	0.677981646415	0.670184048466	0.652853730777	0.659269152473	0.632899614015	0.650907945066	0.650702408023	0.66584889374	0.655634366853	0.670279691905	0.642752493712	0.681030386045
AC6	0.659781619445	0.641746957481	0.747303942632	0.667700106622	0.686420206719	0.655668854133	0.651623966956	0.629251270776	0.67408103146	0.664478584013	0.671451157194	0.650619040739	0.671919786834	0.66520051362	0.682210324089	0.647414479908	0.685900494489	0.675638060426	0.769888812162	0.64725099655	0.713666605297	0.692542358411	0.682524972642	0.687174085457	0.74856356755	0.684422578335	0.670615201974	0.691983537874	0.662139622132	0.621777511176	0.749051534226	0.697446825209	0.647133870208	0.628731955368	0.654793382814	0.653067399778	0.47879144184	0.0	0.621672126533	0.65577240496	0.645913610047	0.557494192453	0.470664322945	0.607917624758	0.649852264261	0.647406872734	0.657269236399	0.672955208656	0.626062148544	0.661573859592	0.656856995026	0.662895060309	0.64751349899	0.660346411651	0.657170278348	0.649221695308	0.609993963198	0.648207550285	0.635458947326	0.632941043554	0.64521664468	0.66885254809
AD6	0.667576520843	0.640272854672	0.759470257249	0.685858629325	0.683081411192	0.673121866632	0.647163433113	0.639249346769	0.66323697417	0.644940340588	0.67583444551	0.671000436888	0.678271464658	0.687049741134	0.676979093667	0.630401549269	0.695836727137	0.698690146452	0.787782326383	0.665842240345	0.715847074225	0.682421382426	0.702441679487	0.698943060974	0.752893603619	0.71198429664	0.657200166853	0.684986220501	0.679995818961	0.661387785563	0.757459674177	0.705811064992	0.69185522038	0.677820785836	0.651764375602	0.653621921988	0.620997651286	0.621672126533	0.0	0.526241818504	0.428506443002	0.665796965065	0.650158868568	0.663803204131	0.657010581441	0.672962518037	0.658629101341	0.671736000591	0.642355971874	0.649887384497	0.666042277426	0.681639164864	0.649657307117	0.641655482319	0.64909924665	0.635399471393	0.652094449087	0.658650212752	0.641108470571	0.648852478898	0.629746386662	0.650328968361
AE5	0.678838746341	0.659563946769	0.750204139748	0.707620727705	0.659109554882	0.657351660402	0.652596836015	0.638647848213	0.678186681482	0.64844840226	0.673844942115	0.649243354444	0.694661900271	0.695675070988	0.691641867589	0.663591898999	0.739580431422	0.713485596138	0.789555926616	0.68744890313	0.729648203561	0.712162017798	0.723379317296	0.723767514762	0.764699336247	0.728951375583	0.706677712262	0.714852132468	0.712594311559	0.691327788333	0.753848412629	0.714205546622	0.706578126793	0.689238204212	0.633048125612	0.645489175998	0.663107964404	0.65577240496	0.526241818504	0.0	0.39246215199	0.674096697813	0.668678448643	0.657683809372	0.680369988854	0.686766304224	0.685613469255	0.690583169347	0.661850359942	0.65069496436	0.678926234644	0.68927556519	0.654612206726	0.645251364661	0.658030276682	0.644982000095	0.657775768437	0.672807587666	0.660030435305	0.64621134907	0.642490721439	0.676532430794
AE6	0.686510882784	0.647974035775	0.785627137512	0.723820302894	0.667913356378	0.662376717537	0.624979482461	0.63171054799	0.688920958128	0.626408908111	0.696596863516	0.648572304433	0.711379472121	0.716325954865	0.685065128213	0.63464609354	0.738950287866	0.706952569343	0.809134911201	0.672956842444	0.741230667171	0.697311366771	0.718214654177	0.705027869751	0.764819005033	0.708222324508	0.681799970704	0.699596220303	0.694555065284	0.674050996457	0.760478385803	0.713361656795	0.708492186081	0.673644022248	0.654176147186	0.644141141827	0.673316203266	0.645913610047	0.428506443002	0.39246215199	0.0	0.671598894498	0.660212680618	0.663379174905	0.666960377989	0.671188706804	0.686262090916	0.665553556615	0.658935999767	0.626129917485	0.677551933786	0.677212928187	0.644500962206	0.632630050541	0.660614255868	0.627466232708	0.66052545596	0.667049441282	0.651230419996	0.633072248526	0.637599998382	0.651759571123
AF5	0.686824325025	0.666930863989	0.73234655521	0.656016626722	0.642973575015	0.652371859936	0.697197666046	0.683126126324	0.648817804894	0.691125305703	0.675922478042	0.649862625398	0.671771559124	0.653038621871	0.689232639096	0.665989645263	0.696069189813	0.695951049033	0.724069102368	0.649039959735	0.721657938723	0.69596502715	0.695374685598	0.695781181616	0.740598610465	0.694307532898	0.684166921264	0.704762902003	0.69453791099	0.655974295643	0.745610916982	0.704886807273	0.671733940118	0.679186438392	0.687842011252	0.693581892846	0.666631363666	0.557494192453	0.665796965065	0.674096697813	0.671598894498	0.0	0.45909877486	0.65254367227	0.690790053609	0.698382698278	0.713313056484	0.702507152635	0.655688823723	0.666166680304	0.691518770619	0.727833984389	0.697198816671	0.697366613094	0.680951794258	0.694299817439	0.673599472684	0.723834565276	0.685053072358	0.670546606485	0.671527672287	0.697158969498
AF6	0.661765658285	0.65115986591	0.743176363829	0.665218640422	0.662370734045	0.658986304253	0.66735341476	0.647936487892	0.652320275266	0.676660683623	0.673925408473	0.649337907771	0.666447510024	0.660452741636	0.683115024038	0.647755177696	0.690465711793	0.659526660891	0.745736060875	0.625999606271	0.712212801687	0.692897837981	0.689754421376	0.68296793381	0.735603305207	0.673720992557	0.675281129855	0.685185415529	0.658949610894	0.626959056255	0.741761189041	0.692390919472	0.643566433301	0.647310732844	0.675228274015	0.672899466413	0.607134738903	0.470664322945	0.650158868568	0.668678448643	0.660212680618	0.45909877486	0.0	0.619014061233	0.67308392915	0.661727377557	0.697865490995	0.688323873143	0.640447660211	0.655265303664	0.67361856723	0.694712040806	0.670757295042	0.680300627132	0.667824196691	0.675269687369	0.643202716607	0.684909169732	0.660870577286	0.640191592151	0.648899287294	0.679059700167
