	AA3	AA4	AB3	AB4	AC3	AC4	AD3	AD4	AE3	AE4	AF3	AF4	AG3	AG4	AH3	AH4	AA7	AA8	AB7	AB8	AC7	AC8	AD7	AD8	AE7	AE8	AF7	AF8	AG7	AG8	AH7	AH8	AA5	AA6	AB5	AB6	AC5	AC6	AD6	AE5	AE6	AF5	AF6	AG5	AH5	AH6	AA1	AA2	AB1	AB2	AC1	AC2	AD1	AD2	AE1	AE2	AF1	AF2	AG1	AG2	AH1	AH2
AA3	0.0	0.498410866691	0.698060927158	0.651886093692	0.685101530981	0.674245521872	0.705021287384	0.695733630598	0.654205443103	0.693208445204	0.651988357341	0.684674607857	0.664390753472	0.640150877031	0.694917366196	0.488777784454	0.686824624294	0.694626995122	0.745030635725	0.701932576296	0.694485706876	0.68881725637	0.673968750039	0.698022483085	0.723407661285	0.707100461413	0.672795490144	0.695477787964	0.68539340929	0.684917986661	0.73215342147	0.695995376639	0.66174238397	0.683885724381	0.675491878299	0.703138917159	0.641087440913	0.660349266477	0.677365217062	0.691357094426	0.692784128219	0.691421231829	0.671722661697	0.671078278393	0.696170541979	0.698717729684	0.661204031225	0.712406664204	0.651262967042	0.688391377246	0.665017831648	0.694488075404	0.640670033628	0.659185079697	0.688003134737	0.670228222397	0.66756544046	0.693174087817	0.668190307505	0.680771140941	0.641079792054	0.695393129484
AA4	0.498410866691	0.0	0.703094279767	0.632908544588	0.657227675099	0.641648749899	0.672500118654	0.652331912499	0.675273987103	0.659506844909	0.656905155092	0.664825093876	0.678848517276	0.65123823512	0.510633693677	0.38229715531	0.704415755703	0.688471843991	0.764447931968	0.697607438989	0.714011657528	0.673631484295	0.678718557639	0.695124561311	0.728826709918	0.692619355633	0.65593651841	0.677093187292	0.686720494621	0.683210988729	0.747035752413	0.689088029501	0.676523968594	0.680493929399	0.667895988976	0.653977591004	0.668545039857	0.638403377452	0.655900830637	0.657797366296	0.646240155488	0.674346657767	0.65749836039	0.651659572448	0.680360701144	0.674459144408	0.650209243503	0.666679328935	0.656071084722	0.659178931525	0.658652682116	0.671281131007	0.648652274456	0.646825160738	0.673002679461	0.648084092595	0.637771024435	0.676161761362	0.650569161853	0.657388182319	0.644452331471	0.654805004718
AB3	0.698060927158	0.703094279767	0.0	0.6694905073	0.705546116522	0.721297947385	0.751191777119	0.753544858443	0.718330767966	0.761252272821	0.729970250005	0.750242058548	0.718417083352	0.609448625869	0.695395075182	0.704018575288	0.717620462446	0.734452584919	0.709289676815	0.707518034366	0.727048575124	0.737460459482	0.744554178246	0.746822736976	0.699214440853	0.755243337712	0.726875493926	0.753999462218	0.705859562721	0.697138229585	0.743766076992	0.740312679114	0.736025115792	0.784289210141	0.721387867401	0.752679422106	0.743702069317	0.731480958361	0.766824975941	0.758261078465	0.781290590724	0.701121410905	0.724809745026	0.740319539968	0.796612486008	0.792765187119	0.7734503885	0.792981622119	0.72417759058	0.777421691997	0.748294865512	0.780961333909	0.755777093507	0.750792129646	0.752816496042	0.75985697936	0.770602006426	0.779847185552	0.769476381704	0.785403298142	0.741971298895	0.768226932078
AB4	0.651886093692	0.632908544588	0.6694905073	0.0	0.677924434126	0.675670051239	0.678836501842	0.683518697012	0.678283589242	0.683753106079	0.678927844379	0.671354686844	0.459585676842	0.418745871982	0.673787574153	0.653426220158	0.687145062529	0.693533501268	0.744289003672	0.688593698653	0.701862923196	0.679451720397	0.683916645493	0.696276258254	0.734450377999	0.70483326269	0.658470958486	0.669971523905	0.667708567843	0.677913102225	0.745373241253	0.70115099278	0.694346093904	0.7044694157	0.68942103346	0.688231171214	0.679644080059	0.668972168795	0.702067731456	0.695924255253	0.702126818125	0.668677383109	0.660754419671	0.683012620733	0.71031729401	0.717402129671	0.687271572067	0.70274830612	0.652073428509	0.700898489047	0.685630528444	0.701117228389	0.671699606365	0.67598906298	0.705546596842	0.691207621975	0.69357652475	0.711163563579	0.709542962697	0.704817426561	0.670485884769	0.697544653395
AC3	0.685101530981	0.657227675099	0.705546116522	0.677924434126	0.0	0.493274790502	0.671227964898	0.672395778942	0.661624231707	0.669944418098	0.68618437116	0.485716855745	0.688854348003	0.690569338912	0.672818262042	0.659990890989	0.675117595728	0.678929427792	0.754838793448	0.686037836719	0.7059203031	0.70342069401	0.718896934475	0.716404260234	0.719610701652	0.723144946501	0.710487436763	0.712955489468	0.701235572926	0.682666776459	0.740025375675	0.676779306406	0.672258433476	0.693119129881	0.697030721412	0.683356514561	0.698760503684	0.672519084907	0.688375507473	0.644791491047	0.676544141277	0.643921664793	0.660709055144	0.669613721222	0.714640465983	0.699696407021	0.715028301394	0.717898521747	0.694691811219	0.684912461834	0.698853860914	0.710852321554	0.690682825367	0.677615511497	0.687569973847	0.678059448507	0.70481688146	0.693890561889	0.696551276941	0.683363342176	0.686727404372	0.700405085219
AC4	0.674245521872	0.641648749899	0.721297947385	0.675670051239	0.493274790502	0.0	0.674758944121	0.674892746663	0.657418203572	0.670381036629	0.51639043381	0.377853380568	0.6718464528	0.680188483441	0.668707220246	0.636860209502	0.683620487918	0.675708026046	0.761676491352	0.684696443692	0.706023064044	0.679372668958	0.7068046107	0.697775791737	0.742045859266	0.707177371608	0.683064982175	0.693425649913	0.697109244016	0.676244916242	0.738727694187	0.683037710332	0.667540494414	0.673714157172	0.665081495121	0.65547140744	0.678871049595	0.660115370077	0.665465561646	0.660522213257	0.667418919013	0.653696208799	0.655515165065	0.642646519719	0.690404957102	0.672433526653	0.712576334653	0.698964313344	0.679970404352	0.691217771186	0.688941106593	0.686601213554	0.702783278906	0.692767691129	0.711822616547	0.696738553372	0.682687822101	0.67757476728	0.690134145885	0.692193081202	0.662823627151	0.677889616563
AD3	0.705021287384	0.672500118654	0.751191777119	0.678836501842	0.671227964898	0.674758944121	0.0	0.392245540444	0.673536611757	0.336430908389	0.710927069995	0.672295866844	0.717626438653	0.687007186112	0.694024508003	0.668012710613	0.710181650941	0.68968132585	0.767123025804	0.67119235388	0.718389696021	0.691455199059	0.716838697056	0.699201536536	0.728424892806	0.680525475376	0.684683450383	0.668330001325	0.704854006955	0.670299192622	0.725322664236	0.681862128494	0.701593570868	0.668896909956	0.689712209689	0.678082581318	0.686031091816	0.655585790412	0.632539323439	0.651357599855	0.633708947471	0.70559925549	0.669667606884	0.683022482506	0.691850822924	0.690503386412	0.69952553434	0.675917216877	0.694312062656	0.669254457818	0.706387749517	0.684496816667	0.681008597596	0.65525758938	0.695188100426	0.681863920074	0.676436697081	0.681373337046	0.689735984566	0.652898169834	0.693643539865	0.663359250349
AD4	0.695733630598	0.652331912499	0.753544858443	0.683518697012	0.672395778942	0.674892746663	0.392245540444	0.0	0.590534457526	0.362770611616	0.697078101418	0.678752204995	0.707775767592	0.690152086868	0.691099956775	0.64737124171	0.708077140813	0.680669397535	0.779869348251	0.673770074624	0.707388188734	0.677001386673	0.690423944006	0.687540162045	0.740150668282	0.676787681922	0.677911157133	0.655581823081	0.679835460158	0.66470272615	0.720951858191	0.670859834045	0.689155152138	0.660852336845	0.694310320453	0.683599707703	0.673021190988	0.650342751821	0.628175558182	0.659982940635	0.624969624009	0.707224991139	0.670811565582	0.672249081683	0.67979287565	0.684552529413	0.679806933099	0.671331830902	0.673582213087	0.673697771944	0.695162722649	0.672880085343	0.657985891528	0.647536518818	0.668435099784	0.653909788137	0.671287560584	0.679567143777	0.685787805713	0.653588888711	0.673456079631	0.654137837845
AE3	0.654205443103	0.675273987103	0.718330767966	0.678283589242	0.661624231707	0.657418203572	0.673536611757	0.590534457526	0.0	0.63339433655	0.648666368323	0.666217739752	0.678521296471	0.701120754594	0.669696992044	0.666309138448	0.652496551769	0.683643606737	0.75400690775	0.68161045357	0.712548705747	0.713653594657	0.654482254826	0.672841719301	0.736512102546	0.681137432574	0.664593171104	0.693058811191	0.649978426747	0.668814040756	0.735658110714	0.670344868367	0.602168593106	0.68398257793	0.685728077241	0.70341756945	0.650588358145	0.653516712028	0.666470406791	0.679309776302	0.685259972424	0.661372342637	0.66849204056	0.653749273546	0.715556497674	0.718996179717	0.691659150138	0.738071491469	0.687577486101	0.719687851753	0.693539151885	0.714409251716	0.6679263467	0.663769933015	0.660090538784	0.694839267856	0.690816084821	0.739922475981	0.696141618042	0.692023951762	0.648686576304	0.699008234368
AE4	0.693208445204	0.659506844909	0.761252272821	0.683753106079	0.669944418098	0.670381036629	0.336430908389	0.362770611616	0.63339433655	0.0	0.69906523352	0.672101055014	0.72110516458	0.703413705828	0.706385202795	0.666885261744	0.710065437933	0.6824231884	0.771989541204	0.661776346993	0.718298824353	0.681679337973	0.699136654864	0.698783004114	0.733611587506	0.677709095072	0.679433230222	0.660755544003	0.68801585331	0.662250810726	0.719742433114	0.675133079801	0.681219383467	0.651212985425	0.69156980242	0.665552284223	0.687449282726	0.6459896675	0.631103363493	0.659606210189	0.637436476873	0.712356736548	0.669951015225	0.66252637376	0.680020230269	0.685729393641	0.675559938295	0.667684575233	0.69293565358	0.671919771421	0.69461761928	0.670948255142	0.668314125491	0.655431803914	0.686088195844	0.666854127911	0.669076937452	0.676670214945	0.688488335086	0.654624885389	0.68532418231	0.652683554438
AF3	0.651988357341	0.656905155092	0.729970250005	0.678927844379	0.68618437116	0.51639043381	0.710927069995	0.697078101418	0.648666368323	0.69906523352	0.0	0.531963336783	0.661726692022	0.686797655097	0.670638994144	0.672053377714	0.684456624294	0.691823930342	0.746180916799	0.68809925101	0.675891493974	0.713047886868	0.676748937173	0.694158524901	0.761106215399	0.723576560017	0.690954750674	0.713625248945	0.691792603171	0.676547256009	0.715576331373	0.696603359415	0.639559213361	0.673031223038	0.67243151999	0.683935109632	0.658259284566	0.657568854445	0.674326794712	0.678242508599	0.698090515626	0.674241879811	0.687165298372	0.661367657784	0.687221118595	0.6841613485	0.708828397151	0.719491198385	0.685926376694	0.721013318457	0.708590073248	0.722636156596	0.701072453485	0.700052575476	0.709179284984	0.707342390698	0.689875742191	0.719541467561	0.687086391186	0.708903992276	0.636523704507	0.704623341565
AF4	0.684674607857	0.664825093876	0.750242058548	0.671354686844	0.485716855745	0.377853380568	0.672295866844	0.678752204995	0.666217739752	0.672101055014	0.531963336783	0.0	0.693816146635	0.698483297643	0.696531088548	0.653439288848	0.699969720108	0.70331503829	0.764309359382	0.692585745133	0.733704252005	0.698954218059	0.728886331692	0.723182912219	0.756091653696	0.73053800541	0.707972342912	0.707664511937	0.728329972787	0.686921536137	0.772236365122	0.704017431166	0.675190467609	0.675565674177	0.663590262169	0.667762623607	0.677057420358	0.652226352906	0.66219913144	0.641573271539	0.659672513846	0.681563261202	0.665800128145	0.666641709439	0.687597079889	0.673467490219	0.711285138782	0.70124979383	0.695554620857	0.70391385091	0.681716533624	0.682669324473	0.690068262035	0.690357602794	0.712169661536	0.699683868174	0.687393736306	0.666113393126	0.698072257195	0.692600264573	0.66471868212	0.678029809245
AG3	0.664390753472	0.678848517276	0.718417083352	0.459585676842	0.688854348003	0.6718464528	0.717626438653	0.707775767592	0.678521296471	0.72110516458	0.661726692022	0.693816146635	0.0	0.497191484917	0.674173080525	0.668514263829	0.674542719365	0.682929794987	0.759475133145	0.719938283779	0.684035698282	0.709451480781	0.670466492844	0.67933347257	0.735257413633	0.715056725463	0.677825787894	0.71069254335	0.691031691046	0.702642739394	0.728125460708	0.708891294624	0.681839813035	0.706120740566	0.689099229565	0.693059499424	0.696722857905	0.687726881425	0.70628582278	0.69719168449	0.717453272275	0.64952386309	0.662589260839	0.682459158287	0.716325574893	0.724436631872	0.692522384585	0.722660489991	0.644723611694	0.704389585499	0.696772548459	0.719119591422	0.683449064162	0.677654134516	0.694298058218	0.693242010712	0.704617312396	0.728781220547	0.696831767168	0.69285326967	0.686434746123	0.711288251212
AG4	0.640150877031	0.65123823512	0.609448625869	0.418745871982	0.690569338912	0.680188483441	0.687007186112	0.690152086868	0.701120754594	0.703413705828	0.686797655097	0.698483297643	0.497191484917	0.0	0.68530503024	0.648226703507	0.717196366781	0.712668046713	0.741444877942	0.697637165048	0.709122455389	0.686279785851	0.694577065686	0.703436470776	0.718406337003	0.703721081164	0.667961934648	0.685437786	0.683734630458	0.689480595921	0.756860594752	0.715402220176	0.713023438412	0.712606547558	0.673321658001	0.695853123297	0.690333837065	0.673120701577	0.700471124097	0.70660523317	0.705939628645	0.663531783925	0.661375348274	0.683046635253	0.728179065209	0.732581031905	0.697923626637	0.700865370439	0.639816325659	0.691435403906	0.688639913965	0.705419691494	0.689756433193	0.688985313554	0.723270742874	0.700684406962	0.698497271667	0.719119254438	0.705572833691	0.699399726455	0.688508527403	0.69437215462
AH3	0.694917366196	0.510633693677	0.695395075182	0.673787574153	0.672818262042	0.668707220246	0.694024508003	0.691099956775	0.669696992044	0.706385202795	0.670638994144	0.696531088548	0.674173080525	0.68530503024	0.0	0.549307700161	0.672219489329	0.703690969444	0.77815226737	0.712412156359	0.71391908739	0.705829521581	0.670033022505	0.690075529526	0.7239979809	0.696950366911	0.685483421076	0.710350403476	0.69273846913	0.699389620969	0.745035867636	0.707112206247	0.674855008671	0.719286756312	0.693441711948	0.681894549164	0.688314676545	0.681945104678	0.683988143673	0.688735737132	0.691488012165	0.686634690187	0.670080187546	0.683332278046	0.721696540194	0.716731252559	0.713788691839	0.695811170964	0.687415002011	0.711392477794	0.689372064593	0.723301939042	0.715559096893	0.688865967328	0.689367019364	0.715875706099	0.707433631112	0.725642082637	0.707537868603	0.707707120224	0.68229266304	0.692774171082
AH4	0.488777784454	0.38229715531	0.704018575288	0.653426220158	0.659990890989	0.636860209502	0.668012710613	0.64737124171	0.666309138448	0.666885261744	0.672053377714	0.653439288848	0.668514263829	0.648226703507	0.549307700161	0.0	0.697575145949	0.688043547478	0.770006335354	0.697238009596	0.70944158673	0.671626474685	0.684272625968	0.695272373286	0.736054488247	0.682982690165	0.650373464154	0.677803369449	0.690814480335	0.687897170311	0.747788886602	0.677748422453	0.676869095257	0.68691790301	0.686899744628	0.681527127824	0.675212203755	0.6410421357	0.659011131825	0.6738834643	0.660720591528	0.682139909238	0.66081703145	0.667531904493	0.694704283453	0.68567894748	0.683715082801	0.690119251451	0.659929453992	0.678053480695	0.656752320834	0.681408661385	0.652615869227	0.643871630846	0.690355677223	0.673812055875	0.649501526817	0.678065871892	0.672728874535	0.666991187283	0.658006788576	0.647591167676
AA7	0.686824624294	0.704415755703	0.717620462446	0.687145062529	0.675117595728	0.683620487918	0.710181650941	0.708077140813	0.652496551769	0.710065437933	0.684456624294	0.699969720108	0.674542719365	0.717196366781	0.672219489329	0.697575145949	0.0	0.526256450196	0.765067762927	0.695166069129	0.662406590026	0.687983487638	0.673917978267	0.691877154679	0.699716432319	0.702947352341	0.669527488987	0.671659846225	0.678104254677	0.670995945679	0.713632724785	0.556623274932	0.658719097232	0.723840681225	0.712225493931	0.729211567446	0.673609102426	0.688254073663	0.710669630788	0.742848081599	0.737031643227	0.685238292085	0.703136508053	0.697881697433	0.728710649229	0.737469239856	0.740570278999	0.753855050076	0.70246746698	0.753949889624	0.703707237095	0.735613367624	0.701716470206	0.695492684756	0.711735638131	0.713787767428	0.742561186538	0.74371904623	0.742027143189	0.742765895471	0.693677491416	0.711013116144
AA8	0.694626995122	0.688471843991	0.734452584919	0.693533501268	0.678929427792	0.675708026046	0.68968132585	0.680669397535	0.683643606737	0.6824231884	0.691823930342	0.70331503829	0.682929794987	0.712668046713	0.703690969444	0.688043547478	0.526256450196	0.0	0.7617639543	0.662641463926	0.629716703735	0.650498958951	0.66595852725	0.663251661598	0.694305717022	0.668826624961	0.675583102056	0.64695676283	0.649534250262	0.647307310844	0.544780581286	0.39241920332	0.677229410792	0.710464651687	0.709524314321	0.717113271528	0.685989318788	0.70049413512	0.702143126597	0.719843049042	0.709660948781	0.687035709438	0.685646737269	0.695880805124	0.711583315025	0.713027021395	0.711640202679	0.715255962789	0.699972849529	0.728142544253	0.71571505049	0.725571336077	0.694235949518	0.681339666439	0.71165494171	0.698098792665	0.734070659528	0.732747662211	0.740538790942	0.727452104566	0.692297567411	0.705109197535
AB7	0.745030635725	0.764447931968	0.709289676815	0.744289003672	0.754838793448	0.761676491352	0.767123025804	0.779869348251	0.75400690775	0.771989541204	0.746180916799	0.764309359382	0.759475133145	0.741444877942	0.77815226737	0.770006335354	0.765067762927	0.7617639543	0.0	0.55326971006	0.74055859811	0.758295013815	0.770262824838	0.782975982692	0.737333580172	0.768447643132	0.765028768626	0.768797530087	0.736036530387	0.586820770434	0.753754358633	0.755869740801	0.771817052586	0.782437246925	0.765677589223	0.78789880069	0.754365797387	0.755021380549	0.785439112964	0.783547866233	0.789345033272	0.719554805499	0.728768160447	0.76438950639	0.789600220934	0.806301464058	0.814146551673	0.810219099097	0.775309663619	0.787944408978	0.806203948489	0.799829580452	0.789301111315	0.78272274811	0.781828842821	0.792219671348	0.790328348392	0.795350521297	0.797936008528	0.797748973892	0.773803292392	0.793090727395
AB8	0.701932576296	0.697607438989	0.707518034366	0.688593698653	0.686037836719	0.684696443692	0.67119235388	0.673770074624	0.68161045357	0.661776346993	0.68809925101	0.692585745133	0.719938283779	0.697637165048	0.712412156359	0.697238009596	0.695166069129	0.662641463926	0.55326971006	0.0	0.651080063031	0.634358066827	0.684162711138	0.677316248748	0.673568084236	0.653614702724	0.666882623197	0.638953694671	0.511284759659	0.363560632857	0.712652463963	0.651808942482	0.692970368253	0.684450234485	0.697568596617	0.69508826492	0.676289574837	0.66466285543	0.697119705459	0.699385056463	0.686318566382	0.67808863619	0.665887974585	0.674297461478	0.701069132797	0.706419945692	0.730963406829	0.714799136511	0.697176825576	0.712150621474	0.706803346564	0.719823029163	0.689313417632	0.681812047631	0.691040065053	0.688601340178	0.712066239402	0.719119201475	0.716900325558	0.718081587954	0.68122618831	0.693187570104
AC7	0.694485706876	0.714011657528	0.727048575124	0.701862923196	0.7059203031	0.706023064044	0.718389696021	0.707388188734	0.712548705747	0.718298824353	0.675891493974	0.733704252005	0.684035698282	0.709122455389	0.71391908739	0.70944158673	0.662406590026	0.629716703735	0.74055859811	0.651080063031	0.0	0.500000201673	0.674718099042	0.672131162289	0.696019540955	0.684580379871	0.680182121766	0.591912668662	0.634767242329	0.633070254919	0.653866208857	0.652706103781	0.709490986727	0.698588494993	0.728688175888	0.736470193009	0.707215974132	0.714988294959	0.715363146799	0.736250582522	0.729377584102	0.707054926739	0.719706681382	0.71138049748	0.689728870344	0.703197359598	0.747733846649	0.750987561814	0.713199542008	0.740082341926	0.75665637991	0.753158500685	0.701688594496	0.677807656354	0.703389695709	0.703196928311	0.73991204403	0.747704803367	0.750081014938	0.739613723472	0.700261792341	0.730945169506
AC8	0.68881725637	0.673631484295	0.737460459482	0.679451720397	0.70342069401	0.679372668958	0.691455199059	0.677001386673	0.713653594657	0.681679337973	0.713047886868	0.698954218059	0.709451480781	0.686279785851	0.705829521581	0.671626474685	0.687983487638	0.650498958951	0.758295013815	0.634358066827	0.500000201673	0.0	0.686325141265	0.675201884911	0.710567973333	0.673913871479	0.486232718757	0.421629900014	0.640369929271	0.633317048204	0.711667107551	0.646304742723	0.710489053313	0.670734700596	0.701865574302	0.707139180732	0.699925081127	0.682106747067	0.686767499805	0.712187254077	0.684125722497	0.696673922628	0.692110360373	0.690389067197	0.668347364386	0.670306687706	0.712347097496	0.700828761408	0.685299902118	0.696910993929	0.70667652416	0.695753489638	0.668462431484	0.643794942027	0.683572174161	0.66084985516	0.700468877606	0.682123274757	0.714127631395	0.708585548889	0.667794794081	0.684842231512
AD7	0.673968750039	0.678718557639	0.744554178246	0.683916645493	0.718896934475	0.7068046107	0.716838697056	0.690423944006	0.654482254826	0.699136654864	0.676748937173	0.728886331692	0.670466492844	0.694577065686	0.670033022505	0.684272625968	0.673917978267	0.66595852725	0.770262824838	0.684162711138	0.674718099042	0.686325141265	0.0	0.460092290378	0.707161342355	0.518153042029	0.658874832026	0.674979934436	0.638970747751	0.66985257546	0.695328650896	0.68302433186	0.645491240138	0.6895306302	0.716560576806	0.705668951813	0.682268370975	0.678765346336	0.693278333136	0.712248685424	0.708554868742	0.681846858172	0.675137256275	0.696204159661	0.69299212791	0.704188029902	0.701871617593	0.705464371259	0.669116971482	0.715262953809	0.696876987013	0.713582789391	0.679976884722	0.66647592983	0.655435131649	0.689945742532	0.681514620303	0.722808136037	0.695995296178	0.689300579432	0.653509448715	0.681936575577
AD8	0.698022483085	0.695124561311	0.746822736976	0.696276258254	0.716404260234	0.697775791737	0.699201536536	0.687540162045	0.672841719301	0.698783004114	0.694158524901	0.723182912219	0.67933347257	0.703436470776	0.690075529526	0.695272373286	0.691877154679	0.663251661598	0.782975982692	0.677316248748	0.672131162289	0.675201884911	0.460092290378	0.0	0.611978863932	0.418239897932	0.636890117759	0.664721663142	0.65036003935	0.660050514869	0.693185087252	0.675892382568	0.66959218242	0.690933558029	0.724826153311	0.702164698262	0.701534256135	0.685483319634	0.694639907922	0.708164592475	0.699522915424	0.685835428923	0.685453605854	0.695375128376	0.686875253107	0.696822439943	0.711406599558	0.711556204321	0.684594058671	0.718840292666	0.699754712975	0.722576795103	0.683429425753	0.658136896522	0.664110784817	0.686417228269	0.69630814799	0.727971268885	0.697341133822	0.693148286168	0.676142220874	0.692407627057
AE7	0.723407661285	0.728826709918	0.699214440853	0.734450377999	0.719610701652	0.742045859266	0.728424892806	0.740150668282	0.736512102546	0.733611587506	0.761106215399	0.756091653696	0.735257413633	0.718406337003	0.7239979809	0.736054488247	0.699716432319	0.694305717022	0.737333580172	0.673568084236	0.696019540955	0.710567973333	0.707161342355	0.611978863932	0.0	0.494325360936	0.70244701171	0.704555510175	0.674889426855	0.695792298399	0.731748456108	0.689707364782	0.729605082512	0.758877377076	0.741141588747	0.746044723357	0.734511355753	0.739573122448	0.753228623186	0.767212696973	0.755326374981	0.753288760309	0.731744171783	0.731456089275	0.748753676017	0.769637658592	0.770789772456	0.771427206748	0.736452600751	0.763906430576	0.764913315843	0.787955583306	0.746704328721	0.737444692684	0.734624867105	0.752102724817	0.775237926387	0.791459987065	0.781286052257	0.760888875936	0.748606737194	0.768234779476
AE8	0.707100461413	0.692619355633	0.755243337712	0.70483326269	0.723144946501	0.707177371608	0.680525475376	0.676787681922	0.681137432574	0.677709095072	0.723576560017	0.73053800541	0.715056725463	0.703721081164	0.696950366911	0.682982690165	0.702947352341	0.668826624961	0.768447643132	0.653614702724	0.684580379871	0.673913871479	0.518153042029	0.418239897932	0.494325360936	0.0	0.640553292454	0.647362029502	0.640447311338	0.65860190044	0.717894383536	0.664055122933	0.685430167854	0.702746002092	0.726270707412	0.709963454417	0.711880431165	0.685436694508	0.712842980196	0.733238207001	0.712874902978	0.710568057948	0.698986656111	0.703696077728	0.695202997895	0.710060549582	0.726774390775	0.718077122906	0.70079502097	0.724580981706	0.716629191843	0.727402423934	0.684576184035	0.667180064964	0.690621702626	0.697007722724	0.704491947761	0.734021653931	0.731268814578	0.695643290082	0.697846849532	0.690444755763
AF7	0.672795490144	0.65593651841	0.726875493926	0.658470958486	0.710487436763	0.683064982175	0.684683450383	0.677911157133	0.664593171104	0.679433230222	0.690954750674	0.707972342912	0.677825787894	0.667961934648	0.685483421076	0.650373464154	0.669527488987	0.675583102056	0.765028768626	0.666882623197	0.680182121766	0.486232718757	0.658874832026	0.636890117759	0.70244701171	0.640553292454	0.0	0.446634031062	0.643400234296	0.663284995411	0.724879143291	0.65611434706	0.668392193445	0.705481536161	0.692723198114	0.696028205573	0.678699211754	0.658505805377	0.672303762054	0.712204696289	0.690611967975	0.688244175794	0.683089254268	0.669771688687	0.716897245198	0.710869151424	0.707841099948	0.705085040809	0.660545364678	0.70797543995	0.682184891645	0.692729580873	0.667952712683	0.651487054503	0.666033893716	0.675823554536	0.662423245557	0.714094209973	0.690318965901	0.701468948261	0.665292013535	0.673423773199
AF8	0.695477787964	0.677093187292	0.753999462218	0.669971523905	0.712955489468	0.693425649913	0.668330001325	0.655581823081	0.693058811191	0.660755544003	0.713625248945	0.707664511937	0.71069254335	0.685437786	0.710350403476	0.677803369449	0.671659846225	0.64695676283	0.768797530087	0.638953694671	0.591912668662	0.421629900014	0.674979934436	0.664721663142	0.704555510175	0.647362029502	0.446634031062	0.0	0.641892848844	0.635090156155	0.711626972674	0.626961873778	0.694432215982	0.698358414981	0.706036223739	0.713492730672	0.697137472348	0.670214303374	0.689631210963	0.724035926664	0.688550673774	0.708371841995	0.697659800767	0.683623155144	0.691766086198	0.698609288321	0.712868399257	0.700703806638	0.681066777672	0.696287919966	0.698720714963	0.694484256066	0.659451585724	0.644768969027	0.69131293979	0.660717083519	0.683915213794	0.693809886884	0.707350138707	0.697551982687	0.679200740946	0.674271088196
AG7	0.68539340929	0.686720494621	0.705859562721	0.667708567843	0.701235572926	0.697109244016	0.704854006955	0.679835460158	0.649978426747	0.68801585331	0.691792603171	0.728329972787	0.691031691046	0.683734630458	0.69273846913	0.690814480335	0.678104254677	0.649534250262	0.736036530387	0.511284759659	0.634767242329	0.640369929271	0.638970747751	0.65036003935	0.674889426855	0.640447311338	0.643400234296	0.641892848844	0.0	0.44558361178	0.681840080227	0.661046643015	0.673403709864	0.688554036191	0.698408485999	0.690854193101	0.650299991187	0.665583962394	0.686536099186	0.704035226215	0.689752250772	0.681731194219	0.662550190855	0.660014809875	0.694005836489	0.692886209203	0.71591812747	0.711515914427	0.678935557031	0.715389636555	0.68891526881	0.721801312457	0.666930738732	0.673600885881	0.683975927425	0.683023050903	0.689064838554	0.733665507435	0.70059841405	0.715394638644	0.655982177753	0.691213428131
AG8	0.684917986661	0.683210988729	0.697138229585	0.677913102225	0.682666776459	0.676244916242	0.670299192622	0.66470272615	0.668814040756	0.662250810726	0.676547256009	0.686921536137	0.702642739394	0.689480595921	0.699389620969	0.687897170311	0.670995945679	0.647307310844	0.586820770434	0.363560632857	0.633070254919	0.633317048204	0.66985257546	0.660050514869	0.695792298399	0.65860190044	0.663284995411	0.635090156155	0.44558361178	0.0	0.690818057157	0.642434207541	0.682191535426	0.672730535647	0.693187074129	0.68696046948	0.654734183303	0.656870716117	0.680200995069	0.692710071482	0.674370562276	0.664454286446	0.654308600246	0.658616148567	0.681236468053	0.684826742152	0.7281755179	0.710227666001	0.685532488134	0.705178947172	0.694657336033	0.712099744719	0.667688718675	0.662803400877	0.692074521247	0.672311963801	0.691629383854	0.711297303651	0.700732109857	0.708547133543	0.665463988926	0.685998797273
AH7	0.73215342147	0.747035752413	0.743766076992	0.745373241253	0.740025375675	0.738727694187	0.725322664236	0.720951858191	0.735658110714	0.719742433114	0.715576331373	0.772236365122	0.728125460708	0.756860594752	0.745035867636	0.747788886602	0.713632724785	0.544780581286	0.753754358633	0.712652463963	0.653866208857	0.711667107551	0.695328650896	0.693185087252	0.731748456108	0.717894383536	0.724879143291	0.711626972674	0.681840080227	0.690818057157	0.0	0.53414872912	0.720224252585	0.767019916969	0.771430551586	0.77113158349	0.747272047368	0.753315881946	0.756261908332	0.752336596468	0.762773962726	0.734932355062	0.756447551875	0.743113348366	0.760611221965	0.766059406792	0.765303875451	0.755491199646	0.754328145091	0.768197174207	0.782823992466	0.788566364153	0.743823464745	0.729153129149	0.748766658016	0.741619037309	0.776444896263	0.794546448341	0.777524806225	0.772807452372	0.748415061022	0.761498479156
AH8	0.695995376639	0.689088029501	0.740312679114	0.70115099278	0.676779306406	0.683037710332	0.681862128494	0.670859834045	0.670344868367	0.675133079801	0.696603359415	0.704017431166	0.708891294624	0.715402220176	0.707112206247	0.677748422453	0.556623274932	0.39241920332	0.755869740801	0.651808942482	0.652706103781	0.646304742723	0.68302433186	0.675892382568	0.689707364782	0.664055122933	0.65611434706	0.626961873778	0.661046643015	0.642434207541	0.53414872912	0.0	0.673777349451	0.718350714188	0.713283410167	0.722859129787	0.689945750829	0.679894919283	0.693216768446	0.709770195607	0.698216665457	0.698381993551	0.702485927312	0.701854351201	0.711820650523	0.719203191432	0.722388784394	0.716780104267	0.713075204748	0.731416124715	0.723971365546	0.735050553262	0.681340430441	0.671222791979	0.704027799054	0.684772307319	0.727465230579	0.742844456069	0.749226519411	0.712627886096	0.691174288894	0.687912310591
AA5	0.66174238397	0.676523968594	0.736025115792	0.694346093904	0.672258433476	0.667540494414	0.701593570868	0.689155152138	0.602168593106	0.681219383467	0.639559213361	0.675190467609	0.681839813035	0.713023438412	0.674855008671	0.676869095257	0.658719097232	0.677229410792	0.771817052586	0.692970368253	0.709490986727	0.710489053313	0.645491240138	0.66959218242	0.729605082512	0.685430167854	0.668392193445	0.694432215982	0.673403709864	0.682191535426	0.720224252585	0.673777349451	0.0	0.574485628666	0.682662855856	0.686315169054	0.653003717658	0.638103398123	0.693195874307	0.696437107283	0.70632676542	0.648303418802	0.645335912651	0.649353688867	0.704243207891	0.664742037501	0.693087188984	0.715907959789	0.690001088236	0.71877537937	0.694327938755	0.719318949093	0.666560469091	0.672811011069	0.681186405415	0.707584505573	0.661179630351	0.723958170598	0.678868686009	0.690662812201	0.639518078775	0.697148773948
AA6	0.683885724381	0.680493929399	0.784289210141	0.7044694157	0.693119129881	0.673714157172	0.668896909956	0.660852336845	0.68398257793	0.651212985425	0.673031223038	0.675565674177	0.706120740566	0.712606547558	0.719286756312	0.68691790301	0.723840681225	0.710464651687	0.782437246925	0.684450234485	0.698588494993	0.670734700596	0.6895306302	0.690933558029	0.758877377076	0.702746002092	0.705481536161	0.698358414981	0.688554036191	0.672730535647	0.767019916969	0.718350714188	0.574485628666	0.0	0.682400157124	0.675792531696	0.644063820313	0.639281099963	0.666990793997	0.673644809371	0.659271641062	0.701601153182	0.663829792979	0.662664104335	0.486124111722	0.45064954263	0.690448302124	0.682610848392	0.673610048341	0.685977793622	0.672470669812	0.663988761494	0.668161560178	0.669032182356	0.693258105619	0.675560144015	0.669895197759	0.662214925466	0.678565286376	0.678405602222	0.640780478666	0.662041812607
AB5	0.675491878299	0.667895988976	0.721387867401	0.68942103346	0.697030721412	0.665081495121	0.689712209689	0.694310320453	0.685728077241	0.69156980242	0.67243151999	0.663590262169	0.689099229565	0.673321658001	0.693441711948	0.686899744628	0.712225493931	0.709524314321	0.765677589223	0.697568596617	0.728688175888	0.701865574302	0.716560576806	0.724826153311	0.741141588747	0.726270707412	0.692723198114	0.706036223739	0.698408485999	0.693187074129	0.771430551586	0.713283410167	0.682662855856	0.682400157124	0.0	0.430749192652	0.646656021213	0.669650708798	0.655865081839	0.647117305942	0.658216344386	0.690795335628	0.693115656893	0.644159349337	0.696912494348	0.689483602584	0.65699565536	0.713865682029	0.672593045616	0.717111321556	0.68346338826	0.692662574431	0.664140613973	0.673149588557	0.701777209031	0.679627317086	0.710983459935	0.698214413084	0.706520598215	0.709028800422	0.646711624188	0.702499963914
AB6	0.703138917159	0.653977591004	0.752679422106	0.688231171214	0.683356514561	0.65547140744	0.678082581318	0.683599707703	0.70341756945	0.665552284223	0.683935109632	0.667762623607	0.693059499424	0.695853123297	0.681894549164	0.681527127824	0.729211567446	0.717113271528	0.78789880069	0.69508826492	0.736470193009	0.707139180732	0.705668951813	0.702164698262	0.746044723357	0.709963454417	0.696028205573	0.713492730672	0.690854193101	0.68696046948	0.77113158349	0.722859129787	0.686315169054	0.675792531696	0.430749192652	0.0	0.671728360489	0.657549113062	0.664535023636	0.649380655259	0.640791918641	0.690818164478	0.660985388549	0.559494545364	0.686284050019	0.679982292171	0.67374322246	0.691636729953	0.675083424725	0.695665285294	0.683539940349	0.695993320312	0.684295226323	0.671805610192	0.698225061668	0.682616176697	0.68278913633	0.704119356369	0.679684991761	0.685414836758	0.64957895496	0.683372559679
AC5	0.641087440913	0.668545039857	0.743702069317	0.679644080059	0.698760503684	0.678871049595	0.686031091816	0.673021190988	0.650588358145	0.687449282726	0.658259284566	0.677057420358	0.696722857905	0.690333837065	0.688314676545	0.675212203755	0.673609102426	0.685989318788	0.754365797387	0.676289574837	0.707215974132	0.699925081127	0.682268370975	0.701534256135	0.734511355753	0.711880431165	0.678699211754	0.697137472348	0.650299991187	0.654734183303	0.747272047368	0.689945750829	0.653003717658	0.644063820313	0.646656021213	0.671728360489	0.0	0.491532278421	0.639738382249	0.671891003647	0.670158204978	0.691662439889	0.571983897931	0.631218663801	0.657389721834	0.657349305135	0.654219032964	0.698648478017	0.62922634783	0.69046092135	0.656163946921	0.668783140852	0.653234946297	0.638669632753	0.632833655559	0.657866526576	0.652284136872	0.676435093376	0.649485434922	0.681779159875	0.632904053454	0.678490401095
AC6	0.660349266477	0.638403377452	0.731480958361	0.668972168795	0.672519084907	0.660115370077	0.655585790412	0.650342751821	0.653516712028	0.6459896675	0.657568854445	0.652226352906	0.687726881425	0.673120701577	0.681945104678	0.6410421357	0.688254073663	0.70049413512	0.755021380549	0.66466285543	0.714988294959	0.682106747067	0.678765346336	0.685483319634	0.739573122448	0.685436694508	0.658505805377	0.670214303374	0.665583962394	0.656870716117	0.753315881946	0.679894919283	0.638103398123	0.639281099963	0.669650708798	0.657549113062	0.491532278421	0.0	0.625401984816	0.652617702498	0.634245051235	0.5749221962	0.459492706817	0.599206758484	0.647638180645	0.649176349625	0.654811695505	0.674630752611	0.632786384306	0.665417014923	0.649225182286	0.668020214787	0.643159646729	0.630241467897	0.662001528862	0.64696412993	0.622447314156	0.671929103453	0.638812910314	0.633534652271	0.633347260821	0.654493756684
AD6	0.677365217062	0.655900830637	0.766824975941	0.702067731456	0.688375507473	0.665465561646	0.632539323439	0.628175558182	0.666470406791	0.631103363493	0.674326794712	0.66219913144	0.70628582278	0.700471124097	0.683988143673	0.659011131825	0.710669630788	0.702143126597	0.785439112964	0.697119705459	0.715363146799	0.686767499805	0.693278333136	0.694639907922	0.753228623186	0.712842980196	0.672303762054	0.689631210963	0.686536099186	0.680200995069	0.756261908332	0.693216768446	0.693195874307	0.666990793997	0.655865081839	0.664535023636	0.639738382249	0.625401984816	0.0	0.505087787393	0.381884210709	0.698325385576	0.657598934717	0.656598978484	0.664444975043	0.676091019099	0.669944305771	0.675661392945	0.656104214607	0.672257932704	0.681040229861	0.673635511594	0.66687477515	0.650088812387	0.666212039477	0.658492214762	0.658031907743	0.683544363307	0.672004851949	0.647531554405	0.633200988378	0.636946395345
AE5	0.691357094426	0.657797366296	0.758261078465	0.695924255253	0.644791491047	0.660522213257	0.651357599855	0.659982940635	0.679309776302	0.659606210189	0.678242508599	0.641573271539	0.69719168449	0.70660523317	0.688735737132	0.6738834643	0.742848081599	0.719843049042	0.783547866233	0.699385056463	0.736250582522	0.712187254077	0.712248685424	0.708164592475	0.767212696973	0.733238207001	0.712204696289	0.724035926664	0.704035226215	0.692710071482	0.752336596468	0.709770195607	0.696437107283	0.673644809371	0.647117305942	0.649380655259	0.671891003647	0.652617702498	0.505087787393	0.0	0.427179166093	0.688943172	0.647645689559	0.662346299416	0.682639923225	0.670517559264	0.669872457518	0.685120888315	0.657584921548	0.66173862181	0.672765734321	0.682386373407	0.657142754187	0.648355732158	0.666228266528	0.651619770346	0.669975938758	0.694267142473	0.671109740046	0.644942077884	0.637368229488	0.665172663337
AE6	0.692784128219	0.646240155488	0.781290590724	0.702126818125	0.676544141277	0.667418919013	0.633708947471	0.624969624009	0.685259972424	0.637436476873	0.698090515626	0.659672513846	0.717453272275	0.705939628645	0.691488012165	0.660720591528	0.737031643227	0.709660948781	0.789345033272	0.686318566382	0.729377584102	0.684125722497	0.708554868742	0.699522915424	0.755326374981	0.712874902978	0.690611967975	0.688550673774	0.689752250772	0.674370562276	0.762773962726	0.698216665457	0.70632676542	0.659271641062	0.658216344386	0.640791918641	0.670158204978	0.634245051235	0.381884210709	0.427179166093	0.0	0.698287292984	0.646265959964	0.658420167408	0.659134188131	0.662378702293	0.677268648538	0.662444725346	0.650403495512	0.654944810661	0.683199563584	0.676009668666	0.648660306521	0.640636609475	0.665314558354	0.643557791808	0.653196579139	0.687632494736	0.674033368745	0.637512131917	0.637253797265	0.641421853684
AF5	0.691421231829	0.674346657767	0.701121410905	0.668677383109	0.643921664793	0.653696208799	0.70559925549	0.707224991139	0.661372342637	0.712356736548	0.674241879811	0.681563261202	0.64952386309	0.663531783925	0.686634690187	0.682139909238	0.685238292085	0.687035709438	0.719554805499	0.67808863619	0.707054926739	0.696673922628	0.681846858172	0.685835428923	0.753288760309	0.710568057948	0.688244175794	0.708371841995	0.681731194219	0.664454286446	0.734932355062	0.698381993551	0.648303418802	0.701601153182	0.690795335628	0.690818164478	0.691662439889	0.5749221962	0.698325385576	0.688943172	0.698287292984	0.0	0.507890384809	0.66578040284	0.702403420565	0.704569870596	0.714192257805	0.724865486326	0.683554133871	0.697688912035	0.710057894548	0.738339357224	0.699107311601	0.693529489972	0.70686901006	0.714660868467	0.689519936806	0.724665578621	0.690640226587	0.685509455854	0.663199085242	0.717222942998
AF6	0.671722661697	0.65749836039	0.724809745026	0.660754419671	0.660709055144	0.655515165065	0.669667606884	0.670811565582	0.66849204056	0.669951015225	0.687165298372	0.665800128145	0.662589260839	0.661375348274	0.670080187546	0.66081703145	0.703136508053	0.685646737269	0.728768160447	0.665887974585	0.719706681382	0.692110360373	0.675137256275	0.685453605854	0.731744171783	0.698986656111	0.683089254268	0.697659800767	0.662550190855	0.654308600246	0.756447551875	0.702485927312	0.645335912651	0.663829792979	0.693115656893	0.660985388549	0.571983897931	0.459492706817	0.657598934717	0.647645689559	0.646265959964	0.507890384809	0.0	0.60922999505	0.67017012459	0.672750883059	0.669094681568	0.684903606529	0.616252162053	0.653227904431	0.654656339754	0.675327516627	0.672341162298	0.665753243688	0.681143051742	0.687211228126	0.620525270874	0.676624845481	0.642234847928	0.640743063127	0.646704710787	0.685047499747
