	AA3	AA4	AB3	AB4	AC3	AC4	AD3	AD4	AE3	AE4	AF3	AF4	AG3	AG4	AH3	AH4	AA7	AA8	AB7	AB8	AC7	AC8	AD7	AD8	AE7	AE8	AF7	AF8	AG7	AG8	AH7	AH8	AA5	AA6	AB5	AB6	AC5	AC6	AD6	AE5	AE6	AF5	AF6	AG5	AH5	AH6	AA1	AA2	AB1	AB2	AC1	AC2	AD1	AD2	AE1	AE2	AF1	AF2	AG1	AG2	AH1	AH2
AA3	0.0	0.49167384685	0.696849279333	0.637583489006	0.677371732941	0.667139729474	0.695864053437	0.695843863088	0.656521739752	0.68497764976	0.648310827026	0.660015725593	0.648820791776	0.631146186119	0.692086572824	0.478061894861	0.681293877739	0.681393921142	0.745768711648	0.690983060959	0.701850736903	0.692204350484	0.674850989939	0.702793513353	0.723391197755	0.704749052282	0.670580748181	0.682367170989	0.680042341418	0.683765892215	0.732931561923	0.681065434889	0.64389616282	0.688771006473	0.6630015895	0.672183161578	0.643733699775	0.64393309023	0.668809480232	0.691025843352	0.676543741063	0.663242368514	0.673985928587	0.6673069817	0.69774503357	0.693320024858	0.648829994584	0.707313173866	0.648735463563	0.679706874159	0.660725805929	0.66834095318	0.629421713322	0.664484557458	0.670541888687	0.662087302092	0.654470101249	0.669579334941	0.665785574093	0.664870840896	0.631341733251	0.681487466509
AA4	0.49167384685	0.0	0.741602053032	0.628002138445	0.650717437999	0.65287935206	0.686777101394	0.669979757358	0.66885955817	0.66987486173	0.666112872682	0.636102224651	0.669128968298	0.639206637642	0.525361723145	0.404608646604	0.681078432879	0.691305643756	0.76557429523	0.694090518746	0.715740477408	0.667177735834	0.684860279636	0.689336541318	0.726573878719	0.687269251637	0.66342359397	0.666158006428	0.685570828271	0.67799613371	0.741926997261	0.680075577934	0.665457287627	0.671250810488	0.681502395295	0.659100447498	0.663752064462	0.644983925981	0.641447933033	0.674652640437	0.631412868972	0.659102419706	0.653181314762	0.640868965675	0.688564860026	0.686624283961	0.664531719908	0.672578224284	0.65147624495	0.65579590112	0.672107316039	0.657940382265	0.639643793637	0.640594406016	0.667610858183	0.654971846242	0.640072728986	0.656089343853	0.640630576307	0.63598593137	0.643782290875	0.643948675869
AB3	0.696849279333	0.741602053032	0.0	0.702168117172	0.738937345164	0.763589045411	0.771308179927	0.784577145786	0.727525583361	0.792489026556	0.748244092521	0.765489757015	0.757842793122	0.629966359388	0.737692175596	0.758119698475	0.749162352456	0.783369837078	0.719669375636	0.737014658326	0.777930407714	0.780950989652	0.743492146784	0.75788030025	0.733739584605	0.751545169341	0.77645948664	0.7747611125	0.758474189437	0.751422091267	0.810386871253	0.778236683581	0.715147726846	0.790289982726	0.739355130581	0.774484696138	0.724118377423	0.731405770738	0.774795053875	0.783427726731	0.785198985229	0.727235862796	0.744836942823	0.759046801444	0.809192006228	0.814011874011	0.781622153944	0.801599566576	0.743560323946	0.795088960096	0.763738466592	0.779180708874	0.764328959779	0.792502555816	0.769079703402	0.789559686669	0.776088979233	0.785071790736	0.782048617463	0.786234557532	0.752056222628	0.785700756127
AB4	0.637583489006	0.628002138445	0.702168117172	0.0	0.68280811243	0.682520460452	0.693424159714	0.687428169904	0.699968358232	0.698338500205	0.666404938752	0.680809822252	0.443406230773	0.471148166014	0.678337745457	0.643105546326	0.709854340298	0.699999353095	0.754116385215	0.694370734618	0.701349116434	0.685524419512	0.703342756574	0.709912651355	0.72820225191	0.694415069765	0.686566810654	0.691201085052	0.664209559505	0.680127823572	0.743724958988	0.704645366336	0.688031245454	0.701093255973	0.691896487362	0.696585757836	0.675956679327	0.649321617772	0.691812105057	0.705328349583	0.699248903855	0.660199432938	0.660722448455	0.672401346602	0.723839762501	0.718304321097	0.699076356317	0.701797801269	0.646694876587	0.702208596718	0.700676098083	0.695494351234	0.667478106442	0.674174384051	0.686175758637	0.677373127399	0.693266386689	0.702835401192	0.69825279681	0.668004523695	0.671622459247	0.686626653466
AC3	0.677371732941	0.650717437999	0.738937345164	0.68280811243	0.0	0.53015009728	0.658902419927	0.66107251365	0.657009040709	0.656897207358	0.682067874499	0.439160038456	0.697050104695	0.6827843495	0.674120279024	0.652429041888	0.664633611958	0.681183937962	0.753323265757	0.674816956516	0.70550916345	0.693431202905	0.725812124966	0.717289586205	0.711453455258	0.704728419215	0.714188188247	0.683579433881	0.7070869168	0.678124844389	0.728143210226	0.667136782903	0.675258982391	0.683363434998	0.698945431839	0.680265592735	0.695815703579	0.678779067808	0.673128517562	0.665006172638	0.659097050704	0.644325707532	0.655400649634	0.666802432636	0.719693600641	0.701373861426	0.717138912792	0.699176147431	0.685514389518	0.684071592381	0.687415716018	0.687579633727	0.677564283805	0.690725106995	0.671111579066	0.676546393848	0.688669238475	0.695252010224	0.674606309851	0.656067960048	0.67614664493	0.68472145355
AC4	0.667139729474	0.65287935206	0.763589045411	0.682520460452	0.53015009728	0.0	0.677763649416	0.665300640565	0.653079639247	0.67562237643	0.487547190918	0.403578173756	0.677543022791	0.669010082449	0.68251144626	0.63582767285	0.701845271586	0.690163777096	0.759463695524	0.685109698691	0.715690816295	0.69714454249	0.714717166255	0.707101818299	0.751314371911	0.705856214115	0.709031756945	0.701297204146	0.705789866985	0.677128965254	0.758227591121	0.698946201026	0.674213374677	0.668213886441	0.668450174846	0.658153504987	0.666905060383	0.644321617788	0.646986441078	0.666794470511	0.669911397868	0.651464679925	0.667824361145	0.643776510905	0.678813151116	0.668500540105	0.711778660681	0.694685521257	0.687378510564	0.691719436473	0.682450872526	0.674349452688	0.682985626561	0.693916220558	0.697936585884	0.697576852617	0.679069554488	0.675601190174	0.667954476224	0.669840212074	0.657134182216	0.680424458276
AD3	0.695864053437	0.686777101394	0.771308179927	0.693424159714	0.658902419927	0.677763649416	0.0	0.404392673017	0.674101186761	0.366381568001	0.701499790068	0.65330736054	0.710375884841	0.718161027285	0.715217774029	0.687887870411	0.712150151827	0.692746956377	0.768401068425	0.663250196007	0.718888744437	0.687453601406	0.718806188679	0.701336034682	0.72564587575	0.69532474534	0.710808129224	0.675988100298	0.703978443969	0.671764111044	0.719658235391	0.685383930227	0.68732486764	0.659411478599	0.671277080298	0.675478485391	0.684057430994	0.662313759624	0.641955489227	0.664492445303	0.658864619101	0.687245821599	0.659463528526	0.686563698361	0.688910419555	0.682799276407	0.692899601983	0.679345173638	0.675195916586	0.661779654097	0.69622666112	0.696362530539	0.67755722917	0.658070035873	0.687203182552	0.664929167332	0.683649052148	0.681984523739	0.695579214479	0.671654190852	0.697542850266	0.680162964655
AD4	0.695843863088	0.669979757358	0.784577145786	0.687428169904	0.66107251365	0.665300640565	0.404392673017	0.0	0.596114171761	0.38535002934	0.689083978094	0.667481856094	0.703909681202	0.702798325842	0.693638021217	0.672057590958	0.692693993184	0.678713437717	0.784874371524	0.663832544974	0.710089845178	0.676210738383	0.694763835926	0.678145881098	0.723655787499	0.673387523456	0.683162903833	0.670229620633	0.663975620471	0.655076382817	0.709975113378	0.683597420057	0.691386351004	0.672700887622	0.670550464483	0.663574971647	0.667032033386	0.664927143313	0.626358690532	0.662744593538	0.641042498117	0.682116255384	0.674529405509	0.676618507923	0.696144026608	0.687088276092	0.691628585497	0.681042359429	0.670768922032	0.661388187297	0.695495314477	0.711425687443	0.672853049189	0.6594459944	0.66188322008	0.667686415951	0.692234456588	0.696774900887	0.69040119325	0.657064705977	0.67519555582	0.679392829211
AE3	0.656521739752	0.66885955817	0.727525583361	0.699968358232	0.657009040709	0.653079639247	0.674101186761	0.596114171761	0.0	0.641984115571	0.654300923961	0.657595531699	0.682813929835	0.689403371848	0.687683902284	0.674751122748	0.656364694366	0.685254073641	0.76094321376	0.687059198004	0.719394492728	0.722131170686	0.676448523211	0.691312718541	0.740790539723	0.701261099113	0.677284233554	0.706845963473	0.663494302481	0.66913027956	0.727764493742	0.683933363244	0.589602987593	0.694492333308	0.675289367896	0.702444238311	0.668912050086	0.681299030256	0.671004907891	0.68475884785	0.684452404749	0.662926055737	0.668109971711	0.675120104669	0.724914976337	0.726396127471	0.70619796217	0.735645689659	0.695554205343	0.713475694097	0.697474103901	0.721253461794	0.684467699618	0.687714357801	0.658483229495	0.691704478642	0.680175374286	0.722029872724	0.696426586598	0.702221499606	0.651491516606	0.71130551788
AE4	0.68497764976	0.66987486173	0.792489026556	0.698338500205	0.656897207358	0.67562237643	0.366381568001	0.38535002934	0.641984115571	0.0	0.714248326138	0.660572588354	0.708979006662	0.713826391686	0.713607148539	0.676068625183	0.704594588814	0.682051683316	0.78607625797	0.670105074749	0.729126414631	0.689564550551	0.712219567211	0.712571123764	0.740423030629	0.69495517517	0.691306253097	0.679973440344	0.680929949664	0.666036612014	0.727369542403	0.689602477418	0.709520766289	0.673933125602	0.684347819358	0.66340390034	0.690753089994	0.662834575943	0.624373285853	0.657791190251	0.64012185461	0.676475628875	0.666131889623	0.678017802046	0.696946587808	0.680139703419	0.680504530385	0.685819396075	0.678210043572	0.667998651787	0.688207017713	0.696835247531	0.676433030223	0.66469369255	0.687259839559	0.677101847683	0.687708814215	0.68952582308	0.694327588312	0.668479529783	0.686242199376	0.682145457724
AF3	0.648310827026	0.666112872682	0.748244092521	0.666404938752	0.682067874499	0.487547190918	0.701499790068	0.689083978094	0.654300923961	0.714248326138	0.0	0.566059954919	0.674333599893	0.644475350658	0.688491650375	0.670100542876	0.673581397028	0.689833883659	0.753004818644	0.687986198617	0.691453975534	0.705778126917	0.682791333399	0.699697518794	0.759438009049	0.712178944067	0.698349230795	0.705794710797	0.702471186581	0.666594933104	0.721766262075	0.691122233382	0.650671801874	0.684376884252	0.67706617586	0.684722207025	0.655356264797	0.658192666362	0.661535688658	0.688999753677	0.69803091587	0.675187949887	0.684924367674	0.662221386887	0.694253862375	0.687184055308	0.710774789317	0.700766739935	0.68709660916	0.707511307138	0.698931043951	0.703394073688	0.691728557694	0.699518356106	0.70508275249	0.712929863414	0.680907425021	0.710475307334	0.690470570063	0.697754064435	0.649000050087	0.703176420493
AF4	0.660015725593	0.636102224651	0.765489757015	0.680809822252	0.439160038456	0.403578173756	0.65330736054	0.667481856094	0.657595531699	0.660572588354	0.566059954919	0.0	0.680236626551	0.668878540396	0.681425797308	0.628593644402	0.678958743477	0.676968601055	0.757644039797	0.675160978984	0.710414809967	0.684760203988	0.709105186687	0.70965325266	0.743578534815	0.700621263589	0.703331926791	0.680291358613	0.702428612127	0.674557555456	0.741075240532	0.68193371394	0.665459925761	0.655655404536	0.682461761732	0.678412485264	0.67951935503	0.662705062389	0.641960296366	0.671448306895	0.665614533984	0.640522678584	0.639302053091	0.662550947411	0.684826248441	0.665899936711	0.712176497746	0.676351995192	0.690281717332	0.675169160138	0.679191698102	0.665862074153	0.680744165335	0.673883514314	0.688273287016	0.67569762063	0.669556965961	0.661484279043	0.675465995981	0.659558817477	0.660694392473	0.667614383767
AG3	0.648820791776	0.669128968298	0.757842793122	0.443406230773	0.697050104695	0.677543022791	0.710375884841	0.703909681202	0.682813929835	0.708979006662	0.674333599893	0.680236626551	0.0	0.537818091565	0.688545893943	0.653747639713	0.682463286595	0.685993755246	0.772848288377	0.702878657403	0.691444603047	0.701212848864	0.683210458812	0.694651014345	0.733551569197	0.697049599628	0.68344241938	0.706579180425	0.67689595101	0.69098164336	0.736853424668	0.696506166176	0.686318470754	0.702122556998	0.693283887061	0.695244954042	0.6935604653	0.671440423726	0.696586739304	0.709876391986	0.703070463119	0.654500779922	0.674077706297	0.679788316178	0.703906006137	0.699122879984	0.712610733591	0.712686368606	0.66764183132	0.710328720656	0.692296208948	0.711259799701	0.685426307041	0.682536209024	0.698836522317	0.693353982221	0.704416929896	0.710882026463	0.699262329729	0.686350177116	0.683610165534	0.695082188595
AG4	0.631146186119	0.639206637642	0.629966359388	0.471148166014	0.6827843495	0.669010082449	0.718161027285	0.702798325842	0.689403371848	0.713826391686	0.644475350658	0.668878540396	0.537818091565	0.0	0.655784267605	0.652162173913	0.684333059973	0.698006900704	0.724417679841	0.677086630663	0.685580168985	0.673114350834	0.692055496673	0.704417224271	0.712932237339	0.692345948992	0.654776109265	0.677298197676	0.646852494881	0.681046522463	0.726282364802	0.696883932353	0.674359253127	0.716505254817	0.677873707842	0.7035062898	0.669511134721	0.660927551344	0.678377716785	0.721421365337	0.710763216021	0.651406290397	0.674871795681	0.679185150468	0.731783655865	0.725038870423	0.721608440979	0.711174333682	0.666731115226	0.706622845024	0.706698104505	0.712544749257	0.695154854315	0.699224587741	0.710064499837	0.709112400279	0.701678768354	0.718698624326	0.70136330192	0.69463839454	0.687180372299	0.70694201712
AH3	0.692086572824	0.525361723145	0.737692175596	0.678337745457	0.674120279024	0.68251144626	0.715217774029	0.693638021217	0.687683902284	0.713607148539	0.688491650375	0.681425797308	0.688545893943	0.655784267605	0.0	0.575873837748	0.681035217668	0.71728059936	0.77897664581	0.717168744144	0.715383223774	0.712851580439	0.693853200737	0.694660164202	0.728944426	0.698276123328	0.705747185542	0.707166407547	0.708489530759	0.707636685387	0.750932084788	0.708438973516	0.674659750619	0.721467677725	0.688398119657	0.703937448208	0.690597512605	0.692452694194	0.681541519099	0.710934586423	0.672355692359	0.697980832215	0.696368761937	0.669862132744	0.734445784154	0.732159886574	0.697571376413	0.703670047376	0.702723104932	0.7120243862	0.704897134002	0.724634826922	0.702062746082	0.696353650693	0.692725709225	0.717556060439	0.716398937536	0.725352880773	0.701948924236	0.70430257689	0.689383678474	0.697763562571
AH4	0.478061894861	0.404608646604	0.758119698475	0.643105546326	0.652429041888	0.63582767285	0.687887870411	0.672057590958	0.674751122748	0.676068625183	0.670100542876	0.628593644402	0.653747639713	0.652162173913	0.575873837748	0.0	0.690159593474	0.68244616854	0.771795815139	0.700654334874	0.715148227631	0.680189273146	0.691452876881	0.697741959691	0.734317900039	0.691468380435	0.679259251753	0.679009774068	0.690578560019	0.692536228255	0.744396783294	0.687914565597	0.679938914064	0.692435060129	0.677613399846	0.675934694065	0.68014152037	0.655022717029	0.643619678665	0.682463678594	0.635034102642	0.677521605093	0.670141336645	0.658145044642	0.688143949271	0.686730660462	0.673726148658	0.677678416127	0.67049832635	0.665655540503	0.673789541954	0.679676970417	0.670600618246	0.651711070491	0.67068486446	0.668447596362	0.656593549436	0.659416620745	0.65384392772	0.641967088221	0.655684174854	0.639624926209
AA7	0.681293877739	0.681078432879	0.749162352456	0.709854340298	0.664633611958	0.701845271586	0.712150151827	0.692693993184	0.656364694366	0.704594588814	0.673581397028	0.678958743477	0.682463286595	0.684333059973	0.681035217668	0.690159593474	0.0	0.513829078397	0.769477316261	0.69029206136	0.651968972481	0.667394091873	0.671582780635	0.694525960969	0.707968243047	0.703369591149	0.666234738283	0.669809884762	0.674761911199	0.661899228714	0.707696431722	0.532166159298	0.652381518013	0.72091862818	0.710648894645	0.717920196319	0.662642175212	0.698754502948	0.703331993743	0.745617371773	0.733546746579	0.680256550111	0.694204083561	0.714086444493	0.736881373206	0.727529165333	0.732927016885	0.734129248621	0.712196973104	0.738177751109	0.70383206101	0.726619922235	0.695050661722	0.709486714752	0.690164955137	0.706301045015	0.726087014793	0.737183528528	0.732001129149	0.724047558261	0.684995166498	0.719434344433
AA8	0.681393921142	0.691305643756	0.783369837078	0.699999353095	0.681183937962	0.690163777096	0.692746956377	0.678713437717	0.685254073641	0.682051683316	0.689833883659	0.676968601055	0.685993755246	0.698006900704	0.71728059936	0.68244616854	0.513829078397	0.0	0.768344203408	0.667286032761	0.640586690863	0.637967231063	0.671668852335	0.68714418522	0.69968691121	0.684549298853	0.657902540701	0.639838762876	0.639700824483	0.645582681046	0.543391285682	0.378890681463	0.677241916263	0.715249852514	0.723808082708	0.715187000549	0.693587932303	0.694178347701	0.69418499302	0.716467166077	0.712338236109	0.696337662734	0.71145245322	0.710209196901	0.719503296249	0.707273306093	0.716894777024	0.712618643454	0.703600770482	0.722623593236	0.719098642129	0.731547215513	0.686619587244	0.677697065876	0.681966012586	0.692720261621	0.721673591377	0.725298202826	0.747255949851	0.709718638804	0.699651818787	0.708193900416
AB7	0.745768711648	0.76557429523	0.719669375636	0.754116385215	0.753323265757	0.759463695524	0.768401068425	0.784874371524	0.76094321376	0.78607625797	0.753004818644	0.757644039797	0.772848288377	0.724417679841	0.77897664581	0.771795815139	0.769477316261	0.768344203408	0.0	0.554136509023	0.745360952755	0.753812660573	0.780074636726	0.787847506725	0.742667851998	0.773136322163	0.783948995543	0.766453411689	0.745667766557	0.623650556699	0.757041314426	0.754796860372	0.771147463649	0.783163325861	0.769739124002	0.79105478905	0.753907704888	0.762203541511	0.786563213325	0.790816654653	0.789328128436	0.716597485321	0.745835453515	0.777851716007	0.792316623293	0.806674825796	0.817357092633	0.801240865818	0.773819398843	0.797107856436	0.792968708825	0.797611839636	0.788482117641	0.794976996555	0.771716954887	0.789655970256	0.787941721202	0.795518232327	0.797677178002	0.788849471624	0.777301328058	0.787680089245
AB8	0.690983060959	0.694090518746	0.737014658326	0.694370734618	0.674816956516	0.685109698691	0.663250196007	0.663832544974	0.687059198004	0.670105074749	0.687986198617	0.675160978984	0.702878657403	0.677086630663	0.717168744144	0.700654334874	0.69029206136	0.667286032761	0.554136509023	0.0	0.655513534653	0.63028202982	0.702275726868	0.686148645141	0.671568513297	0.66877654534	0.682124544575	0.637528596121	0.500605372128	0.379457439392	0.711306329636	0.652962475511	0.690855180342	0.67379878674	0.683493324227	0.683599781771	0.64863981732	0.663137853638	0.671248884924	0.693886621736	0.691172471478	0.662525605146	0.668014774657	0.665430751453	0.688739682061	0.687517163459	0.724979564498	0.70537269739	0.683060173646	0.702585234831	0.678862302151	0.711065349025	0.680355011881	0.687590775329	0.67869562169	0.681115822776	0.697675965733	0.70820238278	0.712884768621	0.702374209192	0.68369038195	0.682516785917
AC7	0.701850736903	0.715740477408	0.777930407714	0.701349116434	0.70550916345	0.715690816295	0.718888744437	0.710089845178	0.719394492728	0.729126414631	0.691453975534	0.710414809967	0.691444603047	0.685580168985	0.715383223774	0.715148227631	0.651968972481	0.640586690863	0.745360952755	0.655513534653	0.0	0.512041813939	0.687858535568	0.687952605877	0.688356197728	0.679588580748	0.695999733938	0.565101568427	0.642555000084	0.6294821104	0.664805002418	0.645726935483	0.701692251807	0.69956788301	0.723644709738	0.745133852057	0.706260216214	0.720207813257	0.713195227295	0.74466588148	0.72577246812	0.712260157551	0.715110292839	0.712481956369	0.697025962225	0.71279838347	0.749864297668	0.75820147846	0.707370557854	0.734364297647	0.762151824898	0.74731354873	0.700575000888	0.69455218042	0.683859690796	0.701768538565	0.743249696983	0.742199881312	0.751247655235	0.721769818424	0.696116622507	0.731870117625
AC8	0.692204350484	0.667177735834	0.780950989652	0.685524419512	0.693431202905	0.69714454249	0.687453601406	0.676210738383	0.722131170686	0.689564550551	0.705778126917	0.684760203988	0.701212848864	0.673114350834	0.712851580439	0.680189273146	0.667394091873	0.637967231063	0.753812660573	0.63028202982	0.512041813939	0.0	0.689141682445	0.671787002753	0.690719048595	0.653000855037	0.491665397546	0.371424103924	0.64262719776	0.621976519315	0.704232709611	0.632755794198	0.712240240682	0.675433728488	0.705517616436	0.701744561119	0.69653610435	0.683507942777	0.685304870975	0.716468458278	0.69486682571	0.685576748317	0.683119152636	0.674718851657	0.68066005367	0.680523391919	0.722238094416	0.712108415226	0.675296063881	0.696286791459	0.705429625898	0.683483139758	0.672384279358	0.657354719386	0.676601277055	0.663885330806	0.700026448688	0.689452537857	0.717129968744	0.69318850752	0.670397988623	0.673186557532
AD7	0.674850989939	0.684860279636	0.743492146784	0.703342756574	0.725812124966	0.714717166255	0.718806188679	0.694763835926	0.676448523211	0.712219567211	0.682791333399	0.709105186687	0.683210458812	0.692055496673	0.693853200737	0.691452876881	0.671582780635	0.671668852335	0.780074636726	0.702275726868	0.687858535568	0.689141682445	0.0	0.452516353684	0.702158515445	0.50629396728	0.665275271642	0.676533447937	0.66071746781	0.673882750653	0.701089436516	0.675457035228	0.642950910974	0.7029798464	0.719014048469	0.711932292647	0.701357662776	0.695095719708	0.699002399994	0.731977313441	0.713769644663	0.677322686036	0.699486441203	0.698789519213	0.702313578383	0.699203737382	0.719758088712	0.715960167645	0.677588155038	0.714662635739	0.701026975747	0.729588311104	0.693111894722	0.692585019215	0.662362474154	0.701198697752	0.697126875478	0.712899722071	0.705506703933	0.70599159523	0.670129966679	0.688482795648
AD8	0.702793513353	0.689336541318	0.75788030025	0.709912651355	0.717289586205	0.707101818299	0.701336034682	0.678145881098	0.691312718541	0.712571123764	0.699697518794	0.70965325266	0.694651014345	0.704417224271	0.694660164202	0.697741959691	0.694525960969	0.68714418522	0.787847506725	0.686148645141	0.687952605877	0.671787002753	0.452516353684	0.0	0.599001097377	0.382539543198	0.650831168964	0.652242813479	0.671978974916	0.672763590664	0.717920967367	0.679906255942	0.661489669059	0.68600874477	0.714197896778	0.710553852792	0.701618887973	0.688435867952	0.700870627324	0.724542456689	0.699224433661	0.693750486151	0.689584583877	0.684652404636	0.694302797135	0.689021162249	0.71931885318	0.713503859129	0.684164072491	0.713382708189	0.698563321557	0.715479425574	0.686033694776	0.677949669284	0.67107846838	0.685372235608	0.702863724396	0.722942508732	0.711852243666	0.702157536036	0.689080482989	0.686467917327
AE7	0.723391197755	0.726573878719	0.733739584605	0.72820225191	0.711453455258	0.751314371911	0.72564587575	0.723655787499	0.740790539723	0.740423030629	0.759438009049	0.743578534815	0.733551569197	0.712932237339	0.728944426	0.734317900039	0.707968243047	0.69968691121	0.742667851998	0.671568513297	0.688356197728	0.690719048595	0.702158515445	0.599001097377	0.0	0.50161896803	0.719716982877	0.685488172808	0.686312554343	0.694178805749	0.732445540089	0.69584567796	0.720732578658	0.750534712451	0.741267817568	0.751654903425	0.729950003008	0.74939263744	0.761412781913	0.77761318845	0.761180472171	0.740642447179	0.737593029661	0.732060969402	0.753959383263	0.769866159415	0.769448585324	0.78333887538	0.730655367987	0.7634869827	0.768975472869	0.776269357373	0.743135996065	0.744816062372	0.731194425805	0.744673296417	0.777689178582	0.782872222972	0.770586089019	0.753053492933	0.751769415247	0.766662612747
AE8	0.704749052282	0.687269251637	0.751545169341	0.694415069765	0.704728419215	0.705856214115	0.69532474534	0.673387523456	0.701261099113	0.69495517517	0.712178944067	0.700621263589	0.697049599628	0.692345948992	0.698276123328	0.691468380435	0.703369591149	0.684549298853	0.773136322163	0.66877654534	0.679588580748	0.653000855037	0.50629396728	0.382539543198	0.50161896803	0.0	0.66655269972	0.640959553192	0.663400523802	0.662228718264	0.716901025044	0.674275471964	0.68281093855	0.700668672888	0.714090827781	0.717364346111	0.719137165619	0.697865152756	0.706511891298	0.725525230644	0.709703876465	0.696895418592	0.692885824069	0.683527431407	0.709995849949	0.706388990363	0.721514650427	0.723387236681	0.68165880034	0.708686798307	0.722481988846	0.730133159751	0.690323070189	0.684153947388	0.676097523642	0.684998583431	0.715077504077	0.731018058816	0.715649110303	0.702258797169	0.697460995484	0.700915841706
AF7	0.670580748181	0.66342359397	0.77645948664	0.686566810654	0.714188188247	0.709031756945	0.710808129224	0.683162903833	0.677284233554	0.691306253097	0.698349230795	0.703331926791	0.68344241938	0.654776109265	0.705747185542	0.679259251753	0.666234738283	0.657902540701	0.783948995543	0.682124544575	0.695999733938	0.491665397546	0.665275271642	0.650831168964	0.719716982877	0.66655269972	0.0	0.456127146949	0.65594868404	0.661978871391	0.725627674313	0.670790702476	0.684917742278	0.707068074383	0.700643371082	0.704837371658	0.700487663577	0.68024018457	0.673428405854	0.709073177829	0.701557413868	0.684071814536	0.691039853675	0.680567671441	0.716246609877	0.70230963656	0.707556367874	0.710986897012	0.687031985546	0.711993887179	0.672838920152	0.704698991856	0.685491562258	0.676923588957	0.682641548181	0.676942657122	0.681234919038	0.708046726203	0.700148984371	0.704264719759	0.671931265907	0.679200216467
AF8	0.682367170989	0.666158006428	0.7747611125	0.691201085052	0.683579433881	0.701297204146	0.675988100298	0.670229620633	0.706845963473	0.679973440344	0.705794710797	0.680291358613	0.706579180425	0.677298197676	0.707166407547	0.679009774068	0.669809884762	0.639838762876	0.766453411689	0.637528596121	0.565101568427	0.371424103924	0.676533447937	0.652242813479	0.685488172808	0.640959553192	0.456127146949	0.0	0.647486229532	0.619481753403	0.693524733387	0.625165852029	0.697249153666	0.671078682853	0.695478117183	0.702209503339	0.692365705272	0.662323436789	0.672993799915	0.713803969434	0.682119850435	0.691841464936	0.681204260243	0.678628951818	0.68177443229	0.676790451729	0.713710024948	0.702500413761	0.663602924554	0.689485458397	0.703242879811	0.685619641275	0.662355532056	0.655145283472	0.665412471733	0.650993523506	0.690798788247	0.692451103996	0.70988133801	0.682221234403	0.667119912384	0.669539202077
AG7	0.680042341418	0.685570828271	0.758474189437	0.664209559505	0.7070869168	0.705789866985	0.703978443969	0.663975620471	0.663494302481	0.680929949664	0.702471186581	0.702428612127	0.67689595101	0.646852494881	0.708489530759	0.690578560019	0.674761911199	0.639700824483	0.745667766557	0.500605372128	0.642555000084	0.64262719776	0.66071746781	0.671978974916	0.686312554343	0.663400523802	0.65594868404	0.647486229532	0.0	0.450314092656	0.678048516811	0.644380887717	0.693385714003	0.695721903475	0.709530919858	0.697698131305	0.666544683309	0.691009789115	0.66400725573	0.715161825774	0.701175960018	0.667225176246	0.6877794607	0.679344230032	0.701852412836	0.697529614339	0.731126358681	0.713429360557	0.683068863184	0.722624927442	0.684416033071	0.73071771942	0.655293315368	0.685688721039	0.679635512814	0.68298721732	0.698454149463	0.713809836794	0.70839288648	0.707873767871	0.669527284515	0.699040594083
AG8	0.683765892215	0.67799613371	0.751422091267	0.680127823572	0.678124844389	0.677128965254	0.671764111044	0.655076382817	0.66913027956	0.666036612014	0.666594933104	0.674557555456	0.69098164336	0.681046522463	0.707636685387	0.692536228255	0.661899228714	0.645582681046	0.623650556699	0.379457439392	0.6294821104	0.621976519315	0.673882750653	0.672763590664	0.694178805749	0.662228718264	0.661978871391	0.619481753403	0.450314092656	0.0	0.691963976464	0.633034456364	0.681204031786	0.671179616667	0.684792298874	0.680677720708	0.640517889222	0.66051222072	0.648042567158	0.696149484587	0.677689194779	0.657701121832	0.656564154048	0.661925436815	0.681162383677	0.676432595603	0.72334733511	0.698360061442	0.671975265737	0.693913786272	0.686691342596	0.708506210823	0.654895065526	0.680338584342	0.671933173411	0.674920607748	0.678617614519	0.709006059553	0.695996559687	0.689912188034	0.658420854313	0.679170101466
AH7	0.732931561923	0.741926997261	0.810386871253	0.743724958988	0.728143210226	0.758227591121	0.719658235391	0.709975113378	0.727764493742	0.727369542403	0.721766262075	0.741075240532	0.736853424668	0.726282364802	0.750932084788	0.744396783294	0.707696431722	0.543391285682	0.757041314426	0.711306329636	0.664805002418	0.704232709611	0.701089436516	0.717920967367	0.732445540089	0.716901025044	0.725627674313	0.693524733387	0.678048516811	0.691963976464	0.0	0.507931113696	0.710924361488	0.761398170529	0.768448622318	0.76296022703	0.745873765794	0.752790362466	0.748428717146	0.764060909363	0.762740266801	0.730638104808	0.747632400732	0.749478705197	0.776268481877	0.768573358584	0.770402438477	0.756950256864	0.745905871323	0.770925126904	0.78647272609	0.791626622655	0.739655627528	0.741229658616	0.734175263235	0.738743361458	0.769654099413	0.787519193884	0.784487375489	0.752291840233	0.756313184721	0.76056928551
AH8	0.681065434889	0.680075577934	0.778236683581	0.704645366336	0.667136782903	0.698946201026	0.685383930227	0.683597420057	0.683933363244	0.689602477418	0.691122233382	0.68193371394	0.696506166176	0.696883932353	0.708438973516	0.687914565597	0.532166159298	0.378890681463	0.754796860372	0.652962475511	0.645726935483	0.632755794198	0.675457035228	0.679906255942	0.69584567796	0.674275471964	0.670790702476	0.625165852029	0.644380887717	0.633034456364	0.507931113696	0.0	0.676418100098	0.702977036264	0.707887626536	0.702751476081	0.690876390693	0.684935662214	0.690374604027	0.718743131467	0.701074425212	0.683917981463	0.692468311382	0.706421707918	0.713192775906	0.701519597902	0.712820546382	0.706694898923	0.693913363691	0.717173636686	0.713510172017	0.722793523459	0.686089884028	0.687280507529	0.688147134292	0.682453133323	0.720587350728	0.720961069122	0.742414261425	0.704916074643	0.687551642754	0.705505382521
AA5	0.64389616282	0.665457287627	0.715147726846	0.688031245454	0.675258982391	0.674213374677	0.68732486764	0.691386351004	0.589602987593	0.709520766289	0.650671801874	0.665459925761	0.686318470754	0.674359253127	0.674659750619	0.679938914064	0.652381518013	0.677241916263	0.771147463649	0.690855180342	0.701692251807	0.712240240682	0.642950910974	0.661489669059	0.720732578658	0.68281093855	0.684917742278	0.697249153666	0.693385714003	0.681204031786	0.710924361488	0.676418100098	0.0	0.619654510739	0.663671692518	0.689248635328	0.637208497185	0.649409780041	0.679433112232	0.704067606903	0.692341523451	0.66409325859	0.648484083419	0.665627011733	0.706757371163	0.667502319757	0.700861088336	0.72157778219	0.682563113495	0.702503536496	0.690956903862	0.709744023643	0.655317746267	0.686078806512	0.64718881243	0.672864576286	0.657155676157	0.710646601714	0.67883436339	0.699310564565	0.64459431583	0.712430899116
AA6	0.688771006473	0.671250810488	0.790289982726	0.701093255973	0.683363434998	0.668213886441	0.659411478599	0.672700887622	0.694492333308	0.673933125602	0.684376884252	0.655655404536	0.702122556998	0.716505254817	0.721467677725	0.692435060129	0.72091862818	0.715249852514	0.783163325861	0.67379878674	0.69956788301	0.675433728488	0.7029798464	0.68600874477	0.750534712451	0.700668672888	0.707068074383	0.671078682853	0.695721903475	0.671179616667	0.761398170529	0.702977036264	0.619654510739	0.0	0.682845479309	0.667098048846	0.66269881938	0.642909304766	0.665977454579	0.690524692888	0.672676151735	0.677352263704	0.648015123106	0.666926844187	0.457822023282	0.424876720016	0.693332642509	0.688203472049	0.657697653163	0.667707118485	0.685132177217	0.665738406838	0.665585082127	0.666822451127	0.686248961113	0.658243841789	0.65230555986	0.66389812932	0.673669173662	0.675620667259	0.648215598707	0.669480328108
AB5	0.6630015895	0.681502395295	0.739355130581	0.691896487362	0.698945431839	0.668450174846	0.671277080298	0.670550464483	0.675289367896	0.684347819358	0.67706617586	0.682461761732	0.693283887061	0.677873707842	0.688398119657	0.677613399846	0.710648894645	0.723808082708	0.769739124002	0.683493324227	0.723644709738	0.705517616436	0.719014048469	0.714197896778	0.741267817568	0.714090827781	0.700643371082	0.695478117183	0.709530919858	0.684792298874	0.768448622318	0.707887626536	0.663671692518	0.682845479309	0.0	0.441075233984	0.654267395935	0.649557985887	0.655210339382	0.658440030606	0.653828838393	0.680763934684	0.65949985882	0.662441202611	0.704302001234	0.698400106103	0.662995280129	0.69952793196	0.676107413884	0.709586761085	0.68067495105	0.700823242543	0.657977355983	0.667581779899	0.697681157321	0.672028685875	0.691925232337	0.705463372637	0.715615093669	0.701506642327	0.641617604503	0.703671303838
AB6	0.672183161578	0.659100447498	0.774484696138	0.696585757836	0.680265592735	0.658153504987	0.675478485391	0.663574971647	0.702444238311	0.66340390034	0.684722207025	0.678412485264	0.695244954042	0.7035062898	0.703937448208	0.675934694065	0.717920196319	0.715187000549	0.79105478905	0.683599781771	0.745133852057	0.701744561119	0.711932292647	0.710553852792	0.751654903425	0.717364346111	0.704837371658	0.702209503339	0.697698131305	0.680677720708	0.76296022703	0.702751476081	0.689248635328	0.667098048846	0.441075233984	0.0	0.657674684644	0.64041943756	0.650206112663	0.672199539763	0.645676447263	0.685128158054	0.671074459023	0.548630513738	0.698161371609	0.682361710344	0.663443145021	0.681604456642	0.682009180165	0.692668771302	0.665154325906	0.671923341092	0.653772151809	0.672855078324	0.686830094129	0.677048127636	0.673052757755	0.692992422359	0.671074549588	0.683922584068	0.648707199322	0.686128236674
AC5	0.643733699775	0.663752064462	0.724118377423	0.675956679327	0.695815703579	0.666905060383	0.684057430994	0.667032033386	0.668912050086	0.690753089994	0.655356264797	0.67951935503	0.6935604653	0.669511134721	0.690597512605	0.68014152037	0.662642175212	0.693587932303	0.753907704888	0.64863981732	0.706260216214	0.69653610435	0.701357662776	0.701618887973	0.729950003008	0.719137165619	0.700487663577	0.692365705272	0.666544683309	0.640517889222	0.745873765794	0.690876390693	0.637208497185	0.66269881938	0.654267395935	0.657674684644	0.0	0.490746687083	0.621233449545	0.687519280824	0.671597897182	0.674207745096	0.612394348673	0.65504018149	0.665146460506	0.661018595742	0.663012927176	0.69747832315	0.631993371032	0.674400128657	0.665328957489	0.661540095412	0.637441030787	0.654168479356	0.635479540136	0.650770663721	0.648517858983	0.668419864415	0.665065628307	0.685697203351	0.636410058416	0.685002512859
AC6	0.64393309023	0.644983925981	0.731405770738	0.649321617772	0.678779067808	0.644321617788	0.662313759624	0.664927143313	0.681299030256	0.662834575943	0.658192666362	0.662705062389	0.671440423726	0.660927551344	0.692452694194	0.655022717029	0.698754502948	0.694178347701	0.762203541511	0.663137853638	0.720207813257	0.683507942777	0.695095719708	0.688435867952	0.74939263744	0.697865152756	0.68024018457	0.662323436789	0.691009789115	0.66051222072	0.752790362466	0.684935662214	0.649409780041	0.642909304766	0.649557985887	0.64041943756	0.490746687083	0.0	0.623444407177	0.674738670291	0.646709907076	0.551595637443	0.512339537369	0.629427851782	0.667408930714	0.658201781188	0.642163387967	0.675082857087	0.614991399149	0.652472288521	0.656359231154	0.637663853959	0.642781506	0.647188412692	0.650996341505	0.653656283307	0.626018737877	0.647173555374	0.657827560644	0.648066240012	0.647628151039	0.662656028334
AD6	0.668809480232	0.641447933033	0.774795053875	0.691812105057	0.673128517562	0.646986441078	0.641955489227	0.626358690532	0.671004907891	0.624373285853	0.661535688658	0.641960296366	0.696586739304	0.678377716785	0.681541519099	0.643619678665	0.703331993743	0.69418499302	0.786563213325	0.671248884924	0.713195227295	0.685304870975	0.699002399994	0.700870627324	0.761412781913	0.706511891298	0.673428405854	0.672993799915	0.66400725573	0.648042567158	0.748428717146	0.690374604027	0.679433112232	0.665977454579	0.655210339382	0.650206112663	0.621233449545	0.623444407177	0.0	0.538500800023	0.438356446992	0.644567992481	0.634303252252	0.654566587355	0.67343890768	0.660072532498	0.687203507077	0.654222831589	0.653099362564	0.64191290615	0.674647413973	0.681901024655	0.647779175172	0.644831707367	0.668855198432	0.667118708542	0.659780112105	0.676218650366	0.651640971142	0.647417063063	0.63459256951	0.657966755025
AE5	0.691025843352	0.674652640437	0.783427726731	0.705328349583	0.665006172638	0.666794470511	0.664492445303	0.662744593538	0.68475884785	0.657791190251	0.688999753677	0.671448306895	0.709876391986	0.721421365337	0.710934586423	0.682463678594	0.745617371773	0.716467166077	0.790816654653	0.693886621736	0.74466588148	0.716468458278	0.731977313441	0.724542456689	0.77761318845	0.725525230644	0.709073177829	0.713803969434	0.715161825774	0.696149484587	0.764060909363	0.718743131467	0.704067606903	0.690524692888	0.658440030606	0.672199539763	0.687519280824	0.674738670291	0.538500800023	0.0	0.435659199893	0.679028964232	0.66696392468	0.665398599258	0.690072682897	0.677119698111	0.688566613552	0.68623351243	0.660926854693	0.660503403634	0.68482555793	0.695878698371	0.655863930368	0.65473385177	0.671688542003	0.664296266342	0.670689067745	0.701300435572	0.67803073739	0.656473621345	0.65162454566	0.678589798013
AE6	0.676543741063	0.631412868972	0.785198985229	0.699248903855	0.659097050704	0.669911397868	0.658864619101	0.641042498117	0.684452404749	0.64012185461	0.69803091587	0.665614533984	0.703070463119	0.710763216021	0.672355692359	0.635034102642	0.733546746579	0.712338236109	0.789328128436	0.691172471478	0.72577246812	0.69486682571	0.713769644663	0.699224433661	0.761180472171	0.709703876465	0.701557413868	0.682119850435	0.701175960018	0.677689194779	0.762740266801	0.701074425212	0.692341523451	0.672676151735	0.653828838393	0.645676447263	0.671597897182	0.646709907076	0.438356446992	0.435659199893	0.0	0.677232837578	0.649031036966	0.654539005065	0.681943930515	0.667110420136	0.673141989457	0.656023785583	0.650559824909	0.638196639006	0.680256890775	0.682455543157	0.63421653144	0.634961360748	0.670150909244	0.658735058078	0.647923976105	0.678269545337	0.644258540283	0.631447478921	0.64205367431	0.650472638194
AF5	0.663242368514	0.659102419706	0.727235862796	0.660199432938	0.644325707532	0.651464679925	0.687245821599	0.682116255384	0.662926055737	0.676475628875	0.675187949887	0.640522678584	0.654500779922	0.651406290397	0.697980832215	0.677521605093	0.680256550111	0.696337662734	0.716597485321	0.662525605146	0.712260157551	0.685576748317	0.677322686036	0.693750486151	0.740642447179	0.696895418592	0.684071814536	0.691841464936	0.667225176246	0.657701121832	0.730638104808	0.683917981463	0.66409325859	0.677352263704	0.680763934684	0.685128158054	0.674207745096	0.551595637443	0.644567992481	0.679028964232	0.677232837578	0.0	0.464811916326	0.645763276632	0.691869011538	0.682323964661	0.708742082095	0.701383182364	0.65867457014	0.684451700823	0.68433205054	0.716105130303	0.679622146139	0.691925578473	0.687390244249	0.700621104462	0.669156697605	0.717516271648	0.67940624367	0.659828732749	0.649467859111	0.691637244286
AF6	0.673985928587	0.653181314762	0.744836942823	0.660722448455	0.655400649634	0.667824361145	0.659463528526	0.674529405509	0.668109971711	0.666131889623	0.684924367674	0.639302053091	0.674077706297	0.674871795681	0.696368761937	0.670141336645	0.694204083561	0.71145245322	0.745835453515	0.668014774657	0.715110292839	0.683119152636	0.699486441203	0.689584583877	0.737593029661	0.692885824069	0.691039853675	0.681204260243	0.6877794607	0.656564154048	0.747632400732	0.692468311382	0.648484083419	0.648015123106	0.65949985882	0.671074459023	0.612394348673	0.512339537369	0.634303252252	0.66696392468	0.649031036966	0.464811916326	0.0	0.625247401319	0.693386028887	0.678652565632	0.672094412468	0.679895384732	0.6392988112	0.663070388049	0.678704449689	0.693343782405	0.669373972958	0.659360238965	0.686878683155	0.676626064527	0.639075115416	0.698947145814	0.656157189757	0.644738708696	0.653662070404	0.681315064344
