	AA3	AA4	AB3	AB4	AC3	AC4	AD3	AD4	AE3	AE4	AF3	AF4	AG3	AG4	AH3	AH4	AA7	AA8	AB7	AB8	AC7	AC8	AD7	AD8	AE7	AE8	AF7	AF8	AG7	AG8	AH7	AH8	AA5	AA6	AB5	AB6	AC5	AC6	AD6	AE5	AE6	AF5	AF6	AG5	AH5	AH6	AA1	AA2	AB1	AB2	AC1	AC2	AD1	AD2	AE1	AE2	AF1	AF2	AG1	AG2	AH1	AH2
AA3	0.0	0.503420360016	0.663843243785	0.634059770878	0.676211852446	0.660630961721	0.707307363922	0.687185210086	0.673280446197	0.690851113014	0.657274210861	0.671467183215	0.646378351543	0.634056667168	0.685288174649	0.484842472707	0.693762079911	0.697909366977	0.762938260803	0.695448527783	0.699437112034	0.694719375537	0.686745764707	0.694302281748	0.733419892851	0.700269288759	0.672429062401	0.695706729996	0.694499075733	0.691026921388	0.745824794649	0.704526040242	0.65793550028	0.690452843851	0.67942348128	0.686270446964	0.65227958487	0.668965425448	0.663658433219	0.694689394513	0.673293254395	0.685397246879	0.677719988662	0.663551815276	0.70128187581	0.707196044183	0.669218763062	0.678405557122	0.649691493111	0.694968700681	0.677403814963	0.684661179068	0.641857027825	0.658788918077	0.665914872819	0.670031291647	0.670942682959	0.686198060308	0.663192776938	0.672464456503	0.664521187675	0.692601231688
AA4	0.503420360016	0.0	0.702960558839	0.639494210057	0.661326446803	0.642883464892	0.662707733784	0.63873286382	0.675354291599	0.651470269981	0.653588040228	0.645329673847	0.671592707822	0.672670981445	0.510368552695	0.363879215293	0.679600219085	0.698587983011	0.7822660314	0.709135175501	0.715497744698	0.675305676268	0.69209323977	0.681107734763	0.736617319658	0.672880810892	0.657683021374	0.668571553475	0.701624715034	0.680908921759	0.751694126628	0.694531736608	0.662968789496	0.672817947727	0.66337054285	0.653760862126	0.661289687167	0.645053701699	0.638173046219	0.676217096975	0.647376112106	0.664023050435	0.655091733081	0.633465465392	0.686400492711	0.674873177562	0.678890774949	0.652831796607	0.648282067958	0.643110337156	0.672457392507	0.661669410043	0.646513174531	0.64749966613	0.657660867831	0.657169433228	0.642811653244	0.658483415354	0.658128975323	0.636009304339	0.65639576067	0.646914155639
AB3	0.663843243785	0.702960558839	0.0	0.626809652178	0.710325977444	0.738524558572	0.739512293985	0.728791253452	0.709037120303	0.735681648946	0.708446350765	0.736355296585	0.71474815686	0.591349012709	0.712406961602	0.711836363746	0.716470631458	0.74539367345	0.712880851856	0.710045285545	0.733824481236	0.740328856743	0.725671979331	0.751726645794	0.725890337334	0.74798050487	0.720335996653	0.744946836149	0.71233502654	0.702047944281	0.753336487871	0.738333573345	0.715405178204	0.781732048062	0.711941286469	0.750522725074	0.716816920707	0.731184560724	0.758735266711	0.753190403232	0.75971952239	0.718105037991	0.720001922679	0.738460653532	0.7959329433	0.791751743197	0.762330646352	0.76930299989	0.721664754969	0.769317819741	0.75803236491	0.761485331572	0.738483874232	0.770912697416	0.748422266187	0.76591086568	0.759115689588	0.757152622733	0.748825711567	0.756540564188	0.730374026493	0.763127023996
AB4	0.634059770878	0.639494210057	0.626809652178	0.0	0.675247865233	0.678245186311	0.697384640971	0.672597594669	0.676884481812	0.678548868933	0.671080749848	0.674110237118	0.422500215116	0.380075109442	0.670733718281	0.630639525918	0.700053207776	0.691458085963	0.744603762439	0.68511214821	0.703683519069	0.696261630651	0.675249149885	0.697725004556	0.726991047944	0.694332979601	0.683340632774	0.687622971519	0.68121278638	0.673560247197	0.741600278467	0.705971250053	0.686868858257	0.703739655651	0.681530279859	0.682257115531	0.676067707015	0.658343212204	0.679867853168	0.702746683839	0.687540263875	0.650009745155	0.665316322072	0.688205068932	0.719395633218	0.719782684387	0.703833363249	0.691476296162	0.639822150904	0.691770996112	0.705211088012	0.715087098921	0.665523443694	0.672195750686	0.699498325919	0.680796426415	0.690058220042	0.709262502162	0.693140793431	0.686444742332	0.666041394777	0.697395103334
AC3	0.676211852446	0.661326446803	0.710325977444	0.675247865233	0.0	0.52277372905	0.667035181288	0.653409053175	0.676918718814	0.648608070643	0.690447840554	0.43674261435	0.692754311374	0.713359167877	0.677663201078	0.663078802929	0.658367753961	0.667556806229	0.750686231888	0.68569199656	0.704967159625	0.680827488949	0.706478048814	0.706406854404	0.712826974208	0.701015968311	0.697952254009	0.68787332827	0.701624372493	0.657303397612	0.730262101084	0.686510923029	0.661827930119	0.686747812329	0.688025175802	0.675440223094	0.688069027046	0.667366209479	0.669993052012	0.666481874516	0.650655026111	0.671042921437	0.646455581382	0.671022605559	0.72290714249	0.705814454888	0.715617186538	0.696355042258	0.686050382234	0.674487823447	0.678884596739	0.687007261255	0.673983958955	0.690544694696	0.670834526435	0.676486323935	0.69625641589	0.681204962039	0.68638863088	0.659280887897	0.687276845352	0.684140761379
AC4	0.660630961721	0.642883464892	0.738524558572	0.678245186311	0.52277372905	0.0	0.672122870362	0.638234873336	0.656989926511	0.640774914867	0.486912164638	0.394733319109	0.680617156454	0.695882029688	0.677709683459	0.634823256458	0.682195743428	0.686188807873	0.75904038914	0.681916854688	0.718607030662	0.68692685729	0.695912987893	0.703737117763	0.763048749727	0.704811606647	0.686410830899	0.688788055515	0.705349767382	0.666708474575	0.76212657549	0.701635578494	0.660190974871	0.667441077198	0.665457437333	0.64916775238	0.66275841811	0.63195302555	0.641006463257	0.661793128497	0.636104570261	0.661875999294	0.657198434188	0.653129855024	0.694537126789	0.671866713731	0.709941632754	0.664718269263	0.696250471721	0.684294296003	0.683306478742	0.660217160731	0.68048960122	0.686125657753	0.697865530401	0.694163200119	0.672968088777	0.647224562202	0.662074452573	0.686265885339	0.656824468069	0.698374447564
AD3	0.707307363922	0.662707733784	0.739512293985	0.697384640971	0.667035181288	0.672122870362	0.0	0.404284926982	0.692929860764	0.390585482211	0.703347198986	0.656883649432	0.712691222133	0.718050259989	0.696591090408	0.666154127565	0.712392981418	0.695070131791	0.771771510123	0.678999658772	0.722834975799	0.668902199059	0.715338364464	0.692672781294	0.723739927676	0.683542337635	0.700051792597	0.676906025939	0.717830031076	0.670693474057	0.725003732535	0.700824082423	0.698553798821	0.662947794795	0.678356793471	0.668488310313	0.683855302226	0.664921965329	0.641328383744	0.667025488842	0.624253845105	0.690998906385	0.673504119239	0.681296709778	0.691104022022	0.689850692887	0.699028757392	0.667174978496	0.684420538825	0.653756935202	0.696673249711	0.680514173122	0.680332208229	0.684618396976	0.684034256539	0.668993128206	0.678857311624	0.681250179751	0.686498600097	0.663749811637	0.701101067088	0.675986162395
AD4	0.687185210086	0.63873286382	0.728791253452	0.672597594669	0.653409053175	0.638234873336	0.404284926982	0.0	0.595665399693	0.404190610704	0.672157536084	0.646570608588	0.68938229978	0.699717021555	0.671678484804	0.647834547019	0.688667574794	0.675952929739	0.766930486785	0.651545270192	0.71316230199	0.662210831004	0.684343967264	0.655483648504	0.716449417883	0.655045582513	0.659820500842	0.649843163392	0.674043725158	0.63742584484	0.735140024726	0.669963546725	0.679034840263	0.628059227227	0.667302047667	0.658537939973	0.66389911372	0.655626840883	0.631816033037	0.647095118924	0.614231702005	0.677007302753	0.66265152797	0.657567650517	0.66850127536	0.665389092936	0.682497782014	0.643670656856	0.666479442125	0.643005417676	0.67998055604	0.667011208527	0.654308636676	0.668166426376	0.665880116298	0.647020227884	0.676337398432	0.668486675561	0.683462908049	0.657676699595	0.676630361517	0.658482545062
AE3	0.673280446197	0.675354291599	0.709037120303	0.676884481812	0.676918718814	0.656989926511	0.692929860764	0.595665399693	0.0	0.654896312018	0.668447669139	0.683261083082	0.685335690485	0.709567211113	0.671620255127	0.675253446187	0.671031019244	0.687479790518	0.763372206764	0.678962487848	0.733506785022	0.72267892255	0.666147895948	0.684188805877	0.756052982093	0.689329726075	0.667978425586	0.717587984377	0.671033030638	0.678769510191	0.73441556587	0.706982765776	0.636110841429	0.701837849316	0.703045561485	0.70763201416	0.661709511904	0.689832916401	0.673297239701	0.699156987016	0.679187195284	0.649990884988	0.690369181481	0.677279790889	0.735095708605	0.738897885309	0.718535583253	0.705891073561	0.699779878073	0.714563172542	0.710310073621	0.727110254848	0.691335796715	0.711304099064	0.6807316028	0.708192120883	0.710477033477	0.742867071311	0.719107272548	0.708865167905	0.679374361243	0.736240726068
AE4	0.690851113014	0.651470269981	0.735681648946	0.678548868933	0.648608070643	0.640774914867	0.390585482211	0.404190610704	0.654896312018	0.0	0.69294379987	0.639401902755	0.701758738724	0.704513698192	0.686676159211	0.647570974384	0.700311050017	0.681822544713	0.765878138567	0.673297349204	0.710501566438	0.675398138669	0.706529706794	0.695153081637	0.741993425806	0.691907159189	0.701568804033	0.672307269187	0.693720110823	0.657412417229	0.74756071777	0.687192949177	0.685754742831	0.655505579642	0.670631694637	0.665950755172	0.671847743336	0.652198295554	0.610151289388	0.646843736403	0.604907478846	0.678200803202	0.651209134683	0.669955786788	0.682227082622	0.673779668403	0.683855521433	0.654748966187	0.677235755026	0.654627243496	0.688723730857	0.661740268187	0.66128501017	0.665962992828	0.674265591468	0.663356034174	0.681654120889	0.676635534841	0.670528412779	0.647493043953	0.694333538325	0.65778701941
AF3	0.657274210861	0.653588040228	0.708446350765	0.671080749848	0.690447840554	0.486912164638	0.703347198986	0.672157536084	0.668447669139	0.69294379987	0.0	0.564326707235	0.666839436051	0.694028960016	0.670043584992	0.656077074036	0.67209653892	0.692642289329	0.756552951534	0.698912574779	0.682108938442	0.702608074538	0.68072100948	0.696118822934	0.762924226001	0.715305414041	0.699050615369	0.703351542491	0.699283875337	0.671199493981	0.715391574838	0.686302825161	0.634061095938	0.682615234641	0.674565965408	0.675695589726	0.647583568007	0.641935473954	0.673213055651	0.683847562793	0.687496907211	0.673186640308	0.672027070338	0.660151280742	0.698099096605	0.683207235889	0.726219762351	0.685020781815	0.689947546267	0.709348905352	0.714100037376	0.711093193728	0.693379797376	0.707587002894	0.705456694283	0.699455927397	0.688738206177	0.707943039845	0.687360269241	0.714219817877	0.656846431497	0.723261049203
AF4	0.671467183215	0.645329673847	0.736355296585	0.674110237118	0.43674261435	0.394733319109	0.656883649432	0.646570608588	0.683261083082	0.639401902755	0.564326707235	0.0	0.683407910242	0.70075402862	0.683401803791	0.638588522371	0.678925351294	0.67058636962	0.77151985163	0.679214568868	0.698519562099	0.669170428735	0.703370298789	0.696775059398	0.736997986527	0.695119258846	0.703244857241	0.6772442361	0.706807299528	0.66454522314	0.737005710458	0.680792873465	0.665605401036	0.666447756037	0.67899571048	0.664610560744	0.693716222099	0.654495102512	0.657251204841	0.653178189039	0.63349079544	0.671767750725	0.672805926376	0.660104505933	0.692110286335	0.676977301953	0.725546191783	0.679056548258	0.698923872581	0.671061277134	0.676394432138	0.679303073452	0.681078982727	0.677182463048	0.679953281175	0.668050751986	0.68824506723	0.665396702688	0.68226097392	0.661879348626	0.680652166032	0.699184172879
AG3	0.646378351543	0.671592707822	0.71474815686	0.422500215116	0.692754311374	0.680617156454	0.712691222133	0.68938229978	0.685335690485	0.701758738724	0.666839436051	0.683407910242	0.0	0.472796481369	0.681439019355	0.659466588078	0.670521025091	0.684562768399	0.771506364026	0.710857338818	0.680218193948	0.695509876188	0.670425593349	0.690370621297	0.721562632969	0.698227144663	0.682571762532	0.694627792252	0.686867941611	0.685143961345	0.7318424734	0.696719002537	0.675291459076	0.693704858417	0.696553795683	0.692664391811	0.669912694207	0.66096547305	0.67894072029	0.701942519919	0.693496972864	0.668966104848	0.667257684947	0.686750912177	0.710456901406	0.71323031785	0.686326481708	0.69435336992	0.645059612796	0.693651908458	0.706377075461	0.714294965973	0.669548928614	0.681715523715	0.687488652485	0.67396287991	0.691185799666	0.72111315927	0.687042023997	0.681647571707	0.683391194604	0.702719264472
AG4	0.634056667168	0.672670981445	0.591349012709	0.380075109442	0.713359167877	0.695882029688	0.718050259989	0.699717021555	0.709567211113	0.704513698192	0.694028960016	0.70075402862	0.472796481369	0.0	0.702326275078	0.648238959557	0.721859624792	0.715879770739	0.762537267751	0.714674796906	0.716061638518	0.715312319321	0.702108100365	0.71583999961	0.726239881877	0.70556343907	0.695223939577	0.697929471548	0.68457472088	0.690367097503	0.756831083867	0.715608215328	0.706142831047	0.730441104103	0.684966856303	0.698229162358	0.679412804522	0.671546646539	0.697108406781	0.720271237814	0.713315293832	0.680174024976	0.680891904346	0.708390129833	0.742876091106	0.730414331082	0.709216960253	0.710640822742	0.64791422243	0.708133168048	0.704861958473	0.710997234441	0.690171637852	0.706988616265	0.726000741418	0.710806360832	0.715119114509	0.705359646714	0.708638210061	0.696549626394	0.686751498729	0.717526208477
AH3	0.685288174649	0.510368552695	0.712406961602	0.670733718281	0.677663201078	0.677709683459	0.696591090408	0.671678484804	0.671620255127	0.686676159211	0.670043584992	0.683401803791	0.681439019355	0.702326275078	0.0	0.525073881304	0.677181113303	0.695775281979	0.77742158498	0.703454303976	0.719816688806	0.705034918612	0.671925591491	0.682886515886	0.733341861873	0.685926306986	0.681948446082	0.707955982095	0.692093825099	0.696440578429	0.754724537444	0.709620167652	0.668283341243	0.720422107764	0.677709537008	0.688211429902	0.675215743068	0.679658481504	0.671683839883	0.700470102597	0.674186269681	0.679265055217	0.673077136034	0.661559121297	0.724996373994	0.7132207605	0.717132986136	0.682743764893	0.69552048943	0.696829265214	0.706647101981	0.71675462615	0.701510060059	0.702841902316	0.682718776361	0.701721967486	0.707505632018	0.706530021409	0.705479550092	0.686296409381	0.691413073694	0.696857837288
AH4	0.484842472707	0.363879215293	0.711836363746	0.630639525918	0.663078802929	0.634823256458	0.666154127565	0.647834547019	0.675253446187	0.647570974384	0.656077074036	0.638588522371	0.659466588078	0.648238959557	0.525073881304	0.0	0.676525154749	0.680048282714	0.773265801555	0.692752718787	0.709483006286	0.667222348498	0.67537105158	0.673934294222	0.731028869496	0.664961520115	0.654524957801	0.659039344294	0.682429694546	0.676343488142	0.742536264065	0.68430363665	0.663726417307	0.673122097023	0.663047711356	0.645740191803	0.661272307366	0.635062238913	0.62108842125	0.682827106014	0.636856382741	0.661093550431	0.651309068235	0.643444672956	0.676531388884	0.667651075722	0.677162894341	0.647529761468	0.636971266551	0.649566981837	0.669876995405	0.658187502592	0.646570790234	0.642762075179	0.655815068403	0.655048148501	0.663958155159	0.657580188934	0.648729496814	0.644962136397	0.651024819177	0.642535399519
AA7	0.693762079911	0.679600219085	0.716470631458	0.700053207776	0.658367753961	0.682195743428	0.712392981418	0.688667574794	0.671031019244	0.700311050017	0.67209653892	0.678925351294	0.670521025091	0.721859624792	0.677181113303	0.676525154749	0.0	0.504190173931	0.765953168378	0.710040451648	0.649245532957	0.676655486803	0.66667423707	0.679859011061	0.699415151114	0.695970000547	0.649965575876	0.667438217727	0.679803003165	0.669784144091	0.705581873558	0.543040280195	0.651902752505	0.723778850281	0.709607149346	0.71607313316	0.658295283428	0.691958688625	0.703729717973	0.747598679642	0.721306699543	0.700256771361	0.692623592069	0.708233381644	0.735565621168	0.727269577146	0.734743037714	0.726477593621	0.706260749195	0.742357405181	0.709414931311	0.728801294864	0.696683043941	0.716143503724	0.694271063219	0.709940262883	0.735342714912	0.730728518117	0.742453376811	0.738586079346	0.693686674215	0.719285578876
AA8	0.697909366977	0.698587983011	0.74539367345	0.691458085963	0.667556806229	0.686188807873	0.695070131791	0.675952929739	0.687479790518	0.681822544713	0.692642289329	0.67058636962	0.684562768399	0.715879770739	0.695775281979	0.680048282714	0.504190173931	0.0	0.769912340406	0.6759852343	0.643916445492	0.649670449833	0.666018726026	0.664597420889	0.704185697145	0.671200930148	0.662232039385	0.652879073455	0.656083399968	0.644098302737	0.540570458671	0.387729137726	0.677477622659	0.715552371726	0.723710944942	0.711377346763	0.697692058724	0.698274464617	0.701767687024	0.730965634956	0.691241769755	0.694070120617	0.699593003983	0.710973017295	0.728079717702	0.718239091956	0.725687258561	0.700924669362	0.718843775309	0.72592171609	0.718629252709	0.726480031944	0.691967459902	0.690191976631	0.699446066487	0.695572192788	0.737705688894	0.731379139697	0.735008066126	0.723166520713	0.710909615301	0.707961200826
AB7	0.762938260803	0.7822660314	0.712880851856	0.744603762439	0.750686231888	0.75904038914	0.771771510123	0.766930486785	0.763372206764	0.765878138567	0.756552951534	0.77151985163	0.771506364026	0.762537267751	0.77742158498	0.773265801555	0.765953168378	0.769912340406	0.0	0.559760687937	0.749790916262	0.763011885585	0.77549813697	0.785894048112	0.7507875351	0.778815367793	0.77370673099	0.765043780003	0.749740193951	0.626684608978	0.761939185736	0.771830611616	0.783087742464	0.795473150414	0.77000318982	0.785724976938	0.772191430306	0.764337763402	0.79421963434	0.789908192807	0.786131508627	0.739300630733	0.744077500717	0.781313762873	0.802845403865	0.796939639879	0.817804062028	0.795971391021	0.772832946293	0.799299119457	0.80880026555	0.802213223068	0.791192789474	0.801250327719	0.784171966264	0.79397641111	0.802373521598	0.791728636615	0.797648475316	0.792449667418	0.794638480172	0.804902625286
AB8	0.695448527783	0.709135175501	0.710045285545	0.68511214821	0.68569199656	0.681916854688	0.678999658772	0.651545270192	0.678962487848	0.673297349204	0.698912574779	0.679214568868	0.710857338818	0.714674796906	0.703454303976	0.692752718787	0.710040451648	0.6759852343	0.559760687937	0.0	0.67463081753	0.639122606677	0.669195309343	0.667111130766	0.703791487972	0.666922111815	0.653328816109	0.652742954459	0.533527819872	0.433570258956	0.707536816168	0.674892641368	0.700944854266	0.694067739266	0.70207429158	0.689895978107	0.677055019227	0.676709574266	0.685122479563	0.708373501395	0.678361203728	0.673922461497	0.66435247682	0.667674636441	0.708102813898	0.699830379251	0.735594660405	0.688332458533	0.697488979375	0.708195022501	0.696702901232	0.723075009158	0.691001582855	0.696066564148	0.683025648403	0.688123753042	0.702777436441	0.706456900592	0.69911568985	0.698932359579	0.690804990388	0.709213690525
AC7	0.699437112034	0.715497744698	0.733824481236	0.703683519069	0.704967159625	0.718607030662	0.722834975799	0.71316230199	0.733506785022	0.710501566438	0.682108938442	0.698519562099	0.680218193948	0.716061638518	0.719816688806	0.709483006286	0.649245532957	0.643916445492	0.749790916262	0.67463081753	0.0	0.516908505937	0.676821469742	0.677578701771	0.695601056395	0.68683430688	0.705957254103	0.574345767573	0.645661223432	0.634393695917	0.66304177125	0.644919170052	0.710385168069	0.696710967886	0.728880504666	0.742840846149	0.712248942382	0.716781397072	0.714128194361	0.738154836464	0.720948347418	0.727941841075	0.717732728212	0.710549525094	0.703579525449	0.694449988959	0.753543108136	0.734399251066	0.706278576696	0.734993707074	0.75583684267	0.749316836529	0.707664024559	0.710025459964	0.694549048823	0.705702738066	0.746862958954	0.731745760559	0.754432489546	0.72382912918	0.704103050459	0.755162366003
AC8	0.694719375537	0.675305676268	0.740328856743	0.696261630651	0.680827488949	0.68692685729	0.668902199059	0.662210831004	0.72267892255	0.675398138669	0.702608074538	0.669170428735	0.695509876188	0.715312319321	0.705034918612	0.667222348498	0.676655486803	0.649670449833	0.763011885585	0.639122606677	0.516908505937	0.0	0.689265183453	0.658247435919	0.705814644881	0.665553822996	0.523959781388	0.403243957875	0.646040307616	0.617685316511	0.707612613893	0.645063355773	0.698017150213	0.660047878152	0.7067768476	0.694268664491	0.68726266718	0.673521112802	0.684626536641	0.712922983623	0.669167022885	0.715857907015	0.688759679648	0.680957501598	0.679926868544	0.666588485246	0.714251552108	0.673808779781	0.67942326495	0.686225266183	0.700964706684	0.687126584099	0.669941384891	0.660513049352	0.667043859379	0.649020290958	0.698466792922	0.669821469409	0.701091778448	0.686788548078	0.680721484926	0.685295546134
AD7	0.686745764707	0.69209323977	0.725671979331	0.675249149885	0.706478048814	0.695912987893	0.715338364464	0.684343967264	0.666147895948	0.706529706794	0.68072100948	0.703370298789	0.670425593349	0.702108100365	0.671925591491	0.67537105158	0.66667423707	0.666018726026	0.77549813697	0.669195309343	0.676821469742	0.689265183453	0.0	0.459049951341	0.703337011603	0.488592251709	0.654232869307	0.674978548715	0.663398001498	0.670118334904	0.700600286144	0.658377558329	0.655223805291	0.68815440508	0.721301959865	0.713797155945	0.695371244755	0.678925526349	0.681102040639	0.728232744099	0.682772745649	0.662861924326	0.700197171225	0.687953694853	0.712020609792	0.699134856641	0.720331024522	0.694558998164	0.684560898521	0.713061919569	0.693303075374	0.723539221812	0.680335129392	0.6915142177	0.667401028566	0.688637144148	0.699174954046	0.718735537035	0.705106805428	0.704656883319	0.660633799017	0.710207897875
AD8	0.694302281748	0.681107734763	0.751726645794	0.697725004556	0.706406854404	0.703737117763	0.692672781294	0.655483648504	0.684188805877	0.695153081637	0.696118822934	0.696775059398	0.690370621297	0.71583999961	0.682886515886	0.673934294222	0.679859011061	0.664597420889	0.785894048112	0.667111130766	0.677578701771	0.658247435919	0.459049951341	0.0	0.588609661987	0.373456312592	0.632478786662	0.638043237685	0.641384668348	0.652636762722	0.700062890266	0.649858232033	0.683594435917	0.672249958493	0.726730308857	0.707509608963	0.689952244506	0.680069025384	0.687590937256	0.730869695119	0.689943348766	0.693781438135	0.695161682088	0.685340620531	0.703391195196	0.690984700222	0.703289783039	0.679277320193	0.684313350986	0.699421837892	0.684067278884	0.718082604164	0.676648380736	0.677935433565	0.659131723766	0.673823020581	0.700075749077	0.712770720763	0.701352754123	0.693289114612	0.676644360743	0.69884639578
AE7	0.733419892851	0.736617319658	0.725890337334	0.726991047944	0.712826974208	0.763048749727	0.723739927676	0.716449417883	0.756052982093	0.741993425806	0.762924226001	0.736997986527	0.721562632969	0.726239881877	0.733341861873	0.731028869496	0.699415151114	0.704185697145	0.7507875351	0.703791487972	0.695601056395	0.705814644881	0.703337011603	0.588609661987	0.0	0.513780386792	0.70854222233	0.690785251599	0.68977828968	0.691047930708	0.732891815289	0.692155869983	0.735384684442	0.750816682426	0.732913293532	0.746969089511	0.73493876777	0.747188632245	0.753372420554	0.771120982658	0.758161902334	0.74038914216	0.741228500062	0.731138481432	0.761881015487	0.760573583085	0.765905938313	0.765520872329	0.730823121813	0.762129133606	0.766507014746	0.780701319247	0.740346779608	0.754148978645	0.731454403503	0.74241217306	0.774563457153	0.777471935915	0.773687314581	0.758012840855	0.752903196163	0.766553844935
AE8	0.700269288759	0.672880810892	0.74798050487	0.694332979601	0.701015968311	0.704811606647	0.683542337635	0.655045582513	0.689329726075	0.691907159189	0.715305414041	0.695119258846	0.698227144663	0.70556343907	0.685926306986	0.664961520115	0.695970000547	0.671200930148	0.778815367793	0.666922111815	0.68683430688	0.665553822996	0.488592251709	0.373456312592	0.513780386792	0.0	0.642436931953	0.649238479375	0.656157128231	0.653128175633	0.709645175848	0.670000744435	0.669334898063	0.676524852254	0.72475813661	0.7119570202	0.716069634792	0.689727844731	0.688932440186	0.738242714918	0.691821835166	0.677105046504	0.708796831733	0.685530962851	0.712130844738	0.702464453751	0.715051552126	0.695676980173	0.693377907427	0.691855198855	0.698050919628	0.718239184114	0.681302072367	0.691166806652	0.669750880257	0.677990945793	0.695959459735	0.716399125061	0.708069645334	0.696622333445	0.684965707483	0.705686784923
AF7	0.672429062401	0.657683021374	0.720335996653	0.683340632774	0.697952254009	0.686410830899	0.700051792597	0.659820500842	0.667978425586	0.701568804033	0.699050615369	0.703244857241	0.682571762532	0.695223939577	0.681948446082	0.654524957801	0.649965575876	0.662232039385	0.77370673099	0.653328816109	0.705957254103	0.523959781388	0.654232869307	0.632478786662	0.70854222233	0.642436931953	0.0	0.473025088777	0.639677068925	0.652016555647	0.716468194797	0.658465272358	0.670614057568	0.690958264433	0.704163805527	0.692343621223	0.676515570219	0.685637963405	0.683400777165	0.723858032221	0.684754119237	0.679031151861	0.681135605407	0.668328483657	0.7233626329	0.723273903937	0.724622779262	0.67642187426	0.683910162924	0.696349358066	0.688482268896	0.70340828699	0.68948390023	0.684526431361	0.681607017532	0.68606473882	0.679102948	0.710330626001	0.689691264182	0.706029255191	0.671282357343	0.685271605132
AF8	0.695706729996	0.668571553475	0.744946836149	0.687622971519	0.68787332827	0.688788055515	0.676906025939	0.649843163392	0.717587984377	0.672307269187	0.703351542491	0.6772442361	0.694627792252	0.697929471548	0.707955982095	0.659039344294	0.667438217727	0.652879073455	0.765043780003	0.652742954459	0.574345767573	0.403243957875	0.674978548715	0.638043237685	0.690785251599	0.649238479375	0.473025088777	0.0	0.650534814731	0.61879226342	0.690069902999	0.632710336733	0.698162057453	0.655144634332	0.697718042333	0.690182661709	0.688010954427	0.667790594896	0.67906108958	0.714197544453	0.671695372796	0.709036706903	0.693356109465	0.654837073761	0.676908767735	0.663705828102	0.710524220037	0.675179794507	0.672700282727	0.672520064785	0.694127671022	0.6733348341	0.653882783417	0.667813217103	0.682590551914	0.656906500707	0.689944594926	0.672308228004	0.701215925985	0.679754533091	0.648602890123	0.679305660011
AG7	0.694499075733	0.701624715034	0.71233502654	0.68121278638	0.701624372493	0.705349767382	0.717830031076	0.674043725158	0.671033030638	0.693720110823	0.699283875337	0.706807299528	0.686867941611	0.68457472088	0.692093825099	0.682429694546	0.679803003165	0.656083399968	0.749740193951	0.533527819872	0.645661223432	0.646040307616	0.663398001498	0.641384668348	0.68977828968	0.656157128231	0.639677068925	0.650534814731	0.0	0.449781998582	0.683996678925	0.659701622963	0.682843029205	0.704257597353	0.705990077045	0.690736968506	0.66398729264	0.684449158288	0.68848060993	0.72179224072	0.684547925908	0.698116594244	0.682050931832	0.674909970054	0.717958183538	0.699671322488	0.735848382654	0.690923133952	0.686393573043	0.721363717067	0.700712925249	0.728072347012	0.674136815068	0.692643430746	0.690946576827	0.691116289997	0.709942779933	0.719547972823	0.699517595325	0.70332521511	0.666873894679	0.709294150702
AG8	0.691026921388	0.680908921759	0.702047944281	0.673560247197	0.657303397612	0.666708474575	0.670693474057	0.63742584484	0.678769510191	0.657412417229	0.671199493981	0.66454522314	0.685143961345	0.690367097503	0.696440578429	0.676343488142	0.669784144091	0.644098302737	0.626684608978	0.433570258956	0.634393695917	0.617685316511	0.670118334904	0.652636762722	0.691047930708	0.653128175633	0.652016555647	0.61879226342	0.449781998582	0.0	0.68609301504	0.642039914684	0.667632624681	0.672999282099	0.68194185627	0.671728258633	0.647831133721	0.645654523979	0.665170243183	0.695667937472	0.660684915834	0.667216299696	0.645006158836	0.655049840434	0.689947851564	0.667188342116	0.715802074259	0.680737647045	0.675391657005	0.690488946764	0.691331004707	0.695321681593	0.655874969084	0.677462517423	0.67434852165	0.66803907268	0.698180134714	0.681733927483	0.691827252974	0.672643436416	0.671876278497	0.691161289125
AH7	0.745824794649	0.751694126628	0.753336487871	0.741600278467	0.730262101084	0.76212657549	0.725003732535	0.735140024726	0.73441556587	0.74756071777	0.715391574838	0.737005710458	0.7318424734	0.756831083867	0.754724537444	0.742536264065	0.705581873558	0.540570458671	0.761939185736	0.707536816168	0.66304177125	0.707612613893	0.700600286144	0.700062890266	0.732891815289	0.709645175848	0.716468194797	0.690069902999	0.683996678925	0.68609301504	0.0	0.498652558714	0.724690865831	0.7577627203	0.772837434036	0.764034675396	0.755348800805	0.749471929018	0.757875831386	0.761268993088	0.749631311006	0.742264420125	0.745460750673	0.741581488568	0.76948048815	0.763265166131	0.778072117818	0.755681132931	0.759865379811	0.766749161202	0.781918535107	0.77757981945	0.741867632328	0.738839723827	0.73499300534	0.733893739999	0.776277207819	0.790624775454	0.774260083516	0.763048755131	0.755669055724	0.757201136388
AH8	0.704526040242	0.694531736608	0.738333573345	0.705971250053	0.686510923029	0.701635578494	0.700824082423	0.669963546725	0.706982765776	0.687192949177	0.686302825161	0.680792873465	0.696719002537	0.715608215328	0.709620167652	0.68430363665	0.543040280195	0.387729137726	0.771830611616	0.674892641368	0.644919170052	0.645063355773	0.658377558329	0.649858232033	0.692155869983	0.670000744435	0.658465272358	0.632710336733	0.659701622963	0.642039914684	0.498652558714	0.0	0.680189480351	0.70985686942	0.722519192303	0.70811195717	0.685592991257	0.693359474467	0.706308895235	0.723482701628	0.698196869374	0.700553980229	0.697880789475	0.703319764573	0.721204685774	0.71659445417	0.729112931119	0.708547581941	0.7132791653	0.726772386123	0.724747865062	0.731396981634	0.694774846848	0.698919136758	0.684128472984	0.69368385549	0.738120133004	0.736960418254	0.735688484239	0.72500846594	0.705552671978	0.712921552159
AA5	0.65793550028	0.662968789496	0.715405178204	0.686868858257	0.661827930119	0.660190974871	0.698553798821	0.679034840263	0.636110841429	0.685754742831	0.634061095938	0.665605401036	0.675291459076	0.706142831047	0.668283341243	0.663726417307	0.651902752505	0.677477622659	0.783087742464	0.700944854266	0.710385168069	0.698017150213	0.655223805291	0.683594435917	0.735384684442	0.669334898063	0.670614057568	0.698162057453	0.682843029205	0.667632624681	0.724690865831	0.680189480351	0.0	0.584075396608	0.689182520736	0.686758656994	0.646546656315	0.647743357377	0.666310166968	0.687734362047	0.683971110747	0.628505039364	0.648613965137	0.648930513927	0.715719546356	0.679401737773	0.694053538737	0.701773668642	0.690501301254	0.700238213249	0.699498626697	0.703656285672	0.664563977532	0.703549302992	0.669991970678	0.685085955549	0.666980752095	0.702329978206	0.677685042466	0.687132890799	0.641191240355	0.700769971074
AA6	0.690452843851	0.672817947727	0.781732048062	0.703739655651	0.686747812329	0.667441077198	0.662947794795	0.628059227227	0.701837849316	0.655505579642	0.682615234641	0.666447756037	0.693704858417	0.730441104103	0.720422107764	0.673122097023	0.723778850281	0.715552371726	0.795473150414	0.694067739266	0.696710967886	0.660047878152	0.68815440508	0.672249958493	0.750816682426	0.676524852254	0.690958264433	0.655144634332	0.704257597353	0.672999282099	0.7577627203	0.70985686942	0.584075396608	0.0	0.703876069954	0.678295726766	0.645138423852	0.624412263597	0.662369914784	0.692410822019	0.655077458734	0.667354442587	0.651066704848	0.658616265033	0.45491816207	0.411134235916	0.689695041845	0.669798305047	0.665341699276	0.666730418701	0.679838669384	0.675448464247	0.660431085763	0.670613305485	0.681071171128	0.659453668831	0.662214145702	0.662276611338	0.672613495115	0.685259683726	0.654574984217	0.685058840674
AB5	0.67942348128	0.66337054285	0.711941286469	0.681530279859	0.688025175802	0.665457437333	0.678356793471	0.667302047667	0.703045561485	0.670631694637	0.674565965408	0.67899571048	0.696553795683	0.684966856303	0.677709537008	0.663047711356	0.709607149346	0.723710944942	0.77000318982	0.70207429158	0.728880504666	0.7067768476	0.721301959865	0.726730308857	0.732913293532	0.72475813661	0.704163805527	0.697718042333	0.705990077045	0.68194185627	0.772837434036	0.722519192303	0.689182520736	0.703876069954	0.0	0.432156720793	0.651076148338	0.662430971653	0.650487991686	0.650378771833	0.646586193451	0.697830798302	0.667918187136	0.648165380123	0.71092417418	0.690114665267	0.684988264052	0.683587602243	0.687053656113	0.708417837692	0.696695108831	0.695959914481	0.660800786716	0.680969375448	0.6898888061	0.679945857463	0.710891980194	0.690642056227	0.706376237483	0.708269634105	0.668727999335	0.694857394942
AB6	0.686270446964	0.653760862126	0.750522725074	0.682257115531	0.675440223094	0.64916775238	0.668488310313	0.658537939973	0.70763201416	0.665950755172	0.675695589726	0.664610560744	0.692664391811	0.698229162358	0.688211429902	0.645740191803	0.71607313316	0.711377346763	0.785724976938	0.689895978107	0.742840846149	0.694268664491	0.713797155945	0.707509608963	0.746969089511	0.7119570202	0.692343621223	0.690182661709	0.690736968506	0.671728258633	0.764034675396	0.70811195717	0.686758656994	0.678295726766	0.432156720793	0.0	0.66644767947	0.646547184086	0.636897379004	0.64698618915	0.634498580748	0.679726929519	0.657222515689	0.560057942013	0.696905090158	0.668554593526	0.686416415756	0.677835709686	0.659947665668	0.664743935096	0.690138800596	0.67765500717	0.669038132169	0.66702969484	0.687150030297	0.667391822355	0.678135013997	0.685366479492	0.668488872489	0.669948960425	0.657193914922	0.673348434042
AC5	0.65227958487	0.661289687167	0.716816920707	0.676067707015	0.688069027046	0.66275841811	0.683855302226	0.66389911372	0.661709511904	0.671847743336	0.647583568007	0.693716222099	0.669912694207	0.679412804522	0.675215743068	0.661272307366	0.658295283428	0.697692058724	0.772191430306	0.677055019227	0.712248942382	0.68726266718	0.695371244755	0.689952244506	0.73493876777	0.716069634792	0.676515570219	0.688010954427	0.66398729264	0.647831133721	0.755348800805	0.685592991257	0.646546656315	0.645138423852	0.651076148338	0.66644767947	0.0	0.490105025023	0.643918219391	0.677018359253	0.660299062132	0.680975856363	0.596427402747	0.626401998639	0.661375648979	0.65228997523	0.649118617697	0.672211837409	0.625031079986	0.677908677574	0.665416989304	0.65908973146	0.645285636761	0.658003745047	0.627597522641	0.655510652057	0.650113625963	0.664190365973	0.649383480704	0.668838755985	0.645920758319	0.686134596364
AC6	0.668965425448	0.645053701699	0.731184560724	0.658343212204	0.667366209479	0.63195302555	0.664921965329	0.655626840883	0.689832916401	0.652198295554	0.641935473954	0.654495102512	0.66096547305	0.671546646539	0.679658481504	0.635062238913	0.691958688625	0.698274464617	0.764337763402	0.676709574266	0.716781397072	0.673521112802	0.678925526349	0.680069025384	0.747188632245	0.689727844731	0.685637963405	0.667790594896	0.684449158288	0.645654523979	0.749471929018	0.693359474467	0.647743357377	0.624412263597	0.662430971653	0.646547184086	0.490105025023	0.0	0.626100584827	0.666241764438	0.632069340593	0.538681719352	0.486490194348	0.624316903274	0.65283864784	0.626373675633	0.669802382147	0.650449960314	0.616352769021	0.639008220117	0.672279548884	0.658284441479	0.646504094665	0.656088684822	0.649592955797	0.641181547845	0.632703969681	0.654058227085	0.638429435587	0.629228488521	0.645121018969	0.663918573227
AD6	0.663658433219	0.638173046219	0.758735266711	0.679867853168	0.669993052012	0.641006463257	0.641328383744	0.631816033037	0.673297239701	0.610151289388	0.673213055651	0.657251204841	0.67894072029	0.697108406781	0.671683839883	0.62108842125	0.703729717973	0.701767687024	0.79421963434	0.685122479563	0.714128194361	0.684626536641	0.681102040639	0.687590937256	0.753372420554	0.688932440186	0.683400777165	0.67906108958	0.68848060993	0.665170243183	0.757875831386	0.706308895235	0.666310166968	0.662369914784	0.650487991686	0.636897379004	0.643918219391	0.626100584827	0.0	0.549422280053	0.40944650615	0.647992574145	0.655661342822	0.626006054024	0.676342755484	0.664666053535	0.672773600585	0.65440589488	0.649868517022	0.653898163167	0.681062575268	0.680791125278	0.640811242425	0.647773837123	0.676955572658	0.673039049396	0.640646883906	0.663827438588	0.639431924756	0.639665484166	0.628626199363	0.650407234883
AE5	0.694689394513	0.676217096975	0.753190403232	0.702746683839	0.666481874516	0.661793128497	0.667025488842	0.647095118924	0.699156987016	0.646843736403	0.683847562793	0.653178189039	0.701942519919	0.720271237814	0.700470102597	0.682827106014	0.747598679642	0.730965634956	0.789908192807	0.708373501395	0.738154836464	0.712922983623	0.728232744099	0.730869695119	0.771120982658	0.738242714918	0.723858032221	0.714197544453	0.72179224072	0.695667937472	0.761268993088	0.723482701628	0.687734362047	0.692410822019	0.650378771833	0.64698618915	0.677018359253	0.666241764438	0.549422280053	0.0	0.441534844283	0.697767743403	0.671269001128	0.648406091914	0.692640718592	0.700322453751	0.693346437384	0.684880600903	0.668651747217	0.659745930345	0.686378757863	0.698677923586	0.653181649029	0.655650300026	0.663341215653	0.663573524095	0.677125216679	0.693261542761	0.678852064873	0.638606598677	0.653623095448	0.678702860515
AE6	0.673293254395	0.647376112106	0.75971952239	0.687540263875	0.650655026111	0.636104570261	0.624253845105	0.614231702005	0.679187195284	0.604907478846	0.687496907211	0.63349079544	0.693496972864	0.713315293832	0.674186269681	0.636856382741	0.721306699543	0.691241769755	0.786131508627	0.678361203728	0.720948347418	0.669167022885	0.682772745649	0.689943348766	0.758161902334	0.691821835166	0.684754119237	0.671695372796	0.684547925908	0.660684915834	0.749631311006	0.698196869374	0.683971110747	0.655077458734	0.646586193451	0.634498580748	0.660299062132	0.632069340593	0.40944650615	0.441534844283	0.0	0.6650196164	0.658702106588	0.638932077375	0.671547237919	0.663712854388	0.684329141092	0.644634735021	0.655307803558	0.634075608574	0.672034014794	0.672114420713	0.635582792806	0.635547592339	0.648155266527	0.645350074851	0.649111709554	0.659113403249	0.643297626273	0.632563551259	0.6537028168	0.65328640599
AF5	0.685397246879	0.664023050435	0.718105037991	0.650009745155	0.671042921437	0.661875999294	0.690998906385	0.677007302753	0.649990884988	0.678200803202	0.673186640308	0.671767750725	0.668966104848	0.680174024976	0.679265055217	0.661093550431	0.700256771361	0.694070120617	0.739300630733	0.673922461497	0.727941841075	0.715857907015	0.662861924326	0.693781438135	0.74038914216	0.677105046504	0.679031151861	0.709036706903	0.698116594244	0.667216299696	0.742264420125	0.700553980229	0.628505039364	0.667354442587	0.697830798302	0.679726929519	0.680975856363	0.538681719352	0.647992574145	0.697767743403	0.6650196164	0.0	0.492144369071	0.648849279212	0.717287790993	0.692478898907	0.70955980104	0.695289749898	0.664880880863	0.671321089026	0.695297424757	0.717703711192	0.692151619399	0.707513298773	0.709632470164	0.710058314981	0.658874898151	0.723181687984	0.681420901107	0.669218041272	0.671298550521	0.708650381054
AF6	0.677719988662	0.655091733081	0.720001922679	0.665316322072	0.646455581382	0.657198434188	0.673504119239	0.66265152797	0.690369181481	0.651209134683	0.672027070338	0.672805926376	0.667257684947	0.680891904346	0.673077136034	0.651309068235	0.692623592069	0.699593003983	0.744077500717	0.66435247682	0.717732728212	0.688759679648	0.700197171225	0.695161682088	0.741228500062	0.708796831733	0.681135605407	0.693356109465	0.682050931832	0.645006158836	0.745460750673	0.697880789475	0.648613965137	0.651066704848	0.667918187136	0.657222515689	0.596427402747	0.486490194348	0.655661342822	0.671269001128	0.658702106588	0.492144369071	0.0	0.626048043629	0.692296172232	0.659163561284	0.679052804393	0.660269662182	0.63414626537	0.642524610606	0.674673995127	0.680112425355	0.671368166587	0.679512660624	0.665723211218	0.668246135807	0.648761974782	0.693539337699	0.646580594131	0.624111900196	0.657438821426	0.665212774612
