	AA3	AA4	AB3	AB4	AC3	AC4	AD3	AD4	AE3	AE4	AF3	AF4	AG3	AG4	AH3	AH4	AA7	AA8	AB7	AB8	AC7	AC8	AD7	AD8	AE7	AE8	AF7	AF8	AG7	AG8	AH7	AH8	AA5	AA6	AB5	AB6	AC5	AC6	AD6	AE5	AE6	AF5	AF6	AG5	AH5	AH6	AA1	AA2	AB1	AB2	AC1	AC2	AD1	AD2	AE1	AE2	AF1	AF2	AG1	AG2	AH1	AH2
AA3	0.0	0.496902461991	0.681906676869	0.650762371508	0.680064395147	0.663376888436	0.697603931606	0.68530774722	0.652416137247	0.698723593011	0.653876682384	0.671349334391	0.6575496967	0.64826809459	0.673940810721	0.486101565675	0.662290873054	0.679218997508	0.770693108461	0.688332441425	0.690517150744	0.689342244472	0.68313100586	0.679449578827	0.735815065165	0.697229772053	0.66434689128	0.676368755107	0.702490690402	0.680541091192	0.73331627332	0.691338909609	0.639932894588	0.684488247425	0.673681052246	0.681135511395	0.648111678676	0.655859933113	0.670609253883	0.679220147238	0.678740888149	0.691218892241	0.654997791765	0.660334551789	0.689493559453	0.694619943961	0.662708365402	0.702336787342	0.638583603319	0.687137261058	0.672189823748	0.679383290021	0.639822746328	0.651947590551	0.673030599591	0.660422665401	0.649881481367	0.665117755557	0.652275587782	0.671942595176	0.633051458511	0.679558524415
AA4	0.496902461991	0.0	0.70084309693	0.633157361199	0.660789946576	0.638311790319	0.650366349977	0.651317906949	0.668019133555	0.65740113503	0.661625872154	0.66953844177	0.664352666719	0.633063178474	0.50951654186	0.371756024472	0.674717094868	0.684127537394	0.77280120346	0.677459960304	0.700207630761	0.662152708822	0.692579560535	0.688356087357	0.72698310294	0.667841672327	0.665162370878	0.655355932859	0.696964558447	0.666597033462	0.748578735393	0.686997721087	0.656987173628	0.672183324227	0.667599113027	0.675251677291	0.646578423584	0.617500100967	0.646442855862	0.667087959191	0.648709676158	0.664525250942	0.648907703616	0.636460669723	0.681427496724	0.679278604458	0.664350969323	0.670257768604	0.639737073052	0.649530244987	0.660281753274	0.667659248934	0.634341917912	0.639637674154	0.668125196651	0.642007777278	0.637850255418	0.643727843032	0.627958743981	0.642562362008	0.648221114697	0.641047956155
AB3	0.681906676869	0.70084309693	0.0	0.65699226098	0.712296572789	0.737349524044	0.754746161678	0.749335980223	0.697445777751	0.76498097379	0.702292997212	0.726782450825	0.728374887101	0.603947873564	0.680498558359	0.699979690758	0.71165624198	0.753452755468	0.690637536731	0.698629031043	0.724595647086	0.75556789387	0.735265508812	0.747790424706	0.707489502232	0.750487271048	0.720844987372	0.756827397083	0.716113887901	0.705585842158	0.777665892906	0.763475249925	0.693587002505	0.770064188335	0.704031701101	0.735125418919	0.694041099869	0.720189659065	0.760773899714	0.757628613684	0.78367431157	0.715695121352	0.694742945277	0.72774696101	0.787169965764	0.786880715681	0.767261703825	0.790182212413	0.723438380598	0.779986404045	0.744916176242	0.771579704991	0.735135500515	0.766630548057	0.738915358699	0.760499950606	0.742926837452	0.767908935301	0.754854651315	0.775146687276	0.719022554353	0.768175281915
AB4	0.650762371508	0.633157361199	0.65699226098	0.0	0.678726138002	0.679404407695	0.702547793911	0.683712719896	0.680755779855	0.711156895787	0.674207033223	0.683416015246	0.417920989019	0.459584673492	0.674075186093	0.625613523351	0.697448819168	0.711643654105	0.763567824011	0.666948497433	0.703374860729	0.693721335244	0.691380276733	0.697485043551	0.728722903462	0.691618432588	0.657222603579	0.686204970624	0.673304871254	0.677573073733	0.745474727089	0.715543234869	0.693739010902	0.706455698444	0.691529251834	0.690733925517	0.677408724306	0.672796318701	0.689891858944	0.697568254906	0.69764549797	0.658488110978	0.63680084346	0.68123331972	0.713410599081	0.7119982335	0.692796566863	0.695015555377	0.635543317876	0.691431979728	0.697539721232	0.715534234995	0.667634741401	0.678240509111	0.686580964096	0.682678574862	0.693410898241	0.713645228705	0.68861152537	0.687527219208	0.673083807094	0.701604802662
AC3	0.680064395147	0.660789946576	0.712296572789	0.678726138002	0.0	0.490726693555	0.669933871888	0.646585250918	0.660224857067	0.665608944978	0.687626196957	0.437167332633	0.688172226816	0.705153303923	0.671334968922	0.652872237588	0.672203523574	0.681948472368	0.759572754021	0.669992267255	0.706581319248	0.699861880099	0.718032905649	0.716480023977	0.715098385911	0.698633279595	0.701520162386	0.704442411706	0.69737789218	0.692744122898	0.745419814188	0.694809334058	0.654515024746	0.695509529027	0.691576754462	0.677420063584	0.683850572835	0.678270488739	0.680802911998	0.660090461144	0.661144828814	0.63856318847	0.637677879787	0.663349157255	0.719483049322	0.691562852053	0.706207397666	0.710078645938	0.689944817485	0.679191303553	0.688227164993	0.703668982106	0.679436373949	0.692063924858	0.67666190113	0.677511768778	0.696561108402	0.692926471344	0.697843609616	0.664669559325	0.689138832086	0.697372014429
AC4	0.663376888436	0.638311790319	0.737349524044	0.679404407695	0.490726693555	0.0	0.665474143758	0.643570267092	0.671495607673	0.654202679701	0.515903120315	0.394951059198	0.679771557728	0.698106856042	0.662630018887	0.641120219708	0.687038425617	0.683108185486	0.751776991234	0.659365676539	0.694845916719	0.679879967723	0.706740148426	0.704999294505	0.74248668539	0.694976406803	0.683525034776	0.676315338978	0.708182037675	0.678891258292	0.73476315644	0.684818022993	0.649958684178	0.656287793974	0.672558554615	0.6626458973	0.668412169622	0.64124038258	0.652307797651	0.662605688132	0.657175380954	0.651692406074	0.63641133539	0.640919063422	0.674874401909	0.659226598794	0.705095245339	0.693524669448	0.67732324679	0.675219794907	0.696751055515	0.678703644738	0.691083958034	0.686794974005	0.693083086959	0.684769587356	0.670163025192	0.662038208134	0.661877493811	0.671447292347	0.659467109144	0.664664356642
AD3	0.697603931606	0.650366349977	0.754746161678	0.702547793911	0.669933871888	0.665474143758	0.0	0.434316859375	0.671460932626	0.360334622468	0.704279422843	0.664357678998	0.712539560153	0.69110027422	0.677481357271	0.676038049188	0.711611594679	0.704285988721	0.7764546995	0.658855048059	0.713420529087	0.696101764925	0.719378471022	0.691223756826	0.723266513162	0.681386668636	0.709057522736	0.682159054399	0.704054461283	0.676350571773	0.724538574613	0.708748712162	0.707512930943	0.674789399822	0.670665043799	0.679700811718	0.678750162425	0.655944288166	0.640480154844	0.63928402772	0.642754496677	0.69650217226	0.669888718726	0.683612080798	0.691124292706	0.678671204917	0.695071422575	0.679796513749	0.68703361031	0.665552767435	0.71092290613	0.690345156643	0.684769374162	0.679891036945	0.685569571526	0.674129282377	0.690632211137	0.68380040331	0.67815366402	0.673969573095	0.695374742513	0.673237395814
AD4	0.68530774722	0.651317906949	0.749335980223	0.683712719896	0.646585250918	0.643570267092	0.434316859375	0.0	0.580588542382	0.3918865255	0.667638142854	0.63569245323	0.682647337643	0.695446398723	0.673176223837	0.661460791402	0.686405285816	0.672039094786	0.767496944237	0.624341309412	0.696774431944	0.66966519009	0.68268466775	0.6532172222	0.722553880993	0.657544748104	0.679707445108	0.66765150295	0.64591349127	0.623380629884	0.723307082134	0.676453353452	0.687545333525	0.6597296622	0.661938948175	0.662257830787	0.639703759247	0.650432207125	0.624127978531	0.628816015346	0.609535205324	0.670351604586	0.640493779992	0.66456584513	0.668040337997	0.646732596567	0.678863713627	0.663737050012	0.670542689586	0.671898805107	0.684780077132	0.675428491766	0.658341903109	0.65693811593	0.652022247332	0.660744390265	0.692141851151	0.681764258501	0.687852122152	0.679883413898	0.663220403079	0.660293563567
AE3	0.652416137247	0.668019133555	0.697445777751	0.680755779855	0.660224857067	0.671495607673	0.671460932626	0.580588542382	0.0	0.640946485147	0.651002285481	0.669942841718	0.677063117298	0.712255342084	0.661254922194	0.677921405963	0.664961563061	0.691451216867	0.759703259278	0.670397357478	0.721560943111	0.720506184349	0.671438219405	0.684972850927	0.739447771158	0.694211869212	0.677653167849	0.722186506535	0.667525188775	0.662140381549	0.72380995672	0.696943363211	0.621929931726	0.71223278128	0.688625975884	0.698410521207	0.655938844263	0.686653392027	0.662564504997	0.678917460843	0.690200747532	0.669759221771	0.649185858671	0.660488274475	0.725513956922	0.715302712094	0.7041765047	0.729926881696	0.696032120395	0.720020973125	0.701143048712	0.72268593088	0.680109515989	0.699999137044	0.670235486201	0.70330898073	0.702253181698	0.725531921741	0.707119159238	0.711399625915	0.657043773871	0.73168132404
AE4	0.698723593011	0.65740113503	0.76498097379	0.711156895787	0.665608944978	0.654202679701	0.360334622468	0.3918865255	0.640946485147	0.0	0.704007302592	0.662622932185	0.716375404727	0.705529602092	0.696721442042	0.669882833656	0.717650891128	0.696544211021	0.781678568647	0.648393130751	0.718249701056	0.689204347766	0.723329357463	0.694920464601	0.73585100484	0.696733949124	0.709678117381	0.690915585488	0.692308008966	0.654892557273	0.7220307926	0.701822949507	0.696946192548	0.667188446114	0.692700128687	0.678782466006	0.678092300069	0.660886317414	0.630733869766	0.633376338656	0.616644106861	0.687778384571	0.666089705707	0.667615717671	0.693103149567	0.676377048759	0.692595849538	0.674041699699	0.680377959922	0.668198029307	0.697530826796	0.67711664827	0.674376227725	0.679963718044	0.692095635303	0.677047662002	0.68678263368	0.68525383065	0.67296394686	0.670954880357	0.694329891565	0.670056292026
AF3	0.653876682384	0.661625872154	0.702292997212	0.674207033223	0.687626196957	0.515903120315	0.704279422843	0.667638142854	0.651002285481	0.704007302592	0.0	0.555647855296	0.668765239346	0.693577190639	0.671309065954	0.660581989711	0.676294171078	0.687295947364	0.761385233617	0.680235931414	0.683041513206	0.712122620043	0.68304965836	0.701556070475	0.764574833954	0.713268464567	0.690201865788	0.705687471149	0.700368684989	0.668477203901	0.71929902332	0.692989059181	0.632413199405	0.689922733446	0.678197470499	0.67910871831	0.665935986658	0.6747703627	0.665431494985	0.686568992817	0.700006399433	0.676734905942	0.658960120423	0.665678925625	0.693315346252	0.68540837025	0.708207016828	0.713927735889	0.689214193508	0.724218128519	0.71229607106	0.711338851634	0.690468224239	0.704543713117	0.701318347195	0.717996073055	0.68155449791	0.715418561759	0.681304960474	0.704958975292	0.648918638183	0.703415976195
AF4	0.671349334391	0.66953844177	0.726782450825	0.683416015246	0.437167332633	0.394951059198	0.664357678998	0.63569245323	0.669942841718	0.662622932185	0.555647855296	0.0	0.699842811861	0.713693140224	0.692911833431	0.666214062663	0.695665863466	0.688949831177	0.770913975516	0.674084284141	0.715892638945	0.69504393334	0.725569633127	0.71717958615	0.740564690091	0.705169821346	0.702604882481	0.69145671851	0.722670638675	0.701585202269	0.764901481261	0.709276139795	0.666782280946	0.671620356976	0.674244166788	0.663936095815	0.670197558741	0.669559822689	0.667669944745	0.650572229851	0.645131913605	0.669632775434	0.649664198131	0.661748286742	0.684995032375	0.651841436126	0.699301860501	0.700457773016	0.70263938453	0.684445240647	0.681772900946	0.686376398458	0.673927440784	0.686590204156	0.688295629244	0.683537639536	0.686549771427	0.672012428405	0.695092200138	0.668291835589	0.671786216347	0.691532980709
AG3	0.6575496967	0.664352666719	0.728374887101	0.417920989019	0.688172226816	0.679771557728	0.712539560153	0.682647337643	0.677063117298	0.716375404727	0.668765239346	0.699842811861	0.0	0.533924702049	0.678840243848	0.662258850064	0.682628775861	0.69324773302	0.779704634402	0.697483996374	0.682962012018	0.712130701312	0.682147622728	0.700110899782	0.733010693105	0.700394787983	0.682179897403	0.700516941274	0.683488641081	0.698614208095	0.735999099867	0.703035086829	0.68204025286	0.70751418263	0.695948195532	0.702151201965	0.687120712915	0.687312980743	0.684393903722	0.70700902236	0.699186937552	0.670562564308	0.659267507179	0.686868213676	0.713356732145	0.713831614334	0.694549181399	0.713784063836	0.650485107835	0.708152111487	0.707648757104	0.724097666027	0.675943515016	0.68496838577	0.682693335641	0.69375834166	0.708320655836	0.730698719287	0.692347262318	0.685507934119	0.68182706925	0.714776418207
AG4	0.64826809459	0.633063178474	0.603947873564	0.459584673492	0.705153303923	0.698106856042	0.69110027422	0.695446398723	0.712255342084	0.705529602092	0.693577190639	0.713693140224	0.533924702049	0.0	0.664224355285	0.634074983982	0.729752284447	0.734622762203	0.75214968755	0.685440883445	0.714722183234	0.710865038612	0.713631196619	0.71722213222	0.730511779791	0.718974310164	0.68479035101	0.704266762272	0.707641882621	0.685178190106	0.752476220077	0.727917840746	0.706270592612	0.736863532126	0.685014438309	0.712044695623	0.703923490241	0.6865041811	0.706177477284	0.704558441398	0.714373936757	0.683561196194	0.664867301661	0.704650054105	0.74663057047	0.750379916825	0.705770480859	0.716669650337	0.657405880881	0.711816889948	0.70842806573	0.718514534844	0.681338282899	0.706303217901	0.719067254415	0.697247138689	0.706539017408	0.729363911908	0.696203251984	0.708776563018	0.687627787293	0.723077712518
AH3	0.673940810721	0.50951654186	0.680498558359	0.674075186093	0.671334968922	0.662630018887	0.677481357271	0.673176223837	0.661254922194	0.696721442042	0.671309065954	0.692911833431	0.678840243848	0.664224355285	0.0	0.532383106089	0.675394751524	0.694951605289	0.772953883844	0.69288772134	0.712716314541	0.700073716981	0.675823013776	0.699705644554	0.721567083079	0.682149992648	0.68300968422	0.698975021437	0.693465790061	0.692050600066	0.7430579539	0.711082464566	0.649259053426	0.7175088955	0.698454060638	0.685436201188	0.667037727294	0.677699200939	0.664833637674	0.679629749802	0.685102250011	0.673756452263	0.66774260268	0.656844905177	0.711164894823	0.706209664967	0.692534923981	0.696445787296	0.683735914801	0.709439784069	0.696592784349	0.714191650129	0.688193057639	0.688172936036	0.673514857726	0.695576387168	0.69648748835	0.717790167008	0.684471458028	0.683477434093	0.667831557054	0.686769113519
AH4	0.486101565675	0.371756024472	0.699979690758	0.625613523351	0.652872237588	0.641120219708	0.676038049188	0.661460791402	0.677921405963	0.669882833656	0.660581989711	0.666214062663	0.662258850064	0.634074983982	0.532383106089	0.0	0.684601979743	0.691863210014	0.772879925667	0.682912599622	0.708489751902	0.67135828619	0.690383272766	0.693252871733	0.727153469835	0.668383174215	0.658656626747	0.678946572627	0.688082972143	0.677467324862	0.743606203807	0.693713854567	0.668032114087	0.682324599552	0.682859200767	0.662286532437	0.657610752291	0.64355774802	0.64344981435	0.672301163294	0.641234470995	0.657280668279	0.643744583736	0.656797974208	0.685547881604	0.666093575767	0.658951535316	0.66029901871	0.639622341707	0.677266957951	0.662581013918	0.673949378637	0.647862615107	0.651556245495	0.671741370682	0.659201830436	0.662147486099	0.671915568374	0.639891809018	0.643032738122	0.648561809212	0.658941073842
AA7	0.662290873054	0.674717094868	0.71165624198	0.697448819168	0.672203523574	0.687038425617	0.711611594679	0.686405285816	0.664961563061	0.717650891128	0.676294171078	0.695665863466	0.682628775861	0.729752284447	0.675394751524	0.684601979743	0.0	0.528959468275	0.777553207033	0.695549624641	0.655328640628	0.692389242709	0.679259434504	0.681021676891	0.70860957839	0.683475407879	0.666869933327	0.660063415303	0.665792689318	0.674619177173	0.716425095302	0.572035183013	0.657994252402	0.726192893487	0.68912677137	0.717537837533	0.660231793036	0.679645636835	0.690034222261	0.729432026412	0.7256226159	0.688195453886	0.685851687394	0.691796292677	0.73870777545	0.721929659612	0.743075289004	0.737362527497	0.704783882936	0.741271935279	0.711156242773	0.743690694717	0.695621956421	0.707618182506	0.693708168599	0.720352263831	0.717290071723	0.729630792075	0.73545299458	0.7231138637	0.693445281779	0.706542234993
AA8	0.679218997508	0.684127537394	0.753452755468	0.711643654105	0.681948472368	0.683108185486	0.704285988721	0.672039094786	0.691451216867	0.696544211021	0.687295947364	0.688949831177	0.69324773302	0.734622762203	0.694951605289	0.691863210014	0.528959468275	0.0	0.773373994649	0.649982579855	0.642673715505	0.647391242361	0.683187916886	0.679582991989	0.698665711255	0.670063774883	0.677698754785	0.638846874633	0.667013613464	0.6491017706	0.540055837649	0.410701417786	0.681553646634	0.720019630381	0.714740639252	0.723156956678	0.689057873393	0.704022491132	0.686223120398	0.699340981141	0.698350027272	0.698156257782	0.698101404467	0.695279663303	0.720275300217	0.716790139721	0.718692050513	0.713382611021	0.701008135133	0.726913826967	0.714098785579	0.725386464173	0.681030400706	0.685159554532	0.688811548628	0.696137481245	0.730570505102	0.73749634333	0.736537349807	0.705209809906	0.700276969569	0.711789417746
AB7	0.770693108461	0.77280120346	0.690637536731	0.763567824011	0.759572754021	0.751776991234	0.7764546995	0.767496944237	0.759703259278	0.781678568647	0.761385233617	0.770913975516	0.779704634402	0.75214968755	0.772953883844	0.772879925667	0.777553207033	0.773373994649	0.0	0.566846565308	0.749061280395	0.770088457568	0.780302002887	0.779772332784	0.749028482612	0.780838213079	0.776024352759	0.781220292683	0.760964806614	0.653699318797	0.762755591844	0.778365347238	0.783456705495	0.790369886785	0.771307095923	0.795381577813	0.769197835963	0.774248351437	0.797659837566	0.790899528143	0.795470265208	0.747316380503	0.744149478529	0.777561903159	0.801527164636	0.800420736479	0.825129866682	0.808482350273	0.779513023479	0.80464505512	0.817452065045	0.802729224854	0.791799888691	0.803771862132	0.786694830107	0.792419268966	0.796900892343	0.802735326509	0.80221610097	0.796078541379	0.787776209646	0.806433275443
AB8	0.688332441425	0.677459960304	0.698629031043	0.666948497433	0.669992267255	0.659365676539	0.658855048059	0.624341309412	0.670397357478	0.648393130751	0.680235931414	0.674084284141	0.697483996374	0.685440883445	0.69288772134	0.682912599622	0.695549624641	0.649982579855	0.566846565308	0.0	0.651397389729	0.631145221023	0.680443873776	0.673083948363	0.679440004925	0.672487859731	0.658413404346	0.63950573436	0.515621054176	0.422300495029	0.690461652902	0.657214521216	0.683898561666	0.69334725078	0.677464827341	0.681768886312	0.673771065793	0.665349456672	0.682119935798	0.685209996307	0.669848095956	0.671380180256	0.640563473091	0.660859116143	0.694429263457	0.685636610571	0.71685836455	0.699706845894	0.670447462144	0.703151098779	0.692658277981	0.710611085711	0.663194207988	0.686704692342	0.678533784288	0.669212872267	0.702192747102	0.714766727155	0.702755029533	0.684661641945	0.680055669007	0.698115722793
AC7	0.690517150744	0.700207630761	0.724595647086	0.703374860729	0.706581319248	0.694845916719	0.713420529087	0.696774431944	0.721560943111	0.718249701056	0.683041513206	0.715892638945	0.682962012018	0.714722183234	0.712716314541	0.708489751902	0.655328640628	0.642673715505	0.749061280395	0.651397389729	0.0	0.518251926609	0.687877506409	0.690991331583	0.690597291205	0.681138372305	0.683885609162	0.589030622059	0.635417352401	0.620279960309	0.65907819128	0.656978887323	0.704851385034	0.69477609816	0.717911463026	0.737537247825	0.701678594457	0.721441085368	0.713853885785	0.732864484597	0.725185189581	0.718852234817	0.702221669331	0.705346520397	0.701405239923	0.700635124573	0.74827298009	0.75168586798	0.707306509604	0.738579790351	0.739014651796	0.755270436763	0.701325239064	0.691937566266	0.695632601896	0.697056172085	0.740124071444	0.744656306749	0.734079233259	0.717574223548	0.707189219875	0.72331877588
AC8	0.689342244472	0.662152708822	0.75556789387	0.693721335244	0.699861880099	0.679879967723	0.696101764925	0.66966519009	0.720506184349	0.689204347766	0.712122620043	0.69504393334	0.712130701312	0.710865038612	0.700073716981	0.67135828619	0.692389242709	0.647391242361	0.770088457568	0.631145221023	0.518251926609	0.0	0.684419611564	0.657977179472	0.713063082824	0.664976418208	0.488093260074	0.395689523154	0.65466061405	0.626209786658	0.708607962665	0.645328776892	0.715740953778	0.679449825967	0.717436300455	0.724313848543	0.695191873281	0.697736485453	0.679793572574	0.722010333108	0.690952291117	0.699341377556	0.703329344682	0.699095821944	0.680463346605	0.668167470755	0.720604732824	0.704089832162	0.68266032951	0.707508490648	0.686534421365	0.698958619641	0.668357865652	0.662704915338	0.676154413797	0.663492139718	0.705351659578	0.69431978579	0.701312188233	0.693790408265	0.679599017703	0.681274809489
AD7	0.68313100586	0.692579560535	0.735265508812	0.691380276733	0.718032905649	0.706740148426	0.719378471022	0.68268466775	0.671438219405	0.723329357463	0.68304965836	0.725569633127	0.682147622728	0.713631196619	0.675823013776	0.690383272766	0.679259434504	0.683187916886	0.780302002887	0.680443873776	0.687877506409	0.684419611564	0.0	0.489013353445	0.713807931535	0.533841323103	0.678950237199	0.684129608566	0.675423232643	0.660512686933	0.701434893598	0.683843737174	0.663398985059	0.707914666884	0.718547408447	0.722928045296	0.691867162887	0.699601410023	0.690184348764	0.713827762624	0.712881656972	0.695184086734	0.677296487786	0.697384398729	0.707917182264	0.702833059566	0.705380464368	0.719447969469	0.683458800917	0.720237206755	0.694039272552	0.73100487566	0.673256428696	0.676939508982	0.656991882166	0.687792007091	0.700896766583	0.723607059174	0.701183941694	0.699203323752	0.65905035348	0.695780444866
AD8	0.679449578827	0.688356087357	0.747790424706	0.697485043551	0.716480023977	0.704999294505	0.691223756826	0.6532172222	0.684972850927	0.694920464601	0.701556070475	0.71717958615	0.700110899782	0.71722213222	0.699705644554	0.693252871733	0.681021676891	0.679582991989	0.779772332784	0.673083948363	0.690991331583	0.657977179472	0.489013353445	0.0	0.624204900013	0.42660867671	0.646891503692	0.644129157705	0.657432552003	0.639008245397	0.708405882821	0.673917158603	0.682372528053	0.692662355772	0.72534449303	0.717880755459	0.691502692476	0.691494514873	0.700075006283	0.702474146791	0.71245564876	0.695855177437	0.681053122344	0.685450378754	0.689176763897	0.685634897509	0.715456170689	0.722210302286	0.691289455987	0.717558262557	0.686704998134	0.72491454382	0.678857500397	0.681289848371	0.676911196073	0.684850438381	0.702954707917	0.721935519613	0.702921807694	0.703984673737	0.679058701185	0.711629744543
AE7	0.735815065165	0.72698310294	0.707489502232	0.728722903462	0.715098385911	0.74248668539	0.723266513162	0.722553880993	0.739447771158	0.73585100484	0.764574833954	0.740564690091	0.733010693105	0.730511779791	0.721567083079	0.727153469835	0.70860957839	0.698665711255	0.749028482612	0.679440004925	0.690597291205	0.713063082824	0.713807931535	0.624204900013	0.0	0.518367593334	0.700551713943	0.703537907915	0.696192240491	0.684215920259	0.732249493684	0.664974950066	0.728015340467	0.752891444832	0.738420750415	0.761763107908	0.732650365607	0.750052903027	0.752451663532	0.755913763629	0.758050987793	0.744833064709	0.738896313931	0.731823740526	0.745726470162	0.759427847387	0.772084334071	0.781892231442	0.726199967574	0.766889842892	0.751415340943	0.78024763314	0.741291543677	0.742114055639	0.735659496131	0.745588344901	0.774519223743	0.79371202597	0.772479415129	0.751399343979	0.751874580837	0.764433812343
AE8	0.697229772053	0.667841672327	0.750487271048	0.691618432588	0.698633279595	0.694976406803	0.681386668636	0.657544748104	0.694211869212	0.696733949124	0.713268464567	0.705169821346	0.700394787983	0.718974310164	0.682149992648	0.668383174215	0.683475407879	0.670063774883	0.780838213079	0.672487859731	0.681138372305	0.664976418208	0.533841323103	0.42660867671	0.518367593334	0.0	0.65073283135	0.647232128711	0.658702610096	0.647806132219	0.707692022126	0.671984357787	0.696971940243	0.713429038387	0.712517915489	0.721854971218	0.709202774798	0.693643228304	0.702620249889	0.717611127422	0.700616825936	0.694687487677	0.686265752938	0.691816873614	0.706913057674	0.701044349271	0.707521372542	0.707437442922	0.698771911557	0.708068059036	0.703059895749	0.732782574138	0.689161164153	0.667076161828	0.674602797741	0.681822159379	0.699294494086	0.716436065777	0.711327261222	0.686444758867	0.696209432682	0.686851209646
AF7	0.66434689128	0.665162370878	0.720844987372	0.657222603579	0.701520162386	0.683525034776	0.709057522736	0.679707445108	0.677653167849	0.709678117381	0.690201865788	0.702604882481	0.682179897403	0.68479035101	0.68300968422	0.658656626747	0.666869933327	0.677698754785	0.776024352759	0.658413404346	0.683885609162	0.488093260074	0.678950237199	0.646891503692	0.700551713943	0.65073283135	0.0	0.446029647571	0.662765782495	0.665207415514	0.720828642009	0.673774381283	0.673616765985	0.712069130902	0.704066425326	0.707989920857	0.687384358005	0.694516132508	0.670882733629	0.696729299469	0.694435603307	0.681884374625	0.682346952142	0.67923296976	0.720036282938	0.712851313747	0.708124615076	0.696062371613	0.67190337195	0.715253249675	0.684547622692	0.702592126226	0.677018854268	0.663016934544	0.674043359614	0.671640638868	0.686409066819	0.711951665435	0.683860078109	0.707523912509	0.661179187929	0.693878468702
AF8	0.676368755107	0.655355932859	0.756827397083	0.686204970624	0.704442411706	0.676315338978	0.682159054399	0.66765150295	0.722186506535	0.690915585488	0.705687471149	0.69145671851	0.700516941274	0.704266762272	0.698975021437	0.678946572627	0.660063415303	0.638846874633	0.781220292683	0.63950573436	0.589030622059	0.395689523154	0.684129608566	0.644129157705	0.703537907915	0.647232128711	0.446029647571	0.0	0.654239318093	0.628222347973	0.700300787742	0.647655955345	0.704466466926	0.691899964288	0.701770057223	0.715721823813	0.689939293877	0.675524845909	0.674224961924	0.699055130686	0.69235844385	0.701236289519	0.703569128997	0.678351720522	0.687571137053	0.685089235914	0.717807524435	0.702670737894	0.683838973925	0.694072408717	0.684251513319	0.703060649997	0.663438320116	0.650475852598	0.674571216766	0.658034955766	0.685193792537	0.697534654816	0.696567516216	0.692547921268	0.684623202854	0.673557153808
AG7	0.702490690402	0.696964558447	0.716113887901	0.673304871254	0.69737789218	0.708182037675	0.704054461283	0.64591349127	0.667525188775	0.692308008966	0.700368684989	0.722670638675	0.683488641081	0.707641882621	0.693465790061	0.688082972143	0.665792689318	0.667013613464	0.760964806614	0.515621054176	0.635417352401	0.65466061405	0.675423232643	0.657432552003	0.696192240491	0.658702610096	0.662765782495	0.654239318093	0.0	0.446894758813	0.688239524709	0.687313631456	0.679408007623	0.711854208198	0.707659403394	0.706037204672	0.659912906308	0.68771893296	0.686287029922	0.707009250057	0.685074792095	0.706073335513	0.657308008117	0.671101832127	0.714615090756	0.703721195126	0.733363149343	0.721837897597	0.688352526431	0.729399126443	0.677687237625	0.733142463618	0.667125742279	0.692899373922	0.693019905431	0.69665583748	0.702648036895	0.736104545795	0.702856032334	0.703188772932	0.674889100574	0.713485491499
AG8	0.680541091192	0.666597033462	0.705585842158	0.677573073733	0.692744122898	0.678891258292	0.676350571773	0.623380629884	0.662140381549	0.654892557273	0.668477203901	0.701585202269	0.698614208095	0.685178190106	0.692050600066	0.677467324862	0.674619177173	0.6491017706	0.653699318797	0.422300495029	0.620279960309	0.626209786658	0.660512686933	0.639008245397	0.684215920259	0.647806132219	0.665207415514	0.628222347973	0.446894758813	0.0	0.68299069565	0.656231650459	0.672297649662	0.695912432857	0.690341541409	0.690748951098	0.658149904238	0.663356272284	0.671279120873	0.68152619049	0.674949271502	0.683626366904	0.651638233001	0.654301275505	0.689361704918	0.679823912696	0.722219205499	0.712135927923	0.680278166424	0.708677617674	0.693270183565	0.714310441464	0.657758940979	0.68481653212	0.679452528243	0.671235964431	0.690360526516	0.716700136868	0.69944313974	0.688576400303	0.672525635827	0.694245096592
AH7	0.73331627332	0.748578735393	0.777665892906	0.745474727089	0.745419814188	0.73476315644	0.724538574613	0.723307082134	0.72380995672	0.7220307926	0.71929902332	0.764901481261	0.735999099867	0.752476220077	0.7430579539	0.743606203807	0.716425095302	0.540055837649	0.762755591844	0.690461652902	0.65907819128	0.708607962665	0.701434893598	0.708405882821	0.732249493684	0.707692022126	0.720828642009	0.700300787742	0.688239524709	0.68299069565	0.0	0.537076893166	0.716331286561	0.758802265998	0.76768839872	0.780738142811	0.747594878906	0.760198992018	0.748018418758	0.750364036487	0.755691668105	0.733512254227	0.746218817619	0.738187862716	0.765304364463	0.764590571675	0.767387251648	0.761808764392	0.75305741979	0.769147964506	0.771364598486	0.784250550057	0.737200467566	0.732868657272	0.732249479041	0.738449671434	0.773749987602	0.804527475078	0.779504843303	0.757776728074	0.752580607451	0.764276427621
AH8	0.691338909609	0.686997721087	0.763475249925	0.715543234869	0.694809334058	0.684818022993	0.708748712162	0.676453353452	0.696943363211	0.701822949507	0.692989059181	0.709276139795	0.703035086829	0.727917840746	0.711082464566	0.693713854567	0.572035183013	0.410701417786	0.778365347238	0.657214521216	0.656978887323	0.645328776892	0.683843737174	0.673917158603	0.664974950066	0.671984357787	0.673774381283	0.647655955345	0.687313631456	0.656231650459	0.537076893166	0.0	0.688851588921	0.725069903449	0.729816913158	0.737286051542	0.693234440646	0.701916628012	0.697994811814	0.712201394136	0.700358436865	0.704757577267	0.704601779694	0.701688675178	0.721128228321	0.707560347215	0.717399240994	0.720113446001	0.712867786111	0.731138069331	0.715468435662	0.724906679078	0.690208544251	0.68963773598	0.694365299789	0.696122881912	0.724857961794	0.744434685159	0.731694883767	0.709716233498	0.703688743679	0.71721933767
AA5	0.639932894588	0.656987173628	0.693587002505	0.693739010902	0.654515024746	0.649958684178	0.707512930943	0.687545333525	0.621929931726	0.696946192548	0.632413199405	0.666782280946	0.68204025286	0.706270592612	0.649259053426	0.668032114087	0.657994252402	0.681553646634	0.783456705495	0.683898561666	0.704851385034	0.715740953778	0.663398985059	0.682372528053	0.728015340467	0.696971940243	0.673616765985	0.704466466926	0.679408007623	0.672297649662	0.716331286561	0.688851588921	0.0	0.596325988994	0.684639905193	0.681952892458	0.633150011718	0.643633431036	0.666734218883	0.681739186465	0.690571743811	0.645637749915	0.621669519597	0.632834863168	0.712759312815	0.654297121479	0.682924652975	0.716050395513	0.682946306803	0.70959276118	0.686713449931	0.709658208592	0.66091380983	0.676684303153	0.659835515567	0.693506429274	0.666676827533	0.725243407829	0.665380591736	0.687911537257	0.631311170102	0.706527287628
AA6	0.684488247425	0.672183324227	0.770064188335	0.706455698444	0.695509529027	0.656287793974	0.674789399822	0.6597296622	0.71223278128	0.667188446114	0.689922733446	0.671620356976	0.70751418263	0.736863532126	0.7175088955	0.682324599552	0.726192893487	0.720019630381	0.790369886785	0.69334725078	0.69477609816	0.679449825967	0.707914666884	0.692662355772	0.752891444832	0.713429038387	0.712069130902	0.691899964288	0.711854208198	0.695912432857	0.758802265998	0.725069903449	0.596325988994	0.0	0.701537689424	0.680066300193	0.656462621818	0.641689649264	0.66960116256	0.680456067087	0.672010361013	0.686888328706	0.661518470884	0.664459392706	0.440672922128	0.410526253656	0.703602823778	0.704535738799	0.680461630613	0.684231231616	0.691761539476	0.678798493931	0.686362214923	0.68707265136	0.699906204226	0.694572638727	0.688750876419	0.676852192957	0.681436858745	0.674489595452	0.65745771895	0.677944146603
AB5	0.673681052246	0.667599113027	0.704031701101	0.691529251834	0.691576754462	0.672558554615	0.670665043799	0.661938948175	0.688625975884	0.692700128687	0.678197470499	0.674244166788	0.695948195532	0.685014438309	0.698454060638	0.682859200767	0.68912677137	0.714740639252	0.771307095923	0.677464827341	0.717911463026	0.717436300455	0.718547408447	0.72534449303	0.738420750415	0.712517915489	0.704066425326	0.701770057223	0.707659403394	0.690341541409	0.76768839872	0.729816913158	0.684639905193	0.701537689424	0.0	0.461202929539	0.656462794343	0.650922839868	0.660227712133	0.651184974943	0.6603214857	0.697377219714	0.667116747757	0.644815034602	0.711784722214	0.702093028024	0.682814281736	0.72778032299	0.676782452802	0.705866576999	0.683159306043	0.693473714719	0.658255082473	0.702141330409	0.693373639818	0.683750392056	0.686161359426	0.690338862054	0.703600451324	0.704027485865	0.664438044072	0.684098360005
AB6	0.681135511395	0.675251677291	0.735125418919	0.690733925517	0.677420063584	0.6626458973	0.679700811718	0.662257830787	0.698410521207	0.678782466006	0.67910871831	0.663936095815	0.702151201965	0.712044695623	0.685436201188	0.662286532437	0.717537837533	0.723156956678	0.795381577813	0.681768886312	0.737537247825	0.724313848543	0.722928045296	0.717880755459	0.761763107908	0.721854971218	0.707989920857	0.715721823813	0.706037204672	0.690748951098	0.780738142811	0.737286051542	0.681952892458	0.680066300193	0.461202929539	0.0	0.657595543915	0.647187101262	0.663088443233	0.642022605176	0.644264794509	0.6872286902	0.651729148783	0.563208954873	0.683569404585	0.670942792161	0.658725794949	0.68771366353	0.66860034272	0.685953238031	0.675182522471	0.681200617012	0.657227522962	0.692769415573	0.697457879611	0.677033881882	0.678837614195	0.688224323337	0.66743513543	0.687955536644	0.650183285811	0.686439802963
AC5	0.648111678676	0.646578423584	0.694041099869	0.677408724306	0.683850572835	0.668412169622	0.678750162425	0.639703759247	0.655938844263	0.678092300069	0.665935986658	0.670197558741	0.687120712915	0.703923490241	0.667037727294	0.657610752291	0.660231793036	0.689057873393	0.769197835963	0.673771065793	0.701678594457	0.695191873281	0.691867162887	0.691502692476	0.732650365607	0.709202774798	0.687384358005	0.689939293877	0.659912906308	0.658149904238	0.747594878906	0.693234440646	0.633150011718	0.656462621818	0.656462794343	0.657595543915	0.0	0.491427334248	0.634663662912	0.659971711355	0.657295536419	0.668443959521	0.602900569825	0.6305461488	0.663898934289	0.65212514037	0.646382786765	0.690013909842	0.617326721479	0.685550600036	0.656379838415	0.657618644437	0.636540542885	0.656136099488	0.629014902403	0.661682574177	0.639024082425	0.68085199744	0.645549108437	0.669801656256	0.637722229854	0.683719601702
AC6	0.655859933113	0.617500100967	0.720189659065	0.672796318701	0.678270488739	0.64124038258	0.655944288166	0.650432207125	0.686653392027	0.660886317414	0.6747703627	0.669559822689	0.687312980743	0.6865041811	0.677699200939	0.64355774802	0.679645636835	0.704022491132	0.774248351437	0.665349456672	0.721441085368	0.697736485453	0.699601410023	0.691494514873	0.750052903027	0.693643228304	0.694516132508	0.675524845909	0.68771893296	0.663356272284	0.760198992018	0.701916628012	0.643633431036	0.641689649264	0.650922839868	0.647187101262	0.491427334248	0.0	0.645038420523	0.654598196389	0.642255264885	0.574853379537	0.507816162946	0.615419695202	0.663923545997	0.65078831975	0.652396085867	0.678488321586	0.609756538853	0.647066864918	0.655593139677	0.660861770183	0.657164324851	0.656999365758	0.668130671784	0.658061770049	0.623887339028	0.665617389532	0.631614291857	0.655678154888	0.649027567772	0.664315632529
AD6	0.670609253883	0.646442855862	0.760773899714	0.689891858944	0.680802911998	0.652307797651	0.640480154844	0.624127978531	0.662564504997	0.630733869766	0.665431494985	0.667669944745	0.684393903722	0.706177477284	0.664833637674	0.64344981435	0.690034222261	0.686223120398	0.797659837566	0.682119935798	0.713853885785	0.679793572574	0.690184348764	0.700075006283	0.752451663532	0.702620249889	0.670882733629	0.674224961924	0.686287029922	0.671279120873	0.748018418758	0.697994811814	0.666734218883	0.66960116256	0.660227712133	0.663088443233	0.634663662912	0.645038420523	0.0	0.542025671267	0.431586840891	0.657792066316	0.650773524615	0.647126682087	0.667801620789	0.65666880153	0.664505297321	0.668860252279	0.64131867569	0.674451856372	0.680667963979	0.681197263106	0.637536873959	0.639694713128	0.656958130541	0.656692279324	0.655934942378	0.681368146103	0.649786724924	0.652773915637	0.639978770392	0.670412156556
AE5	0.679220147238	0.667087959191	0.757628613684	0.697568254906	0.660090461144	0.662605688132	0.63928402772	0.628816015346	0.678917460843	0.633376338656	0.686568992817	0.650572229851	0.70700902236	0.704558441398	0.679629749802	0.672301163294	0.729432026412	0.699340981141	0.790899528143	0.685209996307	0.732864484597	0.722010333108	0.713827762624	0.702474146791	0.755913763629	0.717611127422	0.696729299469	0.699055130686	0.707009250057	0.68152619049	0.750364036487	0.712201394136	0.681739186465	0.680456067087	0.651184974943	0.642022605176	0.659971711355	0.654598196389	0.542025671267	0.0	0.401569936646	0.691770460987	0.6587808118	0.634711831716	0.67920101613	0.687324242248	0.673281644672	0.673972625165	0.660634194508	0.643256590579	0.681587956079	0.676125013998	0.639884256958	0.637541904913	0.65923161761	0.644643924165	0.649562151131	0.682981909255	0.657114773761	0.649081505295	0.62788278343	0.682934888434
AE6	0.678740888149	0.648709676158	0.78367431157	0.69764549797	0.661144828814	0.657175380954	0.642754496677	0.609535205324	0.690200747532	0.616644106861	0.700006399433	0.645131913605	0.699186937552	0.714373936757	0.685102250011	0.641234470995	0.7256226159	0.698350027272	0.795470265208	0.669848095956	0.725185189581	0.690952291117	0.712881656972	0.71245564876	0.758050987793	0.700616825936	0.694435603307	0.69235844385	0.685074792095	0.674949271502	0.755691668105	0.700358436865	0.690571743811	0.672010361013	0.6603214857	0.644264794509	0.657295536419	0.642255264885	0.431586840891	0.401569936646	0.0	0.68169559546	0.657556650981	0.663410030486	0.675652076105	0.652738325967	0.663188198995	0.64662131451	0.644794880705	0.649932131089	0.666555566934	0.670592082309	0.631584074565	0.634190327885	0.652090300567	0.642470310205	0.652701527023	0.672434680122	0.64763048851	0.630303300221	0.632114425857	0.66160392514
AF5	0.691218892241	0.664525250942	0.715695121352	0.658488110978	0.63856318847	0.651692406074	0.69650217226	0.670351604586	0.669759221771	0.687778384571	0.676734905942	0.669632775434	0.670562564308	0.683561196194	0.673756452263	0.657280668279	0.688195453886	0.698156257782	0.747316380503	0.671380180256	0.718852234817	0.699341377556	0.695184086734	0.695855177437	0.744833064709	0.694687487677	0.681884374625	0.701236289519	0.706073335513	0.683626366904	0.733512254227	0.704757577267	0.645637749915	0.686888328706	0.697377219714	0.6872286902	0.668443959521	0.574853379537	0.657792066316	0.691770460987	0.68169559546	0.0	0.468229650404	0.653552658365	0.723631375706	0.700712425317	0.704041999584	0.70317342049	0.66065692153	0.679528918728	0.708025935959	0.720690532871	0.688991226372	0.706938607537	0.704788044395	0.703300380192	0.673521043908	0.731896727349	0.671856691028	0.661418351804	0.67079440903	0.702910542125
AF6	0.654997791765	0.648907703616	0.694742945277	0.63680084346	0.637677879787	0.63641133539	0.669888718726	0.640493779992	0.649185858671	0.666089705707	0.658960120423	0.649664198131	0.659267507179	0.664867301661	0.66774260268	0.643744583736	0.685851687394	0.698101404467	0.744149478529	0.640563473091	0.702221669331	0.703329344682	0.677296487786	0.681053122344	0.738896313931	0.686265752938	0.682346952142	0.703569128997	0.657308008117	0.651638233001	0.746218817619	0.704601779694	0.621669519597	0.661518470884	0.667116747757	0.651729148783	0.602900569825	0.507816162946	0.650773524615	0.6587808118	0.657556650981	0.468229650404	0.0	0.620848915988	0.681524026197	0.65792045616	0.668689241223	0.678596895341	0.642103927406	0.659994513044	0.68573309923	0.691786714426	0.659871803441	0.673582444755	0.668431946364	0.676146225294	0.644623964215	0.695487740922	0.629972258177	0.641256574147	0.637915142947	0.684778180346
