	AA3	AA4	AB3	AB4	AC3	AC4	AD3	AD4	AE3	AE4	AF3	AF4	AG3	AG4	AH3	AH4	AA7	AA8	AB7	AB8	AC7	AC8	AD7	AD8	AE7	AE8	AF7	AF8	AG7	AG8	AH7	AH8	AA5	AA6	AB5	AB6	AC5	AC6	AD6	AE5	AE6	AF5	AF6	AG5	AH5	AH6	AA1	AA2	AB1	AB2	AC1	AC2	AD1	AD2	AE1	AE2	AF1	AF2	AG1	AG2	AH1	AH2
AA3	0.0	0.494556663248	0.671369089861	0.642452497828	0.670673601121	0.675550875338	0.699844979274	0.700334117513	0.66758084475	0.696682768684	0.644021315055	0.68511968885	0.660743651593	0.638249042091	0.676413307551	0.473281075456	0.685699498752	0.684424455984	0.764666291793	0.69419397447	0.708413992984	0.698006909886	0.68046301731	0.711393619935	0.738569986176	0.706510936517	0.68268298734	0.699397920899	0.687931954651	0.690656459959	0.743334526359	0.69792300564	0.663940172841	0.692888257343	0.683194825198	0.668354441946	0.648196204317	0.650402863404	0.667757671588	0.695353196811	0.663269140516	0.685241156117	0.677400466465	0.65539465516	0.715655669138	0.701027897695	0.659108408096	0.696402079015	0.642967370293	0.685285871087	0.671712286701	0.686202456015	0.62900023149	0.666722198822	0.672973365572	0.670586372846	0.668057405459	0.66861816757	0.673281650469	0.683563738209	0.643739432466	0.667752646095
AA4	0.494556663248	0.0	0.66594624178	0.630692977196	0.659234171798	0.664293491134	0.661621678778	0.653035873973	0.701312415218	0.656300802999	0.662310346828	0.649570852002	0.666197184441	0.634399889938	0.504209874341	0.362495102343	0.697603614779	0.686240291555	0.763346420447	0.662351652846	0.70557704765	0.674165685898	0.684906324829	0.692577829342	0.727212712314	0.683750723512	0.669234626435	0.668540166273	0.688116445356	0.672093110005	0.746323387646	0.675965288513	0.669501111459	0.671182018805	0.665866875253	0.653155757574	0.65693960575	0.631510016182	0.635496975766	0.670321076738	0.615810097299	0.670751000622	0.668752788451	0.633632970464	0.679323810935	0.661832952515	0.665642864431	0.660066862806	0.629835911476	0.666096333877	0.674554136003	0.658580484627	0.629783128913	0.639737126183	0.663889908805	0.638657755224	0.650442535841	0.66535765411	0.647950537354	0.656741865417	0.644445180508	0.637375088127
AB3	0.671369089861	0.66594624178	0.0	0.61155418639	0.680988988574	0.723999311907	0.718158560417	0.721134019637	0.720773417372	0.723644322633	0.692783462209	0.717427674951	0.706497266323	0.532273265746	0.67024678206	0.660317965337	0.70450189068	0.717362346509	0.69452523916	0.671587072292	0.710748646898	0.727087200381	0.718019691028	0.740755864317	0.707329530264	0.71917728938	0.713663851736	0.73578167052	0.685337573778	0.698523935673	0.73160368173	0.72183906615	0.699127434489	0.753160155197	0.693358659471	0.710234549254	0.693012816171	0.707146452712	0.7337952439	0.738812711627	0.744001798319	0.709043470431	0.718994940927	0.707621967746	0.772285309794	0.768633409984	0.745599882358	0.752163420687	0.690730669388	0.756192689861	0.75160048853	0.748177872551	0.716291323286	0.734701603094	0.72401283968	0.73937502957	0.738072771782	0.74302564107	0.740544658924	0.744971484159	0.70572559804	0.746857944525
AB4	0.642452497828	0.630692977196	0.61155418639	0.0	0.683962355086	0.668736492485	0.694128038842	0.679457872899	0.704735880845	0.687262067156	0.67263910606	0.685464402459	0.425340133784	0.471767437265	0.661777326836	0.622890596477	0.700373749988	0.693589073765	0.740436361996	0.677385049427	0.695632786714	0.687295123847	0.696309639408	0.702352141242	0.721354627338	0.701597229775	0.682871159596	0.689976956533	0.687512013799	0.678365645123	0.733460663948	0.688838618786	0.694830899754	0.699536541162	0.680413411925	0.666093545962	0.673025958112	0.66325934941	0.687808163332	0.690063081036	0.689558586854	0.671982876312	0.671063300558	0.672205339315	0.719817791486	0.721500992165	0.691368567308	0.698883376959	0.613117304754	0.687475508336	0.697725918217	0.698022740438	0.649039067493	0.687621928165	0.678896297555	0.669224939722	0.693510056066	0.694652007884	0.687339277921	0.681019294018	0.665988905336	0.679922379776
AC3	0.670673601121	0.659234171798	0.680988988574	0.683962355086	0.0	0.531831816652	0.674298374709	0.6775051802	0.675253475476	0.669406398635	0.687710482262	0.438868398561	0.683241984588	0.69293912365	0.670663603035	0.647331504772	0.665617925724	0.702284513732	0.746580175865	0.664690488046	0.723186327602	0.715630469592	0.723997569562	0.730070136172	0.712905875869	0.711849411112	0.716571004541	0.721007120121	0.709780564559	0.684068193177	0.759393818656	0.704907399325	0.68290673829	0.702647005387	0.68854883848	0.675650024729	0.687806882225	0.666474905168	0.663341789096	0.677599239515	0.667996875808	0.657478954144	0.659123014741	0.650415647586	0.740316736856	0.711826424798	0.704212563286	0.717676891656	0.695081684321	0.696110371852	0.711022141169	0.700083672893	0.694016584405	0.68688196306	0.687007799941	0.696966567876	0.692927187996	0.691799751801	0.68886163786	0.682619014677	0.675153053434	0.696583554951
AC4	0.675550875338	0.664293491134	0.723999311907	0.668736492485	0.531831816652	0.0	0.670241472596	0.66500231544	0.670021297943	0.678785837661	0.514504184475	0.416508056523	0.683846964183	0.697321021874	0.689359195921	0.64713490014	0.687594871271	0.691924842185	0.765310687665	0.659391404266	0.72301805383	0.699054009601	0.70777053718	0.702468948168	0.755358385265	0.713709598149	0.686686531102	0.683574745903	0.711840584818	0.658649344146	0.749003192751	0.681021957095	0.645522336302	0.68388795055	0.65960605914	0.670230415485	0.667305896067	0.648476705134	0.644218306118	0.673367624291	0.663886476157	0.670194162232	0.666398144275	0.659844575954	0.701285955251	0.669625619708	0.710923372776	0.706488658523	0.685460551801	0.695234011703	0.702916619578	0.682777905396	0.678518794017	0.690283039152	0.704473112692	0.684988359287	0.669466852799	0.685318902044	0.685048918325	0.694229891409	0.65818511979	0.691246248253
AD3	0.699844979274	0.661621678778	0.718158560417	0.694128038842	0.674298374709	0.670241472596	0.0	0.378311829673	0.676089113896	0.339602288705	0.704431782945	0.659653719981	0.716728927808	0.692113987931	0.695349309942	0.683841197015	0.709071431189	0.690726173907	0.770710394957	0.666406729406	0.71904538799	0.68131845459	0.719924372197	0.70884288623	0.725410234228	0.687346598965	0.693134067793	0.67392854958	0.722700953489	0.660533150714	0.724849186067	0.682473022129	0.707494063634	0.674814465372	0.664882511282	0.669641141468	0.676046209622	0.657937142363	0.623744430691	0.640673506482	0.63392124074	0.685937186623	0.680284476556	0.678324204731	0.704720761384	0.685653154789	0.693458941715	0.68839301032	0.678179157533	0.656118076126	0.702632413333	0.688967971207	0.674686440795	0.672493093512	0.685288104897	0.673859266125	0.683345175351	0.690584171081	0.680397517066	0.670213898699	0.697458101211	0.661059697573
AD4	0.700334117513	0.653035873973	0.721134019637	0.679457872899	0.6775051802	0.66500231544	0.378311829673	0.0	0.613309381831	0.364909104759	0.690893022176	0.653332351256	0.708281217344	0.682054200206	0.684778410368	0.671590279009	0.709363588807	0.687294961488	0.773443605146	0.649294038478	0.704382288771	0.670492444009	0.695539266691	0.67833732016	0.715385616771	0.665996274616	0.676979491365	0.652672933795	0.687022403336	0.632321482823	0.712589097933	0.667308526396	0.689258327825	0.672894518817	0.674026906843	0.676282596882	0.680191958436	0.65652829195	0.632969727259	0.65176198092	0.639433150633	0.682035017544	0.677741716164	0.678012953898	0.692030780317	0.686411588289	0.701808132334	0.689633079466	0.672594806356	0.658585705761	0.709834957704	0.688261339829	0.665911481956	0.664448748318	0.669268286307	0.667296928461	0.687455728087	0.691633912567	0.682020085777	0.672227138187	0.680115097781	0.654046048318
AE3	0.66758084475	0.701312415218	0.720773417372	0.704735880845	0.675253475476	0.670021297943	0.676089113896	0.613309381831	0.0	0.661159686932	0.681797899541	0.699682249189	0.685702541773	0.716678924179	0.678525051815	0.688732378752	0.677886977641	0.701047874031	0.78061079574	0.692076072722	0.730520612749	0.729419089261	0.668507387518	0.698021502817	0.748973666039	0.698766214529	0.680493106284	0.712129884579	0.664441080864	0.680439236334	0.728206233812	0.717651616376	0.643959267668	0.72689912555	0.693224829144	0.694276976399	0.669795370678	0.688031201436	0.680632547595	0.717849762298	0.693118703815	0.66260280022	0.681820196133	0.690852706372	0.756480362412	0.742271958328	0.714229032005	0.730069818201	0.714385622615	0.717076080788	0.710566504196	0.732214771058	0.68578265973	0.703276453801	0.685669880149	0.719506740549	0.705866071244	0.734556664964	0.716469140776	0.713377502914	0.671395549086	0.725640296492
AE4	0.696682768684	0.656300802999	0.723644322633	0.687262067156	0.669406398635	0.678785837661	0.339602288705	0.364909104759	0.661159686932	0.0	0.699601328533	0.649023144617	0.706951387726	0.690493697227	0.685075655493	0.664877068996	0.711257639705	0.686537184086	0.770185945059	0.655532251111	0.716121587665	0.676600050288	0.705879574906	0.690972586088	0.727370144309	0.687254277329	0.698922179521	0.674905653727	0.711023353101	0.660059882312	0.718931803696	0.674431296037	0.700979723717	0.666277667953	0.694124340354	0.680030206792	0.687213239561	0.667292157699	0.623169892297	0.654804866499	0.635301489674	0.697379343506	0.693103331079	0.665731464197	0.703782695157	0.689478495935	0.694862623429	0.681411257272	0.683368536682	0.661466582906	0.699800178729	0.684472640096	0.668221490236	0.668542149832	0.679618474768	0.666611784692	0.692127572399	0.685445277595	0.679365891323	0.675109848451	0.673429368117	0.661005571066
AF3	0.644021315055	0.662310346828	0.692783462209	0.67263910606	0.687710482262	0.514504184475	0.704431782945	0.690893022176	0.681797899541	0.699601328533	0.0	0.57184004145	0.668593524972	0.682305273814	0.667002094064	0.656920855352	0.675952091773	0.692886580363	0.758027965733	0.666044924644	0.694281303603	0.716380233659	0.688055811828	0.69953976104	0.760390221428	0.709907478367	0.707863951434	0.714111868698	0.6979031662	0.681722399809	0.723509162589	0.693502785722	0.651418315283	0.687189571943	0.674473836992	0.676720878679	0.654703294844	0.647910147471	0.672684989398	0.689612678185	0.6811798075	0.682226302988	0.667505351532	0.659775628738	0.703511801705	0.677528274068	0.71195293196	0.711983952718	0.688522151198	0.720658725163	0.717099686638	0.716105941273	0.68316822763	0.694336969911	0.695532582852	0.710718752472	0.684167344806	0.704714772461	0.684223884229	0.714971156037	0.640879494485	0.708228933574
AF4	0.68511968885	0.649570852002	0.717427674951	0.685464402459	0.438868398561	0.416508056523	0.659653719981	0.653332351256	0.699682249189	0.649023144617	0.57184004145	0.0	0.686746660232	0.705545291977	0.680601258798	0.642727313771	0.691968960497	0.696165658564	0.7668724548	0.659680534426	0.717680152292	0.682413401211	0.708619360535	0.704380690585	0.731772210236	0.697541298559	0.706278362591	0.688719392867	0.706166528948	0.667117583423	0.752082234622	0.6891648276	0.669885332942	0.66044042948	0.687089619177	0.666931954538	0.68260992942	0.660547433883	0.651554796012	0.674024772351	0.649000412341	0.67669515082	0.678282112697	0.654907822428	0.6900879457	0.664561856876	0.713956768444	0.696297636491	0.686325463241	0.67101987114	0.690771523044	0.6797747186	0.662216393288	0.663860267485	0.664994993804	0.665369121724	0.687078000714	0.668059998443	0.678802674716	0.666681370216	0.658423390189	0.677499691879
AG3	0.660743651593	0.666197184441	0.706497266323	0.425340133784	0.683241984588	0.683846964183	0.716728927808	0.708281217344	0.685702541773	0.706951387726	0.668593524972	0.686746660232	0.0	0.567709371174	0.682927817481	0.655660791912	0.674331222659	0.703772289473	0.768056675695	0.69190018962	0.684527125039	0.708849894221	0.686221013555	0.694323137338	0.729633981871	0.696223404327	0.687437408551	0.711407011802	0.689878372291	0.694325000269	0.725962279182	0.705238853865	0.688738778631	0.69748093654	0.695282637871	0.687764734274	0.686169076952	0.684053668365	0.695072903831	0.708946180881	0.696661696444	0.663082131641	0.684134780993	0.676585052461	0.723602030215	0.717990629094	0.697562038206	0.702409791252	0.638066153701	0.698642161741	0.697990637327	0.707680767944	0.674960019379	0.688478354296	0.67522106688	0.687517073102	0.712519101831	0.721535855417	0.677989772739	0.679475875165	0.680289626062	0.696698779498
AG4	0.638249042091	0.634399889938	0.532273265746	0.471767437265	0.69293912365	0.697321021874	0.692113987931	0.682054200206	0.716678924179	0.690493697227	0.682305273814	0.705545291977	0.567709371174	0.0	0.67330495614	0.627475709781	0.720449361328	0.723576766348	0.744009552082	0.687649938045	0.703936914691	0.69364930508	0.695940239239	0.708842787982	0.709231153411	0.686863942804	0.675128169357	0.704101302822	0.689643429101	0.693880560481	0.752150845358	0.703989383781	0.706768321993	0.722644916173	0.694300918544	0.697887904699	0.690969508749	0.676961359859	0.696661197034	0.717497078865	0.701182344632	0.690353745286	0.697348687497	0.706389180608	0.74237177564	0.736829161765	0.716286725427	0.716376257391	0.650244880276	0.708020684585	0.706271081779	0.723508898896	0.688454468607	0.709453347967	0.715242873493	0.712278103051	0.711808740479	0.708089942945	0.69934468623	0.703062182523	0.68204346865	0.698360132888
AH3	0.676413307551	0.504209874341	0.67024678206	0.661777326836	0.670663603035	0.689359195921	0.695349309942	0.684778410368	0.678525051815	0.685075655493	0.667002094064	0.680601258798	0.682927817481	0.67330495614	0.0	0.549781906472	0.669207842288	0.690291399234	0.772404062866	0.689295901284	0.712784946246	0.709513309174	0.677411393099	0.706317973573	0.733038694554	0.690672777409	0.694620961653	0.704156896772	0.693876140108	0.69624670141	0.749290190288	0.697360727036	0.666433426221	0.713384786817	0.689270684078	0.683472955861	0.669276418136	0.678881320027	0.676836933627	0.703211815524	0.674689026572	0.684284557888	0.69596779874	0.67126151297	0.731881977743	0.717745317566	0.715985261215	0.689895359549	0.693752821217	0.713359768803	0.725437126592	0.72206760712	0.691998467703	0.686418346774	0.696143394931	0.695093618286	0.70425182291	0.70857234771	0.690446089137	0.688896787704	0.681219511104	0.687633109309
AH4	0.473281075456	0.362495102343	0.660317965337	0.622890596477	0.647331504772	0.64713490014	0.683841197015	0.671590279009	0.688732378752	0.664877068996	0.656920855352	0.642727313771	0.655660791912	0.627475709781	0.549781906472	0.0	0.689558878967	0.673222596791	0.760521701625	0.66681912333	0.704263329374	0.679770184137	0.683312425626	0.694899416392	0.730958570655	0.687306985374	0.675362703732	0.679504810883	0.693962035493	0.67048672941	0.741175787051	0.689988290662	0.67237956636	0.677468354582	0.67939537134	0.658658125458	0.666580329797	0.642475840931	0.656767512025	0.679062446533	0.63842797856	0.680350154749	0.67250342798	0.644972139081	0.701197190857	0.685849302312	0.682833987816	0.688532456854	0.636598935707	0.679926672993	0.674547970087	0.671449538782	0.63976245997	0.64341004344	0.666812681087	0.649414642776	0.657414577551	0.671204572234	0.665597165724	0.669806925561	0.650080834664	0.655805645765
AA7	0.685699498752	0.697603614779	0.70450189068	0.700373749988	0.665617925724	0.687594871271	0.709071431189	0.709363588807	0.677886977641	0.711257639705	0.675952091773	0.691968960497	0.674331222659	0.720449361328	0.669207842288	0.689558878967	0.0	0.540128204872	0.772895632118	0.672991012085	0.652905740839	0.686320804997	0.677202432146	0.698767786507	0.702533415097	0.698875296285	0.664004325651	0.692823156883	0.676213469662	0.668078041776	0.710198552415	0.553115515868	0.671825172454	0.730350188974	0.706421610093	0.72040285479	0.664947821671	0.692371941513	0.707025786853	0.74476033012	0.734624072324	0.695158779691	0.705349023144	0.706732528067	0.74873902078	0.716292260616	0.734682479004	0.731513721393	0.709312347534	0.740713692302	0.715647400029	0.747099911034	0.691208786605	0.699077770777	0.691293027974	0.714002598146	0.738259536659	0.740335497306	0.739375792537	0.729619935031	0.682468432994	0.712734350596
AA8	0.684424455984	0.686240291555	0.717362346509	0.693589073765	0.702284513732	0.691924842185	0.690726173907	0.687294961488	0.701047874031	0.686537184086	0.692886580363	0.696165658564	0.703772289473	0.723576766348	0.690291399234	0.673222596791	0.540128204872	0.0	0.771318480524	0.646350780121	0.644895041057	0.649274845361	0.675602502198	0.676592440189	0.703011074891	0.683907272227	0.68568719352	0.647796460173	0.659823644428	0.636403018105	0.535675051444	0.377475025742	0.68753288729	0.71278499492	0.716955962076	0.70406055109	0.68170343642	0.701079304555	0.695628894484	0.712721594078	0.696447088284	0.709734997096	0.696938578858	0.709832906028	0.729022970075	0.70465721147	0.715315996607	0.709342464743	0.709948321525	0.716944893762	0.716966783652	0.738759610048	0.683626686898	0.686308328092	0.687260826982	0.688664146268	0.734948535607	0.73374261808	0.734969629418	0.710685253379	0.701525397259	0.69466083625
AB7	0.764666291793	0.763346420447	0.69452523916	0.740436361996	0.746580175865	0.765310687665	0.770710394957	0.773443605146	0.78061079574	0.770185945059	0.758027965733	0.7668724548	0.768056675695	0.744009552082	0.772404062866	0.760521701625	0.772895632118	0.771318480524	0.0	0.562901727464	0.748721146932	0.766310963857	0.779183343808	0.798635609761	0.744484126759	0.775809012668	0.783615728767	0.773610771457	0.736560538647	0.630110864517	0.761345367515	0.754218282306	0.777084418636	0.787417315174	0.778779172665	0.786160693344	0.761844066671	0.773322390266	0.784622037868	0.795513209739	0.797002602961	0.731140411318	0.730931834088	0.771449016567	0.804222973899	0.801440126656	0.816704090184	0.819455766723	0.772638075201	0.801774412921	0.810481535208	0.806412771218	0.789894277164	0.796995727432	0.77997216074	0.796889664162	0.797613275919	0.792087126675	0.802285144685	0.799971533033	0.789418756482	0.80170929801
AB8	0.69419397447	0.662351652846	0.671587072292	0.677385049427	0.664690488046	0.659391404266	0.666406729406	0.649294038478	0.692076072722	0.655532251111	0.666044924644	0.659680534426	0.69190018962	0.687649938045	0.689295901284	0.66681912333	0.672991012085	0.646350780121	0.562901727464	0.0	0.658683388289	0.623907150634	0.683199004511	0.657666300886	0.671800943768	0.643240675469	0.654936978034	0.634956901444	0.527687075697	0.404614240062	0.692520917677	0.628221307324	0.682039849591	0.682175418381	0.684343842352	0.675415612607	0.66884920094	0.65828303585	0.664497985041	0.686465145169	0.670710688507	0.660656507459	0.663286199214	0.657056702013	0.71118474165	0.684617998285	0.723938448465	0.725205151131	0.681971104616	0.704886808025	0.701770691135	0.712844425713	0.671550763464	0.671597429137	0.683387690454	0.677114419446	0.707557948892	0.715801219193	0.703691812031	0.70616452399	0.677581497322	0.703176281042
AC7	0.708413992984	0.70557704765	0.710748646898	0.695632786714	0.723186327602	0.72301805383	0.71904538799	0.704382288771	0.730520612749	0.716121587665	0.694281303603	0.717680152292	0.684527125039	0.703936914691	0.712784946246	0.704263329374	0.652905740839	0.644895041057	0.748721146932	0.658683388289	0.0	0.511814355208	0.698256161062	0.688077686527	0.692750528179	0.689467468609	0.687138749925	0.554742454557	0.638814531843	0.64305014849	0.665676059762	0.654270394772	0.703191824496	0.701336703777	0.718653163866	0.734834738657	0.704145886946	0.718106406563	0.707805768475	0.736025278811	0.729761519503	0.729550664394	0.720665594793	0.707364865581	0.712317462069	0.689223561616	0.745356596323	0.763401875799	0.705610545925	0.74287340928	0.750349919654	0.750339051772	0.696205796616	0.682750613508	0.706926950071	0.708041182888	0.74726320431	0.738517662606	0.746283289969	0.72427237351	0.705369208177	0.730953859447
AC8	0.698006909886	0.674165685898	0.727087200381	0.687295123847	0.715630469592	0.699054009601	0.68131845459	0.670492444009	0.729419089261	0.676600050288	0.716380233659	0.682413401211	0.708849894221	0.69364930508	0.709513309174	0.679770184137	0.686320804997	0.649274845361	0.766310963857	0.623907150634	0.511814355208	0.0	0.697199035935	0.662717413189	0.698085995451	0.651537626387	0.474963232275	0.33264056821	0.657008139838	0.619012883618	0.699561866841	0.635136975032	0.708223237811	0.673536268597	0.709368438148	0.700632996006	0.695616980301	0.684717017193	0.672596043218	0.711520772454	0.679767832051	0.725655103442	0.700178990995	0.682268627091	0.686921184279	0.672099545477	0.719817688709	0.721698430846	0.684219272317	0.689109463506	0.69916105978	0.704873789623	0.66680598189	0.65869445108	0.691401434	0.669734644647	0.697931787617	0.696530036693	0.711305310661	0.70849783449	0.674571267224	0.686474765761
AD7	0.68046301731	0.684906324829	0.718019691028	0.696309639408	0.723997569562	0.70777053718	0.719924372197	0.695539266691	0.668507387518	0.705879574906	0.688055811828	0.708619360535	0.686221013555	0.695940239239	0.677411393099	0.683312425626	0.677202432146	0.675602502198	0.779183343808	0.683199004511	0.698256161062	0.697199035935	0.0	0.486911892678	0.718766969953	0.521130526055	0.680914222194	0.689602381213	0.661510362479	0.662905966785	0.704597140764	0.670138629824	0.653568306163	0.70684321641	0.727684875574	0.705751275851	0.684737167507	0.690534012174	0.690169165583	0.729496792235	0.707739662459	0.683643228813	0.697847024534	0.697504038525	0.685594297132	0.702674709147	0.713846574869	0.707025208547	0.677911529823	0.706508769524	0.691220605662	0.716829032905	0.67491829704	0.672831956531	0.666891869896	0.686952162505	0.700832198136	0.706347335193	0.69796607856	0.697422050767	0.672293836788	0.690273670318
AD8	0.711393619935	0.692577829342	0.740755864317	0.702352141242	0.730070136172	0.702468948168	0.70884288623	0.67833732016	0.698021502817	0.690972586088	0.69953976104	0.704380690585	0.694323137338	0.708842787982	0.706317973573	0.694899416392	0.698767786507	0.676592440189	0.798635609761	0.657666300886	0.688077686527	0.662717413189	0.486911892678	0.0	0.597265672603	0.389813352348	0.660136628526	0.650519438612	0.683318482575	0.656100162273	0.71167025043	0.669061805748	0.686600197062	0.694783501939	0.730659010692	0.715513470746	0.701018312491	0.696653848529	0.696187846363	0.72542502059	0.703216630605	0.706640814816	0.717432641351	0.692875936712	0.712937947293	0.698901911219	0.712618483055	0.710199384751	0.696958830649	0.722034651724	0.70793287616	0.724389867359	0.680500094724	0.669410491928	0.668406063516	0.688642496844	0.707956621213	0.717004519862	0.708969792026	0.710827230627	0.69140281717	0.705682655759
AE7	0.738569986176	0.727212712314	0.707329530264	0.721354627338	0.712905875869	0.755358385265	0.725410234228	0.715385616771	0.748973666039	0.727370144309	0.760390221428	0.731772210236	0.729633981871	0.709231153411	0.733038694554	0.730958570655	0.702533415097	0.703011074891	0.744484126759	0.671800943768	0.692750528179	0.698085995451	0.718766969953	0.597265672603	0.0	0.50401115743	0.718257657329	0.706527435056	0.702434757924	0.698672874218	0.733363299858	0.695180251533	0.734956317942	0.757805842736	0.740200055474	0.752473297739	0.724487515737	0.754247228303	0.748719404377	0.755603657707	0.762038758196	0.749094681298	0.743438519238	0.73281890825	0.760640562227	0.762604183756	0.766864372682	0.781045940528	0.731783391629	0.767549612	0.764528148577	0.788594817851	0.741604924853	0.744817483598	0.738229334663	0.751245590021	0.780625615698	0.778620390384	0.778253167347	0.760035842154	0.75509508557	0.7697783177
AE8	0.706510936517	0.683750723512	0.71917728938	0.701597229775	0.711849411112	0.713709598149	0.687346598965	0.665996274616	0.698766214529	0.687254277329	0.709907478367	0.697541298559	0.696223404327	0.686863942804	0.690672777409	0.687306985374	0.698875296285	0.683907272227	0.775809012668	0.643240675469	0.689467468609	0.651537626387	0.521130526055	0.389813352348	0.50401115743	0.0	0.651732408034	0.653948905461	0.664856814715	0.653231689658	0.711209186644	0.672965367612	0.687187218461	0.702960883353	0.715638865138	0.706597454491	0.70901741731	0.699945105252	0.697309461287	0.7224038662	0.710852966136	0.693858335788	0.707923524387	0.689645505631	0.715931590789	0.702781904085	0.712658492418	0.707092101849	0.694923301208	0.71092807749	0.70720323951	0.729034154656	0.68196101919	0.669004053238	0.686273824298	0.692311532005	0.713406539107	0.72115321581	0.704926521168	0.69716518696	0.686019745001	0.7089477047
AF7	0.68268298734	0.669234626435	0.713663851736	0.682871159596	0.716571004541	0.686686531102	0.693134067793	0.676979491365	0.680493106284	0.698922179521	0.707863951434	0.706278362591	0.687437408551	0.675128169357	0.694620961653	0.675362703732	0.664004325651	0.68568719352	0.783615728767	0.654936978034	0.687138749925	0.474963232275	0.680914222194	0.660136628526	0.718257657329	0.651732408034	0.0	0.454556772862	0.669190214608	0.646697987943	0.728218048851	0.671382935161	0.669628207248	0.712926590095	0.69116982773	0.690521593778	0.690791857963	0.684959168	0.676541332616	0.711813766326	0.67745815904	0.695062951179	0.71156052615	0.686093122444	0.733787069732	0.715460371283	0.706114932212	0.708007939659	0.68467999046	0.706981671688	0.697221225776	0.721565370024	0.678039600956	0.664424103432	0.683978332411	0.693543796106	0.678768885447	0.714081865673	0.698717423405	0.721651656161	0.664451439068	0.688779236371
AF8	0.699397920899	0.668540166273	0.73578167052	0.689976956533	0.721007120121	0.683574745903	0.67392854958	0.652672933795	0.712129884579	0.674905653727	0.714111868698	0.688719392867	0.711407011802	0.704101302822	0.704156896772	0.679504810883	0.692823156883	0.647796460173	0.773610771457	0.634956901444	0.554742454557	0.33264056821	0.689602381213	0.650519438612	0.706527435056	0.653948905461	0.454556772862	0.0	0.663437749649	0.60713033501	0.7013236011	0.632103133289	0.693484317976	0.682371901374	0.703832196521	0.695556906881	0.694951491329	0.684796854589	0.674856719123	0.71235787645	0.676883072707	0.714771020011	0.710927049972	0.688114884557	0.690807711027	0.676098456901	0.716438618906	0.709795325264	0.682608482062	0.69234284556	0.695300261376	0.703284901181	0.662518311535	0.651710465477	0.682130894022	0.66467481583	0.6813192882	0.695512926721	0.707285404709	0.708660246209	0.674689877804	0.683149218278
AG7	0.687931954651	0.688116445356	0.685337573778	0.687512013799	0.709780564559	0.711840584818	0.722700953489	0.687022403336	0.664441080864	0.711023353101	0.6979031662	0.706166528948	0.689878372291	0.689643429101	0.693876140108	0.693962035493	0.676213469662	0.659823644428	0.736560538647	0.527687075697	0.638814531843	0.657008139838	0.661510362479	0.683318482575	0.702434757924	0.664856814715	0.669190214608	0.663437749649	0.0	0.485769501079	0.68881944617	0.661706268759	0.68161616852	0.709039543847	0.703526218195	0.675342444437	0.657692083838	0.67758650034	0.691701205862	0.705405276963	0.687368768796	0.677144760878	0.681819811155	0.672502461512	0.725583635892	0.701695185013	0.728797554457	0.721248647139	0.688729537706	0.709308241059	0.691102441148	0.733587404226	0.662213640183	0.686320818911	0.682139628402	0.684077852119	0.70538614624	0.722100432183	0.697871844821	0.700568296967	0.670466905549	0.715545208384
AG8	0.690656459959	0.672093110005	0.698523935673	0.678365645123	0.684068193177	0.658649344146	0.660533150714	0.632321482823	0.680439236334	0.660059882312	0.681722399809	0.667117583423	0.694325000269	0.693880560481	0.69624670141	0.67048672941	0.668078041776	0.636403018105	0.630110864517	0.404614240062	0.64305014849	0.619012883618	0.662905966785	0.656100162273	0.698672874218	0.653231689658	0.646697987943	0.60713033501	0.485769501079	0.0	0.692759635961	0.617067941707	0.665155625157	0.681644009329	0.673065382705	0.663200859717	0.647034672511	0.651642429955	0.660919748414	0.683653984165	0.663222379322	0.660376030248	0.66927654943	0.658152000797	0.700898563552	0.669434917813	0.712081704632	0.70227525258	0.671344144466	0.693619738627	0.686353284076	0.702646221131	0.653564031605	0.66090712743	0.667096860841	0.670670222401	0.666332860161	0.698575336711	0.690792277706	0.692684652449	0.659891824536	0.693393499171
AH7	0.743334526359	0.746323387646	0.73160368173	0.733460663948	0.759393818656	0.749003192751	0.724849186067	0.712589097933	0.728206233812	0.718931803696	0.723509162589	0.752082234622	0.725962279182	0.752150845358	0.749290190288	0.741175787051	0.710198552415	0.535675051444	0.761345367515	0.692520917677	0.665676059762	0.699561866841	0.704597140764	0.71167025043	0.733363299858	0.711209186644	0.728218048851	0.7013236011	0.68881944617	0.692759635961	0.0	0.530572615019	0.714554144778	0.759177521505	0.769075869638	0.768462458424	0.740902071581	0.761760059081	0.748050917535	0.760945258788	0.759281439622	0.760830795944	0.750181127083	0.745025288701	0.770806387212	0.763602110911	0.769505363922	0.759712569156	0.760413422522	0.769330778017	0.781389907468	0.787970498354	0.735179628142	0.732178232387	0.733251275744	0.734453580116	0.775145395187	0.800471701534	0.779575833049	0.760072458313	0.754141254599	0.75459242621
AH8	0.69792300564	0.675965288513	0.72183906615	0.688838618786	0.704907399325	0.681021957095	0.682473022129	0.667308526396	0.717651616376	0.674431296037	0.693502785722	0.6891648276	0.705238853865	0.703989383781	0.697360727036	0.689988290662	0.553115515868	0.377475025742	0.754218282306	0.628221307324	0.654270394772	0.635136975032	0.670138629824	0.669061805748	0.695180251533	0.672965367612	0.671382935161	0.632103133289	0.661706268759	0.617067941707	0.530572615019	0.0	0.675135272898	0.70773376086	0.704942905112	0.704270585693	0.682970156966	0.691383106376	0.67887367853	0.698805457042	0.684040387053	0.709857387398	0.696256584363	0.700867501827	0.711040575388	0.701788996804	0.713117232931	0.703610299674	0.704137995516	0.711577147985	0.722598590303	0.725063381982	0.679614146067	0.67874526789	0.679887720822	0.681964179724	0.734709411819	0.73558773635	0.729052491729	0.710526873767	0.6957220607	0.685361057355
AA5	0.663940172841	0.669501111459	0.699127434489	0.694830899754	0.68290673829	0.645522336302	0.707494063634	0.689258327825	0.643959267668	0.700979723717	0.651418315283	0.669885332942	0.688738778631	0.706768321993	0.666433426221	0.67237956636	0.671825172454	0.68753288729	0.777084418636	0.682039849591	0.703191824496	0.708223237811	0.653568306163	0.686600197062	0.734956317942	0.687187218461	0.669628207248	0.693484317976	0.68161616852	0.665155625157	0.714554144778	0.675135272898	0.0	0.598043488481	0.674356397716	0.681763537119	0.656555165956	0.640640763528	0.671371167045	0.716941212593	0.691803013307	0.632986510606	0.658711890507	0.663665180188	0.717691483123	0.666358888848	0.698735188104	0.701396335365	0.684662086279	0.714105376255	0.708433113665	0.714577998525	0.657019011984	0.679831999983	0.67027842783	0.694014765952	0.645519717471	0.704924782719	0.682869615492	0.696462604048	0.645915438592	0.702206970814
AA6	0.692888257343	0.671182018805	0.753160155197	0.699536541162	0.702647005387	0.68388795055	0.674814465372	0.672894518817	0.72689912555	0.666277667953	0.687189571943	0.66044042948	0.69748093654	0.722644916173	0.713384786817	0.677468354582	0.730350188974	0.71278499492	0.787417315174	0.682175418381	0.701336703777	0.673536268597	0.70684321641	0.694783501939	0.757805842736	0.702960883353	0.712926590095	0.682371901374	0.709039543847	0.681644009329	0.759177521505	0.70773376086	0.598043488481	0.0	0.693777757802	0.675768201455	0.656948532097	0.628367194205	0.66706233632	0.687886609984	0.657756333674	0.681765333573	0.669134992508	0.661264265822	0.468273144846	0.422348699751	0.687968649842	0.70028017615	0.670232487514	0.675477291705	0.690343709343	0.676066929537	0.662791551289	0.682076407075	0.692065024402	0.674073649134	0.674142857268	0.683983864441	0.678485681115	0.686395810591	0.651221268814	0.679235687234
AB5	0.683194825198	0.665866875253	0.693358659471	0.680413411925	0.68854883848	0.65960605914	0.664882511282	0.674026906843	0.693224829144	0.694124340354	0.674473836992	0.687089619177	0.695282637871	0.694300918544	0.689270684078	0.67939537134	0.706421610093	0.716955962076	0.778779172665	0.684343842352	0.718653163866	0.709368438148	0.727684875574	0.730659010692	0.740200055474	0.715638865138	0.69116982773	0.703832196521	0.703526218195	0.673065382705	0.769075869638	0.704942905112	0.674356397716	0.693777757802	0.0	0.443143907297	0.643349780931	0.659473294316	0.655471948682	0.638118298798	0.646203899563	0.681267945803	0.686870695075	0.65542815882	0.71197810156	0.700029269157	0.68055362518	0.707766414316	0.668125199723	0.707206977736	0.708755984655	0.696107351734	0.653891980987	0.677500933555	0.702199362724	0.681178936129	0.700879997886	0.701517284486	0.711353993039	0.719110424138	0.651882465787	0.695919935148
AB6	0.668354441946	0.653155757574	0.710234549254	0.666093545962	0.675650024729	0.670230415485	0.669641141468	0.676282596882	0.694276976399	0.680030206792	0.676720878679	0.666931954538	0.687764734274	0.697887904699	0.683472955861	0.658658125458	0.72040285479	0.70406055109	0.786160693344	0.675415612607	0.734834738657	0.700632996006	0.705751275851	0.715513470746	0.752473297739	0.706597454491	0.690521593778	0.695556906881	0.675342444437	0.663200859717	0.768462458424	0.704270585693	0.681763537119	0.675768201455	0.443143907297	0.0	0.658362227202	0.653530297761	0.642710384319	0.642771975498	0.629494084327	0.679138015628	0.662460723069	0.582582661667	0.69791467129	0.682867897704	0.661189213953	0.669449095209	0.655501714552	0.65624746977	0.682056210514	0.671821395813	0.654149440105	0.655466194893	0.670208519633	0.664483174665	0.670229385862	0.66714266668	0.66136992065	0.662502897689	0.652642221298	0.657041063163
AC5	0.648196204317	0.65693960575	0.693012816171	0.673025958112	0.687806882225	0.667305896067	0.676046209622	0.680191958436	0.669795370678	0.687213239561	0.654703294844	0.68260992942	0.686169076952	0.690969508749	0.669276418136	0.666580329797	0.664947821671	0.68170343642	0.761844066671	0.66884920094	0.704145886946	0.695616980301	0.684737167507	0.701018312491	0.724487515737	0.70901741731	0.690791857963	0.694951491329	0.657692083838	0.647034672511	0.740902071581	0.682970156966	0.656555165956	0.656948532097	0.643349780931	0.658362227202	0.0	0.476801490692	0.641224498387	0.669048685702	0.661796788896	0.666959858626	0.59649627016	0.628727969521	0.67569313355	0.652965137325	0.656279799309	0.69824180434	0.617019099622	0.674326299516	0.668134107391	0.666046376408	0.627970933298	0.649077881798	0.632531740894	0.650830298095	0.653281934397	0.65955696796	0.658419224521	0.678422179912	0.628014042745	0.670293078977
AC6	0.650402863404	0.631510016182	0.707146452712	0.66325934941	0.666474905168	0.648476705134	0.657937142363	0.65652829195	0.688031201436	0.667292157699	0.647910147471	0.660547433883	0.684053668365	0.676961359859	0.678881320027	0.642475840931	0.692371941513	0.701079304555	0.773322390266	0.65828303585	0.718106406563	0.684717017193	0.690534012174	0.696653848529	0.754247228303	0.699945105252	0.684959168	0.684796854589	0.67758650034	0.651642429955	0.761760059081	0.691383106376	0.640640763528	0.628367194205	0.659473294316	0.653530297761	0.476801490692	0.0	0.637287262286	0.652292675398	0.636623947851	0.582355331927	0.503331858198	0.612407711293	0.680014311664	0.646152086399	0.666423065524	0.676034504986	0.624039454362	0.651617650481	0.654050897204	0.652822587555	0.636106926623	0.654828375325	0.659075836176	0.659563366393	0.624638787956	0.648462785319	0.63918826531	0.658342245831	0.628739402292	0.660090003019
AD6	0.667757671588	0.635496975766	0.7337952439	0.687808163332	0.663341789096	0.644218306118	0.623744430691	0.632969727259	0.680632547595	0.623169892297	0.672684989398	0.651554796012	0.695072903831	0.696661197034	0.676836933627	0.656767512025	0.707025786853	0.695628894484	0.784622037868	0.664497985041	0.707805768475	0.672596043218	0.690169165583	0.696187846363	0.748719404377	0.697309461287	0.676541332616	0.674856719123	0.691701205862	0.660919748414	0.748050917535	0.67887367853	0.671371167045	0.66706233632	0.655471948682	0.642710384319	0.641224498387	0.637287262286	0.0	0.538176536114	0.428969000015	0.655784753427	0.638119098402	0.642629366116	0.672977527913	0.667802545449	0.660179263656	0.651639893343	0.634428258377	0.646279300695	0.682600301427	0.659537129647	0.638880222137	0.644458106303	0.650378710679	0.636694652441	0.647956349297	0.69128144851	0.635131481095	0.633188880714	0.621644044116	0.635726840963
AE5	0.695353196811	0.670321076738	0.738812711627	0.690063081036	0.677599239515	0.673367624291	0.640673506482	0.65176198092	0.717849762298	0.654804866499	0.689612678185	0.674024772351	0.708946180881	0.717497078865	0.703211815524	0.679062446533	0.74476033012	0.712721594078	0.795513209739	0.686465145169	0.736025278811	0.711520772454	0.729496792235	0.72542502059	0.755603657707	0.7224038662	0.711813766326	0.71235787645	0.705405276963	0.683653984165	0.760945258788	0.698805457042	0.716941212593	0.687886609984	0.638118298798	0.642771975498	0.669048685702	0.652292675398	0.538176536114	0.0	0.390278356328	0.70519814947	0.675733217935	0.653874945851	0.690899497684	0.682688824783	0.692600024771	0.704534589792	0.669092483044	0.659536603221	0.696478200667	0.689031390293	0.648395390128	0.662561616651	0.684064710419	0.6621044637	0.678503244562	0.701869246522	0.677283838104	0.669146977928	0.655462242195	0.677048202501
AE6	0.663269140516	0.615810097299	0.744001798319	0.689558586854	0.667996875808	0.663886476157	0.63392124074	0.639433150633	0.693118703815	0.635301489674	0.6811798075	0.649000412341	0.696661696444	0.701182344632	0.674689026572	0.63842797856	0.734624072324	0.696447088284	0.797002602961	0.670710688507	0.729761519503	0.679767832051	0.707739662459	0.703216630605	0.762038758196	0.710852966136	0.67745815904	0.676883072707	0.687368768796	0.663222379322	0.759281439622	0.684040387053	0.691803013307	0.657756333674	0.646203899563	0.629494084327	0.661796788896	0.636623947851	0.428969000015	0.390278356328	0.0	0.667875369666	0.655538877234	0.627893883838	0.668540469644	0.658188931362	0.668780014004	0.657931968688	0.646246438224	0.634105768475	0.678033125934	0.660480157089	0.619350369426	0.633171583007	0.659190938297	0.63182527504	0.652993615553	0.686879270401	0.63880728629	0.637314870764	0.629946991972	0.632114544238
AF5	0.685241156117	0.670751000622	0.709043470431	0.671982876312	0.657478954144	0.670194162232	0.685937186623	0.682035017544	0.66260280022	0.697379343506	0.682226302988	0.67669515082	0.663082131641	0.690353745286	0.684284557888	0.680350154749	0.695158779691	0.709734997096	0.731140411318	0.660656507459	0.729550664394	0.725655103442	0.683643228813	0.706640814816	0.749094681298	0.693858335788	0.695062951179	0.714771020011	0.677144760878	0.660376030248	0.760830795944	0.709857387398	0.632986510606	0.681765333573	0.681267945803	0.679138015628	0.666959858626	0.582355331927	0.655784753427	0.70519814947	0.667875369666	0.0	0.480907978323	0.65021946632	0.723188806296	0.700701493374	0.706122696339	0.70655879774	0.666039492138	0.680296276501	0.695016754443	0.719044045229	0.684250049553	0.703852613252	0.703213954406	0.700742391461	0.672281821695	0.723831970011	0.666613681751	0.666384575982	0.652614331127	0.689113044839
AF6	0.677400466465	0.668752788451	0.718994940927	0.671063300558	0.659123014741	0.666398144275	0.680284476556	0.677741716164	0.681820196133	0.693103331079	0.667505351532	0.678282112697	0.684134780993	0.697348687497	0.69596779874	0.67250342798	0.705349023144	0.696938578858	0.730931834088	0.663286199214	0.720665594793	0.700178990995	0.697847024534	0.717432641351	0.743438519238	0.707923524387	0.71156052615	0.710927049972	0.681819811155	0.66927654943	0.750181127083	0.696256584363	0.658711890507	0.669134992508	0.686870695075	0.662460723069	0.59649627016	0.503331858198	0.638119098402	0.675733217935	0.655538877234	0.480907978323	0.0	0.645085388069	0.708539649839	0.682092977545	0.679262345296	0.685860478662	0.655050039046	0.661747194917	0.69213156857	0.698757497604	0.660787158064	0.686021932395	0.679424003537	0.689311168982	0.663018823891	0.691882455876	0.664803214029	0.659598711539	0.649039599363	0.676017648125
