	AA3	AA4	AB3	AB4	AC3	AC4	AD3	AD4	AE3	AE4	AF3	AF4	AG3	AG4	AH3	AH4	AA7	AA8	AB7	AB8	AC7	AC8	AD7	AD8	AE7	AE8	AF7	AF8	AG7	AG8	AH7	AH8	AA5	AA6	AB5	AB6	AC5	AC6	AD6	AE5	AE6	AF5	AF6	AG5	AH5	AH6	AA1	AA2	AB1	AB2	AC1	AC2	AD1	AD2	AE1	AE2	AF1	AF2	AG1	AG2	AH1	AH2
AA3	0.0	0.507868265493	0.693078278234	0.625659363262	0.675162768387	0.655074367419	0.692983748347	0.690686099441	0.661247466426	0.705868697462	0.638438590558	0.682381626614	0.645784430628	0.65505853077	0.694302735051	0.515631811967	0.690179087314	0.681252926771	0.758387006548	0.68685097834	0.693108375019	0.694320700772	0.673464207513	0.699677391441	0.727052354537	0.706654651384	0.67666526272	0.694311642936	0.689441101022	0.678352571203	0.74125412424	0.695689385684	0.655426294191	0.691614204481	0.675257156495	0.679736785573	0.633769891852	0.662183132545	0.681882235231	0.695720079579	0.682172158467	0.683436521659	0.647739102447	0.655776686644	0.705863447994	0.692246766389	0.654767095668	0.680368030231	0.649816902742	0.693916453688	0.677482136604	0.67909974089	0.643790327833	0.675885198281	0.665391009953	0.670316113943	0.662908997792	0.675171828698	0.658930401759	0.701256792048	0.65697168924	0.68370729392
AA4	0.507868265493	0.0	0.732961039527	0.636835904789	0.659793997454	0.649388351575	0.665562850961	0.64618378343	0.666431265861	0.669516503286	0.651769341026	0.661450442617	0.665125176378	0.639806673467	0.507726782216	0.367848981528	0.684858492027	0.68342146149	0.774607651092	0.693740650191	0.708037734296	0.673984078813	0.683617863766	0.686942839495	0.734214923622	0.681130722217	0.665652987669	0.666695152291	0.690167670604	0.673840003244	0.745340988727	0.689917838539	0.665678482022	0.677120347559	0.665929017104	0.641154748228	0.652632910021	0.639843795021	0.647166815617	0.671047172672	0.649793554031	0.674545726126	0.650179199248	0.643709288334	0.694142173906	0.68043584373	0.659995502152	0.665300063944	0.657463924768	0.656518567505	0.655442939904	0.664854241958	0.648308100921	0.656744813062	0.661192818871	0.663758418789	0.642539959527	0.655229132672	0.638322225954	0.664994609847	0.653734618103	0.634034099236
AB3	0.693078278234	0.732961039527	0.0	0.669258586328	0.73903491712	0.747473981208	0.76838643504	0.767131984294	0.724089623573	0.784701760963	0.725674931047	0.755276472161	0.742493932805	0.595068774872	0.712845432105	0.7404802033	0.740163760242	0.763996561479	0.728185646614	0.718443128732	0.756098079889	0.774947469857	0.739015860126	0.768960643641	0.751368789561	0.764184853753	0.738509899174	0.763938741357	0.721007681011	0.731609819914	0.783552449354	0.77407050017	0.730902553857	0.80231511213	0.723220665493	0.752223264962	0.733787278739	0.743988486797	0.792165053517	0.769293916784	0.784593303659	0.723928263417	0.727885536516	0.757318511744	0.808607141457	0.797582940777	0.781521064157	0.779729493057	0.741261972796	0.79274310373	0.767891180487	0.772448472794	0.76095070726	0.773301679096	0.751687550255	0.782156332099	0.775356664526	0.786905354037	0.776005302094	0.788384094213	0.751350393671	0.775590334527
AB4	0.625659363262	0.636835904789	0.669258586328	0.0	0.679352630153	0.689591576516	0.707519656461	0.701451795677	0.694484078814	0.702000578401	0.669919884381	0.689973955866	0.425498705953	0.45825115436	0.679841263907	0.650464109186	0.699230174339	0.690821251913	0.749256366821	0.678154971806	0.695890349709	0.689489586972	0.67445903447	0.706472799275	0.72443357835	0.697506945323	0.672682758179	0.67935581373	0.670648837175	0.678605271239	0.737551301658	0.699632766831	0.688521148269	0.707615419996	0.693572727123	0.694050191081	0.675297002754	0.661122361465	0.685536969764	0.702445508649	0.704019275806	0.675033068154	0.657507742994	0.691733183661	0.725039969958	0.721876311081	0.696642469608	0.704989341774	0.650419302177	0.695057039154	0.690416984536	0.700054355342	0.67656734782	0.678541644641	0.694800975822	0.687589047829	0.698487137945	0.709601755818	0.699047170602	0.705167771926	0.679511736354	0.692940276027
AC3	0.675162768387	0.659793997454	0.73903491712	0.679352630153	0.0	0.557075606375	0.693696248212	0.689907568102	0.677512714254	0.678178655008	0.673184361612	0.486680772784	0.696929015041	0.698613185821	0.671465777396	0.672533630745	0.681259818159	0.692348622714	0.749836157094	0.681378224289	0.724408907138	0.714930551388	0.717619143824	0.723884995546	0.718999678812	0.721963930529	0.712433237196	0.705050175879	0.710515778022	0.688680845245	0.757658696871	0.702641162814	0.667716503478	0.714647554243	0.685467978364	0.664952527758	0.682494076102	0.670005515678	0.683256601229	0.679699126914	0.6819545965	0.654239833368	0.64432980404	0.664937722973	0.7352915213	0.713991616062	0.719520806903	0.699828673319	0.696532671123	0.703095825991	0.708807306534	0.712104813426	0.701054444243	0.694750076572	0.679258620206	0.688075814623	0.690648245873	0.687831415157	0.689169328664	0.690668343384	0.685593939921	0.693739397038
AC4	0.655074367419	0.649388351575	0.747473981208	0.689591576516	0.557075606375	0.0	0.690617801259	0.681627121639	0.67418263923	0.679418979207	0.487069906218	0.427725878512	0.684766832657	0.682695718953	0.69164162288	0.651948793616	0.70070983201	0.696028782499	0.779234175243	0.685555505262	0.720191536108	0.707590225005	0.712641179612	0.707412692648	0.75759577723	0.716428371806	0.699029075668	0.703061398065	0.711854424258	0.674789993836	0.753702427725	0.699757489179	0.665640151389	0.683332985768	0.660748294662	0.659851223602	0.676366052574	0.674736920053	0.685884427743	0.673342166502	0.662963252338	0.67509218452	0.668581083176	0.647133278022	0.700334298625	0.676482788087	0.710396815301	0.688529883994	0.708938813517	0.703215378074	0.693005273287	0.694990356899	0.70378206762	0.704381490875	0.713725011829	0.707403616527	0.680728041556	0.694694294448	0.680174722537	0.707388441701	0.672805969085	0.697873810176
AD3	0.692983748347	0.665562850961	0.76838643504	0.707519656461	0.693696248212	0.690617801259	0.0	0.401896461935	0.659523809524	0.33320050199	0.706953932951	0.665831357065	0.705856958955	0.688764325274	0.695202261013	0.661771327112	0.716780175436	0.697650192547	0.782761571696	0.67852781449	0.717832380931	0.688221318313	0.707595523993	0.689505092799	0.733572773685	0.680798499787	0.68956894561	0.691045316448	0.710154530121	0.680616818875	0.726000820928	0.697459280205	0.711690172518	0.667933666268	0.67072209588	0.662146808008	0.682855439265	0.651906507368	0.625083425614	0.658012889658	0.626673919855	0.689337382498	0.675003596235	0.661800294836	0.690319666678	0.679329360726	0.686878508274	0.660954819295	0.670817125001	0.649518287754	0.699466040893	0.689614324865	0.660760756922	0.678741013455	0.675448801592	0.676971532421	0.664480713325	0.694012986776	0.68296068893	0.661245625075	0.708921948235	0.656471365962
AD4	0.690686099441	0.64618378343	0.767131984294	0.701451795677	0.689907568102	0.681627121639	0.401896461935	0.0	0.601977294931	0.399643913511	0.698324574827	0.660369813506	0.702613856394	0.686427831286	0.688691219769	0.640428203847	0.704235067434	0.669067739564	0.796706556642	0.661609415669	0.712826959658	0.661014677359	0.688634437298	0.668397086535	0.736767959431	0.670953005424	0.665643724911	0.659264539885	0.659551803796	0.662139730451	0.703580566796	0.661567105008	0.680292236098	0.674474667299	0.69257732422	0.673350067407	0.682789929149	0.665352687814	0.638456350517	0.671942523104	0.638024101379	0.701144497257	0.684223218972	0.66183398123	0.696686253138	0.675317496126	0.67850269927	0.659208229463	0.683052623622	0.661253000031	0.6946828065	0.684938867518	0.65629209726	0.677109964578	0.684052237502	0.673226712948	0.671205761637	0.688785341983	0.676781252339	0.672420565652	0.69844274416	0.64538228692
AE3	0.661247466426	0.666431265861	0.724089623573	0.694484078814	0.677512714254	0.67418263923	0.659523809524	0.601977294931	0.0	0.630446539779	0.658749319794	0.668903564079	0.683891513134	0.694776567849	0.67000189849	0.664464488554	0.659627092601	0.683490195666	0.775198991811	0.687284517723	0.726945354166	0.718313690715	0.65871802756	0.680362003016	0.753884136255	0.695212286173	0.667574038654	0.697258550199	0.668468851303	0.685143385773	0.732849573999	0.679595408727	0.620993926782	0.70444063698	0.686736115674	0.707200214142	0.641804920987	0.675255613873	0.686493919718	0.690399980083	0.689418894712	0.662160273235	0.668081616432	0.675178762498	0.721780029409	0.704038913343	0.698346435104	0.720013600872	0.700994352387	0.709430776054	0.705916917948	0.720306965137	0.6694745661	0.690845898327	0.653858268739	0.690744155814	0.672476474664	0.71745724472	0.705504352353	0.71455652991	0.670788675934	0.724644404178
AE4	0.705868697462	0.669516503286	0.784701760963	0.702000578401	0.678178655008	0.679418979207	0.33320050199	0.399643913511	0.630446539779	0.0	0.699447637559	0.656669159026	0.716858841624	0.697849225969	0.704134386062	0.661163722105	0.708642633087	0.690629684293	0.781241634816	0.659344799167	0.719433996067	0.682573017185	0.710815935398	0.695620431523	0.737987555887	0.683405353584	0.682818724552	0.678621996074	0.687504826002	0.652440977883	0.7246413247	0.677548693941	0.700489702183	0.660369906906	0.677283002669	0.66868604921	0.684526184794	0.651509665999	0.63176842848	0.654802720537	0.623049356959	0.707353109586	0.680898025619	0.661994783496	0.697413727685	0.690616144665	0.691606481031	0.671298799011	0.683847009704	0.659946903001	0.694504137635	0.690666632183	0.673270332182	0.680782050422	0.675027044507	0.686884682181	0.665226440791	0.690143554059	0.680765914571	0.671570913235	0.698984323568	0.648862245967
AF3	0.638438590558	0.651769341026	0.725674931047	0.669919884381	0.673184361612	0.487069906218	0.706953932951	0.698324574827	0.658749319794	0.699447637559	0.0	0.563182308818	0.66243025457	0.686844820462	0.680542147202	0.661710100151	0.667189526397	0.668142855903	0.752923891278	0.675482690391	0.679405593466	0.708181634517	0.668898556045	0.689513805861	0.761023641445	0.713127414734	0.686281749737	0.711249595327	0.688987616177	0.664900838939	0.715803283536	0.684701852506	0.637252893216	0.686594136449	0.663609300903	0.668345170461	0.638442908638	0.670175924247	0.699922486921	0.695982262617	0.692305337802	0.670188521	0.649744005298	0.666206830102	0.70011777736	0.691391313685	0.705459858768	0.695434968347	0.68999346464	0.708443817094	0.703095747184	0.699226179809	0.685117587082	0.687570685791	0.693500886119	0.709134650885	0.661780374185	0.717911394176	0.671866907594	0.714013545781	0.655076882867	0.697792327113
AF4	0.682381626614	0.661450442617	0.755276472161	0.689973955866	0.486680772784	0.427725878512	0.665831357065	0.660369813506	0.668903564079	0.656669159026	0.563182308818	0.0	0.700187753961	0.694202875013	0.699958191858	0.644392584711	0.696339896991	0.681262495982	0.784109861671	0.688631727715	0.719603409949	0.696145666398	0.726150800473	0.718691294141	0.751979359883	0.70805728993	0.693039671502	0.690836696895	0.719160905521	0.687594807683	0.76043301761	0.685800407974	0.664225346593	0.674388335213	0.671996899367	0.678349294279	0.684730397124	0.662732965023	0.681436133029	0.66479505166	0.660648429603	0.667412636978	0.668483401046	0.665289391661	0.695658730374	0.670918420609	0.712399475281	0.685628999178	0.692698125506	0.680285486484	0.692586198129	0.690998759713	0.662930128157	0.686825137685	0.693136689858	0.693770693021	0.670916396141	0.685068169292	0.682348409873	0.681422647917	0.676539067581	0.685472258267
AG3	0.645784430628	0.665125176378	0.742493932805	0.425498705953	0.696929015041	0.684766832657	0.705856958955	0.702613856394	0.683891513134	0.716858841624	0.66243025457	0.700187753961	0.0	0.543146248008	0.676685202952	0.670664752392	0.669261947172	0.673510507136	0.766449181807	0.695575144382	0.67886641516	0.70376940286	0.67270652203	0.694998192162	0.726691206884	0.698740184325	0.674195930385	0.698026650611	0.677328759553	0.69463609138	0.731414428502	0.69293242597	0.683384110391	0.702370735398	0.690370399512	0.695456870041	0.680583148238	0.667287607739	0.686816500244	0.709414851384	0.703301488929	0.679666013227	0.671868768767	0.671374261847	0.708827929175	0.697386133541	0.699615270177	0.707639053339	0.661719344467	0.702044743296	0.696433644308	0.709747831965	0.667247099678	0.68540218464	0.69515764792	0.68703822728	0.701410918122	0.722442846545	0.70030331278	0.706247338282	0.687932804299	0.711452436249
AG4	0.65505853077	0.639806673467	0.595068774872	0.45825115436	0.698613185821	0.682695718953	0.688764325274	0.686427831286	0.694776567849	0.697849225969	0.686844820462	0.694202875013	0.543146248008	0.0	0.661304113396	0.649283988523	0.718289880285	0.728800258374	0.749225537299	0.694896635019	0.717788013218	0.699500356323	0.692450139645	0.708612054354	0.722150901999	0.706645614368	0.671812541645	0.688488062623	0.689589446319	0.702356449475	0.755536691038	0.737319970834	0.693678283504	0.741622500148	0.68178616634	0.686306115776	0.679164737044	0.674695657066	0.688671131731	0.697468281285	0.707733671052	0.677275244462	0.667730058867	0.691630844452	0.744930421499	0.736311291879	0.711084581885	0.711827623173	0.670956293764	0.697628378974	0.700483889627	0.715710339203	0.714034302454	0.705934788796	0.704215227836	0.717478298113	0.706679039157	0.715404983734	0.700607959704	0.701358771841	0.709297813116	0.693724679202
AH3	0.694302735051	0.507726782216	0.712845432105	0.679841263907	0.671465777396	0.69164162288	0.695202261013	0.688691219769	0.67000189849	0.704134386062	0.680542147202	0.699958191858	0.676685202952	0.661304113396	0.0	0.561459205582	0.680168769747	0.713436379596	0.783606917571	0.701729798451	0.716572514715	0.718212442653	0.686031881629	0.695009989863	0.733619343094	0.707216445104	0.690754114038	0.70441791403	0.696589424139	0.697600159986	0.755232564232	0.720683721784	0.672088825919	0.731361398208	0.701483444063	0.688671762102	0.681258423722	0.680649821773	0.691315846083	0.70833581512	0.693569581711	0.682213722612	0.691046422914	0.678789260364	0.73281761735	0.721238293934	0.718092308981	0.711278435366	0.703176452986	0.714162871472	0.700227904803	0.725305623992	0.719491580864	0.694135327815	0.676647374231	0.716592976047	0.703870411686	0.72686706634	0.697048137666	0.70352217418	0.689905053226	0.699935573798
AH4	0.515631811967	0.367848981528	0.7404802033	0.650464109186	0.672533630745	0.651948793616	0.661771327112	0.640428203847	0.664464488554	0.661163722105	0.661710100151	0.644392584711	0.670664752392	0.649283988523	0.561459205582	0.0	0.691777927224	0.672802579121	0.784937720871	0.692136168362	0.715433176093	0.672093367542	0.679393502457	0.682334674502	0.750248332573	0.678384206715	0.648287381099	0.668685692046	0.685040117726	0.683616166594	0.74274700919	0.676909464418	0.676883504269	0.672930232769	0.66342426709	0.652409150679	0.669067244838	0.63977481676	0.645793556713	0.676167047813	0.638220968115	0.66941753471	0.663801748865	0.655245979258	0.684604824655	0.664087949324	0.67730940001	0.655691663405	0.662131521786	0.657027361955	0.661439529537	0.675906318792	0.646378583366	0.655177438095	0.653486117021	0.658342941295	0.650788133157	0.67239586316	0.651884674133	0.657385057683	0.659969822346	0.639511345567
AA7	0.690179087314	0.684858492027	0.740163760242	0.699230174339	0.681259818159	0.70070983201	0.716780175436	0.704235067434	0.659627092601	0.708642633087	0.667189526397	0.696339896991	0.669261947172	0.718289880285	0.680168769747	0.691777927224	0.0	0.522959080341	0.775290062988	0.690905953426	0.664685812959	0.693856011096	0.670284623192	0.680996754673	0.710215046171	0.704176669832	0.657278183509	0.670383617475	0.687004546713	0.683459009082	0.709202939749	0.544940272625	0.659234884031	0.732232944792	0.723985576677	0.715838994485	0.67013546602	0.700376835029	0.723775389824	0.737695886506	0.721421860644	0.690208558436	0.697542540653	0.710467639994	0.731174160219	0.713929267482	0.744491024721	0.744170907673	0.721224046551	0.752602255744	0.707955961728	0.7384276988	0.687720777554	0.715124521595	0.685581825972	0.715309969513	0.733172050564	0.74210308595	0.740695565353	0.739691758732	0.700366741806	0.727219811427
AA8	0.681252926771	0.68342146149	0.763996561479	0.690821251913	0.692348622714	0.696028782499	0.697650192547	0.669067739564	0.683490195666	0.690629684293	0.668142855903	0.681262495982	0.673510507136	0.728800258374	0.713436379596	0.672802579121	0.522959080341	0.0	0.766628367515	0.659464578924	0.639032376815	0.638769987883	0.657652402162	0.664461676612	0.697537970806	0.685310115815	0.658929830186	0.648080160382	0.638544601924	0.648633615905	0.529033165081	0.378763233663	0.67506051438	0.710645970953	0.718191022972	0.71277130969	0.679698253662	0.68664109174	0.716737022016	0.710333428082	0.705578834893	0.688081347797	0.69828342232	0.694053986124	0.714423757237	0.694517538186	0.715549989774	0.706906814192	0.701349030982	0.728271077405	0.720852247102	0.717207607996	0.669393393977	0.697466369108	0.685674229172	0.703234877683	0.729211906545	0.736179736557	0.726025017168	0.73173038752	0.712626155134	0.713607788952
AB7	0.758387006548	0.774607651092	0.728185646614	0.749256366821	0.749836157094	0.779234175243	0.782761571696	0.796706556642	0.775198991811	0.781241634816	0.752923891278	0.784109861671	0.766449181807	0.749225537299	0.783606917571	0.784937720871	0.775290062988	0.766628367515	0.0	0.571251466247	0.750791194758	0.773295840555	0.77380469584	0.791663967374	0.746102417717	0.787512219063	0.778912109955	0.783319612738	0.741914965434	0.649449009378	0.764948420872	0.770001319903	0.784863963752	0.79596134501	0.779093656632	0.783804603882	0.765874322071	0.768020014187	0.79139006912	0.796502137632	0.796174340414	0.738383350369	0.738658022877	0.779464703257	0.805033306488	0.798798020018	0.82823207246	0.805134498357	0.776122315592	0.80709032239	0.82643767006	0.798135536432	0.79540168323	0.80525636917	0.779855358516	0.801495930144	0.792956305511	0.81488998891	0.80976579029	0.803561362881	0.807987538058	0.785655151315
AB8	0.68685097834	0.693740650191	0.718443128732	0.678154971806	0.681378224289	0.685555505262	0.67852781449	0.661609415669	0.687284517723	0.659344799167	0.675482690391	0.688631727715	0.695575144382	0.694896635019	0.701729798451	0.692136168362	0.690905953426	0.659464578924	0.571251466247	0.0	0.646215389787	0.63732247388	0.677628154199	0.652026702517	0.675784377696	0.672881237934	0.677841061758	0.661284527589	0.491906496168	0.415177700312	0.697452237585	0.646736331465	0.69224228016	0.690593293672	0.695973061593	0.682826535318	0.677800782999	0.675050963077	0.699096402074	0.684967984379	0.674406380199	0.672966560765	0.671517983609	0.675822374667	0.698242387021	0.68866850727	0.736889493356	0.698739887114	0.683275723811	0.709233029854	0.712912277969	0.717304426634	0.686941993293	0.688098464608	0.677698720227	0.704672008079	0.696580976398	0.719973205962	0.70773862734	0.698175536518	0.70377630649	0.676828581247
AC7	0.693108375019	0.708037734296	0.756098079889	0.695890349709	0.724408907138	0.720191536108	0.717832380931	0.712826959658	0.726945354166	0.719433996067	0.679405593466	0.719603409949	0.67886641516	0.717788013218	0.716572514715	0.715433176093	0.664685812959	0.639032376815	0.750791194758	0.646215389787	0.0	0.514869422752	0.671249424751	0.685405374474	0.693812741668	0.686650681331	0.688117467939	0.601999637443	0.634616720568	0.643574513459	0.661450651016	0.65626739865	0.700644808991	0.70281390634	0.730510685836	0.733643552522	0.70405455616	0.706041907668	0.715060918854	0.740940604897	0.721751600646	0.717822520338	0.721591947073	0.712952284253	0.711307157541	0.694154204045	0.752804463724	0.744251812484	0.704083480959	0.741382008318	0.74829925633	0.743771826133	0.698622280057	0.694588728215	0.70633049979	0.713104057741	0.745174250754	0.73849278188	0.74894876795	0.73475220554	0.699742563801	0.735769006097
AC8	0.694320700772	0.673984078813	0.774947469857	0.689489586972	0.714930551388	0.707590225005	0.688221318313	0.661014677359	0.718313690715	0.682573017185	0.708181634517	0.696145666398	0.70376940286	0.699500356323	0.718212442653	0.672093367542	0.693856011096	0.638769987883	0.773295840555	0.63732247388	0.514869422752	0.0	0.683670168915	0.670998317542	0.708982690015	0.664794012294	0.493683053259	0.412951195721	0.639059164954	0.633056798212	0.695655201469	0.636318632414	0.697001478611	0.68114067777	0.714108568472	0.701257468126	0.700496568149	0.685097782743	0.667956427521	0.711105354953	0.696959780447	0.697407931193	0.697247982439	0.681885365816	0.692695344644	0.666236807089	0.717012823972	0.701817205061	0.679244159161	0.695305361684	0.708742208635	0.696383344561	0.674707555718	0.667125771346	0.688406892449	0.682551363741	0.700194872827	0.693529263317	0.703034062127	0.687747636487	0.685707100336	0.67359946744
AD7	0.673464207513	0.683617863766	0.739015860126	0.67445903447	0.717619143824	0.712641179612	0.707595523993	0.688634437298	0.65871802756	0.710815935398	0.668898556045	0.726150800473	0.67270652203	0.692450139645	0.686031881629	0.679393502457	0.670284623192	0.657652402162	0.77380469584	0.677628154199	0.671249424751	0.683670168915	0.0	0.445327787685	0.701109821077	0.499577734518	0.672722152452	0.662140231116	0.657802756844	0.665502759246	0.684171150565	0.66575095725	0.644018609493	0.701080161384	0.726395678643	0.713072424413	0.680908452984	0.678688403273	0.692809730562	0.721509702258	0.716475502762	0.690531279273	0.687627376962	0.695882034745	0.714092400115	0.694520993576	0.707683565513	0.702972027503	0.676946473351	0.712201072444	0.695577441858	0.723913156647	0.675400042608	0.681512778619	0.651650144904	0.684578839366	0.697907009987	0.717188275558	0.7060432371	0.712744181596	0.665040656451	0.697085153822
AD8	0.699677391441	0.686942839495	0.768960643641	0.706472799275	0.723884995546	0.707412692648	0.689505092799	0.668397086535	0.680362003016	0.695620431523	0.689513805861	0.718691294141	0.694998192162	0.708612054354	0.695009989863	0.682334674502	0.680996754673	0.664461676612	0.791663967374	0.652026702517	0.685405374474	0.670998317542	0.445327787685	0.0	0.605890079041	0.414383017442	0.648799370571	0.652652701738	0.651712311397	0.65567264567	0.703723773994	0.67058677137	0.679477897849	0.689931590497	0.729704729868	0.710520680573	0.685329236925	0.683139742457	0.698459552746	0.710244000123	0.701104867419	0.692521937482	0.693254368755	0.6946670996	0.697611295086	0.679977908934	0.709022925611	0.700197168805	0.681087985224	0.715526378158	0.702044301755	0.728330272669	0.675310421554	0.663864708723	0.655537165614	0.690290368149	0.710036277934	0.723373842446	0.712113757176	0.704614898209	0.693145824118	0.701538145049
AE7	0.727052354537	0.734214923622	0.751368789561	0.72443357835	0.718999678812	0.75759577723	0.733572773685	0.736767959431	0.753884136255	0.737987555887	0.761023641445	0.751979359883	0.726691206884	0.722150901999	0.733619343094	0.750248332573	0.710215046171	0.697537970806	0.746102417717	0.675784377696	0.693812741668	0.708982690015	0.701109821077	0.605890079041	0.0	0.520199081164	0.707876858412	0.696358685888	0.680727757303	0.699510959193	0.731337698201	0.711066190001	0.734686210626	0.763531579592	0.753047355249	0.756960507762	0.73681481688	0.746047074724	0.760013596343	0.76862350644	0.767306763901	0.743338102112	0.734652297004	0.732523365259	0.765520072854	0.7720435118	0.774634387452	0.777238903756	0.725925680096	0.773929934659	0.770418110018	0.784790540782	0.745197093633	0.753461050494	0.735814115208	0.754984792925	0.775948426521	0.791326724335	0.780995420161	0.778528537405	0.761846363085	0.773148483044
AE8	0.706654651384	0.681130722217	0.764184853753	0.697506945323	0.721963930529	0.716428371806	0.680798499787	0.670953005424	0.695212286173	0.683405353584	0.713127414734	0.70805728993	0.698740184325	0.706645614368	0.707216445104	0.678384206715	0.704176669832	0.685310115815	0.787512219063	0.672881237934	0.686650681331	0.664794012294	0.499577734518	0.414383017442	0.520199081164	0.0	0.647200391413	0.653861619292	0.675353110211	0.683670020095	0.717884014104	0.679997973943	0.696970049592	0.696268279441	0.71510097415	0.716676930014	0.707314027895	0.681968483939	0.715748679178	0.725229048384	0.717230960332	0.707373464657	0.69391048821	0.690332076948	0.717377879461	0.711831329361	0.709061133047	0.704537569815	0.677031901497	0.69745853665	0.711131493099	0.716871594363	0.666774194887	0.670602926671	0.669687293248	0.670161112086	0.698375953378	0.720603848758	0.716341266789	0.711511735756	0.705230662284	0.692896562914
AF7	0.67666526272	0.665652987669	0.738509899174	0.672682758179	0.712433237196	0.699029075668	0.68956894561	0.665643724911	0.667574038654	0.682818724552	0.686281749737	0.693039671502	0.674195930385	0.671812541645	0.690754114038	0.648287381099	0.657278183509	0.658929830186	0.778912109955	0.677841061758	0.688117467939	0.493683053259	0.672722152452	0.648799370571	0.707876858412	0.647200391413	0.0	0.440966632677	0.662468634369	0.658785494553	0.721597763796	0.656031806877	0.684968032133	0.69545884331	0.690825145482	0.691739391864	0.68317087993	0.669172707344	0.679509505524	0.706030667929	0.697960852037	0.681875970932	0.679925737808	0.663764163103	0.71651393312	0.704146146767	0.711088111111	0.69591355879	0.683498818011	0.699794200231	0.684807255263	0.706656888147	0.655605330085	0.660088233891	0.678206976956	0.663906587363	0.675741214821	0.713447792795	0.696666058555	0.700608165849	0.671318076605	0.688223090222
AF8	0.694311642936	0.666695152291	0.763938741357	0.67935581373	0.705050175879	0.703061398065	0.691045316448	0.659264539885	0.697258550199	0.678621996074	0.711249595327	0.690836696895	0.698026650611	0.688488062623	0.70441791403	0.668685692046	0.670383617475	0.648080160382	0.783319612738	0.661284527589	0.601999637443	0.412951195721	0.662140231116	0.652652701738	0.696358685888	0.653861619292	0.440966632677	0.0	0.655236649732	0.652497631066	0.713467445683	0.649262838863	0.690890044834	0.689103768711	0.714146273543	0.700410377498	0.674973288393	0.680192648928	0.67911957782	0.700246387451	0.693313543532	0.699160124994	0.691926656429	0.662940674861	0.706993772885	0.689905315914	0.702469692965	0.702770212334	0.660344324482	0.686216112264	0.696628023186	0.705589122981	0.653133868711	0.644735531005	0.664090753399	0.661106205687	0.686884832994	0.687323318613	0.695383557918	0.691034172586	0.655431642766	0.688604318043
AG7	0.689441101022	0.690167670604	0.721007681011	0.670648837175	0.710515778022	0.711854424258	0.710154530121	0.659551803796	0.668468851303	0.687504826002	0.688987616177	0.719160905521	0.677328759553	0.689589446319	0.696589424139	0.685040117726	0.687004546713	0.638544601924	0.741914965434	0.491906496168	0.634616720568	0.639059164954	0.657802756844	0.651712311397	0.680727757303	0.675353110211	0.662468634369	0.655236649732	0.0	0.441271750361	0.668887899117	0.640283081277	0.670911527391	0.700381876213	0.710096695675	0.699577373721	0.659451180053	0.675948419848	0.687996668658	0.701454056896	0.693167278141	0.693532255226	0.686572145188	0.681494483608	0.714725184031	0.710036164343	0.727546833426	0.710902753073	0.66869733765	0.720123031842	0.702344823841	0.722954483262	0.669681441069	0.682408786291	0.681332808303	0.70538605072	0.708214344686	0.735034952378	0.705164366048	0.707263234369	0.665518980797	0.693900053151
AG8	0.678352571203	0.673840003244	0.731609819914	0.678605271239	0.688680845245	0.674789993836	0.680616818875	0.662139730451	0.685143385773	0.652440977883	0.664900838939	0.687594807683	0.69463609138	0.702356449475	0.697600159986	0.683616166594	0.683459009082	0.648633615905	0.649449009378	0.415177700312	0.643574513459	0.633056798212	0.665502759246	0.65567264567	0.699510959193	0.683670020095	0.658785494553	0.652497631066	0.441271750361	0.0	0.694750330378	0.643676482573	0.680112002727	0.683502744068	0.693658069208	0.679643201224	0.659054311658	0.664595116171	0.688616075875	0.692544422423	0.681120856142	0.681376066625	0.665328675032	0.667028821398	0.697839133823	0.69597643123	0.721281001522	0.71173012009	0.667815323786	0.705649990076	0.710074349008	0.713780904813	0.678586268266	0.6781568567	0.676018673515	0.693176971072	0.691681612489	0.717214765026	0.691727539444	0.691837556804	0.674042212743	0.67956076961
AH7	0.74125412424	0.745340988727	0.783552449354	0.737551301658	0.757658696871	0.753702427725	0.726000820928	0.703580566796	0.732849573999	0.7246413247	0.715803283536	0.76043301761	0.731414428502	0.755536691038	0.755232564232	0.74274700919	0.709202939749	0.529033165081	0.764948420872	0.697452237585	0.661450651016	0.695655201469	0.684171150565	0.703723773994	0.731337698201	0.717884014104	0.721597763796	0.713467445683	0.668887899117	0.694750330378	0.0	0.533529292505	0.722200880609	0.766002350708	0.772046116755	0.768620692278	0.741332844302	0.74122527815	0.754057683141	0.75650757794	0.760348167398	0.737750447378	0.758219932257	0.746679363934	0.775347930109	0.763741437373	0.766436450339	0.755441689695	0.739093346576	0.772892168173	0.784261057043	0.786631944948	0.741053341341	0.742550272058	0.737563068971	0.747769210187	0.776586640613	0.801166018553	0.776780146969	0.773547446414	0.756808982365	0.761038275624
AH8	0.695689385684	0.689917838539	0.77407050017	0.699632766831	0.702641162814	0.699757489179	0.697459280205	0.661567105008	0.679595408727	0.677548693941	0.684701852506	0.685800407974	0.69293242597	0.737319970834	0.720683721784	0.676909464418	0.544940272625	0.378763233663	0.770001319903	0.646736331465	0.65626739865	0.636318632414	0.66575095725	0.67058677137	0.711066190001	0.679997973943	0.656031806877	0.649262838863	0.640283081277	0.643676482573	0.533529292505	0.0	0.683249725984	0.709219112805	0.706650211347	0.712596299123	0.687841987299	0.684413954634	0.711174361509	0.707249620898	0.699583802969	0.707954186714	0.70713027984	0.705805279988	0.725173046039	0.708651805762	0.720068258425	0.713991066085	0.714927774802	0.7149156881	0.731592090841	0.725975456434	0.674849965896	0.69458640318	0.689532249467	0.686725070829	0.730472791573	0.741356940695	0.735020537401	0.728498178746	0.710058419646	0.707533537129
AA5	0.655426294191	0.665678482022	0.730902553857	0.688521148269	0.667716503478	0.665640151389	0.711690172518	0.680292236098	0.620993926782	0.700489702183	0.637252893216	0.664225346593	0.683384110391	0.693678283504	0.672088825919	0.676883504269	0.659234884031	0.67506051438	0.784863963752	0.69224228016	0.700644808991	0.697001478611	0.644018609493	0.679477897849	0.734686210626	0.696970049592	0.684968032133	0.690890044834	0.670911527391	0.680112002727	0.722200880609	0.683249725984	0.0	0.616633561756	0.699728783703	0.6862009338	0.627718774838	0.660417287782	0.678152924688	0.701440033354	0.697626296088	0.651709232225	0.637927301428	0.657106092227	0.724544923788	0.658724841442	0.6872169221	0.70657766699	0.696560674402	0.710243784233	0.694280708436	0.71784742844	0.67204511459	0.698358345505	0.664105548382	0.692673312564	0.668006106872	0.703578850569	0.678816728685	0.715712531452	0.652430135938	0.682740054058
AA6	0.691614204481	0.677120347559	0.80231511213	0.707615419996	0.714647554243	0.683332985768	0.667933666268	0.674474667299	0.70444063698	0.660369906906	0.686594136449	0.674388335213	0.702370735398	0.741622500148	0.731361398208	0.672930232769	0.732232944792	0.710645970953	0.79596134501	0.690593293672	0.70281390634	0.68114067777	0.701080161384	0.689931590497	0.763531579592	0.696268279441	0.69545884331	0.689103768711	0.700381876213	0.683502744068	0.766002350708	0.709219112805	0.616633561756	0.0	0.695658186401	0.683466750436	0.657627518968	0.631327665518	0.674636744547	0.695427773565	0.671666422672	0.688016973466	0.651605187435	0.66531737277	0.457245439351	0.399521120126	0.692988105989	0.686425601026	0.674292262106	0.668311614327	0.687919495866	0.679178411927	0.657217672916	0.681878364007	0.690420956296	0.687044832146	0.665654292783	0.677739788842	0.684007872432	0.689196447581	0.664899873032	0.673644643655
AB5	0.675257156495	0.665929017104	0.723220665493	0.693572727123	0.685467978364	0.660748294662	0.67072209588	0.69257732422	0.686736115674	0.677283002669	0.663609300903	0.671996899367	0.690370399512	0.68178616634	0.701483444063	0.66342426709	0.723985576677	0.718191022972	0.779093656632	0.695973061593	0.730510685836	0.714108568472	0.726395678643	0.729704729868	0.753047355249	0.71510097415	0.690825145482	0.714146273543	0.710096695675	0.693658069208	0.772046116755	0.706650211347	0.699728783703	0.695658186401	0.0	0.41005564612	0.656324167158	0.668426782407	0.667904800913	0.664565260614	0.650765615844	0.703517377759	0.678718217637	0.647850634523	0.709302091542	0.69663010393	0.674706367083	0.703146261081	0.684456818383	0.698939286186	0.694454139189	0.697802616174	0.661053430715	0.693545828715	0.69415103161	0.685985064041	0.698266960019	0.699692937755	0.701934243908	0.712071809243	0.675453033062	0.691184389792
AB6	0.679736785573	0.641154748228	0.752223264962	0.694050191081	0.664952527758	0.659851223602	0.662146808008	0.673350067407	0.707200214142	0.66868604921	0.668345170461	0.678349294279	0.695456870041	0.686306115776	0.688671762102	0.652409150679	0.715838994485	0.71277130969	0.783804603882	0.682826535318	0.733643552522	0.701257468126	0.713072424413	0.710520680573	0.756960507762	0.716676930014	0.691739391864	0.700410377498	0.699577373721	0.679643201224	0.768620692278	0.712596299123	0.6862009338	0.683466750436	0.41005564612	0.0	0.655292076617	0.650144382561	0.667792533966	0.649984482368	0.633433074112	0.686228877456	0.655216951424	0.568215173069	0.68725017505	0.670082402331	0.675945084425	0.680491769285	0.680145061578	0.685873613169	0.674288312888	0.677683226849	0.666843898827	0.669132147403	0.680477404256	0.677824477431	0.673846101799	0.682211442238	0.666441533284	0.69093308974	0.666821209668	0.660683111635
AC5	0.633769891852	0.652632910021	0.733787278739	0.675297002754	0.682494076102	0.676366052574	0.682855439265	0.682789929149	0.641804920987	0.684526184794	0.638442908638	0.684730397124	0.680583148238	0.679164737044	0.681258423722	0.669067244838	0.67013546602	0.679698253662	0.765874322071	0.677800782999	0.70405455616	0.700496568149	0.680908452984	0.685329236925	0.73681481688	0.707314027895	0.68317087993	0.674973288393	0.659451180053	0.659054311658	0.741332844302	0.687841987299	0.627718774838	0.657627518968	0.656324167158	0.655292076617	0.0	0.497825727462	0.655616306156	0.669604035222	0.657019619269	0.678122746087	0.58511437116	0.637416999123	0.663714898075	0.652813802101	0.651344094694	0.683836783231	0.629418193799	0.668837642327	0.662298775551	0.652551996802	0.638702422357	0.653862127017	0.623159155695	0.665072568367	0.646963432117	0.662286520708	0.643186064443	0.685239875914	0.645927079863	0.668037757542
AC6	0.662183132545	0.639843795021	0.743988486797	0.661122361465	0.670005515678	0.674736920053	0.651906507368	0.665352687814	0.675255613873	0.651509665999	0.670175924247	0.662732965023	0.667287607739	0.674695657066	0.680649821773	0.63977481676	0.700376835029	0.68664109174	0.768020014187	0.675050963077	0.706041907668	0.685097782743	0.678688403273	0.683139742457	0.746047074724	0.681968483939	0.669172707344	0.680192648928	0.675948419848	0.664595116171	0.74122527815	0.684413954634	0.660417287782	0.631327665518	0.668426782407	0.650144382561	0.497825727462	0.0	0.650596171919	0.670749585449	0.648491172625	0.52234380584	0.468145567998	0.611562083051	0.668657937005	0.644734471	0.664254559749	0.670262419632	0.629961277804	0.63556392978	0.653494712166	0.658079625063	0.647188396717	0.664721174468	0.660582619409	0.654279481966	0.623378855152	0.665495227196	0.637784509315	0.651382047818	0.660562845525	0.648344710513
AD6	0.681882235231	0.647166815617	0.792165053517	0.685536969764	0.683256601229	0.685884427743	0.625083425614	0.638456350517	0.686493919718	0.63176842848	0.699922486921	0.681436133029	0.686816500244	0.688671131731	0.691315846083	0.645793556713	0.723775389824	0.716737022016	0.79139006912	0.699096402074	0.715060918854	0.667956427521	0.692809730562	0.698459552746	0.760013596343	0.715748679178	0.679509505524	0.67911957782	0.687996668658	0.688616075875	0.754057683141	0.711174361509	0.678152924688	0.674636744547	0.667904800913	0.667792533966	0.655616306156	0.650596171919	0.0	0.516749655045	0.431479353154	0.677062879293	0.649357142215	0.658283187085	0.681786423365	0.664211847205	0.67061787847	0.669853483167	0.650111444084	0.653586860993	0.688369360897	0.67922454717	0.653104738624	0.643257102326	0.667341617382	0.659165132367	0.650254343861	0.660597394439	0.649584342446	0.658593557941	0.623244535346	0.64575683589
AE5	0.695720079579	0.671047172672	0.769293916784	0.702445508649	0.679699126914	0.673342166502	0.658012889658	0.671942523104	0.690399980083	0.654802720537	0.695982262617	0.66479505166	0.709414851384	0.697468281285	0.70833581512	0.676167047813	0.737695886506	0.710333428082	0.796502137632	0.684967984379	0.740940604897	0.711105354953	0.721509702258	0.710244000123	0.76862350644	0.725229048384	0.706030667929	0.700246387451	0.701454056896	0.692544422423	0.75650757794	0.707249620898	0.701440033354	0.695427773565	0.664565260614	0.649984482368	0.669604035222	0.670749585449	0.516749655045	0.0	0.418564597577	0.687298854716	0.662851296389	0.665070413074	0.687733589176	0.688368280414	0.689718594871	0.688806656973	0.658739790073	0.670292190914	0.687938919015	0.701922590258	0.653121125486	0.637642399163	0.663428796412	0.674248930972	0.662359693514	0.672397772544	0.669202482517	0.658558177704	0.658854693811	0.682232607055
AE6	0.682172158467	0.649793554031	0.784593303659	0.704019275806	0.6819545965	0.662963252338	0.626673919855	0.638024101379	0.689418894712	0.623049356959	0.692305337802	0.660648429603	0.703301488929	0.707733671052	0.693569581711	0.638220968115	0.721421860644	0.705578834893	0.796174340414	0.674406380199	0.721751600646	0.696959780447	0.716475502762	0.701104867419	0.767306763901	0.717230960332	0.697960852037	0.693313543532	0.693167278141	0.681120856142	0.760348167398	0.699583802969	0.697626296088	0.671666422672	0.650765615844	0.633433074112	0.657019619269	0.648491172625	0.431479353154	0.418564597577	0.0	0.67166724085	0.65127469074	0.664420405425	0.671505984656	0.66013107794	0.682740570264	0.65425025084	0.652925486874	0.649884850236	0.6718223665	0.682419795733	0.64113521508	0.629675121182	0.663726270344	0.659983611317	0.65952602775	0.652167730648	0.663343603275	0.643831873132	0.646209596155	0.657982222558
AF5	0.683436521659	0.674545726126	0.723928263417	0.675033068154	0.654239833368	0.67509218452	0.689337382498	0.701144497257	0.662160273235	0.707353109586	0.670188521	0.667412636978	0.679666013227	0.677275244462	0.682213722612	0.66941753471	0.690208558436	0.688081347797	0.738383350369	0.672966560765	0.717822520338	0.697407931193	0.690531279273	0.692521937482	0.743338102112	0.707373464657	0.681875970932	0.699160124994	0.693532255226	0.681376066625	0.737750447378	0.707954186714	0.651709232225	0.688016973466	0.703517377759	0.686228877456	0.678122746087	0.52234380584	0.677062879293	0.687298854716	0.67166724085	0.0	0.44888872661	0.655083698599	0.707944212539	0.68658285272	0.711356402022	0.680768033572	0.665130802839	0.677108443233	0.702421101481	0.72408146246	0.687046112013	0.698843120165	0.692843943073	0.703652052415	0.675085758241	0.721872992691	0.676105083399	0.661395316114	0.675811368581	0.703388216314
AF6	0.647739102447	0.650179199248	0.727885536516	0.657507742994	0.64432980404	0.668581083176	0.675003596235	0.684223218972	0.668081616432	0.680898025619	0.649744005298	0.668483401046	0.671868768767	0.667730058867	0.691046422914	0.663801748865	0.697542540653	0.69828342232	0.738658022877	0.671517983609	0.721591947073	0.697247982439	0.687627376962	0.693254368755	0.734652297004	0.69391048821	0.679925737808	0.691926656429	0.686572145188	0.665328675032	0.758219932257	0.70713027984	0.637927301428	0.651605187435	0.678718217637	0.655216951424	0.58511437116	0.468145567998	0.649357142215	0.662851296389	0.65127469074	0.44888872661	0.0	0.617911341398	0.685334535857	0.666946747318	0.666176252287	0.670725470027	0.641338430203	0.658883912009	0.68347800035	0.693679152015	0.667740200253	0.680125561999	0.673070415752	0.674459015722	0.653400721216	0.69153682603	0.646591952942	0.66612923227	0.664759051327	0.675994487352
