	AA3	AA4	AB3	AB4	AC3	AC4	AD3	AD4	AE3	AE4	AF3	AF4	AG3	AG4	AH3	AH4	AA7	AA8	AB7	AB8	AC7	AC8	AD7	AD8	AE7	AE8	AF7	AF8	AG7	AG8	AH7	AH8	AA5	AA6	AB5	AB6	AC5	AC6	AD6	AE5	AE6	AF5	AF6	AG5	AH5	AH6	AA1	AA2	AB1	AB2	AC1	AC2	AD1	AD2	AE1	AE2	AF1	AF2	AG1	AG2	AH1	AH2
AA3	0.0	0.485017832971	0.668902632567	0.641381631593	0.667617050199	0.664348241867	0.69352638885	0.692851648571	0.640108213771	0.695495485168	0.647271596287	0.67073688253	0.652040625457	0.626181209348	0.673679553553	0.481356697433	0.690014247873	0.690928700071	0.748215710397	0.683578134792	0.701535733998	0.684702433785	0.681405485394	0.700650503881	0.725773460704	0.701651740975	0.673600850984	0.680061032091	0.703165420744	0.677141137014	0.740766748648	0.695145076488	0.645149038517	0.679872658218	0.667809300647	0.704465604756	0.648176302557	0.658612849372	0.661125494815	0.672744105627	0.694745072806	0.678303234935	0.652005595103	0.656921873881	0.706907994268	0.708082177702	0.666221576657	0.699801823201	0.648931551298	0.680479846679	0.661122600069	0.673045329417	0.634355308992	0.6692329647	0.665693632772	0.670030464343	0.662293639513	0.695548457031	0.662484371153	0.67465847325	0.644713576287	0.679224185461
AA4	0.485017832971	0.0	0.715557702898	0.637603260537	0.669831048766	0.634461424867	0.668059082701	0.665447023769	0.67455255398	0.666327261566	0.664542851605	0.648128430754	0.667937464763	0.63711126323	0.504715100902	0.343595886046	0.693468697802	0.695958420068	0.766910275788	0.695327465937	0.708898072511	0.67066070614	0.684467246467	0.694748611452	0.733971759152	0.690698666217	0.673555121649	0.666530738534	0.704139356682	0.672653275244	0.745319535757	0.685737384847	0.676234938865	0.680007294188	0.651668831053	0.664121868706	0.654645214302	0.640696041943	0.653883450877	0.646391537739	0.655011337013	0.661512000148	0.645787776705	0.637736615174	0.687254523799	0.670700946185	0.676965941675	0.664333769465	0.652432437626	0.663768434911	0.65224002934	0.672026676396	0.647990654891	0.663059615212	0.665252771188	0.657448528499	0.650674055297	0.669444368563	0.652707354421	0.639260730417	0.652930550274	0.640405432371
AB3	0.668902632567	0.715557702898	0.0	0.658710830282	0.722824890387	0.752925931608	0.758850110301	0.74618222247	0.709113516124	0.766578793173	0.710454005402	0.742053262531	0.714022768255	0.551323180124	0.710989287228	0.719617440838	0.750786726198	0.771061271504	0.726550337898	0.711007949629	0.731811255588	0.745538693142	0.734719165081	0.74466487504	0.735426456086	0.740864606317	0.714481049993	0.729934773755	0.702153152252	0.714553924884	0.764492219927	0.752231612855	0.706603207024	0.774738247553	0.712121351701	0.750801050118	0.723857486325	0.729148766544	0.761315170606	0.755904795275	0.778590427414	0.732579292668	0.707608420254	0.727064732584	0.79356825331	0.795338887904	0.769524600966	0.793137886782	0.717273142055	0.773445498566	0.756158340132	0.773173215219	0.742360539403	0.780956195936	0.763605253903	0.768687208807	0.754450652609	0.781355579463	0.756584036699	0.778208563942	0.725893256174	0.770693750864
AB4	0.641381631593	0.637603260537	0.658710830282	0.0	0.680698029799	0.684044274611	0.711383270026	0.678702204586	0.678487054041	0.702153692363	0.660187856241	0.68191620146	0.419662722934	0.440902762997	0.672977446455	0.642268109935	0.705400924229	0.714137287203	0.756247660159	0.693078871365	0.691640987068	0.675726052185	0.689458008169	0.695710708115	0.725289217189	0.701874451368	0.670145851691	0.672312906496	0.694306051041	0.685622441884	0.74619007986	0.716769803162	0.687812747912	0.700924038847	0.678304659311	0.6822850019	0.669849871798	0.650953003194	0.659600517959	0.67842407772	0.688290522842	0.66410959297	0.641543970409	0.657184851215	0.710376672857	0.718922377941	0.698691645555	0.711659294736	0.641017157352	0.68555185869	0.689333617006	0.691559726865	0.670767446384	0.686264060096	0.683930957195	0.682125072993	0.683604005663	0.698457099852	0.698813443977	0.678275082227	0.674379979769	0.688495542853
AC3	0.667617050199	0.669831048766	0.722824890387	0.680698029799	0.0	0.504502078564	0.676942385309	0.673372028289	0.663685391154	0.662414565082	0.689238412903	0.490334833493	0.696587006876	0.699631975422	0.673452651252	0.665673762412	0.674383259459	0.685501982422	0.743891989783	0.668383209302	0.705005596675	0.683314423078	0.720176683437	0.716817346493	0.717094687461	0.709659052683	0.697876416536	0.671850321627	0.706893535458	0.676733352523	0.738094597715	0.689609138851	0.670716833041	0.697024094549	0.691077409382	0.692610958946	0.687717390836	0.64755069043	0.679744533884	0.649616134751	0.670686234563	0.641454446645	0.654530423277	0.663992894742	0.719623870986	0.711988826004	0.718980015183	0.715061343118	0.688833663584	0.673926171621	0.684720875361	0.695539444125	0.683666018256	0.691173740862	0.675427929904	0.680307660354	0.692405667749	0.696172262404	0.697054150028	0.666639930947	0.688033350719	0.684083350857
AC4	0.664348241867	0.634461424867	0.752925931608	0.684044274611	0.504502078564	0.0	0.669387483945	0.669144207244	0.661658146813	0.657484620737	0.513971672321	0.417767702865	0.683002235412	0.696215791065	0.65741314336	0.634532945349	0.68715523434	0.680788288002	0.751768085471	0.67280553648	0.692434776016	0.677925572449	0.703964154128	0.710540743206	0.744463094238	0.709027360727	0.689547462074	0.676432012007	0.704593986026	0.673880061631	0.740135124973	0.685648536714	0.673641113335	0.673734212206	0.664700839879	0.667086912806	0.665814989205	0.630093382843	0.644342057799	0.646540751941	0.644922610349	0.634580187593	0.635134072195	0.625651782881	0.677337007273	0.668401499219	0.721048752471	0.680248309213	0.682996488034	0.665198406149	0.685834444386	0.684281336676	0.691801242508	0.687289912506	0.694321760346	0.695240182404	0.6670931394	0.675636122713	0.678001696998	0.659199258127	0.658179273323	0.66617711667
AD3	0.69352638885	0.668059082701	0.758850110301	0.711383270026	0.676942385309	0.669387483945	0.0	0.379644266904	0.677163004693	0.329189039444	0.704234840314	0.652058549742	0.708553970492	0.693781030126	0.689589668373	0.672761582444	0.711019952081	0.703935295331	0.767815830348	0.669568130149	0.719820936844	0.681796440781	0.710219996521	0.702680543368	0.728298522921	0.699326016143	0.688144720581	0.66407588219	0.710532455372	0.67384148355	0.728630753119	0.681220201316	0.714749235552	0.667385749154	0.668484476044	0.667713107947	0.684086927646	0.669503333452	0.61933596571	0.651445794605	0.638426643024	0.666743570909	0.680308249723	0.674306103562	0.696784727365	0.687174948011	0.706485295985	0.678730177356	0.683796091954	0.662536676299	0.678646413141	0.697806934635	0.686325363315	0.66124950442	0.690116365177	0.683147234465	0.675087462587	0.675686747326	0.700840488531	0.665747820515	0.707262074957	0.658492000993
AD4	0.692851648571	0.665447023769	0.74618222247	0.678702204586	0.673372028289	0.669144207244	0.379644266904	0.0	0.600575622868	0.363898671357	0.686860678867	0.655564198685	0.697193348994	0.677125810862	0.680911787542	0.674475187979	0.694617946878	0.677728039637	0.766440481124	0.650086070669	0.703642607375	0.661318966995	0.695092614147	0.67831609758	0.725456566794	0.678170818051	0.664355348942	0.642578500959	0.675722039015	0.644796132699	0.705244787937	0.660861355514	0.695136377744	0.658738714335	0.676604035578	0.667867311753	0.66585385443	0.665957867007	0.620385254851	0.648342360935	0.635638061354	0.671692185282	0.67794514593	0.654871911471	0.681718602184	0.680393059593	0.69722155657	0.678386164182	0.675943961136	0.660194314552	0.673567316981	0.687430252044	0.678423768382	0.65348929905	0.666901003816	0.667837971491	0.678556236135	0.674132056527	0.700649597816	0.669398316996	0.687210538184	0.652937937653
AE3	0.640108213771	0.67455255398	0.709113516124	0.678487054041	0.663685391154	0.661658146813	0.677163004693	0.600575622868	0.0	0.645374859368	0.653210547212	0.654999247693	0.683362633536	0.690542328881	0.661136071208	0.668142047558	0.673015485149	0.685619335012	0.755563163023	0.682339088594	0.707566509719	0.710996270428	0.665408556813	0.696137680786	0.735776759265	0.694954465166	0.661432346328	0.701334744631	0.678300641882	0.669041356231	0.727872830735	0.678695627766	0.616556859281	0.697059713767	0.68209648752	0.704800548504	0.674262241649	0.685335592963	0.669885810425	0.678048818427	0.691596991501	0.67358688139	0.67844932533	0.657889760231	0.73543126435	0.724953212674	0.705024072117	0.71859756794	0.682959008199	0.708418245354	0.684074463914	0.724831982802	0.680008953135	0.675049760396	0.665111088752	0.706525857865	0.684421439727	0.723314818383	0.702665851347	0.702305002243	0.663571865622	0.707625053058
AE4	0.695495485168	0.666327261566	0.766578793173	0.702153692363	0.662414565082	0.657484620737	0.329189039444	0.363898671357	0.645374859368	0.0	0.704562217113	0.653651690314	0.718633636285	0.697923714087	0.701088567023	0.677861708883	0.72165650342	0.702265420072	0.77461219192	0.656886869056	0.715039587609	0.67280434328	0.717920561615	0.694447872268	0.730719912576	0.697523745042	0.700653164249	0.665415285201	0.695404659216	0.654375010014	0.723178783286	0.693257365418	0.703191634938	0.673855922276	0.685580471201	0.664206253188	0.692590755649	0.666984688504	0.616466890702	0.63969677001	0.628721965613	0.672306209552	0.681471451685	0.656889388068	0.700542699384	0.690268474067	0.699534182153	0.670364572567	0.694062991389	0.664358017194	0.678904318906	0.693380763354	0.687447242728	0.677294498985	0.691986019199	0.685671841147	0.687123088069	0.677567156452	0.686186795156	0.664725459124	0.704693346306	0.66384445605
AF3	0.647271596287	0.664542851605	0.710454005402	0.660187856241	0.689238412903	0.513971672321	0.704234840314	0.686860678867	0.653210547212	0.704562217113	0.0	0.574522753521	0.672697181073	0.693842136194	0.662207079795	0.659092134089	0.681598868483	0.689352647906	0.754620814424	0.681288684538	0.680449289065	0.706205822546	0.679870547677	0.702019776709	0.764586623374	0.712338066037	0.690878983194	0.697064359627	0.700467377405	0.684419564623	0.716323173502	0.68821160977	0.629506835899	0.679767048923	0.668550855712	0.698687658396	0.662403386399	0.65849543295	0.674201718956	0.667499631261	0.680047319416	0.677251523894	0.652914552028	0.657790736194	0.698745530055	0.684778797871	0.727544389265	0.70537993316	0.691989872072	0.710247289565	0.700386482707	0.720438739569	0.686026341871	0.702081553919	0.695912259523	0.709140247819	0.674637666803	0.713515832589	0.690274797913	0.708956497635	0.649846554657	0.707974962015
AF4	0.67073688253	0.648128430754	0.742053262531	0.68191620146	0.490334833493	0.417767702865	0.652058549742	0.655564198685	0.654999247693	0.653651690314	0.574522753521	0.0	0.699478756465	0.703052573099	0.689118143201	0.662913655236	0.700971689147	0.70534523559	0.768218216336	0.689210828165	0.728023885892	0.686372646959	0.719140980676	0.723298126297	0.755308413105	0.717562645502	0.680772034598	0.690223270788	0.71735429283	0.692300499103	0.770062759724	0.692412056885	0.66127305127	0.653575259904	0.65534523136	0.672514224823	0.6713787825	0.662368895288	0.654151417145	0.646633594861	0.641513808393	0.669000628428	0.663602769801	0.644602219904	0.688430200037	0.669349942572	0.701852620922	0.688376843329	0.69196260445	0.681284048956	0.682458475989	0.673072759712	0.679207767251	0.675424460761	0.698941656841	0.691132062003	0.676187203994	0.659907613541	0.684880264127	0.681563687283	0.668101882541	0.654167106689
AG3	0.652040625457	0.667937464763	0.714022768255	0.419662722934	0.696587006876	0.683002235412	0.708553970492	0.697193348994	0.683362633536	0.718633636285	0.672697181073	0.699478756465	0.0	0.508300889476	0.682764016152	0.664106644627	0.675193465034	0.691146553853	0.76234257079	0.697088720881	0.675910845275	0.700300508413	0.67848568226	0.697663357678	0.72660263303	0.705603542076	0.669878142039	0.688957572937	0.689152687934	0.691715140181	0.731138122163	0.708401396089	0.687867693018	0.709379243432	0.678746086688	0.676966813316	0.681798897179	0.665926745603	0.677150237095	0.6957729184	0.699877894073	0.667049474554	0.659464905628	0.672477152729	0.716937179486	0.714153614168	0.702803395283	0.71976488102	0.643747261653	0.688240158322	0.699880015717	0.714569878136	0.681417320911	0.682196163218	0.682480628454	0.688709725704	0.710457457991	0.710469742015	0.696396189005	0.689583121718	0.692484322321	0.706136856465
AG4	0.626181209348	0.63711126323	0.551323180124	0.440902762997	0.699631975422	0.696215791065	0.693781030126	0.677125810862	0.690542328881	0.697923714087	0.693842136194	0.703052573099	0.508300889476	0.0	0.673121365635	0.642056524751	0.724572374496	0.731523633577	0.743189833069	0.68922689997	0.693550615726	0.677644087013	0.697986597795	0.709121504336	0.709377016944	0.706818607914	0.670409964565	0.659081871719	0.684987340963	0.689831420431	0.747514614117	0.717789481621	0.701614716232	0.714774549456	0.6692280749	0.700063227661	0.689749979704	0.666033435486	0.684005301077	0.692699498682	0.701200723604	0.678680103015	0.64994939004	0.677455999631	0.728527689495	0.741230513292	0.712528686396	0.728218069419	0.644501088602	0.692176106485	0.705257279627	0.709577609624	0.689869365613	0.725415617673	0.725629887205	0.712603569932	0.70290270484	0.716375271886	0.709927922881	0.70092828984	0.677051297145	0.703326548949
AH3	0.673679553553	0.504715100902	0.710989287228	0.672977446455	0.673452651252	0.65741314336	0.689589668373	0.680911787542	0.661136071208	0.701088567023	0.662207079795	0.689118143201	0.682764016152	0.673121365635	0.0	0.525910584485	0.671240730831	0.694108057089	0.759832331937	0.711945975219	0.715684287901	0.710888696978	0.678255395122	0.701415843995	0.735099992996	0.696645667067	0.695140878012	0.69594059213	0.699836836611	0.686855803897	0.747773011733	0.69808462559	0.660725652719	0.723704863582	0.681789702605	0.696076604907	0.675845985354	0.671119452005	0.682139413566	0.668001450188	0.677375783012	0.680677776183	0.675116427205	0.665830490859	0.725243070549	0.721708054816	0.717437023743	0.695974017469	0.687851605276	0.693157475645	0.698908785623	0.727019176899	0.70527165382	0.690584991054	0.672775569952	0.698115520657	0.691951976011	0.708572734493	0.710721172157	0.681839600708	0.682717647998	0.695215582284
AH4	0.481356697433	0.343595886046	0.719617440838	0.642268109935	0.665673762412	0.634532945349	0.672761582444	0.674475187979	0.668142047558	0.677861708883	0.659092134089	0.662913655236	0.664106644627	0.642056524751	0.525910584485	0.0	0.690467683299	0.693476182853	0.765782611801	0.692753156628	0.709774917429	0.677100678654	0.684313672542	0.691978845282	0.733054066915	0.68812051767	0.666017696612	0.664478046628	0.704681268788	0.682496876379	0.740068196904	0.69025341951	0.67558422086	0.680246471622	0.661523806174	0.668662665014	0.672851268608	0.652658957703	0.649942392929	0.65536029494	0.653689633366	0.665547888339	0.657606729174	0.646355934359	0.69247410713	0.685321795764	0.682043481381	0.666823151598	0.65404415724	0.670753259367	0.659679041665	0.678662120333	0.661574170897	0.664076571626	0.669672061176	0.662209572093	0.657496321619	0.6799326139	0.66445413064	0.651737829478	0.658401322235	0.647126484405
AA7	0.690014247873	0.693468697802	0.750786726198	0.705400924229	0.674383259459	0.68715523434	0.711019952081	0.694617946878	0.673015485149	0.72165650342	0.681598868483	0.700971689147	0.675193465034	0.724572374496	0.671240730831	0.690467683299	0.0	0.522351874535	0.776085231335	0.697307939867	0.650851901247	0.68784604354	0.666143545928	0.681816124477	0.718163382967	0.712246431163	0.672342126289	0.668569010195	0.697154044857	0.698235147406	0.704216185289	0.559829644713	0.669406834461	0.719686971798	0.707327581069	0.722565378825	0.66060675694	0.688939658015	0.706276215274	0.735963254058	0.724541317187	0.686150719123	0.70616522572	0.708131019519	0.739027036338	0.725351162722	0.750743213772	0.735355411155	0.715544436337	0.739434735608	0.708165195424	0.747180589916	0.703472017404	0.720307696059	0.696382008467	0.713309680339	0.736022265903	0.735172226073	0.747198546315	0.727587280849	0.698649095712	0.714957173833
AA8	0.690928700071	0.695958420068	0.771061271504	0.714137287203	0.685501982422	0.680788288002	0.703935295331	0.677728039637	0.685619335012	0.702265420072	0.689352647906	0.70534523559	0.691146553853	0.731523633577	0.694108057089	0.693476182853	0.522351874535	0.0	0.767655776805	0.659918488385	0.634558000537	0.65081436992	0.663991925726	0.675867351064	0.698396176326	0.678891887803	0.663442029411	0.649138388254	0.661056104989	0.657277774484	0.556855385841	0.431047803276	0.68072534841	0.721196683037	0.722076318023	0.731835236671	0.686961635454	0.694883685232	0.693086298417	0.697991079819	0.69312994993	0.693117341459	0.704531741938	0.69422860231	0.712572736329	0.71355731986	0.730255963133	0.718083291499	0.719946220445	0.723438072848	0.709970551097	0.733232268245	0.696182865417	0.677108562108	0.6800728228	0.687263416701	0.743032224097	0.720884303706	0.744755742294	0.708344363829	0.721084771277	0.712598552797
AB7	0.748215710397	0.766910275788	0.726550337898	0.756247660159	0.743891989783	0.751768085471	0.767815830348	0.766440481124	0.755563163023	0.77461219192	0.754620814424	0.768218216336	0.76234257079	0.743189833069	0.759832331937	0.765782611801	0.776085231335	0.767655776805	0.0	0.542897124731	0.740805613201	0.757935376028	0.772480121764	0.785439455549	0.738534020121	0.775514990697	0.770254498269	0.756865223159	0.741408177333	0.637858141587	0.753738716846	0.757297115734	0.764169820177	0.785624207213	0.767936134766	0.783994337841	0.762635059953	0.760151513768	0.778458395744	0.785440527693	0.786254289738	0.715464338308	0.737421435756	0.761630303024	0.785528398161	0.802333525839	0.814374294929	0.801365517543	0.770210917874	0.790952965287	0.793313859696	0.802850424807	0.78493649084	0.795008167903	0.786028605945	0.792168286247	0.795185319325	0.791934016058	0.798067872877	0.784530300146	0.79305339206	0.781995359693
AB8	0.683578134792	0.695327465937	0.711007949629	0.693078871365	0.668383209302	0.67280553648	0.669568130149	0.650086070669	0.682339088594	0.656886869056	0.681288684538	0.689210828165	0.697088720881	0.68922689997	0.711945975219	0.692753156628	0.697307939867	0.659918488385	0.542897124731	0.0	0.643781083943	0.634052914238	0.685163894499	0.667051161085	0.676587131328	0.674627059648	0.675827012305	0.636782600791	0.505824840532	0.403713564046	0.697059844665	0.643939406862	0.683001697307	0.688695495904	0.693544382124	0.686242531244	0.66565917481	0.65398382285	0.675130935136	0.692215852729	0.682288222824	0.669519359	0.659365108184	0.667514529569	0.690373692953	0.698686398477	0.73293318315	0.709116199076	0.68969861835	0.701429723719	0.691049532659	0.729700723115	0.675998716105	0.686612849058	0.683997411653	0.691289903777	0.710648930605	0.709383721462	0.711179390087	0.698537734064	0.693260222832	0.683949436148
AC7	0.701535733998	0.708898072511	0.731811255588	0.691640987068	0.705005596675	0.692434776016	0.719820936844	0.703642607375	0.707566509719	0.715039587609	0.680449289065	0.728023885892	0.675910845275	0.693550615726	0.715684287901	0.709774917429	0.650851901247	0.634558000537	0.740805613201	0.643781083943	0.0	0.508355771028	0.677334321897	0.676241232287	0.692028550302	0.689275599718	0.673374213273	0.587704016454	0.648899932292	0.634674624912	0.660152520242	0.644105216288	0.702467756507	0.699110592768	0.718875336632	0.73277208073	0.708971089427	0.701229079467	0.694515137027	0.724310168864	0.722365709638	0.707230584895	0.713776658248	0.709762801301	0.698173157859	0.696979401997	0.752525962749	0.742906810301	0.708842246001	0.733431836836	0.741639943566	0.741588281624	0.699683735735	0.687088477453	0.694219996149	0.698166288772	0.737725205904	0.726355228868	0.746848312887	0.723290575987	0.708367286109	0.737921941342
AC8	0.684702433785	0.67066070614	0.745538693142	0.675726052185	0.683314423078	0.677925572449	0.681796440781	0.661318966995	0.710996270428	0.67280434328	0.706205822546	0.686372646959	0.700300508413	0.677644087013	0.710888696978	0.677100678654	0.68784604354	0.65081436992	0.757935376028	0.634052914238	0.508355771028	0.0	0.689174902072	0.661835639643	0.70725604932	0.670718456678	0.484458344966	0.388643110345	0.640766724772	0.608838536183	0.700824520602	0.641946629817	0.695762728813	0.670560422144	0.705460642701	0.709540476929	0.700336349325	0.682690794084	0.667703508694	0.695758851221	0.682236655215	0.691549136015	0.686947210432	0.671283394519	0.677651107534	0.675807128231	0.727362025314	0.702966900421	0.688154764231	0.69311909214	0.692374038561	0.691183369218	0.674394959612	0.662936223112	0.677031433542	0.668491499155	0.702023146086	0.679878420273	0.717102180364	0.68828001094	0.676285753076	0.673622247998
AD7	0.681405485394	0.684467246467	0.734719165081	0.689458008169	0.720176683437	0.703964154128	0.710219996521	0.695092614147	0.665408556813	0.717920561615	0.679870547677	0.719140980676	0.67848568226	0.697986597795	0.678255395122	0.684313672542	0.666143545928	0.663991925726	0.772480121764	0.685163894499	0.677334321897	0.689174902072	0.0	0.477686146741	0.705245172998	0.519014331205	0.66883314435	0.671130217436	0.674852215515	0.671107274385	0.692396788432	0.66415095438	0.649272580475	0.707375025791	0.712955316041	0.725985627761	0.683873142218	0.694546157671	0.697389646458	0.704140433312	0.70956177272	0.701556756969	0.690354221338	0.684534816424	0.682199532942	0.66942990439	0.723986840782	0.702886629166	0.679770635626	0.709423546286	0.679660047304	0.733514584711	0.690598808829	0.680591447041	0.658465605035	0.680501701622	0.704205784203	0.709477618371	0.710352959644	0.704434366162	0.662555842666	0.693166264181
AD8	0.700650503881	0.694748611452	0.74466487504	0.695710708115	0.716817346493	0.710540743206	0.702680543368	0.67831609758	0.696137680786	0.694447872268	0.702019776709	0.723298126297	0.697663357678	0.709121504336	0.701415843995	0.691978845282	0.681816124477	0.675867351064	0.785439455549	0.667051161085	0.676241232287	0.661835639643	0.477686146741	0.0	0.600462464205	0.382914893719	0.653479472493	0.655787363781	0.664648275132	0.651893755116	0.699263222053	0.661129307509	0.687988444348	0.707546557595	0.724948847275	0.721489222676	0.705675924053	0.691718043137	0.700599006597	0.706274883528	0.710807042708	0.715974382623	0.697394093166	0.684665810714	0.716332716698	0.696609787805	0.720997790428	0.71228615788	0.695571709042	0.714635780904	0.703972152055	0.729259096158	0.687827728131	0.666696014966	0.665771521832	0.678931869466	0.720246472851	0.719727895383	0.720757327557	0.71250507322	0.695440065768	0.698571638308
AE7	0.725773460704	0.733971759152	0.735426456086	0.725289217189	0.717094687461	0.744463094238	0.728298522921	0.725456566794	0.735776759265	0.730719912576	0.764586623374	0.755308413105	0.72660263303	0.709377016944	0.735099992996	0.733054066915	0.718163382967	0.698396176326	0.738534020121	0.676587131328	0.692028550302	0.70725604932	0.705245172998	0.600462464205	0.0	0.508266977217	0.708435859265	0.677017405344	0.686240157149	0.695781650153	0.733655355976	0.691064252465	0.731602318701	0.756743886797	0.739991999574	0.753685900636	0.731119581974	0.742201630047	0.749012113436	0.75693589231	0.760880213795	0.739018716247	0.743270691028	0.722625915121	0.758202188688	0.765101182509	0.766591028766	0.786464584768	0.731978352501	0.761726262794	0.754920679197	0.783085459923	0.74428004921	0.7351053114	0.744271654945	0.75601277152	0.776041296841	0.791035945669	0.78068856949	0.757049528859	0.751882422304	0.765824231487
AE8	0.701651740975	0.690698666217	0.740864606317	0.701874451368	0.709659052683	0.709027360727	0.699326016143	0.678170818051	0.694954465166	0.697523745042	0.712338066037	0.717562645502	0.705603542076	0.706818607914	0.696645667067	0.68812051767	0.712246431163	0.678891887803	0.775514990697	0.674627059648	0.689275599718	0.670718456678	0.519014331205	0.382914893719	0.508266977217	0.0	0.662393608432	0.658738422687	0.660575099695	0.6651098205	0.704244842749	0.667167627784	0.691400922819	0.713132663562	0.720991152962	0.721057135758	0.721055776212	0.701020278325	0.699295419875	0.704012899757	0.708070898195	0.702705405381	0.70162327845	0.679171239813	0.71639085353	0.708038772712	0.720172007204	0.715069070164	0.694299341172	0.70547229031	0.705905877904	0.728923600637	0.694061555656	0.663437777106	0.682314797501	0.690074162317	0.717527521266	0.723576622037	0.725988727978	0.712388425277	0.70723495934	0.705028378379
AF7	0.673600850984	0.673555121649	0.714481049993	0.670145851691	0.697876416536	0.689547462074	0.688144720581	0.664355348942	0.661432346328	0.700653164249	0.690878983194	0.680772034598	0.669878142039	0.670409964565	0.695140878012	0.666017696612	0.672342126289	0.663442029411	0.770254498269	0.675827012305	0.673374213273	0.484458344966	0.66883314435	0.653479472493	0.708435859265	0.662393608432	0.0	0.461109846314	0.65479704414	0.652587365311	0.721945773956	0.658027022881	0.674599780883	0.697726785912	0.691508367584	0.69931236875	0.685808846467	0.685066334409	0.670436172764	0.690449125668	0.679640603069	0.677919779994	0.684590738218	0.660361846118	0.729877005379	0.716482327723	0.721735228544	0.699842314147	0.674100203683	0.696687842351	0.683551355655	0.704207357027	0.678094325751	0.646665805346	0.66948900684	0.677850541503	0.668786557993	0.70523838772	0.706308217681	0.694286397043	0.662362329801	0.656123830565
AF8	0.680061032091	0.666530738534	0.729934773755	0.672312906496	0.671850321627	0.676432012007	0.66407588219	0.642578500959	0.701334744631	0.665415285201	0.697064359627	0.690223270788	0.688957572937	0.659081871719	0.69594059213	0.664478046628	0.668569010195	0.649138388254	0.756865223159	0.636782600791	0.587704016454	0.388643110345	0.671130217436	0.655787363781	0.677017405344	0.658738422687	0.461109846314	0.0	0.65401103341	0.621570965318	0.683458983878	0.636185976101	0.694790877048	0.674663354556	0.691332420257	0.704027603002	0.681455321643	0.667908550472	0.659049893401	0.68521277462	0.683935287336	0.686389306572	0.672381784779	0.661579633477	0.684041317684	0.69565068214	0.716403026868	0.694792217819	0.670873018189	0.679812331854	0.677307970692	0.691947901473	0.656568174171	0.664096227171	0.673872027477	0.665288226506	0.683254895092	0.684729630411	0.706613899021	0.681922706939	0.664600857669	0.661363452547
AG7	0.703165420744	0.704139356682	0.702153152252	0.694306051041	0.706893535458	0.704593986026	0.710532455372	0.675722039015	0.678300641882	0.695404659216	0.700467377405	0.71735429283	0.689152687934	0.684987340963	0.699836836611	0.704681268788	0.697154044857	0.661056104989	0.741408177333	0.505824840532	0.648899932292	0.640766724772	0.674852215515	0.664648275132	0.686240157149	0.660575099695	0.65479704414	0.65401103341	0.0	0.460767546221	0.692756163977	0.660864247865	0.683410810514	0.713180200068	0.707969919718	0.699781665195	0.680399077851	0.682960261243	0.69422239659	0.700323860559	0.691960243998	0.700606013185	0.690168492377	0.660692577765	0.71303474671	0.698856626108	0.736650529775	0.724332569627	0.697165952504	0.710430010839	0.687451795804	0.742305379934	0.683162960524	0.685510453336	0.689771227606	0.691670111047	0.719749109487	0.728123232596	0.715116250733	0.707746070621	0.684566787469	0.703737891404
AG8	0.677141137014	0.672653275244	0.714553924884	0.685622441884	0.676733352523	0.673880061631	0.67384148355	0.644796132699	0.669041356231	0.654375010014	0.684419564623	0.692300499103	0.691715140181	0.689831420431	0.686855803897	0.682496876379	0.698235147406	0.657277774484	0.637858141587	0.403713564046	0.634674624912	0.608838536183	0.671107274385	0.651893755116	0.695781650153	0.6651098205	0.652587365311	0.621570965318	0.460767546221	0.0	0.694296515256	0.638297102562	0.670274098257	0.675345836374	0.69015956243	0.684969494864	0.644264416262	0.639744057232	0.662150430779	0.677372411768	0.663209870536	0.67284312705	0.659915880532	0.653171064509	0.677389899528	0.677221871641	0.711978999327	0.687504579666	0.674522876684	0.687167669065	0.674650615806	0.711356198145	0.656315756027	0.665902072759	0.66710456774	0.665001186765	0.686480588494	0.690730504019	0.691472488682	0.67759832494	0.683620885157	0.670393514209
AH7	0.740766748648	0.745319535757	0.764492219927	0.74619007986	0.738094597715	0.740135124973	0.728630753119	0.705244787937	0.727872830735	0.723178783286	0.716323173502	0.770062759724	0.731138122163	0.747514614117	0.747773011733	0.740068196904	0.704216185289	0.556855385841	0.753738716846	0.697059844665	0.660152520242	0.700824520602	0.692396788432	0.699263222053	0.733655355976	0.704244842749	0.721945773956	0.683458983878	0.692756163977	0.694296515256	0.0	0.525714948056	0.708065894163	0.762012280862	0.762500372786	0.775199418902	0.749395814925	0.737885309156	0.742450771127	0.743919779386	0.754675904636	0.738055615249	0.751175244008	0.73843424363	0.770574586466	0.7659715987	0.776463180218	0.764854275561	0.756306690689	0.774236537993	0.773432862404	0.786728826562	0.736652803502	0.748445399855	0.742972668573	0.747866724653	0.77865748187	0.787102882399	0.779112521583	0.764171645097	0.753571780572	0.760628510493
AH8	0.695145076488	0.685737384847	0.752231612855	0.716769803162	0.689609138851	0.685648536714	0.681220201316	0.660861355514	0.678695627766	0.693257365418	0.68821160977	0.692412056885	0.708401396089	0.717789481621	0.69808462559	0.69025341951	0.559829644713	0.431047803276	0.757297115734	0.643939406862	0.644105216288	0.641946629817	0.66415095438	0.661129307509	0.691064252465	0.667167627784	0.658027022881	0.636185976101	0.660864247865	0.638297102562	0.525714948056	0.0	0.684857117195	0.689626348602	0.707556470003	0.717400295059	0.692092526409	0.681150842711	0.690892754701	0.698149296169	0.698306502451	0.69118235148	0.696370171364	0.692041455902	0.711395677927	0.70849577082	0.726461105815	0.713845050112	0.711999465266	0.721330977777	0.713778844298	0.732215106309	0.6964934673	0.678631028458	0.688679238858	0.695089371543	0.724486754855	0.725091767022	0.736752162409	0.71710976261	0.707296966442	0.709451269209
AA5	0.645149038517	0.676234938865	0.706603207024	0.687812747912	0.670716833041	0.673641113335	0.714749235552	0.695136377744	0.616556859281	0.703191634938	0.629506835899	0.66127305127	0.687867693018	0.701614716232	0.660725652719	0.67558422086	0.669406834461	0.68072534841	0.764169820177	0.683001697307	0.702467756507	0.695762728813	0.649272580475	0.687988444348	0.731602318701	0.691400922819	0.674599780883	0.694790877048	0.683410810514	0.670274098257	0.708065894163	0.684857117195	0.0	0.583235791055	0.675619611242	0.691867600811	0.637036025253	0.649460462764	0.666025980159	0.679641471105	0.69605435172	0.649765253076	0.646204161569	0.651036983678	0.718091022988	0.668137090942	0.688539931773	0.70521054884	0.68351930517	0.702814036206	0.677204567734	0.71076368906	0.660277454476	0.688393382842	0.664088948715	0.698817608886	0.676616086306	0.71297680984	0.669924546059	0.688322649195	0.651697345329	0.703204830266
AA6	0.679872658218	0.680007294188	0.774738247553	0.700924038847	0.697024094549	0.673734212206	0.667385749154	0.658738714335	0.697059713767	0.673855922276	0.679767048923	0.653575259904	0.709379243432	0.714774549456	0.723704863582	0.680246471622	0.719686971798	0.721196683037	0.785624207213	0.688695495904	0.699110592768	0.670560422144	0.707375025791	0.707546557595	0.756743886797	0.713132663562	0.697726785912	0.674663354556	0.713180200068	0.675345836374	0.762012280862	0.689626348602	0.583235791055	0.0	0.685669242629	0.696107429004	0.656956330639	0.649940825991	0.668469089415	0.678782684368	0.676975405899	0.691401342984	0.659607047077	0.669762032289	0.489184390812	0.472029404201	0.689597525808	0.681410343008	0.687737448397	0.683551883816	0.655519245008	0.668514631409	0.668501945154	0.684010315237	0.69057834213	0.691091748893	0.671856424643	0.671930910278	0.677885328335	0.678764850732	0.670643352149	0.66868076443
AB5	0.667809300647	0.651668831053	0.712121351701	0.678304659311	0.691077409382	0.664700839879	0.668484476044	0.676604035578	0.68209648752	0.685580471201	0.668550855712	0.65534523136	0.678746086688	0.6692280749	0.681789702605	0.661523806174	0.707327581069	0.722076318023	0.767936134766	0.693544382124	0.718875336632	0.705460642701	0.712955316041	0.724948847275	0.739991999574	0.720991152962	0.691508367584	0.691332420257	0.707969919718	0.69015956243	0.762500372786	0.707556470003	0.675619611242	0.685669242629	0.0	0.424130796845	0.648399890605	0.655542680203	0.65986641334	0.639466431472	0.648109653886	0.669731721358	0.6694586145	0.644362817332	0.702392349427	0.698142985459	0.686550946982	0.713243719951	0.673191626414	0.690179319344	0.682863468366	0.697996673345	0.647903709905	0.69743794204	0.696366483278	0.673771702865	0.700281462516	0.689768172454	0.699228953189	0.701978961541	0.649755750301	0.685961436565
AB6	0.704465604756	0.664121868706	0.750801050118	0.6822850019	0.692610958946	0.667086912806	0.667713107947	0.667867311753	0.704800548504	0.664206253188	0.698687658396	0.672514224823	0.676966813316	0.700063227661	0.696076604907	0.668662665014	0.722565378825	0.731835236671	0.783994337841	0.686242531244	0.73277208073	0.709540476929	0.725985627761	0.721489222676	0.753685900636	0.721057135758	0.69931236875	0.704027603002	0.699781665195	0.684969494864	0.775199418902	0.717400295059	0.691867600811	0.696107429004	0.424130796845	0.0	0.661399441666	0.652060450347	0.664605399356	0.652264532563	0.654952893136	0.670416732037	0.664873750861	0.548714584939	0.69564586542	0.675323359556	0.694246988488	0.707028316294	0.663359252438	0.672414792822	0.67979172209	0.691968087766	0.671351329331	0.687506106661	0.696950473312	0.687261682218	0.684743796669	0.697492714679	0.677833869766	0.685185322255	0.672663551694	0.67655349543
AC5	0.648176302557	0.654645214302	0.723857486325	0.669849871798	0.687717390836	0.665814989205	0.684086927646	0.66585385443	0.674262241649	0.692590755649	0.662403386399	0.6713787825	0.681798897179	0.689749979704	0.675845985354	0.672851268608	0.66060675694	0.686961635454	0.762635059953	0.66565917481	0.708971089427	0.700336349325	0.683873142218	0.705675924053	0.731119581974	0.721055776212	0.685808846467	0.681455321643	0.680399077851	0.644264416262	0.749395814925	0.692092526409	0.637036025253	0.656956330639	0.648399890605	0.661399441666	0.0	0.498026431989	0.650045575294	0.664745891845	0.659180973976	0.659614424542	0.586651811868	0.626051532516	0.664778147102	0.66300010374	0.664927956712	0.692639226813	0.63436730806	0.677535327308	0.647062750358	0.672790477306	0.651190645326	0.670762866815	0.633361692575	0.666023382394	0.655741599641	0.659123363471	0.66199418582	0.678454239161	0.654565290328	0.675808119984
AC6	0.658612849372	0.640696041943	0.729148766544	0.650953003194	0.64755069043	0.630093382843	0.669503333452	0.665957867007	0.685335592963	0.666984688504	0.65849543295	0.662368895288	0.665926745603	0.666033435486	0.671119452005	0.652658957703	0.688939658015	0.694883685232	0.760151513768	0.65398382285	0.701229079467	0.682690794084	0.694546157671	0.691718043137	0.742201630047	0.701020278325	0.685066334409	0.667908550472	0.682960261243	0.639744057232	0.737885309156	0.681150842711	0.649460462764	0.649940825991	0.655542680203	0.652060450347	0.498026431989	0.0	0.643279381816	0.645431367334	0.646905071572	0.538619428648	0.464931850032	0.61752110166	0.671540864332	0.651936721331	0.673870263956	0.685932638165	0.625146491237	0.643684225066	0.652793570513	0.672485615353	0.661377560881	0.66844006471	0.653430443474	0.656509395879	0.652142033383	0.67753567943	0.661564878592	0.653339248534	0.660496204049	0.667788096629
AD6	0.661125494815	0.653883450877	0.761315170606	0.659600517959	0.679744533884	0.644342057799	0.61933596571	0.620385254851	0.669885810425	0.616466890702	0.674201718956	0.654151417145	0.677150237095	0.684005301077	0.682139413566	0.649942392929	0.706276215274	0.693086298417	0.778458395744	0.675130935136	0.694515137027	0.667703508694	0.697389646458	0.700599006597	0.749012113436	0.699295419875	0.670436172764	0.659049893401	0.69422239659	0.662150430779	0.742450771127	0.690892754701	0.666025980159	0.668469089415	0.65986641334	0.664605399356	0.650045575294	0.643279381816	0.0	0.514473160981	0.440687019647	0.646951434588	0.654203811593	0.643737419103	0.666346479381	0.677265021054	0.66974294801	0.662872306111	0.646348828028	0.6424455465	0.675134058235	0.689822576196	0.642000609999	0.650546013901	0.657817655432	0.650761904393	0.651508699703	0.680954226373	0.653887865056	0.641927388849	0.646837071154	0.645693012473
AE5	0.672744105627	0.646391537739	0.755904795275	0.67842407772	0.649616134751	0.646540751941	0.651445794605	0.648342360935	0.678048818427	0.63969677001	0.667499631261	0.646633594861	0.6957729184	0.692699498682	0.668001450188	0.65536029494	0.735963254058	0.697991079819	0.785440527693	0.692215852729	0.724310168864	0.695758851221	0.704140433312	0.706274883528	0.75693589231	0.704012899757	0.690449125668	0.68521277462	0.700323860559	0.677372411768	0.743919779386	0.698149296169	0.679641471105	0.678782684368	0.639466431472	0.652264532563	0.664745891845	0.645431367334	0.514473160981	0.0	0.408487986362	0.668595047727	0.648815258135	0.637707158258	0.686764069789	0.667065596254	0.67761163978	0.6632343172	0.653282847152	0.6348152454	0.664093825426	0.688643131808	0.641974565234	0.656333606375	0.656343985922	0.640744611823	0.646374936385	0.684340011448	0.655222167558	0.633700502982	0.640244119819	0.654863933553
AE6	0.694745072806	0.655011337013	0.778590427414	0.688290522842	0.670686234563	0.644922610349	0.638426643024	0.635638061354	0.691596991501	0.628721965613	0.680047319416	0.641513808393	0.699877894073	0.701200723604	0.677375783012	0.653689633366	0.724541317187	0.69312994993	0.786254289738	0.682288222824	0.722365709638	0.682236655215	0.70956177272	0.710807042708	0.760880213795	0.708070898195	0.679640603069	0.683935287336	0.691960243998	0.663209870536	0.754675904636	0.698306502451	0.69605435172	0.676975405899	0.648109653886	0.654952893136	0.659180973976	0.646905071572	0.440687019647	0.408487986362	0.0	0.666400854322	0.654918396189	0.650800696338	0.668863589038	0.66347098442	0.693569756581	0.645601208622	0.668887138065	0.638379673086	0.672435817323	0.692971842292	0.65370166091	0.655442751263	0.660140037399	0.655677008583	0.665272319338	0.671320224982	0.680399958063	0.630473730274	0.642153706012	0.63824601635
AF5	0.678303234935	0.661512000148	0.732579292668	0.66410959297	0.641454446645	0.634580187593	0.666743570909	0.671692185282	0.67358688139	0.672306209552	0.677251523894	0.669000628428	0.667049474554	0.678680103015	0.680677776183	0.665547888339	0.686150719123	0.693117341459	0.715464338308	0.669519359	0.707230584895	0.691549136015	0.701556756969	0.715974382623	0.739018716247	0.702705405381	0.677919779994	0.686389306572	0.700606013185	0.67284312705	0.738055615249	0.69118235148	0.649765253076	0.691401342984	0.669731721358	0.670416732037	0.659614424542	0.538619428648	0.646951434588	0.668595047727	0.666400854322	0.0	0.506574886106	0.642720909786	0.704051318592	0.698240388474	0.715045559389	0.708406661383	0.655018456604	0.662987915928	0.690335983151	0.71598250135	0.679408856686	0.683799028554	0.695314140842	0.689624098924	0.680086496159	0.703527210088	0.686317180118	0.651187542018	0.668992066231	0.69040190195
AF6	0.652005595103	0.645787776705	0.707608420254	0.641543970409	0.654530423277	0.635134072195	0.680308249723	0.67794514593	0.67844932533	0.681471451685	0.652914552028	0.663602769801	0.659464905628	0.64994939004	0.675116427205	0.657606729174	0.70616522572	0.704531741938	0.737421435756	0.659365108184	0.713776658248	0.686947210432	0.690354221338	0.697394093166	0.743270691028	0.70162327845	0.684590738218	0.672381784779	0.690168492377	0.659915880532	0.751175244008	0.696370171364	0.646204161569	0.659607047077	0.6694586145	0.664873750861	0.586651811868	0.464931850032	0.654203811593	0.648815258135	0.654918396189	0.506574886106	0.0	0.608674397116	0.668185780231	0.668199846857	0.676313490076	0.682701083637	0.624385385582	0.644480026638	0.667185449229	0.678696237966	0.659230430448	0.677583473942	0.667483571249	0.666447468166	0.646356592011	0.686840106909	0.640343312752	0.657291718964	0.655058703305	0.681717798456
