	AA3	AA4	AB3	AB4	AC3	AC4	AD3	AD4	AE3	AE4	AF3	AF4	AG3	AG4	AH3	AH4	AA7	AA8	AB7	AB8	AC7	AC8	AD7	AD8	AE7	AE8	AF7	AF8	AG7	AG8	AH7	AH8	AA5	AA6	AB5	AB6	AC5	AC6	AD6	AE5	AE6	AF5	AF6	AG5	AH5	AH6	AA1	AA2	AB1	AB2	AC1	AC2	AD1	AD2	AE1	AE2	AF1	AF2	AG1	AG2	AH1	AH2
AA3	0.0	0.485423952339	0.688175357212	0.631945798807	0.653544506246	0.677533964944	0.686954205428	0.676716218306	0.653058415367	0.698203460699	0.635774255197	0.67290207102	0.647895535562	0.622354352918	0.675653304407	0.479286069685	0.659457827803	0.680594780157	0.757307568799	0.694211722384	0.692145878156	0.67949611128	0.680720826921	0.686493283407	0.722907829996	0.69548636772	0.666137267677	0.683050963073	0.675192194368	0.6840994055	0.729850054778	0.678534907706	0.643721705211	0.687157141215	0.673204698236	0.683785812382	0.638335624792	0.650108570908	0.660855584789	0.6775937084	0.662958437991	0.663092124244	0.669166592008	0.677392506517	0.696414686911	0.696703663045	0.653869216183	0.686331089241	0.631713491898	0.691944094885	0.679727623048	0.66453604674	0.634579331443	0.660616570337	0.659721453599	0.662753529775	0.666104201457	0.675725692224	0.659853787727	0.675302725363	0.637056356079	0.684862706147
AA4	0.485423952339	0.0	0.703561755887	0.63082028606	0.678552711929	0.666184378174	0.662610804258	0.640375202313	0.662899341083	0.663872609052	0.655182995287	0.649985154493	0.662896072774	0.632801277085	0.51628572454	0.366816614391	0.680829245288	0.67912304415	0.774787784619	0.690058896409	0.715945885938	0.654155354394	0.691307300654	0.691935828981	0.733292515278	0.681296982235	0.652142479841	0.661966923033	0.680222114155	0.678129578442	0.747090269041	0.674774550643	0.663193059339	0.679678646287	0.666333390426	0.65083366073	0.655969470061	0.6284081361	0.6353636978	0.665211213838	0.629036825237	0.66894375125	0.664222400003	0.638862279719	0.687798747663	0.677727546519	0.653588034714	0.644083339909	0.637455137844	0.663678619477	0.669154833197	0.639354620078	0.642694487559	0.634931022222	0.648652915985	0.637705702959	0.647837032332	0.661497984152	0.654204565279	0.645057314741	0.650251151126	0.649830005302
AB3	0.688175357212	0.703561755887	0.0	0.634098800821	0.716937309776	0.751340826599	0.73877741559	0.732481235178	0.703950125865	0.755117789122	0.720211026973	0.718007849932	0.716068352587	0.553636779567	0.700546211655	0.702695415375	0.714780404887	0.73739740319	0.713229799099	0.703540361601	0.713901539564	0.729378308469	0.734508625602	0.727272305722	0.709812398135	0.731721456556	0.720427328202	0.745733792046	0.697975206811	0.705053958275	0.731498816421	0.736840353797	0.726413880263	0.775942111104	0.733735260776	0.745136808215	0.729561705484	0.698186170007	0.760107157776	0.75840491932	0.763875217545	0.719485670212	0.728735243987	0.74434562161	0.785862028479	0.792982680572	0.765258186593	0.767906477457	0.713066728327	0.76171987403	0.758491095918	0.75829924229	0.757023694082	0.74800931588	0.728751260764	0.757454981858	0.753981850655	0.763569057835	0.767332633419	0.759855449993	0.736982141694	0.762416718361
AB4	0.631945798807	0.63082028606	0.634098800821	0.0	0.690910962067	0.683410612366	0.695916263473	0.680109635048	0.677942249797	0.703162407729	0.662453893654	0.683505569622	0.42730761936	0.472315529496	0.681616380372	0.640994816261	0.703467039578	0.704990550521	0.757623918518	0.693412169823	0.695742240169	0.687414681305	0.698578424737	0.706008479523	0.72170534872	0.703085631299	0.670884998682	0.683446176127	0.685428513908	0.682492475812	0.740295682137	0.707625915763	0.685329680331	0.704625184796	0.683309863782	0.675644180759	0.674572263402	0.640482472289	0.68735039145	0.687500410869	0.686299985207	0.672044527867	0.674657244601	0.679376199921	0.715082297009	0.71334176304	0.70034992366	0.6900580012	0.633927959435	0.694164512469	0.709890266591	0.698433487215	0.674501405324	0.675007057205	0.673769628019	0.671007821625	0.692016192776	0.694653552645	0.701086818182	0.675410504429	0.678998933469	0.692751440716
AC3	0.653544506246	0.678552711929	0.716937309776	0.690910962067	0.0	0.50739996411	0.67080568008	0.680178122872	0.647803505463	0.672914806608	0.667529669583	0.446880297202	0.706281934331	0.684047012013	0.68096504249	0.670326317907	0.672989494683	0.691555189022	0.76547166103	0.681890441426	0.713118160322	0.70014593502	0.728427279463	0.720850296739	0.721838189569	0.712666350098	0.710827405544	0.706304134514	0.715065681798	0.70332931605	0.760185764939	0.69257889052	0.649080343721	0.692220798914	0.676959453789	0.685999354719	0.685103364164	0.676083536464	0.672210655398	0.647709559511	0.658769463554	0.678904367193	0.683986536363	0.69141437337	0.717849517743	0.708804735584	0.706810688268	0.709952342206	0.701552833185	0.695521717802	0.677050647141	0.690427787376	0.685006165611	0.676035455623	0.680688876722	0.687907505246	0.697612782875	0.701006217462	0.684069859006	0.679719049134	0.679412014086	0.692023343162
AC4	0.677533964944	0.666184378174	0.751340826599	0.683410612366	0.50739996411	0.0	0.689957123051	0.668526632414	0.680702981296	0.662096408048	0.517682646777	0.400687724373	0.699355172856	0.692091582064	0.696658591731	0.646106665448	0.694813339818	0.703673561831	0.773002777886	0.695478627498	0.724188132523	0.692578825664	0.728586782966	0.725421646728	0.765474512773	0.714305598704	0.693648827093	0.699051870078	0.705755890416	0.695360637231	0.764262570405	0.705301774398	0.673861623073	0.665968609337	0.677908254223	0.671158722538	0.673711506597	0.663807314705	0.653994321285	0.661790358816	0.660985293903	0.661583110395	0.662985715222	0.669794620865	0.689005621605	0.6767103557	0.716323107443	0.692106368898	0.696224999984	0.695807857815	0.692129545467	0.684697304631	0.68651505148	0.692844421159	0.704967197915	0.707372806084	0.675108330574	0.676702439777	0.683902011032	0.677824671144	0.671886545302	0.66288670115
AD3	0.686954205428	0.662610804258	0.73877741559	0.695916263473	0.67080568008	0.689957123051	0.0	0.432776076117	0.68476702332	0.34452172483	0.705664218342	0.672577481014	0.714194960074	0.676062484822	0.688121876436	0.668879080973	0.710458161235	0.695043107417	0.76886665635	0.673558346173	0.719802022052	0.667919938922	0.718838369462	0.693051014661	0.720981515283	0.686478356497	0.697965199057	0.675623902186	0.713736372879	0.686263399447	0.724220703364	0.685796552128	0.707657345185	0.676529259683	0.669270245549	0.67474171299	0.679530258092	0.659176558019	0.627085687738	0.640360473372	0.615058210421	0.696828352387	0.68032696795	0.702071338174	0.700071670815	0.690705233767	0.689815739512	0.674788920983	0.685060077508	0.663004747978	0.705055563552	0.69475396653	0.679497935656	0.669238224898	0.671258085541	0.677063074218	0.687835537693	0.695814945152	0.693507243817	0.662694119473	0.696347064098	0.672316835205
AD4	0.676716218306	0.640375202313	0.732481235178	0.680109635048	0.680178122872	0.668526632414	0.432776076117	0.0	0.578172907881	0.412851400593	0.674697018053	0.662503575214	0.696398225386	0.665185691853	0.666630444515	0.656490515052	0.68055900046	0.681633561368	0.765084752307	0.672387854509	0.712922625189	0.675263811111	0.693484450443	0.689500124407	0.74782027722	0.687776203289	0.67640832733	0.665891103144	0.688593714688	0.669612313942	0.705770142089	0.683241063374	0.68418520439	0.674864899107	0.664181224902	0.66338504706	0.646944968267	0.646633637893	0.617311351072	0.652033996284	0.617518282844	0.673146201782	0.650027413008	0.678666176666	0.692056447795	0.684170747214	0.67663637597	0.670333174619	0.669282420212	0.669264609428	0.713424650004	0.691830134448	0.674443055586	0.664961747183	0.662458409266	0.668322332822	0.687268177115	0.686593930916	0.683236263881	0.670853307261	0.67539600857	0.662844819013
AE3	0.653058415367	0.662899341083	0.703950125865	0.677942249797	0.647803505463	0.680702981296	0.68476702332	0.578172907881	0.0	0.653605135811	0.653650133739	0.666439131869	0.688348663891	0.679319956106	0.670733902623	0.671670899843	0.664352753675	0.683299473135	0.763565684121	0.688220026994	0.712484428517	0.709778816131	0.672236866062	0.688469813845	0.736253325938	0.695309684272	0.680332387406	0.71199256035	0.655595116106	0.680784047072	0.725090567578	0.693411932728	0.629607163422	0.714204902604	0.689870997762	0.704752614779	0.647160327573	0.677239980159	0.669250452824	0.681567680876	0.676830884456	0.677986791547	0.667381180552	0.695458197723	0.730463381122	0.731965064253	0.701537265186	0.732316662661	0.700213949843	0.728797608081	0.708417757232	0.713432866817	0.689200337884	0.695756580443	0.654030527718	0.700831246523	0.706461651713	0.728017079764	0.705533070791	0.716795354711	0.658347150379	0.722557579553
AE4	0.698203460699	0.663872609052	0.755117789122	0.703162407729	0.672914806608	0.662096408048	0.34452172483	0.412851400593	0.653605135811	0.0	0.709158360707	0.650111706938	0.713630324799	0.692457798105	0.70399376693	0.65526338107	0.708625793437	0.68990291542	0.782984774667	0.664065805536	0.717354938794	0.677542299475	0.723554265909	0.70606944828	0.739076058653	0.683100617573	0.69027925133	0.674520131591	0.690274254686	0.67164644662	0.721663016158	0.687244407435	0.70581345715	0.669139370724	0.680124634555	0.675850016603	0.681660387836	0.665944466746	0.614329546743	0.64869493117	0.610149835307	0.669570429521	0.674576315699	0.690717856204	0.705782145533	0.699812151774	0.690916006965	0.682683332643	0.696106010751	0.672628831763	0.698444120736	0.688370938525	0.677880634366	0.683712429273	0.691510711262	0.677113378423	0.68696748013	0.694979038855	0.694280719968	0.65630727505	0.700165606877	0.65883383785
AF3	0.635774255197	0.655182995287	0.720211026973	0.662453893654	0.667529669583	0.517682646777	0.705664218342	0.674697018053	0.653650133739	0.709158360707	0.0	0.563040123165	0.683707836679	0.669903054613	0.663852153286	0.660028717315	0.667623410382	0.678681239448	0.754378295805	0.692458939055	0.686129238941	0.704437558167	0.680541255953	0.686886771346	0.75631811978	0.716162505814	0.686800218735	0.707363286214	0.685560447904	0.675401797634	0.721493916738	0.689087829043	0.640050496893	0.685101758342	0.666599722263	0.682637315924	0.656695245757	0.652543168005	0.663403354226	0.678373398044	0.685689433837	0.656728740348	0.663035101079	0.679716077629	0.687890871206	0.691158464762	0.716799017767	0.69788558848	0.687121971548	0.717012672129	0.71040990499	0.707715848793	0.705228590678	0.700750392218	0.694016565502	0.711197188557	0.687221274842	0.704766863407	0.691315618154	0.718289883716	0.653506701207	0.698396454351
AF4	0.67290207102	0.649985154493	0.718007849932	0.683505569622	0.446880297202	0.400687724373	0.672577481014	0.662503575214	0.666439131869	0.650111706938	0.563040123165	0.0	0.696062225125	0.692096646538	0.682168842297	0.645934028744	0.683947846749	0.655437494343	0.758293513871	0.667277139702	0.695920242289	0.664678708711	0.708837029508	0.696120760276	0.738354211132	0.689333471998	0.681880386302	0.691392518574	0.68946591407	0.665197184823	0.732534435576	0.677013807171	0.672547946053	0.653438551547	0.682395357916	0.67178890734	0.691499334798	0.647931541536	0.659685738434	0.654535386194	0.650414751496	0.657502491004	0.66575168239	0.668207699771	0.68158440629	0.663870744046	0.718579316145	0.68528999873	0.688654843777	0.684600342707	0.667520082011	0.691604480131	0.678358414571	0.676248181322	0.688129753457	0.685753328755	0.679408944294	0.680155725931	0.692156181491	0.65848154573	0.682779283238	0.660915290849
AG3	0.647895535562	0.662896072774	0.716068352587	0.42730761936	0.706281934331	0.699355172856	0.714194960074	0.696398225386	0.688348663891	0.713630324799	0.683707836679	0.696062225125	0.0	0.535297611325	0.692542498994	0.663365526576	0.680645375781	0.68366485041	0.779635125925	0.719996678947	0.691841530466	0.703114092868	0.68394414625	0.689857834265	0.733220913076	0.700107575382	0.675118556732	0.704874670704	0.685905916549	0.69458461796	0.742402314565	0.701278114328	0.688426147701	0.709868531058	0.695605439218	0.690822649351	0.691031298604	0.664250266109	0.690242254012	0.707411606681	0.707063019277	0.689517650196	0.690695380249	0.680171385147	0.710559277659	0.713435368772	0.703625393791	0.709146550177	0.639706820922	0.705960387119	0.708052186068	0.707673154861	0.677019600308	0.687080881957	0.67388288593	0.677101218147	0.704298974119	0.715427334918	0.697523592165	0.683773297197	0.694613061053	0.713798194275
AG4	0.622354352918	0.632801277085	0.553636779567	0.472315529496	0.684047012013	0.692091582064	0.676062484822	0.665185691853	0.679319956106	0.692457798105	0.669903054613	0.692096646538	0.535297611325	0.0	0.666909148085	0.622680668244	0.702337763578	0.704319412523	0.732733574469	0.685042171774	0.700683438966	0.681982209034	0.699120912466	0.707607967964	0.712463327936	0.70655407465	0.673850514067	0.692582931773	0.689263366056	0.67584807213	0.744730421753	0.697381992199	0.681834859859	0.722322304848	0.679480519275	0.675534295376	0.679527250228	0.654008522225	0.690703908384	0.692470777077	0.693887005525	0.677100222098	0.681238355241	0.682228379314	0.737169716237	0.732151444922	0.690070400972	0.696593018189	0.640953068259	0.690611864794	0.70559581865	0.696227231008	0.689653884197	0.686879609791	0.680623371966	0.692804131385	0.69481603111	0.693920133803	0.715988763585	0.688057791286	0.690960929234	0.700344400882
AH3	0.675653304407	0.51628572454	0.700546211655	0.681616380372	0.68096504249	0.696658591731	0.688121876436	0.666630444515	0.670733902623	0.70399376693	0.663852153286	0.682168842297	0.692542498994	0.666909148085	0.0	0.540961617816	0.67192273622	0.700060532388	0.768280556631	0.702235734002	0.712531992712	0.697176666024	0.685835503283	0.70196751902	0.727274198719	0.697074259498	0.687282753498	0.689056063232	0.685835724034	0.702895809091	0.749596715818	0.696574399197	0.654913818735	0.719621986775	0.668438205875	0.689035399074	0.678872236128	0.656495203076	0.673573714767	0.689451654064	0.674784667486	0.680144745692	0.675879008496	0.690238992825	0.721563141041	0.714012963456	0.700895534621	0.690209314513	0.69106645033	0.705046054323	0.730071399648	0.703126511093	0.703087086764	0.685854528973	0.67789948663	0.690561171387	0.701891606611	0.716291830184	0.707886648082	0.686424436084	0.689667724432	0.704696051051
AH4	0.479286069685	0.366816614391	0.702695415375	0.640994816261	0.670326317907	0.646106665448	0.668879080973	0.656490515052	0.671670899843	0.65526338107	0.660028717315	0.645934028744	0.663365526576	0.622680668244	0.540961617816	0.0	0.691476057724	0.686930197658	0.776233635315	0.688036551636	0.706114611078	0.665116986502	0.686686701229	0.694016274087	0.731811281405	0.673608609417	0.656151803652	0.668103821158	0.657787552626	0.68777253896	0.749138404488	0.679740780992	0.666549827495	0.672045849176	0.657184572554	0.644847877497	0.669200280848	0.639452067175	0.636525266908	0.666050870133	0.62440731486	0.651781721501	0.651145286998	0.657047516053	0.685477614612	0.672632496671	0.664182863556	0.643433600094	0.644035712672	0.667956759721	0.670875309501	0.647247864179	0.638491440671	0.647460688549	0.65556690772	0.645139776086	0.636595990621	0.676073906961	0.653444900715	0.624078644169	0.64228754544	0.632363721821
AA7	0.659457827803	0.680829245288	0.714780404887	0.703467039578	0.672989494683	0.694813339818	0.710458161235	0.68055900046	0.664352753675	0.708625793437	0.667623410382	0.683947846749	0.680645375781	0.702337763578	0.67192273622	0.691476057724	0.0	0.508472556379	0.767560295431	0.687604378419	0.666513730353	0.67922534348	0.679121883426	0.688038615693	0.697335904043	0.691890334397	0.65824413023	0.684544499901	0.672015676538	0.687666137989	0.706779421424	0.536641193922	0.643416234387	0.726215153746	0.702517150064	0.717476946977	0.661012903974	0.675607060725	0.704259454211	0.733221037365	0.721174858307	0.684029810947	0.695716057766	0.727754065861	0.73286349308	0.730960893527	0.727686375058	0.733703916816	0.695845761874	0.748896418541	0.723558010918	0.720756397548	0.697682988745	0.70073956852	0.682266086495	0.711360462769	0.734284149377	0.725293968116	0.728505088579	0.728944247937	0.677910712011	0.717073929968
AA8	0.680594780157	0.67912304415	0.73739740319	0.704990550521	0.691555189022	0.703673561831	0.695043107417	0.681633561368	0.683299473135	0.68990291542	0.678681239448	0.655437494343	0.68366485041	0.704319412523	0.700060532388	0.686930197658	0.508472556379	0.0	0.770959598391	0.662197878673	0.635793769288	0.635605855535	0.658532079195	0.661810507581	0.699203436199	0.668046110278	0.662094697698	0.657947223083	0.653664219457	0.652269406607	0.533784782994	0.385888690162	0.675789184665	0.712557913088	0.719862244498	0.710747199222	0.685868585179	0.685822869521	0.708048726743	0.708878088188	0.700054266629	0.699629471308	0.695864558126	0.711590524795	0.708169479185	0.707544768898	0.715721245426	0.712300181887	0.702262257036	0.723650069762	0.717634858163	0.72302542034	0.693100944131	0.672412805337	0.686408425097	0.693143161453	0.733433860376	0.726883481418	0.74051194887	0.715632488266	0.700590543433	0.703342281753
AB7	0.757307568799	0.774787784619	0.713229799099	0.757623918518	0.76547166103	0.773002777886	0.76886665635	0.765084752307	0.763565684121	0.782984774667	0.754378295805	0.758293513871	0.779635125925	0.732733574469	0.768280556631	0.776233635315	0.767560295431	0.770959598391	0.0	0.550200614863	0.750238224355	0.764150459005	0.791648918793	0.785631456074	0.747461461613	0.782762520149	0.779071837841	0.778171231118	0.752560374062	0.638524792378	0.762681690851	0.763103247406	0.773097479462	0.794032650696	0.771333502336	0.785984054085	0.765251284908	0.757668677664	0.786011007952	0.792022261347	0.788968533504	0.748751309769	0.742082374082	0.790053703817	0.798969490996	0.805356443858	0.817822760092	0.805803919111	0.779827775252	0.796211013748	0.812811076956	0.801213381561	0.800056937245	0.793365777417	0.784100301898	0.796611782598	0.803000243797	0.800649442858	0.808191463648	0.804335157892	0.78481790796	0.7944922729
AB8	0.694211722384	0.690058896409	0.703540361601	0.693412169823	0.681890441426	0.695478627498	0.673558346173	0.672387854509	0.688220026994	0.664065805536	0.692458939055	0.667277139702	0.719996678947	0.685042171774	0.702235734002	0.688036551636	0.687604378419	0.662197878673	0.550200614863	0.0	0.650399619447	0.628723864171	0.690951241694	0.658468840404	0.677549374277	0.663100172316	0.680122820336	0.650540449381	0.495223967825	0.396843950204	0.706832853097	0.642304600148	0.694053590778	0.694922933455	0.695996293902	0.679757210574	0.667043460181	0.661833139928	0.678635338346	0.685298831165	0.678474333081	0.692868681366	0.680324899743	0.696488492574	0.697319474702	0.696369022323	0.730787004719	0.712412634871	0.691982382578	0.7061255535	0.712663108974	0.714817443944	0.681509311058	0.676308071573	0.685698839655	0.682352360439	0.710019440418	0.714714141905	0.722461081404	0.708064203655	0.686696487928	0.695797329746
AC7	0.692145878156	0.715945885938	0.713901539564	0.695742240169	0.713118160322	0.724188132523	0.719802022052	0.712922625189	0.712484428517	0.717354938794	0.686129238941	0.695920242289	0.691841530466	0.700683438966	0.712531992712	0.706114611078	0.666513730353	0.635793769288	0.750238224355	0.650399619447	0.0	0.515102627034	0.689813141816	0.673245079685	0.693362701118	0.692088185246	0.702511427462	0.571371008943	0.641535420825	0.637176388235	0.658574480174	0.664393545713	0.702126134796	0.693851648188	0.725639415086	0.734763655683	0.711980019777	0.70566470808	0.709880857263	0.727652525975	0.720634809478	0.723881743628	0.73081454065	0.725054022433	0.693879133383	0.699626778158	0.748397360624	0.752561268398	0.713422791795	0.729622099832	0.746298408075	0.752836845508	0.710133423658	0.695390074308	0.684582913596	0.697046451233	0.748528102897	0.73189761628	0.749513199522	0.727972177094	0.698899526721	0.720539579999
AC8	0.67949611128	0.654155354394	0.729378308469	0.687414681305	0.70014593502	0.692578825664	0.667919938922	0.675263811111	0.709778816131	0.677542299475	0.704437558167	0.664678708711	0.703114092868	0.681982209034	0.697176666024	0.665116986502	0.67922534348	0.635605855535	0.764150459005	0.628723864171	0.515102627034	0.0	0.688351080607	0.656027939514	0.704345686774	0.653616119744	0.518886737374	0.39305988412	0.627292007453	0.620011710903	0.702496986295	0.640767371083	0.697956140017	0.670418879377	0.707626077599	0.693739256638	0.688681550647	0.662253453151	0.675097129455	0.697338507812	0.671322320403	0.703065781761	0.707150935301	0.685722442742	0.678696914157	0.671650100525	0.708145360035	0.69399226532	0.682945090675	0.686977772263	0.697390612377	0.691768228946	0.664716986443	0.641147624919	0.651189063867	0.653316031309	0.693672751789	0.671939149336	0.699621526926	0.695100393642	0.677775590948	0.670616729736
AD7	0.680720826921	0.691307300654	0.734508625602	0.698578424737	0.728427279463	0.728586782966	0.718838369462	0.693484450443	0.672236866062	0.723554265909	0.680541255953	0.708837029508	0.68394414625	0.699120912466	0.685835503283	0.686686701229	0.679121883426	0.658532079195	0.791648918793	0.690951241694	0.689813141816	0.688351080607	0.0	0.45040121816	0.712182772568	0.524146712615	0.661738239657	0.673806995725	0.669447411436	0.671762463935	0.709330504793	0.674908784827	0.667969968747	0.711365208648	0.7293567127	0.714023734715	0.701044265917	0.681341060894	0.69394890902	0.720841520336	0.70664290641	0.689920049135	0.696308699834	0.71384591868	0.685139068199	0.685305551163	0.718795694162	0.709837687688	0.679958989843	0.721097040445	0.697477660294	0.718797946862	0.695064856452	0.675295623258	0.669492497393	0.688757863922	0.708259096372	0.707937898082	0.717328438345	0.719659374635	0.677873098281	0.701090541757
AD8	0.686493283407	0.691935828981	0.727272305722	0.706008479523	0.720850296739	0.725421646728	0.693051014661	0.689500124407	0.688469813845	0.70606944828	0.686886771346	0.696120760276	0.689857834265	0.707607967964	0.70196751902	0.694016274087	0.688038615693	0.661810507581	0.785631456074	0.658468840404	0.673245079685	0.656027939514	0.45040121816	0.0	0.593400281051	0.39445061347	0.634632187897	0.650312435742	0.64863309287	0.651507241145	0.699911741893	0.66072577501	0.680481208007	0.697677868018	0.723501483533	0.707453140295	0.698918711142	0.676145171794	0.687375748578	0.716321829377	0.699294963713	0.700478343327	0.690874010544	0.701253098796	0.686069151974	0.690904650805	0.71542163646	0.706995932137	0.682557750525	0.704489419855	0.705511068903	0.721226800155	0.684798887986	0.655655282428	0.656366046545	0.678574710125	0.704104447439	0.708546689698	0.705693914111	0.706698961398	0.688899066188	0.700079835667
AE7	0.722907829996	0.733292515278	0.709812398135	0.72170534872	0.721838189569	0.765474512773	0.720981515283	0.74782027722	0.736253325938	0.739076058653	0.75631811978	0.738354211132	0.733220913076	0.712463327936	0.727274198719	0.731811281405	0.697335904043	0.699203436199	0.747461461613	0.677549374277	0.693362701118	0.704345686774	0.712182772568	0.593400281051	0.0	0.507551032876	0.704539510475	0.698761809772	0.683955965621	0.690254876879	0.733092435223	0.702543844479	0.722202130746	0.756491721396	0.736663530261	0.748810791437	0.728480177115	0.73694305542	0.75591410207	0.755910281855	0.754473614163	0.75482704044	0.707821950794	0.748884874796	0.75738412049	0.768011881617	0.771098889241	0.779070973765	0.733050354064	0.766686271017	0.764668301517	0.778262130534	0.747367318103	0.745721284127	0.735674135262	0.747232513109	0.78069960737	0.784137173541	0.779168599675	0.758441412511	0.75534978332	0.763518739837
AE8	0.69548636772	0.681296982235	0.731721456556	0.703085631299	0.712666350098	0.714305598704	0.686478356497	0.687776203289	0.695309684272	0.683100617573	0.716162505814	0.689333471998	0.700107575382	0.70655407465	0.697074259498	0.673608609417	0.691890334397	0.668046110278	0.782762520149	0.663100172316	0.692088185246	0.653616119744	0.524146712615	0.39445061347	0.507551032876	0.0	0.649824059915	0.658136556129	0.63063586753	0.657874512776	0.71433226423	0.660849127392	0.682545859287	0.696965358161	0.723618568452	0.706094773989	0.711342117293	0.68165633358	0.708297608017	0.722213517105	0.699724011541	0.699651530565	0.682221809213	0.711543100214	0.704650936122	0.707486134249	0.721085584567	0.716861519216	0.698817476554	0.714839067039	0.714422393371	0.717775730558	0.681391969592	0.67818497795	0.684230565439	0.680004406926	0.702541256515	0.711310926898	0.722102043318	0.69537124879	0.708651308767	0.688232195703
AF7	0.666137267677	0.652142479841	0.720427328202	0.670884998682	0.710827405544	0.693648827093	0.697965199057	0.67640832733	0.680332387406	0.69027925133	0.686800218735	0.681880386302	0.675118556732	0.673850514067	0.687282753498	0.656151803652	0.65824413023	0.662094697698	0.779071837841	0.680122820336	0.702511427462	0.518886737374	0.661738239657	0.634632187897	0.704539510475	0.649824059915	0.0	0.452076387052	0.642802168963	0.660376380484	0.719562009458	0.671301675009	0.683851451307	0.702952451308	0.698459572303	0.694102611645	0.680526776321	0.668880738572	0.680167196912	0.705803557832	0.688482927733	0.675959100714	0.670925788643	0.686889962578	0.716453792093	0.716002320346	0.704769034139	0.695291709081	0.672589188172	0.711948229248	0.672993886524	0.697208912853	0.673757015442	0.666325841412	0.681786138291	0.67988640796	0.678898177397	0.702955663169	0.6923333062	0.703003366287	0.674306077376	0.686128172044
AF8	0.683050963073	0.661966923033	0.745733792046	0.683446176127	0.706304134514	0.699051870078	0.675623902186	0.665891103144	0.71199256035	0.674520131591	0.707363286214	0.691392518574	0.704874670704	0.692582931773	0.689056063232	0.668103821158	0.684544499901	0.657947223083	0.778171231118	0.650540449381	0.571371008943	0.39305988412	0.673806995725	0.650312435742	0.698761809772	0.658136556129	0.452076387052	0.0	0.654894132119	0.635751780755	0.708787283091	0.652363191858	0.708796376729	0.675824363674	0.704665269393	0.695951893743	0.684406287128	0.66881906149	0.674856579487	0.69564089507	0.663646399801	0.699806856417	0.70885160277	0.701140267952	0.689026582132	0.677067562968	0.704868687104	0.690780755083	0.676325630034	0.691169572454	0.689351835911	0.687227294772	0.661828780148	0.634162429067	0.659173407071	0.637486265819	0.693259997043	0.680290138229	0.70716545364	0.696478336319	0.679927238811	0.680264199844
AG7	0.675192194368	0.680222114155	0.697975206811	0.685428513908	0.715065681798	0.705755890416	0.713736372879	0.688593714688	0.655595116106	0.690274254686	0.685560447904	0.68946591407	0.685905916549	0.689263366056	0.685835724034	0.657787552626	0.672015676538	0.653664219457	0.752560374062	0.495223967825	0.641535420825	0.627292007453	0.669447411436	0.64863309287	0.683955965621	0.63063586753	0.642802168963	0.654894132119	0.0	0.455094255153	0.685163691477	0.647336645112	0.673295949642	0.692342631761	0.702276785561	0.680253471653	0.670230065599	0.66767563991	0.683657657472	0.706546047533	0.697567596725	0.678443882054	0.671445258641	0.683310573102	0.71620329207	0.703834984479	0.726740867114	0.730555861308	0.695731134117	0.724628451411	0.705901949237	0.715324824861	0.665913234133	0.679121752288	0.681942042728	0.693078658132	0.698463650771	0.722348632029	0.705899673053	0.708812553477	0.67991909512	0.704594951883
AG8	0.6840994055	0.678129578442	0.705053958275	0.682492475812	0.70332931605	0.695360637231	0.686263399447	0.669612313942	0.680784047072	0.67164644662	0.675401797634	0.665197184823	0.69458461796	0.67584807213	0.702895809091	0.68777253896	0.687666137989	0.652269406607	0.638524792378	0.396843950204	0.637176388235	0.620011710903	0.671762463935	0.651507241145	0.690254876879	0.657874512776	0.660376380484	0.635751780755	0.455094255153	0.0	0.690890077733	0.638125416845	0.682068103177	0.693682015671	0.70751242558	0.689995126909	0.668229410685	0.65482421197	0.665583081663	0.702536201124	0.677095982116	0.68581369636	0.678468659321	0.675715693931	0.690574606818	0.684567339057	0.728899217255	0.703030253781	0.676519416975	0.696891284274	0.695769774695	0.717529794453	0.688138790635	0.660114664695	0.679987748144	0.677731711935	0.699155000326	0.719546450613	0.708143806279	0.704709591201	0.681640302703	0.689827422087
AH7	0.729850054778	0.747090269041	0.731498816421	0.740295682137	0.760185764939	0.764262570405	0.724220703364	0.705770142089	0.725090567578	0.721663016158	0.721493916738	0.732534435576	0.742402314565	0.744730421753	0.749596715818	0.749138404488	0.706779421424	0.533784782994	0.762681690851	0.706832853097	0.658574480174	0.702496986295	0.709330504793	0.699911741893	0.733092435223	0.71433226423	0.719562009458	0.708787283091	0.685163691477	0.690890077733	0.0	0.535674181042	0.714827219255	0.765803980894	0.768337099194	0.765755633607	0.746524270421	0.739179623926	0.759200566045	0.744263159927	0.749884503024	0.74889505679	0.744690924303	0.762556827861	0.760022888539	0.769046664409	0.769615533375	0.75753277716	0.758561511284	0.7661570243	0.777462389665	0.783046666946	0.747763789483	0.738499658147	0.737128928907	0.744095168029	0.777191407525	0.793667916723	0.780836963087	0.759511338405	0.75315515237	0.757495216776
AH8	0.678534907706	0.674774550643	0.736840353797	0.707625915763	0.69257889052	0.705301774398	0.685796552128	0.683241063374	0.693411932728	0.687244407435	0.689087829043	0.677013807171	0.701278114328	0.697381992199	0.696574399197	0.679740780992	0.536641193922	0.385888690162	0.763103247406	0.642304600148	0.664393545713	0.640767371083	0.674908784827	0.66072577501	0.702543844479	0.660849127392	0.671301675009	0.652363191858	0.647336645112	0.638125416845	0.535674181042	0.0	0.666359079813	0.714619293725	0.707974726637	0.701279876889	0.677695135202	0.679280793251	0.69423213397	0.697303119081	0.688563459644	0.694411910434	0.68935433214	0.714343756782	0.710546790561	0.705743222148	0.706995963698	0.703387813393	0.691579970235	0.714756478183	0.713768671473	0.71676019954	0.679411874638	0.66708800986	0.675592999299	0.681623340656	0.729079965808	0.716031534217	0.735046885868	0.708171478736	0.689484195558	0.695092870807
AA5	0.643721705211	0.663193059339	0.726413880263	0.685329680331	0.649080343721	0.673861623073	0.707657345185	0.68418520439	0.629607163422	0.70581345715	0.640050496893	0.672547946053	0.688426147701	0.681834859859	0.654913818735	0.666549827495	0.643416234387	0.675789184665	0.773097479462	0.694053590778	0.702126134796	0.697956140017	0.667969968747	0.680481208007	0.722202130746	0.682545859287	0.683851451307	0.708796376729	0.673295949642	0.682068103177	0.714827219255	0.666359079813	0.0	0.611355232485	0.679233600737	0.684816134175	0.644636065187	0.646451351534	0.684836589193	0.684827330202	0.681032922487	0.648862042656	0.643970967388	0.666505992825	0.717667909233	0.658592683732	0.686541443721	0.710301002453	0.680318879028	0.716037252231	0.698901750269	0.694866020238	0.673676646372	0.688867382553	0.665659707399	0.704507802695	0.678540162674	0.711679466711	0.667302352641	0.69563365221	0.649798380719	0.700262460589
AA6	0.687157141215	0.679678646287	0.775942111104	0.704625184796	0.692220798914	0.665968609337	0.676529259683	0.674864899107	0.714204902604	0.669139370724	0.685101758342	0.653438551547	0.709868531058	0.722322304848	0.719621986775	0.672045849176	0.726215153746	0.712557913088	0.794032650696	0.694922933455	0.693851648188	0.670418879377	0.711365208648	0.697677868018	0.756491721396	0.696965358161	0.702952451308	0.675824363674	0.692342631761	0.693682015671	0.765803980894	0.714619293725	0.611355232485	0.0	0.695805013813	0.67740055027	0.66277688871	0.637932598471	0.67100349735	0.690366871243	0.66363099015	0.678651630879	0.657880520633	0.687725803189	0.46501115757	0.421122320666	0.69678198061	0.693837813392	0.678635162172	0.689073965284	0.686733724888	0.680693824795	0.664185270396	0.686157019947	0.692353606573	0.681963167023	0.673293737095	0.67356687739	0.675338679401	0.680476221971	0.660739070421	0.663117915429
AB5	0.673204698236	0.666333390426	0.733735260776	0.683309863782	0.676959453789	0.677908254223	0.669270245549	0.664181224902	0.689870997762	0.680124634555	0.666599722263	0.682395357916	0.695605439218	0.679480519275	0.668438205875	0.657184572554	0.702517150064	0.719862244498	0.771333502336	0.695996293902	0.725639415086	0.707626077599	0.7293567127	0.723501483533	0.736663530261	0.723618568452	0.698459572303	0.704665269393	0.702276785561	0.70751242558	0.768337099194	0.707974726637	0.679233600737	0.695805013813	0.0	0.438725959525	0.649100841131	0.659865662745	0.646188175738	0.638904624272	0.638615668679	0.693354766691	0.691018959366	0.669814550745	0.711152437667	0.693483425582	0.668529780283	0.69259928608	0.671923594937	0.705457539956	0.702272879116	0.683434288158	0.666628148861	0.689925433448	0.696053934123	0.685505530864	0.708516920296	0.686577164079	0.706315803919	0.710182623908	0.649173914081	0.688940893784
AB6	0.683785812382	0.65083366073	0.745136808215	0.675644180759	0.685999354719	0.671158722538	0.67474171299	0.66338504706	0.704752614779	0.675850016603	0.682637315924	0.67178890734	0.690822649351	0.675534295376	0.689035399074	0.644847877497	0.717476946977	0.710747199222	0.785984054085	0.679757210574	0.734763655683	0.693739256638	0.714023734715	0.707453140295	0.748810791437	0.706094773989	0.694102611645	0.695951893743	0.680253471653	0.689995126909	0.765755633607	0.701279876889	0.684816134175	0.67740055027	0.438725959525	0.0	0.671394172726	0.64580709205	0.628693464483	0.627943658926	0.639601610804	0.693927152551	0.691908058282	0.553181040768	0.689747450202	0.672031806154	0.669527347878	0.685929028466	0.660717296615	0.669983407248	0.699752993685	0.659757867801	0.672466998068	0.68127727815	0.682069396299	0.666027983916	0.669708785499	0.679728532632	0.679517440997	0.677372464559	0.663468311954	0.679233991098
AC5	0.638335624792	0.655969470061	0.729561705484	0.674572263402	0.685103364164	0.673711506597	0.679530258092	0.646944968267	0.647160327573	0.681660387836	0.656695245757	0.691499334798	0.691031298604	0.679527250228	0.678872236128	0.669200280848	0.661012903974	0.685868585179	0.765251284908	0.667043460181	0.711980019777	0.688681550647	0.701044265917	0.698918711142	0.728480177115	0.711342117293	0.680526776321	0.684406287128	0.670230065599	0.668229410685	0.746524270421	0.677695135202	0.644636065187	0.66277688871	0.649100841131	0.671394172726	0.0	0.480954429258	0.627995713656	0.663669356757	0.65585718547	0.680383973096	0.620815746805	0.65624673942	0.66119777903	0.649010568666	0.655476550022	0.685209909712	0.624957560664	0.682478016086	0.676776069083	0.646047233862	0.65100358291	0.644981204949	0.643111459198	0.663024031027	0.652148182586	0.665502165557	0.65643851684	0.686879075345	0.636076318713	0.690455232741
AC6	0.650108570908	0.6284081361	0.698186170007	0.640482472289	0.676083536464	0.663807314705	0.659176558019	0.646633637893	0.677239980159	0.665944466746	0.652543168005	0.647931541536	0.664250266109	0.654008522225	0.656495203076	0.639452067175	0.675607060725	0.685822869521	0.757668677664	0.661833139928	0.70566470808	0.662253453151	0.681341060894	0.676145171794	0.73694305542	0.68165633358	0.668880738572	0.66881906149	0.66767563991	0.65482421197	0.739179623926	0.679280793251	0.646451351534	0.637932598471	0.659865662745	0.64580709205	0.480954429258	0.0	0.610933582934	0.653059905712	0.630493461558	0.571942284708	0.531223547026	0.616150858673	0.661257554216	0.632770027455	0.652416161958	0.658503784898	0.605823322706	0.650444417579	0.663172760674	0.634428397103	0.654258328744	0.641536772664	0.653406381021	0.652442272248	0.623777574896	0.65781538921	0.640255793185	0.649531859714	0.643699394812	0.646718616871
AD6	0.660855584789	0.6353636978	0.760107157776	0.68735039145	0.672210655398	0.653994321285	0.627085687738	0.617311351072	0.669250452824	0.614329546743	0.663403354226	0.659685738434	0.690242254012	0.690703908384	0.673573714767	0.636525266908	0.704259454211	0.708048726743	0.786011007952	0.678635338346	0.709880857263	0.675097129455	0.69394890902	0.687375748578	0.75591410207	0.708297608017	0.680167196912	0.674856579487	0.683657657472	0.665583081663	0.759200566045	0.69423213397	0.684836589193	0.67100349735	0.646188175738	0.628693464483	0.627995713656	0.610933582934	0.0	0.487936308144	0.395391038599	0.65413429469	0.642940361713	0.652849455078	0.661600351325	0.667485692188	0.665515616317	0.655037471566	0.635250170169	0.651870561422	0.674214017181	0.670861143761	0.65267330942	0.645298565404	0.648797133688	0.643816787223	0.642416782016	0.684931177156	0.653731201758	0.643109471094	0.624116378666	0.657602933892
AE5	0.6775937084	0.665211213838	0.75840491932	0.687500410869	0.647709559511	0.661790358816	0.640360473372	0.652033996284	0.681567680876	0.64869493117	0.678373398044	0.654535386194	0.707411606681	0.692470777077	0.689451654064	0.666050870133	0.733221037365	0.708878088188	0.792022261347	0.685298831165	0.727652525975	0.697338507812	0.720841520336	0.716321829377	0.755910281855	0.722213517105	0.705803557832	0.69564089507	0.706546047533	0.702536201124	0.744263159927	0.697303119081	0.684827330202	0.690366871243	0.638904624272	0.627943658926	0.663669356757	0.653059905712	0.487936308144	0.0	0.401930328485	0.685345610418	0.662896308231	0.657782127317	0.685713387239	0.683069486584	0.665172828393	0.665571601425	0.664031833513	0.650781633763	0.667419029934	0.688442409759	0.654627950724	0.635916022184	0.652795445878	0.650275389004	0.665171057969	0.701299214451	0.666806599276	0.650668718459	0.641465854381	0.683117446418
AE6	0.662958437991	0.629036825237	0.763875217545	0.686299985207	0.658769463554	0.660985293903	0.615058210421	0.617518282844	0.676830884456	0.610149835307	0.685689433837	0.650414751496	0.707063019277	0.693887005525	0.674784667486	0.62440731486	0.721174858307	0.700054266629	0.788968533504	0.678474333081	0.720634809478	0.671322320403	0.70664290641	0.699294963713	0.754473614163	0.699724011541	0.688482927733	0.663646399801	0.697567596725	0.677095982116	0.749884503024	0.688563459644	0.681032922487	0.66363099015	0.638615668679	0.639601610804	0.65585718547	0.630493461558	0.395391038599	0.401930328485	0.0	0.663864822424	0.64294180451	0.676025093867	0.668253568965	0.651806223973	0.664852682816	0.638158187188	0.640679098857	0.635223443428	0.671157029053	0.666264396554	0.627452645609	0.627601089252	0.651237716094	0.62321648117	0.64883306857	0.681633159647	0.656832337297	0.630294677474	0.635101214853	0.644765718679
AF5	0.663092124244	0.66894375125	0.719485670212	0.672044527867	0.678904367193	0.661583110395	0.696828352387	0.673146201782	0.677986791547	0.669570429521	0.656728740348	0.657502491004	0.689517650196	0.677100222098	0.680144745692	0.651781721501	0.684029810947	0.699629471308	0.748751309769	0.692868681366	0.723881743628	0.703065781761	0.689920049135	0.700478343327	0.75482704044	0.699651530565	0.675959100714	0.699806856417	0.678443882054	0.68581369636	0.74889505679	0.694411910434	0.648862042656	0.678651630879	0.693354766691	0.693927152551	0.680383973096	0.571942284708	0.65413429469	0.685345610418	0.663864822424	0.0	0.469592029445	0.670034198658	0.714102922755	0.69229125709	0.701090847508	0.698979622948	0.674245301156	0.693520391922	0.702906490163	0.714986165131	0.677529939758	0.698862402667	0.700582998865	0.704639326089	0.661897896222	0.724565300481	0.685712077219	0.671974052331	0.666381413792	0.700476337439
AF6	0.669166592008	0.664222400003	0.728735243987	0.674657244601	0.683986536363	0.662985715222	0.68032696795	0.650027413008	0.667381180552	0.674576315699	0.663035101079	0.66575168239	0.690695380249	0.681238355241	0.675879008496	0.651145286998	0.695716057766	0.695864558126	0.742082374082	0.680324899743	0.73081454065	0.707150935301	0.696308699834	0.690874010544	0.707821950794	0.682221809213	0.670925788643	0.70885160277	0.671445258641	0.678468659321	0.744690924303	0.68935433214	0.643970967388	0.657880520633	0.691018959366	0.691908058282	0.620815746805	0.531223547026	0.642940361713	0.662896308231	0.64294180451	0.469592029445	0.0	0.658785742826	0.69195429338	0.670518796981	0.684129000309	0.693771513694	0.661687305466	0.680881528531	0.691482201285	0.69889482574	0.667722019473	0.67347116279	0.678893047999	0.685180788788	0.65290743408	0.708353065187	0.663721980649	0.659209375602	0.661465575382	0.672273093891
