	AA3	AA4	AB3	AB4	AC3	AC4	AD3	AD4	AE3	AE4	AF3	AF4	AG3	AG4	AH3	AH4	AA7	AA8	AB7	AB8	AC7	AC8	AD7	AD8	AE7	AE8	AF7	AF8	AG7	AG8	AH7	AH8	AA5	AA6	AB5	AB6	AC5	AC6	AD6	AE5	AE6	AF5	AF6	AG5	AH5	AH6	AA1	AA2	AB1	AB2	AC1	AC2	AD1	AD2	AE1	AE2	AF1	AF2	AG1	AG2	AH1	AH2
AA3	0.0	0.475641500374	0.670550546841	0.642238165574	0.674209406379	0.675026581653	0.696503675188	0.707993648752	0.660666655132	0.689664170948	0.649692997401	0.693658769526	0.653597173438	0.641904531552	0.680275151509	0.477379910517	0.677390047035	0.683025764132	0.76741414411	0.691368922608	0.697575336481	0.683507527632	0.689636733306	0.704761632782	0.731147861261	0.704598768085	0.665579633524	0.687054974777	0.700059944316	0.680201104724	0.735377144945	0.696853234573	0.671669573125	0.691097392921	0.677182636094	0.686859519798	0.637173745715	0.656130563189	0.653315361815	0.683415810846	0.676821483667	0.686153055178	0.680215938928	0.673990682024	0.692588164317	0.685658137735	0.660335259648	0.709569586144	0.652274909917	0.689269664927	0.664866311496	0.663079894117	0.633107799838	0.681642593077	0.673129361487	0.668124004314	0.671959460356	0.683638476227	0.657070538712	0.692526122363	0.637193177592	0.711486232922
AA4	0.475641500374	0.0	0.692089913391	0.62593900214	0.649427639337	0.644128344295	0.670488978833	0.678649128024	0.677500500612	0.667167785346	0.658824732835	0.652010728219	0.665245238641	0.630319528217	0.500468225509	0.366672108099	0.687942245352	0.683429307298	0.774363896876	0.679790574494	0.707005822392	0.659902466836	0.696819690016	0.697457394549	0.721141309708	0.67894678462	0.65982378268	0.668112446543	0.704711382925	0.677467150109	0.742968524782	0.682953468195	0.6814516519	0.684025176267	0.658409104712	0.645862136294	0.651450190377	0.633563429454	0.639570755124	0.654538164401	0.641192644123	0.663554076989	0.65834096843	0.65001706902	0.681286640447	0.663864468945	0.669218290431	0.657576991098	0.644503690338	0.671835535723	0.651332296812	0.656970435908	0.640052710381	0.652646874652	0.671174990761	0.648598553225	0.651015832804	0.664270891228	0.658365938181	0.656952815723	0.634649997659	0.664459361599
AB3	0.670550546841	0.692089913391	0.0	0.667332530426	0.709657378176	0.738219710114	0.747728724525	0.774191606868	0.694739438624	0.76851067971	0.703419123139	0.750407590532	0.703580130577	0.575891618221	0.667795537434	0.689488860815	0.697558690639	0.734173482702	0.68422165397	0.688734438532	0.722456557736	0.736996984601	0.746361637914	0.752940215018	0.707345381911	0.745927609713	0.717974546021	0.749398704156	0.707816405909	0.697810686466	0.752682320369	0.743168851686	0.705757279753	0.768623756082	0.709134355845	0.745260342267	0.709587086373	0.723381408417	0.74336648008	0.746817381464	0.7596928518	0.712530759543	0.714829498088	0.753281994034	0.768937025813	0.774779289426	0.757451646366	0.778100836876	0.721277004997	0.772085675205	0.735767951731	0.753365387216	0.715642306335	0.744221887786	0.736632978052	0.753643021722	0.756630676919	0.754390143258	0.75435889278	0.774913987014	0.702392550914	0.786369186657
AB4	0.642238165574	0.62593900214	0.667332530426	0.0	0.669858294912	0.673367375947	0.692110100228	0.70702676975	0.681696884444	0.703898711296	0.662578686083	0.684163324135	0.421325303413	0.448937721816	0.658455959224	0.633066209999	0.686356848813	0.687944014599	0.751963647922	0.680124406407	0.681581407289	0.673868470008	0.702292231181	0.702251054365	0.72581928696	0.702858092054	0.661674680927	0.682241446677	0.684414359998	0.668553185031	0.722709641985	0.687514129344	0.698393969694	0.703001178906	0.680061152847	0.677044341016	0.676225177656	0.651136482657	0.671768208428	0.689980258051	0.691185825804	0.639513207841	0.660243135865	0.677547839923	0.714687348449	0.712263666335	0.698020840225	0.704132355937	0.638816865821	0.695727743435	0.681261546774	0.679630948939	0.665084129189	0.666241636451	0.673070337644	0.681103387214	0.692192025083	0.708446599813	0.68732731388	0.681338798186	0.663845908385	0.711176151428
AC3	0.674209406379	0.649427639337	0.709657378176	0.669858294912	0.0	0.518672954123	0.654828283986	0.679575813061	0.670504867784	0.662459330221	0.686106306206	0.464360906075	0.70348685346	0.684143194932	0.660173413153	0.660786684319	0.668241175444	0.683948337268	0.752509264216	0.662568555944	0.691628339768	0.678524958378	0.722714724498	0.722334260686	0.714516544226	0.699515144018	0.69923669831	0.691403980448	0.710088826466	0.678965135289	0.741351582002	0.691946383905	0.675759496999	0.692115664802	0.695863707808	0.680641727571	0.690829990883	0.674494335839	0.687865635326	0.656280417204	0.664660385427	0.664442350582	0.674040516418	0.667078349603	0.716304828466	0.704009559357	0.71449374096	0.698347379296	0.689515496701	0.68373766936	0.704125957082	0.694521789871	0.699999129714	0.686882652344	0.668613081277	0.682635169221	0.694215937697	0.699235359041	0.700835348918	0.680197802478	0.677879696299	0.705775755395
AC4	0.675026581653	0.644128344295	0.738219710114	0.673367375947	0.518672954123	0.0	0.668106318887	0.669041808909	0.666221972338	0.678422372106	0.504640353559	0.423938796759	0.687094695357	0.686726562935	0.677887804035	0.646423996599	0.678825236206	0.678972551956	0.774325850194	0.674674364453	0.725170767099	0.693661884042	0.713482336405	0.710459606068	0.75673408421	0.706245869778	0.693807941199	0.701126553672	0.718006610098	0.683040980538	0.758066797262	0.708615460394	0.668164966493	0.685350970913	0.672197683287	0.657887245531	0.670377854932	0.66099733262	0.671338804348	0.650842565352	0.661788881213	0.67089616482	0.65813026234	0.663238444548	0.698026563203	0.679747877436	0.706974360766	0.677784243873	0.695121526804	0.683078470991	0.684964342542	0.672112797517	0.684554826134	0.687899771837	0.709799992613	0.696559931968	0.686400542687	0.686020711564	0.674181764864	0.695854867381	0.662243880202	0.701360719102
AD3	0.696503675188	0.670488978833	0.747728724525	0.692110100228	0.654828283986	0.668106318887	0.0	0.410005672384	0.685848588625	0.392541975606	0.698892894143	0.665606661142	0.706411698784	0.692041743119	0.685021833579	0.670161569115	0.697594144529	0.689051210781	0.767241486325	0.664046426922	0.708907152614	0.679070970669	0.714775285716	0.693388448307	0.724286621866	0.689250641746	0.699477066059	0.694978121647	0.704609440541	0.659959820732	0.723909004895	0.699356352339	0.716055370711	0.670983286158	0.673495702166	0.670189219294	0.684006051936	0.677191127885	0.636878826908	0.636435486511	0.621201251736	0.697483643487	0.691038187782	0.690716457325	0.693157743422	0.678216491273	0.708155019277	0.696877118257	0.677498281585	0.671160797004	0.699591525124	0.682946067085	0.69309790446	0.668383481691	0.680145216417	0.671527376902	0.689101128314	0.677922609983	0.701718494679	0.669519520511	0.697311433464	0.660521574508
AD4	0.707993648752	0.678649128024	0.774191606868	0.70702676975	0.679575813061	0.669041808909	0.410005672384	0.0	0.616267512212	0.434580338809	0.6900044324	0.660005012152	0.713160433973	0.722492148592	0.691786188397	0.683033385789	0.706824078162	0.680913763821	0.789983853577	0.655846466802	0.707579340175	0.680576506314	0.699022458268	0.674959109062	0.738687646505	0.680491090891	0.696987166463	0.68845108064	0.681703655905	0.650983971151	0.716395694847	0.685547848533	0.716688195827	0.66213917706	0.668100207086	0.667659919715	0.678187444551	0.662068631989	0.633143295967	0.640034998589	0.630016588691	0.693317929094	0.687833406002	0.678956978459	0.682403135054	0.679858107052	0.696733015154	0.675249720546	0.68205244555	0.670474132857	0.699598048638	0.691839379523	0.694546449148	0.656400738658	0.668814104415	0.666079492448	0.680326634422	0.679106898371	0.709701620472	0.667925954611	0.689185663942	0.651497676385
AE3	0.660666655132	0.677500500612	0.694739438624	0.681696884444	0.670504867784	0.666221972338	0.685848588625	0.616267512212	0.0	0.651779635592	0.650149474815	0.687730885328	0.680687647611	0.685527072111	0.659431338978	0.678272189237	0.661809047348	0.681143945527	0.76408654627	0.685474094795	0.721267694322	0.715093224563	0.660620459081	0.680455094097	0.747908751498	0.697280749486	0.680084973461	0.729057288114	0.666530662309	0.676872832929	0.738014416848	0.694353184847	0.625944482109	0.711762055156	0.692500941337	0.708222038077	0.647317706498	0.683679165833	0.660974762542	0.677510700894	0.681595612247	0.659583188125	0.655393428309	0.65819176857	0.731366364761	0.732737599886	0.694884668811	0.730509191643	0.692387006064	0.722114660145	0.698452532653	0.72325234308	0.686578706664	0.693690420289	0.661857697411	0.702771161135	0.708970819892	0.736148783468	0.701990292796	0.71782227349	0.656897730092	0.738765114223
AE4	0.689664170948	0.667167785346	0.76851067971	0.703898711296	0.662459330221	0.678422372106	0.392541975606	0.434580338809	0.651779635592	0.0	0.701680977513	0.671545075503	0.711756046791	0.694608173908	0.695108097442	0.672185712059	0.714222575528	0.692862641926	0.778357255942	0.657732446856	0.707383898925	0.660062800525	0.709910760352	0.682989805504	0.719703281873	0.668519089901	0.680531111197	0.676223563022	0.685586404668	0.656525101649	0.742918764918	0.688624935442	0.722145039411	0.672095898824	0.687987684365	0.678116405045	0.696196990557	0.673254726642	0.62964335778	0.648954299653	0.627225918903	0.687864331364	0.689092319088	0.680510560297	0.694537733702	0.693084671571	0.682468567803	0.676230164523	0.678676361264	0.668260262483	0.69714507949	0.67846861434	0.691903054278	0.685989155065	0.68207604743	0.670535784511	0.688625602106	0.659473804851	0.700624810166	0.66935668374	0.698838145082	0.687304160119
AF3	0.649692997401	0.658824732835	0.703419123139	0.662578686083	0.686106306206	0.504640353559	0.698892894143	0.6900044324	0.650149474815	0.701680977513	0.0	0.574501366154	0.677943418176	0.673942994846	0.667290332043	0.663535896352	0.672951046073	0.689124719849	0.763237859739	0.680286701197	0.688772578664	0.704834609485	0.688657480164	0.700129983316	0.757168139541	0.719609156884	0.686396903867	0.719010667051	0.703582593948	0.674559826073	0.723037821003	0.69294718143	0.664517048024	0.692996310413	0.683210640004	0.672239073532	0.660458935203	0.671674323602	0.660596468689	0.674250942587	0.691253258566	0.671245749779	0.677936163764	0.662894383365	0.691917955478	0.689100912435	0.710879535763	0.701511494146	0.689362740391	0.711988445736	0.704501022403	0.702119444076	0.687494487132	0.698847642321	0.701104925258	0.71229114718	0.691448884447	0.711656662506	0.677422375098	0.709808084	0.649010629454	0.722047200248
AF4	0.693658769526	0.652010728219	0.750407590532	0.684163324135	0.464360906075	0.423938796759	0.665606661142	0.660005012152	0.687730885328	0.671545075503	0.574501366154	0.0	0.700845921997	0.701390864248	0.681911113467	0.65147528847	0.685260843574	0.685860258137	0.775014007988	0.670593596644	0.709916642992	0.681120849028	0.722844362724	0.706934276073	0.734137747208	0.69582133306	0.701375535107	0.676998867286	0.703332633437	0.669370367044	0.734972258791	0.694115462105	0.69589886529	0.669808439199	0.692208469301	0.677506580592	0.689906581397	0.660158667413	0.683478636189	0.660580684879	0.672385730314	0.647612474774	0.667011045567	0.663146852102	0.694585523251	0.673232758953	0.726169510752	0.685955476937	0.695201434441	0.6765651873	0.686203541394	0.689914754326	0.69848213383	0.681286013927	0.698171108256	0.690452864803	0.6951069353	0.683821421169	0.686859269495	0.669641019246	0.680081670047	0.700913990872
AG3	0.653597173438	0.665245238641	0.703580130577	0.421325303413	0.70348685346	0.687094695357	0.706411698784	0.713160433973	0.680687647611	0.711756046791	0.677943418176	0.700845921997	0.0	0.506751599394	0.684526784427	0.659376881232	0.670843560102	0.683267730078	0.778426470575	0.704042531216	0.683946107605	0.7005529404	0.69442885603	0.682535560271	0.726713763448	0.694964450386	0.671633277044	0.704792332125	0.690882680545	0.690408619254	0.729486145752	0.699453706559	0.706359249394	0.707523512293	0.692923971039	0.699869928005	0.692379342581	0.670421008671	0.680796996218	0.707015235253	0.699246800282	0.656366472651	0.675019358253	0.688597273014	0.699194627907	0.709306710772	0.692035541566	0.710751213725	0.655226229732	0.701748190356	0.687216106369	0.694516052205	0.664845282007	0.681684775646	0.671816250728	0.695780112499	0.696528064105	0.736025662305	0.683830920626	0.687234890406	0.680247020025	0.716980448631
AG4	0.641904531552	0.630319528217	0.575891618221	0.448937721816	0.684143194932	0.686726562935	0.692041743119	0.722492148592	0.685527072111	0.694608173908	0.673942994846	0.701390864248	0.506751599394	0.0	0.65535331308	0.63697333502	0.688256564994	0.700159056408	0.729837960926	0.663741147624	0.683395452944	0.676836216644	0.691234271701	0.694029874197	0.687983085885	0.68155225583	0.651969383698	0.682900024999	0.668409262921	0.66120287461	0.734501849974	0.692053070428	0.699545573328	0.711206062205	0.681952437494	0.692263572569	0.674479237979	0.646903193228	0.677797582198	0.698964593687	0.699110015641	0.661329237504	0.672792195761	0.698749696557	0.719041328199	0.726074950253	0.700915585953	0.700334264203	0.655408068221	0.706779632672	0.686014119058	0.68475143858	0.67204826932	0.692141843965	0.701056288581	0.706066437017	0.689376990617	0.716877022899	0.700441328708	0.690294066722	0.67363607676	0.713714433418
AH3	0.680275151509	0.500468225509	0.667795537434	0.658455959224	0.660173413153	0.677887804035	0.685021833579	0.691786188397	0.659431338978	0.695108097442	0.667290332043	0.681911113467	0.684526784427	0.65535331308	0.0	0.558195580051	0.666760728488	0.696952696365	0.772489534822	0.696963009446	0.712310616994	0.696398791842	0.686842089164	0.689168312783	0.720889972562	0.687353170708	0.687482781381	0.706780825882	0.696575008007	0.687103125673	0.74559270228	0.685952092919	0.667615435179	0.721973824978	0.696716141338	0.696970061398	0.667897073005	0.677400718639	0.67579585114	0.678893457848	0.687732803733	0.681261648289	0.681253324536	0.680945771317	0.726208241747	0.719251439975	0.699017216397	0.6966985222	0.690379842312	0.707739682835	0.694188285181	0.715620870829	0.687740646445	0.680640045555	0.680216569652	0.695568794505	0.691041767526	0.712340168638	0.699503830084	0.691338685266	0.69251621674	0.705362339165
AH4	0.477379910517	0.366672108099	0.689488860815	0.633066209999	0.660786684319	0.646423996599	0.670161569115	0.683033385789	0.678272189237	0.672185712059	0.663535896352	0.65147528847	0.659376881232	0.63697333502	0.558195580051	0.0	0.680932449903	0.68265441375	0.777991319002	0.68727791695	0.705183910396	0.673867382222	0.681908357625	0.68316421574	0.732182572998	0.687780914114	0.673702048535	0.684991849084	0.692964777968	0.66751893814	0.738483542075	0.693303431648	0.683195413141	0.687042902257	0.658530949389	0.645725094067	0.664352326803	0.644868448245	0.641209754606	0.657829747782	0.650933731788	0.649729318729	0.65632756612	0.65236611293	0.673696678283	0.663157761171	0.671769605824	0.685481010326	0.65185811787	0.684051857652	0.647972813943	0.656301120427	0.644858194832	0.656656318105	0.663171894425	0.654005330625	0.671739147385	0.672146098188	0.652440165852	0.674415651655	0.649779953063	0.68395310326
AA7	0.677390047035	0.687942245352	0.697558690639	0.686356848813	0.668241175444	0.678825236206	0.697594144529	0.706824078162	0.661809047348	0.714222575528	0.672951046073	0.685260843574	0.670843560102	0.688256564994	0.666760728488	0.680932449903	0.0	0.5062915243	0.775066110619	0.68081621104	0.655701013593	0.673721887175	0.67332660317	0.685401946539	0.696369882734	0.701672080417	0.657963675466	0.685371518283	0.672620330732	0.666700074079	0.71176003335	0.557740275193	0.668058578718	0.730540338042	0.712640593509	0.726961527147	0.673779160494	0.701046791781	0.712533286827	0.73384537322	0.725326473608	0.694671864502	0.695484155027	0.710196737765	0.731986005679	0.723027085762	0.730018644602	0.738690961576	0.704791633192	0.74588934225	0.7015193712	0.720843387636	0.685515921991	0.70653125543	0.680821010065	0.715119982064	0.733051556483	0.730681732356	0.736407546065	0.744396458818	0.687755546565	0.72397254264
AA8	0.683025764132	0.683429307298	0.734173482702	0.687944014599	0.683948337268	0.678972551956	0.689051210781	0.680913763821	0.681143945527	0.692862641926	0.689124719849	0.685860258137	0.683267730078	0.700159056408	0.696952696365	0.68265441375	0.5062915243	0.0	0.774978427675	0.655185890974	0.654586070519	0.642117618098	0.675378749015	0.666423038098	0.702191843282	0.687981560509	0.655476394051	0.661234241592	0.644191332426	0.637660383688	0.546964709551	0.406676989736	0.687682830408	0.715126343486	0.722121659672	0.717312346132	0.684219927104	0.696828278381	0.704582468142	0.705236099443	0.702918550014	0.691169341158	0.695633789566	0.696979034692	0.720080520703	0.711830785155	0.715674867085	0.714048000424	0.699373119807	0.727462652225	0.704896531702	0.719480159675	0.701774410135	0.684690462967	0.67952229689	0.69028847977	0.741603691917	0.72129661551	0.735728496294	0.72792619576	0.688286662457	0.708472427502
AB7	0.76741414411	0.774363896876	0.68422165397	0.751963647922	0.752509264216	0.774325850194	0.767241486325	0.789983853577	0.76408654627	0.778357255942	0.763237859739	0.775014007988	0.778426470575	0.729837960926	0.772489534822	0.777991319002	0.775066110619	0.774978427675	0.0	0.563438164038	0.750248976465	0.762952968454	0.791597474951	0.791820013965	0.753329858812	0.785174353391	0.770611490651	0.778022742453	0.752584948163	0.632490222913	0.765168064732	0.774800944174	0.776553956207	0.796393229252	0.777119933617	0.796357264403	0.770081605719	0.76359532975	0.789422733346	0.795064456494	0.797857798633	0.745342192232	0.745562176455	0.78968802543	0.804141177011	0.79824931873	0.824055513434	0.807009220106	0.781768914474	0.798045574379	0.806319699793	0.793272022476	0.791656024118	0.798971760664	0.789540936044	0.802392362263	0.797133439256	0.797095183315	0.804929742339	0.800507734829	0.7755707274	0.826158269821
AB8	0.691368922608	0.679790574494	0.688734438532	0.680124406407	0.662568555944	0.674674364453	0.664046426922	0.655846466802	0.685474094795	0.657732446856	0.680286701197	0.670593596644	0.704042531216	0.663741147624	0.696963009446	0.68727791695	0.68081621104	0.655185890974	0.563438164038	0.0	0.650482368036	0.620904817478	0.691617354933	0.668455202593	0.67703907437	0.657430153487	0.651317852796	0.639940585007	0.503061701479	0.390513852497	0.694731034096	0.651095741365	0.700442401159	0.694668539125	0.69039361421	0.685425721893	0.681947237523	0.666481278738	0.679711054001	0.691714241312	0.676753803186	0.672866803106	0.675203991747	0.692121181216	0.708539621099	0.683594539445	0.735661528954	0.705251990922	0.690220200528	0.710201716152	0.702499170069	0.702752941532	0.683763283618	0.67962886495	0.690774702715	0.69543358367	0.702806285763	0.698091273466	0.715425761864	0.71381950994	0.669814191551	0.719730458007
AC7	0.697575336481	0.707005822392	0.722456557736	0.681581407289	0.691628339768	0.725170767099	0.708907152614	0.707579340175	0.721267694322	0.707383898925	0.688772578664	0.709916642992	0.683946107605	0.683395452944	0.712310616994	0.705183910396	0.655701013593	0.654586070519	0.750248976465	0.650482368036	0.0	0.493283022885	0.691218413298	0.684575157998	0.690918979806	0.68313782917	0.686451788853	0.569212937635	0.641485660072	0.634677008123	0.664991783883	0.6478911559	0.717895081744	0.702210936284	0.727313301962	0.736783731864	0.712604819479	0.717055590744	0.710008543429	0.730534319584	0.72588830887	0.706881584242	0.725856110572	0.711363234596	0.695371297459	0.69011642011	0.746543211784	0.753177704551	0.69768320104	0.740906295298	0.757602670011	0.740938463655	0.714577741722	0.691776354755	0.685608438016	0.71793284264	0.740058911546	0.73278794539	0.754782249428	0.7383871049	0.701388230584	0.736748815161
AC8	0.683507527632	0.659902466836	0.736996984601	0.673868470008	0.678524958378	0.693661884042	0.679070970669	0.680576506314	0.715093224563	0.660062800525	0.704834609485	0.681120849028	0.7005529404	0.676836216644	0.696398791842	0.673867382222	0.673721887175	0.642117618098	0.762952968454	0.620904817478	0.493283022885	0.0	0.687667386781	0.647289733014	0.686461193138	0.644869475087	0.498084138872	0.389808505986	0.630043827	0.607222756194	0.689463788759	0.637613603409	0.709719556409	0.659194165407	0.698928237357	0.693448961907	0.691895270982	0.685652447907	0.673582202979	0.698296577022	0.68304732766	0.690529462457	0.696731039777	0.685097625243	0.673808003113	0.652847107668	0.716247870923	0.699091799189	0.661388621877	0.688129089337	0.690816142256	0.679624849782	0.682048779367	0.656145103856	0.662820335006	0.656068771243	0.694184750504	0.662550370045	0.70798432024	0.693870741985	0.661532948595	0.682178723948
AD7	0.689636733306	0.696819690016	0.746361637914	0.702292231181	0.722714724498	0.713482336405	0.714775285716	0.699022458268	0.660620459081	0.709910760352	0.688657480164	0.722844362724	0.69442885603	0.691234271701	0.686842089164	0.681908357625	0.67332660317	0.675378749015	0.791597474951	0.691617354933	0.691218413298	0.687667386781	0.0	0.469005580876	0.714796896429	0.530821508755	0.673797662453	0.692567153444	0.676284250502	0.678978035159	0.7096108417	0.68116720582	0.666570363814	0.709489161869	0.726382002585	0.719892683634	0.69626449776	0.692766027849	0.690616777641	0.707979434997	0.711341977811	0.683048583691	0.680382289344	0.693342429325	0.705076379641	0.703038631533	0.712818462886	0.717729226526	0.683764367816	0.719434120039	0.700135997037	0.710022653292	0.69595327953	0.680354106938	0.670030567659	0.700316868188	0.699086619945	0.716465317946	0.714361383498	0.715649667794	0.68349818339	0.72074358694
AD8	0.704761632782	0.697457394549	0.752940215018	0.702251054365	0.722334260686	0.710459606068	0.693388448307	0.674959109062	0.680455094097	0.682989805504	0.700129983316	0.706934276073	0.682535560271	0.694029874197	0.689168312783	0.68316421574	0.685401946539	0.666423038098	0.791820013965	0.668455202593	0.684575157998	0.647289733014	0.469005580876	0.0	0.607699743404	0.4013633736	0.640624705177	0.658176094343	0.653073368925	0.661019041994	0.710468974366	0.677764165937	0.689553393074	0.691223306152	0.725179037635	0.713193100017	0.702516624723	0.691706172708	0.696958822666	0.720795108406	0.700452849053	0.684585061484	0.680968238897	0.683441509826	0.689624057835	0.69178407811	0.716613766594	0.719082807581	0.688150597478	0.714581255548	0.703975313071	0.723270546133	0.70117593279	0.669677782056	0.666512903269	0.691380156881	0.700901523237	0.721058460276	0.718317188581	0.708763319829	0.698981676614	0.7065596496
AE7	0.731147861261	0.721141309708	0.707345381911	0.72581928696	0.714516544226	0.75673408421	0.724286621866	0.738687646505	0.747908751498	0.719703281873	0.757168139541	0.734137747208	0.726713763448	0.687983085885	0.720889972562	0.732182572998	0.696369882734	0.702191843282	0.753329858812	0.67703907437	0.690918979806	0.686461193138	0.714796896429	0.607699743404	0.0	0.520848367767	0.700307465106	0.699646416094	0.68830978789	0.68750495365	0.733590677108	0.695953510982	0.745323259986	0.756878475348	0.743924564844	0.7509513628	0.736842461291	0.740389566916	0.745958635371	0.764486126037	0.750681784444	0.734821651867	0.735822468702	0.745025347117	0.750564073158	0.758284319734	0.768119067539	0.776937045468	0.729726297888	0.766061442042	0.763830779633	0.779425457232	0.750072814495	0.739732998478	0.740120613793	0.752213295176	0.774346937646	0.781937906609	0.781276672833	0.769505236208	0.747193969995	0.789146039935
AE8	0.704598768085	0.67894678462	0.745927609713	0.702858092054	0.699515144018	0.706245869778	0.689250641746	0.680491090891	0.697280749486	0.668519089901	0.719609156884	0.69582133306	0.694964450386	0.68155225583	0.687353170708	0.687780914114	0.701672080417	0.687981560509	0.785174353391	0.657430153487	0.68313782917	0.644869475087	0.530821508755	0.4013633736	0.520848367767	0.0	0.656079275913	0.651535151102	0.665903204152	0.66296867329	0.718986522694	0.684831205483	0.701736570113	0.692701148067	0.724801500994	0.710368240039	0.71154055956	0.697566772814	0.697130043732	0.714759566699	0.701098856431	0.688995811029	0.693202291606	0.69380325802	0.695319908413	0.687875203728	0.707624447837	0.712572027513	0.678686681466	0.712063311972	0.716346068269	0.7191057976	0.698740148887	0.674132308385	0.677673435667	0.6871746221	0.704129361429	0.709496613749	0.72042826028	0.706011813242	0.686323190505	0.710141929833
AF7	0.665579633524	0.65982378268	0.717974546021	0.661674680927	0.69923669831	0.693807941199	0.699477066059	0.696987166463	0.680084973461	0.680531111197	0.686396903867	0.701375535107	0.671633277044	0.651969383698	0.687482781381	0.673702048535	0.657963675466	0.655476394051	0.770611490651	0.651317852796	0.686451788853	0.498084138872	0.673797662453	0.640624705177	0.700307465106	0.656079275913	0.0	0.455880429415	0.662472054294	0.647520140376	0.710551185876	0.67326593926	0.697503370971	0.701650269035	0.689443890885	0.692620269274	0.683306268826	0.682464384371	0.680850299147	0.703460773812	0.694294608313	0.661754987406	0.676061480808	0.685550734661	0.714287677744	0.699119269986	0.708631869044	0.706887661453	0.677549649745	0.709261470834	0.676438461124	0.692285725988	0.673142536421	0.681498712776	0.676790503617	0.672958171081	0.684212208848	0.701272243666	0.696444866409	0.707618505066	0.657742508489	0.703537299315
AF8	0.687054974777	0.668112446543	0.749398704156	0.682241446677	0.691403980448	0.701126553672	0.694978121647	0.68845108064	0.729057288114	0.676223563022	0.719010667051	0.676998867286	0.704792332125	0.682900024999	0.706780825882	0.684991849084	0.685371518283	0.661234241592	0.778022742453	0.639940585007	0.569212937635	0.389808505986	0.692567153444	0.658176094343	0.699646416094	0.651535151102	0.455880429415	0.0	0.662870977445	0.636134279023	0.701677964724	0.645875687593	0.722660051893	0.680976239349	0.706152203476	0.707775679234	0.700242763832	0.686022366866	0.68737192129	0.710610269321	0.701200960577	0.695099601662	0.706049103849	0.690361261699	0.681803292996	0.67974589208	0.723742779312	0.703760770679	0.67234278185	0.694066090892	0.695324307996	0.700416099385	0.682363597216	0.658600616701	0.673297598388	0.670078276861	0.700897255416	0.684407537372	0.72440054716	0.697999473884	0.678115454415	0.689369119986
AG7	0.700059944316	0.704711382925	0.707816405909	0.684414359998	0.710088826466	0.718006610098	0.704609440541	0.681703655905	0.666530662309	0.685586404668	0.703582593948	0.703332633437	0.690882680545	0.668409262921	0.696575008007	0.692964777968	0.672620330732	0.644191332426	0.752584948163	0.503061701479	0.641485660072	0.630043827	0.676284250502	0.653073368925	0.68830978789	0.665903204152	0.662472054294	0.662870977445	0.0	0.44333725966	0.682064537796	0.650149724749	0.69603268428	0.714188544104	0.711396586488	0.693440119644	0.677673561844	0.687485135517	0.677550104507	0.705526257893	0.696903785527	0.684015371065	0.696150840461	0.677052476484	0.707679110643	0.690436639065	0.731606567941	0.729629941859	0.691149846467	0.726893219323	0.691343992094	0.725689105475	0.681364255542	0.668321270461	0.683313398582	0.692874085237	0.711754590228	0.713330820554	0.703328421629	0.727474370065	0.672503170905	0.729657022578
AG8	0.680201104724	0.677467150109	0.697810686466	0.668553185031	0.678965135289	0.683040980538	0.659959820732	0.650983971151	0.676872832929	0.656525101649	0.674559826073	0.669370367044	0.690408619254	0.66120287461	0.687103125673	0.66751893814	0.666700074079	0.637660383688	0.632490222913	0.390513852497	0.634677008123	0.607222756194	0.678978035159	0.661019041994	0.68750495365	0.66296867329	0.647520140376	0.636134279023	0.44333725966	0.0	0.680172532627	0.635298951302	0.68814845823	0.690968119814	0.687317987224	0.672300538564	0.659965600561	0.652507485159	0.665705321764	0.686814833782	0.666794851899	0.66319686307	0.671406529949	0.67165198957	0.685650779587	0.656874428987	0.717875064511	0.700440471797	0.675884878209	0.705968126651	0.685671886301	0.699150753294	0.662846462371	0.661441679757	0.66439014229	0.668958916382	0.694884087765	0.689628043326	0.690133498818	0.702583271452	0.666030596245	0.703749028899
AH7	0.735377144945	0.742968524782	0.752682320369	0.722709641985	0.741351582002	0.758066797262	0.723909004895	0.716395694847	0.738014416848	0.742918764918	0.723037821003	0.734972258791	0.729486145752	0.734501849974	0.74559270228	0.738483542075	0.71176003335	0.546964709551	0.765168064732	0.694731034096	0.664991783883	0.689463788759	0.7096108417	0.710468974366	0.733590677108	0.718986522694	0.710551185876	0.701677964724	0.682064537796	0.680172532627	0.0	0.517819224094	0.710052614888	0.770231825348	0.767717630517	0.772575350598	0.748301745765	0.747124662048	0.756880131184	0.750765276383	0.748952528912	0.726764444366	0.753392908906	0.752718771273	0.766375869652	0.761385776534	0.771869008936	0.764050568708	0.745426459639	0.779248901985	0.782606824871	0.780877954341	0.756764397459	0.735549855151	0.732071784147	0.737234206921	0.777752101349	0.787984072503	0.782714952059	0.773444097162	0.74855009338	0.740898506435
AH8	0.696853234573	0.682953468195	0.743168851686	0.687514129344	0.691946383905	0.708615460394	0.699356352339	0.685547848533	0.694353184847	0.688624935442	0.69294718143	0.694115462105	0.699453706559	0.692053070428	0.685952092919	0.693303431648	0.557740275193	0.406676989736	0.774800944174	0.651095741365	0.6478911559	0.637613603409	0.68116720582	0.677764165937	0.695953510982	0.684831205483	0.67326593926	0.645875687593	0.650149724749	0.635298951302	0.517819224094	0.0	0.696058844405	0.717270505553	0.721146342976	0.713775570596	0.694030575142	0.68225811148	0.705513808645	0.711060278907	0.698896958605	0.687522369924	0.704997695286	0.710112957907	0.713651982102	0.711327878206	0.726883295073	0.711613583114	0.70716264801	0.723667358193	0.724878479986	0.731002443222	0.706011782776	0.69225397088	0.686439839927	0.697958752644	0.730393868654	0.727923026267	0.744146436868	0.723086087048	0.694021747917	0.707015977615
AA5	0.671669573125	0.6814516519	0.705757279753	0.698393969694	0.675759496999	0.668164966493	0.716055370711	0.716688195827	0.625944482109	0.722145039411	0.664517048024	0.69589886529	0.706359249394	0.699545573328	0.667615435179	0.683195413141	0.668058578718	0.687682830408	0.776553956207	0.700442401159	0.717895081744	0.709719556409	0.666570363814	0.689553393074	0.745323259986	0.701736570113	0.697503370971	0.722660051893	0.69603268428	0.68814845823	0.710052614888	0.696058844405	0.0	0.626971556757	0.699015649897	0.697531336557	0.665428798786	0.656184464811	0.688718096237	0.690235128871	0.702731444594	0.661221825378	0.660972637497	0.684261844537	0.724519763271	0.664156822836	0.698815412225	0.723668889539	0.703397144647	0.726308466564	0.706147436933	0.712013812326	0.683105257222	0.707724149234	0.676948377452	0.703886779456	0.689083908761	0.725807794266	0.677939182651	0.720166835427	0.650580531864	0.729604229569
AA6	0.691097392921	0.684025176267	0.768623756082	0.703001178906	0.692115664802	0.685350970913	0.670983286158	0.66213917706	0.711762055156	0.672095898824	0.692996310413	0.669808439199	0.707523512293	0.711206062205	0.721973824978	0.687042902257	0.730540338042	0.715126343486	0.796393229252	0.694668539125	0.702210936284	0.659194165407	0.709489161869	0.691223306152	0.756878475348	0.692701148067	0.701650269035	0.680976239349	0.714188544104	0.690968119814	0.770231825348	0.717270505553	0.626971556757	0.0	0.691411066481	0.680709440445	0.668223154376	0.625870838844	0.66525875889	0.68822312676	0.668711415306	0.689784740395	0.661955039562	0.676281137409	0.430185424897	0.41028024762	0.700629184167	0.69275254969	0.669332051184	0.669413519065	0.682990274744	0.666161253895	0.688165797036	0.681752243594	0.697106625329	0.694042448487	0.669587465785	0.661916826771	0.670284226644	0.676530094623	0.663249769889	0.690852841526
AB5	0.677182636094	0.658409104712	0.709134355845	0.680061152847	0.695863707808	0.672197683287	0.673495702166	0.668100207086	0.692500941337	0.687987684365	0.683210640004	0.692208469301	0.692923971039	0.681952437494	0.696716141338	0.658530949389	0.712640593509	0.722121659672	0.777119933617	0.69039361421	0.727313301962	0.698928237357	0.726382002585	0.725179037635	0.743924564844	0.724801500994	0.689443890885	0.706152203476	0.711396586488	0.687317987224	0.767717630517	0.721146342976	0.699015649897	0.691411066481	0.0	0.436215122608	0.655564449958	0.645533542234	0.652064126892	0.641964939718	0.64818499578	0.684724539073	0.683018270751	0.656956968292	0.701207119203	0.691029318461	0.687604970242	0.706170747614	0.679422221005	0.695126609796	0.683959861514	0.68775849	0.663495888445	0.671230304107	0.703527086709	0.681720928905	0.697135313858	0.690530707486	0.712469884709	0.699258913449	0.647872714095	0.702985034623
AB6	0.686859519798	0.645862136294	0.745260342267	0.677044341016	0.680641727571	0.657887245531	0.670189219294	0.667659919715	0.708222038077	0.678116405045	0.672239073532	0.677506580592	0.699869928005	0.692263572569	0.696970061398	0.645725094067	0.726961527147	0.717312346132	0.796357264403	0.685425721893	0.736783731864	0.693448961907	0.719892683634	0.713193100017	0.7509513628	0.710368240039	0.692620269274	0.707775679234	0.693440119644	0.672300538564	0.772575350598	0.713775570596	0.697531336557	0.680709440445	0.436215122608	0.0	0.657059268795	0.634110509406	0.651164258549	0.640023729394	0.640876742713	0.672510997887	0.669867523181	0.573393529293	0.680833075151	0.66667121909	0.677521811318	0.676016504712	0.665722815384	0.675267970486	0.661764427003	0.656023367801	0.655079581014	0.670641658154	0.691638845595	0.669543538025	0.671811495895	0.678154968036	0.669992154828	0.679412646484	0.643046859211	0.68357098089
AC5	0.637173745715	0.651450190377	0.709587086373	0.676225177656	0.690829990883	0.670377854932	0.684006051936	0.678187444551	0.647317706498	0.696196990557	0.660458935203	0.689906581397	0.692379342581	0.674479237979	0.667897073005	0.664352326803	0.673779160494	0.684219927104	0.770081605719	0.681947237523	0.712604819479	0.691895270982	0.69626449776	0.702516624723	0.736842461291	0.71154055956	0.683306268826	0.700242763832	0.677673561844	0.659965600561	0.748301745765	0.694030575142	0.665428798786	0.668223154376	0.655564449958	0.657059268795	0.0	0.506764762131	0.627317970436	0.651973440835	0.646618148867	0.675382246531	0.624443942007	0.646966357892	0.666953151233	0.652978000716	0.662504566154	0.68913840203	0.640013680815	0.675540733858	0.651090732023	0.653054957002	0.641002878157	0.648154827305	0.639627580832	0.667351238232	0.665935959558	0.665791622539	0.644974670886	0.692373868178	0.646163765501	0.702118031419
AC6	0.656130563189	0.633563429454	0.723381408417	0.651136482657	0.674494335839	0.66099733262	0.677191127885	0.662068631989	0.683679165833	0.673254726642	0.671674323602	0.660158667413	0.670421008671	0.646903193228	0.677400718639	0.644868448245	0.701046791781	0.696828278381	0.76359532975	0.666481278738	0.717055590744	0.685652447907	0.692766027849	0.691706172708	0.740389566916	0.697566772814	0.682464384371	0.686022366866	0.687485135517	0.652507485159	0.747124662048	0.68225811148	0.656184464811	0.625870838844	0.645533542234	0.634110509406	0.506764762131	0.0	0.622089547697	0.647857216013	0.640699819875	0.544899042354	0.496739062129	0.632684090897	0.659738423143	0.641416708152	0.657792945739	0.684206164355	0.626707605656	0.643963814341	0.641521764844	0.648723361864	0.657489958863	0.650555454959	0.662153595114	0.663698092849	0.619472992748	0.664941788456	0.636514624701	0.63953458663	0.653687455822	0.693913388875
AD6	0.653315361815	0.639570755124	0.74336648008	0.671768208428	0.687865635326	0.671338804348	0.636878826908	0.633143295967	0.660974762542	0.62964335778	0.660596468689	0.683478636189	0.680796996218	0.677797582198	0.67579585114	0.641209754606	0.712533286827	0.704582468142	0.789422733346	0.679711054001	0.710008543429	0.673582202979	0.690616777641	0.696958822666	0.745958635371	0.697130043732	0.680850299147	0.68737192129	0.677550104507	0.665705321764	0.756880131184	0.705513808645	0.688718096237	0.66525875889	0.652064126892	0.651164258549	0.627317970436	0.622089547697	0.0	0.519137992839	0.431609410844	0.660426471109	0.658397807835	0.661960155057	0.658655092756	0.667708383908	0.655446415679	0.670878970248	0.627330941405	0.654952355152	0.670947584921	0.649663272433	0.634880009165	0.648815635092	0.640603973044	0.648861395108	0.645408644982	0.675608560497	0.64954337762	0.662850297185	0.626346300242	0.673693795067
AE5	0.683415810846	0.654538164401	0.746817381464	0.689980258051	0.656280417204	0.650842565352	0.636435486511	0.640034998589	0.677510700894	0.648954299653	0.674250942587	0.660580684879	0.707015235253	0.698964593687	0.678893457848	0.657829747782	0.73384537322	0.705236099443	0.795064456494	0.691714241312	0.730534319584	0.698296577022	0.707979434997	0.720795108406	0.764486126037	0.714759566699	0.703460773812	0.710610269321	0.705526257893	0.686814833782	0.750765276383	0.711060278907	0.690235128871	0.68822312676	0.641964939718	0.640023729394	0.651973440835	0.647857216013	0.519137992839	0.0	0.410010088611	0.671133980581	0.667565524669	0.668326850954	0.687372698831	0.679681763739	0.679863466272	0.660870237417	0.648077608037	0.651672582871	0.677433801538	0.677395609615	0.663641149279	0.644176230613	0.663699584229	0.647760314802	0.655984899791	0.693415839367	0.66039218452	0.652348786553	0.635250272937	0.676074471658
AE6	0.676821483667	0.641192644123	0.7596928518	0.691185825804	0.664660385427	0.661788881213	0.621201251736	0.630016588691	0.681595612247	0.627225918903	0.691253258566	0.672385730314	0.699246800282	0.699110015641	0.687732803733	0.650933731788	0.725326473608	0.702918550014	0.797857798633	0.676753803186	0.72588830887	0.68304732766	0.711341977811	0.700452849053	0.750681784444	0.701098856431	0.694294608313	0.701200960577	0.696903785527	0.666794851899	0.748952528912	0.698896958605	0.702731444594	0.668711415306	0.64818499578	0.640876742713	0.646618148867	0.640699819875	0.431609410844	0.410010088611	0.0	0.680496896919	0.672395075476	0.665621337947	0.660904292685	0.668180997167	0.675611359855	0.658359811799	0.647038863752	0.651086582637	0.676437266966	0.667128605865	0.642046915394	0.636995472175	0.651440102199	0.64627981839	0.662137807399	0.684840370426	0.671514082492	0.657958888838	0.636603981702	0.66321726304
AF5	0.686153055178	0.663554076989	0.712530759543	0.639513207841	0.664442350582	0.67089616482	0.697483643487	0.693317929094	0.659583188125	0.687864331364	0.671245749779	0.647612474774	0.656366472651	0.661329237504	0.681261648289	0.649729318729	0.694671864502	0.691169341158	0.745342192232	0.672866803106	0.706881584242	0.690529462457	0.683048583691	0.684585061484	0.734821651867	0.688995811029	0.661754987406	0.695099601662	0.684015371065	0.66319686307	0.726764444366	0.687522369924	0.661221825378	0.689784740395	0.684724539073	0.672510997887	0.675382246531	0.544899042354	0.660426471109	0.671133980581	0.680496896919	0.0	0.426085388971	0.644861305524	0.71135867404	0.694654450804	0.696423783127	0.710562374799	0.670199859022	0.688039513976	0.686852676615	0.704087237069	0.677505128385	0.694680163079	0.696706226155	0.704952910827	0.669809107926	0.709154583288	0.674060980881	0.666709851359	0.6539810268	0.726871714595
AF6	0.680215938928	0.65834096843	0.714829498088	0.660243135865	0.674040516418	0.65813026234	0.691038187782	0.687833406002	0.655393428309	0.689092319088	0.677936163764	0.667011045567	0.675019358253	0.672792195761	0.681253324536	0.65632756612	0.695484155027	0.695633789566	0.745562176455	0.675203991747	0.725856110572	0.696731039777	0.680382289344	0.680968238897	0.735822468702	0.693202291606	0.676061480808	0.706049103849	0.696150840461	0.671406529949	0.753392908906	0.704997695286	0.660972637497	0.661955039562	0.683018270751	0.669867523181	0.624443942007	0.496739062129	0.658397807835	0.667565524669	0.672395075476	0.426085388971	0.0	0.642721135382	0.689054988443	0.671187012789	0.680703785017	0.698638319825	0.658179820514	0.680080361124	0.677316690879	0.695158088921	0.677503534417	0.698342153125	0.704744006542	0.699068234152	0.657558494257	0.700542886092	0.668542398541	0.66819766157	0.653638456123	0.722227995089
