	AA3	AA4	AB3	AB4	AC3	AC4	AD3	AD4	AE3	AE4	AF3	AF4	AG3	AG4	AH3	AH4	AA7	AA8	AB7	AB8	AC7	AC8	AD7	AD8	AE7	AE8	AF7	AF8	AG7	AG8	AH7	AH8	AA5	AA6	AB5	AB6	AC5	AC6	AD6	AE5	AE6	AF5	AF6	AG5	AH5	AH6	AA1	AA2	AB1	AB2	AC1	AC2	AD1	AD2	AE1	AE2	AF1	AF2	AG1	AG2	AH1	AH2
AA3	0.0	0.494438818655	0.699561983096	0.639698731619	0.678873736514	0.682064737908	0.683898629077	0.670429431539	0.664763626013	0.698438888577	0.659736107317	0.679115533227	0.638076561563	0.634598264363	0.68025444119	0.480725678674	0.683345355281	0.688568120088	0.760198897944	0.681776275606	0.696031034982	0.687451131221	0.676229815081	0.694028970421	0.732786390382	0.693874869098	0.673479913922	0.691423552337	0.694767002331	0.69252196999	0.734097459301	0.696411576672	0.652489214959	0.702160820843	0.687563873551	0.678884278155	0.650399303786	0.658025744432	0.667504304456	0.686353817307	0.692500464264	0.668876869918	0.674572909593	0.666489155827	0.699181173449	0.698701246795	0.658129970493	0.701660323188	0.65571879653	0.683140484744	0.674956123296	0.6766915359	0.642613946702	0.656158212361	0.680430908815	0.671371085281	0.657073429179	0.687044736673	0.679622775202	0.691041380167	0.64846008865	0.693609299043
AA4	0.494438818655	0.0	0.746791960222	0.636415466754	0.663633750251	0.659700934306	0.645473860424	0.642558822003	0.679729710935	0.66364442594	0.668845018999	0.642100059221	0.66890562694	0.671602329233	0.509929080618	0.359371788216	0.681911162211	0.686318829128	0.775164773986	0.685438282215	0.71069451939	0.674384086186	0.678571160329	0.695863638635	0.733019383197	0.678921448152	0.660082239502	0.644186249625	0.699987554874	0.691368818159	0.753814102631	0.687661778724	0.667996718143	0.672850283061	0.656155133151	0.65773693255	0.661430663109	0.629400277825	0.6509582765	0.663785304924	0.652435871507	0.647293819012	0.647216502726	0.649621558293	0.683983562717	0.665918272415	0.660256116679	0.652927239389	0.654988495799	0.650976032749	0.653303938856	0.669688956709	0.659145668195	0.620530982013	0.667520733529	0.64980413572	0.64391363038	0.65743154354	0.667469219686	0.657291637444	0.639874101664	0.638523044616
AB3	0.699561983096	0.746791960222	0.0	0.686677483529	0.742775380249	0.763479912245	0.769385720631	0.762501928638	0.724356890666	0.773643733916	0.728863393364	0.765819680031	0.734409220143	0.603233486581	0.731779695642	0.741081867012	0.742426921893	0.763325733282	0.745926938068	0.74777505843	0.744604337774	0.769512058352	0.75123655663	0.781501410981	0.725177547036	0.76735352001	0.746362059951	0.770270412896	0.731148597572	0.741132288984	0.775833460416	0.7711892456	0.728873960231	0.791050807757	0.738637549393	0.767712137758	0.730146333356	0.774588730118	0.784473406447	0.778345459674	0.794618546382	0.754446684674	0.756531917663	0.747578031413	0.813562904205	0.80829516855	0.783112391452	0.807016241239	0.754271638315	0.80277255618	0.760151737517	0.785324957426	0.76855007995	0.780486863529	0.77610325195	0.789240137617	0.770340177695	0.777798131257	0.782065353177	0.801557689813	0.749031605573	0.787604966047
AB4	0.639698731619	0.636415466754	0.686677483529	0.0	0.696353650243	0.680449819448	0.693124678056	0.669420053792	0.690419443328	0.698368437074	0.677865723681	0.701593380554	0.417813929019	0.43150010832	0.672693166484	0.640793224829	0.69832923958	0.686327496641	0.754571519993	0.669221685803	0.689750140054	0.676531381658	0.684669249596	0.707245259463	0.722887114292	0.687250250037	0.675861354904	0.668104631577	0.67757102672	0.68430684357	0.731094738415	0.688073728396	0.693971339676	0.704182948566	0.690785834613	0.706727249039	0.675717181067	0.678066004671	0.687768498258	0.688144408145	0.701578625253	0.65857295146	0.65884015539	0.677206909538	0.709295417666	0.708952693503	0.687998727502	0.705745444373	0.650267597658	0.698219314467	0.691082580005	0.708455325834	0.675318733602	0.670310678605	0.696351883618	0.679106350537	0.685010963002	0.701721565956	0.706656734965	0.697277818167	0.662167868994	0.694813746057
AC3	0.678873736514	0.663633750251	0.742775380249	0.696353650243	0.0	0.513776777418	0.661824003405	0.651653164298	0.669547814899	0.661276998054	0.687500857095	0.469614800937	0.699899833175	0.704797392688	0.674014034756	0.661261214463	0.683277011185	0.678250188971	0.761129040911	0.67878967083	0.702948991869	0.691931816048	0.717299377492	0.719170888609	0.710071900485	0.714431977683	0.720351121757	0.703440766508	0.70442476144	0.685083057409	0.741352928776	0.675687485704	0.657771183369	0.693075876085	0.685392778131	0.692704982433	0.685466847213	0.674192949088	0.67693995125	0.649618489531	0.662403489107	0.672693923538	0.681832136279	0.671021772718	0.709993367549	0.691044110142	0.705795165881	0.707648466479	0.691204367328	0.677563966533	0.674315598556	0.70808972959	0.689257083605	0.687200895464	0.671403754849	0.68485281908	0.706421788441	0.704799027585	0.690981227055	0.66918017838	0.679808004891	0.697164418379
AC4	0.682064737908	0.659700934306	0.763479912245	0.680449819448	0.513776777418	0.0	0.663226799539	0.640824029376	0.664740571757	0.666277114097	0.50913446022	0.437748566262	0.693793094101	0.687099771239	0.687103158563	0.659239168714	0.691136550919	0.691927313099	0.768259378262	0.687250649529	0.722699230239	0.700504824044	0.707299000569	0.725207844402	0.761158127096	0.723415275977	0.713187870705	0.707298333433	0.727860823999	0.687535285696	0.762524523696	0.686440354541	0.666171618075	0.684473585452	0.674381205999	0.681622278098	0.669172547841	0.656817697621	0.647486384576	0.643135693405	0.65375296422	0.672151430353	0.677292049403	0.675154224995	0.687468468855	0.669825418177	0.716580329081	0.699219301325	0.712034019303	0.689575231737	0.686081433955	0.686079352619	0.701634542107	0.705572714106	0.7038167388	0.707234106536	0.686806994388	0.677660021074	0.690831958413	0.682045558786	0.642966275823	0.681562443889
AD3	0.683898629077	0.645473860424	0.769385720631	0.693124678056	0.661824003405	0.663226799539	0.0	0.443590176644	0.678428645516	0.383240840047	0.705383498071	0.65146306635	0.70152509423	0.708330570391	0.685588703317	0.669452845122	0.702493471597	0.68471965412	0.769403241002	0.659955667475	0.718718278697	0.677937030271	0.712257499725	0.689328234732	0.721295893879	0.675349950557	0.692873547502	0.680169530771	0.701253716672	0.668643596191	0.753689050708	0.687827986759	0.705818484935	0.661293944479	0.660505724814	0.678128144106	0.682090348902	0.651588042339	0.62936804807	0.64632287713	0.618337606916	0.671579282526	0.659844370024	0.668120564027	0.68702604555	0.67115502062	0.678596868378	0.677771086829	0.673573083018	0.647547422087	0.688515751236	0.700298998284	0.674185235131	0.6507897008	0.683867869701	0.669659666135	0.67017753425	0.675373566263	0.684672151973	0.640476108746	0.697231144587	0.65106071004
AD4	0.670429431539	0.642558822003	0.762501928638	0.669420053792	0.651653164298	0.640824029376	0.443590176644	0.0	0.577551603217	0.434508273498	0.674743467237	0.644496664941	0.678959140714	0.689423057313	0.680462827429	0.639666775445	0.694827102918	0.671977490055	0.770873413535	0.656879245334	0.691317066789	0.66617282785	0.665145760911	0.668933224566	0.734101650924	0.661207339059	0.694383585445	0.672130919916	0.664200863956	0.65846324715	0.740545452607	0.670044161334	0.671476457094	0.645214748072	0.665864855119	0.659720642744	0.659240214683	0.650571946181	0.609986198843	0.622444328768	0.618601795491	0.666242371261	0.665303669817	0.655539432958	0.662100062272	0.647511803489	0.661862622187	0.659554242156	0.638897846693	0.637153934	0.668942940502	0.676122391076	0.664704863197	0.631834531757	0.638113836594	0.652333521623	0.65759057659	0.656334614351	0.672156344898	0.64199553242	0.652527931796	0.645824242859
AE3	0.664763626013	0.679729710935	0.724356890666	0.690419443328	0.669547814899	0.664740571757	0.678428645516	0.577551603217	0.0	0.639920613854	0.662177818744	0.678180014316	0.671477762699	0.699562997426	0.65604164172	0.677848974957	0.674958737341	0.685147723226	0.766228230648	0.679925469896	0.719697523958	0.729399952811	0.667686670816	0.690898717711	0.747250905907	0.713951581322	0.689390687098	0.718606601267	0.65451763356	0.68691198868	0.729926056515	0.694140727816	0.638543857436	0.709763265412	0.694614096209	0.704524176584	0.664800729961	0.688742220597	0.673374403416	0.675651903889	0.681815291825	0.662773498524	0.682216420382	0.667854292463	0.732064603859	0.73465279333	0.702976632547	0.733075315404	0.709900296816	0.706570207514	0.688817313062	0.730526118905	0.691502329419	0.703719373903	0.668510934675	0.712267732077	0.705962694355	0.72356817537	0.713219948811	0.718312024494	0.662714316085	0.734201181304
AE4	0.698438888577	0.66364442594	0.773643733916	0.698368437074	0.661276998054	0.666277114097	0.383240840047	0.434508273498	0.639920613854	0.0	0.703791460553	0.639671007131	0.704618255921	0.715554062149	0.68972838441	0.669721120224	0.707879133537	0.678339921428	0.778064293377	0.649361777615	0.710730420038	0.672815589531	0.704975597015	0.684255305	0.725370747332	0.690768722861	0.680329730948	0.67479945481	0.680293403481	0.658447976396	0.716468225271	0.669613890543	0.696255024095	0.668103334296	0.680453673513	0.665560531416	0.676128209789	0.666097287921	0.62948614638	0.648519372203	0.615857511466	0.673388721797	0.67136982914	0.660287595925	0.672952095836	0.669860249389	0.680917136439	0.675853345146	0.683733447696	0.647504117579	0.678271927194	0.691650960188	0.673825639172	0.661014394461	0.667397139448	0.682128994302	0.685098198551	0.676000303919	0.687182148083	0.656651252626	0.700081881599	0.668783613896
AF3	0.659736107317	0.668845018999	0.728863393364	0.677865723681	0.687500857095	0.50913446022	0.705383498071	0.674743467237	0.662177818744	0.703791460553	0.0	0.561803166831	0.671862342754	0.662869552475	0.669918726199	0.663204989303	0.682065087815	0.68027228932	0.76058352358	0.671746148689	0.68711393588	0.702791402971	0.676958382949	0.699937577443	0.761092741756	0.72160874786	0.701037227654	0.71652000075	0.693644331639	0.684609162365	0.716576302089	0.68454508644	0.644465801818	0.690479123704	0.676903451532	0.681414003942	0.657170757548	0.666038256214	0.679974564952	0.68057764919	0.69463798272	0.67270607048	0.682761528267	0.652184569583	0.694713945429	0.685575835394	0.720820572019	0.718812191804	0.701990715138	0.711234639917	0.704768650756	0.707738385621	0.706866102618	0.709872038272	0.696470657685	0.725349032468	0.692613169454	0.70326361001	0.693825058644	0.717394333651	0.647291243785	0.705793821009
AF4	0.679115533227	0.642100059221	0.765819680031	0.701593380554	0.469614800937	0.437748566262	0.65146306635	0.644496664941	0.678180014316	0.639671007131	0.561803166831	0.0	0.687132339808	0.715007863047	0.670525284362	0.650885218389	0.697129169696	0.678748931787	0.763260454566	0.65417207705	0.699598228686	0.674228908917	0.700178042478	0.693950310276	0.738395808415	0.701204466889	0.696410547558	0.685953383504	0.692076627441	0.66362242219	0.739568759098	0.678005331967	0.673056102674	0.677194859747	0.682754698256	0.66229564968	0.676191825613	0.661503478156	0.672936799143	0.654136743887	0.649247762765	0.657022961187	0.660863200525	0.649701770424	0.669362617808	0.666305656205	0.711817194551	0.692760097043	0.687010923192	0.654988029668	0.666070895776	0.689867332125	0.674149993851	0.680888834864	0.690460885412	0.680383511785	0.697416799359	0.676272145338	0.697320715989	0.667653916034	0.66708076182	0.678869201525
AG3	0.638076561563	0.66890562694	0.734409220143	0.417813929019	0.699899833175	0.693793094101	0.70152509423	0.678959140714	0.671477762699	0.704618255921	0.671862342754	0.687132339808	0.0	0.517146864356	0.675012505872	0.662083576162	0.687282956168	0.680585860817	0.780002990235	0.686611566837	0.685195153344	0.698751086151	0.688269079052	0.686241808945	0.732202194187	0.708801827761	0.672270105051	0.698302710774	0.681288641092	0.703359287894	0.741045241019	0.699555065441	0.683210260965	0.698823014569	0.703593170045	0.692709541229	0.674312433768	0.676044497825	0.697798570947	0.697207821645	0.698011952083	0.660962124031	0.65780091284	0.654497182821	0.708154574521	0.708095324989	0.694074746778	0.712783835196	0.655204224675	0.679418775253	0.69854870516	0.719374266551	0.689018404603	0.681449518612	0.679092040275	0.688321941808	0.697467749536	0.708179642179	0.697365685819	0.700641285423	0.692037817158	0.706777790002
AG4	0.634598264363	0.671602329233	0.603233486581	0.43150010832	0.704797392688	0.687099771239	0.708330570391	0.689423057313	0.699562997426	0.715554062149	0.662869552475	0.715007863047	0.517146864356	0.0	0.69423054105	0.656060782317	0.729120186286	0.722210762938	0.751257188852	0.681348953655	0.70452005648	0.70994974808	0.70169835609	0.718578737588	0.741822350857	0.712505782415	0.695389418509	0.702554824091	0.696968221571	0.699442087531	0.744031810801	0.713584145558	0.690118654488	0.727710433228	0.688231377651	0.714896997081	0.681351839744	0.69001505278	0.699054380214	0.69168937472	0.711914324897	0.670732794752	0.675332136308	0.694921579874	0.735046422216	0.72917109314	0.699696154087	0.737014029538	0.674381314704	0.709807978354	0.716510981555	0.717252806225	0.690648219752	0.695174456417	0.712193417434	0.708846547386	0.689042918106	0.717396607765	0.716208699857	0.71702764329	0.687272306597	0.728203419762
AH3	0.68025444119	0.509929080618	0.731779695642	0.672693166484	0.674014034756	0.687103158563	0.685588703317	0.680462827429	0.65604164172	0.68972838441	0.669918726199	0.670525284362	0.675012505872	0.69423054105	0.0	0.535079938545	0.679889073799	0.699946661543	0.772357190798	0.708565624218	0.713865934843	0.704801203952	0.678576580631	0.69633853023	0.726446211597	0.690751100239	0.693322643746	0.699029923965	0.693217472937	0.698161577727	0.747583977222	0.697457032633	0.658869829265	0.71556987384	0.684522431395	0.673388611063	0.674179531513	0.679812826887	0.678172159554	0.680091601051	0.666291388782	0.672972381823	0.669560478415	0.667723914125	0.716322520525	0.711173991791	0.705915229936	0.687946653915	0.699504234146	0.678742969329	0.677746085817	0.721602961827	0.699661586974	0.693056583471	0.670855765989	0.707340138566	0.700205446117	0.704021450227	0.695357381199	0.704194412713	0.670804527339	0.695003780882
AH4	0.480725678674	0.359371788216	0.741081867012	0.640793224829	0.661261214463	0.659239168714	0.669452845122	0.639666775445	0.677848974957	0.669721120224	0.663204989303	0.650885218389	0.662083576162	0.656060782317	0.535079938545	0.0	0.697030080849	0.677549669853	0.771940631649	0.683950953372	0.70576672432	0.682637432485	0.666965359484	0.687050360112	0.731367520918	0.677318754379	0.676779437116	0.665233133808	0.688026655463	0.688883271602	0.737273111138	0.677746498905	0.669902608477	0.693659086074	0.679705383063	0.664026264672	0.665300274726	0.65370147257	0.645400814291	0.659444326838	0.6432601557	0.676647376482	0.674794680689	0.663224469588	0.693030808735	0.684463031482	0.673231683183	0.658848305771	0.658529112765	0.656843592548	0.666214424999	0.675196126712	0.647235512256	0.638973741041	0.662258136745	0.663297892356	0.656874060156	0.663670061738	0.662012717503	0.664227234838	0.649603192547	0.658818442719
AA7	0.683345355281	0.681911162211	0.742426921893	0.69832923958	0.683277011185	0.691136550919	0.702493471597	0.694827102918	0.674958737341	0.707879133537	0.682065087815	0.697129169696	0.687282956168	0.729120186286	0.679889073799	0.697030080849	0.0	0.51106127387	0.775051709536	0.689272972965	0.665223787993	0.686772460413	0.675242132884	0.695219498305	0.704211298399	0.680923207448	0.657741101227	0.659937955986	0.68503918896	0.678697668244	0.710994085279	0.572540523849	0.668194050191	0.718819244704	0.707631440092	0.735393264091	0.679708923032	0.686941285641	0.703439447031	0.738417524836	0.729097908098	0.686969355153	0.69346092726	0.713286735901	0.734410570894	0.737392108524	0.735743850338	0.725759324043	0.722464468952	0.740872653891	0.713251902522	0.746539440573	0.705936286992	0.693573772378	0.700471622241	0.700927109737	0.720447513758	0.738127054513	0.742882287918	0.72880126242	0.693854668419	0.712738976988
AA8	0.688568120088	0.686318829128	0.763325733282	0.686327496641	0.678250188971	0.691927313099	0.68471965412	0.671977490055	0.685147723226	0.678339921428	0.68027228932	0.678748931787	0.680585860817	0.722210762938	0.699946661543	0.677549669853	0.51106127387	0.0	0.767634454119	0.642511219621	0.641048676247	0.642786080256	0.671672803012	0.666403076514	0.695234917103	0.676171069635	0.670955002653	0.653754901238	0.659396124205	0.650679762859	0.553501793404	0.394805427166	0.671370272833	0.715850500625	0.724748158062	0.727949550396	0.671339917465	0.693290098242	0.696153833193	0.711074378129	0.700818357113	0.703185310208	0.701115681594	0.698641366533	0.714180142698	0.711810366055	0.712256037088	0.713210936141	0.701602877635	0.709434268674	0.703610860652	0.73051840398	0.698256014091	0.677206468523	0.681145684075	0.694996110365	0.720919826057	0.718595085947	0.736516851505	0.725172662885	0.688781296008	0.708603296856
AB7	0.760198897944	0.775164773986	0.745926938068	0.754571519993	0.761129040911	0.768259378262	0.769403241002	0.770873413535	0.766228230648	0.778064293377	0.76058352358	0.763260454566	0.780002990235	0.751257188852	0.772357190798	0.771940631649	0.775051709536	0.767634454119	0.0	0.576105420257	0.751969317606	0.772467742165	0.778392163187	0.794613077947	0.75240034193	0.783355148678	0.787261614159	0.778482318292	0.753330231471	0.608178851356	0.765719796459	0.749549361947	0.783811627735	0.794255047243	0.780653213186	0.807251496747	0.766260750957	0.780908476922	0.790090406487	0.789781649813	0.796574438573	0.735421034345	0.753681631992	0.784538804402	0.798871075156	0.801600051903	0.825223719295	0.818574515749	0.787112637452	0.806349682203	0.803759013319	0.813871291166	0.796498998793	0.800510084097	0.789906314091	0.803512681209	0.794012740145	0.807774562779	0.807088430107	0.794809694184	0.789951320036	0.793879628198
AB8	0.681776275606	0.685438282215	0.74777505843	0.669221685803	0.67878967083	0.687250649529	0.659955667475	0.656879245334	0.679925469896	0.649361777615	0.671746148689	0.65417207705	0.686611566837	0.681348953655	0.708565624218	0.683950953372	0.689272972965	0.642511219621	0.576105420257	0.0	0.661939372729	0.634282519904	0.665011667177	0.656306428801	0.678882821152	0.657307675367	0.667049069258	0.662174717928	0.489656419221	0.385493389061	0.683430272772	0.602768046588	0.687532571299	0.682275728616	0.711765525548	0.706391010396	0.664605870285	0.666457073381	0.678298305298	0.695373761901	0.671121649252	0.662914210732	0.648392644332	0.660142230887	0.689857740781	0.682101621817	0.727380581657	0.708797429213	0.684447385383	0.697346359855	0.677852179936	0.725862750792	0.678114221343	0.675452071497	0.690557413676	0.687645235463	0.709136192713	0.699052031539	0.711868476706	0.698470937128	0.675777672505	0.691972968211
AC7	0.696031034982	0.71069451939	0.744604337774	0.689750140054	0.702948991869	0.722699230239	0.718718278697	0.691317066789	0.719697523958	0.710730420038	0.68711393588	0.699598228686	0.685195153344	0.70452005648	0.713865934843	0.70576672432	0.665223787993	0.641048676247	0.751969317606	0.661939372729	0.0	0.507755608962	0.674705543558	0.684074898293	0.690671695312	0.692959597365	0.691324564085	0.603912854323	0.645455612165	0.639526609364	0.6632936137	0.637414017237	0.702183545718	0.705251852885	0.741033019736	0.752853638368	0.700760449603	0.714412648407	0.714313015864	0.73055461843	0.729960727688	0.71966825366	0.714007928495	0.701002045221	0.694258616262	0.696636476948	0.74918118355	0.751931392135	0.695351464174	0.72736407092	0.733654660351	0.764083567387	0.707616700376	0.688484324209	0.691007193183	0.696081912779	0.747517681628	0.726764058572	0.748920645227	0.737640698204	0.710609291955	0.7305534319
AC8	0.687451131221	0.674384086186	0.769512058352	0.676531381658	0.691931816048	0.700504824044	0.677937030271	0.66617282785	0.729399952811	0.672815589531	0.702791402971	0.674228908917	0.698751086151	0.70994974808	0.704801203952	0.682637432485	0.686772460413	0.642786080256	0.772467742165	0.634282519904	0.507755608962	0.0	0.680499962902	0.651212656776	0.70059377862	0.659174638637	0.494563548895	0.414274134693	0.633324039427	0.623044012501	0.698213906332	0.633677058736	0.701928258206	0.671439057006	0.720044940713	0.723767696194	0.683535486412	0.681238529066	0.673491849902	0.712838537549	0.687065624976	0.705427560918	0.694743626459	0.681345381906	0.67386368376	0.669187033576	0.720551144292	0.717812268456	0.682085952941	0.688950972584	0.682904416644	0.705866442625	0.682840913012	0.657240828302	0.663580421375	0.663734918706	0.700146200128	0.678657700505	0.708562648707	0.697412319219	0.691640838502	0.675412162827
AD7	0.676229815081	0.678571160329	0.75123655663	0.684669249596	0.717299377492	0.707299000569	0.712257499725	0.665145760911	0.667686670816	0.704975597015	0.676958382949	0.700178042478	0.688269079052	0.70169835609	0.678576580631	0.666965359484	0.675242132884	0.671672803012	0.778392163187	0.665011667177	0.674705543558	0.680499962902	0.0	0.477613689901	0.701410653561	0.514106185333	0.666038887287	0.679843639271	0.655632119375	0.678485561606	0.702006639206	0.657962317319	0.642286273294	0.685858838388	0.727424703999	0.716047301319	0.682898541798	0.67680483359	0.691974866937	0.704318663126	0.702282271543	0.687601322257	0.695025702752	0.678301526606	0.700951179782	0.696748075677	0.713341000022	0.709724452829	0.689731764578	0.707269121563	0.678470455301	0.71960453155	0.677406104168	0.6766460975	0.662284571355	0.705464241919	0.689075084651	0.710206399666	0.697392658792	0.70898356012	0.664086589782	0.703534738087
AD8	0.694028970421	0.695863638635	0.781501410981	0.707245259463	0.719170888609	0.725207844402	0.689328234732	0.668933224566	0.690898717711	0.684255305	0.699937577443	0.693950310276	0.686241808945	0.718578737588	0.69633853023	0.687050360112	0.695219498305	0.666403076514	0.794613077947	0.656306428801	0.684074898293	0.651212656776	0.477613689901	0.0	0.578912637863	0.41529856672	0.638165370682	0.6640731995	0.641273834992	0.673691236692	0.709190845134	0.674891147096	0.688721667695	0.690072493189	0.721528859251	0.707968271505	0.692702950035	0.685446134983	0.708589652144	0.715682291525	0.704242688191	0.688064260915	0.69950448268	0.674281847582	0.691205396641	0.685827450987	0.708601532766	0.707523385396	0.686844667981	0.696049320421	0.687378046014	0.723304827374	0.683362965197	0.672224291256	0.664344432705	0.692805791981	0.705626976942	0.705240448772	0.71027359294	0.706447067869	0.68556771111	0.701029854426
AE7	0.732786390382	0.733019383197	0.725177547036	0.722887114292	0.710071900485	0.761158127096	0.721295893879	0.734101650924	0.747250905907	0.725370747332	0.761092741756	0.738395808415	0.732202194187	0.741822350857	0.726446211597	0.731367520918	0.704211298399	0.695234917103	0.75240034193	0.678882821152	0.690671695312	0.70059377862	0.701410653561	0.578912637863	0.0	0.524102235164	0.715826352593	0.71314402823	0.681506729803	0.699372606483	0.733044148298	0.702930792319	0.727185653305	0.755387923298	0.739874055977	0.766354561209	0.734311171095	0.747034869582	0.756141721965	0.76126264315	0.75434922387	0.741027056949	0.71002859807	0.735640146395	0.750376628372	0.756804189877	0.767893342916	0.771700676339	0.721769395538	0.755828761855	0.748364787038	0.784570851853	0.746978153076	0.741864862706	0.733898199187	0.748326269796	0.777579592788	0.785385442187	0.776561126138	0.762172841614	0.749286949823	0.763505921478
AE8	0.693874869098	0.678921448152	0.76735352001	0.687250250037	0.714431977683	0.723415275977	0.675349950557	0.661207339059	0.713951581322	0.690768722861	0.72160874786	0.701204466889	0.708801827761	0.712505782415	0.690751100239	0.677318754379	0.680923207448	0.676171069635	0.783355148678	0.657307675367	0.692959597365	0.659174638637	0.514106185333	0.41529856672	0.524102235164	0.0	0.663645317715	0.66523918946	0.655962232921	0.675539138861	0.716680007021	0.672401204207	0.693432105941	0.683694001567	0.718415503938	0.725105836091	0.702959236369	0.676186732007	0.709988752896	0.723092799159	0.709864212332	0.68815862248	0.691421783512	0.685226656223	0.701405351866	0.690171782125	0.712361959001	0.707675434343	0.682727129316	0.705692701	0.694394422061	0.713453206604	0.692675997832	0.661675215229	0.685142574419	0.675311736321	0.69232544654	0.698863493214	0.721320900274	0.704423714387	0.691443452095	0.694649284338
AF7	0.673479913922	0.660082239502	0.746362059951	0.675861354904	0.720351121757	0.713187870705	0.692873547502	0.694383585445	0.689390687098	0.680329730948	0.701037227654	0.696410547558	0.672270105051	0.695389418509	0.693322643746	0.676779437116	0.657741101227	0.670955002653	0.787261614159	0.667049069258	0.691324564085	0.494563548895	0.666038887287	0.638165370682	0.715826352593	0.663645317715	0.0	0.435412882906	0.650418509335	0.67560631039	0.728484650505	0.677252903497	0.69352725877	0.704350440895	0.703033153177	0.702102700839	0.683067195386	0.676986066836	0.676976301532	0.70918844544	0.692549065831	0.667194512756	0.675643822957	0.669880185967	0.72575432226	0.727372955377	0.71729890562	0.707663866391	0.696573232329	0.706376198383	0.689771963518	0.712705424373	0.690343126751	0.660379116067	0.666502803051	0.678169814803	0.687487650578	0.717457112541	0.701344195242	0.700626175702	0.681059122817	0.691336877393
AF8	0.691423552337	0.644186249625	0.770270412896	0.668104631577	0.703440766508	0.707298333433	0.680169530771	0.672130919916	0.718606601267	0.67479945481	0.71652000075	0.685953383504	0.698302710774	0.702554824091	0.699029923965	0.665233133808	0.659937955986	0.653754901238	0.778482318292	0.662174717928	0.603912854323	0.414274134693	0.679843639271	0.6640731995	0.71314402823	0.66523918946	0.435412882906	0.0	0.658293660916	0.662021827293	0.725711892355	0.649642195617	0.703186514599	0.679688250671	0.692914941983	0.70717581306	0.679546631499	0.659504458386	0.666882492527	0.715211779591	0.692272661148	0.68250918299	0.672520066461	0.669876917745	0.693247827731	0.693866822969	0.712195914022	0.705913652832	0.688741250427	0.695058103703	0.69021057419	0.70447929234	0.676566396944	0.642283735276	0.673203454326	0.651571170978	0.668219558092	0.687726245604	0.704484917774	0.685785994453	0.672103943059	0.664923992829
AG7	0.694767002331	0.699987554874	0.731148597572	0.67757102672	0.70442476144	0.727860823999	0.701253716672	0.664200863956	0.65451763356	0.680293403481	0.693644331639	0.692076627441	0.681288641092	0.696968221571	0.693217472937	0.688026655463	0.68503918896	0.659396124205	0.753330231471	0.489656419221	0.645455612165	0.633324039427	0.655632119375	0.641273834992	0.681506729803	0.655962232921	0.650418509335	0.658293660916	0.0	0.461322462382	0.680787264658	0.652694986334	0.673304220684	0.708582066837	0.711402117348	0.708342073632	0.656085759493	0.678657987289	0.689654425037	0.705528706222	0.684400179768	0.6922455954	0.665610530588	0.654224869303	0.701085996351	0.69787721045	0.728314899562	0.721799812281	0.688375768841	0.708848834583	0.669219818833	0.735024740562	0.675417196849	0.679357555492	0.673989180064	0.690633830336	0.710000213445	0.704165862226	0.704121979735	0.71379910632	0.666502698846	0.707928606524
AG8	0.69252196999	0.691368818159	0.741132288984	0.68430684357	0.685083057409	0.687535285696	0.668643596191	0.65846324715	0.68691198868	0.658447976396	0.684609162365	0.66362242219	0.703359287894	0.699442087531	0.698161577727	0.688883271602	0.678697668244	0.650679762859	0.608178851356	0.385493389061	0.639526609364	0.623044012501	0.678485561606	0.673691236692	0.699372606483	0.675539138861	0.67560631039	0.662021827293	0.461322462382	0.0	0.69531403905	0.617488184193	0.687046133299	0.691039295838	0.709605600614	0.706889255129	0.66049838969	0.670105500415	0.675782668592	0.693988717842	0.671948667171	0.677749408904	0.660066836033	0.669031470578	0.681640492515	0.665524062674	0.723293183406	0.721689398134	0.684826493699	0.699027565667	0.674398574029	0.724945799661	0.671883302195	0.671052287131	0.687961539305	0.68069739415	0.709344254234	0.704632381956	0.703693714978	0.696897392187	0.685084413647	0.691862613812
AH7	0.734097459301	0.753814102631	0.775833460416	0.731094738415	0.741352928776	0.762524523696	0.753689050708	0.740545452607	0.729926056515	0.716468225271	0.716576302089	0.739568759098	0.741045241019	0.744031810801	0.747583977222	0.737273111138	0.710994085279	0.553501793404	0.765719796459	0.683430272772	0.6632936137	0.698213906332	0.702006639206	0.709190845134	0.733044148298	0.716680007021	0.728484650505	0.725711892355	0.680787264658	0.69531403905	0.0	0.520886717484	0.717451904367	0.760047656474	0.773869150151	0.782564313205	0.741552365625	0.764414833657	0.747801293144	0.762537783666	0.756910528476	0.757406981089	0.760926789708	0.742255958614	0.768341710984	0.770342862315	0.765312351601	0.758698059989	0.752303999351	0.758186080406	0.77095849062	0.789392774234	0.74521689795	0.733932045674	0.734815430511	0.740183445074	0.773600026995	0.782915889862	0.792365394868	0.77273397016	0.750935349922	0.759850054958
AH8	0.696411576672	0.687661778724	0.7711892456	0.688073728396	0.675687485704	0.686440354541	0.687827986759	0.670044161334	0.694140727816	0.669613890543	0.68454508644	0.678005331967	0.699555065441	0.713584145558	0.697457032633	0.677746498905	0.572540523849	0.394805427166	0.749549361947	0.602768046588	0.637414017237	0.633677058736	0.657962317319	0.674891147096	0.702930792319	0.672401204207	0.677252903497	0.649642195617	0.652694986334	0.617488184193	0.520886717484	0.0	0.676849794193	0.702278225157	0.720992801516	0.734791114312	0.677791144917	0.69260201586	0.684173228416	0.707412502275	0.692297115163	0.702701184411	0.70716289861	0.699285518054	0.70553755904	0.704087326401	0.710962215022	0.710152972666	0.704191600958	0.711548665089	0.706510066935	0.738397063224	0.69574453415	0.680896435207	0.692674688552	0.692215378189	0.727546623631	0.725731336346	0.745626478556	0.727818555543	0.687456012075	0.708754049213
AA5	0.652489214959	0.667996718143	0.728873960231	0.693971339676	0.657771183369	0.666171618075	0.705818484935	0.671476457094	0.638543857436	0.696255024095	0.644465801818	0.673056102674	0.683210260965	0.690118654488	0.658869829265	0.669902608477	0.668194050191	0.671370272833	0.783811627735	0.687532571299	0.702183545718	0.701928258206	0.642286273294	0.688721667695	0.727185653305	0.693432105941	0.69352725877	0.703186514599	0.673304220684	0.687046133299	0.717451904367	0.676849794193	0.0	0.600446466944	0.693751292425	0.668493998565	0.631510875667	0.653108840788	0.674192672153	0.679479287017	0.678918915329	0.641963748473	0.658475319639	0.645390504012	0.709497696517	0.669214656202	0.684497092236	0.711080039039	0.702880287227	0.68746892913	0.693089654296	0.705372970353	0.672106880711	0.695249830676	0.670582137113	0.699922171852	0.673000408471	0.70013316662	0.662997228319	0.700613488867	0.635755823577	0.716961663908
AA6	0.702160820843	0.672850283061	0.791050807757	0.704182948566	0.693075876085	0.684473585452	0.661293944479	0.645214748072	0.709763265412	0.668103334296	0.690479123704	0.677194859747	0.698823014569	0.727710433228	0.71556987384	0.693659086074	0.718819244704	0.715850500625	0.794255047243	0.682275728616	0.705251852885	0.671439057006	0.685858838388	0.690072493189	0.755387923298	0.683694001567	0.704350440895	0.679688250671	0.708582066837	0.691039295838	0.760047656474	0.702278225157	0.600446466944	0.0	0.698263154594	0.675502253392	0.666478298051	0.621598341522	0.672702168427	0.683741321367	0.669813186006	0.672417678193	0.658938410063	0.67125487164	0.455906521484	0.419416768974	0.701808938264	0.71359552113	0.690946452378	0.689860022215	0.674710998436	0.691605980853	0.684411199893	0.682176995907	0.700287950951	0.679408164072	0.679835172009	0.679650441547	0.692266101083	0.670703106045	0.664545762679	0.678118482471
AB5	0.687563873551	0.656155133151	0.738637549393	0.690785834613	0.685392778131	0.674381205999	0.660505724814	0.665864855119	0.694614096209	0.680453673513	0.676903451532	0.682754698256	0.703593170045	0.688231377651	0.684522431395	0.679705383063	0.707631440092	0.724748158062	0.780653213186	0.711765525548	0.741033019736	0.720044940713	0.727424703999	0.721528859251	0.739874055977	0.718415503938	0.703033153177	0.692914941983	0.711402117348	0.709605600614	0.773869150151	0.720992801516	0.693751292425	0.698263154594	0.0	0.421762774363	0.651508218234	0.668183038761	0.670796562893	0.64451552749	0.66376128731	0.680002730367	0.668837750738	0.661709822129	0.707922846298	0.686558679411	0.673864328187	0.696642633502	0.688314982972	0.707432543681	0.694611168848	0.706309592875	0.668009341791	0.682677260624	0.701183198248	0.672876895323	0.698862370537	0.698436978597	0.71558473896	0.709523944067	0.657751896923	0.68615790002
AB6	0.678884278155	0.65773693255	0.767712137758	0.706727249039	0.692704982433	0.681622278098	0.678128144106	0.659720642744	0.704524176584	0.665560531416	0.681414003942	0.66229564968	0.692709541229	0.714896997081	0.673388611063	0.664026264672	0.735393264091	0.727949550396	0.807251496747	0.706391010396	0.752853638368	0.723767696194	0.716047301319	0.707968271505	0.766354561209	0.725105836091	0.702102700839	0.70717581306	0.708342073632	0.706889255129	0.782564313205	0.734791114312	0.668493998565	0.675502253392	0.421762774363	0.0	0.661600132371	0.657118378423	0.675954916685	0.641473977873	0.637510707218	0.670308469168	0.658282425591	0.582986141705	0.684245338109	0.661246236724	0.667798019473	0.668560225827	0.683360380941	0.682089648232	0.674136362341	0.680436376675	0.661753887628	0.671930239007	0.691996950882	0.67834084362	0.690940551082	0.673900252813	0.67867130697	0.695710808157	0.661381448336	0.685768053051
AC5	0.650399303786	0.661430663109	0.730146333356	0.675717181067	0.685466847213	0.669172547841	0.682090348902	0.659240214683	0.664800729961	0.676128209789	0.657170757548	0.676191825613	0.674312433768	0.681351839744	0.674179531513	0.665300274726	0.679708923032	0.671339917465	0.766260750957	0.664605870285	0.700760449603	0.683535486412	0.682898541798	0.692702950035	0.734311171095	0.702959236369	0.683067195386	0.679546631499	0.656085759493	0.66049838969	0.741552365625	0.677791144917	0.631510875667	0.666478298051	0.651508218234	0.661600132371	0.0	0.489223412004	0.64389841568	0.658645552908	0.652814079147	0.665673472464	0.562545188926	0.632768264521	0.651840029031	0.648104684902	0.653869965367	0.692116102462	0.636377534154	0.673275289248	0.652909961324	0.67594246497	0.652578710186	0.651422744667	0.635303732917	0.665353470405	0.657942213148	0.647384431072	0.660695577938	0.692103080496	0.64155525894	0.676627054573
AC6	0.658025744432	0.629400277825	0.774588730118	0.678066004671	0.674192949088	0.656817697621	0.651588042339	0.650571946181	0.688742220597	0.666097287921	0.666038256214	0.661503478156	0.676044497825	0.69001505278	0.679812826887	0.65370147257	0.686941285641	0.693290098242	0.780908476922	0.666457073381	0.714412648407	0.681238529066	0.67680483359	0.685446134983	0.747034869582	0.676186732007	0.676986066836	0.659504458386	0.678657987289	0.670105500415	0.764414833657	0.69260201586	0.653108840788	0.621598341522	0.668183038761	0.657118378423	0.489223412004	0.0	0.632926915747	0.649336438335	0.642495517504	0.54381525062	0.45092196261	0.608856534897	0.637654842231	0.617645977767	0.65788528612	0.667948470159	0.639783642594	0.652418754832	0.655473139031	0.672600221293	0.663344820197	0.643077426503	0.665925049462	0.654652257284	0.627992291646	0.641776119667	0.645753612108	0.634799927431	0.637371169421	0.654066303252
AD6	0.667504304456	0.6509582765	0.784473406447	0.687768498258	0.67693995125	0.647486384576	0.62936804807	0.609986198843	0.673374403416	0.62948614638	0.679974564952	0.672936799143	0.697798570947	0.699054380214	0.678172159554	0.645400814291	0.703439447031	0.696153833193	0.790090406487	0.678298305298	0.714313015864	0.673491849902	0.691974866937	0.708589652144	0.756141721965	0.709988752896	0.676976301532	0.666882492527	0.689654425037	0.675782668592	0.747801293144	0.684173228416	0.674192672153	0.672702168427	0.670796562893	0.675954916685	0.64389841568	0.632926915747	0.0	0.499234811924	0.403961084523	0.669973091634	0.649997900286	0.665287782097	0.672606591391	0.670050370971	0.663940007556	0.660195233212	0.650209382141	0.639090292205	0.681518808228	0.680563124147	0.644841394193	0.649095376133	0.661689655505	0.658627174817	0.65299323278	0.669296809423	0.658273213059	0.648024699309	0.634642802797	0.658968263403
AE5	0.686353817307	0.663785304924	0.778345459674	0.688144408145	0.649618489531	0.643135693405	0.64632287713	0.622444328768	0.675651903889	0.648519372203	0.68057764919	0.654136743887	0.697207821645	0.69168937472	0.680091601051	0.659444326838	0.738417524836	0.711074378129	0.789781649813	0.695373761901	0.73055461843	0.712838537549	0.704318663126	0.715682291525	0.76126264315	0.723092799159	0.70918844544	0.715211779591	0.705528706222	0.693988717842	0.762537783666	0.707412502275	0.679479287017	0.683741321367	0.64451552749	0.641473977873	0.658645552908	0.649336438335	0.499234811924	0.0	0.405352069121	0.67491054432	0.652713493528	0.661904271478	0.682360538848	0.662192855896	0.665869355267	0.673025390494	0.6491107428	0.643081754062	0.654287485427	0.685482694501	0.649133880511	0.639502240855	0.652495658622	0.650948419598	0.661985053652	0.682856948992	0.659163000879	0.636349248579	0.630587923861	0.665834965082
AE6	0.692500464264	0.652435871507	0.794618546382	0.701578625253	0.662403489107	0.65375296422	0.618337606916	0.618601795491	0.681815291825	0.615857511466	0.69463798272	0.649247762765	0.698011952083	0.711914324897	0.666291388782	0.6432601557	0.729097908098	0.700818357113	0.796574438573	0.671121649252	0.729960727688	0.687065624976	0.702282271543	0.704242688191	0.75434922387	0.709864212332	0.692549065831	0.692272661148	0.684400179768	0.671948667171	0.756910528476	0.692297115163	0.678918915329	0.669813186006	0.66376128731	0.637510707218	0.652814079147	0.642495517504	0.403961084523	0.405352069121	0.0	0.669003791714	0.633203922003	0.656196373174	0.676180268671	0.662750313132	0.688527455655	0.670674637211	0.665967263081	0.63144987645	0.658865358294	0.694610021952	0.656464659503	0.647597053759	0.650047406837	0.651033565458	0.674399713634	0.679822346651	0.661999774206	0.635272788656	0.652085637177	0.675699395047
AF5	0.668876869918	0.647293819012	0.754446684674	0.65857295146	0.672693923538	0.672151430353	0.671579282526	0.666242371261	0.662773498524	0.673388721797	0.67270607048	0.657022961187	0.660962124031	0.670732794752	0.672972381823	0.676647376482	0.686969355153	0.703185310208	0.735421034345	0.662914210732	0.71966825366	0.705427560918	0.687601322257	0.688064260915	0.741027056949	0.68815862248	0.667194512756	0.68250918299	0.6922455954	0.677749408904	0.757406981089	0.702701184411	0.641963748473	0.672417678193	0.680002730367	0.670308469168	0.665673472464	0.54381525062	0.669973091634	0.67491054432	0.669003791714	0.0	0.49149448673	0.639323013452	0.699261956915	0.69992582295	0.70052333184	0.71106760457	0.674115660026	0.660918315616	0.702407762152	0.710260013543	0.675769052644	0.690948572796	0.708094942586	0.699857695896	0.660880016663	0.697711928155	0.685936660698	0.669123136433	0.660945455878	0.700400571365
AF6	0.674572909593	0.647216502726	0.756531917663	0.65884015539	0.681832136279	0.677292049403	0.659844370024	0.665303669817	0.682216420382	0.67136982914	0.682761528267	0.660863200525	0.65780091284	0.675332136308	0.669560478415	0.674794680689	0.69346092726	0.701115681594	0.753681631992	0.648392644332	0.714007928495	0.694743626459	0.695025702752	0.69950448268	0.71002859807	0.691421783512	0.675643822957	0.672520066461	0.665610530588	0.660066836033	0.760926789708	0.70716289861	0.658475319639	0.658938410063	0.668837750738	0.658282425591	0.562545188926	0.45092196261	0.649997900286	0.652713493528	0.633203922003	0.49149448673	0.0	0.604773601363	0.680459599204	0.665261152199	0.695595404799	0.696433954239	0.64287473162	0.656691567689	0.669032164641	0.693713810108	0.672608217237	0.668791009366	0.675299961586	0.675338436438	0.643175091165	0.675606894418	0.66303975108	0.653114469966	0.657882540518	0.682112183162
