	AA3	AA4	AB3	AB4	AC3	AC4	AD3	AD4	AE3	AE4	AF3	AF4	AG3	AG4	AH3	AH4	AA7	AA8	AB7	AB8	AC7	AC8	AD7	AD8	AE7	AE8	AF7	AF8	AG7	AG8	AH7	AH8	AA5	AA6	AB5	AB6	AC5	AC6	AD6	AE5	AE6	AF5	AF6	AG5	AH5	AH6	AA1	AA2	AB1	AB2	AC1	AC2	AD1	AD2	AE1	AE2	AF1	AF2	AG1	AG2	AH1	AH2
AA3	0.0	0.487463075627	0.69271006542	0.637497551425	0.663885949759	0.662978589217	0.684491869278	0.691723494647	0.639813795678	0.704440196401	0.639758670757	0.670232476412	0.649535829375	0.613968920666	0.694171350872	0.470503104108	0.668938451379	0.693162176577	0.750506372351	0.68527717332	0.695935105551	0.687415947583	0.665890721668	0.688975716515	0.730497123877	0.703621291129	0.665372674395	0.689136790021	0.687054876951	0.677299201848	0.736332581231	0.70391760132	0.642839263961	0.682977597835	0.669564580231	0.662922218732	0.643532405562	0.636425408431	0.664010513135	0.692648862107	0.689025037261	0.67194698339	0.641710869517	0.647758735635	0.680942298028	0.705513387556	0.662105915946	0.699195547417	0.639757615361	0.682537768355	0.655874008057	0.684180754587	0.630977245361	0.655819298788	0.663854071125	0.658976977805	0.675972961785	0.692261572455	0.649962171798	0.679435245023	0.638926692404	0.685237976582
AA4	0.487463075627	0.0	0.689938439758	0.637284315321	0.677571317089	0.631850151061	0.658579651435	0.671947532459	0.671568673056	0.67297308837	0.657685227901	0.671577099247	0.667347456823	0.638171576393	0.511962528917	0.375010356059	0.695643403029	0.696058805394	0.766228998442	0.675488700682	0.712317076804	0.667756791178	0.687127760573	0.693819082261	0.7297370329	0.686506609401	0.672662836758	0.669292781144	0.690280713079	0.680806698685	0.746234423273	0.688642792355	0.662315717998	0.677574872071	0.667977293044	0.648142465099	0.661843108842	0.626481510327	0.641324399209	0.671691569274	0.643129092573	0.660258979641	0.648694823739	0.640990528473	0.674198497438	0.681066762857	0.656317976321	0.668929589965	0.647088576291	0.652148982109	0.664673081236	0.680110305835	0.644757908536	0.645826801568	0.667831181417	0.638313641863	0.661269694153	0.687780244856	0.649804516378	0.651386434962	0.645686402435	0.670298838195
AB3	0.69271006542	0.689938439758	0.0	0.645857871204	0.72138395425	0.722290197441	0.732902136451	0.746439150467	0.721234976992	0.747284942703	0.728430013402	0.761813535195	0.730568928096	0.581801355866	0.669273428927	0.703132138389	0.715950182334	0.752665122671	0.701634889827	0.689051827519	0.726489855953	0.73691605742	0.728016612692	0.745618269588	0.705051693764	0.746450182027	0.730932610827	0.739255039153	0.711724398567	0.720247933471	0.742789063789	0.739029675149	0.731804789692	0.78658517705	0.714146932344	0.75454999451	0.729878790564	0.730053546852	0.74844477428	0.771509981104	0.771934690044	0.711187523167	0.730793541739	0.737765105328	0.79667300558	0.799762816176	0.783896716068	0.779957026161	0.7424403095	0.759201932115	0.757607040098	0.789891450759	0.754846808567	0.778666682066	0.745726782798	0.75772384034	0.767988860125	0.793661466996	0.77021985866	0.763784594575	0.738675751076	0.766181613911
AB4	0.637497551425	0.637284315321	0.645857871204	0.0	0.683392463178	0.666979204512	0.685798609238	0.686345836429	0.667609971747	0.701666493927	0.663157372384	0.67628637055	0.448317979657	0.427103837669	0.685775965643	0.652207501877	0.692043832937	0.690118716397	0.748063698353	0.685064510386	0.702476666091	0.675691382657	0.679968085408	0.680683410998	0.730667901641	0.687640940796	0.669906998091	0.676245999827	0.683704049916	0.678489084294	0.740190220132	0.705962548224	0.671174492715	0.696535525103	0.672032894645	0.658861427122	0.669776065404	0.65240958618	0.698299237329	0.692169084096	0.696258720618	0.655842891562	0.651135287623	0.671857291707	0.712542310208	0.719085410027	0.692760680925	0.709877417717	0.637535747402	0.696167634212	0.680030749334	0.693811333859	0.659621408008	0.680337944095	0.687817024345	0.669742951404	0.688291853214	0.704369531978	0.681065944764	0.681004530776	0.653914968596	0.70220887334
AC3	0.663885949759	0.677571317089	0.72138395425	0.683392463178	0.0	0.555177927722	0.673770268262	0.663149288745	0.664347845061	0.680987939772	0.686029571167	0.448680965914	0.704749830036	0.688469292779	0.695111003251	0.682561865012	0.68667104361	0.711065626232	0.753865627908	0.6770366202	0.722402255771	0.694776492636	0.724214179358	0.731651163004	0.718159667212	0.714978764151	0.712117864554	0.696903142015	0.706071656587	0.690553989221	0.758623631247	0.728225850177	0.66262784653	0.704530589352	0.676098335641	0.691670503166	0.683724686496	0.681044123779	0.667766185473	0.66893328906	0.673786265794	0.653681849318	0.660553853797	0.672194928275	0.71828587896	0.714075334483	0.709037749544	0.721452588395	0.687098259745	0.680623632278	0.671932807304	0.686414119696	0.669071094848	0.69289023906	0.678725206648	0.683670666996	0.705854924325	0.698783502157	0.689809585558	0.684296921293	0.671499980031	0.714441337949
AC4	0.662978589217	0.631850151061	0.722290197441	0.666979204512	0.555177927722	0.0	0.672979426886	0.658641237057	0.668536690968	0.666708547991	0.494177869045	0.440029131781	0.661282149478	0.651245646123	0.662792513607	0.638186313563	0.686837639216	0.688273285252	0.756349227822	0.675692773627	0.711074391048	0.685071087565	0.689047911012	0.694900057459	0.745929748063	0.694305589439	0.701265783436	0.690186559419	0.69988056307	0.688240238882	0.739845269317	0.706557473025	0.657732396495	0.679802586128	0.671807372193	0.67549266785	0.66529599234	0.6296442049	0.649027068659	0.660750682082	0.659407310183	0.633190553341	0.637520212958	0.634453769973	0.680340984661	0.673360812814	0.711628060143	0.690591094852	0.6883233069	0.676670492796	0.697855798384	0.692481185207	0.699135497213	0.694953020363	0.686377576157	0.6949070806	0.683766975238	0.709394707481	0.675360720915	0.671121993434	0.675275713533	0.684843825834
AD3	0.684491869278	0.658579651435	0.732902136451	0.685798609238	0.673770268262	0.672979426886	0.0	0.420413810706	0.684114895678	0.340638690067	0.707416183646	0.667649494384	0.709284711902	0.671821282933	0.69082315623	0.670547145491	0.710104573559	0.690589884252	0.764361985566	0.677829682255	0.713457749107	0.669180148534	0.71458598573	0.691609767695	0.724610899099	0.68267877854	0.700068300784	0.683543070003	0.701926942078	0.673343436393	0.720793499956	0.700067469562	0.705687197756	0.672750186905	0.66755394238	0.666910930266	0.680566537976	0.653061527861	0.61988533211	0.658658004742	0.619453067308	0.68317367804	0.666884867352	0.679160664062	0.683010825457	0.689802798539	0.697257109096	0.677217877147	0.660174653017	0.652427506134	0.688010496147	0.67942616837	0.667148842485	0.674116265173	0.680253779008	0.663199498203	0.684090030797	0.687831864402	0.685340404509	0.657461268347	0.693474677166	0.677968432684
AD4	0.691723494647	0.671947532459	0.746439150467	0.686345836429	0.663149288745	0.658641237057	0.420413810706	0.0	0.596701805384	0.38698050754	0.699398079944	0.635636431008	0.69611123311	0.683808550148	0.699076915565	0.66488826318	0.699714437995	0.671057650553	0.774063007031	0.662255340518	0.721607545407	0.673229176984	0.694487883373	0.674494117225	0.732796069787	0.690677626743	0.683726769911	0.670345816675	0.678258201172	0.666771409133	0.72429127812	0.684404979362	0.693336403716	0.66096576023	0.67510152579	0.675310388166	0.668417978898	0.664961035736	0.642217058752	0.649081466658	0.630988769727	0.692603805415	0.676171512022	0.673262003737	0.673699003771	0.675886691366	0.706424103758	0.674990589211	0.66865188355	0.659614011699	0.675757838819	0.687472084743	0.673803405782	0.6710660684	0.651824638202	0.670822724772	0.687452564192	0.674901864471	0.685112622682	0.64208147344	0.692427626757	0.642134449343
AE3	0.639813795678	0.671568673056	0.721234976992	0.667609971747	0.664347845061	0.668536690968	0.684114895678	0.596701805384	0.0	0.657543780186	0.661039957666	0.661272700029	0.662168948433	0.679523205268	0.683923249887	0.68249188236	0.661787726496	0.674975601764	0.768559244133	0.682981813828	0.712288309348	0.703487929009	0.657151994296	0.671179308625	0.732602661664	0.697619427257	0.666506098856	0.688348588328	0.653487783458	0.684987279127	0.729806938214	0.678383485909	0.632078758994	0.702078652515	0.690041553773	0.692727618237	0.660998747778	0.683017436186	0.684751773268	0.689405206947	0.688358101712	0.68727111277	0.679693289726	0.661583214544	0.724524562993	0.735625712918	0.703580938267	0.728408232737	0.703137454923	0.712522025454	0.699729711394	0.736673370044	0.684185282579	0.691747914724	0.67394506087	0.710871165196	0.68898681384	0.730664119649	0.709970103095	0.716925657606	0.645903060625	0.722780463063
AE4	0.704440196401	0.67297308837	0.747284942703	0.701666493927	0.680987939772	0.666708547991	0.340638690067	0.38698050754	0.657543780186	0.0	0.711657334065	0.656445111349	0.722206129552	0.692522213281	0.708865868494	0.672870285632	0.733794489498	0.691325919596	0.776249499113	0.673565707246	0.726739371205	0.691274433957	0.714321450792	0.703711411474	0.739585318251	0.688113146787	0.694760029598	0.686190927149	0.682667598246	0.672161544138	0.736344719949	0.703355709091	0.716591941903	0.67346708537	0.679357131243	0.682578249071	0.691546017079	0.661497070159	0.622187288834	0.65956162553	0.616477556655	0.686851776277	0.680725367946	0.666082840622	0.694227348967	0.690667153065	0.698702158512	0.681627335877	0.687810205856	0.668954937273	0.686079343099	0.691283745529	0.695078715679	0.672392137584	0.688564468949	0.679762849053	0.68178212892	0.691074134724	0.693068021675	0.665118626787	0.706299585408	0.660018004517
AF3	0.639758670757	0.657685227901	0.728430013402	0.663157372384	0.686029571167	0.494177869045	0.707416183646	0.699398079944	0.661039957666	0.711657334065	0.0	0.561733044016	0.672271079142	0.653527360408	0.681192895244	0.661659249288	0.677326439633	0.693438108839	0.754844881201	0.674320716379	0.683118199862	0.703251258229	0.668825472657	0.685818159023	0.762842521422	0.71005038347	0.694790015761	0.703091153802	0.695025148757	0.674641020152	0.710194564892	0.6985070781	0.633041011848	0.681015281513	0.665036384103	0.67277354867	0.656371574306	0.651693568693	0.666950107028	0.679613377294	0.687205153457	0.684026340043	0.664305259655	0.659275813151	0.681639661237	0.682052458453	0.713846606341	0.711674242755	0.698334177507	0.712866814293	0.707712202521	0.716608403484	0.687899059556	0.702246207387	0.690149186246	0.703367376868	0.684253685611	0.730167246535	0.680408545585	0.708224449845	0.646763582895	0.716009792406
AF4	0.670232476412	0.671577099247	0.761813535195	0.67628637055	0.448680965914	0.440029131781	0.667649494384	0.635636431008	0.661272700029	0.656445111349	0.561733044016	0.0	0.696616778238	0.686999603241	0.696620703482	0.662128499783	0.699743744418	0.688390816726	0.771205883778	0.679961954325	0.722066222194	0.685571812902	0.712528855312	0.713212609059	0.749244518758	0.713670848113	0.708759438184	0.683992782472	0.711127040271	0.684920159065	0.76224564087	0.714817685541	0.651164282267	0.663298821086	0.678583947484	0.68452402349	0.673381270273	0.669550316935	0.669365478813	0.665553988261	0.663072237012	0.66559926255	0.650860470417	0.657626820854	0.680810487618	0.677343969538	0.708204467951	0.696820977433	0.690293504721	0.682581576201	0.673611044726	0.684311221648	0.669075669957	0.676816014912	0.68893982768	0.679818100754	0.690128873692	0.675027953747	0.681862424263	0.667549719883	0.678877574792	0.686012135832
AG3	0.649535829375	0.667347456823	0.730568928096	0.448317979657	0.704749830036	0.661282149478	0.709284711902	0.69611123311	0.662168948433	0.722206129552	0.672271079142	0.696616778238	0.0	0.511436904428	0.682621813467	0.668329602863	0.684572965371	0.680862498159	0.768207802964	0.705556392495	0.696025517229	0.700607787247	0.660541769472	0.677648471689	0.734250601275	0.699586177428	0.685336496134	0.703387745515	0.682124177831	0.714989776456	0.735091114024	0.706400288378	0.679878757465	0.705777065546	0.695598121408	0.686224412871	0.680052252372	0.680798332853	0.712028965147	0.704436321576	0.714900524908	0.671360123526	0.654776423181	0.666744663157	0.724957737886	0.731285426501	0.694824777091	0.702715723971	0.651255861146	0.696770532256	0.698675159157	0.711224994729	0.678317473176	0.69048211515	0.681877431697	0.694106206218	0.702402424725	0.736077131937	0.692778577349	0.673827241476	0.683158415221	0.712059493533
AG4	0.613968920666	0.638171576393	0.581801355866	0.427103837669	0.688469292779	0.651245646123	0.671821282933	0.683808550148	0.679523205268	0.692522213281	0.653527360408	0.686999603241	0.511436904428	0.0	0.683087067106	0.635328993781	0.696369159096	0.692009451593	0.712779528435	0.654926239225	0.685445975077	0.682593035197	0.68324874971	0.693476280159	0.721538752959	0.695512267915	0.677371929994	0.683285631916	0.660977349999	0.661678007538	0.722941258718	0.704993857736	0.682062062431	0.707324127495	0.664938112398	0.677518951832	0.658705984342	0.658256697672	0.691113334797	0.690321952024	0.695818943043	0.656044529659	0.636280368808	0.669923514624	0.720744951677	0.723663788254	0.698763285178	0.714491125088	0.650073309592	0.700809808297	0.696479845243	0.708779459206	0.67364390396	0.693225627171	0.688575752997	0.682543564717	0.697780776004	0.720791723995	0.697261482656	0.698288464383	0.661104798024	0.713089236627
AH3	0.694171350872	0.511962528917	0.669273428927	0.685775965643	0.695111003251	0.662792513607	0.69082315623	0.699076915565	0.683923249887	0.708865868494	0.681192895244	0.696620703482	0.682621813467	0.683087067106	0.0	0.554535311585	0.677839700996	0.719674255465	0.778193045297	0.710469886472	0.720649036772	0.705825426119	0.674489786138	0.699571789941	0.729323542979	0.700223056267	0.6945898368	0.699825129394	0.700231875364	0.720043486615	0.751099313802	0.71231806062	0.669292345591	0.722053610393	0.698483804759	0.688210826266	0.676347356126	0.684463086047	0.671510540244	0.698066880729	0.691205932109	0.683857573728	0.688805288327	0.667924011705	0.722149174433	0.717371964512	0.69938721184	0.711942180473	0.698823166948	0.703392344171	0.70584126771	0.739184613027	0.703464595656	0.709787597491	0.684086032825	0.707308012529	0.71017095074	0.749347958453	0.709392712018	0.682590959171	0.685490375817	0.70562302155
AH4	0.470503104108	0.375010356059	0.703132138389	0.652207501877	0.682561865012	0.638186313563	0.670547145491	0.66488826318	0.68249188236	0.672870285632	0.661659249288	0.662128499783	0.668329602863	0.635328993781	0.554535311585	0.0	0.696941868386	0.689609073247	0.774286435555	0.693333508133	0.709574089217	0.691459474435	0.673651736507	0.686517639222	0.73876625941	0.695098051401	0.666417030364	0.673222922664	0.691889497893	0.68448708342	0.746671469321	0.70084603354	0.677397635811	0.678916031639	0.675059798675	0.659626213715	0.672236383008	0.63895069338	0.65761058812	0.686623567945	0.671341757585	0.664739471509	0.654352319702	0.657821686569	0.690150145443	0.680325122899	0.68252560171	0.674667058688	0.651727834432	0.667717769523	0.654999863343	0.689700526506	0.645714087278	0.638799580839	0.661920226429	0.647155570775	0.668469834312	0.686687684733	0.659856531748	0.654994816499	0.663522717551	0.658815073776
AA7	0.668938451379	0.695643403029	0.715950182334	0.692043832937	0.68667104361	0.686837639216	0.710104573559	0.699714437995	0.661787726496	0.733794489498	0.677326439633	0.699743744418	0.684572965371	0.696369159096	0.677839700996	0.696941868386	0.0	0.522380723328	0.766607802241	0.682540218575	0.649831864109	0.665943848156	0.671389740803	0.682173635575	0.699946762098	0.693340815246	0.670594895762	0.673392884269	0.683872557453	0.682131302626	0.694104507379	0.587252014782	0.652676136393	0.720769465894	0.703518823002	0.724249301037	0.66808029192	0.687479621461	0.704157054804	0.745344475738	0.726405596345	0.690332611113	0.703098634365	0.700807654856	0.730966584047	0.739144542283	0.735043515829	0.738300548495	0.700569623656	0.737313064138	0.71309680281	0.735096216981	0.690912514771	0.713425267628	0.693480222271	0.709569062019	0.742335544256	0.754996470306	0.736566366359	0.728126088363	0.691556204545	0.731024047512
AA8	0.693162176577	0.696058805394	0.752665122671	0.690118716397	0.711065626232	0.688273285252	0.690589884252	0.671057650553	0.674975601764	0.691325919596	0.693438108839	0.688390816726	0.680862498159	0.692009451593	0.719674255465	0.689609073247	0.522380723328	0.0	0.770221947253	0.673830625061	0.650994475788	0.647454763841	0.679529160911	0.681375789546	0.713150786505	0.69350882362	0.651156746026	0.636631193175	0.66878158243	0.669848435757	0.569606663834	0.460525456335	0.683817976423	0.705460450963	0.729970408598	0.725872946174	0.690771365487	0.692134546434	0.721679219955	0.725330665806	0.697502887595	0.698448397467	0.693000587292	0.702276481451	0.727868331985	0.723642196066	0.723468358163	0.717943839332	0.703015715421	0.728844610086	0.710431607352	0.732361448468	0.701537733709	0.672085331219	0.691970306649	0.700915335231	0.731725854417	0.734770008025	0.738529113675	0.726462014351	0.712344140784	0.694875983622
AB7	0.750506372351	0.766228998442	0.701634889827	0.748063698353	0.753865627908	0.756349227822	0.764361985566	0.774063007031	0.768559244133	0.776249499113	0.754844881201	0.771205883778	0.768207802964	0.712779528435	0.778193045297	0.774286435555	0.766607802241	0.770221947253	0.0	0.537082418151	0.744329587195	0.743942105669	0.772902245953	0.788290082783	0.741610846674	0.780966690547	0.779960619591	0.777566051343	0.746923598368	0.621621831177	0.756189819959	0.777720415598	0.774955520243	0.789580291202	0.771121425975	0.779383602237	0.762245195394	0.765190618622	0.78263473264	0.792366477554	0.791947951579	0.719020807344	0.746531443943	0.772205442733	0.789703408274	0.797942778978	0.820211740242	0.798799349006	0.784124983939	0.790586615836	0.809665711725	0.809296675647	0.781083328469	0.797125464211	0.772698322867	0.788425413352	0.792816018838	0.816753889943	0.8020204993	0.794339658767	0.788055762861	0.80762606831
AB8	0.68527717332	0.675488700682	0.689051827519	0.685064510386	0.6770366202	0.675692773627	0.677829682255	0.662255340518	0.682981813828	0.673565707246	0.674320716379	0.679961954325	0.705556392495	0.654926239225	0.710469886472	0.693333508133	0.682540218575	0.673830625061	0.537082418151	0.0	0.646657713836	0.624289855919	0.6720207315	0.681010458839	0.683894204243	0.669968019943	0.690572600505	0.66567702064	0.522662343733	0.415710193899	0.70588407523	0.667650790573	0.68626674845	0.68587471333	0.681979269584	0.686689463224	0.659971561408	0.65782093447	0.687831687993	0.704711059613	0.684328081994	0.66965383195	0.673334304859	0.675767282004	0.684366421563	0.682876808972	0.727433869527	0.701029697645	0.68131602803	0.689036509622	0.690561646825	0.726442552579	0.662879893134	0.682909678766	0.668255069368	0.668532991724	0.695418135234	0.725838683318	0.700310135776	0.696868346762	0.688697488222	0.703383520929
AC7	0.695935105551	0.712317076804	0.726489855953	0.702476666091	0.722402255771	0.711074391048	0.713457749107	0.721607545407	0.712288309348	0.726739371205	0.683118199862	0.722066222194	0.696025517229	0.685445975077	0.720649036772	0.709574089217	0.649831864109	0.650994475788	0.744329587195	0.646657713836	0.0	0.51147375128	0.684222430476	0.687764990272	0.691942874172	0.683192430845	0.688608700378	0.578821778504	0.651409153287	0.638955820326	0.662785669532	0.651486373012	0.711004692305	0.700925365049	0.71919556526	0.731778437836	0.7131230521	0.70687948213	0.715337471118	0.737294929286	0.727232354966	0.723981207801	0.731702284044	0.706021957697	0.694672348872	0.706096215433	0.758839973413	0.748735912453	0.691003566592	0.732530486046	0.741443920192	0.752251468891	0.697031267906	0.69484250105	0.712907063447	0.707661581632	0.747754330976	0.756257034804	0.75186358565	0.729600093353	0.702292005384	0.749789479781
AC8	0.687415947583	0.667756791178	0.73691605742	0.675691382657	0.694776492636	0.685071087565	0.669180148534	0.673229176984	0.703487929009	0.691274433957	0.703251258229	0.685571812902	0.700607787247	0.682593035197	0.705825426119	0.691459474435	0.665943848156	0.647454763841	0.743942105669	0.624289855919	0.51147375128	0.0	0.694443312849	0.672520236857	0.705024482274	0.650765841311	0.519688948015	0.407542627316	0.643661085672	0.620188462406	0.707318877671	0.646347734873	0.703694353258	0.662548314207	0.706433134439	0.690444119374	0.682291884211	0.670142759323	0.674826659224	0.705906138904	0.681474820215	0.68434152187	0.672588426313	0.674535064261	0.662753869293	0.683999951212	0.718342358264	0.699017850066	0.664665733903	0.680528934641	0.685024060874	0.690526981874	0.666052799117	0.658300465566	0.682764691721	0.661181703496	0.69457061759	0.695294334734	0.704816097087	0.686762646644	0.674250213508	0.692049297854
AD7	0.665890721668	0.687127760573	0.728016612692	0.679968085408	0.724214179358	0.689047911012	0.71458598573	0.694487883373	0.657151994296	0.714321450792	0.668825472657	0.712528855312	0.660541769472	0.68324874971	0.674489786138	0.673651736507	0.671389740803	0.679529160911	0.772902245953	0.6720207315	0.684222430476	0.694443312849	0.0	0.461002970761	0.714580077581	0.518870450951	0.6662729396	0.67498977757	0.652536778531	0.670823818725	0.6974571389	0.684780002775	0.653502642854	0.697537163439	0.710835508565	0.713652271949	0.677065713239	0.677556095671	0.695706206465	0.719112667366	0.70870381518	0.675461169633	0.682139455841	0.675965807202	0.696626278502	0.697685235732	0.711686582047	0.702012694769	0.669550559185	0.705411184475	0.690953579532	0.723210862257	0.685256692828	0.677772700415	0.64977694322	0.690649750447	0.698501414081	0.733278872333	0.70228579431	0.691508491972	0.667572337861	0.699790175992
AD8	0.688975716515	0.693819082261	0.745618269588	0.680683410998	0.731651163004	0.694900057459	0.691609767695	0.674494117225	0.671179308625	0.703711411474	0.685818159023	0.713212609059	0.677648471689	0.693476280159	0.699571789941	0.686517639222	0.682173635575	0.681375789546	0.788290082783	0.681010458839	0.687764990272	0.672520236857	0.461002970761	0.0	0.596682080236	0.422096315002	0.653717677637	0.65024818712	0.65646472516	0.652659061494	0.702793693752	0.664804974308	0.673426275639	0.69438246381	0.723244356233	0.711660523906	0.683883718979	0.686997758634	0.703686102507	0.709304834931	0.702277630524	0.681329984203	0.688945658413	0.679582206271	0.695555615215	0.684039995231	0.721116338665	0.708102625802	0.669725885857	0.705294452432	0.692131502315	0.718981265026	0.680129889803	0.661815679242	0.648988453953	0.683067917182	0.703128241539	0.722146014976	0.699092240283	0.67898997085	0.670609502392	0.700377921458
AE7	0.730497123877	0.7297370329	0.705051693764	0.730667901641	0.718159667212	0.745929748063	0.724610899099	0.732796069787	0.732602661664	0.739585318251	0.762842521422	0.749244518758	0.734250601275	0.721538752959	0.729323542979	0.73876625941	0.699946762098	0.713150786505	0.741610846674	0.683894204243	0.691942874172	0.705024482274	0.714580077581	0.596682080236	0.0	0.512590516504	0.720841531483	0.70356419321	0.695321809487	0.709641581518	0.7326703702	0.661228024614	0.725586281818	0.757488674346	0.738632837143	0.756818369895	0.72970882176	0.746591395612	0.764025690252	0.769711067261	0.759247424711	0.735548541541	0.737129470791	0.737015882546	0.748296577462	0.76504521652	0.767102060459	0.777812117434	0.715226794516	0.756867548034	0.753170228206	0.79136782556	0.734044568629	0.747062958819	0.73398662709	0.745171921837	0.779058614247	0.784246820757	0.776827335199	0.75548770682	0.745019630865	0.775131429343
AE8	0.703621291129	0.686506609401	0.746450182027	0.687640940796	0.714978764151	0.694305589439	0.68267877854	0.690677626743	0.697619427257	0.688113146787	0.71005038347	0.713670848113	0.699586177428	0.695512267915	0.700223056267	0.695098051401	0.693340815246	0.69350882362	0.780966690547	0.669968019943	0.683192430845	0.650765841311	0.518870450951	0.422096315002	0.512590516504	0.0	0.656622143728	0.638383025369	0.65742139828	0.663074659588	0.724404896324	0.672572169796	0.699029487379	0.692105043217	0.716771379538	0.711908239107	0.695525852643	0.695957110207	0.704533944456	0.725493351069	0.698824184828	0.700342344923	0.706173394742	0.694442111023	0.693555102326	0.698433245632	0.718978631143	0.718722043631	0.677059284249	0.709296171835	0.705171068636	0.717792913192	0.679847830676	0.671861090837	0.68840917546	0.676743060735	0.70782980035	0.723962672888	0.713165496941	0.700712251276	0.675439791834	0.706533279444
AF7	0.665372674395	0.672662836758	0.730932610827	0.669906998091	0.712117864554	0.701265783436	0.700068300784	0.683726769911	0.666506098856	0.694760029598	0.694790015761	0.708759438184	0.685336496134	0.677371929994	0.6945898368	0.666417030364	0.670594895762	0.651156746026	0.779960619591	0.690572600505	0.688608700378	0.519688948015	0.6662729396	0.653717677637	0.720841531483	0.656622143728	0.0	0.446557960607	0.659181293595	0.665044647468	0.730867796675	0.659654550048	0.679609525122	0.708966931977	0.694597514528	0.702665339134	0.671928381913	0.681240684122	0.673642179288	0.71367153849	0.686296436368	0.686673476052	0.684493956449	0.680251524196	0.724499876276	0.724559943871	0.714854866189	0.699636746459	0.69211247913	0.705867188225	0.684065254181	0.709406252898	0.685898400361	0.664119115998	0.67764993706	0.685412769337	0.677689360817	0.719922631339	0.693153593493	0.709194456961	0.66473438464	0.67958455066
AF8	0.689136790021	0.669292781144	0.739255039153	0.676245999827	0.696903142015	0.690186559419	0.683543070003	0.670345816675	0.688348588328	0.686190927149	0.703091153802	0.683992782472	0.703387745515	0.683285631916	0.699825129394	0.673222922664	0.673392884269	0.636631193175	0.777566051343	0.66567702064	0.578821778504	0.407542627316	0.67498977757	0.65024818712	0.70356419321	0.638383025369	0.446557960607	0.0	0.663580914796	0.639493516551	0.701650542267	0.635323524143	0.705541754617	0.666241397027	0.706829414277	0.705024772797	0.688810459735	0.673426220601	0.670445477689	0.719435446854	0.6811599254	0.698071433857	0.690468147584	0.687945648384	0.685447849876	0.694777137322	0.728702407705	0.698905215346	0.678001625577	0.693939458593	0.688401123714	0.696127752664	0.66913187807	0.648975644185	0.689058078323	0.67074245136	0.691736491398	0.693438784601	0.711604796396	0.703404075433	0.659419792805	0.676221995426
AG7	0.687054876951	0.690280713079	0.711724398567	0.683704049916	0.706071656587	0.69988056307	0.701926942078	0.678258201172	0.653487783458	0.682667598246	0.695025148757	0.711127040271	0.682124177831	0.660977349999	0.700231875364	0.691889497893	0.683872557453	0.66878158243	0.746923598368	0.522662343733	0.651409153287	0.643661085672	0.652536778531	0.65646472516	0.695321809487	0.65742139828	0.659181293595	0.663580914796	0.0	0.475836094312	0.686471768761	0.674285546907	0.68467266699	0.701703135891	0.706793891782	0.697330031893	0.656078839688	0.67814501599	0.691644385019	0.716970589207	0.684314578023	0.691606458584	0.68612702923	0.663139553448	0.700899797366	0.694547050493	0.723957351782	0.71297424643	0.685026519586	0.706621210442	0.676400612978	0.737775550625	0.669994368309	0.69279204262	0.683787702834	0.682891411483	0.708698344675	0.740248840612	0.708873106206	0.697789821271	0.671807037611	0.71911979931
AG8	0.677299201848	0.680806698685	0.720247933471	0.678489084294	0.690553989221	0.688240238882	0.673343436393	0.666771409133	0.684987279127	0.672161544138	0.674641020152	0.684920159065	0.714989776456	0.661678007538	0.720043486615	0.68448708342	0.682131302626	0.669848435757	0.621621831177	0.415710193899	0.638955820326	0.620188462406	0.670823818725	0.652659061494	0.709641581518	0.663074659588	0.665044647468	0.639493516551	0.475836094312	0.0	0.68955698354	0.652400087281	0.68467470829	0.672964199181	0.695350640615	0.676638212489	0.663699888911	0.65677689759	0.666402491478	0.690271410312	0.66968779288	0.668395446358	0.676315246221	0.666757926633	0.682986249835	0.674949220116	0.732246155055	0.709806773867	0.679103912965	0.698237895062	0.689247587564	0.721003766604	0.657821779417	0.682392831358	0.685588520674	0.66944168806	0.694633736497	0.722944855818	0.69883884332	0.695766338238	0.68075087039	0.708578073675
AH7	0.736332581231	0.746234423273	0.742789063789	0.740190220132	0.758623631247	0.739845269317	0.720793499956	0.72429127812	0.729806938214	0.736344719949	0.710194564892	0.76224564087	0.735091114024	0.722941258718	0.751099313802	0.746671469321	0.694104507379	0.569606663834	0.756189819959	0.70588407523	0.662785669532	0.707318877671	0.6974571389	0.702793693752	0.7326703702	0.724404896324	0.730867796675	0.701650542267	0.686471768761	0.68955698354	0.0	0.53377004639	0.718963088649	0.763724371141	0.764820993905	0.772619543243	0.745827278272	0.73284531962	0.766837329796	0.767543496349	0.751813512766	0.747450593423	0.762026275172	0.743317330112	0.769840603344	0.771088167455	0.772490034758	0.762303230787	0.73727208512	0.762588925559	0.775618157378	0.78746930535	0.738266756045	0.739625804472	0.735122224654	0.730781283508	0.778134423724	0.80030210703	0.777902392375	0.76796896777	0.747679752967	0.759781209727
AH8	0.70391760132	0.688642792355	0.739029675149	0.705962548224	0.728225850177	0.706557473025	0.700067469562	0.684404979362	0.678383485909	0.703355709091	0.6985070781	0.714817685541	0.706400288378	0.704993857736	0.71231806062	0.70084603354	0.587252014782	0.460525456335	0.777720415598	0.667650790573	0.651486373012	0.646347734873	0.684780002775	0.664804974308	0.661228024614	0.672572169796	0.659654550048	0.635323524143	0.674285546907	0.652400087281	0.53377004639	0.0	0.69661958055	0.709843974795	0.723989785539	0.727478265048	0.701638466861	0.691421673334	0.720124136624	0.728666316084	0.69159799469	0.709350564824	0.722888803237	0.714792748213	0.717137598954	0.727761527889	0.73449649983	0.719111064902	0.704999600097	0.721675621049	0.725736445441	0.745830416958	0.698511993902	0.683418310301	0.702772912873	0.69681745787	0.724967471389	0.749136258712	0.741213819122	0.728987037603	0.703919631485	0.700288541122
AA5	0.642839263961	0.662315717998	0.731804789692	0.671174492715	0.66262784653	0.657732396495	0.705687197756	0.693336403716	0.632078758994	0.716591941903	0.633041011848	0.651164282267	0.679878757465	0.682062062431	0.669292345591	0.677397635811	0.652676136393	0.683817976423	0.774955520243	0.68626674845	0.711004692305	0.703694353258	0.653502642854	0.673426275639	0.725586281818	0.699029487379	0.679609525122	0.705541754617	0.68467266699	0.68467470829	0.718963088649	0.69661958055	0.0	0.611039957209	0.677374700109	0.684383695925	0.635124337036	0.65201202622	0.686397253556	0.692439417874	0.687323089641	0.630130783048	0.622573214156	0.62969352324	0.702512534868	0.665204565227	0.691583123501	0.701682898769	0.674598854714	0.699274576885	0.699506528167	0.719182252442	0.661188942842	0.698437406572	0.651971624041	0.690713513792	0.681542151355	0.71497945008	0.672444338508	0.686052806615	0.641408673487	0.717111827939
AA6	0.682977597835	0.677574872071	0.78658517705	0.696535525103	0.704530589352	0.679802586128	0.672750186905	0.66096576023	0.702078652515	0.67346708537	0.681015281513	0.663298821086	0.705777065546	0.707324127495	0.722053610393	0.678916031639	0.720769465894	0.705460450963	0.789580291202	0.68587471333	0.700925365049	0.662548314207	0.697537163439	0.69438246381	0.757488674346	0.692105043217	0.708966931977	0.666241397027	0.701703135891	0.672964199181	0.763724371141	0.709843974795	0.611039957209	0.0	0.704130592	0.68179703709	0.654012346612	0.63066430367	0.676247735794	0.688534053968	0.667380447578	0.679968015742	0.665126883208	0.663881464153	0.434444012845	0.425285852784	0.696509663084	0.682658780212	0.666593832699	0.683828249639	0.674803613811	0.671217679085	0.671508698661	0.673709177512	0.689898188897	0.685052963421	0.677111512878	0.665845304275	0.684850195254	0.685067206593	0.65887572945	0.680214226598
AB5	0.669564580231	0.667977293044	0.714146932344	0.672032894645	0.676098335641	0.671807372193	0.66755394238	0.67510152579	0.690041553773	0.679357131243	0.665036384103	0.678583947484	0.695598121408	0.664938112398	0.698483804759	0.675059798675	0.703518823002	0.729970408598	0.771121425975	0.681979269584	0.71919556526	0.706433134439	0.710835508565	0.723244356233	0.738632837143	0.716771379538	0.694597514528	0.706829414277	0.706793891782	0.695350640615	0.764820993905	0.723989785539	0.677374700109	0.704130592	0.0	0.445931740337	0.654180137916	0.661592782716	0.651779367818	0.650888577797	0.651949823648	0.68545052899	0.66412130597	0.641050591731	0.709707048724	0.699715942489	0.683689766672	0.708497022511	0.670183376063	0.698196929004	0.692564484198	0.692336254247	0.651282346666	0.689826856384	0.68894625281	0.666820555823	0.704937463069	0.703696281472	0.709608335709	0.706767842489	0.657303443707	0.694449956634
AB6	0.662922218732	0.648142465099	0.75454999451	0.658861427122	0.691670503166	0.67549266785	0.666910930266	0.675310388166	0.692727618237	0.682578249071	0.67277354867	0.68452402349	0.686224412871	0.677518951832	0.688210826266	0.659626213715	0.724249301037	0.725872946174	0.779383602237	0.686689463224	0.731778437836	0.690444119374	0.713652271949	0.711660523906	0.756818369895	0.711908239107	0.702665339134	0.705024772797	0.697330031893	0.676638212489	0.772619543243	0.727478265048	0.684383695925	0.68179703709	0.445931740337	0.0	0.635197101228	0.638093052975	0.642001701373	0.640112489679	0.64490058641	0.677829177889	0.647783398462	0.570585891133	0.669673140156	0.662348050534	0.652815904964	0.691709581814	0.644213621151	0.680752151468	0.673057274043	0.666846674952	0.641925104901	0.664516798416	0.685628661201	0.649729585414	0.673013375101	0.685795769963	0.671646462633	0.675919861316	0.65755592666	0.698134243252
AC5	0.643532405562	0.661843108842	0.729878790564	0.669776065404	0.683724686496	0.66529599234	0.680566537976	0.668417978898	0.660998747778	0.691546017079	0.656371574306	0.673381270273	0.680052252372	0.658705984342	0.676347356126	0.672236383008	0.66808029192	0.690771365487	0.762245195394	0.659971561408	0.7131230521	0.682291884211	0.677065713239	0.683883718979	0.72970882176	0.695525852643	0.671928381913	0.688810459735	0.656078839688	0.663699888911	0.745827278272	0.701638466861	0.635124337036	0.654012346612	0.654180137916	0.635197101228	0.0	0.491366082149	0.62750853005	0.673886069234	0.652381546857	0.667184585326	0.604583556307	0.630628134585	0.65178039278	0.652312053824	0.64078017764	0.700707445343	0.631105818011	0.684057737648	0.66465865591	0.667597154905	0.644136398525	0.656246263879	0.62485832513	0.654442519056	0.656974994317	0.676050876112	0.649037229451	0.673132118614	0.640116384297	0.685379067572
AC6	0.636425408431	0.626481510327	0.730053546852	0.65240958618	0.681044123779	0.6296442049	0.653061527861	0.664961035736	0.683017436186	0.661497070159	0.651693568693	0.669550316935	0.680798332853	0.658256697672	0.684463086047	0.63895069338	0.687479621461	0.692134546434	0.765190618622	0.65782093447	0.70687948213	0.670142759323	0.677556095671	0.686997758634	0.746591395612	0.695957110207	0.681240684122	0.673426220601	0.67814501599	0.65677689759	0.73284531962	0.691421673334	0.65201202622	0.63066430367	0.661592782716	0.638093052975	0.491366082149	0.0	0.622393948055	0.656549051076	0.642202447245	0.550718020735	0.509109942121	0.622895349951	0.644386923893	0.638864784647	0.638139929496	0.681428805875	0.618081865668	0.638635477416	0.656252399996	0.665309553241	0.633927276165	0.64414125298	0.643784063788	0.637721324439	0.633610859312	0.657919402938	0.622873158172	0.642631277951	0.637724556484	0.667546617076
AD6	0.664010513135	0.641324399209	0.74844477428	0.698299237329	0.667766185473	0.649027068659	0.61988533211	0.642217058752	0.684751773268	0.622187288834	0.666950107028	0.669365478813	0.712028965147	0.691113334797	0.671510540244	0.65761058812	0.704157054804	0.721679219955	0.78263473264	0.687831687993	0.715337471118	0.674826659224	0.695706206465	0.703686102507	0.764025690252	0.704533944456	0.673642179288	0.670445477689	0.691644385019	0.666402491478	0.766837329796	0.720124136624	0.686397253556	0.676247735794	0.651779367818	0.642001701373	0.62750853005	0.622393948055	0.0	0.542980819129	0.432483499892	0.66192255653	0.647045904152	0.662247678775	0.666274110474	0.688419182127	0.676401141336	0.684193490218	0.656931050077	0.649142986232	0.682699142595	0.68433607351	0.646470558708	0.663134148603	0.675058224504	0.657588694662	0.653873875391	0.693513441984	0.652555682138	0.649940023554	0.632932679929	0.672395754723
AE5	0.692648862107	0.671691569274	0.771509981104	0.692169084096	0.66893328906	0.660750682082	0.658658004742	0.649081466658	0.689405206947	0.65956162553	0.679613377294	0.665553988261	0.704436321576	0.690321952024	0.698066880729	0.686623567945	0.745344475738	0.725330665806	0.792366477554	0.704711059613	0.737294929286	0.705906138904	0.719112667366	0.709304834931	0.769711067261	0.725493351069	0.71367153849	0.719435446854	0.716970589207	0.690271410312	0.767543496349	0.728666316084	0.692439417874	0.688534053968	0.650888577797	0.640112489679	0.673886069234	0.656549051076	0.542980819129	0.0	0.411897524936	0.678050745718	0.655394240168	0.67126398791	0.687856923966	0.6920058773	0.678220616985	0.687559570094	0.649125221132	0.66077576648	0.685797991594	0.699920801105	0.647040990271	0.657954796384	0.660503503791	0.655500683723	0.668086367749	0.701700168832	0.664126428659	0.651596904264	0.656140144859	0.690247330815
AE6	0.689025037261	0.643129092573	0.771934690044	0.696258720618	0.673786265794	0.659407310183	0.619453067308	0.630988769727	0.688358101712	0.616477556655	0.687205153457	0.663072237012	0.714900524908	0.695818943043	0.691205932109	0.671341757585	0.726405596345	0.697502887595	0.791947951579	0.684328081994	0.727232354966	0.681474820215	0.70870381518	0.702277630524	0.759247424711	0.698824184828	0.686296436368	0.6811599254	0.684314578023	0.66968779288	0.751813512766	0.69159799469	0.687323089641	0.667380447578	0.651949823648	0.64490058641	0.652381546857	0.642202447245	0.432483499892	0.411897524936	0.0	0.681694921742	0.646000618293	0.676779419815	0.675114692065	0.679181585486	0.679652938737	0.653993071307	0.646691022401	0.640808301888	0.673043583985	0.694198697568	0.634924670511	0.636325212196	0.663600974762	0.634977040268	0.653585891367	0.682798423093	0.656841557535	0.639173879134	0.644106681494	0.658474335771
AF5	0.67194698339	0.660258979641	0.711187523167	0.655842891562	0.653681849318	0.633190553341	0.68317367804	0.692603805415	0.68727111277	0.686851776277	0.684026340043	0.66559926255	0.671360123526	0.656044529659	0.683857573728	0.664739471509	0.690332611113	0.698448397467	0.719020807344	0.66965383195	0.723981207801	0.68434152187	0.675461169633	0.681329984203	0.735548541541	0.700342344923	0.686673476052	0.698071433857	0.691606458584	0.668395446358	0.747450593423	0.709350564824	0.630130783048	0.679968015742	0.68545052899	0.677829177889	0.667184585326	0.550718020735	0.66192255653	0.678050745718	0.681694921742	0.0	0.479834622335	0.638585759625	0.696649943167	0.685905400838	0.69870672869	0.708215151546	0.658184729123	0.671928577906	0.684097020516	0.713771835193	0.673918247175	0.694395467277	0.672165673748	0.688528139558	0.672464776329	0.720516136571	0.668434508629	0.649807703358	0.655811858811	0.706809810681
AF6	0.641710869517	0.648694823739	0.730793541739	0.651135287623	0.660553853797	0.637520212958	0.666884867352	0.676171512022	0.679693289726	0.680725367946	0.664305259655	0.650860470417	0.654776423181	0.636280368808	0.688805288327	0.654352319702	0.703098634365	0.693000587292	0.746531443943	0.673334304859	0.731702284044	0.672588426313	0.682139455841	0.688945658413	0.737129470791	0.706173394742	0.684493956449	0.690468147584	0.68612702923	0.676315246221	0.762026275172	0.722888803237	0.622573214156	0.665126883208	0.66412130597	0.647783398462	0.604583556307	0.509109942121	0.647045904152	0.655394240168	0.646000618293	0.479834622335	0.0	0.618751705758	0.697045857357	0.679886230561	0.663227317422	0.685798062221	0.658161123331	0.66426734981	0.680001767501	0.686049463629	0.666369571084	0.670327704957	0.677876807595	0.680306677355	0.652860214223	0.68745202388	0.640375374256	0.644304342587	0.645157137333	0.699643441579
