	AA3	AA4	AB3	AB4	AC3	AC4	AD3	AD4	AE3	AE4	AF3	AF4	AG3	AG4	AH3	AH4	AA7	AA8	AB7	AB8	AC7	AC8	AD7	AD8	AE7	AE8	AF7	AF8	AG7	AG8	AH7	AH8	AA5	AA6	AB5	AB6	AC5	AC6	AD6	AE5	AE6	AF5	AF6	AG5	AH5	AH6	AA1	AA2	AB1	AB2	AC1	AC2	AD1	AD2	AE1	AE2	AF1	AF2	AG1	AG2	AH1	AH2
AA3	0.0	0.518703059011	0.64811617077	0.650330557067	0.680647468542	0.664121865065	0.687002523409	0.693937062343	0.666416074041	0.693057863203	0.654440315067	0.677635639734	0.651904834049	0.634710706335	0.692639229973	0.490759850368	0.68074360137	0.69339299855	0.751872755756	0.689077716331	0.702612519393	0.684785351824	0.684339767915	0.710919088481	0.727886580979	0.698290968438	0.674593816687	0.681549328284	0.702628111635	0.685430745395	0.748623480523	0.706986606881	0.648709753437	0.698537028882	0.670352487773	0.678548151837	0.645048747317	0.656252389669	0.689993964317	0.697577904363	0.689921766044	0.677592314957	0.675639057718	0.655878209137	0.702512239835	0.684976330534	0.661505766498	0.678823027261	0.653010340583	0.697743878506	0.685116160602	0.682373225956	0.648934111369	0.671294510908	0.685657716762	0.658780985295	0.656573574004	0.674478625405	0.675990036629	0.681204907179	0.658590968641	0.677159615868
AA4	0.518703059011	0.0	0.703071785482	0.642017395782	0.674295297343	0.639107866199	0.66479041156	0.654235854175	0.671594584545	0.673911745312	0.655846565389	0.639475982571	0.668780976246	0.663289917631	0.496352577634	0.382701067144	0.690973476003	0.706146520558	0.781033126133	0.694754283173	0.721872303084	0.676684598145	0.699920441464	0.705327045222	0.745481659353	0.69241686407	0.666643948537	0.666450558509	0.700654900332	0.689590754368	0.753224760964	0.694894770394	0.668803246447	0.683401620797	0.65625927938	0.637600509818	0.657479483637	0.633373872661	0.658403755909	0.678887077537	0.658929011461	0.670892216769	0.669218923405	0.654742459732	0.684623997593	0.680312528158	0.655998962603	0.649874641905	0.659960297535	0.663659901853	0.678293713299	0.664281724038	0.66327874754	0.659552965915	0.669488426176	0.647965253101	0.646773588495	0.654429504023	0.658109700952	0.66728838423	0.664296401628	0.636383350983
AB3	0.64811617077	0.703071785482	0.0	0.654170412024	0.707860762755	0.728072404327	0.736020664406	0.74622516819	0.696069634565	0.751252197779	0.697245151579	0.736326950612	0.721924464419	0.613351972711	0.710086748141	0.706512805662	0.703275847683	0.734802939212	0.69246436234	0.682143847567	0.726833943542	0.729834019741	0.738086911374	0.757448530442	0.729847792519	0.753526635441	0.706244464766	0.739235548869	0.711530210475	0.690548885493	0.753125774467	0.748765819584	0.691857672106	0.770480411966	0.698409623241	0.731483880824	0.695247912552	0.71627607499	0.757488731573	0.75649067994	0.765615941592	0.711493275592	0.705689342169	0.724375293752	0.782571871683	0.777886860376	0.749871069842	0.766476807337	0.705808608314	0.769989398949	0.739229406452	0.752644827183	0.73060819746	0.755748658805	0.736124461638	0.750061043188	0.737781958495	0.748422080365	0.741782475505	0.761876049284	0.732302789126	0.751736518016
AB4	0.650330557067	0.642017395782	0.654170412024	0.0	0.68537668408	0.683206356476	0.6848419677	0.691325550567	0.699069273869	0.69202960502	0.680521433477	0.697356905146	0.438554451048	0.441879043958	0.677483093852	0.652895212963	0.695987500719	0.698362589313	0.749642311749	0.677047901389	0.700736415824	0.673204477857	0.702124565347	0.715496493319	0.735946752703	0.705560442374	0.657401688738	0.674563893774	0.694564425106	0.688685968986	0.741440729943	0.70454257254	0.689499615332	0.713353166844	0.683687198919	0.674136147305	0.671688956532	0.65678417019	0.702716852698	0.701426775952	0.704933058475	0.661886817865	0.673414752512	0.688174255251	0.718920866057	0.728377707165	0.696947955149	0.696429895644	0.640865438206	0.696911413349	0.705956741547	0.712759809061	0.672045143626	0.682763929798	0.697683026481	0.680208101815	0.691576265806	0.691540050457	0.705948052805	0.696923082558	0.678996335436	0.698483011061
AC3	0.680647468542	0.674295297343	0.707860762755	0.68537668408	0.0	0.526452638193	0.670567624968	0.668751387935	0.679697424468	0.671903172052	0.684631545762	0.445279543426	0.698191224598	0.706881850099	0.67341208758	0.67639281874	0.684467797788	0.693180668447	0.74697644093	0.671274637874	0.701376769538	0.681816671218	0.723474652324	0.716959472034	0.713289617288	0.708023255135	0.70685971334	0.712088440691	0.705124908194	0.675715709531	0.741207286471	0.700392069988	0.673659189089	0.707979392095	0.688657155775	0.683287210675	0.679898078768	0.6664946475	0.691583336775	0.674757705443	0.67412218661	0.676841128269	0.66745306388	0.676473482641	0.730107692476	0.71746324711	0.722378191479	0.703904301995	0.69229702633	0.685440174271	0.67957987864	0.691418980636	0.687904890309	0.685435432645	0.685241881313	0.680502387176	0.697072713874	0.688979321395	0.687247318546	0.681548751253	0.693353213952	0.705745769195
AC4	0.664121865065	0.639107866199	0.728072404327	0.683206356476	0.526452638193	0.0	0.665853983966	0.6668872779	0.656362413484	0.663334266018	0.494841879013	0.434464226635	0.680126748283	0.715667811484	0.674307233642	0.650199402721	0.676113435522	0.679176888153	0.757304219818	0.673165926587	0.720176199194	0.67817245572	0.708948540418	0.7139648892	0.760810258171	0.709217572273	0.702056624201	0.708496679722	0.706953843282	0.680469778165	0.755485024275	0.703057295603	0.669445969668	0.682764843363	0.646890200161	0.660017516656	0.668301876729	0.647506303963	0.652496549124	0.664646472839	0.65299925535	0.659139778509	0.659358869217	0.660148296076	0.683656760043	0.672507914494	0.700075171312	0.667580565871	0.688134046433	0.68211249899	0.679970597369	0.674210901428	0.678322634792	0.686683624159	0.696471120386	0.687888859881	0.67766112289	0.663710438311	0.676420846052	0.682749338997	0.656276922503	0.685635977841
AD3	0.687002523409	0.66479041156	0.736020664406	0.6848419677	0.670567624968	0.665853983966	0.0	0.417732833181	0.68333093391	0.342751249974	0.704411694007	0.660112142395	0.711148970671	0.703209838688	0.7033631317	0.680290882815	0.71064341565	0.688526169683	0.769626526144	0.668003378642	0.720092355453	0.677697632607	0.71913884162	0.702257680365	0.736952431424	0.680361677098	0.700983784237	0.675476960176	0.707983181753	0.668485571798	0.72736131876	0.700545190383	0.711542740388	0.663379364089	0.671441261847	0.655850379385	0.685224981064	0.659007286451	0.639462211056	0.66097834645	0.630482889581	0.667473252034	0.681743072284	0.681891729439	0.683923066047	0.675504557511	0.679991898358	0.664793241788	0.678369075852	0.671877207632	0.688890880903	0.670717547603	0.667521116332	0.665069067737	0.682861552246	0.66130887857	0.667749422998	0.680629722189	0.689921171535	0.654390031775	0.701096944199	0.663519749598
AD4	0.693937062343	0.654235854175	0.74622516819	0.691325550567	0.668751387935	0.6668872779	0.417732833181	0.0	0.590999777648	0.400878662626	0.697786884052	0.655838007926	0.683348893497	0.702481890221	0.666432372357	0.675831816081	0.691582646166	0.685677692255	0.78077783781	0.676492482871	0.704700594539	0.672141816664	0.687347322042	0.667466732895	0.731093511229	0.667158119101	0.681393242271	0.660277417151	0.668224167671	0.655535673097	0.724375184514	0.692045455377	0.692579605161	0.657812717316	0.660909172035	0.654869649756	0.653506626411	0.658735058445	0.622094197392	0.649151332313	0.612953992656	0.677848131336	0.682192586679	0.667841698628	0.687018185367	0.663826713666	0.687575378023	0.666787614424	0.685218044335	0.657463977599	0.685702111695	0.680334098286	0.670053301756	0.648803511131	0.645240034334	0.6531146859	0.658681007084	0.684281371226	0.686511085401	0.652510311172	0.68379752724	0.670657050876
AE3	0.666416074041	0.671594584545	0.696069634565	0.699069273869	0.679697424468	0.656362413484	0.68333093391	0.590999777648	0.0	0.653877768423	0.661706652375	0.684926521925	0.677797492777	0.7060187351	0.677028876612	0.691886122808	0.664858837957	0.688799849699	0.755169251415	0.69781151703	0.730926042957	0.712691832484	0.671868426107	0.695278578558	0.758692434467	0.724377740743	0.691957237792	0.719656795265	0.677839278579	0.688540363242	0.730045890023	0.704026186705	0.633292386377	0.713963943209	0.694179363596	0.697472698065	0.650088766657	0.688917439794	0.683331731494	0.697960517735	0.698054287305	0.670310867086	0.684041785502	0.669386055767	0.733815595348	0.719675973971	0.711100320773	0.720939061323	0.703561382961	0.722573650769	0.703940694377	0.713399951716	0.691668541194	0.706281930074	0.663355468237	0.703645873288	0.703427333559	0.725593231231	0.705955302601	0.714336793903	0.665188338879	0.729899272498
AE4	0.693057863203	0.673911745312	0.751252197779	0.69202960502	0.671903172052	0.663334266018	0.342751249974	0.400878662626	0.653877768423	0.0	0.71273161386	0.664804532216	0.711859698893	0.709589386728	0.697448440962	0.668136161333	0.708338738925	0.686428846201	0.775949452349	0.659324326362	0.717937468653	0.66358887076	0.709638294229	0.701239545458	0.734529423328	0.680941840536	0.680049067065	0.66916055975	0.692744583461	0.654405753144	0.724660495987	0.688185200027	0.697413745832	0.671520386987	0.676311796599	0.665567729525	0.685148826501	0.667523766111	0.627025311558	0.66069789309	0.62061937946	0.674077426941	0.682490697	0.679035521597	0.688923491663	0.681476717663	0.670402427534	0.648615933725	0.681700997098	0.671958712017	0.690921252492	0.668825659421	0.680310925328	0.670682912838	0.681647455215	0.670927474044	0.681116903433	0.678869508538	0.684934518882	0.664093747217	0.697641084879	0.655624534103
AF3	0.654440315067	0.655846565389	0.697245151579	0.680521433477	0.684631545762	0.494841879013	0.704411694007	0.697786884052	0.661706652375	0.71273161386	0.0	0.566102252545	0.66969409492	0.700148775707	0.662696196516	0.660229515913	0.67338114489	0.696032851114	0.755444942545	0.683367314067	0.694903754421	0.698803174129	0.686963422543	0.703892750696	0.763737055322	0.712933256488	0.6938411798	0.718797840534	0.69645068821	0.674115339441	0.717338446067	0.690341375854	0.630527147022	0.696178998141	0.656454641908	0.668945366848	0.641816318966	0.655598655079	0.678472074716	0.689463777682	0.6830322741	0.666461246598	0.677273509224	0.669263744206	0.696252481015	0.701148605166	0.71045590674	0.703696024207	0.683694544137	0.717444964201	0.700968267236	0.718266943409	0.693521982464	0.70624053699	0.701403697433	0.706687867679	0.680493633982	0.717927239951	0.685911760871	0.703968153177	0.655081181464	0.706072891328
AF4	0.677635639734	0.639475982571	0.736326950612	0.697356905146	0.445279543426	0.434464226635	0.660112142395	0.655838007926	0.684926521925	0.664804532216	0.566102252545	0.0	0.683883288089	0.728802933893	0.676835922031	0.666006903572	0.704328970293	0.698906564262	0.754272665416	0.669720165598	0.706795068026	0.685489581964	0.709970449493	0.704674118512	0.725290800732	0.695117039726	0.711681226648	0.714705970563	0.707125341724	0.665488406294	0.740507920484	0.707630861263	0.671326893873	0.669540199014	0.663067619049	0.659436315244	0.683979733201	0.651545510698	0.669473549907	0.665609232907	0.660552826746	0.667543932062	0.662947171422	0.66458367767	0.697516589992	0.680694128637	0.711088368016	0.682188460579	0.694236224759	0.68626241865	0.676951881489	0.69097852024	0.685382924555	0.677730905386	0.67965127293	0.676869681845	0.679985452015	0.693543587896	0.686208387758	0.659716794957	0.686567837727	0.692001601621
AG3	0.651904834049	0.668780976246	0.721924464419	0.438554451048	0.698191224598	0.680126748283	0.711148970671	0.683348893497	0.677797492777	0.711859698893	0.66969409492	0.683883288089	0.0	0.523834969638	0.671017516946	0.661677221874	0.669136424192	0.686259541514	0.766011724549	0.701746098206	0.684277641874	0.692718686129	0.680785829151	0.693252780242	0.729720571009	0.699589936184	0.678555445671	0.699035757612	0.684094224644	0.695484005627	0.736186857208	0.706651778878	0.677239712485	0.704062239638	0.687077012719	0.685501129861	0.674878603426	0.663539300574	0.684380156562	0.71268832037	0.697566166648	0.653812484721	0.658786808208	0.67658883049	0.714060710621	0.712281367784	0.698308233509	0.703445763542	0.662331126999	0.705320977078	0.703604071628	0.719487563152	0.673423656561	0.672364618617	0.678708224857	0.685825532982	0.706210694193	0.71365865607	0.706919005054	0.69575530963	0.681253969357	0.712973712917
AG4	0.634710706335	0.663289917631	0.613351972711	0.441879043958	0.706881850099	0.715667811484	0.703209838688	0.702481890221	0.7060187351	0.709589386728	0.700148775707	0.728802933893	0.523834969638	0.0	0.689796984983	0.653850152185	0.707555404308	0.722956069006	0.72697925175	0.670757608956	0.699982130659	0.692318091187	0.703506514112	0.72298906004	0.718639071232	0.698183848026	0.680192165227	0.698944904144	0.686886356737	0.682073773111	0.749834580258	0.718179297296	0.710294403805	0.730848514117	0.694813327734	0.684611915867	0.680616772438	0.675832631009	0.70615369577	0.722709222941	0.713888804599	0.670643971892	0.680441418899	0.694632761457	0.732643286667	0.74321444523	0.725391135423	0.726600054657	0.653089181872	0.716591963244	0.728718352626	0.748255909881	0.687716782013	0.707716070515	0.718606365463	0.708309058053	0.712391583477	0.73165659757	0.724807527447	0.718164887535	0.687694574599	0.711038063926
AH3	0.692639229973	0.496352577634	0.710086748141	0.677483093852	0.67341208758	0.674307233642	0.7033631317	0.666432372357	0.677028876612	0.697448440962	0.662696196516	0.676835922031	0.671017516946	0.689796984983	0.0	0.537874026863	0.679337072251	0.703370882511	0.766053966658	0.698449557362	0.718387784218	0.702026760088	0.693951329909	0.695803826448	0.735151628667	0.696157056951	0.690706278281	0.707375484358	0.692495642912	0.690733011873	0.751230365519	0.705242356169	0.659262747614	0.722725149085	0.677394003393	0.676891577035	0.677331439692	0.676855541426	0.669685434349	0.701684560136	0.674940469112	0.683720555696	0.675588682182	0.668881760905	0.728759743798	0.716563687222	0.698282567684	0.694632140822	0.699789017785	0.696158553445	0.711753684454	0.716136313074	0.699056957393	0.698621417586	0.680098117918	0.703305134715	0.701051166289	0.710857102625	0.691927144872	0.709339608923	0.696017935926	0.692879484469
AH4	0.490759850368	0.382701067144	0.706512805662	0.652895212963	0.67639281874	0.650199402721	0.680290882815	0.675831816081	0.691886122808	0.668136161333	0.660229515913	0.666006903572	0.661677221874	0.653850152185	0.537874026863	0.0	0.701173524249	0.695592564806	0.769629969175	0.682689610164	0.708192272691	0.670270682256	0.685653417048	0.693801303763	0.736716164402	0.687171074038	0.672352772749	0.674130074723	0.701605241235	0.695882488165	0.737003819798	0.683948929129	0.668131217876	0.693556778365	0.660924148578	0.648061992776	0.668250907858	0.649280443524	0.661108953177	0.694644616443	0.656572159495	0.67385109194	0.671586500189	0.663220174774	0.693611894908	0.684595860718	0.664233565018	0.655946472877	0.664903893468	0.673903754305	0.683578933909	0.671105231652	0.657319410403	0.662506130505	0.675443573671	0.653391098112	0.662438820817	0.6607158207	0.667203467923	0.678459138909	0.659055662246	0.643586854306
AA7	0.68074360137	0.690973476003	0.703275847683	0.695987500719	0.684467797788	0.676113435522	0.71064341565	0.691582646166	0.664858837957	0.708338738925	0.67338114489	0.704328970293	0.669136424192	0.707555404308	0.679337072251	0.701173524249	0.0	0.507383786487	0.75949563957	0.682513470541	0.662052581579	0.683371395739	0.668068516279	0.684625607512	0.699217447573	0.701394365817	0.664332677649	0.672569777978	0.672702743536	0.666043620147	0.711483657955	0.550497445079	0.653447959747	0.741717094946	0.704128977479	0.714548774799	0.677036483515	0.692998347872	0.713404054477	0.749894839835	0.740244660568	0.679640322444	0.698580455939	0.704581357837	0.742630016105	0.716200616644	0.727728880179	0.728327203571	0.715386276826	0.745422506836	0.718955461607	0.733009064464	0.701106905946	0.709335034545	0.685884778993	0.702213530935	0.732497399597	0.734413207153	0.732661336817	0.743702901172	0.691615817878	0.720301205444
AA8	0.69339299855	0.706146520558	0.734802939212	0.698362589313	0.693180668447	0.679176888153	0.688526169683	0.685677692255	0.688799849699	0.686428846201	0.696032851114	0.698906564262	0.686259541514	0.722956069006	0.703370882511	0.695592564806	0.507383786487	0.0	0.763094682318	0.634033664183	0.63900715059	0.627541061216	0.67434256826	0.674755921977	0.69768514874	0.677446203712	0.662405896385	0.648292514156	0.663137778988	0.647469103786	0.557674186496	0.415762204278	0.680303885791	0.721290677484	0.71110875286	0.722248754595	0.707491541348	0.70021164382	0.705331332099	0.721062402865	0.700376217111	0.69397950741	0.699938554417	0.702246407778	0.724276328693	0.703325574783	0.708359676112	0.697667138255	0.713218983562	0.718814821278	0.715334897874	0.726459390174	0.687263568455	0.675630704324	0.67139806081	0.676831188209	0.740014060908	0.730876888174	0.743133087477	0.724282257811	0.710842171911	0.694523815845
AB7	0.751872755756	0.781033126133	0.69246436234	0.749642311749	0.74697644093	0.757304219818	0.769626526144	0.78077783781	0.755169251415	0.775949452349	0.755444942545	0.754272665416	0.766011724549	0.72697925175	0.766053966658	0.769629969175	0.75949563957	0.763094682318	0.0	0.547817192922	0.743951411781	0.75107617215	0.777349905795	0.789950881253	0.74347880882	0.769945488066	0.764333440272	0.765048068475	0.747276537419	0.631630207452	0.758577273753	0.754275728479	0.77541652003	0.787565344667	0.774533297578	0.779806057678	0.765474785778	0.754040188479	0.788108317564	0.79606372978	0.79413028333	0.73330008436	0.738735833876	0.779414181591	0.799836008101	0.790853929163	0.814322842257	0.802010496549	0.77069277181	0.796421194125	0.804190777293	0.801493492027	0.786301794509	0.793378576749	0.786327283523	0.783734740968	0.78387011367	0.804257064012	0.802463327248	0.797437389603	0.79282121573	0.790846644811
AB8	0.689077716331	0.694754283173	0.682143847567	0.677047901389	0.671274637874	0.673165926587	0.668003378642	0.676492482871	0.69781151703	0.659324326362	0.683367314067	0.669720165598	0.701746098206	0.670757608956	0.698449557362	0.682689610164	0.682513470541	0.634033664183	0.547817192922	0.0	0.645788399026	0.612955418382	0.684196429179	0.676325260399	0.687012032234	0.658178456023	0.660441993304	0.649444922338	0.514278851745	0.413829075999	0.673263232101	0.627167166729	0.6845022962	0.699368256011	0.693754461456	0.681190799843	0.68745322687	0.658078597628	0.69506615238	0.709295371947	0.681603365249	0.675857690075	0.677880447165	0.678554568187	0.704652806345	0.69629491972	0.731185778229	0.703537517363	0.686027410896	0.711524090492	0.71283697848	0.717368997894	0.682889359988	0.684735657568	0.696337415769	0.67439261203	0.693049826686	0.713015425738	0.711344393856	0.714108903995	0.68946060155	0.700382763012
AC7	0.702612519393	0.721872303084	0.726833943542	0.700736415824	0.701376769538	0.720176199194	0.720092355453	0.704700594539	0.730926042957	0.717937468653	0.694903754421	0.706795068026	0.684277641874	0.699982130659	0.718387784218	0.708192272691	0.662052581579	0.63900715059	0.743951411781	0.645788399026	0.0	0.50752966271	0.682593125492	0.691114083676	0.695619588454	0.684459212843	0.682256048069	0.612611722412	0.638628859612	0.630765680984	0.661325805998	0.643483815886	0.691885386769	0.701447716747	0.72026908579	0.733359431431	0.709763009434	0.711959975999	0.7149846615	0.746872889381	0.735939441819	0.722500795355	0.730861979301	0.714113709461	0.708679686796	0.691230489878	0.754277440779	0.747644239595	0.714907007077	0.736692631004	0.754621338785	0.764844136003	0.702235798527	0.687154884963	0.688270137251	0.706658687078	0.739005173357	0.746222708063	0.752522336436	0.72718594845	0.700649299242	0.740946851264
AC8	0.684785351824	0.676684598145	0.729834019741	0.673204477857	0.681816671218	0.67817245572	0.677697632607	0.672141816664	0.712691832484	0.66358887076	0.698803174129	0.685489581964	0.692718686129	0.692318091187	0.702026760088	0.670270682256	0.683371395739	0.627541061216	0.75107617215	0.612955418382	0.50752966271	0.0	0.679404951706	0.66480177105	0.707050586226	0.651897235856	0.487345011214	0.424175929283	0.638534130714	0.605142139092	0.692895038385	0.614729014181	0.698361797589	0.663507577869	0.693387622532	0.698369726953	0.696775690634	0.671958755925	0.680360383423	0.711958664088	0.687281654327	0.695943145944	0.704836652652	0.687010456076	0.680547240141	0.647239376475	0.721312749352	0.687442667528	0.686159848083	0.695523285636	0.696405270814	0.699326880792	0.675989194874	0.653762901391	0.666323958781	0.656901049594	0.691595085006	0.674743784572	0.707976925996	0.70191984141	0.678445184985	0.67460061994
AD7	0.684339767915	0.699920441464	0.738086911374	0.702124565347	0.723474652324	0.708948540418	0.71913884162	0.687347322042	0.671868426107	0.709638294229	0.686963422543	0.709970449493	0.680785829151	0.703506514112	0.693951329909	0.685653417048	0.668068516279	0.67434256826	0.777349905795	0.684196429179	0.682593125492	0.679404951706	0.0	0.451392092129	0.705847900529	0.506904516375	0.660202996208	0.670135116182	0.668954253859	0.679302571777	0.706199459467	0.683459384154	0.645370590583	0.700987913161	0.719904014654	0.705107810723	0.690242799014	0.682080260906	0.711282832627	0.725645127527	0.714760255391	0.686296246367	0.68181834692	0.690966977879	0.708373503105	0.70822754896	0.710236032723	0.70682862463	0.680597892955	0.721050132063	0.697142247708	0.720733390255	0.680755365677	0.681269975132	0.65499198016	0.684739570583	0.69626886117	0.711002477802	0.703152762484	0.701574827834	0.660487358837	0.70619477856
AD8	0.710919088481	0.705327045222	0.757448530442	0.715496493319	0.716959472034	0.7139648892	0.702257680365	0.667466732895	0.695278578558	0.701239545458	0.703892750696	0.704674118512	0.693252780242	0.72298906004	0.695803826448	0.693801303763	0.684625607512	0.674755921977	0.789950881253	0.676325260399	0.691114083676	0.66480177105	0.451392092129	0.0	0.608233602248	0.412658052832	0.651076875619	0.656303999525	0.666273150871	0.672397853116	0.705504749143	0.675645106395	0.677755741958	0.696191431887	0.733295900862	0.715079409532	0.701376541275	0.698839659987	0.710723069657	0.732529746609	0.711450702528	0.699164700528	0.694999882589	0.692472449544	0.712161506832	0.701910092221	0.717686931154	0.710643803928	0.696236002943	0.719178852926	0.704962595646	0.727279964172	0.696238104658	0.671154724067	0.663119591514	0.689958076591	0.706739110912	0.714255759702	0.716338398979	0.712901318768	0.685711638233	0.710573109162
AE7	0.727886580979	0.745481659353	0.729847792519	0.735946752703	0.713289617288	0.760810258171	0.736952431424	0.731093511229	0.758692434467	0.734529423328	0.763737055322	0.725290800732	0.729720571009	0.718639071232	0.735151628667	0.736716164402	0.699217447573	0.69768514874	0.74347880882	0.687012032234	0.695619588454	0.707050586226	0.705847900529	0.608233602248	0.0	0.499735776127	0.706078991975	0.699699670244	0.694486468047	0.689586992895	0.730278683245	0.701484264531	0.732826927929	0.756939570183	0.749596461179	0.755648393233	0.738198099884	0.752372878006	0.76318844922	0.776908076102	0.767183227435	0.747340419488	0.741394260842	0.746267975258	0.756364301929	0.758250762302	0.774036414825	0.77875233807	0.735163258279	0.770959772253	0.767196008593	0.782026323624	0.743861078491	0.746427628963	0.744826554616	0.745517022809	0.770172511212	0.779497437918	0.785036315237	0.75827448665	0.753940493354	0.775354056343
AE8	0.698290968438	0.69241686407	0.753526635441	0.705560442374	0.708023255135	0.709217572273	0.680361677098	0.667158119101	0.724377740743	0.680941840536	0.712933256488	0.695117039726	0.699589936184	0.698183848026	0.696157056951	0.687171074038	0.701394365817	0.677446203712	0.769945488066	0.658178456023	0.684459212843	0.651897235856	0.506904516375	0.412658052832	0.499735776127	0.0	0.658929950374	0.637828079742	0.653177101638	0.659785907875	0.717720098011	0.679604426086	0.69161964087	0.690935673064	0.716465611381	0.6992052159	0.710244788096	0.691519060264	0.705194202605	0.726938251708	0.711331045679	0.692593442743	0.692507703136	0.684721061126	0.700091777946	0.683208408866	0.720271148905	0.714212044209	0.694306308636	0.712418121707	0.71825951507	0.727524942969	0.684997203969	0.667366704379	0.687880141898	0.681903927466	0.69970782533	0.711872306315	0.720122291168	0.693306870633	0.692062713501	0.710134035492
AF7	0.674593816687	0.666643948537	0.706244464766	0.657401688738	0.70685971334	0.702056624201	0.700983784237	0.681393242271	0.691957237792	0.680049067065	0.6938411798	0.711681226648	0.678555445671	0.680192165227	0.690706278281	0.672352772749	0.664332677649	0.662405896385	0.764333440272	0.660441993304	0.682256048069	0.487345011214	0.660202996208	0.651076875619	0.706078991975	0.658929950374	0.0	0.439977987073	0.652692597082	0.660899326703	0.718721524868	0.660892313163	0.673560349252	0.714024879752	0.687312904891	0.682577247537	0.683565602463	0.677017769162	0.685254222184	0.710790966152	0.685664142863	0.670492057341	0.67948801012	0.675014775456	0.729457384161	0.714538593201	0.69973292724	0.688990522874	0.664538349763	0.709186204544	0.68661463613	0.700617751278	0.685550804279	0.67059872853	0.659663571401	0.681331846514	0.681350162869	0.695228448847	0.695364510866	0.722444364211	0.664503010596	0.676159281546
AF8	0.681549328284	0.666450558509	0.739235548869	0.674563893774	0.712088440691	0.708496679722	0.675476960176	0.660277417151	0.719656795265	0.66916055975	0.718797840534	0.714705970563	0.699035757612	0.698944904144	0.707375484358	0.674130074723	0.672569777978	0.648292514156	0.765048068475	0.649444922338	0.612611722412	0.424175929283	0.670135116182	0.656303999525	0.699699670244	0.637828079742	0.439977987073	0.0	0.644244027933	0.639335617935	0.718856219769	0.639872686491	0.697337775205	0.680471782398	0.692260746911	0.691291605908	0.690225537346	0.656170453484	0.681362106426	0.724211064655	0.706618952432	0.69856093991	0.699311867659	0.680609932947	0.706694998982	0.680271404347	0.704088266117	0.692478677592	0.670683064917	0.697419770546	0.700984952112	0.696044328982	0.674798427589	0.661799411246	0.683410003161	0.664131379287	0.669372542243	0.684896447907	0.70554552512	0.702696820327	0.659633512836	0.681407936278
AG7	0.702628111635	0.700654900332	0.711530210475	0.694564425106	0.705124908194	0.706953843282	0.707983181753	0.668224167671	0.677839278579	0.692744583461	0.69645068821	0.707125341724	0.684094224644	0.686886356737	0.692495642912	0.701605241235	0.672702743536	0.663137778988	0.747276537419	0.514278851745	0.638628859612	0.638534130714	0.668954253859	0.666273150871	0.694486468047	0.653177101638	0.652692597082	0.644244027933	0.0	0.456999970675	0.675540401078	0.670288590312	0.674616115103	0.717244243538	0.701806965144	0.685692764408	0.666896112834	0.674148241159	0.696476251736	0.731458836775	0.687239322077	0.684410972989	0.694008798999	0.666898220368	0.710780452585	0.695343668331	0.738166811122	0.714014759575	0.702405946847	0.707958725984	0.69657556537	0.715027618683	0.672055605476	0.681585309937	0.680260015253	0.680789446797	0.69141794326	0.714990867098	0.713405195569	0.715386025618	0.675222333279	0.71146054318
AG8	0.685430745395	0.689590754368	0.690548885493	0.688685968986	0.675715709531	0.680469778165	0.668485571798	0.655535673097	0.688540363242	0.654405753144	0.674115339441	0.665488406294	0.695484005627	0.682073773111	0.690733011873	0.695882488165	0.666043620147	0.647469103786	0.631630207452	0.413829075999	0.630765680984	0.605142139092	0.679302571777	0.672397853116	0.689586992895	0.659785907875	0.660899326703	0.639335617935	0.456999970675	0.0	0.685985816639	0.653694429931	0.665199006246	0.682775355999	0.694797705247	0.678278360109	0.644281220511	0.633803103327	0.67752404933	0.70412497145	0.672537336866	0.660139004854	0.671152730371	0.658203450627	0.68121720751	0.665082213307	0.717187909803	0.68927930391	0.670305470394	0.703095152046	0.694560256716	0.715109124909	0.665133075325	0.66744031682	0.672605039264	0.668281165006	0.679219586728	0.710461287309	0.698326912564	0.694057129037	0.674783102229	0.683769967414
AH7	0.748623480523	0.753224760964	0.753125774467	0.741440729943	0.741207286471	0.755485024275	0.72736131876	0.724375184514	0.730045890023	0.724660495987	0.717338446067	0.740507920484	0.736186857208	0.749834580258	0.751230365519	0.737003819798	0.711483657955	0.557674186496	0.758577273753	0.673263232101	0.661325805998	0.692895038385	0.706199459467	0.705504749143	0.730278683245	0.717720098011	0.718721524868	0.718856219769	0.675540401078	0.685985816639	0.0	0.525476848676	0.707674014698	0.770899827989	0.768243532904	0.766327506566	0.749694742158	0.749238210374	0.760713547502	0.76946896494	0.763593132563	0.750161162816	0.756992357688	0.74603223936	0.770729054481	0.764008710089	0.768601930904	0.75239445031	0.762105422619	0.772178247696	0.774915389665	0.785761672528	0.741501290388	0.742501627417	0.739567901011	0.733283365361	0.769794260773	0.794962556126	0.784597336635	0.77863243628	0.755992141747	0.749329495705
AH8	0.706986606881	0.694894770394	0.748765819584	0.70454257254	0.700392069988	0.703057295603	0.700545190383	0.692045455377	0.704026186705	0.688185200027	0.690341375854	0.707630861263	0.706651778878	0.718179297296	0.705242356169	0.683948929129	0.550497445079	0.415762204278	0.754275728479	0.627167166729	0.643483815886	0.614729014181	0.683459384154	0.675645106395	0.701484264531	0.679604426086	0.660892313163	0.639872686491	0.670288590312	0.653694429931	0.525476848676	0.0	0.677223448715	0.71823169583	0.724416925506	0.726395962926	0.700109191461	0.699232136833	0.707737868834	0.727378318417	0.714764055538	0.708355520538	0.717229610902	0.706943092683	0.727008372698	0.709184016785	0.721748559973	0.715458040028	0.725541681875	0.721885295038	0.722124152463	0.728704373637	0.702296899416	0.695951068057	0.701853801002	0.688669001436	0.724580431819	0.733259356581	0.736054710971	0.728382497022	0.714633464479	0.704989642345
AA5	0.648709753437	0.668803246447	0.691857672106	0.689499615332	0.673659189089	0.669445969668	0.711542740388	0.692579605161	0.633292386377	0.697413745832	0.630527147022	0.671326893873	0.677239712485	0.710294403805	0.659262747614	0.668131217876	0.653447959747	0.680303885791	0.77541652003	0.6845022962	0.691885386769	0.698361797589	0.645370590583	0.677755741958	0.732826927929	0.69161964087	0.673560349252	0.697337775205	0.674616115103	0.665199006246	0.707674014698	0.677223448715	0.0	0.617452257449	0.684995691008	0.676437328353	0.632440760497	0.649623034002	0.685619619451	0.696627496713	0.697832778276	0.645814228497	0.64930276127	0.653240639422	0.709112219076	0.671991335272	0.685173558901	0.694341033813	0.682593937961	0.697207609299	0.686425550824	0.695712532145	0.662803637983	0.68998889971	0.662118012764	0.68828114908	0.663991723196	0.699911804082	0.669300662173	0.68535095288	0.635176102943	0.703463977293
AA6	0.698537028882	0.683401620797	0.770480411966	0.713353166844	0.707979392095	0.682764843363	0.663379364089	0.657812717316	0.713963943209	0.671520386987	0.696178998141	0.669540199014	0.704062239638	0.730848514117	0.722725149085	0.693556778365	0.741717094946	0.721290677484	0.787565344667	0.699368256011	0.701447716747	0.663507577869	0.700987913161	0.696191431887	0.756939570183	0.690935673064	0.714024879752	0.680471782398	0.717244243538	0.682775355999	0.770899827989	0.71823169583	0.617452257449	0.0	0.701663098573	0.678569741632	0.667295075154	0.621706487445	0.681413545055	0.698705155273	0.689453963196	0.67711960835	0.669924178686	0.670598506622	0.445782187077	0.431392483859	0.691500276034	0.684913397654	0.679299939687	0.684230110198	0.684590975677	0.692638308926	0.676978447133	0.681287486664	0.692354972093	0.678831694062	0.672097704345	0.673242286799	0.693773234935	0.660240346456	0.66132741439	0.681672963287
AB5	0.670352487773	0.65625927938	0.698409623241	0.683687198919	0.688657155775	0.646890200161	0.671441261847	0.660909172035	0.694179363596	0.676311796599	0.656454641908	0.663067619049	0.687077012719	0.694813327734	0.677394003393	0.660924148578	0.704128977479	0.71110875286	0.774533297578	0.693754461456	0.72026908579	0.693387622532	0.719904014654	0.733295900862	0.749596461179	0.716465611381	0.687312904891	0.692260746911	0.701806965144	0.694797705247	0.768243532904	0.724416925506	0.684995691008	0.701663098573	0.0	0.420421082277	0.645914958203	0.655543054092	0.656075056255	0.654441762489	0.644080897482	0.671445365278	0.68752511694	0.649355285991	0.70127824306	0.684360400358	0.656335005949	0.68968367969	0.674794661253	0.713785302986	0.692834362093	0.691055400503	0.65707396514	0.690303044525	0.698734561205	0.667332510446	0.693363857012	0.681328424493	0.704813893079	0.704537277831	0.654094746005	0.695189215216
AB6	0.678548151837	0.637600509818	0.731483880824	0.674136147305	0.683287210675	0.660017516656	0.655850379385	0.654869649756	0.697472698065	0.665567729525	0.668945366848	0.659436315244	0.685501129861	0.684611915867	0.676891577035	0.648061992776	0.714548774799	0.722248754595	0.779806057678	0.681190799843	0.733359431431	0.698369726953	0.705107810723	0.715079409532	0.755648393233	0.6992052159	0.682577247537	0.691291605908	0.685692764408	0.678278360109	0.766327506566	0.726395962926	0.676437328353	0.678569741632	0.420421082277	0.0	0.646207884774	0.644382537393	0.657992899521	0.646937671017	0.629973627424	0.65733308221	0.659348796048	0.551990581628	0.67305355574	0.662648321882	0.654281902113	0.66390893794	0.649521585985	0.672777746824	0.682159284252	0.682971939079	0.65524297094	0.675386308372	0.685847279295	0.65551438625	0.666791086011	0.6695040744	0.680448395242	0.673553605241	0.648626189279	0.676592678101
AC5	0.645048747317	0.657479483637	0.695247912552	0.671688956532	0.679898078768	0.668301876729	0.685224981064	0.653506626411	0.650088766657	0.685148826501	0.641816318966	0.683979733201	0.674878603426	0.680616772438	0.677331439692	0.668250907858	0.677036483515	0.707491541348	0.765474785778	0.68745322687	0.709763009434	0.696775690634	0.690242799014	0.701376541275	0.738198099884	0.710244788096	0.683565602463	0.690225537346	0.666896112834	0.644281220511	0.749694742158	0.700109191461	0.632440760497	0.667295075154	0.645914958203	0.646207884774	0.0	0.491388519724	0.650695125225	0.669936824	0.662689564899	0.662282576422	0.601862514355	0.624178728721	0.663551078222	0.661945416832	0.650944485147	0.705388716818	0.629273782919	0.683939763061	0.659293685304	0.649227578303	0.64261431179	0.648651904719	0.629356325315	0.650928935428	0.637108796349	0.65489794351	0.653910008013	0.680342607772	0.63012868671	0.673964080111
AC6	0.656252389669	0.633373872661	0.71627607499	0.65678417019	0.6664946475	0.647506303963	0.659007286451	0.658735058445	0.688917439794	0.667523766111	0.655598655079	0.651545510698	0.663539300574	0.675832631009	0.676855541426	0.649280443524	0.692998347872	0.70021164382	0.754040188479	0.658078597628	0.711959975999	0.671958755925	0.682080260906	0.698839659987	0.752372878006	0.691519060264	0.677017769162	0.656170453484	0.674148241159	0.633803103327	0.749238210374	0.699232136833	0.649623034002	0.621706487445	0.655543054092	0.644382537393	0.491388519724	0.0	0.650377748282	0.654480345815	0.648996488666	0.535718402864	0.473274006217	0.62021084085	0.657178780675	0.643742948008	0.662903423445	0.673621347461	0.624068892141	0.661278126361	0.670773277201	0.665589543965	0.655908755132	0.642038141894	0.656208135768	0.650236736806	0.61924813752	0.657001180466	0.651428824258	0.64121137747	0.647266864336	0.668698507462
AD6	0.689993964317	0.658403755909	0.757488731573	0.702716852698	0.691583336775	0.652496549124	0.639462211056	0.622094197392	0.683331731494	0.627025311558	0.678472074716	0.669473549907	0.684380156562	0.70615369577	0.669685434349	0.661108953177	0.713404054477	0.705331332099	0.788108317564	0.69506615238	0.7149846615	0.680360383423	0.711282832627	0.710723069657	0.76318844922	0.705194202605	0.685254222184	0.681362106426	0.696476251736	0.67752404933	0.760713547502	0.707737868834	0.685619619451	0.681413545055	0.656075056255	0.657992899521	0.650695125225	0.650377748282	0.0	0.519598523299	0.418978603398	0.655754172665	0.666882928057	0.643398199244	0.66774564479	0.673391927852	0.673072227815	0.673507115907	0.647654171819	0.65377327836	0.67829756549	0.672604816241	0.663689275496	0.637725646451	0.64144281826	0.665999019568	0.64471183226	0.677646907747	0.661398543955	0.64656701602	0.644862701278	0.6631217146
AE5	0.697577904363	0.678887077537	0.75649067994	0.701426775952	0.674757705443	0.664646472839	0.66097834645	0.649151332313	0.697960517735	0.66069789309	0.689463777682	0.665609232907	0.71268832037	0.722709222941	0.701684560136	0.694644616443	0.749894839835	0.721062402865	0.79606372978	0.709295371947	0.746872889381	0.711958664088	0.725645127527	0.732529746609	0.776908076102	0.726938251708	0.710790966152	0.724211064655	0.731458836775	0.70412497145	0.76946896494	0.727378318417	0.696627496713	0.698705155273	0.654441762489	0.646937671017	0.669936824	0.654480345815	0.519598523299	0.0	0.423503605949	0.682602240323	0.670136015938	0.669882448412	0.690827851654	0.701186703022	0.681707715374	0.692451341723	0.665378519466	0.672877906034	0.675929523784	0.688881252394	0.657625732933	0.661995861719	0.66934647638	0.662995425491	0.658347025147	0.691616586264	0.685815404737	0.652393147167	0.663787570726	0.693395166272
AE6	0.689921766044	0.658929011461	0.765615941592	0.704933058475	0.67412218661	0.65299925535	0.630482889581	0.612953992656	0.698054287305	0.62061937946	0.6830322741	0.660552826746	0.697566166648	0.713888804599	0.674940469112	0.656572159495	0.740244660568	0.700376217111	0.79413028333	0.681603365249	0.735939441819	0.687281654327	0.714760255391	0.711450702528	0.767183227435	0.711331045679	0.685664142863	0.706618952432	0.687239322077	0.672537336866	0.763593132563	0.714764055538	0.697832778276	0.689453963196	0.644080897482	0.629973627424	0.662689564899	0.648996488666	0.418978603398	0.423503605949	0.0	0.659479143074	0.648914039426	0.646632958629	0.675163103004	0.676853612718	0.676597401495	0.656441022516	0.651392667184	0.636039852813	0.674427331958	0.67987122942	0.6513555051	0.645609074174	0.657944759744	0.652137425543	0.636616011576	0.680028593331	0.661274045743	0.641077549716	0.658222939214	0.664532538637
AF5	0.677592314957	0.670892216769	0.711493275592	0.661886817865	0.676841128269	0.659139778509	0.667473252034	0.677848131336	0.670310867086	0.674077426941	0.666461246598	0.667543932062	0.653812484721	0.670643971892	0.683720555696	0.67385109194	0.679640322444	0.69397950741	0.73330008436	0.675857690075	0.722500795355	0.695943145944	0.686296246367	0.699164700528	0.747340419488	0.692593442743	0.670492057341	0.69856093991	0.684410972989	0.660139004854	0.750161162816	0.708355520538	0.645814228497	0.67711960835	0.671445365278	0.65733308221	0.662282576422	0.535718402864	0.655754172665	0.682602240323	0.659479143074	0.0	0.42529902896	0.635046127017	0.695498954589	0.678386843629	0.680211850455	0.686967617121	0.643884953293	0.659288164539	0.690927033307	0.70296337027	0.666212340764	0.674444552414	0.679874484866	0.691101499905	0.65802864761	0.703580948021	0.675009542463	0.647175313317	0.654780286125	0.688169267654
AF6	0.675639057718	0.669218923405	0.705689342169	0.673414752512	0.66745306388	0.659358869217	0.681743072284	0.682192586679	0.684041785502	0.682490697	0.677273509224	0.662947171422	0.658786808208	0.680441418899	0.675588682182	0.671586500189	0.698580455939	0.699938554417	0.738735833876	0.677880447165	0.730861979301	0.704836652652	0.68181834692	0.694999882589	0.741394260842	0.692507703136	0.67948801012	0.699311867659	0.694008798999	0.671152730371	0.756992357688	0.717229610902	0.64930276127	0.669924178686	0.68752511694	0.659348796048	0.601862514355	0.473274006217	0.666882928057	0.670136015938	0.648914039426	0.42529902896	0.0	0.634459523519	0.68276334495	0.674352622629	0.680140251204	0.689072536291	0.639297202682	0.659187012627	0.678397074448	0.692224186455	0.673120437652	0.671021581819	0.678797678339	0.679820517588	0.652250422685	0.677637875721	0.653781760754	0.650202495325	0.677675702155	0.682668602785
