	AA3	AA4	AB3	AB4	AC3	AC4	AD3	AD4	AE3	AE4	AF3	AF4	AG3	AG4	AH3	AH4	AA7	AA8	AB7	AB8	AC7	AC8	AD7	AD8	AE7	AE8	AF7	AF8	AG7	AG8	AH7	AH8	AA5	AA6	AB5	AB6	AC5	AC6	AD6	AE5	AE6	AF5	AF6	AG5	AH5	AH6	AA1	AA2	AB1	AB2	AC1	AC2	AD1	AD2	AE1	AE2	AF1	AF2	AG1	AG2	AH1	AH2
AA3	0.0	0.507779224242	0.653114447724	0.648977182216	0.677442744719	0.664404242728	0.692800341457	0.689325716594	0.654401623177	0.68891920591	0.644128957707	0.671056125419	0.647331698634	0.643587895692	0.676681090664	0.464319347797	0.670277225169	0.687935165096	0.759693084388	0.688688075311	0.695804353553	0.676935322964	0.684286824153	0.696123769452	0.726363496772	0.695854281793	0.669673619155	0.677738498185	0.688923682857	0.67012496627	0.733920465151	0.691140608085	0.644196945631	0.691195524294	0.665030418984	0.672143503516	0.647847104608	0.654602093384	0.677125129593	0.681211107073	0.673618909931	0.683715155488	0.668739809057	0.669564055938	0.697860938979	0.678395847357	0.663143288776	0.677884534009	0.643625427031	0.683473958035	0.663814549968	0.676523841482	0.640944589757	0.666067221417	0.661180532739	0.670439615274	0.66675385531	0.700742379975	0.658396885859	0.684798415131	0.637125893389	0.677380843073
AA4	0.507779224242	0.0	0.701868435405	0.644342798509	0.65720466931	0.647402648809	0.665610657453	0.643432523276	0.675998656483	0.657364418423	0.656043130491	0.651169722551	0.673068684231	0.67075925902	0.515468525807	0.388427903845	0.692690490626	0.698201432032	0.786903172736	0.695085414544	0.714700034271	0.662101152824	0.695491057357	0.699938905923	0.738918483401	0.690888650118	0.677885501291	0.675354234897	0.69248478989	0.679239024858	0.752484920637	0.697580925726	0.665808416455	0.677184527044	0.667446445615	0.65826975035	0.666092413664	0.631448211758	0.639810120816	0.662208116049	0.660942847773	0.667867459758	0.650977714723	0.648575427378	0.670669472885	0.654092785819	0.666204417263	0.643856551809	0.645439348874	0.648254263087	0.671482319722	0.65420890086	0.647170405521	0.653806398975	0.66362084717	0.659633176553	0.655004066474	0.667534383241	0.650047756326	0.643798262854	0.640828989873	0.638336396429
AB3	0.653114447724	0.701868435405	0.0	0.662191222686	0.713819281575	0.724773588344	0.737106330463	0.733669549778	0.692481931259	0.745243793038	0.693198456412	0.726825289824	0.724361207005	0.557212526076	0.698817692642	0.68737456755	0.708137455562	0.748939128534	0.698243883078	0.697221570885	0.735660255165	0.735489240296	0.733482846713	0.753970210483	0.730843375978	0.74139595276	0.701686177515	0.74761422008	0.693787495338	0.691397291746	0.757291320956	0.741187024281	0.698757175407	0.763856207949	0.684838829022	0.722793952093	0.70186407428	0.713021885108	0.755345547398	0.733679094964	0.755469831267	0.696581294518	0.703111349967	0.723319376311	0.785293886629	0.767680580964	0.758170383291	0.771136527172	0.716149226465	0.752347490283	0.742789422514	0.74806716153	0.726219609257	0.757022899166	0.734988410648	0.751482259037	0.745106238356	0.762873920962	0.749927318797	0.764368544472	0.721261605226	0.756192986076
AB4	0.648977182216	0.644342798509	0.662191222686	0.0	0.690090394921	0.699992852423	0.697496042611	0.695655904546	0.669718669271	0.688625023829	0.670129632086	0.707374374774	0.422620271193	0.472067461155	0.654348865072	0.642671132767	0.693759637785	0.706500591555	0.767162371387	0.683440854751	0.696349778501	0.676436943917	0.685248398771	0.694579658423	0.72269563966	0.684664963274	0.673527427872	0.681934667781	0.673628126338	0.672465734294	0.748363657571	0.710474125627	0.685464625077	0.707290396773	0.693651248	0.689890648994	0.674293230714	0.665585081203	0.686980930137	0.687564620918	0.693856787197	0.654727173141	0.655795668137	0.675829454944	0.714588994672	0.712869129638	0.708994899011	0.692233987715	0.643653408563	0.680651604358	0.699890428096	0.69728632185	0.668257513733	0.677121860355	0.685665881946	0.687007404957	0.686849644659	0.723320847501	0.693387569117	0.679682521952	0.673753225989	0.680062121534
AC3	0.677442744719	0.65720466931	0.713819281575	0.690090394921	0.0	0.549160234499	0.664998559881	0.660295062706	0.648325083051	0.654819182727	0.695113987013	0.44528437564	0.701897374379	0.692913941731	0.670474734111	0.665214143169	0.659325253046	0.673345974124	0.767499716978	0.671612778966	0.706808432265	0.68693169425	0.714727843741	0.70549760884	0.717966187374	0.71528193495	0.699448676099	0.705282570558	0.703332524652	0.681013869732	0.745175363519	0.669760696994	0.664801218807	0.690144430133	0.692956351949	0.678660426384	0.686097519377	0.653043388468	0.67497729046	0.658690213876	0.666945477587	0.674644691042	0.660900906413	0.669453408165	0.710627018512	0.700979839547	0.723369133351	0.703000449618	0.68344653448	0.672631848724	0.680660866016	0.698561499288	0.678183913801	0.672929515789	0.674433214311	0.688624722131	0.702858369062	0.708257781087	0.701212216065	0.66894091089	0.680683838407	0.687397659298
AC4	0.664404242728	0.647402648809	0.724773588344	0.699992852423	0.549160234499	0.0	0.687935187239	0.665355415461	0.653304248138	0.66926911098	0.486998402218	0.41508212416	0.691813101061	0.689390782523	0.679127765474	0.633823900639	0.688366654987	0.686747176985	0.76770975363	0.670652738034	0.709867475868	0.666519176379	0.710155587594	0.707865724785	0.750246881479	0.698828916534	0.702226041352	0.692052821885	0.710625875591	0.675160540057	0.744905668003	0.678401905379	0.651971934779	0.671865827317	0.661151690696	0.652452576561	0.679510280442	0.654338275835	0.65373197303	0.664962300756	0.675387234148	0.655258125739	0.670891692393	0.647798938803	0.680195244727	0.676118176138	0.721928428721	0.712866443942	0.709528122027	0.699577783342	0.712964529119	0.688282474177	0.696451263812	0.691236741874	0.717803061535	0.720654608355	0.691489554665	0.702312862046	0.688639488763	0.696663300001	0.65994034855	0.697619878366
AD3	0.692800341457	0.665610657453	0.737106330463	0.697496042611	0.664998559881	0.687935187239	0.0	0.411815858074	0.663398367962	0.352581305523	0.703037471791	0.660102346954	0.713171506923	0.712886754039	0.67872864266	0.670449087335	0.701972949838	0.681656712344	0.772991845158	0.687657695069	0.714008683689	0.679304907448	0.720338722341	0.705998826434	0.737944258552	0.701657548637	0.696157501358	0.695256702435	0.716487510942	0.679052057702	0.730508001758	0.681789049027	0.699762952643	0.672452027358	0.663540045234	0.668750002471	0.673949852431	0.655524703559	0.633225708986	0.650520098556	0.641427935107	0.6820259343	0.651269824138	0.678747701004	0.689997263541	0.676835602209	0.704679144598	0.669983290336	0.670753889963	0.669785155465	0.688123278502	0.682003501312	0.678031139067	0.679022462899	0.681163997264	0.67780840707	0.684114123877	0.688862143087	0.696116606471	0.660837385176	0.69134656295	0.663951883488
AD4	0.689325716594	0.643432523276	0.733669549778	0.695655904546	0.660295062706	0.665355415461	0.411815858074	0.0	0.59656314116	0.390893499574	0.692644652104	0.639677259212	0.705810496539	0.71806470797	0.683686906528	0.657503419878	0.706954289449	0.674788057459	0.788211786898	0.665423540424	0.720845158149	0.680228025001	0.716078099976	0.68816741683	0.729523016615	0.687265667948	0.678476520382	0.677971433604	0.671366960254	0.654232742489	0.715997512531	0.671588506037	0.687983073126	0.662309134612	0.676084717456	0.672034700672	0.668918490871	0.654138740943	0.636382257496	0.648785086333	0.649362826067	0.683086612299	0.66093460538	0.663604146925	0.678058859846	0.662261993829	0.684910611461	0.661792261224	0.676869962023	0.669268804161	0.692266859753	0.665403779475	0.670203389506	0.655626967942	0.656708852457	0.667955239691	0.68049186189	0.669110435012	0.700039189855	0.662199628721	0.68165046506	0.657506953151
AE3	0.654401623177	0.675998656483	0.692481931259	0.669718669271	0.648325083051	0.653304248138	0.663398367962	0.59656314116	0.0	0.642124816295	0.647359695165	0.66260345361	0.679115593464	0.668153092368	0.660950912221	0.658776234638	0.657487979289	0.66859231641	0.771518911921	0.677132685836	0.718052848814	0.703872755187	0.657226264199	0.682136997894	0.737523675944	0.687731352252	0.650967882988	0.707189446291	0.657695106861	0.671739824004	0.733599092403	0.664437605981	0.615830879913	0.707003648856	0.673685063466	0.690360095234	0.649762810957	0.665791830315	0.665881824658	0.663301604385	0.680742070327	0.638338947812	0.652466819605	0.65935695984	0.713585684306	0.709902863508	0.691925407822	0.711900882731	0.687992840966	0.701962006339	0.681419670202	0.700536944855	0.672232005388	0.680528170424	0.651945790921	0.696291414099	0.672819805931	0.721824237876	0.688037744743	0.697175438344	0.642414588716	0.704433798505
AE4	0.68891920591	0.657364418423	0.745243793038	0.688625023829	0.654819182727	0.66926911098	0.352581305523	0.390893499574	0.642124816295	0.0	0.709432720358	0.65783409906	0.701753538734	0.704508437613	0.68366063597	0.66084712038	0.708253177402	0.690612184789	0.774897130479	0.65748807185	0.710622050212	0.667286770079	0.718731122939	0.695029889804	0.732164979777	0.685553189976	0.694766401406	0.674435755655	0.688665722123	0.654131166417	0.717855498347	0.676771979054	0.682119277273	0.668937396696	0.682226025475	0.659466456933	0.676055529191	0.658042004142	0.618814813599	0.638759792388	0.620071050806	0.67787797452	0.674103112559	0.659217773755	0.689311798987	0.670642011594	0.695344534772	0.674483518371	0.679534304371	0.665379434048	0.687151973451	0.667193001386	0.674110195799	0.664026625813	0.678004053287	0.678411314395	0.692302073895	0.693043698707	0.693493313884	0.658123216948	0.694758131404	0.673324790827
AF3	0.644128957707	0.656043130491	0.693198456412	0.670129632086	0.695113987013	0.486998402218	0.703037471791	0.692644652104	0.647359695165	0.709432720358	0.0	0.566638392511	0.669790085334	0.666103213095	0.665780561459	0.645503253728	0.667525480319	0.690839856496	0.757182700162	0.680463340711	0.687009822793	0.696647511579	0.683008176887	0.703316595984	0.757946662979	0.710937818532	0.690114965084	0.702642818935	0.68744454206	0.679450962995	0.717751537318	0.694313922497	0.626910180305	0.68270138549	0.660033856699	0.677549069654	0.662844811058	0.653912884462	0.66406787658	0.676167521577	0.690057149974	0.665661337092	0.672903017909	0.67146305246	0.687997704332	0.689817624748	0.711068776022	0.710090158228	0.694582145213	0.714884182386	0.717583932889	0.713943900893	0.688903874967	0.69988812437	0.700091618007	0.718874090291	0.682618075527	0.731365544763	0.675021707395	0.710483752649	0.644637944489	0.700004195546
AF4	0.671056125419	0.651169722551	0.726825289824	0.707374374774	0.44528437564	0.41508212416	0.660102346954	0.639677259212	0.66260345361	0.65783409906	0.566638392511	0.0	0.706918746883	0.706576550924	0.693567811681	0.657244351281	0.696876441684	0.698767517486	0.77759992372	0.675980366062	0.710796797376	0.675205447778	0.728069956349	0.712549556013	0.736781966096	0.706397703545	0.703907536123	0.692476907932	0.708992336598	0.677119189758	0.762744552901	0.689655772284	0.650791750266	0.671116896896	0.676829029582	0.665734168292	0.684604856025	0.665348262365	0.65631145172	0.649111627275	0.661324805257	0.679603580548	0.675000156747	0.663078972779	0.672038720584	0.680572327679	0.711660840293	0.697716469418	0.687733996748	0.678945028623	0.676094180053	0.671451803541	0.667913536303	0.66981303166	0.674981717107	0.681886451564	0.690655585954	0.689135870157	0.685283254391	0.674523721997	0.662802614588	0.686331398937
AG3	0.647331698634	0.673068684231	0.724361207005	0.422620271193	0.701897374379	0.691813101061	0.713171506923	0.705810496539	0.679115593464	0.701753538734	0.669790085334	0.706918746883	0.0	0.531260214617	0.685866590188	0.659578451599	0.671626759607	0.680505194782	0.778558573521	0.701028261988	0.685286034386	0.692425759414	0.684966491293	0.70539684073	0.729043625193	0.687195058502	0.682222800761	0.709685519969	0.693420265126	0.686619401307	0.731373603527	0.696339588638	0.680930674674	0.696489016902	0.690910300929	0.688179271984	0.691303980326	0.677700315147	0.69661708375	0.699207510078	0.700194155959	0.662091673386	0.664249782091	0.666919335049	0.691783971261	0.707642841649	0.698887410258	0.708896010134	0.649915988947	0.691706360325	0.69867277181	0.706635951534	0.678825812931	0.687076391195	0.678884066449	0.6869071391	0.69512773423	0.736353963965	0.696330784191	0.687538456999	0.682701357233	0.701972346904
AG4	0.643587895692	0.67075925902	0.557212526076	0.472067461155	0.692913941731	0.689390782523	0.712886754039	0.71806470797	0.668153092368	0.704508437613	0.666103213095	0.706576550924	0.531260214617	0.0	0.677963114351	0.651089113615	0.699985637548	0.729526679792	0.742038533625	0.664996229032	0.683663140093	0.679079789291	0.700569765279	0.705261138737	0.722672654922	0.700046690932	0.693247755087	0.700345731358	0.646988172096	0.662934771639	0.753097642277	0.718968825381	0.675624602906	0.723942029063	0.662895649555	0.680772821471	0.67317064309	0.670723620277	0.70095928264	0.698135625828	0.699792969959	0.656274371125	0.667671547835	0.69519711958	0.72897304606	0.723882952327	0.70977506096	0.729076705617	0.67248369105	0.716974334371	0.699215427529	0.693624488855	0.678497958723	0.713468036569	0.722005022959	0.711823221605	0.699831382644	0.717515054116	0.698918661578	0.721862786192	0.670976067806	0.716107726393
AH3	0.676681090664	0.515468525807	0.698817692642	0.654348865072	0.670474734111	0.679127765474	0.67872864266	0.683686906528	0.660950912221	0.68366063597	0.665780561459	0.693567811681	0.685866590188	0.677963114351	0.0	0.545296802865	0.670011978962	0.705583878059	0.779422681444	0.708686106704	0.71895523403	0.695260059131	0.686508873098	0.690639258735	0.729768373011	0.695091309657	0.689179943859	0.704684611085	0.698700955646	0.69865388954	0.752174598631	0.709944263918	0.646613473672	0.711394909	0.683751560313	0.681332486908	0.677227697061	0.658262945579	0.660002752969	0.680540266184	0.685656422883	0.671224063529	0.670881334845	0.669668910718	0.713153631748	0.703661531215	0.695526675246	0.680445828682	0.693342568566	0.686622137164	0.705746852699	0.716175303423	0.698475855625	0.690098161223	0.671427421796	0.703281086913	0.701004210671	0.730380389147	0.710324756234	0.691471882783	0.67114064537	0.672817906594
AH4	0.464319347797	0.388427903845	0.68737456755	0.642671132767	0.665214143169	0.633823900639	0.670449087335	0.657503419878	0.658776234638	0.66084712038	0.645503253728	0.657244351281	0.659578451599	0.651089113615	0.545296802865	0.0	0.683977660609	0.695355243889	0.777072143659	0.684574959838	0.713254560363	0.661245912003	0.671198557063	0.684836966978	0.729917693526	0.685265932941	0.656284580757	0.660842500247	0.685844558402	0.662724339265	0.751055353215	0.691916845306	0.650036487406	0.667217252829	0.658437384236	0.64223584796	0.65806353007	0.637643328809	0.621406993504	0.653750661678	0.643921654263	0.653463473807	0.657000109622	0.645845075523	0.684141530942	0.66130003302	0.667750824997	0.64983547933	0.649038892455	0.664599997303	0.652684975828	0.651081233656	0.641871337822	0.662838417192	0.652948031166	0.663838726044	0.6583602998	0.678935183478	0.655616124768	0.663032281691	0.631323756293	0.64165938901
AA7	0.670277225169	0.692690490626	0.708137455562	0.693759637785	0.659325253046	0.688366654987	0.701972949838	0.706954289449	0.657487979289	0.708253177402	0.667525480319	0.696876441684	0.671626759607	0.699985637548	0.670011978962	0.683977660609	0.0	0.515768062035	0.771186220706	0.67803266162	0.657954063125	0.677279925024	0.657895272684	0.67965938078	0.700039974342	0.704601384729	0.66532373951	0.67287066677	0.677401490869	0.671977891092	0.704160357506	0.542301136581	0.64933818577	0.720560811062	0.707751812775	0.715978474321	0.668610682367	0.684784500415	0.707326062682	0.73608599057	0.733393454249	0.685058024863	0.689649838024	0.712342669055	0.720717237192	0.718573149833	0.741602753571	0.709514216324	0.697488806571	0.734181971225	0.695077077943	0.731943585679	0.691704856825	0.697589294524	0.68371178752	0.71111856174	0.735760085969	0.745103380597	0.737755682588	0.735168654571	0.676282525792	0.70811668083
AA8	0.687935165096	0.698201432032	0.748939128534	0.706500591555	0.673345974124	0.686747176985	0.681656712344	0.674788057459	0.66859231641	0.690612184789	0.690839856496	0.698767517486	0.680505194782	0.729526679792	0.705583878059	0.695355243889	0.515768062035	0.0	0.780051978923	0.665722532942	0.64843588974	0.643203290015	0.677721884035	0.671768903553	0.705289854297	0.690886881054	0.664814539388	0.661597922552	0.670005433945	0.651169087832	0.5395551291	0.383824984036	0.673919313764	0.713328490508	0.710510848553	0.716971158896	0.693952445686	0.690102757589	0.715316954036	0.709321853606	0.714599722635	0.7045652246	0.679858975424	0.69752816755	0.706461310808	0.707264924759	0.727591648753	0.689265034427	0.699894857804	0.728043459457	0.698791041691	0.71969276383	0.687108953136	0.681671541535	0.690850914576	0.697697974375	0.727723714466	0.727716449556	0.740995631824	0.710263868353	0.704726305192	0.696794461063
AB7	0.759693084388	0.786903172736	0.698243883078	0.767162371387	0.767499716978	0.76770975363	0.772991845158	0.788211786898	0.771518911921	0.774897130479	0.757182700162	0.77759992372	0.778558573521	0.742038533625	0.779422681444	0.777072143659	0.771186220706	0.780051978923	0.0	0.54160180068	0.749848990839	0.756612755097	0.791719954153	0.799165655307	0.752525476788	0.789221384226	0.771862190824	0.778738911704	0.748844596411	0.619051637012	0.763812662257	0.762031197764	0.783679495661	0.791712390778	0.782531114339	0.790517807945	0.769096294257	0.763709596195	0.803510230167	0.793419075041	0.806593537195	0.73916500559	0.752587144279	0.780619300164	0.803032207037	0.793162194456	0.825666119054	0.806314014017	0.787307186066	0.797164006164	0.811895814062	0.810028653295	0.799124674073	0.800718847217	0.787373386259	0.806815905206	0.799801937399	0.820265748186	0.803077531601	0.800794598261	0.783130350071	0.79657721157
AB8	0.688688075311	0.695085414544	0.697221570885	0.683440854751	0.671612778966	0.670652738034	0.687657695069	0.665423540424	0.677132685836	0.65748807185	0.680463340711	0.675980366062	0.701028261988	0.664996229032	0.708686106704	0.684574959838	0.67803266162	0.665722532942	0.54160180068	0.0	0.656841650402	0.635166646927	0.690476011779	0.668791244613	0.666178397197	0.665666576312	0.65792348016	0.649326908561	0.518757474141	0.408539038582	0.710580379762	0.649052539986	0.682407433101	0.687322955922	0.708642460869	0.695641214888	0.675076241159	0.665387418145	0.684586353598	0.689888700068	0.679786894682	0.65465974421	0.664870788552	0.674449873699	0.703722927382	0.694441334242	0.741315161238	0.718238722067	0.695822574718	0.714449286022	0.715823124362	0.721571840012	0.686495578126	0.694316385258	0.693699187349	0.702971133376	0.711785303183	0.727854493052	0.709379707645	0.714405229488	0.682528147694	0.704781664984
AC7	0.695804353553	0.714700034271	0.735660255165	0.696349778501	0.706808432265	0.709867475868	0.714008683689	0.720845158149	0.718052848814	0.710622050212	0.687009822793	0.710796797376	0.685286034386	0.683663140093	0.71895523403	0.713254560363	0.657954063125	0.64843588974	0.749848990839	0.656841650402	0.0	0.51237691912	0.696644793696	0.685111439142	0.690713611285	0.682532910188	0.695923943453	0.587456877146	0.638292168887	0.64605176172	0.65872095501	0.641353267323	0.705160021536	0.698776361521	0.727025359496	0.730485862923	0.712397518388	0.695798328086	0.727069659599	0.727597355362	0.725439812611	0.711438153822	0.734996333221	0.707687922397	0.690510511996	0.684207811067	0.744073983707	0.740894147281	0.695187337163	0.730569723131	0.735990580472	0.753352935553	0.698521043823	0.680203235264	0.700076640983	0.687498908238	0.746788895692	0.758871420996	0.75109971354	0.723168609343	0.701744725056	0.734125406795
AC8	0.676935322964	0.662101152824	0.735489240296	0.676436943917	0.68693169425	0.666519176379	0.679304907448	0.680228025001	0.703872755187	0.667286770079	0.696647511579	0.675205447778	0.692425759414	0.679079789291	0.695260059131	0.661245912003	0.677279925024	0.643203290015	0.756612755097	0.635166646927	0.51237691912	0.0	0.689222486328	0.661628667065	0.712476377374	0.655545794995	0.519489538546	0.409470070295	0.637050854959	0.60282437715	0.701338089226	0.638450055435	0.695878754341	0.666336289188	0.704001610774	0.689725127996	0.693285888863	0.669104863792	0.692066921495	0.697162989571	0.690768426073	0.682713540702	0.685980902549	0.685608418513	0.661512653298	0.639485100346	0.719222376729	0.695971948528	0.671903506576	0.688336671867	0.691674375797	0.695020896166	0.668194725438	0.640888198539	0.678696403148	0.662856714983	0.699456475795	0.691448448289	0.706446447883	0.684004485448	0.673037748672	0.662456123466
AD7	0.684286824153	0.695491057357	0.733482846713	0.685248398771	0.714727843741	0.710155587594	0.720338722341	0.716078099976	0.657226264199	0.718731122939	0.683008176887	0.728069956349	0.684966491293	0.700569765279	0.686508873098	0.671198557063	0.657895272684	0.677721884035	0.791719954153	0.690476011779	0.696644793696	0.689222486328	0.0	0.494327761779	0.727647454744	0.533157350035	0.672372759104	0.691429998881	0.681824131612	0.675596339239	0.714661102956	0.682044937865	0.658334690917	0.69498830688	0.729852059139	0.706168352915	0.692640091211	0.687685421878	0.695214508906	0.720172190675	0.707718263635	0.672394833632	0.684749869106	0.697206327737	0.709893035022	0.701652604278	0.712700258656	0.690347727053	0.680721506317	0.720126299879	0.690545998829	0.723109450201	0.692032842832	0.68639377841	0.658530613952	0.697353163049	0.703729268477	0.724083582765	0.708626095293	0.718642162363	0.674773899627	0.683685256247
AD8	0.696123769452	0.699938905923	0.753970210483	0.694579658423	0.70549760884	0.707865724785	0.705998826434	0.68816741683	0.682136997894	0.695029889804	0.703316595984	0.712549556013	0.70539684073	0.705261138737	0.690639258735	0.684836966978	0.67965938078	0.671768903553	0.799165655307	0.668791244613	0.685111439142	0.661628667065	0.494327761779	0.0	0.577424413379	0.385879596108	0.654156382941	0.655617460945	0.651617103288	0.653102209438	0.700176526468	0.672104860002	0.675138419745	0.68907422441	0.729868022294	0.704851145549	0.70197148943	0.684752543521	0.705473541408	0.704166777621	0.699238247883	0.690823587737	0.680059142538	0.68651913877	0.688476461772	0.683793133272	0.714509764914	0.690788560959	0.683508073559	0.718720500949	0.694942203731	0.716619960181	0.683007189774	0.656669252959	0.667221959758	0.675520103612	0.710601255449	0.725748909182	0.717054046223	0.717114273962	0.685128872228	0.69311871174
AE7	0.726363496772	0.738918483401	0.730843375978	0.72269563966	0.717966187374	0.750246881479	0.737944258552	0.729523016615	0.737523675944	0.732164979777	0.757946662979	0.736781966096	0.729043625193	0.722672654922	0.729768373011	0.729917693526	0.700039974342	0.705289854297	0.752525476788	0.666178397197	0.690713611285	0.712476377374	0.727647454744	0.577424413379	0.0	0.519044373919	0.711522809633	0.698666751698	0.685106491533	0.693057729733	0.73436636429	0.700666199097	0.73101345033	0.750386955912	0.745790790674	0.746955562354	0.732734355997	0.736098797896	0.762622490338	0.757723780105	0.761488778722	0.72443858705	0.735922308758	0.736923048699	0.749947980601	0.753232021884	0.772400807221	0.768798997642	0.730985714289	0.756573221909	0.762357355746	0.783065735798	0.744490239097	0.739737015373	0.738846157894	0.743762652044	0.780120795347	0.805456110235	0.781431779755	0.756839079203	0.746319194631	0.766535626839
AE8	0.695854281793	0.690888650118	0.74139595276	0.684664963274	0.71528193495	0.698828916534	0.701657548637	0.687265667948	0.687731352252	0.685553189976	0.710937818532	0.706397703545	0.687195058502	0.700046690932	0.695091309657	0.685265932941	0.704601384729	0.690886881054	0.789221384226	0.665666576312	0.682532910188	0.655545794995	0.533157350035	0.385879596108	0.519044373919	0.0	0.663841059634	0.650182346588	0.660296194638	0.653501103942	0.716881599961	0.683008327166	0.689820102862	0.696474266231	0.72470975841	0.712588688922	0.713105149942	0.693301879325	0.71867550652	0.713027572317	0.717292043646	0.687702201968	0.687040523186	0.682734443471	0.693302353678	0.691906114113	0.719713455833	0.703551269486	0.690578596203	0.702545971672	0.711344119121	0.723920849064	0.69066085201	0.667040847647	0.682872341849	0.678289052466	0.716702987049	0.736829430404	0.726697810853	0.704141566296	0.695201490594	0.707853607031
AF7	0.669673619155	0.677885501291	0.701686177515	0.673527427872	0.699448676099	0.702226041352	0.696157501358	0.678476520382	0.650967882988	0.694766401406	0.690114965084	0.703907536123	0.682222800761	0.693247755087	0.689179943859	0.656284580757	0.66532373951	0.664814539388	0.771862190824	0.65792348016	0.695923943453	0.519489538546	0.672372759104	0.654156382941	0.711522809633	0.663841059634	0.0	0.448306225104	0.645621442694	0.655681378695	0.716749931269	0.659609652494	0.665475017819	0.713348043984	0.690334041205	0.699619418612	0.694670922467	0.684054257214	0.69588647861	0.694258525885	0.701856523498	0.666355673061	0.65897076455	0.679015087075	0.71597571438	0.702902424462	0.717200129215	0.695146004273	0.68418473036	0.710503217958	0.664417299364	0.709913056063	0.68463410846	0.670996005037	0.678513523404	0.688612717976	0.685037985027	0.717868545907	0.703208074168	0.714030449927	0.656338346619	0.680392088998
AF8	0.677738498185	0.675354234897	0.74761422008	0.681934667781	0.705282570558	0.692052821885	0.695256702435	0.677971433604	0.707189446291	0.674435755655	0.702642818935	0.692476907932	0.709685519969	0.700345731358	0.704684611085	0.660842500247	0.67287066677	0.661597922552	0.778738911704	0.649326908561	0.587456877146	0.409470070295	0.691429998881	0.655617460945	0.698666751698	0.650182346588	0.448306225104	0.0	0.643698416806	0.626137478747	0.701919203311	0.64520162983	0.692067486526	0.686189795282	0.70635156952	0.697526129063	0.69436960407	0.67496213391	0.68967748524	0.692305237687	0.692625883886	0.683181714659	0.689447694951	0.685476789577	0.688005463741	0.670783843344	0.718317602784	0.691421979854	0.668106392801	0.694428331561	0.68662951909	0.690771642292	0.667539097482	0.643177158979	0.674454820043	0.657593415186	0.699341553895	0.702338454244	0.705321008977	0.695412376792	0.672416015037	0.669376017953
AG7	0.688923682857	0.69248478989	0.693787495338	0.673628126338	0.703332524652	0.710625875591	0.716487510942	0.671366960254	0.657695106861	0.688665722123	0.68744454206	0.708992336598	0.693420265126	0.646988172096	0.698700955646	0.685844558402	0.677401490869	0.670005433945	0.748844596411	0.518757474141	0.638292168887	0.637050854959	0.681824131612	0.651617103288	0.685106491533	0.660296194638	0.645621442694	0.643698416806	0.0	0.455723243844	0.683840160458	0.652963074389	0.67715974244	0.705019445784	0.701124113326	0.683820320722	0.668986242127	0.661472602572	0.683878276978	0.698872938264	0.695713261293	0.69455653833	0.689805216745	0.668992872167	0.696188731884	0.698504689161	0.719623646903	0.715050367173	0.682726760147	0.715762843834	0.6882354065	0.725898040286	0.664889108574	0.686101479034	0.677401113329	0.687179613928	0.701981305119	0.735984031528	0.701904330438	0.712070269638	0.666615060477	0.69945359611
AG8	0.67012496627	0.679239024858	0.691397291746	0.672465734294	0.681013869732	0.675160540057	0.679052057702	0.654232742489	0.671739824004	0.654131166417	0.679450962995	0.677119189758	0.686619401307	0.662934771639	0.69865388954	0.662724339265	0.671977891092	0.651169087832	0.619051637012	0.408539038582	0.64605176172	0.60282437715	0.675596339239	0.653102209438	0.693057729733	0.653501103942	0.655681378695	0.626137478747	0.455723243844	0.0	0.696684001439	0.632281639368	0.671945716032	0.673026640638	0.687804722075	0.669526005216	0.642592391018	0.635098676022	0.659872351794	0.67679609396	0.668877202126	0.651570739289	0.656123291184	0.648893889014	0.675162258915	0.66248110371	0.716327037263	0.689325724736	0.668952093466	0.687630143658	0.696596873222	0.687603421827	0.647224753319	0.66494882019	0.661762440591	0.665013051387	0.684688466309	0.710653057736	0.679757149542	0.686601441256	0.668951665424	0.676232180751
AH7	0.733920465151	0.752484920637	0.757291320956	0.748363657571	0.745175363519	0.744905668003	0.730508001758	0.715997512531	0.733599092403	0.717855498347	0.717751537318	0.762744552901	0.731373603527	0.753097642277	0.752174598631	0.751055353215	0.704160357506	0.5395551291	0.763812662257	0.710580379762	0.65872095501	0.701338089226	0.714661102956	0.700176526468	0.73436636429	0.716881599961	0.716749931269	0.701919203311	0.683840160458	0.696684001439	0.0	0.516119458291	0.708637341692	0.756843348835	0.770725652979	0.765592600015	0.760080486867	0.73666913608	0.764168587019	0.746502559132	0.762233363958	0.731787638185	0.759024962217	0.747185431492	0.762166986268	0.754902905741	0.769914644159	0.74535466033	0.747676926749	0.772607306052	0.766392873097	0.784883458481	0.739470923961	0.725731535645	0.73394599352	0.735311622533	0.777400261546	0.801072623697	0.779445505336	0.761114445312	0.749270964998	0.753957712592
AH8	0.691140608085	0.697580925726	0.741187024281	0.710474125627	0.669760696994	0.678401905379	0.681789049027	0.671588506037	0.664437605981	0.676771979054	0.694313922497	0.689655772284	0.696339588638	0.718968825381	0.709944263918	0.691916845306	0.542301136581	0.383824984036	0.762031197764	0.649052539986	0.641353267323	0.638450055435	0.682044937865	0.672104860002	0.700666199097	0.683008327166	0.659609652494	0.64520162983	0.652963074389	0.632281639368	0.516119458291	0.0	0.681778422367	0.718668791298	0.702783610024	0.713441616903	0.701642376971	0.683548448271	0.714298799179	0.705381145522	0.714392012364	0.687477577161	0.688347313534	0.701160185563	0.711255112482	0.704801862367	0.730132340921	0.697281692513	0.707606763062	0.727046870067	0.711684557159	0.726924071407	0.69441768406	0.690868638712	0.692495689601	0.695822805132	0.7280411019	0.737920802787	0.747317289289	0.715244523034	0.699583443275	0.704904036348
AA5	0.644196945631	0.665808416455	0.698757175407	0.685464625077	0.664801218807	0.651971934779	0.699762952643	0.687983073126	0.615830879913	0.682119277273	0.626910180305	0.650791750266	0.680930674674	0.675624602906	0.646613473672	0.650036487406	0.64933818577	0.673919313764	0.783679495661	0.682407433101	0.705160021536	0.695878754341	0.658334690917	0.675138419745	0.73101345033	0.689820102862	0.665475017819	0.692067486526	0.67715974244	0.671945716032	0.708637341692	0.681778422367	0.0	0.589485183806	0.680003230092	0.661977317715	0.63824662632	0.641059921938	0.671828347529	0.676669020451	0.6801414022	0.620240938654	0.626946070572	0.642886703131	0.695995788242	0.644799053958	0.691150578673	0.702114467029	0.690960143483	0.696144918693	0.69125526137	0.696210758462	0.662381305675	0.661525095951	0.657797838596	0.686529025277	0.660378488958	0.723194945764	0.667026692813	0.684808650976	0.61863292826	0.697278400405
AA6	0.691195524294	0.677184527044	0.763856207949	0.707290396773	0.690144430133	0.671865827317	0.672452027358	0.662309134612	0.707003648856	0.668937396696	0.68270138549	0.671116896896	0.696489016902	0.723942029063	0.711394909	0.667217252829	0.720560811062	0.713328490508	0.791712390778	0.687322955922	0.698776361521	0.666336289188	0.69498830688	0.68907422441	0.750386955912	0.696474266231	0.713348043984	0.686189795282	0.705019445784	0.673026640638	0.756843348835	0.718668791298	0.589485183806	0.0	0.692406022236	0.667042342997	0.665751319545	0.633249412122	0.65167013308	0.682174782595	0.662632534364	0.669895219034	0.652766588953	0.662502235474	0.460761355627	0.430351586261	0.701600584291	0.689818847943	0.669792250601	0.682178095115	0.691853497202	0.676543809772	0.668298825635	0.679761083748	0.68723797629	0.690614527527	0.683036582745	0.695248474056	0.686110459595	0.673107099851	0.654186949567	0.676445340786
AB5	0.665030418984	0.667446445615	0.684838829022	0.693651248	0.692956351949	0.661151690696	0.663540045234	0.676084717456	0.673685063466	0.682226025475	0.660033856699	0.676829029582	0.690910300929	0.662895649555	0.683751560313	0.658437384236	0.707751812775	0.710510848553	0.782531114339	0.708642460869	0.727025359496	0.704001610774	0.729852059139	0.729868022294	0.745790790674	0.72470975841	0.690334041205	0.70635156952	0.701124113326	0.687804722075	0.770725652979	0.702783610024	0.680003230092	0.692406022236	0.0	0.450811384269	0.656495218581	0.657995224543	0.655793609616	0.643062018617	0.640490321494	0.680880547061	0.669145871603	0.650247706762	0.695934854235	0.683239442518	0.674394472796	0.701271224069	0.669391055075	0.701545475101	0.698000924422	0.685046273211	0.660576949737	0.690878113303	0.696757559543	0.682415634762	0.695757428349	0.69467384037	0.708185944374	0.707972859383	0.648116002504	0.680858333615
AB6	0.672143503516	0.65826975035	0.722793952093	0.689890648994	0.678660426384	0.652452576561	0.668750002471	0.672034700672	0.690360095234	0.659466456933	0.677549069654	0.665734168292	0.688179271984	0.680772821471	0.681332486908	0.64223584796	0.715978474321	0.716971158896	0.790517807945	0.695641214888	0.730485862923	0.689725127996	0.706168352915	0.704851145549	0.746955562354	0.712588688922	0.699619418612	0.697526129063	0.683820320722	0.669526005216	0.765592600015	0.713441616903	0.661977317715	0.667042342997	0.450811384269	0.0	0.659447200012	0.632045370993	0.644875314562	0.643758912888	0.631301512622	0.656323359488	0.65530565071	0.537039677188	0.681626120421	0.661159266193	0.670529252875	0.683769426552	0.656151815641	0.674061771345	0.685635954373	0.662175029867	0.659999342649	0.660851265974	0.674281097359	0.660264870331	0.664398021539	0.682114336779	0.665376828498	0.676330010478	0.649353747889	0.660900249549
AC5	0.647847104608	0.666092413664	0.70186407428	0.674293230714	0.686097519377	0.679510280442	0.673949852431	0.668918490871	0.649762810957	0.676055529191	0.662844811058	0.684604856025	0.691303980326	0.67317064309	0.677227697061	0.65806353007	0.668610682367	0.693952445686	0.769096294257	0.675076241159	0.712397518388	0.693285888863	0.692640091211	0.70197148943	0.732734355997	0.713105149942	0.694670922467	0.69436960407	0.668986242127	0.642592391018	0.760080486867	0.701642376971	0.63824662632	0.665751319545	0.656495218581	0.659447200012	0.0	0.458342492732	0.641867693411	0.665371086491	0.666201202335	0.644548699128	0.600269884286	0.634341437598	0.662480302241	0.651200628259	0.654327283026	0.693972535666	0.625256387207	0.675434089179	0.671348080004	0.663758528845	0.642204570946	0.652665470482	0.634655781651	0.666067414725	0.65616545259	0.675696754138	0.653684199205	0.694138138746	0.647340317321	0.68273597047
AC6	0.654602093384	0.631448211758	0.713021885108	0.665585081203	0.653043388468	0.654338275835	0.655524703559	0.654138740943	0.665791830315	0.658042004142	0.653912884462	0.665348262365	0.677700315147	0.670723620277	0.658262945579	0.637643328809	0.684784500415	0.690102757589	0.763709596195	0.665387418145	0.695798328086	0.669104863792	0.687685421878	0.684752543521	0.736098797896	0.693301879325	0.684054257214	0.67496213391	0.661472602572	0.635098676022	0.73666913608	0.683548448271	0.641059921938	0.633249412122	0.657995224543	0.632045370993	0.458342492732	0.0	0.63521096399	0.646763228892	0.652879017519	0.551311581081	0.521978663122	0.60832000641	0.65556575233	0.645007872241	0.664294154091	0.685887450555	0.62755261534	0.647586530336	0.676983330483	0.669186190393	0.653723904376	0.658297056906	0.653114245693	0.661246702222	0.63537497907	0.684279898056	0.628329443981	0.661266226326	0.645967218402	0.67288301777
AD6	0.677125129593	0.639810120816	0.755345547398	0.686980930137	0.67497729046	0.65373197303	0.633225708986	0.636382257496	0.665881824658	0.618814813599	0.66406787658	0.65631145172	0.69661708375	0.70095928264	0.660002752969	0.621406993504	0.707326062682	0.715316954036	0.803510230167	0.684586353598	0.727069659599	0.692066921495	0.695214508906	0.705473541408	0.762622490338	0.71867550652	0.69588647861	0.68967748524	0.683878276978	0.659872351794	0.764168587019	0.714298799179	0.671828347529	0.65167013308	0.655793609616	0.644875314562	0.641867693411	0.63521096399	0.0	0.503260144403	0.421743961668	0.652731944131	0.652422185496	0.652943977886	0.669251031735	0.65532763127	0.665672097124	0.651329873664	0.637477167962	0.640022532883	0.682675290396	0.668915685743	0.653241777201	0.664884105912	0.658295097175	0.67431657456	0.654283484069	0.689720575212	0.64033629199	0.649936089541	0.640812354835	0.64276776476
AE5	0.681211107073	0.662208116049	0.733679094964	0.687564620918	0.658690213876	0.664962300756	0.650520098556	0.648785086333	0.663301604385	0.638759792388	0.676167521577	0.649111627275	0.699207510078	0.698135625828	0.680540266184	0.653750661678	0.73608599057	0.709321853606	0.793419075041	0.689888700068	0.727597355362	0.697162989571	0.720172190675	0.704166777621	0.757723780105	0.713027572317	0.694258525885	0.692305237687	0.698872938264	0.67679609396	0.746502559132	0.705381145522	0.676669020451	0.682174782595	0.643062018617	0.643758912888	0.665371086491	0.646763228892	0.503260144403	0.0	0.375761967274	0.660825546138	0.658165076954	0.65377088375	0.683532675841	0.671110853571	0.666451432086	0.66699381691	0.644771503804	0.641190417465	0.668135148502	0.680232169614	0.638702399327	0.637618852081	0.655023555059	0.654201638974	0.653301961815	0.715525067661	0.653795301232	0.648103320218	0.639781684653	0.65602929326
AE6	0.673618909931	0.660942847773	0.755469831267	0.693856787197	0.666945477587	0.675387234148	0.641427935107	0.649362826067	0.680742070327	0.620071050806	0.690057149974	0.661324805257	0.700194155959	0.699792969959	0.685656422883	0.643921654263	0.733393454249	0.714599722635	0.806593537195	0.679786894682	0.725439812611	0.690768426073	0.707718263635	0.699238247883	0.761488778722	0.717292043646	0.701856523498	0.692625883886	0.695713261293	0.668877202126	0.762233363958	0.714392012364	0.6801414022	0.662632534364	0.640490321494	0.631301512622	0.666201202335	0.652879017519	0.421743961668	0.375761967274	0.0	0.673470486479	0.671520981168	0.662282753653	0.67262832793	0.662840300346	0.679250958678	0.655456966429	0.636793715949	0.649845803718	0.680873044593	0.679137404729	0.632166852956	0.651252939483	0.666966751821	0.650094237912	0.664463223471	0.698355477468	0.66029771144	0.656744836505	0.641260695449	0.65376296175
AF5	0.683715155488	0.667867459758	0.696581294518	0.654727173141	0.674644691042	0.655258125739	0.6820259343	0.683086612299	0.638338947812	0.67787797452	0.665661337092	0.679603580548	0.662091673386	0.656274371125	0.671224063529	0.653463473807	0.685058024863	0.7045652246	0.73916500559	0.65465974421	0.711438153822	0.682713540702	0.672394833632	0.690823587737	0.72443858705	0.687702201968	0.666355673061	0.683181714659	0.69455653833	0.651570739289	0.731787638185	0.687477577161	0.620240938654	0.669895219034	0.680880547061	0.656323359488	0.644548699128	0.551311581081	0.652731944131	0.660825546138	0.673470486479	0.0	0.461869904743	0.620015793247	0.695114345877	0.674694191455	0.693308981511	0.688523026579	0.657905228734	0.676392085103	0.706678634379	0.703677339541	0.668889360885	0.686868627293	0.686207331271	0.698562080484	0.660724103449	0.724388356105	0.662513537424	0.687367735992	0.640284352047	0.688315272876
AF6	0.668739809057	0.650977714723	0.703111349967	0.655795668137	0.660900906413	0.670891692393	0.651269824138	0.66093460538	0.652466819605	0.674103112559	0.672903017909	0.675000156747	0.664249782091	0.667671547835	0.670881334845	0.657000109622	0.689649838024	0.679858975424	0.752587144279	0.664870788552	0.734996333221	0.685980902549	0.684749869106	0.680059142538	0.735922308758	0.687040523186	0.65897076455	0.689447694951	0.689805216745	0.656123291184	0.759024962217	0.688347313534	0.626946070572	0.652766588953	0.669145871603	0.65530565071	0.600269884286	0.521978663122	0.652422185496	0.658165076954	0.671520981168	0.461869904743	0.0	0.619248698532	0.68980012534	0.661120240742	0.674307299528	0.67317305344	0.637924133349	0.657294900066	0.679869115505	0.681238426927	0.669615531812	0.67458466039	0.663741293062	0.687548718704	0.636665741889	0.687492469197	0.662469598225	0.666233996488	0.652295379352	0.676301069129
