	AA3	AA4	AB3	AB4	AC3	AC4	AD3	AD4	AE3	AE4	AF3	AF4	AG3	AG4	AH3	AH4	AA7	AA8	AB7	AB8	AC7	AC8	AD7	AD8	AE7	AE8	AF7	AF8	AG7	AG8	AH7	AH8	AA5	AA6	AB5	AB6	AC5	AC6	AD6	AE5	AE6	AF5	AF6	AG5	AH5	AH6	AA1	AA2	AB1	AB2	AC1	AC2	AD1	AD2	AE1	AE2	AF1	AF2	AG1	AG2	AH1	AH2
AA3	0.0	0.483035069275	0.673627752973	0.663599270446	0.661215839607	0.673110281891	0.692814459682	0.687852293509	0.645406494615	0.69291258562	0.647169749634	0.666386080574	0.646336351391	0.606149794271	0.664219988736	0.484938190425	0.668920308395	0.68400400453	0.75062041051	0.698009762488	0.687038470556	0.675711071301	0.680163736793	0.693426006823	0.725133838845	0.694231311712	0.671361326163	0.674028519906	0.685733706226	0.677267969817	0.731847755746	0.680730349766	0.636116863279	0.672737715951	0.661858759031	0.693699142951	0.625942267421	0.659665802428	0.663542614805	0.675827931125	0.688591354961	0.679625900788	0.659120780703	0.647587544527	0.704721317639	0.686002570284	0.652793960131	0.698099440274	0.640790328944	0.683576364389	0.66180254661	0.682252965661	0.631106075668	0.65033745206	0.66448849656	0.667128786789	0.659783160596	0.686395011905	0.65504687777	0.677105032817	0.629501882418	0.705769243691
AA4	0.483035069275	0.0	0.715403316397	0.634116801299	0.665609596859	0.671184179036	0.661607947264	0.654834274293	0.676230426093	0.654170035759	0.662941777543	0.65260244324	0.66920454775	0.649514277288	0.513706509735	0.386769449834	0.688376480626	0.692142620997	0.755139941565	0.689384331035	0.706045046668	0.671911271602	0.681845820318	0.690050028932	0.729867678953	0.681700517577	0.668055676378	0.669910912391	0.688680531382	0.670873871505	0.750633384001	0.696035582403	0.671934253592	0.672852280686	0.668096919761	0.656418263541	0.655726899437	0.633465705513	0.626600234128	0.650529592574	0.652705708201	0.663913327824	0.651609656287	0.647901340617	0.6884048493	0.670749145383	0.677150156117	0.664678191027	0.645418952247	0.648173528127	0.662736354416	0.673875967653	0.650379555053	0.66155141291	0.657921829657	0.646305810129	0.64705326962	0.666031372597	0.638097648224	0.643614388746	0.634525083896	0.670239162316
AB3	0.673627752973	0.715403316397	0.0	0.678722294354	0.699957635051	0.754453798897	0.74915650961	0.754079343663	0.692482023854	0.754310434498	0.699689880104	0.732206854923	0.731590036334	0.555974467914	0.703950649471	0.714447608876	0.728314285895	0.750071620598	0.680424307754	0.711085066738	0.727963367867	0.755392485401	0.74972290639	0.761232047612	0.729291548862	0.754193147392	0.718596620659	0.75367427721	0.714445386897	0.72206537866	0.74546735341	0.742255422004	0.710780802385	0.769937383806	0.708430047381	0.753027509424	0.716002339471	0.748640679843	0.759832033701	0.74027956184	0.771367510641	0.702445856266	0.713333991022	0.742760070177	0.795267749302	0.782230409893	0.764145704393	0.790411217805	0.728610742432	0.766924954828	0.754449298454	0.773426613127	0.736124559508	0.766050395089	0.755045460865	0.77517351715	0.766965609792	0.776642782624	0.753735146668	0.767841098042	0.717021626103	0.782011524835
AB4	0.663599270446	0.634116801299	0.678722294354	0.0	0.69728967984	0.695380647365	0.696102750487	0.690929466578	0.693024638515	0.692395330725	0.68035431082	0.692093038207	0.478772725978	0.514955229739	0.666487059536	0.643402138832	0.70312806866	0.703380320914	0.755405560312	0.700065535307	0.691581082611	0.675368707979	0.699421712245	0.7105092056	0.72779392447	0.720852079536	0.671845843408	0.673631811656	0.684233442385	0.685610448564	0.729751126418	0.699381579496	0.699580237401	0.708417439957	0.682466540853	0.697912654122	0.68502143364	0.665509907543	0.674466978622	0.698214425345	0.705617727618	0.650882537312	0.67942618659	0.693535137395	0.738109749411	0.728295498102	0.716162718028	0.706918468267	0.658110207047	0.686645006127	0.71591587018	0.717915982455	0.68328448469	0.689873642717	0.713113336682	0.694795992563	0.694876631754	0.72494578378	0.6843668851	0.68626759998	0.678717025895	0.697118492774
AC3	0.661215839607	0.665609596859	0.699957635051	0.69728967984	0.0	0.518783050528	0.68339826309	0.665957174691	0.660801742102	0.656733233758	0.678796532014	0.446841798362	0.697965360199	0.670849704546	0.685154070027	0.673117090238	0.685929629752	0.696966906626	0.749931271847	0.677690916818	0.720002683657	0.707286885119	0.720906230059	0.722595599391	0.719920184858	0.720532620422	0.701509657438	0.71279712741	0.707295749265	0.682516776803	0.763223728374	0.688832884778	0.659137671812	0.697961238359	0.676507787749	0.682207990637	0.675691158576	0.680729790478	0.682993706781	0.641585221861	0.678241146577	0.668615775793	0.654908509384	0.677347320424	0.739553416995	0.707575254753	0.7128595281	0.717762872457	0.685272458538	0.68651800529	0.6630456815	0.682420687278	0.682761231192	0.689656091781	0.669745982386	0.685412525556	0.695174248129	0.686731690571	0.692987726574	0.676312101673	0.672137234075	0.706739876566
AC4	0.673110281891	0.671184179036	0.754453798897	0.695380647365	0.518783050528	0.0	0.657403497301	0.662630191757	0.658654769757	0.66105130588	0.507001693335	0.40516661516	0.670959554933	0.676264457504	0.704517768325	0.638126420691	0.704668222555	0.675976576774	0.769445572942	0.693742842085	0.725794114946	0.702677763989	0.717555034465	0.719468169132	0.775207104955	0.719097672602	0.698473700095	0.705312861216	0.719951156201	0.665258332889	0.756241191901	0.695182145626	0.680250947781	0.679012155354	0.656488942444	0.646893764056	0.674315090378	0.650501065887	0.649419984508	0.657253872831	0.665063892513	0.657686526229	0.649105943149	0.648746608795	0.703384181593	0.67304068497	0.719206298069	0.696420660285	0.700880722845	0.676184241471	0.682470879388	0.669345967012	0.675041081841	0.699339230567	0.710883029412	0.691520248525	0.669372643939	0.670914106454	0.687406299005	0.672418158871	0.663877860061	0.687956113352
AD3	0.692814459682	0.661607947264	0.74915650961	0.696102750487	0.68339826309	0.657403497301	0.0	0.380419436912	0.676458705824	0.345270207455	0.707789613063	0.664335597239	0.711762548587	0.693730797966	0.685088460611	0.657155698329	0.707271019495	0.684251300783	0.772368336771	0.669797176702	0.719443246508	0.671163825463	0.717730606329	0.703359821284	0.725831009693	0.67752030678	0.703082030854	0.680135433218	0.695451827383	0.662955010976	0.723993404265	0.692342413129	0.707972550433	0.669680270495	0.677180509244	0.655716201102	0.682233966555	0.660839403012	0.614833643955	0.655588902892	0.623357758286	0.673657253026	0.670955242078	0.675598309625	0.703195231155	0.683142517715	0.694424664714	0.672604626451	0.675147878297	0.661484244554	0.68234739916	0.688633963988	0.680993708501	0.676411536228	0.680320130653	0.65733045469	0.675051275237	0.680206732642	0.681588047699	0.647350651782	0.695075895871	0.642959487691
AD4	0.687852293509	0.654834274293	0.754079343663	0.690929466578	0.665957174691	0.662630191757	0.380419436912	0.0	0.629606380358	0.332621274803	0.694219227679	0.653124443843	0.705019310301	0.700460341594	0.669203656398	0.653279213099	0.708369077826	0.695721931019	0.778800127224	0.661880896921	0.715986405759	0.666345127826	0.699916654325	0.681118393163	0.725784707138	0.675269377761	0.690783729991	0.675711096737	0.675570240915	0.64906181352	0.716227098719	0.679023570327	0.691605314176	0.651003931327	0.667862713917	0.6487770345	0.673140759925	0.674699760314	0.614277313829	0.639330030659	0.613872667514	0.702909735659	0.686732618846	0.659025019153	0.68197843228	0.670429546762	0.672945207998	0.65947364408	0.660505395837	0.655292622442	0.669899772736	0.675650288932	0.667168432705	0.658079731913	0.663132333587	0.65733870355	0.678153420356	0.675746579786	0.676416700315	0.648059100036	0.677353673235	0.638954234662
AE3	0.645406494615	0.676230426093	0.692482023854	0.693024638515	0.660801742102	0.658654769757	0.676458705824	0.629606380358	0.0	0.639720229157	0.669865711373	0.654325145926	0.66383276203	0.664346297687	0.660104187629	0.655316690846	0.666455676742	0.669430631997	0.76079761089	0.687263704574	0.722594271661	0.715303493605	0.682545690096	0.687816386521	0.748527741218	0.687774708302	0.674229400678	0.704303339661	0.669259951055	0.647025313105	0.739502474834	0.685228669876	0.62763115898	0.715492873669	0.696545841668	0.691928340493	0.656249533313	0.667604780336	0.659276747132	0.680059233412	0.682922484009	0.645013584186	0.674198518187	0.665368563239	0.740518655341	0.720900498541	0.705433383108	0.726581505137	0.696565578128	0.714965951653	0.702900578525	0.712886039765	0.67542669841	0.688580809915	0.668153542926	0.688688106628	0.693395619443	0.715678044393	0.713555359136	0.691835964428	0.652905009683	0.721350145249
AE4	0.69291258562	0.654170035759	0.754310434498	0.692395330725	0.656733233758	0.66105130588	0.345270207455	0.332621274803	0.639720229157	0.0	0.702273429237	0.656439231261	0.712692370826	0.697112758385	0.69102992616	0.664175292675	0.713855881011	0.698288263288	0.769841837259	0.655727838513	0.709665865476	0.675258588109	0.715817497229	0.702781956749	0.731424271982	0.690670508643	0.705508102308	0.679801195834	0.689431904178	0.655557996228	0.723899757474	0.68066846937	0.712430017701	0.66353749058	0.672073881689	0.65214721133	0.681700805061	0.673424256362	0.627901821077	0.635389227071	0.613514112482	0.698400331793	0.684993946744	0.673379278971	0.699670649265	0.676380186595	0.684384869758	0.663473925986	0.67991771065	0.669031793568	0.683140255171	0.684942737015	0.691974610632	0.662322467805	0.676565178543	0.669765682312	0.691492316857	0.682361226146	0.693538786075	0.664472671152	0.689668141647	0.648743250758
AF3	0.647169749634	0.662941777543	0.699689880104	0.68035431082	0.678796532014	0.507001693335	0.707789613063	0.694219227679	0.669865711373	0.702273429237	0.0	0.540808275794	0.663876992348	0.657068837766	0.676866440154	0.660965132269	0.671419531234	0.688762664373	0.749926672004	0.687145483158	0.67678186284	0.700093906534	0.675351604093	0.708714981198	0.755734333158	0.714128811323	0.685755320731	0.703789057523	0.692935501507	0.678137012433	0.721436046438	0.689262536167	0.641717641518	0.690263209463	0.660141076038	0.677658437498	0.655132008443	0.666216749882	0.670499528613	0.670751536333	0.707332535737	0.670538683875	0.658130371332	0.660410782918	0.69936685927	0.682883523116	0.711083826346	0.714008213997	0.695563240226	0.712686442935	0.70070381935	0.706495460831	0.689905242062	0.702986080472	0.692992964364	0.714851874479	0.679040468477	0.714076560521	0.688983311864	0.70330734952	0.631618077049	0.720662928691
AF4	0.666386080574	0.65260244324	0.732206854923	0.692093038207	0.446841798362	0.40516661516	0.664335597239	0.653124443843	0.654325145926	0.656439231261	0.540808275794	0.0	0.691509955499	0.681290465548	0.690860952167	0.648733646386	0.71057685018	0.693018598276	0.776310955452	0.691609559285	0.711776893071	0.696441003108	0.717878658148	0.714857123502	0.737964956802	0.692933877932	0.711079303838	0.700330854837	0.716364119211	0.667587970075	0.758322949709	0.690089213828	0.665345259327	0.665473350575	0.668855144323	0.667074625475	0.677470995286	0.656066156312	0.657570970887	0.635869432259	0.666971814035	0.669608511967	0.65374992232	0.66751993806	0.700955448848	0.666891223187	0.716453116053	0.696701176486	0.685003384395	0.671637147503	0.671787813306	0.675148368381	0.668015591956	0.674125976488	0.684060484507	0.669014008498	0.672932581566	0.661452235932	0.692687944261	0.651679752771	0.659492044095	0.686451800833
AG3	0.646336351391	0.66920454775	0.731590036334	0.478772725978	0.697965360199	0.670959554933	0.711762548587	0.705019310301	0.66383276203	0.712692370826	0.663876992348	0.691509955499	0.0	0.552951412786	0.671577601808	0.658140957033	0.661575864524	0.684057156935	0.765589421508	0.718622821276	0.69341332136	0.702351487884	0.686990672298	0.697409585442	0.732690167057	0.710400975843	0.673301341703	0.700173568202	0.689140218431	0.690226035948	0.72805350383	0.701105754731	0.678256189655	0.697789120319	0.690068926677	0.686659721491	0.687145124907	0.674338971884	0.682949880817	0.696848382364	0.698427068083	0.66093695854	0.65952601335	0.6794411549	0.731240350079	0.716544120453	0.696148678074	0.707163409421	0.656556210349	0.700842076437	0.696754917346	0.70905047636	0.684231430766	0.676920643896	0.685383225814	0.689452322225	0.698853774311	0.730553913222	0.681161776814	0.709094807177	0.68083691723	0.720698628434
AG4	0.606149794271	0.649514277288	0.555974467914	0.514955229739	0.670849704546	0.676264457504	0.693730797966	0.700460341594	0.664346297687	0.697112758385	0.657068837766	0.681290465548	0.552951412786	0.0	0.659415343802	0.63078192298	0.691218020239	0.707463323112	0.733841566603	0.698417621142	0.693380726007	0.68103501348	0.698199498893	0.708727538965	0.721171152455	0.704075522334	0.658231415949	0.6815201045	0.678758748807	0.673801156908	0.74486632939	0.710315102747	0.667974290664	0.708690717292	0.664105919809	0.698095987648	0.659513169068	0.676436709073	0.682027422919	0.687232480033	0.712675014747	0.658521695936	0.634749001438	0.670548468891	0.747668899528	0.73336537696	0.696759528031	0.719164318529	0.652976949353	0.696405169898	0.683051876204	0.708658874542	0.669657245802	0.693441927353	0.69438337846	0.704353824838	0.704416334537	0.70752586152	0.689480489909	0.701990576316	0.660844566631	0.71897395842
AH3	0.664219988736	0.513706509735	0.703950649471	0.666487059536	0.685154070027	0.704517768325	0.685088460611	0.669203656398	0.660104187629	0.69102992616	0.676866440154	0.690860952167	0.671577601808	0.659415343802	0.0	0.548320209098	0.650069059285	0.689141235096	0.760047450695	0.694512902144	0.714924908651	0.699310758392	0.671369882184	0.681496141073	0.714923719562	0.678927594847	0.667364383086	0.702892095021	0.697009310294	0.683138364712	0.747091005566	0.692897010808	0.647815227302	0.713161168577	0.685248872164	0.680571363533	0.667835015256	0.670946721553	0.654710254133	0.690185280972	0.677803990434	0.666561275921	0.678007049799	0.663690793274	0.731244572241	0.719990796524	0.713004115991	0.697839976274	0.690032857766	0.691381748035	0.696421345754	0.728851695079	0.693186247485	0.679298702212	0.673189590907	0.688184966138	0.693792818755	0.718421667635	0.68906370796	0.683376066852	0.674422847221	0.703979011086
AH4	0.484938190425	0.386769449834	0.714447608876	0.643402138832	0.673117090238	0.638126420691	0.657155698329	0.653279213099	0.655316690846	0.664175292675	0.660965132269	0.648733646386	0.658140957033	0.63078192298	0.548320209098	0.0	0.6831752005	0.666302617359	0.765078073171	0.686568490745	0.712916306457	0.673605614084	0.681031534265	0.673618104938	0.725322760231	0.664161519735	0.640219740182	0.659198458173	0.687582550492	0.653785722636	0.743618407416	0.688916368754	0.672799545784	0.676348175528	0.657926380023	0.652562329519	0.657110108597	0.632762454541	0.615477731847	0.658527750934	0.63888567954	0.63511815408	0.654441599164	0.645417150113	0.703219393675	0.68126289398	0.672867007312	0.666144235777	0.636231311508	0.647107604955	0.656238116869	0.672177580864	0.635208834445	0.659893883348	0.662282055452	0.632454090115	0.649614288922	0.654378784967	0.652466067101	0.630560398204	0.638870732515	0.651262348787
AA7	0.668920308395	0.688376480626	0.728314285895	0.70312806866	0.685929629752	0.704668222555	0.707271019495	0.708369077826	0.666455676742	0.713855881011	0.671419531234	0.71057685018	0.661575864524	0.691218020239	0.650069059285	0.6831752005	0.0	0.519220987583	0.765960791509	0.688401702169	0.651844887673	0.674531845723	0.673398041842	0.684210025322	0.699690133879	0.693473115527	0.641853754132	0.660029598719	0.670219018251	0.665060439381	0.693986084206	0.518393667866	0.641474728372	0.729003239828	0.702734503035	0.7053241901	0.674486663502	0.684464555735	0.698232386505	0.736548570225	0.71822146478	0.677251498906	0.706052199015	0.699132654866	0.74266896408	0.725903467346	0.736174877071	0.728109530183	0.700592695233	0.737850320256	0.704122084531	0.737815950987	0.702376053699	0.706450044971	0.684154621784	0.714442232021	0.738927304062	0.747064567393	0.73521351091	0.73170948036	0.679694610669	0.726757052695
AA8	0.68400400453	0.692142620997	0.750071620598	0.703380320914	0.696966906626	0.675976576774	0.684251300783	0.695721931019	0.669430631997	0.698288263288	0.688762664373	0.693018598276	0.684057156935	0.707463323112	0.689141235096	0.666302617359	0.519220987583	0.0	0.764098443238	0.677719303201	0.638012372079	0.652576808165	0.677168777689	0.660091688527	0.704926910161	0.674889924708	0.67010704746	0.672181066745	0.665665560603	0.627394112899	0.541798810484	0.396062654905	0.687041611777	0.718523626927	0.715471689152	0.708303247021	0.692013140108	0.682651871909	0.705465714676	0.719143373217	0.695931003269	0.674285202585	0.701566507736	0.693235929753	0.726310771856	0.712069474087	0.721199991303	0.709511344796	0.689428181031	0.711143096057	0.701446469826	0.737828144884	0.692150008719	0.68156210577	0.688324959033	0.678300460222	0.72583232827	0.731064707275	0.736548493171	0.707093226892	0.701551719031	0.709634409503
AB7	0.75062041051	0.755139941565	0.680424307754	0.755405560312	0.749931271847	0.769445572942	0.772368336771	0.778800127224	0.76079761089	0.769841837259	0.749926672004	0.776310955452	0.765589421508	0.733841566603	0.760047450695	0.765078073171	0.765960791509	0.764098443238	0.0	0.550573066574	0.741260734532	0.755102689549	0.775961622152	0.788348119316	0.741727840564	0.777348693579	0.765642523528	0.772390420635	0.746442773306	0.640347015897	0.755638606022	0.760975501572	0.772193403732	0.780055163086	0.767141242844	0.779238696525	0.75916976434	0.764830153839	0.78596507557	0.782513030207	0.791352287055	0.723206561638	0.741966712995	0.775484010056	0.809815858538	0.796716221952	0.817854605234	0.804473823665	0.779184933981	0.796749473011	0.804156434421	0.802528103916	0.783988033461	0.79302428948	0.776241892086	0.793174592719	0.790145232693	0.798525979692	0.786379835455	0.796002136066	0.776127345969	0.815674153
AB8	0.698009762488	0.689384331035	0.711085066738	0.700065535307	0.677690916818	0.693742842085	0.669797176702	0.661880896921	0.687263704574	0.655727838513	0.687145483158	0.691609559285	0.718622821276	0.698417621142	0.694512902144	0.686568490745	0.688401702169	0.677719303201	0.550573066574	0.0	0.659577299094	0.632079957493	0.684340613089	0.670179860628	0.681846374138	0.667247101893	0.683856773072	0.660962200244	0.516327154625	0.41376088506	0.706309518453	0.653502622612	0.699381152491	0.684433134502	0.694402412032	0.673310462524	0.673268150374	0.668576269379	0.687311982902	0.698455454095	0.687862620386	0.667890326681	0.676221438349	0.675907112795	0.708112106145	0.681350568878	0.734430129973	0.704769066308	0.685863703622	0.705650913142	0.690090852606	0.720981484446	0.685751597379	0.694290349779	0.682566673461	0.689656408227	0.70834509551	0.716401687497	0.703833562063	0.695903201289	0.677044314277	0.717425175292
AC7	0.687038470556	0.706045046668	0.727963367867	0.691581082611	0.720002683657	0.725794114946	0.719443246508	0.715986405759	0.722594271661	0.709665865476	0.67678186284	0.711776893071	0.69341332136	0.693380726007	0.714924908651	0.712916306457	0.651844887673	0.638012372079	0.741260734532	0.659577299094	0.0	0.501538273075	0.688682493198	0.682187398946	0.694402900595	0.687472488252	0.683384660221	0.596935528189	0.635940581654	0.647618483944	0.664158026079	0.645759468393	0.702639621415	0.698480647989	0.716778137018	0.732683722847	0.710091087412	0.708246400444	0.711951610648	0.73414876324	0.722559204711	0.707032827547	0.737064976186	0.709020956953	0.711422551733	0.687575747725	0.752267324521	0.747513445516	0.689985077624	0.7321335007	0.740030193985	0.750230810856	0.724269071074	0.686437126702	0.694427086674	0.70184955661	0.74611044668	0.74012304088	0.742916004133	0.729194518138	0.702136354469	0.756345846131
AC8	0.675711071301	0.671911271602	0.755392485401	0.675368707979	0.707286885119	0.702677763989	0.671163825463	0.666345127826	0.715303493605	0.675258588109	0.700093906534	0.696441003108	0.702351487884	0.68103501348	0.699310758392	0.673605614084	0.674531845723	0.652576808165	0.755102689549	0.632079957493	0.501538273075	0.0	0.685837198712	0.647397962263	0.700341471992	0.651551154919	0.517748452523	0.415270569731	0.626747769967	0.619304979738	0.694200619914	0.635153595812	0.697356411719	0.672658230514	0.706061340591	0.697474075406	0.688217895674	0.67906760943	0.680682085988	0.710911197899	0.685149783207	0.687100101611	0.699863527511	0.688742068273	0.695579594543	0.665495371569	0.7107349037	0.697901779202	0.666507574304	0.68409704797	0.681728559202	0.696382416603	0.685533279158	0.649351376388	0.665786671939	0.656625447321	0.698866873761	0.686239030724	0.699822589924	0.680901933492	0.665547035495	0.691741916565
AD7	0.680163736793	0.681845820318	0.74972290639	0.699421712245	0.720906230059	0.717555034465	0.717730606329	0.699916654325	0.682545690096	0.715817497229	0.675351604093	0.717878658148	0.686990672298	0.698199498893	0.671369882184	0.681031534265	0.673398041842	0.677168777689	0.775961622152	0.684340613089	0.688682493198	0.685837198712	0.0	0.477071694375	0.716402593004	0.530643496558	0.672367394206	0.682369555997	0.665917704919	0.668102592455	0.704745627634	0.669691059584	0.652608625672	0.699859122395	0.713817894264	0.716363766947	0.689440653848	0.684746628035	0.696252604249	0.713103499389	0.698239332418	0.679742967176	0.697006127351	0.694773831377	0.69508819789	0.698165454276	0.710355972728	0.706765584636	0.675449650426	0.702622765826	0.694260463084	0.716447035153	0.697912750214	0.664546432784	0.66132664204	0.692747416797	0.699915605036	0.722545011568	0.699964166176	0.702153464688	0.662535007946	0.718260268177
AD8	0.693426006823	0.690050028932	0.761232047612	0.7105092056	0.722595599391	0.719468169132	0.703359821284	0.681118393163	0.687816386521	0.702781956749	0.708714981198	0.714857123502	0.697409585442	0.708727538965	0.681496141073	0.673618104938	0.684210025322	0.660091688527	0.788348119316	0.670179860628	0.682187398946	0.647397962263	0.477071694375	0.0	0.599416176391	0.40392436384	0.637400187581	0.655532588156	0.652615308751	0.640265656873	0.694512442985	0.662936572555	0.678731628814	0.692464617176	0.723453148956	0.698084322827	0.705888074601	0.692528674128	0.697232721963	0.724933032724	0.69627258101	0.685639334644	0.704090096843	0.685102067295	0.708579405344	0.68455333059	0.712013246171	0.70702827096	0.679464073276	0.704934952878	0.690876056224	0.720887280891	0.70092499235	0.661968576298	0.66828516339	0.682333810554	0.711389792837	0.724964631358	0.714319917445	0.705973480213	0.678866268405	0.718676610137
AE7	0.725133838845	0.729867678953	0.729291548862	0.72779392447	0.719920184858	0.775207104955	0.725831009693	0.725784707138	0.748527741218	0.731424271982	0.755734333158	0.737964956802	0.732690167057	0.721171152455	0.714923719562	0.725322760231	0.699690133879	0.704926910161	0.741727840564	0.681846374138	0.694402900595	0.700341471992	0.716402593004	0.599416176391	0.0	0.508569431757	0.709961391928	0.703420079047	0.686320993851	0.696723719789	0.732585521021	0.695408612008	0.73064410024	0.751673431926	0.737621102826	0.745897039438	0.730141800411	0.743057749089	0.753030812251	0.759969843887	0.755625809934	0.734727256296	0.744452558084	0.738564843999	0.76303461338	0.752384350583	0.77143294368	0.774302430149	0.718669637244	0.761353308787	0.75646064954	0.781428043743	0.75333220459	0.738909051241	0.730654026463	0.746972909911	0.776542288444	0.792739866004	0.771483891706	0.757785097902	0.747398045198	0.782446589402
AE8	0.694231311712	0.681700517577	0.754193147392	0.720852079536	0.720532620422	0.719097672602	0.67752030678	0.675269377761	0.687774708302	0.690670508643	0.714128811323	0.692933877932	0.710400975843	0.704075522334	0.678927594847	0.664161519735	0.693473115527	0.674889924708	0.777348693579	0.667247101893	0.687472488252	0.651551154919	0.530643496558	0.40392436384	0.508569431757	0.0	0.653954732797	0.653998827863	0.663558093593	0.645273102174	0.714984395051	0.678473314021	0.683772678591	0.696931087354	0.719180170813	0.714555328676	0.707982092906	0.682580227383	0.70012123303	0.71193741012	0.703556403377	0.688947363008	0.708225123884	0.705810530556	0.71790236083	0.689299603189	0.715177234762	0.710048228292	0.689631951197	0.710724844561	0.708462950587	0.725875335416	0.684245159173	0.668018466489	0.668101224081	0.674966722772	0.704467381061	0.71584200803	0.718834734295	0.686245460083	0.684621141424	0.708915186411
AF7	0.671361326163	0.668055676378	0.718596620659	0.671845843408	0.701509657438	0.698473700095	0.703082030854	0.690783729991	0.674229400678	0.705508102308	0.685755320731	0.711079303838	0.673301341703	0.658231415949	0.667364383086	0.640219740182	0.641853754132	0.67010704746	0.765642523528	0.683856773072	0.683384660221	0.517748452523	0.672367394206	0.637400187581	0.709961391928	0.653954732797	0.0	0.452427384527	0.650731672813	0.66552496327	0.715477002273	0.662165472658	0.670917620445	0.71456303014	0.690469521907	0.689863072575	0.683164105322	0.678572535536	0.6747647286	0.700117286903	0.682107067409	0.669616053546	0.676740873787	0.682162919638	0.731790734605	0.713142964117	0.709068649768	0.706144802479	0.676700458668	0.704847696947	0.671560548592	0.707508656948	0.67655547434	0.6646692166	0.660250506021	0.668798857235	0.683926642384	0.716239868103	0.687388790344	0.696746899602	0.661792729887	0.690751066404
AF8	0.674028519906	0.669910912391	0.75367427721	0.673631811656	0.71279712741	0.705312861216	0.680135433218	0.675711096737	0.704303339661	0.679801195834	0.703789057523	0.700330854837	0.700173568202	0.6815201045	0.702892095021	0.659198458173	0.660029598719	0.672181066745	0.772390420635	0.660962200244	0.596935528189	0.415270569731	0.682369555997	0.655532588156	0.703420079047	0.653998827863	0.452427384527	0.0	0.635883966753	0.648441820776	0.711991069763	0.653172536445	0.690032002222	0.674657064921	0.697598396991	0.692589799025	0.673960020568	0.671803089542	0.665237163563	0.708658059689	0.682218426144	0.692514590785	0.696104095739	0.69132713882	0.698170460407	0.677095708352	0.71117986118	0.695541057356	0.66706468103	0.697704857855	0.690351946287	0.690596646639	0.674573869499	0.662429338793	0.665931800092	0.656684650644	0.685047520279	0.69064726684	0.686833503757	0.694892371757	0.666302368428	0.69183247033
AG7	0.685733706226	0.688680531382	0.714445386897	0.684233442385	0.707295749265	0.719951156201	0.695451827383	0.675570240915	0.669259951055	0.689431904178	0.692935501507	0.716364119211	0.689140218431	0.678758748807	0.697009310294	0.687582550492	0.670219018251	0.665665560603	0.746442773306	0.516327154625	0.635940581654	0.626747769967	0.665917704919	0.652615308751	0.686320993851	0.663558093593	0.650731672813	0.635883966753	0.0	0.461482842634	0.669713051953	0.64120869283	0.677581672759	0.698598881079	0.693870997351	0.67841560773	0.658861901129	0.675179484311	0.687043964632	0.703771886186	0.700655059055	0.689667490823	0.698682675562	0.672001232631	0.716333610298	0.695442216534	0.724548893515	0.713439644355	0.668158763874	0.709183906045	0.688199062412	0.728045746953	0.677017986218	0.687859976769	0.681451316657	0.680386990375	0.701218254168	0.730473838718	0.696004465932	0.705308192129	0.671615051414	0.71860261174
AG8	0.677267969817	0.670873871505	0.72206537866	0.685610448564	0.682516776803	0.665258332889	0.662955010976	0.64906181352	0.647025313105	0.655557996228	0.678137012433	0.667587970075	0.690226035948	0.673801156908	0.683138364712	0.653785722636	0.665060439381	0.627394112899	0.640347015897	0.41376088506	0.647618483944	0.619304979738	0.668102592455	0.640265656873	0.696723719789	0.645273102174	0.66552496327	0.648441820776	0.461482842634	0.0	0.69713319221	0.627540239939	0.677947465992	0.671374961928	0.67766176217	0.654170668986	0.651418275523	0.636463624507	0.658900366498	0.683818204434	0.66594168248	0.638467851872	0.664971048964	0.64342971919	0.696385071075	0.661377643566	0.7240933496	0.701888890835	0.659561753675	0.68507654908	0.684859997299	0.716439431466	0.656067065855	0.673451699913	0.672341886538	0.649371655026	0.66948490379	0.699966970927	0.690096436025	0.67515266197	0.663913568385	0.691340748502
AH7	0.731847755746	0.750633384001	0.74546735341	0.729751126418	0.763223728374	0.756241191901	0.723993404265	0.716227098719	0.739502474834	0.723899757474	0.721436046438	0.758322949709	0.72805350383	0.74486632939	0.747091005566	0.743618407416	0.693986084206	0.541798810484	0.755638606022	0.706309518453	0.664158026079	0.694200619914	0.704745627634	0.694512442985	0.732585521021	0.714984395051	0.715477002273	0.711991069763	0.669713051953	0.69713319221	0.0	0.515807881393	0.711457038175	0.762436518778	0.767152780749	0.765421960324	0.749438368672	0.741352315446	0.761707311581	0.757034236051	0.757141160069	0.735153796389	0.75929581748	0.744845287593	0.7694176057	0.771305700868	0.767953651358	0.750547474911	0.743364144351	0.766935156601	0.770018520743	0.794739502879	0.748676436918	0.732858922118	0.725638469788	0.742887673861	0.774564539021	0.802669504016	0.779677343285	0.760482257887	0.750358573283	0.743975225024
AH8	0.680730349766	0.696035582403	0.742255422004	0.699381579496	0.688832884778	0.695182145626	0.692342413129	0.679023570327	0.685228669876	0.68066846937	0.689262536167	0.690089213828	0.701105754731	0.710315102747	0.692897010808	0.688916368754	0.518393667866	0.396062654905	0.760975501572	0.653502622612	0.645759468393	0.635153595812	0.669691059584	0.662936572555	0.695408612008	0.678473314021	0.662165472658	0.653172536445	0.64120869283	0.627540239939	0.515807881393	0.0	0.677361725236	0.710392191839	0.700233822046	0.707630854713	0.677911229541	0.6879990353	0.694677054789	0.698305160803	0.686893757438	0.698235893635	0.710699380726	0.694387435842	0.717283820634	0.706517908399	0.715136488459	0.713755318634	0.694869836602	0.717991101132	0.706674745796	0.737637586215	0.699582257645	0.673871696971	0.676244412507	0.683957484841	0.729707923578	0.743702542721	0.737649300632	0.708485233432	0.688249507743	0.712224111642
AA5	0.636116863279	0.671934253592	0.710780802385	0.699580237401	0.659137671812	0.680250947781	0.707972550433	0.691605314176	0.62763115898	0.712430017701	0.641717641518	0.665345259327	0.678256189655	0.667974290664	0.647815227302	0.672799545784	0.641474728372	0.687041611777	0.772193403732	0.699381152491	0.702639621415	0.697356411719	0.652608625672	0.678731628814	0.73064410024	0.683772678591	0.670917620445	0.690032002222	0.677581672759	0.677947465992	0.711457038175	0.677361725236	0.0	0.601275887208	0.686073520896	0.695291332192	0.625797754206	0.650519350998	0.675055884589	0.683779773497	0.697579679865	0.653341244551	0.638801546611	0.661721515918	0.722975313508	0.661923089939	0.692647612063	0.70281919239	0.682735022401	0.701282284044	0.682090647822	0.713513237112	0.66160806789	0.682748661737	0.640486421147	0.695139093474	0.677853889365	0.711704173027	0.665805057479	0.679949723855	0.625531419864	0.714051353284
AA6	0.672737715951	0.672852280686	0.769937383806	0.708417439957	0.697961238359	0.679012155354	0.669680270495	0.651003931327	0.715492873669	0.66353749058	0.690263209463	0.665473350575	0.697789120319	0.708690717292	0.713161168577	0.676348175528	0.729003239828	0.718523626927	0.780055163086	0.684433134502	0.698480647989	0.672658230514	0.699859122395	0.692464617176	0.751673431926	0.696931087354	0.71456303014	0.674657064921	0.698598881079	0.671374961928	0.762436518778	0.710392191839	0.601275887208	0.0	0.694531439648	0.683687666585	0.652673311017	0.627489414312	0.668429090036	0.680809043489	0.66111358992	0.685977153518	0.65517439088	0.669737075386	0.469616017278	0.414238084089	0.700424324092	0.680228265756	0.669076941592	0.683748632871	0.669860389752	0.675737614105	0.684483642012	0.684727213176	0.688170001959	0.683503708252	0.676371428942	0.682960813065	0.661422882632	0.667926600681	0.653874141631	0.695991031148
AB5	0.661858759031	0.668096919761	0.708430047381	0.682466540853	0.676507787749	0.656488942444	0.677180509244	0.667862713917	0.696545841668	0.672073881689	0.660141076038	0.668855144323	0.690068926677	0.664105919809	0.685248872164	0.657926380023	0.702734503035	0.715471689152	0.767141242844	0.694402412032	0.716778137018	0.706061340591	0.713817894264	0.723453148956	0.737621102826	0.719180170813	0.690469521907	0.697598396991	0.693870997351	0.67766176217	0.767152780749	0.700233822046	0.686073520896	0.694531439648	0.0	0.457384178263	0.651719285838	0.673319697454	0.641552681042	0.630920806293	0.645573041901	0.674746626677	0.652576542918	0.639927278994	0.71936976061	0.700650502797	0.676398891548	0.69039791704	0.669052206236	0.691383949999	0.687015119552	0.688828191478	0.656680406655	0.67564154104	0.69342407958	0.674573389126	0.701769613113	0.694290680081	0.702456154146	0.706327307843	0.643949126332	0.694273574799
AB6	0.693699142951	0.656418263541	0.753027509424	0.697912654122	0.682207990637	0.646893764056	0.655716201102	0.6487770345	0.691928340493	0.65214721133	0.677658437498	0.667074625475	0.686659721491	0.698095987648	0.680571363533	0.652562329519	0.7053241901	0.708303247021	0.779238696525	0.673310462524	0.732683722847	0.697474075406	0.716363766947	0.698084322827	0.745897039438	0.714555328676	0.689863072575	0.692589799025	0.67841560773	0.654170668986	0.765421960324	0.707630854713	0.695291332192	0.683687666585	0.457384178263	0.0	0.654894601791	0.659628602768	0.639821415713	0.637692585871	0.632179710633	0.662274748624	0.660384496391	0.525044270384	0.690578150635	0.66411983325	0.686047634231	0.671950244241	0.675829300696	0.67726407618	0.669899577471	0.674687008484	0.665911449716	0.66987067008	0.680796620423	0.669154833002	0.680908940938	0.69798696926	0.67820594189	0.687308567632	0.666692371771	0.666403357367
AC5	0.625942267421	0.655726899437	0.716002339471	0.68502143364	0.675691158576	0.674315090378	0.682233966555	0.673140759925	0.656249533313	0.681700805061	0.655132008443	0.677470995286	0.687145124907	0.659513169068	0.667835015256	0.657110108597	0.674486663502	0.692013140108	0.75916976434	0.673268150374	0.710091087412	0.688217895674	0.689440653848	0.705888074601	0.730141800411	0.707982092906	0.683164105322	0.673960020568	0.658861901129	0.651418275523	0.749438368672	0.677911229541	0.625797754206	0.652673311017	0.651719285838	0.654894601791	0.0	0.505546858233	0.635890099017	0.653916793241	0.65577019411	0.673911478419	0.598369538186	0.623368463331	0.668249004664	0.651794739681	0.657805925622	0.701694754334	0.631837812482	0.681551833996	0.654594623841	0.66468842185	0.644249879797	0.649319351878	0.623492300579	0.654469238143	0.643070797938	0.674207475742	0.641829952394	0.676926929189	0.634181763477	0.685050216265
AC6	0.659665802428	0.633465705513	0.748640679843	0.665509907543	0.680729790478	0.650501065887	0.660839403012	0.674699760314	0.667604780336	0.673424256362	0.666216749882	0.656066156312	0.674338971884	0.676436709073	0.670946721553	0.632762454541	0.684464555735	0.682651871909	0.764830153839	0.668576269379	0.708246400444	0.67906760943	0.684746628035	0.692528674128	0.743057749089	0.682580227383	0.678572535536	0.671803089542	0.675179484311	0.636463624507	0.741352315446	0.6879990353	0.650519350998	0.627489414312	0.673319697454	0.659628602768	0.505546858233	0.0	0.637252205453	0.655707089705	0.647534611208	0.522940928241	0.500569671877	0.629511719995	0.660787707313	0.632370451307	0.671119114718	0.668427192723	0.62798282742	0.637263700174	0.658624592638	0.664146488827	0.654327553218	0.662817023595	0.656954379716	0.65545163167	0.628838020652	0.67051245642	0.641330987326	0.625752890315	0.652018027227	0.662363991572
AD6	0.663542614805	0.626600234128	0.759832033701	0.674466978622	0.682993706781	0.649419984508	0.614833643955	0.614277313829	0.659276747132	0.627901821077	0.670499528613	0.657570970887	0.682949880817	0.682027422919	0.654710254133	0.615477731847	0.698232386505	0.705465714676	0.78596507557	0.687311982902	0.711951610648	0.680682085988	0.696252604249	0.697232721963	0.753030812251	0.70012123303	0.6747647286	0.665237163563	0.687043964632	0.658900366498	0.761707311581	0.694677054789	0.675055884589	0.668429090036	0.641552681042	0.639821415713	0.635890099017	0.637252205453	0.0	0.50554294373	0.40419945472	0.658182064722	0.640412722335	0.654769855784	0.685007595496	0.676818415133	0.672820323033	0.666550393489	0.639658837782	0.63765768915	0.67228035041	0.670299517843	0.644757452295	0.65504511495	0.657629965859	0.644097740088	0.646716161993	0.676331701805	0.651255647701	0.646246674278	0.638074412519	0.665838181208
AE5	0.675827931125	0.650529592574	0.74027956184	0.698214425345	0.641585221861	0.657253872831	0.655588902892	0.639330030659	0.680059233412	0.635389227071	0.670751536333	0.635869432259	0.696848382364	0.687232480033	0.690185280972	0.658527750934	0.736548570225	0.719143373217	0.782513030207	0.698455454095	0.73414876324	0.710911197899	0.713103499389	0.724933032724	0.759969843887	0.71193741012	0.700117286903	0.708658059689	0.703771886186	0.683818204434	0.757034236051	0.698305160803	0.683779773497	0.680809043489	0.630920806293	0.637692585871	0.653916793241	0.655707089705	0.50554294373	0.0	0.408823597789	0.685665719131	0.656603160742	0.655226977078	0.694834114296	0.679041523461	0.683615480779	0.668860609722	0.65614715189	0.647756235055	0.662012882747	0.681509491529	0.65320815269	0.644806616085	0.64675674679	0.629031176385	0.656672675608	0.684683595994	0.664570510801	0.63993064626	0.628555562263	0.676164377931
AE6	0.688591354961	0.652705708201	0.771367510641	0.705617727618	0.678241146577	0.665063892513	0.623357758286	0.613872667514	0.682922484009	0.613514112482	0.707332535737	0.666971814035	0.698427068083	0.712675014747	0.677803990434	0.63888567954	0.71822146478	0.695931003269	0.791352287055	0.687862620386	0.722559204711	0.685149783207	0.698239332418	0.69627258101	0.755625809934	0.703556403377	0.682107067409	0.682218426144	0.700655059055	0.66594168248	0.757141160069	0.686893757438	0.697579679865	0.66111358992	0.645573041901	0.632179710633	0.65577019411	0.647534611208	0.40419945472	0.408823597789	0.0	0.677301771313	0.648985133605	0.659743187425	0.684749620953	0.67050993248	0.685355146601	0.648155058745	0.643763298174	0.628210674351	0.662102091694	0.673899156813	0.654898342339	0.628128465664	0.654427032242	0.618654902158	0.661976199943	0.683798100341	0.663261648548	0.640998928071	0.634970301481	0.653251868055
AF5	0.679625900788	0.663913327824	0.702445856266	0.650882537312	0.668615775793	0.657686526229	0.673657253026	0.702909735659	0.645013584186	0.698400331793	0.670538683875	0.669608511967	0.66093695854	0.658521695936	0.666561275921	0.63511815408	0.677251498906	0.674285202585	0.723206561638	0.667890326681	0.707032827547	0.687100101611	0.679742967176	0.685639334644	0.734727256296	0.688947363008	0.669616053546	0.692514590785	0.689667490823	0.638467851872	0.735153796389	0.698235893635	0.653341244551	0.685977153518	0.674746626677	0.662274748624	0.673911478419	0.522940928241	0.658182064722	0.685665719131	0.677301771313	0.0	0.468829099237	0.648386185175	0.719947321969	0.696312331795	0.719953425737	0.711423008316	0.673141391982	0.670656828831	0.700195124119	0.717537307967	0.685129750725	0.693997864222	0.694251184327	0.692761424509	0.670783645132	0.728832897656	0.68119782048	0.658043964224	0.662853903999	0.702255540256
AF6	0.659120780703	0.651609656287	0.713333991022	0.67942618659	0.654908509384	0.649105943149	0.670955242078	0.686732618846	0.674198518187	0.684993946744	0.658130371332	0.65374992232	0.65952601335	0.634749001438	0.678007049799	0.654441599164	0.706052199015	0.701566507736	0.741966712995	0.676221438349	0.737064976186	0.699863527511	0.697006127351	0.704090096843	0.744452558084	0.708225123884	0.676740873787	0.696104095739	0.698682675562	0.664971048964	0.75929581748	0.710699380726	0.638801546611	0.65517439088	0.652576542918	0.660384496391	0.598369538186	0.500569671877	0.640412722335	0.656603160742	0.648985133605	0.468829099237	0.0	0.633130033761	0.708007466002	0.670395154654	0.676054603845	0.691469425465	0.648888480103	0.653755016211	0.664667491164	0.683310234333	0.668668977535	0.680354379782	0.680136697561	0.679422162175	0.659258851338	0.696192745775	0.641882406112	0.657033570301	0.639203410306	0.690988069171
