	AA3	AA4	AB3	AB4	AC3	AC4	AD3	AD4	AE3	AE4	AF3	AF4	AG3	AG4	AH3	AH4	AA7	AA8	AB7	AB8	AC7	AC8	AD7	AD8	AE7	AE8	AF7	AF8	AG7	AG8	AH7	AH8	AA5	AA6	AB5	AB6	AC5	AC6	AD6	AE5	AE6	AF5	AF6	AG5	AH5	AH6	AA1	AA2	AB1	AB2	AC1	AC2	AD1	AD2	AE1	AE2	AF1	AF2	AG1	AG2	AH1	AH2
AA3	0.0	0.491313469795	0.656734655267	0.64626151426	0.660941549577	0.67881524881	0.699342642879	0.699200343063	0.646293577197	0.691826268599	0.655213287267	0.692757663427	0.643638123676	0.613317296009	0.693351577303	0.475280507043	0.67988619567	0.691521287686	0.760405436831	0.68582476084	0.694719788179	0.692684299236	0.674991682824	0.695896667443	0.723570622901	0.699122895396	0.671127385086	0.692601356644	0.694146904096	0.672755228999	0.739275951362	0.689602887234	0.653401367422	0.69422610437	0.662799233636	0.696370291352	0.644170123323	0.663150652519	0.665392180995	0.671519606631	0.685385306143	0.672326436484	0.667865394538	0.657613580483	0.705271451696	0.708219322508	0.655158948298	0.70223546004	0.634342697358	0.682084110014	0.678383844356	0.670318687752	0.64186524383	0.659728684478	0.666697595807	0.669369520999	0.655362590515	0.678663771616	0.65657957529	0.676545071529	0.633974812257	0.689581418796
AA4	0.491313469795	0.0	0.687789175298	0.629070687666	0.643513562696	0.641127928107	0.65894469639	0.665658631808	0.680613915502	0.652203363621	0.670289427261	0.641369744251	0.650453461964	0.615219664517	0.520489185577	0.382552809242	0.682029562716	0.693812384166	0.766000546531	0.675022265765	0.706826931958	0.666353473236	0.675806654676	0.688906663639	0.72253100737	0.674267744479	0.646668713107	0.66983239291	0.683190244826	0.667939648439	0.739119748684	0.682788368482	0.670085338789	0.675255159725	0.664808470283	0.662939537243	0.646299045549	0.636495784112	0.622870321186	0.641847745801	0.632457131253	0.650782489438	0.64897875595	0.642636442937	0.683867551429	0.676820795336	0.656842620087	0.659007421706	0.625714601662	0.62858238962	0.646617047923	0.647479167862	0.631686186673	0.632400678412	0.64973704785	0.635082487473	0.636811172682	0.654497416411	0.621564004483	0.633181077975	0.638510917933	0.643998793805
AB3	0.656734655267	0.687789175298	0.0	0.652074558158	0.68932467502	0.725286603483	0.748861976077	0.742498203967	0.690438797312	0.749697222192	0.704300651432	0.733146895558	0.721633381734	0.602569528752	0.707188480088	0.689155607583	0.719205270694	0.755220566437	0.710828695862	0.681724548547	0.726808439702	0.75706847418	0.735703642515	0.7561687769	0.720396523433	0.756355457002	0.726340473236	0.752681144494	0.708199734074	0.699064506973	0.754752606594	0.749438149338	0.694606396648	0.774590864801	0.691298494212	0.740706494669	0.699396951286	0.730144013321	0.757644840714	0.732542143538	0.756478690496	0.705858496908	0.712562844662	0.724986070679	0.782146807805	0.774806249711	0.750602874852	0.774234301537	0.712907671657	0.761938733899	0.747110337555	0.755460960237	0.729436543181	0.758779960722	0.735317316615	0.747463374111	0.745150984414	0.753587149616	0.740566341871	0.771168983575	0.708135406725	0.766726796391
AB4	0.64626151426	0.629070687666	0.652074558158	0.0	0.700748538776	0.686417807948	0.697567394329	0.684150824713	0.69138219965	0.696288159663	0.688793951646	0.697888955601	0.399397435316	0.435535775022	0.67358879655	0.64004720542	0.697273711441	0.703703560442	0.765624451646	0.684958178054	0.687699582907	0.685215830315	0.686527518274	0.700403972393	0.729110423184	0.703493632396	0.670313204464	0.684087628925	0.677400685778	0.680966474146	0.737006624679	0.697845281913	0.70822367272	0.712896673874	0.683992167283	0.683065029023	0.671015199201	0.659089185597	0.689450241948	0.681862264648	0.692677334114	0.651082155994	0.65945264042	0.665604595924	0.720066376004	0.72834214086	0.692649978038	0.703565921125	0.625111359024	0.692660489053	0.697639692238	0.704964129758	0.674214581242	0.679362305018	0.685738839177	0.665438532672	0.693693437182	0.713237209639	0.6966176806	0.667477059413	0.670937582095	0.705576286054
AC3	0.660941549577	0.643513562696	0.68932467502	0.700748538776	0.0	0.53969894667	0.695099805181	0.689081336835	0.646823022438	0.685967167436	0.686895616642	0.46515658798	0.702976825828	0.697736899119	0.696384162216	0.693439857668	0.683767994956	0.722950500291	0.765011743652	0.696839175856	0.738446981885	0.722448177341	0.724790541975	0.7410206722	0.732716679461	0.730999977074	0.712002684102	0.72642252156	0.720792989807	0.706445377841	0.772509846813	0.716872986198	0.666868054283	0.71580637723	0.687447167427	0.683773944143	0.681050375638	0.686333020316	0.680103118076	0.666214737793	0.678936178418	0.681578355306	0.674079667924	0.668558850788	0.734947448233	0.71600219903	0.697723001142	0.714964356423	0.705682040294	0.701042146021	0.695037687893	0.684269530779	0.691967184365	0.712082509536	0.689621142726	0.703933136612	0.693124007228	0.689349610343	0.687266138062	0.699801164632	0.686670184807	0.700146006976
AC4	0.67881524881	0.641127928107	0.725286603483	0.686417807948	0.53969894667	0.0	0.67911214836	0.649587190268	0.651495513497	0.663093073451	0.514647826906	0.409433398824	0.68397149608	0.691195065499	0.689672242486	0.673100814179	0.70501576333	0.694033429226	0.767896537675	0.676859932019	0.711005157899	0.697946153375	0.70331668201	0.710119178089	0.745769294494	0.705121915967	0.701212976259	0.703655248634	0.694463764508	0.680323420825	0.74628090249	0.693678469046	0.682757451501	0.692900008647	0.668572198151	0.661329895351	0.663905857082	0.664525727662	0.64910737471	0.636376294145	0.643600123689	0.664567272169	0.655749042377	0.661485402334	0.691841911231	0.667223811105	0.720030697857	0.701906826405	0.687117001341	0.66684734804	0.675825165737	0.688826763978	0.687724112213	0.683203561459	0.678223389022	0.684957244011	0.679397186143	0.691409732485	0.684260765009	0.671216531322	0.675432867464	0.693125363985
AD3	0.699342642879	0.65894469639	0.748861976077	0.697567394329	0.695099805181	0.67911214836	0.0	0.391750333384	0.687930627582	0.376112408621	0.719143557784	0.662718302705	0.714849096279	0.694604126398	0.699372777012	0.667692535686	0.717454691419	0.696729688045	0.780797141876	0.676723356913	0.726849271301	0.68251376456	0.7075461136	0.695228171102	0.733776524533	0.690063437816	0.697058409585	0.670935605397	0.712068771073	0.688769026676	0.73341345095	0.692732856904	0.722662936527	0.672256334546	0.688512001782	0.674919159197	0.689962309364	0.66635916016	0.633302615956	0.646398324285	0.635055782365	0.687508680762	0.680187371657	0.677606812015	0.692941584395	0.6858372929	0.688091397241	0.68263049743	0.663877418171	0.654312422161	0.689958983542	0.683843344038	0.675159972976	0.666697316211	0.67846562836	0.678103256517	0.676834477308	0.690048890862	0.691327376757	0.659617183893	0.703345927588	0.644179908215
AD4	0.699200343063	0.665658631808	0.742498203967	0.684150824713	0.689081336835	0.649587190268	0.391750333384	0.0	0.605441299522	0.377256750784	0.690809402762	0.630246743653	0.700612134852	0.708456952286	0.693897980797	0.661131992036	0.70171156761	0.672088262115	0.780556098048	0.64909268763	0.707765535958	0.674136799906	0.673931853604	0.66313029504	0.728133553493	0.662755408538	0.683973462843	0.659426236069	0.662138144645	0.648368413474	0.706866019587	0.673293926932	0.708308134667	0.656762015313	0.672777356483	0.658777524868	0.675037603584	0.648134780722	0.632769694154	0.631422703558	0.616786706978	0.669387645269	0.652443504957	0.667925645694	0.676053588691	0.663480988406	0.684704056445	0.678885898112	0.666591868235	0.657383174305	0.681446387685	0.688456663328	0.669985003713	0.659726363671	0.664126153281	0.670794430445	0.686215727447	0.703137944869	0.701155813551	0.665101130457	0.684130624402	0.633016242475
AE3	0.646293577197	0.680613915502	0.690438797312	0.69138219965	0.646823022438	0.651495513497	0.687930627582	0.605441299522	0.0	0.63043923028	0.65805426658	0.670299364988	0.678176808432	0.70197073847	0.664535651877	0.664874878462	0.656336881672	0.691539753213	0.77586766343	0.693667494046	0.726641093347	0.716062823481	0.653873062837	0.690181122859	0.744860353668	0.696644472965	0.684412331166	0.721231742449	0.652823210083	0.680250896359	0.735604846645	0.700645303326	0.628886095794	0.703810781239	0.684460943559	0.700061522221	0.653970433457	0.685703681124	0.672372298138	0.6691143175	0.671463772034	0.640578809718	0.675874708863	0.659870307602	0.721973337906	0.705572262648	0.702324650209	0.722127015247	0.692819467983	0.687787630075	0.691445303662	0.714360968923	0.672875921798	0.703474148723	0.663339243442	0.691493536299	0.691467464687	0.725574876136	0.709259907701	0.701437933621	0.648281637254	0.715051217703
AE4	0.691826268599	0.652203363621	0.749697222192	0.696288159663	0.685967167436	0.663093073451	0.376112408621	0.377256750784	0.63043923028	0.0	0.710208015705	0.634886006309	0.71064900942	0.700223301062	0.691134925747	0.65274224059	0.714661251763	0.679878608095	0.784421881322	0.655645690309	0.710840870244	0.676956408876	0.700066795895	0.686196077711	0.727921850953	0.67107944128	0.683555695367	0.658983717604	0.67383143482	0.663221347592	0.743964426888	0.685697651005	0.712362090276	0.673459855865	0.676137841477	0.651417005717	0.686799998865	0.666220842658	0.616337573282	0.631733040466	0.615957861122	0.676380422859	0.675291315271	0.657685702752	0.68367400626	0.677172757506	0.676070893356	0.67605132489	0.671101874093	0.646606431664	0.68420405305	0.685582633364	0.668928254673	0.654279463963	0.668504341033	0.670159056608	0.668581447118	0.693977482195	0.68058871114	0.652000155277	0.695454638995	0.664785332436
AF3	0.655213287267	0.670289427261	0.704300651432	0.688793951646	0.686895616642	0.514647826906	0.719143557784	0.690809402762	0.65805426658	0.710208015705	0.0	0.576510382153	0.671108062111	0.683560185277	0.68510568778	0.673010930694	0.670857881102	0.695551138348	0.769546901202	0.689419676271	0.694941429765	0.718362264724	0.676214239187	0.696849637294	0.753217187362	0.711623871148	0.692926728056	0.713784215162	0.706217591139	0.688366072471	0.723101114568	0.684238865758	0.652092614196	0.697342192763	0.6771765512	0.683109790135	0.663727309549	0.670447670461	0.668248657148	0.674442770565	0.691106581398	0.682045666058	0.674217555193	0.65864366506	0.698979278523	0.690360359382	0.713810551614	0.712991994942	0.700429104101	0.709913400778	0.71007415227	0.706121278772	0.69876508894	0.700641081328	0.700950158447	0.717778812358	0.685951463674	0.718687415313	0.687943655237	0.714817998959	0.654427505702	0.703300806433
AF4	0.692757663427	0.641369744251	0.733146895558	0.697888955601	0.46515658798	0.409433398824	0.662718302705	0.630246743653	0.670299364988	0.634886006309	0.576510382153	0.0	0.704907149734	0.702220373498	0.693948690038	0.65986351341	0.69853255402	0.671731519747	0.766663420522	0.675066952254	0.713763240123	0.686563593315	0.701546907942	0.701528265764	0.725644415841	0.693208344858	0.694551012933	0.673826527898	0.695072855248	0.685044777784	0.750109854722	0.687845351377	0.685865711876	0.676250523409	0.682544466528	0.664403085895	0.68023328875	0.648974894876	0.667406056104	0.657595588439	0.653290215002	0.669074266748	0.662435869552	0.649993621934	0.681807014082	0.667344080376	0.715952355561	0.698575689611	0.687298822511	0.667216927797	0.670828367908	0.673841355574	0.688432916038	0.677409257264	0.688306959482	0.679661572349	0.676281068001	0.668614255541	0.693502093851	0.671387043145	0.682022487853	0.684464575753
AG3	0.643638123676	0.650453461964	0.721633381734	0.399397435316	0.702976825828	0.68397149608	0.714849096279	0.700612134852	0.678176808432	0.71064900942	0.671108062111	0.704907149734	0.0	0.483887125035	0.685756567545	0.663569666665	0.683265916896	0.692575058186	0.770335936957	0.690709864649	0.680456325583	0.692938360936	0.682050834417	0.69133862266	0.719467968822	0.698613609767	0.679635200898	0.698993743726	0.6998706618	0.694226308436	0.73138703243	0.699715836988	0.699236486018	0.704200278846	0.684020724832	0.696501714017	0.674133747387	0.660775844316	0.69418784996	0.68491798838	0.698134784889	0.65481598265	0.658541581824	0.675549590227	0.710741495059	0.720806371443	0.688576160794	0.705701882923	0.638856887977	0.693703340142	0.712192028792	0.712651486796	0.677313883547	0.684913414085	0.684943860177	0.677769156812	0.698846177322	0.725941189813	0.695954957889	0.684483441663	0.691027381393	0.706554403026
AG4	0.613317296009	0.615219664517	0.602569528752	0.435535775022	0.697736899119	0.691195065499	0.694604126398	0.708456952286	0.70197073847	0.700223301062	0.683560185277	0.702220373498	0.483887125035	0.0	0.679603068005	0.626547593373	0.709828126747	0.722831690352	0.749276822298	0.685242688137	0.700797248988	0.687290094904	0.698488872562	0.70371214698	0.716643481687	0.699456580876	0.674163882229	0.68809316097	0.689894883942	0.689927963908	0.750218165927	0.710933156938	0.710211860347	0.71740407454	0.669453464035	0.702946230598	0.683739446208	0.667738284026	0.684128182018	0.681407184059	0.691264037257	0.663100684101	0.660299056363	0.693857715756	0.727629843711	0.732264118323	0.700728019018	0.708333393497	0.644688807793	0.692156971341	0.713367963556	0.708262299942	0.686779848921	0.693676299301	0.704656552279	0.699265916712	0.701179370979	0.715729913372	0.693641865843	0.679286324743	0.68407282068	0.704381083264
AH3	0.693351577303	0.520489185577	0.707188480088	0.67358879655	0.696384162216	0.689672242486	0.699372777012	0.693897980797	0.664535651877	0.691134925747	0.68510568778	0.693948690038	0.685756567545	0.679603068005	0.0	0.575544605323	0.684691215573	0.711665478747	0.791706218901	0.714989044239	0.723016311985	0.706971281998	0.668530404605	0.697613322478	0.733926878907	0.688105893418	0.691775150877	0.708199995921	0.683794146938	0.703302219936	0.748145313346	0.72112600124	0.686972325816	0.725901361034	0.710940236235	0.692094776696	0.688042129441	0.689121344037	0.670604812067	0.692572438854	0.678218254924	0.657415778871	0.678320287844	0.677522980235	0.721202173544	0.716050170044	0.706090310598	0.708236130972	0.69776202398	0.687374384019	0.697586277797	0.716232099749	0.708648896126	0.71179533924	0.699398019944	0.697557129685	0.702594071986	0.713748487662	0.703829302365	0.689815550685	0.690883977867	0.706387506489
AH4	0.475280507043	0.382552809242	0.689155607583	0.64004720542	0.693439857668	0.673100814179	0.667692535686	0.661131992036	0.664874878462	0.65274224059	0.673010930694	0.65986351341	0.663569666665	0.626547593373	0.575544605323	0.0	0.691819708048	0.678036294749	0.775670892193	0.678029357584	0.70598983982	0.675790058824	0.66568823531	0.685469425009	0.739341482749	0.676456054069	0.648364388853	0.660119389515	0.685502161831	0.676992661148	0.737191216505	0.682933205754	0.675388147381	0.687507661735	0.672586293738	0.670398517861	0.656368793236	0.638918197093	0.644430690712	0.68235638939	0.649213782033	0.650731198654	0.653856363991	0.641835000922	0.683842521746	0.673362455552	0.68137246934	0.673766620626	0.641239654674	0.647975488172	0.666055337521	0.675664971085	0.647591856305	0.636943924742	0.662556438127	0.652997248877	0.645301006174	0.663664160174	0.642621335027	0.644990931595	0.642002710773	0.660838620134
AA7	0.67988619567	0.682029562716	0.719205270694	0.697273711441	0.683767994956	0.70501576333	0.717454691419	0.70171156761	0.656336881672	0.714661251763	0.670857881102	0.69853255402	0.683265916896	0.709828126747	0.684691215573	0.691819708048	0.0	0.54943173958	0.772189626054	0.687887587563	0.66527377423	0.686260975373	0.661522606419	0.688061156757	0.701413208544	0.690880410528	0.670819617382	0.680244373429	0.671829242329	0.674358881208	0.71312514137	0.542636484198	0.664469214386	0.725902653355	0.702208830954	0.718304879304	0.676872902577	0.699351961652	0.700084792053	0.726596758841	0.732236107061	0.684406651402	0.698967756742	0.708900486404	0.740024903044	0.725541559704	0.731832313805	0.733493564865	0.708342012549	0.738891262545	0.706637499093	0.724782439519	0.68678435921	0.709563170365	0.688943408011	0.716710685973	0.73036143057	0.738711731199	0.728832694287	0.743064589738	0.687899580711	0.726508724527
AA8	0.691521287686	0.693812384166	0.755220566437	0.703703560442	0.722950500291	0.694033429226	0.696729688045	0.672088262115	0.691539753213	0.679878608095	0.695551138348	0.671731519747	0.692575058186	0.722831690352	0.711665478747	0.678036294749	0.54943173958	0.0	0.784368556557	0.673146546377	0.648065202094	0.637977951437	0.664400023342	0.680672061705	0.709654912707	0.670652106018	0.664050141722	0.636856518564	0.657945799599	0.66715868421	0.549867488189	0.386884291688	0.696985194309	0.723807036255	0.723052724946	0.713994680944	0.695997860043	0.693002279701	0.698879196738	0.703684934758	0.694213368227	0.676561562883	0.701529044199	0.698307500252	0.723374347377	0.705031382893	0.723686475713	0.721807123752	0.702591146399	0.714792013606	0.714208144833	0.730376413316	0.691749458047	0.691931881836	0.678848709726	0.690825095811	0.730932523144	0.735905849389	0.738770539989	0.719421517743	0.706352667588	0.72314311086
AB7	0.760405436831	0.766000546531	0.710828695862	0.765624451646	0.765011743652	0.767896537675	0.780797141876	0.780556098048	0.77586766343	0.784421881322	0.769546901202	0.766663420522	0.770335936957	0.749276822298	0.791706218901	0.775670892193	0.772189626054	0.784368556557	0.0	0.55799139685	0.748772261185	0.774695457202	0.783520861623	0.795914994718	0.75295512819	0.784231163522	0.778265010397	0.777051770096	0.757719188425	0.634575888827	0.765545362364	0.76801746361	0.771020185208	0.800617741579	0.781813608606	0.793840148174	0.768791459637	0.768552665411	0.78997676477	0.787632473697	0.808608237649	0.736956155742	0.747994483224	0.779489404916	0.80869985537	0.802123950757	0.824139154541	0.818327583218	0.782363406866	0.802430980193	0.809772616793	0.810598534346	0.796851022082	0.80225302447	0.785313798428	0.793493791455	0.794482776683	0.806098265559	0.801378541988	0.803746273938	0.785899048185	0.802494267108
AB8	0.68582476084	0.675022265765	0.681724548547	0.684958178054	0.696839175856	0.676859932019	0.676723356913	0.64909268763	0.693667494046	0.655645690309	0.689419676271	0.675066952254	0.690709864649	0.685242688137	0.714989044239	0.678029357584	0.687887587563	0.673146546377	0.55799139685	0.0	0.637827699153	0.635770001291	0.681818616041	0.669516891985	0.680154476065	0.665400252167	0.676982497823	0.643270151673	0.497787878916	0.375897470733	0.692033224929	0.655965282799	0.6954042629	0.692688022299	0.681554699963	0.681042842349	0.668075477007	0.662226522052	0.685382528536	0.67456095311	0.685700501894	0.659946202327	0.654955427815	0.661145804488	0.697818892561	0.680300939526	0.732621447376	0.723399520541	0.678994489371	0.702693625402	0.688301954187	0.716979971388	0.666684393154	0.695440392358	0.685716874268	0.678932696853	0.694340065064	0.717747114164	0.697807076846	0.709239805996	0.674766352135	0.691115547321
AC7	0.694719788179	0.706826931958	0.726808439702	0.687699582907	0.738446981885	0.711005157899	0.726849271301	0.707765535958	0.726641093347	0.710840870244	0.694941429765	0.713763240123	0.680456325583	0.700797248988	0.723016311985	0.70598983982	0.66527377423	0.648065202094	0.748772261185	0.637827699153	0.0	0.504899161769	0.682709071887	0.670433864782	0.684879598166	0.686429976136	0.687880070111	0.562997427308	0.642052611412	0.627143915189	0.6641968956	0.650781342261	0.729353669269	0.699001728608	0.720698812578	0.745552632087	0.711524319124	0.715687483918	0.71561641485	0.719483641277	0.731403361779	0.702942604948	0.714997523522	0.702005514324	0.701666889459	0.688346800595	0.75589837183	0.758049036813	0.689570354417	0.733394557902	0.749051197952	0.749846542974	0.700828954963	0.705047886151	0.695476286808	0.71099292215	0.747921978807	0.748702882803	0.757793926499	0.737012867245	0.701955031817	0.737102902749
AC8	0.692684299236	0.666353473236	0.75706847418	0.685215830315	0.722448177341	0.697946153375	0.68251376456	0.674136799906	0.716062823481	0.676956408876	0.718362264724	0.686563593315	0.692938360936	0.687290094904	0.706971281998	0.675790058824	0.686260975373	0.637977951437	0.774695457202	0.635770001291	0.504899161769	0.0	0.664933159803	0.651556197713	0.698557821601	0.639363073221	0.466684748575	0.350581029201	0.639876727818	0.634338040445	0.70526242105	0.649687120704	0.710130814452	0.667223064642	0.707659743541	0.709930396865	0.692907177208	0.68235733323	0.676620475384	0.703384704136	0.682786380387	0.676486770065	0.679416861508	0.675935879214	0.68341653363	0.662404321858	0.720154522725	0.707511638584	0.661543662615	0.679565020153	0.686002868104	0.683675142463	0.658774963297	0.672610944064	0.658793892496	0.66412711051	0.694340430203	0.699050967252	0.704564889699	0.688059695529	0.681209157514	0.68605730258
AD7	0.674991682824	0.675806654676	0.735703642515	0.686527518274	0.724790541975	0.70331668201	0.7075461136	0.673931853604	0.653873062837	0.700066795895	0.676214239187	0.701546907942	0.682050834417	0.698488872562	0.668530404605	0.66568823531	0.661522606419	0.664400023342	0.783520861623	0.681818616041	0.682709071887	0.664933159803	0.0	0.458205105562	0.697674418605	0.508274108544	0.641188533031	0.677382372105	0.653563925671	0.67026494034	0.698201901865	0.665652200862	0.653794724127	0.69858195261	0.717219630861	0.71217714259	0.686362395109	0.676417407539	0.684477542569	0.706584449619	0.693441153297	0.656236486101	0.673632525111	0.675185901475	0.705528556305	0.685759637031	0.704150145059	0.70844155693	0.674227440315	0.706378294234	0.693878316835	0.720456843128	0.671250995535	0.669435479995	0.653119181668	0.681416136217	0.693824221912	0.719077142624	0.707928838842	0.707868156266	0.658546887611	0.691709709779
AD8	0.695896667443	0.688906663639	0.7561687769	0.700403972393	0.7410206722	0.710119178089	0.695228171102	0.66313029504	0.690181122859	0.686196077711	0.696849637294	0.701528265764	0.69133862266	0.70371214698	0.697613322478	0.685469425009	0.688061156757	0.680672061705	0.795914994718	0.669516891985	0.670433864782	0.651556197713	0.458205105562	0.0	0.612913869485	0.40504442766	0.640679873809	0.651775185688	0.65616073136	0.663818192375	0.706158236156	0.679690781742	0.687181663398	0.682454803455	0.716206153184	0.714636184318	0.69542644674	0.683802098765	0.701542767294	0.70528495691	0.696543048173	0.688558043504	0.678089297229	0.68392305825	0.697066790196	0.683572683458	0.711590088184	0.71115374369	0.67013437141	0.704982096851	0.706231596676	0.712537548911	0.682221758007	0.67113578876	0.662913249378	0.684346382564	0.708510773814	0.724773671294	0.71401534798	0.704299151716	0.676456094102	0.691849345514
AE7	0.723570622901	0.72253100737	0.720396523433	0.729110423184	0.732716679461	0.745769294494	0.733776524533	0.728133553493	0.744860353668	0.727921850953	0.753217187362	0.725644415841	0.719467968822	0.716643481687	0.733926878907	0.739341482749	0.701413208544	0.709654912707	0.75295512819	0.680154476065	0.684879598166	0.698557821601	0.697674418605	0.612913869485	0.0	0.503136927892	0.705966228824	0.705475808921	0.695083625525	0.697444349816	0.733247008751	0.704188494077	0.738741352136	0.758317528453	0.73729617443	0.745793953122	0.735649030248	0.747600489312	0.755302331821	0.751745796432	0.764073275592	0.731580425921	0.733392210146	0.727531016047	0.749546053111	0.75807936479	0.76561629628	0.769587934679	0.720087959488	0.761555344663	0.758880636225	0.781394830222	0.743125556998	0.74959289164	0.735700463411	0.750818506928	0.775722010842	0.783403653244	0.776642559703	0.767924079707	0.748450321781	0.767056131938
AE8	0.699122895396	0.674267744479	0.756355457002	0.703493632396	0.730999977074	0.705121915967	0.690063437816	0.662755408538	0.696644472965	0.67107944128	0.711623871148	0.693208344858	0.698613609767	0.699456580876	0.688105893418	0.676456054069	0.690880410528	0.670652106018	0.784231163522	0.665400252167	0.686429976136	0.639363073221	0.508274108544	0.40504442766	0.503136927892	0.0	0.649452123189	0.653397165354	0.650519079868	0.663196532718	0.714595579039	0.680350191483	0.698024457289	0.693819062866	0.719113550416	0.716289751714	0.704531801133	0.69701124987	0.702950836209	0.716769642147	0.701958191884	0.689344898251	0.679367923209	0.687980999324	0.69953068022	0.691695299395	0.71342687291	0.697520998682	0.68047158282	0.698956859996	0.697288604296	0.717671682741	0.684663615542	0.677707197996	0.667209648031	0.688610885589	0.716602152597	0.716876164811	0.717536931122	0.696533448398	0.690529787538	0.686803107442
AF7	0.671127385086	0.646668713107	0.726340473236	0.670313204464	0.712002684102	0.701212976259	0.697058409585	0.683973462843	0.684412331166	0.683555695367	0.692926728056	0.694551012933	0.679635200898	0.674163882229	0.691775150877	0.648364388853	0.670819617382	0.664050141722	0.778265010397	0.676982497823	0.687880070111	0.466684748575	0.641188533031	0.640679873809	0.705966228824	0.649452123189	0.0	0.447666089788	0.6493845978	0.677091656794	0.713719402268	0.680978777318	0.684265068354	0.709054269293	0.686853437905	0.693463736069	0.673643141869	0.674980783706	0.661200705266	0.701798405062	0.680097644617	0.662875618814	0.665240922098	0.668051329483	0.712800339249	0.695143661656	0.700357004791	0.694507653235	0.676157128796	0.686159376897	0.680633600552	0.692308227201	0.665387773139	0.683661197074	0.659964214394	0.675952394484	0.683399199427	0.71304939086	0.67886752659	0.698407098131	0.669942652465	0.684450460282
AF8	0.692601356644	0.66983239291	0.752681144494	0.684087628925	0.72642252156	0.703655248634	0.670935605397	0.659426236069	0.721231742449	0.658983717604	0.713784215162	0.673826527898	0.698993743726	0.68809316097	0.708199995921	0.660119389515	0.680244373429	0.636856518564	0.777051770096	0.643270151673	0.562997427308	0.350581029201	0.677382372105	0.651775185688	0.705475808921	0.653397165354	0.447666089788	0.0	0.651527554334	0.639036288681	0.705906211679	0.634833232173	0.71739099202	0.665164985889	0.693535844315	0.700205546965	0.69639003188	0.676182909256	0.679099347033	0.695101785217	0.682588114918	0.689354452229	0.689580152162	0.672752341856	0.68242532886	0.659327017447	0.720898697176	0.705078938937	0.665913520702	0.683138025087	0.682534258706	0.685929477457	0.651959412955	0.66687485082	0.672355349951	0.671578164651	0.684281731483	0.687836559285	0.70508365793	0.687318752014	0.668000635142	0.683160895024
AG7	0.694146904096	0.683190244826	0.708199734074	0.677400685778	0.720792989807	0.694463764508	0.712068771073	0.662138144645	0.652823210083	0.67383143482	0.706217591139	0.695072855248	0.6998706618	0.689894883942	0.683794146938	0.685502161831	0.671829242329	0.657945799599	0.757719188425	0.497787878916	0.642052611412	0.639876727818	0.653563925671	0.65616073136	0.695083625525	0.650519079868	0.6493845978	0.651527554334	0.0	0.460266882055	0.686005738967	0.661939984379	0.683631169938	0.709958123255	0.697726762561	0.695437320334	0.673016519249	0.680296072345	0.691138958712	0.693466404658	0.68805796384	0.6784773054	0.679995995818	0.666462294203	0.710430027598	0.684207654264	0.73269916937	0.723088562216	0.678973231356	0.702089364792	0.68726395838	0.727673121701	0.667512718868	0.703996386559	0.684610341033	0.68884824446	0.706173366789	0.73235971057	0.708027925618	0.708798876031	0.671855005463	0.710486443682
AG8	0.672755228999	0.667939648439	0.699064506973	0.680966474146	0.706445377841	0.680323420825	0.688769026676	0.648368413474	0.680250896359	0.663221347592	0.688366072471	0.685044777784	0.694226308436	0.689927963908	0.703302219936	0.676992661148	0.674358881208	0.66715868421	0.634575888827	0.375897470733	0.627143915189	0.634338040445	0.67026494034	0.663818192375	0.697444349816	0.663196532718	0.677091656794	0.639036288681	0.460266882055	0.0	0.696812723253	0.642815914084	0.688927235748	0.680353135419	0.685823769797	0.686341420769	0.656716158174	0.655853887556	0.683483566004	0.668969334897	0.681970581942	0.664696230086	0.658261504401	0.649331884218	0.702678794133	0.671478357242	0.727695638432	0.706702891611	0.67578935438	0.702732740062	0.693712308478	0.706208326442	0.657665771234	0.68704744566	0.675555599881	0.680318424406	0.687806098342	0.720252623075	0.696290965395	0.700491560081	0.670271828823	0.689054711996
AH7	0.739275951362	0.739119748684	0.754752606594	0.737006624679	0.772509846813	0.74628090249	0.73341345095	0.706866019587	0.735604846645	0.743964426888	0.723101114568	0.750109854722	0.73138703243	0.750218165927	0.748145313346	0.737191216505	0.71312514137	0.549867488189	0.765545362364	0.692033224929	0.6641968956	0.70526242105	0.698201901865	0.706158236156	0.733247008751	0.714595579039	0.713719402268	0.705906211679	0.686005738967	0.696812723253	0.0	0.52017761443	0.711722749869	0.768731653576	0.763082239924	0.764153199864	0.740958129642	0.758041624123	0.755287178947	0.754258630105	0.758651555274	0.711464782349	0.749873304857	0.736976463098	0.768362072229	0.763350777392	0.763835916431	0.757678788153	0.742665406822	0.761445525423	0.780427853469	0.787790755511	0.737214575955	0.734701602646	0.735044296586	0.733559103659	0.77600621932	0.807451090372	0.773729186738	0.768014737455	0.753775126421	0.733651922722
AH8	0.689602887234	0.682788368482	0.749438149338	0.697845281913	0.716872986198	0.693678469046	0.692732856904	0.673293926932	0.700645303326	0.685697651005	0.684238865758	0.687845351377	0.699715836988	0.710933156938	0.72112600124	0.682933205754	0.542636484198	0.386884291688	0.76801746361	0.655965282799	0.650781342261	0.649687120704	0.665652200862	0.679690781742	0.704188494077	0.680350191483	0.680978777318	0.634833232173	0.661939984379	0.642815914084	0.52017761443	0.0	0.700668043256	0.718178483202	0.717507842264	0.709271249769	0.69250981985	0.692017356554	0.704392378357	0.70244011332	0.706245711626	0.674336356174	0.700882667233	0.693392867525	0.722734932455	0.707295456111	0.721693705978	0.719764313584	0.702146347869	0.72207355142	0.717457940001	0.735317972746	0.691822881633	0.677793313867	0.691006138907	0.691116743109	0.726252620757	0.739187782962	0.739499421973	0.718132758816	0.699228367639	0.716887929166
AA5	0.653401367422	0.670085338789	0.694606396648	0.70822367272	0.666868054283	0.682757451501	0.722662936527	0.708308134667	0.628886095794	0.712362090276	0.652092614196	0.685865711876	0.699236486018	0.710211860347	0.686972325816	0.675388147381	0.664469214386	0.696985194309	0.771020185208	0.6954042629	0.729353669269	0.710130814452	0.653794724127	0.687181663398	0.738741352136	0.698024457289	0.684265068354	0.71739099202	0.683631169938	0.688927235748	0.711722749869	0.700668043256	0.0	0.623651380289	0.694593257534	0.696755214227	0.644411211696	0.662996559835	0.691879950103	0.692032158738	0.69856145168	0.648063850199	0.661951883837	0.663515116579	0.716461047127	0.652864709545	0.69492896529	0.706986597564	0.696422541893	0.710971881995	0.69219480879	0.711948635087	0.67697620719	0.703032594712	0.660708488823	0.715982546903	0.676779827473	0.71819698707	0.679582074831	0.717721037378	0.654488870023	0.702132856434
AA6	0.69422610437	0.675255159725	0.774590864801	0.712896673874	0.71580637723	0.692900008647	0.672256334546	0.656762015313	0.703810781239	0.673459855865	0.697342192763	0.676250523409	0.704200278846	0.71740407454	0.725901361034	0.687507661735	0.725902653355	0.723807036255	0.800617741579	0.692688022299	0.699001728608	0.667223064642	0.69858195261	0.682454803455	0.758317528453	0.693819062866	0.709054269293	0.665164985889	0.709958123255	0.680353135419	0.768731653576	0.718178483202	0.623651380289	0.0	0.703614023428	0.688795166824	0.666070735255	0.644598157541	0.67994554915	0.672487559197	0.664907454342	0.687634421004	0.66481928714	0.669236718115	0.448382181805	0.429233657522	0.699831394228	0.689736157487	0.662061154075	0.680431243639	0.67540256901	0.669021466583	0.673425986775	0.687341176176	0.685073010106	0.685227667795	0.669953496424	0.684898521506	0.687299438894	0.683869343367	0.659079743754	0.683155314408
AB5	0.662799233636	0.664808470283	0.691298494212	0.683992167283	0.687447167427	0.668572198151	0.688512001782	0.672777356483	0.684460943559	0.676137841477	0.6771765512	0.682544466528	0.684020724832	0.669453464035	0.710940236235	0.672586293738	0.702208830954	0.723052724946	0.781813608606	0.681554699963	0.720698812578	0.707659743541	0.717219630861	0.716206153184	0.73729617443	0.719113550416	0.686853437905	0.693535844315	0.697726762561	0.685823769797	0.763082239924	0.717507842264	0.694593257534	0.703614023428	0.0	0.445154168914	0.653746768295	0.67464931248	0.660895089895	0.630699284428	0.649623858941	0.674692101168	0.658055080208	0.639579769788	0.708464544942	0.696387572697	0.673828593928	0.695671455604	0.664841611603	0.69548002331	0.681949868596	0.677304792694	0.654213201288	0.686172010337	0.690054936347	0.671124493114	0.694325061284	0.679462274002	0.698296721219	0.692981128243	0.649783331763	0.692216301547
AB6	0.696370291352	0.662939537243	0.740706494669	0.683065029023	0.683773944143	0.661329895351	0.674919159197	0.658777524868	0.700061522221	0.651417005717	0.683109790135	0.664403085895	0.696501714017	0.702946230598	0.692094776696	0.670398517861	0.718304879304	0.713994680944	0.793840148174	0.681042842349	0.745552632087	0.709930396865	0.71217714259	0.714636184318	0.745793953122	0.716289751714	0.693463736069	0.700205546965	0.695437320334	0.686341420769	0.764153199864	0.709271249769	0.696755214227	0.688795166824	0.445154168914	0.0	0.658340059383	0.66562749801	0.650035832755	0.629748091368	0.626503425102	0.681703774801	0.659169388034	0.546555132244	0.688089833681	0.656029896624	0.698299716037	0.675969716369	0.678704547437	0.686810320339	0.681171206912	0.686301859476	0.677629166781	0.684203651394	0.684428325317	0.669247207605	0.685038800466	0.696877447199	0.68635685545	0.682414206314	0.670558953311	0.685909096174
AC5	0.644170123323	0.646299045549	0.699396951286	0.671015199201	0.681050375638	0.663905857082	0.689962309364	0.675037603584	0.653970433457	0.686799998865	0.663727309549	0.68023328875	0.674133747387	0.683739446208	0.688042129441	0.656368793236	0.676872902577	0.695997860043	0.768791459637	0.668075477007	0.711524319124	0.692907177208	0.686362395109	0.69542644674	0.735649030248	0.704531801133	0.673643141869	0.69639003188	0.673016519249	0.656716158174	0.740958129642	0.69250981985	0.644411211696	0.666070735255	0.653746768295	0.658340059383	0.0	0.498480928297	0.657078452897	0.649604133077	0.659788079061	0.657992479769	0.592236566714	0.63788596204	0.675136338114	0.662337390257	0.664773706694	0.692399366557	0.630251966488	0.672714700558	0.665017370065	0.666444671897	0.641633241707	0.663015157765	0.635175872675	0.665745085068	0.646563998316	0.678244913867	0.648226173869	0.686038168394	0.632395978558	0.687737408008
AC6	0.663150652519	0.636495784112	0.730144013321	0.659089185597	0.686333020316	0.664525727662	0.66635916016	0.648134780722	0.685703681124	0.666220842658	0.670447670461	0.648974894876	0.660775844316	0.667738284026	0.689121344037	0.638918197093	0.699351961652	0.693002279701	0.768552665411	0.662226522052	0.715687483918	0.68235733323	0.676417407539	0.683802098765	0.747600489312	0.69701124987	0.674980783706	0.676182909256	0.680296072345	0.655853887556	0.758041624123	0.692017356554	0.662996559835	0.644598157541	0.67464931248	0.66562749801	0.498480928297	0.0	0.643921575832	0.646572697423	0.648534547049	0.546535654657	0.470802665022	0.604617505129	0.662410672472	0.635092117625	0.670670134915	0.676123771502	0.623097283851	0.652658087434	0.6625357846	0.663714146231	0.659848658595	0.654790797468	0.658724811389	0.675479193681	0.620430269812	0.678277226857	0.648876850881	0.644928366774	0.643743797451	0.669075669603
AD6	0.665392180995	0.622870321186	0.757644840714	0.689450241948	0.680103118076	0.64910737471	0.633302615956	0.632769694154	0.672372298138	0.616337573282	0.668248657148	0.667406056104	0.69418784996	0.684128182018	0.670604812067	0.644430690712	0.700084792053	0.698879196738	0.78997676477	0.685382528536	0.71561641485	0.676620475384	0.684477542569	0.701542767294	0.755302331821	0.702950836209	0.661200705266	0.679099347033	0.691138958712	0.683483566004	0.755287178947	0.704392378357	0.691879950103	0.67994554915	0.660895089895	0.650035832755	0.657078452897	0.643921575832	0.0	0.517515486887	0.450085666081	0.648111298352	0.648066271067	0.645020444906	0.67540760828	0.677154344859	0.672995711784	0.653066951959	0.647007664048	0.641801853509	0.673622568777	0.681287036327	0.640313231767	0.641159785236	0.661223261996	0.651758691959	0.661730251655	0.682050589058	0.643362065756	0.654203161042	0.625573586845	0.639571857121
AE5	0.671519606631	0.641847745801	0.732542143538	0.681862264648	0.666214737793	0.636376294145	0.646398324285	0.631422703558	0.6691143175	0.631733040466	0.674442770565	0.657595588439	0.68491798838	0.681407184059	0.692572438854	0.68235638939	0.726596758841	0.703684934758	0.787632473697	0.67456095311	0.719483641277	0.703384704136	0.706584449619	0.70528495691	0.751745796432	0.716769642147	0.701798405062	0.695101785217	0.693466404658	0.668969334897	0.754258630105	0.70244011332	0.692032158738	0.672487559197	0.630699284428	0.629748091368	0.649604133077	0.646572697423	0.517515486887	0.0	0.373585394485	0.671365761289	0.666925772021	0.641013944317	0.667471284854	0.674123003808	0.680783119844	0.665343839208	0.63591649615	0.638940481324	0.667494315703	0.677294127857	0.63608235996	0.642692601921	0.652405463256	0.65131244824	0.656874237838	0.675473758996	0.653563408793	0.641064763716	0.634052768001	0.669939396959
AE6	0.685385306143	0.632457131253	0.756478690496	0.692677334114	0.678936178418	0.643600123689	0.635055782365	0.616786706978	0.671463772034	0.615957861122	0.691106581398	0.653290215002	0.698134784889	0.691264037257	0.678218254924	0.649213782033	0.732236107061	0.694213368227	0.808608237649	0.685700501894	0.731403361779	0.682786380387	0.693441153297	0.696543048173	0.764073275592	0.701958191884	0.680097644617	0.682588114918	0.68805796384	0.681970581942	0.758651555274	0.706245711626	0.69856145168	0.664907454342	0.649623858941	0.626503425102	0.659788079061	0.648534547049	0.450085666081	0.373585394485	0.0	0.667395438555	0.658733820723	0.638497708804	0.65705993539	0.662498653897	0.686079562913	0.645753587073	0.638577101378	0.613067025781	0.656566372048	0.674938294401	0.639517563502	0.64203463056	0.66132692964	0.644619518459	0.664883499274	0.680581576345	0.645778640009	0.621085268713	0.638114193132	0.644033101851
AF5	0.672326436484	0.650782489438	0.705858496908	0.651082155994	0.681578355306	0.664567272169	0.687508680762	0.669387645269	0.640578809718	0.676380422859	0.682045666058	0.669074266748	0.65481598265	0.663100684101	0.657415778871	0.650731198654	0.684406651402	0.676561562883	0.736956155742	0.659946202327	0.702942604948	0.676486770065	0.656236486101	0.688558043504	0.731580425921	0.689344898251	0.662875618814	0.689354452229	0.6784773054	0.664696230086	0.711464782349	0.674336356174	0.648063850199	0.687634421004	0.674692101168	0.681703774801	0.657992479769	0.546535654657	0.648111298352	0.671365761289	0.667395438555	0.0	0.455148846053	0.625928945431	0.702976324407	0.681140671727	0.699925311252	0.700831673083	0.654187822281	0.669485485275	0.697453972437	0.713462333753	0.683235110854	0.686836420566	0.681073343407	0.683237736284	0.657664067756	0.72237842678	0.676423495875	0.652426474205	0.658014307287	0.697844471285
AF6	0.667865394538	0.64897875595	0.712562844662	0.65945264042	0.674079667924	0.655749042377	0.680187371657	0.652443504957	0.675874708863	0.675291315271	0.674217555193	0.662435869552	0.658541581824	0.660299056363	0.678320287844	0.653856363991	0.698967756742	0.701529044199	0.747994483224	0.654955427815	0.714997523522	0.679416861508	0.673632525111	0.678089297229	0.733392210146	0.679367923209	0.665240922098	0.689580152162	0.679995995818	0.658261504401	0.749873304857	0.700882667233	0.661951883837	0.66481928714	0.658055080208	0.659169388034	0.592236566714	0.470802665022	0.648066271067	0.666925772021	0.658733820723	0.455148846053	0.0	0.616932943792	0.687246050266	0.659616046615	0.680732135747	0.673552019655	0.640923914779	0.641747973524	0.689083449558	0.68935683803	0.677956703939	0.666654573798	0.667820936325	0.680534091585	0.652244146492	0.688626402328	0.650374007365	0.641886959119	0.651488144606	0.675299894118
