	AA3	AA4	AB3	AB4	AC3	AC4	AD3	AD4	AE3	AE4	AF3	AF4	AG3	AG4	AH3	AH4	AA7	AA8	AB7	AB8	AC7	AC8	AD7	AD8	AE7	AE8	AF7	AF8	AG7	AG8	AH7	AH8	AA5	AA6	AB5	AB6	AC5	AC6	AD6	AE5	AE6	AF5	AF6	AG5	AH5	AH6	AA1	AA2	AB1	AB2	AC1	AC2	AD1	AD2	AE1	AE2	AF1	AF2	AG1	AG2	AH1	AH2
AA3	0.0	0.489070987074	0.683897665828	0.641700350438	0.675497049817	0.663347082214	0.703866928731	0.698638279746	0.667261643539	0.696416902462	0.651004331247	0.674989990104	0.647429850768	0.615356609003	0.686133714303	0.476074461843	0.692389766612	0.683426786958	0.764023111654	0.670043317506	0.700044707687	0.683700453607	0.675161919098	0.701386509124	0.731356205157	0.688521158935	0.66770816439	0.679047495869	0.680646560859	0.675213649112	0.735361219987	0.68266334492	0.654094726495	0.691337788263	0.678258189689	0.69867082566	0.642772067648	0.653428917107	0.67708552501	0.677156670526	0.681912475341	0.685826599678	0.663980321968	0.664988561234	0.699888105891	0.691107128952	0.675834460906	0.69845142474	0.656394599815	0.70226371937	0.678522630948	0.692160347562	0.639591731052	0.66841193756	0.691184936144	0.662801200788	0.666146456454	0.672466821677	0.657253966839	0.691680659448	0.657886289783	0.68200816001
AA4	0.489070987074	0.0	0.693166711921	0.615144663439	0.667302045951	0.645170296791	0.672979135608	0.673175371138	0.68006979084	0.650637760396	0.662200589451	0.648752264669	0.662757589244	0.608463597356	0.519280572726	0.357478941424	0.693583837087	0.698848725618	0.770263668603	0.67071717555	0.708708017547	0.671290298567	0.693745549337	0.688878714397	0.725187780037	0.679077772357	0.670921594388	0.669228415349	0.689023691138	0.676468600108	0.749578353988	0.686836207067	0.668050751061	0.683330211878	0.663231222583	0.668406817253	0.655036199958	0.621463026688	0.63737459808	0.650785404188	0.651083321789	0.652364957824	0.636180761083	0.645933854714	0.706743403151	0.674370032414	0.665536673292	0.666648788433	0.64676518905	0.655866095645	0.670648038903	0.67787727802	0.654339336784	0.650446943491	0.666158795848	0.663608001429	0.653962471733	0.655662351493	0.652062839594	0.641486574832	0.649553878365	0.646438059284
AB3	0.683897665828	0.693166711921	0.0	0.674461827991	0.703951614753	0.736225752582	0.752867042291	0.768397845067	0.725597224842	0.757985712199	0.70299596338	0.750266132873	0.731935870573	0.605183453316	0.689328412623	0.687843678784	0.727124286786	0.744060830811	0.722649366334	0.69702394289	0.740677840246	0.75272234648	0.733298083055	0.755505198524	0.721535763272	0.739173875338	0.732349488949	0.751257198187	0.708477534828	0.721398590128	0.77276856813	0.759964929247	0.712981728048	0.786246118476	0.694211656816	0.72529569942	0.704553306179	0.739509302161	0.775045568792	0.757819141814	0.771747811299	0.723858644308	0.715298462711	0.739313571214	0.803255263719	0.784781899284	0.760423137634	0.782997119559	0.737761855332	0.789173878663	0.743717527947	0.783560336317	0.743036826572	0.769850408376	0.756568083554	0.757447229876	0.764783598053	0.757845242697	0.765424593513	0.783586224605	0.733821294125	0.763520132947
AB4	0.641700350438	0.615144663439	0.674461827991	0.0	0.662413276528	0.673577855975	0.676617913697	0.685431215914	0.686953891584	0.692596523023	0.659928451219	0.660599999978	0.459903807007	0.430318149073	0.631126312664	0.621059275696	0.686541343605	0.678664328875	0.749525676285	0.67064036704	0.694318027957	0.668660742061	0.688591854091	0.706226980676	0.731641903084	0.69032834102	0.662670206935	0.673848543197	0.673843353208	0.6768869501	0.733059980011	0.686262264715	0.694958369285	0.706033608496	0.675871360841	0.697536141691	0.672432374103	0.642556867342	0.671621477577	0.680934433077	0.678824156278	0.647155491441	0.672140052132	0.688514391219	0.722604050052	0.704299925823	0.69629448906	0.678042720378	0.652418277266	0.694296351263	0.690293356251	0.708839457459	0.675571247999	0.682437650585	0.698073978039	0.680779434831	0.694637593459	0.693937716954	0.689525269865	0.68786771415	0.677917105793	0.672888066801
AC3	0.675497049817	0.667302045951	0.703951614753	0.662413276528	0.0	0.515780081453	0.679859616865	0.669465423432	0.662217216337	0.663771143968	0.674386108102	0.477952311743	0.690559923976	0.679517652523	0.683422891621	0.67024531259	0.683828846736	0.699164113247	0.759480474127	0.6747028004	0.717601731612	0.694414763291	0.720877704384	0.712305131801	0.719226310867	0.70650279921	0.707118114753	0.69917874649	0.696694501436	0.68088556075	0.762357196118	0.699371888577	0.661555973397	0.698094181615	0.674951226442	0.669386617776	0.676292216728	0.66862363641	0.684548852266	0.655329966439	0.653226077441	0.65294975286	0.651985025577	0.666933682342	0.72185668089	0.692565163036	0.697305515888	0.70826396053	0.683452287146	0.686101652056	0.661271939379	0.691426298306	0.678728263869	0.689682176734	0.674092180421	0.682317381764	0.691513286515	0.673554595102	0.687496683811	0.677723231362	0.683033942802	0.697369341632
AC4	0.663347082214	0.645170296791	0.736225752582	0.673577855975	0.515780081453	0.0	0.681780430521	0.667490500927	0.662677184873	0.670457080742	0.494376896055	0.382661715052	0.687019956066	0.682453046802	0.677678372146	0.65530411582	0.690244726149	0.69350006271	0.759011636685	0.672107230762	0.719992355518	0.691929362315	0.714744801795	0.711450929074	0.753611323791	0.69908457486	0.706685657124	0.704064169874	0.71407528512	0.678071477715	0.748600186178	0.691503463021	0.666840779541	0.673475917316	0.66823400992	0.653148426784	0.653957023126	0.649679512498	0.658904707421	0.644920182354	0.656813058737	0.66908894129	0.65311935623	0.64309209788	0.693912157161	0.661492593374	0.714724567562	0.688051607939	0.700354022492	0.681113569493	0.687957769132	0.673063617321	0.693429217858	0.70020305686	0.706649482399	0.687533702361	0.679440177716	0.669764832929	0.684453903623	0.686992986629	0.663739282493	0.678184450841
AD3	0.703866928731	0.672979135608	0.752867042291	0.676617913697	0.679859616865	0.681780430521	0.0	0.429312659248	0.685356129589	0.388630013914	0.709479636666	0.649048763698	0.702608515076	0.680149849218	0.695640400671	0.678433205029	0.708941454059	0.688122165079	0.774987491982	0.67723864376	0.715675827245	0.698451329759	0.715662241618	0.701806412056	0.72736552351	0.695689155622	0.697323855474	0.69042614553	0.709168864696	0.679862455871	0.725075272147	0.689187189865	0.709060263154	0.672069864012	0.672868308239	0.687278436562	0.688603662989	0.674190049254	0.621291248518	0.646147247486	0.6447005514	0.693990746702	0.673711599348	0.680838367164	0.695204230099	0.683759520388	0.701413428769	0.672496640151	0.688921926587	0.672694225391	0.703168965801	0.687582828262	0.691705486405	0.685936009892	0.695836835312	0.683480996712	0.687668944824	0.698897308649	0.700414089043	0.664744304367	0.710746868269	0.664182449618
AD4	0.698638279746	0.673175371138	0.768397845067	0.685431215914	0.669465423432	0.667490500927	0.429312659248	0.0	0.604139179779	0.419280249031	0.679390285991	0.623748773795	0.693193721583	0.687542902502	0.681647251356	0.667325157189	0.691196436455	0.680977483707	0.778104244659	0.673352813996	0.707417522719	0.68977147373	0.68613606171	0.667462487701	0.731750647259	0.68194172668	0.673514786058	0.677942352306	0.654500208149	0.640728337228	0.740506037742	0.674927729585	0.669228091143	0.636994550421	0.66053360779	0.662901528042	0.650957502997	0.647838535168	0.609820278644	0.634139804103	0.63420761425	0.678249963727	0.660480409738	0.651791090997	0.671025449799	0.65945393468	0.68654578674	0.660620903159	0.672522485359	0.676571588603	0.688094699403	0.675400066552	0.671378142402	0.666268527431	0.668495850743	0.652705014733	0.680972187804	0.690366049055	0.698721312785	0.668622458549	0.681435383269	0.661090328788
AE3	0.667261643539	0.68006979084	0.725597224842	0.686953891584	0.662217216337	0.662677184873	0.685356129589	0.604139179779	0.0	0.639090465426	0.653494276723	0.669973175971	0.674202636618	0.691522693314	0.66252590794	0.681828604083	0.655372023877	0.68046157717	0.77467601574	0.693761853673	0.73392527252	0.725905122083	0.662822102988	0.698167296833	0.74960719423	0.709856165548	0.685769841934	0.708316949336	0.648639230733	0.681715018439	0.734337472533	0.694677103443	0.64224929241	0.714556977707	0.693208953935	0.702921286934	0.658312238585	0.682112697496	0.652600262796	0.67492323878	0.688656257536	0.677273733704	0.687697958205	0.671319214539	0.737841641766	0.719110127407	0.7088652556	0.719139569229	0.701722805964	0.728942974528	0.706005606184	0.714854430196	0.693627222401	0.71045759481	0.675376482796	0.698749240338	0.711930997018	0.724245314801	0.710057854493	0.71682872429	0.670564102907	0.716276889697
AE4	0.696416902462	0.650637760396	0.757985712199	0.692596523023	0.663771143968	0.670457080742	0.388630013914	0.419280249031	0.639090465426	0.0	0.701960639245	0.655388912856	0.704136640961	0.684056845613	0.699118665987	0.674441702647	0.723554443287	0.696791275866	0.781739530817	0.666374962945	0.719193975121	0.697149518662	0.715867329942	0.688830455837	0.726271225733	0.685932848289	0.699147356605	0.693369819768	0.677830899415	0.652090947097	0.727091435053	0.696800577468	0.706607029892	0.662904145531	0.681116902929	0.654694964637	0.686255732374	0.661455419097	0.626599353376	0.639604222229	0.616742466671	0.660612400123	0.668846812866	0.66176427333	0.693867185878	0.672899173128	0.681536880247	0.666094466835	0.668563707333	0.664392680493	0.701239258063	0.679997512255	0.68352126156	0.67326093726	0.691590040433	0.67611093108	0.688352740911	0.697114002685	0.682742824846	0.653727059292	0.693751448712	0.656258774109
AF3	0.651004331247	0.662200589451	0.70299596338	0.659928451219	0.674386108102	0.494376896055	0.709479636666	0.679390285991	0.653494276723	0.701960639245	0.0	0.540102567909	0.675262529094	0.675060098791	0.655733528247	0.648364865198	0.66955187348	0.686841691724	0.754931509594	0.672953796629	0.683971982269	0.713016850495	0.684749198264	0.697695370943	0.756008237952	0.713269758672	0.693879275142	0.71961915533	0.688050101604	0.671587205896	0.709657237959	0.687957790991	0.627628395326	0.685489083226	0.670269334543	0.684483744591	0.651266935005	0.663070007705	0.670495092141	0.661558945192	0.691131753186	0.680335832028	0.662834264768	0.65854759874	0.698175262442	0.66920531425	0.713422155301	0.691941972384	0.690962785336	0.710394983626	0.707221057955	0.715458782044	0.697286652154	0.697497017794	0.707385324736	0.704947080632	0.679802474718	0.713944880235	0.689917596574	0.712236129922	0.655698594766	0.686370708531
AF4	0.674989990104	0.648752264669	0.750266132873	0.660599999978	0.477952311743	0.382661715052	0.649048763698	0.623748773795	0.669973175971	0.655388912856	0.540102567909	0.0	0.689953244808	0.680029421583	0.676986592269	0.647305226108	0.690806715824	0.677356070127	0.759038659636	0.664117961073	0.706523720042	0.677610386398	0.709680662372	0.69391307939	0.73251389956	0.693276135852	0.68037589942	0.69100510636	0.693088712833	0.667081178936	0.744462416324	0.676179087812	0.664778576169	0.647955980965	0.669328942184	0.675720964503	0.67323146726	0.640049233616	0.660370522481	0.642052820802	0.649501942964	0.672445931414	0.643170629712	0.646719170408	0.685755789283	0.661895714306	0.710337856087	0.682185003703	0.683629758066	0.679250941264	0.673087837172	0.684085260345	0.680523973181	0.687905852604	0.693881111955	0.666768595891	0.667452571358	0.677547236027	0.691557855497	0.665122668927	0.676402488553	0.677752262433
AG3	0.647429850768	0.662757589244	0.731935870573	0.459903807007	0.690559923976	0.687019956066	0.702608515076	0.693193721583	0.674202636618	0.704136640961	0.675262529094	0.689953244808	0.0	0.494095834444	0.685198692434	0.653023944823	0.682690338621	0.690321969628	0.775984981107	0.692454289953	0.686874028266	0.702457185106	0.68206327046	0.701736314519	0.727192451255	0.685290982605	0.68444402483	0.69967450803	0.695011103792	0.688917097251	0.732426079779	0.69012436982	0.681015447507	0.697516355362	0.690816187929	0.700162633062	0.689192744562	0.666178088372	0.692625417249	0.694195956097	0.695952440828	0.677052588437	0.679529212709	0.678478532072	0.724007179972	0.697326037439	0.698184843665	0.710710017437	0.642927759207	0.696374098863	0.71187101084	0.712282683809	0.69245486716	0.69204981065	0.690568271741	0.676918327654	0.705471260604	0.712823382883	0.691511063669	0.688397433119	0.678931531114	0.693191911004
AG4	0.615356609003	0.608463597356	0.605183453316	0.430318149073	0.679517652523	0.682453046802	0.680149849218	0.687542902502	0.691522693314	0.684056845613	0.675060098791	0.680029421583	0.494095834444	0.0	0.655267230258	0.625823553026	0.695815681089	0.702330096885	0.733116282757	0.651857510849	0.690337877108	0.671980694765	0.687685890315	0.697910305354	0.699819378221	0.674544008845	0.659385106864	0.66657431229	0.659811746294	0.662089254174	0.745716840524	0.700761310117	0.683183971642	0.710218981859	0.680702557587	0.702150201083	0.673377050086	0.653415832655	0.672857366058	0.675704811084	0.679243677695	0.655909043683	0.661243160654	0.685746490893	0.727942684078	0.714782132655	0.68968018128	0.686870366685	0.623031466607	0.681671880248	0.692612683568	0.706446243495	0.673165423534	0.698766302213	0.711226196989	0.693504119522	0.694599638741	0.696377058662	0.686557504659	0.685484976963	0.665000151136	0.679540152441
AH3	0.686133714303	0.519280572726	0.689328412623	0.631126312664	0.683422891621	0.677678372146	0.695640400671	0.681647251356	0.66252590794	0.699118665987	0.655733528247	0.676986592269	0.685198692434	0.655267230258	0.0	0.552209849567	0.666564984611	0.696628351667	0.770315739337	0.6920901637	0.7123408665	0.712307194375	0.680991729227	0.701484103921	0.728580805111	0.694040027784	0.691383295667	0.706220456487	0.679893772648	0.690668117536	0.748103967783	0.704377754889	0.65463009681	0.726547390495	0.67664040572	0.707233772122	0.670784069638	0.66209342472	0.656234042147	0.679627221249	0.695921370937	0.681350285186	0.677729337195	0.672516244824	0.72350287643	0.709431408151	0.709847091746	0.684608898207	0.699426486903	0.709416801366	0.70336992517	0.734078059797	0.707584285015	0.697334824916	0.692802516714	0.702643503215	0.710057726115	0.708960809175	0.708606657587	0.68999128015	0.698162653365	0.686612056316
AH4	0.476074461843	0.357478941424	0.687843678784	0.621059275696	0.67024531259	0.65530411582	0.678433205029	0.667325157189	0.681828604083	0.674441702647	0.648364865198	0.647305226108	0.653023944823	0.625823553026	0.552209849567	0.0	0.693462210419	0.692685877741	0.774591885742	0.673524318042	0.704557447357	0.67298964	0.675408318265	0.675558146416	0.732085559126	0.673286995021	0.674864348079	0.676928348676	0.68824347645	0.680787625732	0.730571965135	0.683648258312	0.661078026189	0.685426742792	0.668525510878	0.675581248776	0.650975217843	0.638669074904	0.634564541222	0.660838039833	0.660195352891	0.668609514465	0.650402436493	0.652206814508	0.698940235695	0.670854904712	0.664813130237	0.664670517058	0.646019510843	0.676256902121	0.668145122114	0.681527878123	0.646894374431	0.652740170189	0.673673853261	0.652852348618	0.657782422808	0.651142953214	0.657632179014	0.652240716217	0.651025021017	0.652089802935
AA7	0.692389766612	0.693583837087	0.727124286786	0.686541343605	0.683828846736	0.690244726149	0.708941454059	0.691196436455	0.655372023877	0.723554443287	0.66955187348	0.690806715824	0.682690338621	0.695815681089	0.666564984611	0.693462210419	0.0	0.505125298205	0.770148195623	0.678634921951	0.659660624619	0.685658998851	0.675627888817	0.691930858781	0.696767135112	0.698626682278	0.669829062798	0.689264747635	0.670366857539	0.669796277357	0.705687866062	0.560675170414	0.654106349946	0.732060462051	0.702565014509	0.727317429988	0.670052038966	0.68877540518	0.699221126068	0.739280526363	0.720020900623	0.696331353259	0.6958918635	0.706450140286	0.735265461647	0.732687072275	0.735458532417	0.725565509934	0.70509317514	0.756604825643	0.711092744922	0.743307204902	0.705522794801	0.715937495933	0.696270001784	0.71347267745	0.748245262598	0.725528647777	0.737933084441	0.73954992413	0.702912034469	0.718819060996
AA8	0.683426786958	0.698848725618	0.744060830811	0.678664328875	0.699164113247	0.69350006271	0.688122165079	0.680977483707	0.68046157717	0.696791275866	0.686841691724	0.677356070127	0.690321969628	0.702330096885	0.696628351667	0.692685877741	0.505125298205	0.0	0.768128095759	0.630274655201	0.651225935056	0.666044853627	0.674342526807	0.673429970503	0.691864910751	0.673777563812	0.678348164988	0.651093173369	0.643358815198	0.646162534281	0.558486456329	0.409625048665	0.667060453959	0.716093866602	0.709185123476	0.730969111677	0.690450906531	0.699250361435	0.704287221505	0.710921584329	0.69718240576	0.70397049008	0.701620238953	0.703808590162	0.722027399984	0.72158295481	0.717439503591	0.701970251006	0.696857437336	0.729081595833	0.715913595312	0.735248466257	0.697276575537	0.693283298662	0.702364508062	0.689662326621	0.736412125703	0.72937090901	0.739615140713	0.722384907713	0.705582255048	0.709278380619
AB7	0.764023111654	0.770263668603	0.722649366334	0.749525676285	0.759480474127	0.759011636685	0.774987491982	0.778104244659	0.77467601574	0.781739530817	0.754931509594	0.759038659636	0.775984981107	0.733116282757	0.770315739337	0.774591885742	0.770148195623	0.768128095759	0.0	0.575820429906	0.756721887512	0.763503368674	0.781859971027	0.797114960964	0.746207895861	0.776799975011	0.778046476905	0.775377811556	0.750152177513	0.632209219933	0.761136298142	0.774011334528	0.785206999325	0.795774678854	0.778097158839	0.793078470531	0.763345346973	0.755428887143	0.791282752222	0.790433507192	0.785238760582	0.736151818278	0.743456553242	0.770785420606	0.798302917272	0.798048023156	0.819924936144	0.794687034804	0.782960762322	0.798448074963	0.807959889329	0.809352411873	0.802192219104	0.803782629771	0.7909166728	0.79781459961	0.793800069445	0.807755130556	0.800609571962	0.797431396576	0.801935526401	0.791540765046
AB8	0.670043317506	0.67071717555	0.69702394289	0.67064036704	0.6747028004	0.672107230762	0.67723864376	0.673352813996	0.693761853673	0.666374962945	0.672953796629	0.664117961073	0.692454289953	0.651857510849	0.6920901637	0.673524318042	0.678634921951	0.630274655201	0.575820429906	0.0	0.641935721613	0.627568674916	0.682618831072	0.680097873438	0.694180846264	0.658462965129	0.671582474944	0.641909906734	0.528917855304	0.404926378909	0.687919500694	0.648091790515	0.685075744188	0.692804114622	0.689592940161	0.692720651238	0.665143464086	0.647245330495	0.693497213129	0.693507728479	0.67475441183	0.671042539719	0.665915594427	0.658632811033	0.691538101454	0.676020409234	0.71561363055	0.682507062025	0.662606456185	0.688198590882	0.694185646078	0.715032608714	0.681621755503	0.664810240826	0.681858772637	0.66511065215	0.692173037432	0.701401367424	0.69017011596	0.689348984887	0.676134292547	0.683389910151
AC7	0.700044707687	0.708708017547	0.740677840246	0.694318027957	0.717601731612	0.719992355518	0.715675827245	0.707417522719	0.73392527252	0.719193975121	0.683971982269	0.706523720042	0.686874028266	0.690337877108	0.7123408665	0.704557447357	0.659660624619	0.651225935056	0.756721887512	0.641935721613	0.0	0.505327064536	0.690942182896	0.694898150595	0.691948014078	0.681076528333	0.689938854231	0.589645775403	0.63318928675	0.633767297999	0.660643776448	0.64704002202	0.705983389563	0.693161782308	0.726220885251	0.746544844907	0.711464167011	0.707030002025	0.709585471849	0.732510174085	0.72160757862	0.715161413518	0.729006029174	0.702149488477	0.702301806377	0.692528383468	0.750766143873	0.741402954573	0.688070532945	0.747797493092	0.745273463134	0.749428807987	0.710886403454	0.692101204734	0.697845177353	0.702990457301	0.7454918335	0.736596320086	0.745694588682	0.724050730932	0.697834466503	0.738838067731
AC8	0.683700453607	0.671290298567	0.75272234648	0.668660742061	0.694414763291	0.691929362315	0.698451329759	0.68977147373	0.725905122083	0.697149518662	0.713016850495	0.677610386398	0.702457185106	0.671980694765	0.712307194375	0.67298964	0.685658998851	0.666044853627	0.763503368674	0.627568674916	0.505327064536	0.0	0.690148159807	0.675622443634	0.702591004811	0.655350725996	0.511202610603	0.408063926942	0.640365211562	0.633994180846	0.704564557361	0.640928039748	0.697480208396	0.668219205097	0.715101183016	0.715948255883	0.698674642858	0.677977167177	0.681725978774	0.708683443125	0.679771113269	0.692701175819	0.701918863131	0.690099376517	0.677240693186	0.662382050465	0.716801218314	0.693515740132	0.665376046168	0.701826109731	0.698915870121	0.707599710579	0.665447343934	0.661472799729	0.672342741052	0.648044178804	0.711102560501	0.685766483556	0.708043984637	0.691442653766	0.680514062657	0.686016117271
AD7	0.675161919098	0.693745549337	0.733298083055	0.688591854091	0.720877704384	0.714744801795	0.715662241618	0.68613606171	0.662822102988	0.715867329942	0.684749198264	0.709680662372	0.68206327046	0.687685890315	0.680991729227	0.675408318265	0.675627888817	0.674342526807	0.781859971027	0.682618831072	0.690942182896	0.690148159807	0.0	0.473373337386	0.707120261152	0.506564342712	0.66903636652	0.68335308307	0.648673488316	0.667428154695	0.701875109661	0.659877108595	0.666140169971	0.708209067488	0.719334303045	0.729464578054	0.686817001735	0.686787917382	0.69508784402	0.710209729804	0.710374483447	0.690992412848	0.682370874556	0.69335875065	0.708163552532	0.696798159547	0.719679307167	0.701926900771	0.681958205361	0.716836465229	0.704581095536	0.730845849799	0.701527741325	0.680322246313	0.668722573072	0.686593945748	0.702414686712	0.708461714628	0.703960937505	0.702233907209	0.668201795146	0.690911932706
AD8	0.701386509124	0.688878714397	0.755505198524	0.706226980676	0.712305131801	0.711450929074	0.701806412056	0.667462487701	0.698167296833	0.688830455837	0.697695370943	0.69391307939	0.701736314519	0.697910305354	0.701484103921	0.675558146416	0.691930858781	0.673429970503	0.797114960964	0.680097873438	0.694898150595	0.675622443634	0.473373337386	0.0	0.601136484392	0.41732197707	0.653749176407	0.657100119735	0.665829076573	0.666765397844	0.713055818599	0.664109521695	0.680359517972	0.696202585459	0.722799851636	0.728953791787	0.70017878082	0.685307314317	0.704152237869	0.710284901972	0.702403069047	0.686542298045	0.677536998694	0.69043255244	0.706479728745	0.689478688547	0.714128893105	0.710256490722	0.688764109577	0.716544862364	0.698301046637	0.721547085234	0.686313044424	0.664813151346	0.666368727052	0.672326082544	0.707416168494	0.704731512083	0.716336268917	0.699252313984	0.691424307506	0.700745986669
AE7	0.731356205157	0.725187780037	0.721535763272	0.731641903084	0.719226310867	0.753611323791	0.72736552351	0.731750647259	0.74960719423	0.726271225733	0.756008237952	0.73251389956	0.727192451255	0.699819378221	0.728580805111	0.732085559126	0.696767135112	0.691864910751	0.746207895861	0.694180846264	0.691948014078	0.702591004811	0.707120261152	0.601136484392	0.0	0.501053769293	0.715143741016	0.701939863764	0.678879675337	0.690130595025	0.732455195247	0.706429330955	0.734127237723	0.753257909897	0.747517544519	0.757064552647	0.727197992018	0.745502562115	0.758068971958	0.7649910309	0.751196466718	0.742256082149	0.730791859244	0.731669809299	0.75693461368	0.753156870487	0.76864181275	0.771771353056	0.714644977368	0.768102651111	0.757772111934	0.793893847181	0.751818050611	0.748803804088	0.740134670899	0.737875959651	0.780682026925	0.759369684305	0.783756248773	0.758226153896	0.756509567868	0.773880804429
AE8	0.688521158935	0.679077772357	0.739173875338	0.69032834102	0.70650279921	0.69908457486	0.695689155622	0.68194172668	0.709856165548	0.685932848289	0.713269758672	0.693276135852	0.685290982605	0.674544008845	0.694040027784	0.673286995021	0.698626682278	0.673777563812	0.776799975011	0.658462965129	0.681076528333	0.655350725996	0.506564342712	0.41732197707	0.501053769293	0.0	0.662793407749	0.65103454954	0.63337734549	0.649387982454	0.719444052203	0.671782102779	0.687633355562	0.693458439358	0.719010276915	0.714715082027	0.708340199116	0.693428056108	0.705507364583	0.725534950906	0.697952573094	0.696096844245	0.686413574286	0.6759422872	0.710197841377	0.697421411919	0.721757272881	0.704577697705	0.681261433666	0.719788232407	0.708898862053	0.730610739805	0.686407349283	0.680950342332	0.685824000626	0.670109714672	0.725968203033	0.710824497133	0.729444258565	0.707425137026	0.674464132942	0.702063328231
AF7	0.66770816439	0.670921594388	0.732349488949	0.662670206935	0.707118114753	0.706685657124	0.697323855474	0.673514786058	0.685769841934	0.699147356605	0.693879275142	0.68037589942	0.68444402483	0.659385106864	0.691383295667	0.674864348079	0.669829062798	0.678348164988	0.778046476905	0.671582474944	0.689938854231	0.511202610603	0.66903636652	0.653749176407	0.715143741016	0.662793407749	0.0	0.442731104313	0.643346317973	0.667370311278	0.725139569652	0.658919972422	0.663469946384	0.699878112734	0.682664225302	0.713117148038	0.685844531916	0.665445793665	0.678763833497	0.702200960057	0.680857716074	0.694071030507	0.66401726808	0.662957613489	0.710364215832	0.711790692426	0.704484937664	0.692332366764	0.673707731562	0.715114996477	0.679290859969	0.722839635493	0.67116849993	0.678049262096	0.672457145068	0.66046125524	0.66959275906	0.706255006648	0.681976578779	0.702069351283	0.667953725564	0.680149891733
AF8	0.679047495869	0.669228415349	0.751257198187	0.673848543197	0.69917874649	0.704064169874	0.69042614553	0.677942352306	0.708316949336	0.693369819768	0.71961915533	0.69100510636	0.69967450803	0.66657431229	0.706220456487	0.676928348676	0.689264747635	0.651093173369	0.775377811556	0.641909906734	0.589645775403	0.408063926942	0.68335308307	0.657100119735	0.701939863764	0.65103454954	0.442731104313	0.0	0.629216831362	0.637792294689	0.695250788366	0.631549321617	0.694349817034	0.689666683531	0.70414689821	0.720837560231	0.696919715684	0.671034400578	0.679747409087	0.700905188785	0.669585545124	0.685937930977	0.68764062257	0.667047029389	0.700785144076	0.690513622247	0.707644964809	0.691311586948	0.668809200353	0.689700957325	0.679700615868	0.711463937361	0.657552339304	0.650401347916	0.670162545328	0.648201113022	0.687987616137	0.696722054487	0.685450561555	0.682247144407	0.673469769369	0.68871837371
AG7	0.680646560859	0.689023691138	0.708477534828	0.673843353208	0.696694501436	0.71407528512	0.709168864696	0.654500208149	0.648639230733	0.677830899415	0.688050101604	0.693088712833	0.695011103792	0.659811746294	0.679893772648	0.68824347645	0.670366857539	0.643358815198	0.750152177513	0.528917855304	0.63318928675	0.640365211562	0.648673488316	0.665829076573	0.678879675337	0.63337734549	0.643346317973	0.629216831362	0.0	0.452699078649	0.681044352873	0.657347549352	0.671358956046	0.705119437091	0.696170078704	0.697208483458	0.658439144292	0.673468608899	0.678908244272	0.705216504908	0.694214038774	0.695732583896	0.694128150228	0.660478448883	0.701525723865	0.692346019584	0.733182518548	0.710486448369	0.676427473342	0.720848453501	0.692003889292	0.751250647148	0.680640971278	0.689253830207	0.6970887941	0.683588923397	0.709964285436	0.71860461284	0.708579760936	0.715574242993	0.671863722573	0.719224570178
AG8	0.675213649112	0.676468600108	0.721398590128	0.6768869501	0.68088556075	0.678071477715	0.679862455871	0.640728337228	0.681715018439	0.652090947097	0.671587205896	0.667081178936	0.688917097251	0.662089254174	0.690668117536	0.680787625732	0.669796277357	0.646162534281	0.632209219933	0.404926378909	0.633767297999	0.633994180846	0.667428154695	0.666765397844	0.690130595025	0.649387982454	0.667370311278	0.637792294689	0.452699078649	0.0	0.688426378708	0.650989417318	0.669181484249	0.682669837104	0.690669804373	0.689798982325	0.649419425302	0.638443993083	0.670187876166	0.682628272288	0.658675723	0.672546134054	0.667667377096	0.64092102949	0.683457746928	0.665766793775	0.72295848266	0.685395758922	0.67578664472	0.695628639392	0.701855144344	0.725161098868	0.672364555475	0.666692734792	0.67800952777	0.659270472095	0.681165670947	0.705221499367	0.690963494746	0.692236187431	0.670647184531	0.688543809934
AH7	0.735361219987	0.749578353988	0.77276856813	0.733059980011	0.762357196118	0.748600186178	0.725075272147	0.740506037742	0.734337472533	0.727091435053	0.709657237959	0.744462416324	0.732426079779	0.745716840524	0.748103967783	0.730571965135	0.705687866062	0.558486456329	0.761136298142	0.687919500694	0.660643776448	0.704564557361	0.701875109661	0.713055818599	0.732455195247	0.719444052203	0.725139569652	0.695250788366	0.681044352873	0.688426378708	0.0	0.526650639046	0.711043569371	0.765460128245	0.770310220336	0.784220073955	0.745520351064	0.739568893075	0.756706432946	0.748777836563	0.750548922393	0.734673883856	0.757570019743	0.739019319356	0.77577622886	0.76325314037	0.773029422099	0.745906191354	0.744978988771	0.773169243417	0.76602901822	0.79059924557	0.7508145777	0.733578876321	0.738157764782	0.73951344932	0.776213325212	0.787752122843	0.782825902127	0.759349921674	0.755328721964	0.746500365095
AH8	0.68266334492	0.686836207067	0.759964929247	0.686262264715	0.699371888577	0.691503463021	0.689187189865	0.674927729585	0.694677103443	0.696800577468	0.687957790991	0.676179087812	0.69012436982	0.700761310117	0.704377754889	0.683648258312	0.560675170414	0.409625048665	0.774011334528	0.648091790515	0.64704002202	0.640928039748	0.659877108595	0.664109521695	0.706429330955	0.671782102779	0.658919972422	0.631549321617	0.657347549352	0.650989417318	0.526650639046	0.0	0.663555699484	0.688719978127	0.706951930053	0.730694614718	0.687947586471	0.666506858257	0.702308422868	0.701064041827	0.696115039159	0.690365761927	0.691238250429	0.696131105371	0.712771198981	0.699501109454	0.714720287727	0.702597241072	0.700743953364	0.725010710468	0.710549810448	0.73056269238	0.697768816962	0.68223660883	0.686714893418	0.683295114699	0.709525675346	0.724230491803	0.724519103264	0.711887509651	0.702945108292	0.699842045301
AA5	0.654094726495	0.668050751061	0.712981728048	0.694958369285	0.661555973397	0.666840779541	0.709060263154	0.669228091143	0.64224929241	0.706607029892	0.627628395326	0.664778576169	0.681015447507	0.683183971642	0.65463009681	0.661078026189	0.654106349946	0.667060453959	0.785206999325	0.685075744188	0.705983389563	0.697480208396	0.666140169971	0.680359517972	0.734127237723	0.687633355562	0.663469946384	0.694349817034	0.671358956046	0.669181484249	0.711043569371	0.663555699484	0.0	0.597765463919	0.666491163039	0.687615721655	0.649491850106	0.626126820574	0.680669899291	0.674977928774	0.679395921395	0.637584095088	0.613675303517	0.652185137866	0.714654208901	0.666824427807	0.689234214254	0.683266479298	0.693438493293	0.705660715598	0.694111394009	0.715040582331	0.658417049473	0.689773126231	0.668631900752	0.684469262905	0.655899552932	0.693837640755	0.682060388689	0.673929668653	0.643419487043	0.68625297332
AA6	0.691337788263	0.683330211878	0.786246118476	0.706033608496	0.698094181615	0.673475917316	0.672069864012	0.636994550421	0.714556977707	0.662904145531	0.685489083226	0.647955980965	0.697516355362	0.710218981859	0.726547390495	0.685426742792	0.732060462051	0.716093866602	0.795774678854	0.692804114622	0.693161782308	0.668219205097	0.708209067488	0.696202585459	0.753257909897	0.693458439358	0.699878112734	0.689666683531	0.705119437091	0.682669837104	0.765460128245	0.688719978127	0.597765463919	0.0	0.694337097143	0.693504615454	0.657996116094	0.630792677889	0.67116927108	0.673608041475	0.663280667829	0.674378624503	0.645046018939	0.673268527326	0.468460129107	0.414394632743	0.692233941573	0.687249130727	0.676534710775	0.682708462981	0.697288205085	0.679929541691	0.679614998247	0.68936860913	0.696590895105	0.67965166762	0.664091510414	0.671657924054	0.678129663819	0.675270854652	0.65515560308	0.69404821449
AB5	0.678258189689	0.663231222583	0.694211656816	0.675871360841	0.674951226442	0.66823400992	0.672868308239	0.66053360779	0.693208953935	0.681116902929	0.670269334543	0.669328942184	0.690816187929	0.680702557587	0.67664040572	0.668525510878	0.702565014509	0.709185123476	0.778097158839	0.689592940161	0.726220885251	0.715101183016	0.719334303045	0.722799851636	0.747517544519	0.719010276915	0.682664225302	0.70414689821	0.696170078704	0.690669804373	0.770310220336	0.706951930053	0.666491163039	0.694337097143	0.0	0.404724430624	0.647429018302	0.65381809949	0.637057069968	0.636423082042	0.646803101175	0.698396776775	0.659389231067	0.648195646128	0.704601880175	0.681299095803	0.675220896948	0.692957233398	0.676854253328	0.711914400933	0.705391329016	0.691168566138	0.660871182313	0.680284593869	0.700285304254	0.67291307598	0.693769910439	0.690355126885	0.6959558225	0.706512380987	0.661783711329	0.70239174084
AB6	0.69867082566	0.668406817253	0.72529569942	0.697536141691	0.669386617776	0.653148426784	0.687278436562	0.662901528042	0.702921286934	0.654694964637	0.684483744591	0.675720964503	0.700162633062	0.702150201083	0.707233772122	0.675581248776	0.727317429988	0.730969111677	0.793078470531	0.692720651238	0.746544844907	0.715948255883	0.729464578054	0.728953791787	0.757064552647	0.714715082027	0.713117148038	0.720837560231	0.697208483458	0.689798982325	0.784220073955	0.730694614718	0.687615721655	0.693504615454	0.404724430624	0.0	0.659120697814	0.656159153327	0.654333155212	0.645981333793	0.638824964	0.691022137715	0.656787566564	0.564742345121	0.706324604132	0.670364708752	0.669172698725	0.692001972678	0.667743347319	0.685876258659	0.696151783313	0.684683927646	0.670339816143	0.679450192915	0.697925200326	0.66313886214	0.691467003893	0.67598722709	0.673742315038	0.676175397983	0.656117233525	0.688081269647
AC5	0.642772067648	0.655036199958	0.704553306179	0.672432374103	0.676292216728	0.653957023126	0.688603662989	0.650957502997	0.658312238585	0.686255732374	0.651266935005	0.67323146726	0.689192744562	0.673377050086	0.670784069638	0.650975217843	0.670052038966	0.690450906531	0.763345346973	0.665143464086	0.711464167011	0.698674642858	0.686817001735	0.70017878082	0.727197992018	0.708340199116	0.685844531916	0.696919715684	0.658439144292	0.649419425302	0.745520351064	0.687947586471	0.649491850106	0.657996116094	0.647429018302	0.659120697814	0.0	0.476271806943	0.626687874142	0.658699174845	0.651087959815	0.672987603347	0.601936590358	0.640769630291	0.666140441561	0.653371306367	0.660544861992	0.685426147858	0.636877052392	0.680765761379	0.666925440923	0.67976303489	0.655380763637	0.662091047323	0.647066565297	0.658567806188	0.65530817267	0.663823295413	0.65115909001	0.685112827309	0.646035874066	0.690840944946
AC6	0.653428917107	0.621463026688	0.739509302161	0.642556867342	0.66862363641	0.649679512498	0.674190049254	0.647838535168	0.682112697496	0.661455419097	0.663070007705	0.640049233616	0.666178088372	0.653415832655	0.66209342472	0.638669074904	0.68877540518	0.699250361435	0.755428887143	0.647245330495	0.707030002025	0.677977167177	0.686787917382	0.685307314317	0.745502562115	0.693428056108	0.665445793665	0.671034400578	0.673468608899	0.638443993083	0.739568893075	0.666506858257	0.626126820574	0.630792677889	0.65381809949	0.656159153327	0.476271806943	0.0	0.626325489425	0.649252848149	0.628091223865	0.532484040896	0.47606553002	0.611522925924	0.670267509218	0.638863938059	0.647895770281	0.66676601454	0.623839890206	0.639924495575	0.65662757326	0.672670517473	0.647048576884	0.647982685716	0.646467873424	0.644110675608	0.61359660205	0.657549969011	0.631393964248	0.648381960328	0.645578271581	0.64912187095
AD6	0.67708552501	0.63737459808	0.775045568792	0.671621477577	0.684548852266	0.658904707421	0.621291248518	0.609820278644	0.652600262796	0.626599353376	0.670495092141	0.660370522481	0.692625417249	0.672857366058	0.656234042147	0.634564541222	0.699221126068	0.704287221505	0.791282752222	0.693497213129	0.709585471849	0.681725978774	0.69508784402	0.704152237869	0.758068971958	0.705507364583	0.678763833497	0.679747409087	0.678908244272	0.670187876166	0.756706432946	0.702308422868	0.680669899291	0.67116927108	0.637057069968	0.654333155212	0.626687874142	0.626325489425	0.0	0.497984223231	0.439537532825	0.670375796187	0.655873607095	0.665686760348	0.671802854626	0.664717811791	0.685581545887	0.661014868965	0.657396327295	0.658640794417	0.6899155494	0.676720489152	0.656223359581	0.647292687551	0.671420213987	0.654049829182	0.65494417574	0.67407004695	0.655573261159	0.653653227164	0.638919908828	0.656042655449
AE5	0.677156670526	0.650785404188	0.757819141814	0.680934433077	0.655329966439	0.644920182354	0.646147247486	0.634139804103	0.67492323878	0.639604222229	0.661558945192	0.642052820802	0.694195956097	0.675704811084	0.679627221249	0.660838039833	0.739280526363	0.710921584329	0.790433507192	0.693507728479	0.732510174085	0.708683443125	0.710209729804	0.710284901972	0.7649910309	0.725534950906	0.702200960057	0.700905188785	0.705216504908	0.682628272288	0.748777836563	0.701064041827	0.674977928774	0.673608041475	0.636423082042	0.645981333793	0.658699174845	0.649252848149	0.497984223231	0.0	0.395346409339	0.68371938979	0.654873743011	0.649162169364	0.686901997041	0.668862557356	0.678609987565	0.674719468333	0.655630106423	0.651950337013	0.669514029283	0.693243153006	0.643755645786	0.641303925338	0.660844531221	0.641536287506	0.647858710733	0.669341961048	0.659151571727	0.640610535569	0.641591330864	0.670240844183
AE6	0.681912475341	0.651083321789	0.771747811299	0.678824156278	0.653226077441	0.656813058737	0.6447005514	0.63420761425	0.688656257536	0.616742466671	0.691131753186	0.649501942964	0.695952440828	0.679243677695	0.695921370937	0.660195352891	0.720020900623	0.69718240576	0.785238760582	0.67475441183	0.72160757862	0.679771113269	0.710374483447	0.702403069047	0.751196466718	0.697952573094	0.680857716074	0.669585545124	0.694214038774	0.658675723	0.750548922393	0.696115039159	0.679395921395	0.663280667829	0.646803101175	0.638824964	0.651087959815	0.628091223865	0.439537532825	0.395346409339	0.0	0.669085654969	0.650689013393	0.643274721768	0.678137034365	0.662795726564	0.680600600933	0.658555015883	0.644915185231	0.63592649558	0.668874567475	0.682009890598	0.639747504382	0.623769529599	0.667756202847	0.633497493226	0.655902943314	0.662392048656	0.657439476058	0.626385527787	0.639141268774	0.654400478052
AF5	0.685826599678	0.652364957824	0.723858644308	0.647155491441	0.65294975286	0.66908894129	0.693990746702	0.678249963727	0.677273733704	0.660612400123	0.680335832028	0.672445931414	0.677052588437	0.655909043683	0.681350285186	0.668609514465	0.696331353259	0.70397049008	0.736151818278	0.671042539719	0.715161413518	0.692701175819	0.690992412848	0.686542298045	0.742256082149	0.696096844245	0.694071030507	0.685937930977	0.695732583896	0.672546134054	0.734673883856	0.690365761927	0.637584095088	0.674378624503	0.698396776775	0.691022137715	0.672987603347	0.532484040896	0.670375796187	0.68371938979	0.669085654969	0.0	0.482810093253	0.659078428888	0.713854000384	0.690399382015	0.69231996971	0.685404658481	0.666653082395	0.663144170397	0.688691540043	0.709982687159	0.680609066995	0.696086700678	0.699614128308	0.693729986583	0.671104876382	0.708890275737	0.660374705137	0.654899876777	0.668896698599	0.671545228909
AF6	0.663980321968	0.636180761083	0.715298462711	0.672140052132	0.651985025577	0.65311935623	0.673711599348	0.660480409738	0.687697958205	0.668846812866	0.662834264768	0.643170629712	0.679529212709	0.661243160654	0.677729337195	0.650402436493	0.6958918635	0.701620238953	0.743456553242	0.665915594427	0.729006029174	0.701918863131	0.682370874556	0.677536998694	0.730791859244	0.686413574286	0.66401726808	0.68764062257	0.694128150228	0.667667377096	0.757570019743	0.691238250429	0.613675303517	0.645046018939	0.659389231067	0.656787566564	0.601936590358	0.47606553002	0.655873607095	0.654873743011	0.650689013393	0.482810093253	0.0	0.618606227916	0.703882421521	0.664229872567	0.666648156761	0.669295947643	0.65647720386	0.666166147382	0.682505144955	0.699227911274	0.676453566762	0.674827567617	0.681659412163	0.677950146893	0.640423558222	0.682619028867	0.649373862111	0.663120204482	0.66503418915	0.661198964093
