	AA3	AA4	AB3	AB4	AC3	AC4	AD3	AD4	AE3	AE4	AF3	AF4	AG3	AG4	AH3	AH4	AA7	AA8	AB7	AB8	AC7	AC8	AD7	AD8	AE7	AE8	AF7	AF8	AG7	AG8	AH7	AH8	AA5	AA6	AB5	AB6	AC5	AC6	AD6	AE5	AE6	AF5	AF6	AG5	AH5	AH6	AA1	AA2	AB1	AB2	AC1	AC2	AD1	AD2	AE1	AE2	AF1	AF2	AG1	AG2	AH1	AH2
AA3	0.0	0.497446680439	0.666426160928	0.627016844319	0.678887794726	0.660241257678	0.679995507472	0.687226854348	0.651074837591	0.66728697459	0.640384453859	0.672580860621	0.645371362802	0.610862611771	0.677317728791	0.480006024712	0.673339960854	0.682459751902	0.766639059469	0.696309376104	0.698483492932	0.681882033153	0.673810065851	0.697383924055	0.728877359493	0.696872702986	0.664829928001	0.677400631661	0.694888215482	0.674307931919	0.731938212725	0.680567314443	0.637268069401	0.691985751496	0.677532712263	0.678558297481	0.640827027711	0.659725452768	0.658717780103	0.686612184461	0.671014878707	0.685887953923	0.658507153033	0.67103222084	0.707608548875	0.702105178179	0.657279402037	0.672745665896	0.655246477962	0.679670755222	0.68036041147	0.675708038117	0.650146348884	0.657024439606	0.658796280794	0.665510382032	0.656038425178	0.679748221977	0.655343756918	0.693110202925	0.627117661538	0.688303093102
AA4	0.497446680439	0.0	0.703458059561	0.644877106863	0.64566240216	0.633124988959	0.657603532278	0.653345171594	0.685862625747	0.647080434373	0.662074339642	0.650826388365	0.665353075132	0.625771379457	0.500779875643	0.380823720456	0.693280173641	0.703024316964	0.779700447479	0.70343733917	0.714053738447	0.669611780715	0.699933747803	0.721162548502	0.726829877671	0.684074448977	0.675855854664	0.679567436875	0.702470362513	0.674769547874	0.757542437368	0.69100544574	0.682519103924	0.684333634394	0.666705373346	0.647534002089	0.660171877288	0.642809211415	0.645445129998	0.66453528431	0.650328531412	0.668932772856	0.640676246719	0.640815585061	0.68342153794	0.677715870468	0.668954034527	0.646570153137	0.644240647563	0.657771652042	0.678333905061	0.670388926146	0.655157319739	0.640333711831	0.66264222366	0.649147978772	0.641214916888	0.649701023854	0.659113644638	0.659804528443	0.642490248011	0.657239923037
AB3	0.666426160928	0.703458059561	0.0	0.622387639969	0.709484004456	0.733267349795	0.736406584835	0.734159496128	0.693451785341	0.732912484411	0.688590783817	0.722457769554	0.702107843704	0.58194772371	0.7084369174	0.716539724682	0.728097484284	0.755993278311	0.720052014306	0.718213070359	0.720701208671	0.730272649132	0.710468837343	0.734756451087	0.719392851261	0.72089290202	0.70186451703	0.738015423004	0.705035621265	0.716821631383	0.75374563734	0.738053659849	0.709373726626	0.77563585102	0.703217348017	0.741575537399	0.710046487967	0.72660751377	0.763159065355	0.753863792155	0.765138882773	0.713942631819	0.696543928111	0.729964532527	0.791495721546	0.790691459736	0.759887313163	0.779258779165	0.721845366713	0.773209420499	0.750995011908	0.769417991552	0.750034884965	0.771028905658	0.748501064992	0.77233901583	0.748885059821	0.776196738045	0.756946453499	0.768819589034	0.715566148643	0.785150640667
AB4	0.627016844319	0.644877106863	0.622387639969	0.0	0.691265183886	0.675984409112	0.693253374853	0.67750667673	0.671945841941	0.690585145274	0.645243267688	0.676634083124	0.431801857085	0.419820437912	0.68709971579	0.649089234852	0.713427249909	0.703207458637	0.767216425326	0.694828594804	0.70678311411	0.691925502314	0.692952629426	0.701322851062	0.739624410654	0.710442965915	0.681279561242	0.7033464615	0.691515360423	0.69083737271	0.748066157065	0.701971936826	0.690656246436	0.707388837792	0.670412334224	0.686652214902	0.664437811522	0.669502073866	0.666790889234	0.684959227498	0.693423201144	0.680008884392	0.655268803498	0.695564112058	0.730943734093	0.721657615443	0.689736477353	0.711502892889	0.658236824529	0.707159512848	0.689098050477	0.705896841913	0.677665887463	0.699416889707	0.709158972914	0.698630561916	0.690149497455	0.717591123185	0.692892095555	0.705445254647	0.663401460492	0.705110352847
AC3	0.678887794726	0.64566240216	0.709484004456	0.691265183886	0.0	0.495598796822	0.654235352888	0.63553748094	0.651813344575	0.668148588464	0.687620009939	0.437726840379	0.69065640186	0.699834023242	0.663043792199	0.653506759499	0.672221924561	0.680254338272	0.759913084697	0.675788889546	0.707769498255	0.692525251557	0.710518220352	0.719790402765	0.712696094278	0.706537072393	0.706691739647	0.699736877253	0.701765355355	0.689098585158	0.731898069194	0.681301498308	0.677394539118	0.696401102461	0.697018448801	0.682005062698	0.689142704872	0.690937942045	0.666547044581	0.655815382488	0.648877646591	0.657480235606	0.661743455747	0.668218510712	0.713975728258	0.708689967528	0.725743423388	0.697133304103	0.683689078812	0.684876427274	0.687294560479	0.698965923563	0.690004969485	0.67360172591	0.681860115374	0.682130207116	0.69905779243	0.705694585282	0.704482272903	0.677179625072	0.688452469885	0.709128280285
AC4	0.660241257678	0.633124988959	0.733267349795	0.675984409112	0.495598796822	0.0	0.655761313405	0.623723190573	0.660848043803	0.651775370895	0.510878242828	0.422477871147	0.671160361083	0.698634763294	0.674204023003	0.63997046572	0.688500370739	0.678465616936	0.766541381984	0.671383284876	0.694528793308	0.6672185162	0.703834299211	0.70124923786	0.739568099684	0.696545005696	0.70279030325	0.693993500569	0.700702233468	0.665532284764	0.724732833033	0.673316659281	0.678060031294	0.652011946071	0.680208535006	0.665693870904	0.662818283571	0.65840308099	0.640060445467	0.641801090322	0.637341012278	0.64815982062	0.646800266843	0.636112762909	0.675720770008	0.669756157903	0.716300304578	0.682981729895	0.680440408258	0.666878008728	0.687158813879	0.672225189788	0.677826607125	0.665736824239	0.672388248878	0.675809960628	0.657379402036	0.682720827787	0.673809963294	0.666976307003	0.656894604928	0.683689452614
AD3	0.679995507472	0.657603532278	0.736406584835	0.693253374853	0.654235352888	0.655761313405	0.0	0.414894220678	0.665759987119	0.35400268683	0.702269396883	0.650868037519	0.702002117033	0.678752152062	0.688408425375	0.662368273247	0.712728050875	0.677656654298	0.768247297766	0.67324659995	0.712134865912	0.676695334722	0.710172858189	0.702194579941	0.723427548874	0.693730846407	0.698401607155	0.681869257599	0.705059570272	0.665084506147	0.753953126028	0.685426188163	0.691593918037	0.65889796866	0.670223581418	0.667868132056	0.675750894091	0.665326685863	0.619923185088	0.642048897781	0.614111101881	0.675937649646	0.675270588389	0.66600546573	0.697456537385	0.687610373341	0.681257499323	0.65367287498	0.670577105985	0.645832126955	0.689874450851	0.673643685609	0.682356202702	0.661595246606	0.684033101802	0.660057638721	0.651475930465	0.67356894694	0.699764237907	0.634830684959	0.692490443652	0.660857737746
AD4	0.687226854348	0.653345171594	0.734159496128	0.67750667673	0.63553748094	0.623723190573	0.414894220678	0.0	0.579344447795	0.391556499606	0.679569714812	0.636252716666	0.690452663623	0.671979532865	0.664841421742	0.650355076909	0.689392196743	0.658344956869	0.774674482241	0.655190373855	0.713687133356	0.670558006258	0.673408969692	0.671764486855	0.716863031045	0.669284162204	0.689554212337	0.683807607128	0.66840244899	0.641693321967	0.735254483676	0.666876231304	0.693408721264	0.666934347157	0.678999570293	0.661991894361	0.659672005894	0.663474054434	0.606946567135	0.62980700462	0.620951708874	0.684038376567	0.678670485452	0.650780764863	0.688218764307	0.674441423475	0.682253663983	0.643946062578	0.663319795957	0.653496095558	0.670365941913	0.68172005143	0.673039782365	0.660215123098	0.664457204238	0.659729182987	0.673893028692	0.693771454706	0.700906130702	0.654396017265	0.672847196021	0.65630456267
AE3	0.651074837591	0.685862625747	0.693451785341	0.671945841941	0.651813344575	0.660848043803	0.665759987119	0.579344447795	0.0	0.619548395199	0.64567000222	0.665422695709	0.67265493272	0.677262542737	0.6601794172	0.665159966939	0.665027312553	0.677157042055	0.769867176785	0.688845183247	0.720284518282	0.699082458945	0.654594908008	0.676221192846	0.73675046925	0.692801672044	0.663711297138	0.715689293878	0.664338168911	0.659124600038	0.732208870075	0.675737029798	0.614615852241	0.697319436922	0.694315102249	0.679465920693	0.641577045442	0.68111227484	0.655171422022	0.665075277978	0.671625701874	0.66252341495	0.675278085028	0.657168400037	0.72805690312	0.709823447722	0.689450158164	0.711260714867	0.687683614978	0.711661166907	0.690798183697	0.715271292599	0.680393621405	0.68876499882	0.643112064278	0.693202857043	0.689664754958	0.727803573753	0.701602708743	0.703181491349	0.64224297331	0.705589636285
AE4	0.66728697459	0.647080434373	0.732912484411	0.690585145274	0.668148588464	0.651775370895	0.35400268683	0.391556499606	0.619548395199	0.0	0.686664797514	0.664287255692	0.690951788118	0.673268242338	0.691840336136	0.655868000826	0.70010217364	0.677367258341	0.771358988914	0.658423913486	0.711026110867	0.66360344756	0.693873371241	0.69154785754	0.720055493157	0.677034731877	0.68945769725	0.682340928869	0.686087434982	0.650123794753	0.739015655646	0.67692031746	0.69460789504	0.65484175694	0.692541975095	0.66519296944	0.670280592933	0.659488642195	0.617461455894	0.646884931381	0.61515667632	0.675828351362	0.660430491172	0.653262635609	0.689935219006	0.681739545379	0.674127120514	0.648809846261	0.663537655475	0.655773668638	0.680600526528	0.65786270011	0.679383799729	0.657934329453	0.668325663885	0.658850676532	0.666417281465	0.685566722545	0.693855999375	0.659270949636	0.672074646252	0.668836517941
AF3	0.640384453859	0.662074339642	0.688590783817	0.645243267688	0.687620009939	0.510878242828	0.702269396883	0.679569714812	0.64567000222	0.686664797514	0.0	0.552355315604	0.667623395494	0.675763300791	0.670050767575	0.662773624117	0.675193251723	0.679533112956	0.754818823755	0.691654404446	0.689483528204	0.709972115769	0.682096852924	0.70009855765	0.758382704604	0.715729357593	0.690933533196	0.733127833207	0.684637000711	0.685340495047	0.711283275584	0.674924505659	0.636554714317	0.674851048415	0.674065816331	0.676927201577	0.653750228751	0.665166568407	0.667217517776	0.672974682818	0.687297090571	0.681429665696	0.66784899886	0.663429628814	0.699950794824	0.690692343764	0.709778146083	0.702274513539	0.696394351334	0.713339904088	0.70614078768	0.715006201567	0.691084110224	0.71478368428	0.701733416822	0.714791315628	0.674786032296	0.727985144927	0.676214608286	0.720187027884	0.643534318999	0.725830042447
AF4	0.672580860621	0.650826388365	0.722457769554	0.676634083124	0.437726840379	0.422477871147	0.650868037519	0.636252716666	0.665422695709	0.664287255692	0.552355315604	0.0	0.697826997159	0.700255142489	0.686151829506	0.663152319594	0.709792360279	0.682797188508	0.776556239204	0.68441482569	0.717502256136	0.692974006049	0.711884746135	0.714121814299	0.74190506982	0.71166585463	0.711895877516	0.699939036194	0.717278240749	0.679116956933	0.765322088581	0.698398328184	0.658327933763	0.664197886576	0.662509715706	0.671193940095	0.682387633384	0.673584604935	0.655441776758	0.6527574155	0.639088652859	0.683458272124	0.673361888802	0.671046830403	0.678805119706	0.671409561354	0.705479349668	0.686279172869	0.689458868395	0.682783907381	0.671935785674	0.671304299033	0.677002710176	0.680033969314	0.691778195554	0.670171397202	0.67212378306	0.680517665034	0.687565912183	0.67072651839	0.669936928229	0.696321797149
AG3	0.645371362802	0.665353075132	0.702107843704	0.431801857085	0.69065640186	0.671160361083	0.702002117033	0.690452663623	0.67265493272	0.690951788118	0.667623395494	0.697826997159	0.0	0.507274311853	0.686195384771	0.669810626474	0.6715914688	0.683998644624	0.770759881093	0.703361058611	0.675989948022	0.693732123748	0.680178107444	0.691858260402	0.72197420127	0.699609927719	0.687157510275	0.705291857838	0.689940374669	0.688700529672	0.726237041716	0.692311564278	0.687095818052	0.698660043265	0.695201034523	0.694354740756	0.678722496719	0.683912991506	0.685694255512	0.699524684474	0.70280588673	0.6818738584	0.659609278274	0.690533157233	0.717284166155	0.713741219724	0.687523259706	0.705553037955	0.653867302927	0.695285109196	0.693573952616	0.708342136839	0.690937254208	0.683295629268	0.690906768844	0.691926469528	0.695967203984	0.729837055199	0.695188098926	0.692369978359	0.669098585365	0.704082261857
AG4	0.610862611771	0.625771379457	0.58194772371	0.419820437912	0.699834023242	0.698634763294	0.678752152062	0.671979532865	0.677262542737	0.673268242338	0.675763300791	0.700255142489	0.507274311853	0.0	0.685708989368	0.63726960976	0.720948201803	0.718592816974	0.755810999053	0.701827446313	0.7153700071	0.682212987054	0.698088000005	0.719386590806	0.726528039504	0.709599720906	0.674446354906	0.697185037372	0.701195078392	0.686850732395	0.750378886055	0.707664052796	0.68851832835	0.718165772304	0.686413957449	0.698883973691	0.670542856018	0.667221707552	0.680702087843	0.692944178031	0.707031237919	0.674524904213	0.657925189806	0.699099029129	0.728096272	0.728148090336	0.696989919812	0.703256690457	0.647588273045	0.687888094211	0.6956653247	0.70220645423	0.682513798373	0.696133181966	0.702109767522	0.700076126178	0.690788733945	0.723117193509	0.701708412412	0.689213188623	0.667737159171	0.707347021531
AH3	0.677317728791	0.500779875643	0.7084369174	0.68709971579	0.663043792199	0.674204023003	0.688408425375	0.664841421742	0.6601794172	0.691840336136	0.670050767575	0.686151829506	0.686195384771	0.685708989368	0.0	0.532860965603	0.685992239907	0.704957596921	0.777599113893	0.718130863823	0.723464167881	0.712353567732	0.681938295833	0.70488806066	0.733058523596	0.694336298058	0.689966760127	0.714585670803	0.70645251706	0.6980315757	0.761839055196	0.70248339739	0.667512047074	0.716533866642	0.701245256477	0.671685717409	0.684847662174	0.687256402934	0.665405033459	0.686819565957	0.677570190481	0.689688910645	0.684627901686	0.66257451427	0.723771285802	0.71536214865	0.707562519801	0.680484380965	0.698699096795	0.709824382238	0.705677722764	0.727524807302	0.695737212689	0.693805958023	0.679331618144	0.706232292757	0.699502152316	0.716679874236	0.710758222964	0.700880540955	0.678291054865	0.70133514149
AH4	0.480006024712	0.380823720456	0.716539724682	0.649089234852	0.653506759499	0.63997046572	0.662368273247	0.650355076909	0.665159966939	0.655868000826	0.662773624117	0.663152319594	0.669810626474	0.63726960976	0.532860965603	0.0	0.689995776275	0.688961752615	0.775194187701	0.697751705789	0.714517758762	0.665550544191	0.678695323635	0.693451760453	0.734157790435	0.677856945955	0.664384880712	0.677322774672	0.692387983173	0.671050278418	0.751124032543	0.682789776363	0.663134800278	0.692353675104	0.666444496014	0.640464476704	0.672752276288	0.662370160966	0.635313662697	0.667458838088	0.648033752053	0.668459487674	0.654715102738	0.650454632517	0.691617725511	0.671177269894	0.670741002079	0.641224870744	0.663908354577	0.673035225213	0.667484363281	0.681049858689	0.647124053345	0.639146221066	0.671707169163	0.641866230559	0.660256690982	0.669189780253	0.666971300944	0.672185003366	0.637735095933	0.647420480531
AA7	0.673339960854	0.693280173641	0.728097484284	0.713427249909	0.672221924561	0.688500370739	0.712728050875	0.689392196743	0.665027312553	0.70010217364	0.675193251723	0.709792360279	0.6715914688	0.720948201803	0.685992239907	0.689995776275	0.0	0.508220237269	0.775451421222	0.682431367504	0.653077303613	0.669313999852	0.672095197682	0.682635960687	0.703447329019	0.696295179236	0.66409551693	0.667002993712	0.67414770422	0.667072526365	0.696655636952	0.546963478488	0.653092537566	0.722675141372	0.715153362417	0.717048337999	0.675191348562	0.694916000269	0.706235613582	0.745932392651	0.729630593044	0.686313660725	0.692048555015	0.699322769887	0.721727048393	0.728378050549	0.730038877172	0.715804605586	0.714169062501	0.749982744351	0.71120664228	0.739309993831	0.710056679006	0.71432351936	0.686107494291	0.701138191089	0.728605922068	0.73411313898	0.746134149102	0.741585786468	0.678933312031	0.72247777499
AA8	0.682459751902	0.703024316964	0.755993278311	0.703207458637	0.680254338272	0.678465616936	0.677656654298	0.658344956869	0.677157042055	0.677367258341	0.679533112956	0.682797188508	0.683998644624	0.718592816974	0.704957596921	0.688961752615	0.508220237269	0.0	0.779906846505	0.658054845294	0.642219818418	0.644563814402	0.664402792994	0.665261957915	0.708700994271	0.69074970187	0.675327763476	0.63584154205	0.659553785476	0.646291980429	0.536745062681	0.394785286479	0.667402070388	0.70126569781	0.710141395345	0.716996400902	0.686560659646	0.698268257494	0.689397972333	0.704972949279	0.694489649322	0.703033270577	0.692208881142	0.698362423733	0.715382438436	0.706485437686	0.707844720549	0.687216002781	0.708444644157	0.72769993576	0.709967989567	0.736832706915	0.695541049912	0.684018227995	0.687913869311	0.674293319126	0.711176483458	0.718378521752	0.743779412816	0.71158966618	0.695689525462	0.68167474693
AB7	0.766639059469	0.779700447479	0.720052014306	0.767216425326	0.759913084697	0.766541381984	0.768247297766	0.774674482241	0.769867176785	0.771358988914	0.754818823755	0.776556239204	0.770759881093	0.755810999053	0.777599113893	0.775194187701	0.775451421222	0.779906846505	0.0	0.562204438503	0.748836173754	0.757736037469	0.780757714858	0.7983205708	0.749122085604	0.774332377536	0.772206771991	0.793262092926	0.748833310305	0.659862571107	0.762392719565	0.761205407503	0.790099689541	0.79163481742	0.774636453732	0.7861015027	0.766772023147	0.768208366737	0.794258138837	0.794928691589	0.795374360978	0.714713890677	0.748035883265	0.778928557423	0.80242648129	0.81501260426	0.820488162501	0.798758603762	0.784106515017	0.804026008806	0.809450687238	0.813873684637	0.79463283285	0.804154156878	0.784242744992	0.804235442527	0.796431839377	0.818282245446	0.808041811274	0.804375407379	0.782384420221	0.808712945322
AB8	0.696309376104	0.70343733917	0.718213070359	0.694828594804	0.675788889546	0.671383284876	0.67324659995	0.655190373855	0.688845183247	0.658423913486	0.691654404446	0.68441482569	0.703361058611	0.701827446313	0.718130863823	0.697751705789	0.682431367504	0.658054845294	0.562204438503	0.0	0.655789582977	0.635292113684	0.696183727087	0.69218949114	0.666758695405	0.67417927451	0.674717717988	0.669189628353	0.50533420041	0.430523141233	0.697671440398	0.627680736727	0.71542172592	0.700055910254	0.70237565295	0.698081827204	0.664204725882	0.673411032042	0.692726192785	0.700521566587	0.689501400358	0.673410932283	0.671963556679	0.684207363865	0.701572365016	0.702524736811	0.736487115287	0.707819543743	0.687091732419	0.713806627906	0.696850640071	0.725103379711	0.686329948013	0.686531507827	0.692281009142	0.695239753812	0.710692725172	0.716424411604	0.717977120532	0.709200554788	0.684533231367	0.70607892391
AC7	0.698483492932	0.714053738447	0.720701208671	0.70678311411	0.707769498255	0.694528793308	0.712134865912	0.713687133356	0.720284518282	0.711026110867	0.689483528204	0.717502256136	0.675989948022	0.7153700071	0.723464167881	0.714517758762	0.653077303613	0.642219818418	0.748836173754	0.655789582977	0.0	0.498922523023	0.684098064989	0.685496126566	0.696568640588	0.691706235009	0.687503806702	0.603169789334	0.637180039758	0.646729615948	0.662503187296	0.639006072106	0.709998765453	0.698564900337	0.728992895515	0.734524555499	0.710046913277	0.716125738689	0.711779470954	0.731913350257	0.727865493132	0.71256721578	0.719872645023	0.709222529993	0.696378004956	0.703283352579	0.748976278894	0.735627583549	0.700806702052	0.734806751268	0.746881346872	0.757904707994	0.72092641867	0.693367681701	0.681678809892	0.704729817121	0.738372859573	0.737291550776	0.747623626919	0.735916511337	0.698553953225	0.73633777753
AC8	0.681882033153	0.669611780715	0.730272649132	0.691925502314	0.692525251557	0.6672185162	0.676695334722	0.670558006258	0.699082458945	0.66360344756	0.709972115769	0.692974006049	0.693732123748	0.682212987054	0.712353567732	0.665550544191	0.669313999852	0.644563814402	0.757736037469	0.635292113684	0.498922523023	0.0	0.671441308708	0.670029121451	0.704365992335	0.657361259523	0.495669133062	0.427559394879	0.636499842779	0.616830059349	0.691711415256	0.629075834118	0.715395436052	0.670778881338	0.69960200313	0.70453619468	0.687592500873	0.680439263141	0.680507538932	0.709766640007	0.692750580772	0.68992206987	0.674553657086	0.686179936422	0.68443113891	0.674573025599	0.719239091589	0.692568450154	0.666260499272	0.699099178601	0.691032747684	0.694536842863	0.683114394605	0.653999101767	0.657323490198	0.661420098907	0.696941881676	0.680716160888	0.72035652578	0.69978248792	0.672493075561	0.690121542025
AD7	0.673810065851	0.699933747803	0.710468837343	0.692952629426	0.710518220352	0.703834299211	0.710172858189	0.673408969692	0.654594908008	0.693873371241	0.682096852924	0.711884746135	0.680178107444	0.698088000005	0.681938295833	0.678695323635	0.672095197682	0.664402792994	0.780757714858	0.696183727087	0.684098064989	0.671441308708	0.0	0.450690849474	0.701648357767	0.510181972015	0.662756939474	0.686504584012	0.669278769871	0.657438366519	0.703519310276	0.660700465153	0.655391672555	0.703521268134	0.722048764382	0.705501992081	0.683461906444	0.682462369021	0.683318157119	0.709565781276	0.704925850974	0.679377714784	0.682091739149	0.6916665972	0.713251269045	0.70481106636	0.707339190978	0.684361734155	0.685060096166	0.703028696507	0.68332960679	0.724483408922	0.694079704726	0.686330264054	0.65694359783	0.682113545271	0.683828493899	0.712239385199	0.709800920442	0.702011116642	0.66895926972	0.6884004141
AD8	0.697383924055	0.721162548502	0.734756451087	0.701322851062	0.719790402765	0.70124923786	0.702194579941	0.671764486855	0.676221192846	0.69154785754	0.70009855765	0.714121814299	0.691858260402	0.719386590806	0.70488806066	0.693451760453	0.682635960687	0.665261957915	0.7983205708	0.69218949114	0.685496126566	0.670029121451	0.450690849474	0.0	0.616448658994	0.425564531726	0.648917209255	0.67026555322	0.660414464332	0.652693177164	0.707998441488	0.655790112288	0.672431605994	0.696435722907	0.72567965746	0.714121388789	0.697739625726	0.688737366806	0.687377221969	0.705227343092	0.700143200371	0.69360811851	0.685322511667	0.689858634246	0.697149027254	0.70138843667	0.70825729077	0.704481721807	0.681188504494	0.709713857322	0.699749894773	0.740492428166	0.683794097183	0.675232608518	0.666345391887	0.677306445217	0.708489220667	0.722329024406	0.729559128458	0.706699131886	0.687044400187	0.703508209727
AE7	0.728877359493	0.726829877671	0.719392851261	0.739624410654	0.712696094278	0.739568099684	0.723427548874	0.716863031045	0.73675046925	0.720055493157	0.758382704604	0.74190506982	0.72197420127	0.726528039504	0.733058523596	0.734157790435	0.703447329019	0.708700994271	0.749122085604	0.666758695405	0.696568640588	0.704365992335	0.701648357767	0.616448658994	0.0	0.499121609742	0.705015078316	0.706339410231	0.683302568805	0.690275414714	0.734325341141	0.699446457866	0.735945351419	0.757953614285	0.743211649638	0.751718730515	0.726533394081	0.739703624337	0.761029095008	0.761160747742	0.763698551358	0.735501500699	0.738610974625	0.73657503236	0.754391964541	0.76893667332	0.772077893215	0.768498424402	0.719518887396	0.757867316987	0.757762742282	0.794547240265	0.753078866135	0.746315492432	0.731234395193	0.754455945122	0.772147592896	0.784567624975	0.784131931726	0.75453872054	0.747121219784	0.773559139068
AE8	0.696872702986	0.684074448977	0.72089290202	0.710442965915	0.706537072393	0.696545005696	0.693730846407	0.669284162204	0.692801672044	0.677034731877	0.715729357593	0.71166585463	0.699609927719	0.709599720906	0.694336298058	0.677856945955	0.696295179236	0.69074970187	0.774332377536	0.67417927451	0.691706235009	0.657361259523	0.510181972015	0.425564531726	0.499121609742	0.0	0.660975784724	0.662036323099	0.65700979319	0.64758764159	0.707712603061	0.673564523357	0.691954310796	0.702264746779	0.726757824462	0.711752368034	0.710710075673	0.683988378127	0.701009445094	0.715527568471	0.712692020244	0.70183303617	0.688763763191	0.691121186021	0.707481149672	0.71273387526	0.71481916261	0.694593818547	0.691762953004	0.705514304037	0.708306684462	0.726442760701	0.691446266927	0.674138764927	0.665842690893	0.688451909663	0.705112351295	0.71634062946	0.729896865229	0.706787727272	0.68718901089	0.70578881783
AF7	0.664829928001	0.675855854664	0.70186451703	0.681279561242	0.706691739647	0.70279030325	0.698401607155	0.689554212337	0.663711297138	0.68945769725	0.690933533196	0.711895877516	0.687157510275	0.674446354906	0.689966760127	0.664384880712	0.66409551693	0.675327763476	0.772206771991	0.674717717988	0.687503806702	0.495669133062	0.662756939474	0.648917209255	0.705015078316	0.660975784724	0.0	0.444480287754	0.652299462998	0.653952424814	0.715465041684	0.651799418144	0.677914887432	0.712593140316	0.697809149727	0.716559781108	0.688966151901	0.671973019212	0.680047489361	0.709581870451	0.700772203808	0.682816622458	0.677961549732	0.681863307679	0.739052557591	0.723174683183	0.708369898709	0.699440672914	0.684934298652	0.713068968302	0.693165521994	0.717689530967	0.688048826422	0.682047352878	0.668707384034	0.682984744691	0.687219055872	0.722863239327	0.710654410828	0.714105431354	0.661805849832	0.696601968596
AF8	0.677400631661	0.679567436875	0.738015423004	0.7033464615	0.699736877253	0.693993500569	0.681869257599	0.683807607128	0.715689293878	0.682340928869	0.733127833207	0.699939036194	0.705291857838	0.697185037372	0.714585670803	0.677322774672	0.667002993712	0.63584154205	0.793262092926	0.669189628353	0.603169789334	0.427559394879	0.686504584012	0.67026555322	0.706339410231	0.662036323099	0.444480287754	0.0	0.660229755079	0.630849386725	0.707087715152	0.648688765867	0.68955344127	0.683061565985	0.703403518766	0.713815564348	0.704283725455	0.68001775614	0.685323497741	0.712181880923	0.697863134777	0.694395472242	0.679867914926	0.689915229987	0.706677253717	0.706138399883	0.709321834152	0.699768047915	0.671562164323	0.70254023672	0.694562897018	0.701993545338	0.676554576669	0.658785253042	0.67002699702	0.655419453699	0.691729910399	0.686396132888	0.721674636728	0.688891279723	0.660008656838	0.688377646145
AG7	0.694888215482	0.702470362513	0.705035621265	0.691515360423	0.701765355355	0.700702233468	0.705059570272	0.66840244899	0.664338168911	0.686087434982	0.684637000711	0.717278240749	0.689940374669	0.701195078392	0.70645251706	0.692387983173	0.67414770422	0.659553785476	0.748833310305	0.50533420041	0.637180039758	0.636499842779	0.669278769871	0.660414464332	0.683302568805	0.65700979319	0.652299462998	0.660229755079	0.0	0.459093606913	0.686319499765	0.644491154345	0.680159621716	0.706877641361	0.705467029753	0.690153136537	0.669426183628	0.678487546771	0.688856858192	0.706141774152	0.697586823563	0.682775153439	0.685734308679	0.671233973991	0.716069753956	0.698027508847	0.728146712737	0.713506520807	0.67472052842	0.723522751225	0.689458673458	0.745076632137	0.676481644977	0.689294042843	0.680477168126	0.686002965377	0.698862878796	0.723916739843	0.709141638165	0.723309593302	0.66319659307	0.707660533608
AG8	0.674307931919	0.674769547874	0.716821631383	0.69083737271	0.689098585158	0.665532284764	0.665084506147	0.641693321967	0.659124600038	0.650123794753	0.685340495047	0.679116956933	0.688700529672	0.686850732395	0.6980315757	0.671050278418	0.667072526365	0.646291980429	0.659862571107	0.430523141233	0.646729615948	0.616830059349	0.657438366519	0.652693177164	0.690275414714	0.64758764159	0.653952424814	0.630849386725	0.459093606913	0.0	0.694780388543	0.620578181912	0.665380676091	0.688796278194	0.687702362236	0.681233613777	0.637952885855	0.64607064083	0.662045644683	0.677109296837	0.661987306792	0.651255968913	0.644549891436	0.650381361248	0.681065223233	0.678343549571	0.711012823811	0.685912947463	0.659055879286	0.694097895455	0.683715595121	0.713141204057	0.665600915828	0.652423074462	0.648791114747	0.653723549637	0.678901465566	0.694165637285	0.688738255458	0.69134483686	0.658427265295	0.680454184154
AH7	0.731938212725	0.757542437368	0.75374563734	0.748066157065	0.731898069194	0.724732833033	0.753953126028	0.735254483676	0.732208870075	0.739015655646	0.711283275584	0.765322088581	0.726237041716	0.750378886055	0.761839055196	0.751124032543	0.696655636952	0.536745062681	0.762392719565	0.697671440398	0.662503187296	0.691711415256	0.703519310276	0.707998441488	0.734325341141	0.707712603061	0.715465041684	0.707087715152	0.686319499765	0.694780388543	0.0	0.504316448598	0.718281691167	0.762422015737	0.770408322994	0.767956955184	0.7490984449	0.754341021348	0.753179895199	0.754879594511	0.75547016448	0.741119490692	0.742089453347	0.745303479866	0.765237759545	0.769160382799	0.760462404356	0.743592375982	0.751135279262	0.764338715375	0.777071507145	0.79056181352	0.749155630756	0.732518343677	0.734583954286	0.750304701898	0.770968560802	0.795085988551	0.794534321254	0.772795644886	0.749991770479	0.733581299059
AH8	0.680567314443	0.69100544574	0.738053659849	0.701971936826	0.681301498308	0.673316659281	0.685426188163	0.666876231304	0.675737029798	0.67692031746	0.674924505659	0.698398328184	0.692311564278	0.707664052796	0.70248339739	0.682789776363	0.546963478488	0.394785286479	0.761205407503	0.627680736727	0.639006072106	0.629075834118	0.660700465153	0.655790112288	0.699446457866	0.673564523357	0.651799418144	0.648688765867	0.644491154345	0.620578181912	0.504316448598	0.0	0.663391818456	0.70318081419	0.714024045856	0.707505758521	0.683005130862	0.689895992082	0.685750165936	0.699123821662	0.68554081924	0.683621658215	0.673930791761	0.693738988635	0.704682902089	0.707404723933	0.7099019061	0.690679159507	0.692966926379	0.714680587602	0.712336200248	0.731813969393	0.692127048227	0.676302489078	0.678548960609	0.695828827447	0.731023517706	0.72805384753	0.745435111607	0.726294457964	0.681416064567	0.701833547141
AA5	0.637268069401	0.682519103924	0.709373726626	0.690656246436	0.677394539118	0.678060031294	0.691593918037	0.693408721264	0.614615852241	0.69460789504	0.636554714317	0.658327933763	0.687095818052	0.68851832835	0.667512047074	0.663134800278	0.653092537566	0.667402070388	0.790099689541	0.71542172592	0.709998765453	0.715395436052	0.655391672555	0.672431605994	0.735945351419	0.691954310796	0.677914887432	0.68955344127	0.680159621716	0.665380676091	0.718281691167	0.663391818456	0.0	0.595342517036	0.678356084564	0.671498753588	0.654003872783	0.655577679414	0.666149614479	0.6879593275	0.688695577968	0.640968751935	0.651266519311	0.667785786645	0.719717935215	0.676905659857	0.677201165957	0.69072542829	0.691488415299	0.693018896794	0.684270668548	0.716524143255	0.662703500777	0.688165845803	0.653087432048	0.685099046898	0.649790282313	0.697350952149	0.668252484377	0.675952062358	0.63217889565	0.698006195164
AA6	0.691985751496	0.684333634394	0.77563585102	0.707388837792	0.696401102461	0.652011946071	0.65889796866	0.666934347157	0.697319436922	0.65484175694	0.674851048415	0.664197886576	0.698660043265	0.718165772304	0.716533866642	0.692353675104	0.722675141372	0.70126569781	0.79163481742	0.700055910254	0.698564900337	0.670778881338	0.703521268134	0.696435722907	0.757953614285	0.702264746779	0.712593140316	0.683061565985	0.706877641361	0.688796278194	0.762422015737	0.70318081419	0.595342517036	0.0	0.689686277805	0.682919885473	0.66886040271	0.642903303734	0.664433217821	0.686908410228	0.663115379805	0.684579012763	0.654941230047	0.666699737431	0.471656917141	0.44554577152	0.69523976156	0.679757189021	0.671788072957	0.675578081425	0.682175478755	0.682285790873	0.687333895087	0.694696967736	0.694550346149	0.676983392419	0.660446708986	0.662985469529	0.689938914843	0.676269599471	0.643013212132	0.685008835583
AB5	0.677532712263	0.666705373346	0.703217348017	0.670412334224	0.697018448801	0.680208535006	0.670223581418	0.678999570293	0.694315102249	0.692541975095	0.674065816331	0.662509715706	0.695201034523	0.686413957449	0.701245256477	0.666444496014	0.715153362417	0.710141395345	0.774636453732	0.70237565295	0.728992895515	0.69960200313	0.722048764382	0.72567965746	0.743211649638	0.726757824462	0.697809149727	0.703403518766	0.705467029753	0.687702362236	0.770408322994	0.714024045856	0.678356084564	0.689686277805	0.0	0.450144421979	0.652260203238	0.6750020066	0.675004590378	0.655116694907	0.656494560689	0.676433398331	0.685120151182	0.650639340958	0.707721529551	0.691684832263	0.671456428193	0.690802984402	0.679657659994	0.704458947916	0.686271211823	0.69606133937	0.66798724053	0.686462514436	0.697429980248	0.674386524069	0.683780723317	0.674743336922	0.70939623565	0.702816910533	0.649506065763	0.701277089933
AB6	0.678558297481	0.647534002089	0.741575537399	0.686652214902	0.682005062698	0.665693870904	0.667868132056	0.661991894361	0.679465920693	0.66519296944	0.676927201577	0.671193940095	0.694354740756	0.698883973691	0.671685717409	0.640464476704	0.717048337999	0.716996400902	0.7861015027	0.698081827204	0.734524555499	0.70453619468	0.705501992081	0.714121388789	0.751718730515	0.711752368034	0.716559781108	0.713815564348	0.690153136537	0.681233613777	0.767956955184	0.707505758521	0.671498753588	0.682919885473	0.450144421979	0.0	0.653774471349	0.660868107305	0.647585147123	0.642821163997	0.638630753787	0.675947036978	0.662204032848	0.566792598237	0.687534122613	0.664436042274	0.659453389301	0.65398951302	0.662398958226	0.667682770301	0.673424755611	0.677200960197	0.669708657621	0.679734358843	0.674168489595	0.677078573154	0.671995604064	0.689043069493	0.692952105869	0.667697968554	0.644311872909	0.691188623437
AC5	0.640827027711	0.660171877288	0.710046487967	0.664437811522	0.689142704872	0.662818283571	0.675750894091	0.659672005894	0.641577045442	0.670280592933	0.653750228751	0.682387633384	0.678722496719	0.670542856018	0.684847662174	0.672752276288	0.675191348562	0.686560659646	0.766772023147	0.664204725882	0.710046913277	0.687592500873	0.683461906444	0.697739625726	0.726533394081	0.710710075673	0.688966151901	0.704283725455	0.669426183628	0.637952885855	0.7490984449	0.683005130862	0.654003872783	0.66886040271	0.652260203238	0.653774471349	0.0	0.484178356331	0.637738174625	0.658115360413	0.660175017887	0.663942147047	0.591513953588	0.638585819993	0.66245971601	0.664417099564	0.654876617234	0.677395986857	0.632955416273	0.686775268235	0.663425525406	0.671103227857	0.658178082632	0.66743782031	0.637581593001	0.664472846364	0.646616371156	0.668231117718	0.639202113888	0.688431189001	0.632590912774	0.692242417228
AC6	0.659725452768	0.642809211415	0.72660751377	0.669502073866	0.690937942045	0.65840308099	0.665326685863	0.663474054434	0.68111227484	0.659488642195	0.665166568407	0.673584604935	0.683912991506	0.667221707552	0.687256402934	0.662370160966	0.694916000269	0.698268257494	0.768208366737	0.673411032042	0.716125738689	0.680439263141	0.682462369021	0.688737366806	0.739703624337	0.683988378127	0.671973019212	0.68001775614	0.678487546771	0.64607064083	0.754341021348	0.689895992082	0.655577679414	0.642903303734	0.6750020066	0.660868107305	0.484178356331	0.0	0.621132275079	0.663658681756	0.642001150962	0.539575415204	0.502538087878	0.630873721168	0.661592355042	0.647891936287	0.6547110027	0.644646590894	0.627207527396	0.655798600533	0.66401621199	0.671161293501	0.665196898029	0.66279344501	0.653927068846	0.663993565769	0.620545877413	0.674683094952	0.635299687499	0.666024747996	0.646391749958	0.68465957827
AD6	0.658717780103	0.645445129998	0.763159065355	0.666790889234	0.666547044581	0.640060445467	0.619923185088	0.606946567135	0.655171422022	0.617461455894	0.667217517776	0.655441776758	0.685694255512	0.680702087843	0.665405033459	0.635313662697	0.706235613582	0.689397972333	0.794258138837	0.692726192785	0.711779470954	0.680507538932	0.683318157119	0.687377221969	0.761029095008	0.701009445094	0.680047489361	0.685323497741	0.688856858192	0.662045644683	0.753179895199	0.685750165936	0.666149614479	0.664433217821	0.675004590378	0.647585147123	0.637738174625	0.621132275079	0.0	0.508481324215	0.400516909421	0.645241515202	0.647466602952	0.637478667338	0.663846053523	0.666462166545	0.666964719894	0.621133317954	0.647099648074	0.636942034385	0.673761823872	0.675638573928	0.656745305123	0.63422995917	0.643621855135	0.645056461423	0.624995643357	0.666667018287	0.648765671916	0.634859475376	0.633339611856	0.643305171978
AE5	0.686612184461	0.66453528431	0.753863792155	0.684959227498	0.655815382488	0.641801090322	0.642048897781	0.62980700462	0.665075277978	0.646884931381	0.672974682818	0.6527574155	0.699524684474	0.692944178031	0.686819565957	0.667458838088	0.745932392651	0.704972949279	0.794928691589	0.700521566587	0.731913350257	0.709766640007	0.709565781276	0.705227343092	0.761160747742	0.715527568471	0.709581870451	0.712181880923	0.706141774152	0.677109296837	0.754879594511	0.699123821662	0.6879593275	0.686908410228	0.655116694907	0.642821163997	0.658115360413	0.663658681756	0.508481324215	0.0	0.389345280827	0.67402220458	0.671225286014	0.649805013516	0.681455478791	0.675124739902	0.677549018228	0.667104250555	0.653966162155	0.646222829687	0.669282140834	0.690374370257	0.653550121269	0.64796821514	0.657215940409	0.654285572312	0.651566369661	0.686324359347	0.67207384954	0.652162071512	0.644323945016	0.676232465579
AE6	0.671014878707	0.650328531412	0.765138882773	0.693423201144	0.648877646591	0.637341012278	0.614111101881	0.620951708874	0.671625701874	0.61515667632	0.687297090571	0.639088652859	0.70280588673	0.707031237919	0.677570190481	0.648033752053	0.729630593044	0.694489649322	0.795374360978	0.689501400358	0.727865493132	0.692750580772	0.704925850974	0.700143200371	0.763698551358	0.712692020244	0.700772203808	0.697863134777	0.697586823563	0.661987306792	0.75547016448	0.68554081924	0.688695577968	0.663115379805	0.656494560689	0.638630753787	0.660175017887	0.642001150962	0.400516909421	0.389345280827	0.0	0.667197668635	0.65366795447	0.657099530118	0.664520129842	0.661534448045	0.670326473466	0.628706316766	0.647400921994	0.637841360908	0.669378593577	0.667485763158	0.631378796427	0.617609792863	0.656714854138	0.631052815843	0.641714960422	0.65781550258	0.657543496828	0.637847841854	0.62643500142	0.653941333809
AF5	0.685887953923	0.668932772856	0.713942631819	0.680008884392	0.657480235606	0.64815982062	0.675937649646	0.684038376567	0.66252341495	0.675828351362	0.681429665696	0.683458272124	0.6818738584	0.674524904213	0.689688910645	0.668459487674	0.686313660725	0.703033270577	0.714713890677	0.673410932283	0.71256721578	0.68992206987	0.679377714784	0.69360811851	0.735501500699	0.70183303617	0.682816622458	0.694395472242	0.682775153439	0.651255968913	0.741119490692	0.683621658215	0.640968751935	0.684579012763	0.676433398331	0.675947036978	0.663942147047	0.539575415204	0.645241515202	0.67402220458	0.667197668635	0.0	0.497910866874	0.659376121406	0.711152794424	0.707381600086	0.69987102117	0.686577047829	0.678756883071	0.686206425262	0.693210866662	0.731341775513	0.672215082734	0.710602387549	0.683018653164	0.70077308263	0.67393680659	0.73155036439	0.679926144595	0.660366744757	0.650786549864	0.712019713989
AF6	0.658507153033	0.640676246719	0.696543928111	0.655268803498	0.661743455747	0.646800266843	0.675270588389	0.678670485452	0.675278085028	0.660430491172	0.66784899886	0.673361888802	0.659609278274	0.657925189806	0.684627901686	0.654715102738	0.692048555015	0.692208881142	0.748035883265	0.671963556679	0.719872645023	0.674553657086	0.682091739149	0.685322511667	0.738610974625	0.688763763191	0.677961549732	0.679867914926	0.685734308679	0.644549891436	0.742089453347	0.673930791761	0.651266519311	0.654941230047	0.685120151182	0.662204032848	0.591513953588	0.502538087878	0.647466602952	0.671225286014	0.65366795447	0.497910866874	0.0	0.625782777194	0.686010466952	0.674536504035	0.66879990667	0.668978014847	0.640652747702	0.660601330936	0.680122036513	0.670075526189	0.673964228975	0.669099493137	0.664942528058	0.675692322094	0.635040250176	0.686980719942	0.645912497387	0.654067068315	0.651654957746	0.697202304406
