	CR89	CR95	CR334	CR348	CR457	CR458	CR464	CR469	CR470	CR2528	CR2530	GM173	KSG242	KSG246	KSG477	KSG0645	KSG0647	KSG0652	KSG0660	KSG0673	KSG1471	KSG1507	US1AZ	WCR464	WLK3	WLK12
CR89	0.0	0.752497927677	0.994211016485	1.32390193879	0.996317430654	0.95144002144	1.14121682526	1.29664982605	1.12983004664	0.693283733133	0.83380387799	1.48862414876	3.85369800735	4.65270992594	4.0740969486	1.35485126521	1.37204396945	1.22653322811	1.32597676091	1.35989279766	0.802177390483	0.717278200067	1.29084369887	1.21582151086	2.00753379922	0.9609016381
CR95	0.752497927677	0.0	0.666957466099	1.06548184664	0.68847830796	0.671565458667	0.799596086087	1.02393498078	0.850669249347	0.859898814431	1.14711692181	1.19547949622	3.45750283808	4.27545723997	3.74507208576	1.04787829321	1.08507189915	0.987685735546	1.0473570936	1.07536005522	1.02475918911	1.01617453337	1.05096618586	0.821873880015	1.59057240199	0.713457381207
CR334	0.994211016485	0.666957466099	0.0	0.884085825291	0.880087897441	0.800761103884	0.7983098755	0.805425046736	0.822000596374	1.20642742182	1.48574722414	1.03564132178	3.59125027423	4.30648185524	3.73224617199	0.891266950521	0.973605288563	0.885716814799	0.884774594023	0.890832953327	1.3057554122	1.30498582138	0.959751910509	0.805341700479	1.55122427234	0.856513773317
CR348	1.32390193879	1.06548184664	0.884085825291	0.0	1.29733600593	1.2255372823	1.05341256654	0.861015313747	0.945385707999	1.49893313356	1.70839217893	1.17034636078	3.85540727344	4.60209042647	4.07802807312	0.987556467049	1.14782083957	1.01053897975	0.872690819742	0.954698395572	1.47823922822	1.52604905583	1.22787275046	1.02812683815	1.76421000224	1.22293398421
CR457	0.996317430654	0.68847830796	0.880087897441	1.29733600593	0.0	0.383693837857	0.874156860089	1.15306413886	1.18094943251	0.852295499027	1.2659767687	1.48019724043	3.63673508636	4.41557986931	3.8112527701	1.25263164116	1.25894575437	1.06015893864	1.16894569289	1.25823431932	1.13459681024	1.12107606997	1.01931047301	1.10094146835	1.84033798048	0.954040460963
CR458	0.95144002144	0.671565458667	0.800761103884	1.2255372823	0.383693837857	0.0	0.771878827439	1.07901992924	1.08516094573	0.840243187221	1.25586384467	1.41124702215	3.5770551963	4.38620813778	3.7925524527	1.17773081319	1.19410327201	1.03982470407	1.10086121874	1.19448933213	1.1131570808	1.11380866251	0.986408136694	0.945151139353	1.7652731461	0.870409775225
CR464	1.14121682526	0.799596086087	0.7983098755	1.05341256654	0.874156860089	0.771878827439	0.0	0.874507015278	1.01304557689	1.23101579812	1.50500396223	1.32260615198	3.70887498563	4.47815586329	3.83867142579	1.00649349904	0.91330402578	0.942247411387	0.912112281761	0.897523391976	1.37262164594	1.33125612285	0.895915839717	0.404482274886	1.47416847363	0.691741773069
CR469	1.29664982605	1.02393498078	0.805425046736	0.861015313747	1.15306413886	1.07901992924	0.874507015278	0.0	0.843846456728	1.53750764961	1.7739708883	1.11517464833	3.75820593415	4.44105026748	3.93653898908	0.749147083268	0.86769087254	0.86397523428	0.654026357637	0.714094335294	1.58366457896	1.57849151946	1.0658892735	0.866282739981	1.51387430421	1.05623266011
CR470	1.12983004664	0.850669249347	0.822000596374	0.945385707999	1.18094943251	1.08516094573	1.01304557689	0.843846456728	0.0	1.3904016284	1.6416606544	0.956404298237	3.65548886227	4.43482805696	3.95063819904	0.831564410085	1.11419650194	0.832259782206	0.810934382824	1.01827805459	1.42092272529	1.44984066343	1.24692409293	1.01866718372	1.68494434357	1.02629245132
CR2528	0.693283733133	0.859898814431	1.20642742182	1.49893313356	0.852295499027	0.840243187221	1.23101579812	1.53750764961	1.3904016284	0.0	0.603633234973	1.70984022055	3.89607238275	4.71864984422	4.08084173964	1.56600862451	1.58761461805	1.42154612966	1.55760187783	1.58961290688	0.663030214282	0.636966397966	1.33853618603	1.36500490758	2.18865798305	1.08563354556
CR2530	0.83380387799	1.14711692181	1.48574722414	1.70839217893	1.2659767687	1.25586384467	1.50500396223	1.7739708883	1.6416606544	0.603633234973	0.0	1.87445694423	4.09845801268	4.89912929283	4.29215080828	1.79466591159	1.80769081758	1.6730978283	1.81614274798	1.81866647719	0.75899623335	0.625985916875	1.60936000935	1.57047502016	2.35927836111	1.31591925325
GM173	1.48862414876	1.19547949622	1.03564132178	1.17034636078	1.48019724043	1.41124702215	1.32260615198	1.11517464833	0.956404298237	1.70984022055	1.87445694423	0.0	3.42294744964	4.13908279878	3.8819903378	1.03824968898	1.2690788561	1.09757156586	1.09143437209	1.1829080555	1.70563193347	1.74286045533	1.4908962813	1.23891835054	1.4643194682	1.37149541938
KSG242	3.85369800735	3.45750283808	3.59125027423	3.85540727344	3.63673508636	3.5770551963	3.70887498563	3.75820593415	3.65548886227	3.89607238275	4.09845801268	3.42294744964	0.0	1.19718774918	3.29268625128	3.70606996291	3.87735189352	3.71813067808	3.7993989014	3.87844219168	3.93159690838	3.97536000814	3.88243632173	3.52368376336	2.76201252304	3.61259361686
KSG246	4.65270992594	4.27545723997	4.30648185524	4.60209042647	4.41557986931	4.38620813778	4.47815586329	4.44105026748	4.43482805696	4.71864984422	4.89912929283	4.13908279878	1.19718774918	0.0	2.98911791559	4.2811667365	4.4936624682	4.38399922191	4.47525388004	4.47131458006	4.75126992867	4.78267240879	4.47090578448	4.32309230937	3.50618051518	4.49474876001
KSG477	4.0740969486	3.74507208576	3.73224617199	4.07802807312	3.8112527701	3.7925524527	3.83867142579	3.93653898908	3.95063819904	4.08084173964	4.29215080828	3.8819903378	3.29268625128	2.98911791559	0.0	3.74931506421	3.89332028296	3.86406121762	3.95565485349	3.91319436931	4.16612377127	4.1699535477	3.80998909571	3.75555380822	3.43413759192	3.8821527877
KSG0645	1.35485126521	1.04787829321	0.891266950521	0.987556467049	1.25263164116	1.17773081319	1.00649349904	0.749147083268	0.831564410085	1.56600862451	1.79466591159	1.03824968898	3.70606996291	4.2811667365	3.74931506421	0.0	0.709750889415	0.688350777369	0.522026923719	0.593084282407	1.60656013183	1.60456396093	1.09139037073	0.936702525549	1.47033830171	1.11952806374
KSG0647	1.37204396945	1.08507189915	0.973605288563	1.14782083957	1.25894575437	1.19410327201	0.91330402578	0.86769087254	1.11419650194	1.58761461805	1.80769081758	1.2690788561	3.87735189352	4.4936624682	3.89332028296	0.709750889415	0.0	0.885162397562	0.798947552538	0.520125607393	1.65076972145	1.64517383919	1.11303334634	0.87225100504	1.52704383679	1.1147589571
KSG0652	1.22653322811	0.987685735546	0.885716814799	1.01053897975	1.06015893864	1.03982470407	0.942247411387	0.86397523428	0.832259782206	1.42154612966	1.6730978283	1.09757156586	3.71813067808	4.38399922191	3.86406121762	0.688350777369	0.885162397562	0.0	0.632908836067	0.83669372197	1.50265645275	1.47389701576	1.14789413687	1.03510636552	1.62339880573	1.05867203419
KSG0660	1.32597676091	1.0473570936	0.884774594023	0.872690819742	1.16894569289	1.10086121874	0.912112281761	0.654026357637	0.810934382824	1.55760187783	1.81614274798	1.09143437209	3.7993989014	4.47525388004	3.95565485349	0.522026923719	0.798947552538	0.632908836067	0.0	0.623964512059	1.64201170419	1.61599828039	1.1387506456	0.915566241408	1.5192373635	1.05826590251
KSG0673	1.35989279766	1.07536005522	0.890832953327	0.954698395572	1.25823431932	1.19448933213	0.897523391976	0.714094335294	1.01827805459	1.58961290688	1.81866647719	1.1829080555	3.87844219168	4.47131458006	3.91319436931	0.593084282407	0.520125607393	0.83669372197	0.623964512059	0.0	1.61827811517	1.6105344561	1.09335052692	0.867292684043	1.52250702312	1.12166816162
KSG1471	0.802177390483	1.02475918911	1.3057554122	1.47823922822	1.13459681024	1.1131570808	1.37262164594	1.58366457896	1.42092272529	0.663030214282	0.75899623335	1.70563193347	3.93159690838	4.75126992867	4.16612377127	1.60656013183	1.65076972145	1.50265645275	1.64201170419	1.61827811517	0.0	0.530332110694	1.51033571528	1.43410117745	2.20835905902	1.24562036283
KSG1507	0.717278200067	1.01617453337	1.30498582138	1.52604905583	1.12107606997	1.11380866251	1.33125612285	1.57849151946	1.44984066343	0.636966397966	0.625985916875	1.74286045533	3.97536000814	4.78267240879	4.1699535477	1.60456396093	1.64517383919	1.47389701576	1.61599828039	1.6105344561	0.530332110694	0.0	1.45325877014	1.43552361583	2.2357247572	1.18428787095
US1AZ	1.29084369887	1.05096618586	0.959751910509	1.22787275046	1.01931047301	0.986408136694	0.895915839717	1.0658892735	1.24692409293	1.33853618603	1.60936000935	1.4908962813	3.88243632173	4.47090578448	3.80998909571	1.09139037073	1.11303334634	1.14789413687	1.1387506456	1.09335052692	1.51033571528	1.45325877014	0.0	1.0635431268	1.72873413903	1.04487818689
WCR464	1.21582151086	0.821873880015	0.805341700479	1.02812683815	1.10094146835	0.945151139353	0.404482274886	0.866282739981	1.01866718372	1.36500490758	1.57047502016	1.23891835054	3.52368376336	4.32309230937	3.75555380822	0.936702525549	0.87225100504	1.03510636552	0.915566241408	0.867292684043	1.43410117745	1.43552361583	1.0635431268	0.0	1.26700452841	0.770986600732
WLK3	2.00753379922	1.59057240199	1.55122427234	1.76421000224	1.84033798048	1.7652731461	1.47416847363	1.51387430421	1.68494434357	2.18865798305	2.35927836111	1.4643194682	2.76201252304	3.50618051518	3.43413759192	1.47033830171	1.52704383679	1.62339880573	1.5192373635	1.52250702312	2.20835905902	2.2357247572	1.72873413903	1.26700452841	0.0	1.50717832683
WLK12	0.9609016381	0.713457381207	0.856513773317	1.22293398421	0.954040460963	0.870409775225	0.691741773069	1.05623266011	1.02629245132	1.08563354556	1.31591925325	1.37149541938	3.61259361686	4.49474876001	3.8821527877	1.11952806374	1.1147589571	1.05867203419	1.05826590251	1.12166816162	1.24562036283	1.18428787095	1.04487818689	0.770986600732	1.50717832683	0.0