	CA7	CA8	CB7	CB8	CC7	CC8	CD7	CD8	CE7	CE8	CF7	CF8	CG7	CG8	CH7	CH8	CA1	CA2	CB1	CB2	CC1	CC2	CD1	CD2	CE1	CE2	CF1	CF2	CG1	CG2	CH1	CH2	CA5	CA6	CB5	CB6	CC5	CC6	CD6	CE5	CE6	CF5	CF6	CG5	CG6	CH5	CH6	CA11	CA12	CB11	CB12	CC11	CC12	CD11	CD12	CE11	CE12	CF11	CF12	CG11	CG12	CH11	CH12	CA3	CA4	CB3	CB4	CC4	CD3	CD4	CE4	CF3	CF4	CG3	CG4	CH3	CH4	CA9	CA10	CB9	CB10	CC9	CC10	CD9	CD10	CE9	CE10	CF9	CG9	CG10	CH9	CH10
CA7	0.0	0.594845340866	0.640486203829	0.681969386457	0.693397669855	0.673701397796	0.58034242292	0.628209992923	0.601615833283	0.596072002917	0.642582328022	0.615184601226	0.631195595064	0.637397451284	0.619840008221	0.55058045184	0.686384247007	0.676512477317	0.704018079134	0.675294512387	0.697361888364	0.69355219263	0.722927815616	0.713318261225	0.718596588058	0.719019154712	0.663016849237	0.685097825018	0.658436489394	0.627420040636	0.686610643219	0.685931960601	0.818061481217	0.706966447058	0.776155937623	0.819502617968	0.821212635354	0.769202144047	0.813613993768	0.762419074957	0.734403849438	0.798933915868	0.780517204196	0.740023198901	0.811853199915	0.757949930184	0.8435955723	0.725787370419	0.675580042455	0.707738675587	0.640691311388	0.705005356964	0.667872893874	0.692837016205	0.723480306618	0.659343891139	0.683969462694	0.655574981529	0.673621991107	0.655377313675	0.685703716208	0.678766826062	0.69557907657	0.722451370183	0.747487350493	0.722100028932	0.702793837223	0.705692662591	0.699737937884	0.675775435578	0.730793182588	0.700206939378	0.727241132932	0.671479835031	0.694962088559	0.737174522905	0.681210012802	0.731618366263	0.713544496499	0.721911781887	0.750503100998	0.691218708462	0.701151891587	0.712731217519	0.668241491955	0.645147863339	0.659805911773	0.689373954491	0.745757792527	0.660616138888	0.683628606537	0.740647685045
CA8	0.594845340866	0.0	0.543126874679	0.627857816141	0.576125814194	0.582349619905	0.556720131992	0.592845657562	0.621228116312	0.582560209499	0.576846875528	0.541030221091	0.57748169122	0.576684511732	0.514390952496	0.54322783295	0.594824496816	0.600431409592	0.697498895587	0.645612657071	0.683118723112	0.620655734613	0.66963776182	0.65541306023	0.627715637803	0.66472889902	0.596077879823	0.632051446927	0.623770714196	0.635979117018	0.605401184647	0.611289039458	0.830013538793	0.726284072372	0.778459095953	0.814842117948	0.820499903745	0.782655164551	0.828145931813	0.791054832025	0.739570691442	0.804970914549	0.799674154815	0.766717595784	0.817517346595	0.72195606307	0.831219714407	0.722003667202	0.666171377188	0.669577389921	0.617992553087	0.64561106691	0.642180947279	0.681462677291	0.695276770132	0.666788401758	0.649767791329	0.646899084405	0.654003531476	0.659648029543	0.638926080272	0.657996237306	0.656922033755	0.727068612851	0.774181021591	0.735865844608	0.648367636943	0.741345536397	0.684036027192	0.627619690084	0.705788550689	0.687772823487	0.729527594049	0.610324751223	0.740177774812	0.769189139146	0.648288024816	0.712536253764	0.68928322086	0.686534188201	0.708620423807	0.650917317505	0.660395510569	0.674131764363	0.695441485267	0.662255274269	0.647064881443	0.705280689414	0.722041752326	0.678381120308	0.664878450474	0.697778948519
CB7	0.640486203829	0.543126874679	0.0	0.574180985379	0.557433745953	0.602633384873	0.581633632837	0.647791486532	0.632680301313	0.603969438722	0.583956431764	0.569022075314	0.565546063863	0.539298082102	0.595321550542	0.608617554704	0.6155672677	0.575800945223	0.635748292537	0.612835185663	0.711209001835	0.618885657805	0.604877401691	0.583488666176	0.5890072559	0.62184312794	0.595768251879	0.617343382563	0.611574282828	0.658050955565	0.609095111769	0.601303167858	0.883473378406	0.800056289913	0.846618388205	0.871183103398	0.864874104519	0.835082945378	0.870253393804	0.840768656974	0.822357333822	0.858031479425	0.84839925008	0.837095641387	0.866406485422	0.775676083946	0.886216206969	0.762940655993	0.713184778306	0.721776922403	0.697852964439	0.665478755675	0.713386188136	0.730910091123	0.72978030587	0.712897974561	0.690744824158	0.701065913731	0.703468930147	0.712007610429	0.705582937589	0.726527100728	0.692081069936	0.762770134002	0.807498332146	0.763404361636	0.733732516685	0.755511130183	0.754812557564	0.70742890037	0.764849120023	0.752353331419	0.772509627427	0.677400781629	0.75985945655	0.781558456467	0.737352207741	0.759132730386	0.742941623127	0.738910667412	0.751621186829	0.724779465829	0.720614062982	0.731928723661	0.688316006489	0.745139787305	0.74412742798	0.766389848924	0.750263473649	0.733212631211	0.710203259924	0.726926596494
CB8	0.681969386457	0.627857816141	0.574180985379	0.0	0.523043703458	0.634453066458	0.630042341478	0.672689507447	0.665068195214	0.633723078009	0.62912953315	0.614985422031	0.507471675513	0.536080811192	0.619042556211	0.637490534541	0.664308424265	0.60244037246	0.66168686516	0.681898486803	0.758354836703	0.686605095272	0.645328497333	0.640177710062	0.548486724195	0.607219927097	0.667325820848	0.625336906565	0.640976649988	0.677858395513	0.674852881642	0.65158844408	0.875119617949	0.809745057248	0.854183726498	0.887184782976	0.875084823046	0.851484478607	0.865218157237	0.832644423746	0.832366741376	0.86956832515	0.852628192619	0.843567493626	0.874735251889	0.794600193886	0.899232656067	0.76530434534	0.787300578477	0.720555891376	0.734778126849	0.72310181161	0.750536639025	0.759332771474	0.758985257474	0.746456144929	0.714943274571	0.738095006793	0.747662677713	0.744121657852	0.747602831412	0.73264340479	0.733837723008	0.821359476728	0.83674021158	0.822146533619	0.774289558831	0.788263609781	0.794171792328	0.755836349155	0.788722432836	0.774907336595	0.794157574557	0.737780248073	0.814214801506	0.810570392093	0.794288617484	0.773195685089	0.750610466725	0.719976088993	0.76792111841	0.733665026013	0.762833560918	0.729261300274	0.729936625874	0.754838197554	0.74216917716	0.775227569328	0.781890135114	0.737611114294	0.747338869221	0.728367409008
CC7	0.693397669855	0.576125814194	0.557433745953	0.523043703458	0.0	0.552931628245	0.636948859393	0.670024955343	0.665355400609	0.649287855924	0.547075770758	0.540507139533	0.5147000117	0.568383408366	0.616736567105	0.651346527887	0.61635481021	0.569927661728	0.651221834468	0.671066317137	0.73655680635	0.65102011758	0.615684033373	0.601828385614	0.563022689382	0.570847436397	0.649751093945	0.589514134341	0.637565418244	0.694674913474	0.670261517946	0.642754941293	0.877746318839	0.817758116959	0.860067436722	0.876607362572	0.876193146768	0.848165038116	0.864336092345	0.83464117491	0.828563186335	0.868618031019	0.856546193051	0.838948721512	0.880674568807	0.799144016696	0.877639111131	0.789321015771	0.783857778365	0.735885055123	0.725283505687	0.724957972072	0.726891930846	0.755700877175	0.760288832118	0.75510798946	0.711636986957	0.723195271335	0.723249192767	0.744444574779	0.746986658106	0.749383113089	0.736876239876	0.817410425471	0.846381921489	0.828461865857	0.730499721695	0.788439728616	0.7991969504	0.738459921433	0.800671635081	0.771579254641	0.797329355197	0.714941848736	0.815401514801	0.812632063642	0.785784375808	0.761075502485	0.770217255856	0.755021727284	0.765443942309	0.755270977828	0.752975022666	0.755914001124	0.744812150728	0.768093736479	0.736192619809	0.804575997897	0.775190861711	0.763519775891	0.747378885018	0.76176879679
CC8	0.673701397796	0.582349619905	0.602633384873	0.634453066458	0.552931628245	0.0	0.596410160365	0.653183054128	0.635006407446	0.629351228645	0.508202861678	0.493496408216	0.578798148012	0.608035473039	0.584072787278	0.655490945085	0.614537898049	0.589047039501	0.699682074886	0.673345148421	0.694007972765	0.622623814711	0.631040933747	0.626229698869	0.570654026242	0.632247046431	0.610757876719	0.649180875212	0.677226700922	0.682253042385	0.663058663788	0.636769127648	0.89801362549	0.823592233536	0.880813615212	0.900644744919	0.900625787029	0.882207564138	0.894254318713	0.862187970769	0.846807414986	0.891432203425	0.888450282799	0.852512407571	0.906258964197	0.833372656825	0.913720090894	0.731446657438	0.756329347482	0.707395435752	0.716732012793	0.694112579939	0.706259302806	0.695388568481	0.714786281579	0.691846356613	0.673955170865	0.714495504271	0.670538181239	0.709259382007	0.72140502342	0.71190993028	0.712997506172	0.795039301856	0.786873563296	0.777467581786	0.688391646407	0.756537991525	0.74424366303	0.708448360403	0.735060327117	0.733042530555	0.715523055272	0.653201458441	0.762469798842	0.776243508038	0.758891665467	0.727968671953	0.730612148337	0.704126971887	0.715771521136	0.734304658719	0.714440056518	0.717674245143	0.70534420037	0.732567198429	0.738743544247	0.770856713683	0.716974938832	0.731856148748	0.695911160244	0.701543170516
CD7	0.58034242292	0.556720131992	0.581633632837	0.630042341478	0.636948859393	0.596410160365	0.0	0.583349595837	0.542345053529	0.534107881002	0.582534253018	0.556942948398	0.62912285184	0.625153927148	0.617781905103	0.531395268198	0.627708873359	0.616968938063	0.674502230349	0.631297591995	0.703454224584	0.676479855074	0.658228237524	0.642544212993	0.637640883423	0.609935197012	0.608525153668	0.668486414427	0.606757399772	0.590015364041	0.643745770847	0.604970783764	0.860076411284	0.765990911148	0.828371377597	0.849246932958	0.859601696361	0.833104432705	0.852514650709	0.80119287846	0.804071004493	0.843045085288	0.834290391012	0.809586889137	0.855571327346	0.763708689951	0.882606964394	0.706980235885	0.67624179545	0.697793011991	0.651383214728	0.644218339001	0.672126887507	0.659482197751	0.667185772931	0.635687116857	0.61469588478	0.665078111215	0.636529398141	0.638816790884	0.671408701658	0.69040616436	0.652420995665	0.75096642615	0.755158378437	0.716425351007	0.74133569241	0.737630939795	0.758151531941	0.714005838342	0.722663320323	0.697903029647	0.704373527888	0.690291971874	0.709549961963	0.752332088855	0.744910306329	0.699836898696	0.686532679841	0.71188738735	0.692476629079	0.66828700506	0.674507535692	0.658915757169	0.631597388912	0.684071433476	0.674908622308	0.683044565971	0.679544023842	0.680174371437	0.631536382568	0.693358223081
CD8	0.628209992923	0.592845657562	0.647791486532	0.672689507447	0.670024955343	0.653183054128	0.583349595837	0.0	0.584137951649	0.582233494281	0.606470480985	0.631976689527	0.628217519403	0.649036996038	0.629998686858	0.582020023188	0.686508960829	0.704098011149	0.738154494872	0.70812144904	0.694224449534	0.696159867724	0.71516376173	0.728557568512	0.722567689102	0.720994290011	0.679913316109	0.737549360639	0.678401889142	0.657809105882	0.67621770099	0.656771816575	0.815704689118	0.702253839345	0.770917666942	0.805658518672	0.803864860662	0.776501958434	0.797902435819	0.759197151958	0.705851557989	0.792283452073	0.773860117346	0.756676462866	0.809495502813	0.717281886715	0.818830295694	0.717731800609	0.67886746854	0.642209656855	0.629908380199	0.684989828602	0.625799806932	0.634120299107	0.6700879962	0.659557018785	0.632034167396	0.631243554947	0.647955230937	0.653725704227	0.634745138549	0.664560638004	0.649484555451	0.692756072898	0.766556234249	0.733306421598	0.684328371639	0.730216695533	0.729501573865	0.657270841229	0.701277505651	0.731920621612	0.707304931007	0.670588580954	0.722776825922	0.750589804041	0.683350946038	0.723209915669	0.688367278689	0.664948077142	0.715667932042	0.63755400166	0.670673526381	0.689041649818	0.63225920855	0.647776958735	0.644630442984	0.649935147783	0.724689598048	0.637429304455	0.622161100518	0.664659466076
CE7	0.601615833283	0.621228116312	0.632680301313	0.665068195214	0.665355400609	0.635006407446	0.542345053529	0.584137951649	0.0	0.584317550432	0.640559211666	0.610308548363	0.631193736079	0.648299463169	0.612772552394	0.609062395831	0.689210009128	0.678725763142	0.722286632189	0.663797561967	0.71987416019	0.702160633348	0.722909498246	0.715216366888	0.689551692354	0.696531339666	0.671077294496	0.710090307345	0.655436324134	0.642988980188	0.677044382991	0.662080298974	0.829445110374	0.740503142776	0.799709843683	0.825826790561	0.828592077468	0.78547721194	0.814352305561	0.779743443763	0.760056242095	0.813213544826	0.796186063595	0.782376044668	0.830723587242	0.763740928434	0.848739557135	0.703142555983	0.698856729757	0.702320488388	0.636434051484	0.63353788707	0.656191630477	0.669955143532	0.661102469785	0.652326594192	0.627249065129	0.637435675675	0.618827264158	0.64518260283	0.649408664724	0.676102553262	0.635828196533	0.710104760356	0.74875946884	0.723493792946	0.714500704522	0.700539300514	0.751624565271	0.698838767317	0.725847705702	0.690119248598	0.729650129741	0.663564651551	0.711585912879	0.750663363339	0.719702492108	0.690645700399	0.690368930061	0.700055797486	0.723223688322	0.68036912937	0.65334573278	0.678131102161	0.647678200562	0.663104589937	0.666790835201	0.680498422844	0.685515773351	0.659874877338	0.64308726133	0.685637521763
CE8	0.596072002917	0.582560209499	0.603969438722	0.633723078009	0.649287855924	0.629351228645	0.534107881002	0.582233494281	0.584317550432	0.0	0.602967283381	0.584560431122	0.610313638417	0.633571876595	0.62092576077	0.606606146879	0.646503234402	0.632024530427	0.683459595736	0.704462304416	0.691163702781	0.657888911464	0.682804731263	0.678785661279	0.675512476725	0.691193669636	0.660335513178	0.674300903078	0.661201836653	0.619587972317	0.681848443774	0.652133731526	0.850793307716	0.750562106232	0.824674820597	0.845776116512	0.838932681613	0.825024650717	0.835413178054	0.789357352816	0.770069630038	0.830386277783	0.822546546234	0.813205308184	0.845121237548	0.758275976127	0.862144455276	0.675372526621	0.687318749035	0.65894885479	0.686842623203	0.710009283628	0.688100832503	0.690274632328	0.69467442089	0.683413593165	0.626753463658	0.673525620961	0.641249174851	0.631332088174	0.68616557754	0.672298116944	0.647076110215	0.774497309896	0.755979270108	0.759873471777	0.719735580671	0.758952573412	0.689425549019	0.699052087383	0.730567929279	0.684358244938	0.730277035326	0.690839536702	0.740937843211	0.767831385576	0.733979072192	0.721445926747	0.678487520854	0.706747164054	0.707973701951	0.648807321669	0.6512895764	0.645646156382	0.641646903044	0.660770842661	0.699414401133	0.723199135224	0.71312568705	0.707454041568	0.654148314817	0.659863968022
CF7	0.642582328022	0.576846875528	0.583956431764	0.62912953315	0.547075770758	0.508202861678	0.582534253018	0.606470480985	0.640559211666	0.602967283381	0.0	0.519682182263	0.585710152361	0.607596635636	0.605689776673	0.62882527095	0.609907796363	0.59709529432	0.675029532466	0.640932414364	0.667295931226	0.65487334679	0.611256128519	0.622169716706	0.603511594875	0.599687348871	0.566307123447	0.641450547379	0.615455999408	0.661691401764	0.679076575641	0.6590625437	0.875552826138	0.786362303552	0.855134223226	0.872301532718	0.879482983546	0.858240287004	0.873739463447	0.812809949087	0.796179243233	0.867963845276	0.86109631995	0.835367675351	0.87703637203	0.802050139222	0.895237341551	0.734655190003	0.720408175991	0.677684825086	0.696495904174	0.699624281983	0.70919079025	0.682776218756	0.707771404283	0.702502857488	0.660124666857	0.667345335909	0.647914116799	0.704375716916	0.688855312107	0.68570840075	0.715686316106	0.776873654311	0.78912533436	0.79582382008	0.715529324309	0.743015528724	0.744524533617	0.727610766876	0.739957087158	0.718466666691	0.749456987616	0.700907314789	0.771217380862	0.769614818003	0.770708691545	0.732733298579	0.718157114315	0.74540614458	0.726130157295	0.720533009051	0.734044188645	0.725524539376	0.686460925545	0.719558288319	0.70758692261	0.762208154064	0.731453224788	0.73240801996	0.706750315212	0.729621417843
CF8	0.615184601226	0.541030221091	0.569022075314	0.614985422031	0.540507139533	0.493496408216	0.556942948398	0.631976689527	0.610308548363	0.584560431122	0.519682182263	0.0	0.585546947742	0.578900893196	0.587549253895	0.600337622527	0.582739655264	0.562619083795	0.642602923828	0.640410445909	0.710314877082	0.639165550929	0.626384656468	0.596734666181	0.578904694003	0.625685545399	0.59613260877	0.615112950974	0.614011392277	0.620204252698	0.655392555504	0.604617307801	0.872701726314	0.784609371817	0.840423736384	0.864549266983	0.86911193598	0.840530546566	0.865242597118	0.829849362625	0.814928744986	0.857594200193	0.852477457337	0.815739595862	0.867975820048	0.791174554345	0.877925805008	0.739769248462	0.724201372584	0.69291298536	0.662208478981	0.700273394736	0.688392886164	0.694080728916	0.73165357669	0.701157842972	0.671564666591	0.667360664569	0.669722253194	0.692560618512	0.700152164425	0.705041185117	0.708785718553	0.773330835685	0.775865285194	0.750289925431	0.696986146643	0.749857088143	0.73854221888	0.691469680777	0.747330475881	0.724066013172	0.749804688938	0.661917444797	0.748867235642	0.767423431261	0.723943251173	0.757784328886	0.702164675145	0.714844198801	0.74125007705	0.715372975833	0.680100173497	0.702839347117	0.683717134663	0.725763532913	0.707103008028	0.747615652009	0.739452694725	0.719706870177	0.691579940752	0.708002244657
CG7	0.631195595064	0.57748169122	0.565546063863	0.507471675513	0.5147000117	0.578798148012	0.62912285184	0.628217519403	0.631193736079	0.610313638417	0.585710152361	0.585546947742	0.0	0.538938195182	0.617291936636	0.641448423543	0.63626233127	0.603380014974	0.664950043403	0.66821657487	0.708288526229	0.640569521457	0.622804464754	0.641529973525	0.585661436253	0.611718459397	0.612878371611	0.596175129905	0.628258130827	0.67894766428	0.665906686072	0.644515012362	0.853841395628	0.778667089726	0.841432543106	0.860771439406	0.866711779996	0.840397799463	0.845730219268	0.808007105273	0.807429743124	0.860437781662	0.848214489971	0.827645967906	0.870448297931	0.789608662495	0.881502788944	0.764819647996	0.736973976007	0.7034250809	0.687064114985	0.702324468532	0.696769863993	0.724832663265	0.733348997344	0.701104800836	0.689716519825	0.689813022731	0.682959071654	0.707235772547	0.710102621392	0.716479960279	0.699111897686	0.787473268234	0.788391895339	0.803253013822	0.701326106889	0.732552743434	0.739624626034	0.675416436063	0.75497602149	0.739331212696	0.749576686554	0.678648280845	0.771214213262	0.760471480925	0.735157299226	0.719872636196	0.755200190732	0.716057308847	0.724296961142	0.707997138341	0.717694672368	0.718311092703	0.683800429387	0.710733526475	0.686531358082	0.755436294775	0.738057939037	0.710495541141	0.700389344909	0.713800744554
CG8	0.637397451284	0.576684511732	0.539298082102	0.536080811192	0.568383408366	0.608035473039	0.625153927148	0.649036996038	0.648299463169	0.633571876595	0.607596635636	0.578900893196	0.538938195182	0.0	0.638699312938	0.637441416974	0.649108329156	0.619248669297	0.702069167193	0.669717996077	0.72516201339	0.638110164969	0.654280616833	0.640486961387	0.563472264844	0.649124666578	0.646364513803	0.644385236827	0.650890521276	0.665586899509	0.677138445263	0.646286525983	0.888322982639	0.811384301299	0.845006280878	0.876113106848	0.867816389634	0.842034069203	0.87543993076	0.84840610996	0.817574863965	0.858433608884	0.848366151142	0.830733851221	0.871863683125	0.794082826387	0.880619442944	0.734945942313	0.74752013433	0.672681094175	0.718084323979	0.714141540256	0.731472075001	0.741797179248	0.730905125517	0.723928530988	0.701210736218	0.729431769845	0.720358691974	0.704341853957	0.735662987157	0.701873064758	0.726332823508	0.796043423433	0.799231571282	0.762403736213	0.740932354853	0.730290956052	0.754407345073	0.716181585753	0.777380478787	0.752381712329	0.768407208307	0.70072201381	0.73498684095	0.782198738643	0.743544316471	0.750639307907	0.715620282877	0.710478537671	0.750721950598	0.729042746716	0.71746512106	0.70247132535	0.706759135532	0.713692138797	0.70652303955	0.780718938332	0.749397229384	0.728056101316	0.718286834276	0.706816965421
CH7	0.619840008221	0.514390952496	0.595321550542	0.619042556211	0.616736567105	0.584072787278	0.617781905103	0.629998686858	0.612772552394	0.62092576077	0.605689776673	0.587549253895	0.617291936636	0.638699312938	0.0	0.590256542483	0.63160017344	0.635689901452	0.6986484428	0.671997010598	0.731790918464	0.666050862142	0.668431368244	0.671081878547	0.657782132686	0.691739155771	0.630819934102	0.675395417502	0.658855597404	0.684775300289	0.671590974822	0.67148804292	0.852753794394	0.76031770487	0.823373240058	0.858301425858	0.857235885325	0.829673876904	0.844499627753	0.810413905454	0.786559155152	0.841243871916	0.829488000433	0.80666711868	0.856311612073	0.773291078417	0.880532316038	0.733069141012	0.719738532211	0.68380549802	0.662370328806	0.67352637325	0.672142299442	0.690571527064	0.700341334903	0.690238997496	0.674466254008	0.673487604156	0.675846254491	0.692073617684	0.677144334149	0.692772171897	0.678687546394	0.749663978645	0.73892246106	0.749032435976	0.708700183473	0.737252027257	0.717766966272	0.689825072399	0.69951189251	0.723074599197	0.727758544389	0.649470695034	0.746274017993	0.732583904593	0.704088496382	0.700380630711	0.739831114436	0.688121733968	0.714919427281	0.680892896492	0.689427445014	0.713357274519	0.713297669047	0.692900003602	0.679531438067	0.708776898286	0.729068926768	0.688984999046	0.693549779593	0.711567315197
CH8	0.55058045184	0.54322783295	0.608617554704	0.637490534541	0.651346527887	0.655490945085	0.531395268198	0.582020023188	0.609062395831	0.606606146879	0.62882527095	0.600337622527	0.641448423543	0.637441416974	0.590256542483	0.0	0.677969064374	0.683616512774	0.698746286694	0.665604119667	0.697804266831	0.665067234421	0.71530714142	0.703602627601	0.68871579376	0.684539214583	0.635049869745	0.672759501701	0.659809526395	0.619268363136	0.684225084218	0.637452410796	0.829429982559	0.717050678749	0.7926808345	0.834869894012	0.810218182715	0.77792164681	0.812144391711	0.769575149835	0.75953383584	0.81214259674	0.787966232766	0.76387671525	0.828012001237	0.726481481804	0.837710656269	0.738556368643	0.68175143102	0.681790004679	0.625912514965	0.684473442732	0.663595906969	0.693726643764	0.712669211027	0.662390185022	0.660472879605	0.664938185689	0.675315196521	0.67384074892	0.674400681811	0.679390316964	0.67208741565	0.734885165711	0.774665221127	0.737119774941	0.71885422265	0.74048724997	0.745329825838	0.689534757189	0.734091166773	0.742586392866	0.749988363654	0.696590765061	0.728366775797	0.765719817883	0.692488225163	0.729612830698	0.703963810215	0.719275592276	0.748150807373	0.660456869615	0.699590072778	0.722267798448	0.667516120566	0.670403960223	0.669944663118	0.661134374727	0.734475725249	0.646936796966	0.684502723293	0.730494856828
CA1	0.686384247007	0.594824496816	0.6155672677	0.664308424265	0.61635481021	0.614537898049	0.627708873359	0.686508960829	0.689210009128	0.646503234402	0.609907796363	0.582739655264	0.63626233127	0.649108329156	0.63160017344	0.677969064374	0.0	0.388256736306	0.609079404802	0.60124949833	0.678900495413	0.579071244165	0.620977199695	0.586620668258	0.598477735797	0.636045925163	0.566521422408	0.56898013681	0.558957137707	0.645464722922	0.568253042037	0.566674319251	0.915095999094	0.838528309722	0.89771392547	0.898558536624	0.914713412564	0.886822717944	0.911103031493	0.872354997422	0.844773646968	0.902785169602	0.900848874515	0.87618479517	0.90030831434	0.828892173479	0.92836866771	0.783005255245	0.731927707469	0.74531922742	0.749677231381	0.729761877962	0.740061911533	0.741757512568	0.729210272	0.728250403152	0.732606141441	0.721093678906	0.713982078831	0.754536426621	0.739383628695	0.739867053871	0.750466518499	0.780374385538	0.768788803401	0.791929939786	0.741011613682	0.718197384445	0.729752104053	0.735825122371	0.744648442146	0.73321372302	0.751643352845	0.710718292122	0.770553047918	0.737448117059	0.74632630682	0.758039755875	0.759762118252	0.741379611013	0.734967303572	0.742762232543	0.705891540853	0.720833026794	0.726689430284	0.746865234413	0.731652043532	0.76599683025	0.745484141176	0.763923639997	0.724923674684	0.736712402326
CA2	0.676512477317	0.600431409592	0.575800945223	0.60244037246	0.569927661728	0.589047039501	0.616968938063	0.704098011149	0.678725763142	0.632024530427	0.59709529432	0.562619083795	0.603380014974	0.619248669297	0.635689901452	0.683616512774	0.388256736306	0.0	0.590791260256	0.560068285347	0.685899128294	0.594678009565	0.580195021947	0.542035291085	0.58162838486	0.585011085234	0.538532906863	0.539002428933	0.508393010089	0.623289130203	0.539717334702	0.540203408157	0.906750002365	0.832271240459	0.891206995933	0.899372912936	0.912600000245	0.879258945477	0.903426396808	0.867935306796	0.841308857225	0.89687061184	0.894827636805	0.870566522272	0.901449175362	0.820168799083	0.922742968784	0.777042007149	0.746535265918	0.750653891654	0.754473353249	0.722969655423	0.748085132416	0.758794537585	0.741901562632	0.740018793015	0.73790984284	0.722354332811	0.725704456635	0.749769277345	0.750859028532	0.751312958755	0.745203241885	0.780162468181	0.786160641238	0.794891999879	0.743754707095	0.720722504704	0.735232198843	0.741432831287	0.743833316543	0.730653311775	0.763028708882	0.706958374689	0.760272587599	0.740508005524	0.755170776009	0.744679553326	0.771332949233	0.740251304375	0.749135681171	0.727185143078	0.707859581615	0.736312461575	0.725321685486	0.750912965018	0.738776887472	0.789422247653	0.7527723395	0.774708246485	0.723809130706	0.742837476971
CB1	0.704018079134	0.697498895587	0.635748292537	0.66168686516	0.651221834468	0.699682074886	0.674502230349	0.738154494872	0.722286632189	0.683459595736	0.675029532466	0.642602923828	0.664950043403	0.702069167193	0.6986484428	0.698746286694	0.609079404802	0.590791260256	0.0	0.560858790598	0.755481849335	0.696420589291	0.605358537163	0.569013481703	0.662696816602	0.639598737692	0.605760666416	0.641846958762	0.570245057319	0.625910947812	0.590318133184	0.58442928965	0.919994614333	0.817335285134	0.897845871335	0.893726536068	0.896841065079	0.88337460828	0.89815887406	0.849567291212	0.859658294087	0.894455031128	0.889468159302	0.883141583194	0.89173678239	0.803860043957	0.929862258598	0.835434747763	0.810132448565	0.808820919198	0.790843950902	0.79991227953	0.804468238555	0.821609114285	0.830787251954	0.807820012278	0.781870258123	0.790419773086	0.78451223506	0.804427065703	0.816652957985	0.800463879658	0.814734662512	0.823648913203	0.819503625613	0.835754017192	0.784674002139	0.779155167296	0.794865418079	0.775914842456	0.810229006881	0.791406481669	0.823921274028	0.765139438257	0.818798879981	0.786191425746	0.798656662504	0.836739390296	0.832725596937	0.812113247623	0.823865897694	0.790991799651	0.790804880146	0.813300191541	0.781451965629	0.818536803254	0.811551063784	0.806475298298	0.829186223613	0.815650906699	0.811036148983	0.818081385758
CB2	0.675294512387	0.645612657071	0.612835185663	0.681898486803	0.671066317137	0.673345148421	0.631297591995	0.70812144904	0.663797561967	0.704462304416	0.640932414364	0.640410445909	0.66821657487	0.669717996077	0.671997010598	0.665604119667	0.60124949833	0.560068285347	0.560858790598	0.0	0.706869925425	0.655379481931	0.602059380026	0.586083737037	0.625012746743	0.588512252766	0.525084752508	0.605705594667	0.527156444257	0.580047527778	0.578036207943	0.608801746958	0.908076186381	0.821332523334	0.877466759859	0.877433599068	0.898765278362	0.857270115244	0.894784449409	0.858110190816	0.844085464518	0.891534533037	0.880909799632	0.853631484825	0.880476625366	0.808455465638	0.922768491722	0.789761030578	0.763913142795	0.765273448613	0.759443122961	0.705461639811	0.782113859041	0.773995301549	0.764842431453	0.7397409133	0.752278576857	0.769332563562	0.757351270753	0.740917653807	0.7795595053	0.752234616931	0.75909316687	0.804448317288	0.803724279438	0.802682427631	0.768615983017	0.75370750216	0.808138291547	0.776529923894	0.757354165751	0.759802389239	0.783180486268	0.730585358473	0.786172446286	0.762201258931	0.806787401714	0.801518357702	0.768008613625	0.80373287016	0.777848937864	0.737662648734	0.752335966041	0.808994947474	0.737379663188	0.77049215883	0.792155879316	0.791654854366	0.764703611514	0.789342371517	0.783766339758	0.809409870505
CC1	0.697361888364	0.683118723112	0.711209001835	0.758354836703	0.73655680635	0.694007972765	0.703454224584	0.694224449534	0.71987416019	0.691163702781	0.667295931226	0.710314877082	0.708288526229	0.72516201339	0.731790918464	0.697804266831	0.678900495413	0.685899128294	0.755481849335	0.706869925425	0.0	0.479057377459	0.747914766617	0.745116241767	0.710225785171	0.72587923265	0.648239303436	0.708733975382	0.719335484093	0.680845781709	0.711568643967	0.693885064796	0.879508357939	0.782317241203	0.841765765406	0.862451803127	0.876917741735	0.847134186344	0.869211251249	0.804684263033	0.794981212218	0.860087522791	0.852287567703	0.82440298346	0.874784958163	0.798122191451	0.875078822333	0.732686754245	0.682597518465	0.676461739053	0.720125041571	0.745809626841	0.735852273114	0.728956193669	0.724220748797	0.715055486395	0.728158247304	0.714100207809	0.690039328958	0.708108866396	0.713873949836	0.684261098805	0.704834788569	0.76605664662	0.752772413091	0.785253565011	0.701526968073	0.743408577543	0.729487534123	0.695671150276	0.701568327298	0.68510427445	0.684949045906	0.691501469284	0.755288045987	0.768040669641	0.73664581615	0.75444449849	0.722243603071	0.743103315791	0.735695838636	0.715004471785	0.740821742338	0.739339552672	0.727571142033	0.707500950008	0.725961734207	0.770884204389	0.735306583878	0.719537251127	0.732131181137	0.736380009108
CC2	0.69355219263	0.620655734613	0.618885657805	0.686605095272	0.65102011758	0.622623814711	0.676479855074	0.696159867724	0.702160633348	0.657888911464	0.65487334679	0.639165550929	0.640569521457	0.638110164969	0.666050862142	0.665067234421	0.579071244165	0.594678009565	0.696420589291	0.655379481931	0.479057377459	0.0	0.674735215811	0.649081360544	0.636284790014	0.70009842906	0.531511311626	0.5534201172	0.655253988702	0.648274061226	0.625403165073	0.625234348182	0.89657844421	0.828908952108	0.874847218455	0.897544361191	0.894697806039	0.873976693354	0.889429253558	0.84690158466	0.833485906192	0.89177452554	0.879664165832	0.861152059542	0.895819761746	0.817011631915	0.903049904454	0.753502516693	0.70903326109	0.695631723898	0.738391312065	0.717141661906	0.723143915526	0.720670205308	0.718488591202	0.695625696531	0.709217072522	0.740879783151	0.720345240527	0.716959445085	0.723269418094	0.697086417207	0.713158742523	0.787928233677	0.77607030055	0.78574571774	0.712399685915	0.743192076113	0.75028481841	0.708857200897	0.726352771313	0.726189589817	0.72328745392	0.672866965173	0.764752865019	0.769329984723	0.731224739634	0.755006377008	0.734443121541	0.721284735473	0.738646243167	0.74332755185	0.725180592564	0.741848608029	0.723633534279	0.743611379152	0.744343275751	0.792270516204	0.738926488493	0.739816586117	0.745130430895	0.723657768393
CD1	0.722927815616	0.66963776182	0.604877401691	0.645328497333	0.615684033373	0.631040933747	0.658228237524	0.71516376173	0.722909498246	0.682804731263	0.611256128519	0.626384656468	0.622804464754	0.654280616833	0.668431368244	0.71530714142	0.620977199695	0.580195021947	0.605358537163	0.602059380026	0.747914766617	0.674735215811	0.0	0.480807106528	0.621738597143	0.561813001715	0.603439612348	0.629771454914	0.594809660458	0.659215386216	0.620398070208	0.614374916398	0.943300866997	0.869375795908	0.920155742424	0.92947601089	0.934384504424	0.914633510692	0.930684947744	0.893692255898	0.871827999822	0.926318795561	0.923640665194	0.894668364471	0.927707599442	0.851795957089	0.954076596974	0.818798994686	0.804009556331	0.806419240584	0.814220009559	0.790294100402	0.828258731753	0.820670987844	0.814129873996	0.803715121732	0.780137491843	0.804323503653	0.805209304801	0.793731817147	0.817599597332	0.802269631451	0.797039217659	0.840044282505	0.829709429959	0.835841431267	0.809127458169	0.790524509797	0.794215695949	0.799765654014	0.788789636556	0.792062588049	0.806937749031	0.779041697431	0.824401080013	0.804767462545	0.820041306185	0.829362743978	0.818238194265	0.813187296486	0.802473005243	0.798888348649	0.805020658703	0.801514131133	0.779321619884	0.823145710305	0.823719878582	0.847621740628	0.826900546402	0.830019591624	0.822539116485	0.801191173228
CD2	0.713318261225	0.65541306023	0.583488666176	0.640177710062	0.601828385614	0.626229698869	0.642544212993	0.728557568512	0.715216366888	0.678785661279	0.622169716706	0.596734666181	0.641529973525	0.640486961387	0.671081878547	0.703602627601	0.586620668258	0.542035291085	0.569013481703	0.586083737037	0.745116241767	0.649081360544	0.480807106528	0.0	0.566342425282	0.545965108116	0.587569441874	0.639963263938	0.603564144154	0.635075972214	0.599513388725	0.590230491602	0.940575404737	0.868491156749	0.908331979999	0.924425789101	0.924083001898	0.899493377513	0.923623123398	0.891906037113	0.875507210283	0.922112309633	0.906933232992	0.885392172206	0.915717351086	0.832161146959	0.940697345702	0.824194452178	0.808721344032	0.807218288688	0.80541943676	0.768263650675	0.810181241388	0.812628892412	0.802641214638	0.805992670619	0.746607675196	0.8034787409	0.797444525564	0.798478743495	0.804943544168	0.801712732755	0.805306396201	0.814034485101	0.816932895364	0.808272397409	0.787897436105	0.777014295068	0.807485639544	0.778610071033	0.802462103412	0.801314477727	0.802252051182	0.74978341683	0.816965170728	0.789561043396	0.794290637727	0.815016572745	0.819658330931	0.811208795214	0.80536001034	0.795924893895	0.801160802591	0.809357053808	0.786562993552	0.834254258871	0.820852691175	0.83662814755	0.811623506622	0.819578779819	0.811107599834	0.813713848608
CE1	0.718596588058	0.627715637803	0.5890072559	0.548486724195	0.563022689382	0.570654026242	0.637640883423	0.722567689102	0.689551692354	0.675512476725	0.603511594875	0.578904694003	0.585661436253	0.563472264844	0.657782132686	0.68871579376	0.598477735797	0.58162838486	0.662696816602	0.625012746743	0.710225785171	0.636284790014	0.621738597143	0.566342425282	0.0	0.505357231815	0.591626766929	0.584022935033	0.624102107886	0.701654977288	0.640282625862	0.624559036148	0.92944273868	0.856185800032	0.907813766678	0.915366466071	0.926891432691	0.901443098898	0.923786823708	0.886471317377	0.871508903992	0.913749544443	0.91103126181	0.88554860269	0.914605588312	0.8540456199	0.938718890846	0.745247627797	0.780206837375	0.736881266179	0.750157703413	0.720243885354	0.76304350314	0.75950546072	0.744527784388	0.739571700277	0.738446847696	0.758396907956	0.741578488182	0.777579987409	0.759953482363	0.735382601541	0.755745709528	0.81010778886	0.809469923585	0.815223569504	0.743575072841	0.748393362559	0.792043648176	0.74696651109	0.768795088438	0.766285785778	0.786394498879	0.71747582136	0.798134759393	0.783653525837	0.788529556595	0.802875671864	0.754895841746	0.747227078154	0.769369337429	0.767265578627	0.757095112086	0.737752746818	0.755960870434	0.779420120907	0.748011925743	0.809465595895	0.774791266294	0.793032658596	0.768521612849	0.740082351827
CE2	0.719019154712	0.66472889902	0.62184312794	0.607219927097	0.570847436397	0.632247046431	0.609935197012	0.720994290011	0.696531339666	0.691193669636	0.599687348871	0.625685545399	0.611718459397	0.649124666578	0.691739155771	0.684539214583	0.636045925163	0.585011085234	0.639598737692	0.588512252766	0.72587923265	0.70009842906	0.561813001715	0.545965108116	0.505357231815	0.0	0.602667830118	0.574914185128	0.588827931425	0.657455985676	0.654955729404	0.658301648117	0.937348489168	0.86289759877	0.910040706452	0.919627400105	0.927934921231	0.904010967095	0.926798072903	0.890588414866	0.886924306069	0.918560334633	0.917377519438	0.88928951412	0.916492970821	0.848632462599	0.947511820318	0.818142636921	0.788742383231	0.803753487871	0.774172337814	0.748292795029	0.785077066506	0.784041806184	0.784615058773	0.785458725779	0.761003464637	0.783767530362	0.774679012384	0.790119914878	0.790181124474	0.799062692915	0.780460055786	0.826185903056	0.829406741385	0.835998001732	0.804659614029	0.778582896854	0.835274376645	0.799465265491	0.801323974371	0.76967161304	0.810088492082	0.76730115226	0.821313657024	0.794456827379	0.838024137563	0.817955770032	0.806887748719	0.824135870336	0.815558042183	0.779348162511	0.811115301652	0.822072159117	0.772893826758	0.810833795493	0.772770329912	0.825394178246	0.811642843371	0.815199384014	0.793909213824	0.830925956746
CF1	0.663016849237	0.596077879823	0.595768251879	0.667325820848	0.649751093945	0.610757876719	0.608525153668	0.679913316109	0.671077294496	0.660335513178	0.566307123447	0.59613260877	0.612878371611	0.646364513803	0.630819934102	0.635049869745	0.566521422408	0.538532906863	0.605760666416	0.525084752508	0.648239303436	0.531511311626	0.603439612348	0.587569441874	0.591626766929	0.602667830118	0.0	0.488497017108	0.536913099494	0.595934569758	0.567662609134	0.615392788605	0.897699290203	0.813022793314	0.870201771698	0.881406603557	0.888271972439	0.866672126662	0.891288281669	0.83960710135	0.811385504111	0.882121729173	0.876927641491	0.85966948869	0.877798148061	0.806486626898	0.909658980315	0.766994596105	0.703172770979	0.706733800608	0.716510894999	0.68620182676	0.725569515794	0.732895194302	0.73983287376	0.707438032605	0.709753829768	0.720875824745	0.713627921819	0.730905931545	0.735098635125	0.713024475524	0.716206866192	0.763353934145	0.773952413985	0.789338686074	0.719944448318	0.730921528571	0.743834836133	0.734907349602	0.71370517634	0.715481838079	0.705143924216	0.697422091009	0.779296846873	0.752000536349	0.762246756386	0.753115600831	0.728038447338	0.75582504645	0.74843551443	0.727937896845	0.747754048517	0.776326120429	0.712481361457	0.738860433136	0.741537790016	0.786892903622	0.751515264239	0.746522834509	0.749668822429	0.770018366776
CF2	0.685097825018	0.632051446927	0.617343382563	0.625336906565	0.589514134341	0.649180875212	0.668486414427	0.737549360639	0.710090307345	0.674300903078	0.641450547379	0.615112950974	0.596175129905	0.644385236827	0.675395417502	0.672759501701	0.56898013681	0.539002428933	0.641846958762	0.605705594667	0.708733975382	0.5534201172	0.629771454914	0.639963263938	0.584022935033	0.574914185128	0.488497017108	0.0	0.59770650144	0.659553118632	0.578447748667	0.613787361897	0.902598353456	0.838831877695	0.884875482647	0.897651896654	0.907946640821	0.876731892492	0.90015358306	0.849868576438	0.844665334731	0.893064303031	0.88857750482	0.86349938814	0.897642168191	0.852301057779	0.919431361881	0.786080754011	0.725687611393	0.763997698205	0.719556531358	0.718614085938	0.752838419803	0.744535806214	0.751732620522	0.729731970271	0.74074393086	0.721961457134	0.726410870046	0.752337878847	0.719516204233	0.729647564806	0.738873792994	0.805946687803	0.790509825914	0.81934679897	0.739604782094	0.745965421794	0.740037253719	0.71016130361	0.766610248547	0.735672638503	0.766488655291	0.707033725026	0.798723612966	0.771962336631	0.755467285484	0.764258117785	0.759385882046	0.740495444246	0.769316524437	0.75425938157	0.736289790299	0.754627954275	0.728096821716	0.766983063193	0.718566023114	0.792784559579	0.766002120843	0.751286849709	0.750220758413	0.739286585353
CG1	0.658436489394	0.623770714196	0.611574282828	0.640976649988	0.637565418244	0.677226700922	0.606757399772	0.678401889142	0.655436324134	0.661201836653	0.615455999408	0.614011392277	0.628258130827	0.650890521276	0.658855597404	0.659809526395	0.558957137707	0.508393010089	0.570245057319	0.527156444257	0.719335484093	0.655253988702	0.594809660458	0.603564144154	0.624102107886	0.588827931425	0.536913099494	0.59770650144	0.0	0.56067329452	0.575472742206	0.586092009066	0.888613504574	0.790543264763	0.856474211353	0.869019903811	0.887775166223	0.846520227328	0.87533041031	0.84182110565	0.816410759204	0.868057601063	0.860437697307	0.856339588788	0.869437660198	0.790715787473	0.89226937471	0.806850654545	0.765416736512	0.767105480568	0.741838279756	0.734806591413	0.762822657415	0.773068406131	0.772082118381	0.766084867783	0.731624643346	0.747393598451	0.750515779582	0.762947692243	0.758884764375	0.775763904732	0.762474519306	0.802730881893	0.806997081211	0.796314237128	0.778261855334	0.743030537542	0.791252841042	0.764344025877	0.783798535245	0.764959904742	0.800825589884	0.757323518069	0.76916827758	0.776718366109	0.808284580426	0.776644513057	0.788414115805	0.782126715407	0.780236162506	0.748282004769	0.774404181974	0.803718562777	0.761254281981	0.758434374529	0.760370016124	0.78600168253	0.781519292931	0.770002676608	0.755349553813	0.798505870405
