	CA7	CA8	CB7	CB8	CC7	CC8	CD7	CD8	CE7	CE8	CF7	CF8	CG7	CG8	CH7	CH8	CA1	CA2	CB1	CB2	CC1	CC2	CD1	CD2	CE1	CE2	CF1	CF2	CG1	CG2	CH1	CH2	CA5	CA6	CB5	CB6	CC5	CC6	CD6	CE5	CE6	CF5	CF6	CG5	CG6	CH5	CH6	CA11	CA12	CB11	CB12	CC11	CC12	CD11	CD12	CE11	CE12	CF11	CF12	CG11	CG12	CH11	CH12	CA3	CA4	CB3	CB4	CC4	CD3	CD4	CE4	CF3	CF4	CG3	CG4	CH3	CH4	CA9	CA10	CB9	CB10	CC9	CC10	CD9	CD10	CE9	CE10	CF9	CG9	CG10	CH9	CH10
CA7	0.0	0.595570063283	0.653481476833	0.680283267333	0.648193424566	0.641375677611	0.640360869531	0.618125896687	0.616154957843	0.625024053097	0.630154494836	0.635537874581	0.654595222404	0.662440785534	0.601779141152	0.609921622024	0.665688691761	0.692725154056	0.696688201227	0.678473346131	0.711304338129	0.689849859648	0.721149891105	0.728189957348	0.681065773168	0.711420952175	0.700538034526	0.655111616195	0.689208356099	0.696015358212	0.664978569192	0.665746218745	0.853691454846	0.735299293044	0.830268794968	0.836273554836	0.803498148325	0.787638947825	0.7833514544	0.811177637127	0.771813865469	0.736336797768	0.79276780124	0.77818662766	0.797745945456	0.806070079108	0.725035881504	0.711309534823	0.704354841748	0.694054441887	0.684132636298	0.702102245269	0.730066019478	0.692251384422	0.720789087665	0.682783272392	0.706253792482	0.655692015616	0.675574936445	0.690194811128	0.693584624975	0.695547917648	0.625388102198	0.732075365038	0.712866224153	0.738236109401	0.648771282828	0.733379020112	0.698319841184	0.695234863261	0.741946433923	0.757896074872	0.755703818813	0.650485323053	0.742360642827	0.762734531117	0.667426912825	0.709366372189	0.690114734606	0.682371885358	0.71567452274	0.734704398123	0.715773343916	0.689327843172	0.713839520429	0.71572386808	0.646944991523	0.665196046016	0.719895435596	0.669486506919	0.635620770385	0.692993530042
CA8	0.595570063283	0.0	0.603798500414	0.599967175429	0.606695406605	0.592151519812	0.519581284644	0.606468933851	0.609141004715	0.563678385937	0.629749990726	0.580132757298	0.613761048598	0.595567860929	0.548291046041	0.579388211541	0.607303751833	0.610595911346	0.667428567559	0.629790323507	0.694314498498	0.643890370508	0.670989926593	0.662417413104	0.645564734472	0.659372540672	0.633424327635	0.608530759986	0.634194380627	0.59559576484	0.624273510993	0.595977235381	0.867996038701	0.752458387429	0.845889760302	0.862422952776	0.829870077384	0.802564600038	0.794799902316	0.797345547035	0.776518664272	0.727035947896	0.810071907786	0.800284301376	0.783184303554	0.822617107934	0.736805188663	0.703902334562	0.693566256707	0.690630245291	0.688946375599	0.68235369119	0.754399114161	0.675607712858	0.683865994687	0.651771480098	0.671699838509	0.634879636386	0.682629439711	0.686842895587	0.673535160165	0.730350622845	0.615529245457	0.741252785949	0.767217235761	0.695168400833	0.680280286306	0.746904192868	0.737653156693	0.649288852426	0.74338277585	0.740192433608	0.744076872535	0.675994642294	0.734671048241	0.75253057213	0.722930153383	0.709496804448	0.68077424481	0.690200791015	0.730665633946	0.719973829595	0.706321974044	0.718910882579	0.720802078681	0.714479483836	0.666346857496	0.709446477318	0.749908365733	0.718018174832	0.690324578023	0.739129028264
CB7	0.653481476833	0.603798500414	0.0	0.559333181028	0.514623484561	0.552980110858	0.551597459603	0.597936188799	0.64545443771	0.577523935142	0.612149231482	0.558716975263	0.545540262958	0.505643204263	0.604313434627	0.605173878924	0.625651771214	0.628288430683	0.667748860037	0.594417967707	0.725902132653	0.666605964285	0.610556890726	0.591823308011	0.573247666162	0.589996200439	0.607090497351	0.582767566337	0.595593768473	0.619431253025	0.608591932982	0.595393199635	0.902830928396	0.810359950368	0.880214474427	0.890056784042	0.886979942275	0.857407013311	0.857586912428	0.860563321217	0.847340154527	0.790111940641	0.860480205475	0.858057682976	0.855369441353	0.86838214677	0.789827215475	0.750906183203	0.728101935816	0.731015338103	0.745930813506	0.732787212269	0.781530722488	0.721581178708	0.710516030446	0.721392246081	0.686104598562	0.705679863986	0.706847329488	0.716743615407	0.727136248982	0.726185433911	0.674522558736	0.793837041877	0.736178723964	0.764135631584	0.73568046261	0.780442998178	0.775369236735	0.722963614216	0.746663622994	0.792221803827	0.767693694087	0.70065417827	0.776538129565	0.78651590247	0.73981436182	0.748583541647	0.723306935904	0.739916617132	0.742429601026	0.712501759384	0.750283901608	0.760382685262	0.734321362277	0.797600574278	0.733321582632	0.768452684278	0.754539585136	0.733134701976	0.71156282986	0.758566964436
CB8	0.680283267333	0.599967175429	0.559333181028	0.0	0.574512238424	0.597415175783	0.589932709087	0.647594677552	0.685626019258	0.623511954032	0.642867641398	0.611986255674	0.574582601962	0.554114366155	0.616049610197	0.649177910879	0.657470831644	0.628406314616	0.657942884127	0.656325576615	0.708306944392	0.673537088046	0.625527528022	0.622254192136	0.60244729153	0.605307642416	0.677579886294	0.611862792637	0.648960811627	0.647441161517	0.661502622746	0.594847201485	0.889274599364	0.802859497206	0.85781129128	0.870409461108	0.859002152095	0.846742865516	0.841439385133	0.838362650545	0.83528036398	0.76315506315	0.842084119505	0.842765198904	0.841782420652	0.861964513023	0.765108152468	0.738380328487	0.722024697535	0.738425150509	0.767182635653	0.719909614702	0.787595347596	0.727792950724	0.721946449959	0.729785234398	0.723340085096	0.707380193116	0.707006478034	0.718001537485	0.722603566086	0.750716276782	0.67326793668	0.760509565503	0.746757511017	0.755391476419	0.73339070568	0.781015465713	0.765529815554	0.70659722167	0.751840395124	0.78103207371	0.761702388904	0.694296912479	0.781260263988	0.765023221549	0.726842359641	0.74354626885	0.729137884984	0.737312575468	0.740926237838	0.732317527033	0.76055719534	0.75511609909	0.788137684858	0.778047247939	0.732192756755	0.779938856649	0.762000465114	0.741789867903	0.708884595419	0.755761459824
CC7	0.648193424566	0.606695406605	0.514623484561	0.574512238424	0.0	0.526942757245	0.56888043295	0.643301258233	0.682293207346	0.596707178185	0.55375187129	0.491186883652	0.577732428458	0.539603385917	0.588356802943	0.623325978823	0.636795794337	0.640623610635	0.668248265222	0.637293929003	0.71867814544	0.683892390138	0.595718006854	0.576425423696	0.594621639276	0.589323339684	0.663607965185	0.623596136442	0.660562833285	0.653244084949	0.605597378747	0.57691619131	0.902220240477	0.802275421959	0.881936684386	0.888550170843	0.881147929411	0.849952663343	0.855659055912	0.873755332774	0.853625991807	0.791659838867	0.870636300759	0.861479488863	0.860307307532	0.874032998939	0.809028292707	0.760435882192	0.752957117358	0.749850749739	0.762707010162	0.753972212086	0.794129875801	0.744963535109	0.74446359719	0.722676792811	0.736478366393	0.720130213549	0.727297539561	0.745112235557	0.759268839362	0.746472313977	0.686440301831	0.794217923945	0.757270156655	0.773542201867	0.739391178641	0.781191707339	0.779070459039	0.741860188142	0.756156511065	0.79535439009	0.77523364773	0.729485761295	0.792160277603	0.804414525822	0.760021819878	0.74681763632	0.744073093213	0.745535662333	0.753128479864	0.741624894417	0.746992261336	0.763705474645	0.750639687895	0.782448982976	0.740555022156	0.791989934468	0.77092576708	0.739757245879	0.717738340183	0.769080318503
CC8	0.641375677611	0.592151519812	0.552980110858	0.597415175783	0.526942757245	0.0	0.576231795998	0.621942944798	0.652058996864	0.574438267091	0.514816936095	0.509809643167	0.57794175465	0.551839168428	0.562097525865	0.644801793082	0.611485780241	0.631281527969	0.670417504229	0.61814666989	0.682616636871	0.627604488207	0.635738569383	0.599249678628	0.572978525549	0.62985306193	0.63245892537	0.590886612766	0.628497290479	0.618050425452	0.605159706325	0.594262161225	0.897208988954	0.811062089038	0.883845378613	0.87944554838	0.871152072956	0.861421659068	0.855673235201	0.879592440356	0.835455063673	0.803657299102	0.862874367718	0.850372165391	0.859990679461	0.871010042664	0.802470459385	0.723356259464	0.709065169821	0.718700420745	0.69403851852	0.720701512677	0.761768897378	0.693025753755	0.709070229303	0.679058675398	0.705542881528	0.70398457228	0.712443869541	0.721299137218	0.71118841864	0.715209295944	0.681650930401	0.772596196477	0.729945351163	0.749328340487	0.672198760855	0.760341480836	0.740300126222	0.67998086671	0.699539823953	0.74686873767	0.725430987189	0.674878266781	0.75948188167	0.78554774555	0.730869648465	0.702531347651	0.728083348436	0.742552462613	0.71778221737	0.749412837114	0.732919513586	0.699039087096	0.729877078287	0.753202224549	0.732314306554	0.784195639398	0.705923321084	0.713518401808	0.685693739918	0.758067988332
CD7	0.640360869531	0.519581284644	0.551597459603	0.589932709087	0.56888043295	0.576231795998	0.0	0.625259958318	0.618679057039	0.457411418298	0.624012846022	0.557033073998	0.580623237208	0.570562883859	0.564833143917	0.592334290015	0.612745374837	0.595312349779	0.67900797125	0.63414125619	0.689894146681	0.638681834673	0.639429734089	0.622005757625	0.609797046105	0.620769774109	0.613371029822	0.597932515319	0.61401758683	0.59531535027	0.620689587776	0.587368602536	0.87669109105	0.78072868628	0.858425772823	0.854169401672	0.851635266822	0.82493235459	0.818896946627	0.824339950965	0.819673472658	0.738048098362	0.827843240115	0.822248121131	0.816712407346	0.839949786105	0.760096291506	0.73308242982	0.720349035818	0.722654974696	0.721976927419	0.706858253114	0.756692165509	0.70147626931	0.702328736438	0.70956216824	0.697557799399	0.665399261921	0.705739084622	0.716630847994	0.722259877085	0.755680820687	0.642485772058	0.757933782499	0.739638186336	0.742298672767	0.710980016673	0.74990036487	0.76636208815	0.68097599886	0.74951367591	0.76420794637	0.746349567294	0.701176776407	0.769658061058	0.7513587756	0.745909132276	0.682050195254	0.712504447222	0.685059299227	0.715293788863	0.692833468636	0.72457792489	0.717771233229	0.715718013646	0.727402159082	0.698797751721	0.721121029831	0.726521781775	0.72077622337	0.695267540272	0.739089492053
CD8	0.618125896687	0.606468933851	0.597936188799	0.647594677552	0.643301258233	0.621942944798	0.625259958318	0.0	0.525831298704	0.583443667439	0.63004562998	0.646515985807	0.575031201041	0.643000925841	0.627300371673	0.630182099228	0.687994069163	0.691411573271	0.669962553412	0.633790084661	0.708622905035	0.656507475662	0.690836521151	0.644768643528	0.648885886126	0.686140174032	0.704777376951	0.65845203856	0.610800312112	0.640689841686	0.642646265618	0.624833995377	0.87372568085	0.765626361561	0.838264128751	0.845973737762	0.844328469543	0.81183694534	0.809679356716	0.808126896049	0.77463825031	0.736289328227	0.812049415188	0.818141903552	0.804467818028	0.828411830947	0.731272550311	0.722378221031	0.71156368546	0.716737657966	0.655434155247	0.722367354013	0.730589268538	0.651149140968	0.699296160722	0.649670629337	0.68333590993	0.68115785638	0.687652884093	0.674352664971	0.711326394506	0.689670265394	0.673635963619	0.75432561844	0.687382313788	0.697943281067	0.654947737266	0.727594739011	0.697018071249	0.67796785499	0.679084134525	0.725516286844	0.715763661712	0.655685227932	0.731329149851	0.760318814771	0.715700938631	0.728596261465	0.695244829301	0.674583537348	0.735595067387	0.691309084481	0.695369793086	0.673566156187	0.677830260001	0.74085142235	0.699954515476	0.711635363481	0.717201218731	0.651450957738	0.662719390826	0.710706789824
CE7	0.616154957843	0.609141004715	0.64545443771	0.685626019258	0.682293207346	0.652058996864	0.618679057039	0.525831298704	0.0	0.572719034123	0.686429435605	0.666090366834	0.657971975049	0.649882491739	0.640348166023	0.58658111255	0.711876404785	0.722496254334	0.726105129178	0.70977839027	0.71338824298	0.67523570761	0.741865256182	0.718200221241	0.680433919964	0.743495977782	0.70500775886	0.692552243537	0.615648440871	0.654379510807	0.687920445598	0.673992552573	0.842370624652	0.740271840454	0.812094267795	0.820665605417	0.814714569053	0.766673614934	0.78047167455	0.775681485272	0.766550251571	0.732015644259	0.783695032723	0.781693703082	0.777110305524	0.79261907121	0.743401621583	0.682657220563	0.673039682799	0.655150552277	0.608444348046	0.691886968422	0.682017414704	0.619674185464	0.641855732931	0.595566646078	0.643618816764	0.628921064277	0.630075448657	0.625687554344	0.654235146835	0.679392160681	0.60655412846	0.697297451195	0.707885221556	0.673787654474	0.662048702641	0.70324612975	0.681250682662	0.662051596853	0.701987402774	0.708737208789	0.711211534147	0.662021796545	0.691655004132	0.717858987602	0.698440101314	0.673944774777	0.672960498358	0.633201777945	0.718545230002	0.675232672725	0.649202786966	0.642505503217	0.601961101892	0.686105253164	0.634932993008	0.646168750148	0.68005384511	0.631530837282	0.635090390882	0.654995250815
CE8	0.625024053097	0.563678385937	0.577523935142	0.623511954032	0.596707178185	0.574438267091	0.457411418298	0.583443667439	0.572719034123	0.0	0.641204731923	0.587633178958	0.560548020923	0.583440422749	0.589680147887	0.591486577936	0.618091712844	0.63859452511	0.698648118658	0.622177213986	0.680149740667	0.638376430534	0.662408158635	0.645338926531	0.603003776162	0.645982772628	0.629015588042	0.593399266476	0.575402344595	0.570793946851	0.607142786245	0.598282168198	0.880480457456	0.767617385297	0.861905099898	0.854083836447	0.849927986643	0.832973214411	0.812909732936	0.834303195279	0.817344724477	0.742235011454	0.83018889199	0.808368838495	0.816974760408	0.839253969011	0.758920060661	0.702894796915	0.708448300189	0.714858293541	0.678259224381	0.702319572522	0.743340632101	0.667526051932	0.668423119543	0.671846346613	0.662135471116	0.668512536127	0.701110766412	0.69526731747	0.69821395096	0.730973061294	0.630295754397	0.748337818655	0.740169130404	0.720061517375	0.726615430377	0.728612854357	0.731980700974	0.681081936616	0.725580933337	0.714983582636	0.729372290904	0.699550740399	0.739098860062	0.769167113927	0.727692629099	0.71188930257	0.689236295206	0.686971537082	0.713801571081	0.683193690604	0.703687144714	0.694836800351	0.686684394121	0.725101070065	0.679437459294	0.708366800618	0.707219585178	0.686809886309	0.697898092213	0.705959989696
CF7	0.630154494836	0.629749990726	0.612149231482	0.642867641398	0.55375187129	0.514816936095	0.624012846022	0.63004562998	0.686429435605	0.641204731923	0.0	0.538850228435	0.63387252532	0.617353186935	0.627344413688	0.678921244317	0.624637351538	0.651167861167	0.689513590502	0.634427887672	0.695641419108	0.646294522197	0.592619243439	0.654562558055	0.597274494968	0.631800869445	0.586733590342	0.628395117488	0.651504443995	0.665107578998	0.62507957021	0.621689089258	0.909334508164	0.829146660827	0.89659884538	0.895172285767	0.878606487894	0.873877405895	0.871238876377	0.866607191306	0.832797027008	0.810363061903	0.870079532386	0.865692632301	0.870793951255	0.884575605705	0.816655464466	0.690234136159	0.709822389711	0.736531603887	0.72466808538	0.732386977604	0.764742117247	0.717856190238	0.725537241793	0.675070401913	0.720736141819	0.709835165283	0.712276368225	0.718630925986	0.711119443805	0.685522721356	0.700711299635	0.799223420765	0.763255283114	0.760890510778	0.688622447322	0.790293026519	0.761007741104	0.690732078476	0.751215202005	0.734313968171	0.7615646139	0.688557709961	0.78434359215	0.797412646712	0.74424272501	0.732445355618	0.68403965625	0.712425601824	0.734003458712	0.753452101568	0.707302067878	0.717496680602	0.749720839375	0.778939264621	0.742371175821	0.785688141325	0.753657084535	0.739059253146	0.693143649425	0.724497534536
CF8	0.635537874581	0.580132757298	0.558716975263	0.611986255674	0.491186883652	0.509809643167	0.557033073998	0.646515985807	0.666090366834	0.587633178958	0.538850228435	0.0	0.599317384094	0.55886807142	0.569836589821	0.653206706491	0.610132594412	0.605461595478	0.685760065147	0.646635572204	0.728861076615	0.676936965944	0.608911453678	0.608143945707	0.581230226253	0.599522457414	0.648114748188	0.595109469153	0.66890142755	0.656340831958	0.594629933975	0.574013174041	0.901647496606	0.813432612061	0.886172898204	0.896176060414	0.880314175167	0.851694948802	0.857036646219	0.85612420536	0.830802048647	0.795384018868	0.863308604402	0.857595945333	0.852659581315	0.866057966814	0.809654402773	0.744437482702	0.739161484314	0.730163089714	0.735103096885	0.745941073514	0.768252878721	0.727877351456	0.737443349063	0.71277966766	0.734973363776	0.681426517387	0.726791118073	0.738710404458	0.731304819799	0.738755581711	0.688650562416	0.796793012311	0.756121948292	0.772754844982	0.710775584408	0.775249848691	0.765370752998	0.721861877188	0.760671513498	0.774825423586	0.776174625586	0.703353785222	0.797526456859	0.794434587667	0.733859175906	0.740286902481	0.738284409613	0.747030524052	0.74996253413	0.745508085433	0.75126694591	0.765683646067	0.751810308882	0.761099261061	0.730405914102	0.775445949456	0.764959451467	0.738171803622	0.685711656722	0.753298880212
CG7	0.654595222404	0.613761048598	0.545540262958	0.574582601962	0.577732428458	0.57794175465	0.580623237208	0.575031201041	0.657971975049	0.560548020923	0.63387252532	0.599317384094	0.0	0.543166147673	0.602630514909	0.636509063953	0.653987363026	0.657658123597	0.655046564376	0.609835684461	0.710882141553	0.652644802707	0.626354617108	0.635548238045	0.599515717834	0.625516168388	0.656153469574	0.622293250003	0.619874087338	0.636544114054	0.634904670953	0.604241801874	0.877732700733	0.786903736459	0.858239082103	0.864826856298	0.85370097228	0.845825338081	0.825823565361	0.841827391812	0.818958600047	0.762503879318	0.839886031336	0.832565643287	0.830438396826	0.852815438174	0.782976332751	0.756126425592	0.718594725237	0.739943251806	0.716119776922	0.743801635619	0.771196590871	0.733944148134	0.735766511595	0.733611172107	0.724323784271	0.708614960806	0.738267738819	0.7226417149	0.744035191314	0.744983967743	0.680443374108	0.798609058642	0.752810960547	0.761235668489	0.724402458553	0.788029157042	0.752298758044	0.729839138657	0.731869387204	0.773719494772	0.770501291391	0.709289969109	0.781157896239	0.817102707271	0.767145673632	0.757861380734	0.750221813959	0.751736199898	0.775388140108	0.735954530439	0.747744077501	0.738041255462	0.735416362366	0.755416193484	0.730997133647	0.769530062745	0.759806384037	0.700923545494	0.731342783132	0.782073784462
CG8	0.662440785534	0.595567860929	0.505643204263	0.554114366155	0.539603385917	0.551839168428	0.570562883859	0.643000925841	0.649882491739	0.583440422749	0.617353186935	0.55886807142	0.543166147673	0.0	0.588728877017	0.606407616343	0.626005995736	0.652565800895	0.672375251014	0.629331055829	0.729498854021	0.681458477926	0.649955297689	0.633579580452	0.57325997588	0.596749740188	0.647193577141	0.588452612173	0.645608580639	0.659481152456	0.595221512655	0.585573085286	0.888730873313	0.804359707393	0.862190845473	0.876879307067	0.868294624429	0.833811969637	0.844476087466	0.848704264166	0.842265155553	0.782553092743	0.845493050441	0.848332167378	0.835047688472	0.84649175413	0.784937157208	0.736459922997	0.726620775019	0.717172342229	0.728930414025	0.716288835756	0.785996330225	0.735113437422	0.720750391488	0.711356313811	0.710436917563	0.68983991754	0.709240437383	0.718466683342	0.719118922507	0.735433252102	0.652772098057	0.74786549687	0.724643752113	0.743136763795	0.6922607325	0.737593969415	0.746804979071	0.682642713479	0.731906143666	0.773676594093	0.766744989271	0.681737990973	0.749361511274	0.7689740641	0.72458574723	0.722568099469	0.728171266274	0.738930505576	0.738230649445	0.710744495882	0.725137202223	0.76766468323	0.749641767303	0.778391901181	0.721489413508	0.771798548867	0.745745389557	0.712623759877	0.701806580654	0.757570734795
CH7	0.601779141152	0.548291046041	0.604313434627	0.616049610197	0.588356802943	0.562097525865	0.564833143917	0.627300371673	0.640348166023	0.589680147887	0.627344413688	0.569836589821	0.602630514909	0.588728877017	0.0	0.605850008378	0.591470969182	0.636582303629	0.669905795905	0.663323080127	0.71549306216	0.672935786744	0.662978697717	0.64433040556	0.61655601263	0.65391580137	0.687741171786	0.619252121236	0.669563086338	0.660129406238	0.618941040924	0.613225830675	0.890776274662	0.79314933618	0.872477349011	0.875686604596	0.861177639147	0.834667656993	0.827188024636	0.862880364048	0.824470362209	0.774116028462	0.855918440692	0.842362046025	0.845668644332	0.846837699682	0.791578036926	0.720635778703	0.707296515307	0.706147733855	0.722124460595	0.701405624327	0.754528243965	0.713192100704	0.72160030669	0.687353933434	0.713376412113	0.680393273305	0.689549028216	0.716116281057	0.709584533964	0.741929424935	0.642537867033	0.757873924673	0.744341960628	0.751018556826	0.695797111183	0.736268421706	0.755589838058	0.693387052687	0.746014363567	0.772194630277	0.73787974045	0.679091427203	0.765650607095	0.741600381363	0.736451091793	0.702082394192	0.720331287221	0.72662723002	0.698768578253	0.700033249625	0.704233543358	0.729062203314	0.755951452331	0.732213643047	0.690986462891	0.755568219895	0.723224392241	0.704414051505	0.678861167603	0.720950365898
CH8	0.609921622024	0.579388211541	0.605173878924	0.649177910879	0.623325978823	0.644801793082	0.592334290015	0.630182099228	0.58658111255	0.591486577936	0.678921244317	0.653206706491	0.636509063953	0.606407616343	0.605850008378	0.0	0.694005517279	0.704184152185	0.688785955115	0.675085540712	0.706131903666	0.659780471513	0.717647317781	0.699063749728	0.678441189522	0.72600283769	0.670427347157	0.675180637905	0.640508496531	0.636444029293	0.68165512492	0.691973224179	0.849096465332	0.722691511969	0.813783923022	0.83949914539	0.813282077304	0.779253786289	0.783133039817	0.802603382013	0.797234149927	0.708196102993	0.794221798264	0.775268240829	0.77720538403	0.792565548391	0.748087949567	0.694857682099	0.682523451683	0.672321346988	0.687726796883	0.68716652342	0.747282896193	0.683983558427	0.684393111034	0.674381065059	0.675391171715	0.671902661497	0.676574738975	0.655275526457	0.69997821003	0.72097103702	0.618606388651	0.727507525732	0.752031911048	0.707481567775	0.710443549531	0.729752199875	0.759009505193	0.670006985404	0.762884677828	0.733139406644	0.762675361192	0.692094474334	0.717463366597	0.746314534334	0.710555448995	0.720504053022	0.687589089762	0.691409053696	0.743635518468	0.660594935706	0.693482431378	0.735086218839	0.722974488362	0.718714962587	0.64046264511	0.687229268972	0.74180116289	0.718681212482	0.678728123116	0.706543278318
CA1	0.665688691761	0.607303751833	0.625651771214	0.657470831644	0.636795794337	0.611485780241	0.612745374837	0.687994069163	0.711876404785	0.618091712844	0.624637351538	0.610132594412	0.653987363026	0.626005995736	0.591470969182	0.694005517279	0.0	0.476618854936	0.62218543754	0.585264585482	0.667644359337	0.614369228467	0.612359704861	0.625955549277	0.586939038313	0.612283170181	0.62628180578	0.561670654046	0.604342057595	0.606138148774	0.570350798758	0.523008773729	0.938309930255	0.847723265241	0.915896178452	0.918855009407	0.912038773335	0.896141285983	0.883892963033	0.900778524844	0.868952395439	0.823506808016	0.894513203186	0.881730986139	0.890742656201	0.900888784064	0.837288543463	0.759627181583	0.763892696398	0.761564406083	0.784209138386	0.767725271238	0.778977521726	0.742368126676	0.741687948227	0.69919744786	0.725517601923	0.702950579777	0.740964610286	0.778247011527	0.740086575333	0.767835789901	0.724791448331	0.792542038651	0.752707958002	0.773300803159	0.74325436212	0.756926479823	0.74093478029	0.733473121392	0.753604671258	0.748075427956	0.754916357257	0.714860335779	0.797940699093	0.774657831461	0.748517017934	0.745079234218	0.745032083294	0.761001024293	0.747542365513	0.773977135396	0.763955313846	0.742854882371	0.765470678375	0.784098226438	0.737902234961	0.76377045475	0.765673881297	0.757383804766	0.734314712031	0.775733224071
CA2	0.692725154056	0.610595911346	0.628288430683	0.628406314616	0.640623610635	0.631281527969	0.595312349779	0.691411573271	0.722496254334	0.63859452511	0.651167861167	0.605461595478	0.657658123597	0.652565800895	0.636582303629	0.704184152185	0.476618854936	0.0	0.613847821353	0.541117711361	0.664304332352	0.596845885249	0.605850534047	0.612393483238	0.590407511799	0.600434469421	0.61345536625	0.569225079053	0.577625240786	0.546113703291	0.563331991183	0.50330613496	0.937838611197	0.847103907348	0.912352929636	0.9094244817	0.912480950223	0.902139074067	0.88880454914	0.89262827499	0.870428783971	0.821004049958	0.894477824038	0.878683764517	0.889692363692	0.900845368556	0.832390511344	0.772253782466	0.770411913667	0.781313546537	0.793151088376	0.770888833924	0.790441174378	0.759250404452	0.749128558291	0.731218850013	0.731578486716	0.729494783251	0.74791996697	0.762676834489	0.748101366234	0.784232820138	0.728162108107	0.791814510828	0.742974470264	0.770551013732	0.760927073108	0.752946330998	0.771997891703	0.739735794136	0.764100307781	0.767268301188	0.765227538281	0.731841066987	0.772690117135	0.768327224402	0.750072979383	0.758820176263	0.735991323093	0.774609397751	0.759387547502	0.763325435239	0.779183401647	0.778288455064	0.782860031566	0.820450246074	0.769775287111	0.788970391754	0.779694184606	0.767768303621	0.73562158419	0.782364145017
CB1	0.696688201227	0.667428567559	0.667748860037	0.657942884127	0.668248265222	0.670417504229	0.67900797125	0.669962553412	0.726105129178	0.698648118658	0.689513590502	0.685760065147	0.655046564376	0.672375251014	0.669905795905	0.688785955115	0.62218543754	0.613847821353	0.0	0.526058442003	0.70872599346	0.638978559341	0.688275259605	0.660705206693	0.656184265303	0.700618227618	0.674890502849	0.601001900405	0.559677441229	0.606282653145	0.623286839896	0.577969700086	0.90007157287	0.785584065139	0.875462549605	0.854753122688	0.858332298925	0.865222854517	0.839425013074	0.862273767107	0.837324452268	0.760877535605	0.838811563439	0.829678421678	0.841163798909	0.869934360876	0.780284401743	0.805090866273	0.78254348844	0.791609704087	0.789734648508	0.788862133738	0.824420234344	0.794369001403	0.814083542222	0.792763728748	0.774827856983	0.78504472572	0.776009301479	0.793512086538	0.786634466084	0.785591526579	0.748223839761	0.793960096623	0.758607457002	0.795520974309	0.732955282995	0.786675379375	0.774576174021	0.73644445482	0.769971264792	0.806776340413	0.806618040816	0.747594982299	0.815004059928	0.798872397559	0.75978270232	0.812821463397	0.785984814389	0.810465891238	0.812342158354	0.795571531579	0.800376740131	0.799981215727	0.800704723295	0.804281288283	0.769022150028	0.797571643622	0.822038152072	0.789338935162	0.775167478198	0.815869751091
CB2	0.678473346131	0.629790323507	0.594417967707	0.656325576615	0.637293929003	0.61814666989	0.63414125619	0.633790084661	0.70977839027	0.622177213986	0.634427887672	0.646635572204	0.609835684461	0.629331055829	0.663323080127	0.675085540712	0.585264585482	0.541117711361	0.526058442003	0.0	0.667847549998	0.593792211145	0.612344755064	0.606793115692	0.57591226958	0.64990753402	0.591237657926	0.557385317625	0.523179481231	0.5063051436	0.521849814403	0.517757266288	0.928118897509	0.806449458869	0.88888563336	0.886493235619	0.885714526226	0.868919961403	0.860451576155	0.864610071722	0.853308893514	0.785275249043	0.864048868694	0.84528401578	0.861819337232	0.886723169838	0.791416784551	0.768428674674	0.791174725352	0.799804523188	0.778071502902	0.795918747988	0.822105860687	0.773556921138	0.754763084331	0.749652000999	0.748097131972	0.768119791431	0.77305644123	0.772777823472	0.762412536735	0.752252203132	0.727317632768	0.775286664367	0.738870775032	0.782360729682	0.706472073976	0.764002821588	0.740558295525	0.697585320417	0.749299289374	0.792482688551	0.787084026407	0.700787905205	0.781715873406	0.77312804885	0.718957700325	0.786002906304	0.752368704929	0.789576639687	0.775089766075	0.774774630008	0.798619418526	0.802589493685	0.792452411048	0.801480285748	0.77816254173	0.784107509252	0.789599250971	0.778015520586	0.760744932421	0.81049342276
CC1	0.711304338129	0.694314498498	0.725902132653	0.708306944392	0.71867814544	0.682616636871	0.689894146681	0.708622905035	0.71338824298	0.680149740667	0.695641419108	0.728861076615	0.710882141553	0.729498854021	0.71549306216	0.706131903666	0.667644359337	0.664304332352	0.70872599346	0.667847549998	0.0	0.498871308977	0.762471866175	0.747685035438	0.725932079172	0.743234887212	0.684086847596	0.623115347763	0.682973043197	0.656431253138	0.668986941626	0.662654817262	0.894215202612	0.80640350993	0.871379493968	0.882571732326	0.861701450164	0.851738210016	0.852572894702	0.862333698801	0.816949872144	0.782666283758	0.849833777812	0.844202962795	0.848375410444	0.863124249365	0.806891587824	0.67985729098	0.681345475717	0.699646285856	0.706560615321	0.726098626001	0.741999730958	0.696305222406	0.705708314648	0.675306867846	0.710542923873	0.707094107179	0.700023351088	0.698711944083	0.708167279054	0.710157790555	0.70721384808	0.760150611755	0.705160335278	0.748017403187	0.7000568093	0.742556332399	0.736698184754	0.664522423937	0.702501528218	0.706034281147	0.710232707123	0.689044349338	0.758909821312	0.74771552392	0.741563732488	0.698072509855	0.703367467351	0.718547765484	0.697489846859	0.699632731699	0.741999100355	0.731663688955	0.763811479683	0.747044959035	0.731425014057	0.753519016937	0.709916410723	0.720667306938	0.731517482768	0.743448443939
CC2	0.689849859648	0.643890370508	0.666605964285	0.673537088046	0.683892390138	0.627604488207	0.638681834673	0.656507475662	0.67523570761	0.638376430534	0.646294522197	0.676936965944	0.652644802707	0.681458477926	0.672935786744	0.659780471513	0.614369228467	0.596845885249	0.638978559341	0.593792211145	0.498871308977	0.0	0.698511071566	0.698348177947	0.668151591363	0.691183601919	0.605138753852	0.573238060572	0.598995126109	0.618486077448	0.635355042405	0.623635083523	0.903936541139	0.814700940729	0.88222022342	0.874971712132	0.870627136376	0.865379104182	0.860273018369	0.871472148805	0.826748295086	0.791719691612	0.863691157457	0.853322482639	0.860304282705	0.878992867472	0.797503506902	0.686080180239	0.717191929789	0.706349084586	0.700266272355	0.711788699366	0.72606512658	0.705104687748	0.697395073969	0.659511264809	0.703744227977	0.70324713865	0.683390199171	0.702492785006	0.706309476912	0.704850335718	0.689141236979	0.736256400588	0.707508650035	0.746162934597	0.701458756763	0.761102643665	0.733240509897	0.671634749502	0.702057626308	0.715321085966	0.723205143113	0.665043868322	0.756300884537	0.740831745522	0.739515377795	0.717228959637	0.690630408269	0.735681096671	0.724798783836	0.741247765615	0.736688580931	0.73057108104	0.744453886489	0.753890416749	0.720086363205	0.764096344498	0.718824012962	0.745257408593	0.734993431885	0.749466284148
CD1	0.721149891105	0.670989926593	0.610556890726	0.625527528022	0.595718006854	0.635738569383	0.639429734089	0.690836521151	0.741865256182	0.662408158635	0.592619243439	0.608911453678	0.626354617108	0.649955297689	0.662978697717	0.717647317781	0.612359704861	0.605850534047	0.688275259605	0.612344755064	0.762471866175	0.698511071566	0.0	0.498761064128	0.554142573902	0.530515243066	0.612464600055	0.640727707129	0.644637010929	0.628423250924	0.637735310545	0.60547209085	0.95299458757	0.869390935829	0.928589724164	0.926549555281	0.930691408972	0.92197670739	0.906118969725	0.907975151623	0.893475326207	0.837740115098	0.910404013416	0.899323515645	0.911798582501	0.92287239505	0.84777869943	0.823662100123	0.820835885614	0.818990658634	0.835544571967	0.815591686315	0.856609179686	0.812596367555	0.801378675418	0.803051655044	0.786200975987	0.788910682727	0.812011125585	0.798873672192	0.805134032743	0.808271160117	0.767976919304	0.824361919815	0.798678777639	0.82282341968	0.805640491432	0.829418254719	0.82116318023	0.778982478699	0.811149564277	0.833241481114	0.818363395257	0.799662227596	0.820412584247	0.81981146753	0.793428787369	0.827263491715	0.802759241306	0.803201952563	0.812300269175	0.812660229321	0.819133886181	0.836198102463	0.818464528615	0.878840590323	0.827150320085	0.848844209692	0.837895173796	0.824197400245	0.813681515885	0.822766367293
CD2	0.728189957348	0.662417413104	0.591823308011	0.622254192136	0.576425423696	0.599249678628	0.622005757625	0.644768643528	0.718200221241	0.645338926531	0.654562558055	0.608143945707	0.635548238045	0.633579580452	0.64433040556	0.699063749728	0.625955549277	0.612393483238	0.660705206693	0.606793115692	0.747685035438	0.698348177947	0.498761064128	0.0	0.560534085801	0.57213406141	0.656375082701	0.617599217108	0.647287320076	0.615801108481	0.629860641854	0.614005943343	0.942115683979	0.861900755058	0.918624018019	0.923755064137	0.927878365265	0.898190621316	0.896342084836	0.894460276139	0.878422334457	0.831927014677	0.906468039624	0.891659454318	0.894336759255	0.914686179883	0.846439331642	0.806902934702	0.811014043271	0.806635215491	0.812001139427	0.812493510661	0.830380111754	0.784547047037	0.778579473535	0.77142080985	0.773270383666	0.770697701268	0.780981961714	0.793839782067	0.7892825226	0.79233429641	0.75134639608	0.820093618743	0.775039666737	0.821209373924	0.773793582102	0.796621457031	0.810779562998	0.763676886489	0.790842408538	0.83605331412	0.813466729604	0.756381357955	0.82974265073	0.800115752695	0.778874659713	0.80444683288	0.785120685862	0.792416321398	0.799992248207	0.786563343322	0.814036668084	0.814611724172	0.833756959585	0.843877939905	0.813066195832	0.829385879308	0.815064225571	0.798473449219	0.780263256678	0.824337789357
CE1	0.681065773168	0.645564734472	0.573247666162	0.60244729153	0.594621639276	0.572978525549	0.609797046105	0.648885886126	0.680433919964	0.603003776162	0.597274494968	0.581230226253	0.599515717834	0.57325997588	0.61655601263	0.678441189522	0.586939038313	0.590407511799	0.656184265303	0.57591226958	0.725932079172	0.668151591363	0.554142573902	0.560534085801	0.0	0.444495017633	0.623664122818	0.588929416355	0.577011801196	0.575824159334	0.597309219582	0.592298849445	0.933414590754	0.857668083763	0.91200016429	0.917236602639	0.918033584528	0.897015602635	0.89677692749	0.892099751878	0.865098842408	0.838699883075	0.905783528748	0.886432225765	0.890379492397	0.902772850767	0.846251860519	0.774712985669	0.777831759627	0.766608639458	0.775858486884	0.773787507002	0.807771992794	0.73440908689	0.740707626734	0.745641185742	0.737155643542	0.733306712177	0.749943162838	0.756859867313	0.752402431688	0.75685193328	0.73303079805	0.808427064493	0.748466062594	0.772644843819	0.748058809874	0.790699971166	0.789648741553	0.758058023234	0.775949808433	0.794497281793	0.796274816159	0.725125687221	0.788732531517	0.806531198563	0.77155487676	0.789851338913	0.758968516018	0.791472824429	0.781129100802	0.776512631358	0.769835090334	0.79447011318	0.783266616113	0.806286668739	0.775304327246	0.818297713831	0.789755729975	0.755778254726	0.763808176925	0.807936078074
CE2	0.711420952175	0.659372540672	0.589996200439	0.605307642416	0.589323339684	0.62985306193	0.620769774109	0.686140174032	0.743495977782	0.645982772628	0.631800869445	0.599522457414	0.625516168388	0.596749740188	0.65391580137	0.72600283769	0.612283170181	0.600434469421	0.700618227618	0.64990753402	0.743234887212	0.691183601919	0.530515243066	0.57213406141	0.444495017633	0.0	0.610511057018	0.607339243374	0.638689739811	0.651478105861	0.644942402781	0.604069349031	0.95148812726	0.876874294706	0.930570837214	0.933052124921	0.932620119071	0.923636698425	0.907060930339	0.911768013984	0.885451550074	0.847823959139	0.919262565958	0.905294403568	0.909942454508	0.923464389138	0.862780293444	0.795721762453	0.794411959759	0.790736274728	0.811783355642	0.792268876594	0.820341702643	0.785622138533	0.784536475126	0.776230451775	0.769574255916	0.762030633269	0.769423416993	0.776641168743	0.76582329369	0.776836994684	0.758083049408	0.818126130375	0.782127799876	0.814653698158	0.788520187761	0.825621277041	0.825826605898	0.77899902277	0.796247482051	0.813324553575	0.814999721119	0.748616511743	0.827613813116	0.825209200717	0.788959663798	0.815644562626	0.778448368115	0.795509216037	0.798597603368	0.802514693628	0.805136733817	0.816154413851	0.799308807328	0.84800651752	0.796918951115	0.836510687113	0.82086808747	0.799024234845	0.787549531294	0.79912816416
CF1	0.700538034526	0.633424327635	0.607090497351	0.677579886294	0.663607965185	0.63245892537	0.613371029822	0.704777376951	0.70500775886	0.629015588042	0.586733590342	0.648114748188	0.656153469574	0.647193577141	0.687741171786	0.670427347157	0.62628180578	0.61345536625	0.674890502849	0.591237657926	0.684086847596	0.605138753852	0.612464600055	0.656375082701	0.623664122818	0.610511057018	0.0	0.493418155374	0.581821221689	0.597838614292	0.600700444929	0.589943625286	0.922948701525	0.829791196615	0.898975429505	0.909902787531	0.895232890217	0.885415724765	0.8774345873	0.888480646606	0.858351583261	0.81801854503	0.87329168248	0.864084407618	0.87535597865	0.893995869504	0.802829091797	0.714273944086	0.723591870185	0.760403265783	0.74695837038	0.764702981461	0.805510035888	0.758886594263	0.756698200524	0.750879040372	0.727304759965	0.751583817622	0.747298482981	0.733887928169	0.745964992893	0.718724862904	0.720833928345	0.772918230236	0.779229096428	0.805463566881	0.756172556259	0.806451957087	0.783487567277	0.704459215952	0.757796443183	0.752564923995	0.778294152768	0.732072277436	0.800057587284	0.810299455872	0.759841496007	0.766832938651	0.701186663975	0.777823937781	0.766169096991	0.779037251015	0.750341430053	0.761111089336	0.760071561928	0.830131237186	0.780026156951	0.792980104859	0.767100702595	0.806226388595	0.780580671558	0.742106124467
CF2	0.655111616195	0.608530759986	0.582767566337	0.611862792637	0.623596136442	0.590886612766	0.597932515319	0.65845203856	0.692552243537	0.593399266476	0.628395117488	0.595109469153	0.622293250003	0.588452612173	0.619252121236	0.675180637905	0.561670654046	0.569225079053	0.601001900405	0.557385317625	0.623115347763	0.573238060572	0.640727707129	0.617599217108	0.588929416355	0.607339243374	0.493418155374	0.0	0.583029953402	0.601960162598	0.514974515737	0.534092360145	0.902332496344	0.815901757678	0.877222569935	0.890111287466	0.8750461498	0.85729623097	0.857720540553	0.872862138709	0.836037195894	0.787443968977	0.854459980265	0.848176036007	0.859619183975	0.878188669112	0.788927351494	0.725257803977	0.721696473526	0.716894799527	0.744287282955	0.730355370234	0.759154661326	0.710231100249	0.735282388191	0.720557958203	0.723167194834	0.71106092546	0.696721464126	0.727978833021	0.711618907867	0.728554529307	0.694825344525	0.741401091232	0.71493820665	0.757192179174	0.679619489657	0.748320909334	0.73538544963	0.686758504216	0.732439897677	0.738557569328	0.753303669036	0.646787563363	0.76576576024	0.768136721032	0.689206880967	0.740395576181	0.718454592273	0.730117548193	0.733423786749	0.740020290455	0.739739393336	0.760699105702	0.750477194885	0.786791138665	0.740281043807	0.779143153924	0.745597727896	0.72174806771	0.686661822243	0.730616950378
CG1	0.689208356099	0.634194380627	0.595593768473	0.648960811627	0.660562833285	0.628497290479	0.61401758683	0.610800312112	0.615648440871	0.575402344595	0.651504443995	0.66890142755	0.619874087338	0.645608580639	0.669563086338	0.640508496531	0.604342057595	0.577625240786	0.559677441229	0.523179481231	0.682973043197	0.598995126109	0.644637010929	0.647287320076	0.577011801196	0.638689739811	0.581821221689	0.583029953402	0.0	0.496711462024	0.595938459951	0.551343857177	0.903369680422	0.803630369368	0.883779135876	0.863283590865	0.872655324335	0.875949019025	0.861948225848	0.857773500256	0.830079917315	0.785324385717	0.864309310228	0.838208835752	0.855193502736	0.874846066554	0.795985345822	0.746608401352	0.752888278379	0.743661823567	0.706011641376	0.749151886767	0.768672902463	0.70432198276	0.722765055319	0.713981197726	0.689899131425	0.743096499928	0.732874959387	0.704607363284	0.73388140231	0.766860368243	0.695605725115	0.778969525023	0.741106616614	0.737726231667	0.73816247969	0.768299732026	0.756398004674	0.7190679969	0.740209726851	0.7522054605	0.764757490027	0.735714833033	0.739223942326	0.776832884683	0.761989243868	0.763968370495	0.732427999855	0.753203307609	0.749239801326	0.724461802148	0.738729207095	0.728183187916	0.692762902445	0.771033844412	0.747476572736	0.742331942194	0.743982408481	0.753817364045	0.739993289351	0.768126812357
