	CA7	CA8	CB7	CB8	CC7	CC8	CD7	CD8	CE7	CE8	CF7	CF8	CG7	CG8	CH7	CH8	CA1	CA2	CB1	CB2	CC1	CC2	CD1	CD2	CE1	CE2	CF1	CF2	CG1	CG2	CH1	CH2	CA5	CA6	CB5	CB6	CC5	CC6	CD6	CE5	CE6	CF5	CF6	CG5	CG6	CH5	CH6	CA11	CA12	CB11	CB12	CC11	CC12	CD11	CD12	CE11	CE12	CF11	CF12	CG11	CG12	CH11	CH12	CA3	CA4	CB3	CB4	CC4	CD3	CD4	CE4	CF3	CF4	CG3	CG4	CH3	CH4	CA9	CA10	CB9	CB10	CC9	CC10	CD9	CD10	CE9	CE10	CF9	CG9	CG10	CH9	CH10
CA7	0.0	0.628869107971	0.645389920768	0.618105047434	0.659388381902	0.658105381879	0.62678268405	0.628371581813	0.620493665651	0.621720814653	0.682010846275	0.654001790995	0.636890556918	0.643488388279	0.624284646623	0.627799416204	0.734619921611	0.693088570924	0.677519534979	0.657224386491	0.706192421274	0.676266751172	0.700402478393	0.69849175387	0.721931424588	0.676060817624	0.67055870738	0.670836978656	0.672741866815	0.638365106234	0.659972955892	0.707846378014	0.82001849691	0.751996375193	0.769699313108	0.815493267585	0.786077921324	0.784031753296	0.770029700104	0.792378703411	0.808059409882	0.803584820499	0.783865107766	0.781555920091	0.787667497497	0.737669329456	0.84451088297	0.725254409287	0.67341834181	0.739139577741	0.689392238277	0.691598458679	0.684291602451	0.681957787189	0.694409848341	0.699842025276	0.678705444631	0.701730950177	0.694890031705	0.691588180843	0.679187127647	0.734530841204	0.644541688626	0.789774215366	0.76718145068	0.745438564611	0.709703870555	0.774304684527	0.769302958203	0.661947122501	0.758892654395	0.748931156065	0.764772577651	0.727675576398	0.750185891224	0.770139388197	0.726008715265	0.759806423532	0.72629705823	0.738352107081	0.752413589014	0.710994098841	0.726255160556	0.692322160974	0.677322727522	0.66012246001	0.689089660597	0.687079157656	0.743502833839	0.673451997104	0.709413972117	0.734162561664
CA8	0.628869107971	0.0	0.625275936512	0.60353592596	0.642532758942	0.576366676919	0.619127680978	0.636147188783	0.606516460036	0.590009987728	0.627217642927	0.598965810091	0.613764278995	0.601472860931	0.486662281066	0.546009980219	0.659482828271	0.648528548135	0.678100492957	0.628358818493	0.694165945994	0.653451941988	0.662419044919	0.691042317403	0.684607236402	0.671331472457	0.628164911288	0.599722535356	0.66647339183	0.644283900915	0.647323375041	0.592528587571	0.85760439284	0.754629907974	0.804822135199	0.854096129614	0.820085050576	0.816533433364	0.814409930739	0.84279220132	0.836533109278	0.835118191437	0.826443779541	0.80922170667	0.811728020414	0.77552721318	0.864152490076	0.712266346387	0.704970794545	0.69467851067	0.720479129811	0.701566163248	0.684613164062	0.699852673129	0.703188846179	0.698449919847	0.683535972811	0.695534763669	0.684666373638	0.690601391132	0.690800269779	0.701838806278	0.683899503219	0.760805546902	0.701917483079	0.758441407279	0.68543479807	0.702276694405	0.738106356707	0.665491017887	0.715144263044	0.707838505647	0.734146796678	0.676781421172	0.764885303118	0.697507610553	0.694274923681	0.691549063599	0.715577254477	0.705919710518	0.681508826064	0.691290402009	0.695996030548	0.732278517457	0.675682678907	0.670116217648	0.660154656085	0.702479571531	0.705651701115	0.677243485283	0.642005442075	0.699106992795
CB7	0.645389920768	0.625275936512	0.0	0.548197680948	0.586053077756	0.605887164659	0.620074217575	0.641563734011	0.62569924912	0.60907884815	0.617042052797	0.567201637343	0.538505523181	0.511761608564	0.628805854036	0.675167305253	0.65807255904	0.629371751997	0.661074077242	0.631938416318	0.700127543573	0.65132488839	0.621685166605	0.61083621335	0.635194306375	0.587886594226	0.623277447107	0.631605319872	0.67543886752	0.654754269838	0.651384853598	0.648082168851	0.90273505554	0.81598646017	0.860714668968	0.895008271089	0.872324436805	0.87626226788	0.854767326329	0.872069495354	0.893327430972	0.88755480883	0.870836834615	0.855624578724	0.851613920361	0.831133804785	0.917297647476	0.757084382872	0.736500445207	0.746933627173	0.761674424185	0.732830520191	0.725122351769	0.724326155502	0.723102855426	0.754626323145	0.7321158711	0.734039163946	0.719993562222	0.75918573569	0.732158403121	0.754346701067	0.727034171397	0.802387768793	0.775884829126	0.778111195214	0.731655288929	0.794550254902	0.810179695636	0.738420724907	0.788596146394	0.751376099923	0.786498408433	0.731940570425	0.780208785888	0.803499404295	0.756672351176	0.757073673128	0.761444630622	0.744034866979	0.745157739348	0.738567597542	0.729177207543	0.724979350952	0.727050604519	0.753663004804	0.749980091674	0.76683372837	0.73285421946	0.76205778182	0.726009233101	0.749767085667
CB8	0.618105047434	0.60353592596	0.548197680948	0.0	0.611836517849	0.60078137124	0.644373419651	0.638549137043	0.627295136138	0.581644475202	0.607269684191	0.576379671725	0.541183848554	0.553210321244	0.65323000121	0.63700743419	0.663906857199	0.645633892234	0.648290187409	0.618885437158	0.718426448958	0.648051741136	0.584468501494	0.606066791253	0.650584984221	0.617403489633	0.585663945305	0.646671456942	0.628131251148	0.619194322134	0.671465532021	0.607435309746	0.878170137683	0.821256653734	0.832449825831	0.868818166324	0.843870926563	0.842150946338	0.836240638404	0.848178001517	0.869366309867	0.866935401829	0.849305286229	0.834829764749	0.831011209103	0.804655265633	0.89118076563	0.755515476367	0.732725386522	0.725974035487	0.735521148269	0.728180731209	0.68228420639	0.702097104606	0.702090080292	0.726325595644	0.725596022614	0.725784788731	0.67789014756	0.701377909539	0.723277785847	0.751256556896	0.717560276701	0.774454020275	0.782792937566	0.800806550642	0.752029590659	0.782252096326	0.806503648491	0.725338907408	0.785906382104	0.757622857949	0.780694934801	0.753906457003	0.801265577944	0.790467496598	0.781298684108	0.714893638981	0.756173749301	0.721868239344	0.751044485059	0.725915343712	0.751411296353	0.700625992333	0.692162677211	0.732968367099	0.7303551713	0.747558477897	0.699919542701	0.71590750892	0.707268110363	0.714351485129
CC7	0.659388381902	0.642532758942	0.586053077756	0.611836517849	0.0	0.547139814333	0.586587082967	0.650903792991	0.671979168095	0.596326676771	0.552792354664	0.524808805069	0.615512675163	0.617247866171	0.672793100179	0.701983057738	0.633667640651	0.636299342359	0.646345864752	0.60873217874	0.733674191999	0.663129545742	0.583954095849	0.591818547396	0.622655822118	0.556164588783	0.617746971297	0.614978067468	0.637177097484	0.647468729675	0.641557510963	0.635193785214	0.891478865243	0.829991423239	0.852626703983	0.898493592121	0.861559403517	0.869491109987	0.830944386841	0.862139332619	0.882640138004	0.881648350634	0.864203086719	0.866800019031	0.863563676471	0.831832350553	0.90387392341	0.768238713436	0.766679625344	0.762539893147	0.778330086777	0.745672158619	0.742668725587	0.696200270453	0.690207171103	0.717349116529	0.726190449158	0.761000907473	0.726069095756	0.755899484983	0.768181717382	0.750393051432	0.76125403602	0.817025437365	0.76919586651	0.798122912147	0.750830838091	0.782304472299	0.778178483084	0.751080975188	0.765199140613	0.7454542331	0.759041204462	0.75115359808	0.794532253378	0.802011605548	0.75792702821	0.762710759489	0.756407840926	0.757558660505	0.754264232225	0.72904419907	0.729349705209	0.729229898163	0.736816007832	0.757072268482	0.754526616778	0.766082485361	0.744316439595	0.774976049308	0.7212206644	0.751760600982
CC8	0.658105381879	0.576366676919	0.605887164659	0.60078137124	0.547139814333	0.0	0.620048956179	0.617728354937	0.617753853984	0.581214774836	0.529305890823	0.549005601016	0.625266084929	0.594529816912	0.586773782743	0.643241028999	0.616828783268	0.628288026993	0.661435830839	0.638812338193	0.719659743632	0.648924402403	0.577546631798	0.619410310095	0.625208663327	0.618000081555	0.634851652377	0.58248092654	0.625819047077	0.642030325578	0.625230545898	0.602735015864	0.883896529148	0.795558411137	0.834651548571	0.883849473654	0.858542421447	0.861685912379	0.819966880719	0.862014323184	0.87956738674	0.879939862108	0.862001493103	0.856723546582	0.850739645939	0.810779580597	0.899898313935	0.734365649237	0.723438269748	0.720096388486	0.736348058382	0.707704265336	0.691522269358	0.683573831561	0.674007033924	0.719872989941	0.716690040381	0.696421766336	0.687445588774	0.724804229635	0.716669004667	0.716707166052	0.715427718559	0.803990960813	0.768685865607	0.778638721434	0.700142357634	0.780921725499	0.755596993944	0.719158576018	0.748000021554	0.726658232427	0.755990005399	0.718954471039	0.790828766946	0.790930622647	0.738808482241	0.723491571464	0.722658592599	0.722687170886	0.710093675465	0.73437220258	0.705984834547	0.724750261161	0.69882570637	0.72887684333	0.699094806959	0.735477570962	0.710908283536	0.731825323317	0.673728944441	0.730624753617
CD7	0.62678268405	0.619127680978	0.620074217575	0.644373419651	0.586587082967	0.620048956179	0.0	0.56667556262	0.574450573915	0.479684879252	0.597500734631	0.603719795017	0.646960600723	0.62979702939	0.621331492154	0.655414126443	0.665876674801	0.648096700245	0.667646252775	0.623008776718	0.715722347063	0.669386045432	0.655201844802	0.657240929178	0.679438110532	0.642560765956	0.623040594488	0.63781508968	0.667459350616	0.619864542022	0.621614836523	0.63451954866	0.852546014286	0.743306818307	0.812723230646	0.861512247612	0.826023477565	0.81660681563	0.786339753862	0.810106645672	0.846825114731	0.844271048116	0.818979364142	0.804893543925	0.824076904542	0.759675777715	0.855859351511	0.704508875968	0.717131665994	0.704356196329	0.717469543728	0.69747648068	0.691394210905	0.679646822384	0.664454102549	0.688296059447	0.673458841048	0.686619375031	0.68915970444	0.701222623878	0.68602357612	0.723613866486	0.712055195145	0.779182106288	0.719457073159	0.767611235553	0.698560683546	0.753121663457	0.735031010376	0.679592891587	0.735667597628	0.734928557899	0.749379081313	0.710048495768	0.767043171998	0.736219074122	0.689879954535	0.715417630519	0.706629837142	0.715568992451	0.711715975954	0.708174004982	0.661730470922	0.683241000245	0.70196633152	0.672782220324	0.67704888182	0.698410665706	0.70134326545	0.689517569627	0.658985085846	0.71911394752
CD8	0.628371581813	0.636147188783	0.641563734011	0.638549137043	0.650903792991	0.617728354937	0.56667556262	0.0	0.555118687781	0.548131268424	0.641974872783	0.625963803698	0.657429780066	0.627647485538	0.596467149787	0.627678027626	0.708613755575	0.67653920196	0.685277604492	0.660031891059	0.709141473695	0.716648303684	0.701178939164	0.689322604809	0.699735529112	0.674383065538	0.681870076607	0.662810659587	0.631047237392	0.658735367665	0.624179426781	0.654869100307	0.835590612428	0.746423696655	0.800037190102	0.831497218201	0.812960653012	0.798396335693	0.761350459106	0.802608553991	0.833212674353	0.83473102023	0.809086741793	0.792320555631	0.785603358299	0.756943769255	0.851547043662	0.737874058504	0.710641805993	0.693715721727	0.704008205991	0.661081843518	0.648818918696	0.645325444019	0.622400314996	0.636701312268	0.688019731205	0.680136260562	0.617822424703	0.686610431877	0.673373133283	0.726595298625	0.69425228781	0.72883003455	0.68647159879	0.678921024793	0.676872014326	0.726988567715	0.716335584879	0.657706578324	0.714728484936	0.704800507642	0.726216275086	0.672424680036	0.687657510611	0.734741768765	0.697055833636	0.706293961374	0.670566305489	0.667749364833	0.720397079082	0.626150005982	0.629298623272	0.650683935994	0.650829027907	0.65535657421	0.650244296152	0.66528638215	0.690592304499	0.664229258063	0.608806404369	0.668602621527
CE7	0.620493665651	0.606516460036	0.62569924912	0.627295136138	0.671979168095	0.617753853984	0.574450573915	0.555118687781	0.0	0.575103903193	0.642110901199	0.624466728227	0.632599354225	0.63638456175	0.610457214963	0.615630851877	0.704494652715	0.643304114445	0.696037971188	0.677851565065	0.702976475016	0.678712044196	0.698345341004	0.706141713019	0.717671659876	0.686801536095	0.661964704646	0.627621000457	0.675946845845	0.65324902577	0.648590042058	0.652703081408	0.824341181271	0.73092425407	0.794380696559	0.838119008028	0.807007839744	0.795880380629	0.784515723643	0.801985098818	0.826318978011	0.830556048294	0.796312720254	0.795651348749	0.781980742679	0.744403831298	0.847013652636	0.691296724444	0.649787450184	0.67162061509	0.685428662139	0.65250540583	0.641727860887	0.652726342829	0.670146706089	0.679435615242	0.661568584711	0.657820023481	0.65673606248	0.691906636988	0.652017257205	0.688588321401	0.647367147035	0.754554146747	0.743161048515	0.697061963165	0.668050406663	0.732676602834	0.774156566993	0.634083871344	0.708386824543	0.707006774211	0.742317389457	0.692793276518	0.7364398647	0.731624287752	0.709922412519	0.706824985448	0.682498983181	0.700224948933	0.723611767976	0.681951110239	0.68504660718	0.714273406381	0.65924384874	0.648986532884	0.642734411049	0.685046560943	0.712992845647	0.658956363535	0.672585020152	0.726453635445
CE8	0.621720814653	0.590009987728	0.60907884815	0.581644475202	0.596326676771	0.581214774836	0.479684879252	0.548131268424	0.575103903193	0.0	0.575541370786	0.576826480198	0.624507058145	0.637228760397	0.576623899266	0.626714438412	0.668400110015	0.635281307488	0.682790272782	0.643095633488	0.704659254032	0.659310448375	0.638803913942	0.651319797407	0.684304644634	0.63342504272	0.618594838687	0.633289925617	0.663242631906	0.615497872779	0.624035710069	0.605333340201	0.859595940426	0.757363488998	0.820698175748	0.868309683944	0.840326181575	0.822574558194	0.81610634708	0.834372542648	0.843581399678	0.851471603014	0.820370535636	0.816747338656	0.819416097392	0.779545958222	0.870413960113	0.730591798482	0.703372606851	0.690080539989	0.706867495338	0.692021570339	0.65393072716	0.643639422243	0.647009340939	0.668707753306	0.671553683571	0.671600023144	0.652546823768	0.676467050204	0.682062896853	0.70398500866	0.689994793636	0.763738009793	0.738689518124	0.75392145443	0.715934299752	0.7544967501	0.777174569173	0.679443967242	0.745461419159	0.742737180782	0.747881433295	0.717503685038	0.77325387787	0.741083164231	0.718883784006	0.682306608554	0.721714180861	0.654395225139	0.69609836307	0.693625388901	0.693327381018	0.659948413099	0.651353946589	0.65831095771	0.640113567824	0.710317663575	0.682337401503	0.650999708111	0.621533781136	0.677191324388
CF7	0.682010846275	0.627217642927	0.617042052797	0.607269684191	0.552792354664	0.529305890823	0.597500734631	0.641974872783	0.642110901199	0.575541370786	0.0	0.561097674311	0.636958824655	0.548949398945	0.637068133717	0.685648150877	0.599627505374	0.616325585396	0.603296561958	0.647424105117	0.696754881964	0.632624702903	0.594030969537	0.609459367121	0.574720552227	0.60913734977	0.629397639083	0.643537486297	0.643356462509	0.660850199924	0.652884833188	0.646646988766	0.884588531526	0.821772204857	0.870778461431	0.895761273854	0.874855486139	0.869325202511	0.8409857661	0.86227761738	0.87526526621	0.891193252917	0.870598150011	0.865505381034	0.855272791669	0.836195992852	0.893070678924	0.713286314553	0.742788327194	0.671154228583	0.726803054473	0.713153007726	0.734431546304	0.683443359595	0.685282708297	0.707626083055	0.734152579233	0.718285447195	0.698414209638	0.686655103097	0.730532035284	0.699359964245	0.752609150976	0.821121365655	0.771906023183	0.761606093336	0.758188438145	0.778605614014	0.797053744109	0.73103660425	0.766456115998	0.704942377074	0.767779004644	0.741448823456	0.770340445776	0.79194615794	0.760273196367	0.734991278619	0.696524553197	0.711159824733	0.729433197759	0.720938798136	0.660627177458	0.713439313793	0.735589714739	0.730634514315	0.715765628941	0.740992710857	0.71419932467	0.76154373756	0.710221314909	0.707705326698
CF8	0.654001790995	0.598965810091	0.567201637343	0.576379671725	0.524808805069	0.549005601016	0.603719795017	0.625963803698	0.624466728227	0.576826480198	0.561097674311	0.0	0.564258383152	0.596746334664	0.623563273531	0.658797677714	0.64014133699	0.596446580274	0.668002682457	0.620438195502	0.721289452921	0.646394605724	0.594702490677	0.589844295121	0.643253780798	0.570457854837	0.61557296544	0.612185541163	0.67256042851	0.644511418486	0.602751154057	0.597399263022	0.89243962967	0.827623393242	0.853441043069	0.892898680418	0.869224944733	0.864943575093	0.861641617123	0.861036858178	0.883622739659	0.884058798248	0.870541753736	0.865200918903	0.859158240164	0.824794814277	0.900167834249	0.773635516818	0.727308750278	0.731897360522	0.751901771058	0.739087166212	0.7270726996	0.713741597257	0.706322696543	0.735506577564	0.724404687127	0.738696478415	0.738715224609	0.746749343466	0.727570049437	0.746761942057	0.728292230468	0.827420495978	0.748685538857	0.773728871368	0.731029154744	0.781325868668	0.78340843964	0.736161510729	0.784221515769	0.758587669722	0.779969040094	0.739983567067	0.77941578534	0.794110508643	0.751806359755	0.759254293688	0.754323978865	0.748657774866	0.758193747712	0.737435133435	0.729663826835	0.691855336122	0.695526845499	0.740713014177	0.722269387637	0.756851140809	0.749447535967	0.753691706312	0.714252086654	0.76837985578
CG7	0.636890556918	0.613764278995	0.538505523181	0.541183848554	0.615512675163	0.625266084929	0.646960600723	0.657429780066	0.632599354225	0.624507058145	0.636958824655	0.564258383152	0.0	0.57133648635	0.636013404403	0.671728272835	0.718170363569	0.65552580602	0.669967968256	0.610383303097	0.715275019645	0.635785364169	0.642193463995	0.655435980557	0.691095962753	0.6414074364	0.640595853395	0.647812299794	0.644177648126	0.621287592388	0.687924982757	0.660379263366	0.879008577957	0.788727489197	0.825465676448	0.876878910231	0.847743506449	0.848112257728	0.824841025078	0.852803915232	0.857811717919	0.862109300526	0.846270293913	0.836380983803	0.82421907447	0.801714684553	0.883422410839	0.770992993315	0.726886961492	0.725488044206	0.727222346971	0.732189360445	0.738305300368	0.744942938116	0.750437580389	0.744495533713	0.749846277692	0.734043475667	0.734644609292	0.732442779307	0.725390482521	0.755027812423	0.685069259575	0.813076031384	0.769117545775	0.763674571705	0.754235056568	0.792469569032	0.81842012382	0.697529464819	0.795011646773	0.753414386491	0.794774428111	0.749116437125	0.750614366724	0.770707768168	0.769584344044	0.757252607824	0.773665126666	0.744557255523	0.761286931094	0.721344487591	0.723567833462	0.728115623612	0.707387702969	0.735918657102	0.722371575168	0.727690543545	0.739080070073	0.717725868486	0.743978319113	0.751493103764
CG8	0.643488388279	0.601472860931	0.511761608564	0.553210321244	0.617247866171	0.594529816912	0.62979702939	0.627647485538	0.63638456175	0.637228760397	0.548949398945	0.596746334664	0.57133648635	0.0	0.623644391345	0.686210088905	0.591785283597	0.643738307039	0.565775494972	0.60078641234	0.696108734328	0.643155167938	0.608844536897	0.635978780385	0.579257581414	0.616248954141	0.649650353082	0.629370222585	0.666899766663	0.64755800199	0.652181069051	0.614093573371	0.889806927046	0.826750753124	0.847896492266	0.877174459761	0.849431799544	0.855606362448	0.834594893991	0.861242812754	0.878529098832	0.87743373862	0.863312800305	0.849334817621	0.84332835613	0.823369447504	0.900863612983	0.711946593903	0.722235505302	0.698774777067	0.723436483451	0.724412004508	0.728490733068	0.727241056751	0.722346100556	0.733550114082	0.71862853295	0.726909652733	0.714898172583	0.697086426657	0.73615522747	0.701036310085	0.726470310582	0.79166033616	0.746662819732	0.781246181499	0.729563588063	0.775069641879	0.772225125374	0.729581629928	0.767405664334	0.702994305916	0.76800321781	0.718161057408	0.783114570633	0.78737384508	0.741252219276	0.767900030015	0.72484979856	0.724858560422	0.755795192237	0.718293507561	0.669431837456	0.703128996423	0.748113623913	0.748890313321	0.735080807353	0.766996788872	0.748087123769	0.766418038962	0.725904615935	0.712508759284
CH7	0.624284646623	0.486662281066	0.628805854036	0.65323000121	0.672793100179	0.586773782743	0.621331492154	0.596467149787	0.610457214963	0.576623899266	0.637068133717	0.623563273531	0.636013404403	0.623644391345	0.0	0.565133675624	0.675896847124	0.663531575398	0.701530030671	0.659677714333	0.724091068583	0.689493547278	0.693134354358	0.704618472295	0.712642441027	0.672961890644	0.674457058385	0.651156452298	0.656311568228	0.641205787216	0.631132608306	0.668278965286	0.869614310051	0.76561095685	0.796598713387	0.860060919879	0.826367502509	0.825937620663	0.823819504092	0.837278661202	0.835473435483	0.852615783113	0.833410562331	0.819991278641	0.812215738995	0.783271430518	0.873651539021	0.74262588416	0.692928352734	0.695861719943	0.725777496307	0.69919243895	0.672682105683	0.708044913459	0.684110299401	0.720000978021	0.684905078188	0.685331546306	0.667987212635	0.727650073337	0.687280477872	0.727508295906	0.682260480069	0.785095179601	0.701083153002	0.728388188726	0.688924099393	0.737000284353	0.762835923091	0.677148658007	0.752722126683	0.723709221063	0.769534744394	0.684052061241	0.73888609046	0.712215893307	0.725128606629	0.731173121687	0.743441311597	0.718964291501	0.725948421408	0.715075311088	0.710772264212	0.707351981289	0.676930670378	0.687528351901	0.677947433593	0.705993536817	0.735711768075	0.702187349998	0.689688038617	0.738605621184
CH8	0.627799416204	0.546009980219	0.675167305253	0.63700743419	0.701983057738	0.643241028999	0.655414126443	0.627678027626	0.615630851877	0.626714438412	0.685648150877	0.658797677714	0.671728272835	0.686210088905	0.565133675624	0.0	0.749458758004	0.715959356718	0.733516947118	0.707557716031	0.727514632156	0.718508861412	0.723302468525	0.736338310814	0.753657003886	0.746277554545	0.664427723673	0.674839941371	0.669443395829	0.648077814585	0.673979213249	0.666112640836	0.848783238248	0.736457354069	0.770454014284	0.849147268966	0.793674826664	0.790543781034	0.781681992377	0.796433563131	0.815192450719	0.819288276286	0.798944816437	0.795706752177	0.779008220263	0.754745673025	0.846280524002	0.748172453918	0.658355814135	0.673431722668	0.69367582351	0.686692464566	0.669473889462	0.682256053867	0.701436156623	0.703750796125	0.691730440972	0.685138299934	0.674652167388	0.681445140111	0.659179314857	0.700730727936	0.69748224155	0.777739393409	0.730794818014	0.765727202855	0.73556134415	0.736825137907	0.758088146875	0.667545505979	0.740244159265	0.723166738093	0.766065399926	0.736574946212	0.770097351373	0.717314365827	0.739326051966	0.703356637086	0.741815483335	0.684568387882	0.714066151219	0.695341500852	0.713893029041	0.727190204144	0.655565865312	0.680170942287	0.658663642207	0.658261891877	0.727167654116	0.662533233752	0.676369678234	0.691953371913
CA1	0.734619921611	0.659482828271	0.65807255904	0.663906857199	0.633667640651	0.616828783268	0.665876674801	0.708613755575	0.704494652715	0.668400110015	0.599627505374	0.64014133699	0.718170363569	0.591785283597	0.675896847124	0.749458758004	0.0	0.470786115302	0.52906493825	0.597572500603	0.699080001156	0.632752779726	0.617887164638	0.617712888753	0.563022083094	0.603556426121	0.604531494571	0.57947889758	0.636209012414	0.634177354828	0.562174667665	0.52531830949	0.933250184016	0.85735639948	0.889444949859	0.922712775819	0.90120594667	0.900639512563	0.877769683889	0.892786585879	0.914590435255	0.915828690651	0.907358462892	0.901505158813	0.895740540154	0.860825193422	0.936887309152	0.753953376298	0.789632105126	0.759634763798	0.790954242587	0.764751610625	0.768569727034	0.759859635338	0.762529488165	0.765924685693	0.745885197372	0.780675453008	0.761444701578	0.768700105797	0.771394785017	0.753003151376	0.807424512572	0.813052379901	0.733009482929	0.789639843486	0.748670698083	0.764677319358	0.796118316164	0.77282002032	0.762378421884	0.707549784805	0.772816692111	0.740664580394	0.803042539419	0.765839823599	0.742838064822	0.801436964664	0.749241134077	0.777385561998	0.774388717989	0.783708056031	0.721121484938	0.729559338621	0.770125495072	0.790348442118	0.772907828737	0.82621748726	0.780493583044	0.799729659366	0.752467968055	0.754796577596
CA2	0.693088570924	0.648528548135	0.629371751997	0.645633892234	0.636299342359	0.628288026993	0.648096700245	0.67653920196	0.643304114445	0.635281307488	0.616325585396	0.596446580274	0.65552580602	0.643738307039	0.663531575398	0.715959356718	0.470786115302	0.0	0.603425336988	0.571397801568	0.65043614193	0.560537344541	0.597543429574	0.598132683403	0.625332164168	0.570313770353	0.532250657346	0.560296417031	0.623200152407	0.606222419046	0.528020734739	0.533001977983	0.937132906608	0.852513213215	0.890756633283	0.916761312345	0.904200012886	0.903425551028	0.886593538789	0.895067482146	0.914954029525	0.919494034827	0.907939747866	0.896725935519	0.882655366362	0.865673782085	0.934599645648	0.740917529548	0.736779827656	0.749862835855	0.77641481917	0.720069001983	0.721016634394	0.72670407798	0.718172246884	0.732427917293	0.705728369822	0.731539402222	0.725840068325	0.763289078327	0.721331751059	0.728994092288	0.77350317959	0.789667803679	0.736613152006	0.772030908075	0.769745107254	0.736321545529	0.817324610842	0.738186952617	0.734370082682	0.709876030912	0.750108637911	0.740786040736	0.776177142308	0.765238872861	0.756868584277	0.769830268018	0.721357650613	0.7775672494	0.752150638199	0.737936041902	0.745741116823	0.760620836545	0.72113601768	0.76349227052	0.744576907816	0.802076816297	0.759222229669	0.769305024339	0.730208272371	0.762152089352
CB1	0.677519534979	0.678100492957	0.661074077242	0.648290187409	0.646345864752	0.661435830839	0.667646252775	0.685277604492	0.696037971188	0.682790272782	0.603296561958	0.668002682457	0.669967968256	0.565775494972	0.701530030671	0.733516947118	0.52906493825	0.603425336988	0.0	0.475439826699	0.702075732653	0.618661719235	0.612997443381	0.61563476437	0.5459123915	0.603522752499	0.613202187924	0.595054579858	0.559374351708	0.598148028615	0.577350829352	0.564104759123	0.913756570729	0.831544869883	0.85480489255	0.890074581366	0.860887274844	0.863989726991	0.842358422681	0.870884989083	0.887758668241	0.895259176299	0.858762843469	0.84788059337	0.846885010789	0.841621203855	0.911027852554	0.721926380865	0.799828895377	0.742707712112	0.769494332519	0.789984018741	0.81080764873	0.767143815534	0.775143744144	0.789968055771	0.781718816368	0.792760229962	0.776439827688	0.715348553222	0.802101674943	0.726331052718	0.804975929953	0.810149121567	0.763372540004	0.817066995735	0.731266578634	0.800872294656	0.776052731545	0.73582966841	0.791095328906	0.734637888465	0.791193435046	0.731516447578	0.808729507989	0.80466786403	0.74095106845	0.814067816674	0.746806934937	0.773527762377	0.800284753149	0.784919265795	0.722300653717	0.728485761872	0.781556895805	0.760414586772	0.757418119434	0.781304526323	0.798136915522	0.787919445948	0.786977491961	0.752212020418
CB2	0.657224386491	0.628358818493	0.631938416318	0.618885437158	0.60873217874	0.638812338193	0.623008776718	0.660031891059	0.677851565065	0.643095633488	0.647424105117	0.620438195502	0.610383303097	0.60078641234	0.659677714333	0.707557716031	0.597572500603	0.571397801568	0.475439826699	0.0	0.711172068449	0.61870607765	0.558226273833	0.577664310366	0.615557269807	0.58228099228	0.593828710409	0.53195595181	0.5769441636	0.547958114437	0.572931726794	0.536597909201	0.896841670933	0.809545329403	0.832287266029	0.878854278963	0.849783467781	0.858061864967	0.835818844621	0.840830615803	0.871258655716	0.869112041475	0.851608213417	0.840230502666	0.829754851258	0.811433060715	0.895464212898	0.792058061	0.770076100909	0.78880729664	0.787151650077	0.767269470362	0.7843017023	0.780782495121	0.778325561787	0.784451944923	0.771275113453	0.786201869252	0.764765079699	0.778562365017	0.781675273794	0.780902122658	0.767423521195	0.810212174195	0.760735247236	0.805112392775	0.742891332542	0.779472209692	0.777237921898	0.742608791608	0.789505194436	0.789659128137	0.784115511277	0.748428463915	0.798941026725	0.770294623337	0.747243688013	0.801014786976	0.792673188333	0.804368051315	0.788516474752	0.770062472229	0.74888181199	0.755930415387	0.769678272805	0.771293028866	0.764677151885	0.774299943114	0.788414570111	0.795535240414	0.766920419688	0.796176298493
CC1	0.706192421274	0.694165945994	0.700127543573	0.718426448958	0.733674191999	0.719659743632	0.715722347063	0.709141473695	0.702976475016	0.704659254032	0.696754881964	0.721289452921	0.715275019645	0.696108734328	0.724091068583	0.727514632156	0.699080001156	0.65043614193	0.702075732653	0.711172068449	0.0	0.42562648904	0.743080331305	0.764967273636	0.738813769036	0.726547022619	0.66782231504	0.603775163587	0.684213717496	0.691472684069	0.704279229815	0.678322373337	0.887999140753	0.803312642261	0.837344128624	0.866501267425	0.843125003234	0.859088197144	0.825814971559	0.851372731303	0.868351154738	0.880579760898	0.857978105792	0.855622181421	0.838021976503	0.804739714339	0.891680526871	0.648142873745	0.674512706499	0.700660049728	0.731265941681	0.707400347183	0.700757237534	0.678424266315	0.690765604956	0.710778417495	0.676588493014	0.689005000123	0.68938664303	0.702928289519	0.69628766698	0.716467085101	0.710491937534	0.771361999622	0.734520677693	0.754469895176	0.720341948229	0.750569164905	0.752739394224	0.667014864444	0.722637183294	0.701713136614	0.699636372302	0.669812043127	0.745199373643	0.741433736862	0.726892948116	0.722029868762	0.680668206206	0.736466389653	0.706809517603	0.715499395528	0.726280477943	0.756572618192	0.693563151085	0.713094077434	0.692772961627	0.73077752768	0.680313105113	0.72777457252	0.728212328373	0.746395279033
CC2	0.676266751172	0.653451941988	0.65132488839	0.648051741136	0.663129545742	0.648924402403	0.669386045432	0.716648303684	0.678712044196	0.659310448375	0.632624702903	0.646394605724	0.635785364169	0.643155167938	0.689493547278	0.718508861412	0.632752779726	0.560537344541	0.618661719235	0.61870607765	0.42562648904	0.0	0.625384131405	0.671854880022	0.663475268293	0.629872087988	0.560085305645	0.522786562655	0.625175684514	0.623619679836	0.626366122043	0.612429352235	0.903038237341	0.819446288586	0.850686733204	0.902449542402	0.863857990066	0.877826820854	0.848123718783	0.869094066758	0.885475588728	0.892621671787	0.871273565836	0.883942539941	0.871488285831	0.834940866085	0.90699389862	0.675920283495	0.676092262535	0.69072788489	0.744556655436	0.72360370094	0.729962527243	0.701603518675	0.693769887194	0.733269219479	0.705837978177	0.710320242936	0.716779633236	0.711005293719	0.723994194834	0.704323051187	0.743855453513	0.796075420104	0.736908877635	0.777332406325	0.758311948791	0.758061296444	0.767388136062	0.695185062298	0.732437323127	0.704164765155	0.715156325467	0.719872556056	0.782290299547	0.748542999986	0.738153975539	0.741537414606	0.684986455232	0.776627084641	0.728267566037	0.704685247262	0.741559128541	0.747755003406	0.72957276022	0.738590697931	0.729335540565	0.759265788866	0.704457957323	0.754746301709	0.741373601791	0.750947633115
CD1	0.700402478393	0.662419044919	0.621685166605	0.584468501494	0.583954095849	0.577546631798	0.655201844802	0.701178939164	0.698345341004	0.638803913942	0.594030969537	0.594702490677	0.642193463995	0.608844536897	0.693134354358	0.723302468525	0.617887164638	0.597543429574	0.612997443381	0.558226273833	0.743080331305	0.625384131405	0.0	0.508047533108	0.545993067089	0.525074114159	0.593472776128	0.615364386681	0.620118896931	0.604506916984	0.646986808488	0.594367919023	0.926066683983	0.871394569961	0.864118514575	0.919958712298	0.873913083613	0.900574809784	0.849072981199	0.889132116445	0.90941282112	0.907226115339	0.896449821731	0.901364717819	0.88741598324	0.859514511689	0.934215636374	0.808726677127	0.786802444833	0.802211446042	0.829812336485	0.778471914243	0.808037073023	0.778312188329	0.766485370327	0.793363642453	0.79470015267	0.816859560671	0.785437857098	0.805451159687	0.799308779014	0.808708964996	0.823529640952	0.842870072263	0.802336341361	0.819573896337	0.802985442618	0.808706875111	0.786515548819	0.791348599997	0.807404344017	0.792590625266	0.785067662879	0.803345686561	0.827232588692	0.821614780181	0.805019411945	0.819517131343	0.785030417063	0.801915473611	0.792654959798	0.771239420936	0.781994660141	0.786262323465	0.794313123559	0.811813934116	0.807773533089	0.801268907561	0.793198691458	0.831620498658	0.783458055268	0.806979305923
CD2	0.69849175387	0.691042317403	0.61083621335	0.606066791253	0.591818547396	0.619410310095	0.657240929178	0.689322604809	0.706141713019	0.651319797407	0.609459367121	0.589844295121	0.655435980557	0.635978780385	0.704618472295	0.736338310814	0.617712888753	0.598132683403	0.61563476437	0.577664310366	0.764967273636	0.671854880022	0.508047533108	0.0	0.579219579856	0.516224031452	0.5903115494	0.607531159001	0.653545980324	0.612538330103	0.613917599428	0.619923830673	0.929982856563	0.869414704847	0.895037228632	0.920523914884	0.904872360132	0.903241058475	0.879529550179	0.90352342886	0.911555756245	0.921271845649	0.905011753415	0.894988166656	0.878225981036	0.863700099199	0.936220935515	0.831846384183	0.813823328535	0.827229626602	0.841209058593	0.800406764853	0.813528215034	0.791420326343	0.802552918441	0.793875234572	0.815213142116	0.808087923454	0.797530448337	0.81676557238	0.814909097625	0.828338774801	0.819442595025	0.836118632486	0.805678068189	0.815884907997	0.796804466748	0.804721329782	0.832011981587	0.799616892905	0.825003504867	0.8179330131	0.822977310123	0.796235346531	0.83097542043	0.822865985972	0.79722462871	0.830963884952	0.82231816203	0.825775689847	0.818951092807	0.813530298148	0.79117703188	0.800380793457	0.794868644121	0.820364810404	0.824860312321	0.860465879979	0.825500265459	0.836017496551	0.793398033409	0.836362883186
CE1	0.721931424588	0.684607236402	0.635194306375	0.650584984221	0.622655822118	0.625208663327	0.679438110532	0.699735529112	0.717671659876	0.684304644634	0.574720552227	0.643253780798	0.691095962753	0.579257581414	0.712642441027	0.753657003886	0.563022083094	0.625332164168	0.5459123915	0.615557269807	0.738813769036	0.663475268293	0.545993067089	0.579219579856	0.0	0.490687511716	0.632709025293	0.639331616843	0.64517876977	0.657711460988	0.648561335559	0.628299057765	0.946576117893	0.879337972635	0.891528917443	0.926629771276	0.904279645382	0.918114182519	0.875241304415	0.91359755673	0.93061306717	0.927065338262	0.919853913238	0.905260159909	0.901861427668	0.887535322607	0.946693723559	0.770925773706	0.799854477843	0.779681943917	0.780226290156	0.777383871723	0.801577348325	0.765493105916	0.764164919678	0.793958571781	0.789713715649	0.78981127654	0.77957928847	0.76870466022	0.809623456893	0.753960855299	0.816629723381	0.827668423627	0.787654177336	0.819100361495	0.792721818024	0.800735578656	0.810043125935	0.776148803853	0.809778775527	0.743175041027	0.812023517196	0.76077326331	0.814610962994	0.826513340273	0.78356892978	0.809138539705	0.752239774256	0.781654634538	0.782434259468	0.774692674565	0.74055279443	0.759104639743	0.798753530259	0.799499443582	0.80097437661	0.819875152342	0.784232353764	0.835603693224	0.781831305269	0.756456231131
CE2	0.676060817624	0.671331472457	0.587886594226	0.617403489633	0.556164588783	0.618000081555	0.642560765956	0.674383065538	0.686801536095	0.63342504272	0.60913734977	0.570457854837	0.6414074364	0.616248954141	0.672961890644	0.746277554545	0.603556426121	0.570313770353	0.603522752499	0.58228099228	0.726547022619	0.629872087988	0.525074114159	0.516224031452	0.490687511716	0.0	0.588828739282	0.614279700897	0.616871165972	0.612326107835	0.620493682832	0.619950396806	0.939061897275	0.867681586809	0.895417352804	0.922259992616	0.909385658034	0.905420093232	0.867360023369	0.905672300722	0.924827445761	0.924604381031	0.912907576805	0.899816486122	0.891737832635	0.870806907022	0.943718022241	0.789247632328	0.788326513386	0.788149412275	0.793497527986	0.756122997514	0.776882814192	0.745841795158	0.748715166735	0.782498853852	0.770585578573	0.771982831641	0.770216699799	0.79365557044	0.780382034655	0.781924039187	0.798207546556	0.824641639511	0.773374028663	0.773162266925	0.780498767822	0.783939840342	0.809358805531	0.752924198631	0.795687800208	0.754576970165	0.78691975869	0.761016034425	0.776430902805	0.805452942082	0.774315625541	0.802364652053	0.762267121588	0.792403665183	0.784795333947	0.767034424993	0.765586932574	0.780188745267	0.782332343421	0.780027812936	0.782317405359	0.792215929801	0.779306978013	0.81989078228	0.764609232683	0.791868352981
CF1	0.67055870738	0.628164911288	0.623277447107	0.585663945305	0.617746971297	0.634851652377	0.623040594488	0.681870076607	0.661964704646	0.618594838687	0.629397639083	0.61557296544	0.640595853395	0.649650353082	0.674457058385	0.664427723673	0.604531494571	0.532250657346	0.613202187924	0.593828710409	0.66782231504	0.560085305645	0.593472776128	0.5903115494	0.632709025293	0.588828739282	0.0	0.479088414757	0.609543196921	0.582030868789	0.589082309974	0.571094561298	0.906213590709	0.813380288261	0.849902942359	0.904337209607	0.865106546271	0.872942990037	0.855239222187	0.859065391245	0.874685081889	0.887241891153	0.874449288479	0.87098809855	0.844933144667	0.825869713142	0.90961030854	0.745702610452	0.736042976433	0.755587599268	0.758834177437	0.72041411344	0.703958865344	0.709722831155	0.719872965112	0.730887466894	0.722939261255	0.738999556682	0.712338043781	0.714123390439	0.729654411935	0.732886983517	0.751612147078	0.756559690574	0.771652282068	0.786128760207	0.747434773407	0.765062145782	0.802938428579	0.723521303186	0.741223439248	0.739410772741	0.740242503064	0.74407082591	0.781289675952	0.766133074166	0.73131635768	0.724381787138	0.749765226587	0.759168517238	0.747446488382	0.741754883898	0.759698477089	0.746615172192	0.702478307753	0.762099083893	0.751881951669	0.775708426657	0.715031932882	0.732765015289	0.7267108212	0.737769300263
CF2	0.670836978656	0.599722535356	0.631605319872	0.646671456942	0.614978067468	0.58248092654	0.63781508968	0.662810659587	0.627621000457	0.633289925617	0.643537486297	0.612185541163	0.647812299794	0.629370222585	0.651156452298	0.674839941371	0.57947889758	0.560296417031	0.595054579858	0.53195595181	0.603775163587	0.522786562655	0.615364386681	0.607531159001	0.639331616843	0.614279700897	0.479088414757	0.0	0.627596235867	0.602595056137	0.562015378451	0.514718205282	0.891697283971	0.796446905222	0.827401025556	0.890949004829	0.840932088047	0.852189671127	0.828690562098	0.848494011946	0.870715922369	0.869173699899	0.856346098091	0.865162177643	0.842165640588	0.799800807923	0.897291249396	0.716364738653	0.703567347438	0.729366586071	0.755411707392	0.711930169212	0.713386682007	0.72117373575	0.724316541789	0.740387740722	0.706590457891	0.725553932126	0.725242892545	0.727848471208	0.718492458209	0.724182435467	0.73972081229	0.776854341852	0.736783879487	0.767576741678	0.680612066377	0.756514217114	0.73626633729	0.69711201791	0.734147588644	0.712598693122	0.739463694399	0.674065561225	0.773007377458	0.74261545784	0.689105395724	0.756360608855	0.717576650269	0.768013371872	0.742387026443	0.747098169095	0.726553538295	0.739498351189	0.70828023829	0.734003088854	0.730621285836	0.759111718623	0.735734893667	0.746970316234	0.714918604356	0.763770647374
CG1	0.672741866815	0.66647339183	0.67543886752	0.628131251148	0.637177097484	0.625819047077	0.667459350616	0.631047237392	0.675946845845	0.663242631906	0.643356462509	0.67256042851	0.644177648126	0.666899766663	0.656311568228	0.669443395829	0.636209012414	0.623200152407	0.559374351708	0.5769441636	0.684213717496	0.625175684514	0.620118896931	0.653545980324	0.64517876977	0.616871165972	0.609543196921	0.627596235867	0.0	0.492052752032	0.590102901989	0.633008531327	0.895481067145	0.811144744498	0.81846618113	0.86516006767	0.823265030246	0.841007089181	0.793879780271	0.847080716007	0.868103941201	0.863830231301	0.8465319888	0.835565666291	0.826596247416	0.807196406864	0.890072034391	0.755638207302	0.72305017575	0.719940479443	0.749530183286	0.733175534216	0.752347428693	0.730905650552	0.714003653945	0.754301994806	0.75091301402	0.745278725911	0.715664684306	0.737829083481	0.771468988708	0.737638265223	0.745829944329	0.790796979497	0.784654654008	0.777199130685	0.761223897013	0.787172138441	0.755099907681	0.707550861223	0.764440204395	0.735683712468	0.758965843851	0.734509978124	0.755702819164	0.784343804455	0.770796573676	0.763713428452	0.711649446939	0.767196270239	0.761460341881	0.702766060858	0.727597302927	0.767302414523	0.729504551701	0.724453817262	0.715422422958	0.70069686416	0.740909582157	0.770400991317	0.758812485171	0.740384063388
