	CA7	CA8	CB7	CB8	CC7	CC8	CD7	CD8	CE7	CE8	CF7	CF8	CG7	CG8	CH7	CH8	CA1	CA2	CB1	CB2	CC1	CC2	CD1	CD2	CE1	CE2	CF1	CF2	CG1	CG2	CH1	CH2	CA5	CA6	CB5	CB6	CC5	CC6	CD6	CE5	CE6	CF5	CF6	CG5	CG6	CH5	CH6	CA11	CA12	CB11	CB12	CC11	CC12	CD11	CD12	CE11	CE12	CF11	CF12	CG11	CG12	CH11	CH12	CA3	CA4	CB3	CB4	CC4	CD3	CD4	CE4	CF3	CF4	CG3	CG4	CH3	CH4	CA9	CA10	CB9	CB10	CC9	CC10	CD9	CD10	CE9	CE10	CF9	CG9	CG10	CH9	CH10
CA7	0.0	0.592091156551	0.627721317573	0.584766007128	0.620733715557	0.642077048365	0.632549730516	0.690800759735	0.671220604204	0.597768805293	0.657483526051	0.631723136122	0.576291140387	0.623100692198	0.508375423398	0.561017247382	0.694794826243	0.719636707431	0.666716535205	0.689682601688	0.714350185525	0.645000948731	0.700945994197	0.690414734017	0.656042793663	0.68283199237	0.699590939591	0.670609023007	0.672629401688	0.670387750109	0.653292558838	0.654735631791	0.849031456697	0.813875018717	0.82093319713	0.828767341881	0.829049619944	0.8128186331	0.800160095728	0.76014961887	0.820940685285	0.82314556739	0.831945947578	0.821814377989	0.790549772773	0.824989547966	0.827487501328	0.744800649529	0.673550462379	0.731807397444	0.717534312837	0.729340950744	0.712369058834	0.714376928733	0.731366567391	0.729854454741	0.698936521477	0.658721768184	0.700813753284	0.732476426946	0.725438266866	0.721196533666	0.739536525507	0.767944056089	0.806670961393	0.789336643344	0.702270017738	0.793230304382	0.74943674049	0.741114815239	0.75002779454	0.736123010646	0.775160898833	0.700825362341	0.782014878502	0.779146389745	0.731953971588	0.765611703575	0.734944036195	0.703856890845	0.736257754577	0.68147959086	0.713275437646	0.71368184879	0.668708772916	0.697083665621	0.753500406812	0.739323245173	0.721469484068	0.678585680661	0.743258106633	0.721175737176
CA8	0.592091156551	0.0	0.613901563748	0.602903572437	0.608320823809	0.579727054407	0.591556351752	0.627192432303	0.628236646894	0.588815070469	0.631955639126	0.609728442433	0.632952608953	0.608375988117	0.524264474943	0.547808168403	0.661323866478	0.670247777759	0.666081241228	0.679475381612	0.672517946767	0.637112013454	0.66317435013	0.707159387405	0.679911484004	0.671657960608	0.670119249686	0.639752330394	0.642388221772	0.650671201106	0.67097860753	0.658751219448	0.846914386357	0.802125278254	0.816735012806	0.817939028234	0.815128482928	0.821021155616	0.813553341104	0.749671878363	0.789655606453	0.807096914859	0.829586657531	0.805882491451	0.778871849463	0.820764020408	0.800974650833	0.684227141671	0.642686556796	0.693278645558	0.687597580547	0.69481337806	0.674965950647	0.668666209707	0.709688268802	0.671642287749	0.668955642917	0.603249982368	0.633022532263	0.68900607441	0.664410376978	0.675291867039	0.668644507779	0.754339113446	0.772184308311	0.736175301972	0.690773825726	0.756447437468	0.772825683201	0.692432943608	0.757860547265	0.748515494838	0.756783706452	0.712752446455	0.745103411124	0.791046258356	0.732528026557	0.72454225155	0.675833587527	0.704432315209	0.72018416722	0.667440232445	0.669464949261	0.718316034877	0.675707130636	0.689960993788	0.742418056258	0.679952530013	0.718731363467	0.704683451828	0.702821588392	0.726712637847
CB7	0.627721317573	0.613901563748	0.0	0.551694845144	0.531215661613	0.587560223122	0.599400526403	0.708085389682	0.681225608047	0.633696241461	0.589160426683	0.565645520075	0.569090832797	0.537900216983	0.604063300208	0.603000403471	0.619001878415	0.624309691231	0.652240500963	0.625813142183	0.697041301887	0.670143293444	0.603534474759	0.617530834231	0.623232409815	0.599326146706	0.651227123961	0.580091455065	0.632808113802	0.638813865407	0.628299470636	0.590774582135	0.887368747323	0.851186234125	0.858257036793	0.87461640613	0.859389720331	0.850426457836	0.852968876023	0.809037148364	0.850305535471	0.866614126043	0.880910388254	0.851780193812	0.821796074809	0.857062734327	0.853049177172	0.748173625282	0.696479172652	0.74532415381	0.745927853764	0.740644359158	0.740367279946	0.723168726767	0.720901022902	0.724713209549	0.71952134521	0.707053841817	0.705634495369	0.757126275391	0.749532509934	0.742307601149	0.760027829958	0.790360647826	0.818428506681	0.770926464917	0.74544776547	0.784092390981	0.751212144371	0.764973571826	0.770751801357	0.754872003849	0.787989968755	0.739960957407	0.760572937091	0.78719919567	0.769174312129	0.771329420546	0.766077571102	0.725060090544	0.754974237179	0.731820779244	0.717997644482	0.684571979355	0.679119635476	0.746004927251	0.805352946172	0.753769194863	0.758953105161	0.706346738119	0.76835754379	0.736115330009
CB8	0.584766007128	0.602903572437	0.551694845144	0.0	0.569807486697	0.56947129065	0.596437338712	0.680600744832	0.671121821142	0.61217609944	0.566304317635	0.588194866807	0.475829549763	0.506438237586	0.615882842475	0.604586258035	0.639737801516	0.656309069405	0.677831627249	0.634681905221	0.695906803368	0.66602988382	0.625241778342	0.644964091577	0.633609624298	0.659479864453	0.679876858617	0.610804632902	0.656751453907	0.649022038656	0.647495647777	0.619938549786	0.864205919686	0.835015314135	0.853809598075	0.849104612509	0.830886671235	0.838864818351	0.823558479287	0.790098903647	0.818001287731	0.849134109471	0.859108903451	0.837717380533	0.818914239558	0.849866189027	0.829527569482	0.747610706696	0.718927194949	0.718290953592	0.736718621459	0.720883247832	0.729231801516	0.717538068599	0.72564177864	0.705354562105	0.720335911581	0.669219240437	0.729816860261	0.726109001829	0.716496723429	0.726487525509	0.72066886912	0.762913867125	0.785235341125	0.780321036192	0.729301332582	0.78774266769	0.758877254007	0.749777176128	0.767664493559	0.760467822038	0.775630616772	0.723970328597	0.777115581929	0.760167005222	0.757979128101	0.752972495561	0.751295788589	0.716216820725	0.741407761507	0.700951096798	0.700181778184	0.691524784386	0.666967469997	0.722457775614	0.75227814295	0.747762827265	0.745653794048	0.705733884788	0.734793513929	0.733771185807
CC7	0.620733715557	0.608320823809	0.531215661613	0.569807486697	0.0	0.530859215238	0.582415976035	0.709409336639	0.664685620242	0.581970649496	0.531734380932	0.531694532607	0.556716716154	0.593317699329	0.606321944916	0.621715539161	0.61303464676	0.660698796107	0.675071277978	0.648442651222	0.716357990706	0.655456943356	0.559572315398	0.575238917594	0.590248047429	0.584802397201	0.674998480628	0.612580011967	0.616786826414	0.632223317407	0.670459739026	0.621260096535	0.888960344273	0.856948582137	0.86603128909	0.867783268835	0.876315464166	0.860631087996	0.853833036511	0.793930901979	0.8297870213	0.858972311665	0.877322551681	0.8588051636	0.841209064032	0.862215300603	0.847783264202	0.757380852208	0.713433598697	0.762180431924	0.732466346271	0.738595359777	0.717515763683	0.699267537622	0.7233731591	0.701878688921	0.718521486738	0.693384265673	0.710713850028	0.732328787063	0.734308510844	0.750994171235	0.756823603064	0.800610324633	0.816615036267	0.771804260703	0.746945494866	0.7917524308	0.773640875358	0.752436323261	0.786235043133	0.749318278104	0.807557899838	0.728196481088	0.780783728282	0.788185783855	0.755004627045	0.762321616157	0.76903514435	0.705563460258	0.742678194971	0.722556795682	0.707284250231	0.694398746866	0.692580520713	0.73314900038	0.769658682774	0.79014426166	0.740532077977	0.695933021566	0.764486179904	0.738760098622
CC8	0.642077048365	0.579727054407	0.587560223122	0.56947129065	0.530859215238	0.0	0.59052510896	0.716578591031	0.666180378607	0.600837669829	0.491582089853	0.528261391895	0.612506749451	0.607289664585	0.597083748415	0.616716448652	0.611035705556	0.630115243588	0.675822372646	0.639726509358	0.682312873176	0.638324690223	0.564554686996	0.625609436035	0.573083916602	0.616638937487	0.631142526146	0.596320085857	0.627857313454	0.632835863732	0.649425302922	0.631304771001	0.907799869327	0.872752320291	0.890813557409	0.881254698182	0.878393533857	0.879763464486	0.868351275023	0.836326463579	0.843250444148	0.878298602436	0.90031639206	0.872769659709	0.847865954865	0.885636276613	0.869537676472	0.694322422343	0.716355429064	0.693051156168	0.752146249592	0.724801381581	0.687699777772	0.697484352084	0.695130012153	0.667585967211	0.706243432707	0.676159036754	0.666931187425	0.707897875687	0.720091752125	0.701112396403	0.73102651536	0.768414884824	0.797022852802	0.777474305158	0.70746517842	0.772149208149	0.751991785206	0.723385783636	0.742835092307	0.730747502938	0.760431842664	0.696028603127	0.787908898213	0.76709063244	0.756687973322	0.729674606886	0.696605882509	0.710632443528	0.694301613101	0.716814240174	0.713150463968	0.687055994015	0.686844497318	0.717748624103	0.770320653264	0.729129039126	0.72145128722	0.710555924595	0.735502812935	0.740201134374
CD7	0.632549730516	0.591556351752	0.599400526403	0.596437338712	0.582415976035	0.59052510896	0.0	0.595518109491	0.606503466341	0.554072507014	0.579297160353	0.582702306058	0.598813156484	0.581213007015	0.578895778262	0.552613906197	0.649367111759	0.644631101909	0.6788665543	0.64519399351	0.651414128457	0.670841074152	0.62677364106	0.666915210785	0.661980034944	0.642660569274	0.635755462592	0.614643572298	0.605810199491	0.62494128853	0.677171697515	0.59272159205	0.860831861439	0.821050890035	0.838169599031	0.848851231415	0.824950772706	0.834119170784	0.814496055546	0.768843094265	0.827583729907	0.839611904128	0.859950964943	0.82170353706	0.811852728585	0.838894489535	0.8352713624	0.719572607823	0.671418411603	0.716965930318	0.732491551835	0.710671229011	0.704412291705	0.661712794028	0.691636513851	0.653806929269	0.691323702335	0.672312410632	0.658995065795	0.695248219655	0.701659664777	0.669943982338	0.686931014923	0.747517534868	0.73233190454	0.750457102347	0.702131006696	0.742091325799	0.773356321901	0.709558905851	0.733246363671	0.72312867122	0.736310825578	0.737225644546	0.746579560691	0.751238380111	0.739486502482	0.685555875761	0.687731802062	0.697249495571	0.698801770967	0.643875368759	0.696091879559	0.612457195311	0.600284191289	0.686638895812	0.726318718509	0.717728068212	0.691649203596	0.686708372573	0.676973404288	0.686059436349
CD8	0.690800759735	0.627192432303	0.708085389682	0.680600744832	0.709409336639	0.716578591031	0.595518109491	0.0	0.620813212909	0.598391255456	0.677936876857	0.692151079258	0.700206922049	0.668620659489	0.657851464702	0.628305793342	0.761467552571	0.757361555582	0.734361336831	0.688850387773	0.706508315031	0.727293597679	0.747955993069	0.784695920664	0.748045132217	0.751022980006	0.730608430655	0.73205164676	0.664508872338	0.670763706361	0.722249074174	0.728361052926	0.822336258475	0.784231944088	0.804749083949	0.804936786903	0.794783222676	0.785890588615	0.788067243881	0.743005010999	0.758126253104	0.800148273493	0.813074147761	0.769964886912	0.773592776072	0.821967352453	0.777642034656	0.677510998805	0.635527495392	0.676456905305	0.695352921821	0.70005627158	0.690725844747	0.686425115058	0.7227290743	0.714191813677	0.70266255647	0.665031483371	0.662492113936	0.713290949573	0.661033131104	0.65989114189	0.63915227252	0.722489357077	0.708321064274	0.726899981833	0.663844334891	0.717406625177	0.772101344425	0.695148223388	0.722111361581	0.69430305964	0.73822210475	0.687592510823	0.722309635756	0.758166544472	0.701681261339	0.740019465088	0.669614982209	0.709989848688	0.744145407252	0.635401630553	0.637672545557	0.664143709402	0.640307614193	0.668034422076	0.691038213671	0.684909613831	0.728822268026	0.692620910765	0.687343444261	0.692136387118
CE7	0.671220604204	0.628236646894	0.681225608047	0.671121821142	0.664685620242	0.666180378607	0.606503466341	0.620813212909	0.0	0.633953882683	0.676277926592	0.667371869963	0.628404002223	0.669917673523	0.614932625215	0.590936747841	0.715433438165	0.725562121816	0.737298314013	0.736819998619	0.703133755429	0.710098453676	0.708954204798	0.739837787515	0.663145152838	0.633966330487	0.731030343111	0.711474214934	0.660647506896	0.686103364939	0.705251931489	0.70828690741	0.839811222105	0.805554622296	0.816051390082	0.831511358292	0.823902098115	0.807574489977	0.787795414945	0.756427169522	0.789664113361	0.814964359673	0.837026243731	0.81576107597	0.762033886598	0.807605191239	0.80465755696	0.64215413251	0.674366851715	0.657860179143	0.678644175837	0.721751600479	0.668640495873	0.665199908354	0.680052586175	0.678823101242	0.687926183253	0.64712766131	0.682576973415	0.652394149923	0.692589129757	0.65626185083	0.706394911765	0.738665215524	0.757447040592	0.715203421157	0.656199529962	0.71623190879	0.779606254014	0.688567483451	0.762062126536	0.693709760806	0.770699095533	0.683134442321	0.721911128713	0.732883270929	0.739880092098	0.738305157933	0.643530397281	0.685188995217	0.727327124579	0.678426948093	0.670317945336	0.709599010086	0.665908928563	0.65801372406	0.706581924106	0.710293927386	0.714737139975	0.707102483448	0.676437917553	0.699310709008
CE8	0.597768805293	0.588815070469	0.633696241461	0.61217609944	0.581970649496	0.600837669829	0.554072507014	0.598391255456	0.633953882683	0.0	0.59593924473	0.56203596249	0.644611523481	0.666163793082	0.599033212661	0.608787302983	0.67496283261	0.706047816469	0.678238021686	0.632669042853	0.665306007325	0.645176717146	0.676481742974	0.70761116737	0.676544582513	0.677883824084	0.67901164887	0.641974402423	0.621546264859	0.604934174398	0.646022565006	0.672916751485	0.84916103813	0.802807885726	0.824014950693	0.819122056502	0.819227344183	0.818046340728	0.81185939142	0.725170888869	0.787684149198	0.812199259395	0.832857461579	0.798717121539	0.774787387898	0.823262243936	0.798199260666	0.713760269439	0.687055954277	0.705960198384	0.695472726004	0.660887912365	0.672286252808	0.654133434959	0.70422852429	0.675585668001	0.677411723288	0.680005817412	0.646202540721	0.679640356112	0.646475655096	0.682674135996	0.66746673181	0.726180980006	0.728849194491	0.716500652463	0.647417515458	0.731072822855	0.690238061196	0.696830476361	0.69339073473	0.674364412474	0.733081990783	0.65087840335	0.727258286202	0.74254591048	0.683492737641	0.725699062172	0.676448293854	0.656894959943	0.705107013895	0.622723994842	0.637926728635	0.589409338644	0.591950017244	0.66285607888	0.710609985452	0.718535381088	0.694010112821	0.624354633653	0.66293206048	0.647184141048
CF7	0.657483526051	0.631955639126	0.589160426683	0.566304317635	0.531734380932	0.491582089853	0.579297160353	0.677936876857	0.676277926592	0.59593924473	0.0	0.545309682496	0.596700977793	0.580530001687	0.625081110689	0.624666591034	0.625208820115	0.631930408057	0.680696265762	0.664659683423	0.661953367996	0.661579970746	0.625818514963	0.657584920047	0.608487945693	0.619619279498	0.630198136938	0.630634522967	0.651094587231	0.619907463262	0.667050799606	0.617568878152	0.892264470963	0.856142958231	0.866444776929	0.87086863163	0.852392519887	0.862761622233	0.841292674107	0.787914572387	0.841768019645	0.858360480708	0.885652205909	0.860228369057	0.835261902932	0.864448877717	0.859865158221	0.708806393816	0.697852554154	0.711452301502	0.713406431851	0.682507803729	0.686152701748	0.666957652631	0.69063793272	0.659977846707	0.689786055038	0.681076660471	0.682458763461	0.685943529381	0.682824572112	0.70124915065	0.70856331669	0.757465249801	0.763641622118	0.73085734797	0.720107101354	0.75445459021	0.729279224101	0.727806327507	0.731084080264	0.702793398502	0.740108720981	0.720611725655	0.72501475009	0.744734055376	0.758703859337	0.745490107672	0.701981218735	0.684381435886	0.727795456088	0.68381466172	0.651939810998	0.669796993284	0.669970910421	0.719416164031	0.751122225487	0.759669634506	0.721817546174	0.692437380844	0.695793973255	0.701444623653
CF8	0.631723136122	0.609728442433	0.565645520075	0.588194866807	0.531694532607	0.528261391895	0.582702306058	0.692151079258	0.667371869963	0.56203596249	0.545309682496	0.0	0.608186325458	0.617816814058	0.624981962889	0.630129057731	0.631399255863	0.644981660523	0.666387253759	0.652645118368	0.703481322547	0.652549094692	0.586196857536	0.641230733001	0.614691825248	0.634339136131	0.66646553489	0.614879351485	0.636292794121	0.644268464664	0.670069801362	0.625574567551	0.907585375388	0.871036641633	0.880824159421	0.886433763916	0.882255357204	0.881848140283	0.861757202071	0.835070030948	0.855060978423	0.876115543864	0.901266857501	0.866725474408	0.84687228447	0.883827046849	0.861418710637	0.743828023313	0.712767742507	0.729528443343	0.742693545984	0.726427535294	0.718259587568	0.705770668871	0.722440281198	0.709777132961	0.725108291538	0.698766891968	0.690905963372	0.733305838807	0.705896579733	0.722266409113	0.715308380235	0.780942481403	0.777512505695	0.782358851024	0.73605072192	0.778959842958	0.766147836559	0.743300106481	0.739233184874	0.729430384341	0.772273910981	0.720288560702	0.779358099217	0.765581705757	0.749384809108	0.755191230479	0.727615562224	0.71688677621	0.748456544918	0.701119648438	0.721722170613	0.673342761168	0.666016764969	0.728849003777	0.771570605015	0.773443871104	0.734124341944	0.713953782352	0.715776557668	0.724746770394
CG7	0.576291140387	0.632952608953	0.569090832797	0.475829549763	0.556716716154	0.612506749451	0.598813156484	0.700206922049	0.628404002223	0.644611523481	0.596700977793	0.608186325458	0.0	0.53241276965	0.644559270668	0.616219707013	0.629853433634	0.685575943445	0.682190768276	0.642579282626	0.693724488739	0.661558502587	0.630233610193	0.628864627571	0.579054325117	0.601645246911	0.690799231691	0.626710919581	0.650198323354	0.658934281802	0.664789522192	0.634754152565	0.8767240838	0.845072903543	0.849381592036	0.866949270481	0.844320811315	0.849843058175	0.827288209647	0.801601600691	0.83839581101	0.854587751865	0.872332345085	0.849672105679	0.830433613381	0.860121113313	0.851149413991	0.736658694909	0.718202673224	0.702876616548	0.702013707388	0.7507028505	0.717942257436	0.749866501456	0.758718155775	0.735193641326	0.746397458949	0.705810896912	0.732729404543	0.7119712414	0.743939866356	0.721546768458	0.756587970602	0.794832098651	0.824046850727	0.802216074411	0.760268850656	0.800940843661	0.783606634394	0.765194985802	0.787785821541	0.733196708419	0.807035408009	0.742966110641	0.793045996881	0.790401613854	0.767275313066	0.773562851047	0.74250055596	0.694688770661	0.768790991182	0.727198913602	0.732993591757	0.689718298458	0.671427064342	0.739243931341	0.773256455258	0.779980943893	0.753911309452	0.714871035831	0.731947004886	0.709406986867
CG8	0.623100692198	0.608375988117	0.537900216983	0.506438237586	0.593317699329	0.607289664585	0.581213007015	0.668620659489	0.669917673523	0.666163793082	0.580530001687	0.617816814058	0.53241276965	0.0	0.610577909412	0.612945782005	0.632139065709	0.630877977348	0.67930640077	0.668655365205	0.672209206523	0.653400029911	0.601391846833	0.628298984922	0.618810315703	0.622180800139	0.651360761232	0.610520235315	0.646239568479	0.660788723473	0.658312197768	0.610736406732	0.875653483114	0.842956337618	0.854019769258	0.873073970218	0.84059745105	0.845794430601	0.846341157805	0.812244036073	0.821907792436	0.851359415797	0.871667984251	0.845785312417	0.819519544591	0.865127815821	0.850197192206	0.744383390638	0.709747646602	0.717587376805	0.743120522565	0.727628392358	0.728752125921	0.722587381148	0.721574724386	0.700896765086	0.723147999697	0.670163193573	0.72499988764	0.745133699871	0.731047939461	0.735563888991	0.752004078434	0.761040460423	0.785418725069	0.741836213981	0.745078608998	0.761557970961	0.781694539062	0.744312871152	0.800736426699	0.767112081356	0.779966301678	0.739969128999	0.748913558162	0.772281158575	0.77646865935	0.777061392021	0.749717340719	0.737314351839	0.771817653994	0.710891074493	0.71367011178	0.714509614301	0.698979278406	0.748475686377	0.758359777145	0.777928341002	0.74763460106	0.761663033357	0.761776034788	0.777522778443
CH7	0.508375423398	0.524264474943	0.604063300208	0.615882842475	0.606321944916	0.597083748415	0.578895778262	0.657851464702	0.614932625215	0.599033212661	0.625081110689	0.624981962889	0.644559270668	0.610577909412	0.0	0.533099410818	0.667183832393	0.66449720981	0.6729102917	0.690220109064	0.654609018421	0.644750617978	0.666743151182	0.701787829994	0.687721628168	0.666490918677	0.672348252467	0.668308176764	0.596590926548	0.65377562669	0.658635112299	0.678593393756	0.842245671593	0.793109003557	0.816387344941	0.817715981699	0.815698569588	0.798198075454	0.814597018623	0.74940807573	0.806343160485	0.813886600683	0.820264934449	0.81929887667	0.769827987227	0.820960496098	0.812841810838	0.708745571035	0.657740069555	0.705220095036	0.715806333121	0.713589045253	0.687749400298	0.685932588183	0.727469604008	0.683241920616	0.68429666718	0.644222165037	0.656591667534	0.695637657901	0.697350487472	0.686450466121	0.733220793553	0.734435652574	0.757436859523	0.739834558364	0.646334529989	0.732869085982	0.726031859938	0.67758349471	0.73727120513	0.733177373641	0.710623651343	0.688538451128	0.739809323229	0.729853788569	0.754044275983	0.713358704786	0.706940927819	0.701852547993	0.68922306393	0.639519282673	0.672309255024	0.706432779469	0.675789597666	0.671254888804	0.734592888365	0.698159389896	0.681951457599	0.677074318748	0.707281570479	0.748664675588
CH8	0.561017247382	0.547808168403	0.603000403471	0.604586258035	0.621715539161	0.616716448652	0.552613906197	0.628305793342	0.590936747841	0.608787302983	0.624666591034	0.630129057731	0.616219707013	0.612945782005	0.533099410818	0.0	0.686633771318	0.679311290817	0.6302677162	0.671138848315	0.677020714179	0.652268932616	0.687210996153	0.710527178621	0.69612838615	0.644950441617	0.686754149597	0.652882135127	0.603615964196	0.619645953538	0.657180020014	0.658076847079	0.844503773372	0.793302225153	0.787116463227	0.793339792018	0.808426532771	0.785979814357	0.790447734207	0.734343960337	0.806000116513	0.795296041226	0.816376396619	0.813105193005	0.759268651402	0.794187572668	0.820154020844	0.723436033687	0.643514965867	0.711684540652	0.701561503187	0.719155742375	0.700878985231	0.685173480269	0.714229894583	0.699465318654	0.691977055223	0.654047594029	0.676731114613	0.708434340786	0.709742639105	0.710889601241	0.697447792501	0.75620629021	0.773418495008	0.758284701041	0.686577745507	0.768962052571	0.767370226948	0.714381799689	0.789234008863	0.756077168698	0.781618778499	0.737145219387	0.748095572571	0.779757734065	0.743725757924	0.742122512484	0.716740765559	0.723718030271	0.741648221122	0.666840727787	0.675082093841	0.698334433077	0.646653425007	0.655913212313	0.725590079898	0.701822127064	0.720961029853	0.667051063508	0.716741746854	0.734014954882
CA1	0.694794826243	0.661323866478	0.619001878415	0.639737801516	0.61303464676	0.611035705556	0.649367111759	0.761467552571	0.715433438165	0.67496283261	0.625208820115	0.631399255863	0.629853433634	0.632139065709	0.667183832393	0.686633771318	0.0	0.411335839522	0.638238093406	0.630671598909	0.709312381121	0.658731982992	0.592343824637	0.600910096062	0.589094946684	0.607575719522	0.645358755148	0.564320187042	0.577219245752	0.627486036924	0.568897744568	0.535182274374	0.904447984771	0.868231767719	0.892487998208	0.895489760731	0.865646269725	0.880299916719	0.862429535858	0.83623327811	0.84556620406	0.888336783716	0.897578180077	0.874696408357	0.853802444248	0.892243012351	0.882072621471	0.773005699961	0.761904757346	0.779054513792	0.79905021258	0.762482268932	0.776081561926	0.751739345028	0.739817757996	0.720718158816	0.766840626872	0.733594414776	0.756473234387	0.776379831586	0.766183684161	0.77330479928	0.803755455556	0.769799333926	0.772140585511	0.780151132363	0.760766429266	0.764554999786	0.765155048298	0.771534857521	0.773592770536	0.730999373637	0.779070111773	0.752650891597	0.797120808794	0.750904748406	0.769751683716	0.779539245107	0.781684072258	0.786129481712	0.771754703125	0.763389435517	0.752934332469	0.74591047943	0.738727074959	0.782358968059	0.802827118991	0.80742067109	0.77231126887	0.768285177937	0.786744523765	0.791747244782
CA2	0.719636707431	0.670247777759	0.624309691231	0.656309069405	0.660698796107	0.630115243588	0.644631101909	0.757361555582	0.725562121816	0.706047816469	0.631930408057	0.644981660523	0.685575943445	0.630877977348	0.66449720981	0.679311290817	0.411335839522	0.0	0.650903650419	0.639260055679	0.692314612132	0.653578830348	0.6087664137	0.627482550084	0.615865780273	0.64225704288	0.599349275015	0.564969277704	0.592285700969	0.651949045069	0.583472099774	0.504560080265	0.926740343651	0.888916643667	0.910154357901	0.913174862389	0.890609085755	0.897641938508	0.888343822088	0.858167027134	0.880351108074	0.904739589815	0.918638123481	0.897444631388	0.874247428249	0.908795232341	0.902742751504	0.75541518706	0.753901454373	0.776566499253	0.812140676162	0.767288940024	0.769235635823	0.753530830714	0.740866547316	0.713305015354	0.762898843302	0.72647870652	0.744331275407	0.773733170405	0.779704312572	0.74805951694	0.791226910279	0.787712638225	0.755289987266	0.777886735481	0.758301181957	0.757664663111	0.768961734225	0.791767699671	0.771958064843	0.746822555909	0.758051623236	0.782705680324	0.78675108532	0.760852996425	0.803774433097	0.778114976008	0.759209236966	0.769962112771	0.772773055132	0.759198281271	0.737557931298	0.756668654849	0.750152023981	0.808922816857	0.809009127615	0.810157641279	0.771927897057	0.786602551621	0.75986806554	0.791341491684
CB1	0.666716535205	0.666081241228	0.652240500963	0.677831627249	0.675071277978	0.675822372646	0.6788665543	0.734361336831	0.737298314013	0.678238021686	0.680696265762	0.666387253759	0.682190768276	0.67930640077	0.6729102917	0.6302677162	0.638238093406	0.650903650419	0.0	0.551251742833	0.73953408456	0.686447204861	0.601388858937	0.64312727006	0.670889252749	0.668612669077	0.661394298794	0.613467823454	0.573191553885	0.565880971234	0.558516300765	0.613934320341	0.858401689214	0.816025418423	0.840464389802	0.864211713264	0.844775688503	0.817963131756	0.826089573913	0.784880601615	0.855625508799	0.829675703621	0.857605065292	0.816500884238	0.791604094837	0.844518647716	0.845972105017	0.783853683647	0.767581290367	0.799260869227	0.778313257681	0.79890531661	0.793468624409	0.782622647254	0.796605410521	0.769694539934	0.792496662757	0.770072876077	0.755064077661	0.805859751233	0.803437049236	0.790686855977	0.813817449535	0.789265800359	0.826693942362	0.811901134642	0.752838446667	0.802455570884	0.770450140152	0.785560151571	0.805219994957	0.786232525782	0.800338244065	0.776633091541	0.794489988263	0.785220509092	0.771354826743	0.822643885365	0.788029149384	0.806909519581	0.799223151	0.768669935041	0.789095354457	0.764822841009	0.730781509617	0.782619141431	0.813000367212	0.795707110027	0.789929333343	0.773497016035	0.819252927254	0.803388895294
CB2	0.689682601688	0.679475381612	0.625813142183	0.634681905221	0.648442651222	0.639726509358	0.64519399351	0.688850387773	0.736819998619	0.632669042853	0.664659683423	0.652645118368	0.642579282626	0.668655365205	0.690220109064	0.671138848315	0.630671598909	0.639260055679	0.551251742833	0.0	0.694041342365	0.664419263316	0.610050371681	0.653098805914	0.660432148207	0.636728905864	0.612959611333	0.586260903792	0.580734250461	0.546056719059	0.5332249497	0.582724786817	0.884207060434	0.840419411862	0.864753940031	0.86865872604	0.85036588566	0.862121355186	0.849853667789	0.815298988301	0.841958867584	0.864098916001	0.874831523134	0.855823693415	0.829627422062	0.872068232069	0.854313821459	0.76087210829	0.756221096226	0.775076231778	0.786792549963	0.798771939402	0.779448863044	0.796568435514	0.789924004991	0.755906250703	0.796904143457	0.773934384718	0.724811751564	0.791762805453	0.780886732736	0.743282457776	0.777650320668	0.792279392127	0.801055423073	0.810049722512	0.745437142901	0.804843419263	0.78011775992	0.773919883984	0.764983354789	0.757683205092	0.795516469045	0.7478885232	0.802584107007	0.797706649686	0.768492953948	0.805489223245	0.747117507915	0.778800681418	0.790135048727	0.742590911592	0.776026594353	0.716169676376	0.7067284228	0.759839971472	0.828407407203	0.752328823315	0.782083477134	0.765863049842	0.786559192001	0.76291026752
CC1	0.714350185525	0.672517946767	0.697041301887	0.695906803368	0.716357990706	0.682312873176	0.651414128457	0.706508315031	0.703133755429	0.665306007325	0.661953367996	0.703481322547	0.693724488739	0.672209206523	0.654609018421	0.677020714179	0.709312381121	0.692314612132	0.73953408456	0.694041342365	0.0	0.473145799774	0.735688987576	0.77575699808	0.736713015439	0.709695968481	0.653441048559	0.626677420559	0.693970938712	0.704012556296	0.696312648472	0.693336572004	0.876462579232	0.835530443268	0.852370141206	0.847332357414	0.827736045199	0.848318328936	0.821132469029	0.785970399651	0.813082572975	0.846113472635	0.865793099436	0.856035285714	0.806629323339	0.847169359256	0.842191656895	0.657426071737	0.663615249662	0.672733126902	0.721167957494	0.695407044776	0.688222598115	0.69534274061	0.685171365446	0.674547733439	0.687328407788	0.679917858741	0.639585704488	0.68170552853	0.698809264525	0.671147919167	0.708625796055	0.7222016839	0.742883565889	0.740169054916	0.66983248907	0.720935847131	0.726679976773	0.674385455297	0.718844740494	0.692554400772	0.686855799756	0.68918584305	0.744220883878	0.762662515829	0.756468507966	0.707624153758	0.694621453065	0.700809682391	0.708389723069	0.690069251465	0.692155430828	0.732761846209	0.705921803908	0.694078204829	0.757091607432	0.711955707921	0.689138943325	0.704346316277	0.722568043846	0.736020495724
CC2	0.645000948731	0.637112013454	0.670143293444	0.66602988382	0.655456943356	0.638324690223	0.670841074152	0.727293597679	0.710098453676	0.645176717146	0.661579970746	0.652549094692	0.661558502587	0.653400029911	0.644750617978	0.652268932616	0.658731982992	0.653578830348	0.686447204861	0.664419263316	0.473145799774	0.0	0.682531843038	0.695914215787	0.68978718656	0.665026025548	0.593177972376	0.539941365961	0.654923223345	0.666914920223	0.637331257604	0.604318227907	0.887241534248	0.854742564052	0.866321839235	0.869366442728	0.860663411208	0.856429057388	0.853017900987	0.816709820002	0.840548316292	0.857393003643	0.871497309761	0.861697990789	0.825726828113	0.863823654449	0.863360509613	0.687771707876	0.681286859739	0.724368292317	0.744997322488	0.732483833483	0.710602540577	0.70877626183	0.685905803484	0.688138336184	0.711765643482	0.673937435188	0.685889189437	0.731484928753	0.742801276858	0.714245082001	0.765766908029	0.742552023791	0.778553974767	0.766171610679	0.698418842381	0.760974429329	0.719052721467	0.692520260839	0.724039628138	0.7027346227	0.732043337371	0.679887129787	0.776188580647	0.785677072236	0.736296625402	0.737718925794	0.731627130655	0.718096587286	0.720594114327	0.717927787084	0.729748018789	0.743635557546	0.706288955034	0.737099954428	0.780385187756	0.765709379437	0.717468533885	0.720427380195	0.755433169035	0.739669262151
CD1	0.700945994197	0.66317435013	0.603534474759	0.625241778342	0.559572315398	0.564554686996	0.62677364106	0.747955993069	0.708954204798	0.676481742974	0.625818514963	0.586196857536	0.630233610193	0.601391846833	0.666743151182	0.687210996153	0.592343824637	0.6087664137	0.601388858937	0.610050371681	0.735688987576	0.682531843038	0.0	0.483344691266	0.550818869652	0.579915277888	0.66109451405	0.578280577866	0.579609093286	0.635172072984	0.638182554577	0.602296090585	0.926272252889	0.884486974247	0.912478729465	0.908564478836	0.89862469388	0.90040918247	0.87762703283	0.86707932922	0.876683625484	0.903376798803	0.920468573773	0.891702352381	0.872296681023	0.917760120648	0.897353815085	0.792239855544	0.784861562011	0.809866376695	0.82317574299	0.811329927192	0.800394622126	0.792290573025	0.781172054802	0.766870818208	0.794068975094	0.755736828279	0.768257137153	0.81441702281	0.794393144061	0.802327282669	0.827061151041	0.807395451485	0.824316125082	0.823078275852	0.803187320614	0.797049274404	0.817105906812	0.815472027863	0.802012178312	0.791262763369	0.806498871741	0.786506875692	0.826592784839	0.792180515441	0.790038767697	0.829452867103	0.798055128106	0.799087450808	0.801500518902	0.792632315016	0.783331426241	0.766138840286	0.762670047333	0.81431528565	0.836811759506	0.824780756612	0.798802535224	0.798656977209	0.810378011832	0.816737386375
CD2	0.690414734017	0.707159387405	0.617530834231	0.644964091577	0.575238917594	0.625609436035	0.666915210785	0.784695920664	0.739837787515	0.70761116737	0.657584920047	0.641230733001	0.628864627571	0.628298984922	0.701787829994	0.710527178621	0.600910096062	0.627482550084	0.64312727006	0.653098805914	0.77575699808	0.695914215787	0.483344691266	0.0	0.55131467529	0.591661997911	0.660940928225	0.635174371777	0.624195121241	0.65188112659	0.646651659713	0.570597592168	0.946390694594	0.912976604339	0.93597291827	0.941976007498	0.92259769772	0.91925091031	0.915288069736	0.885093802036	0.903435776336	0.925740425619	0.947414891257	0.911131360277	0.903853819027	0.936557506714	0.921366908753	0.832299714429	0.804345005631	0.840690631016	0.84997099992	0.840304242106	0.830825297885	0.818302338325	0.814396186163	0.79733393152	0.822856973188	0.790924999659	0.804565364591	0.843472072803	0.834455852262	0.828891735087	0.855741455562	0.833239551731	0.836409268561	0.825539085374	0.828944742104	0.81215527834	0.817926909981	0.829010302811	0.805834314698	0.804947244518	0.820401615213	0.803139965172	0.835984280045	0.802103507854	0.81753852535	0.832188112159	0.829854893287	0.814785809482	0.803350576222	0.821043571256	0.819874411479	0.769437052912	0.761754306455	0.845326524794	0.862394800118	0.849334825284	0.827908513347	0.81991117791	0.842501245924	0.828576820357
CE1	0.656042793663	0.679911484004	0.623232409815	0.633609624298	0.590248047429	0.573083916602	0.661980034944	0.748045132217	0.663145152838	0.676544582513	0.608487945693	0.614691825248	0.579054325117	0.618810315703	0.687721628168	0.69612838615	0.589094946684	0.615865780273	0.670889252749	0.660432148207	0.736713015439	0.68978718656	0.550818869652	0.55131467529	0.0	0.525597812102	0.654155655372	0.605864346841	0.606527687199	0.659837928299	0.651251583158	0.599086716447	0.932839544011	0.901225285489	0.920927112303	0.930422024308	0.91195845017	0.906780708982	0.900787329569	0.884457341102	0.883856659136	0.912867321915	0.932304843928	0.90669342949	0.884514926645	0.921754924441	0.914489369364	0.74929095802	0.757524350051	0.761421156989	0.795873615739	0.792015766848	0.759339964672	0.771828278819	0.762077767924	0.748432237885	0.786470637857	0.741027979945	0.748392910439	0.759660910047	0.778397899631	0.74072949165	0.807695077407	0.804344290138	0.809092567132	0.801296938248	0.786961298086	0.771953460103	0.825969803232	0.796360627952	0.815178993168	0.739802787876	0.809919705606	0.770658872106	0.815460098862	0.790520871302	0.805981316697	0.822634616965	0.755401714444	0.767102910745	0.796669179968	0.772809495296	0.781901800302	0.766273297279	0.768160435207	0.805739723879	0.826719176172	0.830256362893	0.801332253702	0.801603898128	0.767401737501	0.787212363889
CE2	0.68283199237	0.671657960608	0.599326146706	0.659479864453	0.584802397201	0.616638937487	0.642660569274	0.751022980006	0.633966330487	0.677883824084	0.619619279498	0.634339136131	0.601645246911	0.622180800139	0.666490918677	0.644950441617	0.607575719522	0.64225704288	0.668612669077	0.636728905864	0.709695968481	0.665026025548	0.579915277888	0.591661997911	0.525597812102	0.0	0.657959301436	0.620375667168	0.626066924097	0.628859462309	0.616453951344	0.586058525546	0.930228749668	0.889314475976	0.914992194936	0.908404184648	0.903946329841	0.891356221797	0.885094005083	0.838474031493	0.880497408776	0.902094522695	0.923745203647	0.900005998579	0.883793247124	0.907859529957	0.910495028122	0.750704391618	0.7595570721	0.764619564729	0.76311787977	0.772159143238	0.744700440408	0.754873106623	0.75200130679	0.738197157023	0.760783792895	0.745434988415	0.751579480586	0.749577146361	0.782175429024	0.743880297164	0.820984822197	0.824154844624	0.80269056723	0.785380532813	0.798392707442	0.78037858965	0.796951769602	0.803555352285	0.79616052146	0.702689127627	0.817582446871	0.771663339527	0.796144669063	0.790992105473	0.792479846917	0.829902620437	0.755225669674	0.74265616796	0.808905672453	0.762895019339	0.76223169957	0.744668758043	0.752247308264	0.807030429644	0.831837705595	0.828341991542	0.788748730263	0.766815248782	0.782356810486	0.745818043588
CF1	0.699590939591	0.670119249686	0.651227123961	0.679876858617	0.674998480628	0.631142526146	0.635755462592	0.730608430655	0.731030343111	0.67901164887	0.630198136938	0.66646553489	0.690799231691	0.651360761232	0.672348252467	0.686754149597	0.645358755148	0.599349275015	0.661394298794	0.612959611333	0.653441048559	0.593177972376	0.66109451405	0.660940928225	0.654155655372	0.657959301436	0.0	0.481003953588	0.64698449882	0.64492157543	0.617212762521	0.578286482996	0.91267535805	0.876326858074	0.884675112444	0.903569295353	0.884999503963	0.882926889361	0.868959862815	0.8440144006	0.870523835599	0.885122354375	0.908297625661	0.883148323158	0.856361801889	0.884135572484	0.88587595686	0.708249536478	0.739506998693	0.740257910971	0.771388045243	0.733544812427	0.711398111773	0.707687254197	0.697436312943	0.691696560551	0.756628399917	0.720375669874	0.704703682281	0.739242708049	0.768476917587	0.726335091085	0.778395405612	0.738342381815	0.793961298996	0.782329926985	0.731056063083	0.783236637542	0.778300292487	0.73972159911	0.75309879871	0.769510322634	0.744864583369	0.73987012551	0.771073647388	0.785181082033	0.760243158993	0.750664351979	0.7334116479	0.737863353844	0.771595968763	0.74195290239	0.729059843941	0.733414585056	0.712581444434	0.755198261667	0.8025962269	0.769921690941	0.744132777229	0.738210930802	0.740064285918	0.753192697759
CF2	0.670609023007	0.639752330394	0.580091455065	0.610804632902	0.612580011967	0.596320085857	0.614643572298	0.73205164676	0.711474214934	0.641974402423	0.630634522967	0.614879351485	0.626710919581	0.610520235315	0.668308176764	0.652882135127	0.564320187042	0.564969277704	0.613467823454	0.586260903792	0.626677420559	0.539941365961	0.578280577866	0.635174371777	0.605864346841	0.620375667168	0.481003953588	0.0	0.576660292347	0.605514855474	0.580061753034	0.524155653071	0.907178329188	0.869978887675	0.889786081792	0.889656291688	0.868675211712	0.880654842075	0.873326632527	0.838298844369	0.860599887665	0.880949006253	0.900774603346	0.869169592128	0.855615083586	0.887154908375	0.877150238737	0.719228376547	0.734772094541	0.751166333262	0.782916920212	0.74619006394	0.726476365603	0.725137029152	0.685787896151	0.703068768965	0.732177862873	0.700114138624	0.72657426412	0.742426981196	0.763385702852	0.744772798675	0.777441918019	0.740536753483	0.783467349609	0.784332883856	0.739834936133	0.774564616046	0.751142816715	0.755178213925	0.757707805659	0.742616890864	0.766468868364	0.722995932382	0.788612613214	0.767264336414	0.72017116298	0.738610291293	0.756867340542	0.729405386477	0.740008400938	0.743289621611	0.729578393773	0.713091673636	0.687372499338	0.772666670231	0.789444416868	0.78831368237	0.747604664546	0.728453083783	0.738759474483	0.717795699103
CG1	0.672629401688	0.642388221772	0.632808113802	0.656751453907	0.616786826414	0.627857313454	0.605810199491	0.664508872338	0.660647506896	0.621546264859	0.651094587231	0.636292794121	0.650198323354	0.646239568479	0.596590926548	0.603615964196	0.577219245752	0.592285700969	0.573191553885	0.580734250461	0.693970938712	0.654923223345	0.579609093286	0.624195121241	0.606527687199	0.626066924097	0.64698449882	0.576660292347	0.0	0.57180163235	0.563510975122	0.597949713289	0.903078595481	0.862560607682	0.875843100862	0.893704237657	0.87460525979	0.857403615138	0.87188010935	0.836167264248	0.865610148416	0.879354067555	0.89619382821	0.883511589979	0.840625425168	0.881144025572	0.879563213522	0.772397894276	0.742510328998	0.778257110149	0.79518395181	0.778493011148	0.762154721496	0.764922805098	0.756001000323	0.748988449807	0.765935572211	0.736565826359	0.720618515322	0.782842253705	0.725613163382	0.74176362095	0.768399966626	0.786833241702	0.752035663472	0.795066079051	0.730581164066	0.773612253868	0.804936361791	0.776563459301	0.767036541122	0.74067207276	0.779854213822	0.74029142877	0.807921771725	0.778077541934	0.760139432073	0.781527032142	0.73853939152	0.782499118569	0.753463718074	0.701394186753	0.753808430897	0.730480655098	0.694292177766	0.778868548023	0.79562233617	0.785566526427	0.75886404296	0.750287622248	0.757823829543	0.770621578378
