	CA7	CA8	CB7	CB8	CC7	CC8	CD7	CD8	CE7	CE8	CF7	CF8	CG7	CG8	CH7	CH8	CA1	CA2	CB1	CB2	CC1	CC2	CD1	CD2	CE1	CE2	CF1	CF2	CG1	CG2	CH1	CH2	CA5	CA6	CB5	CB6	CC5	CC6	CD6	CE5	CE6	CF5	CF6	CG5	CG6	CH5	CH6	CA11	CA12	CB11	CB12	CC11	CC12	CD11	CD12	CE11	CE12	CF11	CF12	CG11	CG12	CH11	CH12	CA3	CA4	CB3	CB4	CC4	CD3	CD4	CE4	CF3	CF4	CG3	CG4	CH3	CH4	CA9	CA10	CB9	CB10	CC9	CC10	CD9	CD10	CE9	CE10	CF9	CG9	CG10	CH9	CH10
CA7	0.0	0.5815397538	0.564600446059	0.584149633651	0.600110090065	0.633540560407	0.545327892739	0.560456344624	0.594643717204	0.55197111957	0.621016041445	0.601607568818	0.594858015562	0.570618991437	0.520767618781	0.617103558609	0.661046984417	0.683935970797	0.623601606664	0.620341612142	0.713415717571	0.662993567698	0.640987250805	0.685966827908	0.63524250865	0.641584658987	0.635247592804	0.625878735072	0.59312993197	0.584477404601	0.595194681687	0.644169775789	0.781362368773	0.726916811975	0.80749975611	0.753480037515	0.795433135268	0.726910276806	0.753038039037	0.762201863711	0.713812565113	0.762899513571	0.812188609178	0.734191048497	0.798237241985	0.774684831821	0.806716033922	0.718691985823	0.646290586265	0.693794631444	0.656331204942	0.688406585858	0.670795333263	0.684743366448	0.70845048366	0.689312936884	0.676826074621	0.686391918283	0.694147427609	0.659037310428	0.683606983582	0.725466022009	0.686953475126	0.74454165769	0.781998107712	0.752752204255	0.730281385492	0.728240776264	0.745226836142	0.688655913119	0.754519177146	0.734379057129	0.735589370506	0.699719885037	0.743944107875	0.754787288116	0.729930682952	0.755375441403	0.70232379828	0.689552765345	0.732873513072	0.686303489115	0.704096768682	0.649109134409	0.636660507547	0.675638551048	0.665201714016	0.657469750954	0.743026566859	0.690005453816	0.722212426787	0.732678043758
CA8	0.5815397538	0.0	0.617546687282	0.552236548577	0.588088602738	0.565707168117	0.57119414076	0.609983964973	0.579462187709	0.574121043544	0.553722403209	0.57880424535	0.566145239632	0.596976087705	0.468815114454	0.609326797822	0.631292574163	0.640282698683	0.632677188257	0.66305957845	0.718248216557	0.670832288323	0.647544882422	0.642226517687	0.648659136046	0.643172293458	0.637974353502	0.62497668947	0.613503357528	0.671469842417	0.642507626886	0.584341603456	0.838347342965	0.806740670056	0.855815987802	0.840247869291	0.861570327909	0.801801183284	0.805662752632	0.834243680286	0.815434835524	0.832736030157	0.857674130487	0.794475663575	0.860197460769	0.825347066094	0.861806479272	0.732517707906	0.650671795563	0.709974873959	0.701649539828	0.666498537145	0.66557467125	0.687331260056	0.707197582268	0.665851087605	0.701737982122	0.682159522149	0.683441678667	0.69683087007	0.672657817116	0.705351820837	0.695078372966	0.760370457584	0.747885883796	0.767016852523	0.702638354682	0.742666948297	0.759817236899	0.716949759386	0.750411308971	0.731034008014	0.746567683143	0.69523876191	0.771440526839	0.753361071891	0.7582796442	0.737710779708	0.710411469668	0.699808263565	0.705905854027	0.715588750113	0.710774128334	0.655536188894	0.667663713017	0.703261830324	0.689875222622	0.744511337607	0.72902446006	0.702995363967	0.678365001409	0.707991624598
CB7	0.564600446059	0.617546687282	0.0	0.527806647289	0.55364131961	0.598176943444	0.571033135519	0.614328127607	0.618351920635	0.619414703705	0.599935427802	0.553169398335	0.522177841792	0.534591476577	0.561640326669	0.612565572773	0.61056536445	0.633072738901	0.610258042501	0.63058427201	0.711330254193	0.673631395411	0.592773065438	0.616346173275	0.615578496084	0.612537674823	0.662395370815	0.576706632629	0.619027209722	0.631275231967	0.635416990317	0.617726134744	0.847955493325	0.821071183531	0.867284413676	0.852302038385	0.871582300995	0.798758253617	0.815733957036	0.847991758832	0.830726435916	0.836938622754	0.865291991761	0.812381245271	0.870748626845	0.838437917342	0.879127796295	0.762249864042	0.708770836969	0.756982972667	0.744806355094	0.718587305605	0.751974039152	0.715631734571	0.741286726961	0.721995706923	0.694960298944	0.750506481904	0.753560832176	0.73895397032	0.750921602152	0.757675995651	0.747566092935	0.781356439614	0.778077162981	0.7720250894	0.748980052745	0.783585770318	0.739259206271	0.739806919269	0.797523183165	0.759837094695	0.766223325665	0.729197224992	0.768831075595	0.787368664856	0.80527681013	0.7751664614	0.745940160329	0.771472948684	0.754064462128	0.752831913507	0.745124863054	0.679596707502	0.686364302763	0.755235250906	0.748647131787	0.765251036573	0.751625253906	0.757745525531	0.75549391706	0.718733019465
CB8	0.584149633651	0.552236548577	0.527806647289	0.0	0.505627837658	0.575034968468	0.531193595929	0.602033433989	0.55850303544	0.582460578262	0.547423256572	0.501926370395	0.505907701548	0.482794882596	0.550791160125	0.58838980007	0.581977902359	0.615851746266	0.609574972314	0.623703337636	0.708105069122	0.652904018663	0.583657777143	0.586220330131	0.605366638573	0.613852588665	0.641922950809	0.571476942299	0.587831198352	0.635640251788	0.597138480834	0.592618876364	0.84424776743	0.80945212415	0.867406524137	0.849178436637	0.870503982898	0.808971359582	0.815273447881	0.841458474021	0.820508488554	0.826634976087	0.864544320221	0.808839886265	0.871291029656	0.828147617635	0.869536209046	0.725809081008	0.685028359997	0.692436780049	0.687173155398	0.645780058626	0.688652083105	0.674406767061	0.693135401031	0.686357261572	0.688281556945	0.676089259481	0.683318765509	0.707641300478	0.684748343836	0.719403558382	0.701595143074	0.767818687618	0.75003395028	0.759234441985	0.70297304111	0.7516974024	0.745611792008	0.71514956945	0.770544763291	0.754876796866	0.742301050557	0.695357687418	0.763111711191	0.760353829293	0.766567656182	0.743770031366	0.696137665035	0.70438229391	0.727070508573	0.70166482898	0.702385647769	0.656055310344	0.648207947355	0.719082374437	0.684332875695	0.749859230651	0.734539307829	0.705628899969	0.697408436194	0.696819265805
CC7	0.600110090065	0.588088602738	0.55364131961	0.505627837658	0.0	0.519704410282	0.595466628331	0.632155994854	0.631650209802	0.615636564149	0.522202666143	0.497609419891	0.533992900242	0.557005857534	0.588966262969	0.641416435337	0.601484638861	0.617366196147	0.624366385239	0.630424637029	0.729740817986	0.683053779379	0.589401008661	0.549542441291	0.625809511617	0.568675709774	0.631409191672	0.611830990162	0.613675912052	0.677892822072	0.641153403253	0.586698349868	0.850880714071	0.83477149374	0.875819987966	0.865751121305	0.88338831418	0.8207552145	0.838502212695	0.860740192632	0.836737916944	0.852416655794	0.873696499848	0.82518120408	0.879846866648	0.853959285025	0.879675173543	0.764778864881	0.728717138464	0.739375616514	0.744910816684	0.730511004236	0.736838801854	0.7269138624	0.741276618017	0.738761217802	0.741917950154	0.732120619903	0.732033428614	0.737190925436	0.746772716752	0.753350386514	0.754970771085	0.814236048353	0.780835184326	0.772037057703	0.740390227127	0.799542018572	0.78827152104	0.739854145901	0.790520983587	0.782212609184	0.77901286465	0.734966133978	0.797166889375	0.801328765878	0.798022993101	0.797164284647	0.764987177268	0.760074966641	0.766703311532	0.76044090573	0.737076373615	0.687961979317	0.693314330444	0.749371756999	0.747295996438	0.782826316837	0.767802960744	0.751013177594	0.766213471549	0.760914571606
CC8	0.633540560407	0.565707168117	0.598176943444	0.575034968468	0.519704410282	0.0	0.585388557119	0.641336834628	0.604616814037	0.617871427931	0.499882196103	0.497976861966	0.582805156463	0.596475323263	0.587105309395	0.656060497511	0.57299683393	0.622245581609	0.658274472787	0.661064122604	0.70098304497	0.646881539948	0.607736297075	0.602847216185	0.606501326823	0.604094692379	0.587216353801	0.574937787316	0.611453337181	0.650427688733	0.643449468306	0.584612378855	0.876374683878	0.846142447684	0.896714974909	0.876360018865	0.900339970974	0.843989869459	0.846758449528	0.870716865889	0.848327969792	0.874054495172	0.903477608848	0.845870223225	0.891477507114	0.870367212574	0.900138864635	0.732766263486	0.699914801095	0.71401911332	0.726267676003	0.711126356536	0.717300249294	0.68707117698	0.704102674748	0.684638210144	0.689427268407	0.725685658587	0.718665122811	0.697826439808	0.69907413334	0.711293863282	0.703286573041	0.782080881783	0.768794577618	0.795929089745	0.717306311039	0.762035483111	0.767338606035	0.72315441031	0.769289110079	0.745433128019	0.768509114589	0.71733010444	0.793844665112	0.775774606923	0.790377093671	0.749884289082	0.718263780305	0.75054951703	0.716967188982	0.740800308188	0.722982652941	0.695947198598	0.708277209034	0.733984693129	0.737522458793	0.785936059063	0.72779439663	0.748440001911	0.741172454856	0.720441862497
CD7	0.545327892739	0.57119414076	0.571033135519	0.531193595929	0.595466628331	0.585388557119	0.0	0.548922558809	0.540670169157	0.506280131112	0.593003761623	0.564761850996	0.574381788044	0.584789716696	0.54223986932	0.61305227654	0.604257228653	0.648905840736	0.6325190844	0.65802985593	0.659427686132	0.629827522222	0.621741633107	0.654095601105	0.627489565414	0.65042826766	0.635259307983	0.605709547546	0.584238169769	0.547626775751	0.592579608123	0.649482380608	0.826653989118	0.799334186541	0.853865110515	0.825219971119	0.851893495338	0.7618384425	0.791405490333	0.825362226475	0.811673474373	0.809490819682	0.852549696147	0.784721247212	0.841499625677	0.823237584876	0.849694158666	0.712126700748	0.644712506537	0.660895971088	0.658969120279	0.663900343869	0.675171039528	0.594073616739	0.632518200129	0.627700070462	0.643970299378	0.677669139247	0.649521036936	0.640554854119	0.661147806804	0.698443535805	0.629290195603	0.754483936092	0.749170384003	0.71719701003	0.730349016116	0.711359494799	0.73272736133	0.708349398583	0.737194638952	0.71004809734	0.704472852367	0.706650283896	0.737247527145	0.743698290983	0.762275903614	0.718042717319	0.660173638829	0.66755309235	0.693673797987	0.67294202262	0.68887012513	0.635944603168	0.64628898957	0.667629537527	0.636952316837	0.726750118667	0.68081571011	0.652128778841	0.653662312845	0.686807889717
CD8	0.560456344624	0.609983964973	0.614328127607	0.602033433989	0.632155994854	0.641336834628	0.548922558809	0.0	0.502440599231	0.527351841281	0.628815197787	0.615688346676	0.573280027549	0.603310218444	0.563997930434	0.550523411192	0.691261367349	0.666659020092	0.67453356974	0.631253269132	0.693850134472	0.683755362844	0.713661554567	0.69394500423	0.632463475718	0.691126799956	0.664718518293	0.657206268189	0.602280973098	0.622563640057	0.669480341042	0.660585293906	0.793366763779	0.749899798597	0.818247797173	0.79108209549	0.802583091614	0.722011129201	0.781817182284	0.780790227046	0.744336022986	0.778403965385	0.818105427774	0.75232739739	0.823821506216	0.772686695435	0.826516718682	0.706221001144	0.655574293553	0.673494276047	0.640737088598	0.680823979072	0.661896021823	0.642611423502	0.662260655145	0.666692747311	0.681426176065	0.6713413059	0.651255932768	0.646676607138	0.665868897618	0.70470570066	0.661751788127	0.742511189115	0.728599628374	0.711791684401	0.680048558912	0.713743517535	0.690842725314	0.660880773175	0.7207261416	0.730541509208	0.731240056176	0.669332495978	0.729999787423	0.754297312688	0.704263779257	0.752694597809	0.668733716496	0.685821496151	0.720670806872	0.667077511136	0.646470262281	0.665098147078	0.621608882365	0.672318813727	0.65838117356	0.704953895926	0.716699455612	0.659673281627	0.662242523991	0.692153873939
CE7	0.594643717204	0.579462187709	0.618351920635	0.55850303544	0.631650209802	0.604616814037	0.540670169157	0.502440599231	0.0	0.51175671485	0.600543646274	0.595239467559	0.574032958903	0.597229593841	0.566884667297	0.583305019057	0.633197050129	0.647248969247	0.667328797683	0.636465067109	0.648492095213	0.61931592555	0.70043129587	0.697820866702	0.642664992949	0.681212187025	0.65017831985	0.597882337795	0.617715109609	0.637674161716	0.631791760415	0.625687361722	0.800722874489	0.744112238481	0.814777749967	0.797943605364	0.828312309576	0.757602155771	0.764159106651	0.778697221371	0.746560308459	0.778888557362	0.817517342371	0.759735071504	0.821405332407	0.79133775321	0.825558582551	0.656474594571	0.627842889631	0.653965496567	0.63511027186	0.633697549239	0.634486993729	0.614974626691	0.638004230563	0.622829785389	0.665278783984	0.640740455033	0.632993465452	0.663463358728	0.636324527174	0.658166434185	0.652086167864	0.721964527232	0.70820925995	0.722365186055	0.655810560774	0.659386542987	0.682251905716	0.660267465383	0.718357807789	0.671637565805	0.689618799888	0.645282595836	0.729193630907	0.7157577794	0.706048575726	0.708451592996	0.641142059206	0.646702079035	0.682850153007	0.647596831372	0.653013930761	0.614706456768	0.586476532376	0.63084551441	0.61924069249	0.701411420246	0.691363616816	0.648122074697	0.632522434019	0.645102293342
CE8	0.55197111957	0.574121043544	0.619414703705	0.582460578262	0.615636564149	0.617871427931	0.506280131112	0.527351841281	0.51175671485	0.0	0.6006865415	0.591882551573	0.599626638515	0.619244929695	0.555493716084	0.613390461845	0.680207626588	0.674046067577	0.666547167133	0.672436506157	0.678742827826	0.646456178955	0.67264012853	0.677232552852	0.645519389026	0.653268531704	0.651212948815	0.649171372816	0.585813410199	0.626476165354	0.626566799736	0.646781410977	0.810817339365	0.773210184741	0.834139467412	0.814176946434	0.841474752104	0.765555013254	0.776465256011	0.808916418399	0.78332213094	0.787895294253	0.830917271131	0.772918272877	0.835321747101	0.797493096073	0.839512381084	0.689044933638	0.63415077424	0.64504246824	0.666542906462	0.66769962036	0.65910568443	0.635629096816	0.663821284498	0.662633302089	0.676508515861	0.6555314463	0.665513291052	0.674534385371	0.650236931347	0.649890493639	0.633411847056	0.72741825581	0.756827799127	0.739462218744	0.727384799247	0.703849705721	0.726336186914	0.691974295632	0.728101180678	0.687916602515	0.720188934968	0.706689548376	0.735475038867	0.729066846608	0.720491444057	0.738707054711	0.648268894422	0.678362532862	0.724367064164	0.647922649721	0.697611823038	0.648324887083	0.644343024224	0.656309072503	0.640429038563	0.719306868074	0.714148619791	0.68811040615	0.66134587587	0.698514370188
CF7	0.621016041445	0.553722403209	0.599935427802	0.547423256572	0.522202666143	0.499882196103	0.593003761623	0.628815197787	0.600543646274	0.6006865415	0.0	0.480290757857	0.564963059553	0.566219297122	0.569231977766	0.631872513806	0.596539991448	0.607363306073	0.629608811904	0.662811126851	0.69436181116	0.648925993794	0.614509441957	0.606877961646	0.574179082345	0.5699413199	0.609950379531	0.580144483033	0.630868017546	0.671294996709	0.634478818293	0.581289392056	0.874164582486	0.845937194042	0.883838337715	0.863657178036	0.884316489905	0.842194861152	0.820064725874	0.860405470475	0.839181061593	0.86641890142	0.891362138315	0.837932991184	0.882132282086	0.869927544247	0.890309903527	0.73357760488	0.699169671751	0.691515537741	0.716302340129	0.710760288717	0.703059884144	0.708115186375	0.71028488257	0.672906248369	0.692020851266	0.702670175879	0.709256172642	0.71951601935	0.679840212155	0.703179517659	0.683348527482	0.759302672034	0.748045372765	0.755047240667	0.713078553867	0.739972159279	0.735103577937	0.718154506736	0.740857801472	0.722997919442	0.753565111201	0.720455902118	0.751767451138	0.753318359712	0.769632358549	0.746475029096	0.715667725673	0.711129137269	0.717340830822	0.711732218112	0.686799939597	0.640588164576	0.654641781471	0.733653397231	0.709459833196	0.79728427609	0.730836923582	0.728743753853	0.728890762865	0.715044081327
CF8	0.601607568818	0.57880424535	0.553169398335	0.501926370395	0.497609419891	0.497976861966	0.564761850996	0.615688346676	0.595239467559	0.591882551573	0.480290757857	0.0	0.541327941066	0.57189440365	0.578118487845	0.633184415487	0.57814660633	0.587977411663	0.642284138334	0.637520700177	0.726095417155	0.668565388416	0.584859788107	0.564034902502	0.572848289203	0.549623306428	0.611246830716	0.543481899952	0.59284543424	0.651896706417	0.628811135891	0.579473822057	0.866764393731	0.840626658703	0.876072554203	0.865294319597	0.887504873525	0.831320115098	0.828237832468	0.8631632884	0.84065824839	0.852641839387	0.886156466565	0.826546327211	0.882879628155	0.862999967267	0.889919126517	0.749886220007	0.702782976978	0.741325496031	0.729498260039	0.71438194382	0.734275459348	0.695990446906	0.721492213945	0.696714538075	0.70166220481	0.724720456641	0.727549406616	0.747529338326	0.736776437731	0.734932895642	0.726549601004	0.77593739435	0.748444220144	0.779630317708	0.718153541916	0.75274703208	0.751124358553	0.734456552185	0.772008284345	0.763472694602	0.773251814078	0.700722252294	0.768821258131	0.758244100217	0.780781217312	0.764055871523	0.720528245155	0.705024827367	0.743448685975	0.722655180329	0.677004893601	0.654163526453	0.663958832736	0.722107878184	0.704499194803	0.79740585755	0.753423328725	0.721836213905	0.721385764683	0.709184186981
CG7	0.594858015562	0.566145239632	0.522177841792	0.505907701548	0.533992900242	0.582805156463	0.574381788044	0.573280027549	0.574032958903	0.599626638515	0.564963059553	0.541327941066	0.0	0.521108809564	0.549000067719	0.617123916199	0.634242633954	0.619125392744	0.645226095662	0.610486599804	0.686619601195	0.644185519193	0.648338447409	0.612897301815	0.578935917034	0.637615434009	0.661433202975	0.610208140839	0.592482512016	0.645950058137	0.634922013053	0.606136563573	0.823808647816	0.800929823246	0.842701394822	0.81794648119	0.84066100021	0.783213931397	0.796319725513	0.822544043693	0.802075625211	0.813235472944	0.84306384838	0.791736921196	0.838781956669	0.8175255045	0.846768380288	0.752838414832	0.698218303378	0.707080584704	0.719086169843	0.714354331973	0.712704669466	0.720327346745	0.7385428662	0.722003496009	0.728692686411	0.73152474301	0.718461647869	0.695187734023	0.722827050383	0.738452718698	0.721171537951	0.771478250312	0.754891089105	0.769412740484	0.704173922543	0.757698005388	0.739266009622	0.718362988697	0.781645218502	0.74488799703	0.75733571008	0.701586479279	0.773677225069	0.76835545744	0.760904724591	0.778900149089	0.741469706736	0.72288639731	0.754183529121	0.722946946362	0.719032093701	0.67405866814	0.675212264256	0.700749063388	0.692312799381	0.774504823584	0.753534021585	0.706722091549	0.732861875437	0.719414275093
CG8	0.570618991437	0.596976087705	0.534591476577	0.482794882596	0.557005857534	0.596475323263	0.584789716696	0.603310218444	0.597229593841	0.619244929695	0.566219297122	0.57189440365	0.521108809564	0.0	0.586710634306	0.605347702108	0.615584180801	0.627362117794	0.614619260082	0.637380766203	0.700510761869	0.663672426253	0.625585817629	0.618837728037	0.601105988576	0.652548281362	0.657994775342	0.611430586936	0.591063591179	0.618773842745	0.660438278148	0.602449435575	0.844204157069	0.814656074166	0.865631649135	0.848193453604	0.860670325995	0.802641626142	0.822509335501	0.844675321926	0.815180591354	0.826587079801	0.860700994059	0.803641919951	0.859887922061	0.828636610289	0.859097799371	0.744700545975	0.702604458904	0.703480244294	0.708803973243	0.692310616006	0.717216339923	0.712469591186	0.714755603459	0.708382584491	0.712542580005	0.700162810615	0.707246337103	0.718951308311	0.705008969942	0.744753206006	0.704383928007	0.790894081746	0.749932303489	0.764255792557	0.683946516886	0.758785634055	0.738148784188	0.707716798959	0.776781179135	0.767959810074	0.749420538501	0.684164085746	0.754706548105	0.768972279137	0.77360207274	0.764797177168	0.736808363626	0.747076574639	0.726113583373	0.720382306433	0.691930317169	0.671552011443	0.665825542071	0.729585885698	0.707079689378	0.75315139186	0.729751401002	0.71590264324	0.740158856789	0.734011198489
CH7	0.520767618781	0.468815114454	0.561640326669	0.550791160125	0.588966262969	0.587105309395	0.54223986932	0.563997930434	0.566884667297	0.555493716084	0.569231977766	0.578118487845	0.549000067719	0.586710634306	0.0	0.574496444089	0.619650657869	0.636090222666	0.631626166911	0.61942104809	0.69130883869	0.650257567239	0.644936872805	0.653441261827	0.644331129273	0.63082490057	0.643370803854	0.607124012946	0.537827335707	0.624649619975	0.604200904287	0.580012910345	0.786720499833	0.758634340184	0.802416060369	0.779492708015	0.806021446806	0.740488711046	0.759275547485	0.798111528876	0.758311599244	0.779112977723	0.812432627017	0.740650063276	0.81804225634	0.774748575505	0.821063137767	0.70372933919	0.615374988088	0.698149675059	0.666805867964	0.621270265328	0.664674946276	0.664850353952	0.702577726839	0.636257698958	0.686954766623	0.661198076138	0.685997625314	0.676207625291	0.652406703998	0.682995308072	0.670098252872	0.709464220802	0.775192535359	0.729037259873	0.703766993094	0.709640284901	0.744162100816	0.695055970308	0.752328903242	0.703708569577	0.746264171161	0.683285321757	0.728332994989	0.709158455141	0.719606565347	0.738638234157	0.682423119131	0.686272165431	0.727384777541	0.677620530146	0.707273533227	0.646312121118	0.657086316612	0.671027652588	0.650159575795	0.711242511669	0.721250504578	0.663120835838	0.690764007075	0.707316770186
CH8	0.617103558609	0.609326797822	0.612565572773	0.58838980007	0.641416435337	0.656060497511	0.61305227654	0.550523411192	0.583305019057	0.613390461845	0.631872513806	0.633184415487	0.617123916199	0.605347702108	0.574496444089	0.0	0.667369605361	0.689041669856	0.614582525412	0.651779270421	0.727507446432	0.698656048312	0.703627112514	0.705811192372	0.633457862449	0.710958518531	0.692299146792	0.664041129036	0.622053545741	0.639484295111	0.662991581237	0.662660059336	0.806140912687	0.786419421777	0.83804692293	0.826826859887	0.849929721113	0.768555630686	0.770643602191	0.809656993129	0.788568019527	0.788527561257	0.840392635843	0.769774444907	0.840509947975	0.794050302749	0.845139343488	0.71634913833	0.70605804778	0.692979533411	0.691445009731	0.677047441298	0.675110170285	0.684531173599	0.710559598883	0.694055147864	0.719881724042	0.707889031353	0.713970591262	0.717278719397	0.704111391874	0.719056365929	0.674609511553	0.758763497132	0.762144100525	0.739586610449	0.68622782471	0.755504736281	0.731089034155	0.712472999652	0.779447583002	0.766133723531	0.771181087762	0.686024956187	0.749314568891	0.767420201284	0.744040674707	0.771335318854	0.69589358193	0.696255788209	0.74224613912	0.677866903643	0.680826184725	0.674332202296	0.670950124638	0.693405119872	0.663501797286	0.70768115468	0.733430441473	0.694644602804	0.70856579921	0.676231523503
CA1	0.661046984417	0.631292574163	0.61056536445	0.581977902359	0.601484638861	0.57299683393	0.604257228653	0.691261367349	0.633197050129	0.680207626588	0.596539991448	0.57814660633	0.634242633954	0.615584180801	0.619650657869	0.667369605361	0.0	0.463752159509	0.565248578865	0.581376156777	0.710925723099	0.627054853852	0.580074803932	0.59998269	0.605221609259	0.566642155488	0.598752502022	0.535737446344	0.56934988899	0.574017163141	0.534472115608	0.510241205712	0.907020446592	0.874021063057	0.918447634456	0.905146368912	0.923500563319	0.860664812717	0.861912579155	0.895514697313	0.875391216344	0.892506248799	0.921801441396	0.86705839925	0.913391140949	0.898873538627	0.923031565668	0.774977469991	0.745159133425	0.764231372858	0.775802950619	0.728912520755	0.753703864005	0.733779862276	0.742269416234	0.725048672752	0.733264464446	0.758057083973	0.755021865344	0.776730051687	0.741905336714	0.763476830452	0.757313041206	0.77720622024	0.752097339587	0.758960984847	0.734956693354	0.740143569433	0.763451494051	0.749357041235	0.777255547462	0.727243285856	0.76024416447	0.731621446199	0.781810499852	0.767450584766	0.790427303805	0.776561661805	0.768605106617	0.767156908299	0.738239305174	0.744286009462	0.737658570693	0.676898139429	0.689339423961	0.76034230061	0.753813826729	0.784746537362	0.741437860001	0.767267802653	0.760535811247	0.728340954117
CA2	0.683935970797	0.640282698683	0.633072738901	0.615851746266	0.617366196147	0.622245581609	0.648905840736	0.666659020092	0.647248969247	0.674046067577	0.607363306073	0.587977411663	0.619125392744	0.627362117794	0.636090222666	0.689041669856	0.463752159509	0.0	0.596856034715	0.568667613863	0.692678899835	0.621450555395	0.593929008491	0.609129671845	0.610124412705	0.58595547989	0.611693192209	0.572300184189	0.574391028604	0.606020688523	0.604455020957	0.496791122257	0.895440887109	0.865240749558	0.917126538197	0.896162400308	0.911337998519	0.842360664308	0.860075762267	0.883156581992	0.864362108034	0.878225229927	0.911998180324	0.856178154336	0.904985489414	0.885611191839	0.910225229803	0.781031782491	0.75157678785	0.769553641881	0.768493594613	0.733088953967	0.764585099756	0.746744481267	0.749936430727	0.732808850975	0.744913655777	0.748980404026	0.730376099136	0.778388834151	0.74778815756	0.767681459443	0.768422584867	0.789759265149	0.740576131774	0.763219827711	0.721699266274	0.733055089324	0.754818767809	0.740755924525	0.778593266202	0.72929147043	0.791264434642	0.722651091279	0.765670049479	0.775347362593	0.79106751751	0.801506260678	0.777097526293	0.771990404282	0.766304962665	0.750084853604	0.734189449962	0.702551320967	0.714027815333	0.778591915314	0.765866187831	0.790827229833	0.765112118864	0.777960961949	0.755237590291	0.746745514182
CB1	0.623601606664	0.632677188257	0.610258042501	0.609574972314	0.624366385239	0.658274472787	0.6325190844	0.67453356974	0.667328797683	0.666547167133	0.629608811904	0.642284138334	0.645226095662	0.614619260082	0.631626166911	0.614582525412	0.565248578865	0.596856034715	0.0	0.491742965996	0.769649188971	0.675902565391	0.552925552719	0.619855025921	0.610079626849	0.586712900982	0.589736692588	0.582726774195	0.553113352824	0.534319805907	0.535456092766	0.537520511444	0.870686135687	0.832412758319	0.886872933077	0.865104395703	0.879592034898	0.813503138302	0.831306209396	0.852215294639	0.839065171577	0.853317283817	0.881438249149	0.816572667038	0.876320480977	0.862459078535	0.880246969345	0.786689423684	0.754369394411	0.794934278313	0.772898221491	0.749632239341	0.766004002407	0.78382194335	0.794296348564	0.765684723194	0.76311604192	0.784089412347	0.763731182723	0.781929950312	0.763881097937	0.793485138295	0.779014245508	0.778672784332	0.803555342075	0.776254577967	0.749204143486	0.771193383943	0.786626282971	0.754261002981	0.778739062196	0.773537919426	0.772122628336	0.752228694415	0.771180197699	0.775487344061	0.783562629413	0.824042243155	0.791633011656	0.791441652174	0.790704720897	0.759202688927	0.765980793429	0.732266375023	0.722749354528	0.78993482169	0.774053148716	0.783816159411	0.800319468684	0.791099450811	0.786254239555	0.758214668968
CB2	0.620341612142	0.66305957845	0.63058427201	0.623703337636	0.630424637029	0.661064122604	0.65802985593	0.631253269132	0.636465067109	0.672436506157	0.662811126851	0.637520700177	0.610486599804	0.637380766203	0.61942104809	0.651779270421	0.581376156777	0.568667613863	0.491742965996	0.0	0.727236156089	0.641629547458	0.64050700571	0.653371694865	0.64256636114	0.636896678486	0.610816717881	0.58413701568	0.548686813345	0.590291798855	0.587021712337	0.561813239048	0.865050083223	0.830554290729	0.887594882879	0.863259402534	0.881382764702	0.814872137017	0.831245046337	0.849831652288	0.828426768456	0.851407810891	0.878963950917	0.818616282775	0.878856477511	0.854668814892	0.87844307836	0.789052584272	0.75689947796	0.785482352259	0.75963086179	0.755393386467	0.770567661238	0.771050042193	0.780015374735	0.758048574265	0.758550475469	0.771161023298	0.750219633871	0.761080384948	0.765773393379	0.790964772201	0.774415027287	0.77783860395	0.782935217914	0.791403553054	0.746273513011	0.761864449871	0.773337313581	0.746442869982	0.794623805342	0.760045284093	0.787665215402	0.729774373329	0.790022143106	0.776378898211	0.798650946646	0.81656051307	0.77170236131	0.788235415239	0.789926380079	0.757002384538	0.737876578905	0.706034824168	0.728538261042	0.793725110831	0.786415469448	0.766397695016	0.793837546286	0.798673137473	0.795070297924	0.74315437296
CC1	0.713415717571	0.718248216557	0.711330254193	0.708105069122	0.729740817986	0.70098304497	0.659427686132	0.693850134472	0.648492095213	0.678742827826	0.69436181116	0.726095417155	0.686619601195	0.700510761869	0.69130883869	0.727507446432	0.710925723099	0.692678899835	0.769649188971	0.727236156089	0.0	0.443667445955	0.759235308629	0.751797231012	0.686948949348	0.729660341948	0.702801875177	0.662565498681	0.718082310907	0.70393517265	0.703995276048	0.702326236915	0.848764628817	0.807475893605	0.867645115622	0.854375221968	0.871943613301	0.800367397157	0.810240671029	0.842874420526	0.81165948135	0.835584008536	0.873070015486	0.822858955794	0.866089586376	0.840047319924	0.869069834141	0.692827220295	0.687784404971	0.665119460907	0.705486283231	0.700671403416	0.694264650584	0.687940506485	0.684948625754	0.678113741239	0.673022784612	0.706592645963	0.701364685949	0.687818921093	0.692538886061	0.689754740234	0.661307291778	0.760938875379	0.733574492401	0.749733518794	0.706715153354	0.716420419405	0.709017617199	0.713997058858	0.725698763583	0.66593185749	0.702196124482	0.705768641064	0.742974324291	0.761876058159	0.759193619593	0.721298148887	0.658808113947	0.741083270723	0.71957873023	0.702156932011	0.742008602037	0.726927984421	0.730688957081	0.705769926016	0.698130184372	0.750978373373	0.660985380358	0.706930618092	0.713182823786	0.744911146648
CC2	0.662993567698	0.670832288323	0.673631395411	0.652904018663	0.683053779379	0.646881539948	0.629827522222	0.683755362844	0.61931592555	0.646456178955	0.648925993794	0.668565388416	0.644185519193	0.663672426253	0.650257567239	0.698656048312	0.627054853852	0.621450555395	0.675902565391	0.641629547458	0.443667445955	0.0	0.678463850881	0.688769306603	0.643204046423	0.652991195748	0.547887843647	0.550959556397	0.638555867244	0.632503761794	0.629045956031	0.59596527376	0.863646441892	0.808382612567	0.885078897164	0.868271570638	0.879456678302	0.829807447506	0.836819220088	0.852398915974	0.812212892999	0.852813683272	0.885348515508	0.840202669622	0.878608917204	0.858196101323	0.883952806589	0.680555034512	0.707041472179	0.683741225609	0.701366611778	0.68793031369	0.696875123556	0.703253118745	0.689296620258	0.675215722491	0.698455666515	0.721167281881	0.689210454755	0.681959329359	0.691140638646	0.688482742889	0.686985894897	0.746957387208	0.724501683796	0.760871835378	0.696105903747	0.724113639284	0.71900054939	0.699612087039	0.72939588617	0.686071847227	0.714022955341	0.705091234779	0.752368321945	0.737879673306	0.738601597577	0.748939676137	0.669890183893	0.747691672216	0.731793334336	0.70041977346	0.734902255723	0.716936064741	0.724887542572	0.727201347828	0.721068101079	0.760553067669	0.693672678406	0.726364067274	0.732752114178	0.73791466633
CD1	0.640987250805	0.647544882422	0.592773065438	0.583657777143	0.589401008661	0.607736297075	0.621741633107	0.713661554567	0.70043129587	0.67264012853	0.614509441957	0.584859788107	0.648338447409	0.625585817629	0.644936872805	0.703627112514	0.580074803932	0.593929008491	0.552925552719	0.64050700571	0.759235308629	0.678463850881	0.0	0.521970553588	0.612376191394	0.494409450889	0.629832505237	0.57124022935	0.563213015593	0.599296444233	0.585427606029	0.577244942563	0.902696519629	0.878486173698	0.929944236468	0.902601829464	0.924177937279	0.857853489776	0.874597502434	0.886617503298	0.871494685498	0.895842943434	0.922921395889	0.866248583487	0.912908699829	0.895846807044	0.919587416291	0.821860480822	0.769066533359	0.806874106397	0.793512517571	0.780286312932	0.778121423966	0.781944391415	0.793078578017	0.788707661223	0.766380843863	0.802877796345	0.787369350044	0.790933325752	0.786890734299	0.808283492327	0.798108166438	0.815224141203	0.799484119093	0.791400484709	0.782604252618	0.759654420116	0.837407441161	0.78034689072	0.80032970572	0.80060709517	0.800749849612	0.776401046812	0.806892926115	0.782881575251	0.798499814923	0.831376412164	0.805739200154	0.804892767418	0.793288608349	0.792491117236	0.779916325409	0.779211570144	0.775571626391	0.816860356731	0.809841068697	0.810722760824	0.792157144379	0.802905999714	0.805695465251	0.806064403957
CD2	0.685966827908	0.642226517687	0.616346173275	0.586220330131	0.549542441291	0.602847216185	0.654095601105	0.69394500423	0.697820866702	0.677232552852	0.606877961646	0.564034902502	0.612897301815	0.618837728037	0.653441261827	0.705811192372	0.59998269	0.609129671845	0.619855025921	0.653371694865	0.751797231012	0.688769306603	0.521970553588	0.0	0.583885886151	0.540883514455	0.637997110488	0.617821698619	0.626583396534	0.653950760565	0.650189482819	0.599805887348	0.912901873176	0.890206547636	0.925242037738	0.917679384738	0.933798279471	0.871473546827	0.881024847062	0.903150436309	0.893718042404	0.903235620755	0.924247807981	0.869681316094	0.925690081502	0.905410810245	0.929732289669	0.812285843016	0.774253200084	0.802530892316	0.795073979687	0.768766252782	0.793822105012	0.768028290736	0.775443987022	0.754466003801	0.778198129009	0.787056679519	0.776431643329	0.810939579173	0.794077918195	0.793167884204	0.797966275485	0.81948809692	0.779161519973	0.79182936769	0.749785384786	0.773560990627	0.820458464029	0.778079547365	0.805298803812	0.816866653112	0.812382570965	0.757711901523	0.794428916877	0.802839815163	0.795770504175	0.814872502453	0.808133126994	0.784508248806	0.782948550723	0.787306730395	0.761356965314	0.726870007724	0.726313145735	0.809687240711	0.79728938825	0.828984022099	0.772555409217	0.781733275352	0.767317930592	0.77871876519
CE1	0.63524250865	0.648659136046	0.615578496084	0.605366638573	0.625809511617	0.606501326823	0.627489565414	0.632463475718	0.642664992949	0.645519389026	0.574179082345	0.572848289203	0.578935917034	0.601105988576	0.644331129273	0.633457862449	0.605221609259	0.610124412705	0.610079626849	0.64256636114	0.686948949348	0.643204046423	0.612376191394	0.583885886151	0.0	0.537467064144	0.617225898168	0.607191645119	0.635814665848	0.60961069893	0.633980932174	0.614280494864	0.898831482346	0.869785287913	0.904216626477	0.89209494302	0.909097236776	0.834259854955	0.860203207559	0.879834998574	0.864421670285	0.881002046434	0.909038582776	0.855239019573	0.902609712017	0.886563007847	0.912970365468	0.74547968826	0.742716247325	0.748781970187	0.779208222738	0.751262825199	0.737935401763	0.732795328922	0.735442442969	0.702687243335	0.731103297885	0.750618021342	0.718724861413	0.742360781081	0.739922181902	0.752586738945	0.71972402105	0.800593575705	0.734221418753	0.754847145903	0.713022216143	0.747805053215	0.762910656176	0.740563315007	0.762845782697	0.731545370626	0.762011007758	0.733320041345	0.735859395763	0.776875652404	0.79172080894	0.808774805427	0.744356438398	0.784610102352	0.77142829519	0.748905165272	0.742743499993	0.713420559972	0.719410976341	0.761571725487	0.748199206549	0.816980385904	0.760509181558	0.775508740952	0.762491692994	0.770963892179
CE2	0.641584658987	0.643172293458	0.612537674823	0.613852588665	0.568675709774	0.604094692379	0.65042826766	0.691126799956	0.681212187025	0.653268531704	0.5699413199	0.549623306428	0.637615434009	0.652548281362	0.63082490057	0.710958518531	0.566642155488	0.58595547989	0.586712900982	0.636896678486	0.729660341948	0.652991195748	0.494409450889	0.540883514455	0.537467064144	0.0	0.565531514571	0.561130685076	0.594236645632	0.605049892263	0.580429327953	0.564957922144	0.919203049794	0.882670749481	0.925339786237	0.913054685834	0.930906859803	0.872448145566	0.878681872253	0.897189341428	0.868319980936	0.904327338168	0.929900539149	0.875837234846	0.927788489256	0.911969267817	0.932145712574	0.773832738277	0.751073401442	0.790820216713	0.793175741592	0.765834419203	0.758956820573	0.752595956172	0.771147706991	0.742446585599	0.747538629295	0.783541019596	0.773064133451	0.778807298439	0.759525473676	0.77592612016	0.781660464119	0.791200945394	0.7800138036	0.788965401789	0.77456324188	0.742753245779	0.809849335751	0.771163336018	0.794833068533	0.744267799354	0.790020014591	0.781916619059	0.797340325319	0.787278568401	0.785786788609	0.825720198467	0.779701790038	0.784575915723	0.793393449221	0.77625494754	0.770441659488	0.766336823245	0.76972760806	0.788953890003	0.780023505533	0.824529802796	0.795430564654	0.794888080696	0.796810423683	0.80379183516
CF1	0.635247592804	0.637974353502	0.662395370815	0.641922950809	0.631409191672	0.587216353801	0.635259307983	0.664718518293	0.65017831985	0.651212948815	0.609950379531	0.611246830716	0.661433202975	0.657994775342	0.643370803854	0.692299146792	0.598752502022	0.611693192209	0.589736692588	0.610816717881	0.702801875177	0.547887843647	0.629832505237	0.637997110488	0.617225898168	0.565531514571	0.0	0.46144922651	0.590582890633	0.598210253456	0.594104822205	0.564770573179	0.878666187125	0.826726890999	0.898074073569	0.880245633113	0.895770371299	0.842619158061	0.85915553655	0.867891856107	0.817888319812	0.874090176925	0.897114163817	0.849737864813	0.885842483265	0.875292559118	0.892869092591	0.739387579503	0.726637999044	0.748566018686	0.718949111151	0.732688225102	0.716284797459	0.734005400199	0.724312420426	0.712976122498	0.729499664981	0.744784538914	0.733382972877	0.726018118392	0.705282134608	0.734170193493	0.708733601188	0.770090123423	0.780626612355	0.799004240208	0.709971795874	0.751212699409	0.741832490891	0.718518017922	0.744966629633	0.739755765029	0.77391602778	0.717433093004	0.798886816317	0.778695274565	0.756191895806	0.766291375679	0.719145869836	0.746576369288	0.74395510547	0.747328586121	0.754038978007	0.727663208532	0.708674047806	0.758707951936	0.750870755413	0.798339484405	0.743635826447	0.75616123433	0.765419238611	0.747937954229
CF2	0.625878735072	0.62497668947	0.576706632629	0.571476942299	0.611830990162	0.574937787316	0.605709547546	0.657206268189	0.597882337795	0.649171372816	0.580144483033	0.543481899952	0.610208140839	0.611430586936	0.607124012946	0.664041129036	0.535737446344	0.572300184189	0.582726774195	0.58413701568	0.662565498681	0.550959556397	0.57124022935	0.617821698619	0.607191645119	0.561130685076	0.46144922651	0.0	0.567455498706	0.589097937259	0.562485109195	0.517635531491	0.886281268879	0.848048751454	0.907142305481	0.880933835586	0.903631975436	0.847100042644	0.84502924589	0.865200316079	0.841456697139	0.876765054327	0.902950681867	0.85620021759	0.897359928585	0.878267321437	0.904044290993	0.734979374966	0.71182808671	0.741661927401	0.742962978349	0.719855210242	0.738029561105	0.722749578905	0.737216058289	0.731125519175	0.733990142148	0.751670215258	0.754189221522	0.738437758708	0.731132707404	0.746531662192	0.733857755506	0.756209159896	0.749245175994	0.788811013082	0.742433097225	0.738179293981	0.754821526147	0.768663865016	0.778900526347	0.725302568406	0.750515329154	0.722049516454	0.774004895779	0.770669938145	0.767562844051	0.759149282497	0.716297935984	0.756010161806	0.747161016939	0.730039346113	0.727249666951	0.696877320463	0.697463405495	0.751081241761	0.746981724483	0.774066950638	0.750927192996	0.769907944165	0.747635436194	0.719124995132
CG1	0.59312993197	0.613503357528	0.619027209722	0.587831198352	0.613675912052	0.611453337181	0.584238169769	0.602280973098	0.617715109609	0.585813410199	0.630868017546	0.59284543424	0.592482512016	0.591063591179	0.537827335707	0.622053545741	0.56934988899	0.574391028604	0.553113352824	0.548686813345	0.718082310907	0.638555867244	0.563213015593	0.626583396534	0.635814665848	0.594236645632	0.590582890633	0.567455498706	0.0	0.503713650823	0.569034753716	0.536482729623	0.841870424867	0.799880913137	0.855537012086	0.838576813599	0.854649334842	0.799008555189	0.816361378168	0.826450879432	0.793152974542	0.829161232414	0.858839164508	0.804613013019	0.860138450387	0.816424837307	0.863290212268	0.746752435647	0.694398821192	0.727278887442	0.718612685997	0.713001684371	0.712495772446	0.718735565885	0.73142979009	0.73032930567	0.723601744751	0.735444389685	0.728669295271	0.705761888288	0.716623114182	0.745089139525	0.72477429206	0.771699819613	0.769196429163	0.758466308054	0.728635774955	0.720030368008	0.785935478007	0.70962204776	0.776773948293	0.761949513849	0.774192761725	0.713010940548	0.757276232836	0.743888636349	0.722309731444	0.776049680682	0.740586028999	0.725882942035	0.737626167275	0.719861136144	0.716778447389	0.733508943929	0.722808191012	0.729848264571	0.714762143684	0.738033335893	0.742508858165	0.708298108436	0.736183138921	0.733867475471
