	CA7	CA8	CB7	CB8	CC7	CC8	CD7	CD8	CE7	CE8	CF7	CF8	CG7	CG8	CH7	CH8	CA1	CA2	CB1	CB2	CC1	CC2	CD1	CD2	CE1	CE2	CF1	CF2	CG1	CG2	CH1	CH2	CA5	CA6	CB5	CB6	CC5	CC6	CD6	CE5	CE6	CF5	CF6	CG5	CG6	CH5	CH6	CA11	CA12	CB11	CB12	CC11	CC12	CD11	CD12	CE11	CE12	CF11	CF12	CG11	CG12	CH11	CH12	CA3	CA4	CB3	CB4	CC4	CD3	CD4	CE4	CF3	CF4	CG3	CG4	CH3	CH4	CA9	CA10	CB9	CB10	CC9	CC10	CD9	CD10	CE9	CE10	CF9	CG9	CG10	CH9	CH10
CA7	0.0	0.492542956438	0.621284080894	0.62466630754	0.617695306145	0.604181238515	0.536196381869	0.514961023189	0.546609456206	0.538736396758	0.638857517679	0.586132327239	0.573028949701	0.538218114971	0.457735730356	0.479617914692	0.643753671514	0.640316180355	0.621965735672	0.616889063558	0.695771747811	0.642091513592	0.732477119683	0.724946752614	0.664092340503	0.675898866867	0.62888036818	0.649066779686	0.642231659158	0.610603049828	0.591375660323	0.647422906158	0.747724626601	0.758730639306	0.799159566955	0.738261696513	0.805836801836	0.788317061613	0.758852520941	0.816496688711	0.780833861499	0.79337241084	0.792592291912	0.769351516468	0.779664937846	0.764324289951	0.808469300094	0.700908830171	0.636620785991	0.669797373643	0.648181625291	0.664828908029	0.646595192777	0.676061895051	0.650278593037	0.667640347555	0.657633791439	0.676309328954	0.638954759693	0.666753710098	0.64666820015	0.667017463946	0.639965519842	0.736467698468	0.726118787669	0.732023077999	0.662784604265	0.753780779598	0.761765084401	0.641778206331	0.74393393064	0.7201941613	0.752233854622	0.69112068563	0.724260852264	0.78246155214	0.724371515157	0.749450226292	0.681806314727	0.67397301605	0.739527044131	0.651815756815	0.672795895332	0.700606589808	0.65576074264	0.633707317504	0.687940336363	0.690752359807	0.707473668271	0.648914855645	0.705673783622	0.714713940314
CA8	0.492542956438	0.0	0.649414448878	0.621615083196	0.593471613201	0.595664021429	0.601892506073	0.548813447767	0.598082453783	0.570451907073	0.620826346794	0.577326690011	0.613366457781	0.577507239128	0.45010949566	0.510209190336	0.632083214971	0.633752865021	0.642139724558	0.644892387921	0.682756996143	0.650416182479	0.683672521656	0.6997130753	0.627508453788	0.624312188447	0.630219226668	0.630523499255	0.608153009552	0.628563690958	0.61442589574	0.643406400274	0.798515301965	0.765239192509	0.823208782943	0.765123343525	0.817276134157	0.818646566961	0.780220441042	0.85613028284	0.795847176851	0.798473206497	0.831602792368	0.784203645838	0.801086557521	0.784609805259	0.828008189974	0.714436412323	0.634222100879	0.692845197513	0.645434482726	0.677370488194	0.653792120748	0.678255110219	0.626416140474	0.669086573925	0.69619064941	0.672972382303	0.65474367886	0.651045401839	0.650557601388	0.673300091945	0.660556526964	0.739936959402	0.730990607957	0.732503058027	0.658359116441	0.742487461405	0.741542642685	0.630000400971	0.726673842213	0.699750113081	0.723128026545	0.662877332688	0.739099770619	0.780761089029	0.71780762298	0.746131568917	0.702437310077	0.705517269975	0.734996194008	0.670037418511	0.678801624839	0.721418073309	0.671297176047	0.672180825626	0.659730328686	0.732179778675	0.731146057493	0.685704321235	0.724681493748	0.731054920903
CB7	0.621284080894	0.649414448878	0.0	0.601373396988	0.564489234903	0.618503123621	0.563155914848	0.587593421544	0.647934183267	0.569789282949	0.56515174452	0.573947293322	0.54412627233	0.516804951103	0.639769389395	0.600239290529	0.615048387095	0.597634544232	0.620291200401	0.692605117342	0.73685964153	0.682353939981	0.602514490701	0.629192107641	0.564254518946	0.587186296842	0.622226496966	0.619568692394	0.621701843561	0.608978383634	0.62828069116	0.632938831923	0.837093590121	0.830234664019	0.872277959017	0.822711291749	0.876237628733	0.873257480166	0.835512905575	0.890471722189	0.864491012387	0.872717648099	0.876846600439	0.851094985813	0.86112183259	0.859525798727	0.886221541441	0.764634252643	0.738530137802	0.738563407748	0.768093709829	0.729289603318	0.730119616725	0.738500119849	0.720559003454	0.735537701859	0.723202992227	0.750160208218	0.719361084334	0.75503547047	0.753110671509	0.744194299834	0.760086044903	0.745114751507	0.740222485019	0.77145942679	0.735725261996	0.784760081528	0.730542075702	0.757125039976	0.734943348007	0.750084593255	0.751244169619	0.701069480555	0.750409840619	0.808994316702	0.759924420635	0.780244376003	0.750129930555	0.730013923844	0.762268600861	0.740151593631	0.771673941807	0.771091975099	0.705093770447	0.762316249828	0.768020563638	0.80386261189	0.749090242512	0.758170766737	0.74231897823	0.738230344489
CB8	0.62466630754	0.621615083196	0.601373396988	0.0	0.590385819709	0.658332009523	0.599626243575	0.654767588057	0.675696838156	0.605172747572	0.564154573655	0.617396250801	0.5672163618	0.586854032312	0.615991757777	0.602164477675	0.608502205626	0.656525063946	0.688217768403	0.684036551298	0.696927044951	0.667222261923	0.662397299348	0.646499505133	0.623922992801	0.633404660913	0.654603376017	0.654669981458	0.61823793873	0.623763712402	0.684287806069	0.629825788993	0.848209818298	0.827163181104	0.873752502487	0.839531136031	0.8758597899	0.871157635084	0.842701625011	0.887309759597	0.86514074302	0.866412919243	0.877724960568	0.8486618326	0.851299530005	0.85132681474	0.880011640707	0.732730357825	0.708962951217	0.705491521598	0.739482266021	0.719604422492	0.709631739748	0.733749039415	0.716351392257	0.749026942359	0.733148465741	0.703769846562	0.728148184415	0.697627537617	0.719631244365	0.706481888799	0.719972957787	0.787086944502	0.760231853406	0.806293640145	0.743734353394	0.792569318217	0.794760726461	0.730878738521	0.766522045781	0.78351233409	0.772426727121	0.737244826282	0.787568183054	0.797151901187	0.791498479131	0.747851890465	0.723943247874	0.692606837993	0.75594442773	0.730275992522	0.748610218804	0.696391063623	0.690377071088	0.746457359669	0.746432852359	0.793902535154	0.729602768078	0.735426000551	0.710114558457	0.708115904403
CC7	0.617695306145	0.593471613201	0.564489234903	0.590385819709	0.0	0.562666795752	0.561316282422	0.601868446163	0.660045252705	0.541935633849	0.533372656752	0.487992861673	0.537718485468	0.537106594714	0.616538853515	0.599211247966	0.613525269279	0.606395200403	0.649726712207	0.677052559579	0.723025660166	0.688319412473	0.601649672026	0.602373784424	0.530488361902	0.571401800736	0.602213830381	0.619593233708	0.608988454941	0.59722246435	0.625955115008	0.633391440651	0.846672662316	0.803070252783	0.875247760273	0.810261350019	0.871559978021	0.86536460206	0.842623464238	0.889958626702	0.859540778377	0.857629630421	0.871649949502	0.849514908525	0.85226988043	0.841335897577	0.884638107834	0.762534490426	0.726859594603	0.749629788336	0.723832152026	0.726726863855	0.727303418646	0.719314031926	0.68765959288	0.721005657489	0.727317168868	0.702736144659	0.708157048291	0.727682794691	0.733191743145	0.761014260978	0.731847633404	0.769448113534	0.748628546044	0.783915475942	0.730762565983	0.768315062778	0.758531614227	0.72561621601	0.731479263542	0.739310424367	0.749979238725	0.707458374729	0.770113935128	0.808940318625	0.753562795664	0.763972636064	0.768460042516	0.726172962039	0.752289200619	0.725772193906	0.743712548189	0.745169347337	0.708219041666	0.744161147899	0.747855651906	0.802128033649	0.740890052574	0.758679434153	0.731794987494	0.716908491168
CC8	0.604181238515	0.595664021429	0.618503123621	0.658332009523	0.562666795752	0.0	0.570020496497	0.59283007879	0.656564702439	0.610511708216	0.550127050715	0.582220681075	0.568537333083	0.589513071387	0.596020812762	0.60778254483	0.633975714307	0.634429188254	0.669930926657	0.693792399325	0.711997818829	0.679704278978	0.645492705995	0.673923644795	0.590387087442	0.62357393758	0.612361139588	0.635914171632	0.662098581255	0.630050329185	0.61433586612	0.659715297723	0.864838315393	0.824246525812	0.896865058201	0.821447500882	0.901735077384	0.889388044552	0.856785816924	0.896721314835	0.870404335525	0.879996807528	0.891189412925	0.867841135953	0.865204155684	0.864365910676	0.891240432494	0.719879975667	0.711560014447	0.712241395297	0.725721341275	0.742284754468	0.711407017562	0.712253017098	0.681662829734	0.693779745787	0.71436226649	0.728062382252	0.713826275627	0.712465371634	0.716298315036	0.709416469372	0.723158372169	0.74571621987	0.734282024225	0.766232221915	0.716848609008	0.759530148381	0.717327528963	0.702970487799	0.691714104696	0.708972746011	0.706120618198	0.674906862476	0.744439314714	0.795637777307	0.747175477227	0.720018700937	0.730003123471	0.674659194581	0.710684582776	0.71760299486	0.745714358489	0.716284181651	0.697307618198	0.736133204874	0.737641235072	0.76954568195	0.711343562862	0.719498902518	0.699280575271	0.706152594715
CD7	0.536196381869	0.601892506073	0.563155914848	0.599626243575	0.561316282422	0.570020496497	0.0	0.489227976862	0.575103260522	0.515811272105	0.600933546875	0.598636300687	0.576895464809	0.541351161258	0.564043725628	0.575481017433	0.642004870948	0.619710705886	0.623782495512	0.689786397432	0.698951887365	0.669264655822	0.668748509394	0.65661322208	0.626629146765	0.630459099319	0.584994142517	0.639294075152	0.616675724988	0.613941341683	0.564244369295	0.628737068889	0.803722578028	0.776352616263	0.845276967586	0.768238017063	0.843244059196	0.848970883335	0.801557967342	0.869929229678	0.832332904959	0.838523846405	0.849280538466	0.814942863187	0.827461358891	0.825759187234	0.858329198874	0.707722232577	0.641219230452	0.667604976191	0.69488072367	0.714161950298	0.661760747288	0.609834376703	0.598689237253	0.661992601487	0.612604465375	0.69538712785	0.659222508658	0.676549821057	0.685689916843	0.687896456104	0.6532265717	0.708512831383	0.715380274186	0.747159793765	0.689196955225	0.749623729888	0.702502439744	0.688556734789	0.677299985553	0.699333538036	0.696613533751	0.657965428672	0.734745116049	0.772526245799	0.712004988264	0.730158580288	0.713780375978	0.649768401666	0.724504986341	0.691625448378	0.699545094162	0.663176555229	0.63452954154	0.682996341156	0.714532040737	0.745316989837	0.682549122045	0.655184684688	0.665552863014	0.661586623379
CD8	0.514961023189	0.548813447767	0.587593421544	0.654767588057	0.601868446163	0.59283007879	0.489227976862	0.0	0.526367977789	0.531923859176	0.587356793703	0.586527678194	0.603064605651	0.522560306107	0.543623931107	0.572021819318	0.663862563625	0.616521360883	0.611376022254	0.673421781139	0.703876155245	0.689048297036	0.684068042999	0.705853607104	0.645661094923	0.633881934949	0.632470738793	0.64157396837	0.65723767051	0.62064042012	0.575069366588	0.656550746451	0.777835947557	0.751721060036	0.813146136027	0.731168810836	0.823376717847	0.818843959294	0.791486041178	0.833464665619	0.802012151028	0.807169353626	0.835354967874	0.767287493385	0.813656662153	0.802141362	0.821475524395	0.694471896197	0.632081060195	0.69229610228	0.655839656546	0.678153684188	0.669558377618	0.64717815223	0.630856278297	0.653152284723	0.644025968611	0.696658971206	0.663987220242	0.638774683443	0.651330026265	0.681624605084	0.658629187682	0.687565037299	0.686694646311	0.685310778282	0.681102836306	0.722167494944	0.685229353186	0.65045942673	0.683423840113	0.667468782125	0.704866487877	0.631293858766	0.714370160503	0.768776468541	0.686465769604	0.765111956456	0.69751258032	0.671005038135	0.742553298408	0.643001613758	0.683131469406	0.701297811755	0.64295750562	0.687026606035	0.663978198954	0.727659396374	0.728469927472	0.696533295083	0.69187153788	0.679637989439
CE7	0.546609456206	0.598082453783	0.647934183267	0.675696838156	0.660045252705	0.656564702439	0.575103260522	0.526367977789	0.0	0.549844607247	0.653017138998	0.657675306321	0.643199858445	0.624398615123	0.555081782363	0.627276798454	0.690616639853	0.693670008226	0.697831647807	0.693810095137	0.684941082474	0.666644675779	0.754100037941	0.786247903094	0.689371734166	0.708332053314	0.67402139718	0.700338365706	0.648863525909	0.645633068895	0.650512699653	0.67736726795	0.746632879842	0.720218780637	0.793883604775	0.708955391679	0.80395508844	0.79329386074	0.754079080083	0.808767131833	0.781119287156	0.787560533261	0.79650165878	0.759700044332	0.779852164117	0.769710608852	0.811492339322	0.647068606396	0.650194815196	0.656994108635	0.62808867231	0.655906537486	0.646375845987	0.643240316402	0.640404703267	0.640488826746	0.639884492209	0.663075319221	0.622709690463	0.654107775394	0.657640949109	0.682375543951	0.651786871609	0.701324513917	0.70449581587	0.658891727628	0.648799782684	0.706166329921	0.695737175319	0.660081925126	0.693031936806	0.68206633559	0.714024225693	0.655997757697	0.651610812525	0.74510876358	0.68910969269	0.731102469769	0.653570316505	0.647373538729	0.711212360967	0.643772656163	0.674793723668	0.647799296528	0.568298170434	0.63367946086	0.663309701893	0.692031799826	0.673357642564	0.643977074874	0.692737151222	0.669192188201
CE8	0.538736396758	0.570451907073	0.569789282949	0.605172747572	0.541935633849	0.610511708216	0.515811272105	0.531923859176	0.549844607247	0.0	0.581293071079	0.575932775999	0.562004903168	0.553208175539	0.555879435463	0.533308899763	0.610582136958	0.638641801922	0.644840367967	0.652628087022	0.687478690319	0.669087037995	0.678353612954	0.692216061271	0.608761662495	0.624645303386	0.638067405332	0.649095859234	0.575124860907	0.558637759999	0.637628081957	0.631555105397	0.803059999894	0.764176933049	0.83922424869	0.744690953186	0.831367358467	0.840413393442	0.802553031735	0.857095703199	0.822670904563	0.823638244913	0.85049974789	0.80496803535	0.831603040023	0.80674312398	0.844578764304	0.710990744707	0.668126843082	0.695682164048	0.664560149246	0.670380455578	0.676741856646	0.678354299793	0.652155331167	0.68959097504	0.674735386513	0.662537157918	0.685719840464	0.685136645124	0.676823701348	0.706143781936	0.688537016292	0.761990752312	0.774665480286	0.730119436931	0.702150556047	0.741226125378	0.755691017939	0.696255606939	0.723725808374	0.735273555529	0.738997287503	0.70419346696	0.723670173848	0.801194779371	0.747615906061	0.741860899201	0.708360985538	0.730656117996	0.739805821164	0.684423255622	0.695249435192	0.698894231586	0.657619704019	0.693988830331	0.715300448119	0.732243009112	0.700096999756	0.686593048379	0.710039624592	0.705743885506
CF7	0.638857517679	0.620826346794	0.56515174452	0.564154573655	0.533372656752	0.550127050715	0.600933546875	0.587356793703	0.653017138998	0.581293071079	0.0	0.550208013766	0.588870255199	0.562276753902	0.607168838519	0.630948945679	0.604630692162	0.599137016758	0.680638961954	0.700140226371	0.718724879441	0.681529280762	0.631909101618	0.639863845583	0.54634806952	0.600747777094	0.615136448652	0.613212178264	0.631324632343	0.601715020281	0.631718772997	0.622567599969	0.859281470136	0.82729465968	0.891408343524	0.820446056648	0.884412699786	0.884033938713	0.854745092152	0.896599912408	0.865494672086	0.875795916637	0.890715722379	0.860717340487	0.875636790332	0.862198931084	0.881562028881	0.683908829756	0.729954236775	0.686309246111	0.718581422756	0.705120469421	0.698968290308	0.678464552093	0.66828873321	0.66862003604	0.694481786951	0.70193679805	0.691160477472	0.667719096716	0.717200241451	0.702421349697	0.707619695185	0.762592465963	0.730043194756	0.762014605121	0.723035201946	0.764902936209	0.748578054455	0.70801924016	0.713726688517	0.729306340192	0.702994097077	0.679083491896	0.754160140238	0.810185318726	0.750341997003	0.735262937579	0.697481122875	0.65729390253	0.738369283742	0.731656856483	0.74971310844	0.699955026183	0.695347963748	0.747399702006	0.726773120632	0.788460988716	0.738106455806	0.748161637961	0.680594745368	0.673996258891
CF8	0.586132327239	0.577326690011	0.573947293322	0.617396250801	0.487992861673	0.582220681075	0.598636300687	0.586527678194	0.657675306321	0.575932775999	0.550208013766	0.0	0.528556776022	0.525510436508	0.615843870043	0.599494137552	0.593704811884	0.588900634298	0.631122529791	0.647591130717	0.7341089851	0.692313644359	0.597897341376	0.607099969304	0.553996700253	0.532805706063	0.620014131958	0.613688176505	0.637870999523	0.608357326181	0.636600116605	0.61989555734	0.852752991652	0.839163839066	0.887536872863	0.842448981166	0.883003947245	0.881824419742	0.847371013422	0.898720377617	0.854567772939	0.871863332917	0.886368837541	0.859003273553	0.857127984746	0.854416278808	0.884301138442	0.768054009434	0.694023734874	0.742190930017	0.754752485698	0.718635505034	0.715529119572	0.738521956834	0.711377388354	0.729385788656	0.749165232994	0.710492494101	0.71555486903	0.741816143638	0.725831746898	0.751689137479	0.72915985803	0.763512936505	0.731761045715	0.778783462854	0.747458748018	0.774822299499	0.771761053024	0.728899623659	0.757170398819	0.725038589913	0.768226513263	0.722514571418	0.768634336978	0.806917688934	0.750907663921	0.780063071782	0.761955155578	0.718248825561	0.76619493379	0.732684283329	0.756889395935	0.768434726043	0.718591863298	0.74336105719	0.741149892033	0.795326273718	0.763562421325	0.766258992911	0.7130419964	0.737476019264
CG7	0.573028949701	0.613366457781	0.54412627233	0.5672163618	0.537718485468	0.568537333083	0.576895464809	0.603064605651	0.643199858445	0.562004903168	0.588870255199	0.528556776022	0.0	0.538733723051	0.59050686337	0.571902407148	0.605097338104	0.618187782849	0.632161644923	0.659811936313	0.706979373304	0.663350162885	0.581544419231	0.630837021494	0.583495633093	0.57192741384	0.600471100516	0.620250679498	0.621070745968	0.608655756853	0.645875256456	0.603622755661	0.84325372137	0.835524803541	0.87024062145	0.82782251	0.868515650139	0.862619751095	0.825985745188	0.887398561576	0.849893389801	0.866990979742	0.864437036442	0.845690439534	0.853972591645	0.836872491903	0.872913723323	0.737927089192	0.701801951152	0.707265733282	0.72955137951	0.690634091176	0.693165926975	0.734924858179	0.709360083277	0.730382949739	0.710129105685	0.711321982863	0.692981683749	0.725961059637	0.698996294788	0.718522642858	0.704947577029	0.762837249911	0.745596987665	0.791808108589	0.726818824638	0.787958661042	0.761905725828	0.717013214583	0.738392483053	0.735958803312	0.757083936586	0.694319878539	0.76545235237	0.802882754955	0.751113707666	0.757944327795	0.724578905971	0.700266150912	0.730098384739	0.717583837735	0.753742382593	0.755287690947	0.685810862161	0.728453383362	0.741762353429	0.769285538002	0.722508573635	0.735930868207	0.71584522942	0.734673947343
CG8	0.538218114971	0.577507239128	0.516804951103	0.586854032312	0.537106594714	0.589513071387	0.541351161258	0.522560306107	0.624398615123	0.553208175539	0.562276753902	0.525510436508	0.538733723051	0.0	0.571459226459	0.572238017237	0.630492805289	0.597044788635	0.591657887465	0.651006622633	0.708099031331	0.691600407795	0.640110235408	0.624069907629	0.614748555034	0.589039250283	0.616589305186	0.604124104041	0.631810883349	0.619541966583	0.611790191698	0.631076096544	0.807546300974	0.802906431373	0.840123328758	0.80010971683	0.834520682291	0.842139999352	0.8033073034	0.862642054758	0.830825695089	0.830405201195	0.846271566511	0.809217959684	0.825620259999	0.826442930399	0.856920132119	0.762858050139	0.701134174877	0.726699844204	0.719397677391	0.724569862302	0.73415307798	0.730089259235	0.710220958196	0.737409599795	0.706031953982	0.714503901088	0.719681769317	0.722992119362	0.71778414987	0.742896278486	0.721105071586	0.737732577102	0.750323926775	0.767350871518	0.711481438595	0.79770485936	0.746829236014	0.713894616408	0.733404093629	0.747831880103	0.751749396368	0.679515812879	0.752213947587	0.814212437824	0.733343812674	0.785731343233	0.757021373481	0.716017210768	0.761908920338	0.693766274783	0.729648220749	0.745985227889	0.723737694994	0.71011141952	0.73064281277	0.774757965224	0.753803167252	0.73467605513	0.729621529246	0.730289877147
CH7	0.457735730356	0.45010949566	0.639769389395	0.615991757777	0.616538853515	0.596020812762	0.564043725628	0.543623931107	0.555081782363	0.555879435463	0.607168838519	0.615843870043	0.59050686337	0.571459226459	0.0	0.457935483073	0.633187734728	0.62409679166	0.652551689896	0.651242527179	0.682749317362	0.631565882019	0.695581763198	0.704187217114	0.629444013417	0.645962460844	0.628054245276	0.632026188455	0.627844018761	0.627408429312	0.625339409538	0.61381366773	0.775343129584	0.781320379661	0.819854582236	0.75693465485	0.825804226245	0.807583998112	0.783399365023	0.836223921601	0.79971277596	0.80780341919	0.813761490984	0.786025560308	0.805844034857	0.776853768298	0.82990535115	0.67670905997	0.635201291888	0.649623445466	0.638869839528	0.644993127292	0.632331018022	0.666156471376	0.642299417318	0.653061298643	0.666660295612	0.667135088241	0.619371993064	0.639517939905	0.598049757105	0.641186410439	0.63534776401	0.732906543158	0.728618618039	0.726345107423	0.657782005489	0.733862530116	0.742198619818	0.643752968488	0.73180147738	0.70706903527	0.741538969765	0.66189818374	0.737329962474	0.785595620087	0.708297083865	0.735977392015	0.678765071718	0.67245453035	0.712467948157	0.630048638531	0.64686737054	0.704893003982	0.658398375285	0.656795699114	0.669404164487	0.704978335524	0.698664116114	0.6658628307	0.704268402059	0.702060246416
CH8	0.479617914692	0.510209190336	0.600239290529	0.602164477675	0.599211247966	0.60778254483	0.575481017433	0.572021819318	0.627276798454	0.533308899763	0.630948945679	0.599494137552	0.571902407148	0.572238017237	0.457935483073	0.0	0.602934861593	0.619323093649	0.648587960842	0.616201633813	0.68786348277	0.63107645185	0.680542086164	0.678772498273	0.618440635293	0.621651487145	0.597742324976	0.622972928546	0.595479069011	0.609332279076	0.608135063144	0.606927354514	0.794993437704	0.775923138875	0.833224087321	0.77704422903	0.835006100838	0.829972993258	0.769510246581	0.851257187124	0.809590942419	0.808755408685	0.837242531216	0.791252797638	0.796250496182	0.793204811315	0.827765722342	0.73113737336	0.617070120336	0.675101398821	0.672671304594	0.669585483512	0.655260302686	0.703313099807	0.665703305444	0.702227904976	0.708834816778	0.668954763958	0.674299331274	0.682455327355	0.688294420331	0.688355406936	0.691630617398	0.758903999076	0.735232861606	0.724695159531	0.680017573564	0.765454607203	0.755817783685	0.662747805605	0.728524401928	0.70488126862	0.758240990258	0.697995405929	0.71865648476	0.789520465788	0.72953523099	0.738047338489	0.722129530526	0.703667296215	0.734137231322	0.671128637934	0.690690431624	0.695965851139	0.680738689351	0.683906027702	0.658234786348	0.728369952242	0.705625940855	0.664363595017	0.719728551877	0.720897864165
CA1	0.643753671514	0.632083214971	0.615048387095	0.608502205626	0.613525269279	0.633975714307	0.642004870948	0.663862563625	0.690616639853	0.610582136958	0.604630692162	0.593704811884	0.605097338104	0.630492805289	0.633187734728	0.602934861593	0.0	0.427793542218	0.622663965505	0.59509857367	0.667764315008	0.603623109544	0.598948691206	0.613072521244	0.567467600133	0.5764847458	0.592017218032	0.582275658946	0.54482100157	0.558728315769	0.594856820012	0.497759795726	0.880641469347	0.857273555679	0.900440767319	0.849936253844	0.90201285408	0.899820187164	0.859002027526	0.914645877965	0.884421654826	0.885930345964	0.905419476557	0.883703793389	0.874370204571	0.867849797343	0.898917423295	0.763325720454	0.732714623274	0.73450493659	0.791563217071	0.725570104651	0.719931821858	0.751731313115	0.713635769074	0.728235272293	0.753534349676	0.726042879075	0.727952238476	0.747940809593	0.738422412678	0.737328507934	0.760238062244	0.769586626559	0.737084821329	0.77866142617	0.737723639326	0.75627540425	0.776179427657	0.730989468533	0.740639512185	0.728235343916	0.755764267967	0.717692083114	0.753588834527	0.76847953798	0.760364304154	0.74623508466	0.775101641618	0.728226256253	0.747588376333	0.726715481131	0.751654014857	0.760469811872	0.725539036954	0.74969528765	0.750690702425	0.794204413262	0.746831367698	0.734195163978	0.738687876695	0.744908609492
CA2	0.640316180355	0.633752865021	0.597634544232	0.656525063946	0.606395200403	0.634429188254	0.619710705886	0.616521360883	0.693670008226	0.638641801922	0.599137016758	0.588900634298	0.618187782849	0.597044788635	0.62409679166	0.619323093649	0.427793542218	0.0	0.579439569663	0.577231039299	0.683024182502	0.613172940237	0.582133981258	0.622148359594	0.569341445028	0.575211983462	0.572068713125	0.529293167054	0.57728938353	0.583445635379	0.551934441645	0.522973009478	0.879645092538	0.86455865144	0.910850704645	0.864936186633	0.909614301632	0.909677953162	0.868586093095	0.92143558118	0.890152141377	0.892509064281	0.912600909872	0.88497420577	0.883288693182	0.872551026114	0.904580899436	0.758927873965	0.719768935849	0.755463552481	0.777421628694	0.711511046578	0.71422458194	0.736819763857	0.703842662671	0.732052265978	0.7628128452	0.717082602091	0.712993096859	0.748222739336	0.732754773248	0.721369373233	0.743231613198	0.754402942662	0.703107330739	0.776256397095	0.730591654971	0.755167054016	0.743652955774	0.716318288206	0.740374417666	0.696401185736	0.748206987464	0.676822965678	0.779817166545	0.78565875006	0.737535246355	0.774726690284	0.765651272578	0.719200815647	0.744238509831	0.735231385274	0.739068547464	0.764394835929	0.733461808437	0.754921194235	0.748402121136	0.798897192362	0.76473108422	0.764455479511	0.733858704473	0.741405226725
CB1	0.621965735672	0.642139724558	0.620291200401	0.688217768403	0.649726712207	0.669930926657	0.623782495512	0.611376022254	0.697831647807	0.644840367967	0.680638961954	0.631122529791	0.632161644923	0.591657887465	0.652551689896	0.648587960842	0.622663965505	0.579439569663	0.0	0.580600552729	0.7306891976	0.650235090687	0.616168300311	0.65934538368	0.606584832064	0.61144307501	0.610902507386	0.60024982335	0.568287780278	0.556141653469	0.542696808167	0.604140022498	0.836146333796	0.799353192399	0.86736362946	0.80495130821	0.863153593152	0.867877836901	0.818767663891	0.879900618332	0.843364832522	0.837441602446	0.863978481415	0.83151412225	0.822635328722	0.851100941989	0.870817023058	0.796314942341	0.758992956359	0.782430265427	0.786304934629	0.800442478486	0.774650530816	0.782686530059	0.763674286138	0.789546277223	0.773898721918	0.804962344229	0.790890420296	0.770606696799	0.784213131977	0.766420956986	0.786323862564	0.751847037317	0.732943663423	0.773028640565	0.737293152939	0.787989017533	0.740869238964	0.743171169661	0.754282884414	0.749140840894	0.75826897246	0.71178463507	0.778044116697	0.791000984405	0.729778165517	0.822609729126	0.803668768154	0.756813740695	0.797100273171	0.766563862228	0.78144509451	0.794141045323	0.764144019934	0.773087333853	0.779617135381	0.802481250896	0.799742747316	0.782288723466	0.776751450695	0.772867147172
CB2	0.616889063558	0.644892387921	0.692605117342	0.684036551298	0.677052559579	0.693792399325	0.689786397432	0.673421781139	0.693810095137	0.652628087022	0.700140226371	0.647591130717	0.659811936313	0.651006622633	0.651242527179	0.616201633813	0.59509857367	0.577231039299	0.580600552729	0.0	0.729244986383	0.6508220822	0.659427724734	0.665859586108	0.627165511034	0.619189303933	0.636480006754	0.606862841424	0.585035520072	0.565857585541	0.588793050141	0.584695815451	0.838627906647	0.803108537204	0.866935051345	0.810753393581	0.867219819925	0.867867012965	0.827727704514	0.874206904469	0.846820311013	0.845801926871	0.857826132527	0.841051743982	0.808439149551	0.834774095838	0.874590253419	0.752253310146	0.696759804928	0.756568647318	0.759539523967	0.744935337315	0.735814780551	0.75671182659	0.726632302294	0.74387904675	0.759673494794	0.716787595799	0.737659563424	0.745980448651	0.740272980092	0.736458660381	0.751089137766	0.769174689914	0.707389249996	0.759725765853	0.728325706254	0.709467925141	0.777263796385	0.716404387124	0.78799082873	0.733007380106	0.776389089499	0.728676970895	0.753015205347	0.768665081438	0.734212986489	0.780612667217	0.77164176944	0.763830320452	0.770542617251	0.762109943322	0.758165386461	0.766642023766	0.747113526293	0.747628107632	0.736620665578	0.781049932234	0.782142292493	0.760671761692	0.783386773792	0.790212924073
CC1	0.695771747811	0.682756996143	0.73685964153	0.696927044951	0.723025660166	0.711997818829	0.698951887365	0.703876155245	0.684941082474	0.687478690319	0.718724879441	0.7341089851	0.706979373304	0.708099031331	0.682749317362	0.68786348277	0.667764315008	0.683024182502	0.7306891976	0.729244986383	0.0	0.465025732014	0.746114847244	0.757354706136	0.704908419124	0.739760211901	0.692927180699	0.654360938295	0.709670403918	0.6851129451	0.726005135167	0.664624780002	0.853821930443	0.829142815113	0.878601345385	0.830709823204	0.879786609208	0.874576156198	0.818587063226	0.895790141719	0.854850480662	0.864311012403	0.879568597362	0.8555801831	0.856937377754	0.842758435237	0.88105938191	0.698512250871	0.688072272535	0.680356201615	0.734194624682	0.715931781929	0.691995579975	0.721369612492	0.707790694505	0.710840014578	0.72093859616	0.6973278592	0.679102608594	0.73224648762	0.715905504229	0.723982592978	0.703848795712	0.768832775153	0.737375577525	0.760197681699	0.685239406971	0.755400999392	0.760803258424	0.672803839646	0.736319777305	0.689079424059	0.709143630185	0.69904829838	0.73637573753	0.769617395093	0.765792885507	0.731175320982	0.70329757151	0.731392491922	0.715266657194	0.712989584816	0.735667980381	0.747117367959	0.725429389617	0.701228777279	0.698336317178	0.769903377624	0.719679741312	0.723802234132	0.744405615435	0.746839852245
CC2	0.642091513592	0.650416182479	0.682353939981	0.667222261923	0.688319412473	0.679704278978	0.669264655822	0.689048297036	0.666644675779	0.669087037995	0.681529280762	0.692313644359	0.663350162885	0.691600407795	0.631565882019	0.63107645185	0.603623109544	0.613172940237	0.650235090687	0.6508220822	0.465025732014	0.0	0.67847323782	0.703411149581	0.661043072757	0.673536422162	0.610806464006	0.54253839837	0.642739970732	0.6234035142	0.626824666947	0.583547419394	0.848177830669	0.827610919286	0.875698455246	0.82868204861	0.877010768902	0.868680114854	0.823668167896	0.889356502527	0.851819926975	0.858208093313	0.867383372084	0.851510952618	0.847147895024	0.83518607227	0.871681164005	0.701856247415	0.695138195103	0.668816874487	0.739224822221	0.729508810625	0.663724175115	0.726614714351	0.685208150616	0.708602104554	0.710437105505	0.706593931136	0.673856051538	0.711423555434	0.71948033582	0.716423941956	0.688409957968	0.76327466173	0.717084176326	0.74862981275	0.663512911582	0.748605083782	0.744038695873	0.658007931789	0.709620754545	0.696247948884	0.718888126433	0.693651990547	0.73651787355	0.766596902767	0.736031498009	0.732118824382	0.709262450965	0.722435883206	0.718794850801	0.736840806554	0.737329402061	0.746109435653	0.676993407227	0.696553682906	0.68337576286	0.778908184613	0.718094222991	0.722446079173	0.74468081703	0.749109819094
CD1	0.732477119683	0.683672521656	0.602514490701	0.662397299348	0.601649672026	0.645492705995	0.668748509394	0.684068042999	0.754100037941	0.678353612954	0.631909101618	0.597897341376	0.581544419231	0.640110235408	0.695581763198	0.680542086164	0.598948691206	0.582133981258	0.616168300311	0.659427724734	0.746114847244	0.67847323782	0.0	0.521049514565	0.514770624045	0.510114962032	0.6028483594	0.604797417747	0.582603750525	0.607673585967	0.640125219083	0.585745268032	0.91019938847	0.892808416509	0.940271653775	0.890768528477	0.938041130236	0.938903894935	0.902246233464	0.953153192361	0.919519670422	0.923488775585	0.937693728453	0.918619312485	0.901614955121	0.915897850628	0.943474906065	0.819128509739	0.794002135358	0.836189186494	0.853888381161	0.796527203688	0.795134608762	0.812389454686	0.782153897447	0.801913302515	0.824202964403	0.793337195361	0.802782066028	0.826217464538	0.821130569477	0.807975502052	0.827053284809	0.785587116478	0.740463288178	0.803213763064	0.803644127332	0.766846021714	0.7803251982	0.783845386101	0.795255981394	0.7702390733	0.798292893924	0.746361527499	0.809441296131	0.767680045682	0.77334028102	0.81324578135	0.825308345508	0.800831905271	0.800010249138	0.790562090568	0.823052974454	0.835736530662	0.794919402175	0.846368212933	0.829437847475	0.878030438698	0.791989203288	0.845282853979	0.802375258782	0.818896980656
CD2	0.724946752614	0.6997130753	0.629192107641	0.646499505133	0.602373784424	0.673923644795	0.65661322208	0.705853607104	0.786247903094	0.692216061271	0.639863845583	0.607099969304	0.630837021494	0.624069907629	0.704187217114	0.678772498273	0.613072521244	0.622148359594	0.65934538368	0.665859586108	0.757354706136	0.703411149581	0.521049514565	0.0	0.513720615681	0.475175022812	0.608954885793	0.620701805852	0.633283610816	0.630351532807	0.664239744097	0.598758593122	0.916979126407	0.89785916686	0.945123371673	0.896931088537	0.945454455865	0.944429591087	0.910520323555	0.954803306813	0.924659849439	0.929958532662	0.94546593617	0.924449768174	0.909414571394	0.925212100439	0.944475916912	0.841478391351	0.814128634859	0.843264248373	0.856477636115	0.820529730761	0.807887928412	0.80455016248	0.782120754968	0.828062856606	0.838576876201	0.819712011144	0.816425731699	0.836014935172	0.830105981806	0.816709765079	0.837117286446	0.797425781535	0.787171642743	0.833219536331	0.823536766998	0.820850303367	0.819223402763	0.817324856652	0.807490086249	0.810932589813	0.815119746438	0.793599132496	0.839861385565	0.825690972643	0.808657980918	0.833051562449	0.843397013222	0.80509966125	0.830380182256	0.829225218519	0.831709989793	0.829471162842	0.793003470201	0.848895065446	0.836819318923	0.888388370973	0.825042591101	0.830605908954	0.815696932542	0.817227419202
CE1	0.664092340503	0.627508453788	0.564254518946	0.623922992801	0.530488361902	0.590387087442	0.626629146765	0.645661094923	0.689371734166	0.608761662495	0.54634806952	0.553996700253	0.583495633093	0.614748555034	0.629444013417	0.618440635293	0.567467600133	0.569341445028	0.606584832064	0.627165511034	0.704908419124	0.661043072757	0.514770624045	0.513720615681	0.0	0.495046172796	0.597309013877	0.581204842985	0.540244922533	0.532778604112	0.595475408694	0.578429198982	0.892403607182	0.845237666959	0.924003347571	0.843990484348	0.925636450078	0.919695721847	0.881003741	0.929779623384	0.899386849722	0.90908884786	0.921508188931	0.898613845857	0.883874939818	0.886078804813	0.922130505274	0.751662296882	0.755911860837	0.752715520248	0.781000369345	0.760428159637	0.734000348968	0.730642092924	0.701527602241	0.732373845315	0.739661476368	0.733130727152	0.736753527977	0.765069185551	0.774415748249	0.761112294866	0.765360668267	0.777647853089	0.745465955889	0.774208978211	0.745790054361	0.747624141422	0.766243379711	0.745743342613	0.765686800337	0.739783098949	0.767013215305	0.755528175884	0.770499779337	0.785251386845	0.774077769251	0.790735609771	0.773099676489	0.777412087339	0.768444107635	0.75733898328	0.775118809134	0.781842614263	0.745240176632	0.769160575728	0.756285082637	0.836207047261	0.783336030569	0.77922417326	0.779483160285	0.775601921034
CE2	0.675898866867	0.624312188447	0.587186296842	0.633404660913	0.571401800736	0.62357393758	0.630459099319	0.633881934949	0.708332053314	0.624645303386	0.600747777094	0.532805706063	0.57192741384	0.589039250283	0.645962460844	0.621651487145	0.5764847458	0.575211983462	0.61144307501	0.619189303933	0.739760211901	0.673536422162	0.510114962032	0.475175022812	0.495046172796	0.0	0.584617626494	0.605239056989	0.596789157269	0.598110790251	0.629125191718	0.560979431428	0.895883906415	0.874891150847	0.926235171501	0.881753541536	0.926895948282	0.928687801654	0.886348050597	0.934994632199	0.901352001163	0.908360642491	0.925778658398	0.899984875176	0.889266925782	0.90411375516	0.921307960588	0.777771048394	0.744190721853	0.787626696139	0.811582098938	0.763857470212	0.739638445735	0.765441604133	0.743163634548	0.767455253079	0.783335944201	0.761790901276	0.760417342418	0.77728144916	0.766781590913	0.756564845116	0.773573338276	0.783090188882	0.757899318456	0.797109883321	0.777466001415	0.781476137515	0.783918604955	0.768614393056	0.77281073532	0.751192171912	0.786757729923	0.728748435616	0.800198069635	0.813883125563	0.776705856259	0.808488777564	0.782235869133	0.770929016547	0.784718894031	0.779314835558	0.792166509378	0.803921093379	0.760186644317	0.807659994387	0.779471509845	0.850736444767	0.80019240537	0.805449839581	0.785897612592	0.793539247455
CF1	0.62888036818	0.630219226668	0.622226496966	0.654603376017	0.602213830381	0.612361139588	0.584994142517	0.632470738793	0.67402139718	0.638067405332	0.615136448652	0.620014131958	0.600471100516	0.616589305186	0.628054245276	0.597742324976	0.592017218032	0.572068713125	0.610902507386	0.636480006754	0.692927180699	0.610806464006	0.6028483594	0.608954885793	0.597309013877	0.584617626494	0.0	0.409244577621	0.574710716205	0.61039745315	0.559773123079	0.540354620065	0.85812505161	0.840360092928	0.887544482762	0.841082820898	0.884761534302	0.885348182222	0.837745948382	0.894758333708	0.863297470228	0.869014879559	0.88489745179	0.857099873707	0.858065200108	0.854741529162	0.876068753261	0.722280391028	0.712679371022	0.730620739486	0.7502501186	0.712801386686	0.70238120047	0.726309076678	0.681778175304	0.733883916082	0.748688803766	0.712162064712	0.711540464955	0.711480094665	0.731093296182	0.688053702483	0.734372975147	0.715661481105	0.722213970241	0.793462131621	0.733676922095	0.781448811078	0.739517658774	0.722729280112	0.724820049383	0.713118505482	0.743613067371	0.684431272943	0.779515076069	0.802586460046	0.709231185299	0.73155180415	0.725440232932	0.689167249321	0.735872615988	0.731894468696	0.742612210607	0.734491381909	0.71053684159	0.748079377662	0.717652042702	0.785234617678	0.72067977105	0.730567860763	0.692671725538	0.697701343739
CF2	0.649066779686	0.630523499255	0.619568692394	0.654669981458	0.619593233708	0.635914171632	0.639294075152	0.64157396837	0.700338365706	0.649095859234	0.613212178264	0.613688176505	0.620250679498	0.604124104041	0.632026188455	0.622972928546	0.582275658946	0.529293167054	0.60024982335	0.606862841424	0.654360938295	0.54253839837	0.604797417747	0.620701805852	0.581204842985	0.605239056989	0.409244577621	0.0	0.603599889649	0.594297027498	0.56064436845	0.569689625699	0.859018188443	0.836391592447	0.883973184962	0.839782684035	0.886185932183	0.885782527997	0.842378020216	0.895929215581	0.864840310278	0.869644181388	0.883280728249	0.858916146127	0.852770367775	0.854254777716	0.884863279444	0.746443109079	0.704076911315	0.722365290236	0.750870979479	0.718038461549	0.70168226656	0.74229364579	0.698704897397	0.742927449802	0.75298843299	0.700221319371	0.689875807693	0.745941447914	0.733561555343	0.731507505713	0.736373241862	0.755027363963	0.735307072885	0.780492769086	0.695701087325	0.782267954714	0.747388344538	0.698120476631	0.725714934181	0.725905877562	0.713234649236	0.688199245912	0.778879946824	0.805922275205	0.695904007059	0.751468208207	0.740401745241	0.741538482755	0.737003714715	0.754442040469	0.747892462683	0.767979242683	0.743415552924	0.729149182397	0.720092061191	0.804717216938	0.743889685051	0.752768093733	0.739007212878	0.732623479801
CG1	0.642231659158	0.608153009552	0.621701843561	0.61823793873	0.608988454941	0.662098581255	0.616675724988	0.65723767051	0.648863525909	0.575124860907	0.631324632343	0.637870999523	0.621070745968	0.631810883349	0.627844018761	0.595479069011	0.54482100157	0.57728938353	0.568287780278	0.585035520072	0.709670403918	0.642739970732	0.582603750525	0.633283610816	0.540244922533	0.596789157269	0.574710716205	0.603599889649	0.0	0.465911589079	0.612698164754	0.549192606629	0.865903925976	0.785770142022	0.882620895428	0.796479028942	0.878882557928	0.885086669006	0.83809782934	0.89860457845	0.857145029115	0.86764329477	0.883416569386	0.857527247933	0.847959466501	0.85685174144	0.880713027385	0.757005286986	0.747529623378	0.764326373433	0.75751567488	0.757164492955	0.746370319624	0.757879879004	0.721008350707	0.751478149724	0.740042461107	0.726689214473	0.746752672194	0.74563426703	0.771124884093	0.753633760845	0.775994858011	0.772838322344	0.75905287025	0.760770514869	0.750980482848	0.756692082075	0.731826141493	0.732283298338	0.759388112328	0.734739266113	0.764614656561	0.732967907998	0.75661154981	0.789293162027	0.764584977305	0.762977902105	0.78175159087	0.763563782131	0.753814572193	0.729222607253	0.759284432917	0.742262529109	0.700523961916	0.774956502694	0.784492618591	0.793253872332	0.71475564232	0.750803079461	0.779262317579	0.769382241973
