	CA7	CA8	CB7	CB8	CC7	CC8	CD7	CD8	CE7	CE8	CF7	CF8	CG7	CG8	CH7	CH8	CA1	CA2	CB1	CB2	CC1	CC2	CD1	CD2	CE1	CE2	CF1	CF2	CG1	CG2	CH1	CH2	CA5	CA6	CB5	CB6	CC5	CC6	CD6	CE5	CE6	CF5	CF6	CG5	CG6	CH5	CH6	CA11	CA12	CB11	CB12	CC11	CC12	CD11	CD12	CE11	CE12	CF11	CF12	CG11	CG12	CH11	CH12	CA3	CA4	CB3	CB4	CC4	CD3	CD4	CE4	CF3	CF4	CG3	CG4	CH3	CH4	CA9	CA10	CB9	CB10	CC9	CC10	CD9	CD10	CE9	CE10	CF9	CG9	CG10	CH9	CH10
CA7	0.0	0.573599117815	0.606504974838	0.588798193933	0.670486494046	0.628282555297	0.631453707497	0.602830473235	0.596663259307	0.601930361316	0.641267916835	0.644426353091	0.614325729266	0.554965962867	0.588535593354	0.562361514323	0.655339830926	0.659176270817	0.651423171322	0.629882895001	0.685133173268	0.646340086485	0.686853360299	0.717908746278	0.647599889684	0.64571716539	0.653518397595	0.624709317812	0.574475355228	0.645742945592	0.644309704382	0.677479628008	0.774625171051	0.771381912725	0.830698050188	0.830661524759	0.835929233507	0.839374279478	0.739675483313	0.759172010651	0.789277305467	0.807576147134	0.833823353907	0.752773570376	0.727382042158	0.797735532108	0.848622740487	0.698873752338	0.629638249174	0.639515444881	0.667701852027	0.676030472702	0.68626358616	0.687492125193	0.683308142748	0.703071761849	0.647723476423	0.689891426633	0.69735318934	0.682147614688	0.668465570573	0.665040895585	0.672917674321	0.750698321628	0.752071250945	0.749443740611	0.70589275188	0.722402004552	0.769239245144	0.681824057312	0.766450492354	0.7571993879	0.730157893844	0.750425475364	0.74662359206	0.755137646324	0.725868537108	0.733845105968	0.661593208189	0.69580073123	0.721273331399	0.640713648673	0.614278546153	0.684741385548	0.64965236445	0.643079386194	0.68173036566	0.653787997842	0.716227015067	0.658874338453	0.694019578234	0.719661329286
CA8	0.573599117815	0.0	0.634715685775	0.633503125956	0.681185754426	0.606133500808	0.633365219642	0.633797164998	0.622749656366	0.615343679983	0.654882808104	0.646818624546	0.621635803851	0.603625421808	0.520369988285	0.572061087893	0.665133127466	0.666227216946	0.708131462759	0.64842343042	0.722070462794	0.65898786994	0.679229344209	0.738209732587	0.692766550956	0.644596365408	0.666987864093	0.670171301203	0.647445514563	0.642878475406	0.648700335764	0.670844871654	0.803463845144	0.779526639673	0.837050880642	0.826311092849	0.839615088324	0.845050220793	0.754341017304	0.765957331931	0.814037462395	0.812825089523	0.838579829837	0.760665190127	0.755255166429	0.814495824124	0.857211760241	0.725570009001	0.625227197436	0.661698128662	0.661563517077	0.65585688859	0.642267075377	0.685981751751	0.652965469003	0.67738195015	0.657075723375	0.666343489962	0.694916949806	0.686846386549	0.668831697201	0.674178359743	0.681618168681	0.768603491529	0.727923406899	0.766571738731	0.692747596687	0.692869400356	0.740419027688	0.648910909884	0.754372891621	0.720990809118	0.730500553718	0.669324656628	0.780071568859	0.738173292618	0.722770212863	0.717313153971	0.680253984411	0.640372891803	0.697669327952	0.7029895957	0.660806002754	0.707687042758	0.689009999531	0.639150333823	0.643594825331	0.660496776232	0.681626956398	0.633327059692	0.65951283752	0.673142349625
CB7	0.606504974838	0.634715685775	0.0	0.539496954725	0.58442150895	0.579916936707	0.610560256868	0.583009992969	0.690959525721	0.609340788927	0.624330217054	0.595573149711	0.571772118078	0.511906518044	0.583356284009	0.595246370422	0.597130709041	0.596659063281	0.630735704813	0.656089574062	0.708515167356	0.653612383295	0.605280947567	0.604620113781	0.605083729617	0.589707273306	0.623462357846	0.619029528012	0.607213007621	0.617213594554	0.649017466827	0.660663243376	0.858185904281	0.847585462703	0.880106526912	0.870809266787	0.89007209583	0.886324563016	0.822981830404	0.831601334071	0.858343816786	0.870183363322	0.883179858067	0.818073176815	0.797044078991	0.858283944115	0.893747654425	0.760332818467	0.709189430595	0.717178560258	0.743645916999	0.726274812851	0.734379223922	0.733116488187	0.718551276228	0.739063737886	0.709529951486	0.747326643504	0.744018784431	0.737882124566	0.735495975777	0.715710046873	0.729663923807	0.81013172609	0.791551297114	0.776154203204	0.717976893851	0.769535653152	0.765152123621	0.698329402977	0.78890375772	0.762213929869	0.780139604318	0.73319201248	0.786899342614	0.808403484106	0.729038746944	0.760107503083	0.755208364931	0.713235103619	0.740128194854	0.743373045141	0.704025938584	0.726270011419	0.729837497092	0.734191592862	0.721542832246	0.753645612088	0.722413519569	0.725691365588	0.688635862005	0.742552038701
CB8	0.588798193933	0.633503125956	0.539496954725	0.0	0.610978445925	0.599222168401	0.589879643927	0.590161059628	0.689527617664	0.602521194793	0.629299222427	0.62488509225	0.536153992659	0.549961153511	0.604021759391	0.572555472307	0.635357468496	0.613853183846	0.651943274979	0.643680913652	0.716935315096	0.67027550642	0.604069662697	0.649000210362	0.603437163667	0.614738190231	0.646018131497	0.60392342343	0.595878803835	0.617985294326	0.629799771652	0.673463689724	0.850858254913	0.838452162897	0.884346912457	0.880604218968	0.877221571297	0.886187626231	0.807209055874	0.813941029612	0.839982732532	0.851185454417	0.871647720814	0.811817407741	0.805146306732	0.852859285974	0.883639709241	0.760751681608	0.681989461772	0.730569606148	0.730256349182	0.718894557744	0.705047038285	0.725690324686	0.724622244825	0.739358105508	0.713894170449	0.729904480615	0.731899350906	0.747268045496	0.700051063868	0.721322255257	0.681788112415	0.78868282407	0.778113146927	0.785717284884	0.744959145925	0.747092550212	0.789602601983	0.714139523327	0.788116952316	0.763732832726	0.782843291274	0.731132037506	0.78629268744	0.792178648097	0.753606774556	0.767059358258	0.753189455225	0.712075084659	0.7454434697	0.741497497324	0.715109157765	0.72003829765	0.720750509791	0.731995833201	0.692729782886	0.732507361467	0.727674973414	0.722837968148	0.706789266299	0.732164788856
CC7	0.670486494046	0.681185754426	0.58442150895	0.610978445925	0.0	0.557569992014	0.549080076696	0.64552987527	0.706300165952	0.613029404124	0.52601667025	0.572680376376	0.606863337038	0.609185380545	0.630843899718	0.654191349932	0.638222389157	0.628297980608	0.65638997377	0.690745896936	0.734584710393	0.700648264987	0.624384843097	0.660253712874	0.674073351408	0.605984782413	0.635371760154	0.615874976576	0.667864763861	0.673237682432	0.661384859686	0.694847237094	0.875687588787	0.85925233835	0.916294638109	0.900966497278	0.912344338247	0.917058651305	0.863452567266	0.864457000583	0.891966858555	0.890269898808	0.9085048972	0.855060285698	0.8624862972	0.894881295048	0.902931052629	0.743188827033	0.763103656906	0.720640384226	0.774848170734	0.785926677165	0.755029101937	0.768580197042	0.759285876216	0.774421271933	0.7521385964	0.763739987848	0.767468330586	0.737462023632	0.778924247485	0.695587765249	0.763308751868	0.821815933077	0.802025347145	0.813090146452	0.776962348024	0.792947138339	0.803181244903	0.750959877027	0.813142166535	0.760029841799	0.793454476633	0.765015010064	0.817203668554	0.830937883054	0.790946925715	0.798361963007	0.747896939848	0.747428621391	0.766743328703	0.779516377013	0.763095669362	0.721344570731	0.754877752212	0.787012519635	0.774356003977	0.807338158227	0.754808728566	0.776289437343	0.758370797137	0.739950937016
CC8	0.628282555297	0.606133500808	0.579916936707	0.599222168401	0.557569992014	0.0	0.610797812818	0.62309801825	0.673923063493	0.562439412069	0.482379137976	0.536191876088	0.60314354576	0.567369305214	0.578605521616	0.624787246716	0.604560257179	0.596910675166	0.655572797753	0.622749625917	0.682919396734	0.610466830446	0.59323845379	0.642225581943	0.630059866958	0.580444561834	0.57423372025	0.592770432742	0.614269253648	0.628113859192	0.636467003305	0.624662033238	0.846436719545	0.842450630594	0.885403159832	0.872164142202	0.885772681424	0.886251695164	0.813945122222	0.824696372705	0.851842668541	0.860483327069	0.879794876125	0.813723402066	0.820006377186	0.852243769412	0.880293187783	0.720583135098	0.684833463001	0.688592437762	0.706596771492	0.711507206955	0.709073460896	0.690144955451	0.678312800581	0.710393153285	0.713785800994	0.706565011519	0.699003434057	0.726072620876	0.707417551032	0.67106949662	0.711713812929	0.785988893766	0.778463175668	0.759517337824	0.704334919392	0.763142759268	0.750029476399	0.694944515587	0.739693684207	0.756335299616	0.736058679586	0.698075171008	0.775550709417	0.791139767205	0.753848511669	0.756994236916	0.724248189471	0.715257699515	0.719751928494	0.736485043683	0.709516448247	0.726698674261	0.726392903255	0.687670934825	0.691741049461	0.727352463535	0.701088618236	0.696331860315	0.698807088124	0.71368972511
CD7	0.631453707497	0.633365219642	0.610560256868	0.589879643927	0.549080076696	0.610797812818	0.0	0.539068028846	0.594588861495	0.509995517419	0.574837123248	0.583365981803	0.588231652169	0.656422002037	0.583410184619	0.576698563858	0.642532030353	0.616412949844	0.654971302298	0.660039847001	0.701678838481	0.661535056078	0.635683388339	0.665015615361	0.647847184737	0.620240575445	0.61117300429	0.619381575538	0.627926121556	0.621271279945	0.664366295325	0.665778051821	0.833582009609	0.829882049426	0.868720402989	0.864268537713	0.864834871803	0.868590776149	0.774804388718	0.803092699072	0.837260226153	0.845644465336	0.861031124921	0.773614826817	0.809066514671	0.847893120218	0.865945237518	0.699729373107	0.669177491979	0.677707200272	0.684346550324	0.707102123603	0.698031828477	0.683841315779	0.697307568118	0.707801375183	0.683719966966	0.710038089851	0.699955862151	0.681301822452	0.710778096051	0.651929863628	0.675054024073	0.757913863184	0.781457955891	0.747391011064	0.714660798392	0.743744831878	0.7178105392	0.676128406298	0.733785118678	0.699183145681	0.713696038312	0.685863426966	0.759118169637	0.769698359077	0.708210822744	0.735899570603	0.685684563205	0.624876354505	0.717723878741	0.71223947708	0.662921009071	0.653387830972	0.686112535346	0.713983083287	0.6977407248	0.715939479457	0.699477399482	0.727590824613	0.654352514203	0.623277516079
CD8	0.602830473235	0.633797164998	0.583009992969	0.590161059628	0.64552987527	0.62309801825	0.539068028846	0.0	0.631307066076	0.525903662856	0.622290447059	0.585388513237	0.610474945488	0.642126836351	0.572525539804	0.54238226889	0.669673492843	0.620848354103	0.662862029305	0.659013015144	0.678126623053	0.642550554385	0.674854067931	0.688424947981	0.685332665715	0.652354590768	0.605935842183	0.654633534939	0.599711053164	0.61806199601	0.672699706824	0.665943031173	0.816535260176	0.770608506361	0.836043459657	0.842248732902	0.849413346719	0.845093330227	0.742528030932	0.780454223438	0.796578158031	0.820943431343	0.839015842317	0.726873305238	0.752779302373	0.812307741661	0.870510049407	0.712154822862	0.661305614448	0.680010990898	0.67309920908	0.669719351667	0.692836083003	0.679836458807	0.693692449236	0.67761531076	0.649697120997	0.666444041095	0.692056363018	0.662614573958	0.690342575024	0.69903415058	0.673115756044	0.74412789707	0.777213801513	0.717217581538	0.6820062473	0.754435309131	0.728532422505	0.657448523646	0.728947982192	0.713846814217	0.722048210352	0.68235702992	0.726387275727	0.772432499796	0.692373591951	0.740564493547	0.718619241582	0.617815601602	0.71864286529	0.665676437694	0.602725838102	0.633202498607	0.633496204374	0.684048157926	0.693041409794	0.70964210405	0.710556815309	0.683178215171	0.627053755179	0.662312493851
CE7	0.596663259307	0.622749656366	0.690959525721	0.689527617664	0.706300165952	0.673923063493	0.594588861495	0.631307066076	0.0	0.576161675243	0.6432099485	0.684839684587	0.655673886039	0.638328206232	0.631826074782	0.660341363558	0.691539354952	0.709315809707	0.751947348558	0.648259185461	0.657114185482	0.685425018259	0.758189037746	0.769997057738	0.702498210059	0.711045700587	0.707615317537	0.675074278307	0.647522806189	0.690781548822	0.718629090969	0.725750762694	0.769053391756	0.74477979999	0.807908413539	0.803819257118	0.815776153395	0.806121930097	0.696994652261	0.73722658196	0.766425601281	0.78817029332	0.811165349043	0.698554236117	0.744508892188	0.785811988857	0.820580904396	0.607816553551	0.633690082539	0.636559446278	0.602231888442	0.643735082697	0.634312068854	0.639582322825	0.615201678703	0.622295584019	0.631212938143	0.635923297591	0.617405499672	0.628064127778	0.645275649436	0.634039319259	0.642931574934	0.689048946066	0.700036866682	0.693708658449	0.676291393127	0.712301242285	0.696819765928	0.658360475508	0.69872495557	0.690064688343	0.638393914728	0.659520639115	0.723445003029	0.720741199067	0.698663814982	0.724578275368	0.626262431126	0.643181526812	0.720718574768	0.607222364173	0.619429582514	0.665545665732	0.606862025739	0.633745204435	0.633463980507	0.653578809843	0.675383970978	0.663001070016	0.656179903902	0.687253097233
CE8	0.601930361316	0.615343679983	0.609340788927	0.602521194793	0.613029404124	0.562439412069	0.509995517419	0.525903662856	0.576161675243	0.0	0.573135707219	0.576567455456	0.595098477786	0.642966953905	0.602912564264	0.60101589334	0.662031864652	0.631066167832	0.659054908527	0.663157890224	0.670648203995	0.649216854378	0.658721623828	0.687193040219	0.621229051484	0.622606913963	0.591869958734	0.620899535876	0.615532015498	0.608014089216	0.673854605107	0.696926772489	0.830135350866	0.807322222443	0.869812877019	0.854223051388	0.862071274645	0.864036816899	0.770156409969	0.802370612172	0.833121053789	0.842533919504	0.862635690986	0.76330264758	0.801480309965	0.843300704169	0.879201537718	0.675213912117	0.682419740798	0.685141091588	0.675145274509	0.6891158351	0.70333680405	0.649842501964	0.668058511911	0.652539370277	0.659077046049	0.667603218668	0.674840981507	0.682960596956	0.662802900088	0.666091537733	0.675080821441	0.760652848319	0.753808704279	0.764776015358	0.685222598137	0.753935229592	0.718438810371	0.684209853694	0.743220955064	0.73627901213	0.712815203293	0.669389972286	0.776472763103	0.785707880715	0.72992667507	0.735605692068	0.684193858412	0.633912294003	0.691609173923	0.654889038354	0.644106982667	0.639708073786	0.656664966087	0.666812578971	0.670999811885	0.711790547562	0.677907575604	0.707770005837	0.634349036394	0.69076877573
CF7	0.641267916835	0.654882808104	0.624330217054	0.629299222427	0.52601667025	0.482379137976	0.574837123248	0.622290447059	0.6432099485	0.573135707219	0.0	0.589028587939	0.608017799241	0.592586474426	0.58131064251	0.646919621857	0.620123561914	0.631007073979	0.684065130957	0.639889201605	0.678619324498	0.61726449906	0.648551986194	0.655215670883	0.651736529512	0.597835434402	0.610797744406	0.588623277767	0.640012363525	0.653527956113	0.668659432131	0.64472357085	0.853418344298	0.823423654672	0.889436122863	0.878971619429	0.88562686708	0.874923466686	0.828273469869	0.840195592505	0.853426408081	0.867890141954	0.878270057095	0.82895895891	0.826583151994	0.856361431623	0.891720316549	0.643807939754	0.708234110179	0.647432756046	0.725471039155	0.698772830013	0.712237756007	0.697680945502	0.683348689696	0.709374811778	0.719587968096	0.695217956615	0.713402745397	0.684106876959	0.684394871919	0.60748018769	0.729107456542	0.782860585422	0.779413241112	0.753754808899	0.725388532439	0.76813382622	0.780454645833	0.727036668017	0.745772302839	0.742284704911	0.743240585786	0.724775627638	0.766602400901	0.80124882577	0.780888823504	0.774471108676	0.656431806047	0.742028978471	0.736301795171	0.716611814648	0.721071658993	0.69214723286	0.709064328025	0.712532024675	0.692103286149	0.750874278536	0.716883908252	0.719340095002	0.730521775792	0.73703987628
CF8	0.644426353091	0.646818624546	0.595573149711	0.62488509225	0.572680376376	0.536191876088	0.583365981803	0.585388513237	0.684839684587	0.576567455456	0.589028587939	0.0	0.594261009225	0.603301783799	0.610310433986	0.619734444082	0.625942129974	0.578657671343	0.649343705824	0.675702417651	0.720307612985	0.657332003389	0.612204743287	0.659886626092	0.615571757261	0.606201749031	0.595452535714	0.609294621703	0.635242047243	0.62046319281	0.636929055969	0.66952145305	0.846575234089	0.843877245841	0.908671058016	0.881250658034	0.901174878492	0.901964877216	0.811382591362	0.838090609107	0.869780907137	0.876655759896	0.893815217914	0.808874286241	0.820994716812	0.87570594058	0.898032700304	0.767492056026	0.713938613154	0.752174025925	0.719694012355	0.734570961722	0.745849080205	0.709930657875	0.72681589004	0.727408795798	0.718558414327	0.720500337243	0.739149739053	0.74944274864	0.741147348538	0.742539474334	0.710825717528	0.795437785635	0.80405071247	0.781588892416	0.747004687152	0.774113246313	0.761429655726	0.723819790114	0.760601258926	0.746467295287	0.757698808626	0.742954417199	0.787540785509	0.799686913708	0.745545717589	0.770298307081	0.761313956289	0.68105275991	0.739121290088	0.734052746736	0.694976498254	0.700451582188	0.719985257958	0.7364717219	0.726659283767	0.778703539497	0.74606235696	0.742157394939	0.673784234695	0.72750005776
CG7	0.614325729266	0.621635803851	0.571772118078	0.536153992659	0.606863337038	0.60314354576	0.588231652169	0.610474945488	0.655673886039	0.595098477786	0.608017799241	0.594261009225	0.0	0.579701929151	0.591997970221	0.584593066075	0.622372364812	0.614314112393	0.662156649417	0.672586386839	0.697502444849	0.651052980822	0.620410440609	0.668269177462	0.643251910351	0.608332188897	0.653231591488	0.622740795859	0.627242903864	0.646736344901	0.649651486873	0.678534354628	0.841229651881	0.826141737954	0.868733362019	0.866027877441	0.872796901803	0.872639965375	0.806913802566	0.812259211295	0.841091809221	0.849113511596	0.872356801776	0.815142157969	0.809470235219	0.853701167788	0.881702497557	0.749067315518	0.683195852842	0.721012740569	0.723036165865	0.729872016262	0.721186863352	0.733560885873	0.704480725133	0.721280518476	0.709427617907	0.728114536314	0.747874702714	0.726358019615	0.730797684075	0.708473909333	0.71970244094	0.797666522882	0.797483335706	0.788823585531	0.738922151511	0.743663931838	0.783774452441	0.715329328807	0.776771044281	0.758689921503	0.76725991172	0.741570401105	0.788817532065	0.796535091597	0.754855452091	0.753371047528	0.741445669081	0.704817676041	0.742876494592	0.721412428813	0.70101143953	0.721727372853	0.725099733967	0.714095394971	0.678701801974	0.748028788987	0.726235020935	0.723165953066	0.709161032159	0.743586573345
CG8	0.554965962867	0.603625421808	0.511906518044	0.549961153511	0.609185380545	0.567369305214	0.656422002037	0.642126836351	0.638328206232	0.642966953905	0.592586474426	0.603301783799	0.579701929151	0.0	0.589346743102	0.591663662916	0.606390308267	0.612759142545	0.66115493174	0.626496291298	0.716267624734	0.659719312195	0.637492649548	0.658032952956	0.603512352804	0.626558093751	0.64864759959	0.594605598752	0.583754569072	0.621462666804	0.605632493657	0.631172978543	0.836515720777	0.819984306798	0.868512217676	0.856488778683	0.871498307314	0.86675759907	0.792117211513	0.803783710891	0.832580569192	0.846590964655	0.861486753997	0.797644414709	0.769171877797	0.826948672655	0.883598950578	0.724389236389	0.669635729849	0.668037148129	0.683048652389	0.663847759871	0.688193146645	0.681530707878	0.671304905883	0.709184743217	0.658674684435	0.686881073021	0.705589177536	0.69879576875	0.695595939772	0.67667978209	0.669791473015	0.771335732725	0.770143640759	0.749665660789	0.731318524844	0.729566563647	0.773637345263	0.701263058953	0.761846549719	0.754860032452	0.764603693918	0.744840446291	0.751365453902	0.777031230102	0.743697158372	0.769466893326	0.714841027519	0.695962989462	0.744190296798	0.708827511055	0.713820759302	0.728225179388	0.697326159287	0.695856671496	0.691767453083	0.719317983381	0.72485041209	0.694148907952	0.715533585263	0.727748235529
CH7	0.588535593354	0.520369988285	0.583356284009	0.604021759391	0.630843899718	0.578605521616	0.583410184619	0.572525539804	0.631826074782	0.602912564264	0.58131064251	0.610310433986	0.591997970221	0.589346743102	0.0	0.54446487415	0.602165779968	0.621101265827	0.677950174048	0.587907533891	0.682116794345	0.637357824827	0.666119652611	0.702100130101	0.680083008445	0.61729182678	0.636194400923	0.618833259326	0.605040768556	0.630390946998	0.661145066665	0.651945217302	0.795697391905	0.779594369415	0.834832931	0.836824558144	0.83720010162	0.83554306248	0.755453266112	0.780513907724	0.804253889208	0.811986050913	0.838084233155	0.770398475763	0.74390578484	0.814560466315	0.848520350014	0.734742613678	0.652551583771	0.667134979294	0.678196736688	0.704055008884	0.68283838219	0.703994643931	0.681984875044	0.708187651187	0.684984220094	0.687138373034	0.708795006297	0.70975756989	0.675754951965	0.678156793217	0.685036152598	0.744801744076	0.731037904293	0.732667562208	0.700443844148	0.680441380781	0.752390585541	0.683068071588	0.749923427292	0.746732881069	0.720633035889	0.714671265195	0.751478708267	0.717401462431	0.721464456578	0.730134253124	0.715250606476	0.681113790965	0.716421098103	0.702841701365	0.695705149601	0.72540329775	0.680591816208	0.655291299694	0.677272054441	0.686193630183	0.694810257546	0.662804823138	0.695289795303	0.714375882362
CH8	0.562361514323	0.572061087893	0.595246370422	0.572555472307	0.654191349932	0.624787246716	0.576698563858	0.54238226889	0.660341363558	0.60101589334	0.646919621857	0.619734444082	0.584593066075	0.591663662916	0.54446487415	0.0	0.667016311728	0.646079838628	0.623300251783	0.624414709599	0.707257080232	0.640098106723	0.677520907938	0.726997794893	0.678141619065	0.644758193706	0.629518866378	0.644402461754	0.592841847381	0.643132647181	0.644972230933	0.676904564626	0.832203483648	0.775542383208	0.844051773724	0.839211605186	0.84427291539	0.849106550135	0.757014091128	0.775342547145	0.810046381765	0.817659245052	0.838561292247	0.760391342295	0.764862758131	0.816225248775	0.870899941472	0.717998215019	0.622587292946	0.656983230901	0.671973085594	0.670801667373	0.648132567601	0.691419515771	0.678463229065	0.686591859643	0.655651320467	0.697165514588	0.699911637713	0.717355054118	0.665884769371	0.667748972737	0.673337124111	0.726185275854	0.788928208505	0.761366396809	0.709452515378	0.720611241867	0.733470453158	0.671945789644	0.749129087689	0.706947641826	0.745116753194	0.697049522514	0.752424559228	0.762391526296	0.661855940137	0.739023255805	0.684106252747	0.649261006264	0.720610031506	0.68256244483	0.630883718821	0.712023681567	0.707107014313	0.654944463393	0.646848198651	0.667155546873	0.694813348799	0.668759126704	0.667341886677	0.679129506148
CA1	0.655339830926	0.665133127466	0.597130709041	0.635357468496	0.638222389157	0.604560257179	0.642532030353	0.669673492843	0.691539354952	0.662031864652	0.620123561914	0.625942129974	0.622372364812	0.606390308267	0.602165779968	0.667016311728	0.0	0.421468274363	0.573094032084	0.576142934551	0.652433959683	0.589515277973	0.583069261329	0.558504980658	0.609194357097	0.557263106581	0.583413400957	0.525840336011	0.553893079132	0.554217651593	0.617340559303	0.530157553212	0.866516930027	0.853400150259	0.904424508045	0.888165774555	0.900592344877	0.908418509654	0.841024763285	0.824018009321	0.866643531272	0.87852731554	0.887719897887	0.828752492546	0.831702332723	0.880109255998	0.899256114493	0.778087615742	0.724350453376	0.740303475324	0.76161408165	0.73276864335	0.707069913716	0.719998318887	0.704128254667	0.730656265156	0.706764054275	0.765401315983	0.751771036997	0.749709254516	0.754831751918	0.720255039229	0.772629542713	0.769513705046	0.74138066803	0.758077128231	0.756048739891	0.704721842608	0.775790105334	0.711117042016	0.732767885017	0.73711386865	0.741586712959	0.745203105069	0.760066770883	0.773082153116	0.748288485801	0.776944920889	0.764481663154	0.754377195017	0.756394022948	0.759908131985	0.776439815922	0.765099256934	0.731880403906	0.760319060585	0.726966030712	0.768113342038	0.738481344696	0.756262039276	0.764446093204	0.764056886923
CA2	0.659176270817	0.666227216946	0.596659063281	0.613853183846	0.628297980608	0.596910675166	0.616412949844	0.620848354103	0.709315809707	0.631066167832	0.631007073979	0.578657671343	0.614314112393	0.612759142545	0.621101265827	0.646079838628	0.421468274363	0.0	0.573954542249	0.599777866996	0.692805907954	0.602932381246	0.577328942072	0.599922941276	0.600163279288	0.583161900732	0.53908972556	0.550251832355	0.525586846009	0.567800183374	0.573948338168	0.513587131888	0.881438563357	0.873216306496	0.9142625829	0.905378125429	0.918612873741	0.921170018786	0.839999793526	0.844883303736	0.886810445631	0.895333749687	0.906623253252	0.828429829013	0.850367284425	0.898054306815	0.917493531485	0.766605098414	0.741310441964	0.766686106647	0.755345031476	0.729247800835	0.733297924746	0.731678274862	0.723421907176	0.743408422192	0.708593862974	0.7537645092	0.753591745251	0.765813296523	0.757147644958	0.752493197143	0.75365623839	0.767635692832	0.740296526233	0.765538534376	0.746880706217	0.699816394694	0.748153232141	0.722100191084	0.74307362722	0.706270665656	0.752841384637	0.742608800226	0.751477610882	0.769421794925	0.726612071738	0.778301268369	0.768818813949	0.725642590089	0.750272843993	0.738695527591	0.716348159227	0.749495720474	0.760411189485	0.775677381512	0.745503333489	0.776896500565	0.747508205733	0.750494621369	0.710148800748	0.740307052986
CB1	0.651423171322	0.708131462759	0.630735704813	0.651943274979	0.65638997377	0.655572797753	0.654971302298	0.662862029305	0.751947348558	0.659054908527	0.684065130957	0.649343705824	0.662156649417	0.66115493174	0.677950174048	0.623300251783	0.573094032084	0.573954542249	0.0	0.602768115309	0.728620802912	0.656010433569	0.590620160491	0.613871725717	0.645448156288	0.604079287229	0.562796348967	0.563480643717	0.558604189348	0.588825009156	0.574187810997	0.62820897274	0.871304865892	0.862416588179	0.906512061701	0.901464437793	0.895699019773	0.903181371744	0.836425232359	0.831212786854	0.882972682791	0.874901265441	0.885045805964	0.823837305599	0.821387963423	0.882067453317	0.915680329506	0.804189829826	0.757157843899	0.779872161274	0.791109935958	0.794465844983	0.788340172911	0.789681203164	0.790595007628	0.80787798164	0.766045481031	0.819544479824	0.808327655313	0.810759923732	0.812852778972	0.783023086148	0.783841014792	0.80543030193	0.813729460293	0.812037626333	0.776023080986	0.763525505446	0.778954272574	0.74097715774	0.787320974363	0.764180199739	0.792675512417	0.76634797457	0.80279383991	0.807121145261	0.75245088866	0.815205523081	0.806938052117	0.773046808934	0.783069716977	0.796702847821	0.761826973469	0.769771380305	0.792572243067	0.803545844655	0.794590773465	0.806943250354	0.784935465236	0.809702170605	0.779041084071	0.790743551067
CB2	0.629882895001	0.64842343042	0.656089574062	0.643680913652	0.690745896936	0.622749625917	0.660039847001	0.659013015144	0.648259185461	0.663157890224	0.639889201605	0.675702417651	0.672586386839	0.626496291298	0.587907533891	0.624414709599	0.576142934551	0.599777866996	0.602768115309	0.0	0.660908379399	0.615530008986	0.671348687065	0.657208543219	0.610851232945	0.593505915922	0.602587803872	0.589339376356	0.540658470284	0.545350917807	0.628240024267	0.58713091307	0.827284507293	0.812634871223	0.860771700071	0.850633086508	0.851154414251	0.863960435145	0.769209610772	0.784836421895	0.832994767221	0.822479447499	0.831954584456	0.764751308566	0.784289583002	0.838910305123	0.877362464162	0.736813647398	0.66676643752	0.70069198328	0.710846700513	0.71357685153	0.698176061177	0.71030179972	0.696153083625	0.711195888808	0.714773099755	0.72714950582	0.710016163006	0.756601698504	0.714379179584	0.69613445724	0.721958429545	0.757327385845	0.763339480546	0.738800658384	0.725845354308	0.715607368574	0.742279749232	0.720857077109	0.757295242915	0.747672263932	0.746094910313	0.701101713935	0.754483808648	0.758133262408	0.744376817878	0.791948441985	0.730139454574	0.752528597237	0.748598614762	0.7559541656	0.745714974221	0.774757787699	0.740647709724	0.679137076671	0.686025582227	0.728473308505	0.72497732514	0.736462765014	0.773761374099	0.776277410444
CC1	0.685133173268	0.722070462794	0.708515167356	0.716935315096	0.734584710393	0.682919396734	0.701678838481	0.678126623053	0.657114185482	0.670648203995	0.678619324498	0.720307612985	0.697502444849	0.716267624734	0.682116794345	0.707257080232	0.652433959683	0.692805907954	0.728620802912	0.660908379399	0.0	0.446142565845	0.748363525744	0.778064654204	0.707457491234	0.689204131186	0.674083892805	0.640347955544	0.698781349768	0.703090325457	0.715913345924	0.680026717392	0.844731431972	0.825416900427	0.888526328623	0.883199430717	0.885077958489	0.886390655141	0.815464606578	0.814433742676	0.849861644699	0.860058469605	0.874914896628	0.815678365942	0.80790074044	0.846839865347	0.874115400825	0.689014481654	0.697752965505	0.695197098803	0.718425548895	0.699275590596	0.698192942107	0.697278501641	0.694940332856	0.706431271733	0.722828620511	0.701262376062	0.690867209554	0.724462903667	0.668564398991	0.6736593968	0.726206509237	0.766962996364	0.748291383256	0.752102863235	0.732252719873	0.74718310245	0.746097054675	0.707508591011	0.721344182556	0.729005589675	0.71953887922	0.714922400939	0.761814090358	0.770841702618	0.762643335959	0.742648806415	0.69677517069	0.724646172983	0.719473945996	0.700999005369	0.701834840506	0.749991591547	0.716261930721	0.712293048777	0.688780717705	0.758493511185	0.700704851447	0.726193932824	0.731375109938	0.753220549122
CC2	0.646340086485	0.65898786994	0.653612383295	0.67027550642	0.700648264987	0.610466830446	0.661535056078	0.642550554385	0.685425018259	0.649216854378	0.61726449906	0.657332003389	0.651052980822	0.659719312195	0.637357824827	0.640098106723	0.589515277973	0.602932381246	0.656010433569	0.615530008986	0.446142565845	0.0	0.673279664402	0.696305475575	0.649088500942	0.603099984889	0.57101679164	0.539144320828	0.610641401036	0.631165894091	0.653210517371	0.629614860065	0.855242882305	0.842011529895	0.889421027718	0.879891724359	0.894043963835	0.895348705484	0.815486006585	0.823401947546	0.850462897449	0.87376710862	0.885709610417	0.82330582371	0.806205658523	0.855757608488	0.897806784712	0.704131957283	0.702787512004	0.683878540314	0.724258362903	0.669326381339	0.721032096608	0.68313259	0.67096151338	0.68242606222	0.685177389089	0.707342846265	0.70769870836	0.726379255218	0.670770190761	0.666605438691	0.74003206887	0.76720703936	0.754250513535	0.763110636014	0.727325416454	0.725169222748	0.765809446454	0.688409058833	0.710559836557	0.724342201366	0.731242653484	0.717858323288	0.755286765508	0.772423934349	0.755057314028	0.733730052365	0.712950223869	0.717183693674	0.723232215626	0.712856442622	0.71518158213	0.77443498875	0.747058146558	0.715181214614	0.693750067175	0.764803078648	0.711672035916	0.712632624718	0.73267863429	0.754072821961
CD1	0.686853360299	0.679229344209	0.605280947567	0.604069662697	0.624384843097	0.59323845379	0.635683388339	0.674854067931	0.758189037746	0.658721623828	0.648551986194	0.612204743287	0.620410440609	0.637492649548	0.666119652611	0.677520907938	0.583069261329	0.577328942072	0.590620160491	0.671348687065	0.748363525744	0.673279664402	0.0	0.523304859889	0.59163430398	0.490717619917	0.61366873042	0.580356539575	0.609618055491	0.598599287372	0.587805283935	0.627070380994	0.880368129623	0.881720321794	0.921615512694	0.911842254337	0.925642590764	0.921813813536	0.863139444842	0.856623366251	0.891313131607	0.895431829851	0.921564203865	0.844659354516	0.854254516019	0.902722846238	0.932635783016	0.814112507533	0.784959172733	0.798989406241	0.798452778592	0.791610480859	0.797274519119	0.780237660617	0.794756620539	0.811347111143	0.765322103055	0.829225519943	0.820451941016	0.830900664652	0.80685372123	0.80443611703	0.816902155096	0.825956409464	0.793899643876	0.820734327838	0.789922692239	0.77204870466	0.829440558854	0.762068053375	0.793998602264	0.810276800773	0.826290215377	0.777800069536	0.8082373126	0.820329269472	0.774883855918	0.820751352762	0.815415039163	0.791621755557	0.788264416449	0.784189455031	0.808749721884	0.813465591902	0.810464521312	0.826133167734	0.812087311071	0.820300187047	0.788194657409	0.793558988215	0.793154106422	0.81232440742
CD2	0.717908746278	0.738209732587	0.604620113781	0.649000210362	0.660253712874	0.642225581943	0.665015615361	0.688424947981	0.769997057738	0.687193040219	0.655215670883	0.659886626092	0.668269177462	0.658032952956	0.702100130101	0.726997794893	0.558504980658	0.599922941276	0.613871725717	0.657208543219	0.778064654204	0.696305475575	0.523304859889	0.0	0.521858422013	0.500588069016	0.597825900723	0.580630811487	0.622430782302	0.607579831546	0.655794790612	0.635259389576	0.917938545713	0.913975322479	0.946160381426	0.937319001037	0.943910464019	0.945899198859	0.896014174006	0.88587500224	0.922047957227	0.926373588321	0.929814172993	0.879279653054	0.888332786437	0.935405025243	0.956475835942	0.828891663516	0.808394724631	0.826178136811	0.842319776147	0.80580753311	0.808401062299	0.798376764317	0.810317533643	0.82704454246	0.792884133807	0.832910289083	0.808095984478	0.828710158947	0.821040147782	0.807195043057	0.823554606784	0.816193421782	0.806757328597	0.839919268721	0.84026154237	0.797321919663	0.854034037956	0.811721345986	0.80676159121	0.852279504576	0.829377489765	0.809236964479	0.836263265584	0.825177217368	0.807823221736	0.823700664411	0.834542177504	0.816086603615	0.82453208408	0.819175181234	0.837298559962	0.820896159693	0.804568611457	0.845954403636	0.790386143489	0.84003074193	0.81207352055	0.822293360144	0.821647574403	0.834459667335
CE1	0.647599889684	0.692766550956	0.605083729617	0.603437163667	0.674073351408	0.630059866958	0.647847184737	0.685332665715	0.702498210059	0.621229051484	0.651736529512	0.615571757261	0.643251910351	0.603512352804	0.680083008445	0.678141619065	0.609194357097	0.600163279288	0.645448156288	0.610851232945	0.707457491234	0.649088500942	0.59163430398	0.521858422013	0.0	0.551959616968	0.628767708823	0.587091538612	0.581516481264	0.570125636443	0.615871866708	0.645913748332	0.884639288021	0.866602838556	0.911867189605	0.906945454707	0.905988814936	0.907788913191	0.824196358058	0.842861314341	0.878587107434	0.885820123603	0.894805642681	0.814706885507	0.850868869197	0.894760327165	0.914271448315	0.765859434025	0.737355439577	0.759823847138	0.762525906152	0.708117168766	0.744935030917	0.721420000977	0.715157529126	0.737842960166	0.710855427507	0.747577738501	0.738514455979	0.78715251607	0.761074102827	0.742587045867	0.739064992766	0.791831255879	0.781733543289	0.780517996743	0.78659733678	0.750401866708	0.770974216614	0.772351259956	0.742337445603	0.779375223717	0.773276255482	0.766527778678	0.769912802912	0.783994424107	0.77169939128	0.809493362141	0.761547134364	0.761638623254	0.779207159479	0.759829001545	0.758316434352	0.770526851148	0.761415916996	0.755432894576	0.714914864355	0.791001818113	0.762111757591	0.77959674875	0.765872808093	0.78416882641
CE2	0.64571716539	0.644596365408	0.589707273306	0.614738190231	0.605984782413	0.580444561834	0.620240575445	0.652354590768	0.711045700587	0.622606913963	0.597835434402	0.606201749031	0.608332188897	0.626558093751	0.61729182678	0.644758193706	0.557263106581	0.583161900732	0.604079287229	0.593505915922	0.689204131186	0.603099984889	0.490717619917	0.500588069016	0.551959616968	0.0	0.603832673591	0.523764695605	0.582582208451	0.573556195581	0.63690926798	0.612338890291	0.894463552545	0.883745304224	0.91897016845	0.910089332522	0.923334361415	0.914927850755	0.850126318428	0.857668934054	0.890189266547	0.899534577744	0.907904945312	0.850127844482	0.847568391661	0.901311646769	0.938722646117	0.787655580963	0.73827294894	0.766629703753	0.787298816941	0.756966748516	0.748180067214	0.757176751037	0.743025075068	0.755331102765	0.733524853049	0.777477556256	0.765529887303	0.79267639144	0.755761192691	0.741358315854	0.778249147989	0.803460847841	0.754271452539	0.794834313746	0.798860516208	0.739990432266	0.830150470102	0.763053468798	0.785685979002	0.792300767244	0.793782846522	0.762870077463	0.776743547194	0.794514826554	0.778899543651	0.807593077668	0.788551638396	0.778948109066	0.789775982913	0.764155251925	0.782292017601	0.804260312247	0.783436540111	0.780328780133	0.746221751295	0.800134155669	0.772670192243	0.781049854802	0.779543587017	0.815268554791
CF1	0.653518397595	0.666987864093	0.623462357846	0.646018131497	0.635371760154	0.57423372025	0.61117300429	0.605935842183	0.707615317537	0.591869958734	0.610797744406	0.595452535714	0.653231591488	0.64864759959	0.636194400923	0.629518866378	0.583413400957	0.53908972556	0.562796348967	0.602587803872	0.674083892805	0.57101679164	0.61366873042	0.597825900723	0.628767708823	0.603832673591	0.0	0.433946683859	0.611199010452	0.572989528146	0.570596189473	0.603219887111	0.870344740944	0.829376669004	0.901141069955	0.886548986451	0.901061946881	0.908635543906	0.831728462013	0.831631069382	0.863445850803	0.873286578304	0.882826893732	0.823446819203	0.821751740867	0.876125062856	0.905734138064	0.741450475575	0.721450761804	0.716907778116	0.749370098722	0.726915947121	0.741821438081	0.71812282147	0.716412712072	0.710672527672	0.723301043669	0.72142659868	0.717336304857	0.760637178671	0.736083071357	0.702740063079	0.735456457852	0.732954877858	0.752080401575	0.784723359988	0.72399084047	0.74730075352	0.733126429834	0.695969238183	0.732528382448	0.739608687813	0.712698786669	0.678193470318	0.787170510928	0.756407603075	0.697429086921	0.769631931545	0.72832342465	0.720840520189	0.726811476294	0.737269183723	0.706929621256	0.75913906297	0.761529381349	0.762024587556	0.727991060959	0.775293069295	0.720678548911	0.750568865869	0.697715075009	0.735930471125
CF2	0.624709317812	0.670171301203	0.619029528012	0.60392342343	0.615874976576	0.592770432742	0.619381575538	0.654633534939	0.675074278307	0.620899535876	0.588623277767	0.609294621703	0.622740795859	0.594605598752	0.618833259326	0.644402461754	0.525840336011	0.550251832355	0.563480643717	0.589339376356	0.640347955544	0.539144320828	0.580356539575	0.580630811487	0.587091538612	0.523764695605	0.433946683859	0.0	0.553438578425	0.565317659978	0.565597592193	0.593735396061	0.854658622403	0.835776075872	0.897258371008	0.897441138389	0.899141664234	0.899075259978	0.834374793706	0.820136081073	0.868111463819	0.877355491319	0.890271311335	0.830806762022	0.830858783986	0.867323787832	0.904485188619	0.734175578351	0.701041432914	0.738124719384	0.728858943258	0.714834825606	0.722720158699	0.720583828051	0.698894059681	0.725193701144	0.718541257773	0.721067324094	0.737938637266	0.747418143112	0.722804459711	0.688949748806	0.735092808803	0.743190097265	0.749121219432	0.783413892219	0.76920017757	0.744638359916	0.783796184219	0.711423349423	0.76027030831	0.774409678785	0.73953012848	0.722678299385	0.779085003909	0.772435652096	0.754909052527	0.773873832608	0.722776242944	0.742946112998	0.750355135993	0.726180855759	0.753381062112	0.750692237404	0.724081411889	0.761798472215	0.728167959807	0.757919947992	0.730772408712	0.758592834724	0.741723323896	0.778360976813
CG1	0.574475355228	0.647445514563	0.607213007621	0.595878803835	0.667864763861	0.614269253648	0.627926121556	0.599711053164	0.647522806189	0.615532015498	0.640012363525	0.635242047243	0.627242903864	0.583754569072	0.605040768556	0.592841847381	0.553893079132	0.525586846009	0.558604189348	0.540658470284	0.698781349768	0.610641401036	0.609618055491	0.622430782302	0.581516481264	0.582582208451	0.611199010452	0.553438578425	0.0	0.430903308687	0.595942425899	0.601501488758	0.864511441217	0.833648318585	0.88046537666	0.88305255533	0.878731565079	0.881444210869	0.773030614056	0.824607156084	0.852812475492	0.870126759352	0.868708861121	0.787765064724	0.807067423692	0.858666981156	0.886545173664	0.762115274958	0.716549414975	0.73636332992	0.705894351816	0.73043277027	0.755703315678	0.743201951602	0.718141677293	0.753319080382	0.695763934725	0.758712761672	0.755175217179	0.755487522486	0.752442453335	0.753750578483	0.712945451264	0.78933328701	0.770771862322	0.740321007248	0.74596048856	0.732201182695	0.78091140666	0.742407578105	0.774297555589	0.764980916776	0.769184124478	0.759019116955	0.740807839402	0.769716248842	0.75541709903	0.774980544719	0.760950044042	0.734707575673	0.7648911319	0.70637413372	0.726083737064	0.742944437364	0.727753193681	0.741546375333	0.756921053504	0.736134556402	0.734441325435	0.712168725115	0.736902910191	0.760422187507
