	CA7	CA8	CB7	CB8	CC7	CC8	CD7	CD8	CE7	CE8	CF7	CF8	CG7	CG8	CH7	CH8	CA1	CA2	CB1	CB2	CC1	CC2	CD1	CD2	CE1	CE2	CF1	CF2	CG1	CG2	CH1	CH2	CA5	CA6	CB5	CB6	CC5	CC6	CD6	CE5	CE6	CF5	CF6	CG5	CG6	CH5	CH6	CA11	CA12	CB11	CB12	CC11	CC12	CD11	CD12	CE11	CE12	CF11	CF12	CG11	CG12	CH11	CH12	CA3	CA4	CB3	CB4	CC4	CD3	CD4	CE4	CF3	CF4	CG3	CG4	CH3	CH4	CA9	CA10	CB9	CB10	CC9	CC10	CD9	CD10	CE9	CE10	CF9	CG9	CG10	CH9	CH10
CA7	0.0	0.558721121265	0.627187374549	0.608204581704	0.64562042097	0.676624396152	0.601394335995	0.590775200908	0.598494719037	0.612210483192	0.639383785305	0.629415568459	0.635747718097	0.636211831511	0.537361664977	0.537469664585	0.700819295369	0.707445689167	0.683349287415	0.700058222241	0.719360939141	0.669824716818	0.741004172619	0.719972070295	0.68536086683	0.679359341809	0.688143695921	0.717347123757	0.638596549929	0.63680749408	0.662007191774	0.687873210435	0.770769212907	0.66411558022	0.771700911291	0.711391325011	0.810033508647	0.748393962812	0.792882226287	0.701521347241	0.82192820034	0.681537782083	0.789169263842	0.667784251321	0.79214999148	0.751829122307	0.748994289474	0.744143619268	0.701879293332	0.669486229074	0.636465025439	0.688727301404	0.716267642267	0.712421694638	0.736778708712	0.676737864178	0.713233897644	0.662817863717	0.703736508525	0.645705987235	0.696378644128	0.720233404807	0.643754701116	0.720841526112	0.767871432801	0.736922873669	0.733244730575	0.766988705372	0.732235052599	0.700487847856	0.783308786198	0.756221008216	0.748604226017	0.674897312994	0.731083478194	0.784401940954	0.699193805062	0.758854458486	0.725760708111	0.716187156895	0.763262662461	0.68152333398	0.697847970464	0.716915667479	0.695313303341	0.647009028511	0.66755242286	0.667706834106	0.754750540474	0.677232603831	0.686650396883	0.735860618812
CA8	0.558721121265	0.0	0.585110590607	0.643133144695	0.592087750378	0.628698017216	0.59719749727	0.616629032592	0.622464015817	0.602168799172	0.613216128009	0.622833606491	0.609836050464	0.623267976043	0.508902224376	0.583479410643	0.647980113013	0.651980960907	0.63834018687	0.647729534389	0.688781805802	0.648586739084	0.675511594489	0.676396198968	0.629291149648	0.64539095317	0.657528190294	0.686305385275	0.614926697738	0.586580952915	0.649538531472	0.612197857582	0.820556973027	0.732217915936	0.821663728235	0.791508924669	0.830930916673	0.808813346237	0.842978254644	0.78466711322	0.862831920862	0.749192818224	0.840581052832	0.71533899752	0.83893274754	0.792948418828	0.815078044134	0.761798438901	0.693261796368	0.695253431885	0.67449744847	0.653627728445	0.707508290249	0.687717378097	0.72298549359	0.706861301069	0.707510750798	0.656779180433	0.705007105301	0.664952176095	0.67448573766	0.691139236382	0.67019218361	0.706119409338	0.737671222094	0.726958085079	0.708248811546	0.731026031323	0.712141301825	0.65916839088	0.75466346046	0.731511273967	0.731328784314	0.620741763154	0.73081807694	0.758625138562	0.718491014656	0.707590036291	0.736073803514	0.694067412142	0.724398130025	0.668924198507	0.680985512872	0.690822585754	0.641302401388	0.693736587056	0.700218543326	0.694122241212	0.732942397234	0.676022715237	0.698242853385	0.717312850145
CB7	0.627187374549	0.585110590607	0.0	0.593688296967	0.594769306872	0.654707987069	0.604551089366	0.665569586402	0.614827172363	0.646500515331	0.574594191237	0.60871213416	0.540896084062	0.538543111797	0.594835463714	0.623611076778	0.618082156975	0.631242906421	0.614349953846	0.609208273157	0.709866411926	0.662885669327	0.640131393285	0.613635561665	0.582869330906	0.6259322777	0.638167598401	0.657231871719	0.591653141815	0.601858054867	0.659374609293	0.595360133605	0.863175051906	0.796377579447	0.882753160883	0.821346346983	0.885155376264	0.859434365992	0.876098506615	0.825379342167	0.911356334202	0.786488635527	0.868289490858	0.786013433446	0.867548598344	0.84761915706	0.869053527823	0.77167332623	0.732825693306	0.728319691702	0.726724277434	0.677775585493	0.728890253202	0.699891320955	0.727547815156	0.705683213244	0.69905879954	0.709995405161	0.731498558995	0.719156063598	0.717351227701	0.726337886309	0.696131612427	0.781751002541	0.76985638974	0.748706642665	0.756401990771	0.745434522671	0.768454788061	0.735838628099	0.770379000716	0.767890028239	0.751171562572	0.711869082996	0.749534459887	0.803362541869	0.764358864409	0.780039426441	0.750632089843	0.724151312949	0.773354254801	0.715601320701	0.707988772398	0.718181527971	0.683728133979	0.748875260957	0.726593342273	0.735280678707	0.761782222569	0.761117365796	0.734347044209	0.743235430463
CB8	0.608204581704	0.643133144695	0.593688296967	0.0	0.595034251662	0.620465306066	0.603614503292	0.663334399834	0.630581669243	0.594418131395	0.606470614924	0.533009190558	0.527671635374	0.561970048544	0.612645854606	0.651026404071	0.647202669213	0.625613527492	0.669931364733	0.676572613263	0.735579130159	0.691605358668	0.665547306649	0.587749523214	0.644157084046	0.636497197569	0.621775853385	0.64275445816	0.596901752065	0.635002254098	0.676670627887	0.636220115096	0.843377116408	0.766682530429	0.861277925005	0.80377671216	0.874985926876	0.841528610572	0.860416091497	0.806314909455	0.888337112974	0.773958913632	0.857201715406	0.774045798205	0.86700298296	0.823195231818	0.83638240737	0.772052510102	0.722227724999	0.731152161253	0.68326091927	0.7114352255	0.715363348913	0.732931312696	0.722577415541	0.687250476769	0.730035259533	0.686276236863	0.723484207644	0.711932365661	0.715976676577	0.736730538473	0.693018254053	0.759821246437	0.767899775082	0.795053766469	0.726681843209	0.772037911414	0.76917832783	0.724987118453	0.765913367619	0.779124761838	0.741961246118	0.680666374822	0.788275615396	0.81139911592	0.76704237441	0.772433395038	0.768815143063	0.722079592523	0.756041097723	0.738414672199	0.736713863899	0.736070264977	0.700652839937	0.726525809164	0.724877526674	0.743650231738	0.760401482808	0.734350128108	0.727724556678	0.762598773843
CC7	0.64562042097	0.592087750378	0.594769306872	0.595034251662	0.0	0.593556932577	0.610940403304	0.681357689588	0.655136708394	0.618237335733	0.501179673048	0.470547848975	0.615748252071	0.585617509443	0.598519685467	0.65060058596	0.579938691691	0.602408094128	0.658240123947	0.666517901454	0.742094420614	0.71214115382	0.587844066149	0.572752685216	0.585659242415	0.563305376094	0.618027506956	0.644436907226	0.594936951976	0.556919085076	0.633613856084	0.604464973375	0.865451512663	0.796125037609	0.882954731867	0.838624657184	0.900903480428	0.863534286967	0.887291497959	0.850141808645	0.910007238919	0.812469026153	0.883200286245	0.793255192991	0.893774884021	0.866792055794	0.867067666857	0.781004335803	0.733590946693	0.728572734223	0.732546716886	0.712104001495	0.757277948272	0.713490095557	0.729669970219	0.689893497938	0.740316387389	0.714080719933	0.748400240171	0.711587788458	0.715807385105	0.742220526132	0.718882003755	0.783918118088	0.744060172093	0.782793844182	0.746824069356	0.768195871869	0.788420127255	0.744916103334	0.750634951409	0.75998640635	0.747004482969	0.685146007085	0.788917451652	0.806749199099	0.771732346904	0.756745510713	0.765223535469	0.735036842067	0.742454163587	0.732644478338	0.753860343206	0.726328130785	0.69380823662	0.755654814873	0.724139768237	0.754194218911	0.759469835222	0.740472669682	0.734881891798	0.755452253412
CC8	0.676624396152	0.628698017216	0.654707987069	0.620465306066	0.593556932577	0.0	0.618166151369	0.680227452771	0.648493381975	0.588808877619	0.549071192472	0.562716581943	0.658433837016	0.632423435843	0.658832996327	0.662825519232	0.660210241067	0.659946361052	0.699196756431	0.693993878512	0.702977244586	0.662686118117	0.639688089012	0.604066497118	0.603668036669	0.642019415547	0.662352976659	0.676529648461	0.64916004979	0.645932218996	0.689435019071	0.647373685609	0.867305075124	0.794441507104	0.881874010769	0.806097134644	0.892885373953	0.85660821176	0.88373926308	0.80728002324	0.900142031336	0.810601092029	0.887475155655	0.79033187572	0.885156140372	0.853034317951	0.859339380214	0.720359357888	0.716404994999	0.729092184396	0.733515887526	0.67792755281	0.708151559561	0.68534566377	0.701848659331	0.695123357841	0.713924607213	0.683525921693	0.708815535534	0.704065732213	0.720428427535	0.715188128907	0.718036540809	0.785649955093	0.725223093644	0.758738223729	0.724947326811	0.78941749819	0.728687077205	0.697424063622	0.719693671399	0.725120821978	0.713901589481	0.684913625058	0.766086678941	0.806243507281	0.758430492182	0.71825444294	0.727524413258	0.710953916298	0.705403295664	0.740763862456	0.726878064354	0.756796138383	0.706528128797	0.759376289894	0.722855721983	0.764563295377	0.71087545769	0.718622648717	0.708752774157	0.737840113533
CD7	0.601394335995	0.59719749727	0.604551089366	0.603614503292	0.610940403304	0.618166151369	0.0	0.598155156938	0.562354125253	0.543575583163	0.594115192792	0.580445254869	0.623605565144	0.585452275941	0.569272506211	0.625078393339	0.583575997624	0.633848279983	0.678855000583	0.697845680799	0.69690526928	0.642634777419	0.696715439352	0.655084362276	0.570825385454	0.661353843983	0.571907699341	0.679844812428	0.640168813518	0.614120683969	0.633617430713	0.614176417322	0.834932128546	0.771278691139	0.853670302844	0.776292976336	0.875528986155	0.833400484871	0.851500413796	0.786735726795	0.88069768207	0.767252662713	0.855195467025	0.765482782844	0.858277115875	0.826998992889	0.824419421508	0.693316680242	0.680231163588	0.637249691404	0.687939011374	0.663930465246	0.640593486397	0.602962401168	0.66721019226	0.592349572031	0.64728990052	0.657370020233	0.647967320766	0.603835923472	0.667667799061	0.661099949315	0.644451447709	0.768032953683	0.750553117229	0.743285890078	0.739514823306	0.710043863257	0.715687660425	0.692025519036	0.741176144864	0.744167091365	0.724141417846	0.677627522731	0.751452900877	0.79355684761	0.725182254268	0.68740418547	0.675612784235	0.623017687001	0.704479375944	0.683732313779	0.65119664795	0.629483776793	0.627341039099	0.671185130177	0.662810766135	0.716304677377	0.659926893358	0.677502871653	0.638527061998	0.612358148917
CD8	0.590775200908	0.616629032592	0.665569586402	0.663334399834	0.681357689588	0.680227452771	0.598155156938	0.0	0.571759122305	0.559209601619	0.645131392863	0.652968642549	0.646199039762	0.649395439858	0.596295231688	0.618312156905	0.719179700556	0.691386574996	0.674601824921	0.712125623753	0.709432542651	0.675817749595	0.759637943578	0.74198191488	0.680497851417	0.714886234896	0.680786614215	0.706248523427	0.674917761748	0.66220075409	0.697599546268	0.694847266793	0.794147102799	0.720325827426	0.800994996444	0.712371584707	0.832045682004	0.780459191084	0.818861173066	0.72834009737	0.843525461696	0.744796619047	0.813483190194	0.691609927787	0.798287725177	0.780732070701	0.784595799859	0.650348901319	0.585074038155	0.666136987693	0.663220960067	0.608548568766	0.673987681619	0.648268036767	0.672094569629	0.651267913406	0.631116613869	0.599494006261	0.635147134527	0.616624323176	0.655456012649	0.648931734051	0.621715617187	0.727587368179	0.684797034139	0.668520156963	0.717029195973	0.738130498295	0.711146281224	0.685232449577	0.71384677904	0.658218602228	0.721570355012	0.659097071497	0.67063310596	0.76555808222	0.706472630132	0.721722437571	0.666277009325	0.616954797291	0.748204277271	0.645345472975	0.615627002345	0.642236973079	0.550711001084	0.711422913983	0.651240923636	0.638317829586	0.714300145088	0.679147848247	0.654689445368	0.685425201239
CE7	0.598494719037	0.622464015817	0.614827172363	0.630581669243	0.655136708394	0.648493381975	0.562354125253	0.571759122305	0.0	0.551474651347	0.646719016796	0.632057294276	0.670971562994	0.630404525956	0.563122824335	0.609667284507	0.677817365769	0.691768604956	0.674878451289	0.72666263285	0.691972161243	0.667378029505	0.734154298337	0.679091376218	0.66805550202	0.674587243715	0.659400492742	0.688952364634	0.668250974059	0.628665664518	0.650353923776	0.670817456908	0.799942468705	0.752613027023	0.820990956537	0.734118397428	0.839354882798	0.789695309666	0.79458190254	0.744588479865	0.853082335026	0.734450878316	0.812637835404	0.730118032021	0.828870979289	0.795413642376	0.801843317324	0.69845124633	0.620353219463	0.682757882898	0.665086988426	0.664968760998	0.653763092096	0.600428327276	0.633575969293	0.584403945443	0.651080009699	0.617232136543	0.644118558583	0.64466256794	0.660532983101	0.684543306199	0.643332125752	0.746536284294	0.693358473782	0.686074381324	0.711087764677	0.717178951137	0.711494430628	0.672536132744	0.719102218502	0.67893544891	0.728513551771	0.653412115306	0.691229597701	0.752066859022	0.707354410394	0.705955539539	0.680595220896	0.63885819515	0.724343191822	0.650485978764	0.651568930413	0.70536651141	0.566863500411	0.674322453362	0.653961074269	0.678045954667	0.681376836242	0.675492799418	0.648881309137	0.689897587292
CE8	0.612210483192	0.602168799172	0.646500515331	0.594418131395	0.618237335733	0.588808877619	0.543575583163	0.559209601619	0.551474651347	0.0	0.604529356448	0.558192788153	0.65122668117	0.615830654475	0.565776185207	0.619812924115	0.645603998912	0.659100279537	0.664221626481	0.699775039194	0.683149005208	0.652907481906	0.703469367576	0.647538106	0.651712402884	0.657187543746	0.623179825687	0.650189526812	0.632157261779	0.616643070018	0.620432554305	0.636650841951	0.814354453943	0.761323780612	0.829462733567	0.772665713453	0.835843336441	0.799463542863	0.830998068024	0.793147577685	0.856311106122	0.7431899452	0.838324833734	0.727976015655	0.833793295792	0.818817687044	0.818695714111	0.691172682356	0.656666382096	0.680428282752	0.666891124232	0.659835826642	0.63343894045	0.635784755216	0.689823302008	0.629480079681	0.697131678317	0.657231124432	0.657131693517	0.674371137816	0.635849748593	0.64711907252	0.655506225104	0.7460564158	0.694790998588	0.736131300154	0.697315873257	0.727068004715	0.727975986956	0.645949686176	0.718776551402	0.708188897381	0.715166679081	0.647670103	0.735781413414	0.774524233651	0.713209826793	0.683605938793	0.67954535965	0.618804468445	0.68428153652	0.643968246055	0.703605366938	0.641188559327	0.583196449182	0.688628042463	0.647724950616	0.690256498577	0.685193396498	0.679083922945	0.66837696468	0.705600839729
CF7	0.639383785305	0.613216128009	0.574594191237	0.606470614924	0.501179673048	0.549071192472	0.594115192792	0.645131392863	0.646719016796	0.604529356448	0.0	0.479402473429	0.565311049658	0.539042322919	0.611903552296	0.651199148819	0.613201597557	0.614747099784	0.658945176836	0.663718580293	0.701110647383	0.662184552816	0.614013902461	0.61247991052	0.553435971069	0.578514584427	0.616815780594	0.631259891545	0.599901404424	0.609187096411	0.638382958765	0.624851951985	0.862226056438	0.80084221492	0.880371367573	0.819667945635	0.898025033156	0.862301351606	0.884687564321	0.81506738491	0.906302954084	0.807548006564	0.880259241784	0.8011743042	0.889190751333	0.852856825446	0.851871557476	0.729531580444	0.707796857241	0.700392200966	0.695989081477	0.672150920009	0.716958000191	0.67964241954	0.696970647413	0.65470294053	0.709761549824	0.68919235324	0.714375498549	0.703228197401	0.698797772681	0.70706922755	0.700824645789	0.791835872945	0.725016388467	0.75505111599	0.721711253333	0.757984590865	0.737939979968	0.712331941169	0.72138848795	0.728313202702	0.704674247808	0.694570485827	0.745028079418	0.808406209827	0.772630469979	0.740802145352	0.72988135315	0.702098928377	0.728925755191	0.727919873144	0.699739811591	0.710762206589	0.671566649257	0.744828035212	0.698347460439	0.75445327008	0.722287236705	0.731391885414	0.711790810759	0.722235491021
CF8	0.629415568459	0.622833606491	0.60871213416	0.533009190558	0.470547848975	0.562716581943	0.580445254869	0.652968642549	0.632057294276	0.558192788153	0.479402473429	0.0	0.597475814417	0.550663536235	0.59096168779	0.64576892154	0.607528706643	0.585528536791	0.649805417456	0.663441996037	0.696310696783	0.654802325326	0.601157136836	0.578207700833	0.610347314133	0.586192186501	0.584614283857	0.632914986915	0.606022323565	0.584643755273	0.653463633508	0.6139858232	0.855990865205	0.776790385274	0.8710652008	0.824473479523	0.876454737246	0.850262203282	0.868246327242	0.824012858768	0.891173040313	0.796348077328	0.870964876154	0.782475411641	0.879179480206	0.835370353442	0.837729355748	0.755410121126	0.699212139736	0.724148161659	0.692507442541	0.714548180484	0.705835405997	0.694752880157	0.709041112846	0.66891446638	0.724060762754	0.668930044536	0.711899402587	0.6943400207	0.700957372076	0.728841681058	0.67791552864	0.761997176945	0.724275574274	0.766360636939	0.712861317944	0.742391160994	0.744746744667	0.696984376157	0.728606775509	0.735011473735	0.691825057439	0.651260402132	0.76633612563	0.788475936988	0.756827635095	0.74058152558	0.749383491334	0.69472258913	0.729246301581	0.73127931699	0.730202482751	0.700770766376	0.659011612376	0.740264888442	0.705145517043	0.735040212499	0.743591858413	0.710894890081	0.716456732949	0.742764194778
CG7	0.635747718097	0.609836050464	0.540896084062	0.527671635374	0.615748252071	0.658433837016	0.623605565144	0.646199039762	0.670971562994	0.65122668117	0.565311049658	0.597475814417	0.0	0.565421433185	0.632947203943	0.637354827977	0.652542915079	0.665500472505	0.661815294941	0.649321383989	0.699445044816	0.681131272088	0.642183233619	0.623710457831	0.616176798338	0.600828500038	0.647067549293	0.652548112121	0.620283784179	0.621734275275	0.709272605841	0.601843820961	0.865834302377	0.789589874552	0.866549260675	0.833290777898	0.880576180163	0.855709974706	0.886296426364	0.817669505862	0.905212306583	0.797627121144	0.878204498025	0.790438820263	0.86434416886	0.839921671847	0.851801962428	0.786113556059	0.718403457374	0.763249315886	0.71481169314	0.71412621168	0.756415854193	0.749221153272	0.758352195424	0.718207338586	0.735677207991	0.719853118336	0.748687312566	0.743690608766	0.741541390813	0.752861462799	0.721717572302	0.788488446893	0.791175073879	0.790565235354	0.776871192102	0.774164052041	0.786921984072	0.746671294703	0.792455982481	0.788299269996	0.757533646905	0.722747408393	0.778319313143	0.811914088634	0.784232706962	0.782132244859	0.787452267517	0.737889424006	0.779398214919	0.715421763168	0.719437771467	0.717403062803	0.688835699596	0.754616490405	0.725310740362	0.765875712861	0.772651670213	0.763606509944	0.73789426466	0.770190513116
CG8	0.636211831511	0.623267976043	0.538543111797	0.561970048544	0.585617509443	0.632423435843	0.585452275941	0.649395439858	0.630404525956	0.615830654475	0.539042322919	0.550663536235	0.565421433185	0.0	0.598947251995	0.630551444723	0.641617897134	0.588059966632	0.647362002718	0.65383850465	0.720000970653	0.666571072585	0.640787422514	0.61338548971	0.59853364235	0.650728987076	0.590268198731	0.643661534069	0.633033299625	0.608547634272	0.649872049393	0.620199590324	0.862852885024	0.774787013447	0.865526704499	0.795424412874	0.877386674708	0.84356364534	0.866484201622	0.780118500299	0.897901455974	0.78597474707	0.868123460835	0.762658960402	0.863289688971	0.845526784016	0.851861088685	0.759334187709	0.717922778015	0.72208888701	0.70992032733	0.705229487246	0.735875685778	0.70166786746	0.7220401859	0.676937722256	0.686328110861	0.719618440237	0.727364546925	0.712670078566	0.735931221253	0.728389616961	0.723461561243	0.735752957439	0.692234160473	0.701223305857	0.723475517832	0.726826882305	0.742496037308	0.701113802162	0.718384082152	0.701399930349	0.705281141572	0.64672335504	0.683898253094	0.785024292232	0.743342459039	0.745146242415	0.759699530965	0.689041226811	0.745750527472	0.691071933203	0.698268088567	0.707009674823	0.662057845762	0.751326980656	0.728342916028	0.738121129918	0.725720478775	0.735104625389	0.709958161371	0.74291477001
CH7	0.537361664977	0.508902224376	0.594835463714	0.612645854606	0.598519685467	0.658832996327	0.569272506211	0.596295231688	0.563122824335	0.565776185207	0.611903552296	0.59096168779	0.632947203943	0.598947251995	0.0	0.550726971521	0.641413641994	0.637947531643	0.627113609757	0.673858890698	0.687278100378	0.640272566803	0.706200473541	0.681955824733	0.648084461393	0.656248079854	0.644004301833	0.699857861481	0.617299314992	0.581425573001	0.61594958126	0.629315278059	0.781440524692	0.720135689955	0.80910968673	0.740585511044	0.820789975211	0.776773135052	0.810038327845	0.775301130014	0.844468502848	0.714302620441	0.815268117823	0.681577630296	0.802451824853	0.78918024576	0.799093424014	0.729882188073	0.668527111186	0.65392595546	0.658550431462	0.662455925993	0.67523592397	0.673753428854	0.682979473752	0.655684263179	0.697081021044	0.662887838261	0.688561715067	0.62042510192	0.678657249234	0.659926422403	0.626579893288	0.719531361055	0.723058593874	0.720325879729	0.728813826026	0.711439086373	0.705035674743	0.665185007881	0.741023334107	0.743670239261	0.700337726681	0.661748235094	0.713519780022	0.756620318072	0.690318749988	0.723573624181	0.70669354144	0.669523150636	0.720798414112	0.642109254597	0.68146412832	0.677217401999	0.624576889254	0.663743098173	0.645057666873	0.641816933095	0.708227401558	0.703793460122	0.679709752733	0.699182661401
CH8	0.537469664585	0.583479410643	0.623611076778	0.651026404071	0.65060058596	0.662825519232	0.625078393339	0.618312156905	0.609667284507	0.619812924115	0.651199148819	0.64576892154	0.637354827977	0.630551444723	0.550726971521	0.0	0.687843911508	0.679756122457	0.632657704846	0.650827431498	0.73018450422	0.684550140886	0.721252459478	0.690588887693	0.673650328911	0.671943689961	0.667716629412	0.709449183444	0.649786017672	0.632345995464	0.690998063941	0.646323826476	0.798939367975	0.71183385895	0.808911784651	0.763360078067	0.83408562728	0.778357966449	0.811315901326	0.745074275616	0.848180781997	0.708502349754	0.816212700203	0.724339890675	0.83103260946	0.80636190928	0.809791144714	0.733928315172	0.708336212834	0.693972097085	0.702974300474	0.698989498426	0.71650217583	0.702826879364	0.726791276069	0.648782515206	0.715437950818	0.707767630206	0.709085356382	0.681501896307	0.716833812386	0.717767718417	0.666647494145	0.738579921515	0.752137079325	0.752272753491	0.748005287419	0.748166553641	0.750647716557	0.717064753957	0.775275389845	0.723330334511	0.746558860549	0.698164464421	0.752698802628	0.805362478656	0.711342405107	0.764800357346	0.722166690791	0.723809232304	0.773823736407	0.681741453863	0.695156836275	0.721873951998	0.696726142932	0.707838713591	0.695288266519	0.680585533409	0.757701672466	0.712850608334	0.72211085046	0.746905433772
CA1	0.700819295369	0.647980113013	0.618082156975	0.647202669213	0.579938691691	0.660210241067	0.583575997624	0.719179700556	0.677817365769	0.645603998912	0.613201597557	0.607528706643	0.652542915079	0.641617897134	0.641413641994	0.687843911508	0.0	0.476610610952	0.619688411058	0.621620325374	0.705692540239	0.650769463762	0.618539095791	0.585135741732	0.528407055306	0.587563478086	0.546748531826	0.631645763258	0.56007628369	0.541979227476	0.630912832735	0.571322854432	0.882283615508	0.827459797041	0.908435847672	0.854591051194	0.909506559733	0.881876857556	0.893308303501	0.864030138441	0.926954402121	0.830699937925	0.894854094826	0.816097208137	0.89403079542	0.882720816097	0.886673316471	0.771158384225	0.764442128482	0.727573136085	0.780423607213	0.737699159809	0.735334941457	0.741813442851	0.745767717262	0.726173529763	0.752035309844	0.751851754975	0.755833659998	0.712687240307	0.75711262256	0.72618063075	0.758468561659	0.79100843638	0.725943189669	0.777379866379	0.781170023786	0.693388364148	0.772490020945	0.752041694165	0.768979568904	0.73527784298	0.749577854925	0.721837077227	0.776899956404	0.781184402864	0.772442343993	0.787315089473	0.740602815355	0.764417171595	0.77370309608	0.739214665532	0.768956240871	0.711409827521	0.731426589067	0.768066645976	0.751371067941	0.792356529303	0.772348584794	0.786099620278	0.762033031585	0.727818084417
CA2	0.707445689167	0.651980960907	0.631242906421	0.625613527492	0.602408094128	0.659946361052	0.633848279983	0.691386574996	0.691768604956	0.659100279537	0.614747099784	0.585528536791	0.665500472505	0.588059966632	0.637947531643	0.679756122457	0.476610610952	0.0	0.584963694628	0.598375052734	0.680575227759	0.622818938582	0.6164022506	0.597302875374	0.589023549329	0.602603536645	0.545545274157	0.589924251512	0.553138866046	0.556497432189	0.57673157468	0.545876536558	0.89088336392	0.815185534906	0.907241313874	0.844224346875	0.8964248585	0.878314354307	0.898079757537	0.833970284946	0.927770824408	0.830503829281	0.907470037382	0.807149244748	0.896204316884	0.879839540945	0.88408791155	0.768165901948	0.742049387902	0.75186228419	0.766082069696	0.73636115983	0.752053290765	0.724203427003	0.728151364468	0.705260115942	0.724555958478	0.73096719631	0.727665322586	0.711439473968	0.742523095713	0.751774076003	0.737154569552	0.773539823921	0.706900663807	0.772876142538	0.76055431324	0.724466935907	0.730127367627	0.73204733152	0.718638723127	0.710186866006	0.703779777473	0.708897562779	0.763287627824	0.782659475599	0.754574157627	0.787151888907	0.770756151411	0.727496296659	0.756470302253	0.744934031506	0.738961245302	0.73481519955	0.716093221585	0.769505226472	0.736632595287	0.761691900062	0.758925782146	0.747980868619	0.735311444733	0.745858727744
CB1	0.683349287415	0.63834018687	0.614349953846	0.669931364733	0.658240123947	0.699196756431	0.678855000583	0.674601824921	0.674878451289	0.664221626481	0.658945176836	0.649805417456	0.661815294941	0.647362002718	0.627113609757	0.632657704846	0.619688411058	0.584963694628	0.0	0.51266851794	0.70300340005	0.660685853548	0.631708172055	0.62824398718	0.59535520319	0.596545997011	0.608353471085	0.607198287151	0.535384295402	0.527547009192	0.621490460343	0.580708222778	0.854133243382	0.789416638507	0.869374705958	0.822346786715	0.859388947149	0.832009713264	0.868063629266	0.819471757318	0.903341921025	0.781473632787	0.870418697517	0.772262485575	0.86706696207	0.84140046705	0.864542145594	0.796644706898	0.747458361617	0.775185595366	0.748515210728	0.756023308662	0.772409419095	0.748748444434	0.772049388157	0.72699187292	0.757703386354	0.75984310981	0.766816714084	0.739690408315	0.744017528212	0.770473743351	0.739764632585	0.777504702522	0.768962343846	0.77165794104	0.770373880014	0.7419565189	0.767564685798	0.737764984822	0.791944499742	0.774625546653	0.777383203242	0.711742066021	0.77990434167	0.802101993473	0.770371350923	0.813139766572	0.781389409072	0.771842961292	0.803776351937	0.766308842555	0.734104283754	0.756423273324	0.726747859409	0.772186251091	0.754874914441	0.738439150612	0.812350830917	0.786658641591	0.781669320167	0.796726810586
CB2	0.700058222241	0.647729534389	0.609208273157	0.676572613263	0.666517901454	0.693993878512	0.697845680799	0.712125623753	0.72666263285	0.699775039194	0.663718580293	0.663441996037	0.649321383989	0.65383850465	0.673858890698	0.650827431498	0.621620325374	0.598375052734	0.51266851794	0.0	0.713541922074	0.657071679699	0.631403263693	0.620851799988	0.606073703915	0.616907608683	0.614811775061	0.635379730994	0.546037987545	0.531539991766	0.646702796637	0.540646212885	0.858823069882	0.773538883963	0.872478597722	0.822730160499	0.880579905209	0.839212512143	0.863795051406	0.827621192419	0.90408139819	0.790928795156	0.874981511149	0.766493106548	0.873060661814	0.846724494511	0.871278002761	0.820159723778	0.788466905646	0.795891953766	0.780482478065	0.755164421814	0.794735230474	0.774449780398	0.790255043587	0.763001667387	0.770343211398	0.767886589847	0.797455355289	0.786360293822	0.776849832833	0.790089043917	0.775493323697	0.773754363738	0.797083591555	0.803643030022	0.800388726611	0.778240587012	0.801019704992	0.773473732036	0.81212350252	0.780419368388	0.787556766115	0.75634297232	0.800096876395	0.827757415016	0.794742377322	0.827077094078	0.803524274143	0.794131069213	0.808464600611	0.763486750144	0.775486738459	0.772731949049	0.74750219845	0.814760078439	0.799278146379	0.774112345261	0.810835709038	0.797880117048	0.796312890474	0.822712670151
CC1	0.719360939141	0.688781805802	0.709866411926	0.735579130159	0.742094420614	0.702977244586	0.69690526928	0.709432542651	0.691972161243	0.683149005208	0.701110647383	0.696310696783	0.699445044816	0.720000970653	0.687278100378	0.73018450422	0.705692540239	0.680575227759	0.70300340005	0.713541922074	0.0	0.44702708174	0.770220747001	0.761723777764	0.674167723551	0.727904086047	0.705868937397	0.669290137852	0.694873171854	0.704738574725	0.701157022339	0.700738426363	0.862128431291	0.811527926541	0.886193325097	0.818928416039	0.880922064879	0.862576102718	0.868744928774	0.816329711109	0.903576114598	0.807754023532	0.875722144078	0.80025586526	0.877524235216	0.846472656437	0.85651753934	0.689221446527	0.683200016905	0.699894046528	0.712753632226	0.69051065563	0.678948320814	0.698236769484	0.695972740127	0.715895493143	0.683148886521	0.663781999004	0.666335558994	0.707473800091	0.694799454377	0.642041369015	0.683891625862	0.778629910329	0.741075278589	0.760246204481	0.724551158751	0.77013892766	0.740739723151	0.684460982168	0.728692849276	0.71204193533	0.698356115327	0.704624032362	0.757921129428	0.788433710505	0.760126736849	0.714225743932	0.681095934484	0.703094635419	0.710463329617	0.693467176658	0.717718084582	0.721986593787	0.685513127298	0.729656821581	0.6973272468	0.736533743955	0.712506499679	0.70067648059	0.690077456736	0.736074628306
CC2	0.669824716818	0.648586739084	0.662885669327	0.691605358668	0.71214115382	0.662686118117	0.642634777419	0.675817749595	0.667378029505	0.652907481906	0.662184552816	0.654802325326	0.681131272088	0.666571072585	0.640272566803	0.684550140886	0.650769463762	0.622818938582	0.660685853548	0.657071679699	0.44702708174	0.0	0.720794727511	0.719652967759	0.649886999605	0.665711471757	0.615728156117	0.613167378569	0.652919833636	0.657676120814	0.618168060159	0.636034787612	0.866689378299	0.798151346337	0.878665908284	0.825745353565	0.880591761541	0.858884746798	0.872121947418	0.812857672239	0.905220735096	0.810677060077	0.879055796002	0.791163862375	0.880383036248	0.854716058416	0.856153651717	0.689465627424	0.67675218168	0.697362295911	0.720788053261	0.693271425295	0.675878982935	0.686755708976	0.679847829171	0.705910605177	0.696208881129	0.680998439808	0.674797151609	0.698561555543	0.684889028181	0.682216612533	0.686056695861	0.764189911286	0.705914633832	0.740595799725	0.715611320687	0.725236893456	0.732944979488	0.658984674724	0.739251351796	0.691294653669	0.70546790756	0.684997955264	0.730621511103	0.76115976306	0.743249401094	0.739799276922	0.697633616072	0.703450619671	0.715426737442	0.702759620966	0.701175001615	0.727021500634	0.691109037799	0.734012950497	0.694068485031	0.74909551813	0.720168227075	0.70874529459	0.720500261592	0.72898801302
CD1	0.741004172619	0.675511594489	0.640131393285	0.665547306649	0.587844066149	0.639688089012	0.696715439352	0.759637943578	0.734154298337	0.703469367576	0.614013902461	0.601157136836	0.642183233619	0.640787422514	0.706200473541	0.721252459478	0.618539095791	0.6164022506	0.631708172055	0.631403263693	0.770220747001	0.720794727511	0.0	0.507254649197	0.558109618086	0.507699890278	0.623925172884	0.674075676362	0.587574493027	0.59547703724	0.687030933039	0.580216838954	0.927793192901	0.86820890971	0.928663166489	0.896193003408	0.934419055022	0.914817411373	0.935535302668	0.891726816249	0.956693516981	0.866847659177	0.940125438143	0.846130272713	0.920583449453	0.920992133303	0.923199750312	0.856297018363	0.817275170982	0.839015912103	0.823815891766	0.79445201156	0.830155632854	0.806599255129	0.824101915949	0.792252373396	0.821946797113	0.803076728578	0.833276594502	0.825876741673	0.813270695673	0.834135491414	0.827689841109	0.811801894731	0.78127578363	0.812469208238	0.810031837917	0.764765232859	0.821881469108	0.797201008717	0.804051062934	0.804293881443	0.787340547469	0.768304360327	0.813215091733	0.817908703667	0.834046811338	0.840370705053	0.850178094036	0.824059965407	0.806354125483	0.806303284538	0.817968703803	0.807955780119	0.798659638545	0.845554217715	0.825419035537	0.833289861082	0.831352535502	0.81851967559	0.834115567163	0.849232005064
CD2	0.719972070295	0.676396198968	0.613635561665	0.587749523214	0.572752685216	0.604066497118	0.655084362276	0.74198191488	0.679091376218	0.647538106	0.61247991052	0.578207700833	0.623710457831	0.61338548971	0.681955824733	0.690588887693	0.585135741732	0.597302875374	0.62824398718	0.620851799988	0.761723777764	0.719652967759	0.507254649197	0.0	0.564325915625	0.508432542448	0.580729541888	0.629596321884	0.568630179654	0.567237655204	0.66909832747	0.55320143252	0.912799277413	0.840509552429	0.918539027128	0.875695766059	0.917507792264	0.899531037062	0.919412448079	0.871510700575	0.940631603944	0.847402583463	0.925765108011	0.841871657072	0.906680295017	0.902704772554	0.905342942711	0.834664365783	0.800900204019	0.818940376202	0.820709551507	0.773450581155	0.78731875761	0.779421644453	0.813752935651	0.751372191884	0.796621684174	0.791127948056	0.800066861718	0.808203730031	0.782590427836	0.813977500463	0.80238046444	0.8187332462	0.77310455047	0.812317892136	0.793011503067	0.769056702798	0.818711332428	0.796286170728	0.796458851045	0.798552623131	0.772291902385	0.758697525637	0.8093559089	0.827935165215	0.819900660444	0.813370845886	0.833234389935	0.783085075658	0.804149298408	0.799659720365	0.789491807455	0.781125806952	0.752432008811	0.818866542158	0.805652222609	0.816910810548	0.797638956484	0.804363968482	0.797648369127	0.810818884118
CE1	0.68536086683	0.629291149648	0.582869330906	0.644157084046	0.585659242415	0.603668036669	0.570825385454	0.680497851417	0.66805550202	0.651712402884	0.553435971069	0.610347314133	0.616176798338	0.59853364235	0.648084461393	0.673650328911	0.528407055306	0.589023549329	0.59535520319	0.606073703915	0.674167723551	0.649886999605	0.558109618086	0.564325915625	0.0	0.524937777111	0.547712245309	0.626348961069	0.545708829705	0.582340761476	0.665135026371	0.560747361455	0.899631342482	0.830833777124	0.909587561813	0.849350163244	0.910517428046	0.891155213706	0.911019211888	0.838227125882	0.937993581758	0.843117604369	0.916507160879	0.814767926159	0.898347517393	0.896913462258	0.900260549031	0.750351640224	0.753239689731	0.71590815524	0.759294368063	0.727550758875	0.737498792233	0.722947393539	0.746610797387	0.717519873586	0.744584524977	0.745423944328	0.762327637336	0.714992140431	0.75638425296	0.721389854619	0.773075513788	0.783351024843	0.734165285667	0.769818491582	0.77861875825	0.699072194208	0.77270944257	0.735398869331	0.772949527788	0.748360490923	0.768179916925	0.760060098176	0.758503511302	0.796107745969	0.78204705663	0.781154731304	0.738459577823	0.745731040837	0.775216850313	0.752684733692	0.743593922527	0.719661630855	0.72195302659	0.789747477614	0.736097323286	0.774583391468	0.766773756694	0.788142406655	0.747034221172	0.722024540217
CE2	0.679359341809	0.64539095317	0.6259322777	0.636497197569	0.563305376094	0.642019415547	0.661353843983	0.714886234896	0.674587243715	0.657187543746	0.578514584427	0.586192186501	0.600828500038	0.650728987076	0.656248079854	0.671943689961	0.587563478086	0.602603536645	0.596545997011	0.616907608683	0.727904086047	0.665711471757	0.507699890278	0.508432542448	0.524937777111	0.0	0.60225611337	0.606514239998	0.55442533388	0.535682356962	0.67282442403	0.563012078512	0.907228710048	0.838500316496	0.91227325858	0.876944562522	0.924404547953	0.8975014967	0.918401566911	0.869501615982	0.945201905217	0.850996898969	0.925914950685	0.835270082157	0.912139770666	0.898378640545	0.897578787715	0.796803132186	0.766085616626	0.769081699181	0.75519415799	0.755524581505	0.766707001233	0.748214388777	0.758927614192	0.716449167648	0.776474075359	0.757148362666	0.792831878081	0.782998458617	0.759122450784	0.775132534811	0.777171703349	0.805126385921	0.761397583968	0.79756795386	0.756599601159	0.737686758084	0.804050207101	0.740849919473	0.795122806255	0.768436215141	0.775706692304	0.73705413552	0.805527689494	0.796588698814	0.799635537782	0.794799660676	0.773875419929	0.79277125601	0.776044573787	0.756505243772	0.765300233908	0.781264459181	0.7651271463	0.786395044851	0.743761595836	0.798114747238	0.775910520789	0.78901922933	0.799268227617	0.809836280005
CF1	0.688143695921	0.657528190294	0.638167598401	0.621775853385	0.618027506956	0.662352976659	0.571907699341	0.680786614215	0.659400492742	0.623179825687	0.616815780594	0.584614283857	0.647067549293	0.590268198731	0.644004301833	0.667716629412	0.546748531826	0.545545274157	0.608353471085	0.614811775061	0.705868937397	0.615728156117	0.623925172884	0.580729541888	0.547712245309	0.60225611337	0.0	0.476017946967	0.572067657437	0.561199823038	0.555738760063	0.574536586434	0.880751276045	0.792632309816	0.892421186454	0.843926289798	0.894395401967	0.868712767419	0.893326910131	0.84571884094	0.912266644944	0.812013256561	0.893301516142	0.789585234998	0.886912688534	0.861560586023	0.867883502995	0.762561486876	0.76217143315	0.734158418045	0.76049618484	0.740216995345	0.689311723547	0.73260508273	0.755429451636	0.715077869462	0.750124630582	0.730031414949	0.736275653621	0.688840394436	0.729580877367	0.715098719877	0.729162306117	0.779898391418	0.722968359211	0.786355885976	0.738668136255	0.706813048304	0.780524335787	0.732639174301	0.752963828014	0.752024808966	0.725364429945	0.689723300251	0.789795862741	0.796353610245	0.780146195858	0.768797297282	0.733121475959	0.724185351345	0.768928366794	0.742021661459	0.749800056192	0.711462361544	0.705487617535	0.776934152135	0.755993252613	0.753715287348	0.768764808195	0.731048226576	0.743905040771	0.713596162177
CF2	0.717347123757	0.686305385275	0.657231871719	0.64275445816	0.644436907226	0.676529648461	0.679844812428	0.706248523427	0.688952364634	0.650189526812	0.631259891545	0.632914986915	0.652548112121	0.643661534069	0.699857861481	0.709449183444	0.631645763258	0.589924251512	0.607198287151	0.635379730994	0.669290137852	0.613167378569	0.674075676362	0.629596321884	0.626348961069	0.606514239998	0.476017946967	0.0	0.576182563212	0.591112446544	0.598249279119	0.617328231227	0.872323860311	0.781085245679	0.882931562446	0.83761943862	0.885857014721	0.85960938532	0.881241367119	0.826902535131	0.905513088011	0.834968634694	0.881830366401	0.804726837609	0.887711910206	0.859907121965	0.861426944659	0.772977814232	0.753887357373	0.754327063601	0.729192196659	0.743489764694	0.720653994834	0.711471186425	0.742660687242	0.724735547305	0.737526452197	0.72034954856	0.734389134296	0.743114274575	0.711985652159	0.725102590433	0.74280211398	0.785603459372	0.731132988113	0.804538327542	0.721384753761	0.759791320612	0.775073424764	0.737756900515	0.7551244408	0.749500056397	0.735748859095	0.72496983978	0.807237280478	0.80329790886	0.78366937395	0.754821199298	0.766896192651	0.746652313872	0.763314882476	0.777300577364	0.756889732978	0.776227921039	0.716103418569	0.785790581588	0.747939850961	0.773156455723	0.759067868539	0.734478628376	0.729512680136	0.774445790792
CG1	0.638596549929	0.614926697738	0.591653141815	0.596901752065	0.594936951976	0.64916004979	0.640168813518	0.674917761748	0.668250974059	0.632157261779	0.599901404424	0.606022323565	0.620283784179	0.633033299625	0.617299314992	0.649786017672	0.56007628369	0.553138866046	0.535384295402	0.546037987545	0.694873171854	0.652919833636	0.587574493027	0.568630179654	0.545708829705	0.55442533388	0.572067657437	0.576182563212	0.0	0.464432285129	0.570392398423	0.519972606276	0.865051424566	0.780402689214	0.88112157795	0.828738112435	0.881606316266	0.856104991162	0.877771872391	0.838901354423	0.906589757393	0.791818097571	0.868542321602	0.783175460974	0.858700348262	0.854767665626	0.869469176559	0.788519397307	0.751288276984	0.756162706703	0.73867083577	0.71886714476	0.754015754553	0.740766155641	0.763203304811	0.726532358195	0.740815236856	0.732261052523	0.763123070264	0.739142053403	0.754501239633	0.754646677581	0.727187318038	0.777476502908	0.732262026498	0.79813242525	0.738659374673	0.747128116724	0.777414248366	0.740605737267	0.770729712816	0.753853360065	0.745144661255	0.686656879909	0.794130561624	0.795197108346	0.779563626919	0.785267484038	0.771924384729	0.747173470594	0.752113569177	0.732983621816	0.736256564408	0.737602983734	0.726432126586	0.751203509344	0.746933143952	0.730906953027	0.763642650058	0.762053393545	0.743505614152	0.772971604599
