	DA5	DB5	DC5	DD5	DE5	DF5	DG5	DH5	DA2	DB2	DC2	DD2	DE2	DF2	DG2	DH2	DA1	DB1	DC1	DD1	DE1	DF1	DG1	DH1	DA4	DB4	DC4	DD4	DE4	DF4	DG4	DH4	DA6	DB6	DC6	DD6	DE6	DF6	DG6	DH6	DA7	DB7	DC7	DD7	DE7	DF7	DG7	DH7	DA8	DB8	DC8	DD8	DF8	DG8	DH8	DA3	DB3	DC3	DD3	DE3	DF3	DG3	DH3
DA5	0.0	0.415204678363	0.488888888889	0.374269005848	0.40350877193	0.454970760234	0.47134502924	0.353216374269	0.564912280702	0.575438596491	0.574269005848	0.72865497076	0.785964912281	0.80350877193	0.624561403509	0.536842105263	0.773099415205	0.777777777778	0.775438596491	0.632748538012	0.633918128655	0.669005847953	0.736842105263	0.757894736842	0.852631578947	0.854970760234	0.706432748538	0.721637426901	0.709941520468	0.719298245614	0.678362573099	0.721637426901	0.915789473684	0.888888888889	0.898245614035	0.929824561404	0.906432748538	0.93216374269	0.918128654971	0.921637426901	0.960233918129	0.956725146199	0.956725146199	0.947368421053	0.963742690058	0.940350877193	0.94269005848	0.962573099415	0.973099415205	0.960233918129	0.971929824561	0.970760233918	0.963742690058	0.954385964912	0.971929824561	0.708771929825	0.585964912281	0.712280701754	0.718128654971	0.625730994152	0.632748538012	0.698245614035	0.645614035088
DB5	0.415204678363	0.0	0.465497076023	0.421052631579	0.445614035088	0.443274853801	0.424561403509	0.432748538012	0.549707602339	0.653801169591	0.646783625731	0.714619883041	0.782456140351	0.824561403509	0.685380116959	0.521637426901	0.791812865497	0.754385964912	0.79649122807	0.636257309942	0.615204678363	0.685380116959	0.702923976608	0.776608187135	0.819883040936	0.819883040936	0.642105263158	0.730994152047	0.730994152047	0.650292397661	0.647953216374	0.644444444444	0.920467836257	0.906432748538	0.915789473684	0.923976608187	0.923976608187	0.936842105263	0.918128654971	0.938011695906	0.961403508772	0.969590643275	0.960233918129	0.945029239766	0.967251461988	0.957894736842	0.956725146199	0.968421052632	0.978947368421	0.974269005848	0.976608187135	0.973099415205	0.977777777778	0.971929824561	0.980116959064	0.702923976608	0.575438596491	0.720467836257	0.719298245614	0.635087719298	0.659649122807	0.693567251462	0.643274853801
DC5	0.488888888889	0.465497076023	0.0	0.492397660819	0.52514619883	0.404678362573	0.449122807018	0.498245614035	0.602339181287	0.704093567251	0.661988304094	0.762573099415	0.817543859649	0.797660818713	0.726315789474	0.625730994152	0.745029239766	0.811695906433	0.788304093567	0.633918128655	0.619883040936	0.638596491228	0.767251461988	0.707602339181	0.895906432749	0.893567251462	0.727485380117	0.734502923977	0.719298245614	0.749707602339	0.681871345029	0.752046783626	0.891228070175	0.878362573099	0.888888888889	0.913450292398	0.892397660819	0.918128654971	0.902923976608	0.918128654971	0.94269005848	0.936842105263	0.936842105263	0.891228070175	0.913450292398	0.914619883041	0.916959064327	0.938011695906	0.962573099415	0.954385964912	0.964912280702	0.952046783626	0.946198830409	0.953216374269	0.968421052632	0.669005847953	0.585964912281	0.676023391813	0.685380116959	0.611695906433	0.66081871345	0.653801169591	0.615204678363
DD5	0.374269005848	0.421052631579	0.492397660819	0.0	0.312280701754	0.469005847953	0.485380116959	0.366081871345	0.547368421053	0.541520467836	0.553216374269	0.73567251462	0.79649122807	0.80350877193	0.622222222222	0.521637426901	0.763742690058	0.788304093567	0.785964912281	0.631578947368	0.624561403509	0.661988304094	0.73918128655	0.753216374269	0.859649122807	0.863157894737	0.734502923977	0.721637426901	0.72514619883	0.756725146199	0.697076023392	0.756725146199	0.901754385965	0.885380116959	0.895906432749	0.915789473684	0.902923976608	0.919298245614	0.904093567251	0.919298245614	0.946198830409	0.952046783626	0.94269005848	0.930994152047	0.957894736842	0.933333333333	0.936842105263	0.950877192982	0.973099415205	0.964912280702	0.967251461988	0.963742690058	0.959064327485	0.967251461988	0.970760233918	0.723976608187	0.60350877193	0.736842105263	0.734502923977	0.624561403509	0.619883040936	0.709941520468	0.663157894737
DE5	0.40350877193	0.445614035088	0.52514619883	0.312280701754	0.0	0.499415204678	0.507602339181	0.368421052632	0.562573099415	0.52865497076	0.556725146199	0.738011695906	0.79649122807	0.80701754386	0.614035087719	0.538011695906	0.780116959064	0.794152046784	0.802339181287	0.638596491228	0.640935672515	0.684210526316	0.746198830409	0.767251461988	0.86432748538	0.86432748538	0.753216374269	0.729824561404	0.741520467836	0.771929824561	0.719298245614	0.773099415205	0.918128654971	0.898245614035	0.907602339181	0.92865497076	0.923976608187	0.929824561404	0.918128654971	0.93567251462	0.960233918129	0.957894736842	0.950877192982	0.948538011696	0.969590643275	0.952046783626	0.940350877193	0.956725146199	0.980116959064	0.974269005848	0.978947368421	0.970760233918	0.968421052632	0.967251461988	0.973099415205	0.746198830409	0.615204678363	0.747368421053	0.754385964912	0.640935672515	0.628070175439	0.734502923977	0.681871345029
DF5	0.454970760234	0.443274853801	0.404678362573	0.469005847953	0.499415204678	0.0	0.418713450292	0.469005847953	0.571929824561	0.67485380117	0.640935672515	0.743859649123	0.80350877193	0.790643274854	0.697076023392	0.595321637427	0.743859649123	0.795321637427	0.794152046784	0.619883040936	0.622222222222	0.633918128655	0.759064327485	0.727485380117	0.879532163743	0.870175438596	0.678362573099	0.718128654971	0.706432748538	0.723976608187	0.635087719298	0.705263157895	0.895906432749	0.878362573099	0.890058479532	0.916959064327	0.886549707602	0.915789473684	0.906432748538	0.912280701754	0.953216374269	0.941520467836	0.936842105263	0.915789473684	0.933333333333	0.919298245614	0.920467836257	0.946198830409	0.969590643275	0.960233918129	0.967251461988	0.964912280702	0.954385964912	0.956725146199	0.966081871345	0.625730994152	0.53567251462	0.647953216374	0.66432748538	0.601169590643	0.645614035088	0.622222222222	0.570760233918
DG5	0.47134502924	0.424561403509	0.449122807018	0.485380116959	0.507602339181	0.418713450292	0.0	0.479532163743	0.59298245614	0.690058479532	0.683040935673	0.727485380117	0.782456140351	0.80701754386	0.715789473684	0.608187134503	0.768421052632	0.79649122807	0.783625730994	0.623391812865	0.628070175439	0.66081871345	0.743859649123	0.753216374269	0.85730994152	0.86081871345	0.658479532164	0.721637426901	0.712280701754	0.699415204678	0.571929824561	0.67485380117	0.914619883041	0.899415204678	0.901754385965	0.929824561404	0.913450292398	0.930994152047	0.920467836257	0.92865497076	0.962573099415	0.968421052632	0.959064327485	0.93918128655	0.956725146199	0.940350877193	0.946198830409	0.967251461988	0.971929824561	0.970760233918	0.975438596491	0.968421052632	0.966081871345	0.960233918129	0.967251461988	0.611695906433	0.581286549708	0.670175438596	0.677192982456	0.617543859649	0.692397660819	0.60350877193	0.59298245614
DH5	0.353216374269	0.432748538012	0.498245614035	0.366081871345	0.368421052632	0.469005847953	0.479532163743	0.0	0.562573099415	0.560233918129	0.554385964912	0.716959064327	0.780116959064	0.788304093567	0.6	0.541520467836	0.755555555556	0.781286549708	0.777777777778	0.625730994152	0.635087719298	0.665497076023	0.736842105263	0.741520467836	0.842105263158	0.847953216374	0.721637426901	0.702923976608	0.706432748538	0.736842105263	0.683040935673	0.73918128655	0.909941520468	0.890058479532	0.891228070175	0.918128654971	0.908771929825	0.915789473684	0.912280701754	0.914619883041	0.955555555556	0.953216374269	0.945029239766	0.929824561404	0.957894736842	0.926315789474	0.926315789474	0.954385964912	0.967251461988	0.956725146199	0.968421052632	0.961403508772	0.960233918129	0.952046783626	0.959064327485	0.707602339181	0.590643274854	0.709941520468	0.715789473684	0.60350877193	0.617543859649	0.711111111111	0.644444444444
DA2	0.564912280702	0.549707602339	0.602339181287	0.547368421053	0.562573099415	0.571929824561	0.59298245614	0.562573099415	0.0	0.611695906433	0.541520467836	0.66783625731	0.716959064327	0.727485380117	0.618713450292	0.430409356725	0.695906432749	0.727485380117	0.734502923977	0.573099415205	0.588304093567	0.666666666667	0.646783625731	0.716959064327	0.787134502924	0.783625730994	0.72865497076	0.708771929825	0.715789473684	0.754385964912	0.679532163743	0.747368421053	0.913450292398	0.900584795322	0.909941520468	0.921637426901	0.900584795322	0.904093567251	0.941520467836	0.914619883041	0.906432748538	0.888888888889	0.905263157895	0.898245614035	0.941520467836	0.866666666667	0.890058479532	0.901754385965	0.907602339181	0.920467836257	0.948538011696	0.918128654971	0.920467836257	0.895906432749	0.895906432749	0.749707602339	0.649122807018	0.718128654971	0.72865497076	0.624561403509	0.612865497076	0.73567251462	0.663157894737
DB2	0.575438596491	0.653801169591	0.704093567251	0.541520467836	0.52865497076	0.67485380117	0.690058479532	0.560233918129	0.611695906433	0.0	0.521637426901	0.642105263158	0.694736842105	0.685380116959	0.46432748538	0.615204678363	0.769590643275	0.846783625731	0.755555555556	0.709941520468	0.768421052632	0.745029239766	0.770760233918	0.72865497076	0.835087719298	0.823391812865	0.885380116959	0.775438596491	0.795321637427	0.905263157895	0.8	0.898245614035	0.914619883041	0.897076023392	0.886549707602	0.93567251462	0.918128654971	0.885380116959	0.933333333333	0.914619883041	0.985964912281	0.967251461988	0.953216374269	0.960233918129	0.987134502924	0.945029239766	0.93216374269	0.974269005848	0.912280701754	0.929824561404	0.955555555556	0.918128654971	0.936842105263	0.885380116959	0.854970760234	0.852631578947	0.748538011696	0.759064327485	0.766081871345	0.663157894737	0.678362573099	0.845614035088	0.730994152047
DC2	0.574269005848	0.646783625731	0.661988304094	0.553216374269	0.556725146199	0.640935672515	0.683040935673	0.554385964912	0.541520467836	0.521637426901	0.0	0.631578947368	0.672514619883	0.605847953216	0.500584795322	0.573099415205	0.631578947368	0.79298245614	0.753216374269	0.701754385965	0.74269005848	0.711111111111	0.757894736842	0.686549707602	0.838596491228	0.833918128655	0.833918128655	0.695906432749	0.718128654971	0.865497076023	0.705263157895	0.86432748538	0.914619883041	0.902923976608	0.892397660819	0.927485380117	0.920467836257	0.888888888889	0.933333333333	0.916959064327	0.966081871345	0.945029239766	0.92514619883	0.926315789474	0.963742690058	0.919298245614	0.915789473684	0.953216374269	0.87134502924	0.887719298246	0.908771929825	0.877192982456	0.890058479532	0.850292397661	0.801169590643	0.775438596491	0.679532163743	0.672514619883	0.669005847953	0.568421052632	0.608187134503	0.776608187135	0.656140350877
DD2	0.72865497076	0.714619883041	0.762573099415	0.73567251462	0.738011695906	0.743859649123	0.727485380117	0.716959064327	0.66783625731	0.642105263158	0.631578947368	0.0	0.465497076023	0.549707602339	0.581286549708	0.695906432749	0.672514619883	0.769590643275	0.699415204678	0.715789473684	0.721637426901	0.73918128655	0.690058479532	0.67485380117	0.755555555556	0.755555555556	0.815204678363	0.738011695906	0.780116959064	0.844444444444	0.757894736842	0.842105263158	0.900584795322	0.888888888889	0.87134502924	0.927485380117	0.907602339181	0.873684210526	0.912280701754	0.901754385965	0.970760233918	0.955555555556	0.940350877193	0.943859649123	0.974269005848	0.927485380117	0.92514619883	0.969590643275	0.912280701754	0.929824561404	0.956725146199	0.92514619883	0.936842105263	0.879532163743	0.823391812865	0.851461988304	0.836257309942	0.680701754386	0.656140350877	0.661988304094	0.798830409357	0.852631578947	0.733333333333
DE2	0.785964912281	0.782456140351	0.817543859649	0.79649122807	0.79649122807	0.80350877193	0.782456140351	0.780116959064	0.716959064327	0.694736842105	0.672514619883	0.465497076023	0.0	0.546198830409	0.601169590643	0.767251461988	0.697076023392	0.810526315789	0.707602339181	0.743859649123	0.778947368421	0.749707602339	0.736842105263	0.699415204678	0.80350877193	0.8	0.858479532164	0.763742690058	0.802339181287	0.891228070175	0.778947368421	0.888888888889	0.921637426901	0.913450292398	0.883040935673	0.930994152047	0.914619883041	0.87134502924	0.93918128655	0.916959064327	0.984795321637	0.966081871345	0.947368421053	0.954385964912	0.983625730994	0.929824561404	0.933333333333	0.973099415205	0.915789473684	0.923976608187	0.964912280702	0.914619883041	0.93918128655	0.880701754386	0.822222222222	0.86783625731	0.865497076023	0.697076023392	0.67134502924	0.672514619883	0.830409356725	0.873684210526	0.753216374269
DF2	0.80350877193	0.824561403509	0.797660818713	0.80350877193	0.80701754386	0.790643274854	0.80701754386	0.788304093567	0.727485380117	0.685380116959	0.605847953216	0.549707602339	0.546198830409	0.0	0.602339181287	0.774269005848	0.694736842105	0.853801169591	0.749707602339	0.801169590643	0.832748538012	0.773099415205	0.79298245614	0.694736842105	0.842105263158	0.840935672515	0.895906432749	0.764912280702	0.79649122807	0.929824561404	0.797660818713	0.920467836257	0.929824561404	0.916959064327	0.897076023392	0.941520467836	0.923976608187	0.880701754386	0.946198830409	0.923976608187	0.977777777778	0.955555555556	0.938011695906	0.940350877193	0.978947368421	0.934502923977	0.922807017544	0.963742690058	0.892397660819	0.921637426901	0.947368421053	0.912280701754	0.926315789474	0.87134502924	0.808187134503	0.845614035088	0.835087719298	0.672514619883	0.650292397661	0.647953216374	0.79298245614	0.839766081871	0.719298245614
DG2	0.624561403509	0.685380116959	0.726315789474	0.622222222222	0.614035087719	0.697076023392	0.715789473684	0.6	0.618713450292	0.46432748538	0.500584795322	0.581286549708	0.601169590643	0.602339181287	0.0	0.637426900585	0.716959064327	0.844444444444	0.752046783626	0.721637426901	0.788304093567	0.752046783626	0.764912280702	0.691228070175	0.835087719298	0.837426900585	0.890058479532	0.771929824561	0.797660818713	0.911111111111	0.790643274854	0.906432748538	0.92514619883	0.913450292398	0.898245614035	0.940350877193	0.930994152047	0.892397660819	0.946198830409	0.918128654971	0.987134502924	0.971929824561	0.959064327485	0.953216374269	0.984795321637	0.946198830409	0.934502923977	0.978947368421	0.894736842105	0.907602339181	0.94269005848	0.913450292398	0.933333333333	0.866666666667	0.808187134503	0.866666666667	0.767251461988	0.706432748538	0.716959064327	0.619883040936	0.691228070175	0.870175438596	0.738011695906
DH2	0.536842105263	0.521637426901	0.625730994152	0.521637426901	0.538011695906	0.595321637427	0.608187134503	0.541520467836	0.430409356725	0.615204678363	0.573099415205	0.695906432749	0.767251461988	0.774269005848	0.637426900585	0.0	0.761403508772	0.706432748538	0.773099415205	0.632748538012	0.639766081871	0.686549707602	0.652631578947	0.778947368421	0.711111111111	0.712280701754	0.658479532164	0.768421052632	0.773099415205	0.673684210526	0.73918128655	0.672514619883	0.918128654971	0.905263157895	0.918128654971	0.926315789474	0.909941520468	0.921637426901	0.938011695906	0.926315789474	0.961403508772	0.950877192982	0.941520467836	0.930994152047	0.960233918129	0.92865497076	0.930994152047	0.953216374269	0.948538011696	0.949707602339	0.955555555556	0.945029239766	0.947368421053	0.936842105263	0.946198830409	0.773099415205	0.66432748538	0.767251461988	0.781286549708	0.679532163743	0.60350877193	0.761403508772	0.708771929825
DA1	0.773099415205	0.791812865497	0.745029239766	0.763742690058	0.780116959064	0.743859649123	0.768421052632	0.755555555556	0.695906432749	0.769590643275	0.631578947368	0.672514619883	0.697076023392	0.694736842105	0.716959064327	0.761403508772	0.0	0.612865497076	0.66783625731	0.729824561404	0.729824561404	0.685380116959	0.741520467836	0.568421052632	0.817543859649	0.809356725146	0.805847953216	0.640935672515	0.67134502924	0.844444444444	0.65730994152	0.840935672515	0.895906432749	0.906432748538	0.884210526316	0.918128654971	0.883040935673	0.87134502924	0.912280701754	0.886549707602	0.954385964912	0.936842105263	0.922807017544	0.912280701754	0.945029239766	0.901754385965	0.898245614035	0.941520467836	0.767251461988	0.773099415205	0.808187134503	0.773099415205	0.781286549708	0.72865497076	0.692397660819	0.808187134503	0.843274853801	0.666666666667	0.66081871345	0.684210526316	0.79298245614	0.810526315789	0.745029239766
DB1	0.777777777778	0.754385964912	0.811695906433	0.788304093567	0.794152046784	0.795321637427	0.79649122807	0.781286549708	0.727485380117	0.846783625731	0.79298245614	0.769590643275	0.810526315789	0.853801169591	0.844444444444	0.706432748538	0.612865497076	0.0	0.722807017544	0.673684210526	0.66783625731	0.738011695906	0.562573099415	0.690058479532	0.747368421053	0.753216374269	0.764912280702	0.780116959064	0.79649122807	0.79298245614	0.766081871345	0.787134502924	0.902923976608	0.892397660819	0.901754385965	0.908771929825	0.891228070175	0.909941520468	0.912280701754	0.916959064327	0.79298245614	0.787134502924	0.783625730994	0.784795321637	0.802339181287	0.769590643275	0.780116959064	0.788304093567	0.73216374269	0.706432748538	0.722807017544	0.711111111111	0.722807017544	0.709941520468	0.730994152047	0.850292397661	0.845614035088	0.85730994152	0.87134502924	0.869005847953	0.797660818713	0.86432748538	0.844444444444
DC1	0.775438596491	0.79649122807	0.788304093567	0.785964912281	0.802339181287	0.794152046784	0.783625730994	0.777777777778	0.734502923977	0.755555555556	0.753216374269	0.699415204678	0.707602339181	0.749707602339	0.752046783626	0.773099415205	0.66783625731	0.722807017544	0.0	0.595321637427	0.626900584795	0.501754385965	0.621052631579	0.518128654971	0.802339181287	0.804678362573	0.840935672515	0.754385964912	0.775438596491	0.877192982456	0.753216374269	0.879532163743	0.733333333333	0.726315789474	0.721637426901	0.745029239766	0.716959064327	0.707602339181	0.749707602339	0.736842105263	0.922807017544	0.914619883041	0.900584795322	0.904093567251	0.915789473684	0.883040935673	0.879532163743	0.913450292398	0.920467836257	0.920467836257	0.960233918129	0.927485380117	0.945029239766	0.877192982456	0.86432748538	0.824561403509	0.835087719298	0.752046783626	0.752046783626	0.760233918129	0.801169590643	0.852631578947	0.752046783626
DD1	0.632748538012	0.636257309942	0.633918128655	0.631578947368	0.638596491228	0.619883040936	0.623391812865	0.625730994152	0.573099415205	0.709941520468	0.701754385965	0.715789473684	0.743859649123	0.801169590643	0.721637426901	0.632748538012	0.729824561404	0.673684210526	0.595321637427	0.0	0.385964912281	0.483040935673	0.478362573099	0.557894736842	0.815204678363	0.815204678363	0.802339181287	0.787134502924	0.798830409357	0.831578947368	0.780116959064	0.835087719298	0.823391812865	0.810526315789	0.822222222222	0.839766081871	0.817543859649	0.831578947368	0.835087719298	0.837426900585	0.842105263158	0.87485380117	0.891228070175	0.892397660819	0.915789473684	0.831578947368	0.898245614035	0.87134502924	0.960233918129	0.938011695906	0.963742690058	0.945029239766	0.950877192982	0.940350877193	0.959064327485	0.801169590643	0.718128654971	0.79649122807	0.815204678363	0.711111111111	0.681871345029	0.79298245614	0.727485380117
DE1	0.633918128655	0.615204678363	0.619883040936	0.624561403509	0.640935672515	0.622222222222	0.628070175439	0.635087719298	0.588304093567	0.768421052632	0.74269005848	0.721637426901	0.778947368421	0.832748538012	0.788304093567	0.639766081871	0.729824561404	0.66783625731	0.626900584795	0.385964912281	0.0	0.52514619883	0.469005847953	0.612865497076	0.838596491228	0.837426900585	0.770760233918	0.780116959064	0.797660818713	0.784795321637	0.769590643275	0.785964912281	0.837426900585	0.824561403509	0.849122807018	0.854970760234	0.839766081871	0.863157894737	0.843274853801	0.86432748538	0.785964912281	0.87485380117	0.901754385965	0.86783625731	0.881871345029	0.830409356725	0.919298245614	0.858479532164	0.977777777778	0.955555555556	0.976608187135	0.968421052632	0.976608187135	0.959064327485	0.983625730994	0.762573099415	0.697076023392	0.773099415205	0.797660818713	0.727485380117	0.694736842105	0.754385964912	0.694736842105
DF1	0.669005847953	0.685380116959	0.638596491228	0.661988304094	0.684210526316	0.633918128655	0.66081871345	0.665497076023	0.666666666667	0.745029239766	0.711111111111	0.73918128655	0.749707602339	0.773099415205	0.752046783626	0.686549707602	0.685380116959	0.738011695906	0.501754385965	0.483040935673	0.52514619883	0.0	0.615204678363	0.508771929825	0.861988304094	0.85730994152	0.831578947368	0.788304093567	0.788304093567	0.858479532164	0.766081871345	0.858479532164	0.756725146199	0.74269005848	0.757894736842	0.767251461988	0.730994152047	0.745029239766	0.773099415205	0.763742690058	0.94269005848	0.934502923977	0.930994152047	0.919298245614	0.93216374269	0.907602339181	0.909941520468	0.938011695906	0.936842105263	0.926315789474	0.961403508772	0.92865497076	0.94269005848	0.912280701754	0.934502923977	0.770760233918	0.740350877193	0.768421052632	0.766081871345	0.716959064327	0.708771929825	0.766081871345	0.700584795322
DG1	0.736842105263	0.702923976608	0.767251461988	0.73918128655	0.746198830409	0.759064327485	0.743859649123	0.736842105263	0.646783625731	0.770760233918	0.757894736842	0.690058479532	0.736842105263	0.79298245614	0.764912280702	0.652631578947	0.741520467836	0.562573099415	0.621052631579	0.478362573099	0.469005847953	0.615204678363	0.0	0.618713450292	0.709941520468	0.718128654971	0.762573099415	0.781286549708	0.79298245614	0.787134502924	0.780116959064	0.781286549708	0.840935672515	0.832748538012	0.842105263158	0.861988304094	0.835087719298	0.845614035088	0.851461988304	0.85730994152	0.819883040936	0.86081871345	0.87485380117	0.898245614035	0.920467836257	0.816374269006	0.880701754386	0.847953216374	0.922807017544	0.905263157895	0.927485380117	0.914619883041	0.919298245614	0.892397660819	0.913450292398	0.832748538012	0.810526315789	0.837426900585	0.856140350877	0.811695906433	0.773099415205	0.831578947368	0.790643274854
DH1	0.757894736842	0.776608187135	0.707602339181	0.753216374269	0.767251461988	0.727485380117	0.753216374269	0.741520467836	0.716959064327	0.72865497076	0.686549707602	0.67485380117	0.699415204678	0.694736842105	0.691228070175	0.778947368421	0.568421052632	0.690058479532	0.518128654971	0.557894736842	0.612865497076	0.508771929825	0.618713450292	0.0	0.824561403509	0.818713450292	0.86081871345	0.729824561404	0.740350877193	0.893567251462	0.714619883041	0.893567251462	0.826900584795	0.825730994152	0.814035087719	0.845614035088	0.809356725146	0.80350877193	0.844444444444	0.819883040936	0.948538011696	0.94269005848	0.92865497076	0.902923976608	0.919298245614	0.908771929825	0.908771929825	0.946198830409	0.870175438596	0.870175438596	0.907602339181	0.878362573099	0.884210526316	0.843274853801	0.810526315789	0.838596491228	0.847953216374	0.721637426901	0.722807017544	0.72514619883	0.808187134503	0.829239766082	0.761403508772
DA4	0.852631578947	0.819883040936	0.895906432749	0.859649122807	0.86432748538	0.879532163743	0.85730994152	0.842105263158	0.787134502924	0.835087719298	0.838596491228	0.755555555556	0.80350877193	0.842105263158	0.835087719298	0.711111111111	0.817543859649	0.747368421053	0.802339181287	0.815204678363	0.838596491228	0.861988304094	0.709941520468	0.824561403509	0.0	0.39298245614	0.541520467836	0.723976608187	0.730994152047	0.546198830409	0.771929824561	0.53216374269	0.950877192982	0.950877192982	0.934502923977	0.966081871345	0.949707602339	0.918128654971	0.955555555556	0.945029239766	0.964912280702	0.947368421053	0.941520467836	0.952046783626	0.964912280702	0.929824561404	0.92865497076	0.955555555556	0.934502923977	0.93567251462	0.957894736842	0.943859649123	0.941520467836	0.927485380117	0.912280701754	0.898245614035	0.918128654971	0.852631578947	0.852631578947	0.861988304094	0.887719298246	0.911111111111	0.86783625731
DB4	0.854970760234	0.819883040936	0.893567251462	0.863157894737	0.86432748538	0.870175438596	0.86081871345	0.847953216374	0.783625730994	0.823391812865	0.833918128655	0.755555555556	0.8	0.840935672515	0.837426900585	0.712280701754	0.809356725146	0.753216374269	0.804678362573	0.815204678363	0.837426900585	0.85730994152	0.718128654971	0.818713450292	0.39298245614	0.0	0.543859649123	0.723976608187	0.733333333333	0.533333333333	0.776608187135	0.53216374269	0.947368421053	0.945029239766	0.934502923977	0.964912280702	0.947368421053	0.920467836257	0.960233918129	0.93567251462	0.963742690058	0.941520467836	0.93567251462	0.941520467836	0.959064327485	0.93216374269	0.919298245614	0.950877192982	0.929824561404	0.941520467836	0.959064327485	0.938011695906	0.941520467836	0.919298245614	0.914619883041	0.899415204678	0.920467836257	0.856140350877	0.852631578947	0.858479532164	0.883040935673	0.909941520468	0.86432748538
DC4	0.706432748538	0.642105263158	0.727485380117	0.734502923977	0.753216374269	0.678362573099	0.658479532164	0.721637426901	0.72865497076	0.885380116959	0.833918128655	0.815204678363	0.858479532164	0.895906432749	0.890058479532	0.658479532164	0.805847953216	0.764912280702	0.840935672515	0.802339181287	0.770760233918	0.831578947368	0.762573099415	0.86081871345	0.541520467836	0.543859649123	0.0	0.720467836257	0.707602339181	0.341520467836	0.619883040936	0.319298245614	0.967251461988	0.953216374269	0.950877192982	0.962573099415	0.949707602339	0.952046783626	0.964912280702	0.960233918129	0.970760233918	0.963742690058	0.955555555556	0.960233918129	0.964912280702	0.963742690058	0.954385964912	0.975438596491	0.963742690058	0.962573099415	0.971929824561	0.962573099415	0.963742690058	0.968421052632	0.960233918129	0.718128654971	0.74269005848	0.719298245614	0.72514619883	0.771929824561	0.845614035088	0.72514619883	0.708771929825
DD4	0.721637426901	0.730994152047	0.734502923977	0.721637426901	0.729824561404	0.718128654971	0.721637426901	0.702923976608	0.708771929825	0.775438596491	0.695906432749	0.738011695906	0.763742690058	0.764912280702	0.771929824561	0.768421052632	0.640935672515	0.780116959064	0.754385964912	0.787134502924	0.780116959064	0.788304093567	0.781286549708	0.729824561404	0.723976608187	0.723976608187	0.720467836257	0.0	0.40350877193	0.753216374269	0.590643274854	0.745029239766	0.938011695906	0.926315789474	0.914619883041	0.943859649123	0.929824561404	0.894736842105	0.93216374269	0.923976608187	0.954385964912	0.93918128655	0.92514619883	0.930994152047	0.955555555556	0.915789473684	0.904093567251	0.93918128655	0.897076023392	0.898245614035	0.92514619883	0.894736842105	0.909941520468	0.872514619883	0.845614035088	0.757894736842	0.784795321637	0.66783625731	0.666666666667	0.677192982456	0.815204678363	0.776608187135	0.695906432749
DE4	0.709941520468	0.730994152047	0.719298245614	0.72514619883	0.741520467836	0.706432748538	0.712280701754	0.706432748538	0.715789473684	0.795321637427	0.718128654971	0.780116959064	0.802339181287	0.79649122807	0.797660818713	0.773099415205	0.67134502924	0.79649122807	0.775438596491	0.798830409357	0.797660818713	0.788304093567	0.79298245614	0.740350877193	0.730994152047	0.733333333333	0.707602339181	0.40350877193	0.0	0.740350877193	0.583625730994	0.73567251462	0.941520467836	0.934502923977	0.914619883041	0.954385964912	0.922807017544	0.904093567251	0.929824561404	0.92514619883	0.952046783626	0.92865497076	0.915789473684	0.933333333333	0.960233918129	0.913450292398	0.904093567251	0.93567251462	0.888888888889	0.901754385965	0.921637426901	0.894736842105	0.895906432749	0.885380116959	0.86081871345	0.746198830409	0.774269005848	0.684210526316	0.683040935673	0.690058479532	0.816374269006	0.756725146199	0.707602339181
DF4	0.719298245614	0.650292397661	0.749707602339	0.756725146199	0.771929824561	0.723976608187	0.699415204678	0.736842105263	0.754385964912	0.905263157895	0.865497076023	0.844444444444	0.891228070175	0.929824561404	0.911111111111	0.673684210526	0.844444444444	0.79298245614	0.877192982456	0.831578947368	0.784795321637	0.858479532164	0.787134502924	0.893567251462	0.546198830409	0.533333333333	0.341520467836	0.753216374269	0.740350877193	0.0	0.676023391813	0.290058479532	0.980116959064	0.974269005848	0.977777777778	0.977777777778	0.976608187135	0.981286549708	0.982456140351	0.982456140351	0.982456140351	0.981286549708	0.980116959064	0.974269005848	0.980116959064	0.980116959064	0.975438596491	0.987134502924	0.983625730994	0.983625730994	0.984795321637	0.984795321637	0.985964912281	0.983625730994	0.985964912281	0.768421052632	0.775438596491	0.771929824561	0.771929824561	0.812865497076	0.887719298246	0.771929824561	0.774269005848
DG4	0.678362573099	0.647953216374	0.681871345029	0.697076023392	0.719298245614	0.635087719298	0.571929824561	0.683040935673	0.679532163743	0.8	0.705263157895	0.757894736842	0.778947368421	0.797660818713	0.790643274854	0.73918128655	0.65730994152	0.766081871345	0.753216374269	0.780116959064	0.769590643275	0.766081871345	0.780116959064	0.714619883041	0.771929824561	0.776608187135	0.619883040936	0.590643274854	0.583625730994	0.676023391813	0.0	0.642105263158	0.941520467836	0.934502923977	0.918128654971	0.941520467836	0.923976608187	0.905263157895	0.938011695906	0.926315789474	0.959064327485	0.938011695906	0.92865497076	0.927485380117	0.967251461988	0.923976608187	0.898245614035	0.938011695906	0.876023391813	0.885380116959	0.906432748538	0.887719298246	0.878362573099	0.873684210526	0.840935672515	0.626900584795	0.72514619883	0.644444444444	0.639766081871	0.697076023392	0.821052631579	0.630409356725	0.644444444444
DH4	0.721637426901	0.644444444444	0.752046783626	0.756725146199	0.773099415205	0.705263157895	0.67485380117	0.73918128655	0.747368421053	0.898245614035	0.86432748538	0.842105263158	0.888888888889	0.920467836257	0.906432748538	0.672514619883	0.840935672515	0.787134502924	0.879532163743	0.835087719298	0.785964912281	0.858479532164	0.781286549708	0.893567251462	0.53216374269	0.53216374269	0.319298245614	0.745029239766	0.73567251462	0.290058479532	0.642105263158	0.0	0.983625730994	0.978947368421	0.977777777778	0.977777777778	0.982456140351	0.981286549708	0.987134502924	0.981286549708	0.985964912281	0.985964912281	0.985964912281	0.981286549708	0.983625730994	0.987134502924	0.980116959064	0.991812865497	0.978947368421	0.975438596491	0.980116959064	0.982456140351	0.978947368421	0.978947368421	0.977777777778	0.750877192982	0.759064327485	0.752046783626	0.752046783626	0.80701754386	0.884210526316	0.753216374269	0.748538011696
DA6	0.915789473684	0.920467836257	0.891228070175	0.901754385965	0.918128654971	0.895906432749	0.914619883041	0.909941520468	0.913450292398	0.914619883041	0.914619883041	0.900584795322	0.921637426901	0.929824561404	0.92514619883	0.918128654971	0.895906432749	0.902923976608	0.733333333333	0.823391812865	0.837426900585	0.756725146199	0.840935672515	0.826900584795	0.950877192982	0.947368421053	0.967251461988	0.938011695906	0.941520467836	0.980116959064	0.941520467836	0.983625730994	0.0	0.341520467836	0.33918128655	0.333333333333	0.338011695906	0.338011695906	0.320467836257	0.363742690058	0.881871345029	0.897076023392	0.880701754386	0.912280701754	0.92514619883	0.897076023392	0.845614035088	0.869005847953	0.956725146199	0.920467836257	0.950877192982	0.946198830409	0.936842105263	0.920467836257	0.974269005848	0.890058479532	0.870175438596	0.899415204678	0.906432748538	0.897076023392	0.853801169591	0.877192982456	0.86783625731
DB6	0.888888888889	0.906432748538	0.878362573099	0.885380116959	0.898245614035	0.878362573099	0.899415204678	0.890058479532	0.900584795322	0.897076023392	0.902923976608	0.888888888889	0.913450292398	0.916959064327	0.913450292398	0.905263157895	0.906432748538	0.892397660819	0.726315789474	0.810526315789	0.824561403509	0.74269005848	0.832748538012	0.825730994152	0.950877192982	0.945029239766	0.953216374269	0.926315789474	0.934502923977	0.974269005848	0.934502923977	0.978947368421	0.341520467836	0.0	0.330994152047	0.357894736842	0.341520467836	0.347368421053	0.333333333333	0.355555555556	0.906432748538	0.909941520468	0.898245614035	0.919298245614	0.930994152047	0.901754385965	0.884210526316	0.899415204678	0.949707602339	0.915789473684	0.947368421053	0.934502923977	0.936842105263	0.918128654971	0.963742690058	0.885380116959	0.880701754386	0.892397660819	0.893567251462	0.883040935673	0.861988304094	0.895906432749	0.863157894737
DC6	0.898245614035	0.915789473684	0.888888888889	0.895906432749	0.907602339181	0.890058479532	0.901754385965	0.891228070175	0.909941520468	0.886549707602	0.892397660819	0.87134502924	0.883040935673	0.897076023392	0.898245614035	0.918128654971	0.884210526316	0.901754385965	0.721637426901	0.822222222222	0.849122807018	0.757894736842	0.842105263158	0.814035087719	0.934502923977	0.934502923977	0.950877192982	0.914619883041	0.914619883041	0.977777777778	0.918128654971	0.977777777778	0.33918128655	0.330994152047	0.0	0.363742690058	0.348538011696	0.334502923977	0.341520467836	0.357894736842	0.914619883041	0.914619883041	0.888888888889	0.918128654971	0.936842105263	0.892397660819	0.876023391813	0.901754385965	0.936842105263	0.906432748538	0.936842105263	0.934502923977	0.923976608187	0.912280701754	0.954385964912	0.891228070175	0.899415204678	0.888888888889	0.883040935673	0.866666666667	0.872514619883	0.902923976608	0.87134502924
DD6	0.929824561404	0.923976608187	0.913450292398	0.915789473684	0.92865497076	0.916959064327	0.929824561404	0.918128654971	0.921637426901	0.93567251462	0.927485380117	0.927485380117	0.930994152047	0.941520467836	0.940350877193	0.926315789474	0.918128654971	0.908771929825	0.745029239766	0.839766081871	0.854970760234	0.767251461988	0.861988304094	0.845614035088	0.966081871345	0.964912280702	0.962573099415	0.943859649123	0.954385964912	0.977777777778	0.941520467836	0.977777777778	0.333333333333	0.357894736842	0.363742690058	0.0	0.346198830409	0.333333333333	0.298245614035	0.381286549708	0.916959064327	0.919298245614	0.916959064327	0.913450292398	0.929824561404	0.908771929825	0.898245614035	0.909941520468	0.956725146199	0.927485380117	0.957894736842	0.950877192982	0.948538011696	0.934502923977	0.976608187135	0.884210526316	0.886549707602	0.902923976608	0.902923976608	0.884210526316	0.879532163743	0.885380116959	0.890058479532
DE6	0.906432748538	0.923976608187	0.892397660819	0.902923976608	0.923976608187	0.886549707602	0.913450292398	0.908771929825	0.900584795322	0.918128654971	0.920467836257	0.907602339181	0.914619883041	0.923976608187	0.930994152047	0.909941520468	0.883040935673	0.891228070175	0.716959064327	0.817543859649	0.839766081871	0.730994152047	0.835087719298	0.809356725146	0.949707602339	0.947368421053	0.949707602339	0.929824561404	0.922807017544	0.976608187135	0.923976608187	0.982456140351	0.338011695906	0.341520467836	0.348538011696	0.346198830409	0.0	0.33567251462	0.334502923977	0.356725146199	0.909941520468	0.901754385965	0.894736842105	0.912280701754	0.92865497076	0.881871345029	0.873684210526	0.897076023392	0.941520467836	0.916959064327	0.940350877193	0.93918128655	0.921637426901	0.915789473684	0.960233918129	0.899415204678	0.900584795322	0.901754385965	0.898245614035	0.881871345029	0.87485380117	0.884210526316	0.883040935673
DF6	0.93216374269	0.936842105263	0.918128654971	0.919298245614	0.929824561404	0.915789473684	0.930994152047	0.915789473684	0.904093567251	0.885380116959	0.888888888889	0.873684210526	0.87134502924	0.880701754386	0.892397660819	0.921637426901	0.87134502924	0.909941520468	0.707602339181	0.831578947368	0.863157894737	0.745029239766	0.845614035088	0.80350877193	0.918128654971	0.920467836257	0.952046783626	0.894736842105	0.904093567251	0.981286549708	0.905263157895	0.981286549708	0.338011695906	0.347368421053	0.334502923977	0.333333333333	0.33567251462	0.0	0.329824561404	0.356725146199	0.93216374269	0.927485380117	0.907602339181	0.92865497076	0.93918128655	0.895906432749	0.893567251462	0.920467836257	0.914619883041	0.908771929825	0.946198830409	0.93918128655	0.93567251462	0.890058479532	0.919298245614	0.888888888889	0.894736842105	0.863157894737	0.853801169591	0.844444444444	0.87134502924	0.897076023392	0.851461988304
DG6	0.918128654971	0.918128654971	0.902923976608	0.904093567251	0.918128654971	0.906432748538	0.920467836257	0.912280701754	0.941520467836	0.933333333333	0.933333333333	0.912280701754	0.93918128655	0.946198830409	0.946198830409	0.938011695906	0.912280701754	0.912280701754	0.749707602339	0.835087719298	0.843274853801	0.773099415205	0.851461988304	0.844444444444	0.955555555556	0.960233918129	0.964912280702	0.93216374269	0.929824561404	0.982456140351	0.938011695906	0.987134502924	0.320467836257	0.333333333333	0.341520467836	0.298245614035	0.334502923977	0.329824561404	0.0	0.359064327485	0.888888888889	0.909941520468	0.887719298246	0.916959064327	0.922807017544	0.888888888889	0.880701754386	0.880701754386	0.955555555556	0.92514619883	0.950877192982	0.955555555556	0.94269005848	0.927485380117	0.976608187135	0.913450292398	0.897076023392	0.920467836257	0.923976608187	0.906432748538	0.891228070175	0.911111111111	0.892397660819
DH6	0.921637426901	0.938011695906	0.918128654971	0.919298245614	0.93567251462	0.912280701754	0.92865497076	0.914619883041	0.914619883041	0.914619883041	0.916959064327	0.901754385965	0.916959064327	0.923976608187	0.918128654971	0.926315789474	0.886549707602	0.916959064327	0.736842105263	0.837426900585	0.86432748538	0.763742690058	0.85730994152	0.819883040936	0.945029239766	0.93567251462	0.960233918129	0.923976608187	0.92514619883	0.982456140351	0.926315789474	0.981286549708	0.363742690058	0.355555555556	0.357894736842	0.381286549708	0.356725146199	0.356725146199	0.359064327485	0.0	0.908771929825	0.922807017544	0.902923976608	0.914619883041	0.93216374269	0.895906432749	0.880701754386	0.905263157895	0.895906432749	0.881871345029	0.941520467836	0.92865497076	0.941520467836	0.858479532164	0.904093567251	0.911111111111	0.909941520468	0.904093567251	0.900584795322	0.893567251462	0.888888888889	0.918128654971	0.887719298246
DA7	0.960233918129	0.961403508772	0.94269005848	0.946198830409	0.960233918129	0.953216374269	0.962573099415	0.955555555556	0.906432748538	0.985964912281	0.966081871345	0.970760233918	0.984795321637	0.977777777778	0.987134502924	0.961403508772	0.954385964912	0.79298245614	0.922807017544	0.842105263158	0.785964912281	0.94269005848	0.819883040936	0.948538011696	0.964912280702	0.963742690058	0.970760233918	0.954385964912	0.952046783626	0.982456140351	0.959064327485	0.985964912281	0.881871345029	0.906432748538	0.914619883041	0.916959064327	0.909941520468	0.93216374269	0.888888888889	0.908771929825	0.0	0.444444444444	0.469005847953	0.513450292398	0.678362573099	0.405847953216	0.483040935673	0.369590643275	0.973099415205	0.962573099415	0.964912280702	0.977777777778	0.959064327485	0.960233918129	0.990643274854	0.861988304094	0.812865497076	0.934502923977	0.950877192982	0.934502923977	0.770760233918	0.921637426901	0.835087719298
DB7	0.956725146199	0.969590643275	0.936842105263	0.952046783626	0.957894736842	0.941520467836	0.968421052632	0.953216374269	0.888888888889	0.967251461988	0.945029239766	0.955555555556	0.966081871345	0.955555555556	0.971929824561	0.950877192982	0.936842105263	0.787134502924	0.914619883041	0.87485380117	0.87485380117	0.934502923977	0.86081871345	0.94269005848	0.947368421053	0.941520467836	0.963742690058	0.93918128655	0.92865497076	0.981286549708	0.938011695906	0.985964912281	0.897076023392	0.909941520468	0.914619883041	0.919298245614	0.901754385965	0.927485380117	0.909941520468	0.922807017544	0.444444444444	0.0	0.354385964912	0.45730994152	0.652631578947	0.404678362573	0.446783625731	0.380116959064	0.957894736842	0.946198830409	0.950877192982	0.952046783626	0.92865497076	0.950877192982	0.974269005848	0.831578947368	0.856140350877	0.920467836257	0.92865497076	0.92514619883	0.761403508772	0.887719298246	0.873684210526
