	DA5	DB5	DC5	DD5	DE5	DF5	DG5	DH5	DA2	DB2	DC2	DD2	DE2	DF2	DG2	DH2	DA1	DB1	DC1	DD1	DE1	DF1	DG1	DH1	DA4	DB4	DC4	DD4	DE4	DF4	DG4	DH4	DA6	DB6	DC6	DD6	DE6	DF6	DG6	DH6	DA7	DB7	DC7	DD7	DE7	DF7	DG7	DH7	DA8	DB8	DC8	DD8	DF8	DG8	DH8	DA3	DB3	DC3	DD3	DE3	DF3	DG3	DH3
DA5	0.0	0.401169590643	0.458479532164	0.364912280702	0.391812865497	0.484210526316	0.426900584795	0.371929824561	0.546198830409	0.595321637427	0.573099415205	0.720467836257	0.771929824561	0.80701754386	0.626900584795	0.559064327485	0.769590643275	0.804678362573	0.784795321637	0.624561403509	0.624561403509	0.676023391813	0.718128654971	0.782456140351	0.858479532164	0.846783625731	0.701754385965	0.722807017544	0.702923976608	0.695906432749	0.659649122807	0.699415204678	0.927485380117	0.897076023392	0.929824561404	0.92865497076	0.922807017544	0.92514619883	0.918128654971	0.927485380117	0.964912280702	0.955555555556	0.949707602339	0.933333333333	0.950877192982	0.936842105263	0.948538011696	0.957894736842	0.976608187135	0.977777777778	0.974269005848	0.968421052632	0.969590643275	0.969590643275	0.975438596491	0.686549707602	0.576608187135	0.687719298246	0.685380116959	0.60350877193	0.630409356725	0.67485380117	0.617543859649
DB5	0.401169590643	0.0	0.442105263158	0.391812865497	0.438596491228	0.442105263158	0.385964912281	0.419883040936	0.515789473684	0.651461988304	0.644444444444	0.716959064327	0.768421052632	0.823391812865	0.67485380117	0.548538011696	0.762573099415	0.777777777778	0.767251461988	0.609356725146	0.617543859649	0.661988304094	0.683040935673	0.768421052632	0.839766081871	0.835087719298	0.670175438596	0.729824561404	0.707602339181	0.672514619883	0.647953216374	0.672514619883	0.93216374269	0.902923976608	0.93216374269	0.93918128655	0.92865497076	0.922807017544	0.918128654971	0.926315789474	0.966081871345	0.959064327485	0.955555555556	0.922807017544	0.945029239766	0.943859649123	0.948538011696	0.963742690058	0.974269005848	0.975438596491	0.977777777778	0.971929824561	0.968421052632	0.967251461988	0.976608187135	0.699415204678	0.590643274854	0.699415204678	0.701754385965	0.617543859649	0.639766081871	0.687719298246	0.636257309942
DC5	0.458479532164	0.442105263158	0.0	0.465497076023	0.505263157895	0.424561403509	0.446783625731	0.484210526316	0.584795321637	0.698245614035	0.66432748538	0.757894736842	0.809356725146	0.79649122807	0.722807017544	0.633918128655	0.746198830409	0.829239766082	0.766081871345	0.615204678363	0.632748538012	0.637426900585	0.738011695906	0.741520467836	0.893567251462	0.886549707602	0.749707602339	0.73216374269	0.73216374269	0.745029239766	0.687719298246	0.750877192982	0.905263157895	0.885380116959	0.919298245614	0.918128654971	0.893567251462	0.912280701754	0.901754385965	0.911111111111	0.953216374269	0.933333333333	0.92865497076	0.878362573099	0.908771929825	0.905263157895	0.921637426901	0.941520467836	0.960233918129	0.962573099415	0.967251461988	0.948538011696	0.948538011696	0.956725146199	0.966081871345	0.678362573099	0.580116959064	0.677192982456	0.678362573099	0.6	0.647953216374	0.653801169591	0.614035087719
DD5	0.364912280702	0.391812865497	0.465497076023	0.0	0.352046783626	0.46081871345	0.432748538012	0.369590643275	0.529824561404	0.564912280702	0.555555555556	0.729824561404	0.775438596491	0.805847953216	0.615204678363	0.541520467836	0.752046783626	0.805847953216	0.754385964912	0.618713450292	0.623391812865	0.652631578947	0.722807017544	0.750877192982	0.863157894737	0.853801169591	0.74269005848	0.72514619883	0.706432748538	0.740350877193	0.687719298246	0.740350877193	0.908771929825	0.881871345029	0.926315789474	0.921637426901	0.909941520468	0.918128654971	0.899415204678	0.912280701754	0.960233918129	0.947368421053	0.94269005848	0.921637426901	0.946198830409	0.921637426901	0.936842105263	0.955555555556	0.963742690058	0.968421052632	0.971929824561	0.963742690058	0.963742690058	0.962573099415	0.966081871345	0.698245614035	0.59649122807	0.698245614035	0.699415204678	0.6	0.616374269006	0.680701754386	0.636257309942
DE5	0.391812865497	0.438596491228	0.505263157895	0.352046783626	0.0	0.508771929825	0.478362573099	0.385964912281	0.529824561404	0.53918128655	0.54269005848	0.743859649123	0.788304093567	0.816374269006	0.625730994152	0.536842105263	0.775438596491	0.809356725146	0.79298245614	0.638596491228	0.637426900585	0.681871345029	0.72865497076	0.790643274854	0.86783625731	0.859649122807	0.757894736842	0.72865497076	0.722807017544	0.745029239766	0.718128654971	0.747368421053	0.922807017544	0.894736842105	0.933333333333	0.93216374269	0.922807017544	0.926315789474	0.913450292398	0.927485380117	0.962573099415	0.950877192982	0.953216374269	0.936842105263	0.956725146199	0.948538011696	0.941520467836	0.955555555556	0.971929824561	0.975438596491	0.975438596491	0.966081871345	0.970760233918	0.970760233918	0.977777777778	0.72865497076	0.623391812865	0.730994152047	0.73567251462	0.639766081871	0.636257309942	0.718128654971	0.66432748538
DF5	0.484210526316	0.442105263158	0.424561403509	0.46081871345	0.508771929825	0.0	0.40701754386	0.490058479532	0.595321637427	0.704093567251	0.678362573099	0.749707602339	0.801169590643	0.795321637427	0.733333333333	0.640935672515	0.73918128655	0.824561403509	0.764912280702	0.623391812865	0.638596491228	0.644444444444	0.72865497076	0.749707602339	0.883040935673	0.876023391813	0.72514619883	0.72514619883	0.720467836257	0.714619883041	0.614035087719	0.693567251462	0.908771929825	0.877192982456	0.920467836257	0.914619883041	0.900584795322	0.911111111111	0.897076023392	0.918128654971	0.954385964912	0.943859649123	0.936842105263	0.904093567251	0.92514619883	0.920467836257	0.922807017544	0.946198830409	0.968421052632	0.969590643275	0.967251461988	0.959064327485	0.955555555556	0.961403508772	0.966081871345	0.602339181287	0.547368421053	0.625730994152	0.658479532164	0.6	0.67134502924	0.591812865497	0.569590643275
DG5	0.426900584795	0.385964912281	0.446783625731	0.432748538012	0.478362573099	0.40701754386	0.0	0.459649122807	0.567251461988	0.677192982456	0.669005847953	0.72514619883	0.776608187135	0.818713450292	0.700584795322	0.597660818713	0.764912280702	0.811695906433	0.768421052632	0.623391812865	0.632748538012	0.66432748538	0.723976608187	0.776608187135	0.86783625731	0.853801169591	0.686549707602	0.72514619883	0.704093567251	0.677192982456	0.597660818713	0.663157894737	0.920467836257	0.899415204678	0.923976608187	0.93216374269	0.927485380117	0.918128654971	0.912280701754	0.920467836257	0.971929824561	0.959064327485	0.952046783626	0.929824561404	0.950877192982	0.938011695906	0.943859649123	0.957894736842	0.967251461988	0.971929824561	0.970760233918	0.969590643275	0.967251461988	0.966081871345	0.970760233918	0.629239766082	0.540350877193	0.643274853801	0.678362573099	0.60701754386	0.661988304094	0.615204678363	0.589473684211
DH5	0.371929824561	0.419883040936	0.484210526316	0.369590643275	0.385964912281	0.490058479532	0.459649122807	0.0	0.52865497076	0.584795321637	0.568421052632	0.707602339181	0.760233918129	0.79298245614	0.60350877193	0.53216374269	0.756725146199	0.79649122807	0.775438596491	0.618713450292	0.638596491228	0.651461988304	0.705263157895	0.770760233918	0.832748538012	0.822222222222	0.714619883041	0.694736842105	0.687719298246	0.708771929825	0.672514619883	0.711111111111	0.93216374269	0.887719298246	0.918128654971	0.930994152047	0.921637426901	0.909941520468	0.920467836257	0.922807017544	0.961403508772	0.950877192982	0.947368421053	0.941520467836	0.960233918129	0.93918128655	0.930994152047	0.954385964912	0.959064327485	0.959064327485	0.970760233918	0.954385964912	0.963742690058	0.950877192982	0.962573099415	0.694736842105	0.60350877193	0.695906432749	0.693567251462	0.602339181287	0.621052631579	0.697076023392	0.626900584795
DA2	0.546198830409	0.515789473684	0.584795321637	0.529824561404	0.529824561404	0.595321637427	0.567251461988	0.52865497076	0.0	0.587134502924	0.567251461988	0.66783625731	0.702923976608	0.736842105263	0.60701754386	0.423391812865	0.694736842105	0.701754385965	0.749707602339	0.584795321637	0.608187134503	0.663157894737	0.615204678363	0.727485380117	0.755555555556	0.749707602339	0.701754385965	0.702923976608	0.704093567251	0.709941520468	0.672514619883	0.711111111111	0.927485380117	0.911111111111	0.929824561404	0.93567251462	0.907602339181	0.900584795322	0.93216374269	0.918128654971	0.919298245614	0.900584795322	0.898245614035	0.902923976608	0.94269005848	0.873684210526	0.900584795322	0.909941520468	0.912280701754	0.914619883041	0.945029239766	0.922807017544	0.92865497076	0.892397660819	0.904093567251	0.736842105263	0.654970760234	0.707602339181	0.706432748538	0.617543859649	0.589473684211	0.727485380117	0.651461988304
DB2	0.595321637427	0.651461988304	0.698245614035	0.564912280702	0.53918128655	0.704093567251	0.677192982456	0.584795321637	0.587134502924	0.0	0.499415204678	0.598830409357	0.647953216374	0.658479532164	0.444444444444	0.616374269006	0.746198830409	0.859649122807	0.719298245614	0.698245614035	0.736842105263	0.733333333333	0.763742690058	0.73567251462	0.832748538012	0.823391812865	0.892397660819	0.782456140351	0.8	0.894736842105	0.802339181287	0.898245614035	0.919298245614	0.898245614035	0.906432748538	0.941520467836	0.916959064327	0.886549707602	0.921637426901	0.919298245614	0.988304093567	0.963742690058	0.952046783626	0.957894736842	0.976608187135	0.952046783626	0.946198830409	0.976608187135	0.921637426901	0.93918128655	0.962573099415	0.941520467836	0.948538011696	0.894736842105	0.86081871345	0.851461988304	0.763742690058	0.741520467836	0.734502923977	0.646783625731	0.685380116959	0.845614035088	0.727485380117
DC2	0.573099415205	0.644444444444	0.66432748538	0.555555555556	0.54269005848	0.678362573099	0.669005847953	0.568421052632	0.567251461988	0.499415204678	0.0	0.645614035088	0.690058479532	0.652631578947	0.534502923977	0.588304093567	0.67134502924	0.8	0.747368421053	0.680701754386	0.722807017544	0.708771929825	0.727485380117	0.683040935673	0.844444444444	0.833918128655	0.870175438596	0.723976608187	0.741520467836	0.86783625731	0.740350877193	0.869005847953	0.947368421053	0.913450292398	0.918128654971	0.950877192982	0.933333333333	0.901754385965	0.933333333333	0.929824561404	0.970760233918	0.957894736842	0.941520467836	0.92865497076	0.957894736842	0.93567251462	0.94269005848	0.960233918129	0.877192982456	0.893567251462	0.913450292398	0.892397660819	0.901754385965	0.851461988304	0.829239766082	0.811695906433	0.722807017544	0.712280701754	0.695906432749	0.60701754386	0.663157894737	0.809356725146	0.680701754386
DD2	0.720467836257	0.716959064327	0.757894736842	0.729824561404	0.743859649123	0.749707602339	0.72514619883	0.707602339181	0.66783625731	0.598830409357	0.645614035088	0.0	0.466666666667	0.547368421053	0.546198830409	0.690058479532	0.670175438596	0.782456140351	0.677192982456	0.699415204678	0.721637426901	0.695906432749	0.690058479532	0.678362573099	0.775438596491	0.759064327485	0.847953216374	0.738011695906	0.748538011696	0.858479532164	0.756725146199	0.85730994152	0.920467836257	0.881871345029	0.881871345029	0.933333333333	0.904093567251	0.87134502924	0.915789473684	0.905263157895	0.974269005848	0.948538011696	0.933333333333	0.936842105263	0.967251461988	0.929824561404	0.926315789474	0.954385964912	0.902923976608	0.929824561404	0.950877192982	0.915789473684	0.923976608187	0.872514619883	0.822222222222	0.852631578947	0.823391812865	0.66081871345	0.650292397661	0.670175438596	0.783625730994	0.849122807018	0.712280701754
DE2	0.771929824561	0.768421052632	0.809356725146	0.775438596491	0.788304093567	0.801169590643	0.776608187135	0.760233918129	0.702923976608	0.647953216374	0.690058479532	0.466666666667	0.0	0.523976608187	0.580116959064	0.729824561404	0.700584795322	0.810526315789	0.684210526316	0.738011695906	0.761403508772	0.716959064327	0.72514619883	0.691228070175	0.802339181287	0.794152046784	0.878362573099	0.777777777778	0.773099415205	0.873684210526	0.789473684211	0.876023391813	0.92865497076	0.901754385965	0.890058479532	0.934502923977	0.908771929825	0.869005847953	0.92514619883	0.912280701754	0.980116959064	0.955555555556	0.947368421053	0.952046783626	0.976608187135	0.940350877193	0.930994152047	0.967251461988	0.908771929825	0.92514619883	0.957894736842	0.908771929825	0.936842105263	0.880701754386	0.826900584795	0.87485380117	0.852631578947	0.678362573099	0.669005847953	0.672514619883	0.817543859649	0.866666666667	0.74269005848
DF2	0.80701754386	0.823391812865	0.79649122807	0.805847953216	0.816374269006	0.795321637427	0.818713450292	0.79298245614	0.736842105263	0.658479532164	0.652631578947	0.547368421053	0.523976608187	0.0	0.589473684211	0.778947368421	0.699415204678	0.872514619883	0.718128654971	0.785964912281	0.816374269006	0.760233918129	0.790643274854	0.698245614035	0.859649122807	0.850292397661	0.919298245614	0.780116959064	0.797660818713	0.923976608187	0.818713450292	0.926315789474	0.940350877193	0.921637426901	0.905263157895	0.946198830409	0.921637426901	0.892397660819	0.94269005848	0.936842105263	0.989473684211	0.961403508772	0.950877192982	0.947368421053	0.982456140351	0.947368421053	0.940350877193	0.973099415205	0.895906432749	0.92514619883	0.949707602339	0.914619883041	0.923976608187	0.865497076023	0.818713450292	0.851461988304	0.837426900585	0.652631578947	0.623391812865	0.654970760234	0.79298245614	0.837426900585	0.721637426901
DG2	0.626900584795	0.67485380117	0.722807017544	0.615204678363	0.625730994152	0.733333333333	0.700584795322	0.60350877193	0.60701754386	0.444444444444	0.534502923977	0.546198830409	0.580116959064	0.589473684211	0.0	0.629239766082	0.733333333333	0.858479532164	0.700584795322	0.716959064327	0.764912280702	0.740350877193	0.767251461988	0.699415204678	0.839766081871	0.819883040936	0.895906432749	0.770760233918	0.787134502924	0.900584795322	0.802339181287	0.901754385965	0.943859649123	0.914619883041	0.909941520468	0.955555555556	0.930994152047	0.895906432749	0.947368421053	0.92865497076	0.991812865497	0.962573099415	0.949707602339	0.960233918129	0.981286549708	0.945029239766	0.93918128655	0.974269005848	0.908771929825	0.93567251462	0.957894736842	0.926315789474	0.946198830409	0.881871345029	0.826900584795	0.86081871345	0.776608187135	0.687719298246	0.686549707602	0.633918128655	0.707602339181	0.854970760234	0.73216374269
DH2	0.559064327485	0.548538011696	0.633918128655	0.541520467836	0.536842105263	0.640935672515	0.597660818713	0.53216374269	0.423391812865	0.616374269006	0.588304093567	0.690058479532	0.729824561404	0.778947368421	0.629239766082	0.0	0.770760233918	0.730994152047	0.788304093567	0.647953216374	0.65730994152	0.67485380117	0.661988304094	0.780116959064	0.711111111111	0.714619883041	0.677192982456	0.782456140351	0.763742690058	0.683040935673	0.748538011696	0.686549707602	0.930994152047	0.911111111111	0.938011695906	0.934502923977	0.92514619883	0.921637426901	0.93216374269	0.921637426901	0.963742690058	0.94269005848	0.943859649123	0.929824561404	0.959064327485	0.93216374269	0.933333333333	0.954385964912	0.94269005848	0.948538011696	0.962573099415	0.941520467836	0.954385964912	0.938011695906	0.947368421053	0.784795321637	0.704093567251	0.773099415205	0.781286549708	0.699415204678	0.644444444444	0.776608187135	0.72865497076
DA1	0.769590643275	0.762573099415	0.746198830409	0.752046783626	0.775438596491	0.73918128655	0.764912280702	0.756725146199	0.694736842105	0.746198830409	0.67134502924	0.670175438596	0.700584795322	0.699415204678	0.733333333333	0.770760233918	0.0	0.665497076023	0.665497076023	0.711111111111	0.72865497076	0.66783625731	0.714619883041	0.59649122807	0.822222222222	0.812865497076	0.822222222222	0.630409356725	0.66783625731	0.830409356725	0.669005847953	0.832748538012	0.909941520468	0.913450292398	0.902923976608	0.926315789474	0.897076023392	0.87134502924	0.912280701754	0.908771929825	0.961403508772	0.941520467836	0.92514619883	0.894736842105	0.926315789474	0.906432748538	0.918128654971	0.949707602339	0.774269005848	0.783625730994	0.814035087719	0.776608187135	0.789473684211	0.743859649123	0.709941520468	0.778947368421	0.812865497076	0.666666666667	0.66081871345	0.691228070175	0.789473684211	0.789473684211	0.722807017544
DB1	0.804678362573	0.777777777778	0.829239766082	0.805847953216	0.809356725146	0.824561403509	0.811695906433	0.79649122807	0.701754385965	0.859649122807	0.8	0.782456140351	0.810526315789	0.872514619883	0.858479532164	0.730994152047	0.665497076023	0.0	0.768421052632	0.678362573099	0.680701754386	0.722807017544	0.527485380117	0.718128654971	0.733333333333	0.750877192982	0.791812865497	0.794152046784	0.795321637427	0.795321637427	0.775438596491	0.791812865497	0.920467836257	0.890058479532	0.916959064327	0.906432748538	0.900584795322	0.907602339181	0.911111111111	0.914619883041	0.818713450292	0.818713450292	0.805847953216	0.824561403509	0.846783625731	0.797660818713	0.824561403509	0.815204678363	0.733333333333	0.713450292398	0.743859649123	0.721637426901	0.73567251462	0.719298245614	0.743859649123	0.853801169591	0.866666666667	0.880701754386	0.883040935673	0.886549707602	0.822222222222	0.878362573099	0.842105263158
DC1	0.784795321637	0.767251461988	0.766081871345	0.754385964912	0.79298245614	0.764912280702	0.768421052632	0.775438596491	0.749707602339	0.719298245614	0.747368421053	0.677192982456	0.684210526316	0.718128654971	0.700584795322	0.788304093567	0.665497076023	0.768421052632	0.0	0.59298245614	0.653801169591	0.504093567251	0.623391812865	0.52514619883	0.835087719298	0.824561403509	0.901754385965	0.771929824561	0.776608187135	0.904093567251	0.778947368421	0.906432748538	0.759064327485	0.754385964912	0.753216374269	0.762573099415	0.738011695906	0.72514619883	0.763742690058	0.749707602339	0.934502923977	0.923976608187	0.906432748538	0.898245614035	0.914619883041	0.886549707602	0.902923976608	0.923976608187	0.914619883041	0.919298245614	0.957894736842	0.92514619883	0.940350877193	0.884210526316	0.843274853801	0.811695906433	0.830409356725	0.734502923977	0.729824561404	0.73567251462	0.802339181287	0.816374269006	0.750877192982
DD1	0.624561403509	0.609356725146	0.615204678363	0.618713450292	0.638596491228	0.623391812865	0.623391812865	0.618713450292	0.584795321637	0.698245614035	0.680701754386	0.699415204678	0.738011695906	0.785964912281	0.716959064327	0.647953216374	0.711111111111	0.678362573099	0.59298245614	0.0	0.366081871345	0.431578947368	0.465497076023	0.550877192982	0.828070175439	0.821052631579	0.842105263158	0.790643274854	0.781286549708	0.839766081871	0.785964912281	0.840935672515	0.832748538012	0.801169590643	0.838596491228	0.832748538012	0.811695906433	0.809356725146	0.817543859649	0.822222222222	0.849122807018	0.878362573099	0.886549707602	0.878362573099	0.893567251462	0.828070175439	0.900584795322	0.854970760234	0.940350877193	0.93216374269	0.969590643275	0.940350877193	0.947368421053	0.930994152047	0.948538011696	0.790643274854	0.712280701754	0.790643274854	0.79298245614	0.701754385965	0.679532163743	0.79649122807	0.719298245614
DE1	0.624561403509	0.617543859649	0.632748538012	0.623391812865	0.637426900585	0.638596491228	0.632748538012	0.638596491228	0.608187134503	0.736842105263	0.722807017544	0.721637426901	0.761403508772	0.816374269006	0.764912280702	0.65730994152	0.72865497076	0.680701754386	0.653801169591	0.366081871345	0.0	0.497076023392	0.477192982456	0.615204678363	0.837426900585	0.838596491228	0.810526315789	0.802339181287	0.790643274854	0.809356725146	0.781286549708	0.809356725146	0.865497076023	0.846783625731	0.881871345029	0.870175438596	0.86081871345	0.866666666667	0.859649122807	0.87485380117	0.801169590643	0.881871345029	0.899415204678	0.872514619883	0.886549707602	0.835087719298	0.918128654971	0.849122807018	0.973099415205	0.952046783626	0.975438596491	0.962573099415	0.968421052632	0.957894736842	0.978947368421	0.794152046784	0.721637426901	0.80701754386	0.804678362573	0.740350877193	0.700584795322	0.780116959064	0.727485380117
DF1	0.676023391813	0.661988304094	0.637426900585	0.652631578947	0.681871345029	0.644444444444	0.66432748538	0.651461988304	0.663157894737	0.733333333333	0.708771929825	0.695906432749	0.716959064327	0.760233918129	0.740350877193	0.67485380117	0.66783625731	0.722807017544	0.504093567251	0.431578947368	0.497076023392	0.0	0.546198830409	0.492397660819	0.818713450292	0.8	0.830409356725	0.764912280702	0.753216374269	0.831578947368	0.760233918129	0.832748538012	0.80701754386	0.785964912281	0.795321637427	0.797660818713	0.778947368421	0.762573099415	0.804678362573	0.790643274854	0.952046783626	0.93918128655	0.929824561404	0.892397660819	0.904093567251	0.904093567251	0.918128654971	0.93918128655	0.923976608187	0.922807017544	0.962573099415	0.929824561404	0.946198830409	0.901754385965	0.918128654971	0.775438596491	0.755555555556	0.749707602339	0.748538011696	0.715789473684	0.730994152047	0.781286549708	0.702923976608
DG1	0.718128654971	0.683040935673	0.738011695906	0.722807017544	0.72865497076	0.72865497076	0.723976608187	0.705263157895	0.615204678363	0.763742690058	0.727485380117	0.690058479532	0.72514619883	0.790643274854	0.767251461988	0.661988304094	0.714619883041	0.527485380117	0.623391812865	0.465497076023	0.477192982456	0.546198830409	0.0	0.60350877193	0.713450292398	0.718128654971	0.788304093567	0.776608187135	0.766081871345	0.789473684211	0.760233918129	0.788304093567	0.873684210526	0.837426900585	0.87134502924	0.872514619883	0.849122807018	0.846783625731	0.86081871345	0.86081871345	0.840935672515	0.86783625731	0.880701754386	0.892397660819	0.907602339181	0.811695906433	0.891228070175	0.840935672515	0.893567251462	0.876023391813	0.922807017544	0.892397660819	0.900584795322	0.876023391813	0.902923976608	0.828070175439	0.798830409357	0.840935672515	0.839766081871	0.804678362573	0.766081871345	0.838596491228	0.770760233918
DH1	0.782456140351	0.768421052632	0.741520467836	0.750877192982	0.790643274854	0.749707602339	0.776608187135	0.770760233918	0.727485380117	0.73567251462	0.683040935673	0.678362573099	0.691228070175	0.698245614035	0.699415204678	0.780116959064	0.59649122807	0.718128654971	0.52514619883	0.550877192982	0.615204678363	0.492397660819	0.60350877193	0.0	0.823391812865	0.818713450292	0.887719298246	0.730994152047	0.72514619883	0.890058479532	0.750877192982	0.891228070175	0.863157894737	0.853801169591	0.856140350877	0.859649122807	0.854970760234	0.826900584795	0.859649122807	0.851461988304	0.956725146199	0.943859649123	0.934502923977	0.890058479532	0.911111111111	0.915789473684	0.923976608187	0.946198830409	0.881871345029	0.890058479532	0.920467836257	0.893567251462	0.905263157895	0.849122807018	0.818713450292	0.825730994152	0.850292397661	0.714619883041	0.707602339181	0.74269005848	0.819883040936	0.838596491228	0.769590643275
DA4	0.858479532164	0.839766081871	0.893567251462	0.863157894737	0.86783625731	0.883040935673	0.86783625731	0.832748538012	0.755555555556	0.832748538012	0.844444444444	0.775438596491	0.802339181287	0.859649122807	0.839766081871	0.711111111111	0.822222222222	0.733333333333	0.835087719298	0.828070175439	0.837426900585	0.818713450292	0.713450292398	0.823391812865	0.0	0.377777777778	0.553216374269	0.743859649123	0.73216374269	0.515789473684	0.784795321637	0.53216374269	0.962573099415	0.949707602339	0.953216374269	0.961403508772	0.946198830409	0.930994152047	0.955555555556	0.956725146199	0.950877192982	0.936842105263	0.929824561404	0.933333333333	0.946198830409	0.929824561404	0.919298245614	0.94269005848	0.93567251462	0.947368421053	0.964912280702	0.946198830409	0.948538011696	0.934502923977	0.916959064327	0.885380116959	0.907602339181	0.869005847953	0.86081871345	0.873684210526	0.881871345029	0.906432748538	0.854970760234
DB4	0.846783625731	0.835087719298	0.886549707602	0.853801169591	0.859649122807	0.876023391813	0.853801169591	0.822222222222	0.749707602339	0.823391812865	0.833918128655	0.759064327485	0.794152046784	0.850292397661	0.819883040936	0.714619883041	0.812865497076	0.750877192982	0.824561403509	0.821052631579	0.838596491228	0.8	0.718128654971	0.818713450292	0.377777777778	0.0	0.560233918129	0.753216374269	0.747368421053	0.52514619883	0.782456140351	0.54269005848	0.956725146199	0.945029239766	0.940350877193	0.957894736842	0.940350877193	0.916959064327	0.950877192982	0.947368421053	0.957894736842	0.940350877193	0.93216374269	0.943859649123	0.953216374269	0.923976608187	0.926315789474	0.947368421053	0.92865497076	0.941520467836	0.959064327485	0.941520467836	0.943859649123	0.921637426901	0.911111111111	0.887719298246	0.914619883041	0.86081871345	0.853801169591	0.866666666667	0.886549707602	0.905263157895	0.853801169591
DC4	0.701754385965	0.670175438596	0.749707602339	0.74269005848	0.757894736842	0.72514619883	0.686549707602	0.714619883041	0.701754385965	0.892397660819	0.870175438596	0.847953216374	0.878362573099	0.919298245614	0.895906432749	0.677192982456	0.822222222222	0.791812865497	0.901754385965	0.842105263158	0.810526315789	0.830409356725	0.788304093567	0.887719298246	0.553216374269	0.560233918129	0.0	0.754385964912	0.720467836257	0.340350877193	0.663157894737	0.334502923977	0.982456140351	0.977777777778	0.970760233918	0.981286549708	0.978947368421	0.974269005848	0.982456140351	0.978947368421	0.985964912281	0.981286549708	0.980116959064	0.976608187135	0.981286549708	0.981286549708	0.974269005848	0.983625730994	0.974269005848	0.974269005848	0.976608187135	0.977777777778	0.971929824561	0.976608187135	0.970760233918	0.754385964912	0.764912280702	0.759064327485	0.757894736842	0.782456140351	0.863157894737	0.760233918129	0.755555555556
DD4	0.722807017544	0.729824561404	0.73216374269	0.72514619883	0.72865497076	0.72514619883	0.72514619883	0.694736842105	0.702923976608	0.782456140351	0.723976608187	0.738011695906	0.777777777778	0.780116959064	0.770760233918	0.782456140351	0.630409356725	0.794152046784	0.771929824561	0.790643274854	0.802339181287	0.764912280702	0.776608187135	0.730994152047	0.743859649123	0.753216374269	0.754385964912	0.0	0.4	0.754385964912	0.605847953216	0.755555555556	0.950877192982	0.93567251462	0.927485380117	0.947368421053	0.926315789474	0.906432748538	0.92865497076	0.946198830409	0.952046783626	0.92865497076	0.912280701754	0.919298245614	0.948538011696	0.920467836257	0.904093567251	0.93567251462	0.879532163743	0.905263157895	0.919298245614	0.890058479532	0.894736842105	0.869005847953	0.840935672515	0.746198830409	0.782456140351	0.669005847953	0.666666666667	0.681871345029	0.810526315789	0.770760233918	0.686549707602
DE4	0.702923976608	0.707602339181	0.73216374269	0.706432748538	0.722807017544	0.720467836257	0.704093567251	0.687719298246	0.704093567251	0.8	0.741520467836	0.748538011696	0.773099415205	0.797660818713	0.787134502924	0.763742690058	0.66783625731	0.795321637427	0.776608187135	0.781286549708	0.790643274854	0.753216374269	0.766081871345	0.72514619883	0.73216374269	0.747368421053	0.720467836257	0.4	0.0	0.726315789474	0.584795321637	0.727485380117	0.956725146199	0.940350877193	0.929824561404	0.948538011696	0.936842105263	0.913450292398	0.93216374269	0.941520467836	0.948538011696	0.926315789474	0.908771929825	0.913450292398	0.948538011696	0.916959064327	0.898245614035	0.927485380117	0.878362573099	0.912280701754	0.92865497076	0.897076023392	0.898245614035	0.893567251462	0.842105263158	0.747368421053	0.778947368421	0.670175438596	0.670175438596	0.680701754386	0.811695906433	0.763742690058	0.701754385965
DF4	0.695906432749	0.672514619883	0.745029239766	0.740350877193	0.745029239766	0.714619883041	0.677192982456	0.708771929825	0.709941520468	0.894736842105	0.86783625731	0.858479532164	0.873684210526	0.923976608187	0.900584795322	0.683040935673	0.830409356725	0.795321637427	0.904093567251	0.839766081871	0.809356725146	0.831578947368	0.789473684211	0.890058479532	0.515789473684	0.52514619883	0.340350877193	0.754385964912	0.726315789474	0.0	0.665497076023	0.309941520468	0.981286549708	0.971929824561	0.973099415205	0.975438596491	0.973099415205	0.971929824561	0.980116959064	0.975438596491	0.987134502924	0.974269005848	0.980116959064	0.973099415205	0.981286549708	0.980116959064	0.974269005848	0.983625730994	0.977777777778	0.981286549708	0.978947368421	0.976608187135	0.976608187135	0.983625730994	0.977777777778	0.746198830409	0.752046783626	0.741520467836	0.750877192982	0.777777777778	0.85730994152	0.749707602339	0.748538011696
DG4	0.659649122807	0.647953216374	0.687719298246	0.687719298246	0.718128654971	0.614035087719	0.597660818713	0.672514619883	0.672514619883	0.802339181287	0.740350877193	0.756725146199	0.789473684211	0.818713450292	0.802339181287	0.748538011696	0.669005847953	0.775438596491	0.778947368421	0.785964912281	0.781286549708	0.760233918129	0.760233918129	0.750877192982	0.784795321637	0.782456140351	0.663157894737	0.605847953216	0.584795321637	0.665497076023	0.0	0.637426900585	0.961403508772	0.948538011696	0.93567251462	0.959064327485	0.929824561404	0.909941520468	0.941520467836	0.938011695906	0.970760233918	0.949707602339	0.929824561404	0.92865497076	0.970760233918	0.933333333333	0.919298245614	0.950877192982	0.861988304094	0.888888888889	0.901754385965	0.883040935673	0.880701754386	0.86432748538	0.846783625731	0.622222222222	0.707602339181	0.625730994152	0.661988304094	0.688888888889	0.817543859649	0.629239766082	0.639766081871
DH4	0.699415204678	0.672514619883	0.750877192982	0.740350877193	0.747368421053	0.693567251462	0.663157894737	0.711111111111	0.711111111111	0.898245614035	0.869005847953	0.85730994152	0.876023391813	0.926315789474	0.901754385965	0.686549707602	0.832748538012	0.791812865497	0.906432748538	0.840935672515	0.809356725146	0.832748538012	0.788304093567	0.891228070175	0.53216374269	0.54269005848	0.334502923977	0.755555555556	0.727485380117	0.309941520468	0.637426900585	0.0	0.981286549708	0.976608187135	0.969590643275	0.977777777778	0.971929824561	0.968421052632	0.980116959064	0.974269005848	0.985964912281	0.977777777778	0.978947368421	0.974269005848	0.981286549708	0.978947368421	0.970760233918	0.982456140351	0.981286549708	0.983625730994	0.981286549708	0.977777777778	0.978947368421	0.985964912281	0.977777777778	0.73216374269	0.740350877193	0.730994152047	0.762573099415	0.782456140351	0.859649122807	0.729824561404	0.72865497076
DA6	0.927485380117	0.93216374269	0.905263157895	0.908771929825	0.922807017544	0.908771929825	0.920467836257	0.93216374269	0.927485380117	0.919298245614	0.947368421053	0.920467836257	0.92865497076	0.940350877193	0.943859649123	0.930994152047	0.909941520468	0.920467836257	0.759064327485	0.832748538012	0.865497076023	0.80701754386	0.873684210526	0.863157894737	0.962573099415	0.956725146199	0.982456140351	0.950877192982	0.956725146199	0.981286549708	0.961403508772	0.981286549708	0.0	0.334502923977	0.355555555556	0.306432748538	0.333333333333	0.364912280702	0.287719298246	0.346198830409	0.893567251462	0.888888888889	0.892397660819	0.912280701754	0.93216374269	0.895906432749	0.873684210526	0.887719298246	0.961403508772	0.93216374269	0.966081871345	0.945029239766	0.93918128655	0.933333333333	0.974269005848	0.914619883041	0.888888888889	0.914619883041	0.919298245614	0.913450292398	0.883040935673	0.888888888889	0.892397660819
DB6	0.897076023392	0.902923976608	0.885380116959	0.881871345029	0.894736842105	0.877192982456	0.899415204678	0.887719298246	0.911111111111	0.898245614035	0.913450292398	0.881871345029	0.901754385965	0.921637426901	0.914619883041	0.911111111111	0.913450292398	0.890058479532	0.754385964912	0.801169590643	0.846783625731	0.785964912281	0.837426900585	0.853801169591	0.949707602339	0.945029239766	0.977777777778	0.93567251462	0.940350877193	0.971929824561	0.948538011696	0.976608187135	0.334502923977	0.0	0.352046783626	0.341520467836	0.340350877193	0.352046783626	0.333333333333	0.354385964912	0.913450292398	0.897076023392	0.895906432749	0.907602339181	0.927485380117	0.895906432749	0.881871345029	0.901754385965	0.953216374269	0.918128654971	0.961403508772	0.930994152047	0.936842105263	0.920467836257	0.960233918129	0.877192982456	0.865497076023	0.878362573099	0.881871345029	0.869005847953	0.853801169591	0.883040935673	0.86081871345
DC6	0.929824561404	0.93216374269	0.919298245614	0.926315789474	0.933333333333	0.920467836257	0.923976608187	0.918128654971	0.929824561404	0.906432748538	0.918128654971	0.881871345029	0.890058479532	0.905263157895	0.909941520468	0.938011695906	0.902923976608	0.916959064327	0.753216374269	0.838596491228	0.881871345029	0.795321637427	0.87134502924	0.856140350877	0.953216374269	0.940350877193	0.970760233918	0.927485380117	0.929824561404	0.973099415205	0.93567251462	0.969590643275	0.355555555556	0.352046783626	0.0	0.376608187135	0.363742690058	0.346198830409	0.350877192982	0.370760233918	0.912280701754	0.916959064327	0.895906432749	0.929824561404	0.945029239766	0.892397660819	0.879532163743	0.898245614035	0.930994152047	0.914619883041	0.954385964912	0.916959064327	0.92865497076	0.914619883041	0.945029239766	0.912280701754	0.895906432749	0.892397660819	0.895906432749	0.877192982456	0.87134502924	0.923976608187	0.873684210526
DD6	0.92865497076	0.93918128655	0.918128654971	0.921637426901	0.93216374269	0.914619883041	0.93216374269	0.930994152047	0.93567251462	0.941520467836	0.950877192982	0.933333333333	0.934502923977	0.946198830409	0.955555555556	0.934502923977	0.926315789474	0.906432748538	0.762573099415	0.832748538012	0.870175438596	0.797660818713	0.872514619883	0.859649122807	0.961403508772	0.957894736842	0.981286549708	0.947368421053	0.948538011696	0.975438596491	0.959064327485	0.977777777778	0.306432748538	0.341520467836	0.376608187135	0.0	0.323976608187	0.364912280702	0.284210526316	0.377777777778	0.916959064327	0.901754385965	0.901754385965	0.919298245614	0.927485380117	0.907602339181	0.894736842105	0.901754385965	0.959064327485	0.93216374269	0.963742690058	0.940350877193	0.940350877193	0.933333333333	0.975438596491	0.886549707602	0.878362573099	0.894736842105	0.904093567251	0.880701754386	0.869005847953	0.886549707602	0.891228070175
DE6	0.922807017544	0.92865497076	0.893567251462	0.909941520468	0.922807017544	0.900584795322	0.927485380117	0.921637426901	0.907602339181	0.916959064327	0.933333333333	0.904093567251	0.908771929825	0.921637426901	0.930994152047	0.92514619883	0.897076023392	0.900584795322	0.738011695906	0.811695906433	0.86081871345	0.778947368421	0.849122807018	0.854970760234	0.946198830409	0.940350877193	0.978947368421	0.926315789474	0.936842105263	0.973099415205	0.929824561404	0.971929824561	0.333333333333	0.340350877193	0.363742690058	0.323976608187	0.0	0.343859649123	0.336842105263	0.353216374269	0.915789473684	0.891228070175	0.890058479532	0.902923976608	0.920467836257	0.885380116959	0.870175438596	0.897076023392	0.94269005848	0.912280701754	0.954385964912	0.921637426901	0.921637426901	0.918128654971	0.960233918129	0.904093567251	0.892397660819	0.893567251462	0.906432748538	0.877192982456	0.870175438596	0.887719298246	0.880701754386
DF6	0.92514619883	0.922807017544	0.912280701754	0.918128654971	0.926315789474	0.911111111111	0.918128654971	0.909941520468	0.900584795322	0.886549707602	0.901754385965	0.87134502924	0.869005847953	0.892397660819	0.895906432749	0.921637426901	0.87134502924	0.907602339181	0.72514619883	0.809356725146	0.866666666667	0.762573099415	0.846783625731	0.826900584795	0.930994152047	0.916959064327	0.974269005848	0.906432748538	0.913450292398	0.971929824561	0.909941520468	0.968421052632	0.364912280702	0.352046783626	0.346198830409	0.364912280702	0.343859649123	0.0	0.361403508772	0.356725146199	0.934502923977	0.919298245614	0.908771929825	0.927485380117	0.93918128655	0.902923976608	0.899415204678	0.921637426901	0.914619883041	0.899415204678	0.953216374269	0.922807017544	0.933333333333	0.891228070175	0.921637426901	0.906432748538	0.916959064327	0.870175438596	0.872514619883	0.856140350877	0.884210526316	0.916959064327	0.859649122807
DG6	0.918128654971	0.918128654971	0.901754385965	0.899415204678	0.913450292398	0.897076023392	0.912280701754	0.920467836257	0.93216374269	0.921637426901	0.933333333333	0.915789473684	0.92514619883	0.94269005848	0.947368421053	0.93216374269	0.912280701754	0.911111111111	0.763742690058	0.817543859649	0.859649122807	0.804678362573	0.86081871345	0.859649122807	0.955555555556	0.950877192982	0.982456140351	0.92865497076	0.93216374269	0.980116959064	0.941520467836	0.980116959064	0.287719298246	0.333333333333	0.350877192982	0.284210526316	0.336842105263	0.361403508772	0.0	0.359064327485	0.898245614035	0.902923976608	0.883040935673	0.914619883041	0.92514619883	0.883040935673	0.879532163743	0.885380116959	0.950877192982	0.923976608187	0.963742690058	0.934502923977	0.930994152047	0.930994152047	0.964912280702	0.914619883041	0.892397660819	0.912280701754	0.915789473684	0.901754385965	0.880701754386	0.915789473684	0.886549707602
DH6	0.927485380117	0.926315789474	0.911111111111	0.912280701754	0.927485380117	0.918128654971	0.920467836257	0.922807017544	0.918128654971	0.919298245614	0.929824561404	0.905263157895	0.912280701754	0.936842105263	0.92865497076	0.921637426901	0.908771929825	0.914619883041	0.749707602339	0.822222222222	0.87485380117	0.790643274854	0.86081871345	0.851461988304	0.956725146199	0.947368421053	0.978947368421	0.946198830409	0.941520467836	0.975438596491	0.938011695906	0.974269005848	0.346198830409	0.354385964912	0.370760233918	0.377777777778	0.353216374269	0.356725146199	0.359064327485	0.0	0.92514619883	0.908771929825	0.915789473684	0.920467836257	0.933333333333	0.894736842105	0.879532163743	0.915789473684	0.912280701754	0.898245614035	0.963742690058	0.92514619883	0.940350877193	0.866666666667	0.899415204678	0.916959064327	0.919298245614	0.908771929825	0.911111111111	0.900584795322	0.900584795322	0.921637426901	0.904093567251
DA7	0.964912280702	0.966081871345	0.953216374269	0.960233918129	0.962573099415	0.954385964912	0.971929824561	0.961403508772	0.919298245614	0.988304093567	0.970760233918	0.974269005848	0.980116959064	0.989473684211	0.991812865497	0.963742690058	0.961403508772	0.818713450292	0.934502923977	0.849122807018	0.801169590643	0.952046783626	0.840935672515	0.956725146199	0.950877192982	0.957894736842	0.985964912281	0.952046783626	0.948538011696	0.987134502924	0.970760233918	0.985964912281	0.893567251462	0.913450292398	0.912280701754	0.916959064327	0.915789473684	0.934502923977	0.898245614035	0.92514619883	0.0	0.40350877193	0.435087719298	0.526315789474	0.653801169591	0.378947368421	0.485380116959	0.33918128655	0.970760233918	0.957894736842	0.980116959064	0.970760233918	0.961403508772	0.962573099415	0.989473684211	0.850292397661	0.817543859649	0.950877192982	0.945029239766	0.938011695906	0.757894736842	0.913450292398	0.850292397661
DB7	0.955555555556	0.959064327485	0.933333333333	0.947368421053	0.950877192982	0.943859649123	0.959064327485	0.950877192982	0.900584795322	0.963742690058	0.957894736842	0.948538011696	0.955555555556	0.961403508772	0.962573099415	0.94269005848	0.941520467836	0.818713450292	0.923976608187	0.878362573099	0.881871345029	0.93918128655	0.86783625731	0.943859649123	0.936842105263	0.940350877193	0.981286549708	0.92865497076	0.926315789474	0.974269005848	0.949707602339	0.977777777778	0.888888888889	0.897076023392	0.916959064327	0.901754385965	0.891228070175	0.919298245614	0.902923976608	0.908771929825	0.40350877193	0.0	0.353216374269	0.491228070175	0.622222222222	0.39649122807	0.439766081871	0.329824561404	0.952046783626	0.943859649123	0.961403508772	0.93567251462	0.93216374269	0.947368421053	0.975438596491	0.814035087719	0.87134502924	0.926315789474	0.92514619883	0.92514619883	0.775438596491	0.888888888889	0.859649122807
