	DA5	DB5	DC5	DD5	DE5	DF5	DG5	DH5	DA2	DB2	DC2	DD2	DE2	DF2	DG2	DH2	DA1	DB1	DC1	DD1	DE1	DF1	DG1	DH1	DA4	DB4	DC4	DD4	DE4	DF4	DG4	DH4	DA6	DB6	DC6	DD6	DE6	DF6	DG6	DH6	DA7	DB7	DC7	DD7	DE7	DF7	DG7	DH7	DA8	DB8	DC8	DD8	DF8	DG8	DH8	DA3	DB3	DC3	DD3	DE3	DF3	DG3	DH3
DA5	0.0	0.389473684211	0.458479532164	0.356725146199	0.389473684211	0.430409356725	0.438596491228	0.384795321637	0.550877192982	0.590643274854	0.573099415205	0.723976608187	0.761403508772	0.811695906433	0.629239766082	0.566081871345	0.743859649123	0.776608187135	0.770760233918	0.589473684211	0.631578947368	0.679532163743	0.713450292398	0.745029239766	0.854970760234	0.859649122807	0.711111111111	0.716959064327	0.720467836257	0.709941520468	0.680701754386	0.714619883041	0.907602339181	0.885380116959	0.902923976608	0.926315789474	0.900584795322	0.92514619883	0.913450292398	0.923976608187	0.954385964912	0.94269005848	0.955555555556	0.930994152047	0.946198830409	0.936842105263	0.943859649123	0.950877192982	0.967251461988	0.961403508772	0.982456140351	0.970760233918	0.969590643275	0.968421052632	0.971929824561	0.704093567251	0.557894736842	0.705263157895	0.697076023392	0.609356725146	0.611695906433	0.67485380117	0.612865497076
DB5	0.389473684211	0.0	0.450292397661	0.398830409357	0.443274853801	0.4	0.388304093567	0.421052631579	0.52865497076	0.665497076023	0.632748538012	0.711111111111	0.761403508772	0.825730994152	0.679532163743	0.563742690058	0.756725146199	0.764912280702	0.775438596491	0.590643274854	0.621052631579	0.680701754386	0.702923976608	0.757894736842	0.828070175439	0.838596491228	0.663157894737	0.704093567251	0.715789473684	0.666666666667	0.651461988304	0.656140350877	0.905263157895	0.884210526316	0.908771929825	0.923976608187	0.909941520468	0.92514619883	0.913450292398	0.922807017544	0.950877192982	0.947368421053	0.960233918129	0.934502923977	0.949707602339	0.948538011696	0.954385964912	0.954385964912	0.971929824561	0.973099415205	0.983625730994	0.981286549708	0.971929824561	0.977777777778	0.978947368421	0.677192982456	0.529824561404	0.693567251462	0.67485380117	0.614035087719	0.612865497076	0.656140350877	0.591812865497
DC5	0.458479532164	0.450292397661	0.0	0.452631578947	0.509941520468	0.378947368421	0.449122807018	0.473684210526	0.581286549708	0.701754385965	0.646783625731	0.753216374269	0.789473684211	0.80701754386	0.721637426901	0.637426900585	0.743859649123	0.814035087719	0.777777777778	0.598830409357	0.630409356725	0.66783625731	0.754385964912	0.72514619883	0.891228070175	0.895906432749	0.753216374269	0.722807017544	0.72865497076	0.762573099415	0.701754385965	0.773099415205	0.895906432749	0.880701754386	0.886549707602	0.902923976608	0.890058479532	0.912280701754	0.897076023392	0.908771929825	0.93918128655	0.92865497076	0.943859649123	0.884210526316	0.905263157895	0.914619883041	0.922807017544	0.933333333333	0.955555555556	0.952046783626	0.976608187135	0.956725146199	0.957894736842	0.959064327485	0.963742690058	0.702923976608	0.573099415205	0.700584795322	0.694736842105	0.595321637427	0.629239766082	0.676023391813	0.617543859649
DD5	0.356725146199	0.398830409357	0.452631578947	0.0	0.320467836257	0.430409356725	0.445614035088	0.383625730994	0.53216374269	0.549707602339	0.576608187135	0.738011695906	0.764912280702	0.821052631579	0.617543859649	0.550877192982	0.745029239766	0.798830409357	0.764912280702	0.601169590643	0.642105263158	0.683040935673	0.740350877193	0.749707602339	0.86783625731	0.878362573099	0.729824561404	0.706432748538	0.711111111111	0.73918128655	0.694736842105	0.746198830409	0.913450292398	0.895906432749	0.907602339181	0.921637426901	0.911111111111	0.922807017544	0.909941520468	0.916959064327	0.957894736842	0.959064327485	0.955555555556	0.933333333333	0.954385964912	0.943859649123	0.954385964912	0.956725146199	0.963742690058	0.969590643275	0.976608187135	0.973099415205	0.962573099415	0.964912280702	0.966081871345	0.729824561404	0.576608187135	0.719298245614	0.721637426901	0.614035087719	0.614035087719	0.694736842105	0.635087719298
DE5	0.389473684211	0.443274853801	0.509941520468	0.320467836257	0.0	0.486549707602	0.490058479532	0.384795321637	0.523976608187	0.530994152047	0.575438596491	0.730994152047	0.766081871345	0.816374269006	0.609356725146	0.53918128655	0.759064327485	0.809356725146	0.787134502924	0.622222222222	0.65730994152	0.705263157895	0.740350877193	0.768421052632	0.861988304094	0.869005847953	0.740350877193	0.713450292398	0.73216374269	0.749707602339	0.720467836257	0.750877192982	0.923976608187	0.901754385965	0.919298245614	0.93216374269	0.923976608187	0.933333333333	0.923976608187	0.930994152047	0.956725146199	0.954385964912	0.949707602339	0.945029239766	0.960233918129	0.952046783626	0.946198830409	0.952046783626	0.961403508772	0.967251461988	0.981286549708	0.971929824561	0.966081871345	0.963742690058	0.964912280702	0.749707602339	0.608187134503	0.749707602339	0.743859649123	0.635087719298	0.619883040936	0.72514619883	0.656140350877
DF5	0.430409356725	0.4	0.378947368421	0.430409356725	0.486549707602	0.0	0.4	0.458479532164	0.553216374269	0.681871345029	0.633918128655	0.745029239766	0.770760233918	0.804678362573	0.698245614035	0.621052631579	0.723976608187	0.790643274854	0.755555555556	0.588304093567	0.626900584795	0.652631578947	0.73216374269	0.713450292398	0.877192982456	0.885380116959	0.713450292398	0.712280701754	0.711111111111	0.721637426901	0.652631578947	0.721637426901	0.892397660819	0.884210526316	0.890058479532	0.907602339181	0.881871345029	0.908771929825	0.906432748538	0.912280701754	0.941520467836	0.929824561404	0.927485380117	0.894736842105	0.912280701754	0.911111111111	0.920467836257	0.92865497076	0.948538011696	0.953216374269	0.969590643275	0.963742690058	0.952046783626	0.952046783626	0.959064327485	0.665497076023	0.533333333333	0.679532163743	0.651461988304	0.6	0.610526315789	0.633918128655	0.570760233918
DG5	0.438596491228	0.388304093567	0.449122807018	0.445614035088	0.490058479532	0.4	0.0	0.459649122807	0.550877192982	0.686549707602	0.663157894737	0.72865497076	0.759064327485	0.818713450292	0.687719298246	0.604678362573	0.740350877193	0.780116959064	0.754385964912	0.602339181287	0.638596491228	0.685380116959	0.719298245614	0.743859649123	0.849122807018	0.86783625731	0.683040935673	0.695906432749	0.701754385965	0.690058479532	0.589473684211	0.652631578947	0.908771929825	0.894736842105	0.905263157895	0.919298245614	0.905263157895	0.926315789474	0.915789473684	0.920467836257	0.961403508772	0.950877192982	0.955555555556	0.929824561404	0.950877192982	0.93567251462	0.947368421053	0.956725146199	0.956725146199	0.966081871345	0.977777777778	0.968421052632	0.964912280702	0.959064327485	0.964912280702	0.633918128655	0.52865497076	0.699415204678	0.676023391813	0.617543859649	0.645614035088	0.604678362573	0.575438596491
DH5	0.384795321637	0.421052631579	0.473684210526	0.383625730994	0.384795321637	0.458479532164	0.459649122807	0.0	0.509941520468	0.576608187135	0.543859649123	0.679532163743	0.716959064327	0.783625730994	0.590643274854	0.543859649123	0.72514619883	0.774269005848	0.741520467836	0.60701754386	0.644444444444	0.658479532164	0.707602339181	0.72865497076	0.819883040936	0.824561403509	0.711111111111	0.67485380117	0.692397660819	0.719298245614	0.676023391813	0.72514619883	0.912280701754	0.898245614035	0.904093567251	0.920467836257	0.911111111111	0.904093567251	0.921637426901	0.923976608187	0.960233918129	0.947368421053	0.945029239766	0.940350877193	0.962573099415	0.938011695906	0.93567251462	0.948538011696	0.941520467836	0.947368421053	0.974269005848	0.957894736842	0.957894736842	0.94269005848	0.945029239766	0.72514619883	0.591812865497	0.713450292398	0.706432748538	0.601169590643	0.610526315789	0.701754385965	0.624561403509
DA2	0.550877192982	0.52865497076	0.581286549708	0.53216374269	0.523976608187	0.553216374269	0.550877192982	0.509941520468	0.0	0.618713450292	0.571929824561	0.66783625731	0.704093567251	0.746198830409	0.618713450292	0.463157894737	0.712280701754	0.73567251462	0.748538011696	0.589473684211	0.628070175439	0.693567251462	0.645614035088	0.720467836257	0.775438596491	0.784795321637	0.704093567251	0.673684210526	0.691228070175	0.722807017544	0.67134502924	0.716959064327	0.909941520468	0.895906432749	0.914619883041	0.901754385965	0.908771929825	0.895906432749	0.93918128655	0.913450292398	0.909941520468	0.887719298246	0.894736842105	0.916959064327	0.947368421053	0.87485380117	0.911111111111	0.895906432749	0.902923976608	0.920467836257	0.946198830409	0.927485380117	0.927485380117	0.899415204678	0.904093567251	0.726315789474	0.605847953216	0.691228070175	0.686549707602	0.598830409357	0.590643274854	0.702923976608	0.608187134503
DB2	0.590643274854	0.665497076023	0.701754385965	0.549707602339	0.530994152047	0.681871345029	0.686549707602	0.576608187135	0.618713450292	0.0	0.505263157895	0.605847953216	0.633918128655	0.661988304094	0.451461988304	0.615204678363	0.736842105263	0.840935672515	0.729824561404	0.712280701754	0.788304093567	0.767251461988	0.773099415205	0.702923976608	0.845614035088	0.847953216374	0.886549707602	0.771929824561	0.794152046784	0.911111111111	0.809356725146	0.912280701754	0.92514619883	0.891228070175	0.905263157895	0.93918128655	0.933333333333	0.901754385965	0.93216374269	0.920467836257	0.983625730994	0.957894736842	0.947368421053	0.963742690058	0.981286549708	0.948538011696	0.946198830409	0.981286549708	0.909941520468	0.938011695906	0.962573099415	0.921637426901	0.945029239766	0.887719298246	0.847953216374	0.865497076023	0.741520467836	0.764912280702	0.762573099415	0.651461988304	0.72865497076	0.845614035088	0.72514619883
DC2	0.573099415205	0.632748538012	0.646783625731	0.576608187135	0.575438596491	0.633918128655	0.663157894737	0.543859649123	0.571929824561	0.505263157895	0.0	0.614035087719	0.635087719298	0.628070175439	0.499415204678	0.575438596491	0.628070175439	0.791812865497	0.714619883041	0.67134502924	0.755555555556	0.726315789474	0.748538011696	0.66081871345	0.823391812865	0.845614035088	0.836257309942	0.715789473684	0.727485380117	0.865497076023	0.733333333333	0.86081871345	0.918128654971	0.888888888889	0.904093567251	0.92865497076	0.92514619883	0.884210526316	0.930994152047	0.938011695906	0.959064327485	0.936842105263	0.920467836257	0.921637426901	0.954385964912	0.921637426901	0.922807017544	0.938011695906	0.879532163743	0.911111111111	0.929824561404	0.904093567251	0.912280701754	0.86783625731	0.825730994152	0.784795321637	0.665497076023	0.690058479532	0.687719298246	0.584795321637	0.646783625731	0.771929824561	0.654970760234
DD2	0.723976608187	0.711111111111	0.753216374269	0.738011695906	0.730994152047	0.745029239766	0.72865497076	0.679532163743	0.66783625731	0.605847953216	0.614035087719	0.0	0.444444444444	0.520467836257	0.563742690058	0.693567251462	0.65730994152	0.757894736842	0.683040935673	0.698245614035	0.738011695906	0.72514619883	0.692397660819	0.637426900585	0.782456140351	0.782456140351	0.828070175439	0.73918128655	0.768421052632	0.854970760234	0.788304093567	0.859649122807	0.897076023392	0.869005847953	0.873684210526	0.914619883041	0.899415204678	0.861988304094	0.907602339181	0.898245614035	0.964912280702	0.943859649123	0.929824561404	0.92514619883	0.961403508772	0.93216374269	0.923976608187	0.950877192982	0.895906432749	0.918128654971	0.959064327485	0.914619883041	0.92865497076	0.87485380117	0.805847953216	0.856140350877	0.816374269006	0.679532163743	0.687719298246	0.638596491228	0.798830409357	0.852631578947	0.720467836257
DE2	0.761403508772	0.761403508772	0.789473684211	0.764912280702	0.766081871345	0.770760233918	0.759064327485	0.716959064327	0.704093567251	0.633918128655	0.635087719298	0.444444444444	0.0	0.527485380117	0.573099415205	0.73918128655	0.678362573099	0.798830409357	0.683040935673	0.721637426901	0.775438596491	0.73567251462	0.743859649123	0.649122807018	0.826900584795	0.831578947368	0.86783625731	0.756725146199	0.790643274854	0.887719298246	0.802339181287	0.897076023392	0.915789473684	0.893567251462	0.894736842105	0.916959064327	0.908771929825	0.86432748538	0.929824561404	0.918128654971	0.982456140351	0.968421052632	0.93918128655	0.957894736842	0.977777777778	0.941520467836	0.94269005848	0.970760233918	0.894736842105	0.92514619883	0.961403508772	0.911111111111	0.93216374269	0.879532163743	0.814035087719	0.877192982456	0.829239766082	0.683040935673	0.690058479532	0.644444444444	0.811695906433	0.865497076023	0.736842105263
DF2	0.811695906433	0.825730994152	0.80701754386	0.821052631579	0.816374269006	0.804678362573	0.818713450292	0.783625730994	0.746198830409	0.661988304094	0.628070175439	0.520467836257	0.527485380117	0.0	0.616374269006	0.788304093567	0.692397660819	0.843274853801	0.738011695906	0.80350877193	0.833918128655	0.781286549708	0.795321637427	0.683040935673	0.858479532164	0.861988304094	0.909941520468	0.774269005848	0.79298245614	0.934502923977	0.828070175439	0.93567251462	0.94269005848	0.912280701754	0.918128654971	0.936842105263	0.945029239766	0.891228070175	0.948538011696	0.941520467836	0.975438596491	0.962573099415	0.941520467836	0.954385964912	0.973099415205	0.947368421053	0.936842105263	0.963742690058	0.888888888889	0.918128654971	0.94269005848	0.913450292398	0.929824561404	0.86783625731	0.791812865497	0.852631578947	0.830409356725	0.66432748538	0.665497076023	0.646783625731	0.809356725146	0.843274853801	0.730994152047
DG2	0.629239766082	0.679532163743	0.721637426901	0.617543859649	0.609356725146	0.698245614035	0.687719298246	0.590643274854	0.618713450292	0.451461988304	0.499415204678	0.563742690058	0.573099415205	0.616374269006	0.0	0.630409356725	0.690058479532	0.819883040936	0.708771929825	0.730994152047	0.795321637427	0.764912280702	0.762573099415	0.676023391813	0.833918128655	0.835087719298	0.879532163743	0.763742690058	0.787134502924	0.900584795322	0.801169590643	0.897076023392	0.93918128655	0.909941520468	0.914619883041	0.945029239766	0.94269005848	0.904093567251	0.947368421053	0.929824561404	0.987134502924	0.964912280702	0.952046783626	0.956725146199	0.984795321637	0.950877192982	0.947368421053	0.981286549708	0.897076023392	0.926315789474	0.949707602339	0.919298245614	0.945029239766	0.87485380117	0.817543859649	0.872514619883	0.753216374269	0.73216374269	0.719298245614	0.642105263158	0.723976608187	0.86081871345	0.721637426901
DH2	0.566081871345	0.563742690058	0.637426900585	0.550877192982	0.53918128655	0.621052631579	0.604678362573	0.543859649123	0.463157894737	0.615204678363	0.575438596491	0.693567251462	0.73918128655	0.788304093567	0.630409356725	0.0	0.773099415205	0.704093567251	0.788304093567	0.635087719298	0.692397660819	0.716959064327	0.653801169591	0.775438596491	0.700584795322	0.706432748538	0.66432748538	0.775438596491	0.787134502924	0.670175438596	0.773099415205	0.677192982456	0.920467836257	0.907602339181	0.921637426901	0.921637426901	0.912280701754	0.926315789474	0.93567251462	0.927485380117	0.957894736842	0.94269005848	0.941520467836	0.933333333333	0.954385964912	0.933333333333	0.93918128655	0.952046783626	0.938011695906	0.953216374269	0.964912280702	0.950877192982	0.954385964912	0.945029239766	0.955555555556	0.815204678363	0.678362573099	0.80350877193	0.809356725146	0.715789473684	0.663157894737	0.789473684211	0.72514619883
DA1	0.743859649123	0.756725146199	0.743859649123	0.745029239766	0.759064327485	0.723976608187	0.740350877193	0.72514619883	0.712280701754	0.736842105263	0.628070175439	0.65730994152	0.678362573099	0.692397660819	0.690058479532	0.773099415205	0.0	0.601169590643	0.626900584795	0.688888888889	0.702923976608	0.65730994152	0.708771929825	0.54269005848	0.811695906433	0.821052631579	0.808187134503	0.638596491228	0.677192982456	0.831578947368	0.663157894737	0.831578947368	0.893567251462	0.885380116959	0.887719298246	0.894736842105	0.892397660819	0.861988304094	0.913450292398	0.912280701754	0.952046783626	0.946198830409	0.92865497076	0.913450292398	0.936842105263	0.913450292398	0.919298245614	0.941520467836	0.734502923977	0.761403508772	0.8	0.759064327485	0.766081871345	0.715789473684	0.677192982456	0.790643274854	0.815204678363	0.656140350877	0.65730994152	0.67485380117	0.8	0.8	0.73918128655
DB1	0.776608187135	0.764912280702	0.814035087719	0.798830409357	0.809356725146	0.790643274854	0.780116959064	0.774269005848	0.73567251462	0.840935672515	0.791812865497	0.757894736842	0.798830409357	0.843274853801	0.819883040936	0.704093567251	0.601169590643	0.0	0.713450292398	0.666666666667	0.690058479532	0.716959064327	0.568421052632	0.686549707602	0.73567251462	0.741520467836	0.776608187135	0.783625730994	0.808187134503	0.776608187135	0.790643274854	0.785964912281	0.897076023392	0.87134502924	0.894736842105	0.904093567251	0.883040935673	0.894736842105	0.902923976608	0.914619883041	0.828070175439	0.832748538012	0.824561403509	0.809356725146	0.829239766082	0.804678362573	0.830409356725	0.832748538012	0.712280701754	0.702923976608	0.734502923977	0.716959064327	0.720467836257	0.706432748538	0.730994152047	0.854970760234	0.870175438596	0.872514619883	0.873684210526	0.87134502924	0.817543859649	0.863157894737	0.851461988304
DC1	0.770760233918	0.775438596491	0.777777777778	0.764912280702	0.787134502924	0.755555555556	0.754385964912	0.741520467836	0.748538011696	0.729824561404	0.714619883041	0.683040935673	0.683040935673	0.738011695906	0.708771929825	0.788304093567	0.626900584795	0.713450292398	0.0	0.587134502924	0.622222222222	0.470175438596	0.60701754386	0.481871345029	0.814035087719	0.810526315789	0.86081871345	0.741520467836	0.757894736842	0.883040935673	0.761403508772	0.881871345029	0.733333333333	0.718128654971	0.726315789474	0.72514619883	0.707602339181	0.695906432749	0.747368421053	0.73216374269	0.913450292398	0.909941520468	0.890058479532	0.884210526316	0.904093567251	0.877192982456	0.890058479532	0.901754385965	0.897076023392	0.919298245614	0.957894736842	0.920467836257	0.933333333333	0.878362573099	0.851461988304	0.805847953216	0.832748538012	0.749707602339	0.749707602339	0.73567251462	0.809356725146	0.815204678363	0.763742690058
DD1	0.589473684211	0.590643274854	0.598830409357	0.601169590643	0.622222222222	0.588304093567	0.602339181287	0.60701754386	0.589473684211	0.712280701754	0.67134502924	0.698245614035	0.721637426901	0.80350877193	0.730994152047	0.635087719298	0.688888888889	0.666666666667	0.587134502924	0.0	0.401169590643	0.483040935673	0.477192982456	0.541520467836	0.831578947368	0.835087719298	0.812865497076	0.783625730994	0.79649122807	0.818713450292	0.791812865497	0.831578947368	0.829239766082	0.795321637427	0.821052631579	0.838596491228	0.809356725146	0.835087719298	0.824561403509	0.836257309942	0.840935672515	0.870175438596	0.881871345029	0.863157894737	0.883040935673	0.830409356725	0.908771929825	0.866666666667	0.945029239766	0.940350877193	0.971929824561	0.948538011696	0.952046783626	0.940350877193	0.959064327485	0.795321637427	0.694736842105	0.801169590643	0.801169590643	0.698245614035	0.673684210526	0.778947368421	0.695906432749
DE1	0.631578947368	0.621052631579	0.630409356725	0.642105263158	0.65730994152	0.626900584795	0.638596491228	0.644444444444	0.628070175439	0.788304093567	0.755555555556	0.738011695906	0.775438596491	0.833918128655	0.795321637427	0.692397660819	0.702923976608	0.690058479532	0.622222222222	0.401169590643	0.0	0.547368421053	0.473684210526	0.619883040936	0.845614035088	0.840935672515	0.784795321637	0.764912280702	0.787134502924	0.782456140351	0.781286549708	0.789473684211	0.873684210526	0.840935672515	0.86783625731	0.880701754386	0.856140350877	0.883040935673	0.872514619883	0.888888888889	0.753216374269	0.879532163743	0.900584795322	0.869005847953	0.884210526316	0.845614035088	0.926315789474	0.877192982456	0.969590643275	0.956725146199	0.981286549708	0.968421052632	0.964912280702	0.956725146199	0.983625730994	0.789473684211	0.72865497076	0.8	0.79649122807	0.72865497076	0.713450292398	0.761403508772	0.72514619883
DF1	0.679532163743	0.680701754386	0.66783625731	0.683040935673	0.705263157895	0.652631578947	0.685380116959	0.658479532164	0.693567251462	0.767251461988	0.726315789474	0.72514619883	0.73567251462	0.781286549708	0.764912280702	0.716959064327	0.65730994152	0.716959064327	0.470175438596	0.483040935673	0.547368421053	0.0	0.585964912281	0.483040935673	0.832748538012	0.829239766082	0.832748538012	0.761403508772	0.789473684211	0.845614035088	0.771929824561	0.856140350877	0.764912280702	0.74269005848	0.764912280702	0.752046783626	0.736842105263	0.73216374269	0.777777777778	0.769590643275	0.934502923977	0.930994152047	0.93216374269	0.907602339181	0.918128654971	0.902923976608	0.912280701754	0.92514619883	0.916959064327	0.92514619883	0.966081871345	0.922807017544	0.946198830409	0.904093567251	0.92865497076	0.784795321637	0.763742690058	0.771929824561	0.763742690058	0.720467836257	0.747368421053	0.769590643275	0.716959064327
DG1	0.713450292398	0.702923976608	0.754385964912	0.740350877193	0.740350877193	0.73216374269	0.719298245614	0.707602339181	0.645614035088	0.773099415205	0.748538011696	0.692397660819	0.743859649123	0.795321637427	0.762573099415	0.653801169591	0.708771929825	0.568421052632	0.60701754386	0.477192982456	0.473684210526	0.585964912281	0.0	0.597660818713	0.693567251462	0.705263157895	0.760233918129	0.771929824561	0.79298245614	0.769590643275	0.798830409357	0.770760233918	0.859649122807	0.836257309942	0.85730994152	0.865497076023	0.840935672515	0.86081871345	0.870175438596	0.878362573099	0.830409356725	0.86783625731	0.879532163743	0.897076023392	0.916959064327	0.818713450292	0.902923976608	0.869005847953	0.907602339181	0.912280701754	0.943859649123	0.918128654971	0.923976608187	0.901754385965	0.926315789474	0.840935672515	0.811695906433	0.853801169591	0.847953216374	0.802339181287	0.781286549708	0.830409356725	0.783625730994
DH1	0.745029239766	0.757894736842	0.72514619883	0.749707602339	0.768421052632	0.713450292398	0.743859649123	0.72865497076	0.720467836257	0.702923976608	0.66081871345	0.637426900585	0.649122807018	0.683040935673	0.676023391813	0.775438596491	0.54269005848	0.686549707602	0.481871345029	0.541520467836	0.619883040936	0.483040935673	0.597660818713	0.0	0.80350877193	0.818713450292	0.870175438596	0.718128654971	0.72514619883	0.881871345029	0.73216374269	0.885380116959	0.828070175439	0.810526315789	0.821052631579	0.825730994152	0.819883040936	0.788304093567	0.836257309942	0.832748538012	0.948538011696	0.940350877193	0.927485380117	0.892397660819	0.912280701754	0.909941520468	0.915789473684	0.93567251462	0.87134502924	0.890058479532	0.92865497076	0.888888888889	0.895906432749	0.854970760234	0.80701754386	0.825730994152	0.835087719298	0.716959064327	0.712280701754	0.698245614035	0.824561403509	0.814035087719	0.760233918129
DA4	0.854970760234	0.828070175439	0.891228070175	0.86783625731	0.861988304094	0.877192982456	0.849122807018	0.819883040936	0.775438596491	0.845614035088	0.823391812865	0.782456140351	0.826900584795	0.858479532164	0.833918128655	0.700584795322	0.811695906433	0.73567251462	0.814035087719	0.831578947368	0.845614035088	0.832748538012	0.693567251462	0.80350877193	0.0	0.402339181287	0.53567251462	0.715789473684	0.73216374269	0.533333333333	0.80350877193	0.53918128655	0.949707602339	0.941520467836	0.945029239766	0.955555555556	0.955555555556	0.926315789474	0.959064327485	0.956725146199	0.960233918129	0.947368421053	0.93216374269	0.948538011696	0.954385964912	0.934502923977	0.929824561404	0.949707602339	0.919298245614	0.936842105263	0.955555555556	0.938011695906	0.945029239766	0.920467836257	0.914619883041	0.891228070175	0.914619883041	0.86432748538	0.869005847953	0.873684210526	0.897076023392	0.901754385965	0.87134502924
DB4	0.859649122807	0.838596491228	0.895906432749	0.878362573099	0.869005847953	0.885380116959	0.86783625731	0.824561403509	0.784795321637	0.847953216374	0.845614035088	0.782456140351	0.831578947368	0.861988304094	0.835087719298	0.706432748538	0.821052631579	0.741520467836	0.810526315789	0.835087719298	0.840935672515	0.829239766082	0.705263157895	0.818713450292	0.402339181287	0.0	0.555555555556	0.745029239766	0.760233918129	0.523976608187	0.818713450292	0.548538011696	0.947368421053	0.93918128655	0.947368421053	0.955555555556	0.956725146199	0.920467836257	0.956725146199	0.949707602339	0.954385964912	0.943859649123	0.93567251462	0.943859649123	0.947368421053	0.923976608187	0.92514619883	0.945029239766	0.921637426901	0.940350877193	0.961403508772	0.936842105263	0.952046783626	0.920467836257	0.919298245614	0.894736842105	0.915789473684	0.869005847953	0.873684210526	0.866666666667	0.902923976608	0.904093567251	0.870175438596
DC4	0.711111111111	0.663157894737	0.753216374269	0.729824561404	0.740350877193	0.713450292398	0.683040935673	0.711111111111	0.704093567251	0.886549707602	0.836257309942	0.828070175439	0.86783625731	0.909941520468	0.879532163743	0.66432748538	0.808187134503	0.776608187135	0.86081871345	0.812865497076	0.784795321637	0.832748538012	0.760233918129	0.870175438596	0.53567251462	0.555555555556	0.0	0.704093567251	0.711111111111	0.326315789474	0.669005847953	0.340350877193	0.974269005848	0.959064327485	0.963742690058	0.971929824561	0.976608187135	0.959064327485	0.971929824561	0.973099415205	0.982456140351	0.977777777778	0.968421052632	0.976608187135	0.978947368421	0.973099415205	0.963742690058	0.985964912281	0.963742690058	0.969590643275	0.978947368421	0.969590643275	0.973099415205	0.960233918129	0.963742690058	0.741520467836	0.757894736842	0.738011695906	0.726315789474	0.766081871345	0.821052631579	0.748538011696	0.740350877193
DD4	0.716959064327	0.704093567251	0.722807017544	0.706432748538	0.713450292398	0.712280701754	0.695906432749	0.67485380117	0.673684210526	0.771929824561	0.715789473684	0.73918128655	0.756725146199	0.774269005848	0.763742690058	0.775438596491	0.638596491228	0.783625730994	0.741520467836	0.783625730994	0.764912280702	0.761403508772	0.771929824561	0.718128654971	0.715789473684	0.745029239766	0.704093567251	0.0	0.417543859649	0.721637426901	0.589473684211	0.730994152047	0.93216374269	0.927485380117	0.915789473684	0.930994152047	0.93567251462	0.892397660819	0.934502923977	0.93567251462	0.950877192982	0.93918128655	0.922807017544	0.92865497076	0.957894736842	0.926315789474	0.916959064327	0.930994152047	0.87134502924	0.894736842105	0.92865497076	0.901754385965	0.905263157895	0.876023391813	0.854970760234	0.748538011696	0.777777777778	0.672514619883	0.665497076023	0.679532163743	0.787134502924	0.755555555556	0.705263157895
DE4	0.720467836257	0.715789473684	0.72865497076	0.711111111111	0.73216374269	0.711111111111	0.701754385965	0.692397660819	0.691228070175	0.794152046784	0.727485380117	0.768421052632	0.790643274854	0.79298245614	0.787134502924	0.787134502924	0.677192982456	0.808187134503	0.757894736842	0.79649122807	0.787134502924	0.789473684211	0.79298245614	0.72514619883	0.73216374269	0.760233918129	0.711111111111	0.417543859649	0.0	0.721637426901	0.582456140351	0.73216374269	0.933333333333	0.936842105263	0.930994152047	0.938011695906	0.930994152047	0.898245614035	0.943859649123	0.946198830409	0.948538011696	0.92865497076	0.923976608187	0.926315789474	0.956725146199	0.926315789474	0.904093567251	0.929824561404	0.887719298246	0.904093567251	0.936842105263	0.905263157895	0.907602339181	0.899415204678	0.850292397661	0.746198830409	0.762573099415	0.672514619883	0.67485380117	0.684210526316	0.809356725146	0.738011695906	0.707602339181
DF4	0.709941520468	0.666666666667	0.762573099415	0.73918128655	0.749707602339	0.721637426901	0.690058479532	0.719298245614	0.722807017544	0.911111111111	0.865497076023	0.854970760234	0.887719298246	0.934502923977	0.900584795322	0.670175438596	0.831578947368	0.776608187135	0.883040935673	0.818713450292	0.782456140351	0.845614035088	0.769590643275	0.881871345029	0.533333333333	0.523976608187	0.326315789474	0.721637426901	0.721637426901	0.0	0.687719298246	0.336842105263	0.975438596491	0.962573099415	0.974269005848	0.969590643275	0.973099415205	0.970760233918	0.977777777778	0.978947368421	0.980116959064	0.976608187135	0.973099415205	0.976608187135	0.974269005848	0.976608187135	0.968421052632	0.982456140351	0.973099415205	0.974269005848	0.982456140351	0.980116959064	0.978947368421	0.981286549708	0.977777777778	0.761403508772	0.762573099415	0.762573099415	0.761403508772	0.791812865497	0.837426900585	0.760233918129	0.761403508772
DG4	0.680701754386	0.651461988304	0.701754385965	0.694736842105	0.720467836257	0.652631578947	0.589473684211	0.676023391813	0.67134502924	0.809356725146	0.733333333333	0.788304093567	0.802339181287	0.828070175439	0.801169590643	0.773099415205	0.663157894737	0.790643274854	0.761403508772	0.791812865497	0.781286549708	0.771929824561	0.798830409357	0.73216374269	0.80350877193	0.818713450292	0.669005847953	0.589473684211	0.582456140351	0.687719298246	0.0	0.642105263158	0.934502923977	0.93567251462	0.92865497076	0.930994152047	0.921637426901	0.899415204678	0.93567251462	0.92865497076	0.968421052632	0.947368421053	0.933333333333	0.93918128655	0.969590643275	0.92865497076	0.918128654971	0.938011695906	0.866666666667	0.895906432749	0.916959064327	0.886549707602	0.877192982456	0.878362573099	0.843274853801	0.59649122807	0.695906432749	0.654970760234	0.635087719298	0.686549707602	0.801169590643	0.584795321637	0.645614035088
DH4	0.714619883041	0.656140350877	0.773099415205	0.746198830409	0.750877192982	0.721637426901	0.652631578947	0.72514619883	0.716959064327	0.912280701754	0.86081871345	0.859649122807	0.897076023392	0.93567251462	0.897076023392	0.677192982456	0.831578947368	0.785964912281	0.881871345029	0.831578947368	0.789473684211	0.856140350877	0.770760233918	0.885380116959	0.53918128655	0.548538011696	0.340350877193	0.730994152047	0.73216374269	0.336842105263	0.642105263158	0.0	0.980116959064	0.973099415205	0.980116959064	0.983625730994	0.985964912281	0.974269005848	0.987134502924	0.983625730994	0.988304093567	0.981286549708	0.983625730994	0.981286549708	0.982456140351	0.984795321637	0.980116959064	0.987134502924	0.975438596491	0.976608187135	0.980116959064	0.983625730994	0.980116959064	0.984795321637	0.977777777778	0.722807017544	0.740350877193	0.769590643275	0.749707602339	0.797660818713	0.844444444444	0.726315789474	0.740350877193
DA6	0.907602339181	0.905263157895	0.895906432749	0.913450292398	0.923976608187	0.892397660819	0.908771929825	0.912280701754	0.909941520468	0.92514619883	0.918128654971	0.897076023392	0.915789473684	0.94269005848	0.93918128655	0.920467836257	0.893567251462	0.897076023392	0.733333333333	0.829239766082	0.873684210526	0.764912280702	0.859649122807	0.828070175439	0.949707602339	0.947368421053	0.974269005848	0.93216374269	0.933333333333	0.975438596491	0.934502923977	0.980116959064	0.0	0.343859649123	0.326315789474	0.320467836257	0.326315789474	0.363742690058	0.321637426901	0.329824561404	0.899415204678	0.873684210526	0.888888888889	0.908771929825	0.933333333333	0.888888888889	0.873684210526	0.883040935673	0.941520467836	0.916959064327	0.956725146199	0.948538011696	0.930994152047	0.926315789474	0.966081871345	0.901754385965	0.87485380117	0.887719298246	0.897076023392	0.886549707602	0.881871345029	0.87485380117	0.879532163743
DB6	0.885380116959	0.884210526316	0.880701754386	0.895906432749	0.901754385965	0.884210526316	0.894736842105	0.898245614035	0.895906432749	0.891228070175	0.888888888889	0.869005847953	0.893567251462	0.912280701754	0.909941520468	0.907602339181	0.885380116959	0.87134502924	0.718128654971	0.795321637427	0.840935672515	0.74269005848	0.836257309942	0.810526315789	0.941520467836	0.93918128655	0.959064327485	0.927485380117	0.936842105263	0.962573099415	0.93567251462	0.973099415205	0.343859649123	0.0	0.341520467836	0.366081871345	0.363742690058	0.359064327485	0.349707602339	0.373099415205	0.909941520468	0.899415204678	0.907602339181	0.907602339181	0.927485380117	0.898245614035	0.885380116959	0.900584795322	0.936842105263	0.912280701754	0.959064327485	0.938011695906	0.93918128655	0.915789473684	0.960233918129	0.870175438596	0.865497076023	0.86432748538	0.873684210526	0.86081871345	0.863157894737	0.858479532164	0.856140350877
DC6	0.902923976608	0.908771929825	0.886549707602	0.907602339181	0.919298245614	0.890058479532	0.905263157895	0.904093567251	0.914619883041	0.905263157895	0.904093567251	0.873684210526	0.894736842105	0.918128654971	0.914619883041	0.921637426901	0.887719298246	0.894736842105	0.726315789474	0.821052631579	0.86783625731	0.764912280702	0.85730994152	0.821052631579	0.945029239766	0.947368421053	0.963742690058	0.915789473684	0.930994152047	0.974269005848	0.92865497076	0.980116959064	0.326315789474	0.341520467836	0.0	0.359064327485	0.353216374269	0.33918128655	0.333333333333	0.338011695906	0.898245614035	0.907602339181	0.887719298246	0.906432748538	0.938011695906	0.890058479532	0.877192982456	0.880701754386	0.93216374269	0.906432748538	0.953216374269	0.93216374269	0.92865497076	0.914619883041	0.952046783626	0.887719298246	0.879532163743	0.888888888889	0.883040935673	0.873684210526	0.86783625731	0.876023391813	0.85730994152
DD6	0.926315789474	0.923976608187	0.902923976608	0.921637426901	0.93216374269	0.907602339181	0.919298245614	0.920467836257	0.901754385965	0.93918128655	0.92865497076	0.914619883041	0.916959064327	0.936842105263	0.945029239766	0.921637426901	0.894736842105	0.904093567251	0.72514619883	0.838596491228	0.880701754386	0.752046783626	0.865497076023	0.825730994152	0.955555555556	0.955555555556	0.971929824561	0.930994152047	0.938011695906	0.969590643275	0.930994152047	0.983625730994	0.320467836257	0.366081871345	0.359064327485	0.0	0.32514619883	0.355555555556	0.306432748538	0.378947368421	0.923976608187	0.914619883041	0.916959064327	0.912280701754	0.929824561404	0.909941520468	0.909941520468	0.905263157895	0.93216374269	0.919298245614	0.966081871345	0.945029239766	0.93567251462	0.922807017544	0.962573099415	0.893567251462	0.879532163743	0.883040935673	0.885380116959	0.880701754386	0.887719298246	0.877192982456	0.886549707602
DE6	0.900584795322	0.909941520468	0.890058479532	0.911111111111	0.923976608187	0.881871345029	0.905263157895	0.911111111111	0.908771929825	0.933333333333	0.92514619883	0.899415204678	0.908771929825	0.945029239766	0.94269005848	0.912280701754	0.892397660819	0.883040935673	0.707602339181	0.809356725146	0.856140350877	0.736842105263	0.840935672515	0.819883040936	0.955555555556	0.956725146199	0.976608187135	0.93567251462	0.930994152047	0.973099415205	0.921637426901	0.985964912281	0.326315789474	0.363742690058	0.353216374269	0.32514619883	0.0	0.364912280702	0.333333333333	0.359064327485	0.906432748538	0.895906432749	0.899415204678	0.897076023392	0.920467836257	0.878362573099	0.886549707602	0.890058479532	0.927485380117	0.912280701754	0.949707602339	0.933333333333	0.920467836257	0.916959064327	0.955555555556	0.897076023392	0.887719298246	0.899415204678	0.894736842105	0.878362573099	0.886549707602	0.878362573099	0.883040935673
DF6	0.92514619883	0.92514619883	0.912280701754	0.922807017544	0.933333333333	0.908771929825	0.926315789474	0.904093567251	0.895906432749	0.901754385965	0.884210526316	0.861988304094	0.86432748538	0.891228070175	0.904093567251	0.926315789474	0.861988304094	0.894736842105	0.695906432749	0.835087719298	0.883040935673	0.73216374269	0.86081871345	0.788304093567	0.926315789474	0.920467836257	0.959064327485	0.892397660819	0.898245614035	0.970760233918	0.899415204678	0.974269005848	0.363742690058	0.359064327485	0.33918128655	0.355555555556	0.364912280702	0.0	0.371929824561	0.380116959064	0.936842105263	0.922807017544	0.918128654971	0.915789473684	0.943859649123	0.918128654971	0.902923976608	0.919298245614	0.906432748538	0.902923976608	0.957894736842	0.93216374269	0.934502923977	0.884210526316	0.918128654971	0.885380116959	0.914619883041	0.850292397661	0.854970760234	0.853801169591	0.899415204678	0.898245614035	0.861988304094
DG6	0.913450292398	0.913450292398	0.897076023392	0.909941520468	0.923976608187	0.906432748538	0.915789473684	0.921637426901	0.93918128655	0.93216374269	0.930994152047	0.907602339181	0.929824561404	0.948538011696	0.947368421053	0.93567251462	0.913450292398	0.902923976608	0.747368421053	0.824561403509	0.872514619883	0.777777777778	0.870175438596	0.836257309942	0.959064327485	0.956725146199	0.971929824561	0.934502923977	0.943859649123	0.977777777778	0.93567251462	0.987134502924	0.321637426901	0.349707602339	0.333333333333	0.306432748538	0.333333333333	0.371929824561	0.0	0.354385964912	0.909941520468	0.914619883041	0.905263157895	0.916959064327	0.938011695906	0.894736842105	0.897076023392	0.901754385965	0.936842105263	0.916959064327	0.961403508772	0.941520467836	0.938011695906	0.92514619883	0.960233918129	0.915789473684	0.907602339181	0.911111111111	0.918128654971	0.902923976608	0.899415204678	0.895906432749	0.899415204678
DH6	0.923976608187	0.922807017544	0.908771929825	0.916959064327	0.930994152047	0.912280701754	0.920467836257	0.923976608187	0.913450292398	0.920467836257	0.938011695906	0.898245614035	0.918128654971	0.941520467836	0.929824561404	0.927485380117	0.912280701754	0.914619883041	0.73216374269	0.836257309942	0.888888888889	0.769590643275	0.878362573099	0.832748538012	0.956725146199	0.949707602339	0.973099415205	0.93567251462	0.946198830409	0.978947368421	0.92865497076	0.983625730994	0.329824561404	0.373099415205	0.338011695906	0.378947368421	0.359064327485	0.380116959064	0.354385964912	0.0	0.913450292398	0.922807017544	0.905263157895	0.922807017544	0.94269005848	0.898245614035	0.892397660819	0.899415204678	0.905263157895	0.883040935673	0.954385964912	0.934502923977	0.938011695906	0.86081871345	0.900584795322	0.914619883041	0.900584795322	0.898245614035	0.901754385965	0.891228070175	0.897076023392	0.901754385965	0.888888888889
DA7	0.954385964912	0.950877192982	0.93918128655	0.957894736842	0.956725146199	0.941520467836	0.961403508772	0.960233918129	0.909941520468	0.983625730994	0.959064327485	0.964912280702	0.982456140351	0.975438596491	0.987134502924	0.957894736842	0.952046783626	0.828070175439	0.913450292398	0.840935672515	0.753216374269	0.934502923977	0.830409356725	0.948538011696	0.960233918129	0.954385964912	0.982456140351	0.950877192982	0.948538011696	0.980116959064	0.968421052632	0.988304093567	0.899415204678	0.909941520468	0.898245614035	0.923976608187	0.906432748538	0.936842105263	0.909941520468	0.913450292398	0.0	0.463157894737	0.504093567251	0.520467836257	0.635087719298	0.453801169591	0.514619883041	0.417543859649	0.963742690058	0.94269005848	0.978947368421	0.974269005848	0.963742690058	0.960233918129	0.982456140351	0.858479532164	0.821052631579	0.93216374269	0.941520467836	0.923976608187	0.757894736842	0.872514619883	0.849122807018
DB7	0.94269005848	0.947368421053	0.92865497076	0.959064327485	0.954385964912	0.929824561404	0.950877192982	0.947368421053	0.887719298246	0.957894736842	0.936842105263	0.943859649123	0.968421052632	0.962573099415	0.964912280702	0.94269005848	0.946198830409	0.832748538012	0.909941520468	0.870175438596	0.879532163743	0.930994152047	0.86783625731	0.940350877193	0.947368421053	0.943859649123	0.977777777778	0.93918128655	0.92865497076	0.976608187135	0.947368421053	0.981286549708	0.873684210526	0.899415204678	0.907602339181	0.914619883041	0.895906432749	0.922807017544	0.914619883041	0.922807017544	0.463157894737	0.0	0.352046783626	0.46783625731	0.621052631579	0.398830409357	0.456140350877	0.336842105263	0.945029239766	0.92865497076	0.969590643275	0.947368421053	0.941520467836	0.952046783626	0.973099415205	0.821052631579	0.866666666667	0.921637426901	0.92514619883	0.907602339181	0.774269005848	0.858479532164	0.872514619883
