	DA5	DB5	DC5	DD5	DE5	DF5	DG5	DH5	DA2	DB2	DC2	DD2	DE2	DF2	DG2	DH2	DA1	DB1	DC1	DD1	DE1	DF1	DG1	DH1	DA4	DB4	DC4	DD4	DE4	DF4	DG4	DH4	DA6	DB6	DC6	DD6	DE6	DF6	DG6	DH6	DA7	DB7	DC7	DD7	DE7	DF7	DG7	DH7	DA8	DB8	DC8	DD8	DF8	DG8	DH8	DA3	DB3	DC3	DD3	DE3	DF3	DG3	DH3
DA5	0.0	0.4	0.480701754386	0.326315789474	0.382456140351	0.422222222222	0.450292397661	0.380116959064	0.556725146199	0.573099415205	0.571929824561	0.73918128655	0.809356725146	0.790643274854	0.612865497076	0.567251461988	0.780116959064	0.776608187135	0.762573099415	0.643274853801	0.619883040936	0.693567251462	0.73567251462	0.791812865497	0.870175438596	0.854970760234	0.713450292398	0.733333333333	0.707602339181	0.726315789474	0.687719298246	0.712280701754	0.908771929825	0.895906432749	0.909941520468	0.92865497076	0.914619883041	0.936842105263	0.913450292398	0.919298245614	0.955555555556	0.948538011696	0.945029239766	0.923976608187	0.93918128655	0.92514619883	0.93216374269	0.949707602339	0.967251461988	0.963742690058	0.975438596491	0.967251461988	0.966081871345	0.961403508772	0.971929824561	0.701754385965	0.562573099415	0.704093567251	0.702923976608	0.597660818713	0.60350877193	0.685380116959	0.622222222222
DB5	0.4	0.0	0.470175438596	0.374269005848	0.450292397661	0.397660818713	0.40701754386	0.423391812865	0.547368421053	0.644444444444	0.625730994152	0.734502923977	0.801169590643	0.812865497076	0.66783625731	0.549707602339	0.79649122807	0.773099415205	0.777777777778	0.629239766082	0.617543859649	0.711111111111	0.73216374269	0.805847953216	0.86081871345	0.852631578947	0.678362573099	0.738011695906	0.706432748538	0.666666666667	0.66081871345	0.661988304094	0.905263157895	0.905263157895	0.919298245614	0.930994152047	0.920467836257	0.93918128655	0.918128654971	0.923976608187	0.961403508772	0.966081871345	0.964912280702	0.945029239766	0.961403508772	0.952046783626	0.953216374269	0.962573099415	0.975438596491	0.973099415205	0.980116959064	0.975438596491	0.977777777778	0.967251461988	0.977777777778	0.680701754386	0.552046783626	0.693567251462	0.693567251462	0.609356725146	0.617543859649	0.673684210526	0.623391812865
DC5	0.480701754386	0.470175438596	0.0	0.452631578947	0.530994152047	0.412865497076	0.45730994152	0.507602339181	0.622222222222	0.706432748538	0.670175438596	0.768421052632	0.831578947368	0.780116959064	0.740350877193	0.647953216374	0.750877192982	0.797660818713	0.743859649123	0.645614035088	0.619883040936	0.650292397661	0.756725146199	0.73567251462	0.897076023392	0.880701754386	0.721637426901	0.734502923977	0.708771929825	0.74269005848	0.679532163743	0.723976608187	0.887719298246	0.885380116959	0.900584795322	0.916959064327	0.897076023392	0.921637426901	0.901754385965	0.916959064327	0.945029239766	0.945029239766	0.934502923977	0.881871345029	0.907602339181	0.915789473684	0.923976608187	0.938011695906	0.949707602339	0.956725146199	0.971929824561	0.949707602339	0.947368421053	0.954385964912	0.960233918129	0.678362573099	0.585964912281	0.680701754386	0.678362573099	0.597660818713	0.661988304094	0.665497076023	0.611695906433
DD5	0.326315789474	0.374269005848	0.452631578947	0.0	0.352046783626	0.395321637427	0.440935672515	0.381286549708	0.547368421053	0.561403508772	0.583625730994	0.756725146199	0.817543859649	0.798830409357	0.626900584795	0.555555555556	0.784795321637	0.784795321637	0.768421052632	0.645614035088	0.622222222222	0.700584795322	0.754385964912	0.790643274854	0.891228070175	0.87485380117	0.707602339181	0.745029239766	0.713450292398	0.716959064327	0.67134502924	0.708771929825	0.897076023392	0.895906432749	0.912280701754	0.922807017544	0.908771929825	0.929824561404	0.911111111111	0.916959064327	0.956725146199	0.949707602339	0.949707602339	0.927485380117	0.948538011696	0.938011695906	0.940350877193	0.952046783626	0.968421052632	0.968421052632	0.974269005848	0.971929824561	0.971929824561	0.973099415205	0.976608187135	0.691228070175	0.550877192982	0.690058479532	0.697076023392	0.601169590643	0.60350877193	0.676023391813	0.626900584795
DE5	0.382456140351	0.450292397661	0.530994152047	0.352046783626	0.0	0.479532163743	0.502923976608	0.39649122807	0.545029239766	0.560233918129	0.583625730994	0.755555555556	0.819883040936	0.804678362573	0.624561403509	0.547368421053	0.79649122807	0.790643274854	0.780116959064	0.644444444444	0.640935672515	0.704093567251	0.750877192982	0.79649122807	0.873684210526	0.859649122807	0.752046783626	0.73216374269	0.733333333333	0.767251461988	0.738011695906	0.749707602339	0.911111111111	0.908771929825	0.916959064327	0.930994152047	0.915789473684	0.941520467836	0.923976608187	0.927485380117	0.950877192982	0.954385964912	0.949707602339	0.93918128655	0.952046783626	0.938011695906	0.943859649123	0.954385964912	0.969590643275	0.970760233918	0.978947368421	0.970760233918	0.968421052632	0.974269005848	0.974269005848	0.750877192982	0.622222222222	0.762573099415	0.761403508772	0.656140350877	0.615204678363	0.74269005848	0.694736842105
DF5	0.422222222222	0.397660818713	0.412865497076	0.395321637427	0.479532163743	0.0	0.368421052632	0.465497076023	0.564912280702	0.665497076023	0.633918128655	0.761403508772	0.821052631579	0.784795321637	0.698245614035	0.595321637427	0.753216374269	0.783625730994	0.73918128655	0.637426900585	0.617543859649	0.67134502924	0.749707602339	0.759064327485	0.888888888889	0.873684210526	0.714619883041	0.73567251462	0.705263157895	0.712280701754	0.625730994152	0.681871345029	0.890058479532	0.885380116959	0.900584795322	0.907602339181	0.892397660819	0.916959064327	0.901754385965	0.909941520468	0.947368421053	0.94269005848	0.934502923977	0.907602339181	0.93216374269	0.909941520468	0.919298245614	0.941520467836	0.959064327485	0.959064327485	0.973099415205	0.957894736842	0.952046783626	0.952046783626	0.961403508772	0.624561403509	0.506432748538	0.658479532164	0.65730994152	0.582456140351	0.625730994152	0.60701754386	0.563742690058
DG5	0.450292397661	0.40701754386	0.45730994152	0.440935672515	0.502923976608	0.368421052632	0.0	0.481871345029	0.584795321637	0.686549707602	0.65730994152	0.73918128655	0.80701754386	0.79649122807	0.700584795322	0.60350877193	0.774269005848	0.794152046784	0.759064327485	0.639766081871	0.631578947368	0.693567251462	0.761403508772	0.782456140351	0.876023391813	0.861988304094	0.699415204678	0.72865497076	0.691228070175	0.688888888889	0.608187134503	0.66432748538	0.913450292398	0.900584795322	0.912280701754	0.927485380117	0.902923976608	0.930994152047	0.915789473684	0.920467836257	0.961403508772	0.959064327485	0.941520467836	0.918128654971	0.947368421053	0.92514619883	0.940350877193	0.955555555556	0.962573099415	0.967251461988	0.980116959064	0.968421052632	0.955555555556	0.960233918129	0.969590643275	0.631578947368	0.543859649123	0.677192982456	0.679532163743	0.604678362573	0.66081871345	0.612865497076	0.59649122807
DH5	0.380116959064	0.423391812865	0.507602339181	0.381286549708	0.39649122807	0.465497076023	0.481871345029	0.0	0.547368421053	0.587134502924	0.569590643275	0.73567251462	0.794152046784	0.784795321637	0.605847953216	0.552046783626	0.782456140351	0.789473684211	0.764912280702	0.647953216374	0.624561403509	0.690058479532	0.73567251462	0.788304093567	0.856140350877	0.850292397661	0.73567251462	0.721637426901	0.723976608187	0.756725146199	0.716959064327	0.746198830409	0.916959064327	0.893567251462	0.900584795322	0.926315789474	0.911111111111	0.916959064327	0.918128654971	0.914619883041	0.959064327485	0.959064327485	0.949707602339	0.94269005848	0.961403508772	0.934502923977	0.93918128655	0.959064327485	0.952046783626	0.960233918129	0.976608187135	0.959064327485	0.964912280702	0.952046783626	0.961403508772	0.726315789474	0.605847953216	0.740350877193	0.736842105263	0.635087719298	0.60350877193	0.72865497076	0.666666666667
DA2	0.556725146199	0.547368421053	0.622222222222	0.547368421053	0.545029239766	0.564912280702	0.584795321637	0.547368421053	0.0	0.6	0.560233918129	0.66081871345	0.749707602339	0.73918128655	0.619883040936	0.408187134503	0.741520467836	0.721637426901	0.738011695906	0.60701754386	0.616374269006	0.67134502924	0.643274853801	0.764912280702	0.769590643275	0.756725146199	0.720467836257	0.746198830409	0.72865497076	0.743859649123	0.714619883041	0.730994152047	0.918128654971	0.913450292398	0.926315789474	0.906432748538	0.911111111111	0.893567251462	0.947368421053	0.927485380117	0.913450292398	0.906432748538	0.895906432749	0.918128654971	0.933333333333	0.858479532164	0.909941520468	0.904093567251	0.907602339181	0.930994152047	0.956725146199	0.941520467836	0.92865497076	0.912280701754	0.913450292398	0.764912280702	0.638596491228	0.726315789474	0.722807017544	0.636257309942	0.595321637427	0.740350877193	0.652631578947
DB2	0.573099415205	0.644444444444	0.706432748538	0.561403508772	0.560233918129	0.665497076023	0.686549707602	0.587134502924	0.6	0.0	0.521637426901	0.652631578947	0.702923976608	0.67485380117	0.46081871345	0.633918128655	0.760233918129	0.852631578947	0.761403508772	0.749707602339	0.781286549708	0.747368421053	0.769590643275	0.734502923977	0.845614035088	0.844444444444	0.887719298246	0.802339181287	0.801169590643	0.916959064327	0.8	0.909941520468	0.911111111111	0.895906432749	0.912280701754	0.93918128655	0.921637426901	0.884210526316	0.929824561404	0.919298245614	0.989473684211	0.971929824561	0.954385964912	0.960233918129	0.980116959064	0.947368421053	0.927485380117	0.978947368421	0.899415204678	0.919298245614	0.957894736842	0.929824561404	0.938011695906	0.879532163743	0.851461988304	0.85730994152	0.733333333333	0.760233918129	0.774269005848	0.669005847953	0.697076023392	0.846783625731	0.730994152047
DC2	0.571929824561	0.625730994152	0.670175438596	0.583625730994	0.583625730994	0.633918128655	0.65730994152	0.569590643275	0.560233918129	0.521637426901	0.0	0.622222222222	0.669005847953	0.581286549708	0.490058479532	0.59298245614	0.631578947368	0.79298245614	0.736842105263	0.72514619883	0.73918128655	0.729824561404	0.750877192982	0.706432748538	0.836257309942	0.842105263158	0.840935672515	0.718128654971	0.714619883041	0.86432748538	0.697076023392	0.85730994152	0.919298245614	0.897076023392	0.911111111111	0.93567251462	0.920467836257	0.878362573099	0.933333333333	0.92865497076	0.968421052632	0.952046783626	0.930994152047	0.92514619883	0.962573099415	0.923976608187	0.926315789474	0.953216374269	0.86432748538	0.880701754386	0.922807017544	0.894736842105	0.887719298246	0.845614035088	0.809356725146	0.79649122807	0.670175438596	0.654970760234	0.67485380117	0.571929824561	0.630409356725	0.783625730994	0.663157894737
DD2	0.73918128655	0.734502923977	0.768421052632	0.756725146199	0.755555555556	0.761403508772	0.73918128655	0.73567251462	0.66081871345	0.652631578947	0.622222222222	0.0	0.500584795322	0.529824561404	0.573099415205	0.687719298246	0.688888888889	0.760233918129	0.700584795322	0.73216374269	0.74269005848	0.707602339181	0.665497076023	0.678362573099	0.733333333333	0.748538011696	0.804678362573	0.764912280702	0.750877192982	0.829239766082	0.760233918129	0.819883040936	0.895906432749	0.885380116959	0.897076023392	0.927485380117	0.912280701754	0.872514619883	0.911111111111	0.912280701754	0.967251461988	0.953216374269	0.927485380117	0.93918128655	0.962573099415	0.922807017544	0.92514619883	0.956725146199	0.902923976608	0.92514619883	0.959064327485	0.93216374269	0.92865497076	0.880701754386	0.832748538012	0.85730994152	0.822222222222	0.650292397661	0.684210526316	0.67485380117	0.808187134503	0.850292397661	0.741520467836
DE2	0.809356725146	0.801169590643	0.831578947368	0.817543859649	0.819883040936	0.821052631579	0.80701754386	0.794152046784	0.749707602339	0.702923976608	0.669005847953	0.500584795322	0.0	0.52865497076	0.618713450292	0.790643274854	0.722807017544	0.818713450292	0.706432748538	0.781286549708	0.808187134503	0.757894736842	0.763742690058	0.701754385965	0.80701754386	0.825730994152	0.866666666667	0.804678362573	0.785964912281	0.893567251462	0.79649122807	0.893567251462	0.918128654971	0.899415204678	0.901754385965	0.92865497076	0.911111111111	0.87134502924	0.930994152047	0.922807017544	0.988304093567	0.970760233918	0.949707602339	0.959064327485	0.982456140351	0.93918128655	0.943859649123	0.981286549708	0.900584795322	0.920467836257	0.966081871345	0.933333333333	0.934502923977	0.881871345029	0.835087719298	0.881871345029	0.873684210526	0.66432748538	0.700584795322	0.713450292398	0.86081871345	0.87485380117	0.789473684211
DF2	0.790643274854	0.812865497076	0.780116959064	0.798830409357	0.804678362573	0.784795321637	0.79649122807	0.784795321637	0.73918128655	0.67485380117	0.581286549708	0.529824561404	0.52865497076	0.0	0.6	0.775438596491	0.704093567251	0.858479532164	0.722807017544	0.79649122807	0.815204678363	0.753216374269	0.79649122807	0.701754385965	0.843274853801	0.856140350877	0.905263157895	0.818713450292	0.8	0.926315789474	0.80701754386	0.923976608187	0.926315789474	0.911111111111	0.908771929825	0.93918128655	0.918128654971	0.87134502924	0.941520467836	0.92865497076	0.976608187135	0.962573099415	0.940350877193	0.938011695906	0.973099415205	0.938011695906	0.927485380117	0.955555555556	0.895906432749	0.919298245614	0.957894736842	0.927485380117	0.922807017544	0.879532163743	0.831578947368	0.858479532164	0.814035087719	0.640935672515	0.67485380117	0.66432748538	0.802339181287	0.845614035088	0.726315789474
DG2	0.612865497076	0.66783625731	0.740350877193	0.626900584795	0.624561403509	0.698245614035	0.700584795322	0.605847953216	0.619883040936	0.46081871345	0.490058479532	0.573099415205	0.618713450292	0.6	0.0	0.644444444444	0.722807017544	0.843274853801	0.730994152047	0.761403508772	0.794152046784	0.752046783626	0.762573099415	0.694736842105	0.833918128655	0.844444444444	0.890058479532	0.798830409357	0.794152046784	0.914619883041	0.778947368421	0.909941520468	0.938011695906	0.908771929825	0.920467836257	0.954385964912	0.933333333333	0.887719298246	0.945029239766	0.930994152047	0.991812865497	0.976608187135	0.949707602339	0.960233918129	0.987134502924	0.948538011696	0.936842105263	0.982456140351	0.895906432749	0.920467836257	0.947368421053	0.921637426901	0.933333333333	0.86783625731	0.828070175439	0.87485380117	0.756725146199	0.698245614035	0.727485380117	0.632748538012	0.715789473684	0.873684210526	0.733333333333
DH2	0.567251461988	0.549707602339	0.647953216374	0.555555555556	0.547368421053	0.595321637427	0.60350877193	0.552046783626	0.408187134503	0.633918128655	0.59298245614	0.687719298246	0.790643274854	0.775438596491	0.644444444444	0.0	0.790643274854	0.711111111111	0.785964912281	0.669005847953	0.681871345029	0.705263157895	0.678362573099	0.815204678363	0.729824561404	0.709941520468	0.665497076023	0.771929824561	0.763742690058	0.683040935673	0.759064327485	0.666666666667	0.921637426901	0.908771929825	0.93216374269	0.930994152047	0.921637426901	0.929824561404	0.941520467836	0.930994152047	0.969590643275	0.943859649123	0.94269005848	0.933333333333	0.964912280702	0.936842105263	0.930994152047	0.948538011696	0.936842105263	0.943859649123	0.961403508772	0.945029239766	0.946198830409	0.941520467836	0.949707602339	0.783625730994	0.67134502924	0.788304093567	0.788304093567	0.694736842105	0.632748538012	0.774269005848	0.721637426901
DA1	0.780116959064	0.79649122807	0.750877192982	0.784795321637	0.79649122807	0.753216374269	0.774269005848	0.782456140351	0.741520467836	0.760233918129	0.631578947368	0.688888888889	0.722807017544	0.704093567251	0.722807017544	0.790643274854	0.0	0.616374269006	0.626900584795	0.719298245614	0.730994152047	0.687719298246	0.72865497076	0.564912280702	0.814035087719	0.815204678363	0.817543859649	0.659649122807	0.678362573099	0.847953216374	0.663157894737	0.842105263158	0.904093567251	0.907602339181	0.908771929825	0.918128654971	0.886549707602	0.86081871345	0.919298245614	0.914619883041	0.954385964912	0.947368421053	0.92514619883	0.907602339181	0.934502923977	0.902923976608	0.907602339181	0.940350877193	0.734502923977	0.755555555556	0.79298245614	0.749707602339	0.763742690058	0.720467836257	0.687719298246	0.815204678363	0.830409356725	0.677192982456	0.681871345029	0.706432748538	0.817543859649	0.823391812865	0.764912280702
DB1	0.776608187135	0.773099415205	0.797660818713	0.784795321637	0.790643274854	0.783625730994	0.794152046784	0.789473684211	0.721637426901	0.852631578947	0.79298245614	0.760233918129	0.818713450292	0.858479532164	0.843274853801	0.711111111111	0.616374269006	0.0	0.708771929825	0.672514619883	0.676023391813	0.694736842105	0.576608187135	0.716959064327	0.774269005848	0.753216374269	0.771929824561	0.784795321637	0.809356725146	0.787134502924	0.784795321637	0.778947368421	0.894736842105	0.895906432749	0.909941520468	0.908771929825	0.892397660819	0.911111111111	0.912280701754	0.915789473684	0.804678362573	0.80701754386	0.801169590643	0.804678362573	0.8	0.782456140351	0.804678362573	0.801169590643	0.745029239766	0.73216374269	0.755555555556	0.73216374269	0.745029239766	0.734502923977	0.759064327485	0.833918128655	0.838596491228	0.858479532164	0.852631578947	0.856140350877	0.794152046784	0.846783625731	0.838596491228
DC1	0.762573099415	0.777777777778	0.743859649123	0.768421052632	0.780116959064	0.73918128655	0.759064327485	0.764912280702	0.738011695906	0.761403508772	0.736842105263	0.700584795322	0.706432748538	0.722807017544	0.730994152047	0.785964912281	0.626900584795	0.708771929825	0.0	0.590643274854	0.618713450292	0.442105263158	0.624561403509	0.494736842105	0.817543859649	0.801169590643	0.853801169591	0.756725146199	0.74269005848	0.884210526316	0.752046783626	0.879532163743	0.760233918129	0.750877192982	0.766081871345	0.775438596491	0.741520467836	0.740350877193	0.788304093567	0.769590643275	0.914619883041	0.905263157895	0.885380116959	0.873684210526	0.887719298246	0.86432748538	0.87485380117	0.894736842105	0.908771929825	0.907602339181	0.956725146199	0.923976608187	0.93216374269	0.880701754386	0.86783625731	0.790643274854	0.805847953216	0.721637426901	0.719298245614	0.749707602339	0.788304093567	0.8	0.762573099415
DD1	0.643274853801	0.629239766082	0.645614035088	0.645614035088	0.644444444444	0.637426900585	0.639766081871	0.647953216374	0.60701754386	0.749707602339	0.72514619883	0.73216374269	0.781286549708	0.79649122807	0.761403508772	0.669005847953	0.719298245614	0.672514619883	0.590643274854	0.0	0.387134502924	0.491228070175	0.487719298246	0.594152046784	0.837426900585	0.826900584795	0.8	0.790643274854	0.790643274854	0.821052631579	0.798830409357	0.810526315789	0.817543859649	0.809356725146	0.822222222222	0.833918128655	0.816374269006	0.840935672515	0.832748538012	0.837426900585	0.849122807018	0.886549707602	0.900584795322	0.918128654971	0.913450292398	0.837426900585	0.923976608187	0.86783625731	0.966081871345	0.950877192982	0.977777777778	0.948538011696	0.962573099415	0.948538011696	0.971929824561	0.810526315789	0.738011695906	0.819883040936	0.816374269006	0.743859649123	0.727485380117	0.8	0.73918128655
DE1	0.619883040936	0.617543859649	0.619883040936	0.622222222222	0.640935672515	0.617543859649	0.631578947368	0.624561403509	0.616374269006	0.781286549708	0.73918128655	0.74269005848	0.808187134503	0.815204678363	0.794152046784	0.681871345029	0.730994152047	0.676023391813	0.618713450292	0.387134502924	0.0	0.534502923977	0.485380116959	0.653801169591	0.86432748538	0.842105263158	0.783625730994	0.781286549708	0.782456140351	0.795321637427	0.782456140351	0.782456140351	0.844444444444	0.847953216374	0.863157894737	0.872514619883	0.856140350877	0.879532163743	0.863157894737	0.87485380117	0.760233918129	0.881871345029	0.901754385965	0.902923976608	0.897076023392	0.821052631579	0.92865497076	0.86432748538	0.978947368421	0.959064327485	0.981286549708	0.964912280702	0.980116959064	0.957894736842	0.987134502924	0.759064327485	0.702923976608	0.785964912281	0.781286549708	0.722807017544	0.688888888889	0.761403508772	0.704093567251
DF1	0.693567251462	0.711111111111	0.650292397661	0.700584795322	0.704093567251	0.67134502924	0.693567251462	0.690058479532	0.67134502924	0.747368421053	0.729824561404	0.707602339181	0.757894736842	0.753216374269	0.752046783626	0.705263157895	0.687719298246	0.694736842105	0.442105263158	0.491228070175	0.534502923977	0.0	0.584795321637	0.506432748538	0.818713450292	0.80701754386	0.835087719298	0.777777777778	0.781286549708	0.86081871345	0.768421052632	0.851461988304	0.749707602339	0.738011695906	0.753216374269	0.750877192982	0.727485380117	0.726315789474	0.770760233918	0.771929824561	0.941520467836	0.943859649123	0.929824561404	0.897076023392	0.908771929825	0.906432748538	0.923976608187	0.938011695906	0.926315789474	0.922807017544	0.969590643275	0.930994152047	0.946198830409	0.907602339181	0.927485380117	0.797660818713	0.760233918129	0.768421052632	0.762573099415	0.729824561404	0.757894736842	0.795321637427	0.720467836257
DG1	0.73567251462	0.73216374269	0.756725146199	0.754385964912	0.750877192982	0.749707602339	0.761403508772	0.73567251462	0.643274853801	0.769590643275	0.750877192982	0.665497076023	0.763742690058	0.79649122807	0.762573099415	0.678362573099	0.72865497076	0.576608187135	0.624561403509	0.487719298246	0.485380116959	0.584795321637	0.0	0.624561403509	0.734502923977	0.73216374269	0.773099415205	0.784795321637	0.79298245614	0.798830409357	0.795321637427	0.788304093567	0.856140350877	0.839766081871	0.852631578947	0.873684210526	0.852631578947	0.852631578947	0.86783625731	0.86783625731	0.833918128655	0.866666666667	0.86783625731	0.909941520468	0.913450292398	0.805847953216	0.898245614035	0.852631578947	0.907602339181	0.897076023392	0.93567251462	0.907602339181	0.918128654971	0.886549707602	0.912280701754	0.832748538012	0.80350877193	0.849122807018	0.837426900585	0.809356725146	0.782456140351	0.852631578947	0.794152046784
DH1	0.791812865497	0.805847953216	0.73567251462	0.790643274854	0.79649122807	0.759064327485	0.782456140351	0.788304093567	0.764912280702	0.734502923977	0.706432748538	0.678362573099	0.701754385965	0.701754385965	0.694736842105	0.815204678363	0.564912280702	0.716959064327	0.494736842105	0.594152046784	0.653801169591	0.506432748538	0.624561403509	0.0	0.817543859649	0.819883040936	0.87134502924	0.736842105263	0.734502923977	0.906432748538	0.746198830409	0.895906432749	0.810526315789	0.805847953216	0.812865497076	0.829239766082	0.80350877193	0.783625730994	0.833918128655	0.823391812865	0.945029239766	0.949707602339	0.934502923977	0.884210526316	0.904093567251	0.907602339181	0.913450292398	0.941520467836	0.865497076023	0.880701754386	0.923976608187	0.885380116959	0.890058479532	0.845614035088	0.817543859649	0.846783625731	0.866666666667	0.73216374269	0.734502923977	0.761403508772	0.861988304094	0.856140350877	0.798830409357
DA4	0.870175438596	0.86081871345	0.897076023392	0.891228070175	0.873684210526	0.888888888889	0.876023391813	0.856140350877	0.769590643275	0.845614035088	0.836257309942	0.733333333333	0.80701754386	0.843274853801	0.833918128655	0.729824561404	0.814035087719	0.774269005848	0.817543859649	0.837426900585	0.86432748538	0.818713450292	0.734502923977	0.817543859649	0.0	0.397660818713	0.568421052632	0.72865497076	0.73216374269	0.543859649123	0.80701754386	0.575438596491	0.950877192982	0.948538011696	0.941520467836	0.957894736842	0.948538011696	0.908771929825	0.956725146199	0.955555555556	0.964912280702	0.953216374269	0.93567251462	0.950877192982	0.957894736842	0.93567251462	0.92865497076	0.959064327485	0.914619883041	0.943859649123	0.960233918129	0.946198830409	0.943859649123	0.921637426901	0.913450292398	0.899415204678	0.909941520468	0.851461988304	0.847953216374	0.861988304094	0.902923976608	0.907602339181	0.865497076023
DB4	0.854970760234	0.852631578947	0.880701754386	0.87485380117	0.859649122807	0.873684210526	0.861988304094	0.850292397661	0.756725146199	0.844444444444	0.842105263158	0.748538011696	0.825730994152	0.856140350877	0.844444444444	0.709941520468	0.815204678363	0.753216374269	0.801169590643	0.826900584795	0.842105263158	0.80701754386	0.73216374269	0.819883040936	0.397660818713	0.0	0.561403508772	0.740350877193	0.73567251462	0.521637426901	0.795321637427	0.564912280702	0.934502923977	0.936842105263	0.94269005848	0.947368421053	0.94269005848	0.916959064327	0.948538011696	0.949707602339	0.956725146199	0.936842105263	0.926315789474	0.934502923977	0.947368421053	0.918128654971	0.913450292398	0.941520467836	0.916959064327	0.938011695906	0.956725146199	0.940350877193	0.936842105263	0.926315789474	0.926315789474	0.892397660819	0.899415204678	0.863157894737	0.861988304094	0.86081871345	0.894736842105	0.891228070175	0.859649122807
DC4	0.713450292398	0.678362573099	0.721637426901	0.707602339181	0.752046783626	0.714619883041	0.699415204678	0.73567251462	0.720467836257	0.887719298246	0.840935672515	0.804678362573	0.866666666667	0.905263157895	0.890058479532	0.665497076023	0.817543859649	0.771929824561	0.853801169591	0.8	0.783625730994	0.835087719298	0.773099415205	0.87134502924	0.568421052632	0.561403508772	0.0	0.723976608187	0.693567251462	0.343859649123	0.665497076023	0.355555555556	0.964912280702	0.960233918129	0.957894736842	0.963742690058	0.953216374269	0.94269005848	0.968421052632	0.961403508772	0.984795321637	0.970760233918	0.962573099415	0.966081871345	0.974269005848	0.964912280702	0.954385964912	0.977777777778	0.952046783626	0.960233918129	0.968421052632	0.956725146199	0.955555555556	0.962573099415	0.955555555556	0.749707602339	0.762573099415	0.747368421053	0.743859649123	0.750877192982	0.830409356725	0.753216374269	0.746198830409
DD4	0.733333333333	0.738011695906	0.734502923977	0.745029239766	0.73216374269	0.73567251462	0.72865497076	0.721637426901	0.746198830409	0.802339181287	0.718128654971	0.764912280702	0.804678362573	0.818713450292	0.798830409357	0.771929824561	0.659649122807	0.784795321637	0.756725146199	0.790643274854	0.781286549708	0.777777777778	0.784795321637	0.736842105263	0.72865497076	0.740350877193	0.723976608187	0.0	0.417543859649	0.752046783626	0.601169590643	0.73567251462	0.940350877193	0.933333333333	0.926315789474	0.952046783626	0.938011695906	0.897076023392	0.941520467836	0.947368421053	0.954385964912	0.947368421053	0.927485380117	0.93918128655	0.956725146199	0.926315789474	0.913450292398	0.945029239766	0.87485380117	0.893567251462	0.916959064327	0.890058479532	0.892397660819	0.883040935673	0.853801169591	0.766081871345	0.783625730994	0.705263157895	0.699415204678	0.711111111111	0.805847953216	0.778947368421	0.723976608187
DE4	0.707602339181	0.706432748538	0.708771929825	0.713450292398	0.733333333333	0.705263157895	0.691228070175	0.723976608187	0.72865497076	0.801169590643	0.714619883041	0.750877192982	0.785964912281	0.8	0.794152046784	0.763742690058	0.678362573099	0.809356725146	0.74269005848	0.790643274854	0.782456140351	0.781286549708	0.79298245614	0.734502923977	0.73216374269	0.73567251462	0.693567251462	0.417543859649	0.0	0.726315789474	0.569590643275	0.715789473684	0.946198830409	0.93918128655	0.92865497076	0.952046783626	0.922807017544	0.895906432749	0.940350877193	0.948538011696	0.953216374269	0.940350877193	0.922807017544	0.927485380117	0.960233918129	0.909941520468	0.907602339181	0.929824561404	0.885380116959	0.913450292398	0.93918128655	0.913450292398	0.900584795322	0.897076023392	0.853801169591	0.746198830409	0.763742690058	0.665497076023	0.67134502924	0.679532163743	0.812865497076	0.750877192982	0.698245614035
DF4	0.726315789474	0.666666666667	0.74269005848	0.716959064327	0.767251461988	0.712280701754	0.688888888889	0.756725146199	0.743859649123	0.916959064327	0.86432748538	0.829239766082	0.893567251462	0.926315789474	0.914619883041	0.683040935673	0.847953216374	0.787134502924	0.884210526316	0.821052631579	0.795321637427	0.86081871345	0.798830409357	0.906432748538	0.543859649123	0.521637426901	0.343859649123	0.752046783626	0.726315789474	0.0	0.681871345029	0.32865497076	0.976608187135	0.971929824561	0.975438596491	0.978947368421	0.977777777778	0.973099415205	0.978947368421	0.975438596491	0.990643274854	0.983625730994	0.980116959064	0.978947368421	0.980116959064	0.981286549708	0.976608187135	0.989473684211	0.978947368421	0.980116959064	0.982456140351	0.980116959064	0.980116959064	0.982456140351	0.981286549708	0.754385964912	0.755555555556	0.755555555556	0.757894736842	0.780116959064	0.851461988304	0.755555555556	0.752046783626
DG4	0.687719298246	0.66081871345	0.679532163743	0.67134502924	0.738011695906	0.625730994152	0.608187134503	0.716959064327	0.714619883041	0.8	0.697076023392	0.760233918129	0.79649122807	0.80701754386	0.778947368421	0.759064327485	0.663157894737	0.784795321637	0.752046783626	0.798830409357	0.782456140351	0.768421052632	0.795321637427	0.746198830409	0.80701754386	0.795321637427	0.665497076023	0.601169590643	0.569590643275	0.681871345029	0.0	0.643274853801	0.940350877193	0.936842105263	0.93216374269	0.94269005848	0.923976608187	0.895906432749	0.945029239766	0.934502923977	0.976608187135	0.945029239766	0.93216374269	0.933333333333	0.964912280702	0.933333333333	0.918128654971	0.943859649123	0.858479532164	0.887719298246	0.918128654971	0.894736842105	0.872514619883	0.866666666667	0.839766081871	0.637426900585	0.700584795322	0.632748538012	0.628070175439	0.66432748538	0.810526315789	0.632748538012	0.650292397661
DH4	0.712280701754	0.661988304094	0.723976608187	0.708771929825	0.749707602339	0.681871345029	0.66432748538	0.746198830409	0.730994152047	0.909941520468	0.85730994152	0.819883040936	0.893567251462	0.923976608187	0.909941520468	0.666666666667	0.842105263158	0.778947368421	0.879532163743	0.810526315789	0.782456140351	0.851461988304	0.788304093567	0.895906432749	0.575438596491	0.564912280702	0.355555555556	0.73567251462	0.715789473684	0.32865497076	0.643274853801	0.0	0.960233918129	0.961403508772	0.962573099415	0.960233918129	0.962573099415	0.964912280702	0.959064327485	0.962573099415	0.971929824561	0.973099415205	0.966081871345	0.960233918129	0.961403508772	0.968421052632	0.963742690058	0.968421052632	0.974269005848	0.976608187135	0.977777777778	0.973099415205	0.973099415205	0.983625730994	0.977777777778	0.720467836257	0.729824561404	0.748538011696	0.748538011696	0.771929824561	0.843274853801	0.723976608187	0.73216374269
DA6	0.908771929825	0.905263157895	0.887719298246	0.897076023392	0.911111111111	0.890058479532	0.913450292398	0.916959064327	0.918128654971	0.911111111111	0.919298245614	0.895906432749	0.918128654971	0.926315789474	0.938011695906	0.921637426901	0.904093567251	0.894736842105	0.760233918129	0.817543859649	0.844444444444	0.749707602339	0.856140350877	0.810526315789	0.950877192982	0.934502923977	0.964912280702	0.940350877193	0.946198830409	0.976608187135	0.940350877193	0.960233918129	0.0	0.316959064327	0.341520467836	0.338011695906	0.355555555556	0.353216374269	0.350877192982	0.370760233918	0.900584795322	0.890058479532	0.890058479532	0.894736842105	0.919298245614	0.904093567251	0.86432748538	0.884210526316	0.956725146199	0.927485380117	0.957894736842	0.940350877193	0.941520467836	0.930994152047	0.969590643275	0.876023391813	0.872514619883	0.913450292398	0.901754385965	0.880701754386	0.878362573099	0.866666666667	0.877192982456
DB6	0.895906432749	0.905263157895	0.885380116959	0.895906432749	0.908771929825	0.885380116959	0.900584795322	0.893567251462	0.913450292398	0.895906432749	0.897076023392	0.885380116959	0.899415204678	0.911111111111	0.908771929825	0.908771929825	0.907602339181	0.895906432749	0.750877192982	0.809356725146	0.847953216374	0.738011695906	0.839766081871	0.805847953216	0.948538011696	0.936842105263	0.960233918129	0.933333333333	0.93918128655	0.971929824561	0.936842105263	0.961403508772	0.316959064327	0.0	0.333333333333	0.338011695906	0.340350877193	0.348538011696	0.33918128655	0.356725146199	0.918128654971	0.921637426901	0.894736842105	0.911111111111	0.930994152047	0.908771929825	0.886549707602	0.902923976608	0.953216374269	0.920467836257	0.967251461988	0.934502923977	0.946198830409	0.921637426901	0.961403508772	0.859649122807	0.859649122807	0.895906432749	0.887719298246	0.866666666667	0.865497076023	0.878362573099	0.858479532164
DC6	0.909941520468	0.919298245614	0.900584795322	0.912280701754	0.916959064327	0.900584795322	0.912280701754	0.900584795322	0.926315789474	0.912280701754	0.911111111111	0.897076023392	0.901754385965	0.908771929825	0.920467836257	0.93216374269	0.908771929825	0.909941520468	0.766081871345	0.822222222222	0.863157894737	0.753216374269	0.852631578947	0.812865497076	0.941520467836	0.94269005848	0.957894736842	0.926315789474	0.92865497076	0.975438596491	0.93216374269	0.962573099415	0.341520467836	0.333333333333	0.0	0.357894736842	0.349707602339	0.357894736842	0.370760233918	0.383625730994	0.908771929825	0.918128654971	0.892397660819	0.913450292398	0.92514619883	0.901754385965	0.881871345029	0.893567251462	0.943859649123	0.909941520468	0.954385964912	0.930994152047	0.933333333333	0.920467836257	0.956725146199	0.892397660819	0.887719298246	0.911111111111	0.901754385965	0.880701754386	0.886549707602	0.887719298246	0.872514619883
DD6	0.92865497076	0.930994152047	0.916959064327	0.922807017544	0.930994152047	0.907602339181	0.927485380117	0.926315789474	0.906432748538	0.93918128655	0.93567251462	0.927485380117	0.92865497076	0.93918128655	0.954385964912	0.930994152047	0.918128654971	0.908771929825	0.775438596491	0.833918128655	0.872514619883	0.750877192982	0.873684210526	0.829239766082	0.957894736842	0.947368421053	0.963742690058	0.952046783626	0.952046783626	0.978947368421	0.94269005848	0.960233918129	0.338011695906	0.338011695906	0.357894736842	0.0	0.318128654971	0.345029239766	0.302923976608	0.364912280702	0.915789473684	0.915789473684	0.904093567251	0.915789473684	0.92514619883	0.904093567251	0.897076023392	0.904093567251	0.956725146199	0.927485380117	0.962573099415	0.945029239766	0.943859649123	0.933333333333	0.971929824561	0.883040935673	0.870175438596	0.912280701754	0.897076023392	0.881871345029	0.876023391813	0.863157894737	0.878362573099
DE6	0.914619883041	0.920467836257	0.897076023392	0.908771929825	0.915789473684	0.892397660819	0.902923976608	0.911111111111	0.911111111111	0.921637426901	0.920467836257	0.912280701754	0.911111111111	0.918128654971	0.933333333333	0.921637426901	0.886549707602	0.892397660819	0.741520467836	0.816374269006	0.856140350877	0.727485380117	0.852631578947	0.80350877193	0.948538011696	0.94269005848	0.953216374269	0.938011695906	0.922807017544	0.977777777778	0.923976608187	0.962573099415	0.355555555556	0.340350877193	0.349707602339	0.318128654971	0.0	0.348538011696	0.352046783626	0.355555555556	0.906432748538	0.916959064327	0.886549707602	0.900584795322	0.921637426901	0.890058479532	0.87485380117	0.894736842105	0.943859649123	0.908771929825	0.962573099415	0.93918128655	0.927485380117	0.919298245614	0.963742690058	0.887719298246	0.883040935673	0.905263157895	0.895906432749	0.876023391813	0.884210526316	0.872514619883	0.877192982456
DF6	0.936842105263	0.93918128655	0.921637426901	0.929824561404	0.941520467836	0.916959064327	0.930994152047	0.916959064327	0.893567251462	0.884210526316	0.878362573099	0.872514619883	0.87134502924	0.87134502924	0.887719298246	0.929824561404	0.86081871345	0.911111111111	0.740350877193	0.840935672515	0.879532163743	0.726315789474	0.852631578947	0.783625730994	0.908771929825	0.916959064327	0.94269005848	0.897076023392	0.895906432749	0.973099415205	0.895906432749	0.964912280702	0.353216374269	0.348538011696	0.357894736842	0.345029239766	0.348538011696	0.0	0.378947368421	0.360233918129	0.940350877193	0.929824561404	0.908771929825	0.923976608187	0.934502923977	0.912280701754	0.898245614035	0.926315789474	0.911111111111	0.897076023392	0.956725146199	0.926315789474	0.930994152047	0.877192982456	0.911111111111	0.888888888889	0.902923976608	0.858479532164	0.849122807018	0.845614035088	0.891228070175	0.899415204678	0.853801169591
DG6	0.913450292398	0.918128654971	0.901754385965	0.911111111111	0.923976608187	0.901754385965	0.915789473684	0.918128654971	0.947368421053	0.929824561404	0.933333333333	0.911111111111	0.930994152047	0.941520467836	0.945029239766	0.941520467836	0.919298245614	0.912280701754	0.788304093567	0.832748538012	0.863157894737	0.770760233918	0.86783625731	0.833918128655	0.956725146199	0.948538011696	0.968421052632	0.941520467836	0.940350877193	0.978947368421	0.945029239766	0.959064327485	0.350877192982	0.33918128655	0.370760233918	0.302923976608	0.352046783626	0.378947368421	0.0	0.359064327485	0.916959064327	0.916959064327	0.904093567251	0.912280701754	0.929824561404	0.907602339181	0.892397660819	0.911111111111	0.954385964912	0.921637426901	0.962573099415	0.93918128655	0.947368421053	0.929824561404	0.962573099415	0.912280701754	0.909941520468	0.930994152047	0.92514619883	0.911111111111	0.913450292398	0.916959064327	0.912280701754
DH6	0.919298245614	0.923976608187	0.916959064327	0.916959064327	0.927485380117	0.909941520468	0.920467836257	0.914619883041	0.927485380117	0.919298245614	0.92865497076	0.912280701754	0.922807017544	0.92865497076	0.930994152047	0.930994152047	0.914619883041	0.915789473684	0.769590643275	0.837426900585	0.87485380117	0.771929824561	0.86783625731	0.823391812865	0.955555555556	0.949707602339	0.961403508772	0.947368421053	0.948538011696	0.975438596491	0.934502923977	0.962573099415	0.370760233918	0.356725146199	0.383625730994	0.364912280702	0.355555555556	0.360233918129	0.359064327485	0.0	0.934502923977	0.92514619883	0.919298245614	0.908771929825	0.93216374269	0.916959064327	0.904093567251	0.930994152047	0.921637426901	0.883040935673	0.960233918129	0.92865497076	0.948538011696	0.870175438596	0.894736842105	0.915789473684	0.922807017544	0.920467836257	0.912280701754	0.918128654971	0.921637426901	0.913450292398	0.915789473684
DA7	0.955555555556	0.961403508772	0.945029239766	0.956725146199	0.950877192982	0.947368421053	0.961403508772	0.959064327485	0.913450292398	0.989473684211	0.968421052632	0.967251461988	0.988304093567	0.976608187135	0.991812865497	0.969590643275	0.954385964912	0.804678362573	0.914619883041	0.849122807018	0.760233918129	0.941520467836	0.833918128655	0.945029239766	0.964912280702	0.956725146199	0.984795321637	0.954385964912	0.953216374269	0.990643274854	0.976608187135	0.971929824561	0.900584795322	0.918128654971	0.908771929825	0.915789473684	0.906432748538	0.940350877193	0.916959064327	0.934502923977	0.0	0.450292397661	0.453801169591	0.512280701754	0.66432748538	0.405847953216	0.492397660819	0.381286549708	0.973099415205	0.949707602339	0.975438596491	0.971929824561	0.966081871345	0.959064327485	0.984795321637	0.843274853801	0.824561403509	0.945029239766	0.94269005848	0.915789473684	0.754385964912	0.897076023392	0.843274853801
DB7	0.948538011696	0.966081871345	0.945029239766	0.949707602339	0.954385964912	0.94269005848	0.959064327485	0.959064327485	0.906432748538	0.971929824561	0.952046783626	0.953216374269	0.970760233918	0.962573099415	0.976608187135	0.943859649123	0.947368421053	0.80701754386	0.905263157895	0.886549707602	0.881871345029	0.943859649123	0.866666666667	0.949707602339	0.953216374269	0.936842105263	0.970760233918	0.947368421053	0.940350877193	0.983625730994	0.945029239766	0.973099415205	0.890058479532	0.921637426901	0.918128654971	0.915789473684	0.916959064327	0.929824561404	0.916959064327	0.92514619883	0.450292397661	0.0	0.349707602339	0.465497076023	0.616374269006	0.404678362573	0.472514619883	0.338011695906	0.954385964912	0.940350877193	0.960233918129	0.949707602339	0.94269005848	0.950877192982	0.970760233918	0.810526315789	0.870175438596	0.93216374269	0.920467836257	0.916959064327	0.766081871345	0.885380116959	0.880701754386
