	DA5	DB5	DC5	DD5	DE5	DF5	DG5	DH5	DA2	DB2	DC2	DD2	DE2	DF2	DG2	DH2	DA1	DB1	DC1	DD1	DE1	DF1	DG1	DH1	DA4	DB4	DC4	DD4	DE4	DF4	DG4	DH4	DA6	DB6	DC6	DD6	DE6	DF6	DG6	DH6	DA7	DB7	DC7	DD7	DE7	DF7	DG7	DH7	DA8	DB8	DC8	DD8	DF8	DG8	DH8	DA3	DB3	DC3	DD3	DE3	DF3	DG3	DH3
DA5	0.0	0.416374269006	0.501754385965	0.363742690058	0.412865497076	0.465497076023	0.47485380117	0.357894736842	0.533333333333	0.581286549708	0.595321637427	0.714619883041	0.782456140351	0.812865497076	0.632748538012	0.54269005848	0.767251461988	0.775438596491	0.763742690058	0.628070175439	0.623391812865	0.702923976608	0.730994152047	0.785964912281	0.845614035088	0.825730994152	0.707602339181	0.73567251462	0.707602339181	0.719298245614	0.693567251462	0.726315789474	0.921637426901	0.898245614035	0.904093567251	0.919298245614	0.907602339181	0.913450292398	0.920467836257	0.919298245614	0.955555555556	0.948538011696	0.953216374269	0.923976608187	0.953216374269	0.936842105263	0.940350877193	0.946198830409	0.974269005848	0.973099415205	0.978947368421	0.977777777778	0.974269005848	0.964912280702	0.978947368421	0.701754385965	0.584795321637	0.723976608187	0.713450292398	0.595321637427	0.595321637427	0.705263157895	0.643274853801
DB5	0.416374269006	0.0	0.436257309942	0.419883040936	0.476023391813	0.4	0.398830409357	0.428070175439	0.505263157895	0.659649122807	0.665497076023	0.711111111111	0.795321637427	0.823391812865	0.699415204678	0.559064327485	0.773099415205	0.762573099415	0.767251461988	0.619883040936	0.630409356725	0.706432748538	0.708771929825	0.788304093567	0.837426900585	0.797660818713	0.638596491228	0.736842105263	0.706432748538	0.646783625731	0.653801169591	0.647953216374	0.913450292398	0.887719298246	0.906432748538	0.911111111111	0.899415204678	0.911111111111	0.906432748538	0.915789473684	0.960233918129	0.949707602339	0.959064327485	0.920467836257	0.948538011696	0.94269005848	0.94269005848	0.954385964912	0.970760233918	0.973099415205	0.975438596491	0.973099415205	0.971929824561	0.971929824561	0.977777777778	0.66432748538	0.54269005848	0.678362573099	0.684210526316	0.583625730994	0.632748538012	0.661988304094	0.610526315789
DC5	0.501754385965	0.436257309942	0.0	0.480701754386	0.530994152047	0.40701754386	0.453801169591	0.506432748538	0.602339181287	0.709941520468	0.690058479532	0.762573099415	0.814035087719	0.798830409357	0.74269005848	0.66081871345	0.74269005848	0.804678362573	0.752046783626	0.610526315789	0.626900584795	0.66783625731	0.763742690058	0.750877192982	0.892397660819	0.86432748538	0.712280701754	0.72865497076	0.708771929825	0.723976608187	0.680701754386	0.73216374269	0.902923976608	0.880701754386	0.891228070175	0.911111111111	0.888888888889	0.906432748538	0.901754385965	0.913450292398	0.956725146199	0.938011695906	0.947368421053	0.879532163743	0.912280701754	0.913450292398	0.921637426901	0.945029239766	0.957894736842	0.960233918129	0.980116959064	0.952046783626	0.955555555556	0.959064327485	0.964912280702	0.665497076023	0.561403508772	0.67134502924	0.67134502924	0.585964912281	0.659649122807	0.661988304094	0.602339181287
DD5	0.363742690058	0.419883040936	0.480701754386	0.0	0.355555555556	0.444444444444	0.470175438596	0.377777777778	0.536842105263	0.538011695906	0.595321637427	0.738011695906	0.79649122807	0.809356725146	0.624561403509	0.550877192982	0.763742690058	0.798830409357	0.759064327485	0.631578947368	0.640935672515	0.704093567251	0.754385964912	0.784795321637	0.870175438596	0.846783625731	0.72865497076	0.730994152047	0.712280701754	0.73918128655	0.701754385965	0.73918128655	0.913450292398	0.895906432749	0.907602339181	0.921637426901	0.902923976608	0.916959064327	0.908771929825	0.916959064327	0.962573099415	0.956725146199	0.957894736842	0.926315789474	0.954385964912	0.93918128655	0.945029239766	0.957894736842	0.967251461988	0.970760233918	0.975438596491	0.970760233918	0.967251461988	0.967251461988	0.971929824561	0.718128654971	0.597660818713	0.721637426901	0.720467836257	0.608187134503	0.605847953216	0.716959064327	0.658479532164
DE5	0.412865497076	0.476023391813	0.530994152047	0.355555555556	0.0	0.479532163743	0.509941520468	0.398830409357	0.522807017544	0.53918128655	0.594152046784	0.753216374269	0.8	0.817543859649	0.622222222222	0.53567251462	0.774269005848	0.8	0.770760233918	0.640935672515	0.650292397661	0.698245614035	0.754385964912	0.801169590643	0.87485380117	0.850292397661	0.762573099415	0.752046783626	0.745029239766	0.770760233918	0.72514619883	0.771929824561	0.923976608187	0.914619883041	0.915789473684	0.920467836257	0.909941520468	0.92865497076	0.923976608187	0.926315789474	0.963742690058	0.959064327485	0.959064327485	0.929824561404	0.961403508772	0.947368421053	0.948538011696	0.961403508772	0.970760233918	0.971929824561	0.980116959064	0.971929824561	0.967251461988	0.964912280702	0.973099415205	0.738011695906	0.619883040936	0.754385964912	0.749707602339	0.650292397661	0.608187134503	0.752046783626	0.679532163743
DF5	0.465497076023	0.4	0.40701754386	0.444444444444	0.479532163743	0.0	0.39649122807	0.46432748538	0.534502923977	0.678362573099	0.653801169591	0.747368421053	0.80350877193	0.79649122807	0.695906432749	0.609356725146	0.73567251462	0.795321637427	0.746198830409	0.637426900585	0.636257309942	0.661988304094	0.752046783626	0.766081871345	0.873684210526	0.844444444444	0.697076023392	0.716959064327	0.693567251462	0.707602339181	0.642105263158	0.699415204678	0.906432748538	0.890058479532	0.893567251462	0.905263157895	0.87485380117	0.900584795322	0.906432748538	0.914619883041	0.950877192982	0.93918128655	0.938011695906	0.902923976608	0.934502923977	0.918128654971	0.92865497076	0.943859649123	0.964912280702	0.961403508772	0.976608187135	0.964912280702	0.956725146199	0.961403508772	0.969590643275	0.639766081871	0.53918128655	0.652631578947	0.665497076023	0.576608187135	0.633918128655	0.629239766082	0.576608187135
DG5	0.47485380117	0.398830409357	0.453801169591	0.470175438596	0.509941520468	0.39649122807	0.0	0.46432748538	0.552046783626	0.66783625731	0.686549707602	0.729824561404	0.778947368421	0.804678362573	0.707602339181	0.60701754386	0.756725146199	0.794152046784	0.750877192982	0.636257309942	0.643274853801	0.691228070175	0.749707602339	0.781286549708	0.851461988304	0.831578947368	0.665497076023	0.714619883041	0.685380116959	0.681871345029	0.60350877193	0.673684210526	0.908771929825	0.892397660819	0.897076023392	0.915789473684	0.894736842105	0.907602339181	0.914619883041	0.909941520468	0.969590643275	0.948538011696	0.955555555556	0.926315789474	0.955555555556	0.934502923977	0.945029239766	0.961403508772	0.968421052632	0.970760233918	0.980116959064	0.967251461988	0.957894736842	0.963742690058	0.966081871345	0.614035087719	0.563742690058	0.670175438596	0.681871345029	0.573099415205	0.66081871345	0.614035087719	0.588304093567
DH5	0.357894736842	0.428070175439	0.506432748538	0.377777777778	0.398830409357	0.46432748538	0.46432748538	0.0	0.522807017544	0.576608187135	0.587134502924	0.721637426901	0.773099415205	0.804678362573	0.615204678363	0.53216374269	0.762573099415	0.787134502924	0.753216374269	0.633918128655	0.633918128655	0.694736842105	0.73216374269	0.780116959064	0.845614035088	0.817543859649	0.705263157895	0.719298245614	0.706432748538	0.713450292398	0.678362573099	0.714619883041	0.93216374269	0.913450292398	0.909941520468	0.926315789474	0.915789473684	0.920467836257	0.93216374269	0.92514619883	0.969590643275	0.957894736842	0.962573099415	0.93216374269	0.966081871345	0.946198830409	0.948538011696	0.967251461988	0.971929824561	0.975438596491	0.983625730994	0.963742690058	0.966081871345	0.962573099415	0.967251461988	0.712280701754	0.595321637427	0.72514619883	0.715789473684	0.611695906433	0.601169590643	0.714619883041	0.653801169591
DA2	0.533333333333	0.505263157895	0.602339181287	0.536842105263	0.522807017544	0.534502923977	0.552046783626	0.522807017544	0.0	0.608187134503	0.576608187135	0.665497076023	0.743859649123	0.746198830409	0.625730994152	0.417543859649	0.698245614035	0.708771929825	0.719298245614	0.595321637427	0.610526315789	0.67485380117	0.638596491228	0.755555555556	0.762573099415	0.741520467836	0.697076023392	0.716959064327	0.688888888889	0.708771929825	0.681871345029	0.722807017544	0.918128654971	0.899415204678	0.878362573099	0.907602339181	0.890058479532	0.886549707602	0.940350877193	0.918128654971	0.913450292398	0.898245614035	0.897076023392	0.898245614035	0.945029239766	0.861988304094	0.897076023392	0.902923976608	0.909941520468	0.922807017544	0.949707602339	0.909941520468	0.921637426901	0.901754385965	0.900584795322	0.736842105263	0.617543859649	0.702923976608	0.707602339181	0.605847953216	0.578947368421	0.72514619883	0.642105263158
DB2	0.581286549708	0.659649122807	0.709941520468	0.538011695906	0.53918128655	0.678362573099	0.66783625731	0.576608187135	0.608187134503	0.0	0.509941520468	0.626900584795	0.688888888889	0.673684210526	0.477192982456	0.598830409357	0.746198830409	0.828070175439	0.736842105263	0.713450292398	0.766081871345	0.756725146199	0.764912280702	0.734502923977	0.823391812865	0.830409356725	0.87485380117	0.801169590643	0.798830409357	0.888888888889	0.79298245614	0.901754385965	0.923976608187	0.904093567251	0.888888888889	0.945029239766	0.921637426901	0.86081871345	0.921637426901	0.913450292398	0.987134502924	0.973099415205	0.963742690058	0.953216374269	0.982456140351	0.952046783626	0.948538011696	0.980116959064	0.904093567251	0.940350877193	0.964912280702	0.92514619883	0.93918128655	0.886549707602	0.865497076023	0.846783625731	0.749707602339	0.756725146199	0.754385964912	0.654970760234	0.66783625731	0.861988304094	0.727485380117
DC2	0.595321637427	0.665497076023	0.690058479532	0.595321637427	0.594152046784	0.653801169591	0.686549707602	0.587134502924	0.576608187135	0.509941520468	0.0	0.633918128655	0.672514619883	0.609356725146	0.493567251462	0.584795321637	0.636257309942	0.773099415205	0.72865497076	0.707602339181	0.754385964912	0.713450292398	0.74269005848	0.706432748538	0.825730994152	0.804678362573	0.85730994152	0.73216374269	0.723976608187	0.873684210526	0.723976608187	0.884210526316	0.926315789474	0.919298245614	0.893567251462	0.933333333333	0.914619883041	0.865497076023	0.943859649123	0.92514619883	0.956725146199	0.940350877193	0.918128654971	0.918128654971	0.954385964912	0.913450292398	0.920467836257	0.947368421053	0.858479532164	0.883040935673	0.908771929825	0.877192982456	0.879532163743	0.835087719298	0.805847953216	0.788304093567	0.685380116959	0.687719298246	0.692397660819	0.59298245614	0.60701754386	0.801169590643	0.65730994152
DD2	0.714619883041	0.711111111111	0.762573099415	0.738011695906	0.753216374269	0.747368421053	0.729824561404	0.721637426901	0.665497076023	0.626900584795	0.633918128655	0.0	0.507602339181	0.562573099415	0.559064327485	0.676023391813	0.692397660819	0.754385964912	0.705263157895	0.714619883041	0.755555555556	0.736842105263	0.691228070175	0.672514619883	0.750877192982	0.767251461988	0.811695906433	0.781286549708	0.778947368421	0.830409356725	0.774269005848	0.838596491228	0.913450292398	0.898245614035	0.87485380117	0.933333333333	0.904093567251	0.847953216374	0.920467836257	0.898245614035	0.978947368421	0.959064327485	0.943859649123	0.947368421053	0.974269005848	0.92865497076	0.93567251462	0.969590643275	0.897076023392	0.926315789474	0.952046783626	0.918128654971	0.92514619883	0.869005847953	0.809356725146	0.86081871345	0.829239766082	0.691228070175	0.672514619883	0.673684210526	0.80350877193	0.880701754386	0.729824561404
DE2	0.782456140351	0.795321637427	0.814035087719	0.79649122807	0.8	0.80350877193	0.778947368421	0.773099415205	0.743859649123	0.688888888889	0.672514619883	0.507602339181	0.0	0.533333333333	0.601169590643	0.768421052632	0.687719298246	0.810526315789	0.698245614035	0.756725146199	0.787134502924	0.74269005848	0.752046783626	0.678362573099	0.809356725146	0.825730994152	0.87485380117	0.80350877193	0.795321637427	0.890058479532	0.80350877193	0.898245614035	0.909941520468	0.908771929825	0.865497076023	0.92514619883	0.908771929825	0.844444444444	0.92865497076	0.900584795322	0.983625730994	0.960233918129	0.94269005848	0.953216374269	0.978947368421	0.923976608187	0.936842105263	0.974269005848	0.902923976608	0.927485380117	0.962573099415	0.909941520468	0.922807017544	0.881871345029	0.811695906433	0.865497076023	0.861988304094	0.692397660819	0.678362573099	0.699415204678	0.832748538012	0.878362573099	0.760233918129
DF2	0.812865497076	0.823391812865	0.798830409357	0.809356725146	0.817543859649	0.79649122807	0.804678362573	0.804678362573	0.746198830409	0.673684210526	0.609356725146	0.562573099415	0.533333333333	0.0	0.587134502924	0.780116959064	0.694736842105	0.844444444444	0.749707602339	0.797660818713	0.822222222222	0.770760233918	0.8	0.713450292398	0.842105263158	0.859649122807	0.906432748538	0.789473684211	0.802339181287	0.921637426901	0.822222222222	0.93567251462	0.93918128655	0.927485380117	0.888888888889	0.948538011696	0.92865497076	0.86783625731	0.946198830409	0.92514619883	0.985964912281	0.956725146199	0.94269005848	0.947368421053	0.980116959064	0.930994152047	0.934502923977	0.967251461988	0.893567251462	0.921637426901	0.947368421053	0.907602339181	0.914619883041	0.869005847953	0.797660818713	0.849122807018	0.825730994152	0.677192982456	0.652631578947	0.666666666667	0.791812865497	0.86432748538	0.721637426901
DG2	0.632748538012	0.699415204678	0.74269005848	0.624561403509	0.622222222222	0.695906432749	0.707602339181	0.615204678363	0.625730994152	0.477192982456	0.493567251462	0.559064327485	0.601169590643	0.587134502924	0.0	0.630409356725	0.709941520468	0.839766081871	0.723976608187	0.750877192982	0.802339181287	0.763742690058	0.789473684211	0.705263157895	0.832748538012	0.847953216374	0.899415204678	0.798830409357	0.801169590643	0.914619883041	0.809356725146	0.926315789474	0.929824561404	0.930994152047	0.894736842105	0.954385964912	0.922807017544	0.869005847953	0.948538011696	0.915789473684	0.991812865497	0.964912280702	0.948538011696	0.952046783626	0.989473684211	0.930994152047	0.93918128655	0.983625730994	0.891228070175	0.923976608187	0.954385964912	0.906432748538	0.919298245614	0.86783625731	0.804678362573	0.866666666667	0.763742690058	0.714619883041	0.700584795322	0.626900584795	0.688888888889	0.86432748538	0.73216374269
DH2	0.54269005848	0.559064327485	0.66081871345	0.550877192982	0.53567251462	0.609356725146	0.60701754386	0.53216374269	0.417543859649	0.598830409357	0.584795321637	0.676023391813	0.768421052632	0.780116959064	0.630409356725	0.0	0.770760233918	0.723976608187	0.757894736842	0.652631578947	0.679532163743	0.695906432749	0.663157894737	0.79298245614	0.723976608187	0.699415204678	0.673684210526	0.790643274854	0.764912280702	0.697076023392	0.752046783626	0.700584795322	0.929824561404	0.918128654971	0.906432748538	0.918128654971	0.907602339181	0.909941520468	0.938011695906	0.930994152047	0.963742690058	0.943859649123	0.93918128655	0.92514619883	0.956725146199	0.926315789474	0.927485380117	0.953216374269	0.943859649123	0.943859649123	0.964912280702	0.936842105263	0.946198830409	0.93567251462	0.93918128655	0.789473684211	0.677192982456	0.783625730994	0.784795321637	0.690058479532	0.614035087719	0.783625730994	0.707602339181
DA1	0.767251461988	0.773099415205	0.74269005848	0.763742690058	0.774269005848	0.73567251462	0.756725146199	0.762573099415	0.698245614035	0.746198830409	0.636257309942	0.692397660819	0.687719298246	0.694736842105	0.709941520468	0.770760233918	0.0	0.588304093567	0.623391812865	0.722807017544	0.730994152047	0.663157894737	0.734502923977	0.576608187135	0.809356725146	0.797660818713	0.798830409357	0.651461988304	0.663157894737	0.823391812865	0.653801169591	0.837426900585	0.904093567251	0.905263157895	0.877192982456	0.905263157895	0.884210526316	0.836257309942	0.923976608187	0.902923976608	0.969590643275	0.946198830409	0.930994152047	0.906432748538	0.936842105263	0.901754385965	0.919298245614	0.954385964912	0.709941520468	0.730994152047	0.771929824561	0.714619883041	0.72865497076	0.688888888889	0.653801169591	0.802339181287	0.831578947368	0.670175438596	0.672514619883	0.684210526316	0.802339181287	0.808187134503	0.74269005848
DB1	0.775438596491	0.762573099415	0.804678362573	0.798830409357	0.8	0.795321637427	0.794152046784	0.787134502924	0.708771929825	0.828070175439	0.773099415205	0.754385964912	0.810526315789	0.844444444444	0.839766081871	0.723976608187	0.588304093567	0.0	0.723976608187	0.67134502924	0.693567251462	0.712280701754	0.566081871345	0.685380116959	0.759064327485	0.741520467836	0.783625730994	0.79649122807	0.767251461988	0.804678362573	0.752046783626	0.814035087719	0.899415204678	0.887719298246	0.883040935673	0.880701754386	0.873684210526	0.873684210526	0.912280701754	0.901754385965	0.817543859649	0.805847953216	0.801169590643	0.797660818713	0.825730994152	0.783625730994	0.790643274854	0.809356725146	0.727485380117	0.712280701754	0.755555555556	0.723976608187	0.720467836257	0.72514619883	0.738011695906	0.847953216374	0.850292397661	0.85730994152	0.858479532164	0.85730994152	0.815204678363	0.87134502924	0.840935672515
DC1	0.763742690058	0.767251461988	0.752046783626	0.759064327485	0.770760233918	0.746198830409	0.750877192982	0.753216374269	0.719298245614	0.736842105263	0.72865497076	0.705263157895	0.698245614035	0.749707602339	0.723976608187	0.757894736842	0.623391812865	0.723976608187	0.0	0.580116959064	0.624561403509	0.426900584795	0.60350877193	0.500584795322	0.798830409357	0.79649122807	0.837426900585	0.761403508772	0.753216374269	0.863157894737	0.74269005848	0.865497076023	0.752046783626	0.755555555556	0.720467836257	0.746198830409	0.722807017544	0.700584795322	0.782456140351	0.749707602339	0.94269005848	0.929824561404	0.908771929825	0.887719298246	0.918128654971	0.877192982456	0.904093567251	0.93216374269	0.902923976608	0.912280701754	0.963742690058	0.914619883041	0.920467836257	0.87485380117	0.850292397661	0.805847953216	0.815204678363	0.723976608187	0.727485380117	0.734502923977	0.801169590643	0.80701754386	0.740350877193
DD1	0.628070175439	0.619883040936	0.610526315789	0.631578947368	0.640935672515	0.637426900585	0.636257309942	0.633918128655	0.595321637427	0.713450292398	0.707602339181	0.714619883041	0.756725146199	0.797660818713	0.750877192982	0.652631578947	0.722807017544	0.67134502924	0.580116959064	0.0	0.346198830409	0.506432748538	0.470175438596	0.578947368421	0.833918128655	0.80701754386	0.79298245614	0.816374269006	0.785964912281	0.814035087719	0.771929824561	0.818713450292	0.826900584795	0.811695906433	0.829239766082	0.824561403509	0.811695906433	0.817543859649	0.832748538012	0.836257309942	0.824561403509	0.876023391813	0.886549707602	0.86432748538	0.888888888889	0.809356725146	0.897076023392	0.87134502924	0.955555555556	0.938011695906	0.969590643275	0.950877192982	0.946198830409	0.93918128655	0.959064327485	0.789473684211	0.713450292398	0.789473684211	0.787134502924	0.711111111111	0.697076023392	0.795321637427	0.713450292398
DE1	0.623391812865	0.630409356725	0.626900584795	0.640935672515	0.650292397661	0.636257309942	0.643274853801	0.633918128655	0.610526315789	0.766081871345	0.754385964912	0.755555555556	0.787134502924	0.822222222222	0.802339181287	0.679532163743	0.730994152047	0.693567251462	0.624561403509	0.346198830409	0.0	0.53216374269	0.501754385965	0.624561403509	0.840935672515	0.815204678363	0.784795321637	0.811695906433	0.789473684211	0.790643274854	0.771929824561	0.794152046784	0.866666666667	0.850292397661	0.87485380117	0.856140350877	0.847953216374	0.866666666667	0.873684210526	0.878362573099	0.770760233918	0.881871345029	0.897076023392	0.86432748538	0.887719298246	0.814035087719	0.914619883041	0.86783625731	0.971929824561	0.953216374269	0.975438596491	0.962573099415	0.964912280702	0.954385964912	0.981286549708	0.767251461988	0.702923976608	0.788304093567	0.782456140351	0.730994152047	0.704093567251	0.770760233918	0.716959064327
DF1	0.702923976608	0.706432748538	0.66783625731	0.704093567251	0.698245614035	0.661988304094	0.691228070175	0.694736842105	0.67485380117	0.756725146199	0.713450292398	0.736842105263	0.74269005848	0.770760233918	0.763742690058	0.695906432749	0.663157894737	0.712280701754	0.426900584795	0.506432748538	0.53216374269	0.0	0.566081871345	0.527485380117	0.809356725146	0.794152046784	0.821052631579	0.767251461988	0.756725146199	0.837426900585	0.750877192982	0.844444444444	0.782456140351	0.775438596491	0.749707602339	0.762573099415	0.743859649123	0.73216374269	0.801169590643	0.781286549708	0.938011695906	0.920467836257	0.916959064327	0.894736842105	0.909941520468	0.885380116959	0.904093567251	0.922807017544	0.919298245614	0.922807017544	0.964912280702	0.922807017544	0.926315789474	0.901754385965	0.923976608187	0.761403508772	0.740350877193	0.745029239766	0.74269005848	0.719298245614	0.734502923977	0.770760233918	0.705263157895
DG1	0.730994152047	0.708771929825	0.763742690058	0.754385964912	0.754385964912	0.752046783626	0.749707602339	0.73216374269	0.638596491228	0.764912280702	0.74269005848	0.691228070175	0.752046783626	0.8	0.789473684211	0.663157894737	0.734502923977	0.566081871345	0.60350877193	0.470175438596	0.501754385965	0.566081871345	0.0	0.604678362573	0.714619883041	0.698245614035	0.753216374269	0.794152046784	0.767251461988	0.764912280702	0.769590643275	0.777777777778	0.843274853801	0.828070175439	0.836257309942	0.835087719298	0.816374269006	0.826900584795	0.854970760234	0.849122807018	0.832748538012	0.877192982456	0.878362573099	0.898245614035	0.93216374269	0.817543859649	0.884210526316	0.866666666667	0.904093567251	0.892397660819	0.92865497076	0.904093567251	0.899415204678	0.885380116959	0.906432748538	0.831578947368	0.816374269006	0.846783625731	0.838596491228	0.816374269006	0.789473684211	0.849122807018	0.791812865497
DH1	0.785964912281	0.788304093567	0.750877192982	0.784795321637	0.801169590643	0.766081871345	0.781286549708	0.780116959064	0.755555555556	0.734502923977	0.706432748538	0.672514619883	0.678362573099	0.713450292398	0.705263157895	0.79298245614	0.576608187135	0.685380116959	0.500584795322	0.578947368421	0.624561403509	0.527485380117	0.604678362573	0.0	0.804678362573	0.809356725146	0.861988304094	0.73918128655	0.718128654971	0.885380116959	0.72514619883	0.894736842105	0.828070175439	0.826900584795	0.801169590643	0.822222222222	0.812865497076	0.764912280702	0.847953216374	0.826900584795	0.957894736842	0.938011695906	0.92865497076	0.86783625731	0.895906432749	0.895906432749	0.916959064327	0.947368421053	0.869005847953	0.87485380117	0.920467836257	0.869005847953	0.876023391813	0.835087719298	0.801169590643	0.858479532164	0.86783625731	0.73918128655	0.738011695906	0.760233918129	0.853801169591	0.865497076023	0.79649122807
DA4	0.845614035088	0.837426900585	0.892397660819	0.870175438596	0.87485380117	0.873684210526	0.851461988304	0.845614035088	0.762573099415	0.823391812865	0.825730994152	0.750877192982	0.809356725146	0.842105263158	0.832748538012	0.723976608187	0.809356725146	0.759064327485	0.798830409357	0.833918128655	0.840935672515	0.809356725146	0.714619883041	0.804678362573	0.0	0.4	0.576608187135	0.761403508772	0.73918128655	0.52514619883	0.784795321637	0.560233918129	0.954385964912	0.954385964912	0.936842105263	0.963742690058	0.948538011696	0.904093567251	0.962573099415	0.953216374269	0.961403508772	0.934502923977	0.93216374269	0.940350877193	0.952046783626	0.920467836257	0.92865497076	0.943859649123	0.921637426901	0.94269005848	0.959064327485	0.921637426901	0.934502923977	0.926315789474	0.902923976608	0.895906432749	0.908771929825	0.854970760234	0.849122807018	0.853801169591	0.894736842105	0.904093567251	0.86432748538
DB4	0.825730994152	0.797660818713	0.86432748538	0.846783625731	0.850292397661	0.844444444444	0.831578947368	0.817543859649	0.741520467836	0.830409356725	0.804678362573	0.767251461988	0.825730994152	0.859649122807	0.847953216374	0.699415204678	0.797660818713	0.741520467836	0.79649122807	0.80701754386	0.815204678363	0.794152046784	0.698245614035	0.809356725146	0.4	0.0	0.548538011696	0.759064327485	0.73216374269	0.485380116959	0.775438596491	0.515789473684	0.952046783626	0.947368421053	0.927485380117	0.960233918129	0.93567251462	0.909941520468	0.959064327485	0.952046783626	0.954385964912	0.934502923977	0.923976608187	0.929824561404	0.946198830409	0.919298245614	0.911111111111	0.945029239766	0.926315789474	0.946198830409	0.962573099415	0.940350877193	0.94269005848	0.92514619883	0.923976608187	0.86783625731	0.879532163743	0.842105263158	0.846783625731	0.850292397661	0.859649122807	0.884210526316	0.847953216374
DC4	0.707602339181	0.638596491228	0.712280701754	0.72865497076	0.762573099415	0.697076023392	0.665497076023	0.705263157895	0.697076023392	0.87485380117	0.85730994152	0.811695906433	0.87485380117	0.906432748538	0.899415204678	0.673684210526	0.798830409357	0.783625730994	0.837426900585	0.79298245614	0.784795321637	0.821052631579	0.753216374269	0.861988304094	0.576608187135	0.548538011696	0.0	0.726315789474	0.691228070175	0.334502923977	0.644444444444	0.345029239766	0.966081871345	0.960233918129	0.956725146199	0.971929824561	0.956725146199	0.950877192982	0.969590643275	0.967251461988	0.977777777778	0.969590643275	0.969590643275	0.963742690058	0.974269005848	0.967251461988	0.956725146199	0.978947368421	0.959064327485	0.962573099415	0.974269005848	0.962573099415	0.962573099415	0.961403508772	0.961403508772	0.74269005848	0.756725146199	0.740350877193	0.750877192982	0.760233918129	0.837426900585	0.753216374269	0.741520467836
DD4	0.73567251462	0.736842105263	0.72865497076	0.730994152047	0.752046783626	0.716959064327	0.714619883041	0.719298245614	0.716959064327	0.801169590643	0.73216374269	0.781286549708	0.80350877193	0.789473684211	0.798830409357	0.790643274854	0.651461988304	0.79649122807	0.761403508772	0.816374269006	0.811695906433	0.767251461988	0.794152046784	0.73918128655	0.761403508772	0.759064327485	0.726315789474	0.0	0.421052631579	0.752046783626	0.598830409357	0.750877192982	0.945029239766	0.947368421053	0.908771929825	0.954385964912	0.93567251462	0.890058479532	0.953216374269	0.94269005848	0.969590643275	0.952046783626	0.938011695906	0.936842105263	0.966081871345	0.92865497076	0.929824561404	0.960233918129	0.886549707602	0.906432748538	0.930994152047	0.895906432749	0.897076023392	0.878362573099	0.849122807018	0.759064327485	0.775438596491	0.680701754386	0.67485380117	0.691228070175	0.810526315789	0.769590643275	0.701754385965
DE4	0.707602339181	0.706432748538	0.708771929825	0.712280701754	0.745029239766	0.693567251462	0.685380116959	0.706432748538	0.688888888889	0.798830409357	0.723976608187	0.778947368421	0.795321637427	0.802339181287	0.801169590643	0.764912280702	0.663157894737	0.767251461988	0.753216374269	0.785964912281	0.789473684211	0.756725146199	0.767251461988	0.718128654971	0.73918128655	0.73216374269	0.691228070175	0.421052631579	0.0	0.714619883041	0.549707602339	0.722807017544	0.93918128655	0.941520467836	0.905263157895	0.94269005848	0.918128654971	0.885380116959	0.93567251462	0.934502923977	0.961403508772	0.930994152047	0.919298245614	0.921637426901	0.955555555556	0.905263157895	0.907602339181	0.936842105263	0.870175438596	0.894736842105	0.920467836257	0.873684210526	0.880701754386	0.872514619883	0.847953216374	0.734502923977	0.762573099415	0.678362573099	0.679532163743	0.684210526316	0.805847953216	0.743859649123	0.693567251462
DF4	0.719298245614	0.646783625731	0.723976608187	0.73918128655	0.770760233918	0.707602339181	0.681871345029	0.713450292398	0.708771929825	0.888888888889	0.873684210526	0.830409356725	0.890058479532	0.921637426901	0.914619883041	0.697076023392	0.823391812865	0.804678362573	0.863157894737	0.814035087719	0.790643274854	0.837426900585	0.764912280702	0.885380116959	0.52514619883	0.485380116959	0.334502923977	0.752046783626	0.714619883041	0.0	0.670175438596	0.307602339181	0.970760233918	0.964912280702	0.967251461988	0.974269005848	0.964912280702	0.967251461988	0.970760233918	0.971929824561	0.978947368421	0.971929824561	0.974269005848	0.967251461988	0.974269005848	0.971929824561	0.966081871345	0.980116959064	0.970760233918	0.970760233918	0.976608187135	0.975438596491	0.970760233918	0.976608187135	0.971929824561	0.753216374269	0.759064327485	0.755555555556	0.759064327485	0.769590643275	0.844444444444	0.760233918129	0.753216374269
DG4	0.693567251462	0.653801169591	0.680701754386	0.701754385965	0.72514619883	0.642105263158	0.60350877193	0.678362573099	0.681871345029	0.79298245614	0.723976608187	0.774269005848	0.80350877193	0.822222222222	0.809356725146	0.752046783626	0.653801169591	0.752046783626	0.74269005848	0.771929824561	0.771929824561	0.750877192982	0.769590643275	0.72514619883	0.784795321637	0.775438596491	0.644444444444	0.598830409357	0.549707602339	0.670175438596	0.0	0.663157894737	0.952046783626	0.943859649123	0.906432748538	0.946198830409	0.921637426901	0.883040935673	0.936842105263	0.930994152047	0.970760233918	0.94269005848	0.93918128655	0.934502923977	0.967251461988	0.918128654971	0.923976608187	0.940350877193	0.86081871345	0.881871345029	0.902923976608	0.869005847953	0.87134502924	0.853801169591	0.835087719298	0.629239766082	0.738011695906	0.654970760234	0.666666666667	0.679532163743	0.810526315789	0.640935672515	0.653801169591
DH4	0.726315789474	0.647953216374	0.73216374269	0.73918128655	0.771929824561	0.699415204678	0.673684210526	0.714619883041	0.722807017544	0.901754385965	0.884210526316	0.838596491228	0.898245614035	0.93567251462	0.926315789474	0.700584795322	0.837426900585	0.814035087719	0.865497076023	0.818713450292	0.794152046784	0.844444444444	0.777777777778	0.894736842105	0.560233918129	0.515789473684	0.345029239766	0.750877192982	0.722807017544	0.307602339181	0.663157894737	0.0	0.977777777778	0.973099415205	0.971929824561	0.978947368421	0.971929824561	0.973099415205	0.976608187135	0.977777777778	0.982456140351	0.980116959064	0.980116959064	0.976608187135	0.977777777778	0.982456140351	0.981286549708	0.987134502924	0.985964912281	0.982456140351	0.985964912281	0.985964912281	0.985964912281	0.987134502924	0.983625730994	0.74269005848	0.763742690058	0.760233918129	0.769590643275	0.782456140351	0.85730994152	0.748538011696	0.746198830409
DA6	0.921637426901	0.913450292398	0.902923976608	0.913450292398	0.923976608187	0.906432748538	0.908771929825	0.93216374269	0.918128654971	0.923976608187	0.926315789474	0.913450292398	0.909941520468	0.93918128655	0.929824561404	0.929824561404	0.904093567251	0.899415204678	0.752046783626	0.826900584795	0.866666666667	0.782456140351	0.843274853801	0.828070175439	0.954385964912	0.952046783626	0.966081871345	0.945029239766	0.93918128655	0.970760233918	0.952046783626	0.977777777778	0.0	0.326315789474	0.370760233918	0.307602339181	0.350877192982	0.353216374269	0.301754385965	0.326315789474	0.899415204678	0.898245614035	0.884210526316	0.909941520468	0.93216374269	0.911111111111	0.87485380117	0.883040935673	0.945029239766	0.922807017544	0.967251461988	0.94269005848	0.938011695906	0.92514619883	0.961403508772	0.909941520468	0.879532163743	0.92514619883	0.912280701754	0.906432748538	0.878362573099	0.891228070175	0.880701754386
DB6	0.898245614035	0.887719298246	0.880701754386	0.895906432749	0.914619883041	0.890058479532	0.892397660819	0.913450292398	0.899415204678	0.904093567251	0.919298245614	0.898245614035	0.908771929825	0.927485380117	0.930994152047	0.918128654971	0.905263157895	0.887719298246	0.755555555556	0.811695906433	0.850292397661	0.775438596491	0.828070175439	0.826900584795	0.954385964912	0.947368421053	0.960233918129	0.947368421053	0.941520467836	0.964912280702	0.943859649123	0.973099415205	0.326315789474	0.0	0.333333333333	0.333333333333	0.338011695906	0.34269005848	0.340350877193	0.362573099415	0.905263157895	0.907602339181	0.899415204678	0.902923976608	0.923976608187	0.902923976608	0.877192982456	0.892397660819	0.948538011696	0.922807017544	0.966081871345	0.943859649123	0.940350877193	0.92514619883	0.968421052632	0.877192982456	0.856140350877	0.898245614035	0.887719298246	0.87134502924	0.85730994152	0.872514619883	0.863157894737
DC6	0.904093567251	0.906432748538	0.891228070175	0.907602339181	0.915789473684	0.893567251462	0.897076023392	0.909941520468	0.878362573099	0.888888888889	0.893567251462	0.87485380117	0.865497076023	0.888888888889	0.894736842105	0.906432748538	0.877192982456	0.883040935673	0.720467836257	0.829239766082	0.87485380117	0.749707602339	0.836257309942	0.801169590643	0.936842105263	0.927485380117	0.956725146199	0.908771929825	0.905263157895	0.967251461988	0.906432748538	0.971929824561	0.370760233918	0.333333333333	0.0	0.383625730994	0.364912280702	0.349707602339	0.380116959064	0.375438596491	0.906432748538	0.914619883041	0.880701754386	0.901754385965	0.929824561404	0.884210526316	0.873684210526	0.885380116959	0.913450292398	0.904093567251	0.961403508772	0.915789473684	0.912280701754	0.899415204678	0.938011695906	0.883040935673	0.869005847953	0.880701754386	0.869005847953	0.850292397661	0.850292397661	0.880701754386	0.830409356725
DD6	0.919298245614	0.911111111111	0.911111111111	0.921637426901	0.920467836257	0.905263157895	0.915789473684	0.926315789474	0.907602339181	0.945029239766	0.933333333333	0.933333333333	0.92514619883	0.948538011696	0.954385964912	0.918128654971	0.905263157895	0.880701754386	0.746198830409	0.824561403509	0.856140350877	0.762573099415	0.835087719298	0.822222222222	0.963742690058	0.960233918129	0.971929824561	0.954385964912	0.94269005848	0.974269005848	0.946198830409	0.978947368421	0.307602339181	0.333333333333	0.383625730994	0.0	0.346198830409	0.348538011696	0.314619883041	0.33216374269	0.919298245614	0.914619883041	0.908771929825	0.901754385965	0.919298245614	0.901754385965	0.904093567251	0.908771929825	0.950877192982	0.923976608187	0.964912280702	0.945029239766	0.93918128655	0.929824561404	0.969590643275	0.877192982456	0.865497076023	0.895906432749	0.895906432749	0.877192982456	0.873684210526	0.869005847953	0.885380116959
DE6	0.907602339181	0.899415204678	0.888888888889	0.902923976608	0.909941520468	0.87485380117	0.894736842105	0.915789473684	0.890058479532	0.921637426901	0.914619883041	0.904093567251	0.908771929825	0.92865497076	0.922807017544	0.907602339181	0.884210526316	0.873684210526	0.722807017544	0.811695906433	0.847953216374	0.743859649123	0.816374269006	0.812865497076	0.948538011696	0.93567251462	0.956725146199	0.93567251462	0.918128654971	0.964912280702	0.921637426901	0.971929824561	0.350877192982	0.338011695906	0.364912280702	0.346198830409	0.0	0.348538011696	0.352046783626	0.359064327485	0.902923976608	0.893567251462	0.880701754386	0.886549707602	0.902923976608	0.87485380117	0.863157894737	0.881871345029	0.933333333333	0.911111111111	0.955555555556	0.934502923977	0.918128654971	0.918128654971	0.955555555556	0.887719298246	0.87485380117	0.902923976608	0.894736842105	0.881871345029	0.873684210526	0.876023391813	0.863157894737
DF6	0.913450292398	0.911111111111	0.906432748538	0.916959064327	0.92865497076	0.900584795322	0.907602339181	0.920467836257	0.886549707602	0.86081871345	0.865497076023	0.847953216374	0.844444444444	0.86783625731	0.869005847953	0.909941520468	0.836257309942	0.873684210526	0.700584795322	0.817543859649	0.866666666667	0.73216374269	0.826900584795	0.764912280702	0.904093567251	0.909941520468	0.950877192982	0.890058479532	0.885380116959	0.967251461988	0.883040935673	0.973099415205	0.353216374269	0.34269005848	0.349707602339	0.348538011696	0.348538011696	0.0	0.356725146199	0.340350877193	0.93216374269	0.919298245614	0.902923976608	0.911111111111	0.927485380117	0.886549707602	0.891228070175	0.915789473684	0.902923976608	0.904093567251	0.959064327485	0.918128654971	0.920467836257	0.883040935673	0.904093567251	0.881871345029	0.891228070175	0.845614035088	0.833918128655	0.833918128655	0.86783625731	0.891228070175	0.839766081871
DG6	0.920467836257	0.906432748538	0.901754385965	0.908771929825	0.923976608187	0.906432748538	0.914619883041	0.93216374269	0.940350877193	0.921637426901	0.943859649123	0.920467836257	0.92865497076	0.946198830409	0.948538011696	0.938011695906	0.923976608187	0.912280701754	0.782456140351	0.832748538012	0.873684210526	0.801169590643	0.854970760234	0.847953216374	0.962573099415	0.959064327485	0.969590643275	0.953216374269	0.93567251462	0.970760233918	0.936842105263	0.976608187135	0.301754385965	0.340350877193	0.380116959064	0.314619883041	0.352046783626	0.356725146199	0.0	0.333333333333	0.920467836257	0.908771929825	0.905263157895	0.916959064327	0.927485380117	0.901754385965	0.891228070175	0.901754385965	0.943859649123	0.921637426901	0.960233918129	0.934502923977	0.929824561404	0.92865497076	0.964912280702	0.919298245614	0.911111111111	0.936842105263	0.920467836257	0.915789473684	0.906432748538	0.918128654971	0.907602339181
DH6	0.919298245614	0.915789473684	0.913450292398	0.916959064327	0.926315789474	0.914619883041	0.909941520468	0.92514619883	0.918128654971	0.913450292398	0.92514619883	0.898245614035	0.900584795322	0.92514619883	0.915789473684	0.930994152047	0.902923976608	0.901754385965	0.749707602339	0.836257309942	0.878362573099	0.781286549708	0.849122807018	0.826900584795	0.953216374269	0.952046783626	0.967251461988	0.94269005848	0.934502923977	0.971929824561	0.930994152047	0.977777777778	0.326315789474	0.362573099415	0.375438596491	0.33216374269	0.359064327485	0.340350877193	0.333333333333	0.0	0.93567251462	0.929824561404	0.918128654971	0.916959064327	0.933333333333	0.906432748538	0.906432748538	0.918128654971	0.893567251462	0.883040935673	0.954385964912	0.929824561404	0.92514619883	0.865497076023	0.885380116959	0.900584795322	0.913450292398	0.909941520468	0.891228070175	0.892397660819	0.897076023392	0.900584795322	0.895906432749
DA7	0.955555555556	0.960233918129	0.956725146199	0.962573099415	0.963742690058	0.950877192982	0.969590643275	0.969590643275	0.913450292398	0.987134502924	0.956725146199	0.978947368421	0.983625730994	0.985964912281	0.991812865497	0.963742690058	0.969590643275	0.817543859649	0.94269005848	0.824561403509	0.770760233918	0.938011695906	0.832748538012	0.957894736842	0.961403508772	0.954385964912	0.977777777778	0.969590643275	0.961403508772	0.978947368421	0.970760233918	0.982456140351	0.899415204678	0.905263157895	0.906432748538	0.919298245614	0.902923976608	0.93216374269	0.920467836257	0.93567251462	0.0	0.466666666667	0.463157894737	0.508771929825	0.67134502924	0.409356725146	0.495906432749	0.402339181287	0.970760233918	0.957894736842	0.983625730994	0.982456140351	0.968421052632	0.960233918129	0.985964912281	0.872514619883	0.808187134503	0.961403508772	0.940350877193	0.92514619883	0.781286549708	0.914619883041	0.858479532164
DB7	0.948538011696	0.949707602339	0.938011695906	0.956725146199	0.959064327485	0.93918128655	0.948538011696	0.957894736842	0.898245614035	0.973099415205	0.940350877193	0.959064327485	0.960233918129	0.956725146199	0.964912280702	0.943859649123	0.946198830409	0.805847953216	0.929824561404	0.876023391813	0.881871345029	0.920467836257	0.877192982456	0.938011695906	0.934502923977	0.934502923977	0.969590643275	0.952046783626	0.930994152047	0.971929824561	0.94269005848	0.980116959064	0.898245614035	0.907602339181	0.914619883041	0.914619883041	0.893567251462	0.919298245614	0.908771929825	0.929824561404	0.466666666667	0.0	0.322807017544	0.459649122807	0.649122807018	0.429239766082	0.452631578947	0.377777777778	0.950877192982	0.945029239766	0.968421052632	0.941520467836	0.940350877193	0.952046783626	0.969590643275	0.825730994152	0.856140350877	0.94269005848	0.920467836257	0.916959064327	0.79649122807	0.887719298246	0.87485380117
