	DA5	DB5	DC5	DD5	DE5	DF5	DG5	DH5	DA2	DB2	DC2	DD2	DE2	DF2	DG2	DH2	DA1	DB1	DC1	DD1	DE1	DF1	DG1	DH1	DA4	DB4	DC4	DD4	DE4	DF4	DG4	DH4	DA6	DB6	DC6	DD6	DE6	DF6	DG6	DH6	DA7	DB7	DC7	DD7	DE7	DF7	DG7	DH7	DA8	DB8	DC8	DD8	DF8	DG8	DH8	DA3	DB3	DC3	DD3	DE3	DF3	DG3	DH3
DA5	0.0	0.378947368421	0.456140350877	0.376608187135	0.418713450292	0.418713450292	0.431578947368	0.362573099415	0.52865497076	0.609356725146	0.587134502924	0.726315789474	0.769590643275	0.829239766082	0.635087719298	0.566081871345	0.752046783626	0.753216374269	0.73918128655	0.610526315789	0.611695906433	0.686549707602	0.704093567251	0.763742690058	0.837426900585	0.835087719298	0.684210526316	0.73216374269	0.719298245614	0.685380116959	0.67485380117	0.694736842105	0.905263157895	0.893567251462	0.916959064327	0.920467836257	0.914619883041	0.921637426901	0.923976608187	0.926315789474	0.956725146199	0.955555555556	0.950877192982	0.938011695906	0.948538011696	0.933333333333	0.945029239766	0.954385964912	0.967251461988	0.967251461988	0.978947368421	0.968421052632	0.968421052632	0.967251461988	0.973099415205	0.697076023392	0.563742690058	0.707602339181	0.695906432749	0.633918128655	0.614035087719	0.680701754386	0.630409356725
DB5	0.378947368421	0.0	0.456140350877	0.394152046784	0.447953216374	0.39649122807	0.395321637427	0.408187134503	0.522807017544	0.642105263158	0.650292397661	0.743859649123	0.785964912281	0.840935672515	0.663157894737	0.564912280702	0.790643274854	0.777777777778	0.759064327485	0.632748538012	0.625730994152	0.694736842105	0.729824561404	0.775438596491	0.853801169591	0.852631578947	0.686549707602	0.747368421053	0.723976608187	0.687719298246	0.66432748538	0.67485380117	0.907602339181	0.897076023392	0.913450292398	0.923976608187	0.909941520468	0.923976608187	0.922807017544	0.93216374269	0.963742690058	0.968421052632	0.957894736842	0.936842105263	0.955555555556	0.948538011696	0.953216374269	0.961403508772	0.969590643275	0.970760233918	0.980116959064	0.969590643275	0.975438596491	0.973099415205	0.978947368421	0.693567251462	0.552046783626	0.711111111111	0.691228070175	0.643274853801	0.624561403509	0.672514619883	0.625730994152
DC5	0.456140350877	0.456140350877	0.0	0.476023391813	0.508771929825	0.390643274854	0.439766081871	0.461988304094	0.6	0.694736842105	0.66081871345	0.764912280702	0.795321637427	0.812865497076	0.711111111111	0.626900584795	0.734502923977	0.795321637427	0.747368421053	0.608187134503	0.609356725146	0.645614035088	0.738011695906	0.711111111111	0.884210526316	0.881871345029	0.746198830409	0.73567251462	0.715789473684	0.746198830409	0.693567251462	0.755555555556	0.892397660819	0.876023391813	0.897076023392	0.911111111111	0.890058479532	0.902923976608	0.911111111111	0.920467836257	0.943859649123	0.94269005848	0.938011695906	0.884210526316	0.908771929825	0.897076023392	0.909941520468	0.936842105263	0.953216374269	0.957894736842	0.971929824561	0.949707602339	0.960233918129	0.949707602339	0.959064327485	0.692397660819	0.560233918129	0.691228070175	0.679532163743	0.611695906433	0.611695906433	0.66432748538	0.614035087719
DD5	0.376608187135	0.394152046784	0.476023391813	0.0	0.350877192982	0.438596491228	0.452631578947	0.409356725146	0.506432748538	0.555555555556	0.571929824561	0.73918128655	0.773099415205	0.824561403509	0.615204678363	0.550877192982	0.763742690058	0.781286549708	0.734502923977	0.625730994152	0.618713450292	0.684210526316	0.718128654971	0.754385964912	0.847953216374	0.847953216374	0.73216374269	0.747368421053	0.741520467836	0.733333333333	0.711111111111	0.74269005848	0.907602339181	0.895906432749	0.909941520468	0.922807017544	0.909941520468	0.919298245614	0.921637426901	0.921637426901	0.959064327485	0.960233918129	0.952046783626	0.938011695906	0.954385964912	0.93216374269	0.94269005848	0.961403508772	0.962573099415	0.963742690058	0.975438596491	0.966081871345	0.962573099415	0.962573099415	0.966081871345	0.743859649123	0.602339181287	0.749707602339	0.73216374269	0.630409356725	0.611695906433	0.720467836257	0.676023391813
DE5	0.418713450292	0.447953216374	0.508771929825	0.350877192982	0.0	0.476023391813	0.494736842105	0.432748538012	0.52865497076	0.564912280702	0.581286549708	0.766081871345	0.791812865497	0.836257309942	0.636257309942	0.568421052632	0.780116959064	0.804678362573	0.769590643275	0.65730994152	0.632748538012	0.692397660819	0.73918128655	0.775438596491	0.872514619883	0.880701754386	0.766081871345	0.750877192982	0.754385964912	0.770760233918	0.741520467836	0.774269005848	0.908771929825	0.897076023392	0.921637426901	0.927485380117	0.920467836257	0.923976608187	0.92865497076	0.936842105263	0.956725146199	0.961403508772	0.952046783626	0.941520467836	0.962573099415	0.947368421053	0.946198830409	0.959064327485	0.967251461988	0.969590643275	0.981286549708	0.975438596491	0.974269005848	0.970760233918	0.976608187135	0.757894736842	0.625730994152	0.769590643275	0.754385964912	0.649122807018	0.611695906433	0.743859649123	0.681871345029
DF5	0.418713450292	0.39649122807	0.390643274854	0.438596491228	0.476023391813	0.0	0.4	0.454970760234	0.577777777778	0.683040935673	0.647953216374	0.771929824561	0.8	0.823391812865	0.694736842105	0.604678362573	0.747368421053	0.787134502924	0.749707602339	0.623391812865	0.618713450292	0.669005847953	0.738011695906	0.740350877193	0.876023391813	0.876023391813	0.718128654971	0.740350877193	0.721637426901	0.72865497076	0.67485380117	0.715789473684	0.891228070175	0.884210526316	0.908771929825	0.915789473684	0.892397660819	0.913450292398	0.919298245614	0.926315789474	0.946198830409	0.946198830409	0.934502923977	0.914619883041	0.93567251462	0.907602339181	0.921637426901	0.94269005848	0.960233918129	0.964912280702	0.973099415205	0.962573099415	0.962573099415	0.961403508772	0.966081871345	0.67485380117	0.52514619883	0.680701754386	0.669005847953	0.628070175439	0.605847953216	0.642105263158	0.595321637427
DG5	0.431578947368	0.395321637427	0.439766081871	0.452631578947	0.494736842105	0.4	0.0	0.431578947368	0.562573099415	0.670175438596	0.67134502924	0.72865497076	0.760233918129	0.823391812865	0.690058479532	0.585964912281	0.760233918129	0.782456140351	0.73918128655	0.626900584795	0.632748538012	0.692397660819	0.718128654971	0.747368421053	0.851461988304	0.843274853801	0.683040935673	0.726315789474	0.706432748538	0.693567251462	0.588304093567	0.673684210526	0.904093567251	0.894736842105	0.905263157895	0.920467836257	0.902923976608	0.912280701754	0.922807017544	0.926315789474	0.960233918129	0.955555555556	0.948538011696	0.93567251462	0.959064327485	0.927485380117	0.936842105263	0.956725146199	0.961403508772	0.963742690058	0.977777777778	0.966081871345	0.955555555556	0.956725146199	0.966081871345	0.631578947368	0.520467836257	0.680701754386	0.661988304094	0.630409356725	0.632748538012	0.614035087719	0.581286549708
DH5	0.362573099415	0.408187134503	0.461988304094	0.409356725146	0.432748538012	0.454970760234	0.431578947368	0.0	0.515789473684	0.602339181287	0.585964912281	0.699415204678	0.748538011696	0.794152046784	0.611695906433	0.557894736842	0.746198830409	0.774269005848	0.73567251462	0.623391812865	0.625730994152	0.679532163743	0.712280701754	0.750877192982	0.824561403509	0.824561403509	0.688888888889	0.706432748538	0.698245614035	0.693567251462	0.658479532164	0.702923976608	0.911111111111	0.887719298246	0.899415204678	0.919298245614	0.916959064327	0.900584795322	0.926315789474	0.920467836257	0.960233918129	0.961403508772	0.949707602339	0.941520467836	0.967251461988	0.93567251462	0.92865497076	0.957894736842	0.943859649123	0.954385964912	0.978947368421	0.957894736842	0.962573099415	0.940350877193	0.945029239766	0.692397660819	0.574269005848	0.697076023392	0.677192982456	0.60701754386	0.597660818713	0.690058479532	0.608187134503
DA2	0.52865497076	0.522807017544	0.6	0.506432748538	0.52865497076	0.577777777778	0.562573099415	0.515789473684	0.0	0.59298245614	0.54269005848	0.678362573099	0.719298245614	0.752046783626	0.575438596491	0.428070175439	0.720467836257	0.729824561404	0.73918128655	0.59298245614	0.59649122807	0.694736842105	0.649122807018	0.74269005848	0.781286549708	0.770760233918	0.734502923977	0.718128654971	0.716959064327	0.727485380117	0.706432748538	0.750877192982	0.919298245614	0.915789473684	0.908771929825	0.922807017544	0.898245614035	0.888888888889	0.934502923977	0.927485380117	0.898245614035	0.911111111111	0.906432748538	0.915789473684	0.959064327485	0.850292397661	0.894736842105	0.897076023392	0.909941520468	0.93216374269	0.953216374269	0.912280701754	0.934502923977	0.901754385965	0.897076023392	0.752046783626	0.626900584795	0.72865497076	0.706432748538	0.617543859649	0.573099415205	0.730994152047	0.653801169591
DB2	0.609356725146	0.642105263158	0.694736842105	0.555555555556	0.564912280702	0.683040935673	0.670175438596	0.602339181287	0.59298245614	0.0	0.515789473684	0.649122807018	0.666666666667	0.688888888889	0.47134502924	0.642105263158	0.769590643275	0.833918128655	0.749707602339	0.740350877193	0.762573099415	0.770760233918	0.760233918129	0.733333333333	0.839766081871	0.828070175439	0.894736842105	0.8	0.814035087719	0.887719298246	0.824561403509	0.912280701754	0.902923976608	0.897076023392	0.884210526316	0.93918128655	0.920467836257	0.887719298246	0.93567251462	0.922807017544	0.983625730994	0.971929824561	0.956725146199	0.954385964912	0.982456140351	0.936842105263	0.930994152047	0.971929824561	0.898245614035	0.93216374269	0.961403508772	0.915789473684	0.938011695906	0.887719298246	0.856140350877	0.866666666667	0.736842105263	0.783625730994	0.768421052632	0.686549707602	0.707602339181	0.847953216374	0.72514619883
DC2	0.587134502924	0.650292397661	0.66081871345	0.571929824561	0.581286549708	0.647953216374	0.67134502924	0.585964912281	0.54269005848	0.515789473684	0.0	0.633918128655	0.643274853801	0.631578947368	0.502923976608	0.597660818713	0.635087719298	0.790643274854	0.72865497076	0.707602339181	0.754385964912	0.73567251462	0.73918128655	0.67485380117	0.837426900585	0.815204678363	0.866666666667	0.722807017544	0.745029239766	0.853801169591	0.74269005848	0.883040935673	0.904093567251	0.899415204678	0.894736842105	0.934502923977	0.918128654971	0.883040935673	0.94269005848	0.929824561404	0.961403508772	0.950877192982	0.936842105263	0.92865497076	0.960233918129	0.921637426901	0.915789473684	0.948538011696	0.870175438596	0.891228070175	0.919298245614	0.878362573099	0.893567251462	0.858479532164	0.805847953216	0.810526315789	0.680701754386	0.701754385965	0.693567251462	0.615204678363	0.649122807018	0.788304093567	0.678362573099
DD2	0.726315789474	0.743859649123	0.764912280702	0.73918128655	0.766081871345	0.771929824561	0.72865497076	0.699415204678	0.678362573099	0.649122807018	0.633918128655	0.0	0.492397660819	0.543859649123	0.577777777778	0.693567251462	0.637426900585	0.747368421053	0.681871345029	0.718128654971	0.745029239766	0.743859649123	0.676023391813	0.65730994152	0.762573099415	0.748538011696	0.829239766082	0.733333333333	0.776608187135	0.818713450292	0.789473684211	0.845614035088	0.885380116959	0.885380116959	0.86081871345	0.916959064327	0.902923976608	0.85730994152	0.919298245614	0.908771929825	0.968421052632	0.959064327485	0.94269005848	0.93918128655	0.971929824561	0.920467836257	0.918128654971	0.955555555556	0.894736842105	0.918128654971	0.954385964912	0.902923976608	0.929824561404	0.870175438596	0.804678362573	0.86783625731	0.828070175439	0.676023391813	0.679532163743	0.691228070175	0.816374269006	0.863157894737	0.729824561404
DE2	0.769590643275	0.785964912281	0.795321637427	0.773099415205	0.791812865497	0.8	0.760233918129	0.748538011696	0.719298245614	0.666666666667	0.643274853801	0.492397660819	0.0	0.550877192982	0.585964912281	0.740350877193	0.67134502924	0.797660818713	0.693567251462	0.74269005848	0.774269005848	0.766081871345	0.750877192982	0.679532163743	0.815204678363	0.80701754386	0.880701754386	0.767251461988	0.797660818713	0.879532163743	0.812865497076	0.895906432749	0.907602339181	0.907602339181	0.880701754386	0.922807017544	0.905263157895	0.866666666667	0.93216374269	0.916959064327	0.978947368421	0.966081871345	0.948538011696	0.954385964912	0.973099415205	0.926315789474	0.933333333333	0.969590643275	0.905263157895	0.929824561404	0.961403508772	0.913450292398	0.938011695906	0.887719298246	0.804678362573	0.873684210526	0.835087719298	0.680701754386	0.680701754386	0.698245614035	0.821052631579	0.869005847953	0.741520467836
DF2	0.829239766082	0.840935672515	0.812865497076	0.824561403509	0.836257309942	0.823391812865	0.823391812865	0.794152046784	0.752046783626	0.688888888889	0.631578947368	0.543859649123	0.550877192982	0.0	0.590643274854	0.790643274854	0.686549707602	0.853801169591	0.749707602339	0.818713450292	0.842105263158	0.8	0.797660818713	0.699415204678	0.854970760234	0.861988304094	0.926315789474	0.783625730994	0.805847953216	0.921637426901	0.839766081871	0.945029239766	0.940350877193	0.926315789474	0.898245614035	0.94269005848	0.930994152047	0.890058479532	0.950877192982	0.945029239766	0.981286549708	0.962573099415	0.952046783626	0.948538011696	0.981286549708	0.93918128655	0.927485380117	0.973099415205	0.892397660819	0.927485380117	0.948538011696	0.899415204678	0.930994152047	0.872514619883	0.795321637427	0.866666666667	0.836257309942	0.670175438596	0.659649122807	0.695906432749	0.812865497076	0.853801169591	0.73918128655
DG2	0.635087719298	0.663157894737	0.711111111111	0.615204678363	0.636257309942	0.694736842105	0.690058479532	0.611695906433	0.575438596491	0.47134502924	0.502923976608	0.577777777778	0.585964912281	0.590643274854	0.0	0.633918128655	0.700584795322	0.815204678363	0.716959064327	0.748538011696	0.780116959064	0.767251461988	0.755555555556	0.693567251462	0.835087719298	0.831578947368	0.892397660819	0.776608187135	0.79649122807	0.880701754386	0.812865497076	0.905263157895	0.921637426901	0.919298245614	0.897076023392	0.941520467836	0.936842105263	0.891228070175	0.946198830409	0.92514619883	0.984795321637	0.974269005848	0.956725146199	0.957894736842	0.975438596491	0.93567251462	0.933333333333	0.981286549708	0.881871345029	0.918128654971	0.950877192982	0.893567251462	0.934502923977	0.865497076023	0.791812865497	0.873684210526	0.752046783626	0.720467836257	0.706432748538	0.637426900585	0.713450292398	0.866666666667	0.721637426901
DH2	0.566081871345	0.564912280702	0.626900584795	0.550877192982	0.568421052632	0.604678362573	0.585964912281	0.557894736842	0.428070175439	0.642105263158	0.597660818713	0.693567251462	0.740350877193	0.790643274854	0.633918128655	0.0	0.769590643275	0.715789473684	0.764912280702	0.647953216374	0.672514619883	0.711111111111	0.67485380117	0.776608187135	0.697076023392	0.693567251462	0.66783625731	0.771929824561	0.769590643275	0.65730994152	0.753216374269	0.676023391813	0.923976608187	0.921637426901	0.923976608187	0.930994152047	0.916959064327	0.92514619883	0.941520467836	0.934502923977	0.963742690058	0.950877192982	0.936842105263	0.934502923977	0.963742690058	0.929824561404	0.921637426901	0.952046783626	0.93567251462	0.94269005848	0.960233918129	0.933333333333	0.946198830409	0.929824561404	0.933333333333	0.790643274854	0.666666666667	0.795321637427	0.780116959064	0.693567251462	0.636257309942	0.774269005848	0.715789473684
DA1	0.752046783626	0.790643274854	0.734502923977	0.763742690058	0.780116959064	0.747368421053	0.760233918129	0.746198830409	0.720467836257	0.769590643275	0.635087719298	0.637426900585	0.67134502924	0.686549707602	0.700584795322	0.769590643275	0.0	0.629239766082	0.65730994152	0.701754385965	0.726315789474	0.686549707602	0.73216374269	0.554385964912	0.812865497076	0.797660818713	0.819883040936	0.647953216374	0.681871345029	0.821052631579	0.670175438596	0.842105263158	0.892397660819	0.904093567251	0.879532163743	0.918128654971	0.886549707602	0.86432748538	0.923976608187	0.915789473684	0.954385964912	0.946198830409	0.93216374269	0.899415204678	0.92865497076	0.890058479532	0.909941520468	0.943859649123	0.757894736842	0.781286549708	0.810526315789	0.767251461988	0.783625730994	0.73567251462	0.677192982456	0.80350877193	0.814035087719	0.631578947368	0.658479532164	0.705263157895	0.797660818713	0.8	0.729824561404
DB1	0.753216374269	0.777777777778	0.795321637427	0.781286549708	0.804678362573	0.787134502924	0.782456140351	0.774269005848	0.729824561404	0.833918128655	0.790643274854	0.747368421053	0.797660818713	0.853801169591	0.815204678363	0.715789473684	0.629239766082	0.0	0.691228070175	0.647953216374	0.67134502924	0.700584795322	0.516959064327	0.693567251462	0.740350877193	0.755555555556	0.787134502924	0.804678362573	0.824561403509	0.79298245614	0.790643274854	0.802339181287	0.886549707602	0.878362573099	0.895906432749	0.891228070175	0.869005847953	0.887719298246	0.904093567251	0.902923976608	0.812865497076	0.815204678363	0.80701754386	0.795321637427	0.821052631579	0.783625730994	0.80701754386	0.812865497076	0.730994152047	0.727485380117	0.749707602339	0.73216374269	0.743859649123	0.719298245614	0.740350877193	0.840935672515	0.85730994152	0.87134502924	0.865497076023	0.87134502924	0.809356725146	0.865497076023	0.836257309942
DC1	0.73918128655	0.759064327485	0.747368421053	0.734502923977	0.769590643275	0.749707602339	0.73918128655	0.73567251462	0.73918128655	0.749707602339	0.72865497076	0.681871345029	0.693567251462	0.749707602339	0.716959064327	0.764912280702	0.65730994152	0.691228070175	0.0	0.564912280702	0.597660818713	0.458479532164	0.60350877193	0.502923976608	0.797660818713	0.774269005848	0.835087719298	0.741520467836	0.763742690058	0.853801169591	0.768421052632	0.86432748538	0.752046783626	0.747368421053	0.730994152047	0.755555555556	0.72514619883	0.702923976608	0.768421052632	0.752046783626	0.920467836257	0.921637426901	0.900584795322	0.887719298246	0.905263157895	0.865497076023	0.892397660819	0.911111111111	0.907602339181	0.938011695906	0.962573099415	0.92865497076	0.943859649123	0.888888888889	0.865497076023	0.791812865497	0.79649122807	0.748538011696	0.72865497076	0.72865497076	0.778947368421	0.812865497076	0.760233918129
DD1	0.610526315789	0.632748538012	0.608187134503	0.625730994152	0.65730994152	0.623391812865	0.626900584795	0.623391812865	0.59298245614	0.740350877193	0.707602339181	0.718128654971	0.74269005848	0.818713450292	0.748538011696	0.647953216374	0.701754385965	0.647953216374	0.564912280702	0.0	0.336842105263	0.481871345029	0.47485380117	0.569590643275	0.805847953216	0.805847953216	0.794152046784	0.778947368421	0.79298245614	0.8	0.778947368421	0.810526315789	0.819883040936	0.817543859649	0.819883040936	0.838596491228	0.808187134503	0.830409356725	0.842105263158	0.839766081871	0.822222222222	0.879532163743	0.891228070175	0.865497076023	0.892397660819	0.804678362573	0.895906432749	0.86081871345	0.946198830409	0.947368421053	0.969590643275	0.948538011696	0.957894736842	0.93918128655	0.955555555556	0.778947368421	0.714619883041	0.791812865497	0.788304093567	0.726315789474	0.686549707602	0.774269005848	0.708771929825
DE1	0.611695906433	0.625730994152	0.609356725146	0.618713450292	0.632748538012	0.618713450292	0.632748538012	0.625730994152	0.59649122807	0.762573099415	0.754385964912	0.745029239766	0.774269005848	0.842105263158	0.780116959064	0.672514619883	0.726315789474	0.67134502924	0.597660818713	0.336842105263	0.0	0.520467836257	0.490058479532	0.611695906433	0.850292397661	0.842105263158	0.776608187135	0.774269005848	0.784795321637	0.777777777778	0.777777777778	0.775438596491	0.842105263158	0.826900584795	0.852631578947	0.851461988304	0.830409356725	0.859649122807	0.86432748538	0.863157894737	0.762573099415	0.888888888889	0.909941520468	0.881871345029	0.907602339181	0.831578947368	0.916959064327	0.87485380117	0.971929824561	0.964912280702	0.981286549708	0.974269005848	0.974269005848	0.953216374269	0.981286549708	0.761403508772	0.706432748538	0.785964912281	0.775438596491	0.718128654971	0.690058479532	0.752046783626	0.702923976608
DF1	0.686549707602	0.694736842105	0.645614035088	0.684210526316	0.692397660819	0.669005847953	0.692397660819	0.679532163743	0.694736842105	0.770760233918	0.73567251462	0.743859649123	0.766081871345	0.8	0.767251461988	0.711111111111	0.686549707602	0.700584795322	0.458479532164	0.481871345029	0.520467836257	0.0	0.610526315789	0.504093567251	0.836257309942	0.830409356725	0.818713450292	0.778947368421	0.794152046784	0.831578947368	0.782456140351	0.843274853801	0.770760233918	0.747368421053	0.743859649123	0.747368421053	0.723976608187	0.729824561404	0.770760233918	0.762573099415	0.953216374269	0.956725146199	0.940350877193	0.911111111111	0.92514619883	0.905263157895	0.927485380117	0.946198830409	0.930994152047	0.93567251462	0.967251461988	0.940350877193	0.949707602339	0.912280701754	0.93216374269	0.775438596491	0.755555555556	0.773099415205	0.768421052632	0.730994152047	0.736842105263	0.770760233918	0.722807017544
DG1	0.704093567251	0.729824561404	0.738011695906	0.718128654971	0.73918128655	0.738011695906	0.718128654971	0.712280701754	0.649122807018	0.760233918129	0.73918128655	0.676023391813	0.750877192982	0.797660818713	0.755555555556	0.67485380117	0.73216374269	0.516959064327	0.60350877193	0.47485380117	0.490058479532	0.610526315789	0.0	0.637426900585	0.704093567251	0.722807017544	0.759064327485	0.80350877193	0.809356725146	0.769590643275	0.794152046784	0.782456140351	0.851461988304	0.842105263158	0.856140350877	0.870175438596	0.836257309942	0.853801169591	0.87485380117	0.87134502924	0.833918128655	0.863157894737	0.87485380117	0.888888888889	0.908771929825	0.80350877193	0.881871345029	0.851461988304	0.915789473684	0.907602339181	0.92865497076	0.922807017544	0.909941520468	0.892397660819	0.915789473684	0.830409356725	0.797660818713	0.853801169591	0.850292397661	0.814035087719	0.768421052632	0.818713450292	0.781286549708
DH1	0.763742690058	0.775438596491	0.711111111111	0.754385964912	0.775438596491	0.740350877193	0.747368421053	0.750877192982	0.74269005848	0.733333333333	0.67485380117	0.65730994152	0.679532163743	0.699415204678	0.693567251462	0.776608187135	0.554385964912	0.693567251462	0.502923976608	0.569590643275	0.611695906433	0.504093567251	0.637426900585	0.0	0.814035087719	0.798830409357	0.865497076023	0.719298245614	0.73216374269	0.869005847953	0.74269005848	0.890058479532	0.843274853801	0.845614035088	0.814035087719	0.850292397661	0.821052631579	0.801169590643	0.858479532164	0.850292397661	0.947368421053	0.94269005848	0.929824561404	0.883040935673	0.911111111111	0.893567251462	0.908771929825	0.936842105263	0.876023391813	0.894736842105	0.923976608187	0.881871345029	0.897076023392	0.858479532164	0.804678362573	0.830409356725	0.829239766082	0.713450292398	0.708771929825	0.733333333333	0.821052631579	0.821052631579	0.763742690058
DA4	0.837426900585	0.853801169591	0.884210526316	0.847953216374	0.872514619883	0.876023391813	0.851461988304	0.824561403509	0.781286549708	0.839766081871	0.837426900585	0.762573099415	0.815204678363	0.854970760234	0.835087719298	0.697076023392	0.812865497076	0.740350877193	0.797660818713	0.805847953216	0.850292397661	0.836257309942	0.704093567251	0.814035087719	0.0	0.395321637427	0.538011695906	0.72865497076	0.73918128655	0.505263157895	0.808187134503	0.52514619883	0.946198830409	0.947368421053	0.934502923977	0.960233918129	0.94269005848	0.926315789474	0.955555555556	0.952046783626	0.962573099415	0.948538011696	0.938011695906	0.949707602339	0.962573099415	0.92514619883	0.92514619883	0.950877192982	0.920467836257	0.934502923977	0.955555555556	0.93216374269	0.934502923977	0.92514619883	0.915789473684	0.898245614035	0.909941520468	0.859649122807	0.86432748538	0.87485380117	0.892397660819	0.904093567251	0.877192982456
DB4	0.835087719298	0.852631578947	0.881871345029	0.847953216374	0.880701754386	0.876023391813	0.843274853801	0.824561403509	0.770760233918	0.828070175439	0.815204678363	0.748538011696	0.80701754386	0.861988304094	0.831578947368	0.693567251462	0.797660818713	0.755555555556	0.774269005848	0.805847953216	0.842105263158	0.830409356725	0.722807017544	0.798830409357	0.395321637427	0.0	0.536842105263	0.720467836257	0.752046783626	0.511111111111	0.801169590643	0.516959064327	0.94269005848	0.953216374269	0.938011695906	0.968421052632	0.946198830409	0.916959064327	0.963742690058	0.952046783626	0.960233918129	0.950877192982	0.933333333333	0.941520467836	0.955555555556	0.916959064327	0.927485380117	0.952046783626	0.923976608187	0.943859649123	0.957894736842	0.93216374269	0.947368421053	0.918128654971	0.909941520468	0.887719298246	0.897076023392	0.843274853801	0.845614035088	0.86081871345	0.878362573099	0.893567251462	0.856140350877
DC4	0.684210526316	0.686549707602	0.746198830409	0.73216374269	0.766081871345	0.718128654971	0.683040935673	0.688888888889	0.734502923977	0.894736842105	0.866666666667	0.829239766082	0.880701754386	0.926315789474	0.892397660819	0.66783625731	0.819883040936	0.787134502924	0.835087719298	0.794152046784	0.776608187135	0.818713450292	0.759064327485	0.865497076023	0.538011695906	0.536842105263	0.0	0.736842105263	0.720467836257	0.315789473684	0.679532163743	0.315789473684	0.971929824561	0.966081871345	0.963742690058	0.970760233918	0.966081871345	0.953216374269	0.969590643275	0.966081871345	0.980116959064	0.980116959064	0.974269005848	0.977777777778	0.977777777778	0.969590643275	0.969590643275	0.982456140351	0.970760233918	0.968421052632	0.981286549708	0.975438596491	0.975438596491	0.967251461988	0.971929824561	0.753216374269	0.764912280702	0.750877192982	0.750877192982	0.798830409357	0.829239766082	0.760233918129	0.753216374269
DD4	0.73216374269	0.747368421053	0.73567251462	0.747368421053	0.750877192982	0.740350877193	0.726315789474	0.706432748538	0.718128654971	0.8	0.722807017544	0.733333333333	0.767251461988	0.783625730994	0.776608187135	0.771929824561	0.647953216374	0.804678362573	0.741520467836	0.778947368421	0.774269005848	0.778947368421	0.80350877193	0.719298245614	0.72865497076	0.720467836257	0.736842105263	0.0	0.442105263158	0.734502923977	0.643274853801	0.757894736842	0.93567251462	0.927485380117	0.908771929825	0.946198830409	0.926315789474	0.891228070175	0.945029239766	0.945029239766	0.950877192982	0.947368421053	0.93216374269	0.929824561404	0.962573099415	0.915789473684	0.909941520468	0.936842105263	0.881871345029	0.907602339181	0.933333333333	0.891228070175	0.906432748538	0.876023391813	0.847953216374	0.770760233918	0.785964912281	0.669005847953	0.676023391813	0.687719298246	0.778947368421	0.763742690058	0.705263157895
DE4	0.719298245614	0.723976608187	0.715789473684	0.741520467836	0.754385964912	0.721637426901	0.706432748538	0.698245614035	0.716959064327	0.814035087719	0.745029239766	0.776608187135	0.797660818713	0.805847953216	0.79649122807	0.769590643275	0.681871345029	0.824561403509	0.763742690058	0.79298245614	0.784795321637	0.794152046784	0.809356725146	0.73216374269	0.73918128655	0.752046783626	0.720467836257	0.442105263158	0.0	0.718128654971	0.602339181287	0.734502923977	0.93918128655	0.936842105263	0.916959064327	0.945029239766	0.92514619883	0.897076023392	0.936842105263	0.94269005848	0.953216374269	0.93216374269	0.927485380117	0.920467836257	0.962573099415	0.905263157895	0.891228070175	0.938011695906	0.888888888889	0.915789473684	0.936842105263	0.883040935673	0.908771929825	0.894736842105	0.86081871345	0.747368421053	0.761403508772	0.684210526316	0.677192982456	0.709941520468	0.784795321637	0.743859649123	0.708771929825
DF4	0.685380116959	0.687719298246	0.746198830409	0.733333333333	0.770760233918	0.72865497076	0.693567251462	0.693567251462	0.727485380117	0.887719298246	0.853801169591	0.818713450292	0.879532163743	0.921637426901	0.880701754386	0.65730994152	0.821052631579	0.79298245614	0.853801169591	0.8	0.777777777778	0.831578947368	0.769590643275	0.869005847953	0.505263157895	0.511111111111	0.315789473684	0.734502923977	0.718128654971	0.0	0.678362573099	0.304093567251	0.974269005848	0.969590643275	0.962573099415	0.974269005848	0.968421052632	0.961403508772	0.971929824561	0.966081871345	0.982456140351	0.980116959064	0.974269005848	0.975438596491	0.976608187135	0.969590643275	0.963742690058	0.983625730994	0.960233918129	0.957894736842	0.973099415205	0.964912280702	0.963742690058	0.966081871345	0.962573099415	0.757894736842	0.769590643275	0.759064327485	0.760233918129	0.802339181287	0.828070175439	0.768421052632	0.759064327485
DG4	0.67485380117	0.66432748538	0.693567251462	0.711111111111	0.741520467836	0.67485380117	0.588304093567	0.658479532164	0.706432748538	0.824561403509	0.74269005848	0.789473684211	0.812865497076	0.839766081871	0.812865497076	0.753216374269	0.670175438596	0.790643274854	0.768421052632	0.778947368421	0.777777777778	0.782456140351	0.794152046784	0.74269005848	0.808187134503	0.801169590643	0.679532163743	0.643274853801	0.602339181287	0.678362573099	0.0	0.679532163743	0.94269005848	0.933333333333	0.918128654971	0.952046783626	0.920467836257	0.897076023392	0.93567251462	0.93918128655	0.957894736842	0.93918128655	0.938011695906	0.922807017544	0.967251461988	0.914619883041	0.898245614035	0.93216374269	0.865497076023	0.886549707602	0.906432748538	0.86432748538	0.873684210526	0.873684210526	0.863157894737	0.609356725146	0.702923976608	0.66783625731	0.661988304094	0.746198830409	0.789473684211	0.601169590643	0.658479532164
DH4	0.694736842105	0.67485380117	0.755555555556	0.74269005848	0.774269005848	0.715789473684	0.673684210526	0.702923976608	0.750877192982	0.912280701754	0.883040935673	0.845614035088	0.895906432749	0.945029239766	0.905263157895	0.676023391813	0.842105263158	0.802339181287	0.86432748538	0.810526315789	0.775438596491	0.843274853801	0.782456140351	0.890058479532	0.52514619883	0.516959064327	0.315789473684	0.757894736842	0.734502923977	0.304093567251	0.679532163743	0.0	0.974269005848	0.973099415205	0.975438596491	0.974269005848	0.971929824561	0.973099415205	0.978947368421	0.978947368421	0.981286549708	0.977777777778	0.981286549708	0.976608187135	0.980116959064	0.975438596491	0.970760233918	0.983625730994	0.985964912281	0.985964912281	0.989473684211	0.985964912281	0.985964912281	0.988304093567	0.991812865497	0.745029239766	0.755555555556	0.757894736842	0.752046783626	0.819883040936	0.836257309942	0.748538011696	0.748538011696
DA6	0.905263157895	0.907602339181	0.892397660819	0.907602339181	0.908771929825	0.891228070175	0.904093567251	0.911111111111	0.919298245614	0.902923976608	0.904093567251	0.885380116959	0.907602339181	0.940350877193	0.921637426901	0.923976608187	0.892397660819	0.886549707602	0.752046783626	0.819883040936	0.842105263158	0.770760233918	0.851461988304	0.843274853801	0.946198830409	0.94269005848	0.971929824561	0.93567251462	0.93918128655	0.974269005848	0.94269005848	0.974269005848	0.0	0.306432748538	0.327485380117	0.359064327485	0.336842105263	0.374269005848	0.33918128655	0.376608187135	0.890058479532	0.893567251462	0.886549707602	0.905263157895	0.929824561404	0.899415204678	0.86432748538	0.879532163743	0.957894736842	0.92865497076	0.962573099415	0.957894736842	0.941520467836	0.923976608187	0.967251461988	0.907602339181	0.873684210526	0.897076023392	0.912280701754	0.895906432749	0.87485380117	0.878362573099	0.87134502924
DB6	0.893567251462	0.897076023392	0.876023391813	0.895906432749	0.897076023392	0.884210526316	0.894736842105	0.887719298246	0.915789473684	0.897076023392	0.899415204678	0.885380116959	0.907602339181	0.926315789474	0.919298245614	0.921637426901	0.904093567251	0.878362573099	0.747368421053	0.817543859649	0.826900584795	0.747368421053	0.842105263158	0.845614035088	0.947368421053	0.953216374269	0.966081871345	0.927485380117	0.936842105263	0.969590643275	0.933333333333	0.973099415205	0.306432748538	0.0	0.318128654971	0.340350877193	0.34269005848	0.353216374269	0.326315789474	0.367251461988	0.913450292398	0.902923976608	0.900584795322	0.906432748538	0.933333333333	0.900584795322	0.878362573099	0.906432748538	0.953216374269	0.918128654971	0.964912280702	0.948538011696	0.946198830409	0.923976608187	0.974269005848	0.878362573099	0.86783625731	0.885380116959	0.892397660819	0.881871345029	0.876023391813	0.869005847953	0.866666666667
DC6	0.916959064327	0.913450292398	0.897076023392	0.909941520468	0.921637426901	0.908771929825	0.905263157895	0.899415204678	0.908771929825	0.884210526316	0.894736842105	0.86081871345	0.880701754386	0.898245614035	0.897076023392	0.923976608187	0.879532163743	0.895906432749	0.730994152047	0.819883040936	0.852631578947	0.743859649123	0.856140350877	0.814035087719	0.934502923977	0.938011695906	0.963742690058	0.908771929825	0.916959064327	0.962573099415	0.918128654971	0.975438596491	0.327485380117	0.318128654971	0.0	0.354385964912	0.336842105263	0.330994152047	0.341520467836	0.361403508772	0.920467836257	0.915789473684	0.906432748538	0.926315789474	0.943859649123	0.897076023392	0.884210526316	0.907602339181	0.92865497076	0.912280701754	0.953216374269	0.92865497076	0.934502923977	0.902923976608	0.940350877193	0.894736842105	0.885380116959	0.872514619883	0.878362573099	0.86081871345	0.870175438596	0.879532163743	0.866666666667
DD6	0.920467836257	0.923976608187	0.911111111111	0.922807017544	0.927485380117	0.915789473684	0.920467836257	0.919298245614	0.922807017544	0.93918128655	0.934502923977	0.916959064327	0.922807017544	0.94269005848	0.941520467836	0.930994152047	0.918128654971	0.891228070175	0.755555555556	0.838596491228	0.851461988304	0.747368421053	0.870175438596	0.850292397661	0.960233918129	0.968421052632	0.970760233918	0.946198830409	0.945029239766	0.974269005848	0.952046783626	0.974269005848	0.359064327485	0.340350877193	0.354385964912	0.0	0.33918128655	0.380116959064	0.290058479532	0.384795321637	0.919298245614	0.915789473684	0.911111111111	0.916959064327	0.938011695906	0.906432748538	0.900584795322	0.912280701754	0.957894736842	0.930994152047	0.968421052632	0.959064327485	0.954385964912	0.930994152047	0.975438596491	0.886549707602	0.87134502924	0.879532163743	0.912280701754	0.869005847953	0.869005847953	0.861988304094	0.884210526316
DE6	0.914619883041	0.909941520468	0.890058479532	0.909941520468	0.920467836257	0.892397660819	0.902923976608	0.916959064327	0.898245614035	0.920467836257	0.918128654971	0.902923976608	0.905263157895	0.930994152047	0.936842105263	0.916959064327	0.886549707602	0.869005847953	0.72514619883	0.808187134503	0.830409356725	0.723976608187	0.836257309942	0.821052631579	0.94269005848	0.946198830409	0.966081871345	0.926315789474	0.92514619883	0.968421052632	0.920467836257	0.971929824561	0.336842105263	0.34269005848	0.336842105263	0.33918128655	0.0	0.359064327485	0.338011695906	0.369590643275	0.897076023392	0.898245614035	0.881871345029	0.894736842105	0.916959064327	0.87134502924	0.863157894737	0.878362573099	0.945029239766	0.919298245614	0.953216374269	0.941520467836	0.92514619883	0.916959064327	0.961403508772	0.881871345029	0.863157894737	0.881871345029	0.897076023392	0.870175438596	0.856140350877	0.86081871345	0.863157894737
DF6	0.921637426901	0.923976608187	0.902923976608	0.919298245614	0.923976608187	0.913450292398	0.912280701754	0.900584795322	0.888888888889	0.887719298246	0.883040935673	0.85730994152	0.866666666667	0.890058479532	0.891228070175	0.92514619883	0.86432748538	0.887719298246	0.702923976608	0.830409356725	0.859649122807	0.729824561404	0.853801169591	0.801169590643	0.926315789474	0.916959064327	0.953216374269	0.891228070175	0.897076023392	0.961403508772	0.897076023392	0.973099415205	0.374269005848	0.353216374269	0.330994152047	0.380116959064	0.359064327485	0.0	0.366081871345	0.364912280702	0.934502923977	0.930994152047	0.912280701754	0.923976608187	0.934502923977	0.895906432749	0.887719298246	0.922807017544	0.914619883041	0.908771929825	0.961403508772	0.922807017544	0.940350877193	0.883040935673	0.920467836257	0.902923976608	0.913450292398	0.854970760234	0.861988304094	0.870175438596	0.890058479532	0.904093567251	0.86432748538
DG6	0.923976608187	0.922807017544	0.911111111111	0.921637426901	0.92865497076	0.919298245614	0.922807017544	0.926315789474	0.934502923977	0.93567251462	0.94269005848	0.919298245614	0.93216374269	0.950877192982	0.946198830409	0.941520467836	0.923976608187	0.904093567251	0.768421052632	0.842105263158	0.86432748538	0.770760233918	0.87485380117	0.858479532164	0.955555555556	0.963742690058	0.969590643275	0.945029239766	0.936842105263	0.971929824561	0.93567251462	0.978947368421	0.33918128655	0.326315789474	0.341520467836	0.290058479532	0.338011695906	0.366081871345	0.0	0.362573099415	0.915789473684	0.916959064327	0.901754385965	0.926315789474	0.938011695906	0.900584795322	0.894736842105	0.902923976608	0.948538011696	0.921637426901	0.961403508772	0.948538011696	0.93918128655	0.927485380117	0.966081871345	0.916959064327	0.900584795322	0.912280701754	0.923976608187	0.905263157895	0.900584795322	0.899415204678	0.900584795322
DH6	0.926315789474	0.93216374269	0.920467836257	0.921637426901	0.936842105263	0.926315789474	0.926315789474	0.920467836257	0.927485380117	0.922807017544	0.929824561404	0.908771929825	0.916959064327	0.945029239766	0.92514619883	0.934502923977	0.915789473684	0.902923976608	0.752046783626	0.839766081871	0.863157894737	0.762573099415	0.87134502924	0.850292397661	0.952046783626	0.952046783626	0.966081871345	0.945029239766	0.94269005848	0.966081871345	0.93918128655	0.978947368421	0.376608187135	0.367251461988	0.361403508772	0.384795321637	0.369590643275	0.364912280702	0.362573099415	0.0	0.921637426901	0.927485380117	0.914619883041	0.923976608187	0.941520467836	0.907602339181	0.892397660819	0.914619883041	0.920467836257	0.888888888889	0.952046783626	0.938011695906	0.943859649123	0.863157894737	0.890058479532	0.908771929825	0.908771929825	0.908771929825	0.911111111111	0.897076023392	0.904093567251	0.906432748538	0.899415204678
DA7	0.956725146199	0.963742690058	0.943859649123	0.959064327485	0.956725146199	0.946198830409	0.960233918129	0.960233918129	0.898245614035	0.983625730994	0.961403508772	0.968421052632	0.978947368421	0.981286549708	0.984795321637	0.963742690058	0.954385964912	0.812865497076	0.920467836257	0.822222222222	0.762573099415	0.953216374269	0.833918128655	0.947368421053	0.962573099415	0.960233918129	0.980116959064	0.950877192982	0.953216374269	0.982456140351	0.957894736842	0.981286549708	0.890058479532	0.913450292398	0.920467836257	0.919298245614	0.897076023392	0.934502923977	0.915789473684	0.921637426901	0.0	0.421052631579	0.445614035088	0.504093567251	0.661988304094	0.388304093567	0.491228070175	0.371929824561	0.975438596491	0.950877192982	0.974269005848	0.968421052632	0.964912280702	0.959064327485	0.990643274854	0.850292397661	0.821052631579	0.938011695906	0.950877192982	0.907602339181	0.768421052632	0.894736842105	0.847953216374
DB7	0.955555555556	0.968421052632	0.94269005848	0.960233918129	0.961403508772	0.946198830409	0.955555555556	0.961403508772	0.911111111111	0.971929824561	0.950877192982	0.959064327485	0.966081871345	0.962573099415	0.974269005848	0.950877192982	0.946198830409	0.815204678363	0.921637426901	0.879532163743	0.888888888889	0.956725146199	0.863157894737	0.94269005848	0.948538011696	0.950877192982	0.980116959064	0.947368421053	0.93216374269	0.980116959064	0.93918128655	0.977777777778	0.893567251462	0.902923976608	0.915789473684	0.915789473684	0.898245614035	0.930994152047	0.916959064327	0.927485380117	0.421052631579	0.0	0.326315789474	0.486549707602	0.644444444444	0.398830409357	0.447953216374	0.357894736842	0.963742690058	0.941520467836	0.968421052632	0.949707602339	0.952046783626	0.954385964912	0.981286549708	0.825730994152	0.852631578947	0.92514619883	0.938011695906	0.912280701754	0.771929824561	0.866666666667	0.870175438596
