	DA5	DB5	DC5	DD5	DE5	DF5	DG5	DH5	DA2	DB2	DC2	DD2	DE2	DF2	DG2	DH2	DA1	DB1	DC1	DD1	DE1	DF1	DG1	DH1	DA4	DB4	DC4	DD4	DE4	DF4	DG4	DH4	DA6	DB6	DC6	DD6	DE6	DF6	DG6	DH6	DA7	DB7	DC7	DD7	DE7	DF7	DG7	DH7	DA8	DB8	DC8	DD8	DF8	DG8	DH8	DA3	DB3	DC3	DD3	DE3	DF3	DG3	DH3
DA5	0.0	0.371929824561	0.454970760234	0.369590643275	0.421052631579	0.410526315789	0.416374269006	0.390643274854	0.53918128655	0.605847953216	0.567251461988	0.745029239766	0.770760233918	0.80350877193	0.638596491228	0.578947368421	0.763742690058	0.794152046784	0.756725146199	0.618713450292	0.616374269006	0.683040935673	0.750877192982	0.756725146199	0.851461988304	0.858479532164	0.702923976608	0.715789473684	0.722807017544	0.713450292398	0.652631578947	0.702923976608	0.909941520468	0.881871345029	0.920467836257	0.920467836257	0.898245614035	0.92514619883	0.921637426901	0.920467836257	0.952046783626	0.953216374269	0.947368421053	0.92514619883	0.934502923977	0.940350877193	0.940350877193	0.949707602339	0.974269005848	0.969590643275	0.982456140351	0.967251461988	0.971929824561	0.967251461988	0.975438596491	0.666666666667	0.553216374269	0.672514619883	0.679532163743	0.614035087719	0.624561403509	0.651461988304	0.609356725146
DB5	0.371929824561	0.0	0.444444444444	0.394152046784	0.452631578947	0.415204678363	0.388304093567	0.414035087719	0.488888888889	0.639766081871	0.626900584795	0.701754385965	0.749707602339	0.809356725146	0.665497076023	0.53216374269	0.780116959064	0.759064327485	0.759064327485	0.621052631579	0.605847953216	0.685380116959	0.714619883041	0.754385964912	0.817543859649	0.815204678363	0.663157894737	0.712280701754	0.715789473684	0.663157894737	0.640935672515	0.659649122807	0.901754385965	0.87485380117	0.911111111111	0.914619883041	0.893567251462	0.915789473684	0.908771929825	0.905263157895	0.956725146199	0.959064327485	0.954385964912	0.92865497076	0.949707602339	0.945029239766	0.948538011696	0.961403508772	0.973099415205	0.973099415205	0.980116959064	0.967251461988	0.969590643275	0.966081871345	0.977777777778	0.67485380117	0.555555555556	0.681871345029	0.690058479532	0.610526315789	0.619883040936	0.653801169591	0.622222222222
DC5	0.454970760234	0.444444444444	0.0	0.454970760234	0.52865497076	0.39649122807	0.453801169591	0.483040935673	0.587134502924	0.693567251462	0.656140350877	0.743859649123	0.782456140351	0.783625730994	0.72865497076	0.644444444444	0.734502923977	0.805847953216	0.752046783626	0.612865497076	0.611695906433	0.647953216374	0.760233918129	0.694736842105	0.870175438596	0.872514619883	0.747368421053	0.721637426901	0.734502923977	0.741520467836	0.680701754386	0.749707602339	0.887719298246	0.863157894737	0.899415204678	0.909941520468	0.872514619883	0.898245614035	0.898245614035	0.895906432749	0.94269005848	0.943859649123	0.933333333333	0.87485380117	0.895906432749	0.912280701754	0.916959064327	0.93216374269	0.956725146199	0.950877192982	0.976608187135	0.946198830409	0.946198830409	0.954385964912	0.960233918129	0.670175438596	0.575438596491	0.663157894737	0.680701754386	0.601169590643	0.649122807018	0.652631578947	0.612865497076
DD5	0.369590643275	0.394152046784	0.454970760234	0.0	0.33567251462	0.432748538012	0.439766081871	0.383625730994	0.499415204678	0.552046783626	0.550877192982	0.729824561404	0.767251461988	0.794152046784	0.615204678363	0.533333333333	0.769590643275	0.810526315789	0.756725146199	0.628070175439	0.623391812865	0.66783625731	0.749707602339	0.73918128655	0.86081871345	0.861988304094	0.733333333333	0.719298245614	0.72514619883	0.73216374269	0.680701754386	0.734502923977	0.907602339181	0.881871345029	0.913450292398	0.927485380117	0.900584795322	0.918128654971	0.916959064327	0.913450292398	0.961403508772	0.963742690058	0.953216374269	0.936842105263	0.948538011696	0.943859649123	0.945029239766	0.960233918129	0.969590643275	0.971929824561	0.981286549708	0.963742690058	0.963742690058	0.964912280702	0.967251461988	0.709941520468	0.590643274854	0.708771929825	0.721637426901	0.610526315789	0.623391812865	0.694736842105	0.653801169591
DE5	0.421052631579	0.452631578947	0.52865497076	0.33567251462	0.0	0.494736842105	0.492397660819	0.401169590643	0.507602339181	0.548538011696	0.547368421053	0.747368421053	0.775438596491	0.80701754386	0.629239766082	0.545029239766	0.790643274854	0.823391812865	0.771929824561	0.636257309942	0.632748538012	0.698245614035	0.767251461988	0.767251461988	0.861988304094	0.866666666667	0.784795321637	0.754385964912	0.757894736842	0.780116959064	0.740350877193	0.784795321637	0.912280701754	0.891228070175	0.92514619883	0.93216374269	0.907602339181	0.930994152047	0.922807017544	0.923976608187	0.956725146199	0.968421052632	0.956725146199	0.943859649123	0.956725146199	0.952046783626	0.947368421053	0.955555555556	0.978947368421	0.980116959064	0.982456140351	0.971929824561	0.971929824561	0.976608187135	0.981286549708	0.759064327485	0.638596491228	0.760233918129	0.776608187135	0.653801169591	0.621052631579	0.738011695906	0.697076023392
DF5	0.410526315789	0.415204678363	0.39649122807	0.432748538012	0.494736842105	0.0	0.415204678363	0.453801169591	0.559064327485	0.663157894737	0.633918128655	0.738011695906	0.770760233918	0.781286549708	0.694736842105	0.609356725146	0.740350877193	0.808187134503	0.759064327485	0.608187134503	0.610526315789	0.645614035088	0.749707602339	0.706432748538	0.86432748538	0.861988304094	0.714619883041	0.706432748538	0.723976608187	0.726315789474	0.649122807018	0.719298245614	0.895906432749	0.86783625731	0.900584795322	0.907602339181	0.878362573099	0.899415204678	0.902923976608	0.899415204678	0.94269005848	0.950877192982	0.929824561404	0.893567251462	0.908771929825	0.915789473684	0.920467836257	0.94269005848	0.954385964912	0.947368421053	0.978947368421	0.955555555556	0.953216374269	0.948538011696	0.957894736842	0.644444444444	0.538011695906	0.646783625731	0.654970760234	0.589473684211	0.630409356725	0.632748538012	0.587134502924
DG5	0.416374269006	0.388304093567	0.453801169591	0.439766081871	0.492397660819	0.415204678363	0.0	0.46432748538	0.556725146199	0.680701754386	0.649122807018	0.741520467836	0.764912280702	0.801169590643	0.680701754386	0.598830409357	0.769590643275	0.801169590643	0.755555555556	0.633918128655	0.629239766082	0.672514619883	0.754385964912	0.748538011696	0.851461988304	0.856140350877	0.693567251462	0.716959064327	0.723976608187	0.705263157895	0.575438596491	0.669005847953	0.919298245614	0.888888888889	0.914619883041	0.926315789474	0.905263157895	0.921637426901	0.921637426901	0.913450292398	0.957894736842	0.963742690058	0.950877192982	0.92514619883	0.938011695906	0.938011695906	0.943859649123	0.959064327485	0.973099415205	0.970760233918	0.983625730994	0.962573099415	0.966081871345	0.966081871345	0.968421052632	0.60350877193	0.522807017544	0.670175438596	0.663157894737	0.621052631579	0.646783625731	0.585964912281	0.576608187135
DH5	0.390643274854	0.414035087719	0.483040935673	0.383625730994	0.401169590643	0.453801169591	0.46432748538	0.0	0.505263157895	0.587134502924	0.554385964912	0.705263157895	0.73567251462	0.769590643275	0.601169590643	0.545029239766	0.755555555556	0.788304093567	0.743859649123	0.617543859649	0.626900584795	0.66432748538	0.73216374269	0.722807017544	0.833918128655	0.826900584795	0.745029239766	0.686549707602	0.699415204678	0.733333333333	0.680701754386	0.749707602339	0.904093567251	0.865497076023	0.895906432749	0.912280701754	0.885380116959	0.895906432749	0.900584795322	0.893567251462	0.947368421053	0.946198830409	0.93567251462	0.929824561404	0.952046783626	0.927485380117	0.920467836257	0.948538011696	0.948538011696	0.954385964912	0.980116959064	0.952046783626	0.952046783626	0.941520467836	0.949707602339	0.706432748538	0.601169590643	0.702923976608	0.706432748538	0.598830409357	0.602339181287	0.694736842105	0.638596491228
DA2	0.53918128655	0.488888888889	0.587134502924	0.499415204678	0.507602339181	0.559064327485	0.556725146199	0.505263157895	0.0	0.573099415205	0.530994152047	0.663157894737	0.688888888889	0.720467836257	0.587134502924	0.418713450292	0.727485380117	0.734502923977	0.730994152047	0.595321637427	0.595321637427	0.687719298246	0.649122807018	0.715789473684	0.761403508772	0.761403508772	0.713450292398	0.680701754386	0.692397660819	0.719298245614	0.666666666667	0.72514619883	0.916959064327	0.894736842105	0.901754385965	0.901754385965	0.901754385965	0.881871345029	0.92514619883	0.905263157895	0.894736842105	0.892397660819	0.892397660819	0.907602339181	0.938011695906	0.852631578947	0.895906432749	0.888888888889	0.921637426901	0.918128654971	0.955555555556	0.914619883041	0.914619883041	0.904093567251	0.906432748538	0.723976608187	0.624561403509	0.687719298246	0.693567251462	0.582456140351	0.563742690058	0.708771929825	0.626900584795
DB2	0.605847953216	0.639766081871	0.693567251462	0.552046783626	0.548538011696	0.663157894737	0.680701754386	0.587134502924	0.573099415205	0.0	0.501754385965	0.639766081871	0.666666666667	0.642105263158	0.469005847953	0.604678362573	0.740350877193	0.846783625731	0.746198830409	0.723976608187	0.764912280702	0.746198830409	0.773099415205	0.727485380117	0.832748538012	0.839766081871	0.897076023392	0.783625730994	0.804678362573	0.901754385965	0.8	0.905263157895	0.906432748538	0.899415204678	0.893567251462	0.936842105263	0.911111111111	0.876023391813	0.922807017544	0.908771929825	0.983625730994	0.975438596491	0.950877192982	0.960233918129	0.977777777778	0.943859649123	0.933333333333	0.974269005848	0.909941520468	0.933333333333	0.960233918129	0.918128654971	0.93567251462	0.884210526316	0.854970760234	0.851461988304	0.750877192982	0.745029239766	0.761403508772	0.638596491228	0.666666666667	0.832748538012	0.712280701754
DC2	0.567251461988	0.626900584795	0.656140350877	0.550877192982	0.547368421053	0.633918128655	0.649122807018	0.554385964912	0.530994152047	0.501754385965	0.0	0.637426900585	0.645614035088	0.601169590643	0.494736842105	0.583625730994	0.630409356725	0.795321637427	0.730994152047	0.683040935673	0.719298245614	0.716959064327	0.74269005848	0.67485380117	0.828070175439	0.832748538012	0.849122807018	0.714619883041	0.72514619883	0.854970760234	0.721637426901	0.859649122807	0.914619883041	0.900584795322	0.894736842105	0.927485380117	0.912280701754	0.879532163743	0.916959064327	0.902923976608	0.955555555556	0.956725146199	0.929824561404	0.919298245614	0.943859649123	0.915789473684	0.919298245614	0.949707602339	0.877192982456	0.879532163743	0.922807017544	0.87134502924	0.888888888889	0.845614035088	0.80350877193	0.776608187135	0.678362573099	0.656140350877	0.666666666667	0.567251461988	0.614035087719	0.763742690058	0.631578947368
DD2	0.745029239766	0.701754385965	0.743859649123	0.729824561404	0.747368421053	0.738011695906	0.741520467836	0.705263157895	0.663157894737	0.639766081871	0.637426900585	0.0	0.46081871345	0.527485380117	0.568421052632	0.684210526316	0.676023391813	0.756725146199	0.678362573099	0.733333333333	0.734502923977	0.729824561404	0.67134502924	0.692397660819	0.747368421053	0.754385964912	0.815204678363	0.759064327485	0.773099415205	0.818713450292	0.775438596491	0.825730994152	0.898245614035	0.885380116959	0.886549707602	0.930994152047	0.901754385965	0.872514619883	0.913450292398	0.902923976608	0.969590643275	0.962573099415	0.93567251462	0.94269005848	0.962573099415	0.927485380117	0.922807017544	0.960233918129	0.907602339181	0.926315789474	0.966081871345	0.919298245614	0.929824561404	0.881871345029	0.821052631579	0.850292397661	0.832748538012	0.650292397661	0.679532163743	0.658479532164	0.787134502924	0.845614035088	0.713450292398
DE2	0.770760233918	0.749707602339	0.782456140351	0.767251461988	0.775438596491	0.770760233918	0.764912280702	0.73567251462	0.688888888889	0.666666666667	0.645614035088	0.46081871345	0.0	0.506432748538	0.577777777778	0.723976608187	0.694736842105	0.802339181287	0.680701754386	0.748538011696	0.761403508772	0.73567251462	0.740350877193	0.699415204678	0.79649122807	0.804678362573	0.869005847953	0.770760233918	0.784795321637	0.87134502924	0.794152046784	0.876023391813	0.920467836257	0.899415204678	0.880701754386	0.929824561404	0.909941520468	0.87134502924	0.920467836257	0.897076023392	0.970760233918	0.962573099415	0.936842105263	0.943859649123	0.964912280702	0.926315789474	0.921637426901	0.967251461988	0.906432748538	0.92865497076	0.966081871345	0.911111111111	0.938011695906	0.876023391813	0.814035087719	0.866666666667	0.839766081871	0.646783625731	0.676023391813	0.650292397661	0.794152046784	0.861988304094	0.715789473684
DF2	0.80350877193	0.809356725146	0.783625730994	0.794152046784	0.80701754386	0.781286549708	0.801169590643	0.769590643275	0.720467836257	0.642105263158	0.601169590643	0.527485380117	0.506432748538	0.0	0.576608187135	0.770760233918	0.670175438596	0.851461988304	0.709941520468	0.79298245614	0.810526315789	0.753216374269	0.789473684211	0.695906432749	0.838596491228	0.851461988304	0.919298245614	0.776608187135	0.794152046784	0.920467836257	0.818713450292	0.933333333333	0.913450292398	0.899415204678	0.887719298246	0.933333333333	0.911111111111	0.872514619883	0.926315789474	0.911111111111	0.969590643275	0.956725146199	0.933333333333	0.93567251462	0.959064327485	0.920467836257	0.912280701754	0.948538011696	0.899415204678	0.908771929825	0.950877192982	0.892397660819	0.914619883041	0.866666666667	0.801169590643	0.843274853801	0.823391812865	0.626900584795	0.651461988304	0.644444444444	0.778947368421	0.828070175439	0.694736842105
DG2	0.638596491228	0.665497076023	0.72865497076	0.615204678363	0.629239766082	0.694736842105	0.680701754386	0.601169590643	0.587134502924	0.469005847953	0.494736842105	0.568421052632	0.577777777778	0.576608187135	0.0	0.611695906433	0.679532163743	0.814035087719	0.706432748538	0.727485380117	0.774269005848	0.738011695906	0.761403508772	0.686549707602	0.821052631579	0.823391812865	0.880701754386	0.763742690058	0.773099415205	0.890058479532	0.769590643275	0.892397660819	0.933333333333	0.912280701754	0.909941520468	0.950877192982	0.936842105263	0.885380116959	0.936842105263	0.919298245614	0.988304093567	0.978947368421	0.952046783626	0.950877192982	0.976608187135	0.938011695906	0.933333333333	0.978947368421	0.885380116959	0.912280701754	0.946198830409	0.900584795322	0.920467836257	0.865497076023	0.798830409357	0.856140350877	0.764912280702	0.702923976608	0.714619883041	0.615204678363	0.687719298246	0.851461988304	0.712280701754
DH2	0.578947368421	0.53216374269	0.644444444444	0.533333333333	0.545029239766	0.609356725146	0.598830409357	0.545029239766	0.418713450292	0.604678362573	0.583625730994	0.684210526316	0.723976608187	0.770760233918	0.611695906433	0.0	0.769590643275	0.718128654971	0.764912280702	0.659649122807	0.679532163743	0.699415204678	0.67134502924	0.766081871345	0.691228070175	0.694736842105	0.680701754386	0.767251461988	0.775438596491	0.685380116959	0.747368421053	0.687719298246	0.927485380117	0.911111111111	0.909941520468	0.926315789474	0.918128654971	0.912280701754	0.929824561404	0.914619883041	0.966081871345	0.957894736842	0.941520467836	0.938011695906	0.953216374269	0.926315789474	0.927485380117	0.961403508772	0.93567251462	0.93567251462	0.964912280702	0.936842105263	0.946198830409	0.926315789474	0.936842105263	0.783625730994	0.686549707602	0.780116959064	0.784795321637	0.678362573099	0.632748538012	0.776608187135	0.722807017544
DA1	0.763742690058	0.780116959064	0.734502923977	0.769590643275	0.790643274854	0.740350877193	0.769590643275	0.755555555556	0.727485380117	0.740350877193	0.630409356725	0.676023391813	0.694736842105	0.670175438596	0.679532163743	0.769590643275	0.0	0.597660818713	0.644444444444	0.701754385965	0.72514619883	0.652631578947	0.715789473684	0.546198830409	0.817543859649	0.824561403509	0.846783625731	0.697076023392	0.695906432749	0.851461988304	0.685380116959	0.86432748538	0.894736842105	0.883040935673	0.87485380117	0.914619883041	0.886549707602	0.856140350877	0.905263157895	0.888888888889	0.954385964912	0.954385964912	0.92865497076	0.897076023392	0.923976608187	0.907602339181	0.915789473684	0.941520467836	0.740350877193	0.745029239766	0.797660818713	0.740350877193	0.749707602339	0.713450292398	0.66783625731	0.816374269006	0.843274853801	0.679532163743	0.683040935673	0.695906432749	0.795321637427	0.815204678363	0.738011695906
DB1	0.794152046784	0.759064327485	0.805847953216	0.810526315789	0.823391812865	0.808187134503	0.801169590643	0.788304093567	0.734502923977	0.846783625731	0.795321637427	0.756725146199	0.802339181287	0.851461988304	0.814035087719	0.718128654971	0.597660818713	0.0	0.738011695906	0.700584795322	0.708771929825	0.72865497076	0.549707602339	0.712280701754	0.73216374269	0.734502923977	0.781286549708	0.795321637427	0.791812865497	0.781286549708	0.774269005848	0.798830409357	0.905263157895	0.876023391813	0.899415204678	0.908771929825	0.881871345029	0.899415204678	0.902923976608	0.900584795322	0.804678362573	0.805847953216	0.79649122807	0.8	0.823391812865	0.781286549708	0.791812865497	0.809356725146	0.74269005848	0.72514619883	0.756725146199	0.72865497076	0.747368421053	0.722807017544	0.753216374269	0.856140350877	0.861988304094	0.872514619883	0.873684210526	0.876023391813	0.809356725146	0.87485380117	0.840935672515
DC1	0.756725146199	0.759064327485	0.752046783626	0.756725146199	0.771929824561	0.759064327485	0.755555555556	0.743859649123	0.730994152047	0.746198830409	0.730994152047	0.678362573099	0.680701754386	0.709941520468	0.706432748538	0.764912280702	0.644444444444	0.738011695906	0.0	0.594152046784	0.629239766082	0.501754385965	0.631578947368	0.534502923977	0.805847953216	0.817543859649	0.86783625731	0.768421052632	0.776608187135	0.87485380117	0.775438596491	0.885380116959	0.762573099415	0.736842105263	0.73918128655	0.773099415205	0.729824561404	0.707602339181	0.763742690058	0.736842105263	0.915789473684	0.919298245614	0.891228070175	0.876023391813	0.895906432749	0.877192982456	0.879532163743	0.908771929825	0.909941520468	0.908771929825	0.969590643275	0.911111111111	0.934502923977	0.884210526316	0.861988304094	0.791812865497	0.814035087719	0.708771929825	0.726315789474	0.72514619883	0.777777777778	0.815204678363	0.73216374269
DD1	0.618713450292	0.621052631579	0.612865497076	0.628070175439	0.636257309942	0.608187134503	0.633918128655	0.617543859649	0.595321637427	0.723976608187	0.683040935673	0.733333333333	0.748538011696	0.79298245614	0.727485380117	0.659649122807	0.701754385965	0.700584795322	0.594152046784	0.0	0.343859649123	0.469005847953	0.493567251462	0.559064327485	0.822222222222	0.830409356725	0.822222222222	0.777777777778	0.785964912281	0.828070175439	0.780116959064	0.829239766082	0.830409356725	0.797660818713	0.833918128655	0.835087719298	0.80701754386	0.825730994152	0.828070175439	0.830409356725	0.822222222222	0.883040935673	0.886549707602	0.877192982456	0.902923976608	0.829239766082	0.912280701754	0.870175438596	0.956725146199	0.940350877193	0.977777777778	0.949707602339	0.959064327485	0.93918128655	0.969590643275	0.781286549708	0.708771929825	0.790643274854	0.80350877193	0.711111111111	0.673684210526	0.778947368421	0.709941520468
DE1	0.616374269006	0.605847953216	0.611695906433	0.623391812865	0.632748538012	0.610526315789	0.629239766082	0.626900584795	0.595321637427	0.764912280702	0.719298245614	0.734502923977	0.761403508772	0.810526315789	0.774269005848	0.679532163743	0.72514619883	0.708771929825	0.629239766082	0.343859649123	0.0	0.516959064327	0.493567251462	0.602339181287	0.830409356725	0.835087719298	0.783625730994	0.774269005848	0.767251461988	0.785964912281	0.760233918129	0.785964912281	0.849122807018	0.830409356725	0.870175438596	0.861988304094	0.837426900585	0.86783625731	0.865497076023	0.869005847953	0.760233918129	0.880701754386	0.893567251462	0.87485380117	0.891228070175	0.833918128655	0.921637426901	0.86783625731	0.976608187135	0.955555555556	0.982456140351	0.961403508772	0.970760233918	0.953216374269	0.984795321637	0.759064327485	0.714619883041	0.775438596491	0.790643274854	0.722807017544	0.684210526316	0.760233918129	0.701754385965
DF1	0.683040935673	0.685380116959	0.647953216374	0.66783625731	0.698245614035	0.645614035088	0.672514619883	0.66432748538	0.687719298246	0.746198830409	0.716959064327	0.729824561404	0.73567251462	0.753216374269	0.738011695906	0.699415204678	0.652631578947	0.72865497076	0.501754385965	0.469005847953	0.516959064327	0.0	0.598830409357	0.476023391813	0.816374269006	0.829239766082	0.840935672515	0.762573099415	0.783625730994	0.840935672515	0.756725146199	0.856140350877	0.795321637427	0.763742690058	0.767251461988	0.79649122807	0.767251461988	0.764912280702	0.795321637427	0.777777777778	0.93918128655	0.941520467836	0.920467836257	0.886549707602	0.900584795322	0.893567251462	0.904093567251	0.934502923977	0.92514619883	0.919298245614	0.968421052632	0.922807017544	0.93918128655	0.909941520468	0.929824561404	0.775438596491	0.757894736842	0.755555555556	0.766081871345	0.721637426901	0.740350877193	0.767251461988	0.726315789474
DG1	0.750877192982	0.714619883041	0.760233918129	0.749707602339	0.767251461988	0.749707602339	0.754385964912	0.73216374269	0.649122807018	0.773099415205	0.74269005848	0.67134502924	0.740350877193	0.789473684211	0.761403508772	0.67134502924	0.715789473684	0.549707602339	0.631578947368	0.493567251462	0.493567251462	0.598830409357	0.0	0.609356725146	0.702923976608	0.702923976608	0.762573099415	0.782456140351	0.769590643275	0.773099415205	0.771929824561	0.774269005848	0.861988304094	0.831578947368	0.854970760234	0.866666666667	0.832748538012	0.851461988304	0.859649122807	0.851461988304	0.826900584795	0.865497076023	0.86432748538	0.898245614035	0.916959064327	0.816374269006	0.886549707602	0.851461988304	0.897076023392	0.887719298246	0.926315789474	0.897076023392	0.904093567251	0.883040935673	0.905263157895	0.828070175439	0.819883040936	0.842105263158	0.847953216374	0.815204678363	0.777777777778	0.836257309942	0.785964912281
DH1	0.756725146199	0.754385964912	0.694736842105	0.73918128655	0.767251461988	0.706432748538	0.748538011696	0.722807017544	0.715789473684	0.727485380117	0.67485380117	0.692397660819	0.699415204678	0.695906432749	0.686549707602	0.766081871345	0.546198830409	0.712280701754	0.534502923977	0.559064327485	0.602339181287	0.476023391813	0.609356725146	0.0	0.80350877193	0.80701754386	0.86432748538	0.727485380117	0.73918128655	0.870175438596	0.721637426901	0.879532163743	0.830409356725	0.809356725146	0.809356725146	0.844444444444	0.810526315789	0.785964912281	0.836257309942	0.819883040936	0.945029239766	0.945029239766	0.921637426901	0.858479532164	0.885380116959	0.900584795322	0.906432748538	0.93567251462	0.883040935673	0.879532163743	0.933333333333	0.876023391813	0.897076023392	0.851461988304	0.819883040936	0.828070175439	0.837426900585	0.716959064327	0.721637426901	0.718128654971	0.801169590643	0.816374269006	0.741520467836
DA4	0.851461988304	0.817543859649	0.870175438596	0.86081871345	0.861988304094	0.86432748538	0.851461988304	0.833918128655	0.761403508772	0.832748538012	0.828070175439	0.747368421053	0.79649122807	0.838596491228	0.821052631579	0.691228070175	0.817543859649	0.73216374269	0.805847953216	0.822222222222	0.830409356725	0.816374269006	0.702923976608	0.80350877193	0.0	0.369590643275	0.520467836257	0.72514619883	0.719298245614	0.52865497076	0.788304093567	0.553216374269	0.949707602339	0.950877192982	0.936842105263	0.956725146199	0.948538011696	0.920467836257	0.947368421053	0.943859649123	0.950877192982	0.941520467836	0.923976608187	0.933333333333	0.940350877193	0.916959064327	0.919298245614	0.94269005848	0.920467836257	0.92865497076	0.961403508772	0.913450292398	0.938011695906	0.922807017544	0.920467836257	0.880701754386	0.897076023392	0.85730994152	0.853801169591	0.852631578947	0.86783625731	0.880701754386	0.847953216374
DB4	0.858479532164	0.815204678363	0.872514619883	0.861988304094	0.866666666667	0.861988304094	0.856140350877	0.826900584795	0.761403508772	0.839766081871	0.832748538012	0.754385964912	0.804678362573	0.851461988304	0.823391812865	0.694736842105	0.824561403509	0.734502923977	0.817543859649	0.830409356725	0.835087719298	0.829239766082	0.702923976608	0.80701754386	0.369590643275	0.0	0.538011695906	0.736842105263	0.748538011696	0.506432748538	0.789473684211	0.555555555556	0.961403508772	0.945029239766	0.938011695906	0.957894736842	0.949707602339	0.923976608187	0.953216374269	0.93918128655	0.945029239766	0.93216374269	0.923976608187	0.927485380117	0.933333333333	0.911111111111	0.908771929825	0.93918128655	0.923976608187	0.933333333333	0.969590643275	0.929824561404	0.943859649123	0.923976608187	0.921637426901	0.873684210526	0.894736842105	0.86432748538	0.86081871345	0.853801169591	0.865497076023	0.881871345029	0.850292397661
DC4	0.702923976608	0.663157894737	0.747368421053	0.733333333333	0.784795321637	0.714619883041	0.693567251462	0.745029239766	0.713450292398	0.897076023392	0.849122807018	0.815204678363	0.869005847953	0.919298245614	0.880701754386	0.680701754386	0.846783625731	0.781286549708	0.86783625731	0.822222222222	0.783625730994	0.840935672515	0.762573099415	0.86432748538	0.520467836257	0.538011695906	0.0	0.721637426901	0.723976608187	0.33918128655	0.663157894737	0.321637426901	0.982456140351	0.977777777778	0.974269005848	0.980116959064	0.974269005848	0.962573099415	0.975438596491	0.971929824561	0.989473684211	0.983625730994	0.980116959064	0.978947368421	0.981286549708	0.973099415205	0.968421052632	0.990643274854	0.966081871345	0.964912280702	0.984795321637	0.966081871345	0.969590643275	0.969590643275	0.968421052632	0.750877192982	0.760233918129	0.746198830409	0.740350877193	0.789473684211	0.849122807018	0.757894736842	0.745029239766
DD4	0.715789473684	0.712280701754	0.721637426901	0.719298245614	0.754385964912	0.706432748538	0.716959064327	0.686549707602	0.680701754386	0.783625730994	0.714619883041	0.759064327485	0.770760233918	0.776608187135	0.763742690058	0.767251461988	0.697076023392	0.795321637427	0.768421052632	0.777777777778	0.774269005848	0.762573099415	0.782456140351	0.727485380117	0.72514619883	0.736842105263	0.721637426901	0.0	0.412865497076	0.72865497076	0.614035087719	0.736842105263	0.946198830409	0.936842105263	0.914619883041	0.945029239766	0.92865497076	0.883040935673	0.929824561404	0.92865497076	0.955555555556	0.950877192982	0.927485380117	0.92865497076	0.954385964912	0.923976608187	0.915789473684	0.947368421053	0.888888888889	0.895906432749	0.93918128655	0.900584795322	0.908771929825	0.876023391813	0.86783625731	0.761403508772	0.781286549708	0.691228070175	0.681871345029	0.678362573099	0.80350877193	0.763742690058	0.700584795322
DE4	0.722807017544	0.715789473684	0.734502923977	0.72514619883	0.757894736842	0.723976608187	0.723976608187	0.699415204678	0.692397660819	0.804678362573	0.72514619883	0.773099415205	0.784795321637	0.794152046784	0.773099415205	0.775438596491	0.695906432749	0.791812865497	0.776608187135	0.785964912281	0.767251461988	0.783625730994	0.769590643275	0.73918128655	0.719298245614	0.748538011696	0.723976608187	0.412865497076	0.0	0.73567251462	0.59298245614	0.74269005848	0.948538011696	0.936842105263	0.919298245614	0.952046783626	0.930994152047	0.895906432749	0.93216374269	0.930994152047	0.952046783626	0.943859649123	0.923976608187	0.919298245614	0.961403508772	0.920467836257	0.900584795322	0.941520467836	0.880701754386	0.887719298246	0.92514619883	0.881871345029	0.899415204678	0.883040935673	0.858479532164	0.770760233918	0.795321637427	0.707602339181	0.707602339181	0.705263157895	0.810526315789	0.777777777778	0.723976608187
DF4	0.713450292398	0.663157894737	0.741520467836	0.73216374269	0.780116959064	0.726315789474	0.705263157895	0.733333333333	0.719298245614	0.901754385965	0.854970760234	0.818713450292	0.87134502924	0.920467836257	0.890058479532	0.685380116959	0.851461988304	0.781286549708	0.87485380117	0.828070175439	0.785964912281	0.840935672515	0.773099415205	0.870175438596	0.52865497076	0.506432748538	0.33918128655	0.72865497076	0.73567251462	0.0	0.687719298246	0.336842105263	0.980116959064	0.974269005848	0.971929824561	0.973099415205	0.968421052632	0.966081871345	0.969590643275	0.970760233918	0.977777777778	0.976608187135	0.974269005848	0.974269005848	0.973099415205	0.973099415205	0.970760233918	0.981286549708	0.975438596491	0.971929824561	0.984795321637	0.971929824561	0.975438596491	0.976608187135	0.976608187135	0.760233918129	0.775438596491	0.768421052632	0.761403508772	0.790643274854	0.858479532164	0.767251461988	0.764912280702
DG4	0.652631578947	0.640935672515	0.680701754386	0.680701754386	0.740350877193	0.649122807018	0.575438596491	0.680701754386	0.666666666667	0.8	0.721637426901	0.775438596491	0.794152046784	0.818713450292	0.769590643275	0.747368421053	0.685380116959	0.774269005848	0.775438596491	0.780116959064	0.760233918129	0.756725146199	0.771929824561	0.721637426901	0.788304093567	0.789473684211	0.663157894737	0.614035087719	0.59298245614	0.687719298246	0.0	0.653801169591	0.943859649123	0.930994152047	0.916959064327	0.946198830409	0.919298245614	0.895906432749	0.92865497076	0.915789473684	0.961403508772	0.953216374269	0.93216374269	0.921637426901	0.960233918129	0.915789473684	0.913450292398	0.949707602339	0.869005847953	0.880701754386	0.912280701754	0.876023391813	0.883040935673	0.863157894737	0.852631578947	0.611695906433	0.706432748538	0.646783625731	0.632748538012	0.706432748538	0.801169590643	0.60350877193	0.640935672515
DH4	0.702923976608	0.659649122807	0.749707602339	0.734502923977	0.784795321637	0.719298245614	0.669005847953	0.749707602339	0.72514619883	0.905263157895	0.859649122807	0.825730994152	0.876023391813	0.933333333333	0.892397660819	0.687719298246	0.86432748538	0.798830409357	0.885380116959	0.829239766082	0.785964912281	0.856140350877	0.774269005848	0.879532163743	0.553216374269	0.555555555556	0.321637426901	0.736842105263	0.74269005848	0.336842105263	0.653801169591	0.0	0.987134502924	0.982456140351	0.978947368421	0.978947368421	0.976608187135	0.971929824561	0.978947368421	0.976608187135	0.984795321637	0.983625730994	0.978947368421	0.977777777778	0.981286549708	0.977777777778	0.981286549708	0.988304093567	0.976608187135	0.976608187135	0.987134502924	0.980116959064	0.976608187135	0.977777777778	0.977777777778	0.73567251462	0.745029239766	0.748538011696	0.73918128655	0.801169590643	0.863157894737	0.73918128655	0.740350877193
DA6	0.909941520468	0.901754385965	0.887719298246	0.907602339181	0.912280701754	0.895906432749	0.919298245614	0.904093567251	0.916959064327	0.906432748538	0.914619883041	0.898245614035	0.920467836257	0.913450292398	0.933333333333	0.927485380117	0.894736842105	0.905263157895	0.762573099415	0.830409356725	0.849122807018	0.795321637427	0.861988304094	0.830409356725	0.949707602339	0.961403508772	0.982456140351	0.946198830409	0.948538011696	0.980116959064	0.943859649123	0.987134502924	0.0	0.33567251462	0.352046783626	0.363742690058	0.371929824561	0.370760233918	0.347368421053	0.352046783626	0.881871345029	0.901754385965	0.892397660819	0.902923976608	0.921637426901	0.904093567251	0.861988304094	0.86081871345	0.954385964912	0.919298245614	0.957894736842	0.92865497076	0.936842105263	0.92865497076	0.973099415205	0.902923976608	0.86432748538	0.914619883041	0.907602339181	0.892397660819	0.85730994152	0.877192982456	0.861988304094
DB6	0.881871345029	0.87485380117	0.863157894737	0.881871345029	0.891228070175	0.86783625731	0.888888888889	0.865497076023	0.894736842105	0.899415204678	0.900584795322	0.885380116959	0.899415204678	0.899415204678	0.912280701754	0.911111111111	0.883040935673	0.876023391813	0.736842105263	0.797660818713	0.830409356725	0.763742690058	0.831578947368	0.809356725146	0.950877192982	0.945029239766	0.977777777778	0.936842105263	0.936842105263	0.974269005848	0.930994152047	0.982456140351	0.33567251462	0.0	0.33216374269	0.360233918129	0.360233918129	0.368421052632	0.347368421053	0.359064327485	0.914619883041	0.904093567251	0.907602339181	0.892397660819	0.914619883041	0.905263157895	0.892397660819	0.895906432749	0.950877192982	0.916959064327	0.962573099415	0.929824561404	0.93918128655	0.92514619883	0.968421052632	0.872514619883	0.869005847953	0.894736842105	0.873684210526	0.87134502924	0.86081871345	0.85730994152	0.865497076023
DC6	0.920467836257	0.911111111111	0.899415204678	0.913450292398	0.92514619883	0.900584795322	0.914619883041	0.895906432749	0.901754385965	0.893567251462	0.894736842105	0.886549707602	0.880701754386	0.887719298246	0.909941520468	0.909941520468	0.87485380117	0.899415204678	0.73918128655	0.833918128655	0.870175438596	0.767251461988	0.854970760234	0.809356725146	0.936842105263	0.938011695906	0.974269005848	0.914619883041	0.919298245614	0.971929824561	0.916959064327	0.978947368421	0.352046783626	0.33216374269	0.0	0.367251461988	0.366081871345	0.343859649123	0.348538011696	0.352046783626	0.926315789474	0.922807017544	0.907602339181	0.918128654971	0.930994152047	0.898245614035	0.890058479532	0.912280701754	0.926315789474	0.902923976608	0.962573099415	0.92514619883	0.93216374269	0.902923976608	0.950877192982	0.901754385965	0.899415204678	0.898245614035	0.885380116959	0.86432748538	0.886549707602	0.884210526316	0.872514619883
DD6	0.920467836257	0.914619883041	0.909941520468	0.927485380117	0.93216374269	0.907602339181	0.926315789474	0.912280701754	0.901754385965	0.936842105263	0.927485380117	0.930994152047	0.929824561404	0.933333333333	0.950877192982	0.926315789474	0.914619883041	0.908771929825	0.773099415205	0.835087719298	0.861988304094	0.79649122807	0.866666666667	0.844444444444	0.956725146199	0.957894736842	0.980116959064	0.945029239766	0.952046783626	0.973099415205	0.946198830409	0.978947368421	0.363742690058	0.360233918129	0.367251461988	0.0	0.367251461988	0.370760233918	0.285380116959	0.346198830409	0.92514619883	0.916959064327	0.912280701754	0.906432748538	0.919298245614	0.902923976608	0.908771929825	0.914619883041	0.956725146199	0.921637426901	0.962573099415	0.93918128655	0.949707602339	0.934502923977	0.976608187135	0.885380116959	0.883040935673	0.904093567251	0.893567251462	0.881871345029	0.879532163743	0.876023391813	0.891228070175
DE6	0.898245614035	0.893567251462	0.872514619883	0.900584795322	0.907602339181	0.878362573099	0.905263157895	0.885380116959	0.901754385965	0.911111111111	0.912280701754	0.901754385965	0.909941520468	0.911111111111	0.936842105263	0.918128654971	0.886549707602	0.881871345029	0.729824561404	0.80701754386	0.837426900585	0.767251461988	0.832748538012	0.810526315789	0.948538011696	0.949707602339	0.974269005848	0.92865497076	0.930994152047	0.968421052632	0.919298245614	0.976608187135	0.371929824561	0.360233918129	0.366081871345	0.367251461988	0.0	0.376608187135	0.371929824561	0.373099415205	0.906432748538	0.904093567251	0.895906432749	0.887719298246	0.902923976608	0.885380116959	0.87134502924	0.887719298246	0.946198830409	0.911111111111	0.957894736842	0.922807017544	0.93216374269	0.918128654971	0.960233918129	0.902923976608	0.899415204678	0.905263157895	0.909941520468	0.892397660819	0.886549707602	0.880701754386	0.891228070175
DF6	0.92514619883	0.915789473684	0.898245614035	0.918128654971	0.930994152047	0.899415204678	0.921637426901	0.895906432749	0.881871345029	0.876023391813	0.879532163743	0.872514619883	0.87134502924	0.872514619883	0.885380116959	0.912280701754	0.856140350877	0.899415204678	0.707602339181	0.825730994152	0.86783625731	0.764912280702	0.851461988304	0.785964912281	0.920467836257	0.923976608187	0.962573099415	0.883040935673	0.895906432749	0.966081871345	0.895906432749	0.971929824561	0.370760233918	0.368421052632	0.343859649123	0.370760233918	0.376608187135	0.0	0.376608187135	0.370760233918	0.938011695906	0.929824561404	0.912280701754	0.920467836257	0.929824561404	0.901754385965	0.895906432749	0.919298245614	0.920467836257	0.893567251462	0.956725146199	0.920467836257	0.93216374269	0.891228070175	0.919298245614	0.904093567251	0.906432748538	0.876023391813	0.86432748538	0.852631578947	0.890058479532	0.899415204678	0.856140350877
DG6	0.921637426901	0.908771929825	0.898245614035	0.916959064327	0.922807017544	0.902923976608	0.921637426901	0.900584795322	0.92514619883	0.922807017544	0.916959064327	0.913450292398	0.920467836257	0.926315789474	0.936842105263	0.929824561404	0.905263157895	0.902923976608	0.763742690058	0.828070175439	0.865497076023	0.795321637427	0.859649122807	0.836257309942	0.947368421053	0.953216374269	0.975438596491	0.929824561404	0.93216374269	0.969590643275	0.92865497076	0.978947368421	0.347368421053	0.347368421053	0.348538011696	0.285380116959	0.371929824561	0.376608187135	0.0	0.33216374269	0.905263157895	0.916959064327	0.895906432749	0.912280701754	0.927485380117	0.901754385965	0.888888888889	0.905263157895	0.940350877193	0.908771929825	0.960233918129	0.929824561404	0.934502923977	0.923976608187	0.959064327485	0.915789473684	0.905263157895	0.926315789474	0.915789473684	0.897076023392	0.895906432749	0.901754385965	0.885380116959
DH6	0.920467836257	0.905263157895	0.895906432749	0.913450292398	0.923976608187	0.899415204678	0.913450292398	0.893567251462	0.905263157895	0.908771929825	0.902923976608	0.902923976608	0.897076023392	0.911111111111	0.919298245614	0.914619883041	0.888888888889	0.900584795322	0.736842105263	0.830409356725	0.869005847953	0.777777777778	0.851461988304	0.819883040936	0.943859649123	0.93918128655	0.971929824561	0.92865497076	0.930994152047	0.970760233918	0.915789473684	0.976608187135	0.352046783626	0.359064327485	0.352046783626	0.346198830409	0.373099415205	0.370760233918	0.33216374269	0.0	0.916959064327	0.921637426901	0.906432748538	0.911111111111	0.92514619883	0.895906432749	0.877192982456	0.906432748538	0.897076023392	0.890058479532	0.950877192982	0.920467836257	0.934502923977	0.86432748538	0.898245614035	0.907602339181	0.900584795322	0.909941520468	0.899415204678	0.883040935673	0.885380116959	0.895906432749	0.883040935673
DA7	0.952046783626	0.956725146199	0.94269005848	0.961403508772	0.956725146199	0.94269005848	0.957894736842	0.947368421053	0.894736842105	0.983625730994	0.955555555556	0.969590643275	0.970760233918	0.969590643275	0.988304093567	0.966081871345	0.954385964912	0.804678362573	0.915789473684	0.822222222222	0.760233918129	0.93918128655	0.826900584795	0.945029239766	0.950877192982	0.945029239766	0.989473684211	0.955555555556	0.952046783626	0.977777777778	0.961403508772	0.984795321637	0.881871345029	0.914619883041	0.926315789474	0.92514619883	0.906432748538	0.938011695906	0.905263157895	0.916959064327	0.0	0.445614035088	0.476023391813	0.512280701754	0.66432748538	0.431578947368	0.502923976608	0.39649122807	0.971929824561	0.947368421053	0.970760233918	0.964912280702	0.966081871345	0.961403508772	0.987134502924	0.843274853801	0.797660818713	0.945029239766	0.94269005848	0.923976608187	0.745029239766	0.904093567251	0.840935672515
DB7	0.953216374269	0.959064327485	0.943859649123	0.963742690058	0.968421052632	0.950877192982	0.963742690058	0.946198830409	0.892397660819	0.975438596491	0.956725146199	0.962573099415	0.962573099415	0.956725146199	0.978947368421	0.957894736842	0.954385964912	0.805847953216	0.919298245614	0.883040935673	0.880701754386	0.941520467836	0.865497076023	0.945029239766	0.941520467836	0.93216374269	0.983625730994	0.950877192982	0.943859649123	0.976608187135	0.953216374269	0.983625730994	0.901754385965	0.904093567251	0.922807017544	0.916959064327	0.904093567251	0.929824561404	0.916959064327	0.921637426901	0.445614035088	0.0	0.316959064327	0.470175438596	0.649122807018	0.40350877193	0.470175438596	0.348538011696	0.960233918129	0.933333333333	0.962573099415	0.94269005848	0.945029239766	0.948538011696	0.975438596491	0.821052631579	0.856140350877	0.936842105263	0.933333333333	0.918128654971	0.778947368421	0.888888888889	0.869005847953
