	DA5	DB5	DC5	DD5	DE5	DF5	DG5	DH5	DA2	DB2	DC2	DD2	DE2	DF2	DG2	DH2	DA1	DB1	DC1	DD1	DE1	DF1	DG1	DH1	DA4	DB4	DC4	DD4	DE4	DF4	DG4	DH4	DA6	DB6	DC6	DD6	DE6	DF6	DG6	DH6	DA7	DB7	DC7	DD7	DE7	DF7	DG7	DH7	DA8	DB8	DC8	DD8	DF8	DG8	DH8	DA3	DB3	DC3	DD3	DE3	DF3	DG3	DH3
DA5	0.0	0.391812865497	0.465497076023	0.349707602339	0.421052631579	0.459649122807	0.47134502924	0.380116959064	0.560233918129	0.576608187135	0.590643274854	0.743859649123	0.79649122807	0.825730994152	0.633918128655	0.560233918129	0.770760233918	0.804678362573	0.784795321637	0.633918128655	0.626900584795	0.701754385965	0.73918128655	0.79298245614	0.853801169591	0.86432748538	0.716959064327	0.734502923977	0.73216374269	0.722807017544	0.681871345029	0.721637426901	0.926315789474	0.892397660819	0.913450292398	0.934502923977	0.918128654971	0.929824561404	0.921637426901	0.940350877193	0.961403508772	0.957894736842	0.963742690058	0.945029239766	0.960233918129	0.949707602339	0.954385964912	0.964912280702	0.975438596491	0.970760233918	0.983625730994	0.980116959064	0.978947368421	0.967251461988	0.982456140351	0.711111111111	0.576608187135	0.715789473684	0.729824561404	0.612865497076	0.622222222222	0.705263157895	0.638596491228
DB5	0.391812865497	0.0	0.414035087719	0.39649122807	0.449122807018	0.408187134503	0.402339181287	0.377777777778	0.547368421053	0.628070175439	0.637426900585	0.730994152047	0.785964912281	0.830409356725	0.661988304094	0.549707602339	0.764912280702	0.787134502924	0.781286549708	0.621052631579	0.617543859649	0.694736842105	0.726315789474	0.777777777778	0.840935672515	0.858479532164	0.676023391813	0.722807017544	0.726315789474	0.677192982456	0.650292397661	0.676023391813	0.909941520468	0.883040935673	0.912280701754	0.92865497076	0.915789473684	0.930994152047	0.929824561404	0.938011695906	0.956725146199	0.956725146199	0.956725146199	0.93216374269	0.955555555556	0.947368421053	0.957894736842	0.957894736842	0.980116959064	0.980116959064	0.987134502924	0.983625730994	0.977777777778	0.968421052632	0.978947368421	0.679532163743	0.549707602339	0.683040935673	0.700584795322	0.602339181287	0.616374269006	0.67134502924	0.615204678363
DC5	0.465497076023	0.414035087719	0.0	0.436257309942	0.520467836257	0.368421052632	0.432748538012	0.449122807018	0.591812865497	0.683040935673	0.66081871345	0.746198830409	0.804678362573	0.804678362573	0.706432748538	0.624561403509	0.715789473684	0.804678362573	0.762573099415	0.609356725146	0.615204678363	0.654970760234	0.736842105263	0.730994152047	0.87485380117	0.879532163743	0.738011695906	0.719298245614	0.736842105263	0.745029239766	0.679532163743	0.750877192982	0.895906432749	0.86081871345	0.898245614035	0.913450292398	0.881871345029	0.907602339181	0.912280701754	0.926315789474	0.93567251462	0.921637426901	0.926315789474	0.884210526316	0.912280701754	0.911111111111	0.919298245614	0.93216374269	0.962573099415	0.959064327485	0.964912280702	0.955555555556	0.953216374269	0.961403508772	0.963742690058	0.669005847953	0.559064327485	0.679532163743	0.692397660819	0.587134502924	0.631578947368	0.663157894737	0.608187134503
DD5	0.349707602339	0.39649122807	0.436257309942	0.0	0.356725146199	0.432748538012	0.450292397661	0.384795321637	0.561403508772	0.545029239766	0.574269005848	0.750877192982	0.802339181287	0.818713450292	0.614035087719	0.547368421053	0.747368421053	0.809356725146	0.774269005848	0.628070175439	0.632748538012	0.679532163743	0.74269005848	0.757894736842	0.86783625731	0.884210526316	0.727485380117	0.721637426901	0.733333333333	0.733333333333	0.687719298246	0.733333333333	0.919298245614	0.892397660819	0.911111111111	0.929824561404	0.914619883041	0.927485380117	0.92514619883	0.936842105263	0.954385964912	0.954385964912	0.953216374269	0.92514619883	0.953216374269	0.938011695906	0.952046783626	0.956725146199	0.973099415205	0.975438596491	0.980116959064	0.973099415205	0.969590643275	0.974269005848	0.976608187135	0.711111111111	0.580116959064	0.706432748538	0.726315789474	0.612865497076	0.619883040936	0.699415204678	0.639766081871
DE5	0.421052631579	0.449122807018	0.520467836257	0.356725146199	0.0	0.518128654971	0.529824561404	0.439766081871	0.560233918129	0.54269005848	0.578947368421	0.759064327485	0.810526315789	0.828070175439	0.610526315789	0.552046783626	0.784795321637	0.822222222222	0.811695906433	0.650292397661	0.663157894737	0.716959064327	0.771929824561	0.797660818713	0.87485380117	0.883040935673	0.784795321637	0.756725146199	0.767251461988	0.787134502924	0.763742690058	0.794152046784	0.927485380117	0.906432748538	0.921637426901	0.94269005848	0.926315789474	0.938011695906	0.933333333333	0.946198830409	0.962573099415	0.966081871345	0.962573099415	0.949707602339	0.966081871345	0.960233918129	0.963742690058	0.969590643275	0.980116959064	0.971929824561	0.984795321637	0.980116959064	0.975438596491	0.969590643275	0.977777777778	0.780116959064	0.656140350877	0.780116959064	0.791812865497	0.684210526316	0.636257309942	0.782456140351	0.704093567251
DF5	0.459649122807	0.408187134503	0.368421052632	0.432748538012	0.518128654971	0.0	0.412865497076	0.433918128655	0.588304093567	0.685380116959	0.651461988304	0.759064327485	0.812865497076	0.805847953216	0.707602339181	0.619883040936	0.73918128655	0.821052631579	0.771929824561	0.622222222222	0.622222222222	0.665497076023	0.753216374269	0.736842105263	0.881871345029	0.893567251462	0.704093567251	0.722807017544	0.738011695906	0.727485380117	0.645614035088	0.722807017544	0.895906432749	0.87134502924	0.900584795322	0.914619883041	0.884210526316	0.906432748538	0.913450292398	0.927485380117	0.948538011696	0.927485380117	0.93567251462	0.893567251462	0.914619883041	0.922807017544	0.92865497076	0.938011695906	0.964912280702	0.959064327485	0.970760233918	0.966081871345	0.954385964912	0.960233918129	0.963742690058	0.644444444444	0.52514619883	0.653801169591	0.66081871345	0.589473684211	0.633918128655	0.636257309942	0.574269005848
DG5	0.47134502924	0.402339181287	0.432748538012	0.450292397661	0.529824561404	0.412865497076	0.0	0.442105263158	0.581286549708	0.681871345029	0.694736842105	0.73216374269	0.778947368421	0.808187134503	0.705263157895	0.617543859649	0.749707602339	0.80350877193	0.755555555556	0.630409356725	0.625730994152	0.678362573099	0.740350877193	0.757894736842	0.858479532164	0.876023391813	0.658479532164	0.700584795322	0.705263157895	0.690058479532	0.569590643275	0.692397660819	0.909941520468	0.880701754386	0.898245614035	0.920467836257	0.893567251462	0.914619883041	0.909941520468	0.92865497076	0.953216374269	0.946198830409	0.945029239766	0.923976608187	0.954385964912	0.938011695906	0.938011695906	0.954385964912	0.957894736842	0.964912280702	0.970760233918	0.961403508772	0.956725146199	0.959064327485	0.961403508772	0.60701754386	0.534502923977	0.663157894737	0.666666666667	0.604678362573	0.654970760234	0.60701754386	0.575438596491
DH5	0.380116959064	0.377777777778	0.449122807018	0.384795321637	0.439766081871	0.433918128655	0.442105263158	0.0	0.530994152047	0.581286549708	0.578947368421	0.699415204678	0.757894736842	0.785964912281	0.602339181287	0.526315789474	0.73918128655	0.787134502924	0.764912280702	0.60701754386	0.632748538012	0.663157894737	0.72865497076	0.746198830409	0.832748538012	0.840935672515	0.697076023392	0.690058479532	0.701754385965	0.716959064327	0.649122807018	0.716959064327	0.913450292398	0.883040935673	0.901754385965	0.93216374269	0.911111111111	0.894736842105	0.916959064327	0.93216374269	0.962573099415	0.949707602339	0.943859649123	0.938011695906	0.960233918129	0.92514619883	0.934502923977	0.954385964912	0.938011695906	0.948538011696	0.974269005848	0.955555555556	0.963742690058	0.93567251462	0.943859649123	0.685380116959	0.575438596491	0.678362573099	0.695906432749	0.581286549708	0.604678362573	0.698245614035	0.614035087719
DA2	0.560233918129	0.547368421053	0.591812865497	0.561403508772	0.560233918129	0.588304093567	0.581286549708	0.530994152047	0.0	0.587134502924	0.568421052632	0.67485380117	0.713450292398	0.736842105263	0.59298245614	0.433918128655	0.697076023392	0.726315789474	0.73216374269	0.602339181287	0.621052631579	0.706432748538	0.638596491228	0.743859649123	0.763742690058	0.795321637427	0.719298245614	0.692397660819	0.692397660819	0.74269005848	0.684210526316	0.743859649123	0.938011695906	0.895906432749	0.930994152047	0.920467836257	0.906432748538	0.887719298246	0.933333333333	0.926315789474	0.918128654971	0.895906432749	0.895906432749	0.913450292398	0.950877192982	0.879532163743	0.897076023392	0.913450292398	0.912280701754	0.912280701754	0.952046783626	0.918128654971	0.934502923977	0.890058479532	0.892397660819	0.736842105263	0.650292397661	0.722807017544	0.722807017544	0.624561403509	0.568421052632	0.741520467836	0.649122807018
DB2	0.576608187135	0.628070175439	0.683040935673	0.545029239766	0.54269005848	0.685380116959	0.681871345029	0.581286549708	0.587134502924	0.0	0.521637426901	0.642105263158	0.691228070175	0.677192982456	0.481871345029	0.6	0.760233918129	0.832748538012	0.741520467836	0.686549707602	0.760233918129	0.759064327485	0.762573099415	0.747368421053	0.821052631579	0.843274853801	0.861988304094	0.769590643275	0.802339181287	0.888888888889	0.795321637427	0.891228070175	0.923976608187	0.893567251462	0.901754385965	0.941520467836	0.915789473684	0.869005847953	0.92514619883	0.912280701754	0.985964912281	0.964912280702	0.959064327485	0.966081871345	0.989473684211	0.949707602339	0.938011695906	0.975438596491	0.909941520468	0.916959064327	0.960233918129	0.926315789474	0.949707602339	0.884210526316	0.86432748538	0.846783625731	0.752046783626	0.768421052632	0.769590643275	0.663157894737	0.688888888889	0.863157894737	0.72865497076
DC2	0.590643274854	0.637426900585	0.66081871345	0.574269005848	0.578947368421	0.651461988304	0.694736842105	0.578947368421	0.568421052632	0.521637426901	0.0	0.635087719298	0.672514619883	0.619883040936	0.511111111111	0.575438596491	0.665497076023	0.784795321637	0.73567251462	0.676023391813	0.750877192982	0.72865497076	0.72514619883	0.706432748538	0.825730994152	0.859649122807	0.856140350877	0.72865497076	0.729824561404	0.879532163743	0.749707602339	0.879532163743	0.921637426901	0.897076023392	0.901754385965	0.933333333333	0.914619883041	0.861988304094	0.92514619883	0.92514619883	0.950877192982	0.936842105263	0.920467836257	0.929824561404	0.957894736842	0.920467836257	0.921637426901	0.941520467836	0.887719298246	0.884210526316	0.92514619883	0.880701754386	0.909941520468	0.861988304094	0.819883040936	0.801169590643	0.701754385965	0.706432748538	0.72514619883	0.618713450292	0.652631578947	0.808187134503	0.669005847953
DD2	0.743859649123	0.730994152047	0.746198830409	0.750877192982	0.759064327485	0.759064327485	0.73216374269	0.699415204678	0.67485380117	0.642105263158	0.635087719298	0.0	0.484210526316	0.52865497076	0.563742690058	0.692397660819	0.683040935673	0.762573099415	0.688888888889	0.730994152047	0.73567251462	0.743859649123	0.699415204678	0.683040935673	0.769590643275	0.778947368421	0.819883040936	0.755555555556	0.755555555556	0.840935672515	0.770760233918	0.850292397661	0.914619883041	0.885380116959	0.892397660819	0.93567251462	0.909941520468	0.853801169591	0.921637426901	0.916959064327	0.966081871345	0.945029239766	0.930994152047	0.936842105263	0.970760233918	0.927485380117	0.915789473684	0.948538011696	0.906432748538	0.918128654971	0.953216374269	0.920467836257	0.941520467836	0.881871345029	0.80701754386	0.847953216374	0.831578947368	0.680701754386	0.680701754386	0.676023391813	0.79649122807	0.863157894737	0.723976608187
DE2	0.79649122807	0.785964912281	0.804678362573	0.802339181287	0.810526315789	0.812865497076	0.778947368421	0.757894736842	0.713450292398	0.691228070175	0.672514619883	0.484210526316	0.0	0.527485380117	0.602339181287	0.746198830409	0.697076023392	0.805847953216	0.694736842105	0.753216374269	0.776608187135	0.757894736842	0.741520467836	0.701754385965	0.815204678363	0.823391812865	0.85730994152	0.771929824561	0.763742690058	0.880701754386	0.79649122807	0.881871345029	0.92514619883	0.901754385965	0.902923976608	0.934502923977	0.908771929825	0.850292397661	0.926315789474	0.915789473684	0.982456140351	0.957894736842	0.943859649123	0.955555555556	0.978947368421	0.938011695906	0.93216374269	0.967251461988	0.907602339181	0.920467836257	0.957894736842	0.911111111111	0.948538011696	0.880701754386	0.802339181287	0.86081871345	0.858479532164	0.669005847953	0.680701754386	0.709941520468	0.825730994152	0.884210526316	0.756725146199
DF2	0.825730994152	0.830409356725	0.804678362573	0.818713450292	0.828070175439	0.805847953216	0.808187134503	0.785964912281	0.736842105263	0.677192982456	0.619883040936	0.52865497076	0.527485380117	0.0	0.597660818713	0.777777777778	0.706432748538	0.873684210526	0.745029239766	0.80350877193	0.837426900585	0.79649122807	0.812865497076	0.718128654971	0.866666666667	0.885380116959	0.920467836257	0.791812865497	0.80350877193	0.947368421053	0.826900584795	0.948538011696	0.946198830409	0.915789473684	0.922807017544	0.948538011696	0.933333333333	0.869005847953	0.945029239766	0.938011695906	0.981286549708	0.956725146199	0.950877192982	0.957894736842	0.988304093567	0.946198830409	0.934502923977	0.968421052632	0.891228070175	0.906432748538	0.940350877193	0.907602339181	0.929824561404	0.869005847953	0.778947368421	0.866666666667	0.839766081871	0.66432748538	0.65730994152	0.691228070175	0.802339181287	0.880701754386	0.719298245614
DG2	0.633918128655	0.661988304094	0.706432748538	0.614035087719	0.610526315789	0.707602339181	0.705263157895	0.602339181287	0.59298245614	0.481871345029	0.511111111111	0.563742690058	0.602339181287	0.597660818713	0.0	0.604678362573	0.72865497076	0.842105263158	0.721637426901	0.702923976608	0.791812865497	0.770760233918	0.775438596491	0.707602339181	0.832748538012	0.847953216374	0.877192982456	0.771929824561	0.787134502924	0.907602339181	0.797660818713	0.905263157895	0.946198830409	0.916959064327	0.916959064327	0.954385964912	0.936842105263	0.876023391813	0.93918128655	0.92514619883	0.988304093567	0.964912280702	0.961403508772	0.964912280702	0.985964912281	0.949707602339	0.93918128655	0.981286549708	0.892397660819	0.906432748538	0.954385964912	0.912280701754	0.947368421053	0.866666666667	0.80350877193	0.85730994152	0.766081871345	0.711111111111	0.721637426901	0.661988304094	0.704093567251	0.878362573099	0.722807017544
DH2	0.560233918129	0.549707602339	0.624561403509	0.547368421053	0.552046783626	0.619883040936	0.617543859649	0.526315789474	0.433918128655	0.6	0.575438596491	0.692397660819	0.746198830409	0.777777777778	0.604678362573	0.0	0.768421052632	0.713450292398	0.775438596491	0.647953216374	0.681871345029	0.707602339181	0.654970760234	0.790643274854	0.715789473684	0.73567251462	0.672514619883	0.769590643275	0.760233918129	0.687719298246	0.73918128655	0.698245614035	0.934502923977	0.902923976608	0.930994152047	0.921637426901	0.908771929825	0.909941520468	0.92865497076	0.930994152047	0.957894736842	0.93918128655	0.936842105263	0.930994152047	0.959064327485	0.929824561404	0.933333333333	0.952046783626	0.94269005848	0.941520467836	0.966081871345	0.936842105263	0.954385964912	0.930994152047	0.940350877193	0.780116959064	0.687719298246	0.788304093567	0.79298245614	0.694736842105	0.642105263158	0.789473684211	0.714619883041
DA1	0.770760233918	0.764912280702	0.715789473684	0.747368421053	0.784795321637	0.73918128655	0.749707602339	0.73918128655	0.697076023392	0.760233918129	0.665497076023	0.683040935673	0.697076023392	0.706432748538	0.72865497076	0.768421052632	0.0	0.624561403509	0.643274853801	0.723976608187	0.707602339181	0.695906432749	0.684210526316	0.590643274854	0.809356725146	0.846783625731	0.804678362573	0.642105263158	0.670175438596	0.830409356725	0.647953216374	0.830409356725	0.905263157895	0.894736842105	0.899415204678	0.909941520468	0.886549707602	0.844444444444	0.906432748538	0.909941520468	0.957894736842	0.940350877193	0.926315789474	0.908771929825	0.943859649123	0.911111111111	0.929824561404	0.947368421053	0.754385964912	0.762573099415	0.80350877193	0.767251461988	0.784795321637	0.73216374269	0.67134502924	0.776608187135	0.811695906433	0.65730994152	0.661988304094	0.702923976608	0.782456140351	0.784795321637	0.72514619883
DB1	0.804678362573	0.787134502924	0.804678362573	0.809356725146	0.822222222222	0.821052631579	0.80350877193	0.787134502924	0.726315789474	0.832748538012	0.784795321637	0.762573099415	0.805847953216	0.873684210526	0.842105263158	0.713450292398	0.624561403509	0.0	0.740350877193	0.701754385965	0.695906432749	0.733333333333	0.52514619883	0.72865497076	0.723976608187	0.74269005848	0.759064327485	0.778947368421	0.767251461988	0.775438596491	0.73567251462	0.777777777778	0.914619883041	0.878362573099	0.902923976608	0.911111111111	0.898245614035	0.897076023392	0.907602339181	0.919298245614	0.812865497076	0.801169590643	0.794152046784	0.808187134503	0.837426900585	0.788304093567	0.802339181287	0.805847953216	0.73216374269	0.726315789474	0.748538011696	0.733333333333	0.740350877193	0.723976608187	0.743859649123	0.850292397661	0.866666666667	0.87485380117	0.877192982456	0.870175438596	0.810526315789	0.86783625731	0.858479532164
DC1	0.784795321637	0.781286549708	0.762573099415	0.774269005848	0.811695906433	0.771929824561	0.755555555556	0.764912280702	0.73216374269	0.741520467836	0.73567251462	0.688888888889	0.694736842105	0.745029239766	0.721637426901	0.775438596491	0.643274853801	0.740350877193	0.0	0.602339181287	0.623391812865	0.495906432749	0.604678362573	0.506432748538	0.808187134503	0.833918128655	0.86432748538	0.748538011696	0.759064327485	0.879532163743	0.754385964912	0.886549707602	0.774269005848	0.743859649123	0.759064327485	0.769590643275	0.74269005848	0.706432748538	0.769590643275	0.761403508772	0.927485380117	0.912280701754	0.901754385965	0.884210526316	0.912280701754	0.885380116959	0.898245614035	0.913450292398	0.913450292398	0.912280701754	0.959064327485	0.918128654971	0.947368421053	0.879532163743	0.839766081871	0.80350877193	0.833918128655	0.74269005848	0.72865497076	0.760233918129	0.808187134503	0.815204678363	0.750877192982
DD1	0.633918128655	0.621052631579	0.609356725146	0.628070175439	0.650292397661	0.622222222222	0.630409356725	0.60701754386	0.602339181287	0.686549707602	0.676023391813	0.730994152047	0.753216374269	0.80350877193	0.702923976608	0.647953216374	0.723976608187	0.701754385965	0.602339181287	0.0	0.398830409357	0.490058479532	0.480701754386	0.585964912281	0.821052631579	0.832748538012	0.832748538012	0.804678362573	0.8	0.844444444444	0.8	0.852631578947	0.849122807018	0.811695906433	0.843274853801	0.861988304094	0.831578947368	0.835087719298	0.839766081871	0.858479532164	0.818713450292	0.863157894737	0.87485380117	0.881871345029	0.906432748538	0.801169590643	0.899415204678	0.858479532164	0.946198830409	0.940350877193	0.970760233918	0.950877192982	0.962573099415	0.933333333333	0.950877192982	0.789473684211	0.699415204678	0.809356725146	0.821052631579	0.704093567251	0.644444444444	0.802339181287	0.723976608187
DE1	0.626900584795	0.617543859649	0.615204678363	0.632748538012	0.663157894737	0.622222222222	0.625730994152	0.632748538012	0.621052631579	0.760233918129	0.750877192982	0.73567251462	0.776608187135	0.837426900585	0.791812865497	0.681871345029	0.707602339181	0.695906432749	0.623391812865	0.398830409357	0.0	0.522807017544	0.486549707602	0.644444444444	0.832748538012	0.843274853801	0.778947368421	0.780116959064	0.770760233918	0.781286549708	0.760233918129	0.787134502924	0.859649122807	0.823391812865	0.858479532164	0.870175438596	0.853801169591	0.869005847953	0.86432748538	0.881871345029	0.774269005848	0.87485380117	0.887719298246	0.87485380117	0.904093567251	0.814035087719	0.919298245614	0.866666666667	0.969590643275	0.961403508772	0.973099415205	0.967251461988	0.974269005848	0.954385964912	0.980116959064	0.768421052632	0.708771929825	0.778947368421	0.80350877193	0.73216374269	0.672514619883	0.767251461988	0.709941520468
DF1	0.701754385965	0.694736842105	0.654970760234	0.679532163743	0.716959064327	0.665497076023	0.678362573099	0.663157894737	0.706432748538	0.759064327485	0.72865497076	0.743859649123	0.757894736842	0.79649122807	0.770760233918	0.707602339181	0.695906432749	0.733333333333	0.495906432749	0.490058479532	0.522807017544	0.0	0.585964912281	0.491228070175	0.837426900585	0.847953216374	0.837426900585	0.782456140351	0.80350877193	0.846783625731	0.774269005848	0.854970760234	0.798830409357	0.766081871345	0.782456140351	0.788304093567	0.767251461988	0.757894736842	0.788304093567	0.789473684211	0.93216374269	0.923976608187	0.930994152047	0.884210526316	0.912280701754	0.904093567251	0.923976608187	0.93216374269	0.940350877193	0.929824561404	0.968421052632	0.94269005848	0.962573099415	0.912280701754	0.938011695906	0.783625730994	0.762573099415	0.777777777778	0.791812865497	0.73918128655	0.745029239766	0.791812865497	0.722807017544
DG1	0.73918128655	0.726315789474	0.736842105263	0.74269005848	0.771929824561	0.753216374269	0.740350877193	0.72865497076	0.638596491228	0.762573099415	0.72514619883	0.699415204678	0.741520467836	0.812865497076	0.775438596491	0.654970760234	0.684210526316	0.52514619883	0.604678362573	0.480701754386	0.486549707602	0.585964912281	0.0	0.614035087719	0.702923976608	0.709941520468	0.746198830409	0.746198830409	0.73567251462	0.764912280702	0.733333333333	0.770760233918	0.858479532164	0.833918128655	0.859649122807	0.866666666667	0.835087719298	0.836257309942	0.85730994152	0.87134502924	0.819883040936	0.842105263158	0.852631578947	0.872514619883	0.906432748538	0.783625730994	0.885380116959	0.830409356725	0.892397660819	0.883040935673	0.916959064327	0.888888888889	0.907602339181	0.876023391813	0.899415204678	0.817543859649	0.821052631579	0.819883040936	0.840935672515	0.817543859649	0.755555555556	0.824561403509	0.794152046784
DH1	0.79298245614	0.777777777778	0.730994152047	0.757894736842	0.797660818713	0.736842105263	0.757894736842	0.746198830409	0.743859649123	0.747368421053	0.706432748538	0.683040935673	0.701754385965	0.718128654971	0.707602339181	0.790643274854	0.590643274854	0.72865497076	0.506432748538	0.585964912281	0.644444444444	0.491228070175	0.614035087719	0.0	0.821052631579	0.845614035088	0.863157894737	0.718128654971	0.733333333333	0.888888888889	0.743859649123	0.890058479532	0.840935672515	0.826900584795	0.833918128655	0.844444444444	0.819883040936	0.783625730994	0.838596491228	0.832748538012	0.957894736842	0.946198830409	0.93567251462	0.890058479532	0.914619883041	0.915789473684	0.922807017544	0.954385964912	0.881871345029	0.892397660819	0.93567251462	0.890058479532	0.919298245614	0.86081871345	0.80350877193	0.836257309942	0.86432748538	0.730994152047	0.72514619883	0.762573099415	0.842105263158	0.850292397661	0.782456140351
DA4	0.853801169591	0.840935672515	0.87485380117	0.86783625731	0.87485380117	0.881871345029	0.858479532164	0.832748538012	0.763742690058	0.821052631579	0.825730994152	0.769590643275	0.815204678363	0.866666666667	0.832748538012	0.715789473684	0.809356725146	0.723976608187	0.808187134503	0.821052631579	0.832748538012	0.837426900585	0.702923976608	0.821052631579	0.0	0.414035087719	0.553216374269	0.73216374269	0.708771929825	0.534502923977	0.778947368421	0.560233918129	0.957894736842	0.94269005848	0.949707602339	0.959064327485	0.950877192982	0.915789473684	0.957894736842	0.948538011696	0.960233918129	0.938011695906	0.938011695906	0.947368421053	0.960233918129	0.936842105263	0.934502923977	0.952046783626	0.93216374269	0.936842105263	0.964912280702	0.940350877193	0.947368421053	0.923976608187	0.918128654971	0.878362573099	0.908771929825	0.866666666667	0.872514619883	0.858479532164	0.890058479532	0.893567251462	0.86432748538
DB4	0.86432748538	0.858479532164	0.879532163743	0.884210526316	0.883040935673	0.893567251462	0.876023391813	0.840935672515	0.795321637427	0.843274853801	0.859649122807	0.778947368421	0.823391812865	0.885380116959	0.847953216374	0.73567251462	0.846783625731	0.74269005848	0.833918128655	0.832748538012	0.843274853801	0.847953216374	0.709941520468	0.845614035088	0.414035087719	0.0	0.557894736842	0.766081871345	0.749707602339	0.518128654971	0.801169590643	0.567251461988	0.962573099415	0.94269005848	0.952046783626	0.963742690058	0.953216374269	0.92865497076	0.959064327485	0.952046783626	0.957894736842	0.93567251462	0.940350877193	0.94269005848	0.956725146199	0.92865497076	0.926315789474	0.950877192982	0.927485380117	0.934502923977	0.964912280702	0.947368421053	0.950877192982	0.938011695906	0.92865497076	0.897076023392	0.916959064327	0.883040935673	0.890058479532	0.888888888889	0.900584795322	0.914619883041	0.888888888889
DC4	0.716959064327	0.676023391813	0.738011695906	0.727485380117	0.784795321637	0.704093567251	0.658479532164	0.697076023392	0.719298245614	0.861988304094	0.856140350877	0.819883040936	0.85730994152	0.920467836257	0.877192982456	0.672514619883	0.804678362573	0.759064327485	0.86432748538	0.832748538012	0.778947368421	0.837426900585	0.746198830409	0.863157894737	0.553216374269	0.557894736842	0.0	0.709941520468	0.707602339181	0.32865497076	0.610526315789	0.32514619883	0.980116959064	0.963742690058	0.961403508772	0.969590643275	0.964912280702	0.954385964912	0.967251461988	0.963742690058	0.980116959064	0.968421052632	0.973099415205	0.971929824561	0.981286549708	0.966081871345	0.966081871345	0.980116959064	0.955555555556	0.955555555556	0.971929824561	0.954385964912	0.963742690058	0.960233918129	0.949707602339	0.711111111111	0.72865497076	0.727485380117	0.727485380117	0.759064327485	0.836257309942	0.730994152047	0.711111111111
DD4	0.734502923977	0.722807017544	0.719298245614	0.721637426901	0.756725146199	0.722807017544	0.700584795322	0.690058479532	0.692397660819	0.769590643275	0.72865497076	0.755555555556	0.771929824561	0.791812865497	0.771929824561	0.769590643275	0.642105263158	0.778947368421	0.748538011696	0.804678362573	0.780116959064	0.782456140351	0.746198830409	0.718128654971	0.73216374269	0.766081871345	0.709941520468	0.0	0.415204678363	0.73918128655	0.59298245614	0.741520467836	0.93216374269	0.93567251462	0.923976608187	0.945029239766	0.919298245614	0.881871345029	0.93918128655	0.934502923977	0.955555555556	0.930994152047	0.92514619883	0.93567251462	0.961403508772	0.918128654971	0.921637426901	0.936842105263	0.887719298246	0.884210526316	0.916959064327	0.885380116959	0.897076023392	0.859649122807	0.826900584795	0.750877192982	0.781286549708	0.67485380117	0.677192982456	0.687719298246	0.790643274854	0.760233918129	0.688888888889
DE4	0.73216374269	0.726315789474	0.736842105263	0.733333333333	0.767251461988	0.738011695906	0.705263157895	0.701754385965	0.692397660819	0.802339181287	0.729824561404	0.755555555556	0.763742690058	0.80350877193	0.787134502924	0.760233918129	0.670175438596	0.767251461988	0.759064327485	0.8	0.770760233918	0.80350877193	0.73567251462	0.733333333333	0.708771929825	0.749707602339	0.707602339181	0.415204678363	0.0	0.733333333333	0.585964912281	0.73216374269	0.943859649123	0.936842105263	0.92865497076	0.952046783626	0.92514619883	0.892397660819	0.93918128655	0.93918128655	0.957894736842	0.933333333333	0.92514619883	0.92865497076	0.967251461988	0.915789473684	0.918128654971	0.936842105263	0.883040935673	0.885380116959	0.915789473684	0.880701754386	0.894736842105	0.887719298246	0.844444444444	0.757894736842	0.794152046784	0.699415204678	0.701754385965	0.708771929825	0.798830409357	0.773099415205	0.719298245614
DF4	0.722807017544	0.677192982456	0.745029239766	0.733333333333	0.787134502924	0.727485380117	0.690058479532	0.716959064327	0.74269005848	0.888888888889	0.879532163743	0.840935672515	0.880701754386	0.947368421053	0.907602339181	0.687719298246	0.830409356725	0.775438596491	0.879532163743	0.844444444444	0.781286549708	0.846783625731	0.764912280702	0.888888888889	0.534502923977	0.518128654971	0.32865497076	0.73918128655	0.733333333333	0.0	0.669005847953	0.323976608187	0.982456140351	0.975438596491	0.970760233918	0.971929824561	0.971929824561	0.974269005848	0.974269005848	0.974269005848	0.983625730994	0.971929824561	0.975438596491	0.970760233918	0.977777777778	0.971929824561	0.971929824561	0.985964912281	0.978947368421	0.978947368421	0.983625730994	0.983625730994	0.980116959064	0.982456140351	0.978947368421	0.760233918129	0.763742690058	0.761403508772	0.762573099415	0.785964912281	0.846783625731	0.766081871345	0.763742690058
DG4	0.681871345029	0.650292397661	0.679532163743	0.687719298246	0.763742690058	0.645614035088	0.569590643275	0.649122807018	0.684210526316	0.795321637427	0.749707602339	0.770760233918	0.79649122807	0.826900584795	0.797660818713	0.73918128655	0.647953216374	0.73567251462	0.754385964912	0.8	0.760233918129	0.774269005848	0.733333333333	0.743859649123	0.778947368421	0.801169590643	0.610526315789	0.59298245614	0.585964912281	0.669005847953	0.0	0.661988304094	0.952046783626	0.940350877193	0.930994152047	0.945029239766	0.912280701754	0.885380116959	0.93567251462	0.929824561404	0.968421052632	0.938011695906	0.93216374269	0.941520467836	0.974269005848	0.919298245614	0.905263157895	0.936842105263	0.844444444444	0.858479532164	0.885380116959	0.859649122807	0.859649122807	0.851461988304	0.829239766082	0.618713450292	0.688888888889	0.653801169591	0.635087719298	0.691228070175	0.797660818713	0.631578947368	0.644444444444
DH4	0.721637426901	0.676023391813	0.750877192982	0.733333333333	0.794152046784	0.722807017544	0.692397660819	0.716959064327	0.743859649123	0.891228070175	0.879532163743	0.850292397661	0.881871345029	0.948538011696	0.905263157895	0.698245614035	0.830409356725	0.777777777778	0.886549707602	0.852631578947	0.787134502924	0.854970760234	0.770760233918	0.890058479532	0.560233918129	0.567251461988	0.32514619883	0.741520467836	0.73216374269	0.323976608187	0.661988304094	0.0	0.981286549708	0.975438596491	0.975438596491	0.973099415205	0.981286549708	0.976608187135	0.980116959064	0.978947368421	0.983625730994	0.974269005848	0.981286549708	0.980116959064	0.980116959064	0.978947368421	0.978947368421	0.984795321637	0.981286549708	0.983625730994	0.985964912281	0.987134502924	0.976608187135	0.984795321637	0.980116959064	0.752046783626	0.759064327485	0.753216374269	0.756725146199	0.783625730994	0.850292397661	0.757894736842	0.757894736842
DA6	0.926315789474	0.909941520468	0.895906432749	0.919298245614	0.927485380117	0.895906432749	0.909941520468	0.913450292398	0.938011695906	0.923976608187	0.921637426901	0.914619883041	0.92514619883	0.946198830409	0.946198830409	0.934502923977	0.905263157895	0.914619883041	0.774269005848	0.849122807018	0.859649122807	0.798830409357	0.858479532164	0.840935672515	0.957894736842	0.962573099415	0.980116959064	0.93216374269	0.943859649123	0.982456140351	0.952046783626	0.981286549708	0.0	0.364912280702	0.353216374269	0.307602339181	0.362573099415	0.391812865497	0.302923976608	0.380116959064	0.884210526316	0.885380116959	0.881871345029	0.915789473684	0.936842105263	0.906432748538	0.878362573099	0.87485380117	0.962573099415	0.943859649123	0.963742690058	0.948538011696	0.94269005848	0.933333333333	0.970760233918	0.919298245614	0.879532163743	0.930994152047	0.926315789474	0.911111111111	0.880701754386	0.899415204678	0.880701754386
DB6	0.892397660819	0.883040935673	0.86081871345	0.892397660819	0.906432748538	0.87134502924	0.880701754386	0.883040935673	0.895906432749	0.893567251462	0.897076023392	0.885380116959	0.901754385965	0.915789473684	0.916959064327	0.902923976608	0.894736842105	0.878362573099	0.743859649123	0.811695906433	0.823391812865	0.766081871345	0.833918128655	0.826900584795	0.94269005848	0.94269005848	0.963742690058	0.93567251462	0.936842105263	0.975438596491	0.940350877193	0.975438596491	0.364912280702	0.0	0.341520467836	0.363742690058	0.377777777778	0.373099415205	0.371929824561	0.40350877193	0.900584795322	0.884210526316	0.893567251462	0.895906432749	0.927485380117	0.900584795322	0.87134502924	0.893567251462	0.947368421053	0.929824561404	0.956725146199	0.940350877193	0.93918128655	0.921637426901	0.955555555556	0.869005847953	0.851461988304	0.884210526316	0.880701754386	0.86081871345	0.843274853801	0.861988304094	0.843274853801
DC6	0.913450292398	0.912280701754	0.898245614035	0.911111111111	0.921637426901	0.900584795322	0.898245614035	0.901754385965	0.930994152047	0.901754385965	0.901754385965	0.892397660819	0.902923976608	0.922807017544	0.916959064327	0.930994152047	0.899415204678	0.902923976608	0.759064327485	0.843274853801	0.858479532164	0.782456140351	0.859649122807	0.833918128655	0.949707602339	0.952046783626	0.961403508772	0.923976608187	0.92865497076	0.970760233918	0.930994152047	0.975438596491	0.353216374269	0.341520467836	0.0	0.377777777778	0.378947368421	0.366081871345	0.356725146199	0.387134502924	0.888888888889	0.894736842105	0.883040935673	0.907602339181	0.930994152047	0.901754385965	0.87134502924	0.87485380117	0.941520467836	0.92514619883	0.955555555556	0.93216374269	0.93567251462	0.922807017544	0.952046783626	0.915789473684	0.881871345029	0.916959064327	0.912280701754	0.893567251462	0.881871345029	0.911111111111	0.873684210526
DD6	0.934502923977	0.92865497076	0.913450292398	0.929824561404	0.94269005848	0.914619883041	0.920467836257	0.93216374269	0.920467836257	0.941520467836	0.933333333333	0.93567251462	0.934502923977	0.948538011696	0.954385964912	0.921637426901	0.909941520468	0.911111111111	0.769590643275	0.861988304094	0.870175438596	0.788304093567	0.866666666667	0.844444444444	0.959064327485	0.963742690058	0.969590643275	0.945029239766	0.952046783626	0.971929824561	0.945029239766	0.973099415205	0.307602339181	0.363742690058	0.377777777778	0.0	0.336842105263	0.381286549708	0.280701754386	0.376608187135	0.911111111111	0.906432748538	0.911111111111	0.922807017544	0.929824561404	0.912280701754	0.901754385965	0.906432748538	0.957894736842	0.941520467836	0.963742690058	0.950877192982	0.949707602339	0.936842105263	0.968421052632	0.900584795322	0.881871345029	0.913450292398	0.905263157895	0.892397660819	0.881871345029	0.893567251462	0.887719298246
DE6	0.918128654971	0.915789473684	0.881871345029	0.914619883041	0.926315789474	0.884210526316	0.893567251462	0.911111111111	0.906432748538	0.915789473684	0.914619883041	0.909941520468	0.908771929825	0.933333333333	0.936842105263	0.908771929825	0.886549707602	0.898245614035	0.74269005848	0.831578947368	0.853801169591	0.767251461988	0.835087719298	0.819883040936	0.950877192982	0.953216374269	0.964912280702	0.919298245614	0.92514619883	0.971929824561	0.912280701754	0.981286549708	0.362573099415	0.377777777778	0.378947368421	0.336842105263	0.0	0.363742690058	0.350877192982	0.364912280702	0.914619883041	0.883040935673	0.895906432749	0.900584795322	0.929824561404	0.894736842105	0.878362573099	0.890058479532	0.940350877193	0.916959064327	0.94269005848	0.930994152047	0.921637426901	0.915789473684	0.954385964912	0.893567251462	0.892397660819	0.904093567251	0.887719298246	0.893567251462	0.885380116959	0.881871345029	0.879532163743
DF6	0.929824561404	0.930994152047	0.907602339181	0.927485380117	0.938011695906	0.906432748538	0.914619883041	0.894736842105	0.887719298246	0.869005847953	0.861988304094	0.853801169591	0.850292397661	0.869005847953	0.876023391813	0.909941520468	0.844444444444	0.897076023392	0.706432748538	0.835087719298	0.869005847953	0.757894736842	0.836257309942	0.783625730994	0.915789473684	0.92865497076	0.954385964912	0.881871345029	0.892397660819	0.974269005848	0.885380116959	0.976608187135	0.391812865497	0.373099415205	0.366081871345	0.381286549708	0.363742690058	0.0	0.378947368421	0.382456140351	0.948538011696	0.919298245614	0.922807017544	0.926315789474	0.950877192982	0.907602339181	0.904093567251	0.92865497076	0.907602339181	0.894736842105	0.959064327485	0.923976608187	0.938011695906	0.877192982456	0.900584795322	0.885380116959	0.909941520468	0.851461988304	0.844444444444	0.850292397661	0.885380116959	0.906432748538	0.856140350877
DG6	0.921637426901	0.929824561404	0.912280701754	0.92514619883	0.933333333333	0.913450292398	0.909941520468	0.916959064327	0.933333333333	0.92514619883	0.92514619883	0.921637426901	0.926315789474	0.945029239766	0.93918128655	0.92865497076	0.906432748538	0.907602339181	0.769590643275	0.839766081871	0.86432748538	0.788304093567	0.85730994152	0.838596491228	0.957894736842	0.959064327485	0.967251461988	0.93918128655	0.93918128655	0.974269005848	0.93567251462	0.980116959064	0.302923976608	0.371929824561	0.356725146199	0.280701754386	0.350877192982	0.378947368421	0.0	0.375438596491	0.914619883041	0.907602339181	0.915789473684	0.922807017544	0.934502923977	0.912280701754	0.905263157895	0.913450292398	0.948538011696	0.927485380117	0.961403508772	0.946198830409	0.943859649123	0.921637426901	0.956725146199	0.918128654971	0.909941520468	0.929824561404	0.92514619883	0.907602339181	0.904093567251	0.920467836257	0.906432748538
DH6	0.940350877193	0.938011695906	0.926315789474	0.936842105263	0.946198830409	0.927485380117	0.92865497076	0.93216374269	0.926315789474	0.912280701754	0.92514619883	0.916959064327	0.915789473684	0.938011695906	0.92514619883	0.930994152047	0.909941520468	0.919298245614	0.761403508772	0.858479532164	0.881871345029	0.789473684211	0.87134502924	0.832748538012	0.948538011696	0.952046783626	0.963742690058	0.934502923977	0.93918128655	0.974269005848	0.929824561404	0.978947368421	0.380116959064	0.40350877193	0.387134502924	0.376608187135	0.364912280702	0.382456140351	0.375438596491	0.0	0.938011695906	0.914619883041	0.916959064327	0.923976608187	0.93918128655	0.912280701754	0.898245614035	0.918128654971	0.919298245614	0.900584795322	0.955555555556	0.927485380117	0.941520467836	0.866666666667	0.887719298246	0.920467836257	0.922807017544	0.922807017544	0.916959064327	0.902923976608	0.909941520468	0.913450292398	0.907602339181
DA7	0.961403508772	0.956725146199	0.93567251462	0.954385964912	0.962573099415	0.948538011696	0.953216374269	0.962573099415	0.918128654971	0.985964912281	0.950877192982	0.966081871345	0.982456140351	0.981286549708	0.988304093567	0.957894736842	0.957894736842	0.812865497076	0.927485380117	0.818713450292	0.774269005848	0.93216374269	0.819883040936	0.957894736842	0.960233918129	0.957894736842	0.980116959064	0.955555555556	0.957894736842	0.983625730994	0.968421052632	0.983625730994	0.884210526316	0.900584795322	0.888888888889	0.911111111111	0.914619883041	0.948538011696	0.914619883041	0.938011695906	0.0	0.409356725146	0.418713450292	0.521637426901	0.66783625731	0.378947368421	0.477192982456	0.360233918129	0.975438596491	0.954385964912	0.974269005848	0.974269005848	0.960233918129	0.959064327485	0.980116959064	0.86783625731	0.826900584795	0.956725146199	0.948538011696	0.929824561404	0.756725146199	0.898245614035	0.847953216374
DB7	0.957894736842	0.956725146199	0.921637426901	0.954385964912	0.966081871345	0.927485380117	0.946198830409	0.949707602339	0.895906432749	0.964912280702	0.936842105263	0.945029239766	0.957894736842	0.956725146199	0.964912280702	0.93918128655	0.940350877193	0.801169590643	0.912280701754	0.863157894737	0.87485380117	0.923976608187	0.842105263158	0.946198830409	0.938011695906	0.93567251462	0.968421052632	0.930994152047	0.933333333333	0.971929824561	0.938011695906	0.974269005848	0.885380116959	0.884210526316	0.894736842105	0.906432748538	0.883040935673	0.919298245614	0.907602339181	0.914619883041	0.409356725146	0.0	0.320467836257	0.493567251462	0.629239766082	0.404678362573	0.421052631579	0.340350877193	0.948538011696	0.936842105263	0.955555555556	0.943859649123	0.934502923977	0.945029239766	0.960233918129	0.822222222222	0.865497076023	0.936842105263	0.919298245614	0.912280701754	0.756725146199	0.869005847953	0.853801169591
