	DA5	DB5	DC5	DD5	DE5	DF5	DG5	DH5	DA2	DB2	DC2	DD2	DE2	DF2	DG2	DH2	DA1	DB1	DC1	DD1	DE1	DF1	DG1	DH1	DA4	DB4	DC4	DD4	DE4	DF4	DG4	DH4	DA6	DB6	DC6	DD6	DE6	DF6	DG6	DH6	DA7	DB7	DC7	DD7	DE7	DF7	DG7	DH7	DA8	DB8	DC8	DD8	DF8	DG8	DH8	DA3	DB3	DC3	DD3	DE3	DF3	DG3	DH3
DA5	0.0	0.376608187135	0.470175438596	0.410526315789	0.419883040936	0.45730994152	0.439766081871	0.369590643275	0.564912280702	0.60701754386	0.594152046784	0.709941520468	0.769590643275	0.814035087719	0.640935672515	0.552046783626	0.764912280702	0.763742690058	0.763742690058	0.60350877193	0.602339181287	0.683040935673	0.697076023392	0.759064327485	0.836257309942	0.825730994152	0.708771929825	0.720467836257	0.711111111111	0.715789473684	0.684210526316	0.709941520468	0.909941520468	0.897076023392	0.913450292398	0.913450292398	0.916959064327	0.92514619883	0.912280701754	0.907602339181	0.956725146199	0.954385964912	0.953216374269	0.918128654971	0.943859649123	0.933333333333	0.940350877193	0.954385964912	0.969590643275	0.968421052632	0.968421052632	0.963742690058	0.968421052632	0.964912280702	0.975438596491	0.712280701754	0.548538011696	0.707602339181	0.694736842105	0.581286549708	0.615204678363	0.686549707602	0.644444444444
DB5	0.376608187135	0.0	0.440935672515	0.385964912281	0.414035087719	0.404678362573	0.40701754386	0.384795321637	0.553216374269	0.644444444444	0.621052631579	0.723976608187	0.777777777778	0.836257309942	0.685380116959	0.548538011696	0.784795321637	0.764912280702	0.778947368421	0.622222222222	0.615204678363	0.681871345029	0.701754385965	0.776608187135	0.856140350877	0.832748538012	0.678362573099	0.72865497076	0.714619883041	0.680701754386	0.663157894737	0.672514619883	0.913450292398	0.890058479532	0.916959064327	0.913450292398	0.916959064327	0.922807017544	0.915789473684	0.915789473684	0.954385964912	0.960233918129	0.960233918129	0.927485380117	0.952046783626	0.947368421053	0.955555555556	0.961403508772	0.973099415205	0.975438596491	0.974269005848	0.970760233918	0.974269005848	0.969590643275	0.982456140351	0.692397660819	0.529824561404	0.698245614035	0.690058479532	0.585964912281	0.625730994152	0.672514619883	0.625730994152
DC5	0.470175438596	0.440935672515	0.0	0.485380116959	0.514619883041	0.40350877193	0.452631578947	0.47485380117	0.604678362573	0.707602339181	0.67485380117	0.743859649123	0.79298245614	0.815204678363	0.74269005848	0.652631578947	0.730994152047	0.784795321637	0.752046783626	0.610526315789	0.60701754386	0.626900584795	0.719298245614	0.719298245614	0.876023391813	0.869005847953	0.741520467836	0.729824561404	0.715789473684	0.750877192982	0.698245614035	0.73918128655	0.898245614035	0.877192982456	0.902923976608	0.894736842105	0.892397660819	0.914619883041	0.909941520468	0.900584795322	0.943859649123	0.941520467836	0.943859649123	0.890058479532	0.918128654971	0.916959064327	0.923976608187	0.947368421053	0.963742690058	0.964912280702	0.970760233918	0.952046783626	0.957894736842	0.962573099415	0.971929824561	0.697076023392	0.591812865497	0.700584795322	0.679532163743	0.595321637427	0.663157894737	0.678362573099	0.623391812865
DD5	0.410526315789	0.385964912281	0.485380116959	0.0	0.350877192982	0.470175438596	0.497076023392	0.422222222222	0.585964912281	0.555555555556	0.582456140351	0.750877192982	0.808187134503	0.821052631579	0.643274853801	0.571929824561	0.773099415205	0.798830409357	0.784795321637	0.640935672515	0.636257309942	0.681871345029	0.73567251462	0.780116959064	0.881871345029	0.869005847953	0.781286549708	0.746198830409	0.752046783626	0.788304093567	0.749707602339	0.782456140351	0.900584795322	0.888888888889	0.912280701754	0.914619883041	0.915789473684	0.923976608187	0.911111111111	0.909941520468	0.952046783626	0.954385964912	0.955555555556	0.929824561404	0.954385964912	0.940350877193	0.941520467836	0.960233918129	0.973099415205	0.975438596491	0.969590643275	0.968421052632	0.970760233918	0.970760233918	0.977777777778	0.748538011696	0.585964912281	0.748538011696	0.73567251462	0.619883040936	0.618713450292	0.726315789474	0.673684210526
DE5	0.419883040936	0.414035087719	0.514619883041	0.350877192982	0.0	0.497076023392	0.494736842105	0.416374269006	0.550877192982	0.561403508772	0.582456140351	0.738011695906	0.782456140351	0.824561403509	0.633918128655	0.534502923977	0.790643274854	0.790643274854	0.785964912281	0.643274853801	0.625730994152	0.690058479532	0.729824561404	0.788304093567	0.86432748538	0.854970760234	0.768421052632	0.740350877193	0.746198830409	0.771929824561	0.741520467836	0.774269005848	0.914619883041	0.901754385965	0.926315789474	0.919298245614	0.926315789474	0.934502923977	0.923976608187	0.919298245614	0.956725146199	0.959064327485	0.960233918129	0.938011695906	0.966081871345	0.947368421053	0.948538011696	0.963742690058	0.980116959064	0.977777777778	0.970760233918	0.970760233918	0.970760233918	0.969590643275	0.980116959064	0.766081871345	0.602339181287	0.774269005848	0.757894736842	0.643274853801	0.626900584795	0.743859649123	0.692397660819
DF5	0.45730994152	0.404678362573	0.40350877193	0.470175438596	0.497076023392	0.0	0.391812865497	0.454970760234	0.595321637427	0.67485380117	0.651461988304	0.740350877193	0.79649122807	0.8	0.729824561404	0.643274853801	0.74269005848	0.794152046784	0.763742690058	0.615204678363	0.623391812865	0.643274853801	0.72865497076	0.749707602339	0.876023391813	0.87134502924	0.72514619883	0.73216374269	0.719298245614	0.738011695906	0.638596491228	0.722807017544	0.897076023392	0.880701754386	0.894736842105	0.900584795322	0.888888888889	0.906432748538	0.905263157895	0.898245614035	0.950877192982	0.943859649123	0.941520467836	0.893567251462	0.926315789474	0.909941520468	0.920467836257	0.945029239766	0.963742690058	0.955555555556	0.967251461988	0.955555555556	0.949707602339	0.953216374269	0.966081871345	0.635087719298	0.52865497076	0.659649122807	0.659649122807	0.575438596491	0.647953216374	0.618713450292	0.583625730994
DG5	0.439766081871	0.40701754386	0.452631578947	0.497076023392	0.494736842105	0.391812865497	0.0	0.458479532164	0.581286549708	0.687719298246	0.678362573099	0.722807017544	0.771929824561	0.819883040936	0.721637426901	0.614035087719	0.767251461988	0.776608187135	0.759064327485	0.618713450292	0.615204678363	0.680701754386	0.705263157895	0.767251461988	0.858479532164	0.836257309942	0.680701754386	0.718128654971	0.706432748538	0.697076023392	0.595321637427	0.688888888889	0.911111111111	0.900584795322	0.916959064327	0.918128654971	0.919298245614	0.929824561404	0.921637426901	0.912280701754	0.961403508772	0.966081871345	0.959064327485	0.92865497076	0.950877192982	0.938011695906	0.948538011696	0.967251461988	0.976608187135	0.974269005848	0.976608187135	0.971929824561	0.973099415205	0.967251461988	0.974269005848	0.633918128655	0.541520467836	0.679532163743	0.688888888889	0.595321637427	0.66432748538	0.609356725146	0.609356725146
DH5	0.369590643275	0.384795321637	0.47485380117	0.422222222222	0.416374269006	0.454970760234	0.458479532164	0.0	0.559064327485	0.601169590643	0.578947368421	0.699415204678	0.743859649123	0.802339181287	0.618713450292	0.530994152047	0.767251461988	0.761403508772	0.763742690058	0.615204678363	0.631578947368	0.66783625731	0.692397660819	0.763742690058	0.816374269006	0.80701754386	0.677192982456	0.699415204678	0.692397660819	0.695906432749	0.67134502924	0.684210526316	0.918128654971	0.888888888889	0.907602339181	0.916959064327	0.916959064327	0.907602339181	0.920467836257	0.908771929825	0.957894736842	0.961403508772	0.963742690058	0.940350877193	0.966081871345	0.93567251462	0.936842105263	0.963742690058	0.961403508772	0.955555555556	0.970760233918	0.955555555556	0.963742690058	0.955555555556	0.956725146199	0.706432748538	0.559064327485	0.705263157895	0.683040935673	0.569590643275	0.609356725146	0.697076023392	0.623391812865
DA2	0.564912280702	0.553216374269	0.604678362573	0.585964912281	0.550877192982	0.595321637427	0.581286549708	0.559064327485	0.0	0.637426900585	0.569590643275	0.658479532164	0.709941520468	0.747368421053	0.643274853801	0.454970760234	0.715789473684	0.726315789474	0.745029239766	0.567251461988	0.6	0.680701754386	0.615204678363	0.73216374269	0.770760233918	0.766081871345	0.74269005848	0.719298245614	0.712280701754	0.756725146199	0.702923976608	0.733333333333	0.920467836257	0.900584795322	0.909941520468	0.899415204678	0.878362573099	0.886549707602	0.933333333333	0.904093567251	0.899415204678	0.887719298246	0.900584795322	0.892397660819	0.936842105263	0.851461988304	0.881871345029	0.892397660819	0.909941520468	0.908771929825	0.947368421053	0.914619883041	0.92865497076	0.895906432749	0.899415204678	0.762573099415	0.635087719298	0.750877192982	0.716959064327	0.611695906433	0.597660818713	0.73567251462	0.647953216374
DB2	0.60701754386	0.644444444444	0.707602339181	0.555555555556	0.561403508772	0.67485380117	0.687719298246	0.601169590643	0.637426900585	0.0	0.520467836257	0.624561403509	0.666666666667	0.666666666667	0.465497076023	0.633918128655	0.738011695906	0.836257309942	0.750877192982	0.723976608187	0.769590643275	0.762573099415	0.754385964912	0.72514619883	0.852631578947	0.849122807018	0.902923976608	0.770760233918	0.8	0.918128654971	0.804678362573	0.906432748538	0.911111111111	0.887719298246	0.883040935673	0.93216374269	0.922807017544	0.881871345029	0.921637426901	0.906432748538	0.981286549708	0.971929824561	0.957894736842	0.953216374269	0.981286549708	0.94269005848	0.930994152047	0.976608187135	0.906432748538	0.922807017544	0.948538011696	0.907602339181	0.938011695906	0.884210526316	0.853801169591	0.86432748538	0.723976608187	0.760233918129	0.749707602339	0.651461988304	0.686549707602	0.846783625731	0.709941520468
DC2	0.594152046784	0.621052631579	0.67485380117	0.582456140351	0.582456140351	0.651461988304	0.678362573099	0.578947368421	0.569590643275	0.520467836257	0.0	0.605847953216	0.653801169591	0.618713450292	0.501754385965	0.577777777778	0.612865497076	0.801169590643	0.723976608187	0.684210526316	0.740350877193	0.715789473684	0.723976608187	0.669005847953	0.824561403509	0.825730994152	0.866666666667	0.698245614035	0.730994152047	0.87485380117	0.733333333333	0.856140350877	0.914619883041	0.907602339181	0.899415204678	0.930994152047	0.921637426901	0.890058479532	0.933333333333	0.918128654971	0.954385964912	0.940350877193	0.926315789474	0.914619883041	0.954385964912	0.916959064327	0.909941520468	0.952046783626	0.886549707602	0.891228070175	0.92514619883	0.884210526316	0.898245614035	0.850292397661	0.80701754386	0.794152046784	0.65730994152	0.673684210526	0.653801169591	0.573099415205	0.617543859649	0.784795321637	0.621052631579
DD2	0.709941520468	0.723976608187	0.743859649123	0.750877192982	0.738011695906	0.740350877193	0.722807017544	0.699415204678	0.658479532164	0.624561403509	0.605847953216	0.0	0.45730994152	0.549707602339	0.573099415205	0.695906432749	0.649122807018	0.759064327485	0.685380116959	0.706432748538	0.730994152047	0.73918128655	0.67134502924	0.652631578947	0.756725146199	0.762573099415	0.843274853801	0.741520467836	0.770760233918	0.851461988304	0.766081871345	0.836257309942	0.891228070175	0.886549707602	0.86783625731	0.922807017544	0.909941520468	0.873684210526	0.922807017544	0.891228070175	0.959064327485	0.946198830409	0.92514619883	0.922807017544	0.956725146199	0.914619883041	0.902923976608	0.952046783626	0.913450292398	0.909941520468	0.956725146199	0.916959064327	0.929824561404	0.876023391813	0.816374269006	0.858479532164	0.810526315789	0.685380116959	0.67485380117	0.663157894737	0.778947368421	0.847953216374	0.686549707602
DE2	0.769590643275	0.777777777778	0.79298245614	0.808187134503	0.782456140351	0.79649122807	0.771929824561	0.743859649123	0.709941520468	0.666666666667	0.653801169591	0.45730994152	0.0	0.550877192982	0.589473684211	0.749707602339	0.66081871345	0.80701754386	0.700584795322	0.73918128655	0.770760233918	0.752046783626	0.729824561404	0.67485380117	0.821052631579	0.817543859649	0.877192982456	0.777777777778	0.79298245614	0.891228070175	0.79298245614	0.876023391813	0.919298245614	0.897076023392	0.878362573099	0.920467836257	0.913450292398	0.859649122807	0.927485380117	0.908771929825	0.977777777778	0.964912280702	0.946198830409	0.948538011696	0.975438596491	0.930994152047	0.921637426901	0.968421052632	0.912280701754	0.916959064327	0.960233918129	0.914619883041	0.933333333333	0.884210526316	0.812865497076	0.881871345029	0.852631578947	0.705263157895	0.699415204678	0.693567251462	0.812865497076	0.883040935673	0.720467836257
DF2	0.814035087719	0.836257309942	0.815204678363	0.821052631579	0.824561403509	0.8	0.819883040936	0.802339181287	0.747368421053	0.666666666667	0.618713450292	0.549707602339	0.550877192982	0.0	0.601169590643	0.8	0.67134502924	0.861988304094	0.749707602339	0.809356725146	0.837426900585	0.797660818713	0.791812865497	0.695906432749	0.850292397661	0.859649122807	0.926315789474	0.775438596491	0.794152046784	0.93918128655	0.822222222222	0.918128654971	0.92865497076	0.914619883041	0.892397660819	0.941520467836	0.938011695906	0.884210526316	0.949707602339	0.923976608187	0.975438596491	0.963742690058	0.940350877193	0.934502923977	0.974269005848	0.934502923977	0.911111111111	0.966081871345	0.904093567251	0.908771929825	0.950877192982	0.899415204678	0.92865497076	0.861988304094	0.795321637427	0.866666666667	0.837426900585	0.672514619883	0.67134502924	0.67485380117	0.804678362573	0.850292397661	0.701754385965
DG2	0.640935672515	0.685380116959	0.74269005848	0.643274853801	0.633918128655	0.729824561404	0.721637426901	0.618713450292	0.643274853801	0.465497076023	0.501754385965	0.573099415205	0.589473684211	0.601169590643	0.0	0.651461988304	0.681871345029	0.832748538012	0.719298245614	0.72514619883	0.790643274854	0.767251461988	0.752046783626	0.670175438596	0.837426900585	0.837426900585	0.907602339181	0.766081871345	0.790643274854	0.912280701754	0.79649122807	0.898245614035	0.936842105263	0.920467836257	0.900584795322	0.940350877193	0.940350877193	0.890058479532	0.946198830409	0.923976608187	0.985964912281	0.980116959064	0.957894736842	0.957894736842	0.983625730994	0.943859649123	0.933333333333	0.984795321637	0.890058479532	0.911111111111	0.941520467836	0.894736842105	0.930994152047	0.86783625731	0.790643274854	0.883040935673	0.748538011696	0.730994152047	0.722807017544	0.629239766082	0.709941520468	0.884210526316	0.704093567251
DH2	0.552046783626	0.548538011696	0.652631578947	0.571929824561	0.534502923977	0.643274853801	0.614035087719	0.530994152047	0.454970760234	0.633918128655	0.577777777778	0.695906432749	0.749707602339	0.8	0.651461988304	0.0	0.790643274854	0.686549707602	0.794152046784	0.640935672515	0.685380116959	0.702923976608	0.65730994152	0.794152046784	0.715789473684	0.697076023392	0.677192982456	0.787134502924	0.783625730994	0.687719298246	0.773099415205	0.673684210526	0.926315789474	0.913450292398	0.926315789474	0.921637426901	0.921637426901	0.923976608187	0.94269005848	0.927485380117	0.956725146199	0.954385964912	0.957894736842	0.92865497076	0.954385964912	0.933333333333	0.923976608187	0.956725146199	0.952046783626	0.954385964912	0.967251461988	0.946198830409	0.961403508772	0.945029239766	0.955555555556	0.80350877193	0.661988304094	0.811695906433	0.791812865497	0.686549707602	0.646783625731	0.787134502924	0.727485380117
DA1	0.764912280702	0.784795321637	0.730994152047	0.773099415205	0.790643274854	0.74269005848	0.767251461988	0.767251461988	0.715789473684	0.738011695906	0.612865497076	0.649122807018	0.66081871345	0.67134502924	0.681871345029	0.790643274854	0.0	0.609356725146	0.611695906433	0.705263157895	0.718128654971	0.653801169591	0.685380116959	0.52865497076	0.810526315789	0.802339181287	0.838596491228	0.651461988304	0.690058479532	0.851461988304	0.67134502924	0.832748538012	0.901754385965	0.900584795322	0.879532163743	0.906432748538	0.886549707602	0.858479532164	0.916959064327	0.895906432749	0.950877192982	0.943859649123	0.927485380117	0.892397660819	0.920467836257	0.902923976608	0.901754385965	0.947368421053	0.748538011696	0.74269005848	0.791812865497	0.748538011696	0.767251461988	0.713450292398	0.658479532164	0.809356725146	0.836257309942	0.66081871345	0.646783625731	0.694736842105	0.79649122807	0.809356725146	0.714619883041
DB1	0.763742690058	0.764912280702	0.784795321637	0.798830409357	0.790643274854	0.794152046784	0.776608187135	0.761403508772	0.726315789474	0.836257309942	0.801169590643	0.759064327485	0.80701754386	0.861988304094	0.832748538012	0.686549707602	0.609356725146	0.0	0.722807017544	0.672514619883	0.683040935673	0.706432748538	0.559064327485	0.691228070175	0.718128654971	0.72514619883	0.762573099415	0.789473684211	0.802339181287	0.769590643275	0.789473684211	0.757894736842	0.898245614035	0.883040935673	0.906432748538	0.895906432749	0.884210526316	0.906432748538	0.908771929825	0.905263157895	0.819883040936	0.817543859649	0.824561403509	0.798830409357	0.824561403509	0.795321637427	0.817543859649	0.823391812865	0.762573099415	0.73216374269	0.761403508772	0.754385964912	0.757894736842	0.738011695906	0.771929824561	0.843274853801	0.852631578947	0.869005847953	0.858479532164	0.866666666667	0.790643274854	0.846783625731	0.839766081871
DC1	0.763742690058	0.778947368421	0.752046783626	0.784795321637	0.785964912281	0.763742690058	0.759064327485	0.763742690058	0.745029239766	0.750877192982	0.723976608187	0.685380116959	0.700584795322	0.749707602339	0.719298245614	0.794152046784	0.611695906433	0.722807017544	0.0	0.581286549708	0.630409356725	0.473684210526	0.573099415205	0.465497076023	0.805847953216	0.802339181287	0.877192982456	0.743859649123	0.770760233918	0.885380116959	0.760233918129	0.872514619883	0.759064327485	0.745029239766	0.740350877193	0.753216374269	0.727485380117	0.720467836257	0.770760233918	0.747368421053	0.915789473684	0.911111111111	0.895906432749	0.878362573099	0.904093567251	0.863157894737	0.872514619883	0.916959064327	0.915789473684	0.908771929825	0.956725146199	0.923976608187	0.938011695906	0.881871345029	0.845614035088	0.805847953216	0.825730994152	0.734502923977	0.708771929825	0.738011695906	0.788304093567	0.816374269006	0.738011695906
DD1	0.60350877193	0.622222222222	0.610526315789	0.640935672515	0.643274853801	0.615204678363	0.618713450292	0.615204678363	0.567251461988	0.723976608187	0.684210526316	0.706432748538	0.73918128655	0.809356725146	0.72514619883	0.640935672515	0.705263157895	0.672514619883	0.581286549708	0.0	0.394152046784	0.47134502924	0.454970760234	0.563742690058	0.823391812865	0.811695906433	0.825730994152	0.775438596491	0.776608187135	0.836257309942	0.790643274854	0.823391812865	0.843274853801	0.824561403509	0.833918128655	0.844444444444	0.815204678363	0.838596491228	0.846783625731	0.840935672515	0.831578947368	0.86783625731	0.894736842105	0.880701754386	0.907602339181	0.828070175439	0.907602339181	0.870175438596	0.949707602339	0.93216374269	0.960233918129	0.946198830409	0.950877192982	0.92514619883	0.954385964912	0.79649122807	0.697076023392	0.8	0.780116959064	0.692397660819	0.66081871345	0.787134502924	0.705263157895
DE1	0.602339181287	0.615204678363	0.60701754386	0.636257309942	0.625730994152	0.623391812865	0.615204678363	0.631578947368	0.6	0.769590643275	0.740350877193	0.730994152047	0.770760233918	0.837426900585	0.790643274854	0.685380116959	0.718128654971	0.683040935673	0.630409356725	0.394152046784	0.0	0.53567251462	0.476023391813	0.644444444444	0.851461988304	0.832748538012	0.783625730994	0.769590643275	0.781286549708	0.787134502924	0.795321637427	0.782456140351	0.861988304094	0.845614035088	0.87485380117	0.870175438596	0.849122807018	0.888888888889	0.870175438596	0.866666666667	0.781286549708	0.87485380117	0.905263157895	0.876023391813	0.898245614035	0.831578947368	0.923976608187	0.861988304094	0.981286549708	0.955555555556	0.975438596491	0.975438596491	0.976608187135	0.956725146199	0.987134502924	0.776608187135	0.698245614035	0.79298245614	0.771929824561	0.721637426901	0.685380116959	0.761403508772	0.697076023392
DF1	0.683040935673	0.681871345029	0.626900584795	0.681871345029	0.690058479532	0.643274853801	0.680701754386	0.66783625731	0.680701754386	0.762573099415	0.715789473684	0.73918128655	0.752046783626	0.797660818713	0.767251461988	0.702923976608	0.653801169591	0.706432748538	0.473684210526	0.47134502924	0.53567251462	0.0	0.550877192982	0.47485380117	0.825730994152	0.809356725146	0.835087719298	0.753216374269	0.771929824561	0.844444444444	0.771929824561	0.837426900585	0.805847953216	0.783625730994	0.778947368421	0.788304093567	0.768421052632	0.777777777778	0.805847953216	0.79649122807	0.945029239766	0.93567251462	0.92865497076	0.886549707602	0.912280701754	0.900584795322	0.906432748538	0.941520467836	0.936842105263	0.921637426901	0.955555555556	0.927485380117	0.94269005848	0.911111111111	0.93216374269	0.780116959064	0.754385964912	0.774269005848	0.743859649123	0.73216374269	0.72865497076	0.775438596491	0.716959064327
DG1	0.697076023392	0.701754385965	0.719298245614	0.73567251462	0.729824561404	0.72865497076	0.705263157895	0.692397660819	0.615204678363	0.754385964912	0.723976608187	0.67134502924	0.729824561404	0.791812865497	0.752046783626	0.65730994152	0.685380116959	0.559064327485	0.573099415205	0.454970760234	0.476023391813	0.550877192982	0.0	0.570760233918	0.702923976608	0.712280701754	0.774269005848	0.754385964912	0.767251461988	0.791812865497	0.756725146199	0.769590643275	0.853801169591	0.839766081871	0.832748538012	0.850292397661	0.833918128655	0.847953216374	0.859649122807	0.854970760234	0.846783625731	0.872514619883	0.892397660819	0.888888888889	0.918128654971	0.830409356725	0.891228070175	0.877192982456	0.905263157895	0.885380116959	0.919298245614	0.902923976608	0.909941520468	0.884210526316	0.907602339181	0.831578947368	0.8	0.833918128655	0.814035087719	0.789473684211	0.768421052632	0.829239766082	0.760233918129
DH1	0.759064327485	0.776608187135	0.719298245614	0.780116959064	0.788304093567	0.749707602339	0.767251461988	0.763742690058	0.73216374269	0.72514619883	0.669005847953	0.652631578947	0.67485380117	0.695906432749	0.670175438596	0.794152046784	0.52865497076	0.691228070175	0.465497076023	0.563742690058	0.644444444444	0.47485380117	0.570760233918	0.0	0.795321637427	0.801169590643	0.878362573099	0.702923976608	0.734502923977	0.892397660819	0.726315789474	0.87485380117	0.816374269006	0.809356725146	0.795321637427	0.816374269006	0.808187134503	0.791812865497	0.828070175439	0.811695906433	0.950877192982	0.946198830409	0.93216374269	0.891228070175	0.920467836257	0.900584795322	0.901754385965	0.952046783626	0.878362573099	0.870175438596	0.916959064327	0.876023391813	0.893567251462	0.847953216374	0.795321637427	0.835087719298	0.847953216374	0.705263157895	0.704093567251	0.72514619883	0.809356725146	0.830409356725	0.738011695906
DA4	0.836257309942	0.856140350877	0.876023391813	0.881871345029	0.86432748538	0.876023391813	0.858479532164	0.816374269006	0.770760233918	0.852631578947	0.824561403509	0.756725146199	0.821052631579	0.850292397661	0.837426900585	0.715789473684	0.810526315789	0.718128654971	0.805847953216	0.823391812865	0.851461988304	0.825730994152	0.702923976608	0.795321637427	0.0	0.388304093567	0.54269005848	0.733333333333	0.73567251462	0.53567251462	0.781286549708	0.519298245614	0.948538011696	0.954385964912	0.923976608187	0.956725146199	0.94269005848	0.923976608187	0.957894736842	0.949707602339	0.952046783626	0.933333333333	0.92514619883	0.92514619883	0.950877192982	0.916959064327	0.904093567251	0.93918128655	0.92514619883	0.922807017544	0.955555555556	0.933333333333	0.93216374269	0.918128654971	0.912280701754	0.884210526316	0.904093567251	0.849122807018	0.846783625731	0.858479532164	0.878362573099	0.888888888889	0.851461988304
DB4	0.825730994152	0.832748538012	0.869005847953	0.869005847953	0.854970760234	0.87134502924	0.836257309942	0.80701754386	0.766081871345	0.849122807018	0.825730994152	0.762573099415	0.817543859649	0.859649122807	0.837426900585	0.697076023392	0.802339181287	0.72514619883	0.802339181287	0.811695906433	0.832748538012	0.809356725146	0.712280701754	0.801169590643	0.388304093567	0.0	0.521637426901	0.734502923977	0.736842105263	0.53918128655	0.778947368421	0.492397660819	0.948538011696	0.949707602339	0.933333333333	0.953216374269	0.946198830409	0.914619883041	0.957894736842	0.940350877193	0.961403508772	0.950877192982	0.94269005848	0.941520467836	0.960233918129	0.933333333333	0.920467836257	0.954385964912	0.921637426901	0.929824561404	0.960233918129	0.933333333333	0.93918128655	0.920467836257	0.922807017544	0.890058479532	0.906432748538	0.853801169591	0.849122807018	0.858479532164	0.883040935673	0.898245614035	0.856140350877
DC4	0.708771929825	0.678362573099	0.741520467836	0.781286549708	0.768421052632	0.72514619883	0.680701754386	0.677192982456	0.74269005848	0.902923976608	0.866666666667	0.843274853801	0.877192982456	0.926315789474	0.907602339181	0.677192982456	0.838596491228	0.762573099415	0.877192982456	0.825730994152	0.783625730994	0.835087719298	0.774269005848	0.878362573099	0.54269005848	0.521637426901	0.0	0.73216374269	0.713450292398	0.340350877193	0.66432748538	0.304093567251	0.975438596491	0.968421052632	0.969590643275	0.970760233918	0.967251461988	0.966081871345	0.973099415205	0.975438596491	0.981286549708	0.975438596491	0.977777777778	0.971929824561	0.978947368421	0.977777777778	0.971929824561	0.982456140351	0.973099415205	0.973099415205	0.975438596491	0.968421052632	0.971929824561	0.978947368421	0.970760233918	0.754385964912	0.757894736842	0.752046783626	0.761403508772	0.774269005848	0.854970760234	0.753216374269	0.752046783626
DD4	0.720467836257	0.72865497076	0.729824561404	0.746198830409	0.740350877193	0.73216374269	0.718128654971	0.699415204678	0.719298245614	0.770760233918	0.698245614035	0.741520467836	0.777777777778	0.775438596491	0.766081871345	0.787134502924	0.651461988304	0.789473684211	0.743859649123	0.775438596491	0.769590643275	0.753216374269	0.754385964912	0.702923976608	0.733333333333	0.734502923977	0.73216374269	0.0	0.430409356725	0.752046783626	0.605847953216	0.73216374269	0.93918128655	0.927485380117	0.905263157895	0.93567251462	0.923976608187	0.878362573099	0.93216374269	0.922807017544	0.950877192982	0.943859649123	0.93216374269	0.92514619883	0.952046783626	0.922807017544	0.907602339181	0.936842105263	0.888888888889	0.890058479532	0.92865497076	0.879532163743	0.908771929825	0.876023391813	0.843274853801	0.764912280702	0.789473684211	0.681871345029	0.676023391813	0.692397660819	0.790643274854	0.769590643275	0.690058479532
DE4	0.711111111111	0.714619883041	0.715789473684	0.752046783626	0.746198830409	0.719298245614	0.706432748538	0.692397660819	0.712280701754	0.8	0.730994152047	0.770760233918	0.79298245614	0.794152046784	0.790643274854	0.783625730994	0.690058479532	0.802339181287	0.770760233918	0.776608187135	0.781286549708	0.771929824561	0.767251461988	0.734502923977	0.73567251462	0.736842105263	0.713450292398	0.430409356725	0.0	0.73567251462	0.578947368421	0.711111111111	0.943859649123	0.93918128655	0.905263157895	0.936842105263	0.923976608187	0.891228070175	0.92514619883	0.93216374269	0.956725146199	0.930994152047	0.916959064327	0.922807017544	0.964912280702	0.914619883041	0.888888888889	0.93567251462	0.884210526316	0.893567251462	0.922807017544	0.877192982456	0.901754385965	0.879532163743	0.854970760234	0.748538011696	0.769590643275	0.697076023392	0.692397660819	0.700584795322	0.797660818713	0.755555555556	0.692397660819
DF4	0.715789473684	0.680701754386	0.750877192982	0.788304093567	0.771929824561	0.738011695906	0.697076023392	0.695906432749	0.756725146199	0.918128654971	0.87485380117	0.851461988304	0.891228070175	0.93918128655	0.912280701754	0.687719298246	0.851461988304	0.769590643275	0.885380116959	0.836257309942	0.787134502924	0.844444444444	0.791812865497	0.892397660819	0.53567251462	0.53918128655	0.340350877193	0.752046783626	0.73567251462	0.0	0.692397660819	0.323976608187	0.976608187135	0.980116959064	0.980116959064	0.978947368421	0.982456140351	0.977777777778	0.981286549708	0.976608187135	0.983625730994	0.982456140351	0.984795321637	0.975438596491	0.981286549708	0.980116959064	0.980116959064	0.984795321637	0.987134502924	0.984795321637	0.988304093567	0.981286549708	0.985964912281	0.984795321637	0.985964912281	0.761403508772	0.766081871345	0.766081871345	0.775438596491	0.789473684211	0.863157894737	0.763742690058	0.766081871345
DG4	0.684210526316	0.663157894737	0.698245614035	0.749707602339	0.741520467836	0.638596491228	0.595321637427	0.67134502924	0.702923976608	0.804678362573	0.733333333333	0.766081871345	0.79298245614	0.822222222222	0.79649122807	0.773099415205	0.67134502924	0.789473684211	0.760233918129	0.790643274854	0.795321637427	0.771929824561	0.756725146199	0.726315789474	0.781286549708	0.778947368421	0.66432748538	0.605847953216	0.578947368421	0.692397660819	0.0	0.673684210526	0.94269005848	0.946198830409	0.909941520468	0.940350877193	0.912280701754	0.888888888889	0.938011695906	0.92514619883	0.964912280702	0.93567251462	0.93216374269	0.916959064327	0.973099415205	0.916959064327	0.892397660819	0.947368421053	0.865497076023	0.886549707602	0.902923976608	0.866666666667	0.884210526316	0.87134502924	0.842105263158	0.611695906433	0.715789473684	0.651461988304	0.67134502924	0.698245614035	0.814035087719	0.610526315789	0.66081871345
DH4	0.709941520468	0.672514619883	0.73918128655	0.782456140351	0.774269005848	0.722807017544	0.688888888889	0.684210526316	0.733333333333	0.906432748538	0.856140350877	0.836257309942	0.876023391813	0.918128654971	0.898245614035	0.673684210526	0.832748538012	0.757894736842	0.872514619883	0.823391812865	0.782456140351	0.837426900585	0.769590643275	0.87485380117	0.519298245614	0.492397660819	0.304093567251	0.73216374269	0.711111111111	0.323976608187	0.673684210526	0.0	0.977777777778	0.969590643275	0.969590643275	0.968421052632	0.967251461988	0.967251461988	0.973099415205	0.966081871345	0.978947368421	0.980116959064	0.975438596491	0.967251461988	0.974269005848	0.971929824561	0.964912280702	0.982456140351	0.969590643275	0.963742690058	0.974269005848	0.969590643275	0.971929824561	0.973099415205	0.968421052632	0.755555555556	0.762573099415	0.755555555556	0.759064327485	0.773099415205	0.850292397661	0.761403508772	0.750877192982
DA6	0.909941520468	0.913450292398	0.898245614035	0.900584795322	0.914619883041	0.897076023392	0.911111111111	0.918128654971	0.920467836257	0.911111111111	0.914619883041	0.891228070175	0.919298245614	0.92865497076	0.936842105263	0.926315789474	0.901754385965	0.898245614035	0.759064327485	0.843274853801	0.861988304094	0.805847953216	0.853801169591	0.816374269006	0.948538011696	0.948538011696	0.975438596491	0.93918128655	0.943859649123	0.976608187135	0.94269005848	0.977777777778	0.0	0.326315789474	0.348538011696	0.333333333333	0.383625730994	0.381286549708	0.311111111111	0.33216374269	0.879532163743	0.890058479532	0.876023391813	0.913450292398	0.93567251462	0.904093567251	0.86783625731	0.869005847953	0.954385964912	0.909941520468	0.952046783626	0.940350877193	0.948538011696	0.92865497076	0.970760233918	0.893567251462	0.851461988304	0.902923976608	0.898245614035	0.895906432749	0.85730994152	0.879532163743	0.858479532164
DB6	0.897076023392	0.890058479532	0.877192982456	0.888888888889	0.901754385965	0.880701754386	0.900584795322	0.888888888889	0.900584795322	0.887719298246	0.907602339181	0.886549707602	0.897076023392	0.914619883041	0.920467836257	0.913450292398	0.900584795322	0.883040935673	0.745029239766	0.824561403509	0.845614035088	0.783625730994	0.839766081871	0.809356725146	0.954385964912	0.949707602339	0.968421052632	0.927485380117	0.93918128655	0.980116959064	0.946198830409	0.969590643275	0.326315789474	0.0	0.33918128655	0.367251461988	0.369590643275	0.366081871345	0.338011695906	0.367251461988	0.902923976608	0.915789473684	0.899415204678	0.927485380117	0.945029239766	0.920467836257	0.884210526316	0.894736842105	0.946198830409	0.900584795322	0.949707602339	0.93918128655	0.947368421053	0.918128654971	0.969590643275	0.865497076023	0.851461988304	0.880701754386	0.877192982456	0.858479532164	0.840935672515	0.877192982456	0.837426900585
DC6	0.913450292398	0.916959064327	0.902923976608	0.912280701754	0.926315789474	0.894736842105	0.916959064327	0.907602339181	0.909941520468	0.883040935673	0.899415204678	0.86783625731	0.878362573099	0.892397660819	0.900584795322	0.926315789474	0.879532163743	0.906432748538	0.740350877193	0.833918128655	0.87485380117	0.778947368421	0.832748538012	0.795321637427	0.923976608187	0.933333333333	0.969590643275	0.905263157895	0.905263157895	0.980116959064	0.909941520468	0.969590643275	0.348538011696	0.33918128655	0.0	0.39298245614	0.373099415205	0.357894736842	0.355555555556	0.371929824561	0.915789473684	0.911111111111	0.892397660819	0.93216374269	0.952046783626	0.905263157895	0.87134502924	0.899415204678	0.922807017544	0.881871345029	0.949707602339	0.926315789474	0.936842105263	0.901754385965	0.93918128655	0.883040935673	0.887719298246	0.876023391813	0.873684210526	0.861988304094	0.873684210526	0.898245614035	0.845614035088
DD6	0.913450292398	0.913450292398	0.894736842105	0.914619883041	0.919298245614	0.900584795322	0.918128654971	0.916959064327	0.899415204678	0.93216374269	0.930994152047	0.922807017544	0.920467836257	0.941520467836	0.940350877193	0.921637426901	0.906432748538	0.895906432749	0.753216374269	0.844444444444	0.870175438596	0.788304093567	0.850292397661	0.816374269006	0.956725146199	0.953216374269	0.970760233918	0.93567251462	0.936842105263	0.978947368421	0.940350877193	0.968421052632	0.333333333333	0.367251461988	0.39298245614	0.0	0.352046783626	0.367251461988	0.319298245614	0.353216374269	0.918128654971	0.908771929825	0.920467836257	0.912280701754	0.934502923977	0.900584795322	0.895906432749	0.907602339181	0.949707602339	0.914619883041	0.947368421053	0.93918128655	0.943859649123	0.93216374269	0.971929824561	0.878362573099	0.872514619883	0.913450292398	0.905263157895	0.883040935673	0.877192982456	0.872514619883	0.884210526316
DE6	0.916959064327	0.916959064327	0.892397660819	0.915789473684	0.926315789474	0.888888888889	0.919298245614	0.916959064327	0.878362573099	0.922807017544	0.921637426901	0.909941520468	0.913450292398	0.938011695906	0.940350877193	0.921637426901	0.886549707602	0.884210526316	0.727485380117	0.815204678363	0.849122807018	0.768421052632	0.833918128655	0.808187134503	0.94269005848	0.946198830409	0.967251461988	0.923976608187	0.923976608187	0.982456140351	0.912280701754	0.967251461988	0.383625730994	0.369590643275	0.373099415205	0.352046783626	0.0	0.364912280702	0.376608187135	0.377777777778	0.906432748538	0.887719298246	0.899415204678	0.890058479532	0.915789473684	0.870175438596	0.869005847953	0.888888888889	0.941520467836	0.899415204678	0.940350877193	0.93216374269	0.929824561404	0.920467836257	0.962573099415	0.887719298246	0.884210526316	0.906432748538	0.890058479532	0.883040935673	0.881871345029	0.880701754386	0.87485380117
DF6	0.92514619883	0.922807017544	0.914619883041	0.923976608187	0.934502923977	0.906432748538	0.929824561404	0.907602339181	0.886549707602	0.881871345029	0.890058479532	0.873684210526	0.859649122807	0.884210526316	0.890058479532	0.923976608187	0.858479532164	0.906432748538	0.720467836257	0.838596491228	0.888888888889	0.777777777778	0.847953216374	0.791812865497	0.923976608187	0.914619883041	0.966081871345	0.878362573099	0.891228070175	0.977777777778	0.888888888889	0.967251461988	0.381286549708	0.366081871345	0.357894736842	0.367251461988	0.364912280702	0.0	0.385964912281	0.375438596491	0.933333333333	0.922807017544	0.922807017544	0.92514619883	0.950877192982	0.909941520468	0.879532163743	0.922807017544	0.909941520468	0.885380116959	0.940350877193	0.918128654971	0.933333333333	0.880701754386	0.922807017544	0.885380116959	0.909941520468	0.86432748538	0.859649122807	0.840935672515	0.879532163743	0.897076023392	0.849122807018
DG6	0.912280701754	0.915789473684	0.909941520468	0.911111111111	0.923976608187	0.905263157895	0.921637426901	0.920467836257	0.933333333333	0.921637426901	0.933333333333	0.922807017544	0.927485380117	0.949707602339	0.946198830409	0.94269005848	0.916959064327	0.908771929825	0.770760233918	0.846783625731	0.870175438596	0.805847953216	0.859649122807	0.828070175439	0.957894736842	0.957894736842	0.973099415205	0.93216374269	0.92514619883	0.981286549708	0.938011695906	0.973099415205	0.311111111111	0.338011695906	0.355555555556	0.319298245614	0.376608187135	0.385964912281	0.0	0.343859649123	0.894736842105	0.901754385965	0.887719298246	0.918128654971	0.93918128655	0.905263157895	0.888888888889	0.884210526316	0.948538011696	0.904093567251	0.943859649123	0.938011695906	0.943859649123	0.930994152047	0.964912280702	0.911111111111	0.890058479532	0.921637426901	0.92514619883	0.911111111111	0.887719298246	0.914619883041	0.890058479532
DH6	0.907602339181	0.915789473684	0.900584795322	0.909941520468	0.919298245614	0.898245614035	0.912280701754	0.908771929825	0.904093567251	0.906432748538	0.918128654971	0.891228070175	0.908771929825	0.923976608187	0.923976608187	0.927485380117	0.895906432749	0.905263157895	0.747368421053	0.840935672515	0.866666666667	0.79649122807	0.854970760234	0.811695906433	0.949707602339	0.940350877193	0.975438596491	0.922807017544	0.93216374269	0.976608187135	0.92514619883	0.966081871345	0.33216374269	0.367251461988	0.371929824561	0.353216374269	0.377777777778	0.375438596491	0.343859649123	0.0	0.921637426901	0.915789473684	0.915789473684	0.912280701754	0.934502923977	0.900584795322	0.880701754386	0.915789473684	0.909941520468	0.879532163743	0.948538011696	0.936842105263	0.94269005848	0.865497076023	0.898245614035	0.907602339181	0.915789473684	0.909941520468	0.904093567251	0.905263157895	0.899415204678	0.911111111111	0.904093567251
DA7	0.956725146199	0.954385964912	0.943859649123	0.952046783626	0.956725146199	0.950877192982	0.961403508772	0.957894736842	0.899415204678	0.981286549708	0.954385964912	0.959064327485	0.977777777778	0.975438596491	0.985964912281	0.956725146199	0.950877192982	0.819883040936	0.915789473684	0.831578947368	0.781286549708	0.945029239766	0.846783625731	0.950877192982	0.952046783626	0.961403508772	0.981286549708	0.950877192982	0.956725146199	0.983625730994	0.964912280702	0.978947368421	0.879532163743	0.902923976608	0.915789473684	0.918128654971	0.906432748538	0.933333333333	0.894736842105	0.921637426901	0.0	0.394152046784	0.437426900585	0.519298245614	0.65730994152	0.4	0.497076023392	0.338011695906	0.967251461988	0.945029239766	0.968421052632	0.964912280702	0.971929824561	0.960233918129	0.983625730994	0.828070175439	0.829239766082	0.936842105263	0.934502923977	0.926315789474	0.73216374269	0.886549707602	0.85730994152
DB7	0.954385964912	0.960233918129	0.941520467836	0.954385964912	0.959064327485	0.943859649123	0.966081871345	0.961403508772	0.887719298246	0.971929824561	0.940350877193	0.946198830409	0.964912280702	0.963742690058	0.980116959064	0.954385964912	0.943859649123	0.817543859649	0.911111111111	0.86783625731	0.87485380117	0.93567251462	0.872514619883	0.946198830409	0.933333333333	0.950877192982	0.975438596491	0.943859649123	0.930994152047	0.982456140351	0.93567251462	0.980116959064	0.890058479532	0.915789473684	0.911111111111	0.908771929825	0.887719298246	0.922807017544	0.901754385965	0.915789473684	0.394152046784	0.0	0.356725146199	0.478362573099	0.636257309942	0.382456140351	0.445614035088	0.33567251462	0.957894736842	0.938011695906	0.962573099415	0.943859649123	0.954385964912	0.952046783626	0.981286549708	0.812865497076	0.863157894737	0.92865497076	0.916959064327	0.916959064327	0.756725146199	0.86081871345	0.872514619883
