	DA5	DB5	DC5	DD5	DE5	DF5	DG5	DH5	DA2	DB2	DC2	DD2	DE2	DF2	DG2	DH2	DA1	DB1	DC1	DD1	DE1	DF1	DG1	DH1	DA4	DB4	DC4	DD4	DE4	DF4	DG4	DH4	DA6	DB6	DC6	DD6	DE6	DF6	DG6	DH6	DA7	DB7	DC7	DD7	DE7	DF7	DG7	DH7	DA8	DB8	DC8	DD8	DF8	DG8	DH8	DA3	DB3	DC3	DD3	DE3	DF3	DG3	DH3
DA5	0.0	0.40350877193	0.477192982456	0.336842105263	0.395321637427	0.456140350877	0.46081871345	0.380116959064	0.568421052632	0.59298245614	0.60350877193	0.738011695906	0.787134502924	0.801169590643	0.66081871345	0.581286549708	0.775438596491	0.785964912281	0.797660818713	0.637426900585	0.612865497076	0.681871345029	0.74269005848	0.79298245614	0.849122807018	0.85730994152	0.718128654971	0.730994152047	0.720467836257	0.723976608187	0.666666666667	0.713450292398	0.906432748538	0.877192982456	0.912280701754	0.930994152047	0.92865497076	0.934502923977	0.915789473684	0.934502923977	0.954385964912	0.948538011696	0.953216374269	0.93567251462	0.955555555556	0.943859649123	0.943859649123	0.953216374269	0.975438596491	0.980116959064	0.975438596491	0.970760233918	0.982456140351	0.969590643275	0.980116959064	0.691228070175	0.569590643275	0.702923976608	0.715789473684	0.616374269006	0.614035087719	0.677192982456	0.629239766082
DB5	0.40350877193	0.0	0.453801169591	0.377777777778	0.429239766082	0.421052631579	0.408187134503	0.416374269006	0.536842105263	0.65730994152	0.646783625731	0.729824561404	0.795321637427	0.80701754386	0.683040935673	0.555555555556	0.788304093567	0.770760233918	0.783625730994	0.640935672515	0.609356725146	0.656140350877	0.720467836257	0.783625730994	0.831578947368	0.845614035088	0.66432748538	0.718128654971	0.712280701754	0.666666666667	0.637426900585	0.66783625731	0.919298245614	0.881871345029	0.911111111111	0.922807017544	0.918128654971	0.93567251462	0.918128654971	0.93567251462	0.943859649123	0.949707602339	0.953216374269	0.929824561404	0.946198830409	0.940350877193	0.945029239766	0.953216374269	0.977777777778	0.978947368421	0.978947368421	0.976608187135	0.980116959064	0.968421052632	0.982456140351	0.681871345029	0.552046783626	0.688888888889	0.709941520468	0.623391812865	0.629239766082	0.66783625731	0.616374269006
DC5	0.477192982456	0.453801169591	0.0	0.444444444444	0.483040935673	0.408187134503	0.454970760234	0.47485380117	0.570760233918	0.690058479532	0.665497076023	0.747368421053	0.8	0.783625730994	0.709941520468	0.628070175439	0.73918128655	0.80350877193	0.749707602339	0.639766081871	0.60350877193	0.630409356725	0.743859649123	0.73216374269	0.853801169591	0.87485380117	0.746198830409	0.713450292398	0.707602339181	0.749707602339	0.678362573099	0.738011695906	0.899415204678	0.881871345029	0.902923976608	0.902923976608	0.899415204678	0.916959064327	0.908771929825	0.915789473684	0.940350877193	0.941520467836	0.936842105263	0.879532163743	0.900584795322	0.901754385965	0.926315789474	0.946198830409	0.957894736842	0.963742690058	0.975438596491	0.949707602339	0.964912280702	0.953216374269	0.962573099415	0.692397660819	0.580116959064	0.679532163743	0.699415204678	0.604678362573	0.658479532164	0.679532163743	0.617543859649
DD5	0.336842105263	0.377777777778	0.444444444444	0.0	0.338011695906	0.429239766082	0.436257309942	0.356725146199	0.53216374269	0.555555555556	0.591812865497	0.736842105263	0.784795321637	0.789473684211	0.652631578947	0.552046783626	0.770760233918	0.789473684211	0.771929824561	0.633918128655	0.6	0.644444444444	0.73567251462	0.768421052632	0.853801169591	0.863157894737	0.714619883041	0.722807017544	0.708771929825	0.719298245614	0.66783625731	0.713450292398	0.897076023392	0.879532163743	0.906432748538	0.92514619883	0.912280701754	0.919298245614	0.906432748538	0.922807017544	0.953216374269	0.955555555556	0.947368421053	0.933333333333	0.947368421053	0.929824561404	0.941520467836	0.956725146199	0.975438596491	0.975438596491	0.976608187135	0.963742690058	0.971929824561	0.968421052632	0.971929824561	0.688888888889	0.564912280702	0.693567251462	0.706432748538	0.605847953216	0.605847953216	0.67485380117	0.625730994152
DE5	0.395321637427	0.429239766082	0.483040935673	0.338011695906	0.0	0.46783625731	0.483040935673	0.376608187135	0.546198830409	0.546198830409	0.587134502924	0.746198830409	0.794152046784	0.783625730994	0.644444444444	0.561403508772	0.778947368421	0.804678362573	0.791812865497	0.656140350877	0.626900584795	0.677192982456	0.74269005848	0.790643274854	0.856140350877	0.86783625731	0.746198830409	0.712280701754	0.721637426901	0.756725146199	0.705263157895	0.746198830409	0.911111111111	0.894736842105	0.921637426901	0.933333333333	0.926315789474	0.930994152047	0.920467836257	0.938011695906	0.962573099415	0.954385964912	0.950877192982	0.943859649123	0.959064327485	0.94269005848	0.943859649123	0.959064327485	0.967251461988	0.973099415205	0.975438596491	0.967251461988	0.973099415205	0.963742690058	0.968421052632	0.721637426901	0.605847953216	0.730994152047	0.743859649123	0.630409356725	0.616374269006	0.72514619883	0.65730994152
DF5	0.456140350877	0.421052631579	0.408187134503	0.429239766082	0.46783625731	0.0	0.40701754386	0.456140350877	0.556725146199	0.67134502924	0.649122807018	0.763742690058	0.804678362573	0.784795321637	0.693567251462	0.616374269006	0.748538011696	0.812865497076	0.766081871345	0.644444444444	0.623391812865	0.652631578947	0.763742690058	0.756725146199	0.866666666667	0.895906432749	0.714619883041	0.73216374269	0.72865497076	0.743859649123	0.635087719298	0.727485380117	0.895906432749	0.870175438596	0.904093567251	0.902923976608	0.886549707602	0.919298245614	0.901754385965	0.922807017544	0.943859649123	0.94269005848	0.93918128655	0.898245614035	0.921637426901	0.906432748538	0.919298245614	0.943859649123	0.964912280702	0.963742690058	0.971929824561	0.961403508772	0.961403508772	0.954385964912	0.967251461988	0.632748538012	0.504093567251	0.622222222222	0.683040935673	0.598830409357	0.629239766082	0.611695906433	0.561403508772
DG5	0.46081871345	0.408187134503	0.454970760234	0.436257309942	0.483040935673	0.40701754386	0.0	0.47134502924	0.577777777778	0.676023391813	0.681871345029	0.74269005848	0.783625730994	0.794152046784	0.707602339181	0.621052631579	0.778947368421	0.795321637427	0.774269005848	0.651461988304	0.616374269006	0.676023391813	0.753216374269	0.784795321637	0.850292397661	0.876023391813	0.679532163743	0.719298245614	0.712280701754	0.708771929825	0.575438596491	0.690058479532	0.912280701754	0.897076023392	0.921637426901	0.926315789474	0.92514619883	0.934502923977	0.919298245614	0.93918128655	0.962573099415	0.961403508772	0.949707602339	0.927485380117	0.947368421053	0.93567251462	0.950877192982	0.961403508772	0.977777777778	0.980116959064	0.978947368421	0.970760233918	0.966081871345	0.974269005848	0.976608187135	0.608187134503	0.550877192982	0.640935672515	0.718128654971	0.619883040936	0.670175438596	0.590643274854	0.601169590643
DH5	0.380116959064	0.416374269006	0.47485380117	0.356725146199	0.376608187135	0.456140350877	0.47134502924	0.0	0.52514619883	0.568421052632	0.564912280702	0.700584795322	0.755555555556	0.762573099415	0.626900584795	0.547368421053	0.74269005848	0.774269005848	0.760233918129	0.623391812865	0.60350877193	0.642105263158	0.702923976608	0.755555555556	0.814035087719	0.830409356725	0.72865497076	0.692397660819	0.706432748538	0.741520467836	0.663157894737	0.73567251462	0.907602339181	0.872514619883	0.891228070175	0.920467836257	0.905263157895	0.901754385965	0.908771929825	0.906432748538	0.947368421053	0.947368421053	0.93918128655	0.936842105263	0.953216374269	0.922807017544	0.926315789474	0.950877192982	0.949707602339	0.961403508772	0.971929824561	0.949707602339	0.966081871345	0.948538011696	0.954385964912	0.702923976608	0.590643274854	0.699415204678	0.711111111111	0.598830409357	0.594152046784	0.697076023392	0.633918128655
DA2	0.568421052632	0.536842105263	0.570760233918	0.53216374269	0.546198830409	0.556725146199	0.577777777778	0.52514619883	0.0	0.619883040936	0.567251461988	0.661988304094	0.714619883041	0.711111111111	0.621052631579	0.443274853801	0.701754385965	0.72865497076	0.740350877193	0.609356725146	0.608187134503	0.669005847953	0.635087719298	0.730994152047	0.760233918129	0.777777777778	0.719298245614	0.694736842105	0.695906432749	0.74269005848	0.666666666667	0.72865497076	0.92865497076	0.895906432749	0.912280701754	0.916959064327	0.894736842105	0.901754385965	0.929824561404	0.914619883041	0.905263157895	0.902923976608	0.894736842105	0.898245614035	0.940350877193	0.870175438596	0.895906432749	0.908771929825	0.904093567251	0.920467836257	0.941520467836	0.901754385965	0.92514619883	0.892397660819	0.894736842105	0.73567251462	0.629239766082	0.690058479532	0.720467836257	0.615204678363	0.604678362573	0.73216374269	0.630409356725
DB2	0.59298245614	0.65730994152	0.690058479532	0.555555555556	0.546198830409	0.67134502924	0.676023391813	0.568421052632	0.619883040936	0.0	0.53918128655	0.638596491228	0.679532163743	0.66432748538	0.504093567251	0.622222222222	0.764912280702	0.844444444444	0.755555555556	0.715789473684	0.771929824561	0.748538011696	0.769590643275	0.736842105263	0.859649122807	0.838596491228	0.888888888889	0.801169590643	0.795321637427	0.912280701754	0.821052631579	0.900584795322	0.915789473684	0.893567251462	0.898245614035	0.938011695906	0.921637426901	0.880701754386	0.926315789474	0.911111111111	0.984795321637	0.966081871345	0.954385964912	0.962573099415	0.980116959064	0.946198830409	0.93918128655	0.977777777778	0.919298245614	0.945029239766	0.966081871345	0.923976608187	0.963742690058	0.893567251462	0.872514619883	0.847953216374	0.745029239766	0.769590643275	0.776608187135	0.663157894737	0.679532163743	0.851461988304	0.716959064327
DC2	0.60350877193	0.646783625731	0.665497076023	0.591812865497	0.587134502924	0.649122807018	0.681871345029	0.564912280702	0.567251461988	0.53918128655	0.0	0.60701754386	0.651461988304	0.582456140351	0.513450292398	0.59649122807	0.60701754386	0.780116959064	0.746198830409	0.700584795322	0.764912280702	0.722807017544	0.729824561404	0.676023391813	0.822222222222	0.830409356725	0.86783625731	0.740350877193	0.73216374269	0.885380116959	0.723976608187	0.876023391813	0.921637426901	0.899415204678	0.907602339181	0.93918128655	0.920467836257	0.886549707602	0.93567251462	0.921637426901	0.960233918129	0.950877192982	0.919298245614	0.922807017544	0.960233918129	0.92514619883	0.923976608187	0.950877192982	0.851461988304	0.876023391813	0.894736842105	0.865497076023	0.883040935673	0.825730994152	0.771929824561	0.797660818713	0.688888888889	0.663157894737	0.691228070175	0.60701754386	0.635087719298	0.788304093567	0.651461988304
DD2	0.738011695906	0.729824561404	0.747368421053	0.736842105263	0.746198830409	0.763742690058	0.74269005848	0.700584795322	0.661988304094	0.638596491228	0.60701754386	0.0	0.509941520468	0.549707602339	0.562573099415	0.699415204678	0.659649122807	0.762573099415	0.706432748538	0.721637426901	0.741520467836	0.707602339181	0.684210526316	0.66783625731	0.756725146199	0.747368421053	0.822222222222	0.743859649123	0.756725146199	0.842105263158	0.764912280702	0.839766081871	0.906432748538	0.888888888889	0.887719298246	0.933333333333	0.904093567251	0.869005847953	0.923976608187	0.902923976608	0.968421052632	0.950877192982	0.933333333333	0.934502923977	0.964912280702	0.926315789474	0.920467836257	0.956725146199	0.906432748538	0.93567251462	0.949707602339	0.915789473684	0.945029239766	0.880701754386	0.817543859649	0.846783625731	0.816374269006	0.670175438596	0.653801169591	0.676023391813	0.795321637427	0.845614035088	0.713450292398
DE2	0.787134502924	0.795321637427	0.8	0.784795321637	0.794152046784	0.804678362573	0.783625730994	0.755555555556	0.714619883041	0.679532163743	0.651461988304	0.509941520468	0.0	0.516959064327	0.60701754386	0.757894736842	0.700584795322	0.822222222222	0.734502923977	0.773099415205	0.79649122807	0.74269005848	0.759064327485	0.686549707602	0.825730994152	0.822222222222	0.887719298246	0.787134502924	0.795321637427	0.906432748538	0.814035087719	0.900584795322	0.926315789474	0.912280701754	0.906432748538	0.93918128655	0.919298245614	0.87485380117	0.938011695906	0.914619883041	0.980116959064	0.962573099415	0.947368421053	0.955555555556	0.978947368421	0.936842105263	0.927485380117	0.969590643275	0.909941520468	0.93567251462	0.953216374269	0.911111111111	0.943859649123	0.880701754386	0.815204678363	0.877192982456	0.851461988304	0.683040935673	0.676023391813	0.701754385965	0.835087719298	0.865497076023	0.750877192982
DF2	0.801169590643	0.80701754386	0.783625730994	0.789473684211	0.783625730994	0.784795321637	0.794152046784	0.762573099415	0.711111111111	0.66432748538	0.582456140351	0.549707602339	0.516959064327	0.0	0.591812865497	0.754385964912	0.680701754386	0.856140350877	0.746198830409	0.783625730994	0.819883040936	0.761403508772	0.783625730994	0.685380116959	0.850292397661	0.844444444444	0.906432748538	0.777777777778	0.781286549708	0.93567251462	0.812865497076	0.92514619883	0.940350877193	0.92514619883	0.907602339181	0.943859649123	0.92514619883	0.880701754386	0.946198830409	0.922807017544	0.977777777778	0.966081871345	0.940350877193	0.947368421053	0.977777777778	0.936842105263	0.93567251462	0.963742690058	0.894736842105	0.926315789474	0.94269005848	0.906432748538	0.938011695906	0.873684210526	0.80350877193	0.845614035088	0.812865497076	0.635087719298	0.639766081871	0.65730994152	0.785964912281	0.837426900585	0.711111111111
DG2	0.66081871345	0.683040935673	0.709941520468	0.652631578947	0.644444444444	0.693567251462	0.707602339181	0.626900584795	0.621052631579	0.504093567251	0.513450292398	0.562573099415	0.60701754386	0.591812865497	0.0	0.647953216374	0.702923976608	0.837426900585	0.753216374269	0.733333333333	0.805847953216	0.763742690058	0.768421052632	0.676023391813	0.858479532164	0.844444444444	0.898245614035	0.780116959064	0.785964912281	0.923976608187	0.815204678363	0.911111111111	0.933333333333	0.907602339181	0.906432748538	0.953216374269	0.93567251462	0.885380116959	0.93918128655	0.914619883041	0.988304093567	0.966081871345	0.950877192982	0.962573099415	0.982456140351	0.938011695906	0.934502923977	0.978947368421	0.881871345029	0.919298245614	0.947368421053	0.904093567251	0.947368421053	0.861988304094	0.798830409357	0.854970760234	0.757894736842	0.707602339181	0.716959064327	0.646783625731	0.698245614035	0.865497076023	0.711111111111
DH2	0.581286549708	0.555555555556	0.628070175439	0.552046783626	0.561403508772	0.616374269006	0.621052631579	0.547368421053	0.443274853801	0.622222222222	0.59649122807	0.699415204678	0.757894736842	0.754385964912	0.647953216374	0.0	0.780116959064	0.727485380117	0.784795321637	0.66432748538	0.688888888889	0.677192982456	0.681871345029	0.791812865497	0.692397660819	0.712280701754	0.676023391813	0.777777777778	0.781286549708	0.700584795322	0.746198830409	0.683040935673	0.929824561404	0.900584795322	0.921637426901	0.919298245614	0.912280701754	0.927485380117	0.927485380117	0.927485380117	0.959064327485	0.946198830409	0.94269005848	0.926315789474	0.960233918129	0.934502923977	0.92514619883	0.941520467836	0.945029239766	0.950877192982	0.962573099415	0.93567251462	0.955555555556	0.93918128655	0.947368421053	0.788304093567	0.679532163743	0.781286549708	0.808187134503	0.697076023392	0.631578947368	0.781286549708	0.716959064327
DA1	0.775438596491	0.788304093567	0.73918128655	0.770760233918	0.778947368421	0.748538011696	0.778947368421	0.74269005848	0.701754385965	0.764912280702	0.60701754386	0.659649122807	0.700584795322	0.680701754386	0.702923976608	0.780116959064	0.0	0.585964912281	0.626900584795	0.721637426901	0.72514619883	0.670175438596	0.688888888889	0.543859649123	0.788304093567	0.809356725146	0.831578947368	0.676023391813	0.683040935673	0.854970760234	0.670175438596	0.850292397661	0.883040935673	0.877192982456	0.87134502924	0.901754385965	0.87485380117	0.852631578947	0.907602339181	0.887719298246	0.949707602339	0.940350877193	0.915789473684	0.895906432749	0.919298245614	0.887719298246	0.900584795322	0.941520467836	0.73567251462	0.749707602339	0.782456140351	0.730994152047	0.757894736842	0.698245614035	0.650292397661	0.79649122807	0.828070175439	0.676023391813	0.66081871345	0.714619883041	0.80701754386	0.810526315789	0.736842105263
DB1	0.785964912281	0.770760233918	0.80350877193	0.789473684211	0.804678362573	0.812865497076	0.795321637427	0.774269005848	0.72865497076	0.844444444444	0.780116959064	0.762573099415	0.822222222222	0.856140350877	0.837426900585	0.727485380117	0.585964912281	0.0	0.721637426901	0.693567251462	0.681871345029	0.697076023392	0.53567251462	0.681871345029	0.757894736842	0.754385964912	0.795321637427	0.816374269006	0.815204678363	0.809356725146	0.764912280702	0.801169590643	0.899415204678	0.879532163743	0.905263157895	0.904093567251	0.886549707602	0.909941520468	0.907602339181	0.920467836257	0.804678362573	0.798830409357	0.802339181287	0.787134502924	0.80701754386	0.777777777778	0.797660818713	0.805847953216	0.753216374269	0.746198830409	0.750877192982	0.746198830409	0.749707602339	0.73918128655	0.761403508772	0.852631578947	0.85730994152	0.881871345029	0.892397660819	0.884210526316	0.80350877193	0.866666666667	0.853801169591
DC1	0.797660818713	0.783625730994	0.749707602339	0.771929824561	0.791812865497	0.766081871345	0.774269005848	0.760233918129	0.740350877193	0.755555555556	0.746198830409	0.706432748538	0.734502923977	0.746198830409	0.753216374269	0.784795321637	0.626900584795	0.721637426901	0.0	0.595321637427	0.617543859649	0.456140350877	0.610526315789	0.507602339181	0.80701754386	0.825730994152	0.861988304094	0.747368421053	0.754385964912	0.880701754386	0.764912280702	0.87485380117	0.740350877193	0.73216374269	0.741520467836	0.73918128655	0.719298245614	0.714619883041	0.756725146199	0.738011695906	0.909941520468	0.908771929825	0.893567251462	0.87485380117	0.887719298246	0.86081871345	0.894736842105	0.909941520468	0.915789473684	0.930994152047	0.959064327485	0.923976608187	0.940350877193	0.880701754386	0.869005847953	0.8	0.819883040936	0.749707602339	0.73918128655	0.757894736842	0.802339181287	0.826900584795	0.755555555556
DD1	0.637426900585	0.640935672515	0.639766081871	0.633918128655	0.656140350877	0.644444444444	0.651461988304	0.623391812865	0.609356725146	0.715789473684	0.700584795322	0.721637426901	0.773099415205	0.783625730994	0.733333333333	0.66432748538	0.721637426901	0.693567251462	0.595321637427	0.0	0.421052631579	0.478362573099	0.501754385965	0.594152046784	0.823391812865	0.826900584795	0.846783625731	0.819883040936	0.817543859649	0.849122807018	0.795321637427	0.844444444444	0.843274853801	0.819883040936	0.836257309942	0.852631578947	0.828070175439	0.847953216374	0.854970760234	0.852631578947	0.826900584795	0.878362573099	0.886549707602	0.883040935673	0.900584795322	0.815204678363	0.906432748538	0.873684210526	0.957894736842	0.950877192982	0.969590643275	0.953216374269	0.964912280702	0.940350877193	0.964912280702	0.80701754386	0.706432748538	0.802339181287	0.805847953216	0.707602339181	0.687719298246	0.794152046784	0.718128654971
DE1	0.612865497076	0.609356725146	0.60350877193	0.6	0.626900584795	0.623391812865	0.616374269006	0.60350877193	0.608187134503	0.771929824561	0.764912280702	0.741520467836	0.79649122807	0.819883040936	0.805847953216	0.688888888889	0.72514619883	0.681871345029	0.617543859649	0.421052631579	0.0	0.513450292398	0.494736842105	0.639766081871	0.832748538012	0.838596491228	0.766081871345	0.761403508772	0.767251461988	0.757894736842	0.740350877193	0.760233918129	0.846783625731	0.831578947368	0.863157894737	0.861988304094	0.856140350877	0.881871345029	0.863157894737	0.887719298246	0.795321637427	0.885380116959	0.901754385965	0.880701754386	0.898245614035	0.816374269006	0.923976608187	0.86432748538	0.981286549708	0.970760233918	0.976608187135	0.970760233918	0.971929824561	0.961403508772	0.985964912281	0.761403508772	0.706432748538	0.766081871345	0.775438596491	0.722807017544	0.709941520468	0.743859649123	0.708771929825
DF1	0.681871345029	0.656140350877	0.630409356725	0.644444444444	0.677192982456	0.652631578947	0.676023391813	0.642105263158	0.669005847953	0.748538011696	0.722807017544	0.707602339181	0.74269005848	0.761403508772	0.763742690058	0.677192982456	0.670175438596	0.697076023392	0.456140350877	0.478362573099	0.513450292398	0.0	0.568421052632	0.533333333333	0.80350877193	0.814035087719	0.824561403509	0.769590643275	0.782456140351	0.835087719298	0.753216374269	0.837426900585	0.767251461988	0.74269005848	0.753216374269	0.750877192982	0.73216374269	0.748538011696	0.769590643275	0.757894736842	0.927485380117	0.927485380117	0.921637426901	0.895906432749	0.908771929825	0.885380116959	0.906432748538	0.921637426901	0.936842105263	0.941520467836	0.961403508772	0.920467836257	0.950877192982	0.913450292398	0.936842105263	0.780116959064	0.741520467836	0.756725146199	0.775438596491	0.72514619883	0.733333333333	0.759064327485	0.72514619883
DG1	0.74269005848	0.720467836257	0.743859649123	0.73567251462	0.74269005848	0.763742690058	0.753216374269	0.702923976608	0.635087719298	0.769590643275	0.729824561404	0.684210526316	0.759064327485	0.783625730994	0.768421052632	0.681871345029	0.688888888889	0.53567251462	0.610526315789	0.501754385965	0.494736842105	0.568421052632	0.0	0.611695906433	0.709941520468	0.716959064327	0.776608187135	0.780116959064	0.771929824561	0.79649122807	0.752046783626	0.79298245614	0.86081871345	0.835087719298	0.853801169591	0.86081871345	0.832748538012	0.845614035088	0.86783625731	0.858479532164	0.814035087719	0.853801169591	0.854970760234	0.885380116959	0.900584795322	0.795321637427	0.87134502924	0.854970760234	0.894736842105	0.894736842105	0.918128654971	0.900584795322	0.911111111111	0.879532163743	0.898245614035	0.818713450292	0.794152046784	0.831578947368	0.839766081871	0.8	0.754385964912	0.828070175439	0.770760233918
DH1	0.79298245614	0.783625730994	0.73216374269	0.768421052632	0.790643274854	0.756725146199	0.784795321637	0.755555555556	0.730994152047	0.736842105263	0.676023391813	0.66783625731	0.686549707602	0.685380116959	0.676023391813	0.791812865497	0.543859649123	0.681871345029	0.507602339181	0.594152046784	0.639766081871	0.533333333333	0.611695906433	0.0	0.824561403509	0.817543859649	0.876023391813	0.733333333333	0.734502923977	0.897076023392	0.736842105263	0.891228070175	0.845614035088	0.838596491228	0.828070175439	0.853801169591	0.825730994152	0.812865497076	0.852631578947	0.831578947368	0.941520467836	0.943859649123	0.92514619883	0.894736842105	0.915789473684	0.890058479532	0.906432748538	0.94269005848	0.869005847953	0.883040935673	0.914619883041	0.873684210526	0.907602339181	0.833918128655	0.798830409357	0.840935672515	0.856140350877	0.721637426901	0.719298245614	0.750877192982	0.839766081871	0.846783625731	0.778947368421
DA4	0.849122807018	0.831578947368	0.853801169591	0.853801169591	0.856140350877	0.866666666667	0.850292397661	0.814035087719	0.760233918129	0.859649122807	0.822222222222	0.756725146199	0.825730994152	0.850292397661	0.858479532164	0.692397660819	0.788304093567	0.757894736842	0.80701754386	0.823391812865	0.832748538012	0.80350877193	0.709941520468	0.824561403509	0.0	0.401169590643	0.564912280702	0.723976608187	0.720467836257	0.52865497076	0.768421052632	0.519298245614	0.947368421053	0.94269005848	0.940350877193	0.960233918129	0.934502923977	0.92514619883	0.963742690058	0.936842105263	0.960233918129	0.94269005848	0.92865497076	0.933333333333	0.954385964912	0.927485380117	0.923976608187	0.943859649123	0.92865497076	0.947368421053	0.956725146199	0.927485380117	0.948538011696	0.930994152047	0.92865497076	0.873684210526	0.891228070175	0.851461988304	0.852631578947	0.86783625731	0.884210526316	0.881871345029	0.859649122807
DB4	0.85730994152	0.845614035088	0.87485380117	0.863157894737	0.86783625731	0.895906432749	0.876023391813	0.830409356725	0.777777777778	0.838596491228	0.830409356725	0.747368421053	0.822222222222	0.844444444444	0.844444444444	0.712280701754	0.809356725146	0.754385964912	0.825730994152	0.826900584795	0.838596491228	0.814035087719	0.716959064327	0.817543859649	0.401169590643	0.0	0.556725146199	0.754385964912	0.749707602339	0.529824561404	0.783625730994	0.520467836257	0.946198830409	0.938011695906	0.93216374269	0.964912280702	0.946198830409	0.916959064327	0.959064327485	0.93216374269	0.953216374269	0.938011695906	0.930994152047	0.93567251462	0.953216374269	0.926315789474	0.920467836257	0.946198830409	0.920467836257	0.943859649123	0.950877192982	0.918128654971	0.950877192982	0.916959064327	0.916959064327	0.892397660819	0.909941520468	0.869005847953	0.861988304094	0.87134502924	0.892397660819	0.908771929825	0.87485380117
DC4	0.718128654971	0.66432748538	0.746198830409	0.714619883041	0.746198830409	0.714619883041	0.679532163743	0.72865497076	0.719298245614	0.888888888889	0.86783625731	0.822222222222	0.887719298246	0.906432748538	0.898245614035	0.676023391813	0.831578947368	0.795321637427	0.861988304094	0.846783625731	0.766081871345	0.824561403509	0.776608187135	0.876023391813	0.564912280702	0.556725146199	0.0	0.719298245614	0.707602339181	0.33567251462	0.633918128655	0.311111111111	0.976608187135	0.967251461988	0.967251461988	0.975438596491	0.974269005848	0.966081871345	0.975438596491	0.974269005848	0.980116959064	0.970760233918	0.971929824561	0.971929824561	0.980116959064	0.971929824561	0.963742690058	0.982456140351	0.962573099415	0.962573099415	0.973099415205	0.962573099415	0.970760233918	0.966081871345	0.963742690058	0.736842105263	0.743859649123	0.740350877193	0.763742690058	0.785964912281	0.856140350877	0.746198830409	0.738011695906
DD4	0.730994152047	0.718128654971	0.713450292398	0.722807017544	0.712280701754	0.73216374269	0.719298245614	0.692397660819	0.694736842105	0.801169590643	0.740350877193	0.743859649123	0.787134502924	0.777777777778	0.780116959064	0.777777777778	0.676023391813	0.816374269006	0.747368421053	0.819883040936	0.761403508772	0.769590643275	0.780116959064	0.733333333333	0.723976608187	0.754385964912	0.719298245614	0.0	0.411695906433	0.743859649123	0.625730994152	0.733333333333	0.941520467836	0.93216374269	0.916959064327	0.93918128655	0.922807017544	0.901754385965	0.940350877193	0.929824561404	0.953216374269	0.941520467836	0.93567251462	0.93918128655	0.959064327485	0.927485380117	0.918128654971	0.94269005848	0.905263157895	0.921637426901	0.940350877193	0.899415204678	0.934502923977	0.888888888889	0.85730994152	0.750877192982	0.775438596491	0.680701754386	0.672514619883	0.686549707602	0.815204678363	0.773099415205	0.706432748538
DE4	0.720467836257	0.712280701754	0.707602339181	0.708771929825	0.721637426901	0.72865497076	0.712280701754	0.706432748538	0.695906432749	0.795321637427	0.73216374269	0.756725146199	0.795321637427	0.781286549708	0.785964912281	0.781286549708	0.683040935673	0.815204678363	0.754385964912	0.817543859649	0.767251461988	0.782456140351	0.771929824561	0.734502923977	0.720467836257	0.749707602339	0.707602339181	0.411695906433	0.0	0.738011695906	0.584795321637	0.723976608187	0.941520467836	0.941520467836	0.918128654971	0.943859649123	0.916959064327	0.902923976608	0.93567251462	0.92514619883	0.955555555556	0.933333333333	0.918128654971	0.922807017544	0.961403508772	0.914619883041	0.897076023392	0.938011695906	0.887719298246	0.904093567251	0.930994152047	0.884210526316	0.915789473684	0.886549707602	0.850292397661	0.73918128655	0.766081871345	0.683040935673	0.66783625731	0.680701754386	0.812865497076	0.763742690058	0.691228070175
DF4	0.723976608187	0.666666666667	0.749707602339	0.719298245614	0.756725146199	0.743859649123	0.708771929825	0.741520467836	0.74269005848	0.912280701754	0.885380116959	0.842105263158	0.906432748538	0.93567251462	0.923976608187	0.700584795322	0.854970760234	0.809356725146	0.880701754386	0.849122807018	0.757894736842	0.835087719298	0.79649122807	0.897076023392	0.52865497076	0.529824561404	0.33567251462	0.743859649123	0.738011695906	0.0	0.688888888889	0.266666666667	0.980116959064	0.973099415205	0.975438596491	0.983625730994	0.977777777778	0.978947368421	0.981286549708	0.982456140351	0.977777777778	0.981286549708	0.982456140351	0.978947368421	0.980116959064	0.980116959064	0.978947368421	0.980116959064	0.989473684211	0.990643274854	0.987134502924	0.988304093567	0.987134502924	0.991812865497	0.990643274854	0.761403508772	0.767251461988	0.770760233918	0.775438596491	0.79649122807	0.859649122807	0.770760233918	0.766081871345
DG4	0.666666666667	0.637426900585	0.678362573099	0.66783625731	0.705263157895	0.635087719298	0.575438596491	0.663157894737	0.666666666667	0.821052631579	0.723976608187	0.764912280702	0.814035087719	0.812865497076	0.815204678363	0.746198830409	0.670175438596	0.764912280702	0.764912280702	0.795321637427	0.740350877193	0.753216374269	0.752046783626	0.736842105263	0.768421052632	0.783625730994	0.633918128655	0.625730994152	0.584795321637	0.688888888889	0.0	0.66081871345	0.93918128655	0.929824561404	0.909941520468	0.92865497076	0.907602339181	0.900584795322	0.927485380117	0.912280701754	0.962573099415	0.94269005848	0.930994152047	0.92514619883	0.964912280702	0.920467836257	0.906432748538	0.947368421053	0.869005847953	0.883040935673	0.907602339181	0.86081871345	0.890058479532	0.866666666667	0.852631578947	0.608187134503	0.713450292398	0.632748538012	0.687719298246	0.713450292398	0.811695906433	0.621052631579	0.659649122807
DH4	0.713450292398	0.66783625731	0.738011695906	0.713450292398	0.746198830409	0.727485380117	0.690058479532	0.73567251462	0.72865497076	0.900584795322	0.876023391813	0.839766081871	0.900584795322	0.92514619883	0.911111111111	0.683040935673	0.850292397661	0.801169590643	0.87485380117	0.844444444444	0.760233918129	0.837426900585	0.79298245614	0.891228070175	0.519298245614	0.520467836257	0.311111111111	0.733333333333	0.723976608187	0.266666666667	0.66081871345	0.0	0.970760233918	0.964912280702	0.971929824561	0.975438596491	0.974269005848	0.976608187135	0.971929824561	0.981286549708	0.980116959064	0.973099415205	0.976608187135	0.974269005848	0.980116959064	0.974269005848	0.968421052632	0.980116959064	0.980116959064	0.977777777778	0.977777777778	0.978947368421	0.980116959064	0.978947368421	0.981286549708	0.753216374269	0.754385964912	0.761403508772	0.778947368421	0.798830409357	0.86081871345	0.760233918129	0.755555555556
DA6	0.906432748538	0.919298245614	0.899415204678	0.897076023392	0.911111111111	0.895906432749	0.912280701754	0.907602339181	0.92865497076	0.915789473684	0.921637426901	0.906432748538	0.926315789474	0.940350877193	0.933333333333	0.929824561404	0.883040935673	0.899415204678	0.740350877193	0.843274853801	0.846783625731	0.767251461988	0.86081871345	0.845614035088	0.947368421053	0.946198830409	0.976608187135	0.941520467836	0.941520467836	0.980116959064	0.93918128655	0.970760233918	0.0	0.355555555556	0.367251461988	0.327485380117	0.353216374269	0.355555555556	0.299415204678	0.34269005848	0.886549707602	0.886549707602	0.879532163743	0.901754385965	0.934502923977	0.894736842105	0.863157894737	0.881871345029	0.962573099415	0.92865497076	0.953216374269	0.947368421053	0.934502923977	0.919298245614	0.968421052632	0.897076023392	0.880701754386	0.915789473684	0.927485380117	0.904093567251	0.884210526316	0.879532163743	0.891228070175
DB6	0.877192982456	0.881871345029	0.881871345029	0.879532163743	0.894736842105	0.870175438596	0.897076023392	0.872514619883	0.895906432749	0.893567251462	0.899415204678	0.888888888889	0.912280701754	0.92514619883	0.907602339181	0.900584795322	0.877192982456	0.879532163743	0.73216374269	0.819883040936	0.831578947368	0.74269005848	0.835087719298	0.838596491228	0.94269005848	0.938011695906	0.967251461988	0.93216374269	0.941520467836	0.973099415205	0.929824561404	0.964912280702	0.355555555556	0.0	0.34269005848	0.376608187135	0.384795321637	0.39649122807	0.356725146199	0.394152046784	0.894736842105	0.894736842105	0.883040935673	0.901754385965	0.92514619883	0.897076023392	0.861988304094	0.881871345029	0.955555555556	0.926315789474	0.956725146199	0.93567251462	0.943859649123	0.922807017544	0.963742690058	0.863157894737	0.846783625731	0.892397660819	0.884210526316	0.86783625731	0.850292397661	0.859649122807	0.852631578947
DC6	0.912280701754	0.911111111111	0.902923976608	0.906432748538	0.921637426901	0.904093567251	0.921637426901	0.891228070175	0.912280701754	0.898245614035	0.907602339181	0.887719298246	0.906432748538	0.907602339181	0.906432748538	0.921637426901	0.87134502924	0.905263157895	0.741520467836	0.836257309942	0.863157894737	0.753216374269	0.853801169591	0.828070175439	0.940350877193	0.93216374269	0.967251461988	0.916959064327	0.918128654971	0.975438596491	0.909941520468	0.971929824561	0.367251461988	0.34269005848	0.0	0.380116959064	0.375438596491	0.352046783626	0.345029239766	0.371929824561	0.902923976608	0.907602339181	0.897076023392	0.921637426901	0.941520467836	0.899415204678	0.873684210526	0.894736842105	0.940350877193	0.915789473684	0.950877192982	0.92865497076	0.93918128655	0.907602339181	0.949707602339	0.881871345029	0.885380116959	0.899415204678	0.900584795322	0.86783625731	0.87485380117	0.894736842105	0.87134502924
DD6	0.930994152047	0.922807017544	0.902923976608	0.92514619883	0.933333333333	0.902923976608	0.926315789474	0.920467836257	0.916959064327	0.938011695906	0.93918128655	0.933333333333	0.93918128655	0.943859649123	0.953216374269	0.919298245614	0.901754385965	0.904093567251	0.73918128655	0.852631578947	0.861988304094	0.750877192982	0.86081871345	0.853801169591	0.960233918129	0.964912280702	0.975438596491	0.93918128655	0.943859649123	0.983625730994	0.92865497076	0.975438596491	0.327485380117	0.376608187135	0.380116959064	0.0	0.334502923977	0.336842105263	0.309941520468	0.367251461988	0.93216374269	0.916959064327	0.916959064327	0.907602339181	0.936842105263	0.906432748538	0.906432748538	0.918128654971	0.960233918129	0.927485380117	0.960233918129	0.940350877193	0.936842105263	0.929824561404	0.974269005848	0.890058479532	0.883040935673	0.912280701754	0.911111111111	0.888888888889	0.891228070175	0.877192982456	0.913450292398
DE6	0.92865497076	0.918128654971	0.899415204678	0.912280701754	0.926315789474	0.886549707602	0.92514619883	0.905263157895	0.894736842105	0.921637426901	0.920467836257	0.904093567251	0.919298245614	0.92514619883	0.93567251462	0.912280701754	0.87485380117	0.886549707602	0.719298245614	0.828070175439	0.856140350877	0.73216374269	0.832748538012	0.825730994152	0.934502923977	0.946198830409	0.974269005848	0.922807017544	0.916959064327	0.977777777778	0.907602339181	0.974269005848	0.353216374269	0.384795321637	0.375438596491	0.334502923977	0.0	0.353216374269	0.334502923977	0.353216374269	0.902923976608	0.892397660819	0.883040935673	0.898245614035	0.919298245614	0.879532163743	0.866666666667	0.888888888889	0.947368421053	0.911111111111	0.952046783626	0.926315789474	0.927485380117	0.918128654971	0.960233918129	0.879532163743	0.877192982456	0.893567251462	0.898245614035	0.877192982456	0.877192982456	0.878362573099	0.876023391813
DF6	0.934502923977	0.93567251462	0.916959064327	0.919298245614	0.930994152047	0.919298245614	0.934502923977	0.901754385965	0.901754385965	0.880701754386	0.886549707602	0.869005847953	0.87485380117	0.880701754386	0.885380116959	0.927485380117	0.852631578947	0.909941520468	0.714619883041	0.847953216374	0.881871345029	0.748538011696	0.845614035088	0.812865497076	0.92514619883	0.916959064327	0.966081871345	0.901754385965	0.902923976608	0.978947368421	0.900584795322	0.976608187135	0.355555555556	0.39649122807	0.352046783626	0.336842105263	0.353216374269	0.0	0.352046783626	0.349707602339	0.94269005848	0.927485380117	0.916959064327	0.92865497076	0.943859649123	0.906432748538	0.899415204678	0.929824561404	0.918128654971	0.907602339181	0.948538011696	0.916959064327	0.936842105263	0.881871345029	0.921637426901	0.890058479532	0.912280701754	0.873684210526	0.87485380117	0.856140350877	0.895906432749	0.907602339181	0.870175438596
DG6	0.915789473684	0.918128654971	0.908771929825	0.906432748538	0.920467836257	0.901754385965	0.919298245614	0.908771929825	0.929824561404	0.926315789474	0.93567251462	0.923976608187	0.938011695906	0.946198830409	0.93918128655	0.927485380117	0.907602339181	0.907602339181	0.756725146199	0.854970760234	0.863157894737	0.769590643275	0.86783625731	0.852631578947	0.963742690058	0.959064327485	0.975438596491	0.940350877193	0.93567251462	0.981286549708	0.927485380117	0.971929824561	0.299415204678	0.356725146199	0.345029239766	0.309941520468	0.334502923977	0.352046783626	0.0	0.350877192982	0.894736842105	0.913450292398	0.892397660819	0.922807017544	0.940350877193	0.912280701754	0.872514619883	0.886549707602	0.960233918129	0.92865497076	0.957894736842	0.947368421053	0.94269005848	0.929824561404	0.967251461988	0.898245614035	0.886549707602	0.929824561404	0.934502923977	0.897076023392	0.880701754386	0.902923976608	0.886549707602
DH6	0.934502923977	0.93567251462	0.915789473684	0.922807017544	0.938011695906	0.922807017544	0.93918128655	0.906432748538	0.914619883041	0.911111111111	0.921637426901	0.902923976608	0.914619883041	0.922807017544	0.914619883041	0.927485380117	0.887719298246	0.920467836257	0.738011695906	0.852631578947	0.887719298246	0.757894736842	0.858479532164	0.831578947368	0.936842105263	0.93216374269	0.974269005848	0.929824561404	0.92514619883	0.982456140351	0.912280701754	0.981286549708	0.34269005848	0.394152046784	0.371929824561	0.367251461988	0.353216374269	0.349707602339	0.350877192982	0.0	0.92865497076	0.915789473684	0.902923976608	0.923976608187	0.941520467836	0.893567251462	0.880701754386	0.913450292398	0.909941520468	0.883040935673	0.948538011696	0.922807017544	0.940350877193	0.856140350877	0.893567251462	0.895906432749	0.904093567251	0.897076023392	0.908771929825	0.881871345029	0.893567251462	0.897076023392	0.888888888889
DA7	0.954385964912	0.943859649123	0.940350877193	0.953216374269	0.962573099415	0.943859649123	0.962573099415	0.947368421053	0.905263157895	0.984795321637	0.960233918129	0.968421052632	0.980116959064	0.977777777778	0.988304093567	0.959064327485	0.949707602339	0.804678362573	0.909941520468	0.826900584795	0.795321637427	0.927485380117	0.814035087719	0.941520467836	0.960233918129	0.953216374269	0.980116959064	0.953216374269	0.955555555556	0.977777777778	0.962573099415	0.980116959064	0.886549707602	0.894736842105	0.902923976608	0.93216374269	0.902923976608	0.94269005848	0.894736842105	0.92865497076	0.0	0.422222222222	0.456140350877	0.511111111111	0.66081871345	0.391812865497	0.486549707602	0.370760233918	0.978947368421	0.953216374269	0.977777777778	0.975438596491	0.970760233918	0.959064327485	0.985964912281	0.846783625731	0.817543859649	0.948538011696	0.945029239766	0.918128654971	0.748538011696	0.895906432749	0.843274853801
DB7	0.948538011696	0.949707602339	0.941520467836	0.955555555556	0.954385964912	0.94269005848	0.961403508772	0.947368421053	0.902923976608	0.966081871345	0.950877192982	0.950877192982	0.962573099415	0.966081871345	0.966081871345	0.946198830409	0.940350877193	0.798830409357	0.908771929825	0.878362573099	0.885380116959	0.927485380117	0.853801169591	0.943859649123	0.94269005848	0.938011695906	0.970760233918	0.941520467836	0.933333333333	0.981286549708	0.94269005848	0.973099415205	0.886549707602	0.894736842105	0.907602339181	0.916959064327	0.892397660819	0.927485380117	0.913450292398	0.915789473684	0.422222222222	0.0	0.352046783626	0.463157894737	0.623391812865	0.389473684211	0.445614035088	0.345029239766	0.963742690058	0.93567251462	0.960233918129	0.941520467836	0.953216374269	0.945029239766	0.973099415205	0.810526315789	0.861988304094	0.934502923977	0.929824561404	0.909941520468	0.745029239766	0.878362573099	0.86081871345
