	DA5	DB5	DC5	DD5	DE5	DF5	DG5	DH5	DA2	DB2	DC2	DD2	DE2	DF2	DG2	DH2	DA1	DB1	DC1	DD1	DE1	DF1	DG1	DH1	DA4	DB4	DC4	DD4	DE4	DF4	DG4	DH4	DA6	DB6	DC6	DD6	DE6	DF6	DG6	DH6	DA7	DB7	DC7	DD7	DE7	DF7	DG7	DH7	DA8	DB8	DC8	DD8	DF8	DG8	DH8	DA3	DB3	DC3	DD3	DE3	DF3	DG3	DH3
DA5	0.0	0.391812865497	0.478362573099	0.381286549708	0.430409356725	0.447953216374	0.450292397661	0.363742690058	0.556725146199	0.602339181287	0.571929824561	0.705263157895	0.767251461988	0.80350877193	0.644444444444	0.552046783626	0.767251461988	0.757894736842	0.734502923977	0.567251461988	0.631578947368	0.678362573099	0.697076023392	0.757894736842	0.830409356725	0.828070175439	0.698245614035	0.719298245614	0.721637426901	0.700584795322	0.67134502924	0.707602339181	0.906432748538	0.884210526316	0.893567251462	0.921637426901	0.913450292398	0.915789473684	0.927485380117	0.92514619883	0.949707602339	0.949707602339	0.947368421053	0.926315789474	0.950877192982	0.934502923977	0.933333333333	0.954385964912	0.968421052632	0.970760233918	0.981286549708	0.967251461988	0.970760233918	0.963742690058	0.970760233918	0.677192982456	0.527485380117	0.676023391813	0.704093567251	0.59649122807	0.595321637427	0.67134502924	0.619883040936
DB5	0.391812865497	0.0	0.456140350877	0.387134502924	0.463157894737	0.408187134503	0.39649122807	0.388304093567	0.507602339181	0.644444444444	0.630409356725	0.722807017544	0.783625730994	0.817543859649	0.67134502924	0.518128654971	0.773099415205	0.755555555556	0.747368421053	0.575438596491	0.614035087719	0.688888888889	0.705263157895	0.757894736842	0.829239766082	0.825730994152	0.66432748538	0.723976608187	0.729824561404	0.663157894737	0.67134502924	0.676023391813	0.902923976608	0.886549707602	0.901754385965	0.92514619883	0.915789473684	0.923976608187	0.920467836257	0.93216374269	0.955555555556	0.964912280702	0.959064327485	0.913450292398	0.941520467836	0.945029239766	0.954385964912	0.962573099415	0.976608187135	0.969590643275	0.981286549708	0.966081871345	0.974269005848	0.974269005848	0.976608187135	0.698245614035	0.54269005848	0.692397660819	0.706432748538	0.604678362573	0.610526315789	0.681871345029	0.630409356725
DC5	0.478362573099	0.456140350877	0.0	0.485380116959	0.54269005848	0.405847953216	0.45730994152	0.47485380117	0.619883040936	0.718128654971	0.666666666667	0.755555555556	0.805847953216	0.798830409357	0.727485380117	0.638596491228	0.743859649123	0.8	0.754385964912	0.601169590643	0.638596491228	0.663157894737	0.747368421053	0.723976608187	0.888888888889	0.880701754386	0.736842105263	0.746198830409	0.73918128655	0.741520467836	0.700584795322	0.757894736842	0.897076023392	0.873684210526	0.895906432749	0.915789473684	0.899415204678	0.919298245614	0.918128654971	0.921637426901	0.936842105263	0.941520467836	0.93567251462	0.880701754386	0.913450292398	0.912280701754	0.92514619883	0.946198830409	0.966081871345	0.961403508772	0.974269005848	0.957894736842	0.954385964912	0.964912280702	0.966081871345	0.683040935673	0.588304093567	0.681871345029	0.704093567251	0.6	0.654970760234	0.66432748538	0.625730994152
DD5	0.381286549708	0.387134502924	0.485380116959	0.0	0.361403508772	0.450292397661	0.443274853801	0.370760233918	0.540350877193	0.549707602339	0.575438596491	0.73918128655	0.789473684211	0.80701754386	0.635087719298	0.553216374269	0.774269005848	0.795321637427	0.761403508772	0.598830409357	0.640935672515	0.700584795322	0.740350877193	0.771929824561	0.87134502924	0.865497076023	0.734502923977	0.721637426901	0.736842105263	0.72514619883	0.705263157895	0.740350877193	0.897076023392	0.893567251462	0.901754385965	0.92514619883	0.908771929825	0.926315789474	0.916959064327	0.926315789474	0.955555555556	0.963742690058	0.960233918129	0.933333333333	0.961403508772	0.946198830409	0.953216374269	0.961403508772	0.978947368421	0.968421052632	0.978947368421	0.969590643275	0.964912280702	0.974269005848	0.976608187135	0.720467836257	0.561403508772	0.714619883041	0.729824561404	0.623391812865	0.614035087719	0.700584795322	0.654970760234
DE5	0.430409356725	0.463157894737	0.54269005848	0.361403508772	0.0	0.490058479532	0.509941520468	0.421052631579	0.559064327485	0.553216374269	0.576608187135	0.752046783626	0.8	0.816374269006	0.637426900585	0.556725146199	0.789473684211	0.80350877193	0.771929824561	0.621052631579	0.67134502924	0.719298245614	0.746198830409	0.782456140351	0.881871345029	0.870175438596	0.774269005848	0.756725146199	0.764912280702	0.771929824561	0.743859649123	0.783625730994	0.919298245614	0.902923976608	0.914619883041	0.933333333333	0.927485380117	0.934502923977	0.933333333333	0.93567251462	0.961403508772	0.969590643275	0.956725146199	0.946198830409	0.967251461988	0.955555555556	0.956725146199	0.964912280702	0.973099415205	0.969590643275	0.974269005848	0.977777777778	0.973099415205	0.967251461988	0.976608187135	0.760233918129	0.6	0.754385964912	0.766081871345	0.661988304094	0.610526315789	0.746198830409	0.687719298246
DF5	0.447953216374	0.408187134503	0.405847953216	0.450292397661	0.490058479532	0.0	0.397660818713	0.439766081871	0.559064327485	0.67485380117	0.638596491228	0.738011695906	0.784795321637	0.789473684211	0.685380116959	0.583625730994	0.740350877193	0.788304093567	0.741520467836	0.584795321637	0.639766081871	0.670175438596	0.73216374269	0.738011695906	0.86783625731	0.861988304094	0.708771929825	0.721637426901	0.727485380117	0.694736842105	0.656140350877	0.711111111111	0.893567251462	0.880701754386	0.888888888889	0.916959064327	0.900584795322	0.912280701754	0.916959064327	0.918128654971	0.949707602339	0.94269005848	0.930994152047	0.899415204678	0.929824561404	0.914619883041	0.923976608187	0.94269005848	0.966081871345	0.962573099415	0.973099415205	0.955555555556	0.950877192982	0.957894736842	0.961403508772	0.652631578947	0.530994152047	0.653801169591	0.66432748538	0.59649122807	0.621052631579	0.630409356725	0.591812865497
DG5	0.450292397661	0.39649122807	0.45730994152	0.443274853801	0.509941520468	0.397660818713	0.0	0.425730994152	0.577777777778	0.663157894737	0.654970760234	0.727485380117	0.778947368421	0.797660818713	0.697076023392	0.591812865497	0.762573099415	0.79298245614	0.752046783626	0.60701754386	0.653801169591	0.695906432749	0.72865497076	0.764912280702	0.870175438596	0.85730994152	0.691228070175	0.718128654971	0.72514619883	0.678362573099	0.619883040936	0.686549707602	0.893567251462	0.879532163743	0.894736842105	0.919298245614	0.907602339181	0.914619883041	0.919298245614	0.926315789474	0.960233918129	0.959064327485	0.946198830409	0.93216374269	0.962573099415	0.93567251462	0.945029239766	0.962573099415	0.966081871345	0.968421052632	0.976608187135	0.967251461988	0.955555555556	0.961403508772	0.962573099415	0.632748538012	0.53918128655	0.632748538012	0.66432748538	0.598830409357	0.640935672515	0.604678362573	0.580116959064
DH5	0.363742690058	0.388304093567	0.47485380117	0.370760233918	0.421052631579	0.439766081871	0.425730994152	0.0	0.541520467836	0.587134502924	0.571929824561	0.704093567251	0.761403508772	0.780116959064	0.610526315789	0.554385964912	0.752046783626	0.776608187135	0.727485380117	0.589473684211	0.632748538012	0.66783625731	0.712280701754	0.74269005848	0.844444444444	0.839766081871	0.713450292398	0.699415204678	0.714619883041	0.723976608187	0.679532163743	0.743859649123	0.900584795322	0.876023391813	0.883040935673	0.922807017544	0.911111111111	0.898245614035	0.920467836257	0.922807017544	0.949707602339	0.959064327485	0.943859649123	0.93216374269	0.961403508772	0.93567251462	0.933333333333	0.959064327485	0.954385964912	0.946198830409	0.969590643275	0.954385964912	0.957894736842	0.94269005848	0.948538011696	0.704093567251	0.556725146199	0.684210526316	0.701754385965	0.590643274854	0.59298245614	0.700584795322	0.625730994152
DA2	0.556725146199	0.507602339181	0.619883040936	0.540350877193	0.559064327485	0.559064327485	0.577777777778	0.541520467836	0.0	0.60701754386	0.557894736842	0.66783625731	0.713450292398	0.729824561404	0.60701754386	0.423391812865	0.699415204678	0.72514619883	0.697076023392	0.557894736842	0.614035087719	0.678362573099	0.646783625731	0.715789473684	0.760233918129	0.761403508772	0.729824561404	0.712280701754	0.706432748538	0.736842105263	0.693567251462	0.748538011696	0.922807017544	0.891228070175	0.912280701754	0.913450292398	0.905263157895	0.880701754386	0.934502923977	0.923976608187	0.914619883041	0.899415204678	0.895906432749	0.898245614035	0.947368421053	0.876023391813	0.893567251462	0.913450292398	0.915789473684	0.914619883041	0.954385964912	0.913450292398	0.927485380117	0.898245614035	0.891228070175	0.748538011696	0.638596491228	0.713450292398	0.734502923977	0.623391812865	0.595321637427	0.73567251462	0.639766081871
DB2	0.602339181287	0.644444444444	0.718128654971	0.549707602339	0.553216374269	0.67485380117	0.663157894737	0.587134502924	0.60701754386	0.0	0.521637426901	0.624561403509	0.651461988304	0.643274853801	0.47134502924	0.651461988304	0.745029239766	0.833918128655	0.73216374269	0.699415204678	0.762573099415	0.754385964912	0.748538011696	0.719298245614	0.816374269006	0.824561403509	0.892397660819	0.785964912281	0.79649122807	0.901754385965	0.817543859649	0.912280701754	0.914619883041	0.900584795322	0.905263157895	0.940350877193	0.92865497076	0.892397660819	0.938011695906	0.934502923977	0.980116959064	0.971929824561	0.948538011696	0.950877192982	0.985964912281	0.949707602339	0.945029239766	0.977777777778	0.920467836257	0.933333333333	0.961403508772	0.918128654971	0.94269005848	0.893567251462	0.846783625731	0.853801169591	0.712280701754	0.741520467836	0.759064327485	0.656140350877	0.700584795322	0.858479532164	0.72514619883
DC2	0.571929824561	0.630409356725	0.666666666667	0.575438596491	0.576608187135	0.638596491228	0.654970760234	0.571929824561	0.557894736842	0.521637426901	0.0	0.621052631579	0.640935672515	0.615204678363	0.498245614035	0.608187134503	0.638596491228	0.790643274854	0.709941520468	0.654970760234	0.738011695906	0.713450292398	0.72514619883	0.67485380117	0.830409356725	0.839766081871	0.856140350877	0.72865497076	0.716959064327	0.859649122807	0.740350877193	0.87485380117	0.916959064327	0.900584795322	0.907602339181	0.93567251462	0.919298245614	0.885380116959	0.93918128655	0.930994152047	0.964912280702	0.945029239766	0.922807017544	0.916959064327	0.963742690058	0.933333333333	0.921637426901	0.953216374269	0.893567251462	0.886549707602	0.926315789474	0.883040935673	0.900584795322	0.856140350877	0.8	0.787134502924	0.644444444444	0.66081871345	0.704093567251	0.597660818713	0.636257309942	0.782456140351	0.653801169591
DD2	0.705263157895	0.722807017544	0.755555555556	0.73918128655	0.752046783626	0.738011695906	0.727485380117	0.704093567251	0.66783625731	0.624561403509	0.621052631579	0.0	0.484210526316	0.547368421053	0.591812865497	0.707602339181	0.680701754386	0.764912280702	0.653801169591	0.695906432749	0.726315789474	0.713450292398	0.66783625731	0.66081871345	0.763742690058	0.774269005848	0.838596491228	0.760233918129	0.754385964912	0.849122807018	0.789473684211	0.866666666667	0.876023391813	0.872514619883	0.880701754386	0.922807017544	0.909941520468	0.873684210526	0.920467836257	0.916959064327	0.963742690058	0.945029239766	0.919298245614	0.92865497076	0.968421052632	0.926315789474	0.915789473684	0.954385964912	0.92514619883	0.926315789474	0.961403508772	0.908771929825	0.927485380117	0.876023391813	0.818713450292	0.849122807018	0.811695906433	0.656140350877	0.697076023392	0.658479532164	0.79649122807	0.838596491228	0.714619883041
DE2	0.767251461988	0.783625730994	0.805847953216	0.789473684211	0.8	0.784795321637	0.778947368421	0.761403508772	0.713450292398	0.651461988304	0.640935672515	0.484210526316	0.0	0.512280701754	0.605847953216	0.749707602339	0.691228070175	0.815204678363	0.685380116959	0.754385964912	0.778947368421	0.73216374269	0.738011695906	0.681871345029	0.815204678363	0.824561403509	0.87485380117	0.782456140351	0.782456140351	0.893567251462	0.812865497076	0.902923976608	0.918128654971	0.900584795322	0.892397660819	0.927485380117	0.911111111111	0.872514619883	0.926315789474	0.922807017544	0.977777777778	0.966081871345	0.93567251462	0.952046783626	0.981286549708	0.938011695906	0.930994152047	0.970760233918	0.927485380117	0.919298245614	0.960233918129	0.894736842105	0.927485380117	0.879532163743	0.808187134503	0.869005847953	0.842105263158	0.673684210526	0.685380116959	0.669005847953	0.826900584795	0.866666666667	0.736842105263
DF2	0.80350877193	0.817543859649	0.798830409357	0.80701754386	0.816374269006	0.789473684211	0.797660818713	0.780116959064	0.729824561404	0.643274853801	0.615204678363	0.547368421053	0.512280701754	0.0	0.60350877193	0.774269005848	0.677192982456	0.846783625731	0.723976608187	0.797660818713	0.817543859649	0.756725146199	0.775438596491	0.67485380117	0.835087719298	0.830409356725	0.908771929825	0.791812865497	0.794152046784	0.918128654971	0.828070175439	0.929824561404	0.92514619883	0.906432748538	0.902923976608	0.936842105263	0.922807017544	0.886549707602	0.945029239766	0.934502923977	0.974269005848	0.953216374269	0.93567251462	0.93216374269	0.980116959064	0.936842105263	0.921637426901	0.955555555556	0.916959064327	0.921637426901	0.948538011696	0.898245614035	0.929824561404	0.86783625731	0.794152046784	0.840935672515	0.817543859649	0.624561403509	0.656140350877	0.65730994152	0.801169590643	0.833918128655	0.711111111111
DG2	0.644444444444	0.67134502924	0.727485380117	0.635087719298	0.637426900585	0.685380116959	0.697076023392	0.610526315789	0.60701754386	0.47134502924	0.498245614035	0.591812865497	0.605847953216	0.60350877193	0.0	0.652631578947	0.712280701754	0.838596491228	0.722807017544	0.707602339181	0.777777777778	0.746198830409	0.754385964912	0.694736842105	0.828070175439	0.837426900585	0.897076023392	0.79298245614	0.802339181287	0.908771929825	0.818713450292	0.918128654971	0.920467836257	0.894736842105	0.904093567251	0.936842105263	0.933333333333	0.887719298246	0.933333333333	0.923976608187	0.984795321637	0.978947368421	0.954385964912	0.950877192982	0.982456140351	0.949707602339	0.93918128655	0.984795321637	0.906432748538	0.916959064327	0.956725146199	0.907602339181	0.934502923977	0.86783625731	0.804678362573	0.852631578947	0.720467836257	0.702923976608	0.74269005848	0.642105263158	0.706432748538	0.86432748538	0.705263157895
DH2	0.552046783626	0.518128654971	0.638596491228	0.553216374269	0.556725146199	0.583625730994	0.591812865497	0.554385964912	0.423391812865	0.651461988304	0.608187134503	0.707602339181	0.749707602339	0.774269005848	0.652631578947	0.0	0.770760233918	0.741520467836	0.757894736842	0.605847953216	0.670175438596	0.704093567251	0.683040935673	0.766081871345	0.705263157895	0.690058479532	0.656140350877	0.767251461988	0.763742690058	0.66081871345	0.754385964912	0.672514619883	0.922807017544	0.894736842105	0.907602339181	0.922807017544	0.913450292398	0.913450292398	0.92865497076	0.929824561404	0.960233918129	0.946198830409	0.940350877193	0.926315789474	0.962573099415	0.926315789474	0.923976608187	0.949707602339	0.943859649123	0.943859649123	0.969590643275	0.941520467836	0.950877192982	0.93567251462	0.940350877193	0.780116959064	0.647953216374	0.769590643275	0.784795321637	0.686549707602	0.628070175439	0.760233918129	0.702923976608
DA1	0.767251461988	0.773099415205	0.743859649123	0.774269005848	0.789473684211	0.740350877193	0.762573099415	0.752046783626	0.699415204678	0.745029239766	0.638596491228	0.680701754386	0.691228070175	0.677192982456	0.712280701754	0.770760233918	0.0	0.624561403509	0.631578947368	0.727485380117	0.73918128655	0.685380116959	0.709941520468	0.569590643275	0.817543859649	0.819883040936	0.818713450292	0.678362573099	0.665497076023	0.833918128655	0.677192982456	0.847953216374	0.900584795322	0.899415204678	0.879532163743	0.914619883041	0.886549707602	0.85730994152	0.916959064327	0.905263157895	0.956725146199	0.948538011696	0.920467836257	0.915789473684	0.949707602339	0.912280701754	0.915789473684	0.954385964912	0.764912280702	0.761403508772	0.80701754386	0.73918128655	0.768421052632	0.718128654971	0.67134502924	0.795321637427	0.817543859649	0.673684210526	0.669005847953	0.678362573099	0.802339181287	0.802339181287	0.723976608187
DB1	0.757894736842	0.755555555556	0.8	0.795321637427	0.80350877193	0.788304093567	0.79298245614	0.776608187135	0.72514619883	0.833918128655	0.790643274854	0.764912280702	0.815204678363	0.846783625731	0.838596491228	0.741520467836	0.624561403509	0.0	0.702923976608	0.66432748538	0.687719298246	0.705263157895	0.54269005848	0.684210526316	0.773099415205	0.761403508772	0.794152046784	0.804678362573	0.789473684211	0.802339181287	0.783625730994	0.815204678363	0.895906432749	0.877192982456	0.885380116959	0.908771929825	0.886549707602	0.892397660819	0.913450292398	0.907602339181	0.812865497076	0.824561403509	0.801169590643	0.808187134503	0.826900584795	0.787134502924	0.80350877193	0.819883040936	0.761403508772	0.746198830409	0.770760233918	0.749707602339	0.760233918129	0.74269005848	0.769590643275	0.840935672515	0.85730994152	0.866666666667	0.873684210526	0.869005847953	0.805847953216	0.861988304094	0.844444444444
DC1	0.734502923977	0.747368421053	0.754385964912	0.761403508772	0.771929824561	0.741520467836	0.752046783626	0.727485380117	0.697076023392	0.73216374269	0.709941520468	0.653801169591	0.685380116959	0.723976608187	0.722807017544	0.757894736842	0.631578947368	0.702923976608	0.0	0.590643274854	0.626900584795	0.479532163743	0.618713450292	0.516959064327	0.777777777778	0.794152046784	0.838596491228	0.749707602339	0.73216374269	0.852631578947	0.753216374269	0.869005847953	0.759064327485	0.738011695906	0.741520467836	0.771929824561	0.729824561404	0.726315789474	0.774269005848	0.750877192982	0.923976608187	0.916959064327	0.879532163743	0.897076023392	0.922807017544	0.878362573099	0.887719298246	0.916959064327	0.923976608187	0.916959064327	0.966081871345	0.918128654971	0.933333333333	0.885380116959	0.849122807018	0.791812865497	0.804678362573	0.727485380117	0.716959064327	0.726315789474	0.791812865497	0.780116959064	0.736842105263
DD1	0.567251461988	0.575438596491	0.601169590643	0.598830409357	0.621052631579	0.584795321637	0.60701754386	0.589473684211	0.557894736842	0.699415204678	0.654970760234	0.695906432749	0.754385964912	0.797660818713	0.707602339181	0.605847953216	0.727485380117	0.66432748538	0.590643274854	0.0	0.357894736842	0.479532163743	0.490058479532	0.553216374269	0.823391812865	0.829239766082	0.80701754386	0.798830409357	0.785964912281	0.818713450292	0.789473684211	0.833918128655	0.830409356725	0.808187134503	0.822222222222	0.847953216374	0.829239766082	0.840935672515	0.849122807018	0.846783625731	0.837426900585	0.877192982456	0.878362573099	0.879532163743	0.901754385965	0.819883040936	0.897076023392	0.866666666667	0.954385964912	0.941520467836	0.970760233918	0.947368421053	0.955555555556	0.93918128655	0.966081871345	0.781286549708	0.66081871345	0.777777777778	0.794152046784	0.693567251462	0.638596491228	0.771929824561	0.701754385965
DE1	0.631578947368	0.614035087719	0.638596491228	0.640935672515	0.67134502924	0.639766081871	0.653801169591	0.632748538012	0.614035087719	0.762573099415	0.738011695906	0.726315789474	0.778947368421	0.817543859649	0.777777777778	0.670175438596	0.73918128655	0.687719298246	0.626900584795	0.357894736842	0.0	0.527485380117	0.504093567251	0.611695906433	0.840935672515	0.831578947368	0.79649122807	0.805847953216	0.789473684211	0.804678362573	0.79649122807	0.811695906433	0.853801169591	0.837426900585	0.866666666667	0.878362573099	0.863157894737	0.879532163743	0.880701754386	0.892397660819	0.768421052632	0.891228070175	0.901754385965	0.888888888889	0.906432748538	0.823391812865	0.921637426901	0.86432748538	0.975438596491	0.957894736842	0.982456140351	0.963742690058	0.970760233918	0.961403508772	0.983625730994	0.791812865497	0.730994152047	0.79649122807	0.812865497076	0.747368421053	0.708771929825	0.781286549708	0.722807017544
DF1	0.678362573099	0.688888888889	0.663157894737	0.700584795322	0.719298245614	0.670175438596	0.695906432749	0.66783625731	0.678362573099	0.754385964912	0.713450292398	0.713450292398	0.73216374269	0.756725146199	0.746198830409	0.704093567251	0.685380116959	0.705263157895	0.479532163743	0.479532163743	0.527485380117	0.0	0.595321637427	0.491228070175	0.816374269006	0.817543859649	0.830409356725	0.776608187135	0.783625730994	0.840935672515	0.769590643275	0.861988304094	0.789473684211	0.752046783626	0.755555555556	0.788304093567	0.753216374269	0.743859649123	0.795321637427	0.790643274854	0.940350877193	0.94269005848	0.926315789474	0.904093567251	0.923976608187	0.906432748538	0.914619883041	0.945029239766	0.936842105263	0.923976608187	0.966081871345	0.911111111111	0.93918128655	0.902923976608	0.923976608187	0.787134502924	0.757894736842	0.753216374269	0.764912280702	0.727485380117	0.748538011696	0.778947368421	0.720467836257
DG1	0.697076023392	0.705263157895	0.747368421053	0.740350877193	0.746198830409	0.73216374269	0.72865497076	0.712280701754	0.646783625731	0.748538011696	0.72514619883	0.66783625731	0.738011695906	0.775438596491	0.754385964912	0.683040935673	0.709941520468	0.54269005848	0.618713450292	0.490058479532	0.504093567251	0.595321637427	0.0	0.617543859649	0.729824561404	0.72865497076	0.787134502924	0.8	0.780116959064	0.8	0.773099415205	0.814035087719	0.87485380117	0.853801169591	0.856140350877	0.883040935673	0.856140350877	0.863157894737	0.884210526316	0.887719298246	0.830409356725	0.859649122807	0.849122807018	0.884210526316	0.908771929825	0.80701754386	0.86783625731	0.838596491228	0.890058479532	0.886549707602	0.919298245614	0.886549707602	0.895906432749	0.869005847953	0.885380116959	0.811695906433	0.795321637427	0.821052631579	0.845614035088	0.794152046784	0.750877192982	0.828070175439	0.776608187135
DH1	0.757894736842	0.757894736842	0.723976608187	0.771929824561	0.782456140351	0.738011695906	0.764912280702	0.74269005848	0.715789473684	0.719298245614	0.67485380117	0.66081871345	0.681871345029	0.67485380117	0.694736842105	0.766081871345	0.569590643275	0.684210526316	0.516959064327	0.553216374269	0.611695906433	0.491228070175	0.617543859649	0.0	0.810526315789	0.80701754386	0.872514619883	0.738011695906	0.743859649123	0.887719298246	0.763742690058	0.902923976608	0.837426900585	0.816374269006	0.814035087719	0.853801169591	0.819883040936	0.798830409357	0.854970760234	0.842105263158	0.940350877193	0.941520467836	0.922807017544	0.888888888889	0.916959064327	0.907602339181	0.904093567251	0.943859649123	0.894736842105	0.881871345029	0.934502923977	0.872514619883	0.902923976608	0.847953216374	0.798830409357	0.826900584795	0.833918128655	0.714619883041	0.719298245614	0.719298245614	0.819883040936	0.821052631579	0.764912280702
DA4	0.830409356725	0.829239766082	0.888888888889	0.87134502924	0.881871345029	0.86783625731	0.870175438596	0.844444444444	0.760233918129	0.816374269006	0.830409356725	0.763742690058	0.815204678363	0.835087719298	0.828070175439	0.705263157895	0.817543859649	0.773099415205	0.777777777778	0.823391812865	0.840935672515	0.816374269006	0.729824561404	0.810526315789	0.0	0.388304093567	0.552046783626	0.715789473684	0.707602339181	0.53918128655	0.784795321637	0.552046783626	0.953216374269	0.956725146199	0.94269005848	0.964912280702	0.94269005848	0.922807017544	0.963742690058	0.950877192982	0.947368421053	0.933333333333	0.922807017544	0.929824561404	0.946198830409	0.919298245614	0.909941520468	0.933333333333	0.940350877193	0.946198830409	0.966081871345	0.923976608187	0.945029239766	0.922807017544	0.898245614035	0.881871345029	0.900584795322	0.845614035088	0.851461988304	0.843274853801	0.881871345029	0.899415204678	0.842105263158
DB4	0.828070175439	0.825730994152	0.880701754386	0.865497076023	0.870175438596	0.861988304094	0.85730994152	0.839766081871	0.761403508772	0.824561403509	0.839766081871	0.774269005848	0.824561403509	0.830409356725	0.837426900585	0.690058479532	0.819883040936	0.761403508772	0.794152046784	0.829239766082	0.831578947368	0.817543859649	0.72865497076	0.80701754386	0.388304093567	0.0	0.548538011696	0.759064327485	0.746198830409	0.523976608187	0.8	0.526315789474	0.946198830409	0.940350877193	0.93567251462	0.957894736842	0.945029239766	0.921637426901	0.966081871345	0.948538011696	0.962573099415	0.949707602339	0.936842105263	0.941520467836	0.962573099415	0.93216374269	0.927485380117	0.952046783626	0.929824561404	0.93918128655	0.961403508772	0.930994152047	0.94269005848	0.912280701754	0.915789473684	0.886549707602	0.905263157895	0.85730994152	0.863157894737	0.85730994152	0.895906432749	0.905263157895	0.870175438596
DC4	0.698245614035	0.66432748538	0.736842105263	0.734502923977	0.774269005848	0.708771929825	0.691228070175	0.713450292398	0.729824561404	0.892397660819	0.856140350877	0.838596491228	0.87485380117	0.908771929825	0.897076023392	0.656140350877	0.818713450292	0.794152046784	0.838596491228	0.80701754386	0.79649122807	0.830409356725	0.787134502924	0.872514619883	0.552046783626	0.548538011696	0.0	0.722807017544	0.729824561404	0.333333333333	0.665497076023	0.336842105263	0.973099415205	0.961403508772	0.955555555556	0.970760233918	0.961403508772	0.955555555556	0.977777777778	0.964912280702	0.978947368421	0.974269005848	0.967251461988	0.971929824561	0.976608187135	0.961403508772	0.960233918129	0.980116959064	0.966081871345	0.964912280702	0.973099415205	0.962573099415	0.967251461988	0.964912280702	0.966081871345	0.747368421053	0.755555555556	0.745029239766	0.743859649123	0.760233918129	0.836257309942	0.752046783626	0.741520467836
DD4	0.719298245614	0.723976608187	0.746198830409	0.721637426901	0.756725146199	0.721637426901	0.718128654971	0.699415204678	0.712280701754	0.785964912281	0.72865497076	0.760233918129	0.782456140351	0.791812865497	0.79298245614	0.767251461988	0.678362573099	0.804678362573	0.749707602339	0.798830409357	0.805847953216	0.776608187135	0.8	0.738011695906	0.715789473684	0.759064327485	0.722807017544	0.0	0.408187134503	0.736842105263	0.618713450292	0.750877192982	0.961403508772	0.954385964912	0.92865497076	0.957894736842	0.93216374269	0.908771929825	0.957894736842	0.945029239766	0.970760233918	0.950877192982	0.943859649123	0.93918128655	0.970760233918	0.930994152047	0.921637426901	0.947368421053	0.909941520468	0.913450292398	0.933333333333	0.890058479532	0.912280701754	0.890058479532	0.850292397661	0.773099415205	0.790643274854	0.698245614035	0.690058479532	0.701754385965	0.812865497076	0.777777777778	0.729824561404
DE4	0.721637426901	0.729824561404	0.73918128655	0.736842105263	0.764912280702	0.727485380117	0.72514619883	0.714619883041	0.706432748538	0.79649122807	0.716959064327	0.754385964912	0.782456140351	0.794152046784	0.802339181287	0.763742690058	0.665497076023	0.789473684211	0.73216374269	0.785964912281	0.789473684211	0.783625730994	0.780116959064	0.743859649123	0.707602339181	0.746198830409	0.729824561404	0.408187134503	0.0	0.746198830409	0.604678362573	0.754385964912	0.936842105263	0.934502923977	0.921637426901	0.953216374269	0.919298245614	0.905263157895	0.950877192982	0.943859649123	0.952046783626	0.920467836257	0.912280701754	0.912280701754	0.955555555556	0.908771929825	0.892397660819	0.926315789474	0.901754385965	0.908771929825	0.92514619883	0.886549707602	0.897076023392	0.894736842105	0.850292397661	0.768421052632	0.789473684211	0.705263157895	0.713450292398	0.711111111111	0.804678362573	0.764912280702	0.726315789474
DF4	0.700584795322	0.663157894737	0.741520467836	0.72514619883	0.771929824561	0.694736842105	0.678362573099	0.723976608187	0.736842105263	0.901754385965	0.859649122807	0.849122807018	0.893567251462	0.918128654971	0.908771929825	0.66081871345	0.833918128655	0.802339181287	0.852631578947	0.818713450292	0.804678362573	0.840935672515	0.8	0.887719298246	0.53918128655	0.523976608187	0.333333333333	0.736842105263	0.746198830409	0.0	0.650292397661	0.295906432749	0.973099415205	0.968421052632	0.970760233918	0.969590643275	0.971929824561	0.971929824561	0.981286549708	0.975438596491	0.981286549708	0.978947368421	0.976608187135	0.971929824561	0.980116959064	0.976608187135	0.970760233918	0.984795321637	0.980116959064	0.976608187135	0.978947368421	0.977777777778	0.976608187135	0.981286549708	0.978947368421	0.736842105263	0.746198830409	0.738011695906	0.738011695906	0.775438596491	0.840935672515	0.74269005848	0.736842105263
DG4	0.67134502924	0.67134502924	0.700584795322	0.705263157895	0.743859649123	0.656140350877	0.619883040936	0.679532163743	0.693567251462	0.817543859649	0.740350877193	0.789473684211	0.812865497076	0.828070175439	0.818713450292	0.754385964912	0.677192982456	0.783625730994	0.753216374269	0.789473684211	0.79649122807	0.769590643275	0.773099415205	0.763742690058	0.784795321637	0.8	0.665497076023	0.618713450292	0.604678362573	0.650292397661	0.0	0.66432748538	0.954385964912	0.949707602339	0.936842105263	0.953216374269	0.921637426901	0.904093567251	0.956725146199	0.94269005848	0.969590643275	0.936842105263	0.93567251462	0.911111111111	0.973099415205	0.934502923977	0.911111111111	0.945029239766	0.885380116959	0.894736842105	0.916959064327	0.883040935673	0.880701754386	0.877192982456	0.866666666667	0.625730994152	0.727485380117	0.656140350877	0.670175438596	0.704093567251	0.812865497076	0.623391812865	0.663157894737
DH4	0.707602339181	0.676023391813	0.757894736842	0.740350877193	0.783625730994	0.711111111111	0.686549707602	0.743859649123	0.748538011696	0.912280701754	0.87485380117	0.866666666667	0.902923976608	0.929824561404	0.918128654971	0.672514619883	0.847953216374	0.815204678363	0.869005847953	0.833918128655	0.811695906433	0.861988304094	0.814035087719	0.902923976608	0.552046783626	0.526315789474	0.336842105263	0.750877192982	0.754385964912	0.295906432749	0.66432748538	0.0	0.981286549708	0.982456140351	0.980116959064	0.982456140351	0.984795321637	0.982456140351	0.989473684211	0.985964912281	0.985964912281	0.985964912281	0.985964912281	0.982456140351	0.981286549708	0.984795321637	0.978947368421	0.987134502924	0.987134502924	0.984795321637	0.983625730994	0.981286549708	0.982456140351	0.987134502924	0.985964912281	0.748538011696	0.757894736842	0.746198830409	0.749707602339	0.789473684211	0.854970760234	0.748538011696	0.746198830409
DA6	0.906432748538	0.902923976608	0.897076023392	0.897076023392	0.919298245614	0.893567251462	0.893567251462	0.900584795322	0.922807017544	0.914619883041	0.916959064327	0.876023391813	0.918128654971	0.92514619883	0.920467836257	0.922807017544	0.900584795322	0.895906432749	0.759064327485	0.830409356725	0.853801169591	0.789473684211	0.87485380117	0.837426900585	0.953216374269	0.946198830409	0.973099415205	0.961403508772	0.936842105263	0.973099415205	0.954385964912	0.981286549708	0.0	0.340350877193	0.383625730994	0.343859649123	0.348538011696	0.347368421053	0.334502923977	0.330994152047	0.906432748538	0.892397660819	0.891228070175	0.906432748538	0.94269005848	0.897076023392	0.863157894737	0.893567251462	0.949707602339	0.93216374269	0.957894736842	0.93567251462	0.941520467836	0.926315789474	0.966081871345	0.902923976608	0.888888888889	0.916959064327	0.923976608187	0.899415204678	0.886549707602	0.898245614035	0.884210526316
DB6	0.884210526316	0.886549707602	0.873684210526	0.893567251462	0.902923976608	0.880701754386	0.879532163743	0.876023391813	0.891228070175	0.900584795322	0.900584795322	0.872514619883	0.900584795322	0.906432748538	0.894736842105	0.894736842105	0.899415204678	0.877192982456	0.738011695906	0.808187134503	0.837426900585	0.752046783626	0.853801169591	0.816374269006	0.956725146199	0.940350877193	0.961403508772	0.954385964912	0.934502923977	0.968421052632	0.949707602339	0.982456140351	0.340350877193	0.0	0.359064327485	0.353216374269	0.362573099415	0.346198830409	0.359064327485	0.371929824561	0.913450292398	0.913450292398	0.906432748538	0.902923976608	0.938011695906	0.891228070175	0.887719298246	0.905263157895	0.93918128655	0.920467836257	0.955555555556	0.927485380117	0.940350877193	0.914619883041	0.954385964912	0.863157894737	0.872514619883	0.886549707602	0.884210526316	0.86783625731	0.866666666667	0.873684210526	0.858479532164
DC6	0.893567251462	0.901754385965	0.895906432749	0.901754385965	0.914619883041	0.888888888889	0.894736842105	0.883040935673	0.912280701754	0.905263157895	0.907602339181	0.880701754386	0.892397660819	0.902923976608	0.904093567251	0.907602339181	0.879532163743	0.885380116959	0.741520467836	0.822222222222	0.866666666667	0.755555555556	0.856140350877	0.814035087719	0.94269005848	0.93567251462	0.955555555556	0.92865497076	0.921637426901	0.970760233918	0.936842105263	0.980116959064	0.383625730994	0.359064327485	0.0	0.394152046784	0.387134502924	0.373099415205	0.378947368421	0.390643274854	0.909941520468	0.914619883041	0.898245614035	0.914619883041	0.93918128655	0.891228070175	0.872514619883	0.892397660819	0.940350877193	0.914619883041	0.950877192982	0.919298245614	0.93567251462	0.908771929825	0.950877192982	0.887719298246	0.879532163743	0.900584795322	0.895906432749	0.87485380117	0.879532163743	0.895906432749	0.869005847953
DD6	0.921637426901	0.92514619883	0.915789473684	0.92514619883	0.933333333333	0.916959064327	0.919298245614	0.922807017544	0.913450292398	0.940350877193	0.93567251462	0.922807017544	0.927485380117	0.936842105263	0.936842105263	0.922807017544	0.914619883041	0.908771929825	0.771929824561	0.847953216374	0.878362573099	0.788304093567	0.883040935673	0.853801169591	0.964912280702	0.957894736842	0.970760233918	0.957894736842	0.953216374269	0.969590643275	0.953216374269	0.982456140351	0.343859649123	0.353216374269	0.394152046784	0.0	0.340350877193	0.320467836257	0.320467836257	0.33567251462	0.933333333333	0.927485380117	0.927485380117	0.914619883041	0.94269005848	0.915789473684	0.914619883041	0.927485380117	0.949707602339	0.934502923977	0.956725146199	0.94269005848	0.946198830409	0.929824561404	0.970760233918	0.886549707602	0.892397660819	0.912280701754	0.912280701754	0.892397660819	0.887719298246	0.884210526316	0.902923976608
DE6	0.913450292398	0.915789473684	0.899415204678	0.908771929825	0.927485380117	0.900584795322	0.907602339181	0.911111111111	0.905263157895	0.92865497076	0.919298245614	0.909941520468	0.911111111111	0.922807017544	0.933333333333	0.913450292398	0.886549707602	0.886549707602	0.729824561404	0.829239766082	0.863157894737	0.753216374269	0.856140350877	0.819883040936	0.94269005848	0.945029239766	0.961403508772	0.93216374269	0.919298245614	0.971929824561	0.921637426901	0.984795321637	0.348538011696	0.362573099415	0.387134502924	0.340350877193	0.0	0.341520467836	0.349707602339	0.340350877193	0.918128654971	0.906432748538	0.900584795322	0.892397660819	0.929824561404	0.880701754386	0.86783625731	0.897076023392	0.93567251462	0.913450292398	0.941520467836	0.919298245614	0.923976608187	0.919298245614	0.954385964912	0.901754385965	0.912280701754	0.911111111111	0.909941520468	0.901754385965	0.901754385965	0.887719298246	0.887719298246
DF6	0.915789473684	0.923976608187	0.919298245614	0.926315789474	0.934502923977	0.912280701754	0.914619883041	0.898245614035	0.880701754386	0.892397660819	0.885380116959	0.873684210526	0.872514619883	0.886549707602	0.887719298246	0.913450292398	0.85730994152	0.892397660819	0.726315789474	0.840935672515	0.879532163743	0.743859649123	0.863157894737	0.798830409357	0.922807017544	0.921637426901	0.955555555556	0.908771929825	0.905263157895	0.971929824561	0.904093567251	0.982456140351	0.347368421053	0.346198830409	0.373099415205	0.320467836257	0.341520467836	0.0	0.343859649123	0.349707602339	0.948538011696	0.933333333333	0.926315789474	0.927485380117	0.952046783626	0.916959064327	0.900584795322	0.933333333333	0.92514619883	0.915789473684	0.954385964912	0.909941520468	0.93216374269	0.886549707602	0.921637426901	0.886549707602	0.901754385965	0.873684210526	0.87134502924	0.85730994152	0.885380116959	0.892397660819	0.863157894737
DG6	0.927485380117	0.920467836257	0.918128654971	0.916959064327	0.933333333333	0.916959064327	0.919298245614	0.920467836257	0.934502923977	0.938011695906	0.93918128655	0.920467836257	0.926315789474	0.945029239766	0.933333333333	0.92865497076	0.916959064327	0.913450292398	0.774269005848	0.849122807018	0.880701754386	0.795321637427	0.884210526316	0.854970760234	0.963742690058	0.966081871345	0.977777777778	0.957894736842	0.950877192982	0.981286549708	0.956725146199	0.989473684211	0.334502923977	0.359064327485	0.378947368421	0.320467836257	0.349707602339	0.343859649123	0.0	0.32865497076	0.921637426901	0.929824561404	0.919298245614	0.93567251462	0.946198830409	0.902923976608	0.908771929825	0.909941520468	0.948538011696	0.934502923977	0.957894736842	0.93918128655	0.941520467836	0.929824561404	0.961403508772	0.905263157895	0.900584795322	0.930994152047	0.929824561404	0.909941520468	0.895906432749	0.906432748538	0.902923976608
DH6	0.92514619883	0.93216374269	0.921637426901	0.926315789474	0.93567251462	0.918128654971	0.926315789474	0.922807017544	0.923976608187	0.934502923977	0.930994152047	0.916959064327	0.922807017544	0.934502923977	0.923976608187	0.929824561404	0.905263157895	0.907602339181	0.750877192982	0.846783625731	0.892397660819	0.790643274854	0.887719298246	0.842105263158	0.950877192982	0.948538011696	0.964912280702	0.945029239766	0.943859649123	0.975438596491	0.94269005848	0.985964912281	0.330994152047	0.371929824561	0.390643274854	0.33567251462	0.340350877193	0.349707602339	0.32865497076	0.0	0.919298245614	0.923976608187	0.908771929825	0.919298245614	0.94269005848	0.898245614035	0.883040935673	0.909941520468	0.905263157895	0.891228070175	0.948538011696	0.919298245614	0.93567251462	0.86432748538	0.895906432749	0.907602339181	0.913450292398	0.926315789474	0.92514619883	0.908771929825	0.908771929825	0.912280701754	0.901754385965
DA7	0.949707602339	0.955555555556	0.936842105263	0.955555555556	0.961403508772	0.949707602339	0.960233918129	0.949707602339	0.914619883041	0.980116959064	0.964912280702	0.963742690058	0.977777777778	0.974269005848	0.984795321637	0.960233918129	0.956725146199	0.812865497076	0.923976608187	0.837426900585	0.768421052632	0.940350877193	0.830409356725	0.940350877193	0.947368421053	0.962573099415	0.978947368421	0.970760233918	0.952046783626	0.981286549708	0.969590643275	0.985964912281	0.906432748538	0.913450292398	0.909941520468	0.933333333333	0.918128654971	0.948538011696	0.921637426901	0.919298245614	0.0	0.435087719298	0.430409356725	0.523976608187	0.686549707602	0.374269005848	0.499415204678	0.366081871345	0.967251461988	0.963742690058	0.971929824561	0.970760233918	0.967251461988	0.960233918129	0.982456140351	0.851461988304	0.843274853801	0.948538011696	0.945029239766	0.92865497076	0.753216374269	0.886549707602	0.832748538012
DB7	0.949707602339	0.964912280702	0.941520467836	0.963742690058	0.969590643275	0.94269005848	0.959064327485	0.959064327485	0.899415204678	0.971929824561	0.945029239766	0.945029239766	0.966081871345	0.953216374269	0.978947368421	0.946198830409	0.948538011696	0.824561403509	0.916959064327	0.877192982456	0.891228070175	0.94269005848	0.859649122807	0.941520467836	0.933333333333	0.949707602339	0.974269005848	0.950877192982	0.920467836257	0.978947368421	0.936842105263	0.985964912281	0.892397660819	0.913450292398	0.914619883041	0.927485380117	0.906432748538	0.933333333333	0.929824561404	0.923976608187	0.435087719298	0.0	0.343859649123	0.459649122807	0.649122807018	0.418713450292	0.456140350877	0.348538011696	0.957894736842	0.945029239766	0.961403508772	0.94269005848	0.938011695906	0.948538011696	0.971929824561	0.804678362573	0.87134502924	0.943859649123	0.93216374269	0.919298245614	0.770760233918	0.858479532164	0.858479532164
