	DA5	DB5	DC5	DD5	DE5	DF5	DG5	DH5	DA2	DB2	DC2	DD2	DE2	DF2	DG2	DH2	DA1	DB1	DC1	DD1	DE1	DF1	DG1	DH1	DA4	DB4	DC4	DD4	DE4	DF4	DG4	DH4	DA6	DB6	DC6	DD6	DE6	DF6	DG6	DH6	DA7	DB7	DC7	DD7	DE7	DF7	DG7	DH7	DA8	DB8	DC8	DD8	DF8	DG8	DH8	DA3	DB3	DC3	DD3	DE3	DF3	DG3	DH3
DA5	0.0	0.421052631579	0.470175438596	0.369590643275	0.411695906433	0.451461988304	0.423391812865	0.360233918129	0.507602339181	0.615204678363	0.562573099415	0.711111111111	0.781286549708	0.825730994152	0.628070175439	0.546198830409	0.759064327485	0.775438596491	0.746198830409	0.626900584795	0.629239766082	0.676023391813	0.711111111111	0.754385964912	0.844444444444	0.832748538012	0.708771929825	0.693567251462	0.722807017544	0.714619883041	0.672514619883	0.706432748538	0.914619883041	0.890058479532	0.908771929825	0.940350877193	0.921637426901	0.927485380117	0.907602339181	0.918128654971	0.946198830409	0.941520467836	0.947368421053	0.913450292398	0.936842105263	0.921637426901	0.93216374269	0.946198830409	0.966081871345	0.963742690058	0.970760233918	0.964912280702	0.968421052632	0.964912280702	0.974269005848	0.692397660819	0.566081871345	0.700584795322	0.701754385965	0.59649122807	0.6	0.67485380117	0.623391812865
DB5	0.421052631579	0.0	0.461988304094	0.402339181287	0.456140350877	0.40350877193	0.373099415205	0.435087719298	0.52865497076	0.669005847953	0.643274853801	0.721637426901	0.788304093567	0.843274853801	0.684210526316	0.552046783626	0.781286549708	0.778947368421	0.761403508772	0.635087719298	0.633918128655	0.691228070175	0.719298245614	0.775438596491	0.858479532164	0.847953216374	0.66783625731	0.716959064327	0.745029239766	0.686549707602	0.625730994152	0.654970760234	0.913450292398	0.881871345029	0.926315789474	0.936842105263	0.92514619883	0.93918128655	0.911111111111	0.929824561404	0.961403508772	0.960233918129	0.966081871345	0.93567251462	0.952046783626	0.946198830409	0.953216374269	0.964912280702	0.983625730994	0.982456140351	0.981286549708	0.976608187135	0.981286549708	0.976608187135	0.982456140351	0.656140350877	0.52514619883	0.680701754386	0.683040935673	0.6	0.626900584795	0.645614035088	0.604678362573
DC5	0.470175438596	0.461988304094	0.0	0.438596491228	0.501754385965	0.385964912281	0.453801169591	0.478362573099	0.575438596491	0.695906432749	0.651461988304	0.72865497076	0.795321637427	0.802339181287	0.714619883041	0.618713450292	0.72514619883	0.79649122807	0.730994152047	0.617543859649	0.602339181287	0.626900584795	0.723976608187	0.699415204678	0.86783625731	0.86783625731	0.749707602339	0.697076023392	0.72865497076	0.753216374269	0.687719298246	0.750877192982	0.886549707602	0.87134502924	0.899415204678	0.930994152047	0.893567251462	0.915789473684	0.892397660819	0.908771929825	0.941520467836	0.933333333333	0.93567251462	0.880701754386	0.904093567251	0.905263157895	0.915789473684	0.930994152047	0.950877192982	0.955555555556	0.966081871345	0.941520467836	0.945029239766	0.946198830409	0.957894736842	0.67134502924	0.590643274854	0.685380116959	0.686549707602	0.580116959064	0.637426900585	0.661988304094	0.608187134503
DD5	0.369590643275	0.402339181287	0.438596491228	0.0	0.348538011696	0.423391812865	0.443274853801	0.361403508772	0.513450292398	0.578947368421	0.557894736842	0.722807017544	0.781286549708	0.821052631579	0.618713450292	0.54269005848	0.757894736842	0.789473684211	0.743859649123	0.638596491228	0.624561403509	0.654970760234	0.730994152047	0.740350877193	0.86081871345	0.861988304094	0.750877192982	0.701754385965	0.72514619883	0.743859649123	0.698245614035	0.74269005848	0.895906432749	0.879532163743	0.913450292398	0.934502923977	0.914619883041	0.930994152047	0.894736842105	0.911111111111	0.955555555556	0.950877192982	0.943859649123	0.919298245614	0.947368421053	0.923976608187	0.938011695906	0.948538011696	0.964912280702	0.969590643275	0.971929824561	0.964912280702	0.959064327485	0.964912280702	0.975438596491	0.702923976608	0.577777777778	0.714619883041	0.715789473684	0.60350877193	0.59298245614	0.678362573099	0.639766081871
DE5	0.411695906433	0.456140350877	0.501754385965	0.348538011696	0.0	0.483040935673	0.490058479532	0.40350877193	0.519298245614	0.53918128655	0.562573099415	0.73216374269	0.795321637427	0.825730994152	0.624561403509	0.545029239766	0.774269005848	0.795321637427	0.754385964912	0.653801169591	0.638596491228	0.67485380117	0.733333333333	0.766081871345	0.87134502924	0.865497076023	0.769590643275	0.74269005848	0.749707602339	0.777777777778	0.729824561404	0.773099415205	0.909941520468	0.895906432749	0.919298245614	0.940350877193	0.921637426901	0.948538011696	0.906432748538	0.927485380117	0.959064327485	0.962573099415	0.955555555556	0.938011695906	0.959064327485	0.945029239766	0.945029239766	0.959064327485	0.969590643275	0.974269005848	0.977777777778	0.966081871345	0.970760233918	0.970760233918	0.977777777778	0.752046783626	0.624561403509	0.766081871345	0.760233918129	0.645614035088	0.605847953216	0.733333333333	0.67134502924
DF5	0.451461988304	0.40350877193	0.385964912281	0.423391812865	0.483040935673	0.0	0.405847953216	0.451461988304	0.567251461988	0.683040935673	0.642105263158	0.73567251462	0.795321637427	0.804678362573	0.692397660819	0.60350877193	0.741520467836	0.797660818713	0.74269005848	0.637426900585	0.630409356725	0.635087719298	0.73216374269	0.720467836257	0.86783625731	0.86432748538	0.712280701754	0.699415204678	0.721637426901	0.727485380117	0.65730994152	0.713450292398	0.890058479532	0.87485380117	0.908771929825	0.930994152047	0.899415204678	0.921637426901	0.887719298246	0.913450292398	0.946198830409	0.93918128655	0.93567251462	0.902923976608	0.923976608187	0.911111111111	0.918128654971	0.934502923977	0.957894736842	0.962573099415	0.974269005848	0.950877192982	0.950877192982	0.957894736842	0.963742690058	0.645614035088	0.543859649123	0.659649122807	0.66783625731	0.584795321637	0.630409356725	0.642105263158	0.578947368421
DG5	0.423391812865	0.373099415205	0.453801169591	0.443274853801	0.490058479532	0.405847953216	0.0	0.438596491228	0.557894736842	0.684210526316	0.65730994152	0.721637426901	0.776608187135	0.824561403509	0.695906432749	0.590643274854	0.776608187135	0.791812865497	0.752046783626	0.638596491228	0.639766081871	0.673684210526	0.729824561404	0.762573099415	0.859649122807	0.856140350877	0.67134502924	0.705263157895	0.73567251462	0.704093567251	0.59298245614	0.643274853801	0.921637426901	0.887719298246	0.916959064327	0.943859649123	0.92865497076	0.938011695906	0.904093567251	0.92865497076	0.968421052632	0.963742690058	0.964912280702	0.936842105263	0.959064327485	0.93918128655	0.950877192982	0.971929824561	0.963742690058	0.973099415205	0.970760233918	0.964912280702	0.970760233918	0.961403508772	0.967251461988	0.626900584795	0.538011695906	0.677192982456	0.679532163743	0.602339181287	0.654970760234	0.611695906433	0.604678362573
DH5	0.360233918129	0.435087719298	0.478362573099	0.361403508772	0.40350877193	0.451461988304	0.438596491228	0.0	0.521637426901	0.585964912281	0.562573099415	0.698245614035	0.762573099415	0.80701754386	0.604678362573	0.550877192982	0.764912280702	0.780116959064	0.74269005848	0.642105263158	0.628070175439	0.66081871345	0.704093567251	0.754385964912	0.845614035088	0.838596491228	0.718128654971	0.694736842105	0.721637426901	0.73567251462	0.679532163743	0.726315789474	0.920467836257	0.885380116959	0.921637426901	0.948538011696	0.92865497076	0.92514619883	0.906432748538	0.926315789474	0.961403508772	0.955555555556	0.956725146199	0.94269005848	0.966081871345	0.941520467836	0.936842105263	0.963742690058	0.953216374269	0.960233918129	0.974269005848	0.966081871345	0.971929824561	0.946198830409	0.957894736842	0.697076023392	0.588304093567	0.709941520468	0.705263157895	0.589473684211	0.598830409357	0.704093567251	0.622222222222
DA2	0.507602339181	0.52865497076	0.575438596491	0.513450292398	0.519298245614	0.567251461988	0.557894736842	0.521637426901	0.0	0.601169590643	0.546198830409	0.652631578947	0.716959064327	0.746198830409	0.609356725146	0.408187134503	0.695906432749	0.723976608187	0.705263157895	0.617543859649	0.610526315789	0.669005847953	0.636257309942	0.701754385965	0.775438596491	0.770760233918	0.727485380117	0.706432748538	0.712280701754	0.745029239766	0.679532163743	0.738011695906	0.920467836257	0.890058479532	0.930994152047	0.933333333333	0.909941520468	0.908771929825	0.92514619883	0.911111111111	0.913450292398	0.911111111111	0.914619883041	0.905263157895	0.941520467836	0.863157894737	0.900584795322	0.906432748538	0.918128654971	0.92514619883	0.940350877193	0.905263157895	0.920467836257	0.907602339181	0.895906432749	0.72865497076	0.632748538012	0.705263157895	0.713450292398	0.604678362573	0.575438596491	0.723976608187	0.635087719298
DB2	0.615204678363	0.669005847953	0.695906432749	0.578947368421	0.53918128655	0.683040935673	0.684210526316	0.585964912281	0.601169590643	0.0	0.513450292398	0.626900584795	0.678362573099	0.693567251462	0.47134502924	0.649122807018	0.767251461988	0.840935672515	0.754385964912	0.748538011696	0.781286549708	0.769590643275	0.769590643275	0.734502923977	0.859649122807	0.853801169591	0.892397660819	0.801169590643	0.815204678363	0.915789473684	0.816374269006	0.912280701754	0.919298245614	0.888888888889	0.907602339181	0.950877192982	0.933333333333	0.895906432749	0.923976608187	0.914619883041	0.984795321637	0.974269005848	0.964912280702	0.964912280702	0.984795321637	0.940350877193	0.941520467836	0.982456140351	0.907602339181	0.93216374269	0.952046783626	0.912280701754	0.94269005848	0.887719298246	0.854970760234	0.858479532164	0.746198830409	0.760233918129	0.762573099415	0.656140350877	0.688888888889	0.861988304094	0.720467836257
DC2	0.562573099415	0.643274853801	0.651461988304	0.557894736842	0.562573099415	0.642105263158	0.65730994152	0.562573099415	0.546198830409	0.513450292398	0.0	0.595321637427	0.651461988304	0.637426900585	0.485380116959	0.587134502924	0.651461988304	0.783625730994	0.721637426901	0.719298245614	0.746198830409	0.707602339181	0.72865497076	0.683040935673	0.832748538012	0.838596491228	0.837426900585	0.714619883041	0.727485380117	0.863157894737	0.721637426901	0.86783625731	0.915789473684	0.897076023392	0.912280701754	0.953216374269	0.93216374269	0.893567251462	0.93216374269	0.915789473684	0.961403508772	0.948538011696	0.92865497076	0.921637426901	0.957894736842	0.915789473684	0.920467836257	0.952046783626	0.870175438596	0.895906432749	0.908771929825	0.86783625731	0.894736842105	0.844444444444	0.812865497076	0.789473684211	0.688888888889	0.691228070175	0.673684210526	0.582456140351	0.624561403509	0.785964912281	0.636257309942
DD2	0.711111111111	0.721637426901	0.72865497076	0.722807017544	0.73216374269	0.73567251462	0.721637426901	0.698245614035	0.652631578947	0.626900584795	0.595321637427	0.0	0.495906432749	0.567251461988	0.562573099415	0.679532163743	0.685380116959	0.750877192982	0.687719298246	0.711111111111	0.73918128655	0.726315789474	0.690058479532	0.679532163743	0.775438596491	0.785964912281	0.831578947368	0.743859649123	0.757894736842	0.851461988304	0.749707602339	0.853801169591	0.899415204678	0.881871345029	0.894736842105	0.947368421053	0.911111111111	0.869005847953	0.916959064327	0.904093567251	0.967251461988	0.952046783626	0.92865497076	0.940350877193	0.963742690058	0.921637426901	0.921637426901	0.955555555556	0.913450292398	0.933333333333	0.953216374269	0.906432748538	0.929824561404	0.880701754386	0.846783625731	0.842105263158	0.810526315789	0.67485380117	0.653801169591	0.651461988304	0.774269005848	0.844444444444	0.692397660819
DE2	0.781286549708	0.788304093567	0.795321637427	0.781286549708	0.795321637427	0.795321637427	0.776608187135	0.762573099415	0.716959064327	0.678362573099	0.651461988304	0.495906432749	0.0	0.527485380117	0.594152046784	0.752046783626	0.713450292398	0.808187134503	0.704093567251	0.756725146199	0.791812865497	0.743859649123	0.750877192982	0.698245614035	0.821052631579	0.824561403509	0.873684210526	0.774269005848	0.790643274854	0.892397660819	0.785964912281	0.895906432749	0.919298245614	0.892397660819	0.899415204678	0.946198830409	0.919298245614	0.87485380117	0.929824561404	0.912280701754	0.982456140351	0.962573099415	0.947368421053	0.959064327485	0.981286549708	0.929824561404	0.92865497076	0.974269005848	0.911111111111	0.930994152047	0.963742690058	0.899415204678	0.93567251462	0.878362573099	0.849122807018	0.865497076023	0.851461988304	0.687719298246	0.665497076023	0.681871345029	0.816374269006	0.86783625731	0.733333333333
DF2	0.825730994152	0.843274853801	0.802339181287	0.821052631579	0.825730994152	0.804678362573	0.824561403509	0.80701754386	0.746198830409	0.693567251462	0.637426900585	0.567251461988	0.527485380117	0.0	0.619883040936	0.791812865497	0.698245614035	0.863157894737	0.741520467836	0.831578947368	0.845614035088	0.773099415205	0.812865497076	0.704093567251	0.852631578947	0.865497076023	0.893567251462	0.788304093567	0.804678362573	0.921637426901	0.808187134503	0.922807017544	0.920467836257	0.906432748538	0.918128654971	0.955555555556	0.93216374269	0.887719298246	0.93918128655	0.926315789474	0.988304093567	0.960233918129	0.950877192982	0.948538011696	0.987134502924	0.94269005848	0.930994152047	0.968421052632	0.901754385965	0.936842105263	0.955555555556	0.904093567251	0.92514619883	0.877192982456	0.839766081871	0.835087719298	0.844444444444	0.65730994152	0.629239766082	0.665497076023	0.802339181287	0.831578947368	0.722807017544
DG2	0.628070175439	0.684210526316	0.714619883041	0.618713450292	0.624561403509	0.692397660819	0.695906432749	0.604678362573	0.609356725146	0.47134502924	0.485380116959	0.562573099415	0.594152046784	0.619883040936	0.0	0.649122807018	0.727485380117	0.829239766082	0.746198830409	0.749707602339	0.794152046784	0.767251461988	0.762573099415	0.708771929825	0.858479532164	0.854970760234	0.888888888889	0.797660818713	0.790643274854	0.914619883041	0.809356725146	0.918128654971	0.927485380117	0.898245614035	0.908771929825	0.963742690058	0.94269005848	0.895906432749	0.930994152047	0.922807017544	0.991812865497	0.973099415205	0.959064327485	0.964912280702	0.987134502924	0.946198830409	0.941520467836	0.987134502924	0.894736842105	0.926315789474	0.943859649123	0.905263157895	0.93567251462	0.863157894737	0.822222222222	0.852631578947	0.754385964912	0.709941520468	0.693567251462	0.622222222222	0.690058479532	0.861988304094	0.711111111111
DH2	0.546198830409	0.552046783626	0.618713450292	0.54269005848	0.545029239766	0.60350877193	0.590643274854	0.550877192982	0.408187134503	0.649122807018	0.587134502924	0.679532163743	0.752046783626	0.791812865497	0.649122807018	0.0	0.768421052632	0.718128654971	0.757894736842	0.677192982456	0.678362573099	0.704093567251	0.659649122807	0.768421052632	0.67485380117	0.681871345029	0.637426900585	0.767251461988	0.773099415205	0.652631578947	0.73216374269	0.646783625731	0.927485380117	0.899415204678	0.933333333333	0.940350877193	0.922807017544	0.930994152047	0.929824561404	0.915789473684	0.964912280702	0.952046783626	0.947368421053	0.938011695906	0.966081871345	0.930994152047	0.93567251462	0.960233918129	0.94269005848	0.952046783626	0.955555555556	0.934502923977	0.943859649123	0.93216374269	0.946198830409	0.763742690058	0.665497076023	0.773099415205	0.778947368421	0.67485380117	0.626900584795	0.760233918129	0.699415204678
DA1	0.759064327485	0.781286549708	0.72514619883	0.757894736842	0.774269005848	0.741520467836	0.776608187135	0.764912280702	0.695906432749	0.767251461988	0.651461988304	0.685380116959	0.713450292398	0.698245614035	0.727485380117	0.768421052632	0.0	0.663157894737	0.670175438596	0.746198830409	0.72514619883	0.691228070175	0.715789473684	0.563742690058	0.812865497076	0.824561403509	0.804678362573	0.656140350877	0.692397660819	0.828070175439	0.67134502924	0.833918128655	0.912280701754	0.916959064327	0.918128654971	0.933333333333	0.898245614035	0.877192982456	0.911111111111	0.911111111111	0.956725146199	0.949707602339	0.941520467836	0.913450292398	0.940350877193	0.906432748538	0.913450292398	0.941520467836	0.763742690058	0.770760233918	0.791812865497	0.746198830409	0.764912280702	0.722807017544	0.695906432749	0.782456140351	0.835087719298	0.677192982456	0.67485380117	0.701754385965	0.795321637427	0.816374269006	0.730994152047
DB1	0.775438596491	0.778947368421	0.79649122807	0.789473684211	0.795321637427	0.797660818713	0.791812865497	0.780116959064	0.723976608187	0.840935672515	0.783625730994	0.750877192982	0.808187134503	0.863157894737	0.829239766082	0.718128654971	0.663157894737	0.0	0.720467836257	0.680701754386	0.688888888889	0.716959064327	0.516959064327	0.705263157895	0.760233918129	0.752046783626	0.790643274854	0.818713450292	0.826900584795	0.8	0.789473684211	0.8	0.886549707602	0.873684210526	0.904093567251	0.905263157895	0.891228070175	0.908771929825	0.893567251462	0.906432748538	0.795321637427	0.794152046784	0.795321637427	0.788304093567	0.821052631579	0.775438596491	0.79298245614	0.795321637427	0.733333333333	0.713450292398	0.745029239766	0.716959064327	0.726315789474	0.718128654971	0.745029239766	0.85730994152	0.870175438596	0.869005847953	0.873684210526	0.878362573099	0.818713450292	0.866666666667	0.852631578947
DC1	0.746198830409	0.761403508772	0.730994152047	0.743859649123	0.754385964912	0.74269005848	0.752046783626	0.74269005848	0.705263157895	0.754385964912	0.721637426901	0.687719298246	0.704093567251	0.741520467836	0.746198830409	0.757894736842	0.670175438596	0.720467836257	0.0	0.578947368421	0.612865497076	0.454970760234	0.617543859649	0.516959064327	0.802339181287	0.802339181287	0.844444444444	0.746198830409	0.774269005848	0.866666666667	0.753216374269	0.86783625731	0.753216374269	0.736842105263	0.762573099415	0.773099415205	0.736842105263	0.73918128655	0.757894736842	0.74269005848	0.915789473684	0.913450292398	0.900584795322	0.878362573099	0.908771929825	0.86783625731	0.880701754386	0.898245614035	0.915789473684	0.907602339181	0.962573099415	0.897076023392	0.934502923977	0.87485380117	0.872514619883	0.777777777778	0.814035087719	0.745029239766	0.750877192982	0.741520467836	0.762573099415	0.80701754386	0.718128654971
DD1	0.626900584795	0.635087719298	0.617543859649	0.638596491228	0.653801169591	0.637426900585	0.638596491228	0.642105263158	0.617543859649	0.748538011696	0.719298245614	0.711111111111	0.756725146199	0.831578947368	0.749707602339	0.677192982456	0.746198830409	0.680701754386	0.578947368421	0.0	0.370760233918	0.486549707602	0.497076023392	0.562573099415	0.826900584795	0.822222222222	0.833918128655	0.808187134503	0.815204678363	0.843274853801	0.804678362573	0.838596491228	0.830409356725	0.801169590643	0.849122807018	0.86783625731	0.840935672515	0.847953216374	0.833918128655	0.851461988304	0.830409356725	0.879532163743	0.907602339181	0.865497076023	0.897076023392	0.814035087719	0.905263157895	0.869005847953	0.960233918129	0.938011695906	0.970760233918	0.945029239766	0.961403508772	0.947368421053	0.973099415205	0.810526315789	0.746198830409	0.821052631579	0.822222222222	0.749707602339	0.727485380117	0.805847953216	0.743859649123
DE1	0.629239766082	0.633918128655	0.602339181287	0.624561403509	0.638596491228	0.630409356725	0.639766081871	0.628070175439	0.610526315789	0.781286549708	0.746198830409	0.73918128655	0.791812865497	0.845614035088	0.794152046784	0.678362573099	0.72514619883	0.688888888889	0.612865497076	0.370760233918	0.0	0.516959064327	0.509941520468	0.602339181287	0.852631578947	0.850292397661	0.802339181287	0.780116959064	0.789473684211	0.801169590643	0.785964912281	0.798830409357	0.872514619883	0.847953216374	0.891228070175	0.891228070175	0.877192982456	0.892397660819	0.876023391813	0.892397660819	0.753216374269	0.883040935673	0.915789473684	0.863157894737	0.888888888889	0.812865497076	0.918128654971	0.86432748538	0.977777777778	0.947368421053	0.982456140351	0.963742690058	0.971929824561	0.956725146199	0.987134502924	0.773099415205	0.718128654971	0.787134502924	0.79298245614	0.734502923977	0.713450292398	0.768421052632	0.72514619883
DF1	0.676023391813	0.691228070175	0.626900584795	0.654970760234	0.67485380117	0.635087719298	0.673684210526	0.66081871345	0.669005847953	0.769590643275	0.707602339181	0.726315789474	0.743859649123	0.773099415205	0.767251461988	0.704093567251	0.691228070175	0.716959064327	0.454970760234	0.486549707602	0.516959064327	0.0	0.589473684211	0.485380116959	0.833918128655	0.830409356725	0.825730994152	0.771929824561	0.781286549708	0.845614035088	0.768421052632	0.845614035088	0.776608187135	0.743859649123	0.773099415205	0.789473684211	0.759064327485	0.762573099415	0.771929824561	0.767251461988	0.93567251462	0.927485380117	0.918128654971	0.887719298246	0.912280701754	0.887719298246	0.899415204678	0.923976608187	0.929824561404	0.918128654971	0.962573099415	0.918128654971	0.93918128655	0.918128654971	0.94269005848	0.764912280702	0.752046783626	0.773099415205	0.776608187135	0.727485380117	0.726315789474	0.762573099415	0.721637426901
DG1	0.711111111111	0.719298245614	0.723976608187	0.730994152047	0.733333333333	0.73216374269	0.729824561404	0.704093567251	0.636257309942	0.769590643275	0.72865497076	0.690058479532	0.750877192982	0.812865497076	0.762573099415	0.659649122807	0.715789473684	0.516959064327	0.617543859649	0.497076023392	0.509941520468	0.589473684211	0.0	0.635087719298	0.733333333333	0.727485380117	0.770760233918	0.79298245614	0.8	0.790643274854	0.761403508772	0.788304093567	0.86432748538	0.843274853801	0.876023391813	0.886549707602	0.863157894737	0.87485380117	0.869005847953	0.87485380117	0.822222222222	0.850292397661	0.881871345029	0.880701754386	0.915789473684	0.798830409357	0.876023391813	0.842105263158	0.891228070175	0.87485380117	0.908771929825	0.880701754386	0.892397660819	0.872514619883	0.898245614035	0.816374269006	0.798830409357	0.830409356725	0.836257309942	0.798830409357	0.761403508772	0.817543859649	0.774269005848
DH1	0.754385964912	0.775438596491	0.699415204678	0.740350877193	0.766081871345	0.720467836257	0.762573099415	0.754385964912	0.701754385965	0.734502923977	0.683040935673	0.679532163743	0.698245614035	0.704093567251	0.708771929825	0.768421052632	0.563742690058	0.705263157895	0.516959064327	0.562573099415	0.602339181287	0.485380116959	0.635087719298	0.0	0.811695906433	0.814035087719	0.849122807018	0.714619883041	0.73216374269	0.876023391813	0.730994152047	0.879532163743	0.843274853801	0.812865497076	0.838596491228	0.86081871345	0.833918128655	0.808187134503	0.842105263158	0.831578947368	0.949707602339	0.938011695906	0.933333333333	0.873684210526	0.900584795322	0.899415204678	0.906432748538	0.93567251462	0.873684210526	0.86783625731	0.92514619883	0.85730994152	0.898245614035	0.839766081871	0.812865497076	0.8	0.840935672515	0.708771929825	0.713450292398	0.736842105263	0.812865497076	0.828070175439	0.749707602339
DA4	0.844444444444	0.858479532164	0.86783625731	0.86081871345	0.87134502924	0.86783625731	0.859649122807	0.845614035088	0.775438596491	0.859649122807	0.832748538012	0.775438596491	0.821052631579	0.852631578947	0.858479532164	0.67485380117	0.812865497076	0.760233918129	0.802339181287	0.826900584795	0.852631578947	0.833918128655	0.733333333333	0.811695906433	0.0	0.402339181287	0.53216374269	0.719298245614	0.721637426901	0.543859649123	0.773099415205	0.559064327485	0.941520467836	0.949707602339	0.943859649123	0.970760233918	0.947368421053	0.92514619883	0.961403508772	0.94269005848	0.957894736842	0.94269005848	0.93216374269	0.938011695906	0.949707602339	0.923976608187	0.915789473684	0.941520467836	0.934502923977	0.947368421053	0.956725146199	0.92865497076	0.940350877193	0.936842105263	0.934502923977	0.873684210526	0.901754385965	0.851461988304	0.861988304094	0.870175438596	0.878362573099	0.887719298246	0.851461988304
DB4	0.832748538012	0.847953216374	0.86783625731	0.861988304094	0.865497076023	0.86432748538	0.856140350877	0.838596491228	0.770760233918	0.853801169591	0.838596491228	0.785964912281	0.824561403509	0.865497076023	0.854970760234	0.681871345029	0.824561403509	0.752046783626	0.802339181287	0.822222222222	0.850292397661	0.830409356725	0.727485380117	0.814035087719	0.402339181287	0.0	0.527485380117	0.74269005848	0.740350877193	0.508771929825	0.780116959064	0.540350877193	0.941520467836	0.941520467836	0.945029239766	0.967251461988	0.948538011696	0.927485380117	0.952046783626	0.94269005848	0.948538011696	0.929824561404	0.927485380117	0.92865497076	0.943859649123	0.918128654971	0.909941520468	0.940350877193	0.940350877193	0.952046783626	0.960233918129	0.93567251462	0.952046783626	0.930994152047	0.926315789474	0.878362573099	0.902923976608	0.853801169591	0.863157894737	0.872514619883	0.879532163743	0.885380116959	0.851461988304
DC4	0.708771929825	0.66783625731	0.749707602339	0.750877192982	0.769590643275	0.712280701754	0.67134502924	0.718128654971	0.727485380117	0.892397660819	0.837426900585	0.831578947368	0.873684210526	0.893567251462	0.888888888889	0.637426900585	0.804678362573	0.790643274854	0.844444444444	0.833918128655	0.802339181287	0.825730994152	0.770760233918	0.849122807018	0.53216374269	0.527485380117	0.0	0.699415204678	0.715789473684	0.306432748538	0.621052631579	0.312280701754	0.978947368421	0.964912280702	0.959064327485	0.978947368421	0.966081871345	0.963742690058	0.967251461988	0.962573099415	0.984795321637	0.973099415205	0.970760233918	0.973099415205	0.983625730994	0.970760233918	0.961403508772	0.983625730994	0.948538011696	0.962573099415	0.963742690058	0.955555555556	0.961403508772	0.954385964912	0.955555555556	0.73567251462	0.752046783626	0.73216374269	0.733333333333	0.769590643275	0.843274853801	0.74269005848	0.730994152047
DD4	0.693567251462	0.716959064327	0.697076023392	0.701754385965	0.74269005848	0.699415204678	0.705263157895	0.694736842105	0.706432748538	0.801169590643	0.714619883041	0.743859649123	0.774269005848	0.788304093567	0.797660818713	0.767251461988	0.656140350877	0.818713450292	0.746198830409	0.808187134503	0.780116959064	0.771929824561	0.79298245614	0.714619883041	0.719298245614	0.74269005848	0.699415204678	0.0	0.414035087719	0.720467836257	0.594152046784	0.729824561404	0.934502923977	0.934502923977	0.922807017544	0.953216374269	0.926315789474	0.907602339181	0.93567251462	0.923976608187	0.957894736842	0.938011695906	0.92514619883	0.921637426901	0.956725146199	0.916959064327	0.909941520468	0.93918128655	0.898245614035	0.912280701754	0.93216374269	0.887719298246	0.911111111111	0.883040935673	0.869005847953	0.727485380117	0.766081871345	0.670175438596	0.670175438596	0.672514619883	0.794152046784	0.754385964912	0.684210526316
DE4	0.722807017544	0.745029239766	0.72865497076	0.72514619883	0.749707602339	0.721637426901	0.73567251462	0.721637426901	0.712280701754	0.815204678363	0.727485380117	0.757894736842	0.790643274854	0.804678362573	0.790643274854	0.773099415205	0.692397660819	0.826900584795	0.774269005848	0.815204678363	0.789473684211	0.781286549708	0.8	0.73216374269	0.721637426901	0.740350877193	0.715789473684	0.414035087719	0.0	0.736842105263	0.619883040936	0.745029239766	0.93918128655	0.936842105263	0.92865497076	0.954385964912	0.929824561404	0.899415204678	0.929824561404	0.927485380117	0.952046783626	0.92865497076	0.922807017544	0.922807017544	0.957894736842	0.911111111111	0.901754385965	0.934502923977	0.900584795322	0.914619883041	0.929824561404	0.883040935673	0.912280701754	0.895906432749	0.87134502924	0.748538011696	0.791812865497	0.690058479532	0.699415204678	0.704093567251	0.801169590643	0.773099415205	0.700584795322
DF4	0.714619883041	0.686549707602	0.753216374269	0.743859649123	0.777777777778	0.727485380117	0.704093567251	0.73567251462	0.745029239766	0.915789473684	0.863157894737	0.851461988304	0.892397660819	0.921637426901	0.914619883041	0.652631578947	0.828070175439	0.8	0.866666666667	0.843274853801	0.801169590643	0.845614035088	0.790643274854	0.876023391813	0.543859649123	0.508771929825	0.306432748538	0.720467836257	0.736842105263	0.0	0.663157894737	0.319298245614	0.974269005848	0.974269005848	0.973099415205	0.978947368421	0.973099415205	0.975438596491	0.970760233918	0.974269005848	0.977777777778	0.973099415205	0.970760233918	0.974269005848	0.975438596491	0.969590643275	0.969590643275	0.980116959064	0.970760233918	0.971929824561	0.974269005848	0.971929824561	0.971929824561	0.975438596491	0.973099415205	0.763742690058	0.766081871345	0.760233918129	0.762573099415	0.782456140351	0.847953216374	0.764912280702	0.764912280702
DG4	0.672514619883	0.625730994152	0.687719298246	0.698245614035	0.729824561404	0.65730994152	0.59298245614	0.679532163743	0.679532163743	0.816374269006	0.721637426901	0.749707602339	0.785964912281	0.808187134503	0.809356725146	0.73216374269	0.67134502924	0.789473684211	0.753216374269	0.804678362573	0.785964912281	0.768421052632	0.761403508772	0.730994152047	0.773099415205	0.780116959064	0.621052631579	0.594152046784	0.619883040936	0.663157894737	0.0	0.612865497076	0.941520467836	0.93918128655	0.93918128655	0.956725146199	0.933333333333	0.916959064327	0.945029239766	0.93216374269	0.970760233918	0.938011695906	0.94269005848	0.934502923977	0.973099415205	0.923976608187	0.912280701754	0.94269005848	0.872514619883	0.888888888889	0.902923976608	0.866666666667	0.876023391813	0.86432748538	0.849122807018	0.633918128655	0.718128654971	0.638596491228	0.653801169591	0.691228070175	0.80701754386	0.656140350877	0.661988304094
DH4	0.706432748538	0.654970760234	0.750877192982	0.74269005848	0.773099415205	0.713450292398	0.643274853801	0.726315789474	0.738011695906	0.912280701754	0.86783625731	0.853801169591	0.895906432749	0.922807017544	0.918128654971	0.646783625731	0.833918128655	0.8	0.86783625731	0.838596491228	0.798830409357	0.845614035088	0.788304093567	0.879532163743	0.559064327485	0.540350877193	0.312280701754	0.729824561404	0.745029239766	0.319298245614	0.612865497076	0.0	0.977777777778	0.973099415205	0.976608187135	0.976608187135	0.976608187135	0.981286549708	0.970760233918	0.973099415205	0.980116959064	0.977777777778	0.978947368421	0.976608187135	0.976608187135	0.976608187135	0.973099415205	0.982456140351	0.975438596491	0.974269005848	0.977777777778	0.973099415205	0.976608187135	0.980116959064	0.977777777778	0.718128654971	0.743859649123	0.748538011696	0.756725146199	0.790643274854	0.859649122807	0.722807017544	0.760233918129
DA6	0.914619883041	0.913450292398	0.886549707602	0.895906432749	0.909941520468	0.890058479532	0.921637426901	0.920467836257	0.920467836257	0.919298245614	0.915789473684	0.899415204678	0.919298245614	0.920467836257	0.927485380117	0.927485380117	0.912280701754	0.886549707602	0.753216374269	0.830409356725	0.872514619883	0.776608187135	0.86432748538	0.843274853801	0.941520467836	0.941520467836	0.978947368421	0.934502923977	0.93918128655	0.974269005848	0.941520467836	0.977777777778	0.0	0.323976608187	0.322807017544	0.333333333333	0.347368421053	0.366081871345	0.326315789474	0.348538011696	0.888888888889	0.886549707602	0.883040935673	0.899415204678	0.92514619883	0.906432748538	0.858479532164	0.87134502924	0.950877192982	0.921637426901	0.962573099415	0.933333333333	0.919298245614	0.929824561404	0.974269005848	0.885380116959	0.879532163743	0.898245614035	0.909941520468	0.897076023392	0.86783625731	0.86432748538	0.870175438596
DB6	0.890058479532	0.881871345029	0.87134502924	0.879532163743	0.895906432749	0.87485380117	0.887719298246	0.885380116959	0.890058479532	0.888888888889	0.897076023392	0.881871345029	0.892397660819	0.906432748538	0.898245614035	0.899415204678	0.916959064327	0.873684210526	0.736842105263	0.801169590643	0.847953216374	0.743859649123	0.843274853801	0.812865497076	0.949707602339	0.941520467836	0.964912280702	0.934502923977	0.936842105263	0.974269005848	0.93918128655	0.973099415205	0.323976608187	0.0	0.315789473684	0.343859649123	0.334502923977	0.33918128655	0.334502923977	0.336842105263	0.919298245614	0.911111111111	0.899415204678	0.909941520468	0.93216374269	0.904093567251	0.892397660819	0.909941520468	0.949707602339	0.912280701754	0.955555555556	0.929824561404	0.938011695906	0.918128654971	0.963742690058	0.849122807018	0.852631578947	0.861988304094	0.86783625731	0.850292397661	0.850292397661	0.849122807018	0.845614035088
DC6	0.908771929825	0.926315789474	0.899415204678	0.913450292398	0.919298245614	0.908771929825	0.916959064327	0.921637426901	0.930994152047	0.907602339181	0.912280701754	0.894736842105	0.899415204678	0.918128654971	0.908771929825	0.933333333333	0.918128654971	0.904093567251	0.762573099415	0.849122807018	0.891228070175	0.773099415205	0.876023391813	0.838596491228	0.943859649123	0.945029239766	0.959064327485	0.922807017544	0.92865497076	0.973099415205	0.93918128655	0.976608187135	0.322807017544	0.315789473684	0.0	0.352046783626	0.341520467836	0.33216374269	0.34269005848	0.330994152047	0.915789473684	0.915789473684	0.900584795322	0.909941520468	0.940350877193	0.905263157895	0.878362573099	0.908771929825	0.941520467836	0.906432748538	0.950877192982	0.918128654971	0.933333333333	0.915789473684	0.960233918129	0.891228070175	0.891228070175	0.902923976608	0.897076023392	0.884210526316	0.884210526316	0.888888888889	0.87134502924
DD6	0.940350877193	0.936842105263	0.930994152047	0.934502923977	0.940350877193	0.930994152047	0.943859649123	0.948538011696	0.933333333333	0.950877192982	0.953216374269	0.947368421053	0.946198830409	0.955555555556	0.963742690058	0.940350877193	0.933333333333	0.905263157895	0.773099415205	0.86783625731	0.891228070175	0.789473684211	0.886549707602	0.86081871345	0.970760233918	0.967251461988	0.978947368421	0.953216374269	0.954385964912	0.978947368421	0.956725146199	0.976608187135	0.333333333333	0.343859649123	0.352046783626	0.0	0.341520467836	0.377777777778	0.287719298246	0.371929824561	0.909941520468	0.922807017544	0.915789473684	0.920467836257	0.93216374269	0.918128654971	0.902923976608	0.909941520468	0.960233918129	0.927485380117	0.966081871345	0.945029239766	0.945029239766	0.938011695906	0.982456140351	0.892397660819	0.870175438596	0.897076023392	0.920467836257	0.897076023392	0.87485380117	0.876023391813	0.894736842105
DE6	0.921637426901	0.92514619883	0.893567251462	0.914619883041	0.921637426901	0.899415204678	0.92865497076	0.92865497076	0.909941520468	0.933333333333	0.93216374269	0.911111111111	0.919298245614	0.93216374269	0.94269005848	0.922807017544	0.898245614035	0.891228070175	0.736842105263	0.840935672515	0.877192982456	0.759064327485	0.863157894737	0.833918128655	0.947368421053	0.948538011696	0.966081871345	0.926315789474	0.929824561404	0.973099415205	0.933333333333	0.976608187135	0.347368421053	0.334502923977	0.341520467836	0.341520467836	0.0	0.356725146199	0.334502923977	0.353216374269	0.904093567251	0.901754385965	0.885380116959	0.899415204678	0.919298245614	0.885380116959	0.870175438596	0.884210526316	0.941520467836	0.907602339181	0.956725146199	0.915789473684	0.919298245614	0.923976608187	0.966081871345	0.878362573099	0.878362573099	0.893567251462	0.897076023392	0.885380116959	0.86432748538	0.865497076023	0.86432748538
DF6	0.927485380117	0.93918128655	0.915789473684	0.930994152047	0.948538011696	0.921637426901	0.938011695906	0.92514619883	0.908771929825	0.895906432749	0.893567251462	0.869005847953	0.87485380117	0.887719298246	0.895906432749	0.930994152047	0.877192982456	0.908771929825	0.73918128655	0.847953216374	0.892397660819	0.762573099415	0.87485380117	0.808187134503	0.92514619883	0.927485380117	0.963742690058	0.907602339181	0.899415204678	0.975438596491	0.916959064327	0.981286549708	0.366081871345	0.33918128655	0.33216374269	0.377777777778	0.356725146199	0.0	0.375438596491	0.349707602339	0.94269005848	0.918128654971	0.929824561404	0.922807017544	0.945029239766	0.912280701754	0.893567251462	0.93567251462	0.92865497076	0.901754385965	0.957894736842	0.902923976608	0.93216374269	0.895906432749	0.930994152047	0.885380116959	0.905263157895	0.859649122807	0.870175438596	0.85730994152	0.888888888889	0.893567251462	0.858479532164
DG6	0.907602339181	0.911111111111	0.892397660819	0.894736842105	0.906432748538	0.887719298246	0.904093567251	0.906432748538	0.92514619883	0.923976608187	0.93216374269	0.916959064327	0.929824561404	0.93918128655	0.930994152047	0.929824561404	0.911111111111	0.893567251462	0.757894736842	0.833918128655	0.876023391813	0.771929824561	0.869005847953	0.842105263158	0.961403508772	0.952046783626	0.967251461988	0.93567251462	0.929824561404	0.970760233918	0.945029239766	0.970760233918	0.326315789474	0.334502923977	0.34269005848	0.287719298246	0.334502923977	0.375438596491	0.0	0.361403508772	0.904093567251	0.913450292398	0.905263157895	0.907602339181	0.926315789474	0.901754385965	0.892397660819	0.904093567251	0.948538011696	0.919298245614	0.959064327485	0.934502923977	0.93216374269	0.923976608187	0.963742690058	0.897076023392	0.900584795322	0.913450292398	0.912280701754	0.899415204678	0.893567251462	0.897076023392	0.890058479532
DH6	0.918128654971	0.929824561404	0.908771929825	0.911111111111	0.927485380117	0.913450292398	0.92865497076	0.926315789474	0.911111111111	0.914619883041	0.915789473684	0.904093567251	0.912280701754	0.926315789474	0.922807017544	0.915789473684	0.911111111111	0.906432748538	0.74269005848	0.851461988304	0.892397660819	0.767251461988	0.87485380117	0.831578947368	0.94269005848	0.94269005848	0.962573099415	0.923976608187	0.927485380117	0.974269005848	0.93216374269	0.973099415205	0.348538011696	0.336842105263	0.330994152047	0.371929824561	0.353216374269	0.349707602339	0.361403508772	0.0	0.916959064327	0.912280701754	0.908771929825	0.906432748538	0.933333333333	0.900584795322	0.879532163743	0.907602339181	0.911111111111	0.87485380117	0.947368421053	0.902923976608	0.926315789474	0.859649122807	0.902923976608	0.886549707602	0.907602339181	0.894736842105	0.908771929825	0.891228070175	0.892397660819	0.893567251462	0.884210526316
DA7	0.946198830409	0.961403508772	0.941520467836	0.955555555556	0.959064327485	0.946198830409	0.968421052632	0.961403508772	0.913450292398	0.984795321637	0.961403508772	0.967251461988	0.982456140351	0.988304093567	0.991812865497	0.964912280702	0.956725146199	0.795321637427	0.915789473684	0.830409356725	0.753216374269	0.93567251462	0.822222222222	0.949707602339	0.957894736842	0.948538011696	0.984795321637	0.957894736842	0.952046783626	0.977777777778	0.970760233918	0.980116959064	0.888888888889	0.919298245614	0.915789473684	0.909941520468	0.904093567251	0.94269005848	0.904093567251	0.916959064327	0.0	0.4	0.444444444444	0.498245614035	0.670175438596	0.387134502924	0.492397660819	0.353216374269	0.971929824561	0.952046783626	0.974269005848	0.969590643275	0.966081871345	0.960233918129	0.987134502924	0.856140350877	0.828070175439	0.93216374269	0.947368421053	0.93216374269	0.770760233918	0.905263157895	0.840935672515
DB7	0.941520467836	0.960233918129	0.933333333333	0.950877192982	0.962573099415	0.93918128655	0.963742690058	0.955555555556	0.911111111111	0.974269005848	0.948538011696	0.952046783626	0.962573099415	0.960233918129	0.973099415205	0.952046783626	0.949707602339	0.794152046784	0.913450292398	0.879532163743	0.883040935673	0.927485380117	0.850292397661	0.938011695906	0.94269005848	0.929824561404	0.973099415205	0.938011695906	0.92865497076	0.973099415205	0.938011695906	0.977777777778	0.886549707602	0.911111111111	0.915789473684	0.922807017544	0.901754385965	0.918128654971	0.913450292398	0.912280701754	0.4	0.0	0.378947368421	0.461988304094	0.631578947368	0.40701754386	0.433918128655	0.362573099415	0.950877192982	0.936842105263	0.960233918129	0.941520467836	0.93918128655	0.947368421053	0.973099415205	0.80701754386	0.870175438596	0.919298245614	0.933333333333	0.915789473684	0.777777777778	0.883040935673	0.865497076023
