	DA5	DB5	DC5	DD5	DE5	DF5	DG5	DH5	DA2	DB2	DC2	DD2	DE2	DF2	DG2	DH2	DA1	DB1	DC1	DD1	DE1	DF1	DG1	DH1	DA4	DB4	DC4	DD4	DE4	DF4	DG4	DH4	DA6	DB6	DC6	DD6	DE6	DF6	DG6	DH6	DA7	DB7	DC7	DD7	DE7	DF7	DG7	DH7	DA8	DB8	DC8	DD8	DF8	DG8	DH8	DA3	DB3	DC3	DD3	DE3	DF3	DG3	DH3
DA5	0.0	0.361403508772	0.450292397661	0.388304093567	0.40701754386	0.426900584795	0.436257309942	0.395321637427	0.543859649123	0.591812865497	0.577777777778	0.718128654971	0.777777777778	0.790643274854	0.647953216374	0.546198830409	0.763742690058	0.801169590643	0.769590643275	0.624561403509	0.638596491228	0.678362573099	0.736842105263	0.776608187135	0.830409356725	0.839766081871	0.686549707602	0.715789473684	0.707602339181	0.688888888889	0.645614035088	0.680701754386	0.92514619883	0.908771929825	0.915789473684	0.923976608187	0.918128654971	0.916959064327	0.923976608187	0.916959064327	0.953216374269	0.949707602339	0.949707602339	0.930994152047	0.952046783626	0.936842105263	0.93918128655	0.954385964912	0.961403508772	0.963742690058	0.976608187135	0.955555555556	0.970760233918	0.963742690058	0.963742690058	0.669005847953	0.589473684211	0.677192982456	0.67485380117	0.616374269006	0.611695906433	0.678362573099	0.604678362573
DB5	0.361403508772	0.0	0.431578947368	0.388304093567	0.432748538012	0.411695906433	0.404678362573	0.401169590643	0.530994152047	0.623391812865	0.611695906433	0.72865497076	0.797660818713	0.818713450292	0.66432748538	0.536842105263	0.770760233918	0.791812865497	0.780116959064	0.631578947368	0.609356725146	0.686549707602	0.733333333333	0.781286549708	0.835087719298	0.845614035088	0.676023391813	0.733333333333	0.721637426901	0.66783625731	0.645614035088	0.66432748538	0.918128654971	0.893567251462	0.926315789474	0.915789473684	0.918128654971	0.918128654971	0.914619883041	0.92514619883	0.949707602339	0.954385964912	0.956725146199	0.930994152047	0.946198830409	0.949707602339	0.952046783626	0.959064327485	0.975438596491	0.973099415205	0.980116959064	0.974269005848	0.982456140351	0.971929824561	0.980116959064	0.678362573099	0.582456140351	0.683040935673	0.687719298246	0.624561403509	0.623391812865	0.672514619883	0.612865497076
DC5	0.450292397661	0.431578947368	0.0	0.458479532164	0.504093567251	0.382456140351	0.439766081871	0.484210526316	0.584795321637	0.688888888889	0.638596491228	0.753216374269	0.79649122807	0.789473684211	0.708771929825	0.624561403509	0.74269005848	0.818713450292	0.745029239766	0.608187134503	0.628070175439	0.654970760234	0.753216374269	0.722807017544	0.87485380117	0.879532163743	0.73567251462	0.73216374269	0.733333333333	0.740350877193	0.680701754386	0.740350877193	0.893567251462	0.879532163743	0.907602339181	0.908771929825	0.892397660819	0.898245614035	0.899415204678	0.906432748538	0.934502923977	0.923976608187	0.927485380117	0.880701754386	0.904093567251	0.911111111111	0.914619883041	0.929824561404	0.957894736842	0.955555555556	0.973099415205	0.949707602339	0.959064327485	0.955555555556	0.960233918129	0.680701754386	0.585964912281	0.678362573099	0.672514619883	0.60350877193	0.615204678363	0.673684210526	0.591812865497
DD5	0.388304093567	0.388304093567	0.458479532164	0.0	0.340350877193	0.472514619883	0.469005847953	0.410526315789	0.53918128655	0.553216374269	0.582456140351	0.745029239766	0.789473684211	0.797660818713	0.659649122807	0.53918128655	0.766081871345	0.815204678363	0.770760233918	0.639766081871	0.625730994152	0.678362573099	0.753216374269	0.775438596491	0.863157894737	0.869005847953	0.752046783626	0.726315789474	0.730994152047	0.757894736842	0.716959064327	0.757894736842	0.912280701754	0.895906432749	0.919298245614	0.921637426901	0.912280701754	0.915789473684	0.911111111111	0.920467836257	0.952046783626	0.94269005848	0.947368421053	0.92865497076	0.955555555556	0.938011695906	0.936842105263	0.955555555556	0.973099415205	0.974269005848	0.973099415205	0.967251461988	0.967251461988	0.970760233918	0.973099415205	0.72865497076	0.628070175439	0.729824561404	0.736842105263	0.651461988304	0.60701754386	0.720467836257	0.66081871345
DE5	0.40701754386	0.432748538012	0.504093567251	0.340350877193	0.0	0.497076023392	0.502923976608	0.433918128655	0.540350877193	0.522807017544	0.584795321637	0.748538011696	0.797660818713	0.802339181287	0.650292397661	0.541520467836	0.775438596491	0.815204678363	0.787134502924	0.642105263158	0.628070175439	0.692397660819	0.750877192982	0.790643274854	0.863157894737	0.870175438596	0.767251461988	0.73918128655	0.752046783626	0.768421052632	0.730994152047	0.763742690058	0.923976608187	0.906432748538	0.934502923977	0.92865497076	0.919298245614	0.922807017544	0.92514619883	0.927485380117	0.957894736842	0.950877192982	0.956725146199	0.938011695906	0.957894736842	0.950877192982	0.948538011696	0.957894736842	0.971929824561	0.971929824561	0.977777777778	0.969590643275	0.975438596491	0.971929824561	0.975438596491	0.746198830409	0.654970760234	0.752046783626	0.755555555556	0.669005847953	0.616374269006	0.750877192982	0.679532163743
DF5	0.426900584795	0.411695906433	0.382456140351	0.472514619883	0.497076023392	0.0	0.391812865497	0.479532163743	0.561403508772	0.690058479532	0.646783625731	0.750877192982	0.79298245614	0.79649122807	0.711111111111	0.60701754386	0.749707602339	0.816374269006	0.745029239766	0.615204678363	0.629239766082	0.666666666667	0.740350877193	0.740350877193	0.861988304094	0.87134502924	0.713450292398	0.72514619883	0.720467836257	0.706432748538	0.644444444444	0.687719298246	0.902923976608	0.884210526316	0.912280701754	0.915789473684	0.895906432749	0.902923976608	0.905263157895	0.906432748538	0.943859649123	0.934502923977	0.940350877193	0.899415204678	0.920467836257	0.92865497076	0.920467836257	0.938011695906	0.966081871345	0.962573099415	0.975438596491	0.953216374269	0.962573099415	0.960233918129	0.967251461988	0.639766081871	0.549707602339	0.647953216374	0.647953216374	0.608187134503	0.622222222222	0.635087719298	0.563742690058
DG5	0.436257309942	0.404678362573	0.439766081871	0.469005847953	0.502923976608	0.391812865497	0.0	0.469005847953	0.573099415205	0.673684210526	0.653801169591	0.73918128655	0.782456140351	0.804678362573	0.701754385965	0.60350877193	0.763742690058	0.810526315789	0.753216374269	0.626900584795	0.624561403509	0.681871345029	0.736842105263	0.760233918129	0.846783625731	0.86081871345	0.692397660819	0.719298245614	0.692397660819	0.683040935673	0.597660818713	0.669005847953	0.929824561404	0.895906432749	0.923976608187	0.92865497076	0.916959064327	0.919298245614	0.919298245614	0.923976608187	0.959064327485	0.955555555556	0.955555555556	0.930994152047	0.948538011696	0.941520467836	0.945029239766	0.962573099415	0.960233918129	0.970760233918	0.977777777778	0.969590643275	0.969590643275	0.957894736842	0.964912280702	0.621052631579	0.53567251462	0.661988304094	0.67134502924	0.618713450292	0.646783625731	0.621052631579	0.576608187135
DH5	0.395321637427	0.401169590643	0.484210526316	0.410526315789	0.433918128655	0.479532163743	0.469005847953	0.0	0.538011695906	0.618713450292	0.589473684211	0.705263157895	0.781286549708	0.791812865497	0.649122807018	0.545029239766	0.764912280702	0.788304093567	0.771929824561	0.629239766082	0.619883040936	0.670175438596	0.718128654971	0.767251461988	0.821052631579	0.829239766082	0.712280701754	0.713450292398	0.72514619883	0.720467836257	0.695906432749	0.722807017544	0.919298245614	0.894736842105	0.919298245614	0.913450292398	0.906432748538	0.909941520468	0.919298245614	0.916959064327	0.957894736842	0.949707602339	0.953216374269	0.93918128655	0.959064327485	0.947368421053	0.941520467836	0.956725146199	0.959064327485	0.962573099415	0.976608187135	0.960233918129	0.967251461988	0.957894736842	0.970760233918	0.722807017544	0.629239766082	0.72865497076	0.729824561404	0.640935672515	0.6	0.721637426901	0.652631578947
DA2	0.543859649123	0.530994152047	0.584795321637	0.53918128655	0.540350877193	0.561403508772	0.573099415205	0.538011695906	0.0	0.585964912281	0.547368421053	0.644444444444	0.723976608187	0.709941520468	0.615204678363	0.431578947368	0.690058479532	0.713450292398	0.727485380117	0.587134502924	0.612865497076	0.672514619883	0.645614035088	0.715789473684	0.741520467836	0.753216374269	0.706432748538	0.707602339181	0.707602339181	0.722807017544	0.678362573099	0.715789473684	0.929824561404	0.914619883041	0.92865497076	0.922807017544	0.904093567251	0.885380116959	0.927485380117	0.915789473684	0.895906432749	0.890058479532	0.887719298246	0.898245614035	0.938011695906	0.861988304094	0.895906432749	0.894736842105	0.913450292398	0.926315789474	0.962573099415	0.913450292398	0.940350877193	0.899415204678	0.888888888889	0.743859649123	0.679532163743	0.697076023392	0.707602339181	0.636257309942	0.584795321637	0.759064327485	0.624561403509
DB2	0.591812865497	0.623391812865	0.688888888889	0.553216374269	0.522807017544	0.690058479532	0.673684210526	0.618713450292	0.585964912281	0.0	0.526315789474	0.637426900585	0.67134502924	0.661988304094	0.490058479532	0.604678362573	0.740350877193	0.845614035088	0.74269005848	0.708771929825	0.773099415205	0.73567251462	0.773099415205	0.726315789474	0.839766081871	0.835087719298	0.881871345029	0.787134502924	0.798830409357	0.890058479532	0.825730994152	0.883040935673	0.926315789474	0.902923976608	0.914619883041	0.943859649123	0.929824561404	0.878362573099	0.926315789474	0.912280701754	0.983625730994	0.967251461988	0.960233918129	0.959064327485	0.980116959064	0.940350877193	0.941520467836	0.983625730994	0.908771929825	0.93216374269	0.960233918129	0.921637426901	0.952046783626	0.891228070175	0.86081871345	0.844444444444	0.778947368421	0.748538011696	0.755555555556	0.686549707602	0.702923976608	0.86081871345	0.714619883041
DC2	0.577777777778	0.611695906433	0.638596491228	0.582456140351	0.584795321637	0.646783625731	0.653801169591	0.589473684211	0.547368421053	0.526315789474	0.0	0.616374269006	0.651461988304	0.590643274854	0.540350877193	0.570760233918	0.605847953216	0.775438596491	0.73567251462	0.680701754386	0.743859649123	0.709941520468	0.740350877193	0.685380116959	0.815204678363	0.833918128655	0.844444444444	0.706432748538	0.716959064327	0.853801169591	0.713450292398	0.850292397661	0.93216374269	0.906432748538	0.915789473684	0.938011695906	0.929824561404	0.885380116959	0.93567251462	0.918128654971	0.949707602339	0.938011695906	0.92865497076	0.907602339181	0.945029239766	0.914619883041	0.913450292398	0.941520467836	0.849122807018	0.872514619883	0.901754385965	0.86081871345	0.887719298246	0.838596491228	0.801169590643	0.780116959064	0.704093567251	0.66783625731	0.663157894737	0.605847953216	0.633918128655	0.789473684211	0.633918128655
DD2	0.718128654971	0.72865497076	0.753216374269	0.745029239766	0.748538011696	0.750877192982	0.73918128655	0.705263157895	0.644444444444	0.637426900585	0.616374269006	0.0	0.477192982456	0.52514619883	0.571929824561	0.693567251462	0.676023391813	0.756725146199	0.721637426901	0.727485380117	0.740350877193	0.714619883041	0.683040935673	0.685380116959	0.747368421053	0.753216374269	0.815204678363	0.760233918129	0.773099415205	0.826900584795	0.778947368421	0.826900584795	0.907602339181	0.883040935673	0.898245614035	0.930994152047	0.918128654971	0.858479532164	0.923976608187	0.907602339181	0.964912280702	0.950877192982	0.93918128655	0.92865497076	0.960233918129	0.923976608187	0.921637426901	0.956725146199	0.906432748538	0.929824561404	0.960233918129	0.906432748538	0.93918128655	0.885380116959	0.847953216374	0.835087719298	0.818713450292	0.669005847953	0.653801169591	0.690058479532	0.785964912281	0.863157894737	0.702923976608
DE2	0.777777777778	0.797660818713	0.79649122807	0.789473684211	0.797660818713	0.79298245614	0.782456140351	0.781286549708	0.723976608187	0.67134502924	0.651461988304	0.477192982456	0.0	0.494736842105	0.594152046784	0.761403508772	0.67485380117	0.815204678363	0.709941520468	0.754385964912	0.777777777778	0.720467836257	0.759064327485	0.679532163743	0.821052631579	0.830409356725	0.887719298246	0.774269005848	0.785964912281	0.897076023392	0.815204678363	0.897076023392	0.913450292398	0.892397660819	0.887719298246	0.921637426901	0.915789473684	0.858479532164	0.914619883041	0.898245614035	0.973099415205	0.960233918129	0.947368421053	0.946198830409	0.969590643275	0.933333333333	0.930994152047	0.968421052632	0.908771929825	0.918128654971	0.959064327485	0.898245614035	0.945029239766	0.881871345029	0.843274853801	0.85730994152	0.852631578947	0.653801169591	0.66081871345	0.708771929825	0.819883040936	0.87485380117	0.729824561404
DF2	0.790643274854	0.818713450292	0.789473684211	0.797660818713	0.802339181287	0.79649122807	0.804678362573	0.791812865497	0.709941520468	0.661988304094	0.590643274854	0.52514619883	0.494736842105	0.0	0.589473684211	0.764912280702	0.690058479532	0.851461988304	0.763742690058	0.794152046784	0.825730994152	0.763742690058	0.801169590643	0.706432748538	0.849122807018	0.849122807018	0.911111111111	0.788304093567	0.802339181287	0.923976608187	0.826900584795	0.923976608187	0.940350877193	0.916959064327	0.913450292398	0.947368421053	0.93216374269	0.886549707602	0.938011695906	0.92514619883	0.977777777778	0.959064327485	0.943859649123	0.936842105263	0.971929824561	0.938011695906	0.929824561404	0.962573099415	0.892397660819	0.912280701754	0.943859649123	0.892397660819	0.921637426901	0.870175438596	0.828070175439	0.850292397661	0.823391812865	0.645614035088	0.642105263158	0.679532163743	0.795321637427	0.859649122807	0.706432748538
DG2	0.647953216374	0.66432748538	0.708771929825	0.659649122807	0.650292397661	0.711111111111	0.701754385965	0.649122807018	0.615204678363	0.490058479532	0.540350877193	0.571929824561	0.594152046784	0.589473684211	0.0	0.642105263158	0.718128654971	0.842105263158	0.73567251462	0.713450292398	0.795321637427	0.747368421053	0.778947368421	0.716959064327	0.845614035088	0.837426900585	0.890058479532	0.795321637427	0.794152046784	0.902923976608	0.824561403509	0.895906432749	0.936842105263	0.913450292398	0.919298245614	0.946198830409	0.934502923977	0.884210526316	0.943859649123	0.916959064327	0.987134502924	0.971929824561	0.960233918129	0.957894736842	0.981286549708	0.945029239766	0.941520467836	0.978947368421	0.892397660819	0.922807017544	0.957894736842	0.908771929825	0.946198830409	0.869005847953	0.837426900585	0.866666666667	0.795321637427	0.707602339181	0.709941520468	0.676023391813	0.720467836257	0.880701754386	0.719298245614
DH2	0.546198830409	0.536842105263	0.624561403509	0.53918128655	0.541520467836	0.60701754386	0.60350877193	0.545029239766	0.431578947368	0.604678362573	0.570760233918	0.693567251462	0.761403508772	0.764912280702	0.642105263158	0.0	0.764912280702	0.708771929825	0.780116959064	0.652631578947	0.702923976608	0.700584795322	0.67134502924	0.776608187135	0.707602339181	0.727485380117	0.686549707602	0.775438596491	0.771929824561	0.692397660819	0.743859649123	0.688888888889	0.93567251462	0.914619883041	0.933333333333	0.929824561404	0.921637426901	0.916959064327	0.93216374269	0.921637426901	0.957894736842	0.93567251462	0.946198830409	0.916959064327	0.950877192982	0.92865497076	0.918128654971	0.940350877193	0.934502923977	0.946198830409	0.968421052632	0.938011695906	0.955555555556	0.938011695906	0.943859649123	0.780116959064	0.711111111111	0.777777777778	0.789473684211	0.716959064327	0.638596491228	0.782456140351	0.708771929825
DA1	0.763742690058	0.770760233918	0.74269005848	0.766081871345	0.775438596491	0.749707602339	0.763742690058	0.764912280702	0.690058479532	0.740350877193	0.605847953216	0.676023391813	0.67485380117	0.690058479532	0.718128654971	0.764912280702	0.0	0.631578947368	0.650292397661	0.720467836257	0.720467836257	0.672514619883	0.711111111111	0.571929824561	0.812865497076	0.822222222222	0.810526315789	0.656140350877	0.672514619883	0.826900584795	0.665497076023	0.831578947368	0.899415204678	0.895906432749	0.893567251462	0.905263157895	0.886549707602	0.852631578947	0.905263157895	0.898245614035	0.956725146199	0.945029239766	0.927485380117	0.909941520468	0.93918128655	0.911111111111	0.901754385965	0.945029239766	0.749707602339	0.761403508772	0.798830409357	0.748538011696	0.782456140351	0.72865497076	0.694736842105	0.80701754386	0.830409356725	0.67134502924	0.665497076023	0.712280701754	0.795321637427	0.814035087719	0.727485380117
DB1	0.801169590643	0.791812865497	0.818713450292	0.815204678363	0.815204678363	0.816374269006	0.810526315789	0.788304093567	0.713450292398	0.845614035088	0.775438596491	0.756725146199	0.815204678363	0.851461988304	0.842105263158	0.708771929825	0.631578947368	0.0	0.746198830409	0.708771929825	0.709941520468	0.726315789474	0.536842105263	0.729824561404	0.727485380117	0.734502923977	0.773099415205	0.805847953216	0.811695906433	0.776608187135	0.771929824561	0.781286549708	0.912280701754	0.898245614035	0.920467836257	0.905263157895	0.904093567251	0.908771929825	0.915789473684	0.918128654971	0.8	0.794152046784	0.798830409357	0.790643274854	0.812865497076	0.777777777778	0.797660818713	0.797660818713	0.745029239766	0.736842105263	0.755555555556	0.733333333333	0.752046783626	0.733333333333	0.759064327485	0.86081871345	0.853801169591	0.879532163743	0.870175438596	0.877192982456	0.817543859649	0.87134502924	0.842105263158
DC1	0.769590643275	0.780116959064	0.745029239766	0.770760233918	0.787134502924	0.745029239766	0.753216374269	0.771929824561	0.727485380117	0.74269005848	0.73567251462	0.721637426901	0.709941520468	0.763742690058	0.73567251462	0.780116959064	0.650292397661	0.746198830409	0.0	0.6	0.626900584795	0.469005847953	0.610526315789	0.46432748538	0.812865497076	0.831578947368	0.872514619883	0.767251461988	0.782456140351	0.885380116959	0.79298245614	0.890058479532	0.752046783626	0.747368421053	0.745029239766	0.753216374269	0.708771929825	0.709941520468	0.760233918129	0.745029239766	0.92865497076	0.922807017544	0.901754385965	0.890058479532	0.905263157895	0.894736842105	0.894736842105	0.921637426901	0.913450292398	0.918128654971	0.962573099415	0.911111111111	0.938011695906	0.883040935673	0.866666666667	0.818713450292	0.823391812865	0.753216374269	0.749707602339	0.750877192982	0.798830409357	0.810526315789	0.753216374269
DD1	0.624561403509	0.631578947368	0.608187134503	0.639766081871	0.642105263158	0.615204678363	0.626900584795	0.629239766082	0.587134502924	0.708771929825	0.680701754386	0.727485380117	0.754385964912	0.794152046784	0.713450292398	0.652631578947	0.720467836257	0.708771929825	0.6	0.0	0.426900584795	0.487719298246	0.507602339181	0.570760233918	0.836257309942	0.847953216374	0.836257309942	0.814035087719	0.814035087719	0.842105263158	0.809356725146	0.843274853801	0.852631578947	0.833918128655	0.845614035088	0.842105263158	0.833918128655	0.843274853801	0.851461988304	0.851461988304	0.832748538012	0.880701754386	0.893567251462	0.890058479532	0.907602339181	0.836257309942	0.914619883041	0.880701754386	0.953216374269	0.941520467836	0.968421052632	0.945029239766	0.966081871345	0.936842105263	0.966081871345	0.802339181287	0.706432748538	0.804678362573	0.804678362573	0.72514619883	0.686549707602	0.809356725146	0.708771929825
DE1	0.638596491228	0.609356725146	0.628070175439	0.625730994152	0.628070175439	0.629239766082	0.624561403509	0.619883040936	0.612865497076	0.773099415205	0.743859649123	0.740350877193	0.777777777778	0.825730994152	0.795321637427	0.702923976608	0.720467836257	0.709941520468	0.626900584795	0.426900584795	0.0	0.538011695906	0.504093567251	0.653801169591	0.836257309942	0.851461988304	0.767251461988	0.769590643275	0.769590643275	0.775438596491	0.762573099415	0.771929824561	0.877192982456	0.853801169591	0.879532163743	0.872514619883	0.866666666667	0.866666666667	0.87134502924	0.886549707602	0.771929824561	0.881871345029	0.902923976608	0.906432748538	0.916959064327	0.846783625731	0.92865497076	0.878362573099	0.975438596491	0.961403508772	0.976608187135	0.967251461988	0.981286549708	0.960233918129	0.988304093567	0.770760233918	0.722807017544	0.776608187135	0.782456140351	0.730994152047	0.709941520468	0.770760233918	0.705263157895
DF1	0.678362573099	0.686549707602	0.654970760234	0.678362573099	0.692397660819	0.666666666667	0.681871345029	0.670175438596	0.672514619883	0.73567251462	0.709941520468	0.714619883041	0.720467836257	0.763742690058	0.747368421053	0.700584795322	0.672514619883	0.726315789474	0.469005847953	0.487719298246	0.538011695906	0.0	0.581286549708	0.46081871345	0.810526315789	0.831578947368	0.839766081871	0.782456140351	0.797660818713	0.847953216374	0.782456140351	0.853801169591	0.790643274854	0.777777777778	0.788304093567	0.778947368421	0.753216374269	0.764912280702	0.791812865497	0.782456140351	0.940350877193	0.933333333333	0.92865497076	0.902923976608	0.922807017544	0.906432748538	0.912280701754	0.93567251462	0.92865497076	0.929824561404	0.963742690058	0.926315789474	0.950877192982	0.912280701754	0.934502923977	0.788304093567	0.745029239766	0.776608187135	0.768421052632	0.727485380117	0.729824561404	0.785964912281	0.722807017544
DG1	0.736842105263	0.733333333333	0.753216374269	0.753216374269	0.750877192982	0.740350877193	0.736842105263	0.718128654971	0.645614035088	0.773099415205	0.740350877193	0.683040935673	0.759064327485	0.801169590643	0.778947368421	0.67134502924	0.711111111111	0.536842105263	0.610526315789	0.507602339181	0.504093567251	0.581286549708	0.0	0.614035087719	0.697076023392	0.715789473684	0.762573099415	0.782456140351	0.775438596491	0.767251461988	0.763742690058	0.771929824561	0.847953216374	0.828070175439	0.852631578947	0.844444444444	0.831578947368	0.830409356725	0.852631578947	0.849122807018	0.825730994152	0.853801169591	0.870175438596	0.892397660819	0.914619883041	0.812865497076	0.880701754386	0.854970760234	0.898245614035	0.892397660819	0.920467836257	0.891228070175	0.918128654971	0.886549707602	0.908771929825	0.821052631579	0.822222222222	0.844444444444	0.843274853801	0.824561403509	0.791812865497	0.840935672515	0.789473684211
DH1	0.776608187135	0.781286549708	0.722807017544	0.775438596491	0.790643274854	0.740350877193	0.760233918129	0.767251461988	0.715789473684	0.726315789474	0.685380116959	0.685380116959	0.679532163743	0.706432748538	0.716959064327	0.776608187135	0.571929824561	0.729824561404	0.46432748538	0.570760233918	0.653801169591	0.46081871345	0.614035087719	0.0	0.814035087719	0.815204678363	0.865497076023	0.721637426901	0.734502923977	0.879532163743	0.761403508772	0.884210526316	0.812865497076	0.805847953216	0.805847953216	0.812865497076	0.782456140351	0.768421052632	0.819883040936	0.801169590643	0.955555555556	0.941520467836	0.934502923977	0.881871345029	0.905263157895	0.915789473684	0.911111111111	0.948538011696	0.890058479532	0.887719298246	0.94269005848	0.883040935673	0.918128654971	0.856140350877	0.830409356725	0.843274853801	0.849122807018	0.723976608187	0.720467836257	0.74269005848	0.826900584795	0.837426900585	0.760233918129
DA4	0.830409356725	0.835087719298	0.87485380117	0.863157894737	0.863157894737	0.861988304094	0.846783625731	0.821052631579	0.741520467836	0.839766081871	0.815204678363	0.747368421053	0.821052631579	0.849122807018	0.845614035088	0.707602339181	0.812865497076	0.727485380117	0.812865497076	0.836257309942	0.836257309942	0.810526315789	0.697076023392	0.814035087719	0.0	0.402339181287	0.530994152047	0.73216374269	0.718128654971	0.526315789474	0.773099415205	0.504093567251	0.945029239766	0.945029239766	0.93216374269	0.956725146199	0.948538011696	0.914619883041	0.952046783626	0.946198830409	0.949707602339	0.93918128655	0.934502923977	0.93216374269	0.945029239766	0.922807017544	0.923976608187	0.945029239766	0.926315789474	0.93918128655	0.959064327485	0.921637426901	0.948538011696	0.927485380117	0.922807017544	0.872514619883	0.895906432749	0.859649122807	0.844444444444	0.853801169591	0.869005847953	0.890058479532	0.856140350877
DB4	0.839766081871	0.845614035088	0.879532163743	0.869005847953	0.870175438596	0.87134502924	0.86081871345	0.829239766082	0.753216374269	0.835087719298	0.833918128655	0.753216374269	0.830409356725	0.849122807018	0.837426900585	0.727485380117	0.822222222222	0.734502923977	0.831578947368	0.847953216374	0.851461988304	0.831578947368	0.715789473684	0.815204678363	0.402339181287	0.0	0.53918128655	0.759064327485	0.749707602339	0.523976608187	0.784795321637	0.529824561404	0.941520467836	0.943859649123	0.93567251462	0.953216374269	0.941520467836	0.918128654971	0.953216374269	0.946198830409	0.952046783626	0.93918128655	0.93216374269	0.93918128655	0.943859649123	0.926315789474	0.922807017544	0.949707602339	0.923976608187	0.936842105263	0.960233918129	0.92865497076	0.943859649123	0.920467836257	0.914619883041	0.900584795322	0.916959064327	0.87134502924	0.85730994152	0.869005847953	0.891228070175	0.905263157895	0.866666666667
DC4	0.686549707602	0.676023391813	0.73567251462	0.752046783626	0.767251461988	0.713450292398	0.692397660819	0.712280701754	0.706432748538	0.881871345029	0.844444444444	0.815204678363	0.887719298246	0.911111111111	0.890058479532	0.686549707602	0.810526315789	0.773099415205	0.872514619883	0.836257309942	0.767251461988	0.839766081871	0.762573099415	0.865497076023	0.530994152047	0.53918128655	0.0	0.72865497076	0.706432748538	0.309941520468	0.653801169591	0.318128654971	0.973099415205	0.974269005848	0.964912280702	0.974269005848	0.969590643275	0.963742690058	0.974269005848	0.973099415205	0.983625730994	0.976608187135	0.971929824561	0.967251461988	0.981286549708	0.975438596491	0.967251461988	0.983625730994	0.967251461988	0.969590643275	0.978947368421	0.964912280702	0.974269005848	0.966081871345	0.969590643275	0.762573099415	0.769590643275	0.756725146199	0.753216374269	0.767251461988	0.835087719298	0.766081871345	0.755555555556
DD4	0.715789473684	0.733333333333	0.73216374269	0.726315789474	0.73918128655	0.72514619883	0.719298245614	0.713450292398	0.707602339181	0.787134502924	0.706432748538	0.760233918129	0.774269005848	0.788304093567	0.795321637427	0.775438596491	0.656140350877	0.805847953216	0.767251461988	0.814035087719	0.769590643275	0.782456140351	0.782456140351	0.721637426901	0.73216374269	0.759064327485	0.72865497076	0.0	0.437426900585	0.746198830409	0.611695906433	0.746198830409	0.94269005848	0.938011695906	0.919298245614	0.946198830409	0.923976608187	0.898245614035	0.949707602339	0.933333333333	0.964912280702	0.94269005848	0.93567251462	0.930994152047	0.963742690058	0.934502923977	0.919298245614	0.954385964912	0.878362573099	0.891228070175	0.92514619883	0.877192982456	0.905263157895	0.869005847953	0.847953216374	0.777777777778	0.791812865497	0.686549707602	0.691228070175	0.706432748538	0.791812865497	0.778947368421	0.701754385965
DE4	0.707602339181	0.721637426901	0.733333333333	0.730994152047	0.752046783626	0.720467836257	0.692397660819	0.72514619883	0.707602339181	0.798830409357	0.716959064327	0.773099415205	0.785964912281	0.802339181287	0.794152046784	0.771929824561	0.672514619883	0.811695906433	0.782456140351	0.814035087719	0.769590643275	0.797660818713	0.775438596491	0.734502923977	0.718128654971	0.749707602339	0.706432748538	0.437426900585	0.0	0.719298245614	0.598830409357	0.718128654971	0.956725146199	0.955555555556	0.934502923977	0.957894736842	0.93567251462	0.918128654971	0.949707602339	0.93918128655	0.964912280702	0.947368421053	0.936842105263	0.929824561404	0.962573099415	0.926315789474	0.906432748538	0.948538011696	0.880701754386	0.904093567251	0.934502923977	0.892397660819	0.915789473684	0.893567251462	0.856140350877	0.764912280702	0.788304093567	0.688888888889	0.692397660819	0.697076023392	0.80701754386	0.780116959064	0.701754385965
DF4	0.688888888889	0.66783625731	0.740350877193	0.757894736842	0.768421052632	0.706432748538	0.683040935673	0.720467836257	0.722807017544	0.890058479532	0.853801169591	0.826900584795	0.897076023392	0.923976608187	0.902923976608	0.692397660819	0.826900584795	0.776608187135	0.885380116959	0.842105263158	0.775438596491	0.847953216374	0.767251461988	0.879532163743	0.526315789474	0.523976608187	0.309941520468	0.746198830409	0.719298245614	0.0	0.649122807018	0.295906432749	0.981286549708	0.981286549708	0.973099415205	0.976608187135	0.973099415205	0.967251461988	0.975438596491	0.974269005848	0.983625730994	0.983625730994	0.975438596491	0.975438596491	0.980116959064	0.976608187135	0.975438596491	0.985964912281	0.969590643275	0.974269005848	0.980116959064	0.974269005848	0.973099415205	0.977777777778	0.975438596491	0.749707602339	0.756725146199	0.746198830409	0.750877192982	0.782456140351	0.843274853801	0.757894736842	0.753216374269
DG4	0.645614035088	0.645614035088	0.680701754386	0.716959064327	0.730994152047	0.644444444444	0.597660818713	0.695906432749	0.678362573099	0.825730994152	0.713450292398	0.778947368421	0.815204678363	0.826900584795	0.824561403509	0.743859649123	0.665497076023	0.771929824561	0.79298245614	0.809356725146	0.762573099415	0.782456140351	0.763742690058	0.761403508772	0.773099415205	0.784795321637	0.653801169591	0.611695906433	0.598830409357	0.649122807018	0.0	0.636257309942	0.943859649123	0.946198830409	0.938011695906	0.947368421053	0.916959064327	0.908771929825	0.948538011696	0.93918128655	0.962573099415	0.940350877193	0.930994152047	0.92514619883	0.963742690058	0.92514619883	0.913450292398	0.934502923977	0.866666666667	0.879532163743	0.909941520468	0.869005847953	0.877192982456	0.86432748538	0.854970760234	0.615204678363	0.694736842105	0.658479532164	0.654970760234	0.702923976608	0.805847953216	0.617543859649	0.661988304094
DH4	0.680701754386	0.66432748538	0.740350877193	0.757894736842	0.763742690058	0.687719298246	0.669005847953	0.722807017544	0.715789473684	0.883040935673	0.850292397661	0.826900584795	0.897076023392	0.923976608187	0.895906432749	0.688888888889	0.831578947368	0.781286549708	0.890058479532	0.843274853801	0.771929824561	0.853801169591	0.771929824561	0.884210526316	0.504093567251	0.529824561404	0.318128654971	0.746198830409	0.718128654971	0.295906432749	0.636257309942	0.0	0.978947368421	0.971929824561	0.976608187135	0.977777777778	0.974269005848	0.973099415205	0.981286549708	0.970760233918	0.984795321637	0.976608187135	0.984795321637	0.974269005848	0.980116959064	0.981286549708	0.969590643275	0.988304093567	0.977777777778	0.974269005848	0.976608187135	0.976608187135	0.977777777778	0.981286549708	0.975438596491	0.73918128655	0.74269005848	0.73567251462	0.745029239766	0.778947368421	0.844444444444	0.743859649123	0.73918128655
DA6	0.92514619883	0.918128654971	0.893567251462	0.912280701754	0.923976608187	0.902923976608	0.929824561404	0.919298245614	0.929824561404	0.926315789474	0.93216374269	0.907602339181	0.913450292398	0.940350877193	0.936842105263	0.93567251462	0.899415204678	0.912280701754	0.752046783626	0.852631578947	0.877192982456	0.790643274854	0.847953216374	0.812865497076	0.945029239766	0.941520467836	0.973099415205	0.94269005848	0.956725146199	0.981286549708	0.943859649123	0.978947368421	0.0	0.341520467836	0.361403508772	0.314619883041	0.359064327485	0.33216374269	0.305263157895	0.327485380117	0.891228070175	0.884210526316	0.876023391813	0.913450292398	0.922807017544	0.891228070175	0.852631578947	0.86432748538	0.952046783626	0.92865497076	0.950877192982	0.936842105263	0.936842105263	0.92514619883	0.967251461988	0.913450292398	0.873684210526	0.915789473684	0.902923976608	0.907602339181	0.869005847953	0.873684210526	0.87134502924
DB6	0.908771929825	0.893567251462	0.879532163743	0.895906432749	0.906432748538	0.884210526316	0.895906432749	0.894736842105	0.914619883041	0.902923976608	0.906432748538	0.883040935673	0.892397660819	0.916959064327	0.913450292398	0.914619883041	0.895906432749	0.898245614035	0.747368421053	0.833918128655	0.853801169591	0.777777777778	0.828070175439	0.805847953216	0.945029239766	0.943859649123	0.974269005848	0.938011695906	0.955555555556	0.981286549708	0.946198830409	0.971929824561	0.341520467836	0.0	0.343859649123	0.349707602339	0.367251461988	0.356725146199	0.343859649123	0.343859649123	0.900584795322	0.904093567251	0.892397660819	0.902923976608	0.921637426901	0.888888888889	0.866666666667	0.887719298246	0.953216374269	0.923976608187	0.957894736842	0.93216374269	0.949707602339	0.922807017544	0.971929824561	0.877192982456	0.858479532164	0.895906432749	0.880701754386	0.869005847953	0.847953216374	0.86432748538	0.845614035088
DC6	0.915789473684	0.926315789474	0.907602339181	0.919298245614	0.934502923977	0.912280701754	0.923976608187	0.919298245614	0.92865497076	0.914619883041	0.915789473684	0.898245614035	0.887719298246	0.913450292398	0.919298245614	0.933333333333	0.893567251462	0.920467836257	0.745029239766	0.845614035088	0.879532163743	0.788304093567	0.852631578947	0.805847953216	0.93216374269	0.93567251462	0.964912280702	0.919298245614	0.934502923977	0.973099415205	0.938011695906	0.976608187135	0.361403508772	0.343859649123	0.0	0.380116959064	0.378947368421	0.350877192982	0.362573099415	0.353216374269	0.907602339181	0.918128654971	0.893567251462	0.920467836257	0.93216374269	0.887719298246	0.872514619883	0.893567251462	0.934502923977	0.911111111111	0.947368421053	0.923976608187	0.936842105263	0.914619883041	0.954385964912	0.914619883041	0.899415204678	0.907602339181	0.904093567251	0.884210526316	0.885380116959	0.902923976608	0.877192982456
DD6	0.923976608187	0.915789473684	0.908771929825	0.921637426901	0.92865497076	0.915789473684	0.92865497076	0.913450292398	0.922807017544	0.943859649123	0.938011695906	0.930994152047	0.921637426901	0.947368421053	0.946198830409	0.929824561404	0.905263157895	0.905263157895	0.753216374269	0.842105263158	0.872514619883	0.778947368421	0.844444444444	0.812865497076	0.956725146199	0.953216374269	0.974269005848	0.946198830409	0.957894736842	0.976608187135	0.947368421053	0.977777777778	0.314619883041	0.349707602339	0.380116959064	0.0	0.327485380117	0.323976608187	0.316959064327	0.338011695906	0.911111111111	0.901754385965	0.912280701754	0.913450292398	0.916959064327	0.902923976608	0.897076023392	0.901754385965	0.955555555556	0.930994152047	0.956725146199	0.93567251462	0.947368421053	0.92865497076	0.973099415205	0.885380116959	0.880701754386	0.897076023392	0.908771929825	0.881871345029	0.876023391813	0.876023391813	0.887719298246
DE6	0.918128654971	0.918128654971	0.892397660819	0.912280701754	0.919298245614	0.895906432749	0.916959064327	0.906432748538	0.904093567251	0.929824561404	0.929824561404	0.918128654971	0.915789473684	0.93216374269	0.934502923977	0.921637426901	0.886549707602	0.904093567251	0.708771929825	0.833918128655	0.866666666667	0.753216374269	0.831578947368	0.782456140351	0.948538011696	0.941520467836	0.969590643275	0.923976608187	0.93567251462	0.973099415205	0.916959064327	0.974269005848	0.359064327485	0.367251461988	0.378947368421	0.327485380117	0.0	0.361403508772	0.363742690058	0.357894736842	0.912280701754	0.897076023392	0.895906432749	0.906432748538	0.920467836257	0.888888888889	0.87134502924	0.899415204678	0.936842105263	0.912280701754	0.953216374269	0.922807017544	0.930994152047	0.921637426901	0.960233918129	0.904093567251	0.892397660819	0.899415204678	0.899415204678	0.879532163743	0.878362573099	0.873684210526	0.879532163743
DF6	0.916959064327	0.918128654971	0.898245614035	0.915789473684	0.922807017544	0.902923976608	0.919298245614	0.909941520468	0.885380116959	0.878362573099	0.885380116959	0.858479532164	0.858479532164	0.886549707602	0.884210526316	0.916959064327	0.852631578947	0.908771929825	0.709941520468	0.843274853801	0.866666666667	0.764912280702	0.830409356725	0.768421052632	0.914619883041	0.918128654971	0.963742690058	0.898245614035	0.918128654971	0.967251461988	0.908771929825	0.973099415205	0.33216374269	0.356725146199	0.350877192982	0.323976608187	0.361403508772	0.0	0.32865497076	0.330994152047	0.936842105263	0.923976608187	0.922807017544	0.93216374269	0.934502923977	0.901754385965	0.902923976608	0.92514619883	0.915789473684	0.911111111111	0.948538011696	0.919298245614	0.941520467836	0.886549707602	0.919298245614	0.905263157895	0.913450292398	0.866666666667	0.863157894737	0.859649122807	0.887719298246	0.905263157895	0.863157894737
DG6	0.923976608187	0.914619883041	0.899415204678	0.911111111111	0.92514619883	0.905263157895	0.919298245614	0.919298245614	0.927485380117	0.926315789474	0.93567251462	0.923976608187	0.914619883041	0.938011695906	0.943859649123	0.93216374269	0.905263157895	0.915789473684	0.760233918129	0.851461988304	0.87134502924	0.791812865497	0.852631578947	0.819883040936	0.952046783626	0.953216374269	0.974269005848	0.949707602339	0.949707602339	0.975438596491	0.948538011696	0.981286549708	0.305263157895	0.343859649123	0.362573099415	0.316959064327	0.363742690058	0.32865497076	0.0	0.329824561404	0.914619883041	0.909941520468	0.907602339181	0.916959064327	0.93216374269	0.892397660819	0.890058479532	0.904093567251	0.948538011696	0.92514619883	0.952046783626	0.938011695906	0.943859649123	0.927485380117	0.969590643275	0.911111111111	0.898245614035	0.920467836257	0.912280701754	0.904093567251	0.892397660819	0.894736842105	0.890058479532
DH6	0.916959064327	0.92514619883	0.906432748538	0.920467836257	0.927485380117	0.906432748538	0.923976608187	0.916959064327	0.915789473684	0.912280701754	0.918128654971	0.907602339181	0.898245614035	0.92514619883	0.916959064327	0.921637426901	0.898245614035	0.918128654971	0.745029239766	0.851461988304	0.886549707602	0.782456140351	0.849122807018	0.801169590643	0.946198830409	0.946198830409	0.973099415205	0.933333333333	0.93918128655	0.974269005848	0.93918128655	0.970760233918	0.327485380117	0.343859649123	0.353216374269	0.338011695906	0.357894736842	0.330994152047	0.329824561404	0.0	0.913450292398	0.909941520468	0.911111111111	0.922807017544	0.92865497076	0.894736842105	0.879532163743	0.899415204678	0.911111111111	0.884210526316	0.950877192982	0.923976608187	0.941520467836	0.865497076023	0.905263157895	0.912280701754	0.905263157895	0.906432748538	0.904093567251	0.893567251462	0.887719298246	0.898245614035	0.886549707602
DA7	0.953216374269	0.949707602339	0.934502923977	0.952046783626	0.957894736842	0.943859649123	0.959064327485	0.957894736842	0.895906432749	0.983625730994	0.949707602339	0.964912280702	0.973099415205	0.977777777778	0.987134502924	0.957894736842	0.956725146199	0.8	0.92865497076	0.832748538012	0.771929824561	0.940350877193	0.825730994152	0.955555555556	0.949707602339	0.952046783626	0.983625730994	0.964912280702	0.964912280702	0.983625730994	0.962573099415	0.984795321637	0.891228070175	0.900584795322	0.907602339181	0.911111111111	0.912280701754	0.936842105263	0.914619883041	0.913450292398	0.0	0.433918128655	0.463157894737	0.518128654971	0.66081871345	0.391812865497	0.493567251462	0.382456140351	0.971929824561	0.960233918129	0.973099415205	0.973099415205	0.970760233918	0.959064327485	0.985964912281	0.870175438596	0.798830409357	0.952046783626	0.938011695906	0.921637426901	0.749707602339	0.898245614035	0.838596491228
DB7	0.949707602339	0.954385964912	0.923976608187	0.94269005848	0.950877192982	0.934502923977	0.955555555556	0.949707602339	0.890058479532	0.967251461988	0.938011695906	0.950877192982	0.960233918129	0.959064327485	0.971929824561	0.93567251462	0.945029239766	0.794152046784	0.922807017544	0.880701754386	0.881871345029	0.933333333333	0.853801169591	0.941520467836	0.93918128655	0.93918128655	0.976608187135	0.94269005848	0.947368421053	0.983625730994	0.940350877193	0.976608187135	0.884210526316	0.904093567251	0.918128654971	0.901754385965	0.897076023392	0.923976608187	0.909941520468	0.909941520468	0.433918128655	0.0	0.326315789474	0.47485380117	0.635087719298	0.370760233918	0.435087719298	0.336842105263	0.952046783626	0.943859649123	0.957894736842	0.950877192982	0.945029239766	0.946198830409	0.971929824561	0.845614035088	0.851461988304	0.936842105263	0.921637426901	0.916959064327	0.769590643275	0.869005847953	0.856140350877
