	DA5	DB5	DC5	DD5	DE5	DF5	DG5	DH5	DA2	DB2	DC2	DD2	DE2	DF2	DG2	DH2	DA1	DB1	DC1	DD1	DE1	DF1	DG1	DH1	DA4	DB4	DC4	DD4	DE4	DF4	DG4	DH4	DA6	DB6	DC6	DD6	DE6	DF6	DG6	DH6	DA7	DB7	DC7	DD7	DE7	DF7	DG7	DH7	DA8	DB8	DC8	DD8	DF8	DG8	DH8	DA3	DB3	DC3	DD3	DE3	DF3	DG3	DH3
DA5	0.0	0.373099415205	0.470175438596	0.346198830409	0.389473684211	0.438596491228	0.426900584795	0.368421052632	0.562573099415	0.589473684211	0.60350877193	0.754385964912	0.801169590643	0.818713450292	0.643274853801	0.562573099415	0.771929824561	0.778947368421	0.768421052632	0.621052631579	0.59298245614	0.684210526316	0.730994152047	0.750877192982	0.870175438596	0.852631578947	0.720467836257	0.73216374269	0.719298245614	0.720467836257	0.693567251462	0.714619883041	0.915789473684	0.894736842105	0.913450292398	0.912280701754	0.919298245614	0.93216374269	0.911111111111	0.92514619883	0.946198830409	0.952046783626	0.955555555556	0.92865497076	0.946198830409	0.93918128655	0.952046783626	0.964912280702	0.975438596491	0.969590643275	0.980116959064	0.974269005848	0.977777777778	0.968421052632	0.981286549708	0.697076023392	0.589473684211	0.708771929825	0.720467836257	0.611695906433	0.618713450292	0.686549707602	0.637426900585
DB5	0.373099415205	0.0	0.440935672515	0.376608187135	0.432748538012	0.401169590643	0.373099415205	0.353216374269	0.523976608187	0.616374269006	0.617543859649	0.736842105263	0.773099415205	0.824561403509	0.644444444444	0.52514619883	0.770760233918	0.761403508772	0.761403508772	0.614035087719	0.59298245614	0.685380116959	0.705263157895	0.745029239766	0.846783625731	0.833918128655	0.669005847953	0.730994152047	0.712280701754	0.665497076023	0.649122807018	0.659649122807	0.913450292398	0.885380116959	0.908771929825	0.916959064327	0.914619883041	0.927485380117	0.900584795322	0.92514619883	0.950877192982	0.955555555556	0.960233918129	0.926315789474	0.952046783626	0.94269005848	0.955555555556	0.966081871345	0.974269005848	0.974269005848	0.976608187135	0.975438596491	0.978947368421	0.968421052632	0.981286549708	0.67485380117	0.570760233918	0.688888888889	0.700584795322	0.614035087719	0.625730994152	0.663157894737	0.621052631579
DC5	0.470175438596	0.440935672515	0.0	0.479532163743	0.53567251462	0.4	0.444444444444	0.461988304094	0.602339181287	0.705263157895	0.66783625731	0.768421052632	0.811695906433	0.794152046784	0.730994152047	0.635087719298	0.747368421053	0.802339181287	0.756725146199	0.626900584795	0.587134502924	0.651461988304	0.750877192982	0.714619883041	0.895906432749	0.877192982456	0.743859649123	0.729824561404	0.711111111111	0.752046783626	0.701754385965	0.748538011696	0.886549707602	0.869005847953	0.897076023392	0.898245614035	0.897076023392	0.909941520468	0.893567251462	0.905263157895	0.929824561404	0.92514619883	0.93216374269	0.877192982456	0.907602339181	0.901754385965	0.918128654971	0.938011695906	0.963742690058	0.962573099415	0.975438596491	0.957894736842	0.955555555556	0.961403508772	0.967251461988	0.67485380117	0.580116959064	0.67485380117	0.688888888889	0.583625730994	0.639766081871	0.65730994152	0.611695906433
DD5	0.346198830409	0.376608187135	0.479532163743	0.0	0.334502923977	0.442105263158	0.432748538012	0.398830409357	0.540350877193	0.534502923977	0.588304093567	0.752046783626	0.788304093567	0.80701754386	0.626900584795	0.543859649123	0.762573099415	0.795321637427	0.763742690058	0.630409356725	0.60350877193	0.678362573099	0.738011695906	0.73567251462	0.869005847953	0.854970760234	0.745029239766	0.722807017544	0.706432748538	0.743859649123	0.702923976608	0.740350877193	0.904093567251	0.894736842105	0.906432748538	0.916959064327	0.919298245614	0.918128654971	0.905263157895	0.920467836257	0.949707602339	0.948538011696	0.953216374269	0.923976608187	0.953216374269	0.93567251462	0.947368421053	0.957894736842	0.973099415205	0.974269005848	0.977777777778	0.975438596491	0.964912280702	0.969590643275	0.970760233918	0.726315789474	0.60701754386	0.720467836257	0.733333333333	0.623391812865	0.612865497076	0.701754385965	0.663157894737
DE5	0.389473684211	0.432748538012	0.53567251462	0.334502923977	0.0	0.500584795322	0.492397660819	0.437426900585	0.547368421053	0.538011695906	0.601169590643	0.759064327485	0.8	0.817543859649	0.630409356725	0.545029239766	0.784795321637	0.801169590643	0.782456140351	0.650292397661	0.618713450292	0.695906432749	0.74269005848	0.767251461988	0.87485380117	0.869005847953	0.768421052632	0.747368421053	0.743859649123	0.763742690058	0.743859649123	0.764912280702	0.923976608187	0.900584795322	0.921637426901	0.934502923977	0.933333333333	0.93918128655	0.916959064327	0.933333333333	0.955555555556	0.961403508772	0.959064327485	0.941520467836	0.963742690058	0.945029239766	0.954385964912	0.968421052632	0.977777777778	0.974269005848	0.984795321637	0.976608187135	0.978947368421	0.970760233918	0.977777777778	0.752046783626	0.644444444444	0.756725146199	0.766081871345	0.65730994152	0.625730994152	0.740350877193	0.685380116959
DF5	0.438596491228	0.401169590643	0.4	0.442105263158	0.500584795322	0.0	0.389473684211	0.40701754386	0.557894736842	0.658479532164	0.624561403509	0.759064327485	0.79649122807	0.787134502924	0.686549707602	0.597660818713	0.730994152047	0.801169590643	0.756725146199	0.635087719298	0.597660818713	0.650292397661	0.74269005848	0.722807017544	0.879532163743	0.87134502924	0.694736842105	0.713450292398	0.701754385965	0.704093567251	0.650292397661	0.697076023392	0.891228070175	0.881871345029	0.892397660819	0.909941520468	0.901754385965	0.904093567251	0.899415204678	0.901754385965	0.94269005848	0.93918128655	0.93918128655	0.905263157895	0.930994152047	0.915789473684	0.918128654971	0.947368421053	0.950877192982	0.956725146199	0.973099415205	0.961403508772	0.956725146199	0.950877192982	0.956725146199	0.633918128655	0.53216374269	0.637426900585	0.643274853801	0.577777777778	0.622222222222	0.619883040936	0.570760233918
DG5	0.426900584795	0.373099415205	0.444444444444	0.432748538012	0.492397660819	0.389473684211	0.0	0.395321637427	0.533333333333	0.653801169591	0.652631578947	0.734502923977	0.771929824561	0.805847953216	0.676023391813	0.567251461988	0.763742690058	0.784795321637	0.743859649123	0.628070175439	0.595321637427	0.673684210526	0.727485380117	0.734502923977	0.851461988304	0.845614035088	0.646783625731	0.714619883041	0.688888888889	0.65730994152	0.612865497076	0.650292397661	0.904093567251	0.892397660819	0.901754385965	0.915789473684	0.908771929825	0.923976608187	0.905263157895	0.922807017544	0.949707602339	0.945029239766	0.94269005848	0.916959064327	0.950877192982	0.92514619883	0.943859649123	0.954385964912	0.964912280702	0.968421052632	0.975438596491	0.962573099415	0.955555555556	0.960233918129	0.964912280702	0.645614035088	0.540350877193	0.661988304094	0.669005847953	0.610526315789	0.628070175439	0.625730994152	0.589473684211
DH5	0.368421052632	0.353216374269	0.461988304094	0.398830409357	0.437426900585	0.40701754386	0.395321637427	0.0	0.538011695906	0.615204678363	0.597660818713	0.722807017544	0.766081871345	0.79298245614	0.619883040936	0.533333333333	0.756725146199	0.764912280702	0.748538011696	0.628070175439	0.597660818713	0.658479532164	0.709941520468	0.733333333333	0.832748538012	0.830409356725	0.685380116959	0.704093567251	0.691228070175	0.686549707602	0.653801169591	0.681871345029	0.916959064327	0.893567251462	0.900584795322	0.921637426901	0.915789473684	0.915789473684	0.915789473684	0.914619883041	0.949707602339	0.952046783626	0.954385964912	0.934502923977	0.960233918129	0.929824561404	0.938011695906	0.964912280702	0.961403508772	0.957894736842	0.977777777778	0.964912280702	0.964912280702	0.954385964912	0.963742690058	0.680701754386	0.570760233918	0.676023391813	0.683040935673	0.590643274854	0.604678362573	0.658479532164	0.604678362573
DA2	0.562573099415	0.523976608187	0.602339181287	0.540350877193	0.547368421053	0.557894736842	0.533333333333	0.538011695906	0.0	0.582456140351	0.571929824561	0.642105263158	0.690058479532	0.729824561404	0.598830409357	0.444444444444	0.705263157895	0.723976608187	0.709941520468	0.610526315789	0.583625730994	0.67485380117	0.663157894737	0.702923976608	0.754385964912	0.755555555556	0.702923976608	0.709941520468	0.699415204678	0.719298245614	0.663157894737	0.716959064327	0.914619883041	0.908771929825	0.914619883041	0.926315789474	0.898245614035	0.884210526316	0.938011695906	0.911111111111	0.916959064327	0.908771929825	0.907602339181	0.893567251462	0.936842105263	0.873684210526	0.895906432749	0.913450292398	0.921637426901	0.93216374269	0.953216374269	0.919298245614	0.934502923977	0.897076023392	0.890058479532	0.73918128655	0.652631578947	0.694736842105	0.702923976608	0.605847953216	0.590643274854	0.720467836257	0.640935672515
DB2	0.589473684211	0.616374269006	0.705263157895	0.534502923977	0.538011695906	0.658479532164	0.653801169591	0.615204678363	0.582456140351	0.0	0.509941520468	0.631578947368	0.66081871345	0.65730994152	0.46432748538	0.625730994152	0.726315789474	0.815204678363	0.73567251462	0.722807017544	0.762573099415	0.746198830409	0.755555555556	0.708771929825	0.826900584795	0.815204678363	0.878362573099	0.782456140351	0.771929824561	0.891228070175	0.795321637427	0.881871345029	0.914619883041	0.893567251462	0.895906432749	0.943859649123	0.921637426901	0.885380116959	0.92865497076	0.912280701754	0.984795321637	0.962573099415	0.957894736842	0.956725146199	0.987134502924	0.94269005848	0.941520467836	0.977777777778	0.909941520468	0.930994152047	0.953216374269	0.92514619883	0.93216374269	0.883040935673	0.847953216374	0.854970760234	0.750877192982	0.759064327485	0.755555555556	0.645614035088	0.700584795322	0.847953216374	0.718128654971
DC2	0.60350877193	0.617543859649	0.66783625731	0.588304093567	0.601169590643	0.624561403509	0.652631578947	0.597660818713	0.571929824561	0.509941520468	0.0	0.645614035088	0.690058479532	0.622222222222	0.54269005848	0.601169590643	0.645614035088	0.791812865497	0.745029239766	0.708771929825	0.747368421053	0.73567251462	0.749707602339	0.699415204678	0.830409356725	0.824561403509	0.850292397661	0.726315789474	0.699415204678	0.865497076023	0.722807017544	0.861988304094	0.911111111111	0.904093567251	0.905263157895	0.933333333333	0.913450292398	0.877192982456	0.938011695906	0.909941520468	0.953216374269	0.941520467836	0.92514619883	0.909941520468	0.955555555556	0.922807017544	0.918128654971	0.94269005848	0.878362573099	0.893567251462	0.914619883041	0.891228070175	0.888888888889	0.850292397661	0.818713450292	0.79649122807	0.695906432749	0.677192982456	0.692397660819	0.583625730994	0.642105263158	0.777777777778	0.652631578947
DD2	0.754385964912	0.736842105263	0.768421052632	0.752046783626	0.759064327485	0.759064327485	0.734502923977	0.722807017544	0.642105263158	0.631578947368	0.645614035088	0.0	0.476023391813	0.545029239766	0.560233918129	0.695906432749	0.677192982456	0.763742690058	0.690058479532	0.727485380117	0.741520467836	0.738011695906	0.701754385965	0.685380116959	0.743859649123	0.764912280702	0.821052631579	0.781286549708	0.760233918129	0.843274853801	0.770760233918	0.831578947368	0.904093567251	0.894736842105	0.890058479532	0.92865497076	0.904093567251	0.87134502924	0.93216374269	0.895906432749	0.963742690058	0.945029239766	0.934502923977	0.930994152047	0.968421052632	0.92514619883	0.922807017544	0.952046783626	0.918128654971	0.927485380117	0.957894736842	0.915789473684	0.922807017544	0.881871345029	0.824561403509	0.861988304094	0.828070175439	0.65730994152	0.692397660819	0.666666666667	0.80701754386	0.847953216374	0.711111111111
DE2	0.801169590643	0.773099415205	0.811695906433	0.788304093567	0.8	0.79649122807	0.771929824561	0.766081871345	0.690058479532	0.66081871345	0.690058479532	0.476023391813	0.0	0.541520467836	0.584795321637	0.755555555556	0.66432748538	0.790643274854	0.684210526316	0.770760233918	0.791812865497	0.745029239766	0.740350877193	0.686549707602	0.785964912281	0.802339181287	0.852631578947	0.795321637427	0.774269005848	0.869005847953	0.776608187135	0.863157894737	0.913450292398	0.905263157895	0.892397660819	0.934502923977	0.904093567251	0.866666666667	0.938011695906	0.901754385965	0.980116959064	0.963742690058	0.950877192982	0.954385964912	0.984795321637	0.94269005848	0.940350877193	0.970760233918	0.914619883041	0.92865497076	0.957894736842	0.922807017544	0.926315789474	0.885380116959	0.819883040936	0.873684210526	0.859649122807	0.672514619883	0.704093567251	0.693567251462	0.838596491228	0.865497076023	0.740350877193
DF2	0.818713450292	0.824561403509	0.794152046784	0.80701754386	0.817543859649	0.787134502924	0.805847953216	0.79298245614	0.729824561404	0.65730994152	0.622222222222	0.545029239766	0.541520467836	0.0	0.605847953216	0.795321637427	0.678362573099	0.842105263158	0.729824561404	0.80701754386	0.817543859649	0.767251461988	0.802339181287	0.706432748538	0.842105263158	0.844444444444	0.906432748538	0.791812865497	0.774269005848	0.922807017544	0.817543859649	0.914619883041	0.919298245614	0.909941520468	0.901754385965	0.93567251462	0.909941520468	0.87485380117	0.94269005848	0.909941520468	0.964912280702	0.953216374269	0.93918128655	0.93567251462	0.975438596491	0.929824561404	0.929824561404	0.955555555556	0.909941520468	0.922807017544	0.946198830409	0.919298245614	0.921637426901	0.872514619883	0.815204678363	0.849122807018	0.822222222222	0.637426900585	0.677192982456	0.652631578947	0.802339181287	0.833918128655	0.699415204678
DG2	0.643274853801	0.644444444444	0.730994152047	0.626900584795	0.630409356725	0.686549707602	0.676023391813	0.619883040936	0.598830409357	0.46432748538	0.54269005848	0.560233918129	0.584795321637	0.605847953216	0.0	0.637426900585	0.697076023392	0.811695906433	0.718128654971	0.736842105263	0.774269005848	0.760233918129	0.757894736842	0.699415204678	0.812865497076	0.826900584795	0.870175438596	0.789473684211	0.768421052632	0.886549707602	0.805847953216	0.879532163743	0.93918128655	0.915789473684	0.909941520468	0.952046783626	0.93567251462	0.894736842105	0.948538011696	0.913450292398	0.980116959064	0.971929824561	0.961403508772	0.961403508772	0.984795321637	0.949707602339	0.946198830409	0.983625730994	0.900584795322	0.927485380117	0.949707602339	0.921637426901	0.940350877193	0.86783625731	0.801169590643	0.870175438596	0.774269005848	0.698245614035	0.721637426901	0.642105263158	0.727485380117	0.869005847953	0.718128654971
DH2	0.562573099415	0.52514619883	0.635087719298	0.543859649123	0.545029239766	0.597660818713	0.567251461988	0.533333333333	0.444444444444	0.625730994152	0.601169590643	0.695906432749	0.755555555556	0.795321637427	0.637426900585	0.0	0.773099415205	0.709941520468	0.776608187135	0.654970760234	0.646783625731	0.708771929825	0.678362573099	0.774269005848	0.698245614035	0.692397660819	0.645614035088	0.776608187135	0.776608187135	0.652631578947	0.741520467836	0.649122807018	0.927485380117	0.914619883041	0.926315789474	0.933333333333	0.92514619883	0.926315789474	0.93567251462	0.923976608187	0.950877192982	0.94269005848	0.949707602339	0.936842105263	0.962573099415	0.933333333333	0.926315789474	0.954385964912	0.947368421053	0.956725146199	0.962573099415	0.948538011696	0.954385964912	0.943859649123	0.950877192982	0.780116959064	0.698245614035	0.782456140351	0.791812865497	0.694736842105	0.633918128655	0.767251461988	0.726315789474
DA1	0.771929824561	0.770760233918	0.747368421053	0.762573099415	0.784795321637	0.730994152047	0.763742690058	0.756725146199	0.705263157895	0.726315789474	0.645614035088	0.677192982456	0.66432748538	0.678362573099	0.697076023392	0.773099415205	0.0	0.616374269006	0.610526315789	0.694736842105	0.700584795322	0.66081871345	0.669005847953	0.53567251462	0.814035087719	0.80701754386	0.822222222222	0.669005847953	0.663157894737	0.833918128655	0.684210526316	0.835087719298	0.894736842105	0.893567251462	0.879532163743	0.899415204678	0.872514619883	0.842105263158	0.905263157895	0.885380116959	0.953216374269	0.947368421053	0.934502923977	0.902923976608	0.93567251462	0.909941520468	0.922807017544	0.952046783626	0.768421052632	0.777777777778	0.814035087719	0.775438596491	0.776608187135	0.736842105263	0.692397660819	0.818713450292	0.828070175439	0.659649122807	0.661988304094	0.687719298246	0.811695906433	0.812865497076	0.720467836257
DB1	0.778947368421	0.761403508772	0.802339181287	0.795321637427	0.801169590643	0.801169590643	0.784795321637	0.764912280702	0.723976608187	0.815204678363	0.791812865497	0.763742690058	0.790643274854	0.842105263158	0.811695906433	0.709941520468	0.616374269006	0.0	0.702923976608	0.663157894737	0.686549707602	0.694736842105	0.513450292398	0.677192982456	0.745029239766	0.72865497076	0.782456140351	0.794152046784	0.797660818713	0.787134502924	0.769590643275	0.787134502924	0.900584795322	0.881871345029	0.914619883041	0.905263157895	0.893567251462	0.905263157895	0.913450292398	0.908771929825	0.804678362573	0.810526315789	0.802339181287	0.791812865497	0.814035087719	0.771929824561	0.79649122807	0.810526315789	0.722807017544	0.713450292398	0.741520467836	0.720467836257	0.733333333333	0.709941520468	0.73918128655	0.838596491228	0.854970760234	0.852631578947	0.865497076023	0.850292397661	0.80350877193	0.863157894737	0.819883040936
DC1	0.768421052632	0.761403508772	0.756725146199	0.763742690058	0.782456140351	0.756725146199	0.743859649123	0.748538011696	0.709941520468	0.73567251462	0.745029239766	0.690058479532	0.684210526316	0.729824561404	0.718128654971	0.776608187135	0.610526315789	0.702923976608	0.0	0.59649122807	0.611695906433	0.491228070175	0.60350877193	0.519298245614	0.791812865497	0.79649122807	0.847953216374	0.762573099415	0.743859649123	0.861988304094	0.757894736842	0.856140350877	0.756725146199	0.743859649123	0.748538011696	0.766081871345	0.729824561404	0.719298245614	0.768421052632	0.750877192982	0.921637426901	0.920467836257	0.898245614035	0.870175438596	0.895906432749	0.876023391813	0.892397660819	0.920467836257	0.919298245614	0.927485380117	0.955555555556	0.923976608187	0.927485380117	0.884210526316	0.854970760234	0.818713450292	0.833918128655	0.741520467836	0.74269005848	0.746198830409	0.816374269006	0.825730994152	0.74269005848
DD1	0.621052631579	0.614035087719	0.626900584795	0.630409356725	0.650292397661	0.635087719298	0.628070175439	0.628070175439	0.610526315789	0.722807017544	0.708771929825	0.727485380117	0.770760233918	0.80701754386	0.736842105263	0.654970760234	0.694736842105	0.663157894737	0.59649122807	0.0	0.360233918129	0.478362573099	0.458479532164	0.587134502924	0.828070175439	0.814035087719	0.810526315789	0.811695906433	0.8	0.818713450292	0.785964912281	0.819883040936	0.821052631579	0.789473684211	0.838596491228	0.838596491228	0.831578947368	0.846783625731	0.833918128655	0.844444444444	0.825730994152	0.872514619883	0.898245614035	0.87485380117	0.898245614035	0.814035087719	0.901754385965	0.876023391813	0.956725146199	0.949707602339	0.969590643275	0.948538011696	0.963742690058	0.94269005848	0.969590643275	0.791812865497	0.727485380117	0.8	0.817543859649	0.720467836257	0.700584795322	0.784795321637	0.720467836257
DE1	0.59298245614	0.59298245614	0.587134502924	0.60350877193	0.618713450292	0.597660818713	0.595321637427	0.597660818713	0.583625730994	0.762573099415	0.747368421053	0.741520467836	0.791812865497	0.817543859649	0.774269005848	0.646783625731	0.700584795322	0.686549707602	0.611695906433	0.360233918129	0.0	0.511111111111	0.478362573099	0.623391812865	0.836257309942	0.831578947368	0.752046783626	0.755555555556	0.752046783626	0.755555555556	0.745029239766	0.754385964912	0.836257309942	0.817543859649	0.856140350877	0.845614035088	0.833918128655	0.859649122807	0.840935672515	0.856140350877	0.778947368421	0.877192982456	0.906432748538	0.870175438596	0.891228070175	0.828070175439	0.916959064327	0.884210526316	0.969590643275	0.959064327485	0.974269005848	0.959064327485	0.969590643275	0.953216374269	0.980116959064	0.741520467836	0.687719298246	0.754385964912	0.769590643275	0.698245614035	0.684210526316	0.726315789474	0.684210526316
DF1	0.684210526316	0.685380116959	0.651461988304	0.678362573099	0.695906432749	0.650292397661	0.673684210526	0.658479532164	0.67485380117	0.746198830409	0.73567251462	0.738011695906	0.745029239766	0.767251461988	0.760233918129	0.708771929825	0.66081871345	0.694736842105	0.491228070175	0.478362573099	0.511111111111	0.0	0.570760233918	0.519298245614	0.830409356725	0.824561403509	0.832748538012	0.787134502924	0.791812865497	0.852631578947	0.789473684211	0.844444444444	0.773099415205	0.756725146199	0.768421052632	0.769590643275	0.745029239766	0.750877192982	0.775438596491	0.777777777778	0.936842105263	0.929824561404	0.922807017544	0.888888888889	0.907602339181	0.894736842105	0.913450292398	0.934502923977	0.934502923977	0.929824561404	0.961403508772	0.930994152047	0.938011695906	0.920467836257	0.941520467836	0.791812865497	0.762573099415	0.767251461988	0.791812865497	0.72865497076	0.74269005848	0.777777777778	0.726315789474
DG1	0.730994152047	0.705263157895	0.750877192982	0.738011695906	0.74269005848	0.74269005848	0.727485380117	0.709941520468	0.663157894737	0.755555555556	0.749707602339	0.701754385965	0.740350877193	0.802339181287	0.757894736842	0.678362573099	0.669005847953	0.513450292398	0.60350877193	0.458479532164	0.478362573099	0.570760233918	0.0	0.612865497076	0.719298245614	0.715789473684	0.770760233918	0.783625730994	0.777777777778	0.771929824561	0.761403508772	0.780116959064	0.837426900585	0.808187134503	0.844444444444	0.853801169591	0.845614035088	0.850292397661	0.851461988304	0.854970760234	0.833918128655	0.859649122807	0.883040935673	0.884210526316	0.906432748538	0.804678362573	0.887719298246	0.863157894737	0.876023391813	0.865497076023	0.895906432749	0.87134502924	0.881871345029	0.86432748538	0.886549707602	0.825730994152	0.819883040936	0.837426900585	0.850292397661	0.809356725146	0.782456140351	0.831578947368	0.782456140351
DH1	0.750877192982	0.745029239766	0.714619883041	0.73567251462	0.767251461988	0.722807017544	0.734502923977	0.733333333333	0.702923976608	0.708771929825	0.699415204678	0.685380116959	0.686549707602	0.706432748538	0.699415204678	0.774269005848	0.53567251462	0.677192982456	0.519298245614	0.587134502924	0.623391812865	0.519298245614	0.612865497076	0.0	0.797660818713	0.797660818713	0.853801169591	0.729824561404	0.702923976608	0.866666666667	0.721637426901	0.86783625731	0.86432748538	0.854970760234	0.86081871345	0.86783625731	0.840935672515	0.829239766082	0.86432748538	0.850292397661	0.947368421053	0.948538011696	0.923976608187	0.888888888889	0.918128654971	0.901754385965	0.915789473684	0.953216374269	0.879532163743	0.877192982456	0.912280701754	0.872514619883	0.892397660819	0.843274853801	0.812865497076	0.837426900585	0.853801169591	0.740350877193	0.740350877193	0.752046783626	0.838596491228	0.829239766082	0.762573099415
DA4	0.870175438596	0.846783625731	0.895906432749	0.869005847953	0.87485380117	0.879532163743	0.851461988304	0.832748538012	0.754385964912	0.826900584795	0.830409356725	0.743859649123	0.785964912281	0.842105263158	0.812865497076	0.698245614035	0.814035087719	0.745029239766	0.791812865497	0.828070175439	0.836257309942	0.830409356725	0.719298245614	0.797660818713	0.0	0.419883040936	0.577777777778	0.727485380117	0.708771929825	0.540350877193	0.780116959064	0.54269005848	0.945029239766	0.940350877193	0.926315789474	0.947368421053	0.940350877193	0.898245614035	0.957894736842	0.934502923977	0.954385964912	0.936842105263	0.933333333333	0.93216374269	0.954385964912	0.922807017544	0.921637426901	0.941520467836	0.926315789474	0.93567251462	0.957894736842	0.933333333333	0.94269005848	0.919298245614	0.911111111111	0.900584795322	0.911111111111	0.854970760234	0.858479532164	0.852631578947	0.890058479532	0.898245614035	0.854970760234
DB4	0.852631578947	0.833918128655	0.877192982456	0.854970760234	0.869005847953	0.87134502924	0.845614035088	0.830409356725	0.755555555556	0.815204678363	0.824561403509	0.764912280702	0.802339181287	0.844444444444	0.826900584795	0.692397660819	0.80701754386	0.72865497076	0.79649122807	0.814035087719	0.831578947368	0.824561403509	0.715789473684	0.797660818713	0.419883040936	0.0	0.566081871345	0.743859649123	0.734502923977	0.505263157895	0.761403508772	0.52865497076	0.947368421053	0.936842105263	0.930994152047	0.953216374269	0.941520467836	0.914619883041	0.959064327485	0.93918128655	0.952046783626	0.930994152047	0.941520467836	0.933333333333	0.952046783626	0.920467836257	0.919298245614	0.941520467836	0.922807017544	0.933333333333	0.948538011696	0.927485380117	0.93567251462	0.920467836257	0.908771929825	0.892397660819	0.899415204678	0.85730994152	0.85730994152	0.842105263158	0.887719298246	0.890058479532	0.850292397661
DC4	0.720467836257	0.669005847953	0.743859649123	0.745029239766	0.768421052632	0.694736842105	0.646783625731	0.685380116959	0.702923976608	0.878362573099	0.850292397661	0.821052631579	0.852631578947	0.906432748538	0.870175438596	0.645614035088	0.822222222222	0.782456140351	0.847953216374	0.810526315789	0.752046783626	0.832748538012	0.770760233918	0.853801169591	0.577777777778	0.566081871345	0.0	0.720467836257	0.701754385965	0.333333333333	0.608187134503	0.322807017544	0.974269005848	0.963742690058	0.960233918129	0.971929824561	0.963742690058	0.952046783626	0.968421052632	0.961403508772	0.978947368421	0.963742690058	0.973099415205	0.964912280702	0.973099415205	0.962573099415	0.952046783626	0.975438596491	0.960233918129	0.963742690058	0.968421052632	0.956725146199	0.964912280702	0.969590643275	0.963742690058	0.709941520468	0.723976608187	0.73216374269	0.715789473684	0.752046783626	0.838596491228	0.716959064327	0.708771929825
DD4	0.73216374269	0.730994152047	0.729824561404	0.722807017544	0.747368421053	0.713450292398	0.714619883041	0.704093567251	0.709941520468	0.782456140351	0.726315789474	0.781286549708	0.795321637427	0.791812865497	0.789473684211	0.776608187135	0.669005847953	0.794152046784	0.762573099415	0.811695906433	0.755555555556	0.787134502924	0.783625730994	0.729824561404	0.727485380117	0.743859649123	0.720467836257	0.0	0.409356725146	0.736842105263	0.623391812865	0.733333333333	0.957894736842	0.946198830409	0.92514619883	0.93918128655	0.929824561404	0.901754385965	0.93918128655	0.930994152047	0.956725146199	0.945029239766	0.929824561404	0.930994152047	0.963742690058	0.922807017544	0.915789473684	0.950877192982	0.885380116959	0.900584795322	0.93216374269	0.901754385965	0.911111111111	0.879532163743	0.856140350877	0.755555555556	0.776608187135	0.683040935673	0.679532163743	0.685380116959	0.816374269006	0.766081871345	0.690058479532
DE4	0.719298245614	0.712280701754	0.711111111111	0.706432748538	0.743859649123	0.701754385965	0.688888888889	0.691228070175	0.699415204678	0.771929824561	0.699415204678	0.760233918129	0.774269005848	0.774269005848	0.768421052632	0.776608187135	0.663157894737	0.797660818713	0.743859649123	0.8	0.752046783626	0.791812865497	0.777777777778	0.702923976608	0.708771929825	0.734502923977	0.701754385965	0.409356725146	0.0	0.723976608187	0.583625730994	0.722807017544	0.93216374269	0.93567251462	0.913450292398	0.93216374269	0.915789473684	0.892397660819	0.929824561404	0.921637426901	0.950877192982	0.93567251462	0.913450292398	0.918128654971	0.952046783626	0.909941520468	0.909941520468	0.933333333333	0.886549707602	0.902923976608	0.926315789474	0.898245614035	0.895906432749	0.885380116959	0.842105263158	0.740350877193	0.759064327485	0.653801169591	0.658479532164	0.65730994152	0.802339181287	0.74269005848	0.666666666667
DF4	0.720467836257	0.665497076023	0.752046783626	0.743859649123	0.763742690058	0.704093567251	0.65730994152	0.686549707602	0.719298245614	0.891228070175	0.865497076023	0.843274853801	0.869005847953	0.922807017544	0.886549707602	0.652631578947	0.833918128655	0.787134502924	0.861988304094	0.818713450292	0.755555555556	0.852631578947	0.771929824561	0.866666666667	0.540350877193	0.505263157895	0.333333333333	0.736842105263	0.723976608187	0.0	0.630409356725	0.273684210526	0.978947368421	0.976608187135	0.970760233918	0.974269005848	0.973099415205	0.967251461988	0.977777777778	0.977777777778	0.981286549708	0.977777777778	0.983625730994	0.970760233918	0.980116959064	0.976608187135	0.977777777778	0.983625730994	0.973099415205	0.973099415205	0.976608187135	0.977777777778	0.975438596491	0.978947368421	0.977777777778	0.73918128655	0.736842105263	0.755555555556	0.74269005848	0.782456140351	0.854970760234	0.73567251462	0.73567251462
DG4	0.693567251462	0.649122807018	0.701754385965	0.702923976608	0.743859649123	0.650292397661	0.612865497076	0.653801169591	0.663157894737	0.795321637427	0.722807017544	0.770760233918	0.776608187135	0.817543859649	0.805847953216	0.741520467836	0.684210526316	0.769590643275	0.757894736842	0.785964912281	0.745029239766	0.789473684211	0.761403508772	0.721637426901	0.780116959064	0.761403508772	0.608187134503	0.623391812865	0.583625730994	0.630409356725	0.0	0.619883040936	0.940350877193	0.941520467836	0.913450292398	0.93567251462	0.911111111111	0.895906432749	0.941520467836	0.921637426901	0.962573099415	0.926315789474	0.921637426901	0.909941520468	0.969590643275	0.920467836257	0.899415204678	0.94269005848	0.87485380117	0.897076023392	0.912280701754	0.878362573099	0.866666666667	0.872514619883	0.86081871345	0.637426900585	0.701754385965	0.654970760234	0.643274853801	0.692397660819	0.812865497076	0.617543859649	0.630409356725
DH4	0.714619883041	0.659649122807	0.748538011696	0.740350877193	0.764912280702	0.697076023392	0.650292397661	0.681871345029	0.716959064327	0.881871345029	0.861988304094	0.831578947368	0.863157894737	0.914619883041	0.879532163743	0.649122807018	0.835087719298	0.787134502924	0.856140350877	0.819883040936	0.754385964912	0.844444444444	0.780116959064	0.86783625731	0.54269005848	0.52865497076	0.322807017544	0.733333333333	0.722807017544	0.273684210526	0.619883040936	0.0	0.969590643275	0.963742690058	0.961403508772	0.970760233918	0.967251461988	0.961403508772	0.969590643275	0.971929824561	0.982456140351	0.969590643275	0.978947368421	0.967251461988	0.980116959064	0.970760233918	0.967251461988	0.980116959064	0.971929824561	0.969590643275	0.973099415205	0.974269005848	0.966081871345	0.973099415205	0.974269005848	0.711111111111	0.719298245614	0.745029239766	0.73567251462	0.769590643275	0.847953216374	0.715789473684	0.711111111111
DA6	0.915789473684	0.913450292398	0.886549707602	0.904093567251	0.923976608187	0.891228070175	0.904093567251	0.916959064327	0.914619883041	0.914619883041	0.911111111111	0.904093567251	0.913450292398	0.919298245614	0.93918128655	0.927485380117	0.894736842105	0.900584795322	0.756725146199	0.821052631579	0.836257309942	0.773099415205	0.837426900585	0.86432748538	0.945029239766	0.947368421053	0.974269005848	0.957894736842	0.93216374269	0.978947368421	0.940350877193	0.969590643275	0.0	0.322807017544	0.340350877193	0.334502923977	0.362573099415	0.357894736842	0.313450292398	0.360233918129	0.86783625731	0.890058479532	0.887719298246	0.892397660819	0.92514619883	0.901754385965	0.858479532164	0.869005847953	0.952046783626	0.930994152047	0.956725146199	0.943859649123	0.93567251462	0.93216374269	0.974269005848	0.891228070175	0.853801169591	0.887719298246	0.891228070175	0.879532163743	0.847953216374	0.863157894737	0.856140350877
DB6	0.894736842105	0.885380116959	0.869005847953	0.894736842105	0.900584795322	0.881871345029	0.892397660819	0.893567251462	0.908771929825	0.893567251462	0.904093567251	0.894736842105	0.905263157895	0.909941520468	0.915789473684	0.914619883041	0.893567251462	0.881871345029	0.743859649123	0.789473684211	0.817543859649	0.756725146199	0.808187134503	0.854970760234	0.940350877193	0.936842105263	0.963742690058	0.946198830409	0.93567251462	0.976608187135	0.941520467836	0.963742690058	0.322807017544	0.0	0.34269005848	0.363742690058	0.357894736842	0.348538011696	0.32514619883	0.371929824561	0.897076023392	0.892397660819	0.891228070175	0.895906432749	0.918128654971	0.893567251462	0.870175438596	0.892397660819	0.945029239766	0.923976608187	0.953216374269	0.938011695906	0.940350877193	0.927485380117	0.968421052632	0.870175438596	0.846783625731	0.879532163743	0.885380116959	0.86081871345	0.851461988304	0.856140350877	0.842105263158
DC6	0.913450292398	0.908771929825	0.897076023392	0.906432748538	0.921637426901	0.892397660819	0.901754385965	0.900584795322	0.914619883041	0.895906432749	0.905263157895	0.890058479532	0.892397660819	0.901754385965	0.909941520468	0.926315789474	0.879532163743	0.914619883041	0.748538011696	0.838596491228	0.856140350877	0.768421052632	0.844444444444	0.86081871345	0.926315789474	0.930994152047	0.960233918129	0.92514619883	0.913450292398	0.970760233918	0.913450292398	0.961403508772	0.340350877193	0.34269005848	0.0	0.382456140351	0.361403508772	0.333333333333	0.348538011696	0.359064327485	0.888888888889	0.899415204678	0.895906432749	0.902923976608	0.93216374269	0.886549707602	0.86081871345	0.884210526316	0.923976608187	0.904093567251	0.947368421053	0.915789473684	0.918128654971	0.913450292398	0.948538011696	0.913450292398	0.881871345029	0.891228070175	0.890058479532	0.870175438596	0.87485380117	0.895906432749	0.858479532164
DD6	0.912280701754	0.916959064327	0.898245614035	0.916959064327	0.934502923977	0.909941520468	0.915789473684	0.921637426901	0.926315789474	0.943859649123	0.933333333333	0.92865497076	0.934502923977	0.93567251462	0.952046783626	0.933333333333	0.899415204678	0.905263157895	0.766081871345	0.838596491228	0.845614035088	0.769590643275	0.853801169591	0.86783625731	0.947368421053	0.953216374269	0.971929824561	0.93918128655	0.93216374269	0.974269005848	0.93567251462	0.970760233918	0.334502923977	0.363742690058	0.382456140351	0.0	0.362573099415	0.368421052632	0.308771929825	0.381286549708	0.920467836257	0.920467836257	0.918128654971	0.911111111111	0.92865497076	0.913450292398	0.908771929825	0.921637426901	0.94269005848	0.926315789474	0.956725146199	0.938011695906	0.943859649123	0.93567251462	0.975438596491	0.877192982456	0.876023391813	0.891228070175	0.891228070175	0.879532163743	0.879532163743	0.865497076023	0.895906432749
DE6	0.919298245614	0.914619883041	0.897076023392	0.919298245614	0.933333333333	0.901754385965	0.908771929825	0.915789473684	0.898245614035	0.921637426901	0.913450292398	0.904093567251	0.904093567251	0.909941520468	0.93567251462	0.92514619883	0.872514619883	0.893567251462	0.729824561404	0.831578947368	0.833918128655	0.745029239766	0.845614035088	0.840935672515	0.940350877193	0.941520467836	0.963742690058	0.929824561404	0.915789473684	0.973099415205	0.911111111111	0.967251461988	0.362573099415	0.357894736842	0.361403508772	0.362573099415	0.0	0.34269005848	0.355555555556	0.364912280702	0.908771929825	0.897076023392	0.892397660819	0.895906432749	0.926315789474	0.876023391813	0.869005847953	0.890058479532	0.938011695906	0.914619883041	0.952046783626	0.926315789474	0.923976608187	0.914619883041	0.960233918129	0.900584795322	0.898245614035	0.885380116959	0.885380116959	0.86783625731	0.873684210526	0.870175438596	0.861988304094
DF6	0.93216374269	0.927485380117	0.909941520468	0.918128654971	0.93918128655	0.904093567251	0.923976608187	0.915789473684	0.884210526316	0.885380116959	0.877192982456	0.87134502924	0.866666666667	0.87485380117	0.894736842105	0.926315789474	0.842105263158	0.905263157895	0.719298245614	0.846783625731	0.859649122807	0.750877192982	0.850292397661	0.829239766082	0.898245614035	0.914619883041	0.952046783626	0.901754385965	0.892397660819	0.967251461988	0.895906432749	0.961403508772	0.357894736842	0.348538011696	0.333333333333	0.368421052632	0.34269005848	0.0	0.363742690058	0.356725146199	0.923976608187	0.912280701754	0.913450292398	0.908771929825	0.936842105263	0.897076023392	0.884210526316	0.911111111111	0.918128654971	0.909941520468	0.946198830409	0.914619883041	0.929824561404	0.894736842105	0.919298245614	0.900584795322	0.897076023392	0.858479532164	0.847953216374	0.839766081871	0.885380116959	0.883040935673	0.852631578947
DG6	0.911111111111	0.900584795322	0.893567251462	0.905263157895	0.916959064327	0.899415204678	0.905263157895	0.915789473684	0.938011695906	0.92865497076	0.938011695906	0.93216374269	0.938011695906	0.94269005848	0.948538011696	0.93567251462	0.905263157895	0.913450292398	0.768421052632	0.833918128655	0.840935672515	0.775438596491	0.851461988304	0.86432748538	0.957894736842	0.959064327485	0.968421052632	0.93918128655	0.929824561404	0.977777777778	0.941520467836	0.969590643275	0.313450292398	0.32514619883	0.348538011696	0.308771929825	0.355555555556	0.363742690058	0.0	0.359064327485	0.899415204678	0.918128654971	0.904093567251	0.919298245614	0.93567251462	0.906432748538	0.890058479532	0.900584795322	0.946198830409	0.92514619883	0.947368421053	0.94269005848	0.943859649123	0.933333333333	0.975438596491	0.914619883041	0.895906432749	0.921637426901	0.921637426901	0.905263157895	0.893567251462	0.899415204678	0.895906432749
DH6	0.92514619883	0.92514619883	0.905263157895	0.920467836257	0.933333333333	0.901754385965	0.922807017544	0.914619883041	0.911111111111	0.912280701754	0.909941520468	0.895906432749	0.901754385965	0.909941520468	0.913450292398	0.923976608187	0.885380116959	0.908771929825	0.750877192982	0.844444444444	0.856140350877	0.777777777778	0.854970760234	0.850292397661	0.934502923977	0.93918128655	0.961403508772	0.930994152047	0.921637426901	0.977777777778	0.921637426901	0.971929824561	0.360233918129	0.371929824561	0.359064327485	0.381286549708	0.364912280702	0.356725146199	0.359064327485	0.0	0.923976608187	0.918128654971	0.911111111111	0.916959064327	0.936842105263	0.898245614035	0.879532163743	0.911111111111	0.891228070175	0.878362573099	0.938011695906	0.916959064327	0.930994152047	0.853801169591	0.877192982456	0.907602339181	0.912280701754	0.901754385965	0.894736842105	0.885380116959	0.897076023392	0.893567251462	0.880701754386
DA7	0.946198830409	0.950877192982	0.929824561404	0.949707602339	0.955555555556	0.94269005848	0.949707602339	0.949707602339	0.916959064327	0.984795321637	0.953216374269	0.963742690058	0.980116959064	0.964912280702	0.980116959064	0.950877192982	0.953216374269	0.804678362573	0.921637426901	0.825730994152	0.778947368421	0.936842105263	0.833918128655	0.947368421053	0.954385964912	0.952046783626	0.978947368421	0.956725146199	0.950877192982	0.981286549708	0.962573099415	0.982456140351	0.86783625731	0.897076023392	0.888888888889	0.920467836257	0.908771929825	0.923976608187	0.899415204678	0.923976608187	0.0	0.437426900585	0.486549707602	0.487719298246	0.659649122807	0.408187134503	0.476023391813	0.382456140351	0.970760233918	0.955555555556	0.968421052632	0.968421052632	0.970760233918	0.957894736842	0.990643274854	0.85730994152	0.801169590643	0.943859649123	0.946198830409	0.921637426901	0.756725146199	0.893567251462	0.853801169591
DB7	0.952046783626	0.955555555556	0.92514619883	0.948538011696	0.961403508772	0.93918128655	0.945029239766	0.952046783626	0.908771929825	0.962573099415	0.941520467836	0.945029239766	0.963742690058	0.953216374269	0.971929824561	0.94269005848	0.947368421053	0.810526315789	0.920467836257	0.872514619883	0.877192982456	0.929824561404	0.859649122807	0.948538011696	0.936842105263	0.930994152047	0.963742690058	0.945029239766	0.93567251462	0.977777777778	0.926315789474	0.969590643275	0.890058479532	0.892397660819	0.899415204678	0.920467836257	0.897076023392	0.912280701754	0.918128654971	0.918128654971	0.437426900585	0.0	0.369590643275	0.449122807018	0.632748538012	0.389473684211	0.442105263158	0.359064327485	0.950877192982	0.946198830409	0.961403508772	0.943859649123	0.94269005848	0.949707602339	0.974269005848	0.80701754386	0.853801169591	0.920467836257	0.927485380117	0.909941520468	0.764912280702	0.870175438596	0.859649122807
