	DA5	DB5	DC5	DD5	DE5	DF5	DG5	DH5	DA2	DB2	DC2	DD2	DE2	DF2	DG2	DH2	DA1	DB1	DC1	DD1	DE1	DF1	DG1	DH1	DA4	DB4	DC4	DD4	DE4	DF4	DG4	DH4	DA6	DB6	DC6	DD6	DE6	DF6	DG6	DH6	DA7	DB7	DC7	DD7	DE7	DF7	DG7	DH7	DA8	DB8	DC8	DD8	DF8	DG8	DH8	DA3	DB3	DC3	DD3	DE3	DF3	DG3	DH3
DA5	0.0	0.368421052632	0.454970760234	0.366081871345	0.414035087719	0.447953216374	0.450292397661	0.373099415205	0.518128654971	0.60350877193	0.59649122807	0.72865497076	0.789473684211	0.847953216374	0.612865497076	0.546198830409	0.791812865497	0.764912280702	0.780116959064	0.618713450292	0.626900584795	0.67485380117	0.718128654971	0.785964912281	0.846783625731	0.829239766082	0.704093567251	0.73567251462	0.702923976608	0.708771929825	0.673684210526	0.709941520468	0.921637426901	0.880701754386	0.912280701754	0.933333333333	0.909941520468	0.92514619883	0.901754385965	0.923976608187	0.945029239766	0.959064327485	0.945029239766	0.93216374269	0.946198830409	0.936842105263	0.936842105263	0.952046783626	0.975438596491	0.968421052632	0.975438596491	0.968421052632	0.978947368421	0.968421052632	0.976608187135	0.700584795322	0.568421052632	0.693567251462	0.706432748538	0.635087719298	0.598830409357	0.669005847953	0.628070175439
DB5	0.368421052632	0.0	0.449122807018	0.380116959064	0.440935672515	0.40350877193	0.397660818713	0.40350877193	0.507602339181	0.632748538012	0.642105263158	0.708771929825	0.79298245614	0.856140350877	0.652631578947	0.53567251462	0.797660818713	0.767251461988	0.790643274854	0.618713450292	0.623391812865	0.683040935673	0.718128654971	0.79298245614	0.839766081871	0.824561403509	0.67134502924	0.734502923977	0.695906432749	0.659649122807	0.632748538012	0.661988304094	0.904093567251	0.880701754386	0.914619883041	0.927485380117	0.915789473684	0.927485380117	0.906432748538	0.921637426901	0.961403508772	0.969590643275	0.953216374269	0.93567251462	0.956725146199	0.953216374269	0.953216374269	0.968421052632	0.977777777778	0.978947368421	0.980116959064	0.973099415205	0.980116959064	0.971929824561	0.978947368421	0.688888888889	0.548538011696	0.678362573099	0.686549707602	0.639766081871	0.616374269006	0.650292397661	0.619883040936
DC5	0.454970760234	0.449122807018	0.0	0.443274853801	0.511111111111	0.401169590643	0.458479532164	0.478362573099	0.554385964912	0.688888888889	0.659649122807	0.733333333333	0.794152046784	0.826900584795	0.702923976608	0.628070175439	0.74269005848	0.8	0.743859649123	0.626900584795	0.637426900585	0.631578947368	0.750877192982	0.736842105263	0.878362573099	0.865497076023	0.747368421053	0.733333333333	0.694736842105	0.754385964912	0.692397660819	0.754385964912	0.890058479532	0.86432748538	0.892397660819	0.912280701754	0.891228070175	0.902923976608	0.888888888889	0.901754385965	0.93918128655	0.93567251462	0.919298245614	0.863157894737	0.899415204678	0.915789473684	0.909941520468	0.934502923977	0.956725146199	0.956725146199	0.974269005848	0.948538011696	0.953216374269	0.952046783626	0.960233918129	0.679532163743	0.577777777778	0.670175438596	0.683040935673	0.615204678363	0.643274853801	0.646783625731	0.616374269006
DD5	0.366081871345	0.380116959064	0.443274853801	0.0	0.363742690058	0.429239766082	0.456140350877	0.389473684211	0.512280701754	0.543859649123	0.587134502924	0.73567251462	0.805847953216	0.844444444444	0.616374269006	0.550877192982	0.776608187135	0.79649122807	0.776608187135	0.650292397661	0.649122807018	0.666666666667	0.754385964912	0.769590643275	0.86783625731	0.858479532164	0.73216374269	0.736842105263	0.702923976608	0.73918128655	0.693567251462	0.74269005848	0.907602339181	0.892397660819	0.912280701754	0.927485380117	0.913450292398	0.918128654971	0.897076023392	0.919298245614	0.961403508772	0.961403508772	0.94269005848	0.933333333333	0.960233918129	0.941520467836	0.938011695906	0.955555555556	0.969590643275	0.971929824561	0.978947368421	0.966081871345	0.964912280702	0.963742690058	0.974269005848	0.713450292398	0.587134502924	0.706432748538	0.712280701754	0.631578947368	0.608187134503	0.67485380117	0.649122807018
DE5	0.414035087719	0.440935672515	0.511111111111	0.363742690058	0.0	0.504093567251	0.508771929825	0.421052631579	0.515789473684	0.541520467836	0.595321637427	0.743859649123	0.798830409357	0.845614035088	0.618713450292	0.53918128655	0.787134502924	0.789473684211	0.778947368421	0.647953216374	0.647953216374	0.681871345029	0.741520467836	0.774269005848	0.866666666667	0.858479532164	0.780116959064	0.750877192982	0.766081871345	0.784795321637	0.750877192982	0.787134502924	0.920467836257	0.895906432749	0.916959064327	0.936842105263	0.920467836257	0.922807017544	0.906432748538	0.93216374269	0.954385964912	0.964912280702	0.943859649123	0.93918128655	0.956725146199	0.946198830409	0.943859649123	0.961403508772	0.974269005848	0.967251461988	0.980116959064	0.971929824561	0.975438596491	0.962573099415	0.971929824561	0.768421052632	0.638596491228	0.764912280702	0.768421052632	0.698245614035	0.611695906433	0.741520467836	0.694736842105
DF5	0.447953216374	0.40350877193	0.401169590643	0.429239766082	0.504093567251	0.0	0.395321637427	0.46783625731	0.563742690058	0.678362573099	0.658479532164	0.745029239766	0.808187134503	0.828070175439	0.698245614035	0.623391812865	0.755555555556	0.801169590643	0.767251461988	0.630409356725	0.636257309942	0.656140350877	0.753216374269	0.754385964912	0.873684210526	0.865497076023	0.723976608187	0.733333333333	0.691228070175	0.711111111111	0.647953216374	0.707602339181	0.901754385965	0.876023391813	0.894736842105	0.918128654971	0.895906432749	0.902923976608	0.888888888889	0.906432748538	0.950877192982	0.953216374269	0.934502923977	0.902923976608	0.926315789474	0.927485380117	0.927485380117	0.947368421053	0.963742690058	0.956725146199	0.974269005848	0.960233918129	0.963742690058	0.957894736842	0.959064327485	0.638596491228	0.53567251462	0.637426900585	0.646783625731	0.608187134503	0.646783625731	0.615204678363	0.569590643275
DG5	0.450292397661	0.397660818713	0.458479532164	0.456140350877	0.508771929825	0.395321637427	0.0	0.452631578947	0.559064327485	0.684210526316	0.683040935673	0.733333333333	0.791812865497	0.846783625731	0.690058479532	0.602339181287	0.770760233918	0.787134502924	0.754385964912	0.631578947368	0.639766081871	0.66432748538	0.741520467836	0.768421052632	0.854970760234	0.845614035088	0.693567251462	0.73216374269	0.688888888889	0.679532163743	0.595321637427	0.670175438596	0.926315789474	0.893567251462	0.915789473684	0.933333333333	0.918128654971	0.922807017544	0.909941520468	0.927485380117	0.963742690058	0.968421052632	0.949707602339	0.92514619883	0.947368421053	0.949707602339	0.948538011696	0.967251461988	0.974269005848	0.967251461988	0.984795321637	0.975438596491	0.971929824561	0.963742690058	0.967251461988	0.632748538012	0.536842105263	0.66081871345	0.677192982456	0.642105263158	0.670175438596	0.595321637427	0.6
DH5	0.373099415205	0.40350877193	0.478362573099	0.389473684211	0.421052631579	0.46783625731	0.452631578947	0.0	0.512280701754	0.584795321637	0.575438596491	0.702923976608	0.759064327485	0.809356725146	0.589473684211	0.543859649123	0.761403508772	0.777777777778	0.754385964912	0.637426900585	0.639766081871	0.658479532164	0.729824561404	0.756725146199	0.835087719298	0.823391812865	0.714619883041	0.708771929825	0.685380116959	0.727485380117	0.676023391813	0.73216374269	0.920467836257	0.880701754386	0.891228070175	0.927485380117	0.905263157895	0.905263157895	0.900584795322	0.906432748538	0.956725146199	0.955555555556	0.948538011696	0.933333333333	0.961403508772	0.943859649123	0.926315789474	0.953216374269	0.953216374269	0.961403508772	0.977777777778	0.946198830409	0.969590643275	0.947368421053	0.956725146199	0.706432748538	0.587134502924	0.690058479532	0.694736842105	0.621052631579	0.601169590643	0.688888888889	0.628070175439
DA2	0.518128654971	0.507602339181	0.554385964912	0.512280701754	0.515789473684	0.563742690058	0.559064327485	0.512280701754	0.0	0.6	0.576608187135	0.663157894737	0.73567251462	0.778947368421	0.595321637427	0.449122807018	0.713450292398	0.734502923977	0.72865497076	0.59649122807	0.629239766082	0.658479532164	0.687719298246	0.741520467836	0.790643274854	0.776608187135	0.719298245614	0.688888888889	0.691228070175	0.743859649123	0.67485380117	0.734502923977	0.92514619883	0.900584795322	0.904093567251	0.919298245614	0.904093567251	0.886549707602	0.92514619883	0.909941520468	0.921637426901	0.914619883041	0.902923976608	0.904093567251	0.938011695906	0.887719298246	0.900584795322	0.916959064327	0.92865497076	0.941520467836	0.962573099415	0.922807017544	0.940350877193	0.908771929825	0.911111111111	0.734502923977	0.617543859649	0.692397660819	0.700584795322	0.633918128655	0.583625730994	0.706432748538	0.630409356725
DB2	0.60350877193	0.632748538012	0.688888888889	0.543859649123	0.541520467836	0.678362573099	0.684210526316	0.584795321637	0.6	0.0	0.53216374269	0.637426900585	0.697076023392	0.714619883041	0.481871345029	0.628070175439	0.763742690058	0.828070175439	0.769590643275	0.730994152047	0.782456140351	0.72514619883	0.764912280702	0.748538011696	0.845614035088	0.835087719298	0.884210526316	0.785964912281	0.80701754386	0.911111111111	0.811695906433	0.901754385965	0.916959064327	0.904093567251	0.897076023392	0.947368421053	0.923976608187	0.877192982456	0.908771929825	0.911111111111	0.988304093567	0.971929824561	0.956725146199	0.962573099415	0.988304093567	0.955555555556	0.947368421053	0.980116959064	0.914619883041	0.94269005848	0.952046783626	0.921637426901	0.936842105263	0.880701754386	0.87485380117	0.850292397661	0.736842105263	0.769590643275	0.774269005848	0.704093567251	0.680701754386	0.835087719298	0.723976608187
DC2	0.59649122807	0.642105263158	0.659649122807	0.587134502924	0.595321637427	0.658479532164	0.683040935673	0.575438596491	0.576608187135	0.53216374269	0.0	0.60350877193	0.652631578947	0.623391812865	0.484210526316	0.608187134503	0.625730994152	0.762573099415	0.734502923977	0.715789473684	0.790643274854	0.698245614035	0.748538011696	0.649122807018	0.836257309942	0.828070175439	0.865497076023	0.72865497076	0.747368421053	0.891228070175	0.73918128655	0.885380116959	0.92514619883	0.899415204678	0.893567251462	0.940350877193	0.916959064327	0.883040935673	0.920467836257	0.913450292398	0.961403508772	0.954385964912	0.923976608187	0.920467836257	0.961403508772	0.923976608187	0.930994152047	0.956725146199	0.863157894737	0.887719298246	0.919298245614	0.878362573099	0.886549707602	0.837426900585	0.784795321637	0.809356725146	0.699415204678	0.673684210526	0.684210526316	0.623391812865	0.644444444444	0.794152046784	0.67134502924
DD2	0.72865497076	0.708771929825	0.733333333333	0.73567251462	0.743859649123	0.745029239766	0.733333333333	0.702923976608	0.663157894737	0.637426900585	0.60350877193	0.0	0.505263157895	0.581286549708	0.576608187135	0.686549707602	0.684210526316	0.738011695906	0.713450292398	0.700584795322	0.748538011696	0.700584795322	0.672514619883	0.673684210526	0.743859649123	0.752046783626	0.805847953216	0.749707602339	0.763742690058	0.836257309942	0.780116959064	0.831578947368	0.885380116959	0.880701754386	0.87485380117	0.936842105263	0.906432748538	0.872514619883	0.900584795322	0.898245614035	0.966081871345	0.949707602339	0.923976608187	0.933333333333	0.966081871345	0.933333333333	0.923976608187	0.957894736842	0.912280701754	0.93216374269	0.962573099415	0.916959064327	0.923976608187	0.883040935673	0.808187134503	0.853801169591	0.824561403509	0.66432748538	0.679532163743	0.659649122807	0.797660818713	0.831578947368	0.715789473684
DE2	0.789473684211	0.79298245614	0.794152046784	0.805847953216	0.798830409357	0.808187134503	0.791812865497	0.759064327485	0.73567251462	0.697076023392	0.652631578947	0.505263157895	0.0	0.556725146199	0.615204678363	0.785964912281	0.712280701754	0.810526315789	0.736842105263	0.764912280702	0.812865497076	0.720467836257	0.774269005848	0.707602339181	0.838596491228	0.833918128655	0.887719298246	0.783625730994	0.80701754386	0.911111111111	0.824561403509	0.907602339181	0.93567251462	0.904093567251	0.888888888889	0.94269005848	0.918128654971	0.869005847953	0.921637426901	0.912280701754	0.975438596491	0.955555555556	0.94269005848	0.947368421053	0.970760233918	0.94269005848	0.938011695906	0.968421052632	0.907602339181	0.94269005848	0.967251461988	0.916959064327	0.943859649123	0.880701754386	0.809356725146	0.87134502924	0.847953216374	0.676023391813	0.666666666667	0.670175438596	0.825730994152	0.86081871345	0.73567251462
DF2	0.847953216374	0.856140350877	0.826900584795	0.844444444444	0.845614035088	0.828070175439	0.846783625731	0.809356725146	0.778947368421	0.714619883041	0.623391812865	0.581286549708	0.556725146199	0.0	0.654970760234	0.818713450292	0.699415204678	0.846783625731	0.767251461988	0.831578947368	0.86432748538	0.781286549708	0.808187134503	0.702923976608	0.866666666667	0.86081871345	0.916959064327	0.791812865497	0.809356725146	0.947368421053	0.840935672515	0.938011695906	0.94269005848	0.908771929825	0.891228070175	0.948538011696	0.927485380117	0.878362573099	0.927485380117	0.915789473684	0.976608187135	0.962573099415	0.950877192982	0.947368421053	0.978947368421	0.947368421053	0.93567251462	0.968421052632	0.892397660819	0.920467836257	0.945029239766	0.899415204678	0.926315789474	0.858479532164	0.789473684211	0.858479532164	0.853801169591	0.661988304094	0.653801169591	0.685380116959	0.830409356725	0.850292397661	0.747368421053
DG2	0.612865497076	0.652631578947	0.702923976608	0.616374269006	0.618713450292	0.698245614035	0.690058479532	0.589473684211	0.595321637427	0.481871345029	0.484210526316	0.576608187135	0.615204678363	0.654970760234	0.0	0.628070175439	0.714619883041	0.815204678363	0.733333333333	0.73918128655	0.79649122807	0.723976608187	0.778947368421	0.692397660819	0.836257309942	0.826900584795	0.873684210526	0.768421052632	0.788304093567	0.900584795322	0.794152046784	0.891228070175	0.948538011696	0.915789473684	0.902923976608	0.963742690058	0.93567251462	0.892397660819	0.934502923977	0.927485380117	0.984795321637	0.981286549708	0.964912280702	0.967251461988	0.988304093567	0.959064327485	0.947368421053	0.988304093567	0.913450292398	0.936842105263	0.961403508772	0.920467836257	0.949707602339	0.881871345029	0.822222222222	0.86081871345	0.750877192982	0.704093567251	0.715789473684	0.654970760234	0.691228070175	0.844444444444	0.708771929825
DH2	0.546198830409	0.53567251462	0.628070175439	0.550877192982	0.53918128655	0.623391812865	0.602339181287	0.543859649123	0.449122807018	0.628070175439	0.608187134503	0.686549707602	0.785964912281	0.818713450292	0.628070175439	0.0	0.781286549708	0.697076023392	0.798830409357	0.645614035088	0.690058479532	0.707602339181	0.665497076023	0.791812865497	0.712280701754	0.701754385965	0.663157894737	0.763742690058	0.780116959064	0.672514619883	0.73918128655	0.676023391813	0.936842105263	0.912280701754	0.926315789474	0.92514619883	0.920467836257	0.927485380117	0.926315789474	0.927485380117	0.955555555556	0.946198830409	0.945029239766	0.93918128655	0.961403508772	0.930994152047	0.92514619883	0.950877192982	0.949707602339	0.947368421053	0.960233918129	0.945029239766	0.953216374269	0.943859649123	0.949707602339	0.794152046784	0.670175438596	0.791812865497	0.797660818713	0.722807017544	0.625730994152	0.761403508772	0.723976608187
DA1	0.791812865497	0.797660818713	0.74269005848	0.776608187135	0.787134502924	0.755555555556	0.770760233918	0.761403508772	0.713450292398	0.763742690058	0.625730994152	0.684210526316	0.712280701754	0.699415204678	0.714619883041	0.781286549708	0.0	0.623391812865	0.637426900585	0.716959064327	0.733333333333	0.663157894737	0.738011695906	0.549707602339	0.837426900585	0.821052631579	0.831578947368	0.684210526316	0.679532163743	0.850292397661	0.683040935673	0.845614035088	0.915789473684	0.912280701754	0.883040935673	0.919298245614	0.898245614035	0.86432748538	0.900584795322	0.900584795322	0.967251461988	0.957894736842	0.927485380117	0.906432748538	0.943859649123	0.92865497076	0.927485380117	0.955555555556	0.759064327485	0.777777777778	0.812865497076	0.771929824561	0.769590643275	0.729824561404	0.677192982456	0.805847953216	0.836257309942	0.693567251462	0.685380116959	0.700584795322	0.823391812865	0.829239766082	0.753216374269
DB1	0.764912280702	0.767251461988	0.8	0.79649122807	0.789473684211	0.801169590643	0.787134502924	0.777777777778	0.734502923977	0.828070175439	0.762573099415	0.738011695906	0.810526315789	0.846783625731	0.815204678363	0.697076023392	0.623391812865	0.0	0.716959064327	0.636257309942	0.681871345029	0.702923976608	0.53918128655	0.672514619883	0.734502923977	0.713450292398	0.768421052632	0.770760233918	0.778947368421	0.778947368421	0.741520467836	0.788304093567	0.911111111111	0.876023391813	0.895906432749	0.905263157895	0.892397660819	0.893567251462	0.898245614035	0.906432748538	0.822222222222	0.819883040936	0.808187134503	0.828070175439	0.843274853801	0.8	0.804678362573	0.818713450292	0.721637426901	0.712280701754	0.747368421053	0.720467836257	0.73216374269	0.711111111111	0.727485380117	0.821052631579	0.835087719298	0.842105263158	0.85730994152	0.85730994152	0.798830409357	0.853801169591	0.830409356725
DC1	0.780116959064	0.790643274854	0.743859649123	0.776608187135	0.778947368421	0.767251461988	0.754385964912	0.754385964912	0.72865497076	0.769590643275	0.734502923977	0.713450292398	0.736842105263	0.767251461988	0.733333333333	0.798830409357	0.637426900585	0.716959064327	0.0	0.569590643275	0.628070175439	0.440935672515	0.616374269006	0.495906432749	0.817543859649	0.815204678363	0.870175438596	0.756725146199	0.745029239766	0.886549707602	0.769590643275	0.890058479532	0.781286549708	0.753216374269	0.756725146199	0.769590643275	0.747368421053	0.730994152047	0.771929824561	0.759064327485	0.929824561404	0.92865497076	0.894736842105	0.886549707602	0.913450292398	0.897076023392	0.898245614035	0.920467836257	0.916959064327	0.926315789474	0.967251461988	0.933333333333	0.93216374269	0.883040935673	0.863157894737	0.808187134503	0.828070175439	0.754385964912	0.753216374269	0.747368421053	0.818713450292	0.801169590643	0.755555555556
DD1	0.618713450292	0.618713450292	0.626900584795	0.650292397661	0.647953216374	0.630409356725	0.631578947368	0.637426900585	0.59649122807	0.730994152047	0.715789473684	0.700584795322	0.764912280702	0.831578947368	0.73918128655	0.645614035088	0.716959064327	0.636257309942	0.569590643275	0.0	0.410526315789	0.46432748538	0.456140350877	0.564912280702	0.805847953216	0.785964912281	0.797660818713	0.778947368421	0.789473684211	0.802339181287	0.767251461988	0.810526315789	0.835087719298	0.797660818713	0.829239766082	0.840935672515	0.810526315789	0.829239766082	0.815204678363	0.835087719298	0.853801169591	0.87485380117	0.890058479532	0.890058479532	0.897076023392	0.839766081871	0.887719298246	0.863157894737	0.955555555556	0.945029239766	0.974269005848	0.948538011696	0.960233918129	0.940350877193	0.959064327485	0.794152046784	0.720467836257	0.788304093567	0.809356725146	0.733333333333	0.692397660819	0.775438596491	0.715789473684
DE1	0.626900584795	0.623391812865	0.637426900585	0.649122807018	0.647953216374	0.636257309942	0.639766081871	0.639766081871	0.629239766082	0.782456140351	0.790643274854	0.748538011696	0.812865497076	0.86432748538	0.79649122807	0.690058479532	0.733333333333	0.681871345029	0.628070175439	0.410526315789	0.0	0.536842105263	0.506432748538	0.638596491228	0.851461988304	0.838596491228	0.776608187135	0.774269005848	0.784795321637	0.774269005848	0.762573099415	0.780116959064	0.865497076023	0.842105263158	0.878362573099	0.873684210526	0.86432748538	0.878362573099	0.861988304094	0.880701754386	0.785964912281	0.892397660819	0.914619883041	0.904093567251	0.906432748538	0.843274853801	0.920467836257	0.873684210526	0.981286549708	0.967251461988	0.990643274854	0.977777777778	0.980116959064	0.956725146199	0.987134502924	0.781286549708	0.738011695906	0.780116959064	0.790643274854	0.746198830409	0.716959064327	0.753216374269	0.733333333333
DF1	0.67485380117	0.683040935673	0.631578947368	0.666666666667	0.681871345029	0.656140350877	0.66432748538	0.658479532164	0.658479532164	0.72514619883	0.698245614035	0.700584795322	0.720467836257	0.781286549708	0.723976608187	0.707602339181	0.663157894737	0.702923976608	0.440935672515	0.46432748538	0.536842105263	0.0	0.602339181287	0.458479532164	0.816374269006	0.805847953216	0.843274853801	0.760233918129	0.766081871345	0.854970760234	0.761403508772	0.858479532164	0.788304093567	0.755555555556	0.757894736842	0.767251461988	0.750877192982	0.734502923977	0.769590643275	0.780116959064	0.948538011696	0.947368421053	0.92865497076	0.890058479532	0.914619883041	0.916959064327	0.915789473684	0.934502923977	0.936842105263	0.940350877193	0.975438596491	0.936842105263	0.949707602339	0.902923976608	0.918128654971	0.797660818713	0.754385964912	0.753216374269	0.768421052632	0.713450292398	0.750877192982	0.776608187135	0.712280701754
DG1	0.718128654971	0.718128654971	0.750877192982	0.754385964912	0.741520467836	0.753216374269	0.741520467836	0.729824561404	0.687719298246	0.764912280702	0.748538011696	0.672514619883	0.774269005848	0.808187134503	0.778947368421	0.665497076023	0.738011695906	0.53918128655	0.616374269006	0.456140350877	0.506432748538	0.602339181287	0.0	0.616374269006	0.706432748538	0.701754385965	0.770760233918	0.795321637427	0.801169590643	0.777777777778	0.766081871345	0.778947368421	0.849122807018	0.815204678363	0.838596491228	0.856140350877	0.832748538012	0.844444444444	0.832748538012	0.849122807018	0.825730994152	0.86081871345	0.87134502924	0.898245614035	0.918128654971	0.812865497076	0.880701754386	0.847953216374	0.906432748538	0.894736842105	0.929824561404	0.908771929825	0.912280701754	0.887719298246	0.906432748538	0.826900584795	0.801169590643	0.840935672515	0.856140350877	0.825730994152	0.777777777778	0.828070175439	0.802339181287
DH1	0.785964912281	0.79298245614	0.736842105263	0.769590643275	0.774269005848	0.754385964912	0.768421052632	0.756725146199	0.741520467836	0.748538011696	0.649122807018	0.673684210526	0.707602339181	0.702923976608	0.692397660819	0.791812865497	0.549707602339	0.672514619883	0.495906432749	0.564912280702	0.638596491228	0.458479532164	0.616374269006	0.0	0.818713450292	0.80701754386	0.863157894737	0.727485380117	0.738011695906	0.888888888889	0.749707602339	0.881871345029	0.839766081871	0.822222222222	0.808187134503	0.839766081871	0.814035087719	0.791812865497	0.826900584795	0.816374269006	0.954385964912	0.950877192982	0.927485380117	0.885380116959	0.920467836257	0.921637426901	0.913450292398	0.945029239766	0.861988304094	0.876023391813	0.921637426901	0.877192982456	0.888888888889	0.838596491228	0.783625730994	0.825730994152	0.858479532164	0.719298245614	0.733333333333	0.73216374269	0.842105263158	0.845614035088	0.783625730994
DA4	0.846783625731	0.839766081871	0.878362573099	0.86783625731	0.866666666667	0.873684210526	0.854970760234	0.835087719298	0.790643274854	0.845614035088	0.836257309942	0.743859649123	0.838596491228	0.866666666667	0.836257309942	0.712280701754	0.837426900585	0.734502923977	0.817543859649	0.805847953216	0.851461988304	0.816374269006	0.706432748538	0.818713450292	0.0	0.391812865497	0.54269005848	0.734502923977	0.749707602339	0.514619883041	0.790643274854	0.541520467836	0.947368421053	0.948538011696	0.929824561404	0.966081871345	0.945029239766	0.918128654971	0.93918128655	0.945029239766	0.950877192982	0.938011695906	0.920467836257	0.93216374269	0.952046783626	0.922807017544	0.916959064327	0.93918128655	0.938011695906	0.947368421053	0.955555555556	0.940350877193	0.940350877193	0.929824561404	0.92514619883	0.893567251462	0.902923976608	0.86081871345	0.87485380117	0.866666666667	0.895906432749	0.894736842105	0.86783625731
DB4	0.829239766082	0.824561403509	0.865497076023	0.858479532164	0.858479532164	0.865497076023	0.845614035088	0.823391812865	0.776608187135	0.835087719298	0.828070175439	0.752046783626	0.833918128655	0.86081871345	0.826900584795	0.701754385965	0.821052631579	0.713450292398	0.815204678363	0.785964912281	0.838596491228	0.805847953216	0.701754385965	0.80701754386	0.391812865497	0.0	0.53216374269	0.727485380117	0.746198830409	0.509941520468	0.766081871345	0.527485380117	0.953216374269	0.945029239766	0.934502923977	0.964912280702	0.94269005848	0.916959064327	0.947368421053	0.946198830409	0.960233918129	0.946198830409	0.927485380117	0.93918128655	0.953216374269	0.923976608187	0.923976608187	0.946198830409	0.921637426901	0.938011695906	0.954385964912	0.92865497076	0.941520467836	0.912280701754	0.912280701754	0.880701754386	0.895906432749	0.845614035088	0.86081871345	0.856140350877	0.883040935673	0.891228070175	0.853801169591
DC4	0.704093567251	0.67134502924	0.747368421053	0.73216374269	0.780116959064	0.723976608187	0.693567251462	0.714619883041	0.719298245614	0.884210526316	0.865497076023	0.805847953216	0.887719298246	0.916959064327	0.873684210526	0.663157894737	0.831578947368	0.768421052632	0.870175438596	0.797660818713	0.776608187135	0.843274853801	0.770760233918	0.863157894737	0.54269005848	0.53216374269	0.0	0.73567251462	0.700584795322	0.333333333333	0.656140350877	0.343859649123	0.974269005848	0.963742690058	0.957894736842	0.980116959064	0.962573099415	0.959064327485	0.966081871345	0.964912280702	0.984795321637	0.981286549708	0.977777777778	0.971929824561	0.980116959064	0.973099415205	0.960233918129	0.983625730994	0.964912280702	0.966081871345	0.977777777778	0.961403508772	0.975438596491	0.968421052632	0.963742690058	0.759064327485	0.773099415205	0.752046783626	0.755555555556	0.767251461988	0.849122807018	0.774269005848	0.762573099415
DD4	0.73567251462	0.734502923977	0.733333333333	0.736842105263	0.750877192982	0.733333333333	0.73216374269	0.708771929825	0.688888888889	0.785964912281	0.72865497076	0.749707602339	0.783625730994	0.791812865497	0.768421052632	0.763742690058	0.684210526316	0.770760233918	0.756725146199	0.778947368421	0.774269005848	0.760233918129	0.795321637427	0.727485380117	0.734502923977	0.727485380117	0.73567251462	0.0	0.422222222222	0.757894736842	0.616374269006	0.754385964912	0.940350877193	0.927485380117	0.902923976608	0.94269005848	0.920467836257	0.893567251462	0.919298245614	0.921637426901	0.953216374269	0.941520467836	0.916959064327	0.923976608187	0.953216374269	0.916959064327	0.912280701754	0.930994152047	0.894736842105	0.911111111111	0.934502923977	0.898245614035	0.904093567251	0.878362573099	0.856140350877	0.755555555556	0.783625730994	0.692397660819	0.691228070175	0.701754385965	0.80701754386	0.777777777778	0.721637426901
DE4	0.702923976608	0.695906432749	0.694736842105	0.702923976608	0.766081871345	0.691228070175	0.688888888889	0.685380116959	0.691228070175	0.80701754386	0.747368421053	0.763742690058	0.80701754386	0.809356725146	0.788304093567	0.780116959064	0.679532163743	0.778947368421	0.745029239766	0.789473684211	0.784795321637	0.766081871345	0.801169590643	0.738011695906	0.749707602339	0.746198830409	0.700584795322	0.422222222222	0.0	0.713450292398	0.585964912281	0.712280701754	0.950877192982	0.948538011696	0.909941520468	0.945029239766	0.923976608187	0.900584795322	0.922807017544	0.926315789474	0.952046783626	0.941520467836	0.920467836257	0.919298245614	0.956725146199	0.920467836257	0.901754385965	0.938011695906	0.899415204678	0.912280701754	0.934502923977	0.898245614035	0.902923976608	0.887719298246	0.858479532164	0.72514619883	0.748538011696	0.661988304094	0.66783625731	0.673684210526	0.824561403509	0.738011695906	0.692397660819
DF4	0.708771929825	0.659649122807	0.754385964912	0.73918128655	0.784795321637	0.711111111111	0.679532163743	0.727485380117	0.743859649123	0.911111111111	0.891228070175	0.836257309942	0.911111111111	0.947368421053	0.900584795322	0.672514619883	0.850292397661	0.778947368421	0.886549707602	0.802339181287	0.774269005848	0.854970760234	0.777777777778	0.888888888889	0.514619883041	0.509941520468	0.333333333333	0.757894736842	0.713450292398	0.0	0.651461988304	0.284210526316	0.975438596491	0.969590643275	0.968421052632	0.975438596491	0.973099415205	0.970760233918	0.970760233918	0.974269005848	0.978947368421	0.982456140351	0.973099415205	0.973099415205	0.975438596491	0.974269005848	0.970760233918	0.977777777778	0.981286549708	0.980116959064	0.980116959064	0.975438596491	0.981286549708	0.983625730994	0.977777777778	0.746198830409	0.752046783626	0.748538011696	0.756725146199	0.789473684211	0.858479532164	0.754385964912	0.750877192982
DG4	0.673684210526	0.632748538012	0.692397660819	0.693567251462	0.750877192982	0.647953216374	0.595321637427	0.676023391813	0.67485380117	0.811695906433	0.73918128655	0.780116959064	0.824561403509	0.840935672515	0.794152046784	0.73918128655	0.683040935673	0.741520467836	0.769590643275	0.767251461988	0.762573099415	0.761403508772	0.766081871345	0.749707602339	0.790643274854	0.766081871345	0.656140350877	0.616374269006	0.585964912281	0.651461988304	0.0	0.631578947368	0.956725146199	0.938011695906	0.920467836257	0.943859649123	0.915789473684	0.900584795322	0.916959064327	0.926315789474	0.960233918129	0.956725146199	0.945029239766	0.929824561404	0.966081871345	0.934502923977	0.921637426901	0.948538011696	0.873684210526	0.876023391813	0.902923976608	0.87485380117	0.883040935673	0.863157894737	0.844444444444	0.597660818713	0.695906432749	0.647953216374	0.66081871345	0.700584795322	0.823391812865	0.614035087719	0.66783625731
DH4	0.709941520468	0.661988304094	0.754385964912	0.74269005848	0.787134502924	0.707602339181	0.670175438596	0.73216374269	0.734502923977	0.901754385965	0.885380116959	0.831578947368	0.907602339181	0.938011695906	0.891228070175	0.676023391813	0.845614035088	0.788304093567	0.890058479532	0.810526315789	0.780116959064	0.858479532164	0.778947368421	0.881871345029	0.541520467836	0.527485380117	0.343859649123	0.754385964912	0.712280701754	0.284210526316	0.631578947368	0.0	0.975438596491	0.974269005848	0.969590643275	0.976608187135	0.971929824561	0.969590643275	0.973099415205	0.974269005848	0.982456140351	0.980116959064	0.981286549708	0.974269005848	0.978947368421	0.976608187135	0.973099415205	0.981286549708	0.976608187135	0.975438596491	0.975438596491	0.970760233918	0.973099415205	0.977777777778	0.975438596491	0.740350877193	0.73918128655	0.738011695906	0.760233918129	0.791812865497	0.86432748538	0.74269005848	0.745029239766
DA6	0.921637426901	0.904093567251	0.890058479532	0.907602339181	0.920467836257	0.901754385965	0.926315789474	0.920467836257	0.92514619883	0.916959064327	0.92514619883	0.885380116959	0.93567251462	0.94269005848	0.948538011696	0.936842105263	0.915789473684	0.911111111111	0.781286549708	0.835087719298	0.865497076023	0.788304093567	0.849122807018	0.839766081871	0.947368421053	0.953216374269	0.974269005848	0.940350877193	0.950877192982	0.975438596491	0.956725146199	0.975438596491	0.0	0.321637426901	0.348538011696	0.318128654971	0.363742690058	0.352046783626	0.294736842105	0.32514619883	0.902923976608	0.892397660819	0.885380116959	0.911111111111	0.933333333333	0.905263157895	0.87134502924	0.892397660819	0.957894736842	0.930994152047	0.971929824561	0.953216374269	0.93216374269	0.929824561404	0.970760233918	0.893567251462	0.866666666667	0.916959064327	0.915789473684	0.881871345029	0.876023391813	0.893567251462	0.873684210526
DB6	0.880701754386	0.880701754386	0.86432748538	0.892397660819	0.895906432749	0.876023391813	0.893567251462	0.880701754386	0.900584795322	0.904093567251	0.899415204678	0.880701754386	0.904093567251	0.908771929825	0.915789473684	0.912280701754	0.912280701754	0.876023391813	0.753216374269	0.797660818713	0.842105263158	0.755555555556	0.815204678363	0.822222222222	0.948538011696	0.945029239766	0.963742690058	0.927485380117	0.948538011696	0.969590643275	0.938011695906	0.974269005848	0.321637426901	0.0	0.33918128655	0.340350877193	0.353216374269	0.345029239766	0.32865497076	0.352046783626	0.905263157895	0.904093567251	0.893567251462	0.905263157895	0.921637426901	0.894736842105	0.876023391813	0.893567251462	0.949707602339	0.918128654971	0.963742690058	0.940350877193	0.936842105263	0.915789473684	0.964912280702	0.86432748538	0.854970760234	0.886549707602	0.884210526316	0.858479532164	0.852631578947	0.87485380117	0.854970760234
DC6	0.912280701754	0.914619883041	0.892397660819	0.912280701754	0.916959064327	0.894736842105	0.915789473684	0.891228070175	0.904093567251	0.897076023392	0.893567251462	0.87485380117	0.888888888889	0.891228070175	0.902923976608	0.926315789474	0.883040935673	0.895906432749	0.756725146199	0.829239766082	0.878362573099	0.757894736842	0.838596491228	0.808187134503	0.929824561404	0.934502923977	0.957894736842	0.902923976608	0.909941520468	0.968421052632	0.920467836257	0.969590643275	0.348538011696	0.33918128655	0.0	0.368421052632	0.361403508772	0.33567251462	0.346198830409	0.348538011696	0.908771929825	0.914619883041	0.892397660819	0.914619883041	0.929824561404	0.892397660819	0.872514619883	0.900584795322	0.927485380117	0.908771929825	0.956725146199	0.923976608187	0.92514619883	0.902923976608	0.941520467836	0.884210526316	0.883040935673	0.891228070175	0.888888888889	0.858479532164	0.873684210526	0.906432748538	0.859649122807
DD6	0.933333333333	0.927485380117	0.912280701754	0.927485380117	0.936842105263	0.918128654971	0.933333333333	0.927485380117	0.919298245614	0.947368421053	0.940350877193	0.936842105263	0.94269005848	0.948538011696	0.963742690058	0.92514619883	0.919298245614	0.905263157895	0.769590643275	0.840935672515	0.873684210526	0.767251461988	0.856140350877	0.839766081871	0.966081871345	0.964912280702	0.980116959064	0.94269005848	0.945029239766	0.975438596491	0.943859649123	0.976608187135	0.318128654971	0.340350877193	0.368421052632	0.0	0.340350877193	0.348538011696	0.320467836257	0.348538011696	0.914619883041	0.909941520468	0.904093567251	0.913450292398	0.92865497076	0.898245614035	0.898245614035	0.899415204678	0.954385964912	0.929824561404	0.970760233918	0.948538011696	0.927485380117	0.933333333333	0.975438596491	0.870175438596	0.850292397661	0.904093567251	0.914619883041	0.86432748538	0.86783625731	0.884210526316	0.880701754386
DE6	0.909941520468	0.915789473684	0.891228070175	0.913450292398	0.920467836257	0.895906432749	0.918128654971	0.905263157895	0.904093567251	0.923976608187	0.916959064327	0.906432748538	0.918128654971	0.927485380117	0.93567251462	0.920467836257	0.898245614035	0.892397660819	0.747368421053	0.810526315789	0.86432748538	0.750877192982	0.832748538012	0.814035087719	0.945029239766	0.94269005848	0.962573099415	0.920467836257	0.923976608187	0.973099415205	0.915789473684	0.971929824561	0.363742690058	0.353216374269	0.361403508772	0.340350877193	0.0	0.343859649123	0.338011695906	0.347368421053	0.905263157895	0.902923976608	0.899415204678	0.906432748538	0.920467836257	0.87485380117	0.872514619883	0.897076023392	0.943859649123	0.913450292398	0.957894736842	0.936842105263	0.914619883041	0.920467836257	0.953216374269	0.897076023392	0.886549707602	0.909941520468	0.912280701754	0.870175438596	0.87485380117	0.898245614035	0.880701754386
DF6	0.92514619883	0.927485380117	0.902923976608	0.918128654971	0.922807017544	0.902923976608	0.922807017544	0.905263157895	0.886549707602	0.877192982456	0.883040935673	0.872514619883	0.869005847953	0.878362573099	0.892397660819	0.927485380117	0.86432748538	0.893567251462	0.730994152047	0.829239766082	0.878362573099	0.734502923977	0.844444444444	0.791812865497	0.918128654971	0.916959064327	0.959064327485	0.893567251462	0.900584795322	0.970760233918	0.900584795322	0.969590643275	0.352046783626	0.345029239766	0.33567251462	0.348538011696	0.343859649123	0.0	0.33216374269	0.359064327485	0.934502923977	0.923976608187	0.915789473684	0.922807017544	0.93918128655	0.911111111111	0.888888888889	0.922807017544	0.915789473684	0.906432748538	0.959064327485	0.922807017544	0.918128654971	0.883040935673	0.920467836257	0.87134502924	0.899415204678	0.858479532164	0.859649122807	0.842105263158	0.886549707602	0.905263157895	0.850292397661
DG6	0.901754385965	0.906432748538	0.888888888889	0.897076023392	0.906432748538	0.888888888889	0.909941520468	0.900584795322	0.92514619883	0.908771929825	0.920467836257	0.900584795322	0.921637426901	0.927485380117	0.934502923977	0.926315789474	0.900584795322	0.898245614035	0.771929824561	0.815204678363	0.861988304094	0.769590643275	0.832748538012	0.826900584795	0.93918128655	0.947368421053	0.966081871345	0.919298245614	0.922807017544	0.970760233918	0.916959064327	0.973099415205	0.294736842105	0.32865497076	0.346198830409	0.320467836257	0.338011695906	0.33216374269	0.0	0.327485380117	0.909941520468	0.907602339181	0.905263157895	0.913450292398	0.930994152047	0.893567251462	0.886549707602	0.906432748538	0.938011695906	0.912280701754	0.960233918129	0.93216374269	0.923976608187	0.916959064327	0.952046783626	0.895906432749	0.902923976608	0.919298245614	0.916959064327	0.892397660819	0.904093567251	0.914619883041	0.898245614035
DH6	0.923976608187	0.921637426901	0.901754385965	0.919298245614	0.93216374269	0.906432748538	0.927485380117	0.906432748538	0.909941520468	0.911111111111	0.913450292398	0.898245614035	0.912280701754	0.915789473684	0.927485380117	0.927485380117	0.900584795322	0.906432748538	0.759064327485	0.835087719298	0.880701754386	0.780116959064	0.849122807018	0.816374269006	0.945029239766	0.946198830409	0.964912280702	0.921637426901	0.926315789474	0.974269005848	0.926315789474	0.974269005848	0.32514619883	0.352046783626	0.348538011696	0.348538011696	0.347368421053	0.359064327485	0.327485380117	0.0	0.913450292398	0.905263157895	0.906432748538	0.909941520468	0.934502923977	0.901754385965	0.878362573099	0.912280701754	0.908771929825	0.888888888889	0.959064327485	0.92865497076	0.93567251462	0.86783625731	0.897076023392	0.899415204678	0.901754385965	0.909941520468	0.902923976608	0.878362573099	0.894736842105	0.908771929825	0.887719298246
DA7	0.945029239766	0.961403508772	0.93918128655	0.961403508772	0.954385964912	0.950877192982	0.963742690058	0.956725146199	0.921637426901	0.988304093567	0.961403508772	0.966081871345	0.975438596491	0.976608187135	0.984795321637	0.955555555556	0.967251461988	0.822222222222	0.929824561404	0.853801169591	0.785964912281	0.948538011696	0.825730994152	0.954385964912	0.950877192982	0.960233918129	0.984795321637	0.953216374269	0.952046783626	0.978947368421	0.960233918129	0.982456140351	0.902923976608	0.905263157895	0.908771929825	0.914619883041	0.905263157895	0.934502923977	0.909941520468	0.913450292398	0.0	0.411695906433	0.449122807018	0.501754385965	0.66783625731	0.376608187135	0.487719298246	0.362573099415	0.977777777778	0.950877192982	0.974269005848	0.968421052632	0.962573099415	0.959064327485	0.984795321637	0.838596491228	0.810526315789	0.947368421053	0.956725146199	0.921637426901	0.750877192982	0.904093567251	0.831578947368
DB7	0.959064327485	0.969590643275	0.93567251462	0.961403508772	0.964912280702	0.953216374269	0.968421052632	0.955555555556	0.914619883041	0.971929824561	0.954385964912	0.949707602339	0.955555555556	0.962573099415	0.981286549708	0.946198830409	0.957894736842	0.819883040936	0.92865497076	0.87485380117	0.892397660819	0.947368421053	0.86081871345	0.950877192982	0.938011695906	0.946198830409	0.981286549708	0.941520467836	0.941520467836	0.982456140351	0.956725146199	0.980116959064	0.892397660819	0.904093567251	0.914619883041	0.909941520468	0.902923976608	0.923976608187	0.907602339181	0.905263157895	0.411695906433	0.0	0.347368421053	0.470175438596	0.638596491228	0.385964912281	0.444444444444	0.341520467836	0.957894736842	0.93216374269	0.966081871345	0.947368421053	0.941520467836	0.954385964912	0.976608187135	0.810526315789	0.847953216374	0.936842105263	0.943859649123	0.906432748538	0.766081871345	0.887719298246	0.852631578947
