	DA5	DB5	DC5	DD5	DE5	DF5	DG5	DH5	DA2	DB2	DC2	DD2	DE2	DF2	DG2	DH2	DA1	DB1	DC1	DD1	DE1	DF1	DG1	DH1	DA4	DB4	DC4	DD4	DE4	DF4	DG4	DH4	DA6	DB6	DC6	DD6	DE6	DF6	DG6	DH6	DA7	DB7	DC7	DD7	DE7	DF7	DG7	DH7	DA8	DB8	DC8	DD8	DF8	DG8	DH8	DA3	DB3	DC3	DD3	DE3	DF3	DG3	DH3
DA5	0.0	0.401169590643	0.473684210526	0.348538011696	0.390643274854	0.46783625731	0.442105263158	0.381286549708	0.526315789474	0.574269005848	0.605847953216	0.704093567251	0.760233918129	0.805847953216	0.612865497076	0.53918128655	0.747368421053	0.8	0.776608187135	0.604678362573	0.612865497076	0.695906432749	0.700584795322	0.769590643275	0.830409356725	0.832748538012	0.705263157895	0.72865497076	0.715789473684	0.723976608187	0.687719298246	0.72514619883	0.929824561404	0.886549707602	0.911111111111	0.938011695906	0.922807017544	0.93567251462	0.922807017544	0.915789473684	0.959064327485	0.956725146199	0.952046783626	0.934502923977	0.947368421053	0.933333333333	0.934502923977	0.952046783626	0.968421052632	0.974269005848	0.975438596491	0.969590643275	0.974269005848	0.959064327485	0.966081871345	0.700584795322	0.566081871345	0.716959064327	0.72865497076	0.618713450292	0.608187134503	0.722807017544	0.636257309942
DB5	0.401169590643	0.0	0.436257309942	0.387134502924	0.440935672515	0.422222222222	0.394152046784	0.398830409357	0.507602339181	0.644444444444	0.631578947368	0.706432748538	0.767251461988	0.830409356725	0.665497076023	0.54269005848	0.768421052632	0.79649122807	0.780116959064	0.604678362573	0.608187134503	0.713450292398	0.708771929825	0.785964912281	0.845614035088	0.831578947368	0.65730994152	0.736842105263	0.726315789474	0.665497076023	0.644444444444	0.67134502924	0.912280701754	0.884210526316	0.916959064327	0.933333333333	0.919298245614	0.93567251462	0.912280701754	0.919298245614	0.967251461988	0.971929824561	0.968421052632	0.94269005848	0.961403508772	0.956725146199	0.953216374269	0.969590643275	0.977777777778	0.973099415205	0.970760233918	0.974269005848	0.969590643275	0.968421052632	0.976608187135	0.676023391813	0.552046783626	0.699415204678	0.709941520468	0.617543859649	0.615204678363	0.698245614035	0.612865497076
DC5	0.473684210526	0.436257309942	0.0	0.446783625731	0.522807017544	0.385964912281	0.426900584795	0.450292397661	0.562573099415	0.681871345029	0.652631578947	0.723976608187	0.791812865497	0.802339181287	0.705263157895	0.638596491228	0.719298245614	0.836257309942	0.756725146199	0.605847953216	0.608187134503	0.672514619883	0.74269005848	0.722807017544	0.873684210526	0.86081871345	0.712280701754	0.73567251462	0.715789473684	0.733333333333	0.67485380117	0.726315789474	0.899415204678	0.878362573099	0.901754385965	0.921637426901	0.897076023392	0.916959064327	0.905263157895	0.907602339181	0.954385964912	0.945029239766	0.936842105263	0.892397660819	0.918128654971	0.923976608187	0.92514619883	0.949707602339	0.961403508772	0.960233918129	0.963742690058	0.954385964912	0.943859649123	0.952046783626	0.954385964912	0.663157894737	0.564912280702	0.676023391813	0.692397660819	0.598830409357	0.645614035088	0.684210526316	0.590643274854
DD5	0.348538011696	0.387134502924	0.446783625731	0.0	0.364912280702	0.445614035088	0.439766081871	0.368421052632	0.519298245614	0.543859649123	0.60701754386	0.721637426901	0.780116959064	0.808187134503	0.612865497076	0.548538011696	0.747368421053	0.821052631579	0.766081871345	0.625730994152	0.623391812865	0.697076023392	0.733333333333	0.757894736842	0.854970760234	0.849122807018	0.734502923977	0.726315789474	0.705263157895	0.74269005848	0.701754385965	0.741520467836	0.901754385965	0.881871345029	0.918128654971	0.934502923977	0.913450292398	0.929824561404	0.909941520468	0.907602339181	0.956725146199	0.949707602339	0.941520467836	0.92514619883	0.952046783626	0.930994152047	0.930994152047	0.954385964912	0.971929824561	0.973099415205	0.963742690058	0.966081871345	0.957894736842	0.966081871345	0.963742690058	0.709941520468	0.581286549708	0.726315789474	0.73918128655	0.628070175439	0.612865497076	0.726315789474	0.643274853801
DE5	0.390643274854	0.440935672515	0.522807017544	0.364912280702	0.0	0.506432748538	0.501754385965	0.402339181287	0.527485380117	0.541520467836	0.621052631579	0.733333333333	0.788304093567	0.817543859649	0.612865497076	0.538011695906	0.766081871345	0.830409356725	0.79649122807	0.640935672515	0.631578947368	0.711111111111	0.738011695906	0.783625730994	0.878362573099	0.870175438596	0.770760233918	0.753216374269	0.761403508772	0.778947368421	0.755555555556	0.783625730994	0.920467836257	0.890058479532	0.914619883041	0.94269005848	0.92514619883	0.940350877193	0.923976608187	0.920467836257	0.956725146199	0.962573099415	0.961403508772	0.943859649123	0.963742690058	0.948538011696	0.941520467836	0.966081871345	0.975438596491	0.976608187135	0.975438596491	0.969590643275	0.975438596491	0.969590643275	0.975438596491	0.754385964912	0.619883040936	0.771929824561	0.784795321637	0.680701754386	0.614035087719	0.780116959064	0.691228070175
DF5	0.46783625731	0.422222222222	0.385964912281	0.445614035088	0.506432748538	0.0	0.4	0.46432748538	0.569590643275	0.684210526316	0.654970760234	0.726315789474	0.784795321637	0.794152046784	0.707602339181	0.626900584795	0.729824561404	0.819883040936	0.762573099415	0.608187134503	0.608187134503	0.677192982456	0.727485380117	0.74269005848	0.870175438596	0.865497076023	0.679532163743	0.730994152047	0.720467836257	0.715789473684	0.659649122807	0.693567251462	0.905263157895	0.877192982456	0.906432748538	0.921637426901	0.902923976608	0.918128654971	0.912280701754	0.898245614035	0.953216374269	0.947368421053	0.936842105263	0.909941520468	0.92865497076	0.920467836257	0.922807017544	0.947368421053	0.966081871345	0.974269005848	0.966081871345	0.969590643275	0.966081871345	0.955555555556	0.955555555556	0.639766081871	0.563742690058	0.651461988304	0.654970760234	0.59298245614	0.638596491228	0.659649122807	0.557894736842
DG5	0.442105263158	0.394152046784	0.426900584795	0.439766081871	0.501754385965	0.4	0.0	0.459649122807	0.52865497076	0.672514619883	0.66783625731	0.705263157895	0.763742690058	0.816374269006	0.697076023392	0.59298245614	0.759064327485	0.818713450292	0.774269005848	0.624561403509	0.622222222222	0.705263157895	0.726315789474	0.771929824561	0.846783625731	0.844444444444	0.652631578947	0.726315789474	0.705263157895	0.685380116959	0.585964912281	0.67134502924	0.904093567251	0.879532163743	0.908771929825	0.930994152047	0.912280701754	0.92865497076	0.904093567251	0.911111111111	0.956725146199	0.954385964912	0.948538011696	0.941520467836	0.966081871345	0.94269005848	0.941520467836	0.961403508772	0.971929824561	0.978947368421	0.966081871345	0.971929824561	0.963742690058	0.968421052632	0.964912280702	0.616374269006	0.566081871345	0.669005847953	0.681871345029	0.60350877193	0.649122807018	0.629239766082	0.563742690058
DH5	0.381286549708	0.398830409357	0.450292397661	0.368421052632	0.402339181287	0.46432748538	0.459649122807	0.0	0.514619883041	0.587134502924	0.6	0.701754385965	0.749707602339	0.79298245614	0.602339181287	0.540350877193	0.736842105263	0.816374269006	0.750877192982	0.611695906433	0.614035087719	0.669005847953	0.707602339181	0.753216374269	0.849122807018	0.840935672515	0.730994152047	0.713450292398	0.718128654971	0.750877192982	0.706432748538	0.754385964912	0.919298245614	0.877192982456	0.906432748538	0.929824561404	0.914619883041	0.923976608187	0.912280701754	0.911111111111	0.963742690058	0.966081871345	0.956725146199	0.947368421053	0.957894736842	0.933333333333	0.936842105263	0.966081871345	0.953216374269	0.964912280702	0.968421052632	0.956725146199	0.964912280702	0.953216374269	0.952046783626	0.712280701754	0.588304093567	0.72514619883	0.74269005848	0.629239766082	0.609356725146	0.753216374269	0.635087719298
DA2	0.526315789474	0.507602339181	0.562573099415	0.519298245614	0.527485380117	0.569590643275	0.52865497076	0.514619883041	0.0	0.60350877193	0.575438596491	0.644444444444	0.719298245614	0.752046783626	0.628070175439	0.437426900585	0.715789473684	0.748538011696	0.738011695906	0.575438596491	0.6	0.711111111111	0.631578947368	0.743859649123	0.761403508772	0.748538011696	0.688888888889	0.692397660819	0.691228070175	0.714619883041	0.676023391813	0.705263157895	0.915789473684	0.895906432749	0.911111111111	0.92865497076	0.912280701754	0.893567251462	0.926315789474	0.911111111111	0.913450292398	0.902923976608	0.912280701754	0.904093567251	0.953216374269	0.872514619883	0.908771929825	0.907602339181	0.915789473684	0.934502923977	0.955555555556	0.927485380117	0.93216374269	0.916959064327	0.901754385965	0.708771929825	0.614035087719	0.700584795322	0.713450292398	0.617543859649	0.602339181287	0.74269005848	0.610526315789
DB2	0.574269005848	0.644444444444	0.681871345029	0.543859649123	0.541520467836	0.684210526316	0.672514619883	0.587134502924	0.60350877193	0.0	0.547368421053	0.625730994152	0.67134502924	0.676023391813	0.46081871345	0.610526315789	0.733333333333	0.861988304094	0.752046783626	0.714619883041	0.761403508772	0.748538011696	0.740350877193	0.722807017544	0.830409356725	0.837426900585	0.885380116959	0.776608187135	0.805847953216	0.909941520468	0.825730994152	0.907602339181	0.911111111111	0.879532163743	0.887719298246	0.94269005848	0.923976608187	0.879532163743	0.922807017544	0.897076023392	0.985964912281	0.964912280702	0.966081871345	0.948538011696	0.984795321637	0.945029239766	0.92865497076	0.978947368421	0.886549707602	0.922807017544	0.952046783626	0.912280701754	0.93918128655	0.877192982456	0.845614035088	0.836257309942	0.726315789474	0.750877192982	0.767251461988	0.65730994152	0.701754385965	0.869005847953	0.702923976608
DC2	0.605847953216	0.631578947368	0.652631578947	0.60701754386	0.621052631579	0.654970760234	0.66783625731	0.6	0.575438596491	0.547368421053	0.0	0.628070175439	0.66432748538	0.611695906433	0.52865497076	0.60350877193	0.647953216374	0.811695906433	0.750877192982	0.692397660819	0.738011695906	0.743859649123	0.720467836257	0.691228070175	0.836257309942	0.831578947368	0.849122807018	0.72514619883	0.72514619883	0.87485380117	0.761403508772	0.866666666667	0.92865497076	0.895906432749	0.905263157895	0.943859649123	0.921637426901	0.884210526316	0.927485380117	0.911111111111	0.952046783626	0.941520467836	0.927485380117	0.908771929825	0.949707602339	0.914619883041	0.919298245614	0.953216374269	0.872514619883	0.895906432749	0.913450292398	0.891228070175	0.895906432749	0.85730994152	0.8	0.782456140351	0.66081871345	0.679532163743	0.695906432749	0.602339181287	0.645614035088	0.808187134503	0.646783625731
DD2	0.704093567251	0.706432748538	0.723976608187	0.721637426901	0.733333333333	0.726315789474	0.705263157895	0.701754385965	0.644444444444	0.625730994152	0.628070175439	0.0	0.480701754386	0.584795321637	0.545029239766	0.678362573099	0.666666666667	0.787134502924	0.687719298246	0.691228070175	0.723976608187	0.738011695906	0.669005847953	0.684210526316	0.773099415205	0.773099415205	0.818713450292	0.752046783626	0.755555555556	0.845614035088	0.757894736842	0.840935672515	0.895906432749	0.870175438596	0.877192982456	0.929824561404	0.906432748538	0.86081871345	0.906432748538	0.885380116959	0.974269005848	0.957894736842	0.941520467836	0.930994152047	0.970760233918	0.933333333333	0.920467836257	0.970760233918	0.886549707602	0.919298245614	0.946198830409	0.904093567251	0.920467836257	0.869005847953	0.814035087719	0.850292397661	0.822222222222	0.678362573099	0.713450292398	0.670175438596	0.808187134503	0.884210526316	0.716959064327
DE2	0.760233918129	0.767251461988	0.791812865497	0.780116959064	0.788304093567	0.784795321637	0.763742690058	0.749707602339	0.719298245614	0.67134502924	0.66432748538	0.480701754386	0.0	0.557894736842	0.567251461988	0.752046783626	0.672514619883	0.824561403509	0.697076023392	0.750877192982	0.771929824561	0.741520467836	0.719298245614	0.690058479532	0.815204678363	0.815204678363	0.86081871345	0.761403508772	0.775438596491	0.887719298246	0.79649122807	0.885380116959	0.934502923977	0.897076023392	0.885380116959	0.936842105263	0.919298245614	0.87134502924	0.922807017544	0.911111111111	0.983625730994	0.966081871345	0.959064327485	0.956725146199	0.981286549708	0.943859649123	0.936842105263	0.976608187135	0.899415204678	0.926315789474	0.952046783626	0.907602339181	0.93567251462	0.880701754386	0.821052631579	0.858479532164	0.851461988304	0.663157894737	0.697076023392	0.684210526316	0.844444444444	0.901754385965	0.743859649123
DF2	0.805847953216	0.830409356725	0.802339181287	0.808187134503	0.817543859649	0.794152046784	0.816374269006	0.79298245614	0.752046783626	0.676023391813	0.611695906433	0.584795321637	0.557894736842	0.0	0.582456140351	0.798830409357	0.687719298246	0.869005847953	0.740350877193	0.804678362573	0.824561403509	0.757894736842	0.766081871345	0.698245614035	0.846783625731	0.844444444444	0.900584795322	0.766081871345	0.785964912281	0.92865497076	0.846783625731	0.919298245614	0.938011695906	0.895906432749	0.897076023392	0.948538011696	0.938011695906	0.876023391813	0.93216374269	0.913450292398	0.971929824561	0.946198830409	0.949707602339	0.941520467836	0.973099415205	0.927485380117	0.915789473684	0.963742690058	0.888888888889	0.921637426901	0.94269005848	0.907602339181	0.930994152047	0.872514619883	0.804678362573	0.821052631579	0.830409356725	0.643274853801	0.66432748538	0.666666666667	0.810526315789	0.869005847953	0.719298245614
DG2	0.612865497076	0.665497076023	0.705263157895	0.612865497076	0.612865497076	0.707602339181	0.697076023392	0.602339181287	0.628070175439	0.46081871345	0.52865497076	0.545029239766	0.567251461988	0.582456140351	0.0	0.629239766082	0.697076023392	0.850292397661	0.716959064327	0.72514619883	0.778947368421	0.753216374269	0.74269005848	0.688888888889	0.826900584795	0.826900584795	0.877192982456	0.756725146199	0.783625730994	0.902923976608	0.805847953216	0.898245614035	0.936842105263	0.907602339181	0.898245614035	0.952046783626	0.941520467836	0.885380116959	0.934502923977	0.915789473684	0.983625730994	0.969590643275	0.961403508772	0.956725146199	0.985964912281	0.94269005848	0.930994152047	0.984795321637	0.884210526316	0.926315789474	0.946198830409	0.908771929825	0.938011695906	0.873684210526	0.815204678363	0.840935672515	0.734502923977	0.683040935673	0.700584795322	0.645614035088	0.712280701754	0.881871345029	0.705263157895
DH2	0.53918128655	0.54269005848	0.638596491228	0.548538011696	0.538011695906	0.626900584795	0.59298245614	0.540350877193	0.437426900585	0.610526315789	0.60350877193	0.678362573099	0.752046783626	0.798830409357	0.629239766082	0.0	0.782456140351	0.74269005848	0.778947368421	0.617543859649	0.678362573099	0.73567251462	0.677192982456	0.789473684211	0.688888888889	0.685380116959	0.642105263158	0.8	0.797660818713	0.669005847953	0.768421052632	0.66783625731	0.930994152047	0.911111111111	0.923976608187	0.934502923977	0.927485380117	0.933333333333	0.92865497076	0.927485380117	0.967251461988	0.957894736842	0.948538011696	0.93216374269	0.964912280702	0.938011695906	0.930994152047	0.959064327485	0.949707602339	0.959064327485	0.962573099415	0.950877192982	0.955555555556	0.943859649123	0.948538011696	0.790643274854	0.673684210526	0.798830409357	0.816374269006	0.721637426901	0.647953216374	0.816374269006	0.722807017544
DA1	0.747368421053	0.768421052632	0.719298245614	0.747368421053	0.766081871345	0.729824561404	0.759064327485	0.736842105263	0.715789473684	0.733333333333	0.647953216374	0.666666666667	0.672514619883	0.687719298246	0.697076023392	0.782456140351	0.0	0.649122807018	0.632748538012	0.701754385965	0.693567251462	0.680701754386	0.683040935673	0.519298245614	0.79649122807	0.790643274854	0.785964912281	0.632748538012	0.653801169591	0.836257309942	0.669005847953	0.829239766082	0.909941520468	0.892397660819	0.880701754386	0.921637426901	0.887719298246	0.849122807018	0.908771929825	0.895906432749	0.963742690058	0.949707602339	0.93567251462	0.894736842105	0.927485380117	0.907602339181	0.906432748538	0.955555555556	0.780116959064	0.801169590643	0.822222222222	0.783625730994	0.811695906433	0.757894736842	0.706432748538	0.789473684211	0.824561403509	0.666666666667	0.678362573099	0.672514619883	0.812865497076	0.804678362573	0.723976608187
DB1	0.8	0.79649122807	0.836257309942	0.821052631579	0.830409356725	0.819883040936	0.818713450292	0.816374269006	0.748538011696	0.861988304094	0.811695906433	0.787134502924	0.824561403509	0.869005847953	0.850292397661	0.74269005848	0.649122807018	0.0	0.74269005848	0.699415204678	0.711111111111	0.746198830409	0.584795321637	0.722807017544	0.73567251462	0.756725146199	0.777777777778	0.802339181287	0.804678362573	0.797660818713	0.767251461988	0.789473684211	0.919298245614	0.884210526316	0.907602339181	0.915789473684	0.888888888889	0.913450292398	0.913450292398	0.906432748538	0.814035087719	0.811695906433	0.801169590643	0.804678362573	0.829239766082	0.79298245614	0.805847953216	0.814035087719	0.734502923977	0.721637426901	0.738011695906	0.722807017544	0.733333333333	0.709941520468	0.73918128655	0.85730994152	0.87485380117	0.890058479532	0.877192982456	0.895906432749	0.811695906433	0.880701754386	0.866666666667
DC1	0.776608187135	0.780116959064	0.756725146199	0.766081871345	0.79649122807	0.762573099415	0.774269005848	0.750877192982	0.738011695906	0.752046783626	0.750877192982	0.687719298246	0.697076023392	0.740350877193	0.716959064327	0.778947368421	0.632748538012	0.74269005848	0.0	0.608187134503	0.623391812865	0.495906432749	0.601169590643	0.514619883041	0.790643274854	0.790643274854	0.842105263158	0.754385964912	0.763742690058	0.880701754386	0.780116959064	0.884210526316	0.787134502924	0.749707602339	0.761403508772	0.782456140351	0.747368421053	0.73216374269	0.768421052632	0.768421052632	0.936842105263	0.926315789474	0.914619883041	0.895906432749	0.914619883041	0.894736842105	0.893567251462	0.926315789474	0.902923976608	0.920467836257	0.950877192982	0.913450292398	0.936842105263	0.881871345029	0.852631578947	0.8	0.833918128655	0.73216374269	0.743859649123	0.746198830409	0.830409356725	0.828070175439	0.755555555556
DD1	0.604678362573	0.604678362573	0.605847953216	0.625730994152	0.640935672515	0.608187134503	0.624561403509	0.611695906433	0.575438596491	0.714619883041	0.692397660819	0.691228070175	0.750877192982	0.804678362573	0.72514619883	0.617543859649	0.701754385965	0.699415204678	0.608187134503	0.0	0.362573099415	0.506432748538	0.477192982456	0.564912280702	0.816374269006	0.818713450292	0.8	0.810526315789	0.798830409357	0.822222222222	0.780116959064	0.823391812865	0.856140350877	0.810526315789	0.838596491228	0.854970760234	0.831578947368	0.850292397661	0.849122807018	0.831578947368	0.852631578947	0.880701754386	0.904093567251	0.877192982456	0.908771929825	0.840935672515	0.912280701754	0.877192982456	0.953216374269	0.948538011696	0.962573099415	0.943859649123	0.957894736842	0.940350877193	0.960233918129	0.769590643275	0.698245614035	0.798830409357	0.801169590643	0.713450292398	0.678362573099	0.808187134503	0.709941520468
DE1	0.612865497076	0.608187134503	0.608187134503	0.623391812865	0.631578947368	0.608187134503	0.622222222222	0.614035087719	0.6	0.761403508772	0.738011695906	0.723976608187	0.771929824561	0.824561403509	0.778947368421	0.678362573099	0.693567251462	0.711111111111	0.623391812865	0.362573099415	0.0	0.564912280702	0.479532163743	0.60350877193	0.845614035088	0.838596491228	0.777777777778	0.790643274854	0.781286549708	0.794152046784	0.766081871345	0.79298245614	0.863157894737	0.824561403509	0.86081871345	0.86783625731	0.846783625731	0.876023391813	0.86081871345	0.852631578947	0.804678362573	0.885380116959	0.909941520468	0.869005847953	0.891228070175	0.840935672515	0.92514619883	0.869005847953	0.971929824561	0.955555555556	0.969590643275	0.961403508772	0.969590643275	0.950877192982	0.977777777778	0.754385964912	0.707602339181	0.784795321637	0.788304093567	0.718128654971	0.690058479532	0.785964912281	0.701754385965
DF1	0.695906432749	0.713450292398	0.672514619883	0.697076023392	0.711111111111	0.677192982456	0.705263157895	0.669005847953	0.711111111111	0.748538011696	0.743859649123	0.738011695906	0.741520467836	0.757894736842	0.753216374269	0.73567251462	0.680701754386	0.746198830409	0.495906432749	0.506432748538	0.564912280702	0.0	0.587134502924	0.507602339181	0.829239766082	0.826900584795	0.845614035088	0.794152046784	0.79298245614	0.877192982456	0.80350877193	0.873684210526	0.766081871345	0.718128654971	0.736842105263	0.752046783626	0.729824561404	0.726315789474	0.748538011696	0.740350877193	0.930994152047	0.93918128655	0.927485380117	0.914619883041	0.93216374269	0.901754385965	0.895906432749	0.933333333333	0.923976608187	0.92514619883	0.956725146199	0.919298245614	0.943859649123	0.906432748538	0.919298245614	0.762573099415	0.766081871345	0.768421052632	0.770760233918	0.727485380117	0.764912280702	0.797660818713	0.718128654971
DG1	0.700584795322	0.708771929825	0.74269005848	0.733333333333	0.738011695906	0.727485380117	0.726315789474	0.707602339181	0.631578947368	0.740350877193	0.720467836257	0.669005847953	0.719298245614	0.766081871345	0.74269005848	0.677192982456	0.683040935673	0.584795321637	0.601169590643	0.477192982456	0.479532163743	0.587134502924	0.0	0.60701754386	0.727485380117	0.743859649123	0.771929824561	0.782456140351	0.776608187135	0.808187134503	0.743859649123	0.80701754386	0.86783625731	0.823391812865	0.842105263158	0.86432748538	0.830409356725	0.839766081871	0.853801169591	0.846783625731	0.837426900585	0.86432748538	0.890058479532	0.897076023392	0.92514619883	0.823391812865	0.887719298246	0.85730994152	0.893567251462	0.887719298246	0.909941520468	0.888888888889	0.908771929825	0.873684210526	0.895906432749	0.80701754386	0.797660818713	0.828070175439	0.833918128655	0.79298245614	0.770760233918	0.844444444444	0.762573099415
DH1	0.769590643275	0.785964912281	0.722807017544	0.757894736842	0.783625730994	0.74269005848	0.771929824561	0.753216374269	0.743859649123	0.722807017544	0.691228070175	0.684210526316	0.690058479532	0.698245614035	0.688888888889	0.789473684211	0.519298245614	0.722807017544	0.514619883041	0.564912280702	0.60350877193	0.507602339181	0.60701754386	0.0	0.817543859649	0.814035087719	0.847953216374	0.72865497076	0.736842105263	0.886549707602	0.753216374269	0.878362573099	0.839766081871	0.808187134503	0.815204678363	0.842105263158	0.812865497076	0.787134502924	0.828070175439	0.814035087719	0.943859649123	0.943859649123	0.934502923977	0.883040935673	0.908771929825	0.912280701754	0.902923976608	0.946198830409	0.851461988304	0.87485380117	0.907602339181	0.86783625731	0.893567251462	0.837426900585	0.788304093567	0.828070175439	0.853801169591	0.714619883041	0.718128654971	0.743859649123	0.844444444444	0.842105263158	0.769590643275
DA4	0.830409356725	0.845614035088	0.873684210526	0.854970760234	0.878362573099	0.870175438596	0.846783625731	0.849122807018	0.761403508772	0.830409356725	0.836257309942	0.773099415205	0.815204678363	0.846783625731	0.826900584795	0.688888888889	0.79649122807	0.73567251462	0.790643274854	0.816374269006	0.845614035088	0.829239766082	0.727485380117	0.817543859649	0.0	0.387134502924	0.545029239766	0.730994152047	0.727485380117	0.529824561404	0.771929824561	0.529824561404	0.964912280702	0.945029239766	0.945029239766	0.967251461988	0.948538011696	0.918128654971	0.955555555556	0.940350877193	0.954385964912	0.930994152047	0.929824561404	0.933333333333	0.950877192982	0.920467836257	0.921637426901	0.93918128655	0.923976608187	0.938011695906	0.959064327485	0.934502923977	0.941520467836	0.921637426901	0.907602339181	0.872514619883	0.905263157895	0.863157894737	0.853801169591	0.853801169591	0.893567251462	0.892397660819	0.847953216374
DB4	0.832748538012	0.831578947368	0.86081871345	0.849122807018	0.870175438596	0.865497076023	0.844444444444	0.840935672515	0.748538011696	0.837426900585	0.831578947368	0.773099415205	0.815204678363	0.844444444444	0.826900584795	0.685380116959	0.790643274854	0.756725146199	0.790643274854	0.818713450292	0.838596491228	0.826900584795	0.743859649123	0.814035087719	0.387134502924	0.0	0.54269005848	0.736842105263	0.734502923977	0.515789473684	0.760233918129	0.512280701754	0.961403508772	0.949707602339	0.949707602339	0.967251461988	0.94269005848	0.913450292398	0.959064327485	0.943859649123	0.964912280702	0.953216374269	0.945029239766	0.945029239766	0.962573099415	0.933333333333	0.930994152047	0.957894736842	0.920467836257	0.94269005848	0.961403508772	0.93216374269	0.938011695906	0.92514619883	0.907602339181	0.87485380117	0.909941520468	0.852631578947	0.858479532164	0.850292397661	0.905263157895	0.899415204678	0.849122807018
DC4	0.705263157895	0.65730994152	0.712280701754	0.734502923977	0.770760233918	0.679532163743	0.652631578947	0.730994152047	0.688888888889	0.885380116959	0.849122807018	0.818713450292	0.86081871345	0.900584795322	0.877192982456	0.642105263158	0.785964912281	0.777777777778	0.842105263158	0.8	0.777777777778	0.845614035088	0.771929824561	0.847953216374	0.545029239766	0.54269005848	0.0	0.712280701754	0.704093567251	0.322807017544	0.60701754386	0.333333333333	0.974269005848	0.960233918129	0.959064327485	0.969590643275	0.957894736842	0.957894736842	0.963742690058	0.959064327485	0.971929824561	0.975438596491	0.969590643275	0.966081871345	0.975438596491	0.964912280702	0.954385964912	0.976608187135	0.955555555556	0.960233918129	0.963742690058	0.952046783626	0.957894736842	0.957894736842	0.956725146199	0.722807017544	0.767251461988	0.722807017544	0.72514619883	0.759064327485	0.835087719298	0.738011695906	0.720467836257
DD4	0.72865497076	0.736842105263	0.73567251462	0.726315789474	0.753216374269	0.730994152047	0.726315789474	0.713450292398	0.692397660819	0.776608187135	0.72514619883	0.752046783626	0.761403508772	0.766081871345	0.756725146199	0.8	0.632748538012	0.802339181287	0.754385964912	0.810526315789	0.790643274854	0.794152046784	0.782456140351	0.72865497076	0.730994152047	0.736842105263	0.712280701754	0.0	0.401169590643	0.750877192982	0.628070175439	0.748538011696	0.947368421053	0.929824561404	0.918128654971	0.948538011696	0.92865497076	0.877192982456	0.930994152047	0.92865497076	0.966081871345	0.948538011696	0.930994152047	0.930994152047	0.961403508772	0.93216374269	0.911111111111	0.947368421053	0.873684210526	0.900584795322	0.919298245614	0.890058479532	0.907602339181	0.877192982456	0.832748538012	0.756725146199	0.785964912281	0.67485380117	0.688888888889	0.690058479532	0.818713450292	0.778947368421	0.702923976608
DE4	0.715789473684	0.726315789474	0.715789473684	0.705263157895	0.761403508772	0.720467836257	0.705263157895	0.718128654971	0.691228070175	0.805847953216	0.72514619883	0.755555555556	0.775438596491	0.785964912281	0.783625730994	0.797660818713	0.653801169591	0.804678362573	0.763742690058	0.798830409357	0.781286549708	0.79298245614	0.776608187135	0.736842105263	0.727485380117	0.734502923977	0.704093567251	0.401169590643	0.0	0.747368421053	0.605847953216	0.740350877193	0.947368421053	0.930994152047	0.929824561404	0.954385964912	0.916959064327	0.885380116959	0.923976608187	0.93216374269	0.955555555556	0.933333333333	0.916959064327	0.916959064327	0.957894736842	0.918128654971	0.891228070175	0.93918128655	0.878362573099	0.913450292398	0.92865497076	0.891228070175	0.901754385965	0.895906432749	0.852631578947	0.747368421053	0.780116959064	0.680701754386	0.697076023392	0.695906432749	0.816374269006	0.763742690058	0.704093567251
DF4	0.723976608187	0.665497076023	0.733333333333	0.74269005848	0.778947368421	0.715789473684	0.685380116959	0.750877192982	0.714619883041	0.909941520468	0.87485380117	0.845614035088	0.887719298246	0.92865497076	0.902923976608	0.669005847953	0.836257309942	0.797660818713	0.880701754386	0.822222222222	0.794152046784	0.877192982456	0.808187134503	0.886549707602	0.529824561404	0.515789473684	0.322807017544	0.750877192982	0.747368421053	0.0	0.66432748538	0.288888888889	0.982456140351	0.975438596491	0.974269005848	0.977777777778	0.974269005848	0.976608187135	0.977777777778	0.975438596491	0.983625730994	0.987134502924	0.983625730994	0.974269005848	0.983625730994	0.981286549708	0.973099415205	0.989473684211	0.981286549708	0.981286549708	0.987134502924	0.982456140351	0.981286549708	0.985964912281	0.980116959064	0.760233918129	0.780116959064	0.762573099415	0.760233918129	0.782456140351	0.853801169591	0.768421052632	0.763742690058
DG4	0.687719298246	0.644444444444	0.67485380117	0.701754385965	0.755555555556	0.659649122807	0.585964912281	0.706432748538	0.676023391813	0.825730994152	0.761403508772	0.757894736842	0.79649122807	0.846783625731	0.805847953216	0.768421052632	0.669005847953	0.767251461988	0.780116959064	0.780116959064	0.766081871345	0.80350877193	0.743859649123	0.753216374269	0.771929824561	0.760233918129	0.60701754386	0.628070175439	0.605847953216	0.66432748538	0.0	0.644444444444	0.953216374269	0.93918128655	0.938011695906	0.954385964912	0.92514619883	0.897076023392	0.93216374269	0.94269005848	0.966081871345	0.945029239766	0.93567251462	0.923976608187	0.970760233918	0.920467836257	0.906432748538	0.945029239766	0.858479532164	0.895906432749	0.894736842105	0.873684210526	0.873684210526	0.87485380117	0.851461988304	0.614035087719	0.752046783626	0.663157894737	0.66432748538	0.706432748538	0.829239766082	0.632748538012	0.647953216374
DH4	0.72514619883	0.67134502924	0.726315789474	0.741520467836	0.783625730994	0.693567251462	0.67134502924	0.754385964912	0.705263157895	0.907602339181	0.866666666667	0.840935672515	0.885380116959	0.919298245614	0.898245614035	0.66783625731	0.829239766082	0.789473684211	0.884210526316	0.823391812865	0.79298245614	0.873684210526	0.80701754386	0.878362573099	0.529824561404	0.512280701754	0.333333333333	0.748538011696	0.740350877193	0.288888888889	0.644444444444	0.0	0.977777777778	0.970760233918	0.970760233918	0.976608187135	0.974269005848	0.977777777778	0.975438596491	0.967251461988	0.976608187135	0.977777777778	0.977777777778	0.968421052632	0.975438596491	0.976608187135	0.968421052632	0.982456140351	0.975438596491	0.975438596491	0.978947368421	0.976608187135	0.975438596491	0.977777777778	0.973099415205	0.736842105263	0.770760233918	0.736842105263	0.73567251462	0.778947368421	0.846783625731	0.73918128655	0.738011695906
DA6	0.929824561404	0.912280701754	0.899415204678	0.901754385965	0.920467836257	0.905263157895	0.904093567251	0.919298245614	0.915789473684	0.911111111111	0.92865497076	0.895906432749	0.934502923977	0.938011695906	0.936842105263	0.930994152047	0.909941520468	0.919298245614	0.787134502924	0.856140350877	0.863157894737	0.766081871345	0.86783625731	0.839766081871	0.964912280702	0.961403508772	0.974269005848	0.947368421053	0.947368421053	0.982456140351	0.953216374269	0.977777777778	0.0	0.346198830409	0.340350877193	0.321637426901	0.346198830409	0.361403508772	0.322807017544	0.346198830409	0.911111111111	0.908771929825	0.899415204678	0.898245614035	0.943859649123	0.918128654971	0.885380116959	0.897076023392	0.957894736842	0.92865497076	0.94269005848	0.945029239766	0.930994152047	0.92865497076	0.963742690058	0.918128654971	0.894736842105	0.922807017544	0.927485380117	0.901754385965	0.893567251462	0.883040935673	0.891228070175
DB6	0.886549707602	0.884210526316	0.878362573099	0.881871345029	0.890058479532	0.877192982456	0.879532163743	0.877192982456	0.895906432749	0.879532163743	0.895906432749	0.870175438596	0.897076023392	0.895906432749	0.907602339181	0.911111111111	0.892397660819	0.884210526316	0.749707602339	0.810526315789	0.824561403509	0.718128654971	0.823391812865	0.808187134503	0.945029239766	0.949707602339	0.960233918129	0.929824561404	0.930994152047	0.975438596491	0.93918128655	0.970760233918	0.346198830409	0.0	0.336842105263	0.355555555556	0.371929824561	0.383625730994	0.362573099415	0.357894736842	0.908771929825	0.914619883041	0.895906432749	0.891228070175	0.922807017544	0.900584795322	0.876023391813	0.898245614035	0.945029239766	0.919298245614	0.94269005848	0.92865497076	0.934502923977	0.915789473684	0.959064327485	0.859649122807	0.85730994152	0.872514619883	0.877192982456	0.851461988304	0.861988304094	0.86432748538	0.852631578947
DC6	0.911111111111	0.916959064327	0.901754385965	0.918128654971	0.914619883041	0.906432748538	0.908771929825	0.906432748538	0.911111111111	0.887719298246	0.905263157895	0.877192982456	0.885380116959	0.897076023392	0.898245614035	0.923976608187	0.880701754386	0.907602339181	0.761403508772	0.838596491228	0.86081871345	0.736842105263	0.842105263158	0.815204678363	0.945029239766	0.949707602339	0.959064327485	0.918128654971	0.929824561404	0.974269005848	0.938011695906	0.970760233918	0.340350877193	0.336842105263	0.0	0.355555555556	0.348538011696	0.341520467836	0.343859649123	0.33918128655	0.918128654971	0.923976608187	0.911111111111	0.909941520468	0.945029239766	0.908771929825	0.880701754386	0.902923976608	0.933333333333	0.913450292398	0.943859649123	0.923976608187	0.93567251462	0.909941520468	0.943859649123	0.885380116959	0.880701754386	0.877192982456	0.887719298246	0.863157894737	0.881871345029	0.892397660819	0.859649122807
DD6	0.938011695906	0.933333333333	0.921637426901	0.934502923977	0.94269005848	0.921637426901	0.930994152047	0.929824561404	0.92865497076	0.94269005848	0.943859649123	0.929824561404	0.936842105263	0.948538011696	0.952046783626	0.934502923977	0.921637426901	0.915789473684	0.782456140351	0.854970760234	0.86783625731	0.752046783626	0.86432748538	0.842105263158	0.967251461988	0.967251461988	0.969590643275	0.948538011696	0.954385964912	0.977777777778	0.954385964912	0.976608187135	0.321637426901	0.355555555556	0.355555555556	0.0	0.32865497076	0.352046783626	0.283040935673	0.368421052632	0.920467836257	0.920467836257	0.916959064327	0.894736842105	0.92514619883	0.912280701754	0.900584795322	0.902923976608	0.954385964912	0.927485380117	0.94269005848	0.945029239766	0.938011695906	0.929824561404	0.969590643275	0.897076023392	0.895906432749	0.902923976608	0.914619883041	0.900584795322	0.894736842105	0.894736842105	0.893567251462
DE6	0.922807017544	0.919298245614	0.897076023392	0.913450292398	0.92514619883	0.902923976608	0.912280701754	0.914619883041	0.912280701754	0.923976608187	0.921637426901	0.906432748538	0.919298245614	0.938011695906	0.941520467836	0.927485380117	0.887719298246	0.888888888889	0.747368421053	0.831578947368	0.846783625731	0.729824561404	0.830409356725	0.812865497076	0.948538011696	0.94269005848	0.957894736842	0.92865497076	0.916959064327	0.974269005848	0.92514619883	0.974269005848	0.346198830409	0.371929824561	0.348538011696	0.32865497076	0.0	0.348538011696	0.333333333333	0.368421052632	0.905263157895	0.905263157895	0.886549707602	0.884210526316	0.920467836257	0.893567251462	0.86081871345	0.883040935673	0.943859649123	0.915789473684	0.936842105263	0.927485380117	0.92514619883	0.923976608187	0.949707602339	0.897076023392	0.894736842105	0.906432748538	0.908771929825	0.883040935673	0.886549707602	0.886549707602	0.878362573099
DF6	0.93567251462	0.93567251462	0.916959064327	0.929824561404	0.940350877193	0.918128654971	0.92865497076	0.923976608187	0.893567251462	0.879532163743	0.884210526316	0.86081871345	0.87134502924	0.876023391813	0.885380116959	0.933333333333	0.849122807018	0.913450292398	0.73216374269	0.850292397661	0.876023391813	0.726315789474	0.839766081871	0.787134502924	0.918128654971	0.913450292398	0.957894736842	0.877192982456	0.885380116959	0.976608187135	0.897076023392	0.977777777778	0.361403508772	0.383625730994	0.341520467836	0.352046783626	0.348538011696	0.0	0.346198830409	0.377777777778	0.941520467836	0.927485380117	0.920467836257	0.911111111111	0.941520467836	0.897076023392	0.890058479532	0.923976608187	0.905263157895	0.908771929825	0.938011695906	0.920467836257	0.921637426901	0.887719298246	0.905263157895	0.885380116959	0.908771929825	0.846783625731	0.859649122807	0.849122807018	0.902923976608	0.899415204678	0.850292397661
DG6	0.922807017544	0.912280701754	0.905263157895	0.909941520468	0.923976608187	0.912280701754	0.904093567251	0.912280701754	0.926315789474	0.922807017544	0.927485380117	0.906432748538	0.922807017544	0.93216374269	0.934502923977	0.92865497076	0.908771929825	0.913450292398	0.768421052632	0.849122807018	0.86081871345	0.748538011696	0.853801169591	0.828070175439	0.955555555556	0.959064327485	0.963742690058	0.930994152047	0.923976608187	0.977777777778	0.93216374269	0.975438596491	0.322807017544	0.362573099415	0.343859649123	0.283040935673	0.333333333333	0.346198830409	0.0	0.361403508772	0.919298245614	0.916959064327	0.909941520468	0.908771929825	0.936842105263	0.915789473684	0.892397660819	0.907602339181	0.941520467836	0.916959064327	0.945029239766	0.929824561404	0.930994152047	0.918128654971	0.954385964912	0.906432748538	0.902923976608	0.908771929825	0.914619883041	0.893567251462	0.904093567251	0.898245614035	0.899415204678
DH6	0.915789473684	0.919298245614	0.907602339181	0.907602339181	0.920467836257	0.898245614035	0.911111111111	0.911111111111	0.911111111111	0.897076023392	0.911111111111	0.885380116959	0.911111111111	0.913450292398	0.915789473684	0.927485380117	0.895906432749	0.906432748538	0.768421052632	0.831578947368	0.852631578947	0.740350877193	0.846783625731	0.814035087719	0.940350877193	0.943859649123	0.959064327485	0.92865497076	0.93216374269	0.975438596491	0.94269005848	0.967251461988	0.346198830409	0.357894736842	0.33918128655	0.368421052632	0.368421052632	0.377777777778	0.361403508772	0.0	0.909941520468	0.913450292398	0.902923976608	0.900584795322	0.930994152047	0.901754385965	0.869005847953	0.901754385965	0.901754385965	0.884210526316	0.946198830409	0.920467836257	0.933333333333	0.870175438596	0.901754385965	0.895906432749	0.895906432749	0.897076023392	0.900584795322	0.884210526316	0.890058479532	0.897076023392	0.879532163743
DA7	0.959064327485	0.967251461988	0.954385964912	0.956725146199	0.956725146199	0.953216374269	0.956725146199	0.963742690058	0.913450292398	0.985964912281	0.952046783626	0.974269005848	0.983625730994	0.971929824561	0.983625730994	0.967251461988	0.963742690058	0.814035087719	0.936842105263	0.852631578947	0.804678362573	0.930994152047	0.837426900585	0.943859649123	0.954385964912	0.964912280702	0.971929824561	0.966081871345	0.955555555556	0.983625730994	0.966081871345	0.976608187135	0.911111111111	0.908771929825	0.918128654971	0.920467836257	0.905263157895	0.941520467836	0.919298245614	0.909941520468	0.0	0.404678362573	0.432748538012	0.506432748538	0.666666666667	0.373099415205	0.501754385965	0.356725146199	0.971929824561	0.956725146199	0.962573099415	0.973099415205	0.964912280702	0.960233918129	0.983625730994	0.842105263158	0.829239766082	0.946198830409	0.929824561404	0.919298245614	0.762573099415	0.897076023392	0.854970760234
DB7	0.956725146199	0.971929824561	0.945029239766	0.949707602339	0.962573099415	0.947368421053	0.954385964912	0.966081871345	0.902923976608	0.964912280702	0.941520467836	0.957894736842	0.966081871345	0.946198830409	0.969590643275	0.957894736842	0.949707602339	0.811695906433	0.926315789474	0.880701754386	0.885380116959	0.93918128655	0.86432748538	0.943859649123	0.930994152047	0.953216374269	0.975438596491	0.948538011696	0.933333333333	0.987134502924	0.945029239766	0.977777777778	0.908771929825	0.914619883041	0.923976608187	0.920467836257	0.905263157895	0.927485380117	0.916959064327	0.913450292398	0.404678362573	0.0	0.355555555556	0.46432748538	0.636257309942	0.363742690058	0.46783625731	0.327485380117	0.952046783626	0.943859649123	0.947368421053	0.949707602339	0.94269005848	0.950877192982	0.961403508772	0.824561403509	0.85730994152	0.92865497076	0.916959064327	0.904093567251	0.760233918129	0.877192982456	0.858479532164
