	DA5	DB5	DC5	DD5	DE5	DF5	DG5	DH5	DA2	DB2	DC2	DD2	DE2	DF2	DG2	DH2	DA1	DB1	DC1	DD1	DE1	DF1	DG1	DH1	DA4	DB4	DC4	DD4	DE4	DF4	DG4	DH4	DA6	DB6	DC6	DD6	DE6	DF6	DG6	DH6	DA7	DB7	DC7	DD7	DE7	DF7	DG7	DH7	DA8	DB8	DC8	DD8	DF8	DG8	DH8	DA3	DB3	DC3	DD3	DE3	DF3	DG3	DH3
DA5	0.0	0.39298245614	0.486549707602	0.395321637427	0.431578947368	0.472514619883	0.45730994152	0.356725146199	0.493567251462	0.608187134503	0.566081871345	0.715789473684	0.73918128655	0.821052631579	0.632748538012	0.505263157895	0.771929824561	0.776608187135	0.778947368421	0.645614035088	0.622222222222	0.705263157895	0.694736842105	0.757894736842	0.828070175439	0.829239766082	0.684210526316	0.718128654971	0.716959064327	0.697076023392	0.669005847953	0.698245614035	0.922807017544	0.894736842105	0.909941520468	0.920467836257	0.907602339181	0.918128654971	0.905263157895	0.920467836257	0.963742690058	0.961403508772	0.956725146199	0.92865497076	0.953216374269	0.938011695906	0.941520467836	0.964912280702	0.967251461988	0.956725146199	0.974269005848	0.963742690058	0.973099415205	0.960233918129	0.964912280702	0.701754385965	0.577777777778	0.695906432749	0.708771929825	0.614035087719	0.597660818713	0.687719298246	0.609356725146
DB5	0.39298245614	0.0	0.453801169591	0.410526315789	0.458479532164	0.423391812865	0.40350877193	0.385964912281	0.490058479532	0.645614035088	0.608187134503	0.726315789474	0.762573099415	0.837426900585	0.66432748538	0.520467836257	0.771929824561	0.775438596491	0.780116959064	0.639766081871	0.597660818713	0.701754385965	0.699415204678	0.757894736842	0.836257309942	0.835087719298	0.66081871345	0.719298245614	0.712280701754	0.66432748538	0.659649122807	0.669005847953	0.909941520468	0.899415204678	0.914619883041	0.930994152047	0.915789473684	0.930994152047	0.899415204678	0.929824561404	0.966081871345	0.966081871345	0.966081871345	0.929824561404	0.953216374269	0.950877192982	0.950877192982	0.967251461988	0.983625730994	0.971929824561	0.987134502924	0.971929824561	0.976608187135	0.970760233918	0.980116959064	0.700584795322	0.567251461988	0.699415204678	0.711111111111	0.635087719298	0.635087719298	0.684210526316	0.611695906433
DC5	0.486549707602	0.453801169591	0.0	0.493567251462	0.529824561404	0.417543859649	0.461988304094	0.47485380117	0.566081871345	0.701754385965	0.638596491228	0.752046783626	0.783625730994	0.809356725146	0.723976608187	0.624561403509	0.749707602339	0.819883040936	0.767251461988	0.659649122807	0.622222222222	0.647953216374	0.73918128655	0.701754385965	0.878362573099	0.876023391813	0.745029239766	0.720467836257	0.727485380117	0.759064327485	0.691228070175	0.759064327485	0.884210526316	0.87134502924	0.901754385965	0.908771929825	0.885380116959	0.906432748538	0.890058479532	0.912280701754	0.94269005848	0.934502923977	0.933333333333	0.880701754386	0.912280701754	0.904093567251	0.915789473684	0.933333333333	0.959064327485	0.950877192982	0.975438596491	0.948538011696	0.960233918129	0.953216374269	0.960233918129	0.672514619883	0.590643274854	0.677192982456	0.690058479532	0.608187134503	0.665497076023	0.654970760234	0.587134502924
DD5	0.395321637427	0.410526315789	0.493567251462	0.0	0.353216374269	0.472514619883	0.476023391813	0.377777777778	0.52865497076	0.547368421053	0.577777777778	0.753216374269	0.775438596491	0.824561403509	0.629239766082	0.53216374269	0.781286549708	0.816374269006	0.778947368421	0.665497076023	0.626900584795	0.711111111111	0.736842105263	0.760233918129	0.881871345029	0.878362573099	0.747368421053	0.727485380117	0.72865497076	0.749707602339	0.714619883041	0.756725146199	0.906432748538	0.897076023392	0.919298245614	0.930994152047	0.913450292398	0.92514619883	0.899415204678	0.936842105263	0.966081871345	0.968421052632	0.961403508772	0.947368421053	0.964912280702	0.949707602339	0.953216374269	0.959064327485	0.977777777778	0.968421052632	0.989473684211	0.968421052632	0.975438596491	0.967251461988	0.976608187135	0.730994152047	0.594152046784	0.726315789474	0.736842105263	0.630409356725	0.605847953216	0.706432748538	0.642105263158
DE5	0.431578947368	0.458479532164	0.529824561404	0.353216374269	0.0	0.515789473684	0.506432748538	0.412865497076	0.507602339181	0.562573099415	0.564912280702	0.746198830409	0.777777777778	0.835087719298	0.629239766082	0.515789473684	0.788304093567	0.811695906433	0.79298245614	0.677192982456	0.629239766082	0.719298245614	0.729824561404	0.776608187135	0.870175438596	0.866666666667	0.764912280702	0.740350877193	0.753216374269	0.767251461988	0.740350877193	0.770760233918	0.923976608187	0.899415204678	0.915789473684	0.930994152047	0.923976608187	0.93918128655	0.913450292398	0.938011695906	0.959064327485	0.966081871345	0.960233918129	0.940350877193	0.964912280702	0.953216374269	0.950877192982	0.955555555556	0.976608187135	0.971929824561	0.983625730994	0.968421052632	0.984795321637	0.975438596491	0.983625730994	0.763742690058	0.626900584795	0.763742690058	0.778947368421	0.672514619883	0.605847953216	0.743859649123	0.670175438596
DF5	0.472514619883	0.423391812865	0.417543859649	0.472514619883	0.515789473684	0.0	0.40350877193	0.456140350877	0.543859649123	0.685380116959	0.630409356725	0.753216374269	0.787134502924	0.808187134503	0.699415204678	0.602339181287	0.752046783626	0.819883040936	0.771929824561	0.646783625731	0.615204678363	0.669005847953	0.736842105263	0.729824561404	0.883040935673	0.877192982456	0.702923976608	0.736842105263	0.738011695906	0.729824561404	0.639766081871	0.707602339181	0.895906432749	0.884210526316	0.899415204678	0.916959064327	0.894736842105	0.912280701754	0.887719298246	0.921637426901	0.952046783626	0.941520467836	0.93918128655	0.901754385965	0.92514619883	0.919298245614	0.920467836257	0.946198830409	0.969590643275	0.959064327485	0.978947368421	0.961403508772	0.966081871345	0.954385964912	0.961403508772	0.631578947368	0.546198830409	0.643274853801	0.651461988304	0.610526315789	0.65730994152	0.617543859649	0.529824561404
DG5	0.45730994152	0.40350877193	0.461988304094	0.476023391813	0.506432748538	0.40350877193	0.0	0.432748538012	0.550877192982	0.683040935673	0.647953216374	0.72865497076	0.760233918129	0.821052631579	0.699415204678	0.580116959064	0.770760233918	0.79649122807	0.770760233918	0.652631578947	0.621052631579	0.708771929825	0.718128654971	0.748538011696	0.839766081871	0.839766081871	0.66783625731	0.708771929825	0.705263157895	0.685380116959	0.589473684211	0.658479532164	0.912280701754	0.906432748538	0.912280701754	0.93567251462	0.914619883041	0.927485380117	0.905263157895	0.93918128655	0.964912280702	0.961403508772	0.960233918129	0.936842105263	0.960233918129	0.945029239766	0.946198830409	0.963742690058	0.976608187135	0.970760233918	0.983625730994	0.967251461988	0.971929824561	0.962573099415	0.969590643275	0.635087719298	0.567251461988	0.669005847953	0.684210526316	0.632748538012	0.679532163743	0.612865497076	0.556725146199
DH5	0.356725146199	0.385964912281	0.47485380117	0.377777777778	0.412865497076	0.456140350877	0.432748538012	0.0	0.505263157895	0.594152046784	0.555555555556	0.720467836257	0.749707602339	0.810526315789	0.612865497076	0.520467836257	0.768421052632	0.798830409357	0.776608187135	0.649122807018	0.623391812865	0.697076023392	0.715789473684	0.746198830409	0.850292397661	0.849122807018	0.702923976608	0.704093567251	0.707602339181	0.713450292398	0.669005847953	0.713450292398	0.919298245614	0.897076023392	0.905263157895	0.927485380117	0.907602339181	0.921637426901	0.899415204678	0.926315789474	0.957894736842	0.955555555556	0.950877192982	0.936842105263	0.952046783626	0.933333333333	0.930994152047	0.952046783626	0.955555555556	0.952046783626	0.975438596491	0.949707602339	0.967251461988	0.952046783626	0.963742690058	0.704093567251	0.588304093567	0.701754385965	0.714619883041	0.619883040936	0.6	0.686549707602	0.60701754386
DA2	0.493567251462	0.490058479532	0.566081871345	0.52865497076	0.507602339181	0.543859649123	0.550877192982	0.505263157895	0.0	0.60350877193	0.52514619883	0.652631578947	0.680701754386	0.746198830409	0.59298245614	0.422222222222	0.692397660819	0.698245614035	0.715789473684	0.59298245614	0.584795321637	0.691228070175	0.609356725146	0.701754385965	0.759064327485	0.778947368421	0.698245614035	0.653801169591	0.665497076023	0.707602339181	0.663157894737	0.720467836257	0.923976608187	0.908771929825	0.93216374269	0.920467836257	0.899415204678	0.895906432749	0.921637426901	0.919298245614	0.905263157895	0.905263157895	0.900584795322	0.895906432749	0.93216374269	0.853801169591	0.902923976608	0.893567251462	0.913450292398	0.911111111111	0.940350877193	0.901754385965	0.923976608187	0.892397660819	0.887719298246	0.711111111111	0.615204678363	0.683040935673	0.688888888889	0.595321637427	0.6	0.711111111111	0.581286549708
DB2	0.608187134503	0.645614035088	0.701754385965	0.547368421053	0.562573099415	0.685380116959	0.683040935673	0.594152046784	0.60350877193	0.0	0.529824561404	0.637426900585	0.669005847953	0.691228070175	0.497076023392	0.626900584795	0.759064327485	0.847953216374	0.764912280702	0.73918128655	0.773099415205	0.769590643275	0.761403508772	0.712280701754	0.836257309942	0.846783625731	0.893567251462	0.804678362573	0.80350877193	0.902923976608	0.824561403509	0.915789473684	0.914619883041	0.894736842105	0.907602339181	0.933333333333	0.911111111111	0.877192982456	0.906432748538	0.916959064327	0.987134502924	0.969590643275	0.957894736842	0.954385964912	0.981286549708	0.946198830409	0.941520467836	0.980116959064	0.926315789474	0.93216374269	0.960233918129	0.916959064327	0.954385964912	0.890058479532	0.872514619883	0.854970760234	0.746198830409	0.774269005848	0.777777777778	0.672514619883	0.677192982456	0.853801169591	0.702923976608
DC2	0.566081871345	0.608187134503	0.638596491228	0.577777777778	0.564912280702	0.630409356725	0.647953216374	0.555555555556	0.52514619883	0.529824561404	0.0	0.644444444444	0.661988304094	0.637426900585	0.509941520468	0.560233918129	0.644444444444	0.801169590643	0.749707602339	0.704093567251	0.726315789474	0.734502923977	0.73216374269	0.67485380117	0.832748538012	0.839766081871	0.833918128655	0.723976608187	0.711111111111	0.838596491228	0.719298245614	0.85730994152	0.92865497076	0.911111111111	0.909941520468	0.93216374269	0.922807017544	0.872514619883	0.916959064327	0.919298245614	0.964912280702	0.955555555556	0.941520467836	0.921637426901	0.955555555556	0.920467836257	0.922807017544	0.955555555556	0.880701754386	0.888888888889	0.919298245614	0.877192982456	0.914619883041	0.843274853801	0.80701754386	0.764912280702	0.659649122807	0.663157894737	0.666666666667	0.578947368421	0.601169590643	0.768421052632	0.604678362573
DD2	0.715789473684	0.726315789474	0.752046783626	0.753216374269	0.746198830409	0.753216374269	0.72865497076	0.720467836257	0.652631578947	0.637426900585	0.644444444444	0.0	0.45730994152	0.556725146199	0.575438596491	0.704093567251	0.67485380117	0.769590643275	0.699415204678	0.708771929825	0.743859649123	0.746198830409	0.684210526316	0.645614035088	0.760233918129	0.768421052632	0.828070175439	0.752046783626	0.766081871345	0.838596491228	0.771929824561	0.844444444444	0.904093567251	0.888888888889	0.888888888889	0.923976608187	0.902923976608	0.869005847953	0.902923976608	0.901754385965	0.974269005848	0.959064327485	0.945029239766	0.938011695906	0.968421052632	0.929824561404	0.923976608187	0.962573099415	0.915789473684	0.923976608187	0.960233918129	0.911111111111	0.947368421053	0.879532163743	0.819883040936	0.852631578947	0.838596491228	0.66783625731	0.697076023392	0.681871345029	0.811695906433	0.856140350877	0.715789473684
DE2	0.73918128655	0.762573099415	0.783625730994	0.775438596491	0.777777777778	0.787134502924	0.760233918129	0.749707602339	0.680701754386	0.669005847953	0.661988304094	0.45730994152	0.0	0.543859649123	0.598830409357	0.729824561404	0.690058479532	0.790643274854	0.702923976608	0.715789473684	0.761403508772	0.749707602339	0.714619883041	0.658479532164	0.794152046784	0.794152046784	0.853801169591	0.775438596491	0.790643274854	0.865497076023	0.801169590643	0.872514619883	0.916959064327	0.909941520468	0.888888888889	0.922807017544	0.912280701754	0.86081871345	0.909941520468	0.907602339181	0.978947368421	0.955555555556	0.949707602339	0.947368421053	0.968421052632	0.93216374269	0.93216374269	0.968421052632	0.912280701754	0.923976608187	0.964912280702	0.901754385965	0.959064327485	0.876023391813	0.823391812865	0.866666666667	0.840935672515	0.67485380117	0.705263157895	0.685380116959	0.821052631579	0.869005847953	0.722807017544
DF2	0.821052631579	0.837426900585	0.809356725146	0.824561403509	0.835087719298	0.808187134503	0.821052631579	0.810526315789	0.746198830409	0.691228070175	0.637426900585	0.556725146199	0.543859649123	0.0	0.616374269006	0.798830409357	0.687719298246	0.876023391813	0.749707602339	0.814035087719	0.853801169591	0.788304093567	0.809356725146	0.688888888889	0.851461988304	0.854970760234	0.909941520468	0.789473684211	0.811695906433	0.92514619883	0.815204678363	0.93567251462	0.94269005848	0.929824561404	0.920467836257	0.949707602339	0.938011695906	0.885380116959	0.940350877193	0.93216374269	0.985964912281	0.964912280702	0.948538011696	0.945029239766	0.976608187135	0.94269005848	0.930994152047	0.966081871345	0.913450292398	0.92865497076	0.959064327485	0.911111111111	0.953216374269	0.878362573099	0.815204678363	0.847953216374	0.847953216374	0.666666666667	0.672514619883	0.686549707602	0.824561403509	0.846783625731	0.718128654971
DG2	0.632748538012	0.66432748538	0.723976608187	0.629239766082	0.629239766082	0.699415204678	0.699415204678	0.612865497076	0.59298245614	0.497076023392	0.509941520468	0.575438596491	0.598830409357	0.616374269006	0.0	0.630409356725	0.686549707602	0.823391812865	0.73216374269	0.747368421053	0.798830409357	0.769590643275	0.74269005848	0.65730994152	0.837426900585	0.845614035088	0.892397660819	0.787134502924	0.791812865497	0.894736842105	0.79649122807	0.904093567251	0.94269005848	0.921637426901	0.918128654971	0.947368421053	0.93918128655	0.890058479532	0.93918128655	0.926315789474	0.991812865497	0.975438596491	0.963742690058	0.959064327485	0.978947368421	0.946198830409	0.93918128655	0.984795321637	0.908771929825	0.915789473684	0.943859649123	0.892397660819	0.940350877193	0.861988304094	0.811695906433	0.851461988304	0.747368421053	0.695906432749	0.721637426901	0.645614035088	0.686549707602	0.859649122807	0.691228070175
DH2	0.505263157895	0.520467836257	0.624561403509	0.53216374269	0.515789473684	0.602339181287	0.580116959064	0.520467836257	0.422222222222	0.626900584795	0.560233918129	0.704093567251	0.729824561404	0.798830409357	0.630409356725	0.0	0.773099415205	0.733333333333	0.777777777778	0.66432748538	0.66081871345	0.727485380117	0.642105263158	0.771929824561	0.73216374269	0.73567251462	0.673684210526	0.762573099415	0.767251461988	0.690058479532	0.753216374269	0.688888888889	0.926315789474	0.915789473684	0.938011695906	0.92865497076	0.912280701754	0.929824561404	0.921637426901	0.927485380117	0.962573099415	0.947368421053	0.950877192982	0.93216374269	0.954385964912	0.93216374269	0.93216374269	0.950877192982	0.953216374269	0.954385964912	0.971929824561	0.950877192982	0.966081871345	0.948538011696	0.957894736842	0.775438596491	0.66432748538	0.780116959064	0.787134502924	0.693567251462	0.611695906433	0.766081871345	0.683040935673
DA1	0.771929824561	0.771929824561	0.749707602339	0.781286549708	0.788304093567	0.752046783626	0.770760233918	0.768421052632	0.692397660819	0.759064327485	0.644444444444	0.67485380117	0.690058479532	0.687719298246	0.686549707602	0.773099415205	0.0	0.629239766082	0.614035087719	0.695906432749	0.723976608187	0.663157894737	0.720467836257	0.52865497076	0.812865497076	0.824561403509	0.825730994152	0.680701754386	0.691228070175	0.835087719298	0.672514619883	0.849122807018	0.900584795322	0.898245614035	0.894736842105	0.909941520468	0.895906432749	0.843274853801	0.892397660819	0.898245614035	0.962573099415	0.952046783626	0.934502923977	0.915789473684	0.943859649123	0.915789473684	0.921637426901	0.947368421053	0.763742690058	0.746198830409	0.798830409357	0.743859649123	0.778947368421	0.720467836257	0.670175438596	0.808187134503	0.839766081871	0.672514619883	0.672514619883	0.702923976608	0.819883040936	0.810526315789	0.723976608187
DB1	0.776608187135	0.775438596491	0.819883040936	0.816374269006	0.811695906433	0.819883040936	0.79649122807	0.798830409357	0.698245614035	0.847953216374	0.801169590643	0.769590643275	0.790643274854	0.876023391813	0.823391812865	0.733333333333	0.629239766082	0.0	0.72865497076	0.663157894737	0.684210526316	0.746198830409	0.545029239766	0.712280701754	0.754385964912	0.763742690058	0.79298245614	0.812865497076	0.79649122807	0.795321637427	0.784795321637	0.811695906433	0.908771929825	0.898245614035	0.912280701754	0.914619883041	0.902923976608	0.908771929825	0.911111111111	0.923976608187	0.774269005848	0.769590643275	0.771929824561	0.783625730994	0.79649122807	0.740350877193	0.789473684211	0.770760233918	0.755555555556	0.733333333333	0.769590643275	0.73918128655	0.773099415205	0.73918128655	0.766081871345	0.854970760234	0.859649122807	0.87134502924	0.86783625731	0.877192982456	0.828070175439	0.877192982456	0.856140350877
DC1	0.778947368421	0.780116959064	0.767251461988	0.778947368421	0.79298245614	0.771929824561	0.770760233918	0.776608187135	0.715789473684	0.764912280702	0.749707602339	0.699415204678	0.702923976608	0.749707602339	0.73216374269	0.777777777778	0.614035087719	0.72865497076	0.0	0.584795321637	0.647953216374	0.488888888889	0.630409356725	0.491228070175	0.79649122807	0.801169590643	0.858479532164	0.738011695906	0.761403508772	0.865497076023	0.756725146199	0.870175438596	0.771929824561	0.761403508772	0.773099415205	0.775438596491	0.753216374269	0.733333333333	0.775438596491	0.762573099415	0.918128654971	0.916959064327	0.900584795322	0.884210526316	0.906432748538	0.880701754386	0.877192982456	0.908771929825	0.923976608187	0.906432748538	0.964912280702	0.906432748538	0.948538011696	0.883040935673	0.850292397661	0.80701754386	0.826900584795	0.746198830409	0.747368421053	0.745029239766	0.812865497076	0.810526315789	0.73567251462
DD1	0.645614035088	0.639766081871	0.659649122807	0.665497076023	0.677192982456	0.646783625731	0.652631578947	0.649122807018	0.59298245614	0.73918128655	0.704093567251	0.708771929825	0.715789473684	0.814035087719	0.747368421053	0.66432748538	0.695906432749	0.663157894737	0.584795321637	0.0	0.388304093567	0.499415204678	0.46783625731	0.541520467836	0.817543859649	0.814035087719	0.814035087719	0.791812865497	0.790643274854	0.819883040936	0.777777777778	0.823391812865	0.826900584795	0.809356725146	0.814035087719	0.838596491228	0.809356725146	0.822222222222	0.822222222222	0.842105263158	0.821052631579	0.884210526316	0.887719298246	0.886549707602	0.906432748538	0.805847953216	0.905263157895	0.87134502924	0.953216374269	0.92865497076	0.973099415205	0.938011695906	0.962573099415	0.934502923977	0.956725146199	0.798830409357	0.734502923977	0.784795321637	0.798830409357	0.721637426901	0.720467836257	0.787134502924	0.707602339181
DE1	0.622222222222	0.597660818713	0.622222222222	0.626900584795	0.629239766082	0.615204678363	0.621052631579	0.623391812865	0.584795321637	0.773099415205	0.726315789474	0.743859649123	0.761403508772	0.853801169591	0.798830409357	0.66081871345	0.723976608187	0.684210526316	0.647953216374	0.388304093567	0.0	0.573099415205	0.487719298246	0.633918128655	0.844444444444	0.842105263158	0.769590643275	0.780116959064	0.780116959064	0.769590643275	0.770760233918	0.774269005848	0.861988304094	0.847953216374	0.879532163743	0.876023391813	0.861988304094	0.894736842105	0.866666666667	0.897076023392	0.773099415205	0.905263157895	0.909941520468	0.894736842105	0.898245614035	0.830409356725	0.936842105263	0.877192982456	0.981286549708	0.959064327485	0.987134502924	0.970760233918	0.985964912281	0.961403508772	0.991812865497	0.775438596491	0.698245614035	0.778947368421	0.782456140351	0.715789473684	0.704093567251	0.756725146199	0.707602339181
DF1	0.705263157895	0.701754385965	0.647953216374	0.711111111111	0.719298245614	0.669005847953	0.708771929825	0.697076023392	0.691228070175	0.769590643275	0.734502923977	0.746198830409	0.749707602339	0.788304093567	0.769590643275	0.727485380117	0.663157894737	0.746198830409	0.488888888889	0.499415204678	0.573099415205	0.0	0.609356725146	0.466666666667	0.836257309942	0.837426900585	0.849122807018	0.780116959064	0.790643274854	0.853801169591	0.777777777778	0.859649122807	0.778947368421	0.755555555556	0.769590643275	0.766081871345	0.749707602339	0.743859649123	0.771929824561	0.766081871345	0.933333333333	0.934502923977	0.929824561404	0.893567251462	0.908771929825	0.899415204678	0.906432748538	0.93216374269	0.933333333333	0.920467836257	0.964912280702	0.920467836257	0.959064327485	0.909941520468	0.923976608187	0.785964912281	0.782456140351	0.761403508772	0.771929824561	0.740350877193	0.766081871345	0.775438596491	0.73567251462
DG1	0.694736842105	0.699415204678	0.73918128655	0.736842105263	0.729824561404	0.736842105263	0.718128654971	0.715789473684	0.609356725146	0.761403508772	0.73216374269	0.684210526316	0.714619883041	0.809356725146	0.74269005848	0.642105263158	0.720467836257	0.545029239766	0.630409356725	0.46783625731	0.487719298246	0.609356725146	0.0	0.622222222222	0.695906432749	0.705263157895	0.747368421053	0.795321637427	0.787134502924	0.755555555556	0.763742690058	0.766081871345	0.852631578947	0.832748538012	0.851461988304	0.858479532164	0.837426900585	0.845614035088	0.849122807018	0.859649122807	0.829239766082	0.892397660819	0.894736842105	0.913450292398	0.92514619883	0.810526315789	0.901754385965	0.870175438596	0.913450292398	0.885380116959	0.92865497076	0.900584795322	0.922807017544	0.890058479532	0.908771929825	0.839766081871	0.797660818713	0.846783625731	0.850292397661	0.794152046784	0.788304093567	0.836257309942	0.777777777778
DH1	0.757894736842	0.757894736842	0.701754385965	0.760233918129	0.776608187135	0.729824561404	0.748538011696	0.746198830409	0.701754385965	0.712280701754	0.67485380117	0.645614035088	0.658479532164	0.688888888889	0.65730994152	0.771929824561	0.52865497076	0.712280701754	0.491228070175	0.541520467836	0.633918128655	0.466666666667	0.622222222222	0.0	0.80701754386	0.809356725146	0.86081871345	0.720467836257	0.730994152047	0.86432748538	0.741520467836	0.880701754386	0.814035087719	0.815204678363	0.821052631579	0.823391812865	0.812865497076	0.774269005848	0.818713450292	0.818713450292	0.950877192982	0.943859649123	0.93216374269	0.881871345029	0.904093567251	0.911111111111	0.908771929825	0.941520467836	0.894736842105	0.880701754386	0.933333333333	0.876023391813	0.922807017544	0.843274853801	0.80350877193	0.815204678363	0.835087719298	0.699415204678	0.704093567251	0.716959064327	0.822222222222	0.809356725146	0.727485380117
DA4	0.828070175439	0.836257309942	0.878362573099	0.881871345029	0.870175438596	0.883040935673	0.839766081871	0.850292397661	0.759064327485	0.836257309942	0.832748538012	0.760233918129	0.794152046784	0.851461988304	0.837426900585	0.73216374269	0.812865497076	0.754385964912	0.79649122807	0.817543859649	0.844444444444	0.836257309942	0.695906432749	0.80701754386	0.0	0.410526315789	0.566081871345	0.73216374269	0.723976608187	0.522807017544	0.775438596491	0.536842105263	0.949707602339	0.954385964912	0.949707602339	0.968421052632	0.950877192982	0.911111111111	0.957894736842	0.947368421053	0.957894736842	0.941520467836	0.933333333333	0.933333333333	0.950877192982	0.919298245614	0.921637426901	0.945029239766	0.93567251462	0.940350877193	0.968421052632	0.927485380117	0.960233918129	0.929824561404	0.912280701754	0.880701754386	0.908771929825	0.856140350877	0.846783625731	0.859649122807	0.892397660819	0.890058479532	0.845614035088
DB4	0.829239766082	0.835087719298	0.876023391813	0.878362573099	0.866666666667	0.877192982456	0.839766081871	0.849122807018	0.778947368421	0.846783625731	0.839766081871	0.768421052632	0.794152046784	0.854970760234	0.845614035088	0.73567251462	0.824561403509	0.763742690058	0.801169590643	0.814035087719	0.842105263158	0.837426900585	0.705263157895	0.809356725146	0.410526315789	0.0	0.54269005848	0.746198830409	0.738011695906	0.536842105263	0.789473684211	0.536842105263	0.950877192982	0.938011695906	0.943859649123	0.956725146199	0.94269005848	0.914619883041	0.959064327485	0.943859649123	0.959064327485	0.945029239766	0.940350877193	0.936842105263	0.950877192982	0.926315789474	0.921637426901	0.946198830409	0.94269005848	0.943859649123	0.968421052632	0.938011695906	0.964912280702	0.929824561404	0.918128654971	0.895906432749	0.921637426901	0.86432748538	0.856140350877	0.866666666667	0.908771929825	0.901754385965	0.86432748538
DC4	0.684210526316	0.66081871345	0.745029239766	0.747368421053	0.764912280702	0.702923976608	0.66783625731	0.702923976608	0.698245614035	0.893567251462	0.833918128655	0.828070175439	0.853801169591	0.909941520468	0.892397660819	0.673684210526	0.825730994152	0.79298245614	0.858479532164	0.814035087719	0.769590643275	0.849122807018	0.747368421053	0.86081871345	0.566081871345	0.54269005848	0.0	0.727485380117	0.712280701754	0.33567251462	0.645614035088	0.338011695906	0.975438596491	0.961403508772	0.966081871345	0.977777777778	0.964912280702	0.961403508772	0.974269005848	0.968421052632	0.984795321637	0.978947368421	0.975438596491	0.968421052632	0.977777777778	0.970760233918	0.961403508772	0.984795321637	0.964912280702	0.960233918129	0.976608187135	0.964912280702	0.975438596491	0.966081871345	0.963742690058	0.748538011696	0.761403508772	0.743859649123	0.743859649123	0.788304093567	0.858479532164	0.756725146199	0.741520467836
DD4	0.718128654971	0.719298245614	0.720467836257	0.727485380117	0.740350877193	0.736842105263	0.708771929825	0.704093567251	0.653801169591	0.804678362573	0.723976608187	0.752046783626	0.775438596491	0.789473684211	0.787134502924	0.762573099415	0.680701754386	0.812865497076	0.738011695906	0.791812865497	0.780116959064	0.780116959064	0.795321637427	0.720467836257	0.73216374269	0.746198830409	0.727485380117	0.0	0.411695906433	0.733333333333	0.597660818713	0.748538011696	0.93567251462	0.93918128655	0.927485380117	0.948538011696	0.923976608187	0.881871345029	0.93567251462	0.93216374269	0.960233918129	0.941520467836	0.92865497076	0.918128654971	0.959064327485	0.920467836257	0.916959064327	0.93918128655	0.905263157895	0.901754385965	0.93918128655	0.890058479532	0.921637426901	0.881871345029	0.872514619883	0.757894736842	0.791812865497	0.713450292398	0.701754385965	0.701754385965	0.819883040936	0.768421052632	0.702923976608
DE4	0.716959064327	0.712280701754	0.727485380117	0.72865497076	0.753216374269	0.738011695906	0.705263157895	0.707602339181	0.665497076023	0.80350877193	0.711111111111	0.766081871345	0.790643274854	0.811695906433	0.791812865497	0.767251461988	0.691228070175	0.79649122807	0.761403508772	0.790643274854	0.780116959064	0.790643274854	0.787134502924	0.730994152047	0.723976608187	0.738011695906	0.712280701754	0.411695906433	0.0	0.715789473684	0.59649122807	0.73567251462	0.950877192982	0.952046783626	0.93216374269	0.955555555556	0.936842105263	0.883040935673	0.936842105263	0.934502923977	0.963742690058	0.941520467836	0.936842105263	0.926315789474	0.964912280702	0.914619883041	0.911111111111	0.940350877193	0.894736842105	0.902923976608	0.933333333333	0.879532163743	0.926315789474	0.880701754386	0.863157894737	0.757894736842	0.790643274854	0.706432748538	0.700584795322	0.711111111111	0.822222222222	0.771929824561	0.708771929825
DF4	0.697076023392	0.66432748538	0.759064327485	0.749707602339	0.767251461988	0.729824561404	0.685380116959	0.713450292398	0.707602339181	0.902923976608	0.838596491228	0.838596491228	0.865497076023	0.92514619883	0.894736842105	0.690058479532	0.835087719298	0.795321637427	0.865497076023	0.819883040936	0.769590643275	0.853801169591	0.755555555556	0.86432748538	0.522807017544	0.536842105263	0.33567251462	0.733333333333	0.715789473684	0.0	0.66783625731	0.299415204678	0.977777777778	0.970760233918	0.967251461988	0.970760233918	0.970760233918	0.968421052632	0.975438596491	0.974269005848	0.982456140351	0.980116959064	0.976608187135	0.968421052632	0.978947368421	0.970760233918	0.967251461988	0.982456140351	0.974269005848	0.970760233918	0.981286549708	0.975438596491	0.978947368421	0.975438596491	0.973099415205	0.769590643275	0.773099415205	0.762573099415	0.764912280702	0.8	0.85730994152	0.769590643275	0.763742690058
DG4	0.669005847953	0.659649122807	0.691228070175	0.714619883041	0.740350877193	0.639766081871	0.589473684211	0.669005847953	0.663157894737	0.824561403509	0.719298245614	0.771929824561	0.801169590643	0.815204678363	0.79649122807	0.753216374269	0.672514619883	0.784795321637	0.756725146199	0.777777777778	0.770760233918	0.777777777778	0.763742690058	0.741520467836	0.775438596491	0.789473684211	0.645614035088	0.597660818713	0.59649122807	0.66783625731	0.0	0.653801169591	0.946198830409	0.941520467836	0.929824561404	0.950877192982	0.915789473684	0.895906432749	0.93567251462	0.923976608187	0.963742690058	0.938011695906	0.936842105263	0.911111111111	0.964912280702	0.909941520468	0.902923976608	0.938011695906	0.885380116959	0.888888888889	0.914619883041	0.865497076023	0.893567251462	0.87485380117	0.858479532164	0.611695906433	0.726315789474	0.669005847953	0.663157894737	0.716959064327	0.826900584795	0.618713450292	0.631578947368
DH4	0.698245614035	0.669005847953	0.759064327485	0.756725146199	0.770760233918	0.707602339181	0.658479532164	0.713450292398	0.720467836257	0.915789473684	0.85730994152	0.844444444444	0.872514619883	0.93567251462	0.904093567251	0.688888888889	0.849122807018	0.811695906433	0.870175438596	0.823391812865	0.774269005848	0.859649122807	0.766081871345	0.880701754386	0.536842105263	0.536842105263	0.338011695906	0.748538011696	0.73567251462	0.299415204678	0.653801169591	0.0	0.977777777778	0.968421052632	0.969590643275	0.973099415205	0.973099415205	0.969590643275	0.978947368421	0.973099415205	0.988304093567	0.981286549708	0.984795321637	0.977777777778	0.980116959064	0.977777777778	0.971929824561	0.983625730994	0.983625730994	0.978947368421	0.987134502924	0.978947368421	0.982456140351	0.981286549708	0.982456140351	0.748538011696	0.752046783626	0.74269005848	0.749707602339	0.80350877193	0.86081871345	0.740350877193	0.745029239766
DA6	0.922807017544	0.909941520468	0.884210526316	0.906432748538	0.923976608187	0.895906432749	0.912280701754	0.919298245614	0.923976608187	0.914619883041	0.92865497076	0.904093567251	0.916959064327	0.94269005848	0.94269005848	0.926315789474	0.900584795322	0.908771929825	0.771929824561	0.826900584795	0.861988304094	0.778947368421	0.852631578947	0.814035087719	0.949707602339	0.950877192982	0.975438596491	0.93567251462	0.950877192982	0.977777777778	0.946198830409	0.977777777778	0.0	0.313450292398	0.363742690058	0.355555555556	0.360233918129	0.360233918129	0.319298245614	0.348538011696	0.885380116959	0.891228070175	0.873684210526	0.908771929825	0.93567251462	0.895906432749	0.861988304094	0.876023391813	0.956725146199	0.920467836257	0.964912280702	0.941520467836	0.945029239766	0.92865497076	0.969590643275	0.891228070175	0.869005847953	0.919298245614	0.909941520468	0.899415204678	0.870175438596	0.876023391813	0.869005847953
DB6	0.894736842105	0.899415204678	0.87134502924	0.897076023392	0.899415204678	0.884210526316	0.906432748538	0.897076023392	0.908771929825	0.894736842105	0.911111111111	0.888888888889	0.909941520468	0.929824561404	0.921637426901	0.915789473684	0.898245614035	0.898245614035	0.761403508772	0.809356725146	0.847953216374	0.755555555556	0.832748538012	0.815204678363	0.954385964912	0.938011695906	0.961403508772	0.93918128655	0.952046783626	0.970760233918	0.941520467836	0.968421052632	0.313450292398	0.0	0.359064327485	0.352046783626	0.34269005848	0.355555555556	0.315789473684	0.362573099415	0.902923976608	0.905263157895	0.898245614035	0.912280701754	0.933333333333	0.895906432749	0.876023391813	0.894736842105	0.947368421053	0.907602339181	0.954385964912	0.926315789474	0.956725146199	0.918128654971	0.963742690058	0.878362573099	0.872514619883	0.905263157895	0.895906432749	0.883040935673	0.87485380117	0.883040935673	0.861988304094
DC6	0.909941520468	0.914619883041	0.901754385965	0.919298245614	0.915789473684	0.899415204678	0.912280701754	0.905263157895	0.93216374269	0.907602339181	0.909941520468	0.888888888889	0.888888888889	0.920467836257	0.918128654971	0.938011695906	0.894736842105	0.912280701754	0.773099415205	0.814035087719	0.879532163743	0.769590643275	0.851461988304	0.821052631579	0.949707602339	0.943859649123	0.966081871345	0.927485380117	0.93216374269	0.967251461988	0.929824561404	0.969590643275	0.363742690058	0.359064327485	0.0	0.395321637427	0.360233918129	0.370760233918	0.362573099415	0.362573099415	0.915789473684	0.904093567251	0.900584795322	0.915789473684	0.941520467836	0.899415204678	0.880701754386	0.898245614035	0.945029239766	0.901754385965	0.953216374269	0.92514619883	0.945029239766	0.918128654971	0.964912280702	0.899415204678	0.900584795322	0.908771929825	0.907602339181	0.888888888889	0.895906432749	0.898245614035	0.880701754386
DD6	0.920467836257	0.930994152047	0.908771929825	0.930994152047	0.930994152047	0.916959064327	0.93567251462	0.927485380117	0.920467836257	0.933333333333	0.93216374269	0.923976608187	0.922807017544	0.949707602339	0.947368421053	0.92865497076	0.909941520468	0.914619883041	0.775438596491	0.838596491228	0.876023391813	0.766081871345	0.858479532164	0.823391812865	0.968421052632	0.956725146199	0.977777777778	0.948538011696	0.955555555556	0.970760233918	0.950877192982	0.973099415205	0.355555555556	0.352046783626	0.395321637427	0.0	0.373099415205	0.345029239766	0.302923976608	0.377777777778	0.923976608187	0.919298245614	0.92514619883	0.921637426901	0.92865497076	0.912280701754	0.905263157895	0.920467836257	0.952046783626	0.918128654971	0.962573099415	0.947368421053	0.957894736842	0.92865497076	0.971929824561	0.87485380117	0.865497076023	0.894736842105	0.885380116959	0.86432748538	0.870175438596	0.856140350877	0.895906432749
DE6	0.907602339181	0.915789473684	0.885380116959	0.913450292398	0.923976608187	0.894736842105	0.914619883041	0.907602339181	0.899415204678	0.911111111111	0.922807017544	0.902923976608	0.912280701754	0.938011695906	0.93918128655	0.912280701754	0.895906432749	0.902923976608	0.753216374269	0.809356725146	0.861988304094	0.749707602339	0.837426900585	0.812865497076	0.950877192982	0.94269005848	0.964912280702	0.923976608187	0.936842105263	0.970760233918	0.915789473684	0.973099415205	0.360233918129	0.34269005848	0.360233918129	0.373099415205	0.0	0.381286549708	0.355555555556	0.370760233918	0.907602339181	0.895906432749	0.886549707602	0.901754385965	0.927485380117	0.877192982456	0.866666666667	0.888888888889	0.943859649123	0.901754385965	0.945029239766	0.921637426901	0.93567251462	0.919298245614	0.960233918129	0.899415204678	0.890058479532	0.916959064327	0.908771929825	0.886549707602	0.892397660819	0.881871345029	0.87485380117
DF6	0.918128654971	0.930994152047	0.906432748538	0.92514619883	0.93918128655	0.912280701754	0.927485380117	0.921637426901	0.895906432749	0.877192982456	0.872514619883	0.869005847953	0.86081871345	0.885380116959	0.890058479532	0.929824561404	0.843274853801	0.908771929825	0.733333333333	0.822222222222	0.894736842105	0.743859649123	0.845614035088	0.774269005848	0.911111111111	0.914619883041	0.961403508772	0.881871345029	0.883040935673	0.968421052632	0.895906432749	0.969590643275	0.360233918129	0.355555555556	0.370760233918	0.345029239766	0.381286549708	0.0	0.338011695906	0.348538011696	0.936842105263	0.922807017544	0.921637426901	0.920467836257	0.94269005848	0.891228070175	0.884210526316	0.915789473684	0.930994152047	0.888888888889	0.949707602339	0.904093567251	0.943859649123	0.878362573099	0.912280701754	0.891228070175	0.915789473684	0.87485380117	0.863157894737	0.849122807018	0.900584795322	0.901754385965	0.859649122807
DG6	0.905263157895	0.899415204678	0.890058479532	0.899415204678	0.913450292398	0.887719298246	0.905263157895	0.899415204678	0.921637426901	0.906432748538	0.916959064327	0.902923976608	0.909941520468	0.940350877193	0.93918128655	0.921637426901	0.892397660819	0.911111111111	0.775438596491	0.822222222222	0.866666666667	0.771929824561	0.849122807018	0.818713450292	0.957894736842	0.959064327485	0.974269005848	0.93567251462	0.936842105263	0.975438596491	0.93567251462	0.978947368421	0.319298245614	0.315789473684	0.362573099415	0.302923976608	0.355555555556	0.338011695906	0.0	0.361403508772	0.915789473684	0.905263157895	0.902923976608	0.913450292398	0.933333333333	0.894736842105	0.894736842105	0.902923976608	0.950877192982	0.907602339181	0.957894736842	0.929824561404	0.941520467836	0.921637426901	0.963742690058	0.901754385965	0.901754385965	0.918128654971	0.909941520468	0.899415204678	0.894736842105	0.902923976608	0.885380116959
DH6	0.920467836257	0.929824561404	0.912280701754	0.936842105263	0.938011695906	0.921637426901	0.93918128655	0.926315789474	0.919298245614	0.916959064327	0.919298245614	0.901754385965	0.907602339181	0.93216374269	0.926315789474	0.927485380117	0.898245614035	0.923976608187	0.762573099415	0.842105263158	0.897076023392	0.766081871345	0.859649122807	0.818713450292	0.947368421053	0.943859649123	0.968421052632	0.93216374269	0.934502923977	0.974269005848	0.923976608187	0.973099415205	0.348538011696	0.362573099415	0.362573099415	0.377777777778	0.370760233918	0.348538011696	0.361403508772	0.0	0.919298245614	0.915789473684	0.920467836257	0.930994152047	0.948538011696	0.897076023392	0.888888888889	0.915789473684	0.907602339181	0.869005847953	0.946198830409	0.915789473684	0.954385964912	0.86081871345	0.897076023392	0.891228070175	0.915789473684	0.911111111111	0.901754385965	0.884210526316	0.905263157895	0.906432748538	0.883040935673
DA7	0.963742690058	0.966081871345	0.94269005848	0.966081871345	0.959064327485	0.952046783626	0.964912280702	0.957894736842	0.905263157895	0.987134502924	0.964912280702	0.974269005848	0.978947368421	0.985964912281	0.991812865497	0.962573099415	0.962573099415	0.774269005848	0.918128654971	0.821052631579	0.773099415205	0.933333333333	0.829239766082	0.950877192982	0.957894736842	0.959064327485	0.984795321637	0.960233918129	0.963742690058	0.982456140351	0.963742690058	0.988304093567	0.885380116959	0.902923976608	0.915789473684	0.923976608187	0.907602339181	0.936842105263	0.915789473684	0.919298245614	0.0	0.439766081871	0.439766081871	0.534502923977	0.647953216374	0.375438596491	0.495906432749	0.376608187135	0.964912280702	0.949707602339	0.970760233918	0.968421052632	0.967251461988	0.960233918129	0.985964912281	0.845614035088	0.812865497076	0.94269005848	0.93567251462	0.926315789474	0.769590643275	0.902923976608	0.852631578947
DB7	0.961403508772	0.966081871345	0.934502923977	0.968421052632	0.966081871345	0.941520467836	0.961403508772	0.955555555556	0.905263157895	0.969590643275	0.955555555556	0.959064327485	0.955555555556	0.964912280702	0.975438596491	0.947368421053	0.952046783626	0.769590643275	0.916959064327	0.884210526316	0.905263157895	0.934502923977	0.892397660819	0.943859649123	0.941520467836	0.945029239766	0.978947368421	0.941520467836	0.941520467836	0.980116959064	0.938011695906	0.981286549708	0.891228070175	0.905263157895	0.904093567251	0.919298245614	0.895906432749	0.922807017544	0.905263157895	0.915789473684	0.439766081871	0.0	0.32865497076	0.492397660819	0.604678362573	0.425730994152	0.447953216374	0.370760233918	0.953216374269	0.936842105263	0.957894736842	0.93918128655	0.950877192982	0.950877192982	0.970760233918	0.798830409357	0.85730994152	0.933333333333	0.926315789474	0.914619883041	0.780116959064	0.884210526316	0.86432748538
