	AA3	AA4	AB3	AB4	AC3	AC4	AD3	AD4	AE3	AE4	AF3	AF4	AG3	AG4	AH3	AH4	AA7	AA8	AB7	AB8	AC7	AC8	AD7	AD8	AE7	AE8	AF7	AF8	AG7	AG8	AH7	AH8	AA5	AA6	AB5	AB6	AC5	AC6	AD6	AE5	AE6	AF5	AF6	AG5	AH5	AH6	AA1	AA2	AB1	AB2	AC1	AC2	AD1	AD2	AE1	AE2	AF1	AF2	AG1	AG2	AH1	AH2
AA3	0.0	0.502658289029	0.934267762204	0.651039149348	0.652005799903	0.589656839053	0.670855485742	0.585306911551	0.5601739971	0.624456259062	0.610439826003	0.606089898502	0.567907201547	0.852102464959	0.644272595457	0.337844369261	0.563073948768	0.557274045433	0.86563557274	0.731754470759	0.608989850169	0.566457225713	0.579990333494	0.591106814886	0.829869502175	0.585306911551	0.5601739971	0.565490575157	0.596423392943	0.579023682939	0.593523441276	0.564040599323	0.574190430159	0.589656839053	0.752054132431	0.695021749638	0.624456259062	0.62493958434	0.614306428226	0.626872885452	0.599323344611	0.708554857419	0.690188496858	0.626872885452	0.620106331561	0.605606573224	0.693088448526	0.646689221846	0.711454809087	0.677622039633	0.648622522958	0.672788786854	0.572257129048	0.558240695988	0.576607056549	0.578540357661	0.571290478492	0.674722087965	0.595456742388	0.680038666022	0.579990333494	0.643305944901
AA4	0.502658289029	0.0	0.949734171097	0.586273562107	0.550507491542	0.498308361527	0.589173513775	0.494441759304	0.51619139681	0.521507974867	0.563557274045	0.500724987917	0.480908651522	0.862252295795	0.380376993717	0.391976800387	0.556790720155	0.547124214596	0.886901884969	0.732721121315	0.673272112131	0.59497341711	0.593040115998	0.589173513775	0.876752054132	0.637506041566	0.56259062349	0.556307394877	0.618173030449	0.616239729338	0.644272595457	0.603673272112	0.514258095698	0.526341227646	0.656839052682	0.589173513775	0.584823586274	0.511841469309	0.534074432093	0.506041565974	0.476558724021	0.620589656839	0.582890285162	0.523441275979	0.584823586274	0.577573707105	0.639439342678	0.56259062349	0.612373127115	0.587240212663	0.587723537941	0.618656355727	0.522474625423	0.520541324311	0.528274528758	0.521507974867	0.506524891252	0.614306428226	0.500724987917	0.589656839053	0.533591106815	0.567907201547
AB3	0.934267762204	0.949734171097	0.0	0.661188980184	0.920251329145	0.952634122765	0.959400676655	0.942967617206	0.936201063316	0.949734171097	0.970517158047	0.930884485259	0.964233929435	0.341710971484	0.957950700822	0.944900918318	0.971483808603	0.967133881102	0.741420976317	0.756404059932	0.886418559691	0.90285161914	0.95601739971	0.952150797487	0.848719188014	0.897535041083	0.931851135814	0.924117931368	0.838086031899	0.845819236346	0.949734171097	0.951184146931	0.955534074432	0.959400676655	0.971483808603	0.963267278879	0.972933784437	0.950217496375	0.972933784437	0.973417109715	0.973417109715	0.93281778637	0.935717738038	0.950217496375	0.97680038666	0.971483808603	0.973417109715	0.971000483325	0.969550507492	0.971967133881	0.971483808603	0.971967133881	0.973900434993	0.972933784437	0.973900434993	0.973900434993	0.973417109715	0.972933784437	0.972450459159	0.973417109715	0.971000483325	0.973417109715
AB4	0.651039149348	0.586273562107	0.661188980184	0.0	0.635572740454	0.619623006283	0.685838569357	0.637506041566	0.625422909618	0.630739487675	0.662638956017	0.607539874335	0.483325277912	0.556307394877	0.614306428226	0.608023199613	0.653455775737	0.642822619623	0.727404543258	0.589656839053	0.666505558241	0.630256162397	0.662155630739	0.658289028516	0.79168680522	0.643305944901	0.65055582407	0.642822619623	0.555824069599	0.587723537941	0.699855002417	0.676172063799	0.647655872402	0.658289028516	0.730304494925	0.674722087965	0.662155630739	0.644272595457	0.637022716288	0.643305944901	0.625906234896	0.663122281295	0.660222329628	0.641372643789	0.694055099082	0.685838569357	0.695988400193	0.665055582407	0.693088448526	0.670855485742	0.672305461576	0.677622039633	0.635089415176	0.64813919768	0.660222329628	0.646205896568	0.653939101015	0.681005316578	0.633639439343	0.663122281295	0.660705654906	0.667472208797
AC3	0.652005799903	0.550507491542	0.920251329145	0.635572740454	0.0	0.474142097632	0.645239246013	0.542290961817	0.572257129048	0.596906718221	0.610439826003	0.321411309812	0.582406959884	0.837602706622	0.594490091832	0.594006766554	0.617689705172	0.606089898502	0.869502174964	0.764620589657	0.727404543258	0.673272112131	0.706621556307	0.699855002417	0.833736104398	0.683905268246	0.655389076849	0.654905751571	0.669888835186	0.680038666022	0.704688255196	0.675688738521	0.587723537941	0.619623006283	0.623006283229	0.588206863219	0.62735621073	0.602223296278	0.581440309328	0.550507491542	0.53697438376	0.669888835186	0.652005799903	0.579023682939	0.639922667956	0.644272595457	0.598356694055	0.585306911551	0.596423392943	0.568873852102	0.597873368777	0.589173513775	0.540840985984	0.564523924601	0.578540357661	0.565007249879	0.60657322378	0.586756887385	0.601739971	0.59497341711	0.616239729338	0.578540357661
AC4	0.589656839053	0.498308361527	0.952634122765	0.619623006283	0.474142097632	0.0	0.611889801837	0.411793136781	0.417109714838	0.504108264862	0.349927501208	0.385693571774	0.502658289029	0.87046882552	0.564523924601	0.521507974867	0.488158530691	0.467858869019	0.925084581924	0.768003866602	0.595940067666	0.529724504592	0.526824552924	0.522957950701	0.896085065249	0.579990333494	0.489608506525	0.507491541808	0.545674238763	0.561623972934	0.580473658772	0.548090865152	0.442725954567	0.465925567907	0.639439342678	0.567423876269	0.473658772354	0.499275012083	0.430159497342	0.53020782987	0.475108748188	0.670855485742	0.632672788787	0.514741420976	0.500724987917	0.480908651522	0.62735621073	0.56259062349	0.600289995167	0.572257129048	0.568873852102	0.603673272112	0.470758820686	0.490575157081	0.51377477042	0.505558240696	0.526824552924	0.607056549058	0.545674238763	0.567423876269	0.481875302078	0.556307394877
AD3	0.670855485742	0.589173513775	0.959400676655	0.685838569357	0.645239246013	0.611889801837	0.0	0.509424842919	0.634122764621	0.362977283712	0.667955534074	0.595940067666	0.626389560174	0.878202029966	0.568390526825	0.6389560174	0.6805219913	0.675205413243	0.94441759304	0.786853552441	0.710971483809	0.691155147414	0.684388593523	0.686805219913	0.915418076365	0.675688738521	0.69453842436	0.681971967134	0.683421942968	0.681005316578	0.714354760754	0.683421942968	0.622039632673	0.64572257129	0.741420976317	0.668438859352	0.675205413243	0.538424359594	0.625906234896	0.576607056549	0.570323827936	0.549540840986	0.527307878202	0.526824552924	0.699855002417	0.685838569357	0.760753987434	0.698888351861	0.742387626873	0.710488158531	0.707588206863	0.73610439826	0.647655872402	0.657805703238	0.661188980184	0.65055582407	0.631222812953	0.730304494925	0.640889318511	0.711938134364	0.682455292412	0.695505074915
AD4	0.585306911551	0.494441759304	0.942967617206	0.637506041566	0.542290961817	0.411793136781	0.509424842919	0.0	0.33107781537	0.38424359594	0.43740937651	0.482841952634	0.515708071532	0.863702271629	0.533591106815	0.519574673755	0.475108748188	0.460125664572	0.93523441276	0.775737071049	0.564040599323	0.506524891252	0.494925084582	0.504108264862	0.903818269696	0.589656839053	0.454809086515	0.466408893185	0.515708071532	0.554857419043	0.565490575157	0.52779120348	0.381343644273	0.440309328178	0.661672305462	0.576123731271	0.465925567907	0.463508941518	0.443692605123	0.529241179314	0.466408893185	0.633156114065	0.596423392943	0.484775253746	0.512808119865	0.477042049299	0.67133881102	0.605606573224	0.647172547124	0.62493958434	0.613823102948	0.645239246013	0.50700821653	0.523441275979	0.52779120348	0.528274528758	0.527307878202	0.646205896568	0.556790720155	0.624456259062	0.499275012083	0.597390043499
AE3	0.5601739971	0.51619139681	0.936201063316	0.625422909618	0.572257129048	0.417109714838	0.634122764621	0.33107781537	0.0	0.506041565974	0.409859835669	0.513291445143	0.496858385694	0.861768970517	0.547124214596	0.517641372644	0.434026099565	0.415176413726	0.923151280812	0.76848719188	0.541807636539	0.474142097632	0.469308844853	0.490575157081	0.888351860802	0.577090381827	0.433542774287	0.44224262929	0.49540840986	0.542774287095	0.538907684872	0.507491541808	0.387143547608	0.438859352344	0.677138714355	0.601739971	0.458675688739	0.509424842919	0.454325761237	0.587240212663	0.518124697922	0.683905268246	0.65055582407	0.525857902368	0.510874818753	0.474142097632	0.666988883519	0.605123247946	0.639439342678	0.62735621073	0.612373127115	0.649105848236	0.5186080232	0.536491058482	0.536491058482	0.537457709038	0.52779120348	0.649589173514	0.565007249879	0.614789753504	0.48622522958	0.598356694055
AE4	0.624456259062	0.521507974867	0.949734171097	0.630739487675	0.596906718221	0.504108264862	0.362977283712	0.38424359594	0.506041565974	0.0	0.565007249879	0.526824552924	0.555824069599	0.867085548574	0.537457709038	0.554374093765	0.579023682939	0.56935717738	0.935717738038	0.777187046883	0.651039149348	0.591106814886	0.587240212663	0.582890285162	0.904784920251	0.61333977767	0.579507008217	0.56935717738	0.579507008217	0.593040115998	0.633639439343	0.599323344611	0.521507974867	0.540357660706	0.697921701305	0.623006283229	0.568873852102	0.459642339294	0.521507974867	0.521991300145	0.497341710971	0.583856935718	0.549057515708	0.491541807637	0.601256645723	0.593523441276	0.710971483809	0.64813919768	0.690671822136	0.668438859352	0.656355727405	0.686805219913	0.572257129048	0.581923634606	0.590623489609	0.579507008217	0.558724021266	0.682455292412	0.581440309328	0.669405509908	0.582406959884	0.642339294345
AF3	0.610439826003	0.563557274045	0.970517158047	0.662638956017	0.610439826003	0.349927501208	0.667955534074	0.43740937651	0.409859835669	0.565007249879	0.0	0.521024649589	0.536491058482	0.890285161914	0.611889801837	0.568390526825	0.446109231513	0.426776220396	0.953117448043	0.801353310778	0.577090381827	0.542290961817	0.43740937651	0.457225712905	0.924117931368	0.610923151281	0.455775737071	0.493958434026	0.541807636539	0.591106814886	0.531657805703	0.534557757371	0.42822619623	0.485258579024	0.67133881102	0.615273078782	0.443209279845	0.540840985984	0.450942484292	0.608506524891	0.534557757371	0.718704688255	0.686805219913	0.559690671822	0.506524891252	0.473658772354	0.672305461576	0.602223296278	0.653455775737	0.619623006283	0.606089898502	0.643305944901	0.529241179314	0.524891251812	0.533591106815	0.533107781537	0.5601739971	0.644755920735	0.591106814886	0.610923151281	0.499275012083	0.596423392943
AF4	0.606089898502	0.500724987917	0.930884485259	0.607539874335	0.321411309812	0.385693571774	0.595940067666	0.482841952634	0.513291445143	0.526824552924	0.521024649589	0.0	0.543257612373	0.847752537458	0.549057515708	0.540840985984	0.567907201547	0.552924117931	0.885451909135	0.739487675205	0.678588690188	0.617689705172	0.643305944901	0.63653939101	0.850652489125	0.627839536008	0.591106814886	0.596906718221	0.624456259062	0.627839536008	0.654905751571	0.623006283229	0.53020782987	0.558724021266	0.616239729338	0.539874335428	0.5601739971	0.535524407927	0.507491541808	0.499275012083	0.497825036249	0.624456259062	0.601256645723	0.511358144031	0.566940550991	0.571290478492	0.59255679072	0.532624456259	0.576123731271	0.538907684872	0.54857419043	0.569840502658	0.48622522958	0.503624939584	0.524891251812	0.51619139681	0.560657322378	0.574190430159	0.547607539874	0.557274045433	0.552440792653	0.532141130981
AG3	0.567907201547	0.480908651522	0.964233929435	0.483325277912	0.582406959884	0.502658289029	0.626389560174	0.515708071532	0.496858385694	0.555824069599	0.536491058482	0.543257612373	0.0	0.852585790237	0.53697438376	0.507974867086	0.515224746254	0.507974867086	0.9212179797	0.767520541324	0.663605606573	0.589656839053	0.582890285162	0.594006766554	0.878685355244	0.623006283229	0.552924117931	0.551957467376	0.609956500725	0.614306428226	0.628806186564	0.584340260996	0.517641372644	0.524407926535	0.663605606573	0.608989850169	0.539874335428	0.553407443209	0.503141614306	0.563073948768	0.49540840986	0.671822136298	0.637989366844	0.539874335428	0.565973900435	0.551474142098	0.62493958434	0.566940550991	0.614789753504	0.595456742388	0.582890285162	0.607056549058	0.498791686805	0.523924601257	0.526824552924	0.516674722088	0.514258095698	0.611889801837	0.545190913485	0.59255679072	0.511841469309	0.563073948768
AG4	0.852102464959	0.862252295795	0.341710971484	0.556307394877	0.837602706622	0.87046882552	0.878202029966	0.863702271629	0.861768970517	0.867085548574	0.890285161914	0.847752537458	0.852585790237	0.0	0.875302078299	0.859352344128	0.894635089415	0.893668438859	0.708554857419	0.692605123248	0.817303044949	0.832286128565	0.882551957467	0.879168680522	0.830836152731	0.828902851619	0.862252295795	0.852585790237	0.770420492992	0.764137264379	0.887385210246	0.877718704688	0.880135331078	0.880135331078	0.908168197197	0.897051715805	0.894151764137	0.868535524408	0.891735137748	0.889318511358	0.889801836636	0.855002416626	0.857419043016	0.872885451909	0.900918318028	0.895118414693	0.892701788304	0.893185113581	0.893668438859	0.889318511358	0.895118414693	0.892701788304	0.897535041083	0.894635089415	0.899468342194	0.896085065249	0.891735137748	0.895601739971	0.890768487192	0.890285161914	0.897535041083	0.894635089415
AH3	0.644272595457	0.380376993717	0.957950700822	0.614306428226	0.594490091832	0.564523924601	0.568390526825	0.533591106815	0.547124214596	0.537457709038	0.611889801837	0.549057515708	0.53697438376	0.875302078299	0.0	0.523441275979	0.608023199613	0.599806669889	0.928951184147	0.775253745771	0.70130497825	0.629289511841	0.632672788787	0.644272595457	0.900918318028	0.68970517158	0.637506041566	0.619139681005	0.660705654906	0.67133881102	0.694055099082	0.653455775737	0.547124214596	0.568390526825	0.719671338811	0.64813919768	0.641372643789	0.543740937651	0.597873368777	0.558240695988	0.546640889319	0.59497341711	0.5601739971	0.551957467376	0.649105848236	0.636056065732	0.710488158531	0.62735621073	0.67133881102	0.64813919768	0.651522474625	0.683421942968	0.605606573224	0.601739971	0.609956500725	0.607056549058	0.569840502658	0.674722087965	0.5601739971	0.640889318511	0.605606573224	0.633156114065
AH4	0.337844369261	0.391976800387	0.944900918318	0.608023199613	0.594006766554	0.521507974867	0.6389560174	0.519574673755	0.517641372644	0.554374093765	0.568390526825	0.540840985984	0.507974867086	0.859352344128	0.523441275979	0.0	0.541324311261	0.531174480425	0.881585306912	0.740454325761	0.634606089899	0.564040599323	0.566940550991	0.568873852102	0.854035766071	0.592073465442	0.554857419043	0.538907684872	0.581923634606	0.581923634606	0.596906718221	0.563557274045	0.535041082649	0.53939101015	0.695988400193	0.628806186564	0.583856935718	0.563557274045	0.538424359594	0.567423876269	0.518124697922	0.678105364911	0.642822619623	0.56259062349	0.582890285162	0.58095698405	0.65973900435	0.588690188497	0.65055582407	0.609956500725	0.609473175447	0.635089415176	0.522474625423	0.514258095698	0.528274528758	0.521024649589	0.493958434026	0.630739487675	0.524407926535	0.618656355727	0.531174480425	0.590140164331
AA7	0.563073948768	0.556790720155	0.971483808603	0.653455775737	0.617689705172	0.488158530691	0.6805219913	0.475108748188	0.434026099565	0.579023682939	0.446109231513	0.567907201547	0.515224746254	0.894635089415	0.608023199613	0.541324311261	0.0	0.281778637023	0.91445142581	0.776703721605	0.576607056549	0.501208313195	0.479942000967	0.49299178347	0.867568873852	0.590623489609	0.447559207347	0.44900918318	0.541807636539	0.574190430159	0.518124697922	0.439342677622	0.436442725955	0.478008699855	0.707104881585	0.655872402127	0.481875302078	0.558724021266	0.49540840986	0.603189946834	0.540357660706	0.723537941034	0.692605123248	0.582406959884	0.535041082649	0.512324794587	0.656839052682	0.604639922668	0.669405509908	0.642822619623	0.59255679072	0.628806186564	0.498791686805	0.513291445143	0.530691155147	0.529724504592	0.527307878202	0.626389560174	0.568390526825	0.6389560174	0.49540840986	0.589656839053
AA8	0.557274045433	0.547124214596	0.967133881102	0.642822619623	0.606089898502	0.467858869019	0.675205413243	0.460125664572	0.415176413726	0.56935717738	0.426776220396	0.552924117931	0.507974867086	0.893668438859	0.599806669889	0.531174480425	0.281778637023	0.0	0.914934751087	0.769937167714	0.555340744321	0.480425326245	0.448042532624	0.460125664572	0.859352344128	0.571290478492	0.423876268729	0.436442725955	0.521991300145	0.562107298212	0.463992266796	0.399710004833	0.425809569841	0.476075398743	0.708554857419	0.653939101015	0.479942000967	0.54857419043	0.492508458192	0.594006766554	0.538424359594	0.715804736588	0.6805219913	0.574673755437	0.538424359594	0.504108264862	0.660705654906	0.598840019333	0.665055582407	0.629772837119	0.596423392943	0.632672788787	0.505558240696	0.519574673755	0.536491058482	0.530691155147	0.521507974867	0.635572740454	0.557274045433	0.633639439343	0.48622522958	0.588690188497
AB7	0.86563557274	0.886901884969	0.741420976317	0.727404543258	0.869502174964	0.925084581924	0.94441759304	0.93523441276	0.923151280812	0.935717738038	0.953117448043	0.885451909135	0.9212179797	0.708554857419	0.928951184147	0.881585306912	0.91445142581	0.914934751087	0.0	0.40502658289	0.814403093282	0.835186080232	0.929917834703	0.91203479942	0.729821169647	0.817303044949	0.8796520058	0.874818753021	0.744804253262	0.70130497825	0.880135331078	0.893185113581	0.9212179797	0.931851135814	0.942000966651	0.941034316095	0.954567423876	0.910101498308	0.948767520541	0.930884485259	0.931851135814	0.871435476075	0.883518608023	0.91203479942	0.949734171097	0.956984050266	0.926051232479	0.925084581924	0.930884485259	0.923151280812	0.931367810536	0.922184630256	0.918318028033	0.913968100532	0.917351377477	0.913968100532	0.924117931368	0.920734654422	0.92363460609	0.937167713871	0.947800869986	0.927501208313
AB8	0.731754470759	0.732721121315	0.756404059932	0.589656839053	0.764620589657	0.768003866602	0.786853552441	0.775737071049	0.76848719188	0.777187046883	0.801353310778	0.739487675205	0.767520541324	0.692605123248	0.775253745771	0.740454325761	0.776703721605	0.769937167714	0.40502658289	0.0	0.657805703238	0.670372160464	0.764620589657	0.751570807153	0.742870952151	0.669405509908	0.715804736588	0.709038182697	0.556307394877	0.539874335428	0.74528757854	0.748187530208	0.771870468826	0.776220396327	0.82165297245	0.786370227163	0.79168680522	0.750604156597	0.784436926051	0.772353794103	0.767520541324	0.737554374094	0.738037699372	0.753020782987	0.796036732721	0.801836636056	0.826002899952	0.782020299662	0.799903334944	0.782020299662	0.788303528275	0.798453359111	0.778637022716	0.774287095215	0.776703721605	0.773803769937	0.774287095215	0.799903334944	0.772353794103	0.78250362494	0.789753504108	0.783953600773
AC7	0.608989850169	0.673272112131	0.886418559691	0.666505558241	0.727404543258	0.595940067666	0.710971483809	0.564040599323	0.541807636539	0.651039149348	0.577090381827	0.678588690188	0.663605606573	0.817303044949	0.70130497825	0.634606089899	0.576607056549	0.555340744321	0.814403093282	0.657805703238	0.0	0.354760753987	0.549540840986	0.561623972934	0.820686321895	0.567907201547	0.510391493475	0.503624939584	0.459159014016	0.490575157081	0.555340744321	0.545674238763	0.540840985984	0.586756887385	0.808603189947	0.748187530208	0.620589656839	0.626389560174	0.622522957951	0.713871435476	0.677622039633	0.710488158531	0.690671822136	0.647172547124	0.639922667956	0.599806669889	0.817786370227	0.751087481875	0.799420009667	0.788786853552	0.751087481875	0.792653455776	0.671822136298	0.673272112131	0.684871918801	0.683421942968	0.660222329628	0.794586756887	0.685838569357	0.769937167714	0.610923151281	0.750120831319
AC8	0.566457225713	0.59497341711	0.90285161914	0.630256162397	0.673272112131	0.529724504592	0.691155147414	0.506524891252	0.474142097632	0.591106814886	0.542290961817	0.617689705172	0.589656839053	0.832286128565	0.629289511841	0.564040599323	0.501208313195	0.480425326245	0.835186080232	0.670372160464	0.354760753987	0.0	0.483325277912	0.49540840986	0.827936201063	0.535041082649	0.399226679555	0.376510391493	0.44224262929	0.467858869019	0.522957950701	0.496858385694	0.477042049299	0.511841469309	0.734171097148	0.679555340744	0.565007249879	0.567907201547	0.561623972934	0.6389560174	0.603673272112	0.681488641856	0.642822619623	0.591590140164	0.569840502658	0.537457709038	0.73852102465	0.677138714355	0.730304494925	0.71532141131	0.674722087965	0.711938134364	0.594490091832	0.599806669889	0.605123247946	0.609956500725	0.576607056549	0.711454809087	0.607539874335	0.695505074915	0.544707588207	0.667955534074
AD7	0.579990333494	0.593040115998	0.95601739971	0.662155630739	0.706621556307	0.526824552924	0.684388593523	0.494925084582	0.469308844853	0.587240212663	0.43740937651	0.643305944901	0.582890285162	0.882551957467	0.632672788787	0.566940550991	0.479942000967	0.448042532624	0.929917834703	0.764620589657	0.549540840986	0.483325277912	0.0	0.308844852586	0.892701788304	0.510391493475	0.428709521508	0.456259062349	0.498308361527	0.537457709038	0.503624939584	0.484291928468	0.477525374577	0.522474625423	0.743354277429	0.676655389077	0.5186080232	0.573707104882	0.549057515708	0.640405993233	0.605123247946	0.718704688255	0.681488641856	0.601739971	0.56259062349	0.536007733204	0.748670855486	0.673272112131	0.732721121315	0.718221362977	0.676172063799	0.706621556307	0.603189946834	0.598840019333	0.60415659739	0.612373127115	0.574673755437	0.714838086032	0.609956500725	0.704204929918	0.554374093765	0.664088931851
AD8	0.591106814886	0.589173513775	0.952150797487	0.658289028516	0.699855002417	0.522957950701	0.686805219913	0.504108264862	0.490575157081	0.582890285162	0.457225712905	0.63653939101	0.594006766554	0.879168680522	0.644272595457	0.568873852102	0.49299178347	0.460125664572	0.91203479942	0.751570807153	0.561623972934	0.49540840986	0.308844852586	0.0	0.857419043016	0.475592073465	0.433059449009	0.463508941518	0.487191880135	0.527307878202	0.495891735138	0.492508458192	0.510391493475	0.535524407927	0.739971000483	0.675205413243	0.516674722088	0.572257129048	0.545674238763	0.635572740454	0.59497341711	0.718704688255	0.678588690188	0.59255679072	0.566940550991	0.55099081682	0.743354277429	0.667955534074	0.729337844369	0.710004833253	0.668438859352	0.700338327695	0.599323344611	0.59497341711	0.598840019333	0.605606573224	0.587240212663	0.708554857419	0.611406476559	0.694055099082	0.560657322378	0.662155630739
AE7	0.829869502175	0.876752054132	0.848719188014	0.79168680522	0.833736104398	0.896085065249	0.915418076365	0.903818269696	0.888351860802	0.904784920251	0.924117931368	0.850652489125	0.878685355244	0.830836152731	0.900918318028	0.854035766071	0.867568873852	0.859352344128	0.729821169647	0.742870952151	0.820686321895	0.827936201063	0.892701788304	0.857419043016	0.0	0.551957467376	0.860802319961	0.85645239246	0.766553890768	0.776220396327	0.836152730788	0.846785886902	0.902368293862	0.902368293862	0.92363460609	0.916868052199	0.914934751087	0.890285161914	0.913968100532	0.878202029966	0.896085065249	0.869018849686	0.8796520058	0.880618656356	0.928951184147	0.924601256646	0.890285161914	0.896085065249	0.908168197197	0.886418559691	0.901401643306	0.893668438859	0.889801836636	0.890768487192	0.90043499275	0.891735137748	0.904301594973	0.892218463026	0.901884968584	0.904301594973	0.913968100532	0.901884968584
AE8	0.585306911551	0.637506041566	0.897535041083	0.643305944901	0.683905268246	0.579990333494	0.675688738521	0.589656839053	0.577090381827	0.61333977767	0.610923151281	0.627839536008	0.623006283229	0.828902851619	0.68970517158	0.592073465442	0.590623489609	0.571290478492	0.817303044949	0.669405509908	0.567907201547	0.535041082649	0.510391493475	0.475592073465	0.551957467376	0.0	0.551474142098	0.544224262929	0.51619139681	0.500241662639	0.570323827936	0.555824069599	0.595456742388	0.596423392943	0.760753987434	0.701788303528	0.608506524891	0.583856935718	0.607056549058	0.63653939101	0.627839536008	0.685355244079	0.665055582407	0.607539874335	0.621072982117	0.620589656839	0.75688738521	0.687288545191	0.746254229096	0.716771387144	0.705171580474	0.728371193813	0.631706138231	0.629772837119	0.645239246013	0.637506041566	0.637022716288	0.730787820203	0.65973900435	0.710004833253	0.597390043499	0.688738521025
AF7	0.5601739971	0.56259062349	0.931851135814	0.65055582407	0.655389076849	0.489608506525	0.69453842436	0.454809086515	0.433542774287	0.579507008217	0.455775737071	0.591106814886	0.552924117931	0.862252295795	0.637506041566	0.554857419043	0.447559207347	0.423876268729	0.8796520058	0.715804736588	0.510391493475	0.399226679555	0.428709521508	0.433059449009	0.860802319961	0.551474142098	0.0	0.31029482842	0.463992266796	0.505558240696	0.489125181247	0.488158530691	0.438376027066	0.480908651522	0.696955050749	0.638472692122	0.479942000967	0.527307878202	0.507974867086	0.605123247946	0.55775737071	0.698888351861	0.65732237796	0.554374093765	0.52779120348	0.500724987917	0.677138714355	0.623972933784	0.686805219913	0.673272112131	0.622522957951	0.654422426293	0.550507491542	0.545190913485	0.553890768487	0.56259062349	0.547607539874	0.656839052682	0.576123731271	0.654905751571	0.492508458192	0.615273078782
AF8	0.565490575157	0.556307394877	0.924117931368	0.642822619623	0.654905751571	0.507491541808	0.681971967134	0.466408893185	0.44224262929	0.56935717738	0.493958434026	0.596906718221	0.551957467376	0.852585790237	0.619139681005	0.538907684872	0.44900918318	0.436442725955	0.874818753021	0.709038182697	0.503624939584	0.376510391493	0.456259062349	0.463508941518	0.85645239246	0.544224262929	0.31029482842	0.0	0.459642339294	0.494925084582	0.51377477042	0.4813919768	0.434509424843	0.476075398743	0.706138231029	0.646689221846	0.493475108748	0.519574673755	0.519091348478	0.597390043499	0.558724021266	0.683905268246	0.649589173514	0.549057515708	0.542774287095	0.521991300145	0.691638472692	0.629289511841	0.69212179797	0.683905268246	0.637506041566	0.661188980184	0.547124214596	0.550024166264	0.567423876269	0.570807153214	0.537941034316	0.663122281295	0.576123731271	0.666505558241	0.500241662639	0.617689705172
AG7	0.596423392943	0.618173030449	0.838086031899	0.555824069599	0.669888835186	0.545674238763	0.683421942968	0.515708071532	0.49540840986	0.579507008217	0.541807636539	0.624456259062	0.609956500725	0.770420492992	0.660705654906	0.581923634606	0.541807636539	0.521991300145	0.744804253262	0.556307394877	0.459159014016	0.44224262929	0.498308361527	0.487191880135	0.766553890768	0.51619139681	0.463992266796	0.459642339294	0.0	0.313678105365	0.538907684872	0.517158047366	0.512808119865	0.54857419043	0.748670855486	0.680038666022	0.542290961817	0.549540840986	0.56259062349	0.639439342678	0.608023199613	0.669888835186	0.635572740454	0.575157080715	0.597873368777	0.579990333494	0.752054132431	0.675205413243	0.734654422426	0.716771387144	0.679555340744	0.721121314645	0.608989850169	0.61333977767	0.623489608507	0.62735621073	0.614306428226	0.724987916868	0.6389560174	0.701788303528	0.579507008217	0.66892218463
AG8	0.579023682939	0.616239729338	0.845819236346	0.587723537941	0.680038666022	0.561623972934	0.681005316578	0.554857419043	0.542774287095	0.593040115998	0.591106814886	0.627839536008	0.614306428226	0.764137264379	0.67133881102	0.581923634606	0.574190430159	0.562107298212	0.70130497825	0.539874335428	0.490575157081	0.467858869019	0.537457709038	0.527307878202	0.776220396327	0.500241662639	0.505558240696	0.494925084582	0.313678105365	0.0	0.56259062349	0.542774287095	0.561623972934	0.57177380377	0.758820686322	0.688255195747	0.574190430159	0.55099081682	0.578057032383	0.641855969067	0.611406476559	0.668438859352	0.647655872402	0.590140164331	0.601256645723	0.594490091832	0.75688738521	0.684871918801	0.741420976317	0.725954567424	0.687771870469	0.724987916868	0.621072982117	0.616239729338	0.626872885452	0.629289511841	0.618656355727	0.729337844369	0.640405993233	0.706138231029	0.588690188497	0.677138714355
AH7	0.593523441276	0.644272595457	0.949734171097	0.699855002417	0.704688255196	0.580473658772	0.714354760754	0.565490575157	0.538907684872	0.633639439343	0.531657805703	0.654905751571	0.628806186564	0.887385210246	0.694055099082	0.596906718221	0.518124697922	0.463992266796	0.880135331078	0.74528757854	0.555340744321	0.522957950701	0.503624939584	0.495891735138	0.836152730788	0.570323827936	0.489125181247	0.51377477042	0.538907684872	0.56259062349	0.0	0.327694538424	0.572740454326	0.607539874335	0.78008699855	0.727887868536	0.568390526825	0.637022716288	0.605606573224	0.669405509908	0.643305944901	0.756404059932	0.732721121315	0.652972450459	0.626872885452	0.619139681005	0.7593040116	0.706621556307	0.7593040116	0.723537941034	0.705654905752	0.739487675205	0.617689705172	0.630739487675	0.633639439343	0.6389560174	0.625422909618	0.741420976317	0.642822619623	0.724987916868	0.603673272112	0.700821652972
AH8	0.564040599323	0.603673272112	0.951184146931	0.676172063799	0.675688738521	0.548090865152	0.683421942968	0.52779120348	0.507491541808	0.599323344611	0.534557757371	0.623006283229	0.584340260996	0.877718704688	0.653455775737	0.563557274045	0.439342677622	0.399710004833	0.893185113581	0.748187530208	0.545674238763	0.496858385694	0.484291928468	0.492508458192	0.846785886902	0.555824069599	0.488158530691	0.4813919768	0.517158047366	0.542774287095	0.327694538424	0.0	0.529724504592	0.553890768487	0.760270662156	0.698888351861	0.547607539874	0.596906718221	0.564523924601	0.639439342678	0.60657322378	0.717738037699	0.69453842436	0.61575640406	0.588206863219	0.576607056549	0.71532141131	0.663122281295	0.727887868536	0.688255195747	0.658289028516	0.686321894635	0.570807153214	0.581923634606	0.594490091832	0.596906718221	0.576123731271	0.690671822136	0.600773320445	0.69212179797	0.559690671822	0.656839052682
AA5	0.574190430159	0.514258095698	0.955534074432	0.647655872402	0.587723537941	0.442725954567	0.622039632673	0.381343644273	0.387143547608	0.521507974867	0.42822619623	0.53020782987	0.517641372644	0.880135331078	0.547124214596	0.535041082649	0.436442725955	0.425809569841	0.9212179797	0.771870468826	0.540840985984	0.477042049299	0.477525374577	0.510391493475	0.902368293862	0.595456742388	0.438376027066	0.434509424843	0.512808119865	0.561623972934	0.572740454326	0.529724504592	0.0	0.332044465926	0.673272112131	0.585790236829	0.484291928468	0.447075882069	0.462542290962	0.541807636539	0.470275495408	0.621556307395	0.584823586274	0.467858869019	0.508458192363	0.456259062349	0.68970517158	0.620106331561	0.661188980184	0.646205896568	0.631706138231	0.667955534074	0.511358144031	0.543740937651	0.556307394877	0.547607539874	0.523441275979	0.667955534074	0.564040599323	0.636056065732	0.489125181247	0.611889801837
AA6	0.589656839053	0.526341227646	0.959400676655	0.658289028516	0.619623006283	0.465925567907	0.64572257129	0.440309328178	0.438859352344	0.540357660706	0.485258579024	0.558724021266	0.524407926535	0.880135331078	0.568390526825	0.53939101015	0.478008699855	0.476075398743	0.931851135814	0.776220396327	0.586756887385	0.511841469309	0.522474625423	0.535524407927	0.902368293862	0.596423392943	0.480908651522	0.476075398743	0.54857419043	0.57177380377	0.607539874335	0.553890768487	0.332044465926	0.0	0.681005316578	0.591590140164	0.5186080232	0.485258579024	0.477042049299	0.572740454326	0.501691638473	0.652005799903	0.620589656839	0.500724987917	0.456742387627	0.419526341228	0.693571773804	0.620589656839	0.667955534074	0.656839052682	0.629289511841	0.667472208797	0.528274528758	0.552440792653	0.560657322378	0.554857419043	0.52779120348	0.666988883519	0.565973900435	0.637989366844	0.505558240696	0.617689705172
AB5	0.752054132431	0.656839052682	0.971483808603	0.730304494925	0.623006283229	0.639439342678	0.741420976317	0.661672305462	0.677138714355	0.697921701305	0.67133881102	0.616239729338	0.663605606573	0.908168197197	0.719671338811	0.695988400193	0.707104881585	0.708554857419	0.942000966651	0.82165297245	0.808603189947	0.734171097148	0.743354277429	0.739971000483	0.92363460609	0.760753987434	0.696955050749	0.706138231029	0.748670855486	0.758820686322	0.78008699855	0.760270662156	0.673272112131	0.681005316578	0.0	0.312711454809	0.61333977767	0.678105364911	0.618656355727	0.623006283229	0.612373127115	0.743837602707	0.735137747704	0.654422426293	0.61575640406	0.615273078782	0.611406476559	0.612373127115	0.614789753504	0.599806669889	0.620106331561	0.608506524891	0.586756887385	0.609956500725	0.600289995167	0.620106331561	0.667955534074	0.601256645723	0.665538907685	0.608989850169	0.67133881102	0.60415659739
AB6	0.695021749638	0.589173513775	0.963267278879	0.674722087965	0.588206863219	0.567423876269	0.668438859352	0.576123731271	0.601739971	0.623006283229	0.615273078782	0.539874335428	0.608989850169	0.897051715805	0.64813919768	0.628806186564	0.655872402127	0.653939101015	0.941034316095	0.786370227163	0.748187530208	0.679555340744	0.676655389077	0.675205413243	0.916868052199	0.701788303528	0.638472692122	0.646689221846	0.680038666022	0.688255195747	0.727887868536	0.698888351861	0.585790236829	0.591590140164	0.312711454809	0.0	0.548090865152	0.586756887385	0.559207346544	0.567907201547	0.551474142098	0.670855485742	0.652972450459	0.555824069599	0.543740937651	0.543257612373	0.599323344611	0.546157564041	0.582406959884	0.5601739971	0.561140647656	0.579023682939	0.521024649589	0.568390526825	0.558724021266	0.570807153214	0.599323344611	0.577090381827	0.595456742388	0.552924117931	0.627839536008	0.543257612373
AC5	0.624456259062	0.584823586274	0.972933784437	0.662155630739	0.62735621073	0.473658772354	0.675205413243	0.465925567907	0.458675688739	0.568873852102	0.443209279845	0.5601739971	0.539874335428	0.894151764137	0.641372643789	0.583856935718	0.481875302078	0.479942000967	0.954567423876	0.79168680522	0.620589656839	0.565007249879	0.5186080232	0.516674722088	0.914934751087	0.608506524891	0.479942000967	0.493475108748	0.542290961817	0.574190430159	0.568390526825	0.547607539874	0.484291928468	0.5186080232	0.61333977767	0.548090865152	0.0	0.434509424843	0.453842435959	0.584823586274	0.534074432093	0.714838086032	0.667955534074	0.552924117931	0.469308844853	0.46302561624	0.602223296278	0.545190913485	0.610923151281	0.579023682939	0.555340744321	0.585306911551	0.488158530691	0.494441759304	0.492508458192	0.509908168197	0.571290478492	0.588206863219	0.59497341711	0.565490575157	0.525857902368	0.544224262929
AC6	0.62493958434	0.511841469309	0.950217496375	0.644272595457	0.602223296278	0.499275012083	0.538424359594	0.463508941518	0.509424842919	0.459642339294	0.540840985984	0.535524407927	0.553407443209	0.868535524408	0.543740937651	0.563557274045	0.558724021266	0.54857419043	0.910101498308	0.750604156597	0.626389560174	0.567907201547	0.573707104882	0.572257129048	0.890285161914	0.583856935718	0.527307878202	0.519574673755	0.549540840986	0.55099081682	0.637022716288	0.596906718221	0.447075882069	0.485258579024	0.678105364911	0.586756887385	0.434509424843	0.0	0.509424842919	0.501691638473	0.499275012083	0.493475108748	0.446109231513	0.423876268729	0.570323827936	0.547607539874	0.68970517158	0.631222812953	0.672305461576	0.644272595457	0.643789270179	0.671822136298	0.562107298212	0.57177380377	0.588206863219	0.577090381827	0.548090865152	0.670855485742	0.570807153214	0.637022716288	0.551474142098	0.626872885452
AD6	0.614306428226	0.534074432093	0.972933784437	0.637022716288	0.581440309328	0.430159497342	0.625906234896	0.443692605123	0.454325761237	0.521507974867	0.450942484292	0.507491541808	0.503141614306	0.891735137748	0.597873368777	0.538424359594	0.49540840986	0.492508458192	0.948767520541	0.784436926051	0.622522957951	0.561623972934	0.549057515708	0.545674238763	0.913968100532	0.607056549058	0.507974867086	0.519091348478	0.56259062349	0.578057032383	0.605606573224	0.564523924601	0.462542290962	0.477042049299	0.618656355727	0.559207346544	0.453842435959	0.509424842919	0.0	0.533591106815	0.414693088449	0.695988400193	0.655872402127	0.537941034316	0.472692121798	0.458675688739	0.600289995167	0.530691155147	0.580473658772	0.563557274045	0.550507491542	0.579990333494	0.46060898985	0.460125664572	0.470275495408	0.473175447076	0.534074432093	0.579507008217	0.54857419043	0.561623972934	0.465925567907	0.535041082649
AE5	0.626872885452	0.506041565974	0.973417109715	0.643305944901	0.550507491542	0.53020782987	0.576607056549	0.529241179314	0.587240212663	0.521991300145	0.608506524891	0.499275012083	0.563073948768	0.889318511358	0.558240695988	0.567423876269	0.603189946834	0.594006766554	0.930884485259	0.772353794103	0.713871435476	0.6389560174	0.640405993233	0.635572740454	0.878202029966	0.63653939101	0.605123247946	0.597390043499	0.639439342678	0.641855969067	0.669405509908	0.639439342678	0.541807636539	0.572740454326	0.623006283229	0.567907201547	0.584823586274	0.501691638473	0.533591106815	0.0	0.349927501208	0.606089898502	0.56935717738	0.499758337361	0.610439826003	0.616239729338	0.659255679072	0.602223296278	0.634606089899	0.615273078782	0.62735621073	0.653939101015	0.535524407927	0.564523924601	0.594006766554	0.565490575157	0.559690671822	0.643789270179	0.549057515708	0.611889801837	0.568390526825	0.607539874335
AE6	0.599323344611	0.476558724021	0.973417109715	0.625906234896	0.53697438376	0.475108748188	0.570323827936	0.466408893185	0.518124697922	0.497341710971	0.534557757371	0.497825036249	0.49540840986	0.889801836636	0.546640889319	0.518124697922	0.540357660706	0.538424359594	0.931851135814	0.767520541324	0.677622039633	0.603673272112	0.605123247946	0.59497341711	0.896085065249	0.627839536008	0.55775737071	0.558724021266	0.608023199613	0.611406476559	0.643305944901	0.60657322378	0.470275495408	0.501691638473	0.612373127115	0.551474142098	0.534074432093	0.499275012083	0.414693088449	0.349927501208	0.0	0.635572740454	0.600289995167	0.478008699855	0.545190913485	0.550024166264	0.640889318511	0.574673755437	0.610923151281	0.587240212663	0.590623489609	0.626872885452	0.476558724021	0.497825036249	0.514258095698	0.494441759304	0.506041565974	0.620589656839	0.53020782987	0.580473658772	0.507974867086	0.570807153214
AF5	0.708554857419	0.620589656839	0.93281778637	0.663122281295	0.669888835186	0.670855485742	0.549540840986	0.633156114065	0.683905268246	0.583856935718	0.718704688255	0.624456259062	0.671822136298	0.855002416626	0.59497341711	0.678105364911	0.723537941034	0.715804736588	0.871435476075	0.737554374094	0.710488158531	0.681488641856	0.718704688255	0.718704688255	0.869018849686	0.685355244079	0.698888351861	0.683905268246	0.669888835186	0.668438859352	0.756404059932	0.717738037699	0.621556307395	0.652005799903	0.743837602707	0.670855485742	0.714838086032	0.493475108748	0.695988400193	0.606089898502	0.635572740454	0.0	0.290961817303	0.523924601257	0.728371193813	0.719188013533	0.759787336878	0.722087965201	0.743354277429	0.717254712421	0.732237796037	0.749154180764	0.693088448526	0.718704688255	0.720154664089	0.707588206863	0.675205413243	0.744804253262	0.671822136298	0.702754954084	0.713388110198	0.717738037699
AF6	0.690188496858	0.582890285162	0.935717738038	0.660222329628	0.652005799903	0.632672788787	0.527307878202	0.596423392943	0.65055582407	0.549057515708	0.686805219913	0.601256645723	0.637989366844	0.857419043016	0.5601739971	0.642822619623	0.692605123248	0.6805219913	0.883518608023	0.738037699372	0.690671822136	0.642822619623	0.681488641856	0.678588690188	0.8796520058	0.665055582407	0.65732237796	0.649589173514	0.635572740454	0.647655872402	0.732721121315	0.69453842436	0.584823586274	0.620589656839	0.735137747704	0.652972450459	0.667955534074	0.446109231513	0.655872402127	0.56935717738	0.600289995167	0.290961817303	0.0	0.49299178347	0.695988400193	0.679072015466	0.753504108265	0.687771870469	0.725954567424	0.697438376027	0.701788303528	0.735137747704	0.658772353794	0.6805219913	0.686321894635	0.670372160464	0.641372643789	0.730787820203	0.637989366844	0.686321894635	0.679072015466	0.688738521025
