	AA3	AA4	AB3	AB4	AC3	AC4	AD3	AD4	AE3	AE4	AF3	AF4	AG3	AG4	AH3	AH4	AA7	AA8	AB7	AB8	AC7	AC8	AD7	AD8	AE7	AE8	AF7	AF8	AG7	AG8	AH7	AH8	AA5	AA6	AB5	AB6	AC5	AC6	AD6	AE5	AE6	AF5	AF6	AG5	AH5	AH6	AA1	AA2	AB1	AB2	AC1	AC2	AD1	AD2	AE1	AE2	AF1	AF2	AG1	AG2	AH1	AH2
AA3	0.0	0.502174963751	0.931367810536	0.630256162397	0.656839052682	0.586273562107	0.673272112131	0.582890285162	0.5601739971	0.632672788787	0.615273078782	0.618173030449	0.585306911551	0.852585790237	0.651522474625	0.354760753987	0.568390526825	0.563073948768	0.851135814403	0.723054615756	0.608989850169	0.571290478492	0.601739971	0.603673272112	0.830352827453	0.594490091832	0.576607056549	0.56259062349	0.580473658772	0.569840502658	0.593523441276	0.565490575157	0.588690188497	0.607539874335	0.749154180764	0.683905268246	0.612373127115	0.620106331561	0.61333977767	0.641372643789	0.608506524891	0.705171580474	0.702754954084	0.627839536008	0.63653939101	0.623006283229	0.690671822136	0.662155630739	0.709521507975	0.677138714355	0.640889318511	0.671822136298	0.565007249879	0.58095698405	0.573223779604	0.56259062349	0.577573707105	0.652489125181	0.595940067666	0.667955534074	0.588690188497	0.657805703238
AA4	0.502174963751	0.0	0.948767520541	0.583856935718	0.583856935718	0.506041565974	0.597873368777	0.500241662639	0.511841469309	0.526341227646	0.573223779604	0.526824552924	0.491058482359	0.863702271629	0.387626872885	0.379893668439	0.545674238763	0.544224262929	0.893668438859	0.74528757854	0.658772353794	0.582890285162	0.589173513775	0.594006766554	0.878202029966	0.633639439343	0.554857419043	0.552924117931	0.608023199613	0.609956500725	0.639439342678	0.599806669889	0.517158047366	0.53697438376	0.668438859352	0.586273562107	0.571290478492	0.529241179314	0.545190913485	0.541807636539	0.499275012083	0.628322861286	0.600289995167	0.541807636539	0.594490091832	0.56935717738	0.656355727405	0.596906718221	0.627839536008	0.598840019333	0.595456742388	0.636056065732	0.531657805703	0.534557757371	0.535524407927	0.528274528758	0.492508458192	0.618656355727	0.51377477042	0.589173513775	0.535041082649	0.584823586274
AB3	0.931367810536	0.948767520541	0.0	0.666022232963	0.917834702755	0.957467375544	0.955534074432	0.943450942484	0.93281778637	0.958917351377	0.971000483325	0.933784436926	0.965683905268	0.325277912035	0.962783953601	0.947317544708	0.971967133881	0.970517158047	0.751570807153	0.751570807153	0.890768487192	0.905751570807	0.960367327211	0.956500724988	0.85645239246	0.906718221363	0.948767520541	0.933784436926	0.843885935234	0.842435959401	0.956500724988	0.952150797487	0.9584340261	0.961817303045	0.974867085549	0.971000483325	0.976317061382	0.956984050266	0.974383760271	0.976317061382	0.974383760271	0.933784436926	0.943934267762	0.95360077332	0.978733687772	0.972933784437	0.97680038666	0.973900434993	0.969067182214	0.972450459159	0.976317061382	0.971483808603	0.974383760271	0.975350410826	0.978733687772	0.974383760271	0.973900434993	0.974867085549	0.973900434993	0.975350410826	0.974867085549	0.975350410826
AB4	0.630256162397	0.583856935718	0.666022232963	0.0	0.652972450459	0.61333977767	0.683421942968	0.606089898502	0.608989850169	0.628322861286	0.648622522958	0.603189946834	0.4813919768	0.553407443209	0.60415659739	0.599806669889	0.640889318511	0.637989366844	0.737071048816	0.58337361044	0.654905751571	0.622039632673	0.663605606573	0.656355727405	0.796036732721	0.642339294345	0.658772353794	0.637989366844	0.557274045433	0.58095698405	0.69212179797	0.651522474625	0.635089415176	0.660705654906	0.733204446593	0.672305461576	0.658289028516	0.641372643789	0.632672788787	0.642339294345	0.626872885452	0.65732237796	0.67133881102	0.64572257129	0.687771870469	0.68293861769	0.706138231029	0.666505558241	0.692605123248	0.670372160464	0.669405509908	0.679555340744	0.62493958434	0.63653939101	0.655389076849	0.644272595457	0.638472692122	0.674722087965	0.642822619623	0.664088931851	0.648622522958	0.660222329628
AC3	0.656839052682	0.583856935718	0.917834702755	0.652972450459	0.0	0.494925084582	0.640889318511	0.542290961817	0.558724021266	0.592073465442	0.620589656839	0.319961333978	0.612373127115	0.839536007733	0.614789753504	0.609473175447	0.609473175447	0.612373127115	0.873368777187	0.771387143548	0.733204446593	0.682455292412	0.712421459642	0.708071532141	0.837602706622	0.686805219913	0.654422426293	0.676655389077	0.680038666022	0.683421942968	0.710971483809	0.665538907685	0.603189946834	0.636056065732	0.617206379894	0.568873852102	0.623006283229	0.577573707105	0.588206863219	0.540840985984	0.555824069599	0.652489125181	0.640405993233	0.571290478492	0.643305944901	0.635572740454	0.606089898502	0.595940067666	0.585790236829	0.576607056549	0.600289995167	0.603189946834	0.543740937651	0.580473658772	0.581440309328	0.568390526825	0.612856452392	0.586756887385	0.621556307395	0.585306911551	0.623006283229	0.590623489609
AC4	0.586273562107	0.506041565974	0.957467375544	0.61333977767	0.494925084582	0.0	0.60657322378	0.392943450942	0.402126631223	0.509424842919	0.350410826486	0.404543257612	0.504108264862	0.874818753021	0.566940550991	0.517641372644	0.478975350411	0.468342194297	0.927984533591	0.775737071049	0.592073465442	0.53697438376	0.516674722088	0.512808119865	0.896568390527	0.58337361044	0.489608506525	0.509424842919	0.53697438376	0.560657322378	0.584823586274	0.53020782987	0.445625906235	0.483325277912	0.643789270179	0.5601739971	0.477042049299	0.489125181247	0.426776220396	0.554374093765	0.46302561624	0.663605606573	0.640889318511	0.521507974867	0.512808119865	0.500241662639	0.643789270179	0.587723537941	0.60657322378	0.581923634606	0.576123731271	0.623006283229	0.502174963751	0.506041565974	0.510391493475	0.510391493475	0.528274528758	0.601739971	0.557274045433	0.572257129048	0.482358627356	0.577573707105
AD3	0.673272112131	0.597873368777	0.955534074432	0.683421942968	0.640889318511	0.60657322378	0.0	0.53020782987	0.63653939101	0.358627356211	0.668438859352	0.599806669889	0.644272595457	0.870952150797	0.576123731271	0.637022716288	0.674722087965	0.677138714355	0.933784436926	0.782986950217	0.714838086032	0.684388593523	0.695988400193	0.695021749638	0.909134847753	0.683421942968	0.698888351861	0.687288545191	0.687771870469	0.678105364911	0.710971483809	0.675688738521	0.628322861286	0.647655872402	0.744320927985	0.653455775737	0.681005316578	0.541807636539	0.624456259062	0.593040115998	0.579507008217	0.535041082649	0.525857902368	0.547124214596	0.70372160464	0.68970517158	0.761237312711	0.705171580474	0.732721121315	0.699371677139	0.702271628806	0.744804253262	0.656355727405	0.662155630739	0.669888835186	0.663605606573	0.630256162397	0.724021266312	0.642339294345	0.704204929918	0.691638472692	0.708554857419
AD4	0.582890285162	0.500241662639	0.943450942484	0.606089898502	0.542290961817	0.392943450942	0.53020782987	0.0	0.299178347028	0.40744320928	0.425809569841	0.476558724021	0.505074915418	0.85645239246	0.550507491542	0.511358144031	0.451909134848	0.447559207347	0.929917834703	0.76848719188	0.573707104882	0.488641855969	0.485741904302	0.494925084582	0.893668438859	0.581923634606	0.447559207347	0.467375543741	0.489125181247	0.544224262929	0.542290961817	0.499275012083	0.406476558724	0.454809086515	0.645239246013	0.542774287095	0.432092798453	0.461575640406	0.424842919285	0.551474142098	0.461092315128	0.630739487675	0.608506524891	0.496375060416	0.49540840986	0.484775253746	0.65055582407	0.591106814886	0.612856452392	0.595940067666	0.585306911551	0.627839536008	0.499758337361	0.511841469309	0.494925084582	0.503141614306	0.518124697922	0.612373127115	0.547607539874	0.593040115998	0.499758337361	0.587723537941
AE3	0.5601739971	0.511841469309	0.93281778637	0.608989850169	0.558724021266	0.402126631223	0.63653939101	0.299178347028	0.0	0.509424842919	0.420009666506	0.498791686805	0.512324794587	0.852585790237	0.572740454326	0.5186080232	0.443209279845	0.440309328178	0.919284678589	0.760270662156	0.551474142098	0.470275495408	0.478008699855	0.49299178347	0.881101981634	0.578057032383	0.440792653456	0.458192363461	0.485258579024	0.537941034316	0.544224262929	0.506524891252	0.40744320928	0.470758820686	0.65973900435	0.579507008217	0.440309328178	0.500724987917	0.439342677622	0.600289995167	0.498308361527	0.669405509908	0.652005799903	0.530691155147	0.501691638473	0.48380860319	0.662155630739	0.605123247946	0.629289511841	0.610439826003	0.591590140164	0.637022716288	0.51377477042	0.53020782987	0.516674722088	0.521507974867	0.533591106815	0.630739487675	0.557274045433	0.601739971	0.488641855969	0.594006766554
AE4	0.632672788787	0.526341227646	0.958917351377	0.628322861286	0.592073465442	0.509424842919	0.358627356211	0.40744320928	0.509424842919	0.0	0.572257129048	0.542290961817	0.571290478492	0.87046882552	0.529241179314	0.547607539874	0.573707104882	0.57177380377	0.942484291928	0.785403576607	0.648622522958	0.59255679072	0.584823586274	0.587240212663	0.911068148864	0.619139681005	0.590623489609	0.580473658772	0.584823586274	0.599806669889	0.641372643789	0.592073465442	0.51619139681	0.546640889319	0.70130497825	0.605606573224	0.574673755437	0.446109231513	0.530691155147	0.536491058482	0.502658289029	0.559207346544	0.539874335428	0.498791686805	0.597390043499	0.590140164331	0.719671338811	0.655389076849	0.687288545191	0.665538907685	0.653939101015	0.696955050749	0.597390043499	0.586756887385	0.590140164331	0.606089898502	0.568390526825	0.680038666022	0.591590140164	0.666022232963	0.586756887385	0.654905751571
AF3	0.615273078782	0.573223779604	0.971000483325	0.648622522958	0.620589656839	0.350410826486	0.668438859352	0.425809569841	0.420009666506	0.572257129048	0.0	0.535524407927	0.533107781537	0.889318511358	0.621072982117	0.566940550991	0.444175930401	0.43064282262	0.955050749154	0.805219913001	0.597390043499	0.530691155147	0.43740937651	0.441275978734	0.916384726921	0.612856452392	0.434992750121	0.500241662639	0.522474625423	0.591590140164	0.531174480425	0.51377477042	0.436926051232	0.515708071532	0.66892218463	0.609473175447	0.425326244563	0.540840985984	0.454809086515	0.625422909618	0.522474625423	0.711938134364	0.68970517158	0.564040599323	0.5186080232	0.509908168197	0.669405509908	0.609473175447	0.652972450459	0.612856452392	0.603189946834	0.64572257129	0.545190913485	0.53020782987	0.524407926535	0.529724504592	0.572740454326	0.629772837119	0.598356694055	0.599323344611	0.501208313195	0.601256645723
AF4	0.618173030449	0.526824552924	0.933784436926	0.603189946834	0.319961333978	0.404543257612	0.599806669889	0.476558724021	0.498791686805	0.542290961817	0.535524407927	0.0	0.551474142098	0.849685838569	0.555824069599	0.564040599323	0.572740454326	0.570807153214	0.885935234413	0.737554374094	0.698405026583	0.642339294345	0.65732237796	0.652489125181	0.852585790237	0.639439342678	0.601256645723	0.62735621073	0.636056065732	0.63653939101	0.67133881102	0.623972933784	0.54857419043	0.585306911551	0.605606573224	0.522957950701	0.564523924601	0.533591106815	0.519091348478	0.491058482359	0.497341710971	0.623489608507	0.609473175447	0.523441275979	0.580473658772	0.572740454326	0.595940067666	0.541324311261	0.556790720155	0.539874335428	0.549540840986	0.575157080715	0.490091831803	0.51377477042	0.527307878202	0.519091348478	0.563557274045	0.551957467376	0.572257129048	0.528274528758	0.555824069599	0.526824552924
AG3	0.585306911551	0.491058482359	0.965683905268	0.4813919768	0.612373127115	0.504108264862	0.644272595457	0.505074915418	0.512324794587	0.571290478492	0.533107781537	0.551474142098	0.0	0.855485741904	0.543740937651	0.521991300145	0.503141614306	0.498308361527	0.928951184147	0.779120347994	0.666505558241	0.598840019333	0.588206863219	0.594490091832	0.881101981634	0.623006283229	0.540357660706	0.5601739971	0.612373127115	0.608989850169	0.632189463509	0.577573707105	0.521507974867	0.538424359594	0.662155630739	0.59255679072	0.529724504592	0.550024166264	0.511841469309	0.580473658772	0.500241662639	0.666505558241	0.646205896568	0.551957467376	0.569840502658	0.543740937651	0.627839536008	0.585790236829	0.614789753504	0.598356694055	0.568390526825	0.600289995167	0.506041565974	0.513291445143	0.526341227646	0.526341227646	0.524891251812	0.601739971	0.56259062349	0.590140164331	0.500241662639	0.576607056549
AG4	0.852585790237	0.863702271629	0.325277912035	0.553407443209	0.839536007733	0.874818753021	0.870952150797	0.85645239246	0.852585790237	0.87046882552	0.889318511358	0.849685838569	0.855485741904	0.0	0.880135331078	0.862252295795	0.896568390527	0.896085065249	0.719188013533	0.6805219913	0.820686321895	0.833736104398	0.882551957467	0.881585306912	0.828419526341	0.835186080232	0.876268728855	0.856935717738	0.768003866602	0.757854035766	0.889318511358	0.87723537941	0.877718704688	0.8796520058	0.905268245529	0.897051715805	0.897051715805	0.868535524408	0.892701788304	0.88883518608	0.885935234413	0.851619139681	0.860318994683	0.875302078299	0.900918318028	0.894635089415	0.891735137748	0.89125181247	0.88883518608	0.889318511358	0.895118414693	0.886901884969	0.894635089415	0.893185113581	0.898985016916	0.895601739971	0.893668438859	0.890768487192	0.890768487192	0.890768487192	0.896568390527	0.894635089415
AH3	0.651522474625	0.387626872885	0.962783953601	0.60415659739	0.614789753504	0.566940550991	0.576123731271	0.550507491542	0.572740454326	0.529241179314	0.621072982117	0.555824069599	0.543740937651	0.880135331078	0.0	0.523924601257	0.594006766554	0.597390043499	0.930884485259	0.78008699855	0.709038182697	0.637022716288	0.632672788787	0.639922667956	0.903818269696	0.692605123248	0.636056065732	0.620589656839	0.664088931851	0.67133881102	0.696955050749	0.652972450459	0.540357660706	0.579023682939	0.715804736588	0.624456259062	0.623006283229	0.538424359594	0.599806669889	0.559690671822	0.560657322378	0.583856935718	0.567907201547	0.565007249879	0.653455775737	0.629289511841	0.709038182697	0.640405993233	0.665055582407	0.647655872402	0.646689221846	0.6805219913	0.583856935718	0.602223296278	0.601256645723	0.598356694055	0.562107298212	0.667472208797	0.559690671822	0.631706138231	0.598356694055	0.626872885452
AH4	0.354760753987	0.379893668439	0.947317544708	0.599806669889	0.609473175447	0.517641372644	0.637022716288	0.511358144031	0.5186080232	0.547607539874	0.566940550991	0.564040599323	0.521991300145	0.862252295795	0.523924601257	0.0	0.514741420976	0.511358144031	0.871918801353	0.740454325761	0.621072982117	0.550507491542	0.563557274045	0.568390526825	0.852585790237	0.58337361044	0.538424359594	0.535041082649	0.568873852102	0.576123731271	0.581440309328	0.539874335428	0.52537457709	0.541324311261	0.70372160464	0.635572740454	0.554857419043	0.551957467376	0.537941034316	0.579990333494	0.524891251812	0.665538907685	0.654422426293	0.571290478492	0.584340260996	0.564040599323	0.659255679072	0.606089898502	0.656355727405	0.621556307395	0.601739971	0.633639439343	0.531174480425	0.52779120348	0.508458192363	0.52537457709	0.503624939584	0.621072982117	0.52537457709	0.614306428226	0.524407926535	0.605123247946
AA7	0.568390526825	0.545674238763	0.971967133881	0.640889318511	0.609473175447	0.478975350411	0.674722087965	0.451909134848	0.443209279845	0.573707104882	0.444175930401	0.572740454326	0.503141614306	0.896568390527	0.594006766554	0.514741420976	0.0	0.265828902852	0.913968100532	0.782020299662	0.595940067666	0.510391493475	0.478008699855	0.482841952634	0.866602223296	0.582890285162	0.436442725955	0.466892218463	0.522957950701	0.579990333494	0.511841469309	0.425809569841	0.413243112615	0.470275495408	0.696955050749	0.631222812953	0.454809086515	0.538907684872	0.482358627356	0.600773320445	0.524407926535	0.701788303528	0.684871918801	0.572257129048	0.541807636539	0.520057999033	0.658289028516	0.61575640406	0.65055582407	0.631222812953	0.584823586274	0.626872885452	0.507974867086	0.533107781537	0.520057999033	0.517158047366	0.521991300145	0.614789753504	0.550507491542	0.629289511841	0.497341710971	0.60657322378
AA8	0.563073948768	0.544224262929	0.970517158047	0.637989366844	0.612373127115	0.468342194297	0.677138714355	0.447559207347	0.440309328178	0.57177380377	0.43064282262	0.570807153214	0.498308361527	0.896085065249	0.597390043499	0.511358144031	0.265828902852	0.0	0.913001449976	0.777187046883	0.579990333494	0.502174963751	0.464475592073	0.468825519575	0.860318994683	0.577090381827	0.420492991783	0.450942484292	0.503141614306	0.563557274045	0.468342194297	0.382793620106	0.409859835669	0.4813919768	0.698405026583	0.631706138231	0.442725954567	0.540840985984	0.480908651522	0.597390043499	0.522474625423	0.707104881585	0.687771870469	0.56935717738	0.538424359594	0.508941517641	0.654422426293	0.608023199613	0.655389076849	0.631222812953	0.583856935718	0.624456259062	0.510391493475	0.526341227646	0.514258095698	0.510874818753	0.522474625423	0.614789753504	0.54857419043	0.623489608507	0.487191880135	0.599806669889
AB7	0.851135814403	0.893668438859	0.751570807153	0.737071048816	0.873368777187	0.927984533591	0.933784436926	0.929917834703	0.919284678589	0.942484291928	0.955050749154	0.885935234413	0.928951184147	0.719188013533	0.930884485259	0.871918801353	0.913968100532	0.913001449976	0.0	0.412759787337	0.804736587724	0.840502658289	0.935717738038	0.925084581924	0.731271145481	0.830836152731	0.892218463026	0.881585306912	0.73852102465	0.684388593523	0.8796520058	0.888351860802	0.928951184147	0.933301111648	0.938617689705	0.934267762204	0.945867568874	0.91445142581	0.943934267762	0.918801353311	0.933301111648	0.875302078299	0.895601739971	0.919284678589	0.961817303045	0.9584340261	0.915901401643	0.921701304978	0.924117931368	0.937651039149	0.922184630256	0.908168197197	0.90961817303	0.919768003867	0.908168197197	0.905268245529	0.919284678589	0.910101498308	0.918801353311	0.924117931368	0.951184146931	0.927501208313
AB8	0.723054615756	0.74528757854	0.751570807153	0.58337361044	0.771387143548	0.775737071049	0.782986950217	0.76848719188	0.760270662156	0.785403576607	0.805219913001	0.737554374094	0.779120347994	0.6805219913	0.78008699855	0.740454325761	0.782020299662	0.777187046883	0.412759787337	0.0	0.657805703238	0.679555340744	0.772353794103	0.763653939101	0.739487675205	0.685355244079	0.738037699372	0.721604639923	0.553407443209	0.519574673755	0.755437409377	0.751570807153	0.775253745771	0.774770420493	0.82406959884	0.778637022716	0.786853552441	0.753987433543	0.786370227163	0.772837119381	0.777187046883	0.731271145481	0.743354277429	0.760270662156	0.807636539391	0.799903334944	0.831802803287	0.776220396327	0.804736587724	0.787336877719	0.789753504108	0.80328661189	0.773320444659	0.77767037216	0.773320444659	0.771387143548	0.77090381827	0.793620106332	0.772837119381	0.773803769937	0.78927017883	0.781053649106
AC7	0.608989850169	0.658772353794	0.890768487192	0.654905751571	0.733204446593	0.592073465442	0.714838086032	0.573707104882	0.551474142098	0.648622522958	0.597390043499	0.698405026583	0.666505558241	0.820686321895	0.709038182697	0.621072982117	0.595940067666	0.579990333494	0.804736587724	0.657805703238	0.0	0.355727404543	0.567423876269	0.568390526825	0.822136297728	0.588206863219	0.546640889319	0.512324794587	0.463508941518	0.481875302078	0.568390526825	0.551474142098	0.563073948768	0.600773320445	0.810053165781	0.744320927985	0.62493958434	0.631222812953	0.61575640406	0.731271145481	0.669888835186	0.702271628806	0.710004833253	0.660222329628	0.643789270179	0.629289511841	0.819719671339	0.764137264379	0.794586756887	0.774287095215	0.740937651039	0.787820202997	0.684388593523	0.68293861769	0.668438859352	0.676655389077	0.667472208797	0.779120347994	0.685355244079	0.758820686322	0.626872885452	0.762203963267
AC8	0.571290478492	0.582890285162	0.905751570807	0.622039632673	0.682455292412	0.53697438376	0.684388593523	0.488641855969	0.470275495408	0.59255679072	0.530691155147	0.642339294345	0.598840019333	0.833736104398	0.637022716288	0.550507491542	0.510391493475	0.502174963751	0.840502658289	0.679555340744	0.355727404543	0.0	0.492025132914	0.490091831803	0.834219429676	0.550507491542	0.413243112615	0.374093765104	0.421459642339	0.468342194297	0.520541324311	0.490091831803	0.479942000967	0.522957950701	0.74528757854	0.672305461576	0.544707588207	0.565490575157	0.546157564041	0.667955534074	0.596423392943	0.663122281295	0.65732237796	0.595940067666	0.582406959884	0.554857419043	0.749637506042	0.687288545191	0.72692121798	0.707104881585	0.670372160464	0.709521507975	0.609473175447	0.608506524891	0.597873368777	0.603189946834	0.581923634606	0.70130497825	0.603189946834	0.699371677139	0.547124214596	0.684388593523
AD7	0.601739971	0.589173513775	0.960367327211	0.663605606573	0.712421459642	0.516674722088	0.695988400193	0.485741904302	0.478008699855	0.584823586274	0.43740937651	0.65732237796	0.588206863219	0.882551957467	0.632672788787	0.563557274045	0.478008699855	0.464475592073	0.935717738038	0.772353794103	0.567423876269	0.492025132914	0.0	0.277428709522	0.898985016916	0.51619139681	0.405993233446	0.451909134848	0.483325277912	0.561140647656	0.511358144031	0.487675205413	0.462058965684	0.532624456259	0.747220879652	0.672305461576	0.488158530691	0.562107298212	0.542290961817	0.664088931851	0.595940067666	0.708554857419	0.683421942968	0.597873368777	0.563557274045	0.558724021266	0.750604156597	0.683905268246	0.732237796037	0.704688255196	0.664572257129	0.708071532141	0.614306428226	0.61333977767	0.597390043499	0.607056549058	0.585790236829	0.698888351861	0.600773320445	0.692605123248	0.558724021266	0.669888835186
AD8	0.603673272112	0.594006766554	0.956500724988	0.656355727405	0.708071532141	0.512808119865	0.695021749638	0.494925084582	0.49299178347	0.587240212663	0.441275978734	0.652489125181	0.594490091832	0.881585306912	0.639922667956	0.568390526825	0.482841952634	0.468825519575	0.925084581924	0.763653939101	0.568390526825	0.490091831803	0.277428709522	0.0	0.866118898018	0.488158530691	0.407926534558	0.451909134848	0.473658772354	0.54857419043	0.50700821653	0.485258579024	0.479458675689	0.542290961817	0.740454325761	0.662638956017	0.489608506525	0.559207346544	0.536491058482	0.654422426293	0.584340260996	0.704688255196	0.681005316578	0.590623489609	0.56259062349	0.565007249879	0.745770903818	0.677622039633	0.723054615756	0.695988400193	0.660222329628	0.697921701305	0.614789753504	0.596906718221	0.588690188497	0.597390043499	0.590623489609	0.693088448526	0.600289995167	0.684388593523	0.564040599323	0.666022232963
AE7	0.830352827453	0.878202029966	0.85645239246	0.796036732721	0.837602706622	0.896568390527	0.909134847753	0.893668438859	0.881101981634	0.911068148864	0.916384726921	0.852585790237	0.881101981634	0.828419526341	0.903818269696	0.852585790237	0.866602223296	0.860318994683	0.731271145481	0.739487675205	0.822136297728	0.834219429676	0.898985016916	0.866118898018	0.0	0.551474142098	0.871918801353	0.861285645239	0.762687288545	0.755437409377	0.836636056066	0.830352827453	0.902368293862	0.903334944418	0.926051232479	0.910101498308	0.918801353311	0.896085065249	0.918318028033	0.872885451909	0.90043499275	0.870952150797	0.884968583857	0.883035282745	0.936684388594	0.927017883035	0.888351860802	0.903334944418	0.90043499275	0.90285161914	0.903818269696	0.893185113581	0.884001933301	0.900918318028	0.898018366361	0.884968583857	0.900918318028	0.884485258579	0.901401643306	0.905268245529	0.917834702755	0.897051715805
AE8	0.594490091832	0.633639439343	0.906718221363	0.642339294345	0.686805219913	0.58337361044	0.683421942968	0.581923634606	0.578057032383	0.619139681005	0.612856452392	0.639439342678	0.623006283229	0.835186080232	0.692605123248	0.58337361044	0.582890285162	0.577090381827	0.830836152731	0.685355244079	0.588206863219	0.550507491542	0.51619139681	0.488158530691	0.551474142098	0.0	0.567907201547	0.556307394877	0.523441275979	0.512808119865	0.572740454326	0.543257612373	0.600773320445	0.599323344611	0.758337361044	0.688255195747	0.616723054616	0.597390043499	0.613823102948	0.660705654906	0.622522957951	0.676655389077	0.678105364911	0.611889801837	0.631222812953	0.623972933784	0.751570807153	0.697921701305	0.744804253262	0.709038182697	0.687288545191	0.733204446593	0.64813919768	0.637022716288	0.635572740454	0.6389560174	0.641372643789	0.708554857419	0.658289028516	0.70372160464	0.616723054616	0.684871918801
AF7	0.576607056549	0.554857419043	0.948767520541	0.658772353794	0.654422426293	0.489608506525	0.698888351861	0.447559207347	0.440792653456	0.590623489609	0.434992750121	0.601256645723	0.540357660706	0.876268728855	0.636056065732	0.538424359594	0.436442725955	0.420492991783	0.892218463026	0.738037699372	0.546640889319	0.413243112615	0.405993233446	0.407926534558	0.871918801353	0.567907201547	0.0	0.331561140648	0.471725471242	0.532624456259	0.484775253746	0.48622522958	0.429192846786	0.486708554857	0.690188496858	0.615273078782	0.441759304012	0.529724504592	0.497825036249	0.626872885452	0.53697438376	0.693088448526	0.667472208797	0.565007249879	0.531174480425	0.507974867086	0.677622039633	0.624456259062	0.6805219913	0.652972450459	0.604639922668	0.644755920735	0.553407443209	0.552440792653	0.536491058482	0.548090865152	0.545190913485	0.63653939101	0.573707104882	0.636056065732	0.484291928468	0.61575640406
AF8	0.56259062349	0.552924117931	0.933784436926	0.637989366844	0.676655389077	0.509424842919	0.687288545191	0.467375543741	0.458192363461	0.580473658772	0.500241662639	0.62735621073	0.5601739971	0.856935717738	0.620589656839	0.535041082649	0.466892218463	0.450942484292	0.881585306912	0.721604639923	0.512324794587	0.374093765104	0.451909134848	0.451909134848	0.861285645239	0.556307394877	0.331561140648	0.0	0.443692605123	0.496858385694	0.517158047366	0.473175447076	0.443692605123	0.499758337361	0.722087965201	0.646689221846	0.497825036249	0.53697438376	0.523924601257	0.62735621073	0.5601739971	0.675205413243	0.652005799903	0.566457225713	0.565973900435	0.538424359594	0.704688255196	0.642822619623	0.699371677139	0.672788786854	0.637022716288	0.66892218463	0.570807153214	0.573707104882	0.5601739971	0.565490575157	0.540357660706	0.659255679072	0.559207346544	0.661188980184	0.510874818753	0.647655872402
AG7	0.580473658772	0.608023199613	0.843885935234	0.557274045433	0.680038666022	0.53697438376	0.687771870469	0.489125181247	0.485258579024	0.584823586274	0.522474625423	0.636056065732	0.612373127115	0.768003866602	0.664088931851	0.568873852102	0.522957950701	0.503141614306	0.73852102465	0.553407443209	0.463508941518	0.421459642339	0.483325277912	0.473658772354	0.762687288545	0.523441275979	0.471725471242	0.443692605123	0.0	0.327211213146	0.52779120348	0.491058482359	0.503141614306	0.565007249879	0.75688738521	0.679072015466	0.535524407927	0.564523924601	0.553407443209	0.667955534074	0.606089898502	0.654422426293	0.655872402127	0.587723537941	0.602223296278	0.597390043499	0.761720637989	0.691155147414	0.737071048816	0.715804736588	0.673755437409	0.719671338811	0.631222812953	0.625422909618	0.619139681005	0.62735621073	0.622522957951	0.713388110198	0.640405993233	0.698888351861	0.590623489609	0.688255195747
AG8	0.569840502658	0.609956500725	0.842435959401	0.58095698405	0.683421942968	0.560657322378	0.678105364911	0.544224262929	0.537941034316	0.599806669889	0.591590140164	0.63653939101	0.608989850169	0.757854035766	0.67133881102	0.576123731271	0.579990333494	0.563557274045	0.684388593523	0.519574673755	0.481875302078	0.468342194297	0.561140647656	0.54857419043	0.755437409377	0.512808119865	0.532624456259	0.496858385694	0.327211213146	0.0	0.558724021266	0.536491058482	0.57177380377	0.58337361044	0.764620589657	0.68293861769	0.588690188497	0.572257129048	0.588206863219	0.662155630739	0.604639922668	0.656839052682	0.670372160464	0.607056549058	0.616239729338	0.616239729338	0.766070565491	0.69453842436	0.744320927985	0.716288061866	0.686805219913	0.725954567424	0.644272595457	0.625422909618	0.619139681005	0.639922667956	0.630739487675	0.720637989367	0.655872402127	0.696955050749	0.604639922668	0.69212179797
AH7	0.593523441276	0.639439342678	0.956500724988	0.69212179797	0.710971483809	0.584823586274	0.710971483809	0.542290961817	0.544224262929	0.641372643789	0.531174480425	0.67133881102	0.632189463509	0.889318511358	0.696955050749	0.581440309328	0.511841469309	0.468342194297	0.8796520058	0.755437409377	0.568390526825	0.520541324311	0.511358144031	0.50700821653	0.836636056066	0.572740454326	0.484775253746	0.517158047366	0.52779120348	0.558724021266	0.0	0.328177863702	0.558240695988	0.609473175447	0.78250362494	0.717254712421	0.543257612373	0.633639439343	0.606089898502	0.675205413243	0.635089415176	0.752054132431	0.744804253262	0.661188980184	0.639922667956	0.629289511841	0.7593040116	0.722571290478	0.752054132431	0.731271145481	0.694055099082	0.732237796037	0.636056065732	0.641372643789	0.617206379894	0.627839536008	0.621556307395	0.726437892702	0.642339294345	0.712421459642	0.616239729338	0.721604639923
AH8	0.565490575157	0.599806669889	0.952150797487	0.651522474625	0.665538907685	0.53020782987	0.675688738521	0.499275012083	0.506524891252	0.592073465442	0.51377477042	0.623972933784	0.577573707105	0.87723537941	0.652972450459	0.539874335428	0.425809569841	0.382793620106	0.888351860802	0.751570807153	0.551474142098	0.490091831803	0.487675205413	0.485258579024	0.830352827453	0.543257612373	0.48622522958	0.473175447076	0.491058482359	0.536491058482	0.328177863702	0.0	0.50700821653	0.562107298212	0.755437409377	0.682455292412	0.524407926535	0.587723537941	0.552440792653	0.630256162397	0.583856935718	0.706138231029	0.706138231029	0.616239729338	0.594490091832	0.584823586274	0.707104881585	0.67133881102	0.711938134364	0.684871918801	0.644272595457	0.679072015466	0.583856935718	0.588690188497	0.574190430159	0.569840502658	0.578057032383	0.675688738521	0.591106814886	0.674722087965	0.564523924601	0.668438859352
AA5	0.588690188497	0.517158047366	0.9584340261	0.635089415176	0.603189946834	0.445625906235	0.628322861286	0.406476558724	0.40744320928	0.51619139681	0.436926051232	0.54857419043	0.521507974867	0.877718704688	0.540357660706	0.52537457709	0.413243112615	0.409859835669	0.928951184147	0.775253745771	0.563073948768	0.479942000967	0.462058965684	0.479458675689	0.902368293862	0.600773320445	0.429192846786	0.443692605123	0.503141614306	0.57177380377	0.558240695988	0.50700821653	0.0	0.336394393427	0.679072015466	0.579990333494	0.464958917351	0.446592556791	0.471242145964	0.567907201547	0.475108748188	0.612856452392	0.593523441276	0.48380860319	0.52779120348	0.487191880135	0.695021749638	0.641855969067	0.664572257129	0.639922667956	0.623972933784	0.672305461576	0.536007733204	0.557274045433	0.543257612373	0.549540840986	0.512324794587	0.654905751571	0.553407443209	0.62735621073	0.494441759304	0.623972933784
AA6	0.607539874335	0.53697438376	0.961817303045	0.660705654906	0.636056065732	0.483325277912	0.647655872402	0.454809086515	0.470758820686	0.546640889319	0.515708071532	0.585306911551	0.538424359594	0.8796520058	0.579023682939	0.541324311261	0.470275495408	0.4813919768	0.933301111648	0.774770420493	0.600773320445	0.522957950701	0.532624456259	0.542290961817	0.903334944418	0.599323344611	0.486708554857	0.499758337361	0.565007249879	0.58337361044	0.609473175447	0.562107298212	0.336394393427	0.0	0.681971967134	0.579507008217	0.518124697922	0.482841952634	0.497825036249	0.592073465442	0.500241662639	0.644755920735	0.622039632673	0.519091348478	0.48380860319	0.442725954567	0.704204929918	0.653455775737	0.673755437409	0.656839052682	0.635572740454	0.676655389077	0.552440792653	0.571290478492	0.555824069599	0.566940550991	0.535524407927	0.662638956017	0.570807153214	0.641855969067	0.522474625423	0.644755920735
AB5	0.749154180764	0.668438859352	0.974867085549	0.733204446593	0.617206379894	0.643789270179	0.744320927985	0.645239246013	0.65973900435	0.70130497825	0.66892218463	0.605606573224	0.662155630739	0.905268245529	0.715804736588	0.70372160464	0.696955050749	0.698405026583	0.938617689705	0.82406959884	0.810053165781	0.74528757854	0.747220879652	0.740454325761	0.926051232479	0.758337361044	0.690188496858	0.722087965201	0.75688738521	0.764620589657	0.78250362494	0.755437409377	0.679072015466	0.681971967134	0.0	0.319961333978	0.621072982117	0.670372160464	0.618656355727	0.630256162397	0.596906718221	0.741904301595	0.727404543258	0.651039149348	0.6389560174	0.623006283229	0.617689705172	0.622522957951	0.629772837119	0.607539874335	0.621556307395	0.623972933784	0.593523441276	0.593040115998	0.602223296278	0.612856452392	0.662155630739	0.596423392943	0.670855485742	0.60657322378	0.673272112131	0.611889801837
AB6	0.683905268246	0.586273562107	0.971000483325	0.672305461576	0.568873852102	0.5601739971	0.653455775737	0.542774287095	0.579507008217	0.605606573224	0.609473175447	0.522957950701	0.59255679072	0.897051715805	0.624456259062	0.635572740454	0.631222812953	0.631706138231	0.934267762204	0.778637022716	0.744320927985	0.672305461576	0.672305461576	0.662638956017	0.910101498308	0.688255195747	0.615273078782	0.646689221846	0.679072015466	0.68293861769	0.717254712421	0.682455292412	0.579990333494	0.579507008217	0.319961333978	0.0	0.558724021266	0.565490575157	0.547124214596	0.550507491542	0.515224746254	0.653939101015	0.634606089899	0.537457709038	0.561140647656	0.542774287095	0.605123247946	0.551957467376	0.585790236829	0.558240695988	0.557274045433	0.593040115998	0.5186080232	0.533107781537	0.543740937651	0.558724021266	0.582890285162	0.565007249879	0.597390043499	0.550507491542	0.607056549058	0.542774287095
AC5	0.612373127115	0.571290478492	0.976317061382	0.658289028516	0.623006283229	0.477042049299	0.681005316578	0.432092798453	0.440309328178	0.574673755437	0.425326244563	0.564523924601	0.529724504592	0.897051715805	0.623006283229	0.554857419043	0.454809086515	0.442725954567	0.945867568874	0.786853552441	0.62493958434	0.544707588207	0.488158530691	0.489608506525	0.918801353311	0.616723054616	0.441759304012	0.497825036249	0.535524407927	0.588690188497	0.543257612373	0.524407926535	0.464958917351	0.518124697922	0.621072982117	0.558724021266	0.0	0.436442725955	0.445142580957	0.603673272112	0.508941517641	0.704688255196	0.669405509908	0.558724021266	0.47462542291	0.476075398743	0.612856452392	0.559690671822	0.622522957951	0.578540357661	0.554374093765	0.59497341711	0.49540840986	0.485258579024	0.480425326245	0.494441759304	0.552440792653	0.58095698405	0.590623489609	0.565007249879	0.516674722088	0.553407443209
AC6	0.620106331561	0.529241179314	0.956984050266	0.641372643789	0.577573707105	0.489125181247	0.541807636539	0.461575640406	0.500724987917	0.446109231513	0.540840985984	0.533591106815	0.550024166264	0.868535524408	0.538424359594	0.551957467376	0.538907684872	0.540840985984	0.91445142581	0.753987433543	0.631222812953	0.565490575157	0.562107298212	0.559207346544	0.896085065249	0.597390043499	0.529724504592	0.53697438376	0.564523924601	0.572257129048	0.633639439343	0.587723537941	0.446592556791	0.482841952634	0.670372160464	0.565490575157	0.436442725955	0.0	0.507491541808	0.522474625423	0.491058482359	0.478008699855	0.448525857902	0.423392943451	0.563073948768	0.554374093765	0.683905268246	0.625906234896	0.661672305462	0.630739487675	0.626389560174	0.665055582407	0.578057032383	0.572740454326	0.568390526825	0.582406959884	0.545674238763	0.653455775737	0.582890285162	0.616723054616	0.558724021266	0.62493958434
AD6	0.61333977767	0.545190913485	0.974383760271	0.632672788787	0.588206863219	0.426776220396	0.624456259062	0.424842919285	0.439342677622	0.530691155147	0.454809086515	0.519091348478	0.511841469309	0.892701788304	0.599806669889	0.537941034316	0.482358627356	0.480908651522	0.943934267762	0.786370227163	0.61575640406	0.546157564041	0.542290961817	0.536491058482	0.918318028033	0.613823102948	0.497825036249	0.523924601257	0.553407443209	0.588206863219	0.606089898502	0.552440792653	0.471242145964	0.497825036249	0.618656355727	0.547124214596	0.445142580957	0.507491541808	0.0	0.556790720155	0.405509908168	0.685838569357	0.660222329628	0.544707588207	0.480908651522	0.478975350411	0.602706621556	0.543257612373	0.58337361044	0.562107298212	0.544224262929	0.581440309328	0.471725471242	0.468342194297	0.47220879652	0.473175447076	0.535041082649	0.570323827936	0.558240695988	0.558724021266	0.469308844853	0.53939101015
AE5	0.641372643789	0.541807636539	0.976317061382	0.642339294345	0.540840985984	0.554374093765	0.593040115998	0.551474142098	0.600289995167	0.536491058482	0.625422909618	0.491058482359	0.580473658772	0.88883518608	0.559690671822	0.579990333494	0.600773320445	0.597390043499	0.918801353311	0.772837119381	0.731271145481	0.667955534074	0.664088931851	0.654422426293	0.872885451909	0.660705654906	0.626872885452	0.62735621073	0.667955534074	0.662155630739	0.675205413243	0.630256162397	0.567907201547	0.592073465442	0.630256162397	0.550507491542	0.603673272112	0.522474625423	0.556790720155	0.0	0.379893668439	0.595456742388	0.589173513775	0.526824552924	0.630739487675	0.633156114065	0.639922667956	0.601739971	0.622039632673	0.594006766554	0.618656355727	0.637506041566	0.535524407927	0.564040599323	0.592073465442	0.558240695988	0.544707588207	0.611889801837	0.565973900435	0.581440309328	0.59255679072	0.595940067666
AE6	0.608506524891	0.499275012083	0.974383760271	0.626872885452	0.555824069599	0.46302561624	0.579507008217	0.461092315128	0.498308361527	0.502658289029	0.522474625423	0.497341710971	0.500241662639	0.885935234413	0.560657322378	0.524891251812	0.524407926535	0.522474625423	0.933301111648	0.777187046883	0.669888835186	0.596423392943	0.595940067666	0.584340260996	0.90043499275	0.622522957951	0.53697438376	0.5601739971	0.606089898502	0.604639922668	0.635089415176	0.583856935718	0.475108748188	0.500241662639	0.596906718221	0.515224746254	0.508941517641	0.491058482359	0.405509908168	0.379893668439	0.0	0.632672788787	0.612373127115	0.493475108748	0.533107781537	0.529724504592	0.62493958434	0.572740454326	0.598840019333	0.565490575157	0.56259062349	0.609956500725	0.478975350411	0.483325277912	0.499758337361	0.489125181247	0.498308361527	0.590623489609	0.533591106815	0.561140647656	0.500241662639	0.568873852102
AF5	0.705171580474	0.628322861286	0.933784436926	0.65732237796	0.652489125181	0.663605606573	0.535041082649	0.630739487675	0.669405509908	0.559207346544	0.711938134364	0.623489608507	0.666505558241	0.851619139681	0.583856935718	0.665538907685	0.701788303528	0.707104881585	0.875302078299	0.731271145481	0.702271628806	0.663122281295	0.708554857419	0.704688255196	0.870952150797	0.676655389077	0.693088448526	0.675205413243	0.654422426293	0.656839052682	0.752054132431	0.706138231029	0.612856452392	0.644755920735	0.741904301595	0.653939101015	0.704688255196	0.478008699855	0.685838569357	0.595456742388	0.632672788787	0.0	0.295795070082	0.521991300145	0.720154664089	0.711454809087	0.757854035766	0.706621556307	0.737554374094	0.703238279362	0.721121314645	0.748670855486	0.677622039633	0.70372160464	0.710971483809	0.696955050749	0.653939101015	0.729337844369	0.658772353794	0.696471725471	0.704688255196	0.705654905752
AF6	0.702754954084	0.600289995167	0.943934267762	0.67133881102	0.640405993233	0.640889318511	0.525857902368	0.608506524891	0.652005799903	0.539874335428	0.68970517158	0.609473175447	0.646205896568	0.860318994683	0.567907201547	0.654422426293	0.684871918801	0.687771870469	0.895601739971	0.743354277429	0.710004833253	0.65732237796	0.683421942968	0.681005316578	0.884968583857	0.678105364911	0.667472208797	0.652005799903	0.655872402127	0.670372160464	0.744804253262	0.706138231029	0.593523441276	0.622039632673	0.727404543258	0.634606089899	0.669405509908	0.448525857902	0.660222329628	0.589173513775	0.612373127115	0.295795070082	0.0	0.50700821653	0.698405026583	0.681488641856	0.749154180764	0.697921701305	0.72450459159	0.69212179797	0.699371677139	0.740454325761	0.663605606573	0.683905268246	0.690188496858	0.683905268246	0.635089415176	0.722571290478	0.637989366844	0.685355244079	0.685355244079	0.696955050749
