	AA3	AA4	AB3	AB4	AC3	AC4	AD3	AD4	AE3	AE4	AF3	AF4	AG3	AG4	AH3	AH4	AA7	AA8	AB7	AB8	AC7	AC8	AD7	AD8	AE7	AE8	AF7	AF8	AG7	AG8	AH7	AH8	AA5	AA6	AB5	AB6	AC5	AC6	AD6	AE5	AE6	AF5	AF6	AG5	AH5	AH6	AA1	AA2	AB1	AB2	AC1	AC2	AD1	AD2	AE1	AE2	AF1	AF2	AG1	AG2	AH1	AH2
AA3	0.0	0.487191880135	0.941034316095	0.610439826003	0.654905751571	0.578540357661	0.684871918801	0.566457225713	0.570323827936	0.622039632673	0.60415659739	0.581440309328	0.58337361044	0.850169163847	0.642822619623	0.327694538424	0.568873852102	0.566940550991	0.85645239246	0.714354760754	0.608989850169	0.565973900435	0.583856935718	0.587240212663	0.830352827453	0.584823586274	0.570807153214	0.548090865152	0.566457225713	0.575157080715	0.590623489609	0.564040599323	0.58337361044	0.586273562107	0.734171097148	0.681971967134	0.597390043499	0.601256645723	0.59255679072	0.629289511841	0.597873368777	0.702271628806	0.669888835186	0.611406476559	0.623489608507	0.611406476559	0.662638956017	0.635089415176	0.700338327695	0.65732237796	0.6389560174	0.643305944901	0.556790720155	0.559690671822	0.549540840986	0.558240695988	0.568873852102	0.658772353794	0.567907201547	0.653939101015	0.568873852102	0.62735621073
AA4	0.487191880135	0.0	0.958917351377	0.581440309328	0.570323827936	0.498308361527	0.598356694055	0.498308361527	0.517158047366	0.534557757371	0.562107298212	0.50459159014	0.487675205413	0.862252295795	0.390043499275	0.381343644273	0.534557757371	0.538907684872	0.90043499275	0.748187530208	0.675205413243	0.599323344611	0.589656839053	0.595456742388	0.883035282745	0.633639439343	0.5601739971	0.577090381827	0.617689705172	0.6389560174	0.651522474625	0.594490091832	0.506524891252	0.522474625423	0.653939101015	0.595456742388	0.572740454326	0.51377477042	0.541324311261	0.538424359594	0.482841952634	0.623489608507	0.587723537941	0.512808119865	0.591106814886	0.576607056549	0.627839536008	0.572257129048	0.61575640406	0.589173513775	0.598356694055	0.611406476559	0.513291445143	0.522957950701	0.526341227646	0.530691155147	0.502174963751	0.617689705172	0.526341227646	0.581923634606	0.524407926535	0.566457225713
AB3	0.941034316095	0.958917351377	0.0	0.682455292412	0.9212179797	0.961817303045	0.960850652489	0.944900918318	0.933301111648	0.956500724988	0.97680038666	0.938617689705	0.970517158047	0.353794103432	0.963267278879	0.943450942484	0.975833736104	0.975350410826	0.736587723538	0.7593040116	0.890285161914	0.911068148864	0.959884001933	0.954084098598	0.857902368294	0.899468342194	0.951184146931	0.928951184147	0.848719188014	0.825519574674	0.956984050266	0.954567423876	0.960367327211	0.963750604157	0.97680038666	0.968100531658	0.97680038666	0.960367327211	0.977767037216	0.97680038666	0.97680038666	0.939584340261	0.936201063316	0.948284195263	0.97921701305	0.976317061382	0.97680038666	0.975833736104	0.973900434993	0.975350410826	0.975833736104	0.972933784437	0.978733687772	0.97680038666	0.980666988884	0.97680038666	0.97680038666	0.976317061382	0.974383760271	0.97921701305	0.97680038666	0.976317061382
AB4	0.610439826003	0.581440309328	0.682455292412	0.0	0.637989366844	0.611406476559	0.666988883519	0.598840019333	0.595940067666	0.626872885452	0.641855969067	0.595940067666	0.49299178347	0.562107298212	0.599323344611	0.58095698405	0.632189463509	0.632672788787	0.73368777187	0.575157080715	0.637506041566	0.612373127115	0.64813919768	0.643789270179	0.797486708555	0.622039632673	0.649589173514	0.625422909618	0.548090865152	0.566940550991	0.679555340744	0.642339294345	0.632672788787	0.641855969067	0.728854519091	0.670855485742	0.642822619623	0.623489608507	0.631706138231	0.625422909618	0.612373127115	0.649105848236	0.635089415176	0.616239729338	0.682455292412	0.666505558241	0.703238279362	0.662155630739	0.71290478492	0.687288545191	0.677138714355	0.679555340744	0.631222812953	0.64813919768	0.652972450459	0.643305944901	0.633156114065	0.700821652972	0.629289511841	0.678588690188	0.642822619623	0.672788786854
AC3	0.654905751571	0.570323827936	0.9212179797	0.637989366844	0.0	0.478492025133	0.62735621073	0.54857419043	0.56259062349	0.586756887385	0.621072982117	0.321411309812	0.619139681005	0.827452875785	0.605123247946	0.614789753504	0.60657322378	0.600289995167	0.862252295795	0.745770903818	0.716771387144	0.681488641856	0.710971483809	0.707588206863	0.826969550507	0.673272112131	0.665055582407	0.67133881102	0.670855485742	0.689221846303	0.706138231029	0.664572257129	0.598840019333	0.626389560174	0.617689705172	0.582890285162	0.616723054616	0.560657322378	0.576123731271	0.561623972934	0.576607056549	0.641855969067	0.631706138231	0.551474142098	0.648622522958	0.632189463509	0.59255679072	0.591106814886	0.589656839053	0.574190430159	0.602706621556	0.590140164331	0.541324311261	0.567423876269	0.580473658772	0.564523924601	0.602706621556	0.580473658772	0.623006283229	0.587723537941	0.61575640406	0.589173513775
AC4	0.578540357661	0.498308361527	0.961817303045	0.611406476559	0.478492025133	0.0	0.633639439343	0.406959884002	0.408893185114	0.506524891252	0.347027549541	0.383276945384	0.516674722088	0.869502174964	0.566457225713	0.537457709038	0.471725471242	0.456742387627	0.93281778637	0.772837119381	0.576607056549	0.542774287095	0.518124697922	0.530691155147	0.893185113581	0.586756887385	0.501208313195	0.509908168197	0.540357660706	0.567423876269	0.582406959884	0.536491058482	0.446109231513	0.470758820686	0.627839536008	0.556790720155	0.449492508458	0.512324794587	0.415176413726	0.562107298212	0.479942000967	0.678588690188	0.646205896568	0.508941517641	0.502174963751	0.468825519575	0.619139681005	0.567423876269	0.596423392943	0.576607056549	0.58095698405	0.591590140164	0.481875302078	0.508458192363	0.49299178347	0.501208313195	0.538907684872	0.602706621556	0.55775737071	0.568390526825	0.471725471242	0.565973900435
AD3	0.684871918801	0.598356694055	0.960850652489	0.666988883519	0.62735621073	0.633639439343	0.0	0.554374093765	0.651522474625	0.378443692605	0.694055099082	0.608989850169	0.656839052682	0.870952150797	0.577573707105	0.652972450459	0.695988400193	0.699371677139	0.940067665539	0.786370227163	0.725471242146	0.70130497825	0.70372160464	0.702754954084	0.915901401643	0.691638472692	0.706138231029	0.701788303528	0.702754954084	0.697921701305	0.728371193813	0.697921701305	0.640405993233	0.661672305462	0.733204446593	0.672305461576	0.692605123248	0.549057515708	0.655389076849	0.596423392943	0.595456742388	0.541324311261	0.514741420976	0.561623972934	0.710004833253	0.69453842436	0.757854035766	0.702754954084	0.742870952151	0.723537941034	0.71532141131	0.732237796037	0.667955534074	0.676172063799	0.689221846303	0.67133881102	0.646689221846	0.729337844369	0.643789270179	0.719671338811	0.696955050749	0.713871435476
AD4	0.566457225713	0.498308361527	0.944900918318	0.598840019333	0.54857419043	0.406959884002	0.554374093765	0.0	0.29627839536	0.405509908168	0.411793136781	0.465442242629	0.515708071532	0.849685838569	0.554374093765	0.536007733204	0.44900918318	0.437892701788	0.92363460609	0.764137264379	0.567907201547	0.500724987917	0.473175447076	0.47462542291	0.893668438859	0.584340260996	0.447075882069	0.455292411793	0.494441759304	0.55775737071	0.536007733204	0.504108264862	0.391010149831	0.441275978734	0.654905751571	0.569840502658	0.420492991783	0.477042049299	0.444175930401	0.564040599323	0.475592073465	0.637022716288	0.601256645723	0.47462542291	0.51619139681	0.482841952634	0.665055582407	0.604639922668	0.637506041566	0.623972933784	0.618656355727	0.631706138231	0.51619139681	0.53939101015	0.532141130981	0.538907684872	0.536007733204	0.638472692122	0.55775737071	0.617689705172	0.506524891252	0.603189946834
AE3	0.570323827936	0.517158047366	0.933301111648	0.595940067666	0.56259062349	0.408893185114	0.651522474625	0.29627839536	0.0	0.508458192363	0.407926534558	0.491541807637	0.51377477042	0.846785886902	0.570323827936	0.533591106815	0.441759304012	0.433059449009	0.917834702755	0.753987433543	0.551957467376	0.478975350411	0.466892218463	0.468342194297	0.879168680522	0.573223779604	0.440792653456	0.455292411793	0.477525374577	0.539874335428	0.533591106815	0.493475108748	0.402609956501	0.462542290962	0.668438859352	0.59255679072	0.43064282262	0.510391493475	0.441275978734	0.609956500725	0.511841469309	0.678588690188	0.641372643789	0.509424842919	0.508941517641	0.479458675689	0.658289028516	0.606089898502	0.637022716288	0.628322861286	0.612856452392	0.631222812953	0.519091348478	0.546640889319	0.532624456259	0.540357660706	0.545674238763	0.644272595457	0.567423876269	0.612856452392	0.492508458192	0.601739971
AE4	0.622039632673	0.534557757371	0.956500724988	0.626872885452	0.586756887385	0.506524891252	0.378443692605	0.405509908168	0.508458192363	0.0	0.56259062349	0.540357660706	0.573223779604	0.861285645239	0.539874335428	0.57177380377	0.574673755437	0.572257129048	0.938134364427	0.779603673272	0.6389560174	0.587723537941	0.586756887385	0.581923634606	0.91445142581	0.616723054616	0.577090381827	0.570807153214	0.585306911551	0.600289995167	0.634606089899	0.586273562107	0.517158047366	0.532624456259	0.686321894635	0.610923151281	0.566940550991	0.462542290962	0.530691155147	0.545674238763	0.514258095698	0.573223779604	0.53939101015	0.494441759304	0.607539874335	0.574673755437	0.710971483809	0.651039149348	0.692605123248	0.678105364911	0.667955534074	0.683421942968	0.60657322378	0.596423392943	0.60415659739	0.60415659739	0.581440309328	0.684388593523	0.582406959884	0.670855485742	0.586756887385	0.654905751571
AF3	0.60415659739	0.562107298212	0.97680038666	0.641855969067	0.621072982117	0.347027549541	0.694055099082	0.411793136781	0.407926534558	0.56259062349	0.0	0.521991300145	0.533591106815	0.884001933301	0.625906234896	0.586273562107	0.439342677622	0.418559690672	0.956500724988	0.797970033833	0.587240212663	0.535524407927	0.424359594007	0.440309328178	0.92363460609	0.614306428226	0.440309328178	0.494441759304	0.533591106815	0.593040115998	0.527307878202	0.53020782987	0.438376027066	0.503624939584	0.674722087965	0.615273078782	0.418076365394	0.55099081682	0.456259062349	0.629289511841	0.543257612373	0.721121314645	0.685355244079	0.546157564041	0.519091348478	0.485741904302	0.665055582407	0.60657322378	0.664088931851	0.630256162397	0.614789753504	0.634122764621	0.53939101015	0.547124214596	0.532624456259	0.543257612373	0.577573707105	0.644272595457	0.594006766554	0.61575640406	0.501691638473	0.598356694055
AF4	0.581440309328	0.50459159014	0.938617689705	0.595940067666	0.321411309812	0.383276945384	0.608989850169	0.465442242629	0.491541807637	0.540357660706	0.521991300145	0.0	0.558724021266	0.843402609957	0.553407443209	0.538907684872	0.535524407927	0.527307878202	0.885935234413	0.734171097148	0.670855485742	0.616723054616	0.634122764621	0.632672788787	0.851135814403	0.62493958434	0.587240212663	0.594006766554	0.614789753504	0.630256162397	0.645239246013	0.597390043499	0.52537457709	0.55099081682	0.60657322378	0.532141130981	0.542290961817	0.526341227646	0.50459159014	0.51377477042	0.511358144031	0.631706138231	0.618656355727	0.520057999033	0.569840502658	0.550024166264	0.588690188497	0.529724504592	0.572257129048	0.545674238763	0.546157564041	0.553890768487	0.471725471242	0.500241662639	0.501691638473	0.500724987917	0.540840985984	0.564523924601	0.557274045433	0.542774287095	0.531174480425	0.524891251812
AG3	0.58337361044	0.487675205413	0.970517158047	0.49299178347	0.619139681005	0.516674722088	0.656839052682	0.515708071532	0.51377477042	0.573223779604	0.533591106815	0.558724021266	0.0	0.851619139681	0.533107781537	0.533591106815	0.499275012083	0.493475108748	0.933784436926	0.773803769937	0.663605606573	0.595456742388	0.573223779604	0.58337361044	0.892218463026	0.618656355727	0.549057515708	0.572740454326	0.60657322378	0.629289511841	0.634122764621	0.568873852102	0.522474625423	0.532141130981	0.665538907685	0.62493958434	0.535041082649	0.540357660706	0.521024649589	0.590140164331	0.50459159014	0.6805219913	0.6389560174	0.531174480425	0.57177380377	0.563557274045	0.623972933784	0.574190430159	0.637022716288	0.612373127115	0.596906718221	0.600289995167	0.529724504592	0.532624456259	0.546640889319	0.537457709038	0.545190913485	0.623489608507	0.565490575157	0.595940067666	0.497825036249	0.58337361044
AG4	0.850169163847	0.862252295795	0.353794103432	0.562107298212	0.827452875785	0.869502174964	0.870952150797	0.849685838569	0.846785886902	0.861285645239	0.884001933301	0.843402609957	0.851619139681	0.0	0.873852102465	0.842919284679	0.890768487192	0.890285161914	0.711454809087	0.676172063799	0.811503141614	0.825519574674	0.874335427743	0.867085548574	0.828902851619	0.819236346061	0.864668922185	0.842435959401	0.763170613823	0.73852102465	0.878685355244	0.867085548574	0.872402126631	0.873852102465	0.899468342194	0.885451909135	0.886901884969	0.866118898018	0.885935234413	0.884485258579	0.883035282745	0.851135814403	0.851135814403	0.862252295795	0.892218463026	0.886901884969	0.883518608023	0.883518608023	0.885935234413	0.884968583857	0.885935234413	0.884485258579	0.891735137748	0.88883518608	0.894151764137	0.89125181247	0.892218463026	0.888351860802	0.886901884969	0.886901884969	0.890285161914	0.888351860802
AH3	0.642822619623	0.390043499275	0.963267278879	0.599323344611	0.605123247946	0.566457225713	0.577573707105	0.554374093765	0.570323827936	0.539874335428	0.625906234896	0.553407443209	0.533107781537	0.873852102465	0.0	0.532624456259	0.598356694055	0.598356694055	0.9212179797	0.774287095215	0.708554857419	0.640405993233	0.629289511841	0.631222812953	0.899951667472	0.6805219913	0.637022716288	0.642339294345	0.656839052682	0.6805219913	0.69453842436	0.635089415176	0.545674238763	0.585306911551	0.707588206863	0.649105848236	0.63653939101	0.546157564041	0.605123247946	0.558240695988	0.547607539874	0.590623489609	0.575157080715	0.54857419043	0.653455775737	0.642822619623	0.696955050749	0.629289511841	0.660222329628	0.653939101015	0.652972450459	0.663122281295	0.598840019333	0.607056549058	0.617206379894	0.614306428226	0.577090381827	0.676655389077	0.578057032383	0.630739487675	0.598356694055	0.624456259062
AH4	0.327694538424	0.381343644273	0.943450942484	0.58095698405	0.614789753504	0.537457709038	0.652972450459	0.536007733204	0.533591106815	0.57177380377	0.586273562107	0.538907684872	0.533591106815	0.842919284679	0.532624456259	0.0	0.540357660706	0.544707588207	0.876268728855	0.728371193813	0.631706138231	0.5601739971	0.576123731271	0.573223779604	0.849685838569	0.59255679072	0.565007249879	0.556790720155	0.582890285162	0.598840019333	0.598840019333	0.550507491542	0.545190913485	0.552440792653	0.697438376027	0.640405993233	0.594006766554	0.569840502658	0.561140647656	0.59255679072	0.533107781537	0.668438859352	0.63653939101	0.573707104882	0.600773320445	0.585306911551	0.664088931851	0.614306428226	0.668438859352	0.633639439343	0.628322861286	0.637989366844	0.548090865152	0.546640889319	0.545190913485	0.553890768487	0.524407926535	0.649105848236	0.534557757371	0.627839536008	0.537941034316	0.611406476559
AA7	0.568873852102	0.534557757371	0.975833736104	0.632189463509	0.60657322378	0.471725471242	0.695988400193	0.44900918318	0.441759304012	0.574673755437	0.439342677622	0.535524407927	0.499275012083	0.890768487192	0.598356694055	0.540357660706	0.0	0.280811986467	0.920251329145	0.775737071049	0.589656839053	0.510874818753	0.473658772354	0.484291928468	0.87046882552	0.585306911551	0.445142580957	0.482841952634	0.531174480425	0.588690188497	0.521991300145	0.43740937651	0.432092798453	0.492025132914	0.699855002417	0.65055582407	0.463992266796	0.556790720155	0.479458675689	0.613823102948	0.532141130981	0.712421459642	0.682455292412	0.568873852102	0.552440792653	0.519091348478	0.656839052682	0.600289995167	0.65732237796	0.634606089899	0.603189946834	0.623489608507	0.5186080232	0.538907684872	0.534557757371	0.530691155147	0.53697438376	0.632672788787	0.563073948768	0.628806186564	0.491541807637	0.598356694055
AA8	0.566940550991	0.538907684872	0.975350410826	0.632672788787	0.600289995167	0.456742387627	0.699371677139	0.437892701788	0.433059449009	0.572257129048	0.418559690672	0.527307878202	0.493475108748	0.890285161914	0.598356694055	0.544707588207	0.280811986467	0.0	0.918801353311	0.774287095215	0.587723537941	0.499275012083	0.462542290962	0.474142097632	0.871435476075	0.584340260996	0.425326244563	0.478492025133	0.524891251812	0.580473658772	0.475108748188	0.401643305945	0.428709521508	0.487191880135	0.691638472692	0.643789270179	0.448525857902	0.555824069599	0.47220879652	0.615273078782	0.528274528758	0.717738037699	0.683905268246	0.5601739971	0.53939101015	0.512808119865	0.641855969067	0.585790236829	0.657805703238	0.625422909618	0.590140164331	0.603189946834	0.505558240696	0.522474625423	0.516674722088	0.515708071532	0.533591106815	0.61575640406	0.55775737071	0.617206379894	0.4813919768	0.585790236829
AB7	0.85645239246	0.90043499275	0.736587723538	0.73368777187	0.862252295795	0.93281778637	0.940067665539	0.92363460609	0.917834702755	0.938134364427	0.956500724988	0.885935234413	0.933784436926	0.711454809087	0.9212179797	0.876268728855	0.920251329145	0.918801353311	0.0	0.396810053166	0.808119864669	0.842919284679	0.936201063316	0.933301111648	0.73610439826	0.819719671339	0.902368293862	0.867085548574	0.747220879652	0.697921701305	0.880618656356	0.885935234413	0.926534557757	0.939101014983	0.93281778637	0.941517641373	0.94683421943	0.915901401643	0.94441759304	0.926051232479	0.939101014983	0.873368777187	0.869985500242	0.910101498308	0.960367327211	0.950700821653	0.917351377477	0.924117931368	0.930884485259	0.928951184147	0.925084581924	0.91203479942	0.91203479942	0.910101498308	0.917351377477	0.905268245529	0.919284678589	0.910101498308	0.922184630256	0.930884485259	0.947317544708	0.920251329145
AB8	0.714354760754	0.748187530208	0.7593040116	0.575157080715	0.745770903818	0.772837119381	0.786370227163	0.764137264379	0.753987433543	0.779603673272	0.797970033833	0.734171097148	0.773803769937	0.676172063799	0.774287095215	0.728371193813	0.775737071049	0.774287095215	0.396810053166	0.0	0.654905751571	0.679072015466	0.764137264379	0.759787336878	0.734654422426	0.67133881102	0.739487675205	0.706621556307	0.564040599323	0.538907684872	0.737554374094	0.73610439826	0.779120347994	0.778153697438	0.804736587724	0.788303528275	0.787336877719	0.7593040116	0.781536974384	0.76848719188	0.773803769937	0.737071048816	0.727887868536	0.750120831319	0.802803286612	0.796520057999	0.81246979217	0.773803769937	0.80328661189	0.774287095215	0.77767037216	0.778153697438	0.774287095215	0.769937167714	0.772353794103	0.76848719188	0.762687288545	0.790236829386	0.76848719188	0.77767037216	0.789753504108	0.77090381827
AC7	0.608989850169	0.675205413243	0.890285161914	0.637506041566	0.716771387144	0.576607056549	0.725471242146	0.567907201547	0.551957467376	0.6389560174	0.587240212663	0.670855485742	0.663605606573	0.811503141614	0.708554857419	0.631706138231	0.589656839053	0.587723537941	0.808119864669	0.654905751571	0.0	0.35427742871	0.570807153214	0.565973900435	0.816336394393	0.577090381827	0.552924117931	0.50700821653	0.468825519575	0.485258579024	0.56935717738	0.5601739971	0.564040599323	0.595940067666	0.796520057999	0.735621072982	0.612856452392	0.638472692122	0.617206379894	0.720154664089	0.658772353794	0.711938134364	0.665538907685	0.640405993233	0.641855969067	0.608989850169	0.807636539391	0.753504108265	0.798936684389	0.781053649106	0.753504108265	0.769937167714	0.678105364911	0.685838569357	0.674722087965	0.684388593523	0.674722087965	0.782986950217	0.667472208797	0.762203963267	0.620106331561	0.75688738521
AC8	0.565973900435	0.599323344611	0.911068148864	0.612373127115	0.681488641856	0.542774287095	0.70130497825	0.500724987917	0.478975350411	0.587723537941	0.535524407927	0.616723054616	0.595456742388	0.825519574674	0.640405993233	0.5601739971	0.510874818753	0.499275012083	0.842919284679	0.679072015466	0.35427742871	0.0	0.49540840986	0.487675205413	0.831319478009	0.544224262929	0.414209763171	0.376510391493	0.42822619623	0.475592073465	0.517158047366	0.474142097632	0.48380860319	0.528274528758	0.730787820203	0.681005316578	0.544224262929	0.581923634606	0.543257612373	0.662155630739	0.589656839053	0.668438859352	0.630739487675	0.590623489609	0.588206863219	0.56259062349	0.739004349928	0.677622039633	0.735621072982	0.719671338811	0.6805219913	0.693571773804	0.613823102948	0.616239729338	0.606089898502	0.623489608507	0.596906718221	0.709521507975	0.601739971	0.702271628806	0.553890768487	0.68293861769
AD7	0.583856935718	0.589656839053	0.959884001933	0.64813919768	0.710971483809	0.518124697922	0.70372160464	0.473175447076	0.466892218463	0.586756887385	0.424359594007	0.634122764621	0.573223779604	0.874335427743	0.629289511841	0.576123731271	0.473658772354	0.462542290962	0.936201063316	0.764137264379	0.570807153214	0.49540840986	0.0	0.299661672305	0.893185113581	0.521991300145	0.417109714838	0.463508941518	0.491541807637	0.553890768487	0.499275012083	0.492025132914	0.47462542291	0.52779120348	0.738037699372	0.673272112131	0.491058482359	0.581923634606	0.53697438376	0.652489125181	0.582406959884	0.714354760754	0.677138714355	0.593040115998	0.565007249879	0.547607539874	0.737071048816	0.670855485742	0.73368777187	0.715804736588	0.672305461576	0.695505074915	0.603673272112	0.614306428226	0.597390043499	0.613823102948	0.587723537941	0.709521507975	0.595940067666	0.700338327695	0.556307394877	0.673272112131
AD8	0.587240212663	0.595456742388	0.954084098598	0.643789270179	0.707588206863	0.530691155147	0.702754954084	0.47462542291	0.468342194297	0.581923634606	0.440309328178	0.632672788787	0.58337361044	0.867085548574	0.631222812953	0.573223779604	0.484291928468	0.474142097632	0.933301111648	0.759787336878	0.565973900435	0.487675205413	0.299661672305	0.0	0.86563557274	0.494441759304	0.426292895118	0.466408893185	0.478975350411	0.544707588207	0.494925084582	0.493475108748	0.486708554857	0.529724504592	0.743354277429	0.674722087965	0.499758337361	0.580473658772	0.540357660706	0.655389076849	0.586273562107	0.713388110198	0.677138714355	0.585790236829	0.569840502658	0.54857419043	0.739004349928	0.678105364911	0.739487675205	0.715804736588	0.674238762687	0.698888351861	0.612373127115	0.617689705172	0.598356694055	0.615273078782	0.595456742388	0.715804736588	0.598356694055	0.700821652972	0.5601739971	0.678588690188
AE7	0.830352827453	0.883035282745	0.857902368294	0.797486708555	0.826969550507	0.893185113581	0.915901401643	0.893668438859	0.879168680522	0.91445142581	0.92363460609	0.851135814403	0.892218463026	0.828902851619	0.899951667472	0.849685838569	0.87046882552	0.871435476075	0.73610439826	0.734654422426	0.816336394393	0.831319478009	0.893185113581	0.86563557274	0.0	0.541324311261	0.881101981634	0.850169163847	0.769453842436	0.7593040116	0.837119381344	0.834702754954	0.901401643306	0.909134847753	0.92363460609	0.924601256646	0.914934751087	0.894151764137	0.90961817303	0.880135331078	0.901401643306	0.883035282745	0.872885451909	0.882068632189	0.934267762204	0.9212179797	0.887385210246	0.899468342194	0.906718221363	0.897051715805	0.904301594973	0.897051715805	0.890285161914	0.895118414693	0.905268245529	0.88883518608	0.899951667472	0.890768487192	0.901884968584	0.906718221363	0.911068148864	0.899468342194
AE8	0.584823586274	0.633639439343	0.899468342194	0.622039632673	0.673272112131	0.586756887385	0.691638472692	0.584340260996	0.573223779604	0.616723054616	0.614306428226	0.62493958434	0.618656355727	0.819236346061	0.6805219913	0.59255679072	0.585306911551	0.584340260996	0.819719671339	0.67133881102	0.577090381827	0.544224262929	0.521991300145	0.494441759304	0.541324311261	0.0	0.58095698405	0.552440792653	0.517641372644	0.513291445143	0.57177380377	0.546640889319	0.601739971	0.605123247946	0.750120831319	0.703238279362	0.61333977767	0.591106814886	0.603673272112	0.654905751571	0.627839536008	0.686805219913	0.642822619623	0.598356694055	0.632189463509	0.614789753504	0.73852102465	0.690188496858	0.742387626873	0.709038182697	0.696471725471	0.716771387144	0.644272595457	0.641855969067	0.64813919768	0.637506041566	0.637989366844	0.719671338811	0.647172547124	0.706138231029	0.603673272112	0.695988400193
AF7	0.570807153214	0.5601739971	0.951184146931	0.649589173514	0.665055582407	0.501208313195	0.706138231029	0.447075882069	0.440792653456	0.577090381827	0.440309328178	0.587240212663	0.549057515708	0.864668922185	0.637022716288	0.565007249879	0.445142580957	0.425326244563	0.902368293862	0.739487675205	0.552924117931	0.414209763171	0.417109714838	0.426292895118	0.881101981634	0.58095698405	0.0	0.324311261479	0.474142097632	0.534074432093	0.48622522958	0.491541807637	0.433059449009	0.482841952634	0.689221846303	0.631706138231	0.458192363461	0.541807636539	0.49540840986	0.633156114065	0.53697438376	0.693571773804	0.653939101015	0.5601739971	0.535041082649	0.514741420976	0.673272112131	0.623006283229	0.688255195747	0.673272112131	0.62493958434	0.632672788787	0.558240695988	0.563073948768	0.549057515708	0.563073948768	0.553890768487	0.646205896568	0.576607056549	0.65055582407	0.500724987917	0.623972933784
AF8	0.548090865152	0.577090381827	0.928951184147	0.625422909618	0.67133881102	0.509908168197	0.701788303528	0.455292411793	0.455292411793	0.570807153214	0.494441759304	0.594006766554	0.572740454326	0.842435959401	0.642339294345	0.556790720155	0.482841952634	0.478492025133	0.867085548574	0.706621556307	0.50700821653	0.376510391493	0.463508941518	0.466408893185	0.850169163847	0.552440792653	0.324311261479	0.0	0.441759304012	0.501691638473	0.51619139681	0.489125181247	0.451909134848	0.505558240696	0.705654905752	0.652005799903	0.488158530691	0.54857419043	0.509908168197	0.623489608507	0.553407443209	0.669405509908	0.635572740454	0.561623972934	0.553407443209	0.535524407927	0.690188496858	0.638472692122	0.706138231029	0.68970517158	0.642339294345	0.65055582407	0.568873852102	0.575157080715	0.562107298212	0.576607056549	0.565007249879	0.666988883519	0.577090381827	0.667472208797	0.508458192363	0.637506041566
AG7	0.566457225713	0.617689705172	0.848719188014	0.548090865152	0.670855485742	0.540357660706	0.702754954084	0.494441759304	0.477525374577	0.585306911551	0.533591106815	0.614789753504	0.60657322378	0.763170613823	0.656839052682	0.582890285162	0.531174480425	0.524891251812	0.747220879652	0.564040599323	0.468825519575	0.42822619623	0.491541807637	0.478975350411	0.769453842436	0.517641372644	0.474142097632	0.441759304012	0.0	0.306911551474	0.53939101015	0.511358144031	0.508941517641	0.545674238763	0.74528757854	0.681488641856	0.522474625423	0.570807153214	0.535041082649	0.647655872402	0.596906718221	0.663605606573	0.619623006283	0.576123731271	0.597873368777	0.572740454326	0.743354277429	0.679072015466	0.734171097148	0.718221362977	0.676655389077	0.70130497825	0.611889801837	0.616239729338	0.617206379894	0.616239729338	0.623006283229	0.71532141131	0.622039632673	0.695505074915	0.580473658772	0.675688738521
AG8	0.575157080715	0.6389560174	0.825519574674	0.566940550991	0.689221846303	0.567423876269	0.697921701305	0.55775737071	0.539874335428	0.600289995167	0.593040115998	0.630256162397	0.629289511841	0.73852102465	0.6805219913	0.598840019333	0.588690188497	0.580473658772	0.697921701305	0.538907684872	0.485258579024	0.475592073465	0.553890768487	0.544707588207	0.7593040116	0.513291445143	0.534074432093	0.501691638473	0.306911551474	0.0	0.566457225713	0.554857419043	0.570807153214	0.576607056549	0.766070565491	0.702271628806	0.578540357661	0.586273562107	0.582406959884	0.669888835186	0.620106331561	0.681005316578	0.635572740454	0.590623489609	0.628322861286	0.601739971	0.760753987434	0.697921701305	0.753020782987	0.73368777187	0.706138231029	0.717254712421	0.641372643789	0.640405993233	0.637022716288	0.6389560174	0.641855969067	0.736587723538	0.642339294345	0.714838086032	0.597873368777	0.696955050749
AH7	0.590623489609	0.651522474625	0.956984050266	0.679555340744	0.706138231029	0.582406959884	0.728371193813	0.536007733204	0.533591106815	0.634606089899	0.527307878202	0.645239246013	0.634122764621	0.878685355244	0.69453842436	0.598840019333	0.521991300145	0.475108748188	0.880618656356	0.737554374094	0.56935717738	0.517158047366	0.499275012083	0.494925084582	0.837119381344	0.57177380377	0.48622522958	0.51619139681	0.53939101015	0.566457225713	0.0	0.351377477042	0.560657322378	0.614306428226	0.775737071049	0.727887868536	0.553407443209	0.650072498792	0.594006766554	0.682455292412	0.64572257129	0.761237312711	0.724021266312	0.653455775737	0.645239246013	0.622522957951	0.757370710488	0.712421459642	0.765587240213	0.737554374094	0.707104881585	0.721121314645	0.633156114065	0.64572257129	0.621072982117	0.645239246013	0.63653939101	0.73852102465	0.628806186564	0.723054615756	0.608989850169	0.713388110198
AH8	0.564040599323	0.594490091832	0.954567423876	0.642339294345	0.664572257129	0.536491058482	0.697921701305	0.504108264862	0.493475108748	0.586273562107	0.53020782987	0.597390043499	0.568873852102	0.867085548574	0.635089415176	0.550507491542	0.43740937651	0.401643305945	0.885935234413	0.73610439826	0.5601739971	0.474142097632	0.492025132914	0.493475108748	0.834702754954	0.546640889319	0.491541807637	0.489125181247	0.511358144031	0.554857419043	0.351377477042	0.0	0.514258095698	0.549057515708	0.745770903818	0.691155147414	0.534074432093	0.595456742388	0.548090865152	0.639922667956	0.584823586274	0.716288061866	0.679555340744	0.602706621556	0.597873368777	0.574673755437	0.709038182697	0.663122281295	0.720637989367	0.690671822136	0.657805703238	0.670372160464	0.584340260996	0.593040115998	0.58337361044	0.586273562107	0.577090381827	0.685355244079	0.582890285162	0.681005316578	0.55775737071	0.661188980184
AA5	0.58337361044	0.506524891252	0.960367327211	0.632672788787	0.598840019333	0.446109231513	0.640405993233	0.391010149831	0.402609956501	0.517158047366	0.438376027066	0.52537457709	0.522474625423	0.872402126631	0.545674238763	0.545190913485	0.432092798453	0.428709521508	0.926534557757	0.779120347994	0.564040599323	0.48380860319	0.47462542291	0.486708554857	0.901401643306	0.601739971	0.433059449009	0.451909134848	0.508941517641	0.570807153214	0.560657322378	0.514258095698	0.0	0.34944417593	0.674238762687	0.590623489609	0.458675688739	0.465925567907	0.466892218463	0.558240695988	0.462058965684	0.623489608507	0.589656839053	0.471725471242	0.533591106815	0.477525374577	0.694055099082	0.630256162397	0.664572257129	0.651522474625	0.645239246013	0.664572257129	0.536491058482	0.565973900435	0.555824069599	0.562107298212	0.535524407927	0.669888835186	0.564523924601	0.627839536008	0.504108264862	0.629289511841
AA6	0.586273562107	0.522474625423	0.963750604157	0.641855969067	0.626389560174	0.470758820686	0.661672305462	0.441275978734	0.462542290962	0.532624456259	0.503624939584	0.55099081682	0.532141130981	0.873852102465	0.585306911551	0.552440792653	0.492025132914	0.487191880135	0.939101014983	0.778153697438	0.595940067666	0.528274528758	0.52779120348	0.529724504592	0.909134847753	0.605123247946	0.482841952634	0.505558240696	0.545674238763	0.576607056549	0.614306428226	0.549057515708	0.34944417593	0.0	0.673755437409	0.588206863219	0.508941517641	0.490091831803	0.493958434026	0.59255679072	0.482841952634	0.653939101015	0.611889801837	0.504108264862	0.467858869019	0.422426292895	0.686805219913	0.631706138231	0.668438859352	0.661672305462	0.642822619623	0.661672305462	0.536491058482	0.570807153214	0.55775737071	0.565973900435	0.544224262929	0.667472208797	0.572740454326	0.641855969067	0.511841469309	0.631222812953
AB5	0.734171097148	0.653939101015	0.97680038666	0.728854519091	0.617689705172	0.627839536008	0.733204446593	0.654905751571	0.668438859352	0.686321894635	0.674722087965	0.60657322378	0.665538907685	0.899468342194	0.707588206863	0.697438376027	0.699855002417	0.691638472692	0.93281778637	0.804736587724	0.796520057999	0.730787820203	0.738037699372	0.743354277429	0.92363460609	0.750120831319	0.689221846303	0.705654905752	0.74528757854	0.766070565491	0.775737071049	0.745770903818	0.674238762687	0.673755437409	0.0	0.322861285645	0.620106331561	0.662155630739	0.620106331561	0.623489608507	0.612856452392	0.729337844369	0.720154664089	0.637989366844	0.634122764621	0.620589656839	0.620589656839	0.616723054616	0.630739487675	0.603673272112	0.62493958434	0.610439826003	0.595940067666	0.591590140164	0.601256645723	0.617206379894	0.65055582407	0.601256645723	0.664572257129	0.608023199613	0.664572257129	0.620589656839
AB6	0.681971967134	0.595456742388	0.968100531658	0.670855485742	0.582890285162	0.556790720155	0.672305461576	0.569840502658	0.59255679072	0.610923151281	0.615273078782	0.532141130981	0.62493958434	0.885451909135	0.649105848236	0.640405993233	0.65055582407	0.643789270179	0.941517641373	0.788303528275	0.735621072982	0.681005316578	0.673272112131	0.674722087965	0.924601256646	0.703238279362	0.631706138231	0.652005799903	0.681488641856	0.702271628806	0.727887868536	0.691155147414	0.590623489609	0.588206863219	0.322861285645	0.0	0.572257129048	0.576123731271	0.567423876269	0.579990333494	0.555824069599	0.664572257129	0.65055582407	0.537457709038	0.552440792653	0.53697438376	0.609473175447	0.55775737071	0.598840019333	0.575157080715	0.572740454326	0.581440309328	0.538907684872	0.561623972934	0.566457225713	0.579507008217	0.594006766554	0.583856935718	0.609956500725	0.5601739971	0.621556307395	0.559690671822
AC5	0.597390043499	0.572740454326	0.97680038666	0.642822619623	0.616723054616	0.449492508458	0.692605123248	0.420492991783	0.43064282262	0.566940550991	0.418076365394	0.542290961817	0.535041082649	0.886901884969	0.63653939101	0.594006766554	0.463992266796	0.448525857902	0.94683421943	0.787336877719	0.612856452392	0.544224262929	0.491058482359	0.499758337361	0.914934751087	0.61333977767	0.458192363461	0.488158530691	0.522474625423	0.578540357661	0.553407443209	0.534074432093	0.458675688739	0.508941517641	0.620106331561	0.572257129048	0.0	0.453842435959	0.434026099565	0.604639922668	0.524407926535	0.707104881585	0.658772353794	0.533107781537	0.488641855969	0.470758820686	0.607539874335	0.561140647656	0.62735621073	0.592073465442	0.572740454326	0.579990333494	0.49540840986	0.50459159014	0.494925084582	0.509424842919	0.570807153214	0.597390043499	0.585306911551	0.57177380377	0.51619139681	0.554857419043
AC6	0.601256645723	0.51377477042	0.960367327211	0.623489608507	0.560657322378	0.512324794587	0.549057515708	0.477042049299	0.510391493475	0.462542290962	0.55099081682	0.526341227646	0.540357660706	0.866118898018	0.546157564041	0.569840502658	0.556790720155	0.555824069599	0.915901401643	0.7593040116	0.638472692122	0.581923634606	0.581923634606	0.580473658772	0.894151764137	0.591106814886	0.541807636539	0.54857419043	0.570807153214	0.586273562107	0.650072498792	0.595456742388	0.465925567907	0.490091831803	0.662155630739	0.576123731271	0.453842435959	0.0	0.519574673755	0.52537457709	0.493958434026	0.486708554857	0.446592556791	0.402609956501	0.555824069599	0.545190913485	0.678588690188	0.626872885452	0.656839052682	0.641855969067	0.637022716288	0.650072498792	0.568390526825	0.575157080715	0.577090381827	0.56935717738	0.545674238763	0.657805703238	0.567423876269	0.610439826003	0.536491058482	0.625906234896
AD6	0.59255679072	0.541324311261	0.977767037216	0.631706138231	0.576123731271	0.415176413726	0.655389076849	0.444175930401	0.441275978734	0.530691155147	0.456259062349	0.50459159014	0.521024649589	0.885935234413	0.605123247946	0.561140647656	0.479458675689	0.47220879652	0.94441759304	0.781536974384	0.617206379894	0.543257612373	0.53697438376	0.540357660706	0.90961817303	0.603673272112	0.49540840986	0.509908168197	0.535041082649	0.582406959884	0.594006766554	0.548090865152	0.466892218463	0.493958434026	0.620106331561	0.567423876269	0.434026099565	0.519574673755	0.0	0.549057515708	0.43064282262	0.699855002417	0.656839052682	0.533107781537	0.489125181247	0.459159014016	0.599323344611	0.538424359594	0.59497341711	0.570323827936	0.555340744321	0.567907201547	0.468825519575	0.483325277912	0.4813919768	0.483325277912	0.556790720155	0.580473658772	0.565490575157	0.560657322378	0.475592073465	0.545674238763
AE5	0.629289511841	0.538424359594	0.97680038666	0.625422909618	0.561623972934	0.562107298212	0.596423392943	0.564040599323	0.609956500725	0.545674238763	0.629289511841	0.51377477042	0.590140164331	0.884485258579	0.558240695988	0.59255679072	0.613823102948	0.615273078782	0.926051232479	0.76848719188	0.720154664089	0.662155630739	0.652489125181	0.655389076849	0.880135331078	0.654905751571	0.633156114065	0.623489608507	0.647655872402	0.669888835186	0.682455292412	0.639922667956	0.558240695988	0.59255679072	0.623489608507	0.579990333494	0.604639922668	0.52537457709	0.549057515708	0.0	0.373610439826	0.609956500725	0.590140164331	0.5186080232	0.647172547124	0.629289511841	0.64813919768	0.598356694055	0.629289511841	0.606089898502	0.624456259062	0.633156114065	0.549540840986	0.574190430159	0.608023199613	0.573223779604	0.55775737071	0.631706138231	0.56259062349	0.596906718221	0.573223779604	0.607056549058
AE6	0.597873368777	0.482841952634	0.97680038666	0.612373127115	0.576607056549	0.479942000967	0.595456742388	0.475592073465	0.511841469309	0.514258095698	0.543257612373	0.511358144031	0.50459159014	0.883035282745	0.547607539874	0.533107781537	0.532141130981	0.528274528758	0.939101014983	0.773803769937	0.658772353794	0.589656839053	0.582406959884	0.586273562107	0.901401643306	0.627839536008	0.53697438376	0.553407443209	0.596906718221	0.620106331561	0.64572257129	0.584823586274	0.462058965684	0.482841952634	0.612856452392	0.555824069599	0.524407926535	0.493958434026	0.43064282262	0.373610439826	0.0	0.644272595457	0.600773320445	0.478008699855	0.545190913485	0.533107781537	0.631706138231	0.576123731271	0.616723054616	0.590623489609	0.59497341711	0.611406476559	0.494441759304	0.509424842919	0.527307878202	0.519574673755	0.512808119865	0.616723054616	0.535041082649	0.578540357661	0.501208313195	0.584340260996
AF5	0.702271628806	0.623489608507	0.939584340261	0.649105848236	0.641855969067	0.678588690188	0.541324311261	0.637022716288	0.678588690188	0.573223779604	0.721121314645	0.631706138231	0.6805219913	0.851135814403	0.590623489609	0.668438859352	0.712421459642	0.717738037699	0.873368777187	0.737071048816	0.711938134364	0.668438859352	0.714354760754	0.713388110198	0.883035282745	0.686805219913	0.693571773804	0.669405509908	0.663605606573	0.681005316578	0.761237312711	0.716288061866	0.623489608507	0.653939101015	0.729337844369	0.664572257129	0.707104881585	0.486708554857	0.699855002417	0.609956500725	0.644272595457	0.0	0.278878685355	0.53939101015	0.722571290478	0.705171580474	0.758337361044	0.71290478492	0.730787820203	0.713871435476	0.730304494925	0.737071048816	0.696955050749	0.71290478492	0.724987916868	0.709521507975	0.665538907685	0.734171097148	0.670855485742	0.696471725471	0.706138231029	0.71290478492
AF6	0.669888835186	0.587723537941	0.936201063316	0.635089415176	0.631706138231	0.646205896568	0.514741420976	0.601256645723	0.641372643789	0.53939101015	0.685355244079	0.618656355727	0.6389560174	0.851135814403	0.575157080715	0.63653939101	0.682455292412	0.683905268246	0.869985500242	0.727887868536	0.665538907685	0.630739487675	0.677138714355	0.677138714355	0.872885451909	0.642822619623	0.653939101015	0.635572740454	0.619623006283	0.635572740454	0.724021266312	0.679555340744	0.589656839053	0.611889801837	0.720154664089	0.65055582407	0.658772353794	0.446592556791	0.656839052682	0.590140164331	0.600773320445	0.278878685355	0.0	0.50459159014	0.683905268246	0.668438859352	0.749637506042	0.70130497825	0.735137747704	0.713871435476	0.713871435476	0.729337844369	0.661188980184	0.679072015466	0.685355244079	0.669405509908	0.620589656839	0.730787820203	0.628322861286	0.694055099082	0.668438859352	0.707104881585
