	AA3	AA4	AB3	AB4	AC3	AC4	AD3	AD4	AE3	AE4	AF3	AF4	AG3	AG4	AH3	AH4	AA7	AA8	AB7	AB8	AC7	AC8	AD7	AD8	AE7	AE8	AF7	AF8	AG7	AG8	AH7	AH8	AA5	AA6	AB5	AB6	AC5	AC6	AD6	AE5	AE6	AF5	AF6	AG5	AH5	AH6	AA1	AA2	AB1	AB2	AC1	AC2	AD1	AD2	AE1	AE2	AF1	AF2	AG1	AG2	AH1	AH2
AA3	0.0	0.492508458192	0.930401159981	0.637022716288	0.660705654906	0.58337361044	0.668438859352	0.573707104882	0.558724021266	0.625422909618	0.606089898502	0.594006766554	0.586756887385	0.842919284679	0.662638956017	0.335427742871	0.568873852102	0.552924117931	0.863218946351	0.712421459642	0.606089898502	0.561140647656	0.587240212663	0.59255679072	0.819719671339	0.578540357661	0.573223779604	0.554857419043	0.578540357661	0.573223779604	0.578057032383	0.543257612373	0.577573707105	0.593040115998	0.734654422426	0.676655389077	0.589656839053	0.614789753504	0.593040115998	0.622522957951	0.58337361044	0.711454809087	0.69212179797	0.608023199613	0.611406476559	0.607056549058	0.681488641856	0.649589173514	0.719188013533	0.671822136298	0.6389560174	0.664088931851	0.55775737071	0.568873852102	0.566940550991	0.555340744321	0.571290478492	0.64813919768	0.579990333494	0.660222329628	0.572257129048	0.631706138231
AA4	0.492508458192	0.0	0.94441759304	0.587240212663	0.568873852102	0.501208313195	0.603673272112	0.48622522958	0.514258095698	0.530691155147	0.57177380377	0.502174963751	0.492508458192	0.853069115515	0.372160463992	0.376993716771	0.533107781537	0.544707588207	0.880618656356	0.726437892702	0.668438859352	0.573707104882	0.574673755437	0.597390043499	0.870952150797	0.624456259062	0.560657322378	0.551474142098	0.596423392943	0.620106331561	0.630256162397	0.580473658772	0.512324794587	0.537457709038	0.656839052682	0.585790236829	0.574190430159	0.517158047366	0.551474142098	0.520541324311	0.48622522958	0.619139681005	0.588206863219	0.520057999033	0.588690188497	0.564523924601	0.646689221846	0.581923634606	0.633156114065	0.60657322378	0.596906718221	0.627839536008	0.529241179314	0.537941034316	0.543257612373	0.526824552924	0.492508458192	0.608023199613	0.489608506525	0.599806669889	0.533591106815	0.558724021266
AB3	0.930401159981	0.94441759304	0.0	0.669405509908	0.91445142581	0.954084098598	0.9584340261	0.949250845819	0.928951184147	0.948767520541	0.973900434993	0.933301111648	0.96520057999	0.333977767037	0.960850652489	0.940067665539	0.970033832769	0.971000483325	0.734171097148	0.75688738521	0.882551957467	0.918318028033	0.956500724988	0.950700821653	0.853069115515	0.898985016916	0.939101014983	0.929434509425	0.841952634123	0.827936201063	0.950217496375	0.945867568874	0.962783953601	0.961333977767	0.974867085549	0.963750604157	0.975350410826	0.952150797487	0.974383760271	0.973900434993	0.973417109715	0.940067665539	0.939101014983	0.946350894152	0.975350410826	0.971483808603	0.974383760271	0.972450459159	0.971000483325	0.972933784437	0.971967133881	0.972450459159	0.974383760271	0.974383760271	0.975833736104	0.974383760271	0.973900434993	0.973900434993	0.973900434993	0.975350410826	0.973417109715	0.972933784437
AB4	0.637022716288	0.587240212663	0.669405509908	0.0	0.651039149348	0.623972933784	0.687771870469	0.61575640406	0.609473175447	0.622522957951	0.656355727405	0.617206379894	0.493475108748	0.558240695988	0.613823102948	0.59255679072	0.646689221846	0.651522474625	0.737071048816	0.59255679072	0.663605606573	0.631222812953	0.655872402127	0.653455775737	0.808119864669	0.653455775737	0.653455775737	0.637506041566	0.568390526825	0.593040115998	0.699371677139	0.656355727405	0.639439342678	0.653939101015	0.727404543258	0.670855485742	0.655389076849	0.627839536008	0.645239246013	0.635089415176	0.62735621073	0.659255679072	0.661672305462	0.618656355727	0.689221846303	0.67133881102	0.714838086032	0.676172063799	0.71290478492	0.684388593523	0.678588690188	0.686321894635	0.642822619623	0.656355727405	0.663605606573	0.64813919768	0.646689221846	0.684871918801	0.641855969067	0.674722087965	0.661188980184	0.669405509908
AC3	0.660705654906	0.568873852102	0.91445142581	0.651039149348	0.0	0.478975350411	0.660222329628	0.548090865152	0.569840502658	0.590623489609	0.62735621073	0.320927984534	0.58095698405	0.831319478009	0.591106814886	0.60415659739	0.624456259062	0.622522957951	0.869018849686	0.762687288545	0.731754470759	0.681488641856	0.718704688255	0.731754470759	0.82406959884	0.696955050749	0.667955534074	0.677622039633	0.660222329628	0.693088448526	0.709038182697	0.669888835186	0.603189946834	0.636056065732	0.608989850169	0.565007249879	0.605606573224	0.588690188497	0.603189946834	0.556790720155	0.563557274045	0.669405509908	0.672305461576	0.581923634606	0.637022716288	0.623006283229	0.579023682939	0.580473658772	0.573223779604	0.57177380377	0.593523441276	0.578057032383	0.533107781537	0.5601739971	0.567423876269	0.5601739971	0.612373127115	0.568873852102	0.607539874335	0.577573707105	0.612856452392	0.574190430159
AC4	0.58337361044	0.501208313195	0.954084098598	0.623972933784	0.478975350411	0.0	0.608989850169	0.380376993717	0.40744320928	0.508458192363	0.360560657322	0.376510391493	0.493958434026	0.866118898018	0.556307394877	0.532624456259	0.479458675689	0.46979217013	0.917351377477	0.760270662156	0.595940067666	0.534074432093	0.52779120348	0.534557757371	0.886418559691	0.595456742388	0.503141614306	0.500241662639	0.534074432093	0.573223779604	0.573223779604	0.520057999033	0.43740937651	0.488158530691	0.627839536008	0.54857419043	0.45142580957	0.492025132914	0.41904301595	0.540357660706	0.470275495408	0.670372160464	0.639922667956	0.512324794587	0.510874818753	0.478975350411	0.620106331561	0.570807153214	0.593040115998	0.572257129048	0.572257129048	0.59255679072	0.480425326245	0.498308361527	0.501691638473	0.493475108748	0.536491058482	0.58337361044	0.544707588207	0.572740454326	0.46060898985	0.549057515708
AD3	0.668438859352	0.603673272112	0.9584340261	0.687771870469	0.660222329628	0.608989850169	0.0	0.52537457709	0.637989366844	0.362977283712	0.673272112131	0.612373127115	0.648622522958	0.86805219913	0.598356694055	0.64813919768	0.669405509908	0.675205413243	0.935717738038	0.781053649106	0.700338327695	0.6805219913	0.688255195747	0.69212179797	0.913484775254	0.683421942968	0.688255195747	0.686321894635	0.687288545191	0.6805219913	0.710971483809	0.673755437409	0.621072982117	0.640889318511	0.739971000483	0.671822136298	0.667472208797	0.523441275979	0.619623006283	0.595456742388	0.561140647656	0.564523924601	0.541807636539	0.544224262929	0.69212179797	0.674238762687	0.761720637989	0.705654905752	0.750120831319	0.720154664089	0.71290478492	0.731271145481	0.651522474625	0.649105848236	0.661188980184	0.65055582407	0.637506041566	0.727404543258	0.651039149348	0.710971483809	0.673272112131	0.70372160464
AD4	0.573707104882	0.48622522958	0.949250845819	0.61575640406	0.548090865152	0.380376993717	0.52537457709	0.0	0.302078298695	0.418559690672	0.416143064282	0.471242145964	0.494441759304	0.861768970517	0.546157564041	0.533591106815	0.454809086515	0.45142580957	0.934751087482	0.781536974384	0.576123731271	0.491541807637	0.475108748188	0.499275012083	0.904301594973	0.608506524891	0.455292411793	0.453359110681	0.511358144031	0.572257129048	0.552440792653	0.496858385694	0.392460125665	0.460125664572	0.63653939101	0.554857419043	0.439342677622	0.478492025133	0.420009666506	0.558240695988	0.458192363461	0.652005799903	0.619139681005	0.496375060416	0.503624939584	0.461575640406	0.649105848236	0.594490091832	0.629772837119	0.614789753504	0.601739971	0.629289511841	0.500724987917	0.517158047366	0.518124697922	0.506524891252	0.511841469309	0.619139681005	0.532624456259	0.608989850169	0.475108748188	0.570807153214
AE3	0.558724021266	0.514258095698	0.928951184147	0.609473175447	0.569840502658	0.40744320928	0.637989366844	0.302078298695	0.0	0.526824552924	0.402609956501	0.493475108748	0.49540840986	0.84726921218	0.573707104882	0.53939101015	0.446109231513	0.445142580957	0.918801353311	0.762203963267	0.562107298212	0.478975350411	0.462542290962	0.478008699855	0.886901884969	0.59497341711	0.444659255679	0.449975833736	0.494441759304	0.560657322378	0.541324311261	0.493475108748	0.387626872885	0.468342194297	0.660222329628	0.59255679072	0.434026099565	0.514258095698	0.433059449009	0.597873368777	0.508941517641	0.684388593523	0.658289028516	0.528274528758	0.499758337361	0.458192363461	0.656355727405	0.600773320445	0.644755920735	0.623489608507	0.60657322378	0.633156114065	0.508941517641	0.529724504592	0.53020782987	0.524891251812	0.533107781537	0.625422909618	0.550024166264	0.612373127115	0.48380860319	0.579023682939
AE4	0.625422909618	0.530691155147	0.948767520541	0.622522957951	0.590623489609	0.508458192363	0.362977283712	0.418559690672	0.526824552924	0.0	0.579023682939	0.532624456259	0.577573707105	0.856935717738	0.538424359594	0.579507008217	0.589173513775	0.595456742388	0.925084581924	0.766553890768	0.676172063799	0.606089898502	0.604639922668	0.616239729338	0.901401643306	0.629289511841	0.590623489609	0.583856935718	0.595456742388	0.621556307395	0.657805703238	0.619139681005	0.540840985984	0.565007249879	0.677138714355	0.605606573224	0.566940550991	0.451909134848	0.548090865152	0.534557757371	0.495891735138	0.578540357661	0.547124214596	0.487675205413	0.60415659739	0.591106814886	0.691638472692	0.635572740454	0.679072015466	0.656839052682	0.647655872402	0.668438859352	0.590140164331	0.586273562107	0.587723537941	0.58337361044	0.575640405993	0.666505558241	0.590140164331	0.653939101015	0.589656839053	0.629772837119
AF3	0.606089898502	0.57177380377	0.973900434993	0.656355727405	0.62735621073	0.360560657322	0.673272112131	0.416143064282	0.402609956501	0.579023682939	0.0	0.521507974867	0.529724504592	0.887385210246	0.613823102948	0.589173513775	0.435476075399	0.432576123731	0.957467375544	0.798453359111	0.595456742388	0.533107781537	0.438859352344	0.443692605123	0.915418076365	0.624456259062	0.437892701788	0.493958434026	0.536007733204	0.598356694055	0.523924601257	0.517158047366	0.425809569841	0.508941517641	0.673755437409	0.61575640406	0.421459642339	0.542774287095	0.450459159014	0.609473175447	0.528274528758	0.718704688255	0.686805219913	0.559207346544	0.507974867086	0.48622522958	0.669888835186	0.60415659739	0.665538907685	0.623006283229	0.614306428226	0.639922667956	0.529241179314	0.533591106815	0.534557757371	0.534557757371	0.571290478492	0.635572740454	0.58095698405	0.612856452392	0.484291928468	0.589656839053
AF4	0.594006766554	0.502174963751	0.933301111648	0.617206379894	0.320927984534	0.376510391493	0.612373127115	0.471242145964	0.493475108748	0.532624456259	0.521507974867	0.0	0.520541324311	0.845819236346	0.544224262929	0.543257612373	0.551957467376	0.550507491542	0.88883518608	0.735621072982	0.681971967134	0.609473175447	0.6389560174	0.652972450459	0.851619139681	0.633156114065	0.595456742388	0.605606573224	0.613823102948	0.6389560174	0.655872402127	0.608506524891	0.528757854036	0.570323827936	0.604639922668	0.5186080232	0.542774287095	0.542290961817	0.522474625423	0.509908168197	0.507974867086	0.632672788787	0.626389560174	0.530691155147	0.568390526825	0.555340744321	0.596423392943	0.535524407927	0.570323827936	0.542774287095	0.549540840986	0.558240695988	0.480908651522	0.51377477042	0.530691155147	0.501208313195	0.549057515708	0.553407443209	0.552440792653	0.540357660706	0.536491058482	0.524407926535
AG3	0.586756887385	0.492508458192	0.96520057999	0.493475108748	0.58095698405	0.493958434026	0.648622522958	0.494441759304	0.49540840986	0.577573707105	0.529724504592	0.520541324311	0.0	0.843402609957	0.51619139681	0.533107781537	0.505074915418	0.50700821653	0.929434509425	0.775737071049	0.681971967134	0.594490091832	0.583856935718	0.610923151281	0.887868535524	0.643789270179	0.560657322378	0.565490575157	0.602706621556	0.631706138231	0.640405993233	0.581440309328	0.517158047366	0.528274528758	0.633156114065	0.582406959884	0.531657805703	0.559207346544	0.511841469309	0.559690671822	0.508941517641	0.678588690188	0.644755920735	0.541807636539	0.564040599323	0.536491058482	0.616239729338	0.554857419043	0.612856452392	0.585306911551	0.573223779604	0.577573707105	0.493475108748	0.51619139681	0.52779120348	0.507974867086	0.531174480425	0.588206863219	0.537457709038	0.580473658772	0.513291445143	0.549057515708
AG4	0.842919284679	0.853069115515	0.333977767037	0.558240695988	0.831319478009	0.866118898018	0.86805219913	0.861768970517	0.84726921218	0.856935717738	0.887385210246	0.845819236346	0.843402609957	0.0	0.869018849686	0.848235862736	0.888351860802	0.88883518608	0.710004833253	0.674238762687	0.806669888835	0.838086031899	0.873852102465	0.867085548574	0.830352827453	0.817786370227	0.858385693572	0.845819236346	0.757854035766	0.742870952151	0.878685355244	0.862252295795	0.881101981634	0.877718704688	0.893668438859	0.885451909135	0.886901884969	0.861285645239	0.884968583857	0.884485258579	0.881101981634	0.853069115515	0.849685838569	0.859835669406	0.891735137748	0.889318511358	0.883035282745	0.885451909135	0.883518608023	0.882068632189	0.885935234413	0.884001933301	0.889318511358	0.884485258579	0.887868535524	0.887868535524	0.885451909135	0.886901884969	0.883518608023	0.882068632189	0.88883518608	0.884001933301
AH3	0.662638956017	0.372160463992	0.960850652489	0.613823102948	0.591106814886	0.556307394877	0.598356694055	0.546157564041	0.573707104882	0.538424359594	0.613823102948	0.544224262929	0.51619139681	0.869018849686	0.0	0.53939101015	0.598840019333	0.597390043499	0.928467858869	0.775737071049	0.724987916868	0.644755920735	0.630256162397	0.661188980184	0.897051715805	0.690671822136	0.634606089899	0.62493958434	0.662155630739	0.690671822136	0.694055099082	0.642822619623	0.559207346544	0.591590140164	0.695021749638	0.62493958434	0.627839536008	0.533107781537	0.597873368777	0.53697438376	0.542290961817	0.601256645723	0.584340260996	0.551474142098	0.648622522958	0.62493958434	0.694055099082	0.612856452392	0.65055582407	0.638472692122	0.642339294345	0.652005799903	0.602223296278	0.608023199613	0.599806669889	0.601739971	0.568390526825	0.649105848236	0.560657322378	0.635572740454	0.593523441276	0.602223296278
AH4	0.335427742871	0.376993716771	0.940067665539	0.59255679072	0.60415659739	0.532624456259	0.64813919768	0.533591106815	0.53939101015	0.579507008217	0.589173513775	0.543257612373	0.533107781537	0.848235862736	0.53939101015	0.0	0.54857419043	0.55775737071	0.87046882552	0.722571290478	0.642822619623	0.565973900435	0.587240212663	0.598356694055	0.846302561624	0.610923151281	0.577573707105	0.566940550991	0.584823586274	0.598356694055	0.604639922668	0.5601739971	0.549540840986	0.566457225713	0.695988400193	0.625422909618	0.582406959884	0.570807153214	0.568390526825	0.568390526825	0.533107781537	0.664088931851	0.639922667956	0.566457225713	0.599806669889	0.59255679072	0.655389076849	0.608989850169	0.662638956017	0.631706138231	0.606089898502	0.630739487675	0.528757854036	0.545674238763	0.55099081682	0.53697438376	0.512324794587	0.621072982117	0.522957950701	0.62493958434	0.558240695988	0.589656839053
AA7	0.568873852102	0.533107781537	0.970033832769	0.646689221846	0.624456259062	0.479458675689	0.669405509908	0.454809086515	0.446109231513	0.589173513775	0.435476075399	0.551957467376	0.505074915418	0.888351860802	0.598840019333	0.54857419043	0.0	0.285645239246	0.916384726921	0.770420492992	0.585306911551	0.495891735138	0.463992266796	0.487675205413	0.876752054132	0.605606573224	0.442725954567	0.466408893185	0.529724504592	0.587723537941	0.515708071532	0.44224262929	0.437892701788	0.485258579024	0.696471725471	0.641372643789	0.465925567907	0.542774287095	0.478975350411	0.597390043499	0.517158047366	0.717254712421	0.687288545191	0.575157080715	0.543257612373	0.493475108748	0.662155630739	0.608506524891	0.662155630739	0.636056065732	0.602223296278	0.623489608507	0.503624939584	0.523441275979	0.524891251812	0.521991300145	0.524407926535	0.617206379894	0.52779120348	0.63653939101	0.480908651522	0.585790236829
AA8	0.552924117931	0.544707588207	0.971000483325	0.651522474625	0.622522957951	0.46979217013	0.675205413243	0.45142580957	0.445142580957	0.595456742388	0.432576123731	0.550507491542	0.50700821653	0.88883518608	0.597390043499	0.55775737071	0.285645239246	0.0	0.92363460609	0.774287095215	0.581440309328	0.496375060416	0.462058965684	0.484291928468	0.865152247463	0.602223296278	0.442725954567	0.463508941518	0.527307878202	0.589656839053	0.475592073465	0.394393426776	0.442725954567	0.498791686805	0.704204929918	0.647655872402	0.463508941518	0.551957467376	0.485258579024	0.599806669889	0.526824552924	0.724987916868	0.69212179797	0.583856935718	0.546157564041	0.501691638473	0.653455775737	0.612373127115	0.670855485742	0.641372643789	0.595456742388	0.62493958434	0.503624939584	0.52537457709	0.526341227646	0.517158047366	0.535524407927	0.61575640406	0.526341227646	0.632189463509	0.488158530691	0.589173513775
AB7	0.863218946351	0.880618656356	0.734171097148	0.737071048816	0.869018849686	0.917351377477	0.935717738038	0.934751087482	0.918801353311	0.925084581924	0.957467375544	0.88883518608	0.929434509425	0.710004833253	0.928467858869	0.87046882552	0.916384726921	0.92363460609	0.0	0.396810053166	0.81246979217	0.848719188014	0.931851135814	0.927501208313	0.740937651039	0.824552924118	0.893668438859	0.880135331078	0.743354277429	0.693088448526	0.884001933301	0.884001933301	0.922184630256	0.933301111648	0.936201063316	0.930884485259	0.942484291928	0.916868052199	0.956984050266	0.927984533591	0.931851135814	0.880618656356	0.880618656356	0.905268245529	0.95601739971	0.951184146931	0.925567907202	0.932334461092	0.937167713871	0.934751087482	0.930401159981	0.922184630256	0.917351377477	0.918318028033	0.923151280812	0.916868052199	0.915418076365	0.914934751087	0.918318028033	0.926051232479	0.952150797487	0.926534557757
AB8	0.712421459642	0.726437892702	0.75688738521	0.59255679072	0.762687288545	0.760270662156	0.781053649106	0.781536974384	0.762203963267	0.766553890768	0.798453359111	0.735621072982	0.775737071049	0.674238762687	0.775737071049	0.722571290478	0.770420492992	0.774287095215	0.396810053166	0.0	0.667472208797	0.695021749638	0.764137264379	0.756404059932	0.723054615756	0.663122281295	0.731754470759	0.716771387144	0.548090865152	0.525857902368	0.744320927985	0.730787820203	0.773803769937	0.779603673272	0.811019816336	0.78008699855	0.782986950217	0.75688738521	0.794103431609	0.769453842436	0.767520541324	0.740454325761	0.733204446593	0.744320927985	0.802319961334	0.799903334944	0.812953117448	0.769453842436	0.802319961334	0.779603673272	0.783953600773	0.780570323828	0.772837119381	0.767520541324	0.773803769937	0.767037216046	0.764620589657	0.779120347994	0.766070565491	0.773803769937	0.792170130498	0.772353794103
AC7	0.606089898502	0.668438859352	0.882551957467	0.663605606573	0.731754470759	0.595940067666	0.700338327695	0.576123731271	0.562107298212	0.676172063799	0.595456742388	0.681971967134	0.681971967134	0.806669888835	0.724987916868	0.642822619623	0.585306911551	0.581440309328	0.81246979217	0.667472208797	0.0	0.362493958434	0.576607056549	0.572740454326	0.817303044949	0.596423392943	0.54857419043	0.519091348478	0.478975350411	0.49299178347	0.568873852102	0.541807636539	0.568873852102	0.60657322378	0.804736587724	0.73610439826	0.621072982117	0.635089415176	0.608023199613	0.723054615756	0.663605606573	0.722571290478	0.703238279362	0.649105848236	0.641855969067	0.610923151281	0.816336394393	0.759787336878	0.806186563557	0.788303528275	0.750604156597	0.781536974384	0.673755437409	0.677622039633	0.675688738521	0.676655389077	0.6805219913	0.778637022716	0.684871918801	0.775737071049	0.614306428226	0.740937651039
AC8	0.561140647656	0.573707104882	0.918318028033	0.631222812953	0.681488641856	0.534074432093	0.6805219913	0.491541807637	0.478975350411	0.606089898502	0.533107781537	0.609473175447	0.594490091832	0.838086031899	0.644755920735	0.565973900435	0.495891735138	0.496375060416	0.848719188014	0.695021749638	0.362493958434	0.0	0.482358627356	0.494441759304	0.843885935234	0.564523924601	0.413726437893	0.389076848719	0.443209279845	0.4813919768	0.521024649589	0.465442242629	0.488158530691	0.522474625423	0.731754470759	0.662155630739	0.541807636539	0.559207346544	0.547124214596	0.639922667956	0.576123731271	0.674238762687	0.648622522958	0.585306911551	0.570807153214	0.532141130981	0.734171097148	0.675205413243	0.730787820203	0.71290478492	0.673755437409	0.697438376027	0.583856935718	0.598840019333	0.597390043499	0.597390043499	0.578540357661	0.695988400193	0.589173513775	0.698405026583	0.538907684872	0.654422426293
AD7	0.587240212663	0.574673755437	0.956500724988	0.655872402127	0.718704688255	0.52779120348	0.688255195747	0.475108748188	0.462542290962	0.604639922668	0.438859352344	0.6389560174	0.583856935718	0.873852102465	0.630256162397	0.587240212663	0.463992266796	0.462058965684	0.931851135814	0.764137264379	0.576607056549	0.482358627356	0.0	0.294345094248	0.896085065249	0.524407926535	0.424359594007	0.453842435959	0.496375060416	0.5601739971	0.50459159014	0.48380860319	0.467858869019	0.533107781537	0.728371193813	0.663605606573	0.496375060416	0.570807153214	0.532624456259	0.63653939101	0.565007249879	0.71290478492	0.680038666022	0.589173513775	0.560657322378	0.528757854036	0.735137747704	0.671822136298	0.727887868536	0.710004833253	0.667472208797	0.69453842436	0.594006766554	0.598840019333	0.593040115998	0.593523441276	0.578540357661	0.685838569357	0.589656839053	0.693571773804	0.545190913485	0.650072498792
AD8	0.59255679072	0.597390043499	0.950700821653	0.653455775737	0.731754470759	0.534557757371	0.69212179797	0.499275012083	0.478008699855	0.616239729338	0.443692605123	0.652972450459	0.610923151281	0.867085548574	0.661188980184	0.598356694055	0.487675205413	0.484291928468	0.927501208313	0.756404059932	0.572740454326	0.494441759304	0.294345094248	0.0	0.868535524408	0.502658289029	0.434992750121	0.470275495408	0.50700821653	0.563557274045	0.498308361527	0.48622522958	0.490091831803	0.556307394877	0.742870952151	0.675205413243	0.514258095698	0.589656839053	0.543740937651	0.65732237796	0.586756887385	0.715804736588	0.687288545191	0.608506524891	0.567423876269	0.548090865152	0.749154180764	0.691155147414	0.74528757854	0.728371193813	0.684388593523	0.706138231029	0.616239729338	0.613823102948	0.611406476559	0.612373127115	0.60657322378	0.699371677139	0.61333977767	0.706138231029	0.5601739971	0.669405509908
AE7	0.819719671339	0.870952150797	0.853069115515	0.808119864669	0.82406959884	0.886418559691	0.913484775254	0.904301594973	0.886901884969	0.901401643306	0.915418076365	0.851619139681	0.887868535524	0.830352827453	0.897051715805	0.846302561624	0.876752054132	0.865152247463	0.740937651039	0.723054615756	0.817303044949	0.843885935234	0.896085065249	0.868535524408	0.0	0.546157564041	0.87723537941	0.857902368294	0.761237312711	0.765587240213	0.837602706622	0.83566940551	0.897051715805	0.906234896085	0.925084581924	0.911068148864	0.917351377477	0.898985016916	0.921701304978	0.874335427743	0.897535041083	0.881101981634	0.883518608023	0.8796520058	0.938617689705	0.922184630256	0.890768487192	0.901401643306	0.911551474142	0.898018366361	0.901401643306	0.900918318028	0.890285161914	0.895601739971	0.900918318028	0.884001933301	0.901884968584	0.885935234413	0.896568390527	0.901884968584	0.917834702755	0.903818269696
AE8	0.578540357661	0.624456259062	0.898985016916	0.653455775737	0.696955050749	0.595456742388	0.683421942968	0.608506524891	0.59497341711	0.629289511841	0.624456259062	0.633156114065	0.643789270179	0.817786370227	0.690671822136	0.610923151281	0.605606573224	0.602223296278	0.824552924118	0.663122281295	0.596423392943	0.564523924601	0.524407926535	0.502658289029	0.546157564041	0.0	0.591590140164	0.566940550991	0.537941034316	0.529724504592	0.581923634606	0.565490575157	0.618173030449	0.621072982117	0.747220879652	0.696955050749	0.633156114065	0.619623006283	0.630256162397	0.651039149348	0.615273078782	0.698405026583	0.672788786854	0.617689705172	0.643305944901	0.637989366844	0.749637506042	0.687771870469	0.763170613823	0.719671338811	0.702754954084	0.723054615756	0.645239246013	0.635089415176	0.641855969067	0.632189463509	0.647655872402	0.713871435476	0.65973900435	0.707104881585	0.623972933784	0.682455292412
AF7	0.573223779604	0.560657322378	0.939101014983	0.653455775737	0.667955534074	0.503141614306	0.688255195747	0.455292411793	0.444659255679	0.590623489609	0.437892701788	0.595456742388	0.560657322378	0.858385693572	0.634606089899	0.577573707105	0.442725954567	0.442725954567	0.893668438859	0.731754470759	0.54857419043	0.413726437893	0.424359594007	0.434992750121	0.87723537941	0.591590140164	0.0	0.335911068149	0.465442242629	0.535041082649	0.484291928468	0.490091831803	0.434992750121	0.493475108748	0.693088448526	0.622522957951	0.467858869019	0.53939101015	0.498791686805	0.617206379894	0.533591106815	0.699855002417	0.662155630739	0.55775737071	0.528274528758	0.491541807637	0.683905268246	0.6389560174	0.695505074915	0.676172063799	0.628806186564	0.64813919768	0.553890768487	0.54857419043	0.550507491542	0.552924117931	0.558724021266	0.644755920735	0.567423876269	0.660705654906	0.503624939584	0.608023199613
AF8	0.554857419043	0.551474142098	0.929434509425	0.637506041566	0.677622039633	0.500241662639	0.686321894635	0.453359110681	0.449975833736	0.583856935718	0.493958434026	0.605606573224	0.565490575157	0.845819236346	0.62493958434	0.566940550991	0.466408893185	0.463508941518	0.880135331078	0.716771387144	0.519091348478	0.389076848719	0.453842435959	0.470275495408	0.857902368294	0.566940550991	0.335911068149	0.0	0.455775737071	0.515224746254	0.525857902368	0.469308844853	0.435959400677	0.49540840986	0.701788303528	0.634122764621	0.491541807637	0.531174480425	0.505558240696	0.608506524891	0.535041082649	0.679072015466	0.646689221846	0.549057515708	0.543257612373	0.507974867086	0.691638472692	0.639439342678	0.702754954084	0.684388593523	0.640889318511	0.654422426293	0.558240695988	0.559207346544	0.558724021266	0.5601739971	0.544707588207	0.65055582407	0.551957467376	0.670372160464	0.499758337361	0.615273078782
AG7	0.578540357661	0.596423392943	0.841952634123	0.568390526825	0.660222329628	0.534074432093	0.687288545191	0.511358144031	0.494441759304	0.595456742388	0.536007733204	0.613823102948	0.602706621556	0.757854035766	0.662155630739	0.584823586274	0.529724504592	0.527307878202	0.743354277429	0.548090865152	0.478975350411	0.443209279845	0.496375060416	0.50700821653	0.761237312711	0.537941034316	0.465442242629	0.455775737071	0.0	0.322861285645	0.540357660706	0.500241662639	0.509908168197	0.558724021266	0.729821169647	0.650072498792	0.526341227646	0.551474142098	0.552440792653	0.624456259062	0.577573707105	0.673755437409	0.637989366844	0.560657322378	0.59497341711	0.567907201547	0.728854519091	0.663122281295	0.718704688255	0.698888351861	0.665055582407	0.690188496858	0.601739971	0.600289995167	0.605606573224	0.60657322378	0.613823102948	0.691638472692	0.628322861286	0.683905268246	0.575157080715	0.642339294345
AG8	0.573223779604	0.620106331561	0.827936201063	0.593040115998	0.693088448526	0.573223779604	0.6805219913	0.572257129048	0.560657322378	0.621556307395	0.598356694055	0.6389560174	0.631706138231	0.742870952151	0.690671822136	0.598356694055	0.587723537941	0.589656839053	0.693088448526	0.525857902368	0.49299178347	0.4813919768	0.5601739971	0.563557274045	0.765587240213	0.529724504592	0.535041082649	0.515224746254	0.322861285645	0.0	0.575157080715	0.544224262929	0.573707104882	0.586756887385	0.761237312711	0.691638472692	0.589173513775	0.581923634606	0.597390043499	0.655872402127	0.606089898502	0.685355244079	0.661188980184	0.595456742388	0.623006283229	0.607056549058	0.761720637989	0.694055099082	0.751570807153	0.725954567424	0.699855002417	0.720154664089	0.626389560174	0.628322861286	0.63653939101	0.630739487675	0.63653939101	0.718704688255	0.651039149348	0.716771387144	0.598840019333	0.674722087965
AH7	0.578057032383	0.630256162397	0.950217496375	0.699371677139	0.709038182697	0.573223779604	0.710971483809	0.552440792653	0.541324311261	0.657805703238	0.523924601257	0.655872402127	0.640405993233	0.878685355244	0.694055099082	0.604639922668	0.515708071532	0.475592073465	0.884001933301	0.744320927985	0.568873852102	0.521024649589	0.50459159014	0.498308361527	0.837602706622	0.581923634606	0.484291928468	0.525857902368	0.540357660706	0.575157080715	0.0	0.332044465926	0.565973900435	0.621072982117	0.774287095215	0.71532141131	0.561623972934	0.638472692122	0.605606573224	0.659255679072	0.629289511841	0.763170613823	0.73852102465	0.656355727405	0.637506041566	0.611889801837	0.758820686322	0.723537941034	0.767037216046	0.740454325761	0.709038182697	0.73610439826	0.61333977767	0.633639439343	0.622522957951	0.620589656839	0.628806186564	0.723537941034	0.630256162397	0.721121314645	0.605606573224	0.698888351861
AH8	0.543257612373	0.580473658772	0.945867568874	0.656355727405	0.669888835186	0.520057999033	0.673755437409	0.496858385694	0.493475108748	0.619139681005	0.517158047366	0.608506524891	0.581440309328	0.862252295795	0.642822619623	0.5601739971	0.44224262929	0.394393426776	0.884001933301	0.730787820203	0.541807636539	0.465442242629	0.48380860319	0.48622522958	0.83566940551	0.565490575157	0.490091831803	0.469308844853	0.500241662639	0.544224262929	0.332044465926	0.0	0.504108264862	0.55099081682	0.742870952151	0.679072015466	0.536491058482	0.578540357661	0.548090865152	0.614789753504	0.573223779604	0.712421459642	0.692605123248	0.60657322378	0.586273562107	0.551474142098	0.707588206863	0.670855485742	0.723054615756	0.689221846303	0.651522474625	0.677622039633	0.56259062349	0.579023682939	0.569840502658	0.568390526825	0.572740454326	0.666505558241	0.567423876269	0.672788786854	0.546157564041	0.645239246013
AA5	0.577573707105	0.512324794587	0.962783953601	0.639439342678	0.603189946834	0.43740937651	0.621072982117	0.392460125665	0.387626872885	0.540840985984	0.425809569841	0.528757854036	0.517158047366	0.881101981634	0.559207346544	0.549540840986	0.437892701788	0.442725954567	0.922184630256	0.773803769937	0.568873852102	0.488158530691	0.467858869019	0.490091831803	0.897051715805	0.618173030449	0.434992750121	0.435959400677	0.509908168197	0.573707104882	0.565973900435	0.504108264862	0.0	0.346544224263	0.663605606573	0.572740454326	0.457709038183	0.466892218463	0.456259062349	0.545674238763	0.456742387627	0.628806186564	0.592073465442	0.478492025133	0.512324794587	0.459159014016	0.682455292412	0.629289511841	0.65732237796	0.643305944901	0.631706138231	0.660222329628	0.51619139681	0.546157564041	0.550507491542	0.53697438376	0.528274528758	0.644272595457	0.545190913485	0.633156114065	0.488641855969	0.600289995167
AA6	0.593040115998	0.537457709038	0.961333977767	0.653939101015	0.636056065732	0.488158530691	0.640889318511	0.460125664572	0.468342194297	0.565007249879	0.508941517641	0.570323827936	0.528274528758	0.877718704688	0.591590140164	0.566457225713	0.485258579024	0.498791686805	0.933301111648	0.779603673272	0.60657322378	0.522474625423	0.533107781537	0.556307394877	0.906234896085	0.621072982117	0.493475108748	0.49540840986	0.558724021266	0.586756887385	0.621072982117	0.55099081682	0.346544224263	0.0	0.664572257129	0.574673755437	0.526341227646	0.494441759304	0.488641855969	0.577090381827	0.483325277912	0.658772353794	0.620106331561	0.5186080232	0.463508941518	0.418559690672	0.685838569357	0.638472692122	0.670855485742	0.657805703238	0.632672788787	0.659255679072	0.535524407927	0.556307394877	0.557274045433	0.551474142098	0.539874335428	0.649589173514	0.557274045433	0.642822619623	0.510874818753	0.610439826003
AB5	0.734654422426	0.656839052682	0.974867085549	0.727404543258	0.608989850169	0.627839536008	0.739971000483	0.63653939101	0.660222329628	0.677138714355	0.673755437409	0.604639922668	0.633156114065	0.893668438859	0.695021749638	0.695988400193	0.696471725471	0.704204929918	0.936201063316	0.811019816336	0.804736587724	0.731754470759	0.728371193813	0.742870952151	0.925084581924	0.747220879652	0.693088448526	0.701788303528	0.729821169647	0.761237312711	0.774287095215	0.742870952151	0.663605606573	0.664572257129	0.0	0.327211213146	0.608989850169	0.658289028516	0.6389560174	0.625422909618	0.616723054616	0.735137747704	0.719188013533	0.640889318511	0.629772837119	0.618173030449	0.622522957951	0.615273078782	0.646689221846	0.611406476559	0.632672788787	0.61575640406	0.602706621556	0.586756887385	0.611889801837	0.604639922668	0.651039149348	0.602706621556	0.653455775737	0.612373127115	0.662638956017	0.608989850169
AB6	0.676655389077	0.585790236829	0.963750604157	0.670855485742	0.565007249879	0.54857419043	0.671822136298	0.554857419043	0.59255679072	0.605606573224	0.61575640406	0.5186080232	0.582406959884	0.885451909135	0.62493958434	0.625422909618	0.641372643789	0.647655872402	0.930884485259	0.78008699855	0.73610439826	0.662155630739	0.663605606573	0.675205413243	0.911068148864	0.696955050749	0.622522957951	0.634122764621	0.650072498792	0.691638472692	0.71532141131	0.679072015466	0.572740454326	0.574673755437	0.327211213146	0.0	0.556790720155	0.568873852102	0.579023682939	0.547607539874	0.537457709038	0.662638956017	0.64813919768	0.53939101015	0.561140647656	0.538424359594	0.600773320445	0.549057515708	0.590623489609	0.568390526825	0.565973900435	0.574190430159	0.541324311261	0.537457709038	0.565490575157	0.559690671822	0.589656839053	0.562107298212	0.598840019333	0.561140647656	0.614789753504	0.544707588207
AC5	0.589656839053	0.574190430159	0.975350410826	0.655389076849	0.605606573224	0.45142580957	0.667472208797	0.439342677622	0.434026099565	0.566940550991	0.421459642339	0.542774287095	0.531657805703	0.886901884969	0.627839536008	0.582406959884	0.465925567907	0.463508941518	0.942484291928	0.782986950217	0.621072982117	0.541807636539	0.496375060416	0.514258095698	0.917351377477	0.633156114065	0.467858869019	0.491541807637	0.526341227646	0.589173513775	0.561623972934	0.536491058482	0.457709038183	0.526341227646	0.608989850169	0.556790720155	0.0	0.444175930401	0.454809086515	0.584823586274	0.517158047366	0.704688255196	0.664088931851	0.545674238763	0.48622522958	0.462542290962	0.599806669889	0.551957467376	0.617689705172	0.58337361044	0.558724021266	0.581440309328	0.483325277912	0.47462542291	0.491541807637	0.496858385694	0.558240695988	0.581923634606	0.573707104882	0.567907201547	0.502658289029	0.538424359594
AC6	0.614789753504	0.517158047366	0.952150797487	0.627839536008	0.588690188497	0.492025132914	0.523441275979	0.478492025133	0.514258095698	0.451909134848	0.542774287095	0.542290961817	0.559207346544	0.861285645239	0.533107781537	0.570807153214	0.542774287095	0.551957467376	0.916868052199	0.75688738521	0.635089415176	0.559207346544	0.570807153214	0.589656839053	0.898985016916	0.619623006283	0.53939101015	0.531174480425	0.551474142098	0.581923634606	0.638472692122	0.578540357661	0.466892218463	0.494441759304	0.658289028516	0.568873852102	0.444175930401	0.0	0.513291445143	0.513291445143	0.488641855969	0.480425326245	0.438376027066	0.422909618173	0.570807153214	0.536491058482	0.675205413243	0.622522957951	0.664088931851	0.631222812953	0.629289511841	0.652972450459	0.56935717738	0.565490575157	0.568873852102	0.570807153214	0.545674238763	0.651039149348	0.573223779604	0.623972933784	0.547607539874	0.609956500725
AD6	0.593040115998	0.551474142098	0.974383760271	0.645239246013	0.603189946834	0.41904301595	0.619623006283	0.420009666506	0.433059449009	0.548090865152	0.450459159014	0.522474625423	0.511841469309	0.884968583857	0.597873368777	0.568390526825	0.478975350411	0.485258579024	0.956984050266	0.794103431609	0.608023199613	0.547124214596	0.532624456259	0.543740937651	0.921701304978	0.630256162397	0.498791686805	0.505558240696	0.552440792653	0.597390043499	0.605606573224	0.548090865152	0.456259062349	0.488641855969	0.6389560174	0.579023682939	0.454809086515	0.513291445143	0.0	0.546157564041	0.421459642339	0.702271628806	0.664088931851	0.544707588207	0.486708554857	0.457225712905	0.623489608507	0.56259062349	0.613823102948	0.587723537941	0.571290478492	0.596423392943	0.476075398743	0.48380860319	0.488641855969	0.478975350411	0.53697438376	0.585790236829	0.542774287095	0.591106814886	0.463508941518	0.541807636539
AE5	0.622522957951	0.520541324311	0.973900434993	0.635089415176	0.556790720155	0.540357660706	0.595456742388	0.558240695988	0.597873368777	0.534557757371	0.609473175447	0.509908168197	0.559690671822	0.884485258579	0.53697438376	0.568390526825	0.597390043499	0.599806669889	0.927984533591	0.769453842436	0.723054615756	0.639922667956	0.63653939101	0.65732237796	0.874335427743	0.651039149348	0.617206379894	0.608506524891	0.624456259062	0.655872402127	0.659255679072	0.614789753504	0.545674238763	0.577090381827	0.625422909618	0.547607539874	0.584823586274	0.513291445143	0.546157564041	0.0	0.347510874819	0.60415659739	0.59255679072	0.506041565974	0.616239729338	0.61333977767	0.651522474625	0.604639922668	0.629289511841	0.607539874335	0.620589656839	0.637022716288	0.529241179314	0.567423876269	0.586273562107	0.547607539874	0.538907684872	0.626389560174	0.546640889319	0.599323344611	0.576123731271	0.591106814886
AE6	0.58337361044	0.48622522958	0.973417109715	0.62735621073	0.563557274045	0.470275495408	0.561140647656	0.458192363461	0.508941517641	0.495891735138	0.528274528758	0.507974867086	0.508941517641	0.881101981634	0.542290961817	0.533107781537	0.517158047366	0.526824552924	0.931851135814	0.767520541324	0.663605606573	0.576123731271	0.565007249879	0.586756887385	0.897535041083	0.615273078782	0.533591106815	0.535041082649	0.577573707105	0.606089898502	0.629289511841	0.573223779604	0.456742387627	0.483325277912	0.616723054616	0.537457709038	0.517158047366	0.488641855969	0.421459642339	0.347510874819	0.0	0.639922667956	0.601256645723	0.477042049299	0.534557757371	0.520057999033	0.632189463509	0.584823586274	0.61575640406	0.597873368777	0.593040115998	0.621556307395	0.484291928468	0.496858385694	0.515708071532	0.496858385694	0.496375060416	0.599323344611	0.520541324311	0.58337361044	0.497825036249	0.565490575157
AF5	0.711454809087	0.619139681005	0.940067665539	0.659255679072	0.669405509908	0.670372160464	0.564523924601	0.652005799903	0.684388593523	0.578540357661	0.718704688255	0.632672788787	0.678588690188	0.853069115515	0.601256645723	0.664088931851	0.717254712421	0.724987916868	0.880618656356	0.740454325761	0.722571290478	0.674238762687	0.71290478492	0.715804736588	0.881101981634	0.698405026583	0.699855002417	0.679072015466	0.673755437409	0.685355244079	0.763170613823	0.712421459642	0.628806186564	0.658772353794	0.735137747704	0.662638956017	0.704688255196	0.480425326245	0.702271628806	0.60415659739	0.639922667956	0.0	0.282745287579	0.545674238763	0.719188013533	0.708071532141	0.760270662156	0.709038182697	0.743837602707	0.714838086032	0.728371193813	0.739004349928	0.700821652972	0.715804736588	0.721121314645	0.708554857419	0.670372160464	0.733204446593	0.682455292412	0.703238279362	0.713388110198	0.71290478492
AF6	0.69212179797	0.588206863219	0.939101014983	0.661672305462	0.672305461576	0.639922667956	0.541807636539	0.619139681005	0.658289028516	0.547124214596	0.686805219913	0.626389560174	0.644755920735	0.849685838569	0.584340260996	0.639922667956	0.687288545191	0.69212179797	0.880618656356	0.733204446593	0.703238279362	0.648622522958	0.680038666022	0.687288545191	0.883518608023	0.672788786854	0.662155630739	0.646689221846	0.637989366844	0.661188980184	0.73852102465	0.692605123248	0.592073465442	0.620106331561	0.719188013533	0.64813919768	0.664088931851	0.438376027066	0.664088931851	0.59255679072	0.601256645723	0.282745287579	0.0	0.50459159014	0.688255195747	0.675205413243	0.749154180764	0.698405026583	0.73610439826	0.703238279362	0.708554857419	0.73368777187	0.666988883519	0.675205413243	0.688255195747	0.669888835186	0.633156114065	0.724021266312	0.650072498792	0.695988400193	0.6805219913	0.69212179797
