	AA3	AA4	AB3	AB4	AC3	AC4	AD3	AD4	AE3	AE4	AF3	AF4	AG3	AG4	AH3	AH4	AA7	AA8	AB7	AB8	AC7	AC8	AD7	AD8	AE7	AE8	AF7	AF8	AG7	AG8	AH7	AH8	AA5	AA6	AB5	AB6	AC5	AC6	AD6	AE5	AE6	AF5	AF6	AG5	AH5	AH6	AA1	AA2	AB1	AB2	AC1	AC2	AD1	AD2	AE1	AE2	AF1	AF2	AG1	AG2	AH1	AH2
AA3	0.0	0.498791686805	0.930401159981	0.6389560174	0.665055582407	0.586273562107	0.681005316578	0.576123731271	0.57177380377	0.638472692122	0.61575640406	0.61575640406	0.575157080715	0.848235862736	0.647655872402	0.310778153697	0.561623972934	0.570323827936	0.860318994683	0.709521507975	0.625906234896	0.565973900435	0.589173513775	0.577090381827	0.834219429676	0.599806669889	0.568390526825	0.555340744321	0.592073465442	0.596423392943	0.589656839053	0.555824069599	0.582406959884	0.594006766554	0.751087481875	0.668438859352	0.604639922668	0.625422909618	0.596906718221	0.619623006283	0.602223296278	0.717738037699	0.696955050749	0.619139681005	0.609956500725	0.608989850169	0.68970517158	0.64572257129	0.719671338811	0.66892218463	0.654905751571	0.660222329628	0.570807153214	0.569840502658	0.584823586274	0.568873852102	0.57177380377	0.654422426293	0.587723537941	0.660705654906	0.577573707105	0.661672305462
AA4	0.498791686805	0.0	0.942967617206	0.58095698405	0.581923634606	0.489125181247	0.583856935718	0.492025132914	0.497341710971	0.519091348478	0.561140647656	0.519574673755	0.459642339294	0.853552440793	0.352344127598	0.383760270662	0.532141130981	0.521991300145	0.895118414693	0.718221362977	0.655389076849	0.565973900435	0.590623489609	0.586273562107	0.873368777187	0.623006283229	0.538907684872	0.540840985984	0.600289995167	0.61333977767	0.630256162397	0.565973900435	0.502174963751	0.516674722088	0.67133881102	0.594006766554	0.565973900435	0.50700821653	0.53697438376	0.523441275979	0.490575157081	0.626872885452	0.588690188497	0.523924601257	0.575157080715	0.569840502658	0.641372643789	0.574673755437	0.630739487675	0.595940067666	0.600773320445	0.616723054616	0.535041082649	0.521507974867	0.525857902368	0.515708071532	0.500241662639	0.602223296278	0.523924601257	0.577090381827	0.520057999033	0.576607056549
AB3	0.930401159981	0.942967617206	0.0	0.671822136298	0.910101498308	0.954567423876	0.955050749154	0.940550990817	0.93281778637	0.948284195263	0.969067182214	0.93281778637	0.964233929435	0.345094248429	0.9584340261	0.935717738038	0.967133881102	0.964233929435	0.739487675205	0.758337361044	0.882551957467	0.898501691638	0.952634122765	0.947800869986	0.847752537458	0.895118414693	0.934267762204	0.927017883035	0.851135814403	0.836152730788	0.947800869986	0.948284195263	0.95360077332	0.956984050266	0.967133881102	0.960367327211	0.970033832769	0.947317544708	0.968583856936	0.968583856936	0.968583856936	0.929917834703	0.931851135814	0.945384243596	0.971483808603	0.96761720638	0.968583856936	0.965683905268	0.966167230546	0.968100531658	0.968100531658	0.965683905268	0.968583856936	0.968100531658	0.971483808603	0.968100531658	0.96761720638	0.965683905268	0.965683905268	0.970517158047	0.968583856936	0.968100531658
AB4	0.6389560174	0.58095698405	0.671822136298	0.0	0.643789270179	0.619139681005	0.691155147414	0.614306428226	0.618656355727	0.654422426293	0.653455775737	0.617689705172	0.49299178347	0.559207346544	0.619139681005	0.602223296278	0.645239246013	0.635572740454	0.723537941034	0.58095698405	0.662155630739	0.617689705172	0.665538907685	0.652972450459	0.792653455776	0.656355727405	0.65055582407	0.637506041566	0.574673755437	0.586756887385	0.69212179797	0.652005799903	0.647172547124	0.660705654906	0.731271145481	0.680038666022	0.665055582407	0.651522474625	0.642339294345	0.648622522958	0.639922667956	0.686805219913	0.664572257129	0.653939101015	0.684388593523	0.678105364911	0.701788303528	0.660222329628	0.704688255196	0.676655389077	0.68293861769	0.673272112131	0.639439342678	0.655389076849	0.663122281295	0.646205896568	0.643305944901	0.658772353794	0.645239246013	0.672788786854	0.644755920735	0.674722087965
AC3	0.665055582407	0.581923634606	0.910101498308	0.643789270179	0.0	0.508458192363	0.641372643789	0.55775737071	0.57177380377	0.600289995167	0.633156114065	0.324794586757	0.617689705172	0.825036249396	0.619623006283	0.617689705172	0.621556307395	0.613823102948	0.865152247463	0.753504108265	0.744804253262	0.680038666022	0.737554374094	0.724021266312	0.834219429676	0.708071532141	0.65973900435	0.679072015466	0.684388593523	0.698888351861	0.714838086032	0.669888835186	0.612856452392	0.642822619623	0.611889801837	0.581440309328	0.621556307395	0.585306911551	0.600773320445	0.563073948768	0.55775737071	0.661672305462	0.634606089899	0.569840502658	0.634606089899	0.637022716288	0.592073465442	0.582406959884	0.576123731271	0.576123731271	0.602706621556	0.589656839053	0.543257612373	0.576607056549	0.583856935718	0.566940550991	0.612373127115	0.575640405993	0.615273078782	0.588206863219	0.624456259062	0.595456742388
AC4	0.586273562107	0.489125181247	0.954567423876	0.619139681005	0.508458192363	0.0	0.610439826003	0.401159980667	0.399710004833	0.514258095698	0.331561140648	0.404543257612	0.506041565974	0.859835669406	0.563557274045	0.536007733204	0.479458675689	0.464475592073	0.929434509425	0.752537457709	0.598840019333	0.532624456259	0.53020782987	0.521991300145	0.88883518608	0.597390043499	0.491058482359	0.51377477042	0.546157564041	0.582890285162	0.573707104882	0.522474625423	0.450459159014	0.475108748188	0.651039149348	0.573223779604	0.467375543741	0.510391493475	0.429192846786	0.543257612373	0.485258579024	0.685838569357	0.639439342678	0.505558240696	0.501208313195	0.50459159014	0.643789270179	0.579507008217	0.61575640406	0.585306911551	0.601256645723	0.611406476559	0.517158047366	0.519091348478	0.52537457709	0.519574673755	0.542774287095	0.599323344611	0.554374093765	0.57177380377	0.475592073465	0.58337361044
AD3	0.681005316578	0.583856935718	0.955050749154	0.691155147414	0.641372643789	0.610439826003	0.0	0.534557757371	0.635572740454	0.379410343161	0.667472208797	0.601739971	0.6389560174	0.866602223296	0.576123731271	0.638472692122	0.677138714355	0.681005316578	0.941034316095	0.761720637989	0.715804736588	0.693571773804	0.696471725471	0.68970517158	0.917834702755	0.68970517158	0.697921701305	0.69212179797	0.68293861769	0.680038666022	0.720154664089	0.690188496858	0.623489608507	0.654905751571	0.741904301595	0.674722087965	0.67133881102	0.549057515708	0.632189463509	0.574190430159	0.574673755437	0.568390526825	0.54857419043	0.543740937651	0.694055099082	0.682455292412	0.761720637989	0.709521507975	0.746254229096	0.715804736588	0.717738037699	0.734654422426	0.663605606573	0.662155630739	0.667472208797	0.655872402127	0.625906234896	0.72692121798	0.640405993233	0.702754954084	0.681971967134	0.70130497825
AD4	0.576123731271	0.492025132914	0.940550990817	0.614306428226	0.55775737071	0.401159980667	0.534557757371	0.0	0.325277912035	0.407926534558	0.434026099565	0.488641855969	0.519091348478	0.852102464959	0.559690671822	0.52537457709	0.463992266796	0.466408893185	0.930401159981	0.749154180764	0.577090381827	0.503624939584	0.513291445143	0.501208313195	0.899468342194	0.612856452392	0.450942484292	0.466408893185	0.512808119865	0.56259062349	0.553890768487	0.50459159014	0.405509908168	0.461092315128	0.65055582407	0.566457225713	0.441275978734	0.476075398743	0.430159497342	0.543257612373	0.468825519575	0.653939101015	0.611889801837	0.484775253746	0.488158530691	0.492025132914	0.663605606573	0.60415659739	0.646205896568	0.623489608507	0.622522957951	0.635089415176	0.522474625423	0.520541324311	0.530691155147	0.521024649589	0.534557757371	0.621556307395	0.552924117931	0.612373127115	0.495891735138	0.60657322378
AE3	0.57177380377	0.497341710971	0.93281778637	0.618656355727	0.57177380377	0.399710004833	0.635572740454	0.325277912035	0.0	0.503141614306	0.411309811503	0.513291445143	0.500241662639	0.853552440793	0.566457225713	0.533591106815	0.444175930401	0.443692605123	0.927501208313	0.746737554374	0.552440792653	0.475592073465	0.494925084582	0.494925084582	0.89125181247	0.606089898502	0.439342677622	0.466892218463	0.503624939584	0.552924117931	0.552924117931	0.501208313195	0.406959884002	0.457709038183	0.668438859352	0.590623489609	0.442725954567	0.525857902368	0.420976317061	0.594490091832	0.52537457709	0.69453842436	0.649589173514	0.523924601257	0.481875302078	0.483325277912	0.660222329628	0.599806669889	0.647172547124	0.61575640406	0.610439826003	0.630739487675	0.523924601257	0.524891251812	0.53697438376	0.528757854036	0.544707588207	0.616723054616	0.566940550991	0.603189946834	0.487675205413	0.595456742388
AE4	0.638472692122	0.519091348478	0.948284195263	0.654422426293	0.600289995167	0.514258095698	0.379410343161	0.407926534558	0.503141614306	0.0	0.579507008217	0.553407443209	0.579990333494	0.861768970517	0.54857419043	0.583856935718	0.587723537941	0.589173513775	0.936684388594	0.75688738521	0.661188980184	0.593040115998	0.607056549058	0.597873368777	0.91203479942	0.631222812953	0.585790236829	0.579507008217	0.596423392943	0.599806669889	0.639922667956	0.591590140164	0.528757854036	0.556307394877	0.700821652972	0.623489608507	0.569840502658	0.464475592073	0.551957467376	0.52537457709	0.534557757371	0.590140164331	0.552440792653	0.498308361527	0.594490091832	0.593040115998	0.716288061866	0.666505558241	0.705171580474	0.680038666022	0.6805219913	0.696471725471	0.619139681005	0.598356694055	0.600773320445	0.601256645723	0.577573707105	0.678588690188	0.602223296278	0.667955534074	0.585790236829	0.657805703238
AF3	0.61575640406	0.561140647656	0.969067182214	0.653455775737	0.633156114065	0.331561140648	0.667472208797	0.434026099565	0.411309811503	0.579507008217	0.0	0.533107781537	0.534557757371	0.882551957467	0.619139681005	0.579507008217	0.446109231513	0.438859352344	0.9584340261	0.781536974384	0.595456742388	0.53939101015	0.459159014016	0.462058965684	0.918318028033	0.631222812953	0.449975833736	0.501691638473	0.542290961817	0.607539874335	0.531657805703	0.510391493475	0.443209279845	0.506041565974	0.681005316578	0.612856452392	0.412759787337	0.55099081682	0.44224262929	0.61333977767	0.545674238763	0.72692121798	0.681488641856	0.547124214596	0.502658289029	0.505558240696	0.674238762687	0.60415659739	0.667955534074	0.620106331561	0.622522957951	0.637989366844	0.549057515708	0.534557757371	0.544707588207	0.53697438376	0.579507008217	0.635089415176	0.591106814886	0.602223296278	0.500241662639	0.603673272112
AF4	0.61575640406	0.519574673755	0.93281778637	0.617689705172	0.324794586757	0.404543257612	0.601739971	0.488641855969	0.513291445143	0.553407443209	0.533107781537	0.0	0.553890768487	0.842435959401	0.564523924601	0.5601739971	0.567423876269	0.551474142098	0.892701788304	0.722087965201	0.702271628806	0.634606089899	0.674722087965	0.65732237796	0.850652489125	0.640405993233	0.601256645723	0.617206379894	0.635572740454	0.655389076849	0.660705654906	0.611889801837	0.550024166264	0.582890285162	0.611406476559	0.534557757371	0.554857419043	0.528274528758	0.532624456259	0.520057999033	0.509424842919	0.632672788787	0.599323344611	0.5186080232	0.559690671822	0.564523924601	0.587240212663	0.526824552924	0.561140647656	0.522957950701	0.548090865152	0.555824069599	0.488158530691	0.514258095698	0.524891251812	0.515708071532	0.561623972934	0.545190913485	0.564523924601	0.524891251812	0.551474142098	0.52537457709
AG3	0.575157080715	0.459642339294	0.964233929435	0.49299178347	0.617689705172	0.506041565974	0.6389560174	0.519091348478	0.500241662639	0.579990333494	0.534557757371	0.553890768487	0.0	0.847752537458	0.529241179314	0.526341227646	0.502658289029	0.485258579024	0.933301111648	0.755920734654	0.666505558241	0.585790236829	0.590140164331	0.595940067666	0.887868535524	0.633156114065	0.533591106815	0.556790720155	0.612373127115	0.62493958434	0.626389560174	0.559690671822	0.520541324311	0.523441275979	0.672788786854	0.606089898502	0.53697438376	0.542774287095	0.528757854036	0.566457225713	0.514258095698	0.688255195747	0.637022716288	0.541807636539	0.564523924601	0.558724021266	0.630256162397	0.565490575157	0.630256162397	0.601739971	0.597390043499	0.601739971	0.526341227646	0.526824552924	0.538907684872	0.518124697922	0.539874335428	0.595456742388	0.560657322378	0.585790236829	0.496375060416	0.572740454326
AG4	0.848235862736	0.853552440793	0.345094248429	0.559207346544	0.825036249396	0.859835669406	0.866602223296	0.852102464959	0.853552440793	0.861768970517	0.882551957467	0.842435959401	0.847752537458	0.0	0.87046882552	0.846302561624	0.886418559691	0.884001933301	0.702271628806	0.682455292412	0.812953117448	0.822136297728	0.87723537941	0.873368777187	0.825519574674	0.82165297245	0.85886901885	0.849685838569	0.770420492992	0.746254229096	0.880135331078	0.86805219913	0.873368777187	0.878202029966	0.897051715805	0.885935234413	0.884485258579	0.859352344128	0.884485258579	0.878685355244	0.878685355244	0.848719188014	0.846302561624	0.866602223296	0.891735137748	0.888351860802	0.880135331078	0.876752054132	0.880618656356	0.872885451909	0.884485258579	0.879168680522	0.884485258579	0.883035282745	0.885451909135	0.881585306912	0.884001933301	0.883518608023	0.8796520058	0.880135331078	0.886418559691	0.886901884969
AH3	0.647655872402	0.352344127598	0.9584340261	0.619139681005	0.619623006283	0.563557274045	0.576123731271	0.559690671822	0.566457225713	0.54857419043	0.619139681005	0.564523924601	0.529241179314	0.87046882552	0.0	0.532624456259	0.593523441276	0.588690188497	0.924601256646	0.756404059932	0.709038182697	0.637022716288	0.642339294345	0.64813919768	0.904301594973	0.697921701305	0.630256162397	0.631706138231	0.67133881102	0.679072015466	0.689221846303	0.632189463509	0.54857419043	0.579507008217	0.719188013533	0.651039149348	0.628806186564	0.545190913485	0.604639922668	0.549540840986	0.559690671822	0.614789753504	0.572740454326	0.565973900435	0.640405993233	0.635089415176	0.710004833253	0.625906234896	0.668438859352	0.646205896568	0.652972450459	0.666505558241	0.603189946834	0.608506524891	0.604639922668	0.60415659739	0.569840502658	0.658289028516	0.580473658772	0.625906234896	0.602223296278	0.633156114065
AH4	0.310778153697	0.383760270662	0.935717738038	0.602223296278	0.617689705172	0.536007733204	0.638472692122	0.52537457709	0.533591106815	0.583856935718	0.579507008217	0.5601739971	0.526341227646	0.846302561624	0.532624456259	0.0	0.543257612373	0.543740937651	0.86563557274	0.706621556307	0.629772837119	0.565007249879	0.577573707105	0.574673755437	0.850652489125	0.601256645723	0.561140647656	0.54857419043	0.579023682939	0.594006766554	0.587723537941	0.547124214596	0.547607539874	0.560657322378	0.709038182697	0.630256162397	0.579990333494	0.570807153214	0.561140647656	0.565007249879	0.545190913485	0.680038666022	0.660222329628	0.56935717738	0.588690188497	0.582406959884	0.663605606573	0.603673272112	0.676655389077	0.626389560174	0.62735621073	0.633639439343	0.541324311261	0.52537457709	0.551957467376	0.532141130981	0.517641372644	0.622522957951	0.541324311261	0.614306428226	0.542290961817	0.619623006283
AA7	0.561623972934	0.532141130981	0.967133881102	0.645239246013	0.621556307395	0.479458675689	0.677138714355	0.463992266796	0.444175930401	0.587723537941	0.446109231513	0.567423876269	0.502658289029	0.886418559691	0.593523441276	0.543257612373	0.0	0.277912034799	0.912518124698	0.75688738521	0.588690188497	0.50700821653	0.495891735138	0.49299178347	0.875785403577	0.617206379894	0.436926051232	0.463992266796	0.534074432093	0.597873368777	0.514258095698	0.408409859836	0.427742870952	0.476075398743	0.699371677139	0.629772837119	0.46979217013	0.5601739971	0.47462542291	0.601256645723	0.543740937651	0.72450459159	0.681488641856	0.566940550991	0.523441275979	0.519574673755	0.654422426293	0.596423392943	0.666022232963	0.630739487675	0.602223296278	0.620589656839	0.511841469309	0.526824552924	0.529241179314	0.521024649589	0.532624456259	0.597390043499	0.55099081682	0.622039632673	0.489608506525	0.608989850169
AA8	0.570323827936	0.521991300145	0.964233929435	0.635572740454	0.613823102948	0.464475592073	0.681005316578	0.466408893185	0.443692605123	0.589173513775	0.438859352344	0.551474142098	0.485258579024	0.884001933301	0.588690188497	0.543740937651	0.277912034799	0.0	0.910584823586	0.750604156597	0.579507008217	0.496858385694	0.48622522958	0.48380860319	0.861285645239	0.596906718221	0.426776220396	0.450459159014	0.520541324311	0.582406959884	0.479458675689	0.382310294828	0.425809569841	0.482358627356	0.704688255196	0.634122764621	0.458675688739	0.565973900435	0.474142097632	0.594490091832	0.543740937651	0.731271145481	0.687288545191	0.563073948768	0.523924601257	0.521024649589	0.64813919768	0.581440309328	0.656839052682	0.622522957951	0.595940067666	0.605123247946	0.509424842919	0.521991300145	0.523441275979	0.517158047366	0.536491058482	0.595456742388	0.551957467376	0.613823102948	0.475592073465	0.599806669889
AB7	0.860318994683	0.895118414693	0.739487675205	0.723537941034	0.865152247463	0.929434509425	0.941034316095	0.930401159981	0.927501208313	0.936684388594	0.9584340261	0.892701788304	0.933301111648	0.702271628806	0.924601256646	0.86563557274	0.912518124698	0.910584823586	0.0	0.420009666506	0.816336394393	0.838569357177	0.945384243596	0.922184630256	0.734171097148	0.82406959884	0.897051715805	0.874335427743	0.752054132431	0.712421459642	0.87723537941	0.886418559691	0.927017883035	0.933301111648	0.938134364427	0.930401159981	0.951667472209	0.921701304978	0.950700821653	0.929434509425	0.933784436926	0.882068632189	0.882068632189	0.912518124698	0.960850652489	0.95360077332	0.911551474142	0.919768003867	0.924601256646	0.928467858869	0.921701304978	0.918318028033	0.90961817303	0.913968100532	0.915418076365	0.913001449976	0.913001449976	0.903818269696	0.921701304978	0.933784436926	0.949734171097	0.939584340261
AB8	0.709521507975	0.718221362977	0.758337361044	0.58095698405	0.753504108265	0.752537457709	0.761720637989	0.749154180764	0.746737554374	0.75688738521	0.781536974384	0.722087965201	0.755920734654	0.682455292412	0.756404059932	0.706621556307	0.75688738521	0.750604156597	0.420009666506	0.0	0.647655872402	0.656839052682	0.752054132431	0.730304494925	0.733204446593	0.642822619623	0.709038182697	0.690188496858	0.544707588207	0.532624456259	0.724987916868	0.725954567424	0.757370710488	0.760753987434	0.81488641856	0.759787336878	0.772353794103	0.742387626873	0.765587240213	0.752054132431	0.753987433543	0.728854519091	0.713871435476	0.731754470759	0.787820202997	0.778153697438	0.817303044949	0.762687288545	0.8008699855	0.767520541324	0.767520541324	0.784436926051	0.7593040116	0.751087481875	0.758820686322	0.752537457709	0.745770903818	0.769453842436	0.74528757854	0.763653939101	0.77090381827	0.760753987434
AC7	0.625906234896	0.655389076849	0.882551957467	0.662155630739	0.744804253262	0.598840019333	0.715804736588	0.577090381827	0.552440792653	0.661188980184	0.595456742388	0.702271628806	0.666505558241	0.812953117448	0.709038182697	0.629772837119	0.588690188497	0.579507008217	0.816336394393	0.647655872402	0.0	0.35186080232	0.573707104882	0.564523924601	0.822136297728	0.597873368777	0.545674238763	0.510874818753	0.4813919768	0.507491541808	0.56935717738	0.557274045433	0.55775737071	0.600773320445	0.825036249396	0.743354277429	0.617689705172	0.655389076849	0.598356694055	0.718704688255	0.688255195747	0.730304494925	0.699855002417	0.646689221846	0.629772837119	0.630739487675	0.823586273562	0.756404059932	0.813436442726	0.785403576607	0.764137264379	0.785886901885	0.697438376027	0.685355244079	0.690671822136	0.69212179797	0.6805219913	0.783953600773	0.697438376027	0.765587240213	0.622522957951	0.761237312711
AC8	0.565973900435	0.565973900435	0.898501691638	0.617689705172	0.680038666022	0.532624456259	0.693571773804	0.503624939584	0.475592073465	0.593040115998	0.53939101015	0.634606089899	0.585790236829	0.822136297728	0.637022716288	0.565007249879	0.50700821653	0.496858385694	0.838569357177	0.656839052682	0.35186080232	0.0	0.492508458192	0.487191880135	0.83325277912	0.565490575157	0.398743354277	0.37506041566	0.441275978734	0.481875302078	0.523924601257	0.475108748188	0.478492025133	0.515224746254	0.744320927985	0.662155630739	0.540840985984	0.58337361044	0.532624456259	0.631706138231	0.60415659739	0.684388593523	0.64813919768	0.573223779604	0.55775737071	0.557274045433	0.742870952151	0.670855485742	0.73610439826	0.710488158531	0.681488641856	0.699855002417	0.608023199613	0.602223296278	0.608023199613	0.607539874335	0.595456742388	0.69212179797	0.615273078782	0.688738521025	0.539874335428	0.674238762687
AD7	0.589173513775	0.590623489609	0.952634122765	0.665538907685	0.737554374094	0.53020782987	0.696471725471	0.513291445143	0.494925084582	0.607056549058	0.459159014016	0.674722087965	0.590140164331	0.87723537941	0.642339294345	0.577573707105	0.495891735138	0.48622522958	0.945384243596	0.752054132431	0.573707104882	0.492508458192	0.0	0.281778637023	0.898501691638	0.537941034316	0.441759304012	0.466408893185	0.514258095698	0.576123731271	0.504108264862	0.479942000967	0.48380860319	0.547124214596	0.760270662156	0.684388593523	0.505074915418	0.61333977767	0.53697438376	0.649589173514	0.623972933784	0.733204446593	0.704688255196	0.608989850169	0.55775737071	0.564523924601	0.756404059932	0.686805219913	0.750120831319	0.721604639923	0.694055099082	0.709038182697	0.630256162397	0.61333977767	0.620589656839	0.620106331561	0.603673272112	0.709521507975	0.624456259062	0.699371677139	0.561623972934	0.687771870469
AD8	0.577090381827	0.586273562107	0.947800869986	0.652972450459	0.724021266312	0.521991300145	0.68970517158	0.501208313195	0.494925084582	0.597873368777	0.462058965684	0.65732237796	0.595940067666	0.873368777187	0.64813919768	0.574673755437	0.49299178347	0.48380860319	0.922184630256	0.730304494925	0.564523924601	0.487191880135	0.281778637023	0.0	0.854035766071	0.498308361527	0.429192846786	0.450942484292	0.482841952634	0.542774287095	0.497341710971	0.473175447076	0.479942000967	0.546640889319	0.753504108265	0.670855485742	0.493475108748	0.593040115998	0.527307878202	0.637989366844	0.608506524891	0.724987916868	0.691155147414	0.583856935718	0.559207346544	0.567907201547	0.747220879652	0.677138714355	0.744804253262	0.714838086032	0.684871918801	0.699855002417	0.620106331561	0.600289995167	0.60657322378	0.612373127115	0.607056549058	0.695021749638	0.618656355727	0.690671822136	0.558240695988	0.677622039633
AE7	0.834219429676	0.873368777187	0.847752537458	0.792653455776	0.834219429676	0.88883518608	0.917834702755	0.899468342194	0.89125181247	0.91203479942	0.918318028033	0.850652489125	0.887868535524	0.825519574674	0.904301594973	0.850652489125	0.875785403577	0.861285645239	0.734171097148	0.733204446593	0.822136297728	0.83325277912	0.898501691638	0.854035766071	0.0	0.536491058482	0.875302078299	0.852585790237	0.764620589657	0.771387143548	0.839052682455	0.839536007733	0.901884968584	0.906718221363	0.926051232479	0.91445142581	0.918318028033	0.903334944418	0.920251329145	0.880135331078	0.894635089415	0.875785403577	0.874335427743	0.881585306912	0.929917834703	0.925084581924	0.89125181247	0.896568390527	0.906234896085	0.897051715805	0.90961817303	0.898501691638	0.89125181247	0.893668438859	0.904784920251	0.889801836636	0.899951667472	0.890768487192	0.895601739971	0.910584823586	0.911551474142	0.919284678589
AE8	0.599806669889	0.623006283229	0.895118414693	0.656355727405	0.708071532141	0.597390043499	0.68970517158	0.612856452392	0.606089898502	0.631222812953	0.631222812953	0.640405993233	0.633156114065	0.82165297245	0.697921701305	0.601256645723	0.617206379894	0.596906718221	0.82406959884	0.642822619623	0.597873368777	0.565490575157	0.537941034316	0.498308361527	0.536491058482	0.0	0.582406959884	0.563073948768	0.527307878202	0.535041082649	0.587723537941	0.57177380377	0.619139681005	0.625422909618	0.775253745771	0.698405026583	0.635089415176	0.619623006283	0.634122764621	0.64813919768	0.647655872402	0.701788303528	0.680038666022	0.604639922668	0.640405993233	0.640889318511	0.763653939101	0.708071532141	0.764137264379	0.721121314645	0.717254712421	0.730787820203	0.665055582407	0.63653939101	0.653939101015	0.650072498792	0.656355727405	0.719671338811	0.672788786854	0.710004833253	0.622039632673	0.700821652972
AF7	0.568390526825	0.538907684872	0.934267762204	0.65055582407	0.65973900435	0.491058482359	0.697921701305	0.450942484292	0.439342677622	0.585790236829	0.449975833736	0.601256645723	0.533591106815	0.85886901885	0.630256162397	0.561140647656	0.436926051232	0.426776220396	0.897051715805	0.709038182697	0.545674238763	0.398743354277	0.441759304012	0.429192846786	0.875302078299	0.582406959884	0.0	0.318994683422	0.482841952634	0.535524407927	0.482358627356	0.459642339294	0.412759787337	0.467858869019	0.700338327695	0.61575640406	0.453842435959	0.552924117931	0.478975350411	0.60657322378	0.543740937651	0.708554857419	0.668438859352	0.53697438376	0.514741420976	0.515708071532	0.679555340744	0.612373127115	0.687771870469	0.658289028516	0.626389560174	0.6389560174	0.554857419043	0.54857419043	0.54857419043	0.550024166264	0.559207346544	0.633156114065	0.574673755437	0.639439342678	0.486708554857	0.614789753504
AF8	0.555340744321	0.540840985984	0.927017883035	0.637506041566	0.679072015466	0.51377477042	0.69212179797	0.466408893185	0.466892218463	0.579507008217	0.501691638473	0.617206379894	0.556790720155	0.849685838569	0.631706138231	0.54857419043	0.463992266796	0.450459159014	0.874335427743	0.690188496858	0.510874818753	0.37506041566	0.466408893185	0.450942484292	0.852585790237	0.563073948768	0.318994683422	0.0	0.457225712905	0.50459159014	0.506041565974	0.447559207347	0.437892701788	0.499275012083	0.717738037699	0.6389560174	0.499275012083	0.558724021266	0.512808119865	0.601739971	0.563073948768	0.69212179797	0.648622522958	0.543740937651	0.537941034316	0.541324311261	0.695021749638	0.631706138231	0.707588206863	0.676655389077	0.642822619623	0.652972450459	0.575640405993	0.56259062349	0.568390526825	0.57177380377	0.558240695988	0.651522474625	0.570323827936	0.656839052682	0.502658289029	0.637022716288
AG7	0.592073465442	0.600289995167	0.851135814403	0.574673755437	0.684388593523	0.546157564041	0.68293861769	0.512808119865	0.503624939584	0.596423392943	0.542290961817	0.635572740454	0.612373127115	0.770420492992	0.67133881102	0.579023682939	0.534074432093	0.520541324311	0.752054132431	0.544707588207	0.4813919768	0.441275978734	0.514258095698	0.482841952634	0.764620589657	0.527307878202	0.482841952634	0.457225712905	0.0	0.326727887869	0.537457709038	0.507974867086	0.513291445143	0.567907201547	0.760753987434	0.669405509908	0.542290961817	0.588690188497	0.561623972934	0.645239246013	0.622039632673	0.68293861769	0.653939101015	0.576123731271	0.595456742388	0.59497341711	0.753987433543	0.679555340744	0.73852102465	0.71532141131	0.683905268246	0.712421459642	0.631222812953	0.612373127115	0.622039632673	0.625422909618	0.637989366844	0.705171580474	0.650072498792	0.68970517158	0.587240212663	0.676655389077
AG8	0.596423392943	0.61333977767	0.836152730788	0.586756887385	0.698888351861	0.582890285162	0.680038666022	0.56259062349	0.552924117931	0.599806669889	0.607539874335	0.655389076849	0.62493958434	0.746254229096	0.679072015466	0.594006766554	0.597873368777	0.582406959884	0.712421459642	0.532624456259	0.507491541808	0.481875302078	0.576123731271	0.542774287095	0.771387143548	0.535041082649	0.535524407927	0.50459159014	0.326727887869	0.0	0.582406959884	0.562107298212	0.573223779604	0.591106814886	0.774287095215	0.685838569357	0.587240212663	0.591106814886	0.594490091832	0.651039149348	0.62735621073	0.683905268246	0.657805703238	0.59255679072	0.610923151281	0.612373127115	0.760270662156	0.688255195747	0.748187530208	0.719188013533	0.70372160464	0.716771387144	0.647172547124	0.626389560174	0.633639439343	0.638472692122	0.64572257129	0.707588206863	0.664088931851	0.69453842436	0.600773320445	0.689221846303
AH7	0.589656839053	0.630256162397	0.947800869986	0.69212179797	0.714838086032	0.573707104882	0.720154664089	0.553890768487	0.552924117931	0.639922667956	0.531657805703	0.660705654906	0.626389560174	0.880135331078	0.689221846303	0.587723537941	0.514258095698	0.479458675689	0.87723537941	0.724987916868	0.56935717738	0.523924601257	0.504108264862	0.497341710971	0.839052682455	0.587723537941	0.482358627356	0.506041565974	0.537457709038	0.582406959884	0.0	0.333011116481	0.556790720155	0.608023199613	0.782986950217	0.719671338811	0.552440792653	0.656839052682	0.595940067666	0.657805703238	0.64813919768	0.767037216046	0.740937651039	0.64813919768	0.626872885452	0.626872885452	0.761237312711	0.706621556307	0.768003866602	0.728371193813	0.712421459642	0.727404543258	0.636056065732	0.632672788787	0.62735621073	0.634606089899	0.623972933784	0.725954567424	0.639439342678	0.70372160464	0.598840019333	0.724987916868
AH8	0.555824069599	0.565973900435	0.948284195263	0.652005799903	0.669888835186	0.522474625423	0.690188496858	0.50459159014	0.501208313195	0.591590140164	0.510391493475	0.611889801837	0.559690671822	0.86805219913	0.632189463509	0.547124214596	0.408409859836	0.382310294828	0.886418559691	0.725954567424	0.557274045433	0.475108748188	0.479942000967	0.473175447076	0.839536007733	0.57177380377	0.459642339294	0.447559207347	0.507974867086	0.562107298212	0.333011116481	0.0	0.489125181247	0.540357660706	0.744804253262	0.673272112131	0.5186080232	0.594006766554	0.53939101015	0.608023199613	0.590623489609	0.728854519091	0.687288545191	0.596906718221	0.574190430159	0.565007249879	0.699371677139	0.647172547124	0.725954567424	0.674722087965	0.651522474625	0.665055582407	0.579507008217	0.578057032383	0.579023682939	0.576123731271	0.566940550991	0.656355727405	0.585790236829	0.664572257129	0.548090865152	0.664572257129
AA5	0.582406959884	0.502174963751	0.95360077332	0.647172547124	0.612856452392	0.450459159014	0.623489608507	0.405509908168	0.406959884002	0.528757854036	0.443209279845	0.550024166264	0.520541324311	0.873368777187	0.54857419043	0.547607539874	0.427742870952	0.425809569841	0.927017883035	0.757370710488	0.55775737071	0.478492025133	0.48380860319	0.479942000967	0.901884968584	0.619139681005	0.412759787337	0.437892701788	0.513291445143	0.573223779604	0.556790720155	0.489125181247	0.0	0.346060898985	0.684388593523	0.593523441276	0.450459159014	0.461575640406	0.455775737071	0.544707588207	0.488641855969	0.629289511841	0.586756887385	0.469308844853	0.508458192363	0.493958434026	0.698405026583	0.634606089899	0.679555340744	0.65973900435	0.654422426293	0.670855485742	0.547607539874	0.56259062349	0.57177380377	0.562107298212	0.539874335428	0.654905751571	0.566457225713	0.632672788787	0.503141614306	0.630739487675
AA6	0.594006766554	0.516674722088	0.956984050266	0.660705654906	0.642822619623	0.475108748188	0.654905751571	0.461092315128	0.457709038183	0.556307394877	0.506041565974	0.582890285162	0.523441275979	0.878202029966	0.579507008217	0.560657322378	0.476075398743	0.482358627356	0.933301111648	0.760753987434	0.600773320445	0.515224746254	0.547124214596	0.546640889319	0.906718221363	0.625422909618	0.467858869019	0.499275012083	0.567907201547	0.591106814886	0.608023199613	0.540357660706	0.346060898985	0.0	0.677622039633	0.583856935718	0.509424842919	0.505558240696	0.478008699855	0.577573707105	0.506041565974	0.674722087965	0.625422909618	0.512808119865	0.444175930401	0.427259545674	0.691638472692	0.629289511841	0.678105364911	0.656839052682	0.643789270179	0.656355727405	0.553890768487	0.554374093765	0.561623972934	0.553407443209	0.550024166264	0.642822619623	0.57177380377	0.631706138231	0.510874818753	0.625906234896
AB5	0.751087481875	0.67133881102	0.967133881102	0.731271145481	0.611889801837	0.651039149348	0.741904301595	0.65055582407	0.668438859352	0.700821652972	0.681005316578	0.611406476559	0.672788786854	0.897051715805	0.719188013533	0.709038182697	0.699371677139	0.704688255196	0.938134364427	0.81488641856	0.825036249396	0.744320927985	0.760270662156	0.753504108265	0.926051232479	0.775253745771	0.700338327695	0.717738037699	0.760753987434	0.774287095215	0.782986950217	0.744804253262	0.684388593523	0.677622039633	0.0	0.323827936201	0.62493958434	0.669405509908	0.637506041566	0.631706138231	0.603189946834	0.744804253262	0.727404543258	0.651039149348	0.625906234896	0.621072982117	0.619139681005	0.610439826003	0.621072982117	0.602706621556	0.623006283229	0.611406476559	0.600773320445	0.60657322378	0.610923151281	0.621556307395	0.663122281295	0.595940067666	0.662155630739	0.607056549058	0.675688738521	0.610439826003
AB6	0.668438859352	0.594006766554	0.960367327211	0.680038666022	0.581440309328	0.573223779604	0.674722087965	0.566457225713	0.590623489609	0.623489608507	0.612856452392	0.534557757371	0.606089898502	0.885935234413	0.651039149348	0.630256162397	0.629772837119	0.634122764621	0.930401159981	0.759787336878	0.743354277429	0.662155630739	0.684388593523	0.670855485742	0.91445142581	0.698405026583	0.61575640406	0.6389560174	0.669405509908	0.685838569357	0.719671338811	0.673272112131	0.593523441276	0.583856935718	0.323827936201	0.0	0.56259062349	0.587723537941	0.565007249879	0.576123731271	0.541324311261	0.684388593523	0.651039149348	0.544707588207	0.547607539874	0.541324311261	0.606089898502	0.550024166264	0.59497341711	0.561140647656	0.558240695988	0.576607056549	0.533591106815	0.544224262929	0.549540840986	0.555824069599	0.591590140164	0.553407443209	0.591590140164	0.55099081682	0.614789753504	0.538424359594
AC5	0.604639922668	0.565973900435	0.970033832769	0.665055582407	0.621556307395	0.467375543741	0.67133881102	0.441275978734	0.442725954567	0.569840502658	0.412759787337	0.554857419043	0.53697438376	0.884485258579	0.628806186564	0.579990333494	0.46979217013	0.458675688739	0.951667472209	0.772353794103	0.617689705172	0.540840985984	0.505074915418	0.493475108748	0.918318028033	0.635089415176	0.453842435959	0.499275012083	0.542290961817	0.587240212663	0.552440792653	0.5186080232	0.450459159014	0.509424842919	0.62493958434	0.56259062349	0.0	0.446109231513	0.440309328178	0.573707104882	0.530691155147	0.718221362977	0.665538907685	0.534557757371	0.462058965684	0.475108748188	0.603673272112	0.561140647656	0.629289511841	0.582406959884	0.56935717738	0.581923634606	0.504108264862	0.48380860319	0.494441759304	0.500241662639	0.572740454326	0.574190430159	0.588206863219	0.551957467376	0.517641372644	0.553407443209
AC6	0.625422909618	0.50700821653	0.947317544708	0.651522474625	0.585306911551	0.510391493475	0.549057515708	0.476075398743	0.525857902368	0.464475592073	0.55099081682	0.528274528758	0.542774287095	0.859352344128	0.545190913485	0.570807153214	0.5601739971	0.565973900435	0.921701304978	0.742387626873	0.655389076849	0.58337361044	0.61333977767	0.593040115998	0.903334944418	0.619623006283	0.552924117931	0.558724021266	0.588690188497	0.591106814886	0.656839052682	0.594006766554	0.461575640406	0.505558240696	0.669405509908	0.587723537941	0.446109231513	0.0	0.528757854036	0.509908168197	0.512324794587	0.509424842919	0.455292411793	0.413243112615	0.554857419043	0.551474142098	0.675688738521	0.630739487675	0.669888835186	0.639439342678	0.644755920735	0.658289028516	0.579507008217	0.567907201547	0.579990333494	0.576123731271	0.565007249879	0.648622522958	0.577090381827	0.617206379894	0.555340744321	0.625422909618
AD6	0.596906718221	0.53697438376	0.968583856936	0.642339294345	0.600773320445	0.429192846786	0.632189463509	0.430159497342	0.420976317061	0.551957467376	0.44224262929	0.532624456259	0.528757854036	0.884485258579	0.604639922668	0.561140647656	0.47462542291	0.474142097632	0.950700821653	0.765587240213	0.598356694055	0.532624456259	0.53697438376	0.527307878202	0.920251329145	0.634122764621	0.478975350411	0.512808119865	0.561623972934	0.594490091832	0.595940067666	0.53939101015	0.455775737071	0.478008699855	0.637506041566	0.565007249879	0.440309328178	0.528757854036	0.0	0.553407443209	0.431126147898	0.708071532141	0.663605606573	0.536491058482	0.46060898985	0.464958917351	0.617206379894	0.561140647656	0.609473175447	0.572740454326	0.574673755437	0.591106814886	0.491058482359	0.479458675689	0.488158530691	0.4813919768	0.547124214596	0.578057032383	0.555824069599	0.565490575157	0.464475592073	0.554857419043
AE5	0.619623006283	0.523441275979	0.968583856936	0.648622522958	0.563073948768	0.543257612373	0.574190430159	0.543257612373	0.594490091832	0.52537457709	0.61333977767	0.520057999033	0.566457225713	0.878685355244	0.549540840986	0.565007249879	0.601256645723	0.594490091832	0.929434509425	0.752054132431	0.718704688255	0.631706138231	0.649589173514	0.637989366844	0.880135331078	0.64813919768	0.60657322378	0.601739971	0.645239246013	0.651039149348	0.657805703238	0.608023199613	0.544707588207	0.577573707105	0.631706138231	0.576123731271	0.573707104882	0.509908168197	0.553407443209	0.0	0.361527307878	0.605123247946	0.569840502658	0.506524891252	0.61575640406	0.614306428226	0.655872402127	0.606089898502	0.644755920735	0.61333977767	0.628322861286	0.644755920735	0.540357660706	0.563557274045	0.59255679072	0.553890768487	0.545674238763	0.625906234896	0.552924117931	0.60415659739	0.567423876269	0.611406476559
AE6	0.602223296278	0.490575157081	0.968583856936	0.639922667956	0.55775737071	0.485258579024	0.574673755437	0.468825519575	0.52537457709	0.534557757371	0.545674238763	0.509424842919	0.514258095698	0.878685355244	0.559690671822	0.545190913485	0.543740937651	0.543740937651	0.933784436926	0.753987433543	0.688255195747	0.60415659739	0.623972933784	0.608506524891	0.894635089415	0.647655872402	0.543740937651	0.563073948768	0.622039632673	0.62735621073	0.64813919768	0.590623489609	0.488641855969	0.506041565974	0.603189946834	0.541324311261	0.530691155147	0.512324794587	0.431126147898	0.361527307878	0.0	0.654905751571	0.614789753504	0.494441759304	0.537457709038	0.535041082649	0.624456259062	0.561623972934	0.604639922668	0.577090381827	0.595456742388	0.608023199613	0.493475108748	0.492025132914	0.515224746254	0.491058482359	0.514741420976	0.586273562107	0.53020782987	0.561623972934	0.50700821653	0.565973900435
AF5	0.717738037699	0.626872885452	0.929917834703	0.686805219913	0.661672305462	0.685838569357	0.568390526825	0.653939101015	0.69453842436	0.590140164331	0.72692121798	0.632672788787	0.688255195747	0.848719188014	0.614789753504	0.680038666022	0.72450459159	0.731271145481	0.882068632189	0.728854519091	0.730304494925	0.684388593523	0.733204446593	0.724987916868	0.875785403577	0.701788303528	0.708554857419	0.69212179797	0.68293861769	0.683905268246	0.767037216046	0.728854519091	0.629289511841	0.674722087965	0.744804253262	0.684388593523	0.718221362977	0.509424842919	0.708071532141	0.605123247946	0.654905751571	0.0	0.278878685355	0.55099081682	0.734171097148	0.720154664089	0.764620589657	0.727404543258	0.753987433543	0.717254712421	0.745770903818	0.749154180764	0.70372160464	0.724987916868	0.737554374094	0.716288061866	0.6805219913	0.73610439826	0.686321894635	0.711938134364	0.718704688255	0.727887868536
AF6	0.696955050749	0.588690188497	0.931851135814	0.664572257129	0.634606089899	0.639439342678	0.54857419043	0.611889801837	0.649589173514	0.552440792653	0.681488641856	0.599323344611	0.637022716288	0.846302561624	0.572740454326	0.660222329628	0.681488641856	0.687288545191	0.882068632189	0.713871435476	0.699855002417	0.64813919768	0.704688255196	0.691155147414	0.874335427743	0.680038666022	0.668438859352	0.648622522958	0.653939101015	0.657805703238	0.740937651039	0.687288545191	0.586756887385	0.625422909618	0.727404543258	0.651039149348	0.665538907685	0.455292411793	0.663605606573	0.569840502658	0.614789753504	0.278878685355	0.0	0.507491541808	0.687771870469	0.674238762687	0.741420976317	0.697921701305	0.725471242146	0.69212179797	0.698405026583	0.722087965201	0.662155630739	0.686321894635	0.696955050749	0.677622039633	0.635572740454	0.711454809087	0.640405993233	0.6805219913	0.681488641856	0.694055099082
