	AA3	AA4	AB3	AB4	AC3	AC4	AD3	AD4	AE3	AE4	AF3	AF4	AG3	AG4	AH3	AH4	AA7	AA8	AB7	AB8	AC7	AC8	AD7	AD8	AE7	AE8	AF7	AF8	AG7	AG8	AH7	AH8	AA5	AA6	AB5	AB6	AC5	AC6	AD6	AE5	AE6	AF5	AF6	AG5	AH5	AH6	AA1	AA2	AB1	AB2	AC1	AC2	AD1	AD2	AE1	AE2	AF1	AF2	AG1	AG2	AH1	AH2
AA3	0.0	0.476075398743	0.929434509425	0.635089415176	0.652489125181	0.598840019333	0.680038666022	0.574673755437	0.566457225713	0.627839536008	0.614789753504	0.625906234896	0.586756887385	0.839536007733	0.670855485742	0.3194780087	0.563557274045	0.559690671822	0.86805219913	0.706621556307	0.599806669889	0.553890768487	0.591590140164	0.573707104882	0.816336394393	0.582406959884	0.570323827936	0.556790720155	0.585306911551	0.590140164331	0.590623489609	0.563557274045	0.586756887385	0.593040115998	0.750604156597	0.695021749638	0.613823102948	0.612373127115	0.601739971	0.640405993233	0.613823102948	0.707104881585	0.698405026583	0.626872885452	0.629289511841	0.620106331561	0.686321894635	0.647655872402	0.723537941034	0.682455292412	0.669405509908	0.673755437409	0.594006766554	0.571290478492	0.58095698405	0.579990333494	0.580473658772	0.675688738521	0.582890285162	0.660222329628	0.58337361044	0.661188980184
AA4	0.476075398743	0.0	0.951667472209	0.582890285162	0.56935717738	0.517641372644	0.585790236829	0.490091831803	0.526824552924	0.516674722088	0.576607056549	0.510391493475	0.508458192363	0.850652489125	0.395360077332	0.36346060899	0.55099081682	0.546157564041	0.891735137748	0.724021266312	0.662638956017	0.581440309328	0.59255679072	0.568390526825	0.873368777187	0.621072982117	0.553407443209	0.564040599323	0.585790236829	0.605606573224	0.618173030449	0.566940550991	0.526824552924	0.535524407927	0.674722087965	0.598356694055	0.582406959884	0.521024649589	0.543740937651	0.521991300145	0.489125181247	0.630739487675	0.591590140164	0.525857902368	0.590623489609	0.587240212663	0.652005799903	0.595456742388	0.654422426293	0.623006283229	0.610923151281	0.636056065732	0.528757854036	0.52537457709	0.531174480425	0.524891251812	0.501208313195	0.63653939101	0.501208313195	0.600773320445	0.528274528758	0.585790236829
AB3	0.929434509425	0.951667472209	0.0	0.69212179797	0.908168197197	0.960850652489	0.9584340261	0.942967617206	0.929917834703	0.948767520541	0.970517158047	0.939584340261	0.965683905268	0.349927501208	0.958917351377	0.935717738038	0.970517158047	0.961333977767	0.735621072982	0.73852102465	0.888351860802	0.898985016916	0.955050749154	0.947800869986	0.848235862736	0.890768487192	0.944900918318	0.925567907202	0.840985983567	0.816819719671	0.947317544708	0.94683421943	0.956984050266	0.961333977767	0.972933784437	0.96761720638	0.972933784437	0.952150797487	0.973900434993	0.971967133881	0.971483808603	0.933301111648	0.938134364427	0.949250845819	0.972450459159	0.971967133881	0.973417109715	0.971000483325	0.967133881102	0.971483808603	0.973900434993	0.971967133881	0.973900434993	0.973417109715	0.975833736104	0.972933784437	0.971967133881	0.972933784437	0.971483808603	0.972450459159	0.972450459159	0.971967133881
AB4	0.635089415176	0.582890285162	0.69212179797	0.0	0.628806186564	0.611889801837	0.68970517158	0.610439826003	0.607539874335	0.624456259062	0.642339294345	0.611889801837	0.500241662639	0.573707104882	0.613823102948	0.589173513775	0.63653939101	0.630739487675	0.735621072982	0.553890768487	0.652489125181	0.605606573224	0.661188980184	0.633639439343	0.805219913001	0.644755920735	0.637506041566	0.630256162397	0.541324311261	0.562107298212	0.686321894635	0.644272595457	0.629772837119	0.6389560174	0.718704688255	0.673272112131	0.652005799903	0.629289511841	0.62735621073	0.635572740454	0.623489608507	0.676655389077	0.660705654906	0.624456259062	0.672305461576	0.664572257129	0.70372160464	0.674722087965	0.707104881585	0.685838569357	0.674722087965	0.689221846303	0.629289511841	0.635089415176	0.64572257129	0.631706138231	0.640889318511	0.69212179797	0.635572740454	0.665538907685	0.638472692122	0.668438859352
AC3	0.652489125181	0.56935717738	0.908168197197	0.628806186564	0.0	0.486708554857	0.642822619623	0.533107781537	0.546157564041	0.586273562107	0.618173030449	0.330594490092	0.600773320445	0.819719671339	0.580473658772	0.590623489609	0.620106331561	0.603673272112	0.871918801353	0.737071048816	0.716771387144	0.65973900435	0.715804736588	0.691155147414	0.826969550507	0.691638472692	0.652972450459	0.673272112131	0.653455775737	0.66892218463	0.700821652972	0.660222329628	0.605606573224	0.621072982117	0.629772837119	0.573223779604	0.619623006283	0.582406959884	0.585790236829	0.554374093765	0.553407443209	0.661672305462	0.628322861286	0.562107298212	0.635572740454	0.642822619623	0.60415659739	0.581440309328	0.596423392943	0.573223779604	0.607539874335	0.584823586274	0.543257612373	0.574190430159	0.582890285162	0.561140647656	0.603673272112	0.584340260996	0.608506524891	0.577090381827	0.61575640406	0.599323344611
AC4	0.598840019333	0.517641372644	0.960850652489	0.611889801837	0.486708554857	0.0	0.620106331561	0.40744320928	0.411793136781	0.517158047366	0.347510874819	0.406476558724	0.513291445143	0.869985500242	0.573223779604	0.555340744321	0.46979217013	0.457709038183	0.941034316095	0.760753987434	0.603189946834	0.532624456259	0.538907684872	0.51377477042	0.904301594973	0.610923151281	0.50700821653	0.535041082649	0.535524407927	0.580473658772	0.586756887385	0.526341227646	0.457709038183	0.454809086515	0.623972933784	0.550024166264	0.457709038183	0.499275012083	0.408893185114	0.547124214596	0.480425326245	0.684871918801	0.636056065732	0.507491541808	0.482841952634	0.484291928468	0.625906234896	0.573223779604	0.599806669889	0.582890285162	0.579990333494	0.60415659739	0.48622522958	0.495891735138	0.50700821653	0.501691638473	0.53697438376	0.604639922668	0.534557757371	0.568390526825	0.476075398743	0.564523924601
AD3	0.680038666022	0.585790236829	0.9584340261	0.68970517158	0.642822619623	0.620106331561	0.0	0.533591106815	0.649589173514	0.350894151764	0.682455292412	0.600289995167	0.649589173514	0.867085548574	0.589656839053	0.637989366844	0.692605123248	0.690188496858	0.936201063316	0.763170613823	0.718221362977	0.698405026583	0.706138231029	0.696471725471	0.91445142581	0.695505074915	0.695021749638	0.701788303528	0.691638472692	0.693088448526	0.72450459159	0.691638472692	0.634122764621	0.655872402127	0.739004349928	0.667955534074	0.686321894635	0.550507491542	0.6389560174	0.590623489609	0.56259062349	0.557274045433	0.546640889319	0.558240695988	0.703238279362	0.70130497825	0.768003866602	0.707588206863	0.744320927985	0.724021266312	0.713871435476	0.732237796037	0.661188980184	0.669888835186	0.674722087965	0.669888835186	0.636056065732	0.73368777187	0.637022716288	0.71532141131	0.691155147414	0.706621556307
AD4	0.574673755437	0.490091831803	0.942967617206	0.610439826003	0.533107781537	0.40744320928	0.533591106815	0.0	0.302078298695	0.397293378444	0.433542774287	0.482358627356	0.513291445143	0.851135814403	0.539874335428	0.519574673755	0.456259062349	0.448042532624	0.93281778637	0.757370710488	0.577573707105	0.498791686805	0.502658289029	0.482841952634	0.905268245529	0.612373127115	0.456742387627	0.477525374577	0.505558240696	0.581440309328	0.553407443209	0.494925084582	0.390526824553	0.430159497342	0.642822619623	0.556307394877	0.444659255679	0.46302561624	0.437892701788	0.538907684872	0.465925567907	0.633156114065	0.596423392943	0.477525374577	0.493475108748	0.491541807637	0.656355727405	0.597390043499	0.63653939101	0.620589656839	0.608506524891	0.632672788787	0.511358144031	0.520541324311	0.524891251812	0.519091348478	0.515224746254	0.630256162397	0.528274528758	0.599806669889	0.489125181247	0.593040115998
AE3	0.566457225713	0.526824552924	0.929917834703	0.607539874335	0.546157564041	0.411793136781	0.649589173514	0.302078298695	0.0	0.513291445143	0.404059932334	0.509424842919	0.519091348478	0.846785886902	0.577090381827	0.53697438376	0.438376027066	0.416143064282	0.926534557757	0.750604156597	0.549540840986	0.473658772354	0.482358627356	0.46302561624	0.890285161914	0.598840019333	0.445142580957	0.467375543741	0.487675205413	0.564523924601	0.533107781537	0.481875302078	0.396810053166	0.448042532624	0.662638956017	0.594006766554	0.438859352344	0.5186080232	0.450942484292	0.594006766554	0.519091348478	0.689221846303	0.653455775737	0.527307878202	0.494441759304	0.484775253746	0.65732237796	0.602223296278	0.641372643789	0.631222812953	0.610439826003	0.642339294345	0.523441275979	0.536007733204	0.537457709038	0.535524407927	0.53939101015	0.642822619623	0.548090865152	0.602706621556	0.484775253746	0.601739971
AE4	0.627839536008	0.516674722088	0.948767520541	0.624456259062	0.586273562107	0.517158047366	0.350894151764	0.397293378444	0.513291445143	0.0	0.577573707105	0.541324311261	0.576123731271	0.85645239246	0.551474142098	0.570807153214	0.58337361044	0.585306911551	0.93523441276	0.757370710488	0.649589173514	0.587240212663	0.605606573224	0.589173513775	0.906718221363	0.632189463509	0.580473658772	0.586756887385	0.579990333494	0.596906718221	0.640889318511	0.589173513775	0.520541324311	0.545190913485	0.696955050749	0.614789753504	0.577090381827	0.465442242629	0.545190913485	0.528274528758	0.484775253746	0.584823586274	0.556307394877	0.499275012083	0.597873368777	0.597873368777	0.716771387144	0.657805703238	0.704204929918	0.688738521025	0.670855485742	0.692605123248	0.602706621556	0.603673272112	0.600773320445	0.609956500725	0.567907201547	0.690671822136	0.579507008217	0.667955534074	0.584823586274	0.65732237796
AF3	0.614789753504	0.576607056549	0.970517158047	0.642339294345	0.618173030449	0.347510874819	0.682455292412	0.433542774287	0.404059932334	0.577573707105	0.0	0.533107781537	0.544224262929	0.8796520058	0.625906234896	0.593040115998	0.437892701788	0.431126147898	0.957467375544	0.776703721605	0.593040115998	0.538424359594	0.457225712905	0.425326244563	0.916384726921	0.622522957951	0.449492508458	0.506041565974	0.535041082649	0.600289995167	0.533107781537	0.507974867086	0.436442725955	0.49299178347	0.670372160464	0.621072982117	0.435476075399	0.545674238763	0.453842435959	0.61575640406	0.544707588207	0.727887868536	0.683905268246	0.549540840986	0.50700821653	0.509424842919	0.66892218463	0.605606573224	0.662155630739	0.634606089899	0.621556307395	0.64572257129	0.546640889319	0.532141130981	0.539874335428	0.538907684872	0.579023682939	0.65055582407	0.570323827936	0.610439826003	0.502174963751	0.602223296278
AF4	0.625906234896	0.510391493475	0.939584340261	0.611889801837	0.330594490092	0.406476558724	0.600289995167	0.482358627356	0.509424842919	0.541324311261	0.533107781537	0.0	0.549540840986	0.847752537458	0.537457709038	0.550024166264	0.569840502658	0.553890768487	0.896568390527	0.728854519091	0.700821652972	0.631706138231	0.659255679072	0.633639439343	0.855002416626	0.641855969067	0.601256645723	0.626872885452	0.625906234896	0.644755920735	0.653455775737	0.614306428226	0.549540840986	0.568390526825	0.610439826003	0.525857902368	0.559690671822	0.529724504592	0.512808119865	0.508941517641	0.502658289029	0.629289511841	0.594490091832	0.514258095698	0.576607056549	0.574190430159	0.587723537941	0.534557757371	0.583856935718	0.542290961817	0.551957467376	0.567423876269	0.4813919768	0.509424842919	0.52779120348	0.506524891252	0.558724021266	0.570323827936	0.558240695988	0.53939101015	0.554857419043	0.53939101015
AG3	0.586756887385	0.508458192363	0.965683905268	0.500241662639	0.600773320445	0.513291445143	0.649589173514	0.513291445143	0.519091348478	0.576123731271	0.544224262929	0.549540840986	0.0	0.844369260512	0.532624456259	0.531657805703	0.512324794587	0.49540840986	0.936201063316	0.763170613823	0.672305461576	0.59255679072	0.600773320445	0.574673755437	0.886901884969	0.644272595457	0.535524407927	0.585790236829	0.596906718221	0.630256162397	0.633639439343	0.577573707105	0.523924601257	0.5186080232	0.662638956017	0.610439826003	0.545190913485	0.557274045433	0.519091348478	0.569840502658	0.523441275979	0.681005316578	0.644272595457	0.53939101015	0.569840502658	0.568873852102	0.621072982117	0.580473658772	0.625906234896	0.610923151281	0.588690188497	0.603673272112	0.515708071532	0.531174480425	0.536007733204	0.528757854036	0.534557757371	0.618656355727	0.549057515708	0.594490091832	0.505558240696	0.568390526825
AG4	0.839536007733	0.850652489125	0.349927501208	0.573707104882	0.819719671339	0.869985500242	0.867085548574	0.851135814403	0.846785886902	0.85645239246	0.8796520058	0.847752537458	0.844369260512	0.0	0.863218946351	0.840019333011	0.887385210246	0.882068632189	0.707104881585	0.665538907685	0.817786370227	0.821169647173	0.878202029966	0.867568873852	0.820202996617	0.809569840503	0.862735621073	0.843402609957	0.762203963267	0.724987916868	0.878685355244	0.868535524408	0.873852102465	0.874818753021	0.897051715805	0.887868535524	0.884968583857	0.856935717738	0.881585306912	0.879168680522	0.879168680522	0.84485258579	0.853069115515	0.864668922185	0.88883518608	0.887868535524	0.880618656356	0.882551957467	0.880618656356	0.879168680522	0.88883518608	0.882551957467	0.887868535524	0.886418559691	0.89125181247	0.889318511358	0.885935234413	0.882551957467	0.881585306912	0.880135331078	0.885935234413	0.885935234413
AH3	0.670855485742	0.395360077332	0.958917351377	0.613823102948	0.580473658772	0.573223779604	0.589656839053	0.539874335428	0.577090381827	0.551474142098	0.625906234896	0.537457709038	0.532624456259	0.863218946351	0.0	0.545674238763	0.609956500725	0.604639922668	0.924601256646	0.755920734654	0.725471242146	0.649589173514	0.658772353794	0.643789270179	0.895601739971	0.706621556307	0.615273078782	0.654905751571	0.664088931851	0.686805219913	0.702754954084	0.648622522958	0.554374093765	0.581923634606	0.689221846303	0.615273078782	0.641855969067	0.547124214596	0.59497341711	0.551474142098	0.537457709038	0.602706621556	0.562107298212	0.559690671822	0.646205896568	0.639439342678	0.683905268246	0.619623006283	0.654422426293	0.64813919768	0.649105848236	0.654905751571	0.592073465442	0.608989850169	0.600289995167	0.593523441276	0.566457225713	0.653455775737	0.576607056549	0.625906234896	0.581923634606	0.623006283229
AH4	0.3194780087	0.36346060899	0.935717738038	0.589173513775	0.590623489609	0.555340744321	0.637989366844	0.519574673755	0.53697438376	0.570807153214	0.593040115998	0.550024166264	0.531657805703	0.840019333011	0.545674238763	0.0	0.543740937651	0.54857419043	0.873852102465	0.709521507975	0.639439342678	0.565007249879	0.578540357661	0.566457225713	0.836152730788	0.600773320445	0.549540840986	0.551957467376	0.575157080715	0.591106814886	0.594006766554	0.544224262929	0.547607539874	0.549057515708	0.695505074915	0.630256162397	0.585790236829	0.568873852102	0.55775737071	0.568873852102	0.54857419043	0.674722087965	0.647655872402	0.57177380377	0.60657322378	0.596423392943	0.655389076849	0.602223296278	0.670372160464	0.632189463509	0.622039632673	0.6389560174	0.540840985984	0.536007733204	0.551474142098	0.533591106815	0.515224746254	0.639439342678	0.526824552924	0.607056549058	0.54857419043	0.610923151281
AA7	0.563557274045	0.55099081682	0.970517158047	0.63653939101	0.620106331561	0.46979217013	0.692605123248	0.456259062349	0.438376027066	0.58337361044	0.437892701788	0.569840502658	0.512324794587	0.887385210246	0.609956500725	0.543740937651	0.0	0.284195263412	0.928467858869	0.759787336878	0.581923634606	0.501208313195	0.476075398743	0.458192363461	0.872885451909	0.601739971	0.427259545674	0.463508941518	0.521024649589	0.585306911551	0.509908168197	0.407926534558	0.413726437893	0.463992266796	0.702271628806	0.654422426293	0.47220879652	0.541807636539	0.489608506525	0.599806669889	0.540840985984	0.726437892702	0.684388593523	0.574190430159	0.533107781537	0.527307878202	0.666988883519	0.610923151281	0.680038666022	0.641855969067	0.61575640406	0.637022716288	0.538424359594	0.534557757371	0.536491058482	0.535041082649	0.517158047366	0.6389560174	0.534557757371	0.621072982117	0.482358627356	0.609473175447
AA8	0.559690671822	0.546157564041	0.961333977767	0.630739487675	0.603673272112	0.457709038183	0.690188496858	0.448042532624	0.416143064282	0.585306911551	0.431126147898	0.553890768487	0.49540840986	0.882068632189	0.604639922668	0.54857419043	0.284195263412	0.0	0.922184630256	0.747220879652	0.565007249879	0.479942000967	0.466892218463	0.448042532624	0.857902368294	0.582406959884	0.423876268729	0.458675688739	0.507491541808	0.579023682939	0.479942000967	0.366843885935	0.406476558724	0.467375543741	0.700821652972	0.65055582407	0.466892218463	0.550507491542	0.473175447076	0.602706621556	0.536007733204	0.73368777187	0.68970517158	0.565973900435	0.523924601257	0.520541324311	0.640889318511	0.591106814886	0.665538907685	0.625422909618	0.599806669889	0.610439826003	0.514741420976	0.507974867086	0.517641372644	0.514258095698	0.522957950701	0.618173030449	0.539874335428	0.609956500725	0.472692121798	0.591590140164
AB7	0.86805219913	0.891735137748	0.735621072982	0.735621072982	0.871918801353	0.941034316095	0.936201063316	0.93281778637	0.926534557757	0.93523441276	0.957467375544	0.896568390527	0.936201063316	0.707104881585	0.924601256646	0.873852102465	0.928467858869	0.922184630256	0.0	0.433542774287	0.815853069116	0.838086031899	0.928951184147	0.9212179797	0.741904301595	0.810053165781	0.902368293862	0.865152247463	0.737071048816	0.683421942968	0.892701788304	0.90285161914	0.920734654422	0.936201063316	0.940550990817	0.936201063316	0.942484291928	0.909134847753	0.948284195263	0.925084581924	0.938134364427	0.879168680522	0.871918801353	0.913968100532	0.959884001933	0.955534074432	0.935717738038	0.934751087482	0.940550990817	0.932334461092	0.937167713871	0.929917834703	0.923151280812	0.930401159981	0.926534557757	0.925567907202	0.925084581924	0.922184630256	0.925567907202	0.925084581924	0.949734171097	0.940067665539
AB8	0.706621556307	0.724021266312	0.73852102465	0.553890768487	0.737071048816	0.760753987434	0.763170613823	0.757370710488	0.750604156597	0.757370710488	0.776703721605	0.728854519091	0.763170613823	0.665538907685	0.755920734654	0.709521507975	0.759787336878	0.747220879652	0.433542774287	0.0	0.649105848236	0.661672305462	0.741420976317	0.738037699372	0.730787820203	0.637989366844	0.719188013533	0.678588690188	0.524891251812	0.50700821653	0.730787820203	0.728371193813	0.750604156597	0.758820686322	0.804253262446	0.760753987434	0.762203963267	0.731271145481	0.76848719188	0.749154180764	0.757370710488	0.721121314645	0.707104881585	0.73852102465	0.786370227163	0.780570323828	0.813436442726	0.766070565491	0.801353310778	0.779120347994	0.772353794103	0.782020299662	0.757854035766	0.761237312711	0.763170613823	0.756404059932	0.761720637989	0.781053649106	0.757854035766	0.754954084099	0.768970517158	0.764137264379
AC7	0.599806669889	0.662638956017	0.888351860802	0.652489125181	0.716771387144	0.603189946834	0.718221362977	0.577573707105	0.549540840986	0.649589173514	0.593040115998	0.700821652972	0.672305461576	0.817786370227	0.725471242146	0.639439342678	0.581923634606	0.565007249879	0.815853069116	0.649105848236	0.0	0.350410826486	0.574673755437	0.552440792653	0.826002899952	0.590623489609	0.552924117931	0.512324794587	0.468825519575	0.507491541808	0.564523924601	0.54857419043	0.553890768487	0.585306911551	0.80328661189	0.755920734654	0.625906234896	0.626389560174	0.618173030449	0.71290478492	0.669888835186	0.718704688255	0.700338327695	0.648622522958	0.633639439343	0.622522957951	0.820202996617	0.765103914935	0.80328661189	0.790720154664	0.756404059932	0.787820202997	0.693571773804	0.68293861769	0.685838569357	0.692605123248	0.674722087965	0.794103431609	0.665538907685	0.76848719188	0.619623006283	0.751570807153
AC8	0.553890768487	0.581440309328	0.898985016916	0.605606573224	0.65973900435	0.532624456259	0.698405026583	0.498791686805	0.473658772354	0.587240212663	0.538424359594	0.631706138231	0.59255679072	0.821169647173	0.649589173514	0.565007249879	0.501208313195	0.479942000967	0.838086031899	0.661672305462	0.350410826486	0.0	0.48380860319	0.47462542291	0.822619623006	0.546157564041	0.413243112615	0.375543740938	0.430159497342	0.481875302078	0.527307878202	0.472692121798	0.475592073465	0.502658289029	0.728371193813	0.673755437409	0.543740937651	0.558724021266	0.545674238763	0.635089415176	0.582890285162	0.679555340744	0.647172547124	0.573707104882	0.561140647656	0.551474142098	0.737071048816	0.675205413243	0.729821169647	0.71290478492	0.676172063799	0.702754954084	0.608989850169	0.599323344611	0.605606573224	0.604639922668	0.573223779604	0.708071532141	0.58337361044	0.693088448526	0.529241179314	0.664088931851
AD7	0.591590140164	0.59255679072	0.955050749154	0.661188980184	0.715804736588	0.538907684872	0.706138231029	0.502658289029	0.482358627356	0.605606573224	0.457225712905	0.659255679072	0.600773320445	0.878202029966	0.658772353794	0.578540357661	0.476075398743	0.466892218463	0.928951184147	0.741420976317	0.574673755437	0.48380860319	0.0	0.294345094248	0.893185113581	0.531174480425	0.422426292895	0.449975833736	0.504108264862	0.572257129048	0.499758337361	0.470758820686	0.479458675689	0.532624456259	0.743354277429	0.684388593523	0.519091348478	0.590140164331	0.559207346544	0.651039149348	0.608023199613	0.723054615756	0.698405026583	0.61333977767	0.56935717738	0.565973900435	0.751570807153	0.688255195747	0.748187530208	0.733204446593	0.687288545191	0.716288061866	0.626872885452	0.619139681005	0.620106331561	0.617689705172	0.592073465442	0.722571290478	0.597873368777	0.702754954084	0.551474142098	0.681005316578
AD8	0.573707104882	0.568390526825	0.947800869986	0.633639439343	0.691155147414	0.51377477042	0.696471725471	0.482841952634	0.46302561624	0.589173513775	0.425326244563	0.633639439343	0.574673755437	0.867568873852	0.643789270179	0.566457225713	0.458192363461	0.448042532624	0.9212179797	0.738037699372	0.552440792653	0.47462542291	0.294345094248	0.0	0.847752537458	0.492508458192	0.398743354277	0.435959400677	0.477042049299	0.550507491542	0.494441759304	0.46060898985	0.46302561624	0.514258095698	0.730304494925	0.669405509908	0.498791686805	0.561140647656	0.53020782987	0.622522957951	0.574673755437	0.717254712421	0.677622039633	0.579507008217	0.551474142098	0.550507491542	0.732237796037	0.667472208797	0.725954567424	0.706621556307	0.664088931851	0.693088448526	0.608989850169	0.599806669889	0.597873368777	0.600773320445	0.578057032383	0.703238279362	0.577090381827	0.677622039633	0.538424359594	0.65973900435
AE7	0.816336394393	0.873368777187	0.848235862736	0.805219913001	0.826969550507	0.904301594973	0.91445142581	0.905268245529	0.890285161914	0.906718221363	0.916384726921	0.855002416626	0.886901884969	0.820202996617	0.895601739971	0.836152730788	0.872885451909	0.857902368294	0.741904301595	0.730787820203	0.826002899952	0.822619623006	0.893185113581	0.847752537458	0.0	0.531657805703	0.876268728855	0.843885935234	0.762203963267	0.753987433543	0.837119381344	0.846785886902	0.894635089415	0.906234896085	0.928467858869	0.919768003867	0.922667955534	0.895118414693	0.912518124698	0.876752054132	0.905268245529	0.875785403577	0.873852102465	0.882551957467	0.932334461092	0.924117931368	0.890285161914	0.893185113581	0.913484775254	0.898018366361	0.910584823586	0.894635089415	0.890285161914	0.892218463026	0.894635089415	0.886418559691	0.903818269696	0.885935234413	0.90285161914	0.890285161914	0.91445142581	0.910584823586
AE8	0.582406959884	0.621072982117	0.890768487192	0.644755920735	0.691638472692	0.610923151281	0.695505074915	0.612373127115	0.598840019333	0.632189463509	0.622522957951	0.641855969067	0.644272595457	0.809569840503	0.706621556307	0.600773320445	0.601739971	0.582406959884	0.810053165781	0.637989366844	0.590623489609	0.546157564041	0.531174480425	0.492508458192	0.531657805703	0.0	0.579507008217	0.55775737071	0.5186080232	0.521507974867	0.572740454326	0.564040599323	0.607056549058	0.620106331561	0.768970517158	0.717738037699	0.634606089899	0.606089898502	0.62493958434	0.654422426293	0.634606089899	0.693088448526	0.685838569357	0.619139681005	0.644755920735	0.636056065732	0.758337361044	0.691638472692	0.766070565491	0.728854519091	0.704204929918	0.725471242146	0.660705654906	0.646689221846	0.646689221846	0.653455775737	0.647172547124	0.727404543258	0.647172547124	0.700821652972	0.623006283229	0.693571773804
AF7	0.570323827936	0.553407443209	0.944900918318	0.637506041566	0.652972450459	0.50700821653	0.695021749638	0.456742387627	0.445142580957	0.580473658772	0.449492508458	0.601256645723	0.535524407927	0.862735621073	0.615273078782	0.549540840986	0.427259545674	0.423876268729	0.902368293862	0.719188013533	0.552924117931	0.413243112615	0.422426292895	0.398743354277	0.876268728855	0.579507008217	0.0	0.33107781537	0.46979217013	0.543257612373	0.483325277912	0.463508941518	0.422426292895	0.468342194297	0.700338327695	0.641855969067	0.471725471242	0.530691155147	0.511841469309	0.598356694055	0.536007733204	0.708071532141	0.666505558241	0.54857419043	0.532624456259	0.52779120348	0.676172063799	0.626389560174	0.685355244079	0.667955534074	0.624456259062	0.644272595457	0.565490575157	0.55775737071	0.558240695988	0.557274045433	0.529724504592	0.653455775737	0.549057515708	0.646205896568	0.49540840986	0.607539874335
AF8	0.556790720155	0.564040599323	0.925567907202	0.630256162397	0.673272112131	0.535041082649	0.701788303528	0.477525374577	0.467375543741	0.586756887385	0.506041565974	0.626872885452	0.585790236829	0.843402609957	0.654905751571	0.551957467376	0.463508941518	0.458675688739	0.865152247463	0.678588690188	0.512324794587	0.375543740938	0.449975833736	0.435959400677	0.843885935234	0.55775737071	0.33107781537	0.0	0.446109231513	0.519574673755	0.497341710971	0.453359110681	0.455775737071	0.508941517641	0.726437892702	0.666022232963	0.494925084582	0.545674238763	0.533591106815	0.611889801837	0.567907201547	0.680038666022	0.648622522958	0.563073948768	0.560657322378	0.546640889319	0.699371677139	0.649105848236	0.711454809087	0.690671822136	0.64572257129	0.666022232963	0.586273562107	0.578540357661	0.580473658772	0.584823586274	0.558724021266	0.683421942968	0.562107298212	0.667472208797	0.509424842919	0.633639439343
AG7	0.585306911551	0.585790236829	0.840985983567	0.541324311261	0.653455775737	0.535524407927	0.691638472692	0.505558240696	0.487675205413	0.579990333494	0.535041082649	0.625906234896	0.596906718221	0.762203963267	0.664088931851	0.575157080715	0.521024649589	0.507491541808	0.737071048816	0.524891251812	0.468825519575	0.430159497342	0.504108264862	0.477042049299	0.762203963267	0.5186080232	0.46979217013	0.446109231513	0.0	0.323344610923	0.541807636539	0.505074915418	0.500241662639	0.529724504592	0.732721121315	0.672788786854	0.5186080232	0.546640889319	0.545190913485	0.626872885452	0.578540357661	0.671822136298	0.634606089899	0.571290478492	0.578540357661	0.574190430159	0.730787820203	0.669888835186	0.720154664089	0.705171580474	0.666505558241	0.699855002417	0.609956500725	0.602706621556	0.606089898502	0.60657322378	0.609473175447	0.710004833253	0.608506524891	0.677622039633	0.567423876269	0.654905751571
AG8	0.590140164331	0.605606573224	0.816819719671	0.562107298212	0.66892218463	0.580473658772	0.693088448526	0.581440309328	0.564523924601	0.596906718221	0.600289995167	0.644755920735	0.630256162397	0.724987916868	0.686805219913	0.591106814886	0.585306911551	0.579023682939	0.683421942968	0.50700821653	0.507491541808	0.481875302078	0.572257129048	0.550507491542	0.753987433543	0.521507974867	0.543257612373	0.519574673755	0.323344610923	0.0	0.589656839053	0.56259062349	0.579023682939	0.587240212663	0.757370710488	0.698888351861	0.596423392943	0.576123731271	0.596906718221	0.657805703238	0.610923151281	0.672305461576	0.655389076849	0.590140164331	0.622522957951	0.61575640406	0.757854035766	0.69212179797	0.743837602707	0.727404543258	0.695021749638	0.722571290478	0.647172547124	0.633156114065	0.637989366844	0.646205896568	0.632672788787	0.728854519091	0.635572740454	0.700338327695	0.596906718221	0.683421942968
AH7	0.590623489609	0.618173030449	0.947317544708	0.686321894635	0.700821652972	0.586756887385	0.72450459159	0.553407443209	0.533107781537	0.640889318511	0.533107781537	0.653455775737	0.633639439343	0.878685355244	0.702754954084	0.594006766554	0.509908168197	0.479942000967	0.892701788304	0.730787820203	0.564523924601	0.527307878202	0.499758337361	0.494441759304	0.837119381344	0.572740454326	0.483325277912	0.497341710971	0.541807636539	0.589656839053	0.0	0.335911068149	0.547607539874	0.598840019333	0.777187046883	0.734171097148	0.565007249879	0.634606089899	0.608023199613	0.666022232963	0.637022716288	0.759787336878	0.74528757854	0.652005799903	0.630256162397	0.628806186564	0.760753987434	0.711938134364	0.772837119381	0.742387626873	0.714838086032	0.732237796037	0.640405993233	0.636056065732	0.633639439343	0.638472692122	0.620106331561	0.735137747704	0.623006283229	0.709521507975	0.605606573224	0.714354760754
AH8	0.563557274045	0.566940550991	0.94683421943	0.644272595457	0.660222329628	0.526341227646	0.691638472692	0.494925084582	0.481875302078	0.589173513775	0.507974867086	0.614306428226	0.577573707105	0.868535524408	0.648622522958	0.544224262929	0.407926534558	0.366843885935	0.90285161914	0.728371193813	0.54857419043	0.472692121798	0.470758820686	0.46060898985	0.846785886902	0.564040599323	0.463508941518	0.453359110681	0.505074915418	0.56259062349	0.335911068149	0.0	0.480908651522	0.529241179314	0.742870952151	0.694055099082	0.526341227646	0.576607056549	0.545674238763	0.617206379894	0.58095698405	0.723537941034	0.695505074915	0.601256645723	0.576123731271	0.573223779604	0.705654905752	0.652972450459	0.723537941034	0.684871918801	0.657805703238	0.673755437409	0.585790236829	0.57177380377	0.578057032383	0.577573707105	0.558724021266	0.678105364911	0.563557274045	0.656839052682	0.53939101015	0.660222329628
AA5	0.586756887385	0.526824552924	0.956984050266	0.629772837119	0.605606573224	0.457709038183	0.634122764621	0.390526824553	0.396810053166	0.520541324311	0.436442725955	0.549540840986	0.523924601257	0.873852102465	0.554374093765	0.547607539874	0.413726437893	0.406476558724	0.920734654422	0.750604156597	0.553890768487	0.475592073465	0.479458675689	0.46302561624	0.894635089415	0.607056549058	0.422426292895	0.455775737071	0.500241662639	0.579023682939	0.547607539874	0.480908651522	0.0	0.332527791203	0.674238762687	0.591106814886	0.467375543741	0.453842435959	0.476075398743	0.547124214596	0.479942000967	0.629772837119	0.589173513775	0.476075398743	0.524407926535	0.493958434026	0.700821652972	0.642339294345	0.684388593523	0.672305461576	0.655389076849	0.68293861769	0.541807636539	0.57177380377	0.578057032383	0.568873852102	0.520541324311	0.679555340744	0.547124214596	0.641372643789	0.492025132914	0.633156114065
AA6	0.593040115998	0.535524407927	0.961333977767	0.6389560174	0.621072982117	0.454809086515	0.655872402127	0.430159497342	0.448042532624	0.545190913485	0.49299178347	0.568390526825	0.5186080232	0.874818753021	0.581923634606	0.549057515708	0.463992266796	0.467375543741	0.936201063316	0.758820686322	0.585306911551	0.502658289029	0.532624456259	0.514258095698	0.906234896085	0.620106331561	0.468342194297	0.508941517641	0.529724504592	0.587240212663	0.598840019333	0.529241179314	0.332527791203	0.0	0.665538907685	0.58337361044	0.507491541808	0.484291928468	0.476075398743	0.575640405993	0.496858385694	0.65973900435	0.619139681005	0.500241662639	0.45142580957	0.424359594007	0.684871918801	0.635572740454	0.669888835186	0.65732237796	0.637989366844	0.664088931851	0.535041082649	0.557274045433	0.559690671822	0.551474142098	0.521507974867	0.668438859352	0.548090865152	0.629772837119	0.497341710971	0.622522957951
AB5	0.750604156597	0.674722087965	0.972933784437	0.718704688255	0.629772837119	0.623972933784	0.739004349928	0.642822619623	0.662638956017	0.696955050749	0.670372160464	0.610439826003	0.662638956017	0.897051715805	0.689221846303	0.695505074915	0.702271628806	0.700821652972	0.940550990817	0.804253262446	0.80328661189	0.728371193813	0.743354277429	0.730304494925	0.928467858869	0.768970517158	0.700338327695	0.726437892702	0.732721121315	0.757370710488	0.777187046883	0.742870952151	0.674238762687	0.665538907685	0.0	0.308361527308	0.606089898502	0.660705654906	0.616239729338	0.618656355727	0.612856452392	0.749154180764	0.716288061866	0.640889318511	0.618173030449	0.614306428226	0.613823102948	0.609956500725	0.622039632673	0.605606573224	0.623489608507	0.610923151281	0.590140164331	0.592073465442	0.60415659739	0.608989850169	0.667955534074	0.589656839053	0.651522474625	0.608023199613	0.662638956017	0.610923151281
AB6	0.695021749638	0.598356694055	0.96761720638	0.673272112131	0.573223779604	0.550024166264	0.667955534074	0.556307394877	0.594006766554	0.614789753504	0.621072982117	0.525857902368	0.610439826003	0.887868535524	0.615273078782	0.630256162397	0.654422426293	0.65055582407	0.936201063316	0.760753987434	0.755920734654	0.673755437409	0.684388593523	0.669405509908	0.919768003867	0.717738037699	0.641855969067	0.666022232963	0.672788786854	0.698888351861	0.734171097148	0.694055099082	0.591106814886	0.58337361044	0.308361527308	0.0	0.56259062349	0.581923634606	0.560657322378	0.543257612373	0.535041082649	0.670372160464	0.633156114065	0.540840985984	0.546157564041	0.551957467376	0.584823586274	0.535041082649	0.577573707105	0.55775737071	0.556307394877	0.566457225713	0.522474625423	0.546640889319	0.555824069599	0.561140647656	0.599806669889	0.55099081682	0.594006766554	0.544224262929	0.610439826003	0.536007733204
AC5	0.613823102948	0.582406959884	0.972933784437	0.652005799903	0.619623006283	0.457709038183	0.686321894635	0.444659255679	0.438859352344	0.577090381827	0.435476075399	0.559690671822	0.545190913485	0.884968583857	0.641855969067	0.585790236829	0.47220879652	0.466892218463	0.942484291928	0.762203963267	0.625906234896	0.543740937651	0.519091348478	0.498791686805	0.922667955534	0.634606089899	0.471725471242	0.494925084582	0.5186080232	0.596423392943	0.565007249879	0.526341227646	0.467375543741	0.507491541808	0.606089898502	0.56259062349	0.0	0.446109231513	0.43740937651	0.579023682939	0.522474625423	0.715804736588	0.664572257129	0.541324311261	0.473658772354	0.482841952634	0.606089898502	0.561140647656	0.623489608507	0.590623489609	0.570323827936	0.588690188497	0.499758337361	0.492025132914	0.496375060416	0.508941517641	0.574673755437	0.601739971	0.572740454326	0.561140647656	0.514741420976	0.550024166264
AC6	0.612373127115	0.521024649589	0.952150797487	0.629289511841	0.582406959884	0.499275012083	0.550507491542	0.46302561624	0.5186080232	0.465442242629	0.545674238763	0.529724504592	0.557274045433	0.856935717738	0.547124214596	0.568873852102	0.541807636539	0.550507491542	0.909134847753	0.731271145481	0.626389560174	0.558724021266	0.590140164331	0.561140647656	0.895118414693	0.606089898502	0.530691155147	0.545674238763	0.546640889319	0.576123731271	0.634606089899	0.576607056549	0.453842435959	0.484291928468	0.660705654906	0.581923634606	0.446109231513	0.0	0.509908168197	0.519574673755	0.473175447076	0.496375060416	0.44900918318	0.41662638956	0.552440792653	0.546640889319	0.677138714355	0.623006283229	0.665538907685	0.64572257129	0.641372643789	0.659255679072	0.574673755437	0.574190430159	0.574673755437	0.577090381827	0.539874335428	0.662155630739	0.549057515708	0.625422909618	0.537457709038	0.617689705172
AD6	0.601739971	0.543740937651	0.973900434993	0.62735621073	0.585790236829	0.408893185114	0.6389560174	0.437892701788	0.450942484292	0.545190913485	0.453842435959	0.512808119865	0.519091348478	0.881585306912	0.59497341711	0.55775737071	0.489608506525	0.473175447076	0.948284195263	0.76848719188	0.618173030449	0.545674238763	0.559207346544	0.53020782987	0.912518124698	0.62493958434	0.511841469309	0.533591106815	0.545190913485	0.596906718221	0.608023199613	0.545674238763	0.476075398743	0.476075398743	0.616239729338	0.560657322378	0.43740937651	0.509908168197	0.0	0.547607539874	0.420976317061	0.705171580474	0.663605606573	0.52537457709	0.468342194297	0.474142097632	0.594006766554	0.537457709038	0.590140164331	0.566940550991	0.563557274045	0.577573707105	0.479942000967	0.46979217013	0.473175447076	0.47462542291	0.544224262929	0.576607056549	0.540357660706	0.558724021266	0.467858869019	0.543257612373
AE5	0.640405993233	0.521991300145	0.971967133881	0.635572740454	0.554374093765	0.547124214596	0.590623489609	0.538907684872	0.594006766554	0.528274528758	0.61575640406	0.508941517641	0.569840502658	0.879168680522	0.551474142098	0.568873852102	0.599806669889	0.602706621556	0.925084581924	0.749154180764	0.71290478492	0.635089415176	0.651039149348	0.622522957951	0.876752054132	0.654422426293	0.598356694055	0.611889801837	0.626872885452	0.657805703238	0.666022232963	0.617206379894	0.547124214596	0.575640405993	0.618656355727	0.543257612373	0.579023682939	0.519574673755	0.547607539874	0.0	0.346544224263	0.617206379894	0.576607056549	0.518124697922	0.619139681005	0.626872885452	0.646689221846	0.60657322378	0.649589173514	0.622039632673	0.622522957951	0.640405993233	0.534074432093	0.567907201547	0.590140164331	0.556307394877	0.547607539874	0.643789270179	0.553890768487	0.596423392943	0.571290478492	0.604639922668
AE6	0.613823102948	0.489125181247	0.971483808603	0.623489608507	0.553407443209	0.480425326245	0.56259062349	0.465925567907	0.519091348478	0.484775253746	0.544707588207	0.502658289029	0.523441275979	0.879168680522	0.537457709038	0.54857419043	0.540840985984	0.536007733204	0.938134364427	0.757370710488	0.669888835186	0.582890285162	0.608023199613	0.574673755437	0.905268245529	0.634606089899	0.536007733204	0.567907201547	0.578540357661	0.610923151281	0.637022716288	0.58095698405	0.479942000967	0.496858385694	0.612856452392	0.535041082649	0.522474625423	0.473175447076	0.420976317061	0.346544224263	0.0	0.633639439343	0.586273562107	0.458675688739	0.542290961817	0.550507491542	0.634122764621	0.579023682939	0.623489608507	0.605606573224	0.602706621556	0.619139681005	0.505074915418	0.502174963751	0.515708071532	0.508941517641	0.506524891252	0.621072982117	0.513291445143	0.577090381827	0.498791686805	0.582406959884
AF5	0.707104881585	0.630739487675	0.933301111648	0.676655389077	0.661672305462	0.684871918801	0.557274045433	0.633156114065	0.689221846303	0.584823586274	0.727887868536	0.629289511841	0.681005316578	0.84485258579	0.602706621556	0.674722087965	0.726437892702	0.73368777187	0.879168680522	0.721121314645	0.718704688255	0.679555340744	0.723054615756	0.717254712421	0.875785403577	0.693088448526	0.708071532141	0.680038666022	0.671822136298	0.672305461576	0.759787336878	0.723537941034	0.629772837119	0.65973900435	0.749154180764	0.670372160464	0.715804736588	0.496375060416	0.705171580474	0.617206379894	0.633639439343	0.0	0.296761720638	0.547124214596	0.724987916868	0.724987916868	0.773320444659	0.717738037699	0.7593040116	0.73610439826	0.742387626873	0.755920734654	0.695988400193	0.725954567424	0.739004349928	0.718221362977	0.677138714355	0.755920734654	0.688738521025	0.724987916868	0.716288061866	0.722571290478
AF6	0.698405026583	0.591590140164	0.938134364427	0.660705654906	0.628322861286	0.636056065732	0.546640889319	0.596423392943	0.653455775737	0.556307394877	0.683905268246	0.594490091832	0.644272595457	0.853069115515	0.562107298212	0.647655872402	0.684388593523	0.68970517158	0.871918801353	0.707104881585	0.700338327695	0.647172547124	0.698405026583	0.677622039633	0.873852102465	0.685838569357	0.666505558241	0.648622522958	0.634606089899	0.655389076849	0.74528757854	0.695505074915	0.589173513775	0.619139681005	0.716288061866	0.633156114065	0.664572257129	0.44900918318	0.663605606573	0.576607056549	0.586273562107	0.296761720638	0.0	0.504108264862	0.686321894635	0.681971967134	0.744320927985	0.679072015466	0.721604639923	0.694055099082	0.691638472692	0.714838086032	0.660705654906	0.686805219913	0.690671822136	0.676655389077	0.633156114065	0.713871435476	0.639922667956	0.676655389077	0.679072015466	0.6805219913
