	AA3	AA4	AB3	AB4	AC3	AC4	AD3	AD4	AE3	AE4	AF3	AF4	AG3	AG4	AH3	AH4	AA7	AA8	AB7	AB8	AC7	AC8	AD7	AD8	AE7	AE8	AF7	AF8	AG7	AG8	AH7	AH8	AA5	AA6	AB5	AB6	AC5	AC6	AD6	AE5	AE6	AF5	AF6	AG5	AH5	AH6	AA1	AA2	AB1	AB2	AC1	AC2	AD1	AD2	AE1	AE2	AF1	AF2	AG1	AG2	AH1	AH2
AA3	0.0	0.49299178347	0.926051232479	0.630256162397	0.663122281295	0.578540357661	0.679072015466	0.573223779604	0.56259062349	0.623972933784	0.611406476559	0.613823102948	0.574673755437	0.855485741904	0.636056065732	0.314161430643	0.560657322378	0.549540840986	0.872402126631	0.714354760754	0.602706621556	0.561623972934	0.573707104882	0.574190430159	0.834219429676	0.594006766554	0.55775737071	0.550024166264	0.576607056549	0.584340260996	0.584340260996	0.543257612373	0.57177380377	0.588690188497	0.744804253262	0.683905268246	0.603189946834	0.621556307395	0.587723537941	0.630739487675	0.608989850169	0.721121314645	0.695988400193	0.610439826003	0.613823102948	0.609956500725	0.685355244079	0.648622522958	0.709521507975	0.663122281295	0.649589173514	0.674238762687	0.565973900435	0.561623972934	0.570807153214	0.574190430159	0.568873852102	0.657805703238	0.588206863219	0.661188980184	0.576607056549	0.647172547124
AA4	0.49299178347	0.0	0.943450942484	0.596423392943	0.569840502658	0.502174963751	0.59255679072	0.488641855969	0.522957950701	0.534074432093	0.573707104882	0.495891735138	0.507491541808	0.864668922185	0.374093765104	0.39584340261	0.543740937651	0.545674238763	0.88883518608	0.732721121315	0.670855485742	0.582890285162	0.599323344611	0.601256645723	0.876268728855	0.641372643789	0.561623972934	0.573223779604	0.60657322378	0.636056065732	0.637506041566	0.578540357661	0.511841469309	0.526824552924	0.656839052682	0.583856935718	0.574673755437	0.515224746254	0.537941034316	0.522474625423	0.511841469309	0.625422909618	0.59497341711	0.519091348478	0.586273562107	0.578540357661	0.649105848236	0.573707104882	0.628806186564	0.600289995167	0.598840019333	0.634122764621	0.522474625423	0.519574673755	0.529724504592	0.531174480425	0.498308361527	0.614789753504	0.494925084582	0.594490091832	0.540840985984	0.573707104882
AB3	0.926051232479	0.943450942484	0.0	0.672305461576	0.913484775254	0.950217496375	0.952634122765	0.943934267762	0.927984533591	0.94683421943	0.970517158047	0.926051232479	0.961817303045	0.343644272595	0.956500724988	0.937167713871	0.969550507492	0.964233929435	0.758820686322	0.734654422426	0.879168680522	0.906234896085	0.955050749154	0.943450942484	0.847752537458	0.885935234413	0.940067665539	0.922667955534	0.836636056066	0.844369260512	0.949250845819	0.952150797487	0.954084098598	0.961333977767	0.969067182214	0.960850652489	0.970517158047	0.947800869986	0.969550507492	0.969067182214	0.967133881102	0.926534557757	0.932334461092	0.952634122765	0.971967133881	0.970033832769	0.969067182214	0.966167230546	0.96761720638	0.964717254712	0.970033832769	0.968100531658	0.969550507492	0.96761720638	0.971967133881	0.969067182214	0.968100531658	0.968583856936	0.96761720638	0.968100531658	0.970033832769	0.964717254712
AB4	0.630256162397	0.596423392943	0.672305461576	0.0	0.650072498792	0.620589656839	0.686805219913	0.632672788787	0.631222812953	0.643305944901	0.666022232963	0.60415659739	0.498791686805	0.569840502658	0.616723054616	0.595456742388	0.640405993233	0.641372643789	0.733204446593	0.545674238763	0.658772353794	0.619623006283	0.663122281295	0.65055582407	0.785403576607	0.641855969067	0.654422426293	0.635089415176	0.54857419043	0.577090381827	0.690188496858	0.652972450459	0.646689221846	0.660222329628	0.735621072982	0.682455292412	0.665538907685	0.652005799903	0.639439342678	0.635089415176	0.635089415176	0.661188980184	0.667955534074	0.643789270179	0.696955050749	0.682455292412	0.704688255196	0.656355727405	0.695505074915	0.672788786854	0.675688738521	0.681005316578	0.638472692122	0.639439342678	0.657805703238	0.644755920735	0.651039149348	0.672788786854	0.638472692122	0.657805703238	0.653939101015	0.664088931851
AC3	0.663122281295	0.569840502658	0.913484775254	0.650072498792	0.0	0.498791686805	0.635089415176	0.564040599323	0.576123731271	0.591590140164	0.635572740454	0.328177863702	0.612373127115	0.839536007733	0.608023199613	0.617206379894	0.62735621073	0.622522957951	0.871435476075	0.747220879652	0.744320927985	0.6805219913	0.732721121315	0.723537941034	0.82648622523	0.698405026583	0.666022232963	0.693088448526	0.678588690188	0.702271628806	0.711938134364	0.669888835186	0.617206379894	0.634606089899	0.636056065732	0.589173513775	0.632672788787	0.605606573224	0.591590140164	0.568873852102	0.574673755437	0.663122281295	0.652972450459	0.575640405993	0.653455775737	0.64813919768	0.597390043499	0.589173513775	0.586273562107	0.575640405993	0.600289995167	0.59497341711	0.54857419043	0.581440309328	0.587240212663	0.568390526825	0.62493958434	0.584340260996	0.625422909618	0.584340260996	0.635572740454	0.600289995167
AC4	0.578540357661	0.502174963751	0.950217496375	0.620589656839	0.498791686805	0.0	0.615273078782	0.388593523441	0.394876752054	0.500241662639	0.332527791203	0.399226679555	0.501691638473	0.869502174964	0.561140647656	0.528274528758	0.458675688739	0.449975833736	0.92363460609	0.754470758821	0.594006766554	0.507974867086	0.514741420976	0.50700821653	0.888351860802	0.591590140164	0.474142097632	0.506041565974	0.523924601257	0.562107298212	0.556790720155	0.50700821653	0.441275978734	0.470758820686	0.624456259062	0.550507491542	0.442725954567	0.518124697922	0.401159980667	0.538424359594	0.463992266796	0.677622039633	0.652972450459	0.514258095698	0.475108748188	0.46302561624	0.623006283229	0.559207346544	0.584340260996	0.566940550991	0.572257129048	0.602706621556	0.470758820686	0.481875302078	0.502658289029	0.493475108748	0.534557757371	0.590623489609	0.541807636539	0.556307394877	0.470275495408	0.560657322378
AD3	0.679072015466	0.59255679072	0.952634122765	0.686805219913	0.635089415176	0.615273078782	0.0	0.516674722088	0.631706138231	0.371677138714	0.677622039633	0.589173513775	0.637989366844	0.874335427743	0.58337361044	0.640405993233	0.685355244079	0.683421942968	0.941034316095	0.776220396327	0.719671338811	0.691155147414	0.699371677139	0.692605123248	0.916384726921	0.695021749638	0.696471725471	0.688255195747	0.690671822136	0.684871918801	0.717254712421	0.690671822136	0.634122764621	0.65055582407	0.726437892702	0.654905751571	0.680038666022	0.541324311261	0.63653939101	0.571290478492	0.583856935718	0.565007249879	0.535524407927	0.547607539874	0.693571773804	0.687288545191	0.764137264379	0.703238279362	0.733204446593	0.711454809087	0.710971483809	0.745770903818	0.652489125181	0.661672305462	0.674238762687	0.660222329628	0.638472692122	0.727404543258	0.637989366844	0.707104881585	0.691155147414	0.704688255196
AD4	0.573223779604	0.488641855969	0.943934267762	0.632672788787	0.564040599323	0.388593523441	0.516674722088	0.0	0.318511358144	0.388110198163	0.440309328178	0.486708554857	0.491058482359	0.867085548574	0.532141130981	0.52779120348	0.461575640406	0.44900918318	0.938617689705	0.761237312711	0.589173513775	0.49540840986	0.504108264862	0.48622522958	0.903334944418	0.604639922668	0.446592556791	0.468825519575	0.494925084582	0.564523924601	0.555824069599	0.492508458192	0.386176897052	0.434992750121	0.645239246013	0.56259062349	0.449492508458	0.483325277912	0.421942967617	0.538424359594	0.461575640406	0.642339294345	0.609956500725	0.484775253746	0.490575157081	0.475592073465	0.656839052682	0.593040115998	0.634122764621	0.618656355727	0.616723054616	0.640405993233	0.499275012083	0.510874818753	0.529724504592	0.524407926535	0.529241179314	0.62735621073	0.549540840986	0.610923151281	0.499758337361	0.600773320445
AE3	0.56259062349	0.522957950701	0.927984533591	0.631222812953	0.576123731271	0.394876752054	0.631706138231	0.318511358144	0.0	0.506041565974	0.408893185114	0.500724987917	0.502658289029	0.85645239246	0.566940550991	0.532624456259	0.454325761237	0.433542774287	0.924117931368	0.753504108265	0.566457225713	0.48380860319	0.477525374577	0.477042049299	0.884968583857	0.588206863219	0.436926051232	0.460125664572	0.485258579024	0.557274045433	0.542290961817	0.488158530691	0.402126631223	0.458192363461	0.661672305462	0.589173513775	0.436926051232	0.526824552924	0.422909618173	0.592073465442	0.513291445143	0.683905268246	0.64813919768	0.523441275979	0.488641855969	0.474142097632	0.661672305462	0.59255679072	0.634606089899	0.619139681005	0.613823102948	0.644272595457	0.511841469309	0.524891251812	0.539874335428	0.537457709038	0.543740937651	0.637022716288	0.561623972934	0.611889801837	0.492508458192	0.598356694055
AE4	0.623972933784	0.534074432093	0.94683421943	0.643305944901	0.591590140164	0.500241662639	0.371677138714	0.388110198163	0.506041565974	0.0	0.570323827936	0.529724504592	0.563073948768	0.866602223296	0.554857419043	0.565007249879	0.57177380377	0.573223779604	0.938134364427	0.763170613823	0.643789270179	0.575640405993	0.594490091832	0.586756887385	0.906234896085	0.630256162397	0.575640405993	0.564040599323	0.575157080715	0.598840019333	0.626389560174	0.587723537941	0.52779120348	0.540840985984	0.690188496858	0.608989850169	0.562107298212	0.459159014016	0.524891251812	0.524407926535	0.50700821653	0.589173513775	0.55775737071	0.50700821653	0.589173513775	0.580473658772	0.706621556307	0.64813919768	0.684871918801	0.661672305462	0.663122281295	0.687288545191	0.588690188497	0.599806669889	0.598840019333	0.592073465442	0.579990333494	0.673272112131	0.586273562107	0.654905751571	0.58337361044	0.650072498792
AF3	0.611406476559	0.573707104882	0.970517158047	0.666022232963	0.635572740454	0.332527791203	0.677622039633	0.440309328178	0.408893185114	0.570323827936	0.0	0.529724504592	0.532624456259	0.892218463026	0.61575640406	0.582890285162	0.445142580957	0.44224262929	0.959400676655	0.792170130498	0.606089898502	0.534557757371	0.438376027066	0.438859352344	0.92363460609	0.632672788787	0.440309328178	0.488158530691	0.539874335428	0.598356694055	0.530691155147	0.510874818753	0.443692605123	0.497825036249	0.676655389077	0.618656355727	0.429676172064	0.565490575157	0.44224262929	0.611889801837	0.529241179314	0.718704688255	0.694055099082	0.561623972934	0.502658289029	0.484775253746	0.676655389077	0.610439826003	0.660705654906	0.622522957951	0.620589656839	0.654422426293	0.543257612373	0.531174480425	0.546157564041	0.547124214596	0.577573707105	0.646205896568	0.59497341711	0.612373127115	0.496375060416	0.611889801837
AF4	0.613823102948	0.495891735138	0.926051232479	0.60415659739	0.328177863702	0.399226679555	0.589173513775	0.486708554857	0.500724987917	0.529724504592	0.529724504592	0.0	0.542774287095	0.846785886902	0.555340744321	0.556307394877	0.57177380377	0.56935717738	0.88883518608	0.731271145481	0.689221846303	0.616723054616	0.656839052682	0.64572257129	0.851135814403	0.638472692122	0.598840019333	0.626389560174	0.615273078782	0.64572257129	0.660705654906	0.621556307395	0.547607539874	0.568390526825	0.601739971	0.5186080232	0.548090865152	0.543257612373	0.514258095698	0.505558240696	0.507491541808	0.632672788787	0.617689705172	0.508458192363	0.571290478492	0.565973900435	0.590140164331	0.530691155147	0.557274045433	0.533591106815	0.552440792653	0.574190430159	0.48622522958	0.50459159014	0.520541324311	0.520541324311	0.566940550991	0.566940550991	0.569840502658	0.534074432093	0.556790720155	0.528757854036
AG3	0.574673755437	0.507491541808	0.961817303045	0.498791686805	0.612373127115	0.501691638473	0.637989366844	0.491058482359	0.502658289029	0.563073948768	0.532624456259	0.542774287095	0.0	0.857419043016	0.51619139681	0.520057999033	0.509424842919	0.500241662639	0.933301111648	0.762203963267	0.667472208797	0.591590140164	0.585790236829	0.590140164331	0.88883518608	0.639439342678	0.537941034316	0.567907201547	0.594006766554	0.611889801837	0.632672788787	0.562107298212	0.512324794587	0.514741420976	0.656839052682	0.605606573224	0.53697438376	0.558240695988	0.510874818753	0.56259062349	0.505558240696	0.675205413243	0.646205896568	0.537457709038	0.562107298212	0.561140647656	0.622039632673	0.576123731271	0.626389560174	0.602223296278	0.586273562107	0.599806669889	0.520541324311	0.51619139681	0.52779120348	0.523924601257	0.537457709038	0.601739971	0.562107298212	0.579023682939	0.511841469309	0.578540357661
AG4	0.855485741904	0.864668922185	0.343644272595	0.569840502658	0.839536007733	0.869502174964	0.874335427743	0.867085548574	0.85645239246	0.866602223296	0.892218463026	0.846785886902	0.857419043016	0.0	0.876752054132	0.860318994683	0.897535041083	0.893668438859	0.725471242146	0.669888835186	0.811019816336	0.836152730788	0.885451909135	0.874818753021	0.826002899952	0.814403093282	0.86805219913	0.851619139681	0.774287095215	0.758337361044	0.884485258579	0.8796520058	0.880135331078	0.884001933301	0.903334944418	0.894151764137	0.895118414693	0.867085548574	0.890285161914	0.887385210246	0.883518608023	0.849685838569	0.860802319961	0.878202029966	0.896568390527	0.893185113581	0.887385210246	0.889318511358	0.890768487192	0.889318511358	0.897051715805	0.890768487192	0.898501691638	0.887868535524	0.899468342194	0.894151764137	0.892218463026	0.89125181247	0.89125181247	0.88883518608	0.896085065249	0.892701788304
AH3	0.636056065732	0.374093765104	0.956500724988	0.616723054616	0.608023199613	0.561140647656	0.58337361044	0.532141130981	0.566940550991	0.554857419043	0.61575640406	0.555340744321	0.51619139681	0.876752054132	0.0	0.524407926535	0.600773320445	0.600773320445	0.922184630256	0.765587240213	0.699855002417	0.628806186564	0.635089415176	0.632672788787	0.898501691638	0.689221846303	0.619623006283	0.621072982117	0.647655872402	0.666022232963	0.684871918801	0.623006283229	0.552440792653	0.581923634606	0.699855002417	0.62735621073	0.629772837119	0.556307394877	0.589173513775	0.547124214596	0.565007249879	0.612856452392	0.575157080715	0.554857419043	0.6389560174	0.632189463509	0.695505074915	0.621556307395	0.656355727405	0.644755920735	0.647655872402	0.669405509908	0.591590140164	0.590623489609	0.587240212663	0.599323344611	0.561140647656	0.662638956017	0.55099081682	0.633639439343	0.59255679072	0.617206379894
AH4	0.314161430643	0.39584340261	0.937167713871	0.595456742388	0.617206379894	0.528274528758	0.640405993233	0.52779120348	0.532624456259	0.565007249879	0.582890285162	0.556307394877	0.520057999033	0.860318994683	0.524407926535	0.0	0.533107781537	0.535041082649	0.877718704688	0.721604639923	0.633639439343	0.556790720155	0.573707104882	0.56259062349	0.845335911068	0.601256645723	0.553890768487	0.543740937651	0.566457225713	0.586756887385	0.595940067666	0.545190913485	0.536491058482	0.547607539874	0.702754954084	0.633156114065	0.586273562107	0.569840502658	0.544707588207	0.56935717738	0.542774287095	0.674238762687	0.641855969067	0.556307394877	0.600289995167	0.586756887385	0.666505558241	0.602223296278	0.661672305462	0.625906234896	0.616723054616	0.643789270179	0.531657805703	0.52779120348	0.534557757371	0.539874335428	0.511358144031	0.627839536008	0.537457709038	0.620589656839	0.548090865152	0.606089898502
AA7	0.560657322378	0.543740937651	0.969550507492	0.640405993233	0.62735621073	0.458675688739	0.685355244079	0.461575640406	0.454325761237	0.57177380377	0.445142580957	0.57177380377	0.509424842919	0.897535041083	0.600773320445	0.533107781537	0.0	0.283228612856	0.926051232479	0.766070565491	0.599323344611	0.507491541808	0.483325277912	0.4813919768	0.871435476075	0.605606573224	0.44224262929	0.455775737071	0.523924601257	0.582406959884	0.508941517641	0.412276462059	0.426292895118	0.486708554857	0.699371677139	0.652005799903	0.465925567907	0.572257129048	0.476075398743	0.603673272112	0.547607539874	0.720637989367	0.69453842436	0.576607056549	0.526824552924	0.51377477042	0.664572257129	0.606089898502	0.658772353794	0.628806186564	0.599323344611	0.627839536008	0.5186080232	0.520057999033	0.537457709038	0.531657805703	0.533107781537	0.623489608507	0.55775737071	0.625422909618	0.491541807637	0.609473175447
AA8	0.549540840986	0.545674238763	0.964233929435	0.641372643789	0.622522957951	0.449975833736	0.683421942968	0.44900918318	0.433542774287	0.573223779604	0.44224262929	0.56935717738	0.500241662639	0.893668438859	0.600773320445	0.535041082649	0.283228612856	0.0	0.924117931368	0.765103914935	0.585306911551	0.496858385694	0.476075398743	0.475592073465	0.855002416626	0.586273562107	0.432576123731	0.456742387627	0.513291445143	0.573223779604	0.481875302078	0.370227162881	0.429192846786	0.489608506525	0.700338327695	0.651039149348	0.468825519575	0.570323827936	0.472692121798	0.595940067666	0.544707588207	0.724021266312	0.695988400193	0.570807153214	0.521507974867	0.511358144031	0.65732237796	0.60415659739	0.660222329628	0.626389560174	0.602706621556	0.636056065732	0.516674722088	0.518124697922	0.537941034316	0.529724504592	0.528757854036	0.622039632673	0.564040599323	0.623489608507	0.487191880135	0.607539874335
AB7	0.872402126631	0.88883518608	0.758820686322	0.733204446593	0.871435476075	0.92363460609	0.941034316095	0.938617689705	0.924117931368	0.938134364427	0.959400676655	0.88883518608	0.933301111648	0.725471242146	0.922184630256	0.877718704688	0.926051232479	0.924117931368	0.0	0.424842919285	0.805219913001	0.840985983567	0.935717738038	0.9212179797	0.73852102465	0.810536491058	0.897051715805	0.879168680522	0.740454325761	0.708071532141	0.892218463026	0.903334944418	0.925567907202	0.940550990817	0.942000966651	0.939101014983	0.948767520541	0.921701304978	0.954567423876	0.936684388594	0.943934267762	0.869985500242	0.880135331078	0.909134847753	0.959884001933	0.950700821653	0.932334461092	0.928951184147	0.931367810536	0.927501208313	0.935717738038	0.927501208313	0.928467858869	0.919768003867	0.920251329145	0.922667955534	0.924117931368	0.922184630256	0.925084581924	0.929917834703	0.952150797487	0.93281778637
AB8	0.714354760754	0.732721121315	0.734654422426	0.545674238763	0.747220879652	0.754470758821	0.776220396327	0.761237312711	0.753504108265	0.763170613823	0.792170130498	0.731271145481	0.762203963267	0.669888835186	0.765587240213	0.721604639923	0.766070565491	0.765103914935	0.424842919285	0.0	0.644272595457	0.667472208797	0.760270662156	0.739487675205	0.734654422426	0.654905751571	0.716288061866	0.695021749638	0.527307878202	0.532624456259	0.741904301595	0.73852102465	0.75688738521	0.76848719188	0.805703238279	0.774770420493	0.774770420493	0.753987433543	0.779120347994	0.758337361044	0.762203963267	0.721121314645	0.731754470759	0.741904301595	0.794103431609	0.782020299662	0.815853069116	0.768970517158	0.788303528275	0.769937167714	0.781053649106	0.791203479942	0.77090381827	0.766070565491	0.76848719188	0.768003866602	0.768003866602	0.78008699855	0.767037216046	0.767520541324	0.784436926051	0.772353794103
AC7	0.602706621556	0.670855485742	0.879168680522	0.658772353794	0.744320927985	0.594006766554	0.719671338811	0.589173513775	0.566457225713	0.643789270179	0.606089898502	0.689221846303	0.667472208797	0.811019816336	0.699855002417	0.633639439343	0.599323344611	0.585306911551	0.805219913001	0.644272595457	0.0	0.378443692605	0.574673755437	0.571290478492	0.810536491058	0.567423876269	0.551957467376	0.523924601257	0.477042049299	0.490091831803	0.577090381827	0.555824069599	0.569840502658	0.604639922668	0.802803286612	0.744804253262	0.631706138231	0.644272595457	0.61333977767	0.710971483809	0.672788786854	0.708071532141	0.702754954084	0.657805703238	0.61575640406	0.610439826003	0.82165297245	0.760270662156	0.797970033833	0.781053649106	0.757854035766	0.791203479942	0.683905268246	0.677138714355	0.691638472692	0.686805219913	0.672305461576	0.78250362494	0.684388593523	0.763653939101	0.614306428226	0.751570807153
AC8	0.561623972934	0.582890285162	0.906234896085	0.619623006283	0.6805219913	0.507974867086	0.691155147414	0.49540840986	0.48380860319	0.575640405993	0.534557757371	0.616723054616	0.591590140164	0.836152730788	0.628806186564	0.556790720155	0.507491541808	0.496858385694	0.840985983567	0.667472208797	0.378443692605	0.0	0.494925084582	0.48622522958	0.836636056066	0.55099081682	0.403093281779	0.370227162881	0.426292895118	0.476075398743	0.520057999033	0.471242145964	0.481875302078	0.531174480425	0.727404543258	0.673272112131	0.540840985984	0.574673755437	0.520057999033	0.631706138231	0.579023682939	0.678588690188	0.64813919768	0.576123731271	0.554857419043	0.540357660706	0.722571290478	0.659255679072	0.716771387144	0.696955050749	0.660222329628	0.690671822136	0.585790236829	0.578057032383	0.590623489609	0.597873368777	0.579990333494	0.683905268246	0.589656839053	0.680038666022	0.523441275979	0.655872402127
AD7	0.573707104882	0.599323344611	0.955050749154	0.663122281295	0.732721121315	0.514741420976	0.699371677139	0.504108264862	0.477525374577	0.594490091832	0.438376027066	0.656839052682	0.585790236829	0.885451909135	0.635089415176	0.573707104882	0.483325277912	0.476075398743	0.935717738038	0.760270662156	0.574673755437	0.494925084582	0.0	0.29627839536	0.892701788304	0.528757854036	0.421459642339	0.434026099565	0.501691638473	0.556307394877	0.500724987917	0.470275495408	0.494441759304	0.548090865152	0.742870952151	0.681971967134	0.506041565974	0.594490091832	0.532141130981	0.646689221846	0.595940067666	0.725471242146	0.702271628806	0.608989850169	0.555824069599	0.546157564041	0.744804253262	0.67133881102	0.736587723538	0.711938134364	0.677138714355	0.708071532141	0.615273078782	0.596423392943	0.608506524891	0.619139681005	0.590140164331	0.704204929918	0.608023199613	0.695021749638	0.54857419043	0.666022232963
AD8	0.574190430159	0.601256645723	0.943450942484	0.65055582407	0.723537941034	0.50700821653	0.692605123248	0.48622522958	0.477042049299	0.586756887385	0.438859352344	0.64572257129	0.590140164331	0.874818753021	0.632672788787	0.56259062349	0.4813919768	0.475592073465	0.9212179797	0.739487675205	0.571290478492	0.48622522958	0.29627839536	0.0	0.854035766071	0.48622522958	0.423876268729	0.434509424843	0.474142097632	0.531657805703	0.493475108748	0.460125664572	0.4813919768	0.544707588207	0.750604156597	0.684388593523	0.503141614306	0.58337361044	0.525857902368	0.632189463509	0.586756887385	0.715804736588	0.689221846303	0.585306911551	0.563557274045	0.546157564041	0.750604156597	0.6805219913	0.737554374094	0.709038182697	0.683421942968	0.710004833253	0.608989850169	0.595456742388	0.604639922668	0.617206379894	0.599806669889	0.710004833253	0.615273078782	0.695021749638	0.557274045433	0.67133881102
AE7	0.834219429676	0.876268728855	0.847752537458	0.785403576607	0.82648622523	0.888351860802	0.916384726921	0.903334944418	0.884968583857	0.906234896085	0.92363460609	0.851135814403	0.88883518608	0.826002899952	0.898501691638	0.845335911068	0.871435476075	0.855002416626	0.73852102465	0.734654422426	0.810536491058	0.836636056066	0.892701788304	0.854035766071	0.0	0.54857419043	0.875302078299	0.852102464959	0.768970517158	0.761720637989	0.838086031899	0.844369260512	0.896568390527	0.910584823586	0.927984533591	0.922184630256	0.918801353311	0.897051715805	0.915418076365	0.885935234413	0.904301594973	0.878202029966	0.878202029966	0.877718704688	0.93523441276	0.922184630256	0.890285161914	0.894151764137	0.911551474142	0.890768487192	0.904301594973	0.895601739971	0.895118414693	0.890285161914	0.90043499275	0.884968583857	0.903334944418	0.889318511358	0.904784920251	0.903818269696	0.91203479942	0.907684871919
AE8	0.594006766554	0.641372643789	0.885935234413	0.641855969067	0.698405026583	0.591590140164	0.695021749638	0.604639922668	0.588206863219	0.630256162397	0.632672788787	0.638472692122	0.639439342678	0.814403093282	0.689221846303	0.601256645723	0.605606573224	0.586273562107	0.810536491058	0.654905751571	0.567423876269	0.55099081682	0.528757854036	0.48622522958	0.54857419043	0.0	0.577573707105	0.549540840986	0.520057999033	0.51377477042	0.57177380377	0.5601739971	0.608506524891	0.618173030449	0.773320444659	0.717738037699	0.626389560174	0.611406476559	0.619623006283	0.65973900435	0.630256162397	0.714354760754	0.68970517158	0.621556307395	0.635572740454	0.62735621073	0.762203963267	0.700338327695	0.761720637989	0.717254712421	0.706621556307	0.740454325761	0.654422426293	0.635572740454	0.652489125181	0.643305944901	0.65055582407	0.728854519091	0.660222329628	0.71290478492	0.614789753504	0.693088448526
AF7	0.55775737071	0.561623972934	0.940067665539	0.654422426293	0.666022232963	0.474142097632	0.696471725471	0.446592556791	0.436926051232	0.575640405993	0.440309328178	0.598840019333	0.537941034316	0.86805219913	0.619623006283	0.553890768487	0.44224262929	0.432576123731	0.897051715805	0.716288061866	0.551957467376	0.403093281779	0.421459642339	0.423876268729	0.875302078299	0.577573707105	0.0	0.303044949251	0.468342194297	0.531174480425	0.479458675689	0.461575640406	0.428709521508	0.483325277912	0.689221846303	0.630739487675	0.454325761237	0.560657322378	0.487675205413	0.61333977767	0.540357660706	0.705171580474	0.672788786854	0.550507491542	0.517641372644	0.50459159014	0.68293861769	0.620106331561	0.680038666022	0.658772353794	0.616723054616	0.651522474625	0.55775737071	0.542290961817	0.547607539874	0.556790720155	0.553890768487	0.642339294345	0.579990333494	0.640889318511	0.491541807637	0.608506524891
AF8	0.550024166264	0.573223779604	0.922667955534	0.635089415176	0.693088448526	0.506041565974	0.688255195747	0.468825519575	0.460125664572	0.564040599323	0.488158530691	0.626389560174	0.567907201547	0.851619139681	0.621072982117	0.543740937651	0.455775737071	0.456742387627	0.879168680522	0.695021749638	0.523924601257	0.370227162881	0.434026099565	0.434509424843	0.852102464959	0.549540840986	0.303044949251	0.0	0.444175930401	0.504108264862	0.484775253746	0.455292411793	0.449975833736	0.511841469309	0.715804736588	0.658772353794	0.479942000967	0.554374093765	0.51377477042	0.613823102948	0.563557274045	0.68970517158	0.656839052682	0.565007249879	0.548090865152	0.536007733204	0.703238279362	0.644272595457	0.705654905752	0.684871918801	0.652005799903	0.671822136298	0.578057032383	0.570323827936	0.575640405993	0.584823586274	0.549540840986	0.661672305462	0.575157080715	0.666022232963	0.512324794587	0.639922667956
AG7	0.576607056549	0.60657322378	0.836636056066	0.54857419043	0.678588690188	0.523924601257	0.690671822136	0.494925084582	0.485258579024	0.575157080715	0.539874335428	0.615273078782	0.594006766554	0.774287095215	0.647655872402	0.566457225713	0.523924601257	0.513291445143	0.740454325761	0.527307878202	0.477042049299	0.426292895118	0.501691638473	0.474142097632	0.768970517158	0.520057999033	0.468342194297	0.444175930401	0.0	0.320444659256	0.539874335428	0.502174963751	0.501691638473	0.555340744321	0.739487675205	0.676172063799	0.532141130981	0.56935717738	0.538424359594	0.628322861286	0.579023682939	0.661672305462	0.640889318511	0.572740454326	0.580473658772	0.561623972934	0.737554374094	0.669405509908	0.723054615756	0.699855002417	0.667955534074	0.704688255196	0.604639922668	0.597873368777	0.610923151281	0.604639922668	0.608023199613	0.697438376027	0.629289511841	0.681971967134	0.565973900435	0.65732237796
AG8	0.584340260996	0.636056065732	0.844369260512	0.577090381827	0.702271628806	0.562107298212	0.684871918801	0.564523924601	0.557274045433	0.598840019333	0.598356694055	0.64572257129	0.611889801837	0.758337361044	0.666022232963	0.586756887385	0.582406959884	0.573223779604	0.708071532141	0.532624456259	0.490091831803	0.476075398743	0.556307394877	0.531657805703	0.761720637989	0.51377477042	0.531174480425	0.504108264862	0.320444659256	0.0	0.565007249879	0.547607539874	0.570323827936	0.593523441276	0.765103914935	0.705171580474	0.587240212663	0.590140164331	0.582890285162	0.646205896568	0.590140164331	0.677622039633	0.661672305462	0.60415659739	0.616239729338	0.597873368777	0.761720637989	0.688738521025	0.742387626873	0.720637989367	0.697921701305	0.721604639923	0.632189463509	0.634122764621	0.637506041566	0.640889318511	0.639922667956	0.719671338811	0.660705654906	0.699371677139	0.598356694055	0.684388593523
AH7	0.584340260996	0.637506041566	0.949250845819	0.690188496858	0.711938134364	0.556790720155	0.717254712421	0.555824069599	0.542290961817	0.626389560174	0.530691155147	0.660705654906	0.632672788787	0.884485258579	0.684871918801	0.595940067666	0.508941517641	0.481875302078	0.892218463026	0.741904301595	0.577090381827	0.520057999033	0.500724987917	0.493475108748	0.838086031899	0.57177380377	0.479458675689	0.484775253746	0.539874335428	0.565007249879	0.0	0.344610923151	0.564040599323	0.612373127115	0.775253745771	0.723537941034	0.553407443209	0.645239246013	0.596423392943	0.668438859352	0.642339294345	0.769937167714	0.744804253262	0.656355727405	0.624456259062	0.609473175447	0.764620589657	0.712421459642	0.759787336878	0.720637989367	0.708554857419	0.73368777187	0.627839536008	0.626872885452	0.631706138231	0.63653939101	0.629772837119	0.727404543258	0.640405993233	0.71532141131	0.603189946834	0.710971483809
AH8	0.543257612373	0.578540357661	0.952150797487	0.652972450459	0.669888835186	0.50700821653	0.690671822136	0.492508458192	0.488158530691	0.587723537941	0.510874818753	0.621556307395	0.562107298212	0.8796520058	0.623006283229	0.545190913485	0.412276462059	0.370227162881	0.903334944418	0.73852102465	0.555824069599	0.471242145964	0.470275495408	0.460125664572	0.844369260512	0.5601739971	0.461575640406	0.455292411793	0.502174963751	0.547607539874	0.344610923151	0.0	0.481875302078	0.53939101015	0.743837602707	0.688255195747	0.52537457709	0.594006766554	0.529241179314	0.61333977767	0.583856935718	0.719671338811	0.699371677139	0.601739971	0.565007249879	0.550507491542	0.704688255196	0.654422426293	0.711454809087	0.666988883519	0.651039149348	0.678105364911	0.568873852102	0.56935717738	0.579990333494	0.575157080715	0.555824069599	0.664572257129	0.579023682939	0.664572257129	0.540840985984	0.654905751571
AA5	0.57177380377	0.511841469309	0.954084098598	0.646689221846	0.617206379894	0.441275978734	0.634122764621	0.386176897052	0.402126631223	0.52779120348	0.443692605123	0.547607539874	0.512324794587	0.880135331078	0.552440792653	0.536491058482	0.426292895118	0.429192846786	0.925567907202	0.75688738521	0.569840502658	0.481875302078	0.494441759304	0.4813919768	0.896568390527	0.608506524891	0.428709521508	0.449975833736	0.501691638473	0.570323827936	0.564040599323	0.481875302078	0.0	0.352827452876	0.677622039633	0.586756887385	0.465925567907	0.483325277912	0.447559207347	0.551474142098	0.484291928468	0.630739487675	0.594490091832	0.479942000967	0.512324794587	0.480908651522	0.69453842436	0.631706138231	0.663122281295	0.65055582407	0.644272595457	0.678105364911	0.519574673755	0.552924117931	0.570807153214	0.561140647656	0.531657805703	0.662638956017	0.5601739971	0.633639439343	0.493958434026	0.625422909618
AA6	0.588690188497	0.526824552924	0.961333977767	0.660222329628	0.634606089899	0.470758820686	0.65055582407	0.434992750121	0.458192363461	0.540840985984	0.497825036249	0.568390526825	0.514741420976	0.884001933301	0.581923634606	0.547607539874	0.486708554857	0.489608506525	0.940550990817	0.76848719188	0.604639922668	0.531174480425	0.548090865152	0.544707588207	0.910584823586	0.618173030449	0.483325277912	0.511841469309	0.555340744321	0.593523441276	0.612373127115	0.53939101015	0.352827452876	0.0	0.658289028516	0.568873852102	0.506041565974	0.508458192363	0.468342194297	0.574673755437	0.481875302078	0.665538907685	0.629289511841	0.521024649589	0.434992750121	0.419526341228	0.683905268246	0.620106331561	0.652005799903	0.642822619623	0.628322861286	0.660222329628	0.522957950701	0.539874335428	0.558240695988	0.551957467376	0.540357660706	0.649589173514	0.568873852102	0.625422909618	0.509424842919	0.612373127115
AB5	0.744804253262	0.656839052682	0.969067182214	0.735621072982	0.636056065732	0.624456259062	0.726437892702	0.645239246013	0.661672305462	0.690188496858	0.676655389077	0.601739971	0.656839052682	0.903334944418	0.699855002417	0.702754954084	0.699371677139	0.700338327695	0.942000966651	0.805703238279	0.802803286612	0.727404543258	0.742870952151	0.750604156597	0.927984533591	0.773320444659	0.689221846303	0.715804736588	0.739487675205	0.765103914935	0.775253745771	0.743837602707	0.677622039633	0.658289028516	0.0	0.325277912035	0.608506524891	0.672305461576	0.631706138231	0.619623006283	0.598840019333	0.735621072982	0.735621072982	0.636056065732	0.624456259062	0.615273078782	0.624456259062	0.609473175447	0.627839536008	0.608023199613	0.619623006283	0.617206379894	0.587240212663	0.595940067666	0.610923151281	0.612373127115	0.663122281295	0.596423392943	0.658772353794	0.598840019333	0.66892218463	0.617206379894
AB6	0.683905268246	0.583856935718	0.960850652489	0.682455292412	0.589173513775	0.550507491542	0.654905751571	0.56259062349	0.589173513775	0.608989850169	0.618656355727	0.5186080232	0.605606573224	0.894151764137	0.62735621073	0.633156114065	0.652005799903	0.651039149348	0.939101014983	0.774770420493	0.744804253262	0.673272112131	0.681971967134	0.684388593523	0.922184630256	0.717738037699	0.630739487675	0.658772353794	0.676172063799	0.705171580474	0.723537941034	0.688255195747	0.586756887385	0.568873852102	0.325277912035	0.0	0.555340744321	0.582406959884	0.567907201547	0.561140647656	0.531657805703	0.667472208797	0.651039149348	0.533591106815	0.55099081682	0.541324311261	0.590140164331	0.532624456259	0.572257129048	0.550507491542	0.550507491542	0.578057032383	0.503141614306	0.550024166264	0.562107298212	0.564523924601	0.598840019333	0.552924117931	0.593523441276	0.535524407927	0.622522957951	0.535524407927
AC5	0.603189946834	0.574673755437	0.970517158047	0.665538907685	0.632672788787	0.442725954567	0.680038666022	0.449492508458	0.436926051232	0.562107298212	0.429676172064	0.548090865152	0.53697438376	0.895118414693	0.629772837119	0.586273562107	0.465925567907	0.468825519575	0.948767520541	0.774770420493	0.631706138231	0.540840985984	0.506041565974	0.503141614306	0.918801353311	0.626389560174	0.454325761237	0.479942000967	0.532141130981	0.587240212663	0.553407443209	0.52537457709	0.465925567907	0.506041565974	0.608506524891	0.555340744321	0.0	0.46060898985	0.443209279845	0.577090381827	0.506524891252	0.716771387144	0.677622039633	0.549057515708	0.453359110681	0.446109231513	0.598840019333	0.551957467376	0.608023199613	0.573707104882	0.555824069599	0.58095698405	0.487675205413	0.482358627356	0.489608506525	0.509908168197	0.566457225713	0.578057032383	0.588206863219	0.554857419043	0.506041565974	0.540357660706
AC6	0.621556307395	0.515224746254	0.947800869986	0.652005799903	0.605606573224	0.518124697922	0.541324311261	0.483325277912	0.526824552924	0.459159014016	0.565490575157	0.543257612373	0.558240695988	0.867085548574	0.556307394877	0.569840502658	0.572257129048	0.570323827936	0.921701304978	0.753987433543	0.644272595457	0.574673755437	0.594490091832	0.58337361044	0.897051715805	0.611406476559	0.560657322378	0.554374093765	0.56935717738	0.590140164331	0.645239246013	0.594006766554	0.483325277912	0.508458192363	0.672305461576	0.582406959884	0.46060898985	0.0	0.525857902368	0.521024649589	0.502658289029	0.492508458192	0.451909134848	0.440792653456	0.56259062349	0.560657322378	0.689221846303	0.632672788787	0.675205413243	0.655389076849	0.652972450459	0.683421942968	0.573707104882	0.583856935718	0.590140164331	0.580473658772	0.558724021266	0.667955534074	0.570807153214	0.634122764621	0.554857419043	0.632672788787
AD6	0.587723537941	0.537941034316	0.969550507492	0.639439342678	0.591590140164	0.401159980667	0.63653939101	0.421942967617	0.422909618173	0.524891251812	0.44224262929	0.514258095698	0.510874818753	0.890285161914	0.589173513775	0.544707588207	0.476075398743	0.472692121798	0.954567423876	0.779120347994	0.61333977767	0.520057999033	0.532141130981	0.525857902368	0.915418076365	0.619623006283	0.487675205413	0.51377477042	0.538424359594	0.582890285162	0.596423392943	0.529241179314	0.447559207347	0.468342194297	0.631706138231	0.567907201547	0.443209279845	0.525857902368	0.0	0.537457709038	0.405509908168	0.695988400193	0.666022232963	0.529241179314	0.468825519575	0.456259062349	0.622039632673	0.552924117931	0.601739971	0.571290478492	0.56935717738	0.604639922668	0.482358627356	0.479458675689	0.492025132914	0.482358627356	0.536007733204	0.586273562107	0.551474142098	0.566457225713	0.461092315128	0.559690671822
AE5	0.630739487675	0.522474625423	0.969067182214	0.635089415176	0.568873852102	0.538424359594	0.571290478492	0.538424359594	0.592073465442	0.524407926535	0.611889801837	0.505558240696	0.56259062349	0.887385210246	0.547124214596	0.56935717738	0.603673272112	0.595940067666	0.936684388594	0.758337361044	0.710971483809	0.631706138231	0.646689221846	0.632189463509	0.885935234413	0.65973900435	0.61333977767	0.613823102948	0.628322861286	0.646205896568	0.668438859352	0.61333977767	0.551474142098	0.574673755437	0.619623006283	0.561140647656	0.577090381827	0.521024649589	0.537457709038	0.0	0.352827452876	0.610439826003	0.583856935718	0.501208313195	0.622039632673	0.61333977767	0.655389076849	0.604639922668	0.625422909618	0.61333977767	0.623972933784	0.646205896568	0.52779120348	0.568390526825	0.584823586274	0.561140647656	0.550024166264	0.639922667956	0.549540840986	0.597873368777	0.566940550991	0.611889801837
AE6	0.608989850169	0.511841469309	0.967133881102	0.635089415176	0.574673755437	0.463992266796	0.583856935718	0.461575640406	0.513291445143	0.50700821653	0.529241179314	0.507491541808	0.505558240696	0.883518608023	0.565007249879	0.542774287095	0.547607539874	0.544707588207	0.943934267762	0.762203963267	0.672788786854	0.579023682939	0.595940067666	0.586756887385	0.904301594973	0.630256162397	0.540357660706	0.563557274045	0.579023682939	0.590140164331	0.642339294345	0.583856935718	0.484291928468	0.481875302078	0.598840019333	0.531657805703	0.506524891252	0.502658289029	0.405509908168	0.352827452876	0.0	0.64572257129	0.61575640406	0.48380860319	0.534074432093	0.521507974867	0.626389560174	0.564523924601	0.600289995167	0.591590140164	0.586756887385	0.61333977767	0.482841952634	0.507974867086	0.520057999033	0.509908168197	0.534557757371	0.599323344611	0.552440792653	0.570807153214	0.505074915418	0.571290478492
AF5	0.721121314645	0.625422909618	0.926534557757	0.661188980184	0.663122281295	0.677622039633	0.565007249879	0.642339294345	0.683905268246	0.589173513775	0.718704688255	0.632672788787	0.675205413243	0.849685838569	0.612856452392	0.674238762687	0.720637989367	0.724021266312	0.869985500242	0.721121314645	0.708071532141	0.678588690188	0.725471242146	0.715804736588	0.878202029966	0.714354760754	0.705171580474	0.68970517158	0.661672305462	0.677622039633	0.769937167714	0.719671338811	0.630739487675	0.665538907685	0.735621072982	0.667472208797	0.716771387144	0.492508458192	0.695988400193	0.610439826003	0.64572257129	0.0	0.291928467859	0.537457709038	0.718704688255	0.709038182697	0.756404059932	0.709038182697	0.73368777187	0.717738037699	0.730304494925	0.757370710488	0.68970517158	0.71290478492	0.724021266312	0.711938134364	0.681005316578	0.736587723538	0.672305461576	0.706621556307	0.714838086032	0.713871435476
AF6	0.695988400193	0.59497341711	0.932334461092	0.667955534074	0.652972450459	0.652972450459	0.535524407927	0.609956500725	0.64813919768	0.55775737071	0.694055099082	0.617689705172	0.646205896568	0.860802319961	0.575157080715	0.641855969067	0.69453842436	0.695988400193	0.880135331078	0.731754470759	0.702754954084	0.64813919768	0.702271628806	0.689221846303	0.878202029966	0.68970517158	0.672788786854	0.656839052682	0.640889318511	0.661672305462	0.744804253262	0.699371677139	0.594490091832	0.629289511841	0.735621072982	0.651039149348	0.677622039633	0.451909134848	0.666022232963	0.583856935718	0.61575640406	0.291928467859	0.0	0.507974867086	0.695988400193	0.685355244079	0.757854035766	0.704688255196	0.722087965201	0.708554857419	0.708071532141	0.749637506042	0.65973900435	0.686321894635	0.693571773804	0.68293861769	0.64572257129	0.734171097148	0.637989366844	0.697921701305	0.687771870469	0.700338327695
