	AA3	AA4	AB3	AB4	AC3	AC4	AD3	AD4	AE3	AE4	AF3	AF4	AG3	AG4	AH3	AH4	AA7	AA8	AB7	AB8	AC7	AC8	AD7	AD8	AE7	AE8	AF7	AF8	AG7	AG8	AH7	AH8	AA5	AA6	AB5	AB6	AC5	AC6	AD6	AE5	AE6	AF5	AF6	AG5	AH5	AH6	AA1	AA2	AB1	AB2	AC1	AC2	AD1	AD2	AE1	AE2	AF1	AF2	AG1	AG2	AH1	AH2
AA3	0.0	0.480908651522	0.929434509425	0.65055582407	0.641372643789	0.574190430159	0.674722087965	0.603189946834	0.574190430159	0.625906234896	0.607056549058	0.625422909618	0.589173513775	0.845819236346	0.654905751571	0.345577573707	0.585790236829	0.583856935718	0.863218946351	0.718704688255	0.605606573224	0.56935717738	0.593040115998	0.586273562107	0.831319478009	0.586756887385	0.575157080715	0.563557274045	0.593040115998	0.593040115998	0.590140164331	0.565490575157	0.582890285162	0.600773320445	0.750604156597	0.68970517158	0.605606573224	0.640889318511	0.597873368777	0.632189463509	0.616239729338	0.709521507975	0.696955050749	0.620589656839	0.626872885452	0.631222812953	0.681488641856	0.649589173514	0.716771387144	0.655389076849	0.635089415176	0.680038666022	0.575640405993	0.550507491542	0.579507008217	0.574190430159	0.579023682939	0.65973900435	0.588690188497	0.681971967134	0.577573707105	0.650072498792
AA4	0.480908651522	0.0	0.938134364427	0.582890285162	0.545674238763	0.492508458192	0.581440309328	0.466408893185	0.500724987917	0.499275012083	0.561140647656	0.500241662639	0.485741904302	0.847752537458	0.383760270662	0.356210729821	0.533107781537	0.521024649589	0.883035282745	0.720637989367	0.635572740454	0.558724021266	0.577573707105	0.55775737071	0.864668922185	0.600773320445	0.543257612373	0.539874335428	0.606089898502	0.596423392943	0.619139681005	0.576607056549	0.511358144031	0.527307878202	0.666505558241	0.593040115998	0.570323827936	0.513291445143	0.522957950701	0.51377477042	0.482841952634	0.601256645723	0.580473658772	0.50459159014	0.58095698405	0.572740454326	0.637989366844	0.575640405993	0.629772837119	0.585790236829	0.587240212663	0.632672788787	0.522474625423	0.500724987917	0.505558240696	0.521991300145	0.4813919768	0.613823102948	0.513291445143	0.615273078782	0.508458192363	0.575157080715
AB3	0.929434509425	0.938134364427	0.0	0.666022232963	0.9212179797	0.950700821653	0.954084098598	0.948284195263	0.927017883035	0.945867568874	0.969550507492	0.942000966651	0.961333977767	0.353310778154	0.959884001933	0.943934267762	0.970033832769	0.963750604157	0.739004349928	0.753020782987	0.887385210246	0.90285161914	0.956984050266	0.948284195263	0.850169163847	0.895118414693	0.938617689705	0.930401159981	0.850652489125	0.852585790237	0.949734171097	0.947317544708	0.948284195263	0.957950700822	0.970033832769	0.963750604157	0.969067182214	0.953117448043	0.968583856936	0.96761720638	0.969550507492	0.939101014983	0.929917834703	0.94683421943	0.973900434993	0.969550507492	0.96761720638	0.970033832769	0.968583856936	0.969067182214	0.968583856936	0.968100531658	0.971967133881	0.971000483325	0.973900434993	0.969067182214	0.968100531658	0.96761720638	0.968100531658	0.971000483325	0.970517158047	0.96761720638
AB4	0.65055582407	0.582890285162	0.666022232963	0.0	0.644272595457	0.608023199613	0.702754954084	0.611889801837	0.612856452392	0.628322861286	0.646689221846	0.624456259062	0.48622522958	0.55099081682	0.610439826003	0.605123247946	0.640405993233	0.634122764621	0.722087965201	0.581440309328	0.655389076849	0.623972933784	0.665055582407	0.64572257129	0.795070082165	0.644272595457	0.656839052682	0.64813919768	0.585306911551	0.590140164331	0.698888351861	0.661672305462	0.644272595457	0.656839052682	0.720154664089	0.674238762687	0.653455775737	0.647655872402	0.632672788787	0.635572740454	0.620589656839	0.663122281295	0.64572257129	0.627839536008	0.687288545191	0.682455292412	0.682455292412	0.655872402127	0.697921701305	0.663605606573	0.661672305462	0.676172063799	0.634122764621	0.640405993233	0.65055582407	0.633639439343	0.64572257129	0.676655389077	0.640889318511	0.669405509908	0.652489125181	0.652005799903
AC3	0.641372643789	0.545674238763	0.9212179797	0.644272595457	0.0	0.493475108748	0.653455775737	0.544224262929	0.558724021266	0.576607056549	0.611889801837	0.311744804253	0.603673272112	0.834702754954	0.600289995167	0.589656839053	0.614306428226	0.599323344611	0.875302078299	0.759787336878	0.724021266312	0.668438859352	0.712421459642	0.683421942968	0.834702754954	0.677138714355	0.656839052682	0.658289028516	0.685355244079	0.686805219913	0.698888351861	0.665055582407	0.605123247946	0.625906234896	0.618656355727	0.580473658772	0.613823102948	0.587723537941	0.568873852102	0.550507491542	0.547124214596	0.642822619623	0.639439342678	0.557274045433	0.634606089899	0.635089415176	0.574673755437	0.581923634606	0.567907201547	0.554857419043	0.579990333494	0.580473658772	0.5186080232	0.545674238763	0.578540357661	0.558240695988	0.607539874335	0.558240695988	0.595940067666	0.578540357661	0.607056549058	0.577090381827
AC4	0.574190430159	0.492508458192	0.950700821653	0.608023199613	0.493475108748	0.0	0.623006283229	0.403576607057	0.400676655389	0.498791686805	0.332527791203	0.420492991783	0.489608506525	0.859352344128	0.556307394877	0.515224746254	0.463992266796	0.458192363461	0.927984533591	0.763170613823	0.573707104882	0.509424842919	0.505074915418	0.482358627356	0.897051715805	0.584340260996	0.49299178347	0.501691638473	0.550024166264	0.559207346544	0.578540357661	0.521507974867	0.4398260029	0.454809086515	0.655872402127	0.579507008217	0.464475592073	0.51619139681	0.421942967617	0.544707588207	0.471242145964	0.669405509908	0.641372643789	0.503141614306	0.514741420976	0.507491541808	0.639922667956	0.588206863219	0.622522957951	0.586756887385	0.581923634606	0.625422909618	0.498791686805	0.489608506525	0.522957950701	0.514258095698	0.53020782987	0.605606573224	0.544707588207	0.597873368777	0.471725471242	0.575640405993
AD3	0.674722087965	0.581440309328	0.954084098598	0.702754954084	0.653455775737	0.623006283229	0.0	0.529241179314	0.637022716288	0.358627356211	0.678105364911	0.608989850169	0.642339294345	0.867568873852	0.577573707105	0.637989366844	0.683905268246	0.677138714355	0.937651039149	0.773320444659	0.695988400193	0.693571773804	0.695021749638	0.690671822136	0.917834702755	0.689221846303	0.699371677139	0.690188496858	0.68293861769	0.679555340744	0.719671338811	0.687771870469	0.631706138231	0.656839052682	0.752537457709	0.674238762687	0.673755437409	0.543740937651	0.634606089899	0.585306911551	0.576123731271	0.568873852102	0.542774287095	0.551474142098	0.698888351861	0.693088448526	0.766553890768	0.707588206863	0.741904301595	0.717254712421	0.712421459642	0.74770420493	0.659255679072	0.663605606573	0.672305461576	0.663605606573	0.626872885452	0.732237796037	0.647655872402	0.731271145481	0.693088448526	0.710004833253
AD4	0.603189946834	0.466408893185	0.948284195263	0.611889801837	0.544224262929	0.403576607057	0.529241179314	0.0	0.31706138231	0.392943450942	0.440309328178	0.491058482359	0.491058482359	0.861768970517	0.525857902368	0.523441275979	0.455292411793	0.448525857902	0.941517641373	0.774287095215	0.588206863219	0.509908168197	0.502174963751	0.4813919768	0.903818269696	0.589656839053	0.465925567907	0.458675688739	0.523441275979	0.557274045433	0.556307394877	0.501691638473	0.408409859836	0.447075882069	0.661672305462	0.571290478492	0.464958917351	0.488641855969	0.447559207347	0.548090865152	0.472692121798	0.633639439343	0.601256645723	0.482358627356	0.514258095698	0.493958434026	0.648622522958	0.578057032383	0.628322861286	0.603189946834	0.590623489609	0.635572740454	0.50459159014	0.489608506525	0.50700821653	0.521991300145	0.516674722088	0.61575640406	0.547607539874	0.621556307395	0.488641855969	0.581923634606
AE3	0.574190430159	0.500724987917	0.927017883035	0.612856452392	0.558724021266	0.400676655389	0.637022716288	0.31706138231	0.0	0.491541807637	0.407926534558	0.512808119865	0.508941517641	0.848719188014	0.566457225713	0.532141130981	0.453359110681	0.447559207347	0.917351377477	0.751570807153	0.554374093765	0.478492025133	0.479942000967	0.454325761237	0.884968583857	0.574673755437	0.4398260029	0.449492508458	0.50459159014	0.541807636539	0.538424359594	0.493958434026	0.409859835669	0.449975833736	0.670372160464	0.591106814886	0.446109231513	0.52537457709	0.448042532624	0.587723537941	0.517641372644	0.668438859352	0.641855969067	0.519091348478	0.505074915418	0.487191880135	0.658772353794	0.598840019333	0.646689221846	0.615273078782	0.599806669889	0.64813919768	0.523441275979	0.508941517641	0.525857902368	0.536491058482	0.537457709038	0.633156114065	0.571290478492	0.62735621073	0.49299178347	0.595456742388
AE4	0.625906234896	0.499275012083	0.945867568874	0.628322861286	0.576607056549	0.498791686805	0.358627356211	0.392943450942	0.491541807637	0.0	0.55775737071	0.522474625423	0.565973900435	0.859352344128	0.526341227646	0.554374093765	0.573223779604	0.564523924601	0.937167713871	0.770420492992	0.631706138231	0.577090381827	0.584823586274	0.568873852102	0.916868052199	0.611889801837	0.58095698405	0.570807153214	0.59497341711	0.591106814886	0.631706138231	0.581440309328	0.515224746254	0.538424359594	0.697438376027	0.609956500725	0.561140647656	0.469308844853	0.523441275979	0.527307878202	0.50700821653	0.572257129048	0.541807636539	0.496858385694	0.595940067666	0.577573707105	0.707104881585	0.640889318511	0.683905268246	0.664572257129	0.656839052682	0.687771870469	0.585306911551	0.574673755437	0.585306911551	0.589173513775	0.552924117931	0.670372160464	0.573223779604	0.6805219913	0.583856935718	0.64813919768
AF3	0.607056549058	0.561140647656	0.969550507492	0.646689221846	0.611889801837	0.332527791203	0.678105364911	0.440309328178	0.407926534558	0.55775737071	0.0	0.532141130981	0.526341227646	0.884485258579	0.610923151281	0.564523924601	0.445625906235	0.453842435959	0.951184146931	0.784920251329	0.593523441276	0.532624456259	0.454325761237	0.425326244563	0.913001449976	0.607056549058	0.449975833736	0.496858385694	0.55775737071	0.590623489609	0.527307878202	0.5186080232	0.4398260029	0.487675205413	0.671822136298	0.616723054616	0.415176413726	0.558724021266	0.453842435959	0.605123247946	0.526341227646	0.713871435476	0.684871918801	0.550507491542	0.515708071532	0.507491541808	0.664088931851	0.607056549058	0.658289028516	0.619139681005	0.604639922668	0.648622522958	0.534074432093	0.507974867086	0.534557757371	0.536007733204	0.575640405993	0.632189463509	0.59255679072	0.625422909618	0.50700821653	0.595456742388
AF4	0.625422909618	0.500241662639	0.942000966651	0.624456259062	0.311744804253	0.420492991783	0.608989850169	0.491058482359	0.512808119865	0.522474625423	0.532141130981	0.0	0.550024166264	0.854519091348	0.556307394877	0.54857419043	0.565490575157	0.552924117931	0.902368293862	0.746254229096	0.687288545191	0.631706138231	0.657805703238	0.633156114065	0.860318994683	0.640405993233	0.611406476559	0.613823102948	0.648622522958	0.651039149348	0.668438859352	0.622522957951	0.557274045433	0.581923634606	0.589173513775	0.511358144031	0.556790720155	0.546640889319	0.511358144031	0.499758337361	0.500724987917	0.617689705172	0.604639922668	0.512808119865	0.566940550991	0.565490575157	0.573223779604	0.519574673755	0.555340744321	0.518124697922	0.528757854036	0.559207346544	0.473658772354	0.50700821653	0.521507974867	0.5186080232	0.566940550991	0.538907684872	0.561140647656	0.538424359594	0.550024166264	0.514741420976
AG3	0.589173513775	0.485741904302	0.961333977767	0.48622522958	0.603673272112	0.489608506525	0.642339294345	0.491058482359	0.508941517641	0.565973900435	0.526341227646	0.550024166264	0.0	0.846785886902	0.520057999033	0.521991300145	0.494925084582	0.481875302078	0.933301111648	0.767037216046	0.646689221846	0.572257129048	0.579507008217	0.571290478492	0.890768487192	0.623972933784	0.540357660706	0.545674238763	0.61333977767	0.614306428226	0.631222812953	0.574673755437	0.520541324311	0.515224746254	0.661672305462	0.598356694055	0.542290961817	0.551474142098	0.50459159014	0.565973900435	0.498308361527	0.668438859352	0.640405993233	0.53020782987	0.561623972934	0.540357660706	0.611406476559	0.572740454326	0.629772837119	0.595456742388	0.575157080715	0.603189946834	0.509908168197	0.505074915418	0.517158047366	0.517158047366	0.539874335428	0.615273078782	0.55775737071	0.600289995167	0.493475108748	0.572257129048
AG4	0.845819236346	0.847752537458	0.353310778154	0.55099081682	0.834702754954	0.859352344128	0.867568873852	0.861768970517	0.848719188014	0.859352344128	0.884485258579	0.854519091348	0.846785886902	0.0	0.871435476075	0.851619139681	0.892218463026	0.887385210246	0.706138231029	0.672305461576	0.81488641856	0.829869502175	0.874335427743	0.869018849686	0.821169647173	0.818753020783	0.863218946351	0.857419043016	0.770420492992	0.756404059932	0.876752054132	0.868535524408	0.869018849686	0.878202029966	0.899468342194	0.888351860802	0.885451909135	0.86805219913	0.884968583857	0.8796520058	0.882068632189	0.853552440793	0.845819236346	0.866118898018	0.893185113581	0.893185113581	0.886901884969	0.889318511358	0.887385210246	0.884001933301	0.889318511358	0.884485258579	0.89125181247	0.885935234413	0.89125181247	0.887385210246	0.885935234413	0.889318511358	0.883035282745	0.887868535524	0.889318511358	0.885935234413
AH3	0.654905751571	0.383760270662	0.959884001933	0.610439826003	0.600289995167	0.556307394877	0.577573707105	0.525857902368	0.566457225713	0.526341227646	0.610923151281	0.556307394877	0.520057999033	0.871435476075	0.0	0.522957950701	0.586273562107	0.581923634606	0.931367810536	0.772353794103	0.693088448526	0.626872885452	0.630256162397	0.631222812953	0.901401643306	0.679555340744	0.627839536008	0.621556307395	0.674722087965	0.671822136298	0.686321894635	0.641855969067	0.54857419043	0.581923634606	0.709521507975	0.641855969067	0.632189463509	0.551957467376	0.584340260996	0.555340744321	0.547124214596	0.598356694055	0.574673755437	0.545674238763	0.642339294345	0.628806186564	0.693088448526	0.62493958434	0.665538907685	0.640405993233	0.641372643789	0.678105364911	0.599806669889	0.58337361044	0.581923634606	0.598356694055	0.567907201547	0.666988883519	0.567423876269	0.646689221846	0.585790236829	0.616723054616
AH4	0.345577573707	0.356210729821	0.943934267762	0.605123247946	0.589656839053	0.515224746254	0.637989366844	0.523441275979	0.532141130981	0.554374093765	0.564523924601	0.54857419043	0.521991300145	0.851619139681	0.522957950701	0.0	0.537941034316	0.533591106815	0.878202029966	0.732721121315	0.625422909618	0.565007249879	0.580473658772	0.555340744321	0.852585790237	0.598356694055	0.5601739971	0.547607539874	0.586756887385	0.594006766554	0.593523441276	0.554857419043	0.549057515708	0.555340744321	0.688255195747	0.623489608507	0.572740454326	0.578540357661	0.533107781537	0.561140647656	0.532141130981	0.65973900435	0.641855969067	0.555824069599	0.594006766554	0.589173513775	0.633156114065	0.58337361044	0.655872402127	0.593523441276	0.588206863219	0.629289511841	0.510874818753	0.490575157081	0.524891251812	0.512324794587	0.510391493475	0.610923151281	0.519091348478	0.622522957951	0.529724504592	0.582890285162
AA7	0.585790236829	0.533107781537	0.970033832769	0.640405993233	0.614306428226	0.463992266796	0.683905268246	0.455292411793	0.453359110681	0.573223779604	0.445625906235	0.565490575157	0.494925084582	0.892218463026	0.586273562107	0.537941034316	0.0	0.27549540841	0.920251329145	0.769453842436	0.590623489609	0.502658289029	0.480908651522	0.471725471242	0.872402126631	0.587723537941	0.441275978734	0.449975833736	0.556307394877	0.583856935718	0.525857902368	0.445625906235	0.419526341228	0.474142097632	0.703238279362	0.643305944901	0.46979217013	0.566940550991	0.487675205413	0.601739971	0.541807636539	0.712421459642	0.68293861769	0.569840502658	0.545190913485	0.509908168197	0.652972450459	0.598840019333	0.663122281295	0.622039632673	0.58337361044	0.632189463509	0.511841469309	0.494925084582	0.516674722088	0.524891251812	0.541807636539	0.619623006283	0.550507491542	0.637989366844	0.481875302078	0.587723537941
AA8	0.583856935718	0.521024649589	0.963750604157	0.634122764621	0.599323344611	0.458192363461	0.677138714355	0.448525857902	0.447559207347	0.564523924601	0.453842435959	0.552924117931	0.481875302078	0.887385210246	0.581923634606	0.533591106815	0.27549540841	0.0	0.915418076365	0.763170613823	0.587240212663	0.497341710971	0.484775253746	0.471242145964	0.861768970517	0.575157080715	0.443209279845	0.446109231513	0.545190913485	0.574673755437	0.495891735138	0.404543257612	0.41904301595	0.470758820686	0.696471725471	0.63653939101	0.480908651522	0.556790720155	0.488641855969	0.595940067666	0.535041082649	0.708071532141	0.675205413243	0.559207346544	0.540357660706	0.507974867086	0.643305944901	0.597390043499	0.662155630739	0.611889801837	0.580473658772	0.628322861286	0.509424842919	0.490575157081	0.511841469309	0.519091348478	0.540357660706	0.614789753504	0.550507491542	0.635572740454	0.484291928468	0.582890285162
AB7	0.863218946351	0.883035282745	0.739004349928	0.722087965201	0.875302078299	0.927984533591	0.937651039149	0.941517641373	0.917351377477	0.937167713871	0.951184146931	0.902368293862	0.933301111648	0.706138231029	0.931367810536	0.878202029966	0.920251329145	0.915418076365	0.0	0.399710004833	0.820202996617	0.838086031899	0.93281778637	0.927984533591	0.731754470759	0.817786370227	0.898018366361	0.873368777187	0.740937651039	0.712421459642	0.881101981634	0.89125181247	0.922667955534	0.938134364427	0.941517641373	0.934751087482	0.938617689705	0.9212179797	0.952634122765	0.930401159981	0.940067665539	0.870952150797	0.881101981634	0.911068148864	0.963267278879	0.955050749154	0.923151280812	0.929434509425	0.935717738038	0.926534557757	0.925084581924	0.916384726921	0.914934751087	0.910584823586	0.9212179797	0.911068148864	0.92363460609	0.913484775254	0.916384726921	0.929434509425	0.946350894152	0.920734654422
AB8	0.718704688255	0.720637989367	0.753020782987	0.581440309328	0.759787336878	0.763170613823	0.773320444659	0.774287095215	0.751570807153	0.770420492992	0.784920251329	0.746254229096	0.767037216046	0.672305461576	0.772353794103	0.732721121315	0.769453842436	0.763170613823	0.399710004833	0.0	0.65055582407	0.671822136298	0.755920734654	0.749154180764	0.725471242146	0.652005799903	0.727887868536	0.704688255196	0.535041082649	0.528274528758	0.73852102465	0.733204446593	0.755920734654	0.771387143548	0.815369743838	0.776220396327	0.774287095215	0.758337361044	0.78250362494	0.765103914935	0.769937167714	0.727887868536	0.726437892702	0.747220879652	0.8008699855	0.792653455776	0.811986466892	0.774287095215	0.799420009667	0.773803769937	0.77767037216	0.78927017883	0.768003866602	0.761720637989	0.773320444659	0.762203963267	0.758337361044	0.774770420493	0.759787336878	0.775253745771	0.780570323828	0.768970517158
AC7	0.605606573224	0.635572740454	0.887385210246	0.655389076849	0.724021266312	0.573707104882	0.695988400193	0.588206863219	0.554374093765	0.631706138231	0.593523441276	0.687288545191	0.646689221846	0.81488641856	0.693088448526	0.625422909618	0.590623489609	0.587240212663	0.820202996617	0.65055582407	0.0	0.368777187047	0.574673755437	0.564523924601	0.818269695505	0.56935717738	0.556307394877	0.524407926535	0.488158530691	0.492025132914	0.573707104882	0.553407443209	0.554374093765	0.594006766554	0.798936684389	0.73852102465	0.625422909618	0.633156114065	0.605123247946	0.704688255196	0.663605606573	0.697438376027	0.678105364911	0.633639439343	0.627839536008	0.621072982117	0.799420009667	0.73852102465	0.788786853552	0.768003866602	0.734171097148	0.78008699855	0.667472208797	0.639922667956	0.666505558241	0.673272112131	0.655872402127	0.770420492992	0.669888835186	0.766070565491	0.610439826003	0.738037699372
AC8	0.56935717738	0.558724021266	0.90285161914	0.623972933784	0.668438859352	0.509424842919	0.693571773804	0.509908168197	0.478492025133	0.577090381827	0.532624456259	0.631706138231	0.572257129048	0.829869502175	0.626872885452	0.565007249879	0.502658289029	0.497341710971	0.838086031899	0.671822136298	0.368777187047	0.0	0.488158530691	0.487191880135	0.835186080232	0.543740937651	0.392943450942	0.366360560657	0.456742387627	0.471242145964	0.528757854036	0.4813919768	0.468342194297	0.501208313195	0.726437892702	0.671822136298	0.541324311261	0.578540357661	0.540840985984	0.630739487675	0.596423392943	0.672788786854	0.642822619623	0.574190430159	0.555824069599	0.539874335428	0.722087965201	0.661188980184	0.728371193813	0.698405026583	0.654905751571	0.700338327695	0.595940067666	0.568873852102	0.581923634606	0.600773320445	0.58095698405	0.692605123248	0.598840019333	0.701788303528	0.531174480425	0.656839052682
AD7	0.593040115998	0.577573707105	0.956984050266	0.665055582407	0.712421459642	0.505074915418	0.695021749638	0.502174963751	0.479942000967	0.584823586274	0.454325761237	0.657805703238	0.579507008217	0.874335427743	0.630256162397	0.580473658772	0.480908651522	0.484775253746	0.93281778637	0.755920734654	0.574673755437	0.488158530691	0.0	0.303528274529	0.896568390527	0.521024649589	0.425809569841	0.455292411793	0.521507974867	0.552440792653	0.504108264862	0.476075398743	0.470275495408	0.520057999033	0.746254229096	0.68293861769	0.493958434026	0.599323344611	0.542290961817	0.644755920735	0.610439826003	0.711454809087	0.68293861769	0.596906718221	0.564523924601	0.556790720155	0.742870952151	0.674238762687	0.740937651039	0.708071532141	0.66892218463	0.710004833253	0.611406476559	0.58095698405	0.594490091832	0.614306428226	0.585790236829	0.705654905752	0.608023199613	0.710004833253	0.549057515708	0.663605606573
AD8	0.586273562107	0.55775737071	0.948284195263	0.64572257129	0.683421942968	0.482358627356	0.690671822136	0.4813919768	0.454325761237	0.568873852102	0.425326244563	0.633156114065	0.571290478492	0.869018849686	0.631222812953	0.555340744321	0.471725471242	0.471242145964	0.927984533591	0.749154180764	0.564523924601	0.487191880135	0.303528274529	0.0	0.862252295795	0.492508458192	0.405993233446	0.441275978734	0.501208313195	0.532624456259	0.499275012083	0.480425326245	0.464958917351	0.515224746254	0.730304494925	0.665055582407	0.473175447076	0.574673755437	0.522474625423	0.622039632673	0.587723537941	0.70372160464	0.677622039633	0.566940550991	0.552924117931	0.54857419043	0.721604639923	0.649589173514	0.720637989367	0.681971967134	0.648622522958	0.692605123248	0.584340260996	0.56259062349	0.58095698405	0.591106814886	0.575157080715	0.683905268246	0.595940067666	0.687288545191	0.545190913485	0.64572257129
AE7	0.831319478009	0.864668922185	0.850169163847	0.795070082165	0.834702754954	0.897051715805	0.917834702755	0.903818269696	0.884968583857	0.916868052199	0.913001449976	0.860318994683	0.890768487192	0.821169647173	0.901401643306	0.852585790237	0.872402126631	0.861768970517	0.731754470759	0.725471242146	0.818269695505	0.835186080232	0.896568390527	0.862252295795	0.0	0.552924117931	0.882551957467	0.85645239246	0.759787336878	0.76848719188	0.838569357177	0.843402609957	0.897535041083	0.911551474142	0.927017883035	0.9212179797	0.914934751087	0.903334944418	0.9212179797	0.883035282745	0.899951667472	0.880135331078	0.878685355244	0.880135331078	0.940067665539	0.928951184147	0.895118414693	0.907684871919	0.912518124698	0.896085065249	0.901401643306	0.898501691638	0.894151764137	0.88883518608	0.903818269696	0.888351860802	0.908651522475	0.887868535524	0.896085065249	0.905751570807	0.90961817303	0.902368293862
AE8	0.586756887385	0.600773320445	0.895118414693	0.644272595457	0.677138714355	0.584340260996	0.689221846303	0.589656839053	0.574673755437	0.611889801837	0.607056549058	0.640405993233	0.623972933784	0.818753020783	0.679555340744	0.598356694055	0.587723537941	0.575157080715	0.817786370227	0.652005799903	0.56935717738	0.543740937651	0.521024649589	0.492508458192	0.552924117931	0.0	0.565490575157	0.542774287095	0.49540840986	0.498791686805	0.566457225713	0.551957467376	0.586273562107	0.60415659739	0.759787336878	0.699371677139	0.610439826003	0.602706621556	0.613823102948	0.64572257129	0.633156114065	0.683905268246	0.659255679072	0.59255679072	0.641855969067	0.617689705172	0.749637506042	0.689221846303	0.751570807153	0.708554857419	0.686321894635	0.731271145481	0.6389560174	0.619139681005	0.637506041566	0.634122764621	0.630739487675	0.710971483809	0.653939101015	0.718704688255	0.607056549058	0.688255195747
AF7	0.575157080715	0.543257612373	0.938617689705	0.656839052682	0.656839052682	0.49299178347	0.699371677139	0.465925567907	0.4398260029	0.58095698405	0.449975833736	0.611406476559	0.540357660706	0.863218946351	0.627839536008	0.5601739971	0.441275978734	0.443209279845	0.898018366361	0.727887868536	0.556307394877	0.392943450942	0.425809569841	0.405993233446	0.882551957467	0.565490575157	0.0	0.299661672305	0.50459159014	0.527307878202	0.479458675689	0.478492025133	0.41904301595	0.476558724021	0.698888351861	0.639439342678	0.456742387627	0.551474142098	0.50459159014	0.610923151281	0.566940550991	0.701788303528	0.672305461576	0.554857419043	0.533591106815	0.520057999033	0.677622039633	0.618656355727	0.694055099082	0.666505558241	0.614789753504	0.666022232963	0.55775737071	0.532624456259	0.545190913485	0.568390526825	0.549540840986	0.644755920735	0.579990333494	0.672788786854	0.499275012083	0.618173030449
AF8	0.563557274045	0.539874335428	0.930401159981	0.64813919768	0.658289028516	0.501691638473	0.690188496858	0.458675688739	0.449492508458	0.570807153214	0.496858385694	0.613823102948	0.545674238763	0.857419043016	0.621556307395	0.547607539874	0.449975833736	0.446109231513	0.873368777187	0.704688255196	0.524407926535	0.366360560657	0.455292411793	0.441275978734	0.85645239246	0.542774287095	0.299661672305	0.0	0.4813919768	0.500241662639	0.508458192363	0.464958917351	0.422426292895	0.478975350411	0.70372160464	0.644272595457	0.482358627356	0.553407443209	0.511841469309	0.598356694055	0.569840502658	0.675688738521	0.64813919768	0.541807636539	0.53939101015	0.521024649589	0.673755437409	0.616723054616	0.688738521025	0.657805703238	0.61575640406	0.658289028516	0.555824069599	0.530691155147	0.545190913485	0.56259062349	0.535524407927	0.642339294345	0.561140647656	0.662155630739	0.492025132914	0.615273078782
AG7	0.593040115998	0.606089898502	0.850652489125	0.585306911551	0.685355244079	0.550024166264	0.68293861769	0.523441275979	0.50459159014	0.59497341711	0.55775737071	0.648622522958	0.61333977767	0.770420492992	0.674722087965	0.586756887385	0.556307394877	0.545190913485	0.740937651039	0.535041082649	0.488158530691	0.456742387627	0.521507974867	0.501208313195	0.759787336878	0.49540840986	0.50459159014	0.4813919768	0.0	0.31029482842	0.544224262929	0.516674722088	0.528757854036	0.566457225713	0.758820686322	0.687288545191	0.553890768487	0.589656839053	0.575157080715	0.645239246013	0.620589656839	0.65973900435	0.6389560174	0.578540357661	0.618173030449	0.608506524891	0.751570807153	0.686805219913	0.739971000483	0.709521507975	0.675688738521	0.725954567424	0.62735621073	0.612373127115	0.630739487675	0.631706138231	0.630256162397	0.716288061866	0.647655872402	0.71290478492	0.600773320445	0.681971967134
AG8	0.593040115998	0.596423392943	0.852585790237	0.590140164331	0.686805219913	0.559207346544	0.679555340744	0.557274045433	0.541807636539	0.591106814886	0.590623489609	0.651039149348	0.614306428226	0.756404059932	0.671822136298	0.594006766554	0.583856935718	0.574673755437	0.712421459642	0.528274528758	0.492025132914	0.471242145964	0.552440792653	0.532624456259	0.76848719188	0.498791686805	0.527307878202	0.500241662639	0.31029482842	0.0	0.560657322378	0.544707588207	0.56259062349	0.580473658772	0.759787336878	0.691155147414	0.573223779604	0.590140164331	0.588690188497	0.644755920735	0.617689705172	0.659255679072	0.637022716288	0.592073465442	0.626389560174	0.617689705172	0.747220879652	0.684388593523	0.739004349928	0.710488158531	0.680038666022	0.722087965201	0.626389560174	0.61575640406	0.629289511841	0.628322861286	0.628322861286	0.716771387144	0.649589173514	0.710004833253	0.608506524891	0.675688738521
AH7	0.590140164331	0.619139681005	0.949734171097	0.698888351861	0.698888351861	0.578540357661	0.719671338811	0.556307394877	0.538424359594	0.631706138231	0.527307878202	0.668438859352	0.631222812953	0.876752054132	0.686321894635	0.593523441276	0.525857902368	0.495891735138	0.881101981634	0.73852102465	0.573707104882	0.528757854036	0.504108264862	0.499275012083	0.838569357177	0.566457225713	0.479458675689	0.508458192363	0.544224262929	0.560657322378	0.0	0.337361043983	0.555824069599	0.598356694055	0.781536974384	0.728854519091	0.552924117931	0.657805703238	0.608023199613	0.666022232963	0.651522474625	0.760753987434	0.738037699372	0.650072498792	0.641372643789	0.631222812953	0.7593040116	0.716288061866	0.768970517158	0.72450459159	0.699371677139	0.740937651039	0.623006283229	0.610923151281	0.624456259062	0.635572740454	0.626872885452	0.728854519091	0.629772837119	0.730304494925	0.606089898502	0.704204929918
AH8	0.565490575157	0.576607056549	0.947317544708	0.661672305462	0.665055582407	0.521507974867	0.687771870469	0.501691638473	0.493958434026	0.581440309328	0.5186080232	0.622522957951	0.574673755437	0.868535524408	0.641855969067	0.554857419043	0.445625906235	0.404543257612	0.89125181247	0.733204446593	0.553407443209	0.4813919768	0.476075398743	0.480425326245	0.843402609957	0.551957467376	0.478492025133	0.464958917351	0.516674722088	0.544707588207	0.337361043983	0.0	0.505558240696	0.534557757371	0.748187530208	0.68970517158	0.53939101015	0.608989850169	0.553890768487	0.623006283229	0.599806669889	0.714838086032	0.686321894635	0.605123247946	0.578540357661	0.567907201547	0.716288061866	0.661672305462	0.723054615756	0.674722087965	0.64813919768	0.688255195747	0.577090381827	0.552924117931	0.569840502658	0.587240212663	0.56935717738	0.677622039633	0.579990333494	0.686805219913	0.542290961817	0.653455775737
AA5	0.582890285162	0.511358144031	0.948284195263	0.644272595457	0.605123247946	0.4398260029	0.631706138231	0.408409859836	0.409859835669	0.515224746254	0.4398260029	0.557274045433	0.520541324311	0.869018849686	0.54857419043	0.549057515708	0.419526341228	0.41904301595	0.922667955534	0.755920734654	0.554374093765	0.468342194297	0.470275495408	0.464958917351	0.897535041083	0.586273562107	0.41904301595	0.422426292895	0.528757854036	0.56259062349	0.555824069599	0.505558240696	0.0	0.339294345094	0.681971967134	0.59255679072	0.464958917351	0.467858869019	0.47220879652	0.545674238763	0.49299178347	0.616723054616	0.587240212663	0.473658772354	0.520057999033	0.477525374577	0.690671822136	0.630256162397	0.667472208797	0.650072498792	0.63653939101	0.685355244079	0.536007733204	0.531174480425	0.558240695988	0.5601739971	0.533107781537	0.663605606573	0.57177380377	0.658289028516	0.498791686805	0.627839536008
AA6	0.600773320445	0.527307878202	0.957950700822	0.656839052682	0.625906234896	0.454809086515	0.656839052682	0.447075882069	0.449975833736	0.538424359594	0.487675205413	0.581923634606	0.515224746254	0.878202029966	0.581923634606	0.555340744321	0.474142097632	0.470758820686	0.938134364427	0.771387143548	0.594006766554	0.501208313195	0.520057999033	0.515224746254	0.911551474142	0.60415659739	0.476558724021	0.478975350411	0.566457225713	0.580473658772	0.598356694055	0.534557757371	0.339294345094	0.0	0.677622039633	0.590140164331	0.502658289029	0.506041565974	0.471242145964	0.574190430159	0.509424842919	0.661672305462	0.629289511841	0.5186080232	0.459642339294	0.410826486225	0.684871918801	0.626872885452	0.67133881102	0.644272595457	0.630256162397	0.676172063799	0.543740937651	0.528757854036	0.550024166264	0.555824069599	0.541807636539	0.65973900435	0.572740454326	0.652972450459	0.508458192363	0.626389560174
AB5	0.750604156597	0.666505558241	0.970033832769	0.720154664089	0.618656355727	0.655872402127	0.752537457709	0.661672305462	0.670372160464	0.697438376027	0.671822136298	0.589173513775	0.661672305462	0.899468342194	0.709521507975	0.688255195747	0.703238279362	0.696471725471	0.941517641373	0.815369743838	0.798936684389	0.726437892702	0.746254229096	0.730304494925	0.927017883035	0.759787336878	0.698888351861	0.70372160464	0.758820686322	0.759787336878	0.781536974384	0.748187530208	0.681971967134	0.677622039633	0.0	0.316578057032	0.617689705172	0.673272112131	0.611406476559	0.623972933784	0.597873368777	0.734654422426	0.726437892702	0.652972450459	0.625906234896	0.620106331561	0.612373127115	0.604639922668	0.619139681005	0.597873368777	0.614306428226	0.611406476559	0.594006766554	0.611889801837	0.623972933784	0.623972933784	0.665055582407	0.597873368777	0.662155630739	0.608023199613	0.667472208797	0.614306428226
AB6	0.68970517158	0.593040115998	0.963750604157	0.674238762687	0.580473658772	0.579507008217	0.674238762687	0.571290478492	0.591106814886	0.609956500725	0.616723054616	0.511358144031	0.598356694055	0.888351860802	0.641855969067	0.623489608507	0.643305944901	0.63653939101	0.934751087482	0.776220396327	0.73852102465	0.671822136298	0.68293861769	0.665055582407	0.9212179797	0.699371677139	0.639439342678	0.644272595457	0.687288545191	0.691155147414	0.728854519091	0.68970517158	0.59255679072	0.590140164331	0.316578057032	0.0	0.5601739971	0.58337361044	0.542290961817	0.556790720155	0.529241179314	0.658289028516	0.646205896568	0.545674238763	0.552924117931	0.545190913485	0.585306911551	0.538907684872	0.576607056549	0.544224262929	0.55099081682	0.583856935718	0.529241179314	0.564040599323	0.577090381827	0.576607056549	0.593523441276	0.559690671822	0.599323344611	0.559207346544	0.613823102948	0.546157564041
AC5	0.605606573224	0.570323827936	0.969067182214	0.653455775737	0.613823102948	0.464475592073	0.673755437409	0.464958917351	0.446109231513	0.561140647656	0.415176413726	0.556790720155	0.542290961817	0.885451909135	0.632189463509	0.572740454326	0.46979217013	0.480908651522	0.938617689705	0.774287095215	0.625422909618	0.541324311261	0.493958434026	0.473175447076	0.914934751087	0.610439826003	0.456742387627	0.482358627356	0.553890768487	0.573223779604	0.552924117931	0.53939101015	0.464958917351	0.502658289029	0.617689705172	0.5601739971	0.0	0.460125664572	0.43740937651	0.573223779604	0.519574673755	0.704204929918	0.666988883519	0.541324311261	0.485258579024	0.480908651522	0.593523441276	0.549057515708	0.617206379894	0.576607056549	0.552440792653	0.592073465442	0.501691638473	0.47462542291	0.499758337361	0.505074915418	0.564523924601	0.574673755437	0.583856935718	0.575640405993	0.521024649589	0.546640889319
AC6	0.640889318511	0.513291445143	0.953117448043	0.647655872402	0.587723537941	0.51619139681	0.543740937651	0.488641855969	0.52537457709	0.469308844853	0.558724021266	0.546640889319	0.551474142098	0.86805219913	0.551957467376	0.578540357661	0.566940550991	0.556790720155	0.9212179797	0.758337361044	0.633156114065	0.578540357661	0.599323344611	0.574673755437	0.903334944418	0.602706621556	0.551474142098	0.553407443209	0.589656839053	0.590140164331	0.657805703238	0.608989850169	0.467858869019	0.506041565974	0.673272112131	0.58337361044	0.460125664572	0.0	0.523924601257	0.521991300145	0.509424842919	0.485258579024	0.441759304012	0.427742870952	0.564040599323	0.549540840986	0.676655389077	0.632672788787	0.65973900435	0.629289511841	0.636056065732	0.6805219913	0.575640405993	0.563073948768	0.587240212663	0.575157080715	0.552924117931	0.663122281295	0.582406959884	0.640405993233	0.5601739971	0.634122764621
AD6	0.597873368777	0.522957950701	0.968583856936	0.632672788787	0.568873852102	0.421942967617	0.634606089899	0.447559207347	0.448042532624	0.523441275979	0.453842435959	0.511358144031	0.50459159014	0.884968583857	0.584340260996	0.533107781537	0.487675205413	0.488641855969	0.952634122765	0.78250362494	0.605123247946	0.540840985984	0.542290961817	0.522474625423	0.9212179797	0.613823102948	0.50459159014	0.511841469309	0.575157080715	0.588690188497	0.608023199613	0.553890768487	0.47220879652	0.471242145964	0.611406476559	0.542290961817	0.43740937651	0.523924601257	0.0	0.541324311261	0.40502658289	0.684871918801	0.657805703238	0.524891251812	0.470275495408	0.461575640406	0.581440309328	0.523441275979	0.581440309328	0.549540840986	0.538907684872	0.581440309328	0.457709038183	0.440309328178	0.474142097632	0.476075398743	0.53697438376	0.567907201547	0.544707588207	0.564040599323	0.468825519575	0.528757854036
AE5	0.632189463509	0.51377477042	0.96761720638	0.635572740454	0.550507491542	0.544707588207	0.585306911551	0.548090865152	0.587723537941	0.527307878202	0.605123247946	0.499758337361	0.565973900435	0.8796520058	0.555340744321	0.561140647656	0.601739971	0.595940067666	0.930401159981	0.765103914935	0.704688255196	0.630739487675	0.644755920735	0.622039632673	0.883035282745	0.64572257129	0.610923151281	0.598356694055	0.645239246013	0.644755920735	0.666022232963	0.623006283229	0.545674238763	0.574190430159	0.623972933784	0.556790720155	0.573223779604	0.521991300145	0.541324311261	0.0	0.356210729821	0.599323344611	0.573223779604	0.502658289029	0.618173030449	0.614789753504	0.640405993233	0.594490091832	0.621072982117	0.595456742388	0.611406476559	0.649589173514	0.536007733204	0.549540840986	0.586273562107	0.545190913485	0.536491058482	0.621556307395	0.554857419043	0.611406476559	0.566457225713	0.600773320445
AE6	0.616239729338	0.482841952634	0.969550507492	0.620589656839	0.547124214596	0.471242145964	0.576123731271	0.472692121798	0.517641372644	0.50700821653	0.526341227646	0.500724987917	0.498308361527	0.882068632189	0.547124214596	0.532141130981	0.541807636539	0.535041082649	0.940067665539	0.769937167714	0.663605606573	0.596423392943	0.610439826003	0.587723537941	0.899951667472	0.633156114065	0.566940550991	0.569840502658	0.620589656839	0.617689705172	0.651522474625	0.599806669889	0.49299178347	0.509424842919	0.597873368777	0.529241179314	0.519574673755	0.509424842919	0.40502658289	0.356210729821	0.0	0.63653939101	0.606089898502	0.477042049299	0.546640889319	0.540357660706	0.614789753504	0.561623972934	0.591106814886	0.570807153214	0.572740454326	0.618656355727	0.491541807637	0.475108748188	0.509908168197	0.493475108748	0.518124697922	0.591590140164	0.544707588207	0.582406959884	0.512808119865	0.565973900435
AF5	0.709521507975	0.601256645723	0.939101014983	0.663122281295	0.642822619623	0.669405509908	0.568873852102	0.633639439343	0.668438859352	0.572257129048	0.713871435476	0.617689705172	0.668438859352	0.853552440793	0.598356694055	0.65973900435	0.712421459642	0.708071532141	0.870952150797	0.727887868536	0.697438376027	0.672788786854	0.711454809087	0.70372160464	0.880135331078	0.683905268246	0.701788303528	0.675688738521	0.65973900435	0.659255679072	0.760753987434	0.714838086032	0.616723054616	0.661672305462	0.734654422426	0.658289028516	0.704204929918	0.485258579024	0.684871918801	0.599323344611	0.63653939101	0.0	0.283228612856	0.538424359594	0.722087965201	0.714838086032	0.739004349928	0.703238279362	0.729337844369	0.695021749638	0.717254712421	0.744804253262	0.688255195747	0.702754954084	0.721121314645	0.705171580474	0.653939101015	0.731271145481	0.667472208797	0.706138231029	0.703238279362	0.716288061866
AF6	0.696955050749	0.580473658772	0.929917834703	0.64572257129	0.639439342678	0.641372643789	0.542774287095	0.601256645723	0.641855969067	0.541807636539	0.684871918801	0.604639922668	0.640405993233	0.845819236346	0.574673755437	0.641855969067	0.68293861769	0.675205413243	0.881101981634	0.726437892702	0.678105364911	0.642822619623	0.68293861769	0.677622039633	0.878685355244	0.659255679072	0.672305461576	0.64813919768	0.6389560174	0.637022716288	0.738037699372	0.686321894635	0.587240212663	0.629289511841	0.726437892702	0.646205896568	0.666988883519	0.441759304012	0.657805703238	0.573223779604	0.606089898502	0.283228612856	0.0	0.510391493475	0.687288545191	0.680038666022	0.733204446593	0.685355244079	0.71532141131	0.690188496858	0.686321894635	0.733204446593	0.665055582407	0.676172063799	0.690671822136	0.67133881102	0.62493958434	0.720154664089	0.62735621073	0.702271628806	0.681005316578	0.691155147414
