	AA3	AA4	AB3	AB4	AC3	AC4	AD3	AD4	AE3	AE4	AF3	AF4	AG3	AG4	AH3	AH4	AA7	AA8	AB7	AB8	AC7	AC8	AD7	AD8	AE7	AE8	AF7	AF8	AG7	AG8	AH7	AH8	AA5	AA6	AB5	AB6	AC5	AC6	AD6	AE5	AE6	AF5	AF6	AG5	AH5	AH6	AA1	AA2	AB1	AB2	AC1	AC2	AD1	AD2	AE1	AE2	AF1	AF2	AG1	AG2	AH1	AH2
AA3	0.0	0.490575157081	0.928951184147	0.63653939101	0.654905751571	0.581923634606	0.673755437409	0.595940067666	0.569840502658	0.629772837119	0.629289511841	0.614789753504	0.583856935718	0.850169163847	0.65055582407	0.319961333978	0.575640405993	0.561140647656	0.85645239246	0.71290478492	0.621072982117	0.570323827936	0.59255679072	0.586756887385	0.828419526341	0.586756887385	0.561623972934	0.561140647656	0.587240212663	0.594006766554	0.594490091832	0.5601739971	0.583856935718	0.599806669889	0.752537457709	0.699371677139	0.613823102948	0.626872885452	0.607539874335	0.622522957951	0.604639922668	0.72450459159	0.693088448526	0.632189463509	0.631706138231	0.614789753504	0.685355244079	0.656355727405	0.72450459159	0.667472208797	0.640889318511	0.676655389077	0.584340260996	0.56935717738	0.573223779604	0.567907201547	0.563073948768	0.660222329628	0.575157080715	0.655872402127	0.594006766554	0.645239246013
AA4	0.490575157081	0.0	0.945384243596	0.576123731271	0.587240212663	0.508941517641	0.592073465442	0.492508458192	0.496858385694	0.532141130981	0.576123731271	0.513291445143	0.484775253746	0.858385693572	0.367327211213	0.384726921218	0.53939101015	0.546640889319	0.89125181247	0.722087965201	0.669405509908	0.588690188497	0.59497341711	0.582406959884	0.872885451909	0.61575640406	0.556790720155	0.551957467376	0.604639922668	0.62493958434	0.631222812953	0.588206863219	0.509908168197	0.524407926535	0.66892218463	0.614306428226	0.585790236829	0.521024649589	0.537941034316	0.510874818753	0.487675205413	0.621556307395	0.585790236829	0.531657805703	0.594490091832	0.585790236829	0.652489125181	0.578057032383	0.630739487675	0.612373127115	0.600289995167	0.642822619623	0.529241179314	0.527307878202	0.545190913485	0.527307878202	0.498308361527	0.633156114065	0.497825036249	0.584340260996	0.552440792653	0.590623489609
AB3	0.928951184147	0.945384243596	0.0	0.681971967134	0.910584823586	0.946350894152	0.950217496375	0.938617689705	0.919768003867	0.946350894152	0.964233929435	0.915418076365	0.958917351377	0.333494441759	0.95601739971	0.942000966651	0.965683905268	0.962300628323	0.741904301595	0.751570807153	0.878202029966	0.904784920251	0.952150797487	0.950217496375	0.848235862736	0.893185113581	0.933301111648	0.929917834703	0.840502658289	0.827936201063	0.947800869986	0.943450942484	0.949734171097	0.956984050266	0.967133881102	0.962300628323	0.965683905268	0.950700821653	0.965683905268	0.965683905268	0.964717254712	0.919284678589	0.929917834703	0.938134364427	0.969550507492	0.967133881102	0.964717254712	0.96520057999	0.961817303045	0.961333977767	0.967133881102	0.963267278879	0.966650555824	0.967133881102	0.970033832769	0.967133881102	0.963750604157	0.963750604157	0.962300628323	0.964717254712	0.963267278879	0.967133881102
AB4	0.63653939101	0.576123731271	0.681971967134	0.0	0.644755920735	0.613823102948	0.689221846303	0.61333977767	0.601256645723	0.63653939101	0.652972450459	0.603189946834	0.477525374577	0.573707104882	0.615273078782	0.600289995167	0.639922667956	0.63653939101	0.728854519091	0.565490575157	0.658772353794	0.624456259062	0.666505558241	0.651039149348	0.786370227163	0.631706138231	0.640405993233	0.630739487675	0.543257612373	0.582406959884	0.691638472692	0.65055582407	0.637506041566	0.656839052682	0.721121314645	0.674722087965	0.656839052682	0.641372643789	0.636056065732	0.627839536008	0.621556307395	0.654905751571	0.647172547124	0.623006283229	0.678588690188	0.670855485742	0.695505074915	0.658289028516	0.700338327695	0.681005316578	0.670855485742	0.679555340744	0.632189463509	0.63653939101	0.652005799903	0.629772837119	0.637506041566	0.681005316578	0.634606089899	0.65732237796	0.651522474625	0.675205413243
AC3	0.654905751571	0.587240212663	0.910584823586	0.644755920735	0.0	0.505074915418	0.65055582407	0.548090865152	0.55775737071	0.608989850169	0.62735621073	0.327211213146	0.610923151281	0.837119381344	0.607056549058	0.618173030449	0.626389560174	0.623972933784	0.869502174964	0.74770420493	0.73610439826	0.681005316578	0.729821169647	0.722571290478	0.837119381344	0.695505074915	0.65973900435	0.676655389077	0.6805219913	0.698888351861	0.709038182697	0.673755437409	0.604639922668	0.631706138231	0.622522957951	0.59497341711	0.635089415176	0.579990333494	0.575157080715	0.559207346544	0.55775737071	0.652005799903	0.642339294345	0.570323827936	0.655872402127	0.652489125181	0.58095698405	0.588690188497	0.584340260996	0.567907201547	0.598840019333	0.596906718221	0.530691155147	0.572740454326	0.580473658772	0.556307394877	0.616239729338	0.574673755437	0.625422909618	0.584823586274	0.619623006283	0.589656839053
AC4	0.581923634606	0.508941517641	0.946350894152	0.613823102948	0.505074915418	0.0	0.616239729338	0.390043499275	0.391010149831	0.51619139681	0.34026099565	0.406959884002	0.502658289029	0.869502174964	0.568873852102	0.530691155147	0.459642339294	0.473658772354	0.923151280812	0.758337361044	0.587240212663	0.518124697922	0.520541324311	0.509908168197	0.890285161914	0.577573707105	0.477042049299	0.49299178347	0.522474625423	0.5601739971	0.56259062349	0.510874818753	0.435959400677	0.466408893185	0.643789270179	0.58095698405	0.460125664572	0.489125181247	0.40502658289	0.547607539874	0.4813919768	0.679072015466	0.646689221846	0.522957950701	0.509908168197	0.478975350411	0.633156114065	0.563073948768	0.606089898502	0.595456742388	0.575640405993	0.621556307395	0.493475108748	0.49540840986	0.500241662639	0.498791686805	0.52537457709	0.614306428226	0.541807636539	0.563073948768	0.457709038183	0.572257129048
AD3	0.673755437409	0.592073465442	0.950217496375	0.689221846303	0.65055582407	0.616239729338	0.0	0.533591106815	0.62735621073	0.373127114548	0.677622039633	0.599806669889	0.635089415176	0.874335427743	0.588690188497	0.634122764621	0.6805219913	0.689221846303	0.937167713871	0.768970517158	0.717254712421	0.68970517158	0.687288545191	0.690188496858	0.917351377477	0.683421942968	0.695021749638	0.689221846303	0.687288545191	0.684871918801	0.717254712421	0.684871918801	0.620106331561	0.642822619623	0.729821169647	0.671822136298	0.678588690188	0.533107781537	0.618173030449	0.579990333494	0.559207346544	0.555340744321	0.535041082649	0.552440792653	0.686321894635	0.68293861769	0.761237312711	0.702754954084	0.737071048816	0.729337844369	0.714354760754	0.748670855486	0.653939101015	0.656355727405	0.666505558241	0.653455775737	0.62735621073	0.732721121315	0.634606089899	0.708071532141	0.678588690188	0.704688255196
AD4	0.595940067666	0.492508458192	0.938617689705	0.61333977767	0.548090865152	0.390043499275	0.533591106815	0.0	0.316578057032	0.410343160947	0.438859352344	0.473175447076	0.509908168197	0.862252295795	0.537941034316	0.543740937651	0.452875785404	0.471242145964	0.931851135814	0.760753987434	0.593040115998	0.511358144031	0.505074915418	0.500241662639	0.900918318028	0.589656839053	0.454809086515	0.471242145964	0.508458192363	0.557274045433	0.55099081682	0.503624939584	0.387143547608	0.439342677622	0.649105848236	0.575640405993	0.44900918318	0.456259062349	0.413726437893	0.547607539874	0.466892218463	0.635089415176	0.602706621556	0.491541807637	0.496375060416	0.470275495408	0.651039149348	0.579023682939	0.621556307395	0.612373127115	0.600289995167	0.634606089899	0.50700821653	0.499758337361	0.501691638473	0.511841469309	0.524407926535	0.62735621073	0.53697438376	0.591106814886	0.503624939584	0.593523441276
AE3	0.569840502658	0.496858385694	0.919768003867	0.601256645723	0.55775737071	0.391010149831	0.62735621073	0.316578057032	0.0	0.510874818753	0.422426292895	0.493475108748	0.502658289029	0.847752537458	0.552924117931	0.544707588207	0.441275978734	0.453842435959	0.912518124698	0.743354277429	0.5601739971	0.47462542291	0.493475108748	0.487675205413	0.882551957467	0.573707104882	0.4398260029	0.453842435959	0.485741904302	0.545190913485	0.547124214596	0.507974867086	0.396326727888	0.446592556791	0.665538907685	0.600773320445	0.455292411793	0.497341710971	0.432576123731	0.590140164331	0.513291445143	0.674238762687	0.645239246013	0.526341227646	0.501691638473	0.467858869019	0.661672305462	0.589656839053	0.640889318511	0.624456259062	0.601256645723	0.647655872402	0.524891251812	0.508941517641	0.5186080232	0.52779120348	0.533107781537	0.637989366844	0.544224262929	0.599806669889	0.484775253746	0.601739971
AE4	0.629772837119	0.532141130981	0.946350894152	0.63653939101	0.608989850169	0.51619139681	0.373127114548	0.410343160947	0.510874818753	0.0	0.574673755437	0.540357660706	0.575157080715	0.863702271629	0.562107298212	0.572257129048	0.578540357661	0.581923634606	0.937167713871	0.763170613823	0.652489125181	0.598840019333	0.594006766554	0.582890285162	0.907684871919	0.611406476559	0.585790236829	0.578540357661	0.578057032383	0.600773320445	0.634122764621	0.596906718221	0.521507974867	0.543740937651	0.695988400193	0.635089415176	0.567907201547	0.46060898985	0.522474625423	0.52779120348	0.493958434026	0.577090381827	0.547124214596	0.512808119865	0.597873368777	0.589173513775	0.714838086032	0.652489125181	0.691155147414	0.685838569357	0.666022232963	0.697438376027	0.600289995167	0.588206863219	0.585306911551	0.597873368777	0.576607056549	0.690671822136	0.584340260996	0.658772353794	0.580473658772	0.664088931851
AF3	0.629289511841	0.576123731271	0.964233929435	0.652972450459	0.62735621073	0.34026099565	0.677622039633	0.438859352344	0.422426292895	0.574673755437	0.0	0.528757854036	0.55099081682	0.889318511358	0.623972933784	0.595940067666	0.432576123731	0.464475592073	0.952634122765	0.786853552441	0.600773320445	0.538424359594	0.436442725955	0.432092798453	0.924601256646	0.61333977767	0.45142580957	0.499758337361	0.532141130981	0.593040115998	0.532624456259	0.523924601257	0.435959400677	0.503624939584	0.679072015466	0.626872885452	0.415659739004	0.533591106815	0.44900918318	0.616239729338	0.546640889319	0.718704688255	0.684388593523	0.568390526825	0.519574673755	0.490091831803	0.666505558241	0.595456742388	0.662638956017	0.622039632673	0.608506524891	0.650072498792	0.550024166264	0.5186080232	0.52537457709	0.536491058482	0.577090381827	0.642822619623	0.587240212663	0.596906718221	0.490575157081	0.601739971
AF4	0.614789753504	0.513291445143	0.915418076365	0.603189946834	0.327211213146	0.406959884002	0.599806669889	0.473175447076	0.493475108748	0.540357660706	0.528757854036	0.0	0.547124214596	0.837602706622	0.561140647656	0.560657322378	0.565007249879	0.578057032383	0.882551957467	0.718704688255	0.686321894635	0.626872885452	0.65732237796	0.64572257129	0.859835669406	0.62735621073	0.59497341711	0.612856452392	0.617206379894	0.633639439343	0.670372160464	0.623972933784	0.533107781537	0.561140647656	0.601256645723	0.538424359594	0.555340744321	0.527307878202	0.506041565974	0.503141614306	0.496375060416	0.625906234896	0.601739971	0.514741420976	0.568390526825	0.564523924601	0.593523441276	0.524407926535	0.56259062349	0.538424359594	0.546640889319	0.575157080715	0.487191880135	0.509908168197	0.524891251812	0.510391493475	0.559207346544	0.56935717738	0.56935717738	0.519091348478	0.549540840986	0.534557757371
AG3	0.583856935718	0.484775253746	0.958917351377	0.477525374577	0.610923151281	0.502658289029	0.635089415176	0.509908168197	0.502658289029	0.575157080715	0.55099081682	0.547124214596	0.0	0.849685838569	0.540840985984	0.529241179314	0.515224746254	0.524891251812	0.925084581924	0.759787336878	0.680038666022	0.611406476559	0.605123247946	0.595456742388	0.889801836636	0.633639439343	0.551957467376	0.563073948768	0.610439826003	0.635089415176	0.648622522958	0.591590140164	0.519091348478	0.52779120348	0.665055582407	0.612373127115	0.554857419043	0.549540840986	0.520541324311	0.575157080715	0.519574673755	0.667955534074	0.636056065732	0.551474142098	0.574673755437	0.563073948768	0.626389560174	0.567423876269	0.628322861286	0.610923151281	0.589173513775	0.614306428226	0.521507974867	0.533107781537	0.551957467376	0.527307878202	0.538907684872	0.616239729338	0.551957467376	0.583856935718	0.526824552924	0.591590140164
AG4	0.850169163847	0.858385693572	0.333494441759	0.573707104882	0.837119381344	0.869502174964	0.874335427743	0.862252295795	0.847752537458	0.863702271629	0.889318511358	0.837602706622	0.849685838569	0.0	0.869985500242	0.858385693572	0.89125181247	0.89125181247	0.723054615756	0.68293861769	0.81488641856	0.83325277912	0.875785403577	0.876268728855	0.822136297728	0.819236346061	0.861285645239	0.856935717738	0.769453842436	0.751087481875	0.884001933301	0.87046882552	0.876268728855	0.882068632189	0.897535041083	0.888351860802	0.89125181247	0.869502174964	0.885451909135	0.884485258579	0.884001933301	0.842919284679	0.849202513291	0.860802319961	0.893185113581	0.893185113581	0.886901884969	0.887385210246	0.888351860802	0.883035282745	0.892218463026	0.885451909135	0.891735137748	0.885935234413	0.895601739971	0.88883518608	0.889318511358	0.887868535524	0.883518608023	0.885935234413	0.88883518608	0.89125181247
AH3	0.65055582407	0.367327211213	0.95601739971	0.615273078782	0.607056549058	0.568873852102	0.588690188497	0.537941034316	0.552924117931	0.562107298212	0.623972933784	0.561140647656	0.540840985984	0.869985500242	0.0	0.541807636539	0.616239729338	0.623006283229	0.92363460609	0.757854035766	0.717254712421	0.656355727405	0.647655872402	0.639922667956	0.905268245529	0.68970517158	0.640405993233	0.633639439343	0.667955534074	0.686805219913	0.697921701305	0.655872402127	0.556307394877	0.590623489609	0.706621556307	0.645239246013	0.64572257129	0.555824069599	0.597873368777	0.552924117931	0.556790720155	0.596423392943	0.563073948768	0.563073948768	0.650072498792	0.637022716288	0.700821652972	0.617689705172	0.664572257129	0.653939101015	0.641372643789	0.679555340744	0.596423392943	0.599323344611	0.611406476559	0.602223296278	0.570807153214	0.674238762687	0.56935717738	0.627839536008	0.618656355727	0.632672788787
AH4	0.319961333978	0.384726921218	0.942000966651	0.600289995167	0.618173030449	0.530691155147	0.634122764621	0.543740937651	0.544707588207	0.572257129048	0.595940067666	0.560657322378	0.529241179314	0.858385693572	0.541807636539	0.0	0.538907684872	0.545190913485	0.871918801353	0.720154664089	0.641855969067	0.567907201547	0.585790236829	0.581923634606	0.850652489125	0.599806669889	0.557274045433	0.554374093765	0.584340260996	0.605123247946	0.605123247946	0.563557274045	0.546157564041	0.562107298212	0.705654905752	0.65055582407	0.591106814886	0.572740454326	0.544707588207	0.570807153214	0.545674238763	0.670372160464	0.642822619623	0.570323827936	0.598356694055	0.593040115998	0.661188980184	0.608989850169	0.675688738521	0.631706138231	0.612373127115	0.640889318511	0.543257612373	0.528757854036	0.536491058482	0.537941034316	0.51619139681	0.638472692122	0.531657805703	0.615273078782	0.564040599323	0.604639922668
AA7	0.575640405993	0.53939101015	0.965683905268	0.639922667956	0.626389560174	0.459642339294	0.6805219913	0.452875785404	0.441275978734	0.578540357661	0.432576123731	0.565007249879	0.515224746254	0.89125181247	0.616239729338	0.538907684872	0.0	0.293378443693	0.914934751087	0.760753987434	0.595456742388	0.514741420976	0.470275495408	0.466408893185	0.872885451909	0.586273562107	0.426776220396	0.459159014016	0.515708071532	0.577573707105	0.507491541808	0.425809569841	0.418076365394	0.475108748188	0.702271628806	0.655389076849	0.458675688739	0.526341227646	0.480425326245	0.594490091832	0.536007733204	0.715804736588	0.682455292412	0.575640405993	0.539874335428	0.512324794587	0.667472208797	0.607056549058	0.672305461576	0.631706138231	0.598356694055	0.643305944901	0.526824552924	0.519091348478	0.519574673755	0.522474625423	0.523924601257	0.633156114065	0.53939101015	0.623489608507	0.502658289029	0.604639922668
AA8	0.561140647656	0.546640889319	0.962300628323	0.63653939101	0.623972933784	0.473658772354	0.689221846303	0.471242145964	0.453842435959	0.581923634606	0.464475592073	0.578057032383	0.524891251812	0.89125181247	0.623006283229	0.545190913485	0.293378443693	0.0	0.913001449976	0.755920734654	0.584823586274	0.499275012083	0.488641855969	0.477525374577	0.862735621073	0.579990333494	0.446592556791	0.450459159014	0.506041565974	0.574673755437	0.487191880135	0.375543740938	0.429192846786	0.491541807637	0.722571290478	0.674238762687	0.488641855969	0.544707588207	0.494441759304	0.59497341711	0.55099081682	0.723054615756	0.68970517158	0.585306911551	0.54857419043	0.520057999033	0.65973900435	0.610923151281	0.684388593523	0.643789270179	0.601739971	0.645239246013	0.524891251812	0.515708071532	0.521991300145	0.528757854036	0.52779120348	0.623006283229	0.545190913485	0.628806186564	0.505074915418	0.608023199613
AB7	0.85645239246	0.89125181247	0.741904301595	0.728854519091	0.869502174964	0.923151280812	0.937167713871	0.931851135814	0.912518124698	0.937167713871	0.952634122765	0.882551957467	0.925084581924	0.723054615756	0.92363460609	0.871918801353	0.914934751087	0.913001449976	0.0	0.405509908168	0.815369743838	0.834702754954	0.927017883035	0.92363460609	0.73368777187	0.820202996617	0.888351860802	0.87723537941	0.73610439826	0.708071532141	0.884485258579	0.892701788304	0.916384726921	0.938134364427	0.937651039149	0.934267762204	0.951184146931	0.921701304978	0.947317544708	0.913484775254	0.93523441276	0.864668922185	0.873368777187	0.891735137748	0.959884001933	0.953117448043	0.921701304978	0.924601256646	0.93281778637	0.922667955534	0.928467858869	0.917351377477	0.922184630256	0.912518124698	0.915901401643	0.910584823586	0.912518124698	0.908651522475	0.920251329145	0.925567907202	0.94683421943	0.919768003867
AB8	0.71290478492	0.722087965201	0.751570807153	0.565490575157	0.74770420493	0.758337361044	0.768970517158	0.760753987434	0.743354277429	0.763170613823	0.786853552441	0.718704688255	0.759787336878	0.68293861769	0.757854035766	0.720154664089	0.760753987434	0.755920734654	0.405509908168	0.0	0.654905751571	0.664572257129	0.754470758821	0.746737554374	0.732721121315	0.657805703238	0.708554857419	0.698405026583	0.536007733204	0.527307878202	0.737554374094	0.734171097148	0.748187530208	0.768003866602	0.807636539391	0.76848719188	0.775737071049	0.750120831319	0.771387143548	0.747220879652	0.752537457709	0.712421459642	0.722087965201	0.723537941034	0.790720154664	0.782986950217	0.806186563557	0.755920734654	0.798936684389	0.771870468826	0.766070565491	0.776703721605	0.764620589657	0.754470758821	0.756404059932	0.752537457709	0.760753987434	0.76848719188	0.758820686322	0.757370710488	0.773320444659	0.756404059932
AC7	0.621072982117	0.669405509908	0.878202029966	0.658772353794	0.73610439826	0.587240212663	0.717254712421	0.593040115998	0.5601739971	0.652489125181	0.600773320445	0.686321894635	0.680038666022	0.81488641856	0.717254712421	0.641855969067	0.595456742388	0.584823586274	0.815369743838	0.654905751571	0.0	0.368777187047	0.568390526825	0.569840502658	0.825036249396	0.587723537941	0.551957467376	0.526341227646	0.480908651522	0.49540840986	0.575640405993	0.549540840986	0.566457225713	0.606089898502	0.815853069116	0.75688738521	0.628806186564	0.634122764621	0.618173030449	0.711454809087	0.670855485742	0.716771387144	0.693571773804	0.644755920735	0.6389560174	0.611889801837	0.820202996617	0.754954084099	0.809569840503	0.784436926051	0.749637506042	0.793136781054	0.684871918801	0.667955534074	0.669405509908	0.679555340744	0.670855485742	0.787336877719	0.672305461576	0.75688738521	0.622522957951	0.755920734654
AC8	0.570323827936	0.588690188497	0.904784920251	0.624456259062	0.681005316578	0.518124697922	0.68970517158	0.511358144031	0.47462542291	0.598840019333	0.538424359594	0.626872885452	0.611406476559	0.83325277912	0.656355727405	0.567907201547	0.514741420976	0.499275012083	0.834702754954	0.664572257129	0.368777187047	0.0	0.4813919768	0.481875302078	0.839052682455	0.551474142098	0.404059932334	0.381343644273	0.434992750121	0.475108748188	0.519574673755	0.476558724021	0.478492025133	0.535041082649	0.746737554374	0.693571773804	0.551474142098	0.565490575157	0.547607539874	0.640889318511	0.595456742388	0.677138714355	0.651522474625	0.585790236829	0.581923634606	0.547124214596	0.740937651039	0.676655389077	0.741420976317	0.715804736588	0.670372160464	0.714354760754	0.611406476559	0.590140164331	0.594006766554	0.60415659739	0.589173513775	0.706621556307	0.587723537941	0.686321894635	0.544224262929	0.674238762687
AD7	0.59255679072	0.59497341711	0.952150797487	0.666505558241	0.729821169647	0.520541324311	0.687288545191	0.505074915418	0.493475108748	0.594006766554	0.436442725955	0.65732237796	0.605123247946	0.875785403577	0.647655872402	0.585790236829	0.470275495408	0.488641855969	0.927017883035	0.754470758821	0.568390526825	0.4813919768	0.0	0.280328661189	0.890768487192	0.514258095698	0.432092798453	0.46302561624	0.502174963751	0.552924117931	0.504108264862	0.490091831803	0.477525374577	0.541807636539	0.757854035766	0.697921701305	0.50700821653	0.572257129048	0.544224262929	0.65732237796	0.608506524891	0.723054615756	0.695505074915	0.61575640406	0.577573707105	0.546640889319	0.755437409377	0.686321894635	0.753987433543	0.733204446593	0.682455292412	0.722087965201	0.630256162397	0.605606573224	0.601739971	0.620589656839	0.591590140164	0.721604639923	0.593040115998	0.704204929918	0.564040599323	0.690188496858
AD8	0.586756887385	0.582406959884	0.950217496375	0.651039149348	0.722571290478	0.509908168197	0.690188496858	0.500241662639	0.487675205413	0.582890285162	0.432092798453	0.64572257129	0.595456742388	0.876268728855	0.639922667956	0.581923634606	0.466408893185	0.477525374577	0.92363460609	0.746737554374	0.569840502658	0.481875302078	0.280328661189	0.0	0.861285645239	0.487675205413	0.415176413726	0.454325761237	0.48380860319	0.545674238763	0.502174963751	0.48622522958	0.467858869019	0.533107781537	0.741420976317	0.678105364911	0.489125181247	0.552440792653	0.530691155147	0.642822619623	0.59255679072	0.715804736588	0.678105364911	0.596423392943	0.564523924601	0.534074432093	0.739004349928	0.666988883519	0.738037699372	0.717254712421	0.665055582407	0.709038182697	0.617689705172	0.589656839053	0.583856935718	0.602706621556	0.586756887385	0.705654905752	0.586273562107	0.685838569357	0.553407443209	0.669405509908
AE7	0.828419526341	0.872885451909	0.848235862736	0.786370227163	0.837119381344	0.890285161914	0.917351377477	0.900918318028	0.882551957467	0.907684871919	0.924601256646	0.859835669406	0.889801836636	0.822136297728	0.905268245529	0.850652489125	0.872885451909	0.862735621073	0.73368777187	0.732721121315	0.825036249396	0.839052682455	0.890768487192	0.861285645239	0.0	0.544707588207	0.869985500242	0.85645239246	0.761720637989	0.766553890768	0.839052682455	0.842919284679	0.893185113581	0.914934751087	0.929917834703	0.923151280812	0.926051232479	0.904784920251	0.9212179797	0.876268728855	0.896568390527	0.873368777187	0.881585306912	0.865152247463	0.939584340261	0.933301111648	0.888351860802	0.903818269696	0.917351377477	0.89125181247	0.906718221363	0.898501691638	0.892701788304	0.895601739971	0.903818269696	0.884485258579	0.901884968584	0.887868535524	0.90285161914	0.910584823586	0.915418076365	0.907684871919
AE8	0.586756887385	0.61575640406	0.893185113581	0.631706138231	0.695505074915	0.577573707105	0.683421942968	0.589656839053	0.573707104882	0.611406476559	0.61333977767	0.62735621073	0.633639439343	0.819236346061	0.68970517158	0.599806669889	0.586273562107	0.579990333494	0.820202996617	0.657805703238	0.587723537941	0.551474142098	0.514258095698	0.487675205413	0.544707588207	0.0	0.554857419043	0.550507491542	0.510874818753	0.514741420976	0.570323827936	0.553890768487	0.588206863219	0.606089898502	0.761720637989	0.707104881585	0.622522957951	0.603673272112	0.612856452392	0.639922667956	0.616723054616	0.687771870469	0.666505558241	0.587723537941	0.636056065732	0.625906234896	0.750604156597	0.687771870469	0.753504108265	0.716771387144	0.69453842436	0.72692121798	0.650072498792	0.630256162397	0.620106331561	0.631706138231	0.634122764621	0.714354760754	0.640889318511	0.694055099082	0.601739971	0.693088448526
AF7	0.561623972934	0.556790720155	0.933301111648	0.640405993233	0.65973900435	0.477042049299	0.695021749638	0.454809086515	0.4398260029	0.585790236829	0.45142580957	0.59497341711	0.551957467376	0.861285645239	0.640405993233	0.557274045433	0.426776220396	0.446592556791	0.888351860802	0.708554857419	0.551957467376	0.404059932334	0.432092798453	0.415176413726	0.869985500242	0.554857419043	0.0	0.305944900918	0.455292411793	0.524407926535	0.478492025133	0.484775253746	0.41662638956	0.482358627356	0.696471725471	0.642822619623	0.447075882069	0.521024649589	0.491541807637	0.607539874335	0.53697438376	0.699371677139	0.664572257129	0.547607539874	0.537457709038	0.506524891252	0.676172063799	0.623006283229	0.690188496858	0.663122281295	0.613823102948	0.651039149348	0.559690671822	0.531174480425	0.538424359594	0.547124214596	0.555340744321	0.646205896568	0.56259062349	0.636056065732	0.49540840986	0.611889801837
AF8	0.561140647656	0.551957467376	0.929917834703	0.630739487675	0.676655389077	0.49299178347	0.689221846303	0.471242145964	0.453842435959	0.578540357661	0.499758337361	0.612856452392	0.563073948768	0.856935717738	0.633639439343	0.554374093765	0.459159014016	0.450459159014	0.87723537941	0.698405026583	0.526341227646	0.381343644273	0.46302561624	0.454325761237	0.85645239246	0.550507491542	0.305944900918	0.0	0.44900918318	0.509424842919	0.512808119865	0.473175447076	0.427259545674	0.49299178347	0.713871435476	0.665538907685	0.495891735138	0.527307878202	0.50459159014	0.609956500725	0.551957467376	0.681005316578	0.645239246013	0.542774287095	0.556790720155	0.523441275979	0.684871918801	0.635572740454	0.700821652972	0.676172063799	0.632189463509	0.666022232963	0.57177380377	0.549540840986	0.556307394877	0.567907201547	0.543740937651	0.656355727405	0.549057515708	0.653939101015	0.510874818753	0.624456259062
AG7	0.587240212663	0.604639922668	0.840502658289	0.543257612373	0.6805219913	0.522474625423	0.687288545191	0.508458192363	0.485741904302	0.578057032383	0.532141130981	0.617206379894	0.610439826003	0.769453842436	0.667955534074	0.584340260996	0.515708071532	0.506041565974	0.73610439826	0.536007733204	0.480908651522	0.434992750121	0.502174963751	0.48380860319	0.761720637989	0.510874818753	0.455292411793	0.44900918318	0.0	0.319961333978	0.535041082649	0.505074915418	0.49299178347	0.55775737071	0.750120831319	0.689221846303	0.524407926535	0.546157564041	0.537941034316	0.631222812953	0.59255679072	0.659255679072	0.637022716288	0.566940550991	0.59255679072	0.572257129048	0.737554374094	0.666022232963	0.727887868536	0.71290478492	0.665538907685	0.712421459642	0.622039632673	0.601739971	0.594490091832	0.611889801837	0.619623006283	0.703238279362	0.619623006283	0.68293861769	0.571290478492	0.667955534074
AG8	0.594006766554	0.62493958434	0.827936201063	0.582406959884	0.698888351861	0.5601739971	0.684871918801	0.557274045433	0.545190913485	0.600773320445	0.593040115998	0.633639439343	0.635089415176	0.751087481875	0.686805219913	0.605123247946	0.577573707105	0.574673755437	0.708071532141	0.527307878202	0.49540840986	0.475108748188	0.552924117931	0.545674238763	0.766553890768	0.514741420976	0.524407926535	0.509424842919	0.319961333978	0.0	0.565007249879	0.544224262929	0.554374093765	0.591106814886	0.771387143548	0.710488158531	0.593523441276	0.57177380377	0.576123731271	0.652005799903	0.611406476559	0.672305461576	0.658289028516	0.587240212663	0.62493958434	0.613823102948	0.768003866602	0.697921701305	0.75688738521	0.732721121315	0.698405026583	0.739971000483	0.654422426293	0.633156114065	0.628322861286	0.647172547124	0.644755920735	0.728854519091	0.650072498792	0.697921701305	0.606089898502	0.693571773804
AH7	0.594490091832	0.631222812953	0.947800869986	0.691638472692	0.709038182697	0.56259062349	0.717254712421	0.55099081682	0.547124214596	0.634122764621	0.532624456259	0.670372160464	0.648622522958	0.884001933301	0.697921701305	0.605123247946	0.507491541808	0.487191880135	0.884485258579	0.737554374094	0.575640405993	0.519574673755	0.504108264862	0.502174963751	0.839052682455	0.570323827936	0.478492025133	0.512808119865	0.535041082649	0.565007249879	0.0	0.335427742871	0.555824069599	0.611889801837	0.785886901885	0.735621072982	0.547607539874	0.622039632673	0.599323344611	0.663122281295	0.632189463509	0.763170613823	0.740454325761	0.655872402127	0.643305944901	0.620589656839	0.760270662156	0.713388110198	0.778153697438	0.72692121798	0.70130497825	0.740937651039	0.637022716288	0.620106331561	0.616723054616	0.631222812953	0.62493958434	0.731754470759	0.628322861286	0.719188013533	0.610923151281	0.709521507975
AH8	0.5601739971	0.588206863219	0.943450942484	0.65055582407	0.673755437409	0.510874818753	0.684871918801	0.503624939584	0.507974867086	0.596906718221	0.523924601257	0.623972933784	0.591590140164	0.87046882552	0.655872402127	0.563557274045	0.425809569841	0.375543740938	0.892701788304	0.734171097148	0.549540840986	0.476558724021	0.490091831803	0.48622522958	0.842919284679	0.553890768487	0.484775253746	0.473175447076	0.505074915418	0.544224262929	0.335427742871	0.0	0.503624939584	0.55775737071	0.762203963267	0.708554857419	0.540840985984	0.574673755437	0.54857419043	0.621072982117	0.586273562107	0.72450459159	0.699855002417	0.611406476559	0.59255679072	0.568873852102	0.710488158531	0.663605606573	0.730304494925	0.691638472692	0.652972450459	0.69212179797	0.581440309328	0.567907201547	0.570807153214	0.58095698405	0.572257129048	0.678588690188	0.577573707105	0.675205413243	0.559690671822	0.661672305462
AA5	0.583856935718	0.509908168197	0.949734171097	0.637506041566	0.604639922668	0.435959400677	0.620106331561	0.387143547608	0.396326727888	0.521507974867	0.435959400677	0.533107781537	0.519091348478	0.876268728855	0.556307394877	0.546157564041	0.418076365394	0.429192846786	0.916384726921	0.748187530208	0.566457225713	0.478492025133	0.477525374577	0.467858869019	0.893185113581	0.588206863219	0.41662638956	0.427259545674	0.49299178347	0.554374093765	0.555824069599	0.503624939584	0.0	0.346544224263	0.675205413243	0.601739971	0.447559207347	0.443209279845	0.451909134848	0.544224262929	0.473658772354	0.619623006283	0.581923634606	0.473658772354	0.51377477042	0.469308844853	0.69453842436	0.624456259062	0.662638956017	0.657805703238	0.630256162397	0.677622039633	0.529724504592	0.544707588207	0.550024166264	0.553407443209	0.528757854036	0.659255679072	0.546640889319	0.622039632673	0.495891735138	0.622522957951
AA6	0.599806669889	0.524407926535	0.956984050266	0.656839052682	0.631706138231	0.466408893185	0.642822619623	0.439342677622	0.446592556791	0.543740937651	0.503624939584	0.561140647656	0.52779120348	0.882068632189	0.590623489609	0.562107298212	0.475108748188	0.491541807637	0.938134364427	0.768003866602	0.606089898502	0.535041082649	0.541807636539	0.533107781537	0.914934751087	0.606089898502	0.482358627356	0.49299178347	0.55775737071	0.591106814886	0.611889801837	0.55775737071	0.346544224263	0.0	0.677138714355	0.599806669889	0.507974867086	0.486708554857	0.468342194297	0.574673755437	0.491058482359	0.658772353794	0.618656355727	0.523441275979	0.450942484292	0.412759787337	0.69212179797	0.625422909618	0.665538907685	0.656839052682	0.625906234896	0.675205413243	0.534074432093	0.547124214596	0.545190913485	0.551474142098	0.535524407927	0.660222329628	0.555340744321	0.622039632673	0.511358144031	0.623006283229
AB5	0.752537457709	0.66892218463	0.967133881102	0.721121314645	0.622522957951	0.643789270179	0.729821169647	0.649105848236	0.665538907685	0.695988400193	0.679072015466	0.601256645723	0.665055582407	0.897535041083	0.706621556307	0.705654905752	0.702271628806	0.722571290478	0.937651039149	0.807636539391	0.815853069116	0.746737554374	0.757854035766	0.741420976317	0.929917834703	0.761720637989	0.696471725471	0.713871435476	0.750120831319	0.771387143548	0.785886901885	0.762203963267	0.675205413243	0.677138714355	0.0	0.330594490092	0.609473175447	0.663605606573	0.617689705172	0.631222812953	0.608023199613	0.739004349928	0.723054615756	0.651522474625	0.626872885452	0.620106331561	0.622039632673	0.61333977767	0.632189463509	0.609956500725	0.624456259062	0.622522957951	0.594006766554	0.606089898502	0.616723054616	0.612373127115	0.66892218463	0.606089898502	0.665538907685	0.605606573224	0.672305461576	0.617689705172
AB6	0.699371677139	0.614306428226	0.962300628323	0.674722087965	0.59497341711	0.58095698405	0.671822136298	0.575640405993	0.600773320445	0.635089415176	0.626872885452	0.538424359594	0.612373127115	0.888351860802	0.645239246013	0.65055582407	0.655389076849	0.674238762687	0.934267762204	0.76848719188	0.75688738521	0.693571773804	0.697921701305	0.678105364911	0.923151280812	0.707104881585	0.642822619623	0.665538907685	0.689221846303	0.710488158531	0.735621072982	0.708554857419	0.601739971	0.599806669889	0.330594490092	0.0	0.565007249879	0.593040115998	0.558724021266	0.575640405993	0.554857419043	0.669405509908	0.652005799903	0.559207346544	0.546157564041	0.552924117931	0.579990333494	0.527307878202	0.573223779604	0.540840985984	0.542774287095	0.56259062349	0.540357660706	0.563073948768	0.56935717738	0.564523924601	0.605606573224	0.545190913485	0.608023199613	0.521991300145	0.62735621073	0.532141130981
AC5	0.613823102948	0.585790236829	0.965683905268	0.656839052682	0.635089415176	0.460125664572	0.678588690188	0.44900918318	0.455292411793	0.567907201547	0.415659739004	0.555340744321	0.554857419043	0.89125181247	0.64572257129	0.591106814886	0.458675688739	0.488641855969	0.951184146931	0.775737071049	0.628806186564	0.551474142098	0.50700821653	0.489125181247	0.926051232479	0.622522957951	0.447075882069	0.495891735138	0.524407926535	0.593523441276	0.547607539874	0.540840985984	0.447559207347	0.507974867086	0.609473175447	0.565007249879	0.0	0.438376027066	0.438859352344	0.588206863219	0.523441275979	0.71290478492	0.66892218463	0.566457225713	0.477042049299	0.449975833736	0.605606573224	0.551474142098	0.617689705172	0.584340260996	0.558724021266	0.591106814886	0.503624939584	0.481875302078	0.478492025133	0.507491541808	0.574673755437	0.579990333494	0.578540357661	0.553890768487	0.507974867086	0.552924117931
AC6	0.626872885452	0.521024649589	0.950700821653	0.641372643789	0.579990333494	0.489125181247	0.533107781537	0.456259062349	0.497341710971	0.46060898985	0.533591106815	0.527307878202	0.549540840986	0.869502174964	0.555824069599	0.572740454326	0.526341227646	0.544707588207	0.921701304978	0.750120831319	0.634122764621	0.565490575157	0.572257129048	0.552440792653	0.904784920251	0.603673272112	0.521024649589	0.527307878202	0.546157564041	0.57177380377	0.622039632673	0.574673755437	0.443209279845	0.486708554857	0.663605606573	0.593040115998	0.438376027066	0.0	0.488641855969	0.513291445143	0.479458675689	0.496375060416	0.450459159014	0.431609473175	0.557274045433	0.544707588207	0.678105364911	0.617689705172	0.654422426293	0.642822619623	0.629772837119	0.660222329628	0.573707104882	0.564523924601	0.564523924601	0.574190430159	0.557274045433	0.652489125181	0.568873852102	0.609956500725	0.542290961817	0.621072982117
AD6	0.607539874335	0.537941034316	0.965683905268	0.636056065732	0.575157080715	0.40502658289	0.618173030449	0.413726437893	0.432576123731	0.522474625423	0.44900918318	0.506041565974	0.520541324311	0.885451909135	0.597873368777	0.544707588207	0.480425326245	0.494441759304	0.947317544708	0.771387143548	0.618173030449	0.547607539874	0.544224262929	0.530691155147	0.9212179797	0.612856452392	0.491541807637	0.50459159014	0.537941034316	0.576123731271	0.599323344611	0.54857419043	0.451909134848	0.468342194297	0.617689705172	0.558724021266	0.438859352344	0.488641855969	0.0	0.541324311261	0.413726437893	0.688255195747	0.652489125181	0.533591106815	0.468825519575	0.457225712905	0.601739971	0.538907684872	0.596423392943	0.56935717738	0.550024166264	0.590140164331	0.475108748188	0.457225712905	0.463992266796	0.470275495408	0.53020782987	0.584823586274	0.540840985984	0.544224262929	0.468825519575	0.548090865152
AE5	0.622522957951	0.510874818753	0.965683905268	0.627839536008	0.559207346544	0.547607539874	0.579990333494	0.547607539874	0.590140164331	0.52779120348	0.616239729338	0.503141614306	0.575157080715	0.884485258579	0.552924117931	0.570807153214	0.594490091832	0.59497341711	0.913484775254	0.747220879652	0.711454809087	0.640889318511	0.65732237796	0.642822619623	0.876268728855	0.639922667956	0.607539874335	0.609956500725	0.631222812953	0.652005799903	0.663122281295	0.621072982117	0.544224262929	0.574673755437	0.631222812953	0.575640405993	0.588206863219	0.513291445143	0.541324311261	0.0	0.34267762204	0.603189946834	0.576123731271	0.508941517641	0.617689705172	0.621556307395	0.642339294345	0.595940067666	0.637022716288	0.605123247946	0.613823102948	0.644272595457	0.527307878202	0.565007249879	0.575157080715	0.546157564041	0.542774287095	0.626389560174	0.542774287095	0.590140164331	0.573223779604	0.600289995167
AE6	0.604639922668	0.487675205413	0.964717254712	0.621556307395	0.55775737071	0.4813919768	0.559207346544	0.466892218463	0.513291445143	0.493958434026	0.546640889319	0.496375060416	0.519574673755	0.884001933301	0.556790720155	0.545674238763	0.536007733204	0.55099081682	0.93523441276	0.752537457709	0.670855485742	0.595456742388	0.608506524891	0.59255679072	0.896568390527	0.616723054616	0.53697438376	0.551957467376	0.59255679072	0.611406476559	0.632189463509	0.586273562107	0.473658772354	0.491058482359	0.608023199613	0.554857419043	0.523441275979	0.479458675689	0.413726437893	0.34267762204	0.0	0.62735621073	0.596423392943	0.482841952634	0.541807636539	0.541324311261	0.630739487675	0.575640405993	0.613823102948	0.598840019333	0.59255679072	0.625906234896	0.493958434026	0.494925084582	0.512808119865	0.498308361527	0.51619139681	0.61575640406	0.522474625423	0.564040599323	0.509424842919	0.579990333494
AF5	0.72450459159	0.621556307395	0.919284678589	0.654905751571	0.652005799903	0.679072015466	0.555340744321	0.635089415176	0.674238762687	0.577090381827	0.718704688255	0.625906234896	0.667955534074	0.842919284679	0.596423392943	0.670372160464	0.715804736588	0.723054615756	0.864668922185	0.712421459642	0.716771387144	0.677138714355	0.723054615756	0.715804736588	0.873368777187	0.687771870469	0.699371677139	0.681005316578	0.659255679072	0.672305461576	0.763170613823	0.72450459159	0.619623006283	0.658772353794	0.739004349928	0.669405509908	0.71290478492	0.496375060416	0.688255195747	0.603189946834	0.62735621073	0.0	0.27549540841	0.537457709038	0.721121314645	0.710004833253	0.763653939101	0.71532141131	0.740454325761	0.724021266312	0.729337844369	0.750120831319	0.686321894635	0.710004833253	0.722087965201	0.707588206863	0.66892218463	0.741904301595	0.673755437409	0.697921701305	0.708554857419	0.721121314645
AF6	0.693088448526	0.585790236829	0.929917834703	0.647172547124	0.642339294345	0.646689221846	0.535041082649	0.602706621556	0.645239246013	0.547124214596	0.684388593523	0.601739971	0.636056065732	0.849202513291	0.563073948768	0.642822619623	0.682455292412	0.68970517158	0.873368777187	0.722087965201	0.693571773804	0.651522474625	0.695505074915	0.678105364911	0.881585306912	0.666505558241	0.664572257129	0.645239246013	0.637022716288	0.658289028516	0.740454325761	0.699855002417	0.581923634606	0.618656355727	0.723054615756	0.652005799903	0.66892218463	0.450459159014	0.652489125181	0.576123731271	0.596423392943	0.27549540841	0.0	0.504108264862	0.690188496858	0.681005316578	0.740454325761	0.68970517158	0.721121314645	0.707588206863	0.693088448526	0.72692121798	0.652972450459	0.678105364911	0.685838569357	0.673272112131	0.628806186564	0.712421459642	0.632189463509	0.675205413243	0.678588690188	0.685355244079
