	AA3	AA4	AB3	AB4	AC3	AC4	AD3	AD4	AE3	AE4	AF3	AF4	AG3	AG4	AH3	AH4	AA7	AA8	AB7	AB8	AC7	AC8	AD7	AD8	AE7	AE8	AF7	AF8	AG7	AG8	AH7	AH8	AA5	AA6	AB5	AB6	AC5	AC6	AD6	AE5	AE6	AF5	AF6	AG5	AH5	AH6	AA1	AA2	AB1	AB2	AC1	AC2	AD1	AD2	AE1	AE2	AF1	AF2	AG1	AG2	AH1	AH2
AA3	0.0	0.493958434026	0.940550990817	0.620589656839	0.651039149348	0.564523924601	0.673755437409	0.570323827936	0.560657322378	0.622522957951	0.602706621556	0.601739971	0.577090381827	0.837119381344	0.651039149348	0.338327694538	0.553890768487	0.554374093765	0.863218946351	0.717738037699	0.609473175447	0.554374093765	0.57177380377	0.573707104882	0.828902851619	0.579023682939	0.552924117931	0.553407443209	0.570323827936	0.575640405993	0.58095698405	0.540840985984	0.578540357661	0.588206863219	0.73368777187	0.688255195747	0.593523441276	0.619139681005	0.600289995167	0.621072982117	0.584340260996	0.72450459159	0.684388593523	0.612373127115	0.613823102948	0.588690188497	0.673272112131	0.634606089899	0.721121314645	0.667955534074	0.632189463509	0.659255679072	0.574190430159	0.558724021266	0.560657322378	0.555340744321	0.587723537941	0.658289028516	0.59497341711	0.658772353794	0.566940550991	0.644272595457
AA4	0.493958434026	0.0	0.953117448043	0.562107298212	0.578057032383	0.493475108748	0.586756887385	0.482841952634	0.499275012083	0.537457709038	0.557274045433	0.509424842919	0.472692121798	0.848719188014	0.370227162881	0.363943934268	0.531657805703	0.531657805703	0.887868535524	0.727404543258	0.65732237796	0.577573707105	0.574673755437	0.58337361044	0.876268728855	0.612373127115	0.538424359594	0.55775737071	0.596906718221	0.61575640406	0.629772837119	0.579023682939	0.513291445143	0.5186080232	0.654905751571	0.59497341711	0.56935717738	0.527307878202	0.53020782987	0.536007733204	0.48380860319	0.641372643789	0.600289995167	0.512808119865	0.593523441276	0.55775737071	0.641372643789	0.568873852102	0.626872885452	0.595940067666	0.598840019333	0.628322861286	0.514258095698	0.514258095698	0.526341227646	0.521507974867	0.504108264862	0.613823102948	0.515708071532	0.584823586274	0.530691155147	0.579507008217
AB3	0.940550990817	0.953117448043	0.0	0.688738521025	0.921701304978	0.960850652489	0.960850652489	0.950217496375	0.936684388594	0.95601739971	0.977283711938	0.938134364427	0.972450459159	0.362493958434	0.966167230546	0.948284195263	0.97680038666	0.973417109715	0.755920734654	0.762687288545	0.901401643306	0.910584823586	0.9584340261	0.955534074432	0.857419043016	0.908168197197	0.950700821653	0.930401159981	0.845819236346	0.839536007733	0.95601739971	0.9584340261	0.963267278879	0.966167230546	0.981150314161	0.973417109715	0.979700338328	0.959884001933	0.979700338328	0.97921701305	0.979700338328	0.939101014983	0.942967617206	0.954084098598	0.980666988884	0.977767037216	0.978250362494	0.974867085549	0.975350410826	0.97680038666	0.977767037216	0.97680038666	0.980183663606	0.980183663606	0.981633639439	0.981150314161	0.977767037216	0.977283711938	0.97921701305	0.978250362494	0.97921701305	0.978733687772
AB4	0.620589656839	0.562107298212	0.688738521025	0.0	0.637989366844	0.602223296278	0.681005316578	0.599806669889	0.608989850169	0.628806186564	0.637022716288	0.593523441276	0.478008699855	0.561140647656	0.606089898502	0.574190430159	0.629289511841	0.619623006283	0.744320927985	0.572257129048	0.653939101015	0.605606573224	0.640889318511	0.636056065732	0.796036732721	0.62493958434	0.633156114065	0.628322861286	0.538907684872	0.571290478492	0.675688738521	0.632189463509	0.63653939101	0.647172547124	0.722571290478	0.670855485742	0.652972450459	0.636056065732	0.623972933784	0.62493958434	0.610439826003	0.677138714355	0.660222329628	0.609473175447	0.684871918801	0.662638956017	0.700338327695	0.635572740454	0.695021749638	0.677138714355	0.656355727405	0.673755437409	0.625906234896	0.62493958434	0.65055582407	0.626389560174	0.632189463509	0.671822136298	0.62735621073	0.658289028516	0.634122764621	0.649589173514
AC3	0.651039149348	0.578057032383	0.921701304978	0.637989366844	0.0	0.478008699855	0.649105848236	0.565973900435	0.582406959884	0.594490091832	0.617689705172	0.329627839536	0.599323344611	0.823102948284	0.61575640406	0.600773320445	0.617206379894	0.610923151281	0.873368777187	0.761237312711	0.728854519091	0.676172063799	0.713388110198	0.714354760754	0.83325277912	0.688255195747	0.658772353794	0.670372160464	0.671822136298	0.693571773804	0.704204929918	0.653455775737	0.616239729338	0.623489608507	0.618656355727	0.579023682939	0.610439826003	0.589173513775	0.593523441276	0.552924117931	0.556790720155	0.665055582407	0.661672305462	0.573707104882	0.637989366844	0.625422909618	0.584823586274	0.569840502658	0.568873852102	0.570807153214	0.585306911551	0.577573707105	0.530691155147	0.565490575157	0.574673755437	0.563073948768	0.626872885452	0.558724021266	0.621072982117	0.564523924601	0.618173030449	0.569840502658
AC4	0.564523924601	0.493475108748	0.960850652489	0.602223296278	0.478008699855	0.0	0.621556307395	0.416143064282	0.41662638956	0.521024649589	0.34026099565	0.391493475109	0.493958434026	0.856935717738	0.565973900435	0.509908168197	0.467375543741	0.454809086515	0.927017883035	0.764137264379	0.590623489609	0.527307878202	0.518124697922	0.5186080232	0.891735137748	0.586273562107	0.492508458192	0.511841469309	0.535041082649	0.57177380377	0.57177380377	0.50700821653	0.457709038183	0.458675688739	0.622039632673	0.561623972934	0.456259062349	0.514741420976	0.415659739004	0.550024166264	0.478008699855	0.688738521025	0.64813919768	0.507974867086	0.49540840986	0.475592073465	0.626389560174	0.554857419043	0.594006766554	0.572257129048	0.576607056549	0.602223296278	0.475592073465	0.493475108748	0.508941517641	0.493475108748	0.537941034316	0.589656839053	0.552924117931	0.56259062349	0.473658772354	0.565490575157
AD3	0.673755437409	0.586756887385	0.960850652489	0.681005316578	0.649105848236	0.621556307395	0.0	0.526341227646	0.635089415176	0.364427259546	0.670372160464	0.60415659739	0.637506041566	0.85645239246	0.579990333494	0.637022716288	0.681971967134	0.68293861769	0.942967617206	0.784920251329	0.716288061866	0.691155147414	0.688738521025	0.694055099082	0.918801353311	0.692605123248	0.691638472692	0.69453842436	0.690188496858	0.685355244079	0.716771387144	0.687771870469	0.630256162397	0.643305944901	0.72692121798	0.668438859352	0.676172063799	0.553890768487	0.626389560174	0.578057032383	0.575157080715	0.576607056549	0.537941034316	0.544707588207	0.696955050749	0.687288545191	0.765587240213	0.699371677139	0.739971000483	0.721604639923	0.714838086032	0.737554374094	0.654422426293	0.663122281295	0.673272112131	0.661672305462	0.626389560174	0.72450459159	0.640889318511	0.722087965201	0.691155147414	0.709038182697
AD4	0.570323827936	0.482841952634	0.950217496375	0.599806669889	0.565973900435	0.416143064282	0.526341227646	0.0	0.326727887869	0.408409859836	0.443692605123	0.499758337361	0.514741420976	0.848235862736	0.533107781537	0.508941517641	0.456259062349	0.457709038183	0.928467858869	0.762203963267	0.566940550991	0.491058482359	0.490091831803	0.490575157081	0.899468342194	0.591106814886	0.458192363461	0.462058965684	0.497341710971	0.559207346544	0.538907684872	0.483325277912	0.404543257612	0.454325761237	0.655872402127	0.582890285162	0.468342194297	0.482358627356	0.427259545674	0.540840985984	0.471725471242	0.643305944901	0.614789753504	0.478492025133	0.538424359594	0.507974867086	0.667472208797	0.597390043499	0.642339294345	0.631222812953	0.622039632673	0.652005799903	0.51619139681	0.524407926535	0.532624456259	0.528757854036	0.532624456259	0.631222812953	0.549057515708	0.629289511841	0.499758337361	0.616239729338
AE3	0.560657322378	0.499275012083	0.936684388594	0.608989850169	0.582406959884	0.41662638956	0.635089415176	0.326727887869	0.0	0.509908168197	0.40502658289	0.521024649589	0.508941517641	0.842919284679	0.553407443209	0.523924601257	0.427742870952	0.420492991783	0.920251329145	0.754470758821	0.546640889319	0.477042049299	0.459642339294	0.47462542291	0.884001933301	0.579507008217	0.435959400677	0.455775737071	0.480908651522	0.549057515708	0.53020782987	0.489125181247	0.382793620106	0.440309328178	0.676172063799	0.612373127115	0.446592556791	0.523441275979	0.446109231513	0.591106814886	0.521991300145	0.687288545191	0.656355727405	0.521024649589	0.531657805703	0.49540840986	0.676172063799	0.603673272112	0.648622522958	0.637022716288	0.630256162397	0.663605606573	0.534557757371	0.548090865152	0.550507491542	0.545674238763	0.541807636539	0.646205896568	0.565490575157	0.632189463509	0.506524891252	0.627839536008
AE4	0.622522957951	0.537457709038	0.95601739971	0.628806186564	0.594490091832	0.521024649589	0.364427259546	0.408409859836	0.509908168197	0.0	0.578540357661	0.541324311261	0.586756887385	0.850652489125	0.55775737071	0.576123731271	0.581923634606	0.586273562107	0.936201063316	0.771870468826	0.652972450459	0.591106814886	0.592073465442	0.59497341711	0.905751570807	0.612373127115	0.586756887385	0.590623489609	0.584340260996	0.605606573224	0.637022716288	0.588690188497	0.53697438376	0.553890768487	0.69453842436	0.625422909618	0.57177380377	0.470758820686	0.537457709038	0.534557757371	0.515224746254	0.590623489609	0.558724021266	0.505074915418	0.615273078782	0.59497341711	0.717254712421	0.64813919768	0.69453842436	0.679555340744	0.675205413243	0.693571773804	0.606089898502	0.588690188497	0.604639922668	0.594006766554	0.58337361044	0.679072015466	0.607539874335	0.676655389077	0.594490091832	0.65973900435
AF3	0.602706621556	0.557274045433	0.977283711938	0.637022716288	0.617689705172	0.34026099565	0.670372160464	0.443692605123	0.40502658289	0.578540357661	0.0	0.5186080232	0.523441275979	0.878202029966	0.603189946834	0.566457225713	0.440309328178	0.41904301595	0.957467375544	0.790236829386	0.582406959884	0.524891251812	0.431126147898	0.455775737071	0.917834702755	0.614789753504	0.438376027066	0.502174963751	0.529241179314	0.600289995167	0.527307878202	0.501208313195	0.429676172064	0.484775253746	0.661188980184	0.618173030449	0.427742870952	0.557274045433	0.432092798453	0.618173030449	0.545674238763	0.731754470759	0.691638472692	0.55099081682	0.510391493475	0.488158530691	0.661672305462	0.590140164331	0.655389076849	0.61575640406	0.611406476559	0.638472692122	0.531657805703	0.523441275979	0.534074432093	0.525857902368	0.579507008217	0.62735621073	0.594006766554	0.610439826003	0.501691638473	0.605606573224
AF4	0.601739971	0.509424842919	0.938134364427	0.593523441276	0.329627839536	0.391493475109	0.60415659739	0.499758337361	0.521024649589	0.541324311261	0.5186080232	0.0	0.532141130981	0.838086031899	0.5601739971	0.533591106815	0.559690671822	0.552440792653	0.878685355244	0.72692121798	0.684388593523	0.62735621073	0.651522474625	0.647655872402	0.84726921218	0.631706138231	0.599806669889	0.614306428226	0.624456259062	0.641855969067	0.652489125181	0.600289995167	0.549540840986	0.563557274045	0.603673272112	0.534074432093	0.541807636539	0.542290961817	0.522957950701	0.50459159014	0.498308361527	0.639439342678	0.618656355727	0.514741420976	0.564523924601	0.550507491542	0.579023682939	0.509424842919	0.559690671822	0.535041082649	0.537457709038	0.556307394877	0.471242145964	0.497341710971	0.510391493475	0.503141614306	0.566940550991	0.53939101015	0.562107298212	0.519091348478	0.547607539874	0.515224746254
AG3	0.577090381827	0.472692121798	0.972450459159	0.478008699855	0.599323344611	0.493958434026	0.637506041566	0.514741420976	0.508941517641	0.586756887385	0.523441275979	0.532141130981	0.0	0.842435959401	0.534074432093	0.510874818753	0.506524891252	0.504108264862	0.933301111648	0.77090381827	0.670372160464	0.601256645723	0.583856935718	0.601256645723	0.888351860802	0.634606089899	0.551957467376	0.584823586274	0.613823102948	0.628322861286	0.637506041566	0.574190430159	0.525857902368	0.51377477042	0.641855969067	0.600289995167	0.541807636539	0.543740937651	0.510391493475	0.570807153214	0.510874818753	0.681971967134	0.651522474625	0.529724504592	0.577090381827	0.542290961817	0.623489608507	0.554857419043	0.619139681005	0.602706621556	0.589173513775	0.603673272112	0.500724987917	0.5186080232	0.532624456259	0.515224746254	0.53697438376	0.597873368777	0.555340744321	0.585790236829	0.5186080232	0.579023682939
AG4	0.837119381344	0.848719188014	0.362493958434	0.561140647656	0.823102948284	0.856935717738	0.85645239246	0.848235862736	0.842919284679	0.850652489125	0.878202029966	0.838086031899	0.842435959401	0.0	0.866602223296	0.845335911068	0.882551957467	0.880618656356	0.720154664089	0.671822136298	0.813919768004	0.820202996617	0.867568873852	0.869018849686	0.829386176897	0.819236346061	0.857419043016	0.843402609957	0.755920734654	0.740937651039	0.872885451909	0.864185596907	0.86805219913	0.87046882552	0.887868535524	0.879168680522	0.878202029966	0.852585790237	0.878685355244	0.874335427743	0.871435476075	0.845335911068	0.845819236346	0.858385693572	0.886418559691	0.882551957467	0.875785403577	0.873368777187	0.873368777187	0.873368777187	0.8796520058	0.871918801353	0.879168680522	0.876752054132	0.884001933301	0.879168680522	0.875302078299	0.875302078299	0.872885451909	0.874335427743	0.881101981634	0.876268728855
AH3	0.651039149348	0.370227162881	0.966167230546	0.606089898502	0.61575640406	0.565973900435	0.579990333494	0.533107781537	0.553407443209	0.55775737071	0.603189946834	0.5601739971	0.534074432093	0.866602223296	0.0	0.512808119865	0.60657322378	0.603673272112	0.929917834703	0.771870468826	0.701788303528	0.644272595457	0.62735621073	0.642822619623	0.903818269696	0.680038666022	0.623972933784	0.646689221846	0.657805703238	0.676172063799	0.691638472692	0.641855969067	0.554857419043	0.582406959884	0.702271628806	0.649105848236	0.637506041566	0.553890768487	0.591590140164	0.569840502658	0.554374093765	0.618173030449	0.56935717738	0.551957467376	0.656839052682	0.628322861286	0.710004833253	0.620106331561	0.667955534074	0.652489125181	0.660705654906	0.675205413243	0.592073465442	0.602706621556	0.601256645723	0.607539874335	0.556790720155	0.675688738521	0.566457225713	0.642339294345	0.604639922668	0.630256162397
AH4	0.338327694538	0.363943934268	0.948284195263	0.574190430159	0.600773320445	0.509908168197	0.637022716288	0.508941517641	0.523924601257	0.576123731271	0.566457225713	0.533591106815	0.510874818753	0.845335911068	0.512808119865	0.0	0.526824552924	0.536491058482	0.874818753021	0.718221362977	0.633639439343	0.560657322378	0.563073948768	0.569840502658	0.854035766071	0.593523441276	0.536491058482	0.549057515708	0.567423876269	0.593040115998	0.597390043499	0.55099081682	0.526824552924	0.540357660706	0.677622039633	0.629289511841	0.578540357661	0.572740454326	0.546640889319	0.5601739971	0.513291445143	0.680038666022	0.637506041566	0.558724021266	0.602706621556	0.562107298212	0.650072498792	0.58337361044	0.653455775737	0.607056549058	0.605123247946	0.632672788787	0.521991300145	0.53020782987	0.541324311261	0.517158047366	0.509424842919	0.619623006283	0.51619139681	0.600289995167	0.537457709038	0.599323344611
AA7	0.553890768487	0.531657805703	0.97680038666	0.629289511841	0.617206379894	0.467375543741	0.681971967134	0.456259062349	0.427742870952	0.581923634606	0.440309328178	0.559690671822	0.506524891252	0.882551957467	0.60657322378	0.526824552924	0.0	0.292895118415	0.918801353311	0.770420492992	0.585306911551	0.500241662639	0.472692121798	0.493475108748	0.873368777187	0.595456742388	0.432576123731	0.463508941518	0.512324794587	0.582406959884	0.515224746254	0.420976317061	0.408893185114	0.477525374577	0.696471725471	0.654905751571	0.476075398743	0.565007249879	0.478008699855	0.59255679072	0.53939101015	0.723054615756	0.691155147414	0.570323827936	0.556307394877	0.5186080232	0.658289028516	0.603673272112	0.666988883519	0.638472692122	0.59255679072	0.629772837119	0.50700821653	0.520057999033	0.524407926535	0.514258095698	0.535524407927	0.620106331561	0.545190913485	0.630739487675	0.491541807637	0.605123247946
AA8	0.554374093765	0.531657805703	0.973417109715	0.619623006283	0.610923151281	0.454809086515	0.68293861769	0.457709038183	0.420492991783	0.586273562107	0.41904301595	0.552440792653	0.504108264862	0.880618656356	0.603673272112	0.536491058482	0.292895118415	0.0	0.918318028033	0.76848719188	0.568873852102	0.483325277912	0.456742387627	0.47220879652	0.870952150797	0.591590140164	0.425326244563	0.464475592073	0.511358144031	0.586273562107	0.467375543741	0.38424359594	0.420976317061	0.487675205413	0.699371677139	0.658772353794	0.457225712905	0.571290478492	0.471242145964	0.608023199613	0.549540840986	0.730304494925	0.696471725471	0.570807153214	0.54857419043	0.507974867086	0.65055582407	0.591106814886	0.659255679072	0.634122764621	0.591106814886	0.615273078782	0.505074915418	0.515224746254	0.526824552924	0.512808119865	0.542774287095	0.607056549058	0.552924117931	0.625422909618	0.48622522958	0.593523441276
AB7	0.863218946351	0.887868535524	0.755920734654	0.744320927985	0.873368777187	0.927017883035	0.942967617206	0.928467858869	0.920251329145	0.936201063316	0.957467375544	0.878685355244	0.933301111648	0.720154664089	0.929917834703	0.874818753021	0.918801353311	0.918318028033	0.0	0.417109714838	0.820202996617	0.840985983567	0.928951184147	0.9212179797	0.738037699372	0.822619623006	0.895118414693	0.871918801353	0.739487675205	0.693571773804	0.884001933301	0.894151764137	0.922667955534	0.938617689705	0.941517641373	0.940550990817	0.944900918318	0.915901401643	0.947317544708	0.930884485259	0.931367810536	0.870952150797	0.875785403577	0.905751570807	0.958917351377	0.94441759304	0.923151280812	0.924601256646	0.93523441276	0.928467858869	0.928951184147	0.917351377477	0.915901401643	0.910584823586	0.915418076365	0.908168197197	0.925084581924	0.915901401643	0.921701304978	0.923151280812	0.945867568874	0.925567907202
AB8	0.717738037699	0.727404543258	0.762687288545	0.572257129048	0.761237312711	0.764137264379	0.784920251329	0.762203963267	0.754470758821	0.771870468826	0.790236829386	0.72692121798	0.77090381827	0.671822136298	0.771870468826	0.718221362977	0.770420492992	0.76848719188	0.417109714838	0.0	0.662155630739	0.678105364911	0.762203963267	0.74770420493	0.738037699372	0.665055582407	0.727887868536	0.706621556307	0.547124214596	0.529241179314	0.738037699372	0.742387626873	0.764137264379	0.773803769937	0.815369743838	0.781536974384	0.779603673272	0.750120831319	0.780570323828	0.767520541324	0.763170613823	0.729337844369	0.729337844369	0.742387626873	0.798453359111	0.784920251329	0.811019816336	0.77090381827	0.8008699855	0.771870468826	0.778637022716	0.786370227163	0.769937167714	0.766070565491	0.769937167714	0.760753987434	0.764620589657	0.785886901885	0.771870468826	0.765587240213	0.782986950217	0.776703721605
AC7	0.609473175447	0.65732237796	0.901401643306	0.653939101015	0.728854519091	0.590623489609	0.716288061866	0.566940550991	0.546640889319	0.652972450459	0.582406959884	0.684388593523	0.670372160464	0.813919768004	0.701788303528	0.633639439343	0.585306911551	0.568873852102	0.820202996617	0.662155630739	0.0	0.3610439826	0.55775737071	0.562107298212	0.823586273562	0.591590140164	0.539874335428	0.512324794587	0.479942000967	0.488641855969	0.559207346544	0.543257612373	0.550507491542	0.598356694055	0.8008699855	0.752537457709	0.620589656839	0.646689221846	0.599323344611	0.720637989367	0.670372160464	0.721604639923	0.698888351861	0.644272595457	0.644755920735	0.614789753504	0.809086515225	0.751087481875	0.796036732721	0.780570323828	0.749637506042	0.784436926051	0.677138714355	0.673755437409	0.681005316578	0.677622039633	0.673272112131	0.778153697438	0.689221846303	0.772353794103	0.617206379894	0.761720637989
AC8	0.554374093765	0.577573707105	0.910584823586	0.605606573224	0.676172063799	0.527307878202	0.691155147414	0.491058482359	0.477042049299	0.591106814886	0.524891251812	0.62735621073	0.601256645723	0.820202996617	0.644272595457	0.560657322378	0.500241662639	0.483325277912	0.840985983567	0.678105364911	0.3610439826	0.0	0.465925567907	0.471725471242	0.830352827453	0.536491058482	0.402126631223	0.376510391493	0.427742870952	0.485258579024	0.510391493475	0.465442242629	0.470275495408	0.520541324311	0.734654422426	0.684388593523	0.546640889319	0.586756887385	0.534074432093	0.648622522958	0.596423392943	0.680038666022	0.649589173514	0.576607056549	0.586273562107	0.544224262929	0.736587723538	0.675205413243	0.733204446593	0.716771387144	0.676655389077	0.710971483809	0.603673272112	0.600773320445	0.60415659739	0.602706621556	0.595456742388	0.700338327695	0.608023199613	0.702754954084	0.550024166264	0.687771870469
AD7	0.57177380377	0.574673755437	0.9584340261	0.640889318511	0.713388110198	0.518124697922	0.688738521025	0.490091831803	0.459642339294	0.592073465442	0.431126147898	0.651522474625	0.583856935718	0.867568873852	0.62735621073	0.563073948768	0.472692121798	0.456742387627	0.928951184147	0.762203963267	0.55775737071	0.465925567907	0.0	0.295795070082	0.890285161914	0.51619139681	0.40744320928	0.456259062349	0.491058482359	0.567423876269	0.500724987917	0.470275495408	0.457225712905	0.52779120348	0.731271145481	0.682455292412	0.510874818753	0.597390043499	0.531657805703	0.64572257129	0.595940067666	0.72450459159	0.68970517158	0.600773320445	0.574673755437	0.538907684872	0.732237796037	0.663605606573	0.734654422426	0.710488158531	0.676172063799	0.701788303528	0.603189946834	0.595940067666	0.603189946834	0.603189946834	0.587723537941	0.697438376027	0.603189946834	0.696955050749	0.559690671822	0.678588690188
AD8	0.573707104882	0.58337361044	0.955534074432	0.636056065732	0.714354760754	0.5186080232	0.694055099082	0.490575157081	0.47462542291	0.59497341711	0.455775737071	0.647655872402	0.601256645723	0.869018849686	0.642822619623	0.569840502658	0.493475108748	0.47220879652	0.9212179797	0.74770420493	0.562107298212	0.471725471242	0.295795070082	0.0	0.861285645239	0.488641855969	0.411793136781	0.457225712905	0.471242145964	0.545190913485	0.492508458192	0.473175447076	0.479942000967	0.539874335428	0.736587723538	0.684388593523	0.510874818753	0.590140164331	0.532141130981	0.646205896568	0.595456742388	0.724021266312	0.688255195747	0.590140164331	0.584823586274	0.556790720155	0.739004349928	0.667472208797	0.737554374094	0.710488158531	0.674238762687	0.706621556307	0.606089898502	0.601739971	0.599806669889	0.60657322378	0.601256645723	0.70130497825	0.612373127115	0.698405026583	0.565490575157	0.684388593523
AE7	0.828902851619	0.876268728855	0.857419043016	0.796036732721	0.83325277912	0.891735137748	0.918801353311	0.899468342194	0.884001933301	0.905751570807	0.917834702755	0.84726921218	0.888351860802	0.829386176897	0.903818269696	0.854035766071	0.873368777187	0.870952150797	0.738037699372	0.738037699372	0.823586273562	0.830352827453	0.890285161914	0.861285645239	0.0	0.555824069599	0.874335427743	0.853069115515	0.764137264379	0.754470758821	0.838086031899	0.842919284679	0.897051715805	0.908168197197	0.928951184147	0.919768003867	0.916384726921	0.896085065249	0.924601256646	0.884001933301	0.904784920251	0.878202029966	0.8796520058	0.873368777187	0.938617689705	0.91445142581	0.889801836636	0.898018366361	0.911551474142	0.895118414693	0.904301594973	0.895601739971	0.88883518608	0.894151764137	0.899951667472	0.881585306912	0.908168197197	0.890768487192	0.901884968584	0.896568390527	0.909134847753	0.899951667472
AE8	0.579023682939	0.612373127115	0.908168197197	0.62493958434	0.688255195747	0.586273562107	0.692605123248	0.591106814886	0.579507008217	0.612373127115	0.614789753504	0.631706138231	0.634606089899	0.819236346061	0.680038666022	0.593523441276	0.595456742388	0.591590140164	0.822619623006	0.665055582407	0.591590140164	0.536491058482	0.51619139681	0.488641855969	0.555824069599	0.0	0.564040599323	0.547607539874	0.514258095698	0.521507974867	0.579023682939	0.55775737071	0.595456742388	0.607056549058	0.740454325761	0.698405026583	0.618173030449	0.598840019333	0.622522957951	0.652005799903	0.625906234896	0.69212179797	0.655389076849	0.598356694055	0.634122764621	0.612856452392	0.732237796037	0.683905268246	0.74770420493	0.700338327695	0.692605123248	0.722087965201	0.637989366844	0.624456259062	0.634606089899	0.617206379894	0.636056065732	0.70372160464	0.649589173514	0.694055099082	0.608023199613	0.694055099082
AF7	0.552924117931	0.538424359594	0.950700821653	0.633156114065	0.658772353794	0.492508458192	0.691638472692	0.458192363461	0.435959400677	0.586756887385	0.438376027066	0.599806669889	0.551957467376	0.857419043016	0.623972933784	0.536491058482	0.432576123731	0.425326244563	0.895118414693	0.727887868536	0.539874335428	0.402126631223	0.40744320928	0.411793136781	0.874335427743	0.564040599323	0.0	0.319961333978	0.465925567907	0.544224262929	0.475108748188	0.466892218463	0.423876268729	0.484291928468	0.698405026583	0.651522474625	0.477525374577	0.556790720155	0.489608506525	0.603189946834	0.54857419043	0.707588206863	0.673755437409	0.554857419043	0.558240695988	0.511358144031	0.679072015466	0.620106331561	0.690188496858	0.669888835186	0.629772837119	0.656355727405	0.552440792653	0.549540840986	0.555340744321	0.554857419043	0.546157564041	0.643789270179	0.561140647656	0.654905751571	0.49299178347	0.627839536008
AF8	0.553407443209	0.55775737071	0.930401159981	0.628322861286	0.670372160464	0.511841469309	0.69453842436	0.462058965684	0.455775737071	0.590623489609	0.502174963751	0.614306428226	0.584823586274	0.843402609957	0.646689221846	0.549057515708	0.463508941518	0.464475592073	0.871918801353	0.706621556307	0.512324794587	0.376510391493	0.456259062349	0.457225712905	0.853069115515	0.547607539874	0.319961333978	0.0	0.445625906235	0.521507974867	0.502658289029	0.471242145964	0.444659255679	0.510874818753	0.704688255196	0.658289028516	0.502174963751	0.55775737071	0.502658289029	0.612373127115	0.561623972934	0.694055099082	0.658289028516	0.556307394877	0.560657322378	0.532141130981	0.696955050749	0.631706138231	0.705171580474	0.688738521025	0.647172547124	0.678105364911	0.565007249879	0.562107298212	0.56935717738	0.566940550991	0.565490575157	0.662155630739	0.568873852102	0.674238762687	0.500724987917	0.645239246013
AG7	0.570323827936	0.596906718221	0.845819236346	0.538907684872	0.671822136298	0.535041082649	0.690188496858	0.497341710971	0.480908651522	0.584340260996	0.529241179314	0.624456259062	0.613823102948	0.755920734654	0.657805703238	0.567423876269	0.512324794587	0.511358144031	0.739487675205	0.547124214596	0.479942000967	0.427742870952	0.491058482359	0.471242145964	0.764137264379	0.514258095698	0.465925567907	0.445625906235	0.0	0.318511358144	0.531657805703	0.494925084582	0.490575157081	0.547607539874	0.735621072982	0.681488641856	0.520541324311	0.567907201547	0.529724504592	0.637989366844	0.583856935718	0.668438859352	0.643305944901	0.56935717738	0.59255679072	0.57177380377	0.735137747704	0.668438859352	0.728854519091	0.710004833253	0.67133881102	0.710004833253	0.614789753504	0.607056549058	0.61333977767	0.598356694055	0.622039632673	0.698405026583	0.631706138231	0.692605123248	0.573707104882	0.679555340744
AG8	0.575640405993	0.61575640406	0.839536007733	0.571290478492	0.693571773804	0.57177380377	0.685355244079	0.559207346544	0.549057515708	0.605606573224	0.600289995167	0.641855969067	0.628322861286	0.740937651039	0.676172063799	0.593040115998	0.582406959884	0.586273562107	0.693571773804	0.529241179314	0.488641855969	0.485258579024	0.567423876269	0.545190913485	0.754470758821	0.521507974867	0.544224262929	0.521507974867	0.318511358144	0.0	0.576607056549	0.557274045433	0.56259062349	0.588206863219	0.762687288545	0.704688255196	0.597390043499	0.590140164331	0.588206863219	0.665538907685	0.611889801837	0.679072015466	0.656355727405	0.592073465442	0.631706138231	0.608023199613	0.759787336878	0.687771870469	0.749154180764	0.727404543258	0.699855002417	0.730787820203	0.640405993233	0.631706138231	0.640405993233	0.628322861286	0.643305944901	0.718704688255	0.65973900435	0.708071532141	0.605123247946	0.706621556307
AH7	0.58095698405	0.629772837119	0.95601739971	0.675688738521	0.704204929918	0.57177380377	0.716771387144	0.538907684872	0.53020782987	0.637022716288	0.527307878202	0.652489125181	0.637506041566	0.872885451909	0.691638472692	0.597390043499	0.515224746254	0.467375543741	0.884001933301	0.738037699372	0.559207346544	0.510391493475	0.500724987917	0.492508458192	0.838086031899	0.579023682939	0.475108748188	0.502658289029	0.531657805703	0.576607056549	0.0	0.337361043983	0.548090865152	0.607056549058	0.771387143548	0.731754470759	0.563557274045	0.65973900435	0.589173513775	0.67133881102	0.642822619623	0.769937167714	0.734654422426	0.652972450459	0.643789270179	0.623489608507	0.754470758821	0.711938134364	0.76848719188	0.727887868536	0.702754954084	0.736587723538	0.632672788787	0.627839536008	0.626389560174	0.631222812953	0.637022716288	0.725954567424	0.640889318511	0.721604639923	0.600289995167	0.720637989367
AH8	0.540840985984	0.579023682939	0.9584340261	0.632189463509	0.653455775737	0.50700821653	0.687771870469	0.483325277912	0.489125181247	0.588690188497	0.501208313195	0.600289995167	0.574190430159	0.864185596907	0.641855969067	0.55099081682	0.420976317061	0.38424359594	0.894151764137	0.742387626873	0.543257612373	0.465442242629	0.470275495408	0.473175447076	0.842919284679	0.55775737071	0.466892218463	0.471242145964	0.494925084582	0.557274045433	0.337361043983	0.0	0.49540840986	0.534074432093	0.731271145481	0.685838569357	0.52537457709	0.593523441276	0.525857902368	0.616239729338	0.584340260996	0.726437892702	0.694055099082	0.59497341711	0.581440309328	0.555824069599	0.684388593523	0.646689221846	0.715804736588	0.678105364911	0.637022716288	0.669888835186	0.552924117931	0.565973900435	0.560657322378	0.567907201547	0.579507008217	0.660705654906	0.58337361044	0.666022232963	0.538424359594	0.655872402127
AA5	0.578540357661	0.513291445143	0.963267278879	0.63653939101	0.616239729338	0.457709038183	0.630256162397	0.404543257612	0.382793620106	0.53697438376	0.429676172064	0.549540840986	0.525857902368	0.86805219913	0.554857419043	0.526824552924	0.408893185114	0.420976317061	0.922667955534	0.764137264379	0.550507491542	0.470275495408	0.457225712905	0.479942000967	0.897051715805	0.595456742388	0.423876268729	0.444659255679	0.490575157081	0.56259062349	0.548090865152	0.49540840986	0.0	0.349927501208	0.670372160464	0.601256645723	0.459642339294	0.478008699855	0.457225712905	0.553407443209	0.479942000967	0.637506041566	0.597873368777	0.479458675689	0.53697438376	0.4813919768	0.700338327695	0.631222812953	0.673272112131	0.655389076849	0.65055582407	0.685355244079	0.531174480425	0.559690671822	0.575157080715	0.552440792653	0.534074432093	0.665055582407	0.563557274045	0.647655872402	0.510874818753	0.643305944901
AA6	0.588206863219	0.5186080232	0.966167230546	0.647172547124	0.623489608507	0.458675688739	0.643305944901	0.454325761237	0.440309328178	0.553890768487	0.484775253746	0.563557274045	0.51377477042	0.87046882552	0.582406959884	0.540357660706	0.477525374577	0.487675205413	0.938617689705	0.773803769937	0.598356694055	0.520541324311	0.52779120348	0.539874335428	0.908168197197	0.607056549058	0.484291928468	0.510874818753	0.547607539874	0.588206863219	0.607056549058	0.534074432093	0.349927501208	0.0	0.661188980184	0.585790236829	0.508458192363	0.504108264862	0.462542290962	0.578540357661	0.507974867086	0.671822136298	0.629289511841	0.506041565974	0.469308844853	0.411793136781	0.680038666022	0.612856452392	0.656839052682	0.642339294345	0.623006283229	0.658772353794	0.524407926535	0.540840985984	0.554857419043	0.536491058482	0.542774287095	0.642339294345	0.56935717738	0.635089415176	0.506524891252	0.623489608507
AB5	0.73368777187	0.654905751571	0.981150314161	0.722571290478	0.618656355727	0.622039632673	0.72692121798	0.655872402127	0.676172063799	0.69453842436	0.661188980184	0.603673272112	0.641855969067	0.887868535524	0.702271628806	0.677622039633	0.696471725471	0.699371677139	0.941517641373	0.815369743838	0.8008699855	0.734654422426	0.731271145481	0.736587723538	0.928951184147	0.740454325761	0.698405026583	0.704688255196	0.735621072982	0.762687288545	0.771387143548	0.731271145481	0.670372160464	0.661188980184	0.0	0.299661672305	0.597873368777	0.64813919768	0.614306428226	0.615273078782	0.608506524891	0.723054615756	0.721604639923	0.623972933784	0.615273078782	0.605606573224	0.605606573224	0.605606573224	0.625906234896	0.598840019333	0.613823102948	0.610439826003	0.585306911551	0.597873368777	0.603673272112	0.607539874335	0.662155630739	0.587723537941	0.65055582407	0.601739971	0.669405509908	0.606089898502
AB6	0.688255195747	0.59497341711	0.973417109715	0.670855485742	0.579023682939	0.561623972934	0.668438859352	0.582890285162	0.612373127115	0.625422909618	0.618173030449	0.534074432093	0.600289995167	0.879168680522	0.649105848236	0.629289511841	0.654905751571	0.658772353794	0.940550990817	0.781536974384	0.752537457709	0.684388593523	0.682455292412	0.684388593523	0.919768003867	0.698405026583	0.651522474625	0.658289028516	0.681488641856	0.704688255196	0.731754470759	0.685838569357	0.601256645723	0.585790236829	0.299661672305	0.0	0.553407443209	0.576123731271	0.567907201547	0.563073948768	0.545190913485	0.670372160464	0.655389076849	0.53939101015	0.568390526825	0.552924117931	0.602223296278	0.553407443209	0.596423392943	0.570807153214	0.572257129048	0.598840019333	0.537941034316	0.564040599323	0.567423876269	0.576607056549	0.61333977767	0.576123731271	0.606089898502	0.564040599323	0.632672788787	0.558724021266
AC5	0.593523441276	0.56935717738	0.979700338328	0.652972450459	0.610439826003	0.456259062349	0.676172063799	0.468342194297	0.446592556791	0.57177380377	0.427742870952	0.541807636539	0.541807636539	0.878202029966	0.637506041566	0.578540357661	0.476075398743	0.457225712905	0.944900918318	0.779603673272	0.620589656839	0.546640889319	0.510874818753	0.510874818753	0.916384726921	0.618173030449	0.477525374577	0.502174963751	0.520541324311	0.597390043499	0.563557274045	0.52537457709	0.459642339294	0.508458192363	0.597873368777	0.553407443209	0.0	0.448042532624	0.446109231513	0.575157080715	0.53020782987	0.71532141131	0.670855485742	0.537941034316	0.480908651522	0.469308844853	0.594006766554	0.542290961817	0.614306428226	0.575640405993	0.562107298212	0.588206863219	0.507491541808	0.485741904302	0.498791686805	0.50459159014	0.58337361044	0.571290478492	0.591106814886	0.56259062349	0.520541324311	0.551474142098
AC6	0.619139681005	0.527307878202	0.959884001933	0.636056065732	0.589173513775	0.514741420976	0.553890768487	0.482358627356	0.523441275979	0.470758820686	0.557274045433	0.542290961817	0.543740937651	0.852585790237	0.553890768487	0.572740454326	0.565007249879	0.571290478492	0.915901401643	0.750120831319	0.646689221846	0.586756887385	0.597390043499	0.590140164331	0.896085065249	0.598840019333	0.556790720155	0.55775737071	0.567907201547	0.590140164331	0.65973900435	0.593523441276	0.478008699855	0.504108264862	0.64813919768	0.576123731271	0.448042532624	0.0	0.520057999033	0.512808119865	0.484291928468	0.49299178347	0.458192363461	0.417109714838	0.563557274045	0.546640889319	0.670372160464	0.619623006283	0.654422426293	0.634122764621	0.639439342678	0.663122281295	0.574190430159	0.56935717738	0.582406959884	0.56935717738	0.561140647656	0.644272595457	0.586273562107	0.623972933784	0.550507491542	0.629772837119
AD6	0.600289995167	0.53020782987	0.979700338328	0.623972933784	0.593523441276	0.415659739004	0.626389560174	0.427259545674	0.446109231513	0.537457709038	0.432092798453	0.522957950701	0.510391493475	0.878685355244	0.591590140164	0.546640889319	0.478008699855	0.471242145964	0.947317544708	0.780570323828	0.599323344611	0.534074432093	0.531657805703	0.532141130981	0.924601256646	0.622522957951	0.489608506525	0.502658289029	0.529724504592	0.588206863219	0.589173513775	0.525857902368	0.457225712905	0.462542290962	0.614306428226	0.567907201547	0.446109231513	0.520057999033	0.0	0.541807636539	0.41904301595	0.700338327695	0.663122281295	0.517641372644	0.488641855969	0.463992266796	0.613823102948	0.546640889319	0.608989850169	0.580473658772	0.574673755437	0.593523441276	0.479942000967	0.467858869019	0.487675205413	0.47462542291	0.542290961817	0.582890285162	0.551957467376	0.578540357661	0.472692121798	0.561623972934
AE5	0.621072982117	0.536007733204	0.97921701305	0.62493958434	0.552924117931	0.550024166264	0.578057032383	0.540840985984	0.591106814886	0.534557757371	0.618173030449	0.50459159014	0.570807153214	0.874335427743	0.569840502658	0.5601739971	0.59255679072	0.608023199613	0.930884485259	0.767520541324	0.720637989367	0.648622522958	0.64572257129	0.646205896568	0.884001933301	0.652005799903	0.603189946834	0.612373127115	0.637989366844	0.665538907685	0.67133881102	0.616239729338	0.553407443209	0.578540357661	0.615273078782	0.563073948768	0.575157080715	0.512808119865	0.541807636539	0.0	0.348477525375	0.609473175447	0.581440309328	0.499758337361	0.623006283229	0.609473175447	0.640405993233	0.593040115998	0.634122764621	0.602706621556	0.620589656839	0.641855969067	0.539874335428	0.573707104882	0.589173513775	0.551474142098	0.555340744321	0.623489608507	0.559690671822	0.600289995167	0.571290478492	0.606089898502
AE6	0.584340260996	0.48380860319	0.979700338328	0.610439826003	0.556790720155	0.478008699855	0.575157080715	0.471725471242	0.521991300145	0.515224746254	0.545674238763	0.498308361527	0.510874818753	0.871435476075	0.554374093765	0.513291445143	0.53939101015	0.549540840986	0.931367810536	0.763170613823	0.670372160464	0.596423392943	0.595940067666	0.595456742388	0.904784920251	0.625906234896	0.54857419043	0.561623972934	0.583856935718	0.611889801837	0.642822619623	0.584340260996	0.479942000967	0.507974867086	0.608506524891	0.545190913485	0.53020782987	0.484291928468	0.41904301595	0.348477525375	0.0	0.639922667956	0.599323344611	0.468342194297	0.552924117931	0.533591106815	0.634122764621	0.570807153214	0.616239729338	0.589173513775	0.601256645723	0.623006283229	0.487675205413	0.491541807637	0.517641372644	0.484775253746	0.513291445143	0.607539874335	0.529724504592	0.581440309328	0.511358144031	0.589656839053
AF5	0.72450459159	0.641372643789	0.939101014983	0.677138714355	0.665055582407	0.688738521025	0.576607056549	0.643305944901	0.687288545191	0.590623489609	0.731754470759	0.639439342678	0.681971967134	0.845335911068	0.618173030449	0.680038666022	0.723054615756	0.730304494925	0.870952150797	0.729337844369	0.721604639923	0.680038666022	0.72450459159	0.724021266312	0.878202029966	0.69212179797	0.707588206863	0.694055099082	0.668438859352	0.679072015466	0.769937167714	0.726437892702	0.637506041566	0.671822136298	0.723054615756	0.670372160464	0.71532141131	0.49299178347	0.700338327695	0.609473175447	0.639922667956	0.0	0.283711938134	0.541807636539	0.731271145481	0.714354760754	0.751087481875	0.729821169647	0.740454325761	0.719188013533	0.744804253262	0.750120831319	0.702271628806	0.720154664089	0.73368777187	0.713388110198	0.675688738521	0.734171097148	0.683421942968	0.711938134364	0.726437892702	0.735137747704
AF6	0.684388593523	0.600289995167	0.942967617206	0.660222329628	0.661672305462	0.64813919768	0.537941034316	0.614789753504	0.656355727405	0.558724021266	0.691638472692	0.618656355727	0.651522474625	0.845819236346	0.56935717738	0.637506041566	0.691155147414	0.696471725471	0.875785403577	0.729337844369	0.698888351861	0.649589173514	0.68970517158	0.688255195747	0.8796520058	0.655389076849	0.673755437409	0.658289028516	0.643305944901	0.656355727405	0.734654422426	0.694055099082	0.597873368777	0.629289511841	0.721604639923	0.655389076849	0.670855485742	0.458192363461	0.663122281295	0.581440309328	0.599323344611	0.283711938134	0.0	0.509424842919	0.695988400193	0.6805219913	0.752537457709	0.70372160464	0.734171097148	0.711454809087	0.714354760754	0.74770420493	0.670855485742	0.687771870469	0.69453842436	0.678588690188	0.637022716288	0.725954567424	0.64813919768	0.701788303528	0.690188496858	0.711454809087
