	AA3	AA4	AB3	AB4	AC3	AC4	AD3	AD4	AE3	AE4	AF3	AF4	AG3	AG4	AH3	AH4	AA7	AA8	AB7	AB8	AC7	AC8	AD7	AD8	AE7	AE8	AF7	AF8	AG7	AG8	AH7	AH8	AA5	AA6	AB5	AB6	AC5	AC6	AD6	AE5	AE6	AF5	AF6	AG5	AH5	AH6	AA1	AA2	AB1	AB2	AC1	AC2	AD1	AD2	AE1	AE2	AF1	AF2	AG1	AG2	AH1	AH2
AA3	0.0	0.488641855969	0.930884485259	0.639922667956	0.648622522958	0.579507008217	0.661188980184	0.581440309328	0.565973900435	0.618656355727	0.611406476559	0.60657322378	0.577090381827	0.855002416626	0.644272595457	0.323827936201	0.564523924601	0.557274045433	0.86563557274	0.711454809087	0.612373127115	0.56935717738	0.594490091832	0.585790236829	0.829869502175	0.587240212663	0.567423876269	0.561140647656	0.565973900435	0.579990333494	0.587240212663	0.570807153214	0.581440309328	0.599323344611	0.745770903818	0.696471725471	0.610439826003	0.608506524891	0.594490091832	0.619139681005	0.602706621556	0.724987916868	0.696471725471	0.620589656839	0.620589656839	0.611889801837	0.683905268246	0.650072498792	0.723537941034	0.67133881102	0.637989366844	0.660222329628	0.567907201547	0.561140647656	0.570807153214	0.565007249879	0.579507008217	0.661672305462	0.59497341711	0.670372160464	0.581440309328	0.64572257129
AA4	0.488641855969	0.0	0.948284195263	0.58337361044	0.588206863219	0.50459159014	0.585790236829	0.482358627356	0.503624939584	0.515708071532	0.569840502658	0.531657805703	0.473658772354	0.866118898018	0.357660705655	0.374577090382	0.533107781537	0.533591106815	0.899951667472	0.73368777187	0.654422426293	0.58095698405	0.585790236829	0.574673755437	0.879168680522	0.624456259062	0.558724021266	0.560657322378	0.594490091832	0.610923151281	0.630739487675	0.579507008217	0.498791686805	0.519574673755	0.669405509908	0.610439826003	0.580473658772	0.510391493475	0.532624456259	0.534557757371	0.491058482359	0.641372643789	0.586756887385	0.530691155147	0.585306911551	0.565973900435	0.656355727405	0.591106814886	0.6389560174	0.609473175447	0.599323344611	0.639922667956	0.529724504592	0.531174480425	0.542290961817	0.544707588207	0.49540840986	0.630739487675	0.511841469309	0.601739971	0.531174480425	0.589656839053
AB3	0.930884485259	0.948284195263	0.0	0.662638956017	0.909134847753	0.954084098598	0.953117448043	0.939584340261	0.931367810536	0.946350894152	0.975350410826	0.937167713871	0.963267278879	0.332527791203	0.959400676655	0.938617689705	0.971483808603	0.971483808603	0.733204446593	0.748670855486	0.887868535524	0.910101498308	0.95360077332	0.952150797487	0.847752537458	0.897535041083	0.943450942484	0.925084581924	0.840019333011	0.834219429676	0.951184146931	0.955534074432	0.959884001933	0.963750604157	0.974383760271	0.968583856936	0.974867085549	0.957467375544	0.973417109715	0.971967133881	0.971483808603	0.941034316095	0.934751087482	0.94683421943	0.974867085549	0.972933784437	0.971967133881	0.970517158047	0.971000483325	0.973417109715	0.971967133881	0.971000483325	0.972450459159	0.973417109715	0.973417109715	0.972933784437	0.971000483325	0.971483808603	0.970517158047	0.974867085549	0.973900434993	0.970033832769
AB4	0.639922667956	0.58337361044	0.662638956017	0.0	0.631706138231	0.610439826003	0.690188496858	0.611406476559	0.619623006283	0.624456259062	0.649589173514	0.619139681005	0.493475108748	0.556307394877	0.611406476559	0.602223296278	0.642822619623	0.640405993233	0.720154664089	0.573707104882	0.657805703238	0.627839536008	0.666988883519	0.656839052682	0.785403576607	0.647655872402	0.653455775737	0.641855969067	0.555824069599	0.590623489609	0.69453842436	0.663122281295	0.643789270179	0.666988883519	0.723537941034	0.686805219913	0.664572257129	0.639439342678	0.630739487675	0.640889318511	0.623972933784	0.681005316578	0.653455775737	0.639439342678	0.688255195747	0.66892218463	0.696471725471	0.66892218463	0.696471725471	0.670855485742	0.65973900435	0.670372160464	0.634606089899	0.636056065732	0.653455775737	0.65055582407	0.652489125181	0.67133881102	0.637022716288	0.667472208797	0.652972450459	0.670372160464
AC3	0.648622522958	0.588206863219	0.909134847753	0.631706138231	0.0	0.494925084582	0.654905751571	0.546640889319	0.566940550991	0.602706621556	0.623489608507	0.333494441759	0.593040115998	0.831802803287	0.615273078782	0.619139681005	0.626872885452	0.61333977767	0.864668922185	0.73610439826	0.714838086032	0.677138714355	0.725954567424	0.698405026583	0.816819719671	0.688255195747	0.657805703238	0.676172063799	0.660222329628	0.680038666022	0.701788303528	0.673755437409	0.60657322378	0.634122764621	0.62735621073	0.594490091832	0.62735621073	0.590140164331	0.574190430159	0.575640405993	0.564040599323	0.674722087965	0.644755920735	0.566457225713	0.650072498792	0.631222812953	0.589656839053	0.593040115998	0.600773320445	0.576123731271	0.598840019333	0.590140164331	0.546157564041	0.574190430159	0.578540357661	0.566940550991	0.608989850169	0.579507008217	0.623489608507	0.59255679072	0.611406476559	0.590140164331
AC4	0.579507008217	0.50459159014	0.954084098598	0.610439826003	0.494925084582	0.0	0.618173030449	0.402609956501	0.403576607057	0.515224746254	0.332044465926	0.414209763171	0.488158530691	0.869502174964	0.564523924601	0.529241179314	0.473658772354	0.44900918318	0.919768003867	0.752537457709	0.584340260996	0.521024649589	0.530691155147	0.498791686805	0.884001933301	0.586273562107	0.484291928468	0.517158047366	0.526824552924	0.573223779604	0.560657322378	0.521024649589	0.453842435959	0.477525374577	0.630256162397	0.569840502658	0.462058965684	0.505074915418	0.406476558724	0.574673755437	0.485258579024	0.699371677139	0.642339294345	0.502658289029	0.498308361527	0.467375543741	0.635089415176	0.575157080715	0.60657322378	0.583856935718	0.56935717738	0.604639922668	0.48380860319	0.488158530691	0.493475108748	0.494925084582	0.540357660706	0.600773320445	0.550024166264	0.573223779604	0.462542290962	0.565973900435
AD3	0.661188980184	0.585790236829	0.953117448043	0.690188496858	0.654905751571	0.618173030449	0.0	0.528757854036	0.634122764621	0.354760753987	0.672788786854	0.614306428226	0.637989366844	0.87723537941	0.578057032383	0.631222812953	0.680038666022	0.677138714355	0.934267762204	0.774287095215	0.706138231029	0.685838569357	0.690188496858	0.686321894635	0.910101498308	0.676172063799	0.683905268246	0.684871918801	0.676172063799	0.670855485742	0.707104881585	0.685355244079	0.623489608507	0.64813919768	0.730304494925	0.678105364911	0.670372160464	0.531174480425	0.614306428226	0.583856935718	0.565973900435	0.569840502658	0.534074432093	0.553407443209	0.690188496858	0.666505558241	0.764620589657	0.699371677139	0.738037699372	0.709038182697	0.710488158531	0.735621072982	0.650072498792	0.651039149348	0.666505558241	0.652489125181	0.630256162397	0.722087965201	0.640889318511	0.709521507975	0.679555340744	0.70130497825
AD4	0.581440309328	0.482358627356	0.939584340261	0.611406476559	0.546640889319	0.402609956501	0.528757854036	0.0	0.313678105365	0.409376510391	0.438859352344	0.484291928468	0.492025132914	0.860318994683	0.528757854036	0.524407926535	0.476558724021	0.46060898985	0.929434509425	0.763170613823	0.578057032383	0.498308361527	0.509908168197	0.486708554857	0.897051715805	0.592073465442	0.459159014016	0.473658772354	0.499758337361	0.570323827936	0.554857419043	0.507491541808	0.399226679555	0.450942484292	0.63653939101	0.574673755437	0.451909134848	0.470275495408	0.421942967617	0.559207346544	0.471725471242	0.655872402127	0.597390043499	0.466892218463	0.504108264862	0.470275495408	0.652005799903	0.595940067666	0.626389560174	0.61575640406	0.598840019333	0.635089415176	0.503141614306	0.509424842919	0.517158047366	0.518124697922	0.524407926535	0.629289511841	0.544707588207	0.614789753504	0.490091831803	0.595456742388
AE3	0.565973900435	0.503624939584	0.931367810536	0.619623006283	0.566940550991	0.403576607057	0.634122764621	0.313678105365	0.0	0.509908168197	0.408409859836	0.515708071532	0.494441759304	0.857902368294	0.558240695988	0.531174480425	0.447075882069	0.423876268729	0.919768003867	0.756404059932	0.551957467376	0.462058965684	0.481875302078	0.458192363461	0.886901884969	0.586756887385	0.444659255679	0.460125664572	0.490091831803	0.566457225713	0.535524407927	0.489608506525	0.391010149831	0.455775737071	0.661672305462	0.604639922668	0.435476075399	0.512808119865	0.429192846786	0.616723054616	0.526341227646	0.703238279362	0.642339294345	0.511841469309	0.503141614306	0.467858869019	0.655872402127	0.595940067666	0.635572740454	0.623489608507	0.597873368777	0.639439342678	0.511358144031	0.5186080232	0.521991300145	0.528757854036	0.546157564041	0.630739487675	0.559207346544	0.611889801837	0.478008699855	0.597390043499
AE4	0.618656355727	0.515708071532	0.946350894152	0.624456259062	0.602706621556	0.515224746254	0.354760753987	0.409376510391	0.509908168197	0.0	0.574673755437	0.544224262929	0.56935717738	0.868535524408	0.537941034316	0.568873852102	0.579990333494	0.578540357661	0.934267762204	0.76848719188	0.649105848236	0.592073465442	0.598840019333	0.586756887385	0.904784920251	0.624456259062	0.588206863219	0.590140164331	0.584340260996	0.604639922668	0.637506041566	0.598840019333	0.522957950701	0.552924117931	0.685355244079	0.630256162397	0.572740454326	0.466892218463	0.525857902368	0.52779120348	0.501208313195	0.594490091832	0.550024166264	0.499275012083	0.601739971	0.580473658772	0.708554857419	0.658289028516	0.695505074915	0.672788786854	0.657805703238	0.68970517158	0.586756887385	0.582890285162	0.579507008217	0.582890285162	0.567907201547	0.681488641856	0.579990333494	0.672305461576	0.584340260996	0.651522474625
AF3	0.611406476559	0.569840502658	0.975350410826	0.649589173514	0.623489608507	0.332044465926	0.672788786854	0.438859352344	0.408409859836	0.574673755437	0.0	0.534557757371	0.533107781537	0.896568390527	0.605606573224	0.586756887385	0.457225712905	0.446109231513	0.957467375544	0.797003383277	0.593523441276	0.521024649589	0.440792653456	0.418076365394	0.916868052199	0.618656355727	0.437892701788	0.507491541808	0.540357660706	0.610923151281	0.526824552924	0.501691638473	0.438376027066	0.506041565974	0.669405509908	0.621556307395	0.417593040116	0.538424359594	0.443692605123	0.631222812953	0.542774287095	0.737071048816	0.681005316578	0.534074432093	0.510391493475	0.481875302078	0.663605606573	0.606089898502	0.655389076849	0.62493958434	0.598356694055	0.642822619623	0.536491058482	0.519574673755	0.527307878202	0.52779120348	0.58337361044	0.637022716288	0.597873368777	0.610923151281	0.484775253746	0.598356694055
AF4	0.60657322378	0.531657805703	0.937167713871	0.619139681005	0.333494441759	0.414209763171	0.614306428226	0.484291928468	0.515708071532	0.544224262929	0.534557757371	0.0	0.539874335428	0.85645239246	0.573223779604	0.561623972934	0.58095698405	0.563557274045	0.888351860802	0.732721121315	0.702754954084	0.643789270179	0.67133881102	0.644272595457	0.849685838569	0.649589173514	0.60415659739	0.62493958434	0.636056065732	0.652489125181	0.658289028516	0.630739487675	0.554857419043	0.580473658772	0.613823102948	0.541324311261	0.563557274045	0.536491058482	0.513291445143	0.523924601257	0.512808119865	0.646689221846	0.608023199613	0.51377477042	0.589173513775	0.570807153214	0.592073465442	0.542774287095	0.584823586274	0.55099081682	0.546157564041	0.566940550991	0.494925084582	0.516674722088	0.525857902368	0.51377477042	0.553890768487	0.557274045433	0.571290478492	0.549540840986	0.563073948768	0.543257612373
AG3	0.577090381827	0.473658772354	0.963267278879	0.493475108748	0.593040115998	0.488158530691	0.637989366844	0.492025132914	0.494441759304	0.56935717738	0.533107781537	0.539874335428	0.0	0.853552440793	0.521024649589	0.517641372644	0.519574673755	0.501208313195	0.928951184147	0.765103914935	0.662638956017	0.593040115998	0.589656839053	0.58337361044	0.885935234413	0.633156114065	0.543740937651	0.56935717738	0.595940067666	0.620589656839	0.629289511841	0.570323827936	0.518124697922	0.526341227646	0.652489125181	0.613823102948	0.534074432093	0.53939101015	0.498308361527	0.576123731271	0.51377477042	0.685838569357	0.631222812953	0.532141130981	0.561140647656	0.542774287095	0.61575640406	0.570323827936	0.621556307395	0.591590140164	0.567907201547	0.593040115998	0.497341710971	0.502174963751	0.529724504592	0.516674722088	0.532624456259	0.603189946834	0.540840985984	0.591106814886	0.499275012083	0.566940550991
AG4	0.855002416626	0.866118898018	0.332527791203	0.556307394877	0.831802803287	0.869502174964	0.87723537941	0.860318994683	0.857902368294	0.868535524408	0.896568390527	0.85645239246	0.853552440793	0.0	0.881585306912	0.857902368294	0.896085065249	0.897535041083	0.714354760754	0.686321894635	0.819719671339	0.840985983567	0.885935234413	0.882551957467	0.823586273562	0.827452875785	0.868535524408	0.853069115515	0.773803769937	0.759787336878	0.885451909135	0.880618656356	0.884968583857	0.890285161914	0.909134847753	0.901884968584	0.899468342194	0.875785403577	0.897051715805	0.892218463026	0.890285161914	0.863218946351	0.85886901885	0.873852102465	0.903818269696	0.897051715805	0.894151764137	0.894151764137	0.897051715805	0.892701788304	0.903334944418	0.895601739971	0.90285161914	0.895118414693	0.903334944418	0.899951667472	0.898018366361	0.896568390527	0.898018366361	0.893185113581	0.90043499275	0.896085065249
AH3	0.644272595457	0.357660705655	0.959400676655	0.611406476559	0.615273078782	0.564523924601	0.578057032383	0.528757854036	0.558240695988	0.537941034316	0.605606573224	0.573223779604	0.521024649589	0.881585306912	0.0	0.524891251812	0.594490091832	0.591106814886	0.926534557757	0.76848719188	0.69453842436	0.623006283229	0.622039632673	0.632672788787	0.90043499275	0.679072015466	0.631222812953	0.631706138231	0.649105848236	0.66892218463	0.684871918801	0.635089415176	0.544224262929	0.580473658772	0.704688255196	0.648622522958	0.631706138231	0.531174480425	0.587723537941	0.568873852102	0.533107781537	0.622522957951	0.571290478492	0.556790720155	0.640889318511	0.620106331561	0.696955050749	0.628322861286	0.665055582407	0.641372643789	0.641372643789	0.673755437409	0.58095698405	0.588206863219	0.598840019333	0.610439826003	0.559690671822	0.666988883519	0.554374093765	0.646689221846	0.587240212663	0.623489608507
AH4	0.323827936201	0.374577090382	0.938617689705	0.602223296278	0.619139681005	0.529241179314	0.631222812953	0.524407926535	0.531174480425	0.568873852102	0.586756887385	0.561623972934	0.517641372644	0.857902368294	0.524891251812	0.0	0.548090865152	0.547607539874	0.871435476075	0.710971483809	0.622522957951	0.567423876269	0.584823586274	0.587723537941	0.849685838569	0.606089898502	0.556307394877	0.551957467376	0.566940550991	0.588206863219	0.597873368777	0.559690671822	0.543740937651	0.559690671822	0.700338327695	0.649589173514	0.589656839053	0.556307394877	0.552924117931	0.571290478492	0.544707588207	0.680038666022	0.647172547124	0.568390526825	0.603673272112	0.584340260996	0.666505558241	0.610439826003	0.670855485742	0.62735621073	0.612856452392	0.647172547124	0.536007733204	0.540357660706	0.560657322378	0.541807636539	0.521024649589	0.641372643789	0.53020782987	0.634122764621	0.547124214596	0.611406476559
AA7	0.564523924601	0.533107781537	0.971483808603	0.642822619623	0.626872885452	0.473658772354	0.680038666022	0.476558724021	0.447075882069	0.579990333494	0.457225712905	0.58095698405	0.519574673755	0.896085065249	0.594490091832	0.548090865152	0.0	0.294345094248	0.913001449976	0.7593040116	0.585306911551	0.492508458192	0.484775253746	0.478008699855	0.868535524408	0.595940067666	0.458675688739	0.471242145964	0.53020782987	0.592073465442	0.515708071532	0.420976317061	0.437892701788	0.495891735138	0.712421459642	0.660222329628	0.481875302078	0.561140647656	0.48622522958	0.615273078782	0.5601739971	0.732237796037	0.68293861769	0.584823586274	0.552924117931	0.516674722088	0.664088931851	0.625906234896	0.676655389077	0.643789270179	0.597873368777	0.631706138231	0.5186080232	0.523441275979	0.529724504592	0.528757854036	0.53939101015	0.623489608507	0.556790720155	0.644755920735	0.507491541808	0.610439826003
AA8	0.557274045433	0.533591106815	0.971483808603	0.640405993233	0.61333977767	0.44900918318	0.677138714355	0.46060898985	0.423876268729	0.578540357661	0.446109231513	0.563557274045	0.501208313195	0.897535041083	0.591106814886	0.547607539874	0.294345094248	0.0	0.918801353311	0.758820686322	0.575640405993	0.478492025133	0.48622522958	0.476558724021	0.863702271629	0.587723537941	0.459159014016	0.46979217013	0.515224746254	0.58095698405	0.491058482359	0.395360077332	0.413243112615	0.484775253746	0.702754954084	0.652005799903	0.478008699855	0.545674238763	0.469308844853	0.606089898502	0.539874335428	0.731271145481	0.677138714355	0.570323827936	0.53939101015	0.502658289029	0.650072498792	0.604639922668	0.666022232963	0.627839536008	0.585306911551	0.622039632673	0.503624939584	0.506524891252	0.51377477042	0.514258095698	0.535524407927	0.607539874335	0.549057515708	0.62735621073	0.4813919768	0.591590140164
AB7	0.86563557274	0.899951667472	0.733204446593	0.720154664089	0.864668922185	0.919768003867	0.934267762204	0.929434509425	0.919768003867	0.934267762204	0.957467375544	0.888351860802	0.928951184147	0.714354760754	0.926534557757	0.871435476075	0.913001449976	0.918801353311	0.0	0.408409859836	0.804736587724	0.848235862736	0.938134364427	0.931851135814	0.73368777187	0.818753020783	0.892218463026	0.875302078299	0.739487675205	0.702754954084	0.886418559691	0.898018366361	0.920734654422	0.93523441276	0.94683421943	0.942484291928	0.950217496375	0.919284678589	0.950217496375	0.923151280812	0.935717738038	0.884485258579	0.890285161914	0.91203479942	0.954567423876	0.944900918318	0.926534557757	0.924601256646	0.940550990817	0.926051232479	0.930401159981	0.920251329145	0.9212179797	0.913001449976	0.918318028033	0.916384726921	0.919284678589	0.920734654422	0.92363460609	0.925084581924	0.951667472209	0.927017883035
AB8	0.711454809087	0.73368777187	0.748670855486	0.573707104882	0.73610439826	0.752537457709	0.774287095215	0.763170613823	0.756404059932	0.76848719188	0.797003383277	0.732721121315	0.765103914935	0.686321894635	0.76848719188	0.710971483809	0.7593040116	0.758820686322	0.408409859836	0.0	0.64572257129	0.681005316578	0.764620589657	0.75688738521	0.731754470759	0.662155630739	0.717254712421	0.697921701305	0.552924117931	0.532624456259	0.732721121315	0.732721121315	0.761720637989	0.772353794103	0.804736587724	0.783470275495	0.783470275495	0.754470758821	0.774770420493	0.756404059932	0.761720637989	0.738037699372	0.732237796037	0.746737554374	0.794103431609	0.784436926051	0.799420009667	0.7593040116	0.797003383277	0.760753987434	0.774770420493	0.768003866602	0.762203963267	0.755437409377	0.760753987434	0.758820686322	0.757854035766	0.767037216046	0.756404059932	0.759787336878	0.783470275495	0.762203963267
AC7	0.612373127115	0.654422426293	0.887868535524	0.657805703238	0.714838086032	0.584340260996	0.706138231029	0.578057032383	0.551957467376	0.649105848236	0.593523441276	0.702754954084	0.662638956017	0.819719671339	0.69453842436	0.622522957951	0.585306911551	0.575640405993	0.804736587724	0.64572257129	0.0	0.369743837603	0.571290478492	0.566940550991	0.817786370227	0.588690188497	0.541807636539	0.51619139681	0.469308844853	0.492508458192	0.564523924601	0.554857419043	0.55775737071	0.609473175447	0.801836636056	0.754954084099	0.62493958434	0.644272595457	0.608506524891	0.722087965201	0.673755437409	0.732237796037	0.702754954084	0.638472692122	0.633156114065	0.608023199613	0.811019816336	0.755920734654	0.800386660222	0.783953600773	0.739487675205	0.778637022716	0.675688738521	0.666505558241	0.667955534074	0.673272112131	0.679555340744	0.779603673272	0.681971967134	0.769937167714	0.611889801837	0.744804253262
AC8	0.56935717738	0.58095698405	0.910101498308	0.627839536008	0.677138714355	0.521024649589	0.685838569357	0.498308361527	0.462058965684	0.592073465442	0.521024649589	0.643789270179	0.593040115998	0.840985983567	0.623006283229	0.567423876269	0.492508458192	0.478492025133	0.848235862736	0.681005316578	0.369743837603	0.0	0.474142097632	0.476558724021	0.842919284679	0.559207346544	0.404059932334	0.37506041566	0.426292895118	0.496858385694	0.51377477042	0.470758820686	0.46979217013	0.528757854036	0.737554374094	0.685355244079	0.545190913485	0.577090381827	0.536007733204	0.651522474625	0.600289995167	0.69453842436	0.649589173514	0.577090381827	0.57177380377	0.545674238763	0.73852102465	0.681005316578	0.734171097148	0.718704688255	0.665538907685	0.70130497825	0.598356694055	0.590140164331	0.594006766554	0.597390043499	0.597390043499	0.703238279362	0.598840019333	0.701788303528	0.541807636539	0.667955534074
AD7	0.594490091832	0.585790236829	0.95360077332	0.666988883519	0.725954567424	0.530691155147	0.690188496858	0.509908168197	0.481875302078	0.598840019333	0.440792653456	0.67133881102	0.589656839053	0.885935234413	0.622039632673	0.584823586274	0.484775253746	0.48622522958	0.938134364427	0.764620589657	0.571290478492	0.474142097632	0.0	0.308361527308	0.894151764137	0.527307878202	0.421459642339	0.462542290962	0.500724987917	0.582406959884	0.501691638473	0.461092315128	0.474142097632	0.542774287095	0.744804253262	0.692605123248	0.510874818753	0.586273562107	0.545190913485	0.65732237796	0.609956500725	0.735621072982	0.690188496858	0.601739971	0.568390526825	0.550507491542	0.747220879652	0.685838569357	0.745770903818	0.724987916868	0.673755437409	0.710971483809	0.614306428226	0.604639922668	0.607539874335	0.610439826003	0.59255679072	0.717738037699	0.598356694055	0.707588206863	0.5601739971	0.676172063799
AD8	0.585790236829	0.574673755437	0.952150797487	0.656839052682	0.698405026583	0.498791686805	0.686321894635	0.486708554857	0.458192363461	0.586756887385	0.418076365394	0.644272595457	0.58337361044	0.882551957467	0.632672788787	0.587723537941	0.478008699855	0.476558724021	0.931851135814	0.75688738521	0.566940550991	0.476558724021	0.308361527308	0.0	0.875785403577	0.508458192363	0.407926534558	0.458192363461	0.484291928468	0.561623972934	0.500241662639	0.468342194297	0.46979217013	0.535041082649	0.735137747704	0.681488641856	0.48380860319	0.565973900435	0.5186080232	0.648622522958	0.594490091832	0.734654422426	0.670372160464	0.581923634606	0.563557274045	0.542774287095	0.731754470759	0.666505558241	0.72450459159	0.704204929918	0.652489125181	0.692605123248	0.596906718221	0.582406959884	0.58337361044	0.59255679072	0.598356694055	0.697921701305	0.608023199613	0.682455292412	0.550024166264	0.656839052682
AE7	0.829869502175	0.879168680522	0.847752537458	0.785403576607	0.816819719671	0.884001933301	0.910101498308	0.897051715805	0.886901884969	0.904784920251	0.916868052199	0.849685838569	0.885935234413	0.823586273562	0.90043499275	0.849685838569	0.868535524408	0.863702271629	0.73368777187	0.731754470759	0.817786370227	0.842919284679	0.894151764137	0.875785403577	0.0	0.533591106815	0.87046882552	0.854035766071	0.754954084099	0.768970517158	0.837119381344	0.846785886902	0.898018366361	0.911068148864	0.929917834703	0.920251329145	0.921701304978	0.901401643306	0.913484775254	0.878685355244	0.901884968584	0.879168680522	0.875785403577	0.876268728855	0.933784436926	0.920734654422	0.887868535524	0.906234896085	0.916868052199	0.88883518608	0.903818269696	0.896085065249	0.890768487192	0.894635089415	0.898985016916	0.891735137748	0.899468342194	0.885935234413	0.901401643306	0.90043499275	0.913968100532	0.905268245529
AE8	0.587240212663	0.624456259062	0.897535041083	0.647655872402	0.688255195747	0.586273562107	0.676172063799	0.592073465442	0.586756887385	0.624456259062	0.618656355727	0.649589173514	0.633156114065	0.827452875785	0.679072015466	0.606089898502	0.595940067666	0.587723537941	0.818753020783	0.662155630739	0.588690188497	0.559207346544	0.527307878202	0.508458192363	0.533591106815	0.0	0.576607056549	0.551957467376	0.505074915418	0.521024649589	0.572257129048	0.565490575157	0.599806669889	0.614789753504	0.758337361044	0.711938134364	0.623006283229	0.607539874335	0.610923151281	0.662155630739	0.642339294345	0.709038182697	0.670372160464	0.611889801837	0.645239246013	0.623006283229	0.74770420493	0.700338327695	0.769453842436	0.717738037699	0.698405026583	0.735137747704	0.655872402127	0.640405993233	0.641372643789	0.651039149348	0.654905751571	0.719188013533	0.663605606573	0.705654905752	0.622039632673	0.68970517158
AF7	0.567423876269	0.558724021266	0.943450942484	0.653455775737	0.657805703238	0.484291928468	0.683905268246	0.459159014016	0.444659255679	0.588206863219	0.437892701788	0.60415659739	0.543740937651	0.868535524408	0.631222812953	0.556307394877	0.458675688739	0.459159014016	0.892218463026	0.717254712421	0.541807636539	0.404059932334	0.421459642339	0.407926534558	0.87046882552	0.576607056549	0.0	0.321411309812	0.462058965684	0.534074432093	0.484291928468	0.456742387627	0.438376027066	0.49299178347	0.691155147414	0.641855969067	0.456259062349	0.529241179314	0.48622522958	0.618656355727	0.541807636539	0.705654905752	0.643789270179	0.540840985984	0.526824552924	0.503624939584	0.670372160464	0.615273078782	0.6805219913	0.665538907685	0.60657322378	0.637506041566	0.537457709038	0.536007733204	0.538424359594	0.541807636539	0.555824069599	0.633639439343	0.572257129048	0.644272595457	0.487191880135	0.601256645723
AF8	0.561140647656	0.560657322378	0.925084581924	0.641855969067	0.676172063799	0.517158047366	0.684871918801	0.473658772354	0.460125664572	0.590140164331	0.507491541808	0.62493958434	0.56935717738	0.853069115515	0.631706138231	0.551957467376	0.471242145964	0.46979217013	0.875302078299	0.697921701305	0.51619139681	0.37506041566	0.462542290962	0.458192363461	0.854035766071	0.551957467376	0.321411309812	0.0	0.453842435959	0.515708071532	0.499758337361	0.455292411793	0.457225712905	0.516674722088	0.718221362977	0.669405509908	0.505074915418	0.553890768487	0.521507974867	0.617206379894	0.573223779604	0.70372160464	0.640889318511	0.5601739971	0.559207346544	0.535524407927	0.693088448526	0.638472692122	0.707588206863	0.690671822136	0.631222812953	0.663605606573	0.563073948768	0.554857419043	0.564523924601	0.565490575157	0.55775737071	0.658772353794	0.561623972934	0.669405509908	0.510874818753	0.627839536008
AG7	0.565973900435	0.594490091832	0.840019333011	0.555824069599	0.660222329628	0.526824552924	0.676172063799	0.499758337361	0.490091831803	0.584340260996	0.540357660706	0.636056065732	0.595940067666	0.773803769937	0.649105848236	0.566940550991	0.53020782987	0.515224746254	0.739487675205	0.552924117931	0.469308844853	0.426292895118	0.500724987917	0.484291928468	0.754954084099	0.505074915418	0.462058965684	0.453842435959	0.0	0.313678105365	0.531657805703	0.498308361527	0.502174963751	0.559207346544	0.743354277429	0.69212179797	0.540357660706	0.572740454326	0.531174480425	0.636056065732	0.595940067666	0.687288545191	0.641855969067	0.570323827936	0.595456742388	0.568873852102	0.740454325761	0.679555340744	0.731754470759	0.714354760754	0.665538907685	0.707104881585	0.601739971	0.596423392943	0.601739971	0.597873368777	0.623972933784	0.705171580474	0.624456259062	0.689221846303	0.570323827936	0.666988883519
AG8	0.579990333494	0.610923151281	0.834219429676	0.590623489609	0.680038666022	0.573223779604	0.670855485742	0.570323827936	0.566457225713	0.604639922668	0.610923151281	0.652489125181	0.620589656839	0.759787336878	0.66892218463	0.588206863219	0.592073465442	0.58095698405	0.702754954084	0.532624456259	0.492508458192	0.496858385694	0.582406959884	0.561623972934	0.768970517158	0.521024649589	0.534074432093	0.515708071532	0.313678105365	0.0	0.580473658772	0.562107298212	0.573707104882	0.599323344611	0.760753987434	0.709038182697	0.598356694055	0.584823586274	0.58337361044	0.663122281295	0.618173030449	0.702754954084	0.662638956017	0.591590140164	0.624456259062	0.609956500725	0.752054132431	0.690671822136	0.744320927985	0.728371193813	0.680038666022	0.71532141131	0.625906234896	0.616239729338	0.623489608507	0.623972933784	0.640889318511	0.714354760754	0.643789270179	0.705654905752	0.600773320445	0.674722087965
AH7	0.587240212663	0.630739487675	0.951184146931	0.69453842436	0.701788303528	0.560657322378	0.707104881585	0.554857419043	0.535524407927	0.637506041566	0.526824552924	0.658289028516	0.629289511841	0.885451909135	0.684871918801	0.597873368777	0.515708071532	0.491058482359	0.886418559691	0.732721121315	0.564523924601	0.51377477042	0.501691638473	0.500241662639	0.837119381344	0.572257129048	0.484291928468	0.499758337361	0.531657805703	0.580473658772	0.0	0.318994683422	0.557274045433	0.61333977767	0.777187046883	0.733204446593	0.555340744321	0.637022716288	0.597873368777	0.669405509908	0.645239246013	0.773320444659	0.738037699372	0.653455775737	0.636056065732	0.617206379894	0.754954084099	0.718704688255	0.768003866602	0.730787820203	0.697921701305	0.729821169647	0.619623006283	0.622039632673	0.618656355727	0.62735621073	0.634606089899	0.732721121315	0.636056065732	0.723537941034	0.611889801837	0.698405026583
AH8	0.570807153214	0.579507008217	0.955534074432	0.663122281295	0.673755437409	0.521024649589	0.685355244079	0.507491541808	0.489608506525	0.598840019333	0.501691638473	0.630739487675	0.570323827936	0.880618656356	0.635089415176	0.559690671822	0.420976317061	0.395360077332	0.898018366361	0.732721121315	0.554857419043	0.470758820686	0.461092315128	0.468342194297	0.846785886902	0.565490575157	0.456742387627	0.455292411793	0.498308361527	0.562107298212	0.318994683422	0.0	0.496858385694	0.550024166264	0.749154180764	0.697921701305	0.517641372644	0.594006766554	0.549540840986	0.627839536008	0.597873368777	0.73610439826	0.697438376027	0.612856452392	0.584823586274	0.558724021266	0.724021266312	0.673272112131	0.734654422426	0.695021749638	0.652972450459	0.68970517158	0.588690188497	0.577090381827	0.58337361044	0.587240212663	0.582406959884	0.686321894635	0.588206863219	0.684871918801	0.555340744321	0.655389076849
AA5	0.581440309328	0.498791686805	0.959884001933	0.643789270179	0.60657322378	0.453842435959	0.623489608507	0.399226679555	0.391010149831	0.522957950701	0.438376027066	0.554857419043	0.518124697922	0.884968583857	0.544224262929	0.543740937651	0.437892701788	0.413243112615	0.920734654422	0.761720637989	0.55775737071	0.46979217013	0.474142097632	0.46979217013	0.898018366361	0.599806669889	0.438376027066	0.457225712905	0.502174963751	0.573707104882	0.557274045433	0.496858385694	0.0	0.347994200097	0.671822136298	0.595456742388	0.460125664572	0.463992266796	0.453359110681	0.563557274045	0.475108748188	0.646205896568	0.585306911551	0.467375543741	0.519574673755	0.466408893185	0.689221846303	0.632189463509	0.665055582407	0.653939101015	0.637022716288	0.672788786854	0.526824552924	0.543740937651	0.551957467376	0.543740937651	0.528274528758	0.663605606573	0.554374093765	0.634606089899	0.492508458192	0.622039632673
AA6	0.599323344611	0.519574673755	0.963750604157	0.666988883519	0.634122764621	0.477525374577	0.64813919768	0.450942484292	0.455775737071	0.552924117931	0.506041565974	0.580473658772	0.526341227646	0.890285161914	0.580473658772	0.559690671822	0.495891735138	0.484775253746	0.93523441276	0.772353794103	0.609473175447	0.528757854036	0.542774287095	0.535041082649	0.911068148864	0.614789753504	0.49299178347	0.516674722088	0.559207346544	0.599323344611	0.61333977767	0.550024166264	0.347994200097	0.0	0.666988883519	0.591590140164	0.514741420976	0.506524891252	0.477525374577	0.595940067666	0.512808119865	0.684871918801	0.623006283229	0.509908168197	0.451909134848	0.413726437893	0.688738521025	0.630739487675	0.663605606573	0.656839052682	0.626389560174	0.665538907685	0.532624456259	0.537941034316	0.54857419043	0.551474142098	0.543740937651	0.654422426293	0.564040599323	0.63653939101	0.505558240696	0.619139681005
AB5	0.745770903818	0.669405509908	0.974383760271	0.723537941034	0.62735621073	0.630256162397	0.730304494925	0.63653939101	0.661672305462	0.685355244079	0.669405509908	0.613823102948	0.652489125181	0.909134847753	0.704688255196	0.700338327695	0.712421459642	0.702754954084	0.94683421943	0.804736587724	0.801836636056	0.737554374094	0.744804253262	0.735137747704	0.929917834703	0.758337361044	0.691155147414	0.718221362977	0.743354277429	0.760753987434	0.777187046883	0.749154180764	0.671822136298	0.666988883519	0.0	0.315128081199	0.618173030449	0.65732237796	0.61333977767	0.637022716288	0.613823102948	0.737071048816	0.708071532141	0.631222812953	0.621556307395	0.609956500725	0.616239729338	0.609473175447	0.629772837119	0.603673272112	0.617206379894	0.620106331561	0.596423392943	0.583856935718	0.607539874335	0.610923151281	0.659255679072	0.600289995167	0.660222329628	0.608989850169	0.661672305462	0.610439826003
AB6	0.696471725471	0.610439826003	0.968583856936	0.686805219913	0.594490091832	0.569840502658	0.678105364911	0.574673755437	0.604639922668	0.630256162397	0.621556307395	0.541324311261	0.613823102948	0.901884968584	0.648622522958	0.649589173514	0.660222329628	0.652005799903	0.942484291928	0.783470275495	0.754954084099	0.685355244079	0.692605123248	0.681488641856	0.920251329145	0.711938134364	0.641855969067	0.669405509908	0.69212179797	0.709038182697	0.733204446593	0.697921701305	0.595456742388	0.591590140164	0.315128081199	0.0	0.578057032383	0.593040115998	0.560657322378	0.578540357661	0.555824069599	0.691155147414	0.642822619623	0.54857419043	0.54857419043	0.553407443209	0.590623489609	0.543257612373	0.587240212663	0.564040599323	0.55775737071	0.579990333494	0.541324311261	0.547607539874	0.573707104882	0.570807153214	0.606089898502	0.56259062349	0.611406476559	0.556790720155	0.610439826003	0.546640889319
AC5	0.610439826003	0.580473658772	0.974867085549	0.664572257129	0.62735621073	0.462058965684	0.670372160464	0.451909134848	0.435476075399	0.572740454326	0.417593040116	0.563557274045	0.534074432093	0.899468342194	0.631706138231	0.589656839053	0.481875302078	0.478008699855	0.950217496375	0.783470275495	0.62493958434	0.545190913485	0.510874818753	0.48380860319	0.921701304978	0.623006283229	0.456259062349	0.505074915418	0.540357660706	0.598356694055	0.555340744321	0.517641372644	0.460125664572	0.514741420976	0.618173030449	0.578057032383	0.0	0.439342677622	0.438376027066	0.606089898502	0.539874335428	0.728371193813	0.657805703238	0.525857902368	0.481875302078	0.456259062349	0.604639922668	0.563557274045	0.613823102948	0.587723537941	0.55775737071	0.591106814886	0.496375060416	0.476558724021	0.483325277912	0.492025132914	0.575157080715	0.580473658772	0.589656839053	0.569840502658	0.504108264862	0.554857419043
AC6	0.608506524891	0.510391493475	0.957467375544	0.639439342678	0.590140164331	0.505074915418	0.531174480425	0.470275495408	0.512808119865	0.466892218463	0.538424359594	0.536491058482	0.53939101015	0.875785403577	0.531174480425	0.556307394877	0.561140647656	0.545674238763	0.919284678589	0.754470758821	0.644272595457	0.577090381827	0.586273562107	0.565973900435	0.901401643306	0.607539874335	0.529241179314	0.553890768487	0.572740454326	0.584823586274	0.637022716288	0.594006766554	0.463992266796	0.506524891252	0.65732237796	0.593040115998	0.439342677622	0.0	0.499758337361	0.511358144031	0.494441759304	0.507491541808	0.438376027066	0.418076365394	0.550507491542	0.528757854036	0.669888835186	0.614306428226	0.653939101015	0.628806186564	0.62493958434	0.652972450459	0.559207346544	0.551957467376	0.56259062349	0.557274045433	0.545190913485	0.646689221846	0.570323827936	0.619623006283	0.531174480425	0.612856452392
AD6	0.594490091832	0.532624456259	0.973417109715	0.630739487675	0.574190430159	0.406476558724	0.614306428226	0.421942967617	0.429192846786	0.525857902368	0.443692605123	0.513291445143	0.498308361527	0.897051715805	0.587723537941	0.552924117931	0.48622522958	0.469308844853	0.950217496375	0.774770420493	0.608506524891	0.536007733204	0.545190913485	0.5186080232	0.913484775254	0.610923151281	0.48622522958	0.521507974867	0.531174480425	0.58337361044	0.597873368777	0.549540840986	0.453359110681	0.477525374577	0.61333977767	0.560657322378	0.438376027066	0.499758337361	0.0	0.545190913485	0.424842919285	0.705654905752	0.64572257129	0.503624939584	0.477525374577	0.441759304012	0.597390043499	0.531174480425	0.58095698405	0.553407443209	0.538424359594	0.573707104882	0.46302561624	0.44900918318	0.465442242629	0.469308844853	0.541807636539	0.570323827936	0.555824069599	0.559690671822	0.446109231513	0.529241179314
AE5	0.619139681005	0.534557757371	0.971967133881	0.640889318511	0.575640405993	0.574673755437	0.583856935718	0.559207346544	0.616723054616	0.52779120348	0.631222812953	0.523924601257	0.576123731271	0.892218463026	0.568873852102	0.571290478492	0.615273078782	0.606089898502	0.923151280812	0.756404059932	0.722087965201	0.651522474625	0.65732237796	0.648622522958	0.878685355244	0.662155630739	0.618656355727	0.617206379894	0.636056065732	0.663122281295	0.669405509908	0.627839536008	0.563557274045	0.595940067666	0.637022716288	0.578540357661	0.606089898502	0.511358144031	0.545190913485	0.0	0.379893668439	0.614306428226	0.567423876269	0.524891251812	0.637506041566	0.623972933784	0.65055582407	0.607539874335	0.644755920735	0.610439826003	0.610923151281	0.643789270179	0.545190913485	0.567907201547	0.599323344611	0.568873852102	0.547124214596	0.623489608507	0.551957467376	0.61575640406	0.584340260996	0.608023199613
AE6	0.602706621556	0.491058482359	0.971483808603	0.623972933784	0.564040599323	0.485258579024	0.565973900435	0.471725471242	0.526341227646	0.501208313195	0.542774287095	0.512808119865	0.51377477042	0.890285161914	0.533107781537	0.544707588207	0.5601739971	0.539874335428	0.935717738038	0.761720637989	0.673755437409	0.600289995167	0.609956500725	0.594490091832	0.901884968584	0.642339294345	0.541807636539	0.573223779604	0.595940067666	0.618173030449	0.645239246013	0.597873368777	0.475108748188	0.512808119865	0.613823102948	0.555824069599	0.539874335428	0.494441759304	0.424842919285	0.379893668439	0.0	0.652972450459	0.594006766554	0.478492025133	0.555340744321	0.535524407927	0.630739487675	0.570323827936	0.610439826003	0.58337361044	0.578540357661	0.618656355727	0.492025132914	0.493958434026	0.518124697922	0.498308361527	0.51377477042	0.606089898502	0.535524407927	0.574190430159	0.511841469309	0.572257129048
AF5	0.724987916868	0.641372643789	0.941034316095	0.681005316578	0.674722087965	0.699371677139	0.569840502658	0.655872402127	0.703238279362	0.594490091832	0.737071048816	0.646689221846	0.685838569357	0.863218946351	0.622522957951	0.680038666022	0.732237796037	0.731271145481	0.884485258579	0.738037699372	0.732237796037	0.69453842436	0.735621072982	0.734654422426	0.879168680522	0.709038182697	0.705654905752	0.70372160464	0.687288545191	0.702754954084	0.773320444659	0.73610439826	0.646205896568	0.684871918801	0.737071048816	0.691155147414	0.728371193813	0.507491541808	0.705654905752	0.614306428226	0.652972450459	0.0	0.290961817303	0.569840502658	0.741420976317	0.723054615756	0.764137264379	0.730787820203	0.750604156597	0.717254712421	0.74770420493	0.755920734654	0.707104881585	0.729821169647	0.74770420493	0.730304494925	0.684388593523	0.741420976317	0.687771870469	0.710488158531	0.729821169647	0.73368777187
AF6	0.696471725471	0.586756887385	0.934751087482	0.653455775737	0.644755920735	0.642339294345	0.534074432093	0.597390043499	0.642339294345	0.550024166264	0.681005316578	0.608023199613	0.631222812953	0.85886901885	0.571290478492	0.647172547124	0.68293861769	0.677138714355	0.890285161914	0.732237796037	0.702754954084	0.649589173514	0.690188496858	0.670372160464	0.875785403577	0.670372160464	0.643789270179	0.640889318511	0.641855969067	0.662638956017	0.738037699372	0.697438376027	0.585306911551	0.623006283229	0.708071532141	0.642822619623	0.657805703238	0.438376027066	0.64572257129	0.567423876269	0.594006766554	0.290961817303	0.0	0.500724987917	0.681971967134	0.666022232963	0.730304494925	0.678105364911	0.71532141131	0.685355244079	0.687288545191	0.717254712421	0.65732237796	0.666022232963	0.681005316578	0.66892218463	0.621072982117	0.706138231029	0.630256162397	0.677622039633	0.67133881102	0.674238762687
