	AA3	AA4	AB3	AB4	AC3	AC4	AD3	AD4	AE3	AE4	AF3	AF4	AG3	AG4	AH3	AH4	AA7	AA8	AB7	AB8	AC7	AC8	AD7	AD8	AE7	AE8	AF7	AF8	AG7	AG8	AH7	AH8	AA5	AA6	AB5	AB6	AC5	AC6	AD6	AE5	AE6	AF5	AF6	AG5	AH5	AH6	AA1	AA2	AB1	AB2	AC1	AC2	AD1	AD2	AE1	AE2	AF1	AF2	AG1	AG2	AH1	AH2
AA3	0.0	0.489608506525	0.939101014983	0.643789270179	0.671822136298	0.564040599323	0.681971967134	0.58337361044	0.565490575157	0.616239729338	0.597390043499	0.608023199613	0.568873852102	0.855485741904	0.654905751571	0.333494441759	0.56259062349	0.548090865152	0.871918801353	0.72450459159	0.620106331561	0.563557274045	0.586273562107	0.575640405993	0.839536007733	0.581440309328	0.557274045433	0.542290961817	0.569840502658	0.583856935718	0.579023682939	0.565007249879	0.584823586274	0.589656839053	0.741904301595	0.666505558241	0.603673272112	0.609473175447	0.586273562107	0.636056065732	0.600773320445	0.718221362977	0.688738521025	0.605606573224	0.620589656839	0.608506524891	0.685355244079	0.649105848236	0.70130497825	0.65973900435	0.644755920735	0.658772353794	0.578057032383	0.559207346544	0.55099081682	0.56259062349	0.585790236829	0.660222329628	0.573223779604	0.659255679072	0.573707104882	0.652489125181
AA4	0.489608506525	0.0	0.949250845819	0.588690188497	0.577573707105	0.516674722088	0.593523441276	0.476558724021	0.507974867086	0.521024649589	0.567907201547	0.514741420976	0.479942000967	0.861768970517	0.370227162881	0.371193813436	0.559207346544	0.551474142098	0.893185113581	0.734654422426	0.666022232963	0.585306911551	0.579023682939	0.587723537941	0.869985500242	0.621072982117	0.553407443209	0.556790720155	0.594490091832	0.624456259062	0.628806186564	0.578540357661	0.518124697922	0.52537457709	0.674238762687	0.587723537941	0.585790236829	0.521024649589	0.543257612373	0.52537457709	0.491541807637	0.630739487675	0.592073465442	0.521024649589	0.601739971	0.581923634606	0.671822136298	0.608989850169	0.633156114065	0.610923151281	0.610923151281	0.641372643789	0.538424359594	0.540840985984	0.540840985984	0.528757854036	0.502174963751	0.628806186564	0.509908168197	0.600289995167	0.542290961817	0.593040115998
AB3	0.939101014983	0.949250845819	0.0	0.671822136298	0.910584823586	0.95601739971	0.954084098598	0.950700821653	0.93281778637	0.955050749154	0.971483808603	0.940550990817	0.964233929435	0.345094248429	0.962783953601	0.939101014983	0.971483808603	0.969550507492	0.734654422426	0.746737554374	0.895601739971	0.90961817303	0.955534074432	0.953117448043	0.850169163847	0.904301594973	0.942967617206	0.923151280812	0.845335911068	0.831802803287	0.951184146931	0.956500724988	0.954567423876	0.963750604157	0.972933784437	0.964233929435	0.974383760271	0.951667472209	0.972450459159	0.973900434993	0.972450459159	0.926051232479	0.937167713871	0.949250845819	0.977283711938	0.970517158047	0.973417109715	0.971483808603	0.968583856936	0.971967133881	0.973900434993	0.969550507492	0.973900434993	0.974383760271	0.975833736104	0.973900434993	0.971483808603	0.972450459159	0.971000483325	0.972450459159	0.973417109715	0.972450459159
AB4	0.643789270179	0.588690188497	0.671822136298	0.0	0.642339294345	0.612373127115	0.697438376027	0.625906234896	0.619623006283	0.642822619623	0.650072498792	0.630739487675	0.497341710971	0.560657322378	0.612373127115	0.598356694055	0.662638956017	0.650072498792	0.733204446593	0.570807153214	0.670372160464	0.637022716288	0.672305461576	0.661672305462	0.801353310778	0.655389076849	0.656355727405	0.640889318511	0.566940550991	0.588690188497	0.696471725471	0.661672305462	0.648622522958	0.667955534074	0.734171097148	0.677622039633	0.670372160464	0.648622522958	0.637022716288	0.641372643789	0.628322861286	0.664572257129	0.652005799903	0.639439342678	0.697921701305	0.689221846303	0.71532141131	0.673755437409	0.706621556307	0.686321894635	0.6805219913	0.686321894635	0.641855969067	0.646205896568	0.663122281295	0.649105848236	0.647655872402	0.687771870469	0.644755920735	0.680038666022	0.657805703238	0.673272112131
AC3	0.671822136298	0.577573707105	0.910584823586	0.642339294345	0.0	0.518124697922	0.667955534074	0.556790720155	0.568873852102	0.603673272112	0.628806186564	0.328177863702	0.603189946834	0.83325277912	0.607056549058	0.615273078782	0.626389560174	0.633156114065	0.859835669406	0.755920734654	0.731754470759	0.684871918801	0.725471242146	0.71532141131	0.828419526341	0.695021749638	0.667472208797	0.675205413243	0.684388593523	0.695021749638	0.710004833253	0.673755437409	0.608023199613	0.630739487675	0.620106331561	0.57177380377	0.62735621073	0.591590140164	0.600289995167	0.556307394877	0.555340744321	0.666988883519	0.646689221846	0.580473658772	0.646205896568	0.641372643789	0.59255679072	0.591106814886	0.579507008217	0.577573707105	0.603673272112	0.589173513775	0.540840985984	0.57177380377	0.582406959884	0.574673755437	0.615273078782	0.582406959884	0.616239729338	0.590140164331	0.627839536008	0.594006766554
AC4	0.564040599323	0.516674722088	0.95601739971	0.612373127115	0.518124697922	0.0	0.632672788787	0.425326244563	0.405993233446	0.533591106815	0.326727887869	0.433542774287	0.475108748188	0.869985500242	0.550507491542	0.532624456259	0.470758820686	0.464475592073	0.926534557757	0.763653939101	0.592073465442	0.531174480425	0.508941517641	0.494441759304	0.885935234413	0.585306911551	0.488641855969	0.494441759304	0.540840985984	0.570323827936	0.561623972934	0.514258095698	0.442725954567	0.471242145964	0.654905751571	0.577090381827	0.491058482359	0.499758337361	0.41904301595	0.549540840986	0.471242145964	0.686321894635	0.642822619623	0.503624939584	0.498791686805	0.484291928468	0.65055582407	0.598840019333	0.609956500725	0.608506524891	0.589656839053	0.613823102948	0.503141614306	0.502658289029	0.522957950701	0.510874818753	0.534557757371	0.618656355727	0.532141130981	0.59497341711	0.466892218463	0.584340260996
AD3	0.681971967134	0.593523441276	0.954084098598	0.697438376027	0.667955534074	0.632672788787	0.0	0.538907684872	0.646689221846	0.37506041566	0.685838569357	0.621072982117	0.648622522958	0.871918801353	0.584823586274	0.648622522958	0.702271628806	0.695988400193	0.931851135814	0.76848719188	0.718704688255	0.705654905752	0.707104881585	0.70130497825	0.910584823586	0.693571773804	0.706138231029	0.698888351861	0.700338327695	0.695988400193	0.724987916868	0.703238279362	0.639922667956	0.65973900435	0.750120831319	0.678105364911	0.688255195747	0.558724021266	0.646689221846	0.593523441276	0.588690188497	0.557274045433	0.536007733204	0.570323827936	0.708554857419	0.700821652972	0.784920251329	0.731271145481	0.74770420493	0.731754470759	0.720637989367	0.748187530208	0.673755437409	0.674722087965	0.683421942968	0.665538907685	0.644272595457	0.740454325761	0.643789270179	0.71532141131	0.697921701305	0.721121314645
AD4	0.58337361044	0.476558724021	0.950700821653	0.625906234896	0.556790720155	0.425326244563	0.538907684872	0.0	0.301594973417	0.418076365394	0.438859352344	0.480425326245	0.484775253746	0.866602223296	0.515224746254	0.52779120348	0.448042532624	0.454325761237	0.939584340261	0.774287095215	0.603673272112	0.504108264862	0.487675205413	0.495891735138	0.905268245529	0.597390043499	0.449492508458	0.462058965684	0.504108264862	0.571290478492	0.553407443209	0.491541807637	0.389076848719	0.436442725955	0.641855969067	0.561623972934	0.454325761237	0.470758820686	0.408893185114	0.540357660706	0.464958917351	0.651039149348	0.607056549058	0.483325277912	0.490091831803	0.463992266796	0.656355727405	0.601739971	0.621072982117	0.61333977767	0.596423392943	0.623972933784	0.505558240696	0.499758337361	0.502658289029	0.497825036249	0.534074432093	0.620589656839	0.544707588207	0.605123247946	0.501691638473	0.589173513775
AE3	0.565490575157	0.507974867086	0.93281778637	0.619623006283	0.568873852102	0.405993233446	0.646689221846	0.301594973417	0.0	0.522957950701	0.414209763171	0.500241662639	0.493475108748	0.853552440793	0.542774287095	0.530691155147	0.450942484292	0.444659255679	0.923151280812	0.760270662156	0.563557274045	0.488641855969	0.468825519575	0.471242145964	0.886901884969	0.584823586274	0.438376027066	0.448042532624	0.479942000967	0.556307394877	0.543740937651	0.492025132914	0.391010149831	0.448525857902	0.662155630739	0.582890285162	0.456742387627	0.508941517641	0.413726437893	0.596423392943	0.508458192363	0.68970517158	0.650072498792	0.505074915418	0.491058482359	0.461575640406	0.660705654906	0.608023199613	0.629772837119	0.621556307395	0.601739971	0.631706138231	0.520057999033	0.51619139681	0.519091348478	0.513291445143	0.547607539874	0.637022716288	0.547607539874	0.611406476559	0.494925084582	0.598356694055
AE4	0.616239729338	0.521024649589	0.955050749154	0.642822619623	0.603673272112	0.533591106815	0.37506041566	0.418076365394	0.522957950701	0.0	0.590140164331	0.545674238763	0.559207346544	0.870952150797	0.540840985984	0.566940550991	0.606089898502	0.598840019333	0.941034316095	0.775737071049	0.678105364911	0.611889801837	0.602706621556	0.595940067666	0.906718221363	0.632189463509	0.602706621556	0.599323344611	0.606089898502	0.62735621073	0.653939101015	0.609473175447	0.536491058482	0.559690671822	0.683905268246	0.603673272112	0.581923634606	0.46979217013	0.551474142098	0.524407926535	0.50700821653	0.586273562107	0.545674238763	0.489125181247	0.615273078782	0.603673272112	0.715804736588	0.660705654906	0.681971967134	0.669888835186	0.664088931851	0.688255195747	0.602706621556	0.591590140164	0.594006766554	0.568873852102	0.580473658772	0.678588690188	0.579990333494	0.657805703238	0.597390043499	0.652972450459
AF3	0.597390043499	0.567907201547	0.971483808603	0.650072498792	0.628806186564	0.326727887869	0.685838569357	0.438859352344	0.414209763171	0.590140164331	0.0	0.524891251812	0.523441275979	0.887868535524	0.598356694055	0.579023682939	0.453842435959	0.433059449009	0.94683421943	0.785403576607	0.597873368777	0.539874335428	0.44900918318	0.433542774287	0.913001449976	0.611406476559	0.443209279845	0.489608506525	0.526341227646	0.593040115998	0.527307878202	0.502174963751	0.444175930401	0.50700821653	0.672788786854	0.616723054616	0.443209279845	0.540840985984	0.425809569841	0.608023199613	0.52537457709	0.727404543258	0.688255195747	0.538424359594	0.493958434026	0.486708554857	0.676655389077	0.619139681005	0.656839052682	0.628322861286	0.611889801837	0.642339294345	0.551474142098	0.512808119865	0.527307878202	0.522957950701	0.576607056549	0.641855969067	0.576607056549	0.610923151281	0.494441759304	0.599323344611
AF4	0.608023199613	0.514741420976	0.940550990817	0.630739487675	0.328177863702	0.433542774287	0.621072982117	0.480425326245	0.500241662639	0.545674238763	0.524891251812	0.0	0.547124214596	0.856935717738	0.555824069599	0.547124214596	0.563073948768	0.575640405993	0.881585306912	0.73852102465	0.701788303528	0.633156114065	0.65055582407	0.640405993233	0.848719188014	0.641372643789	0.600289995167	0.610923151281	0.641855969067	0.657805703238	0.651522474625	0.605606573224	0.55099081682	0.57177380377	0.606089898502	0.520541324311	0.559207346544	0.538424359594	0.538907684872	0.509908168197	0.505558240696	0.636056065732	0.607539874335	0.527307878202	0.581923634606	0.572257129048	0.595456742388	0.540357660706	0.567423876269	0.549540840986	0.542774287095	0.561623972934	0.482358627356	0.506524891252	0.518124697922	0.510391493475	0.557274045433	0.563073948768	0.568873852102	0.544224262929	0.560657322378	0.533591106815
AG3	0.568873852102	0.479942000967	0.964233929435	0.497341710971	0.603189946834	0.475108748188	0.648622522958	0.484775253746	0.493475108748	0.559207346544	0.523441275979	0.547124214596	0.0	0.855485741904	0.508941517641	0.502174963751	0.501691638473	0.500724987917	0.928467858869	0.764620589657	0.660705654906	0.591106814886	0.581923634606	0.584823586274	0.885451909135	0.62493958434	0.530691155147	0.559690671822	0.600289995167	0.622522957951	0.623489608507	0.559207346544	0.512808119865	0.510874818753	0.654905751571	0.58337361044	0.541807636539	0.53697438376	0.49540840986	0.56259062349	0.489608506525	0.677622039633	0.639439342678	0.529241179314	0.571290478492	0.549540840986	0.623489608507	0.587240212663	0.608989850169	0.607539874335	0.573223779604	0.597390043499	0.501208313195	0.509424842919	0.518124697922	0.509908168197	0.523924601257	0.604639922668	0.529241179314	0.600773320445	0.495891735138	0.572257129048
AG4	0.855485741904	0.861768970517	0.345094248429	0.560657322378	0.83325277912	0.869985500242	0.871918801353	0.866602223296	0.853552440793	0.870952150797	0.887868535524	0.856935717738	0.855485741904	0.0	0.878685355244	0.855485741904	0.894635089415	0.894635089415	0.704204929918	0.678588690188	0.828419526341	0.837119381344	0.881101981634	0.879168680522	0.82165297245	0.827452875785	0.869502174964	0.84726921218	0.771387143548	0.748187530208	0.885935234413	0.882551957467	0.876752054132	0.888351860802	0.903818269696	0.88883518608	0.896085065249	0.871435476075	0.892701788304	0.887868535524	0.887385210246	0.848235862736	0.857419043016	0.872885451909	0.902368293862	0.894151764137	0.890285161914	0.890768487192	0.891735137748	0.887868535524	0.895601739971	0.886901884969	0.895118414693	0.891735137748	0.898501691638	0.893668438859	0.895118414693	0.894635089415	0.890768487192	0.888351860802	0.896085065249	0.892701788304
AH3	0.654905751571	0.370227162881	0.962783953601	0.612373127115	0.607056549058	0.550507491542	0.584823586274	0.515224746254	0.542774287095	0.540840985984	0.598356694055	0.555824069599	0.508941517641	0.878685355244	0.0	0.526824552924	0.597390043499	0.589173513775	0.928951184147	0.774770420493	0.70372160464	0.642822619623	0.621072982117	0.639439342678	0.903818269696	0.688255195747	0.613823102948	0.624456259062	0.652005799903	0.674238762687	0.687288545191	0.633639439343	0.541807636539	0.565973900435	0.70372160464	0.635572740454	0.630739487675	0.536007733204	0.575640405993	0.551957467376	0.530691155147	0.599323344611	0.570323827936	0.541324311261	0.644272595457	0.626389560174	0.70372160464	0.62735621073	0.64572257129	0.653455775737	0.631222812953	0.658772353794	0.579507008217	0.59255679072	0.583856935718	0.591106814886	0.556307394877	0.660705654906	0.557274045433	0.635572740454	0.579023682939	0.613823102948
AH4	0.333494441759	0.371193813436	0.939101014983	0.598356694055	0.615273078782	0.532624456259	0.648622522958	0.52779120348	0.530691155147	0.566940550991	0.579023682939	0.547124214596	0.502174963751	0.855485741904	0.526824552924	0.0	0.548090865152	0.545190913485	0.871918801353	0.719671338811	0.637989366844	0.55775737071	0.575157080715	0.576123731271	0.846785886902	0.594490091832	0.546157564041	0.53697438376	0.572257129048	0.59497341711	0.601739971	0.552924117931	0.547124214596	0.549540840986	0.691638472692	0.61333977767	0.586756887385	0.569840502658	0.544707588207	0.563557274045	0.530691155147	0.681005316578	0.640405993233	0.566940550991	0.605123247946	0.581923634606	0.661188980184	0.609473175447	0.659255679072	0.623006283229	0.610923151281	0.632189463509	0.541807636539	0.53020782987	0.536007733204	0.528757854036	0.518124697922	0.623972933784	0.518124697922	0.619139681005	0.545674238763	0.601739971
AA7	0.56259062349	0.559207346544	0.971483808603	0.662638956017	0.626389560174	0.470758820686	0.702271628806	0.448042532624	0.450942484292	0.606089898502	0.453842435959	0.563073948768	0.501691638473	0.894635089415	0.597390043499	0.548090865152	0.0	0.300628322861	0.9212179797	0.780570323828	0.608023199613	0.515224746254	0.489608506525	0.49540840986	0.872402126631	0.59255679072	0.440792653456	0.473175447076	0.529724504592	0.595456742388	0.521024649589	0.41662638956	0.440792653456	0.487675205413	0.701788303528	0.639439342678	0.485741904302	0.554374093765	0.467858869019	0.608989850169	0.552440792653	0.727404543258	0.693088448526	0.568873852102	0.53020782987	0.509908168197	0.663122281295	0.611889801837	0.663122281295	0.637506041566	0.595940067666	0.622522957951	0.522957950701	0.5186080232	0.522957950701	0.525857902368	0.550024166264	0.626872885452	0.55099081682	0.63653939101	0.503141614306	0.614306428226
AA8	0.548090865152	0.551474142098	0.969550507492	0.650072498792	0.633156114065	0.464475592073	0.695988400193	0.454325761237	0.444659255679	0.598840019333	0.433059449009	0.575640405993	0.500724987917	0.894635089415	0.589173513775	0.545190913485	0.300628322861	0.0	0.914934751087	0.767037216046	0.589656839053	0.493475108748	0.463508941518	0.466408893185	0.858385693572	0.574190430159	0.427259545674	0.448042532624	0.509908168197	0.579990333494	0.471725471242	0.369743837603	0.431609473175	0.497341710971	0.712421459642	0.646689221846	0.488641855969	0.568390526825	0.457225712905	0.599323344611	0.551957467376	0.728371193813	0.691638472692	0.567423876269	0.534074432093	0.509908168197	0.662638956017	0.608989850169	0.665055582407	0.637989366844	0.600773320445	0.623489608507	0.526341227646	0.516674722088	0.521991300145	0.524407926535	0.539874335428	0.62493958434	0.533107781537	0.634122764621	0.494925084582	0.611889801837
AB7	0.871918801353	0.893185113581	0.734654422426	0.733204446593	0.859835669406	0.926534557757	0.931851135814	0.939584340261	0.923151280812	0.941034316095	0.94683421943	0.881585306912	0.928467858869	0.704204929918	0.928951184147	0.871918801353	0.9212179797	0.914934751087	0.0	0.405993233446	0.81488641856	0.839536007733	0.936201063316	0.914934751087	0.733204446593	0.82165297245	0.895601739971	0.868535524408	0.743354277429	0.697438376027	0.882068632189	0.893668438859	0.920734654422	0.942000966651	0.943934267762	0.933301111648	0.951667472209	0.917351377477	0.945384243596	0.925084581924	0.936201063316	0.876752054132	0.885935234413	0.909134847753	0.956984050266	0.957950700822	0.920734654422	0.919284678589	0.926051232479	0.930401159981	0.927017883035	0.916384726921	0.917834702755	0.91445142581	0.914934751087	0.91203479942	0.921701304978	0.910584823586	0.919768003867	0.928951184147	0.951184146931	0.929434509425
AB8	0.72450459159	0.734654422426	0.746737554374	0.570807153214	0.755920734654	0.763653939101	0.76848719188	0.774287095215	0.760270662156	0.775737071049	0.785403576607	0.73852102465	0.764620589657	0.678588690188	0.774770420493	0.719671338811	0.780570323828	0.767037216046	0.405993233446	0.0	0.660705654906	0.677138714355	0.771387143548	0.744804253262	0.73852102465	0.665538907685	0.728854519091	0.696955050749	0.566457225713	0.536007733204	0.739004349928	0.742870952151	0.760270662156	0.779603673272	0.817303044949	0.771870468826	0.788786853552	0.752537457709	0.77767037216	0.760753987434	0.770420492992	0.73368777187	0.726437892702	0.743837602707	0.799420009667	0.794103431609	0.822619623006	0.771870468826	0.804736587724	0.785403576607	0.778637022716	0.79168680522	0.773803769937	0.764620589657	0.766553890768	0.765103914935	0.768970517158	0.788786853552	0.771387143548	0.776703721605	0.787336877719	0.772837119381
AC7	0.620106331561	0.666022232963	0.895601739971	0.670372160464	0.731754470759	0.592073465442	0.718704688255	0.603673272112	0.563557274045	0.678105364911	0.597873368777	0.701788303528	0.660705654906	0.828419526341	0.70372160464	0.637989366844	0.608023199613	0.589656839053	0.81488641856	0.660705654906	0.0	0.380376993717	0.581440309328	0.572740454326	0.832769453842	0.589656839053	0.563073948768	0.514741420976	0.494441759304	0.506524891252	0.582406959884	0.574673755437	0.568390526825	0.602223296278	0.806669888835	0.744804253262	0.652972450459	0.634122764621	0.613823102948	0.721121314645	0.677622039633	0.733204446593	0.697438376027	0.629772837119	0.631222812953	0.611889801837	0.826002899952	0.768003866602	0.80328661189	0.791203479942	0.753987433543	0.782020299662	0.691155147414	0.66892218463	0.672788786854	0.672788786854	0.678105364911	0.793136781054	0.662638956017	0.771870468826	0.618173030449	0.754470758821
AC8	0.563557274045	0.585306911551	0.90961817303	0.637022716288	0.684871918801	0.531174480425	0.705654905752	0.504108264862	0.488641855969	0.611889801837	0.539874335428	0.633156114065	0.591106814886	0.837119381344	0.642822619623	0.55775737071	0.515224746254	0.493475108748	0.839536007733	0.677138714355	0.380376993717	0.0	0.4813919768	0.4813919768	0.83566940551	0.541324311261	0.400676655389	0.364427259546	0.427259545674	0.484291928468	0.51377477042	0.471725471242	0.480425326245	0.531657805703	0.731271145481	0.662155630739	0.553890768487	0.565007249879	0.522957950701	0.646689221846	0.596423392943	0.686805219913	0.642339294345	0.563557274045	0.570323827936	0.535041082649	0.747220879652	0.683421942968	0.729821169647	0.716771387144	0.673272112131	0.699371677139	0.609956500725	0.590623489609	0.601256645723	0.59497341711	0.593523441276	0.710971483809	0.582406959884	0.698405026583	0.541324311261	0.670855485742
AD7	0.586273562107	0.579023682939	0.955534074432	0.672305461576	0.725471242146	0.508941517641	0.707104881585	0.487675205413	0.468825519575	0.602706621556	0.44900918318	0.65055582407	0.581923634606	0.881101981634	0.621072982117	0.575157080715	0.489608506525	0.463508941518	0.936201063316	0.771387143548	0.581440309328	0.4813919768	0.0	0.293861768971	0.897535041083	0.523924601257	0.406476558724	0.447559207347	0.488158530691	0.570323827936	0.50459159014	0.471725471242	0.470758820686	0.531174480425	0.738037699372	0.668438859352	0.524891251812	0.582406959884	0.519574673755	0.657805703238	0.610439826003	0.729337844369	0.691638472692	0.591106814886	0.55775737071	0.526341227646	0.750604156597	0.685838569357	0.733204446593	0.718221362977	0.669405509908	0.693088448526	0.616239729338	0.59497341711	0.588206863219	0.603189946834	0.587723537941	0.704204929918	0.58095698405	0.702271628806	0.551474142098	0.674238762687
AD8	0.575640405993	0.587723537941	0.953117448043	0.661672305462	0.71532141131	0.494441759304	0.70130497825	0.495891735138	0.471242145964	0.595940067666	0.433542774287	0.640405993233	0.584823586274	0.879168680522	0.639439342678	0.576123731271	0.49540840986	0.466408893185	0.914934751087	0.744804253262	0.572740454326	0.4813919768	0.293861768971	0.0	0.857419043016	0.483325277912	0.400193330111	0.433059449009	0.459642339294	0.540840985984	0.499275012083	0.478975350411	0.467858869019	0.537457709038	0.734171097148	0.664088931851	0.511358144031	0.5601739971	0.508941517641	0.642822619623	0.595940067666	0.724021266312	0.681005316578	0.569840502658	0.547124214596	0.531174480425	0.74528757854	0.678588690188	0.72692121798	0.712421459642	0.664572257129	0.695021749638	0.605606573224	0.590623489609	0.588690188497	0.599806669889	0.599806669889	0.698888351861	0.593040115998	0.694055099082	0.553407443209	0.669405509908
AE7	0.839536007733	0.869985500242	0.850169163847	0.801353310778	0.828419526341	0.885935234413	0.910584823586	0.905268245529	0.886901884969	0.906718221363	0.913001449976	0.848719188014	0.885451909135	0.82165297245	0.903818269696	0.846785886902	0.872402126631	0.858385693572	0.733204446593	0.73852102465	0.832769453842	0.83566940551	0.897535041083	0.857419043016	0.0	0.543257612373	0.869502174964	0.848235862736	0.768003866602	0.755920734654	0.839536007733	0.848235862736	0.895601739971	0.918801353311	0.931367810536	0.91203479942	0.925084581924	0.898018366361	0.913484775254	0.879168680522	0.898501691638	0.869502174964	0.880618656356	0.875302078299	0.938134364427	0.928951184147	0.893185113581	0.896568390527	0.90043499275	0.893185113581	0.903818269696	0.898985016916	0.895601739971	0.897535041083	0.905751570807	0.893668438859	0.904301594973	0.89125181247	0.900918318028	0.899468342194	0.915418076365	0.904784920251
AE8	0.581440309328	0.621072982117	0.904301594973	0.655389076849	0.695021749638	0.585306911551	0.693571773804	0.597390043499	0.584823586274	0.632189463509	0.611406476559	0.641372643789	0.62493958434	0.827452875785	0.688255195747	0.594490091832	0.59255679072	0.574190430159	0.82165297245	0.665538907685	0.589656839053	0.541324311261	0.523924601257	0.483325277912	0.543257612373	0.0	0.5601739971	0.543257612373	0.521507974867	0.512324794587	0.565490575157	0.561140647656	0.593523441276	0.616239729338	0.763653939101	0.68970517158	0.625906234896	0.595940067666	0.614789753504	0.656355727405	0.6389560174	0.697438376027	0.669888835186	0.607056549058	0.632672788787	0.622039632673	0.757854035766	0.70372160464	0.749637506042	0.717738037699	0.698405026583	0.725954567424	0.65732237796	0.629289511841	0.641372643789	0.634606089899	0.645239246013	0.720637989367	0.644272595457	0.710004833253	0.618656355727	0.68970517158
AF7	0.557274045433	0.553407443209	0.942967617206	0.656355727405	0.667472208797	0.488641855969	0.706138231029	0.449492508458	0.438376027066	0.602706621556	0.443209279845	0.600289995167	0.530691155147	0.869502174964	0.613823102948	0.546157564041	0.440792653456	0.427259545674	0.895601739971	0.728854519091	0.563073948768	0.400676655389	0.406476558724	0.400193330111	0.869502174964	0.5601739971	0.0	0.31706138231	0.465442242629	0.53939101015	0.479458675689	0.463992266796	0.420009666506	0.482841952634	0.692605123248	0.619139681005	0.477525374577	0.53020782987	0.473175447076	0.616723054616	0.555340744321	0.712421459642	0.675688738521	0.542774287095	0.52537457709	0.494925084582	0.686805219913	0.634606089899	0.690188496858	0.669405509908	0.623489608507	0.643789270179	0.564523924601	0.540357660706	0.541807636539	0.544707588207	0.555824069599	0.650072498792	0.555340744321	0.648622522958	0.494925084582	0.616723054616
AF8	0.542290961817	0.556790720155	0.923151280812	0.640889318511	0.675205413243	0.494441759304	0.698888351861	0.462058965684	0.448042532624	0.599323344611	0.489608506525	0.610923151281	0.559690671822	0.84726921218	0.624456259062	0.53697438376	0.473175447076	0.448042532624	0.868535524408	0.696955050749	0.514741420976	0.364427259546	0.447559207347	0.433059449009	0.848235862736	0.543257612373	0.31706138231	0.0	0.434992750121	0.509908168197	0.508941517641	0.456742387627	0.429676172064	0.506524891252	0.705654905752	0.631222812953	0.502174963751	0.529724504592	0.484291928468	0.61333977767	0.562107298212	0.6805219913	0.643789270179	0.529724504592	0.538424359594	0.507974867086	0.698888351861	0.642822619623	0.697921701305	0.679555340744	0.634606089899	0.651522474625	0.572257129048	0.549540840986	0.556307394877	0.553407443209	0.552924117931	0.661188980184	0.546640889319	0.663122281295	0.500724987917	0.629289511841
AG7	0.569840502658	0.594490091832	0.845335911068	0.566940550991	0.684388593523	0.540840985984	0.700338327695	0.504108264862	0.479942000967	0.606089898502	0.526341227646	0.641855969067	0.600289995167	0.771387143548	0.652005799903	0.572257129048	0.529724504592	0.509908168197	0.743354277429	0.566457225713	0.494441759304	0.427259545674	0.488158530691	0.459642339294	0.768003866602	0.521507974867	0.465442242629	0.434992750121	0.0	0.318511358144	0.529724504592	0.493958434026	0.492025132914	0.555824069599	0.745770903818	0.677138714355	0.53020782987	0.563557274045	0.532624456259	0.644755920735	0.602706621556	0.681005316578	0.643789270179	0.563557274045	0.578057032383	0.564523924601	0.757370710488	0.690671822136	0.730787820203	0.715804736588	0.675205413243	0.708071532141	0.626389560174	0.602706621556	0.618173030449	0.606089898502	0.62735621073	0.711938134364	0.616723054616	0.699371677139	0.585790236829	0.679555340744
AG8	0.583856935718	0.624456259062	0.831802803287	0.588690188497	0.695021749638	0.570323827936	0.695988400193	0.571290478492	0.556307394877	0.62735621073	0.593040115998	0.657805703238	0.622522957951	0.748187530208	0.674238762687	0.59497341711	0.595456742388	0.579990333494	0.697438376027	0.536007733204	0.506524891252	0.484291928468	0.570323827936	0.540840985984	0.755920734654	0.512324794587	0.53939101015	0.509908168197	0.318511358144	0.0	0.568873852102	0.556307394877	0.567907201547	0.598840019333	0.768970517158	0.699855002417	0.598840019333	0.589656839053	0.590140164331	0.663122281295	0.625906234896	0.692605123248	0.662155630739	0.593523441276	0.613823102948	0.607539874335	0.780570323828	0.710971483809	0.75688738521	0.73610439826	0.705171580474	0.732721121315	0.663122281295	0.635572740454	0.644755920735	0.635572740454	0.655389076849	0.732237796037	0.653455775737	0.71290478492	0.620106331561	0.699855002417
AH7	0.579023682939	0.628806186564	0.951184146931	0.696471725471	0.710004833253	0.561623972934	0.724987916868	0.553407443209	0.543740937651	0.653939101015	0.527307878202	0.651522474625	0.623489608507	0.885935234413	0.687288545191	0.601739971	0.521024649589	0.471725471242	0.882068632189	0.739004349928	0.582406959884	0.51377477042	0.50459159014	0.499275012083	0.839536007733	0.565490575157	0.479458675689	0.508941517641	0.529724504592	0.568873852102	0.0	0.323344610923	0.559207346544	0.61333977767	0.778637022716	0.71532141131	0.571290478492	0.642822619623	0.572740454326	0.673272112131	0.64813919768	0.767520541324	0.732721121315	0.647172547124	0.619623006283	0.607056549058	0.769453842436	0.718221362977	0.763653939101	0.732237796037	0.707104881585	0.729337844369	0.63653939101	0.622522957951	0.620106331561	0.624456259062	0.632189463509	0.737554374094	0.626872885452	0.724021266312	0.609956500725	0.711938134364
AH8	0.565007249879	0.578540357661	0.956500724988	0.661672305462	0.673755437409	0.514258095698	0.703238279362	0.491541807637	0.492025132914	0.609473175447	0.502174963751	0.605606573224	0.559207346544	0.882551957467	0.633639439343	0.552924117931	0.41662638956	0.369743837603	0.893668438859	0.742870952151	0.574673755437	0.471725471242	0.471725471242	0.478975350411	0.848235862736	0.561140647656	0.463992266796	0.456742387627	0.493958434026	0.556307394877	0.323344610923	0.0	0.498308361527	0.54857419043	0.740937651039	0.673272112131	0.529724504592	0.585306911551	0.519091348478	0.622039632673	0.590140164331	0.725954567424	0.686805219913	0.594006766554	0.567423876269	0.548090865152	0.716288061866	0.65973900435	0.71290478492	0.675688738521	0.652005799903	0.673755437409	0.583856935718	0.564523924601	0.56935717738	0.56935717738	0.570323827936	0.683421942968	0.563073948768	0.66892218463	0.550024166264	0.654422426293
AA5	0.584823586274	0.518124697922	0.954567423876	0.648622522958	0.608023199613	0.442725954567	0.639922667956	0.389076848719	0.391010149831	0.536491058482	0.444175930401	0.55099081682	0.512808119865	0.876752054132	0.541807636539	0.547124214596	0.440792653456	0.431609473175	0.920734654422	0.760270662156	0.568390526825	0.480425326245	0.470758820686	0.467858869019	0.895601739971	0.593523441276	0.420009666506	0.429676172064	0.492025132914	0.567907201547	0.559207346544	0.498308361527	0.0	0.343160947318	0.677138714355	0.590140164331	0.477042049299	0.447075882069	0.443209279845	0.547124214596	0.48380860319	0.632189463509	0.592073465442	0.456742387627	0.507974867086	0.46979217013	0.705171580474	0.65055582407	0.664572257129	0.659255679072	0.644755920735	0.6805219913	0.541324311261	0.543740937651	0.561140647656	0.548090865152	0.544224262929	0.659255679072	0.550507491542	0.648622522958	0.49540840986	0.633639439343
AA6	0.589656839053	0.52537457709	0.963750604157	0.667955534074	0.630739487675	0.471242145964	0.65973900435	0.436442725955	0.448525857902	0.559690671822	0.50700821653	0.57177380377	0.510874818753	0.888351860802	0.565973900435	0.549540840986	0.487675205413	0.497341710971	0.942000966651	0.779603673272	0.602223296278	0.531657805703	0.531174480425	0.537457709038	0.918801353311	0.616239729338	0.482841952634	0.506524891252	0.555824069599	0.598840019333	0.61333977767	0.54857419043	0.343160947318	0.0	0.677138714355	0.592073465442	0.521507974867	0.481875302078	0.482358627356	0.574673755437	0.500241662639	0.670372160464	0.629289511841	0.500241662639	0.458192363461	0.431126147898	0.693088448526	0.648622522958	0.664088931851	0.655389076849	0.637506041566	0.669405509908	0.541807636539	0.543740937651	0.551957467376	0.544707588207	0.546157564041	0.655389076849	0.558240695988	0.641855969067	0.512324794587	0.631706138231
AB5	0.741904301595	0.674238762687	0.972933784437	0.734171097148	0.620106331561	0.654905751571	0.750120831319	0.641855969067	0.662155630739	0.683905268246	0.672788786854	0.606089898502	0.654905751571	0.903818269696	0.70372160464	0.691638472692	0.701788303528	0.712421459642	0.943934267762	0.817303044949	0.806669888835	0.731271145481	0.738037699372	0.734171097148	0.931367810536	0.763653939101	0.692605123248	0.705654905752	0.745770903818	0.768970517158	0.778637022716	0.740937651039	0.677138714355	0.677138714355	0.0	0.309328177864	0.608989850169	0.663122281295	0.632189463509	0.618656355727	0.599323344611	0.744320927985	0.724021266312	0.652005799903	0.626872885452	0.619623006283	0.628322861286	0.620106331561	0.636056065732	0.606089898502	0.626389560174	0.617206379894	0.596423392943	0.58337361044	0.607056549058	0.611406476559	0.660222329628	0.600289995167	0.66892218463	0.611889801837	0.666022232963	0.620106331561
AB6	0.666505558241	0.587723537941	0.964233929435	0.677622039633	0.57177380377	0.577090381827	0.678105364911	0.561623972934	0.582890285162	0.603673272112	0.616723054616	0.520541324311	0.58337361044	0.88883518608	0.635572740454	0.61333977767	0.639439342678	0.646689221846	0.933301111648	0.771870468826	0.744804253262	0.662155630739	0.668438859352	0.664088931851	0.91203479942	0.68970517158	0.619139681005	0.631222812953	0.677138714355	0.699855002417	0.71532141131	0.673272112131	0.590140164331	0.592073465442	0.309328177864	0.0	0.552924117931	0.575640405993	0.573223779604	0.538424359594	0.522474625423	0.673272112131	0.640405993233	0.542774287095	0.552924117931	0.542290961817	0.590623489609	0.545674238763	0.576123731271	0.549057515708	0.544224262929	0.567907201547	0.517641372644	0.529241179314	0.549057515708	0.550024166264	0.578540357661	0.555340744321	0.587723537941	0.545190913485	0.601256645723	0.534074432093
AC5	0.603673272112	0.585790236829	0.974383760271	0.670372160464	0.62735621073	0.491058482359	0.688255195747	0.454325761237	0.456742387627	0.581923634606	0.443209279845	0.559207346544	0.541807636539	0.896085065249	0.630739487675	0.586756887385	0.485741904302	0.488641855969	0.951667472209	0.788786853552	0.652972450459	0.553890768487	0.524891251812	0.511358144031	0.925084581924	0.625906234896	0.477525374577	0.502174963751	0.53020782987	0.598840019333	0.571290478492	0.529724504592	0.477042049299	0.521507974867	0.608989850169	0.552924117931	0.0	0.446109231513	0.457225712905	0.59497341711	0.528757854036	0.72692121798	0.67133881102	0.550024166264	0.457225712905	0.455292411793	0.609473175447	0.563073948768	0.610923151281	0.579023682939	0.554857419043	0.585790236829	0.506524891252	0.472692121798	0.490091831803	0.50700821653	0.582406959884	0.57177380377	0.586273562107	0.559690671822	0.526341227646	0.550024166264
AC6	0.609473175447	0.521024649589	0.951667472209	0.648622522958	0.591590140164	0.499758337361	0.558724021266	0.470758820686	0.508941517641	0.46979217013	0.540840985984	0.538424359594	0.53697438376	0.871435476075	0.536007733204	0.569840502658	0.554374093765	0.568390526825	0.917351377477	0.752537457709	0.634122764621	0.565007249879	0.582406959884	0.5601739971	0.898018366361	0.595940067666	0.53020782987	0.529724504592	0.563557274045	0.589656839053	0.642822619623	0.585306911551	0.447075882069	0.481875302078	0.663122281295	0.575640405993	0.446109231513	0.0	0.516674722088	0.528274528758	0.497825036249	0.502658289029	0.446109231513	0.409376510391	0.547124214596	0.541807636539	0.689221846303	0.640405993233	0.660705654906	0.644755920735	0.633156114065	0.666022232963	0.578540357661	0.565007249879	0.576607056549	0.558240695988	0.561140647656	0.655389076849	0.566457225713	0.627839536008	0.543740937651	0.630256162397
AD6	0.586273562107	0.543257612373	0.972450459159	0.637022716288	0.600289995167	0.41904301595	0.646689221846	0.408893185114	0.413726437893	0.551474142098	0.425809569841	0.538907684872	0.49540840986	0.892701788304	0.575640405993	0.544707588207	0.467858869019	0.457225712905	0.945384243596	0.77767037216	0.613823102948	0.522957950701	0.519574673755	0.508941517641	0.913484775254	0.614789753504	0.473175447076	0.484291928468	0.532624456259	0.590140164331	0.572740454326	0.519091348478	0.443209279845	0.482358627356	0.632189463509	0.573223779604	0.457225712905	0.516674722088	0.0	0.539874335428	0.414209763171	0.706138231029	0.665538907685	0.527307878202	0.478008699855	0.46302561624	0.623006283229	0.567907201547	0.606089898502	0.581440309328	0.565007249879	0.597873368777	0.493475108748	0.468825519575	0.476558724021	0.471725471242	0.541807636539	0.591590140164	0.536007733204	0.579507008217	0.461575640406	0.558240695988
AE5	0.636056065732	0.52537457709	0.973900434993	0.641372643789	0.556307394877	0.549540840986	0.593523441276	0.540357660706	0.596423392943	0.524407926535	0.608023199613	0.509908168197	0.56259062349	0.887868535524	0.551957467376	0.563557274045	0.608989850169	0.599323344611	0.925084581924	0.760753987434	0.721121314645	0.646689221846	0.657805703238	0.642822619623	0.879168680522	0.656355727405	0.616723054616	0.61333977767	0.644755920735	0.663122281295	0.673272112131	0.622039632673	0.547124214596	0.574673755437	0.618656355727	0.538424359594	0.59497341711	0.528274528758	0.539874335428	0.0	0.336394393427	0.615273078782	0.579023682939	0.514258095698	0.626872885452	0.625906234896	0.647172547124	0.613823102948	0.617206379894	0.602223296278	0.61575640406	0.637022716288	0.53939101015	0.55775737071	0.591590140164	0.554374093765	0.550507491542	0.61575640406	0.559690671822	0.592073465442	0.577573707105	0.598356694055
AE6	0.600773320445	0.491541807637	0.972450459159	0.628322861286	0.555340744321	0.471242145964	0.588690188497	0.464958917351	0.508458192363	0.50700821653	0.52537457709	0.505558240696	0.489608506525	0.887385210246	0.530691155147	0.530691155147	0.552440792653	0.551957467376	0.936201063316	0.770420492992	0.677622039633	0.596423392943	0.610439826003	0.595940067666	0.898501691638	0.6389560174	0.555340744321	0.562107298212	0.602706621556	0.625906234896	0.64813919768	0.590140164331	0.48380860319	0.500241662639	0.599323344611	0.522474625423	0.528757854036	0.497825036249	0.414209763171	0.336394393427	0.0	0.64813919768	0.605606573224	0.478975350411	0.550507491542	0.552440792653	0.619139681005	0.576607056549	0.587240212663	0.572740454326	0.578057032383	0.601256645723	0.485258579024	0.478008699855	0.505558240696	0.478492025133	0.512808119865	0.590623489609	0.518124697922	0.557274045433	0.505558240696	0.565007249879
AF5	0.718221362977	0.630739487675	0.926051232479	0.664572257129	0.666988883519	0.686321894635	0.557274045433	0.651039149348	0.68970517158	0.586273562107	0.727404543258	0.636056065732	0.677622039633	0.848235862736	0.599323344611	0.681005316578	0.727404543258	0.728371193813	0.876752054132	0.73368777187	0.733204446593	0.686805219913	0.729337844369	0.724021266312	0.869502174964	0.697438376027	0.712421459642	0.6805219913	0.681005316578	0.692605123248	0.767520541324	0.725954567424	0.632189463509	0.670372160464	0.744320927985	0.673272112131	0.72692121798	0.502658289029	0.706138231029	0.615273078782	0.64813919768	0.0	0.291445142581	0.550507491542	0.73852102465	0.72450459159	0.76848719188	0.731754470759	0.746737554374	0.724987916868	0.741420976317	0.751087481875	0.702271628806	0.721604639923	0.732237796037	0.710971483809	0.675688738521	0.745770903818	0.674722087965	0.710004833253	0.723054615756	0.727404543258
AF6	0.688738521025	0.592073465442	0.937167713871	0.652005799903	0.646689221846	0.642822619623	0.536007733204	0.607056549058	0.650072498792	0.545674238763	0.688255195747	0.607539874335	0.639439342678	0.857419043016	0.570323827936	0.640405993233	0.693088448526	0.691638472692	0.885935234413	0.726437892702	0.697438376027	0.642339294345	0.691638472692	0.681005316578	0.880618656356	0.669888835186	0.675688738521	0.643789270179	0.643789270179	0.662155630739	0.732721121315	0.686805219913	0.592073465442	0.629289511841	0.724021266312	0.640405993233	0.67133881102	0.446109231513	0.665538907685	0.579023682939	0.605606573224	0.291445142581	0.0	0.511841469309	0.696471725471	0.681005316578	0.755920734654	0.709521507975	0.728854519091	0.704688255196	0.70130497825	0.728854519091	0.662155630739	0.679555340744	0.69212179797	0.670372160464	0.631706138231	0.720637989367	0.635572740454	0.688255195747	0.68293861769	0.696955050749
