	AA3	AA4	AB3	AB4	AC3	AC4	AD3	AD4	AE3	AE4	AF3	AF4	AG3	AG4	AH3	AH4	AA7	AA8	AB7	AB8	AC7	AC8	AD7	AD8	AE7	AE8	AF7	AF8	AG7	AG8	AH7	AH8	AA5	AA6	AB5	AB6	AC5	AC6	AD6	AE5	AE6	AF5	AF6	AG5	AH5	AH6	AA1	AA2	AB1	AB2	AC1	AC2	AD1	AD2	AE1	AE2	AF1	AF2	AG1	AG2	AH1	AH2
AA3	0.0	0.488641855969	0.936684388594	0.644272595457	0.667472208797	0.610439826003	0.679072015466	0.593523441276	0.576123731271	0.64572257129	0.62493958434	0.616723054616	0.599806669889	0.84726921218	0.664572257129	0.336877718705	0.587240212663	0.579023682939	0.872402126631	0.713871435476	0.616723054616	0.570323827936	0.584823586274	0.585790236829	0.837602706622	0.596906718221	0.574673755437	0.577573707105	0.608506524891	0.591590140164	0.597390043499	0.572257129048	0.598840019333	0.601739971	0.755437409377	0.70130497825	0.629772837119	0.64813919768	0.618656355727	0.650072498792	0.615273078782	0.724021266312	0.69212179797	0.644755920735	0.637506041566	0.628322861286	0.693088448526	0.676172063799	0.717254712421	0.670372160464	0.651522474625	0.668438859352	0.588206863219	0.583856935718	0.588206863219	0.570323827936	0.59255679072	0.661188980184	0.580473658772	0.685838569357	0.581440309328	0.656355727405
AA4	0.488641855969	0.0	0.946350894152	0.57177380377	0.586756887385	0.502174963751	0.593040115998	0.489608506525	0.496375060416	0.50459159014	0.565973900435	0.522474625423	0.483325277912	0.848719188014	0.402609956501	0.360077332044	0.544224262929	0.536007733204	0.895118414693	0.722571290478	0.651522474625	0.557274045433	0.564040599323	0.581923634606	0.873852102465	0.609956500725	0.549057515708	0.547124214596	0.587723537941	0.591106814886	0.619139681005	0.561623972934	0.5186080232	0.520541324311	0.678105364911	0.610923151281	0.565007249879	0.522957950701	0.537457709038	0.550024166264	0.477525374577	0.637989366844	0.583856935718	0.530691155147	0.58095698405	0.555340744321	0.664572257129	0.607056549058	0.63653939101	0.611406476559	0.621072982117	0.637022716288	0.543257612373	0.53939101015	0.53697438376	0.536007733204	0.508458192363	0.623489608507	0.517641372644	0.619139681005	0.528274528758	0.589656839053
AB3	0.936684388594	0.946350894152	0.0	0.688255195747	0.922184630256	0.953117448043	0.954084098598	0.942000966651	0.923151280812	0.950217496375	0.970517158047	0.937651039149	0.968583856936	0.341227646206	0.959400676655	0.934751087482	0.969067182214	0.969550507492	0.740454325761	0.751570807153	0.89125181247	0.908168197197	0.960367327211	0.955050749154	0.850652489125	0.897535041083	0.946350894152	0.928467858869	0.837119381344	0.838569357177	0.951184146931	0.950700821653	0.957467375544	0.958917351377	0.972933784437	0.96761720638	0.975350410826	0.954567423876	0.972933784437	0.973417109715	0.972933784437	0.934751087482	0.946350894152	0.950700821653	0.974867085549	0.972450459159	0.972933784437	0.971483808603	0.970033832769	0.971000483325	0.973900434993	0.971967133881	0.972450459159	0.972450459159	0.974867085549	0.973417109715	0.973417109715	0.972450459159	0.972450459159	0.973900434993	0.971967133881	0.974383760271
AB4	0.644272595457	0.57177380377	0.688255195747	0.0	0.651039149348	0.604639922668	0.6805219913	0.611406476559	0.607056549058	0.622522957951	0.640405993233	0.611406476559	0.476075398743	0.571290478492	0.606089898502	0.577573707105	0.640889318511	0.626872885452	0.733204446593	0.563557274045	0.659255679072	0.611406476559	0.65055582407	0.652005799903	0.792653455776	0.627839536008	0.646689221846	0.633156114065	0.538424359594	0.562107298212	0.685355244079	0.638472692122	0.637989366844	0.651522474625	0.727887868536	0.662155630739	0.644755920735	0.640889318511	0.626872885452	0.634606089899	0.619623006283	0.660222329628	0.637022716288	0.622522957951	0.683421942968	0.672305461576	0.711938134364	0.666505558241	0.695021749638	0.666505558241	0.66892218463	0.675205413243	0.625422909618	0.637022716288	0.652972450459	0.637989366844	0.640889318511	0.666988883519	0.635089415176	0.677138714355	0.649589173514	0.651039149348
AC3	0.667472208797	0.586756887385	0.922184630256	0.651039149348	0.0	0.49299178347	0.653455775737	0.540840985984	0.56259062349	0.594006766554	0.621556307395	0.318994683422	0.612373127115	0.832769453842	0.612373127115	0.598356694055	0.617206379894	0.618656355727	0.8796520058	0.756404059932	0.73610439826	0.676172063799	0.718704688255	0.721604639923	0.842919284679	0.695505074915	0.662638956017	0.679072015466	0.678588690188	0.69212179797	0.714354760754	0.666988883519	0.607056549058	0.628322861286	0.61575640406	0.579023682939	0.612373127115	0.586756887385	0.591106814886	0.56259062349	0.550024166264	0.669405509908	0.631222812953	0.579023682939	0.635572740454	0.627839536008	0.596906718221	0.596906718221	0.570323827936	0.564523924601	0.590140164331	0.587723537941	0.524407926535	0.567423876269	0.574673755437	0.561623972934	0.616723054616	0.570323827936	0.625422909618	0.584340260996	0.629289511841	0.588690188497
AC4	0.610439826003	0.502174963751	0.953117448043	0.604639922668	0.49299178347	0.0	0.625422909618	0.396810053166	0.398743354277	0.503624939584	0.340744320928	0.402126631223	0.507491541808	0.859352344128	0.576607056549	0.526341227646	0.485258579024	0.465442242629	0.922667955534	0.750604156597	0.596906718221	0.521024649589	0.521507974867	0.523924601257	0.894635089415	0.589656839053	0.4813919768	0.515224746254	0.536491058482	0.55775737071	0.57177380377	0.5186080232	0.449975833736	0.478492025133	0.634122764621	0.571290478492	0.462058965684	0.515708071532	0.420976317061	0.565007249879	0.468825519575	0.684388593523	0.633639439343	0.522474625423	0.509424842919	0.477042049299	0.6389560174	0.586273562107	0.59255679072	0.572740454326	0.589173513775	0.607056549058	0.502174963751	0.518124697922	0.525857902368	0.509908168197	0.543257612373	0.59497341711	0.559690671822	0.588690188497	0.482358627356	0.570323827936
AD3	0.679072015466	0.593040115998	0.954084098598	0.6805219913	0.653455775737	0.625422909618	0.0	0.53697438376	0.631222812953	0.367327211213	0.686321894635	0.602706621556	0.643305944901	0.86563557274	0.588206863219	0.633639439343	0.689221846303	0.683905268246	0.938617689705	0.773320444659	0.721121314645	0.69212179797	0.704204929918	0.69453842436	0.919768003867	0.691155147414	0.70372160464	0.698405026583	0.691155147414	0.69212179797	0.720637989367	0.687288545191	0.642339294345	0.65973900435	0.741904301595	0.678105364911	0.676655389077	0.538424359594	0.644755920735	0.59255679072	0.579990333494	0.561140647656	0.533591106815	0.551474142098	0.696955050749	0.685838569357	0.772837119381	0.706621556307	0.725471242146	0.700821652972	0.715804736588	0.739971000483	0.654905751571	0.667472208797	0.673272112131	0.662638956017	0.642339294345	0.72692121798	0.645239246013	0.722087965201	0.693088448526	0.700338327695
AD4	0.593523441276	0.489608506525	0.942000966651	0.611406476559	0.540840985984	0.396810053166	0.53697438376	0.0	0.311744804253	0.41904301595	0.432576123731	0.470275495408	0.510391493475	0.852102464959	0.551474142098	0.516674722088	0.471725471242	0.466892218463	0.930401159981	0.754470758821	0.587240212663	0.502174963751	0.505074915418	0.501691638473	0.904784920251	0.601256645723	0.458192363461	0.470758820686	0.50459159014	0.546640889319	0.551957467376	0.494441759304	0.402126631223	0.448525857902	0.633639439343	0.568390526825	0.442725954567	0.474142097632	0.441759304012	0.565490575157	0.455292411793	0.642339294345	0.594490091832	0.483325277912	0.498308361527	0.456259062349	0.662638956017	0.605606573224	0.621556307395	0.595456742388	0.614789753504	0.634122764621	0.503624939584	0.516674722088	0.531657805703	0.518124697922	0.52537457709	0.614306428226	0.545674238763	0.614789753504	0.501691638473	0.586756887385
AE3	0.576123731271	0.496375060416	0.923151280812	0.607056549058	0.56259062349	0.398743354277	0.631222812953	0.311744804253	0.0	0.497341710971	0.427259545674	0.507491541808	0.513291445143	0.838569357177	0.569840502658	0.517641372644	0.464475592073	0.456259062349	0.918801353311	0.741904301595	0.555340744321	0.475108748188	0.492025132914	0.489125181247	0.881585306912	0.587240212663	0.45142580957	0.468342194297	0.48622522958	0.530691155147	0.54857419043	0.492025132914	0.405509908168	0.455775737071	0.669888835186	0.605123247946	0.462058965684	0.519574673755	0.44900918318	0.608023199613	0.496858385694	0.683905268246	0.639922667956	0.522957950701	0.512808119865	0.466892218463	0.673755437409	0.617689705172	0.6389560174	0.614306428226	0.622039632673	0.65055582407	0.528757854036	0.538907684872	0.545674238763	0.533591106815	0.541807636539	0.633639439343	0.559207346544	0.629289511841	0.48622522958	0.595456742388
AE4	0.64572257129	0.50459159014	0.950217496375	0.622522957951	0.594006766554	0.503624939584	0.367327211213	0.41904301595	0.497341710971	0.0	0.574190430159	0.527307878202	0.567907201547	0.855485741904	0.553890768487	0.570807153214	0.579990333494	0.577090381827	0.933301111648	0.758820686322	0.65973900435	0.589656839053	0.595940067666	0.598840019333	0.908168197197	0.61575640406	0.58095698405	0.579507008217	0.585790236829	0.600289995167	0.644272595457	0.593040115998	0.534074432093	0.545190913485	0.6805219913	0.616239729338	0.558240695988	0.455292411793	0.535041082649	0.523441275979	0.490575157081	0.585306911551	0.541807636539	0.502658289029	0.594006766554	0.58095698405	0.711938134364	0.657805703238	0.683421942968	0.652489125181	0.668438859352	0.689221846303	0.591590140164	0.599806669889	0.602223296278	0.602706621556	0.572257129048	0.672305461576	0.584340260996	0.675688738521	0.586273562107	0.640889318511
AF3	0.62493958434	0.565973900435	0.970517158047	0.640405993233	0.621556307395	0.340744320928	0.686321894635	0.432576123731	0.427259545674	0.574190430159	0.0	0.524407926535	0.535041082649	0.876268728855	0.625906234896	0.574190430159	0.458675688739	0.441275978734	0.9584340261	0.785886901885	0.607056549058	0.541807636539	0.435476075399	0.447559207347	0.921701304978	0.619623006283	0.448042532624	0.503624939584	0.534557757371	0.577090381827	0.531657805703	0.510391493475	0.44900918318	0.503624939584	0.668438859352	0.623006283229	0.424842919285	0.5601739971	0.448042532624	0.629772837119	0.533107781537	0.724021266312	0.681488641856	0.556790720155	0.520541324311	0.484291928468	0.67133881102	0.608506524891	0.646689221846	0.608506524891	0.616723054616	0.636056065732	0.546640889319	0.541807636539	0.541807636539	0.531657805703	0.583856935718	0.621556307395	0.596423392943	0.614789753504	0.499758337361	0.595940067666
AF4	0.616723054616	0.522474625423	0.937651039149	0.611406476559	0.318994683422	0.402126631223	0.602706621556	0.470275495408	0.507491541808	0.527307878202	0.524407926535	0.0	0.552924117931	0.84726921218	0.55775737071	0.531657805703	0.563073948768	0.56259062349	0.891735137748	0.727404543258	0.695505074915	0.631706138231	0.654422426293	0.652005799903	0.856935717738	0.635089415176	0.599323344611	0.620106331561	0.630256162397	0.640405993233	0.655872402127	0.608506524891	0.544707588207	0.567907201547	0.597390043499	0.531174480425	0.547607539874	0.532141130981	0.524891251812	0.50700821653	0.500724987917	0.629772837119	0.58337361044	0.517158047366	0.568390526825	0.558240695988	0.587723537941	0.535524407927	0.545190913485	0.516674722088	0.544224262929	0.559690671822	0.470758820686	0.501208313195	0.514741420976	0.510391493475	0.556790720155	0.543740937651	0.570323827936	0.541324311261	0.56259062349	0.514741420976
AG3	0.599806669889	0.483325277912	0.968583856936	0.476075398743	0.612373127115	0.507491541808	0.643305944901	0.510391493475	0.513291445143	0.567907201547	0.535041082649	0.552924117931	0.0	0.847752537458	0.53697438376	0.517158047366	0.50700821653	0.495891735138	0.937167713871	0.760270662156	0.670372160464	0.585790236829	0.577573707105	0.60415659739	0.895601739971	0.635089415176	0.553890768487	0.573223779604	0.611406476559	0.610923151281	0.637506041566	0.563557274045	0.510391493475	0.515224746254	0.666988883519	0.613823102948	0.531174480425	0.544224262929	0.517158047366	0.588690188497	0.499275012083	0.672305461576	0.631706138231	0.535041082649	0.563557274045	0.549540840986	0.628322861286	0.584823586274	0.617206379894	0.593523441276	0.592073465442	0.598840019333	0.519091348478	0.532624456259	0.536007733204	0.528274528758	0.538907684872	0.594006766554	0.552440792653	0.605606573224	0.510391493475	0.571290478492
AG4	0.84726921218	0.848719188014	0.341227646206	0.571290478492	0.832769453842	0.859352344128	0.86563557274	0.852102464959	0.838569357177	0.855485741904	0.876268728855	0.84726921218	0.847752537458	0.0	0.866602223296	0.839052682455	0.883518608023	0.886901884969	0.715804736588	0.673272112131	0.813919768004	0.822136297728	0.876268728855	0.871435476075	0.825036249396	0.813919768004	0.861768970517	0.846302561624	0.757854035766	0.75688738521	0.876268728855	0.86805219913	0.86805219913	0.869502174964	0.894151764137	0.881585306912	0.884001933301	0.859835669406	0.881101981634	0.878202029966	0.878685355244	0.846302561624	0.851619139681	0.859352344128	0.889318511358	0.884485258579	0.881101981634	0.8796520058	0.879168680522	0.881101981634	0.889318511358	0.882068632189	0.886901884969	0.881585306912	0.893185113581	0.885935234413	0.885935234413	0.881101981634	0.882551957467	0.881101981634	0.885451909135	0.883518608023
AH3	0.664572257129	0.402609956501	0.959400676655	0.606089898502	0.612373127115	0.576607056549	0.588206863219	0.551474142098	0.569840502658	0.553890768487	0.625906234896	0.55775737071	0.53697438376	0.866602223296	0.0	0.525857902368	0.612373127115	0.603189946834	0.925084581924	0.757854035766	0.716771387144	0.630256162397	0.635572740454	0.65732237796	0.903334944418	0.697438376027	0.64813919768	0.640405993233	0.666022232963	0.669405509908	0.698888351861	0.63653939101	0.565007249879	0.594006766554	0.713871435476	0.647172547124	0.637989366844	0.563073948768	0.603189946834	0.568873852102	0.551957467376	0.614306428226	0.566457225713	0.574190430159	0.657805703238	0.633639439343	0.720154664089	0.633639439343	0.653939101015	0.644272595457	0.65732237796	0.667955534074	0.593040115998	0.609956500725	0.606089898502	0.603673272112	0.572257129048	0.660222329628	0.575640405993	0.656839052682	0.600773320445	0.622522957951
AH4	0.336877718705	0.360077332044	0.934751087482	0.577573707105	0.598356694055	0.526341227646	0.633639439343	0.516674722088	0.517641372644	0.570807153214	0.574190430159	0.531657805703	0.517158047366	0.839052682455	0.525857902368	0.0	0.541324311261	0.532624456259	0.871435476075	0.706138231029	0.626872885452	0.551474142098	0.568390526825	0.568390526825	0.845335911068	0.582406959884	0.555340744321	0.554857419043	0.571290478492	0.571290478492	0.593040115998	0.541807636539	0.546640889319	0.549540840986	0.697921701305	0.636056065732	0.576123731271	0.581440309328	0.548090865152	0.583856935718	0.52779120348	0.671822136298	0.629289511841	0.566940550991	0.597390043499	0.584340260996	0.667955534074	0.623972933784	0.65055582407	0.60657322378	0.625906234896	0.635572740454	0.541807636539	0.533107781537	0.545190913485	0.523924601257	0.516674722088	0.623489608507	0.512808119865	0.625906234896	0.535524407927	0.602223296278
AA7	0.587240212663	0.544224262929	0.969067182214	0.640889318511	0.617206379894	0.485258579024	0.689221846303	0.471725471242	0.464475592073	0.579990333494	0.458675688739	0.563073948768	0.50700821653	0.883518608023	0.612373127115	0.541324311261	0.0	0.272595456742	0.926051232479	0.762687288545	0.602706621556	0.507491541808	0.46979217013	0.494925084582	0.873852102465	0.594490091832	0.454809086515	0.465925567907	0.531174480425	0.574673755437	0.51377477042	0.421942967617	0.437892701788	0.480908651522	0.699855002417	0.652005799903	0.46979217013	0.576123731271	0.502658289029	0.623972933784	0.536491058482	0.720154664089	0.674238762687	0.580473658772	0.546640889319	0.507974867086	0.674238762687	0.632189463509	0.661188980184	0.621072982117	0.603673272112	0.629772837119	0.534074432093	0.538907684872	0.537457709038	0.524891251812	0.549057515708	0.617689705172	0.54857419043	0.642339294345	0.496858385694	0.607539874335
AA8	0.579023682939	0.536007733204	0.969550507492	0.626872885452	0.618656355727	0.465442242629	0.683905268246	0.466892218463	0.456259062349	0.577090381827	0.441275978734	0.56259062349	0.495891735138	0.886901884969	0.603189946834	0.532624456259	0.272595456742	0.0	0.922667955534	0.755437409377	0.589656839053	0.490575157081	0.459159014016	0.477525374577	0.869502174964	0.582890285162	0.440792653456	0.454325761237	0.514741420976	0.566940550991	0.471725471242	0.374093765104	0.436926051232	0.484291928468	0.699371677139	0.654422426293	0.462542290962	0.578540357661	0.488158530691	0.620589656839	0.529724504592	0.724021266312	0.672788786854	0.58095698405	0.541807636539	0.502174963751	0.65973900435	0.623489608507	0.655389076849	0.617689705172	0.597873368777	0.621556307395	0.519574673755	0.529241179314	0.534074432093	0.515224746254	0.536007733204	0.606089898502	0.536491058482	0.634122764621	0.485258579024	0.598356694055
AB7	0.872402126631	0.895118414693	0.740454325761	0.733204446593	0.8796520058	0.922667955534	0.938617689705	0.930401159981	0.918801353311	0.933301111648	0.9584340261	0.891735137748	0.937167713871	0.715804736588	0.925084581924	0.871435476075	0.926051232479	0.922667955534	0.0	0.405993233446	0.811019816336	0.839536007733	0.932334461092	0.925084581924	0.737554374094	0.810053165781	0.896568390527	0.878685355244	0.730787820203	0.704204929918	0.886901884969	0.899951667472	0.924117931368	0.93281778637	0.942967617206	0.928951184147	0.951184146931	0.91203479942	0.950217496375	0.927501208313	0.943934267762	0.875302078299	0.885935234413	0.918801353311	0.962300628323	0.954084098598	0.928951184147	0.924117931368	0.930884485259	0.919768003867	0.927501208313	0.920251329145	0.915418076365	0.913968100532	0.918318028033	0.912518124698	0.923151280812	0.915901401643	0.917834702755	0.923151280812	0.947317544708	0.927984533591
AB8	0.713871435476	0.722571290478	0.751570807153	0.563557274045	0.756404059932	0.750604156597	0.773320444659	0.754470758821	0.741904301595	0.758820686322	0.785886901885	0.727404543258	0.760270662156	0.673272112131	0.757854035766	0.706138231029	0.762687288545	0.755437409377	0.405993233446	0.0	0.64572257129	0.664572257129	0.751570807153	0.741420976317	0.735137747704	0.652005799903	0.716288061866	0.696471725471	0.523441275979	0.5186080232	0.728371193813	0.729821169647	0.755920734654	0.760753987434	0.811019816336	0.766070565491	0.775253745771	0.740454325761	0.770420492992	0.753987433543	0.765587240213	0.727404543258	0.728371193813	0.745770903818	0.792653455776	0.78008699855	0.819236346061	0.758337361044	0.785886901885	0.757370710488	0.767037216046	0.778637022716	0.754954084099	0.755920734654	0.760270662156	0.753020782987	0.753987433543	0.770420492992	0.756404059932	0.769937167714	0.774770420493	0.763170613823
AC7	0.616723054616	0.651522474625	0.89125181247	0.659255679072	0.73610439826	0.596906718221	0.721121314645	0.587240212663	0.555340744321	0.65973900435	0.607056549058	0.695505074915	0.670372160464	0.813919768004	0.716771387144	0.626872885452	0.602706621556	0.589656839053	0.811019816336	0.64572257129	0.0	0.371677138714	0.581923634606	0.566457225713	0.823102948284	0.587723537941	0.54857419043	0.522957950701	0.485741904302	0.489125181247	0.573223779604	0.563073948768	0.570807153214	0.605123247946	0.801353310778	0.751087481875	0.640405993233	0.651522474625	0.611889801837	0.73368777187	0.667472208797	0.72692121798	0.705171580474	0.655872402127	0.639922667956	0.607056549058	0.822136297728	0.771870468826	0.797003383277	0.779120347994	0.763170613823	0.784920251329	0.692605123248	0.687288545191	0.690188496858	0.678105364911	0.678105364911	0.780570323828	0.676655389077	0.782020299662	0.608989850169	0.752537457709
AC8	0.570323827936	0.557274045433	0.908168197197	0.611406476559	0.676172063799	0.521024649589	0.69212179797	0.502174963751	0.475108748188	0.589656839053	0.541807636539	0.631706138231	0.585790236829	0.822136297728	0.630256162397	0.551474142098	0.507491541808	0.490575157081	0.839536007733	0.664572257129	0.371677138714	0.0	0.478008699855	0.492508458192	0.835186080232	0.554857419043	0.412276462059	0.38424359594	0.444175930401	0.46979217013	0.526341227646	0.479458675689	0.472692121798	0.511358144031	0.724987916868	0.672788786854	0.552440792653	0.58095698405	0.538907684872	0.653939101015	0.582890285162	0.679555340744	0.635572740454	0.590140164331	0.574190430159	0.53020782987	0.73852102465	0.681971967134	0.718221362977	0.692605123248	0.677622039633	0.699371677139	0.610439826003	0.602706621556	0.609473175447	0.593040115998	0.583856935718	0.689221846303	0.586273562107	0.703238279362	0.529724504592	0.665055582407
AD7	0.584823586274	0.564040599323	0.960367327211	0.65055582407	0.718704688255	0.521507974867	0.704204929918	0.505074915418	0.492025132914	0.595940067666	0.435476075399	0.654422426293	0.577573707105	0.876268728855	0.635572740454	0.568390526825	0.46979217013	0.459159014016	0.932334461092	0.751570807153	0.581923634606	0.478008699855	0.0	0.294828419526	0.890768487192	0.523441275979	0.411793136781	0.438376027066	0.503141614306	0.544707588207	0.501208313195	0.463508941518	0.484291928468	0.523441275979	0.734654422426	0.681005316578	0.511841469309	0.60415659739	0.535524407927	0.655872402127	0.586273562107	0.723054615756	0.682455292412	0.612856452392	0.565973900435	0.535041082649	0.749154180764	0.685838569357	0.730304494925	0.70372160464	0.683421942968	0.703238279362	0.61575640406	0.608023199613	0.61333977767	0.601739971	0.58337361044	0.696955050749	0.585306911551	0.712421459642	0.537941034316	0.665538907685
AD8	0.585790236829	0.581923634606	0.955050749154	0.652005799903	0.721604639923	0.523924601257	0.69453842436	0.501691638473	0.489125181247	0.598840019333	0.447559207347	0.652005799903	0.60415659739	0.871435476075	0.65732237796	0.568390526825	0.494925084582	0.477525374577	0.925084581924	0.741420976317	0.566457225713	0.492508458192	0.294828419526	0.0	0.850169163847	0.487191880135	0.414209763171	0.449975833736	0.482841952634	0.521991300145	0.49299178347	0.471725471242	0.505558240696	0.539874335428	0.749154180764	0.69453842436	0.512324794587	0.608023199613	0.541324311261	0.664088931851	0.59497341711	0.725471242146	0.691638472692	0.603189946834	0.579023682939	0.544707588207	0.762687288545	0.698405026583	0.739004349928	0.711938134364	0.68970517158	0.716771387144	0.628322861286	0.619623006283	0.618173030449	0.612373127115	0.605606573224	0.704204929918	0.60657322378	0.721604639923	0.546640889319	0.680038666022
AE7	0.837602706622	0.873852102465	0.850652489125	0.792653455776	0.842919284679	0.894635089415	0.919768003867	0.904784920251	0.881585306912	0.908168197197	0.921701304978	0.856935717738	0.895601739971	0.825036249396	0.903334944418	0.845335911068	0.873852102465	0.869502174964	0.737554374094	0.735137747704	0.823102948284	0.835186080232	0.890768487192	0.850169163847	0.0	0.54857419043	0.875785403577	0.859835669406	0.768970517158	0.760753987434	0.839052682455	0.843402609957	0.904784920251	0.905268245529	0.93281778637	0.918801353311	0.9212179797	0.901884968584	0.924117931368	0.881585306912	0.90961817303	0.881585306912	0.884968583857	0.889801836636	0.937651039149	0.930401159981	0.893668438859	0.906718221363	0.909134847753	0.895601739971	0.903334944418	0.897535041083	0.886901884969	0.89125181247	0.901401643306	0.890285161914	0.907684871919	0.892218463026	0.899951667472	0.900918318028	0.916384726921	0.908168197197
AE8	0.596906718221	0.609956500725	0.897535041083	0.627839536008	0.695505074915	0.589656839053	0.691155147414	0.601256645723	0.587240212663	0.61575640406	0.619623006283	0.635089415176	0.635089415176	0.813919768004	0.697438376027	0.582406959884	0.594490091832	0.582890285162	0.810053165781	0.652005799903	0.587723537941	0.554857419043	0.523441275979	0.487191880135	0.54857419043	0.0	0.576607056549	0.561623972934	0.526341227646	0.510874818753	0.568873852102	0.552924117931	0.611889801837	0.608989850169	0.755920734654	0.714354760754	0.620106331561	0.611889801837	0.623489608507	0.670855485742	0.63653939101	0.690671822136	0.681005316578	0.61575640406	0.6389560174	0.631222812953	0.753504108265	0.699855002417	0.74528757854	0.699371677139	0.701788303528	0.726437892702	0.644272595457	0.636056065732	0.649105848236	0.641372643789	0.644272595457	0.709038182697	0.639439342678	0.716771387144	0.612373127115	0.679555340744
AF7	0.574673755437	0.549057515708	0.946350894152	0.646689221846	0.662638956017	0.4813919768	0.70372160464	0.458192363461	0.45142580957	0.58095698405	0.448042532624	0.599323344611	0.553890768487	0.861768970517	0.64813919768	0.555340744321	0.454809086515	0.440792653456	0.896568390527	0.716288061866	0.54857419043	0.412276462059	0.411793136781	0.414209763171	0.875785403577	0.576607056549	0.0	0.306428226196	0.477042049299	0.518124697922	0.482841952634	0.469308844853	0.448042532624	0.489608506525	0.688738521025	0.635572740454	0.462058965684	0.544707588207	0.493958434026	0.626389560174	0.532624456259	0.705171580474	0.659255679072	0.561623972934	0.537457709038	0.496375060416	0.683421942968	0.634122764621	0.679555340744	0.650072498792	0.631706138231	0.651522474625	0.563073948768	0.558240695988	0.562107298212	0.553407443209	0.5601739971	0.637506041566	0.565490575157	0.662638956017	0.480425326245	0.614789753504
AF8	0.577573707105	0.547124214596	0.928467858869	0.633156114065	0.679072015466	0.515224746254	0.698405026583	0.470758820686	0.468342194297	0.579507008217	0.503624939584	0.620106331561	0.573223779604	0.846302561624	0.640405993233	0.554857419043	0.465925567907	0.454325761237	0.878685355244	0.696471725471	0.522957950701	0.38424359594	0.438376027066	0.449975833736	0.859835669406	0.561623972934	0.306428226196	0.0	0.453359110681	0.492508458192	0.506524891252	0.463992266796	0.462058965684	0.500724987917	0.708554857419	0.660222329628	0.488641855969	0.555340744321	0.521991300145	0.629772837119	0.55775737071	0.686805219913	0.64572257129	0.561623972934	0.55775737071	0.517641372644	0.709038182697	0.658772353794	0.695021749638	0.671822136298	0.651039149348	0.667955534074	0.581923634606	0.574190430159	0.579023682939	0.569840502658	0.55775737071	0.656355727405	0.558240695988	0.68293861769	0.499758337361	0.641372643789
AG7	0.608506524891	0.587723537941	0.837119381344	0.538424359594	0.678588690188	0.536491058482	0.691155147414	0.50459159014	0.48622522958	0.585790236829	0.534557757371	0.630256162397	0.611406476559	0.757854035766	0.666022232963	0.571290478492	0.531174480425	0.514741420976	0.730787820203	0.523441275979	0.485741904302	0.444175930401	0.503141614306	0.482841952634	0.768970517158	0.526341227646	0.477042049299	0.453359110681	0.0	0.315128081199	0.53697438376	0.496375060416	0.517641372644	0.563557274045	0.747220879652	0.683421942968	0.530691155147	0.582406959884	0.556790720155	0.655389076849	0.593040115998	0.671822136298	0.645239246013	0.579507008217	0.603189946834	0.566457225713	0.753987433543	0.686805219913	0.72450459159	0.698888351861	0.677138714355	0.709038182697	0.625906234896	0.624456259062	0.627839536008	0.62735621073	0.623006283229	0.699371677139	0.625422909618	0.705171580474	0.579507008217	0.665538907685
AG8	0.591590140164	0.591106814886	0.838569357177	0.562107298212	0.69212179797	0.55775737071	0.69212179797	0.546640889319	0.530691155147	0.600289995167	0.577090381827	0.640405993233	0.610923151281	0.75688738521	0.669405509908	0.571290478492	0.574673755437	0.566940550991	0.704204929918	0.5186080232	0.489125181247	0.46979217013	0.544707588207	0.521991300145	0.760753987434	0.510874818753	0.518124697922	0.492508458192	0.315128081199	0.0	0.5601739971	0.539874335428	0.558724021266	0.572740454326	0.759787336878	0.696471725471	0.566940550991	0.590623489609	0.574673755437	0.660705654906	0.600773320445	0.679072015466	0.655872402127	0.601256645723	0.607056549058	0.580473658772	0.767520541324	0.704688255196	0.741420976317	0.710971483809	0.70130497825	0.725471242146	0.635089415176	0.629289511841	0.633156114065	0.637506041566	0.631706138231	0.716288061866	0.638472692122	0.721604639923	0.585306911551	0.681488641856
AH7	0.597390043499	0.619139681005	0.951184146931	0.685355244079	0.714354760754	0.57177380377	0.720637989367	0.551957467376	0.54857419043	0.644272595457	0.531657805703	0.655872402127	0.637506041566	0.876268728855	0.698888351861	0.593040115998	0.51377477042	0.471725471242	0.886901884969	0.728371193813	0.573223779604	0.526341227646	0.501208313195	0.49299178347	0.839052682455	0.568873852102	0.482841952634	0.506524891252	0.53697438376	0.5601739971	0.0	0.324311261479	0.574190430159	0.61333977767	0.775737071049	0.736587723538	0.559207346544	0.662638956017	0.606089898502	0.687771870469	0.640405993233	0.768003866602	0.739487675205	0.664572257129	0.644272595457	0.611889801837	0.766553890768	0.733204446593	0.766070565491	0.726437892702	0.713871435476	0.729337844369	0.6389560174	0.638472692122	0.637989366844	0.630739487675	0.63653939101	0.723054615756	0.628322861286	0.730787820203	0.597873368777	0.714354760754
AH8	0.572257129048	0.561623972934	0.950700821653	0.638472692122	0.666988883519	0.5186080232	0.687288545191	0.494441759304	0.492025132914	0.593040115998	0.510391493475	0.608506524891	0.563557274045	0.86805219913	0.63653939101	0.541807636539	0.421942967617	0.374093765104	0.899951667472	0.729821169647	0.563073948768	0.479458675689	0.463508941518	0.471725471242	0.843402609957	0.552924117931	0.469308844853	0.463992266796	0.496375060416	0.539874335428	0.324311261479	0.0	0.507491541808	0.541324311261	0.738037699372	0.690188496858	0.523441275979	0.604639922668	0.540840985984	0.636056065732	0.576123731271	0.718221362977	0.681971967134	0.608506524891	0.580473658772	0.542290961817	0.713388110198	0.67133881102	0.713871435476	0.665055582407	0.655872402127	0.67133881102	0.579023682939	0.576607056549	0.58337361044	0.566940550991	0.564523924601	0.667955534074	0.559207346544	0.677622039633	0.534557757371	0.648622522958
AA5	0.598840019333	0.5186080232	0.957467375544	0.637989366844	0.607056549058	0.449975833736	0.642339294345	0.402126631223	0.405509908168	0.534074432093	0.44900918318	0.544707588207	0.510391493475	0.86805219913	0.565007249879	0.546640889319	0.437892701788	0.436926051232	0.924117931368	0.755920734654	0.570807153214	0.472692121798	0.484291928468	0.505558240696	0.904784920251	0.611889801837	0.448042532624	0.462058965684	0.517641372644	0.558724021266	0.574190430159	0.507491541808	0.0	0.328177863702	0.666505558241	0.591106814886	0.480908651522	0.473175447076	0.459642339294	0.576123731271	0.472692121798	0.637989366844	0.590140164331	0.480425326245	0.521507974867	0.463992266796	0.695021749638	0.636056065732	0.652489125181	0.630739487675	0.639439342678	0.666022232963	0.519574673755	0.553890768487	0.562107298212	0.541324311261	0.537457709038	0.644755920735	0.554374093765	0.641855969067	0.490575157081	0.614789753504
AA6	0.601739971	0.520541324311	0.958917351377	0.651522474625	0.628322861286	0.478492025133	0.65973900435	0.448525857902	0.455775737071	0.545190913485	0.503624939584	0.567907201547	0.515224746254	0.869502174964	0.594006766554	0.549540840986	0.480908651522	0.484291928468	0.93281778637	0.760753987434	0.605123247946	0.511358144031	0.523441275979	0.539874335428	0.905268245529	0.608989850169	0.489608506525	0.500724987917	0.563557274045	0.572740454326	0.61333977767	0.541324311261	0.328177863702	0.0	0.657805703238	0.582406959884	0.507974867086	0.491058482359	0.479942000967	0.594006766554	0.492508458192	0.660222329628	0.617206379894	0.511358144031	0.453842435959	0.410826486225	0.695988400193	0.634122764621	0.654422426293	0.632189463509	0.637022716288	0.661188980184	0.524891251812	0.552924117931	0.5601739971	0.542774287095	0.539874335428	0.642339294345	0.5601739971	0.640889318511	0.502658289029	0.616723054616
AB5	0.755437409377	0.678105364911	0.972933784437	0.727887868536	0.61575640406	0.634122764621	0.741904301595	0.633639439343	0.669888835186	0.6805219913	0.668438859352	0.597390043499	0.666988883519	0.894151764137	0.713871435476	0.697921701305	0.699855002417	0.699371677139	0.942967617206	0.811019816336	0.801353310778	0.724987916868	0.734654422426	0.749154180764	0.93281778637	0.755920734654	0.688738521025	0.708554857419	0.747220879652	0.759787336878	0.775737071049	0.738037699372	0.666505558241	0.657805703238	0.0	0.318028032866	0.605606573224	0.652972450459	0.612373127115	0.634122764621	0.609473175447	0.740454325761	0.71532141131	0.644755920735	0.606089898502	0.599806669889	0.616239729338	0.603189946834	0.610439826003	0.582890285162	0.61575640406	0.608506524891	0.605123247946	0.589173513775	0.610923151281	0.614789753504	0.650072498792	0.585306911551	0.661188980184	0.596906718221	0.666988883519	0.601256645723
AB6	0.70130497825	0.610923151281	0.96761720638	0.662155630739	0.579023682939	0.571290478492	0.678105364911	0.568390526825	0.605123247946	0.616239729338	0.623006283229	0.531174480425	0.613823102948	0.881585306912	0.647172547124	0.636056065732	0.652005799903	0.654422426293	0.928951184147	0.766070565491	0.751087481875	0.672788786854	0.681005316578	0.69453842436	0.918801353311	0.714354760754	0.635572740454	0.660222329628	0.683421942968	0.696471725471	0.736587723538	0.690188496858	0.591106814886	0.582406959884	0.318028032866	0.0	0.567907201547	0.579023682939	0.565490575157	0.577090381827	0.547124214596	0.672788786854	0.635572740454	0.550024166264	0.549540840986	0.551957467376	0.591106814886	0.527307878202	0.561623972934	0.523441275979	0.540840985984	0.556790720155	0.543740937651	0.545190913485	0.564040599323	0.567907201547	0.591590140164	0.531174480425	0.614789753504	0.538907684872	0.635572740454	0.521024649589
AC5	0.629772837119	0.565007249879	0.975350410826	0.644755920735	0.612373127115	0.462058965684	0.676655389077	0.442725954567	0.462058965684	0.558240695988	0.424842919285	0.547607539874	0.531174480425	0.884001933301	0.637989366844	0.576123731271	0.46979217013	0.462542290962	0.951184146931	0.775253745771	0.640405993233	0.552440792653	0.511841469309	0.512324794587	0.9212179797	0.620106331561	0.462058965684	0.488641855969	0.530691155147	0.566940550991	0.559207346544	0.523441275979	0.480908651522	0.507974867086	0.605606573224	0.567907201547	0.0	0.452392460126	0.445142580957	0.594006766554	0.50700821653	0.709521507975	0.655872402127	0.540357660706	0.480908651522	0.450942484292	0.609473175447	0.566940550991	0.608023199613	0.56935717738	0.568873852102	0.585790236829	0.497825036249	0.487675205413	0.505074915418	0.505074915418	0.568390526825	0.572257129048	0.576123731271	0.571290478492	0.515708071532	0.547124214596
AC6	0.64813919768	0.522957950701	0.954567423876	0.640889318511	0.586756887385	0.515708071532	0.538424359594	0.474142097632	0.519574673755	0.455292411793	0.5601739971	0.532141130981	0.544224262929	0.859835669406	0.563073948768	0.581440309328	0.576123731271	0.578540357661	0.91203479942	0.740454325761	0.651522474625	0.58095698405	0.60415659739	0.608023199613	0.901884968584	0.611889801837	0.544707588207	0.555340744321	0.582406959884	0.590623489609	0.662638956017	0.604639922668	0.473175447076	0.491058482359	0.652972450459	0.579023682939	0.452392460126	0.0	0.528274528758	0.526341227646	0.482358627356	0.47462542291	0.418559690672	0.412276462059	0.558240695988	0.537941034316	0.683421942968	0.629289511841	0.651039149348	0.621556307395	0.641855969067	0.664572257129	0.568873852102	0.578540357661	0.585306911551	0.584823586274	0.563073948768	0.64572257129	0.581440309328	0.634122764621	0.560657322378	0.613823102948
AD6	0.618656355727	0.537457709038	0.972933784437	0.626872885452	0.591106814886	0.420976317061	0.644755920735	0.441759304012	0.44900918318	0.535041082649	0.448042532624	0.524891251812	0.517158047366	0.881101981634	0.603189946834	0.548090865152	0.502658289029	0.488158530691	0.950217496375	0.770420492992	0.611889801837	0.538907684872	0.535524407927	0.541324311261	0.924117931368	0.623489608507	0.493958434026	0.521991300145	0.556790720155	0.574673755437	0.606089898502	0.540840985984	0.459642339294	0.479942000967	0.612373127115	0.565490575157	0.445142580957	0.528274528758	0.0	0.570323827936	0.415659739004	0.706138231029	0.655389076849	0.543740937651	0.46979217013	0.439342677622	0.617206379894	0.556307394877	0.595940067666	0.558724021266	0.57177380377	0.590623489609	0.4813919768	0.475108748188	0.486708554857	0.481875302078	0.547607539874	0.569840502658	0.558724021266	0.578540357661	0.471725471242	0.543740937651
AE5	0.650072498792	0.550024166264	0.973417109715	0.634606089899	0.56259062349	0.565007249879	0.59255679072	0.565490575157	0.608023199613	0.523441275979	0.629772837119	0.50700821653	0.588690188497	0.878202029966	0.568873852102	0.583856935718	0.623972933784	0.620589656839	0.927501208313	0.753987433543	0.73368777187	0.653939101015	0.655872402127	0.664088931851	0.881585306912	0.670855485742	0.626389560174	0.629772837119	0.655389076849	0.660705654906	0.687771870469	0.636056065732	0.576123731271	0.594006766554	0.634122764621	0.577090381827	0.594006766554	0.526341227646	0.570323827936	0.0	0.381826969551	0.605123247946	0.556307394877	0.528274528758	0.632189463509	0.62735621073	0.658289028516	0.616239729338	0.630739487675	0.606089898502	0.630739487675	0.651039149348	0.541324311261	0.574673755437	0.60415659739	0.579507008217	0.569840502658	0.62735621073	0.575640405993	0.614306428226	0.589173513775	0.61333977767
AE6	0.615273078782	0.477525374577	0.972933784437	0.619623006283	0.550024166264	0.468825519575	0.579990333494	0.455292411793	0.496858385694	0.490575157081	0.533107781537	0.500724987917	0.499275012083	0.878685355244	0.551957467376	0.52779120348	0.536491058482	0.529724504592	0.943934267762	0.765587240213	0.667472208797	0.582890285162	0.586273562107	0.59497341711	0.90961817303	0.63653939101	0.532624456259	0.55775737071	0.593040115998	0.600773320445	0.640405993233	0.576123731271	0.472692121798	0.492508458192	0.609473175447	0.547124214596	0.50700821653	0.482358627356	0.415659739004	0.381826969551	0.0	0.644272595457	0.593523441276	0.478492025133	0.527307878202	0.512324794587	0.641855969067	0.582890285162	0.60415659739	0.577573707105	0.598356694055	0.619139681005	0.491058482359	0.502174963751	0.519091348478	0.50459159014	0.51377477042	0.595940067666	0.535041082649	0.591106814886	0.506041565974	0.575157080715
AF5	0.724021266312	0.637989366844	0.934751087482	0.660222329628	0.669405509908	0.684388593523	0.561140647656	0.642339294345	0.683905268246	0.585306911551	0.724021266312	0.629772837119	0.672305461576	0.846302561624	0.614306428226	0.671822136298	0.720154664089	0.724021266312	0.875302078299	0.727404543258	0.72692121798	0.679555340744	0.723054615756	0.725471242146	0.881585306912	0.690671822136	0.705171580474	0.686805219913	0.671822136298	0.679072015466	0.768003866602	0.718221362977	0.637989366844	0.660222329628	0.740454325761	0.672788786854	0.709521507975	0.47462542291	0.706138231029	0.605123247946	0.644272595457	0.0	0.285161913968	0.542774287095	0.727887868536	0.717254712421	0.774287095215	0.729337844369	0.740937651039	0.714354760754	0.738037699372	0.753987433543	0.689221846303	0.718704688255	0.738037699372	0.718221362977	0.675688738521	0.737554374094	0.684388593523	0.724987916868	0.722087965201	0.720637989367
AF6	0.69212179797	0.583856935718	0.946350894152	0.637022716288	0.631222812953	0.633639439343	0.533591106815	0.594490091832	0.639922667956	0.541807636539	0.681488641856	0.58337361044	0.631706138231	0.851619139681	0.566457225713	0.629289511841	0.674238762687	0.672788786854	0.885935234413	0.728371193813	0.705171580474	0.635572740454	0.682455292412	0.691638472692	0.884968583857	0.681005316578	0.659255679072	0.64572257129	0.645239246013	0.655872402127	0.739487675205	0.681971967134	0.590140164331	0.617206379894	0.71532141131	0.635572740454	0.655872402127	0.418559690672	0.655389076849	0.556307394877	0.593523441276	0.285161913968	0.0	0.494925084582	0.684871918801	0.665538907685	0.741904301595	0.687288545191	0.700338327695	0.671822136298	0.68970517158	0.713388110198	0.641372643789	0.666022232963	0.680038666022	0.666505558241	0.616239729338	0.697921701305	0.62493958434	0.681005316578	0.673272112131	0.671822136298
