	AA3	AA4	AB3	AB4	AC3	AC4	AD3	AD4	AE3	AE4	AF3	AF4	AG3	AG4	AH3	AH4	AA7	AA8	AB7	AB8	AC7	AC8	AD7	AD8	AE7	AE8	AF7	AF8	AG7	AG8	AH7	AH8	AA5	AA6	AB5	AB6	AC5	AC6	AD6	AE5	AE6	AF5	AF6	AG5	AH5	AH6	AA1	AA2	AB1	AB2	AC1	AC2	AD1	AD2	AE1	AE2	AF1	AF2	AG1	AG2	AH1	AH2
AA3	0.0	0.46979217013	0.937651039149	0.636056065732	0.662155630739	0.579507008217	0.67133881102	0.588206863219	0.589173513775	0.624456259062	0.62493958434	0.617689705172	0.575640405993	0.848719188014	0.641855969067	0.336877718705	0.57177380377	0.571290478492	0.863702271629	0.730304494925	0.623489608507	0.571290478492	0.590140164331	0.587723537941	0.834219429676	0.596906718221	0.575157080715	0.559207346544	0.579507008217	0.589173513775	0.591106814886	0.556790720155	0.595940067666	0.603673272112	0.757370710488	0.68293861769	0.609473175447	0.637022716288	0.597873368777	0.615273078782	0.609956500725	0.718221362977	0.697438376027	0.621556307395	0.637022716288	0.61333977767	0.679555340744	0.6389560174	0.713871435476	0.658772353794	0.658289028516	0.658772353794	0.58095698405	0.567423876269	0.564523924601	0.565490575157	0.568390526825	0.660222329628	0.587240212663	0.64813919768	0.586273562107	0.663605606573
AA4	0.46979217013	0.0	0.952634122765	0.596906718221	0.548090865152	0.489125181247	0.584823586274	0.471725471242	0.50700821653	0.501208313195	0.555340744321	0.516674722088	0.48380860319	0.853069115515	0.394393426776	0.363943934268	0.532624456259	0.540840985984	0.892218463026	0.744320927985	0.649105848236	0.573707104882	0.571290478492	0.579023682939	0.874818753021	0.608023199613	0.552440792653	0.565973900435	0.577573707105	0.602706621556	0.620589656839	0.571290478492	0.503141614306	0.527307878202	0.67133881102	0.597873368777	0.557274045433	0.505074915418	0.523441275979	0.526824552924	0.479458675689	0.637022716288	0.605123247946	0.497341710971	0.582890285162	0.563557274045	0.646205896568	0.565007249879	0.638472692122	0.583856935718	0.601739971	0.621072982117	0.538907684872	0.51619139681	0.515708071532	0.509424842919	0.504108264862	0.602223296278	0.514741420976	0.579507008217	0.520057999033	0.584823586274
AB3	0.937651039149	0.952634122765	0.0	0.686805219913	0.915418076365	0.949734171097	0.961817303045	0.946350894152	0.930401159981	0.955534074432	0.973900434993	0.933784436926	0.965683905268	0.337844369261	0.96520057999	0.94441759304	0.971967133881	0.970033832769	0.73852102465	0.761237312711	0.889801836636	0.911551474142	0.959884001933	0.955534074432	0.850652489125	0.908168197197	0.942484291928	0.925567907202	0.849685838569	0.832769453842	0.950700821653	0.952150797487	0.959400676655	0.964233929435	0.977283711938	0.965683905268	0.976317061382	0.9584340261	0.977283711938	0.975350410826	0.974383760271	0.938617689705	0.936201063316	0.954567423876	0.978733687772	0.975350410826	0.973900434993	0.972933784437	0.971000483325	0.972933784437	0.974867085549	0.971967133881	0.975350410826	0.974867085549	0.97680038666	0.973900434993	0.972933784437	0.971967133881	0.973417109715	0.972450459159	0.973900434993	0.973900434993
AB4	0.636056065732	0.596906718221	0.686805219913	0.0	0.622039632673	0.602223296278	0.69453842436	0.632189463509	0.627839536008	0.637506041566	0.65973900435	0.607056549058	0.491058482359	0.565973900435	0.615273078782	0.591590140164	0.647655872402	0.635572740454	0.721604639923	0.573707104882	0.661188980184	0.625906234896	0.660705654906	0.65732237796	0.784920251329	0.640405993233	0.65973900435	0.635572740454	0.563073948768	0.582890285162	0.690671822136	0.645239246013	0.642339294345	0.668438859352	0.737071048816	0.684871918801	0.671822136298	0.659255679072	0.639922667956	0.643789270179	0.619139681005	0.673272112131	0.670855485742	0.644755920735	0.703238279362	0.687288545191	0.696955050749	0.655389076849	0.696471725471	0.663605606573	0.674722087965	0.667955534074	0.635572740454	0.647172547124	0.660705654906	0.648622522958	0.652005799903	0.658289028516	0.644272595457	0.660222329628	0.658289028516	0.673272112131
AC3	0.662155630739	0.548090865152	0.915418076365	0.622039632673	0.0	0.485741904302	0.63653939101	0.551957467376	0.565490575157	0.587723537941	0.605123247946	0.328177863702	0.587723537941	0.827936201063	0.586273562107	0.602706621556	0.620589656839	0.618173030449	0.86563557274	0.753987433543	0.717738037699	0.661188980184	0.695988400193	0.699855002417	0.828419526341	0.68293861769	0.655872402127	0.675688738521	0.663605606573	0.672788786854	0.691638472692	0.653939101015	0.591106814886	0.631706138231	0.634122764621	0.592073465442	0.625906234896	0.56935717738	0.580473658772	0.546640889319	0.554374093765	0.661672305462	0.655389076849	0.565490575157	0.644755920735	0.643305944901	0.604639922668	0.58095698405	0.588690188497	0.588690188497	0.611889801837	0.594490091832	0.55099081682	0.573707104882	0.584340260996	0.568873852102	0.596423392943	0.586273562107	0.608989850169	0.585306911551	0.619139681005	0.600289995167
AC4	0.579507008217	0.489125181247	0.949734171097	0.602223296278	0.485741904302	0.0	0.622522957951	0.399710004833	0.404543257612	0.5186080232	0.347994200097	0.416143064282	0.500241662639	0.854035766071	0.553890768487	0.526824552924	0.47462542291	0.465925567907	0.916384726921	0.752054132431	0.573707104882	0.509908168197	0.505558240696	0.503141614306	0.887385210246	0.585790236829	0.487191880135	0.50700821653	0.519091348478	0.561623972934	0.566940550991	0.508941517641	0.445625906235	0.479458675689	0.657805703238	0.567907201547	0.456259062349	0.497825036249	0.414209763171	0.551474142098	0.46302561624	0.683421942968	0.652005799903	0.515708071532	0.512808119865	0.478008699855	0.637022716288	0.561623972934	0.608506524891	0.58095698405	0.59255679072	0.61333977767	0.501208313195	0.50459159014	0.517158047366	0.507974867086	0.532141130981	0.596423392943	0.541324311261	0.579990333494	0.47462542291	0.586756887385
AD3	0.67133881102	0.584823586274	0.961817303045	0.69453842436	0.63653939101	0.622522957951	0.0	0.520541324311	0.644272595457	0.352827452876	0.677622039633	0.620106331561	0.639439342678	0.869985500242	0.572740454326	0.646205896568	0.683905268246	0.691155147414	0.945867568874	0.782986950217	0.713388110198	0.693571773804	0.691155147414	0.686805219913	0.920251329145	0.686321894635	0.698888351861	0.686321894635	0.690671822136	0.684388593523	0.717254712421	0.683421942968	0.617206379894	0.642822619623	0.739004349928	0.664572257129	0.675205413243	0.539874335428	0.630739487675	0.568390526825	0.580473658772	0.567423876269	0.545190913485	0.542290961817	0.699855002417	0.687771870469	0.761720637989	0.695505074915	0.743354277429	0.709038182697	0.710488158531	0.735621072982	0.667955534074	0.657805703238	0.675688738521	0.662638956017	0.631706138231	0.71290478492	0.641855969067	0.710971483809	0.68970517158	0.711454809087
AD4	0.588206863219	0.471725471242	0.946350894152	0.632189463509	0.551957467376	0.399710004833	0.520541324311	0.0	0.329144514258	0.410343160947	0.425326244563	0.501691638473	0.521024649589	0.854035766071	0.53697438376	0.532141130981	0.461575640406	0.466408893185	0.93281778637	0.769453842436	0.584823586274	0.513291445143	0.487675205413	0.485741904302	0.899951667472	0.597390043499	0.458192363461	0.47220879652	0.500724987917	0.566457225713	0.541324311261	0.496375060416	0.404543257612	0.476075398743	0.655872402127	0.56259062349	0.437892701788	0.462542290962	0.432576123731	0.546640889319	0.450942484292	0.654422426293	0.618173030449	0.4813919768	0.51377477042	0.485741904302	0.662155630739	0.585790236829	0.642822619623	0.609473175447	0.61333977767	0.639439342678	0.526824552924	0.523924601257	0.531657805703	0.520057999033	0.536491058482	0.613823102948	0.553890768487	0.608023199613	0.499758337361	0.608506524891
AE3	0.589173513775	0.50700821653	0.930401159981	0.627839536008	0.565490575157	0.404543257612	0.644272595457	0.329144514258	0.0	0.529724504592	0.394876752054	0.516674722088	0.514741420976	0.845819236346	0.55775737071	0.526824552924	0.431126147898	0.440309328178	0.924117931368	0.762687288545	0.543740937651	0.484291928468	0.469308844853	0.47220879652	0.89125181247	0.601256645723	0.432576123731	0.461575640406	0.489125181247	0.55775737071	0.529724504592	0.480908651522	0.398743354277	0.47220879652	0.685838569357	0.597390043499	0.435476075399	0.509424842919	0.446592556791	0.609956500725	0.510874818753	0.695505074915	0.658289028516	0.523924601257	0.521507974867	0.466892218463	0.668438859352	0.598840019333	0.653455775737	0.625906234896	0.621072982117	0.649589173514	0.532624456259	0.53697438376	0.542774287095	0.52537457709	0.549057515708	0.628806186564	0.565490575157	0.613823102948	0.491541807637	0.61575640406
AE4	0.624456259062	0.501208313195	0.955534074432	0.637506041566	0.587723537941	0.5186080232	0.352827452876	0.410343160947	0.529724504592	0.0	0.584823586274	0.553890768487	0.575640405993	0.856935717738	0.523441275979	0.575640405993	0.589173513775	0.595940067666	0.934751087482	0.767520541324	0.656839052682	0.593523441276	0.592073465442	0.594490091832	0.904784920251	0.618173030449	0.599323344611	0.585306911551	0.584340260996	0.594490091832	0.65055582407	0.599323344611	0.523924601257	0.560657322378	0.694055099082	0.616723054616	0.579990333494	0.471725471242	0.53939101015	0.519091348478	0.499758337361	0.594006766554	0.563073948768	0.508458192363	0.617689705172	0.597873368777	0.707104881585	0.643789270179	0.69453842436	0.661188980184	0.669405509908	0.68970517158	0.609956500725	0.591106814886	0.603189946834	0.603189946834	0.582406959884	0.664572257129	0.593040115998	0.661672305462	0.592073465442	0.655389076849
AF3	0.62493958434	0.555340744321	0.973900434993	0.65973900435	0.605123247946	0.347994200097	0.677622039633	0.425326244563	0.394876752054	0.584823586274	0.0	0.530691155147	0.542774287095	0.881101981634	0.604639922668	0.578540357661	0.4398260029	0.447075882069	0.955534074432	0.797970033833	0.589656839053	0.539874335428	0.430159497342	0.440309328178	0.922667955534	0.623972933784	0.440309328178	0.489608506525	0.544224262929	0.603189946834	0.531174480425	0.491058482359	0.44224262929	0.514258095698	0.672788786854	0.598840019333	0.389560173997	0.542774287095	0.440792653456	0.626872885452	0.526341227646	0.729821169647	0.694055099082	0.55775737071	0.50700821653	0.475592073465	0.654422426293	0.587240212663	0.653455775737	0.603673272112	0.608989850169	0.630256162397	0.535524407927	0.521991300145	0.52779120348	0.526341227646	0.582406959884	0.619623006283	0.586756887385	0.598840019333	0.498308361527	0.603673272112
AF4	0.617689705172	0.516674722088	0.933784436926	0.607056549058	0.328177863702	0.416143064282	0.620106331561	0.501691638473	0.516674722088	0.553890768487	0.530691155147	0.0	0.548090865152	0.84485258579	0.553890768487	0.56259062349	0.575640405993	0.570323827936	0.888351860802	0.73852102465	0.691638472692	0.623972933784	0.647172547124	0.649589173514	0.855485741904	0.648622522958	0.605606573224	0.62735621073	0.632672788787	0.639439342678	0.660222329628	0.614789753504	0.549057515708	0.590623489609	0.60657322378	0.525857902368	0.562107298212	0.545674238763	0.509424842919	0.522957950701	0.518124697922	0.640405993233	0.631706138231	0.528757854036	0.574673755437	0.567423876269	0.570807153214	0.507974867086	0.556790720155	0.520057999033	0.540357660706	0.545190913485	0.477042049299	0.500724987917	0.516674722088	0.523924601257	0.568390526825	0.530691155147	0.570323827936	0.521991300145	0.564040599323	0.52537457709
AG3	0.575640405993	0.48380860319	0.965683905268	0.491058482359	0.587723537941	0.500241662639	0.639439342678	0.521024649589	0.514741420976	0.575640405993	0.542774287095	0.548090865152	0.0	0.839052682455	0.519091348478	0.508941517641	0.511358144031	0.499275012083	0.927984533591	0.769453842436	0.667472208797	0.59497341711	0.587240212663	0.588690188497	0.881101981634	0.633639439343	0.559207346544	0.581923634606	0.593040115998	0.622039632673	0.632672788787	0.568873852102	0.523924601257	0.53697438376	0.67133881102	0.611406476559	0.551957467376	0.554374093765	0.512808119865	0.570323827936	0.502174963751	0.6805219913	0.652972450459	0.540357660706	0.581923634606	0.549057515708	0.614306428226	0.567423876269	0.628322861286	0.595940067666	0.593523441276	0.596906718221	0.511358144031	0.521991300145	0.534557757371	0.5186080232	0.529724504592	0.59497341711	0.541807636539	0.589173513775	0.509908168197	0.586273562107
AG4	0.848719188014	0.853069115515	0.337844369261	0.565973900435	0.827936201063	0.854035766071	0.869985500242	0.854035766071	0.845819236346	0.856935717738	0.881101981634	0.84485258579	0.839052682455	0.0	0.87046882552	0.849202513291	0.886418559691	0.885451909135	0.717738037699	0.677138714355	0.809569840503	0.828902851619	0.874335427743	0.871918801353	0.824552924118	0.825519574674	0.858385693572	0.841952634123	0.764620589657	0.739004349928	0.877718704688	0.868535524408	0.869985500242	0.875785403577	0.894635089415	0.884001933301	0.887385210246	0.862252295795	0.884968583857	0.881101981634	0.878685355244	0.846785886902	0.843885935234	0.867085548574	0.895118414693	0.888351860802	0.881585306912	0.883518608023	0.885935234413	0.879168680522	0.890768487192	0.883518608023	0.888351860802	0.886418559691	0.892218463026	0.890285161914	0.885935234413	0.886418559691	0.883035282745	0.880135331078	0.886418559691	0.88883518608
AH3	0.641855969067	0.394393426776	0.96520057999	0.615273078782	0.586273562107	0.553890768487	0.572740454326	0.53697438376	0.55775737071	0.523441275979	0.604639922668	0.553890768487	0.519091348478	0.87046882552	0.0	0.512324794587	0.586756887385	0.587240212663	0.931367810536	0.77090381827	0.69453842436	0.631222812953	0.619623006283	0.621072982117	0.898018366361	0.667955534074	0.627839536008	0.628322861286	0.635572740454	0.655872402127	0.68293861769	0.632672788787	0.525857902368	0.572740454326	0.716771387144	0.643305944901	0.626389560174	0.533107781537	0.581923634606	0.543257612373	0.540357660706	0.596906718221	0.570323827936	0.53939101015	0.643789270179	0.618173030449	0.706138231029	0.622522957951	0.674722087965	0.644755920735	0.655389076849	0.679072015466	0.59497341711	0.599806669889	0.597873368777	0.593040115998	0.555340744321	0.663122281295	0.562107298212	0.641855969067	0.593523441276	0.641372643789
AH4	0.336877718705	0.363943934268	0.94441759304	0.591590140164	0.602706621556	0.526824552924	0.646205896568	0.532141130981	0.526824552924	0.575640405993	0.578540357661	0.56259062349	0.508941517641	0.849202513291	0.512324794587	0.0	0.524407926535	0.532141130981	0.874335427743	0.73610439826	0.632672788787	0.553407443209	0.57177380377	0.571290478492	0.852585790237	0.605606573224	0.55099081682	0.545674238763	0.568390526825	0.589656839053	0.598840019333	0.550507491542	0.542774287095	0.562107298212	0.708554857419	0.6389560174	0.58095698405	0.595456742388	0.550024166264	0.575157080715	0.545190913485	0.687288545191	0.663605606573	0.563557274045	0.606089898502	0.577090381827	0.653455775737	0.579023682939	0.668438859352	0.599323344611	0.612373127115	0.621072982117	0.541324311261	0.52537457709	0.525857902368	0.514258095698	0.50700821653	0.608989850169	0.523441275979	0.595456742388	0.536491058482	0.609956500725
AA7	0.57177380377	0.532624456259	0.971967133881	0.647655872402	0.620589656839	0.47462542291	0.683905268246	0.461575640406	0.431126147898	0.589173513775	0.4398260029	0.575640405993	0.511358144031	0.886418559691	0.586756887385	0.524407926535	0.0	0.279362010633	0.916868052199	0.773320444659	0.584823586274	0.510874818753	0.466892218463	0.473658772354	0.866118898018	0.587240212663	0.44224262929	0.457709038183	0.521507974867	0.590140164331	0.50459159014	0.406959884002	0.422909618173	0.494925084582	0.719671338811	0.649105848236	0.460125664572	0.563557274045	0.48380860319	0.605123247946	0.542290961817	0.72692121798	0.694055099082	0.572740454326	0.55099081682	0.499758337361	0.663605606573	0.602223296278	0.676655389077	0.637022716288	0.620589656839	0.634122764621	0.531657805703	0.532141130981	0.535041082649	0.526341227646	0.521991300145	0.621556307395	0.551957467376	0.625422909618	0.490091831803	0.618656355727
AA8	0.571290478492	0.540840985984	0.970033832769	0.635572740454	0.618173030449	0.465925567907	0.691155147414	0.466408893185	0.440309328178	0.595940067666	0.447075882069	0.570323827936	0.499275012083	0.885451909135	0.587240212663	0.532141130981	0.279362010633	0.0	0.915418076365	0.772353794103	0.579023682939	0.511358144031	0.480425326245	0.481875302078	0.867568873852	0.584340260996	0.450459159014	0.467858869019	0.515708071532	0.584823586274	0.480908651522	0.37506041566	0.431609473175	0.500724987917	0.721121314645	0.652972450459	0.471725471242	0.568390526825	0.480425326245	0.607056549058	0.540840985984	0.734654422426	0.698405026583	0.575640405993	0.548090865152	0.501691638473	0.640889318511	0.589656839053	0.663122281295	0.632189463509	0.606089898502	0.616723054616	0.516674722088	0.520057999033	0.531174480425	0.530691155147	0.52779120348	0.608023199613	0.550507491542	0.626389560174	0.480908651522	0.603673272112
AB7	0.863702271629	0.892218463026	0.73852102465	0.721604639923	0.86563557274	0.916384726921	0.945867568874	0.93281778637	0.924117931368	0.934751087482	0.955534074432	0.888351860802	0.927984533591	0.717738037699	0.931367810536	0.874335427743	0.916868052199	0.915418076365	0.0	0.407926534558	0.814403093282	0.838086031899	0.933784436926	0.9212179797	0.740937651039	0.819719671339	0.885451909135	0.86563557274	0.746254229096	0.684388593523	0.883518608023	0.894635089415	0.929434509425	0.938617689705	0.942484291928	0.941034316095	0.946350894152	0.918801353311	0.950700821653	0.924117931368	0.946350894152	0.87723537941	0.872885451909	0.91203479942	0.958917351377	0.950217496375	0.925567907202	0.920251329145	0.930401159981	0.926534557757	0.927501208313	0.915901401643	0.916384726921	0.910584823586	0.910584823586	0.916384726921	0.91445142581	0.913484775254	0.924601256646	0.92363460609	0.949734171097	0.927984533591
AB8	0.730304494925	0.744320927985	0.761237312711	0.573707104882	0.753987433543	0.752054132431	0.782986950217	0.769453842436	0.762687288545	0.767520541324	0.797970033833	0.73852102465	0.769453842436	0.677138714355	0.77090381827	0.73610439826	0.773320444659	0.772353794103	0.407926534558	0.0	0.656355727405	0.676655389077	0.762203963267	0.747220879652	0.73368777187	0.660705654906	0.720637989367	0.699855002417	0.550507491542	0.518124697922	0.750604156597	0.744320927985	0.768970517158	0.778153697438	0.823102948284	0.788786853552	0.783470275495	0.753987433543	0.781536974384	0.77090381827	0.776220396327	0.726437892702	0.719671338811	0.749637506042	0.807153214113	0.797003383277	0.825036249396	0.776703721605	0.81246979217	0.778637022716	0.791203479942	0.798936684389	0.777187046883	0.771387143548	0.77767037216	0.77767037216	0.773320444659	0.784436926051	0.775737071049	0.768970517158	0.784920251329	0.782020299662
AC7	0.623489608507	0.649105848236	0.889801836636	0.661188980184	0.717738037699	0.573707104882	0.713388110198	0.584823586274	0.543740937651	0.656839052682	0.589656839053	0.691638472692	0.667472208797	0.809569840503	0.69453842436	0.632672788787	0.584823586274	0.579023682939	0.814403093282	0.656355727405	0.0	0.353310778154	0.561140647656	0.564040599323	0.823586273562	0.576123731271	0.544707588207	0.507491541808	0.479942000967	0.499758337361	0.573223779604	0.552440792653	0.554374093765	0.599806669889	0.813919768004	0.730787820203	0.615273078782	0.63653939101	0.605123247946	0.713388110198	0.661188980184	0.708071532141	0.689221846303	0.639922667956	0.635089415176	0.599806669889	0.802803286612	0.744320927985	0.8008699855	0.771387143548	0.755920734654	0.779603673272	0.683905268246	0.672788786854	0.677622039633	0.670855485742	0.669888835186	0.77090381827	0.674238762687	0.761237312711	0.61333977767	0.755920734654
AC8	0.571290478492	0.573707104882	0.911551474142	0.625906234896	0.661188980184	0.509908168197	0.693571773804	0.513291445143	0.484291928468	0.593523441276	0.539874335428	0.623972933784	0.59497341711	0.828902851619	0.631222812953	0.553407443209	0.510874818753	0.511358144031	0.838086031899	0.676655389077	0.353310778154	0.0	0.491541807637	0.489608506525	0.833736104398	0.54857419043	0.420009666506	0.377477042049	0.431609473175	0.48622522958	0.530691155147	0.482358627356	0.484775253746	0.531657805703	0.740937651039	0.67133881102	0.543740937651	0.571290478492	0.534074432093	0.635089415176	0.582890285162	0.678105364911	0.652005799903	0.576607056549	0.572740454326	0.525857902368	0.721121314645	0.655389076849	0.727887868536	0.697921701305	0.673272112131	0.695988400193	0.602706621556	0.590623489609	0.595456742388	0.587240212663	0.583856935718	0.687288545191	0.589173513775	0.683421942968	0.52779120348	0.673272112131
AD7	0.590140164331	0.571290478492	0.959884001933	0.660705654906	0.695988400193	0.505558240696	0.691155147414	0.487675205413	0.469308844853	0.592073465442	0.430159497342	0.647172547124	0.587240212663	0.874335427743	0.619623006283	0.57177380377	0.466892218463	0.480425326245	0.933784436926	0.762203963267	0.561140647656	0.491541807637	0.0	0.289028516191	0.891735137748	0.522474625423	0.420492991783	0.435959400677	0.497825036249	0.556790720155	0.50700821653	0.455775737071	0.477042049299	0.541807636539	0.744804253262	0.669888835186	0.477042049299	0.577573707105	0.526824552924	0.63653939101	0.58337361044	0.721121314645	0.689221846303	0.589656839053	0.570323827936	0.527307878202	0.728371193813	0.656839052682	0.728854519091	0.69453842436	0.676172063799	0.692605123248	0.607539874335	0.594490091832	0.595456742388	0.590623489609	0.586273562107	0.688255195747	0.588690188497	0.682455292412	0.543257612373	0.670372160464
AD8	0.587723537941	0.579023682939	0.955534074432	0.65732237796	0.699855002417	0.503141614306	0.686805219913	0.485741904302	0.47220879652	0.594490091832	0.440309328178	0.649589173514	0.588690188497	0.871918801353	0.621072982117	0.571290478492	0.473658772354	0.481875302078	0.9212179797	0.747220879652	0.564040599323	0.489608506525	0.289028516191	0.0	0.85886901885	0.490575157081	0.412759787337	0.430159497342	0.489608506525	0.546157564041	0.492025132914	0.445625906235	0.484291928468	0.542290961817	0.746737554374	0.666022232963	0.478492025133	0.579023682939	0.53020782987	0.636056065732	0.581923634606	0.721604639923	0.693088448526	0.590140164331	0.568390526825	0.526824552924	0.738037699372	0.664572257129	0.730787820203	0.699371677139	0.676172063799	0.699855002417	0.617206379894	0.599806669889	0.593523441276	0.597390043499	0.591590140164	0.692605123248	0.596906718221	0.683421942968	0.54857419043	0.677138714355
AE7	0.834219429676	0.874818753021	0.850652489125	0.784920251329	0.828419526341	0.887385210246	0.920251329145	0.899951667472	0.89125181247	0.904784920251	0.922667955534	0.855485741904	0.881101981634	0.824552924118	0.898018366361	0.852585790237	0.866118898018	0.867568873852	0.740937651039	0.73368777187	0.823586273562	0.833736104398	0.891735137748	0.85886901885	0.0	0.547607539874	0.869985500242	0.849202513291	0.768003866602	0.756404059932	0.839536007733	0.838086031899	0.90043499275	0.909134847753	0.929917834703	0.926051232479	0.91445142581	0.899951667472	0.918318028033	0.881101981634	0.90961817303	0.875302078299	0.872402126631	0.886418559691	0.938617689705	0.930401159981	0.897535041083	0.898501691638	0.90285161914	0.899951667472	0.907201546641	0.897535041083	0.890768487192	0.894151764137	0.90043499275	0.895601739971	0.898501691638	0.893185113581	0.907684871919	0.902368293862	0.91445142581	0.904784920251
AE8	0.596906718221	0.608023199613	0.908168197197	0.640405993233	0.68293861769	0.585790236829	0.686321894635	0.597390043499	0.601256645723	0.618173030449	0.623972933784	0.648622522958	0.633639439343	0.825519574674	0.667955534074	0.605606573224	0.587240212663	0.584340260996	0.819719671339	0.660705654906	0.576123731271	0.54857419043	0.522474625423	0.490575157081	0.547607539874	0.0	0.570807153214	0.547607539874	0.526341227646	0.513291445143	0.564523924601	0.552440792653	0.60415659739	0.612373127115	0.769453842436	0.70130497825	0.620106331561	0.606089898502	0.620589656839	0.64813919768	0.629289511841	0.694055099082	0.669888835186	0.611889801837	0.641372643789	0.62735621073	0.749154180764	0.684388593523	0.746737554374	0.710971483809	0.695021749638	0.721121314645	0.660705654906	0.631222812953	0.639922667956	0.649589173514	0.652005799903	0.710488158531	0.651522474625	0.696471725471	0.61575640406	0.690188496858
AF7	0.575157080715	0.552440792653	0.942484291928	0.65973900435	0.655872402127	0.487191880135	0.698888351861	0.458192363461	0.432576123731	0.599323344611	0.440309328178	0.605606573224	0.559207346544	0.858385693572	0.627839536008	0.55099081682	0.44224262929	0.450459159014	0.885451909135	0.720637989367	0.544707588207	0.420009666506	0.420492991783	0.412759787337	0.869985500242	0.570807153214	0.0	0.300144997583	0.469308844853	0.535041082649	0.488641855969	0.468825519575	0.435959400677	0.496858385694	0.704204929918	0.62493958434	0.444175930401	0.536007733204	0.503141614306	0.625906234896	0.55099081682	0.70130497825	0.671822136298	0.554857419043	0.536491058482	0.490091831803	0.6805219913	0.620106331561	0.695988400193	0.667472208797	0.635089415176	0.654905751571	0.573707104882	0.559207346544	0.565490575157	0.559690671822	0.564040599323	0.648622522958	0.583856935718	0.64572257129	0.488641855969	0.633156114065
AF8	0.559207346544	0.565973900435	0.925567907202	0.635572740454	0.675688738521	0.50700821653	0.686321894635	0.47220879652	0.461575640406	0.585306911551	0.489608506525	0.62735621073	0.581923634606	0.841952634123	0.628322861286	0.545674238763	0.457709038183	0.467858869019	0.86563557274	0.699855002417	0.507491541808	0.377477042049	0.435959400677	0.430159497342	0.849202513291	0.547607539874	0.300144997583	0.0	0.440309328178	0.503624939584	0.490575157081	0.448042532624	0.457709038183	0.527307878202	0.732721121315	0.654422426293	0.482841952634	0.555824069599	0.520057999033	0.606089898502	0.567423876269	0.68293861769	0.654422426293	0.560657322378	0.563073948768	0.524891251812	0.69212179797	0.638472692122	0.709038182697	0.681971967134	0.659255679072	0.666505558241	0.582890285162	0.568873852102	0.578057032383	0.564523924601	0.564040599323	0.654422426293	0.568873852102	0.662638956017	0.506041565974	0.651522474625
AG7	0.579507008217	0.577573707105	0.849685838569	0.563073948768	0.663605606573	0.519091348478	0.690671822136	0.500724987917	0.489125181247	0.584340260996	0.544224262929	0.632672788787	0.593040115998	0.764620589657	0.635572740454	0.568390526825	0.521507974867	0.515708071532	0.746254229096	0.550507491542	0.479942000967	0.431609473175	0.497825036249	0.489608506525	0.768003866602	0.526341227646	0.469308844853	0.440309328178	0.0	0.312228129531	0.542774287095	0.506041565974	0.50700821653	0.554374093765	0.747220879652	0.664088931851	0.529724504592	0.564523924601	0.543257612373	0.62493958434	0.574190430159	0.670855485742	0.632672788787	0.565007249879	0.58337361044	0.552440792653	0.731754470759	0.65973900435	0.724021266312	0.697921701305	0.672788786854	0.703238279362	0.610923151281	0.59255679072	0.599806669889	0.598356694055	0.611889801837	0.69453842436	0.617689705172	0.676655389077	0.561140647656	0.67133881102
AG8	0.589173513775	0.602706621556	0.832769453842	0.582890285162	0.672788786854	0.561623972934	0.684388593523	0.566457225713	0.55775737071	0.594490091832	0.603189946834	0.639439342678	0.622039632673	0.739004349928	0.655872402127	0.589656839053	0.590140164331	0.584823586274	0.684388593523	0.518124697922	0.499758337361	0.48622522958	0.556790720155	0.546157564041	0.756404059932	0.513291445143	0.535041082649	0.503624939584	0.312228129531	0.0	0.577090381827	0.559690671822	0.574673755437	0.592073465442	0.760270662156	0.678105364911	0.591106814886	0.584823586274	0.591590140164	0.641855969067	0.601256645723	0.668438859352	0.642822619623	0.582406959884	0.613823102948	0.602706621556	0.750120831319	0.672305461576	0.737554374094	0.710971483809	0.692605123248	0.716288061866	0.631222812953	0.617206379894	0.62493958434	0.628322861286	0.634606089899	0.707588206863	0.639439342678	0.690188496858	0.594006766554	0.688255195747
AH7	0.591106814886	0.620589656839	0.950700821653	0.690671822136	0.691638472692	0.566940550991	0.717254712421	0.541324311261	0.529724504592	0.65055582407	0.531174480425	0.660222329628	0.632672788787	0.877718704688	0.68293861769	0.598840019333	0.50459159014	0.480908651522	0.883518608023	0.750604156597	0.573223779604	0.530691155147	0.50700821653	0.492025132914	0.839536007733	0.564523924601	0.488641855969	0.490575157081	0.542774287095	0.577090381827	0.0	0.317544707588	0.556790720155	0.620106331561	0.787820202997	0.719671338811	0.538424359594	0.641855969067	0.601256645723	0.665538907685	0.642339294345	0.763170613823	0.741420976317	0.648622522958	0.635089415176	0.61333977767	0.750604156597	0.707104881585	0.760270662156	0.728371193813	0.711938134364	0.730787820203	0.635572740454	0.632672788787	0.625422909618	0.635089415176	0.623006283229	0.721604639923	0.629772837119	0.710488158531	0.603189946834	0.722087965201
AH8	0.556790720155	0.571290478492	0.952150797487	0.645239246013	0.653939101015	0.508941517641	0.683421942968	0.496375060416	0.480908651522	0.599323344611	0.491058482359	0.614789753504	0.568873852102	0.868535524408	0.632672788787	0.550507491542	0.406959884002	0.37506041566	0.894635089415	0.744320927985	0.552440792653	0.482358627356	0.455775737071	0.445625906235	0.838086031899	0.552440792653	0.468825519575	0.448042532624	0.506041565974	0.559690671822	0.317544707588	0.0	0.492508458192	0.552924117931	0.755437409377	0.680038666022	0.494441759304	0.591590140164	0.53939101015	0.616723054616	0.588690188497	0.723537941034	0.694055099082	0.600289995167	0.585790236829	0.547124214596	0.698405026583	0.647172547124	0.713388110198	0.675205413243	0.663605606573	0.674722087965	0.58095698405	0.579023682939	0.579023682939	0.573707104882	0.568390526825	0.665055582407	0.582890285162	0.664572257129	0.550024166264	0.664572257129
AA5	0.595940067666	0.503141614306	0.959400676655	0.642339294345	0.591106814886	0.445625906235	0.617206379894	0.404543257612	0.398743354277	0.523924601257	0.44224262929	0.549057515708	0.523924601257	0.869985500242	0.525857902368	0.542774287095	0.422909618173	0.431609473175	0.929434509425	0.768970517158	0.554374093765	0.484775253746	0.477042049299	0.484291928468	0.90043499275	0.60415659739	0.435959400677	0.457709038183	0.50700821653	0.574673755437	0.556790720155	0.492508458192	0.0	0.347994200097	0.683905268246	0.582890285162	0.454809086515	0.445625906235	0.46302561624	0.549540840986	0.481875302078	0.623972933784	0.588690188497	0.459642339294	0.534557757371	0.463992266796	0.694055099082	0.62735621073	0.674722087965	0.644755920735	0.65055582407	0.67133881102	0.542774287095	0.553890768487	0.566940550991	0.550024166264	0.522957950701	0.64813919768	0.558240695988	0.62735621073	0.497341710971	0.637506041566
AA6	0.603673272112	0.527307878202	0.964233929435	0.668438859352	0.631706138231	0.479458675689	0.642822619623	0.476075398743	0.47220879652	0.560657322378	0.514258095698	0.590623489609	0.53697438376	0.875785403577	0.572740454326	0.562107298212	0.494925084582	0.500724987917	0.938617689705	0.778153697438	0.599806669889	0.531657805703	0.541807636539	0.542290961817	0.909134847753	0.612373127115	0.496858385694	0.527307878202	0.554374093765	0.592073465442	0.620106331561	0.552924117931	0.347994200097	0.0	0.69212179797	0.585790236829	0.51619139681	0.489608506525	0.489125181247	0.585306911551	0.503141614306	0.662638956017	0.622522957951	0.512808119865	0.477525374577	0.41904301595	0.701788303528	0.632672788787	0.679555340744	0.655872402127	0.653939101015	0.675688738521	0.55775737071	0.565973900435	0.576123731271	0.560657322378	0.53697438376	0.657805703238	0.573707104882	0.642822619623	0.515224746254	0.64572257129
AB5	0.757370710488	0.67133881102	0.977283711938	0.737071048816	0.634122764621	0.657805703238	0.739004349928	0.655872402127	0.685838569357	0.694055099082	0.672788786854	0.60657322378	0.67133881102	0.894635089415	0.716771387144	0.708554857419	0.719671338811	0.721121314645	0.942484291928	0.823102948284	0.813919768004	0.740937651039	0.744804253262	0.746737554374	0.929917834703	0.769453842436	0.704204929918	0.732721121315	0.747220879652	0.760270662156	0.787820202997	0.755437409377	0.683905268246	0.69212179797	0.0	0.334944417593	0.62735621073	0.655389076849	0.619623006283	0.641855969067	0.617689705172	0.740937651039	0.734171097148	0.658772353794	0.635572740454	0.631706138231	0.621072982117	0.619139681005	0.640889318511	0.609473175447	0.637022716288	0.62735621073	0.610923151281	0.608989850169	0.618173030449	0.630739487675	0.677622039633	0.612856452392	0.676172063799	0.614789753504	0.680038666022	0.623489608507
AB6	0.68293861769	0.597873368777	0.965683905268	0.684871918801	0.592073465442	0.567907201547	0.664572257129	0.56259062349	0.597390043499	0.616723054616	0.598840019333	0.525857902368	0.611406476559	0.884001933301	0.643305944901	0.6389560174	0.649105848236	0.652972450459	0.941034316095	0.788786853552	0.730787820203	0.67133881102	0.669888835186	0.666022232963	0.926051232479	0.70130497825	0.62493958434	0.654422426293	0.664088931851	0.678105364911	0.719671338811	0.680038666022	0.582890285162	0.585790236829	0.334944417593	0.0	0.5601739971	0.570807153214	0.549540840986	0.568390526825	0.543257612373	0.679072015466	0.662155630739	0.546157564041	0.543257612373	0.541807636539	0.605606573224	0.542774287095	0.598356694055	0.563557274045	0.56935717738	0.585306911551	0.531657805703	0.541324311261	0.555824069599	0.566940550991	0.596906718221	0.561140647656	0.603189946834	0.557274045433	0.616723054616	0.55099081682
AC5	0.609473175447	0.557274045433	0.976317061382	0.671822136298	0.625906234896	0.456259062349	0.675205413243	0.437892701788	0.435476075399	0.579990333494	0.389560173997	0.562107298212	0.551957467376	0.887385210246	0.626389560174	0.58095698405	0.460125664572	0.471725471242	0.946350894152	0.783470275495	0.615273078782	0.543740937651	0.477042049299	0.478492025133	0.91445142581	0.620106331561	0.444175930401	0.482841952634	0.529724504592	0.591106814886	0.538424359594	0.494441759304	0.454809086515	0.51619139681	0.62735621073	0.5601739971	0.0	0.43064282262	0.433059449009	0.590623489609	0.51619139681	0.715804736588	0.677138714355	0.547607539874	0.478975350411	0.447559207347	0.60415659739	0.53939101015	0.619623006283	0.568390526825	0.564040599323	0.584823586274	0.503141614306	0.483325277912	0.494925084582	0.502658289029	0.568390526825	0.565490575157	0.578057032383	0.556307394877	0.510391493475	0.560657322378
AC6	0.637022716288	0.505074915418	0.9584340261	0.659255679072	0.56935717738	0.497825036249	0.539874335428	0.462542290962	0.509424842919	0.471725471242	0.542774287095	0.545674238763	0.554374093765	0.862252295795	0.533107781537	0.595456742388	0.563557274045	0.568390526825	0.918801353311	0.753987433543	0.63653939101	0.571290478492	0.577573707105	0.579023682939	0.899951667472	0.606089898502	0.536007733204	0.555824069599	0.564523924601	0.584823586274	0.641855969067	0.591590140164	0.445625906235	0.489608506525	0.655389076849	0.570807153214	0.43064282262	0.0	0.499758337361	0.512808119865	0.48622522958	0.494441759304	0.453842435959	0.424842919285	0.558724021266	0.534074432093	0.671822136298	0.614789753504	0.666505558241	0.623489608507	0.637506041566	0.664572257129	0.586756887385	0.570807153214	0.58337361044	0.587240212663	0.573223779604	0.639922667956	0.586756887385	0.620106331561	0.54857419043	0.625906234896
AD6	0.597873368777	0.523441275979	0.977283711938	0.639922667956	0.580473658772	0.414209763171	0.630739487675	0.432576123731	0.446592556791	0.53939101015	0.440792653456	0.509424842919	0.512808119865	0.884968583857	0.581923634606	0.550024166264	0.48380860319	0.480425326245	0.950700821653	0.781536974384	0.605123247946	0.534074432093	0.526824552924	0.53020782987	0.918318028033	0.620589656839	0.503141614306	0.520057999033	0.543257612373	0.591590140164	0.601256645723	0.53939101015	0.46302561624	0.489125181247	0.619623006283	0.549540840986	0.433059449009	0.499758337361	0.0	0.549057515708	0.402126631223	0.697921701305	0.666988883519	0.53020782987	0.467375543741	0.42822619623	0.585306911551	0.517158047366	0.577573707105	0.546157564041	0.554374093765	0.567907201547	0.457225712905	0.449492508458	0.468825519575	0.476075398743	0.53939101015	0.559690671822	0.537941034316	0.548090865152	0.459642339294	0.532141130981
AE5	0.615273078782	0.526824552924	0.975350410826	0.643789270179	0.546640889319	0.551474142098	0.568390526825	0.546640889319	0.609956500725	0.519091348478	0.626872885452	0.522957950701	0.570323827936	0.881101981634	0.543257612373	0.575157080715	0.605123247946	0.607056549058	0.924117931368	0.77090381827	0.713388110198	0.635089415176	0.63653939101	0.636056065732	0.881101981634	0.64813919768	0.625906234896	0.606089898502	0.62493958434	0.641855969067	0.665538907685	0.616723054616	0.549540840986	0.585306911551	0.641855969067	0.568390526825	0.590623489609	0.512808119865	0.549057515708	0.0	0.363943934268	0.604639922668	0.581440309328	0.504108264862	0.626389560174	0.626389560174	0.638472692122	0.587240212663	0.635089415176	0.600773320445	0.619623006283	0.639439342678	0.529241179314	0.558724021266	0.583856935718	0.552440792653	0.541807636539	0.60657322378	0.550024166264	0.594006766554	0.579990333494	0.610923151281
AE6	0.609956500725	0.479458675689	0.974383760271	0.619139681005	0.554374093765	0.46302561624	0.580473658772	0.450942484292	0.510874818753	0.499758337361	0.526341227646	0.518124697922	0.502174963751	0.878685355244	0.540357660706	0.545190913485	0.542290961817	0.540840985984	0.946350894152	0.776220396327	0.661188980184	0.582890285162	0.58337361044	0.581923634606	0.90961817303	0.629289511841	0.55099081682	0.567423876269	0.574190430159	0.601256645723	0.642339294345	0.588690188497	0.481875302078	0.503141614306	0.617689705172	0.543257612373	0.51619139681	0.48622522958	0.402126631223	0.363943934268	0.0	0.644272595457	0.614306428226	0.475108748188	0.53939101015	0.53020782987	0.623489608507	0.55775737071	0.609473175447	0.582890285162	0.595456742388	0.611406476559	0.499275012083	0.497825036249	0.512808119865	0.497825036249	0.519574673755	0.584823586274	0.530691155147	0.578057032383	0.498308361527	0.579507008217
AF5	0.718221362977	0.637022716288	0.938617689705	0.673272112131	0.661672305462	0.683421942968	0.567423876269	0.654422426293	0.695505074915	0.594006766554	0.729821169647	0.640405993233	0.6805219913	0.846785886902	0.596906718221	0.687288545191	0.72692121798	0.734654422426	0.87723537941	0.726437892702	0.708071532141	0.678105364911	0.721121314645	0.721604639923	0.875302078299	0.694055099082	0.70130497825	0.68293861769	0.670855485742	0.668438859352	0.763170613823	0.723537941034	0.623972933784	0.662638956017	0.740937651039	0.679072015466	0.715804736588	0.494441759304	0.697921701305	0.604639922668	0.644272595457	0.0	0.302078298695	0.535041082649	0.735137747704	0.719671338811	0.765587240213	0.716771387144	0.750604156597	0.711454809087	0.739487675205	0.755920734654	0.70130497825	0.723054615756	0.736587723538	0.723054615756	0.6805219913	0.734171097148	0.68293861769	0.71290478492	0.716771387144	0.725471242146
AF6	0.697438376027	0.605123247946	0.936201063316	0.670855485742	0.655389076849	0.652005799903	0.545190913485	0.618173030449	0.658289028516	0.563073948768	0.694055099082	0.631706138231	0.652972450459	0.843885935234	0.570323827936	0.663605606573	0.694055099082	0.698405026583	0.872885451909	0.719671338811	0.689221846303	0.652005799903	0.689221846303	0.693088448526	0.872402126631	0.669888835186	0.671822136298	0.654422426293	0.632672788787	0.642822619623	0.741420976317	0.694055099082	0.588690188497	0.622522957951	0.734171097148	0.662155630739	0.677138714355	0.453842435959	0.666988883519	0.581440309328	0.614306428226	0.302078298695	0.0	0.509424842919	0.699855002417	0.685355244079	0.757854035766	0.704204929918	0.746254229096	0.703238279362	0.714354760754	0.746737554374	0.678588690188	0.690188496858	0.700338327695	0.691155147414	0.649105848236	0.72450459159	0.651522474625	0.705654905752	0.689221846303	0.718704688255
