	AA3	AA4	AB3	AB4	AC3	AC4	AD3	AD4	AE3	AE4	AF3	AF4	AG3	AG4	AH3	AH4	AA7	AA8	AB7	AB8	AC7	AC8	AD7	AD8	AE7	AE8	AF7	AF8	AG7	AG8	AH7	AH8	AA5	AA6	AB5	AB6	AC5	AC6	AD6	AE5	AE6	AF5	AF6	AG5	AH5	AH6	AA1	AA2	AB1	AB2	AC1	AC2	AD1	AD2	AE1	AE2	AF1	AF2	AG1	AG2	AH1	AH2
AA3	0.0	0.498791686805	0.935717738038	0.63653939101	0.654422426293	0.58095698405	0.681005316578	0.594490091832	0.586756887385	0.628806186564	0.628806186564	0.61333977767	0.600773320445	0.851619139681	0.661188980184	0.330594490092	0.587240212663	0.584823586274	0.866118898018	0.684871918801	0.629289511841	0.581923634606	0.614789753504	0.603673272112	0.823586273562	0.598356694055	0.579990333494	0.578057032383	0.59255679072	0.600289995167	0.605606573224	0.582406959884	0.601739971	0.61333977767	0.748187530208	0.681488641856	0.611889801837	0.635089415176	0.606089898502	0.609956500725	0.610923151281	0.713388110198	0.705654905752	0.622522957951	0.63653939101	0.642822619623	0.686805219913	0.651039149348	0.712421459642	0.669888835186	0.649105848236	0.660222329628	0.585306911551	0.576607056549	0.579507008217	0.571290478492	0.573707104882	0.639439342678	0.577573707105	0.6805219913	0.594006766554	0.637506041566
AA4	0.498791686805	0.0	0.950217496375	0.586756887385	0.572257129048	0.494925084582	0.599323344611	0.480908651522	0.503624939584	0.51619139681	0.555824069599	0.510874818753	0.47220879652	0.861285645239	0.385693571774	0.38666022233	0.527307878202	0.530691155147	0.892701788304	0.711938134364	0.646689221846	0.579507008217	0.578057032383	0.568873852102	0.8796520058	0.632189463509	0.53697438376	0.542290961817	0.585790236829	0.621072982117	0.625906234896	0.574673755437	0.490091831803	0.515224746254	0.662155630739	0.585790236829	0.552924117931	0.51619139681	0.513291445143	0.515224746254	0.489125181247	0.638472692122	0.603673272112	0.510874818753	0.568873852102	0.57177380377	0.64572257129	0.568873852102	0.616723054616	0.59255679072	0.585306911551	0.616723054616	0.513291445143	0.512808119865	0.512808119865	0.499758337361	0.498791686805	0.60657322378	0.498791686805	0.598356694055	0.509908168197	0.558240695988
AB3	0.935717738038	0.950217496375	0.0	0.665538907685	0.916868052199	0.95601739971	0.959400676655	0.94683421943	0.93523441276	0.954084098598	0.974867085549	0.939101014983	0.969067182214	0.369743837603	0.966650555824	0.94683421943	0.974383760271	0.974383760271	0.73852102465	0.771387143548	0.890285161914	0.923151280812	0.959884001933	0.955534074432	0.854519091348	0.898018366361	0.94441759304	0.928467858869	0.848719188014	0.838086031899	0.95601739971	0.957467375544	0.962300628323	0.963750604157	0.977283711938	0.971000483325	0.975350410826	0.956984050266	0.975350410826	0.97680038666	0.974867085549	0.936684388594	0.938134364427	0.952634122765	0.977767037216	0.973417109715	0.976317061382	0.973900434993	0.971000483325	0.975833736104	0.973417109715	0.973417109715	0.977767037216	0.975833736104	0.979700338328	0.97680038666	0.975350410826	0.974867085549	0.974383760271	0.977767037216	0.976317061382	0.97680038666
AB4	0.63653939101	0.586756887385	0.665538907685	0.0	0.636056065732	0.619623006283	0.699371677139	0.630739487675	0.628806186564	0.638472692122	0.657805703238	0.614306428226	0.489608506525	0.555340744321	0.619623006283	0.602223296278	0.641372643789	0.641372643789	0.72450459159	0.577090381827	0.659255679072	0.640889318511	0.663122281295	0.656355727405	0.790720154664	0.644755920735	0.653455775737	0.637989366844	0.559690671822	0.590140164331	0.693571773804	0.643305944901	0.646689221846	0.669888835186	0.728371193813	0.688255195747	0.655389076849	0.658289028516	0.642339294345	0.637989366844	0.630739487675	0.674722087965	0.662155630739	0.63653939101	0.69453842436	0.692605123248	0.700338327695	0.659255679072	0.690671822136	0.662638956017	0.667472208797	0.673272112131	0.633639439343	0.65055582407	0.655389076849	0.642822619623	0.646689221846	0.665055582407	0.64572257129	0.667955534074	0.658772353794	0.669405509908
AC3	0.654422426293	0.572257129048	0.916868052199	0.636056065732	0.0	0.508941517641	0.654422426293	0.555340744321	0.578057032383	0.587723537941	0.616723054616	0.326244562591	0.614306428226	0.830836152731	0.596423392943	0.616723054616	0.612373127115	0.611406476559	0.871918801353	0.743354277429	0.727887868536	0.692605123248	0.726437892702	0.716288061866	0.827936201063	0.710488158531	0.656355727405	0.677622039633	0.673272112131	0.714354760754	0.711938134364	0.664572257129	0.60657322378	0.635572740454	0.628322861286	0.588690188497	0.630739487675	0.593040115998	0.595940067666	0.563557274045	0.55775737071	0.676172063799	0.654422426293	0.573707104882	0.644272595457	0.652005799903	0.59497341711	0.595940067666	0.590623489609	0.582890285162	0.60657322378	0.596906718221	0.542774287095	0.576123731271	0.583856935718	0.581923634606	0.629772837119	0.578057032383	0.616239729338	0.607056549058	0.607539874335	0.587240212663
AC4	0.58095698405	0.494925084582	0.95601739971	0.619623006283	0.508941517641	0.0	0.620106331561	0.417593040116	0.417593040116	0.508941517641	0.352344127598	0.419526341228	0.5186080232	0.86805219913	0.584340260996	0.52537457709	0.475108748188	0.462542290962	0.920251329145	0.739487675205	0.587240212663	0.53020782987	0.520541324311	0.521991300145	0.890768487192	0.59255679072	0.475592073465	0.511358144031	0.529241179314	0.577090381827	0.585306911551	0.526341227646	0.444659255679	0.471242145964	0.650072498792	0.56259062349	0.477525374577	0.502174963751	0.443209279845	0.532141130981	0.472692121798	0.676172063799	0.641855969067	0.496858385694	0.509424842919	0.497341710971	0.662638956017	0.588690188497	0.614789753504	0.596906718221	0.601739971	0.625906234896	0.517158047366	0.517158047366	0.527307878202	0.515708071532	0.53939101015	0.605123247946	0.537941034316	0.597873368777	0.484291928468	0.578540357661
AD3	0.681005316578	0.599323344611	0.959400676655	0.699371677139	0.654422426293	0.620106331561	0.0	0.535524407927	0.642339294345	0.368293861769	0.680038666022	0.610439826003	0.646689221846	0.872885451909	0.570807153214	0.649105848236	0.693571773804	0.69212179797	0.937167713871	0.7593040116	0.712421459642	0.700338327695	0.706621556307	0.705654905752	0.913484775254	0.696471725471	0.706621556307	0.703238279362	0.697438376027	0.694055099082	0.724021266312	0.699371677139	0.637989366844	0.661188980184	0.742870952151	0.664088931851	0.687288545191	0.551957467376	0.643789270179	0.570807153214	0.587240212663	0.568873852102	0.55099081682	0.564523924601	0.703238279362	0.702754954084	0.778637022716	0.714354760754	0.741904301595	0.720154664089	0.722087965201	0.746737554374	0.665055582407	0.675205413243	0.681971967134	0.669888835186	0.641372643789	0.722571290478	0.643305944901	0.723537941034	0.691638472692	0.709038182697
AD4	0.594490091832	0.480908651522	0.94683421943	0.630739487675	0.555340744321	0.417593040116	0.535524407927	0.0	0.306911551474	0.415176413726	0.43064282262	0.487191880135	0.509908168197	0.858385693572	0.546157564041	0.521507974867	0.459642339294	0.442725954567	0.934751087482	0.748670855486	0.569840502658	0.498308361527	0.501208313195	0.490091831803	0.898985016916	0.597390043499	0.442725954567	0.468342194297	0.510874818753	0.570807153214	0.551957467376	0.492025132914	0.389560173997	0.443209279845	0.654422426293	0.56935717738	0.441759304012	0.477525374577	0.431609473175	0.530691155147	0.4813919768	0.658289028516	0.618656355727	0.476558724021	0.503624939584	0.471725471242	0.66892218463	0.597390043499	0.626872885452	0.618656355727	0.612856452392	0.637989366844	0.526341227646	0.521991300145	0.524891251812	0.509424842919	0.527307878202	0.620589656839	0.530691155147	0.623972933784	0.494925084582	0.594006766554
AE3	0.586756887385	0.503624939584	0.93523441276	0.628806186564	0.578057032383	0.417593040116	0.642339294345	0.306911551474	0.0	0.517641372644	0.412276462059	0.506524891252	0.521507974867	0.853552440793	0.568873852102	0.532624456259	0.459159014016	0.443692605123	0.920251329145	0.739971000483	0.547124214596	0.486708554857	0.492508458192	0.49299178347	0.891735137748	0.596423392943	0.429192846786	0.468342194297	0.501208313195	0.558724021266	0.552440792653	0.498308361527	0.402126631223	0.455775737071	0.661672305462	0.578540357661	0.439342677622	0.50459159014	0.435476075399	0.573223779604	0.526824552924	0.68293861769	0.64572257129	0.507974867086	0.496858385694	0.463992266796	0.668438859352	0.596906718221	0.623489608507	0.621072982117	0.608023199613	0.639439342678	0.525857902368	0.532624456259	0.533107781537	0.518124697922	0.541324311261	0.623006283229	0.545190913485	0.619139681005	0.485258579024	0.593523441276
AE4	0.628806186564	0.51619139681	0.954084098598	0.638472692122	0.587723537941	0.508941517641	0.368293861769	0.415176413726	0.517641372644	0.0	0.57177380377	0.527307878202	0.56259062349	0.863702271629	0.530691155147	0.556790720155	0.585306911551	0.583856935718	0.937167713871	0.750604156597	0.665055582407	0.614306428226	0.611406476559	0.602223296278	0.908651522475	0.642339294345	0.602223296278	0.594006766554	0.587723537941	0.627839536008	0.656839052682	0.603673272112	0.526341227646	0.55099081682	0.696471725471	0.611889801837	0.584823586274	0.481875302078	0.537457709038	0.517641372644	0.50700821653	0.594490091832	0.566940550991	0.499758337361	0.605123247946	0.60657322378	0.716771387144	0.649589173514	0.682455292412	0.667955534074	0.65732237796	0.684388593523	0.592073465442	0.58337361044	0.589173513775	0.582406959884	0.556307394877	0.665538907685	0.566940550991	0.669405509908	0.587240212663	0.646689221846
AF3	0.628806186564	0.555824069599	0.974867085549	0.657805703238	0.616723054616	0.352344127598	0.680038666022	0.43064282262	0.412276462059	0.57177380377	0.0	0.526341227646	0.541324311261	0.888351860802	0.611889801837	0.573707104882	0.435476075399	0.417593040116	0.956500724988	0.777187046883	0.586756887385	0.529724504592	0.436442725955	0.448525857902	0.919768003867	0.623489608507	0.426776220396	0.500724987917	0.537941034316	0.608989850169	0.533107781537	0.496375060416	0.433542774287	0.502174963751	0.668438859352	0.601256645723	0.41904301595	0.538907684872	0.445625906235	0.594006766554	0.541324311261	0.721604639923	0.681488641856	0.541807636539	0.512324794587	0.48622522958	0.674722087965	0.602223296278	0.650072498792	0.616239729338	0.612856452392	0.639922667956	0.550024166264	0.524891251812	0.53697438376	0.531657805703	0.577090381827	0.62493958434	0.578057032383	0.610923151281	0.501208313195	0.587723537941
AF4	0.61333977767	0.510874818753	0.939101014983	0.614306428226	0.326244562591	0.419526341228	0.610439826003	0.487191880135	0.506524891252	0.527307878202	0.526341227646	0.0	0.551474142098	0.853069115515	0.554374093765	0.565007249879	0.55775737071	0.551957467376	0.889318511358	0.707588206863	0.688255195747	0.631222812953	0.658289028516	0.64813919768	0.854035766071	0.647172547124	0.588206863219	0.608989850169	0.620589656839	0.666505558241	0.658772353794	0.612856452392	0.542774287095	0.571290478492	0.611406476559	0.532624456259	0.554857419043	0.546640889319	0.524891251812	0.524407926535	0.509908168197	0.642822619623	0.617206379894	0.528274528758	0.564040599323	0.570807153214	0.603189946834	0.53697438376	0.569840502658	0.536491058482	0.546640889319	0.56935717738	0.491058482359	0.510391493475	0.521024649589	0.528757854036	0.570807153214	0.554374093765	0.563073948768	0.547607539874	0.536491058482	0.529241179314
AG3	0.600773320445	0.47220879652	0.969067182214	0.489608506525	0.614306428226	0.5186080232	0.646689221846	0.509908168197	0.521507974867	0.56259062349	0.541324311261	0.551474142098	0.0	0.848719188014	0.519574673755	0.524407926535	0.498308361527	0.492025132914	0.931367810536	0.751087481875	0.665055582407	0.59255679072	0.590140164331	0.581923634606	0.892218463026	0.647655872402	0.540840985984	0.566457225713	0.604639922668	0.643305944901	0.637989366844	0.566940550991	0.516674722088	0.524891251812	0.671822136298	0.604639922668	0.53697438376	0.555340744321	0.506041565974	0.555824069599	0.517158047366	0.675688738521	0.639439342678	0.536491058482	0.566940550991	0.571290478492	0.626389560174	0.569840502658	0.622039632673	0.593040115998	0.589656839053	0.605123247946	0.524407926535	0.533107781537	0.532141130981	0.517641372644	0.536491058482	0.609956500725	0.548090865152	0.608506524891	0.508458192363	0.582890285162
AG4	0.851619139681	0.861285645239	0.369743837603	0.555340744321	0.830836152731	0.86805219913	0.872885451909	0.858385693572	0.853552440793	0.863702271629	0.888351860802	0.853069115515	0.848719188014	0.0	0.876268728855	0.857419043016	0.890285161914	0.890285161914	0.704688255196	0.683421942968	0.812953117448	0.843402609957	0.882068632189	0.878202029966	0.823586273562	0.818269695505	0.864185596907	0.84726921218	0.764620589657	0.744804253262	0.880135331078	0.875785403577	0.881101981634	0.880618656356	0.897535041083	0.887385210246	0.889801836636	0.86805219913	0.88883518608	0.889801836636	0.885451909135	0.84726921218	0.848235862736	0.870952150797	0.897535041083	0.893185113581	0.890285161914	0.887385210246	0.886901884969	0.883035282745	0.890768487192	0.885935234413	0.891735137748	0.889318511358	0.897535041083	0.891735137748	0.889801836636	0.889318511358	0.887385210246	0.887868535524	0.892218463026	0.891735137748
AH3	0.661188980184	0.385693571774	0.966650555824	0.619623006283	0.596423392943	0.584340260996	0.570807153214	0.546157564041	0.568873852102	0.530691155147	0.611889801837	0.554374093765	0.519574673755	0.876268728855	0.0	0.547607539874	0.597873368777	0.598356694055	0.928467858869	0.755920734654	0.702271628806	0.644272595457	0.636056065732	0.628322861286	0.90285161914	0.695021749638	0.63653939101	0.629289511841	0.654905751571	0.68970517158	0.693088448526	0.637022716288	0.539874335428	0.578057032383	0.706138231029	0.631222812953	0.626389560174	0.535524407927	0.585306911551	0.534074432093	0.558724021266	0.594490091832	0.55775737071	0.540357660706	0.637989366844	0.635089415176	0.702271628806	0.618173030449	0.658289028516	0.640889318511	0.641372643789	0.672788786854	0.590140164331	0.604639922668	0.601256645723	0.588206863219	0.578057032383	0.666988883519	0.56259062349	0.641855969067	0.596906718221	0.61575640406
AH4	0.330594490092	0.38666022233	0.94683421943	0.602223296278	0.616723054616	0.52537457709	0.649105848236	0.521507974867	0.532624456259	0.556790720155	0.573707104882	0.565007249879	0.524407926535	0.857419043016	0.547607539874	0.0	0.534074432093	0.532141130981	0.883035282745	0.699371677139	0.622039632673	0.558724021266	0.570807153214	0.56259062349	0.850169163847	0.605123247946	0.545674238763	0.540840985984	0.573223779604	0.602706621556	0.583856935718	0.536007733204	0.544707588207	0.553890768487	0.704204929918	0.632672788787	0.566940550991	0.574190430159	0.540357660706	0.563557274045	0.540357660706	0.674722087965	0.659255679072	0.554374093765	0.581923634606	0.586273562107	0.670855485742	0.610923151281	0.670855485742	0.632189463509	0.61575640406	0.639922667956	0.548090865152	0.526341227646	0.536007733204	0.522957950701	0.506524891252	0.621072982117	0.526341227646	0.642822619623	0.534074432093	0.600289995167
AA7	0.587240212663	0.527307878202	0.974383760271	0.641372643789	0.612373127115	0.475108748188	0.693571773804	0.459642339294	0.459159014016	0.585306911551	0.435476075399	0.55775737071	0.498308361527	0.890285161914	0.597873368777	0.534074432093	0.0	0.274045432576	0.919284678589	0.739004349928	0.579507008217	0.496375060416	0.475108748188	0.470758820686	0.874818753021	0.608506524891	0.432092798453	0.462058965684	0.531657805703	0.589656839053	0.509908168197	0.408893185114	0.430159497342	0.483325277912	0.704688255196	0.638472692122	0.452875785404	0.55099081682	0.481875302078	0.590140164331	0.546640889319	0.720154664089	0.68970517158	0.557274045433	0.536491058482	0.511358144031	0.665055582407	0.604639922668	0.660222329628	0.631222812953	0.59255679072	0.62493958434	0.519574673755	0.5186080232	0.531174480425	0.510874818753	0.529241179314	0.608023199613	0.534074432093	0.640405993233	0.50459159014	0.589173513775
AA8	0.584823586274	0.530691155147	0.974383760271	0.641372643789	0.611406476559	0.462542290962	0.69212179797	0.442725954567	0.443692605123	0.583856935718	0.417593040116	0.551957467376	0.492025132914	0.890285161914	0.598356694055	0.532141130981	0.274045432576	0.0	0.926051232479	0.741420976317	0.572257129048	0.483325277912	0.455292411793	0.44900918318	0.870952150797	0.602223296278	0.409376510391	0.45142580957	0.524891251812	0.585790236829	0.459642339294	0.369260512325	0.418559690672	0.477042049299	0.699855002417	0.637022716288	0.4398260029	0.551957467376	0.470758820686	0.589656839053	0.545190913485	0.719671338811	0.694055099082	0.548090865152	0.526341227646	0.501208313195	0.656355727405	0.588690188497	0.650072498792	0.619623006283	0.589656839053	0.618173030449	0.517158047366	0.508941517641	0.523441275979	0.502658289029	0.522957950701	0.603673272112	0.523924601257	0.626872885452	0.489608506525	0.577573707105
AB7	0.866118898018	0.892701788304	0.73852102465	0.72450459159	0.871918801353	0.920251329145	0.937167713871	0.934751087482	0.920251329145	0.937167713871	0.956500724988	0.889318511358	0.931367810536	0.704688255196	0.928467858869	0.883035282745	0.919284678589	0.926051232479	0.0	0.413243112615	0.811986466892	0.850169163847	0.933301111648	0.919284678589	0.748187530208	0.821169647173	0.89125181247	0.86805219913	0.734171097148	0.694055099082	0.889318511358	0.90285161914	0.925084581924	0.941034316095	0.942484291928	0.938134364427	0.945867568874	0.918318028033	0.952150797487	0.932334461092	0.931367810536	0.871918801353	0.876268728855	0.910584823586	0.956500724988	0.961333977767	0.928467858869	0.926051232479	0.928467858869	0.93281778637	0.93281778637	0.927501208313	0.918318028033	0.915901401643	0.924601256646	0.918801353311	0.9212179797	0.917351377477	0.92363460609	0.93523441276	0.943450942484	0.924601256646
AB8	0.684871918801	0.711938134364	0.771387143548	0.577090381827	0.743354277429	0.739487675205	0.7593040116	0.748670855486	0.739971000483	0.750604156597	0.777187046883	0.707588206863	0.751087481875	0.683421942968	0.755920734654	0.699371677139	0.739004349928	0.741420976317	0.413243112615	0.0	0.6389560174	0.664572257129	0.747220879652	0.731754470759	0.721121314645	0.640889318511	0.699371677139	0.672788786854	0.52537457709	0.505074915418	0.719671338811	0.718704688255	0.742387626873	0.760753987434	0.805703238279	0.764137264379	0.758337361044	0.734654422426	0.761720637989	0.745770903818	0.739971000483	0.713388110198	0.709521507975	0.72450459159	0.776703721605	0.782986950217	0.801353310778	0.743837602707	0.783953600773	0.761237312711	0.751570807153	0.766553890768	0.739971000483	0.737554374094	0.742870952151	0.737071048816	0.732721121315	0.753504108265	0.735621072982	0.765103914935	0.755920734654	0.739004349928
AC7	0.629289511841	0.646689221846	0.890285161914	0.659255679072	0.727887868536	0.587240212663	0.712421459642	0.569840502658	0.547124214596	0.665055582407	0.586756887385	0.688255195747	0.665055582407	0.812953117448	0.702271628806	0.622039632673	0.579507008217	0.572257129048	0.811986466892	0.6389560174	0.0	0.356694055099	0.559207346544	0.555824069599	0.81488641856	0.576123731271	0.529724504592	0.499758337361	0.466408893185	0.486708554857	0.565007249879	0.542774287095	0.550024166264	0.600289995167	0.807153214113	0.73610439826	0.614306428226	0.632189463509	0.597873368777	0.70372160464	0.673755437409	0.717254712421	0.695021749638	0.626872885452	0.633156114065	0.604639922668	0.819236346061	0.755437409377	0.793620106332	0.783470275495	0.746254229096	0.78008699855	0.688738521025	0.673272112131	0.681488641856	0.663122281295	0.652489125181	0.772353794103	0.660705654906	0.768970517158	0.632672788787	0.739971000483
AC8	0.581923634606	0.579507008217	0.923151280812	0.640889318511	0.692605123248	0.53020782987	0.700338327695	0.498308361527	0.486708554857	0.614306428226	0.529724504592	0.631222812953	0.59255679072	0.843402609957	0.644272595457	0.558724021266	0.496375060416	0.483325277912	0.850169163847	0.664572257129	0.356694055099	0.0	0.477042049299	0.475592073465	0.842435959401	0.564523924601	0.390526824553	0.365393910101	0.454809086515	0.497825036249	0.507974867086	0.463508941518	0.468342194297	0.533107781537	0.753504108265	0.6805219913	0.540357660706	0.58095698405	0.542774287095	0.638472692122	0.600773320445	0.686321894635	0.663605606573	0.575157080715	0.58095698405	0.556307394877	0.751087481875	0.678588690188	0.730787820203	0.719671338811	0.678105364911	0.705171580474	0.616239729338	0.603673272112	0.611406476559	0.595940067666	0.58095698405	0.70130497825	0.591590140164	0.708554857419	0.567423876269	0.668438859352
AD7	0.614789753504	0.578057032383	0.959884001933	0.663122281295	0.726437892702	0.520541324311	0.706621556307	0.501208313195	0.492508458192	0.611406476559	0.436442725955	0.658289028516	0.590140164331	0.882068632189	0.636056065732	0.570807153214	0.475108748188	0.455292411793	0.933301111648	0.747220879652	0.559207346544	0.477042049299	0.0	0.279362010633	0.895118414693	0.533107781537	0.41904301595	0.455775737071	0.512808119865	0.571290478492	0.503624939584	0.457225712905	0.478975350411	0.534074432093	0.744804253262	0.675688738521	0.495891735138	0.586756887385	0.53939101015	0.634606089899	0.609473175447	0.722087965201	0.693088448526	0.595940067666	0.563557274045	0.545190913485	0.752537457709	0.679555340744	0.733204446593	0.722087965201	0.676655389077	0.707104881585	0.626872885452	0.608506524891	0.610923151281	0.597390043499	0.579990333494	0.693088448526	0.591106814886	0.710488158531	0.579507008217	0.666988883519
AD8	0.603673272112	0.568873852102	0.955534074432	0.656355727405	0.716288061866	0.521991300145	0.705654905752	0.490091831803	0.49299178347	0.602223296278	0.448525857902	0.64813919768	0.581923634606	0.878202029966	0.628322861286	0.56259062349	0.470758820686	0.44900918318	0.919284678589	0.731754470759	0.555824069599	0.475592073465	0.279362010633	0.0	0.855969067182	0.503141614306	0.405509908168	0.437892701788	0.484291928468	0.550507491542	0.499758337361	0.449975833736	0.478975350411	0.523924601257	0.739004349928	0.668438859352	0.486708554857	0.574190430159	0.522957950701	0.617689705172	0.594490091832	0.720154664089	0.685838569357	0.576607056549	0.558724021266	0.538907684872	0.74770420493	0.67133881102	0.72450459159	0.713871435476	0.666505558241	0.697921701305	0.616723054616	0.600773320445	0.598840019333	0.584340260996	0.570323827936	0.683421942968	0.581440309328	0.700821652972	0.565007249879	0.658289028516
AE7	0.823586273562	0.8796520058	0.854519091348	0.790720154664	0.827936201063	0.890768487192	0.913484775254	0.898985016916	0.891735137748	0.908651522475	0.919768003867	0.854035766071	0.892218463026	0.823586273562	0.90285161914	0.850169163847	0.874818753021	0.870952150797	0.748187530208	0.721121314645	0.81488641856	0.842435959401	0.895118414693	0.855969067182	0.0	0.531174480425	0.872885451909	0.84485258579	0.762203963267	0.762687288545	0.837602706622	0.839536007733	0.897051715805	0.912518124698	0.926534557757	0.919284678589	0.917351377477	0.90043499275	0.919284678589	0.882551957467	0.894635089415	0.869985500242	0.873852102465	0.871435476075	0.931851135814	0.932334461092	0.893185113581	0.901884968584	0.910584823586	0.898018366361	0.900918318028	0.898501691638	0.895118414693	0.895118414693	0.903334944418	0.884968583857	0.898985016916	0.885451909135	0.898501691638	0.908168197197	0.911068148864	0.900918318028
AE8	0.598356694055	0.632189463509	0.898018366361	0.644755920735	0.710488158531	0.59255679072	0.696471725471	0.597390043499	0.596423392943	0.642339294345	0.623489608507	0.647172547124	0.647655872402	0.818269695505	0.695021749638	0.605123247946	0.608506524891	0.602223296278	0.821169647173	0.640889318511	0.576123731271	0.564523924601	0.533107781537	0.503141614306	0.531174480425	0.0	0.578057032383	0.561623972934	0.524407926535	0.526824552924	0.577573707105	0.564523924601	0.60657322378	0.623006283229	0.770420492992	0.701788303528	0.62735621073	0.611406476559	0.626389560174	0.64813919768	0.641855969067	0.698888351861	0.689221846303	0.609956500725	0.646689221846	0.6389560174	0.771387143548	0.712421459642	0.757370710488	0.725471242146	0.710004833253	0.745770903818	0.672788786854	0.64813919768	0.65973900435	0.635089415176	0.649105848236	0.721604639923	0.663605606573	0.72450459159	0.630739487675	0.700338327695
AF7	0.579990333494	0.53697438376	0.94441759304	0.653455775737	0.656355727405	0.475592073465	0.706621556307	0.442725954567	0.429192846786	0.602223296278	0.426776220396	0.588206863219	0.540840985984	0.864185596907	0.63653939101	0.545674238763	0.432092798453	0.409376510391	0.89125181247	0.699371677139	0.529724504592	0.390526824553	0.41904301595	0.405509908168	0.872885451909	0.578057032383	0.0	0.323827936201	0.476558724021	0.531174480425	0.480425326245	0.461092315128	0.428709521508	0.482358627356	0.687288545191	0.612856452392	0.432576123731	0.525857902368	0.481875302078	0.599323344611	0.544224262929	0.707104881585	0.672305461576	0.535041082649	0.520541324311	0.500724987917	0.675688738521	0.603673272112	0.668438859352	0.656355727405	0.608023199613	0.631222812953	0.549057515708	0.529724504592	0.540357660706	0.52779120348	0.55775737071	0.625422909618	0.555824069599	0.643789270179	0.495891735138	0.597873368777
AF8	0.578057032383	0.542290961817	0.928467858869	0.637989366844	0.677622039633	0.511358144031	0.703238279362	0.468342194297	0.468342194297	0.594006766554	0.500724987917	0.608989850169	0.566457225713	0.84726921218	0.629289511841	0.540840985984	0.462058965684	0.45142580957	0.86805219913	0.672788786854	0.499758337361	0.365393910101	0.455775737071	0.437892701788	0.84485258579	0.561623972934	0.323827936201	0.0	0.451909134848	0.505074915418	0.500241662639	0.45142580957	0.450942484292	0.505074915418	0.721121314645	0.652005799903	0.485741904302	0.543740937651	0.515708071532	0.594006766554	0.568390526825	0.681971967134	0.641855969067	0.543257612373	0.549540840986	0.528757854036	0.707588206863	0.636056065732	0.700338327695	0.685355244079	0.644755920735	0.665055582407	0.58095698405	0.563557274045	0.575157080715	0.557274045433	0.552924117931	0.65732237796	0.556307394877	0.679555340744	0.51619139681	0.628322861286
AG7	0.59255679072	0.585790236829	0.848719188014	0.559690671822	0.673272112131	0.529241179314	0.697438376027	0.510874818753	0.501208313195	0.587723537941	0.537941034316	0.620589656839	0.604639922668	0.764620589657	0.654905751571	0.573223779604	0.531657805703	0.524891251812	0.734171097148	0.52537457709	0.466408893185	0.454809086515	0.512808119865	0.484291928468	0.762203963267	0.524407926535	0.476558724021	0.451909134848	0.0	0.304011599807	0.545190913485	0.507974867086	0.512324794587	0.558240695988	0.743837602707	0.677138714355	0.540357660706	0.562107298212	0.547607539874	0.617206379894	0.596423392943	0.679072015466	0.638472692122	0.55775737071	0.592073465442	0.570807153214	0.746254229096	0.667955534074	0.716288061866	0.704688255196	0.666505558241	0.704204929918	0.62735621073	0.603189946834	0.612373127115	0.601256645723	0.607539874335	0.68970517158	0.619623006283	0.695988400193	0.578057032383	0.658772353794
AG8	0.600289995167	0.621072982117	0.838086031899	0.590140164331	0.714354760754	0.577090381827	0.694055099082	0.570807153214	0.558724021266	0.627839536008	0.608989850169	0.666505558241	0.643305944901	0.744804253262	0.68970517158	0.602706621556	0.589656839053	0.585790236829	0.694055099082	0.505074915418	0.486708554857	0.497825036249	0.571290478492	0.550507491542	0.762687288545	0.526824552924	0.531174480425	0.505074915418	0.304011599807	0.0	0.577090381827	0.559690671822	0.576123731271	0.600773320445	0.771387143548	0.707104881585	0.590140164331	0.591590140164	0.59255679072	0.65055582407	0.626872885452	0.684388593523	0.66892218463	0.600773320445	0.634606089899	0.611406476559	0.776703721605	0.701788303528	0.752537457709	0.739004349928	0.70372160464	0.735137747704	0.65973900435	0.643305944901	0.646205896568	0.637989366844	0.643305944901	0.719671338811	0.660705654906	0.728371193813	0.626872885452	0.691638472692
AH7	0.605606573224	0.625906234896	0.95601739971	0.693571773804	0.711938134364	0.585306911551	0.724021266312	0.551957467376	0.552440792653	0.656839052682	0.533107781537	0.658772353794	0.637989366844	0.880135331078	0.693088448526	0.583856935718	0.509908168197	0.459642339294	0.889318511358	0.719671338811	0.565007249879	0.507974867086	0.503624939584	0.499758337361	0.837602706622	0.577573707105	0.480425326245	0.500241662639	0.545190913485	0.577090381827	0.0	0.315128081199	0.565973900435	0.611406476559	0.782020299662	0.718221362977	0.54857419043	0.641855969067	0.600289995167	0.653455775737	0.650072498792	0.758337361044	0.750120831319	0.642339294345	0.642822619623	0.616239729338	0.768003866602	0.716288061866	0.755920734654	0.735621072982	0.710004833253	0.733204446593	0.638472692122	0.628806186564	0.630739487675	0.623006283229	0.610923151281	0.724987916868	0.624456259062	0.73852102465	0.618656355727	0.695021749638
AH8	0.582406959884	0.574673755437	0.957467375544	0.643305944901	0.664572257129	0.526341227646	0.699371677139	0.492025132914	0.498308361527	0.603673272112	0.496375060416	0.612856452392	0.566940550991	0.875785403577	0.637022716288	0.536007733204	0.408893185114	0.369260512325	0.90285161914	0.718704688255	0.542774287095	0.463508941518	0.457225712905	0.449975833736	0.839536007733	0.564523924601	0.461092315128	0.45142580957	0.507974867086	0.559690671822	0.315128081199	0.0	0.492508458192	0.545674238763	0.751087481875	0.685355244079	0.50700821653	0.589173513775	0.535041082649	0.601739971	0.591106814886	0.719188013533	0.706621556307	0.584823586274	0.576607056549	0.555824069599	0.713871435476	0.651522474625	0.710004833253	0.681005316578	0.651039149348	0.675205413243	0.580473658772	0.57177380377	0.582890285162	0.561140647656	0.548090865152	0.660222329628	0.563073948768	0.681971967134	0.556790720155	0.638472692122
AA5	0.601739971	0.490091831803	0.962300628323	0.646689221846	0.60657322378	0.444659255679	0.637989366844	0.389560173997	0.402126631223	0.526341227646	0.433542774287	0.542774287095	0.516674722088	0.881101981634	0.539874335428	0.544707588207	0.430159497342	0.418559690672	0.925084581924	0.742387626873	0.550024166264	0.468342194297	0.478975350411	0.478975350411	0.897051715805	0.60657322378	0.428709521508	0.450942484292	0.512324794587	0.576123731271	0.565973900435	0.492508458192	0.0	0.345094248429	0.675205413243	0.585790236829	0.464958917351	0.447559207347	0.453359110681	0.534557757371	0.483325277912	0.632672788787	0.59255679072	0.462058965684	0.522474625423	0.466408893185	0.697921701305	0.626389560174	0.658289028516	0.646689221846	0.637022716288	0.672305461576	0.53697438376	0.554857419043	0.566457225713	0.543257612373	0.535041082649	0.649589173514	0.542774287095	0.643305944901	0.511358144031	0.621072982117
AA6	0.61333977767	0.515224746254	0.963750604157	0.669888835186	0.635572740454	0.471242145964	0.661188980184	0.443209279845	0.455775737071	0.55099081682	0.502174963751	0.571290478492	0.524891251812	0.880618656356	0.578057032383	0.553890768487	0.483325277912	0.477042049299	0.941034316095	0.760753987434	0.600289995167	0.533107781537	0.534074432093	0.523924601257	0.912518124698	0.623006283229	0.482358627356	0.505074915418	0.558240695988	0.600773320445	0.611406476559	0.545674238763	0.345094248429	0.0	0.675688738521	0.582406959884	0.506524891252	0.4813919768	0.479458675689	0.565007249879	0.504108264862	0.664572257129	0.626872885452	0.501691638473	0.458192363461	0.420009666506	0.710488158531	0.640405993233	0.672788786854	0.660705654906	0.641372643789	0.673755437409	0.555824069599	0.56259062349	0.571290478492	0.550024166264	0.550507491542	0.660222329628	0.557274045433	0.653939101015	0.515708071532	0.631706138231
AB5	0.748187530208	0.662155630739	0.977283711938	0.728371193813	0.628322861286	0.650072498792	0.742870952151	0.654422426293	0.661672305462	0.696471725471	0.668438859352	0.611406476559	0.671822136298	0.897535041083	0.706138231029	0.704204929918	0.704688255196	0.699855002417	0.942484291928	0.805703238279	0.807153214113	0.753504108265	0.744804253262	0.739004349928	0.926534557757	0.770420492992	0.687288545191	0.721121314645	0.743837602707	0.771387143548	0.782020299662	0.751087481875	0.675205413243	0.675688738521	0.0	0.335911068149	0.623972933784	0.667472208797	0.622039632673	0.626872885452	0.611406476559	0.740937651039	0.721604639923	0.645239246013	0.637022716288	0.631706138231	0.634122764621	0.625422909618	0.631706138231	0.608989850169	0.625906234896	0.625422909618	0.605123247946	0.601256645723	0.607539874335	0.634606089899	0.673755437409	0.60657322378	0.67133881102	0.623006283229	0.654905751571	0.622522957951
AB6	0.681488641856	0.585790236829	0.971000483325	0.688255195747	0.588690188497	0.56259062349	0.664088931851	0.56935717738	0.578540357661	0.611889801837	0.601256645723	0.532624456259	0.604639922668	0.887385210246	0.631222812953	0.632672788787	0.638472692122	0.637022716288	0.938134364427	0.764137264379	0.73610439826	0.6805219913	0.675688738521	0.668438859352	0.919284678589	0.701788303528	0.612856452392	0.652005799903	0.677138714355	0.707104881585	0.718221362977	0.685355244079	0.585790236829	0.582406959884	0.335911068149	0.0	0.565490575157	0.57177380377	0.558724021266	0.554857419043	0.541807636539	0.661188980184	0.632189463509	0.536491058482	0.549540840986	0.55775737071	0.607539874335	0.552440792653	0.579507008217	0.557274045433	0.54857419043	0.579507008217	0.534074432093	0.542774287095	0.559207346544	0.579507008217	0.600289995167	0.562107298212	0.594490091832	0.559690671822	0.591106814886	0.542290961817
AC5	0.611889801837	0.552924117931	0.975350410826	0.655389076849	0.630739487675	0.477525374577	0.687288545191	0.441759304012	0.439342677622	0.584823586274	0.41904301595	0.554857419043	0.53697438376	0.889801836636	0.626389560174	0.566940550991	0.452875785404	0.4398260029	0.945867568874	0.758337361044	0.614306428226	0.540357660706	0.495891735138	0.486708554857	0.917351377477	0.62735621073	0.432576123731	0.485741904302	0.540357660706	0.590140164331	0.54857419043	0.50700821653	0.464958917351	0.506524891252	0.623972933784	0.565490575157	0.0	0.442725954567	0.44224262929	0.570807153214	0.524407926535	0.71532141131	0.673755437409	0.529241179314	0.487191880135	0.462058965684	0.616239729338	0.557274045433	0.622522957951	0.581923634606	0.565490575157	0.588690188497	0.508941517641	0.489125181247	0.495891735138	0.493958434026	0.562107298212	0.580473658772	0.568390526825	0.574190430159	0.500724987917	0.556307394877
AC6	0.635089415176	0.51619139681	0.956984050266	0.658289028516	0.593040115998	0.502174963751	0.551957467376	0.477525374577	0.50459159014	0.481875302078	0.538907684872	0.546640889319	0.555340744321	0.86805219913	0.535524407927	0.574190430159	0.55099081682	0.551957467376	0.918318028033	0.734654422426	0.632189463509	0.58095698405	0.586756887385	0.574190430159	0.90043499275	0.611406476559	0.525857902368	0.543740937651	0.562107298212	0.591590140164	0.641855969067	0.589173513775	0.447559207347	0.4813919768	0.667472208797	0.57177380377	0.442725954567	0.0	0.513291445143	0.500724987917	0.501208313195	0.497341710971	0.46060898985	0.421942967617	0.563557274045	0.537457709038	0.69212179797	0.634122764621	0.657805703238	0.641372643789	0.6389560174	0.660222329628	0.58095698405	0.576607056549	0.579507008217	0.570323827936	0.564040599323	0.64813919768	0.567907201547	0.631706138231	0.548090865152	0.617206379894
AD6	0.606089898502	0.513291445143	0.975350410826	0.642339294345	0.595940067666	0.443209279845	0.643789270179	0.431609473175	0.435476075399	0.537457709038	0.445625906235	0.524891251812	0.506041565974	0.88883518608	0.585306911551	0.540357660706	0.481875302078	0.470758820686	0.952150797487	0.761720637989	0.597873368777	0.542774287095	0.53939101015	0.522957950701	0.919284678589	0.626389560174	0.481875302078	0.515708071532	0.547607539874	0.59255679072	0.600289995167	0.535041082649	0.453359110681	0.479458675689	0.622039632673	0.558724021266	0.44224262929	0.513291445143	0.0	0.529724504592	0.42822619623	0.700821652972	0.666988883519	0.524407926535	0.474142097632	0.44900918318	0.618173030449	0.547607539874	0.595940067666	0.566457225713	0.561140647656	0.590140164331	0.479458675689	0.477525374577	0.479942000967	0.466408893185	0.537457709038	0.583856935718	0.536007733204	0.581923634606	0.451909134848	0.545674238763
AE5	0.609956500725	0.515224746254	0.97680038666	0.637989366844	0.563557274045	0.532141130981	0.570807153214	0.530691155147	0.573223779604	0.517641372644	0.594006766554	0.524407926535	0.555824069599	0.889801836636	0.534074432093	0.563557274045	0.590140164331	0.589656839053	0.932334461092	0.745770903818	0.70372160464	0.638472692122	0.634606089899	0.617689705172	0.882551957467	0.64813919768	0.599323344611	0.594006766554	0.617206379894	0.65055582407	0.653455775737	0.601739971	0.534557757371	0.565007249879	0.626872885452	0.554857419043	0.570807153214	0.500724987917	0.529724504592	0.0	0.347027549541	0.60657322378	0.568873852102	0.482358627356	0.60657322378	0.611889801837	0.665538907685	0.61333977767	0.629289511841	0.602223296278	0.622039632673	0.64572257129	0.522474625423	0.55775737071	0.579990333494	0.555340744321	0.546157564041	0.61575640406	0.542290961817	0.610923151281	0.553890768487	0.601256645723
AE6	0.610923151281	0.489125181247	0.974867085549	0.630739487675	0.55775737071	0.472692121798	0.587240212663	0.4813919768	0.526824552924	0.50700821653	0.541324311261	0.509908168197	0.517158047366	0.885451909135	0.558724021266	0.540357660706	0.546640889319	0.545190913485	0.931367810536	0.739971000483	0.673755437409	0.600773320445	0.609473175447	0.594490091832	0.894635089415	0.641855969067	0.544224262929	0.568390526825	0.596423392943	0.626872885452	0.650072498792	0.591106814886	0.483325277912	0.504108264862	0.611406476559	0.541807636539	0.524407926535	0.501208313195	0.42822619623	0.347027549541	0.0	0.64572257129	0.607056549058	0.47462542291	0.545190913485	0.552440792653	0.645239246013	0.583856935718	0.607056549058	0.59255679072	0.593523441276	0.622522957951	0.493958434026	0.501208313195	0.521507974867	0.496375060416	0.526341227646	0.59497341711	0.535041082649	0.589656839053	0.50700821653	0.574190430159
AF5	0.713388110198	0.638472692122	0.936684388594	0.674722087965	0.676172063799	0.676172063799	0.568873852102	0.658289028516	0.68293861769	0.594490091832	0.721604639923	0.642822619623	0.675688738521	0.84726921218	0.594490091832	0.674722087965	0.720154664089	0.719671338811	0.871918801353	0.713388110198	0.717254712421	0.686321894635	0.722087965201	0.720154664089	0.869985500242	0.698888351861	0.707104881585	0.681971967134	0.679072015466	0.684388593523	0.758337361044	0.719188013533	0.632672788787	0.664572257129	0.740937651039	0.661188980184	0.71532141131	0.497341710971	0.700821652972	0.60657322378	0.64572257129	0.0	0.300628322861	0.54857419043	0.725471242146	0.72692121798	0.772837119381	0.727887868536	0.751087481875	0.716288061866	0.740454325761	0.758337361044	0.70130497825	0.723537941034	0.733204446593	0.716771387144	0.677622039633	0.74528757854	0.676172063799	0.718221362977	0.716288061866	0.72692121798
AF6	0.705654905752	0.603673272112	0.938134364427	0.662155630739	0.654422426293	0.641855969067	0.55099081682	0.618656355727	0.64572257129	0.566940550991	0.681488641856	0.617206379894	0.639439342678	0.848235862736	0.55775737071	0.659255679072	0.68970517158	0.694055099082	0.876268728855	0.709521507975	0.695021749638	0.663605606573	0.693088448526	0.685838569357	0.873852102465	0.689221846303	0.672305461576	0.641855969067	0.638472692122	0.66892218463	0.750120831319	0.706621556307	0.59255679072	0.626872885452	0.721604639923	0.632189463509	0.673755437409	0.46060898985	0.666988883519	0.568873852102	0.607056549058	0.300628322861	0.0	0.512808119865	0.69453842436	0.688255195747	0.74770420493	0.701788303528	0.724021266312	0.693571773804	0.70130497825	0.734171097148	0.665055582407	0.688738521025	0.697438376027	0.683905268246	0.649589173514	0.713388110198	0.642339294345	0.69212179797	0.679555340744	0.683905268246
