	AA3	AA4	AB3	AB4	AC3	AC4	AD3	AD4	AE3	AE4	AF3	AF4	AG3	AG4	AH3	AH4	AA7	AA8	AB7	AB8	AC7	AC8	AD7	AD8	AE7	AE8	AF7	AF8	AG7	AG8	AH7	AH8	AA5	AA6	AB5	AB6	AC5	AC6	AD6	AE5	AE6	AF5	AF6	AG5	AH5	AH6	AA1	AA2	AB1	AB2	AC1	AC2	AD1	AD2	AE1	AE2	AF1	AF2	AG1	AG2	AH1	AH2
AA3	0.0	0.473658772354	0.933301111648	0.637022716288	0.673755437409	0.599323344611	0.675205413243	0.582406959884	0.572257129048	0.628806186564	0.61575640406	0.610439826003	0.574673755437	0.860318994683	0.6389560174	0.331561140648	0.564523924601	0.568390526825	0.860802319961	0.721604639923	0.613823102948	0.572740454326	0.585790236829	0.592073465442	0.830352827453	0.587723537941	0.5601739971	0.564523924601	0.587240212663	0.586756887385	0.591590140164	0.560657322378	0.574190430159	0.588206863219	0.740937651039	0.683421942968	0.618173030449	0.620106331561	0.620106331561	0.611406476559	0.596906718221	0.718221362977	0.693088448526	0.621556307395	0.616723054616	0.602706621556	0.684871918801	0.65055582407	0.699855002417	0.68293861769	0.647172547124	0.671822136298	0.56259062349	0.570807153214	0.568390526825	0.555340744321	0.561623972934	0.669405509908	0.573707104882	0.669888835186	0.576607056549	0.641855969067
AA4	0.473658772354	0.0	0.939101014983	0.58095698405	0.587723537941	0.512808119865	0.59255679072	0.488641855969	0.503141614306	0.524407926535	0.559690671822	0.52779120348	0.487191880135	0.860802319961	0.383276945384	0.351377477042	0.534074432093	0.539874335428	0.891735137748	0.740454325761	0.64813919768	0.564040599323	0.576123731271	0.584340260996	0.866118898018	0.607539874335	0.547607539874	0.551957467376	0.590623489609	0.596423392943	0.617689705172	0.563073948768	0.512808119865	0.524407926535	0.666988883519	0.606089898502	0.573223779604	0.515224746254	0.540840985984	0.512808119865	0.482358627356	0.647172547124	0.602706621556	0.523441275979	0.570323827936	0.558240695988	0.665055582407	0.587240212663	0.621072982117	0.614306428226	0.60657322378	0.644272595457	0.524407926535	0.520541324311	0.526341227646	0.521507974867	0.49540840986	0.620589656839	0.503624939584	0.606089898502	0.532141130981	0.582890285162
AB3	0.933301111648	0.939101014983	0.0	0.650072498792	0.919284678589	0.954084098598	0.949734171097	0.937651039149	0.928951184147	0.94441759304	0.969550507492	0.928951184147	0.959400676655	0.341710971484	0.956500724988	0.937651039149	0.969550507492	0.969067182214	0.727887868536	0.760270662156	0.888351860802	0.907684871919	0.955534074432	0.948767520541	0.849202513291	0.899951667472	0.933301111648	0.921701304978	0.835186080232	0.828419526341	0.952150797487	0.948284195263	0.952150797487	0.956500724988	0.968583856936	0.961333977767	0.969550507492	0.94683421943	0.968583856936	0.970517158047	0.969550507492	0.929917834703	0.929434509425	0.942967617206	0.973417109715	0.968100531658	0.969550507492	0.969067182214	0.964717254712	0.968100531658	0.973417109715	0.971967133881	0.973417109715	0.970517158047	0.974867085549	0.970033832769	0.969067182214	0.96761720638	0.968583856936	0.969550507492	0.971000483325	0.970033832769
AB4	0.637022716288	0.58095698405	0.650072498792	0.0	0.637506041566	0.619139681005	0.706621556307	0.609956500725	0.61575640406	0.638472692122	0.641855969067	0.607056549058	0.489608506525	0.549057515708	0.619623006283	0.581440309328	0.630256162397	0.634606089899	0.708554857419	0.579990333494	0.661672305462	0.614789753504	0.655389076849	0.642339294345	0.782986950217	0.642822619623	0.633639439343	0.619139681005	0.535041082649	0.558240695988	0.687288545191	0.641855969067	0.631222812953	0.64572257129	0.714354760754	0.667472208797	0.654905751571	0.635089415176	0.629772837119	0.623972933784	0.619139681005	0.680038666022	0.670372160464	0.625906234896	0.669888835186	0.664088931851	0.70372160464	0.655389076849	0.682455292412	0.671822136298	0.676655389077	0.679555340744	0.627839536008	0.636056065732	0.650072498792	0.629772837119	0.637506041566	0.675205413243	0.634122764621	0.654422426293	0.6389560174	0.663122281295
AC3	0.673755437409	0.587723537941	0.919284678589	0.637506041566	0.0	0.50459159014	0.655872402127	0.55775737071	0.578540357661	0.602223296278	0.637989366844	0.327694538424	0.607539874335	0.84726921218	0.605606573224	0.599323344611	0.623006283229	0.612856452392	0.875302078299	0.758337361044	0.750120831319	0.691155147414	0.733204446593	0.72692121798	0.83325277912	0.690188496858	0.666988883519	0.698405026583	0.690671822136	0.700338327695	0.718704688255	0.677138714355	0.614306428226	0.644272595457	0.618656355727	0.596423392943	0.632672788787	0.588206863219	0.594490091832	0.5601739971	0.554374093765	0.681005316578	0.668438859352	0.58337361044	0.641372643789	0.641372643789	0.601256645723	0.590623489609	0.587723537941	0.596906718221	0.608989850169	0.604639922668	0.554374093765	0.590623489609	0.598840019333	0.568390526825	0.618656355727	0.591106814886	0.625906234896	0.587240212663	0.622039632673	0.59255679072
AC4	0.599323344611	0.512808119865	0.954084098598	0.619139681005	0.50459159014	0.0	0.631222812953	0.410343160947	0.42822619623	0.525857902368	0.352344127598	0.41904301595	0.517158047366	0.879168680522	0.576123731271	0.549057515708	0.488158530691	0.476075398743	0.929917834703	0.773320444659	0.609473175447	0.542774287095	0.53697438376	0.53020782987	0.897051715805	0.580473658772	0.508458192363	0.538424359594	0.541324311261	0.578540357661	0.59497341711	0.532141130981	0.463508941518	0.493475108748	0.631222812953	0.559207346544	0.470758820686	0.502174963751	0.443209279845	0.535041082649	0.480425326245	0.697438376027	0.655872402127	0.5186080232	0.499275012083	0.482841952634	0.635089415176	0.561623972934	0.584340260996	0.59497341711	0.575640405993	0.612856452392	0.497825036249	0.504108264862	0.523924601257	0.497825036249	0.555340744321	0.598840019333	0.564040599323	0.572257129048	0.478008699855	0.557274045433
AD3	0.675205413243	0.59255679072	0.949734171097	0.706621556307	0.655872402127	0.631222812953	0.0	0.53939101015	0.6389560174	0.367810536491	0.689221846303	0.603673272112	0.654905751571	0.873368777187	0.58095698405	0.639922667956	0.699855002417	0.700338327695	0.942000966651	0.781053649106	0.721604639923	0.702754954084	0.710004833253	0.705654905752	0.915901401643	0.695988400193	0.706138231029	0.70130497825	0.697438376027	0.695021749638	0.728854519091	0.704688255196	0.639922667956	0.662638956017	0.740937651039	0.676655389077	0.688738521025	0.553407443209	0.642822619623	0.592073465442	0.597390043499	0.565973900435	0.547607539874	0.566940550991	0.707588206863	0.696471725471	0.773803769937	0.707104881585	0.73610439826	0.729337844369	0.724987916868	0.751087481875	0.665538907685	0.672788786854	0.681488641856	0.65732237796	0.641372643789	0.734171097148	0.646689221846	0.719188013533	0.697921701305	0.702271628806
AD4	0.582406959884	0.488641855969	0.937651039149	0.609956500725	0.55775737071	0.410343160947	0.53939101015	0.0	0.3194780087	0.411309811503	0.436926051232	0.491541807637	0.511358144031	0.859835669406	0.553407443209	0.525857902368	0.471242145964	0.461092315128	0.937651039149	0.772353794103	0.574673755437	0.502174963751	0.513291445143	0.509424842919	0.896085065249	0.577090381827	0.460125664572	0.485258579024	0.502658289029	0.565007249879	0.55775737071	0.499275012083	0.399226679555	0.456742387627	0.65055582407	0.567423876269	0.458675688739	0.475108748188	0.443209279845	0.529241179314	0.466892218463	0.649589173514	0.607056549058	0.48380860319	0.498791686805	0.482358627356	0.667472208797	0.594006766554	0.627839536008	0.629289511841	0.61333977767	0.649105848236	0.511841469309	0.517641372644	0.528274528758	0.516674722088	0.52779120348	0.630256162397	0.55099081682	0.610923151281	0.493475108748	0.594006766554
AE3	0.572257129048	0.503141614306	0.928951184147	0.61575640406	0.578540357661	0.42822619623	0.6389560174	0.3194780087	0.0	0.504108264862	0.41662638956	0.520541324311	0.506524891252	0.860802319961	0.554857419043	0.525857902368	0.440309328178	0.434509424843	0.926534557757	0.764137264379	0.558724021266	0.473658772354	0.47462542291	0.48622522958	0.888351860802	0.568873852102	0.427259545674	0.454325761237	0.489125181247	0.555824069599	0.540840985984	0.474142097632	0.392943450942	0.449492508458	0.67133881102	0.593523441276	0.452392460126	0.507974867086	0.467375543741	0.576123731271	0.505074915418	0.689221846303	0.64813919768	0.514741420976	0.507974867086	0.477525374577	0.678105364911	0.60657322378	0.640889318511	0.647172547124	0.624456259062	0.661672305462	0.527307878202	0.53939101015	0.551474142098	0.536491058482	0.537941034316	0.65055582407	0.554374093765	0.622522957951	0.489125181247	0.605123247946
AE4	0.628806186564	0.524407926535	0.94441759304	0.638472692122	0.602223296278	0.525857902368	0.367810536491	0.411309811503	0.504108264862	0.0	0.58095698405	0.543740937651	0.586273562107	0.867085548574	0.532141130981	0.57177380377	0.584340260996	0.590140164331	0.940550990817	0.77767037216	0.64813919768	0.589173513775	0.601256645723	0.594006766554	0.910584823586	0.619139681005	0.585306911551	0.583856935718	0.58095698405	0.594490091832	0.638472692122	0.589173513775	0.52779120348	0.550507491542	0.704688255196	0.629289511841	0.575640405993	0.466892218463	0.54857419043	0.539874335428	0.530691155147	0.588690188497	0.551957467376	0.501691638473	0.600773320445	0.593040115998	0.728371193813	0.652005799903	0.695021749638	0.693571773804	0.680038666022	0.705654905752	0.608989850169	0.60657322378	0.612856452392	0.601739971	0.580473658772	0.691155147414	0.589656839053	0.681005316578	0.586273562107	0.655389076849
AF3	0.61575640406	0.559690671822	0.969550507492	0.641855969067	0.637989366844	0.352344127598	0.689221846303	0.436926051232	0.41662638956	0.58095698405	0.0	0.549540840986	0.538424359594	0.895601739971	0.621556307395	0.58095698405	0.440309328178	0.418076365394	0.95601739971	0.802319961334	0.597873368777	0.531174480425	0.454325761237	0.448042532624	0.920251329145	0.605606573224	0.45142580957	0.511841469309	0.541324311261	0.59497341711	0.532141130981	0.503624939584	0.457225712905	0.516674722088	0.673755437409	0.616239729338	0.41662638956	0.549540840986	0.465442242629	0.603673272112	0.522474625423	0.73368777187	0.695505074915	0.560657322378	0.507974867086	0.492508458192	0.676655389077	0.603189946834	0.651522474625	0.635572740454	0.617689705172	0.651522474625	0.539874335428	0.519091348478	0.543257612373	0.530691155147	0.579507008217	0.646205896568	0.592073465442	0.616239729338	0.494441759304	0.596906718221
AF4	0.610439826003	0.52779120348	0.928951184147	0.607056549058	0.327694538424	0.41904301595	0.603673272112	0.491541807637	0.520541324311	0.543740937651	0.549540840986	0.0	0.549057515708	0.855969067182	0.563073948768	0.540840985984	0.563073948768	0.552440792653	0.888351860802	0.734171097148	0.693571773804	0.627839536008	0.660222329628	0.651522474625	0.848235862736	0.626389560174	0.59255679072	0.62735621073	0.631706138231	0.639922667956	0.658772353794	0.620589656839	0.538907684872	0.574190430159	0.593040115998	0.525857902368	0.566457225713	0.523924601257	0.516674722088	0.498308361527	0.498791686805	0.639922667956	0.618656355727	0.522474625423	0.560657322378	0.559690671822	0.593523441276	0.529241179314	0.559207346544	0.559207346544	0.55099081682	0.575640405993	0.479458675689	0.509424842919	0.531174480425	0.500241662639	0.554857419043	0.558724021266	0.560657322378	0.540840985984	0.55099081682	0.526341227646
AG3	0.574673755437	0.487191880135	0.959400676655	0.489608506525	0.607539874335	0.517158047366	0.654905751571	0.511358144031	0.506524891252	0.586273562107	0.538424359594	0.549057515708	0.0	0.85886901885	0.528274528758	0.512808119865	0.511358144031	0.501691638473	0.925567907202	0.766553890768	0.670855485742	0.593040115998	0.586756887385	0.607539874335	0.880135331078	0.631222812953	0.552440792653	0.565973900435	0.608989850169	0.619623006283	0.633156114065	0.565973900435	0.529241179314	0.535041082649	0.65732237796	0.608989850169	0.551474142098	0.55099081682	0.521991300145	0.555824069599	0.507974867086	0.68970517158	0.652005799903	0.553407443209	0.559690671822	0.547124214596	0.616723054616	0.558240695988	0.613823102948	0.609473175447	0.583856935718	0.596423392943	0.50459159014	0.5186080232	0.528757854036	0.518124697922	0.536491058482	0.603189946834	0.553407443209	0.590140164331	0.512324794587	0.560657322378
AG4	0.860318994683	0.860802319961	0.341710971484	0.549057515708	0.84726921218	0.879168680522	0.873368777187	0.859835669406	0.860802319961	0.867085548574	0.895601739971	0.855969067182	0.85886901885	0.0	0.882551957467	0.860802319961	0.898985016916	0.897051715805	0.697921701305	0.686321894635	0.821169647173	0.83566940551	0.883518608023	0.878202029966	0.830352827453	0.832769453842	0.863218946351	0.848719188014	0.7593040116	0.748187530208	0.881101981634	0.874818753021	0.880618656356	0.883035282745	0.903334944418	0.891735137748	0.896568390527	0.86805219913	0.894635089415	0.890285161914	0.892218463026	0.853069115515	0.853069115515	0.86805219913	0.898018366361	0.897535041083	0.892701788304	0.892218463026	0.891735137748	0.88883518608	0.899468342194	0.893668438859	0.898018366361	0.894635089415	0.897051715805	0.894151764137	0.895118414693	0.891735137748	0.893668438859	0.892218463026	0.898985016916	0.895118414693
AH3	0.6389560174	0.383276945384	0.956500724988	0.619623006283	0.605606573224	0.576123731271	0.58095698405	0.553407443209	0.554857419043	0.532141130981	0.621556307395	0.563073948768	0.528274528758	0.882551957467	0.0	0.511358144031	0.592073465442	0.61333977767	0.93281778637	0.779120347994	0.702754954084	0.62735621073	0.626389560174	0.643305944901	0.898018366361	0.684871918801	0.631706138231	0.622522957951	0.655872402127	0.659255679072	0.686805219913	0.627839536008	0.55099081682	0.581923634606	0.713388110198	0.645239246013	0.633156114065	0.533591106815	0.59497341711	0.541324311261	0.553407443209	0.599806669889	0.570323827936	0.559207346544	0.637989366844	0.626872885452	0.707104881585	0.621556307395	0.655389076849	0.663122281295	0.652005799903	0.686321894635	0.59255679072	0.599323344611	0.606089898502	0.601256645723	0.576607056549	0.669405509908	0.567423876269	0.6389560174	0.598356694055	0.617689705172
AH4	0.331561140648	0.351377477042	0.937651039149	0.581440309328	0.599323344611	0.549057515708	0.639922667956	0.525857902368	0.525857902368	0.57177380377	0.58095698405	0.540840985984	0.512808119865	0.860802319961	0.511358144031	0.0	0.53020782987	0.538907684872	0.882068632189	0.728371193813	0.6389560174	0.565490575157	0.578540357661	0.585306911551	0.844369260512	0.589173513775	0.549057515708	0.550507491542	0.579023682939	0.588690188497	0.594006766554	0.547607539874	0.541324311261	0.547124214596	0.69212179797	0.628322861286	0.585790236829	0.560657322378	0.559207346544	0.545674238763	0.522957950701	0.687288545191	0.644272595457	0.56259062349	0.582890285162	0.573223779604	0.670372160464	0.595456742388	0.646205896568	0.632672788787	0.61333977767	0.643305944901	0.525857902368	0.53697438376	0.546157564041	0.526824552924	0.508458192363	0.630256162397	0.515224746254	0.621556307395	0.540357660706	0.595456742388
AA7	0.564523924601	0.534074432093	0.969550507492	0.630256162397	0.623006283229	0.488158530691	0.699855002417	0.471242145964	0.440309328178	0.584340260996	0.440309328178	0.563073948768	0.511358144031	0.898985016916	0.592073465442	0.53020782987	0.0	0.284195263412	0.913968100532	0.763653939101	0.587240212663	0.500241662639	0.470758820686	0.487191880135	0.867568873852	0.564040599323	0.436926051232	0.463992266796	0.535041082649	0.576607056549	0.509424842919	0.425809569841	0.433542774287	0.486708554857	0.692605123248	0.64572257129	0.46060898985	0.551957467376	0.487675205413	0.578540357661	0.528757854036	0.732721121315	0.695505074915	0.559690671822	0.524891251812	0.512324794587	0.675688738521	0.603189946834	0.655872402127	0.649589173514	0.601256645723	0.640405993233	0.508941517641	0.520057999033	0.534557757371	0.511841469309	0.52779120348	0.629289511841	0.543257612373	0.635089415176	0.488158530691	0.597873368777
AA8	0.568390526825	0.539874335428	0.969067182214	0.634606089899	0.612856452392	0.476075398743	0.700338327695	0.461092315128	0.434509424843	0.590140164331	0.418076365394	0.552440792653	0.501691638473	0.897051715805	0.61333977767	0.538907684872	0.284195263412	0.0	0.919284678589	0.765103914935	0.581923634606	0.492508458192	0.459642339294	0.477042049299	0.866118898018	0.561623972934	0.423876268729	0.470758820686	0.531174480425	0.575640405993	0.470275495408	0.385210246496	0.444175930401	0.49540840986	0.681005316578	0.632189463509	0.434026099565	0.55099081682	0.477525374577	0.587723537941	0.516674722088	0.73368777187	0.695021749638	0.557274045433	0.510391493475	0.49299178347	0.646205896568	0.581440309328	0.639439342678	0.631222812953	0.58095698405	0.611889801837	0.48622522958	0.498791686805	0.510874818753	0.49540840986	0.533107781537	0.608023199613	0.54857419043	0.617689705172	0.48380860319	0.575640405993
AB7	0.860802319961	0.891735137748	0.727887868536	0.708554857419	0.875302078299	0.929917834703	0.942000966651	0.937651039149	0.926534557757	0.940550990817	0.95601739971	0.888351860802	0.925567907202	0.697921701305	0.93281778637	0.882068632189	0.913968100532	0.919284678589	0.0	0.414209763171	0.810536491058	0.836152730788	0.930401159981	0.926051232479	0.734171097148	0.816819719671	0.88883518608	0.86805219913	0.740937651039	0.684871918801	0.881585306912	0.894151764137	0.921701304978	0.934267762204	0.941517641373	0.93523441276	0.948284195263	0.91445142581	0.953117448043	0.936684388594	0.936684388594	0.873852102465	0.883035282745	0.907684871919	0.951667472209	0.952150797487	0.92363460609	0.925567907202	0.926534557757	0.936201063316	0.930401159981	0.922667955534	0.921701304978	0.919284678589	0.917351377477	0.909134847753	0.922184630256	0.914934751087	0.92363460609	0.927984533591	0.947317544708	0.927984533591
AB8	0.721604639923	0.740454325761	0.760270662156	0.579990333494	0.758337361044	0.773320444659	0.781053649106	0.772353794103	0.764137264379	0.77767037216	0.802319961334	0.734171097148	0.766553890768	0.686321894635	0.779120347994	0.728371193813	0.763653939101	0.765103914935	0.414209763171	0.0	0.652972450459	0.677622039633	0.758820686322	0.753020782987	0.729821169647	0.667955534074	0.724987916868	0.700338327695	0.551957467376	0.517158047366	0.743837602707	0.740454325761	0.761720637989	0.773320444659	0.810053165781	0.775737071049	0.782986950217	0.751087481875	0.790720154664	0.772353794103	0.772353794103	0.735621072982	0.73852102465	0.743354277429	0.790236829386	0.793620106332	0.817786370227	0.768003866602	0.789753504108	0.782986950217	0.783953600773	0.791203479942	0.77090381827	0.764620589657	0.772837119381	0.757854035766	0.757854035766	0.780570323828	0.760270662156	0.772837119381	0.783470275495	0.768003866602
AC7	0.613823102948	0.64813919768	0.888351860802	0.661672305462	0.750120831319	0.609473175447	0.721604639923	0.574673755437	0.558724021266	0.64813919768	0.597873368777	0.693571773804	0.670855485742	0.821169647173	0.702754954084	0.6389560174	0.587240212663	0.581923634606	0.810536491058	0.652972450459	0.0	0.350410826486	0.566457225713	0.565490575157	0.81488641856	0.567907201547	0.529724504592	0.506524891252	0.47220879652	0.502174963751	0.565490575157	0.536007733204	0.563073948768	0.608989850169	0.803769937168	0.744804253262	0.618173030449	0.638472692122	0.619139681005	0.704204929918	0.668438859352	0.723537941034	0.697921701305	0.632672788787	0.637506041566	0.602706621556	0.823102948284	0.757370710488	0.794103431609	0.795553407443	0.754954084099	0.795070082165	0.677138714355	0.669888835186	0.685838569357	0.681971967134	0.669888835186	0.791203479942	0.676655389077	0.771870468826	0.618173030449	0.753504108265
AC8	0.572740454326	0.564040599323	0.907684871919	0.614789753504	0.691155147414	0.542774287095	0.702754954084	0.502174963751	0.473658772354	0.589173513775	0.531174480425	0.627839536008	0.593040115998	0.83566940551	0.62735621073	0.565490575157	0.500241662639	0.492508458192	0.836152730788	0.677622039633	0.350410826486	0.0	0.48380860319	0.49299178347	0.837602706622	0.538907684872	0.396326727888	0.369743837603	0.435959400677	0.478008699855	0.522957950701	0.461575640406	0.473658772354	0.527307878202	0.730787820203	0.67133881102	0.547124214596	0.570807153214	0.54857419043	0.631222812953	0.587723537941	0.686321894635	0.654422426293	0.565007249879	0.563073948768	0.52779120348	0.73852102465	0.670372160464	0.719188013533	0.715804736588	0.669405509908	0.704688255196	0.593040115998	0.588206863219	0.601256645723	0.596906718221	0.585306911551	0.70372160464	0.589656839053	0.697438376027	0.537941034316	0.666505558241
AD7	0.585790236829	0.576123731271	0.955534074432	0.655389076849	0.733204446593	0.53697438376	0.710004833253	0.513291445143	0.47462542291	0.601256645723	0.454325761237	0.660222329628	0.586756887385	0.883518608023	0.626389560174	0.578540357661	0.470758820686	0.459642339294	0.930401159981	0.758820686322	0.566457225713	0.48380860319	0.0	0.29627839536	0.893185113581	0.506524891252	0.418559690672	0.456259062349	0.511841469309	0.560657322378	0.502658289029	0.461092315128	0.484775253746	0.537457709038	0.74528757854	0.678588690188	0.496858385694	0.589173513775	0.561623972934	0.640889318511	0.605606573224	0.732237796037	0.693088448526	0.600773320445	0.561623972934	0.540357660706	0.751570807153	0.677138714355	0.723537941034	0.725471242146	0.681971967134	0.715804736588	0.607056549058	0.596906718221	0.608506524891	0.607056549058	0.591590140164	0.71532141131	0.602706621556	0.701788303528	0.5601739971	0.675688738521
AD8	0.592073465442	0.584340260996	0.948767520541	0.642339294345	0.72692121798	0.53020782987	0.705654905752	0.509424842919	0.48622522958	0.594006766554	0.448042532624	0.651522474625	0.607539874335	0.878202029966	0.643305944901	0.585306911551	0.487191880135	0.477042049299	0.926051232479	0.753020782987	0.565490575157	0.49299178347	0.29627839536	0.0	0.85886901885	0.469308844853	0.427742870952	0.47220879652	0.492025132914	0.543740937651	0.500724987917	0.46060898985	0.497825036249	0.548090865152	0.742387626873	0.672788786854	0.49299178347	0.578057032383	0.550024166264	0.637506041566	0.589656839053	0.724021266312	0.686805219913	0.584340260996	0.561623972934	0.549540840986	0.753020782987	0.670855485742	0.725954567424	0.721121314645	0.681971967134	0.714838086032	0.613823102948	0.593040115998	0.607539874335	0.603673272112	0.603673272112	0.712421459642	0.608023199613	0.70130497825	0.560657322378	0.669888835186
AE7	0.830352827453	0.866118898018	0.849202513291	0.782986950217	0.83325277912	0.897051715805	0.915901401643	0.896085065249	0.888351860802	0.910584823586	0.920251329145	0.848235862736	0.880135331078	0.830352827453	0.898018366361	0.844369260512	0.867568873852	0.866118898018	0.734171097148	0.729821169647	0.81488641856	0.837602706622	0.893185113581	0.85886901885	0.0	0.556790720155	0.869985500242	0.846785886902	0.761720637989	0.754470758821	0.836636056066	0.840019333011	0.891735137748	0.903818269696	0.925567907202	0.919768003867	0.918318028033	0.891735137748	0.917351377477	0.890768487192	0.898501691638	0.870952150797	0.876752054132	0.865152247463	0.92363460609	0.917351377477	0.889318511358	0.901401643306	0.903334944418	0.903334944418	0.904301594973	0.898985016916	0.890285161914	0.90043499275	0.899951667472	0.882068632189	0.898501691638	0.889318511358	0.900918318028	0.906718221363	0.911551474142	0.901401643306
AE8	0.587723537941	0.607539874335	0.899951667472	0.642822619623	0.690188496858	0.580473658772	0.695988400193	0.577090381827	0.568873852102	0.619139681005	0.605606573224	0.626389560174	0.631222812953	0.832769453842	0.684871918801	0.589173513775	0.564040599323	0.561623972934	0.816819719671	0.667955534074	0.567907201547	0.538907684872	0.506524891252	0.469308844853	0.556790720155	0.0	0.552924117931	0.532141130981	0.50700821653	0.506524891252	0.542290961817	0.52537457709	0.581923634606	0.600773320445	0.760753987434	0.706621556307	0.60657322378	0.597873368777	0.605123247946	0.653939101015	0.625906234896	0.70372160464	0.673755437409	0.59255679072	0.618173030449	0.612856452392	0.748670855486	0.683421942968	0.738037699372	0.728854519091	0.692605123248	0.72692121798	0.637506041566	0.625906234896	0.634606089899	0.626389560174	0.628806186564	0.716771387144	0.637506041566	0.710004833253	0.605606573224	0.678588690188
AF7	0.5601739971	0.547607539874	0.933301111648	0.633639439343	0.666988883519	0.508458192363	0.706138231029	0.460125664572	0.427259545674	0.585306911551	0.45142580957	0.59255679072	0.552440792653	0.863218946351	0.631706138231	0.549057515708	0.436926051232	0.423876268729	0.88883518608	0.724987916868	0.529724504592	0.396326727888	0.418559690672	0.427742870952	0.869985500242	0.552924117931	0.0	0.320927984534	0.4813919768	0.532624456259	0.485741904302	0.466892218463	0.429676172064	0.48622522958	0.689221846303	0.630739487675	0.446109231513	0.530691155147	0.505558240696	0.600289995167	0.547124214596	0.708071532141	0.665055582407	0.53939101015	0.526341227646	0.503141614306	0.683421942968	0.620589656839	0.681488641856	0.676172063799	0.625906234896	0.651039149348	0.548090865152	0.53939101015	0.555340744321	0.548090865152	0.55099081682	0.647172547124	0.567907201547	0.652972450459	0.489125181247	0.613823102948
AF8	0.564523924601	0.551957467376	0.921701304978	0.619139681005	0.698405026583	0.538424359594	0.70130497825	0.485258579024	0.454325761237	0.583856935718	0.511841469309	0.62735621073	0.565973900435	0.848719188014	0.622522957951	0.550507491542	0.463992266796	0.470758820686	0.86805219913	0.700338327695	0.506524891252	0.369743837603	0.456259062349	0.47220879652	0.846785886902	0.532141130981	0.320927984534	0.0	0.452392460126	0.502658289029	0.512324794587	0.457225712905	0.444175930401	0.506524891252	0.716771387144	0.656839052682	0.509908168197	0.549057515708	0.534557757371	0.599323344611	0.564040599323	0.691155147414	0.65055582407	0.550024166264	0.547607539874	0.533591106815	0.705171580474	0.641855969067	0.702754954084	0.697921701305	0.649589173514	0.675205413243	0.57177380377	0.5601739971	0.573707104882	0.56935717738	0.555340744321	0.671822136298	0.563073948768	0.678588690188	0.517158047366	0.637989366844
AG7	0.587240212663	0.590623489609	0.835186080232	0.535041082649	0.690671822136	0.541324311261	0.697438376027	0.502658289029	0.489125181247	0.58095698405	0.541324311261	0.631706138231	0.608989850169	0.7593040116	0.655872402127	0.579023682939	0.535041082649	0.531174480425	0.740937651039	0.551957467376	0.47220879652	0.435959400677	0.511841469309	0.492025132914	0.761720637989	0.50700821653	0.4813919768	0.452392460126	0.0	0.310778153697	0.553890768487	0.511358144031	0.501208313195	0.556307394877	0.745770903818	0.678588690188	0.537457709038	0.563073948768	0.559207346544	0.624456259062	0.594006766554	0.672305461576	0.641372643789	0.553407443209	0.585790236829	0.573223779604	0.751087481875	0.66892218463	0.717254712421	0.719671338811	0.672788786854	0.716288061866	0.620589656839	0.600289995167	0.623489608507	0.609956500725	0.622039632673	0.71532141131	0.624456259062	0.691155147414	0.572257129048	0.667955534074
AG8	0.586756887385	0.596423392943	0.828419526341	0.558240695988	0.700338327695	0.578540357661	0.695021749638	0.565007249879	0.555824069599	0.594490091832	0.59497341711	0.639922667956	0.619623006283	0.748187530208	0.659255679072	0.588690188497	0.576607056549	0.575640405993	0.684871918801	0.517158047366	0.502174963751	0.478008699855	0.560657322378	0.543740937651	0.754470758821	0.506524891252	0.532624456259	0.502658289029	0.310778153697	0.0	0.577573707105	0.551957467376	0.563073948768	0.578540357661	0.751570807153	0.687771870469	0.589173513775	0.574190430159	0.592073465442	0.63653939101	0.60415659739	0.671822136298	0.643789270179	0.567907201547	0.59497341711	0.59497341711	0.766070565491	0.681005316578	0.730304494925	0.728854519091	0.690671822136	0.72692121798	0.630256162397	0.616723054616	0.633156114065	0.626389560174	0.631222812953	0.726437892702	0.632672788787	0.700821652972	0.592073465442	0.681005316578
AH7	0.591590140164	0.617689705172	0.952150797487	0.687288545191	0.718704688255	0.59497341711	0.728854519091	0.55775737071	0.540840985984	0.638472692122	0.532141130981	0.658772353794	0.633156114065	0.881101981634	0.686805219913	0.594006766554	0.509424842919	0.470275495408	0.881585306912	0.743837602707	0.565490575157	0.522957950701	0.502658289029	0.500724987917	0.836636056066	0.542290961817	0.485741904302	0.512324794587	0.553890768487	0.577573707105	0.0	0.343644272595	0.569840502658	0.620589656839	0.776703721605	0.728854519091	0.545674238763	0.641855969067	0.607539874335	0.665538907685	0.630256162397	0.77090381827	0.739971000483	0.643789270179	0.631706138231	0.622522957951	0.76848719188	0.714838086032	0.751570807153	0.751087481875	0.707104881585	0.741420976317	0.62735621073	0.634122764621	0.631222812953	0.634606089899	0.625906234896	0.739971000483	0.634122764621	0.729821169647	0.605606573224	0.708554857419
AH8	0.560657322378	0.563073948768	0.948284195263	0.641855969067	0.677138714355	0.532141130981	0.704688255196	0.499275012083	0.474142097632	0.589173513775	0.503624939584	0.620589656839	0.565973900435	0.874818753021	0.627839536008	0.547607539874	0.425809569841	0.385210246496	0.894151764137	0.740454325761	0.536007733204	0.461575640406	0.461092315128	0.46060898985	0.840019333011	0.52537457709	0.466892218463	0.457225712905	0.511358144031	0.551957467376	0.343644272595	0.0	0.494925084582	0.552440792653	0.739004349928	0.68970517158	0.512808119865	0.58337361044	0.554374093765	0.619139681005	0.582406959884	0.728371193813	0.686805219913	0.593040115998	0.574190430159	0.551957467376	0.714838086032	0.655872402127	0.708071532141	0.699855002417	0.655389076849	0.684388593523	0.56935717738	0.58095698405	0.58337361044	0.579990333494	0.566457225713	0.681005316578	0.575640405993	0.682455292412	0.543740937651	0.652005799903
AA5	0.574190430159	0.512808119865	0.952150797487	0.631222812953	0.614306428226	0.463508941518	0.639922667956	0.399226679555	0.392943450942	0.52779120348	0.457225712905	0.538907684872	0.529241179314	0.880618656356	0.55099081682	0.541324311261	0.433542774287	0.444175930401	0.921701304978	0.761720637989	0.563073948768	0.473658772354	0.484775253746	0.497825036249	0.891735137748	0.581923634606	0.429676172064	0.444175930401	0.501208313195	0.563073948768	0.569840502658	0.494925084582	0.0	0.344127597873	0.666505558241	0.585790236829	0.470758820686	0.458675688739	0.468342194297	0.533107781537	0.473658772354	0.632672788787	0.594006766554	0.468825519575	0.511841469309	0.459642339294	0.70130497825	0.621556307395	0.65732237796	0.652489125181	0.640405993233	0.679555340744	0.527307878202	0.542774287095	0.568390526825	0.538424359594	0.532141130981	0.666505558241	0.553407443209	0.634122764621	0.490575157081	0.614306428226
AA6	0.588206863219	0.524407926535	0.956500724988	0.64572257129	0.644272595457	0.493475108748	0.662638956017	0.456742387627	0.449492508458	0.550507491542	0.516674722088	0.574190430159	0.535041082649	0.883035282745	0.581923634606	0.547124214596	0.486708554857	0.49540840986	0.934267762204	0.773320444659	0.608989850169	0.527307878202	0.537457709038	0.548090865152	0.903818269696	0.600773320445	0.48622522958	0.506524891252	0.556307394877	0.578540357661	0.620589656839	0.552440792653	0.344127597873	0.0	0.667955534074	0.582406959884	0.5186080232	0.485741904302	0.500724987917	0.559690671822	0.503624939584	0.665538907685	0.626389560174	0.507974867086	0.453842435959	0.41662638956	0.698888351861	0.623972933784	0.662638956017	0.655872402127	0.637022716288	0.676655389077	0.533107781537	0.545674238763	0.567423876269	0.542290961817	0.546157564041	0.662155630739	0.5601739971	0.639922667956	0.50459159014	0.618173030449
AB5	0.740937651039	0.666988883519	0.968583856936	0.714354760754	0.618656355727	0.631222812953	0.740937651039	0.65055582407	0.67133881102	0.704688255196	0.673755437409	0.593040115998	0.65732237796	0.903334944418	0.713388110198	0.69212179797	0.692605123248	0.681005316578	0.941517641373	0.810053165781	0.803769937168	0.730787820203	0.74528757854	0.742387626873	0.925567907202	0.760753987434	0.689221846303	0.716771387144	0.745770903818	0.751570807153	0.776703721605	0.739004349928	0.666505558241	0.667955534074	0.0	0.320927984534	0.62493958434	0.655389076849	0.609473175447	0.623972933784	0.599806669889	0.750604156597	0.734654422426	0.656355727405	0.611406476559	0.607056549058	0.623972933784	0.598840019333	0.619623006283	0.603189946834	0.619623006283	0.616723054616	0.591106814886	0.589656839053	0.61575640406	0.605606573224	0.649105848236	0.59497341711	0.65973900435	0.591590140164	0.662155630739	0.603189946834
AB6	0.683421942968	0.606089898502	0.961333977767	0.667472208797	0.596423392943	0.559207346544	0.676655389077	0.567423876269	0.593523441276	0.629289511841	0.616239729338	0.525857902368	0.608989850169	0.891735137748	0.645239246013	0.628322861286	0.64572257129	0.632189463509	0.93523441276	0.775737071049	0.744804253262	0.67133881102	0.678588690188	0.672788786854	0.919768003867	0.706621556307	0.630739487675	0.656839052682	0.678588690188	0.687771870469	0.728854519091	0.68970517158	0.585790236829	0.582406959884	0.320927984534	0.0	0.565973900435	0.57177380377	0.552440792653	0.560657322378	0.538424359594	0.681488641856	0.661672305462	0.555824069599	0.544707588207	0.532141130981	0.615273078782	0.534557757371	0.579023682939	0.570807153214	0.561140647656	0.585790236829	0.53697438376	0.550507491542	0.57177380377	0.56259062349	0.597873368777	0.568873852102	0.602223296278	0.550507491542	0.615273078782	0.538907684872
AC5	0.618173030449	0.573223779604	0.969550507492	0.654905751571	0.632672788787	0.470758820686	0.688738521025	0.458675688739	0.452392460126	0.575640405993	0.41662638956	0.566457225713	0.551474142098	0.896568390527	0.633156114065	0.585790236829	0.46060898985	0.434026099565	0.948284195263	0.782986950217	0.618173030449	0.547124214596	0.496858385694	0.49299178347	0.918318028033	0.60657322378	0.446109231513	0.509908168197	0.537457709038	0.589173513775	0.545674238763	0.512808119865	0.470758820686	0.5186080232	0.62493958434	0.565973900435	0.0	0.445142580957	0.461575640406	0.574190430159	0.515708071532	0.727887868536	0.676172063799	0.551474142098	0.479942000967	0.473175447076	0.620106331561	0.565007249879	0.62493958434	0.607056549058	0.577573707105	0.607056549058	0.518124697922	0.494925084582	0.509424842919	0.503141614306	0.567907201547	0.598356694055	0.577573707105	0.581923634606	0.512808119865	0.562107298212
AC6	0.620106331561	0.515224746254	0.94683421943	0.635089415176	0.588206863219	0.502174963751	0.553407443209	0.475108748188	0.507974867086	0.466892218463	0.549540840986	0.523924601257	0.55099081682	0.86805219913	0.533591106815	0.560657322378	0.551957467376	0.55099081682	0.91445142581	0.751087481875	0.638472692122	0.570807153214	0.589173513775	0.578057032383	0.891735137748	0.597873368777	0.530691155147	0.549057515708	0.563073948768	0.574190430159	0.641855969067	0.58337361044	0.458675688739	0.485741904302	0.655389076849	0.57177380377	0.445142580957	0.0	0.522474625423	0.499758337361	0.489608506525	0.507491541808	0.457709038183	0.413243112615	0.543257612373	0.541807636539	0.6805219913	0.61575640406	0.649589173514	0.640889318511	0.635572740454	0.664088931851	0.570807153214	0.565973900435	0.579023682939	0.557274045433	0.548090865152	0.654905751571	0.563557274045	0.614789753504	0.534074432093	0.617206379894
AD6	0.620106331561	0.540840985984	0.968583856936	0.629772837119	0.594490091832	0.443209279845	0.642822619623	0.443209279845	0.467375543741	0.54857419043	0.465442242629	0.516674722088	0.521991300145	0.894635089415	0.59497341711	0.559207346544	0.487675205413	0.477525374577	0.953117448043	0.790720154664	0.619139681005	0.54857419043	0.561623972934	0.550024166264	0.917351377477	0.605123247946	0.505558240696	0.534557757371	0.559207346544	0.592073465442	0.607539874335	0.554374093765	0.468342194297	0.500724987917	0.609473175447	0.552440792653	0.461575640406	0.522474625423	0.0	0.537941034316	0.413243112615	0.702271628806	0.670855485742	0.542774287095	0.458192363461	0.444175930401	0.597390043499	0.528757854036	0.578540357661	0.567423876269	0.545674238763	0.57177380377	0.461092315128	0.458675688739	0.470275495408	0.487191880135	0.542290961817	0.559207346544	0.559207346544	0.5601739971	0.475592073465	0.53020782987
AE5	0.611406476559	0.512808119865	0.970517158047	0.623972933784	0.5601739971	0.535041082649	0.592073465442	0.529241179314	0.576123731271	0.539874335428	0.603673272112	0.498308361527	0.555824069599	0.890285161914	0.541324311261	0.545674238763	0.578540357661	0.587723537941	0.936684388594	0.772353794103	0.704204929918	0.631222812953	0.640889318511	0.637506041566	0.890768487192	0.653939101015	0.600289995167	0.599323344611	0.624456259062	0.63653939101	0.665538907685	0.619139681005	0.533107781537	0.559690671822	0.623972933784	0.560657322378	0.574190430159	0.499758337361	0.537941034316	0.0	0.341227646206	0.624456259062	0.598840019333	0.50700821653	0.597390043499	0.598356694055	0.647655872402	0.586273562107	0.613823102948	0.616239729338	0.609956500725	0.639922667956	0.53020782987	0.551957467376	0.58095698405	0.534074432093	0.533591106815	0.62493958434	0.543740937651	0.600289995167	0.555824069599	0.594490091832
AE6	0.596906718221	0.482358627356	0.969550507492	0.619139681005	0.554374093765	0.480425326245	0.597390043499	0.466892218463	0.505074915418	0.530691155147	0.522474625423	0.498791686805	0.507974867086	0.892218463026	0.553407443209	0.522957950701	0.528757854036	0.516674722088	0.936684388594	0.772353794103	0.668438859352	0.587723537941	0.605606573224	0.589656839053	0.898501691638	0.625906234896	0.547124214596	0.564040599323	0.594006766554	0.60415659739	0.630256162397	0.582406959884	0.473658772354	0.503624939584	0.599806669889	0.538424359594	0.515708071532	0.489608506525	0.413243112615	0.341227646206	0.0	0.657805703238	0.621556307395	0.487191880135	0.522474625423	0.522474625423	0.626389560174	0.554374093765	0.582890285162	0.585306911551	0.579990333494	0.611889801837	0.487675205413	0.479458675689	0.50459159014	0.484775253746	0.508458192363	0.598356694055	0.522957950701	0.574673755437	0.497341710971	0.5601739971
AF5	0.718221362977	0.647172547124	0.929917834703	0.680038666022	0.681005316578	0.697438376027	0.565973900435	0.649589173514	0.689221846303	0.588690188497	0.73368777187	0.639922667956	0.68970517158	0.853069115515	0.599806669889	0.687288545191	0.732721121315	0.73368777187	0.873852102465	0.735621072982	0.723537941034	0.686321894635	0.732237796037	0.724021266312	0.870952150797	0.70372160464	0.708071532141	0.691155147414	0.672305461576	0.671822136298	0.77090381827	0.728371193813	0.632672788787	0.665538907685	0.750604156597	0.681488641856	0.727887868536	0.507491541808	0.702271628806	0.624456259062	0.657805703238	0.0	0.288545190913	0.549057515708	0.731754470759	0.724021266312	0.774770420493	0.721121314645	0.744804253262	0.728854519091	0.743837602707	0.764620589657	0.710971483809	0.731754470759	0.735137747704	0.714838086032	0.689221846303	0.748187530208	0.690188496858	0.710004833253	0.72450459159	0.721604639923
AF6	0.693088448526	0.602706621556	0.929434509425	0.670372160464	0.668438859352	0.655872402127	0.547607539874	0.607056549058	0.64813919768	0.551957467376	0.695505074915	0.618656355727	0.652005799903	0.853069115515	0.570323827936	0.644272595457	0.695505074915	0.695021749638	0.883035282745	0.73852102465	0.697921701305	0.654422426293	0.693088448526	0.686805219913	0.876752054132	0.673755437409	0.665055582407	0.65055582407	0.641372643789	0.643789270179	0.739971000483	0.686805219913	0.594006766554	0.626389560174	0.734654422426	0.661672305462	0.676172063799	0.457709038183	0.670855485742	0.598840019333	0.621556307395	0.288545190913	0.0	0.512808119865	0.694055099082	0.684388593523	0.766070565491	0.710488158531	0.739487675205	0.722571290478	0.719671338811	0.757854035766	0.672788786854	0.690671822136	0.698405026583	0.676172063799	0.64572257129	0.737554374094	0.646689221846	0.698888351861	0.681971967134	0.700338327695
