	AA3	AA4	AB3	AB4	AC3	AC4	AD3	AD4	AE3	AE4	AF3	AF4	AG3	AG4	AH3	AH4	AA7	AA8	AB7	AB8	AC7	AC8	AD7	AD8	AE7	AE8	AF7	AF8	AG7	AG8	AH7	AH8	AA5	AA6	AB5	AB6	AC5	AC6	AD6	AE5	AE6	AF5	AF6	AG5	AH5	AH6	AA1	AA2	AB1	AB2	AC1	AC2	AD1	AD2	AE1	AE2	AF1	AF2	AG1	AG2	AH1	AH2
AA3	0.0	0.48380860319	0.935717738038	0.645239246013	0.659255679072	0.577573707105	0.674238762687	0.59497341711	0.559690671822	0.618656355727	0.608989850169	0.612856452392	0.596423392943	0.849685838569	0.652489125181	0.338811019816	0.582890285162	0.576123731271	0.867085548574	0.72450459159	0.617206379894	0.574190430159	0.579023682939	0.573223779604	0.829386176897	0.588690188497	0.575640405993	0.566940550991	0.559207346544	0.589656839053	0.587723537941	0.562107298212	0.584340260996	0.597390043499	0.750120831319	0.677622039633	0.607539874335	0.636056065732	0.607539874335	0.628806186564	0.609956500725	0.725471242146	0.690188496858	0.620589656839	0.630739487675	0.619139681005	0.687288545191	0.661672305462	0.721604639923	0.688738521025	0.650072498792	0.675205413243	0.591106814886	0.575157080715	0.564523924601	0.564523924601	0.573223779604	0.66892218463	0.581440309328	0.668438859352	0.583856935718	0.636056065732
AA4	0.48380860319	0.0	0.945867568874	0.578057032383	0.561623972934	0.485258579024	0.585306911551	0.465442242629	0.48622522958	0.503624939584	0.555824069599	0.502658289029	0.487191880135	0.855485741904	0.373127114548	0.363943934268	0.52537457709	0.521024649589	0.885451909135	0.730787820203	0.652005799903	0.563073948768	0.572257129048	0.572257129048	0.869985500242	0.616723054616	0.537457709038	0.541807636539	0.578540357661	0.595456742388	0.622522957951	0.579023682939	0.498308361527	0.516674722088	0.660705654906	0.588206863219	0.561140647656	0.522957950701	0.529724504592	0.512324794587	0.478975350411	0.641372643789	0.590623489609	0.50700821653	0.577090381827	0.549540840986	0.636056065732	0.585790236829	0.629289511841	0.611406476559	0.592073465442	0.631222812953	0.5186080232	0.500241662639	0.519091348478	0.496375060416	0.495891735138	0.609473175447	0.510874818753	0.593523441276	0.520541324311	0.565007249879
AB3	0.935717738038	0.945867568874	0.0	0.674722087965	0.918801353311	0.95360077332	0.957467375544	0.947317544708	0.930884485259	0.956984050266	0.973417109715	0.933784436926	0.967133881102	0.341710971484	0.960850652489	0.935717738038	0.971000483325	0.96761720638	0.743837602707	0.776703721605	0.89125181247	0.911551474142	0.959884001933	0.952150797487	0.847752537458	0.904301594973	0.949734171097	0.934267762204	0.855485741904	0.838086031899	0.953117448043	0.951667472209	0.956500724988	0.959884001933	0.974867085549	0.965683905268	0.973900434993	0.958917351377	0.972450459159	0.972933784437	0.971967133881	0.93523441276	0.935717738038	0.948767520541	0.980666988884	0.971967133881	0.972450459159	0.972933784437	0.969550507492	0.971000483325	0.973417109715	0.971967133881	0.974867085549	0.973900434993	0.97921701305	0.973417109715	0.972933784437	0.971967133881	0.972933784437	0.972933784437	0.972933784437	0.973900434993
AB4	0.645239246013	0.578057032383	0.674722087965	0.0	0.634122764621	0.610439826003	0.688255195747	0.614789753504	0.608989850169	0.629772837119	0.656839052682	0.607056549058	0.498308361527	0.565490575157	0.609956500725	0.588206863219	0.64572257129	0.637506041566	0.72692121798	0.600773320445	0.65973900435	0.627839536008	0.657805703238	0.651039149348	0.795553407443	0.651039149348	0.652489125181	0.646205896568	0.548090865152	0.561623972934	0.691155147414	0.652972450459	0.64572257129	0.65732237796	0.729337844369	0.679072015466	0.661672305462	0.648622522958	0.633156114065	0.642339294345	0.621556307395	0.667472208797	0.662638956017	0.632189463509	0.694055099082	0.677138714355	0.696955050749	0.668438859352	0.696955050749	0.68970517158	0.665538907685	0.683905268246	0.635089415176	0.640405993233	0.655872402127	0.633639439343	0.648622522958	0.673272112131	0.641372643789	0.674722087965	0.644755920735	0.665055582407
AC3	0.659255679072	0.561623972934	0.918801353311	0.634122764621	0.0	0.498308361527	0.639922667956	0.546157564041	0.556307394877	0.587723537941	0.617689705172	0.315128081199	0.606089898502	0.833736104398	0.595940067666	0.595456742388	0.614306428226	0.606089898502	0.873368777187	0.747220879652	0.729337844369	0.679072015466	0.714838086032	0.708554857419	0.828419526341	0.688255195747	0.658772353794	0.671822136298	0.673755437409	0.685355244079	0.699371677139	0.665055582407	0.602706621556	0.631706138231	0.607539874335	0.573223779604	0.611406476559	0.570807153214	0.578540357661	0.538424359594	0.551474142098	0.660222329628	0.64572257129	0.568873852102	0.640405993233	0.630256162397	0.582406959884	0.579023682939	0.579507008217	0.572740454326	0.578057032383	0.577090381827	0.542774287095	0.568873852102	0.570807153214	0.549057515708	0.621072982117	0.565490575157	0.615273078782	0.574673755437	0.620106331561	0.560657322378
AC4	0.577573707105	0.485258579024	0.95360077332	0.610439826003	0.498308361527	0.0	0.61575640406	0.404059932334	0.402609956501	0.490575157081	0.352344127598	0.418076365394	0.494441759304	0.859352344128	0.558724021266	0.526341227646	0.476075398743	0.459642339294	0.922667955534	0.767520541324	0.593040115998	0.526824552924	0.511358144031	0.51377477042	0.883518608023	0.566457225713	0.48622522958	0.50700821653	0.527307878202	0.556790720155	0.573223779604	0.51619139681	0.444659255679	0.470275495408	0.644755920735	0.567907201547	0.473175447076	0.498308361527	0.435476075399	0.546640889319	0.464958917351	0.685355244079	0.64572257129	0.501691638473	0.511841469309	0.499758337361	0.654422426293	0.599806669889	0.622039632673	0.602223296278	0.595456742388	0.637022716288	0.521507974867	0.508458192363	0.499758337361	0.503624939584	0.539874335428	0.616723054616	0.544707588207	0.589656839053	0.478492025133	0.573707104882
AD3	0.674238762687	0.585306911551	0.957467375544	0.688255195747	0.639922667956	0.61575640406	0.0	0.52779120348	0.632189463509	0.37506041566	0.686805219913	0.598840019333	0.647172547124	0.86805219913	0.586273562107	0.641855969067	0.684388593523	0.684388593523	0.936201063316	0.779120347994	0.719671338811	0.69453842436	0.698405026583	0.692605123248	0.913001449976	0.694055099082	0.698405026583	0.68970517158	0.692605123248	0.685838569357	0.719188013533	0.69453842436	0.634122764621	0.661672305462	0.73610439826	0.669405509908	0.673755437409	0.542774287095	0.632672788787	0.589173513775	0.584340260996	0.56259062349	0.528274528758	0.562107298212	0.707104881585	0.69212179797	0.766070565491	0.712421459642	0.749637506042	0.728854519091	0.721604639923	0.752537457709	0.674238762687	0.663122281295	0.678588690188	0.653939101015	0.638472692122	0.727887868536	0.642822619623	0.718221362977	0.691638472692	0.698888351861
AD4	0.59497341711	0.465442242629	0.947317544708	0.614789753504	0.546157564041	0.404059932334	0.52779120348	0.0	0.303528274529	0.390526824553	0.435959400677	0.484291928468	0.490575157081	0.861285645239	0.534557757371	0.53020782987	0.452392460126	0.441759304012	0.933301111648	0.774287095215	0.573223779604	0.502174963751	0.506041565974	0.499758337361	0.898018366361	0.588206863219	0.449492508458	0.464958917351	0.500724987917	0.558724021266	0.55775737071	0.507974867086	0.40502658289	0.444175930401	0.642822619623	0.5601739971	0.452392460126	0.476558724021	0.435476075399	0.550024166264	0.46060898985	0.655872402127	0.612856452392	0.479458675689	0.503141614306	0.473658772354	0.651522474625	0.603673272112	0.630256162397	0.616723054616	0.599323344611	0.639439342678	0.515708071532	0.506041565974	0.502174963751	0.500724987917	0.528274528758	0.622039632673	0.549057515708	0.610923151281	0.499275012083	0.579990333494
AE3	0.559690671822	0.48622522958	0.930884485259	0.608989850169	0.556307394877	0.402609956501	0.632189463509	0.303528274529	0.0	0.490091831803	0.401643305945	0.493475108748	0.497825036249	0.845819236346	0.557274045433	0.519091348478	0.446109231513	0.433059449009	0.913001449976	0.758337361044	0.545674238763	0.483325277912	0.478975350411	0.484291928468	0.887385210246	0.579507008217	0.432092798453	0.453842435959	0.474142097632	0.544224262929	0.543257612373	0.496858385694	0.394393426776	0.454325761237	0.653939101015	0.576123731271	0.443209279845	0.50700821653	0.443692605123	0.589173513775	0.50459159014	0.687771870469	0.644272595457	0.509424842919	0.495891735138	0.462058965684	0.652972450459	0.604639922668	0.631706138231	0.625906234896	0.604639922668	0.644755920735	0.519091348478	0.516674722088	0.506041565974	0.509424842919	0.53697438376	0.629289511841	0.558240695988	0.608023199613	0.485741904302	0.583856935718
AE4	0.618656355727	0.503624939584	0.956984050266	0.629772837119	0.587723537941	0.490575157081	0.37506041566	0.390526824553	0.490091831803	0.0	0.565973900435	0.523924601257	0.553890768487	0.863702271629	0.53939101015	0.562107298212	0.565490575157	0.559690671822	0.93281778637	0.775737071049	0.651039149348	0.575640405993	0.580473658772	0.568390526825	0.906718221363	0.614306428226	0.569840502658	0.565973900435	0.574673755437	0.594490091832	0.623489608507	0.578540357661	0.516674722088	0.53939101015	0.681971967134	0.610439826003	0.55099081682	0.466408893185	0.524891251812	0.529241179314	0.489125181247	0.601256645723	0.56259062349	0.488641855969	0.592073465442	0.575640405993	0.701788303528	0.658289028516	0.690671822136	0.679555340744	0.65732237796	0.691638472692	0.599806669889	0.563557274045	0.565973900435	0.573707104882	0.570323827936	0.676655389077	0.581923634606	0.671822136298	0.573223779604	0.640889318511
AF3	0.608989850169	0.555824069599	0.973417109715	0.656839052682	0.617689705172	0.352344127598	0.686805219913	0.435959400677	0.401643305945	0.565973900435	0.0	0.532141130981	0.53020782987	0.887385210246	0.617689705172	0.577573707105	0.438859352344	0.423876268729	0.956984050266	0.805703238279	0.588206863219	0.544707588207	0.435959400677	0.443692605123	0.915418076365	0.607056549058	0.42822619623	0.492508458192	0.532141130981	0.589173513775	0.522957950701	0.493475108748	0.429676172064	0.501691638473	0.671822136298	0.609473175447	0.414693088449	0.547607539874	0.456742387627	0.61333977767	0.525857902368	0.72692121798	0.691638472692	0.550024166264	0.510874818753	0.49540840986	0.667472208797	0.616239729338	0.656839052682	0.632189463509	0.609473175447	0.652489125181	0.544707588207	0.517158047366	0.515224746254	0.523441275979	0.58337361044	0.634122764621	0.584823586274	0.612373127115	0.501208313195	0.59255679072
AF4	0.612856452392	0.502658289029	0.933784436926	0.607056549058	0.315128081199	0.418076365394	0.598840019333	0.484291928468	0.493475108748	0.523924601257	0.532141130981	0.0	0.555824069599	0.843885935234	0.544224262929	0.53939101015	0.563557274045	0.5601739971	0.878685355244	0.737554374094	0.696471725471	0.626872885452	0.655389076849	0.646205896568	0.843885935234	0.6389560174	0.599806669889	0.61333977767	0.628322861286	0.637022716288	0.663122281295	0.621556307395	0.547607539874	0.575157080715	0.611889801837	0.537457709038	0.552924117931	0.524891251812	0.527307878202	0.489608506525	0.505074915418	0.625422909618	0.610439826003	0.516674722088	0.582890285162	0.568873852102	0.589656839053	0.535041082649	0.568390526825	0.552440792653	0.535041082649	0.570807153214	0.498308361527	0.50459159014	0.5186080232	0.507974867086	0.57177380377	0.551957467376	0.57177380377	0.533591106815	0.561140647656	0.521024649589
AG3	0.596423392943	0.487191880135	0.967133881102	0.498308361527	0.606089898502	0.494441759304	0.647172547124	0.490575157081	0.497825036249	0.553890768487	0.53020782987	0.555824069599	0.0	0.855969067182	0.530691155147	0.540840985984	0.503141614306	0.489125181247	0.93523441276	0.78250362494	0.666988883519	0.587240212663	0.573223779604	0.590623489609	0.897051715805	0.639439342678	0.531657805703	0.5601739971	0.594490091832	0.611889801837	0.637506041566	0.579023682939	0.514741420976	0.520541324311	0.665538907685	0.607056549058	0.534074432093	0.535041082649	0.511358144031	0.579023682939	0.499275012083	0.681005316578	0.643305944901	0.522957950701	0.568390526825	0.537457709038	0.634606089899	0.594006766554	0.620589656839	0.619623006283	0.590623489609	0.610439826003	0.524891251812	0.523924601257	0.535041082649	0.519574673755	0.555340744321	0.611406476559	0.567423876269	0.609473175447	0.511358144031	0.579990333494
AG4	0.849685838569	0.855485741904	0.341710971484	0.565490575157	0.833736104398	0.859352344128	0.86805219913	0.861285645239	0.845819236346	0.863702271629	0.887385210246	0.843885935234	0.855969067182	0.0	0.874335427743	0.843885935234	0.89125181247	0.887385210246	0.710488158531	0.699371677139	0.814403093282	0.833736104398	0.878685355244	0.870952150797	0.824552924118	0.831802803287	0.86805219913	0.854035766071	0.769937167714	0.740454325761	0.883035282745	0.867085548574	0.869985500242	0.874335427743	0.901401643306	0.891735137748	0.894151764137	0.865152247463	0.885935234413	0.880135331078	0.883035282745	0.852102464959	0.852585790237	0.862735621073	0.904784920251	0.892701788304	0.883035282745	0.88883518608	0.885935234413	0.883518608023	0.891735137748	0.888351860802	0.893185113581	0.88883518608	0.898501691638	0.889801836636	0.890768487192	0.887385210246	0.887385210246	0.885935234413	0.889318511358	0.88883518608
AH3	0.652489125181	0.373127114548	0.960850652489	0.609956500725	0.595940067666	0.558724021266	0.586273562107	0.534557757371	0.557274045433	0.53939101015	0.617689705172	0.544224262929	0.530691155147	0.874335427743	0.0	0.52537457709	0.594490091832	0.585790236829	0.920734654422	0.771387143548	0.712421459642	0.62735621073	0.629289511841	0.637022716288	0.898501691638	0.695505074915	0.625906234896	0.628806186564	0.651039149348	0.668438859352	0.686321894635	0.641855969067	0.543740937651	0.584823586274	0.706138231029	0.634122764621	0.627839536008	0.556790720155	0.600289995167	0.550507491542	0.541807636539	0.602706621556	0.572740454326	0.546157564041	0.652972450459	0.618656355727	0.694055099082	0.628322861286	0.655389076849	0.652972450459	0.642822619623	0.676655389077	0.590623489609	0.591106814886	0.602223296278	0.590140164331	0.56935717738	0.664088931851	0.577573707105	0.637022716288	0.59497341711	0.607539874335
AH4	0.338811019816	0.363943934268	0.935717738038	0.588206863219	0.595456742388	0.526341227646	0.641855969067	0.53020782987	0.519091348478	0.562107298212	0.577573707105	0.53939101015	0.540840985984	0.843885935234	0.52537457709	0.0	0.542290961817	0.538424359594	0.873368777187	0.72692121798	0.631706138231	0.56259062349	0.569840502658	0.566940550991	0.840019333011	0.595940067666	0.559207346544	0.556790720155	0.561140647656	0.587723537941	0.597873368777	0.556307394877	0.547607539874	0.552440792653	0.695021749638	0.622522957951	0.587240212663	0.58337361044	0.559207346544	0.568390526825	0.538907684872	0.6805219913	0.642339294345	0.56935717738	0.609473175447	0.586756887385	0.654905751571	0.609473175447	0.663605606573	0.633639439343	0.606089898502	0.643305944901	0.53697438376	0.527307878202	0.535524407927	0.514741420976	0.509908168197	0.626872885452	0.520057999033	0.612856452392	0.550024166264	0.592073465442
AA7	0.582890285162	0.52537457709	0.971000483325	0.64572257129	0.614306428226	0.476075398743	0.684388593523	0.452392460126	0.446109231513	0.565490575157	0.438859352344	0.563557274045	0.503141614306	0.89125181247	0.594490091832	0.542290961817	0.0	0.269212179797	0.927501208313	0.785886901885	0.590623489609	0.520057999033	0.473175447076	0.481875302078	0.873368777187	0.588206863219	0.432576123731	0.459159014016	0.531657805703	0.583856935718	0.517641372644	0.429192846786	0.414693088449	0.48622522958	0.698405026583	0.633639439343	0.454809086515	0.552924117931	0.488641855969	0.602706621556	0.539874335428	0.724987916868	0.69212179797	0.560657322378	0.533107781537	0.502658289029	0.655389076849	0.60657322378	0.656355727405	0.643789270179	0.589656839053	0.632672788787	0.515708071532	0.520057999033	0.502658289029	0.50700821653	0.539874335428	0.610923151281	0.547607539874	0.625906234896	0.497825036249	0.575640405993
AA8	0.576123731271	0.521024649589	0.96761720638	0.637506041566	0.606089898502	0.459642339294	0.684388593523	0.441759304012	0.433059449009	0.559690671822	0.423876268729	0.5601739971	0.489125181247	0.887385210246	0.585790236829	0.538424359594	0.269212179797	0.0	0.9212179797	0.777187046883	0.577090381827	0.506524891252	0.454809086515	0.465925567907	0.865152247463	0.577090381827	0.417593040116	0.448042532624	0.514741420976	0.574673755437	0.467858869019	0.385693571774	0.411793136781	0.483325277912	0.694055099082	0.630739487675	0.448042532624	0.551474142098	0.479942000967	0.594490091832	0.533591106815	0.724021266312	0.688255195747	0.554374093765	0.530691155147	0.500724987917	0.643305944901	0.601256645723	0.652005799903	0.638472692122	0.586273562107	0.623006283229	0.506524891252	0.515224746254	0.497825036249	0.497825036249	0.534557757371	0.605606573224	0.541807636539	0.622522957951	0.490575157081	0.571290478492
AB7	0.867085548574	0.885451909135	0.743837602707	0.72692121798	0.873368777187	0.922667955534	0.936201063316	0.933301111648	0.913001449976	0.93281778637	0.956984050266	0.878685355244	0.93523441276	0.710488158531	0.920734654422	0.873368777187	0.927501208313	0.9212179797	0.0	0.405993233446	0.813436442726	0.834702754954	0.925084581924	0.916384726921	0.743837602707	0.82165297245	0.897051715805	0.874335427743	0.752537457709	0.690188496858	0.889318511358	0.904784920251	0.919284678589	0.93523441276	0.945867568874	0.933784436926	0.94683421943	0.921701304978	0.945384243596	0.925084581924	0.941034316095	0.880135331078	0.871918801353	0.906718221363	0.952634122765	0.947317544708	0.930884485259	0.927984533591	0.929434509425	0.933784436926	0.93281778637	0.922667955534	0.922184630256	0.920734654422	0.925567907202	0.918318028033	0.916868052199	0.918318028033	0.918801353311	0.925567907202	0.952150797487	0.929434509425
AB8	0.72450459159	0.730787820203	0.776703721605	0.600773320445	0.747220879652	0.767520541324	0.779120347994	0.774287095215	0.758337361044	0.775737071049	0.805703238279	0.737554374094	0.78250362494	0.699371677139	0.771387143548	0.72692121798	0.785886901885	0.777187046883	0.405993233446	0.0	0.661188980184	0.678105364911	0.764620589657	0.753504108265	0.728371193813	0.671822136298	0.737554374094	0.71532141131	0.555340744321	0.533107781537	0.750604156597	0.753504108265	0.769453842436	0.784920251329	0.817303044949	0.781536974384	0.786853552441	0.762203963267	0.785403576607	0.78008699855	0.779603673272	0.744320927985	0.729821169647	0.749637506042	0.799420009667	0.792170130498	0.819236346061	0.777187046883	0.79168680522	0.781053649106	0.786370227163	0.793620106332	0.776703721605	0.775253745771	0.777187046883	0.773320444659	0.773803769937	0.778637022716	0.773803769937	0.778153697438	0.794103431609	0.776220396327
AC7	0.617206379894	0.652005799903	0.89125181247	0.65973900435	0.729337844369	0.593040115998	0.719671338811	0.573223779604	0.545674238763	0.651039149348	0.588206863219	0.696471725471	0.666988883519	0.814403093282	0.712421459642	0.631706138231	0.590623489609	0.577090381827	0.813436442726	0.661188980184	0.0	0.368293861769	0.565490575157	0.554857419043	0.825519574674	0.589173513775	0.537457709038	0.507974867086	0.455775737071	0.493958434026	0.559690671822	0.532624456259	0.551957467376	0.60415659739	0.808119864669	0.739004349928	0.616723054616	0.655389076849	0.623972933784	0.73610439826	0.673272112131	0.737554374094	0.699855002417	0.643305944901	0.634122764621	0.619139681005	0.818269695505	0.770420492992	0.802319961334	0.796520057999	0.754470758821	0.796520057999	0.682455292412	0.677138714355	0.663605606573	0.675205413243	0.667472208797	0.787820202997	0.672788786854	0.771870468826	0.611406476559	0.746737554374
AC8	0.574190430159	0.563073948768	0.911551474142	0.627839536008	0.679072015466	0.526824552924	0.69453842436	0.502174963751	0.483325277912	0.575640405993	0.544707588207	0.626872885452	0.587240212663	0.833736104398	0.62735621073	0.56259062349	0.520057999033	0.506524891252	0.834702754954	0.678105364911	0.368293861769	0.0	0.492025132914	0.486708554857	0.831802803287	0.536007733204	0.405993233446	0.374093765104	0.429676172064	0.479458675689	0.532624456259	0.486708554857	0.485741904302	0.52537457709	0.729337844369	0.65732237796	0.54857419043	0.580473658772	0.551957467376	0.65055582407	0.593523441276	0.688738521025	0.642822619623	0.570807153214	0.558240695988	0.53697438376	0.728854519091	0.679555340744	0.724987916868	0.721121314645	0.67133881102	0.706621556307	0.599323344611	0.589656839053	0.578540357661	0.585790236829	0.573223779604	0.694055099082	0.590623489609	0.70130497825	0.534557757371	0.65973900435
AD7	0.579023682939	0.572257129048	0.959884001933	0.657805703238	0.714838086032	0.511358144031	0.698405026583	0.506041565974	0.478975350411	0.580473658772	0.435959400677	0.655389076849	0.573223779604	0.878685355244	0.629289511841	0.569840502658	0.473175447076	0.454809086515	0.925084581924	0.764620589657	0.565490575157	0.492025132914	0.0	0.31029482842	0.88883518608	0.509908168197	0.412759787337	0.452392460126	0.477525374577	0.551957467376	0.498308361527	0.46060898985	0.466892218463	0.532141130981	0.742387626873	0.666022232963	0.499275012083	0.593040115998	0.553407443209	0.648622522958	0.592073465442	0.725954567424	0.684871918801	0.593523441276	0.564040599323	0.55099081682	0.740454325761	0.679555340744	0.733204446593	0.722571290478	0.67133881102	0.709038182697	0.609956500725	0.600773320445	0.580473658772	0.594490091832	0.578057032383	0.699855002417	0.599806669889	0.693571773804	0.545674238763	0.654905751571
AD8	0.573223779604	0.572257129048	0.952150797487	0.651039149348	0.708554857419	0.51377477042	0.692605123248	0.499758337361	0.484291928468	0.568390526825	0.443692605123	0.646205896568	0.590623489609	0.870952150797	0.637022716288	0.566940550991	0.481875302078	0.465925567907	0.916384726921	0.753504108265	0.554857419043	0.486708554857	0.31029482842	0.0	0.839536007733	0.475108748188	0.404059932334	0.43740937651	0.457225712905	0.526824552924	0.493475108748	0.464958917351	0.478492025133	0.537941034316	0.739971000483	0.663605606573	0.488158530691	0.58337361044	0.547607539874	0.646205896568	0.590140164331	0.72450459159	0.686321894635	0.585306911551	0.561623972934	0.552924117931	0.740937651039	0.679555340744	0.738037699372	0.72692121798	0.672305461576	0.712421459642	0.608023199613	0.596423392943	0.573707104882	0.589173513775	0.590623489609	0.703238279362	0.605123247946	0.699855002417	0.544707588207	0.65732237796
AE7	0.829386176897	0.869985500242	0.847752537458	0.795553407443	0.828419526341	0.883518608023	0.913001449976	0.898018366361	0.887385210246	0.906718221363	0.915418076365	0.843885935234	0.897051715805	0.824552924118	0.898501691638	0.840019333011	0.873368777187	0.865152247463	0.743837602707	0.728371193813	0.825519574674	0.831802803287	0.88883518608	0.839536007733	0.0	0.547124214596	0.874335427743	0.857902368294	0.765587240213	0.752537457709	0.837119381344	0.842435959401	0.894151764137	0.908168197197	0.932334461092	0.915418076365	0.916868052199	0.906718221363	0.909134847753	0.881101981634	0.907201546641	0.8796520058	0.874335427743	0.87046882552	0.937167713871	0.92363460609	0.892218463026	0.905268245529	0.907684871919	0.898501691638	0.898985016916	0.895601739971	0.88883518608	0.899951667472	0.90285161914	0.889318511358	0.909134847753	0.885451909135	0.90043499275	0.902368293862	0.918318028033	0.896568390527
AE8	0.588690188497	0.616723054616	0.904301594973	0.651039149348	0.688255195747	0.566457225713	0.694055099082	0.588206863219	0.579507008217	0.614306428226	0.607056549058	0.6389560174	0.639439342678	0.831802803287	0.695505074915	0.595940067666	0.588206863219	0.577090381827	0.82165297245	0.671822136298	0.589173513775	0.536007733204	0.509908168197	0.475108748188	0.547124214596	0.0	0.554374093765	0.541324311261	0.509424842919	0.512324794587	0.558240695988	0.55099081682	0.589656839053	0.600773320445	0.765587240213	0.69453842436	0.612373127115	0.61575640406	0.601739971	0.665055582407	0.639922667956	0.696955050749	0.659255679072	0.608989850169	0.630739487675	0.623489608507	0.754470758821	0.70372160464	0.760753987434	0.733204446593	0.702271628806	0.739004349928	0.655389076849	0.642822619623	0.625422909618	0.636056065732	0.645239246013	0.717254712421	0.652972450459	0.716288061866	0.611889801837	0.68293861769
AF7	0.575640405993	0.537457709038	0.949734171097	0.652489125181	0.658772353794	0.48622522958	0.698405026583	0.449492508458	0.432092798453	0.569840502658	0.42822619623	0.599806669889	0.531657805703	0.86805219913	0.625906234896	0.559207346544	0.432576123731	0.417593040116	0.897051715805	0.737554374094	0.537457709038	0.405993233446	0.412759787337	0.404059932334	0.874335427743	0.554374093765	0.0	0.306428226196	0.461092315128	0.524891251812	0.482358627356	0.46979217013	0.414209763171	0.487191880135	0.693571773804	0.620589656839	0.442725954567	0.540357660706	0.498308361527	0.609473175447	0.543740937651	0.708071532141	0.667955534074	0.537457709038	0.516674722088	0.494925084582	0.673755437409	0.629289511841	0.687288545191	0.679555340744	0.620589656839	0.656355727405	0.555340744321	0.542290961817	0.528757854036	0.538424359594	0.558724021266	0.642822619623	0.573707104882	0.65055582407	0.487675205413	0.607056549058
AF8	0.566940550991	0.541807636539	0.934267762204	0.646205896568	0.671822136298	0.50700821653	0.68970517158	0.464958917351	0.453842435959	0.565973900435	0.492508458192	0.61333977767	0.5601739971	0.854035766071	0.628806186564	0.556790720155	0.459159014016	0.448042532624	0.874335427743	0.71532141131	0.507974867086	0.374093765104	0.452392460126	0.43740937651	0.857902368294	0.541324311261	0.306428226196	0.0	0.438859352344	0.50700821653	0.509908168197	0.457225712905	0.42822619623	0.505558240696	0.713388110198	0.6389560174	0.478008699855	0.556790720155	0.524891251812	0.620589656839	0.568873852102	0.693088448526	0.653939101015	0.549057515708	0.541324311261	0.522474625423	0.698405026583	0.643305944901	0.70372160464	0.698405026583	0.636056065732	0.669405509908	0.570323827936	0.559690671822	0.543257612373	0.553890768487	0.554374093765	0.662638956017	0.570807153214	0.674722087965	0.500724987917	0.625422909618
AG7	0.559207346544	0.578540357661	0.855485741904	0.548090865152	0.673755437409	0.527307878202	0.692605123248	0.500724987917	0.474142097632	0.574673755437	0.532141130981	0.628322861286	0.594490091832	0.769937167714	0.651039149348	0.561140647656	0.531657805703	0.514741420976	0.752537457709	0.555340744321	0.455775737071	0.429676172064	0.477525374577	0.457225712905	0.765587240213	0.509424842919	0.461092315128	0.438859352344	0.0	0.320927984534	0.52537457709	0.492025132914	0.49540840986	0.548090865152	0.74528757854	0.664572257129	0.523441275979	0.577573707105	0.547124214596	0.642339294345	0.586273562107	0.681971967134	0.632189463509	0.564040599323	0.582406959884	0.568390526825	0.746254229096	0.683421942968	0.729821169647	0.721121314645	0.674238762687	0.71532141131	0.619139681005	0.607539874335	0.587240212663	0.601739971	0.604639922668	0.702754954084	0.615273078782	0.696471725471	0.560657322378	0.663605606573
AG8	0.589656839053	0.595456742388	0.838086031899	0.561623972934	0.685355244079	0.556790720155	0.685838569357	0.558724021266	0.544224262929	0.594490091832	0.589173513775	0.637022716288	0.611889801837	0.740454325761	0.668438859352	0.587723537941	0.583856935718	0.574673755437	0.690188496858	0.533107781537	0.493958434026	0.479458675689	0.551957467376	0.526824552924	0.752537457709	0.512324794587	0.524891251812	0.50700821653	0.320927984534	0.0	0.569840502658	0.550024166264	0.558724021266	0.583856935718	0.762687288545	0.686321894635	0.584823586274	0.587240212663	0.578540357661	0.666988883519	0.601739971	0.688738521025	0.641855969067	0.584340260996	0.622039632673	0.601256645723	0.763170613823	0.699371677139	0.746737554374	0.73852102465	0.695021749638	0.734654422426	0.640405993233	0.62735621073	0.61333977767	0.637506041566	0.635572740454	0.717254712421	0.650072498792	0.71290478492	0.599806669889	0.678105364911
AH7	0.587723537941	0.622522957951	0.953117448043	0.691155147414	0.699371677139	0.573223779604	0.719188013533	0.55775737071	0.543257612373	0.623489608507	0.522957950701	0.663122281295	0.637506041566	0.883035282745	0.686321894635	0.597873368777	0.517641372644	0.467858869019	0.889318511358	0.750604156597	0.559690671822	0.532624456259	0.498308361527	0.493475108748	0.837119381344	0.558240695988	0.482358627356	0.509908168197	0.52537457709	0.569840502658	0.0	0.325277912035	0.554374093765	0.612856452392	0.780570323828	0.716288061866	0.55099081682	0.651039149348	0.610439826003	0.673272112131	0.643789270179	0.769453842436	0.737071048816	0.64813919768	0.632672788787	0.621556307395	0.758820686322	0.719671338811	0.75688738521	0.751570807153	0.706138231029	0.739971000483	0.632189463509	0.631706138231	0.607056549058	0.62735621073	0.633156114065	0.734654422426	0.629772837119	0.729337844369	0.609473175447	0.695021749638
AH8	0.562107298212	0.579023682939	0.951667472209	0.652972450459	0.665055582407	0.51619139681	0.69453842436	0.507974867086	0.496858385694	0.578540357661	0.493475108748	0.621556307395	0.579023682939	0.867085548574	0.641855969067	0.556307394877	0.429192846786	0.385693571774	0.904784920251	0.753504108265	0.532624456259	0.486708554857	0.46060898985	0.464958917351	0.842435959401	0.55099081682	0.46979217013	0.457225712905	0.492025132914	0.550024166264	0.325277912035	0.0	0.489125181247	0.551474142098	0.746737554374	0.679555340744	0.513291445143	0.595456742388	0.553407443209	0.628322861286	0.59255679072	0.727404543258	0.690671822136	0.602223296278	0.577573707105	0.569840502658	0.716288061866	0.66892218463	0.720154664089	0.708071532141	0.656355727405	0.691155147414	0.580473658772	0.581923634606	0.562107298212	0.572740454326	0.574190430159	0.685355244079	0.578057032383	0.685355244079	0.540840985984	0.645239246013
AA5	0.584340260996	0.498308361527	0.956500724988	0.64572257129	0.602706621556	0.444659255679	0.634122764621	0.40502658289	0.394393426776	0.516674722088	0.429676172064	0.547607539874	0.514741420976	0.869985500242	0.543740937651	0.547607539874	0.414693088449	0.411793136781	0.919284678589	0.769453842436	0.551957467376	0.485741904302	0.466892218463	0.478492025133	0.894151764137	0.589656839053	0.414209763171	0.42822619623	0.49540840986	0.558724021266	0.554374093765	0.489125181247	0.0	0.34944417593	0.676655389077	0.580473658772	0.454809086515	0.462058965684	0.476558724021	0.55099081682	0.476558724021	0.632189463509	0.590140164331	0.461575640406	0.517641372644	0.46302561624	0.691638472692	0.639439342678	0.667955534074	0.664088931851	0.640405993233	0.68293861769	0.537457709038	0.550024166264	0.544224262929	0.535524407927	0.532624456259	0.658772353794	0.56259062349	0.637989366844	0.499275012083	0.61575640406
AA6	0.597390043499	0.516674722088	0.959884001933	0.65732237796	0.631706138231	0.470275495408	0.661672305462	0.444175930401	0.454325761237	0.53939101015	0.501691638473	0.575157080715	0.520541324311	0.874335427743	0.584823586274	0.552440792653	0.48622522958	0.483325277912	0.93523441276	0.784920251329	0.60415659739	0.52537457709	0.532141130981	0.537941034316	0.908168197197	0.600773320445	0.487191880135	0.505558240696	0.548090865152	0.583856935718	0.612856452392	0.551474142098	0.34944417593	0.0	0.678588690188	0.580473658772	0.512808119865	0.491058482359	0.480425326245	0.582890285162	0.499275012083	0.666988883519	0.623006283229	0.509424842919	0.456742387627	0.407926534558	0.687771870469	0.639922667956	0.668438859352	0.663122281295	0.637989366844	0.677622039633	0.547124214596	0.547124214596	0.541324311261	0.541807636539	0.545674238763	0.654422426293	0.575640405993	0.639922667956	0.515708071532	0.620106331561
AB5	0.750120831319	0.660705654906	0.974867085549	0.729337844369	0.607539874335	0.644755920735	0.73610439826	0.642822619623	0.653939101015	0.681971967134	0.671822136298	0.611889801837	0.665538907685	0.901401643306	0.706138231029	0.695021749638	0.698405026583	0.694055099082	0.945867568874	0.817303044949	0.808119864669	0.729337844369	0.742387626873	0.739971000483	0.932334461092	0.765587240213	0.693571773804	0.713388110198	0.74528757854	0.762687288545	0.780570323828	0.746737554374	0.676655389077	0.678588690188	0.0	0.312228129531	0.619139681005	0.654905751571	0.620106331561	0.619139681005	0.616239729338	0.743354277429	0.730304494925	0.640889318511	0.627839536008	0.62493958434	0.620589656839	0.624456259062	0.637022716288	0.612856452392	0.626872885452	0.625422909618	0.599323344611	0.607539874335	0.614789753504	0.616723054616	0.673755437409	0.605123247946	0.667472208797	0.617689705172	0.673755437409	0.618656355727
AB6	0.677622039633	0.588206863219	0.965683905268	0.679072015466	0.573223779604	0.567907201547	0.669405509908	0.5601739971	0.576123731271	0.610439826003	0.609473175447	0.537457709038	0.607056549058	0.891735137748	0.634122764621	0.622522957951	0.633639439343	0.630739487675	0.933784436926	0.781536974384	0.739004349928	0.65732237796	0.666022232963	0.663605606573	0.915418076365	0.69453842436	0.620589656839	0.6389560174	0.664572257129	0.686321894635	0.716288061866	0.679555340744	0.580473658772	0.580473658772	0.312228129531	0.0	0.553890768487	0.57177380377	0.55099081682	0.549540840986	0.542774287095	0.680038666022	0.65055582407	0.53939101015	0.554857419043	0.53697438376	0.600773320445	0.554374093765	0.59497341711	0.571290478492	0.564040599323	0.598840019333	0.523441275979	0.54857419043	0.553407443209	0.553407443209	0.598840019333	0.565490575157	0.603189946834	0.5601739971	0.616239729338	0.535524407927
AC5	0.607539874335	0.561140647656	0.973900434993	0.661672305462	0.611406476559	0.473175447076	0.673755437409	0.452392460126	0.443209279845	0.55099081682	0.414693088449	0.552924117931	0.534074432093	0.894151764137	0.627839536008	0.587240212663	0.454809086515	0.448042532624	0.94683421943	0.786853552441	0.616723054616	0.54857419043	0.499275012083	0.488158530691	0.916868052199	0.612373127115	0.442725954567	0.478008699855	0.523441275979	0.584823586274	0.55099081682	0.513291445143	0.454809086515	0.512808119865	0.619139681005	0.553890768487	0.0	0.44224262929	0.448525857902	0.587240212663	0.514741420976	0.71532141131	0.66892218463	0.534557757371	0.465442242629	0.470275495408	0.608989850169	0.572257129048	0.620106331561	0.600773320445	0.565973900435	0.602223296278	0.51377477042	0.482358627356	0.47220879652	0.495891735138	0.579990333494	0.586756887385	0.583856935718	0.572740454326	0.513291445143	0.550507491542
AC6	0.636056065732	0.522957950701	0.958917351377	0.648622522958	0.570807153214	0.498308361527	0.542774287095	0.476558724021	0.50700821653	0.466408893185	0.547607539874	0.524891251812	0.535041082649	0.865152247463	0.556790720155	0.58337361044	0.552924117931	0.551474142098	0.921701304978	0.762203963267	0.655389076849	0.580473658772	0.593040115998	0.58337361044	0.906718221363	0.61575640406	0.540357660706	0.556790720155	0.577573707105	0.587240212663	0.651039149348	0.595456742388	0.462058965684	0.491058482359	0.654905751571	0.57177380377	0.44224262929	0.0	0.509908168197	0.517158047366	0.481875302078	0.496858385694	0.450459159014	0.411309811503	0.555824069599	0.538424359594	0.675205413243	0.628806186564	0.654422426293	0.644755920735	0.633639439343	0.666988883519	0.583856935718	0.564040599323	0.560657322378	0.566457225713	0.577090381827	0.650072498792	0.591590140164	0.624456259062	0.550507491542	0.611406476559
AD6	0.607539874335	0.529724504592	0.972450459159	0.633156114065	0.578540357661	0.435476075399	0.632672788787	0.435476075399	0.443692605123	0.524891251812	0.456742387627	0.527307878202	0.511358144031	0.885935234413	0.600289995167	0.559207346544	0.488641855969	0.479942000967	0.945384243596	0.785403576607	0.623972933784	0.551957467376	0.553407443209	0.547607539874	0.909134847753	0.601739971	0.498308361527	0.524891251812	0.547124214596	0.578540357661	0.610439826003	0.553407443209	0.476558724021	0.480425326245	0.620106331561	0.55099081682	0.448525857902	0.509908168197	0.0	0.549540840986	0.409376510391	0.707588206863	0.662155630739	0.522957950701	0.477525374577	0.459159014016	0.597390043499	0.556790720155	0.589656839053	0.580473658772	0.552924117931	0.589656839053	0.477525374577	0.461575640406	0.461092315128	0.467375543741	0.545190913485	0.573223779604	0.552924117931	0.568873852102	0.477042049299	0.539874335428
AE5	0.628806186564	0.512324794587	0.972933784437	0.642339294345	0.538424359594	0.546640889319	0.589173513775	0.550024166264	0.589173513775	0.529241179314	0.61333977767	0.489608506525	0.579023682939	0.880135331078	0.550507491542	0.568390526825	0.602706621556	0.594490091832	0.925084581924	0.78008699855	0.73610439826	0.65055582407	0.648622522958	0.646205896568	0.881101981634	0.665055582407	0.609473175447	0.620589656839	0.642339294345	0.666988883519	0.673272112131	0.628322861286	0.55099081682	0.582890285162	0.619139681005	0.549540840986	0.587240212663	0.517158047366	0.549540840986	0.0	0.373127114548	0.615273078782	0.588206863219	0.502658289029	0.628322861286	0.614789753504	0.642339294345	0.600773320445	0.632189463509	0.619623006283	0.604639922668	0.639439342678	0.554374093765	0.552440792653	0.578057032383	0.548090865152	0.5601739971	0.61575640406	0.566457225713	0.60415659739	0.577573707105	0.587723537941
AE6	0.609956500725	0.478975350411	0.971967133881	0.621556307395	0.551474142098	0.464958917351	0.584340260996	0.46060898985	0.50459159014	0.489125181247	0.525857902368	0.505074915418	0.499275012083	0.883035282745	0.541807636539	0.538907684872	0.539874335428	0.533591106815	0.941034316095	0.779603673272	0.673272112131	0.593523441276	0.592073465442	0.590140164331	0.907201546641	0.639922667956	0.543740937651	0.568873852102	0.586273562107	0.601739971	0.643789270179	0.59255679072	0.476558724021	0.499275012083	0.616239729338	0.542774287095	0.514741420976	0.481875302078	0.409376510391	0.373127114548	0.0	0.647172547124	0.607056549058	0.470758820686	0.544707588207	0.530691155147	0.630256162397	0.582406959884	0.608506524891	0.599323344611	0.591106814886	0.623972933784	0.508941517641	0.482841952634	0.514258095698	0.49540840986	0.542290961817	0.601739971	0.553890768487	0.582406959884	0.506041565974	0.566457225713
AF5	0.725471242146	0.641372643789	0.93523441276	0.667472208797	0.660222329628	0.685355244079	0.56259062349	0.655872402127	0.687771870469	0.601256645723	0.72692121798	0.625422909618	0.681005316578	0.852102464959	0.602706621556	0.6805219913	0.724987916868	0.724021266312	0.880135331078	0.744320927985	0.737554374094	0.688738521025	0.725954567424	0.72450459159	0.8796520058	0.696955050749	0.708071532141	0.693088448526	0.681971967134	0.688738521025	0.769453842436	0.727404543258	0.632189463509	0.666988883519	0.743354277429	0.680038666022	0.71532141131	0.496858385694	0.707588206863	0.615273078782	0.647172547124	0.0	0.282745287579	0.550507491542	0.73610439826	0.722571290478	0.768003866602	0.724987916868	0.750604156597	0.721121314645	0.736587723538	0.757854035766	0.711938134364	0.723537941034	0.738037699372	0.710488158531	0.679555340744	0.739487675205	0.686321894635	0.71532141131	0.721121314645	0.729337844369
AF6	0.690188496858	0.590623489609	0.935717738038	0.662638956017	0.64572257129	0.64572257129	0.528274528758	0.612856452392	0.644272595457	0.56259062349	0.691638472692	0.610439826003	0.643305944901	0.852585790237	0.572740454326	0.642339294345	0.69212179797	0.688255195747	0.871918801353	0.729821169647	0.699855002417	0.642822619623	0.684871918801	0.686321894635	0.874335427743	0.659255679072	0.667955534074	0.653939101015	0.632189463509	0.641855969067	0.737071048816	0.690671822136	0.590140164331	0.623006283229	0.730304494925	0.65055582407	0.66892218463	0.450459159014	0.662155630739	0.588206863219	0.607056549058	0.282745287579	0.0	0.507491541808	0.693088448526	0.683905268246	0.760753987434	0.706621556307	0.741420976317	0.717738037699	0.720154664089	0.750120831319	0.679072015466	0.687288545191	0.695988400193	0.675205413243	0.640405993233	0.728854519091	0.650072498792	0.702271628806	0.6805219913	0.701788303528
