	AA3	AA4	AB3	AB4	AC3	AC4	AD3	AD4	AE3	AE4	AF3	AF4	AG3	AG4	AH3	AH4	AA7	AA8	AB7	AB8	AC7	AC8	AD7	AD8	AE7	AE8	AF7	AF8	AG7	AG8	AH7	AH8	AA5	AA6	AB5	AB6	AC5	AC6	AD6	AE5	AE6	AF5	AF6	AG5	AH5	AH6	AA1	AA2	AB1	AB2	AC1	AC2	AD1	AD2	AE1	AE2	AF1	AF2	AG1	AG2	AH1	AH2
AA3	0.0	0.481875302078	0.944900918318	0.641372643789	0.649105848236	0.559207346544	0.67133881102	0.573223779604	0.5601739971	0.611889801837	0.600289995167	0.611406476559	0.569840502658	0.859352344128	0.642822619623	0.321894635089	0.56259062349	0.558724021266	0.867568873852	0.723054615756	0.617689705172	0.572740454326	0.594490091832	0.576607056549	0.836152730788	0.569840502658	0.555824069599	0.548090865152	0.590140164331	0.581923634606	0.579023682939	0.553407443209	0.578057032383	0.575157080715	0.749637506042	0.677138714355	0.596423392943	0.62735621073	0.587240212663	0.636056065732	0.603673272112	0.724021266312	0.69453842436	0.610439826003	0.618173030449	0.61333977767	0.687288545191	0.656839052682	0.695021749638	0.655389076849	0.641855969067	0.666022232963	0.584340260996	0.545674238763	0.5601739971	0.555824069599	0.575640405993	0.650072498792	0.585306911551	0.651522474625	0.558724021266	0.638472692122
AA4	0.481875302078	0.0	0.954567423876	0.578540357661	0.572740454326	0.476558724021	0.586273562107	0.483325277912	0.524891251812	0.51619139681	0.553890768487	0.523924601257	0.488158530691	0.863702271629	0.375543740938	0.373610439826	0.531174480425	0.536491058482	0.90043499275	0.740454325761	0.660222329628	0.572740454326	0.589656839053	0.560657322378	0.884968583857	0.608506524891	0.549540840986	0.544707588207	0.594006766554	0.611889801837	0.629772837119	0.57177380377	0.50459159014	0.504108264862	0.673272112131	0.593040115998	0.564523924601	0.529241179314	0.526824552924	0.541807636539	0.498308361527	0.652972450459	0.603673272112	0.514741420976	0.573707104882	0.575640405993	0.66892218463	0.602706621556	0.635089415176	0.614789753504	0.614789753504	0.652489125181	0.533591106815	0.51619139681	0.531657805703	0.522957950701	0.498791686805	0.626872885452	0.503141614306	0.600773320445	0.515224746254	0.589173513775
AB3	0.944900918318	0.954567423876	0.0	0.688255195747	0.917834702755	0.954084098598	0.958917351377	0.951667472209	0.936684388594	0.950700821653	0.977283711938	0.939584340261	0.969550507492	0.330594490092	0.968583856936	0.945384243596	0.974867085549	0.972933784437	0.722571290478	0.779120347994	0.892701788304	0.911551474142	0.962300628323	0.955050749154	0.849685838569	0.902368293862	0.940550990817	0.937651039149	0.845335911068	0.822136297728	0.956500724988	0.95360077332	0.957467375544	0.967133881102	0.977767037216	0.970517158047	0.97921701305	0.957467375544	0.978250362494	0.978250362494	0.97921701305	0.944900918318	0.937167713871	0.953117448043	0.980183663606	0.976317061382	0.97921701305	0.977767037216	0.975350410826	0.97680038666	0.975833736104	0.975350410826	0.978733687772	0.977767037216	0.980666988884	0.978733687772	0.978250362494	0.976317061382	0.977767037216	0.977767037216	0.97680038666	0.978250362494
AB4	0.641372643789	0.578540357661	0.688255195747	0.0	0.612856452392	0.599323344611	0.689221846303	0.609956500725	0.622039632673	0.617689705172	0.647655872402	0.602706621556	0.490575157081	0.572257129048	0.605123247946	0.588690188497	0.633156114065	0.628322861286	0.717738037699	0.591590140164	0.666505558241	0.623006283229	0.665055582407	0.643305944901	0.794103431609	0.629289511841	0.634606089899	0.624456259062	0.53939101015	0.563073948768	0.694055099082	0.65055582407	0.636056065732	0.643789270179	0.718704688255	0.660222329628	0.649589173514	0.632672788787	0.623972933784	0.637506041566	0.620106331561	0.688738521025	0.64813919768	0.623006283229	0.681971967134	0.679072015466	0.68970517158	0.653455775737	0.66892218463	0.65732237796	0.657805703238	0.669888835186	0.620589656839	0.62493958434	0.64813919768	0.627839536008	0.637022716288	0.652489125181	0.630739487675	0.653455775737	0.639439342678	0.663605606573
AC3	0.649105848236	0.572740454326	0.917834702755	0.612856452392	0.0	0.491541807637	0.644272595457	0.560657322378	0.567907201547	0.577573707105	0.611406476559	0.310778153697	0.602706621556	0.832286128565	0.599323344611	0.59497341711	0.602706621556	0.600773320445	0.867085548574	0.744320927985	0.721121314645	0.665055582407	0.719188013533	0.688738521025	0.833736104398	0.679555340744	0.645239246013	0.658772353794	0.651039149348	0.67133881102	0.699855002417	0.660222329628	0.599806669889	0.615273078782	0.625906234896	0.57177380377	0.618656355727	0.580473658772	0.587723537941	0.561140647656	0.550507491542	0.683421942968	0.640889318511	0.554374093765	0.638472692122	0.630256162397	0.591106814886	0.579990333494	0.577090381827	0.552924117931	0.586273562107	0.578057032383	0.534557757371	0.554374093765	0.571290478492	0.549540840986	0.602706621556	0.563073948768	0.610923151281	0.570323827936	0.614789753504	0.582890285162
AC4	0.559207346544	0.476558724021	0.954084098598	0.599323344611	0.491541807637	0.0	0.619623006283	0.402609956501	0.41904301595	0.507491541808	0.353794103432	0.412759787337	0.509908168197	0.863702271629	0.558240695988	0.516674722088	0.454809086515	0.452875785404	0.915418076365	0.749154180764	0.588690188497	0.517158047366	0.52537457709	0.498791686805	0.884001933301	0.559207346544	0.475108748188	0.489608506525	0.533591106815	0.5601739971	0.562107298212	0.502658289029	0.445142580957	0.466408893185	0.651522474625	0.562107298212	0.463992266796	0.508458192363	0.423876268729	0.564523924601	0.478975350411	0.700821652972	0.64813919768	0.493475108748	0.513291445143	0.475592073465	0.642822619623	0.594006766554	0.599323344611	0.585790236829	0.582890285162	0.623489608507	0.507491541808	0.484291928468	0.499275012083	0.494925084582	0.542290961817	0.603673272112	0.549540840986	0.582406959884	0.488641855969	0.58337361044
AD3	0.67133881102	0.586273562107	0.958917351377	0.689221846303	0.644272595457	0.619623006283	0.0	0.526824552924	0.63653939101	0.35186080232	0.679072015466	0.617206379894	0.641855969067	0.874335427743	0.578057032383	0.6389560174	0.677138714355	0.679072015466	0.940550990817	0.778637022716	0.714838086032	0.691638472692	0.693571773804	0.685355244079	0.917351377477	0.676655389077	0.692605123248	0.68970517158	0.683421942968	0.678588690188	0.712421459642	0.687288545191	0.625906234896	0.640405993233	0.739971000483	0.659255679072	0.670372160464	0.534557757371	0.627839536008	0.584340260996	0.566940550991	0.572740454326	0.53697438376	0.555340744321	0.693571773804	0.681005316578	0.773320444659	0.718704688255	0.728854519091	0.71290478492	0.706138231029	0.741420976317	0.666988883519	0.655872402127	0.666505558241	0.656839052682	0.645239246013	0.728371193813	0.646205896568	0.711454809087	0.681488641856	0.705654905752
AD4	0.573223779604	0.483325277912	0.951667472209	0.609956500725	0.560657322378	0.402609956501	0.526824552924	0.0	0.330594490092	0.403093281779	0.433059449009	0.516674722088	0.514741420976	0.859352344128	0.543740937651	0.538907684872	0.448525857902	0.447559207347	0.939584340261	0.776220396327	0.579507008217	0.511841469309	0.502658289029	0.46979217013	0.906718221363	0.581923634606	0.452392460126	0.473175447076	0.507491541808	0.560657322378	0.553407443209	0.489608506525	0.395360077332	0.444659255679	0.665055582407	0.576123731271	0.456742387627	0.482358627356	0.433059449009	0.567423876269	0.480425326245	0.666022232963	0.620589656839	0.474142097632	0.519091348478	0.484775253746	0.671822136298	0.623972933784	0.628806186564	0.618173030449	0.614789753504	0.651039149348	0.523441275979	0.513291445143	0.52779120348	0.527307878202	0.540357660706	0.630256162397	0.546157564041	0.617689705172	0.512808119865	0.61575640406
AE3	0.5601739971	0.524891251812	0.936684388594	0.622039632673	0.567907201547	0.41904301595	0.63653939101	0.330594490092	0.0	0.50700821653	0.408893185114	0.530691155147	0.540357660706	0.852102464959	0.586273562107	0.546157564041	0.456742387627	0.44900918318	0.925084581924	0.763170613823	0.552924117931	0.493475108748	0.490091831803	0.455292411793	0.895118414693	0.56935717738	0.436926051232	0.456742387627	0.484775253746	0.544224262929	0.537941034316	0.479458675689	0.402126631223	0.464958917351	0.66892218463	0.579990333494	0.440792653456	0.515708071532	0.438859352344	0.614789753504	0.532141130981	0.701788303528	0.655389076849	0.505074915418	0.502174963751	0.466892218463	0.672305461576	0.623489608507	0.636056065732	0.625906234896	0.616239729338	0.654422426293	0.531174480425	0.524407926535	0.540357660706	0.53697438376	0.562107298212	0.641855969067	0.570323827936	0.616239729338	0.515224746254	0.61333977767
AE4	0.611889801837	0.51619139681	0.950700821653	0.617689705172	0.577573707105	0.507491541808	0.35186080232	0.403093281779	0.50700821653	0.0	0.572257129048	0.539874335428	0.570323827936	0.860318994683	0.533591106815	0.554374093765	0.577090381827	0.578057032383	0.927984533591	0.764137264379	0.648622522958	0.588206863219	0.601256645723	0.58337361044	0.905751570807	0.603189946834	0.586756887385	0.584340260996	0.572257129048	0.593040115998	0.637506041566	0.598840019333	0.527307878202	0.547124214596	0.695988400193	0.604639922668	0.574673755437	0.461092315128	0.522474625423	0.538907684872	0.501208313195	0.601256645723	0.551474142098	0.478975350411	0.604639922668	0.593040115998	0.716288061866	0.663122281295	0.674722087965	0.660705654906	0.65973900435	0.693088448526	0.604639922668	0.573707104882	0.587723537941	0.587240212663	0.586273562107	0.678105364911	0.591590140164	0.657805703238	0.594490091832	0.650072498792
AF3	0.600289995167	0.553890768487	0.977283711938	0.647655872402	0.611406476559	0.353794103432	0.679072015466	0.433059449009	0.408893185114	0.572257129048	0.0	0.542774287095	0.548090865152	0.889318511358	0.608989850169	0.582890285162	0.427259545674	0.438859352344	0.958917351377	0.790720154664	0.58095698405	0.541807636539	0.436442725955	0.418076365394	0.922184630256	0.597390043499	0.440792653456	0.49540840986	0.535524407927	0.594490091832	0.522474625423	0.495891735138	0.438376027066	0.500241662639	0.681488641856	0.611889801837	0.420492991783	0.553407443209	0.44224262929	0.636056065732	0.544707588207	0.743837602707	0.696471725471	0.535524407927	0.510874818753	0.478008699855	0.666988883519	0.614789753504	0.652005799903	0.620106331561	0.604639922668	0.64572257129	0.547124214596	0.513291445143	0.524407926535	0.533107781537	0.579990333494	0.63653939101	0.586756887385	0.60657322378	0.516674722088	0.600289995167
AF4	0.611406476559	0.523924601257	0.939584340261	0.602706621556	0.310778153697	0.412759787337	0.617206379894	0.516674722088	0.530691155147	0.539874335428	0.542774287095	0.0	0.571290478492	0.853552440793	0.572740454326	0.555824069599	0.565973900435	0.567907201547	0.887868535524	0.730787820203	0.710004833253	0.642339294345	0.675205413243	0.646205896568	0.857902368294	0.646205896568	0.603189946834	0.624456259062	0.637989366844	0.656355727405	0.672788786854	0.628322861286	0.555340744321	0.577090381827	0.610923151281	0.524891251812	0.569840502658	0.551957467376	0.541324311261	0.528274528758	0.519091348478	0.660705654906	0.617689705172	0.521507974867	0.589656839053	0.575157080715	0.58337361044	0.533591106815	0.564040599323	0.53020782987	0.541807636539	0.561140647656	0.491058482359	0.512808119865	0.524891251812	0.508941517641	0.563557274045	0.54857419043	0.581923634606	0.539874335428	0.565490575157	0.535524407927
AG3	0.569840502658	0.488158530691	0.969550507492	0.490575157081	0.602706621556	0.509908168197	0.641855969067	0.514741420976	0.540357660706	0.570323827936	0.548090865152	0.571290478492	0.0	0.846302561624	0.522474625423	0.525857902368	0.499275012083	0.49299178347	0.925567907202	0.762203963267	0.672788786854	0.597873368777	0.603673272112	0.582406959884	0.884968583857	0.615273078782	0.541324311261	0.560657322378	0.599806669889	0.621072982117	0.62493958434	0.56259062349	0.531174480425	0.533591106815	0.684388593523	0.617689705172	0.558724021266	0.55775737071	0.536007733204	0.589173513775	0.519091348478	0.697921701305	0.647655872402	0.546640889319	0.581440309328	0.587723537941	0.637989366844	0.592073465442	0.621556307395	0.608506524891	0.588206863219	0.62493958434	0.522474625423	0.517641372644	0.545190913485	0.53020782987	0.538424359594	0.616239729338	0.540840985984	0.605123247946	0.499758337361	0.585306911551
AG4	0.859352344128	0.863702271629	0.330594490092	0.572257129048	0.832286128565	0.863702271629	0.874335427743	0.859352344128	0.852102464959	0.860318994683	0.889318511358	0.853552440793	0.846302561624	0.0	0.875302078299	0.855485741904	0.893668438859	0.892218463026	0.706621556307	0.700338327695	0.816819719671	0.835186080232	0.880618656356	0.871435476075	0.82165297245	0.820202996617	0.859835669406	0.855002416626	0.764620589657	0.738037699372	0.878685355244	0.869985500242	0.870952150797	0.882068632189	0.900918318028	0.887385210246	0.893185113581	0.863218946351	0.888351860802	0.885451909135	0.884001933301	0.861285645239	0.845819236346	0.866602223296	0.897051715805	0.892218463026	0.89125181247	0.891735137748	0.890285161914	0.88883518608	0.892701788304	0.886901884969	0.893668438859	0.888351860802	0.898018366361	0.895118414693	0.893185113581	0.889801836636	0.888351860802	0.888351860802	0.893668438859	0.896085065249
AH3	0.642822619623	0.375543740938	0.968583856936	0.605123247946	0.599323344611	0.558240695988	0.578057032383	0.543740937651	0.586273562107	0.533591106815	0.608989850169	0.572740454326	0.522474625423	0.875302078299	0.0	0.528757854036	0.587723537941	0.590140164331	0.932334461092	0.773320444659	0.710004833253	0.640405993233	0.6389560174	0.635089415176	0.907201546641	0.680038666022	0.631222812953	0.631222812953	0.652005799903	0.668438859352	0.688738521025	0.636056065732	0.546157564041	0.576607056549	0.710488158531	0.626872885452	0.628322861286	0.550024166264	0.59255679072	0.571290478492	0.552440792653	0.617206379894	0.573707104882	0.553890768487	0.643305944901	0.639922667956	0.703238279362	0.644755920735	0.656839052682	0.653455775737	0.643789270179	0.6805219913	0.590623489609	0.586756887385	0.607539874335	0.597873368777	0.570323827936	0.664088931851	0.555824069599	0.642822619623	0.590140164331	0.635089415176
AH4	0.321894635089	0.373610439826	0.945384243596	0.588690188497	0.59497341711	0.516674722088	0.6389560174	0.538907684872	0.546157564041	0.554374093765	0.582890285162	0.555824069599	0.525857902368	0.855485741904	0.528757854036	0.0	0.535041082649	0.534557757371	0.876752054132	0.722087965201	0.645239246013	0.573707104882	0.588690188497	0.577090381827	0.851135814403	0.596906718221	0.55775737071	0.551474142098	0.589173513775	0.599323344611	0.596906718221	0.558724021266	0.557274045433	0.551957467376	0.696471725471	0.623489608507	0.580473658772	0.59497341711	0.547607539874	0.58095698405	0.542290961817	0.699855002417	0.651522474625	0.572257129048	0.594490091832	0.595940067666	0.647655872402	0.607056549058	0.649105848236	0.604639922668	0.600773320445	0.628322861286	0.526341227646	0.507974867086	0.527307878202	0.519091348478	0.514258095698	0.606089898502	0.521024649589	0.608506524891	0.534074432093	0.594490091832
AA7	0.56259062349	0.531174480425	0.974867085549	0.633156114065	0.602706621556	0.454809086515	0.677138714355	0.448525857902	0.456742387627	0.577090381827	0.427259545674	0.565973900435	0.499275012083	0.893668438859	0.587723537941	0.535041082649	0.0	0.279362010633	0.919768003867	0.768970517158	0.593523441276	0.52537457709	0.479458675689	0.457225712905	0.875785403577	0.584823586274	0.42822619623	0.483325277912	0.529724504592	0.585790236829	0.505558240696	0.435959400677	0.433542774287	0.4813919768	0.695988400193	0.633639439343	0.462542290962	0.557274045433	0.478008699855	0.619623006283	0.550024166264	0.739487675205	0.691638472692	0.558724021266	0.541807636539	0.516674722088	0.65732237796	0.613823102948	0.641372643789	0.619139681005	0.593523441276	0.628322861286	0.513291445143	0.497341710971	0.518124697922	0.521024649589	0.529724504592	0.612856452392	0.535524407927	0.619139681005	0.501691638473	0.597873368777
AA8	0.558724021266	0.536491058482	0.972933784437	0.628322861286	0.600773320445	0.452875785404	0.679072015466	0.447559207347	0.44900918318	0.578057032383	0.438859352344	0.567907201547	0.49299178347	0.892218463026	0.590140164331	0.534557757371	0.279362010633	0.0	0.916868052199	0.764620589657	0.580473658772	0.507491541808	0.481875302078	0.459642339294	0.864185596907	0.565490575157	0.427259545674	0.46979217013	0.515708071532	0.574673755437	0.470758820686	0.389560173997	0.429676172064	0.480425326245	0.704204929918	0.6389560174	0.461092315128	0.561623972934	0.474142097632	0.616239729338	0.547607539874	0.741420976317	0.693571773804	0.557274045433	0.53939101015	0.512324794587	0.656355727405	0.61575640406	0.652972450459	0.622039632673	0.594006766554	0.626872885452	0.509908168197	0.497825036249	0.520057999033	0.512324794587	0.534074432093	0.611889801837	0.537457709038	0.619139681005	0.49299178347	0.595940067666
AB7	0.867568873852	0.90043499275	0.722571290478	0.717738037699	0.867085548574	0.915418076365	0.940550990817	0.939584340261	0.925084581924	0.927984533591	0.958917351377	0.887868535524	0.925567907202	0.706621556307	0.932334461092	0.876752054132	0.919768003867	0.916868052199	0.0	0.411309811503	0.807153214113	0.837119381344	0.934267762204	0.9212179797	0.739487675205	0.832286128565	0.884485258579	0.874335427743	0.730304494925	0.693088448526	0.884001933301	0.893668438859	0.91445142581	0.937167713871	0.945384243596	0.940067665539	0.947317544708	0.916384726921	0.947317544708	0.927984533591	0.945384243596	0.871435476075	0.864185596907	0.901401643306	0.964717254712	0.954084098598	0.92363460609	0.922184630256	0.930401159981	0.926051232479	0.924117931368	0.921701304978	0.917351377477	0.908168197197	0.914934751087	0.915418076365	0.91203479942	0.915418076365	0.9212179797	0.926051232479	0.942484291928	0.921701304978
AB8	0.723054615756	0.740454325761	0.779120347994	0.591590140164	0.744320927985	0.749154180764	0.778637022716	0.776220396327	0.763170613823	0.764137264379	0.790720154664	0.730787820203	0.762203963267	0.700338327695	0.773320444659	0.722087965201	0.768970517158	0.764620589657	0.411309811503	0.0	0.651039149348	0.670372160464	0.762687288545	0.752054132431	0.73610439826	0.666022232963	0.71290478492	0.703238279362	0.546640889319	0.526824552924	0.734654422426	0.734171097148	0.752537457709	0.775253745771	0.818269695505	0.779603673272	0.78250362494	0.750604156597	0.782020299662	0.764620589657	0.773803769937	0.740454325761	0.714354760754	0.740454325761	0.803769937168	0.788786853552	0.81246979217	0.763653939101	0.794103431609	0.776220396327	0.769453842436	0.786370227163	0.767520541324	0.753020782987	0.7593040116	0.760270662156	0.755437409377	0.776220396327	0.762687288545	0.766070565491	0.772837119381	0.766553890768
AC7	0.617689705172	0.660222329628	0.892701788304	0.666505558241	0.721121314645	0.588690188497	0.714838086032	0.579507008217	0.552924117931	0.648622522958	0.58095698405	0.710004833253	0.672788786854	0.816819719671	0.710004833253	0.645239246013	0.593523441276	0.580473658772	0.807153214113	0.651039149348	0.0	0.360077332044	0.568873852102	0.551474142098	0.818753020783	0.570807153214	0.535524407927	0.496375060416	0.477525374577	0.505074915418	0.562107298212	0.53020782987	0.546640889319	0.605606573224	0.811503141614	0.740454325761	0.616239729338	0.643789270179	0.608023199613	0.730304494925	0.684871918801	0.72450459159	0.690188496858	0.638472692122	0.647655872402	0.612373127115	0.818269695505	0.776703721605	0.794103431609	0.783953600773	0.752054132431	0.79168680522	0.691155147414	0.666988883519	0.679072015466	0.681488641856	0.688255195747	0.783470275495	0.683905268246	0.771870468826	0.634606089899	0.757854035766
AC8	0.572740454326	0.572740454326	0.911551474142	0.623006283229	0.665055582407	0.517158047366	0.691638472692	0.511841469309	0.493475108748	0.588206863219	0.541807636539	0.642339294345	0.597873368777	0.835186080232	0.640405993233	0.573707104882	0.52537457709	0.507491541808	0.837119381344	0.670372160464	0.360077332044	0.0	0.500241662639	0.487675205413	0.839536007733	0.535524407927	0.401159980667	0.373127114548	0.441275978734	0.47220879652	0.531174480425	0.475592073465	0.480908651522	0.526341227646	0.742870952151	0.669888835186	0.551474142098	0.581440309328	0.53939101015	0.658289028516	0.605606573224	0.693088448526	0.641372643789	0.576607056549	0.58095698405	0.550024166264	0.739487675205	0.694055099082	0.724021266312	0.714838086032	0.665538907685	0.706138231029	0.607539874335	0.587723537941	0.59497341711	0.598840019333	0.594006766554	0.693088448526	0.593523441276	0.70130497825	0.549057515708	0.678105364911
AD7	0.594490091832	0.589656839053	0.962300628323	0.665055582407	0.719188013533	0.52537457709	0.693571773804	0.502658289029	0.490091831803	0.601256645723	0.436442725955	0.675205413243	0.603673272112	0.880618656356	0.6389560174	0.588690188497	0.479458675689	0.481875302078	0.934267762204	0.762687288545	0.568873852102	0.500241662639	0.0	0.282745287579	0.897051715805	0.497341710971	0.438859352344	0.47220879652	0.506041565974	0.564523924601	0.508941517641	0.477525374577	0.487675205413	0.537457709038	0.752054132431	0.678105364911	0.508941517641	0.599323344611	0.537457709038	0.666988883519	0.620106331561	0.744320927985	0.69212179797	0.598356694055	0.568873852102	0.542774287095	0.753020782987	0.70130497825	0.732721121315	0.720154664089	0.675688738521	0.712421459642	0.622522957951	0.59255679072	0.601739971	0.610923151281	0.608506524891	0.706138231029	0.608506524891	0.703238279362	0.57177380377	0.684388593523
AD8	0.576607056549	0.560657322378	0.955050749154	0.643305944901	0.688738521025	0.498791686805	0.685355244079	0.46979217013	0.455292411793	0.58337361044	0.418076365394	0.646205896568	0.582406959884	0.871435476075	0.635089415176	0.577090381827	0.457225712905	0.459642339294	0.9212179797	0.752054132431	0.551474142098	0.487675205413	0.282745287579	0.0	0.861768970517	0.463992266796	0.41662638956	0.436442725955	0.478008699855	0.540840985984	0.504108264862	0.47220879652	0.462058965684	0.511841469309	0.737554374094	0.663122281295	0.491541807637	0.575157080715	0.513291445143	0.64813919768	0.591590140164	0.734654422426	0.682455292412	0.566940550991	0.556790720155	0.527307878202	0.732237796037	0.681005316578	0.707588206863	0.697921701305	0.653939101015	0.692605123248	0.601256645723	0.576607056549	0.582890285162	0.594006766554	0.588690188497	0.683905268246	0.594490091832	0.677622039633	0.545190913485	0.657805703238
AE7	0.836152730788	0.884968583857	0.849685838569	0.794103431609	0.833736104398	0.884001933301	0.917351377477	0.906718221363	0.895118414693	0.905751570807	0.922184630256	0.857902368294	0.884968583857	0.82165297245	0.907201546641	0.851135814403	0.875785403577	0.864185596907	0.739487675205	0.73610439826	0.818753020783	0.839536007733	0.897051715805	0.861768970517	0.0	0.565007249879	0.862735621073	0.852585790237	0.757370710488	0.758820686322	0.839536007733	0.842919284679	0.89125181247	0.910584823586	0.932334461092	0.924601256646	0.919284678589	0.897535041083	0.9212179797	0.878202029966	0.907684871919	0.883518608023	0.875302078299	0.873368777187	0.943934267762	0.929917834703	0.895118414693	0.899468342194	0.911551474142	0.896085065249	0.905751570807	0.90043499275	0.892218463026	0.892701788304	0.908651522475	0.889801836636	0.90043499275	0.891735137748	0.906718221363	0.896568390527	0.908168197197	0.899951667472
AE8	0.569840502658	0.608506524891	0.902368293862	0.629289511841	0.679555340744	0.559207346544	0.676655389077	0.581923634606	0.56935717738	0.603189946834	0.597390043499	0.646205896568	0.615273078782	0.820202996617	0.680038666022	0.596906718221	0.584823586274	0.565490575157	0.832286128565	0.666022232963	0.570807153214	0.535524407927	0.497341710971	0.463992266796	0.565007249879	0.0	0.546157564041	0.53939101015	0.512324794587	0.512808119865	0.564523924601	0.53939101015	0.579023682939	0.585790236829	0.759787336878	0.691638472692	0.599323344611	0.599323344611	0.596423392943	0.638472692122	0.633156114065	0.707104881585	0.669405509908	0.586273562107	0.632189463509	0.608023199613	0.748187530208	0.69453842436	0.732237796037	0.710004833253	0.68293861769	0.722571290478	0.640889318511	0.612373127115	0.629289511841	0.619139681005	0.642339294345	0.705654905752	0.642339294345	0.698888351861	0.601256645723	0.681005316578
AF7	0.555824069599	0.549540840986	0.940550990817	0.634606089899	0.645239246013	0.475108748188	0.692605123248	0.452392460126	0.436926051232	0.586756887385	0.440792653456	0.603189946834	0.541324311261	0.859835669406	0.631222812953	0.55775737071	0.42822619623	0.427259545674	0.884485258579	0.71290478492	0.535524407927	0.401159980667	0.438859352344	0.41662638956	0.862735621073	0.546157564041	0.0	0.33107781537	0.464475592073	0.529241179314	0.478975350411	0.469308844853	0.422426292895	0.473175447076	0.697921701305	0.623489608507	0.455292411793	0.540357660706	0.491541807637	0.62493958434	0.552924117931	0.71532141131	0.664088931851	0.539874335428	0.53697438376	0.507974867086	0.674238762687	0.633639439343	0.673272112131	0.660705654906	0.616723054616	0.648622522958	0.555824069599	0.534074432093	0.539874335428	0.544707588207	0.5601739971	0.635572740454	0.565490575157	0.644272595457	0.503624939584	0.620589656839
AF8	0.548090865152	0.544707588207	0.937651039149	0.624456259062	0.658772353794	0.489608506525	0.68970517158	0.473175447076	0.456742387627	0.584340260996	0.49540840986	0.624456259062	0.560657322378	0.855002416626	0.631222812953	0.551474142098	0.483325277912	0.46979217013	0.874335427743	0.703238279362	0.496375060416	0.373127114548	0.47220879652	0.436442725955	0.852585790237	0.53939101015	0.33107781537	0.0	0.459642339294	0.508458192363	0.528274528758	0.450942484292	0.434509424843	0.499275012083	0.723537941034	0.64572257129	0.506041565974	0.553407443209	0.50459159014	0.612373127115	0.570323827936	0.70130497825	0.65055582407	0.543740937651	0.555824069599	0.529724504592	0.69212179797	0.649589173514	0.681488641856	0.672788786854	0.627839536008	0.661188980184	0.568390526825	0.545190913485	0.551957467376	0.558240695988	0.555824069599	0.649589173514	0.560657322378	0.653939101015	0.502658289029	0.630739487675
AG7	0.590140164331	0.594006766554	0.845335911068	0.53939101015	0.651039149348	0.533591106815	0.683421942968	0.507491541808	0.484775253746	0.572257129048	0.535524407927	0.637989366844	0.599806669889	0.764620589657	0.652005799903	0.589173513775	0.529724504592	0.515708071532	0.730304494925	0.546640889319	0.477525374577	0.441275978734	0.506041565974	0.478008699855	0.757370710488	0.512324794587	0.464475592073	0.459642339294	0.0	0.305944900918	0.545674238763	0.506524891252	0.489608506525	0.554857419043	0.747220879652	0.670372160464	0.537941034316	0.568873852102	0.539874335428	0.649589173514	0.598356694055	0.684871918801	0.623972933784	0.556790720155	0.605123247946	0.576123731271	0.741904301595	0.684871918801	0.713388110198	0.704688255196	0.664572257129	0.708071532141	0.623489608507	0.594490091832	0.60657322378	0.609473175447	0.627839536008	0.695988400193	0.635089415176	0.684871918801	0.59255679072	0.669888835186
AG8	0.581923634606	0.611889801837	0.822136297728	0.563073948768	0.67133881102	0.5601739971	0.678588690188	0.560657322378	0.544224262929	0.593040115998	0.594490091832	0.656355727405	0.621072982117	0.738037699372	0.668438859352	0.599323344611	0.585790236829	0.574673755437	0.693088448526	0.526824552924	0.505074915418	0.47220879652	0.564523924601	0.540840985984	0.758820686322	0.512808119865	0.529241179314	0.508458192363	0.305944900918	0.0	0.568873852102	0.546640889319	0.554857419043	0.579023682939	0.769453842436	0.693088448526	0.586273562107	0.588206863219	0.581923634606	0.674238762687	0.630256162397	0.683421942968	0.637989366844	0.579507008217	0.628322861286	0.598840019333	0.765103914935	0.710971483809	0.734654422426	0.721121314645	0.696955050749	0.730787820203	0.651522474625	0.620589656839	0.62493958434	0.630256162397	0.653939101015	0.720637989367	0.654422426293	0.699371677139	0.617206379894	0.693571773804
AH7	0.579023682939	0.629772837119	0.956500724988	0.694055099082	0.699855002417	0.562107298212	0.712421459642	0.553407443209	0.537941034316	0.637506041566	0.522474625423	0.672788786854	0.62493958434	0.878685355244	0.688738521025	0.596906718221	0.505558240696	0.470758820686	0.884001933301	0.734654422426	0.562107298212	0.531174480425	0.508941517641	0.504108264862	0.839536007733	0.564523924601	0.478975350411	0.528274528758	0.545674238763	0.568873852102	0.0	0.341710971484	0.559690671822	0.608023199613	0.786853552441	0.723054615756	0.559690671822	0.653939101015	0.602706621556	0.681488641856	0.658289028516	0.772837119381	0.739487675205	0.644272595457	0.644272595457	0.611406476559	0.758820686322	0.732721121315	0.752537457709	0.72692121798	0.704204929918	0.737554374094	0.630739487675	0.612856452392	0.617206379894	0.624456259062	0.634122764621	0.725954567424	0.631222812953	0.718221362977	0.616239729338	0.707104881585
AH8	0.553407443209	0.57177380377	0.95360077332	0.65055582407	0.660222329628	0.502658289029	0.687288545191	0.489608506525	0.479458675689	0.598840019333	0.495891735138	0.628322861286	0.56259062349	0.869985500242	0.636056065732	0.558724021266	0.435959400677	0.389560173997	0.893668438859	0.734171097148	0.53020782987	0.475592073465	0.477525374577	0.47220879652	0.842919284679	0.53939101015	0.469308844853	0.450942484292	0.506524891252	0.546640889319	0.341710971484	0.0	0.479942000967	0.536007733204	0.755437409377	0.6805219913	0.523924601257	0.595456742388	0.540840985984	0.636056065732	0.609473175447	0.737554374094	0.682455292412	0.595940067666	0.584340260996	0.555340744321	0.711454809087	0.680038666022	0.714838086032	0.678105364911	0.652005799903	0.68970517158	0.584340260996	0.565490575157	0.581440309328	0.577090381827	0.577573707105	0.679072015466	0.580473658772	0.677622039633	0.543257612373	0.656355727405
AA5	0.578057032383	0.50459159014	0.957467375544	0.636056065732	0.599806669889	0.445142580957	0.625906234896	0.395360077332	0.402126631223	0.527307878202	0.438376027066	0.555340744321	0.531174480425	0.870952150797	0.546157564041	0.557274045433	0.433542774287	0.429676172064	0.91445142581	0.752537457709	0.546640889319	0.480908651522	0.487675205413	0.462058965684	0.89125181247	0.579023682939	0.422426292895	0.434509424843	0.489608506525	0.554857419043	0.559690671822	0.479942000967	0.0	0.336877718705	0.676172063799	0.579507008217	0.457225712905	0.456259062349	0.452875785404	0.558240695988	0.48380860319	0.63653939101	0.583856935718	0.459642339294	0.519091348478	0.47220879652	0.698405026583	0.645239246013	0.656355727405	0.648622522958	0.639922667956	0.683421942968	0.538907684872	0.539874335428	0.559207346544	0.558240695988	0.544707588207	0.660222329628	0.551474142098	0.631222812953	0.50700821653	0.634122764621
AA6	0.575157080715	0.504108264862	0.967133881102	0.643789270179	0.615273078782	0.466408893185	0.640405993233	0.444659255679	0.464958917351	0.547124214596	0.500241662639	0.577090381827	0.533591106815	0.882068632189	0.576607056549	0.551957467376	0.4813919768	0.480425326245	0.937167713871	0.775253745771	0.605606573224	0.526341227646	0.537457709038	0.511841469309	0.910584823586	0.585790236829	0.473175447076	0.499275012083	0.554857419043	0.579023682939	0.608023199613	0.536007733204	0.336877718705	0.0	0.681971967134	0.586756887385	0.514258095698	0.489125181247	0.478975350411	0.578057032383	0.49540840986	0.674722087965	0.622522957951	0.496858385694	0.458192363461	0.42822619623	0.691155147414	0.637989366844	0.65973900435	0.645239246013	0.635572740454	0.673272112131	0.543740937651	0.533107781537	0.553890768487	0.549540840986	0.548090865152	0.652972450459	0.552440792653	0.629772837119	0.521024649589	0.630256162397
AB5	0.749637506042	0.673272112131	0.977767037216	0.718704688255	0.625906234896	0.651522474625	0.739971000483	0.665055582407	0.66892218463	0.695988400193	0.681488641856	0.610923151281	0.684388593523	0.900918318028	0.710488158531	0.696471725471	0.695988400193	0.704204929918	0.945384243596	0.818269695505	0.811503141614	0.742870952151	0.752054132431	0.737554374094	0.932334461092	0.759787336878	0.697921701305	0.723537941034	0.747220879652	0.769453842436	0.786853552441	0.755437409377	0.676172063799	0.681971967134	0.0	0.320927984534	0.622039632673	0.660705654906	0.642822619623	0.633156114065	0.61575640406	0.764137264379	0.73368777187	0.634606089899	0.630739487675	0.614306428226	0.617689705172	0.611406476559	0.618656355727	0.598840019333	0.623972933784	0.616239729338	0.589173513775	0.610439826003	0.620589656839	0.618656355727	0.663605606573	0.595940067666	0.663122281295	0.604639922668	0.681488641856	0.622039632673
AB6	0.677138714355	0.593040115998	0.970517158047	0.660222329628	0.57177380377	0.562107298212	0.659255679072	0.576123731271	0.579990333494	0.604639922668	0.611889801837	0.524891251812	0.617689705172	0.887385210246	0.626872885452	0.623489608507	0.633639439343	0.6389560174	0.940067665539	0.779603673272	0.740454325761	0.669888835186	0.678105364911	0.663122281295	0.924601256646	0.691638472692	0.623489608507	0.64572257129	0.670372160464	0.693088448526	0.723054615756	0.6805219913	0.579507008217	0.586756887385	0.320927984534	0.0	0.558724021266	0.574673755437	0.570323827936	0.562107298212	0.542774287095	0.688255195747	0.642339294345	0.523924601257	0.555340744321	0.542774287095	0.600289995167	0.551957467376	0.565973900435	0.549540840986	0.553407443209	0.582890285162	0.511841469309	0.552440792653	0.565007249879	0.55775737071	0.587723537941	0.559207346544	0.592073465442	0.546640889319	0.621072982117	0.547607539874
AC5	0.596423392943	0.564523924601	0.97921701305	0.649589173514	0.618656355727	0.463992266796	0.670372160464	0.456742387627	0.440792653456	0.574673755437	0.420492991783	0.569840502658	0.558724021266	0.893185113581	0.628322861286	0.580473658772	0.462542290962	0.461092315128	0.947317544708	0.78250362494	0.616239729338	0.551474142098	0.508941517641	0.491541807637	0.919284678589	0.599323344611	0.455292411793	0.506041565974	0.537941034316	0.586273562107	0.559690671822	0.523924601257	0.457225712905	0.514258095698	0.622039632673	0.558724021266	0.0	0.453842435959	0.4398260029	0.603673272112	0.520541324311	0.733204446593	0.669405509908	0.521507974867	0.487675205413	0.452875785404	0.604639922668	0.574190430159	0.602706621556	0.579990333494	0.559690671822	0.596423392943	0.508458192363	0.470275495408	0.488641855969	0.491058482359	0.574673755437	0.577573707105	0.579990333494	0.556790720155	0.531657805703	0.558240695988
AC6	0.62735621073	0.529241179314	0.957467375544	0.632672788787	0.580473658772	0.508458192363	0.534557757371	0.482358627356	0.515708071532	0.461092315128	0.553407443209	0.551957467376	0.55775737071	0.863218946351	0.550024166264	0.59497341711	0.557274045433	0.561623972934	0.916384726921	0.750604156597	0.643789270179	0.581440309328	0.599323344611	0.575157080715	0.897535041083	0.599323344611	0.540357660706	0.553407443209	0.568873852102	0.588206863219	0.653939101015	0.595456742388	0.456259062349	0.489125181247	0.660705654906	0.574673755437	0.453842435959	0.0	0.505558240696	0.536007733204	0.489608506525	0.510391493475	0.44900918318	0.410826486225	0.568873852102	0.544224262929	0.682455292412	0.635089415176	0.653939101015	0.632672788787	0.631222812953	0.666988883519	0.586756887385	0.5601739971	0.576123731271	0.573707104882	0.582890285162	0.649105848236	0.590623489609	0.626872885452	0.576607056549	0.625906234896
AD6	0.587240212663	0.526824552924	0.978250362494	0.623972933784	0.587723537941	0.423876268729	0.627839536008	0.433059449009	0.438859352344	0.522474625423	0.44224262929	0.541324311261	0.536007733204	0.888351860802	0.59255679072	0.547607539874	0.478008699855	0.474142097632	0.947317544708	0.782020299662	0.608023199613	0.53939101015	0.537457709038	0.513291445143	0.9212179797	0.596423392943	0.491541807637	0.50459159014	0.539874335428	0.581923634606	0.602706621556	0.540840985984	0.452875785404	0.478975350411	0.642822619623	0.570323827936	0.4398260029	0.505558240696	0.0	0.554374093765	0.41904301595	0.711938134364	0.652005799903	0.507491541808	0.503624939584	0.468825519575	0.62735621073	0.579507008217	0.597390043499	0.581440309328	0.570807153214	0.610439826003	0.494441759304	0.465442242629	0.492508458192	0.480425326245	0.541324311261	0.594006766554	0.551957467376	0.579023682939	0.494441759304	0.568873852102
AE5	0.636056065732	0.541807636539	0.978250362494	0.637506041566	0.561140647656	0.564523924601	0.584340260996	0.567423876269	0.614789753504	0.538907684872	0.636056065732	0.528274528758	0.589173513775	0.885451909135	0.571290478492	0.58095698405	0.619623006283	0.616239729338	0.927984533591	0.764620589657	0.730304494925	0.658289028516	0.666988883519	0.64813919768	0.878202029966	0.638472692122	0.62493958434	0.612373127115	0.649589173514	0.674238762687	0.681488641856	0.636056065732	0.558240695988	0.578057032383	0.633156114065	0.562107298212	0.603673272112	0.536007733204	0.554374093765	0.0	0.37264378927	0.626389560174	0.581440309328	0.522474625423	0.643305944901	0.633156114065	0.666988883519	0.622522957951	0.630256162397	0.61575640406	0.637022716288	0.663122281295	0.556307394877	0.58095698405	0.605123247946	0.574673755437	0.568873852102	0.634606089899	0.568390526825	0.610439826003	0.585790236829	0.624456259062
AE6	0.603673272112	0.498308361527	0.97921701305	0.620106331561	0.550507491542	0.478975350411	0.566940550991	0.480425326245	0.532141130981	0.501208313195	0.544707588207	0.519091348478	0.519091348478	0.884001933301	0.552440792653	0.542290961817	0.550024166264	0.547607539874	0.945384243596	0.773803769937	0.684871918801	0.605606573224	0.620106331561	0.591590140164	0.907684871919	0.633156114065	0.552924117931	0.570323827936	0.598356694055	0.630256162397	0.658289028516	0.609473175447	0.48380860319	0.49540840986	0.61575640406	0.542774287095	0.520541324311	0.489608506525	0.41904301595	0.37264378927	0.0	0.655872402127	0.598840019333	0.478975350411	0.563073948768	0.549057515708	0.6389560174	0.588206863219	0.601256645723	0.588206863219	0.589656839053	0.623006283229	0.505074915418	0.494441759304	0.521991300145	0.502174963751	0.534074432093	0.602706621556	0.542290961817	0.575640405993	0.534557757371	0.58095698405
AF5	0.724021266312	0.652972450459	0.944900918318	0.688738521025	0.683421942968	0.700821652972	0.572740454326	0.666022232963	0.701788303528	0.601256645723	0.743837602707	0.660705654906	0.697921701305	0.861285645239	0.617206379894	0.699855002417	0.739487675205	0.741420976317	0.871435476075	0.740454325761	0.72450459159	0.693088448526	0.744320927985	0.734654422426	0.883518608023	0.707104881585	0.71532141131	0.70130497825	0.684871918801	0.683421942968	0.772837119381	0.737554374094	0.63653939101	0.674722087965	0.764137264379	0.688255195747	0.733204446593	0.510391493475	0.711938134364	0.626389560174	0.655872402127	0.0	0.301111648139	0.567907201547	0.744320927985	0.732721121315	0.782020299662	0.740937651039	0.752537457709	0.740937651039	0.753987433543	0.775253745771	0.720154664089	0.738037699372	0.751570807153	0.73368777187	0.700821652972	0.761237312711	0.700338327695	0.730304494925	0.730304494925	0.741420976317
AF6	0.69453842436	0.603673272112	0.937167713871	0.64813919768	0.640889318511	0.64813919768	0.53697438376	0.620589656839	0.655389076849	0.551474142098	0.696471725471	0.617689705172	0.647655872402	0.845819236346	0.573707104882	0.651522474625	0.691638472692	0.693571773804	0.864185596907	0.714354760754	0.690188496858	0.641372643789	0.69212179797	0.682455292412	0.875302078299	0.669405509908	0.664088931851	0.65055582407	0.623972933784	0.637989366844	0.739487675205	0.682455292412	0.583856935718	0.622522957951	0.73368777187	0.642339294345	0.669405509908	0.44900918318	0.652005799903	0.581440309328	0.598840019333	0.301111648139	0.0	0.516674722088	0.695505074915	0.685355244079	0.752537457709	0.700338327695	0.716288061866	0.697921701305	0.698405026583	0.73610439826	0.668438859352	0.681971967134	0.696955050749	0.681971967134	0.643789270179	0.720154664089	0.640889318511	0.688738521025	0.681488641856	0.688255195747
