	AA3	AA4	AB3	AB4	AC3	AC4	AD3	AD4	AE3	AE4	AF3	AF4	AG3	AG4	AH3	AH4	AA7	AA8	AB7	AB8	AC7	AC8	AD7	AD8	AE7	AE8	AF7	AF8	AG7	AG8	AH7	AH8	AA5	AA6	AB5	AB6	AC5	AC6	AD6	AE5	AE6	AF5	AF6	AG5	AH5	AH6	AA1	AA2	AB1	AB2	AC1	AC2	AD1	AD2	AE1	AE2	AF1	AF2	AG1	AG2	AH1	AH2
AA3	0.0	0.468825519575	0.928951184147	0.61575640406	0.639439342678	0.574673755437	0.673272112131	0.578057032383	0.571290478492	0.616723054616	0.612856452392	0.580473658772	0.566457225713	0.843885935234	0.642339294345	0.301594973417	0.570807153214	0.565007249879	0.85886901885	0.711454809087	0.628806186564	0.565007249879	0.594006766554	0.594490091832	0.829386176897	0.587723537941	0.568873852102	0.557274045433	0.579023682939	0.59497341711	0.59497341711	0.552440792653	0.584823586274	0.587723537941	0.730304494925	0.683905268246	0.602706621556	0.608506524891	0.580473658772	0.628806186564	0.584823586274	0.684871918801	0.683905268246	0.602706621556	0.630739487675	0.600289995167	0.674238762687	0.626389560174	0.695505074915	0.665055582407	0.633639439343	0.654905751571	0.568390526825	0.551957467376	0.572257129048	0.546157564041	0.563557274045	0.639922667956	0.584340260996	0.649105848236	0.57177380377	0.633156114065
AA4	0.468825519575	0.0	0.938134364427	0.565007249879	0.586756887385	0.485741904302	0.594490091832	0.496858385694	0.493958434026	0.516674722088	0.566940550991	0.519574673755	0.485258579024	0.845819236346	0.39342677622	0.369260512325	0.550507491542	0.552440792653	0.897535041083	0.731271145481	0.649105848236	0.552440792653	0.572257129048	0.569840502658	0.875302078299	0.616723054616	0.552440792653	0.553407443209	0.575157080715	0.607539874335	0.623006283229	0.555340744321	0.519091348478	0.5186080232	0.668438859352	0.614306428226	0.570807153214	0.517158047366	0.521507974867	0.544224262929	0.489125181247	0.618173030449	0.608989850169	0.525857902368	0.587723537941	0.561140647656	0.67133881102	0.592073465442	0.644272595457	0.623006283229	0.61575640406	0.656839052682	0.542774287095	0.522474625423	0.53939101015	0.528274528758	0.498791686805	0.636056065732	0.514741420976	0.600289995167	0.531657805703	0.596423392943
AB3	0.928951184147	0.938134364427	0.0	0.683905268246	0.911551474142	0.948284195263	0.954084098598	0.938617689705	0.937651039149	0.94683421943	0.96761720638	0.931851135814	0.958917351377	0.333494441759	0.957467375544	0.936201063316	0.966650555824	0.964717254712	0.733204446593	0.76848719188	0.883518608023	0.917351377477	0.961817303045	0.952634122765	0.845819236346	0.88883518608	0.939101014983	0.934751087482	0.859835669406	0.835186080232	0.952634122765	0.948284195263	0.954567423876	0.957950700822	0.969550507492	0.959400676655	0.971000483325	0.94683421943	0.970517158047	0.969550507492	0.968583856936	0.931851135814	0.929434509425	0.945384243596	0.976317061382	0.968583856936	0.970517158047	0.970033832769	0.968100531658	0.969550507492	0.974867085549	0.974383760271	0.971000483325	0.969550507492	0.978250362494	0.970033832769	0.969067182214	0.969550507492	0.968100531658	0.971000483325	0.969550507492	0.971000483325
AB4	0.61575640406	0.565007249879	0.683905268246	0.0	0.633156114065	0.598840019333	0.690188496858	0.617689705172	0.609473175447	0.633156114065	0.643305944901	0.593523441276	0.482841952634	0.571290478492	0.614789753504	0.586273562107	0.623972933784	0.620589656839	0.724021266312	0.582890285162	0.653455775737	0.612373127115	0.658289028516	0.642822619623	0.785886901885	0.626389560174	0.635572740454	0.627839536008	0.555824069599	0.581923634606	0.68293861769	0.626389560174	0.634606089899	0.642822619623	0.714354760754	0.665538907685	0.649105848236	0.623489608507	0.619139681005	0.623006283229	0.611406476559	0.665055582407	0.659255679072	0.623489608507	0.683905268246	0.666505558241	0.700338327695	0.651522474625	0.692605123248	0.671822136298	0.669405509908	0.688255195747	0.623006283229	0.632672788787	0.652972450459	0.623006283229	0.630256162397	0.666988883519	0.617206379894	0.655389076849	0.637022716288	0.658289028516
AC3	0.639439342678	0.586756887385	0.911551474142	0.633156114065	0.0	0.497341710971	0.639922667956	0.552924117931	0.574190430159	0.586273562107	0.630256162397	0.345094248429	0.600289995167	0.834702754954	0.604639922668	0.602706621556	0.626872885452	0.606089898502	0.867085548574	0.746254229096	0.734654422426	0.67133881102	0.724021266312	0.708554857419	0.83566940551	0.693571773804	0.652489125181	0.680038666022	0.667472208797	0.695021749638	0.712421459642	0.647172547124	0.599806669889	0.618656355727	0.625422909618	0.583856935718	0.623972933784	0.596423392943	0.576123731271	0.557274045433	0.5601739971	0.657805703238	0.660222329628	0.571290478492	0.651522474625	0.625422909618	0.595940067666	0.591590140164	0.574673755437	0.56935717738	0.602706621556	0.596906718221	0.532141130981	0.56259062349	0.580473658772	0.561623972934	0.609956500725	0.576607056549	0.618173030449	0.584340260996	0.614306428226	0.591590140164
AC4	0.574673755437	0.485741904302	0.948284195263	0.598840019333	0.497341710971	0.0	0.621072982117	0.389076848719	0.391493475109	0.510391493475	0.357660705655	0.401643305945	0.494441759304	0.866602223296	0.556790720155	0.52537457709	0.471242145964	0.443692605123	0.926051232479	0.758337361044	0.585790236829	0.508941517641	0.520057999033	0.504108264862	0.895601739971	0.588206863219	0.47220879652	0.496375060416	0.519574673755	0.575157080715	0.556307394877	0.492025132914	0.433542774287	0.461092315128	0.638472692122	0.576123731271	0.465925567907	0.524891251812	0.420976317061	0.559690671822	0.475108748188	0.673272112131	0.65973900435	0.512324794587	0.499275012083	0.46979217013	0.645239246013	0.564523924601	0.600773320445	0.589173513775	0.583856935718	0.619623006283	0.492025132914	0.493475108748	0.507491541808	0.499275012083	0.533591106815	0.596423392943	0.540840985984	0.583856935718	0.455775737071	0.565973900435
AD3	0.673272112131	0.594490091832	0.954084098598	0.690188496858	0.639922667956	0.621072982117	0.0	0.522957950701	0.633639439343	0.36346060899	0.676655389077	0.598356694055	0.636056065732	0.870952150797	0.580473658772	0.637022716288	0.678588690188	0.679072015466	0.943934267762	0.78008699855	0.715804736588	0.684871918801	0.696471725471	0.693088448526	0.918801353311	0.688255195747	0.696955050749	0.694055099082	0.689221846303	0.68970517158	0.718704688255	0.681005316578	0.628806186564	0.643789270179	0.727887868536	0.677622039633	0.675205413243	0.534074432093	0.630256162397	0.591590140164	0.576607056549	0.558240695988	0.553890768487	0.542774287095	0.697438376027	0.68293861769	0.761237312711	0.700821652972	0.738037699372	0.714354760754	0.702754954084	0.748187530208	0.656355727405	0.660222329628	0.676655389077	0.65973900435	0.630739487675	0.727887868536	0.647655872402	0.708071532141	0.687288545191	0.699371677139
AD4	0.578057032383	0.496858385694	0.938617689705	0.617689705172	0.552924117931	0.389076848719	0.522957950701	0.0	0.308844852586	0.389560173997	0.416143064282	0.468825519575	0.510874818753	0.855485741904	0.550024166264	0.535524407927	0.467858869019	0.441275978734	0.93281778637	0.759787336878	0.57177380377	0.50700821653	0.482841952634	0.461575640406	0.895118414693	0.586273562107	0.4398260029	0.465925567907	0.478008699855	0.56259062349	0.534557757371	0.470758820686	0.374093765104	0.443209279845	0.641855969067	0.58095698405	0.426776220396	0.487191880135	0.446109231513	0.546640889319	0.473175447076	0.621072982117	0.618656355727	0.468342194297	0.487675205413	0.46979217013	0.665538907685	0.59255679072	0.639922667956	0.619139681005	0.611889801837	0.654422426293	0.514258095698	0.514258095698	0.520057999033	0.523924601257	0.545190913485	0.630256162397	0.553407443209	0.606089898502	0.496375060416	0.599323344611
AE3	0.571290478492	0.493958434026	0.937651039149	0.609473175447	0.574190430159	0.391493475109	0.633639439343	0.308844852586	0.0	0.497341710971	0.405509908168	0.49299178347	0.49540840986	0.858385693572	0.56259062349	0.522474625423	0.453842435959	0.422909618173	0.931851135814	0.760753987434	0.562107298212	0.489608506525	0.473175447076	0.465442242629	0.899468342194	0.59255679072	0.430159497342	0.462058965684	0.485741904302	0.555824069599	0.544224262929	0.467375543741	0.382310294828	0.446109231513	0.65732237796	0.597873368777	0.447075882069	0.52779120348	0.440792653456	0.601256645723	0.51377477042	0.668438859352	0.664572257129	0.509908168197	0.493958434026	0.462542290962	0.65732237796	0.587240212663	0.625906234896	0.617206379894	0.601256645723	0.645239246013	0.514741420976	0.514741420976	0.511358144031	0.519574673755	0.537457709038	0.626389560174	0.547607539874	0.604639922668	0.478008699855	0.588206863219
AE4	0.616723054616	0.516674722088	0.94683421943	0.633156114065	0.586273562107	0.510391493475	0.36346060899	0.389560173997	0.497341710971	0.0	0.570807153214	0.530691155147	0.573223779604	0.861768970517	0.555340744321	0.575640405993	0.578540357661	0.577090381827	0.940550990817	0.77090381827	0.653455775737	0.582406959884	0.595456742388	0.576607056549	0.910584823586	0.623489608507	0.573707104882	0.572740454326	0.58095698405	0.604639922668	0.639439342678	0.581440309328	0.513291445143	0.528274528758	0.676172063799	0.618656355727	0.565490575157	0.467858869019	0.525857902368	0.529241179314	0.498308361527	0.577090381827	0.573707104882	0.482358627356	0.584340260996	0.567907201547	0.710488158531	0.637989366844	0.686805219913	0.670372160464	0.656839052682	0.694055099082	0.591590140164	0.582890285162	0.59255679072	0.591106814886	0.564040599323	0.668438859352	0.588206863219	0.65732237796	0.568873852102	0.642339294345
AF3	0.612856452392	0.566940550991	0.96761720638	0.643305944901	0.630256162397	0.357660705655	0.676655389077	0.416143064282	0.405509908168	0.570807153214	0.0	0.5186080232	0.535041082649	0.884001933301	0.618656355727	0.582406959884	0.458192363461	0.426776220396	0.960367327211	0.797970033833	0.594490091832	0.543257612373	0.4398260029	0.425809569841	0.920251329145	0.619623006283	0.447075882069	0.49540840986	0.519574673755	0.611889801837	0.528757854036	0.495891735138	0.435959400677	0.499275012083	0.670855485742	0.629289511841	0.423876268729	0.570323827936	0.465442242629	0.629289511841	0.545190913485	0.717254712421	0.705654905752	0.551957467376	0.512324794587	0.487191880135	0.673272112131	0.592073465442	0.660222329628	0.626872885452	0.609473175447	0.652489125181	0.553890768487	0.519091348478	0.535524407927	0.534557757371	0.585790236829	0.633639439343	0.584823586274	0.61333977767	0.496858385694	0.595456742388
AF4	0.580473658772	0.519574673755	0.931851135814	0.593523441276	0.345094248429	0.401643305945	0.598356694055	0.468825519575	0.49299178347	0.530691155147	0.5186080232	0.0	0.526341227646	0.850169163847	0.553407443209	0.533591106815	0.561140647656	0.53939101015	0.891735137748	0.73368777187	0.684388593523	0.609956500725	0.647655872402	0.628806186564	0.847752537458	0.629289511841	0.576607056549	0.607056549058	0.610923151281	0.646205896568	0.644272595457	0.578540357661	0.52779120348	0.546157564041	0.595456742388	0.529724504592	0.548090865152	0.538424359594	0.490091831803	0.513291445143	0.492508458192	0.630256162397	0.622039632673	0.520057999033	0.558724021266	0.536491058482	0.585306911551	0.51377477042	0.553407443209	0.531174480425	0.522474625423	0.562107298212	0.457709038183	0.4813919768	0.526824552924	0.509424842919	0.547607539874	0.536491058482	0.547607539874	0.521507974867	0.541807636539	0.518124697922
AG3	0.566457225713	0.485258579024	0.958917351377	0.482841952634	0.600289995167	0.494441759304	0.636056065732	0.510874818753	0.49540840986	0.573223779604	0.535041082649	0.526341227646	0.0	0.846302561624	0.533107781537	0.510391493475	0.505558240696	0.480425326245	0.926534557757	0.757370710488	0.664572257129	0.56935717738	0.582890285162	0.579507008217	0.884968583857	0.628322861286	0.537941034316	0.558724021266	0.591590140164	0.625422909618	0.625422909618	0.54857419043	0.50459159014	0.509424842919	0.651039149348	0.61575640406	0.536007733204	0.545674238763	0.49540840986	0.564523924601	0.51377477042	0.667955534074	0.658772353794	0.540357660706	0.567907201547	0.540840985984	0.631222812953	0.562107298212	0.610923151281	0.597390043499	0.579507008217	0.611889801837	0.50700821653	0.505558240696	0.520057999033	0.498308361527	0.528274528758	0.596423392943	0.52779120348	0.587723537941	0.499758337361	0.569840502658
AG4	0.843885935234	0.845819236346	0.333494441759	0.571290478492	0.834702754954	0.866602223296	0.870952150797	0.855485741904	0.858385693572	0.861768970517	0.884001933301	0.850169163847	0.846302561624	0.0	0.868535524408	0.842435959401	0.887868535524	0.885451909135	0.712421459642	0.690188496858	0.808119864669	0.835186080232	0.877718704688	0.871435476075	0.821169647173	0.817786370227	0.858385693572	0.852102464959	0.775253745771	0.750120831319	0.881585306912	0.86563557274	0.869502174964	0.875785403577	0.898501691638	0.884001933301	0.886418559691	0.856935717738	0.883518608023	0.881101981634	0.879168680522	0.848235862736	0.843885935234	0.862252295795	0.894635089415	0.887385210246	0.884485258579	0.884485258579	0.886418559691	0.884968583857	0.889318511358	0.884485258579	0.88883518608	0.884001933301	0.894635089415	0.887868535524	0.889801836636	0.885451909135	0.886418559691	0.885935234413	0.886901884969	0.884968583857
AH3	0.642339294345	0.39342677622	0.957467375544	0.614789753504	0.604639922668	0.556790720155	0.580473658772	0.550024166264	0.56259062349	0.555340744321	0.618656355727	0.553407443209	0.533107781537	0.868535524408	0.0	0.536491058482	0.611889801837	0.606089898502	0.930884485259	0.767520541324	0.716288061866	0.633639439343	0.632672788787	0.635572740454	0.898985016916	0.691155147414	0.637022716288	0.642822619623	0.657805703238	0.68293861769	0.692605123248	0.626389560174	0.572740454326	0.589173513775	0.700821652972	0.643789270179	0.641372643789	0.54857419043	0.594490091832	0.553407443209	0.553407443209	0.593523441276	0.579990333494	0.554857419043	0.655389076849	0.6389560174	0.711938134364	0.609956500725	0.661672305462	0.651039149348	0.652972450459	0.676655389077	0.602706621556	0.599806669889	0.602706621556	0.607539874335	0.570323827936	0.664572257129	0.568873852102	0.634606089899	0.59497341711	0.616239729338
AH4	0.301594973417	0.369260512325	0.936201063316	0.586273562107	0.602706621556	0.52537457709	0.637022716288	0.535524407927	0.522474625423	0.575640405993	0.582406959884	0.533591106815	0.510391493475	0.842435959401	0.536491058482	0.0	0.539874335428	0.536491058482	0.878202029966	0.720154664089	0.638472692122	0.561140647656	0.577090381827	0.579507008217	0.848719188014	0.598840019333	0.559690671822	0.550507491542	0.576123731271	0.602223296278	0.600289995167	0.541807636539	0.552440792653	0.556790720155	0.699855002417	0.646205896568	0.587240212663	0.57177380377	0.532141130981	0.585790236829	0.53020782987	0.660705654906	0.660222329628	0.570807153214	0.603189946834	0.578057032383	0.658289028516	0.594006766554	0.649589173514	0.624456259062	0.605123247946	0.640889318511	0.541324311261	0.520541324311	0.535524407927	0.522957950701	0.503624939584	0.625422909618	0.530691155147	0.606089898502	0.533591106815	0.598356694055
AA7	0.570807153214	0.550507491542	0.966650555824	0.623972933784	0.626872885452	0.471242145964	0.678588690188	0.467858869019	0.453842435959	0.578540357661	0.458192363461	0.561140647656	0.505558240696	0.887868535524	0.611889801837	0.539874335428	0.0	0.28467858869	0.913968100532	0.764137264379	0.590140164331	0.502658289029	0.475592073465	0.469308844853	0.873852102465	0.59255679072	0.453359110681	0.462058965684	0.513291445143	0.594490091832	0.512808119865	0.412759787337	0.431126147898	0.482841952634	0.707588206863	0.666022232963	0.477525374577	0.576607056549	0.486708554857	0.613823102948	0.547607539874	0.713871435476	0.702754954084	0.572740454326	0.543740937651	0.518124697922	0.674238762687	0.608506524891	0.667472208797	0.644755920735	0.602706621556	0.645239246013	0.533591106815	0.518124697922	0.526824552924	0.521991300145	0.534074432093	0.625422909618	0.53697438376	0.640889318511	0.499758337361	0.608023199613
AA8	0.565007249879	0.552440792653	0.964717254712	0.620589656839	0.606089898502	0.443692605123	0.679072015466	0.441275978734	0.422909618173	0.577090381827	0.426776220396	0.53939101015	0.480425326245	0.885451909135	0.606089898502	0.536491058482	0.28467858869	0.0	0.915418076365	0.762203963267	0.586273562107	0.501208313195	0.470758820686	0.465925567907	0.868535524408	0.588690188497	0.42822619623	0.46060898985	0.509424842919	0.591106814886	0.477042049299	0.376993716771	0.423876268729	0.476075398743	0.686321894635	0.649589173514	0.451909134848	0.568390526825	0.463508941518	0.611889801837	0.537941034316	0.716771387144	0.700821652972	0.55775737071	0.520057999033	0.496858385694	0.648622522958	0.579023682939	0.646205896568	0.614306428226	0.58095698405	0.620106331561	0.51377477042	0.498308361527	0.504108264862	0.499275012083	0.532624456259	0.603673272112	0.539874335428	0.61575640406	0.475592073465	0.581440309328
AB7	0.85886901885	0.897535041083	0.733204446593	0.724021266312	0.867085548574	0.926051232479	0.943934267762	0.93281778637	0.931851135814	0.940550990817	0.960367327211	0.891735137748	0.926534557757	0.712421459642	0.930884485259	0.878202029966	0.913968100532	0.915418076365	0.0	0.402609956501	0.811503141614	0.848235862736	0.933301111648	0.921701304978	0.73368777187	0.813436442726	0.884968583857	0.884485258579	0.755437409377	0.693571773804	0.876752054132	0.886418559691	0.928467858869	0.937651039149	0.949734171097	0.941034316095	0.949250845819	0.920251329145	0.942967617206	0.933301111648	0.942000966651	0.8796520058	0.878202029966	0.913484775254	0.962300628323	0.95360077332	0.921701304978	0.928467858869	0.93281778637	0.931851135814	0.93523441276	0.917834702755	0.914934751087	0.919284678589	0.913001449976	0.91445142581	0.917834702755	0.91203479942	0.921701304978	0.929434509425	0.949734171097	0.930401159981
AB8	0.711454809087	0.731271145481	0.76848719188	0.582890285162	0.746254229096	0.758337361044	0.78008699855	0.759787336878	0.760753987434	0.77090381827	0.797970033833	0.73368777187	0.757370710488	0.690188496858	0.767520541324	0.720154664089	0.764137264379	0.762203963267	0.402609956501	0.0	0.650072498792	0.68293861769	0.755920734654	0.746737554374	0.72450459159	0.648622522958	0.717254712421	0.711454809087	0.55099081682	0.521024649589	0.735621072982	0.730787820203	0.762687288545	0.771387143548	0.807636539391	0.78008699855	0.77767037216	0.747220879652	0.768970517158	0.764137264379	0.76848719188	0.732721121315	0.721121314645	0.743354277429	0.799420009667	0.784436926051	0.805219913001	0.761237312711	0.78250362494	0.766070565491	0.776703721605	0.781053649106	0.765587240213	0.761720637989	0.766553890768	0.763653939101	0.759787336878	0.766070565491	0.757854035766	0.762203963267	0.778637022716	0.760270662156
AC7	0.628806186564	0.649105848236	0.883518608023	0.653455775737	0.734654422426	0.585790236829	0.715804736588	0.57177380377	0.562107298212	0.653455775737	0.594490091832	0.684388593523	0.664572257129	0.808119864669	0.716288061866	0.638472692122	0.590140164331	0.586273562107	0.811503141614	0.650072498792	0.0	0.371677138714	0.568390526825	0.557274045433	0.815853069116	0.56935717738	0.538424359594	0.524407926535	0.463508941518	0.485741904302	0.565007249879	0.537941034316	0.556790720155	0.599323344611	0.803769937168	0.756404059932	0.622039632673	0.651522474625	0.621556307395	0.726437892702	0.668438859352	0.711938134364	0.69453842436	0.633156114065	0.631222812953	0.607539874335	0.826969550507	0.752537457709	0.798453359111	0.792170130498	0.755437409377	0.797003383277	0.691638472692	0.664572257129	0.674238762687	0.678588690188	0.672788786854	0.778153697438	0.683421942968	0.77767037216	0.620106331561	0.751087481875
AC8	0.565007249879	0.552440792653	0.917351377477	0.612373127115	0.67133881102	0.508941517641	0.684871918801	0.50700821653	0.489608506525	0.582406959884	0.543257612373	0.609956500725	0.56935717738	0.835186080232	0.633639439343	0.561140647656	0.502658289029	0.501208313195	0.848235862736	0.68293861769	0.371677138714	0.0	0.506041565974	0.499275012083	0.840502658289	0.552440792653	0.398743354277	0.395360077332	0.454809086515	0.498791686805	0.533591106815	0.461092315128	0.477042049299	0.505074915418	0.724987916868	0.679555340744	0.55099081682	0.578540357661	0.534557757371	0.641855969067	0.585306911551	0.672305461576	0.654422426293	0.559690671822	0.564523924601	0.533107781537	0.733204446593	0.664088931851	0.718704688255	0.705654905752	0.658289028516	0.699371677139	0.599323344611	0.579023682939	0.580473658772	0.583856935718	0.576607056549	0.683421942968	0.580473658772	0.686805219913	0.528757854036	0.654905751571
AD7	0.594006766554	0.572257129048	0.961817303045	0.658289028516	0.724021266312	0.520057999033	0.696471725471	0.482841952634	0.473175447076	0.595456742388	0.4398260029	0.647655872402	0.582890285162	0.877718704688	0.632672788787	0.577090381827	0.475592073465	0.470758820686	0.933301111648	0.755920734654	0.568390526825	0.506041565974	0.0	0.285161913968	0.896568390527	0.5186080232	0.429192846786	0.450942484292	0.484291928468	0.565490575157	0.505558240696	0.468342194297	0.468825519575	0.52537457709	0.741904301595	0.694055099082	0.505558240696	0.595940067666	0.554374093765	0.658289028516	0.595456742388	0.712421459642	0.697921701305	0.593523441276	0.563073948768	0.538424359594	0.751570807153	0.671822136298	0.734654422426	0.725954567424	0.679555340744	0.711938134364	0.622039632673	0.597390043499	0.593523441276	0.604639922668	0.586273562107	0.704688255196	0.601256645723	0.701788303528	0.555824069599	0.66892218463
AD8	0.594490091832	0.569840502658	0.952634122765	0.642822619623	0.708554857419	0.504108264862	0.693088448526	0.461575640406	0.465442242629	0.576607056549	0.425809569841	0.628806186564	0.579507008217	0.871435476075	0.635572740454	0.579507008217	0.469308844853	0.465925567907	0.921701304978	0.746737554374	0.557274045433	0.499275012083	0.285161913968	0.0	0.85645239246	0.485258579024	0.417593040116	0.436926051232	0.467375543741	0.558724021266	0.502174963751	0.457709038183	0.459159014016	0.515224746254	0.733204446593	0.680038666022	0.49540840986	0.575157080715	0.543257612373	0.644755920735	0.588206863219	0.702754954084	0.690671822136	0.572740454326	0.548090865152	0.52779120348	0.748187530208	0.661188980184	0.731754470759	0.71532141131	0.671822136298	0.703238279362	0.61575640406	0.591590140164	0.584823586274	0.600773320445	0.581923634606	0.700821652972	0.591590140164	0.690188496858	0.545674238763	0.663122281295
AE7	0.829386176897	0.875302078299	0.845819236346	0.785886901885	0.83566940551	0.895601739971	0.918801353311	0.895118414693	0.899468342194	0.910584823586	0.920251329145	0.847752537458	0.884968583857	0.821169647173	0.898985016916	0.848719188014	0.873852102465	0.868535524408	0.73368777187	0.72450459159	0.815853069116	0.840502658289	0.896568390527	0.85645239246	0.0	0.531657805703	0.869985500242	0.860318994683	0.779603673272	0.772353794103	0.840502658289	0.838569357177	0.899951667472	0.905751570807	0.930884485259	0.918801353311	0.919768003867	0.90043499275	0.908651522475	0.876268728855	0.905751570807	0.878685355244	0.876268728855	0.875302078299	0.945384243596	0.9212179797	0.889801836636	0.901884968584	0.907201546641	0.89125181247	0.906718221363	0.900918318028	0.895118414693	0.895118414693	0.90285161914	0.891735137748	0.897051715805	0.897051715805	0.90285161914	0.898018366361	0.911068148864	0.902368293862
AE8	0.587723537941	0.616723054616	0.88883518608	0.626389560174	0.693571773804	0.588206863219	0.688255195747	0.586273562107	0.59255679072	0.623489608507	0.619623006283	0.629289511841	0.628322861286	0.817786370227	0.691155147414	0.598840019333	0.59255679072	0.588690188497	0.813436442726	0.648622522958	0.56935717738	0.552440792653	0.5186080232	0.485258579024	0.531657805703	0.0	0.570323827936	0.555824069599	0.51619139681	0.513291445143	0.567907201547	0.552440792653	0.597873368777	0.607056549058	0.765103914935	0.719671338811	0.621556307395	0.613823102948	0.612373127115	0.652005799903	0.636056065732	0.690188496858	0.6805219913	0.602706621556	0.639922667956	0.616723054616	0.762687288545	0.697438376027	0.754954084099	0.724021266312	0.699371677139	0.736587723538	0.65732237796	0.635089415176	0.643305944901	0.641372643789	0.644272595457	0.721604639923	0.658772353794	0.707588206863	0.608989850169	0.690671822136
AF7	0.568873852102	0.552440792653	0.939101014983	0.635572740454	0.652489125181	0.47220879652	0.696955050749	0.4398260029	0.430159497342	0.573707104882	0.447075882069	0.576607056549	0.537941034316	0.858385693572	0.637022716288	0.559690671822	0.453359110681	0.42822619623	0.884968583857	0.717254712421	0.538424359594	0.398743354277	0.429192846786	0.417593040116	0.869985500242	0.570323827936	0.0	0.322377960367	0.443209279845	0.532141130981	0.485741904302	0.462542290962	0.422909618173	0.474142097632	0.685838569357	0.631706138231	0.459642339294	0.55775737071	0.490091831803	0.625906234896	0.553890768487	0.687288545191	0.674722087965	0.544707588207	0.525857902368	0.498308361527	0.679072015466	0.611889801837	0.679555340744	0.666505558241	0.614789753504	0.648622522958	0.551474142098	0.532624456259	0.526824552924	0.539874335428	0.565007249879	0.626872885452	0.564040599323	0.645239246013	0.485258579024	0.609473175447
AF8	0.557274045433	0.553407443209	0.934751087482	0.627839536008	0.680038666022	0.496375060416	0.694055099082	0.465925567907	0.462058965684	0.572740454326	0.49540840986	0.607056549058	0.558724021266	0.852102464959	0.642822619623	0.550507491542	0.462058965684	0.46060898985	0.884485258579	0.711454809087	0.524407926535	0.395360077332	0.450942484292	0.436926051232	0.860318994683	0.555824069599	0.322377960367	0.0	0.445142580957	0.526341227646	0.505558240696	0.443692605123	0.444175930401	0.507491541808	0.711454809087	0.65973900435	0.490091831803	0.557274045433	0.51619139681	0.611406476559	0.559207346544	0.6805219913	0.666505558241	0.55099081682	0.54857419043	0.521024649589	0.696471725471	0.632189463509	0.69453842436	0.681971967134	0.633156114065	0.669888835186	0.566457225713	0.555824069599	0.555340744321	0.56259062349	0.554374093765	0.64572257129	0.557274045433	0.662638956017	0.498308361527	0.628322861286
AG7	0.579023682939	0.575157080715	0.859835669406	0.555824069599	0.667472208797	0.519574673755	0.689221846303	0.478008699855	0.485741904302	0.58095698405	0.519574673755	0.610923151281	0.591590140164	0.775253745771	0.657805703238	0.576123731271	0.513291445143	0.509424842919	0.755437409377	0.55099081682	0.463508941518	0.454809086515	0.484291928468	0.467375543741	0.779603673272	0.51619139681	0.443209279845	0.445142580957	0.0	0.318994683422	0.52537457709	0.484291928468	0.488158530691	0.547124214596	0.736587723538	0.683421942968	0.516674722088	0.576607056549	0.554374093765	0.642339294345	0.582406959884	0.65732237796	0.642822619623	0.551474142098	0.577573707105	0.55775737071	0.750604156597	0.662638956017	0.725954567424	0.711938134364	0.670855485742	0.713871435476	0.610923151281	0.596906718221	0.608023199613	0.607539874335	0.605123247946	0.696471725471	0.62493958434	0.688738521025	0.568390526825	0.661672305462
AG8	0.59497341711	0.607539874335	0.835186080232	0.581923634606	0.695021749638	0.575157080715	0.68970517158	0.56259062349	0.555824069599	0.604639922668	0.611889801837	0.646205896568	0.625422909618	0.750120831319	0.68293861769	0.602223296278	0.594490091832	0.591106814886	0.693571773804	0.521024649589	0.485741904302	0.498791686805	0.565490575157	0.558724021266	0.772353794103	0.513291445143	0.532141130981	0.526341227646	0.318994683422	0.0	0.578057032383	0.556307394877	0.568873852102	0.584340260996	0.758820686322	0.70372160464	0.590623489609	0.598356694055	0.589173513775	0.663605606573	0.611406476559	0.662638956017	0.653939101015	0.594490091832	0.611889801837	0.590140164331	0.77090381827	0.683905268246	0.749154180764	0.732237796037	0.695988400193	0.738037699372	0.649105848236	0.632189463509	0.638472692122	0.640405993233	0.643789270179	0.721604639923	0.663605606573	0.712421459642	0.609473175447	0.684388593523
AH7	0.59497341711	0.623006283229	0.952634122765	0.68293861769	0.712421459642	0.556307394877	0.718704688255	0.534557757371	0.544224262929	0.639439342678	0.528757854036	0.644272595457	0.625422909618	0.881585306912	0.692605123248	0.600289995167	0.512808119865	0.477042049299	0.876752054132	0.735621072982	0.565007249879	0.533591106815	0.505558240696	0.502174963751	0.840502658289	0.567907201547	0.485741904302	0.505558240696	0.52537457709	0.578057032383	0.0	0.340744320928	0.559690671822	0.607539874335	0.778637022716	0.734654422426	0.559690671822	0.65055582407	0.600773320445	0.670855485742	0.632672788787	0.75688738521	0.742870952151	0.643789270179	0.631222812953	0.611406476559	0.764137264379	0.704688255196	0.762687288545	0.735137747704	0.710004833253	0.736587723538	0.637506041566	0.614789753504	0.622522957951	0.623006283229	0.617206379894	0.725954567424	0.636056065732	0.722087965201	0.60415659739	0.711454809087
AH8	0.552440792653	0.555340744321	0.948284195263	0.626389560174	0.647172547124	0.492025132914	0.681005316578	0.470758820686	0.467375543741	0.581440309328	0.495891735138	0.578540357661	0.54857419043	0.86563557274	0.626389560174	0.541807636539	0.412759787337	0.376993716771	0.886418559691	0.730787820203	0.537941034316	0.461092315128	0.468342194297	0.457709038183	0.838569357177	0.552440792653	0.462542290962	0.443692605123	0.484291928468	0.556307394877	0.340744320928	0.0	0.477042049299	0.526341227646	0.734171097148	0.683905268246	0.519091348478	0.588206863219	0.529724504592	0.610439826003	0.568873852102	0.710971483809	0.694055099082	0.580473658772	0.564523924601	0.539874335428	0.70372160464	0.63653939101	0.700338327695	0.665538907685	0.639922667956	0.671822136298	0.573707104882	0.548090865152	0.554374093765	0.555340744321	0.542290961817	0.656355727405	0.563073948768	0.65732237796	0.534074432093	0.641855969067
AA5	0.584823586274	0.519091348478	0.954567423876	0.634606089899	0.599806669889	0.433542774287	0.628806186564	0.374093765104	0.382310294828	0.513291445143	0.435959400677	0.52779120348	0.50459159014	0.869502174964	0.572740454326	0.552440792653	0.431126147898	0.423876268729	0.928467858869	0.762687288545	0.556790720155	0.477042049299	0.468825519575	0.459159014016	0.899951667472	0.597873368777	0.422909618173	0.444175930401	0.488158530691	0.568873852102	0.559690671822	0.477042049299	0.0	0.33107781537	0.65973900435	0.588206863219	0.455292411793	0.476558724021	0.465925567907	0.567907201547	0.478492025133	0.618656355727	0.610439826003	0.46979217013	0.503624939584	0.462542290962	0.688255195747	0.614789753504	0.656355727405	0.647655872402	0.629772837119	0.673272112131	0.523924601257	0.540357660706	0.544707588207	0.540840985984	0.537941034316	0.646689221846	0.556790720155	0.627839536008	0.492025132914	0.612373127115
AA6	0.587723537941	0.5186080232	0.957950700822	0.642822619623	0.618656355727	0.461092315128	0.643789270179	0.443209279845	0.446109231513	0.528274528758	0.499275012083	0.546157564041	0.509424842919	0.875785403577	0.589173513775	0.556790720155	0.482841952634	0.476075398743	0.937651039149	0.771387143548	0.599323344611	0.505074915418	0.52537457709	0.515224746254	0.905751570807	0.607056549058	0.474142097632	0.507491541808	0.547124214596	0.584340260996	0.607539874335	0.526341227646	0.33107781537	0.0	0.664088931851	0.59497341711	0.506524891252	0.509908168197	0.466892218463	0.579023682939	0.49540840986	0.64572257129	0.634122764621	0.503624939584	0.44900918318	0.419526341228	0.690188496858	0.616723054616	0.659255679072	0.645239246013	0.622522957951	0.670372160464	0.533591106815	0.535041082649	0.535041082649	0.541807636539	0.541807636539	0.64813919768	0.554374093765	0.625422909618	0.501691638473	0.612373127115
AB5	0.730304494925	0.668438859352	0.969550507492	0.714354760754	0.625422909618	0.638472692122	0.727887868536	0.641855969067	0.65732237796	0.676172063799	0.670855485742	0.595456742388	0.651039149348	0.898501691638	0.700821652972	0.699855002417	0.707588206863	0.686321894635	0.949734171097	0.807636539391	0.803769937168	0.724987916868	0.741904301595	0.733204446593	0.930884485259	0.765103914935	0.685838569357	0.711454809087	0.736587723538	0.758820686322	0.778637022716	0.734171097148	0.65973900435	0.664088931851	0.0	0.300628322861	0.616723054616	0.664572257129	0.612373127115	0.621072982117	0.607056549058	0.727404543258	0.725471242146	0.650072498792	0.615273078782	0.598840019333	0.617206379894	0.609956500725	0.614306428226	0.587240212663	0.608506524891	0.611406476559	0.587723537941	0.596906718221	0.633639439343	0.625422909618	0.672305461576	0.595940067666	0.651522474625	0.594490091832	0.664088931851	0.605123247946
AB6	0.683905268246	0.614306428226	0.959400676655	0.665538907685	0.583856935718	0.576123731271	0.677622039633	0.58095698405	0.597873368777	0.618656355727	0.629289511841	0.529724504592	0.61575640406	0.884001933301	0.643789270179	0.646205896568	0.666022232963	0.649589173514	0.941034316095	0.78008699855	0.756404059932	0.679555340744	0.694055099082	0.680038666022	0.918801353311	0.719671338811	0.631706138231	0.65973900435	0.683421942968	0.70372160464	0.734654422426	0.683905268246	0.588206863219	0.59497341711	0.300628322861	0.0	0.577090381827	0.597873368777	0.568390526825	0.572740454326	0.561140647656	0.663122281295	0.663605606573	0.565973900435	0.574673755437	0.549540840986	0.609956500725	0.563557274045	0.584823586274	0.567907201547	0.56935717738	0.598840019333	0.532624456259	0.561140647656	0.596423392943	0.589173513775	0.61333977767	0.569840502658	0.612373127115	0.551474142098	0.629289511841	0.556307394877
AC5	0.602706621556	0.570807153214	0.971000483325	0.649105848236	0.623972933784	0.465925567907	0.675205413243	0.426776220396	0.447075882069	0.565490575157	0.423876268729	0.548090865152	0.536007733204	0.886418559691	0.641372643789	0.587240212663	0.477525374577	0.451909134848	0.949250845819	0.77767037216	0.622039632673	0.55099081682	0.505558240696	0.49540840986	0.919768003867	0.621556307395	0.459642339294	0.490091831803	0.516674722088	0.590623489609	0.559690671822	0.519091348478	0.455292411793	0.506524891252	0.616723054616	0.577090381827	0.0	0.460125664572	0.452875785404	0.596906718221	0.522957950701	0.698405026583	0.6805219913	0.550024166264	0.485258579024	0.455292411793	0.618173030449	0.55775737071	0.618173030449	0.594490091832	0.561623972934	0.600773320445	0.508458192363	0.490091831803	0.505558240696	0.508458192363	0.578540357661	0.583856935718	0.576123731271	0.569840502658	0.509908168197	0.559690671822
AC6	0.608506524891	0.517158047366	0.94683421943	0.623489608507	0.596423392943	0.524891251812	0.534074432093	0.487191880135	0.52779120348	0.467858869019	0.570323827936	0.538424359594	0.545674238763	0.856935717738	0.54857419043	0.57177380377	0.576607056549	0.568390526825	0.920251329145	0.747220879652	0.651522474625	0.578540357661	0.595940067666	0.575157080715	0.90043499275	0.613823102948	0.55775737071	0.557274045433	0.576607056549	0.598356694055	0.65055582407	0.588206863219	0.476558724021	0.509908168197	0.664572257129	0.597873368777	0.460125664572	0.0	0.536491058482	0.526341227646	0.487675205413	0.467375543741	0.452875785404	0.41904301595	0.579507008217	0.554857419043	0.691638472692	0.625422909618	0.663122281295	0.639922667956	0.635572740454	0.672788786854	0.578057032383	0.572740454326	0.578540357661	0.57177380377	0.554374093765	0.654422426293	0.569840502658	0.618173030449	0.555340744321	0.628806186564
AD6	0.580473658772	0.521507974867	0.970517158047	0.619139681005	0.576123731271	0.420976317061	0.630256162397	0.446109231513	0.440792653456	0.525857902368	0.465442242629	0.490091831803	0.49540840986	0.883518608023	0.594490091832	0.532141130981	0.486708554857	0.463508941518	0.942967617206	0.768970517158	0.621556307395	0.534557757371	0.554374093765	0.543257612373	0.908651522475	0.612373127115	0.490091831803	0.51619139681	0.554374093765	0.589173513775	0.600773320445	0.529724504592	0.465925567907	0.466892218463	0.612373127115	0.568390526825	0.452875785404	0.536491058482	0.0	0.552924117931	0.424842919285	0.68970517158	0.677138714355	0.53697438376	0.463508941518	0.433542774287	0.599806669889	0.523924601257	0.574190430159	0.55099081682	0.540357660706	0.578057032383	0.457225712905	0.447559207347	0.460125664572	0.470758820686	0.532141130981	0.553407443209	0.531174480425	0.547124214596	0.456259062349	0.530691155147
AE5	0.628806186564	0.544224262929	0.969550507492	0.623006283229	0.557274045433	0.559690671822	0.591590140164	0.546640889319	0.601256645723	0.529241179314	0.629289511841	0.513291445143	0.564523924601	0.881101981634	0.553407443209	0.585790236829	0.613823102948	0.611889801837	0.933301111648	0.764137264379	0.726437892702	0.641855969067	0.658289028516	0.644755920735	0.876268728855	0.652005799903	0.625906234896	0.611406476559	0.642339294345	0.663605606573	0.670855485742	0.610439826003	0.567907201547	0.579023682939	0.621072982117	0.572740454326	0.596906718221	0.526341227646	0.552924117931	0.0	0.364910584824	0.603189946834	0.595940067666	0.517641372644	0.631706138231	0.610439826003	0.649589173514	0.601739971	0.628806186564	0.602706621556	0.623006283229	0.656355727405	0.544224262929	0.568390526825	0.60415659739	0.5601739971	0.561623972934	0.631222812953	0.561140647656	0.586273562107	0.58095698405	0.605606573224
AE6	0.584823586274	0.489125181247	0.968583856936	0.611406476559	0.5601739971	0.475108748188	0.576607056549	0.473175447076	0.51377477042	0.498308361527	0.545190913485	0.492508458192	0.51377477042	0.879168680522	0.553407443209	0.53020782987	0.547607539874	0.537941034316	0.942000966651	0.76848719188	0.668438859352	0.585306911551	0.595456742388	0.588206863219	0.905751570807	0.636056065732	0.553890768487	0.559207346544	0.582406959884	0.611406476559	0.632672788787	0.568873852102	0.478492025133	0.49540840986	0.607056549058	0.561140647656	0.522957950701	0.487675205413	0.424842919285	0.364910584824	0.0	0.628806186564	0.618656355727	0.471725471242	0.554857419043	0.530691155147	0.645239246013	0.573707104882	0.611889801837	0.595940067666	0.597873368777	0.642339294345	0.495891735138	0.484291928468	0.517641372644	0.49540840986	0.513291445143	0.616723054616	0.524891251812	0.575640405993	0.500724987917	0.58337361044
AF5	0.684871918801	0.618173030449	0.931851135814	0.665055582407	0.657805703238	0.673272112131	0.558240695988	0.621072982117	0.668438859352	0.577090381827	0.717254712421	0.630256162397	0.667955534074	0.848235862736	0.593523441276	0.660705654906	0.713871435476	0.716771387144	0.8796520058	0.732721121315	0.711938134364	0.672305461576	0.712421459642	0.702754954084	0.878685355244	0.690188496858	0.687288545191	0.6805219913	0.65732237796	0.662638956017	0.75688738521	0.710971483809	0.618656355727	0.64572257129	0.727404543258	0.663122281295	0.698405026583	0.467375543741	0.68970517158	0.603189946834	0.628806186564	0.0	0.266795553407	0.526341227646	0.719188013533	0.699371677139	0.765103914935	0.717738037699	0.740937651039	0.71532141131	0.722571290478	0.760270662156	0.678105364911	0.707588206863	0.723054615756	0.705654905752	0.666505558241	0.738037699372	0.677622039633	0.698888351861	0.70372160464	0.713388110198
AF6	0.683905268246	0.608989850169	0.929434509425	0.659255679072	0.660222329628	0.65973900435	0.553890768487	0.618656355727	0.664572257129	0.573707104882	0.705654905752	0.622039632673	0.658772353794	0.843885935234	0.579990333494	0.660222329628	0.702754954084	0.700821652972	0.878202029966	0.721121314645	0.69453842436	0.654422426293	0.697921701305	0.690671822136	0.876268728855	0.6805219913	0.674722087965	0.666505558241	0.642822619623	0.653939101015	0.742870952151	0.694055099082	0.610439826003	0.634122764621	0.725471242146	0.663605606573	0.6805219913	0.452875785404	0.677138714355	0.595940067666	0.618656355727	0.266795553407	0.0	0.515224746254	0.708554857419	0.686805219913	0.75688738521	0.706138231029	0.736587723538	0.712421459642	0.710004833253	0.753020782987	0.670855485742	0.696955050749	0.713871435476	0.691155147414	0.651039149348	0.729337844369	0.656355727405	0.690671822136	0.69212179797	0.701788303528
