	AA3	AA4	AB3	AB4	AC3	AC4	AD3	AD4	AE3	AE4	AF3	AF4	AG3	AG4	AH3	AH4	AA7	AA8	AB7	AB8	AC7	AC8	AD7	AD8	AE7	AE8	AF7	AF8	AG7	AG8	AH7	AH8	AA5	AA6	AB5	AB6	AC5	AC6	AD6	AE5	AE6	AF5	AF6	AG5	AH5	AH6	AA1	AA2	AB1	AB2	AC1	AC2	AD1	AD2	AE1	AE2	AF1	AF2	AG1	AG2	AH1	AH2
AA3	0.0	0.509908168197	0.936684388594	0.643789270179	0.665538907685	0.579507008217	0.695505074915	0.576607056549	0.580473658772	0.628322861286	0.612856452392	0.597390043499	0.601256645723	0.850169163847	0.656355727405	0.345094248429	0.576607056549	0.570807153214	0.86805219913	0.725471242146	0.614306428226	0.57177380377	0.600773320445	0.581440309328	0.834702754954	0.585306911551	0.557274045433	0.564523924601	0.579507008217	0.584823586274	0.584340260996	0.555340744321	0.593523441276	0.601256645723	0.752537457709	0.695988400193	0.606089898502	0.619623006283	0.599806669889	0.641855969067	0.607539874335	0.716288061866	0.701788303528	0.62735621073	0.628806186564	0.621556307395	0.68970517158	0.653455775737	0.735137747704	0.681005316578	0.663122281295	0.670372160464	0.571290478492	0.551957467376	0.579023682939	0.572257129048	0.586273562107	0.668438859352	0.600773320445	0.660222329628	0.579023682939	0.65732237796
AA4	0.509908168197	0.0	0.947317544708	0.574190430159	0.573707104882	0.502174963751	0.592073465442	0.482841952634	0.50459159014	0.520541324311	0.559690671822	0.49299178347	0.481875302078	0.856935717738	0.3610439826	0.386176897052	0.538907684872	0.53697438376	0.897535041083	0.736587723538	0.649105848236	0.586273562107	0.599323344611	0.581440309328	0.881101981634	0.623006283229	0.546157564041	0.565007249879	0.594490091832	0.619623006283	0.629772837119	0.572257129048	0.505074915418	0.518124697922	0.663122281295	0.593523441276	0.567423876269	0.49540840986	0.525857902368	0.528274528758	0.470275495408	0.613823102948	0.586273562107	0.50459159014	0.579023682939	0.559207346544	0.649589173514	0.582890285162	0.637506041566	0.593523441276	0.614789753504	0.630256162397	0.520057999033	0.517641372644	0.535524407927	0.529724504592	0.500241662639	0.621556307395	0.505558240696	0.58337361044	0.523441275979	0.579023682939
AB3	0.936684388594	0.947317544708	0.0	0.679555340744	0.916868052199	0.951667472209	0.9584340261	0.939101014983	0.939584340261	0.953117448043	0.972450459159	0.93281778637	0.969067182214	0.341227646206	0.956500724988	0.943934267762	0.973417109715	0.971000483325	0.738037699372	0.757370710488	0.898501691638	0.910584823586	0.957467375544	0.944900918318	0.84485258579	0.893185113581	0.938134364427	0.932334461092	0.84485258579	0.841952634123	0.954567423876	0.942967617206	0.955534074432	0.962300628323	0.972933784437	0.964717254712	0.975350410826	0.95601739971	0.974383760271	0.973900434993	0.974383760271	0.933301111648	0.932334461092	0.953117448043	0.976317061382	0.969550507492	0.974867085549	0.971967133881	0.972450459159	0.973417109715	0.974867085549	0.972933784437	0.975350410826	0.973417109715	0.979700338328	0.973900434993	0.971483808603	0.972450459159	0.971483808603	0.974867085549	0.973417109715	0.971483808603
AB4	0.643789270179	0.574190430159	0.679555340744	0.0	0.643789270179	0.599806669889	0.687771870469	0.605606573224	0.612856452392	0.626389560174	0.646205896568	0.607539874335	0.480908651522	0.565007249879	0.592073465442	0.601256645723	0.639439342678	0.636056065732	0.729821169647	0.573223779604	0.663605606573	0.623972933784	0.660705654906	0.643305944901	0.788303528275	0.626872885452	0.641855969067	0.635572740454	0.546640889319	0.585306911551	0.690671822136	0.632672788787	0.63653939101	0.654905751571	0.731754470759	0.682455292412	0.651039149348	0.631706138231	0.631706138231	0.635089415176	0.622039632673	0.648622522958	0.645239246013	0.630739487675	0.690188496858	0.671822136298	0.702271628806	0.65973900435	0.705171580474	0.663605606573	0.686321894635	0.673272112131	0.630256162397	0.641372643789	0.653939101015	0.639922667956	0.641372643789	0.671822136298	0.643305944901	0.661188980184	0.646689221846	0.660222329628
AC3	0.665538907685	0.573707104882	0.916868052199	0.643789270179	0.0	0.523441275979	0.649105848236	0.556307394877	0.570323827936	0.607056549058	0.623489608507	0.326727887869	0.607056549058	0.831319478009	0.586756887385	0.616239729338	0.61333977767	0.611889801837	0.870952150797	0.757370710488	0.735137747704	0.686321894635	0.729337844369	0.710488158531	0.836152730788	0.682455292412	0.659255679072	0.686805219913	0.6805219913	0.700338327695	0.714354760754	0.666022232963	0.619623006283	0.629772837119	0.616723054616	0.579507008217	0.621072982117	0.59255679072	0.571290478492	0.566457225713	0.565490575157	0.658289028516	0.644272595457	0.573223779604	0.644272595457	0.633639439343	0.583856935718	0.58095698405	0.575157080715	0.561623972934	0.59255679072	0.573223779604	0.529724504592	0.567423876269	0.577573707105	0.568873852102	0.612373127115	0.567423876269	0.617689705172	0.575640405993	0.623006283229	0.572257129048
AC4	0.579507008217	0.502174963751	0.951667472209	0.599806669889	0.523441275979	0.0	0.626872885452	0.412759787337	0.426776220396	0.523441275979	0.359594006767	0.414693088449	0.496858385694	0.865152247463	0.553890768487	0.544707588207	0.471725471242	0.464958917351	0.926534557757	0.763653939101	0.591590140164	0.530691155147	0.535041082649	0.50459159014	0.889318511358	0.584340260996	0.496375060416	0.511841469309	0.534074432093	0.568390526825	0.578057032383	0.516674722088	0.454325761237	0.463992266796	0.662638956017	0.587240212663	0.482358627356	0.507974867086	0.428709521508	0.55775737071	0.479942000967	0.669405509908	0.642822619623	0.520541324311	0.53697438376	0.492025132914	0.65732237796	0.594006766554	0.638472692122	0.593040115998	0.61333977767	0.630739487675	0.500724987917	0.506524891252	0.52779120348	0.520057999033	0.526824552924	0.619139681005	0.550507491542	0.595456742388	0.475108748188	0.579507008217
AD3	0.695505074915	0.592073465442	0.9584340261	0.687771870469	0.649105848236	0.626872885452	0.0	0.53939101015	0.650072498792	0.366360560657	0.683421942968	0.600289995167	0.64813919768	0.873852102465	0.566457225713	0.647172547124	0.693571773804	0.693088448526	0.946350894152	0.779603673272	0.723054615756	0.703238279362	0.70372160464	0.705654905752	0.919284678589	0.695505074915	0.705171580474	0.694055099082	0.699855002417	0.695988400193	0.72692121798	0.68970517158	0.642822619623	0.656839052682	0.743837602707	0.676655389077	0.691638472692	0.542290961817	0.634606089899	0.593040115998	0.587240212663	0.549057515708	0.528757854036	0.551474142098	0.706138231029	0.688255195747	0.769937167714	0.702271628806	0.74528757854	0.714838086032	0.719671338811	0.741420976317	0.655872402127	0.669888835186	0.681971967134	0.669405509908	0.624456259062	0.721121314645	0.637022716288	0.722571290478	0.687771870469	0.702271628806
AD4	0.576607056549	0.482841952634	0.939101014983	0.605606573224	0.556307394877	0.412759787337	0.53939101015	0.0	0.317544707588	0.417593040116	0.4398260029	0.465925567907	0.499758337361	0.848719188014	0.534074432093	0.536491058482	0.459159014016	0.44900918318	0.928951184147	0.760270662156	0.556790720155	0.485741904302	0.507491541808	0.492025132914	0.893668438859	0.586273562107	0.446592556791	0.461092315128	0.499275012083	0.548090865152	0.552924117931	0.489125181247	0.398743354277	0.439342677622	0.657805703238	0.575640405993	0.46060898985	0.478492025133	0.434509424843	0.546157564041	0.459642339294	0.634606089899	0.61333977767	0.486708554857	0.518124697922	0.466892218463	0.660705654906	0.604639922668	0.642339294345	0.613823102948	0.622039632673	0.637989366844	0.507974867086	0.502174963751	0.53020782987	0.525857902368	0.519091348478	0.628806186564	0.545190913485	0.617206379894	0.488158530691	0.597873368777
AE3	0.580473658772	0.50459159014	0.939584340261	0.612856452392	0.570323827936	0.426776220396	0.650072498792	0.317544707588	0.0	0.520541324311	0.400193330111	0.480425326245	0.499275012083	0.855969067182	0.55099081682	0.547607539874	0.44224262929	0.432576123731	0.934267762204	0.765587240213	0.544224262929	0.477525374577	0.490091831803	0.487191880135	0.896568390527	0.590140164331	0.435959400677	0.458675688739	0.502174963751	0.552924117931	0.54857419043	0.491058482359	0.404059932334	0.447559207347	0.663605606573	0.597873368777	0.447559207347	0.520541324311	0.434992750121	0.600289995167	0.509424842919	0.677138714355	0.649589173514	0.525857902368	0.505074915418	0.449492508458	0.654905751571	0.597390043499	0.642339294345	0.604639922668	0.612373127115	0.639922667956	0.508458192363	0.505558240696	0.534074432093	0.52779120348	0.546640889319	0.628322861286	0.563557274045	0.608989850169	0.483325277912	0.586273562107
AE4	0.628322861286	0.520541324311	0.953117448043	0.626389560174	0.607056549058	0.523441275979	0.366360560657	0.417593040116	0.520541324311	0.0	0.576607056549	0.543257612373	0.574190430159	0.860802319961	0.533107781537	0.579990333494	0.589656839053	0.584823586274	0.941517641373	0.772353794103	0.656839052682	0.595940067666	0.596423392943	0.590140164331	0.905751570807	0.608506524891	0.59497341711	0.587723537941	0.586273562107	0.597873368777	0.642822619623	0.586756887385	0.53939101015	0.549540840986	0.695988400193	0.621556307395	0.579507008217	0.457225712905	0.536007733204	0.537941034316	0.516674722088	0.566457225713	0.546157564041	0.506041565974	0.610439826003	0.588690188497	0.716288061866	0.656839052682	0.70130497825	0.670855485742	0.68293861769	0.695505074915	0.59497341711	0.588206863219	0.60415659739	0.609473175447	0.565973900435	0.6805219913	0.593040115998	0.673272112131	0.59497341711	0.653939101015
AF3	0.612856452392	0.559690671822	0.972450459159	0.646205896568	0.623489608507	0.359594006767	0.683421942968	0.4398260029	0.400193330111	0.576607056549	0.0	0.503624939584	0.532141130981	0.885451909135	0.60657322378	0.585790236829	0.44224262929	0.424842919285	0.954567423876	0.792653455776	0.579507008217	0.527307878202	0.445625906235	0.433059449009	0.918801353311	0.616239729338	0.443692605123	0.508458192363	0.542774287095	0.595940067666	0.528274528758	0.502658289029	0.446592556791	0.493958434026	0.671822136298	0.618656355727	0.415176413726	0.550507491542	0.451909134848	0.622522957951	0.52779120348	0.703238279362	0.684388593523	0.565490575157	0.521991300145	0.478008699855	0.666988883519	0.600773320445	0.667472208797	0.616723054616	0.620106331561	0.640889318511	0.536491058482	0.507974867086	0.53697438376	0.531174480425	0.569840502658	0.632189463509	0.590140164331	0.602223296278	0.496858385694	0.591106814886
AF4	0.597390043499	0.49299178347	0.93281778637	0.607539874335	0.326727887869	0.414693088449	0.600289995167	0.465925567907	0.480425326245	0.543257612373	0.503624939584	0.0	0.532624456259	0.846302561624	0.520541324311	0.540840985984	0.542774287095	0.53697438376	0.887385210246	0.73610439826	0.675205413243	0.615273078782	0.647655872402	0.623006283229	0.853552440793	0.631222812953	0.576607056549	0.606089898502	0.610439826003	0.644272595457	0.640889318511	0.591590140164	0.538424359594	0.551957467376	0.609473175447	0.529241179314	0.531657805703	0.528274528758	0.486708554857	0.510391493475	0.496375060416	0.625422909618	0.606089898502	0.512324794587	0.566940550991	0.547124214596	0.589656839053	0.526824552924	0.574190430159	0.523924601257	0.550507491542	0.562107298212	0.46302561624	0.496858385694	0.517158047366	0.507491541808	0.538907684872	0.558724021266	0.554857419043	0.535524407927	0.53697438376	0.516674722088
AG3	0.601256645723	0.481875302078	0.969067182214	0.480908651522	0.607056549058	0.496858385694	0.64813919768	0.499758337361	0.499275012083	0.574190430159	0.532141130981	0.532624456259	0.0	0.846785886902	0.520057999033	0.535524407927	0.501208313195	0.501208313195	0.936201063316	0.772837119381	0.662638956017	0.608023199613	0.600289995167	0.601256645723	0.895118414693	0.634606089899	0.55099081682	0.577090381827	0.608023199613	0.629772837119	0.643305944901	0.574673755437	0.511841469309	0.512808119865	0.655872402127	0.604639922668	0.536491058482	0.538907684872	0.502658289029	0.573223779604	0.493475108748	0.658289028516	0.640405993233	0.533107781537	0.564040599323	0.53697438376	0.621072982117	0.572257129048	0.626872885452	0.590623489609	0.60657322378	0.607056549058	0.513291445143	0.520541324311	0.537457709038	0.528757854036	0.539874335428	0.606089898502	0.552924117931	0.596423392943	0.507974867086	0.57177380377
AG4	0.850169163847	0.856935717738	0.341227646206	0.565007249879	0.831319478009	0.865152247463	0.873852102465	0.848719188014	0.855969067182	0.860802319961	0.885451909135	0.846302561624	0.846785886902	0.0	0.867085548574	0.849685838569	0.89125181247	0.890285161914	0.702754954084	0.675688738521	0.82406959884	0.834702754954	0.879168680522	0.867568873852	0.814403093282	0.816336394393	0.857419043016	0.849202513291	0.761237312711	0.751087481875	0.8796520058	0.857902368294	0.871918801353	0.8796520058	0.899951667472	0.887868535524	0.887385210246	0.862252295795	0.883035282745	0.883518608023	0.885935234413	0.844369260512	0.848719188014	0.869985500242	0.895601739971	0.886901884969	0.886901884969	0.89125181247	0.885935234413	0.884968583857	0.895601739971	0.887385210246	0.896568390527	0.886901884969	0.897051715805	0.893185113581	0.889318511358	0.889318511358	0.88883518608	0.885451909135	0.892701788304	0.891735137748
AH3	0.656355727405	0.3610439826	0.956500724988	0.592073465442	0.586756887385	0.553890768487	0.566457225713	0.534074432093	0.55099081682	0.533107781537	0.60657322378	0.520541324311	0.520057999033	0.867085548574	0.0	0.524407926535	0.595940067666	0.601739971	0.925084581924	0.765103914935	0.695988400193	0.637022716288	0.644755920735	0.628322861286	0.896568390527	0.671822136298	0.61333977767	0.621072982117	0.64572257129	0.668438859352	0.684388593523	0.624456259062	0.556790720155	0.579507008217	0.698888351861	0.633639439343	0.622039632673	0.52537457709	0.576123731271	0.538424359594	0.534557757371	0.591590140164	0.563073948768	0.532141130981	0.635572740454	0.605606573224	0.691155147414	0.610439826003	0.659255679072	0.624456259062	0.647655872402	0.664572257129	0.582890285162	0.591590140164	0.590140164331	0.588206863219	0.559207346544	0.647172547124	0.555824069599	0.625906234896	0.584823586274	0.60657322378
AH4	0.345094248429	0.386176897052	0.943934267762	0.601256645723	0.616239729338	0.544707588207	0.647172547124	0.536491058482	0.547607539874	0.579990333494	0.585790236829	0.540840985984	0.535524407927	0.849685838569	0.524407926535	0.0	0.551957467376	0.551957467376	0.876268728855	0.732237796037	0.640889318511	0.581923634606	0.588206863219	0.584340260996	0.845335911068	0.598356694055	0.561140647656	0.57177380377	0.582406959884	0.601256645723	0.597873368777	0.550507491542	0.557274045433	0.564523924601	0.700821652972	0.645239246013	0.594006766554	0.572740454326	0.5601739971	0.577573707105	0.535041082649	0.667472208797	0.653455775737	0.570323827936	0.598840019333	0.587240212663	0.663605606573	0.601739971	0.674722087965	0.623489608507	0.626872885452	0.63653939101	0.530691155147	0.524891251812	0.550507491542	0.528757854036	0.517158047366	0.629289511841	0.524407926535	0.608989850169	0.547607539874	0.600289995167
AA7	0.576607056549	0.538907684872	0.973417109715	0.639439342678	0.61333977767	0.471725471242	0.693571773804	0.459159014016	0.44224262929	0.589656839053	0.44224262929	0.542774287095	0.501208313195	0.89125181247	0.595940067666	0.551957467376	0.0	0.285645239246	0.926534557757	0.781053649106	0.581923634606	0.51619139681	0.498791686805	0.492508458192	0.877718704688	0.600289995167	0.446592556791	0.499275012083	0.536007733204	0.598356694055	0.519091348478	0.418559690672	0.422426292895	0.476075398743	0.695988400193	0.649589173514	0.469308844853	0.554857419043	0.476558724021	0.620106331561	0.537941034316	0.704204929918	0.6805219913	0.578540357661	0.547607539874	0.492025132914	0.65055582407	0.602223296278	0.664088931851	0.621072982117	0.600289995167	0.617689705172	0.504108264862	0.497341710971	0.524407926535	0.508458192363	0.535524407927	0.608023199613	0.546640889319	0.624456259062	0.487675205413	0.59255679072
AA8	0.570807153214	0.53697438376	0.971000483325	0.636056065732	0.611889801837	0.464958917351	0.693088448526	0.44900918318	0.432576123731	0.584823586274	0.424842919285	0.53697438376	0.501208313195	0.890285161914	0.601739971	0.551957467376	0.285645239246	0.0	0.918801353311	0.770420492992	0.567423876269	0.49299178347	0.477525374577	0.468342194297	0.870952150797	0.590623489609	0.418076365394	0.475592073465	0.524407926535	0.583856935718	0.478975350411	0.380860318995	0.422909618173	0.478975350411	0.700338327695	0.647172547124	0.447075882069	0.557274045433	0.475592073465	0.61333977767	0.531174480425	0.708554857419	0.683421942968	0.572740454326	0.540357660706	0.485741904302	0.642822619623	0.596906718221	0.663605606573	0.615273078782	0.604639922668	0.615273078782	0.503141614306	0.492508458192	0.526341227646	0.506524891252	0.529724504592	0.609473175447	0.542290961817	0.617689705172	0.475108748188	0.584823586274
AB7	0.86805219913	0.897535041083	0.738037699372	0.729821169647	0.870952150797	0.926534557757	0.946350894152	0.928951184147	0.934267762204	0.941517641373	0.954567423876	0.887385210246	0.936201063316	0.702754954084	0.925084581924	0.876268728855	0.926534557757	0.918801353311	0.0	0.400676655389	0.816819719671	0.84726921218	0.937651039149	0.915418076365	0.734654422426	0.820686321895	0.880618656356	0.873368777187	0.741420976317	0.707588206863	0.884485258579	0.884485258579	0.919768003867	0.938617689705	0.939101014983	0.932334461092	0.943934267762	0.915418076365	0.947800869986	0.937167713871	0.939101014983	0.863702271629	0.87046882552	0.910101498308	0.959400676655	0.953117448043	0.927501208313	0.927984533591	0.936201063316	0.930884485259	0.927984533591	0.921701304978	0.92363460609	0.912518124698	0.918801353311	0.913001449976	0.915418076365	0.916868052199	0.917351377477	0.919768003867	0.950700821653	0.928951184147
AB8	0.725471242146	0.736587723538	0.757370710488	0.573223779604	0.757370710488	0.763653939101	0.779603673272	0.760270662156	0.765587240213	0.772353794103	0.792653455776	0.73610439826	0.772837119381	0.675688738521	0.765103914935	0.732237796037	0.781053649106	0.770420492992	0.400676655389	0.0	0.658772353794	0.685355244079	0.767520541324	0.747220879652	0.736587723538	0.658289028516	0.711454809087	0.697438376027	0.551474142098	0.543740937651	0.740454325761	0.730787820203	0.757370710488	0.771870468826	0.81246979217	0.769453842436	0.776220396327	0.746737554374	0.778153697438	0.769453842436	0.769937167714	0.711454809087	0.714354760754	0.742870952151	0.794586756887	0.788786853552	0.821169647173	0.775737071049	0.814403093282	0.77767037216	0.785403576607	0.794586756887	0.776220396327	0.767520541324	0.776220396327	0.771870468826	0.763170613823	0.785886901885	0.76848719188	0.765587240213	0.785886901885	0.776703721605
AC7	0.614306428226	0.649105848236	0.898501691638	0.663605606573	0.735137747704	0.591590140164	0.723054615756	0.556790720155	0.544224262929	0.656839052682	0.579507008217	0.675205413243	0.662638956017	0.82406959884	0.695988400193	0.640889318511	0.581923634606	0.567423876269	0.816819719671	0.658772353794	0.0	0.355244079265	0.552440792653	0.552924117931	0.827936201063	0.579990333494	0.514258095698	0.487191880135	0.477042049299	0.511841469309	0.559207346544	0.533591106815	0.542290961817	0.593523441276	0.809569840503	0.750120831319	0.616723054616	0.639922667956	0.611406476559	0.722571290478	0.667472208797	0.698405026583	0.697921701305	0.654422426293	0.641855969067	0.599806669889	0.814403093282	0.751570807153	0.807153214113	0.773803769937	0.762203963267	0.782986950217	0.681005316578	0.661672305462	0.682455292412	0.674722087965	0.659255679072	0.778637022716	0.677622039633	0.765587240213	0.615273078782	0.74528757854
AC8	0.57177380377	0.586273562107	0.910584823586	0.623972933784	0.686321894635	0.530691155147	0.703238279362	0.485741904302	0.477525374577	0.595940067666	0.527307878202	0.615273078782	0.608023199613	0.834702754954	0.637022716288	0.581923634606	0.51619139681	0.49299178347	0.84726921218	0.685355244079	0.355244079265	0.0	0.481875302078	0.470758820686	0.847752537458	0.550024166264	0.385210246496	0.34944417593	0.423876268729	0.4813919768	0.518124697922	0.465442242629	0.470758820686	0.526824552924	0.741420976317	0.677622039633	0.534557757371	0.574673755437	0.548090865152	0.652005799903	0.593523441276	0.651522474625	0.636056065732	0.584823586274	0.577573707105	0.539874335428	0.744320927985	0.679555340744	0.744320927985	0.711454809087	0.689221846303	0.710004833253	0.602706621556	0.585306911551	0.609473175447	0.601739971	0.586273562107	0.705654905752	0.604639922668	0.701788303528	0.543257612373	0.668438859352
AD7	0.600773320445	0.599323344611	0.957467375544	0.660705654906	0.729337844369	0.535041082649	0.70372160464	0.507491541808	0.490091831803	0.596423392943	0.445625906235	0.647655872402	0.600289995167	0.879168680522	0.644755920735	0.588206863219	0.498791686805	0.477525374577	0.937651039149	0.767520541324	0.552440792653	0.481875302078	0.0	0.297728371194	0.905268245529	0.540357660706	0.427742870952	0.477042049299	0.50700821653	0.56935717738	0.512808119865	0.481875302078	0.490575157081	0.539874335428	0.750604156597	0.689221846303	0.510391493475	0.588690188497	0.552924117931	0.659255679072	0.600289995167	0.707104881585	0.69212179797	0.61333977767	0.576123731271	0.53697438376	0.749154180764	0.681005316578	0.752537457709	0.71290478492	0.68970517158	0.709038182697	0.614306428226	0.587723537941	0.615273078782	0.612856452392	0.583856935718	0.70372160464	0.606089898502	0.701788303528	0.555824069599	0.673755437409
AD8	0.581440309328	0.581440309328	0.944900918318	0.643305944901	0.710488158531	0.50459159014	0.705654905752	0.492025132914	0.487191880135	0.590140164331	0.433059449009	0.623006283229	0.601256645723	0.867568873852	0.628322861286	0.584340260996	0.492508458192	0.468342194297	0.915418076365	0.747220879652	0.552924117931	0.470758820686	0.297728371194	0.0	0.852102464959	0.488641855969	0.399226679555	0.44900918318	0.482358627356	0.540840985984	0.496375060416	0.474142097632	0.485258579024	0.531657805703	0.738037699372	0.675688738521	0.492025132914	0.571290478492	0.53939101015	0.64572257129	0.592073465442	0.701788303528	0.678588690188	0.590623489609	0.573223779604	0.536007733204	0.740454325761	0.665538907685	0.741420976317	0.704688255196	0.675688738521	0.700338327695	0.606089898502	0.571290478492	0.597390043499	0.598840019333	0.585790236829	0.695505074915	0.605123247946	0.686321894635	0.552440792653	0.662155630739
AE7	0.834702754954	0.881101981634	0.84485258579	0.788303528275	0.836152730788	0.889318511358	0.919284678589	0.893668438859	0.896568390527	0.905751570807	0.918801353311	0.853552440793	0.895118414693	0.814403093282	0.896568390527	0.845335911068	0.877718704688	0.870952150797	0.734654422426	0.736587723538	0.827936201063	0.847752537458	0.905268245529	0.852102464959	0.0	0.545674238763	0.866602223296	0.861768970517	0.760753987434	0.76848719188	0.839052682455	0.839536007733	0.893185113581	0.911068148864	0.926534557757	0.917834702755	0.919768003867	0.898985016916	0.912518124698	0.890285161914	0.911068148864	0.876268728855	0.878685355244	0.882068632189	0.938617689705	0.92363460609	0.89125181247	0.90961817303	0.912518124698	0.898501691638	0.904301594973	0.899468342194	0.894635089415	0.896085065249	0.904784920251	0.888351860802	0.906234896085	0.889318511358	0.898018366361	0.895601739971	0.913001449976	0.907201546641
AE8	0.585306911551	0.623006283229	0.893185113581	0.626872885452	0.682455292412	0.584340260996	0.695505074915	0.586273562107	0.590140164331	0.608506524891	0.616239729338	0.631222812953	0.634606089899	0.816336394393	0.671822136298	0.598356694055	0.600289995167	0.590623489609	0.820686321895	0.658289028516	0.579990333494	0.550024166264	0.540357660706	0.488641855969	0.545674238763	0.0	0.555824069599	0.554374093765	0.507974867086	0.505558240696	0.571290478492	0.554374093765	0.594490091832	0.610923151281	0.760270662156	0.705171580474	0.620589656839	0.601256645723	0.617206379894	0.652972450459	0.638472692122	0.678588690188	0.668438859352	0.620589656839	0.640889318511	0.621556307395	0.751087481875	0.688738521025	0.755920734654	0.704204929918	0.699855002417	0.725471242146	0.644272595457	0.621072982117	0.635572740454	0.64572257129	0.637022716288	0.709521507975	0.653455775737	0.695505074915	0.609956500725	0.683421942968
AF7	0.557274045433	0.546157564041	0.938134364427	0.641855969067	0.659255679072	0.496375060416	0.705171580474	0.446592556791	0.435959400677	0.59497341711	0.443692605123	0.576607056549	0.55099081682	0.857419043016	0.61333977767	0.561140647656	0.446592556791	0.418076365394	0.880618656356	0.711454809087	0.514258095698	0.385210246496	0.427742870952	0.399226679555	0.866602223296	0.555824069599	0.0	0.318511358144	0.458192363461	0.520541324311	0.478008699855	0.453359110681	0.421942967617	0.478492025133	0.697921701305	0.640889318511	0.46302561624	0.541807636539	0.505074915418	0.612856452392	0.543740937651	0.679555340744	0.657805703238	0.549540840986	0.544707588207	0.494925084582	0.681971967134	0.623972933784	0.700338327695	0.664088931851	0.6389560174	0.654422426293	0.552440792653	0.533591106815	0.551957467376	0.551474142098	0.547124214596	0.643789270179	0.56259062349	0.64813919768	0.486708554857	0.61575640406
AF8	0.564523924601	0.565007249879	0.932334461092	0.635572740454	0.686805219913	0.511841469309	0.694055099082	0.461092315128	0.458675688739	0.587723537941	0.508458192363	0.606089898502	0.577090381827	0.849202513291	0.621072982117	0.57177380377	0.499275012083	0.475592073465	0.873368777187	0.697438376027	0.487191880135	0.34944417593	0.477042049299	0.44900918318	0.861768970517	0.554374093765	0.318511358144	0.0	0.440792653456	0.499758337361	0.524891251812	0.460125664572	0.446109231513	0.505558240696	0.722087965201	0.661188980184	0.510874818753	0.555340744321	0.5186080232	0.618173030449	0.556307394877	0.659255679072	0.639922667956	0.555340744321	0.563557274045	0.522474625423	0.702754954084	0.647172547124	0.722571290478	0.689221846303	0.663605606573	0.674238762687	0.574673755437	0.550024166264	0.578057032383	0.576123731271	0.555340744321	0.670372160464	0.57177380377	0.673272112131	0.512324794587	0.639439342678
AG7	0.579507008217	0.594490091832	0.84485258579	0.546640889319	0.6805219913	0.534074432093	0.699855002417	0.499275012083	0.502174963751	0.586273562107	0.542774287095	0.610439826003	0.608023199613	0.761237312711	0.64572257129	0.582406959884	0.536007733204	0.524407926535	0.741420976317	0.551474142098	0.477042049299	0.423876268729	0.50700821653	0.482358627356	0.760753987434	0.507974867086	0.458192363461	0.440792653456	0.0	0.337844369261	0.536007733204	0.494441759304	0.508941517641	0.553407443209	0.747220879652	0.681971967134	0.537457709038	0.570323827936	0.554374093765	0.644755920735	0.597390043499	0.640889318511	0.632189463509	0.584823586274	0.60415659739	0.563557274045	0.743354277429	0.675205413243	0.741420976317	0.705171580474	0.687771870469	0.711454809087	0.611889801837	0.591590140164	0.618173030449	0.614789753504	0.605123247946	0.708071532141	0.625906234896	0.693088448526	0.576123731271	0.667472208797
AG8	0.584823586274	0.619623006283	0.841952634123	0.585306911551	0.700338327695	0.568390526825	0.695988400193	0.548090865152	0.552924117931	0.597873368777	0.595940067666	0.644272595457	0.629772837119	0.751087481875	0.668438859352	0.601256645723	0.598356694055	0.583856935718	0.707588206863	0.543740937651	0.511841469309	0.4813919768	0.56935717738	0.540840985984	0.76848719188	0.505558240696	0.520541324311	0.499758337361	0.337844369261	0.0	0.574190430159	0.551474142098	0.565490575157	0.591106814886	0.765103914935	0.704688255196	0.587240212663	0.588206863219	0.589173513775	0.661188980184	0.623489608507	0.65055582407	0.644755920735	0.605606573224	0.634122764621	0.600289995167	0.770420492992	0.697921701305	0.76848719188	0.723537941034	0.713871435476	0.732721121315	0.649105848236	0.628322861286	0.642339294345	0.654422426293	0.644272595457	0.729337844369	0.656839052682	0.706138231029	0.616723054616	0.691155147414
AH7	0.584340260996	0.629772837119	0.954567423876	0.690671822136	0.714354760754	0.578057032383	0.72692121798	0.552924117931	0.54857419043	0.642822619623	0.528274528758	0.640889318511	0.643305944901	0.8796520058	0.684388593523	0.597873368777	0.519091348478	0.478975350411	0.884485258579	0.740454325761	0.559207346544	0.518124697922	0.512808119865	0.496375060416	0.839052682455	0.571290478492	0.478008699855	0.524891251812	0.536007733204	0.574190430159	0.0	0.327694538424	0.565490575157	0.609473175447	0.777187046883	0.729337844369	0.555340744321	0.64572257129	0.602706621556	0.679555340744	0.644755920735	0.753504108265	0.741904301595	0.662638956017	0.651522474625	0.615273078782	0.758820686322	0.717738037699	0.781536974384	0.727404543258	0.719188013533	0.731754470759	0.631222812953	0.61575640406	0.629289511841	0.624456259062	0.622522957951	0.727887868536	0.634122764621	0.71532141131	0.611889801837	0.709521507975
AH8	0.555340744321	0.572257129048	0.942967617206	0.632672788787	0.666022232963	0.516674722088	0.68970517158	0.489125181247	0.491058482359	0.586756887385	0.502658289029	0.591590140164	0.574673755437	0.857902368294	0.624456259062	0.550507491542	0.418559690672	0.380860318995	0.884485258579	0.730787820203	0.533591106815	0.465442242629	0.481875302078	0.474142097632	0.839536007733	0.554374093765	0.453359110681	0.460125664572	0.494441759304	0.551474142098	0.327694538424	0.0	0.485258579024	0.534557757371	0.73610439826	0.6805219913	0.511358144031	0.581440309328	0.543740937651	0.623006283229	0.58095698405	0.690188496858	0.675205413243	0.601739971	0.587240212663	0.542290961817	0.702754954084	0.656355727405	0.724021266312	0.675205413243	0.663605606573	0.67133881102	0.575157080715	0.554374093765	0.579507008217	0.568390526825	0.555824069599	0.665538907685	0.574673755437	0.658289028516	0.543740937651	0.648622522958
AA5	0.593523441276	0.505074915418	0.955534074432	0.63653939101	0.619623006283	0.454325761237	0.642822619623	0.398743354277	0.404059932334	0.53939101015	0.446592556791	0.538424359594	0.511841469309	0.871918801353	0.556790720155	0.557274045433	0.422426292895	0.422909618173	0.919768003867	0.757370710488	0.542290961817	0.470758820686	0.490575157081	0.485258579024	0.893185113581	0.594490091832	0.421942967617	0.446109231513	0.508941517641	0.565490575157	0.565490575157	0.485258579024	0.0	0.344127597873	0.681005316578	0.601256645723	0.473658772354	0.46979217013	0.462542290962	0.563557274045	0.476558724021	0.620106331561	0.592073465442	0.477042049299	0.534074432093	0.459159014016	0.697438376027	0.634606089899	0.676172063799	0.644272595457	0.65732237796	0.677138714355	0.531657805703	0.537941034316	0.572740454326	0.552924117931	0.52779120348	0.664572257129	0.559690671822	0.638472692122	0.493958434026	0.626389560174
AA6	0.601256645723	0.518124697922	0.962300628323	0.654905751571	0.629772837119	0.463992266796	0.656839052682	0.439342677622	0.447559207347	0.549540840986	0.493958434026	0.551957467376	0.512808119865	0.8796520058	0.579507008217	0.564523924601	0.476075398743	0.478975350411	0.938617689705	0.771870468826	0.593523441276	0.526824552924	0.539874335428	0.531657805703	0.911068148864	0.610923151281	0.478492025133	0.505558240696	0.553407443209	0.591106814886	0.609473175447	0.534557757371	0.344127597873	0.0	0.669888835186	0.583856935718	0.510391493475	0.492508458192	0.463992266796	0.585790236829	0.482841952634	0.649105848236	0.616239729338	0.517158047366	0.44900918318	0.394393426776	0.681005316578	0.621556307395	0.664088931851	0.63653939101	0.640405993233	0.654905751571	0.524891251812	0.52537457709	0.559207346544	0.542774287095	0.538907684872	0.648622522958	0.56259062349	0.622039632673	0.505558240696	0.618173030449
AB5	0.752537457709	0.663122281295	0.972933784437	0.731754470759	0.616723054616	0.662638956017	0.743837602707	0.657805703238	0.663605606573	0.695988400193	0.671822136298	0.609473175447	0.655872402127	0.899951667472	0.698888351861	0.700821652972	0.695988400193	0.700338327695	0.939101014983	0.81246979217	0.809569840503	0.741420976317	0.750604156597	0.738037699372	0.926534557757	0.760270662156	0.697921701305	0.722087965201	0.747220879652	0.765103914935	0.777187046883	0.73610439826	0.681005316578	0.669888835186	0.0	0.329144514258	0.617206379894	0.662155630739	0.619139681005	0.632189463509	0.605606573224	0.735621072982	0.720637989367	0.639439342678	0.634122764621	0.626872885452	0.629289511841	0.619139681005	0.639439342678	0.61575640406	0.632672788787	0.619623006283	0.607539874335	0.605606573224	0.610439826003	0.623489608507	0.670372160464	0.60415659739	0.660222329628	0.612856452392	0.667955534074	0.61333977767
AB6	0.695988400193	0.593523441276	0.964717254712	0.682455292412	0.579507008217	0.587240212663	0.676655389077	0.575640405993	0.597873368777	0.621556307395	0.618656355727	0.529241179314	0.604639922668	0.887868535524	0.633639439343	0.645239246013	0.649589173514	0.647172547124	0.932334461092	0.769453842436	0.750120831319	0.677622039633	0.689221846303	0.675688738521	0.917834702755	0.705171580474	0.640889318511	0.661188980184	0.681971967134	0.704688255196	0.729337844369	0.6805219913	0.601256645723	0.583856935718	0.329144514258	0.0	0.565973900435	0.580473658772	0.559690671822	0.561140647656	0.537457709038	0.656355727405	0.642822619623	0.540357660706	0.568873852102	0.56935717738	0.602223296278	0.552440792653	0.595940067666	0.565973900435	0.577090381827	0.591106814886	0.543740937651	0.561623972934	0.56259062349	0.582890285162	0.597873368777	0.569840502658	0.599323344611	0.564523924601	0.618656355727	0.547607539874
AC5	0.606089898502	0.567423876269	0.975350410826	0.651039149348	0.621072982117	0.482358627356	0.691638472692	0.46060898985	0.447559207347	0.579507008217	0.415176413726	0.531657805703	0.536491058482	0.887385210246	0.622039632673	0.594006766554	0.469308844853	0.447075882069	0.943934267762	0.776220396327	0.616723054616	0.534557757371	0.510391493475	0.492025132914	0.919768003867	0.620589656839	0.46302561624	0.510874818753	0.537457709038	0.587240212663	0.555340744321	0.511358144031	0.473658772354	0.510391493475	0.617206379894	0.565973900435	0.0	0.458192363461	0.442725954567	0.59497341711	0.528274528758	0.705654905752	0.664572257129	0.551957467376	0.492508458192	0.44900918318	0.603189946834	0.54857419043	0.622522957951	0.568873852102	0.570807153214	0.582890285162	0.493475108748	0.467858869019	0.496858385694	0.507491541808	0.572257129048	0.581440309328	0.583856935718	0.555340744321	0.5186080232	0.543740937651
AC6	0.619623006283	0.49540840986	0.95601739971	0.631706138231	0.59255679072	0.507974867086	0.542290961817	0.478492025133	0.520541324311	0.457225712905	0.550507491542	0.528274528758	0.538907684872	0.862252295795	0.52537457709	0.572740454326	0.554857419043	0.557274045433	0.915418076365	0.746737554374	0.639922667956	0.574673755437	0.588690188497	0.571290478492	0.898985016916	0.601256645723	0.541807636539	0.555340744321	0.570323827936	0.588206863219	0.64572257129	0.581440309328	0.46979217013	0.492508458192	0.662155630739	0.580473658772	0.458192363461	0.0	0.50700821653	0.522474625423	0.492508458192	0.478492025133	0.441759304012	0.413243112615	0.568390526825	0.53939101015	0.675205413243	0.616239729338	0.661672305462	0.623006283229	0.643305944901	0.65055582407	0.557274045433	0.555340744321	0.574190430159	0.576123731271	0.542774287095	0.644272595457	0.561623972934	0.616239729338	0.53939101015	0.610923151281
AD6	0.599806669889	0.525857902368	0.974383760271	0.631706138231	0.571290478492	0.428709521508	0.634606089899	0.434509424843	0.434992750121	0.536007733204	0.451909134848	0.486708554857	0.502658289029	0.883035282745	0.576123731271	0.5601739971	0.476558724021	0.475592073465	0.947800869986	0.778153697438	0.611406476559	0.548090865152	0.552924117931	0.53939101015	0.912518124698	0.617206379894	0.505074915418	0.5186080232	0.554374093765	0.589173513775	0.602706621556	0.543740937651	0.462542290962	0.463992266796	0.619139681005	0.559690671822	0.442725954567	0.50700821653	0.0	0.538907684872	0.403093281779	0.676172063799	0.654422426293	0.534557757371	0.486708554857	0.434992750121	0.596423392943	0.532141130981	0.581440309328	0.54857419043	0.569840502658	0.574190430159	0.459642339294	0.44224262929	0.474142097632	0.478975350411	0.532624456259	0.564040599323	0.543740937651	0.549540840986	0.463992266796	0.535524407927
AE5	0.641855969067	0.528274528758	0.973900434993	0.635089415176	0.566457225713	0.55775737071	0.593040115998	0.546157564041	0.600289995167	0.537941034316	0.622522957951	0.510391493475	0.573223779604	0.883518608023	0.538424359594	0.577573707105	0.620106331561	0.61333977767	0.937167713871	0.769453842436	0.722571290478	0.652005799903	0.659255679072	0.64572257129	0.890285161914	0.652972450459	0.612856452392	0.618173030449	0.644755920735	0.661188980184	0.679555340744	0.623006283229	0.563557274045	0.585790236829	0.632189463509	0.561140647656	0.59497341711	0.522474625423	0.538907684872	0.0	0.370227162881	0.594006766554	0.585790236829	0.518124697922	0.639922667956	0.617689705172	0.655872402127	0.60415659739	0.638472692122	0.60415659739	0.637022716288	0.646689221846	0.539874335428	0.579990333494	0.607539874335	0.568873852102	0.558240695988	0.630739487675	0.561623972934	0.585790236829	0.578057032383	0.607539874335
AE6	0.607539874335	0.470275495408	0.974383760271	0.622039632673	0.565490575157	0.479942000967	0.587240212663	0.459642339294	0.509424842919	0.516674722088	0.52779120348	0.496375060416	0.493475108748	0.885935234413	0.534557757371	0.535041082649	0.537941034316	0.531174480425	0.939101014983	0.769937167714	0.667472208797	0.593523441276	0.600289995167	0.592073465442	0.911068148864	0.638472692122	0.543740937651	0.556307394877	0.597390043499	0.623489608507	0.644755920735	0.58095698405	0.476558724021	0.482841952634	0.605606573224	0.537457709038	0.528274528758	0.492508458192	0.403093281779	0.370227162881	0.0	0.623006283229	0.605606573224	0.48380860319	0.534557757371	0.515224746254	0.62735621073	0.561623972934	0.610439826003	0.577573707105	0.592073465442	0.605606573224	0.473658772354	0.481875302078	0.512808119865	0.492508458192	0.501691638473	0.59497341711	0.515224746254	0.56259062349	0.501208313195	0.564523924601
AF5	0.716288061866	0.613823102948	0.933301111648	0.648622522958	0.658289028516	0.669405509908	0.549057515708	0.634606089899	0.677138714355	0.566457225713	0.703238279362	0.625422909618	0.658289028516	0.844369260512	0.591590140164	0.667472208797	0.704204929918	0.708554857419	0.863702271629	0.711454809087	0.698405026583	0.651522474625	0.707104881585	0.701788303528	0.876268728855	0.678588690188	0.679555340744	0.659255679072	0.640889318511	0.65055582407	0.753504108265	0.690188496858	0.620106331561	0.649105848236	0.735621072982	0.656355727405	0.705654905752	0.478492025133	0.676172063799	0.594006766554	0.623006283229	0.0	0.270178830353	0.53020782987	0.708554857419	0.698888351861	0.757854035766	0.705654905752	0.741420976317	0.709038182697	0.730304494925	0.74528757854	0.681971967134	0.70372160464	0.721604639923	0.702754954084	0.654422426293	0.729821169647	0.666988883519	0.708071532141	0.699855002417	0.708554857419
AF6	0.701788303528	0.586273562107	0.932334461092	0.645239246013	0.644272595457	0.642822619623	0.528757854036	0.61333977767	0.649589173514	0.546157564041	0.684388593523	0.606089898502	0.640405993233	0.848719188014	0.563073948768	0.653455775737	0.6805219913	0.683421942968	0.87046882552	0.714354760754	0.697921701305	0.636056065732	0.69212179797	0.678588690188	0.878685355244	0.668438859352	0.657805703238	0.639922667956	0.632189463509	0.644755920735	0.741904301595	0.675205413243	0.592073465442	0.616239729338	0.720637989367	0.642822619623	0.664572257129	0.441759304012	0.654422426293	0.585790236829	0.605606573224	0.270178830353	0.0	0.503141614306	0.688255195747	0.676655389077	0.746737554374	0.686805219913	0.725471242146	0.692605123248	0.706138231029	0.727404543258	0.650072498792	0.672305461576	0.690188496858	0.673755437409	0.62493958434	0.709521507975	0.6389560174	0.689221846303	0.677622039633	0.68970517158
