	AA3	AA4	AB3	AB4	AC3	AC4	AD3	AD4	AE3	AE4	AF3	AF4	AG3	AG4	AH3	AH4	AA7	AA8	AB7	AB8	AC7	AC8	AD7	AD8	AE7	AE8	AF7	AF8	AG7	AG8	AH7	AH8	AA5	AA6	AB5	AB6	AC5	AC6	AD6	AE5	AE6	AF5	AF6	AG5	AH5	AH6	AA1	AA2	AB1	AB2	AC1	AC2	AD1	AD2	AE1	AE2	AF1	AF2	AG1	AG2	AH1	AH2
AA3	0.0	0.501208313195	0.931851135814	0.637022716288	0.643305944901	0.572740454326	0.681488641856	0.575157080715	0.56259062349	0.618656355727	0.595456742388	0.597873368777	0.591590140164	0.850652489125	0.638472692122	0.332044465926	0.582406959884	0.543257612373	0.87723537941	0.720154664089	0.612856452392	0.573707104882	0.585306911551	0.580473658772	0.838569357177	0.594490091832	0.578057032383	0.565007249879	0.586756887385	0.603189946834	0.588206863219	0.563073948768	0.58095698405	0.590140164331	0.74770420493	0.687771870469	0.608506524891	0.619139681005	0.592073465442	0.623489608507	0.592073465442	0.714838086032	0.691155147414	0.619623006283	0.625906234896	0.615273078782	0.684388593523	0.634122764621	0.714354760754	0.669405509908	0.644755920735	0.653455775737	0.567423876269	0.545674238763	0.565973900435	0.550507491542	0.579507008217	0.65055582407	0.588206863219	0.663605606573	0.569840502658	0.63653939101
AA4	0.501208313195	0.0	0.950217496375	0.586756887385	0.565490575157	0.503141614306	0.602706621556	0.499275012083	0.523441275979	0.540357660706	0.56935717738	0.5186080232	0.48380860319	0.866118898018	0.345577573707	0.388593523441	0.549540840986	0.554374093765	0.899951667472	0.738037699372	0.676655389077	0.587240212663	0.596906718221	0.600773320445	0.873852102465	0.632189463509	0.566940550991	0.567423876269	0.616723054616	0.641855969067	0.639922667956	0.577573707105	0.53020782987	0.528274528758	0.669888835186	0.601256645723	0.579990333494	0.534074432093	0.532141130981	0.531174480425	0.498791686805	0.628322861286	0.601739971	0.531657805703	0.600773320445	0.591590140164	0.651522474625	0.578057032383	0.631222812953	0.596423392943	0.603673272112	0.619139681005	0.517158047366	0.522957950701	0.533107781537	0.540840985984	0.50459159014	0.620589656839	0.517158047366	0.601256645723	0.526824552924	0.565490575157
AB3	0.931851135814	0.950217496375	0.0	0.677622039633	0.914934751087	0.952634122765	0.950217496375	0.940550990817	0.93281778637	0.94441759304	0.96761720638	0.930884485259	0.9584340261	0.336394393427	0.955534074432	0.939101014983	0.968100531658	0.965683905268	0.744320927985	0.763170613823	0.89125181247	0.916868052199	0.961817303045	0.944900918318	0.850169163847	0.894635089415	0.944900918318	0.923151280812	0.84485258579	0.840019333011	0.95360077332	0.953117448043	0.95360077332	0.959400676655	0.970517158047	0.958917351377	0.969550507492	0.950700821653	0.968583856936	0.968583856936	0.968100531658	0.933784436926	0.936684388594	0.944900918318	0.975350410826	0.968583856936	0.969067182214	0.96520057999	0.968100531658	0.968100531658	0.969067182214	0.968583856936	0.970517158047	0.970517158047	0.974867085549	0.969067182214	0.966650555824	0.96761720638	0.966650555824	0.970517158047	0.968583856936	0.969550507492
AB4	0.637022716288	0.586756887385	0.677622039633	0.0	0.641855969067	0.616723054616	0.69453842436	0.630256162397	0.623006283229	0.631706138231	0.655389076849	0.611889801837	0.488641855969	0.562107298212	0.608989850169	0.590623489609	0.646689221846	0.649105848236	0.741904301595	0.58095698405	0.666022232963	0.629772837119	0.665538907685	0.647655872402	0.794586756887	0.645239246013	0.662638956017	0.635572740454	0.560657322378	0.597873368777	0.695988400193	0.65055582407	0.645239246013	0.656839052682	0.729337844369	0.679555340744	0.65973900435	0.652005799903	0.629289511841	0.646205896568	0.62493958434	0.667472208797	0.676655389077	0.637022716288	0.687288545191	0.670855485742	0.709521507975	0.665055582407	0.707104881585	0.679072015466	0.678588690188	0.670372160464	0.637022716288	0.637506041566	0.652972450459	0.652972450459	0.652489125181	0.687771870469	0.652972450459	0.678105364911	0.64813919768	0.667955534074
AC3	0.643305944901	0.565490575157	0.914934751087	0.641855969067	0.0	0.496375060416	0.646205896568	0.550024166264	0.561140647656	0.58337361044	0.616239729338	0.30787820203	0.581923634606	0.837119381344	0.594006766554	0.590623489609	0.61333977767	0.596906718221	0.877718704688	0.7593040116	0.728371193813	0.672305461576	0.717738037699	0.709038182697	0.83325277912	0.683421942968	0.657805703238	0.681488641856	0.672788786854	0.700821652972	0.696471725471	0.652005799903	0.61575640406	0.625422909618	0.630256162397	0.587240212663	0.625906234896	0.571290478492	0.576123731271	0.562107298212	0.570807153214	0.649589173514	0.651039149348	0.555824069599	0.64572257129	0.638472692122	0.588690188497	0.582890285162	0.578057032383	0.570323827936	0.59255679072	0.587723537941	0.527307878202	0.562107298212	0.573707104882	0.564523924601	0.61333977767	0.578057032383	0.616723054616	0.598840019333	0.610439826003	0.587240212663
AC4	0.572740454326	0.503141614306	0.952634122765	0.616723054616	0.496375060416	0.0	0.632672788787	0.390043499275	0.399710004833	0.523924601257	0.327694538424	0.416143064282	0.505558240696	0.868535524408	0.542774287095	0.53020782987	0.468825519575	0.460125664572	0.933784436926	0.765587240213	0.587723537941	0.525857902368	0.510874818753	0.514741420976	0.90043499275	0.595456742388	0.493475108748	0.509424842919	0.549540840986	0.583856935718	0.574190430159	0.514741420976	0.443692605123	0.461575640406	0.640889318511	0.566940550991	0.471725471242	0.517641372644	0.427259545674	0.572740454326	0.475108748188	0.672788786854	0.655389076849	0.502174963751	0.507491541808	0.476558724021	0.637506041566	0.570807153214	0.603673272112	0.590623489609	0.590140164331	0.602223296278	0.48622522958	0.482358627356	0.511358144031	0.490091831803	0.542774287095	0.60657322378	0.554857419043	0.587723537941	0.475592073465	0.563557274045
AD3	0.681488641856	0.602706621556	0.950217496375	0.69453842436	0.646205896568	0.632672788787	0.0	0.55775737071	0.652489125181	0.359110681489	0.686805219913	0.623006283229	0.652489125181	0.872402126631	0.568390526825	0.647172547124	0.696955050749	0.701788303528	0.937167713871	0.776220396327	0.724021266312	0.703238279362	0.708554857419	0.703238279362	0.912518124698	0.692605123248	0.710004833253	0.705171580474	0.699371677139	0.69212179797	0.730787820203	0.706138231029	0.644272595457	0.658772353794	0.739004349928	0.672305461576	0.686321894635	0.536491058482	0.642822619623	0.581923634606	0.588690188497	0.548090865152	0.521024649589	0.567423876269	0.714354760754	0.698405026583	0.773803769937	0.702271628806	0.747220879652	0.724021266312	0.722571290478	0.74528757854	0.668438859352	0.676655389077	0.678588690188	0.668438859352	0.64572257129	0.734654422426	0.65055582407	0.715804736588	0.696955050749	0.716771387144
AD4	0.575157080715	0.499275012083	0.940550990817	0.630256162397	0.550024166264	0.390043499275	0.55775737071	0.0	0.29869502175	0.423876268729	0.411309811503	0.49299178347	0.513291445143	0.855485741904	0.534557757371	0.535041082649	0.458675688739	0.442725954567	0.938134364427	0.764620589657	0.5601739971	0.489608506525	0.501208313195	0.497341710971	0.904301594973	0.597873368777	0.443692605123	0.470275495408	0.510391493475	0.572740454326	0.554374093765	0.488641855969	0.393910101498	0.429192846786	0.650072498792	0.566457225713	0.441759304012	0.494441759304	0.436926051232	0.561140647656	0.473658772354	0.652489125181	0.623006283229	0.48622522958	0.511841469309	0.477525374577	0.660705654906	0.584823586274	0.631706138231	0.609956500725	0.609956500725	0.620106331561	0.49540840986	0.500241662639	0.52537457709	0.494925084582	0.528274528758	0.62735621073	0.541324311261	0.608023199613	0.496375060416	0.596423392943
AE3	0.56259062349	0.523441275979	0.93281778637	0.623006283229	0.561140647656	0.399710004833	0.652489125181	0.29869502175	0.0	0.523441275979	0.38666022233	0.50700821653	0.514258095698	0.854035766071	0.555340744321	0.539874335428	0.447075882069	0.427742870952	0.927501208313	0.757854035766	0.543740937651	0.487191880135	0.484291928468	0.489125181247	0.896085065249	0.592073465442	0.438376027066	0.46979217013	0.484291928468	0.565007249879	0.538424359594	0.479942000967	0.399710004833	0.452392460126	0.65973900435	0.586273562107	0.436442725955	0.522957950701	0.449975833736	0.598356694055	0.509908168197	0.680038666022	0.653939101015	0.512808119865	0.506524891252	0.475108748188	0.667472208797	0.59497341711	0.6389560174	0.620106331561	0.614306428226	0.632189463509	0.506524891252	0.513291445143	0.541324311261	0.511358144031	0.547607539874	0.6389560174	0.567907201547	0.608506524891	0.49540840986	0.600289995167
AE4	0.618656355727	0.540357660706	0.94441759304	0.631706138231	0.58337361044	0.523924601257	0.359110681489	0.423876268729	0.523441275979	0.0	0.582890285162	0.545190913485	0.591590140164	0.861285645239	0.541807636539	0.568873852102	0.590623489609	0.591106814886	0.937651039149	0.763653939101	0.660705654906	0.595456742388	0.602223296278	0.588690188497	0.907684871919	0.619623006283	0.595456742388	0.594490091832	0.585306911551	0.604639922668	0.641372643789	0.591590140164	0.539874335428	0.556790720155	0.691638472692	0.616239729338	0.579023682939	0.472692121798	0.536007733204	0.517158047366	0.499275012083	0.577573707105	0.559207346544	0.489608506525	0.605606573224	0.592073465442	0.714354760754	0.646689221846	0.698888351861	0.678105364911	0.676655389077	0.681005316578	0.602706621556	0.592073465442	0.60415659739	0.578540357661	0.578540357661	0.690188496858	0.592073465442	0.673755437409	0.587240212663	0.657805703238
AF3	0.595456742388	0.56935717738	0.96761720638	0.655389076849	0.616239729338	0.327694538424	0.686805219913	0.411309811503	0.38666022233	0.582890285162	0.0	0.525857902368	0.539874335428	0.884001933301	0.599323344611	0.566940550991	0.445625906235	0.427742870952	0.952634122765	0.78250362494	0.572740454326	0.534557757371	0.436442725955	0.444175930401	0.919768003867	0.614306428226	0.436926051232	0.502174963751	0.528757854036	0.603673272112	0.52537457709	0.497341710971	0.426776220396	0.485258579024	0.667955534074	0.607056549058	0.423392943451	0.55099081682	0.458192363461	0.621556307395	0.522957950701	0.709521507975	0.693571773804	0.539874335428	0.507491541808	0.476075398743	0.671822136298	0.602706621556	0.658772353794	0.623972933784	0.625906234896	0.635089415176	0.529724504592	0.512808119865	0.544707588207	0.508458192363	0.574190430159	0.645239246013	0.593523441276	0.608023199613	0.498308361527	0.596423392943
AF4	0.597873368777	0.5186080232	0.930884485259	0.611889801837	0.30787820203	0.416143064282	0.623006283229	0.49299178347	0.50700821653	0.545190913485	0.525857902368	0.0	0.536007733204	0.84485258579	0.549540840986	0.535524407927	0.554374093765	0.554374093765	0.886901884969	0.72692121798	0.695505074915	0.62735621073	0.660705654906	0.649105848236	0.839052682455	0.640405993233	0.601256645723	0.625906234896	0.628806186564	0.654422426293	0.653455775737	0.610923151281	0.555824069599	0.567423876269	0.601739971	0.52779120348	0.549540840986	0.539874335428	0.523924601257	0.512324794587	0.517641372644	0.621072982117	0.627839536008	0.517158047366	0.571290478492	0.565490575157	0.579990333494	0.5186080232	0.555824069599	0.532141130981	0.537941034316	0.545190913485	0.467375543741	0.497341710971	0.50459159014	0.509424842919	0.563557274045	0.545674238763	0.565973900435	0.538907684872	0.547124214596	0.511358144031
AG3	0.591590140164	0.48380860319	0.9584340261	0.488641855969	0.581923634606	0.505558240696	0.652489125181	0.513291445143	0.514258095698	0.591590140164	0.539874335428	0.536007733204	0.0	0.844369260512	0.526341227646	0.521024649589	0.511841469309	0.512324794587	0.930401159981	0.759787336878	0.683421942968	0.594490091832	0.603673272112	0.612373127115	0.883035282745	0.641372643789	0.555340744321	0.581923634606	0.62493958434	0.65055582407	0.640405993233	0.570807153214	0.543740937651	0.532624456259	0.654905751571	0.604639922668	0.551474142098	0.560657322378	0.518124697922	0.572740454326	0.515224746254	0.675205413243	0.654422426293	0.547607539874	0.580473658772	0.568873852102	0.62735621073	0.557274045433	0.621072982117	0.590140164331	0.590623489609	0.585306911551	0.504108264862	0.518124697922	0.536491058482	0.535041082649	0.53697438376	0.608989850169	0.560657322378	0.600289995167	0.518124697922	0.573707104882
AG4	0.850652489125	0.866118898018	0.336394393427	0.562107298212	0.837119381344	0.868535524408	0.872402126631	0.855485741904	0.854035766071	0.861285645239	0.884001933301	0.84485258579	0.844369260512	0.0	0.873852102465	0.852585790237	0.890768487192	0.888351860802	0.716771387144	0.688738521025	0.816336394393	0.837602706622	0.882551957467	0.869018849686	0.821169647173	0.820686321895	0.86563557274	0.84485258579	0.765103914935	0.758820686322	0.880618656356	0.87046882552	0.875302078299	0.880618656356	0.898985016916	0.884968583857	0.889318511358	0.86563557274	0.885935234413	0.885451909135	0.884485258579	0.853069115515	0.861768970517	0.869985500242	0.898501691638	0.889801836636	0.88883518608	0.885935234413	0.886418559691	0.880618656356	0.893185113581	0.89125181247	0.893185113581	0.890285161914	0.895118414693	0.89125181247	0.89125181247	0.893185113581	0.888351860802	0.887868535524	0.893185113581	0.894635089415
AH3	0.638472692122	0.345577573707	0.955534074432	0.608989850169	0.594006766554	0.542774287095	0.568390526825	0.534557757371	0.555340744321	0.541807636539	0.599323344611	0.549540840986	0.526341227646	0.873852102465	0.0	0.5186080232	0.58095698405	0.598356694055	0.929917834703	0.772837119381	0.698405026583	0.607539874335	0.632672788787	0.640889318511	0.906234896085	0.681971967134	0.604639922668	0.617689705172	0.654905751571	0.678105364911	0.685838569357	0.622522957951	0.537457709038	0.552440792653	0.700821652972	0.637022716288	0.616239729338	0.530691155147	0.583856935718	0.556790720155	0.53697438376	0.595940067666	0.565007249879	0.546157564041	0.630739487675	0.625906234896	0.705171580474	0.62493958434	0.669888835186	0.651522474625	0.655872402127	0.666988883519	0.573223779604	0.583856935718	0.591106814886	0.603673272112	0.553407443209	0.673755437409	0.557274045433	0.649589173514	0.579023682939	0.61575640406
AH4	0.332044465926	0.388593523441	0.939101014983	0.590623489609	0.590623489609	0.53020782987	0.647172547124	0.535041082649	0.539874335428	0.568873852102	0.566940550991	0.535524407927	0.521024649589	0.852585790237	0.5186080232	0.0	0.549540840986	0.535524407927	0.877718704688	0.721604639923	0.641855969067	0.567907201547	0.590623489609	0.578057032383	0.84485258579	0.601256645723	0.562107298212	0.551957467376	0.581440309328	0.615273078782	0.590140164331	0.554374093765	0.551957467376	0.552924117931	0.692605123248	0.623006283229	0.563557274045	0.568390526825	0.540840985984	0.566940550991	0.533591106815	0.667472208797	0.646205896568	0.561140647656	0.601739971	0.587723537941	0.653939101015	0.591106814886	0.658772353794	0.614306428226	0.607056549058	0.619139681005	0.525857902368	0.518124697922	0.529724504592	0.518124697922	0.521991300145	0.620589656839	0.528757854036	0.618173030449	0.532141130981	0.587240212663
AA7	0.582406959884	0.549540840986	0.968100531658	0.646689221846	0.61333977767	0.468825519575	0.696955050749	0.458675688739	0.447075882069	0.590623489609	0.445625906235	0.554374093765	0.511841469309	0.890768487192	0.58095698405	0.549540840986	0.0	0.297245045916	0.927017883035	0.768003866602	0.585790236829	0.506041565974	0.493958434026	0.499758337361	0.878685355244	0.59255679072	0.432576123731	0.489125181247	0.529241179314	0.592073465442	0.532141130981	0.433542774287	0.439342677622	0.480908651522	0.697921701305	0.639439342678	0.47220879652	0.559207346544	0.491058482359	0.612856452392	0.531657805703	0.712421459642	0.695988400193	0.559207346544	0.544224262929	0.518124697922	0.666988883519	0.594490091832	0.656839052682	0.631706138231	0.608506524891	0.623489608507	0.522474625423	0.511841469309	0.539874335428	0.509908168197	0.534557757371	0.625422909618	0.562107298212	0.629289511841	0.48380860319	0.594490091832
AA8	0.543257612373	0.554374093765	0.965683905268	0.649105848236	0.596906718221	0.460125664572	0.701788303528	0.442725954567	0.427742870952	0.591106814886	0.427742870952	0.554374093765	0.512324794587	0.888351860802	0.598356694055	0.535524407927	0.297245045916	0.0	0.919768003867	0.758820686322	0.564523924601	0.486708554857	0.46302561624	0.471242145964	0.867568873852	0.579507008217	0.409376510391	0.465925567907	0.509908168197	0.582406959884	0.476558724021	0.376993716771	0.421942967617	0.480908651522	0.705654905752	0.646205896568	0.467375543741	0.565007249879	0.485258579024	0.608989850169	0.531657805703	0.718221362977	0.700821652972	0.559207346544	0.542290961817	0.51377477042	0.649589173514	0.584823586274	0.667955534074	0.634606089899	0.603189946834	0.611889801837	0.495891735138	0.503624939584	0.540840985984	0.502174963751	0.537457709038	0.609956500725	0.559690671822	0.629772837119	0.482841952634	0.593523441276
AB7	0.87723537941	0.899951667472	0.744320927985	0.741904301595	0.877718704688	0.933784436926	0.937167713871	0.938134364427	0.927501208313	0.937651039149	0.952634122765	0.886901884969	0.930401159981	0.716771387144	0.929917834703	0.877718704688	0.927017883035	0.919768003867	0.0	0.413243112615	0.820686321895	0.855002416626	0.936684388594	0.921701304978	0.740454325761	0.820202996617	0.903818269696	0.858385693572	0.741420976317	0.696955050749	0.888351860802	0.904301594973	0.925567907202	0.936684388594	0.944900918318	0.934267762204	0.951667472209	0.917351377477	0.941517641373	0.929434509425	0.946350894152	0.86805219913	0.886901884969	0.913001449976	0.957950700822	0.957950700822	0.933784436926	0.927017883035	0.935717738038	0.930884485259	0.935717738038	0.925084581924	0.926051232479	0.922184630256	0.9212179797	0.918801353311	0.922184630256	0.925567907202	0.92363460609	0.932334461092	0.949250845819	0.930884485259
AB8	0.720154664089	0.738037699372	0.763170613823	0.58095698405	0.7593040116	0.765587240213	0.776220396327	0.764620589657	0.757854035766	0.763653939101	0.78250362494	0.72692121798	0.759787336878	0.688738521025	0.772837119381	0.721604639923	0.768003866602	0.758820686322	0.413243112615	0.0	0.656355727405	0.6805219913	0.764137264379	0.743837602707	0.728371193813	0.65055582407	0.725954567424	0.681488641856	0.544224262929	0.513291445143	0.737071048816	0.737071048816	0.763170613823	0.772353794103	0.817786370227	0.77090381827	0.781053649106	0.749154180764	0.76848719188	0.758337361044	0.765587240213	0.71532141131	0.730787820203	0.743354277429	0.794586756887	0.790720154664	0.827936201063	0.77090381827	0.792170130498	0.780570323828	0.781053649106	0.78927017883	0.769937167714	0.765587240213	0.764620589657	0.763170613823	0.762203963267	0.785403576607	0.762203963267	0.772837119381	0.779120347994	0.77090381827
AC7	0.612856452392	0.676655389077	0.89125181247	0.666022232963	0.728371193813	0.587723537941	0.724021266312	0.5601739971	0.543740937651	0.660705654906	0.572740454326	0.695505074915	0.683421942968	0.816336394393	0.698405026583	0.641855969067	0.585790236829	0.564523924601	0.820686321895	0.656355727405	0.0	0.372160463992	0.562107298212	0.544707588207	0.823102948284	0.585306911551	0.540840985984	0.492508458192	0.47462542291	0.501208313195	0.560657322378	0.543257612373	0.546157564041	0.599323344611	0.814403093282	0.744320927985	0.616723054616	0.655389076849	0.627839536008	0.732237796037	0.665055582407	0.717738037699	0.700338327695	0.639922667956	0.647655872402	0.619623006283	0.823586273562	0.756404059932	0.808603189947	0.789753504108	0.765103914935	0.783953600773	0.681971967134	0.664572257129	0.695021749638	0.662155630739	0.681005316578	0.789753504108	0.68970517158	0.775737071049	0.625906234896	0.758820686322
AC8	0.573707104882	0.587240212663	0.916868052199	0.629772837119	0.672305461576	0.525857902368	0.703238279362	0.489608506525	0.487191880135	0.595456742388	0.534557757371	0.62735621073	0.594490091832	0.837602706622	0.607539874335	0.567907201547	0.506041565974	0.486708554857	0.855002416626	0.6805219913	0.372160463992	0.0	0.501691638473	0.492508458192	0.84485258579	0.550507491542	0.398743354277	0.374577090382	0.448042532624	0.49299178347	0.528274528758	0.470758820686	0.473175447076	0.505558240696	0.740454325761	0.670855485742	0.558724021266	0.584340260996	0.544224262929	0.647655872402	0.576607056549	0.672305461576	0.653939101015	0.570323827936	0.576607056549	0.554857419043	0.739487675205	0.670372160464	0.732721121315	0.709038182697	0.678588690188	0.693088448526	0.592073465442	0.581923634606	0.607056549058	0.577090381827	0.584340260996	0.700821652972	0.59497341711	0.697438376027	0.542290961817	0.671822136298
AD7	0.585306911551	0.596906718221	0.961817303045	0.665538907685	0.717738037699	0.510874818753	0.708554857419	0.501208313195	0.484291928468	0.602223296278	0.436442725955	0.660705654906	0.603673272112	0.882551957467	0.632672788787	0.590623489609	0.493958434026	0.46302561624	0.936684388594	0.764137264379	0.562107298212	0.501691638473	0.0	0.283228612856	0.895118414693	0.529724504592	0.431609473175	0.471725471242	0.494441759304	0.564040599323	0.507491541808	0.487675205413	0.475108748188	0.537941034316	0.746254229096	0.6805219913	0.513291445143	0.599323344611	0.551957467376	0.651522474625	0.587723537941	0.714354760754	0.696471725471	0.597390043499	0.572257129048	0.558240695988	0.753020782987	0.679072015466	0.744320927985	0.719188013533	0.689221846303	0.702754954084	0.607539874335	0.595940067666	0.617689705172	0.59255679072	0.598840019333	0.71290478492	0.603673272112	0.702271628806	0.561140647656	0.677622039633
AD8	0.580473658772	0.600773320445	0.944900918318	0.647655872402	0.709038182697	0.514741420976	0.703238279362	0.497341710971	0.489125181247	0.588690188497	0.444175930401	0.649105848236	0.612373127115	0.869018849686	0.640889318511	0.578057032383	0.499758337361	0.471242145964	0.921701304978	0.743837602707	0.544707588207	0.492508458192	0.283228612856	0.0	0.844369260512	0.490575157081	0.420976317061	0.459642339294	0.470758820686	0.547124214596	0.496858385694	0.483325277912	0.484291928468	0.543257612373	0.751087481875	0.681488641856	0.508458192363	0.593523441276	0.553407443209	0.650072498792	0.587723537941	0.708554857419	0.690188496858	0.585306911551	0.576607056549	0.559690671822	0.754954084099	0.679072015466	0.747220879652	0.719188013533	0.69212179797	0.706138231029	0.613823102948	0.599806669889	0.625422909618	0.593523441276	0.607539874335	0.716771387144	0.61333977767	0.706138231029	0.567907201547	0.681488641856
AE7	0.838569357177	0.873852102465	0.850169163847	0.794586756887	0.83325277912	0.90043499275	0.912518124698	0.904301594973	0.896085065249	0.907684871919	0.919768003867	0.839052682455	0.883035282745	0.821169647173	0.906234896085	0.84485258579	0.878685355244	0.867568873852	0.740454325761	0.728371193813	0.823102948284	0.84485258579	0.895118414693	0.844369260512	0.0	0.535041082649	0.8796520058	0.848719188014	0.761720637989	0.767037216046	0.837602706622	0.849685838569	0.897535041083	0.908168197197	0.932334461092	0.917834702755	0.922184630256	0.898018366361	0.909134847753	0.882068632189	0.904301594973	0.869502174964	0.884968583857	0.881101981634	0.938617689705	0.922184630256	0.891735137748	0.894635089415	0.908168197197	0.894635089415	0.902368293862	0.898018366361	0.895118414693	0.895601739971	0.903818269696	0.887385210246	0.90285161914	0.893668438859	0.901884968584	0.905751570807	0.90961817303	0.905268245529
AE8	0.594490091832	0.632189463509	0.894635089415	0.645239246013	0.683421942968	0.595456742388	0.692605123248	0.597873368777	0.592073465442	0.619623006283	0.614306428226	0.640405993233	0.641372643789	0.820686321895	0.681971967134	0.601256645723	0.59255679072	0.579507008217	0.820202996617	0.65055582407	0.585306911551	0.550507491542	0.529724504592	0.490575157081	0.535041082649	0.0	0.571290478492	0.547607539874	0.51377477042	0.517641372644	0.566940550991	0.564523924601	0.594006766554	0.607539874335	0.765587240213	0.701788303528	0.622039632673	0.60657322378	0.604639922668	0.658289028516	0.626389560174	0.685355244079	0.672305461576	0.599323344611	0.641372643789	0.622522957951	0.757370710488	0.685838569357	0.754470758821	0.717738037699	0.702754954084	0.724021266312	0.65973900435	0.632189463509	0.659255679072	0.623972933784	0.64813919768	0.721604639923	0.658772353794	0.71290478492	0.614306428226	0.697921701305
AF7	0.578057032383	0.566940550991	0.944900918318	0.662638956017	0.657805703238	0.493475108748	0.710004833253	0.443692605123	0.438376027066	0.595456742388	0.436926051232	0.601256645723	0.555340744321	0.86563557274	0.604639922668	0.562107298212	0.432576123731	0.409376510391	0.903818269696	0.725954567424	0.540840985984	0.398743354277	0.431609473175	0.420976317061	0.8796520058	0.571290478492	0.0	0.325277912035	0.468342194297	0.541324311261	0.489608506525	0.472692121798	0.412759787337	0.468342194297	0.700821652972	0.629772837119	0.466408893185	0.548090865152	0.502174963751	0.619623006283	0.531657805703	0.695021749638	0.679072015466	0.542774287095	0.544707588207	0.52779120348	0.687771870469	0.618173030449	0.693571773804	0.674238762687	0.627839536008	0.640405993233	0.550507491542	0.537457709038	0.558724021266	0.535041082649	0.559690671822	0.654422426293	0.578540357661	0.655872402127	0.492508458192	0.619623006283
AF8	0.565007249879	0.567423876269	0.923151280812	0.635572740454	0.681488641856	0.509424842919	0.705171580474	0.470275495408	0.46979217013	0.594490091832	0.502174963751	0.625906234896	0.581923634606	0.84485258579	0.617689705172	0.551957467376	0.489125181247	0.465925567907	0.858385693572	0.681488641856	0.492508458192	0.374577090382	0.471725471242	0.459642339294	0.848719188014	0.547607539874	0.325277912035	0.0	0.4398260029	0.501208313195	0.521024649589	0.460125664572	0.447075882069	0.504108264862	0.720154664089	0.652005799903	0.506041565974	0.559690671822	0.526341227646	0.621556307395	0.558724021266	0.658772353794	0.644755920735	0.557274045433	0.561140647656	0.546640889319	0.698888351861	0.641372643789	0.714354760754	0.690671822136	0.652005799903	0.658289028516	0.573707104882	0.556307394877	0.579023682939	0.554857419043	0.555824069599	0.675205413243	0.566457225713	0.674238762687	0.51619139681	0.642339294345
AG7	0.586756887385	0.616723054616	0.84485258579	0.560657322378	0.672788786854	0.549540840986	0.699371677139	0.510391493475	0.484291928468	0.585306911551	0.528757854036	0.628806186564	0.62493958434	0.765103914935	0.654905751571	0.581440309328	0.529241179314	0.509908168197	0.741420976317	0.544224262929	0.47462542291	0.448042532624	0.494441759304	0.470758820686	0.761720637989	0.51377477042	0.468342194297	0.4398260029	0.0	0.330594490092	0.535524407927	0.503141614306	0.497341710971	0.555340744321	0.747220879652	0.674238762687	0.528757854036	0.578057032383	0.557274045433	0.643305944901	0.59497341711	0.658289028516	0.65055582407	0.563073948768	0.598840019333	0.582406959884	0.748187530208	0.673272112131	0.737554374094	0.713871435476	0.683905268246	0.708071532141	0.623006283229	0.610439826003	0.628806186564	0.597390043499	0.627839536008	0.709038182697	0.632672788787	0.695021749638	0.58337361044	0.677138714355
AG8	0.603189946834	0.641855969067	0.840019333011	0.597873368777	0.700821652972	0.583856935718	0.69212179797	0.572740454326	0.565007249879	0.604639922668	0.603673272112	0.654422426293	0.65055582407	0.758820686322	0.678105364911	0.615273078782	0.592073465442	0.582406959884	0.696955050749	0.513291445143	0.501208313195	0.49299178347	0.564040599323	0.547124214596	0.767037216046	0.517641372644	0.541324311261	0.501208313195	0.330594490092	0.0	0.573707104882	0.567907201547	0.574673755437	0.599806669889	0.769453842436	0.695988400193	0.596423392943	0.600773320445	0.595940067666	0.671822136298	0.62493958434	0.670855485742	0.658772353794	0.594006766554	0.632672788787	0.614789753504	0.776703721605	0.698405026583	0.761720637989	0.737554374094	0.716288061866	0.725471242146	0.660222329628	0.63653939101	0.65732237796	0.628806186564	0.646205896568	0.732237796037	0.668438859352	0.714838086032	0.621072982117	0.700821652972
AH7	0.588206863219	0.639922667956	0.95360077332	0.695988400193	0.696471725471	0.574190430159	0.730787820203	0.554374093765	0.538424359594	0.641372643789	0.52537457709	0.653455775737	0.640405993233	0.880618656356	0.685838569357	0.590140164331	0.532141130981	0.476558724021	0.888351860802	0.737071048816	0.560657322378	0.528274528758	0.507491541808	0.496858385694	0.837602706622	0.566940550991	0.489608506525	0.521024649589	0.535524407927	0.573707104882	0.0	0.336877718705	0.55775737071	0.609956500725	0.784436926051	0.726437892702	0.5601739971	0.654422426293	0.610439826003	0.674238762687	0.635572740454	0.760270662156	0.73610439826	0.645239246013	0.640405993233	0.620106331561	0.76848719188	0.709521507975	0.768003866602	0.735621072982	0.717254712421	0.723054615756	0.630739487675	0.619139681005	0.638472692122	0.607539874335	0.627839536008	0.73368777187	0.631706138231	0.725471242146	0.603673272112	0.715804736588
AH8	0.563073948768	0.577573707105	0.953117448043	0.65055582407	0.652005799903	0.514741420976	0.706138231029	0.488641855969	0.479942000967	0.591590140164	0.497341710971	0.610923151281	0.570807153214	0.87046882552	0.622522957951	0.554374093765	0.433542774287	0.376993716771	0.904301594973	0.737071048816	0.543257612373	0.470758820686	0.487675205413	0.483325277912	0.849685838569	0.564523924601	0.472692121798	0.460125664572	0.503141614306	0.567907201547	0.336877718705	0.0	0.490575157081	0.535524407927	0.746254229096	0.68293861769	0.526824552924	0.59497341711	0.549057515708	0.625422909618	0.574673755437	0.711938134364	0.691638472692	0.587723537941	0.584823586274	0.564523924601	0.703238279362	0.641855969067	0.711938134364	0.677138714355	0.654422426293	0.658289028516	0.558724021266	0.554857419043	0.584340260996	0.544224262929	0.555824069599	0.665055582407	0.565973900435	0.67133881102	0.535041082649	0.652489125181
AA5	0.58095698405	0.53020782987	0.95360077332	0.645239246013	0.61575640406	0.443692605123	0.644272595457	0.393910101498	0.399710004833	0.539874335428	0.426776220396	0.555824069599	0.543740937651	0.875302078299	0.537457709038	0.551957467376	0.439342677622	0.421942967617	0.925567907202	0.763170613823	0.546157564041	0.473175447076	0.475108748188	0.484291928468	0.897535041083	0.594006766554	0.412759787337	0.447075882069	0.497341710971	0.574673755437	0.55775737071	0.490575157081	0.0	0.344127597873	0.685838569357	0.595456742388	0.467858869019	0.477525374577	0.482841952634	0.563073948768	0.476075398743	0.628322861286	0.600773320445	0.470758820686	0.53697438376	0.493958434026	0.707104881585	0.643789270179	0.6805219913	0.665055582407	0.663122281295	0.673755437409	0.530691155147	0.551474142098	0.58337361044	0.542774287095	0.544707588207	0.682455292412	0.561623972934	0.64813919768	0.503624939584	0.633156114065
AA6	0.590140164331	0.528274528758	0.959400676655	0.656839052682	0.625422909618	0.461575640406	0.658772353794	0.429192846786	0.452392460126	0.556790720155	0.485258579024	0.567423876269	0.532624456259	0.880618656356	0.552440792653	0.552924117931	0.480908651522	0.480908651522	0.936684388594	0.772353794103	0.599323344611	0.505558240696	0.537941034316	0.543257612373	0.908168197197	0.607539874335	0.468342194297	0.504108264862	0.555340744321	0.599806669889	0.609956500725	0.535524407927	0.344127597873	0.0	0.673272112131	0.581440309328	0.506524891252	0.493958434026	0.478492025133	0.58337361044	0.490091831803	0.649105848236	0.62493958434	0.489125181247	0.460125664572	0.422426292895	0.688738521025	0.630256162397	0.669405509908	0.649105848236	0.6389560174	0.652005799903	0.525857902368	0.535041082649	0.563073948768	0.52779120348	0.549540840986	0.664572257129	0.55775737071	0.63653939101	0.500241662639	0.618173030449
AB5	0.74770420493	0.669888835186	0.970517158047	0.729337844369	0.630256162397	0.640889318511	0.739004349928	0.650072498792	0.65973900435	0.691638472692	0.667955534074	0.601739971	0.654905751571	0.898985016916	0.700821652972	0.692605123248	0.697921701305	0.705654905752	0.944900918318	0.817786370227	0.814403093282	0.740454325761	0.746254229096	0.751087481875	0.932334461092	0.765587240213	0.700821652972	0.720154664089	0.747220879652	0.769453842436	0.784436926051	0.746254229096	0.685838569357	0.673272112131	0.0	0.311744804253	0.61575640406	0.657805703238	0.625422909618	0.632672788787	0.61575640406	0.727887868536	0.726437892702	0.640405993233	0.627839536008	0.619623006283	0.626872885452	0.611889801837	0.615273078782	0.598356694055	0.620589656839	0.612856452392	0.585790236829	0.61575640406	0.623006283229	0.623006283229	0.667472208797	0.611406476559	0.667472208797	0.605123247946	0.67133881102	0.611406476559
AB6	0.687771870469	0.601256645723	0.958917351377	0.679555340744	0.587240212663	0.566940550991	0.672305461576	0.566457225713	0.586273562107	0.616239729338	0.607056549058	0.52779120348	0.604639922668	0.884968583857	0.637022716288	0.623006283229	0.639439342678	0.646205896568	0.934267762204	0.77090381827	0.744320927985	0.670855485742	0.6805219913	0.681488641856	0.917834702755	0.701788303528	0.629772837119	0.652005799903	0.674238762687	0.695988400193	0.726437892702	0.68293861769	0.595456742388	0.581440309328	0.311744804253	0.0	0.565490575157	0.577090381827	0.565007249879	0.558724021266	0.545674238763	0.655872402127	0.649105848236	0.535524407927	0.554374093765	0.543257612373	0.601256645723	0.538907684872	0.588206863219	0.559207346544	0.558724021266	0.579990333494	0.514258095698	0.560657322378	0.568873852102	0.564523924601	0.596906718221	0.570323827936	0.593523441276	0.553890768487	0.613823102948	0.544224262929
AC5	0.608506524891	0.579990333494	0.969550507492	0.65973900435	0.625906234896	0.471725471242	0.686321894635	0.441759304012	0.436442725955	0.579023682939	0.423392943451	0.549540840986	0.551474142098	0.889318511358	0.616239729338	0.563557274045	0.47220879652	0.467375543741	0.951667472209	0.781053649106	0.616723054616	0.558724021266	0.513291445143	0.508458192363	0.922184630256	0.622039632673	0.466408893185	0.506041565974	0.528757854036	0.596423392943	0.5601739971	0.526824552924	0.467858869019	0.506524891252	0.61575640406	0.565490575157	0.0	0.452392460126	0.458675688739	0.599323344611	0.51619139681	0.703238279362	0.673755437409	0.526824552924	0.480908651522	0.46302561624	0.618173030449	0.561623972934	0.625422909618	0.586273562107	0.582406959884	0.586273562107	0.511358144031	0.474142097632	0.509424842919	0.491058482359	0.575640405993	0.594006766554	0.586273562107	0.570323827936	0.517641372644	0.55775737071
AC6	0.619139681005	0.534074432093	0.950700821653	0.652005799903	0.571290478492	0.517641372644	0.536491058482	0.494441759304	0.522957950701	0.472692121798	0.55099081682	0.539874335428	0.560657322378	0.86563557274	0.530691155147	0.568390526825	0.559207346544	0.565007249879	0.917351377477	0.749154180764	0.655389076849	0.584340260996	0.599323344611	0.593523441276	0.898018366361	0.60657322378	0.548090865152	0.559690671822	0.578057032383	0.600773320445	0.654422426293	0.59497341711	0.477525374577	0.493958434026	0.657805703238	0.577090381827	0.452392460126	0.0	0.515224746254	0.508941517641	0.48622522958	0.473175447076	0.437892701788	0.413243112615	0.564523924601	0.553407443209	0.681005316578	0.61575640406	0.656355727405	0.62493958434	0.638472692122	0.65732237796	0.574190430159	0.565490575157	0.585306911551	0.558724021266	0.555824069599	0.653939101015	0.575640405993	0.616239729338	0.546640889319	0.625906234896
AD6	0.592073465442	0.532141130981	0.968583856936	0.629289511841	0.576123731271	0.427259545674	0.642822619623	0.436926051232	0.449975833736	0.536007733204	0.458192363461	0.523924601257	0.518124697922	0.885935234413	0.583856935718	0.540840985984	0.491058482359	0.485258579024	0.941517641373	0.76848719188	0.627839536008	0.544224262929	0.551957467376	0.553407443209	0.909134847753	0.604639922668	0.502174963751	0.526341227646	0.557274045433	0.595940067666	0.610439826003	0.549057515708	0.482841952634	0.478492025133	0.625422909618	0.565007249879	0.458675688739	0.515224746254	0.0	0.540840985984	0.403576607057	0.685838569357	0.666505558241	0.51619139681	0.496858385694	0.468342194297	0.622522957951	0.550507491542	0.603189946834	0.56935717738	0.57177380377	0.583856935718	0.484291928468	0.469308844853	0.494925084582	0.471242145964	0.544707588207	0.591590140164	0.560657322378	0.575157080715	0.466892218463	0.544707588207
AE5	0.623489608507	0.531174480425	0.968583856936	0.646205896568	0.562107298212	0.572740454326	0.581923634606	0.561140647656	0.598356694055	0.517158047366	0.621556307395	0.512324794587	0.572740454326	0.885451909135	0.556790720155	0.566940550991	0.612856452392	0.608989850169	0.929434509425	0.758337361044	0.732237796037	0.647655872402	0.651522474625	0.650072498792	0.882068632189	0.658289028516	0.619623006283	0.621556307395	0.643305944901	0.671822136298	0.674238762687	0.625422909618	0.563073948768	0.58337361044	0.632672788787	0.558724021266	0.599323344611	0.508941517641	0.540840985984	0.0	0.362493958434	0.589656839053	0.576123731271	0.512808119865	0.630256162397	0.62493958434	0.663122281295	0.612373127115	0.642339294345	0.612856452392	0.632189463509	0.6389560174	0.540357660706	0.57177380377	0.588690188497	0.565973900435	0.554374093765	0.635089415176	0.553890768487	0.615273078782	0.582890285162	0.601739971
AE6	0.592073465442	0.498791686805	0.968100531658	0.62493958434	0.570807153214	0.475108748188	0.588690188497	0.473658772354	0.509908168197	0.499275012083	0.522957950701	0.517641372644	0.515224746254	0.884485258579	0.53697438376	0.533591106815	0.531657805703	0.531657805703	0.946350894152	0.765587240213	0.665055582407	0.576607056549	0.587723537941	0.587723537941	0.904301594973	0.626389560174	0.531657805703	0.558724021266	0.59497341711	0.62493958434	0.635572740454	0.574673755437	0.476075398743	0.490091831803	0.61575640406	0.545674238763	0.51619139681	0.48622522958	0.403576607057	0.362493958434	0.0	0.635089415176	0.614789753504	0.477042049299	0.537941034316	0.531657805703	0.648622522958	0.589656839053	0.620589656839	0.595940067666	0.608989850169	0.617689705172	0.497341710971	0.492025132914	0.524407926535	0.490091831803	0.516674722088	0.619139681005	0.534074432093	0.588206863219	0.49540840986	0.581440309328
AF5	0.714838086032	0.628322861286	0.933784436926	0.667472208797	0.649589173514	0.672788786854	0.548090865152	0.652489125181	0.680038666022	0.577573707105	0.709521507975	0.621072982117	0.675205413243	0.853069115515	0.595940067666	0.667472208797	0.712421459642	0.718221362977	0.86805219913	0.71532141131	0.717738037699	0.672305461576	0.714354760754	0.708554857419	0.869502174964	0.685355244079	0.695021749638	0.658772353794	0.658289028516	0.670855485742	0.760270662156	0.711938134364	0.628322861286	0.649105848236	0.727887868536	0.655872402127	0.703238279362	0.473175447076	0.685838569357	0.589656839053	0.635089415176	0.0	0.283711938134	0.549057515708	0.721121314645	0.711454809087	0.764137264379	0.71290478492	0.734654422426	0.714838086032	0.72450459159	0.74528757854	0.686805219913	0.713871435476	0.721604639923	0.705171580474	0.661672305462	0.741420976317	0.665055582407	0.699855002417	0.706138231029	0.712421459642
AF6	0.691155147414	0.601739971	0.936684388594	0.676655389077	0.651039149348	0.655389076849	0.521024649589	0.623006283229	0.653939101015	0.559207346544	0.693571773804	0.627839536008	0.654422426293	0.861768970517	0.565007249879	0.646205896568	0.695988400193	0.700821652972	0.886901884969	0.730787820203	0.700338327695	0.653939101015	0.696471725471	0.690188496858	0.884968583857	0.672305461576	0.679072015466	0.644755920735	0.65055582407	0.658772353794	0.73610439826	0.691638472692	0.600773320445	0.62493958434	0.726437892702	0.649105848236	0.673755437409	0.437892701788	0.666505558241	0.576123731271	0.614789753504	0.283711938134	0.0	0.526341227646	0.699855002417	0.687288545191	0.765103914935	0.704688255196	0.734654422426	0.704204929918	0.718704688255	0.744320927985	0.666988883519	0.689221846303	0.695021749638	0.681005316578	0.6389560174	0.73610439826	0.638472692122	0.695505074915	0.685838569357	0.708554857419
