	AA3	AA4	AB3	AB4	AC3	AC4	AD3	AD4	AE3	AE4	AF3	AF4	AG3	AG4	AH3	AH4	AA7	AA8	AB7	AB8	AC7	AC8	AD7	AD8	AE7	AE8	AF7	AF8	AG7	AG8	AH7	AH8	AA5	AA6	AB5	AB6	AC5	AC6	AD6	AE5	AE6	AF5	AF6	AG5	AH5	AH6	AA1	AA2	AB1	AB2	AC1	AC2	AD1	AD2	AE1	AE2	AF1	AF2	AG1	AG2	AH1	AH2
AA3	0.0	0.484291928468	0.938617689705	0.629289511841	0.644755920735	0.598356694055	0.665055582407	0.58337361044	0.581440309328	0.617206379894	0.617206379894	0.609956500725	0.584823586274	0.855002416626	0.629289511841	0.334944417593	0.577573707105	0.556790720155	0.867568873852	0.70372160464	0.626389560174	0.57177380377	0.605606573224	0.589173513775	0.824552924118	0.589173513775	0.568873852102	0.549540840986	0.588690188497	0.600773320445	0.588690188497	0.574190430159	0.583856935718	0.597390043499	0.737554374094	0.675688738521	0.607539874335	0.61575640406	0.603673272112	0.616723054616	0.604639922668	0.714354760754	0.683905268246	0.620589656839	0.631706138231	0.624456259062	0.691155147414	0.665055582407	0.715804736588	0.677138714355	0.640405993233	0.666505558241	0.565007249879	0.574190430159	0.582406959884	0.56935717738	0.587723537941	0.660222329628	0.59255679072	0.664088931851	0.578540357661	0.658772353794
AA4	0.484291928468	0.0	0.948284195263	0.573223779604	0.564523924601	0.508941517641	0.579023682939	0.484291928468	0.498791686805	0.51377477042	0.554374093765	0.520541324311	0.477042049299	0.857902368294	0.352344127598	0.371193813436	0.544707588207	0.540840985984	0.894635089415	0.70372160464	0.65055582407	0.578540357661	0.579507008217	0.581440309328	0.870952150797	0.617206379894	0.545674238763	0.543740937651	0.58095698405	0.617689705172	0.627839536008	0.584340260996	0.51377477042	0.5186080232	0.663122281295	0.58337361044	0.567907201547	0.505074915418	0.524891251812	0.523924601257	0.49299178347	0.637506041566	0.586273562107	0.507491541808	0.581440309328	0.567907201547	0.657805703238	0.592073465442	0.629772837119	0.610439826003	0.594490091832	0.625422909618	0.519574673755	0.521507974867	0.532141130981	0.536491058482	0.494441759304	0.608506524891	0.500241662639	0.599806669889	0.516674722088	0.584340260996
AB3	0.938617689705	0.948284195263	0.0	0.687288545191	0.921701304978	0.959884001933	0.9584340261	0.94683421943	0.931851135814	0.951184146931	0.972450459159	0.930401159981	0.963750604157	0.353794103432	0.961333977767	0.937167713871	0.968583856936	0.964717254712	0.745770903818	0.756404059932	0.887385210246	0.905268245529	0.962783953601	0.955534074432	0.854035766071	0.901401643306	0.944900918318	0.917834702755	0.841952634123	0.840502658289	0.951184146931	0.950217496375	0.9584340261	0.960367327211	0.971967133881	0.963750604157	0.973900434993	0.950217496375	0.972933784437	0.971967133881	0.971483808603	0.933784436926	0.934267762204	0.949250845819	0.976317061382	0.973417109715	0.973417109715	0.969550507492	0.96761720638	0.972933784437	0.971483808603	0.969067182214	0.971967133881	0.971967133881	0.97680038666	0.971483808603	0.971000483325	0.970517158047	0.969550507492	0.971483808603	0.971483808603	0.969067182214
AB4	0.629289511841	0.573223779604	0.687288545191	0.0	0.633156114065	0.61333977767	0.673755437409	0.607539874335	0.601256645723	0.620106331561	0.644272595457	0.610439826003	0.470275495408	0.577090381827	0.594490091832	0.588206863219	0.62493958434	0.620106331561	0.724021266312	0.551957467376	0.642822619623	0.617689705172	0.656839052682	0.643789270179	0.787820202997	0.627839536008	0.642822619623	0.610439826003	0.54857419043	0.579507008217	0.679072015466	0.645239246013	0.626389560174	0.6389560174	0.724021266312	0.65055582407	0.648622522958	0.623006283229	0.61575640406	0.635572740454	0.611406476559	0.666022232963	0.64572257129	0.617206379894	0.68293861769	0.662155630739	0.697438376027	0.658772353794	0.695505074915	0.677622039633	0.658772353794	0.672788786854	0.620106331561	0.630256162397	0.643305944901	0.634122764621	0.634606089899	0.666988883519	0.623006283229	0.669888835186	0.640405993233	0.663122281295
AC3	0.644755920735	0.564523924601	0.921701304978	0.633156114065	0.0	0.484291928468	0.638472692122	0.550507491542	0.550024166264	0.594490091832	0.614306428226	0.3194780087	0.590623489609	0.838086031899	0.598356694055	0.600289995167	0.609956500725	0.602706621556	0.874335427743	0.73852102465	0.716288061866	0.666505558241	0.717738037699	0.704688255196	0.831802803287	0.684388593523	0.65055582407	0.658289028516	0.657805703238	0.695988400193	0.693088448526	0.663122281295	0.599323344611	0.620589656839	0.609473175447	0.561140647656	0.61333977767	0.590623489609	0.579507008217	0.558724021266	0.565973900435	0.666988883519	0.632672788787	0.555824069599	0.643789270179	0.631706138231	0.591106814886	0.588690188497	0.583856935718	0.579023682939	0.587240212663	0.578540357661	0.530691155147	0.563557274045	0.570807153214	0.565973900435	0.604639922668	0.573707104882	0.612856452392	0.587240212663	0.609473175447	0.590140164331
AC4	0.598356694055	0.508941517641	0.959884001933	0.61333977767	0.484291928468	0.0	0.610439826003	0.403093281779	0.420009666506	0.524407926535	0.346544224263	0.410826486225	0.500241662639	0.874335427743	0.543257612373	0.552440792653	0.48622522958	0.473175447076	0.93281778637	0.743837602707	0.601256645723	0.551474142098	0.539874335428	0.529724504592	0.896085065249	0.584823586274	0.513291445143	0.523441275979	0.536491058482	0.588206863219	0.588206863219	0.53020782987	0.466892218463	0.489125181247	0.635089415176	0.550507491542	0.463508941518	0.501691638473	0.434026099565	0.555340744321	0.492025132914	0.691155147414	0.644755920735	0.512324794587	0.521991300145	0.493958434026	0.632672788787	0.581440309328	0.594490091832	0.591106814886	0.571290478492	0.595940067666	0.490575157081	0.493958434026	0.521024649589	0.49299178347	0.547607539874	0.583856935718	0.550507491542	0.582406959884	0.487675205413	0.571290478492
AD3	0.665055582407	0.579023682939	0.9584340261	0.673755437409	0.638472692122	0.610439826003	0.0	0.528274528758	0.625906234896	0.350410826486	0.667472208797	0.599323344611	0.619139681005	0.866602223296	0.568873852102	0.6389560174	0.666988883519	0.672305461576	0.937651039149	0.755920734654	0.698405026583	0.676655389077	0.681488641856	0.6805219913	0.91203479942	0.674238762687	0.678588690188	0.681005316578	0.675688738521	0.675688738521	0.702754954084	0.675688738521	0.610439826003	0.639439342678	0.730787820203	0.658289028516	0.663122281295	0.530691155147	0.618656355727	0.568390526825	0.559690671822	0.565973900435	0.53697438376	0.545674238763	0.691155147414	0.672788786854	0.759787336878	0.701788303528	0.737071048816	0.712421459642	0.70372160464	0.729337844369	0.652489125181	0.653939101015	0.655389076849	0.642339294345	0.624456259062	0.719671338811	0.629289511841	0.71290478492	0.67133881102	0.70372160464
AD4	0.58337361044	0.484291928468	0.94683421943	0.607539874335	0.550507491542	0.403093281779	0.528274528758	0.0	0.300144997583	0.414693088449	0.414209763171	0.491541807637	0.505558240696	0.855485741904	0.535041082649	0.540357660706	0.46302561624	0.446109231513	0.933784436926	0.744804253262	0.575640405993	0.503141614306	0.483325277912	0.483325277912	0.900918318028	0.58337361044	0.446109231513	0.461575640406	0.498308361527	0.565490575157	0.542774287095	0.501208313195	0.383760270662	0.446592556791	0.639922667956	0.545190913485	0.424359594007	0.47462542291	0.423392943451	0.550507491542	0.480425326245	0.660705654906	0.608506524891	0.500241662639	0.502658289029	0.455292411793	0.654422426293	0.601739971	0.622522957951	0.612373127115	0.593523441276	0.62493958434	0.49540840986	0.505074915418	0.523441275979	0.50700821653	0.530691155147	0.611406476559	0.539874335428	0.608506524891	0.492508458192	0.592073465442
AE3	0.581440309328	0.498791686805	0.931851135814	0.601256645723	0.550024166264	0.420009666506	0.625906234896	0.300144997583	0.0	0.504108264862	0.405993233446	0.496375060416	0.49540840986	0.848719188014	0.533107781537	0.538424359594	0.443209279845	0.426292895118	0.918801353311	0.735621072982	0.560657322378	0.487675205413	0.470275495408	0.479458675689	0.892701788304	0.578540357661	0.443209279845	0.440792653456	0.488641855969	0.558724021266	0.541807636539	0.499275012083	0.382310294828	0.450459159014	0.663122281295	0.577573707105	0.42822619623	0.50459159014	0.439342677622	0.596423392943	0.522474625423	0.695988400193	0.640889318511	0.51377477042	0.515224746254	0.467858869019	0.663605606573	0.611889801837	0.636056065732	0.618656355727	0.599806669889	0.633156114065	0.508458192363	0.5186080232	0.530691155147	0.521991300145	0.539874335428	0.623489608507	0.556790720155	0.613823102948	0.487191880135	0.603189946834
AE4	0.617206379894	0.51377477042	0.951184146931	0.620106331561	0.594490091832	0.524407926535	0.350410826486	0.414693088449	0.504108264862	0.0	0.576123731271	0.54857419043	0.558724021266	0.860802319961	0.526824552924	0.579023682939	0.58095698405	0.581440309328	0.942000966651	0.751087481875	0.639922667956	0.588690188497	0.586273562107	0.584340260996	0.911068148864	0.619139681005	0.579023682939	0.575640405993	0.574190430159	0.601739971	0.629772837119	0.596906718221	0.520057999033	0.543257612373	0.699371677139	0.612856452392	0.563557274045	0.458192363461	0.52537457709	0.538424359594	0.502174963751	0.595940067666	0.550024166264	0.511841469309	0.611889801837	0.585306911551	0.716288061866	0.666022232963	0.700338327695	0.679555340744	0.665538907685	0.684871918801	0.593523441276	0.584340260996	0.592073465442	0.58337361044	0.568873852102	0.672788786854	0.577573707105	0.683905268246	0.575157080715	0.663605606573
AF3	0.617206379894	0.554374093765	0.972450459159	0.644272595457	0.614306428226	0.346544224263	0.667472208797	0.414209763171	0.405993233446	0.576123731271	0.0	0.534074432093	0.535041082649	0.887385210246	0.591590140164	0.587240212663	0.445142580957	0.438376027066	0.957467375544	0.773803769937	0.590140164331	0.544224262929	0.442725954567	0.440792653456	0.924117931368	0.61575640406	0.448525857902	0.504108264862	0.534074432093	0.605606573224	0.531174480425	0.52537457709	0.433542774287	0.505074915418	0.675205413243	0.611406476559	0.425326244563	0.547607539874	0.450942484292	0.616239729338	0.540357660706	0.73610439826	0.686321894635	0.5601739971	0.522957950701	0.482358627356	0.665538907685	0.610923151281	0.655389076849	0.634606089899	0.598840019333	0.635572740454	0.528757854036	0.509908168197	0.533107781537	0.5186080232	0.578540357661	0.623489608507	0.582890285162	0.612373127115	0.495891735138	0.597390043499
AF4	0.609956500725	0.520541324311	0.930401159981	0.610439826003	0.3194780087	0.410826486225	0.599323344611	0.491541807637	0.496375060416	0.54857419043	0.534074432093	0.0	0.549057515708	0.84485258579	0.555340744321	0.559207346544	0.570323827936	0.566940550991	0.881101981634	0.710971483809	0.687288545191	0.626389560174	0.666022232963	0.651522474625	0.845819236346	0.632189463509	0.605123247946	0.614789753504	0.618173030449	0.661672305462	0.662638956017	0.619623006283	0.547607539874	0.568873852102	0.608023199613	0.529724504592	0.558724021266	0.537457709038	0.526824552924	0.510391493475	0.51377477042	0.637022716288	0.589656839053	0.50700821653	0.587723537941	0.569840502658	0.595456742388	0.546640889319	0.579990333494	0.552440792653	0.546157564041	0.566457225713	0.494441759304	0.511358144031	0.52779120348	0.526341227646	0.556790720155	0.565973900435	0.568390526825	0.551474142098	0.555340744321	0.540357660706
AG3	0.584823586274	0.477042049299	0.963750604157	0.470275495408	0.590623489609	0.500241662639	0.619139681005	0.505558240696	0.49540840986	0.558724021266	0.535041082649	0.549057515708	0.0	0.849202513291	0.492025132914	0.534074432093	0.508941517641	0.498791686805	0.927984533591	0.738037699372	0.662638956017	0.595940067666	0.588690188497	0.594490091832	0.881585306912	0.629289511841	0.54857419043	0.556790720155	0.594006766554	0.628322861286	0.632672788787	0.572257129048	0.511358144031	0.51619139681	0.652489125181	0.591106814886	0.53697438376	0.537941034316	0.502174963751	0.569840502658	0.508941517641	0.676172063799	0.631706138231	0.527307878202	0.56935717738	0.541807636539	0.608023199613	0.571290478492	0.616723054616	0.604639922668	0.567907201547	0.588206863219	0.500724987917	0.512808119865	0.52537457709	0.514258095698	0.535041082649	0.59497341711	0.547607539874	0.59497341711	0.505074915418	0.575157080715
AG4	0.855002416626	0.857902368294	0.353794103432	0.577090381827	0.838086031899	0.874335427743	0.866602223296	0.855485741904	0.848719188014	0.860802319961	0.887385210246	0.84485258579	0.849202513291	0.0	0.873368777187	0.851619139681	0.889318511358	0.883035282745	0.707104881585	0.674722087965	0.810536491058	0.822136297728	0.878685355244	0.873368777187	0.829386176897	0.822136297728	0.864185596907	0.839052682455	0.768003866602	0.744320927985	0.876752054132	0.867568873852	0.875785403577	0.877718704688	0.894151764137	0.881101981634	0.89125181247	0.860318994683	0.887385210246	0.884968583857	0.882551957467	0.84726921218	0.850169163847	0.862252295795	0.897535041083	0.889801836636	0.884485258579	0.882068632189	0.884485258579	0.885451909135	0.887868535524	0.881585306912	0.887868535524	0.885451909135	0.890768487192	0.886418559691	0.889318511358	0.885451909135	0.885935234413	0.887868535524	0.889318511358	0.885935234413
AH3	0.629289511841	0.352344127598	0.961333977767	0.594490091832	0.598356694055	0.543257612373	0.568873852102	0.535041082649	0.533107781537	0.526824552924	0.591590140164	0.555340744321	0.492025132914	0.873368777187	0.0	0.5186080232	0.566940550991	0.57177380377	0.922184630256	0.741904301595	0.686805219913	0.626872885452	0.611889801837	0.622039632673	0.898018366361	0.66892218463	0.604639922668	0.600773320445	0.634122764621	0.656355727405	0.669405509908	0.61575640406	0.526824552924	0.558240695988	0.700338327695	0.623489608507	0.61575640406	0.519574673755	0.567907201547	0.546157564041	0.527307878202	0.610439826003	0.565007249879	0.533107781537	0.623972933784	0.607056549058	0.688738521025	0.618656355727	0.65973900435	0.652972450459	0.629772837119	0.660222329628	0.571290478492	0.573223779604	0.576607056549	0.584340260996	0.542774287095	0.646689221846	0.540357660706	0.640889318511	0.559690671822	0.61575640406
AH4	0.334944417593	0.371193813436	0.937167713871	0.588206863219	0.600289995167	0.552440792653	0.6389560174	0.540357660706	0.538424359594	0.579023682939	0.587240212663	0.559207346544	0.534074432093	0.851619139681	0.5186080232	0.0	0.554374093765	0.545674238763	0.876268728855	0.706621556307	0.628322861286	0.560657322378	0.587723537941	0.579507008217	0.842919284679	0.60657322378	0.562107298212	0.549057515708	0.584340260996	0.61575640406	0.600773320445	0.559690671822	0.552924117931	0.556790720155	0.702271628806	0.636056065732	0.585790236829	0.590140164331	0.558724021266	0.575157080715	0.555340744321	0.688738521025	0.653455775737	0.581440309328	0.616239729338	0.598840019333	0.670372160464	0.623972933784	0.670855485742	0.64813919768	0.610439826003	0.640889318511	0.534074432093	0.542774287095	0.557274045433	0.54857419043	0.530691155147	0.623489608507	0.526341227646	0.63653939101	0.538424359594	0.620589656839
AA7	0.577573707105	0.544707588207	0.968583856936	0.62493958434	0.609956500725	0.48622522958	0.666988883519	0.46302561624	0.443209279845	0.58095698405	0.445142580957	0.570323827936	0.508941517641	0.889318511358	0.566940550991	0.554374093765	0.0	0.291445142581	0.917351377477	0.754470758821	0.587723537941	0.511358144031	0.478975350411	0.475108748188	0.866602223296	0.589173513775	0.448525857902	0.478975350411	0.521991300145	0.594490091832	0.505074915418	0.434992750121	0.434992750121	0.494925084582	0.710488158531	0.651039149348	0.480908651522	0.552924117931	0.480425326245	0.600289995167	0.555340744321	0.724021266312	0.681488641856	0.583856935718	0.563073948768	0.510391493475	0.666505558241	0.622039632673	0.667472208797	0.65055582407	0.595456742388	0.628806186564	0.512808119865	0.521991300145	0.541324311261	0.516674722088	0.535524407927	0.621072982117	0.544707588207	0.64813919768	0.483325277912	0.621556307395
AA8	0.556790720155	0.540840985984	0.964717254712	0.620106331561	0.602706621556	0.473175447076	0.672305461576	0.446109231513	0.426292895118	0.581440309328	0.438376027066	0.566940550991	0.498791686805	0.883035282745	0.57177380377	0.545674238763	0.291445142581	0.0	0.913968100532	0.741904301595	0.578057032383	0.496858385694	0.466408893185	0.467375543741	0.848719188014	0.566940550991	0.435959400677	0.46060898985	0.509908168197	0.580473658772	0.477525374577	0.393910101498	0.431126147898	0.504108264862	0.707104881585	0.651039149348	0.464475592073	0.550507491542	0.477042049299	0.600773320445	0.545674238763	0.734654422426	0.684871918801	0.577090381827	0.558240695988	0.499758337361	0.649105848236	0.613823102948	0.67133881102	0.642822619623	0.587240212663	0.619623006283	0.509908168197	0.515224746254	0.536491058482	0.509908168197	0.537457709038	0.611889801837	0.546157564041	0.632672788787	0.48380860319	0.608989850169
AB7	0.867568873852	0.894635089415	0.745770903818	0.724021266312	0.874335427743	0.93281778637	0.937651039149	0.933784436926	0.918801353311	0.942000966651	0.957467375544	0.881101981634	0.927984533591	0.707104881585	0.922184630256	0.876268728855	0.917351377477	0.913968100532	0.0	0.422909618173	0.811019816336	0.836152730788	0.945384243596	0.917351377477	0.738037699372	0.823586273562	0.893185113581	0.85886901885	0.751087481875	0.69453842436	0.888351860802	0.896085065249	0.917834702755	0.93523441276	0.936201063316	0.934751087482	0.941517641373	0.913001449976	0.946350894152	0.929917834703	0.939584340261	0.876268728855	0.884485258579	0.911068148864	0.955534074432	0.950217496375	0.931851135814	0.926534557757	0.933784436926	0.934751087482	0.930884485259	0.920734654422	0.925567907202	0.91445142581	0.925084581924	0.919768003867	0.9212179797	0.916868052199	0.927501208313	0.927501208313	0.943450942484	0.93281778637
AB8	0.70372160464	0.70372160464	0.756404059932	0.551957467376	0.73852102465	0.743837602707	0.755920734654	0.744804253262	0.735621072982	0.751087481875	0.773803769937	0.710971483809	0.738037699372	0.674722087965	0.741904301595	0.706621556307	0.754470758821	0.741904301595	0.422909618173	0.0	0.640889318511	0.654422426293	0.751087481875	0.722571290478	0.734654422426	0.645239246013	0.706138231029	0.668438859352	0.534074432093	0.510874818753	0.721604639923	0.721604639923	0.737071048816	0.750604156597	0.796036732721	0.750120831319	0.755437409377	0.720154664089	0.753987433543	0.743837602707	0.750604156597	0.719671338811	0.708071532141	0.722087965201	0.773803769937	0.770420492992	0.81246979217	0.749637506042	0.782020299662	0.761720637989	0.764137264379	0.769453842436	0.752054132431	0.744320927985	0.749637506042	0.750120831319	0.742387626873	0.771870468826	0.743837602707	0.748187530208	0.762203963267	0.748670855486
AC7	0.626389560174	0.65055582407	0.887385210246	0.642822619623	0.716288061866	0.601256645723	0.698405026583	0.575640405993	0.560657322378	0.639922667956	0.590140164331	0.687288545191	0.662638956017	0.810536491058	0.686805219913	0.628322861286	0.587723537941	0.578057032383	0.811019816336	0.640889318511	0.0	0.369260512325	0.574190430159	0.563557274045	0.816819719671	0.561623972934	0.550507491542	0.502658289029	0.476075398743	0.492508458192	0.568390526825	0.545190913485	0.559690671822	0.607539874335	0.804736587724	0.732721121315	0.626389560174	0.619139681005	0.607539874335	0.712421459642	0.656355727405	0.725954567424	0.697921701305	0.644272595457	0.649105848236	0.609473175447	0.812953117448	0.764137264379	0.795553407443	0.78250362494	0.73852102465	0.776703721605	0.667472208797	0.662638956017	0.682455292412	0.664572257129	0.672305461576	0.770420492992	0.66892218463	0.767520541324	0.615273078782	0.758337361044
AC8	0.57177380377	0.578540357661	0.905268245529	0.617689705172	0.666505558241	0.551474142098	0.676655389077	0.503141614306	0.487675205413	0.588690188497	0.544224262929	0.626389560174	0.595940067666	0.822136297728	0.626872885452	0.560657322378	0.511358144031	0.496858385694	0.836152730788	0.654422426293	0.369260512325	0.0	0.496858385694	0.485741904302	0.829869502175	0.526824552924	0.406959884002	0.364910584824	0.437892701788	0.489125181247	0.521991300145	0.47220879652	0.480908651522	0.536491058482	0.73610439826	0.670372160464	0.546640889319	0.561140647656	0.545190913485	0.64572257129	0.597390043499	0.686321894635	0.653455775737	0.589173513775	0.590623489609	0.544224262929	0.74528757854	0.688738521025	0.73852102465	0.72450459159	0.66892218463	0.702754954084	0.602223296278	0.590140164331	0.612373127115	0.59255679072	0.592073465442	0.699855002417	0.599806669889	0.706621556307	0.537457709038	0.677622039633
AD7	0.605606573224	0.579507008217	0.962783953601	0.656839052682	0.717738037699	0.539874335428	0.681488641856	0.483325277912	0.470275495408	0.586273562107	0.442725954567	0.666022232963	0.588690188497	0.878685355244	0.611889801837	0.587723537941	0.478975350411	0.466408893185	0.945384243596	0.751087481875	0.574190430159	0.496858385694	0.0	0.292411793137	0.906718221363	0.52779120348	0.431609473175	0.452392460126	0.506041565974	0.564040599323	0.512324794587	0.494441759304	0.463992266796	0.539874335428	0.748187530208	0.673755437409	0.50700821653	0.574190430159	0.542290961817	0.652005799903	0.60415659739	0.736587723538	0.692605123248	0.609473175447	0.578540357661	0.538907684872	0.749637506042	0.691638472692	0.741904301595	0.72692121798	0.673272112131	0.70372160464	0.604639922668	0.59497341711	0.607539874335	0.601256645723	0.585790236829	0.704688255196	0.594490091832	0.706138231029	0.555340744321	0.685355244079
AD8	0.589173513775	0.581440309328	0.955534074432	0.643789270179	0.704688255196	0.529724504592	0.6805219913	0.483325277912	0.479458675689	0.584340260996	0.440792653456	0.651522474625	0.594490091832	0.873368777187	0.622039632673	0.579507008217	0.475108748188	0.467375543741	0.917351377477	0.722571290478	0.563557274045	0.485741904302	0.292411793137	0.0	0.85645239246	0.478492025133	0.414693088449	0.446592556791	0.48622522958	0.545674238763	0.498308361527	0.488158530691	0.466892218463	0.547124214596	0.74528757854	0.670855485742	0.507974867086	0.561140647656	0.536491058482	0.648622522958	0.598356694055	0.725954567424	0.683905268246	0.596423392943	0.581440309328	0.552440792653	0.750120831319	0.691638472692	0.740937651039	0.721121314645	0.672788786854	0.702271628806	0.609956500725	0.597873368777	0.608023199613	0.599806669889	0.600289995167	0.700821652972	0.599806669889	0.70372160464	0.553407443209	0.682455292412
AE7	0.824552924118	0.870952150797	0.854035766071	0.787820202997	0.831802803287	0.896085065249	0.91203479942	0.900918318028	0.892701788304	0.911068148864	0.924117931368	0.845819236346	0.881585306912	0.829386176897	0.898018366361	0.842919284679	0.866602223296	0.848719188014	0.738037699372	0.734654422426	0.816819719671	0.829869502175	0.906718221363	0.85645239246	0.0	0.545190913485	0.872885451909	0.841952634123	0.770420492992	0.765103914935	0.836636056066	0.843885935234	0.887385210246	0.905751570807	0.922184630256	0.913968100532	0.913001449976	0.893185113581	0.913001449976	0.882551957467	0.901401643306	0.873368777187	0.881585306912	0.870952150797	0.938134364427	0.9212179797	0.886418559691	0.897051715805	0.91445142581	0.903818269696	0.90043499275	0.89125181247	0.88883518608	0.897051715805	0.902368293862	0.889801836636	0.900918318028	0.887385210246	0.903818269696	0.902368293862	0.905751570807	0.904301594973
AE8	0.589173513775	0.617206379894	0.901401643306	0.627839536008	0.684388593523	0.584823586274	0.674238762687	0.58337361044	0.578540357661	0.619139681005	0.61575640406	0.632189463509	0.629289511841	0.822136297728	0.66892218463	0.60657322378	0.589173513775	0.566940550991	0.823586273562	0.645239246013	0.561623972934	0.526824552924	0.52779120348	0.478492025133	0.545190913485	0.0	0.561623972934	0.52779120348	0.511841469309	0.51377477042	0.566940550991	0.553890768487	0.58337361044	0.603673272112	0.754470758821	0.700338327695	0.602223296278	0.590140164331	0.601256645723	0.646205896568	0.631706138231	0.706621556307	0.675688738521	0.610439826003	0.646205896568	0.621072982117	0.755920734654	0.706621556307	0.758337361044	0.725954567424	0.703238279362	0.728854519091	0.645239246013	0.630739487675	0.654905751571	0.633156114065	0.650072498792	0.724987916868	0.652005799903	0.714838086032	0.603189946834	0.701788303528
AF7	0.568873852102	0.545674238763	0.944900918318	0.642822619623	0.65055582407	0.513291445143	0.678588690188	0.446109231513	0.443209279845	0.579023682939	0.448525857902	0.605123247946	0.54857419043	0.864185596907	0.604639922668	0.562107298212	0.448525857902	0.435959400677	0.893185113581	0.706138231029	0.550507491542	0.406959884002	0.431609473175	0.414693088449	0.872885451909	0.561623972934	0.0	0.33107781537	0.465925567907	0.541324311261	0.479458675689	0.492508458192	0.421459642339	0.49540840986	0.690188496858	0.619623006283	0.461575640406	0.531657805703	0.487191880135	0.60657322378	0.547124214596	0.709521507975	0.655389076849	0.554857419043	0.542774287095	0.500724987917	0.673272112131	0.629772837119	0.683905268246	0.665055582407	0.615273078782	0.639439342678	0.548090865152	0.531174480425	0.55099081682	0.53939101015	0.549057515708	0.633639439343	0.558240695988	0.650072498792	0.480425326245	0.620589656839
AF8	0.549540840986	0.543740937651	0.917834702755	0.610439826003	0.658289028516	0.523441275979	0.681005316578	0.461575640406	0.440792653456	0.575640405993	0.504108264862	0.614789753504	0.556790720155	0.839052682455	0.600773320445	0.549057515708	0.478975350411	0.46060898985	0.85886901885	0.668438859352	0.502658289029	0.364910584824	0.452392460126	0.446592556791	0.841952634123	0.52779120348	0.33107781537	0.0	0.431126147898	0.500724987917	0.523441275979	0.472692121798	0.436926051232	0.50700821653	0.71290478492	0.643789270179	0.503624939584	0.529724504592	0.508941517641	0.608506524891	0.57177380377	0.688255195747	0.634606089899	0.55775737071	0.569840502658	0.524407926535	0.696471725471	0.648622522958	0.704688255196	0.687288545191	0.633639439343	0.660705654906	0.563557274045	0.550507491542	0.572740454326	0.565007249879	0.545190913485	0.657805703238	0.555824069599	0.666988883519	0.501208313195	0.641855969067
AG7	0.588690188497	0.58095698405	0.841952634123	0.54857419043	0.657805703238	0.536491058482	0.675688738521	0.498308361527	0.488641855969	0.574190430159	0.534074432093	0.618173030449	0.594006766554	0.768003866602	0.634122764621	0.584340260996	0.521991300145	0.509908168197	0.751087481875	0.534074432093	0.476075398743	0.437892701788	0.506041565974	0.48622522958	0.770420492992	0.511841469309	0.465925567907	0.431126147898	0.0	0.321894635089	0.536491058482	0.510391493475	0.49299178347	0.556307394877	0.737554374094	0.651039149348	0.522957950701	0.542290961817	0.542290961817	0.619139681005	0.584823586274	0.681005316578	0.630739487675	0.562107298212	0.600773320445	0.563557274045	0.732721121315	0.6805219913	0.716288061866	0.70372160464	0.65732237796	0.690671822136	0.594490091832	0.584823586274	0.606089898502	0.587240212663	0.608989850169	0.683421942968	0.614789753504	0.682455292412	0.55775737071	0.667955534074
AG8	0.600773320445	0.617689705172	0.840502658289	0.579507008217	0.695988400193	0.588206863219	0.675688738521	0.565490575157	0.558724021266	0.601739971	0.605606573224	0.661672305462	0.628322861286	0.744320927985	0.656355727405	0.61575640406	0.594490091832	0.580473658772	0.69453842436	0.510874818753	0.492508458192	0.489125181247	0.564040599323	0.545674238763	0.765103914935	0.51377477042	0.541324311261	0.500724987917	0.321894635089	0.0	0.57177380377	0.564040599323	0.565490575157	0.601256645723	0.771387143548	0.693088448526	0.583856935718	0.572740454326	0.584340260996	0.663122281295	0.626872885452	0.693088448526	0.65732237796	0.600773320445	0.644272595457	0.603673272112	0.776703721605	0.710971483809	0.75688738521	0.739487675205	0.70130497825	0.729821169647	0.652489125181	0.635089415176	0.652489125181	0.641855969067	0.651039149348	0.727887868536	0.662638956017	0.719671338811	0.612373127115	0.701788303528
AH7	0.588690188497	0.627839536008	0.951184146931	0.679072015466	0.693088448526	0.588206863219	0.702754954084	0.542774287095	0.541807636539	0.629772837119	0.531174480425	0.662638956017	0.632672788787	0.876752054132	0.669405509908	0.600773320445	0.505074915418	0.477525374577	0.888351860802	0.721604639923	0.568390526825	0.521991300145	0.512324794587	0.498308361527	0.836636056066	0.566940550991	0.479458675689	0.523441275979	0.536491058482	0.57177380377	0.0	0.34944417593	0.558724021266	0.621556307395	0.777187046883	0.718704688255	0.558724021266	0.630256162397	0.597873368777	0.669405509908	0.640889318511	0.771387143548	0.739971000483	0.656839052682	0.644272595457	0.615273078782	0.762203963267	0.731271145481	0.764137264379	0.73852102465	0.70130497825	0.727404543258	0.618173030449	0.620106331561	0.631706138231	0.619623006283	0.631222812953	0.723054615756	0.631706138231	0.723054615756	0.597390043499	0.724021266312
AH8	0.574190430159	0.584340260996	0.950217496375	0.645239246013	0.663122281295	0.53020782987	0.675688738521	0.501208313195	0.499275012083	0.596906718221	0.52537457709	0.619623006283	0.572257129048	0.867568873852	0.61575640406	0.559690671822	0.434992750121	0.393910101498	0.896085065249	0.721604639923	0.545190913485	0.47220879652	0.494441759304	0.488158530691	0.843885935234	0.553890768487	0.492508458192	0.472692121798	0.510391493475	0.564040599323	0.34944417593	0.0	0.499758337361	0.552924117931	0.754954084099	0.688255195747	0.545674238763	0.58337361044	0.546640889319	0.633639439343	0.597390043499	0.732237796037	0.700338327695	0.610439826003	0.600289995167	0.556790720155	0.72450459159	0.679555340744	0.723537941034	0.693088448526	0.656839052682	0.682455292412	0.580473658772	0.575640405993	0.597390043499	0.579023682939	0.573707104882	0.679072015466	0.58337361044	0.682455292412	0.541807636539	0.677622039633
AA5	0.583856935718	0.51377477042	0.9584340261	0.626389560174	0.599323344611	0.466892218463	0.610439826003	0.383760270662	0.382310294828	0.520057999033	0.433542774287	0.547607539874	0.511358144031	0.875785403577	0.526824552924	0.552924117931	0.434992750121	0.431126147898	0.917834702755	0.737071048816	0.559690671822	0.480908651522	0.463992266796	0.466892218463	0.887385210246	0.58337361044	0.421459642339	0.436926051232	0.49299178347	0.565490575157	0.558724021266	0.499758337361	0.0	0.339294345094	0.677138714355	0.57177380377	0.453842435959	0.45142580957	0.462542290962	0.537457709038	0.475108748188	0.635089415176	0.576607056549	0.471725471242	0.539874335428	0.461575640406	0.693088448526	0.646205896568	0.670372160464	0.661672305462	0.636056065732	0.674238762687	0.528757854036	0.544224262929	0.573707104882	0.549540840986	0.530691155147	0.656355727405	0.552924117931	0.643789270179	0.496375060416	0.633156114065
AA6	0.597390043499	0.5186080232	0.960367327211	0.6389560174	0.620589656839	0.489125181247	0.639439342678	0.446592556791	0.450459159014	0.543257612373	0.505074915418	0.568873852102	0.51619139681	0.877718704688	0.558240695988	0.556790720155	0.494925084582	0.504108264862	0.93523441276	0.750604156597	0.607539874335	0.536491058482	0.539874335428	0.547124214596	0.905751570807	0.603673272112	0.49540840986	0.50700821653	0.556307394877	0.601256645723	0.621556307395	0.552924117931	0.339294345094	0.0	0.673272112131	0.567423876269	0.514258095698	0.49540840986	0.481875302078	0.56935717738	0.501208313195	0.672788786854	0.612856452392	0.507974867086	0.467375543741	0.41904301595	0.69212179797	0.644755920735	0.666988883519	0.662155630739	0.628806186564	0.670372160464	0.530691155147	0.538424359594	0.566457225713	0.545190913485	0.540840985984	0.655389076849	0.563073948768	0.641372643789	0.500241662639	0.632672788787
AB5	0.737554374094	0.663122281295	0.971967133881	0.724021266312	0.609473175447	0.635089415176	0.730787820203	0.639922667956	0.663122281295	0.699371677139	0.675205413243	0.608023199613	0.652489125181	0.894151764137	0.700338327695	0.702271628806	0.710488158531	0.707104881585	0.936201063316	0.796036732721	0.804736587724	0.73610439826	0.748187530208	0.74528757854	0.922184630256	0.754470758821	0.690188496858	0.71290478492	0.737554374094	0.771387143548	0.777187046883	0.754954084099	0.677138714355	0.673272112131	0.0	0.336877718705	0.621072982117	0.669888835186	0.618173030449	0.622039632673	0.622522957951	0.743354277429	0.725471242146	0.644272595457	0.628322861286	0.621072982117	0.609956500725	0.610439826003	0.614306428226	0.59255679072	0.612373127115	0.607539874335	0.584340260996	0.603673272112	0.611889801837	0.618173030449	0.665055582407	0.59255679072	0.660222329628	0.603189946834	0.672788786854	0.609473175447
AB6	0.675688738521	0.58337361044	0.963750604157	0.65055582407	0.561140647656	0.550507491542	0.658289028516	0.545190913485	0.577573707105	0.612856452392	0.611406476559	0.529724504592	0.591106814886	0.881101981634	0.623489608507	0.636056065732	0.651039149348	0.651039149348	0.934751087482	0.750120831319	0.732721121315	0.670372160464	0.673755437409	0.670855485742	0.913968100532	0.700338327695	0.619623006283	0.643789270179	0.651039149348	0.693088448526	0.718704688255	0.688255195747	0.57177380377	0.567423876269	0.336877718705	0.0	0.564523924601	0.573223779604	0.550024166264	0.545674238763	0.536007733204	0.667955534074	0.628806186564	0.520541324311	0.550507491542	0.538424359594	0.602223296278	0.5601739971	0.584340260996	0.564523924601	0.558724021266	0.575640405993	0.517158047366	0.559690671822	0.571290478492	0.573707104882	0.59255679072	0.564523924601	0.594490091832	0.559690671822	0.611406476559	0.552924117931
AC5	0.607539874335	0.567907201547	0.973900434993	0.648622522958	0.61333977767	0.463508941518	0.663122281295	0.424359594007	0.42822619623	0.563557274045	0.425326244563	0.558724021266	0.53697438376	0.89125181247	0.61575640406	0.585790236829	0.480908651522	0.464475592073	0.941517641373	0.755437409377	0.626389560174	0.546640889319	0.50700821653	0.507974867086	0.913001449976	0.602223296278	0.461575640406	0.503624939584	0.522957950701	0.583856935718	0.558724021266	0.545674238763	0.453842435959	0.514258095698	0.621072982117	0.564523924601	0.0	0.440792653456	0.435959400677	0.577573707105	0.524407926535	0.721604639923	0.661188980184	0.540840985984	0.500241662639	0.472692121798	0.616239729338	0.578540357661	0.628806186564	0.595456742388	0.566940550991	0.596423392943	0.503624939584	0.477525374577	0.507974867086	0.49540840986	0.57177380377	0.582890285162	0.579507008217	0.579023682939	0.512324794587	0.570323827936
AC6	0.61575640406	0.505074915418	0.950217496375	0.623006283229	0.590623489609	0.501691638473	0.530691155147	0.47462542291	0.50459159014	0.458192363461	0.547607539874	0.537457709038	0.537941034316	0.860318994683	0.519574673755	0.590140164331	0.552924117931	0.550507491542	0.913001449976	0.720154664089	0.619139681005	0.561140647656	0.574190430159	0.561140647656	0.893185113581	0.590140164331	0.531657805703	0.529724504592	0.542290961817	0.572740454326	0.630256162397	0.58337361044	0.45142580957	0.49540840986	0.669888835186	0.573223779604	0.440792653456	0.0	0.506524891252	0.515224746254	0.494441759304	0.497341710971	0.436926051232	0.441275978734	0.579023682939	0.53939101015	0.68970517158	0.641855969067	0.668438859352	0.646689221846	0.634122764621	0.661188980184	0.578057032383	0.557274045433	0.584823586274	0.572740454326	0.549540840986	0.65732237796	0.568390526825	0.635089415176	0.542290961817	0.637506041566
AD6	0.603673272112	0.524891251812	0.972933784437	0.61575640406	0.579507008217	0.434026099565	0.618656355727	0.423392943451	0.439342677622	0.52537457709	0.450942484292	0.526824552924	0.502174963751	0.887385210246	0.567907201547	0.558724021266	0.480425326245	0.477042049299	0.946350894152	0.753987433543	0.607539874335	0.545190913485	0.542290961817	0.536491058482	0.913001449976	0.601256645723	0.487191880135	0.508941517641	0.542290961817	0.584340260996	0.597873368777	0.546640889319	0.462542290962	0.481875302078	0.618173030449	0.550024166264	0.435959400677	0.506524891252	0.0	0.548090865152	0.425326244563	0.714354760754	0.657805703238	0.534074432093	0.481875302078	0.440309328178	0.60415659739	0.549057515708	0.594490091832	0.568390526825	0.544707588207	0.577090381827	0.464958917351	0.46302561624	0.477525374577	0.463508941518	0.542774287095	0.562107298212	0.538907684872	0.571290478492	0.466892218463	0.544707588207
AE5	0.616723054616	0.523924601257	0.971967133881	0.635572740454	0.558724021266	0.555340744321	0.568390526825	0.550507491542	0.596423392943	0.538424359594	0.616239729338	0.510391493475	0.569840502658	0.884968583857	0.546157564041	0.575157080715	0.600289995167	0.600773320445	0.929917834703	0.743837602707	0.712421459642	0.64572257129	0.652005799903	0.648622522958	0.882551957467	0.646205896568	0.60657322378	0.608506524891	0.619139681005	0.663122281295	0.669405509908	0.633639439343	0.537457709038	0.56935717738	0.622039632673	0.545674238763	0.577573707105	0.515224746254	0.548090865152	0.0	0.34944417593	0.621556307395	0.570323827936	0.503141614306	0.628322861286	0.616239729338	0.654422426293	0.617689705172	0.63653939101	0.616723054616	0.618173030449	0.640889318511	0.537457709038	0.561140647656	0.584823586274	0.566457225713	0.550024166264	0.630739487675	0.558724021266	0.606089898502	0.563557274045	0.609473175447
AE6	0.604639922668	0.49299178347	0.971483808603	0.611406476559	0.565973900435	0.492025132914	0.559690671822	0.480425326245	0.522474625423	0.502174963751	0.540357660706	0.51377477042	0.508941517641	0.882551957467	0.527307878202	0.555340744321	0.555340744321	0.545674238763	0.939584340261	0.750604156597	0.656355727405	0.597390043499	0.60415659739	0.598356694055	0.901401643306	0.631706138231	0.547124214596	0.57177380377	0.584823586274	0.626872885452	0.640889318511	0.597390043499	0.475108748188	0.501208313195	0.622522957951	0.536007733204	0.524407926535	0.494441759304	0.425326244563	0.34944417593	0.0	0.649105848236	0.597873368777	0.482841952634	0.553890768487	0.534557757371	0.644272595457	0.597873368777	0.620589656839	0.60415659739	0.595940067666	0.623972933784	0.496858385694	0.497825036249	0.529724504592	0.505558240696	0.513291445143	0.603189946834	0.52779120348	0.594490091832	0.503141614306	0.596906718221
AF5	0.714354760754	0.637506041566	0.933784436926	0.666022232963	0.666988883519	0.691155147414	0.565973900435	0.660705654906	0.695988400193	0.595940067666	0.73610439826	0.637022716288	0.676172063799	0.84726921218	0.610439826003	0.688738521025	0.724021266312	0.734654422426	0.876268728855	0.719671338811	0.725954567424	0.686321894635	0.736587723538	0.725954567424	0.873368777187	0.706621556307	0.709521507975	0.688255195747	0.681005316578	0.693088448526	0.771387143548	0.732237796037	0.635089415176	0.672788786854	0.743354277429	0.667955534074	0.721604639923	0.497341710971	0.714354760754	0.621556307395	0.649105848236	0.0	0.28467858869	0.554857419043	0.741420976317	0.721121314645	0.762687288545	0.721604639923	0.73852102465	0.721121314645	0.730787820203	0.74528757854	0.705654905752	0.725471242146	0.73368777187	0.723054615756	0.680038666022	0.735137747704	0.681005316578	0.718704688255	0.722087965201	0.729337844369
AF6	0.683905268246	0.586273562107	0.934267762204	0.64572257129	0.632672788787	0.644755920735	0.53697438376	0.608506524891	0.640889318511	0.550024166264	0.686321894635	0.589656839053	0.631706138231	0.850169163847	0.565007249879	0.653455775737	0.681488641856	0.684871918801	0.884485258579	0.708071532141	0.697921701305	0.653455775737	0.692605123248	0.683905268246	0.881585306912	0.675688738521	0.655389076849	0.634606089899	0.630739487675	0.65732237796	0.739971000483	0.700338327695	0.576607056549	0.612856452392	0.725471242146	0.628806186564	0.661188980184	0.436926051232	0.657805703238	0.570323827936	0.597873368777	0.28467858869	0.0	0.503624939584	0.693088448526	0.675205413243	0.744320927985	0.687771870469	0.718221362977	0.697438376027	0.687771870469	0.718704688255	0.656355727405	0.679072015466	0.685355244079	0.6805219913	0.623006283229	0.709038182697	0.631706138231	0.685355244079	0.672788786854	0.683905268246
