	AA3	AA4	AB3	AB4	AC3	AC4	AD3	AD4	AE3	AE4	AF3	AF4	AG3	AG4	AH3	AH4	AA7	AA8	AB7	AB8	AC7	AC8	AD7	AD8	AE7	AE8	AF7	AF8	AG7	AG8	AH7	AH8	AA5	AA6	AB5	AB6	AC5	AC6	AD6	AE5	AE6	AF5	AF6	AG5	AH5	AH6	AA1	AA2	AB1	AB2	AC1	AC2	AD1	AD2	AE1	AE2	AF1	AF2	AG1	AG2	AH1	AH2
AA3	0.0	0.498791686805	0.924117931368	0.623489608507	0.649589173514	0.579023682939	0.663605606573	0.578057032383	0.574190430159	0.612373127115	0.607056549058	0.610439826003	0.582406959884	0.84726921218	0.650072498792	0.335427742871	0.582890285162	0.566457225713	0.856935717738	0.696955050749	0.611406476559	0.567423876269	0.588690188497	0.575640405993	0.822136297728	0.571290478492	0.565490575157	0.570807153214	0.589173513775	0.580473658772	0.589656839053	0.559207346544	0.574673755437	0.594006766554	0.741904301595	0.701788303528	0.60415659739	0.609473175447	0.594490091832	0.638472692122	0.610923151281	0.707104881585	0.683905268246	0.616723054616	0.624456259062	0.616239729338	0.689221846303	0.656355727405	0.714838086032	0.67133881102	0.654905751571	0.663122281295	0.576607056549	0.570807153214	0.572257129048	0.571290478492	0.574190430159	0.657805703238	0.582406959884	0.656839052682	0.578057032383	0.661672305462
AA4	0.498791686805	0.0	0.942967617206	0.570807153214	0.55775737071	0.485258579024	0.591106814886	0.472692121798	0.488641855969	0.527307878202	0.547124214596	0.502658289029	0.475108748188	0.85886901885	0.374093765104	0.381343644273	0.534074432093	0.527307878202	0.890285161914	0.71532141131	0.658772353794	0.572740454326	0.598356694055	0.587723537941	0.870952150797	0.615273078782	0.535524407927	0.554857419043	0.597390043499	0.612373127115	0.627839536008	0.576123731271	0.500724987917	0.512324794587	0.657805703238	0.600773320445	0.558724021266	0.512324794587	0.524407926535	0.534557757371	0.482358627356	0.62735621073	0.59255679072	0.503624939584	0.572740454326	0.556307394877	0.637506041566	0.570807153214	0.618656355727	0.588206863219	0.597390043499	0.621556307395	0.515224746254	0.512808119865	0.533591106815	0.507974867086	0.513291445143	0.608506524891	0.513291445143	0.574190430159	0.528274528758	0.575640405993
AB3	0.924117931368	0.942967617206	0.0	0.670855485742	0.910584823586	0.951667472209	0.955050749154	0.938134364427	0.934751087482	0.947317544708	0.969550507492	0.929434509425	0.963750604157	0.316094731754	0.962300628323	0.936201063316	0.96761720638	0.960850652489	0.740454325761	0.758820686322	0.895601739971	0.906718221363	0.95360077332	0.943450942484	0.846302561624	0.899468342194	0.933784436926	0.929917834703	0.836152730788	0.841469308845	0.947317544708	0.950217496375	0.952150797487	0.95601739971	0.968100531658	0.962783953601	0.969550507492	0.948767520541	0.96761720638	0.96761720638	0.967133881102	0.927984533591	0.932334461092	0.942967617206	0.971000483325	0.968100531658	0.968100531658	0.96520057999	0.962300628323	0.966650555824	0.969550507492	0.964717254712	0.96761720638	0.969550507492	0.972450459159	0.968583856936	0.965683905268	0.966650555824	0.964233929435	0.968583856936	0.967133881102	0.96761720638
AB4	0.623489608507	0.570807153214	0.670855485742	0.0	0.621072982117	0.598356694055	0.683421942968	0.605606573224	0.619623006283	0.628322861286	0.637022716288	0.602223296278	0.476558724021	0.579507008217	0.598356694055	0.595456742388	0.638472692122	0.630739487675	0.733204446593	0.575157080715	0.662638956017	0.620589656839	0.658772353794	0.649589173514	0.788303528275	0.640889318511	0.636056065732	0.626389560174	0.546157564041	0.584340260996	0.68293861769	0.644272595457	0.63653939101	0.64813919768	0.722571290478	0.673755437409	0.647655872402	0.641372643789	0.626872885452	0.624456259062	0.618656355727	0.672305461576	0.654905751571	0.618656355727	0.684388593523	0.669405509908	0.699371677139	0.653455775737	0.697438376027	0.665538907685	0.661188980184	0.674722087965	0.625422909618	0.62735621073	0.655872402127	0.623489608507	0.629289511841	0.667472208797	0.627839536008	0.647655872402	0.645239246013	0.660705654906
AC3	0.649589173514	0.55775737071	0.910584823586	0.621072982117	0.0	0.50700821653	0.657805703238	0.551957467376	0.591106814886	0.608989850169	0.636056065732	0.312711454809	0.610923151281	0.83566940551	0.596906718221	0.608989850169	0.628322861286	0.610923151281	0.869985500242	0.741420976317	0.725471242146	0.674238762687	0.723537941034	0.712421459642	0.832286128565	0.687771870469	0.651039149348	0.678588690188	0.669888835186	0.683905268246	0.705171580474	0.669405509908	0.605606573224	0.624456259062	0.620106331561	0.595940067666	0.628322861286	0.608506524891	0.582406959884	0.542774287095	0.574673755437	0.655872402127	0.646205896568	0.580473658772	0.642822619623	0.633156114065	0.599323344611	0.588690188497	0.587723537941	0.569840502658	0.590623489609	0.583856935718	0.537457709038	0.565973900435	0.588690188497	0.549540840986	0.620589656839	0.576607056549	0.614306428226	0.588206863219	0.631222812953	0.581923634606
AC4	0.579023682939	0.485258579024	0.951667472209	0.598356694055	0.50700821653	0.0	0.619139681005	0.40502658289	0.412276462059	0.52537457709	0.349927501208	0.428709521508	0.497825036249	0.874335427743	0.564040599323	0.537941034316	0.466892218463	0.453359110681	0.927984533591	0.746737554374	0.578057032383	0.51377477042	0.51377477042	0.502658289029	0.89125181247	0.56935717738	0.471725471242	0.503141614306	0.523924601257	0.551957467376	0.561140647656	0.508458192363	0.443209279845	0.454809086515	0.650072498792	0.596423392943	0.470758820686	0.522474625423	0.423392943451	0.546157564041	0.471242145964	0.686321894635	0.651039149348	0.533591106815	0.508941517641	0.496858385694	0.654905751571	0.586756887385	0.623489608507	0.598840019333	0.602223296278	0.62735621073	0.493958434026	0.507491541808	0.509424842919	0.50700821653	0.532141130981	0.61333977767	0.531174480425	0.587723537941	0.478492025133	0.593040115998
AD3	0.663605606573	0.591106814886	0.955050749154	0.683421942968	0.657805703238	0.619139681005	0.0	0.531174480425	0.631706138231	0.346060898985	0.675205413243	0.617206379894	0.6389560174	0.878202029966	0.565490575157	0.633639439343	0.678588690188	0.679072015466	0.943450942484	0.774287095215	0.708554857419	0.691638472692	0.69453842436	0.690188496858	0.914934751087	0.683905268246	0.692605123248	0.686321894635	0.688738521025	0.683905268246	0.71290478492	0.677138714355	0.619139681005	0.649105848236	0.744804253262	0.684388593523	0.669888835186	0.536007733204	0.623006283229	0.594490091832	0.58095698405	0.563073948768	0.531174480425	0.546157564041	0.694055099082	0.680038666022	0.770420492992	0.695505074915	0.739004349928	0.718221362977	0.713388110198	0.730304494925	0.655872402127	0.667472208797	0.665055582407	0.656839052682	0.628806186564	0.716288061866	0.636056065732	0.706621556307	0.6805219913	0.71290478492
AD4	0.578057032383	0.472692121798	0.938134364427	0.605606573224	0.551957467376	0.40502658289	0.531174480425	0.0	0.327694538424	0.421942967617	0.441759304012	0.491541807637	0.505074915418	0.859835669406	0.535524407927	0.529724504592	0.465442242629	0.455775737071	0.926534557757	0.753504108265	0.56935717738	0.506524891252	0.509908168197	0.491541807637	0.900918318028	0.576607056549	0.447075882069	0.480908651522	0.493475108748	0.543740937651	0.551474142098	0.50459159014	0.401159980667	0.446109231513	0.652005799903	0.589173513775	0.436442725955	0.487191880135	0.428709521508	0.558240695988	0.462542290962	0.643305944901	0.605606573224	0.503141614306	0.50459159014	0.486708554857	0.654905751571	0.589173513775	0.631222812953	0.616239729338	0.609473175447	0.634122764621	0.513291445143	0.511358144031	0.502658289029	0.506524891252	0.533591106815	0.616723054616	0.548090865152	0.609473175447	0.506524891252	0.598356694055
AE3	0.574190430159	0.488641855969	0.934751087482	0.619623006283	0.591106814886	0.412276462059	0.631706138231	0.327694538424	0.0	0.520057999033	0.422909618173	0.539874335428	0.497825036249	0.863702271629	0.549057515708	0.539874335428	0.428709521508	0.418559690672	0.935717738038	0.758337361044	0.554374093765	0.479458675689	0.488641855969	0.473175447076	0.898501691638	0.577090381827	0.41904301595	0.459642339294	0.494441759304	0.542290961817	0.538907684872	0.479942000967	0.391010149831	0.428709521508	0.683905268246	0.629772837119	0.453842435959	0.529724504592	0.461575640406	0.60415659739	0.514258095698	0.685838569357	0.65055582407	0.542774287095	0.517158047366	0.496375060416	0.688738521025	0.617689705172	0.662638956017	0.642339294345	0.635572740454	0.664572257129	0.542774287095	0.545190913485	0.532624456259	0.546157564041	0.555340744321	0.652489125181	0.567907201547	0.635572740454	0.505558240696	0.631222812953
AE4	0.612373127115	0.527307878202	0.947317544708	0.628322861286	0.608989850169	0.52537457709	0.346060898985	0.421942967617	0.520057999033	0.0	0.58095698405	0.563557274045	0.567907201547	0.868535524408	0.535524407927	0.573223779604	0.589656839053	0.584340260996	0.937651039149	0.762203963267	0.644755920735	0.597390043499	0.602223296278	0.591106814886	0.91445142581	0.623489608507	0.595456742388	0.586273562107	0.590140164331	0.596423392943	0.641855969067	0.590623489609	0.527307878202	0.56259062349	0.709521507975	0.652972450459	0.573707104882	0.471242145964	0.539874335428	0.552440792653	0.514741420976	0.581923634606	0.554374093765	0.50700821653	0.613823102948	0.59497341711	0.727887868536	0.664572257129	0.707588206863	0.691155147414	0.681488641856	0.697438376027	0.605123247946	0.609956500725	0.58095698405	0.596423392943	0.571290478492	0.68970517158	0.588690188497	0.68293861769	0.588690188497	0.67133881102
AF3	0.607056549058	0.547124214596	0.969550507492	0.637022716288	0.636056065732	0.349927501208	0.675205413243	0.441759304012	0.422909618173	0.58095698405	0.0	0.555824069599	0.521991300145	0.89125181247	0.603673272112	0.59255679072	0.431126147898	0.438859352344	0.960367327211	0.780570323828	0.578057032383	0.53697438376	0.435959400677	0.438859352344	0.920251329145	0.60415659739	0.433542774287	0.502658289029	0.52537457709	0.580473658772	0.529241179314	0.502658289029	0.438859352344	0.481875302078	0.691638472692	0.646205896568	0.424842919285	0.561140647656	0.458192363461	0.620106331561	0.534074432093	0.722087965201	0.687288545191	0.571290478492	0.520057999033	0.506041565974	0.681971967134	0.617206379894	0.682455292412	0.641372643789	0.634122764621	0.65732237796	0.555824069599	0.530691155147	0.531657805703	0.550507491542	0.573707104882	0.654905751571	0.586273562107	0.625422909618	0.501691638473	0.625422909618
AF4	0.610439826003	0.502658289029	0.929434509425	0.602223296278	0.312711454809	0.428709521508	0.617206379894	0.491541807637	0.539874335428	0.563557274045	0.555824069599	0.0	0.554374093765	0.850169163847	0.5601739971	0.560657322378	0.577573707105	0.562107298212	0.8796520058	0.720154664089	0.703238279362	0.642822619623	0.672788786854	0.662155630739	0.842919284679	0.640405993233	0.60657322378	0.631706138231	0.640405993233	0.652489125181	0.659255679072	0.621556307395	0.554857419043	0.58095698405	0.617689705172	0.561623972934	0.574190430159	0.561623972934	0.526824552924	0.515224746254	0.531657805703	0.631222812953	0.612856452392	0.535524407927	0.593523441276	0.580473658772	0.593040115998	0.540840985984	0.577573707105	0.542290961817	0.54857419043	0.571290478492	0.489125181247	0.51377477042	0.537941034316	0.507491541808	0.573223779604	0.565490575157	0.572257129048	0.54857419043	0.586273562107	0.542774287095
AG3	0.582406959884	0.475108748188	0.963750604157	0.476558724021	0.610923151281	0.497825036249	0.6389560174	0.505074915418	0.497825036249	0.567907201547	0.521991300145	0.554374093765	0.0	0.866118898018	0.523924601257	0.536491058482	0.515224746254	0.499275012083	0.934751087482	0.760753987434	0.658772353794	0.577573707105	0.59255679072	0.589656839053	0.895118414693	0.62493958434	0.526341227646	0.559207346544	0.59497341711	0.610923151281	0.632189463509	0.563557274045	0.518124697922	0.517641372644	0.65973900435	0.629772837119	0.529724504592	0.558240695988	0.510391493475	0.582406959884	0.498308361527	0.686321894635	0.647655872402	0.53939101015	0.5601739971	0.545190913485	0.626389560174	0.573707104882	0.636056065732	0.604639922668	0.596423392943	0.608989850169	0.521507974867	0.519091348478	0.538424359594	0.512808119865	0.535041082649	0.611406476559	0.550024166264	0.591590140164	0.524891251812	0.587723537941
AG4	0.84726921218	0.85886901885	0.316094731754	0.579507008217	0.83566940551	0.874335427743	0.878202029966	0.859835669406	0.863702271629	0.868535524408	0.89125181247	0.850169163847	0.866118898018	0.0	0.880618656356	0.853069115515	0.895118414693	0.890768487192	0.715804736588	0.70130497825	0.831319478009	0.841469308845	0.883518608023	0.875785403577	0.828902851619	0.829386176897	0.868535524408	0.860802319961	0.771870468826	0.772837119381	0.885935234413	0.881101981634	0.882068632189	0.884485258579	0.908168197197	0.898501691638	0.89125181247	0.867085548574	0.891735137748	0.891735137748	0.890285161914	0.856935717738	0.859835669406	0.872402126631	0.904301594973	0.895118414693	0.892218463026	0.887868535524	0.889801836636	0.889801836636	0.896568390527	0.889801836636	0.895118414693	0.889318511358	0.899468342194	0.893185113581	0.892701788304	0.894151764137	0.891735137748	0.889318511358	0.894635089415	0.891735137748
AH3	0.650072498792	0.374093765104	0.962300628323	0.598356694055	0.596906718221	0.564040599323	0.565490575157	0.535524407927	0.549057515708	0.535524407927	0.603673272112	0.5601739971	0.523924601257	0.880618656356	0.0	0.533107781537	0.595456742388	0.591590140164	0.93281778637	0.762687288545	0.70130497825	0.621556307395	0.637989366844	0.63653939101	0.907201546641	0.680038666022	0.618656355727	0.611889801837	0.647655872402	0.664088931851	0.683421942968	0.625422909618	0.533591106815	0.573223779604	0.710004833253	0.64813919768	0.622039632673	0.53020782987	0.590140164331	0.54857419043	0.542290961817	0.593040115998	0.55099081682	0.532141130981	0.629772837119	0.61333977767	0.700821652972	0.616723054616	0.662638956017	0.645239246013	0.646205896568	0.669888835186	0.579507008217	0.579023682939	0.60415659739	0.581923634606	0.563557274045	0.658289028516	0.54857419043	0.630739487675	0.585790236829	0.628806186564
AH4	0.335427742871	0.381343644273	0.936201063316	0.595456742388	0.608989850169	0.537941034316	0.633639439343	0.529724504592	0.539874335428	0.573223779604	0.59255679072	0.560657322378	0.536491058482	0.853069115515	0.533107781537	0.0	0.553407443209	0.54857419043	0.872402126631	0.710004833253	0.636056065732	0.572257129048	0.594006766554	0.58337361044	0.850652489125	0.599323344611	0.564040599323	0.562107298212	0.59497341711	0.590623489609	0.599806669889	0.552440792653	0.54857419043	0.56259062349	0.709521507975	0.654422426293	0.59497341711	0.577573707105	0.568873852102	0.59497341711	0.550507491542	0.672305461576	0.646205896568	0.573707104882	0.609473175447	0.589173513775	0.664572257129	0.611889801837	0.669405509908	0.634606089899	0.624456259062	0.641372643789	0.549057515708	0.535524407927	0.552440792653	0.535524407927	0.520057999033	0.626389560174	0.521991300145	0.621556307395	0.557274045433	0.619623006283
AA7	0.582890285162	0.534074432093	0.96761720638	0.638472692122	0.628322861286	0.466892218463	0.678588690188	0.465442242629	0.428709521508	0.589656839053	0.431126147898	0.577573707105	0.515224746254	0.895118414693	0.595456742388	0.553407443209	0.0	0.28709521508	0.921701304978	0.760270662156	0.591106814886	0.50459159014	0.478492025133	0.470758820686	0.874818753021	0.575640405993	0.421942967617	0.463992266796	0.520057999033	0.57177380377	0.504108264862	0.41904301595	0.43064282262	0.474142097632	0.699371677139	0.667955534074	0.457709038183	0.56259062349	0.496375060416	0.608023199613	0.53697438376	0.72450459159	0.688738521025	0.579023682939	0.544224262929	0.519574673755	0.675205413243	0.608989850169	0.676655389077	0.646689221846	0.612373127115	0.640405993233	0.536007733204	0.533591106815	0.517158047366	0.528757854036	0.545190913485	0.628806186564	0.561140647656	0.635572740454	0.503141614306	0.619139681005
AA8	0.566457225713	0.527307878202	0.960850652489	0.630739487675	0.610923151281	0.453359110681	0.679072015466	0.455775737071	0.418559690672	0.584340260996	0.438859352344	0.562107298212	0.499275012083	0.890768487192	0.591590140164	0.54857419043	0.28709521508	0.0	0.917834702755	0.753504108265	0.575640405993	0.487675205413	0.488641855969	0.481875302078	0.859835669406	0.558240695988	0.426776220396	0.450459159014	0.511841469309	0.564523924601	0.46979217013	0.362010633156	0.432092798453	0.47462542291	0.69453842436	0.660705654906	0.463992266796	0.559207346544	0.48380860319	0.608023199613	0.531657805703	0.723054615756	0.684871918801	0.573223779604	0.541807636539	0.515224746254	0.64813919768	0.597390043499	0.667955534074	0.631222812953	0.601256645723	0.619139681005	0.50700821653	0.520057999033	0.506524891252	0.516674722088	0.542774287095	0.611889801837	0.553407443209	0.624456259062	0.492025132914	0.609956500725
AB7	0.856935717738	0.890285161914	0.740454325761	0.733204446593	0.869985500242	0.927984533591	0.943450942484	0.926534557757	0.935717738038	0.937651039149	0.960367327211	0.8796520058	0.934751087482	0.715804736588	0.93281778637	0.872402126631	0.921701304978	0.917834702755	0.0	0.429676172064	0.82165297245	0.846302561624	0.933784436926	0.914934751087	0.733204446593	0.825519574674	0.899951667472	0.8796520058	0.749637506042	0.720154664089	0.880618656356	0.899951667472	0.923151280812	0.936684388594	0.941034316095	0.933301111648	0.951667472209	0.908168197197	0.945384243596	0.927501208313	0.938134364427	0.870952150797	0.881101981634	0.908651522475	0.9584340261	0.951184146931	0.92363460609	0.927501208313	0.928951184147	0.933784436926	0.928467858869	0.922667955534	0.915418076365	0.913484775254	0.918801353311	0.920251329145	0.918801353311	0.916868052199	0.924601256646	0.92363460609	0.94683421943	0.929917834703
AB8	0.696955050749	0.71532141131	0.758820686322	0.575157080715	0.741420976317	0.746737554374	0.774287095215	0.753504108265	0.758337361044	0.762203963267	0.780570323828	0.720154664089	0.760753987434	0.70130497825	0.762687288545	0.710004833253	0.760270662156	0.753504108265	0.429676172064	0.0	0.660222329628	0.67133881102	0.747220879652	0.729821169647	0.729821169647	0.652005799903	0.719188013533	0.699371677139	0.545190913485	0.542290961817	0.724987916868	0.728371193813	0.754470758821	0.762687288545	0.806186563557	0.759787336878	0.779120347994	0.729821169647	0.772353794103	0.752537457709	0.764137264379	0.716288061866	0.715804736588	0.730787820203	0.789753504108	0.78008699855	0.811503141614	0.758820686322	0.783470275495	0.771387143548	0.765103914935	0.783470275495	0.761237312711	0.750120831319	0.75688738521	0.7593040116	0.752537457709	0.783470275495	0.757370710488	0.759787336878	0.766070565491	0.760753987434
AC7	0.611406476559	0.658772353794	0.895601739971	0.662638956017	0.725471242146	0.578057032383	0.708554857419	0.56935717738	0.554374093765	0.644755920735	0.578057032383	0.703238279362	0.658772353794	0.831319478009	0.70130497825	0.636056065732	0.591106814886	0.575640405993	0.82165297245	0.660222329628	0.0	0.359594006767	0.56259062349	0.541807636539	0.834219429676	0.568873852102	0.532624456259	0.507974867086	0.479942000967	0.49299178347	0.560657322378	0.548090865152	0.54857419043	0.586273562107	0.8008699855	0.7593040116	0.609473175447	0.635089415176	0.608506524891	0.734654422426	0.664088931851	0.71290478492	0.693571773804	0.644755920735	0.632189463509	0.619623006283	0.814403093282	0.752537457709	0.809569840503	0.786853552441	0.755920734654	0.784436926051	0.681488641856	0.66892218463	0.660222329628	0.681005316578	0.67133881102	0.778637022716	0.675688738521	0.763170613823	0.61333977767	0.760753987434
AC8	0.567423876269	0.572740454326	0.906718221363	0.620589656839	0.674238762687	0.51377477042	0.691638472692	0.506524891252	0.479458675689	0.597390043499	0.53697438376	0.642822619623	0.577573707105	0.841469308845	0.621556307395	0.572257129048	0.50459159014	0.487675205413	0.846302561624	0.67133881102	0.359594006767	0.0	0.494925084582	0.47462542291	0.839536007733	0.532141130981	0.400676655389	0.378927017883	0.443209279845	0.474142097632	0.526341227646	0.477042049299	0.47220879652	0.500241662639	0.729821169647	0.690671822136	0.547607539874	0.570807153214	0.542774287095	0.658289028516	0.587240212663	0.676655389077	0.639439342678	0.58095698405	0.567907201547	0.558724021266	0.739971000483	0.673272112131	0.737071048816	0.714354760754	0.683905268246	0.710004833253	0.609473175447	0.591590140164	0.586273562107	0.606089898502	0.59255679072	0.70372160464	0.594490091832	0.69453842436	0.542290961817	0.681971967134
AD7	0.588690188497	0.598356694055	0.95360077332	0.658772353794	0.723537941034	0.51377477042	0.69453842436	0.509908168197	0.488641855969	0.602223296278	0.435959400677	0.672788786854	0.59255679072	0.883518608023	0.637989366844	0.594006766554	0.478492025133	0.488641855969	0.933784436926	0.747220879652	0.56259062349	0.494925084582	0.0	0.28467858869	0.895118414693	0.507974867086	0.436442725955	0.468825519575	0.503624939584	0.548090865152	0.499275012083	0.478492025133	0.489125181247	0.537457709038	0.742870952151	0.692605123248	0.506041565974	0.590140164331	0.535524407927	0.665055582407	0.599806669889	0.722571290478	0.688738521025	0.616239729338	0.570807153214	0.565490575157	0.750120831319	0.678588690188	0.747220879652	0.720637989367	0.692605123248	0.714838086032	0.622522957951	0.60415659739	0.593523441276	0.619139681005	0.594006766554	0.710488158531	0.599806669889	0.697438376027	0.559690671822	0.693088448526
AD8	0.575640405993	0.587723537941	0.943450942484	0.649589173514	0.712421459642	0.502658289029	0.690188496858	0.491541807637	0.473175447076	0.591106814886	0.438859352344	0.662155630739	0.589656839053	0.875785403577	0.63653939101	0.58337361044	0.470758820686	0.481875302078	0.914934751087	0.729821169647	0.541807636539	0.47462542291	0.28467858869	0.0	0.853069115515	0.465442242629	0.415176413726	0.445625906235	0.473658772354	0.521024649589	0.498791686805	0.476075398743	0.472692121798	0.532141130981	0.741420976317	0.690188496858	0.49299178347	0.57177380377	0.533107781537	0.65973900435	0.591106814886	0.709521507975	0.674722087965	0.598356694055	0.565007249879	0.559207346544	0.747220879652	0.675205413243	0.745770903818	0.716288061866	0.683421942968	0.712421459642	0.615273078782	0.596423392943	0.585306911551	0.613823102948	0.592073465442	0.708554857419	0.595940067666	0.700338327695	0.554374093765	0.684871918801
AE7	0.822136297728	0.870952150797	0.846302561624	0.788303528275	0.832286128565	0.89125181247	0.914934751087	0.900918318028	0.898501691638	0.91445142581	0.920251329145	0.842919284679	0.895118414693	0.828902851619	0.907201546641	0.850652489125	0.874818753021	0.859835669406	0.733204446593	0.729821169647	0.834219429676	0.839536007733	0.895118414693	0.853069115515	0.0	0.564040599323	0.875302078299	0.856935717738	0.766553890768	0.776703721605	0.839052682455	0.841469308845	0.899468342194	0.90961817303	0.925567907202	0.916868052199	0.926051232479	0.896085065249	0.912518124698	0.878202029966	0.90285161914	0.87723537941	0.875302078299	0.87046882552	0.942484291928	0.923151280812	0.893668438859	0.904784920251	0.907684871919	0.895601739971	0.904784920251	0.897051715805	0.891735137748	0.894635089415	0.904784920251	0.897051715805	0.906234896085	0.895118414693	0.908651522475	0.905751570807	0.910101498308	0.906234896085
AE8	0.571290478492	0.615273078782	0.899468342194	0.640889318511	0.687771870469	0.56935717738	0.683905268246	0.576607056549	0.577090381827	0.623489608507	0.60415659739	0.640405993233	0.62493958434	0.829386176897	0.680038666022	0.599323344611	0.575640405993	0.558240695988	0.825519574674	0.652005799903	0.568873852102	0.532141130981	0.507974867086	0.465442242629	0.564040599323	0.0	0.553890768487	0.538907684872	0.514741420976	0.50700821653	0.55099081682	0.536007733204	0.580473658772	0.593040115998	0.762687288545	0.722087965201	0.607056549058	0.591106814886	0.592073465442	0.65732237796	0.626389560174	0.692605123248	0.673272112131	0.608023199613	0.636056065732	0.613823102948	0.753504108265	0.684871918801	0.755437409377	0.713388110198	0.70130497825	0.725471242146	0.646205896568	0.63653939101	0.622039632673	0.640405993233	0.637022716288	0.720154664089	0.645239246013	0.702271628806	0.593040115998	0.693571773804
AF7	0.565490575157	0.535524407927	0.933784436926	0.636056065732	0.651039149348	0.471725471242	0.692605123248	0.447075882069	0.41904301595	0.595456742388	0.433542774287	0.60657322378	0.526341227646	0.868535524408	0.618656355727	0.564040599323	0.421942967617	0.426776220396	0.899951667472	0.719188013533	0.532624456259	0.400676655389	0.436442725955	0.415176413726	0.875302078299	0.553890768487	0.0	0.320927984534	0.459159014016	0.519091348478	0.482358627356	0.467375543741	0.41904301595	0.464475592073	0.691638472692	0.647172547124	0.441275978734	0.543740937651	0.477042049299	0.613823102948	0.53020782987	0.699371677139	0.663122281295	0.561623972934	0.52537457709	0.515708071532	0.674238762687	0.614306428226	0.691638472692	0.664572257129	0.633156114065	0.651522474625	0.553890768487	0.53697438376	0.527307878202	0.551957467376	0.558240695988	0.644272595457	0.57177380377	0.641855969067	0.498308361527	0.626872885452
AF8	0.570807153214	0.554857419043	0.929917834703	0.626389560174	0.678588690188	0.503141614306	0.686321894635	0.480908651522	0.459642339294	0.586273562107	0.502658289029	0.631706138231	0.559207346544	0.860802319961	0.611889801837	0.562107298212	0.463992266796	0.450459159014	0.8796520058	0.699371677139	0.507974867086	0.378927017883	0.468825519575	0.445625906235	0.856935717738	0.538907684872	0.320927984534	0.0	0.449975833736	0.500724987917	0.512324794587	0.455775737071	0.44900918318	0.497825036249	0.718704688255	0.676172063799	0.500724987917	0.554857419043	0.5186080232	0.626389560174	0.561140647656	0.681005316578	0.643305944901	0.5601739971	0.559207346544	0.54857419043	0.69453842436	0.633639439343	0.708071532141	0.686805219913	0.648622522958	0.667955534074	0.577573707105	0.561140647656	0.553890768487	0.575157080715	0.559690671822	0.664572257129	0.561623972934	0.666022232963	0.500724987917	0.644272595457
AG7	0.589173513775	0.597390043499	0.836152730788	0.546157564041	0.669888835186	0.523924601257	0.688738521025	0.493475108748	0.494441759304	0.590140164331	0.52537457709	0.640405993233	0.59497341711	0.771870468826	0.647655872402	0.59497341711	0.520057999033	0.511841469309	0.749637506042	0.545190913485	0.479942000967	0.443209279845	0.503624939584	0.473658772354	0.766553890768	0.514741420976	0.459159014016	0.449975833736	0.0	0.321894635089	0.539874335428	0.511841469309	0.492508458192	0.541324311261	0.741420976317	0.690188496858	0.523924601257	0.562107298212	0.533591106815	0.649105848236	0.593523441276	0.656839052682	0.629289511841	0.570807153214	0.586273562107	0.576607056549	0.73852102465	0.673755437409	0.729337844369	0.711454809087	0.677622039633	0.704688255196	0.618656355727	0.612373127115	0.593040115998	0.61575640406	0.610923151281	0.702271628806	0.622522957951	0.686805219913	0.558724021266	0.68293861769
AG8	0.580473658772	0.612373127115	0.841469308845	0.584340260996	0.683905268246	0.551957467376	0.683905268246	0.543740937651	0.542290961817	0.596423392943	0.580473658772	0.652489125181	0.610923151281	0.772837119381	0.664088931851	0.590623489609	0.57177380377	0.564523924601	0.720154664089	0.542290961817	0.49299178347	0.474142097632	0.548090865152	0.521024649589	0.776703721605	0.50700821653	0.519091348478	0.500724987917	0.321894635089	0.0	0.564040599323	0.53697438376	0.550024166264	0.574190430159	0.756404059932	0.709521507975	0.571290478492	0.576607056549	0.576123731271	0.666505558241	0.620106331561	0.662638956017	0.646689221846	0.586756887385	0.618656355727	0.60415659739	0.755920734654	0.693088448526	0.746737554374	0.725471242146	0.698405026583	0.724021266312	0.644755920735	0.63653939101	0.617689705172	0.633156114065	0.626389560174	0.720154664089	0.641372643789	0.702271628806	0.591590140164	0.699855002417
AH7	0.589656839053	0.627839536008	0.947317544708	0.68293861769	0.705171580474	0.561140647656	0.71290478492	0.551474142098	0.538907684872	0.641855969067	0.529241179314	0.659255679072	0.632189463509	0.885935234413	0.683421942968	0.599806669889	0.504108264862	0.46979217013	0.880618656356	0.724987916868	0.560657322378	0.526341227646	0.499275012083	0.498791686805	0.839052682455	0.55099081682	0.482358627356	0.512324794587	0.539874335428	0.564040599323	0.0	0.330111164814	0.563557274045	0.603673272112	0.774287095215	0.739487675205	0.546640889319	0.64572257129	0.601256645723	0.683905268246	0.644272595457	0.762687288545	0.738037699372	0.652972450459	0.6389560174	0.623972933784	0.760270662156	0.712421459642	0.767520541324	0.737071048816	0.71290478492	0.734171097148	0.635089415176	0.635572740454	0.610923151281	0.63653939101	0.626389560174	0.726437892702	0.634606089899	0.718704688255	0.597873368777	0.725471242146
AH8	0.559207346544	0.576123731271	0.950217496375	0.644272595457	0.669405509908	0.508458192363	0.677138714355	0.50459159014	0.479942000967	0.590623489609	0.502658289029	0.621556307395	0.563557274045	0.881101981634	0.625422909618	0.552440792653	0.41904301595	0.362010633156	0.899951667472	0.728371193813	0.548090865152	0.477042049299	0.478492025133	0.476075398743	0.841469308845	0.536007733204	0.467375543741	0.455775737071	0.511841469309	0.53697438376	0.330111164814	0.0	0.49299178347	0.526341227646	0.744804253262	0.705654905752	0.524407926535	0.595456742388	0.540357660706	0.634606089899	0.581440309328	0.719671338811	0.696955050749	0.612373127115	0.585790236829	0.567907201547	0.709038182697	0.657805703238	0.722571290478	0.689221846303	0.655872402127	0.679072015466	0.576607056549	0.56935717738	0.561623972934	0.579507008217	0.574673755437	0.671822136298	0.574190430159	0.672788786854	0.538424359594	0.67133881102
AA5	0.574673755437	0.500724987917	0.952150797487	0.63653939101	0.605606573224	0.443209279845	0.619139681005	0.401159980667	0.391010149831	0.527307878202	0.438859352344	0.554857419043	0.518124697922	0.882068632189	0.533591106815	0.54857419043	0.43064282262	0.432092798453	0.923151280812	0.754470758821	0.54857419043	0.47220879652	0.489125181247	0.472692121798	0.899468342194	0.580473658772	0.41904301595	0.44900918318	0.492508458192	0.550024166264	0.563557274045	0.49299178347	0.0	0.335427742871	0.679555340744	0.60657322378	0.461092315128	0.465925567907	0.461575640406	0.551957467376	0.48380860319	0.623006283229	0.584823586274	0.485741904302	0.515708071532	0.483325277912	0.699371677139	0.631706138231	0.674238762687	0.654422426293	0.651039149348	0.677622039633	0.531657805703	0.552440792653	0.545674238763	0.556790720155	0.542774287095	0.656355727405	0.556307394877	0.637022716288	0.503624939584	0.642822619623
AA6	0.594006766554	0.512324794587	0.95601739971	0.64813919768	0.624456259062	0.454809086515	0.649105848236	0.446109231513	0.428709521508	0.56259062349	0.481875302078	0.58095698405	0.517641372644	0.884485258579	0.573223779604	0.56259062349	0.474142097632	0.47462542291	0.936684388594	0.762687288545	0.586273562107	0.500241662639	0.537457709038	0.532141130981	0.90961817303	0.593040115998	0.464475592073	0.497825036249	0.541324311261	0.574190430159	0.603673272112	0.526341227646	0.335427742871	0.0	0.666505558241	0.596423392943	0.494925084582	0.507491541808	0.465442242629	0.586756887385	0.496858385694	0.661672305462	0.628322861286	0.536491058482	0.44900918318	0.423392943451	0.691155147414	0.628322861286	0.670372160464	0.648622522958	0.643305944901	0.666505558241	0.529241179314	0.542774287095	0.533591106815	0.551474142098	0.557274045433	0.649589173514	0.565007249879	0.630256162397	0.51619139681	0.633156114065
AB5	0.741904301595	0.657805703238	0.968100531658	0.722571290478	0.620106331561	0.650072498792	0.744804253262	0.652005799903	0.683905268246	0.709521507975	0.691638472692	0.617689705172	0.65973900435	0.908168197197	0.710004833253	0.709521507975	0.699371677139	0.69453842436	0.941034316095	0.806186563557	0.8008699855	0.729821169647	0.742870952151	0.741420976317	0.925567907202	0.762687288545	0.691638472692	0.718704688255	0.741420976317	0.756404059932	0.774287095215	0.744804253262	0.679555340744	0.666505558241	0.0	0.321894635089	0.629772837119	0.674722087965	0.623489608507	0.617689705172	0.611889801837	0.743354277429	0.722087965201	0.656355727405	0.633156114065	0.622039632673	0.629289511841	0.626389560174	0.634606089899	0.611406476559	0.631222812953	0.621556307395	0.609956500725	0.59497341711	0.608506524891	0.607539874335	0.663605606573	0.604639922668	0.667955534074	0.619623006283	0.678105364911	0.619139681005
AB6	0.701788303528	0.600773320445	0.962783953601	0.673755437409	0.595940067666	0.596423392943	0.684388593523	0.589173513775	0.629772837119	0.652972450459	0.646205896568	0.561623972934	0.629772837119	0.898501691638	0.64813919768	0.654422426293	0.667955534074	0.660705654906	0.933301111648	0.759787336878	0.7593040116	0.690671822136	0.692605123248	0.690188496858	0.916868052199	0.722087965201	0.647172547124	0.676172063799	0.690188496858	0.709521507975	0.739487675205	0.705654905752	0.60657322378	0.596423392943	0.321894635089	0.0	0.595456742388	0.608506524891	0.578057032383	0.563557274045	0.555824069599	0.670372160464	0.652489125181	0.573707104882	0.575640405993	0.548090865152	0.593523441276	0.547607539874	0.584340260996	0.558240695988	0.56259062349	0.577573707105	0.56259062349	0.569840502658	0.581440309328	0.572740454326	0.625906234896	0.556307394877	0.626872885452	0.551474142098	0.649589173514	0.546157564041
AC5	0.60415659739	0.558724021266	0.969550507492	0.647655872402	0.628322861286	0.470758820686	0.669888835186	0.436442725955	0.453842435959	0.573707104882	0.424842919285	0.574190430159	0.529724504592	0.89125181247	0.622039632673	0.59497341711	0.457709038183	0.463992266796	0.951667472209	0.779120347994	0.609473175447	0.547607539874	0.506041565974	0.49299178347	0.926051232479	0.607056549058	0.441275978734	0.500724987917	0.523924601257	0.571290478492	0.546640889319	0.524407926535	0.461092315128	0.494925084582	0.629772837119	0.595456742388	0.0	0.457225712905	0.441759304012	0.588206863219	0.51377477042	0.713871435476	0.660222329628	0.566457225713	0.489608506525	0.484291928468	0.624456259062	0.572740454326	0.64572257129	0.606089898502	0.578540357661	0.604639922668	0.5186080232	0.502658289029	0.494925084582	0.507491541808	0.570323827936	0.589656839053	0.585790236829	0.577090381827	0.521024649589	0.58095698405
AC6	0.609473175447	0.512324794587	0.948767520541	0.641372643789	0.608506524891	0.522474625423	0.536007733204	0.487191880135	0.529724504592	0.471242145964	0.561140647656	0.561623972934	0.558240695988	0.867085548574	0.53020782987	0.577573707105	0.56259062349	0.559207346544	0.908168197197	0.729821169647	0.635089415176	0.570807153214	0.590140164331	0.57177380377	0.896085065249	0.591106814886	0.543740937651	0.554857419043	0.562107298212	0.576607056549	0.64572257129	0.595456742388	0.465925567907	0.507491541808	0.674722087965	0.608506524891	0.457225712905	0.0	0.52779120348	0.530691155147	0.51619139681	0.491541807637	0.440792653456	0.436442725955	0.570807153214	0.550024166264	0.698405026583	0.637989366844	0.6805219913	0.655389076849	0.654905751571	0.675688738521	0.588206863219	0.593523441276	0.575640405993	0.581923634606	0.561140647656	0.65732237796	0.573707104882	0.630739487675	0.551474142098	0.641372643789
AD6	0.594490091832	0.524407926535	0.96761720638	0.626872885452	0.582406959884	0.423392943451	0.623006283229	0.428709521508	0.461575640406	0.539874335428	0.458192363461	0.526824552924	0.510391493475	0.891735137748	0.590140164331	0.568873852102	0.496375060416	0.48380860319	0.945384243596	0.772353794103	0.608506524891	0.542774287095	0.535524407927	0.533107781537	0.912518124698	0.592073465442	0.477042049299	0.5186080232	0.533591106815	0.576123731271	0.601256645723	0.540357660706	0.461575640406	0.465442242629	0.623489608507	0.578057032383	0.441759304012	0.52779120348	0.0	0.541324311261	0.408893185114	0.695505074915	0.656839052682	0.542774287095	0.473658772354	0.459642339294	0.610923151281	0.553407443209	0.602223296278	0.568390526825	0.568390526825	0.591106814886	0.480908651522	0.468342194297	0.478492025133	0.475108748188	0.545674238763	0.578540357661	0.552440792653	0.564040599323	0.483325277912	0.55775737071
AE5	0.638472692122	0.534557757371	0.96761720638	0.624456259062	0.542774287095	0.546157564041	0.594490091832	0.558240695988	0.60415659739	0.552440792653	0.620106331561	0.515224746254	0.582406959884	0.891735137748	0.54857419043	0.59497341711	0.608023199613	0.608023199613	0.927501208313	0.752537457709	0.734654422426	0.658289028516	0.665055582407	0.65973900435	0.878202029966	0.65732237796	0.613823102948	0.626389560174	0.649105848236	0.666505558241	0.683905268246	0.634606089899	0.551957467376	0.586756887385	0.617689705172	0.563557274045	0.588206863219	0.530691155147	0.541324311261	0.0	0.356694055099	0.600773320445	0.584823586274	0.513291445143	0.627839536008	0.618656355727	0.643305944901	0.596423392943	0.637506041566	0.607539874335	0.618656355727	0.635089415176	0.537457709038	0.568873852102	0.590140164331	0.560657322378	0.565490575157	0.612856452392	0.568873852102	0.595940067666	0.576123731271	0.612856452392
AE6	0.610923151281	0.482358627356	0.967133881102	0.618656355727	0.574673755437	0.471242145964	0.58095698405	0.462542290962	0.514258095698	0.514741420976	0.534074432093	0.531657805703	0.498308361527	0.890285161914	0.542290961817	0.550507491542	0.53697438376	0.531657805703	0.938134364427	0.764137264379	0.664088931851	0.587240212663	0.599806669889	0.591106814886	0.90285161914	0.626389560174	0.53020782987	0.561140647656	0.593523441276	0.620106331561	0.644272595457	0.581440309328	0.48380860319	0.496858385694	0.611889801837	0.555824069599	0.51377477042	0.51619139681	0.408893185114	0.356694055099	0.0	0.645239246013	0.603673272112	0.500724987917	0.538424359594	0.524407926535	0.632189463509	0.579023682939	0.618173030449	0.588690188497	0.593523441276	0.616723054616	0.503624939584	0.508458192363	0.514258095698	0.499275012083	0.5186080232	0.598356694055	0.530691155147	0.576123731271	0.518124697922	0.586756887385
AF5	0.707104881585	0.62735621073	0.927984533591	0.672305461576	0.655872402127	0.686321894635	0.563073948768	0.643305944901	0.685838569357	0.581923634606	0.722087965201	0.631222812953	0.686321894635	0.856935717738	0.593040115998	0.672305461576	0.72450459159	0.723054615756	0.870952150797	0.716288061866	0.71290478492	0.676655389077	0.722571290478	0.709521507975	0.87723537941	0.692605123248	0.699371677139	0.681005316578	0.656839052682	0.662638956017	0.762687288545	0.719671338811	0.623006283229	0.661672305462	0.743354277429	0.670372160464	0.713871435476	0.491541807637	0.695505074915	0.600773320445	0.645239246013	0.0	0.274528757854	0.53939101015	0.723054615756	0.710971483809	0.76848719188	0.724021266312	0.752537457709	0.724021266312	0.73610439826	0.75688738521	0.695021749638	0.717738037699	0.728371193813	0.704204929918	0.676655389077	0.744804253262	0.675205413243	0.710971483809	0.714838086032	0.716771387144
AF6	0.683905268246	0.59255679072	0.932334461092	0.654905751571	0.646205896568	0.651039149348	0.531174480425	0.605606573224	0.65055582407	0.554374093765	0.687288545191	0.612856452392	0.647655872402	0.859835669406	0.55099081682	0.646205896568	0.688738521025	0.684871918801	0.881101981634	0.715804736588	0.693571773804	0.639439342678	0.688738521025	0.674722087965	0.875302078299	0.673272112131	0.663122281295	0.643305944901	0.629289511841	0.646689221846	0.738037699372	0.696955050749	0.584823586274	0.628322861286	0.722087965201	0.652489125181	0.660222329628	0.440792653456	0.656839052682	0.584823586274	0.603673272112	0.274528757854	0.0	0.499275012083	0.683905268246	0.671822136298	0.750604156597	0.693571773804	0.727404543258	0.70372160464	0.706621556307	0.734171097148	0.658772353794	0.682455292412	0.690188496858	0.670855485742	0.63653939101	0.717254712421	0.634606089899	0.685838569357	0.677138714355	0.697438376027
