	AA3	AA4	AB3	AB4	AC3	AC4	AD3	AD4	AE3	AE4	AF3	AF4	AG3	AG4	AH3	AH4	AA7	AA8	AB7	AB8	AC7	AC8	AD7	AD8	AE7	AE8	AF7	AF8	AG7	AG8	AH7	AH8	AA5	AA6	AB5	AB6	AC5	AC6	AD6	AE5	AE6	AF5	AF6	AG5	AH5	AH6	AA1	AA2	AB1	AB2	AC1	AC2	AD1	AD2	AE1	AE2	AF1	AF2	AG1	AG2	AH1	AH2
AA3	0.0	0.494925084582	0.940067665539	0.63653939101	0.653455775737	0.575640405993	0.667472208797	0.583856935718	0.565973900435	0.611889801837	0.610923151281	0.600773320445	0.575157080715	0.849685838569	0.651039149348	0.332527791203	0.5601739971	0.563557274045	0.862252295795	0.718704688255	0.615273078782	0.562107298212	0.59255679072	0.576607056549	0.837119381344	0.582890285162	0.556790720155	0.557274045433	0.591106814886	0.575640405993	0.587240212663	0.543257612373	0.578057032383	0.593523441276	0.740937651039	0.678105364911	0.594006766554	0.612856452392	0.595456742388	0.610439826003	0.606089898502	0.701788303528	0.69453842436	0.617206379894	0.623972933784	0.613823102948	0.679555340744	0.655872402127	0.712421459642	0.667472208797	0.62735621073	0.665055582407	0.573707104882	0.555340744321	0.568873852102	0.550507491542	0.573223779604	0.657805703238	0.593040115998	0.670372160464	0.570323827936	0.650072498792
AA4	0.494925084582	0.0	0.947317544708	0.582406959884	0.564523924601	0.498308361527	0.591106814886	0.499275012083	0.511841469309	0.517641372644	0.566457225713	0.497341710971	0.478492025133	0.849202513291	0.363943934268	0.378443692605	0.540840985984	0.544224262929	0.893185113581	0.728854519091	0.65973900435	0.57177380377	0.599323344611	0.586273562107	0.872402126631	0.603673272112	0.551957467376	0.561140647656	0.591590140164	0.599806669889	0.63653939101	0.577573707105	0.499758337361	0.530691155147	0.672305461576	0.581440309328	0.561140647656	0.513291445143	0.532624456259	0.514741420976	0.491541807637	0.619139681005	0.591106814886	0.523441275979	0.597390043499	0.587723537941	0.646205896568	0.582890285162	0.630739487675	0.600773320445	0.59255679072	0.630739487675	0.511358144031	0.520057999033	0.533591106815	0.528274528758	0.505074915418	0.621072982117	0.505074915418	0.605606573224	0.528274528758	0.583856935718
AB3	0.940067665539	0.947317544708	0.0	0.675205413243	0.918801353311	0.955050749154	0.95601739971	0.950217496375	0.931367810536	0.951184146931	0.971000483325	0.938134364427	0.965683905268	0.36346060899	0.962783953601	0.939101014983	0.970033832769	0.969550507492	0.739004349928	0.764620589657	0.882551957467	0.904784920251	0.961817303045	0.954084098598	0.853069115515	0.903334944418	0.939101014983	0.930884485259	0.837602706622	0.842435959401	0.950700821653	0.952150797487	0.958917351377	0.962783953601	0.972933784437	0.966167230546	0.973417109715	0.951667472209	0.975350410826	0.974867085549	0.972933784437	0.939584340261	0.939101014983	0.950217496375	0.975833736104	0.971967133881	0.975833736104	0.972933784437	0.971483808603	0.972450459159	0.975350410826	0.973900434993	0.972933784437	0.972933784437	0.976317061382	0.973900434993	0.971967133881	0.971483808603	0.973417109715	0.973417109715	0.974383760271	0.973900434993
AB4	0.63653939101	0.582406959884	0.675205413243	0.0	0.656355727405	0.619139681005	0.684871918801	0.642822619623	0.628322861286	0.633639439343	0.660705654906	0.616239729338	0.496375060416	0.55099081682	0.619623006283	0.599323344611	0.653455775737	0.652489125181	0.720637989367	0.574673755437	0.65055582407	0.629289511841	0.678588690188	0.65973900435	0.78927017883	0.625422909618	0.65055582407	0.639922667956	0.564040599323	0.575640405993	0.686805219913	0.644272595457	0.651522474625	0.669405509908	0.743837602707	0.665538907685	0.669405509908	0.652005799903	0.647172547124	0.6389560174	0.625906234896	0.669405509908	0.670372160464	0.64572257129	0.702754954084	0.690671822136	0.715804736588	0.673755437409	0.708071532141	0.674722087965	0.676172063799	0.694055099082	0.64572257129	0.645239246013	0.666988883519	0.649105848236	0.645239246013	0.687771870469	0.64813919768	0.680038666022	0.661188980184	0.676172063799
AC3	0.653455775737	0.564523924601	0.918801353311	0.656355727405	0.0	0.497341710971	0.651522474625	0.562107298212	0.576123731271	0.584823586274	0.60657322378	0.328177863702	0.600773320445	0.826969550507	0.605606573224	0.600773320445	0.614306428226	0.598840019333	0.865152247463	0.746737554374	0.724987916868	0.666988883519	0.724987916868	0.699855002417	0.831319478009	0.666505558241	0.652972450459	0.681488641856	0.667955534074	0.675205413243	0.701788303528	0.647655872402	0.596423392943	0.639922667956	0.616723054616	0.551474142098	0.609956500725	0.594490091832	0.572740454326	0.56259062349	0.559207346544	0.654422426293	0.644272595457	0.570323827936	0.634606089899	0.630739487675	0.590140164331	0.582890285162	0.577573707105	0.572257129048	0.595456742388	0.588206863219	0.52537457709	0.558724021266	0.576607056549	0.569840502658	0.609956500725	0.565973900435	0.622522957951	0.591590140164	0.619139681005	0.580473658772
AC4	0.575640405993	0.498308361527	0.955050749154	0.619139681005	0.497341710971	0.0	0.617689705172	0.428709521508	0.41904301595	0.521024649589	0.336394393427	0.398743354277	0.503141614306	0.863702271629	0.571290478492	0.531657805703	0.478008699855	0.441275978734	0.919768003867	0.753020782987	0.588206863219	0.529241179314	0.535041082649	0.512324794587	0.886418559691	0.572740454326	0.493958434026	0.512808119865	0.532141130981	0.551957467376	0.576123731271	0.511358144031	0.444175930401	0.476075398743	0.642339294345	0.564040599323	0.462058965684	0.507491541808	0.420976317061	0.553407443209	0.478492025133	0.671822136298	0.647172547124	0.513291445143	0.496375060416	0.484291928468	0.6389560174	0.571290478492	0.609956500725	0.573707104882	0.581440309328	0.617689705172	0.496375060416	0.493958434026	0.515224746254	0.492025132914	0.529241179314	0.605123247946	0.547607539874	0.587240212663	0.468342194297	0.572257129048
AD3	0.667472208797	0.591106814886	0.95601739971	0.684871918801	0.651522474625	0.617689705172	0.0	0.535524407927	0.635089415176	0.362977283712	0.672788786854	0.588206863219	0.641855969067	0.863218946351	0.587723537941	0.632672788787	0.684388593523	0.6805219913	0.939584340261	0.781053649106	0.700821652972	0.677138714355	0.688738521025	0.684388593523	0.917834702755	0.674722087965	0.688255195747	0.681488641856	0.685838569357	0.677138714355	0.710971483809	0.677138714355	0.630256162397	0.655872402127	0.744804253262	0.654905751571	0.671822136298	0.527307878202	0.629772837119	0.582890285162	0.577573707105	0.544224262929	0.534557757371	0.553407443209	0.69212179797	0.689221846303	0.760270662156	0.706138231029	0.741904301595	0.709521507975	0.706621556307	0.739487675205	0.653939101015	0.654422426293	0.672788786854	0.655389076849	0.62735621073	0.724021266312	0.641855969067	0.709038182697	0.684871918801	0.710004833253
AD4	0.583856935718	0.499275012083	0.950217496375	0.642822619623	0.562107298212	0.428709521508	0.535524407927	0.0	0.329627839536	0.411793136781	0.426776220396	0.494441759304	0.516674722088	0.85645239246	0.551474142098	0.53697438376	0.453842435959	0.431609473175	0.942967617206	0.777187046883	0.583856935718	0.516674722088	0.493475108748	0.484775253746	0.91203479942	0.598840019333	0.448042532624	0.468825519575	0.509908168197	0.565007249879	0.539874335428	0.481875302078	0.388110198163	0.448525857902	0.669888835186	0.579023682939	0.436442725955	0.471725471242	0.440792653456	0.558240695988	0.48622522958	0.6389560174	0.607539874335	0.486708554857	0.509908168197	0.494925084582	0.666022232963	0.61333977767	0.643789270179	0.623972933784	0.609956500725	0.652005799903	0.511841469309	0.526824552924	0.538424359594	0.529241179314	0.533107781537	0.637989366844	0.542774287095	0.626872885452	0.500241662639	0.611406476559
AE3	0.565973900435	0.511841469309	0.931367810536	0.628322861286	0.576123731271	0.41904301595	0.635089415176	0.329627839536	0.0	0.508941517641	0.420976317061	0.508458192363	0.500241662639	0.843885935234	0.565973900435	0.524407926535	0.44224262929	0.408893185114	0.920251329145	0.753504108265	0.547607539874	0.475108748188	0.484291928468	0.482358627356	0.885935234413	0.573707104882	0.434509424843	0.460125664572	0.486708554857	0.544707588207	0.540840985984	0.477525374577	0.389076848719	0.44224262929	0.676655389077	0.601739971	0.440309328178	0.512324794587	0.453842435959	0.600773320445	0.531174480425	0.681005316578	0.647655872402	0.523924601257	0.507974867086	0.491058482359	0.674722087965	0.619623006283	0.657805703238	0.62493958434	0.618656355727	0.657805703238	0.532624456259	0.536007733204	0.545190913485	0.535524407927	0.553890768487	0.648622522958	0.558240695988	0.630256162397	0.492025132914	0.61575640406
AE4	0.611889801837	0.517641372644	0.951184146931	0.633639439343	0.584823586274	0.521024649589	0.362977283712	0.411793136781	0.508941517641	0.0	0.575640405993	0.517641372644	0.567423876269	0.854519091348	0.546640889319	0.565007249879	0.584823586274	0.585306911551	0.93281778637	0.766553890768	0.656355727405	0.597390043499	0.605123247946	0.593040115998	0.904301594973	0.616239729338	0.585306911551	0.579990333494	0.582406959884	0.598356694055	0.651522474625	0.594490091832	0.535041082649	0.555340744321	0.695505074915	0.600289995167	0.573707104882	0.464475592073	0.53020782987	0.523924601257	0.505558240696	0.579023682939	0.552440792653	0.496375060416	0.602223296278	0.596423392943	0.688738521025	0.641372643789	0.680038666022	0.652972450459	0.649589173514	0.675688738521	0.582406959884	0.579990333494	0.596423392943	0.579023682939	0.556307394877	0.662638956017	0.578057032383	0.653939101015	0.579023682939	0.643789270179
AF3	0.610923151281	0.566457225713	0.971000483325	0.660705654906	0.60657322378	0.336394393427	0.672788786854	0.426776220396	0.420976317061	0.575640405993	0.0	0.506041565974	0.533591106815	0.881585306912	0.616239729338	0.584340260996	0.45142580957	0.407926534558	0.954567423876	0.790720154664	0.591590140164	0.542774287095	0.44900918318	0.452875785404	0.921701304978	0.609956500725	0.44224262929	0.498308361527	0.535524407927	0.587723537941	0.533107781537	0.493475108748	0.431126147898	0.493475108748	0.663605606573	0.60415659739	0.418559690672	0.542774287095	0.435476075399	0.617206379894	0.537457709038	0.713388110198	0.682455292412	0.549540840986	0.492508458192	0.478008699855	0.660705654906	0.602223296278	0.655872402127	0.608989850169	0.60415659739	0.6389560174	0.536007733204	0.51619139681	0.534557757371	0.517641372644	0.573707104882	0.631706138231	0.586756887385	0.609956500725	0.499275012083	0.603189946834
AF4	0.600773320445	0.497341710971	0.938134364427	0.616239729338	0.328177863702	0.398743354277	0.588206863219	0.494441759304	0.508458192363	0.517641372644	0.506041565974	0.0	0.525857902368	0.848235862736	0.545674238763	0.543257612373	0.55775737071	0.543257612373	0.89125181247	0.731754470759	0.679072015466	0.617206379894	0.653455775737	0.628322861286	0.850169163847	0.609473175447	0.585306911551	0.612373127115	0.618173030449	0.625906234896	0.646205896568	0.594006766554	0.521507974867	0.565973900435	0.614789753504	0.517158047366	0.551957467376	0.522474625423	0.505558240696	0.498791686805	0.496375060416	0.609956500725	0.587723537941	0.505558240696	0.568390526825	0.563557274045	0.592073465442	0.535041082649	0.576123731271	0.535524407927	0.543740937651	0.571290478492	0.473175447076	0.496375060416	0.521991300145	0.508458192363	0.540840985984	0.560657322378	0.553407443209	0.557274045433	0.546157564041	0.536007733204
AG3	0.575157080715	0.478492025133	0.965683905268	0.496375060416	0.600773320445	0.503141614306	0.641855969067	0.516674722088	0.500241662639	0.567423876269	0.533591106815	0.525857902368	0.0	0.839052682455	0.541807636539	0.523441275979	0.512808119865	0.488641855969	0.927017883035	0.760270662156	0.666505558241	0.583856935718	0.602223296278	0.599806669889	0.88883518608	0.623972933784	0.550507491542	0.573223779604	0.601739971	0.611406476559	0.638472692122	0.572740454326	0.5186080232	0.531657805703	0.658772353794	0.595940067666	0.533591106815	0.565490575157	0.517641372644	0.564523924601	0.511358144031	0.675205413243	0.645239246013	0.549057515708	0.576123731271	0.56259062349	0.619623006283	0.576123731271	0.62493958434	0.592073465442	0.576123731271	0.600289995167	0.494925084582	0.509908168197	0.532624456259	0.5186080232	0.534557757371	0.605606573224	0.544707588207	0.601739971	0.515224746254	0.568390526825
AG4	0.849685838569	0.849202513291	0.36346060899	0.55099081682	0.826969550507	0.863702271629	0.863218946351	0.85645239246	0.843885935234	0.854519091348	0.881585306912	0.848235862736	0.839052682455	0.0	0.863218946351	0.842435959401	0.888351860802	0.888351860802	0.706138231029	0.69212179797	0.804736587724	0.82406959884	0.878202029966	0.867568873852	0.822136297728	0.82165297245	0.852585790237	0.843885935234	0.757370710488	0.755920734654	0.878685355244	0.866118898018	0.869502174964	0.871918801353	0.895601739971	0.875785403577	0.881585306912	0.854035766071	0.878202029966	0.876752054132	0.872885451909	0.851135814403	0.847752537458	0.855002416626	0.88883518608	0.881101981634	0.8796520058	0.882068632189	0.884001933301	0.881101981634	0.889801836636	0.884968583857	0.886418559691	0.880135331078	0.890768487192	0.885935234413	0.882068632189	0.879168680522	0.880618656356	0.882551957467	0.890768487192	0.884968583857
AH3	0.651039149348	0.363943934268	0.962783953601	0.619623006283	0.605606573224	0.571290478492	0.587723537941	0.551474142098	0.565973900435	0.546640889319	0.616239729338	0.545674238763	0.541807636539	0.863218946351	0.0	0.535524407927	0.609956500725	0.611406476559	0.926051232479	0.768003866602	0.711938134364	0.635572740454	0.651522474625	0.652489125181	0.897535041083	0.676172063799	0.636056065732	0.633156114065	0.663605606573	0.672305461576	0.698405026583	0.642339294345	0.550507491542	0.594006766554	0.709521507975	0.617689705172	0.629772837119	0.550024166264	0.591590140164	0.552440792653	0.563073948768	0.592073465442	0.577090381827	0.563073948768	0.661188980184	0.647172547124	0.697921701305	0.624456259062	0.662155630739	0.635089415176	0.645239246013	0.670855485742	0.583856935718	0.598356694055	0.604639922668	0.614789753504	0.573707104882	0.662638956017	0.565973900435	0.647172547124	0.602223296278	0.627839536008
AH4	0.332527791203	0.378443692605	0.939101014983	0.599323344611	0.600773320445	0.531657805703	0.632672788787	0.53697438376	0.524407926535	0.565007249879	0.584340260996	0.543257612373	0.523441275979	0.842435959401	0.535524407927	0.0	0.541324311261	0.547607539874	0.875302078299	0.721604639923	0.621072982117	0.552440792653	0.582890285162	0.568873852102	0.848235862736	0.58095698405	0.552440792653	0.54857419043	0.584340260996	0.575157080715	0.599806669889	0.547124214596	0.544224262929	0.553890768487	0.707588206863	0.631222812953	0.572740454326	0.565490575157	0.550507491542	0.561140647656	0.542290961817	0.664572257129	0.656355727405	0.570807153214	0.610923151281	0.596906718221	0.658289028516	0.614789753504	0.664088931851	0.620106331561	0.611889801837	0.643789270179	0.537941034316	0.525857902368	0.540357660706	0.532624456259	0.512808119865	0.634122764621	0.534557757371	0.629772837119	0.536007733204	0.611406476559
AA7	0.5601739971	0.540840985984	0.970033832769	0.653455775737	0.614306428226	0.478008699855	0.684388593523	0.453842435959	0.44224262929	0.584823586274	0.45142580957	0.55775737071	0.512808119865	0.888351860802	0.609956500725	0.541324311261	0.0	0.294345094248	0.91203479942	0.767520541324	0.583856935718	0.495891735138	0.492025132914	0.490091831803	0.871435476075	0.579990333494	0.4398260029	0.466892218463	0.521507974867	0.572740454326	0.517641372644	0.395360077332	0.427259545674	0.479942000967	0.705654905752	0.642339294345	0.460125664572	0.552440792653	0.484775253746	0.602223296278	0.555340744321	0.712421459642	0.691638472692	0.573707104882	0.545674238763	0.529241179314	0.654905751571	0.61333977767	0.666022232963	0.635572740454	0.590623489609	0.632189463509	0.510391493475	0.520057999033	0.535041082649	0.508458192363	0.540840985984	0.621556307395	0.553890768487	0.643305944901	0.489608506525	0.606089898502
AA8	0.563557274045	0.544224262929	0.969550507492	0.652489125181	0.598840019333	0.441275978734	0.6805219913	0.431609473175	0.408893185114	0.585306911551	0.407926534558	0.543257612373	0.488641855969	0.888351860802	0.611406476559	0.547607539874	0.294345094248	0.0	0.918318028033	0.769453842436	0.566940550991	0.482841952634	0.468825519575	0.462542290962	0.873852102465	0.579023682939	0.421459642339	0.455775737071	0.520541324311	0.568873852102	0.470758820686	0.362977283712	0.415176413726	0.474142097632	0.683905268246	0.626389560174	0.434509424843	0.553890768487	0.465442242629	0.601739971	0.53697438376	0.716771387144	0.691638472692	0.561140647656	0.522474625423	0.502174963751	0.639439342678	0.588206863219	0.653939101015	0.615273078782	0.579023682939	0.613823102948	0.497341710971	0.501691638473	0.521024649589	0.498308361527	0.544707588207	0.608023199613	0.550507491542	0.621072982117	0.476075398743	0.585306911551
AB7	0.862252295795	0.893185113581	0.739004349928	0.720637989367	0.865152247463	0.919768003867	0.939584340261	0.942967617206	0.920251329145	0.93281778637	0.954567423876	0.89125181247	0.927017883035	0.706138231029	0.926051232479	0.875302078299	0.91203479942	0.918318028033	0.0	0.406476558724	0.806186563557	0.83566940551	0.938617689705	0.917834702755	0.738037699372	0.831319478009	0.889318511358	0.874335427743	0.729821169647	0.698405026583	0.878685355244	0.888351860802	0.919284678589	0.932334461092	0.939101014983	0.929917834703	0.94441759304	0.919284678589	0.94441759304	0.920251329145	0.93281778637	0.870952150797	0.884968583857	0.906718221363	0.957950700822	0.9584340261	0.920734654422	0.925084581924	0.929434509425	0.927984533591	0.925084581924	0.914934751087	0.91445142581	0.910101498308	0.913484775254	0.911551474142	0.924117931368	0.911551474142	0.926534557757	0.928467858869	0.94683421943	0.926534557757
AB8	0.718704688255	0.728854519091	0.764620589657	0.574673755437	0.746737554374	0.753020782987	0.781053649106	0.777187046883	0.753504108265	0.766553890768	0.790720154664	0.731754470759	0.760270662156	0.69212179797	0.768003866602	0.721604639923	0.767520541324	0.769453842436	0.406476558724	0.0	0.658289028516	0.679555340744	0.762687288545	0.744804253262	0.73852102465	0.665538907685	0.718704688255	0.699371677139	0.554857419043	0.527307878202	0.734654422426	0.734171097148	0.762687288545	0.771387143548	0.805219913001	0.771387143548	0.776703721605	0.753020782987	0.78008699855	0.759787336878	0.761237312711	0.725954567424	0.73368777187	0.741420976317	0.797003383277	0.797970033833	0.816819719671	0.76848719188	0.8008699855	0.770420492992	0.783470275495	0.792653455776	0.769937167714	0.766553890768	0.768970517158	0.768003866602	0.766553890768	0.797486708555	0.764137264379	0.770420492992	0.778637022716	0.769453842436
AC7	0.615273078782	0.65973900435	0.882551957467	0.65055582407	0.724987916868	0.588206863219	0.700821652972	0.583856935718	0.547607539874	0.656355727405	0.591590140164	0.679072015466	0.666505558241	0.804736587724	0.711938134364	0.621072982117	0.583856935718	0.566940550991	0.806186563557	0.658289028516	0.0	0.364910584824	0.566457225713	0.56259062349	0.816336394393	0.582406959884	0.534074432093	0.494925084582	0.461092315128	0.47220879652	0.561140647656	0.53939101015	0.558724021266	0.58095698405	0.806669888835	0.736587723538	0.612856452392	0.62735621073	0.607056549058	0.707104881585	0.68293861769	0.713871435476	0.707588206863	0.633639439343	0.632189463509	0.605606573224	0.809086515225	0.75688738521	0.80328661189	0.777187046883	0.744320927985	0.788303528275	0.676172063799	0.673755437409	0.678588690188	0.669405509908	0.663605606573	0.781536974384	0.673272112131	0.767037216046	0.607539874335	0.754470758821
AC8	0.562107298212	0.57177380377	0.904784920251	0.629289511841	0.666988883519	0.529241179314	0.677138714355	0.516674722088	0.475108748188	0.597390043499	0.542774287095	0.617206379894	0.583856935718	0.82406959884	0.635572740454	0.552440792653	0.495891735138	0.482841952634	0.83566940551	0.679555340744	0.364910584824	0.0	0.499758337361	0.491541807637	0.825036249396	0.535041082649	0.399710004833	0.362493958434	0.449492508458	0.473175447076	0.521507974867	0.477042049299	0.479942000967	0.502174963751	0.73368777187	0.666022232963	0.540357660706	0.562107298212	0.537457709038	0.629772837119	0.605606573224	0.674238762687	0.656839052682	0.568390526825	0.573707104882	0.544224262929	0.728371193813	0.674238762687	0.725471242146	0.699855002417	0.660222329628	0.699855002417	0.592073465442	0.589173513775	0.597390043499	0.585306911551	0.582890285162	0.697438376027	0.586273562107	0.694055099082	0.52779120348	0.669888835186
AD7	0.59255679072	0.599323344611	0.961817303045	0.678588690188	0.724987916868	0.535041082649	0.688738521025	0.493475108748	0.484291928468	0.605123247946	0.44900918318	0.653455775737	0.602223296278	0.878202029966	0.651522474625	0.582890285162	0.492025132914	0.468825519575	0.938617689705	0.762687288545	0.566457225713	0.499758337361	0.0	0.30787820203	0.903334944418	0.517641372644	0.412759787337	0.455292411793	0.511841469309	0.558240695988	0.507974867086	0.467858869019	0.492508458192	0.535041082649	0.754954084099	0.690671822136	0.512808119865	0.580473658772	0.552440792653	0.650072498792	0.62493958434	0.711454809087	0.699371677139	0.601256645723	0.570323827936	0.552440792653	0.750120831319	0.687771870469	0.749154180764	0.721121314645	0.678105364911	0.719188013533	0.617206379894	0.61333977767	0.619139681005	0.610439826003	0.597873368777	0.719671338811	0.607056549058	0.710004833253	0.553407443209	0.688738521025
AD8	0.576607056549	0.586273562107	0.954084098598	0.65973900435	0.699855002417	0.512324794587	0.684388593523	0.484775253746	0.482358627356	0.593040115998	0.452875785404	0.628322861286	0.599806669889	0.867568873852	0.652489125181	0.568873852102	0.490091831803	0.462542290962	0.917834702755	0.744804253262	0.56259062349	0.491541807637	0.30787820203	0.0	0.860318994683	0.477042049299	0.398743354277	0.447559207347	0.487675205413	0.529241179314	0.486708554857	0.459642339294	0.503624939584	0.53939101015	0.743354277429	0.676655389077	0.496858385694	0.576123731271	0.539874335428	0.633639439343	0.610439826003	0.712421459642	0.695988400193	0.587723537941	0.561140647656	0.551474142098	0.73368777187	0.676172063799	0.731754470759	0.702754954084	0.666022232963	0.705171580474	0.607539874335	0.599806669889	0.607056549058	0.597390043499	0.591106814886	0.706138231029	0.611406476559	0.690188496858	0.547124214596	0.674722087965
AE7	0.837119381344	0.872402126631	0.853069115515	0.78927017883	0.831319478009	0.886418559691	0.917834702755	0.91203479942	0.885935234413	0.904301594973	0.921701304978	0.850169163847	0.88883518608	0.822136297728	0.897535041083	0.848235862736	0.871435476075	0.873852102465	0.738037699372	0.73852102465	0.816336394393	0.825036249396	0.903334944418	0.860318994683	0.0	0.554857419043	0.867568873852	0.855969067182	0.773320444659	0.764620589657	0.837602706622	0.843402609957	0.896085065249	0.906718221363	0.924601256646	0.90961817303	0.91203479942	0.903334944418	0.915418076365	0.870952150797	0.896568390527	0.882551957467	0.883518608023	0.87046882552	0.938617689705	0.929434509425	0.890285161914	0.900918318028	0.90285161914	0.890768487192	0.90285161914	0.90043499275	0.893668438859	0.889318511358	0.903334944418	0.886418559691	0.90043499275	0.889801836636	0.905268245529	0.910584823586	0.911551474142	0.90285161914
AE8	0.582890285162	0.603673272112	0.903334944418	0.625422909618	0.666505558241	0.572740454326	0.674722087965	0.598840019333	0.573707104882	0.616239729338	0.609956500725	0.609473175447	0.623972933784	0.82165297245	0.676172063799	0.58095698405	0.579990333494	0.579023682939	0.831319478009	0.665538907685	0.582406959884	0.535041082649	0.517641372644	0.477042049299	0.554857419043	0.0	0.55775737071	0.547607539874	0.521991300145	0.498791686805	0.566457225713	0.545674238763	0.588206863219	0.595456742388	0.750120831319	0.686805219913	0.601739971	0.596423392943	0.605606573224	0.628322861286	0.622522957951	0.689221846303	0.674722087965	0.582890285162	0.62493958434	0.622039632673	0.735621072982	0.676172063799	0.737071048816	0.690188496858	0.679072015466	0.719188013533	0.637506041566	0.617689705172	0.633639439343	0.610439826003	0.626872885452	0.704688255196	0.641372643789	0.700338327695	0.595940067666	0.679072015466
AF7	0.556790720155	0.551957467376	0.939101014983	0.65055582407	0.652972450459	0.493958434026	0.688255195747	0.448042532624	0.434509424843	0.585306911551	0.44224262929	0.585306911551	0.550507491542	0.852585790237	0.636056065732	0.552440792653	0.4398260029	0.421459642339	0.889318511358	0.718704688255	0.534074432093	0.399710004833	0.412759787337	0.398743354277	0.867568873852	0.55775737071	0.0	0.320927984534	0.465442242629	0.515708071532	0.481875302078	0.454325761237	0.434992750121	0.478008699855	0.705171580474	0.633639439343	0.462058965684	0.539874335428	0.496858385694	0.615273078782	0.562107298212	0.698888351861	0.670372160464	0.541807636539	0.542774287095	0.511841469309	0.6805219913	0.633156114065	0.695021749638	0.662638956017	0.62735621073	0.661188980184	0.558240695988	0.54857419043	0.555824069599	0.554857419043	0.563073948768	0.656355727405	0.565007249879	0.658289028516	0.494441759304	0.628322861286
AF8	0.557274045433	0.561140647656	0.930884485259	0.639922667956	0.681488641856	0.512808119865	0.681488641856	0.468825519575	0.460125664572	0.579990333494	0.498308361527	0.612373127115	0.573223779604	0.843885935234	0.633156114065	0.54857419043	0.466892218463	0.455775737071	0.874335427743	0.699371677139	0.494925084582	0.362493958434	0.455292411793	0.447559207347	0.855969067182	0.547607539874	0.320927984534	0.0	0.445142580957	0.489125181247	0.501208313195	0.444659255679	0.449975833736	0.494925084582	0.724021266312	0.652972450459	0.48622522958	0.543740937651	0.521024649589	0.605606573224	0.582890285162	0.668438859352	0.648622522958	0.545190913485	0.563557274045	0.53697438376	0.696955050749	0.655389076849	0.713871435476	0.685838569357	0.647655872402	0.678588690188	0.577573707105	0.573707104882	0.581923634606	0.573223779604	0.559690671822	0.674238762687	0.566457225713	0.677622039633	0.50700821653	0.646205896568
AG7	0.591106814886	0.591590140164	0.837602706622	0.564040599323	0.667955534074	0.532141130981	0.685838569357	0.509908168197	0.486708554857	0.582406959884	0.535524407927	0.618173030449	0.601739971	0.757370710488	0.663605606573	0.584340260996	0.521507974867	0.520541324311	0.729821169647	0.554857419043	0.461092315128	0.449492508458	0.511841469309	0.487675205413	0.773320444659	0.521991300145	0.465442242629	0.445142580957	0.0	0.315611406477	0.547124214596	0.510874818753	0.507491541808	0.533591106815	0.739487675205	0.66892218463	0.523441275979	0.553890768487	0.543257612373	0.632672788787	0.605606573224	0.666022232963	0.644755920735	0.557274045433	0.577090381827	0.568873852102	0.738037699372	0.673272112131	0.728371193813	0.699371677139	0.666505558241	0.709521507975	0.609473175447	0.602223296278	0.614306428226	0.598356694055	0.608506524891	0.702271628806	0.625906234896	0.689221846303	0.573707104882	0.669405509908
AG8	0.575640405993	0.599806669889	0.842435959401	0.575640405993	0.675205413243	0.551957467376	0.677138714355	0.565007249879	0.544707588207	0.598356694055	0.587723537941	0.625906234896	0.611406476559	0.755920734654	0.672305461576	0.575157080715	0.572740454326	0.568873852102	0.698405026583	0.527307878202	0.47220879652	0.473175447076	0.558240695988	0.529241179314	0.764620589657	0.498791686805	0.515708071532	0.489125181247	0.315611406477	0.0	0.565007249879	0.535041082649	0.568873852102	0.577090381827	0.757370710488	0.684388593523	0.578540357661	0.576607056549	0.585306911551	0.637989366844	0.614306428226	0.675688738521	0.669405509908	0.58095698405	0.60415659739	0.60415659739	0.753020782987	0.6805219913	0.742387626873	0.710004833253	0.684871918801	0.722571290478	0.626872885452	0.614789753504	0.626389560174	0.614789753504	0.616723054616	0.716288061866	0.637022716288	0.696955050749	0.58337361044	0.681971967134
AH7	0.587240212663	0.63653939101	0.950700821653	0.686805219913	0.701788303528	0.576123731271	0.710971483809	0.539874335428	0.540840985984	0.651522474625	0.533107781537	0.646205896568	0.638472692122	0.878685355244	0.698405026583	0.599806669889	0.517641372644	0.470758820686	0.878685355244	0.734654422426	0.561140647656	0.521507974867	0.507974867086	0.486708554857	0.837602706622	0.566457225713	0.481875302078	0.501208313195	0.547124214596	0.565007249879	0.0	0.322377960367	0.566457225713	0.602223296278	0.782986950217	0.723054615756	0.550507491542	0.634606089899	0.596423392943	0.655872402127	0.65732237796	0.762203963267	0.753987433543	0.645239246013	0.632189463509	0.61333977767	0.754470758821	0.718704688255	0.768003866602	0.723054615756	0.700821652972	0.735621072982	0.62735621073	0.628322861286	0.628322861286	0.625422909618	0.624456259062	0.733204446593	0.640889318511	0.728371193813	0.604639922668	0.720154664089
AH8	0.543257612373	0.577573707105	0.952150797487	0.644272595457	0.647655872402	0.511358144031	0.677138714355	0.481875302078	0.477525374577	0.594490091832	0.493475108748	0.594006766554	0.572740454326	0.866118898018	0.642339294345	0.547124214596	0.395360077332	0.362977283712	0.888351860802	0.734171097148	0.53939101015	0.477042049299	0.467858869019	0.459642339294	0.843402609957	0.545674238763	0.454325761237	0.444659255679	0.510874818753	0.535041082649	0.322377960367	0.0	0.497825036249	0.538424359594	0.748670855486	0.678588690188	0.500724987917	0.579507008217	0.537941034316	0.606089898502	0.599323344611	0.712421459642	0.703238279362	0.595940067666	0.582890285162	0.563557274045	0.696955050749	0.657805703238	0.717738037699	0.673755437409	0.641855969067	0.675688738521	0.565007249879	0.575157080715	0.576123731271	0.562107298212	0.563557274045	0.668438859352	0.579023682939	0.678588690188	0.536007733204	0.658772353794
AA5	0.578057032383	0.499758337361	0.958917351377	0.651522474625	0.596423392943	0.444175930401	0.630256162397	0.388110198163	0.389076848719	0.535041082649	0.431126147898	0.521507974867	0.5186080232	0.869502174964	0.550507491542	0.544224262929	0.427259545674	0.415176413726	0.919284678589	0.762687288545	0.558724021266	0.479942000967	0.492508458192	0.503624939584	0.896085065249	0.588206863219	0.434992750121	0.449975833736	0.507491541808	0.568873852102	0.566457225713	0.497825036249	0.0	0.342194296762	0.672788786854	0.581923634606	0.459642339294	0.463992266796	0.444659255679	0.558240695988	0.492508458192	0.623972933784	0.588690188497	0.473175447076	0.515224746254	0.481875302078	0.681005316578	0.622039632673	0.656355727405	0.629772837119	0.620106331561	0.669405509908	0.515708071532	0.540840985984	0.556307394877	0.529241179314	0.539874335428	0.656355727405	0.54857419043	0.626389560174	0.491058482359	0.617206379894
AA6	0.593523441276	0.530691155147	0.962783953601	0.669405509908	0.639922667956	0.476075398743	0.655872402127	0.448525857902	0.44224262929	0.555340744321	0.493475108748	0.565973900435	0.531657805703	0.871918801353	0.594006766554	0.553890768487	0.479942000967	0.474142097632	0.932334461092	0.771387143548	0.58095698405	0.502174963751	0.535041082649	0.53939101015	0.906718221363	0.595456742388	0.478008699855	0.494925084582	0.533591106815	0.577090381827	0.602223296278	0.538424359594	0.342194296762	0.0	0.680038666022	0.591590140164	0.501691638473	0.498308361527	0.474142097632	0.586273562107	0.521024649589	0.661188980184	0.630739487675	0.517641372644	0.466892218463	0.43064282262	0.695505074915	0.638472692122	0.681005316578	0.653939101015	0.633639439343	0.675205413243	0.535524407927	0.554374093765	0.57177380377	0.545674238763	0.553890768487	0.666988883519	0.562107298212	0.643789270179	0.510874818753	0.633156114065
AB5	0.740937651039	0.672305461576	0.972933784437	0.743837602707	0.616723054616	0.642339294345	0.744804253262	0.669888835186	0.676655389077	0.695505074915	0.663605606573	0.614789753504	0.658772353794	0.895601739971	0.709521507975	0.707588206863	0.705654905752	0.683905268246	0.939101014983	0.805219913001	0.806669888835	0.73368777187	0.754954084099	0.743354277429	0.924601256646	0.750120831319	0.705171580474	0.724021266312	0.739487675205	0.757370710488	0.782986950217	0.748670855486	0.672788786854	0.680038666022	0.0	0.312711454809	0.634606089899	0.667955534074	0.617206379894	0.640889318511	0.610439826003	0.735137747704	0.719671338811	0.651522474625	0.625422909618	0.613823102948	0.612856452392	0.611406476559	0.627839536008	0.601739971	0.622522957951	0.614306428226	0.597873368777	0.598356694055	0.60657322378	0.62735621073	0.679555340744	0.586756887385	0.664088931851	0.594490091832	0.673272112131	0.607056549058
AB6	0.678105364911	0.581440309328	0.966167230546	0.665538907685	0.551474142098	0.564040599323	0.654905751571	0.579023682939	0.601739971	0.600289995167	0.60415659739	0.517158047366	0.595940067666	0.875785403577	0.617689705172	0.631222812953	0.642339294345	0.626389560174	0.929917834703	0.771387143548	0.736587723538	0.666022232963	0.690671822136	0.676655389077	0.90961817303	0.686805219913	0.633639439343	0.652972450459	0.66892218463	0.684388593523	0.723054615756	0.678588690188	0.581923634606	0.591590140164	0.312711454809	0.0	0.577090381827	0.574673755437	0.551474142098	0.551474142098	0.518124697922	0.651522474625	0.634122764621	0.534074432093	0.564040599323	0.546157564041	0.59497341711	0.543740937651	0.580473658772	0.554374093765	0.559690671822	0.582890285162	0.5186080232	0.541807636539	0.549057515708	0.56935717738	0.594490091832	0.557274045433	0.59255679072	0.543257612373	0.620589656839	0.540357660706
AC5	0.594006766554	0.561140647656	0.973417109715	0.669405509908	0.609956500725	0.462058965684	0.671822136298	0.436442725955	0.440309328178	0.573707104882	0.418559690672	0.551957467376	0.533591106815	0.881585306912	0.629772837119	0.572740454326	0.460125664572	0.434509424843	0.94441759304	0.776703721605	0.612856452392	0.540357660706	0.512808119865	0.496858385694	0.91203479942	0.601739971	0.462058965684	0.48622522958	0.523441275979	0.578540357661	0.550507491542	0.500724987917	0.459642339294	0.501691638473	0.634606089899	0.577090381827	0.0	0.456259062349	0.420492991783	0.581923634606	0.519091348478	0.705171580474	0.673755437409	0.541807636539	0.479942000967	0.464475592073	0.612373127115	0.577573707105	0.626872885452	0.591590140164	0.572257129048	0.604639922668	0.500724987917	0.489608506525	0.502658289029	0.491058482359	0.559207346544	0.590623489609	0.56935717738	0.579507008217	0.503624939584	0.566940550991
AC6	0.612856452392	0.513291445143	0.951667472209	0.652005799903	0.594490091832	0.507491541808	0.527307878202	0.471725471242	0.512324794587	0.464475592073	0.542774287095	0.522474625423	0.565490575157	0.854035766071	0.550024166264	0.565490575157	0.552440792653	0.553890768487	0.919284678589	0.753020782987	0.62735621073	0.562107298212	0.580473658772	0.576123731271	0.903334944418	0.596423392943	0.539874335428	0.543740937651	0.553890768487	0.576607056549	0.634606089899	0.579507008217	0.463992266796	0.498308361527	0.667955534074	0.574673755437	0.456259062349	0.0	0.504108264862	0.514258095698	0.514258095698	0.48380860319	0.452392460126	0.425809569841	0.553407443209	0.539874335428	0.685838569357	0.639922667956	0.667472208797	0.642339294345	0.6389560174	0.669888835186	0.572740454326	0.57177380377	0.582890285162	0.564040599323	0.552924117931	0.654905751571	0.570323827936	0.63653939101	0.548090865152	0.637506041566
AD6	0.595456742388	0.532624456259	0.975350410826	0.647172547124	0.572740454326	0.420976317061	0.629772837119	0.440792653456	0.453842435959	0.53020782987	0.435476075399	0.505558240696	0.517641372644	0.878202029966	0.591590140164	0.550507491542	0.484775253746	0.465442242629	0.94441759304	0.78008699855	0.607056549058	0.537457709038	0.552440792653	0.539874335428	0.915418076365	0.605606573224	0.496858385694	0.521024649589	0.543257612373	0.585306911551	0.596423392943	0.537941034316	0.444659255679	0.474142097632	0.617206379894	0.551474142098	0.420492991783	0.504108264862	0.0	0.540357660706	0.415659739004	0.695021749638	0.658772353794	0.526824552924	0.467858869019	0.447559207347	0.595940067666	0.544224262929	0.594490091832	0.543257612373	0.546157564041	0.586756887385	0.465442242629	0.459159014016	0.477525374577	0.478008699855	0.541807636539	0.572257129048	0.540357660706	0.562107298212	0.478008699855	0.546640889319
AE5	0.610439826003	0.514741420976	0.974867085549	0.6389560174	0.56259062349	0.553407443209	0.582890285162	0.558240695988	0.600773320445	0.523924601257	0.617206379894	0.498791686805	0.564523924601	0.876752054132	0.552440792653	0.561140647656	0.602223296278	0.601739971	0.920251329145	0.759787336878	0.707104881585	0.629772837119	0.650072498792	0.633639439343	0.870952150797	0.628322861286	0.615273078782	0.605606573224	0.632672788787	0.637989366844	0.655872402127	0.606089898502	0.558240695988	0.586273562107	0.640889318511	0.551474142098	0.581923634606	0.514258095698	0.540357660706	0.0	0.356210729821	0.598356694055	0.575157080715	0.511841469309	0.631222812953	0.625906234896	0.655389076849	0.610923151281	0.633156114065	0.60657322378	0.613823102948	0.654422426293	0.522957950701	0.551474142098	0.585306911551	0.553890768487	0.531657805703	0.631706138231	0.55099081682	0.615273078782	0.571290478492	0.605606573224
AE6	0.606089898502	0.491541807637	0.972933784437	0.625906234896	0.559207346544	0.478492025133	0.577573707105	0.48622522958	0.531174480425	0.505558240696	0.537457709038	0.496375060416	0.511358144031	0.872885451909	0.563073948768	0.542290961817	0.555340744321	0.53697438376	0.93281778637	0.761237312711	0.68293861769	0.605606573224	0.62493958434	0.610439826003	0.896568390527	0.622522957951	0.562107298212	0.582890285162	0.605606573224	0.614306428226	0.65732237796	0.599323344611	0.492508458192	0.521024649589	0.610439826003	0.518124697922	0.519091348478	0.514258095698	0.415659739004	0.356210729821	0.0	0.640889318511	0.609473175447	0.499275012083	0.56259062349	0.552924117931	0.619139681005	0.566457225713	0.598356694055	0.567907201547	0.572740454326	0.610439826003	0.480425326245	0.485741904302	0.518124697922	0.49540840986	0.517641372644	0.592073465442	0.536007733204	0.568390526825	0.521024649589	0.567907201547
AF5	0.701788303528	0.619139681005	0.939584340261	0.669405509908	0.654422426293	0.671822136298	0.544224262929	0.6389560174	0.681005316578	0.579023682939	0.713388110198	0.609956500725	0.675205413243	0.851135814403	0.592073465442	0.664572257129	0.712421459642	0.716771387144	0.870952150797	0.725954567424	0.713871435476	0.674238762687	0.711454809087	0.712421459642	0.882551957467	0.689221846303	0.698888351861	0.668438859352	0.666022232963	0.675688738521	0.762203963267	0.712421459642	0.623972933784	0.661188980184	0.735137747704	0.651522474625	0.705171580474	0.48380860319	0.695021749638	0.598356694055	0.640889318511	0.0	0.276462058966	0.532141130981	0.718704688255	0.71290478492	0.753504108265	0.712421459642	0.737071048816	0.707588206863	0.729821169647	0.747220879652	0.681488641856	0.707588206863	0.723537941034	0.704688255196	0.664572257129	0.729821169647	0.665538907685	0.699855002417	0.709521507975	0.709038182697
AF6	0.69453842436	0.591106814886	0.939101014983	0.670372160464	0.644272595457	0.647172547124	0.534557757371	0.607539874335	0.647655872402	0.552440792653	0.682455292412	0.587723537941	0.645239246013	0.847752537458	0.577090381827	0.656355727405	0.691638472692	0.691638472692	0.884968583857	0.73368777187	0.707588206863	0.656839052682	0.699371677139	0.695988400193	0.883518608023	0.674722087965	0.670372160464	0.648622522958	0.644755920735	0.669405509908	0.753987433543	0.703238279362	0.588690188497	0.630739487675	0.719671338811	0.634122764621	0.673755437409	0.452392460126	0.658772353794	0.575157080715	0.609473175447	0.276462058966	0.0	0.505074915418	0.685838569357	0.681005316578	0.73852102465	0.699855002417	0.721121314645	0.691155147414	0.698405026583	0.733204446593	0.658289028516	0.6805219913	0.693088448526	0.681971967134	0.63653939101	0.714838086032	0.638472692122	0.688255195747	0.681005316578	0.695021749638
