	AA3	AA4	AB3	AB4	AC3	AC4	AD3	AD4	AE3	AE4	AF3	AF4	AG3	AG4	AH3	AH4	AA7	AA8	AB7	AB8	AC7	AC8	AD7	AD8	AE7	AE8	AF7	AF8	AG7	AG8	AH7	AH8	AA5	AA6	AB5	AB6	AC5	AC6	AD6	AE5	AE6	AF5	AF6	AG5	AH5	AH6	AA1	AA2	AB1	AB2	AC1	AC2	AD1	AD2	AE1	AE2	AF1	AF2	AG1	AG2	AH1	AH2
AA3	0.0	0.503624939584	0.939101014983	0.644272595457	0.65732237796	0.601256645723	0.677622039633	0.599323344611	0.580473658772	0.63653939101	0.630739487675	0.608506524891	0.590140164331	0.849685838569	0.652005799903	0.347994200097	0.572740454326	0.577090381827	0.854519091348	0.71532141131	0.623006283229	0.579990333494	0.607056549058	0.600773320445	0.826002899952	0.601739971	0.573707104882	0.572740454326	0.589173513775	0.579507008217	0.597390043499	0.574190430159	0.599806669889	0.600289995167	0.759787336878	0.70130497825	0.61575640406	0.632672788787	0.622522957951	0.632672788787	0.617689705172	0.713871435476	0.694055099082	0.620106331561	0.640889318511	0.634606089899	0.68293861769	0.657805703238	0.72450459159	0.677622039633	0.641372643789	0.661188980184	0.577573707105	0.561623972934	0.573223779604	0.564040599323	0.580473658772	0.652005799903	0.583856935718	0.666505558241	0.59255679072	0.644272595457
AA4	0.503624939584	0.0	0.95360077332	0.585790236829	0.573223779604	0.511841469309	0.600773320445	0.514741420976	0.515224746254	0.529241179314	0.578057032383	0.533591106815	0.499758337361	0.853069115515	0.362493958434	0.365877235379	0.553890768487	0.556307394877	0.898018366361	0.744804253262	0.666505558241	0.585790236829	0.586273562107	0.58095698405	0.884968583857	0.637022716288	0.561140647656	0.552440792653	0.605123247946	0.617689705172	0.644755920735	0.573707104882	0.521507974867	0.538907684872	0.669405509908	0.608989850169	0.576123731271	0.528274528758	0.556790720155	0.536491058482	0.509424842919	0.619139681005	0.594006766554	0.526341227646	0.588206863219	0.584340260996	0.652489125181	0.601256645723	0.64813919768	0.618656355727	0.605606573224	0.628322861286	0.541324311261	0.532141130981	0.526824552924	0.528274528758	0.504108264862	0.626389560174	0.517641372644	0.587723537941	0.546157564041	0.579023682939
AB3	0.939101014983	0.95360077332	0.0	0.693088448526	0.918801353311	0.960850652489	0.964233929435	0.945867568874	0.932334461092	0.956500724988	0.972450459159	0.938617689705	0.971000483325	0.350410826486	0.961817303045	0.949250845819	0.975833736104	0.975833736104	0.739971000483	0.763653939101	0.885935234413	0.915418076365	0.959400676655	0.952150797487	0.850652489125	0.897051715805	0.948284195263	0.939101014983	0.84726921218	0.845335911068	0.95360077332	0.956500724988	0.961817303045	0.966650555824	0.975350410826	0.967133881102	0.978733687772	0.961333977767	0.978733687772	0.97921701305	0.978733687772	0.941517641373	0.943450942484	0.95360077332	0.980183663606	0.976317061382	0.97921701305	0.977283711938	0.974383760271	0.978250362494	0.975350410826	0.975833736104	0.97921701305	0.979700338328	0.982116964717	0.97921701305	0.977767037216	0.975350410826	0.97680038666	0.97921701305	0.977283711938	0.976317061382
AB4	0.644272595457	0.585790236829	0.693088448526	0.0	0.628806186564	0.618173030449	0.695988400193	0.620106331561	0.618173030449	0.641372643789	0.649589173514	0.615273078782	0.475592073465	0.567907201547	0.603189946834	0.599806669889	0.644755920735	0.643305944901	0.717738037699	0.574673755437	0.655389076849	0.626389560174	0.667955534074	0.653455775737	0.788303528275	0.636056065732	0.657805703238	0.644272595457	0.565007249879	0.584823586274	0.686321894635	0.643789270179	0.649105848236	0.662155630739	0.729337844369	0.682455292412	0.65732237796	0.64813919768	0.6389560174	0.646689221846	0.632189463509	0.663122281295	0.652489125181	0.632189463509	0.69212179797	0.674722087965	0.699371677139	0.664572257129	0.705171580474	0.689221846303	0.664572257129	0.670855485742	0.643305944901	0.65055582407	0.652489125181	0.647172547124	0.646689221846	0.674238762687	0.65055582407	0.664088931851	0.652489125181	0.657805703238
AC3	0.65732237796	0.573223779604	0.918801353311	0.628806186564	0.0	0.454325761237	0.654905751571	0.540357660706	0.553890768487	0.588690188497	0.597873368777	0.323344610923	0.594006766554	0.829386176897	0.590623489609	0.585790236829	0.60657322378	0.603189946834	0.866602223296	0.742870952151	0.707104881585	0.661672305462	0.705654905752	0.683421942968	0.836636056066	0.677138714355	0.644755920735	0.665055582407	0.659255679072	0.674722087965	0.700338327695	0.643305944901	0.594490091832	0.628322861286	0.610439826003	0.570807153214	0.596423392943	0.58337361044	0.563073948768	0.549540840986	0.552440792653	0.649589173514	0.646205896568	0.558724021266	0.609473175447	0.606089898502	0.592073465442	0.568390526825	0.567423876269	0.568390526825	0.589656839053	0.575157080715	0.522474625423	0.552924117931	0.560657322378	0.556790720155	0.602223296278	0.581440309328	0.605123247946	0.564040599323	0.610923151281	0.563073948768
AC4	0.601256645723	0.511841469309	0.960850652489	0.618173030449	0.454325761237	0.0	0.615273078782	0.396810053166	0.412276462059	0.508458192363	0.350410826486	0.378443692605	0.507974867086	0.862252295795	0.561623972934	0.521507974867	0.468342194297	0.459642339294	0.918318028033	0.760753987434	0.597873368777	0.532624456259	0.533107781537	0.512324794587	0.880618656356	0.585790236829	0.491541807637	0.513291445143	0.536491058482	0.577573707105	0.566457225713	0.49540840986	0.461575640406	0.47462542291	0.644272595457	0.565973900435	0.463508941518	0.497825036249	0.431126147898	0.541324311261	0.463508941518	0.664572257129	0.641372643789	0.511358144031	0.496375060416	0.480425326245	0.632672788787	0.58337361044	0.598840019333	0.585306911551	0.578057032383	0.595456742388	0.49540840986	0.50700821653	0.515708071532	0.50700821653	0.544224262929	0.596423392943	0.545674238763	0.565973900435	0.487191880135	0.567423876269
AD3	0.677622039633	0.600773320445	0.964233929435	0.695988400193	0.654905751571	0.615273078782	0.0	0.540357660706	0.635572740454	0.359110681489	0.670372160464	0.623972933784	0.647172547124	0.873368777187	0.576607056549	0.642822619623	0.675688738521	0.681488641856	0.937167713871	0.781536974384	0.710004833253	0.685355244079	0.691638472692	0.693571773804	0.916868052199	0.68970517158	0.686321894635	0.689221846303	0.688255195747	0.686321894635	0.713388110198	0.681005316578	0.622039632673	0.652489125181	0.736587723538	0.672788786854	0.662638956017	0.524407926535	0.622039632673	0.56935717738	0.583856935718	0.55775737071	0.53697438376	0.542290961817	0.688738521025	0.681005316578	0.77090381827	0.722087965201	0.746254229096	0.730787820203	0.713871435476	0.732721121315	0.666988883519	0.65055582407	0.667955534074	0.665055582407	0.637989366844	0.728854519091	0.647172547124	0.711938134364	0.684388593523	0.711938134364
AD4	0.599323344611	0.514741420976	0.945867568874	0.620106331561	0.540357660706	0.396810053166	0.540357660706	0.0	0.318511358144	0.417109714838	0.431609473175	0.48380860319	0.522957950701	0.852585790237	0.559207346544	0.518124697922	0.459642339294	0.458675688739	0.929917834703	0.76848719188	0.578057032383	0.511358144031	0.50459159014	0.493958434026	0.895601739971	0.596906718221	0.457709038183	0.479942000967	0.50459159014	0.566940550991	0.552440792653	0.48380860319	0.426292895118	0.454325761237	0.654422426293	0.575157080715	0.438859352344	0.483325277912	0.4398260029	0.563073948768	0.475592073465	0.64572257129	0.619139681005	0.494925084582	0.48380860319	0.466408893185	0.661188980184	0.605123247946	0.635089415176	0.627839536008	0.600773320445	0.626872885452	0.507491541808	0.501208313195	0.52537457709	0.513291445143	0.534557757371	0.625422909618	0.539874335428	0.607539874335	0.509908168197	0.594006766554
AE3	0.580473658772	0.515224746254	0.932334461092	0.618173030449	0.553890768487	0.412276462059	0.635572740454	0.318511358144	0.0	0.502174963751	0.405509908168	0.507974867086	0.516674722088	0.844369260512	0.564040599323	0.510874818753	0.445625906235	0.445625906235	0.914934751087	0.75688738521	0.558240695988	0.491058482359	0.473175447076	0.4813919768	0.883035282745	0.592073465442	0.437892701788	0.449975833736	0.48622522958	0.551474142098	0.539874335428	0.466408893185	0.405993233446	0.456259062349	0.673755437409	0.600289995167	0.433542774287	0.512808119865	0.454325761237	0.602223296278	0.513291445143	0.681488641856	0.652489125181	0.519091348478	0.487191880135	0.470275495408	0.664572257129	0.614306428226	0.649105848236	0.637022716288	0.601739971	0.632672788787	0.5186080232	0.524407926535	0.539874335428	0.521991300145	0.547124214596	0.634606089899	0.560657322378	0.61333977767	0.499758337361	0.595940067666
AE4	0.63653939101	0.529241179314	0.956500724988	0.641372643789	0.588690188497	0.508458192363	0.359110681489	0.417109714838	0.502174963751	0.0	0.568390526825	0.553890768487	0.579507008217	0.864668922185	0.533107781537	0.563073948768	0.56935717738	0.576607056549	0.937651039149	0.778637022716	0.646205896568	0.59255679072	0.585306911551	0.577090381827	0.912518124698	0.622522957951	0.577090381827	0.569840502658	0.578057032383	0.600289995167	0.636056065732	0.575157080715	0.517158047366	0.543740937651	0.698405026583	0.62735621073	0.565973900435	0.447075882069	0.529241179314	0.527307878202	0.519574673755	0.566940550991	0.540840985984	0.498791686805	0.587723537941	0.580473658772	0.713871435476	0.661188980184	0.702271628806	0.691638472692	0.659255679072	0.675205413243	0.594006766554	0.582406959884	0.597873368777	0.595940067666	0.570807153214	0.676172063799	0.586756887385	0.669405509908	0.591106814886	0.64572257129
AF3	0.630739487675	0.578057032383	0.972450459159	0.649589173514	0.597873368777	0.350410826486	0.670372160464	0.431609473175	0.405509908168	0.568390526825	0.0	0.510391493475	0.541324311261	0.882551957467	0.616723054616	0.573707104882	0.446592556791	0.45142580957	0.95360077332	0.796036732721	0.607056549058	0.5601739971	0.449975833736	0.458192363461	0.9212179797	0.625906234896	0.456259062349	0.506041565974	0.541324311261	0.608989850169	0.535524407927	0.493958434026	0.442725954567	0.49540840986	0.675205413243	0.610439826003	0.400676655389	0.543740937651	0.457225712905	0.624456259062	0.534557757371	0.714354760754	0.690188496858	0.561623972934	0.501691638473	0.476558724021	0.663122281295	0.61333977767	0.661672305462	0.629289511841	0.606089898502	0.629289511841	0.53697438376	0.531174480425	0.537457709038	0.529724504592	0.586273562107	0.630739487675	0.589656839053	0.608023199613	0.520541324311	0.595456742388
AF4	0.608506524891	0.533591106815	0.938617689705	0.615273078782	0.323344610923	0.378443692605	0.623972933784	0.48380860319	0.507974867086	0.553890768487	0.510391493475	0.0	0.554374093765	0.848235862736	0.557274045433	0.536491058482	0.550024166264	0.547124214596	0.887868535524	0.73852102465	0.683421942968	0.620106331561	0.646205896568	0.622039632673	0.854519091348	0.640889318511	0.588690188497	0.612373127115	0.62493958434	0.643305944901	0.65055582407	0.587240212663	0.540357660706	0.576607056549	0.620106331561	0.53697438376	0.545190913485	0.542290961817	0.507974867086	0.527307878202	0.517641372644	0.626872885452	0.617206379894	0.515708071532	0.567907201547	0.559690671822	0.595456742388	0.545190913485	0.570323827936	0.559207346544	0.544224262929	0.5601739971	0.480908651522	0.517158047366	0.521991300145	0.512808119865	0.563073948768	0.564040599323	0.559690671822	0.535524407927	0.552924117931	0.524407926535
AG3	0.590140164331	0.499758337361	0.971000483325	0.475592073465	0.594006766554	0.507974867086	0.647172547124	0.522957950701	0.516674722088	0.579507008217	0.541324311261	0.554374093765	0.0	0.846302561624	0.535041082649	0.510874818753	0.502174963751	0.494925084582	0.921701304978	0.761237312711	0.669888835186	0.598840019333	0.597390043499	0.593523441276	0.878202029966	0.62735621073	0.552924117931	0.575640405993	0.612373127115	0.625906234896	0.626872885452	0.540840985984	0.531174480425	0.540357660706	0.670855485742	0.620589656839	0.540840985984	0.55099081682	0.528757854036	0.575157080715	0.516674722088	0.677138714355	0.646689221846	0.546640889319	0.570323827936	0.565490575157	0.618173030449	0.589173513775	0.632672788787	0.612856452392	0.578057032383	0.592073465442	0.521991300145	0.515708071532	0.523924601257	0.523441275979	0.529724504592	0.60657322378	0.551957467376	0.591106814886	0.501208313195	0.564040599323
AG4	0.849685838569	0.853069115515	0.350410826486	0.567907201547	0.829386176897	0.862252295795	0.873368777187	0.852585790237	0.844369260512	0.864668922185	0.882551957467	0.848235862736	0.846302561624	0.0	0.864185596907	0.854035766071	0.886901884969	0.887385210246	0.718221362977	0.679072015466	0.806669888835	0.827452875785	0.878685355244	0.869985500242	0.819719671339	0.81246979217	0.864185596907	0.855002416626	0.762687288545	0.761720637989	0.875302078299	0.86563557274	0.872885451909	0.875302078299	0.892218463026	0.8796520058	0.883518608023	0.867085548574	0.884968583857	0.881585306912	0.8796520058	0.853552440793	0.854035766071	0.866118898018	0.894635089415	0.887385210246	0.886418559691	0.887868535524	0.882551957467	0.884001933301	0.890768487192	0.882068632189	0.885935234413	0.881585306912	0.894635089415	0.884485258579	0.886418559691	0.885935234413	0.884001933301	0.882551957467	0.889801836636	0.884968583857
AH3	0.652005799903	0.362493958434	0.961817303045	0.603189946834	0.590623489609	0.561623972934	0.576607056549	0.559207346544	0.564040599323	0.533107781537	0.616723054616	0.557274045433	0.535041082649	0.864185596907	0.0	0.503624939584	0.589173513775	0.593523441276	0.91445142581	0.762687288545	0.706138231029	0.626872885452	0.632189463509	0.633639439343	0.898985016916	0.681005316578	0.631222812953	0.622039632673	0.654905751571	0.66892218463	0.687771870469	0.624456259062	0.546640889319	0.587240212663	0.699371677139	0.638472692122	0.620106331561	0.538424359594	0.598356694055	0.548090865152	0.561140647656	0.589656839053	0.563073948768	0.547607539874	0.642339294345	0.631706138231	0.699855002417	0.628322861286	0.666505558241	0.658289028516	0.637506041566	0.657805703238	0.590140164331	0.597873368777	0.592073465442	0.586273562107	0.556790720155	0.655389076849	0.564040599323	0.623489608507	0.591590140164	0.616239729338
AH4	0.347994200097	0.365877235379	0.949250845819	0.599806669889	0.585790236829	0.521507974867	0.642822619623	0.518124697922	0.510874818753	0.563073948768	0.573707104882	0.536491058482	0.510874818753	0.854035766071	0.503624939584	0.0	0.51619139681	0.522957950701	0.880135331078	0.732237796037	0.63653939101	0.562107298212	0.570807153214	0.565007249879	0.855485741904	0.615273078782	0.538907684872	0.532624456259	0.581923634606	0.601256645723	0.601256645723	0.532624456259	0.531174480425	0.535041082649	0.700338327695	0.634606089899	0.567907201547	0.568390526825	0.550024166264	0.573707104882	0.544707588207	0.664572257129	0.636056065732	0.551957467376	0.586756887385	0.58095698405	0.648622522958	0.605123247946	0.65973900435	0.62735621073	0.602706621556	0.619623006283	0.529241179314	0.51619139681	0.530691155147	0.517158047366	0.49540840986	0.617689705172	0.507491541808	0.604639922668	0.528757854036	0.589656839053
AA7	0.572740454326	0.553890768487	0.975833736104	0.644755920735	0.60657322378	0.468342194297	0.675688738521	0.459642339294	0.445625906235	0.56935717738	0.446592556791	0.550024166264	0.502174963751	0.886901884969	0.589173513775	0.51619139681	0.0	0.268728854519	0.910584823586	0.772353794103	0.59255679072	0.511358144031	0.487191880135	0.483325277912	0.869502174964	0.598840019333	0.44224262929	0.476558724021	0.530691155147	0.585306911551	0.514741420976	0.397293378444	0.430159497342	0.470758820686	0.707588206863	0.652005799903	0.466408893185	0.554857419043	0.4813919768	0.60657322378	0.535041082649	0.708071532141	0.682455292412	0.573223779604	0.520541324311	0.507974867086	0.651522474625	0.611406476559	0.663122281295	0.649105848236	0.590140164331	0.614789753504	0.499275012083	0.505074915418	0.522474625423	0.50700821653	0.528274528758	0.609956500725	0.536491058482	0.621072982117	0.487191880135	0.593040115998
AA8	0.577090381827	0.556307394877	0.975833736104	0.643305944901	0.603189946834	0.459642339294	0.681488641856	0.458675688739	0.445625906235	0.576607056549	0.45142580957	0.547124214596	0.494925084582	0.887385210246	0.593523441276	0.522957950701	0.268728854519	0.0	0.910101498308	0.77090381827	0.587723537941	0.506524891252	0.497341710971	0.490091831803	0.863702271629	0.588690188497	0.453842435959	0.47462542291	0.524407926535	0.586756887385	0.493475108748	0.365393910101	0.428709521508	0.477042049299	0.710971483809	0.655389076849	0.471242145964	0.55775737071	0.478492025133	0.611406476559	0.537941034316	0.715804736588	0.686321894635	0.574190430159	0.516674722088	0.507491541808	0.642339294345	0.60657322378	0.661672305462	0.643305944901	0.586756887385	0.608023199613	0.500241662639	0.501208313195	0.518124697922	0.500241662639	0.532141130981	0.606089898502	0.542290961817	0.618173030449	0.489125181247	0.584340260996
AB7	0.854519091348	0.898018366361	0.739971000483	0.717738037699	0.866602223296	0.918318028033	0.937167713871	0.929917834703	0.914934751087	0.937651039149	0.95360077332	0.887868535524	0.921701304978	0.718221362977	0.91445142581	0.880135331078	0.910584823586	0.910101498308	0.0	0.413726437893	0.81246979217	0.834702754954	0.935717738038	0.924601256646	0.730304494925	0.820202996617	0.891735137748	0.883518608023	0.748670855486	0.708554857419	0.880135331078	0.889318511358	0.922184630256	0.930401159981	0.938617689705	0.931851135814	0.942967617206	0.911551474142	0.947317544708	0.931367810536	0.933784436926	0.883518608023	0.883518608023	0.907684871919	0.955050749154	0.955050749154	0.919284678589	0.9212179797	0.927984533591	0.926051232479	0.925567907202	0.913968100532	0.908168197197	0.905268245529	0.911551474142	0.904301594973	0.917834702755	0.908168197197	0.91445142581	0.924601256646	0.945867568874	0.918801353311
AB8	0.71532141131	0.744804253262	0.763653939101	0.574673755437	0.742870952151	0.760753987434	0.781536974384	0.76848719188	0.75688738521	0.778637022716	0.796036732721	0.73852102465	0.761237312711	0.679072015466	0.762687288545	0.732237796037	0.772353794103	0.77090381827	0.413726437893	0.0	0.660705654906	0.680038666022	0.770420492992	0.751087481875	0.730304494925	0.660222329628	0.725954567424	0.711454809087	0.556790720155	0.522957950701	0.741904301595	0.741420976317	0.768970517158	0.775737071049	0.811503141614	0.778637022716	0.784436926051	0.755437409377	0.784436926051	0.767520541324	0.768970517158	0.744804253262	0.739487675205	0.748187530208	0.801836636056	0.797970033833	0.811019816336	0.775737071049	0.796520057999	0.776220396327	0.787820202997	0.776703721605	0.773320444659	0.763653939101	0.773320444659	0.768003866602	0.762203963267	0.768003866602	0.763170613823	0.770420492992	0.787820202997	0.771870468826
AC7	0.623006283229	0.666505558241	0.885935234413	0.655389076849	0.707104881585	0.597873368777	0.710004833253	0.578057032383	0.558240695988	0.646205896568	0.607056549058	0.683421942968	0.669888835186	0.806669888835	0.706138231029	0.63653939101	0.59255679072	0.587723537941	0.81246979217	0.660705654906	0.0	0.355244079265	0.581440309328	0.577573707105	0.814403093282	0.593523441276	0.544224262929	0.515708071532	0.475592073465	0.48622522958	0.572740454326	0.552924117931	0.565973900435	0.581440309328	0.81246979217	0.744320927985	0.621072982117	0.641372643789	0.615273078782	0.719188013533	0.665055582407	0.718704688255	0.696955050749	0.647172547124	0.613823102948	0.60415659739	0.813436442726	0.771870468826	0.808603189947	0.794586756887	0.750120831319	0.778153697438	0.681005316578	0.666988883519	0.684388593523	0.673755437409	0.67133881102	0.778637022716	0.678105364911	0.771387143548	0.622039632673	0.751570807153
AC8	0.579990333494	0.585790236829	0.915418076365	0.626389560174	0.661672305462	0.532624456259	0.685355244079	0.511358144031	0.491058482359	0.59255679072	0.5601739971	0.620106331561	0.598840019333	0.827452875785	0.626872885452	0.562107298212	0.511358144031	0.506524891252	0.834702754954	0.680038666022	0.355244079265	0.0	0.513291445143	0.506041565974	0.839052682455	0.558724021266	0.411793136781	0.383760270662	0.446592556791	0.478975350411	0.536007733204	0.476075398743	0.492508458192	0.50459159014	0.743837602707	0.679072015466	0.551957467376	0.579990333494	0.551474142098	0.648622522958	0.590623489609	0.674238762687	0.651039149348	0.584823586274	0.555340744321	0.55099081682	0.73852102465	0.690671822136	0.739487675205	0.727404543258	0.673272112131	0.696955050749	0.603189946834	0.590623489609	0.609956500725	0.598356694055	0.585790236829	0.699371677139	0.601256645723	0.702754954084	0.545190913485	0.670855485742
AD7	0.607056549058	0.586273562107	0.959400676655	0.667955534074	0.705654905752	0.533107781537	0.691638472692	0.50459159014	0.473175447076	0.585306911551	0.449975833736	0.646205896568	0.597390043499	0.878685355244	0.632189463509	0.570807153214	0.487191880135	0.497341710971	0.935717738038	0.770420492992	0.581440309328	0.513291445143	0.0	0.304011599807	0.899951667472	0.526824552924	0.431126147898	0.459642339294	0.506524891252	0.566940550991	0.502658289029	0.464475592073	0.476558724021	0.521507974867	0.748670855486	0.677622039633	0.488158530691	0.589656839053	0.550507491542	0.652005799903	0.601256645723	0.716771387144	0.681971967134	0.605606573224	0.549057515708	0.542290961817	0.740937651039	0.686805219913	0.742387626873	0.723054615756	0.675205413243	0.698405026583	0.609956500725	0.59497341711	0.608506524891	0.608023199613	0.584340260996	0.696955050749	0.599323344611	0.698405026583	0.559690671822	0.668438859352
AD8	0.600773320445	0.58095698405	0.952150797487	0.653455775737	0.683421942968	0.512324794587	0.693571773804	0.493958434026	0.4813919768	0.577090381827	0.458192363461	0.622039632673	0.593523441276	0.869985500242	0.633639439343	0.565007249879	0.483325277912	0.490091831803	0.924601256646	0.751087481875	0.577573707105	0.506041565974	0.304011599807	0.0	0.852102464959	0.485258579024	0.417109714838	0.446592556791	0.48380860319	0.543740937651	0.488158530691	0.454809086515	0.494441759304	0.521024649589	0.740937651039	0.673755437409	0.478492025133	0.579507008217	0.540840985984	0.638472692122	0.585790236829	0.713871435476	0.68293861769	0.589173513775	0.549057515708	0.540840985984	0.734171097148	0.685838569357	0.73368777187	0.713871435476	0.667472208797	0.693088448526	0.60657322378	0.593523441276	0.596906718221	0.603189946834	0.592073465442	0.691155147414	0.601739971	0.68970517158	0.556307394877	0.662638956017
AE7	0.826002899952	0.884968583857	0.850652489125	0.788303528275	0.836636056066	0.880618656356	0.916868052199	0.895601739971	0.883035282745	0.912518124698	0.9212179797	0.854519091348	0.878202029966	0.819719671339	0.898985016916	0.855485741904	0.869502174964	0.863702271629	0.730304494925	0.730304494925	0.814403093282	0.839052682455	0.899951667472	0.852102464959	0.0	0.552924117931	0.870952150797	0.862735621073	0.758337361044	0.756404059932	0.837602706622	0.841952634123	0.896085065249	0.909134847753	0.926051232479	0.920251329145	0.915901401643	0.904301594973	0.918801353311	0.886901884969	0.895118414693	0.883035282745	0.879168680522	0.879168680522	0.931367810536	0.927984533591	0.894151764137	0.894151764137	0.904301594973	0.893668438859	0.902368293862	0.895601739971	0.887868535524	0.894635089415	0.901401643306	0.886418559691	0.899468342194	0.894151764137	0.894635089415	0.894151764137	0.913001449976	0.896085065249
AE8	0.601739971	0.637022716288	0.897051715805	0.636056065732	0.677138714355	0.585790236829	0.68970517158	0.596906718221	0.592073465442	0.622522957951	0.625906234896	0.640889318511	0.62735621073	0.81246979217	0.681005316578	0.615273078782	0.598840019333	0.588690188497	0.820202996617	0.660222329628	0.593523441276	0.558724021266	0.526824552924	0.485258579024	0.552924117931	0.0	0.585306911551	0.577573707105	0.523441275979	0.519574673755	0.58337361044	0.564040599323	0.611406476559	0.617689705172	0.761720637989	0.707104881585	0.629289511841	0.612373127115	0.629289511841	0.655872402127	0.622522957951	0.693571773804	0.669888835186	0.630256162397	0.638472692122	0.633156114065	0.745770903818	0.70372160464	0.753020782987	0.716288061866	0.697921701305	0.723054615756	0.653455775737	0.638472692122	0.650072498792	0.646205896568	0.649589173514	0.719188013533	0.663605606573	0.699371677139	0.619139681005	0.690188496858
AF7	0.573707104882	0.561140647656	0.948284195263	0.657805703238	0.644755920735	0.491541807637	0.686321894635	0.457709038183	0.437892701788	0.577090381827	0.456259062349	0.588690188497	0.552924117931	0.864185596907	0.631222812953	0.538907684872	0.44224262929	0.453842435959	0.891735137748	0.725954567424	0.544224262929	0.411793136781	0.431126147898	0.417109714838	0.870952150797	0.585306911551	0.0	0.323344610923	0.480908651522	0.529724504592	0.486708554857	0.44224262929	0.432092798453	0.473658772354	0.698888351861	0.640405993233	0.444659255679	0.541807636539	0.50459159014	0.612373127115	0.546640889319	0.689221846303	0.660705654906	0.55099081682	0.513291445143	0.50459159014	0.670855485742	0.633639439343	0.686321894635	0.666988883519	0.612856452392	0.637022716288	0.549540840986	0.539874335428	0.552440792653	0.545190913485	0.556307394877	0.628806186564	0.565007249879	0.647655872402	0.492025132914	0.608023199613
AF8	0.572740454326	0.552440792653	0.939101014983	0.644272595457	0.665055582407	0.513291445143	0.689221846303	0.479942000967	0.449975833736	0.569840502658	0.506041565974	0.612373127115	0.575640405993	0.855002416626	0.622039632673	0.532624456259	0.476558724021	0.47462542291	0.883518608023	0.711454809087	0.515708071532	0.383760270662	0.459642339294	0.446592556791	0.862735621073	0.577573707105	0.323344610923	0.0	0.453842435959	0.501691638473	0.522957950701	0.447075882069	0.4398260029	0.488158530691	0.72450459159	0.662155630739	0.494441759304	0.555824069599	0.525857902368	0.613823102948	0.565973900435	0.676172063799	0.646205896568	0.551474142098	0.542774287095	0.52779120348	0.699371677139	0.655389076849	0.711938134364	0.69212179797	0.641855969067	0.663605606573	0.570323827936	0.5601739971	0.572740454326	0.570807153214	0.554857419043	0.655389076849	0.564040599323	0.669405509908	0.5186080232	0.628806186564
AG7	0.589173513775	0.605123247946	0.84726921218	0.565007249879	0.659255679072	0.536491058482	0.688255195747	0.50459159014	0.48622522958	0.578057032383	0.541324311261	0.62493958434	0.612373127115	0.762687288545	0.654905751571	0.581923634606	0.530691155147	0.524407926535	0.748670855486	0.556790720155	0.475592073465	0.446592556791	0.506524891252	0.48380860319	0.758337361044	0.523441275979	0.480908651522	0.453842435959	0.0	0.317544707588	0.544707588207	0.498791686805	0.510874818753	0.545674238763	0.750604156597	0.6805219913	0.526341227646	0.58095698405	0.556790720155	0.6389560174	0.598840019333	0.674722087965	0.644272595457	0.575157080715	0.582890285162	0.567907201547	0.744320927985	0.691638472692	0.738037699372	0.719671338811	0.670372160464	0.702754954084	0.616723054616	0.617206379894	0.62493958434	0.618656355727	0.623489608507	0.703238279362	0.635089415176	0.695021749638	0.589656839053	0.670855485742
AG8	0.579507008217	0.617689705172	0.845335911068	0.584823586274	0.674722087965	0.577573707105	0.686321894635	0.566940550991	0.551474142098	0.600289995167	0.608989850169	0.643305944901	0.625906234896	0.761720637989	0.66892218463	0.601256645723	0.585306911551	0.586756887385	0.708554857419	0.522957950701	0.48622522958	0.478975350411	0.566940550991	0.543740937651	0.756404059932	0.519574673755	0.529724504592	0.501691638473	0.317544707588	0.0	0.564523924601	0.553890768487	0.56935717738	0.582406959884	0.768003866602	0.703238279362	0.590623489609	0.600289995167	0.591590140164	0.655389076849	0.610439826003	0.688738521025	0.666988883519	0.601739971	0.608023199613	0.601256645723	0.767037216046	0.710971483809	0.753987433543	0.739971000483	0.695988400193	0.722087965201	0.633639439343	0.628322861286	0.633156114065	0.634606089899	0.62735621073	0.720637989367	0.646689221846	0.717254712421	0.598840019333	0.687771870469
AH7	0.597390043499	0.644755920735	0.95360077332	0.686321894635	0.700338327695	0.566457225713	0.713388110198	0.552440792653	0.539874335428	0.636056065732	0.535524407927	0.65055582407	0.626872885452	0.875302078299	0.687771870469	0.601256645723	0.514741420976	0.493475108748	0.880135331078	0.741904301595	0.572740454326	0.536007733204	0.502658289029	0.488158530691	0.837602706622	0.58337361044	0.486708554857	0.522957950701	0.544707588207	0.564523924601	0.0	0.330111164814	0.561140647656	0.598840019333	0.784436926051	0.730787820203	0.542774287095	0.641372643789	0.608989850169	0.676172063799	0.634122764621	0.764620589657	0.737071048816	0.657805703238	0.624456259062	0.611406476559	0.758337361044	0.722571290478	0.767520541324	0.740454325761	0.704204929918	0.727404543258	0.629289511841	0.621072982117	0.625422909618	0.62735621073	0.626389560174	0.721604639923	0.621072982117	0.711454809087	0.609956500725	0.708071532141
AH8	0.574190430159	0.573707104882	0.956500724988	0.643789270179	0.643305944901	0.49540840986	0.681005316578	0.48380860319	0.466408893185	0.575157080715	0.493958434026	0.587240212663	0.540840985984	0.86563557274	0.624456259062	0.532624456259	0.397293378444	0.365393910101	0.889318511358	0.741420976317	0.552924117931	0.476075398743	0.464475592073	0.454809086515	0.841952634123	0.564040599323	0.44224262929	0.447075882069	0.498791686805	0.553890768487	0.330111164814	0.0	0.470275495408	0.50700821653	0.737554374094	0.672305461576	0.492025132914	0.567423876269	0.535041082649	0.61575640406	0.57177380377	0.709038182697	0.679555340744	0.58337361044	0.543740937651	0.541324311261	0.689221846303	0.651522474625	0.704204929918	0.672788786854	0.630739487675	0.651522474625	0.554374093765	0.544707588207	0.562107298212	0.552440792653	0.549057515708	0.647172547124	0.552924117931	0.653455775737	0.528757854036	0.630256162397
AA5	0.599806669889	0.521507974867	0.961817303045	0.649105848236	0.594490091832	0.461575640406	0.622039632673	0.426292895118	0.405993233446	0.517158047366	0.442725954567	0.540357660706	0.531174480425	0.872885451909	0.546640889319	0.531174480425	0.430159497342	0.428709521508	0.922184630256	0.768970517158	0.565973900435	0.492508458192	0.476558724021	0.494441759304	0.896085065249	0.611406476559	0.432092798453	0.4398260029	0.510874818753	0.56935717738	0.561140647656	0.470275495408	0.0	0.338811019816	0.686321894635	0.594490091832	0.459159014016	0.46060898985	0.481875302078	0.552440792653	0.488158530691	0.607056549058	0.587723537941	0.476075398743	0.513291445143	0.475108748188	0.702754954084	0.650072498792	0.683421942968	0.668438859352	0.647655872402	0.672788786854	0.537941034316	0.554857419043	0.572257129048	0.54857419043	0.539874335428	0.666988883519	0.554857419043	0.642822619623	0.509908168197	0.629772837119
AA6	0.600289995167	0.538907684872	0.966650555824	0.662155630739	0.628322861286	0.47462542291	0.652489125181	0.454325761237	0.456259062349	0.543740937651	0.49540840986	0.576607056549	0.540357660706	0.875302078299	0.587240212663	0.535041082649	0.470758820686	0.477042049299	0.930401159981	0.775737071049	0.581440309328	0.50459159014	0.521507974867	0.521024649589	0.909134847753	0.617689705172	0.473658772354	0.488158530691	0.545674238763	0.582406959884	0.598840019333	0.50700821653	0.338811019816	0.0	0.685838569357	0.597390043499	0.500241662639	0.49540840986	0.490575157081	0.581440309328	0.506524891252	0.654422426293	0.633639439343	0.530691155147	0.452875785404	0.425809569841	0.698888351861	0.65732237796	0.689221846303	0.677622039633	0.648622522958	0.66892218463	0.546157564041	0.554857419043	0.572740454326	0.552440792653	0.545674238763	0.666988883519	0.559207346544	0.653939101015	0.517641372644	0.633156114065
AB5	0.759787336878	0.669405509908	0.975350410826	0.729337844369	0.610439826003	0.644272595457	0.736587723538	0.654422426293	0.673755437409	0.698405026583	0.675205413243	0.620106331561	0.670855485742	0.892218463026	0.699371677139	0.700338327695	0.707588206863	0.710971483809	0.938617689705	0.811503141614	0.81246979217	0.743837602707	0.748670855486	0.740937651039	0.926051232479	0.761720637989	0.698888351861	0.72450459159	0.750604156597	0.768003866602	0.784436926051	0.737554374094	0.686321894635	0.685838569357	0.0	0.321894635089	0.629289511841	0.662155630739	0.617206379894	0.630256162397	0.608023199613	0.724987916868	0.721604639923	0.651039149348	0.631706138231	0.621072982117	0.615273078782	0.602223296278	0.637022716288	0.607539874335	0.619623006283	0.611889801837	0.59497341711	0.61333977767	0.612373127115	0.623006283229	0.676172063799	0.60657322378	0.669405509908	0.603189946834	0.685355244079	0.606089898502
AB6	0.70130497825	0.608989850169	0.967133881102	0.682455292412	0.570807153214	0.565973900435	0.672788786854	0.575157080715	0.600289995167	0.62735621073	0.610439826003	0.53697438376	0.620589656839	0.8796520058	0.638472692122	0.634606089899	0.652005799903	0.655389076849	0.931851135814	0.778637022716	0.744320927985	0.679072015466	0.677622039633	0.673755437409	0.920251329145	0.707104881585	0.640405993233	0.662155630739	0.6805219913	0.703238279362	0.730787820203	0.672305461576	0.594490091832	0.597390043499	0.321894635089	0.0	0.57177380377	0.577090381827	0.553890768487	0.568873852102	0.544707588207	0.661188980184	0.641372643789	0.544707588207	0.564523924601	0.547124214596	0.608506524891	0.567907201547	0.601256645723	0.586756887385	0.565973900435	0.582406959884	0.530691155147	0.566457225713	0.571290478492	0.574673755437	0.616239729338	0.57177380377	0.603189946834	0.564523924601	0.637022716288	0.55099081682
AC5	0.61575640406	0.576123731271	0.978733687772	0.65732237796	0.596423392943	0.463508941518	0.662638956017	0.438859352344	0.433542774287	0.565973900435	0.400676655389	0.545190913485	0.540840985984	0.883518608023	0.620106331561	0.567907201547	0.466408893185	0.471242145964	0.942967617206	0.784436926051	0.621072982117	0.551957467376	0.488158530691	0.478492025133	0.915901401643	0.629289511841	0.444659255679	0.494441759304	0.526341227646	0.590623489609	0.542774287095	0.492025132914	0.459159014016	0.500241662639	0.629289511841	0.57177380377	0.0	0.439342677622	0.440309328178	0.581440309328	0.508941517641	0.701788303528	0.66892218463	0.544224262929	0.46979217013	0.455775737071	0.611406476559	0.577090381827	0.632189463509	0.600773320445	0.567423876269	0.591590140164	0.50459159014	0.489125181247	0.496375060416	0.493958434026	0.572740454326	0.585790236829	0.577090381827	0.575157080715	0.520057999033	0.551957467376
AC6	0.632672788787	0.528274528758	0.961333977767	0.64813919768	0.58337361044	0.497825036249	0.524407926535	0.483325277912	0.512808119865	0.447075882069	0.543740937651	0.542290961817	0.55099081682	0.867085548574	0.538424359594	0.568390526825	0.554857419043	0.55775737071	0.911551474142	0.755437409377	0.641372643789	0.579990333494	0.589656839053	0.579507008217	0.904301594973	0.612373127115	0.541807636539	0.555824069599	0.58095698405	0.600289995167	0.641372643789	0.567423876269	0.46060898985	0.49540840986	0.662155630739	0.577090381827	0.439342677622	0.0	0.517641372644	0.505074915418	0.499758337361	0.483325277912	0.455292411793	0.420492991783	0.550024166264	0.537941034316	0.678588690188	0.63653939101	0.669888835186	0.656839052682	0.628322861286	0.649589173514	0.572257129048	0.56259062349	0.576123731271	0.570323827936	0.554374093765	0.651522474625	0.56935717738	0.623972933784	0.553407443209	0.616723054616
AD6	0.622522957951	0.556790720155	0.978733687772	0.6389560174	0.563073948768	0.431126147898	0.622039632673	0.4398260029	0.454325761237	0.529241179314	0.457225712905	0.507974867086	0.528757854036	0.884968583857	0.598356694055	0.550024166264	0.4813919768	0.478492025133	0.947317544708	0.784436926051	0.615273078782	0.551474142098	0.550507491542	0.540840985984	0.918801353311	0.629289511841	0.50459159014	0.525857902368	0.556790720155	0.591590140164	0.608989850169	0.535041082649	0.481875302078	0.490575157081	0.617206379894	0.553890768487	0.440309328178	0.517641372644	0.0	0.540357660706	0.415659739004	0.685838569357	0.656839052682	0.540840985984	0.455292411793	0.444659255679	0.600289995167	0.550024166264	0.600289995167	0.579990333494	0.546157564041	0.563557274045	0.468342194297	0.46060898985	0.47220879652	0.470275495408	0.55099081682	0.561140647656	0.552440792653	0.556307394877	0.48622522958	0.535041082649
AE5	0.632672788787	0.536491058482	0.97921701305	0.646689221846	0.549540840986	0.541324311261	0.56935717738	0.563073948768	0.602223296278	0.527307878202	0.624456259062	0.527307878202	0.575157080715	0.881585306912	0.548090865152	0.573707104882	0.60657322378	0.611406476559	0.931367810536	0.767520541324	0.719188013533	0.648622522958	0.652005799903	0.638472692122	0.886901884969	0.655872402127	0.612373127115	0.613823102948	0.6389560174	0.655389076849	0.676172063799	0.61575640406	0.552440792653	0.581440309328	0.630256162397	0.568873852102	0.581440309328	0.505074915418	0.540357660706	0.0	0.374577090382	0.585306911551	0.564523924601	0.491541807637	0.624456259062	0.620106331561	0.656355727405	0.624456259062	0.638472692122	0.623006283229	0.627839536008	0.646205896568	0.539874335428	0.576123731271	0.586756887385	0.566940550991	0.557274045433	0.632672788787	0.559690671822	0.602706621556	0.577090381827	0.611889801837
AE6	0.617689705172	0.509424842919	0.978733687772	0.632189463509	0.552440792653	0.463508941518	0.583856935718	0.475592073465	0.513291445143	0.519574673755	0.534557757371	0.517641372644	0.516674722088	0.8796520058	0.561140647656	0.544707588207	0.535041082649	0.537941034316	0.933784436926	0.768970517158	0.665055582407	0.590623489609	0.601256645723	0.585790236829	0.895118414693	0.622522957951	0.546640889319	0.565973900435	0.598840019333	0.610439826003	0.634122764621	0.57177380377	0.488158530691	0.506524891252	0.608023199613	0.544707588207	0.508941517641	0.499758337361	0.415659739004	0.374577090382	0.0	0.6389560174	0.614306428226	0.498791686805	0.534557757371	0.525857902368	0.634606089899	0.584823586274	0.608506524891	0.593523441276	0.588690188497	0.608023199613	0.498308361527	0.494925084582	0.519091348478	0.498791686805	0.531174480425	0.599323344611	0.540840985984	0.576123731271	0.51619139681	0.576123731271
AF5	0.713871435476	0.619139681005	0.941517641373	0.663122281295	0.649589173514	0.664572257129	0.55775737071	0.64572257129	0.681488641856	0.566940550991	0.714354760754	0.626872885452	0.677138714355	0.853552440793	0.589656839053	0.664572257129	0.708071532141	0.715804736588	0.883518608023	0.744804253262	0.718704688255	0.674238762687	0.716771387144	0.713871435476	0.883035282745	0.693571773804	0.689221846303	0.676172063799	0.674722087965	0.688738521025	0.764620589657	0.709038182697	0.607056549058	0.654422426293	0.724987916868	0.661188980184	0.701788303528	0.483325277912	0.685838569357	0.585306911551	0.6389560174	0.0	0.266795553407	0.526824552924	0.715804736588	0.702271628806	0.756404059932	0.719188013533	0.743837602707	0.718221362977	0.728854519091	0.737554374094	0.687771870469	0.700821652972	0.720154664089	0.704204929918	0.663122281295	0.732721121315	0.673755437409	0.700821652972	0.706621556307	0.707588206863
AF6	0.694055099082	0.594006766554	0.943450942484	0.652489125181	0.646205896568	0.641372643789	0.53697438376	0.619139681005	0.652489125181	0.540840985984	0.690188496858	0.617206379894	0.646689221846	0.854035766071	0.563073948768	0.636056065732	0.682455292412	0.686321894635	0.883518608023	0.739487675205	0.696955050749	0.651039149348	0.681971967134	0.68293861769	0.879168680522	0.669888835186	0.660705654906	0.646205896568	0.644272595457	0.666988883519	0.737071048816	0.679555340744	0.587723537941	0.633639439343	0.721604639923	0.641372643789	0.66892218463	0.455292411793	0.656839052682	0.564523924601	0.614306428226	0.266795553407	0.0	0.501691638473	0.689221846303	0.6805219913	0.746254229096	0.706138231029	0.729337844369	0.714354760754	0.697921701305	0.725471242146	0.664088931851	0.680038666022	0.697438376027	0.681005316578	0.633639439343	0.719671338811	0.647655872402	0.69212179797	0.686805219913	0.688255195747
