	AA3	AA4	AB3	AB4	AC3	AC4	AD3	AD4	AE3	AE4	AF3	AF4	AG3	AG4	AH3	AH4	AA7	AA8	AB7	AB8	AC7	AC8	AD7	AD8	AE7	AE8	AF7	AF8	AG7	AG8	AH7	AH8	AA5	AA6	AB5	AB6	AC5	AC6	AD6	AE5	AE6	AF5	AF6	AG5	AH5	AH6	AA1	AA2	AB1	AB2	AC1	AC2	AD1	AD2	AE1	AE2	AF1	AF2	AG1	AG2	AH1	AH2
AA3	0.0	0.48622522958	0.924601256646	0.623972933784	0.661188980184	0.559207346544	0.65732237796	0.585790236829	0.570323827936	0.63653939101	0.608989850169	0.623972933784	0.591106814886	0.841469308845	0.660222329628	0.325277912035	0.555340744321	0.550024166264	0.865152247463	0.701788303528	0.605606573224	0.565490575157	0.590623489609	0.574190430159	0.825036249396	0.573707104882	0.559207346544	0.55775737071	0.565007249879	0.564523924601	0.585306911551	0.555824069599	0.585790236829	0.586756887385	0.741420976317	0.684871918801	0.605606573224	0.609473175447	0.584823586274	0.631222812953	0.596906718221	0.709038182697	0.698888351861	0.608989850169	0.616723054616	0.624456259062	0.695021749638	0.657805703238	0.714838086032	0.666022232963	0.649105848236	0.671822136298	0.586756887385	0.559690671822	0.558724021266	0.569840502658	0.58095698405	0.672788786854	0.60415659739	0.680038666022	0.586273562107	0.654905751571
AA4	0.48622522958	0.0	0.943450942484	0.568873852102	0.591590140164	0.479942000967	0.581440309328	0.468342194297	0.499275012083	0.522957950701	0.544707588207	0.531174480425	0.47462542291	0.854519091348	0.392460125665	0.380376993717	0.527307878202	0.526341227646	0.899468342194	0.73368777187	0.647655872402	0.54857419043	0.56259062349	0.577573707105	0.881585306912	0.611889801837	0.53020782987	0.536491058482	0.579507008217	0.588690188497	0.623489608507	0.575640405993	0.49540840986	0.507974867086	0.653455775737	0.596423392943	0.55775737071	0.497341710971	0.524407926535	0.531657805703	0.478975350411	0.622522957951	0.602706621556	0.497825036249	0.570807153214	0.553890768487	0.65973900435	0.593040115998	0.647172547124	0.601256645723	0.612373127115	0.637989366844	0.52779120348	0.509908168197	0.515224746254	0.515224746254	0.490091831803	0.628322861286	0.519574673755	0.599323344611	0.513291445143	0.59255679072
AB3	0.924601256646	0.943450942484	0.0	0.669888835186	0.906234896085	0.944900918318	0.951184146931	0.935717738038	0.926051232479	0.942484291928	0.964233929435	0.926534557757	0.961817303045	0.328177863702	0.952634122765	0.93523441276	0.965683905268	0.961817303045	0.746737554374	0.748187530208	0.885935234413	0.908168197197	0.953117448043	0.938134364427	0.847752537458	0.890768487192	0.940067665539	0.927017883035	0.834219429676	0.831802803287	0.949250845819	0.949250845819	0.952634122765	0.956500724988	0.969067182214	0.962300628323	0.966650555824	0.948767520541	0.96520057999	0.965683905268	0.965683905268	0.931851135814	0.927984533591	0.949734171097	0.971967133881	0.96520057999	0.966167230546	0.963750604157	0.963267278879	0.964717254712	0.96761720638	0.964233929435	0.968100531658	0.968100531658	0.970517158047	0.96761720638	0.965683905268	0.966167230546	0.963750604157	0.966167230546	0.966167230546	0.964717254712
AB4	0.623972933784	0.568873852102	0.669888835186	0.0	0.621072982117	0.593040115998	0.681005316578	0.598356694055	0.601739971	0.630256162397	0.627839536008	0.589173513775	0.479942000967	0.555824069599	0.601256645723	0.600289995167	0.623006283229	0.617689705172	0.730787820203	0.558240695988	0.646689221846	0.605606573224	0.643305944901	0.631706138231	0.786853552441	0.62493958434	0.633639439343	0.620106331561	0.534074432093	0.56935717738	0.6805219913	0.652489125181	0.621072982117	0.637989366844	0.716288061866	0.660222329628	0.63653939101	0.624456259062	0.612373127115	0.629772837119	0.609473175447	0.659255679072	0.64813919768	0.622522957951	0.667955534074	0.65973900435	0.696471725471	0.647655872402	0.700338327695	0.659255679072	0.657805703238	0.674238762687	0.616239729338	0.626872885452	0.633156114065	0.623006283229	0.639439342678	0.679555340744	0.626389560174	0.658772353794	0.631706138231	0.644272595457
AC3	0.661188980184	0.591590140164	0.906234896085	0.621072982117	0.0	0.487191880135	0.645239246013	0.561140647656	0.578057032383	0.601739971	0.611406476559	0.33107781537	0.618656355727	0.822619623006	0.599806669889	0.618173030449	0.614789753504	0.610439826003	0.875302078299	0.747220879652	0.729337844369	0.660222329628	0.714354760754	0.704688255196	0.831319478009	0.691638472692	0.647655872402	0.682455292412	0.674238762687	0.686321894635	0.705654905752	0.672788786854	0.609473175447	0.632189463509	0.636056065732	0.602706621556	0.631222812953	0.587723537941	0.601739971	0.536491058482	0.552924117931	0.654905751571	0.639922667956	0.568873852102	0.653939101015	0.650072498792	0.605123247946	0.593040115998	0.591590140164	0.585306911551	0.601739971	0.585306911551	0.536007733204	0.581923634606	0.579023682939	0.58095698405	0.614789753504	0.575157080715	0.626872885452	0.600773320445	0.608023199613	0.587240212663
AC4	0.559207346544	0.479942000967	0.944900918318	0.593040115998	0.487191880135	0.0	0.610439826003	0.396326727888	0.399226679555	0.538907684872	0.32866118898	0.399710004833	0.506524891252	0.859352344128	0.570323827936	0.523441275979	0.463992266796	0.449975833736	0.923151280812	0.753020782987	0.580473658772	0.506041565974	0.510874818753	0.506041565974	0.885935234413	0.595940067666	0.473175447076	0.498791686805	0.519574673755	0.556307394877	0.566457225713	0.524891251812	0.447075882069	0.462542290962	0.618656355727	0.551957467376	0.449975833736	0.5186080232	0.41662638956	0.537457709038	0.460125664572	0.677138714355	0.652972450459	0.514258095698	0.477525374577	0.47462542291	0.633639439343	0.573223779604	0.603189946834	0.572257129048	0.576123731271	0.605123247946	0.48622522958	0.48380860319	0.49540840986	0.485741904302	0.531174480425	0.596906718221	0.561623972934	0.575157080715	0.466408893185	0.561140647656
AD3	0.65732237796	0.581440309328	0.951184146931	0.681005316578	0.645239246013	0.610439826003	0.0	0.515224746254	0.644755920735	0.349927501208	0.663122281295	0.617206379894	0.637022716288	0.862252295795	0.584340260996	0.625906234896	0.681488641856	0.673755437409	0.937167713871	0.772837119381	0.706138231029	0.685355244079	0.691155147414	0.68293861769	0.91445142581	0.686321894635	0.689221846303	0.68970517158	0.683421942968	0.68293861769	0.71290478492	0.687288545191	0.622039632673	0.643789270179	0.732721121315	0.668438859352	0.666988883519	0.527307878202	0.630739487675	0.575640405993	0.56935717738	0.551957467376	0.53939101015	0.544707588207	0.688738521025	0.681005316578	0.771870468826	0.707104881585	0.744320927985	0.707104881585	0.71290478492	0.734654422426	0.65732237796	0.654422426293	0.662155630739	0.646689221846	0.625906234896	0.727887868536	0.649105848236	0.716771387144	0.6805219913	0.707588206863
AD4	0.585790236829	0.468342194297	0.935717738038	0.598356694055	0.561140647656	0.396326727888	0.515224746254	0.0	0.327694538424	0.421459642339	0.419526341228	0.498308361527	0.514258095698	0.852585790237	0.543257612373	0.526341227646	0.453359110681	0.448525857902	0.927984533591	0.758820686322	0.581923634606	0.502174963751	0.495891735138	0.500724987917	0.899468342194	0.602223296278	0.448525857902	0.472692121798	0.509908168197	0.548090865152	0.553890768487	0.512808119865	0.396326727888	0.444175930401	0.647172547124	0.576607056549	0.452875785404	0.4813919768	0.420976317061	0.540840985984	0.461575640406	0.637022716288	0.611406476559	0.481875302078	0.509424842919	0.481875302078	0.663605606573	0.600289995167	0.642822619623	0.612856452392	0.614306428226	0.637506041566	0.515224746254	0.517641372644	0.511358144031	0.512808119865	0.526341227646	0.633156114065	0.561140647656	0.623972933784	0.490575157081	0.595456742388
AE3	0.570323827936	0.499275012083	0.926051232479	0.601739971	0.578057032383	0.399226679555	0.644755920735	0.327694538424	0.0	0.542290961817	0.392943450942	0.520057999033	0.5186080232	0.84726921218	0.581440309328	0.545674238763	0.448525857902	0.43064282262	0.921701304978	0.753020782987	0.546640889319	0.478008699855	0.478975350411	0.490575157081	0.889318511358	0.593040115998	0.431609473175	0.451909134848	0.501691638473	0.542774287095	0.545674238763	0.506524891252	0.41662638956	0.462058965684	0.654422426293	0.597390043499	0.441759304012	0.536007733204	0.42822619623	0.59497341711	0.529241179314	0.691155147414	0.665055582407	0.526824552924	0.495891735138	0.47462542291	0.661188980184	0.597390043499	0.643789270179	0.608023199613	0.60415659739	0.638472692122	0.53020782987	0.519091348478	0.518124697922	0.521507974867	0.54857419043	0.632672788787	0.573707104882	0.61575640406	0.484775253746	0.589173513775
AE4	0.63653939101	0.522957950701	0.942484291928	0.630256162397	0.601739971	0.538907684872	0.349927501208	0.421459642339	0.542290961817	0.0	0.594490091832	0.569840502658	0.585306911551	0.854519091348	0.546640889319	0.591106814886	0.611889801837	0.607539874335	0.932334461092	0.760753987434	0.674238762687	0.607539874335	0.61575640406	0.608506524891	0.910101498308	0.629289511841	0.609956500725	0.60657322378	0.60415659739	0.622522957951	0.660222329628	0.62735621073	0.551474142098	0.568873852102	0.687771870469	0.621072982117	0.596906718221	0.479458675689	0.56259062349	0.534074432093	0.507974867086	0.578057032383	0.556307394877	0.507491541808	0.625422909618	0.610923151281	0.717254712421	0.654422426293	0.701788303528	0.663605606573	0.663605606573	0.687771870469	0.615273078782	0.604639922668	0.598840019333	0.596906718221	0.589656839053	0.678588690188	0.610923151281	0.674722087965	0.603673272112	0.661672305462
AF3	0.608989850169	0.544707588207	0.964233929435	0.627839536008	0.611406476559	0.32866118898	0.663122281295	0.419526341228	0.392943450942	0.594490091832	0.0	0.526341227646	0.533591106815	0.880135331078	0.61333977767	0.583856935718	0.445625906235	0.432576123731	0.951667472209	0.784436926051	0.578540357661	0.525857902368	0.433059449009	0.449975833736	0.920251329145	0.631706138231	0.440309328178	0.498308361527	0.540357660706	0.591106814886	0.526824552924	0.509424842919	0.425326244563	0.482358627356	0.659255679072	0.608506524891	0.422426292895	0.556790720155	0.429192846786	0.601739971	0.529241179314	0.715804736588	0.691155147414	0.552924117931	0.496858385694	0.484291928468	0.67133881102	0.60415659739	0.65732237796	0.60657322378	0.612373127115	0.643789270179	0.545674238763	0.5186080232	0.523924601257	0.521991300145	0.56259062349	0.6389560174	0.587240212663	0.612856452392	0.483325277912	0.593040115998
AF4	0.623972933784	0.531174480425	0.926534557757	0.589173513775	0.33107781537	0.399710004833	0.617206379894	0.498308361527	0.520057999033	0.569840502658	0.526341227646	0.0	0.556790720155	0.842435959401	0.563557274045	0.56259062349	0.567907201547	0.56259062349	0.889318511358	0.720154664089	0.699855002417	0.625906234896	0.665055582407	0.65055582407	0.843402609957	0.639922667956	0.597390043499	0.636056065732	0.638472692122	0.652005799903	0.660222329628	0.635572740454	0.555340744321	0.581440309328	0.585790236829	0.519091348478	0.554374093765	0.558240695988	0.545674238763	0.505074915418	0.501691638473	0.639922667956	0.626872885452	0.533107781537	0.572257129048	0.568390526825	0.579990333494	0.519574673755	0.561623972934	0.515224746254	0.530691155147	0.545674238763	0.461092315128	0.503624939584	0.510391493475	0.515224746254	0.565007249879	0.538424359594	0.581923634606	0.534074432093	0.552924117931	0.50459159014
AG3	0.591106814886	0.47462542291	0.961817303045	0.479942000967	0.618656355727	0.506524891252	0.637022716288	0.514258095698	0.5186080232	0.585306911551	0.533591106815	0.556790720155	0.0	0.842435959401	0.522474625423	0.540357660706	0.501691638473	0.498308361527	0.930401159981	0.761237312711	0.669405509908	0.577573707105	0.577090381827	0.608023199613	0.886901884969	0.625422909618	0.545190913485	0.562107298212	0.596906718221	0.616239729338	0.633639439343	0.576607056549	0.5186080232	0.522474625423	0.662638956017	0.60415659739	0.547124214596	0.554857419043	0.519091348478	0.565490575157	0.506524891252	0.676172063799	0.656355727405	0.537457709038	0.573223779604	0.558240695988	0.62735621073	0.581440309328	0.635089415176	0.599323344611	0.593040115998	0.608506524891	0.522474625423	0.526341227646	0.530691155147	0.526824552924	0.539874335428	0.616239729338	0.565007249879	0.604639922668	0.506524891252	0.574190430159
AG4	0.841469308845	0.854519091348	0.328177863702	0.555824069599	0.822619623006	0.859352344128	0.862252295795	0.852585790237	0.84726921218	0.854519091348	0.880135331078	0.842435959401	0.842435959401	0.0	0.869502174964	0.846302561624	0.884968583857	0.880135331078	0.719671338811	0.67133881102	0.809569840503	0.828419526341	0.872402126631	0.857902368294	0.820686321895	0.816336394393	0.857902368294	0.84726921218	0.757854035766	0.746737554374	0.873368777187	0.86563557274	0.871435476075	0.872402126631	0.890768487192	0.8796520058	0.885451909135	0.857902368294	0.880618656356	0.87723537941	0.875302078299	0.842919284679	0.845819236346	0.864668922185	0.889801836636	0.884968583857	0.878685355244	0.877718704688	0.883035282745	0.877718704688	0.886418559691	0.875785403577	0.882551957467	0.881585306912	0.887385210246	0.883035282745	0.883518608023	0.881101981634	0.878685355244	0.878685355244	0.883518608023	0.882068632189
AH3	0.660222329628	0.392460125665	0.952634122765	0.601256645723	0.599806669889	0.570323827936	0.584340260996	0.543257612373	0.581440309328	0.546640889319	0.61333977767	0.563557274045	0.522474625423	0.869502174964	0.0	0.536491058482	0.615273078782	0.615273078782	0.922184630256	0.760753987434	0.711454809087	0.626872885452	0.626872885452	0.652005799903	0.893668438859	0.675205413243	0.633156114065	0.628806186564	0.653455775737	0.669405509908	0.688738521025	0.644272595457	0.561140647656	0.597873368777	0.704204929918	0.645239246013	0.639922667956	0.549057515708	0.602706621556	0.563557274045	0.554857419043	0.603189946834	0.581440309328	0.551957467376	0.656355727405	0.638472692122	0.706621556307	0.617689705172	0.668438859352	0.645239246013	0.651522474625	0.670855485742	0.591590140164	0.606089898502	0.601256645723	0.608023199613	0.574673755437	0.666505558241	0.577090381827	0.644272595457	0.581923634606	0.620589656839
AH4	0.325277912035	0.380376993717	0.93523441276	0.600289995167	0.618173030449	0.523441275979	0.625906234896	0.526341227646	0.545674238763	0.591106814886	0.583856935718	0.56259062349	0.540357660706	0.846302561624	0.536491058482	0.0	0.552924117931	0.55099081682	0.875785403577	0.710488158531	0.635572740454	0.576607056549	0.585790236829	0.582890285162	0.847752537458	0.595456742388	0.560657322378	0.563073948768	0.577090381827	0.575640405993	0.59497341711	0.562107298212	0.553890768487	0.564040599323	0.697438376027	0.637506041566	0.601256645723	0.576123731271	0.559207346544	0.581923634606	0.545190913485	0.666988883519	0.658289028516	0.570807153214	0.609956500725	0.603673272112	0.670372160464	0.617689705172	0.666022232963	0.618173030449	0.624456259062	0.644755920735	0.55099081682	0.533591106815	0.548090865152	0.532141130981	0.520057999033	0.642339294345	0.542290961817	0.633639439343	0.547607539874	0.612373127115
AA7	0.555340744321	0.527307878202	0.965683905268	0.623006283229	0.614789753504	0.463992266796	0.681488641856	0.453359110681	0.448525857902	0.611889801837	0.445625906235	0.567907201547	0.501691638473	0.884968583857	0.615273078782	0.552924117931	0.0	0.267278878685	0.922184630256	0.751570807153	0.590623489609	0.502174963751	0.482841952634	0.505558240696	0.874818753021	0.608023199613	0.444175930401	0.462058965684	0.530691155147	0.575157080715	0.526824552924	0.422426292895	0.418559690672	0.485258579024	0.695505074915	0.640889318511	0.477525374577	0.562107298212	0.465925567907	0.593523441276	0.536007733204	0.718704688255	0.696471725471	0.568873852102	0.53020782987	0.510391493475	0.655389076849	0.607539874335	0.666988883519	0.623006283229	0.594006766554	0.623972933784	0.508941517641	0.513291445143	0.505074915418	0.519091348478	0.521991300145	0.612856452392	0.559207346544	0.635572740454	0.48622522958	0.590140164331
AA8	0.550024166264	0.526341227646	0.961817303045	0.617689705172	0.610439826003	0.449975833736	0.673755437409	0.448525857902	0.43064282262	0.607539874335	0.432576123731	0.56259062349	0.498308361527	0.880135331078	0.615273078782	0.55099081682	0.267278878685	0.0	0.920734654422	0.748187530208	0.564040599323	0.47220879652	0.46060898985	0.485741904302	0.869018849686	0.602706621556	0.424359594007	0.446109231513	0.521024649589	0.567907201547	0.485258579024	0.381343644273	0.401159980667	0.480425326245	0.694055099082	0.637506041566	0.466892218463	0.56259062349	0.458675688739	0.595940067666	0.531174480425	0.716771387144	0.69212179797	0.559690671822	0.524891251812	0.507491541808	0.654905751571	0.602223296278	0.664088931851	0.622039632673	0.589656839053	0.619623006283	0.51619139681	0.509908168197	0.50700821653	0.522474625423	0.519091348478	0.617206379894	0.555824069599	0.634606089899	0.480425326245	0.587240212663
AB7	0.865152247463	0.899468342194	0.746737554374	0.730787820203	0.875302078299	0.923151280812	0.937167713871	0.927984533591	0.921701304978	0.932334461092	0.951667472209	0.889318511358	0.930401159981	0.719671338811	0.922184630256	0.875785403577	0.922184630256	0.920734654422	0.0	0.397293378444	0.811503141614	0.844369260512	0.931851135814	0.911551474142	0.739004349928	0.822136297728	0.894635089415	0.874335427743	0.735137747704	0.688738521025	0.885451909135	0.898018366361	0.922184630256	0.930884485259	0.942484291928	0.935717738038	0.950217496375	0.920251329145	0.946350894152	0.927501208313	0.932334461092	0.876268728855	0.873368777187	0.915418076365	0.947317544708	0.956500724988	0.930884485259	0.931367810536	0.93281778637	0.926534557757	0.93523441276	0.922667955534	0.92363460609	0.919284678589	0.924117931368	0.916384726921	0.922667955534	0.9212179797	0.920734654422	0.933784436926	0.948767520541	0.931851135814
AB8	0.701788303528	0.73368777187	0.748187530208	0.558240695988	0.747220879652	0.753020782987	0.772837119381	0.758820686322	0.753020782987	0.760753987434	0.784436926051	0.720154664089	0.761237312711	0.67133881102	0.760753987434	0.710488158531	0.751570807153	0.748187530208	0.397293378444	0.0	0.646689221846	0.66892218463	0.74770420493	0.737071048816	0.713871435476	0.65055582407	0.717254712421	0.694055099082	0.538424359594	0.514258095698	0.720637989367	0.725954567424	0.757370710488	0.758820686322	0.808119864669	0.773803769937	0.778637022716	0.752054132431	0.771387143548	0.758820686322	0.757370710488	0.723537941034	0.722087965201	0.74528757854	0.783953600773	0.788303528275	0.811019816336	0.756404059932	0.8008699855	0.757370710488	0.76848719188	0.779603673272	0.756404059932	0.753504108265	0.756404059932	0.748187530208	0.752537457709	0.775737071049	0.751570807153	0.768970517158	0.774287095215	0.75688738521
AC7	0.605606573224	0.647655872402	0.885935234413	0.646689221846	0.729337844369	0.580473658772	0.706138231029	0.581923634606	0.546640889319	0.674238762687	0.578540357661	0.699855002417	0.669405509908	0.809569840503	0.711454809087	0.635572740454	0.590623489609	0.564040599323	0.811503141614	0.646689221846	0.0	0.3610439826	0.570807153214	0.558724021266	0.820686321895	0.601739971	0.540357660706	0.502658289029	0.468342194297	0.480425326245	0.56259062349	0.551474142098	0.5601739971	0.598356694055	0.790720154664	0.73852102465	0.61333977767	0.646689221846	0.590623489609	0.722087965201	0.662155630739	0.706621556307	0.695988400193	0.649589173514	0.627839536008	0.61575640406	0.816819719671	0.757370710488	0.798936684389	0.773320444659	0.752537457709	0.785403576607	0.68970517158	0.665538907685	0.669888835186	0.677138714355	0.666022232963	0.786853552441	0.679555340744	0.771387143548	0.619139681005	0.747220879652
AC8	0.565490575157	0.54857419043	0.908168197197	0.605606573224	0.660222329628	0.506041565974	0.685355244079	0.502174963751	0.478008699855	0.607539874335	0.525857902368	0.625906234896	0.577573707105	0.828419526341	0.626872885452	0.576607056549	0.502174963751	0.47220879652	0.844369260512	0.66892218463	0.3610439826	0.0	0.478492025133	0.492025132914	0.838569357177	0.565973900435	0.39342677622	0.359594006767	0.436442725955	0.475108748188	0.534074432093	0.484291928468	0.471725471242	0.492508458192	0.717254712421	0.658772353794	0.543740937651	0.568873852102	0.5186080232	0.637989366844	0.572257129048	0.676172063799	0.655389076849	0.575640405993	0.545190913485	0.532141130981	0.73368777187	0.663122281295	0.722087965201	0.69453842436	0.669405509908	0.70130497825	0.603189946834	0.581923634606	0.581923634606	0.590623489609	0.565973900435	0.700338327695	0.588206863219	0.696471725471	0.531174480425	0.654905751571
AD7	0.590623489609	0.56259062349	0.953117448043	0.643305944901	0.714354760754	0.510874818753	0.691155147414	0.495891735138	0.478975350411	0.61575640406	0.433059449009	0.665055582407	0.577090381827	0.872402126631	0.626872885452	0.585790236829	0.482841952634	0.46060898985	0.931851135814	0.74770420493	0.570807153214	0.478492025133	0.0	0.313194780087	0.893185113581	0.534074432093	0.429192846786	0.443692605123	0.502174963751	0.551474142098	0.499275012083	0.461575640406	0.466892218463	0.515708071532	0.734171097148	0.677138714355	0.508458192363	0.587723537941	0.519091348478	0.652005799903	0.593523441276	0.721121314645	0.695988400193	0.60415659739	0.551474142098	0.547124214596	0.74770420493	0.677622039633	0.738037699372	0.704688255196	0.676655389077	0.709038182697	0.625422909618	0.595940067666	0.591590140164	0.606089898502	0.57177380377	0.710004833253	0.597873368777	0.704688255196	0.553890768487	0.669888835186
AD8	0.574190430159	0.577573707105	0.938134364427	0.631706138231	0.704688255196	0.506041565974	0.68293861769	0.500724987917	0.490575157081	0.608506524891	0.449975833736	0.65055582407	0.608023199613	0.857902368294	0.652005799903	0.582890285162	0.505558240696	0.485741904302	0.911551474142	0.737071048816	0.558724021266	0.492025132914	0.313194780087	0.0	0.846785886902	0.488641855969	0.436926051232	0.457709038183	0.486708554857	0.52537457709	0.500241662639	0.48380860319	0.488158530691	0.540357660706	0.734654422426	0.673755437409	0.50459159014	0.579023682939	0.522474625423	0.643789270179	0.593040115998	0.713871435476	0.684388593523	0.588206863219	0.564523924601	0.567907201547	0.748670855486	0.681488641856	0.739971000483	0.705171580474	0.681488641856	0.709038182697	0.625906234896	0.602223296278	0.598840019333	0.607056549058	0.597873368777	0.711938134364	0.616723054616	0.705171580474	0.563557274045	0.663122281295
AE7	0.825036249396	0.881585306912	0.847752537458	0.786853552441	0.831319478009	0.885935234413	0.91445142581	0.899468342194	0.889318511358	0.910101498308	0.920251329145	0.843402609957	0.886901884969	0.820686321895	0.893668438859	0.847752537458	0.874818753021	0.869018849686	0.739004349928	0.713871435476	0.820686321895	0.838569357177	0.893185113581	0.846785886902	0.0	0.538907684872	0.87046882552	0.858385693572	0.756404059932	0.76848719188	0.838086031899	0.845819236346	0.897535041083	0.905268245529	0.926534557757	0.919284678589	0.919768003867	0.903818269696	0.913968100532	0.883035282745	0.892218463026	0.8796520058	0.876752054132	0.884485258579	0.933784436926	0.926051232479	0.890285161914	0.900918318028	0.909134847753	0.890768487192	0.90285161914	0.896085065249	0.89125181247	0.895118414693	0.903334944418	0.892218463026	0.901401643306	0.887385210246	0.899951667472	0.906234896085	0.913484775254	0.895118414693
AE8	0.573707104882	0.611889801837	0.890768487192	0.62493958434	0.691638472692	0.595940067666	0.686321894635	0.602223296278	0.593040115998	0.629289511841	0.631706138231	0.639922667956	0.625422909618	0.816336394393	0.675205413243	0.595456742388	0.608023199613	0.602706621556	0.822136297728	0.65055582407	0.601739971	0.565973900435	0.534074432093	0.488641855969	0.538907684872	0.0	0.578057032383	0.563073948768	0.523924601257	0.521991300145	0.583856935718	0.574673755437	0.617689705172	0.614306428226	0.749637506042	0.69453842436	0.636056065732	0.614789753504	0.623489608507	0.646205896568	0.617689705172	0.686321894635	0.669405509908	0.609473175447	0.642339294345	0.6389560174	0.757370710488	0.689221846303	0.756404059932	0.708554857419	0.70130497825	0.725471242146	0.65732237796	0.637022716288	0.634606089899	0.637022716288	0.644755920735	0.720637989367	0.660705654906	0.71532141131	0.617689705172	0.681005316578
AF7	0.559207346544	0.53020782987	0.940067665539	0.633639439343	0.647655872402	0.473175447076	0.689221846303	0.448525857902	0.431609473175	0.609956500725	0.440309328178	0.597390043499	0.545190913485	0.857902368294	0.633156114065	0.560657322378	0.444175930401	0.424359594007	0.894635089415	0.717254712421	0.540357660706	0.39342677622	0.429192846786	0.436926051232	0.87046882552	0.578057032383	0.0	0.321894635089	0.474142097632	0.522957950701	0.480908651522	0.466408893185	0.426292895118	0.464958917351	0.68293861769	0.624456259062	0.454809086515	0.544707588207	0.475108748188	0.600773320445	0.532141130981	0.698405026583	0.674722087965	0.543257612373	0.510874818753	0.506524891252	0.669405509908	0.614789753504	0.678588690188	0.646205896568	0.614789753504	0.637022716288	0.558240695988	0.53020782987	0.533107781537	0.53939101015	0.536491058482	0.645239246013	0.572740454326	0.649105848236	0.484775253746	0.595456742388
AF8	0.55775737071	0.536491058482	0.927017883035	0.620106331561	0.682455292412	0.498791686805	0.68970517158	0.472692121798	0.451909134848	0.60657322378	0.498308361527	0.636056065732	0.562107298212	0.84726921218	0.628806186564	0.563073948768	0.462058965684	0.446109231513	0.874335427743	0.694055099082	0.502658289029	0.359594006767	0.443692605123	0.457709038183	0.858385693572	0.563073948768	0.321894635089	0.0	0.455775737071	0.49540840986	0.517641372644	0.462542290962	0.436926051232	0.485258579024	0.711938134364	0.656839052682	0.503141614306	0.556790720155	0.504108264862	0.623006283229	0.562107298212	0.679072015466	0.655389076849	0.564523924601	0.545674238763	0.538424359594	0.704204929918	0.642822619623	0.713871435476	0.679072015466	0.654422426293	0.674722087965	0.589656839053	0.563073948768	0.563073948768	0.572740454326	0.546640889319	0.677138714355	0.577090381827	0.679555340744	0.514741420976	0.633639439343
AG7	0.565007249879	0.579507008217	0.834219429676	0.534074432093	0.674238762687	0.519574673755	0.683421942968	0.509908168197	0.501691638473	0.60415659739	0.540357660706	0.638472692122	0.596906718221	0.757854035766	0.653455775737	0.577090381827	0.530691155147	0.521024649589	0.735137747704	0.538424359594	0.468342194297	0.436442725955	0.502174963751	0.486708554857	0.756404059932	0.523924601257	0.474142097632	0.455775737071	0.0	0.309811503142	0.541324311261	0.520057999033	0.51377477042	0.540840985984	0.73610439826	0.667472208797	0.53697438376	0.578057032383	0.526341227646	0.631706138231	0.582406959884	0.665538907685	0.6389560174	0.575157080715	0.572257129048	0.573707104882	0.74528757854	0.670372160464	0.729337844369	0.705171580474	0.67133881102	0.707588206863	0.619139681005	0.600289995167	0.605123247946	0.60415659739	0.60657322378	0.713871435476	0.627839536008	0.698888351861	0.565490575157	0.660222329628
AG8	0.564523924601	0.588690188497	0.831802803287	0.56935717738	0.686321894635	0.556307394877	0.68293861769	0.548090865152	0.542774287095	0.622522957951	0.591106814886	0.652005799903	0.616239729338	0.746737554374	0.669405509908	0.575640405993	0.575157080715	0.567907201547	0.688738521025	0.514258095698	0.480425326245	0.475108748188	0.551474142098	0.52537457709	0.76848719188	0.521991300145	0.522957950701	0.49540840986	0.309811503142	0.0	0.570807153214	0.551474142098	0.564040599323	0.56935717738	0.752054132431	0.685355244079	0.581440309328	0.583856935718	0.574673755437	0.65732237796	0.602706621556	0.668438859352	0.653939101015	0.592073465442	0.597390043499	0.59497341711	0.759787336878	0.68970517158	0.745770903818	0.712421459642	0.695505074915	0.722087965201	0.637506041566	0.615273078782	0.614789753504	0.617206379894	0.627839536008	0.730304494925	0.646205896568	0.706621556307	0.587723537941	0.675205413243
AH7	0.585306911551	0.623489608507	0.949250845819	0.6805219913	0.705654905752	0.566457225713	0.71290478492	0.553890768487	0.545674238763	0.660222329628	0.526824552924	0.660222329628	0.633639439343	0.873368777187	0.688738521025	0.59497341711	0.526824552924	0.485258579024	0.885451909135	0.720637989367	0.56259062349	0.534074432093	0.499275012083	0.500241662639	0.838086031899	0.583856935718	0.480908651522	0.517641372644	0.541324311261	0.570807153214	0.0	0.317544707588	0.556790720155	0.605606573224	0.768970517158	0.719671338811	0.560657322378	0.651039149348	0.589656839053	0.673755437409	0.634606089899	0.757370710488	0.740454325761	0.652005799903	0.623006283229	0.625422909618	0.766553890768	0.718704688255	0.765587240213	0.722571290478	0.710971483809	0.737071048816	0.640405993233	0.620106331561	0.618173030449	0.640889318511	0.621072982117	0.741420976317	0.636056065732	0.730787820203	0.605123247946	0.700821652972
AH8	0.555824069599	0.575640405993	0.949250845819	0.652489125181	0.672788786854	0.524891251812	0.687288545191	0.512808119865	0.506524891252	0.62735621073	0.509424842919	0.635572740454	0.576607056549	0.86563557274	0.644272595457	0.562107298212	0.422426292895	0.381343644273	0.898018366361	0.725954567424	0.551474142098	0.484291928468	0.461575640406	0.48380860319	0.845819236346	0.574673755437	0.466408893185	0.462542290962	0.520057999033	0.551474142098	0.317544707588	0.0	0.497825036249	0.543740937651	0.749637506042	0.68970517158	0.533591106815	0.605123247946	0.543257612373	0.628806186564	0.593523441276	0.716771387144	0.707588206863	0.618656355727	0.578057032383	0.569840502658	0.722087965201	0.672788786854	0.729337844369	0.679072015466	0.661672305462	0.683905268246	0.593523441276	0.578057032383	0.570807153214	0.597390043499	0.565490575157	0.686321894635	0.586273562107	0.690671822136	0.559690671822	0.660222329628
AA5	0.585790236829	0.49540840986	0.952634122765	0.621072982117	0.609473175447	0.447075882069	0.622039632673	0.396326727888	0.41662638956	0.551474142098	0.425326244563	0.555340744321	0.5186080232	0.871435476075	0.561140647656	0.553890768487	0.418559690672	0.401159980667	0.922184630256	0.757370710488	0.5601739971	0.471725471242	0.466892218463	0.488158530691	0.897535041083	0.617689705172	0.426292895118	0.436926051232	0.51377477042	0.564040599323	0.556790720155	0.497825036249	0.0	0.348477525375	0.665538907685	0.596423392943	0.459159014016	0.477525374577	0.45142580957	0.547124214596	0.478975350411	0.623972933784	0.599323344611	0.469308844853	0.522957950701	0.481875302078	0.705654905752	0.633156114065	0.678588690188	0.647655872402	0.64813919768	0.681005316578	0.546640889319	0.55099081682	0.556307394877	0.549540840986	0.525857902368	0.670372160464	0.57177380377	0.643789270179	0.497825036249	0.630739487675
AA6	0.586756887385	0.507974867086	0.956500724988	0.637989366844	0.632189463509	0.462542290962	0.643789270179	0.444175930401	0.462058965684	0.568873852102	0.482358627356	0.581440309328	0.522474625423	0.872402126631	0.597873368777	0.564040599323	0.485258579024	0.480425326245	0.930884485259	0.758820686322	0.598356694055	0.492508458192	0.515708071532	0.540357660706	0.905268245529	0.614306428226	0.464958917351	0.485258579024	0.540840985984	0.56935717738	0.605606573224	0.543740937651	0.348477525375	0.0	0.658772353794	0.585306911551	0.497825036249	0.493958434026	0.463508941518	0.568390526825	0.494925084582	0.656839052682	0.634122764621	0.508458192363	0.449492508458	0.411793136781	0.693571773804	0.628806186564	0.672305461576	0.646205896568	0.639922667956	0.669888835186	0.543257612373	0.543740937651	0.549540840986	0.544224262929	0.527307878202	0.661188980184	0.576607056549	0.642822619623	0.499275012083	0.626872885452
AB5	0.741420976317	0.653455775737	0.969067182214	0.716288061866	0.636056065732	0.618656355727	0.732721121315	0.647172547124	0.654422426293	0.687771870469	0.659255679072	0.585790236829	0.662638956017	0.890768487192	0.704204929918	0.697438376027	0.695505074915	0.694055099082	0.942484291928	0.808119864669	0.790720154664	0.717254712421	0.734171097148	0.734654422426	0.926534557757	0.749637506042	0.68293861769	0.711938134364	0.73610439826	0.752054132431	0.768970517158	0.749637506042	0.665538907685	0.658772353794	0.0	0.329144514258	0.603189946834	0.654422426293	0.637022716288	0.608023199613	0.593040115998	0.733204446593	0.717254712421	0.639922667956	0.621556307395	0.621556307395	0.626389560174	0.608023199613	0.633639439343	0.601739971	0.619623006283	0.610923151281	0.590140164331	0.591590140164	0.601256645723	0.605123247946	0.64572257129	0.600773320445	0.658289028516	0.607539874335	0.656355727405	0.610923151281
AB6	0.684871918801	0.596423392943	0.962300628323	0.660222329628	0.602706621556	0.551957467376	0.668438859352	0.576607056549	0.597390043499	0.621072982117	0.608506524891	0.519091348478	0.60415659739	0.8796520058	0.645239246013	0.637506041566	0.640889318511	0.637506041566	0.935717738038	0.773803769937	0.73852102465	0.658772353794	0.677138714355	0.673755437409	0.919284678589	0.69453842436	0.624456259062	0.656839052682	0.667472208797	0.685355244079	0.719671338811	0.68970517158	0.596423392943	0.585306911551	0.329144514258	0.0	0.551957467376	0.587723537941	0.578540357661	0.545674238763	0.526341227646	0.674722087965	0.65055582407	0.544707588207	0.547607539874	0.541324311261	0.596423392943	0.53939101015	0.583856935718	0.546157564041	0.551957467376	0.573223779604	0.520541324311	0.541324311261	0.553407443209	0.549540840986	0.586273562107	0.561623972934	0.603189946834	0.552440792653	0.605606573224	0.535524407927
AC5	0.605606573224	0.55775737071	0.966650555824	0.63653939101	0.631222812953	0.449975833736	0.666988883519	0.452875785404	0.441759304012	0.596906718221	0.422426292895	0.554374093765	0.547124214596	0.885451909135	0.639922667956	0.601256645723	0.477525374577	0.466892218463	0.950217496375	0.778637022716	0.61333977767	0.543740937651	0.508458192363	0.50459159014	0.919768003867	0.636056065732	0.454809086515	0.503141614306	0.53697438376	0.581440309328	0.560657322378	0.533591106815	0.459159014016	0.497825036249	0.603189946834	0.551957467376	0.0	0.450942484292	0.445142580957	0.575640405993	0.518124697922	0.711454809087	0.678588690188	0.545190913485	0.46302561624	0.463508941518	0.611406476559	0.559690671822	0.619139681005	0.571290478492	0.564040599323	0.591106814886	0.512324794587	0.472692121798	0.48622522958	0.493958434026	0.566940550991	0.587240212663	0.591106814886	0.56935717738	0.508941517641	0.555340744321
AC6	0.609473175447	0.497341710971	0.948767520541	0.624456259062	0.587723537941	0.5186080232	0.527307878202	0.4813919768	0.536007733204	0.479458675689	0.556790720155	0.558240695988	0.554857419043	0.857902368294	0.549057515708	0.576123731271	0.562107298212	0.56259062349	0.920251329145	0.752054132431	0.646689221846	0.568873852102	0.587723537941	0.579023682939	0.903818269696	0.614789753504	0.544707588207	0.556790720155	0.578057032383	0.583856935718	0.651039149348	0.605123247946	0.477525374577	0.493958434026	0.654422426293	0.587723537941	0.450942484292	0.0	0.530691155147	0.498791686805	0.492025132914	0.486708554857	0.46060898985	0.427259545674	0.565007249879	0.564040599323	0.68970517158	0.636056065732	0.677622039633	0.633156114065	0.641372643789	0.667955534074	0.586273562107	0.580473658772	0.577090381827	0.573223779604	0.550024166264	0.662155630739	0.594490091832	0.633639439343	0.549057515708	0.629772837119
AD6	0.584823586274	0.524407926535	0.96520057999	0.612373127115	0.601739971	0.41662638956	0.630739487675	0.420976317061	0.42822619623	0.56259062349	0.429192846786	0.545674238763	0.519091348478	0.880618656356	0.602706621556	0.559207346544	0.465925567907	0.458675688739	0.946350894152	0.771387143548	0.590623489609	0.5186080232	0.519091348478	0.522474625423	0.913968100532	0.623489608507	0.475108748188	0.504108264862	0.526341227646	0.574673755437	0.589656839053	0.543257612373	0.45142580957	0.463508941518	0.637022716288	0.578540357661	0.445142580957	0.530691155147	0.0	0.541324311261	0.418559690672	0.701788303528	0.672305461576	0.535524407927	0.48380860319	0.482841952634	0.62735621073	0.570807153214	0.620589656839	0.579507008217	0.583856935718	0.615273078782	0.505558240696	0.482841952634	0.482358627356	0.484775253746	0.543257612373	0.608023199613	0.563557274045	0.598840019333	0.459642339294	0.561140647656
AE5	0.631222812953	0.531657805703	0.965683905268	0.629772837119	0.536491058482	0.537457709038	0.575640405993	0.540840985984	0.59497341711	0.534074432093	0.601739971	0.505074915418	0.565490575157	0.87723537941	0.563557274045	0.581923634606	0.593523441276	0.595940067666	0.927501208313	0.758820686322	0.722087965201	0.637989366844	0.652005799903	0.643789270179	0.883035282745	0.646205896568	0.600773320445	0.623006283229	0.631706138231	0.65732237796	0.673755437409	0.628806186564	0.547124214596	0.568390526825	0.608023199613	0.545674238763	0.575640405993	0.498791686805	0.541324311261	0.0	0.344610923151	0.601256645723	0.579023682939	0.487675205413	0.614306428226	0.617689705172	0.646205896568	0.589656839053	0.624456259062	0.578057032383	0.612373127115	0.631222812953	0.52537457709	0.554857419043	0.584340260996	0.550024166264	0.546157564041	0.617689705172	0.573707104882	0.59255679072	0.563073948768	0.591106814886
AE6	0.596906718221	0.478975350411	0.965683905268	0.609473175447	0.552924117931	0.460125664572	0.56935717738	0.461575640406	0.529241179314	0.507974867086	0.529241179314	0.501691638473	0.506524891252	0.875302078299	0.554857419043	0.545190913485	0.536007733204	0.531174480425	0.932334461092	0.757370710488	0.662155630739	0.572257129048	0.593523441276	0.593040115998	0.892218463026	0.617689705172	0.532141130981	0.562107298212	0.582406959884	0.602706621556	0.634606089899	0.593523441276	0.478975350411	0.494925084582	0.593040115998	0.526341227646	0.518124697922	0.492025132914	0.418559690672	0.344610923151	0.0	0.635089415176	0.610923151281	0.465925567907	0.540357660706	0.541807636539	0.633156114065	0.577573707105	0.61575640406	0.567423876269	0.597873368777	0.622039632673	0.491541807637	0.491058482359	0.505558240696	0.488641855969	0.511841469309	0.60657322378	0.547607539874	0.585306911551	0.496375060416	0.574673755437
AF5	0.709038182697	0.622522957951	0.931851135814	0.659255679072	0.654905751571	0.677138714355	0.551957467376	0.637022716288	0.691155147414	0.578057032383	0.715804736588	0.639922667956	0.676172063799	0.842919284679	0.603189946834	0.666988883519	0.718704688255	0.716771387144	0.876268728855	0.723537941034	0.706621556307	0.676172063799	0.721121314645	0.713871435476	0.8796520058	0.686321894635	0.698405026583	0.679072015466	0.665538907685	0.668438859352	0.757370710488	0.716771387144	0.623972933784	0.656839052682	0.733204446593	0.674722087965	0.711454809087	0.486708554857	0.701788303528	0.601256645723	0.635089415176	0.0	0.260995650072	0.554374093765	0.72692121798	0.709521507975	0.764620589657	0.709038182697	0.753020782987	0.704688255196	0.732721121315	0.749637506042	0.688738521025	0.717254712421	0.732237796037	0.709038182697	0.668438859352	0.739971000483	0.680038666022	0.710488158531	0.708554857419	0.717738037699
AF6	0.698888351861	0.602706621556	0.927984533591	0.64813919768	0.639922667956	0.652972450459	0.53939101015	0.611406476559	0.665055582407	0.556307394877	0.691155147414	0.626872885452	0.656355727405	0.845819236346	0.581440309328	0.658289028516	0.696471725471	0.69212179797	0.873368777187	0.722087965201	0.695988400193	0.655389076849	0.695988400193	0.684388593523	0.876752054132	0.669405509908	0.674722087965	0.655389076849	0.6389560174	0.653939101015	0.740454325761	0.707588206863	0.599323344611	0.634122764621	0.717254712421	0.65055582407	0.678588690188	0.46060898985	0.672305461576	0.579023682939	0.610923151281	0.260995650072	0.0	0.524891251812	0.70372160464	0.686321894635	0.758337361044	0.697438376027	0.73610439826	0.693088448526	0.705171580474	0.737554374094	0.669888835186	0.694055099082	0.700338327695	0.685355244079	0.645239246013	0.728371193813	0.657805703238	0.69453842436	0.685355244079	0.70130497825
