	AA3	AA4	AB3	AB4	AC3	AC4	AD3	AD4	AE3	AE4	AF3	AF4	AG3	AG4	AH3	AH4	AA7	AA8	AB7	AB8	AC7	AC8	AD7	AD8	AE7	AE8	AF7	AF8	AG7	AG8	AH7	AH8	AA5	AA6	AB5	AB6	AC5	AC6	AD6	AE5	AE6	AF5	AF6	AG5	AH5	AH6	AA1	AA2	AB1	AB2	AC1	AC2	AD1	AD2	AE1	AE2	AF1	AF2	AG1	AG2	AH1	AH2
AA3	0.0	0.488158530691	0.929917834703	0.625906234896	0.669888835186	0.570807153214	0.680038666022	0.567423876269	0.553890768487	0.617689705172	0.597873368777	0.610923151281	0.574190430159	0.84726921218	0.644755920735	0.333494441759	0.552440792653	0.558240695988	0.861285645239	0.697438376027	0.603673272112	0.553890768487	0.574673755437	0.5601739971	0.837602706622	0.591590140164	0.553407443209	0.542774287095	0.577090381827	0.582406959884	0.582890285162	0.543257612373	0.56935717738	0.591106814886	0.746254229096	0.683905268246	0.607539874335	0.610439826003	0.594006766554	0.617689705172	0.594006766554	0.715804736588	0.685355244079	0.603189946834	0.608989850169	0.602223296278	0.677138714355	0.640889318511	0.708071532141	0.671822136298	0.634606089899	0.65732237796	0.576607056549	0.567907201547	0.568390526825	0.560657322378	0.568873852102	0.659255679072	0.588690188497	0.666022232963	0.564523924601	0.635572740454
AA4	0.488158530691	0.0	0.947317544708	0.576123731271	0.579023682939	0.494441759304	0.595456742388	0.48380860319	0.511841469309	0.521991300145	0.562107298212	0.510391493475	0.475592073465	0.860318994683	0.378927017883	0.370710488159	0.522474625423	0.531174480425	0.899468342194	0.719671338811	0.663605606573	0.575157080715	0.587240212663	0.591106814886	0.880135331078	0.630739487675	0.548090865152	0.55099081682	0.611406476559	0.627839536008	0.637989366844	0.573707104882	0.509908168197	0.529724504592	0.669888835186	0.593040115998	0.575640405993	0.506041565974	0.537457709038	0.522957950701	0.488641855969	0.628322861286	0.585306911551	0.499275012083	0.584823586274	0.567423876269	0.65055582407	0.575157080715	0.628322861286	0.600289995167	0.600289995167	0.620106331561	0.526824552924	0.523441275979	0.540840985984	0.516674722088	0.499758337361	0.625906234896	0.519091348478	0.594006766554	0.526824552924	0.579023682939
AB3	0.929917834703	0.947317544708	0.0	0.691155147414	0.918318028033	0.956500724988	0.959400676655	0.943934267762	0.929917834703	0.952150797487	0.973417109715	0.934267762204	0.961817303045	0.323344610923	0.961333977767	0.942967617206	0.970517158047	0.968100531658	0.743837602707	0.741904301595	0.884968583857	0.918801353311	0.957467375544	0.944900918318	0.852585790237	0.897051715805	0.94683421943	0.934751087482	0.854519091348	0.837602706622	0.952634122765	0.950700821653	0.957467375544	0.964717254712	0.971967133881	0.963750604157	0.973417109715	0.952634122765	0.973900434993	0.972450459159	0.971483808603	0.93281778637	0.926051232479	0.950217496375	0.979700338328	0.973900434993	0.972933784437	0.971483808603	0.969550507492	0.971483808603	0.970033832769	0.969067182214	0.972450459159	0.971483808603	0.973417109715	0.970517158047	0.971483808603	0.970033832769	0.972933784437	0.971967133881	0.976317061382	0.970033832769
AB4	0.625906234896	0.576123731271	0.691155147414	0.0	0.63653939101	0.597390043499	0.6805219913	0.617689705172	0.609473175447	0.619139681005	0.656355727405	0.593040115998	0.484775253746	0.578540357661	0.60657322378	0.588690188497	0.633639439343	0.630256162397	0.727404543258	0.538907684872	0.652972450459	0.625906234896	0.656839052682	0.645239246013	0.788303528275	0.632672788787	0.64572257129	0.635572740454	0.558240695988	0.582406959884	0.686321894635	0.637022716288	0.642822619623	0.660222329628	0.732237796037	0.65973900435	0.65732237796	0.623006283229	0.625906234896	0.626389560174	0.61575640406	0.646689221846	0.631222812953	0.610923151281	0.684871918801	0.680038666022	0.695988400193	0.652489125181	0.696955050749	0.673755437409	0.660705654906	0.666022232963	0.62493958434	0.626872885452	0.652972450459	0.630739487675	0.634122764621	0.675688738521	0.631706138231	0.675205413243	0.65055582407	0.65055582407
AC3	0.669888835186	0.579023682939	0.918318028033	0.63653939101	0.0	0.492025132914	0.641855969067	0.561623972934	0.578540357661	0.581923634606	0.62493958434	0.324311261479	0.602223296278	0.833736104398	0.620589656839	0.61575640406	0.612373127115	0.601256645723	0.867568873852	0.746737554374	0.734171097148	0.687288545191	0.729337844369	0.712421459642	0.829386176897	0.700338327695	0.662155630739	0.677622039633	0.690188496858	0.707588206863	0.71290478492	0.659255679072	0.627839536008	0.639922667956	0.624456259062	0.577090381827	0.623006283229	0.572740454326	0.589173513775	0.57177380377	0.56259062349	0.654422426293	0.631706138231	0.561623972934	0.643789270179	0.639439342678	0.583856935718	0.581923634606	0.565007249879	0.579990333494	0.585306911551	0.577573707105	0.53939101015	0.569840502658	0.583856935718	0.568873852102	0.613823102948	0.579990333494	0.612856452392	0.579023682939	0.620106331561	0.566940550991
AC4	0.570807153214	0.494441759304	0.956500724988	0.597390043499	0.492025132914	0.0	0.614789753504	0.399226679555	0.412276462059	0.491058482359	0.347510874819	0.390043499275	0.512808119865	0.863702271629	0.582406959884	0.542774287095	0.455292411793	0.443209279845	0.920734654422	0.739971000483	0.598356694055	0.527307878202	0.524891251812	0.514741420976	0.887868535524	0.574190430159	0.489608506525	0.505558240696	0.537941034316	0.571290478492	0.578540357661	0.498791686805	0.449492508458	0.475592073465	0.631706138231	0.553407443209	0.466408893185	0.498791686805	0.408893185114	0.53939101015	0.462058965684	0.669888835186	0.628806186564	0.493475108748	0.509424842919	0.494441759304	0.630739487675	0.558724021266	0.601256645723	0.584340260996	0.576607056549	0.595940067666	0.48380860319	0.503141614306	0.515708071532	0.501208313195	0.532141130981	0.601739971	0.541324311261	0.579990333494	0.487675205413	0.567907201547
AD3	0.680038666022	0.595456742388	0.959400676655	0.6805219913	0.641855969067	0.614789753504	0.0	0.536491058482	0.644755920735	0.356694055099	0.681488641856	0.60415659739	0.652489125181	0.87046882552	0.582406959884	0.639439342678	0.676172063799	0.686321894635	0.940067665539	0.759787336878	0.718704688255	0.69453842436	0.692605123248	0.688738521025	0.918801353311	0.688738521025	0.694055099082	0.688255195747	0.691155147414	0.687771870469	0.716771387144	0.688255195747	0.64813919768	0.660705654906	0.74528757854	0.662638956017	0.671822136298	0.534074432093	0.626389560174	0.582890285162	0.569840502658	0.554857419043	0.535041082649	0.541324311261	0.698405026583	0.688738521025	0.763170613823	0.698405026583	0.735621072982	0.719188013533	0.711454809087	0.728371193813	0.649105848236	0.657805703238	0.664572257129	0.65973900435	0.622039632673	0.723054615756	0.641372643789	0.716288061866	0.691638472692	0.70372160464
AD4	0.567423876269	0.48380860319	0.943934267762	0.617689705172	0.561623972934	0.399226679555	0.536491058482	0.0	0.333977767037	0.407926534558	0.434026099565	0.491058482359	0.521507974867	0.856935717738	0.548090865152	0.53697438376	0.449975833736	0.456259062349	0.937651039149	0.754954084099	0.582890285162	0.494925084582	0.493475108748	0.499758337361	0.905751570807	0.590140164331	0.458675688739	0.462058965684	0.517158047366	0.567423876269	0.5601739971	0.487191880135	0.404059932334	0.452875785404	0.653939101015	0.569840502658	0.464958917351	0.461092315128	0.42822619623	0.540840985984	0.458192363461	0.635572740454	0.594006766554	0.473175447076	0.5186080232	0.494925084582	0.673755437409	0.59497341711	0.648622522958	0.632189463509	0.611889801837	0.633639439343	0.515708071532	0.524407926535	0.536491058482	0.520541324311	0.528757854036	0.639439342678	0.551957467376	0.622039632673	0.501691638473	0.600773320445
AE3	0.553890768487	0.511841469309	0.929917834703	0.609473175447	0.578540357661	0.412276462059	0.644755920735	0.333977767037	0.0	0.511841469309	0.401159980667	0.508941517641	0.519091348478	0.850169163847	0.588206863219	0.539874335428	0.43064282262	0.430159497342	0.918801353311	0.735621072982	0.556307394877	0.47462542291	0.467858869019	0.471242145964	0.884968583857	0.578057032383	0.434992750121	0.450942484292	0.485741904302	0.554857419043	0.533591106815	0.46302561624	0.408409859836	0.465925567907	0.662155630739	0.592073465442	0.443209279845	0.514258095698	0.433059449009	0.593523441276	0.509908168197	0.684388593523	0.645239246013	0.513291445143	0.509424842919	0.483325277912	0.661188980184	0.593040115998	0.64813919768	0.622039632673	0.603673272112	0.62735621073	0.531174480425	0.526824552924	0.541807636539	0.521024649589	0.54857419043	0.637506041566	0.56935717738	0.61333977767	0.49540840986	0.599323344611
AE4	0.617689705172	0.521991300145	0.952150797487	0.619139681005	0.581923634606	0.491058482359	0.356694055099	0.407926534558	0.511841469309	0.0	0.566940550991	0.53020782987	0.575640405993	0.860802319961	0.549540840986	0.56935717738	0.561140647656	0.570323827936	0.937651039149	0.753504108265	0.652489125181	0.587240212663	0.585306911551	0.584340260996	0.905268245529	0.608023199613	0.579507008217	0.574190430159	0.583856935718	0.601739971	0.632672788787	0.570807153214	0.531657805703	0.549540840986	0.693571773804	0.607539874335	0.556790720155	0.455292411793	0.524407926535	0.514258095698	0.478008699855	0.582406959884	0.546640889319	0.46979217013	0.602706621556	0.587723537941	0.70372160464	0.639922667956	0.686805219913	0.669888835186	0.652972450459	0.674238762687	0.581440309328	0.582890285162	0.590140164331	0.587240212663	0.551474142098	0.67133881102	0.580473658772	0.660705654906	0.578057032383	0.642822619623
AF3	0.597873368777	0.562107298212	0.973417109715	0.656355727405	0.62493958434	0.347510874819	0.681488641856	0.434026099565	0.401159980667	0.566940550991	0.0	0.522474625423	0.543740937651	0.885935234413	0.626389560174	0.585790236829	0.440309328178	0.418076365394	0.957950700822	0.779603673272	0.597390043499	0.528274528758	0.439342677622	0.451909134848	0.924117931368	0.610439826003	0.440309328178	0.506041565974	0.538907684872	0.601739971	0.533591106815	0.485258579024	0.441759304012	0.500724987917	0.673755437409	0.615273078782	0.43064282262	0.54857419043	0.446109231513	0.616239729338	0.525857902368	0.71532141131	0.681488641856	0.542290961817	0.506041565974	0.489125181247	0.666988883519	0.59255679072	0.664572257129	0.625906234896	0.608023199613	0.635089415176	0.543740937651	0.522474625423	0.540840985984	0.527307878202	0.576607056549	0.641372643789	0.588690188497	0.609956500725	0.506041565974	0.595456742388
AF4	0.610923151281	0.510391493475	0.934267762204	0.593040115998	0.324311261479	0.390043499275	0.60415659739	0.491058482359	0.508941517641	0.53020782987	0.522474625423	0.0	0.532624456259	0.844369260512	0.567907201547	0.559690671822	0.550024166264	0.540357660706	0.880618656356	0.701788303528	0.691155147414	0.624456259062	0.661188980184	0.647172547124	0.849202513291	0.630256162397	0.60415659739	0.620589656839	0.641855969067	0.664088931851	0.654422426293	0.600289995167	0.556790720155	0.578057032383	0.612856452392	0.530691155147	0.567907201547	0.535041082649	0.514258095698	0.519574673755	0.50459159014	0.622039632673	0.595940067666	0.516674722088	0.581923634606	0.580473658772	0.594490091832	0.540357660706	0.574673755437	0.553407443209	0.556307394877	0.570323827936	0.490575157081	0.512324794587	0.538424359594	0.504108264862	0.559690671822	0.570323827936	0.555824069599	0.555824069599	0.551957467376	0.534074432093
AG3	0.574190430159	0.475592073465	0.961817303045	0.484775253746	0.602223296278	0.512808119865	0.652489125181	0.521507974867	0.519091348478	0.575640405993	0.543740937651	0.532624456259	0.0	0.849202513291	0.540357660706	0.517641372644	0.503141614306	0.493958434026	0.9212179797	0.741904301595	0.676172063799	0.597390043499	0.591590140164	0.605123247946	0.873368777187	0.63653939101	0.544224262929	0.570323827936	0.618656355727	0.638472692122	0.633156114065	0.562107298212	0.537941034316	0.542290961817	0.662155630739	0.601256645723	0.556307394877	0.545674238763	0.529724504592	0.565007249879	0.529724504592	0.676655389077	0.637989366844	0.536007733204	0.578057032383	0.564523924601	0.617689705172	0.559690671822	0.619623006283	0.602706621556	0.58095698405	0.592073465442	0.505558240696	0.507491541808	0.550507491542	0.507491541808	0.543257612373	0.602706621556	0.550024166264	0.602706621556	0.51377477042	0.576607056549
AG4	0.84726921218	0.860318994683	0.323344610923	0.578540357661	0.833736104398	0.863702271629	0.87046882552	0.856935717738	0.850169163847	0.860802319961	0.885935234413	0.844369260512	0.849202513291	0.0	0.873368777187	0.852585790237	0.887868535524	0.886901884969	0.714838086032	0.661188980184	0.812953117448	0.841469308845	0.881585306912	0.869502174964	0.818269695505	0.815369743838	0.869502174964	0.854519091348	0.776703721605	0.745770903818	0.882068632189	0.86805219913	0.876752054132	0.880618656356	0.895118414693	0.883518608023	0.887868535524	0.863218946351	0.882551957467	0.884485258579	0.881585306912	0.84726921218	0.841469308845	0.869018849686	0.899468342194	0.890285161914	0.887385210246	0.886901884969	0.886418559691	0.881101981634	0.894635089415	0.884485258579	0.891735137748	0.885451909135	0.894635089415	0.889318511358	0.887385210246	0.885451909135	0.884001933301	0.884001933301	0.896085065249	0.886901884969
AH3	0.644755920735	0.378927017883	0.961333977767	0.60657322378	0.620589656839	0.582406959884	0.582406959884	0.548090865152	0.588206863219	0.549540840986	0.626389560174	0.567907201547	0.540357660706	0.873368777187	0.0	0.519091348478	0.612856452392	0.622039632673	0.926534557757	0.754470758821	0.710971483809	0.646689221846	0.637022716288	0.656839052682	0.91203479942	0.695988400193	0.64572257129	0.641372643789	0.669888835186	0.686805219913	0.70372160464	0.64572257129	0.581440309328	0.608989850169	0.729337844369	0.646689221846	0.646205896568	0.537941034316	0.608506524891	0.559207346544	0.556790720155	0.593040115998	0.572257129048	0.554374093765	0.665538907685	0.648622522958	0.716771387144	0.622039632673	0.671822136298	0.663605606573	0.65973900435	0.673272112131	0.604639922668	0.602706621556	0.620589656839	0.602223296278	0.578540357661	0.679555340744	0.59497341711	0.658772353794	0.602223296278	0.626389560174
AH4	0.333494441759	0.370710488159	0.942967617206	0.588690188497	0.61575640406	0.542774287095	0.639439342678	0.53697438376	0.539874335428	0.56935717738	0.585790236829	0.559690671822	0.517641372644	0.852585790237	0.519091348478	0.0	0.521991300145	0.536007733204	0.869985500242	0.701788303528	0.641372643789	0.565490575157	0.582890285162	0.580473658772	0.846302561624	0.607056549058	0.552924117931	0.552440792653	0.596906718221	0.60657322378	0.600773320445	0.552924117931	0.541807636539	0.558240695988	0.709038182697	0.638472692122	0.594490091832	0.570323827936	0.563073948768	0.574673755437	0.542774287095	0.669405509908	0.640889318511	0.561623972934	0.609473175447	0.59255679072	0.65973900435	0.60415659739	0.672305461576	0.631706138231	0.611889801837	0.626389560174	0.552924117931	0.536491058482	0.544224262929	0.524891251812	0.515224746254	0.633639439343	0.544707588207	0.630256162397	0.549540840986	0.598840019333
AA7	0.552440792653	0.522474625423	0.970517158047	0.633639439343	0.612373127115	0.455292411793	0.676172063799	0.449975833736	0.43064282262	0.561140647656	0.440309328178	0.550024166264	0.503141614306	0.887868535524	0.612856452392	0.521991300145	0.0	0.289028516191	0.916384726921	0.751570807153	0.597873368777	0.502658289029	0.476075398743	0.493475108748	0.867568873852	0.587240212663	0.437892701788	0.474142097632	0.53020782987	0.593040115998	0.51619139681	0.408409859836	0.433059449009	0.471242145964	0.696471725471	0.632189463509	0.468342194297	0.544224262929	0.471725471242	0.595940067666	0.517158047366	0.707104881585	0.668438859352	0.536491058482	0.543740937651	0.524891251812	0.65055582407	0.594490091832	0.652489125181	0.637989366844	0.587240212663	0.614789753504	0.506041565974	0.522957950701	0.531657805703	0.516674722088	0.525857902368	0.611406476559	0.545190913485	0.631222812953	0.489125181247	0.596423392943
AA8	0.558240695988	0.531174480425	0.968100531658	0.630256162397	0.601256645723	0.443209279845	0.686321894635	0.456259062349	0.430159497342	0.570323827936	0.418076365394	0.540357660706	0.493958434026	0.886901884969	0.622039632673	0.536007733204	0.289028516191	0.0	0.91445142581	0.745770903818	0.594490091832	0.496375060416	0.463508941518	0.478975350411	0.862735621073	0.577090381827	0.419526341228	0.468825519575	0.520541324311	0.582406959884	0.468825519575	0.369743837603	0.449975833736	0.487191880135	0.695988400193	0.636056065732	0.457225712905	0.554857419043	0.467858869019	0.601256645723	0.521991300145	0.721121314645	0.681005316578	0.546640889319	0.529724504592	0.510874818753	0.640889318511	0.575640405993	0.65055582407	0.626872885452	0.575157080715	0.596423392943	0.506041565974	0.503624939584	0.519574673755	0.503624939584	0.535524407927	0.605606573224	0.555340744321	0.614789753504	0.472692121798	0.576123731271
AB7	0.861285645239	0.899468342194	0.743837602707	0.727404543258	0.867568873852	0.920734654422	0.940067665539	0.937651039149	0.918801353311	0.937651039149	0.957950700822	0.880618656356	0.9212179797	0.714838086032	0.926534557757	0.869985500242	0.916384726921	0.91445142581	0.0	0.412276462059	0.809086515225	0.851135814403	0.934267762204	0.911551474142	0.734171097148	0.82165297245	0.890285161914	0.872402126631	0.749154180764	0.698888351861	0.882068632189	0.893185113581	0.923151280812	0.938134364427	0.942484291928	0.933301111648	0.944900918318	0.90961817303	0.954084098598	0.926051232479	0.93281778637	0.876752054132	0.873852102465	0.907201546641	0.95601739971	0.950700821653	0.923151280812	0.928467858869	0.930884485259	0.932334461092	0.927017883035	0.915418076365	0.912518124698	0.920251329145	0.914934751087	0.912518124698	0.917834702755	0.910584823586	0.922184630256	0.927017883035	0.946350894152	0.921701304978
AB8	0.697438376027	0.719671338811	0.741904301595	0.538907684872	0.746737554374	0.739971000483	0.759787336878	0.754954084099	0.735621072982	0.753504108265	0.779603673272	0.701788303528	0.741904301595	0.661188980184	0.754470758821	0.701788303528	0.751570807153	0.745770903818	0.412276462059	0.0	0.639922667956	0.674722087965	0.746737554374	0.721121314645	0.729337844369	0.644755920735	0.710004833253	0.68293861769	0.534074432093	0.517641372644	0.722571290478	0.723537941034	0.749154180764	0.757854035766	0.812953117448	0.755920734654	0.762687288545	0.724021266312	0.768003866602	0.74528757854	0.74770420493	0.71290478492	0.700821652972	0.721121314645	0.774287095215	0.776703721605	0.807636539391	0.743837602707	0.795070082165	0.768970517158	0.758820686322	0.76848719188	0.743354277429	0.739487675205	0.74770420493	0.737554374094	0.737071048816	0.769453842436	0.742387626873	0.768970517158	0.764137264379	0.741904301595
AC7	0.603673272112	0.663605606573	0.884968583857	0.652972450459	0.734171097148	0.598356694055	0.718704688255	0.582890285162	0.556307394877	0.652489125181	0.597390043499	0.691155147414	0.676172063799	0.812953117448	0.710971483809	0.641372643789	0.597873368777	0.594490091832	0.809086515225	0.639922667956	0.0	0.374577090382	0.579507008217	0.565007249879	0.81246979217	0.580473658772	0.559690671822	0.519574673755	0.476558724021	0.488641855969	0.581923634606	0.552440792653	0.563073948768	0.602223296278	0.808603189947	0.743837602707	0.642339294345	0.643789270179	0.614306428226	0.717254712421	0.655872402127	0.71290478492	0.695505074915	0.632672788787	0.639439342678	0.622039632673	0.813919768004	0.746254229096	0.80328661189	0.78927017883	0.747220879652	0.775253745771	0.681971967134	0.674238762687	0.688255195747	0.677138714355	0.674238762687	0.786853552441	0.685355244079	0.772353794103	0.619623006283	0.756404059932
AC8	0.553890768487	0.575157080715	0.918801353311	0.625906234896	0.687288545191	0.527307878202	0.69453842436	0.494925084582	0.47462542291	0.587240212663	0.528274528758	0.624456259062	0.597390043499	0.841469308845	0.646689221846	0.565490575157	0.502658289029	0.496375060416	0.851135814403	0.674722087965	0.374577090382	0.0	0.488641855969	0.486708554857	0.845335911068	0.546157564041	0.400676655389	0.3610439826	0.44900918318	0.497341710971	0.521024649589	0.46060898985	0.470758820686	0.512808119865	0.734171097148	0.664088931851	0.552924117931	0.578057032383	0.537941034316	0.641372643789	0.573223779604	0.674722087965	0.643305944901	0.565490575157	0.566940550991	0.549540840986	0.735137747704	0.660705654906	0.72692121798	0.71532141131	0.664572257129	0.691638472692	0.604639922668	0.593040115998	0.609473175447	0.598356694055	0.586756887385	0.705654905752	0.607056549058	0.695505074915	0.534557757371	0.672788786854
AD7	0.574673755437	0.587240212663	0.957467375544	0.656839052682	0.729337844369	0.524891251812	0.692605123248	0.493475108748	0.467858869019	0.585306911551	0.439342677622	0.661188980184	0.591590140164	0.881585306912	0.637022716288	0.582890285162	0.476075398743	0.463508941518	0.934267762204	0.746737554374	0.579507008217	0.488641855969	0.0	0.294828419526	0.895601739971	0.512324794587	0.41904301595	0.462542290962	0.494925084582	0.5601739971	0.507491541808	0.455292411793	0.479458675689	0.531174480425	0.744320927985	0.672305461576	0.515708071532	0.587240212663	0.531657805703	0.646205896568	0.584340260996	0.718704688255	0.679072015466	0.588690188497	0.56259062349	0.547124214596	0.745770903818	0.666988883519	0.743354277429	0.72450459159	0.67133881102	0.695021749638	0.616239729338	0.600289995167	0.608506524891	0.606089898502	0.585790236829	0.706621556307	0.609956500725	0.698405026583	0.55099081682	0.672788786854
AD8	0.5601739971	0.591106814886	0.944900918318	0.645239246013	0.712421459642	0.514741420976	0.688738521025	0.499758337361	0.471242145964	0.584340260996	0.451909134848	0.647172547124	0.605123247946	0.869502174964	0.656839052682	0.580473658772	0.493475108748	0.478975350411	0.911551474142	0.721121314645	0.565007249879	0.486708554857	0.294828419526	0.0	0.85645239246	0.474142097632	0.41904301595	0.457225712905	0.475592073465	0.535524407927	0.490575157081	0.465442242629	0.500724987917	0.551957467376	0.750604156597	0.676655389077	0.521991300145	0.59497341711	0.53939101015	0.644272595457	0.584340260996	0.714838086032	0.687288545191	0.592073465442	0.571290478492	0.567423876269	0.748187530208	0.667472208797	0.744320927985	0.724021266312	0.672305461576	0.69453842436	0.616239729338	0.604639922668	0.610439826003	0.612373127115	0.607056549058	0.706621556307	0.612373127115	0.699855002417	0.55775737071	0.677622039633
AE7	0.837602706622	0.880135331078	0.852585790237	0.788303528275	0.829386176897	0.887868535524	0.918801353311	0.905751570807	0.884968583857	0.905268245529	0.924117931368	0.849202513291	0.873368777187	0.818269695505	0.91203479942	0.846302561624	0.867568873852	0.862735621073	0.734171097148	0.729337844369	0.81246979217	0.845335911068	0.895601739971	0.85645239246	0.0	0.549057515708	0.867085548574	0.854519091348	0.77090381827	0.760753987434	0.837119381344	0.838569357177	0.897535041083	0.908651522475	0.930401159981	0.916868052199	0.921701304978	0.897051715805	0.919284678589	0.878202029966	0.903818269696	0.87723537941	0.867568873852	0.877718704688	0.935717738038	0.928467858869	0.895601739971	0.910584823586	0.907684871919	0.900918318028	0.903334944418	0.895118414693	0.889318511358	0.903334944418	0.902368293862	0.893668438859	0.903334944418	0.889318511358	0.905268245529	0.902368293862	0.913001449976	0.894151764137
AE8	0.591590140164	0.630739487675	0.897051715805	0.632672788787	0.700338327695	0.574190430159	0.688738521025	0.590140164331	0.578057032383	0.608023199613	0.610439826003	0.630256162397	0.63653939101	0.815369743838	0.695988400193	0.607056549058	0.587240212663	0.577090381827	0.82165297245	0.644755920735	0.580473658772	0.546157564041	0.512324794587	0.474142097632	0.549057515708	0.0	0.562107298212	0.542290961817	0.508458192363	0.516674722088	0.567423876269	0.552924117931	0.593040115998	0.600289995167	0.758820686322	0.695505074915	0.618173030449	0.605123247946	0.607056549058	0.656839052682	0.625422909618	0.690188496858	0.659255679072	0.60657322378	0.633639439343	0.624456259062	0.758337361044	0.68970517158	0.754470758821	0.725471242146	0.697921701305	0.717254712421	0.653939101015	0.642339294345	0.64572257129	0.650072498792	0.651522474625	0.722571290478	0.65732237796	0.701788303528	0.604639922668	0.69212179797
AF7	0.553407443209	0.548090865152	0.94683421943	0.64572257129	0.662155630739	0.489608506525	0.694055099082	0.458675688739	0.434992750121	0.579507008217	0.440309328178	0.60415659739	0.544224262929	0.869502174964	0.64572257129	0.552924117931	0.437892701788	0.419526341228	0.890285161914	0.710004833253	0.559690671822	0.400676655389	0.41904301595	0.41904301595	0.867085548574	0.562107298212	0.0	0.321411309812	0.482358627356	0.53939101015	0.480425326245	0.451909134848	0.427259545674	0.477042049299	0.692605123248	0.628806186564	0.463992266796	0.542774287095	0.501208313195	0.605606573224	0.522957950701	0.70130497825	0.651039149348	0.538424359594	0.531657805703	0.51377477042	0.676172063799	0.608506524891	0.686321894635	0.669888835186	0.617206379894	0.636056065732	0.553890768487	0.541807636539	0.556307394877	0.539874335428	0.55099081682	0.642339294345	0.569840502658	0.648622522958	0.48622522958	0.623489608507
AF8	0.542774287095	0.55099081682	0.934751087482	0.635572740454	0.677622039633	0.505558240696	0.688255195747	0.462058965684	0.450942484292	0.574190430159	0.506041565974	0.620589656839	0.570323827936	0.854519091348	0.641372643789	0.552440792653	0.474142097632	0.468825519575	0.872402126631	0.68293861769	0.519574673755	0.3610439826	0.462542290962	0.457225712905	0.854519091348	0.542290961817	0.321411309812	0.0	0.453359110681	0.512324794587	0.524407926535	0.457709038183	0.440309328178	0.498308361527	0.710004833253	0.644272595457	0.515708071532	0.548090865152	0.516674722088	0.603189946834	0.547607539874	0.683905268246	0.637022716288	0.544224262929	0.54857419043	0.535041082649	0.694055099082	0.623489608507	0.704204929918	0.690671822136	0.634122764621	0.653455775737	0.565007249879	0.5601739971	0.571290478492	0.561623972934	0.551957467376	0.663605606573	0.570323827936	0.669888835186	0.502174963751	0.636056065732
AG7	0.577090381827	0.611406476559	0.854519091348	0.558240695988	0.690188496858	0.537941034316	0.691155147414	0.517158047366	0.485741904302	0.583856935718	0.538907684872	0.641855969067	0.618656355727	0.776703721605	0.669888835186	0.596906718221	0.53020782987	0.520541324311	0.749154180764	0.534074432093	0.476558724021	0.44900918318	0.494925084582	0.475592073465	0.77090381827	0.508458192363	0.482358627356	0.453359110681	0.0	0.329627839536	0.535041082649	0.497825036249	0.511841469309	0.56259062349	0.758337361044	0.680038666022	0.534557757371	0.574190430159	0.549540840986	0.642339294345	0.597873368777	0.664572257129	0.632672788787	0.567907201547	0.599806669889	0.59255679072	0.754954084099	0.675205413243	0.740454325761	0.725954567424	0.678105364911	0.710004833253	0.620106331561	0.62493958434	0.633639439343	0.631222812953	0.629289511841	0.716771387144	0.638472692122	0.705654905752	0.587723537941	0.680038666022
AG8	0.582406959884	0.627839536008	0.837602706622	0.582406959884	0.707588206863	0.571290478492	0.687771870469	0.567423876269	0.554857419043	0.601739971	0.601739971	0.664088931851	0.638472692122	0.745770903818	0.686805219913	0.60657322378	0.593040115998	0.582406959884	0.698888351861	0.517641372644	0.488641855969	0.497341710971	0.5601739971	0.535524407927	0.760753987434	0.516674722088	0.53939101015	0.512324794587	0.329627839536	0.0	0.57177380377	0.555824069599	0.566940550991	0.586756887385	0.778637022716	0.698405026583	0.593523441276	0.584340260996	0.59255679072	0.65732237796	0.609473175447	0.682455292412	0.652005799903	0.593040115998	0.620589656839	0.619139681005	0.775253745771	0.68970517158	0.763170613823	0.741904301595	0.700338327695	0.724987916868	0.647172547124	0.640889318511	0.647655872402	0.651522474625	0.643789270179	0.738037699372	0.662155630739	0.718704688255	0.610439826003	0.69453842436
AH7	0.582890285162	0.637989366844	0.952634122765	0.686321894635	0.71290478492	0.578540357661	0.716771387144	0.5601739971	0.533591106815	0.632672788787	0.533591106815	0.654422426293	0.633156114065	0.882068632189	0.70372160464	0.600773320445	0.51619139681	0.468825519575	0.882068632189	0.722571290478	0.581923634606	0.521024649589	0.507491541808	0.490575157081	0.837119381344	0.567423876269	0.480425326245	0.524407926535	0.535041082649	0.57177380377	0.0	0.333977767037	0.572740454326	0.610923151281	0.777187046883	0.727887868536	0.564040599323	0.647172547124	0.604639922668	0.663122281295	0.630739487675	0.763653939101	0.735137747704	0.639922667956	0.637506041566	0.627839536008	0.762687288545	0.710971483809	0.764620589657	0.739971000483	0.700821652972	0.725471242146	0.629289511841	0.640405993233	0.635089415176	0.6389560174	0.631222812953	0.728854519091	0.631222812953	0.721604639923	0.605606573224	0.711454809087
AH8	0.543257612373	0.573707104882	0.950700821653	0.637022716288	0.659255679072	0.498791686805	0.688255195747	0.487191880135	0.46302561624	0.570807153214	0.485258579024	0.600289995167	0.562107298212	0.86805219913	0.64572257129	0.552924117931	0.408409859836	0.369743837603	0.893185113581	0.723537941034	0.552440792653	0.46060898985	0.455292411793	0.465442242629	0.838569357177	0.552924117931	0.451909134848	0.457709038183	0.497825036249	0.555824069599	0.333977767037	0.0	0.485741904302	0.537457709038	0.736587723538	0.673755437409	0.515224746254	0.584340260996	0.526341227646	0.612856452392	0.565973900435	0.714354760754	0.676655389077	0.578540357661	0.57177380377	0.557274045433	0.699371677139	0.640405993233	0.708554857419	0.676655389077	0.638472692122	0.659255679072	0.566940550991	0.565490575157	0.577090381827	0.564523924601	0.558240695988	0.663605606573	0.574673755437	0.666505558241	0.530691155147	0.640405993233
AA5	0.56935717738	0.509908168197	0.957467375544	0.642822619623	0.627839536008	0.449492508458	0.64813919768	0.404059932334	0.408409859836	0.531657805703	0.441759304012	0.556790720155	0.537941034316	0.876752054132	0.581440309328	0.541807636539	0.433059449009	0.449975833736	0.923151280812	0.749154180764	0.563073948768	0.470758820686	0.479458675689	0.500724987917	0.897535041083	0.593040115998	0.427259545674	0.440309328178	0.511841469309	0.566940550991	0.572740454326	0.485741904302	0.0	0.350894151764	0.687288545191	0.589173513775	0.482358627356	0.477525374577	0.456742387627	0.562107298212	0.475592073465	0.634606089899	0.592073465442	0.471242145964	0.526341227646	0.485741904302	0.695505074915	0.624456259062	0.669888835186	0.659255679072	0.641855969067	0.667955534074	0.536007733204	0.549540840986	0.568873852102	0.546157564041	0.531657805703	0.669405509908	0.567907201547	0.644755920735	0.501208313195	0.625906234896
AA6	0.591106814886	0.529724504592	0.964717254712	0.660222329628	0.639922667956	0.475592073465	0.660705654906	0.452875785404	0.465925567907	0.549540840986	0.500724987917	0.578057032383	0.542290961817	0.880618656356	0.608989850169	0.558240695988	0.471242145964	0.487191880135	0.938134364427	0.757854035766	0.602223296278	0.512808119865	0.531174480425	0.551957467376	0.908651522475	0.600289995167	0.477042049299	0.498308361527	0.56259062349	0.586756887385	0.610923151281	0.537457709038	0.350894151764	0.0	0.673755437409	0.574190430159	0.508458192363	0.498791686805	0.476075398743	0.58337361044	0.497825036249	0.666505558241	0.614789753504	0.50459159014	0.456742387627	0.423876268729	0.693571773804	0.618656355727	0.666505558241	0.658772353794	0.634122764621	0.656839052682	0.539874335428	0.547124214596	0.562107298212	0.540357660706	0.540840985984	0.663122281295	0.573223779604	0.643305944901	0.507974867086	0.623489608507
AB5	0.746254229096	0.669888835186	0.971967133881	0.732237796037	0.624456259062	0.631706138231	0.74528757854	0.653939101015	0.662155630739	0.693571773804	0.673755437409	0.612856452392	0.662155630739	0.895118414693	0.729337844369	0.709038182697	0.696471725471	0.695988400193	0.942484291928	0.812953117448	0.808603189947	0.734171097148	0.744320927985	0.750604156597	0.930401159981	0.758820686322	0.692605123248	0.710004833253	0.758337361044	0.778637022716	0.777187046883	0.736587723538	0.687288545191	0.673755437409	0.0	0.309811503142	0.607539874335	0.662638956017	0.630739487675	0.643305944901	0.623972933784	0.744804253262	0.726437892702	0.647172547124	0.627839536008	0.625422909618	0.616239729338	0.615273078782	0.634122764621	0.607539874335	0.614789753504	0.610923151281	0.589656839053	0.587240212663	0.608506524891	0.609473175447	0.665055582407	0.606089898502	0.648622522958	0.602706621556	0.669405509908	0.610439826003
AB6	0.683905268246	0.593040115998	0.963750604157	0.65973900435	0.577090381827	0.553407443209	0.662638956017	0.569840502658	0.592073465442	0.607539874335	0.615273078782	0.530691155147	0.601256645723	0.883518608023	0.646689221846	0.638472692122	0.632189463509	0.636056065732	0.933301111648	0.755920734654	0.743837602707	0.664088931851	0.672305461576	0.676655389077	0.916868052199	0.695505074915	0.628806186564	0.644272595457	0.680038666022	0.698405026583	0.727887868536	0.673755437409	0.589173513775	0.574190430159	0.309811503142	0.0	0.551957467376	0.565490575157	0.555824069599	0.562107298212	0.549540840986	0.654422426293	0.631222812953	0.535524407927	0.549057515708	0.546157564041	0.593523441276	0.54857419043	0.590140164331	0.559207346544	0.5601739971	0.576607056549	0.520057999033	0.541324311261	0.565007249879	0.563557274045	0.594490091832	0.570323827936	0.591590140164	0.555340744321	0.619623006283	0.540357660706
AC5	0.607539874335	0.575640405993	0.973417109715	0.65732237796	0.623006283229	0.466408893185	0.671822136298	0.464958917351	0.443209279845	0.556790720155	0.43064282262	0.567907201547	0.556307394877	0.887868535524	0.646205896568	0.594490091832	0.468342194297	0.457225712905	0.944900918318	0.762687288545	0.642339294345	0.552924117931	0.515708071532	0.521991300145	0.921701304978	0.618173030449	0.463992266796	0.515708071532	0.534557757371	0.593523441276	0.564040599323	0.515224746254	0.482358627356	0.508458192363	0.607539874335	0.551957467376	0.0	0.438859352344	0.43740937651	0.581440309328	0.525857902368	0.711938134364	0.652005799903	0.533107781537	0.493958434026	0.48380860319	0.608989850169	0.554857419043	0.622522957951	0.59255679072	0.561623972934	0.581923634606	0.507491541808	0.494925084582	0.504108264862	0.510391493475	0.576123731271	0.585306911551	0.583856935718	0.572740454326	0.526824552924	0.5601739971
AC6	0.610439826003	0.506041565974	0.952634122765	0.623006283229	0.572740454326	0.498791686805	0.534074432093	0.461092315128	0.514258095698	0.455292411793	0.54857419043	0.535041082649	0.545674238763	0.863218946351	0.537941034316	0.570323827936	0.544224262929	0.554857419043	0.90961817303	0.724021266312	0.643789270179	0.578057032383	0.587240212663	0.59497341711	0.897051715805	0.605123247946	0.542774287095	0.548090865152	0.574190430159	0.584340260996	0.647172547124	0.584340260996	0.477525374577	0.498791686805	0.662638956017	0.565490575157	0.438859352344	0.0	0.51377477042	0.511841469309	0.459159014016	0.482358627356	0.425809569841	0.405509908168	0.564040599323	0.547607539874	0.664572257129	0.60657322378	0.64813919768	0.633639439343	0.618173030449	0.634122764621	0.555340744321	0.560657322378	0.5601739971	0.5601739971	0.546157564041	0.643789270179	0.562107298212	0.616239729338	0.541324311261	0.608506524891
AD6	0.594006766554	0.537457709038	0.973900434993	0.625906234896	0.589173513775	0.408893185114	0.626389560174	0.42822619623	0.433059449009	0.524407926535	0.446109231513	0.514258095698	0.529724504592	0.882551957467	0.608506524891	0.563073948768	0.471725471242	0.467858869019	0.954084098598	0.768003866602	0.614306428226	0.537941034316	0.531657805703	0.53939101015	0.919284678589	0.607056549058	0.501208313195	0.516674722088	0.549540840986	0.59255679072	0.604639922668	0.526341227646	0.456742387627	0.476075398743	0.630739487675	0.555824069599	0.43740937651	0.51377477042	0.0	0.549540840986	0.41904301595	0.689221846303	0.652005799903	0.518124697922	0.482358627356	0.473658772354	0.610439826003	0.539874335428	0.596423392943	0.572740454326	0.553407443209	0.576607056549	0.476558724021	0.472692121798	0.492025132914	0.482358627356	0.55099081682	0.582890285162	0.552440792653	0.579507008217	0.48622522958	0.54857419043
AE5	0.617689705172	0.522957950701	0.972450459159	0.626389560174	0.57177380377	0.53939101015	0.582890285162	0.540840985984	0.593523441276	0.514258095698	0.616239729338	0.519574673755	0.565007249879	0.884485258579	0.559207346544	0.574673755437	0.595940067666	0.601256645723	0.926051232479	0.74528757854	0.717254712421	0.641372643789	0.646205896568	0.644272595457	0.878202029966	0.656839052682	0.605606573224	0.603189946834	0.642339294345	0.65732237796	0.663122281295	0.612856452392	0.562107298212	0.58337361044	0.643305944901	0.562107298212	0.581440309328	0.511841469309	0.549540840986	0.0	0.365393910101	0.607539874335	0.565973900435	0.49540840986	0.625906234896	0.623972933784	0.660222329628	0.606089898502	0.637022716288	0.622039632673	0.62735621073	0.641855969067	0.528757854036	0.566940550991	0.598840019333	0.561140647656	0.549057515708	0.641855969067	0.562107298212	0.608989850169	0.580473658772	0.612373127115
AE6	0.594006766554	0.488641855969	0.971483808603	0.61575640406	0.56259062349	0.462058965684	0.569840502658	0.458192363461	0.509908168197	0.478008699855	0.525857902368	0.50459159014	0.529724504592	0.881585306912	0.556790720155	0.542774287095	0.517158047366	0.521991300145	0.93281778637	0.74770420493	0.655872402127	0.573223779604	0.584340260996	0.584340260996	0.903818269696	0.625422909618	0.522957950701	0.547607539874	0.597873368777	0.609473175447	0.630739487675	0.565973900435	0.475592073465	0.497825036249	0.623972933784	0.549540840986	0.525857902368	0.459159014016	0.41904301595	0.365393910101	0.0	0.628322861286	0.586273562107	0.452875785404	0.534557757371	0.53939101015	0.634606089899	0.575157080715	0.613823102948	0.596906718221	0.593523441276	0.612856452392	0.500241662639	0.500724987917	0.517158047366	0.508941517641	0.506524891252	0.617206379894	0.525857902368	0.592073465442	0.501691638473	0.584340260996
AF5	0.715804736588	0.628322861286	0.93281778637	0.646689221846	0.654422426293	0.669888835186	0.554857419043	0.635572740454	0.684388593523	0.582406959884	0.71532141131	0.622039632673	0.676655389077	0.84726921218	0.593040115998	0.669405509908	0.707104881585	0.721121314645	0.876752054132	0.71290478492	0.71290478492	0.674722087965	0.718704688255	0.714838086032	0.87723537941	0.690188496858	0.70130497825	0.683905268246	0.664572257129	0.682455292412	0.763653939101	0.714354760754	0.634606089899	0.666505558241	0.744804253262	0.654422426293	0.711938134364	0.482358627356	0.689221846303	0.607539874335	0.628322861286	0.0	0.271628806187	0.538907684872	0.729821169647	0.714354760754	0.757854035766	0.710971483809	0.736587723538	0.710488158531	0.724987916868	0.735621072982	0.686321894635	0.709521507975	0.721604639923	0.705171580474	0.664572257129	0.73610439826	0.666505558241	0.70130497825	0.716288061866	0.710971483809
AF6	0.685355244079	0.585306911551	0.926051232479	0.631222812953	0.631706138231	0.628806186564	0.535041082649	0.594006766554	0.645239246013	0.546640889319	0.681488641856	0.595940067666	0.637989366844	0.841469308845	0.572257129048	0.640889318511	0.668438859352	0.681005316578	0.873852102465	0.700821652972	0.695505074915	0.643305944901	0.679072015466	0.687288545191	0.867568873852	0.659255679072	0.651039149348	0.637022716288	0.632672788787	0.652005799903	0.735137747704	0.676655389077	0.592073465442	0.614789753504	0.726437892702	0.631222812953	0.652005799903	0.425809569841	0.652005799903	0.565973900435	0.586273562107	0.271628806187	0.0	0.497341710971	0.685838569357	0.669405509908	0.739487675205	0.674238762687	0.717738037699	0.697921701305	0.691155147414	0.717254712421	0.649105848236	0.672788786854	0.68293861769	0.664088931851	0.620589656839	0.710488158531	0.625422909618	0.679555340744	0.677138714355	0.6805219913
