	AA3	AA4	AB3	AB4	AC3	AC4	AD3	AD4	AE3	AE4	AF3	AF4	AG3	AG4	AH3	AH4	AA7	AA8	AB7	AB8	AC7	AC8	AD7	AD8	AE7	AE8	AF7	AF8	AG7	AG8	AH7	AH8	AA5	AA6	AB5	AB6	AC5	AC6	AD6	AE5	AE6	AF5	AF6	AG5	AH5	AH6	AA1	AA2	AB1	AB2	AC1	AC2	AD1	AD2	AE1	AE2	AF1	AF2	AG1	AG2	AH1	AH2
AA3	0.0	0.468342194297	0.938134364427	0.614306428226	0.647172547124	0.58095698405	0.683421942968	0.56259062349	0.556790720155	0.619623006283	0.603673272112	0.594006766554	0.561140647656	0.858385693572	0.609473175447	0.310778153697	0.559690671822	0.546157564041	0.869018849686	0.714354760754	0.622522957951	0.554857419043	0.59255679072	0.575640405993	0.83325277912	0.597390043499	0.560657322378	0.545674238763	0.574190430159	0.590623489609	0.603673272112	0.549540840986	0.57177380377	0.579990333494	0.730787820203	0.676172063799	0.604639922668	0.61575640406	0.586756887385	0.607056549058	0.598356694055	0.700338327695	0.676172063799	0.617206379894	0.609473175447	0.598840019333	0.664572257129	0.6389560174	0.689221846303	0.659255679072	0.635572740454	0.636056065732	0.554857419043	0.546640889319	0.56935717738	0.554857419043	0.545190913485	0.632672788787	0.555340744321	0.649589173514	0.562107298212	0.632672788787
AA4	0.468342194297	0.0	0.955050749154	0.572257129048	0.575157080715	0.496858385694	0.594490091832	0.476075398743	0.500241662639	0.520057999033	0.558724021266	0.515708071532	0.476075398743	0.869018849686	0.382310294828	0.378443692605	0.540357660706	0.52779120348	0.897535041083	0.72692121798	0.659255679072	0.572257129048	0.581440309328	0.588690188497	0.883035282745	0.634122764621	0.545674238763	0.554374093765	0.60415659739	0.61333977767	0.637989366844	0.58337361044	0.502174963751	0.507974867086	0.661672305462	0.588206863219	0.573707104882	0.510391493475	0.533591106815	0.523924601257	0.475592073465	0.632189463509	0.605123247946	0.511358144031	0.565490575157	0.568873852102	0.639439342678	0.587723537941	0.62493958434	0.600289995167	0.604639922668	0.625422909618	0.52537457709	0.516674722088	0.535524407927	0.526824552924	0.494925084582	0.612373127115	0.507491541808	0.585790236829	0.520541324311	0.576123731271
AB3	0.938134364427	0.955050749154	0.0	0.679555340744	0.912518124698	0.957950700822	0.961333977767	0.940550990817	0.934267762204	0.956984050266	0.97680038666	0.933784436926	0.967133881102	0.321411309812	0.96520057999	0.943450942484	0.974383760271	0.970517158047	0.728854519091	0.763653939101	0.891735137748	0.915418076365	0.965683905268	0.950217496375	0.855485741904	0.902368293862	0.947317544708	0.929917834703	0.840985983567	0.839536007733	0.956500724988	0.956500724988	0.963750604157	0.965683905268	0.974867085549	0.965683905268	0.975833736104	0.960367327211	0.974383760271	0.975350410826	0.974383760271	0.936684388594	0.940550990817	0.951184146931	0.979700338328	0.972933784437	0.974867085549	0.972933784437	0.970517158047	0.973417109715	0.972933784437	0.970033832769	0.975350410826	0.975350410826	0.978250362494	0.975350410826	0.974383760271	0.972450459159	0.974383760271	0.973900434993	0.974867085549	0.972933784437
AB4	0.614306428226	0.572257129048	0.679555340744	0.0	0.618656355727	0.594006766554	0.691638472692	0.590623489609	0.593523441276	0.625906234896	0.631706138231	0.596423392943	0.483325277912	0.578057032383	0.599806669889	0.59255679072	0.625906234896	0.619139681005	0.728854519091	0.57177380377	0.652005799903	0.608506524891	0.645239246013	0.652489125181	0.795553407443	0.647172547124	0.637022716288	0.619139681005	0.549540840986	0.572257129048	0.687771870469	0.637989366844	0.627839536008	0.63653939101	0.722571290478	0.65732237796	0.645239246013	0.630739487675	0.614789753504	0.618173030449	0.608023199613	0.665055582407	0.657805703238	0.61333977767	0.666022232963	0.65732237796	0.68970517158	0.653455775737	0.693571773804	0.662638956017	0.662155630739	0.669405509908	0.622522957951	0.626389560174	0.64813919768	0.622522957951	0.632189463509	0.661672305462	0.630256162397	0.661188980184	0.642822619623	0.651039149348
AC3	0.647172547124	0.575157080715	0.912518124698	0.618656355727	0.0	0.505074915418	0.649105848236	0.552924117931	0.551474142098	0.593040115998	0.633156114065	0.31706138231	0.608023199613	0.833736104398	0.614789753504	0.617689705172	0.641855969067	0.626872885452	0.86805219913	0.747220879652	0.728854519091	0.679555340744	0.716288061866	0.731271145481	0.831319478009	0.704688255196	0.667955534074	0.679072015466	0.677622039633	0.683421942968	0.718221362977	0.67133881102	0.611406476559	0.644272595457	0.612856452392	0.581440309328	0.627839536008	0.590623489609	0.59497341711	0.562107298212	0.570807153214	0.667472208797	0.660705654906	0.574190430159	0.65055582407	0.643305944901	0.59255679072	0.582406959884	0.57177380377	0.573223779604	0.591106814886	0.58095698405	0.552440792653	0.577090381827	0.590140164331	0.571290478492	0.610923151281	0.566940550991	0.622039632673	0.587723537941	0.616239729338	0.585790236829
AC4	0.58095698405	0.496858385694	0.957950700822	0.594006766554	0.505074915418	0.0	0.630739487675	0.404543257612	0.408893185114	0.510391493475	0.337844369261	0.41662638956	0.487191880135	0.872402126631	0.554374093765	0.542290961817	0.481875302078	0.454809086515	0.919284678589	0.750120831319	0.581923634606	0.521991300145	0.50459159014	0.520541324311	0.885451909135	0.585306911551	0.498791686805	0.502658289029	0.539874335428	0.561140647656	0.562107298212	0.498308361527	0.460125664572	0.49299178347	0.646205896568	0.58337361044	0.471242145964	0.507491541808	0.421942967617	0.53939101015	0.492508458192	0.68970517158	0.662155630739	0.505558240696	0.536007733204	0.511358144031	0.637506041566	0.579507008217	0.60415659739	0.579507008217	0.594490091832	0.609473175447	0.506041565974	0.506041565974	0.527307878202	0.511358144031	0.544224262929	0.596906718221	0.543740937651	0.599323344611	0.467375543741	0.563557274045
AD3	0.683421942968	0.594490091832	0.961333977767	0.691638472692	0.649105848236	0.630739487675	0.0	0.548090865152	0.642822619623	0.366360560657	0.685838569357	0.608989850169	0.64813919768	0.876268728855	0.578540357661	0.652005799903	0.691638472692	0.689221846303	0.940550990817	0.779603673272	0.725471242146	0.700821652972	0.70372160464	0.702754954084	0.920251329145	0.697438376027	0.713388110198	0.710971483809	0.697438376027	0.696471725471	0.727887868536	0.696471725471	0.63653939101	0.654422426293	0.753987433543	0.672305461576	0.697438376027	0.553890768487	0.64572257129	0.579990333494	0.579507008217	0.560657322378	0.542290961817	0.558240695988	0.709521507975	0.691638472692	0.766070565491	0.719671338811	0.743837602707	0.719671338811	0.722571290478	0.750604156597	0.662155630739	0.677622039633	0.681971967134	0.667472208797	0.638472692122	0.735621072982	0.638472692122	0.726437892702	0.70130497825	0.717254712421
AD4	0.56259062349	0.476075398743	0.940550990817	0.590623489609	0.552924117931	0.404543257612	0.548090865152	0.0	0.308844852586	0.415176413726	0.427742870952	0.500724987917	0.502658289029	0.860318994683	0.536491058482	0.52779120348	0.454809086515	0.433542774287	0.932334461092	0.765587240213	0.564523924601	0.480908651522	0.48380860319	0.483325277912	0.898018366361	0.593523441276	0.443209279845	0.456259062349	0.498791686805	0.548090865152	0.537457709038	0.486708554857	0.388593523441	0.454809086515	0.658289028516	0.588206863219	0.452392460126	0.486708554857	0.447075882069	0.547124214596	0.481875302078	0.659255679072	0.632189463509	0.48622522958	0.518124697922	0.492025132914	0.663605606573	0.608989850169	0.640405993233	0.623972933784	0.622522957951	0.645239246013	0.526824552924	0.509424842919	0.534074432093	0.526341227646	0.524407926535	0.632672788787	0.531657805703	0.626389560174	0.4813919768	0.596423392943
AE3	0.556790720155	0.500241662639	0.934267762204	0.593523441276	0.551474142098	0.408893185114	0.642822619623	0.308844852586	0.0	0.512324794587	0.413243112615	0.493475108748	0.505074915418	0.854035766071	0.563557274045	0.531174480425	0.462542290962	0.436442725955	0.922667955534	0.75688738521	0.546157564041	0.479942000967	0.485741904302	0.479942000967	0.887868535524	0.59497341711	0.454809086515	0.466892218463	0.496375060416	0.538907684872	0.546640889319	0.480425326245	0.412759787337	0.479942000967	0.658289028516	0.591106814886	0.43740937651	0.519091348478	0.444175930401	0.597390043499	0.536491058482	0.692605123248	0.667955534074	0.515708071532	0.498308361527	0.47220879652	0.64572257129	0.595940067666	0.631222812953	0.609956500725	0.60415659739	0.633156114065	0.517158047366	0.498791686805	0.52537457709	0.517641372644	0.545674238763	0.620106331561	0.552440792653	0.603189946834	0.485258579024	0.579507008217
AE4	0.619623006283	0.520057999033	0.956984050266	0.625906234896	0.593040115998	0.510391493475	0.366360560657	0.415176413726	0.512324794587	0.0	0.573223779604	0.53697438376	0.566457225713	0.871918801353	0.537457709038	0.575640405993	0.58337361044	0.578057032383	0.934267762204	0.766070565491	0.661672305462	0.585790236829	0.585790236829	0.601256645723	0.910101498308	0.626872885452	0.594006766554	0.587723537941	0.593523441276	0.604639922668	0.642822619623	0.596423392943	0.521991300145	0.540840985984	0.687771870469	0.61333977767	0.576607056549	0.45142580957	0.538424359594	0.519574673755	0.503624939584	0.582890285162	0.558240695988	0.482841952634	0.608506524891	0.588690188497	0.698888351861	0.658289028516	0.69212179797	0.666022232963	0.668438859352	0.691155147414	0.600773320445	0.596423392943	0.605606573224	0.589656839053	0.576123731271	0.673272112131	0.579023682939	0.669888835186	0.597390043499	0.655872402127
AF3	0.603673272112	0.558724021266	0.97680038666	0.631706138231	0.633156114065	0.337844369261	0.685838569357	0.427742870952	0.413243112615	0.573223779604	0.0	0.537941034316	0.53020782987	0.892218463026	0.608023199613	0.58337361044	0.461092315128	0.436442725955	0.957467375544	0.788303528275	0.590140164331	0.536007733204	0.427742870952	0.443692605123	0.913484775254	0.615273078782	0.441759304012	0.495891735138	0.549540840986	0.591106814886	0.526824552924	0.498791686805	0.449492508458	0.51377477042	0.681488641856	0.632189463509	0.419526341228	0.553407443209	0.450459159014	0.611406476559	0.549540840986	0.728854519091	0.705654905752	0.541807636539	0.529241179314	0.509908168197	0.677138714355	0.620106331561	0.673272112131	0.62493958434	0.629772837119	0.652972450459	0.555824069599	0.523924601257	0.545674238763	0.540357660706	0.581440309328	0.642339294345	0.579507008217	0.621556307395	0.498308361527	0.600773320445
AF4	0.594006766554	0.515708071532	0.933784436926	0.596423392943	0.31706138231	0.41662638956	0.608989850169	0.500724987917	0.493475108748	0.53697438376	0.537941034316	0.0	0.548090865152	0.852102464959	0.563073948768	0.556790720155	0.583856935718	0.568873852102	0.889318511358	0.736587723538	0.690671822136	0.623489608507	0.65055582407	0.66892218463	0.851135814403	0.640405993233	0.607539874335	0.625422909618	0.636056065732	0.643789270179	0.662155630739	0.616723054616	0.549540840986	0.582406959884	0.597390043499	0.532141130981	0.564523924601	0.533591106815	0.528757854036	0.503624939584	0.521991300145	0.626872885452	0.612373127115	0.506524891252	0.569840502658	0.564040599323	0.575157080715	0.520541324311	0.549057515708	0.521507974867	0.534557757371	0.557274045433	0.482358627356	0.507491541808	0.519574673755	0.502174963751	0.557274045433	0.537457709038	0.563557274045	0.527307878202	0.550507491542	0.515708071532
AG3	0.561140647656	0.476075398743	0.967133881102	0.483325277912	0.608023199613	0.487191880135	0.64813919768	0.502658289029	0.505074915418	0.566457225713	0.53020782987	0.548090865152	0.0	0.85645239246	0.521991300145	0.514741420976	0.522957950701	0.504108264862	0.930884485259	0.760753987434	0.655389076849	0.574190430159	0.58337361044	0.600773320445	0.886418559691	0.635089415176	0.546640889319	0.56935717738	0.609956500725	0.610439826003	0.62735621073	0.562107298212	0.5186080232	0.527307878202	0.65973900435	0.612373127115	0.550507491542	0.539874335428	0.51377477042	0.576123731271	0.514258095698	0.678588690188	0.650072498792	0.53020782987	0.552924117931	0.552440792653	0.633156114065	0.579990333494	0.620106331561	0.595940067666	0.59497341711	0.60415659739	0.517158047366	0.507491541808	0.539874335428	0.527307878202	0.537941034316	0.598840019333	0.548090865152	0.60415659739	0.50459159014	0.575157080715
AG4	0.858385693572	0.869018849686	0.321411309812	0.578057032383	0.833736104398	0.872402126631	0.876268728855	0.860318994683	0.854035766071	0.871918801353	0.892218463026	0.852102464959	0.85645239246	0.0	0.8796520058	0.857902368294	0.895601739971	0.892701788304	0.70130497825	0.683905268246	0.817303044949	0.834702754954	0.884485258579	0.871918801353	0.828419526341	0.829869502175	0.867085548574	0.851619139681	0.758820686322	0.755920734654	0.885935234413	0.877718704688	0.882068632189	0.884485258579	0.904301594973	0.891735137748	0.899468342194	0.872885451909	0.891735137748	0.890285161914	0.88883518608	0.853552440793	0.853552440793	0.869985500242	0.896085065249	0.888351860802	0.889801836636	0.88883518608	0.890768487192	0.893185113581	0.89125181247	0.886901884969	0.894151764137	0.889801836636	0.896568390527	0.892701788304	0.893185113581	0.892218463026	0.891735137748	0.889801836636	0.893185113581	0.893185113581
AH3	0.609473175447	0.382310294828	0.96520057999	0.599806669889	0.614789753504	0.554374093765	0.578540357661	0.536491058482	0.563557274045	0.537457709038	0.608023199613	0.563073948768	0.521991300145	0.8796520058	0.0	0.521024649589	0.59255679072	0.584823586274	0.928951184147	0.762203963267	0.696471725471	0.627839536008	0.634122764621	0.637506041566	0.903334944418	0.686321894635	0.628806186564	0.633156114065	0.660705654906	0.669405509908	0.687288545191	0.629772837119	0.541807636539	0.563557274045	0.717254712421	0.639439342678	0.63653939101	0.545674238763	0.591106814886	0.553407443209	0.546640889319	0.618173030449	0.584340260996	0.556790720155	0.631706138231	0.63653939101	0.705171580474	0.634606089899	0.661672305462	0.643305944901	0.655872402127	0.667472208797	0.598356694055	0.594006766554	0.606089898502	0.609473175447	0.565973900435	0.664572257129	0.572257129048	0.64813919768	0.585306911551	0.616239729338
AH4	0.310778153697	0.378443692605	0.943450942484	0.59255679072	0.617689705172	0.542290961817	0.652005799903	0.52779120348	0.531174480425	0.575640405993	0.58337361044	0.556790720155	0.514741420976	0.857902368294	0.521024649589	0.0	0.546157564041	0.538907684872	0.8796520058	0.718221362977	0.632189463509	0.554857419043	0.584340260996	0.576123731271	0.851135814403	0.60415659739	0.550507491542	0.546640889319	0.578540357661	0.588690188497	0.601256645723	0.555340744321	0.550507491542	0.550507491542	0.69453842436	0.641372643789	0.585790236829	0.582406959884	0.561140647656	0.56935717738	0.550024166264	0.685838569357	0.656355727405	0.581923634606	0.59255679072	0.584340260996	0.665055582407	0.615273078782	0.667955534074	0.626389560174	0.620106331561	0.637022716288	0.554857419043	0.523924601257	0.551474142098	0.538424359594	0.518124697922	0.626872885452	0.534074432093	0.620589656839	0.55099081682	0.607056549058
AA7	0.559690671822	0.540357660706	0.974383760271	0.625906234896	0.641855969067	0.481875302078	0.691638472692	0.454809086515	0.462542290962	0.58337361044	0.461092315128	0.583856935718	0.522957950701	0.895601739971	0.59255679072	0.546157564041	0.0	0.290961817303	0.917351377477	0.767037216046	0.584823586274	0.50459159014	0.478492025133	0.485741904302	0.870952150797	0.596423392943	0.462058965684	0.468825519575	0.537941034316	0.574673755437	0.519574673755	0.425809569841	0.439342677622	0.492508458192	0.710971483809	0.664088931851	0.487191880135	0.574673755437	0.493475108748	0.602706621556	0.558724021266	0.729821169647	0.700821652972	0.588206863219	0.559207346544	0.541807636539	0.673755437409	0.62735621073	0.674722087965	0.652972450459	0.619623006283	0.644272595457	0.533107781537	0.521024649589	0.553407443209	0.533107781537	0.527307878202	0.631222812953	0.543740937651	0.652005799903	0.513291445143	0.618656355727
AA8	0.546157564041	0.52779120348	0.970517158047	0.619139681005	0.626872885452	0.454809086515	0.689221846303	0.433542774287	0.436442725955	0.578057032383	0.436442725955	0.568873852102	0.504108264862	0.892701788304	0.584823586274	0.538907684872	0.290961817303	0.0	0.917834702755	0.762203963267	0.568873852102	0.489608506525	0.470275495408	0.477525374577	0.87046882552	0.589656839053	0.443209279845	0.452875785404	0.527307878202	0.570323827936	0.475592073465	0.374093765104	0.413243112615	0.46979217013	0.697921701305	0.65055582407	0.462058965684	0.56259062349	0.476075398743	0.596906718221	0.544707588207	0.724987916868	0.696955050749	0.570323827936	0.541807636539	0.521024649589	0.656355727405	0.608506524891	0.661672305462	0.635572740454	0.607056549058	0.626389560174	0.515708071532	0.505074915418	0.534074432093	0.511841469309	0.529241179314	0.614306428226	0.537457709038	0.630739487675	0.500241662639	0.603189946834
AB7	0.869018849686	0.897535041083	0.728854519091	0.728854519091	0.86805219913	0.919284678589	0.940550990817	0.932334461092	0.922667955534	0.934267762204	0.957467375544	0.889318511358	0.930884485259	0.70130497825	0.928951184147	0.8796520058	0.917351377477	0.917834702755	0.0	0.406959884002	0.810053165781	0.848719188014	0.939584340261	0.922184630256	0.739487675205	0.818753020783	0.901401643306	0.872885451909	0.730304494925	0.71532141131	0.885451909135	0.895118414693	0.925567907202	0.936201063316	0.937651039149	0.933301111648	0.943934267762	0.920251329145	0.94683421943	0.926051232479	0.930401159981	0.871918801353	0.879168680522	0.910584823586	0.956500724988	0.961333977767	0.926051232479	0.928951184147	0.927984533591	0.940067665539	0.930884485259	0.925084581924	0.918318028033	0.922667955534	0.92363460609	0.921701304978	0.917834702755	0.919284678589	0.924117931368	0.92363460609	0.952634122765	0.937651039149
AB8	0.714354760754	0.72692121798	0.763653939101	0.57177380377	0.747220879652	0.750120831319	0.779603673272	0.765587240213	0.75688738521	0.766070565491	0.788303528275	0.736587723538	0.760753987434	0.683905268246	0.762203963267	0.718221362977	0.767037216046	0.762203963267	0.406959884002	0.0	0.649105848236	0.681488641856	0.762203963267	0.742870952151	0.735621072982	0.655872402127	0.733204446593	0.696955050749	0.528274528758	0.53020782987	0.73610439826	0.734654422426	0.766553890768	0.771870468826	0.809086515225	0.76848719188	0.773803769937	0.74770420493	0.771870468826	0.762203963267	0.760270662156	0.727404543258	0.726437892702	0.73852102465	0.793620106332	0.797003383277	0.810536491058	0.765103914935	0.792170130498	0.769937167714	0.772353794103	0.783953600773	0.764620589657	0.763653939101	0.769453842436	0.768003866602	0.763653939101	0.772837119381	0.760270662156	0.761720637989	0.783470275495	0.773320444659
AC7	0.622522957951	0.659255679072	0.891735137748	0.652005799903	0.728854519091	0.581923634606	0.725471242146	0.564523924601	0.546157564041	0.661672305462	0.590140164331	0.690671822136	0.655389076849	0.817303044949	0.696471725471	0.632189463509	0.584823586274	0.568873852102	0.810053165781	0.649105848236	0.0	0.366843885935	0.566940550991	0.549540840986	0.819236346061	0.582890285162	0.550507491542	0.507974867086	0.465442242629	0.486708554857	0.566940550991	0.532624456259	0.561623972934	0.601256645723	0.810053165781	0.753504108265	0.619623006283	0.64572257129	0.613823102948	0.713871435476	0.673272112131	0.719188013533	0.700821652972	0.639922667956	0.644755920735	0.619623006283	0.812953117448	0.765103914935	0.798453359111	0.779120347994	0.762687288545	0.784920251329	0.686321894635	0.656355727405	0.687288545191	0.681488641856	0.672788786854	0.777187046883	0.669405509908	0.771387143548	0.62493958434	0.749637506042
AC8	0.554857419043	0.572257129048	0.915418076365	0.608506524891	0.679555340744	0.521991300145	0.700821652972	0.480908651522	0.479942000967	0.585790236829	0.536007733204	0.623489608507	0.574190430159	0.834702754954	0.627839536008	0.554857419043	0.50459159014	0.489608506525	0.848719188014	0.681488641856	0.366843885935	0.0	0.497825036249	0.485258579024	0.838569357177	0.553407443209	0.40744320928	0.373127114548	0.441759304012	0.46979217013	0.529724504592	0.479942000967	0.480908651522	0.515708071532	0.729821169647	0.669888835186	0.548090865152	0.568873852102	0.528757854036	0.633156114065	0.584823586274	0.683421942968	0.655389076849	0.565490575157	0.567907201547	0.546157564041	0.729337844369	0.669405509908	0.721121314645	0.700821652972	0.666505558241	0.695021749638	0.594490091832	0.565973900435	0.598356694055	0.591590140164	0.579507008217	0.688738521025	0.581923634606	0.69212179797	0.538907684872	0.652005799903
AD7	0.59255679072	0.581440309328	0.965683905268	0.645239246013	0.716288061866	0.50459159014	0.70372160464	0.48380860319	0.485741904302	0.585790236829	0.427742870952	0.65055582407	0.58337361044	0.884485258579	0.634122764621	0.584340260996	0.478492025133	0.470275495408	0.939584340261	0.762203963267	0.566940550991	0.497825036249	0.0	0.289511841469	0.898985016916	0.532624456259	0.417109714838	0.452392460126	0.509908168197	0.555340744321	0.506041565974	0.480908651522	0.484291928468	0.537941034316	0.734654422426	0.678588690188	0.49299178347	0.58337361044	0.528757854036	0.638472692122	0.589173513775	0.730787820203	0.703238279362	0.597390043499	0.57177380377	0.551957467376	0.731271145481	0.678105364911	0.727404543258	0.705654905752	0.678105364911	0.695505074915	0.603189946834	0.579507008217	0.598356694055	0.600289995167	0.59255679072	0.695021749638	0.59255679072	0.692605123248	0.558724021266	0.65732237796
AD8	0.575640405993	0.588690188497	0.950217496375	0.652489125181	0.731271145481	0.520541324311	0.702754954084	0.483325277912	0.479942000967	0.601256645723	0.443692605123	0.66892218463	0.600773320445	0.871918801353	0.637506041566	0.576123731271	0.485741904302	0.477525374577	0.922184630256	0.742870952151	0.549540840986	0.485258579024	0.289511841469	0.0	0.859835669406	0.488641855969	0.40744320928	0.441759304012	0.492508458192	0.532141130981	0.50700821653	0.467858869019	0.482841952634	0.53939101015	0.762203963267	0.696955050749	0.50459159014	0.598356694055	0.549540840986	0.658772353794	0.612373127115	0.717738037699	0.69212179797	0.598840019333	0.58337361044	0.566940550991	0.7593040116	0.700338327695	0.755920734654	0.728854519091	0.699371677139	0.720154664089	0.62493958434	0.600289995167	0.625422909618	0.627839536008	0.60415659739	0.714838086032	0.610923151281	0.717738037699	0.569840502658	0.678588690188
AE7	0.83325277912	0.883035282745	0.855485741904	0.795553407443	0.831319478009	0.885451909135	0.920251329145	0.898018366361	0.887868535524	0.910101498308	0.913484775254	0.851135814403	0.886418559691	0.828419526341	0.903334944418	0.851135814403	0.870952150797	0.87046882552	0.739487675205	0.735621072982	0.819236346061	0.838569357177	0.898985016916	0.859835669406	0.0	0.540357660706	0.875785403577	0.851619139681	0.765587240213	0.76848719188	0.837119381344	0.841952634123	0.897535041083	0.902368293862	0.925567907202	0.912518124698	0.915418076365	0.897051715805	0.916868052199	0.880135331078	0.901884968584	0.878202029966	0.8796520058	0.87723537941	0.937651039149	0.929917834703	0.889801836636	0.902368293862	0.908168197197	0.904301594973	0.901884968584	0.896568390527	0.887868535524	0.898018366361	0.906234896085	0.889801836636	0.896085065249	0.886418559691	0.902368293862	0.901884968584	0.918318028033	0.911551474142
AE8	0.597390043499	0.634122764621	0.902368293862	0.647172547124	0.704688255196	0.585306911551	0.697438376027	0.593523441276	0.59497341711	0.626872885452	0.615273078782	0.640405993233	0.635089415176	0.829869502175	0.686321894635	0.60415659739	0.596423392943	0.589656839053	0.818753020783	0.655872402127	0.582890285162	0.553407443209	0.532624456259	0.488641855969	0.540357660706	0.0	0.577573707105	0.545674238763	0.522474625423	0.523924601257	0.569840502658	0.55099081682	0.605606573224	0.608506524891	0.768003866602	0.71532141131	0.617206379894	0.618173030449	0.616723054616	0.656355727405	0.642822619623	0.707104881585	0.683905268246	0.607056549058	0.650072498792	0.637506041566	0.753504108265	0.70130497825	0.764137264379	0.725954567424	0.704204929918	0.729821169647	0.647172547124	0.629289511841	0.65732237796	0.640889318511	0.644755920735	0.71290478492	0.646689221846	0.713871435476	0.622522957951	0.685838569357
AF7	0.560657322378	0.545674238763	0.947317544708	0.637022716288	0.667955534074	0.498791686805	0.713388110198	0.443209279845	0.454809086515	0.594006766554	0.441759304012	0.607539874335	0.546640889319	0.867085548574	0.628806186564	0.550507491542	0.462058965684	0.443209279845	0.901401643306	0.733204446593	0.550507491542	0.40744320928	0.417109714838	0.40744320928	0.875785403577	0.577573707105	0.0	0.334944417593	0.484291928468	0.531174480425	0.494441759304	0.494925084582	0.433059449009	0.49299178347	0.702754954084	0.642822619623	0.460125664572	0.541324311261	0.50459159014	0.625906234896	0.556307394877	0.707588206863	0.680038666022	0.557274045433	0.540357660706	0.521991300145	0.687288545191	0.634606089899	0.694055099082	0.674238762687	0.636056065732	0.654905751571	0.568873852102	0.537941034316	0.567907201547	0.566940550991	0.558240695988	0.644755920735	0.565490575157	0.661188980184	0.50459159014	0.621072982117
AF8	0.545674238763	0.554374093765	0.929917834703	0.619139681005	0.679072015466	0.502658289029	0.710971483809	0.456259062349	0.466892218463	0.587723537941	0.495891735138	0.625422909618	0.56935717738	0.851619139681	0.633156114065	0.546640889319	0.468825519575	0.452875785404	0.872885451909	0.696955050749	0.507974867086	0.373127114548	0.452392460126	0.441759304012	0.851619139681	0.545674238763	0.334944417593	0.0	0.461575640406	0.498791686805	0.501208313195	0.466892218463	0.444175930401	0.512808119865	0.711454809087	0.655872402127	0.485258579024	0.551474142098	0.518124697922	0.617689705172	0.567907201547	0.691155147414	0.667472208797	0.564040599323	0.561623972934	0.544707588207	0.695988400193	0.647172547124	0.702271628806	0.683905268246	0.646689221846	0.666022232963	0.574673755437	0.543740937651	0.577090381827	0.57177380377	0.552440792653	0.655872402127	0.550507491542	0.67133881102	0.510874818753	0.634122764621
AG7	0.574190430159	0.60415659739	0.840985983567	0.549540840986	0.677622039633	0.539874335428	0.697438376027	0.498791686805	0.496375060416	0.593523441276	0.549540840986	0.636056065732	0.609956500725	0.758820686322	0.660705654906	0.578540357661	0.537941034316	0.527307878202	0.730304494925	0.528274528758	0.465442242629	0.441759304012	0.509908168197	0.492508458192	0.765587240213	0.522474625423	0.484291928468	0.461575640406	0.0	0.29627839536	0.537457709038	0.501208313195	0.516674722088	0.56259062349	0.750604156597	0.688738521025	0.548090865152	0.580473658772	0.554374093765	0.639439342678	0.608506524891	0.672788786854	0.653939101015	0.579990333494	0.60657322378	0.593040115998	0.750120831319	0.691155147414	0.73368777187	0.71532141131	0.689221846303	0.716288061866	0.625422909618	0.614306428226	0.632189463509	0.623489608507	0.630739487675	0.709038182697	0.631706138231	0.703238279362	0.58337361044	0.672788786854
AG8	0.590623489609	0.61333977767	0.839536007733	0.572257129048	0.683421942968	0.561140647656	0.696471725471	0.548090865152	0.538907684872	0.604639922668	0.591106814886	0.643789270179	0.610439826003	0.755920734654	0.669405509908	0.588690188497	0.574673755437	0.570323827936	0.71532141131	0.53020782987	0.486708554857	0.46979217013	0.555340744321	0.532141130981	0.76848719188	0.523924601257	0.531174480425	0.498791686805	0.29627839536	0.0	0.566457225713	0.535524407927	0.557274045433	0.580473658772	0.761720637989	0.695988400193	0.585306911551	0.582890285162	0.572257129048	0.642822619623	0.614306428226	0.675688738521	0.655872402127	0.588690188497	0.631706138231	0.614306428226	0.753987433543	0.695988400193	0.740937651039	0.718221362977	0.702271628806	0.719188013533	0.632672788787	0.623489608507	0.640889318511	0.632672788787	0.63653939101	0.709521507975	0.643305944901	0.707104881585	0.601256645723	0.674238762687
AH7	0.603673272112	0.637989366844	0.956500724988	0.687771870469	0.718221362977	0.562107298212	0.727887868536	0.537457709038	0.546640889319	0.642822619623	0.526824552924	0.662155630739	0.62735621073	0.885935234413	0.687288545191	0.601256645723	0.519574673755	0.475592073465	0.885451909135	0.73610439826	0.566940550991	0.529724504592	0.506041565974	0.50700821653	0.837119381344	0.569840502658	0.494441759304	0.501208313195	0.537457709038	0.566457225713	0.0	0.35427742871	0.556307394877	0.617206379894	0.78008699855	0.728854519091	0.550507491542	0.641855969067	0.603673272112	0.656839052682	0.646205896568	0.765587240213	0.743837602707	0.653455775737	0.648622522958	0.633156114065	0.753020782987	0.725954567424	0.763653939101	0.739487675205	0.714354760754	0.733204446593	0.633156114065	0.617206379894	0.632189463509	0.635572740454	0.62735621073	0.723537941034	0.626389560174	0.718704688255	0.61575640406	0.714354760754
AH8	0.549540840986	0.58337361044	0.956500724988	0.637989366844	0.67133881102	0.498308361527	0.696471725471	0.486708554857	0.480425326245	0.596423392943	0.498791686805	0.616723054616	0.562107298212	0.877718704688	0.629772837119	0.555340744321	0.425809569841	0.374093765104	0.895118414693	0.734654422426	0.532624456259	0.479942000967	0.480908651522	0.467858869019	0.841952634123	0.55099081682	0.494925084582	0.466892218463	0.501208313195	0.535524407927	0.35427742871	0.0	0.490091831803	0.54857419043	0.748187530208	0.695505074915	0.52537457709	0.600289995167	0.534074432093	0.609473175447	0.582890285162	0.730304494925	0.701788303528	0.599806669889	0.582890285162	0.571290478492	0.696955050749	0.662638956017	0.708554857419	0.681971967134	0.653455775737	0.669405509908	0.571290478492	0.552440792653	0.579023682939	0.573223779604	0.565973900435	0.65973900435	0.565490575157	0.667472208797	0.54857419043	0.65055582407
AA5	0.57177380377	0.502174963751	0.963750604157	0.627839536008	0.611406476559	0.460125664572	0.63653939101	0.388593523441	0.412759787337	0.521991300145	0.449492508458	0.549540840986	0.5186080232	0.882068632189	0.541807636539	0.550507491542	0.439342677622	0.413243112615	0.925567907202	0.766553890768	0.561623972934	0.480908651522	0.484291928468	0.482841952634	0.897535041083	0.605606573224	0.433059449009	0.444175930401	0.516674722088	0.557274045433	0.556307394877	0.490091831803	0.0	0.344610923151	0.678105364911	0.589173513775	0.458192363461	0.461092315128	0.468825519575	0.552924117931	0.493475108748	0.634122764621	0.605606573224	0.468825519575	0.52779120348	0.484775253746	0.696471725471	0.643789270179	0.678588690188	0.655872402127	0.658772353794	0.679555340744	0.546157564041	0.54857419043	0.576123731271	0.555340744321	0.534074432093	0.660705654906	0.552440792653	0.65055582407	0.511358144031	0.630256162397
AA6	0.579990333494	0.507974867086	0.965683905268	0.63653939101	0.644272595457	0.49299178347	0.654422426293	0.454809086515	0.479942000967	0.540840985984	0.51377477042	0.582406959884	0.527307878202	0.884485258579	0.563557274045	0.550507491542	0.492508458192	0.46979217013	0.936201063316	0.771870468826	0.601256645723	0.515708071532	0.537941034316	0.53939101015	0.902368293862	0.608506524891	0.49299178347	0.512808119865	0.56259062349	0.580473658772	0.617206379894	0.54857419043	0.344610923151	0.0	0.687288545191	0.601739971	0.531174480425	0.502174963751	0.485741904302	0.580473658772	0.505558240696	0.667472208797	0.643789270179	0.50459159014	0.46979217013	0.430159497342	0.700821652972	0.646689221846	0.681005316578	0.664088931851	0.65973900435	0.676655389077	0.552440792653	0.55099081682	0.579990333494	0.558724021266	0.538424359594	0.665538907685	0.55099081682	0.655872402127	0.519574673755	0.636056065732
AB5	0.730787820203	0.661672305462	0.974867085549	0.722571290478	0.612856452392	0.646205896568	0.753987433543	0.658289028516	0.658289028516	0.687771870469	0.681488641856	0.597390043499	0.65973900435	0.904301594973	0.717254712421	0.69453842436	0.710971483809	0.697921701305	0.937651039149	0.809086515225	0.810053165781	0.729821169647	0.734654422426	0.762203963267	0.925567907202	0.768003866602	0.702754954084	0.711454809087	0.750604156597	0.761720637989	0.78008699855	0.748187530208	0.678105364911	0.687288545191	0.0	0.313678105365	0.624456259062	0.664572257129	0.632672788787	0.623489608507	0.607056549058	0.742387626873	0.737554374094	0.644755920735	0.619139681005	0.618173030449	0.608506524891	0.607056549058	0.617206379894	0.599806669889	0.618173030449	0.612856452392	0.581923634606	0.605606573224	0.602223296278	0.601256645723	0.654905751571	0.594006766554	0.648622522958	0.601256645723	0.660222329628	0.609956500725
AB6	0.676172063799	0.588206863219	0.965683905268	0.65732237796	0.581440309328	0.58337361044	0.672305461576	0.588206863219	0.591106814886	0.61333977767	0.632189463509	0.532141130981	0.612373127115	0.891735137748	0.639439342678	0.641372643789	0.664088931851	0.65055582407	0.933301111648	0.76848719188	0.753504108265	0.669888835186	0.678588690188	0.696955050749	0.912518124698	0.71532141131	0.642822619623	0.655872402127	0.688738521025	0.695988400193	0.728854519091	0.695505074915	0.589173513775	0.601739971	0.313678105365	0.0	0.579507008217	0.574190430159	0.582406959884	0.560657322378	0.539874335428	0.667472208797	0.655389076849	0.543257612373	0.556790720155	0.550507491542	0.603189946834	0.550024166264	0.589656839053	0.555824069599	0.56259062349	0.585306911551	0.530691155147	0.565490575157	0.563557274045	0.557274045433	0.599323344611	0.554857419043	0.595456742388	0.562107298212	0.618656355727	0.547124214596
AC5	0.604639922668	0.573707104882	0.975833736104	0.645239246013	0.627839536008	0.471242145964	0.697438376027	0.452392460126	0.43740937651	0.576607056549	0.419526341228	0.564523924601	0.550507491542	0.899468342194	0.63653939101	0.585790236829	0.487191880135	0.462058965684	0.943934267762	0.773803769937	0.619623006283	0.548090865152	0.49299178347	0.50459159014	0.915418076365	0.617206379894	0.460125664572	0.485258579024	0.548090865152	0.585306911551	0.550507491542	0.52537457709	0.458192363461	0.531174480425	0.624456259062	0.579507008217	0.0	0.462058965684	0.452875785404	0.598840019333	0.543257612373	0.720637989367	0.688738521025	0.541324311261	0.501208313195	0.484775253746	0.619139681005	0.576607056549	0.628806186564	0.594006766554	0.58095698405	0.600773320445	0.515224746254	0.490575157081	0.517158047366	0.494441759304	0.577573707105	0.592073465442	0.578057032383	0.582890285162	0.519574673755	0.565007249879
AC6	0.61575640406	0.510391493475	0.960367327211	0.630739487675	0.590623489609	0.507491541808	0.553890768487	0.486708554857	0.519091348478	0.45142580957	0.553407443209	0.533591106815	0.539874335428	0.872885451909	0.545674238763	0.582406959884	0.574673755437	0.56259062349	0.920251329145	0.74770420493	0.64572257129	0.568873852102	0.58337361044	0.598356694055	0.897051715805	0.618173030449	0.541324311261	0.551474142098	0.580473658772	0.582890285162	0.641855969067	0.600289995167	0.461092315128	0.502174963751	0.664572257129	0.574190430159	0.462058965684	0.0	0.515224746254	0.522957950701	0.498791686805	0.489608506525	0.46060898985	0.42822619623	0.576123731271	0.550024166264	0.676655389077	0.626872885452	0.665538907685	0.633156114065	0.642339294345	0.668438859352	0.580473658772	0.571290478492	0.586273562107	0.571290478492	0.563073948768	0.649105848236	0.572257129048	0.629772837119	0.558724021266	0.624456259062
AD6	0.586756887385	0.533591106815	0.974383760271	0.614789753504	0.59497341711	0.421942967617	0.64572257129	0.447075882069	0.444175930401	0.538424359594	0.450459159014	0.528757854036	0.51377477042	0.891735137748	0.591106814886	0.561140647656	0.493475108748	0.476075398743	0.94683421943	0.771870468826	0.613823102948	0.528757854036	0.528757854036	0.549540840986	0.916868052199	0.616723054616	0.50459159014	0.518124697922	0.554374093765	0.572257129048	0.603673272112	0.534074432093	0.468825519575	0.485741904302	0.632672788787	0.582406959884	0.452875785404	0.515224746254	0.0	0.544224262929	0.42822619623	0.707104881585	0.680038666022	0.524891251812	0.497825036249	0.473175447076	0.616239729338	0.564523924601	0.607539874335	0.570323827936	0.573707104882	0.593040115998	0.491058482359	0.471242145964	0.499758337361	0.479458675689	0.549057515708	0.575157080715	0.546640889319	0.585790236829	0.462058965684	0.550024166264
AE5	0.607056549058	0.523924601257	0.975350410826	0.618173030449	0.562107298212	0.53939101015	0.579990333494	0.547124214596	0.597390043499	0.519574673755	0.611406476559	0.503624939584	0.576123731271	0.890285161914	0.553407443209	0.56935717738	0.602706621556	0.596906718221	0.926051232479	0.762203963267	0.713871435476	0.633156114065	0.638472692122	0.658772353794	0.880135331078	0.656355727405	0.625906234896	0.617689705172	0.639439342678	0.642822619623	0.656839052682	0.609473175447	0.552924117931	0.580473658772	0.623489608507	0.560657322378	0.598840019333	0.522957950701	0.544224262929	0.0	0.354760753987	0.61333977767	0.589656839053	0.515708071532	0.628806186564	0.626872885452	0.649589173514	0.620106331561	0.632189463509	0.614306428226	0.631706138231	0.652489125181	0.541324311261	0.569840502658	0.593523441276	0.559207346544	0.540357660706	0.627839536008	0.552924117931	0.609956500725	0.575157080715	0.608506524891
AE6	0.598356694055	0.475592073465	0.974383760271	0.608023199613	0.570807153214	0.492508458192	0.579507008217	0.481875302078	0.536491058482	0.503624939584	0.549540840986	0.521991300145	0.514258095698	0.88883518608	0.546640889319	0.550024166264	0.558724021266	0.544707588207	0.930401159981	0.760270662156	0.673272112131	0.584823586274	0.589173513775	0.612373127115	0.901884968584	0.642822619623	0.556307394877	0.567907201547	0.608506524891	0.614306428226	0.646205896568	0.582890285162	0.493475108748	0.505558240696	0.607056549058	0.539874335428	0.543257612373	0.498791686805	0.42822619623	0.354760753987	0.0	0.644755920735	0.615273078782	0.490575157081	0.558724021266	0.55099081682	0.640405993233	0.592073465442	0.617689705172	0.597873368777	0.60657322378	0.631706138231	0.508941517641	0.502174963751	0.533591106815	0.511358144031	0.512808119865	0.608506524891	0.521507974867	0.59497341711	0.517641372644	0.586756887385
AF5	0.700338327695	0.632189463509	0.936684388594	0.665055582407	0.667472208797	0.68970517158	0.560657322378	0.659255679072	0.692605123248	0.582890285162	0.728854519091	0.626872885452	0.678588690188	0.853552440793	0.618173030449	0.685838569357	0.729821169647	0.724987916868	0.871918801353	0.727404543258	0.719188013533	0.683421942968	0.730787820203	0.717738037699	0.878202029966	0.707104881585	0.707588206863	0.691155147414	0.672788786854	0.675688738521	0.765587240213	0.730304494925	0.634122764621	0.667472208797	0.742387626873	0.667472208797	0.720637989367	0.489608506525	0.707104881585	0.61333977767	0.644755920735	0.0	0.277428709522	0.54857419043	0.735621072982	0.724987916868	0.761237312711	0.724987916868	0.753987433543	0.716771387144	0.740454325761	0.753020782987	0.708554857419	0.724021266312	0.740937651039	0.714838086032	0.676172063799	0.740937651039	0.686321894635	0.714838086032	0.722571290478	0.727887868536
AF6	0.676172063799	0.605123247946	0.940550990817	0.657805703238	0.660705654906	0.662155630739	0.542290961817	0.632189463509	0.667955534074	0.558240695988	0.705654905752	0.612373127115	0.650072498792	0.853552440793	0.584340260996	0.656355727405	0.700821652972	0.696955050749	0.879168680522	0.726437892702	0.700821652972	0.655389076849	0.703238279362	0.69212179797	0.8796520058	0.683905268246	0.680038666022	0.667472208797	0.653939101015	0.655872402127	0.743837602707	0.701788303528	0.605606573224	0.643789270179	0.737554374094	0.655389076849	0.688738521025	0.46060898985	0.680038666022	0.589656839053	0.615273078782	0.277428709522	0.0	0.520541324311	0.708071532141	0.698888351861	0.758820686322	0.708554857419	0.748670855486	0.708554857419	0.718704688255	0.746254229096	0.683905268246	0.694055099082	0.709521507975	0.691155147414	0.644272595457	0.728854519091	0.654905751571	0.707588206863	0.698888351861	0.710971483809
