	AA3	AA4	AB3	AB4	AC3	AC4	AD3	AD4	AE3	AE4	AF3	AF4	AG3	AG4	AH3	AH4	AA7	AA8	AB7	AB8	AC7	AC8	AD7	AD8	AE7	AE8	AF7	AF8	AG7	AG8	AH7	AH8	AA5	AA6	AB5	AB6	AC5	AC6	AD6	AE5	AE6	AF5	AF6	AG5	AH5	AH6	AA1	AA2	AB1	AB2	AC1	AC2	AD1	AD2	AE1	AE2	AF1	AF2	AG1	AG2	AH1	AH2
AA3	0.0	0.480425326245	0.933784436926	0.629772837119	0.662155630739	0.586273562107	0.683421942968	0.594490091832	0.570807153214	0.623006283229	0.60415659739	0.627839536008	0.582890285162	0.84726921218	0.656355727405	0.331561140648	0.584823586274	0.566940550991	0.86563557274	0.729821169647	0.623489608507	0.576123731271	0.594006766554	0.593040115998	0.834219429676	0.591106814886	0.584823586274	0.573223779604	0.60415659739	0.603673272112	0.597873368777	0.579507008217	0.593040115998	0.606089898502	0.744804253262	0.684388593523	0.605123247946	0.629289511841	0.622522957951	0.629772837119	0.609956500725	0.72450459159	0.695021749638	0.632189463509	0.641372643789	0.630739487675	0.682455292412	0.655872402127	0.710004833253	0.673755437409	0.65973900435	0.674238762687	0.579990333494	0.576123731271	0.573707104882	0.573223779604	0.577573707105	0.67133881102	0.596423392943	0.679555340744	0.586756887385	0.635089415176
AA4	0.480425326245	0.0	0.943450942484	0.576123731271	0.569840502658	0.478492025133	0.604639922668	0.48380860319	0.498791686805	0.521507974867	0.546157564041	0.514258095698	0.483325277912	0.848235862736	0.388593523441	0.365393910101	0.524407926535	0.523924601257	0.884968583857	0.728371193813	0.64813919768	0.570323827936	0.582890285162	0.588690188497	0.871435476075	0.612373127115	0.540840985984	0.550507491542	0.600289995167	0.616723054616	0.618173030449	0.576607056549	0.505074915418	0.507974867086	0.649589173514	0.582406959884	0.552440792653	0.521507974867	0.545674238763	0.523924601257	0.482841952634	0.639439342678	0.597873368777	0.516674722088	0.578057032383	0.565007249879	0.647172547124	0.596423392943	0.622039632673	0.602223296278	0.598356694055	0.635089415176	0.519574673755	0.519091348478	0.532624456259	0.514741420976	0.498791686805	0.634122764621	0.497341710971	0.593040115998	0.529724504592	0.563073948768
AB3	0.933784436926	0.943450942484	0.0	0.66892218463	0.906718221363	0.951667472209	0.956500724988	0.940067665539	0.924601256646	0.945384243596	0.970033832769	0.931367810536	0.964233929435	0.342194296762	0.963750604157	0.943450942484	0.969067182214	0.968583856936	0.752537457709	0.760270662156	0.886418559691	0.906234896085	0.955050749154	0.952634122765	0.855002416626	0.889801836636	0.939101014983	0.928951184147	0.846302561624	0.843402609957	0.950217496375	0.950217496375	0.954084098598	0.960850652489	0.971483808603	0.964233929435	0.970033832769	0.952634122765	0.970517158047	0.971000483325	0.970517158047	0.934751087482	0.934267762204	0.940550990817	0.972450459159	0.971483808603	0.971967133881	0.969550507492	0.963750604157	0.969550507492	0.971000483325	0.971000483325	0.972450459159	0.973900434993	0.975350410826	0.972450459159	0.970033832769	0.971483808603	0.969550507492	0.971967133881	0.971000483325	0.968100531658
AB4	0.629772837119	0.576123731271	0.66892218463	0.0	0.632672788787	0.59255679072	0.688738521025	0.60657322378	0.598840019333	0.610923151281	0.641855969067	0.608506524891	0.483325277912	0.552924117931	0.609473175447	0.586756887385	0.635572740454	0.625422909618	0.738037699372	0.573707104882	0.645239246013	0.610923151281	0.644755920735	0.641855969067	0.787820202997	0.617206379894	0.639439342678	0.627839536008	0.54857419043	0.568873852102	0.679072015466	0.642822619623	0.63653939101	0.643305944901	0.72692121798	0.661188980184	0.646205896568	0.6389560174	0.631222812953	0.628322861286	0.612856452392	0.666022232963	0.646205896568	0.625906234896	0.683905268246	0.66892218463	0.698888351861	0.660222329628	0.68970517158	0.681005316578	0.660705654906	0.683905268246	0.622039632673	0.633156114065	0.658772353794	0.631706138231	0.633156114065	0.686805219913	0.634122764621	0.67133881102	0.632189463509	0.650072498792
AC3	0.662155630739	0.569840502658	0.906718221363	0.632672788787	0.0	0.497825036249	0.660222329628	0.551474142098	0.574673755437	0.601256645723	0.632189463509	0.321411309812	0.607539874335	0.82406959884	0.618656355727	0.619623006283	0.619139681005	0.607539874335	0.85886901885	0.755437409377	0.728371193813	0.686321894635	0.719188013533	0.723537941034	0.827452875785	0.69453842436	0.676172063799	0.681488641856	0.679072015466	0.682455292412	0.713388110198	0.681005316578	0.612856452392	0.630739487675	0.621556307395	0.586273562107	0.619623006283	0.588690188497	0.590623489609	0.566457225713	0.566457225713	0.673272112131	0.657805703238	0.588690188497	0.658289028516	0.644755920735	0.585790236829	0.586273562107	0.581440309328	0.577090381827	0.60657322378	0.584823586274	0.532624456259	0.565490575157	0.579990333494	0.559207346544	0.61333977767	0.589656839053	0.609956500725	0.582890285162	0.63653939101	0.581923634606
AC4	0.586273562107	0.478492025133	0.951667472209	0.59255679072	0.497825036249	0.0	0.621556307395	0.387143547608	0.403093281779	0.495891735138	0.353794103432	0.414209763171	0.488158530691	0.85886901885	0.552924117931	0.529241179314	0.465925567907	0.441759304012	0.9212179797	0.753987433543	0.589173513775	0.528274528758	0.512324794587	0.514258095698	0.88883518608	0.587723537941	0.493475108748	0.501208313195	0.535041082649	0.556307394877	0.562107298212	0.516674722088	0.443692605123	0.46302561624	0.6389560174	0.555340744321	0.465442242629	0.493958434026	0.429192846786	0.530691155147	0.469308844853	0.679072015466	0.641855969067	0.517158047366	0.514258095698	0.495891735138	0.625422909618	0.573223779604	0.581923634606	0.584823586274	0.564523924601	0.603189946834	0.478975350411	0.491058482359	0.510391493475	0.499275012083	0.532624456259	0.605606573224	0.540840985984	0.578057032383	0.461575640406	0.540840985984
AD3	0.683421942968	0.604639922668	0.956500724988	0.688738521025	0.660222329628	0.621556307395	0.0	0.552440792653	0.646205896568	0.3610439826	0.687288545191	0.60657322378	0.649589173514	0.869502174964	0.58095698405	0.645239246013	0.688255195747	0.690671822136	0.939584340261	0.774770420493	0.723537941034	0.70130497825	0.707104881585	0.701788303528	0.915418076365	0.696955050749	0.708554857419	0.700821652972	0.697438376027	0.690188496858	0.725954567424	0.702271628806	0.6389560174	0.65732237796	0.736587723538	0.666505558241	0.678588690188	0.544224262929	0.6389560174	0.565973900435	0.57177380377	0.56259062349	0.544707588207	0.5601739971	0.707104881585	0.695021749638	0.762687288545	0.709521507975	0.73368777187	0.714354760754	0.706138231029	0.739971000483	0.654905751571	0.658289028516	0.677622039633	0.662638956017	0.633639439343	0.73852102465	0.640405993233	0.716288061866	0.698405026583	0.693571773804
AD4	0.594490091832	0.48380860319	0.940067665539	0.60657322378	0.551474142098	0.387143547608	0.552440792653	0.0	0.296761720638	0.423392943451	0.415176413726	0.49299178347	0.511358144031	0.852585790237	0.539874335428	0.532624456259	0.446109231513	0.428709521508	0.930884485259	0.764137264379	0.565490575157	0.497825036249	0.488641855969	0.487675205413	0.897051715805	0.594490091832	0.448042532624	0.464958917351	0.501691638473	0.555340744321	0.535524407927	0.488158530691	0.399710004833	0.44900918318	0.652489125181	0.572257129048	0.438859352344	0.478975350411	0.440309328178	0.55099081682	0.474142097632	0.654422426293	0.614306428226	0.504108264862	0.511358144031	0.495891735138	0.661672305462	0.618173030449	0.630256162397	0.62493958434	0.60657322378	0.641372643789	0.510874818753	0.521991300145	0.529724504592	0.527307878202	0.53697438376	0.648622522958	0.543740937651	0.623972933784	0.506041565974	0.590140164331
AE3	0.570807153214	0.498791686805	0.924601256646	0.598840019333	0.574673755437	0.403093281779	0.646205896568	0.296761720638	0.0	0.502658289029	0.387143547608	0.515708071532	0.517158047366	0.840985983567	0.572257129048	0.540357660706	0.435959400677	0.431126147898	0.917351377477	0.753504108265	0.546640889319	0.4813919768	0.456742387627	0.466408893185	0.881585306912	0.577573707105	0.440309328178	0.463992266796	0.486708554857	0.538424359594	0.52537457709	0.476075398743	0.400676655389	0.462058965684	0.674722087965	0.593040115998	0.439342677622	0.506041565974	0.447075882069	0.594006766554	0.508941517641	0.688255195747	0.646689221846	0.531657805703	0.515224746254	0.503624939584	0.66892218463	0.622039632673	0.637989366844	0.629289511841	0.616239729338	0.655872402127	0.526341227646	0.53939101015	0.545190913485	0.542774287095	0.544707588207	0.654905751571	0.549540840986	0.623972933784	0.499275012083	0.597390043499
AE4	0.623006283229	0.521507974867	0.945384243596	0.610923151281	0.601256645723	0.495891735138	0.3610439826	0.423392943451	0.502658289029	0.0	0.575157080715	0.538424359594	0.567907201547	0.860318994683	0.532141130981	0.559690671822	0.579507008217	0.579507008217	0.927017883035	0.760270662156	0.647172547124	0.585306911551	0.588206863219	0.586273562107	0.899951667472	0.616239729338	0.590140164331	0.581440309328	0.586273562107	0.596906718221	0.631222812953	0.587240212663	0.529724504592	0.545190913485	0.692605123248	0.616239729338	0.565973900435	0.471725471242	0.533591106815	0.521507974867	0.485741904302	0.585790236829	0.55099081682	0.517641372644	0.604639922668	0.593523441276	0.718221362977	0.666022232963	0.684871918801	0.671822136298	0.667472208797	0.695988400193	0.596423392943	0.573223779604	0.591106814886	0.593523441276	0.561140647656	0.693088448526	0.579990333494	0.679555340744	0.586756887385	0.642822619623
AF3	0.60415659739	0.546157564041	0.970033832769	0.641855969067	0.632189463509	0.353794103432	0.687288545191	0.415176413726	0.387143547608	0.575157080715	0.0	0.54857419043	0.534074432093	0.880135331078	0.60657322378	0.568390526825	0.444175930401	0.433059449009	0.948284195263	0.78250362494	0.58337361044	0.532624456259	0.427742870952	0.432576123731	0.916868052199	0.621556307395	0.445142580957	0.504108264862	0.540840985984	0.590623489609	0.52779120348	0.502174963751	0.433542774287	0.492508458192	0.680038666022	0.61575640406	0.4398260029	0.549057515708	0.458192363461	0.610439826003	0.528757854036	0.728371193813	0.694055099082	0.564040599323	0.519091348478	0.500241662639	0.672305461576	0.62493958434	0.665538907685	0.630256162397	0.615273078782	0.653455775737	0.551957467376	0.528757854036	0.538907684872	0.540840985984	0.572740454326	0.656839052682	0.585790236829	0.622522957951	0.499758337361	0.595456742388
AF4	0.627839536008	0.514258095698	0.931367810536	0.608506524891	0.321411309812	0.414209763171	0.60657322378	0.49299178347	0.515708071532	0.538424359594	0.54857419043	0.0	0.555824069599	0.843885935234	0.574673755437	0.570323827936	0.56935717738	0.55775737071	0.893668438859	0.739971000483	0.693088448526	0.638472692122	0.65973900435	0.664088931851	0.852102464959	0.643789270179	0.614306428226	0.624456259062	0.638472692122	0.645239246013	0.663605606573	0.629289511841	0.550507491542	0.574673755437	0.60657322378	0.53697438376	0.558240695988	0.533591106815	0.521507974867	0.506041565974	0.504108264862	0.630739487675	0.608506524891	0.522957950701	0.584340260996	0.574190430159	0.595940067666	0.541324311261	0.564523924601	0.542290961817	0.550507491542	0.577090381827	0.486708554857	0.50700821653	0.533107781537	0.50700821653	0.564040599323	0.573223779604	0.557274045433	0.538907684872	0.563557274045	0.521991300145
AG3	0.582890285162	0.483325277912	0.964233929435	0.483325277912	0.607539874335	0.488158530691	0.649589173514	0.511358144031	0.517158047366	0.567907201547	0.534074432093	0.555824069599	0.0	0.845819236346	0.523924601257	0.503624939584	0.507491541808	0.488641855969	0.928951184147	0.767037216046	0.666505558241	0.597873368777	0.591590140164	0.602223296278	0.886901884969	0.62493958434	0.547607539874	0.576123731271	0.612856452392	0.624456259062	0.632189463509	0.58095698405	0.522474625423	0.51619139681	0.656355727405	0.598356694055	0.53697438376	0.533591106815	0.529241179314	0.563073948768	0.505074915418	0.681005316578	0.642822619623	0.543257612373	0.574190430159	0.5601739971	0.623489608507	0.58337361044	0.614306428226	0.608023199613	0.579507008217	0.603673272112	0.510391493475	0.520541324311	0.538907684872	0.528274528758	0.540840985984	0.616723054616	0.545190913485	0.597390043499	0.511841469309	0.558724021266
AG4	0.84726921218	0.848235862736	0.342194296762	0.552924117931	0.82406959884	0.85886901885	0.869502174964	0.852585790237	0.840985983567	0.860318994683	0.880135331078	0.843885935234	0.845819236346	0.0	0.872885451909	0.850169163847	0.888351860802	0.883518608023	0.722571290478	0.681488641856	0.810536491058	0.825036249396	0.874335427743	0.87046882552	0.826969550507	0.813919768004	0.862252295795	0.846785886902	0.762203963267	0.741420976317	0.878685355244	0.86805219913	0.871435476075	0.875302078299	0.898501691638	0.888351860802	0.886901884969	0.862252295795	0.886418559691	0.881585306912	0.880618656356	0.84485258579	0.849685838569	0.857419043016	0.889801836636	0.890285161914	0.884001933301	0.881585306912	0.882068632189	0.8796520058	0.890285161914	0.886901884969	0.890768487192	0.890285161914	0.893185113581	0.888351860802	0.885451909135	0.885935234413	0.884001933301	0.884485258579	0.887868535524	0.884485258579
AH3	0.656355727405	0.388593523441	0.963750604157	0.609473175447	0.618656355727	0.552924117931	0.58095698405	0.539874335428	0.572257129048	0.532141130981	0.60657322378	0.574673755437	0.523924601257	0.872885451909	0.0	0.522957950701	0.60415659739	0.598840019333	0.932334461092	0.775253745771	0.710488158531	0.649105848236	0.6389560174	0.644755920735	0.905268245529	0.693088448526	0.638472692122	0.64572257129	0.663605606573	0.6805219913	0.700338327695	0.655872402127	0.559207346544	0.579507008217	0.710971483809	0.641372643789	0.620106331561	0.547124214596	0.609473175447	0.558724021266	0.536491058482	0.60657322378	0.574190430159	0.563557274045	0.653939101015	0.639439342678	0.706138231029	0.644755920735	0.656839052682	0.658772353794	0.641855969067	0.672788786854	0.583856935718	0.602706621556	0.612373127115	0.596906718221	0.574673755437	0.684871918801	0.561140647656	0.64572257129	0.594490091832	0.618173030449
AH4	0.331561140648	0.365393910101	0.943450942484	0.586756887385	0.619623006283	0.529241179314	0.645239246013	0.532624456259	0.540357660706	0.559690671822	0.568390526825	0.570323827936	0.503624939584	0.850169163847	0.522957950701	0.0	0.532141130981	0.523924601257	0.880135331078	0.73368777187	0.632672788787	0.562107298212	0.584340260996	0.580473658772	0.850652489125	0.593040115998	0.554857419043	0.555824069599	0.590623489609	0.593523441276	0.59255679072	0.553407443209	0.543740937651	0.541807636539	0.702271628806	0.634122764621	0.570807153214	0.574190430159	0.563557274045	0.567423876269	0.531174480425	0.681971967134	0.649589173514	0.574190430159	0.602706621556	0.58095698405	0.65973900435	0.622522957951	0.664088931851	0.625422909618	0.621556307395	0.64813919768	0.558724021266	0.536491058482	0.545190913485	0.540357660706	0.512324794587	0.651039149348	0.536007733204	0.626389560174	0.547124214596	0.593523441276
AA7	0.584823586274	0.524407926535	0.969067182214	0.635572740454	0.619139681005	0.465925567907	0.688255195747	0.446109231513	0.435959400677	0.579507008217	0.444175930401	0.56935717738	0.507491541808	0.888351860802	0.60415659739	0.532141130981	0.0	0.286611889802	0.91203479942	0.774770420493	0.579023682939	0.508458192363	0.485258579024	0.492508458192	0.871918801353	0.602706621556	0.441759304012	0.478008699855	0.531657805703	0.574673755437	0.51619139681	0.420009666506	0.428709521508	0.478975350411	0.699371677139	0.639439342678	0.469308844853	0.5601739971	0.479942000967	0.594490091832	0.534074432093	0.72450459159	0.685838569357	0.579990333494	0.542290961817	0.52537457709	0.666022232963	0.609473175447	0.665055582407	0.640405993233	0.601256645723	0.637022716288	0.521507974867	0.51619139681	0.529241179314	0.522474625423	0.534074432093	0.639922667956	0.537941034316	0.635572740454	0.502658289029	0.588206863219
AA8	0.566940550991	0.523924601257	0.968583856936	0.625422909618	0.607539874335	0.441759304012	0.690671822136	0.428709521508	0.431126147898	0.579507008217	0.433059449009	0.55775737071	0.488641855969	0.883518608023	0.598840019333	0.523924601257	0.286611889802	0.0	0.913001449976	0.767520541324	0.573223779604	0.495891735138	0.480425326245	0.482841952634	0.859835669406	0.582890285162	0.443692605123	0.465925567907	0.5186080232	0.565973900435	0.484775253746	0.385693571774	0.420492991783	0.47462542291	0.695988400193	0.637506041566	0.467375543741	0.548090865152	0.465442242629	0.588690188497	0.522474625423	0.725471242146	0.683421942968	0.569840502658	0.532141130981	0.5186080232	0.643789270179	0.592073465442	0.656355727405	0.622039632673	0.594006766554	0.620106331561	0.50700821653	0.50459159014	0.514258095698	0.506524891252	0.531174480425	0.622039632673	0.535041082649	0.616723054616	0.484775253746	0.568390526825
AB7	0.86563557274	0.884968583857	0.752537457709	0.738037699372	0.85886901885	0.9212179797	0.939584340261	0.930884485259	0.917351377477	0.927017883035	0.948284195263	0.893668438859	0.928951184147	0.722571290478	0.932334461092	0.880135331078	0.91203479942	0.913001449976	0.0	0.423392943451	0.811503141614	0.840985983567	0.933784436926	0.925567907202	0.736587723538	0.812953117448	0.886901884969	0.860802319961	0.739971000483	0.695988400193	0.8796520058	0.894635089415	0.925567907202	0.940550990817	0.941517641373	0.938617689705	0.940550990817	0.91203479942	0.95601739971	0.929434509425	0.941034316095	0.861285645239	0.872885451909	0.905268245529	0.960850652489	0.951184146931	0.918801353311	0.916384726921	0.93281778637	0.924117931368	0.926534557757	0.915418076365	0.915418076365	0.911551474142	0.916384726921	0.910101498308	0.91445142581	0.910101498308	0.915418076365	0.917834702755	0.952634122765	0.922184630256
AB8	0.729821169647	0.728371193813	0.760270662156	0.573707104882	0.755437409377	0.753987433543	0.774770420493	0.764137264379	0.753504108265	0.760270662156	0.78250362494	0.739971000483	0.767037216046	0.681488641856	0.775253745771	0.73368777187	0.774770420493	0.767520541324	0.423392943451	0.0	0.65055582407	0.672788786854	0.762687288545	0.755437409377	0.749637506042	0.666988883519	0.717254712421	0.69212179797	0.547124214596	0.533591106815	0.748670855486	0.746737554374	0.758337361044	0.770420492992	0.812953117448	0.774770420493	0.773320444659	0.744320927985	0.788303528275	0.773320444659	0.770420492992	0.718221362977	0.713388110198	0.737554374094	0.797970033833	0.783470275495	0.820686321895	0.774770420493	0.806669888835	0.782986950217	0.780570323828	0.804736587724	0.777187046883	0.774287095215	0.776703721605	0.770420492992	0.763170613823	0.797486708555	0.77090381827	0.771387143548	0.786370227163	0.771870468826
AC7	0.623489608507	0.64813919768	0.886418559691	0.645239246013	0.728371193813	0.589173513775	0.723537941034	0.565490575157	0.546640889319	0.647172547124	0.58337361044	0.693088448526	0.666505558241	0.810536491058	0.710488158531	0.632672788787	0.579023682939	0.573223779604	0.811503141614	0.65055582407	0.0	0.358627356211	0.56935717738	0.562107298212	0.820686321895	0.579023682939	0.53939101015	0.496858385694	0.476075398743	0.496375060416	0.56259062349	0.546157564041	0.55099081682	0.605123247946	0.801836636056	0.739971000483	0.623489608507	0.647172547124	0.612373127115	0.71532141131	0.664088931851	0.715804736588	0.683421942968	0.642339294345	0.636056065732	0.621556307395	0.815853069116	0.767037216046	0.796036732721	0.781053649106	0.747220879652	0.790236829386	0.686321894635	0.676172063799	0.678105364911	0.686805219913	0.669405509908	0.789753504108	0.683905268246	0.775737071049	0.615273078782	0.734171097148
AC8	0.576123731271	0.570323827936	0.906234896085	0.610923151281	0.686321894635	0.528274528758	0.70130497825	0.497825036249	0.4813919768	0.585306911551	0.532624456259	0.638472692122	0.597873368777	0.825036249396	0.649105848236	0.562107298212	0.508458192363	0.495891735138	0.840985983567	0.672788786854	0.358627356211	0.0	0.490575157081	0.488158530691	0.834219429676	0.550024166264	0.39584340261	0.352344127598	0.442725954567	0.476558724021	0.515708071532	0.469308844853	0.4813919768	0.534557757371	0.732721121315	0.677138714355	0.550024166264	0.581923634606	0.540357660706	0.642822619623	0.588206863219	0.681005316578	0.644272595457	0.594490091832	0.584823586274	0.561623972934	0.731754470759	0.683905268246	0.724987916868	0.714354760754	0.663605606573	0.704688255196	0.610923151281	0.595456742388	0.599806669889	0.607539874335	0.594006766554	0.706138231029	0.602223296278	0.702271628806	0.546640889319	0.647655872402
AD7	0.594006766554	0.582890285162	0.955050749154	0.644755920735	0.719188013533	0.512324794587	0.707104881585	0.488641855969	0.456742387627	0.588206863219	0.427742870952	0.65973900435	0.591590140164	0.874335427743	0.6389560174	0.584340260996	0.485258579024	0.480425326245	0.933784436926	0.762687288545	0.56935717738	0.490575157081	0.0	0.281778637023	0.895601739971	0.524407926535	0.432576123731	0.466408893185	0.503141614306	0.56259062349	0.510391493475	0.470758820686	0.484291928468	0.534557757371	0.737554374094	0.669888835186	0.509908168197	0.58095698405	0.533591106815	0.645239246013	0.593523441276	0.72692121798	0.684388593523	0.596906718221	0.569840502658	0.558240695988	0.73852102465	0.687771870469	0.72692121798	0.710004833253	0.663605606573	0.701788303528	0.616239729338	0.598356694055	0.597390043499	0.611406476559	0.585306911551	0.706138231029	0.600773320445	0.700821652972	0.550024166264	0.658289028516
AD8	0.593040115998	0.588690188497	0.952634122765	0.641855969067	0.723537941034	0.514258095698	0.701788303528	0.487675205413	0.466408893185	0.586273562107	0.432576123731	0.664088931851	0.602223296278	0.87046882552	0.644755920735	0.580473658772	0.492508458192	0.482841952634	0.925567907202	0.755437409377	0.562107298212	0.488158530691	0.281778637023	0.0	0.860318994683	0.48380860319	0.43064282262	0.46979217013	0.499758337361	0.549540840986	0.502658289029	0.47220879652	0.494441759304	0.544707588207	0.742387626873	0.672788786854	0.513291445143	0.581440309328	0.535524407927	0.64572257129	0.591106814886	0.724987916868	0.681488641856	0.603673272112	0.576607056549	0.561140647656	0.749637506042	0.693571773804	0.737071048816	0.719188013533	0.676172063799	0.712421459642	0.618656355727	0.602223296278	0.600289995167	0.614789753504	0.599323344611	0.716288061866	0.614306428226	0.709038182697	0.557274045433	0.663122281295
AE7	0.834219429676	0.871435476075	0.855002416626	0.787820202997	0.827452875785	0.88883518608	0.915418076365	0.897051715805	0.881585306912	0.899951667472	0.916868052199	0.852102464959	0.886901884969	0.826969550507	0.905268245529	0.850652489125	0.871918801353	0.859835669406	0.736587723538	0.749637506042	0.820686321895	0.834219429676	0.895601739971	0.860318994683	0.0	0.543257612373	0.867568873852	0.855002416626	0.768970517158	0.767037216046	0.836636056066	0.841469308845	0.897535041083	0.908651522475	0.926534557757	0.918318028033	0.925084581924	0.895118414693	0.917834702755	0.880618656356	0.898018366361	0.87046882552	0.8796520058	0.875785403577	0.936684388594	0.922667955534	0.887868535524	0.892218463026	0.904784920251	0.89125181247	0.907684871919	0.895118414693	0.890285161914	0.889801836636	0.902368293862	0.887868535524	0.896085065249	0.892701788304	0.896085065249	0.895601739971	0.91203479942	0.907684871919
AE8	0.591106814886	0.612373127115	0.889801836636	0.617206379894	0.69453842436	0.587723537941	0.696955050749	0.594490091832	0.577573707105	0.616239729338	0.621556307395	0.643789270179	0.62493958434	0.813919768004	0.693088448526	0.593040115998	0.602706621556	0.582890285162	0.812953117448	0.666988883519	0.579023682939	0.550024166264	0.524407926535	0.48380860319	0.543257612373	0.0	0.57177380377	0.555340744321	0.517641372644	0.504108264862	0.574190430159	0.564040599323	0.602706621556	0.614306428226	0.757854035766	0.698405026583	0.628806186564	0.597390043499	0.623006283229	0.649105848236	0.626389560174	0.695021749638	0.666505558241	0.60657322378	0.6389560174	0.630256162397	0.750604156597	0.702271628806	0.74770420493	0.708554857419	0.693571773804	0.729821169647	0.654905751571	0.626389560174	0.647655872402	0.64813919768	0.643305944901	0.731754470759	0.659255679072	0.704688255196	0.610923151281	0.675205413243
AF7	0.584823586274	0.540840985984	0.939101014983	0.639439342678	0.676172063799	0.493475108748	0.708554857419	0.448042532624	0.440309328178	0.590140164331	0.445142580957	0.614306428226	0.547607539874	0.862252295795	0.638472692122	0.554857419043	0.441759304012	0.443692605123	0.886901884969	0.717254712421	0.53939101015	0.39584340261	0.432576123731	0.43064282262	0.867568873852	0.57177380377	0.0	0.330594490092	0.477042049299	0.527307878202	0.480425326245	0.464475592073	0.441275978734	0.488641855969	0.696471725471	0.636056065732	0.480908651522	0.550024166264	0.497341710971	0.618173030449	0.551474142098	0.710004833253	0.668438859352	0.576123731271	0.543740937651	0.525857902368	0.675688738521	0.643789270179	0.6805219913	0.671822136298	0.620106331561	0.652489125181	0.56935717738	0.550024166264	0.54857419043	0.563557274045	0.568390526825	0.656839052682	0.57177380377	0.65732237796	0.512324794587	0.600289995167
AF8	0.573223779604	0.550507491542	0.928951184147	0.627839536008	0.681488641856	0.501208313195	0.700821652972	0.464958917351	0.463992266796	0.581440309328	0.504108264862	0.624456259062	0.576123731271	0.846785886902	0.64572257129	0.555824069599	0.478008699855	0.465925567907	0.860802319961	0.69212179797	0.496858385694	0.352344127598	0.466408893185	0.46979217013	0.855002416626	0.555340744321	0.330594490092	0.0	0.451909134848	0.494441759304	0.513291445143	0.466408893185	0.446109231513	0.517641372644	0.71532141131	0.652972450459	0.510391493475	0.550507491542	0.514741420976	0.60657322378	0.56259062349	0.6805219913	0.639439342678	0.568390526825	0.564523924601	0.541324311261	0.691638472692	0.656355727405	0.695505074915	0.683421942968	0.63653939101	0.666988883519	0.570807153214	0.562107298212	0.567907201547	0.574190430159	0.555824069599	0.666988883519	0.562107298212	0.672305461576	0.507974867086	0.611889801837
AG7	0.60415659739	0.600289995167	0.846302561624	0.54857419043	0.679072015466	0.535041082649	0.697438376027	0.501691638473	0.486708554857	0.586273562107	0.540840985984	0.638472692122	0.612856452392	0.762203963267	0.663605606573	0.590623489609	0.531657805703	0.5186080232	0.739971000483	0.547124214596	0.476075398743	0.442725954567	0.503141614306	0.499758337361	0.768970517158	0.517641372644	0.477042049299	0.451909134848	0.0	0.318994683422	0.551957467376	0.519091348478	0.50700821653	0.5601739971	0.745770903818	0.673272112131	0.537941034316	0.567907201547	0.537941034316	0.638472692122	0.599806669889	0.664572257129	0.622039632673	0.573223779604	0.598356694055	0.58337361044	0.745770903818	0.68970517158	0.725954567424	0.713388110198	0.674238762687	0.716771387144	0.624456259062	0.615273078782	0.62735621073	0.623006283229	0.619139681005	0.721121314645	0.639439342678	0.703238279362	0.581440309328	0.658772353794
AG8	0.603673272112	0.616723054616	0.843402609957	0.568873852102	0.682455292412	0.556307394877	0.690188496858	0.555340744321	0.538424359594	0.596906718221	0.590623489609	0.645239246013	0.624456259062	0.741420976317	0.6805219913	0.593523441276	0.574673755437	0.565973900435	0.695988400193	0.533591106815	0.496375060416	0.476558724021	0.56259062349	0.549540840986	0.767037216046	0.504108264862	0.527307878202	0.494441759304	0.318994683422	0.0	0.577090381827	0.554374093765	0.561623972934	0.592073465442	0.760753987434	0.690188496858	0.589173513775	0.581440309328	0.586273562107	0.649105848236	0.611889801837	0.666022232963	0.634606089899	0.595456742388	0.626389560174	0.611889801837	0.753020782987	0.695505074915	0.73368777187	0.721121314645	0.681971967134	0.723537941034	0.644755920735	0.630739487675	0.637506041566	0.643789270179	0.632672788787	0.725471242146	0.658772353794	0.706138231029	0.60657322378	0.661188980184
AH7	0.597873368777	0.618173030449	0.950217496375	0.679072015466	0.713388110198	0.562107298212	0.725954567424	0.535524407927	0.52537457709	0.631222812953	0.52779120348	0.663605606573	0.632189463509	0.878685355244	0.700338327695	0.59255679072	0.51619139681	0.484775253746	0.8796520058	0.748670855486	0.56259062349	0.515708071532	0.510391493475	0.502658289029	0.836636056066	0.574190430159	0.480425326245	0.513291445143	0.551957467376	0.577090381827	0.0	0.319961333978	0.56935717738	0.61333977767	0.777187046883	0.724021266312	0.567907201547	0.645239246013	0.597873368777	0.659255679072	0.641372643789	0.769453842436	0.741420976317	0.661672305462	0.641855969067	0.623489608507	0.757370710488	0.720154664089	0.763170613823	0.729821169647	0.706621556307	0.738037699372	0.630256162397	0.62735621073	0.625906234896	0.634606089899	0.622039632673	0.740454325761	0.63653939101	0.71532141131	0.609473175447	0.691638472692
AH8	0.579507008217	0.576607056549	0.950217496375	0.642822619623	0.681005316578	0.516674722088	0.702271628806	0.488158530691	0.476075398743	0.587240212663	0.502174963751	0.629289511841	0.58095698405	0.86805219913	0.655872402127	0.553407443209	0.420009666506	0.385693571774	0.894635089415	0.746737554374	0.546157564041	0.469308844853	0.470758820686	0.47220879652	0.841469308845	0.564040599323	0.464475592073	0.466408893185	0.519091348478	0.554374093765	0.319961333978	0.0	0.517158047366	0.5601739971	0.748187530208	0.688255195747	0.521991300145	0.597390043499	0.545674238763	0.619623006283	0.593040115998	0.727404543258	0.692605123248	0.617689705172	0.588206863219	0.579023682939	0.717254712421	0.673272112131	0.721121314645	0.684871918801	0.662155630739	0.68970517158	0.59255679072	0.580473658772	0.58337361044	0.588206863219	0.572740454326	0.692605123248	0.586756887385	0.679555340744	0.558724021266	0.647172547124
AA5	0.593040115998	0.505074915418	0.954084098598	0.63653939101	0.612856452392	0.443692605123	0.6389560174	0.399710004833	0.400676655389	0.529724504592	0.433542774287	0.550507491542	0.522474625423	0.871435476075	0.559207346544	0.543740937651	0.428709521508	0.420492991783	0.925567907202	0.758337361044	0.55099081682	0.4813919768	0.484291928468	0.494441759304	0.897535041083	0.602706621556	0.441275978734	0.446109231513	0.50700821653	0.561623972934	0.56935717738	0.517158047366	0.0	0.345094248429	0.67133881102	0.587723537941	0.478492025133	0.46060898985	0.458675688739	0.550024166264	0.476558724021	0.633156114065	0.592073465442	0.479458675689	0.520541324311	0.47462542291	0.692605123248	0.647655872402	0.663605606573	0.653939101015	0.637022716288	0.678588690188	0.533107781537	0.550507491542	0.563073948768	0.554857419043	0.542290961817	0.6805219913	0.557274045433	0.644272595457	0.503624939584	0.60415659739
AA6	0.606089898502	0.507974867086	0.960850652489	0.643305944901	0.630739487675	0.46302561624	0.65732237796	0.44900918318	0.462058965684	0.545190913485	0.492508458192	0.574673755437	0.51619139681	0.875302078299	0.579507008217	0.541807636539	0.478975350411	0.47462542291	0.940550990817	0.770420492992	0.605123247946	0.534557757371	0.534557757371	0.544707588207	0.908651522475	0.614306428226	0.488641855969	0.517641372644	0.5601739971	0.592073465442	0.61333977767	0.5601739971	0.345094248429	0.0	0.67133881102	0.585790236829	0.508458192363	0.488641855969	0.478975350411	0.567907201547	0.490575157081	0.67133881102	0.627839536008	0.514741420976	0.450942484292	0.418559690672	0.681488641856	0.642339294345	0.65732237796	0.648622522958	0.626872885452	0.670372160464	0.529241179314	0.547607539874	0.55775737071	0.54857419043	0.54857419043	0.66892218463	0.552440792653	0.637989366844	0.512324794587	0.599323344611
AB5	0.744804253262	0.649589173514	0.971483808603	0.72692121798	0.621556307395	0.6389560174	0.736587723538	0.652489125181	0.674722087965	0.692605123248	0.680038666022	0.60657322378	0.656355727405	0.898501691638	0.710971483809	0.702271628806	0.699371677139	0.695988400193	0.941517641373	0.812953117448	0.801836636056	0.732721121315	0.737554374094	0.742387626873	0.926534557757	0.757854035766	0.696471725471	0.71532141131	0.745770903818	0.760753987434	0.777187046883	0.748187530208	0.67133881102	0.67133881102	0.0	0.308361527308	0.620589656839	0.637989366844	0.612373127115	0.625422909618	0.618656355727	0.730304494925	0.718704688255	0.63653939101	0.627839536008	0.602706621556	0.615273078782	0.614789753504	0.623006283229	0.595940067666	0.612856452392	0.607056549058	0.586756887385	0.594490091832	0.622522957951	0.608506524891	0.665538907685	0.602706621556	0.655872402127	0.602223296278	0.677138714355	0.595940067666
AB6	0.684388593523	0.582406959884	0.964233929435	0.661188980184	0.586273562107	0.555340744321	0.666505558241	0.572257129048	0.593040115998	0.616239729338	0.61575640406	0.53697438376	0.598356694055	0.888351860802	0.641372643789	0.634122764621	0.639439342678	0.637506041566	0.938617689705	0.774770420493	0.739971000483	0.677138714355	0.669888835186	0.672788786854	0.918318028033	0.698405026583	0.636056065732	0.652972450459	0.673272112131	0.690188496858	0.724021266312	0.688255195747	0.587723537941	0.585790236829	0.308361527308	0.0	0.554857419043	0.564040599323	0.541807636539	0.554857419043	0.539874335428	0.674238762687	0.646205896568	0.541807636539	0.552440792653	0.535041082649	0.594006766554	0.551474142098	0.582406959884	0.553890768487	0.54857419043	0.58095698405	0.517158047366	0.542774287095	0.574190430159	0.554857419043	0.596906718221	0.574673755437	0.581440309328	0.550024166264	0.624456259062	0.519574673755
AC5	0.605123247946	0.552440792653	0.970033832769	0.646205896568	0.619623006283	0.465442242629	0.678588690188	0.438859352344	0.439342677622	0.565973900435	0.4398260029	0.558240695988	0.53697438376	0.886901884969	0.620106331561	0.570807153214	0.469308844853	0.467375543741	0.940550990817	0.773320444659	0.623489608507	0.550024166264	0.509908168197	0.513291445143	0.925084581924	0.628806186564	0.480908651522	0.510391493475	0.537941034316	0.589173513775	0.567907201547	0.521991300145	0.478492025133	0.508458192363	0.620589656839	0.554857419043	0.0	0.429676172064	0.426776220396	0.577090381827	0.519091348478	0.713871435476	0.672305461576	0.544707588207	0.492025132914	0.478492025133	0.596423392943	0.565973900435	0.612856452392	0.582890285162	0.559690671822	0.585306911551	0.506524891252	0.471725471242	0.494441759304	0.492025132914	0.555824069599	0.582406959884	0.571290478492	0.573707104882	0.519091348478	0.53020782987
AC6	0.629289511841	0.521507974867	0.952634122765	0.6389560174	0.588690188497	0.493958434026	0.544224262929	0.478975350411	0.506041565974	0.471725471242	0.549057515708	0.533591106815	0.533591106815	0.862252295795	0.547124214596	0.574190430159	0.5601739971	0.548090865152	0.91203479942	0.744320927985	0.647172547124	0.581923634606	0.58095698405	0.581440309328	0.895118414693	0.597390043499	0.550024166264	0.550507491542	0.567907201547	0.581440309328	0.645239246013	0.597390043499	0.46060898985	0.488641855969	0.637989366844	0.564040599323	0.429676172064	0.0	0.503624939584	0.510391493475	0.488641855969	0.484291928468	0.440792653456	0.420976317061	0.558724021266	0.533591106815	0.661188980184	0.620106331561	0.647172547124	0.623972933784	0.625906234896	0.656839052682	0.563557274045	0.556307394877	0.573223779604	0.567423876269	0.556307394877	0.652972450459	0.572257129048	0.620589656839	0.550507491542	0.59255679072
AD6	0.622522957951	0.545674238763	0.970517158047	0.631222812953	0.590623489609	0.429192846786	0.6389560174	0.440309328178	0.447075882069	0.533591106815	0.458192363461	0.521507974867	0.529241179314	0.886418559691	0.609473175447	0.563557274045	0.479942000967	0.465442242629	0.95601739971	0.788303528275	0.612373127115	0.540357660706	0.533591106815	0.535524407927	0.917834702755	0.623006283229	0.497341710971	0.514741420976	0.537941034316	0.586273562107	0.597873368777	0.545674238763	0.458675688739	0.478975350411	0.612373127115	0.541807636539	0.426776220396	0.503624939584	0.0	0.542290961817	0.425809569841	0.70130497825	0.658289028516	0.539874335428	0.484291928468	0.46060898985	0.603189946834	0.554374093765	0.582406959884	0.568873852102	0.551474142098	0.582890285162	0.476075398743	0.451909134848	0.484291928468	0.481875302078	0.549057515708	0.589173513775	0.553407443209	0.565007249879	0.488641855969	0.524407926535
AE5	0.629772837119	0.523924601257	0.971000483325	0.628322861286	0.566457225713	0.530691155147	0.565973900435	0.55099081682	0.594006766554	0.521507974867	0.610439826003	0.506041565974	0.563073948768	0.881585306912	0.558724021266	0.567423876269	0.594490091832	0.588690188497	0.929434509425	0.773320444659	0.71532141131	0.642822619623	0.645239246013	0.64572257129	0.880618656356	0.649105848236	0.618173030449	0.60657322378	0.638472692122	0.649105848236	0.659255679072	0.619623006283	0.550024166264	0.567907201547	0.625422909618	0.554857419043	0.577090381827	0.510391493475	0.542290961817	0.0	0.347027549541	0.607056549058	0.570807153214	0.498791686805	0.629772837119	0.609956500725	0.64813919768	0.612373127115	0.630739487675	0.611889801837	0.617206379894	0.647655872402	0.528274528758	0.552440792653	0.589173513775	0.54857419043	0.537457709038	0.639922667956	0.547124214596	0.608506524891	0.575640405993	0.58337361044
AE6	0.609956500725	0.482841952634	0.970517158047	0.612856452392	0.566457225713	0.469308844853	0.57177380377	0.474142097632	0.508941517641	0.485741904302	0.528757854036	0.504108264862	0.505074915418	0.880618656356	0.536491058482	0.531174480425	0.534074432093	0.522474625423	0.941034316095	0.770420492992	0.664088931851	0.588206863219	0.593523441276	0.591106814886	0.898018366361	0.626389560174	0.551474142098	0.56259062349	0.599806669889	0.611889801837	0.641372643789	0.593040115998	0.476558724021	0.490575157081	0.618656355727	0.539874335428	0.519091348478	0.488641855969	0.425809569841	0.347027549541	0.0	0.642339294345	0.600289995167	0.479942000967	0.55099081682	0.534557757371	0.630739487675	0.589173513775	0.609956500725	0.592073465442	0.592073465442	0.62493958434	0.492025132914	0.488641855969	0.512324794587	0.502658289029	0.50459159014	0.622522957951	0.517158047366	0.589173513775	0.503141614306	0.558724021266
AF5	0.72450459159	0.639439342678	0.934751087482	0.666022232963	0.673272112131	0.679072015466	0.56259062349	0.654422426293	0.688255195747	0.585790236829	0.728371193813	0.630739487675	0.681005316578	0.84485258579	0.60657322378	0.681971967134	0.72450459159	0.725471242146	0.861285645239	0.718221362977	0.715804736588	0.681005316578	0.72692121798	0.724987916868	0.87046882552	0.695021749638	0.710004833253	0.6805219913	0.664572257129	0.666022232963	0.769453842436	0.727404543258	0.633156114065	0.67133881102	0.730304494925	0.674238762687	0.713871435476	0.484291928468	0.70130497825	0.607056549058	0.642339294345	0.0	0.283228612856	0.544224262929	0.731754470759	0.714354760754	0.760270662156	0.723537941034	0.742387626873	0.717738037699	0.735137747704	0.754954084099	0.696955050749	0.715804736588	0.735137747704	0.713388110198	0.674238762687	0.753504108265	0.681971967134	0.710488158531	0.719671338811	0.721121314645
AF6	0.695021749638	0.597873368777	0.934267762204	0.646205896568	0.657805703238	0.641855969067	0.544707588207	0.614306428226	0.646689221846	0.55099081682	0.694055099082	0.608506524891	0.642822619623	0.849685838569	0.574190430159	0.649589173514	0.685838569357	0.683421942968	0.872885451909	0.713388110198	0.683421942968	0.644272595457	0.684388593523	0.681488641856	0.8796520058	0.666505558241	0.668438859352	0.639439342678	0.622039632673	0.634606089899	0.741420976317	0.692605123248	0.592073465442	0.627839536008	0.718704688255	0.646205896568	0.672305461576	0.440792653456	0.658289028516	0.570807153214	0.600289995167	0.283228612856	0.0	0.504108264862	0.695505074915	0.676655389077	0.742870952151	0.705171580474	0.729337844369	0.702754954084	0.699371677139	0.740454325761	0.654422426293	0.6805219913	0.70372160464	0.678588690188	0.631222812953	0.73610439826	0.637989366844	0.699371677139	0.679072015466	0.683421942968
