	AA3	AA4	AB3	AB4	AC3	AC4	AD3	AD4	AE3	AE4	AF3	AF4	AG3	AG4	AH3	AH4	AA7	AA8	AB7	AB8	AC7	AC8	AD7	AD8	AE7	AE8	AF7	AF8	AG7	AG8	AH7	AH8	AA5	AA6	AB5	AB6	AC5	AC6	AD6	AE5	AE6	AF5	AF6	AG5	AH5	AH6	AA1	AA2	AB1	AB2	AC1	AC2	AD1	AD2	AE1	AE2	AF1	AF2	AG1	AG2	AH1	AH2
AA3	0.0	0.484775253746	0.936684388594	0.634122764621	0.646689221846	0.581923634606	0.669888835186	0.593040115998	0.579023682939	0.620106331561	0.619139681005	0.61575640406	0.588690188497	0.843885935234	0.651039149348	0.338811019816	0.585790236829	0.572740454326	0.855969067182	0.695021749638	0.61575640406	0.582890285162	0.594490091832	0.58337361044	0.820202996617	0.581923634606	0.572740454326	0.5601739971	0.573707104882	0.595940067666	0.591590140164	0.567423876269	0.589173513775	0.598840019333	0.75688738521	0.692605123248	0.600289995167	0.640889318511	0.602223296278	0.626872885452	0.591106814886	0.72450459159	0.686321894635	0.613823102948	0.623972933784	0.631706138231	0.690671822136	0.644755920735	0.714354760754	0.67133881102	0.651039149348	0.667472208797	0.574190430159	0.578057032383	0.579507008217	0.5601739971	0.585790236829	0.680038666022	0.588690188497	0.687288545191	0.573707104882	0.650072498792
AA4	0.484775253746	0.0	0.949250845819	0.589656839053	0.564040599323	0.506524891252	0.600773320445	0.499275012083	0.489608506525	0.52779120348	0.574673755437	0.516674722088	0.493475108748	0.853552440793	0.383276945384	0.371677138714	0.535524407927	0.538424359594	0.887868535524	0.709038182697	0.655872402127	0.590623489609	0.577090381827	0.578057032383	0.874818753021	0.621556307395	0.549540840986	0.55775737071	0.603189946834	0.620589656839	0.630256162397	0.569840502658	0.508458192363	0.517158047366	0.678105364911	0.590140164331	0.563073948768	0.538907684872	0.542774287095	0.53020782987	0.501691638473	0.647172547124	0.590623489609	0.52537457709	0.58337361044	0.579507008217	0.647655872402	0.581923634606	0.624456259062	0.595940067666	0.60415659739	0.618656355727	0.510874818753	0.525857902368	0.540357660706	0.517641372644	0.494441759304	0.617206379894	0.501691638473	0.611406476559	0.519574673755	0.56935717738
AB3	0.936684388594	0.949250845819	0.0	0.676172063799	0.918318028033	0.953117448043	0.960850652489	0.946350894152	0.942000966651	0.95360077332	0.974867085549	0.938134364427	0.966650555824	0.354760753987	0.962783953601	0.948767520541	0.974383760271	0.971483808603	0.737554374094	0.769937167714	0.898501691638	0.918318028033	0.963267278879	0.957950700822	0.852102464959	0.911551474142	0.945867568874	0.926534557757	0.855002416626	0.839536007733	0.955534074432	0.956984050266	0.962783953601	0.966167230546	0.976317061382	0.971000483325	0.977283711938	0.957950700822	0.978250362494	0.978250362494	0.97680038666	0.939101014983	0.935717738038	0.957467375544	0.979700338328	0.976317061382	0.978733687772	0.976317061382	0.977283711938	0.976317061382	0.973900434993	0.973900434993	0.978250362494	0.97680038666	0.980183663606	0.977767037216	0.976317061382	0.974867085549	0.977283711938	0.977283711938	0.97921701305	0.977767037216
AB4	0.634122764621	0.589656839053	0.676172063799	0.0	0.631706138231	0.621072982117	0.688738521025	0.629289511841	0.621072982117	0.624456259062	0.65973900435	0.617206379894	0.492508458192	0.556307394877	0.612373127115	0.599806669889	0.648622522958	0.646689221846	0.719188013533	0.567907201547	0.658289028516	0.634606089899	0.655872402127	0.661188980184	0.796036732721	0.650072498792	0.654905751571	0.631222812953	0.566457225713	0.573707104882	0.69212179797	0.652972450459	0.642339294345	0.655389076849	0.732721121315	0.673272112131	0.647655872402	0.65055582407	0.632189463509	0.629772837119	0.627839536008	0.672788786854	0.65732237796	0.63653939101	0.695988400193	0.677138714355	0.691155147414	0.654905751571	0.690188496858	0.678588690188	0.668438859352	0.664572257129	0.630256162397	0.644272595457	0.654905751571	0.637989366844	0.65055582407	0.677622039633	0.639439342678	0.684388593523	0.648622522958	0.661672305462
AC3	0.646689221846	0.564040599323	0.918318028033	0.631706138231	0.0	0.48380860319	0.648622522958	0.55099081682	0.566940550991	0.595456742388	0.630739487675	0.338811019816	0.599806669889	0.831319478009	0.588206863219	0.613823102948	0.621072982117	0.604639922668	0.861285645239	0.735621072982	0.725954567424	0.687288545191	0.709521507975	0.709038182697	0.826969550507	0.688738521025	0.658772353794	0.677622039633	0.673272112131	0.684871918801	0.705654905752	0.65055582407	0.600773320445	0.628806186564	0.641372643789	0.59497341711	0.626389560174	0.591590140164	0.595456742388	0.554857419043	0.555340744321	0.671822136298	0.649105848236	0.555340744321	0.662638956017	0.655872402127	0.593040115998	0.584340260996	0.588690188497	0.601739971	0.605123247946	0.592073465442	0.533107781537	0.579990333494	0.587723537941	0.571290478492	0.617206379894	0.594006766554	0.607056549058	0.599806669889	0.609956500725	0.595456742388
AC4	0.581923634606	0.506524891252	0.953117448043	0.621072982117	0.48380860319	0.0	0.620589656839	0.408409859836	0.39584340261	0.510874818753	0.360560657322	0.39584340261	0.521991300145	0.864668922185	0.579507008217	0.521507974867	0.474142097632	0.457225712905	0.915418076365	0.732721121315	0.589656839053	0.537457709038	0.514258095698	0.508458192363	0.884485258579	0.588206863219	0.490575157081	0.506041565974	0.522957950701	0.561623972934	0.571290478492	0.510874818753	0.44900918318	0.478492025133	0.639922667956	0.566457225713	0.458675688739	0.515224746254	0.427259545674	0.547607539874	0.47462542291	0.69212179797	0.641372643789	0.491058482359	0.505558240696	0.501208313195	0.640405993233	0.576123731271	0.605606573224	0.585306911551	0.585790236829	0.604639922668	0.496858385694	0.511841469309	0.520057999033	0.503624939584	0.542290961817	0.601256645723	0.550507491542	0.581923634606	0.485741904302	0.552924117931
AD3	0.669888835186	0.600773320445	0.960850652489	0.688738521025	0.648622522958	0.620589656839	0.0	0.530691155147	0.629772837119	0.362493958434	0.679555340744	0.594490091832	0.639922667956	0.875302078299	0.570323827936	0.635572740454	0.676655389077	0.679072015466	0.938134364427	0.762203963267	0.71532141131	0.695505074915	0.691638472692	0.683905268246	0.915418076365	0.683905268246	0.695021749638	0.686321894635	0.686321894635	0.679072015466	0.717254712421	0.686805219913	0.62735621073	0.645239246013	0.740937651039	0.656839052682	0.667472208797	0.535041082649	0.635089415176	0.584340260996	0.576607056549	0.561140647656	0.533107781537	0.559207346544	0.691155147414	0.68293861769	0.763653939101	0.712421459642	0.739487675205	0.710971483809	0.711938134364	0.740937651039	0.653455775737	0.660222329628	0.664572257129	0.654905751571	0.623489608507	0.728854519091	0.629772837119	0.722087965201	0.678588690188	0.688255195747
AD4	0.593040115998	0.499275012083	0.946350894152	0.629289511841	0.55099081682	0.408409859836	0.530691155147	0.0	0.312711454809	0.401643305945	0.433542774287	0.485258579024	0.536007733204	0.857419043016	0.538907684872	0.528274528758	0.468825519575	0.46060898985	0.933784436926	0.752537457709	0.55775737071	0.502174963751	0.496858385694	0.49540840986	0.909134847753	0.616239729338	0.456742387627	0.473175447076	0.51377477042	0.567423876269	0.563557274045	0.501208313195	0.396810053166	0.447559207347	0.645239246013	0.556307394877	0.436442725955	0.476075398743	0.426776220396	0.54857419043	0.458675688739	0.651039149348	0.605123247946	0.463508941518	0.494925084582	0.481875302078	0.65732237796	0.597873368777	0.629772837119	0.619139681005	0.599806669889	0.621556307395	0.502658289029	0.522474625423	0.534557757371	0.506524891252	0.53697438376	0.623972933784	0.551957467376	0.625906234896	0.503624939584	0.582890285162
AE3	0.579023682939	0.489608506525	0.942000966651	0.621072982117	0.566940550991	0.39584340261	0.629772837119	0.312711454809	0.0	0.489608506525	0.401643305945	0.499758337361	0.514741420976	0.861285645239	0.540840985984	0.52779120348	0.432092798453	0.421942967617	0.927017883035	0.74770420493	0.544707588207	0.475592073465	0.472692121798	0.462542290962	0.897051715805	0.604639922668	0.432576123731	0.448042532624	0.49540840986	0.554374093765	0.540357660706	0.48380860319	0.383276945384	0.445625906235	0.664572257129	0.590623489609	0.432092798453	0.515224746254	0.421459642339	0.58337361044	0.499758337361	0.681971967134	0.640405993233	0.489608506525	0.488158530691	0.48380860319	0.655872402127	0.596423392943	0.628322861286	0.614789753504	0.603673272112	0.623972933784	0.51377477042	0.528757854036	0.53697438376	0.515224746254	0.541807636539	0.626872885452	0.559207346544	0.618656355727	0.48622522958	0.579990333494
AE4	0.620106331561	0.52779120348	0.95360077332	0.624456259062	0.595456742388	0.510874818753	0.362493958434	0.401643305945	0.489608506525	0.0	0.565490575157	0.536007733204	0.572257129048	0.864668922185	0.525857902368	0.554374093765	0.568390526825	0.56935717738	0.931367810536	0.751570807153	0.642822619623	0.593040115998	0.590140164331	0.584823586274	0.904301594973	0.62493958434	0.583856935718	0.573707104882	0.585306911551	0.602223296278	0.632672788787	0.579990333494	0.519574673755	0.533107781537	0.704204929918	0.622039632673	0.55775737071	0.473175447076	0.534557757371	0.525857902368	0.500724987917	0.594490091832	0.551474142098	0.506041565974	0.598356694055	0.584823586274	0.71290478492	0.652005799903	0.691155147414	0.672788786854	0.666022232963	0.681005316578	0.589173513775	0.585790236829	0.594006766554	0.579990333494	0.565490575157	0.679555340744	0.572740454326	0.68293861769	0.577090381827	0.64572257129
AF3	0.619139681005	0.574673755437	0.974867085549	0.65973900435	0.630739487675	0.360560657322	0.679555340744	0.433542774287	0.401643305945	0.565490575157	0.0	0.540840985984	0.550507491542	0.885935234413	0.612373127115	0.580473658772	0.44900918318	0.436926051232	0.952634122765	0.773320444659	0.577090381827	0.523924601257	0.438859352344	0.434026099565	0.92363460609	0.630256162397	0.442725954567	0.497825036249	0.533107781537	0.594490091832	0.526341227646	0.502174963751	0.431126147898	0.496858385694	0.683905268246	0.620106331561	0.411793136781	0.553890768487	0.437892701788	0.616723054616	0.534557757371	0.727404543258	0.679555340744	0.530691155147	0.509424842919	0.504108264862	0.677138714355	0.61333977767	0.664572257129	0.624456259062	0.617206379894	0.6389560174	0.551474142098	0.546157564041	0.550024166264	0.532624456259	0.587240212663	0.64572257129	0.595456742388	0.628806186564	0.50700821653	0.593523441276
AF4	0.61575640406	0.516674722088	0.938134364427	0.617206379894	0.338811019816	0.39584340261	0.594490091832	0.485258579024	0.499758337361	0.536007733204	0.540840985984	0.0	0.556307394877	0.849202513291	0.547607539874	0.561623972934	0.573223779604	0.560657322378	0.884001933301	0.707588206863	0.690671822136	0.644272595457	0.647655872402	0.644272595457	0.851135814403	0.632672788787	0.603189946834	0.622039632673	0.637989366844	0.650072498792	0.663122281295	0.603189946834	0.536491058482	0.570807153214	0.612856452392	0.523441275979	0.561623972934	0.534557757371	0.541807636539	0.512808119865	0.508941517641	0.629289511841	0.595940067666	0.494925084582	0.579507008217	0.571290478492	0.588206863219	0.542774287095	0.576607056549	0.543257612373	0.549540840986	0.565490575157	0.475592073465	0.504108264862	0.521991300145	0.5186080232	0.565973900435	0.556307394877	0.5601739971	0.550507491542	0.555340744321	0.521507974867
AG3	0.588690188497	0.493475108748	0.966650555824	0.492508458192	0.599806669889	0.521991300145	0.639922667956	0.536007733204	0.514741420976	0.572257129048	0.550507491542	0.556307394877	0.0	0.84485258579	0.519574673755	0.527307878202	0.519091348478	0.500724987917	0.919284678589	0.739971000483	0.666988883519	0.611406476559	0.589656839053	0.598356694055	0.883518608023	0.642339294345	0.560657322378	0.58337361044	0.61575640406	0.644272595457	0.637022716288	0.566940550991	0.524407926535	0.53020782987	0.669888835186	0.610923151281	0.542290961817	0.5601739971	0.522957950701	0.563557274045	0.513291445143	0.680038666022	0.629289511841	0.550507491542	0.56935717738	0.563557274045	0.624456259062	0.574190430159	0.616723054616	0.603673272112	0.580473658772	0.593523441276	0.524407926535	0.53020782987	0.535524407927	0.509908168197	0.551474142098	0.610439826003	0.565007249879	0.605606573224	0.51377477042	0.5601739971
AG4	0.843885935234	0.853552440793	0.354760753987	0.556307394877	0.831319478009	0.864668922185	0.875302078299	0.857419043016	0.861285645239	0.864668922185	0.885935234413	0.849202513291	0.84485258579	0.0	0.872885451909	0.850169163847	0.892701788304	0.88883518608	0.697438376027	0.69212179797	0.82406959884	0.838569357177	0.886418559691	0.880618656356	0.822619623006	0.836152730788	0.865152247463	0.84726921218	0.777187046883	0.742387626873	0.886901884969	0.874335427743	0.877718704688	0.878202029966	0.900918318028	0.89125181247	0.89125181247	0.861768970517	0.889318511358	0.888351860802	0.884001933301	0.854035766071	0.847752537458	0.870952150797	0.90043499275	0.892701788304	0.890768487192	0.887868535524	0.89125181247	0.885935234413	0.892701788304	0.887385210246	0.892701788304	0.890768487192	0.897535041083	0.889801836636	0.892218463026	0.890285161914	0.889318511358	0.889318511358	0.897051715805	0.893668438859
AH3	0.651039149348	0.383276945384	0.962783953601	0.612373127115	0.588206863219	0.579507008217	0.570323827936	0.538907684872	0.540840985984	0.525857902368	0.612373127115	0.547607539874	0.519574673755	0.872885451909	0.0	0.519574673755	0.600773320445	0.598840019333	0.928467858869	0.753987433543	0.696471725471	0.637506041566	0.62493958434	0.628806186564	0.896568390527	0.683421942968	0.625906234896	0.626872885452	0.658289028516	0.669405509908	0.681971967134	0.626872885452	0.541324311261	0.571290478492	0.715804736588	0.634122764621	0.616239729338	0.536491058482	0.58095698405	0.540357660706	0.549057515708	0.602223296278	0.565007249879	0.550507491542	0.631706138231	0.624456259062	0.704688255196	0.625906234896	0.654422426293	0.647655872402	0.644272595457	0.664088931851	0.585790236829	0.599323344611	0.597873368777	0.590623489609	0.56935717738	0.669888835186	0.56259062349	0.655389076849	0.579990333494	0.598840019333
AH4	0.338811019816	0.371677138714	0.948767520541	0.599806669889	0.613823102948	0.521507974867	0.635572740454	0.528274528758	0.52779120348	0.554374093765	0.580473658772	0.561623972934	0.527307878202	0.850169163847	0.519574673755	0.0	0.540840985984	0.542774287095	0.880618656356	0.707104881585	0.622522957951	0.568390526825	0.562107298212	0.563073948768	0.857902368294	0.596423392943	0.550507491542	0.549057515708	0.576123731271	0.602706621556	0.602706621556	0.55099081682	0.531657805703	0.538907684872	0.704688255196	0.635089415176	0.567423876269	0.579023682939	0.551474142098	0.574190430159	0.522474625423	0.681005316578	0.632189463509	0.555340744321	0.585790236829	0.583856935718	0.66892218463	0.609956500725	0.659255679072	0.622039632673	0.624456259062	0.634606089899	0.549540840986	0.544224262929	0.549057515708	0.528274528758	0.517158047366	0.640405993233	0.53020782987	0.637989366844	0.535524407927	0.603189946834
AA7	0.585790236829	0.535524407927	0.974383760271	0.648622522958	0.621072982117	0.474142097632	0.676655389077	0.468825519575	0.432092798453	0.568390526825	0.44900918318	0.573223779604	0.519091348478	0.892701788304	0.600773320445	0.540840985984	0.0	0.276945384244	0.912518124698	0.746254229096	0.567423876269	0.505558240696	0.468825519575	0.475108748188	0.871918801353	0.597390043499	0.445142580957	0.471725471242	0.529241179314	0.581923634606	0.517158047366	0.420009666506	0.421942967617	0.478008699855	0.702271628806	0.644272595457	0.461092315128	0.555340744321	0.480425326245	0.598840019333	0.528757854036	0.718704688255	0.67133881102	0.564040599323	0.538424359594	0.522474625423	0.670372160464	0.607056549058	0.666022232963	0.642339294345	0.608023199613	0.630739487675	0.52537457709	0.540357660706	0.547607539874	0.521024649589	0.545674238763	0.629289511841	0.555340744321	0.657805703238	0.498791686805	0.602706621556
AA8	0.572740454326	0.538424359594	0.971483808603	0.646689221846	0.604639922668	0.457225712905	0.679072015466	0.46060898985	0.421942967617	0.56935717738	0.436926051232	0.560657322378	0.500724987917	0.88883518608	0.598840019333	0.542774287095	0.276945384244	0.0	0.912518124698	0.739487675205	0.568390526825	0.498308361527	0.462542290962	0.462058965684	0.852585790237	0.579023682939	0.435476075399	0.458192363461	0.517641372644	0.57177380377	0.470758820686	0.376993716771	0.416143064282	0.475592073465	0.698888351861	0.642822619623	0.446109231513	0.554857419043	0.473175447076	0.593040115998	0.517158047366	0.724987916868	0.677138714355	0.551474142098	0.52537457709	0.51619139681	0.652489125181	0.586756887385	0.661672305462	0.62493958434	0.595456742388	0.616239729338	0.514258095698	0.522957950701	0.531657805703	0.50700821653	0.546640889319	0.617206379894	0.557274045433	0.639439342678	0.491058482359	0.587240212663
AB7	0.855969067182	0.887868535524	0.737554374094	0.719188013533	0.861285645239	0.915418076365	0.938134364427	0.933784436926	0.927017883035	0.931367810536	0.952634122765	0.884001933301	0.919284678589	0.697438376027	0.928467858869	0.880618656356	0.912518124698	0.912518124698	0.0	0.426292895118	0.81488641856	0.847752537458	0.927501208313	0.918318028033	0.734654422426	0.822619623006	0.895118414693	0.865152247463	0.749637506042	0.682455292412	0.882068632189	0.894635089415	0.926534557757	0.936201063316	0.936684388594	0.930884485259	0.938134364427	0.916384726921	0.946350894152	0.928467858869	0.930884485259	0.880135331078	0.8796520058	0.912518124698	0.958917351377	0.949250845819	0.924117931368	0.922667955534	0.933784436926	0.922667955534	0.926534557757	0.913968100532	0.911551474142	0.911068148864	0.916868052199	0.910101498308	0.918801353311	0.909134847753	0.913001449976	0.927501208313	0.945384243596	0.926051232479
AB8	0.695021749638	0.709038182697	0.769937167714	0.567907201547	0.735621072982	0.732721121315	0.762203963267	0.752537457709	0.74770420493	0.751570807153	0.773320444659	0.707588206863	0.739971000483	0.69212179797	0.753987433543	0.707104881585	0.746254229096	0.739487675205	0.426292895118	0.0	0.640889318511	0.666022232963	0.739487675205	0.731271145481	0.732721121315	0.648622522958	0.710004833253	0.680038666022	0.550024166264	0.503141614306	0.722087965201	0.723054615756	0.751570807153	0.753020782987	0.803769937168	0.755437409377	0.760270662156	0.731754470759	0.758337361044	0.743837602707	0.73852102465	0.720154664089	0.709038182697	0.73368777187	0.77767037216	0.773803769937	0.806186563557	0.752054132431	0.789753504108	0.751570807153	0.754470758821	0.769937167714	0.743354277429	0.744320927985	0.740937651039	0.739004349928	0.741904301595	0.765103914935	0.73610439826	0.765587240213	0.758337361044	0.743354277429
AC7	0.61575640406	0.655872402127	0.898501691638	0.658289028516	0.725954567424	0.589656839053	0.71532141131	0.55775737071	0.544707588207	0.642822619623	0.577090381827	0.690671822136	0.666988883519	0.82406959884	0.696471725471	0.622522957951	0.567423876269	0.568390526825	0.81488641856	0.640889318511	0.0	0.349927501208	0.553890768487	0.54857419043	0.825036249396	0.59497341711	0.527307878202	0.485741904302	0.46060898985	0.490091831803	0.558724021266	0.542774287095	0.544707588207	0.593040115998	0.813436442726	0.747220879652	0.604639922668	0.64572257129	0.593040115998	0.713871435476	0.650072498792	0.720154664089	0.685838569357	0.635089415176	0.623006283229	0.624456259062	0.818753020783	0.756404059932	0.798936684389	0.782986950217	0.750604156597	0.779120347994	0.683421942968	0.691155147414	0.692605123248	0.67133881102	0.66892218463	0.785403576607	0.684871918801	0.781053649106	0.617689705172	0.73610439826
AC8	0.582890285162	0.590623489609	0.918318028033	0.634606089899	0.687288545191	0.537457709038	0.695505074915	0.502174963751	0.475592073465	0.593040115998	0.523924601257	0.644272595457	0.611406476559	0.838569357177	0.637506041566	0.568390526825	0.505558240696	0.498308361527	0.847752537458	0.666022232963	0.349927501208	0.0	0.47220879652	0.466408893185	0.845819236346	0.563557274045	0.403576607057	0.368777187047	0.417109714838	0.48380860319	0.51377477042	0.476558724021	0.477525374577	0.526341227646	0.747220879652	0.681971967134	0.536007733204	0.581923634606	0.539874335428	0.649105848236	0.587723537941	0.684871918801	0.64572257129	0.579990333494	0.557274045433	0.561140647656	0.753020782987	0.686805219913	0.739004349928	0.72450459159	0.686321894635	0.709038182697	0.618656355727	0.631222812953	0.630739487675	0.608989850169	0.60415659739	0.718221362977	0.616239729338	0.723537941034	0.556790720155	0.669405509908
AD7	0.594490091832	0.577090381827	0.963267278879	0.655872402127	0.709521507975	0.514258095698	0.691638472692	0.496858385694	0.472692121798	0.590140164331	0.438859352344	0.647655872402	0.589656839053	0.886418559691	0.62493958434	0.562107298212	0.468825519575	0.462542290962	0.927501208313	0.739487675205	0.553890768487	0.47220879652	0.0	0.279845335911	0.897535041083	0.529241179314	0.415659739004	0.437892701788	0.480425326245	0.555824069599	0.504108264862	0.477525374577	0.473658772354	0.523924601257	0.742870952151	0.673755437409	0.489125181247	0.590623489609	0.526341227646	0.636056065732	0.574673755437	0.728854519091	0.679072015466	0.582406959884	0.552924117931	0.551474142098	0.73852102465	0.673272112131	0.726437892702	0.70372160464	0.667955534074	0.690671822136	0.605606573224	0.612856452392	0.60657322378	0.593040115998	0.577573707105	0.699371677139	0.59497341711	0.711454809087	0.551474142098	0.655389076849
AD8	0.58337361044	0.578057032383	0.957950700822	0.661188980184	0.709038182697	0.508458192363	0.683905268246	0.49540840986	0.462542290962	0.584823586274	0.434026099565	0.644272595457	0.598356694055	0.880618656356	0.628806186564	0.563073948768	0.475108748188	0.462058965684	0.918318028033	0.731271145481	0.54857419043	0.466408893185	0.279845335911	0.0	0.862735621073	0.487675205413	0.40744320928	0.432092798453	0.468825519575	0.540840985984	0.496858385694	0.46979217013	0.474142097632	0.526824552924	0.745770903818	0.674722087965	0.481875302078	0.581923634606	0.527307878202	0.636056065732	0.576123731271	0.720154664089	0.671822136298	0.578540357661	0.552924117931	0.551474142098	0.745770903818	0.675688738521	0.733204446593	0.709521507975	0.671822136298	0.696955050749	0.612373127115	0.614789753504	0.612856452392	0.595456742388	0.584340260996	0.704688255196	0.605123247946	0.712421459642	0.554857419043	0.656355727405
AE7	0.820202996617	0.874818753021	0.852102464959	0.796036732721	0.826969550507	0.884485258579	0.915418076365	0.909134847753	0.897051715805	0.904301594973	0.92363460609	0.851135814403	0.883518608023	0.822619623006	0.896568390527	0.857902368294	0.871918801353	0.852585790237	0.734654422426	0.732721121315	0.825036249396	0.845819236346	0.897535041083	0.862735621073	0.0	0.553407443209	0.87723537941	0.853552440793	0.769937167714	0.751570807153	0.838086031899	0.836636056066	0.900918318028	0.90961817303	0.926534557757	0.917834702755	0.918318028033	0.905268245529	0.917351377477	0.878202029966	0.895601739971	0.884968583857	0.877718704688	0.885451909135	0.940067665539	0.924117931368	0.893185113581	0.894151764137	0.910101498308	0.895118414693	0.900918318028	0.895601739971	0.890285161914	0.891735137748	0.899951667472	0.884485258579	0.905751570807	0.889318511358	0.901884968584	0.905751570807	0.907201546641	0.910584823586
AE8	0.581923634606	0.621556307395	0.911551474142	0.650072498792	0.688738521025	0.588206863219	0.683905268246	0.616239729338	0.604639922668	0.62493958434	0.630256162397	0.632672788787	0.642339294345	0.836152730788	0.683421942968	0.596423392943	0.597390043499	0.579023682939	0.822619623006	0.648622522958	0.59497341711	0.563557274045	0.529241179314	0.487675205413	0.553407443209	0.0	0.572740454326	0.553407443209	0.529241179314	0.523441275979	0.570323827936	0.552924117931	0.610439826003	0.618656355727	0.767037216046	0.702754954084	0.628322861286	0.620589656839	0.631706138231	0.658772353794	0.623972933784	0.712421459642	0.674722087965	0.609956500725	0.642822619623	0.634606089899	0.75688738521	0.700338327695	0.757370710488	0.711454809087	0.691155147414	0.721121314645	0.653939101015	0.646689221846	0.649105848236	0.635089415176	0.6389560174	0.715804736588	0.652005799903	0.722571290478	0.610439826003	0.676172063799
AF7	0.572740454326	0.549540840986	0.945867568874	0.654905751571	0.658772353794	0.490575157081	0.695021749638	0.456742387627	0.432576123731	0.583856935718	0.442725954567	0.603189946834	0.560657322378	0.865152247463	0.625906234896	0.550507491542	0.445142580957	0.435476075399	0.895118414693	0.710004833253	0.527307878202	0.403576607057	0.415659739004	0.40744320928	0.87723537941	0.572740454326	0.0	0.321894635089	0.466892218463	0.533591106815	0.4813919768	0.471242145964	0.433059449009	0.475108748188	0.700338327695	0.628322861286	0.443692605123	0.53939101015	0.492508458192	0.614789753504	0.53020782987	0.711454809087	0.668438859352	0.539874335428	0.523441275979	0.523924601257	0.68970517158	0.626872885452	0.68970517158	0.666505558241	0.625422909618	0.643789270179	0.56259062349	0.56935717738	0.566457225713	0.544224262929	0.558240695988	0.655872402127	0.579990333494	0.667472208797	0.500724987917	0.609473175447
AF8	0.5601739971	0.55775737071	0.926534557757	0.631222812953	0.677622039633	0.506041565974	0.686321894635	0.473175447076	0.448042532624	0.573707104882	0.497825036249	0.622039632673	0.58337361044	0.84726921218	0.626872885452	0.549057515708	0.471725471242	0.458192363461	0.865152247463	0.680038666022	0.485741904302	0.368777187047	0.437892701788	0.432092798453	0.853552440793	0.553407443209	0.321894635089	0.0	0.435476075399	0.497341710971	0.506041565974	0.461092315128	0.450459159014	0.509908168197	0.724987916868	0.65732237796	0.492025132914	0.555824069599	0.51377477042	0.616239729338	0.554857419043	0.681005316578	0.634606089899	0.554857419043	0.545674238763	0.551957467376	0.704688255196	0.639439342678	0.711454809087	0.688255195747	0.647655872402	0.659255679072	0.579990333494	0.588206863219	0.59255679072	0.56935717738	0.558240695988	0.66892218463	0.574673755437	0.690188496858	0.51619139681	0.630739487675
AG7	0.573707104882	0.603189946834	0.855002416626	0.566457225713	0.673272112131	0.522957950701	0.686321894635	0.51377477042	0.49540840986	0.585306911551	0.533107781537	0.637989366844	0.61575640406	0.777187046883	0.658289028516	0.576123731271	0.529241179314	0.517641372644	0.749637506042	0.550024166264	0.46060898985	0.417109714838	0.480425326245	0.468825519575	0.769937167714	0.529241179314	0.466892218463	0.435476075399	0.0	0.312711454809	0.533107781537	0.493475108748	0.50700821653	0.547124214596	0.749637506042	0.677138714355	0.526824552924	0.578540357661	0.535041082649	0.639439342678	0.585790236829	0.673272112131	0.626389560174	0.566457225713	0.587723537941	0.589173513775	0.752054132431	0.676172063799	0.729337844369	0.713388110198	0.675688738521	0.702754954084	0.624456259062	0.623006283229	0.623489608507	0.610923151281	0.61333977767	0.710488158531	0.628806186564	0.710004833253	0.577090381827	0.658772353794
AG8	0.595940067666	0.620589656839	0.839536007733	0.573707104882	0.684871918801	0.561623972934	0.679072015466	0.567423876269	0.554374093765	0.602223296278	0.594490091832	0.650072498792	0.644272595457	0.742387626873	0.669405509908	0.602706621556	0.581923634606	0.57177380377	0.682455292412	0.503141614306	0.490091831803	0.48380860319	0.555824069599	0.540840985984	0.751570807153	0.523441275979	0.533591106815	0.497341710971	0.312711454809	0.0	0.572740454326	0.55099081682	0.568873852102	0.582890285162	0.768003866602	0.697438376027	0.580473658772	0.590623489609	0.588690188497	0.656839052682	0.603189946834	0.6805219913	0.642339294345	0.593523441276	0.631222812953	0.611406476559	0.76848719188	0.696471725471	0.744320927985	0.724021266312	0.700338327695	0.723537941034	0.64813919768	0.65055582407	0.648622522958	0.640405993233	0.638472692122	0.728371193813	0.65732237796	0.720154664089	0.614789753504	0.67133881102
AH7	0.591590140164	0.630256162397	0.955534074432	0.69212179797	0.705654905752	0.571290478492	0.717254712421	0.563557274045	0.540357660706	0.632672788787	0.526341227646	0.663122281295	0.637022716288	0.886901884969	0.681971967134	0.602706621556	0.517158047366	0.470758820686	0.882068632189	0.722087965201	0.558724021266	0.51377477042	0.504108264862	0.496858385694	0.838086031899	0.570323827936	0.4813919768	0.506041565974	0.533107781537	0.572740454326	0.0	0.32866118898	0.559690671822	0.606089898502	0.781536974384	0.72450459159	0.543740937651	0.642822619623	0.59255679072	0.663605606573	0.626389560174	0.768970517158	0.733204446593	0.644272595457	0.637989366844	0.629289511841	0.763653939101	0.711454809087	0.758820686322	0.730787820203	0.709521507975	0.728854519091	0.629772837119	0.643789270179	0.63653939101	0.624456259062	0.629772837119	0.731271145481	0.631706138231	0.736587723538	0.607539874335	0.700338327695
AH8	0.567423876269	0.569840502658	0.956984050266	0.652972450459	0.65055582407	0.510874818753	0.686805219913	0.501208313195	0.48380860319	0.579990333494	0.502174963751	0.603189946834	0.566940550991	0.874335427743	0.626872885452	0.55099081682	0.420009666506	0.376993716771	0.894635089415	0.723054615756	0.542774287095	0.476558724021	0.477525374577	0.46979217013	0.836636056066	0.552924117931	0.471242145964	0.461092315128	0.493475108748	0.55099081682	0.32866118898	0.0	0.487675205413	0.527307878202	0.738037699372	0.669405509908	0.514258095698	0.577090381827	0.528757854036	0.59497341711	0.556307394877	0.718221362977	0.669888835186	0.579023682939	0.570807153214	0.556790720155	0.702754954084	0.639439342678	0.70130497825	0.664088931851	0.642822619623	0.660705654906	0.559690671822	0.575640405993	0.581440309328	0.55775737071	0.556790720155	0.665055582407	0.566940550991	0.675205413243	0.535041082649	0.634122764621
AA5	0.589173513775	0.508458192363	0.962783953601	0.642339294345	0.600773320445	0.44900918318	0.62735621073	0.396810053166	0.383276945384	0.519574673755	0.431126147898	0.536491058482	0.524407926535	0.877718704688	0.541324311261	0.531657805703	0.421942967617	0.416143064282	0.926534557757	0.751570807153	0.544707588207	0.477525374577	0.473658772354	0.474142097632	0.900918318028	0.610439826003	0.433059449009	0.450459159014	0.50700821653	0.568873852102	0.559690671822	0.487675205413	0.0	0.338811019816	0.677622039633	0.586756887385	0.449975833736	0.464475592073	0.449975833736	0.553407443209	0.464958917351	0.634122764621	0.578540357661	0.454809086515	0.507974867086	0.484775253746	0.690671822136	0.626389560174	0.659255679072	0.643789270179	0.635089415176	0.662155630739	0.523924601257	0.560657322378	0.566457225713	0.538907684872	0.535041082649	0.65973900435	0.557274045433	0.64572257129	0.497341710971	0.60657322378
AA6	0.598840019333	0.517158047366	0.966167230546	0.655389076849	0.628806186564	0.478492025133	0.645239246013	0.447559207347	0.445625906235	0.533107781537	0.496858385694	0.570807153214	0.53020782987	0.878202029966	0.571290478492	0.538907684872	0.478008699855	0.475592073465	0.936201063316	0.753020782987	0.593040115998	0.526341227646	0.523924601257	0.526824552924	0.90961817303	0.618656355727	0.475108748188	0.509908168197	0.547124214596	0.582890285162	0.606089898502	0.527307878202	0.338811019816	0.0	0.677622039633	0.581440309328	0.502174963751	0.491058482359	0.476075398743	0.567907201547	0.479942000967	0.663122281295	0.614789753504	0.490575157081	0.446109231513	0.424842919285	0.685838569357	0.627839536008	0.658772353794	0.648622522958	0.632189463509	0.654905751571	0.532624456259	0.561623972934	0.563073948768	0.538424359594	0.537941034316	0.653455775737	0.5601739971	0.645239246013	0.512808119865	0.608023199613
AB5	0.75688738521	0.678105364911	0.976317061382	0.732721121315	0.641372643789	0.639922667956	0.740937651039	0.645239246013	0.664572257129	0.704204929918	0.683905268246	0.612856452392	0.669888835186	0.900918318028	0.715804736588	0.704688255196	0.702271628806	0.698888351861	0.936684388594	0.803769937168	0.813436442726	0.747220879652	0.742870952151	0.745770903818	0.926534557757	0.767037216046	0.700338327695	0.724987916868	0.749637506042	0.768003866602	0.781536974384	0.738037699372	0.677622039633	0.677622039633	0.0	0.324794586757	0.631706138231	0.667955534074	0.639439342678	0.628806186564	0.612373127115	0.755920734654	0.738037699372	0.634122764621	0.624456259062	0.614306428226	0.61333977767	0.607539874335	0.619623006283	0.606089898502	0.621072982117	0.60657322378	0.597873368777	0.595456742388	0.605606573224	0.622039632673	0.66892218463	0.589656839053	0.668438859352	0.60657322378	0.674722087965	0.609473175447
AB6	0.692605123248	0.590140164331	0.971000483325	0.673272112131	0.59497341711	0.566457225713	0.656839052682	0.556307394877	0.590623489609	0.622039632673	0.620106331561	0.523441275979	0.610923151281	0.89125181247	0.634122764621	0.635089415176	0.644272595457	0.642822619623	0.930884485259	0.755437409377	0.747220879652	0.681971967134	0.673755437409	0.674722087965	0.917834702755	0.702754954084	0.628322861286	0.65732237796	0.677138714355	0.697438376027	0.72450459159	0.669405509908	0.586756887385	0.581440309328	0.324794586757	0.0	0.57177380377	0.575157080715	0.576607056549	0.550507491542	0.531657805703	0.672788786854	0.64813919768	0.521507974867	0.558240695988	0.545674238763	0.604639922668	0.555340744321	0.584823586274	0.563073948768	0.570807153214	0.588690188497	0.523441275979	0.55099081682	0.56259062349	0.569840502658	0.598840019333	0.56935717738	0.597390043499	0.566940550991	0.619139681005	0.547607539874
AC5	0.600289995167	0.563073948768	0.977283711938	0.647655872402	0.626389560174	0.458675688739	0.667472208797	0.436442725955	0.432092798453	0.55775737071	0.411793136781	0.561623972934	0.542290961817	0.89125181247	0.616239729338	0.567423876269	0.461092315128	0.446109231513	0.938134364427	0.760270662156	0.604639922668	0.536007733204	0.489125181247	0.481875302078	0.918318028033	0.628322861286	0.443692605123	0.492025132914	0.526824552924	0.580473658772	0.543740937651	0.514258095698	0.449975833736	0.502174963751	0.631706138231	0.57177380377	0.0	0.440792653456	0.439342677622	0.573707104882	0.50700821653	0.716771387144	0.655389076849	0.502174963751	0.491058482359	0.483325277912	0.613823102948	0.561140647656	0.623006283229	0.580473658772	0.566457225713	0.585790236829	0.506524891252	0.502658289029	0.50700821653	0.488158530691	0.554857419043	0.591106814886	0.574190430159	0.574190430159	0.510874818753	0.540357660706
AC6	0.640889318511	0.538907684872	0.957950700822	0.65055582407	0.591590140164	0.515224746254	0.535041082649	0.476075398743	0.515224746254	0.473175447076	0.553890768487	0.534557757371	0.5601739971	0.861768970517	0.536491058482	0.579023682939	0.555340744321	0.554857419043	0.916384726921	0.731754470759	0.64572257129	0.581923634606	0.590623489609	0.581923634606	0.905268245529	0.620589656839	0.53939101015	0.555824069599	0.578540357661	0.590623489609	0.642822619623	0.577090381827	0.464475592073	0.491058482359	0.667955534074	0.575157080715	0.440792653456	0.0	0.517641372644	0.528274528758	0.498308361527	0.491058482359	0.439342677622	0.433059449009	0.574190430159	0.541324311261	0.682455292412	0.632672788787	0.656355727405	0.632189463509	0.629772837119	0.660705654906	0.579023682939	0.591106814886	0.590623489609	0.578540357661	0.554857419043	0.65973900435	0.569840502658	0.634606089899	0.55775737071	0.615273078782
AD6	0.602223296278	0.542774287095	0.978250362494	0.632189463509	0.595456742388	0.427259545674	0.635089415176	0.426776220396	0.421459642339	0.534557757371	0.437892701788	0.541807636539	0.522957950701	0.889318511358	0.58095698405	0.551474142098	0.480425326245	0.473175447076	0.946350894152	0.758337361044	0.593040115998	0.539874335428	0.526341227646	0.527307878202	0.917351377477	0.631706138231	0.492508458192	0.51377477042	0.535041082649	0.588690188497	0.59255679072	0.528757854036	0.449975833736	0.476075398743	0.639439342678	0.576607056549	0.439342677622	0.517641372644	0.0	0.541324311261	0.420492991783	0.706138231029	0.658772353794	0.507974867086	0.480908651522	0.47220879652	0.622039632673	0.553890768487	0.59497341711	0.582890285162	0.565490575157	0.587240212663	0.490575157081	0.493958434026	0.497825036249	0.485258579024	0.557274045433	0.601256645723	0.551957467376	0.59497341711	0.46979217013	0.543740937651
AE5	0.626872885452	0.53020782987	0.978250362494	0.629772837119	0.554857419043	0.547607539874	0.584340260996	0.54857419043	0.58337361044	0.525857902368	0.616723054616	0.512808119865	0.563557274045	0.888351860802	0.540357660706	0.574190430159	0.598840019333	0.593040115998	0.928467858869	0.743837602707	0.713871435476	0.649105848236	0.636056065732	0.636056065732	0.878202029966	0.658772353794	0.614789753504	0.616239729338	0.639439342678	0.656839052682	0.663605606573	0.59497341711	0.553407443209	0.567907201547	0.628806186564	0.550507491542	0.573707104882	0.528274528758	0.541324311261	0.0	0.355727404543	0.612373127115	0.582890285162	0.501208313195	0.620106331561	0.618173030449	0.660222329628	0.608989850169	0.631222812953	0.602706621556	0.63653939101	0.646205896568	0.528757854036	0.559690671822	0.590140164331	0.563557274045	0.53939101015	0.639922667956	0.549057515708	0.606089898502	0.568873852102	0.610923151281
AE6	0.591106814886	0.501691638473	0.97680038666	0.627839536008	0.555340744321	0.47462542291	0.576607056549	0.458675688739	0.499758337361	0.500724987917	0.534557757371	0.508941517641	0.513291445143	0.884001933301	0.549057515708	0.522474625423	0.528757854036	0.517158047366	0.930884485259	0.73852102465	0.650072498792	0.587723537941	0.574673755437	0.576123731271	0.895601739971	0.623972933784	0.53020782987	0.554857419043	0.585790236829	0.603189946834	0.626389560174	0.556307394877	0.464958917351	0.479942000967	0.612373127115	0.531657805703	0.50700821653	0.498308361527	0.420492991783	0.355727404543	0.0	0.648622522958	0.591590140164	0.461575640406	0.529241179314	0.530691155147	0.641372643789	0.577090381827	0.607539874335	0.593040115998	0.595940067666	0.617689705172	0.477525374577	0.502658289029	0.525857902368	0.485258579024	0.499758337361	0.617689705172	0.520057999033	0.598840019333	0.497341710971	0.572257129048
AF5	0.72450459159	0.647172547124	0.939101014983	0.672788786854	0.671822136298	0.69212179797	0.561140647656	0.651039149348	0.681971967134	0.594490091832	0.727404543258	0.629289511841	0.680038666022	0.854035766071	0.602223296278	0.681005316578	0.718704688255	0.724987916868	0.880135331078	0.720154664089	0.720154664089	0.684871918801	0.728854519091	0.720154664089	0.884968583857	0.712421459642	0.711454809087	0.681005316578	0.673272112131	0.6805219913	0.768970517158	0.718221362977	0.634122764621	0.663122281295	0.755920734654	0.672788786854	0.716771387144	0.491058482359	0.706138231029	0.612373127115	0.648622522958	0.0	0.288545190913	0.559207346544	0.733204446593	0.717738037699	0.764137264379	0.72692121798	0.748187530208	0.720154664089	0.739004349928	0.755920734654	0.693571773804	0.721121314645	0.731754470759	0.718704688255	0.671822136298	0.743837602707	0.67133881102	0.730304494925	0.716771387144	0.723537941034
AF6	0.686321894635	0.590623489609	0.935717738038	0.65732237796	0.649105848236	0.641372643789	0.533107781537	0.605123247946	0.640405993233	0.551474142098	0.679555340744	0.595940067666	0.629289511841	0.847752537458	0.565007249879	0.632189463509	0.67133881102	0.677138714355	0.8796520058	0.709038182697	0.685838569357	0.64572257129	0.679072015466	0.671822136298	0.877718704688	0.674722087965	0.668438859352	0.634606089899	0.626389560174	0.642339294345	0.733204446593	0.669888835186	0.578540357661	0.614789753504	0.738037699372	0.64813919768	0.655389076849	0.439342677622	0.658772353794	0.582890285162	0.591590140164	0.288545190913	0.0	0.514258095698	0.68293861769	0.667472208797	0.74770420493	0.701788303528	0.725471242146	0.695021749638	0.697921701305	0.732237796037	0.649589173514	0.66892218463	0.680038666022	0.672305461576	0.622522957951	0.720154664089	0.618656355727	0.697921701305	0.667955534074	0.682455292412
