	AA3	AA4	AB3	AB4	AC3	AC4	AD3	AD4	AE3	AE4	AF3	AF4	AG3	AG4	AH3	AH4	AA7	AA8	AB7	AB8	AC7	AC8	AD7	AD8	AE7	AE8	AF7	AF8	AG7	AG8	AH7	AH8	AA5	AA6	AB5	AB6	AC5	AC6	AD6	AE5	AE6	AF5	AF6	AG5	AH5	AH6	AA1	AA2	AB1	AB2	AC1	AC2	AD1	AD2	AE1	AE2	AF1	AF2	AG1	AG2	AH1	AH2
AA3	0.0	0.492508458192	0.942000966651	0.63653939101	0.651522474625	0.574190430159	0.652005799903	0.585306911551	0.573707104882	0.616239729338	0.613823102948	0.611406476559	0.575157080715	0.857902368294	0.653455775737	0.325761237313	0.563073948768	0.558240695988	0.872885451909	0.706138231029	0.625422909618	0.56935717738	0.57177380377	0.558240695988	0.83325277912	0.599323344611	0.55775737071	0.554374093765	0.577573707105	0.581440309328	0.589656839053	0.563557274045	0.576123731271	0.591106814886	0.742870952151	0.673755437409	0.590623489609	0.623972933784	0.607056549058	0.628806186564	0.58337361044	0.710004833253	0.685355244079	0.610439826003	0.619623006283	0.607056549058	0.682455292412	0.6389560174	0.700821652972	0.662155630739	0.631706138231	0.658289028516	0.572257129048	0.554374093765	0.558240695988	0.554857419043	0.561140647656	0.64572257129	0.565490575157	0.662638956017	0.56935717738	0.634606089899
AA4	0.492508458192	0.0	0.95360077332	0.585306911551	0.574673755437	0.508458192363	0.577090381827	0.489125181247	0.53020782987	0.516674722088	0.572257129048	0.511841469309	0.489608506525	0.864185596907	0.381826969551	0.368777187047	0.548090865152	0.538907684872	0.904784920251	0.72450459159	0.673272112131	0.570807153214	0.591106814886	0.586756887385	0.877718704688	0.629772837119	0.56935717738	0.566940550991	0.60415659739	0.604639922668	0.637506041566	0.58337361044	0.51619139681	0.537941034316	0.677622039633	0.609956500725	0.582890285162	0.532624456259	0.568873852102	0.535041082649	0.497341710971	0.62735621073	0.591106814886	0.532624456259	0.609956500725	0.586756887385	0.663122281295	0.589173513775	0.642339294345	0.609956500725	0.608023199613	0.639439342678	0.55099081682	0.536491058482	0.53939101015	0.53697438376	0.50700821653	0.630256162397	0.499758337361	0.603189946834	0.540840985984	0.584823586274
AB3	0.942000966651	0.95360077332	0.0	0.690188496858	0.925567907202	0.961817303045	0.961333977767	0.942967617206	0.934751087482	0.950700821653	0.975833736104	0.942484291928	0.968100531658	0.348960850652	0.96761720638	0.942484291928	0.975833736104	0.972933784437	0.743354277429	0.753987433543	0.887868535524	0.905751570807	0.958917351377	0.951184146931	0.853069115515	0.893668438859	0.948767520541	0.934751087482	0.851135814403	0.850169163847	0.952634122765	0.954084098598	0.963267278879	0.961817303045	0.978250362494	0.970033832769	0.978250362494	0.959884001933	0.975833736104	0.975350410826	0.974867085549	0.937167713871	0.931851135814	0.952634122765	0.978733687772	0.975350410826	0.97680038666	0.973417109715	0.970517158047	0.975350410826	0.977283711938	0.974383760271	0.97680038666	0.976317061382	0.978250362494	0.976317061382	0.976317061382	0.975833736104	0.975350410826	0.977283711938	0.975833736104	0.975833736104
AB4	0.63653939101	0.585306911551	0.690188496858	0.0	0.643789270179	0.607056549058	0.6805219913	0.608506524891	0.611406476559	0.619623006283	0.637989366844	0.620106331561	0.489608506525	0.578057032383	0.607539874335	0.581440309328	0.640889318511	0.635572740454	0.734654422426	0.572257129048	0.662155630739	0.610439826003	0.657805703238	0.6389560174	0.803769937168	0.642339294345	0.652005799903	0.637989366844	0.559207346544	0.572740454326	0.688738521025	0.644755920735	0.650072498792	0.653939101015	0.73852102465	0.673755437409	0.655389076849	0.649105848236	0.64572257129	0.640405993233	0.626872885452	0.674722087965	0.654905751571	0.6389560174	0.680038666022	0.675688738521	0.696955050749	0.648622522958	0.697921701305	0.679072015466	0.666505558241	0.678105364911	0.639439342678	0.645239246013	0.649105848236	0.643305944901	0.646205896568	0.666022232963	0.635089415176	0.667472208797	0.649589173514	0.647172547124
AC3	0.651522474625	0.574673755437	0.925567907202	0.643789270179	0.0	0.4813919768	0.646205896568	0.531174480425	0.566940550991	0.595456742388	0.608989850169	0.322377960367	0.593040115998	0.840502658289	0.593040115998	0.585790236829	0.622039632673	0.604639922668	0.880135331078	0.742870952151	0.740454325761	0.661672305462	0.714354760754	0.706138231029	0.837602706622	0.69212179797	0.65732237796	0.676655389077	0.678588690188	0.677622039633	0.702754954084	0.666505558241	0.598356694055	0.635089415176	0.620589656839	0.58095698405	0.626389560174	0.587240212663	0.585790236829	0.546157564041	0.55775737071	0.67133881102	0.65055582407	0.58337361044	0.643789270179	0.636056065732	0.577090381827	0.573223779604	0.574673755437	0.573223779604	0.592073465442	0.580473658772	0.530691155147	0.559690671822	0.574190430159	0.561140647656	0.601739971	0.574190430159	0.597873368777	0.584340260996	0.612373127115	0.581923634606
AC4	0.574190430159	0.508458192363	0.961817303045	0.607056549058	0.4813919768	0.0	0.610439826003	0.408893185114	0.421942967617	0.501691638473	0.34944417593	0.387626872885	0.497825036249	0.872885451909	0.565973900435	0.51619139681	0.481875302078	0.466892218463	0.921701304978	0.739004349928	0.609473175447	0.536007733204	0.523441275979	0.510874818753	0.888351860802	0.582406959884	0.489125181247	0.517158047366	0.540357660706	0.551957467376	0.581440309328	0.519574673755	0.462542290962	0.475108748188	0.635089415176	0.549540840986	0.463992266796	0.510874818753	0.420009666506	0.534557757371	0.463992266796	0.683905268246	0.64813919768	0.519091348478	0.489608506525	0.471725471242	0.622522957951	0.555824069599	0.591106814886	0.572257129048	0.567907201547	0.594490091832	0.478008699855	0.48622522958	0.508941517641	0.492508458192	0.526824552924	0.587240212663	0.529724504592	0.574673755437	0.477042049299	0.53939101015
AD3	0.652005799903	0.577090381827	0.961333977767	0.6805219913	0.646205896568	0.610439826003	0.0	0.514741420976	0.639439342678	0.335427742871	0.661672305462	0.596423392943	0.632672788787	0.873852102465	0.575640405993	0.623006283229	0.678105364911	0.669405509908	0.939101014983	0.761237312711	0.71532141131	0.673755437409	0.677138714355	0.673755437409	0.913484775254	0.67133881102	0.679555340744	0.673755437409	0.66892218463	0.668438859352	0.701788303528	0.676172063799	0.622039632673	0.637022716288	0.733204446593	0.657805703238	0.663605606573	0.532624456259	0.614306428226	0.573707104882	0.555824069599	0.553890768487	0.530691155147	0.530691155147	0.684388593523	0.672305461576	0.750120831319	0.691638472692	0.728371193813	0.707104881585	0.704204929918	0.728371193813	0.658772353794	0.640405993233	0.652005799903	0.644272595457	0.612856452392	0.710971483809	0.622039632673	0.705171580474	0.678105364911	0.691155147414
AD4	0.585306911551	0.489125181247	0.942967617206	0.608506524891	0.531174480425	0.408893185114	0.514741420976	0.0	0.329627839536	0.391493475109	0.438376027066	0.470758820686	0.508458192363	0.855485741904	0.536491058482	0.509424842919	0.489608506525	0.476558724021	0.930401159981	0.747220879652	0.580473658772	0.499275012083	0.512808119865	0.502658289029	0.900918318028	0.596906718221	0.463992266796	0.488641855969	0.512808119865	0.536007733204	0.568873852102	0.51619139681	0.406959884002	0.457225712905	0.643305944901	0.556790720155	0.448525857902	0.465925567907	0.431609473175	0.53697438376	0.456742387627	0.639922667956	0.598840019333	0.476558724021	0.507974867086	0.478492025133	0.653939101015	0.579990333494	0.624456259062	0.607056549058	0.597390043499	0.62493958434	0.515708071532	0.50700821653	0.515708071532	0.5186080232	0.516674722088	0.61575640406	0.529241179314	0.605606573224	0.512808119865	0.572740454326
AE3	0.573707104882	0.53020782987	0.934751087482	0.611406476559	0.566940550991	0.421942967617	0.639439342678	0.329627839536	0.0	0.507974867086	0.396326727888	0.509424842919	0.503141614306	0.851135814403	0.575640405993	0.520541324311	0.438859352344	0.433059449009	0.9212179797	0.742387626873	0.553890768487	0.475592073465	0.467375543741	0.454809086515	0.882551957467	0.582406959884	0.412276462059	0.44900918318	0.491541807637	0.525857902368	0.524407926535	0.48380860319	0.394393426776	0.468342194297	0.679072015466	0.598840019333	0.419526341228	0.527307878202	0.434509424843	0.600289995167	0.520541324311	0.691155147414	0.658289028516	0.528757854036	0.513291445143	0.48380860319	0.660705654906	0.598840019333	0.637022716288	0.623972933784	0.607056549058	0.641855969067	0.526824552924	0.526341227646	0.537457709038	0.53697438376	0.550024166264	0.634122764621	0.553890768487	0.618656355727	0.501691638473	0.589173513775
AE4	0.616239729338	0.516674722088	0.950700821653	0.619623006283	0.595456742388	0.501691638473	0.335427742871	0.391493475109	0.507974867086	0.0	0.559690671822	0.542774287095	0.574190430159	0.861768970517	0.55099081682	0.558240695988	0.579023682939	0.56935717738	0.935717738038	0.755437409377	0.645239246013	0.568873852102	0.585306911551	0.574190430159	0.901884968584	0.614306428226	0.573707104882	0.566457225713	0.566457225713	0.574673755437	0.626872885452	0.578540357661	0.520057999033	0.538424359594	0.696955050749	0.615273078782	0.563557274045	0.462058965684	0.521024649589	0.52779120348	0.491541807637	0.580473658772	0.543740937651	0.482358627356	0.59255679072	0.582890285162	0.708071532141	0.642822619623	0.684871918801	0.668438859352	0.661188980184	0.685355244079	0.612373127115	0.588690188497	0.599806669889	0.600773320445	0.56259062349	0.674238762687	0.576607056549	0.670855485742	0.591106814886	0.639439342678
AF3	0.613823102948	0.572257129048	0.975833736104	0.637989366844	0.608989850169	0.34944417593	0.661672305462	0.438376027066	0.396326727888	0.559690671822	0.0	0.512808119865	0.536491058482	0.886901884969	0.610439826003	0.571290478492	0.448042532624	0.443209279845	0.957467375544	0.778637022716	0.598840019333	0.540357660706	0.443692605123	0.442725954567	0.917351377477	0.621072982117	0.43064282262	0.508458192363	0.54857419043	0.573223779604	0.531657805703	0.509908168197	0.436442725955	0.50700821653	0.673755437409	0.60657322378	0.413243112615	0.546157564041	0.435959400677	0.602223296278	0.534074432093	0.722571290478	0.684871918801	0.551474142098	0.509908168197	0.488158530691	0.664088931851	0.600289995167	0.646205896568	0.612856452392	0.60657322378	0.6389560174	0.53697438376	0.526824552924	0.542774287095	0.529241179314	0.575640405993	0.629772837119	0.575157080715	0.605123247946	0.506041565974	0.579023682939
AF4	0.611406476559	0.511841469309	0.942484291928	0.620106331561	0.322377960367	0.387626872885	0.596423392943	0.470758820686	0.509424842919	0.542774287095	0.512808119865	0.0	0.543257612373	0.853069115515	0.546157564041	0.528274528758	0.58095698405	0.565007249879	0.884001933301	0.713871435476	0.701788303528	0.620589656839	0.656839052682	0.646205896568	0.849202513291	0.63653939101	0.598356694055	0.621556307395	0.632672788787	0.633639439343	0.653939101015	0.614789753504	0.537457709038	0.574673755437	0.608023199613	0.525857902368	0.556307394877	0.541324311261	0.536007733204	0.49540840986	0.498308361527	0.631706138231	0.601739971	0.52537457709	0.570807153214	0.565007249879	0.588690188497	0.526824552924	0.566940550991	0.537457709038	0.547124214596	0.567907201547	0.486708554857	0.503141614306	0.52537457709	0.515708071532	0.550024166264	0.554374093765	0.552440792653	0.53697438376	0.554374093765	0.524407926535
AG3	0.575157080715	0.489608506525	0.968100531658	0.489608506525	0.593040115998	0.497825036249	0.632672788787	0.508458192363	0.503141614306	0.574190430159	0.536491058482	0.543257612373	0.0	0.849685838569	0.549540840986	0.506524891252	0.523441275979	0.505074915418	0.929917834703	0.750120831319	0.675205413243	0.586273562107	0.588206863219	0.586756887385	0.876752054132	0.629772837119	0.544224262929	0.56259062349	0.60415659739	0.606089898502	0.633639439343	0.569840502658	0.533591106815	0.538907684872	0.666505558241	0.605606573224	0.54857419043	0.553407443209	0.538424359594	0.570323827936	0.514258095698	0.683905268246	0.650072498792	0.547607539874	0.579990333494	0.558724021266	0.616723054616	0.565490575157	0.622039632673	0.602706621556	0.581440309328	0.602223296278	0.518124697922	0.528274528758	0.529724504592	0.531174480425	0.537941034316	0.594490091832	0.534074432093	0.601739971	0.5186080232	0.563557274045
AG4	0.857902368294	0.864185596907	0.348960850652	0.578057032383	0.840502658289	0.872885451909	0.873852102465	0.855485741904	0.851135814403	0.861768970517	0.886901884969	0.853069115515	0.849685838569	0.0	0.878685355244	0.852102464959	0.893185113581	0.893668438859	0.710971483809	0.679555340744	0.816336394393	0.829869502175	0.880618656356	0.872885451909	0.82406959884	0.816336394393	0.874335427743	0.859352344128	0.775253745771	0.755920734654	0.882551957467	0.872885451909	0.883035282745	0.882068632189	0.90043499275	0.888351860802	0.892701788304	0.869018849686	0.890285161914	0.889801836636	0.886901884969	0.848235862736	0.841469308845	0.868535524408	0.901401643306	0.895118414693	0.88883518608	0.888351860802	0.887868535524	0.886418559691	0.898501691638	0.889318511358	0.897535041083	0.895118414693	0.90043499275	0.895118414693	0.894151764137	0.893668438859	0.890285161914	0.886901884969	0.893185113581	0.893185113581
AH3	0.653455775737	0.381826969551	0.96761720638	0.607539874335	0.593040115998	0.565973900435	0.575640405993	0.536491058482	0.575640405993	0.55099081682	0.610439826003	0.546157564041	0.549540840986	0.878685355244	0.0	0.528274528758	0.596906718221	0.597390043499	0.928467858869	0.761237312711	0.723537941034	0.634122764621	0.64572257129	0.644755920735	0.906718221363	0.704688255196	0.632189463509	0.635089415176	0.664572257129	0.666505558241	0.700821652972	0.649105848236	0.551474142098	0.576123731271	0.705654905752	0.632189463509	0.631706138231	0.559207346544	0.608506524891	0.560657322378	0.558724021266	0.600773320445	0.568873852102	0.554857419043	0.655389076849	0.635089415176	0.695505074915	0.61575640406	0.653455775737	0.64572257129	0.640889318511	0.665055582407	0.605123247946	0.603673272112	0.603673272112	0.60415659739	0.577573707105	0.658289028516	0.5601739971	0.629772837119	0.601256645723	0.608506524891
AH4	0.325761237313	0.368777187047	0.942484291928	0.581440309328	0.585790236829	0.51619139681	0.623006283229	0.509424842919	0.520541324311	0.558240695988	0.571290478492	0.528274528758	0.506524891252	0.852102464959	0.528274528758	0.0	0.535524407927	0.527307878202	0.883518608023	0.710488158531	0.636056065732	0.551474142098	0.56935717738	0.564040599323	0.849202513291	0.602706621556	0.558724021266	0.555340744321	0.571290478492	0.573707104882	0.594490091832	0.546640889319	0.543740937651	0.550507491542	0.696471725471	0.624456259062	0.567423876269	0.58095698405	0.561140647656	0.567423876269	0.5186080232	0.676172063799	0.648622522958	0.564040599323	0.599806669889	0.579023682939	0.654905751571	0.592073465442	0.651522474625	0.61575640406	0.601256645723	0.630739487675	0.535041082649	0.522474625423	0.52537457709	0.522474625423	0.501691638473	0.621072982117	0.511358144031	0.614789753504	0.532624456259	0.591106814886
AA7	0.563073948768	0.548090865152	0.975833736104	0.640889318511	0.622039632673	0.481875302078	0.678105364911	0.489608506525	0.438859352344	0.579023682939	0.448042532624	0.58095698405	0.523441275979	0.893185113581	0.596906718221	0.535524407927	0.0	0.277428709522	0.922184630256	0.755437409377	0.586756887385	0.497341710971	0.481875302078	0.470758820686	0.866118898018	0.593523441276	0.446592556791	0.465442242629	0.53697438376	0.567907201547	0.509908168197	0.418076365394	0.4398260029	0.492508458192	0.720154664089	0.653939101015	0.473175447076	0.582890285162	0.489608506525	0.602706621556	0.551957467376	0.725954567424	0.695505074915	0.585790236829	0.550507491542	0.525857902368	0.663605606573	0.610439826003	0.679555340744	0.651522474625	0.602223296278	0.631706138231	0.524407926535	0.525857902368	0.531657805703	0.533107781537	0.539874335428	0.620589656839	0.531174480425	0.644755920735	0.498308361527	0.604639922668
AA8	0.558240695988	0.538907684872	0.972933784437	0.635572740454	0.604639922668	0.466892218463	0.669405509908	0.476558724021	0.433059449009	0.56935717738	0.443209279845	0.565007249879	0.505074915418	0.893668438859	0.597390043499	0.527307878202	0.277428709522	0.0	0.922667955534	0.751570807153	0.580473658772	0.492508458192	0.486708554857	0.472692121798	0.863218946351	0.588206863219	0.440309328178	0.453842435959	0.52779120348	0.561140647656	0.477525374577	0.381826969551	0.430159497342	0.490575157081	0.709521507975	0.643789270179	0.466892218463	0.567907201547	0.475592073465	0.588690188497	0.534557757371	0.724021266312	0.690188496858	0.576607056549	0.541324311261	0.514741420976	0.645239246013	0.593040115998	0.659255679072	0.637022716288	0.589656839053	0.616239729338	0.507491541808	0.514741420976	0.520541324311	0.519574673755	0.535041082649	0.604639922668	0.521991300145	0.633639439343	0.484291928468	0.589656839053
AB7	0.872885451909	0.904784920251	0.743354277429	0.734654422426	0.880135331078	0.921701304978	0.939101014983	0.930401159981	0.9212179797	0.935717738038	0.957467375544	0.884001933301	0.929917834703	0.710971483809	0.928467858869	0.883518608023	0.922184630256	0.922667955534	0.0	0.411793136781	0.803769937168	0.833736104398	0.931367810536	0.913968100532	0.739971000483	0.815853069116	0.900918318028	0.876268728855	0.742870952151	0.704688255196	0.886418559691	0.900918318028	0.927501208313	0.930884485259	0.940067665539	0.93281778637	0.95601739971	0.925567907202	0.957467375544	0.927501208313	0.934751087482	0.871918801353	0.884968583857	0.915418076365	0.956984050266	0.961333977767	0.929434509425	0.927984533591	0.935717738038	0.937167713871	0.934751087482	0.92363460609	0.922667955534	0.920734654422	0.925084581924	0.916384726921	0.919768003867	0.92363460609	0.922667955534	0.933784436926	0.948767520541	0.930401159981
AB8	0.706138231029	0.72450459159	0.753987433543	0.572257129048	0.742870952151	0.739004349928	0.761237312711	0.747220879652	0.742387626873	0.755437409377	0.778637022716	0.713871435476	0.750120831319	0.679555340744	0.761237312711	0.710488158531	0.755437409377	0.751570807153	0.411793136781	0.0	0.637022716288	0.655389076849	0.744320927985	0.72450459159	0.731754470759	0.642822619623	0.718221362977	0.688738521025	0.534074432093	0.522957950701	0.727887868536	0.726437892702	0.752054132431	0.751087481875	0.8008699855	0.75688738521	0.777187046883	0.748670855486	0.779120347994	0.749154180764	0.755920734654	0.713388110198	0.717254712421	0.735137747704	0.783953600773	0.783953600773	0.801353310778	0.757854035766	0.789753504108	0.77090381827	0.77090381827	0.771870468826	0.753020782987	0.753987433543	0.761237312711	0.751087481875	0.751087481875	0.755437409377	0.753020782987	0.763653939101	0.766070565491	0.753987433543
AC7	0.625422909618	0.673272112131	0.887868535524	0.662155630739	0.740454325761	0.609473175447	0.71532141131	0.580473658772	0.553890768487	0.645239246013	0.598840019333	0.701788303528	0.675205413243	0.816336394393	0.723537941034	0.636056065732	0.586756887385	0.580473658772	0.803769937168	0.637022716288	0.0	0.35186080232	0.568873852102	0.557274045433	0.819719671339	0.586756887385	0.543257612373	0.508941517641	0.465442242629	0.487675205413	0.565490575157	0.544707588207	0.56259062349	0.599323344611	0.82406959884	0.748187530208	0.608506524891	0.652489125181	0.612856452392	0.729337844369	0.670855485742	0.720154664089	0.703238279362	0.644272595457	0.6389560174	0.613823102948	0.823102948284	0.760753987434	0.804736587724	0.79168680522	0.757854035766	0.792170130498	0.691155147414	0.68293861769	0.685355244079	0.684871918801	0.674238762687	0.779120347994	0.674722087965	0.781053649106	0.622039632673	0.74770420493
AC8	0.56935717738	0.570807153214	0.905751570807	0.610439826003	0.661672305462	0.536007733204	0.673755437409	0.499275012083	0.475592073465	0.568873852102	0.540357660706	0.620589656839	0.586273562107	0.829869502175	0.634122764621	0.551474142098	0.497341710971	0.492508458192	0.833736104398	0.655389076849	0.35186080232	0.0	0.49540840986	0.476558724021	0.832769453842	0.546157564041	0.40744320928	0.374093765104	0.424842919285	0.455775737071	0.526824552924	0.477042049299	0.478492025133	0.503141614306	0.738037699372	0.660222329628	0.536491058482	0.576607056549	0.537941034316	0.643789270179	0.579507008217	0.672788786854	0.642339294345	0.566940550991	0.561623972934	0.539874335428	0.728854519091	0.661672305462	0.71532141131	0.700338327695	0.663605606573	0.695505074915	0.597873368777	0.585790236829	0.594490091832	0.593523441276	0.576607056549	0.683905268246	0.58095698405	0.690671822136	0.535041082649	0.651039149348
AD7	0.57177380377	0.591106814886	0.958917351377	0.657805703238	0.714354760754	0.523441275979	0.677138714355	0.512808119865	0.467375543741	0.585306911551	0.443692605123	0.656839052682	0.588206863219	0.880618656356	0.64572257129	0.56935717738	0.481875302078	0.486708554857	0.931367810536	0.744320927985	0.568873852102	0.49540840986	0.0	0.27307878202	0.894635089415	0.519091348478	0.400676655389	0.454325761237	0.507974867086	0.542774287095	0.496375060416	0.468825519575	0.476558724021	0.53939101015	0.751087481875	0.676172063799	0.496375060416	0.602223296278	0.543740937651	0.652005799903	0.587240212663	0.724987916868	0.686321894635	0.599806669889	0.564523924601	0.550024166264	0.744804253262	0.676655389077	0.732237796037	0.71290478492	0.675688738521	0.70372160464	0.608023199613	0.599806669889	0.602223296278	0.609956500725	0.584340260996	0.695505074915	0.593523441276	0.706138231029	0.552924117931	0.661672305462
AD8	0.558240695988	0.586756887385	0.951184146931	0.6389560174	0.706138231029	0.510874818753	0.673755437409	0.502658289029	0.454809086515	0.574190430159	0.442725954567	0.646205896568	0.586756887385	0.872885451909	0.644755920735	0.564040599323	0.470758820686	0.472692121798	0.913968100532	0.72450459159	0.557274045433	0.476558724021	0.27307878202	0.0	0.857902368294	0.486708554857	0.388593523441	0.437892701788	0.477042049299	0.519091348478	0.493958434026	0.456742387627	0.463992266796	0.523441275979	0.751087481875	0.675688738521	0.485741904302	0.585790236829	0.532141130981	0.647655872402	0.581440309328	0.718221362977	0.677622039633	0.578057032383	0.56259062349	0.546640889319	0.742870952151	0.674238762687	0.729337844369	0.709521507975	0.675205413243	0.701788303528	0.603673272112	0.595940067666	0.596906718221	0.602706621556	0.585790236829	0.691638472692	0.592073465442	0.700821652972	0.548090865152	0.660222329628
AE7	0.83325277912	0.877718704688	0.853069115515	0.803769937168	0.837602706622	0.888351860802	0.913484775254	0.900918318028	0.882551957467	0.901884968584	0.917351377477	0.849202513291	0.876752054132	0.82406959884	0.906718221363	0.849202513291	0.866118898018	0.863218946351	0.739971000483	0.731754470759	0.819719671339	0.832769453842	0.894635089415	0.857902368294	0.0	0.52779120348	0.878202029966	0.852585790237	0.758820686322	0.77090381827	0.837602706622	0.845335911068	0.898501691638	0.901401643306	0.926051232479	0.912518124698	0.927017883035	0.903818269696	0.919768003867	0.878202029966	0.901884968584	0.875302078299	0.871918801353	0.878202029966	0.93281778637	0.930884485259	0.888351860802	0.899951667472	0.911551474142	0.898985016916	0.903334944418	0.898985016916	0.892218463026	0.891735137748	0.901401643306	0.886901884969	0.900918318028	0.887868535524	0.898501691638	0.911068148864	0.90961817303	0.905268245529
AE8	0.599323344611	0.629772837119	0.893668438859	0.642339294345	0.69212179797	0.582406959884	0.67133881102	0.596906718221	0.582406959884	0.614306428226	0.621072982117	0.63653939101	0.629772837119	0.816336394393	0.704688255196	0.602706621556	0.593523441276	0.588206863219	0.815853069116	0.642822619623	0.586756887385	0.546157564041	0.519091348478	0.486708554857	0.52779120348	0.0	0.578057032383	0.555824069599	0.512808119865	0.512324794587	0.575640405993	0.564523924601	0.599806669889	0.603673272112	0.769453842436	0.695505074915	0.632189463509	0.612856452392	0.62493958434	0.658772353794	0.625422909618	0.691155147414	0.665055582407	0.609956500725	0.636056065732	0.634122764621	0.752054132431	0.699855002417	0.753504108265	0.721604639923	0.704688255196	0.734171097148	0.660222329628	0.633156114065	0.653455775737	0.64813919768	0.639922667956	0.705171580474	0.652005799903	0.724021266312	0.608989850169	0.691155147414
AF7	0.55775737071	0.56935717738	0.948767520541	0.652005799903	0.65732237796	0.489125181247	0.679555340744	0.463992266796	0.412276462059	0.573707104882	0.43064282262	0.598356694055	0.544224262929	0.874335427743	0.632189463509	0.558724021266	0.446592556791	0.440309328178	0.900918318028	0.718221362977	0.543257612373	0.40744320928	0.400676655389	0.388593523441	0.878202029966	0.578057032383	0.0	0.314161430643	0.493475108748	0.521991300145	0.486708554857	0.473658772354	0.410343160947	0.477525374577	0.693088448526	0.614789753504	0.436442725955	0.536491058482	0.487191880135	0.608023199613	0.535524407927	0.711454809087	0.67133881102	0.545674238763	0.523924601257	0.498308361527	0.675205413243	0.612373127115	0.675688738521	0.661188980184	0.610439826003	0.639439342678	0.548090865152	0.537457709038	0.54857419043	0.545674238763	0.559207346544	0.634122764621	0.558240695988	0.649105848236	0.501691638473	0.600773320445
AF8	0.554374093765	0.566940550991	0.934751087482	0.637989366844	0.676655389077	0.517158047366	0.673755437409	0.488641855969	0.44900918318	0.566457225713	0.508458192363	0.621556307395	0.56259062349	0.859352344128	0.635089415176	0.555340744321	0.465442242629	0.453842435959	0.876268728855	0.688738521025	0.508941517641	0.374093765104	0.454325761237	0.437892701788	0.852585790237	0.555824069599	0.314161430643	0.0	0.467858869019	0.496375060416	0.50700821653	0.459159014016	0.436926051232	0.499758337361	0.717254712421	0.640405993233	0.48622522958	0.552440792653	0.513291445143	0.609956500725	0.545190913485	0.692605123248	0.650072498792	0.55099081682	0.553890768487	0.530691155147	0.690188496858	0.626389560174	0.696955050749	0.68293861769	0.634606089899	0.659255679072	0.572257129048	0.561623972934	0.565490575157	0.565007249879	0.555340744321	0.64813919768	0.557274045433	0.673272112131	0.514258095698	0.624456259062
AG7	0.577573707105	0.60415659739	0.851135814403	0.559207346544	0.678588690188	0.540357660706	0.66892218463	0.512808119865	0.491541807637	0.566457225713	0.54857419043	0.632672788787	0.60415659739	0.775253745771	0.664572257129	0.571290478492	0.53697438376	0.52779120348	0.742870952151	0.534074432093	0.465442242629	0.424842919285	0.507974867086	0.477042049299	0.758820686322	0.512808119865	0.493475108748	0.467858869019	0.0	0.30546157564	0.553407443209	0.511358144031	0.515708071532	0.537941034316	0.753504108265	0.675205413243	0.542774287095	0.582890285162	0.545190913485	0.643789270179	0.585306911551	0.668438859352	0.635572740454	0.569840502658	0.582406959884	0.58095698405	0.744320927985	0.667955534074	0.726437892702	0.710488158531	0.671822136298	0.709521507975	0.617206379894	0.601739971	0.616239729338	0.615273078782	0.610923151281	0.70130497825	0.618656355727	0.695988400193	0.577573707105	0.656839052682
AG8	0.581440309328	0.604639922668	0.850169163847	0.572740454326	0.677622039633	0.551957467376	0.668438859352	0.536007733204	0.525857902368	0.574673755437	0.573223779604	0.633639439343	0.606089898502	0.755920734654	0.666505558241	0.573707104882	0.567907201547	0.561140647656	0.704688255196	0.522957950701	0.487675205413	0.455775737071	0.542774287095	0.519091348478	0.77090381827	0.512324794587	0.521991300145	0.496375060416	0.30546157564	0.0	0.570323827936	0.541807636539	0.542290961817	0.55775737071	0.768970517158	0.688255195747	0.575640405993	0.588206863219	0.567423876269	0.653939101015	0.588690188497	0.662638956017	0.642339294345	0.577573707105	0.601739971	0.600773320445	0.750120831319	0.678105364911	0.730304494925	0.713871435476	0.68293861769	0.714838086032	0.637989366844	0.616723054616	0.628322861286	0.633639439343	0.617206379894	0.710004833253	0.631706138231	0.695988400193	0.589173513775	0.665538907685
AH7	0.589656839053	0.637506041566	0.952634122765	0.688738521025	0.702754954084	0.581440309328	0.701788303528	0.568873852102	0.524407926535	0.626872885452	0.531657805703	0.653939101015	0.633639439343	0.882551957467	0.700821652972	0.594490091832	0.509908168197	0.477525374577	0.886418559691	0.727887868536	0.565490575157	0.526824552924	0.496375060416	0.493958434026	0.837602706622	0.575640405993	0.486708554857	0.50700821653	0.553407443209	0.570323827936	0.0	0.334461092315	0.558724021266	0.608506524891	0.784436926051	0.720154664089	0.555340744321	0.651039149348	0.608506524891	0.665538907685	0.637989366844	0.768970517158	0.742870952151	0.654422426293	0.632672788787	0.621556307395	0.75688738521	0.710488158531	0.763653939101	0.740454325761	0.705654905752	0.730304494925	0.63653939101	0.628322861286	0.632189463509	0.62493958434	0.622039632673	0.724021266312	0.621072982117	0.726437892702	0.60415659739	0.705654905752
AH8	0.563557274045	0.58337361044	0.954084098598	0.644755920735	0.666505558241	0.519574673755	0.676172063799	0.51619139681	0.48380860319	0.578540357661	0.509908168197	0.614789753504	0.569840502658	0.872885451909	0.649105848236	0.546640889319	0.418076365394	0.381826969551	0.900918318028	0.726437892702	0.544707588207	0.477042049299	0.468825519575	0.456742387627	0.845335911068	0.564523924601	0.473658772354	0.459159014016	0.511358144031	0.541807636539	0.334461092315	0.0	0.491058482359	0.53697438376	0.74770420493	0.677138714355	0.511358144031	0.592073465442	0.540840985984	0.620589656839	0.579990333494	0.725954567424	0.684388593523	0.596906718221	0.572257129048	0.558240695988	0.702271628806	0.647172547124	0.709038182697	0.687288545191	0.64572257129	0.672305461576	0.578057032383	0.568873852102	0.577573707105	0.570323827936	0.561140647656	0.666505558241	0.5601739971	0.679072015466	0.538424359594	0.643305944901
AA5	0.576123731271	0.51619139681	0.963267278879	0.650072498792	0.598356694055	0.462542290962	0.622039632673	0.406959884002	0.394393426776	0.520057999033	0.436442725955	0.537457709038	0.533591106815	0.883035282745	0.551474142098	0.543740937651	0.4398260029	0.430159497342	0.927501208313	0.752054132431	0.56259062349	0.478492025133	0.476558724021	0.463992266796	0.898501691638	0.599806669889	0.410343160947	0.436926051232	0.515708071532	0.542290961817	0.558724021266	0.491058482359	0.0	0.340744320928	0.676655389077	0.588690188497	0.443209279845	0.461092315128	0.455292411793	0.546157564041	0.461092315128	0.631706138231	0.587240212663	0.471725471242	0.519091348478	0.469308844853	0.698888351861	0.628322861286	0.669405509908	0.651039149348	0.6389560174	0.670855485742	0.532141130981	0.545674238763	0.561140647656	0.549540840986	0.533107781537	0.660222329628	0.547124214596	0.635572740454	0.508941517641	0.611406476559
AA6	0.591106814886	0.537941034316	0.961817303045	0.653939101015	0.635089415176	0.475108748188	0.637022716288	0.457225712905	0.468342194297	0.538424359594	0.50700821653	0.574673755437	0.538907684872	0.882068632189	0.576123731271	0.550507491542	0.492508458192	0.490575157081	0.930884485259	0.751087481875	0.599323344611	0.503141614306	0.53939101015	0.523441275979	0.901401643306	0.603673272112	0.477525374577	0.499758337361	0.537941034316	0.55775737071	0.608506524891	0.53697438376	0.340744320928	0.0	0.685355244079	0.59255679072	0.505074915418	0.491058482359	0.491541807637	0.573707104882	0.493958434026	0.658772353794	0.62493958434	0.501691638473	0.473658772354	0.429676172064	0.700821652972	0.634122764621	0.672788786854	0.656839052682	0.641855969067	0.671822136298	0.554374093765	0.55099081682	0.565973900435	0.555340744321	0.53697438376	0.662155630739	0.549540840986	0.643305944901	0.52779120348	0.617689705172
AB5	0.742870952151	0.677622039633	0.978250362494	0.73852102465	0.620589656839	0.635089415176	0.733204446593	0.643305944901	0.679072015466	0.696955050749	0.673755437409	0.608023199613	0.666505558241	0.90043499275	0.705654905752	0.696471725471	0.720154664089	0.709521507975	0.940067665539	0.8008699855	0.82406959884	0.738037699372	0.751087481875	0.751087481875	0.926051232479	0.769453842436	0.693088448526	0.717254712421	0.753504108265	0.768970517158	0.784436926051	0.74770420493	0.676655389077	0.685355244079	0.0	0.315611406477	0.629289511841	0.658772353794	0.643789270179	0.623972933784	0.611889801837	0.750604156597	0.725471242146	0.655872402127	0.631706138231	0.619623006283	0.616239729338	0.61575640406	0.612856452392	0.599806669889	0.622522957951	0.615273078782	0.600289995167	0.590140164331	0.622039632673	0.617689705172	0.662638956017	0.600773320445	0.662638956017	0.604639922668	0.688255195747	0.614306428226
AB6	0.673755437409	0.609956500725	0.970033832769	0.673755437409	0.58095698405	0.549540840986	0.657805703238	0.556790720155	0.598840019333	0.615273078782	0.60657322378	0.525857902368	0.605606573224	0.888351860802	0.632189463509	0.624456259062	0.653939101015	0.643789270179	0.93281778637	0.75688738521	0.748187530208	0.660222329628	0.676172063799	0.675688738521	0.912518124698	0.695505074915	0.614789753504	0.640405993233	0.675205413243	0.688255195747	0.720154664089	0.677138714355	0.588690188497	0.59255679072	0.315611406477	0.0	0.568873852102	0.578057032383	0.566940550991	0.543740937651	0.530691155147	0.684871918801	0.648622522958	0.552924117931	0.559690671822	0.545674238763	0.605123247946	0.55099081682	0.583856935718	0.564523924601	0.561623972934	0.58337361044	0.533591106815	0.536491058482	0.564040599323	0.556790720155	0.584823586274	0.56259062349	0.589173513775	0.561140647656	0.622522957951	0.540357660706
AC5	0.590623489609	0.582890285162	0.978250362494	0.655389076849	0.626389560174	0.463992266796	0.663605606573	0.448525857902	0.419526341228	0.563557274045	0.413243112615	0.556307394877	0.54857419043	0.892701788304	0.631706138231	0.567423876269	0.473175447076	0.466892218463	0.95601739971	0.777187046883	0.608506524891	0.536491058482	0.496375060416	0.485741904302	0.927017883035	0.632189463509	0.436442725955	0.48622522958	0.542774287095	0.575640405993	0.555340744321	0.511358144031	0.443209279845	0.505074915418	0.629289511841	0.568873852102	0.0	0.446592556791	0.434509424843	0.586756887385	0.51619139681	0.722571290478	0.670855485742	0.548090865152	0.46979217013	0.442725954567	0.609956500725	0.561623972934	0.610923151281	0.582890285162	0.562107298212	0.587723537941	0.505074915418	0.478975350411	0.494925084582	0.493475108748	0.5601739971	0.577573707105	0.561623972934	0.568390526825	0.515708071532	0.536007733204
AC6	0.623972933784	0.532624456259	0.959884001933	0.649105848236	0.587240212663	0.510874818753	0.532624456259	0.465925567907	0.527307878202	0.462058965684	0.546157564041	0.541324311261	0.553407443209	0.869018849686	0.559207346544	0.58095698405	0.582890285162	0.567907201547	0.925567907202	0.748670855486	0.652489125181	0.576607056549	0.602223296278	0.585790236829	0.903818269696	0.612856452392	0.536491058482	0.552440792653	0.582890285162	0.588206863219	0.651039149348	0.592073465442	0.461092315128	0.491058482359	0.658772353794	0.578057032383	0.446592556791	0.0	0.509424842919	0.525857902368	0.495891735138	0.511841469309	0.457225712905	0.424359594007	0.55099081682	0.534074432093	0.679072015466	0.621556307395	0.657805703238	0.637022716288	0.626389560174	0.651522474625	0.587723537941	0.567423876269	0.588690188497	0.577090381827	0.568873852102	0.645239246013	0.570323827936	0.621072982117	0.564040599323	0.617206379894
AD6	0.607056549058	0.568873852102	0.975833736104	0.64572257129	0.585790236829	0.420009666506	0.614306428226	0.431609473175	0.434509424843	0.521024649589	0.435959400677	0.536007733204	0.538424359594	0.890285161914	0.608506524891	0.561140647656	0.489608506525	0.475592073465	0.957467375544	0.779120347994	0.612856452392	0.537941034316	0.543740937651	0.532141130981	0.919768003867	0.62493958434	0.487191880135	0.513291445143	0.545190913485	0.567423876269	0.608506524891	0.540840985984	0.455292411793	0.491541807637	0.643789270179	0.566940550991	0.434509424843	0.509424842919	0.0	0.541807636539	0.425809569841	0.698405026583	0.662155630739	0.536007733204	0.484775253746	0.476075398743	0.620106331561	0.555340744321	0.598356694055	0.579023682939	0.559207346544	0.593040115998	0.491058482359	0.482841952634	0.509424842919	0.49540840986	0.552440792653	0.579507008217	0.547124214596	0.587723537941	0.489608506525	0.546640889319
AE5	0.628806186564	0.535041082649	0.975350410826	0.640405993233	0.546157564041	0.534557757371	0.573707104882	0.53697438376	0.600289995167	0.52779120348	0.602223296278	0.49540840986	0.570323827936	0.889801836636	0.560657322378	0.567423876269	0.602706621556	0.588690188497	0.927501208313	0.749154180764	0.729337844369	0.643789270179	0.652005799903	0.647655872402	0.878202029966	0.658772353794	0.608023199613	0.609956500725	0.643789270179	0.653939101015	0.665538907685	0.620589656839	0.546157564041	0.573707104882	0.623972933784	0.543740937651	0.586756887385	0.525857902368	0.541807636539	0.0	0.343160947318	0.616723054616	0.58095698405	0.509908168197	0.621072982117	0.614306428226	0.636056065732	0.594006766554	0.639922667956	0.605606573224	0.612373127115	0.632189463509	0.538424359594	0.552440792653	0.583856935718	0.550507491542	0.551474142098	0.608989850169	0.551474142098	0.601256645723	0.571290478492	0.586273562107
AE6	0.58337361044	0.497341710971	0.974867085549	0.626872885452	0.55775737071	0.463992266796	0.555824069599	0.456742387627	0.520541324311	0.491541807637	0.534074432093	0.498308361527	0.514258095698	0.886901884969	0.558724021266	0.5186080232	0.551957467376	0.534557757371	0.934751087482	0.755920734654	0.670855485742	0.579507008217	0.587240212663	0.581440309328	0.901884968584	0.625422909618	0.535524407927	0.545190913485	0.585306911551	0.588690188497	0.637989366844	0.579990333494	0.461092315128	0.493958434026	0.611889801837	0.530691155147	0.51619139681	0.495891735138	0.425809569841	0.343160947318	0.0	0.641372643789	0.605123247946	0.469308844853	0.543740937651	0.535524407927	0.641372643789	0.578057032383	0.617206379894	0.594006766554	0.592073465442	0.624456259062	0.506524891252	0.49299178347	0.520057999033	0.501691638473	0.506524891252	0.608989850169	0.521507974867	0.587723537941	0.505558240696	0.568873852102
AF5	0.710004833253	0.62735621073	0.937167713871	0.674722087965	0.67133881102	0.683905268246	0.553890768487	0.639922667956	0.691155147414	0.580473658772	0.722571290478	0.631706138231	0.683905268246	0.848235862736	0.600773320445	0.676172063799	0.725954567424	0.724021266312	0.871918801353	0.713388110198	0.720154664089	0.672788786854	0.724987916868	0.718221362977	0.875302078299	0.691155147414	0.711454809087	0.692605123248	0.668438859352	0.662638956017	0.768970517158	0.725954567424	0.631706138231	0.658772353794	0.750604156597	0.684871918801	0.722571290478	0.511841469309	0.698405026583	0.616723054616	0.641372643789	0.0	0.288061865636	0.53939101015	0.734654422426	0.725954567424	0.76848719188	0.718704688255	0.746737554374	0.714838086032	0.735137747704	0.750120831319	0.710488158531	0.718704688255	0.735621072982	0.720154664089	0.679072015466	0.732237796037	0.683905268246	0.713871435476	0.722571290478	0.723054615756
AF6	0.685355244079	0.591106814886	0.931851135814	0.654905751571	0.65055582407	0.64813919768	0.530691155147	0.598840019333	0.658289028516	0.543740937651	0.684871918801	0.601739971	0.650072498792	0.841469308845	0.568873852102	0.648622522958	0.695505074915	0.690188496858	0.884968583857	0.717254712421	0.703238279362	0.642339294345	0.686321894635	0.677622039633	0.871918801353	0.665055582407	0.67133881102	0.650072498792	0.635572740454	0.642339294345	0.742870952151	0.684388593523	0.587240212663	0.62493958434	0.725471242146	0.648622522958	0.670855485742	0.457225712905	0.662155630739	0.58095698405	0.605123247946	0.288061865636	0.0	0.503624939584	0.69212179797	0.678105364911	0.74770420493	0.693088448526	0.727887868536	0.698405026583	0.699855002417	0.729337844369	0.67133881102	0.679555340744	0.699371677139	0.678588690188	0.63653939101	0.708554857419	0.637022716288	0.688738521025	0.683905268246	0.687288545191
