	AA3	AA4	AB3	AB4	AC3	AC4	AD3	AD4	AE3	AE4	AF3	AF4	AG3	AG4	AH3	AH4	AA7	AA8	AB7	AB8	AC7	AC8	AD7	AD8	AE7	AE8	AF7	AF8	AG7	AG8	AH7	AH8	AA5	AA6	AB5	AB6	AC5	AC6	AD6	AE5	AE6	AF5	AF6	AG5	AH5	AH6	AA1	AA2	AB1	AB2	AC1	AC2	AD1	AD2	AE1	AE2	AF1	AF2	AG1	AG2	AH1	AH2
AA3	0.0	0.466408893185	0.930884485259	0.627839536008	0.627839536008	0.566457225713	0.685838569357	0.589656839053	0.561140647656	0.614789753504	0.596906718221	0.606089898502	0.584823586274	0.84485258579	0.640405993233	0.319961333978	0.58337361044	0.563073948768	0.868535524408	0.716771387144	0.622522957951	0.56935717738	0.577090381827	0.561140647656	0.832769453842	0.593040115998	0.57177380377	0.569840502658	0.580473658772	0.590623489609	0.598356694055	0.567423876269	0.593040115998	0.594490091832	0.736587723538	0.682455292412	0.589656839053	0.60415659739	0.606089898502	0.618173030449	0.596906718221	0.70372160464	0.671822136298	0.616723054616	0.62735621073	0.610439826003	0.675688738521	0.626872885452	0.696471725471	0.665055582407	0.637989366844	0.64813919768	0.57177380377	0.563073948768	0.561140647656	0.563073948768	0.590140164331	0.646205896568	0.579990333494	0.660705654906	0.582890285162	0.647655872402
AA4	0.466408893185	0.0	0.94683421943	0.592073465442	0.568873852102	0.496375060416	0.596423392943	0.480425326245	0.506524891252	0.514741420976	0.569840502658	0.523924601257	0.48380860319	0.858385693572	0.378927017883	0.363943934268	0.531657805703	0.535524407927	0.893185113581	0.727887868536	0.643789270179	0.57177380377	0.577090381827	0.553890768487	0.876268728855	0.608506524891	0.549540840986	0.553890768487	0.591590140164	0.594490091832	0.621072982117	0.57177380377	0.509908168197	0.515224746254	0.679072015466	0.619139681005	0.561623972934	0.508458192363	0.552924117931	0.531174480425	0.489608506525	0.637506041566	0.585790236829	0.51619139681	0.580473658772	0.563557274045	0.660705654906	0.579507008217	0.642822619623	0.620589656839	0.605606573224	0.634606089899	0.529724504592	0.523441275979	0.537457709038	0.519574673755	0.493958434026	0.618173030449	0.506524891252	0.607056549058	0.514741420976	0.595940067666
AB3	0.930884485259	0.94683421943	0.0	0.68293861769	0.924601256646	0.952150797487	0.953117448043	0.946350894152	0.934267762204	0.952634122765	0.972450459159	0.934267762204	0.968583856936	0.347510874819	0.960850652489	0.939584340261	0.971967133881	0.96761720638	0.746737554374	0.763653939101	0.886901884969	0.910101498308	0.961333977767	0.948284195263	0.851619139681	0.893668438859	0.940067665539	0.930401159981	0.849202513291	0.840985983567	0.952634122765	0.957950700822	0.960367327211	0.963750604157	0.972450459159	0.96520057999	0.973417109715	0.953117448043	0.972933784437	0.971967133881	0.971967133881	0.933301111648	0.939101014983	0.950217496375	0.973417109715	0.970517158047	0.972933784437	0.968583856936	0.969550507492	0.971967133881	0.972933784437	0.969067182214	0.971483808603	0.971967133881	0.97680038666	0.972450459159	0.971483808603	0.969550507492	0.970517158047	0.973417109715	0.972450459159	0.971483808603
AB4	0.627839536008	0.592073465442	0.68293861769	0.0	0.640405993233	0.609956500725	0.695505074915	0.61575640406	0.617689705172	0.632672788787	0.659255679072	0.611406476559	0.489125181247	0.568873852102	0.609956500725	0.607056549058	0.63653939101	0.633156114065	0.746254229096	0.588206863219	0.660222329628	0.63653939101	0.672305461576	0.63653939101	0.8008699855	0.637989366844	0.643305944901	0.642339294345	0.573707104882	0.581440309328	0.695988400193	0.666505558241	0.649589173514	0.656355727405	0.73610439826	0.681005316578	0.654905751571	0.642339294345	0.645239246013	0.64572257129	0.623006283229	0.684388593523	0.651522474625	0.637022716288	0.683421942968	0.669405509908	0.698888351861	0.65973900435	0.697438376027	0.677138714355	0.669405509908	0.673755437409	0.631706138231	0.643789270179	0.65973900435	0.639922667956	0.651039149348	0.669888835186	0.637989366844	0.670855485742	0.651522474625	0.663122281295
AC3	0.627839536008	0.568873852102	0.924601256646	0.640405993233	0.0	0.4813919768	0.631706138231	0.533591106815	0.545190913485	0.578540357661	0.623489608507	0.311744804253	0.601739971	0.840502658289	0.597390043499	0.593040115998	0.608023199613	0.588206863219	0.880618656356	0.74770420493	0.735137747704	0.673755437409	0.720154664089	0.686321894635	0.838569357177	0.679072015466	0.655389076849	0.675688738521	0.666022232963	0.687771870469	0.700821652972	0.664572257129	0.605606573224	0.617206379894	0.62493958434	0.589656839053	0.624456259062	0.566940550991	0.587240212663	0.536491058482	0.562107298212	0.667955534074	0.626389560174	0.55099081682	0.63653939101	0.628322861286	0.574673755437	0.576123731271	0.577090381827	0.579507008217	0.593040115998	0.574190430159	0.529241179314	0.566457225713	0.567423876269	0.559207346544	0.614306428226	0.558240695988	0.602223296278	0.599323344611	0.605606573224	0.582406959884
AC4	0.566457225713	0.496375060416	0.952150797487	0.609956500725	0.4813919768	0.0	0.618173030449	0.387143547608	0.400193330111	0.510391493475	0.353794103432	0.403576607057	0.503141614306	0.864668922185	0.565973900435	0.533591106815	0.479458675689	0.462542290962	0.924601256646	0.758337361044	0.589173513775	0.52779120348	0.531657805703	0.500241662639	0.886418559691	0.572740454326	0.487191880135	0.507974867086	0.53020782987	0.563073948768	0.576607056549	0.526824552924	0.440792653456	0.451909134848	0.639439342678	0.581440309328	0.456259062349	0.499275012083	0.43064282262	0.53697438376	0.46302561624	0.674238762687	0.624456259062	0.500241662639	0.487675205413	0.474142097632	0.643305944901	0.572257129048	0.610439826003	0.598840019333	0.585306911551	0.623972933784	0.504108264862	0.496858385694	0.516674722088	0.510391493475	0.540840985984	0.601256645723	0.550024166264	0.588206863219	0.48380860319	0.584823586274
AD3	0.685838569357	0.596423392943	0.953117448043	0.695505074915	0.631706138231	0.618173030449	0.0	0.540840985984	0.642339294345	0.355727404543	0.685355244079	0.601739971	0.642822619623	0.874818753021	0.584340260996	0.643789270179	0.691155147414	0.691638472692	0.941034316095	0.778153697438	0.720637989367	0.700821652972	0.708071532141	0.699371677139	0.915901401643	0.697438376027	0.695988400193	0.698888351861	0.703238279362	0.69212179797	0.728371193813	0.703238279362	0.645239246013	0.657805703238	0.749154180764	0.688255195747	0.686805219913	0.538424359594	0.644755920735	0.583856935718	0.579507008217	0.5601739971	0.538907684872	0.551474142098	0.702754954084	0.695021749638	0.758337361044	0.699855002417	0.739487675205	0.725471242146	0.705171580474	0.736587723538	0.661672305462	0.669888835186	0.681005316578	0.662155630739	0.637022716288	0.721604639923	0.637506041566	0.708071532141	0.691638472692	0.707588206863
AD4	0.589656839053	0.480425326245	0.946350894152	0.61575640406	0.533591106815	0.387143547608	0.540840985984	0.0	0.323827936201	0.422426292895	0.450459159014	0.481875302078	0.503141614306	0.85886901885	0.534557757371	0.530691155147	0.468342194297	0.456742387627	0.934267762204	0.762687288545	0.576607056549	0.514258095698	0.533107781537	0.503141614306	0.901401643306	0.588690188497	0.471242145964	0.485741904302	0.515708071532	0.55099081682	0.564040599323	0.516674722088	0.417593040116	0.435476075399	0.65055582407	0.581440309328	0.450942484292	0.479458675689	0.434026099565	0.541807636539	0.453359110681	0.649589173514	0.598840019333	0.490091831803	0.485258579024	0.475108748188	0.650072498792	0.582890285162	0.626389560174	0.617689705172	0.593040115998	0.628322861286	0.501208313195	0.505558240696	0.522957950701	0.51377477042	0.528757854036	0.614306428226	0.529241179314	0.611406476559	0.484291928468	0.596906718221
AE3	0.561140647656	0.506524891252	0.934267762204	0.617689705172	0.545190913485	0.400193330111	0.642339294345	0.323827936201	0.0	0.521507974867	0.411309811503	0.496375060416	0.512324794587	0.853069115515	0.558240695988	0.53939101015	0.453359110681	0.438859352344	0.927984533591	0.755920734654	0.545674238763	0.499758337361	0.488641855969	0.454325761237	0.888351860802	0.575157080715	0.438859352344	0.463508941518	0.48380860319	0.546157564041	0.540357660706	0.488158530691	0.401159980667	0.448525857902	0.664088931851	0.595940067666	0.414209763171	0.516674722088	0.425809569841	0.588690188497	0.503141614306	0.681005316578	0.635572740454	0.519574673755	0.476075398743	0.459159014016	0.652972450459	0.573223779604	0.623489608507	0.617689705172	0.589656839053	0.627839536008	0.505558240696	0.511358144031	0.53020782987	0.517158047366	0.546640889319	0.61575640406	0.55775737071	0.607056549058	0.479458675689	0.59497341711
AE4	0.614789753504	0.514741420976	0.952634122765	0.632672788787	0.578540357661	0.510391493475	0.355727404543	0.422426292895	0.521507974867	0.0	0.588690188497	0.533591106815	0.553890768487	0.869018849686	0.53939101015	0.555824069599	0.587240212663	0.593040115998	0.935717738038	0.763170613823	0.65973900435	0.608023199613	0.61333977767	0.591590140164	0.910101498308	0.623006283229	0.59497341711	0.597390043499	0.594006766554	0.606089898502	0.654422426293	0.605606573224	0.542774287095	0.558240695988	0.693088448526	0.628322861286	0.575157080715	0.44900918318	0.544224262929	0.515708071532	0.500724987917	0.576123731271	0.531174480425	0.485741904302	0.60657322378	0.594490091832	0.708071532141	0.646205896568	0.690188496858	0.674722087965	0.658772353794	0.683905268246	0.59255679072	0.577090381827	0.594006766554	0.586756887385	0.575157080715	0.668438859352	0.583856935718	0.666505558241	0.586756887385	0.661188980184
AF3	0.596906718221	0.569840502658	0.972450459159	0.659255679072	0.623489608507	0.353794103432	0.685355244079	0.450459159014	0.411309811503	0.588690188497	0.0	0.545190913485	0.547124214596	0.885451909135	0.618656355727	0.595456742388	0.459159014016	0.434992750121	0.958917351377	0.799903334944	0.587723537941	0.551474142098	0.456259062349	0.43064282262	0.922184630256	0.614789753504	0.432576123731	0.508458192363	0.534557757371	0.593523441276	0.535524407927	0.512324794587	0.439342677622	0.48622522958	0.68293861769	0.63653939101	0.419526341228	0.560657322378	0.459642339294	0.620106331561	0.536007733204	0.723054615756	0.680038666022	0.559690671822	0.506524891252	0.485741904302	0.682455292412	0.611406476559	0.673272112131	0.643789270179	0.621072982117	0.652005799903	0.56259062349	0.532141130981	0.545190913485	0.549057515708	0.591106814886	0.64813919768	0.593040115998	0.625906234896	0.506524891252	0.616239729338
AF4	0.606089898502	0.523924601257	0.934267762204	0.611406476559	0.311744804253	0.403576607057	0.601739971	0.481875302078	0.496375060416	0.533591106815	0.545190913485	0.0	0.554374093765	0.848235862736	0.551474142098	0.5601739971	0.567423876269	0.563073948768	0.892701788304	0.720637989367	0.700821652972	0.637506041566	0.669405509908	0.637506041566	0.851135814403	0.631222812953	0.60657322378	0.628322861286	0.625906234896	0.649589173514	0.666988883519	0.62493958434	0.55775737071	0.574190430159	0.611406476559	0.55099081682	0.57177380377	0.52537457709	0.528274528758	0.497341710971	0.513291445143	0.637022716288	0.59255679072	0.510874818753	0.574190430159	0.565007249879	0.586273562107	0.527307878202	0.565973900435	0.546640889319	0.548090865152	0.567907201547	0.493475108748	0.508458192363	0.526824552924	0.515708071532	0.568873852102	0.553890768487	0.568390526825	0.552924117931	0.5601739971	0.531657805703
AG3	0.584823586274	0.48380860319	0.968583856936	0.489125181247	0.601739971	0.503141614306	0.642822619623	0.503141614306	0.512324794587	0.553890768487	0.547124214596	0.554374093765	0.0	0.849685838569	0.516674722088	0.526824552924	0.488641855969	0.48622522958	0.934267762204	0.768003866602	0.659255679072	0.592073465442	0.582890285162	0.564523924601	0.882551957467	0.617206379894	0.548090865152	0.565007249879	0.595940067666	0.602223296278	0.62493958434	0.5601739971	0.520541324311	0.520057999033	0.670372160464	0.626389560174	0.542290961817	0.531174480425	0.524407926535	0.571290478492	0.500241662639	0.673755437409	0.623489608507	0.536007733204	0.570807153214	0.554374093765	0.62735621073	0.569840502658	0.628322861286	0.611406476559	0.589173513775	0.602706621556	0.51619139681	0.524891251812	0.53939101015	0.523441275979	0.545190913485	0.608023199613	0.535041082649	0.619139681005	0.499758337361	0.592073465442
AG4	0.84485258579	0.858385693572	0.347510874819	0.568873852102	0.840502658289	0.864668922185	0.874818753021	0.85886901885	0.853069115515	0.869018849686	0.885451909135	0.848235862736	0.849685838569	0.0	0.874335427743	0.855485741904	0.892218463026	0.886901884969	0.718221362977	0.690188496858	0.816336394393	0.838086031899	0.884485258579	0.871435476075	0.821169647173	0.81488641856	0.862252295795	0.858385693572	0.769937167714	0.760270662156	0.881101981634	0.878202029966	0.881585306912	0.883518608023	0.901884968584	0.88883518608	0.890768487192	0.87046882552	0.890768487192	0.883035282745	0.886418559691	0.855485741904	0.855969067182	0.872402126631	0.894635089415	0.891735137748	0.887868535524	0.887385210246	0.88883518608	0.884485258579	0.896085065249	0.884485258579	0.890768487192	0.88883518608	0.899468342194	0.893185113581	0.892701788304	0.888351860802	0.88883518608	0.884968583857	0.894151764137	0.891735137748
AH3	0.640405993233	0.378927017883	0.960850652489	0.609956500725	0.597390043499	0.565973900435	0.584340260996	0.534557757371	0.558240695988	0.53939101015	0.618656355727	0.551474142098	0.516674722088	0.874335427743	0.0	0.52779120348	0.58337361044	0.587240212663	0.925084581924	0.767037216046	0.701788303528	0.649589173514	0.637989366844	0.624456259062	0.901884968584	0.684388593523	0.625422909618	0.630739487675	0.65732237796	0.662638956017	0.689221846303	0.637506041566	0.553890768487	0.570807153214	0.709038182697	0.642339294345	0.620589656839	0.537457709038	0.598840019333	0.556307394877	0.544224262929	0.603189946834	0.564523924601	0.547124214596	0.638472692122	0.623489608507	0.687288545191	0.610923151281	0.652972450459	0.6389560174	0.636056065732	0.660222329628	0.574673755437	0.593523441276	0.601739971	0.582406959884	0.559207346544	0.651039149348	0.55775737071	0.632672788787	0.581440309328	0.610923151281
AH4	0.319961333978	0.363943934268	0.939584340261	0.607056549058	0.593040115998	0.533591106815	0.643789270179	0.530691155147	0.53939101015	0.555824069599	0.595456742388	0.5601739971	0.526824552924	0.855485741904	0.52779120348	0.0	0.543740937651	0.543740937651	0.872402126631	0.721121314645	0.640889318511	0.570323827936	0.58337361044	0.563073948768	0.845819236346	0.602223296278	0.558724021266	0.56259062349	0.591106814886	0.586756887385	0.602706621556	0.559690671822	0.548090865152	0.549540840986	0.704688255196	0.641372643789	0.593523441276	0.566457225713	0.583856935718	0.573223779604	0.541324311261	0.674722087965	0.633639439343	0.570323827936	0.603673272112	0.585790236829	0.658289028516	0.589656839053	0.654905751571	0.632189463509	0.607056549058	0.626389560174	0.532141130981	0.53020782987	0.53939101015	0.525857902368	0.533107781537	0.612856452392	0.528274528758	0.632189463509	0.54857419043	0.614789753504
AA7	0.58337361044	0.531657805703	0.971967133881	0.63653939101	0.608023199613	0.479458675689	0.691155147414	0.468342194297	0.453359110681	0.587240212663	0.459159014016	0.567423876269	0.488641855969	0.892218463026	0.58337361044	0.543740937651	0.0	0.289511841469	0.922184630256	0.76848719188	0.588690188497	0.526824552924	0.488158530691	0.467375543741	0.8796520058	0.589173513775	0.448042532624	0.48380860319	0.528274528758	0.584823586274	0.521507974867	0.425809569841	0.43064282262	0.476558724021	0.70372160464	0.660705654906	0.470275495408	0.562107298212	0.489125181247	0.602706621556	0.53939101015	0.723054615756	0.66892218463	0.573223779604	0.532624456259	0.517641372644	0.657805703238	0.590140164331	0.649105848236	0.631222812953	0.590623489609	0.621556307395	0.515224746254	0.514741420976	0.535524407927	0.5186080232	0.546157564041	0.612856452392	0.540840985984	0.639439342678	0.478008699855	0.599806669889
AA8	0.563073948768	0.535524407927	0.96761720638	0.633156114065	0.588206863219	0.462542290962	0.691638472692	0.456742387627	0.438859352344	0.593040115998	0.434992750121	0.563073948768	0.48622522958	0.886901884969	0.587240212663	0.543740937651	0.289511841469	0.0	0.914934751087	0.759787336878	0.575640405993	0.511358144031	0.469308844853	0.453842435959	0.861285645239	0.576607056549	0.431609473175	0.473175447076	0.511841469309	0.577090381827	0.470275495408	0.379893668439	0.412759787337	0.462058965684	0.70130497825	0.655389076849	0.453359110681	0.564523924601	0.476558724021	0.600773320445	0.529724504592	0.727887868536	0.677622039633	0.561623972934	0.513291445143	0.494441759304	0.640889318511	0.579990333494	0.647172547124	0.626872885452	0.573223779604	0.606089898502	0.500241662639	0.503141614306	0.512324794587	0.50700821653	0.54857419043	0.589656839053	0.534074432093	0.627839536008	0.468825519575	0.590623489609
AB7	0.868535524408	0.893185113581	0.746737554374	0.746254229096	0.880618656356	0.924601256646	0.941034316095	0.934267762204	0.927984533591	0.935717738038	0.958917351377	0.892701788304	0.934267762204	0.718221362977	0.925084581924	0.872402126631	0.922184630256	0.914934751087	0.0	0.409859835669	0.81246979217	0.84485258579	0.928467858869	0.913968100532	0.734654422426	0.82406959884	0.890285161914	0.8796520058	0.743837602707	0.700821652972	0.883518608023	0.903334944418	0.925567907202	0.939584340261	0.941517641373	0.93523441276	0.949734171097	0.913968100532	0.950700821653	0.921701304978	0.946350894152	0.882068632189	0.880618656356	0.913484775254	0.960850652489	0.94683421943	0.926051232479	0.918801353311	0.928951184147	0.929434509425	0.927501208313	0.921701304978	0.913968100532	0.913484775254	0.908651522475	0.907684871919	0.930401159981	0.913968100532	0.913968100532	0.929434509425	0.947800869986	0.928467858869
AB8	0.716771387144	0.727887868536	0.763653939101	0.588206863219	0.74770420493	0.758337361044	0.778153697438	0.762687288545	0.755920734654	0.763170613823	0.799903334944	0.720637989367	0.768003866602	0.690188496858	0.767037216046	0.721121314645	0.76848719188	0.759787336878	0.409859835669	0.0	0.659255679072	0.681488641856	0.762203963267	0.74528757854	0.739487675205	0.661188980184	0.725471242146	0.707588206863	0.560657322378	0.53020782987	0.735137747704	0.742387626873	0.763653939101	0.77767037216	0.809569840503	0.774770420493	0.77767037216	0.740454325761	0.780570323828	0.757370710488	0.773803769937	0.729337844369	0.726437892702	0.743837602707	0.800386660222	0.785403576607	0.810536491058	0.761237312711	0.790720154664	0.765587240213	0.777187046883	0.785403576607	0.758820686322	0.762203963267	0.759787336878	0.757854035766	0.766553890768	0.775253745771	0.761237312711	0.772353794103	0.772837119381	0.766553890768
AC7	0.622522957951	0.643789270179	0.886901884969	0.660222329628	0.735137747704	0.589173513775	0.720637989367	0.576607056549	0.545674238763	0.65973900435	0.587723537941	0.700821652972	0.659255679072	0.816336394393	0.701788303528	0.640889318511	0.588690188497	0.575640405993	0.81246979217	0.659255679072	0.0	0.35427742871	0.555340744321	0.538907684872	0.816819719671	0.578540357661	0.517641372644	0.495891735138	0.464475592073	0.489608506525	0.56259062349	0.547607539874	0.555340744321	0.588206863219	0.806669888835	0.757370710488	0.604639922668	0.65055582407	0.611406476559	0.727404543258	0.673755437409	0.714838086032	0.694055099082	0.64572257129	0.614306428226	0.600289995167	0.820202996617	0.748187530208	0.799420009667	0.790236829386	0.744804253262	0.783953600773	0.687288545191	0.666988883519	0.685838569357	0.681005316578	0.674238762687	0.78008699855	0.673755437409	0.772837119381	0.615273078782	0.761237312711
AC8	0.56935717738	0.57177380377	0.910101498308	0.63653939101	0.673755437409	0.52779120348	0.700821652972	0.514258095698	0.499758337361	0.608023199613	0.551474142098	0.637506041566	0.592073465442	0.838086031899	0.649589173514	0.570323827936	0.526824552924	0.511358144031	0.84485258579	0.681488641856	0.35427742871	0.0	0.491541807637	0.480425326245	0.836152730788	0.53697438376	0.404543257612	0.383760270662	0.450942484292	0.483325277912	0.525857902368	0.477525374577	0.500241662639	0.524891251812	0.741420976317	0.696471725471	0.551957467376	0.587240212663	0.542290961817	0.653455775737	0.600773320445	0.679072015466	0.64572257129	0.588206863219	0.559690671822	0.545674238763	0.74770420493	0.672788786854	0.728371193813	0.722087965201	0.675688738521	0.709521507975	0.610923151281	0.595456742388	0.616239729338	0.608989850169	0.596423392943	0.701788303528	0.599806669889	0.704204929918	0.543257612373	0.691155147414
AD7	0.577090381827	0.577090381827	0.961333977767	0.672305461576	0.720154664089	0.531657805703	0.708071532141	0.533107781537	0.488641855969	0.61333977767	0.456259062349	0.669405509908	0.582890285162	0.884485258579	0.637989366844	0.58337361044	0.488158530691	0.469308844853	0.928467858869	0.762203963267	0.555340744321	0.491541807637	0.0	0.276945384244	0.893185113581	0.5186080232	0.409859835669	0.469308844853	0.510874818753	0.558724021266	0.504108264862	0.465925567907	0.482358627356	0.52779120348	0.75688738521	0.700821652972	0.513291445143	0.608023199613	0.551474142098	0.665538907685	0.609473175447	0.724021266312	0.693571773804	0.613823102948	0.564523924601	0.550024166264	0.756404059932	0.672788786854	0.741420976317	0.729337844369	0.681005316578	0.711938134364	0.623972933784	0.603673272112	0.610439826003	0.617206379894	0.597390043499	0.710971483809	0.603189946834	0.709038182697	0.561140647656	0.692605123248
AD8	0.561140647656	0.553890768487	0.948284195263	0.63653939101	0.686321894635	0.500241662639	0.699371677139	0.503141614306	0.454325761237	0.591590140164	0.43064282262	0.637506041566	0.564523924601	0.871435476075	0.624456259062	0.563073948768	0.467375543741	0.453842435959	0.913968100532	0.74528757854	0.538907684872	0.480425326245	0.276945384244	0.0	0.855485741904	0.485741904302	0.379893668439	0.438859352344	0.482841952634	0.536007733204	0.496375060416	0.467375543741	0.463508941518	0.515708071532	0.735137747704	0.678105364911	0.484775253746	0.578540357661	0.524891251812	0.635572740454	0.575640405993	0.715804736588	0.669405509908	0.580473658772	0.540840985984	0.528274528758	0.731754470759	0.649589173514	0.717254712421	0.704204929918	0.655389076849	0.686321894635	0.595940067666	0.577573707105	0.584340260996	0.587240212663	0.577573707105	0.685355244079	0.581923634606	0.677138714355	0.536007733204	0.667472208797
AE7	0.832769453842	0.876268728855	0.851619139681	0.8008699855	0.838569357177	0.886418559691	0.915901401643	0.901401643306	0.888351860802	0.910101498308	0.922184630256	0.851135814403	0.882551957467	0.821169647173	0.901884968584	0.845819236346	0.8796520058	0.861285645239	0.734654422426	0.739487675205	0.816819719671	0.836152730788	0.893185113581	0.855485741904	0.0	0.551957467376	0.867085548574	0.86563557274	0.767037216046	0.765103914935	0.839052682455	0.854035766071	0.897051715805	0.910584823586	0.926051232479	0.918318028033	0.921701304978	0.896085065249	0.921701304978	0.878685355244	0.904301594973	0.884968583857	0.881585306912	0.87046882552	0.935717738038	0.919768003867	0.891735137748	0.90043499275	0.901401643306	0.896085065249	0.903818269696	0.896568390527	0.890285161914	0.896568390527	0.903818269696	0.884968583857	0.912518124698	0.885935234413	0.896085065249	0.90961817303	0.913968100532	0.901401643306
AE8	0.593040115998	0.608506524891	0.893668438859	0.637989366844	0.679072015466	0.572740454326	0.697438376027	0.588690188497	0.575157080715	0.623006283229	0.614789753504	0.631222812953	0.617206379894	0.81488641856	0.684388593523	0.602223296278	0.589173513775	0.576607056549	0.82406959884	0.661188980184	0.578540357661	0.53697438376	0.5186080232	0.485741904302	0.551957467376	0.0	0.563557274045	0.555340744321	0.508458192363	0.505558240696	0.568873852102	0.559690671822	0.594006766554	0.600289995167	0.757370710488	0.708554857419	0.609956500725	0.607539874335	0.610923151281	0.65055582407	0.637022716288	0.687288545191	0.663122281295	0.607056549058	0.62493958434	0.610439826003	0.755920734654	0.682455292412	0.745770903818	0.713871435476	0.699855002417	0.727404543258	0.65732237796	0.633639439343	0.647172547124	0.637506041566	0.652489125181	0.714838086032	0.654422426293	0.710488158531	0.608506524891	0.698405026583
AF7	0.57177380377	0.549540840986	0.940067665539	0.643305944901	0.655389076849	0.487191880135	0.695988400193	0.471242145964	0.438859352344	0.59497341711	0.432576123731	0.60657322378	0.548090865152	0.862252295795	0.625422909618	0.558724021266	0.448042532624	0.431609473175	0.890285161914	0.725471242146	0.517641372644	0.404543257612	0.409859835669	0.379893668439	0.867085548574	0.563557274045	0.0	0.322861285645	0.462542290962	0.526824552924	0.480908651522	0.46060898985	0.426776220396	0.484775253746	0.701788303528	0.652005799903	0.460125664572	0.546157564041	0.500241662639	0.60657322378	0.549057515708	0.69453842436	0.64813919768	0.551474142098	0.519574673755	0.502174963751	0.686321894635	0.61333977767	0.684388593523	0.678105364911	0.623489608507	0.656355727405	0.567423876269	0.544224262929	0.565973900435	0.559207346544	0.559690671822	0.646205896568	0.557274045433	0.656355727405	0.490091831803	0.638472692122
AF8	0.569840502658	0.553890768487	0.930401159981	0.642339294345	0.675688738521	0.507974867086	0.698888351861	0.485741904302	0.463508941518	0.597390043499	0.508458192363	0.628322861286	0.565007249879	0.858385693572	0.630739487675	0.56259062349	0.48380860319	0.473175447076	0.8796520058	0.707588206863	0.495891735138	0.383760270662	0.469308844853	0.438859352344	0.86563557274	0.555340744321	0.322861285645	0.0	0.45142580957	0.510874818753	0.528274528758	0.470275495408	0.454325761237	0.502658289029	0.716771387144	0.667955534074	0.501208313195	0.554374093765	0.518124697922	0.616239729338	0.567907201547	0.682455292412	0.632672788787	0.559207346544	0.538424359594	0.522957950701	0.709038182697	0.632189463509	0.700821652972	0.696471725471	0.639922667956	0.672305461576	0.573707104882	0.55775737071	0.579507008217	0.574673755437	0.561623972934	0.663605606573	0.559690671822	0.674238762687	0.502658289029	0.660222329628
AG7	0.580473658772	0.591590140164	0.849202513291	0.573707104882	0.666022232963	0.53020782987	0.703238279362	0.515708071532	0.48380860319	0.594006766554	0.534557757371	0.625906234896	0.595940067666	0.769937167714	0.65732237796	0.591106814886	0.528274528758	0.511841469309	0.743837602707	0.560657322378	0.464475592073	0.450942484292	0.510874818753	0.482841952634	0.767037216046	0.508458192363	0.462542290962	0.45142580957	0.0	0.323827936201	0.531174480425	0.501208313195	0.506524891252	0.549057515708	0.747220879652	0.684388593523	0.524407926535	0.569840502658	0.555340744321	0.636056065732	0.597390043499	0.673755437409	0.632189463509	0.567423876269	0.576123731271	0.572740454326	0.742387626873	0.661672305462	0.721604639923	0.708554857419	0.664088931851	0.707588206863	0.620106331561	0.608989850169	0.620106331561	0.618656355727	0.626872885452	0.695988400193	0.624456259062	0.688255195747	0.571290478492	0.680038666022
AG8	0.590623489609	0.594490091832	0.840985983567	0.581440309328	0.687771870469	0.563073948768	0.69212179797	0.55099081682	0.546157564041	0.606089898502	0.593523441276	0.649589173514	0.602223296278	0.760270662156	0.662638956017	0.586756887385	0.584823586274	0.577090381827	0.700821652972	0.53020782987	0.489608506525	0.483325277912	0.558724021266	0.536007733204	0.765103914935	0.505558240696	0.526824552924	0.510874818753	0.323827936201	0.0	0.574190430159	0.561140647656	0.568390526825	0.585306911551	0.768003866602	0.706621556307	0.585306911551	0.59255679072	0.598840019333	0.664572257129	0.601256645723	0.675205413243	0.647172547124	0.600773320445	0.607056549058	0.597873368777	0.758337361044	0.675205413243	0.742870952151	0.727887868536	0.686321894635	0.720154664089	0.6389560174	0.619139681005	0.626389560174	0.629289511841	0.641855969067	0.712421459642	0.641855969067	0.70372160464	0.596423392943	0.69212179797
AH7	0.598356694055	0.621072982117	0.952634122765	0.695988400193	0.700821652972	0.576607056549	0.728371193813	0.564040599323	0.540357660706	0.654422426293	0.535524407927	0.666988883519	0.62493958434	0.881101981634	0.689221846303	0.602706621556	0.521507974867	0.470275495408	0.883518608023	0.735137747704	0.56259062349	0.525857902368	0.504108264862	0.496375060416	0.839052682455	0.568873852102	0.480908651522	0.528274528758	0.531174480425	0.574190430159	0.0	0.334944417593	0.557274045433	0.602223296278	0.78008699855	0.744804253262	0.554857419043	0.656839052682	0.612373127115	0.673755437409	0.644755920735	0.761720637989	0.730787820203	0.647655872402	0.623006283229	0.612373127115	0.766553890768	0.704688255196	0.763170613823	0.738037699372	0.701788303528	0.734171097148	0.632189463509	0.62735621073	0.629289511841	0.631222812953	0.640405993233	0.723537941034	0.628806186564	0.730787820203	0.602706621556	0.722087965201
AH8	0.567423876269	0.57177380377	0.957950700822	0.666505558241	0.664572257129	0.526824552924	0.703238279362	0.516674722088	0.488158530691	0.605606573224	0.512324794587	0.62493958434	0.5601739971	0.878202029966	0.637506041566	0.559690671822	0.425809569841	0.379893668439	0.903334944418	0.742387626873	0.547607539874	0.477525374577	0.465925567907	0.467375543741	0.854035766071	0.559690671822	0.46060898985	0.470275495408	0.501208313195	0.561140647656	0.334944417593	0.0	0.491541807637	0.537941034316	0.751570807153	0.702271628806	0.512808119865	0.607539874335	0.550024166264	0.625906234896	0.590623489609	0.727887868536	0.688255195747	0.599323344611	0.568873852102	0.553890768487	0.720637989367	0.65055582407	0.718221362977	0.690671822136	0.65055582407	0.684871918801	0.582890285162	0.573223779604	0.590623489609	0.589173513775	0.577573707105	0.673755437409	0.569840502658	0.68293861769	0.541324311261	0.669405509908
AA5	0.593040115998	0.509908168197	0.960367327211	0.649589173514	0.605606573224	0.440792653456	0.645239246013	0.417593040116	0.401159980667	0.542774287095	0.439342677622	0.55775737071	0.520541324311	0.881585306912	0.553890768487	0.548090865152	0.43064282262	0.412759787337	0.925567907202	0.763653939101	0.555340744321	0.500241662639	0.482358627356	0.463508941518	0.897051715805	0.594006766554	0.426776220396	0.454325761237	0.506524891252	0.568390526825	0.557274045433	0.491541807637	0.0	0.34267762204	0.679072015466	0.609473175447	0.445625906235	0.471725471242	0.46060898985	0.563557274045	0.478492025133	0.632189463509	0.588206863219	0.4813919768	0.502658289029	0.465442242629	0.695505074915	0.619139681005	0.664572257129	0.658289028516	0.635572740454	0.675205413243	0.533107781537	0.549057515708	0.568873852102	0.544224262929	0.547607539874	0.653455775737	0.559690671822	0.638472692122	0.49299178347	0.637506041566
AA6	0.594490091832	0.515224746254	0.963750604157	0.656355727405	0.617206379894	0.451909134848	0.657805703238	0.435476075399	0.448525857902	0.558240695988	0.48622522958	0.574190430159	0.520057999033	0.883518608023	0.570807153214	0.549540840986	0.476558724021	0.462058965684	0.939584340261	0.77767037216	0.588206863219	0.524891251812	0.52779120348	0.515708071532	0.910584823586	0.600289995167	0.484775253746	0.502658289029	0.549057515708	0.585306911551	0.602223296278	0.537941034316	0.34267762204	0.0	0.67133881102	0.600773320445	0.499275012083	0.502658289029	0.478008699855	0.579507008217	0.499275012083	0.665055582407	0.616239729338	0.517641372644	0.435476075399	0.406959884002	0.685355244079	0.614789753504	0.656355727405	0.655389076849	0.620589656839	0.658289028516	0.532624456259	0.538424359594	0.554857419043	0.538907684872	0.544224262929	0.639439342678	0.562107298212	0.634606089899	0.49540840986	0.622039632673
AB5	0.736587723538	0.679072015466	0.972450459159	0.73610439826	0.62493958434	0.639439342678	0.749154180764	0.65055582407	0.664088931851	0.693088448526	0.68293861769	0.611406476559	0.670372160464	0.901884968584	0.709038182697	0.704688255196	0.70372160464	0.70130497825	0.941517641373	0.809569840503	0.806669888835	0.741420976317	0.75688738521	0.735137747704	0.926051232479	0.757370710488	0.701788303528	0.716771387144	0.747220879652	0.768003866602	0.78008699855	0.751570807153	0.679072015466	0.67133881102	0.0	0.309811503142	0.631222812953	0.661672305462	0.627839536008	0.621556307395	0.609473175447	0.753504108265	0.717738037699	0.648622522958	0.619623006283	0.61333977767	0.614306428226	0.601256645723	0.623972933784	0.608506524891	0.620106331561	0.61333977767	0.592073465442	0.597390043499	0.596906718221	0.608023199613	0.669888835186	0.589173513775	0.656355727405	0.613823102948	0.663122281295	0.616723054616
AB6	0.682455292412	0.619139681005	0.96520057999	0.681005316578	0.589656839053	0.581440309328	0.688255195747	0.581440309328	0.595940067666	0.628322861286	0.63653939101	0.55099081682	0.626389560174	0.88883518608	0.642339294345	0.641372643789	0.660705654906	0.655389076849	0.93523441276	0.774770420493	0.757370710488	0.696471725471	0.700821652972	0.678105364911	0.918318028033	0.708554857419	0.652005799903	0.667955534074	0.684388593523	0.706621556307	0.744804253262	0.702271628806	0.609473175447	0.600773320445	0.309811503142	0.0	0.577573707105	0.584823586274	0.571290478492	0.569840502658	0.547607539874	0.683421942968	0.644272595457	0.555340744321	0.554374093765	0.538907684872	0.580473658772	0.532141130981	0.573223779604	0.546157564041	0.561140647656	0.568390526825	0.535524407927	0.558240695988	0.56259062349	0.564040599323	0.61333977767	0.547124214596	0.605606573224	0.546157564041	0.62735621073	0.546640889319
AC5	0.589656839053	0.561623972934	0.973417109715	0.654905751571	0.624456259062	0.456259062349	0.686805219913	0.450942484292	0.414209763171	0.575157080715	0.419526341228	0.57177380377	0.542290961817	0.890768487192	0.620589656839	0.593523441276	0.470275495408	0.453359110681	0.949734171097	0.77767037216	0.604639922668	0.551957467376	0.513291445143	0.484775253746	0.921701304978	0.609956500725	0.460125664572	0.501208313195	0.524407926535	0.585306911551	0.554857419043	0.512808119865	0.445625906235	0.499275012083	0.631222812953	0.577573707105	0.0	0.457225712905	0.436442725955	0.586756887385	0.514741420976	0.709521507975	0.650072498792	0.541324311261	0.46979217013	0.464475592073	0.624456259062	0.565973900435	0.629289511841	0.597390043499	0.575640405993	0.604639922668	0.518124697922	0.489608506525	0.511358144031	0.50459159014	0.575157080715	0.598356694055	0.571290478492	0.584340260996	0.510391493475	0.574673755437
AC6	0.60415659739	0.508458192363	0.953117448043	0.642339294345	0.566940550991	0.499275012083	0.538424359594	0.479458675689	0.516674722088	0.44900918318	0.560657322378	0.52537457709	0.531174480425	0.87046882552	0.537457709038	0.566457225713	0.562107298212	0.564523924601	0.913968100532	0.740454325761	0.65055582407	0.587240212663	0.608023199613	0.578540357661	0.896085065249	0.607539874335	0.546157564041	0.554374093765	0.569840502658	0.59255679072	0.656839052682	0.607539874335	0.471725471242	0.502658289029	0.661672305462	0.584823586274	0.457225712905	0.0	0.528757854036	0.501208313195	0.489125181247	0.477042049299	0.41662638956	0.406959884002	0.557274045433	0.546157564041	0.674238762687	0.609956500725	0.65973900435	0.637989366844	0.631222812953	0.663122281295	0.565490575157	0.554374093765	0.575157080715	0.558240695988	0.550507491542	0.649105848236	0.5601739971	0.615273078782	0.542774287095	0.623006283229
AD6	0.606089898502	0.552924117931	0.972933784437	0.645239246013	0.587240212663	0.43064282262	0.644755920735	0.434026099565	0.425809569841	0.544224262929	0.459642339294	0.528274528758	0.524407926535	0.890768487192	0.598840019333	0.583856935718	0.489125181247	0.476558724021	0.950700821653	0.780570323828	0.611406476559	0.542290961817	0.551474142098	0.524891251812	0.921701304978	0.610923151281	0.500241662639	0.518124697922	0.555340744321	0.598840019333	0.612373127115	0.550024166264	0.46060898985	0.478008699855	0.627839536008	0.571290478492	0.436442725955	0.528757854036	0.0	0.56259062349	0.439342677622	0.696471725471	0.650072498792	0.53020782987	0.466408893185	0.450459159014	0.599806669889	0.535041082649	0.593523441276	0.566940550991	0.553407443209	0.581440309328	0.479942000967	0.475108748188	0.49299178347	0.473658772354	0.562107298212	0.569840502658	0.554374093765	0.577573707105	0.478492025133	0.545674238763
AE5	0.618173030449	0.531174480425	0.971967133881	0.64572257129	0.536491058482	0.53697438376	0.583856935718	0.541807636539	0.588690188497	0.515708071532	0.620106331561	0.497341710971	0.571290478492	0.883035282745	0.556307394877	0.573223779604	0.602706621556	0.600773320445	0.921701304978	0.757370710488	0.727404543258	0.653455775737	0.665538907685	0.635572740454	0.878685355244	0.65055582407	0.60657322378	0.616239729338	0.636056065732	0.664572257129	0.673755437409	0.625906234896	0.563557274045	0.579507008217	0.621556307395	0.569840502658	0.586756887385	0.501208313195	0.56259062349	0.0	0.35427742871	0.602706621556	0.559207346544	0.503624939584	0.623006283229	0.610923151281	0.643305944901	0.59255679072	0.623489608507	0.621072982117	0.614789753504	0.634122764621	0.527307878202	0.559207346544	0.586756887385	0.558240695988	0.558724021266	0.615273078782	0.553890768487	0.605123247946	0.576607056549	0.60657322378
AE6	0.596906718221	0.489608506525	0.971967133881	0.623006283229	0.562107298212	0.46302561624	0.579507008217	0.453359110681	0.503141614306	0.500724987917	0.536007733204	0.513291445143	0.500241662639	0.886418559691	0.544224262929	0.541324311261	0.53939101015	0.529724504592	0.946350894152	0.773803769937	0.673755437409	0.600773320445	0.609473175447	0.575640405993	0.904301594973	0.637022716288	0.549057515708	0.567907201547	0.597390043499	0.601256645723	0.644755920735	0.590623489609	0.478492025133	0.499275012083	0.609473175447	0.547607539874	0.514741420976	0.489125181247	0.439342677622	0.35427742871	0.0	0.649589173514	0.593523441276	0.465442242629	0.543740937651	0.534557757371	0.626872885452	0.56935717738	0.612856452392	0.597873368777	0.582890285162	0.616239729338	0.489608506525	0.489125181247	0.517158047366	0.492508458192	0.521024649589	0.594490091832	0.52779120348	0.58337361044	0.505074915418	0.586273562107
AF5	0.70372160464	0.637506041566	0.933301111648	0.684388593523	0.667955534074	0.674238762687	0.5601739971	0.649589173514	0.681005316578	0.576123731271	0.723054615756	0.637022716288	0.673755437409	0.855485741904	0.603189946834	0.674722087965	0.723054615756	0.727887868536	0.882068632189	0.729337844369	0.714838086032	0.679072015466	0.724021266312	0.715804736588	0.884968583857	0.687288545191	0.69453842436	0.682455292412	0.673755437409	0.675205413243	0.761720637989	0.727887868536	0.632189463509	0.665055582407	0.753504108265	0.683421942968	0.709521507975	0.477042049299	0.696471725471	0.602706621556	0.649589173514	0.0	0.289511841469	0.549540840986	0.724021266312	0.71290478492	0.770420492992	0.713388110198	0.752537457709	0.725954567424	0.729821169647	0.758820686322	0.695505074915	0.716771387144	0.727887868536	0.710004833253	0.674238762687	0.750120831319	0.679555340744	0.710488158531	0.71532141131	0.726437892702
AF6	0.671822136298	0.585790236829	0.939101014983	0.651522474625	0.626389560174	0.624456259062	0.538907684872	0.598840019333	0.635572740454	0.531174480425	0.680038666022	0.59255679072	0.623489608507	0.855969067182	0.564523924601	0.633639439343	0.66892218463	0.677622039633	0.880618656356	0.726437892702	0.694055099082	0.64572257129	0.693571773804	0.669405509908	0.881585306912	0.663122281295	0.64813919768	0.632672788787	0.632189463509	0.647172547124	0.730787820203	0.688255195747	0.588206863219	0.616239729338	0.717738037699	0.644272595457	0.650072498792	0.41662638956	0.650072498792	0.559207346544	0.593523441276	0.289511841469	0.0	0.498791686805	0.677622039633	0.667472208797	0.736587723538	0.676655389077	0.722087965201	0.696471725471	0.695988400193	0.729821169647	0.644755920735	0.668438859352	0.679555340744	0.660705654906	0.621556307395	0.711938134364	0.631706138231	0.674238762687	0.66892218463	0.695021749638
