	AA3	AA4	AB3	AB4	AC3	AC4	AD3	AD4	AE3	AE4	AF3	AF4	AG3	AG4	AH3	AH4	AA7	AA8	AB7	AB8	AC7	AC8	AD7	AD8	AE7	AE8	AF7	AF8	AG7	AG8	AH7	AH8	AA5	AA6	AB5	AB6	AC5	AC6	AD6	AE5	AE6	AF5	AF6	AG5	AH5	AH6	AA1	AA2	AB1	AB2	AC1	AC2	AD1	AD2	AE1	AE2	AF1	AF2	AG1	AG2	AH1	AH2
AA3	0.0	0.490091831803	0.936201063316	0.643305944901	0.661188980184	0.597390043499	0.669888835186	0.572740454326	0.567907201547	0.632672788787	0.61575640406	0.614306428226	0.590623489609	0.854519091348	0.651522474625	0.333011116481	0.553407443209	0.550507491542	0.869985500242	0.712421459642	0.605123247946	0.565490575157	0.589656839053	0.578540357661	0.831319478009	0.575157080715	0.553890768487	0.544707588207	0.585306911551	0.589656839053	0.582890285162	0.543257612373	0.584823586274	0.57177380377	0.760270662156	0.690188496858	0.610439826003	0.618656355727	0.589656839053	0.645239246013	0.597873368777	0.708554857419	0.698405026583	0.618656355727	0.631706138231	0.608023199613	0.693088448526	0.665538907685	0.72692121798	0.682455292412	0.663122281295	0.676655389077	0.576607056549	0.587240212663	0.569840502658	0.558724021266	0.585306911551	0.678105364911	0.605606573224	0.673755437409	0.56935717738	0.670855485742
AA4	0.490091831803	0.0	0.943934267762	0.564523924601	0.567907201547	0.490575157081	0.588206863219	0.474142097632	0.49299178347	0.510874818753	0.55099081682	0.514741420976	0.479942000967	0.854035766071	0.37506041566	0.362010633156	0.522957950701	0.521991300145	0.888351860802	0.721604639923	0.641372643789	0.560657322378	0.564040599323	0.56935717738	0.869502174964	0.601256645723	0.53697438376	0.537941034316	0.597390043499	0.60415659739	0.617206379894	0.571290478492	0.508941517641	0.517641372644	0.666988883519	0.592073465442	0.565490575157	0.507491541808	0.5186080232	0.53020782987	0.489608506525	0.634606089899	0.59255679072	0.506524891252	0.589656839053	0.570807153214	0.644755920735	0.58095698405	0.634606089899	0.602223296278	0.589656839053	0.625422909618	0.511841469309	0.509424842919	0.51377477042	0.510874818753	0.483325277912	0.625422909618	0.514741420976	0.603673272112	0.510391493475	0.59255679072
AB3	0.936201063316	0.943934267762	0.0	0.682455292412	0.9212179797	0.95360077332	0.954567423876	0.943934267762	0.929917834703	0.948767520541	0.969067182214	0.925567907202	0.963267278879	0.339777670372	0.956500724988	0.93523441276	0.969550507492	0.969067182214	0.734171097148	0.764620589657	0.883035282745	0.911068148864	0.956984050266	0.94683421943	0.850169163847	0.895118414693	0.938134364427	0.934267762204	0.835186080232	0.832769453842	0.950700821653	0.951184146931	0.95601739971	0.959884001933	0.971000483325	0.96761720638	0.971483808603	0.95360077332	0.971000483325	0.971967133881	0.971483808603	0.927501208313	0.93281778637	0.951184146931	0.972450459159	0.970033832769	0.971000483325	0.969067182214	0.968583856936	0.969067182214	0.969550507492	0.969067182214	0.971967133881	0.971483808603	0.971967133881	0.970517158047	0.969067182214	0.969067182214	0.969550507492	0.971483808603	0.971483808603	0.969550507492
AB4	0.643305944901	0.564523924601	0.682455292412	0.0	0.630739487675	0.609956500725	0.672305461576	0.609473175447	0.600773320445	0.619623006283	0.647172547124	0.59255679072	0.479942000967	0.56259062349	0.601739971	0.585306911551	0.630256162397	0.623006283229	0.725471242146	0.578057032383	0.642339294345	0.613823102948	0.653455775737	0.643789270179	0.789753504108	0.624456259062	0.640889318511	0.626389560174	0.55775737071	0.576123731271	0.683421942968	0.64572257129	0.634606089899	0.643305944901	0.727404543258	0.674238762687	0.651522474625	0.625422909618	0.624456259062	0.625422909618	0.620106331561	0.661188980184	0.634606089899	0.617689705172	0.68293861769	0.679072015466	0.703238279362	0.665055582407	0.697921701305	0.668438859352	0.664088931851	0.678105364911	0.626872885452	0.628322861286	0.651039149348	0.642339294345	0.637022716288	0.685838569357	0.631222812953	0.665538907685	0.646689221846	0.669405509908
AC3	0.661188980184	0.567907201547	0.9212179797	0.630739487675	0.0	0.485741904302	0.626389560174	0.546640889319	0.5601739971	0.576123731271	0.614306428226	0.312228129531	0.596423392943	0.838086031899	0.602706621556	0.609956500725	0.612856452392	0.602223296278	0.878685355244	0.750120831319	0.72692121798	0.674238762687	0.713388110198	0.713871435476	0.834219429676	0.684871918801	0.661672305462	0.676172063799	0.686321894635	0.683421942968	0.706621556307	0.664088931851	0.60657322378	0.630256162397	0.627839536008	0.589173513775	0.625906234896	0.56259062349	0.584340260996	0.551957467376	0.561623972934	0.660705654906	0.631706138231	0.565007249879	0.648622522958	0.64813919768	0.593523441276	0.603673272112	0.589173513775	0.584340260996	0.599323344611	0.589173513775	0.541324311261	0.566940550991	0.573707104882	0.557274045433	0.61575640406	0.586273562107	0.610439826003	0.59255679072	0.617689705172	0.581923634606
AC4	0.597390043499	0.490575157081	0.95360077332	0.609956500725	0.485741904302	0.0	0.609956500725	0.404059932334	0.429676172064	0.487191880135	0.358627356211	0.404543257612	0.519574673755	0.863218946351	0.554374093765	0.534074432093	0.474142097632	0.465925567907	0.927501208313	0.754470758821	0.588206863219	0.527307878202	0.534557757371	0.52537457709	0.894151764137	0.57177380377	0.501691638473	0.513291445143	0.55099081682	0.569840502658	0.569840502658	0.524891251812	0.454809086515	0.46979217013	0.639439342678	0.564040599323	0.465925567907	0.484291928468	0.431609473175	0.542774287095	0.475592073465	0.679072015466	0.642339294345	0.50459159014	0.523441275979	0.490091831803	0.647655872402	0.580473658772	0.607056549058	0.583856935718	0.576607056549	0.611406476559	0.493958434026	0.499275012083	0.514741420976	0.496375060416	0.539874335428	0.620589656839	0.554857419043	0.58337361044	0.485741904302	0.584340260996
AD3	0.669888835186	0.588206863219	0.954567423876	0.672305461576	0.626389560174	0.609956500725	0.0	0.529724504592	0.641372643789	0.3610439826	0.672788786854	0.588206863219	0.639922667956	0.869502174964	0.571290478492	0.633156114065	0.6805219913	0.677138714355	0.942000966651	0.769453842436	0.702754954084	0.684871918801	0.690671822136	0.686805219913	0.916384726921	0.678105364911	0.68970517158	0.688255195747	0.687771870469	0.680038666022	0.711454809087	0.678588690188	0.631706138231	0.64572257129	0.731754470759	0.662638956017	0.671822136298	0.531657805703	0.62735621073	0.568390526825	0.582406959884	0.562107298212	0.549057515708	0.549540840986	0.692605123248	0.690188496858	0.763170613823	0.706621556307	0.730787820203	0.718221362977	0.697438376027	0.730304494925	0.651522474625	0.655872402127	0.661188980184	0.654422426293	0.630256162397	0.725954567424	0.643305944901	0.709521507975	0.686321894635	0.719671338811
AD4	0.572740454326	0.474142097632	0.943934267762	0.609473175447	0.546640889319	0.404059932334	0.529724504592	0.0	0.302078298695	0.39342677622	0.420009666506	0.485258579024	0.512324794587	0.854519091348	0.529241179314	0.522957950701	0.456742387627	0.447075882069	0.938617689705	0.762203963267	0.566940550991	0.487191880135	0.482358627356	0.497341710971	0.896568390527	0.564040599323	0.439342677622	0.458675688739	0.514741420976	0.552440792653	0.549540840986	0.491541807637	0.39342677622	0.440309328178	0.645239246013	0.573707104882	0.447075882069	0.46302561624	0.43064282262	0.551474142098	0.48380860319	0.646689221846	0.614306428226	0.477525374577	0.522957950701	0.46979217013	0.662638956017	0.600773320445	0.633156114065	0.619623006283	0.606089898502	0.638472692122	0.512324794587	0.525857902368	0.526341227646	0.512808119865	0.533107781537	0.635572740454	0.554857419043	0.613823102948	0.501691638473	0.608989850169
AE3	0.567907201547	0.49299178347	0.929917834703	0.600773320445	0.5601739971	0.429676172064	0.641372643789	0.302078298695	0.0	0.495891735138	0.392460125665	0.501691638473	0.515224746254	0.842435959401	0.559207346544	0.522474625423	0.444175930401	0.429192846786	0.92363460609	0.751570807153	0.546640889319	0.477042049299	0.459159014016	0.487191880135	0.887385210246	0.555824069599	0.420492991783	0.439342677622	0.491541807637	0.540357660706	0.533591106815	0.485741904302	0.390043499275	0.448042532624	0.666022232963	0.593523441276	0.439342677622	0.509424842919	0.443209279845	0.600289995167	0.523924601257	0.682455292412	0.649105848236	0.5186080232	0.526341227646	0.470275495408	0.674238762687	0.611889801837	0.64572257129	0.626872885452	0.612373127115	0.64572257129	0.520541324311	0.535524407927	0.534074432093	0.522957950701	0.553407443209	0.650072498792	0.575640405993	0.61575640406	0.505074915418	0.617689705172
AE4	0.632672788787	0.510874818753	0.948767520541	0.619623006283	0.576123731271	0.487191880135	0.3610439826	0.39342677622	0.495891735138	0.0	0.559207346544	0.51619139681	0.573223779604	0.860318994683	0.524891251812	0.573223779604	0.563557274045	0.563557274045	0.933301111648	0.753987433543	0.639439342678	0.581440309328	0.578057032383	0.582406959884	0.904301594973	0.600773320445	0.572740454326	0.567423876269	0.591106814886	0.587723537941	0.633156114065	0.585306911551	0.51377477042	0.534074432093	0.68293861769	0.610923151281	0.555824069599	0.445625906235	0.518124697922	0.517158047366	0.501691638473	0.594006766554	0.556790720155	0.497825036249	0.596906718221	0.582890285162	0.708071532141	0.64813919768	0.679072015466	0.666505558241	0.649105848236	0.672788786854	0.588206863219	0.579507008217	0.591590140164	0.578540357661	0.573223779604	0.678588690188	0.593523441276	0.658772353794	0.588206863219	0.658772353794
AF3	0.61575640406	0.55099081682	0.969067182214	0.647172547124	0.614306428226	0.358627356211	0.672788786854	0.420009666506	0.392460125665	0.559207346544	0.0	0.527307878202	0.549540840986	0.884968583857	0.596906718221	0.579023682939	0.453359110681	0.427259545674	0.956500724988	0.783953600773	0.579023682939	0.53697438376	0.435959400677	0.452875785404	0.919284678589	0.591106814886	0.431609473175	0.484775253746	0.545674238763	0.593040115998	0.522474625423	0.499758337361	0.434026099565	0.492508458192	0.67133881102	0.608506524891	0.404059932334	0.536491058482	0.434992750121	0.623972933784	0.541807636539	0.72692121798	0.687771870469	0.547607539874	0.516674722088	0.471725471242	0.664088931851	0.597873368777	0.652489125181	0.613823102948	0.596906718221	0.635572740454	0.532624456259	0.521507974867	0.524891251812	0.520541324311	0.575640405993	0.643305944901	0.584823586274	0.60415659739	0.503624939584	0.605606573224
AF4	0.614306428226	0.514741420976	0.925567907202	0.59255679072	0.312228129531	0.404543257612	0.588206863219	0.485258579024	0.501691638473	0.51619139681	0.527307878202	0.0	0.541807636539	0.836636056066	0.555340744321	0.55775737071	0.56259062349	0.555340744321	0.876752054132	0.714838086032	0.681005316578	0.617689705172	0.653455775737	0.643789270179	0.838086031899	0.619623006283	0.608506524891	0.625906234896	0.635572740454	0.631706138231	0.660222329628	0.615273078782	0.548090865152	0.570323827936	0.597390043499	0.519091348478	0.558724021266	0.510391493475	0.521024649589	0.507491541808	0.505558240696	0.622522957951	0.592073465442	0.515224746254	0.574673755437	0.576607056549	0.589656839053	0.541807636539	0.581923634606	0.546640889319	0.541324311261	0.564040599323	0.488158530691	0.508941517641	0.521024649589	0.514741420976	0.559690671822	0.559690671822	0.556307394877	0.540840985984	0.565490575157	0.537457709038
AG3	0.590623489609	0.479942000967	0.963267278879	0.479942000967	0.596423392943	0.519574673755	0.639922667956	0.512324794587	0.515224746254	0.573223779604	0.549540840986	0.541807636539	0.0	0.846302561624	0.524891251812	0.524891251812	0.519091348478	0.502174963751	0.931367810536	0.755437409377	0.667955534074	0.593040115998	0.583856935718	0.61575640406	0.877718704688	0.631706138231	0.558240695988	0.579507008217	0.629289511841	0.635089415176	0.63653939101	0.585790236829	0.531657805703	0.532624456259	0.663605606573	0.612373127115	0.563073948768	0.544224262929	0.519574673755	0.565007249879	0.519091348478	0.678588690188	0.641855969067	0.53939101015	0.593523441276	0.58095698405	0.636056065732	0.573223779604	0.631706138231	0.603189946834	0.588206863219	0.603189946834	0.511358144031	0.531174480425	0.541807636539	0.536007733204	0.535524407927	0.620106331561	0.543740937651	0.605123247946	0.512808119865	0.588206863219
AG4	0.854519091348	0.854035766071	0.339777670372	0.56259062349	0.838086031899	0.863218946351	0.869502174964	0.854519091348	0.842435959401	0.860318994683	0.884968583857	0.836636056066	0.846302561624	0.0	0.867568873852	0.846785886902	0.888351860802	0.887868535524	0.71290478492	0.694055099082	0.809086515225	0.83566940551	0.877718704688	0.871918801353	0.82165297245	0.819236346061	0.860318994683	0.857419043016	0.762687288545	0.755920734654	0.881101981634	0.868535524408	0.876268728855	0.87723537941	0.901401643306	0.892701788304	0.888351860802	0.86805219913	0.884485258579	0.879168680522	0.880135331078	0.845819236346	0.846785886902	0.87046882552	0.896568390527	0.894151764137	0.884968583857	0.888351860802	0.884485258579	0.882551957467	0.89125181247	0.884968583857	0.889318511358	0.884001933301	0.895118414693	0.892701788304	0.888351860802	0.88883518608	0.889318511358	0.889801836636	0.893185113581	0.889318511358
AH3	0.651522474625	0.37506041566	0.956500724988	0.601739971	0.602706621556	0.554374093765	0.571290478492	0.529241179314	0.559207346544	0.524891251812	0.596906718221	0.555340744321	0.524891251812	0.867568873852	0.0	0.519574673755	0.575640405993	0.58095698405	0.924601256646	0.762203963267	0.695505074915	0.620106331561	0.611889801837	0.63653939101	0.90043499275	0.680038666022	0.621556307395	0.616723054616	0.66892218463	0.664088931851	0.684871918801	0.640889318511	0.530691155147	0.575157080715	0.709521507975	0.634122764621	0.62493958434	0.536491058482	0.576123731271	0.548090865152	0.541324311261	0.613823102948	0.570323827936	0.542774287095	0.641372643789	0.629289511841	0.699855002417	0.623489608507	0.656355727405	0.644755920735	0.637989366844	0.666988883519	0.587240212663	0.589656839053	0.588206863219	0.596423392943	0.552440792653	0.669888835186	0.567423876269	0.643305944901	0.588206863219	0.640405993233
AH4	0.333011116481	0.362010633156	0.93523441276	0.585306911551	0.609956500725	0.534074432093	0.633156114065	0.522957950701	0.522474625423	0.573223779604	0.579023682939	0.55775737071	0.524891251812	0.846785886902	0.519574673755	0.0	0.533591106815	0.535524407927	0.874335427743	0.709521507975	0.619623006283	0.55099081682	0.574673755437	0.573223779604	0.851135814403	0.59255679072	0.550507491542	0.547124214596	0.588206863219	0.594490091832	0.598840019333	0.556790720155	0.541324311261	0.540840985984	0.706138231029	0.633639439343	0.587723537941	0.563557274045	0.538907684872	0.579990333494	0.541324311261	0.666988883519	0.643305944901	0.564040599323	0.610439826003	0.592073465442	0.675688738521	0.617689705172	0.672305461576	0.632189463509	0.622039632673	0.644755920735	0.545190913485	0.545190913485	0.546157564041	0.530691155147	0.514258095698	0.64572257129	0.546640889319	0.624456259062	0.539874335428	0.632189463509
AA7	0.553407443209	0.522957950701	0.969550507492	0.630256162397	0.612856452392	0.474142097632	0.6805219913	0.456742387627	0.444175930401	0.563557274045	0.453359110681	0.56259062349	0.519091348478	0.888351860802	0.575640405993	0.533591106815	0.0	0.278395360077	0.922184630256	0.763170613823	0.575157080715	0.494925084582	0.476075398743	0.499758337361	0.874818753021	0.572257129048	0.459159014016	0.467375543741	0.534074432093	0.583856935718	0.526341227646	0.413243112615	0.434509424843	0.492508458192	0.712421459642	0.648622522958	0.48380860319	0.557274045433	0.475592073465	0.608506524891	0.553890768487	0.721604639923	0.683905268246	0.575640405993	0.568873852102	0.516674722088	0.669888835186	0.619139681005	0.678105364911	0.643305944901	0.603189946834	0.634606089899	0.519574673755	0.53697438376	0.529724504592	0.509908168197	0.533591106815	0.630739487675	0.549057515708	0.639439342678	0.493475108748	0.618656355727
AA8	0.550507491542	0.521991300145	0.969067182214	0.623006283229	0.602223296278	0.465925567907	0.677138714355	0.447075882069	0.429192846786	0.563557274045	0.427259545674	0.555340744321	0.502174963751	0.887868535524	0.58095698405	0.535524407927	0.278395360077	0.0	0.922184630256	0.754954084099	0.575640405993	0.487191880135	0.457225712905	0.479942000967	0.862735621073	0.5601739971	0.435959400677	0.456259062349	0.526824552924	0.576123731271	0.474142097632	0.376510391493	0.422909618173	0.487675205413	0.703238279362	0.643789270179	0.455292411793	0.54857419043	0.461575640406	0.606089898502	0.537941034316	0.721604639923	0.681488641856	0.565973900435	0.559690671822	0.510391493475	0.652972450459	0.603673272112	0.668438859352	0.629289511841	0.59255679072	0.620589656839	0.501691638473	0.527307878202	0.517641372644	0.501208313195	0.533107781537	0.618656355727	0.542774287095	0.624456259062	0.491058482359	0.604639922668
AB7	0.869985500242	0.888351860802	0.734171097148	0.725471242146	0.878685355244	0.927501208313	0.942000966651	0.938617689705	0.92363460609	0.933301111648	0.956500724988	0.876752054132	0.931367810536	0.71290478492	0.924601256646	0.874335427743	0.922184630256	0.922184630256	0.0	0.418559690672	0.808119864669	0.851619139681	0.940550990817	0.913001449976	0.735137747704	0.833736104398	0.897051715805	0.882068632189	0.731271145481	0.708071532141	0.887385210246	0.904301594973	0.924601256646	0.935717738038	0.940067665539	0.936684388594	0.949250845819	0.917834702755	0.950217496375	0.933301111648	0.936201063316	0.873368777187	0.872885451909	0.916868052199	0.9584340261	0.954567423876	0.927984533591	0.927017883035	0.937167713871	0.935717738038	0.928467858869	0.924117931368	0.918801353311	0.918801353311	0.911551474142	0.91445142581	0.922667955534	0.9212179797	0.922184630256	0.932334461092	0.945384243596	0.927984533591
AB8	0.712421459642	0.721604639923	0.764620589657	0.578057032383	0.750120831319	0.754470758821	0.769453842436	0.762203963267	0.751570807153	0.753987433543	0.783953600773	0.714838086032	0.755437409377	0.694055099082	0.762203963267	0.709521507975	0.763170613823	0.754954084099	0.418559690672	0.0	0.647172547124	0.681488641856	0.758337361044	0.735137747704	0.731271145481	0.667472208797	0.718221362977	0.700338327695	0.535524407927	0.52779120348	0.727887868536	0.732237796037	0.7593040116	0.763653939101	0.801836636056	0.773320444659	0.774770420493	0.73852102465	0.769453842436	0.75688738521	0.754954084099	0.717254712421	0.710971483809	0.740937651039	0.792170130498	0.785886901885	0.799903334944	0.763170613823	0.806669888835	0.772837119381	0.766553890768	0.774287095215	0.754470758821	0.755920734654	0.753020782987	0.757854035766	0.750604156597	0.771870468826	0.754470758821	0.768003866602	0.772837119381	0.763170613823
AC7	0.605123247946	0.641372643789	0.883035282745	0.642339294345	0.72692121798	0.588206863219	0.702754954084	0.566940550991	0.546640889319	0.639439342678	0.579023682939	0.681005316578	0.667955534074	0.809086515225	0.695505074915	0.619623006283	0.575157080715	0.575640405993	0.808119864669	0.647172547124	0.0	0.359110681489	0.566940550991	0.567907201547	0.813436442726	0.561623972934	0.53697438376	0.506524891252	0.463508941518	0.49299178347	0.564523924601	0.542290961817	0.552924117931	0.581923634606	0.800386660222	0.73610439826	0.615273078782	0.62735621073	0.598356694055	0.714354760754	0.662638956017	0.705654905752	0.682455292412	0.638472692122	0.65055582407	0.596423392943	0.815369743838	0.749154180764	0.793136781054	0.778637022716	0.742387626873	0.776703721605	0.673755437409	0.674238762687	0.676172063799	0.660705654906	0.670855485742	0.788303528275	0.687288545191	0.760270662156	0.623006283229	0.763170613823
AC8	0.565490575157	0.560657322378	0.911068148864	0.613823102948	0.674238762687	0.527307878202	0.684871918801	0.487191880135	0.477042049299	0.581440309328	0.53697438376	0.617689705172	0.593040115998	0.83566940551	0.620106331561	0.55099081682	0.494925084582	0.487191880135	0.851619139681	0.681488641856	0.359110681489	0.0	0.492025132914	0.492508458192	0.845335911068	0.535041082649	0.411309811503	0.385210246496	0.449492508458	0.486708554857	0.531657805703	0.488641855969	0.480425326245	0.497341710971	0.737554374094	0.668438859352	0.551474142098	0.568873852102	0.527307878202	0.641372643789	0.591106814886	0.677622039633	0.642339294345	0.576607056549	0.590140164331	0.538424359594	0.74528757854	0.673755437409	0.725471242146	0.710004833253	0.673755437409	0.704204929918	0.599806669889	0.599323344611	0.601256645723	0.588206863219	0.585306911551	0.71290478492	0.618656355727	0.693571773804	0.545190913485	0.685355244079
AD7	0.589656839053	0.564040599323	0.956984050266	0.653455775737	0.713388110198	0.534557757371	0.690671822136	0.482358627356	0.459159014016	0.578057032383	0.435959400677	0.653455775737	0.583856935718	0.877718704688	0.611889801837	0.574673755437	0.476075398743	0.457225712905	0.940550990817	0.758337361044	0.566940550991	0.492025132914	0.0	0.314644755921	0.901884968584	0.502174963751	0.402126631223	0.441759304012	0.511358144031	0.570323827936	0.505558240696	0.479458675689	0.468825519575	0.51619139681	0.742387626873	0.672788786854	0.487191880135	0.58095698405	0.529724504592	0.644272595457	0.597390043499	0.72692121798	0.687288545191	0.589173513775	0.58095698405	0.535041082649	0.745770903818	0.671822136298	0.72692121798	0.706138231029	0.666988883519	0.697921701305	0.603673272112	0.605123247946	0.593040115998	0.594490091832	0.578057032383	0.710971483809	0.609956500725	0.691638472692	0.555340744321	0.68293861769
AD8	0.578540357661	0.56935717738	0.94683421943	0.643789270179	0.713871435476	0.52537457709	0.686805219913	0.497341710971	0.487191880135	0.582406959884	0.452875785404	0.643789270179	0.61575640406	0.871918801353	0.63653939101	0.573223779604	0.499758337361	0.479942000967	0.913001449976	0.735137747704	0.567907201547	0.492508458192	0.314644755921	0.0	0.858385693572	0.456259062349	0.408893185114	0.444175930401	0.485258579024	0.544707588207	0.491058482359	0.4813919768	0.502174963751	0.535041082649	0.746254229096	0.677138714355	0.49299178347	0.581440309328	0.533107781537	0.651522474625	0.600773320445	0.717738037699	0.688738521025	0.591590140164	0.592073465442	0.545190913485	0.749154180764	0.676655389077	0.739487675205	0.718704688255	0.668438859352	0.706138231029	0.611889801837	0.611406476559	0.59497341711	0.600773320445	0.60415659739	0.716771387144	0.623006283229	0.70130497825	0.565007249879	0.684871918801
AE7	0.831319478009	0.869502174964	0.850169163847	0.789753504108	0.834219429676	0.894151764137	0.916384726921	0.896568390527	0.887385210246	0.904301594973	0.919284678589	0.838086031899	0.877718704688	0.82165297245	0.90043499275	0.851135814403	0.874818753021	0.862735621073	0.735137747704	0.731271145481	0.813436442726	0.845335911068	0.901884968584	0.858385693572	0.0	0.576123731271	0.872402126631	0.860802319961	0.762687288545	0.759787336878	0.836636056066	0.837119381344	0.894635089415	0.903334944418	0.925084581924	0.919284678589	0.919284678589	0.895601739971	0.908651522475	0.882068632189	0.893185113581	0.875302078299	0.873368777187	0.886901884969	0.935717738038	0.929434509425	0.88883518608	0.909134847753	0.915418076365	0.898501691638	0.905268245529	0.896568390527	0.887385210246	0.898501691638	0.898985016916	0.884485258579	0.903818269696	0.887868535524	0.895118414693	0.902368293862	0.912518124698	0.897535041083
AE8	0.575157080715	0.601256645723	0.895118414693	0.624456259062	0.684871918801	0.57177380377	0.678105364911	0.564040599323	0.555824069599	0.600773320445	0.591106814886	0.619623006283	0.631706138231	0.819236346061	0.680038666022	0.59255679072	0.572257129048	0.5601739971	0.833736104398	0.667472208797	0.561623972934	0.535041082649	0.502174963751	0.456259062349	0.576123731271	0.0	0.552924117931	0.543257612373	0.503141614306	0.501691638473	0.558724021266	0.538424359594	0.573707104882	0.575640405993	0.763170613823	0.695988400193	0.597390043499	0.588206863219	0.585790236829	0.65055582407	0.621072982117	0.687288545191	0.675688738521	0.610439826003	0.637989366844	0.600773320445	0.760270662156	0.699855002417	0.759787336878	0.714354760754	0.69453842436	0.728854519091	0.632189463509	0.630256162397	0.643305944901	0.623972933784	0.644272595457	0.722571290478	0.659255679072	0.697921701305	0.598356694055	0.700338327695
AF7	0.553890768487	0.53697438376	0.938134364427	0.640889318511	0.661672305462	0.501691638473	0.68970517158	0.439342677622	0.420492991783	0.572740454326	0.431609473175	0.608506524891	0.558240695988	0.860318994683	0.621556307395	0.550507491542	0.459159014016	0.435959400677	0.897051715805	0.718221362977	0.53697438376	0.411309811503	0.402126631223	0.408893185114	0.872402126631	0.552924117931	0.0	0.314161430643	0.475592073465	0.540357660706	0.48380860319	0.476075398743	0.431126147898	0.475592073465	0.698405026583	0.632672788787	0.449492508458	0.53697438376	0.495891735138	0.619623006283	0.555824069599	0.698405026583	0.667472208797	0.545674238763	0.55775737071	0.508458192363	0.686805219913	0.632672788787	0.691638472692	0.672788786854	0.627839536008	0.650072498792	0.56259062349	0.558240695988	0.556790720155	0.552924117931	0.561623972934	0.663122281295	0.577573707105	0.651039149348	0.497341710971	0.640889318511
AF8	0.544707588207	0.537941034316	0.934267762204	0.626389560174	0.676172063799	0.513291445143	0.688255195747	0.458675688739	0.439342677622	0.567423876269	0.484775253746	0.625906234896	0.579507008217	0.857419043016	0.616723054616	0.547124214596	0.467375543741	0.456259062349	0.882068632189	0.700338327695	0.506524891252	0.385210246496	0.441759304012	0.444175930401	0.860802319961	0.543257612373	0.314161430643	0.0	0.454325761237	0.509424842919	0.507974867086	0.467858869019	0.444175930401	0.496375060416	0.719188013533	0.653939101015	0.488158530691	0.543257612373	0.507974867086	0.616239729338	0.561140647656	0.685355244079	0.651522474625	0.546640889319	0.575640405993	0.531174480425	0.695021749638	0.634122764621	0.695988400193	0.678588690188	0.634606089899	0.657805703238	0.568873852102	0.564523924601	0.560657322378	0.558240695988	0.551957467376	0.666022232963	0.576123731271	0.658289028516	0.506041565974	0.643789270179
AG7	0.585306911551	0.597390043499	0.835186080232	0.55775737071	0.686321894635	0.55099081682	0.687771870469	0.514741420976	0.491541807637	0.591106814886	0.545674238763	0.635572740454	0.629289511841	0.762687288545	0.66892218463	0.588206863219	0.534074432093	0.526824552924	0.731271145481	0.535524407927	0.463508941518	0.449492508458	0.511358144031	0.485258579024	0.762687288545	0.503141614306	0.475592073465	0.454325761237	0.0	0.302561623973	0.52779120348	0.502174963751	0.511841469309	0.562107298212	0.760753987434	0.686321894635	0.545674238763	0.584823586274	0.55775737071	0.652005799903	0.60415659739	0.66892218463	0.642822619623	0.585306911551	0.61575640406	0.585306911551	0.760270662156	0.686805219913	0.741904301595	0.720637989367	0.680038666022	0.721604639923	0.622039632673	0.626389560174	0.627839536008	0.620589656839	0.629772837119	0.72450459159	0.655389076849	0.702271628806	0.597390043499	0.700338327695
AG8	0.589656839053	0.60415659739	0.832769453842	0.576123731271	0.683421942968	0.569840502658	0.680038666022	0.552440792653	0.540357660706	0.587723537941	0.593040115998	0.631706138231	0.635089415176	0.755920734654	0.664088931851	0.594490091832	0.583856935718	0.576123731271	0.708071532141	0.52779120348	0.49299178347	0.486708554857	0.570323827936	0.544707588207	0.759787336878	0.501691638473	0.540357660706	0.509424842919	0.302561623973	0.0	0.578057032383	0.556790720155	0.564040599323	0.580473658772	0.767520541324	0.688255195747	0.581923634606	0.567907201547	0.582890285162	0.662155630739	0.612856452392	0.661188980184	0.641855969067	0.581923634606	0.628322861286	0.607539874335	0.761720637989	0.690671822136	0.746254229096	0.718704688255	0.689221846303	0.720154664089	0.6389560174	0.631706138231	0.634606089899	0.632672788787	0.645239246013	0.732721121315	0.664088931851	0.698888351861	0.610439826003	0.698405026583
AH7	0.582890285162	0.617206379894	0.950700821653	0.683421942968	0.706621556307	0.569840502658	0.711454809087	0.549540840986	0.533591106815	0.633156114065	0.522474625423	0.660222329628	0.63653939101	0.881101981634	0.684871918801	0.598840019333	0.526341227646	0.474142097632	0.887385210246	0.727887868536	0.564523924601	0.531657805703	0.505558240696	0.491058482359	0.836636056066	0.558724021266	0.48380860319	0.507974867086	0.52779120348	0.578057032383	0.0	0.324311261479	0.5601739971	0.610923151281	0.778637022716	0.722571290478	0.541807636539	0.640889318511	0.594490091832	0.676655389077	0.639439342678	0.758820686322	0.743837602707	0.649105848236	0.653455775737	0.608023199613	0.765103914935	0.714354760754	0.765587240213	0.736587723538	0.701788303528	0.732237796037	0.630739487675	0.642339294345	0.627839536008	0.622522957951	0.631706138231	0.740454325761	0.641372643789	0.717254712421	0.609473175447	0.721121314645
AH8	0.543257612373	0.571290478492	0.951184146931	0.64572257129	0.664088931851	0.524891251812	0.678588690188	0.491541807637	0.485741904302	0.585306911551	0.499758337361	0.615273078782	0.585790236829	0.868535524408	0.640889318511	0.556790720155	0.413243112615	0.376510391493	0.904301594973	0.732237796037	0.542290961817	0.488641855969	0.479458675689	0.4813919768	0.837119381344	0.538424359594	0.476075398743	0.467858869019	0.502174963751	0.556790720155	0.324311261479	0.0	0.498791686805	0.541807636539	0.749154180764	0.691155147414	0.523441275979	0.585306911551	0.535041082649	0.630256162397	0.588690188497	0.723054615756	0.694055099082	0.601739971	0.606089898502	0.5601739971	0.711454809087	0.658289028516	0.729337844369	0.688738521025	0.652489125181	0.676172063799	0.572740454326	0.593523441276	0.576123731271	0.56259062349	0.579507008217	0.6805219913	0.595456742388	0.67133881102	0.552440792653	0.668438859352
AA5	0.584823586274	0.508941517641	0.95601739971	0.634606089899	0.60657322378	0.454809086515	0.631706138231	0.39342677622	0.390043499275	0.51377477042	0.434026099565	0.548090865152	0.531657805703	0.876268728855	0.530691155147	0.541324311261	0.434509424843	0.422909618173	0.924601256646	0.7593040116	0.552924117931	0.480425326245	0.468825519575	0.502174963751	0.894635089415	0.573707104882	0.431126147898	0.444175930401	0.511841469309	0.564040599323	0.5601739971	0.498791686805	0.0	0.345577573707	0.681005316578	0.586756887385	0.467375543741	0.452875785404	0.46060898985	0.56259062349	0.484291928468	0.632189463509	0.594490091832	0.466892218463	0.540840985984	0.470758820686	0.702754954084	0.635572740454	0.665538907685	0.652005799903	0.640889318511	0.673755437409	0.531657805703	0.556307394877	0.559207346544	0.536491058482	0.537457709038	0.672305461576	0.571290478492	0.635089415176	0.511841469309	0.637022716288
AA6	0.57177380377	0.517641372644	0.959884001933	0.643305944901	0.630256162397	0.46979217013	0.64572257129	0.440309328178	0.448042532624	0.534074432093	0.492508458192	0.570323827936	0.532624456259	0.87723537941	0.575157080715	0.540840985984	0.492508458192	0.487675205413	0.935717738038	0.763653939101	0.581923634606	0.497341710971	0.51619139681	0.535041082649	0.903334944418	0.575640405993	0.475592073465	0.496375060416	0.562107298212	0.580473658772	0.610923151281	0.541807636539	0.345577573707	0.0	0.677622039633	0.579023682939	0.504108264862	0.480425326245	0.467375543741	0.585790236829	0.498791686805	0.652972450459	0.616239729338	0.496375060416	0.481875302078	0.417593040116	0.694055099082	0.632672788787	0.667955534074	0.657805703238	0.634122764621	0.662155630739	0.533591106815	0.552440792653	0.555340744321	0.533107781537	0.53939101015	0.666988883519	0.568873852102	0.640889318511	0.511358144031	0.635089415176
AB5	0.760270662156	0.666988883519	0.971000483325	0.727404543258	0.627839536008	0.639439342678	0.731754470759	0.645239246013	0.666022232963	0.68293861769	0.67133881102	0.597390043499	0.663605606573	0.901401643306	0.709521507975	0.706138231029	0.712421459642	0.703238279362	0.940067665539	0.801836636056	0.800386660222	0.737554374094	0.742387626873	0.746254229096	0.925084581924	0.763170613823	0.698405026583	0.719188013533	0.760753987434	0.767520541324	0.778637022716	0.749154180764	0.681005316578	0.677622039633	0.0	0.312711454809	0.621072982117	0.652489125181	0.621072982117	0.625906234896	0.605606573224	0.746254229096	0.731754470759	0.644272595457	0.619139681005	0.622039632673	0.617206379894	0.614789753504	0.621072982117	0.602223296278	0.614789753504	0.61333977767	0.588206863219	0.601739971	0.611406476559	0.61333977767	0.664572257129	0.601739971	0.649105848236	0.612856452392	0.67133881102	0.603189946834
AB6	0.690188496858	0.592073465442	0.96761720638	0.674238762687	0.589173513775	0.564040599323	0.662638956017	0.573707104882	0.593523441276	0.610923151281	0.608506524891	0.519091348478	0.612373127115	0.892701788304	0.634122764621	0.633639439343	0.648622522958	0.643789270179	0.936684388594	0.773320444659	0.73610439826	0.668438859352	0.672788786854	0.677138714355	0.919284678589	0.695988400193	0.632672788787	0.653939101015	0.686321894635	0.688255195747	0.722571290478	0.691155147414	0.586756887385	0.579023682939	0.312711454809	0.0	0.566457225713	0.574190430159	0.556307394877	0.563557274045	0.543257612373	0.678105364911	0.64813919768	0.550024166264	0.557274045433	0.556790720155	0.609956500725	0.556790720155	0.598840019333	0.562107298212	0.558724021266	0.581440309328	0.523441275979	0.551474142098	0.5601739971	0.559690671822	0.588690188497	0.573223779604	0.585790236829	0.552924117931	0.618656355727	0.554857419043
AC5	0.610439826003	0.565490575157	0.971483808603	0.651522474625	0.625906234896	0.465925567907	0.671822136298	0.447075882069	0.439342677622	0.555824069599	0.404059932334	0.558724021266	0.563073948768	0.888351860802	0.62493958434	0.587723537941	0.48380860319	0.455292411793	0.949250845819	0.774770420493	0.615273078782	0.551474142098	0.487191880135	0.49299178347	0.919284678589	0.597390043499	0.449492508458	0.488158530691	0.545674238763	0.581923634606	0.541807636539	0.523441275979	0.467375543741	0.504108264862	0.621072982117	0.566457225713	0.0	0.431126147898	0.445625906235	0.589656839053	0.527307878202	0.714354760754	0.667472208797	0.53697438376	0.487675205413	0.456259062349	0.601739971	0.562107298212	0.618656355727	0.587240212663	0.559207346544	0.582890285162	0.494441759304	0.484291928468	0.496375060416	0.495891735138	0.579507008217	0.594490091832	0.585790236829	0.558724021266	0.526341227646	0.567423876269
AC6	0.618656355727	0.507491541808	0.95360077332	0.625422909618	0.56259062349	0.484291928468	0.531657805703	0.46302561624	0.509424842919	0.445625906235	0.536491058482	0.510391493475	0.544224262929	0.86805219913	0.536491058482	0.563557274045	0.557274045433	0.54857419043	0.917834702755	0.73852102465	0.62735621073	0.568873852102	0.58095698405	0.581440309328	0.895601739971	0.588206863219	0.53697438376	0.543257612373	0.584823586274	0.567907201547	0.640889318511	0.585306911551	0.452875785404	0.480425326245	0.652489125181	0.574190430159	0.431126147898	0.0	0.508941517641	0.522474625423	0.480425326245	0.499275012083	0.454325761237	0.411309811503	0.555824069599	0.536007733204	0.673272112131	0.622522957951	0.654422426293	0.632189463509	0.623972933784	0.64813919768	0.556307394877	0.55099081682	0.564040599323	0.546157564041	0.555340744321	0.652972450459	0.567907201547	0.608989850169	0.544707588207	0.628806186564
AD6	0.589656839053	0.5186080232	0.971000483325	0.624456259062	0.584340260996	0.431609473175	0.62735621073	0.43064282262	0.443209279845	0.518124697922	0.434992750121	0.521024649589	0.519574673755	0.884485258579	0.576123731271	0.538907684872	0.475592073465	0.461575640406	0.950217496375	0.769453842436	0.598356694055	0.527307878202	0.529724504592	0.533107781537	0.908651522475	0.585790236829	0.495891735138	0.507974867086	0.55775737071	0.582890285162	0.594490091832	0.535041082649	0.46060898985	0.467375543741	0.621072982117	0.556307394877	0.445625906235	0.508941517641	0.0	0.54857419043	0.425326244563	0.698405026583	0.658772353794	0.52779120348	0.487191880135	0.446109231513	0.608023199613	0.544224262929	0.593523441276	0.562107298212	0.556307394877	0.580473658772	0.466408893185	0.469308844853	0.468825519575	0.469308844853	0.542774287095	0.58337361044	0.540357660706	0.563073948768	0.475592073465	0.559207346544
AE5	0.645239246013	0.53020782987	0.971967133881	0.625422909618	0.551957467376	0.542774287095	0.568390526825	0.551474142098	0.600289995167	0.517158047366	0.623972933784	0.507491541808	0.565007249879	0.879168680522	0.548090865152	0.579990333494	0.608506524891	0.606089898502	0.933301111648	0.75688738521	0.714354760754	0.641372643789	0.644272595457	0.651522474625	0.882068632189	0.65055582407	0.619623006283	0.616239729338	0.652005799903	0.662155630739	0.676655389077	0.630256162397	0.56259062349	0.585790236829	0.625906234896	0.563557274045	0.589656839053	0.522474625423	0.54857419043	0.0	0.355727404543	0.599323344611	0.567907201547	0.502174963751	0.624456259062	0.629289511841	0.654422426293	0.607056549058	0.631706138231	0.615273078782	0.614306428226	0.639922667956	0.544707588207	0.553890768487	0.588690188497	0.561623972934	0.559207346544	0.641855969067	0.565973900435	0.603673272112	0.582406959884	0.620589656839
AE6	0.597873368777	0.489608506525	0.971483808603	0.620106331561	0.561623972934	0.475592073465	0.582406959884	0.48380860319	0.523924601257	0.501691638473	0.541807636539	0.505558240696	0.519091348478	0.880135331078	0.541324311261	0.541324311261	0.553890768487	0.537941034316	0.936201063316	0.754954084099	0.662638956017	0.591106814886	0.597390043499	0.600773320445	0.893185113581	0.621072982117	0.555824069599	0.561140647656	0.60415659739	0.612856452392	0.639439342678	0.588690188497	0.484291928468	0.498791686805	0.605606573224	0.543257612373	0.527307878202	0.480425326245	0.425326244563	0.355727404543	0.0	0.642822619623	0.603189946834	0.46979217013	0.543740937651	0.546157564041	0.637506041566	0.582890285162	0.610439826003	0.594006766554	0.594006766554	0.618173030449	0.497825036249	0.490575157081	0.512324794587	0.489608506525	0.526824552924	0.617206379894	0.534557757371	0.584823586274	0.510874818753	0.593523441276
AF5	0.708554857419	0.634606089899	0.927501208313	0.661188980184	0.660705654906	0.679072015466	0.562107298212	0.646689221846	0.682455292412	0.594006766554	0.72692121798	0.622522957951	0.678588690188	0.845819236346	0.613823102948	0.666988883519	0.721604639923	0.721604639923	0.873368777187	0.717254712421	0.705654905752	0.677622039633	0.72692121798	0.717738037699	0.875302078299	0.687288545191	0.698405026583	0.685355244079	0.66892218463	0.661188980184	0.758820686322	0.723054615756	0.632189463509	0.652972450459	0.746254229096	0.678105364911	0.714354760754	0.499275012083	0.698405026583	0.599323344611	0.642822619623	0.0	0.292895118415	0.55099081682	0.729337844369	0.717738037699	0.769937167714	0.729337844369	0.753020782987	0.73368777187	0.732237796037	0.757370710488	0.695021749638	0.712421459642	0.727887868536	0.710488158531	0.672788786854	0.746737554374	0.687288545191	0.71532141131	0.717738037699	0.728854519091
AF6	0.698405026583	0.59255679072	0.93281778637	0.634606089899	0.631706138231	0.642339294345	0.549057515708	0.614306428226	0.649105848236	0.556790720155	0.687771870469	0.592073465442	0.641855969067	0.846785886902	0.570323827936	0.643305944901	0.683905268246	0.681488641856	0.872885451909	0.710971483809	0.682455292412	0.642339294345	0.687288545191	0.688738521025	0.873368777187	0.675688738521	0.667472208797	0.651522474625	0.642822619623	0.641855969067	0.743837602707	0.694055099082	0.594490091832	0.616239729338	0.731754470759	0.64813919768	0.667472208797	0.454325761237	0.658772353794	0.567907201547	0.603189946834	0.292895118415	0.0	0.516674722088	0.693571773804	0.683905268246	0.73852102465	0.689221846303	0.714354760754	0.69453842436	0.68970517158	0.718704688255	0.666988883519	0.673755437409	0.690188496858	0.676172063799	0.639439342678	0.711938134364	0.644755920735	0.674238762687	0.681971967134	0.700338327695
