	AA3	AA4	AB3	AB4	AC3	AC4	AD3	AD4	AE3	AE4	AF3	AF4	AG3	AG4	AH3	AH4	AA7	AA8	AB7	AB8	AC7	AC8	AD7	AD8	AE7	AE8	AF7	AF8	AG7	AG8	AH7	AH8	AA5	AA6	AB5	AB6	AC5	AC6	AD6	AE5	AE6	AF5	AF6	AG5	AH5	AH6	AA1	AA2	AB1	AB2	AC1	AC2	AD1	AD2	AE1	AE2	AF1	AF2	AG1	AG2	AH1	AH2
AA3	0.0	0.488641855969	0.940550990817	0.635572740454	0.646205896568	0.578057032383	0.675205413243	0.579507008217	0.555824069599	0.616723054616	0.597873368777	0.593523441276	0.561623972934	0.863218946351	0.641855969067	0.32866118898	0.566457225713	0.554857419043	0.870952150797	0.72450459159	0.615273078782	0.565007249879	0.576607056549	0.587723537941	0.832769453842	0.599323344611	0.567907201547	0.569840502658	0.584340260996	0.589173513775	0.59255679072	0.563073948768	0.578057032383	0.582406959884	0.731271145481	0.67133881102	0.602223296278	0.617689705172	0.584823586274	0.628322861286	0.601256645723	0.699371677139	0.672305461576	0.620589656839	0.622522957951	0.608506524891	0.672788786854	0.661672305462	0.698888351861	0.663605606573	0.634606089899	0.657805703238	0.564040599323	0.568873852102	0.565490575157	0.553890768487	0.56259062349	0.637506041566	0.575157080715	0.659255679072	0.559690671822	0.639922667956
AA4	0.488641855969	0.0	0.952150797487	0.591590140164	0.560657322378	0.509908168197	0.597390043499	0.480908651522	0.50459159014	0.536491058482	0.556307394877	0.513291445143	0.481875302078	0.869502174964	0.394393426776	0.371677138714	0.536007733204	0.54857419043	0.898018366361	0.731271145481	0.665055582407	0.579507008217	0.593040115998	0.606089898502	0.883518608023	0.633156114065	0.553407443209	0.559690671822	0.593040115998	0.622522957951	0.642822619623	0.584823586274	0.507974867086	0.514258095698	0.652489125181	0.578540357661	0.568873852102	0.526824552924	0.529241179314	0.536007733204	0.49299178347	0.632189463509	0.582890285162	0.527307878202	0.587240212663	0.566940550991	0.638472692122	0.585306911551	0.628322861286	0.59497341711	0.591106814886	0.622039632673	0.528274528758	0.520541324311	0.531657805703	0.511841469309	0.497825036249	0.598840019333	0.511358144031	0.594490091832	0.524407926535	0.572740454326
AB3	0.940550990817	0.952150797487	0.0	0.663122281295	0.919284678589	0.956984050266	0.957950700822	0.946350894152	0.934267762204	0.955534074432	0.972933784437	0.938134364427	0.968583856936	0.333494441759	0.965683905268	0.945867568874	0.971483808603	0.970517158047	0.747220879652	0.750604156597	0.886418559691	0.911551474142	0.959400676655	0.956500724988	0.851619139681	0.896085065249	0.942000966651	0.928951184147	0.841952634123	0.838569357177	0.951667472209	0.952634122765	0.957467375544	0.964233929435	0.973900434993	0.965683905268	0.974867085549	0.952634122765	0.974383760271	0.974867085549	0.974383760271	0.938134364427	0.93523441276	0.950700821653	0.976317061382	0.973417109715	0.975833736104	0.970033832769	0.971483808603	0.972933784437	0.970517158047	0.971483808603	0.975833736104	0.975833736104	0.977283711938	0.975833736104	0.972450459159	0.969067182214	0.972933784437	0.974383760271	0.975833736104	0.974867085549
AB4	0.635572740454	0.591590140164	0.663122281295	0.0	0.6389560174	0.618173030449	0.679555340744	0.62493958434	0.623006283229	0.640405993233	0.654905751571	0.611889801837	0.501691638473	0.55775737071	0.617689705172	0.600773320445	0.647172547124	0.64813919768	0.739487675205	0.574673755437	0.656839052682	0.633639439343	0.667472208797	0.668438859352	0.797486708555	0.641855969067	0.65973900435	0.643789270179	0.550507491542	0.59255679072	0.694055099082	0.65055582407	0.647172547124	0.659255679072	0.724021266312	0.670855485742	0.668438859352	0.637022716288	0.6389560174	0.627839536008	0.632672788787	0.662155630739	0.639922667956	0.629772837119	0.696471725471	0.68970517158	0.70372160464	0.67133881102	0.70130497825	0.677622039633	0.668438859352	0.681005316578	0.642822619623	0.647655872402	0.667955534074	0.646205896568	0.653455775737	0.666988883519	0.654905751571	0.679072015466	0.658289028516	0.666022232963
AC3	0.646205896568	0.560657322378	0.919284678589	0.6389560174	0.0	0.50459159014	0.640405993233	0.563073948768	0.562107298212	0.588206863219	0.624456259062	0.317544707588	0.586756887385	0.842919284679	0.604639922668	0.596423392943	0.608023199613	0.612856452392	0.872885451909	0.75688738521	0.730787820203	0.675205413243	0.710971483809	0.719188013533	0.837602706622	0.696955050749	0.661188980184	0.676655389077	0.666505558241	0.695021749638	0.704204929918	0.659255679072	0.60415659739	0.610923151281	0.617206379894	0.569840502658	0.617689705172	0.598356694055	0.590623489609	0.545190913485	0.537457709038	0.654905751571	0.633639439343	0.561623972934	0.635089415176	0.633156114065	0.589656839053	0.595456742388	0.573223779604	0.565973900435	0.59255679072	0.587240212663	0.536491058482	0.563073948768	0.576123731271	0.55775737071	0.611406476559	0.570807153214	0.612856452392	0.575157080715	0.620106331561	0.579507008217
AC4	0.578057032383	0.509908168197	0.956984050266	0.618173030449	0.50459159014	0.0	0.621556307395	0.411309811503	0.405993233446	0.521024649589	0.340744320928	0.423392943451	0.514258095698	0.872402126631	0.58337361044	0.547607539874	0.46979217013	0.465442242629	0.929917834703	0.764137264379	0.581923634606	0.533591106815	0.514258095698	0.520057999033	0.891735137748	0.600773320445	0.484775253746	0.504108264862	0.532624456259	0.569840502658	0.576607056549	0.513291445143	0.452875785404	0.46302561624	0.641372643789	0.573223779604	0.46979217013	0.529724504592	0.416143064282	0.566457225713	0.467375543741	0.679072015466	0.634606089899	0.511358144031	0.515708071532	0.49299178347	0.637989366844	0.606089898502	0.618656355727	0.594006766554	0.588206863219	0.619139681005	0.505074915418	0.528757854036	0.533591106815	0.52537457709	0.545674238763	0.604639922668	0.566940550991	0.597390043499	0.495891735138	0.576607056549
AD3	0.675205413243	0.597390043499	0.957950700822	0.679555340744	0.640405993233	0.621556307395	0.0	0.546157564041	0.640405993233	0.367810536491	0.677138714355	0.619623006283	0.642822619623	0.87723537941	0.591106814886	0.641855969067	0.681005316578	0.682455292412	0.941034316095	0.776220396327	0.716288061866	0.696471725471	0.701788303528	0.697438376027	0.917834702755	0.698888351861	0.707104881585	0.704688255196	0.691638472692	0.690671822136	0.728371193813	0.69453842436	0.631706138231	0.654905751571	0.740937651039	0.669888835186	0.680038666022	0.538424359594	0.625906234896	0.585790236829	0.574673755437	0.567423876269	0.538424359594	0.546157564041	0.700338327695	0.696955050749	0.765587240213	0.711938134364	0.731271145481	0.709521507975	0.704204929918	0.731271145481	0.656355727405	0.656839052682	0.677622039633	0.658289028516	0.637989366844	0.717254712421	0.64572257129	0.717738037699	0.68970517158	0.698405026583
AD4	0.579507008217	0.480908651522	0.946350894152	0.62493958434	0.563073948768	0.411309811503	0.546157564041	0.0	0.313194780087	0.423876268729	0.423392943451	0.502174963751	0.501691638473	0.866118898018	0.559690671822	0.526824552924	0.436442725955	0.439342677622	0.932334461092	0.767520541324	0.587240212663	0.519091348478	0.501691638473	0.499758337361	0.901884968584	0.611889801837	0.447559207347	0.465442242629	0.499275012083	0.565973900435	0.540840985984	0.495891735138	0.39584340261	0.429676172064	0.651522474625	0.572257129048	0.447075882069	0.503141614306	0.442725954567	0.564040599323	0.472692121798	0.658289028516	0.60657322378	0.48622522958	0.507974867086	0.482841952634	0.661672305462	0.61575640406	0.6389560174	0.623489608507	0.610439826003	0.6389560174	0.5186080232	0.537457709038	0.532141130981	0.528274528758	0.521991300145	0.623489608507	0.545190913485	0.623489608507	0.508941517641	0.594006766554
AE3	0.555824069599	0.50459159014	0.934267762204	0.623006283229	0.562107298212	0.405993233446	0.640405993233	0.313194780087	0.0	0.51377477042	0.405993233446	0.509424842919	0.500724987917	0.85645239246	0.573707104882	0.535041082649	0.434509424843	0.435476075399	0.916384726921	0.753020782987	0.546640889319	0.48622522958	0.474142097632	0.486708554857	0.886901884969	0.597390043499	0.427259545674	0.444175930401	0.484775253746	0.545190913485	0.539874335428	0.488641855969	0.404543257612	0.431126147898	0.65732237796	0.58337361044	0.438376027066	0.529241179314	0.434992750121	0.599323344611	0.50700821653	0.678105364911	0.635089415176	0.51619139681	0.493475108748	0.464958917351	0.651522474625	0.610439826003	0.640405993233	0.620589656839	0.599323344611	0.634606089899	0.511841469309	0.542290961817	0.532141130981	0.534557757371	0.528757854036	0.621072982117	0.552924117931	0.613823102948	0.487191880135	0.588206863219
AE4	0.616723054616	0.536491058482	0.955534074432	0.640405993233	0.588206863219	0.521024649589	0.367810536491	0.423876268729	0.51377477042	0.0	0.575157080715	0.559690671822	0.586273562107	0.874335427743	0.556307394877	0.577573707105	0.579990333494	0.586273562107	0.938617689705	0.776220396327	0.652005799903	0.596906718221	0.592073465442	0.595940067666	0.91203479942	0.630256162397	0.602223296278	0.596423392943	0.585306911551	0.600289995167	0.637022716288	0.586756887385	0.525857902368	0.547124214596	0.697438376027	0.622039632673	0.580473658772	0.463508941518	0.531657805703	0.547607539874	0.507974867086	0.569840502658	0.546157564041	0.497341710971	0.603189946834	0.601739971	0.720154664089	0.677138714355	0.699371677139	0.683421942968	0.673272112131	0.69453842436	0.607056549058	0.608023199613	0.611889801837	0.608989850169	0.585306911551	0.681971967134	0.600289995167	0.68293861769	0.599323344611	0.658772353794
AF3	0.597873368777	0.556307394877	0.972933784437	0.654905751571	0.624456259062	0.340744320928	0.677138714355	0.423392943451	0.405993233446	0.575157080715	0.0	0.53020782987	0.532624456259	0.887385210246	0.619623006283	0.581440309328	0.444659255679	0.425326244563	0.953117448043	0.790720154664	0.58337361044	0.551957467376	0.4398260029	0.441759304012	0.924601256646	0.637022716288	0.445625906235	0.493475108748	0.543257612373	0.600289995167	0.528757854036	0.510391493475	0.433542774287	0.477525374577	0.673272112131	0.621072982117	0.428709521508	0.566940550991	0.453359110681	0.625422909618	0.519574673755	0.71532141131	0.671822136298	0.551474142098	0.505074915418	0.483325277912	0.667472208797	0.632672788787	0.672305461576	0.630739487675	0.620106331561	0.648622522958	0.533107781537	0.546640889319	0.542774287095	0.540840985984	0.570323827936	0.635089415176	0.595456742388	0.624456259062	0.506041565974	0.607539874335
AF4	0.593523441276	0.513291445143	0.938134364427	0.611889801837	0.317544707588	0.423392943451	0.619623006283	0.502174963751	0.509424842919	0.559690671822	0.53020782987	0.0	0.541324311261	0.857902368294	0.570323827936	0.539874335428	0.551474142098	0.558724021266	0.894151764137	0.74770420493	0.696471725471	0.637506041566	0.655872402127	0.665055582407	0.857419043016	0.660222329628	0.613823102948	0.626872885452	0.625906234896	0.653455775737	0.665055582407	0.611889801837	0.551957467376	0.561140647656	0.593040115998	0.522957950701	0.563073948768	0.572257129048	0.535524407927	0.517158047366	0.499275012083	0.637506041566	0.616239729338	0.537941034316	0.564523924601	0.559207346544	0.571290478492	0.540357660706	0.556790720155	0.535524407927	0.534074432093	0.547124214596	0.479942000967	0.505074915418	0.52779120348	0.507974867086	0.5601739971	0.529724504592	0.564040599323	0.526824552924	0.559690671822	0.522474625423
AG3	0.561623972934	0.481875302078	0.968583856936	0.501691638473	0.586756887385	0.514258095698	0.642822619623	0.501691638473	0.500724987917	0.586273562107	0.532624456259	0.541324311261	0.0	0.856935717738	0.545674238763	0.511841469309	0.50700821653	0.507491541808	0.925567907202	0.764137264379	0.678105364911	0.595456742388	0.595940067666	0.612373127115	0.885451909135	0.637989366844	0.565490575157	0.569840502658	0.603189946834	0.634122764621	0.635089415176	0.564523924601	0.538424359594	0.517641372644	0.651039149348	0.604639922668	0.544224262929	0.575157080715	0.508941517641	0.566457225713	0.509424842919	0.678105364911	0.632672788787	0.54857419043	0.56935717738	0.555824069599	0.605123247946	0.573223779604	0.61575640406	0.591106814886	0.572257129048	0.587240212663	0.505074915418	0.515708071532	0.526824552924	0.516674722088	0.533591106815	0.582406959884	0.547607539874	0.596423392943	0.508941517641	0.559207346544
AG4	0.863218946351	0.869502174964	0.333494441759	0.55775737071	0.842919284679	0.872402126631	0.87723537941	0.866118898018	0.85645239246	0.874335427743	0.887385210246	0.857902368294	0.856935717738	0.0	0.882068632189	0.865152247463	0.896085065249	0.897535041083	0.723537941034	0.682455292412	0.819719671339	0.838086031899	0.885451909135	0.883518608023	0.831802803287	0.826002899952	0.870952150797	0.855485741904	0.774287095215	0.757370710488	0.885935234413	0.877718704688	0.882068632189	0.885451909135	0.905751570807	0.892218463026	0.896085065249	0.872402126631	0.893185113581	0.889801836636	0.890285161914	0.860802319961	0.857902368294	0.871918801353	0.898018366361	0.897535041083	0.89125181247	0.894151764137	0.894635089415	0.889318511358	0.898018366361	0.893185113581	0.898501691638	0.895601739971	0.901401643306	0.896568390527	0.892701788304	0.894151764137	0.892218463026	0.891735137748	0.894635089415	0.895118414693
AH3	0.641855969067	0.394393426776	0.965683905268	0.617689705172	0.604639922668	0.58337361044	0.591106814886	0.559690671822	0.573707104882	0.556307394877	0.619623006283	0.570323827936	0.545674238763	0.882068632189	0.0	0.53020782987	0.601739971	0.606089898502	0.926051232479	0.768003866602	0.712421459642	0.632672788787	0.643789270179	0.655389076849	0.904784920251	0.690671822136	0.646205896568	0.64572257129	0.651522474625	0.681488641856	0.69453842436	0.639922667956	0.551957467376	0.588690188497	0.704204929918	0.645239246013	0.642339294345	0.544224262929	0.595940067666	0.554374093765	0.554374093765	0.60415659739	0.563073948768	0.567907201547	0.662638956017	0.639439342678	0.705171580474	0.643305944901	0.668438859352	0.649589173514	0.642339294345	0.672305461576	0.609956500725	0.601256645723	0.610439826003	0.598840019333	0.577573707105	0.65732237796	0.569840502658	0.651039149348	0.608023199613	0.629289511841
AH4	0.32866118898	0.371677138714	0.945867568874	0.600773320445	0.596423392943	0.547607539874	0.641855969067	0.526824552924	0.535041082649	0.577573707105	0.581440309328	0.539874335428	0.511841469309	0.865152247463	0.53020782987	0.0	0.544707588207	0.547607539874	0.879168680522	0.72450459159	0.645239246013	0.568390526825	0.582890285162	0.593040115998	0.846785886902	0.611406476559	0.567423876269	0.561623972934	0.577573707105	0.605123247946	0.601739971	0.55099081682	0.547607539874	0.551957467376	0.697921701305	0.632189463509	0.593040115998	0.582890285162	0.551957467376	0.578057032383	0.547124214596	0.670855485742	0.633639439343	0.575157080715	0.60415659739	0.593040115998	0.64813919768	0.619623006283	0.648622522958	0.614306428226	0.608506524891	0.630256162397	0.539874335428	0.540357660706	0.543257612373	0.52779120348	0.512324794587	0.614789753504	0.520057999033	0.619623006283	0.544707588207	0.598840019333
AA7	0.566457225713	0.536007733204	0.971483808603	0.647172547124	0.608023199613	0.46979217013	0.681005316578	0.436442725955	0.434509424843	0.579990333494	0.444659255679	0.551474142098	0.50700821653	0.896085065249	0.601739971	0.544707588207	0.0	0.291928467859	0.9212179797	0.774287095215	0.595456742388	0.51619139681	0.48622522958	0.498791686805	0.875302078299	0.612373127115	0.455775737071	0.469308844853	0.524407926535	0.588690188497	0.520057999033	0.433542774287	0.420976317061	0.47462542291	0.693571773804	0.639922667956	0.470758820686	0.57177380377	0.485741904302	0.615273078782	0.54857419043	0.715804736588	0.670372160464	0.564040599323	0.534074432093	0.510874818753	0.65973900435	0.623006283229	0.661672305462	0.632189463509	0.591106814886	0.623489608507	0.511358144031	0.536007733204	0.53020782987	0.5186080232	0.529724504592	0.610923151281	0.541807636539	0.634122764621	0.491058482359	0.594490091832
AA8	0.554857419043	0.54857419043	0.970517158047	0.64813919768	0.612856452392	0.465442242629	0.682455292412	0.439342677622	0.435476075399	0.586273562107	0.425326244563	0.558724021266	0.507491541808	0.897535041083	0.606089898502	0.547607539874	0.291928467859	0.0	0.919768003867	0.767520541324	0.579990333494	0.498791686805	0.464475592073	0.473175447076	0.862252295795	0.599323344611	0.421942967617	0.454809086515	0.513291445143	0.577573707105	0.465442242629	0.391976800387	0.421459642339	0.480425326245	0.698405026583	0.647655872402	0.465925567907	0.580473658772	0.482841952634	0.612856452392	0.542774287095	0.726437892702	0.678588690188	0.564523924601	0.530691155147	0.50459159014	0.646205896568	0.624456259062	0.667472208797	0.645239246013	0.589173513775	0.624456259062	0.501208313195	0.535524407927	0.52537457709	0.520057999033	0.534557757371	0.604639922668	0.546157564041	0.635089415176	0.484775253746	0.597390043499
AB7	0.870952150797	0.898018366361	0.747220879652	0.739487675205	0.872885451909	0.929917834703	0.941034316095	0.932334461092	0.916384726921	0.938617689705	0.953117448043	0.894151764137	0.925567907202	0.723537941034	0.926051232479	0.879168680522	0.9212179797	0.919768003867	0.0	0.404059932334	0.808603189947	0.84726921218	0.925084581924	0.930401159981	0.739004349928	0.82165297245	0.889318511358	0.873368777187	0.732721121315	0.695988400193	0.883035282745	0.894635089415	0.917351377477	0.935717738038	0.947800869986	0.935717738038	0.947317544708	0.917351377477	0.945384243596	0.925567907202	0.940550990817	0.883518608023	0.885451909135	0.91445142581	0.963267278879	0.951667472209	0.927501208313	0.932334461092	0.928467858869	0.939584340261	0.932334461092	0.927017883035	0.922184630256	0.913001449976	0.9212179797	0.913484775254	0.924601256646	0.916384726921	0.921701304978	0.922184630256	0.942000966651	0.929917834703
AB8	0.72450459159	0.731271145481	0.750604156597	0.574673755437	0.75688738521	0.764137264379	0.776220396327	0.767520541324	0.753020782987	0.776220396327	0.790720154664	0.74770420493	0.764137264379	0.682455292412	0.768003866602	0.72450459159	0.774287095215	0.767520541324	0.404059932334	0.0	0.649105848236	0.6805219913	0.749637506042	0.753504108265	0.73610439826	0.654422426293	0.717738037699	0.70130497825	0.539874335428	0.523441275979	0.740937651039	0.741420976317	0.757854035766	0.771870468826	0.814403093282	0.769453842436	0.779120347994	0.752054132431	0.773320444659	0.7593040116	0.767520541324	0.742387626873	0.730787820203	0.74528757854	0.801353310778	0.787820202997	0.816336394393	0.769453842436	0.791203479942	0.781536974384	0.782986950217	0.787820202997	0.771870468826	0.75688738521	0.768970517158	0.758820686322	0.762203963267	0.774287095215	0.763170613823	0.761237312711	0.781053649106	0.769453842436
AC7	0.615273078782	0.665055582407	0.886418559691	0.656839052682	0.730787820203	0.581923634606	0.716288061866	0.587240212663	0.546640889319	0.652005799903	0.58337361044	0.696471725471	0.678105364911	0.819719671339	0.712421459642	0.645239246013	0.595456742388	0.579990333494	0.808603189947	0.649105848236	0.0	0.371677138714	0.5601739971	0.567907201547	0.821169647173	0.594490091832	0.533591106815	0.50700821653	0.466892218463	0.48380860319	0.563073948768	0.546157564041	0.558240695988	0.593040115998	0.8008699855	0.742870952151	0.621556307395	0.640889318511	0.610923151281	0.731271145481	0.666988883519	0.713388110198	0.691155147414	0.643789270179	0.628806186564	0.607056549058	0.811503141614	0.772837119381	0.802803286612	0.784920251329	0.747220879652	0.78250362494	0.672788786854	0.688738521025	0.682455292412	0.684388593523	0.669405509908	0.772353794103	0.687288545191	0.776703721605	0.620106331561	0.750604156597
AC8	0.565007249879	0.579507008217	0.911551474142	0.633639439343	0.675205413243	0.533591106815	0.696471725471	0.519091348478	0.48622522958	0.596906718221	0.551957467376	0.637506041566	0.595456742388	0.838086031899	0.632672788787	0.568390526825	0.51619139681	0.498791686805	0.84726921218	0.6805219913	0.371677138714	0.0	0.501208313195	0.513291445143	0.83566940551	0.554857419043	0.397776703722	0.375543740938	0.456259062349	0.491058482359	0.532141130981	0.484775253746	0.48380860319	0.508941517641	0.731754470759	0.671822136298	0.561140647656	0.573223779604	0.544224262929	0.656355727405	0.592073465442	0.672305461576	0.643305944901	0.581923634606	0.574190430159	0.536007733204	0.732237796037	0.68293861769	0.736587723538	0.714354760754	0.669888835186	0.700338327695	0.592073465442	0.609956500725	0.60415659739	0.607056549058	0.579507008217	0.687771870469	0.589173513775	0.705654905752	0.536007733204	0.664572257129
AD7	0.576607056549	0.593040115998	0.959400676655	0.667472208797	0.710971483809	0.514258095698	0.701788303528	0.501691638473	0.474142097632	0.592073465442	0.4398260029	0.655872402127	0.595940067666	0.885451909135	0.643789270179	0.582890285162	0.48622522958	0.464475592073	0.925084581924	0.749637506042	0.5601739971	0.501208313195	0.0	0.29869502175	0.889801836636	0.521024649589	0.431126147898	0.459642339294	0.501208313195	0.555824069599	0.495891735138	0.478008699855	0.480908651522	0.53939101015	0.737554374094	0.674238762687	0.515224746254	0.593523441276	0.532624456259	0.661672305462	0.600773320445	0.719188013533	0.686805219913	0.607539874335	0.570323827936	0.546157564041	0.742387626873	0.686805219913	0.739004349928	0.718704688255	0.672305461576	0.704204929918	0.603673272112	0.614306428226	0.608506524891	0.615273078782	0.580473658772	0.695988400193	0.602706621556	0.706138231029	0.556790720155	0.667472208797
AD8	0.587723537941	0.606089898502	0.956500724988	0.668438859352	0.719188013533	0.520057999033	0.697438376027	0.499758337361	0.486708554857	0.595940067666	0.441759304012	0.665055582407	0.612373127115	0.883518608023	0.655389076849	0.593040115998	0.498791686805	0.473175447076	0.930401159981	0.753504108265	0.567907201547	0.513291445143	0.29869502175	0.0	0.87723537941	0.508941517641	0.436926051232	0.469308844853	0.502174963751	0.552440792653	0.50700821653	0.492508458192	0.485258579024	0.538907684872	0.746737554374	0.676655389077	0.518124697922	0.588690188497	0.532624456259	0.668438859352	0.602706621556	0.714354760754	0.678105364911	0.598840019333	0.571290478492	0.543257612373	0.749637506042	0.699855002417	0.750120831319	0.727887868536	0.679072015466	0.711938134364	0.61333977767	0.622039632673	0.613823102948	0.621556307395	0.597873368777	0.704688255196	0.617689705172	0.710004833253	0.568390526825	0.674722087965
AE7	0.832769453842	0.883518608023	0.851619139681	0.797486708555	0.837602706622	0.891735137748	0.917834702755	0.901884968584	0.886901884969	0.91203479942	0.924601256646	0.857419043016	0.885451909135	0.831802803287	0.904784920251	0.846785886902	0.875302078299	0.862252295795	0.739004349928	0.73610439826	0.821169647173	0.83566940551	0.889801836636	0.87723537941	0.0	0.536491058482	0.869502174964	0.858385693572	0.765587240213	0.772837119381	0.838569357177	0.840985983567	0.894635089415	0.911068148864	0.929434509425	0.917351377477	0.924601256646	0.899951667472	0.911551474142	0.881101981634	0.902368293862	0.874335427743	0.882551957467	0.882068632189	0.941034316095	0.926051232479	0.894151764137	0.906234896085	0.905268245529	0.900918318028	0.905268245529	0.90043499275	0.895118414693	0.892701788304	0.902368293862	0.886901884969	0.90285161914	0.89125181247	0.903334944418	0.898985016916	0.910584823586	0.907201546641
AE8	0.599323344611	0.633156114065	0.896085065249	0.641855969067	0.696955050749	0.600773320445	0.698888351861	0.611889801837	0.597390043499	0.630256162397	0.637022716288	0.660222329628	0.637989366844	0.826002899952	0.690671822136	0.611406476559	0.612373127115	0.599323344611	0.82165297245	0.654422426293	0.594490091832	0.554857419043	0.521024649589	0.508941517641	0.536491058482	0.0	0.577573707105	0.569840502658	0.531657805703	0.520541324311	0.58337361044	0.566940550991	0.608023199613	0.622522957951	0.760753987434	0.70130497825	0.6389560174	0.62493958434	0.616723054616	0.679072015466	0.632189463509	0.693088448526	0.672305461576	0.607539874335	0.647655872402	0.636056065732	0.757370710488	0.707588206863	0.762687288545	0.728854519091	0.706621556307	0.737554374094	0.64813919768	0.647655872402	0.65055582407	0.652972450459	0.644272595457	0.720154664089	0.663605606573	0.712421459642	0.622039632673	0.691155147414
AF7	0.567907201547	0.553407443209	0.942000966651	0.65973900435	0.661188980184	0.484775253746	0.707104881585	0.447559207347	0.427259545674	0.602223296278	0.445625906235	0.613823102948	0.565490575157	0.870952150797	0.646205896568	0.567423876269	0.455775737071	0.421942967617	0.889318511358	0.717738037699	0.533591106815	0.397776703722	0.431126147898	0.436926051232	0.869502174964	0.577573707105	0.0	0.306428226196	0.477042049299	0.532141130981	0.482358627356	0.478492025133	0.41904301595	0.484775253746	0.689221846303	0.635089415176	0.47220879652	0.559690671822	0.493958434026	0.634606089899	0.549540840986	0.695988400193	0.653455775737	0.555824069599	0.533107781537	0.497825036249	0.682455292412	0.641855969067	0.701788303528	0.675688738521	0.623489608507	0.646689221846	0.551957467376	0.568873852102	0.561623972934	0.565007249879	0.556307394877	0.635572740454	0.578057032383	0.661672305462	0.494441759304	0.623006283229
AF8	0.569840502658	0.559690671822	0.928951184147	0.643789270179	0.676655389077	0.504108264862	0.704688255196	0.465442242629	0.444175930401	0.596423392943	0.493475108748	0.626872885452	0.569840502658	0.855485741904	0.64572257129	0.561623972934	0.469308844853	0.454809086515	0.873368777187	0.70130497825	0.50700821653	0.375543740938	0.459642339294	0.469308844853	0.858385693572	0.569840502658	0.306428226196	0.0	0.451909134848	0.503141614306	0.512324794587	0.468342194297	0.434509424843	0.494925084582	0.711454809087	0.652005799903	0.497341710971	0.551474142098	0.510391493475	0.623489608507	0.563073948768	0.670372160464	0.628322861286	0.558240695988	0.546640889319	0.510391493475	0.697438376027	0.650072498792	0.714354760754	0.691155147414	0.647172547124	0.666505558241	0.563557274045	0.58095698405	0.576123731271	0.577573707105	0.55099081682	0.64813919768	0.571290478492	0.677622039633	0.505558240696	0.633156114065
AG7	0.584340260996	0.593040115998	0.841952634123	0.550507491542	0.666505558241	0.532624456259	0.691638472692	0.499275012083	0.484775253746	0.585306911551	0.543257612373	0.625906234896	0.603189946834	0.774287095215	0.651522474625	0.577573707105	0.524407926535	0.513291445143	0.732721121315	0.539874335428	0.466892218463	0.456259062349	0.501208313195	0.502174963751	0.765587240213	0.531657805703	0.477042049299	0.451909134848	0.0	0.318511358144	0.543257612373	0.509424842919	0.503624939584	0.550507491542	0.742870952151	0.670855485742	0.540840985984	0.573223779604	0.541807636539	0.652489125181	0.593523441276	0.672305461576	0.635572740454	0.570323827936	0.598356694055	0.572257129048	0.741420976317	0.684388593523	0.73368777187	0.709038182697	0.663605606573	0.708071532141	0.606089898502	0.612856452392	0.612856452392	0.618173030449	0.613823102948	0.695505074915	0.629772837119	0.697921701305	0.582406959884	0.667472208797
AG8	0.589173513775	0.622522957951	0.838569357177	0.59255679072	0.695021749638	0.569840502658	0.690671822136	0.565973900435	0.545190913485	0.600289995167	0.600289995167	0.653455775737	0.634122764621	0.757370710488	0.681488641856	0.605123247946	0.588690188497	0.577573707105	0.695988400193	0.523441275979	0.48380860319	0.491058482359	0.555824069599	0.552440792653	0.772837119381	0.520541324311	0.532141130981	0.503141614306	0.318511358144	0.0	0.577090381827	0.555340744321	0.568390526825	0.579990333494	0.75688738521	0.693088448526	0.589173513775	0.583856935718	0.579507008217	0.679555340744	0.622039632673	0.679072015466	0.647172547124	0.593040115998	0.617689705172	0.597873368777	0.763170613823	0.705171580474	0.757854035766	0.736587723538	0.696471725471	0.72692121798	0.63653939101	0.645239246013	0.644755920735	0.649105848236	0.637506041566	0.718704688255	0.65973900435	0.722571290478	0.605123247946	0.686805219913
AH7	0.59255679072	0.642822619623	0.951667472209	0.694055099082	0.704204929918	0.576607056549	0.728371193813	0.540840985984	0.539874335428	0.637022716288	0.528757854036	0.665055582407	0.635089415176	0.885935234413	0.69453842436	0.601739971	0.520057999033	0.465442242629	0.883035282745	0.740937651039	0.563073948768	0.532141130981	0.495891735138	0.50700821653	0.838569357177	0.58337361044	0.482358627356	0.512324794587	0.543257612373	0.577090381827	0.0	0.343160947318	0.549540840986	0.608506524891	0.77767037216	0.728371193813	0.568873852102	0.64813919768	0.600289995167	0.685355244079	0.642339294345	0.756404059932	0.734171097148	0.652489125181	0.637506041566	0.614789753504	0.754954084099	0.737554374094	0.765587240213	0.737554374094	0.705171580474	0.731271145481	0.616239729338	0.641372643789	0.627839536008	0.637022716288	0.628322861286	0.720637989367	0.637022716288	0.720637989367	0.604639922668	0.712421459642
AH8	0.563073948768	0.584823586274	0.952634122765	0.65055582407	0.659255679072	0.513291445143	0.69453842436	0.495891735138	0.488641855969	0.586756887385	0.510391493475	0.611889801837	0.564523924601	0.877718704688	0.639922667956	0.55099081682	0.433542774287	0.391976800387	0.894635089415	0.741420976317	0.546157564041	0.484775253746	0.478008699855	0.492508458192	0.840985983567	0.566940550991	0.478492025133	0.468342194297	0.509424842919	0.555340744321	0.343160947318	0.0	0.502658289029	0.534557757371	0.731754470759	0.675205413243	0.535041082649	0.587723537941	0.534557757371	0.628806186564	0.582406959884	0.71532141131	0.674722087965	0.596423392943	0.570807153214	0.545190913485	0.707104881585	0.678105364911	0.707588206863	0.681488641856	0.649105848236	0.673272112131	0.565490575157	0.586756887385	0.578057032383	0.581923634606	0.564040599323	0.665055582407	0.574190430159	0.668438859352	0.53697438376	0.650072498792
AA5	0.578057032383	0.507974867086	0.957467375544	0.647172547124	0.60415659739	0.452875785404	0.631706138231	0.39584340261	0.404543257612	0.525857902368	0.433542774287	0.551957467376	0.538424359594	0.882068632189	0.551957467376	0.547607539874	0.420976317061	0.421459642339	0.917351377477	0.757854035766	0.558240695988	0.48380860319	0.480908651522	0.485258579024	0.894635089415	0.608023199613	0.41904301595	0.434509424843	0.503624939584	0.568390526825	0.549540840986	0.502658289029	0.0	0.356210729821	0.680038666022	0.590140164331	0.457225712905	0.47462542291	0.456259062349	0.555340744321	0.487675205413	0.623489608507	0.578057032383	0.470275495408	0.517158047366	0.470758820686	0.695988400193	0.654422426293	0.675688738521	0.661188980184	0.652005799903	0.68293861769	0.53697438376	0.578057032383	0.578057032383	0.562107298212	0.536007733204	0.663122281295	0.563557274045	0.654422426293	0.504108264862	0.631222812953
AA6	0.582406959884	0.514258095698	0.964233929435	0.659255679072	0.610923151281	0.46302561624	0.654905751571	0.429676172064	0.431126147898	0.547124214596	0.477525374577	0.561140647656	0.517641372644	0.885451909135	0.588690188497	0.551957467376	0.47462542291	0.480425326245	0.935717738038	0.771870468826	0.593040115998	0.508941517641	0.53939101015	0.538907684872	0.911068148864	0.622522957951	0.484775253746	0.494925084582	0.550507491542	0.579990333494	0.608506524891	0.534557757371	0.356210729821	0.0	0.659255679072	0.571290478492	0.498791686805	0.510874818753	0.461092315128	0.588206863219	0.492025132914	0.658289028516	0.612373127115	0.503141614306	0.443692605123	0.399226679555	0.672788786854	0.629772837119	0.659255679072	0.643789270179	0.626389560174	0.652489125181	0.522474625423	0.552924117931	0.555340744321	0.543257612373	0.535041082649	0.640405993233	0.560657322378	0.638472692122	0.516674722088	0.614306428226
AB5	0.731271145481	0.652489125181	0.973900434993	0.724021266312	0.617206379894	0.641372643789	0.740937651039	0.651522474625	0.65732237796	0.697438376027	0.673272112131	0.593040115998	0.651039149348	0.905751570807	0.704204929918	0.697921701305	0.693571773804	0.698405026583	0.947800869986	0.814403093282	0.8008699855	0.731754470759	0.737554374094	0.746737554374	0.929434509425	0.760753987434	0.689221846303	0.711454809087	0.742870952151	0.75688738521	0.77767037216	0.731754470759	0.680038666022	0.659255679072	0.0	0.306911551474	0.625906234896	0.674238762687	0.633156114065	0.627839536008	0.593523441276	0.730787820203	0.721604639923	0.647655872402	0.618656355727	0.616239729338	0.605123247946	0.612373127115	0.62493958434	0.595456742388	0.616239729338	0.605123247946	0.589173513775	0.595456742388	0.616723054616	0.611889801837	0.658772353794	0.590140164331	0.660705654906	0.593523441276	0.674238762687	0.603673272112
AB6	0.67133881102	0.578540357661	0.965683905268	0.670855485742	0.569840502658	0.573223779604	0.669888835186	0.572257129048	0.58337361044	0.622039632673	0.621072982117	0.522957950701	0.604639922668	0.892218463026	0.645239246013	0.632189463509	0.639922667956	0.647655872402	0.935717738038	0.769453842436	0.742870952151	0.671822136298	0.674238762687	0.676655389077	0.917351377477	0.70130497825	0.635089415176	0.652005799903	0.670855485742	0.693088448526	0.728371193813	0.675205413243	0.590140164331	0.571290478492	0.306911551474	0.0	0.572740454326	0.597873368777	0.564040599323	0.566940550991	0.531657805703	0.660705654906	0.640889318511	0.54857419043	0.554374093765	0.552440792653	0.587723537941	0.552924117931	0.579990333494	0.55775737071	0.559690671822	0.578057032383	0.52537457709	0.556307394877	0.573707104882	0.566940550991	0.598356694055	0.554857419043	0.603673272112	0.553890768487	0.627839536008	0.544224262929
AC5	0.602223296278	0.568873852102	0.974867085549	0.668438859352	0.617689705172	0.46979217013	0.680038666022	0.447075882069	0.438376027066	0.580473658772	0.428709521508	0.563073948768	0.544224262929	0.896085065249	0.642339294345	0.593040115998	0.470758820686	0.465925567907	0.947317544708	0.779120347994	0.621556307395	0.561140647656	0.515224746254	0.518124697922	0.924601256646	0.6389560174	0.47220879652	0.497341710971	0.540840985984	0.589173513775	0.568873852102	0.535041082649	0.457225712905	0.498791686805	0.625906234896	0.572740454326	0.0	0.460125664572	0.457709038183	0.603189946834	0.514258095698	0.710004833253	0.662155630739	0.542774287095	0.488641855969	0.470275495408	0.609956500725	0.58095698405	0.632189463509	0.596906718221	0.56935717738	0.595456742388	0.50700821653	0.503141614306	0.512808119865	0.516674722088	0.570807153214	0.574673755437	0.597873368777	0.580473658772	0.523441275979	0.554857419043
AC6	0.617689705172	0.526824552924	0.952634122765	0.637022716288	0.598356694055	0.529724504592	0.538424359594	0.503141614306	0.529241179314	0.463508941518	0.566940550991	0.572257129048	0.575157080715	0.872402126631	0.544224262929	0.582890285162	0.57177380377	0.580473658772	0.917351377477	0.752054132431	0.640889318511	0.573223779604	0.593523441276	0.588690188497	0.899951667472	0.62493958434	0.559690671822	0.551474142098	0.573223779604	0.583856935718	0.64813919768	0.587723537941	0.47462542291	0.510874818753	0.674238762687	0.597873368777	0.460125664572	0.0	0.531174480425	0.53939101015	0.502658289029	0.478492025133	0.425809569841	0.426776220396	0.575640405993	0.559207346544	0.688738521025	0.65973900435	0.68293861769	0.657805703238	0.648622522958	0.679072015466	0.594006766554	0.599806669889	0.601739971	0.605123247946	0.56935717738	0.656839052682	0.578057032383	0.647655872402	0.577573707105	0.636056065732
AD6	0.584823586274	0.529241179314	0.974383760271	0.6389560174	0.590623489609	0.416143064282	0.625906234896	0.442725954567	0.434992750121	0.531657805703	0.453359110681	0.535524407927	0.508941517641	0.893185113581	0.595940067666	0.551957467376	0.485741904302	0.482841952634	0.945384243596	0.773320444659	0.610923151281	0.544224262929	0.532624456259	0.532624456259	0.911551474142	0.616723054616	0.493958434026	0.510391493475	0.541807636539	0.579507008217	0.600289995167	0.534557757371	0.456259062349	0.461092315128	0.633156114065	0.564040599323	0.457709038183	0.531174480425	0.0	0.53939101015	0.393910101498	0.685838569357	0.641855969067	0.520057999033	0.499275012083	0.478008699855	0.615273078782	0.577573707105	0.605123247946	0.582890285162	0.572740454326	0.593523441276	0.476075398743	0.496375060416	0.503141614306	0.49540840986	0.528274528758	0.579990333494	0.553407443209	0.585790236829	0.477042049299	0.554857419043
AE5	0.628322861286	0.536007733204	0.974867085549	0.627839536008	0.545190913485	0.566457225713	0.585790236829	0.564040599323	0.599323344611	0.547607539874	0.625422909618	0.517158047366	0.566457225713	0.889801836636	0.554374093765	0.578057032383	0.615273078782	0.612856452392	0.925567907202	0.7593040116	0.731271145481	0.656355727405	0.661672305462	0.668438859352	0.881101981634	0.679072015466	0.634606089899	0.623489608507	0.652489125181	0.679555340744	0.685355244079	0.628806186564	0.555340744321	0.588206863219	0.627839536008	0.566940550991	0.603189946834	0.53939101015	0.53939101015	0.0	0.361527307878	0.60415659739	0.578057032383	0.517641372644	0.63653939101	0.636056065732	0.642339294345	0.609956500725	0.618173030449	0.602706621556	0.618173030449	0.62735621073	0.554857419043	0.565490575157	0.603189946834	0.566940550991	0.563557274045	0.611889801837	0.56935717738	0.599806669889	0.582890285162	0.600773320445
AE6	0.601256645723	0.49299178347	0.974383760271	0.632672788787	0.537457709038	0.467375543741	0.574673755437	0.472692121798	0.50700821653	0.507974867086	0.519574673755	0.499275012083	0.509424842919	0.890285161914	0.554374093765	0.547124214596	0.54857419043	0.542774287095	0.940550990817	0.767520541324	0.666988883519	0.592073465442	0.600773320445	0.602706621556	0.902368293862	0.632189463509	0.549540840986	0.563073948768	0.593523441276	0.622039632673	0.642339294345	0.582406959884	0.487675205413	0.492025132914	0.593523441276	0.531657805703	0.514258095698	0.502658289029	0.393910101498	0.361527307878	0.0	0.628806186564	0.582890285162	0.463508941518	0.53020782987	0.529724504592	0.61575640406	0.582890285162	0.596906718221	0.578057032383	0.572740454326	0.605123247946	0.484775253746	0.484775253746	0.506524891252	0.495891735138	0.534557757371	0.580473658772	0.544707588207	0.572740454326	0.51377477042	0.563073948768
AF5	0.699371677139	0.632189463509	0.938134364427	0.662155630739	0.654905751571	0.679072015466	0.567423876269	0.658289028516	0.678105364911	0.569840502658	0.71532141131	0.637506041566	0.678105364911	0.860802319961	0.60415659739	0.670855485742	0.715804736588	0.726437892702	0.883518608023	0.742387626873	0.713388110198	0.672305461576	0.719188013533	0.714354760754	0.874335427743	0.693088448526	0.695988400193	0.670372160464	0.672305461576	0.679072015466	0.756404059932	0.71532141131	0.623489608507	0.658289028516	0.730787820203	0.660705654906	0.710004833253	0.478492025133	0.685838569357	0.60415659739	0.628806186564	0.0	0.290478492025	0.537457709038	0.720637989367	0.714838086032	0.755920734654	0.729337844369	0.748670855486	0.726437892702	0.731271145481	0.751570807153	0.696955050749	0.71290478492	0.725471242146	0.705171580474	0.676655389077	0.735137747704	0.669888835186	0.720154664089	0.709038182697	0.718704688255
AF6	0.672305461576	0.582890285162	0.93523441276	0.639922667956	0.633639439343	0.634606089899	0.538424359594	0.60657322378	0.635089415176	0.546157564041	0.671822136298	0.616239729338	0.632672788787	0.857902368294	0.563073948768	0.633639439343	0.670372160464	0.678588690188	0.885451909135	0.730787820203	0.691155147414	0.643305944901	0.686805219913	0.678105364911	0.882551957467	0.672305461576	0.653455775737	0.628322861286	0.635572740454	0.647172547124	0.734171097148	0.674722087965	0.578057032383	0.612373127115	0.721604639923	0.640889318511	0.662155630739	0.425809569841	0.641855969067	0.578057032383	0.582890285162	0.290478492025	0.0	0.491541807637	0.676172063799	0.666505558241	0.735137747704	0.697438376027	0.713388110198	0.695021749638	0.683421942968	0.715804736588	0.655872402127	0.669888835186	0.677622039633	0.662638956017	0.623006283229	0.700338327695	0.623972933784	0.684388593523	0.670372160464	0.68293861769
