	AA3	AA4	AB3	AB4	AC3	AC4	AD3	AD4	AE3	AE4	AF3	AF4	AG3	AG4	AH3	AH4	AA7	AA8	AB7	AB8	AC7	AC8	AD7	AD8	AE7	AE8	AF7	AF8	AG7	AG8	AH7	AH8	AA5	AA6	AB5	AB6	AC5	AC6	AD6	AE5	AE6	AF5	AF6	AG5	AH5	AH6	AA1	AA2	AB1	AB2	AC1	AC2	AD1	AD2	AE1	AE2	AF1	AF2	AG1	AG2	AH1	AH2
AA3	0.0	0.508458192363	0.943934267762	0.643789270179	0.656355727405	0.579023682939	0.654905751571	0.569840502658	0.565007249879	0.61333977767	0.60657322378	0.606089898502	0.575157080715	0.855969067182	0.651522474625	0.321894635089	0.565490575157	0.558240695988	0.859352344128	0.718221362977	0.622522957951	0.570807153214	0.587240212663	0.578540357661	0.831319478009	0.579990333494	0.558240695988	0.556790720155	0.569840502658	0.602706621556	0.584823586274	0.560657322378	0.577090381827	0.59255679072	0.75688738521	0.68970517158	0.602706621556	0.609956500725	0.594006766554	0.637022716288	0.596906718221	0.703238279362	0.677138714355	0.608023199613	0.617206379894	0.605606573224	0.697438376027	0.653939101015	0.719671338811	0.667955534074	0.649105848236	0.666505558241	0.566457225713	0.572740454326	0.579023682939	0.589656839053	0.59255679072	0.674238762687	0.586273562107	0.665538907685	0.566940550991	0.653455775737
AA4	0.508458192363	0.0	0.952150797487	0.603673272112	0.564040599323	0.496858385694	0.584823586274	0.481875302078	0.491541807637	0.535524407927	0.567423876269	0.507974867086	0.481875302078	0.861768970517	0.388110198163	0.382793620106	0.537457709038	0.533107781537	0.889801836636	0.722087965201	0.668438859352	0.581440309328	0.601256645723	0.594006766554	0.874335427743	0.630739487675	0.545190913485	0.571290478492	0.602223296278	0.630256162397	0.635089415176	0.581923634606	0.496858385694	0.520541324311	0.664572257129	0.591106814886	0.563557274045	0.515224746254	0.535524407927	0.536007733204	0.481875302078	0.633639439343	0.581923634606	0.526341227646	0.579507008217	0.554374093765	0.641855969067	0.575640405993	0.631222812953	0.585790236829	0.587240212663	0.616723054616	0.531174480425	0.531174480425	0.52779120348	0.533107781537	0.497341710971	0.608989850169	0.518124697922	0.583856935718	0.527307878202	0.576607056549
AB3	0.943934267762	0.952150797487	0.0	0.66892218463	0.921701304978	0.959400676655	0.960367327211	0.951184146931	0.942967617206	0.952150797487	0.97921701305	0.929917834703	0.974867085549	0.34026099565	0.96761720638	0.947800869986	0.976317061382	0.974867085549	0.758820686322	0.762203963267	0.894151764137	0.915418076365	0.964233929435	0.957467375544	0.853069115515	0.901884968584	0.945867568874	0.936684388594	0.864668922185	0.833736104398	0.956984050266	0.955534074432	0.963267278879	0.967133881102	0.97921701305	0.970517158047	0.980666988884	0.958917351377	0.977283711938	0.977767037216	0.976317061382	0.941034316095	0.94441759304	0.949734171097	0.979700338328	0.976317061382	0.980183663606	0.977767037216	0.977767037216	0.977767037216	0.977767037216	0.974867085549	0.980183663606	0.978733687772	0.980183663606	0.97921701305	0.978733687772	0.973900434993	0.977283711938	0.978733687772	0.977767037216	0.97921701305
AB4	0.643789270179	0.603673272112	0.66892218463	0.0	0.643305944901	0.62493958434	0.688738521025	0.633156114065	0.634122764621	0.647172547124	0.666022232963	0.629772837119	0.501208313195	0.556790720155	0.630256162397	0.60657322378	0.656839052682	0.653455775737	0.740937651039	0.576123731271	0.675688738521	0.635572740454	0.677138714355	0.663122281295	0.786853552441	0.649105848236	0.668438859352	0.663605606573	0.575640405993	0.588206863219	0.698888351861	0.663605606573	0.660705654906	0.678105364911	0.745770903818	0.687288545191	0.677622039633	0.647172547124	0.642822619623	0.659255679072	0.650072498792	0.6805219913	0.668438859352	0.647172547124	0.710004833253	0.695021749638	0.710971483809	0.663122281295	0.710488158531	0.673755437409	0.683421942968	0.676172063799	0.656839052682	0.667955534074	0.672788786854	0.658289028516	0.667472208797	0.681488641856	0.664572257129	0.66892218463	0.671822136298	0.682455292412
AC3	0.656355727405	0.564040599323	0.921701304978	0.643305944901	0.0	0.467858869019	0.635089415176	0.552440792653	0.573223779604	0.59255679072	0.626389560174	0.335911068149	0.595456742388	0.839536007733	0.590140164331	0.605606573224	0.621556307395	0.611406476559	0.863702271629	0.74528757854	0.739004349928	0.674238762687	0.72692121798	0.715804736588	0.831802803287	0.695505074915	0.656839052682	0.682455292412	0.676172063799	0.696955050749	0.709038182697	0.669405509908	0.595940067666	0.637022716288	0.620589656839	0.588206863219	0.623972933784	0.584823586274	0.575157080715	0.549057515708	0.551957467376	0.663122281295	0.638472692122	0.561140647656	0.643305944901	0.621556307395	0.58095698405	0.578057032383	0.572740454326	0.563557274045	0.586273562107	0.573223779604	0.531657805703	0.577573707105	0.573223779604	0.55099081682	0.616239729338	0.570323827936	0.608989850169	0.574673755437	0.628322861286	0.577573707105
AC4	0.579023682939	0.496858385694	0.959400676655	0.62493958434	0.467858869019	0.0	0.60415659739	0.398743354277	0.413726437893	0.505558240696	0.355727404543	0.376027066216	0.491058482359	0.869985500242	0.561623972934	0.532141130981	0.487191880135	0.46060898985	0.922184630256	0.752054132431	0.608506524891	0.535524407927	0.543740937651	0.525857902368	0.884968583857	0.601256645723	0.498791686805	0.525857902368	0.545674238763	0.581440309328	0.578540357661	0.521991300145	0.465442242629	0.478492025133	0.635572740454	0.554857419043	0.468825519575	0.495891735138	0.412276462059	0.554374093765	0.482358627356	0.681005316578	0.630256162397	0.502174963751	0.491058482359	0.473175447076	0.619623006283	0.559207346544	0.593523441276	0.569840502658	0.5601739971	0.589173513775	0.487675205413	0.49540840986	0.499275012083	0.499275012083	0.541807636539	0.590623489609	0.539874335428	0.563557274045	0.490575157081	0.550507491542
AD3	0.654905751571	0.584823586274	0.960367327211	0.688738521025	0.635089415176	0.60415659739	0.0	0.514258095698	0.62493958434	0.369260512325	0.666505558241	0.584823586274	0.630256162397	0.875302078299	0.574673755437	0.623972933784	0.666505558241	0.678588690188	0.935717738038	0.76848719188	0.708071532141	0.675688738521	0.681488641856	0.675205413243	0.91445142581	0.679072015466	0.68293861769	0.681005316578	0.678105364911	0.672788786854	0.702271628806	0.680038666022	0.610923151281	0.641855969067	0.739971000483	0.654905751571	0.666988883519	0.528757854036	0.613823102948	0.558240695988	0.565490575157	0.551474142098	0.53697438376	0.539874335428	0.683421942968	0.673272112131	0.762203963267	0.705171580474	0.746254229096	0.709521507975	0.706138231029	0.72692121798	0.647655872402	0.656839052682	0.658772353794	0.653455775737	0.61575640406	0.728854519091	0.619623006283	0.715804736588	0.681488641856	0.702754954084
AD4	0.569840502658	0.481875302078	0.951184146931	0.633156114065	0.552440792653	0.398743354277	0.514258095698	0.0	0.314644755921	0.391010149831	0.4398260029	0.480425326245	0.492508458192	0.863702271629	0.544707588207	0.515708071532	0.475592073465	0.457709038183	0.929917834703	0.757854035766	0.588206863219	0.492508458192	0.505558240696	0.501208313195	0.892701788304	0.602706621556	0.451909134848	0.477042049299	0.506524891252	0.560657322378	0.556307394877	0.499275012083	0.408409859836	0.455775737071	0.651522474625	0.565490575157	0.450459159014	0.469308844853	0.425326244563	0.554857419043	0.452392460126	0.65732237796	0.60415659739	0.475108748188	0.490575157081	0.47462542291	0.664572257129	0.602223296278	0.646689221846	0.609473175447	0.608023199613	0.633156114065	0.517158047366	0.517641372644	0.519574673755	0.535041082649	0.52537457709	0.628806186564	0.528274528758	0.610439826003	0.503624939584	0.600773320445
AE3	0.565007249879	0.491541807637	0.942967617206	0.634122764621	0.573223779604	0.413726437893	0.62493958434	0.314644755921	0.0	0.492508458192	0.413243112615	0.503624939584	0.491058482359	0.861285645239	0.552440792653	0.523441275979	0.444659255679	0.413726437893	0.92363460609	0.754470758821	0.568390526825	0.492025132914	0.491058482359	0.482358627356	0.889318511358	0.601256645723	0.439342677622	0.457709038183	0.4813919768	0.558240695988	0.540357660706	0.482358627356	0.396326727888	0.459159014016	0.681488641856	0.602223296278	0.45142580957	0.509908168197	0.450459159014	0.601256645723	0.513291445143	0.690671822136	0.636056065732	0.509424842919	0.502174963751	0.478008699855	0.67133881102	0.608023199613	0.64813919768	0.622039632673	0.61333977767	0.645239246013	0.529724504592	0.536007733204	0.534557757371	0.556790720155	0.539874335428	0.644272595457	0.555340744321	0.618656355727	0.498791686805	0.605123247946
AE4	0.61333977767	0.535524407927	0.952150797487	0.647172547124	0.59255679072	0.505558240696	0.369260512325	0.391010149831	0.492508458192	0.0	0.570323827936	0.52779120348	0.569840502658	0.866118898018	0.534074432093	0.55775737071	0.571290478492	0.582890285162	0.934751087482	0.762687288545	0.644755920735	0.580473658772	0.592073465442	0.584823586274	0.907201546641	0.626872885452	0.577573707105	0.577573707105	0.572740454326	0.602706621556	0.621556307395	0.578540357661	0.51619139681	0.550024166264	0.704204929918	0.623972933784	0.572257129048	0.465442242629	0.529724504592	0.53697438376	0.521024649589	0.606089898502	0.554374093765	0.513291445143	0.596423392943	0.586273562107	0.722087965201	0.662638956017	0.711938134364	0.677138714355	0.670372160464	0.691155147414	0.608023199613	0.602223296278	0.602706621556	0.611406476559	0.577090381827	0.687771870469	0.58337361044	0.674722087965	0.595940067666	0.666505558241
AF3	0.60657322378	0.567423876269	0.97921701305	0.666022232963	0.626389560174	0.355727404543	0.666505558241	0.4398260029	0.413243112615	0.570323827936	0.0	0.523924601257	0.529241179314	0.889801836636	0.614306428226	0.58095698405	0.467375543741	0.428709521508	0.951667472209	0.783470275495	0.608989850169	0.545190913485	0.453359110681	0.440309328178	0.917834702755	0.636056065732	0.443692605123	0.501208313195	0.53020782987	0.599806669889	0.532141130981	0.504108264862	0.434509424843	0.50459159014	0.679555340744	0.622039632673	0.43740937651	0.542774287095	0.446592556791	0.62735621073	0.545190913485	0.725471242146	0.678588690188	0.544224262929	0.509424842919	0.498791686805	0.672788786854	0.609473175447	0.664088931851	0.616723054616	0.610439826003	0.637989366844	0.546157564041	0.529241179314	0.531657805703	0.545190913485	0.583856935718	0.640889318511	0.585306911551	0.605606573224	0.512324794587	0.602223296278
AF4	0.606089898502	0.507974867086	0.929917834703	0.629772837119	0.335911068149	0.376027066216	0.584823586274	0.480425326245	0.503624939584	0.52779120348	0.523924601257	0.0	0.53939101015	0.845335911068	0.553890768487	0.547124214596	0.573707104882	0.55775737071	0.883035282745	0.721121314645	0.677622039633	0.607056549058	0.64813919768	0.637022716288	0.848719188014	0.619139681005	0.590623489609	0.61575640406	0.614306428226	0.642822619623	0.655872402127	0.607056549058	0.52779120348	0.572740454326	0.621556307395	0.541807636539	0.565490575157	0.534074432093	0.518124697922	0.515224746254	0.503141614306	0.636056065732	0.586273562107	0.499275012083	0.582406959884	0.564040599323	0.608989850169	0.565007249879	0.594490091832	0.556790720155	0.559207346544	0.590623489609	0.500241662639	0.521507974867	0.535041082649	0.505558240696	0.556790720155	0.589656839053	0.556790720155	0.555824069599	0.560657322378	0.547607539874
AG3	0.575157080715	0.481875302078	0.974867085549	0.501208313195	0.595456742388	0.491058482359	0.630256162397	0.492508458192	0.491058482359	0.569840502658	0.529241179314	0.53939101015	0.0	0.857419043016	0.521507974867	0.508941517641	0.511841469309	0.487191880135	0.927017883035	0.755920734654	0.669405509908	0.587240212663	0.589656839053	0.588206863219	0.882068632189	0.622522957951	0.546157564041	0.572740454326	0.588690188497	0.632672788787	0.628806186564	0.561623972934	0.515708071532	0.529724504592	0.65973900435	0.594006766554	0.523441275979	0.546157564041	0.503141614306	0.568873852102	0.488158530691	0.6805219913	0.630256162397	0.53020782987	0.563557274045	0.533107781537	0.616723054616	0.56935717738	0.615273078782	0.590623489609	0.579023682939	0.594006766554	0.498791686805	0.513291445143	0.5186080232	0.533591106815	0.539874335428	0.597390043499	0.554857419043	0.58337361044	0.514741420976	0.565007249879
AG4	0.855969067182	0.861768970517	0.34026099565	0.556790720155	0.839536007733	0.869985500242	0.875302078299	0.863702271629	0.861285645239	0.866118898018	0.889801836636	0.845335911068	0.857419043016	0.0	0.880618656356	0.855002416626	0.894635089415	0.894635089415	0.724987916868	0.687771870469	0.819236346061	0.838569357177	0.879168680522	0.876752054132	0.82406959884	0.819719671339	0.870952150797	0.860318994683	0.784920251329	0.742387626873	0.884485258579	0.874335427743	0.880135331078	0.880618656356	0.904784920251	0.893668438859	0.898018366361	0.869985500242	0.891735137748	0.892218463026	0.89125181247	0.860318994683	0.862735621073	0.87046882552	0.899951667472	0.892701788304	0.894151764137	0.893668438859	0.894635089415	0.890285161914	0.895118414693	0.890285161914	0.897535041083	0.892218463026	0.899951667472	0.894635089415	0.897051715805	0.892218463026	0.896085065249	0.891735137748	0.896568390527	0.898501691638
AH3	0.651522474625	0.388110198163	0.96761720638	0.630256162397	0.590140164331	0.561623972934	0.574673755437	0.544707588207	0.552440792653	0.534074432093	0.614306428226	0.553890768487	0.521507974867	0.880618656356	0.0	0.529241179314	0.59497341711	0.59497341711	0.932334461092	0.76848719188	0.709038182697	0.633639439343	0.637022716288	0.63653939101	0.904301594973	0.686321894635	0.628806186564	0.628322861286	0.650072498792	0.676655389077	0.691155147414	0.633156114065	0.545190913485	0.591106814886	0.707104881585	0.639439342678	0.618656355727	0.534074432093	0.584340260996	0.538907684872	0.546157564041	0.608023199613	0.556790720155	0.549057515708	0.640405993233	0.621556307395	0.698888351861	0.619623006283	0.66892218463	0.646205896568	0.633639439343	0.664088931851	0.578540357661	0.604639922668	0.594006766554	0.603673272112	0.558724021266	0.652005799903	0.567907201547	0.647172547124	0.585306911551	0.61575640406
AH4	0.321894635089	0.382793620106	0.947800869986	0.60657322378	0.605606573224	0.532141130981	0.623972933784	0.515708071532	0.523441275979	0.55775737071	0.58095698405	0.547124214596	0.508941517641	0.855002416626	0.529241179314	0.0	0.524891251812	0.541807636539	0.869018849686	0.710971483809	0.632189463509	0.545674238763	0.573223779604	0.566457225713	0.843402609957	0.590623489609	0.539874335428	0.541324311261	0.555824069599	0.600773320445	0.594490091832	0.546640889319	0.540357660706	0.550024166264	0.70130497825	0.637022716288	0.567907201547	0.558724021266	0.547607539874	0.577573707105	0.526824552924	0.679555340744	0.626872885452	0.564523924601	0.586273562107	0.572740454326	0.652005799903	0.598356694055	0.655872402127	0.607056549058	0.603673272112	0.620589656839	0.53020782987	0.520541324311	0.525857902368	0.530691155147	0.515224746254	0.626872885452	0.522474625423	0.606089898502	0.533591106815	0.599806669889
AA7	0.565490575157	0.537457709038	0.976317061382	0.656839052682	0.621556307395	0.487191880135	0.666505558241	0.475592073465	0.444659255679	0.571290478492	0.467375543741	0.573707104882	0.511841469309	0.894635089415	0.59497341711	0.524891251812	0.0	0.290478492025	0.911551474142	0.763170613823	0.602223296278	0.508941517641	0.499275012083	0.482841952634	0.867568873852	0.603189946834	0.462058965684	0.465925567907	0.51377477042	0.590140164331	0.519091348478	0.416143064282	0.429676172064	0.488641855969	0.718221362977	0.656355727405	0.481875302078	0.554857419043	0.488641855969	0.609473175447	0.551474142098	0.720154664089	0.677138714355	0.579990333494	0.548090865152	0.511358144031	0.669888835186	0.621072982117	0.670372160464	0.643305944901	0.605606573224	0.633639439343	0.52537457709	0.538424359594	0.528274528758	0.544224262929	0.527307878202	0.63653939101	0.544224262929	0.637022716288	0.508458192363	0.609473175447
AA8	0.558240695988	0.533107781537	0.974867085549	0.653455775737	0.611406476559	0.46060898985	0.678588690188	0.457709038183	0.413726437893	0.582890285162	0.428709521508	0.55775737071	0.487191880135	0.894635089415	0.59497341711	0.541807636539	0.290478492025	0.0	0.910584823586	0.760270662156	0.578540357661	0.499758337361	0.488158530691	0.468342194297	0.86805219913	0.598356694055	0.436442725955	0.455292411793	0.514741420976	0.589656839053	0.488158530691	0.381343644273	0.405993233446	0.479942000967	0.707588206863	0.64572257129	0.462542290962	0.554857419043	0.463992266796	0.618173030449	0.545190913485	0.732237796037	0.686321894635	0.564040599323	0.528274528758	0.494925084582	0.642339294345	0.585790236829	0.64813919768	0.622039632673	0.579990333494	0.602223296278	0.507974867086	0.516674722088	0.510391493475	0.527307878202	0.538424359594	0.606089898502	0.545674238763	0.614789753504	0.476558724021	0.578540357661
AB7	0.859352344128	0.889801836636	0.758820686322	0.740937651039	0.863702271629	0.922184630256	0.935717738038	0.929917834703	0.92363460609	0.934751087482	0.951667472209	0.883035282745	0.927017883035	0.724987916868	0.932334461092	0.869018849686	0.911551474142	0.910584823586	0.0	0.408409859836	0.807636539391	0.83325277912	0.928467858869	0.920734654422	0.718221362977	0.793136781054	0.892218463026	0.870952150797	0.749637506042	0.685838569357	0.878685355244	0.889801836636	0.926534557757	0.933301111648	0.951184146931	0.937651039149	0.951184146931	0.914934751087	0.943934267762	0.927501208313	0.927017883035	0.873368777187	0.890768487192	0.904301594973	0.958917351377	0.949250845819	0.927017883035	0.928951184147	0.928951184147	0.925567907202	0.926051232479	0.913968100532	0.911068148864	0.922667955534	0.914934751087	0.913968100532	0.922184630256	0.914934751087	0.917351377477	0.930884485259	0.945867568874	0.930884485259
AB8	0.718221362977	0.722087965201	0.762203963267	0.576123731271	0.74528757854	0.752054132431	0.76848719188	0.757854035766	0.754470758821	0.762687288545	0.783470275495	0.721121314645	0.755920734654	0.687771870469	0.76848719188	0.710971483809	0.763170613823	0.760270662156	0.408409859836	0.0	0.656355727405	0.667955534074	0.747220879652	0.736587723538	0.726437892702	0.634606089899	0.71532141131	0.695505074915	0.547607539874	0.510874818753	0.73368777187	0.736587723538	0.760753987434	0.764620589657	0.816336394393	0.769937167714	0.776703721605	0.737554374094	0.769453842436	0.751570807153	0.750604156597	0.716771387144	0.725954567424	0.730304494925	0.792170130498	0.778637022716	0.807636539391	0.7593040116	0.795070082165	0.759787336878	0.769453842436	0.769453842436	0.760753987434	0.757854035766	0.7593040116	0.753987433543	0.753504108265	0.763653939101	0.758820686322	0.758820686322	0.774770420493	0.762687288545
AC7	0.622522957951	0.668438859352	0.894151764137	0.675688738521	0.739004349928	0.608506524891	0.708071532141	0.588206863219	0.568390526825	0.644755920735	0.608989850169	0.677622039633	0.669405509908	0.819236346061	0.709038182697	0.632189463509	0.602223296278	0.578540357661	0.807636539391	0.656355727405	0.0	0.366360560657	0.58337361044	0.57177380377	0.825519574674	0.603673272112	0.554857419043	0.520541324311	0.482841952634	0.497825036249	0.576123731271	0.562107298212	0.577090381827	0.594490091832	0.81488641856	0.75688738521	0.631222812953	0.629289511841	0.623489608507	0.734171097148	0.686805219913	0.713388110198	0.702271628806	0.64813919768	0.632672788787	0.611889801837	0.82406959884	0.766070565491	0.811019816336	0.781536974384	0.757854035766	0.787336877719	0.692605123248	0.673272112131	0.678105364911	0.700821652972	0.684388593523	0.784920251329	0.68293861769	0.769453842436	0.621556307395	0.757370710488
AC8	0.570807153214	0.581440309328	0.915418076365	0.635572740454	0.674238762687	0.535524407927	0.675688738521	0.492508458192	0.492025132914	0.580473658772	0.545190913485	0.607056549058	0.587240212663	0.838569357177	0.633639439343	0.545674238763	0.508941517641	0.499758337361	0.83325277912	0.667955534074	0.366360560657	0.0	0.490575157081	0.482841952634	0.836152730788	0.557274045433	0.411793136781	0.385693571774	0.427259545674	0.491541807637	0.518124697922	0.47220879652	0.499275012083	0.521991300145	0.730787820203	0.666988883519	0.543257612373	0.557274045433	0.543740937651	0.650072498792	0.599323344611	0.674722087965	0.637022716288	0.565973900435	0.566457225713	0.542774287095	0.739487675205	0.670855485742	0.730787820203	0.702754954084	0.670855485742	0.694055099082	0.598840019333	0.582406959884	0.588690188497	0.609956500725	0.584823586274	0.692605123248	0.591106814886	0.693571773804	0.537941034316	0.65973900435
AD7	0.587240212663	0.601256645723	0.964233929435	0.677138714355	0.72692121798	0.543740937651	0.681488641856	0.505558240696	0.491058482359	0.592073465442	0.453359110681	0.64813919768	0.589656839053	0.879168680522	0.637022716288	0.573223779604	0.499275012083	0.488158530691	0.928467858869	0.747220879652	0.58337361044	0.490575157081	0.0	0.287578540358	0.895118414693	0.534557757371	0.420976317061	0.447559207347	0.485258579024	0.568390526825	0.504108264862	0.472692121798	0.479458675689	0.537457709038	0.751087481875	0.683421942968	0.508458192363	0.572257129048	0.544707588207	0.663605606573	0.608989850169	0.722087965201	0.679555340744	0.594006766554	0.566940550991	0.552440792653	0.751570807153	0.682455292412	0.746737554374	0.709521507975	0.682455292412	0.706138231029	0.619139681005	0.606089898502	0.595940067666	0.632189463509	0.598356694055	0.707104881585	0.605123247946	0.700821652972	0.557274045433	0.675688738521
AD8	0.578540357661	0.594006766554	0.957467375544	0.663122281295	0.715804736588	0.525857902368	0.675205413243	0.501208313195	0.482358627356	0.584823586274	0.440309328178	0.637022716288	0.588206863219	0.876752054132	0.63653939101	0.566457225713	0.482841952634	0.468342194297	0.920734654422	0.736587723538	0.57177380377	0.482841952634	0.287578540358	0.0	0.859352344128	0.508458192363	0.413726437893	0.445625906235	0.473175447076	0.556307394877	0.497341710971	0.462058965684	0.471725471242	0.533591106815	0.74770420493	0.675688738521	0.500724987917	0.568873852102	0.534074432093	0.65732237796	0.598840019333	0.719188013533	0.676172063799	0.589173513775	0.564523924601	0.550507491542	0.744320927985	0.674238762687	0.737071048816	0.704204929918	0.67133881102	0.698888351861	0.614789753504	0.594490091832	0.587240212663	0.620106331561	0.598840019333	0.698405026583	0.600289995167	0.693571773804	0.554374093765	0.666505558241
AE7	0.831319478009	0.874335427743	0.853069115515	0.786853552441	0.831802803287	0.884968583857	0.91445142581	0.892701788304	0.889318511358	0.907201546641	0.917834702755	0.848719188014	0.882068632189	0.82406959884	0.904301594973	0.843402609957	0.867568873852	0.86805219913	0.718221362977	0.726437892702	0.825519574674	0.836152730788	0.895118414693	0.859352344128	0.0	0.541324311261	0.870952150797	0.860802319961	0.771387143548	0.757854035766	0.837602706622	0.84485258579	0.90285161914	0.905268245529	0.931851135814	0.914934751087	0.923151280812	0.894635089415	0.910584823586	0.881585306912	0.895118414693	0.874818753021	0.882068632189	0.868535524408	0.939584340261	0.9212179797	0.888351860802	0.902368293862	0.904784920251	0.894635089415	0.898018366361	0.892218463026	0.891735137748	0.901401643306	0.901401643306	0.889801836636	0.899468342194	0.889318511358	0.898985016916	0.90043499275	0.912518124698	0.899468342194
AE8	0.579990333494	0.630739487675	0.901884968584	0.649105848236	0.695505074915	0.601256645723	0.679072015466	0.602706621556	0.601256645723	0.626872885452	0.636056065732	0.619139681005	0.622522957951	0.819719671339	0.686321894635	0.590623489609	0.603189946834	0.598356694055	0.793136781054	0.634606089899	0.603673272112	0.557274045433	0.534557757371	0.508458192363	0.541324311261	0.0	0.577573707105	0.561140647656	0.523924601257	0.524407926535	0.582890285162	0.574190430159	0.615273078782	0.624456259062	0.76848719188	0.70372160464	0.642822619623	0.611406476559	0.624456259062	0.650072498792	0.632672788787	0.681971967134	0.664572257129	0.588206863219	0.654422426293	0.641372643789	0.74770420493	0.694055099082	0.761720637989	0.709521507975	0.691638472692	0.721121314645	0.652489125181	0.638472692122	0.634606089899	0.651039149348	0.640889318511	0.718704688255	0.654422426293	0.705654905752	0.617689705172	0.68293861769
AF7	0.558240695988	0.545190913485	0.945867568874	0.668438859352	0.656839052682	0.498791686805	0.68293861769	0.451909134848	0.439342677622	0.577573707105	0.443692605123	0.590623489609	0.546157564041	0.870952150797	0.628806186564	0.539874335428	0.462058965684	0.436442725955	0.892218463026	0.71532141131	0.554857419043	0.411793136781	0.420976317061	0.413726437893	0.870952150797	0.577573707105	0.0	0.318511358144	0.462058965684	0.542774287095	0.4813919768	0.456259062349	0.427742870952	0.485258579024	0.70130497825	0.634122764621	0.465925567907	0.533591106815	0.498308361527	0.618173030449	0.551474142098	0.715804736588	0.662155630739	0.553890768487	0.532141130981	0.500724987917	0.683905268246	0.619139681005	0.689221846303	0.653455775737	0.625422909618	0.642339294345	0.561623972934	0.541807636539	0.537457709038	0.565007249879	0.555340744321	0.641855969067	0.559207346544	0.645239246013	0.493475108748	0.608989850169
AF8	0.556790720155	0.571290478492	0.936684388594	0.663605606573	0.682455292412	0.525857902368	0.681005316578	0.477042049299	0.457709038183	0.577573707105	0.501208313195	0.61575640406	0.572740454326	0.860318994683	0.628322861286	0.541324311261	0.465925567907	0.455292411793	0.870952150797	0.695505074915	0.520541324311	0.385693571774	0.447559207347	0.445625906235	0.860802319961	0.561140647656	0.318511358144	0.0	0.44224262929	0.519091348478	0.496375060416	0.4398260029	0.446109231513	0.507974867086	0.727404543258	0.662155630739	0.493475108748	0.540840985984	0.529241179314	0.631706138231	0.579023682939	0.693088448526	0.637989366844	0.562107298212	0.562107298212	0.535041082649	0.713388110198	0.64572257129	0.716288061866	0.678588690188	0.656355727405	0.667955534074	0.58095698405	0.567907201547	0.565490575157	0.59255679072	0.565973900435	0.673755437409	0.572740454326	0.674722087965	0.517641372644	0.643305944901
AG7	0.569840502658	0.602223296278	0.864668922185	0.575640405993	0.676172063799	0.545674238763	0.678105364911	0.506524891252	0.4813919768	0.572740454326	0.53020782987	0.614306428226	0.588690188497	0.784920251329	0.650072498792	0.555824069599	0.51377477042	0.514741420976	0.749637506042	0.547607539874	0.482841952634	0.427259545674	0.485258579024	0.473175447076	0.771387143548	0.523924601257	0.462058965684	0.44224262929	0.0	0.335427742871	0.520057999033	0.484775253746	0.503141614306	0.548090865152	0.752054132431	0.678105364911	0.523441275979	0.551957467376	0.546640889319	0.641855969067	0.595940067666	0.674722087965	0.638472692122	0.566940550991	0.585790236829	0.572257129048	0.742387626873	0.669405509908	0.734171097148	0.697921701305	0.672305461576	0.695988400193	0.614306428226	0.601256645723	0.606089898502	0.616239729338	0.620106331561	0.702271628806	0.627839536008	0.683905268246	0.579023682939	0.670372160464
AG8	0.602706621556	0.630256162397	0.833736104398	0.588206863219	0.696955050749	0.581440309328	0.672788786854	0.560657322378	0.558240695988	0.602706621556	0.599806669889	0.642822619623	0.632672788787	0.742387626873	0.676655389077	0.600773320445	0.590140164331	0.589656839053	0.685838569357	0.510874818753	0.497825036249	0.491541807637	0.568390526825	0.556307394877	0.757854035766	0.524407926535	0.542774287095	0.519091348478	0.335427742871	0.0	0.584340260996	0.573707104882	0.57177380377	0.593523441276	0.790236829386	0.716288061866	0.600773320445	0.578540357661	0.588690188497	0.678105364911	0.625906234896	0.677138714355	0.661188980184	0.596906718221	0.629772837119	0.61575640406	0.767520541324	0.695988400193	0.758820686322	0.717738037699	0.698405026583	0.722087965201	0.657805703238	0.643305944901	0.637989366844	0.652005799903	0.658772353794	0.72692121798	0.667955534074	0.708554857419	0.616723054616	0.696955050749
AH7	0.584823586274	0.635089415176	0.956984050266	0.698888351861	0.709038182697	0.578540357661	0.702271628806	0.556307394877	0.540357660706	0.621556307395	0.532141130981	0.655872402127	0.628806186564	0.884485258579	0.691155147414	0.594490091832	0.519091348478	0.488158530691	0.878685355244	0.73368777187	0.576123731271	0.518124697922	0.504108264862	0.497341710971	0.837602706622	0.582890285162	0.4813919768	0.496375060416	0.520057999033	0.584340260996	0.0	0.326244562591	0.550507491542	0.604639922668	0.782986950217	0.721604639923	0.560657322378	0.631222812953	0.603189946834	0.685355244079	0.643789270179	0.756404059932	0.731271145481	0.652005799903	0.634606089899	0.617206379894	0.765587240213	0.715804736588	0.762687288545	0.725471242146	0.706138231029	0.727887868536	0.634606089899	0.625422909618	0.620106331561	0.64572257129	0.632189463509	0.724987916868	0.625906234896	0.711938134364	0.608023199613	0.711938134364
AH8	0.560657322378	0.581923634606	0.955534074432	0.663605606573	0.669405509908	0.521991300145	0.680038666022	0.499275012083	0.482358627356	0.578540357661	0.504108264862	0.607056549058	0.561623972934	0.874335427743	0.633156114065	0.546640889319	0.416143064282	0.381343644273	0.889801836636	0.736587723538	0.562107298212	0.47220879652	0.472692121798	0.462058965684	0.84485258579	0.574190430159	0.456259062349	0.4398260029	0.484775253746	0.573707104882	0.326244562591	0.0	0.482841952634	0.532141130981	0.745770903818	0.679072015466	0.510391493475	0.57177380377	0.543257612373	0.639922667956	0.589656839053	0.721121314645	0.676172063799	0.595940067666	0.573223779604	0.549057515708	0.71532141131	0.660222329628	0.710971483809	0.669888835186	0.651039149348	0.671822136298	0.579507008217	0.573223779604	0.57177380377	0.592073465442	0.565490575157	0.673272112131	0.569840502658	0.665055582407	0.543740937651	0.656355727405
AA5	0.577090381827	0.496858385694	0.963267278879	0.660705654906	0.595940067666	0.465442242629	0.610923151281	0.408409859836	0.396326727888	0.51619139681	0.434509424843	0.52779120348	0.515708071532	0.880135331078	0.545190913485	0.540357660706	0.429676172064	0.405993233446	0.926534557757	0.760753987434	0.577090381827	0.499275012083	0.479458675689	0.471725471242	0.90285161914	0.615273078782	0.427742870952	0.446109231513	0.503141614306	0.57177380377	0.550507491542	0.482841952634	0.0	0.344127597873	0.681005316578	0.600289995167	0.45142580957	0.452875785404	0.46060898985	0.555340744321	0.487675205413	0.630256162397	0.580473658772	0.467375543741	0.512808119865	0.462542290962	0.694055099082	0.633639439343	0.675688738521	0.640889318511	0.6389560174	0.669405509908	0.535524407927	0.548090865152	0.553890768487	0.564040599323	0.534557757371	0.662638956017	0.549057515708	0.637022716288	0.505558240696	0.621556307395
AA6	0.59255679072	0.520541324311	0.967133881102	0.678105364911	0.637022716288	0.478492025133	0.641855969067	0.455775737071	0.459159014016	0.550024166264	0.50459159014	0.572740454326	0.529724504592	0.880618656356	0.591106814886	0.550024166264	0.488641855969	0.479942000967	0.933301111648	0.764620589657	0.594490091832	0.521991300145	0.537457709038	0.533591106815	0.905268245529	0.624456259062	0.485258579024	0.507974867086	0.548090865152	0.593523441276	0.604639922668	0.532141130981	0.344127597873	0.0	0.68293861769	0.59497341711	0.502174963751	0.491541807637	0.484291928468	0.595456742388	0.514258095698	0.663122281295	0.614789753504	0.509424842919	0.449975833736	0.402609956501	0.701788303528	0.641855969067	0.676655389077	0.652005799903	0.641372643789	0.664572257129	0.555824069599	0.548090865152	0.554857419043	0.569840502658	0.550507491542	0.667955534074	0.565007249879	0.64572257129	0.527307878202	0.634122764621
AB5	0.75688738521	0.664572257129	0.97921701305	0.745770903818	0.620589656839	0.635572740454	0.739971000483	0.651522474625	0.681488641856	0.704204929918	0.679555340744	0.621556307395	0.65973900435	0.904784920251	0.707104881585	0.70130497825	0.718221362977	0.707588206863	0.951184146931	0.816336394393	0.81488641856	0.730787820203	0.751087481875	0.74770420493	0.931851135814	0.76848719188	0.70130497825	0.727404543258	0.752054132431	0.790236829386	0.782986950217	0.745770903818	0.681005316578	0.68293861769	0.0	0.328177863702	0.608989850169	0.671822136298	0.628322861286	0.636056065732	0.610923151281	0.746254229096	0.719671338811	0.641855969067	0.636056065732	0.623489608507	0.619139681005	0.619623006283	0.633639439343	0.605123247946	0.633639439343	0.616723054616	0.601739971	0.588206863219	0.633639439343	0.614789753504	0.672788786854	0.619623006283	0.662155630739	0.612856452392	0.680038666022	0.622522957951
AB6	0.68970517158	0.591106814886	0.970517158047	0.687288545191	0.588206863219	0.554857419043	0.654905751571	0.565490575157	0.602223296278	0.623972933784	0.622039632673	0.541807636539	0.594006766554	0.893668438859	0.639439342678	0.637022716288	0.656355727405	0.64572257129	0.937651039149	0.769937167714	0.75688738521	0.666988883519	0.683421942968	0.675688738521	0.914934751087	0.70372160464	0.634122764621	0.662155630739	0.678105364911	0.716288061866	0.721604639923	0.679072015466	0.600289995167	0.59497341711	0.328177863702	0.0	0.552440792653	0.586756887385	0.561140647656	0.559207346544	0.530691155147	0.675205413243	0.632672788787	0.531174480425	0.560657322378	0.549057515708	0.591590140164	0.546640889319	0.587240212663	0.55099081682	0.554374093765	0.572257129048	0.521507974867	0.540840985984	0.570807153214	0.549540840986	0.598356694055	0.564040599323	0.584340260996	0.550024166264	0.630739487675	0.538907684872
AC5	0.602706621556	0.563557274045	0.980666988884	0.677622039633	0.623972933784	0.468825519575	0.666988883519	0.450459159014	0.45142580957	0.572257129048	0.43740937651	0.565490575157	0.523441275979	0.898018366361	0.618656355727	0.567907201547	0.481875302078	0.462542290962	0.951184146931	0.776703721605	0.631222812953	0.543257612373	0.508458192363	0.500724987917	0.923151280812	0.642822619623	0.465925567907	0.493475108748	0.523441275979	0.600773320445	0.560657322378	0.510391493475	0.45142580957	0.502174963751	0.608989850169	0.552440792653	0.0	0.448042532624	0.444175930401	0.601739971	0.522474625423	0.718704688255	0.656355727405	0.538907684872	0.457709038183	0.44224262929	0.600773320445	0.543257612373	0.612856452392	0.558724021266	0.556790720155	0.579990333494	0.494441759304	0.466408893185	0.493475108748	0.505558240696	0.568873852102	0.571290478492	0.566457225713	0.553407443209	0.520541324311	0.542290961817
AC6	0.609956500725	0.515224746254	0.958917351377	0.647172547124	0.584823586274	0.495891735138	0.528757854036	0.469308844853	0.509908168197	0.465442242629	0.542774287095	0.534074432093	0.546157564041	0.869985500242	0.534074432093	0.558724021266	0.554857419043	0.554857419043	0.914934751087	0.737554374094	0.629289511841	0.557274045433	0.572257129048	0.568873852102	0.894635089415	0.611406476559	0.533591106815	0.540840985984	0.551957467376	0.578540357661	0.631222812953	0.57177380377	0.452875785404	0.491541807637	0.671822136298	0.586756887385	0.448042532624	0.0	0.511358144031	0.507974867086	0.509908168197	0.498308361527	0.438376027066	0.420976317061	0.556790720155	0.533107781537	0.689221846303	0.635089415176	0.678105364911	0.634122764621	0.6389560174	0.666505558241	0.583856935718	0.566940550991	0.578057032383	0.580473658772	0.552440792653	0.662155630739	0.562107298212	0.63653939101	0.554857419043	0.62735621073
AD6	0.594006766554	0.535524407927	0.977283711938	0.642822619623	0.575157080715	0.412276462059	0.613823102948	0.425326244563	0.450459159014	0.529724504592	0.446592556791	0.518124697922	0.503141614306	0.891735137748	0.584340260996	0.547607539874	0.488641855969	0.463992266796	0.943934267762	0.769453842436	0.623489608507	0.543740937651	0.544707588207	0.534074432093	0.910584823586	0.624456259062	0.498308361527	0.529241179314	0.546640889319	0.588690188497	0.603189946834	0.543257612373	0.46060898985	0.484291928468	0.628322861286	0.561140647656	0.444175930401	0.511358144031	0.0	0.549057515708	0.426292895118	0.696471725471	0.649589173514	0.521024649589	0.468342194297	0.459159014016	0.598356694055	0.543740937651	0.596423392943	0.55775737071	0.555824069599	0.581923634606	0.475592073465	0.480425326245	0.479458675689	0.478975350411	0.55099081682	0.579990333494	0.55099081682	0.561140647656	0.492025132914	0.544224262929
AE5	0.637022716288	0.536007733204	0.977767037216	0.659255679072	0.549057515708	0.554374093765	0.558240695988	0.554857419043	0.601256645723	0.53697438376	0.62735621073	0.515224746254	0.568873852102	0.892218463026	0.538907684872	0.577573707105	0.609473175447	0.618173030449	0.927501208313	0.751570807153	0.734171097148	0.650072498792	0.663605606573	0.65732237796	0.881585306912	0.650072498792	0.618173030449	0.631706138231	0.641855969067	0.678105364911	0.685355244079	0.639922667956	0.555340744321	0.595456742388	0.636056065732	0.559207346544	0.601739971	0.507974867086	0.549057515708	0.0	0.362493958434	0.593523441276	0.550024166264	0.498791686805	0.637989366844	0.624456259062	0.648622522958	0.603189946834	0.642822619623	0.600773320445	0.625422909618	0.639439342678	0.554857419043	0.570807153214	0.600773320445	0.562107298212	0.56259062349	0.631706138231	0.559207346544	0.605606573224	0.582890285162	0.608989850169
AE6	0.596906718221	0.481875302078	0.976317061382	0.650072498792	0.551957467376	0.482358627356	0.565490575157	0.452392460126	0.513291445143	0.521024649589	0.545190913485	0.503141614306	0.488158530691	0.89125181247	0.546157564041	0.526824552924	0.551474142098	0.545190913485	0.927017883035	0.750604156597	0.686805219913	0.599323344611	0.608989850169	0.598840019333	0.895118414693	0.632672788787	0.551474142098	0.579023682939	0.595940067666	0.625906234896	0.643789270179	0.589656839053	0.487675205413	0.514258095698	0.610923151281	0.530691155147	0.522474625423	0.509908168197	0.426292895118	0.362493958434	0.0	0.640889318511	0.594490091832	0.477042049299	0.539874335428	0.52779120348	0.624456259062	0.565973900435	0.609473175447	0.569840502658	0.581923634606	0.60415659739	0.478975350411	0.486708554857	0.505558240696	0.497825036249	0.513291445143	0.595456742388	0.519091348478	0.578057032383	0.520057999033	0.569840502658
AF5	0.703238279362	0.633639439343	0.941034316095	0.6805219913	0.663122281295	0.681005316578	0.551474142098	0.65732237796	0.690671822136	0.606089898502	0.725471242146	0.636056065732	0.6805219913	0.860318994683	0.608023199613	0.679555340744	0.720154664089	0.732237796037	0.873368777187	0.716771387144	0.713388110198	0.674722087965	0.722087965201	0.719188013533	0.874818753021	0.681971967134	0.715804736588	0.693088448526	0.674722087965	0.677138714355	0.756404059932	0.721121314645	0.630256162397	0.663122281295	0.746254229096	0.675205413243	0.718704688255	0.498308361527	0.696471725471	0.593523441276	0.640889318511	0.0	0.29869502175	0.533107781537	0.729337844369	0.711454809087	0.762687288545	0.729821169647	0.758337361044	0.721604639923	0.740454325761	0.752054132431	0.702754954084	0.716288061866	0.727887868536	0.711938134364	0.664572257129	0.753504108265	0.67133881102	0.719188013533	0.723054615756	0.728371193813
AF6	0.677138714355	0.581923634606	0.94441759304	0.668438859352	0.638472692122	0.630256162397	0.53697438376	0.60415659739	0.636056065732	0.554374093765	0.678588690188	0.586273562107	0.630256162397	0.862735621073	0.556790720155	0.626872885452	0.677138714355	0.686321894635	0.890768487192	0.725954567424	0.702271628806	0.637022716288	0.679555340744	0.676172063799	0.882068632189	0.664572257129	0.662155630739	0.637989366844	0.638472692122	0.661188980184	0.731271145481	0.676172063799	0.580473658772	0.614789753504	0.719671338811	0.632672788787	0.656355727405	0.438376027066	0.649589173514	0.550024166264	0.594490091832	0.29869502175	0.0	0.489125181247	0.681971967134	0.664572257129	0.735137747704	0.697438376027	0.73368777187	0.688738521025	0.697921701305	0.73368777187	0.655872402127	0.667472208797	0.6805219913	0.661672305462	0.616239729338	0.723537941034	0.623489608507	0.694055099082	0.671822136298	0.681005316578
