	AA3	AA4	AB3	AB4	AC3	AC4	AD3	AD4	AE3	AE4	AF3	AF4	AG3	AG4	AH3	AH4	AA7	AA8	AB7	AB8	AC7	AC8	AD7	AD8	AE7	AE8	AF7	AF8	AG7	AG8	AH7	AH8	AA5	AA6	AB5	AB6	AC5	AC6	AD6	AE5	AE6	AF5	AF6	AG5	AH5	AH6	AA1	AA2	AB1	AB2	AC1	AC2	AD1	AD2	AE1	AE2	AF1	AF2	AG1	AG2	AH1	AH2
AA3	0.0	0.505074915418	0.930401159981	0.641372643789	0.653455775737	0.596423392943	0.677622039633	0.575157080715	0.56935717738	0.630256162397	0.609473175447	0.620106331561	0.583856935718	0.848235862736	0.671822136298	0.333977767037	0.566457225713	0.563557274045	0.861768970517	0.695021749638	0.610923151281	0.566940550991	0.595456742388	0.575157080715	0.829386176897	0.593040115998	0.553407443209	0.556307394877	0.578057032383	0.585306911551	0.584340260996	0.556307394877	0.587240212663	0.597390043499	0.744804253262	0.669888835186	0.609956500725	0.611889801837	0.601256645723	0.632189463509	0.616723054616	0.727404543258	0.698888351861	0.614306428226	0.621556307395	0.610923151281	0.69212179797	0.670855485742	0.717738037699	0.669405509908	0.662155630739	0.679555340744	0.603673272112	0.563073948768	0.559690671822	0.585790236829	0.581923634606	0.659255679072	0.596906718221	0.685355244079	0.574190430159	0.640889318511
AA4	0.505074915418	0.0	0.948284195263	0.565490575157	0.566940550991	0.501691638473	0.578057032383	0.476075398743	0.495891735138	0.521507974867	0.550024166264	0.522474625423	0.47462542291	0.856935717738	0.377960367327	0.376510391493	0.53939101015	0.538424359594	0.907201546641	0.741904301595	0.65732237796	0.564040599323	0.57177380377	0.572740454326	0.887868535524	0.639922667956	0.543257612373	0.534074432093	0.589173513775	0.619139681005	0.635089415176	0.573223779604	0.500241662639	0.512324794587	0.64813919768	0.567423876269	0.555824069599	0.493958434026	0.528274528758	0.535524407927	0.4813919768	0.626389560174	0.585790236829	0.498791686805	0.568873852102	0.57177380377	0.650072498792	0.589173513775	0.631706138231	0.587240212663	0.587723537941	0.628322861286	0.52779120348	0.510874818753	0.524407926535	0.526341227646	0.4813919768	0.600289995167	0.501208313195	0.602706621556	0.516674722088	0.555824069599
AB3	0.930401159981	0.948284195263	0.0	0.666505558241	0.906718221363	0.951667472209	0.955050749154	0.939584340261	0.928467858869	0.95601739971	0.970517158047	0.924117931368	0.96520057999	0.339777670372	0.957950700822	0.941034316095	0.970517158047	0.96761720638	0.754954084099	0.764620589657	0.893668438859	0.917351377477	0.957950700822	0.950217496375	0.850169163847	0.903334944418	0.941034316095	0.934267762204	0.852102464959	0.846302561624	0.954567423876	0.95360077332	0.957467375544	0.964717254712	0.973417109715	0.966167230546	0.972933784437	0.952634122765	0.973417109715	0.973900434993	0.972450459159	0.93523441276	0.934267762204	0.949250845819	0.977283711938	0.971967133881	0.972450459159	0.967133881102	0.971000483325	0.971967133881	0.975350410826	0.968583856936	0.973900434993	0.972933784437	0.977283711938	0.972933784437	0.971483808603	0.971000483325	0.972933784437	0.972450459159	0.970033832769	0.971000483325
AB4	0.641372643789	0.565490575157	0.666505558241	0.0	0.620589656839	0.601739971	0.677138714355	0.605606573224	0.59497341711	0.623972933784	0.636056065732	0.594006766554	0.473175447076	0.554374093765	0.598840019333	0.593523441276	0.62735621073	0.625906234896	0.739971000483	0.572740454326	0.657805703238	0.618173030449	0.642822619623	0.637022716288	0.797486708555	0.652489125181	0.628322861286	0.616723054616	0.53697438376	0.573223779604	0.68293861769	0.634606089899	0.633639439343	0.643789270179	0.721604639923	0.664088931851	0.643305944901	0.619623006283	0.62735621073	0.62493958434	0.612856452392	0.670372160464	0.650072498792	0.611406476559	0.668438859352	0.666022232963	0.699855002417	0.658772353794	0.691638472692	0.658772353794	0.660222329628	0.673755437409	0.620589656839	0.631222812953	0.635572740454	0.625906234896	0.628322861286	0.65732237796	0.626389560174	0.671822136298	0.638472692122	0.64572257129
AC3	0.653455775737	0.566940550991	0.906718221363	0.620589656839	0.0	0.491058482359	0.640889318511	0.546640889319	0.565973900435	0.596906718221	0.614789753504	0.333011116481	0.592073465442	0.82648622523	0.601256645723	0.589173513775	0.60415659739	0.595940067666	0.864185596907	0.722571290478	0.719671338811	0.664088931851	0.709521507975	0.698405026583	0.82165297245	0.681971967134	0.655389076849	0.663122281295	0.651522474625	0.672305461576	0.699371677139	0.65055582407	0.603189946834	0.625422909618	0.631222812953	0.594490091832	0.631222812953	0.586273562107	0.594490091832	0.556307394877	0.555340744321	0.661188980184	0.649105848236	0.564040599323	0.644755920735	0.647172547124	0.606089898502	0.608023199613	0.599323344611	0.578540357661	0.61333977767	0.595940067666	0.545674238763	0.579507008217	0.580473658772	0.566457225713	0.603189946834	0.576607056549	0.608989850169	0.606089898502	0.611406476559	0.59255679072
AC4	0.596423392943	0.501691638473	0.951667472209	0.601739971	0.491058482359	0.0	0.609473175447	0.408893185114	0.405509908168	0.523924601257	0.345577573707	0.409376510391	0.511358144031	0.867085548574	0.584340260996	0.542290961817	0.480908651522	0.472692121798	0.929434509425	0.763170613823	0.596423392943	0.536007733204	0.535524407927	0.515708071532	0.891735137748	0.598840019333	0.501208313195	0.511841469309	0.538424359594	0.570323827936	0.579990333494	0.52537457709	0.464958917351	0.476075398743	0.629772837119	0.535524407927	0.47220879652	0.488158530691	0.433542774287	0.565007249879	0.485258579024	0.687771870469	0.651522474625	0.512808119865	0.490091831803	0.478492025133	0.642822619623	0.594006766554	0.607539874335	0.579507008217	0.579023682939	0.616723054616	0.506524891252	0.50700821653	0.515708071532	0.521507974867	0.542774287095	0.594006766554	0.558724021266	0.579990333494	0.492508458192	0.566940550991
AD3	0.677622039633	0.578057032383	0.955050749154	0.677138714355	0.640889318511	0.609473175447	0.0	0.529241179314	0.637989366844	0.357660705655	0.665538907685	0.595456742388	0.640889318511	0.870952150797	0.572257129048	0.633639439343	0.681971967134	0.682455292412	0.945867568874	0.773803769937	0.718221362977	0.693088448526	0.702271628806	0.695021749638	0.920251329145	0.701788303528	0.695505074915	0.684388593523	0.691155147414	0.686805219913	0.717254712421	0.684871918801	0.628806186564	0.649589173514	0.739971000483	0.655389076849	0.676655389077	0.542774287095	0.639439342678	0.575640405993	0.58095698405	0.554857419043	0.528757854036	0.554374093765	0.691638472692	0.684388593523	0.758820686322	0.711454809087	0.743837602707	0.713388110198	0.700821652972	0.742387626873	0.65732237796	0.660222329628	0.67133881102	0.662155630739	0.621556307395	0.710488158531	0.637022716288	0.720637989367	0.683421942968	0.694055099082
AD4	0.575157080715	0.476075398743	0.939584340261	0.605606573224	0.546640889319	0.408893185114	0.529241179314	0.0	0.31029482842	0.422426292895	0.432576123731	0.487191880135	0.513291445143	0.853069115515	0.568873852102	0.534074432093	0.474142097632	0.462058965684	0.933301111648	0.754954084099	0.572257129048	0.506524891252	0.494441759304	0.484291928468	0.893668438859	0.597873368777	0.448525857902	0.461092315128	0.498791686805	0.543257612373	0.547607539874	0.490575157081	0.393910101498	0.440792653456	0.652005799903	0.553407443209	0.451909134848	0.456259062349	0.438376027066	0.553407443209	0.474142097632	0.656839052682	0.609473175447	0.491541807637	0.498791686805	0.486708554857	0.667472208797	0.622039632673	0.642822619623	0.618656355727	0.614789753504	0.649105848236	0.538424359594	0.526341227646	0.537941034316	0.547607539874	0.531657805703	0.618656355727	0.557274045433	0.626872885452	0.515708071532	0.589656839053
AE3	0.56935717738	0.495891735138	0.928467858869	0.59497341711	0.565973900435	0.405509908168	0.637989366844	0.31029482842	0.0	0.523441275979	0.412276462059	0.49299178347	0.508458192363	0.846302561624	0.586756887385	0.53939101015	0.453842435959	0.445142580957	0.921701304978	0.747220879652	0.55775737071	0.496858385694	0.476075398743	0.473175447076	0.890285161914	0.59497341711	0.44224262929	0.454325761237	0.483325277912	0.537457709038	0.547124214596	0.486708554857	0.410343160947	0.454325761237	0.655872402127	0.565973900435	0.4398260029	0.500241662639	0.432092798453	0.612373127115	0.517158047366	0.695988400193	0.652005799903	0.528274528758	0.489125181247	0.478975350411	0.651522474625	0.603673272112	0.629289511841	0.607056549058	0.59255679072	0.632189463509	0.533107781537	0.517158047366	0.523441275979	0.537941034316	0.539874335428	0.61333977767	0.557274045433	0.607539874335	0.506041565974	0.571290478492
AE4	0.630256162397	0.521507974867	0.95601739971	0.623972933784	0.596906718221	0.523924601257	0.357660705655	0.422426292895	0.523441275979	0.0	0.580473658772	0.543257612373	0.572740454326	0.869018849686	0.552440792653	0.572740454326	0.587723537941	0.582406959884	0.942000966651	0.765587240213	0.65973900435	0.588206863219	0.591590140164	0.586756887385	0.909134847753	0.628806186564	0.590623489609	0.582406959884	0.588690188497	0.600289995167	0.637989366844	0.584823586274	0.534074432093	0.555340744321	0.697438376027	0.609473175447	0.574190430159	0.46060898985	0.537457709038	0.532624456259	0.512324794587	0.582890285162	0.546640889319	0.499275012083	0.59497341711	0.589656839053	0.720154664089	0.668438859352	0.701788303528	0.676655389077	0.664088931851	0.69453842436	0.602706621556	0.595456742388	0.598356694055	0.611406476559	0.571290478492	0.669405509908	0.593040115998	0.683421942968	0.600289995167	0.639922667956
AF3	0.609473175447	0.550024166264	0.970517158047	0.636056065732	0.614789753504	0.345577573707	0.665538907685	0.432576123731	0.412276462059	0.580473658772	0.0	0.52537457709	0.529241179314	0.884485258579	0.623006283229	0.572257129048	0.433542774287	0.430159497342	0.951667472209	0.786853552441	0.591590140164	0.553890768487	0.448525857902	0.441275978734	0.918318028033	0.623972933784	0.435476075399	0.491541807637	0.523441275979	0.586273562107	0.523924601257	0.499758337361	0.445625906235	0.485741904302	0.666988883519	0.595456742388	0.427259545674	0.520541324311	0.449975833736	0.622039632673	0.538907684872	0.729337844369	0.690188496858	0.547607539874	0.499758337361	0.481875302078	0.670372160464	0.618173030449	0.655389076849	0.614789753504	0.604639922668	0.641372643789	0.554857419043	0.522957950701	0.539874335428	0.544224262929	0.569840502658	0.626389560174	0.585790236829	0.608023199613	0.503624939584	0.588690188497
AF4	0.620106331561	0.522474625423	0.924117931368	0.594006766554	0.333011116481	0.409376510391	0.595456742388	0.487191880135	0.49299178347	0.543257612373	0.52537457709	0.0	0.549057515708	0.840502658289	0.565973900435	0.555340744321	0.566457225713	0.561140647656	0.882551957467	0.710004833253	0.690671822136	0.61575640406	0.655389076849	0.637506041566	0.84485258579	0.634122764621	0.599323344611	0.610439826003	0.610923151281	0.631706138231	0.657805703238	0.60657322378	0.553890768487	0.574190430159	0.608506524891	0.53020782987	0.550507491542	0.53939101015	0.529241179314	0.518124697922	0.515224746254	0.635089415176	0.608023199613	0.5186080232	0.564523924601	0.567907201547	0.595940067666	0.550507491542	0.578057032383	0.537941034316	0.542774287095	0.573223779604	0.488158530691	0.516674722088	0.523441275979	0.51377477042	0.559690671822	0.547124214596	0.566940550991	0.553890768487	0.565490575157	0.526341227646
AG3	0.583856935718	0.47462542291	0.96520057999	0.473175447076	0.592073465442	0.511358144031	0.640889318511	0.513291445143	0.508458192363	0.572740454326	0.529241179314	0.549057515708	0.0	0.84726921218	0.549057515708	0.533591106815	0.498791686805	0.495891735138	0.928951184147	0.754470758821	0.674238762687	0.587240212663	0.583856935718	0.588690188497	0.885935234413	0.643789270179	0.564523924601	0.554857419043	0.600289995167	0.623489608507	0.630739487675	0.561140647656	0.526824552924	0.53020782987	0.660222329628	0.598840019333	0.52779120348	0.553407443209	0.514258095698	0.576123731271	0.512324794587	0.68970517158	0.64813919768	0.535041082649	0.559690671822	0.565490575157	0.618656355727	0.576607056549	0.608506524891	0.586273562107	0.573223779604	0.591590140164	0.517641372644	0.520541324311	0.516674722088	0.52779120348	0.533591106815	0.581923634606	0.549540840986	0.608506524891	0.50700821653	0.546157564041
AG4	0.848235862736	0.856935717738	0.339777670372	0.554374093765	0.82648622523	0.867085548574	0.870952150797	0.853069115515	0.846302561624	0.869018849686	0.884485258579	0.840502658289	0.84726921218	0.0	0.873368777187	0.853552440793	0.893185113581	0.891735137748	0.720637989367	0.6805219913	0.817303044949	0.836152730788	0.875302078299	0.865152247463	0.823102948284	0.826969550507	0.856935717738	0.849685838569	0.769937167714	0.758337361044	0.877718704688	0.87046882552	0.872402126631	0.8796520058	0.898985016916	0.887385210246	0.890285161914	0.859835669406	0.887385210246	0.883035282745	0.881101981634	0.845819236346	0.842919284679	0.861285645239	0.898501691638	0.887868535524	0.885935234413	0.885935234413	0.889318511358	0.887868535524	0.898018366361	0.887385210246	0.889801836636	0.890768487192	0.897535041083	0.893668438859	0.886901884969	0.887868535524	0.887385210246	0.890285161914	0.889801836636	0.889318511358
AH3	0.671822136298	0.377960367327	0.957950700822	0.598840019333	0.601256645723	0.584340260996	0.572257129048	0.568873852102	0.586756887385	0.552440792653	0.623006283229	0.565973900435	0.549057515708	0.873368777187	0.0	0.535041082649	0.621556307395	0.623972933784	0.926051232479	0.768970517158	0.722571290478	0.647655872402	0.641855969067	0.652972450459	0.903818269696	0.707104881585	0.654422426293	0.643305944901	0.666022232963	0.685355244079	0.706138231029	0.642339294345	0.585306911551	0.608989850169	0.716288061866	0.65055582407	0.639922667956	0.547607539874	0.623972933784	0.559207346544	0.573707104882	0.607056549058	0.574190430159	0.558724021266	0.664088931851	0.665055582407	0.707104881585	0.637989366844	0.667472208797	0.643305944901	0.656355727405	0.675205413243	0.604639922668	0.612373127115	0.615273078782	0.618173030449	0.578540357661	0.65973900435	0.576123731271	0.64813919768	0.613823102948	0.621556307395
AH4	0.333977767037	0.376510391493	0.941034316095	0.593523441276	0.589173513775	0.542290961817	0.633639439343	0.534074432093	0.53939101015	0.572740454326	0.572257129048	0.555340744321	0.533591106815	0.853552440793	0.535041082649	0.0	0.543257612373	0.53939101015	0.883518608023	0.71290478492	0.644755920735	0.568390526825	0.580473658772	0.571290478492	0.852585790237	0.616723054616	0.562107298212	0.559207346544	0.580473658772	0.608506524891	0.593040115998	0.545190913485	0.553407443209	0.554374093765	0.69212179797	0.609956500725	0.575157080715	0.556307394877	0.560657322378	0.565007249879	0.538907684872	0.680038666022	0.639439342678	0.559207346544	0.595456742388	0.594490091832	0.652489125181	0.614789753504	0.656839052682	0.607539874335	0.604639922668	0.633156114065	0.541324311261	0.519574673755	0.537457709038	0.536491058482	0.504108264862	0.608989850169	0.522957950701	0.625422909618	0.545190913485	0.582406959884
AA7	0.566457225713	0.53939101015	0.970517158047	0.62735621073	0.60415659739	0.480908651522	0.681971967134	0.474142097632	0.453842435959	0.587723537941	0.433542774287	0.566457225713	0.498791686805	0.893185113581	0.621556307395	0.543257612373	0.0	0.26147897535	0.921701304978	0.752537457709	0.596423392943	0.519091348478	0.481875302078	0.482358627356	0.872885451909	0.594006766554	0.455292411793	0.465925567907	0.510874818753	0.58337361044	0.512324794587	0.41662638956	0.445142580957	0.474142097632	0.689221846303	0.624456259062	0.454809086515	0.53020782987	0.489608506525	0.608023199613	0.555824069599	0.732237796037	0.694055099082	0.565973900435	0.525857902368	0.526824552924	0.644755920735	0.61333977767	0.660222329628	0.619139681005	0.592073465442	0.623489608507	0.522474625423	0.510391493475	0.515708071532	0.522957950701	0.531657805703	0.59255679072	0.546640889319	0.633639439343	0.50459159014	0.593040115998
AA8	0.563557274045	0.538424359594	0.96761720638	0.625906234896	0.595940067666	0.472692121798	0.682455292412	0.462058965684	0.445142580957	0.582406959884	0.430159497342	0.561140647656	0.495891735138	0.891735137748	0.623972933784	0.53939101015	0.26147897535	0.0	0.918318028033	0.743837602707	0.589656839053	0.508458192363	0.467375543741	0.466892218463	0.865152247463	0.58095698405	0.443692605123	0.453842435959	0.501691638473	0.570807153214	0.473175447076	0.377960367327	0.435476075399	0.470758820686	0.693571773804	0.623006283229	0.451909134848	0.53020782987	0.479458675689	0.607539874335	0.549057515708	0.729337844369	0.688738521025	0.556307394877	0.519091348478	0.523924601257	0.643789270179	0.611406476559	0.658772353794	0.620106331561	0.593040115998	0.616723054616	0.520541324311	0.510391493475	0.522474625423	0.521507974867	0.528274528758	0.596423392943	0.542774287095	0.631706138231	0.502174963751	0.591590140164
AB7	0.861768970517	0.907201546641	0.754954084099	0.739971000483	0.864185596907	0.929434509425	0.945867568874	0.933301111648	0.921701304978	0.942000966651	0.951667472209	0.882551957467	0.928951184147	0.720637989367	0.926051232479	0.883518608023	0.921701304978	0.918318028033	0.0	0.399710004833	0.817786370227	0.838086031899	0.936201063316	0.920734654422	0.735621072982	0.82165297245	0.887868535524	0.880135331078	0.741904301595	0.702754954084	0.886901884969	0.898018366361	0.925084581924	0.942484291928	0.942967617206	0.940067665539	0.952150797487	0.916384726921	0.950700821653	0.926051232479	0.942967617206	0.886901884969	0.880135331078	0.917834702755	0.951667472209	0.958917351377	0.929434509425	0.925567907202	0.936201063316	0.925567907202	0.934267762204	0.920251329145	0.915901401643	0.916384726921	0.9212179797	0.915901401643	0.920251329145	0.919768003867	0.922667955534	0.937651039149	0.948767520541	0.931367810536
AB8	0.695021749638	0.741904301595	0.764620589657	0.572740454326	0.722571290478	0.763170613823	0.773803769937	0.754954084099	0.747220879652	0.765587240213	0.786853552441	0.710004833253	0.754470758821	0.6805219913	0.768970517158	0.71290478492	0.752537457709	0.743837602707	0.399710004833	0.0	0.656355727405	0.665055582407	0.755920734654	0.735137747704	0.723537941034	0.654422426293	0.708554857419	0.697438376027	0.534074432093	0.517158047366	0.719671338811	0.721604639923	0.755920734654	0.770420492992	0.808119864669	0.769937167714	0.775253745771	0.739971000483	0.772837119381	0.747220879652	0.767037216046	0.732237796037	0.720154664089	0.740937651039	0.779603673272	0.784920251329	0.803769937168	0.754470758821	0.799420009667	0.761237312711	0.766553890768	0.768970517158	0.742870952151	0.751087481875	0.752054132431	0.746254229096	0.742870952151	0.755920734654	0.748187530208	0.774287095215	0.777187046883	0.758337361044
AC7	0.610923151281	0.65732237796	0.893668438859	0.657805703238	0.719671338811	0.596423392943	0.718221362977	0.572257129048	0.55775737071	0.65973900435	0.591590140164	0.690671822136	0.674238762687	0.817303044949	0.722571290478	0.644755920735	0.596423392943	0.589656839053	0.817786370227	0.656355727405	0.0	0.379893668439	0.577090381827	0.56935717738	0.826969550507	0.604639922668	0.53697438376	0.528274528758	0.483325277912	0.49299178347	0.576607056549	0.563557274045	0.564040599323	0.593040115998	0.806669888835	0.729821169647	0.62735621073	0.612373127115	0.609473175447	0.724987916868	0.682455292412	0.734654422426	0.698888351861	0.646689221846	0.635089415176	0.620106331561	0.819719671339	0.76848719188	0.804253262446	0.781536974384	0.749154180764	0.788303528275	0.700821652972	0.677138714355	0.692605123248	0.693088448526	0.678588690188	0.78008699855	0.692605123248	0.778153697438	0.637506041566	0.744804253262
AC8	0.566940550991	0.564040599323	0.917351377477	0.618173030449	0.664088931851	0.536007733204	0.693088448526	0.506524891252	0.496858385694	0.588206863219	0.553890768487	0.61575640406	0.587240212663	0.836152730788	0.647655872402	0.568390526825	0.519091348478	0.508458192363	0.838086031899	0.665055582407	0.379893668439	0.0	0.503141614306	0.495891735138	0.842919284679	0.564040599323	0.405993233446	0.39342677622	0.443692605123	0.474142097632	0.537457709038	0.478492025133	0.497825036249	0.507974867086	0.726437892702	0.653939101015	0.55775737071	0.54857419043	0.547124214596	0.641372643789	0.600773320445	0.691155147414	0.643789270179	0.573707104882	0.55775737071	0.556790720155	0.741904301595	0.688255195747	0.730304494925	0.704688255196	0.66892218463	0.702754954084	0.616239729338	0.594006766554	0.608989850169	0.613823102948	0.583856935718	0.691155147414	0.59255679072	0.703238279362	0.557274045433	0.655389076849
AD7	0.595456742388	0.57177380377	0.957950700822	0.642822619623	0.709521507975	0.535524407927	0.702271628806	0.494441759304	0.476075398743	0.591590140164	0.448525857902	0.655389076849	0.583856935718	0.875302078299	0.641855969067	0.580473658772	0.481875302078	0.467375543741	0.936201063316	0.755920734654	0.577090381827	0.503141614306	0.0	0.28709521508	0.895118414693	0.52779120348	0.40744320928	0.452392460126	0.485741904302	0.548090865152	0.501691638473	0.470758820686	0.487191880135	0.525857902368	0.732721121315	0.652489125181	0.506524891252	0.550024166264	0.537457709038	0.641855969067	0.607056549058	0.724021266312	0.686805219913	0.59255679072	0.556790720155	0.548090865152	0.739971000483	0.681005316578	0.730304494925	0.706138231029	0.660222329628	0.705171580474	0.623489608507	0.597390043499	0.60415659739	0.619139681005	0.577090381827	0.689221846303	0.596906718221	0.70130497825	0.562107298212	0.654422426293
AD8	0.575157080715	0.572740454326	0.950217496375	0.637022716288	0.698405026583	0.515708071532	0.695021749638	0.484291928468	0.473175447076	0.586756887385	0.441275978734	0.637506041566	0.588690188497	0.865152247463	0.652972450459	0.571290478492	0.482358627356	0.466892218463	0.920734654422	0.735137747704	0.56935717738	0.495891735138	0.28709521508	0.0	0.854035766071	0.489608506525	0.39342677622	0.4398260029	0.462058965684	0.519574673755	0.493958434026	0.470758820686	0.490091831803	0.52779120348	0.734654422426	0.651522474625	0.503624939584	0.546157564041	0.531174480425	0.642822619623	0.601739971	0.722087965201	0.683421942968	0.587240212663	0.55775737071	0.552440792653	0.744804253262	0.686805219913	0.739004349928	0.710004833253	0.662638956017	0.704688255196	0.631222812953	0.602706621556	0.606089898502	0.618656355727	0.59255679072	0.69212179797	0.608989850169	0.704204929918	0.564523924601	0.661672305462
AE7	0.829386176897	0.887868535524	0.850169163847	0.797486708555	0.82165297245	0.891735137748	0.920251329145	0.893668438859	0.890285161914	0.909134847753	0.918318028033	0.84485258579	0.885935234413	0.823102948284	0.903818269696	0.852585790237	0.872885451909	0.865152247463	0.735621072982	0.723537941034	0.826969550507	0.842919284679	0.895118414693	0.854035766071	0.0	0.538907684872	0.867568873852	0.85645239246	0.766070565491	0.766553890768	0.839052682455	0.847752537458	0.900918318028	0.916384726921	0.926534557757	0.920251329145	0.917834702755	0.898985016916	0.917834702755	0.873368777187	0.902368293862	0.881101981634	0.878202029966	0.880135331078	0.927501208313	0.932334461092	0.890285161914	0.898985016916	0.909134847753	0.891735137748	0.910101498308	0.897051715805	0.88883518608	0.893185113581	0.904784920251	0.889801836636	0.90285161914	0.891735137748	0.901401643306	0.903334944418	0.915901401643	0.906718221363
AE8	0.593040115998	0.639922667956	0.903334944418	0.652489125181	0.681971967134	0.598840019333	0.701788303528	0.597873368777	0.59497341711	0.628806186564	0.623972933784	0.634122764621	0.643789270179	0.826969550507	0.707104881585	0.616723054616	0.594006766554	0.58095698405	0.82165297245	0.654422426293	0.604639922668	0.564040599323	0.52779120348	0.489608506525	0.538907684872	0.0	0.579990333494	0.561140647656	0.52779120348	0.531174480425	0.563557274045	0.557274045433	0.614306428226	0.620589656839	0.754954084099	0.691155147414	0.628806186564	0.60657322378	0.621556307395	0.653939101015	0.651039149348	0.706621556307	0.682455292412	0.620589656839	0.629289511841	0.633639439343	0.74528757854	0.699371677139	0.763170613823	0.71290478492	0.68970517158	0.728854519091	0.660222329628	0.641372643789	0.647172547124	0.653455775737	0.646689221846	0.702271628806	0.663122281295	0.722571290478	0.638472692122	0.684871918801
AF7	0.553407443209	0.543257612373	0.941034316095	0.628322861286	0.655389076849	0.501208313195	0.695505074915	0.448525857902	0.44224262929	0.590623489609	0.435476075399	0.599323344611	0.564523924601	0.856935717738	0.654422426293	0.562107298212	0.455292411793	0.443692605123	0.887868535524	0.708554857419	0.53697438376	0.405993233446	0.40744320928	0.39342677622	0.867568873852	0.579990333494	0.0	0.313678105365	0.438859352344	0.511841469309	0.481875302078	0.463508941518	0.441275978734	0.489608506525	0.693571773804	0.619139681005	0.462058965684	0.515708071532	0.490575157081	0.621072982117	0.559207346544	0.707104881585	0.663605606573	0.550024166264	0.523441275979	0.519091348478	0.688738521025	0.639922667956	0.69453842436	0.67133881102	0.624456259062	0.654905751571	0.579023682939	0.550024166264	0.565973900435	0.573707104882	0.553407443209	0.637022716288	0.575157080715	0.666988883519	0.514741420976	0.607539874335
AF8	0.556307394877	0.534074432093	0.934267762204	0.616723054616	0.663122281295	0.511841469309	0.684388593523	0.461092315128	0.454325761237	0.582406959884	0.491541807637	0.610439826003	0.554857419043	0.849685838569	0.643305944901	0.559207346544	0.465925567907	0.453842435959	0.880135331078	0.697438376027	0.528274528758	0.39342677622	0.452392460126	0.4398260029	0.85645239246	0.561140647656	0.313678105365	0.0	0.432576123731	0.498791686805	0.515224746254	0.447075882069	0.446109231513	0.491541807637	0.698405026583	0.62493958434	0.48380860319	0.507974867086	0.504108264862	0.610923151281	0.556307394877	0.696471725471	0.649105848236	0.543740937651	0.531657805703	0.528757854036	0.69212179797	0.643305944901	0.690671822136	0.669405509908	0.626872885452	0.660705654906	0.581440309328	0.549540840986	0.565973900435	0.57177380377	0.542774287095	0.646205896568	0.561623972934	0.665055582407	0.520057999033	0.61575640406
AG7	0.578057032383	0.589173513775	0.852102464959	0.53697438376	0.651522474625	0.538424359594	0.691155147414	0.498791686805	0.483325277912	0.588690188497	0.523441275979	0.610923151281	0.600289995167	0.769937167714	0.666022232963	0.580473658772	0.510874818753	0.501691638473	0.741904301595	0.534074432093	0.483325277912	0.443692605123	0.485741904302	0.462058965684	0.766070565491	0.52779120348	0.438859352344	0.432576123731	0.0	0.309811503142	0.52537457709	0.487675205413	0.50700821653	0.547607539874	0.739004349928	0.651039149348	0.520057999033	0.535041082649	0.544224262929	0.633639439343	0.592073465442	0.681488641856	0.631222812953	0.57177380377	0.572257129048	0.581923634606	0.742870952151	0.68293861769	0.728371193813	0.70130497825	0.663122281295	0.704204929918	0.620106331561	0.607539874335	0.608989850169	0.620589656839	0.616239729338	0.690671822136	0.635089415176	0.695988400193	0.594006766554	0.652005799903
AG8	0.585306911551	0.619139681005	0.846302561624	0.573223779604	0.672305461576	0.570323827936	0.686805219913	0.543257612373	0.537457709038	0.600289995167	0.586273562107	0.631706138231	0.623489608507	0.758337361044	0.685355244079	0.608506524891	0.58337361044	0.570807153214	0.702754954084	0.517158047366	0.49299178347	0.474142097632	0.548090865152	0.519574673755	0.766553890768	0.531174480425	0.511841469309	0.498791686805	0.309811503142	0.0	0.568390526825	0.542774287095	0.55775737071	0.576607056549	0.761720637989	0.677138714355	0.579507008217	0.549057515708	0.575157080715	0.647172547124	0.619623006283	0.685355244079	0.64572257129	0.599806669889	0.599323344611	0.604639922668	0.765103914935	0.70372160464	0.748187530208	0.720637989367	0.688738521025	0.727404543258	0.652005799903	0.640889318511	0.637506041566	0.652489125181	0.645239246013	0.713388110198	0.666505558241	0.71290478492	0.62493958434	0.672305461576
AH7	0.584340260996	0.635089415176	0.954567423876	0.68293861769	0.699371677139	0.579990333494	0.717254712421	0.547607539874	0.547124214596	0.637989366844	0.523924601257	0.657805703238	0.630739487675	0.877718704688	0.706138231029	0.593040115998	0.512324794587	0.473175447076	0.886901884969	0.719671338811	0.576607056549	0.537457709038	0.501691638473	0.493958434026	0.839052682455	0.563557274045	0.481875302078	0.515224746254	0.52537457709	0.568390526825	0.0	0.344127597873	0.573707104882	0.604639922668	0.767037216046	0.698888351861	0.552924117931	0.611889801837	0.602706621556	0.666505558241	0.653455775737	0.768970517158	0.741904301595	0.646205896568	0.625422909618	0.622522957951	0.761720637989	0.72692121798	0.761720637989	0.72450459159	0.704688255196	0.732721121315	0.643305944901	0.627839536008	0.631222812953	0.63653939101	0.628806186564	0.720154664089	0.643305944901	0.727887868536	0.62493958434	0.706621556307
AH8	0.556307394877	0.573223779604	0.95360077332	0.634606089899	0.65055582407	0.52537457709	0.684871918801	0.490575157081	0.486708554857	0.584823586274	0.499758337361	0.60657322378	0.561140647656	0.87046882552	0.642339294345	0.545190913485	0.41662638956	0.377960367327	0.898018366361	0.721604639923	0.563557274045	0.478492025133	0.470758820686	0.470758820686	0.847752537458	0.557274045433	0.463508941518	0.447075882069	0.487675205413	0.542774287095	0.344127597873	0.0	0.501208313195	0.528757854036	0.737071048816	0.664088931851	0.51619139681	0.553890768487	0.546157564041	0.620589656839	0.602223296278	0.728371193813	0.690671822136	0.593040115998	0.572257129048	0.567907201547	0.712421459642	0.668438859352	0.714838086032	0.674238762687	0.647172547124	0.676655389077	0.59497341711	0.574673755437	0.579507008217	0.585790236829	0.563557274045	0.664088931851	0.578057032383	0.68293861769	0.561140647656	0.648622522958
AA5	0.587240212663	0.500241662639	0.957467375544	0.633639439343	0.603189946834	0.464958917351	0.628806186564	0.393910101498	0.410343160947	0.534074432093	0.445625906235	0.553890768487	0.526824552924	0.872402126631	0.585306911551	0.553407443209	0.445142580957	0.435476075399	0.925084581924	0.755920734654	0.564040599323	0.497825036249	0.487191880135	0.490091831803	0.900918318028	0.614306428226	0.441275978734	0.446109231513	0.50700821653	0.55775737071	0.573707104882	0.501208313195	0.0	0.335911068149	0.674722087965	0.576123731271	0.47462542291	0.436442725955	0.467375543741	0.569840502658	0.492508458192	0.638472692122	0.589173513775	0.473658772354	0.51377477042	0.487191880135	0.699855002417	0.650072498792	0.674238762687	0.649589173514	0.642339294345	0.676655389077	0.544224262929	0.553890768487	0.570323827936	0.568390526825	0.52779120348	0.647655872402	0.557274045433	0.646205896568	0.514258095698	0.608506524891
AA6	0.597390043499	0.512324794587	0.964717254712	0.643789270179	0.625422909618	0.476075398743	0.649589173514	0.440792653456	0.454325761237	0.555340744321	0.485741904302	0.574190430159	0.53020782987	0.8796520058	0.608989850169	0.554374093765	0.474142097632	0.470758820686	0.942484291928	0.770420492992	0.593040115998	0.507974867086	0.525857902368	0.52779120348	0.916384726921	0.620589656839	0.489608506525	0.491541807637	0.547607539874	0.576607056549	0.604639922668	0.528757854036	0.335911068149	0.0	0.672788786854	0.57177380377	0.50459159014	0.477042049299	0.47220879652	0.59255679072	0.506524891252	0.677622039633	0.625906234896	0.517158047366	0.44900918318	0.43064282262	0.690671822136	0.640405993233	0.666505558241	0.640405993233	0.628806186564	0.666022232963	0.552440792653	0.550507491542	0.570323827936	0.56259062349	0.532624456259	0.639922667956	0.555824069599	0.640405993233	0.522957950701	0.606089898502
AB5	0.744804253262	0.64813919768	0.973417109715	0.721604639923	0.631222812953	0.629772837119	0.739971000483	0.652005799903	0.655872402127	0.697438376027	0.666988883519	0.608506524891	0.660222329628	0.898985016916	0.716288061866	0.69212179797	0.689221846303	0.693571773804	0.942967617206	0.808119864669	0.806669888835	0.726437892702	0.732721121315	0.734654422426	0.926534557757	0.754954084099	0.693571773804	0.698405026583	0.739004349928	0.761720637989	0.767037216046	0.737071048816	0.674722087965	0.672788786854	0.0	0.321411309812	0.60415659739	0.666022232963	0.611406476559	0.637506041566	0.602223296278	0.739971000483	0.728854519091	0.642339294345	0.609956500725	0.608506524891	0.618656355727	0.613823102948	0.630739487675	0.596906718221	0.623006283229	0.610923151281	0.590623489609	0.590140164331	0.604639922668	0.602706621556	0.648622522958	0.584823586274	0.652489125181	0.605606573224	0.65732237796	0.599323344611
AB6	0.669888835186	0.567423876269	0.966167230546	0.664088931851	0.594490091832	0.535524407927	0.655389076849	0.553407443209	0.565973900435	0.609473175447	0.595456742388	0.53020782987	0.598840019333	0.887385210246	0.65055582407	0.609956500725	0.624456259062	0.623006283229	0.940067665539	0.769937167714	0.729821169647	0.653939101015	0.652489125181	0.651522474625	0.920251329145	0.691155147414	0.619139681005	0.62493958434	0.651039149348	0.677138714355	0.698888351861	0.664088931851	0.576123731271	0.57177380377	0.321411309812	0.0	0.535041082649	0.574673755437	0.540357660706	0.566457225713	0.521991300145	0.683421942968	0.64572257129	0.528274528758	0.524891251812	0.523441275979	0.595940067666	0.551957467376	0.590140164331	0.548090865152	0.541324311261	0.578540357661	0.510391493475	0.530691155147	0.542774287095	0.542290961817	0.573707104882	0.541324311261	0.58095698405	0.55099081682	0.596906718221	0.521507974867
AC5	0.609956500725	0.555824069599	0.972933784437	0.643305944901	0.631222812953	0.47220879652	0.676655389077	0.451909134848	0.4398260029	0.574190430159	0.427259545674	0.550507491542	0.52779120348	0.890285161914	0.639922667956	0.575157080715	0.454809086515	0.451909134848	0.952150797487	0.775253745771	0.62735621073	0.55775737071	0.506524891252	0.503624939584	0.917834702755	0.628806186564	0.462058965684	0.48380860319	0.520057999033	0.579507008217	0.552924117931	0.51619139681	0.47462542291	0.50459159014	0.60415659739	0.535041082649	0.0	0.434992750121	0.442725954567	0.597873368777	0.5186080232	0.725954567424	0.66892218463	0.547607539874	0.443692605123	0.444175930401	0.593523441276	0.5601739971	0.607539874335	0.560657322378	0.540840985984	0.58095698405	0.496858385694	0.472692121798	0.482841952634	0.502174963751	0.558240695988	0.560657322378	0.581440309328	0.561623972934	0.521991300145	0.517158047366
AC6	0.611889801837	0.493958434026	0.952634122765	0.619623006283	0.586273562107	0.488158530691	0.542774287095	0.456259062349	0.500241662639	0.46060898985	0.520541324311	0.53939101015	0.553407443209	0.859835669406	0.547607539874	0.556307394877	0.53020782987	0.53020782987	0.916384726921	0.739971000483	0.612373127115	0.54857419043	0.550024166264	0.546157564041	0.898985016916	0.60657322378	0.515708071532	0.507974867086	0.535041082649	0.549057515708	0.611889801837	0.553890768487	0.436442725955	0.477042049299	0.666022232963	0.574673755437	0.434992750121	0.0	0.498308361527	0.514258095698	0.492508458192	0.508458192363	0.460125664572	0.426776220396	0.551474142098	0.538907684872	0.690671822136	0.643789270179	0.667955534074	0.630739487675	0.633639439343	0.672788786854	0.573223779604	0.56935717738	0.574673755437	0.585306911551	0.53697438376	0.644755920735	0.565490575157	0.63653939101	0.559207346544	0.602223296278
AD6	0.601256645723	0.528274528758	0.973417109715	0.62735621073	0.594490091832	0.433542774287	0.639439342678	0.438376027066	0.432092798453	0.537457709038	0.449975833736	0.529241179314	0.514258095698	0.887385210246	0.623972933784	0.560657322378	0.489608506525	0.479458675689	0.950700821653	0.772837119381	0.609473175447	0.547124214596	0.537457709038	0.531174480425	0.917834702755	0.621556307395	0.490575157081	0.504108264862	0.544224262929	0.575157080715	0.602706621556	0.546157564041	0.467375543741	0.47220879652	0.611406476559	0.540357660706	0.442725954567	0.498308361527	0.0	0.556790720155	0.425809569841	0.709038182697	0.661188980184	0.533107781537	0.447075882069	0.450942484292	0.59497341711	0.552440792653	0.594006766554	0.55099081682	0.540357660706	0.579023682939	0.471725471242	0.46302561624	0.475592073465	0.482841952634	0.541807636539	0.556790720155	0.554857419043	0.568873852102	0.475108748188	0.519574673755
AE5	0.632189463509	0.535524407927	0.973900434993	0.62493958434	0.556307394877	0.565007249879	0.575640405993	0.553407443209	0.612373127115	0.532624456259	0.622039632673	0.518124697922	0.576123731271	0.883035282745	0.559207346544	0.565007249879	0.608023199613	0.607539874335	0.926051232479	0.747220879652	0.724987916868	0.641372643789	0.641855969067	0.642822619623	0.873368777187	0.653939101015	0.621072982117	0.610923151281	0.633639439343	0.647172547124	0.666505558241	0.620589656839	0.569840502658	0.59255679072	0.637506041566	0.566457225713	0.597873368777	0.514258095698	0.556790720155	0.0	0.361527307878	0.612373127115	0.574190430159	0.514258095698	0.61575640406	0.627839536008	0.653939101015	0.616723054616	0.6389560174	0.607056549058	0.625422909618	0.64813919768	0.53697438376	0.567907201547	0.590623489609	0.559690671822	0.54857419043	0.610923151281	0.552924117931	0.626389560174	0.584823586274	0.594006766554
AE6	0.616723054616	0.4813919768	0.972450459159	0.612856452392	0.555340744321	0.485258579024	0.58095698405	0.474142097632	0.517158047366	0.512324794587	0.538907684872	0.515224746254	0.512324794587	0.881101981634	0.573707104882	0.538907684872	0.555824069599	0.549057515708	0.942967617206	0.767037216046	0.682455292412	0.600773320445	0.607056549058	0.601739971	0.902368293862	0.651039149348	0.559207346544	0.556307394877	0.592073465442	0.619623006283	0.653455775737	0.602223296278	0.492508458192	0.506524891252	0.602223296278	0.521991300145	0.5186080232	0.492508458192	0.425809569841	0.361527307878	0.0	0.651039149348	0.595456742388	0.480425326245	0.528757854036	0.543257612373	0.624456259062	0.580473658772	0.60415659739	0.575640405993	0.581923634606	0.612856452392	0.49540840986	0.500724987917	0.521507974867	0.510874818753	0.51377477042	0.583856935718	0.540840985984	0.585306911551	0.519574673755	0.552924117931
AF5	0.727404543258	0.626389560174	0.93523441276	0.670372160464	0.661188980184	0.687771870469	0.554857419043	0.656839052682	0.695988400193	0.582890285162	0.729337844369	0.635089415176	0.68970517158	0.845819236346	0.607056549058	0.680038666022	0.732237796037	0.729337844369	0.886901884969	0.732237796037	0.734654422426	0.691155147414	0.724021266312	0.722087965201	0.881101981634	0.706621556307	0.707104881585	0.696471725471	0.681488641856	0.685355244079	0.768970517158	0.728371193813	0.638472692122	0.677622039633	0.739971000483	0.683421942968	0.725954567424	0.508458192363	0.709038182697	0.612373127115	0.651039149348	0.0	0.277428709522	0.5601739971	0.737554374094	0.727887868536	0.764620589657	0.73610439826	0.757370710488	0.715804736588	0.747220879652	0.760270662156	0.700821652972	0.731754470759	0.734654422426	0.728371193813	0.683905268246	0.728854519091	0.68970517158	0.723537941034	0.719671338811	0.723054615756
AF6	0.698888351861	0.585790236829	0.934267762204	0.650072498792	0.649105848236	0.651522474625	0.528757854036	0.609473175447	0.652005799903	0.546640889319	0.690188496858	0.608023199613	0.64813919768	0.842919284679	0.574190430159	0.639439342678	0.694055099082	0.688738521025	0.880135331078	0.720154664089	0.698888351861	0.643789270179	0.686805219913	0.683421942968	0.878202029966	0.682455292412	0.663605606573	0.649105848236	0.631222812953	0.64572257129	0.741904301595	0.690671822136	0.589173513775	0.625906234896	0.728854519091	0.64572257129	0.66892218463	0.460125664572	0.661188980184	0.574190430159	0.595456742388	0.277428709522	0.0	0.51619139681	0.685355244079	0.677622039633	0.748187530208	0.711938134364	0.738037699372	0.700338327695	0.702754954084	0.749154180764	0.655872402127	0.684388593523	0.689221846303	0.681488641856	0.632189463509	0.713388110198	0.640889318511	0.703238279362	0.679555340744	0.681971967134
