	AA3	AA4	AB3	AB4	AC3	AC4	AD3	AD4	AE3	AE4	AF3	AF4	AG3	AG4	AH3	AH4	AA7	AA8	AB7	AB8	AC7	AC8	AD7	AD8	AE7	AE8	AF7	AF8	AG7	AG8	AH7	AH8	AA5	AA6	AB5	AB6	AC5	AC6	AD6	AE5	AE6	AF5	AF6	AG5	AH5	AH6	AA1	AA2	AB1	AB2	AC1	AC2	AD1	AD2	AE1	AE2	AF1	AF2	AG1	AG2	AH1	AH2
AA3	0.0	0.491541807637	0.93523441276	0.637506041566	0.655389076849	0.576123731271	0.681005316578	0.58095698405	0.579990333494	0.628806186564	0.598840019333	0.599806669889	0.578057032383	0.860318994683	0.651039149348	0.324311261479	0.57177380377	0.571290478492	0.872402126631	0.717738037699	0.620589656839	0.567423876269	0.578057032383	0.587723537941	0.830352827453	0.584823586274	0.564523924601	0.553890768487	0.59497341711	0.59255679072	0.586273562107	0.559690671822	0.584340260996	0.594006766554	0.743837602707	0.689221846303	0.593040115998	0.623006283229	0.606089898502	0.609473175447	0.606089898502	0.699371677139	0.697921701305	0.630256162397	0.617206379894	0.609473175447	0.688255195747	0.653939101015	0.713388110198	0.671822136298	0.643789270179	0.667472208797	0.582406959884	0.565490575157	0.579990333494	0.574673755437	0.585306911551	0.662638956017	0.589656839053	0.652489125181	0.577090381827	0.649589173514
AA4	0.491541807637	0.0	0.947317544708	0.568873852102	0.565007249879	0.489125181247	0.601739971	0.477525374577	0.485741904302	0.535041082649	0.561140647656	0.500724987917	0.467858869019	0.87046882552	0.363943934268	0.377477042049	0.532141130981	0.523924601257	0.901884968584	0.738037699372	0.665538907685	0.570323827936	0.591106814886	0.580473658772	0.879168680522	0.624456259062	0.55099081682	0.563073948768	0.600289995167	0.620589656839	0.633639439343	0.563073948768	0.509424842919	0.515224746254	0.669888835186	0.602706621556	0.56259062349	0.522957950701	0.528274528758	0.533591106815	0.487675205413	0.625422909618	0.620106331561	0.527307878202	0.58337361044	0.555340744321	0.643305944901	0.586273562107	0.614789753504	0.589656839053	0.59255679072	0.614789753504	0.521024649589	0.517158047366	0.53697438376	0.516674722088	0.496375060416	0.611406476559	0.503624939584	0.584823586274	0.53020782987	0.571290478492
AB3	0.93523441276	0.947317544708	0.0	0.667472208797	0.915418076365	0.950217496375	0.951184146931	0.941034316095	0.939101014983	0.951184146931	0.970033832769	0.935717738038	0.964233929435	0.347027549541	0.959884001933	0.937167713871	0.969550507492	0.96520057999	0.739971000483	0.764137264379	0.89125181247	0.904301594973	0.961817303045	0.957467375544	0.848235862736	0.894635089415	0.938134364427	0.929917834703	0.846785886902	0.845335911068	0.955050749154	0.956500724988	0.952634122765	0.9584340261	0.971967133881	0.963267278879	0.970517158047	0.949734171097	0.970033832769	0.971967133881	0.971000483325	0.933784436926	0.927984533591	0.944900918318	0.977767037216	0.968100531658	0.972933784437	0.974867085549	0.965683905268	0.971967133881	0.97680038666	0.970033832769	0.971483808603	0.974383760271	0.980183663606	0.971967133881	0.971000483325	0.969067182214	0.969550507492	0.970033832769	0.971967133881	0.969067182214
AB4	0.637506041566	0.568873852102	0.667472208797	0.0	0.639922667956	0.598840019333	0.683421942968	0.610923151281	0.621556307395	0.637989366844	0.651039149348	0.598840019333	0.484291928468	0.579507008217	0.605606573224	0.601256645723	0.632189463509	0.628806186564	0.714838086032	0.571290478492	0.660705654906	0.61575640406	0.665538907685	0.651039149348	0.787336877719	0.629772837119	0.643305944901	0.628806186564	0.551474142098	0.579990333494	0.688255195747	0.648622522958	0.643305944901	0.65973900435	0.728371193813	0.676655389077	0.656839052682	0.637989366844	0.632672788787	0.632672788787	0.616239729338	0.667955534074	0.658289028516	0.629772837119	0.687288545191	0.670855485742	0.702754954084	0.659255679072	0.687771870469	0.664572257129	0.659255679072	0.668438859352	0.632189463509	0.637022716288	0.65732237796	0.63653939101	0.636056065732	0.671822136298	0.630256162397	0.657805703238	0.647655872402	0.649589173514
AC3	0.655389076849	0.565007249879	0.915418076365	0.639922667956	0.0	0.492025132914	0.653455775737	0.544224262929	0.556790720155	0.596906718221	0.612373127115	0.321894635089	0.601739971	0.843885935234	0.59497341711	0.607056549058	0.62493958434	0.608506524891	0.872402126631	0.761237312711	0.728371193813	0.664088931851	0.728371193813	0.699371677139	0.82648622523	0.674238762687	0.65732237796	0.686321894635	0.671822136298	0.688255195747	0.70372160464	0.654905751571	0.61575640406	0.637022716288	0.624456259062	0.583856935718	0.635089415176	0.577573707105	0.578540357661	0.547124214596	0.542774287095	0.65732237796	0.654905751571	0.559690671822	0.645239246013	0.640889318511	0.593040115998	0.585790236829	0.58095698405	0.568390526825	0.604639922668	0.596906718221	0.543257612373	0.570807153214	0.585306911551	0.5601739971	0.60657322378	0.582406959884	0.603673272112	0.594006766554	0.605606573224	0.589173513775
AC4	0.576123731271	0.489125181247	0.950217496375	0.598840019333	0.492025132914	0.0	0.623972933784	0.393910101498	0.398260029	0.519574673755	0.344610923151	0.402126631223	0.501208313195	0.872402126631	0.558724021266	0.52779120348	0.476075398743	0.462542290962	0.923151280812	0.758337361044	0.581923634606	0.519574673755	0.52537457709	0.506041565974	0.890768487192	0.578057032383	0.489125181247	0.505558240696	0.528757854036	0.5601739971	0.566457225713	0.505558240696	0.445625906235	0.47462542291	0.639922667956	0.575640405993	0.453842435959	0.505558240696	0.406476558724	0.551474142098	0.458675688739	0.674722087965	0.665055582407	0.502658289029	0.508458192363	0.478492025133	0.642339294345	0.591106814886	0.608989850169	0.593040115998	0.589173513775	0.617206379894	0.503141614306	0.501691638473	0.512324794587	0.511358144031	0.531174480425	0.605123247946	0.550507491542	0.583856935718	0.46302561624	0.575640405993
AD3	0.681005316578	0.601739971	0.951184146931	0.683421942968	0.653455775737	0.623972933784	0.0	0.522474625423	0.638472692122	0.362493958434	0.681488641856	0.598356694055	0.648622522958	0.878685355244	0.567907201547	0.632672788787	0.682455292412	0.685355244079	0.935717738038	0.775737071049	0.71290478492	0.688255195747	0.705171580474	0.699855002417	0.91445142581	0.705654905752	0.699371677139	0.695988400193	0.691638472692	0.694055099082	0.720637989367	0.691155147414	0.638472692122	0.659255679072	0.745770903818	0.677622039633	0.684388593523	0.542290961817	0.626872885452	0.588206863219	0.581440309328	0.565007249879	0.5601739971	0.559690671822	0.699855002417	0.687288545191	0.775737071049	0.71290478492	0.740454325761	0.73368777187	0.708554857419	0.737071048816	0.658772353794	0.667955534074	0.673272112131	0.664088931851	0.627839536008	0.731754470759	0.638472692122	0.722087965201	0.687288545191	0.709038182697
AD4	0.58095698405	0.477525374577	0.941034316095	0.610923151281	0.544224262929	0.393910101498	0.522474625423	0.0	0.324311261479	0.406959884002	0.437892701788	0.464475592073	0.50459159014	0.862735621073	0.529724504592	0.527307878202	0.471725471242	0.456259062349	0.928951184147	0.760753987434	0.573223779604	0.499758337361	0.5186080232	0.49299178347	0.898018366361	0.586756887385	0.462058965684	0.484291928468	0.499275012083	0.55099081682	0.552924117931	0.488641855969	0.409859835669	0.456742387627	0.662638956017	0.592073465442	0.456742387627	0.475592073465	0.429676172064	0.544707588207	0.447075882069	0.636056065732	0.624456259062	0.478492025133	0.522474625423	0.474142097632	0.662155630739	0.608023199613	0.630256162397	0.62493958434	0.60657322378	0.632189463509	0.519091348478	0.520541324311	0.520541324311	0.530691155147	0.526824552924	0.628806186564	0.537457709038	0.614306428226	0.497825036249	0.593523441276
AE3	0.579990333494	0.485741904302	0.939101014983	0.621556307395	0.556790720155	0.398260029	0.638472692122	0.324311261479	0.0	0.520541324311	0.392460125665	0.481875302078	0.504108264862	0.870952150797	0.555340744321	0.52537457709	0.441275978734	0.429676172064	0.927984533591	0.756404059932	0.561140647656	0.490575157081	0.48622522958	0.468342194297	0.893185113581	0.581923634606	0.434992750121	0.450942484292	0.490091831803	0.554374093765	0.537941034316	0.47220879652	0.402609956501	0.459159014016	0.663122281295	0.604639922668	0.418559690672	0.523441275979	0.426292895118	0.593040115998	0.505074915418	0.684388593523	0.667955534074	0.521991300145	0.504108264862	0.458192363461	0.655389076849	0.603673272112	0.626389560174	0.612856452392	0.600773320445	0.626872885452	0.520541324311	0.522474625423	0.524891251812	0.52779120348	0.543740937651	0.626389560174	0.558724021266	0.605123247946	0.493475108748	0.587723537941
AE4	0.628806186564	0.535041082649	0.951184146931	0.637989366844	0.596906718221	0.519574673755	0.362493958434	0.406959884002	0.520541324311	0.0	0.585790236829	0.537457709038	0.579990333494	0.874818753021	0.53939101015	0.576123731271	0.584823586274	0.585306911551	0.931851135814	0.763170613823	0.663605606573	0.602706621556	0.608989850169	0.592073465442	0.910101498308	0.618656355727	0.598840019333	0.596423392943	0.588690188497	0.60657322378	0.651522474625	0.59497341711	0.53697438376	0.555340744321	0.692605123248	0.621072982117	0.574673755437	0.457225712905	0.535524407927	0.533591106815	0.497341710971	0.574190430159	0.558724021266	0.489125181247	0.60657322378	0.589173513775	0.720154664089	0.664572257129	0.693571773804	0.679555340744	0.67133881102	0.690188496858	0.599806669889	0.596906718221	0.598840019333	0.601739971	0.574190430159	0.683905268246	0.594490091832	0.672788786854	0.593040115998	0.656355727405
AF3	0.598840019333	0.561140647656	0.970033832769	0.651039149348	0.612373127115	0.344610923151	0.681488641856	0.437892701788	0.392460125665	0.585790236829	0.0	0.505558240696	0.541324311261	0.895601739971	0.612373127115	0.591590140164	0.453359110681	0.439342677622	0.953117448043	0.789753504108	0.584823586274	0.538907684872	0.459159014016	0.449975833736	0.91445142581	0.606089898502	0.447559207347	0.493958434026	0.532624456259	0.590623489609	0.522474625423	0.493958434026	0.435959400677	0.50459159014	0.666022232963	0.622039632673	0.39584340261	0.55099081682	0.434509424843	0.615273078782	0.522957950701	0.714838086032	0.706138231029	0.552440792653	0.504108264862	0.466408893185	0.660222329628	0.608989850169	0.649589173514	0.613823102948	0.605606573224	0.634606089899	0.541807636539	0.520057999033	0.523441275979	0.531657805703	0.577573707105	0.632189463509	0.589656839053	0.597390043499	0.49540840986	0.591590140164
AF4	0.599806669889	0.500724987917	0.935717738038	0.598840019333	0.321894635089	0.402126631223	0.598356694055	0.464475592073	0.481875302078	0.537457709038	0.505558240696	0.0	0.540840985984	0.859835669406	0.538907684872	0.544224262929	0.561140647656	0.543740937651	0.889801836636	0.734654422426	0.678588690188	0.611406476559	0.649105848236	0.628322861286	0.849202513291	0.628806186564	0.584823586274	0.617689705172	0.617206379894	0.637506041566	0.640405993233	0.591590140164	0.542774287095	0.567423876269	0.622522957951	0.551474142098	0.559207346544	0.538907684872	0.501691638473	0.491541807637	0.47462542291	0.630739487675	0.623972933784	0.512808119865	0.565007249879	0.558240695988	0.612373127115	0.558724021266	0.578057032383	0.551957467376	0.551474142098	0.573707104882	0.494441759304	0.502658289029	0.526824552924	0.503624939584	0.541807636539	0.567907201547	0.547124214596	0.54857419043	0.535524407927	0.53939101015
AG3	0.578057032383	0.467858869019	0.964233929435	0.484291928468	0.601739971	0.501208313195	0.648622522958	0.50459159014	0.504108264862	0.579990333494	0.541324311261	0.540840985984	0.0	0.864668922185	0.51619139681	0.529724504592	0.518124697922	0.503141614306	0.924601256646	0.762203963267	0.66892218463	0.590140164331	0.593040115998	0.582406959884	0.886418559691	0.633156114065	0.551474142098	0.573707104882	0.60657322378	0.623006283229	0.637989366844	0.561140647656	0.526824552924	0.526824552924	0.66892218463	0.614789753504	0.542774287095	0.538907684872	0.524407926535	0.576123731271	0.500241662639	0.665055582407	0.658772353794	0.542774287095	0.573707104882	0.549057515708	0.620106331561	0.588206863219	0.623489608507	0.606089898502	0.584340260996	0.597390043499	0.517641372644	0.528757854036	0.543740937651	0.53697438376	0.537941034316	0.605606573224	0.549540840986	0.598356694055	0.521991300145	0.571290478492
AG4	0.860318994683	0.87046882552	0.347027549541	0.579507008217	0.843885935234	0.872402126631	0.878685355244	0.862735621073	0.870952150797	0.874818753021	0.895601739971	0.859835669406	0.864668922185	0.0	0.884485258579	0.858385693572	0.900918318028	0.895601739971	0.697438376027	0.688738521025	0.82406959884	0.83325277912	0.890768487192	0.884968583857	0.826002899952	0.826969550507	0.868535524408	0.854519091348	0.771870468826	0.756404059932	0.889318511358	0.882551957467	0.880135331078	0.887385210246	0.906718221363	0.896085065249	0.897535041083	0.874818753021	0.895118414693	0.892218463026	0.89125181247	0.861285645239	0.856935717738	0.870952150797	0.905268245529	0.898018366361	0.895601739971	0.895118414693	0.893668438859	0.895118414693	0.905268245529	0.894635089415	0.898985016916	0.894151764137	0.906234896085	0.896085065249	0.896568390527	0.898018366361	0.896085065249	0.892701788304	0.901884968584	0.896568390527
AH3	0.651039149348	0.363943934268	0.959884001933	0.605606573224	0.59497341711	0.558724021266	0.567907201547	0.529724504592	0.555340744321	0.53939101015	0.612373127115	0.538907684872	0.51619139681	0.884485258579	0.0	0.527307878202	0.596423392943	0.595456742388	0.927017883035	0.769453842436	0.705654905752	0.636056065732	0.641855969067	0.631706138231	0.90285161914	0.686321894635	0.632189463509	0.62735621073	0.654905751571	0.679555340744	0.686805219913	0.621556307395	0.555340744321	0.58095698405	0.711454809087	0.648622522958	0.633156114065	0.541324311261	0.596423392943	0.55099081682	0.549057515708	0.595456742388	0.579990333494	0.561623972934	0.643305944901	0.616723054616	0.710004833253	0.629772837119	0.659255679072	0.652005799903	0.644755920735	0.664572257129	0.596906718221	0.604639922668	0.609956500725	0.600289995167	0.565973900435	0.672305461576	0.565007249879	0.64572257129	0.594006766554	0.611889801837
AH4	0.324311261479	0.377477042049	0.937167713871	0.601256645723	0.607056549058	0.52779120348	0.632672788787	0.527307878202	0.52537457709	0.576123731271	0.591590140164	0.544224262929	0.529724504592	0.858385693572	0.527307878202	0.0	0.532141130981	0.535524407927	0.868535524408	0.715804736588	0.635089415176	0.55099081682	0.578057032383	0.58095698405	0.841952634123	0.587240212663	0.551474142098	0.549057515708	0.586756887385	0.597390043499	0.598356694055	0.547124214596	0.538424359594	0.538907684872	0.710004833253	0.649589173514	0.593523441276	0.578057032383	0.559207346544	0.563557274045	0.551474142098	0.663605606573	0.653939101015	0.585790236829	0.599323344611	0.56935717738	0.674238762687	0.623489608507	0.67133881102	0.636056065732	0.625422909618	0.641855969067	0.547607539874	0.539874335428	0.558724021266	0.547607539874	0.520057999033	0.63653939101	0.532624456259	0.622522957951	0.552924117931	0.609956500725
AA7	0.57177380377	0.532141130981	0.969550507492	0.632189463509	0.62493958434	0.476075398743	0.682455292412	0.471725471242	0.441275978734	0.584823586274	0.453359110681	0.561140647656	0.518124697922	0.900918318028	0.596423392943	0.532141130981	0.0	0.289995166747	0.917834702755	0.764137264379	0.587240212663	0.509908168197	0.482841952634	0.47220879652	0.864185596907	0.581440309328	0.462542290962	0.477525374577	0.524407926535	0.581440309328	0.514258095698	0.408893185114	0.42822619623	0.497341710971	0.714838086032	0.662155630739	0.478492025133	0.570807153214	0.489608506525	0.591106814886	0.539874335428	0.710488158531	0.698405026583	0.579023682939	0.564523924601	0.513291445143	0.669888835186	0.629289511841	0.669888835186	0.642339294345	0.600289995167	0.640889318511	0.531657805703	0.537457709038	0.535041082649	0.535041082649	0.532624456259	0.629772837119	0.538424359594	0.637506041566	0.510391493475	0.614306428226
AA8	0.571290478492	0.523924601257	0.96520057999	0.628806186564	0.608506524891	0.462542290962	0.685355244079	0.456259062349	0.429676172064	0.585306911551	0.439342677622	0.543740937651	0.503141614306	0.895601739971	0.595456742388	0.535524407927	0.289995166747	0.0	0.913968100532	0.7593040116	0.586273562107	0.497825036249	0.475592073465	0.457225712905	0.860802319961	0.575640405993	0.434992750121	0.46979217013	0.51619139681	0.57177380377	0.476075398743	0.376993716771	0.42822619623	0.490575157081	0.704688255196	0.653455775737	0.459642339294	0.554857419043	0.476558724021	0.596906718221	0.530691155147	0.71290478492	0.698405026583	0.566457225713	0.551474142098	0.502174963751	0.649105848236	0.602706621556	0.656355727405	0.624456259062	0.587240212663	0.617689705172	0.516674722088	0.517641372644	0.524407926535	0.523441275979	0.536491058482	0.608989850169	0.542290961817	0.621072982117	0.487675205413	0.588690188497
AB7	0.872402126631	0.901884968584	0.739971000483	0.714838086032	0.872402126631	0.923151280812	0.935717738038	0.928951184147	0.927984533591	0.931851135814	0.953117448043	0.889801836636	0.924601256646	0.697438376027	0.927017883035	0.868535524408	0.917834702755	0.913968100532	0.0	0.417109714838	0.81246979217	0.829869502175	0.928951184147	0.925084581924	0.739004349928	0.809569840503	0.889318511358	0.8796520058	0.739487675205	0.70130497825	0.884001933301	0.896085065249	0.918318028033	0.93281778637	0.941034316095	0.922667955534	0.948284195263	0.914934751087	0.943934267762	0.910584823586	0.935717738038	0.872885451909	0.857419043016	0.907684871919	0.95360077332	0.945384243596	0.927984533591	0.927501208313	0.9212179797	0.924117931368	0.934751087482	0.920734654422	0.91445142581	0.916868052199	0.915418076365	0.913001449976	0.916384726921	0.915418076365	0.920734654422	0.921701304978	0.942967617206	0.922184630256
AB8	0.717738037699	0.738037699372	0.764137264379	0.571290478492	0.761237312711	0.758337361044	0.775737071049	0.760753987434	0.756404059932	0.763170613823	0.789753504108	0.734654422426	0.762203963267	0.688738521025	0.769453842436	0.715804736588	0.764137264379	0.7593040116	0.417109714838	0.0	0.652005799903	0.666022232963	0.753987433543	0.747220879652	0.741904301595	0.653939101015	0.714838086032	0.706621556307	0.543257612373	0.528274528758	0.739971000483	0.73610439826	0.761720637989	0.77090381827	0.823102948284	0.768003866602	0.78008699855	0.747220879652	0.770420492992	0.760270662156	0.762203963267	0.726437892702	0.705171580474	0.742870952151	0.790236829386	0.782986950217	0.82165297245	0.776220396327	0.789753504108	0.78008699855	0.77767037216	0.789753504108	0.768970517158	0.762203963267	0.765103914935	0.760753987434	0.757370710488	0.781053649106	0.765587240213	0.765103914935	0.782020299662	0.764137264379
AC7	0.620589656839	0.665538907685	0.89125181247	0.660705654906	0.728371193813	0.581923634606	0.71290478492	0.573223779604	0.561140647656	0.663605606573	0.584823586274	0.678588690188	0.66892218463	0.82406959884	0.705654905752	0.635089415176	0.587240212663	0.586273562107	0.81246979217	0.652005799903	0.0	0.356210729821	0.565490575157	0.565973900435	0.823586273562	0.573223779604	0.536491058482	0.506041565974	0.455292411793	0.489125181247	0.5601739971	0.550024166264	0.558240695988	0.610439826003	0.809086515225	0.754470758821	0.608506524891	0.64572257129	0.609956500725	0.723537941034	0.670855485742	0.696955050749	0.694055099082	0.647172547124	0.641855969067	0.608506524891	0.81488641856	0.767037216046	0.797970033833	0.782986950217	0.747220879652	0.782986950217	0.689221846303	0.675688738521	0.677622039633	0.689221846303	0.679072015466	0.774770420493	0.682455292412	0.763653939101	0.617206379894	0.758337361044
AC8	0.567423876269	0.570323827936	0.904301594973	0.61575640406	0.664088931851	0.519574673755	0.688255195747	0.499758337361	0.490575157081	0.602706621556	0.538907684872	0.611406476559	0.590140164331	0.83325277912	0.636056065732	0.55099081682	0.509908168197	0.497825036249	0.829869502175	0.666022232963	0.356210729821	0.0	0.487191880135	0.490091831803	0.822619623006	0.523441275979	0.397776703722	0.37506041566	0.429192846786	0.464958917351	0.522474625423	0.469308844853	0.487675205413	0.521024649589	0.73852102465	0.679555340744	0.546157564041	0.576123731271	0.53697438376	0.640889318511	0.582406959884	0.664088931851	0.637506041566	0.574673755437	0.575640405993	0.530691155147	0.728371193813	0.676172063799	0.721121314645	0.706138231029	0.664572257129	0.693088448526	0.599323344611	0.586273562107	0.591106814886	0.598840019333	0.579023682939	0.686805219913	0.591106814886	0.684388593523	0.53939101015	0.666022232963
AD7	0.578057032383	0.591106814886	0.961817303045	0.665538907685	0.728371193813	0.52537457709	0.705171580474	0.5186080232	0.48622522958	0.608989850169	0.459159014016	0.649105848236	0.593040115998	0.890768487192	0.641855969067	0.578057032383	0.482841952634	0.475592073465	0.928951184147	0.753987433543	0.565490575157	0.487191880135	0.0	0.286611889802	0.887868535524	0.50700821653	0.416143064282	0.448525857902	0.499758337361	0.559207346544	0.507491541808	0.475108748188	0.479458675689	0.533591106815	0.750120831319	0.688738521025	0.501208313195	0.593523441276	0.536007733204	0.652972450459	0.603189946834	0.710488158531	0.697438376027	0.605123247946	0.577090381827	0.541807636539	0.748670855486	0.69212179797	0.741904301595	0.722087965201	0.678105364911	0.704688255196	0.62493958434	0.612373127115	0.60657322378	0.62493958434	0.593523441276	0.706621556307	0.610439826003	0.70372160464	0.565007249879	0.678588690188
AD8	0.587723537941	0.580473658772	0.957467375544	0.651039149348	0.699371677139	0.506041565974	0.699855002417	0.49299178347	0.468342194297	0.592073465442	0.449975833736	0.628322861286	0.582406959884	0.884968583857	0.631706138231	0.58095698405	0.47220879652	0.457225712905	0.925084581924	0.747220879652	0.565973900435	0.490091831803	0.286611889802	0.0	0.862735621073	0.486708554857	0.408409859836	0.434509424843	0.479458675689	0.542290961817	0.500241662639	0.456742387627	0.480908651522	0.529241179314	0.737071048816	0.6805219913	0.486708554857	0.574190430159	0.524407926535	0.633639439343	0.58337361044	0.708071532141	0.697438376027	0.586756887385	0.561623972934	0.530691155147	0.736587723538	0.678588690188	0.723537941034	0.705171580474	0.665538907685	0.69212179797	0.603673272112	0.593523441276	0.590623489609	0.607539874335	0.587240212663	0.691155147414	0.595940067666	0.682455292412	0.548090865152	0.668438859352
AE7	0.830352827453	0.879168680522	0.848235862736	0.787336877719	0.82648622523	0.890768487192	0.91445142581	0.898018366361	0.893185113581	0.910101498308	0.91445142581	0.849202513291	0.886418559691	0.826002899952	0.90285161914	0.841952634123	0.864185596907	0.860802319961	0.739004349928	0.741904301595	0.823586273562	0.822619623006	0.887868535524	0.862735621073	0.0	0.558724021266	0.86563557274	0.853552440793	0.766553890768	0.757854035766	0.836636056066	0.845335911068	0.898501691638	0.906718221363	0.929917834703	0.911068148864	0.918801353311	0.898501691638	0.911068148864	0.863218946351	0.90043499275	0.874335427743	0.87046882552	0.875785403577	0.93523441276	0.922667955534	0.892701788304	0.893668438859	0.90285161914	0.889318511358	0.903334944418	0.896085065249	0.892218463026	0.894151764137	0.90043499275	0.887385210246	0.904301594973	0.884968583857	0.897051715805	0.896568390527	0.90961817303	0.897051715805
AE8	0.584823586274	0.624456259062	0.894635089415	0.629772837119	0.674238762687	0.578057032383	0.705654905752	0.586756887385	0.581923634606	0.618656355727	0.606089898502	0.628806186564	0.633156114065	0.826969550507	0.686321894635	0.587240212663	0.581440309328	0.575640405993	0.809569840503	0.653939101015	0.573223779604	0.523441275979	0.50700821653	0.486708554857	0.558724021266	0.0	0.556790720155	0.542290961817	0.506041565974	0.505074915418	0.569840502658	0.553407443209	0.594006766554	0.598840019333	0.765587240213	0.710004833253	0.61333977767	0.596906718221	0.602706621556	0.645239246013	0.621072982117	0.667955534074	0.67133881102	0.599323344611	0.631222812953	0.61333977767	0.749154180764	0.706621556307	0.742387626873	0.712421459642	0.700821652972	0.725471242146	0.656355727405	0.634122764621	0.643305944901	0.646689221846	0.644272595457	0.708071532141	0.651522474625	0.701788303528	0.598840019333	0.688255195747
AF7	0.564523924601	0.55099081682	0.938134364427	0.643305944901	0.65732237796	0.489125181247	0.699371677139	0.462058965684	0.434992750121	0.598840019333	0.447559207347	0.584823586274	0.551474142098	0.868535524408	0.632189463509	0.551474142098	0.462542290962	0.434992750121	0.889318511358	0.714838086032	0.536491058482	0.397776703722	0.416143064282	0.408409859836	0.86563557274	0.556790720155	0.0	0.322377960367	0.465442242629	0.519091348478	0.482841952634	0.460125664572	0.437892701788	0.493475108748	0.700338327695	0.643789270179	0.457225712905	0.549057515708	0.487675205413	0.621072982117	0.546640889319	0.695021749638	0.674722087965	0.556307394877	0.542774287095	0.500724987917	0.680038666022	0.641372643789	0.691155147414	0.674238762687	0.622522957951	0.643789270179	0.565490575157	0.55775737071	0.551957467376	0.570807153214	0.559207346544	0.643789270179	0.576123731271	0.653455775737	0.50459159014	0.62735621073
AF8	0.553890768487	0.563073948768	0.929917834703	0.628806186564	0.686321894635	0.505558240696	0.695988400193	0.484291928468	0.450942484292	0.596423392943	0.493958434026	0.617689705172	0.573707104882	0.854519091348	0.62735621073	0.549057515708	0.477525374577	0.46979217013	0.8796520058	0.706621556307	0.506041565974	0.37506041566	0.448525857902	0.434509424843	0.853552440793	0.542290961817	0.322377960367	0.0	0.448525857902	0.500724987917	0.508458192363	0.452875785404	0.450459159014	0.506041565974	0.730787820203	0.674238762687	0.493958434026	0.566940550991	0.519091348478	0.61575640406	0.574673755437	0.674722087965	0.65732237796	0.565490575157	0.565490575157	0.525857902368	0.706621556307	0.666988883519	0.715804736588	0.697921701305	0.654422426293	0.671822136298	0.587723537941	0.576607056549	0.581440309328	0.59255679072	0.565490575157	0.672305461576	0.584340260996	0.679072015466	0.524407926535	0.654422426293
AG7	0.59497341711	0.600289995167	0.846785886902	0.551474142098	0.671822136298	0.528757854036	0.691638472692	0.499275012083	0.490091831803	0.588690188497	0.532624456259	0.617206379894	0.60657322378	0.771870468826	0.654905751571	0.586756887385	0.524407926535	0.51619139681	0.739487675205	0.543257612373	0.455292411793	0.429192846786	0.499758337361	0.479458675689	0.766553890768	0.506041565974	0.465442242629	0.448525857902	0.0	0.321894635089	0.53697438376	0.496858385694	0.498308361527	0.556790720155	0.752054132431	0.689221846303	0.535524407927	0.574190430159	0.542290961817	0.6389560174	0.592073465442	0.662155630739	0.6389560174	0.580473658772	0.588206863219	0.557274045433	0.750120831319	0.693088448526	0.730787820203	0.715804736588	0.679072015466	0.713388110198	0.621556307395	0.607539874335	0.616723054616	0.625422909618	0.620106331561	0.708554857419	0.631222812953	0.696955050749	0.573707104882	0.68293861769
AG8	0.59255679072	0.620589656839	0.845335911068	0.579990333494	0.688255195747	0.5601739971	0.694055099082	0.55099081682	0.554374093765	0.60657322378	0.590623489609	0.637506041566	0.623006283229	0.756404059932	0.679555340744	0.597390043499	0.581440309328	0.57177380377	0.70130497825	0.528274528758	0.489125181247	0.464958917351	0.559207346544	0.542290961817	0.757854035766	0.505074915418	0.519091348478	0.500724987917	0.321894635089	0.0	0.565490575157	0.549057515708	0.563073948768	0.593040115998	0.761720637989	0.695988400193	0.590623489609	0.587240212663	0.579990333494	0.652005799903	0.61333977767	0.661672305462	0.650072498792	0.591106814886	0.623972933784	0.591590140164	0.751570807153	0.704688255196	0.73852102465	0.722571290478	0.690671822136	0.718221362977	0.638472692122	0.630256162397	0.635089415176	0.641855969067	0.637506041566	0.713388110198	0.654422426293	0.699371677139	0.600289995167	0.686321894635
AH7	0.586273562107	0.633639439343	0.955050749154	0.688255195747	0.70372160464	0.566457225713	0.720637989367	0.552924117931	0.537941034316	0.651522474625	0.522474625423	0.640405993233	0.637989366844	0.889318511358	0.686805219913	0.598356694055	0.514258095698	0.476075398743	0.884001933301	0.739971000483	0.5601739971	0.522474625423	0.507491541808	0.500241662639	0.836636056066	0.569840502658	0.482841952634	0.508458192363	0.53697438376	0.565490575157	0.0	0.35186080232	0.559690671822	0.616239729338	0.779603673272	0.73368777187	0.549057515708	0.646689221846	0.592073465442	0.658289028516	0.63653939101	0.74528757854	0.750120831319	0.654422426293	0.643789270179	0.612373127115	0.760753987434	0.719188013533	0.759787336878	0.727887868536	0.70372160464	0.735137747704	0.6389560174	0.629772837119	0.626389560174	0.640889318511	0.629772837119	0.72450459159	0.634606089899	0.714354760754	0.602706621556	0.714838086032
AH8	0.559690671822	0.563073948768	0.956500724988	0.648622522958	0.654905751571	0.505558240696	0.691155147414	0.488641855969	0.47220879652	0.59497341711	0.493958434026	0.591590140164	0.561140647656	0.882551957467	0.621556307395	0.547124214596	0.408893185114	0.376993716771	0.896085065249	0.73610439826	0.550024166264	0.469308844853	0.475108748188	0.456742387627	0.845335911068	0.553407443209	0.460125664572	0.452875785404	0.496858385694	0.549057515708	0.35186080232	0.0	0.482841952634	0.535041082649	0.739971000483	0.689221846303	0.506041565974	0.587723537941	0.528274528758	0.602223296278	0.575640405993	0.721604639923	0.710004833253	0.599806669889	0.576607056549	0.536491058482	0.702271628806	0.653939101015	0.705654905752	0.67133881102	0.639922667956	0.669405509908	0.579023682939	0.564040599323	0.567907201547	0.574673755437	0.559207346544	0.657805703238	0.568390526825	0.653939101015	0.536491058482	0.648622522958
AA5	0.584340260996	0.509424842919	0.952634122765	0.643305944901	0.61575640406	0.445625906235	0.638472692122	0.409859835669	0.402609956501	0.53697438376	0.435959400677	0.542774287095	0.526824552924	0.880135331078	0.555340744321	0.538424359594	0.42822619623	0.42822619623	0.918318028033	0.761720637989	0.558240695988	0.487675205413	0.479458675689	0.480908651522	0.898501691638	0.594006766554	0.437892701788	0.450459159014	0.498308361527	0.563073948768	0.559690671822	0.482841952634	0.0	0.349927501208	0.680038666022	0.601739971	0.456742387627	0.476558724021	0.463508941518	0.562107298212	0.4813919768	0.625422909618	0.612856452392	0.491058482359	0.539874335428	0.467858869019	0.702271628806	0.655389076849	0.677138714355	0.659255679072	0.646689221846	0.675205413243	0.544707588207	0.563073948768	0.569840502658	0.567423876269	0.540357660706	0.667955534074	0.568390526825	0.639439342678	0.507491541808	0.635572740454
AA6	0.594006766554	0.515224746254	0.9584340261	0.65973900435	0.637022716288	0.47462542291	0.659255679072	0.456742387627	0.459159014016	0.555340744321	0.50459159014	0.567423876269	0.526824552924	0.887385210246	0.58095698405	0.538907684872	0.497341710971	0.490575157081	0.93281778637	0.77090381827	0.610439826003	0.521024649589	0.533591106815	0.529241179314	0.906718221363	0.598840019333	0.493475108748	0.506041565974	0.556790720155	0.593040115998	0.616239729338	0.535041082649	0.349927501208	0.0	0.675205413243	0.593523441276	0.508458192363	0.501208313195	0.484291928468	0.584823586274	0.496375060416	0.652972450459	0.641372643789	0.514258095698	0.46979217013	0.413243112615	0.691155147414	0.649105848236	0.669888835186	0.654422426293	0.638472692122	0.667955534074	0.545674238763	0.556790720155	0.5601739971	0.5601739971	0.546640889319	0.662638956017	0.56935717738	0.636056065732	0.514258095698	0.630256162397
AB5	0.743837602707	0.669888835186	0.971967133881	0.728371193813	0.624456259062	0.639922667956	0.745770903818	0.662638956017	0.663122281295	0.692605123248	0.666022232963	0.622522957951	0.66892218463	0.906718221363	0.711454809087	0.710004833253	0.714838086032	0.704688255196	0.941034316095	0.823102948284	0.809086515225	0.73852102465	0.750120831319	0.737071048816	0.929917834703	0.765587240213	0.700338327695	0.730787820203	0.752054132431	0.761720637989	0.779603673272	0.739971000483	0.680038666022	0.675205413243	0.0	0.304978250362	0.631706138231	0.654905751571	0.617206379894	0.641372643789	0.617206379894	0.740454325761	0.727887868536	0.631706138231	0.610923151281	0.608989850169	0.612856452392	0.612373127115	0.611406476559	0.598840019333	0.612856452392	0.607539874335	0.607056549058	0.591590140164	0.617206379894	0.617206379894	0.663605606573	0.59255679072	0.661672305462	0.598840019333	0.679072015466	0.608989850169
AB6	0.689221846303	0.602706621556	0.963267278879	0.676655389077	0.583856935718	0.575640405993	0.677622039633	0.592073465442	0.604639922668	0.621072982117	0.622039632673	0.551474142098	0.614789753504	0.896085065249	0.648622522958	0.649589173514	0.662155630739	0.653455775737	0.922667955534	0.768003866602	0.754470758821	0.679555340744	0.688738521025	0.6805219913	0.911068148864	0.710004833253	0.643789270179	0.674238762687	0.689221846303	0.695988400193	0.73368777187	0.689221846303	0.601739971	0.593523441276	0.304978250362	0.0	0.586756887385	0.586756887385	0.560657322378	0.572740454326	0.546157564041	0.671822136298	0.655872402127	0.53697438376	0.5601739971	0.551474142098	0.593523441276	0.554857419043	0.576123731271	0.564523924601	0.565007249879	0.577090381827	0.539874335428	0.550507491542	0.576607056549	0.572740454326	0.599323344611	0.5601739971	0.610439826003	0.551474142098	0.634606089899	0.552924117931
AC5	0.593040115998	0.56259062349	0.970517158047	0.656839052682	0.635089415176	0.453842435959	0.684388593523	0.456742387627	0.418559690672	0.574673755437	0.39584340261	0.559207346544	0.542774287095	0.897535041083	0.633156114065	0.593523441276	0.478492025133	0.459642339294	0.948284195263	0.78008699855	0.608506524891	0.546157564041	0.501208313195	0.486708554857	0.918801353311	0.61333977767	0.457225712905	0.493958434026	0.535524407927	0.590623489609	0.549057515708	0.506041565974	0.456742387627	0.508458192363	0.631706138231	0.586756887385	0.0	0.453359110681	0.435959400677	0.587240212663	0.510391493475	0.707104881585	0.683421942968	0.541324311261	0.484775253746	0.466408893185	0.610439826003	0.58337361044	0.628322861286	0.588690188497	0.567907201547	0.59255679072	0.511358144031	0.490575157081	0.508458192363	0.500241662639	0.572740454326	0.589173513775	0.58095698405	0.561623972934	0.510391493475	0.561140647656
AC6	0.623006283229	0.522957950701	0.949734171097	0.637989366844	0.577573707105	0.505558240696	0.542290961817	0.475592073465	0.523441275979	0.457225712905	0.55099081682	0.538907684872	0.538907684872	0.874818753021	0.541324311261	0.578057032383	0.570807153214	0.554857419043	0.914934751087	0.747220879652	0.64572257129	0.576123731271	0.593523441276	0.574190430159	0.898501691638	0.596906718221	0.549057515708	0.566940550991	0.574190430159	0.587240212663	0.646689221846	0.587723537941	0.476558724021	0.501208313195	0.654905751571	0.586756887385	0.453359110681	0.0	0.51377477042	0.533591106815	0.482841952634	0.471242145964	0.459159014016	0.406959884002	0.561623972934	0.539874335428	0.674238762687	0.639439342678	0.660222329628	0.634606089899	0.63653939101	0.655389076849	0.572740454326	0.570323827936	0.578057032383	0.576607056549	0.554374093765	0.648622522958	0.567423876269	0.623972933784	0.536491058482	0.618173030449
AD6	0.606089898502	0.528274528758	0.970033832769	0.632672788787	0.578540357661	0.406476558724	0.626872885452	0.429676172064	0.426292895118	0.535524407927	0.434509424843	0.501691638473	0.524407926535	0.895118414693	0.596423392943	0.559207346544	0.489608506525	0.476558724021	0.943934267762	0.770420492992	0.609956500725	0.53697438376	0.536007733204	0.524407926535	0.911068148864	0.602706621556	0.487675205413	0.519091348478	0.542290961817	0.579990333494	0.592073465442	0.528274528758	0.463508941518	0.484291928468	0.617206379894	0.560657322378	0.435959400677	0.51377477042	0.0	0.53939101015	0.396326727888	0.689221846303	0.675205413243	0.519574673755	0.480908651522	0.452875785404	0.610923151281	0.572257129048	0.601256645723	0.574673755437	0.560657322378	0.588690188497	0.487191880135	0.484291928468	0.492025132914	0.482841952634	0.542774287095	0.582406959884	0.545190913485	0.57177380377	0.477525374577	0.552924117931
AE5	0.609473175447	0.533591106815	0.971967133881	0.632672788787	0.547124214596	0.551474142098	0.588206863219	0.544707588207	0.593040115998	0.533591106815	0.615273078782	0.491541807637	0.576123731271	0.892218463026	0.55099081682	0.563557274045	0.591106814886	0.596906718221	0.910584823586	0.760270662156	0.723537941034	0.640889318511	0.652972450459	0.633639439343	0.863218946351	0.645239246013	0.621072982117	0.61575640406	0.6389560174	0.652005799903	0.658289028516	0.602223296278	0.562107298212	0.584823586274	0.641372643789	0.572740454326	0.587240212663	0.533591106815	0.53939101015	0.0	0.375543740938	0.603673272112	0.591590140164	0.528274528758	0.617689705172	0.622039632673	0.641855969067	0.612856452392	0.639922667956	0.60657322378	0.610439826003	0.634122764621	0.536007733204	0.557274045433	0.59255679072	0.555824069599	0.53939101015	0.620106331561	0.54857419043	0.597390043499	0.573223779604	0.599323344611
AE6	0.606089898502	0.487675205413	0.971000483325	0.616239729338	0.542774287095	0.458675688739	0.581440309328	0.447075882069	0.505074915418	0.497341710971	0.522957950701	0.47462542291	0.500241662639	0.89125181247	0.549057515708	0.551474142098	0.539874335428	0.530691155147	0.935717738038	0.762203963267	0.670855485742	0.582406959884	0.603189946834	0.58337361044	0.90043499275	0.621072982117	0.546640889319	0.574673755437	0.592073465442	0.61333977767	0.63653939101	0.575640405993	0.4813919768	0.496375060416	0.617206379894	0.546157564041	0.510391493475	0.482841952634	0.396326727888	0.375543740938	0.0	0.631222812953	0.614789753504	0.468825519575	0.529724504592	0.522957950701	0.619623006283	0.579023682939	0.597873368777	0.58095698405	0.575157080715	0.600289995167	0.475592073465	0.490091831803	0.504108264862	0.496375060416	0.508941517641	0.59497341711	0.526341227646	0.561140647656	0.498308361527	0.562107298212
AF5	0.699371677139	0.625422909618	0.933784436926	0.667955534074	0.65732237796	0.674722087965	0.565007249879	0.636056065732	0.684388593523	0.574190430159	0.714838086032	0.630739487675	0.665055582407	0.861285645239	0.595456742388	0.663605606573	0.710488158531	0.71290478492	0.872885451909	0.726437892702	0.696955050749	0.664088931851	0.710488158531	0.708071532141	0.874335427743	0.667955534074	0.695021749638	0.674722087965	0.662155630739	0.661672305462	0.74528757854	0.721604639923	0.625422909618	0.652972450459	0.740454325761	0.671822136298	0.707104881585	0.471242145964	0.689221846303	0.603673272112	0.631222812953	0.0	0.274045432576	0.533107781537	0.720154664089	0.703238279362	0.764620589657	0.732721121315	0.749637506042	0.727404543258	0.731754470759	0.756404059932	0.689221846303	0.709038182697	0.721604639923	0.700338327695	0.663122281295	0.748187530208	0.665538907685	0.721604639923	0.702754954084	0.721604639923
AF6	0.697921701305	0.620106331561	0.927984533591	0.658289028516	0.654905751571	0.665055582407	0.5601739971	0.624456259062	0.667955534074	0.558724021266	0.706138231029	0.623972933784	0.658772353794	0.856935717738	0.579990333494	0.653939101015	0.698405026583	0.698405026583	0.857419043016	0.705171580474	0.694055099082	0.637506041566	0.697438376027	0.697438376027	0.87046882552	0.67133881102	0.674722087965	0.65732237796	0.6389560174	0.650072498792	0.750120831319	0.710004833253	0.612856452392	0.641372643789	0.727887868536	0.655872402127	0.683421942968	0.459159014016	0.675205413243	0.591590140164	0.614789753504	0.274045432576	0.0	0.518124697922	0.705654905752	0.690671822136	0.763653939101	0.714838086032	0.738037699372	0.718704688255	0.713388110198	0.739971000483	0.679072015466	0.695505074915	0.704204929918	0.690671822136	0.64813919768	0.730304494925	0.654422426293	0.707588206863	0.695021749638	0.70130497825
