	AA3	AA4	AB3	AB4	AC3	AC4	AD3	AD4	AE3	AE4	AF3	AF4	AG3	AG4	AH3	AH4	AA7	AA8	AB7	AB8	AC7	AC8	AD7	AD8	AE7	AE8	AF7	AF8	AG7	AG8	AH7	AH8	AA5	AA6	AB5	AB6	AC5	AC6	AD6	AE5	AE6	AF5	AF6	AG5	AH5	AH6	AA1	AA2	AB1	AB2	AC1	AC2	AD1	AD2	AE1	AE2	AF1	AF2	AG1	AG2	AH1	AH2
AA3	0.0	0.490575157081	0.931851135814	0.644755920735	0.656355727405	0.581440309328	0.673272112131	0.601739971	0.567423876269	0.630739487675	0.618656355727	0.607539874335	0.59497341711	0.853552440793	0.651522474625	0.330111164814	0.574673755437	0.568873852102	0.861768970517	0.714354760754	0.609473175447	0.573707104882	0.589656839053	0.587723537941	0.827452875785	0.578057032383	0.580473658772	0.575157080715	0.579023682939	0.584823586274	0.587723537941	0.565007249879	0.587240212663	0.591106814886	0.762203963267	0.695505074915	0.602223296278	0.626389560174	0.608989850169	0.628806186564	0.604639922668	0.705654905752	0.713388110198	0.614306428226	0.630739487675	0.624456259062	0.700821652972	0.649105848236	0.717254712421	0.674238762687	0.656355727405	0.668438859352	0.591590140164	0.579507008217	0.58337361044	0.576607056549	0.580473658772	0.670855485742	0.596423392943	0.68970517158	0.576607056549	0.649105848236
AA4	0.490575157081	0.0	0.942000966651	0.563073948768	0.554374093765	0.487675205413	0.589656839053	0.482841952634	0.497825036249	0.522957950701	0.559207346544	0.510391493475	0.489608506525	0.850652489125	0.374577090382	0.366360560657	0.553890768487	0.550507491542	0.895601739971	0.724987916868	0.651522474625	0.57177380377	0.594490091832	0.591106814886	0.86805219913	0.614306428226	0.55099081682	0.578057032383	0.575640405993	0.600773320445	0.622522957951	0.580473658772	0.512808119865	0.521024649589	0.674238762687	0.596423392943	0.563557274045	0.51619139681	0.535041082649	0.540357660706	0.483325277912	0.624456259062	0.609473175447	0.50700821653	0.585306911551	0.563557274045	0.649589173514	0.574190430159	0.626389560174	0.59497341711	0.597873368777	0.622039632673	0.5186080232	0.517158047366	0.524891251812	0.521507974867	0.505558240696	0.609473175447	0.511841469309	0.601739971	0.51377477042	0.565490575157
AB3	0.931851135814	0.942000966651	0.0	0.675205413243	0.918801353311	0.953117448043	0.954084098598	0.94441759304	0.927984533591	0.948284195263	0.971000483325	0.927017883035	0.966650555824	0.347027549541	0.959884001933	0.945384243596	0.969067182214	0.96761720638	0.731754470759	0.75688738521	0.88883518608	0.898501691638	0.958917351377	0.951184146931	0.853552440793	0.895118414693	0.938617689705	0.930884485259	0.854519091348	0.829869502175	0.949734171097	0.945384243596	0.957950700822	0.958917351377	0.971483808603	0.963267278879	0.971967133881	0.953117448043	0.971967133881	0.971000483325	0.971000483325	0.928951184147	0.933301111648	0.942967617206	0.972933784437	0.96761720638	0.971967133881	0.96761720638	0.96761720638	0.971000483325	0.968100531658	0.968583856936	0.971483808603	0.971483808603	0.975833736104	0.972450459159	0.971000483325	0.970033832769	0.968583856936	0.971483808603	0.971483808603	0.970517158047
AB4	0.644755920735	0.563073948768	0.675205413243	0.0	0.629289511841	0.608989850169	0.681971967134	0.61333977767	0.597873368777	0.622039632673	0.643305944901	0.608506524891	0.488158530691	0.567907201547	0.586273562107	0.599806669889	0.634606089899	0.631222812953	0.731271145481	0.573223779604	0.657805703238	0.601739971	0.666988883519	0.65055582407	0.802319961334	0.646205896568	0.639922667956	0.632672788787	0.549540840986	0.583856935718	0.692605123248	0.642339294345	0.631222812953	0.642822619623	0.732721121315	0.667472208797	0.644272595457	0.6389560174	0.630739487675	0.625906234896	0.614306428226	0.664088931851	0.649105848236	0.618656355727	0.682455292412	0.65973900435	0.691155147414	0.639922667956	0.695021749638	0.668438859352	0.657805703238	0.662155630739	0.629289511841	0.62493958434	0.641855969067	0.631222812953	0.631706138231	0.65973900435	0.632189463509	0.667955534074	0.632672788787	0.644272595457
AC3	0.656355727405	0.554374093765	0.918801353311	0.629289511841	0.0	0.490575157081	0.632189463509	0.540357660706	0.5601739971	0.582890285162	0.620106331561	0.314161430643	0.591106814886	0.835186080232	0.582890285162	0.598840019333	0.622522957951	0.580473658772	0.862252295795	0.737554374094	0.719671338811	0.662155630739	0.720154664089	0.706621556307	0.83325277912	0.678105364911	0.661672305462	0.688255195747	0.65973900435	0.687288545191	0.700821652972	0.652005799903	0.594006766554	0.617689705172	0.649589173514	0.584823586274	0.636056065732	0.587723537941	0.594490091832	0.552440792653	0.535041082649	0.662638956017	0.637022716288	0.56259062349	0.663122281295	0.652489125181	0.611889801837	0.602706621556	0.597390043499	0.595456742388	0.608506524891	0.608023199613	0.55775737071	0.592073465442	0.597390043499	0.577573707105	0.60415659739	0.591590140164	0.617689705172	0.600773320445	0.602223296278	0.599323344611
AC4	0.581440309328	0.487675205413	0.953117448043	0.608989850169	0.490575157081	0.0	0.622522957951	0.391493475109	0.376027066216	0.525857902368	0.330594490092	0.396810053166	0.501691638473	0.871918801353	0.559207346544	0.525857902368	0.457225712905	0.418076365394	0.925567907202	0.755437409377	0.58095698405	0.513291445143	0.511841469309	0.490575157081	0.889801836636	0.586756887385	0.488641855969	0.493958434026	0.501691638473	0.567423876269	0.545674238763	0.487191880135	0.424842919285	0.461575640406	0.645239246013	0.570323827936	0.436926051232	0.513291445143	0.414693088449	0.547124214596	0.470758820686	0.678105364911	0.660705654906	0.511841469309	0.498308361527	0.481875302078	0.638472692122	0.581440309328	0.621072982117	0.584823586274	0.587723537941	0.611889801837	0.489125181247	0.510874818753	0.505558240696	0.513291445143	0.531174480425	0.598840019333	0.555340744321	0.583856935718	0.462058965684	0.563557274045
AD3	0.673272112131	0.589656839053	0.954084098598	0.681971967134	0.632189463509	0.622522957951	0.0	0.515224746254	0.640889318511	0.358627356211	0.6805219913	0.595940067666	0.648622522958	0.870952150797	0.568873852102	0.640405993233	0.682455292412	0.684871918801	0.934751087482	0.768970517158	0.716771387144	0.688255195747	0.695505074915	0.688255195747	0.912518124698	0.688738521025	0.698405026583	0.691155147414	0.685838569357	0.681971967134	0.719671338811	0.68293861769	0.62735621073	0.652489125181	0.741904301595	0.660222329628	0.678588690188	0.52779120348	0.62735621073	0.586756887385	0.569840502658	0.545674238763	0.545674238763	0.53697438376	0.705171580474	0.691155147414	0.760753987434	0.711454809087	0.730787820203	0.713388110198	0.706138231029	0.73368777187	0.642822619623	0.662155630739	0.672305461576	0.655389076849	0.630256162397	0.721121314645	0.629289511841	0.714838086032	0.685838569357	0.69212179797
AD4	0.601739971	0.482841952634	0.94441759304	0.61333977767	0.540357660706	0.391493475109	0.515224746254	0.0	0.31706138231	0.39342677622	0.443209279845	0.469308844853	0.521991300145	0.862735621073	0.525857902368	0.532141130981	0.475592073465	0.443692605123	0.93523441276	0.764620589657	0.582890285162	0.506041565974	0.511358144031	0.511841469309	0.907201546641	0.603189946834	0.46060898985	0.482841952634	0.496375060416	0.567423876269	0.55775737071	0.503141614306	0.390043499275	0.441275978734	0.644272595457	0.549057515708	0.444659255679	0.465442242629	0.432576123731	0.549057515708	0.465925567907	0.629289511841	0.610923151281	0.475108748188	0.495891735138	0.463992266796	0.649589173514	0.590623489609	0.626389560174	0.612856452392	0.601256645723	0.620589656839	0.503141614306	0.508458192363	0.50700821653	0.521991300145	0.522474625423	0.610923151281	0.545674238763	0.611406476559	0.495891735138	0.571290478492
AE3	0.567423876269	0.497825036249	0.927984533591	0.597873368777	0.5601739971	0.376027066216	0.640889318511	0.31706138231	0.0	0.512808119865	0.401643305945	0.478008699855	0.515224746254	0.849685838569	0.555824069599	0.525857902368	0.452875785404	0.413243112615	0.915901401643	0.743837602707	0.545190913485	0.481875302078	0.48380860319	0.492025132914	0.890768487192	0.587723537941	0.451909134848	0.464475592073	0.477042049299	0.544707588207	0.542290961817	0.488158530691	0.390526824553	0.456259062349	0.652489125181	0.581923634606	0.427259545674	0.509424842919	0.420976317061	0.599323344611	0.512324794587	0.679072015466	0.657805703238	0.521024649589	0.490091831803	0.459159014016	0.647655872402	0.580473658772	0.630256162397	0.60657322378	0.592073465442	0.619623006283	0.504108264862	0.509424842919	0.50700821653	0.522957950701	0.536007733204	0.61575640406	0.561140647656	0.605123247946	0.472692121798	0.565973900435
AE4	0.630739487675	0.522957950701	0.948284195263	0.622039632673	0.582890285162	0.525857902368	0.358627356211	0.39342677622	0.512808119865	0.0	0.585790236829	0.540840985984	0.582890285162	0.862735621073	0.523441275979	0.56935717738	0.589656839053	0.594490091832	0.928951184147	0.7593040116	0.653455775737	0.589173513775	0.613823102948	0.596423392943	0.905751570807	0.633156114065	0.600289995167	0.590623489609	0.585306911551	0.608506524891	0.645239246013	0.59497341711	0.53939101015	0.563557274045	0.70130497825	0.617206379894	0.588690188497	0.463992266796	0.544707588207	0.531174480425	0.496858385694	0.575640405993	0.55775737071	0.494441759304	0.608023199613	0.595940067666	0.711454809087	0.657805703238	0.690188496858	0.673755437409	0.663122281295	0.682455292412	0.590623489609	0.597873368777	0.589656839053	0.598356694055	0.571290478492	0.67133881102	0.582406959884	0.676172063799	0.591590140164	0.635572740454
AF3	0.618656355727	0.559207346544	0.971000483325	0.643305944901	0.620106331561	0.330594490092	0.6805219913	0.443209279845	0.401643305945	0.585790236829	0.0	0.519091348478	0.538907684872	0.890768487192	0.605606573224	0.582406959884	0.458192363461	0.41662638956	0.955534074432	0.790720154664	0.595456742388	0.54857419043	0.458675688739	0.453842435959	0.9212179797	0.616239729338	0.470758820686	0.506041565974	0.530691155147	0.599323344611	0.531174480425	0.512808119865	0.421942967617	0.498791686805	0.676172063799	0.621072982117	0.417109714838	0.555824069599	0.437892701788	0.616239729338	0.529724504592	0.722571290478	0.700821652972	0.552440792653	0.507491541808	0.491058482359	0.662155630739	0.602223296278	0.656355727405	0.611889801837	0.611406476559	0.632672788787	0.534074432093	0.53020782987	0.532624456259	0.53697438376	0.584340260996	0.630256162397	0.597873368777	0.61575640406	0.493958434026	0.579507008217
AF4	0.607539874335	0.510391493475	0.927017883035	0.608506524891	0.314161430643	0.396810053166	0.595940067666	0.469308844853	0.478008699855	0.540840985984	0.519091348478	0.0	0.543740937651	0.849202513291	0.539874335428	0.554374093765	0.566940550991	0.532141130981	0.884001933301	0.724987916868	0.676655389077	0.611889801837	0.653939101015	0.640889318511	0.848719188014	0.625422909618	0.604639922668	0.630256162397	0.608989850169	0.640889318511	0.652005799903	0.599806669889	0.534074432093	0.55775737071	0.624456259062	0.524891251812	0.5601739971	0.546640889319	0.514741420976	0.509908168197	0.494925084582	0.628322861286	0.614789753504	0.510391493475	0.581440309328	0.567907201547	0.600773320445	0.544707588207	0.577573707105	0.545190913485	0.548090865152	0.576123731271	0.487675205413	0.51619139681	0.53020782987	0.51377477042	0.556790720155	0.562107298212	0.566457225713	0.555824069599	0.533107781537	0.531174480425
AG3	0.59497341711	0.489608506525	0.966650555824	0.488158530691	0.591106814886	0.501691638473	0.648622522958	0.521991300145	0.515224746254	0.582890285162	0.538907684872	0.543740937651	0.0	0.853069115515	0.519091348478	0.524891251812	0.515708071532	0.479942000967	0.931367810536	0.763653939101	0.675688738521	0.586756887385	0.594006766554	0.61333977767	0.887385210246	0.640889318511	0.565490575157	0.584340260996	0.607539874335	0.636056065732	0.6389560174	0.573707104882	0.521991300145	0.515224746254	0.666988883519	0.607056549058	0.538907684872	0.568390526825	0.522957950701	0.572257129048	0.507491541808	0.682455292412	0.665538907685	0.546157564041	0.586273562107	0.55099081682	0.617206379894	0.565007249879	0.61575640406	0.59497341711	0.575640405993	0.591106814886	0.506041565974	0.512808119865	0.528274528758	0.516674722088	0.539874335428	0.590140164331	0.544707588207	0.599806669889	0.50700821653	0.555340744321
AG4	0.853552440793	0.850652489125	0.347027549541	0.567907201547	0.835186080232	0.871918801353	0.870952150797	0.862735621073	0.849685838569	0.862735621073	0.890768487192	0.849202513291	0.853069115515	0.0	0.87046882552	0.855485741904	0.895118414693	0.895118414693	0.703238279362	0.681005316578	0.820202996617	0.825036249396	0.885935234413	0.87723537941	0.82648622523	0.823586273562	0.867568873852	0.858385693572	0.77767037216	0.747220879652	0.882068632189	0.869018849686	0.880135331078	0.882068632189	0.902368293862	0.888351860802	0.887385210246	0.866602223296	0.887385210246	0.887385210246	0.884485258579	0.850169163847	0.853069115515	0.866602223296	0.899951667472	0.891735137748	0.886901884969	0.891735137748	0.888351860802	0.888351860802	0.894635089415	0.89125181247	0.895118414693	0.890285161914	0.899951667472	0.892701788304	0.890285161914	0.891735137748	0.89125181247	0.888351860802	0.897051715805	0.893668438859
AH3	0.651522474625	0.374577090382	0.959884001933	0.586273562107	0.582890285162	0.559207346544	0.568873852102	0.525857902368	0.555824069599	0.523441275979	0.605606573224	0.539874335428	0.519091348478	0.87046882552	0.0	0.523441275979	0.589173513775	0.588206863219	0.929434509425	0.769453842436	0.702271628806	0.61575640406	0.636056065732	0.64813919768	0.901401643306	0.684871918801	0.621072982117	0.613823102948	0.639922667956	0.665538907685	0.687288545191	0.633639439343	0.535041082649	0.568390526825	0.710004833253	0.629289511841	0.624456259062	0.538907684872	0.595456742388	0.544224262929	0.536007733204	0.594006766554	0.575640405993	0.538424359594	0.652489125181	0.623489608507	0.692605123248	0.621072982117	0.660705654906	0.641372643789	0.639922667956	0.662638956017	0.584823586274	0.592073465442	0.591590140164	0.594490091832	0.558240695988	0.655389076849	0.555824069599	0.647655872402	0.585790236829	0.603189946834
AH4	0.330111164814	0.366360560657	0.945384243596	0.599806669889	0.598840019333	0.525857902368	0.640405993233	0.532141130981	0.525857902368	0.56935717738	0.582406959884	0.554374093765	0.524891251812	0.855485741904	0.523441275979	0.0	0.532141130981	0.531657805703	0.874818753021	0.722571290478	0.635089415176	0.565490575157	0.574673755437	0.579990333494	0.852102464959	0.598356694055	0.558240695988	0.563557274045	0.573223779604	0.591106814886	0.592073465442	0.53697438376	0.541807636539	0.551474142098	0.709038182697	0.644755920735	0.578540357661	0.576123731271	0.559690671822	0.570807153214	0.532624456259	0.673272112131	0.669888835186	0.559690671822	0.608989850169	0.582406959884	0.647655872402	0.584823586274	0.656355727405	0.604639922668	0.597873368777	0.618173030449	0.53020782987	0.517641372644	0.518124697922	0.518124697922	0.496375060416	0.601739971	0.511841469309	0.619623006283	0.529241179314	0.58337361044
AA7	0.574673755437	0.553890768487	0.969067182214	0.634606089899	0.622522957951	0.457225712905	0.682455292412	0.475592073465	0.452875785404	0.589656839053	0.458192363461	0.566940550991	0.515708071532	0.895118414693	0.589173513775	0.532141130981	0.0	0.281778637023	0.917834702755	0.761237312711	0.589173513775	0.50700821653	0.485741904302	0.488641855969	0.87046882552	0.591106814886	0.458192363461	0.463508941518	0.520541324311	0.585790236829	0.520541324311	0.423876268729	0.425809569841	0.4813919768	0.722087965201	0.662155630739	0.47220879652	0.566457225713	0.488641855969	0.611889801837	0.550024166264	0.719671338811	0.700338327695	0.578540357661	0.551474142098	0.512808119865	0.670855485742	0.615273078782	0.670855485742	0.637022716288	0.607056549058	0.633639439343	0.528274528758	0.53020782987	0.528274528758	0.533591106815	0.531657805703	0.625906234896	0.547124214596	0.643305944901	0.49299178347	0.600289995167
AA8	0.568873852102	0.550507491542	0.96761720638	0.631222812953	0.580473658772	0.418076365394	0.684871918801	0.443692605123	0.413243112615	0.594490091832	0.41662638956	0.532141130981	0.479942000967	0.895118414693	0.588206863219	0.531657805703	0.281778637023	0.0	0.913001449976	0.756404059932	0.577090381827	0.496858385694	0.470275495408	0.477042049299	0.867085548574	0.58337361044	0.441759304012	0.448042532624	0.515224746254	0.582890285162	0.482358627356	0.390526824553	0.402609956501	0.461092315128	0.695021749638	0.630739487675	0.434509424843	0.55775737071	0.454325761237	0.603673272112	0.529241179314	0.722087965201	0.700338327695	0.559690671822	0.521991300145	0.482358627356	0.634122764621	0.576607056549	0.641855969067	0.602706621556	0.570323827936	0.603189946834	0.49299178347	0.493958434026	0.495891735138	0.499758337361	0.532141130981	0.59255679072	0.554857419043	0.608989850169	0.46979217013	0.562107298212
AB7	0.861768970517	0.895601739971	0.731754470759	0.731271145481	0.862252295795	0.925567907202	0.934751087482	0.93523441276	0.915901401643	0.928951184147	0.955534074432	0.884001933301	0.931367810536	0.703238279362	0.929434509425	0.874818753021	0.917834702755	0.913001449976	0.0	0.416143064282	0.805219913001	0.832286128565	0.935717738038	0.924117931368	0.734654422426	0.815369743838	0.892218463026	0.887385210246	0.754954084099	0.691638472692	0.881101981634	0.883518608023	0.925084581924	0.936684388594	0.948284195263	0.938134364427	0.945384243596	0.914934751087	0.952150797487	0.924601256646	0.937167713871	0.868535524408	0.871918801353	0.910101498308	0.961817303045	0.956984050266	0.922184630256	0.927984533591	0.928467858869	0.928467858869	0.925084581924	0.917351377477	0.911068148864	0.914934751087	0.914934751087	0.91203479942	0.918318028033	0.91445142581	0.9212179797	0.924117931368	0.94683421943	0.93281778637
AB8	0.714354760754	0.724987916868	0.75688738521	0.573223779604	0.737554374094	0.755437409377	0.768970517158	0.764620589657	0.743837602707	0.7593040116	0.790720154664	0.724987916868	0.763653939101	0.681005316578	0.769453842436	0.722571290478	0.761237312711	0.756404059932	0.416143064282	0.0	0.646689221846	0.668438859352	0.753504108265	0.744804253262	0.737071048816	0.652489125181	0.718221362977	0.717738037699	0.544224262929	0.513291445143	0.729337844369	0.723537941034	0.760270662156	0.769937167714	0.817786370227	0.774770420493	0.774770420493	0.745770903818	0.780570323828	0.757370710488	0.768003866602	0.720154664089	0.718221362977	0.743354277429	0.794103431609	0.790720154664	0.81246979217	0.761237312711	0.794586756887	0.763170613823	0.776220396327	0.784920251329	0.762687288545	0.762687288545	0.765587240213	0.764137264379	0.757854035766	0.776703721605	0.760270662156	0.767520541324	0.775737071049	0.764137264379
AC7	0.609473175447	0.651522474625	0.88883518608	0.657805703238	0.719671338811	0.58095698405	0.716771387144	0.582890285162	0.545190913485	0.653455775737	0.595456742388	0.676655389077	0.675688738521	0.820202996617	0.702271628806	0.635089415176	0.589173513775	0.577090381827	0.805219913001	0.646689221846	0.0	0.354760753987	0.566457225713	0.565973900435	0.827452875785	0.578057032383	0.558724021266	0.507974867086	0.471242145964	0.504108264862	0.565973900435	0.542290961817	0.555824069599	0.599323344611	0.81246979217	0.743354277429	0.616239729338	0.635572740454	0.606089898502	0.710004833253	0.671822136298	0.713871435476	0.709521507975	0.64813919768	0.63653939101	0.611406476559	0.816336394393	0.755920734654	0.802803286612	0.781053649106	0.752537457709	0.77767037216	0.681005316578	0.674722087965	0.66892218463	0.682455292412	0.667472208797	0.78250362494	0.676655389077	0.777187046883	0.610439826003	0.737554374094
AC8	0.573707104882	0.57177380377	0.898501691638	0.601739971	0.662155630739	0.513291445143	0.688255195747	0.506041565974	0.481875302078	0.589173513775	0.54857419043	0.611889801837	0.586756887385	0.825036249396	0.61575640406	0.565490575157	0.50700821653	0.496858385694	0.832286128565	0.668438859352	0.354760753987	0.0	0.50459159014	0.506041565974	0.835186080232	0.543257612373	0.416143064282	0.364427259546	0.419526341228	0.479458675689	0.535041082649	0.48622522958	0.476558724021	0.505074915418	0.73852102465	0.667472208797	0.543257612373	0.565007249879	0.535524407927	0.637022716288	0.589173513775	0.669405509908	0.645239246013	0.572740454326	0.566940550991	0.531657805703	0.729821169647	0.663122281295	0.720637989367	0.697438376027	0.669405509908	0.693571773804	0.594006766554	0.587723537941	0.582406959884	0.594490091832	0.575640405993	0.691638472692	0.585306911551	0.69453842436	0.532141130981	0.648622522958
AD7	0.589656839053	0.594490091832	0.958917351377	0.666988883519	0.720154664089	0.511841469309	0.695505074915	0.511358144031	0.48380860319	0.613823102948	0.458675688739	0.653939101015	0.594006766554	0.885935234413	0.636056065732	0.574673755437	0.485741904302	0.470275495408	0.935717738038	0.753504108265	0.566457225713	0.50459159014	0.0	0.305944900918	0.894151764137	0.524891251812	0.436926051232	0.452392460126	0.498791686805	0.55099081682	0.497825036249	0.476075398743	0.468825519575	0.535041082649	0.7593040116	0.691638472692	0.50459159014	0.591590140164	0.549540840986	0.650072498792	0.60657322378	0.711454809087	0.706621556307	0.599323344611	0.573707104882	0.553890768487	0.752054132431	0.678105364911	0.74528757854	0.718221362977	0.687771870469	0.709038182697	0.621072982117	0.610923151281	0.599806669889	0.626389560174	0.585306911551	0.706138231029	0.600289995167	0.708071532141	0.559690671822	0.669405509908
AD8	0.587723537941	0.591106814886	0.951184146931	0.65055582407	0.706621556307	0.490575157081	0.688255195747	0.511841469309	0.492025132914	0.596423392943	0.453842435959	0.640889318511	0.61333977767	0.87723537941	0.64813919768	0.579990333494	0.488641855969	0.477042049299	0.924117931368	0.744804253262	0.565973900435	0.506041565974	0.305944900918	0.0	0.855002416626	0.495891735138	0.437892701788	0.452392460126	0.484775253746	0.547124214596	0.501691638473	0.477525374577	0.482841952634	0.547607539874	0.754470758821	0.681005316578	0.489125181247	0.58095698405	0.53697438376	0.652972450459	0.604639922668	0.710004833253	0.697921701305	0.593523441276	0.565007249879	0.559207346544	0.748187530208	0.677138714355	0.742870952151	0.710488158531	0.6805219913	0.708071532141	0.612373127115	0.608506524891	0.60415659739	0.614789753504	0.595940067666	0.701788303528	0.615273078782	0.702754954084	0.561140647656	0.664088931851
AE7	0.827452875785	0.86805219913	0.853552440793	0.802319961334	0.83325277912	0.889801836636	0.912518124698	0.907201546641	0.890768487192	0.905751570807	0.9212179797	0.848719188014	0.887385210246	0.82648622523	0.901401643306	0.852102464959	0.87046882552	0.867085548574	0.734654422426	0.737071048816	0.827452875785	0.835186080232	0.894151764137	0.855002416626	0.0	0.540357660706	0.876752054132	0.869018849686	0.773320444659	0.770420492992	0.838569357177	0.837119381344	0.899468342194	0.909134847753	0.93281778637	0.919284678589	0.9212179797	0.898985016916	0.922667955534	0.874335427743	0.896568390527	0.872885451909	0.881101981634	0.883035282745	0.93523441276	0.928467858869	0.892701788304	0.907201546641	0.906718221363	0.893668438859	0.903334944418	0.899951667472	0.892218463026	0.88883518608	0.907684871919	0.889801836636	0.901884968584	0.889801836636	0.902368293862	0.894635089415	0.91203479942	0.910101498308
AE8	0.578057032383	0.614306428226	0.895118414693	0.646205896568	0.678105364911	0.586756887385	0.688738521025	0.603189946834	0.587723537941	0.633156114065	0.616239729338	0.625422909618	0.640889318511	0.823586273562	0.684871918801	0.598356694055	0.591106814886	0.58337361044	0.815369743838	0.652489125181	0.578057032383	0.543257612373	0.524891251812	0.495891735138	0.540357660706	0.0	0.581440309328	0.567907201547	0.511841469309	0.514741420976	0.572257129048	0.549540840986	0.599323344611	0.606089898502	0.771870468826	0.710004833253	0.623006283229	0.600289995167	0.620106331561	0.652005799903	0.626872885452	0.687771870469	0.682455292412	0.608506524891	0.62735621073	0.629289511841	0.752054132431	0.705171580474	0.758820686322	0.709521507975	0.702754954084	0.730787820203	0.646689221846	0.639922667956	0.644272595457	0.643305944901	0.636056065732	0.717254712421	0.645239246013	0.707104881585	0.607056549058	0.684388593523
AF7	0.580473658772	0.55099081682	0.938617689705	0.639922667956	0.661672305462	0.488641855969	0.698405026583	0.46060898985	0.451909134848	0.600289995167	0.470758820686	0.604639922668	0.565490575157	0.867568873852	0.621072982117	0.558240695988	0.458192363461	0.441759304012	0.892218463026	0.718221362977	0.558724021266	0.416143064282	0.436926051232	0.437892701788	0.876752054132	0.581440309328	0.0	0.338811019816	0.470758820686	0.532141130981	0.491058482359	0.483325277912	0.433542774287	0.493958434026	0.712421459642	0.637022716288	0.473658772354	0.538424359594	0.518124697922	0.633156114065	0.564523924601	0.693571773804	0.673272112131	0.564040599323	0.54857419043	0.524891251812	0.690671822136	0.62735621073	0.697438376027	0.672305461576	0.632672788787	0.654905751571	0.566940550991	0.5601739971	0.546640889319	0.565973900435	0.55775737071	0.65055582407	0.579990333494	0.666022232963	0.508941517641	0.608023199613
AF8	0.575157080715	0.578057032383	0.930884485259	0.632672788787	0.688255195747	0.493958434026	0.691155147414	0.482841952634	0.464475592073	0.590623489609	0.506041565974	0.630256162397	0.584340260996	0.858385693572	0.613823102948	0.563557274045	0.463508941518	0.448042532624	0.887385210246	0.717738037699	0.507974867086	0.364427259546	0.452392460126	0.452392460126	0.869018849686	0.567907201547	0.338811019816	0.0	0.452392460126	0.519574673755	0.514258095698	0.46979217013	0.424842919285	0.495891735138	0.733204446593	0.657805703238	0.489608506525	0.551957467376	0.526824552924	0.63653939101	0.58337361044	0.675205413243	0.656355727405	0.561140647656	0.563073948768	0.539874335428	0.716771387144	0.655389076849	0.721121314645	0.695988400193	0.659255679072	0.676655389077	0.585790236829	0.58337361044	0.578540357661	0.591106814886	0.565007249879	0.678588690188	0.579507008217	0.690671822136	0.519091348478	0.637022716288
AG7	0.579023682939	0.575640405993	0.854519091348	0.549540840986	0.65973900435	0.501691638473	0.685838569357	0.496375060416	0.477042049299	0.585306911551	0.530691155147	0.608989850169	0.607539874335	0.77767037216	0.639922667956	0.573223779604	0.520541324311	0.515224746254	0.754954084099	0.544224262929	0.471242145964	0.419526341228	0.498791686805	0.484775253746	0.773320444659	0.511841469309	0.470758820686	0.452392460126	0.0	0.326727887869	0.534074432093	0.494441759304	0.492508458192	0.534074432093	0.74770420493	0.675688738521	0.524891251812	0.560657322378	0.542290961817	0.633156114065	0.583856935718	0.661672305462	0.639439342678	0.567423876269	0.570807153214	0.5601739971	0.744804253262	0.669405509908	0.73368777187	0.70372160464	0.675688738521	0.706138231029	0.607056549058	0.604639922668	0.599806669889	0.608989850169	0.604639922668	0.70372160464	0.618656355727	0.695505074915	0.559690671822	0.652972450459
AG8	0.584823586274	0.600773320445	0.829869502175	0.583856935718	0.687288545191	0.567423876269	0.681971967134	0.567423876269	0.544707588207	0.608506524891	0.599323344611	0.640889318511	0.636056065732	0.747220879652	0.665538907685	0.591106814886	0.585790236829	0.582890285162	0.691638472692	0.513291445143	0.504108264862	0.479458675689	0.55099081682	0.547124214596	0.770420492992	0.514741420976	0.532141130981	0.519574673755	0.326727887869	0.0	0.572740454326	0.549540840986	0.562107298212	0.578540357661	0.773803769937	0.704204929918	0.593040115998	0.586273562107	0.592073465442	0.663122281295	0.608506524891	0.667955534074	0.668438859352	0.600773320445	0.614306428226	0.602706621556	0.766553890768	0.69212179797	0.75688738521	0.728371193813	0.701788303528	0.730787820203	0.6389560174	0.640405993233	0.630256162397	0.645239246013	0.635572740454	0.724987916868	0.647172547124	0.718704688255	0.602223296278	0.674722087965
AH7	0.587723537941	0.622522957951	0.949734171097	0.692605123248	0.700821652972	0.545674238763	0.719671338811	0.55775737071	0.542290961817	0.645239246013	0.531174480425	0.652005799903	0.6389560174	0.882068632189	0.687288545191	0.592073465442	0.520541324311	0.482358627356	0.881101981634	0.729337844369	0.565973900435	0.535041082649	0.497825036249	0.501691638473	0.838569357177	0.572257129048	0.491058482359	0.514258095698	0.534074432093	0.572740454326	0.0	0.32866118898	0.548090865152	0.610923151281	0.788786853552	0.724021266312	0.550507491542	0.640405993233	0.602223296278	0.665538907685	0.643305944901	0.755437409377	0.753020782987	0.65055582407	0.632189463509	0.621072982117	0.761720637989	0.712421459642	0.766070565491	0.728854519091	0.710971483809	0.727887868536	0.625906234896	0.631222812953	0.620589656839	0.632189463509	0.619623006283	0.725954567424	0.631706138231	0.725954567424	0.601256645723	0.699371677139
AH8	0.565007249879	0.580473658772	0.945384243596	0.642339294345	0.652005799903	0.487191880135	0.68293861769	0.503141614306	0.488158530691	0.59497341711	0.512808119865	0.599806669889	0.573707104882	0.869018849686	0.633639439343	0.53697438376	0.423876268729	0.390526824553	0.883518608023	0.723537941034	0.542290961817	0.48622522958	0.476075398743	0.477525374577	0.837119381344	0.549540840986	0.483325277912	0.46979217013	0.494441759304	0.549540840986	0.32866118898	0.0	0.496375060416	0.546157564041	0.756404059932	0.685355244079	0.521507974867	0.583856935718	0.546640889319	0.613823102948	0.587240212663	0.714838086032	0.701788303528	0.594490091832	0.582406959884	0.556790720155	0.705654905752	0.655872402127	0.71532141131	0.677138714355	0.646689221846	0.673272112131	0.574190430159	0.575157080715	0.563073948768	0.569840502658	0.563557274045	0.668438859352	0.574673755437	0.680038666022	0.540357660706	0.6389560174
AA5	0.587240212663	0.512808119865	0.957950700822	0.631222812953	0.594006766554	0.424842919285	0.62735621073	0.390043499275	0.390526824553	0.53939101015	0.421942967617	0.534074432093	0.521991300145	0.880135331078	0.535041082649	0.541807636539	0.425809569841	0.402609956501	0.925084581924	0.760270662156	0.555824069599	0.476558724021	0.468825519575	0.482841952634	0.899468342194	0.599323344611	0.433542774287	0.424842919285	0.492508458192	0.562107298212	0.548090865152	0.496375060416	0.0	0.350410826486	0.681005316578	0.58095698405	0.453359110681	0.463508941518	0.455775737071	0.54857419043	0.46979217013	0.623489608507	0.600289995167	0.469308844853	0.521507974867	0.466408893185	0.693571773804	0.631706138231	0.669405509908	0.647172547124	0.645239246013	0.668438859352	0.532141130981	0.558724021266	0.553407443209	0.563073948768	0.534557757371	0.661188980184	0.565973900435	0.644272595457	0.489125181247	0.61575640406
AA6	0.591106814886	0.521024649589	0.958917351377	0.642822619623	0.617689705172	0.461575640406	0.652489125181	0.441275978734	0.456259062349	0.563557274045	0.498791686805	0.55775737071	0.515224746254	0.882068632189	0.568390526825	0.551474142098	0.4813919768	0.461092315128	0.936684388594	0.769937167714	0.599323344611	0.505074915418	0.535041082649	0.547607539874	0.909134847753	0.606089898502	0.493958434026	0.495891735138	0.534074432093	0.578540357661	0.610923151281	0.546157564041	0.350410826486	0.0	0.672788786854	0.578057032383	0.500724987917	0.499758337361	0.479942000967	0.581440309328	0.502658289029	0.656355727405	0.633639439343	0.515708071532	0.448042532624	0.408893185114	0.686805219913	0.623006283229	0.663122281295	0.645239246013	0.636056065732	0.658289028516	0.528274528758	0.550024166264	0.546157564041	0.552440792653	0.540840985984	0.652489125181	0.568390526825	0.642339294345	0.491541807637	0.606089898502
AB5	0.762203963267	0.674238762687	0.971483808603	0.732721121315	0.649589173514	0.645239246013	0.741904301595	0.644272595457	0.652489125181	0.70130497825	0.676172063799	0.624456259062	0.666988883519	0.902368293862	0.710004833253	0.709038182697	0.722087965201	0.695021749638	0.948284195263	0.817786370227	0.81246979217	0.73852102465	0.7593040116	0.754470758821	0.93281778637	0.771870468826	0.712421459642	0.733204446593	0.74770420493	0.773803769937	0.788786853552	0.756404059932	0.681005316578	0.672788786854	0.0	0.336394393427	0.616723054616	0.66892218463	0.616723054616	0.634606089899	0.616723054616	0.744320927985	0.727404543258	0.652005799903	0.639922667956	0.637506041566	0.638472692122	0.634122764621	0.641855969067	0.619623006283	0.637989366844	0.630256162397	0.610923151281	0.60657322378	0.622039632673	0.637989366844	0.680038666022	0.617206379894	0.680038666022	0.623006283229	0.669888835186	0.627839536008
AB6	0.695505074915	0.596423392943	0.963267278879	0.667472208797	0.584823586274	0.570323827936	0.660222329628	0.549057515708	0.581923634606	0.617206379894	0.621072982117	0.524891251812	0.607056549058	0.888351860802	0.629289511841	0.644755920735	0.662155630739	0.630739487675	0.938134364427	0.774770420493	0.743354277429	0.667472208797	0.691638472692	0.681005316578	0.919284678589	0.710004833253	0.637022716288	0.657805703238	0.675688738521	0.704204929918	0.724021266312	0.685355244079	0.58095698405	0.578057032383	0.336394393427	0.0	0.568390526825	0.574190430159	0.554374093765	0.552924117931	0.535041082649	0.663605606573	0.631222812953	0.539874335428	0.564523924601	0.555340744321	0.61333977767	0.565973900435	0.593523441276	0.56935717738	0.576607056549	0.588206863219	0.541807636539	0.559690671822	0.563073948768	0.581440309328	0.611406476559	0.567907201547	0.610439826003	0.564523924601	0.608506524891	0.556307394877
AC5	0.602223296278	0.563557274045	0.971967133881	0.644272595457	0.636056065732	0.436926051232	0.678588690188	0.444659255679	0.427259545674	0.588690188497	0.417109714838	0.5601739971	0.538907684872	0.887385210246	0.624456259062	0.578540357661	0.47220879652	0.434509424843	0.945384243596	0.774770420493	0.616239729338	0.543257612373	0.50459159014	0.489125181247	0.9212179797	0.623006283229	0.473658772354	0.489608506525	0.524891251812	0.593040115998	0.550507491542	0.521507974867	0.453359110681	0.500724987917	0.616723054616	0.568390526825	0.0	0.459159014016	0.431126147898	0.594490091832	0.521507974867	0.708071532141	0.675688738521	0.542774287095	0.463992266796	0.46060898985	0.602706621556	0.561140647656	0.616723054616	0.584823586274	0.561623972934	0.582406959884	0.493958434026	0.479458675689	0.48622522958	0.508458192363	0.565007249879	0.576123731271	0.58095698405	0.573707104882	0.501208313195	0.534074432093
AC6	0.626389560174	0.51619139681	0.953117448043	0.6389560174	0.587723537941	0.513291445143	0.52779120348	0.465442242629	0.509424842919	0.463992266796	0.555824069599	0.546640889319	0.568390526825	0.866602223296	0.538907684872	0.576123731271	0.566457225713	0.55775737071	0.914934751087	0.745770903818	0.635572740454	0.565007249879	0.591590140164	0.58095698405	0.898985016916	0.600289995167	0.538424359594	0.551957467376	0.560657322378	0.586273562107	0.640405993233	0.583856935718	0.463508941518	0.499758337361	0.66892218463	0.574190430159	0.459159014016	0.0	0.518124697922	0.535041082649	0.493958434026	0.482358627356	0.444175930401	0.418559690672	0.552440792653	0.548090865152	0.692605123248	0.642339294345	0.675205413243	0.649589173514	0.644272595457	0.664088931851	0.570807153214	0.58095698405	0.578540357661	0.58337361044	0.555340744321	0.656839052682	0.570807153214	0.644755920735	0.541324311261	0.620589656839
AD6	0.608989850169	0.535041082649	0.971967133881	0.630739487675	0.594490091832	0.414693088449	0.62735621073	0.432576123731	0.420976317061	0.544707588207	0.437892701788	0.514741420976	0.522957950701	0.887385210246	0.595456742388	0.559690671822	0.488641855969	0.454325761237	0.952150797487	0.780570323828	0.606089898502	0.535524407927	0.549540840986	0.53697438376	0.922667955534	0.620106331561	0.518124697922	0.526824552924	0.542290961817	0.592073465442	0.602223296278	0.546640889319	0.455775737071	0.479942000967	0.616723054616	0.554374093765	0.431126147898	0.518124697922	0.0	0.555340744321	0.414693088449	0.686321894635	0.665055582407	0.533591106815	0.468342194297	0.44900918318	0.606089898502	0.54857419043	0.596906718221	0.549057515708	0.555340744321	0.579507008217	0.466408893185	0.464475592073	0.472692121798	0.488158530691	0.542774287095	0.573223779604	0.554857419043	0.564040599323	0.476558724021	0.531657805703
AE5	0.628806186564	0.540357660706	0.971000483325	0.625906234896	0.552440792653	0.547124214596	0.586756887385	0.549057515708	0.599323344611	0.531174480425	0.616239729338	0.509908168197	0.572257129048	0.887385210246	0.544224262929	0.570807153214	0.611889801837	0.603673272112	0.924601256646	0.757370710488	0.710004833253	0.637022716288	0.650072498792	0.652972450459	0.874335427743	0.652005799903	0.633156114065	0.63653939101	0.633156114065	0.663122281295	0.665538907685	0.613823102948	0.54857419043	0.581440309328	0.634606089899	0.552924117931	0.594490091832	0.535041082649	0.555340744321	0.0	0.370227162881	0.598840019333	0.576123731271	0.510391493475	0.631222812953	0.623972933784	0.656355727405	0.614306428226	0.636056065732	0.612373127115	0.630256162397	0.642822619623	0.543740937651	0.570807153214	0.604639922668	0.579023682939	0.56259062349	0.630739487675	0.568873852102	0.614306428226	0.574673755437	0.610439826003
AE6	0.604639922668	0.483325277912	0.971000483325	0.614306428226	0.535041082649	0.470758820686	0.569840502658	0.465925567907	0.512324794587	0.496858385694	0.529724504592	0.494925084582	0.507491541808	0.884485258579	0.536007733204	0.532624456259	0.550024166264	0.529241179314	0.937167713871	0.768003866602	0.671822136298	0.589173513775	0.60657322378	0.604639922668	0.896568390527	0.626872885452	0.564523924601	0.58337361044	0.583856935718	0.608506524891	0.643305944901	0.587240212663	0.46979217013	0.502658289029	0.616723054616	0.535041082649	0.521507974867	0.493958434026	0.414693088449	0.370227162881	0.0	0.629772837119	0.611889801837	0.463508941518	0.556790720155	0.544224262929	0.631222812953	0.577090381827	0.601256645723	0.582406959884	0.589656839053	0.605123247946	0.48622522958	0.506041565974	0.520057999033	0.510391493475	0.51619139681	0.597873368777	0.536007733204	0.585790236829	0.499758337361	0.559207346544
AF5	0.705654905752	0.624456259062	0.928951184147	0.664088931851	0.662638956017	0.678105364911	0.545674238763	0.629289511841	0.679072015466	0.575640405993	0.722571290478	0.628322861286	0.682455292412	0.850169163847	0.594006766554	0.673272112131	0.719671338811	0.722087965201	0.868535524408	0.720154664089	0.713871435476	0.669405509908	0.711454809087	0.710004833253	0.872885451909	0.687771870469	0.693571773804	0.675205413243	0.661672305462	0.667955534074	0.755437409377	0.714838086032	0.623489608507	0.656355727405	0.744320927985	0.663605606573	0.708071532141	0.482358627356	0.686321894635	0.598840019333	0.629772837119	0.0	0.281778637023	0.529724504592	0.719188013533	0.718704688255	0.759787336878	0.717254712421	0.747220879652	0.714354760754	0.727887868536	0.751087481875	0.687288545191	0.714354760754	0.725471242146	0.707104881585	0.661672305462	0.739004349928	0.667955534074	0.710971483809	0.705654905752	0.713388110198
AF6	0.713388110198	0.609473175447	0.933301111648	0.649105848236	0.637022716288	0.660705654906	0.545674238763	0.610923151281	0.657805703238	0.55775737071	0.700821652972	0.614789753504	0.665538907685	0.853069115515	0.575640405993	0.669888835186	0.700338327695	0.700338327695	0.871918801353	0.718221362977	0.709521507975	0.645239246013	0.706621556307	0.697921701305	0.881101981634	0.682455292412	0.673272112131	0.656355727405	0.639439342678	0.668438859352	0.753020782987	0.701788303528	0.600289995167	0.633639439343	0.727404543258	0.631222812953	0.675688738521	0.444175930401	0.665055582407	0.576123731271	0.611889801837	0.281778637023	0.0	0.510874818753	0.699371677139	0.693571773804	0.740937651039	0.695988400193	0.72450459159	0.695988400193	0.707104881585	0.725954567424	0.672305461576	0.69453842436	0.704688255196	0.691155147414	0.642822619623	0.71290478492	0.654422426293	0.687288545191	0.687288545191	0.697438376027
