	AA3	AA4	AB3	AB4	AC3	AC4	AD3	AD4	AE3	AE4	AF3	AF4	AG3	AG4	AH3	AH4	AA7	AA8	AB7	AB8	AC7	AC8	AD7	AD8	AE7	AE8	AF7	AF8	AG7	AG8	AH7	AH8	AA5	AA6	AB5	AB6	AC5	AC6	AD6	AE5	AE6	AF5	AF6	AG5	AH5	AH6	AA1	AA2	AB1	AB2	AC1	AC2	AD1	AD2	AE1	AE2	AF1	AF2	AG1	AG2	AH1	AH2
AA3	0.0	0.470758820686	0.937651039149	0.634122764621	0.657805703238	0.586273562107	0.665538907685	0.582890285162	0.565007249879	0.628806186564	0.615273078782	0.605606573224	0.589173513775	0.842919284679	0.631706138231	0.333011116481	0.576607056549	0.579023682939	0.869018849686	0.703238279362	0.614306428226	0.565490575157	0.598356694055	0.578540357661	0.83566940551	0.59497341711	0.577573707105	0.561623972934	0.592073465442	0.600289995167	0.589656839053	0.552440792653	0.585790236829	0.592073465442	0.742870952151	0.683421942968	0.613823102948	0.624456259062	0.594006766554	0.62493958434	0.605123247946	0.714838086032	0.688255195747	0.615273078782	0.623489608507	0.625422909618	0.674238762687	0.643789270179	0.704204929918	0.66892218463	0.65732237796	0.660222329628	0.565007249879	0.566940550991	0.573707104882	0.555340744321	0.578057032383	0.654422426293	0.585306911551	0.663122281295	0.580473658772	0.654905751571
AA4	0.470758820686	0.0	0.952634122765	0.589173513775	0.581440309328	0.497825036249	0.576607056549	0.465442242629	0.485258579024	0.523441275979	0.556790720155	0.511841469309	0.489125181247	0.854035766071	0.373610439826	0.348477525375	0.538424359594	0.537941034316	0.895601739971	0.719188013533	0.641372643789	0.563557274045	0.577573707105	0.568390526825	0.880135331078	0.609956500725	0.539874335428	0.55099081682	0.590140164331	0.605606573224	0.622522957951	0.574190430159	0.498791686805	0.500724987917	0.664088931851	0.594006766554	0.559690671822	0.51377477042	0.521024649589	0.5186080232	0.480425326245	0.633639439343	0.593040115998	0.508458192363	0.568390526825	0.556790720155	0.65732237796	0.584823586274	0.629289511841	0.601256645723	0.616239729338	0.635572740454	0.516674722088	0.51619139681	0.53020782987	0.516674722088	0.49299178347	0.630256162397	0.503624939584	0.599323344611	0.515224746254	0.587723537941
AB3	0.937651039149	0.952634122765	0.0	0.672305461576	0.925567907202	0.952150797487	0.957950700822	0.949734171097	0.929434509425	0.955050749154	0.971967133881	0.942000966651	0.964233929435	0.347510874819	0.96520057999	0.94441759304	0.972450459159	0.973417109715	0.737554374094	0.753504108265	0.88883518608	0.913968100532	0.957467375544	0.940550990817	0.851619139681	0.898501691638	0.938617689705	0.935717738038	0.851135814403	0.850169163847	0.950217496375	0.951184146931	0.955050749154	0.962783953601	0.975350410826	0.963267278879	0.975350410826	0.95360077332	0.975350410826	0.975350410826	0.973417109715	0.936684388594	0.939584340261	0.943934267762	0.975350410826	0.973417109715	0.975350410826	0.973900434993	0.974383760271	0.972933784437	0.974867085549	0.973417109715	0.97680038666	0.976317061382	0.977767037216	0.977283711938	0.974383760271	0.974867085549	0.973417109715	0.976317061382	0.974383760271	0.972450459159
AB4	0.634122764621	0.589173513775	0.672305461576	0.0	0.655872402127	0.617689705172	0.679555340744	0.628322861286	0.609956500725	0.6389560174	0.65973900435	0.609956500725	0.491058482359	0.551474142098	0.610923151281	0.596906718221	0.64813919768	0.642339294345	0.719188013533	0.561140647656	0.651039149348	0.623489608507	0.664572257129	0.644755920735	0.794103431609	0.640405993233	0.652972450459	0.652489125181	0.564040599323	0.588690188497	0.690671822136	0.65055582407	0.65055582407	0.664088931851	0.73368777187	0.67133881102	0.662155630739	0.646689221846	0.634606089899	0.6389560174	0.633639439343	0.673272112131	0.654905751571	0.632189463509	0.689221846303	0.687288545191	0.700338327695	0.658772353794	0.695988400193	0.666022232963	0.669888835186	0.675205413243	0.637506041566	0.642822619623	0.655872402127	0.64813919768	0.644755920735	0.684871918801	0.644755920735	0.66892218463	0.652972450459	0.669888835186
AC3	0.657805703238	0.581440309328	0.925567907202	0.655872402127	0.0	0.499758337361	0.630739487675	0.565490575157	0.5601739971	0.608506524891	0.639922667956	0.338327694538	0.608023199613	0.836636056066	0.598356694055	0.60415659739	0.632672788787	0.619623006283	0.875785403577	0.750120831319	0.737554374094	0.683905268246	0.734171097148	0.718221362977	0.836152730788	0.695505074915	0.672305461576	0.698888351861	0.685838569357	0.69212179797	0.716288061866	0.677138714355	0.615273078782	0.624456259062	0.648622522958	0.614306428226	0.646689221846	0.597390043499	0.608023199613	0.565007249879	0.560657322378	0.669405509908	0.64572257129	0.568873852102	0.676655389077	0.67133881102	0.59497341711	0.605606573224	0.60415659739	0.586273562107	0.621072982117	0.609956500725	0.557274045433	0.59255679072	0.60415659739	0.594006766554	0.622039632673	0.608989850169	0.624456259062	0.608506524891	0.616239729338	0.613823102948
AC4	0.586273562107	0.497825036249	0.952150797487	0.617689705172	0.499758337361	0.0	0.614306428226	0.40744320928	0.408893185114	0.535524407927	0.357177380377	0.398260029	0.513291445143	0.859835669406	0.565973900435	0.52537457709	0.491058482359	0.473175447076	0.913968100532	0.73610439826	0.590623489609	0.533107781537	0.528757854036	0.527307878202	0.883518608023	0.57177380377	0.511358144031	0.525857902368	0.538424359594	0.554374093765	0.577573707105	0.523441275979	0.439342677622	0.475592073465	0.639922667956	0.562107298212	0.485258579024	0.511358144031	0.429676172064	0.54857419043	0.487675205413	0.685838569357	0.649105848236	0.514258095698	0.522957950701	0.495891735138	0.629772837119	0.565007249879	0.591106814886	0.569840502658	0.582890285162	0.609956500725	0.49299178347	0.497825036249	0.516674722088	0.507491541808	0.551474142098	0.605606573224	0.561140647656	0.578057032383	0.488641855969	0.569840502658
AD3	0.665538907685	0.576607056549	0.957950700822	0.679555340744	0.630739487675	0.614306428226	0.0	0.523441275979	0.621556307395	0.344127597873	0.670855485742	0.596906718221	0.635572740454	0.86563557274	0.558240695988	0.621556307395	0.679072015466	0.678588690188	0.931851135814	0.752537457709	0.709521507975	0.680038666022	0.690671822136	0.684388593523	0.911551474142	0.671822136298	0.685838569357	0.689221846303	0.682455292412	0.676172063799	0.710971483809	0.680038666022	0.626872885452	0.630739487675	0.723054615756	0.665055582407	0.665538907685	0.523924601257	0.623006283229	0.5601739971	0.5601739971	0.557274045433	0.520541324311	0.533591106815	0.686321894635	0.677622039633	0.753987433543	0.696955050749	0.734171097148	0.697921701305	0.717254712421	0.740937651039	0.632189463509	0.649105848236	0.660222329628	0.64572257129	0.617689705172	0.723054615756	0.628806186564	0.703238279362	0.676172063799	0.697438376027
AD4	0.582890285162	0.465442242629	0.949734171097	0.628322861286	0.565490575157	0.40744320928	0.523441275979	0.0	0.304494925085	0.428709521508	0.424359594007	0.488641855969	0.498791686805	0.860802319961	0.526341227646	0.512324794587	0.462542290962	0.454325761237	0.938134364427	0.751087481875	0.576123731271	0.499275012083	0.495891735138	0.481875302078	0.906234896085	0.590623489609	0.456259062349	0.470275495408	0.509908168197	0.551474142098	0.555824069599	0.494925084582	0.380860318995	0.425326244563	0.646689221846	0.56259062349	0.440309328178	0.470275495408	0.427259545674	0.545674238763	0.457709038183	0.644272595457	0.607539874335	0.479458675689	0.498791686805	0.463508941518	0.658772353794	0.594006766554	0.629772837119	0.608023199613	0.616723054616	0.642339294345	0.499758337361	0.502174963751	0.519091348478	0.508458192363	0.535524407927	0.633156114065	0.550024166264	0.609956500725	0.503141614306	0.594006766554
AE3	0.565007249879	0.485258579024	0.929434509425	0.609956500725	0.5601739971	0.408893185114	0.621556307395	0.304494925085	0.0	0.526341227646	0.422909618173	0.49299178347	0.491058482359	0.842435959401	0.537457709038	0.510874818753	0.449492508458	0.434992750121	0.917351377477	0.734654422426	0.549540840986	0.480425326245	0.488158530691	0.476075398743	0.880618656356	0.568390526825	0.446109231513	0.462058965684	0.485258579024	0.534557757371	0.53697438376	0.475108748188	0.391493475109	0.435476075399	0.663605606573	0.582406959884	0.440792653456	0.507491541808	0.434026099565	0.595456742388	0.500724987917	0.68293861769	0.644755920735	0.512324794587	0.492025132914	0.46060898985	0.655872402127	0.59497341711	0.622039632673	0.603673272112	0.606089898502	0.640405993233	0.50459159014	0.512324794587	0.517641372644	0.511841469309	0.541324311261	0.635572740454	0.564523924601	0.60657322378	0.490575157081	0.588206863219
AE4	0.628806186564	0.523441275979	0.955050749154	0.6389560174	0.608506524891	0.535524407927	0.344127597873	0.428709521508	0.526341227646	0.0	0.593523441276	0.555340744321	0.577090381827	0.861285645239	0.529241179314	0.572257129048	0.599806669889	0.603673272112	0.943934267762	0.756404059932	0.654905751571	0.596906718221	0.609956500725	0.59497341711	0.913001449976	0.623489608507	0.606089898502	0.608989850169	0.599806669889	0.603189946834	0.648622522958	0.60415659739	0.546640889319	0.552924117931	0.698405026583	0.627839536008	0.584823586274	0.481875302078	0.54857419043	0.532624456259	0.507974867086	0.605606573224	0.563073948768	0.513291445143	0.611406476559	0.609956500725	0.72692121798	0.662155630739	0.700821652972	0.670372160464	0.690188496858	0.708554857419	0.598840019333	0.595940067666	0.598356694055	0.611406476559	0.573223779604	0.69453842436	0.597390043499	0.679555340744	0.597873368777	0.669888835186
AF3	0.615273078782	0.556790720155	0.971967133881	0.65973900435	0.639922667956	0.357177380377	0.670855485742	0.424359594007	0.422909618173	0.593523441276	0.0	0.532624456259	0.53697438376	0.881101981634	0.60657322378	0.570807153214	0.446592556791	0.447559207347	0.957467375544	0.77767037216	0.598356694055	0.544224262929	0.433059449009	0.438376027066	0.920734654422	0.610923151281	0.446109231513	0.518124697922	0.540840985984	0.581923634606	0.530691155147	0.5186080232	0.415176413726	0.490575157081	0.678105364911	0.618656355727	0.418076365394	0.553890768487	0.453359110681	0.618173030449	0.541324311261	0.728854519091	0.687771870469	0.558724021266	0.519574673755	0.487675205413	0.674238762687	0.60657322378	0.655389076849	0.619623006283	0.626872885452	0.651522474625	0.547124214596	0.522957950701	0.53697438376	0.526341227646	0.590623489609	0.649105848236	0.596906718221	0.612373127115	0.505074915418	0.606089898502
AF4	0.605606573224	0.511841469309	0.942000966651	0.609956500725	0.338327694538	0.398260029	0.596906718221	0.488641855969	0.49299178347	0.555340744321	0.532624456259	0.0	0.551474142098	0.848235862736	0.542774287095	0.534074432093	0.566940550991	0.55099081682	0.883035282745	0.713388110198	0.685355244079	0.623972933784	0.658289028516	0.649105848236	0.851619139681	0.645239246013	0.605606573224	0.635089415176	0.637022716288	0.655389076849	0.647655872402	0.611406476559	0.542774287095	0.557274045433	0.623489608507	0.540840985984	0.556790720155	0.549057515708	0.515708071532	0.505074915418	0.507974867086	0.633639439343	0.609956500725	0.5186080232	0.581440309328	0.582406959884	0.596906718221	0.542290961817	0.573223779604	0.531657805703	0.551474142098	0.57177380377	0.489125181247	0.507974867086	0.538424359594	0.512324794587	0.565490575157	0.573707104882	0.559690671822	0.541324311261	0.550024166264	0.54857419043
AG3	0.589173513775	0.489125181247	0.964233929435	0.491058482359	0.608023199613	0.513291445143	0.635572740454	0.498791686805	0.491058482359	0.577090381827	0.53697438376	0.551474142098	0.0	0.843402609957	0.516674722088	0.521507974867	0.512324794587	0.494925084582	0.933301111648	0.749154180764	0.652005799903	0.589173513775	0.589656839053	0.590140164331	0.888351860802	0.62735621073	0.546157564041	0.572740454326	0.599323344611	0.618173030449	0.632672788787	0.561623972934	0.512324794587	0.515708071532	0.666022232963	0.615273078782	0.543257612373	0.561623972934	0.508941517641	0.579990333494	0.508458192363	0.683905268246	0.644272595457	0.536007733204	0.559207346544	0.54857419043	0.628322861286	0.572740454326	0.629772837119	0.596423392943	0.599323344611	0.606089898502	0.526341227646	0.514741420976	0.538907684872	0.528274528758	0.539874335428	0.611889801837	0.566940550991	0.602223296278	0.508458192363	0.585306911551
AG4	0.842919284679	0.854035766071	0.347510874819	0.551474142098	0.836636056066	0.859835669406	0.86563557274	0.860802319961	0.842435959401	0.861285645239	0.881101981634	0.848235862736	0.843402609957	0.0	0.870952150797	0.846302561624	0.88883518608	0.888351860802	0.70372160464	0.671822136298	0.808603189947	0.831319478009	0.873852102465	0.857419043016	0.823586273562	0.81488641856	0.861285645239	0.856935717738	0.768970517158	0.764137264379	0.878202029966	0.864185596907	0.869985500242	0.873852102465	0.894635089415	0.884968583857	0.886901884969	0.85886901885	0.884968583857	0.883035282745	0.884001933301	0.849685838569	0.849685838569	0.859352344128	0.891735137748	0.886418559691	0.882068632189	0.881101981634	0.887385210246	0.881101981634	0.890285161914	0.881585306912	0.889318511358	0.884485258579	0.891735137748	0.886418559691	0.884968583857	0.884485258579	0.884968583857	0.881585306912	0.888351860802	0.884968583857
AH3	0.631706138231	0.373610439826	0.96520057999	0.610923151281	0.598356694055	0.565973900435	0.558240695988	0.526341227646	0.537457709038	0.529241179314	0.60657322378	0.542774287095	0.516674722088	0.870952150797	0.0	0.510391493475	0.596423392943	0.590140164331	0.927017883035	0.752054132431	0.685838569357	0.621556307395	0.62493958434	0.624456259062	0.899468342194	0.668438859352	0.620106331561	0.621556307395	0.652972450459	0.657805703238	0.667955534074	0.612856452392	0.546157564041	0.56259062349	0.697438376027	0.635572740454	0.622522957951	0.534074432093	0.577573707105	0.544707588207	0.532624456259	0.602706621556	0.561140647656	0.54857419043	0.62493958434	0.61575640406	0.697921701305	0.619139681005	0.664088931851	0.638472692122	0.654422426293	0.680038666022	0.585790236829	0.58337361044	0.593523441276	0.589656839053	0.553890768487	0.672788786854	0.550024166264	0.646689221846	0.575640405993	0.626872885452
AH4	0.333011116481	0.348477525375	0.94441759304	0.596906718221	0.60415659739	0.52537457709	0.621556307395	0.512324794587	0.510874818753	0.572257129048	0.570807153214	0.534074432093	0.521507974867	0.846302561624	0.510391493475	0.0	0.536007733204	0.541807636539	0.878202029966	0.699371677139	0.617206379894	0.547124214596	0.574190430159	0.555824069599	0.849202513291	0.590140164331	0.542774287095	0.542774287095	0.568390526825	0.584823586274	0.597390043499	0.554374093765	0.526824552924	0.525857902368	0.690671822136	0.623972933784	0.56935717738	0.56259062349	0.536007733204	0.55099081682	0.524407926535	0.670855485742	0.631706138231	0.548090865152	0.581440309328	0.578057032383	0.656355727405	0.596423392943	0.642822619623	0.60415659739	0.620106331561	0.632672788787	0.524891251812	0.519574673755	0.542290961817	0.519574673755	0.502658289029	0.632672788787	0.511841469309	0.602706621556	0.529724504592	0.598356694055
AA7	0.576607056549	0.538424359594	0.972450459159	0.64813919768	0.632672788787	0.491058482359	0.679072015466	0.462542290962	0.449492508458	0.599806669889	0.446592556791	0.566940550991	0.512324794587	0.88883518608	0.596423392943	0.536007733204	0.0	0.282261962301	0.920251329145	0.751570807153	0.591590140164	0.519091348478	0.481875302078	0.481875302078	0.871918801353	0.590140164331	0.440309328178	0.490575157081	0.533591106815	0.566457225713	0.511841469309	0.435476075399	0.43064282262	0.492025132914	0.712421459642	0.648622522958	0.46302561624	0.559207346544	0.499275012083	0.603189946834	0.548090865152	0.728371193813	0.68970517158	0.576123731271	0.541807636539	0.502174963751	0.664088931851	0.607539874335	0.661672305462	0.635572740454	0.619139681005	0.635089415176	0.525857902368	0.521024649589	0.528274528758	0.523441275979	0.538907684872	0.632672788787	0.558724021266	0.636056065732	0.503141614306	0.61575640406
AA8	0.579023682939	0.537941034316	0.973417109715	0.642339294345	0.619623006283	0.473175447076	0.678588690188	0.454325761237	0.434992750121	0.603673272112	0.447559207347	0.55099081682	0.494925084582	0.888351860802	0.590140164331	0.541807636539	0.282261962301	0.0	0.919768003867	0.752054132431	0.58095698405	0.513291445143	0.491541807637	0.487191880135	0.867085548574	0.581440309328	0.448042532624	0.480425326245	0.528274528758	0.565007249879	0.491541807637	0.40502658289	0.415659739004	0.4813919768	0.709038182697	0.64572257129	0.466408893185	0.5601739971	0.475592073465	0.600289995167	0.537941034316	0.734171097148	0.69453842436	0.564523924601	0.531174480425	0.494441759304	0.645239246013	0.58337361044	0.651522474625	0.620589656839	0.599806669889	0.616239729338	0.511841469309	0.503141614306	0.515224746254	0.509424842919	0.538907684872	0.623972933784	0.555340744321	0.625422909618	0.484775253746	0.597873368777
AB7	0.869018849686	0.895601739971	0.737554374094	0.719188013533	0.875785403577	0.913968100532	0.931851135814	0.938134364427	0.917351377477	0.943934267762	0.957467375544	0.883035282745	0.933301111648	0.70372160464	0.927017883035	0.878202029966	0.920251329145	0.919768003867	0.0	0.419526341228	0.81246979217	0.840019333011	0.932334461092	0.909134847753	0.73610439826	0.822136297728	0.889801836636	0.881101981634	0.7593040116	0.712421459642	0.882551957467	0.892701788304	0.926051232479	0.933301111648	0.942967617206	0.936684388594	0.947800869986	0.916384726921	0.951667472209	0.929434509425	0.944900918318	0.881585306912	0.886901884969	0.911551474142	0.955534074432	0.953117448043	0.929434509425	0.927017883035	0.924117931368	0.931367810536	0.928467858869	0.923151280812	0.919768003867	0.922667955534	0.918318028033	0.917834702755	0.919768003867	0.916868052199	0.921701304978	0.928951184147	0.946350894152	0.931367810536
AB8	0.703238279362	0.719188013533	0.753504108265	0.561140647656	0.750120831319	0.73610439826	0.752537457709	0.751087481875	0.734654422426	0.756404059932	0.77767037216	0.713388110198	0.749154180764	0.671822136298	0.752054132431	0.699371677139	0.751570807153	0.752054132431	0.419526341228	0.0	0.642339294345	0.657805703238	0.746254229096	0.718704688255	0.730787820203	0.64813919768	0.706621556307	0.693088448526	0.549540840986	0.511841469309	0.724987916868	0.72450459159	0.748670855486	0.752054132431	0.804736587724	0.764620589657	0.761237312711	0.727887868536	0.762687288545	0.744320927985	0.755437409377	0.718221362977	0.716288061866	0.72450459159	0.779603673272	0.779120347994	0.804736587724	0.756404059932	0.775737071049	0.758820686322	0.766070565491	0.781053649106	0.750120831319	0.756404059932	0.753987433543	0.751087481875	0.73852102465	0.76848719188	0.745770903818	0.752054132431	0.762687288545	0.751087481875
AC7	0.614306428226	0.641372643789	0.88883518608	0.651039149348	0.737554374094	0.590623489609	0.709521507975	0.576123731271	0.549540840986	0.654905751571	0.598356694055	0.685355244079	0.652005799903	0.808603189947	0.685838569357	0.617206379894	0.591590140164	0.58095698405	0.81246979217	0.642339294345	0.0	0.372160463992	0.565973900435	0.544707588207	0.817303044949	0.575640405993	0.547124214596	0.514741420976	0.475108748188	0.474142097632	0.56935717738	0.538424359594	0.565490575157	0.595456742388	0.802803286612	0.739487675205	0.626389560174	0.625906234896	0.601739971	0.709038182697	0.660222329628	0.718704688255	0.696471725471	0.636056065732	0.634606089899	0.605606573224	0.811019816336	0.744804253262	0.790720154664	0.769453842436	0.760753987434	0.78008699855	0.677138714355	0.654422426293	0.67133881102	0.659255679072	0.664572257129	0.785886901885	0.674238762687	0.766553890768	0.613823102948	0.74528757854
AC8	0.565490575157	0.563557274045	0.913968100532	0.623489608507	0.683905268246	0.533107781537	0.680038666022	0.499275012083	0.480425326245	0.596906718221	0.544224262929	0.623972933784	0.589173513775	0.831319478009	0.621556307395	0.547124214596	0.519091348478	0.513291445143	0.840019333011	0.657805703238	0.372160463992	0.0	0.495891735138	0.473175447076	0.831319478009	0.542290961817	0.408409859836	0.377960367327	0.445142580957	0.462542290962	0.524407926535	0.471725471242	0.492025132914	0.523441275979	0.732237796037	0.666988883519	0.555340744321	0.563073948768	0.535524407927	0.625906234896	0.586273562107	0.683905268246	0.645239246013	0.58095698405	0.570323827936	0.536491058482	0.729337844369	0.666022232963	0.713871435476	0.697438376027	0.681488641856	0.697921701305	0.597390043499	0.578057032383	0.593523441276	0.577573707105	0.580473658772	0.698405026583	0.594490091832	0.693571773804	0.539874335428	0.661188980184
AD7	0.598356694055	0.577573707105	0.957467375544	0.664572257129	0.734171097148	0.528757854036	0.690671822136	0.495891735138	0.488158530691	0.609956500725	0.433059449009	0.658289028516	0.589656839053	0.873852102465	0.62493958434	0.574190430159	0.481875302078	0.491541807637	0.932334461092	0.746254229096	0.565973900435	0.495891735138	0.0	0.288061865636	0.903818269696	0.520057999033	0.420492991783	0.468825519575	0.508941517641	0.55099081682	0.507491541808	0.489608506525	0.464475592073	0.529724504592	0.747220879652	0.678105364911	0.510874818753	0.575157080715	0.53697438376	0.64813919768	0.60415659739	0.727404543258	0.688255195747	0.60415659739	0.561623972934	0.545190913485	0.743837602707	0.674238762687	0.729337844369	0.711938134364	0.686805219913	0.706621556307	0.614789753504	0.590623489609	0.595456742388	0.596906718221	0.591590140164	0.714838086032	0.60657322378	0.701788303528	0.554857419043	0.672305461576
AD8	0.578540357661	0.568390526825	0.940550990817	0.644755920735	0.718221362977	0.527307878202	0.684388593523	0.481875302078	0.476075398743	0.59497341711	0.438376027066	0.649105848236	0.590140164331	0.857419043016	0.624456259062	0.555824069599	0.481875302078	0.487191880135	0.909134847753	0.718704688255	0.544707588207	0.473175447076	0.288061865636	0.0	0.838086031899	0.465442242629	0.408893185114	0.45142580957	0.476075398743	0.512324794587	0.489608506525	0.480425326245	0.475592073465	0.531174480425	0.749637506042	0.679072015466	0.498308361527	0.566457225713	0.536491058482	0.642822619623	0.597873368777	0.720154664089	0.677622039633	0.585306911551	0.566940550991	0.550507491542	0.748670855486	0.676655389077	0.727887868536	0.706621556307	0.68293861769	0.709038182697	0.61333977767	0.593040115998	0.597873368777	0.598356694055	0.597873368777	0.713388110198	0.608023199613	0.699371677139	0.560657322378	0.672788786854
AE7	0.83566940551	0.880135331078	0.851619139681	0.794103431609	0.836152730788	0.883518608023	0.911551474142	0.906234896085	0.880618656356	0.913001449976	0.920734654422	0.851619139681	0.888351860802	0.823586273562	0.899468342194	0.849202513291	0.871918801353	0.867085548574	0.73610439826	0.730787820203	0.817303044949	0.831319478009	0.903818269696	0.838086031899	0.0	0.551957467376	0.87723537941	0.866602223296	0.773320444659	0.774770420493	0.838569357177	0.830836152731	0.901401643306	0.900918318028	0.929434509425	0.918801353311	0.919768003867	0.898501691638	0.912518124698	0.875785403577	0.907201546641	0.884968583857	0.885451909135	0.874818753021	0.939101014983	0.925084581924	0.889801836636	0.899951667472	0.906718221363	0.896085065249	0.904784920251	0.897535041083	0.892218463026	0.903818269696	0.898501691638	0.891735137748	0.905751570807	0.887868535524	0.901884968584	0.895601739971	0.911068148864	0.911551474142
AE8	0.59497341711	0.609956500725	0.898501691638	0.640405993233	0.695505074915	0.57177380377	0.671822136298	0.590623489609	0.568390526825	0.623489608507	0.610923151281	0.645239246013	0.62735621073	0.81488641856	0.668438859352	0.590140164331	0.590140164331	0.581440309328	0.822136297728	0.64813919768	0.575640405993	0.542290961817	0.520057999033	0.465442242629	0.551957467376	0.0	0.570323827936	0.562107298212	0.519574673755	0.50700821653	0.568390526825	0.545674238763	0.593040115998	0.593523441276	0.766070565491	0.706138231029	0.613823102948	0.598356694055	0.604639922668	0.644755920735	0.640405993233	0.700338327695	0.681488641856	0.60415659739	0.637506041566	0.622522957951	0.753987433543	0.695021749638	0.746737554374	0.70372160464	0.715804736588	0.739487675205	0.641372643789	0.628322861286	0.637506041566	0.638472692122	0.642822619623	0.727887868536	0.656355727405	0.702754954084	0.60657322378	0.69212179797
AF7	0.577573707105	0.539874335428	0.938617689705	0.652972450459	0.672305461576	0.511358144031	0.685838569357	0.456259062349	0.446109231513	0.606089898502	0.446109231513	0.605606573224	0.546157564041	0.861285645239	0.620106331561	0.542774287095	0.440309328178	0.448042532624	0.889801836636	0.706621556307	0.547124214596	0.408409859836	0.420492991783	0.408893185114	0.87723537941	0.570323827936	0.0	0.329144514258	0.472692121798	0.517641372644	0.481875302078	0.493958434026	0.434026099565	0.4813919768	0.700338327695	0.632189463509	0.456742387627	0.540357660706	0.505074915418	0.616723054616	0.553890768487	0.706138231029	0.66892218463	0.556307394877	0.535524407927	0.498308361527	0.678105364911	0.625906234896	0.681971967134	0.658289028516	0.634122764621	0.651522474625	0.564523924601	0.53697438376	0.554374093765	0.549057515708	0.558240695988	0.64813919768	0.57177380377	0.656355727405	0.503141614306	0.616723054616
AF8	0.561623972934	0.55099081682	0.935717738038	0.652489125181	0.698888351861	0.525857902368	0.689221846303	0.470275495408	0.462058965684	0.608989850169	0.518124697922	0.635089415176	0.572740454326	0.856935717738	0.621556307395	0.542774287095	0.490575157081	0.480425326245	0.881101981634	0.693088448526	0.514741420976	0.377960367327	0.468825519575	0.45142580957	0.866602223296	0.562107298212	0.329144514258	0.0	0.457709038183	0.502658289029	0.524891251812	0.470275495408	0.450942484292	0.50459159014	0.723054615756	0.658289028516	0.51377477042	0.555824069599	0.523441275979	0.621072982117	0.570323827936	0.69212179797	0.658772353794	0.572740454326	0.559690671822	0.523924601257	0.707104881585	0.653455775737	0.710971483809	0.691155147414	0.663122281295	0.674238762687	0.586273562107	0.565007249879	0.579990333494	0.570323827936	0.560657322378	0.6805219913	0.575157080715	0.6805219913	0.524891251812	0.645239246013
AG7	0.592073465442	0.590140164331	0.851135814403	0.564040599323	0.685838569357	0.538424359594	0.682455292412	0.509908168197	0.485258579024	0.599806669889	0.540840985984	0.637022716288	0.599323344611	0.768970517158	0.652972450459	0.568390526825	0.533591106815	0.528274528758	0.7593040116	0.549540840986	0.475108748188	0.445142580957	0.508941517641	0.476075398743	0.773320444659	0.519574673755	0.472692121798	0.457709038183	0.0	0.327211213146	0.548090865152	0.520057999033	0.515708071532	0.549057515708	0.743354277429	0.672788786854	0.52779120348	0.556307394877	0.549540840986	0.634606089899	0.596906718221	0.676172063799	0.6389560174	0.565490575157	0.587240212663	0.565973900435	0.739004349928	0.666505558241	0.725954567424	0.700338327695	0.679555340744	0.706621556307	0.608023199613	0.601256645723	0.605606573224	0.609473175447	0.612373127115	0.705654905752	0.62735621073	0.695988400193	0.577573707105	0.666022232963
AG8	0.600289995167	0.605606573224	0.850169163847	0.588690188497	0.69212179797	0.554374093765	0.676172063799	0.551474142098	0.534557757371	0.603189946834	0.581923634606	0.655389076849	0.618173030449	0.764137264379	0.657805703238	0.584823586274	0.566457225713	0.565007249879	0.712421459642	0.511841469309	0.474142097632	0.462542290962	0.55099081682	0.512324794587	0.774770420493	0.50700821653	0.517641372644	0.502658289029	0.327211213146	0.0	0.568873852102	0.541807636539	0.553407443209	0.577090381827	0.75688738521	0.693088448526	0.570323827936	0.566940550991	0.578540357661	0.65732237796	0.610439826003	0.679555340744	0.652005799903	0.589656839053	0.623972933784	0.593523441276	0.749637506042	0.677622039633	0.73368777187	0.708071532141	0.693571773804	0.723537941034	0.632189463509	0.620589656839	0.622039632673	0.635089415176	0.631222812953	0.718221362977	0.653455775737	0.699371677139	0.600773320445	0.673755437409
AH7	0.589656839053	0.622522957951	0.950217496375	0.690671822136	0.716288061866	0.577573707105	0.710971483809	0.555824069599	0.53697438376	0.648622522958	0.530691155147	0.647655872402	0.632672788787	0.878202029966	0.667955534074	0.597390043499	0.511841469309	0.491541807637	0.882551957467	0.724987916868	0.56935717738	0.524407926535	0.507491541808	0.489608506525	0.838569357177	0.568390526825	0.481875302078	0.524891251812	0.548090865152	0.568873852102	0.0	0.341710971484	0.554857419043	0.608023199613	0.782020299662	0.724021266312	0.552924117931	0.637022716288	0.602223296278	0.662155630739	0.650072498792	0.766070565491	0.742387626873	0.653939101015	0.640889318511	0.611889801837	0.765103914935	0.708554857419	0.753020782987	0.724987916868	0.717254712421	0.735621072982	0.630256162397	0.625422909618	0.62493958434	0.623006283229	0.629772837119	0.736587723538	0.637022716288	0.71532141131	0.605606573224	0.711938134364
AH8	0.552440792653	0.574190430159	0.951184146931	0.65055582407	0.677138714355	0.523441275979	0.680038666022	0.494925084582	0.475108748188	0.60415659739	0.5186080232	0.611406476559	0.561623972934	0.864185596907	0.612856452392	0.554374093765	0.435476075399	0.40502658289	0.892701788304	0.72450459159	0.538424359594	0.471725471242	0.489608506525	0.480425326245	0.830836152731	0.545674238763	0.493958434026	0.470275495408	0.520057999033	0.541807636539	0.341710971484	0.0	0.497341710971	0.538424359594	0.752537457709	0.687771870469	0.546640889319	0.59255679072	0.544224262929	0.620106331561	0.598840019333	0.726437892702	0.697921701305	0.611889801837	0.583856935718	0.550507491542	0.712421459642	0.655389076849	0.714354760754	0.680038666022	0.668438859352	0.683905268246	0.581440309328	0.574673755437	0.579507008217	0.566457225713	0.572740454326	0.681971967134	0.586756887385	0.676172063799	0.551957467376	0.663122281295
AA5	0.585790236829	0.498791686805	0.955050749154	0.65055582407	0.615273078782	0.439342677622	0.626872885452	0.380860318995	0.391493475109	0.546640889319	0.415176413726	0.542774287095	0.512324794587	0.869985500242	0.546157564041	0.526824552924	0.43064282262	0.415659739004	0.926051232479	0.748670855486	0.565490575157	0.492025132914	0.464475592073	0.475592073465	0.901401643306	0.593040115998	0.434026099565	0.450942484292	0.515708071532	0.553407443209	0.554857419043	0.497341710971	0.0	0.330594490092	0.673755437409	0.586756887385	0.450942484292	0.469308844853	0.450942484292	0.564523924601	0.475592073465	0.639439342678	0.602706621556	0.482358627356	0.511358144031	0.458675688739	0.687288545191	0.619623006283	0.653939101015	0.634606089899	0.644755920735	0.667472208797	0.519574673755	0.533107781537	0.550507491542	0.530691155147	0.538424359594	0.660705654906	0.5601739971	0.625906234896	0.500724987917	0.619139681005
AA6	0.592073465442	0.500724987917	0.962783953601	0.664088931851	0.624456259062	0.475592073465	0.630739487675	0.425326244563	0.435476075399	0.552924117931	0.490575157081	0.557274045433	0.515708071532	0.873852102465	0.56259062349	0.525857902368	0.492025132914	0.4813919768	0.933301111648	0.752054132431	0.595456742388	0.523441275979	0.529724504592	0.531174480425	0.900918318028	0.593523441276	0.4813919768	0.50459159014	0.549057515708	0.577090381827	0.608023199613	0.538424359594	0.330594490092	0.0	0.670372160464	0.579990333494	0.501691638473	0.483325277912	0.459642339294	0.573223779604	0.488641855969	0.658289028516	0.618173030449	0.503141614306	0.441275978734	0.405993233446	0.6805219913	0.622522957951	0.657805703238	0.6389560174	0.643789270179	0.659255679072	0.525857902368	0.530691155147	0.545674238763	0.534074432093	0.539874335428	0.652972450459	0.559690671822	0.624456259062	0.503624939584	0.616239729338
AB5	0.742870952151	0.664088931851	0.975350410826	0.73368777187	0.648622522958	0.639922667956	0.723054615756	0.646689221846	0.663605606573	0.698405026583	0.678105364911	0.623489608507	0.666022232963	0.894635089415	0.697438376027	0.690671822136	0.712421459642	0.709038182697	0.942967617206	0.804736587724	0.802803286612	0.732237796037	0.747220879652	0.749637506042	0.929434509425	0.766070565491	0.700338327695	0.723054615756	0.743354277429	0.75688738521	0.782020299662	0.752537457709	0.673755437409	0.670372160464	0.0	0.338811019816	0.626872885452	0.66892218463	0.62735621073	0.636056065732	0.612373127115	0.736587723538	0.728371193813	0.649105848236	0.632189463509	0.623489608507	0.622039632673	0.618173030449	0.625422909618	0.602223296278	0.623972933784	0.618173030449	0.595456742388	0.619623006283	0.618656355727	0.614306428226	0.669405509908	0.609473175447	0.658772353794	0.608023199613	0.669888835186	0.620106331561
AB6	0.683421942968	0.594006766554	0.963267278879	0.67133881102	0.614306428226	0.562107298212	0.665055582407	0.56259062349	0.582406959884	0.627839536008	0.618656355727	0.540840985984	0.615273078782	0.884968583857	0.635572740454	0.623972933784	0.648622522958	0.64572257129	0.936684388594	0.764620589657	0.739487675205	0.666988883519	0.678105364911	0.679072015466	0.918801353311	0.706138231029	0.632189463509	0.658289028516	0.672788786854	0.693088448526	0.724021266312	0.687771870469	0.586756887385	0.579990333494	0.338811019816	0.0	0.575157080715	0.594490091832	0.556307394877	0.556307394877	0.540357660706	0.674238762687	0.659255679072	0.549540840986	0.54857419043	0.550024166264	0.598840019333	0.544707588207	0.572257129048	0.546640889319	0.554374093765	0.575640405993	0.517158047366	0.571290478492	0.570807153214	0.558240695988	0.601739971	0.56259062349	0.591106814886	0.548090865152	0.61575640406	0.543740937651
AC5	0.613823102948	0.559690671822	0.975350410826	0.662155630739	0.646689221846	0.485258579024	0.665538907685	0.440309328178	0.440792653456	0.584823586274	0.418076365394	0.556790720155	0.543257612373	0.886901884969	0.622522957951	0.56935717738	0.46302561624	0.466408893185	0.947800869986	0.761237312711	0.626389560174	0.555340744321	0.510874818753	0.498308361527	0.919768003867	0.613823102948	0.456742387627	0.51377477042	0.52779120348	0.570323827936	0.552924117931	0.546640889319	0.450942484292	0.501691638473	0.626872885452	0.575157080715	0.0	0.452875785404	0.447559207347	0.586756887385	0.517641372644	0.720637989367	0.674238762687	0.545190913485	0.490575157081	0.463992266796	0.61333977767	0.568390526825	0.623489608507	0.579023682939	0.578057032383	0.599806669889	0.500241662639	0.490575157081	0.493958434026	0.493475108748	0.570323827936	0.594006766554	0.582890285162	0.566940550991	0.5186080232	0.565007249879
AC6	0.624456259062	0.51377477042	0.95360077332	0.646689221846	0.597390043499	0.511358144031	0.523924601257	0.470275495408	0.507491541808	0.481875302078	0.553890768487	0.549057515708	0.561623972934	0.85886901885	0.534074432093	0.56259062349	0.559207346544	0.5601739971	0.916384726921	0.727887868536	0.625906234896	0.563073948768	0.575157080715	0.566457225713	0.898501691638	0.598356694055	0.540357660706	0.555824069599	0.556307394877	0.566940550991	0.637022716288	0.59255679072	0.469308844853	0.483325277912	0.66892218463	0.594490091832	0.452875785404	0.0	0.521507974867	0.516674722088	0.504108264862	0.500241662639	0.448042532624	0.439342677622	0.572740454326	0.549540840986	0.698888351861	0.640405993233	0.674238762687	0.639922667956	0.657805703238	0.685838569357	0.577573707105	0.575157080715	0.580473658772	0.585306911551	0.554857419043	0.670855485742	0.575640405993	0.631706138231	0.556307394877	0.635089415176
AD6	0.594006766554	0.521024649589	0.975350410826	0.634606089899	0.608023199613	0.429676172064	0.623006283229	0.427259545674	0.434026099565	0.54857419043	0.453359110681	0.515708071532	0.508941517641	0.884968583857	0.577573707105	0.536007733204	0.499275012083	0.475592073465	0.951667472209	0.762687288545	0.601739971	0.535524407927	0.53697438376	0.536491058482	0.912518124698	0.604639922668	0.505074915418	0.523441275979	0.549540840986	0.578540357661	0.602223296278	0.544224262929	0.450942484292	0.459642339294	0.62735621073	0.556307394877	0.447559207347	0.521507974867	0.0	0.540357660706	0.418559690672	0.708071532141	0.666988883519	0.528757854036	0.478008699855	0.455292411793	0.601256645723	0.543257612373	0.586756887385	0.555824069599	0.565490575157	0.588206863219	0.47220879652	0.454809086515	0.466408893185	0.465925567907	0.540357660706	0.581923634606	0.55099081682	0.565973900435	0.471725471242	0.541807636539
AE5	0.62493958434	0.5186080232	0.975350410826	0.6389560174	0.565007249879	0.54857419043	0.5601739971	0.545674238763	0.595456742388	0.532624456259	0.618173030449	0.505074915418	0.579990333494	0.883035282745	0.544707588207	0.55099081682	0.603189946834	0.600289995167	0.929434509425	0.744320927985	0.709038182697	0.625906234896	0.64813919768	0.642822619623	0.875785403577	0.644755920735	0.616723054616	0.621072982117	0.634606089899	0.65732237796	0.662155630739	0.620106331561	0.564523924601	0.573223779604	0.636056065732	0.556307394877	0.586756887385	0.516674722088	0.540357660706	0.0	0.35427742871	0.608989850169	0.572740454326	0.51377477042	0.623972933784	0.617206379894	0.647655872402	0.598840019333	0.626389560174	0.593040115998	0.621072982117	0.644755920735	0.532141130981	0.563557274045	0.587723537941	0.556790720155	0.543257612373	0.622522957951	0.541807636539	0.601256645723	0.568873852102	0.608989850169
AE6	0.605123247946	0.480425326245	0.973417109715	0.633639439343	0.560657322378	0.487675205413	0.5601739971	0.457709038183	0.500724987917	0.507974867086	0.541324311261	0.507974867086	0.508458192363	0.884001933301	0.532624456259	0.524407926535	0.548090865152	0.537941034316	0.944900918318	0.755437409377	0.660222329628	0.586273562107	0.60415659739	0.597873368777	0.907201546641	0.640405993233	0.553890768487	0.570323827936	0.596906718221	0.610439826003	0.650072498792	0.598840019333	0.475592073465	0.488641855969	0.612373127115	0.540357660706	0.517641372644	0.504108264862	0.418559690672	0.35427742871	0.0	0.65055582407	0.600773320445	0.486708554857	0.536491058482	0.536491058482	0.62735621073	0.573223779604	0.60657322378	0.574190430159	0.600289995167	0.618656355727	0.48622522958	0.496375060416	0.51619139681	0.49540840986	0.512324794587	0.60657322378	0.533107781537	0.572257129048	0.514258095698	0.575157080715
AF5	0.714838086032	0.633639439343	0.936684388594	0.673272112131	0.669405509908	0.685838569357	0.557274045433	0.644272595457	0.68293861769	0.605606573224	0.728854519091	0.633639439343	0.683905268246	0.849685838569	0.602706621556	0.670855485742	0.728371193813	0.734171097148	0.881585306912	0.718221362977	0.718704688255	0.683905268246	0.727404543258	0.720154664089	0.884968583857	0.700338327695	0.706138231029	0.69212179797	0.676172063799	0.679555340744	0.766070565491	0.726437892702	0.639439342678	0.658289028516	0.736587723538	0.674238762687	0.720637989367	0.500241662639	0.708071532141	0.608989850169	0.65055582407	0.0	0.275012083132	0.542290961817	0.730304494925	0.714354760754	0.77090381827	0.72692121798	0.750120831319	0.716771387144	0.73852102465	0.762203963267	0.696471725471	0.720637989367	0.730304494925	0.718704688255	0.679072015466	0.753987433543	0.684871918801	0.71532141131	0.720637989367	0.725954567424
AF6	0.688255195747	0.593040115998	0.939584340261	0.654905751571	0.64572257129	0.649105848236	0.520541324311	0.607539874335	0.644755920735	0.563073948768	0.687771870469	0.609956500725	0.644272595457	0.849685838569	0.561140647656	0.631706138231	0.68970517158	0.69453842436	0.886901884969	0.716288061866	0.696471725471	0.645239246013	0.688255195747	0.677622039633	0.885451909135	0.681488641856	0.66892218463	0.658772353794	0.6389560174	0.652005799903	0.742387626873	0.697921701305	0.602706621556	0.618173030449	0.728371193813	0.659255679072	0.674238762687	0.448042532624	0.666988883519	0.572740454326	0.600773320445	0.275012083132	0.0	0.501691638473	0.691155147414	0.681005316578	0.751087481875	0.695021749638	0.718221362977	0.688255195747	0.71290478492	0.736587723538	0.65732237796	0.6805219913	0.689221846303	0.675688738521	0.635089415176	0.720637989367	0.637022716288	0.687771870469	0.6805219913	0.697438376027
