	AA3	AA4	AB3	AB4	AC3	AC4	AD3	AD4	AE3	AE4	AF3	AF4	AG3	AG4	AH3	AH4	AA7	AA8	AB7	AB8	AC7	AC8	AD7	AD8	AE7	AE8	AF7	AF8	AG7	AG8	AH7	AH8	AA5	AA6	AB5	AB6	AC5	AC6	AD6	AE5	AE6	AF5	AF6	AG5	AH5	AH6	AA1	AA2	AB1	AB2	AC1	AC2	AD1	AD2	AE1	AE2	AF1	AF2	AG1	AG2	AH1	AH2
AA3	0.0	0.502174963751	0.940067665539	0.645239246013	0.675688738521	0.571290478492	0.676172063799	0.596906718221	0.582890285162	0.621556307395	0.61333977767	0.614789753504	0.59497341711	0.860802319961	0.648622522958	0.363943934268	0.581440309328	0.564040599323	0.869985500242	0.724021266312	0.617206379894	0.564523924601	0.601739971	0.579990333494	0.834702754954	0.586756887385	0.565973900435	0.560657322378	0.588206863219	0.584823586274	0.589656839053	0.570807153214	0.59255679072	0.599806669889	0.755920734654	0.699855002417	0.607056549058	0.637022716288	0.591106814886	0.631222812953	0.600289995167	0.719188013533	0.693088448526	0.624456259062	0.620589656839	0.619139681005	0.690671822136	0.656839052682	0.723537941034	0.672788786854	0.654422426293	0.683421942968	0.58095698405	0.587240212663	0.577573707105	0.577090381827	0.572257129048	0.671822136298	0.589173513775	0.679555340744	0.582890285162	0.652489125181
AA4	0.502174963751	0.0	0.95360077332	0.576123731271	0.564040599323	0.491541807637	0.577573707105	0.500724987917	0.514258095698	0.515224746254	0.572257129048	0.515224746254	0.47462542291	0.863218946351	0.35427742871	0.382793620106	0.539874335428	0.541324311261	0.892701788304	0.737554374094	0.663122281295	0.582406959884	0.587240212663	0.596423392943	0.879168680522	0.6389560174	0.552440792653	0.570807153214	0.605123247946	0.609956500725	0.641372643789	0.590623489609	0.51377477042	0.526824552924	0.678105364911	0.607056549058	0.575640405993	0.511358144031	0.531174480425	0.519574673755	0.488641855969	0.618173030449	0.578540357661	0.517158047366	0.584823586274	0.576123731271	0.650072498792	0.586756887385	0.626389560174	0.589173513775	0.59255679072	0.626872885452	0.519091348478	0.533107781537	0.527307878202	0.533107781537	0.506041565974	0.62493958434	0.513291445143	0.590140164331	0.522474625423	0.573707104882
AB3	0.940067665539	0.95360077332	0.0	0.691638472692	0.913968100532	0.953117448043	0.955050749154	0.942000966651	0.931851135814	0.953117448043	0.971483808603	0.933301111648	0.966167230546	0.347994200097	0.963267278879	0.948767520541	0.973900434993	0.969067182214	0.740937651039	0.750604156597	0.887385210246	0.913968100532	0.964233929435	0.950700821653	0.853069115515	0.907684871919	0.949734171097	0.927501208313	0.850169163847	0.841469308845	0.956984050266	0.954084098598	0.952634122765	0.963750604157	0.973417109715	0.96520057999	0.973900434993	0.954567423876	0.974383760271	0.975350410826	0.974383760271	0.932334461092	0.936684388594	0.954567423876	0.979700338328	0.973417109715	0.974867085549	0.971967133881	0.969067182214	0.973900434993	0.972933784437	0.972450459159	0.974867085549	0.973900434993	0.97921701305	0.974867085549	0.974383760271	0.971000483325	0.973417109715	0.975350410826	0.974383760271	0.972933784437
AB4	0.645239246013	0.576123731271	0.691638472692	0.0	0.629772837119	0.607056549058	0.679072015466	0.612373127115	0.60415659739	0.620589656839	0.64813919768	0.608989850169	0.482358627356	0.582406959884	0.623006283229	0.591590140164	0.637506041566	0.626872885452	0.72692121798	0.566457225713	0.644272595457	0.618173030449	0.656839052682	0.637989366844	0.78927017883	0.643789270179	0.641372643789	0.621072982117	0.540840985984	0.573707104882	0.687771870469	0.645239246013	0.635572740454	0.652005799903	0.724987916868	0.676172063799	0.651039149348	0.633639439343	0.629289511841	0.632672788787	0.621072982117	0.658772353794	0.651039149348	0.629289511841	0.681971967134	0.671822136298	0.710488158531	0.666022232963	0.70372160464	0.672305461576	0.673755437409	0.685355244079	0.635572740454	0.641855969067	0.658289028516	0.638472692122	0.63653939101	0.681971967134	0.63653939101	0.668438859352	0.651522474625	0.660222329628
AC3	0.675688738521	0.564040599323	0.913968100532	0.629772837119	0.0	0.485258579024	0.635572740454	0.548090865152	0.563557274045	0.575157080715	0.632672788787	0.322377960367	0.604639922668	0.827452875785	0.601256645723	0.604639922668	0.618173030449	0.622522957951	0.863218946351	0.742387626873	0.718221362977	0.669405509908	0.719188013533	0.707104881585	0.826969550507	0.693571773804	0.64813919768	0.681005316578	0.66892218463	0.685355244079	0.709038182697	0.665055582407	0.605606573224	0.621556307395	0.629289511841	0.589656839053	0.619139681005	0.576123731271	0.57177380377	0.547607539874	0.552440792653	0.652972450459	0.639439342678	0.566457225713	0.639922667956	0.636056065732	0.599806669889	0.578540357661	0.577090381827	0.557274045433	0.590140164331	0.598840019333	0.541807636539	0.572257129048	0.588690188497	0.564523924601	0.608989850169	0.579507008217	0.614789753504	0.584340260996	0.611406476559	0.580473658772
AC4	0.571290478492	0.491541807637	0.953117448043	0.607056549058	0.485258579024	0.0	0.616239729338	0.408409859836	0.409376510391	0.499275012083	0.357177380377	0.401643305945	0.500241662639	0.867085548574	0.550024166264	0.527307878202	0.473175447076	0.465442242629	0.9212179797	0.755920734654	0.583856935718	0.519574673755	0.519091348478	0.509908168197	0.890768487192	0.574190430159	0.476075398743	0.50459159014	0.526341227646	0.566940550991	0.567423876269	0.515708071532	0.446592556791	0.456259062349	0.655872402127	0.586273562107	0.465925567907	0.51619139681	0.417593040116	0.535041082649	0.447075882069	0.679555340744	0.642822619623	0.489125181247	0.51377477042	0.494925084582	0.653455775737	0.586273562107	0.610923151281	0.58095698405	0.586756887385	0.624456259062	0.500241662639	0.522957950701	0.524891251812	0.508458192363	0.524891251812	0.620589656839	0.546157564041	0.581440309328	0.482358627356	0.566940550991
AD3	0.676172063799	0.577573707105	0.955050749154	0.679072015466	0.635572740454	0.616239729338	0.0	0.537457709038	0.639439342678	0.355244079265	0.671822136298	0.589656839053	0.6389560174	0.86563557274	0.566940550991	0.6389560174	0.683421942968	0.678588690188	0.936201063316	0.776703721605	0.714838086032	0.689221846303	0.703238279362	0.688738521025	0.912518124698	0.68970517158	0.694055099082	0.684388593523	0.685838569357	0.681488641856	0.711938134364	0.682455292412	0.635572740454	0.656839052682	0.746254229096	0.681005316578	0.676655389077	0.522474625423	0.632672788787	0.572740454326	0.579023682939	0.547124214596	0.51619139681	0.54857419043	0.701788303528	0.684388593523	0.756404059932	0.709521507975	0.723054615756	0.702271628806	0.697438376027	0.734654422426	0.655872402127	0.652972450459	0.66892218463	0.660222329628	0.634122764621	0.722571290478	0.631222812953	0.704204929918	0.686321894635	0.703238279362
AD4	0.596906718221	0.500724987917	0.942000966651	0.612373127115	0.548090865152	0.408409859836	0.537457709038	0.0	0.312711454809	0.394876752054	0.433059449009	0.48380860319	0.512808119865	0.85645239246	0.547607539874	0.544224262929	0.464475592073	0.462058965684	0.929434509425	0.763170613823	0.579507008217	0.51377477042	0.501208313195	0.49540840986	0.892701788304	0.584823586274	0.450459159014	0.480908651522	0.512324794587	0.560657322378	0.543257612373	0.499758337361	0.415176413726	0.471725471242	0.665538907685	0.598356694055	0.440309328178	0.492025132914	0.435959400677	0.559207346544	0.464958917351	0.663605606573	0.622039632673	0.487675205413	0.533591106815	0.505558240696	0.666022232963	0.611889801837	0.634606089899	0.616723054616	0.607056549058	0.643305944901	0.523441275979	0.533591106815	0.532624456259	0.53697438376	0.529724504592	0.642822619623	0.553890768487	0.621072982117	0.52537457709	0.59497341711
AE3	0.582890285162	0.514258095698	0.931851135814	0.60415659739	0.563557274045	0.409376510391	0.639439342678	0.312711454809	0.0	0.49299178347	0.420009666506	0.502658289029	0.508458192363	0.848719188014	0.5601739971	0.543740937651	0.452392460126	0.4398260029	0.917834702755	0.753020782987	0.549057515708	0.475592073465	0.478008699855	0.4813919768	0.888351860802	0.586756887385	0.438859352344	0.464958917351	0.491058482359	0.54857419043	0.546157564041	0.498308361527	0.403093281779	0.457225712905	0.668438859352	0.603189946834	0.434992750121	0.52537457709	0.420976317061	0.597390043499	0.504108264862	0.69212179797	0.649105848236	0.513291445143	0.520541324311	0.490575157081	0.662155630739	0.603189946834	0.634606089899	0.605606573224	0.599806669889	0.63653939101	0.516674722088	0.53020782987	0.526824552924	0.52779120348	0.531657805703	0.638472692122	0.563073948768	0.613823102948	0.49299178347	0.584340260996
AE4	0.621556307395	0.515224746254	0.953117448043	0.620589656839	0.575157080715	0.499275012083	0.355244079265	0.394876752054	0.49299178347	0.0	0.565490575157	0.523924601257	0.563073948768	0.865152247463	0.533591106815	0.56259062349	0.570323827936	0.564040599323	0.940067665539	0.773320444659	0.644272595457	0.587723537941	0.585306911551	0.578540357661	0.911551474142	0.621556307395	0.58095698405	0.572740454326	0.576123731271	0.597873368777	0.634606089899	0.585306911551	0.519091348478	0.549057515708	0.699855002417	0.637022716288	0.568873852102	0.459642339294	0.523441275979	0.51377477042	0.485741904302	0.582890285162	0.551957467376	0.467375543741	0.60415659739	0.584340260996	0.708554857419	0.646689221846	0.677622039633	0.664088931851	0.653939101015	0.684871918801	0.584823586274	0.581923634606	0.59497341711	0.578540357661	0.546640889319	0.6805219913	0.567423876269	0.666022232963	0.574673755437	0.635089415176
AF3	0.61333977767	0.572257129048	0.971483808603	0.64813919768	0.632672788787	0.357177380377	0.671822136298	0.433059449009	0.420009666506	0.565490575157	0.0	0.545190913485	0.535041082649	0.883035282745	0.609956500725	0.586756887385	0.443692605123	0.442725954567	0.954567423876	0.79168680522	0.589173513775	0.536007733204	0.425326244563	0.419526341228	0.913968100532	0.606089898502	0.440792653456	0.508941517641	0.535524407927	0.599806669889	0.52779120348	0.505558240696	0.440792653456	0.494925084582	0.685355244079	0.635089415176	0.414693088449	0.555340744321	0.452875785404	0.618173030449	0.522957950701	0.727404543258	0.690188496858	0.547124214596	0.532624456259	0.505074915418	0.685838569357	0.621556307395	0.670855485742	0.631706138231	0.622522957951	0.655389076849	0.561623972934	0.548090865152	0.552924117931	0.546157564041	0.577573707105	0.658772353794	0.599806669889	0.628806186564	0.522474625423	0.608023199613
AF4	0.614789753504	0.515224746254	0.933301111648	0.608989850169	0.322377960367	0.401643305945	0.589656839053	0.48380860319	0.502658289029	0.523924601257	0.545190913485	0.0	0.548090865152	0.842919284679	0.55099081682	0.550507491542	0.55775737071	0.560657322378	0.883035282745	0.731271145481	0.674722087965	0.618656355727	0.655872402127	0.645239246013	0.849202513291	0.633639439343	0.589173513775	0.626389560174	0.626389560174	0.645239246013	0.646689221846	0.608023199613	0.551474142098	0.562107298212	0.616723054616	0.544224262929	0.549057515708	0.534074432093	0.499758337361	0.505074915418	0.504108264862	0.630739487675	0.599323344611	0.5186080232	0.559207346544	0.552440792653	0.582890285162	0.521024649589	0.552924117931	0.51619139681	0.520057999033	0.557274045433	0.467858869019	0.497341710971	0.510391493475	0.502658289029	0.559207346544	0.547607539874	0.564040599323	0.532624456259	0.543257612373	0.517158047366
AG3	0.59497341711	0.47462542291	0.966167230546	0.482358627356	0.604639922668	0.500241662639	0.6389560174	0.512808119865	0.508458192363	0.563073948768	0.535041082649	0.548090865152	0.0	0.848719188014	0.521024649589	0.53020782987	0.499275012083	0.495891735138	0.932334461092	0.768003866602	0.660222329628	0.590623489609	0.587240212663	0.595940067666	0.89125181247	0.637506041566	0.534557757371	0.573707104882	0.598840019333	0.616723054616	0.634606089899	0.571290478492	0.52779120348	0.523441275979	0.673272112131	0.622039632673	0.531174480425	0.547124214596	0.508941517641	0.575157080715	0.50700821653	0.685838569357	0.650072498792	0.53939101015	0.561140647656	0.558724021266	0.623006283229	0.574190430159	0.613823102948	0.593523441276	0.571290478492	0.598356694055	0.521991300145	0.530691155147	0.524891251812	0.521991300145	0.53697438376	0.60657322378	0.555340744321	0.594490091832	0.502174963751	0.565490575157
AG4	0.860802319961	0.863218946351	0.347994200097	0.582406959884	0.827452875785	0.867085548574	0.86563557274	0.85645239246	0.848719188014	0.865152247463	0.883035282745	0.842919284679	0.848719188014	0.0	0.872885451909	0.860802319961	0.892701788304	0.890768487192	0.714838086032	0.676172063799	0.810053165781	0.831319478009	0.880618656356	0.866602223296	0.827452875785	0.827936201063	0.866602223296	0.845335911068	0.77090381827	0.750120831319	0.883035282745	0.869502174964	0.871435476075	0.880618656356	0.903334944418	0.892701788304	0.892218463026	0.866602223296	0.886901884969	0.885451909135	0.885451909135	0.852102464959	0.853552440793	0.871918801353	0.898985016916	0.891735137748	0.888351860802	0.887385210246	0.889318511358	0.888351860802	0.892218463026	0.890768487192	0.893185113581	0.889318511358	0.894635089415	0.890768487192	0.89125181247	0.889318511358	0.889801836636	0.888351860802	0.893668438859	0.890768487192
AH3	0.648622522958	0.35427742871	0.963267278879	0.623006283229	0.601256645723	0.550024166264	0.566940550991	0.547607539874	0.5601739971	0.533591106815	0.609956500725	0.55099081682	0.521024649589	0.872885451909	0.0	0.513291445143	0.589173513775	0.590623489609	0.926534557757	0.769453842436	0.697438376027	0.635572740454	0.626389560174	0.640405993233	0.902368293862	0.687771870469	0.625422909618	0.626389560174	0.649105848236	0.660705654906	0.683421942968	0.634606089899	0.553890768487	0.581440309328	0.723054615756	0.65732237796	0.623489608507	0.545674238763	0.584340260996	0.554374093765	0.544224262929	0.613823102948	0.56935717738	0.548090865152	0.642822619623	0.63653939101	0.706138231029	0.630739487675	0.664088931851	0.640405993233	0.640405993233	0.675688738521	0.582406959884	0.607539874335	0.59255679072	0.604639922668	0.567907201547	0.67133881102	0.565007249879	0.633639439343	0.58337361044	0.62735621073
AH4	0.363943934268	0.382793620106	0.948767520541	0.591590140164	0.604639922668	0.527307878202	0.6389560174	0.544224262929	0.543740937651	0.56259062349	0.586756887385	0.550507491542	0.53020782987	0.860802319961	0.513291445143	0.0	0.549057515708	0.541807636539	0.877718704688	0.729337844369	0.649105848236	0.572740454326	0.587240212663	0.584340260996	0.847752537458	0.620106331561	0.555824069599	0.555340744321	0.593523441276	0.608023199613	0.611406476559	0.563073948768	0.555340744321	0.5601739971	0.697921701305	0.639439342678	0.594006766554	0.588690188497	0.557274045433	0.563557274045	0.54857419043	0.679072015466	0.64572257129	0.576123731271	0.599806669889	0.597390043499	0.652005799903	0.599323344611	0.660222329628	0.609956500725	0.590140164331	0.62735621073	0.533107781537	0.543740937651	0.535041082649	0.53939101015	0.515224746254	0.621556307395	0.515708071532	0.616239729338	0.546640889319	0.597873368777
AA7	0.581440309328	0.539874335428	0.973900434993	0.637506041566	0.618173030449	0.473175447076	0.683421942968	0.464475592073	0.452392460126	0.570323827936	0.443692605123	0.55775737071	0.499275012083	0.892701788304	0.589173513775	0.549057515708	0.0	0.283228612856	0.927017883035	0.776220396327	0.584340260996	0.51377477042	0.477042049299	0.485258579024	0.875785403577	0.588690188497	0.431126147898	0.484775253746	0.535524407927	0.585790236829	0.511358144031	0.420009666506	0.435959400677	0.496858385694	0.710004833253	0.654422426293	0.457709038183	0.575157080715	0.468825519575	0.608023199613	0.526341227646	0.725471242146	0.692605123248	0.562107298212	0.551957467376	0.531174480425	0.661188980184	0.603673272112	0.659255679072	0.621072982117	0.591106814886	0.624456259062	0.528274528758	0.531657805703	0.523441275979	0.519574673755	0.525857902368	0.621556307395	0.540357660706	0.635089415176	0.479942000967	0.59255679072
AA8	0.564040599323	0.541324311261	0.969067182214	0.626872885452	0.622522957951	0.465442242629	0.678588690188	0.462058965684	0.4398260029	0.564040599323	0.442725954567	0.560657322378	0.495891735138	0.890768487192	0.590623489609	0.541807636539	0.283228612856	0.0	0.919284678589	0.762203963267	0.562107298212	0.487675205413	0.462542290962	0.468342194297	0.85645239246	0.57177380377	0.429192846786	0.46302561624	0.517641372644	0.577090381827	0.473658772354	0.376510391493	0.429676172064	0.493475108748	0.71532141131	0.657805703238	0.453842435959	0.579507008217	0.466408893185	0.60415659739	0.532141130981	0.723054615756	0.690188496858	0.559207346544	0.558240695988	0.534074432093	0.661672305462	0.609473175447	0.665055582407	0.624456259062	0.597873368777	0.634122764621	0.524407926535	0.533591106815	0.535041082649	0.519091348478	0.524407926535	0.62735621073	0.542290961817	0.642822619623	0.491058482359	0.597390043499
AB7	0.869985500242	0.892701788304	0.740937651039	0.72692121798	0.863218946351	0.9212179797	0.936201063316	0.929434509425	0.917834702755	0.940067665539	0.954567423876	0.883035282745	0.932334461092	0.714838086032	0.926534557757	0.877718704688	0.927017883035	0.919284678589	0.0	0.409376510391	0.809569840503	0.839052682455	0.938134364427	0.916384726921	0.739004349928	0.82165297245	0.896568390527	0.864185596907	0.750120831319	0.698888351861	0.888351860802	0.899468342194	0.916384726921	0.93281778637	0.939101014983	0.927017883035	0.947800869986	0.922184630256	0.942484291928	0.926051232479	0.942000966651	0.873368777187	0.87723537941	0.904301594973	0.954084098598	0.955534074432	0.927017883035	0.926534557757	0.930401159981	0.924601256646	0.930401159981	0.92363460609	0.916384726921	0.920251329145	0.926051232479	0.917351377477	0.916868052199	0.916868052199	0.919768003867	0.930401159981	0.948284195263	0.934751087482
AB8	0.724021266312	0.737554374094	0.750604156597	0.566457225713	0.742387626873	0.755920734654	0.776703721605	0.763170613823	0.753020782987	0.773320444659	0.79168680522	0.731271145481	0.768003866602	0.676172063799	0.769453842436	0.729337844369	0.776220396327	0.762203963267	0.409376510391	0.0	0.658289028516	0.673755437409	0.768970517158	0.746254229096	0.733204446593	0.669888835186	0.726437892702	0.69453842436	0.558724021266	0.537941034316	0.738037699372	0.740454325761	0.75688738521	0.769453842436	0.814403093282	0.76848719188	0.780570323828	0.755920734654	0.774770420493	0.7593040116	0.772353794103	0.721604639923	0.718704688255	0.740454325761	0.794586756887	0.796520057999	0.81246979217	0.771387143548	0.791203479942	0.773320444659	0.78008699855	0.786853552441	0.766553890768	0.767037216046	0.779603673272	0.766070565491	0.764620589657	0.779120347994	0.766553890768	0.772353794103	0.782986950217	0.771870468826
AC7	0.617206379894	0.663122281295	0.887385210246	0.644272595457	0.718221362977	0.583856935718	0.714838086032	0.579507008217	0.549057515708	0.644272595457	0.589173513775	0.674722087965	0.660222329628	0.810053165781	0.697438376027	0.649105848236	0.584340260996	0.562107298212	0.809569840503	0.658289028516	0.0	0.363943934268	0.570323827936	0.558240695988	0.810053165781	0.572257129048	0.549057515708	0.499275012083	0.466892218463	0.486708554857	0.565007249879	0.542774287095	0.553890768487	0.591106814886	0.812953117448	0.752537457709	0.61333977767	0.655872402127	0.590140164331	0.715804736588	0.646689221846	0.710488158531	0.693088448526	0.632672788787	0.654905751571	0.623006283229	0.81246979217	0.761237312711	0.794103431609	0.773803769937	0.745770903818	0.783953600773	0.683421942968	0.679555340744	0.677622039633	0.673755437409	0.660222329628	0.786370227163	0.673272112131	0.769453842436	0.622522957951	0.741904301595
AC8	0.564523924601	0.582406959884	0.913968100532	0.618173030449	0.669405509908	0.519574673755	0.689221846303	0.51377477042	0.475592073465	0.587723537941	0.536007733204	0.618656355727	0.590623489609	0.831319478009	0.635572740454	0.572740454326	0.51377477042	0.487675205413	0.839052682455	0.673755437409	0.363943934268	0.0	0.487675205413	0.480908651522	0.831319478009	0.547607539874	0.412759787337	0.367810536491	0.43740937651	0.479942000967	0.526341227646	0.478492025133	0.478975350411	0.521024649589	0.743837602707	0.677138714355	0.543257612373	0.591590140164	0.52779120348	0.633156114065	0.572257129048	0.681488641856	0.643305944901	0.56935717738	0.584340260996	0.563073948768	0.738037699372	0.678588690188	0.722087965201	0.702271628806	0.667955534074	0.704688255196	0.603673272112	0.600773320445	0.601739971	0.597873368777	0.576123731271	0.706621556307	0.593040115998	0.704204929918	0.53939101015	0.657805703238
AD7	0.601739971	0.587240212663	0.964233929435	0.656839052682	0.719188013533	0.519091348478	0.703238279362	0.501208313195	0.478008699855	0.585306911551	0.425326244563	0.655872402127	0.587240212663	0.880618656356	0.626389560174	0.587240212663	0.477042049299	0.462542290962	0.938134364427	0.768970517158	0.570323827936	0.487675205413	0.0	0.293861768971	0.904301594973	0.52779120348	0.424842919285	0.459159014016	0.508941517641	0.57177380377	0.507491541808	0.480425326245	0.480425326245	0.534074432093	0.746737554374	0.68293861769	0.485741904302	0.596423392943	0.530691155147	0.646689221846	0.589173513775	0.729821169647	0.691638472692	0.588206863219	0.571290478492	0.555824069599	0.747220879652	0.677138714355	0.73610439826	0.710488158531	0.673755437409	0.70372160464	0.611406476559	0.607539874335	0.601256645723	0.610923151281	0.570807153214	0.714838086032	0.594490091832	0.706138231029	0.557274045433	0.660705654906
AD8	0.579990333494	0.596423392943	0.950700821653	0.637989366844	0.707104881585	0.509908168197	0.688738521025	0.49540840986	0.4813919768	0.578540357661	0.419526341228	0.645239246013	0.595940067666	0.866602223296	0.640405993233	0.584340260996	0.485258579024	0.468342194297	0.916384726921	0.746254229096	0.558240695988	0.480908651522	0.293861768971	0.0	0.849202513291	0.474142097632	0.421459642339	0.452875785404	0.478492025133	0.53697438376	0.49299178347	0.478008699855	0.487191880135	0.546157564041	0.74528757854	0.681488641856	0.480425326245	0.593040115998	0.528757854036	0.640405993233	0.578540357661	0.720154664089	0.684388593523	0.579990333494	0.581923634606	0.561623972934	0.747220879652	0.680038666022	0.734654422426	0.70372160464	0.669405509908	0.703238279362	0.611406476559	0.603673272112	0.61333977767	0.603673272112	0.586756887385	0.71532141131	0.612373127115	0.70372160464	0.572740454326	0.658772353794
AE7	0.834702754954	0.879168680522	0.853069115515	0.78927017883	0.826969550507	0.890768487192	0.912518124698	0.892701788304	0.888351860802	0.911551474142	0.913968100532	0.849202513291	0.89125181247	0.827452875785	0.902368293862	0.847752537458	0.875785403577	0.85645239246	0.739004349928	0.733204446593	0.810053165781	0.831319478009	0.904301594973	0.849202513291	0.0	0.550024166264	0.874818753021	0.84726921218	0.758337361044	0.764620589657	0.836636056066	0.84726921218	0.886901884969	0.908651522475	0.927501208313	0.909134847753	0.913001449976	0.905268245529	0.90961817303	0.873368777187	0.902368293862	0.874818753021	0.876268728855	0.875785403577	0.933301111648	0.920734654422	0.887385210246	0.897535041083	0.908168197197	0.892218463026	0.899468342194	0.899468342194	0.889801836636	0.896568390527	0.905751570807	0.884001933301	0.898501691638	0.886418559691	0.89125181247	0.905751570807	0.910584823586	0.902368293862
AE8	0.586756887385	0.6389560174	0.907684871919	0.643789270179	0.693571773804	0.574190430159	0.68970517158	0.584823586274	0.586756887385	0.621556307395	0.606089898502	0.633639439343	0.637506041566	0.827936201063	0.687771870469	0.620106331561	0.588690188497	0.57177380377	0.82165297245	0.669888835186	0.572257129048	0.547607539874	0.52779120348	0.474142097632	0.550024166264	0.0	0.565490575157	0.543740937651	0.514741420976	0.522957950701	0.560657322378	0.551957467376	0.593040115998	0.603673272112	0.768003866602	0.707588206863	0.608989850169	0.620106331561	0.608989850169	0.649589173514	0.626389560174	0.704688255196	0.682455292412	0.601739971	0.642822619623	0.62493958434	0.755437409377	0.70372160464	0.752537457709	0.714838086032	0.691638472692	0.729821169647	0.65973900435	0.642339294345	0.656355727405	0.636056065732	0.636056065732	0.725954567424	0.651039149348	0.716288061866	0.61575640406	0.686321894635
AF7	0.565973900435	0.552440792653	0.949734171097	0.641372643789	0.64813919768	0.476075398743	0.694055099082	0.450459159014	0.438859352344	0.58095698405	0.440792653456	0.589173513775	0.534557757371	0.866602223296	0.625422909618	0.555824069599	0.431126147898	0.429192846786	0.896568390527	0.726437892702	0.549057515708	0.412759787337	0.424842919285	0.421459642339	0.874818753021	0.565490575157	0.0	0.322861285645	0.48380860319	0.533107781537	0.476558724021	0.46979217013	0.424359594007	0.4813919768	0.696955050749	0.630739487675	0.447075882069	0.557274045433	0.4813919768	0.608506524891	0.522957950701	0.714838086032	0.677138714355	0.540357660706	0.543740937651	0.519574673755	0.677138714355	0.625422909618	0.675688738521	0.653939101015	0.616723054616	0.652005799903	0.547124214596	0.551474142098	0.550507491542	0.545190913485	0.538907684872	0.64813919768	0.567423876269	0.651039149348	0.490575157081	0.604639922668
AF8	0.560657322378	0.570807153214	0.927501208313	0.621072982117	0.681005316578	0.50459159014	0.684388593523	0.480908651522	0.464958917351	0.572740454326	0.508941517641	0.626389560174	0.573707104882	0.845335911068	0.626389560174	0.555340744321	0.484775253746	0.46302561624	0.864185596907	0.69453842436	0.499275012083	0.367810536491	0.459159014016	0.452875785404	0.84726921218	0.543740937651	0.322861285645	0.0	0.447559207347	0.501208313195	0.517158047366	0.471242145964	0.442725954567	0.511841469309	0.728854519091	0.662155630739	0.498791686805	0.574190430159	0.508941517641	0.619139681005	0.551474142098	0.685355244079	0.64572257129	0.551957467376	0.569840502658	0.552440792653	0.701788303528	0.655872402127	0.709038182697	0.690188496858	0.64572257129	0.677138714355	0.584340260996	0.582406959884	0.575157080715	0.579023682939	0.554857419043	0.677138714355	0.574190430159	0.688738521025	0.521991300145	0.629772837119
AG7	0.588206863219	0.605123247946	0.850169163847	0.540840985984	0.66892218463	0.526341227646	0.685838569357	0.512324794587	0.491058482359	0.576123731271	0.535524407927	0.626389560174	0.598840019333	0.77090381827	0.649105848236	0.593523441276	0.535524407927	0.517641372644	0.750120831319	0.558724021266	0.466892218463	0.43740937651	0.508941517641	0.478492025133	0.758337361044	0.514741420976	0.48380860319	0.447559207347	0.0	0.331561140648	0.545190913485	0.514741420976	0.497341710971	0.551957467376	0.752054132431	0.689221846303	0.538424359594	0.593040115998	0.542290961817	0.640405993233	0.578057032383	0.666988883519	0.637022716288	0.55775737071	0.600289995167	0.587723537941	0.749637506042	0.684871918801	0.730304494925	0.706138231029	0.673272112131	0.713871435476	0.621072982117	0.608023199613	0.621556307395	0.606089898502	0.610439826003	0.717738037699	0.625422909618	0.703238279362	0.585790236829	0.660705654906
AG8	0.584823586274	0.609956500725	0.841469308845	0.573707104882	0.685355244079	0.566940550991	0.681488641856	0.560657322378	0.54857419043	0.597873368777	0.599806669889	0.645239246013	0.616723054616	0.750120831319	0.660705654906	0.608023199613	0.585790236829	0.577090381827	0.698888351861	0.537941034316	0.486708554857	0.479942000967	0.57177380377	0.53697438376	0.764620589657	0.522957950701	0.533107781537	0.501208313195	0.331561140648	0.0	0.56935717738	0.556790720155	0.561623972934	0.584340260996	0.765587240213	0.701788303528	0.592073465442	0.602706621556	0.589173513775	0.656355727405	0.598356694055	0.674238762687	0.655389076849	0.58095698405	0.624456259062	0.610923151281	0.763170613823	0.695988400193	0.745770903818	0.718221362977	0.692605123248	0.72692121798	0.651522474625	0.630739487675	0.643305944901	0.634122764621	0.629289511841	0.732237796037	0.646689221846	0.713871435476	0.611889801837	0.679072015466
AH7	0.589656839053	0.641372643789	0.956984050266	0.687771870469	0.709038182697	0.567423876269	0.711938134364	0.543257612373	0.546157564041	0.634606089899	0.52779120348	0.646689221846	0.634606089899	0.883035282745	0.683421942968	0.611406476559	0.511358144031	0.473658772354	0.888351860802	0.738037699372	0.565007249879	0.526341227646	0.507491541808	0.49299178347	0.836636056066	0.560657322378	0.476558724021	0.517158047366	0.545190913485	0.56935717738	0.0	0.321894635089	0.565007249879	0.612856452392	0.786853552441	0.727404543258	0.541807636539	0.660222329628	0.590140164331	0.670372160464	0.627839536008	0.769453842436	0.742387626873	0.635572740454	0.65055582407	0.629289511841	0.759787336878	0.723054615756	0.767037216046	0.721121314645	0.707104881585	0.737554374094	0.640889318511	0.639439342678	0.630256162397	0.626389560174	0.614789753504	0.735621072982	0.621556307395	0.727887868536	0.614306428226	0.710488158531
AH8	0.570807153214	0.590623489609	0.954084098598	0.645239246013	0.665055582407	0.515708071532	0.682455292412	0.499758337361	0.498308361527	0.585306911551	0.505558240696	0.608023199613	0.571290478492	0.869502174964	0.634606089899	0.563073948768	0.420009666506	0.376510391493	0.899468342194	0.740454325761	0.542774287095	0.478492025133	0.480425326245	0.478008699855	0.84726921218	0.551957467376	0.46979217013	0.471242145964	0.514741420976	0.556790720155	0.321894635089	0.0	0.507491541808	0.54857419043	0.752054132431	0.69212179797	0.514258095698	0.605606573224	0.529724504592	0.620589656839	0.575157080715	0.72450459159	0.691638472692	0.590140164331	0.598356694055	0.573223779604	0.712421459642	0.667955534074	0.71532141131	0.669888835186	0.65055582407	0.681488641856	0.589656839053	0.582890285162	0.584340260996	0.575640405993	0.558724021266	0.678588690188	0.568390526825	0.682455292412	0.551957467376	0.653455775737
AA5	0.59255679072	0.51377477042	0.952634122765	0.635572740454	0.605606573224	0.446592556791	0.635572740454	0.415176413726	0.403093281779	0.519091348478	0.440792653456	0.551474142098	0.52779120348	0.871435476075	0.553890768487	0.555340744321	0.435959400677	0.429676172064	0.916384726921	0.75688738521	0.553890768487	0.478975350411	0.480425326245	0.487191880135	0.886901884969	0.593040115998	0.424359594007	0.442725954567	0.497341710971	0.561623972934	0.565007249879	0.507491541808	0.0	0.350410826486	0.686805219913	0.610439826003	0.462542290962	0.480425326245	0.452392460126	0.564040599323	0.465442242629	0.634122764621	0.593523441276	0.468825519575	0.543740937651	0.49299178347	0.704204929918	0.642822619623	0.674722087965	0.648622522958	0.641855969067	0.680038666022	0.529241179314	0.570807153214	0.575640405993	0.55775737071	0.534557757371	0.670372160464	0.568390526825	0.64572257129	0.507491541808	0.619623006283
AA6	0.599806669889	0.526824552924	0.963750604157	0.652005799903	0.621556307395	0.456259062349	0.656839052682	0.471725471242	0.457225712905	0.549057515708	0.494925084582	0.562107298212	0.523441275979	0.880618656356	0.581440309328	0.5601739971	0.496858385694	0.493475108748	0.93281778637	0.769453842436	0.591106814886	0.521024649589	0.534074432093	0.546157564041	0.908651522475	0.603673272112	0.4813919768	0.511841469309	0.551957467376	0.584340260996	0.612856452392	0.54857419043	0.350410826486	0.0	0.678105364911	0.602223296278	0.507974867086	0.505558240696	0.468825519575	0.582406959884	0.490091831803	0.67133881102	0.634606089899	0.508458192363	0.473175447076	0.427259545674	0.695988400193	0.6389560174	0.660222329628	0.643305944901	0.628806186564	0.666022232963	0.529241179314	0.56259062349	0.563557274045	0.54857419043	0.542290961817	0.661672305462	0.566940550991	0.642339294345	0.511841469309	0.614789753504
AB5	0.755920734654	0.678105364911	0.973417109715	0.724987916868	0.629289511841	0.655872402127	0.746254229096	0.665538907685	0.668438859352	0.699855002417	0.685355244079	0.616723054616	0.673272112131	0.903334944418	0.723054615756	0.697921701305	0.710004833253	0.71532141131	0.939101014983	0.814403093282	0.812953117448	0.743837602707	0.746737554374	0.74528757854	0.927501208313	0.768003866602	0.696955050749	0.728854519091	0.752054132431	0.765587240213	0.786853552441	0.752054132431	0.686805219913	0.678105364911	0.0	0.318994683422	0.625906234896	0.668438859352	0.623972933784	0.640405993233	0.614789753504	0.750120831319	0.739487675205	0.655872402127	0.617689705172	0.612373127115	0.616239729338	0.611889801837	0.619139681005	0.598840019333	0.618173030449	0.625422909618	0.589173513775	0.596906718221	0.62735621073	0.618656355727	0.674238762687	0.599323344611	0.672305461576	0.604639922668	0.679555340744	0.61333977767
AB6	0.699855002417	0.607056549058	0.96520057999	0.676172063799	0.589656839053	0.586273562107	0.681005316578	0.598356694055	0.603189946834	0.637022716288	0.635089415176	0.544224262929	0.622039632673	0.892701788304	0.65732237796	0.639439342678	0.654422426293	0.657805703238	0.927017883035	0.76848719188	0.752537457709	0.677138714355	0.68293861769	0.681488641856	0.909134847753	0.707588206863	0.630739487675	0.662155630739	0.689221846303	0.701788303528	0.727404543258	0.69212179797	0.610439826003	0.602223296278	0.318994683422	0.0	0.580473658772	0.602223296278	0.563073948768	0.584823586274	0.558724021266	0.695021749638	0.662638956017	0.5601739971	0.54857419043	0.542290961817	0.598840019333	0.543257612373	0.582890285162	0.543257612373	0.549540840986	0.579990333494	0.523924601257	0.558724021266	0.58337361044	0.572740454326	0.609956500725	0.556790720155	0.616239729338	0.542290961817	0.625906234896	0.534557757371
AC5	0.607056549058	0.575640405993	0.973900434993	0.651039149348	0.619139681005	0.465925567907	0.676655389077	0.440309328178	0.434992750121	0.568873852102	0.414693088449	0.549057515708	0.531174480425	0.892218463026	0.623489608507	0.594006766554	0.457709038183	0.453842435959	0.947800869986	0.780570323828	0.61333977767	0.543257612373	0.485741904302	0.480425326245	0.913001449976	0.608989850169	0.447075882069	0.498791686805	0.538424359594	0.592073465442	0.541807636539	0.514258095698	0.462542290962	0.507974867086	0.625906234896	0.580473658772	0.0	0.462058965684	0.431126147898	0.584340260996	0.500724987917	0.725471242146	0.674722087965	0.531657805703	0.490091831803	0.472692121798	0.628806186564	0.574673755437	0.620106331561	0.582890285162	0.567423876269	0.602706621556	0.502658289029	0.502658289029	0.510874818753	0.501691638473	0.560657322378	0.600289995167	0.584823586274	0.572740454326	0.524891251812	0.555340744321
AC6	0.637022716288	0.511358144031	0.954567423876	0.633639439343	0.576123731271	0.51619139681	0.522474625423	0.492025132914	0.52537457709	0.459642339294	0.555340744321	0.534074432093	0.547124214596	0.866602223296	0.545674238763	0.588690188497	0.575157080715	0.579507008217	0.922184630256	0.755920734654	0.655872402127	0.591590140164	0.596423392943	0.593040115998	0.905268245529	0.620106331561	0.557274045433	0.574190430159	0.593040115998	0.602706621556	0.660222329628	0.605606573224	0.480425326245	0.505558240696	0.668438859352	0.602223296278	0.462058965684	0.0	0.528274528758	0.518124697922	0.46979217013	0.484775253746	0.438859352344	0.403093281779	0.573223779604	0.547607539874	0.675688738521	0.627839536008	0.658772353794	0.623972933784	0.625422909618	0.659255679072	0.575157080715	0.576123731271	0.589173513775	0.579507008217	0.558240695988	0.651039149348	0.579023682939	0.617689705172	0.565007249879	0.618656355727
AD6	0.591106814886	0.531174480425	0.974383760271	0.629289511841	0.57177380377	0.417593040116	0.632672788787	0.435959400677	0.420976317061	0.523441275979	0.452875785404	0.499758337361	0.508941517641	0.886901884969	0.584340260996	0.557274045433	0.468825519575	0.466408893185	0.942484291928	0.774770420493	0.590140164331	0.52779120348	0.530691155147	0.528757854036	0.90961817303	0.608989850169	0.4813919768	0.508941517641	0.542290961817	0.589173513775	0.590140164331	0.529724504592	0.452392460126	0.468825519575	0.623972933784	0.563073948768	0.431126147898	0.528274528758	0.0	0.536007733204	0.394393426776	0.699855002417	0.663122281295	0.524407926535	0.488158530691	0.464475592073	0.607539874335	0.546157564041	0.587723537941	0.54857419043	0.550024166264	0.584823586274	0.466892218463	0.476558724021	0.479458675689	0.470758820686	0.523924601257	0.578057032383	0.547607539874	0.552924117931	0.477042049299	0.535041082649
AE5	0.631222812953	0.519574673755	0.975350410826	0.632672788787	0.547607539874	0.535041082649	0.572740454326	0.559207346544	0.597390043499	0.51377477042	0.618173030449	0.505074915418	0.575157080715	0.885451909135	0.554374093765	0.563557274045	0.608023199613	0.60415659739	0.926051232479	0.7593040116	0.715804736588	0.633156114065	0.646689221846	0.640405993233	0.873368777187	0.649589173514	0.608506524891	0.619139681005	0.640405993233	0.656355727405	0.670372160464	0.620589656839	0.564040599323	0.582406959884	0.640405993233	0.584823586274	0.584340260996	0.518124697922	0.536007733204	0.0	0.348477525375	0.609956500725	0.571290478492	0.50700821653	0.620106331561	0.618656355727	0.64813919768	0.601256645723	0.632189463509	0.602223296278	0.614306428226	0.643789270179	0.537457709038	0.561140647656	0.59255679072	0.560657322378	0.542774287095	0.630256162397	0.555340744321	0.607539874335	0.573707104882	0.59497341711
AE6	0.600289995167	0.488641855969	0.974383760271	0.621072982117	0.552440792653	0.447075882069	0.579023682939	0.464958917351	0.504108264862	0.485741904302	0.522957950701	0.504108264862	0.50700821653	0.885451909135	0.544224262929	0.54857419043	0.526341227646	0.532141130981	0.942000966651	0.772353794103	0.646689221846	0.572257129048	0.589173513775	0.578540357661	0.902368293862	0.626389560174	0.522957950701	0.551474142098	0.578057032383	0.598356694055	0.627839536008	0.575157080715	0.465442242629	0.490091831803	0.614789753504	0.558724021266	0.500724987917	0.46979217013	0.394393426776	0.348477525375	0.0	0.636056065732	0.599806669889	0.462542290962	0.528274528758	0.519574673755	0.631706138231	0.578057032383	0.60657322378	0.577090381827	0.58337361044	0.620589656839	0.497825036249	0.498308361527	0.519574673755	0.508941517641	0.510391493475	0.608989850169	0.528757854036	0.567907201547	0.496375060416	0.567423876269
AF5	0.719188013533	0.618173030449	0.932334461092	0.658772353794	0.652972450459	0.679555340744	0.547124214596	0.663605606573	0.69212179797	0.582890285162	0.727404543258	0.630739487675	0.685838569357	0.852102464959	0.613823102948	0.679072015466	0.725471242146	0.723054615756	0.873368777187	0.721604639923	0.710488158531	0.681488641856	0.729821169647	0.720154664089	0.874818753021	0.704688255196	0.714838086032	0.685355244079	0.666988883519	0.674238762687	0.769453842436	0.72450459159	0.634122764621	0.67133881102	0.750120831319	0.695021749638	0.725471242146	0.484775253746	0.699855002417	0.609956500725	0.636056065732	0.0	0.285645239246	0.554857419043	0.733204446593	0.722571290478	0.760270662156	0.727887868536	0.735137747704	0.710004833253	0.735137747704	0.752537457709	0.695988400193	0.72450459159	0.736587723538	0.723054615756	0.677138714355	0.73852102465	0.683421942968	0.706621556307	0.722571290478	0.722571290478
AF6	0.693088448526	0.578540357661	0.936684388594	0.651039149348	0.639439342678	0.642822619623	0.51619139681	0.622039632673	0.649105848236	0.551957467376	0.690188496858	0.599323344611	0.650072498792	0.853552440793	0.56935717738	0.64572257129	0.692605123248	0.690188496858	0.87723537941	0.718704688255	0.693088448526	0.643305944901	0.691638472692	0.684388593523	0.876268728855	0.682455292412	0.677138714355	0.64572257129	0.637022716288	0.655389076849	0.742387626873	0.691638472692	0.593523441276	0.634606089899	0.739487675205	0.662638956017	0.674722087965	0.438859352344	0.663122281295	0.571290478492	0.599806669889	0.285645239246	0.0	0.508941517641	0.696471725471	0.684388593523	0.753020782987	0.700338327695	0.719188013533	0.691155147414	0.700338327695	0.735137747704	0.658289028516	0.685838569357	0.702271628806	0.687288545191	0.642339294345	0.721121314645	0.64572257129	0.687771870469	0.685355244079	0.69212179797
