	AA3	AA4	AB3	AB4	AC3	AC4	AD3	AD4	AE3	AE4	AF3	AF4	AG3	AG4	AH3	AH4	AA7	AA8	AB7	AB8	AC7	AC8	AD7	AD8	AE7	AE8	AF7	AF8	AG7	AG8	AH7	AH8	AA5	AA6	AB5	AB6	AC5	AC6	AD6	AE5	AE6	AF5	AF6	AG5	AH5	AH6	AA1	AA2	AB1	AB2	AC1	AC2	AD1	AD2	AE1	AE2	AF1	AF2	AG1	AG2	AH1	AH2
AA3	0.0	0.47462542291	0.938617689705	0.628806186564	0.657805703238	0.585790236829	0.669888835186	0.565973900435	0.555340744321	0.619139681005	0.594006766554	0.599323344611	0.555340744321	0.844369260512	0.63653939101	0.315611406477	0.556790720155	0.545674238763	0.874818753021	0.708554857419	0.615273078782	0.556307394877	0.57177380377	0.559690671822	0.834219429676	0.599806669889	0.557274045433	0.546157564041	0.579023682939	0.591590140164	0.587240212663	0.538424359594	0.572257129048	0.571290478492	0.731271145481	0.674238762687	0.593523441276	0.611406476559	0.589656839053	0.62493958434	0.589656839053	0.70372160464	0.676655389077	0.607056549058	0.610923151281	0.603189946834	0.680038666022	0.642822619623	0.708071532141	0.664088931851	0.6389560174	0.659255679072	0.569840502658	0.557274045433	0.572740454326	0.565490575157	0.565490575157	0.651522474625	0.583856935718	0.641855969067	0.568873852102	0.654905751571
AA4	0.47462542291	0.0	0.945384243596	0.579990333494	0.571290478492	0.502658289029	0.602706621556	0.498791686805	0.495891735138	0.519574673755	0.556307394877	0.5186080232	0.464475592073	0.846785886902	0.373610439826	0.38424359594	0.526824552924	0.534557757371	0.88883518608	0.708554857419	0.661188980184	0.577573707105	0.579507008217	0.578057032383	0.86805219913	0.619623006283	0.541324311261	0.537457709038	0.598356694055	0.612373127115	0.622039632673	0.58095698405	0.511841469309	0.513291445143	0.655872402127	0.586273562107	0.5601739971	0.53020782987	0.544707588207	0.540357660706	0.49299178347	0.644272595457	0.608023199613	0.52779120348	0.577573707105	0.571290478492	0.646205896568	0.575157080715	0.635089415176	0.603673272112	0.597873368777	0.633156114065	0.521507974867	0.517641372644	0.531657805703	0.52537457709	0.504108264862	0.618173030449	0.512808119865	0.58095698405	0.519574673755	0.584340260996
AB3	0.938617689705	0.945384243596	0.0	0.691155147414	0.908651522475	0.95360077332	0.956500724988	0.938617689705	0.932334461092	0.948284195263	0.971000483325	0.928951184147	0.962300628323	0.362493958434	0.959400676655	0.947800869986	0.969550507492	0.96520057999	0.731271145481	0.755437409377	0.897051715805	0.90961817303	0.956984050266	0.944900918318	0.848719188014	0.894151764137	0.941517641373	0.929434509425	0.834702754954	0.833736104398	0.950700821653	0.959400676655	0.9584340261	0.961333977767	0.971967133881	0.964233929435	0.973900434993	0.952634122765	0.974383760271	0.974383760271	0.972933784437	0.933301111648	0.926534557757	0.952150797487	0.974383760271	0.970517158047	0.973900434993	0.970517158047	0.970033832769	0.971967133881	0.974867085549	0.970517158047	0.972933784437	0.973900434993	0.975833736104	0.973417109715	0.972933784437	0.971483808603	0.971967133881	0.973417109715	0.971483808603	0.973417109715
AB4	0.628806186564	0.579990333494	0.691155147414	0.0	0.630256162397	0.608989850169	0.681971967134	0.621072982117	0.620589656839	0.625906234896	0.651039149348	0.60657322378	0.478008699855	0.568390526825	0.611889801837	0.602223296278	0.637506041566	0.643789270179	0.717738037699	0.555340744321	0.669405509908	0.635572740454	0.662155630739	0.64572257129	0.786853552441	0.635089415176	0.65973900435	0.65055582407	0.545674238763	0.577090381827	0.687771870469	0.660222329628	0.646689221846	0.657805703238	0.72450459159	0.669405509908	0.655872402127	0.639922667956	0.635089415176	0.644272595457	0.63653939101	0.66892218463	0.653939101015	0.630739487675	0.697438376027	0.677138714355	0.692605123248	0.651039149348	0.696955050749	0.685355244079	0.673272112131	0.677622039633	0.640889318511	0.637022716288	0.651039149348	0.651522474625	0.652005799903	0.678105364911	0.642339294345	0.656839052682	0.648622522958	0.665538907685
AC3	0.657805703238	0.571290478492	0.908651522475	0.630256162397	0.0	0.489608506525	0.632189463509	0.54857419043	0.561140647656	0.578057032383	0.607056549058	0.333977767037	0.602706621556	0.818269695505	0.601256645723	0.617689705172	0.623972933784	0.60415659739	0.85886901885	0.731754470759	0.731271145481	0.682455292412	0.722571290478	0.700821652972	0.828419526341	0.696955050749	0.653455775737	0.679555340744	0.670855485742	0.683905268246	0.708554857419	0.672788786854	0.602706621556	0.623972933784	0.611406476559	0.572257129048	0.621556307395	0.564523924601	0.584823586274	0.55775737071	0.558240695988	0.653455775737	0.637989366844	0.568873852102	0.650072498792	0.622522957951	0.592073465442	0.583856935718	0.588206863219	0.579507008217	0.601256645723	0.595456742388	0.545190913485	0.568390526825	0.581923634606	0.570323827936	0.625906234896	0.578540357661	0.619623006283	0.581440309328	0.621556307395	0.590623489609
AC4	0.585790236829	0.502658289029	0.95360077332	0.608989850169	0.489608506525	0.0	0.604639922668	0.412276462059	0.41662638956	0.50459159014	0.343160947318	0.396810053166	0.511841469309	0.858385693572	0.564523924601	0.550507491542	0.487675205413	0.463992266796	0.933301111648	0.74770420493	0.603189946834	0.554857419043	0.545190913485	0.527307878202	0.892218463026	0.584823586274	0.509424842919	0.528274528758	0.546640889319	0.566940550991	0.584340260996	0.537941034316	0.469308844853	0.469308844853	0.621072982117	0.551957467376	0.455775737071	0.507491541808	0.41904301595	0.552440792653	0.46302561624	0.683905268246	0.648622522958	0.517641372644	0.502658289029	0.467375543741	0.63653939101	0.576123731271	0.613823102948	0.594006766554	0.591590140164	0.616239729338	0.491541807637	0.494925084582	0.503624939584	0.510874818753	0.567423876269	0.603673272112	0.556307394877	0.570807153214	0.484775253746	0.579507008217
AD3	0.669888835186	0.602706621556	0.956500724988	0.681971967134	0.632189463509	0.604639922668	0.0	0.522474625423	0.628806186564	0.374577090382	0.659255679072	0.604639922668	0.618656355727	0.862252295795	0.570807153214	0.649105848236	0.672788786854	0.666988883519	0.943450942484	0.765587240213	0.707588206863	0.687288545191	0.683905268246	0.675205413243	0.917834702755	0.669888835186	0.685355244079	0.684871918801	0.681005316578	0.670855485742	0.708554857419	0.678105364911	0.607539874335	0.633156114065	0.732237796037	0.658772353794	0.655389076849	0.513291445143	0.618173030449	0.591590140164	0.578057032383	0.530691155147	0.522957950701	0.533591106815	0.685355244079	0.668438859352	0.758820686322	0.698888351861	0.735621072982	0.723537941034	0.716288061866	0.738037699372	0.644755920735	0.651039149348	0.657805703238	0.654422426293	0.628322861286	0.725954567424	0.632672788787	0.698405026583	0.67133881102	0.71532141131
AD4	0.565973900435	0.498791686805	0.938617689705	0.621072982117	0.54857419043	0.412276462059	0.522474625423	0.0	0.320927984534	0.40744320928	0.43740937651	0.48622522958	0.51377477042	0.845819236346	0.547124214596	0.540840985984	0.475592073465	0.455292411793	0.928467858869	0.743837602707	0.579990333494	0.51619139681	0.515224746254	0.502174963751	0.898018366361	0.583856935718	0.462542290962	0.478492025133	0.501691638473	0.52779120348	0.561140647656	0.514741420976	0.411309811503	0.445625906235	0.639439342678	0.564523924601	0.449492508458	0.491058482359	0.438859352344	0.568390526825	0.470758820686	0.649589173514	0.608506524891	0.496375060416	0.500241662639	0.470275495408	0.65732237796	0.601256645723	0.635089415176	0.627839536008	0.620106331561	0.642822619623	0.515224746254	0.517158047366	0.524407926535	0.534557757371	0.544707588207	0.627839536008	0.550024166264	0.602223296278	0.50459159014	0.608989850169
AE3	0.555340744321	0.495891735138	0.932334461092	0.620589656839	0.561140647656	0.41662638956	0.628806186564	0.320927984534	0.0	0.496858385694	0.396326727888	0.49540840986	0.503141614306	0.845819236346	0.544224262929	0.541324311261	0.439342677622	0.417593040116	0.925567907202	0.744804253262	0.558240695988	0.485258579024	0.478492025133	0.476075398743	0.893668438859	0.58337361044	0.44224262929	0.439342677622	0.485258579024	0.526341227646	0.545190913485	0.488641855969	0.397776703722	0.441275978734	0.649589173514	0.588690188497	0.423392943451	0.520541324311	0.429192846786	0.598356694055	0.507491541808	0.686805219913	0.64813919768	0.51619139681	0.481875302078	0.461575640406	0.65055582407	0.591590140164	0.635089415176	0.620589656839	0.609956500725	0.63653939101	0.51619139681	0.512808119865	0.521024649589	0.535524407927	0.556790720155	0.629289511841	0.560657322378	0.590140164331	0.496858385694	0.598356694055
AE4	0.619139681005	0.519574673755	0.948284195263	0.625906234896	0.578057032383	0.50459159014	0.374577090382	0.40744320928	0.496858385694	0.0	0.565007249879	0.532624456259	0.545190913485	0.852585790237	0.526341227646	0.574673755437	0.579023682939	0.575157080715	0.934267762204	0.753987433543	0.647655872402	0.603673272112	0.607056549058	0.589173513775	0.90961817303	0.62735621073	0.580473658772	0.578540357661	0.586273562107	0.602223296278	0.637989366844	0.605123247946	0.510874818753	0.53939101015	0.675205413243	0.60415659739	0.566457225713	0.472692121798	0.524407926535	0.546157564041	0.496858385694	0.605123247946	0.564040599323	0.497341710971	0.590140164331	0.574673755437	0.692605123248	0.635572740454	0.674722087965	0.667472208797	0.656839052682	0.670855485742	0.577090381827	0.576123731271	0.567423876269	0.586273562107	0.564040599323	0.666988883519	0.561623972934	0.643305944901	0.57177380377	0.651522474625
AF3	0.594006766554	0.556307394877	0.971000483325	0.651039149348	0.607056549058	0.343160947318	0.659255679072	0.43740937651	0.396326727888	0.565007249879	0.0	0.512324794587	0.532624456259	0.878685355244	0.607056549058	0.584823586274	0.443209279845	0.395360077332	0.95601739971	0.773803769937	0.585790236829	0.537941034316	0.450942484292	0.444659255679	0.917834702755	0.610923151281	0.444175930401	0.499275012083	0.531657805703	0.575640405993	0.523441275979	0.499758337361	0.444175930401	0.490575157081	0.650072498792	0.598840019333	0.39584340261	0.55099081682	0.431126147898	0.618173030449	0.525857902368	0.722087965201	0.687288545191	0.555340744321	0.490575157081	0.455292411793	0.64572257129	0.587240212663	0.647172547124	0.610923151281	0.60415659739	0.628322861286	0.527307878202	0.505558240696	0.514741420976	0.526341227646	0.594006766554	0.622522957951	0.579507008217	0.588690188497	0.496858385694	0.594006766554
AF4	0.599323344611	0.5186080232	0.928951184147	0.60657322378	0.333977767037	0.396810053166	0.604639922668	0.48622522958	0.49540840986	0.532624456259	0.512324794587	0.0	0.550507491542	0.83566940551	0.553890768487	0.552440792653	0.568390526825	0.548090865152	0.890768487192	0.719188013533	0.6805219913	0.62493958434	0.653455775737	0.628322861286	0.850169163847	0.634606089899	0.591106814886	0.61575640406	0.624456259062	0.630256162397	0.653455775737	0.614789753504	0.537941034316	0.565490575157	0.581440309328	0.506041565974	0.554857419043	0.531657805703	0.512808119865	0.512808119865	0.496375060416	0.640889318511	0.617689705172	0.522474625423	0.563557274045	0.536007733204	0.581440309328	0.519091348478	0.567907201547	0.541324311261	0.535041082649	0.550507491542	0.473175447076	0.500241662639	0.515708071532	0.498791686805	0.566457225713	0.553890768487	0.563557274045	0.52537457709	0.553407443209	0.527307878202
AG3	0.555340744321	0.464475592073	0.962300628323	0.478008699855	0.602706621556	0.511841469309	0.618656355727	0.51377477042	0.503141614306	0.545190913485	0.532624456259	0.550507491542	0.0	0.837602706622	0.511358144031	0.521991300145	0.49540840986	0.491541807637	0.921701304978	0.739004349928	0.658289028516	0.586273562107	0.578540357661	0.58095698405	0.87723537941	0.623006283229	0.535041082649	0.552924117931	0.599323344611	0.617689705172	0.618656355727	0.558240695988	0.522957950701	0.525857902368	0.665055582407	0.610923151281	0.540357660706	0.531657805703	0.521991300145	0.585306911551	0.508941517641	0.670372160464	0.6389560174	0.534557757371	0.568873852102	0.557274045433	0.626389560174	0.572257129048	0.625906234896	0.621556307395	0.605123247946	0.611406476559	0.520057999033	0.518124697922	0.537457709038	0.538424359594	0.546640889319	0.615273078782	0.54857419043	0.59255679072	0.50700821653	0.590140164331
AG4	0.844369260512	0.846785886902	0.362493958434	0.568390526825	0.818269695505	0.858385693572	0.862252295795	0.845819236346	0.845819236346	0.852585790237	0.878685355244	0.83566940551	0.837602706622	0.0	0.864668922185	0.846785886902	0.884968583857	0.882068632189	0.708071532141	0.677622039633	0.818269695505	0.828419526341	0.87046882552	0.857902368294	0.827452875785	0.812953117448	0.859352344128	0.849202513291	0.755437409377	0.742870952151	0.873852102465	0.871435476075	0.86805219913	0.871918801353	0.892218463026	0.881585306912	0.881585306912	0.854035766071	0.878685355244	0.875785403577	0.878202029966	0.845335911068	0.839536007733	0.859835669406	0.892218463026	0.884001933301	0.876752054132	0.874818753021	0.875785403577	0.878202029966	0.885451909135	0.87723537941	0.882551957467	0.878685355244	0.881101981634	0.883035282745	0.880135331078	0.878685355244	0.877718704688	0.880618656356	0.883035282745	0.882551957467
AH3	0.63653939101	0.373610439826	0.959400676655	0.611889801837	0.601256645723	0.564523924601	0.570807153214	0.547124214596	0.544224262929	0.526341227646	0.607056549058	0.553890768487	0.511358144031	0.864668922185	0.0	0.537457709038	0.594006766554	0.608506524891	0.929917834703	0.755437409377	0.710004833253	0.643305944901	0.632672788787	0.637989366844	0.901401643306	0.69212179797	0.630256162397	0.625906234896	0.660222329628	0.673272112131	0.686805219913	0.641372643789	0.544707588207	0.577090381827	0.709038182697	0.642339294345	0.615273078782	0.529241179314	0.593040115998	0.560657322378	0.56259062349	0.59497341711	0.556790720155	0.542290961817	0.633639439343	0.631222812953	0.698405026583	0.625906234896	0.659255679072	0.653455775737	0.657805703238	0.675205413243	0.585790236829	0.599323344611	0.604639922668	0.607539874335	0.567423876269	0.676172063799	0.574190430159	0.631222812953	0.587240212663	0.62735621073
AH4	0.315611406477	0.38424359594	0.947800869986	0.602223296278	0.617689705172	0.550507491542	0.649105848236	0.540840985984	0.541324311261	0.574673755437	0.584823586274	0.552440792653	0.521991300145	0.846785886902	0.537457709038	0.0	0.542290961817	0.544224262929	0.883518608023	0.719188013533	0.652005799903	0.581923634606	0.584823586274	0.579507008217	0.851135814403	0.619139681005	0.560657322378	0.563073948768	0.593040115998	0.608506524891	0.599806669889	0.558240695988	0.556790720155	0.553407443209	0.687771870469	0.628322861286	0.582406959884	0.578540357661	0.568873852102	0.579990333494	0.541324311261	0.686805219913	0.651522474625	0.574673755437	0.595456742388	0.589173513775	0.648622522958	0.601256645723	0.666022232963	0.62735621073	0.612373127115	0.637989366844	0.529241179314	0.530691155147	0.551474142098	0.530691155147	0.508941517641	0.61575640406	0.535524407927	0.61333977767	0.544707588207	0.618656355727
AA7	0.556790720155	0.526824552924	0.969550507492	0.637506041566	0.623972933784	0.487675205413	0.672788786854	0.475592073465	0.439342677622	0.579023682939	0.443209279845	0.568390526825	0.49540840986	0.884968583857	0.594006766554	0.542290961817	0.0	0.298211696472	0.918318028033	0.753987433543	0.589656839053	0.510391493475	0.484291928468	0.484291928468	0.868535524408	0.591590140164	0.449975833736	0.466892218463	0.530691155147	0.568873852102	0.519574673755	0.422426292895	0.435959400677	0.488641855969	0.699855002417	0.645239246013	0.465925567907	0.563073948768	0.487191880135	0.619139681005	0.545674238763	0.724987916868	0.688255195747	0.565007249879	0.53697438376	0.509908168197	0.653455775737	0.602223296278	0.669888835186	0.637022716288	0.601256645723	0.619623006283	0.514258095698	0.513291445143	0.519091348478	0.52779120348	0.549057515708	0.61575640406	0.551474142098	0.615273078782	0.483325277912	0.608989850169
AA8	0.545674238763	0.534557757371	0.96520057999	0.643789270179	0.60415659739	0.463992266796	0.666988883519	0.455292411793	0.417593040116	0.575157080715	0.395360077332	0.548090865152	0.491541807637	0.882068632189	0.608506524891	0.544224262929	0.298211696472	0.0	0.914934751087	0.749154180764	0.567423876269	0.485258579024	0.450942484292	0.449492508458	0.861768970517	0.584823586274	0.408893185114	0.454325761237	0.5186080232	0.556307394877	0.456259062349	0.37506041566	0.436926051232	0.477042049299	0.683421942968	0.629772837119	0.434992750121	0.559207346544	0.461575640406	0.608989850169	0.521507974867	0.727887868536	0.693088448526	0.565007249879	0.518124697922	0.486708554857	0.636056065732	0.592073465442	0.65055582407	0.619623006283	0.58337361044	0.604639922668	0.501208313195	0.499275012083	0.508458192363	0.507974867086	0.547607539874	0.601739971	0.557274045433	0.603189946834	0.484775253746	0.594006766554
AB7	0.874818753021	0.88883518608	0.731271145481	0.717738037699	0.85886901885	0.933301111648	0.943450942484	0.928467858869	0.925567907202	0.934267762204	0.95601739971	0.890768487192	0.921701304978	0.708071532141	0.929917834703	0.883518608023	0.918318028033	0.914934751087	0.0	0.433059449009	0.823102948284	0.831319478009	0.931851135814	0.911551474142	0.734654422426	0.819719671339	0.889318511358	0.869985500242	0.743837602707	0.706621556307	0.886901884969	0.901884968584	0.925084581924	0.934267762204	0.940067665539	0.931367810536	0.951184146931	0.919768003867	0.952634122765	0.93281778637	0.930401159981	0.875785403577	0.880618656356	0.912518124698	0.959400676655	0.949734171097	0.925084581924	0.924601256646	0.936684388594	0.928951184147	0.930884485259	0.917351377477	0.917834702755	0.916384726921	0.918318028033	0.907201546641	0.918801353311	0.916384726921	0.92363460609	0.926051232479	0.942484291928	0.931367810536
AB8	0.708554857419	0.708554857419	0.755437409377	0.555340744321	0.731754470759	0.74770420493	0.765587240213	0.743837602707	0.744804253262	0.753987433543	0.773803769937	0.719188013533	0.739004349928	0.677622039633	0.755437409377	0.719188013533	0.753987433543	0.749154180764	0.433059449009	0.0	0.650072498792	0.651039149348	0.748187530208	0.722571290478	0.738037699372	0.649105848236	0.705654905752	0.685838569357	0.531174480425	0.514258095698	0.730304494925	0.728854519091	0.754470758821	0.75688738521	0.801836636056	0.754954084099	0.767520541324	0.734171097148	0.76848719188	0.751570807153	0.743354277429	0.71290478492	0.715804736588	0.729821169647	0.784920251329	0.771870468826	0.802803286612	0.753020782987	0.795553407443	0.767037216046	0.765587240213	0.779120347994	0.754954084099	0.750120831319	0.753020782987	0.74528757854	0.751087481875	0.77090381827	0.750604156597	0.750120831319	0.769453842436	0.751570807153
AC7	0.615273078782	0.661188980184	0.897051715805	0.669405509908	0.731271145481	0.603189946834	0.707588206863	0.579990333494	0.558240695988	0.647655872402	0.585790236829	0.6805219913	0.658289028516	0.818269695505	0.710004833253	0.652005799903	0.589656839053	0.567423876269	0.823102948284	0.650072498792	0.0	0.3610439826	0.572257129048	0.553407443209	0.82648622523	0.566940550991	0.558240695988	0.51619139681	0.482841952634	0.488158530691	0.569840502658	0.556790720155	0.564523924601	0.59497341711	0.798936684389	0.741904301595	0.608989850169	0.650072498792	0.60415659739	0.720637989367	0.664088931851	0.705654905752	0.693088448526	0.633639439343	0.637022716288	0.596423392943	0.811986466892	0.761720637989	0.800386660222	0.787820202997	0.758820686322	0.785403576607	0.6805219913	0.66892218463	0.678588690188	0.687288545191	0.678105364911	0.78250362494	0.681005316578	0.763170613823	0.622522957951	0.757370710488
AC8	0.556307394877	0.577573707105	0.90961817303	0.635572740454	0.682455292412	0.554857419043	0.687288545191	0.51619139681	0.485258579024	0.603673272112	0.537941034316	0.62493958434	0.586273562107	0.828419526341	0.643305944901	0.581923634606	0.510391493475	0.485258579024	0.831319478009	0.651039149348	0.3610439826	0.0	0.488158530691	0.484291928468	0.834219429676	0.544707588207	0.425326244563	0.378443692605	0.434026099565	0.470275495408	0.52537457709	0.478008699855	0.488158530691	0.522474625423	0.731754470759	0.679555340744	0.542290961817	0.591590140164	0.545674238763	0.655389076849	0.59255679072	0.675688738521	0.65055582407	0.58095698405	0.567423876269	0.541324311261	0.738037699372	0.686805219913	0.732237796037	0.720154664089	0.675205413243	0.702271628806	0.607539874335	0.59497341711	0.599323344611	0.612856452392	0.593523441276	0.707104881585	0.608023199613	0.697921701305	0.550024166264	0.679555340744
AD7	0.57177380377	0.579507008217	0.956984050266	0.662155630739	0.722571290478	0.545190913485	0.683905268246	0.515224746254	0.478492025133	0.607056549058	0.450942484292	0.653455775737	0.578540357661	0.87046882552	0.632672788787	0.584823586274	0.484291928468	0.450942484292	0.931851135814	0.748187530208	0.572257129048	0.488158530691	0.0	0.289028516191	0.89125181247	0.506041565974	0.429676172064	0.459642339294	0.505558240696	0.543257612373	0.501691638473	0.463508941518	0.489125181247	0.528757854036	0.738037699372	0.679555340744	0.501208313195	0.601739971	0.540357660706	0.655872402127	0.599323344611	0.72450459159	0.69212179797	0.603673272112	0.564523924601	0.539874335428	0.746254229096	0.684388593523	0.741420976317	0.725954567424	0.677138714355	0.705171580474	0.612856452392	0.600289995167	0.600773320445	0.620106331561	0.591106814886	0.710488158531	0.60415659739	0.697438376027	0.558240695988	0.690188496858
AD8	0.559690671822	0.578057032383	0.944900918318	0.64572257129	0.700821652972	0.527307878202	0.675205413243	0.502174963751	0.476075398743	0.589173513775	0.444659255679	0.628322861286	0.58095698405	0.857902368294	0.637989366844	0.579507008217	0.484291928468	0.449492508458	0.911551474142	0.722571290478	0.553407443209	0.484291928468	0.289028516191	0.0	0.855002416626	0.46979217013	0.420492991783	0.446109231513	0.47462542291	0.516674722088	0.492025132914	0.46979217013	0.493475108748	0.533107781537	0.730787820203	0.670372160464	0.486708554857	0.581440309328	0.531657805703	0.646689221846	0.591590140164	0.712421459642	0.6805219913	0.58095698405	0.567423876269	0.531174480425	0.731271145481	0.669888835186	0.727887868536	0.710488158531	0.666988883519	0.690671822136	0.60415659739	0.589656839053	0.594490091832	0.608506524891	0.59497341711	0.696471725471	0.600773320445	0.676655389077	0.554374093765	0.676172063799
AE7	0.834219429676	0.86805219913	0.848719188014	0.786853552441	0.828419526341	0.892218463026	0.917834702755	0.898018366361	0.893668438859	0.90961817303	0.917834702755	0.850169163847	0.87723537941	0.827452875785	0.901401643306	0.851135814403	0.868535524408	0.861768970517	0.734654422426	0.738037699372	0.82648622523	0.834219429676	0.89125181247	0.855002416626	0.0	0.545190913485	0.871435476075	0.852585790237	0.770420492992	0.764137264379	0.836636056066	0.850169163847	0.899468342194	0.906234896085	0.927501208313	0.911551474142	0.915901401643	0.902368293862	0.918801353311	0.884485258579	0.896568390527	0.883035282745	0.874818753021	0.877718704688	0.942000966651	0.92363460609	0.887868535524	0.899468342194	0.91445142581	0.893185113581	0.901884968584	0.896085065249	0.88883518608	0.891735137748	0.897051715805	0.884001933301	0.901884968584	0.882068632189	0.904784920251	0.903818269696	0.912518124698	0.908168197197
AE8	0.599806669889	0.619623006283	0.894151764137	0.635089415176	0.696955050749	0.584823586274	0.669888835186	0.583856935718	0.58337361044	0.62735621073	0.610923151281	0.634606089899	0.623006283229	0.812953117448	0.69212179797	0.619139681005	0.591590140164	0.584823586274	0.819719671339	0.649105848236	0.566940550991	0.544707588207	0.506041565974	0.46979217013	0.545190913485	0.0	0.556790720155	0.539874335428	0.511841469309	0.500724987917	0.570323827936	0.565490575157	0.592073465442	0.599806669889	0.758820686322	0.695988400193	0.610439826003	0.611889801837	0.616723054616	0.659255679072	0.625906234896	0.692605123248	0.666505558241	0.597390043499	0.64572257129	0.613823102948	0.752054132431	0.691155147414	0.758820686322	0.723537941034	0.704204929918	0.730304494925	0.652005799903	0.635089415176	0.637022716288	0.647172547124	0.64813919768	0.714838086032	0.656839052682	0.699371677139	0.613823102948	0.70130497825
AF7	0.557274045433	0.541324311261	0.941517641373	0.65973900435	0.653455775737	0.509424842919	0.685355244079	0.462542290962	0.44224262929	0.580473658772	0.444175930401	0.591106814886	0.535041082649	0.859352344128	0.630256162397	0.560657322378	0.449975833736	0.408893185114	0.889318511358	0.705654905752	0.558240695988	0.425326244563	0.429676172064	0.420492991783	0.871435476075	0.556790720155	0.0	0.332044465926	0.480908651522	0.522957950701	0.478008699855	0.470275495408	0.450459159014	0.484291928468	0.680038666022	0.622039632673	0.450942484292	0.543257612373	0.501208313195	0.613823102948	0.528757854036	0.709521507975	0.671822136298	0.552924117931	0.521024649589	0.49540840986	0.666022232963	0.616723054616	0.673272112131	0.653455775737	0.619623006283	0.632672788787	0.542774287095	0.527307878202	0.538424359594	0.545674238763	0.559207346544	0.632189463509	0.567423876269	0.630256162397	0.487191880135	0.611889801837
AF8	0.546157564041	0.537457709038	0.929434509425	0.65055582407	0.679555340744	0.528274528758	0.684871918801	0.478492025133	0.439342677622	0.578540357661	0.499275012083	0.61575640406	0.552924117931	0.849202513291	0.625906234896	0.563073948768	0.466892218463	0.454325761237	0.869985500242	0.685838569357	0.51619139681	0.378443692605	0.459642339294	0.446109231513	0.852585790237	0.539874335428	0.332044465926	0.0	0.453359110681	0.49540840986	0.521991300145	0.470275495408	0.441759304012	0.493958434026	0.701788303528	0.646689221846	0.488158530691	0.55775737071	0.508941517641	0.620106331561	0.554857419043	0.686805219913	0.65055582407	0.546157564041	0.541324311261	0.5186080232	0.691638472692	0.640889318511	0.700338327695	0.685838569357	0.644272595457	0.664088931851	0.573707104882	0.553890768487	0.561623972934	0.571290478492	0.563073948768	0.661672305462	0.57177380377	0.655389076849	0.512324794587	0.6389560174
AG7	0.579023682939	0.598356694055	0.834702754954	0.545674238763	0.670855485742	0.546640889319	0.681005316578	0.501691638473	0.485258579024	0.586273562107	0.531657805703	0.624456259062	0.599323344611	0.755437409377	0.660222329628	0.593040115998	0.530691155147	0.5186080232	0.743837602707	0.531174480425	0.482841952634	0.434026099565	0.505558240696	0.47462542291	0.770420492992	0.511841469309	0.480908651522	0.453359110681	0.0	0.300144997583	0.536491058482	0.507974867086	0.508458192363	0.551957467376	0.741904301595	0.681971967134	0.522957950701	0.574673755437	0.555824069599	0.641855969067	0.598356694055	0.668438859352	0.630739487675	0.562107298212	0.594490091832	0.557274045433	0.741420976317	0.684388593523	0.734171097148	0.71532141131	0.685355244079	0.706621556307	0.623972933784	0.605606573224	0.608023199613	0.619623006283	0.627839536008	0.706138231029	0.626872885452	0.686321894635	0.578057032383	0.683421942968
AG8	0.591590140164	0.612373127115	0.833736104398	0.577090381827	0.683905268246	0.566940550991	0.670855485742	0.52779120348	0.526341227646	0.602223296278	0.575640405993	0.630256162397	0.617689705172	0.742870952151	0.673272112131	0.608506524891	0.568873852102	0.556307394877	0.706621556307	0.514258095698	0.488158530691	0.470275495408	0.543257612373	0.516674722088	0.764137264379	0.500724987917	0.522957950701	0.49540840986	0.300144997583	0.0	0.5601739971	0.53697438376	0.551474142098	0.579990333494	0.757854035766	0.69212179797	0.566457225713	0.582406959884	0.578057032383	0.663122281295	0.609473175447	0.664572257129	0.646205896568	0.578540357661	0.623489608507	0.582890285162	0.757854035766	0.695021749638	0.750604156597	0.727404543258	0.70372160464	0.723054615756	0.639922667956	0.626872885452	0.624456259062	0.63653939101	0.640405993233	0.718704688255	0.647172547124	0.697438376027	0.607056549058	0.693088448526
AH7	0.587240212663	0.622039632673	0.950700821653	0.687771870469	0.708554857419	0.584340260996	0.708554857419	0.561140647656	0.545190913485	0.637989366844	0.523441275979	0.653455775737	0.618656355727	0.873852102465	0.686805219913	0.599806669889	0.519574673755	0.456259062349	0.886901884969	0.730304494925	0.569840502658	0.52537457709	0.501691638473	0.492025132914	0.836636056066	0.570323827936	0.478008699855	0.521991300145	0.536491058482	0.5601739971	0.0	0.325761237313	0.568390526825	0.609956500725	0.77090381827	0.719671338811	0.547124214596	0.64813919768	0.604639922668	0.679072015466	0.630256162397	0.75688738521	0.739971000483	0.642822619623	0.639922667956	0.600289995167	0.757854035766	0.718221362977	0.767520541324	0.728854519091	0.710488158531	0.731271145481	0.628322861286	0.619623006283	0.623489608507	0.633156114065	0.632189463509	0.728854519091	0.631222812953	0.71290478492	0.601739971	0.72450459159
AH8	0.538424359594	0.58095698405	0.959400676655	0.660222329628	0.672788786854	0.537941034316	0.678105364911	0.514741420976	0.488641855969	0.605123247946	0.499758337361	0.614789753504	0.558240695988	0.871435476075	0.641372643789	0.558240695988	0.422426292895	0.37506041566	0.901884968584	0.728854519091	0.556790720155	0.478008699855	0.463508941518	0.46979217013	0.850169163847	0.565490575157	0.470275495408	0.470275495408	0.507974867086	0.53697438376	0.325761237313	0.0	0.500241662639	0.536491058482	0.744804253262	0.684388593523	0.510874818753	0.601739971	0.545674238763	0.634606089899	0.584340260996	0.725471242146	0.697921701305	0.602706621556	0.576607056549	0.551474142098	0.711938134364	0.667955534074	0.725954567424	0.690671822136	0.656839052682	0.676655389077	0.57177380377	0.574190430159	0.576607056549	0.582406959884	0.572257129048	0.671822136298	0.592073465442	0.668438859352	0.546640889319	0.674238762687
AA5	0.572257129048	0.511841469309	0.9584340261	0.646689221846	0.602706621556	0.469308844853	0.607539874335	0.411309811503	0.397776703722	0.510874818753	0.444175930401	0.537941034316	0.522957950701	0.86805219913	0.544707588207	0.556790720155	0.435959400677	0.436926051232	0.925084581924	0.754470758821	0.564523924601	0.488158530691	0.489125181247	0.493475108748	0.899468342194	0.592073465442	0.450459159014	0.441759304012	0.508458192363	0.551474142098	0.568390526825	0.500241662639	0.0	0.34267762204	0.666988883519	0.585306911551	0.458675688739	0.466892218463	0.46302561624	0.550507491542	0.490091831803	0.619623006283	0.583856935718	0.464958917351	0.509424842919	0.466892218463	0.694055099082	0.637989366844	0.676172063799	0.665538907685	0.652972450459	0.677622039633	0.535524407927	0.553407443209	0.565973900435	0.564523924601	0.549057515708	0.666988883519	0.572257129048	0.638472692122	0.503624939584	0.637506041566
AA6	0.571290478492	0.513291445143	0.961333977767	0.657805703238	0.623972933784	0.469308844853	0.633156114065	0.445625906235	0.441275978734	0.53939101015	0.490575157081	0.565490575157	0.525857902368	0.871918801353	0.577090381827	0.553407443209	0.488641855969	0.477042049299	0.934267762204	0.75688738521	0.59497341711	0.522474625423	0.528757854036	0.533107781537	0.906234896085	0.599806669889	0.484291928468	0.493958434026	0.551957467376	0.579990333494	0.609956500725	0.536491058482	0.34267762204	0.0	0.663122281295	0.577090381827	0.492508458192	0.493958434026	0.472692121798	0.582890285162	0.490575157081	0.660222329628	0.622039632673	0.509424842919	0.444659255679	0.423392943451	0.687288545191	0.626389560174	0.667472208797	0.656355727405	0.641372643789	0.664572257129	0.53020782987	0.53939101015	0.555824069599	0.555340744321	0.552924117931	0.655872402127	0.567907201547	0.625906234896	0.502174963751	0.629772837119
AB5	0.731271145481	0.655872402127	0.971967133881	0.72450459159	0.611406476559	0.621072982117	0.732237796037	0.639439342678	0.649589173514	0.675205413243	0.650072498792	0.581440309328	0.665055582407	0.892218463026	0.709038182697	0.687771870469	0.699855002417	0.683421942968	0.940067665539	0.801836636056	0.798936684389	0.731754470759	0.738037699372	0.730787820203	0.927501208313	0.758820686322	0.680038666022	0.701788303528	0.741904301595	0.757854035766	0.77090381827	0.744804253262	0.666988883519	0.663122281295	0.0	0.330111164814	0.616239729338	0.640405993233	0.609473175447	0.615273078782	0.585306911551	0.741904301595	0.727404543258	0.643789270179	0.629289511841	0.610439826003	0.621556307395	0.608506524891	0.631706138231	0.61575640406	0.631222812953	0.620106331561	0.587240212663	0.594006766554	0.608023199613	0.591590140164	0.658772353794	0.599806669889	0.652005799903	0.608506524891	0.65732237796	0.618173030449
AB6	0.674238762687	0.586273562107	0.964233929435	0.669405509908	0.572257129048	0.551957467376	0.658772353794	0.564523924601	0.588690188497	0.60415659739	0.598840019333	0.506041565974	0.610923151281	0.881585306912	0.642339294345	0.628322861286	0.645239246013	0.629772837119	0.931367810536	0.754954084099	0.741904301595	0.679555340744	0.679555340744	0.670372160464	0.911551474142	0.695988400193	0.622039632673	0.646689221846	0.681971967134	0.69212179797	0.719671338811	0.684388593523	0.585306911551	0.577090381827	0.330111164814	0.0	0.569840502658	0.565007249879	0.555340744321	0.556307394877	0.522474625423	0.67133881102	0.651522474625	0.547607539874	0.561140647656	0.541807636539	0.596423392943	0.537457709038	0.584823586274	0.564040599323	0.5601739971	0.582406959884	0.524407926535	0.550024166264	0.55775737071	0.547607539874	0.602223296278	0.5601739971	0.601256645723	0.539874335428	0.613823102948	0.544224262929
AC5	0.593523441276	0.5601739971	0.973900434993	0.655872402127	0.621556307395	0.455775737071	0.655389076849	0.449492508458	0.423392943451	0.566457225713	0.39584340261	0.554857419043	0.540357660706	0.881585306912	0.615273078782	0.582406959884	0.465925567907	0.434992750121	0.951184146931	0.767520541324	0.608989850169	0.542290961817	0.501208313195	0.486708554857	0.915901401643	0.610439826003	0.450942484292	0.488158530691	0.522957950701	0.566457225713	0.547124214596	0.510874818753	0.458675688739	0.492508458192	0.616239729338	0.569840502658	0.0	0.444659255679	0.429676172064	0.582890285162	0.501691638473	0.714354760754	0.669888835186	0.53697438376	0.465925567907	0.438376027066	0.604639922668	0.561140647656	0.634122764621	0.590140164331	0.574190430159	0.593523441276	0.501691638473	0.482841952634	0.495891735138	0.505558240696	0.577573707105	0.594006766554	0.570807153214	0.56259062349	0.505074915418	0.559207346544
AC6	0.611406476559	0.53020782987	0.952634122765	0.639922667956	0.564523924601	0.507491541808	0.513291445143	0.491058482359	0.520541324311	0.472692121798	0.55099081682	0.531657805703	0.531657805703	0.854035766071	0.529241179314	0.578540357661	0.563073948768	0.559207346544	0.919768003867	0.734171097148	0.650072498792	0.591590140164	0.601739971	0.581440309328	0.902368293862	0.611889801837	0.543257612373	0.55775737071	0.574673755437	0.582406959884	0.64813919768	0.601739971	0.466892218463	0.493958434026	0.640405993233	0.565007249879	0.444659255679	0.0	0.521507974867	0.530691155147	0.491541807637	0.484775253746	0.447075882069	0.408409859836	0.558240695988	0.530691155147	0.666988883519	0.611406476559	0.647655872402	0.633639439343	0.63653939101	0.656839052682	0.559690671822	0.552440792653	0.55775737071	0.570807153214	0.561140647656	0.643305944901	0.563073948768	0.607056549058	0.535524407927	0.618656355727
AD6	0.589656839053	0.544707588207	0.974383760271	0.635089415176	0.584823586274	0.41904301595	0.618173030449	0.438859352344	0.429192846786	0.524407926535	0.431126147898	0.512808119865	0.521991300145	0.878685355244	0.593040115998	0.568873852102	0.487191880135	0.461575640406	0.952634122765	0.76848719188	0.60415659739	0.545674238763	0.540357660706	0.531657805703	0.918801353311	0.616723054616	0.501208313195	0.508941517641	0.555824069599	0.578057032383	0.604639922668	0.545674238763	0.46302561624	0.472692121798	0.609473175447	0.555340744321	0.429676172064	0.521507974867	0.0	0.55775737071	0.40502658289	0.700338327695	0.663122281295	0.53697438376	0.478008699855	0.440792653456	0.593523441276	0.540357660706	0.588206863219	0.572257129048	0.565973900435	0.579990333494	0.46979217013	0.459642339294	0.472692121798	0.484775253746	0.56259062349	0.578540357661	0.543257612373	0.557274045433	0.476558724021	0.549540840986
AE5	0.62493958434	0.540357660706	0.974383760271	0.644272595457	0.55775737071	0.552440792653	0.591590140164	0.568390526825	0.598356694055	0.546157564041	0.618173030449	0.512808119865	0.585306911551	0.875785403577	0.560657322378	0.579990333494	0.619139681005	0.608989850169	0.93281778637	0.751570807153	0.720637989367	0.655389076849	0.655872402127	0.646689221846	0.884485258579	0.659255679072	0.613823102948	0.620106331561	0.641855969067	0.663122281295	0.679072015466	0.634606089899	0.550507491542	0.582890285162	0.615273078782	0.556307394877	0.582890285162	0.530691155147	0.55775737071	0.0	0.371677138714	0.618173030449	0.601256645723	0.511358144031	0.634606089899	0.613823102948	0.64813919768	0.608506524891	0.642822619623	0.610923151281	0.623006283229	0.643305944901	0.541807636539	0.568390526825	0.605123247946	0.577573707105	0.568390526825	0.634122764621	0.570323827936	0.594006766554	0.579023682939	0.611406476559
AE6	0.589656839053	0.49299178347	0.972933784437	0.63653939101	0.558240695988	0.46302561624	0.578057032383	0.470758820686	0.507491541808	0.496858385694	0.525857902368	0.496375060416	0.508941517641	0.878202029966	0.56259062349	0.541324311261	0.545674238763	0.521507974867	0.930401159981	0.743354277429	0.664088931851	0.59255679072	0.599323344611	0.591590140164	0.896568390527	0.625906234896	0.528757854036	0.554857419043	0.598356694055	0.609473175447	0.630256162397	0.584340260996	0.490091831803	0.490575157081	0.585306911551	0.522474625423	0.501691638473	0.491541807637	0.40502658289	0.371677138714	0.0	0.653455775737	0.613823102948	0.480425326245	0.537457709038	0.517641372644	0.618656355727	0.570323827936	0.60415659739	0.582406959884	0.588206863219	0.610923151281	0.47462542291	0.478492025133	0.50459159014	0.487191880135	0.52779120348	0.593523441276	0.528274528758	0.563073948768	0.500724987917	0.576123731271
AF5	0.70372160464	0.644272595457	0.933301111648	0.66892218463	0.653455775737	0.683905268246	0.530691155147	0.649589173514	0.686805219913	0.605123247946	0.722087965201	0.640889318511	0.670372160464	0.845335911068	0.59497341711	0.686805219913	0.724987916868	0.727887868536	0.875785403577	0.71290478492	0.705654905752	0.675688738521	0.72450459159	0.712421459642	0.883035282745	0.692605123248	0.709521507975	0.686805219913	0.668438859352	0.664572257129	0.75688738521	0.725471242146	0.619623006283	0.660222329628	0.741904301595	0.67133881102	0.714354760754	0.484775253746	0.700338327695	0.618173030449	0.653455775737	0.0	0.277428709522	0.533107781537	0.725954567424	0.701788303528	0.76848719188	0.709521507975	0.747220879652	0.734171097148	0.732721121315	0.760753987434	0.696955050749	0.719188013533	0.725954567424	0.716288061866	0.675688738521	0.745770903818	0.684871918801	0.70372160464	0.709521507975	0.72692121798
AF6	0.676655389077	0.608023199613	0.926534557757	0.653939101015	0.637989366844	0.648622522958	0.522957950701	0.608506524891	0.64813919768	0.564040599323	0.687288545191	0.617689705172	0.6389560174	0.839536007733	0.556790720155	0.651522474625	0.688255195747	0.693088448526	0.880618656356	0.715804736588	0.693088448526	0.65055582407	0.69212179797	0.6805219913	0.874818753021	0.666505558241	0.671822136298	0.65055582407	0.630739487675	0.646205896568	0.739971000483	0.697921701305	0.583856935718	0.622039632673	0.727404543258	0.651522474625	0.669888835186	0.447075882069	0.663122281295	0.601256645723	0.613823102948	0.277428709522	0.0	0.496858385694	0.69212179797	0.669405509908	0.749154180764	0.693571773804	0.728371193813	0.713871435476	0.711938134364	0.739004349928	0.655389076849	0.676655389077	0.687771870469	0.679072015466	0.635572740454	0.730304494925	0.639922667956	0.683421942968	0.674722087965	0.708554857419
