	AA3	AA4	AB3	AB4	AC3	AC4	AD3	AD4	AE3	AE4	AF3	AF4	AG3	AG4	AH3	AH4	AA7	AA8	AB7	AB8	AC7	AC8	AD7	AD8	AE7	AE8	AF7	AF8	AG7	AG8	AH7	AH8	AA5	AA6	AB5	AB6	AC5	AC6	AD6	AE5	AE6	AF5	AF6	AG5	AH5	AH6	AA1	AA2	AB1	AB2	AC1	AC2	AD1	AD2	AE1	AE2	AF1	AF2	AG1	AG2	AH1	AH2
AA3	0.0	0.493475108748	0.942484291928	0.637022716288	0.659255679072	0.58337361044	0.674722087965	0.587240212663	0.573223779604	0.622039632673	0.612373127115	0.617206379894	0.590140164331	0.855002416626	0.656355727405	0.325277912035	0.578057032383	0.573223779604	0.862735621073	0.722087965201	0.608506524891	0.566457225713	0.598356694055	0.591590140164	0.837602706622	0.587240212663	0.573707104882	0.542290961817	0.574190430159	0.59255679072	0.585306911551	0.566940550991	0.591590140164	0.597390043499	0.756404059932	0.683421942968	0.609473175447	0.626872885452	0.598840019333	0.63653939101	0.599806669889	0.701788303528	0.695021749638	0.606089898502	0.633639439343	0.621556307395	0.695505074915	0.65732237796	0.708071532141	0.657805703238	0.655872402127	0.662638956017	0.587240212663	0.564040599323	0.564040599323	0.566940550991	0.587723537941	0.657805703238	0.599323344611	0.664088931851	0.576123731271	0.649105848236
AA4	0.493475108748	0.0	0.953117448043	0.579507008217	0.561140647656	0.496375060416	0.590623489609	0.487191880135	0.515224746254	0.530691155147	0.550024166264	0.50700821653	0.492025132914	0.862735621073	0.377960367327	0.37506041566	0.543257612373	0.542774287095	0.892218463026	0.739004349928	0.653939101015	0.579507008217	0.600773320445	0.589656839053	0.876752054132	0.619139681005	0.562107298212	0.552440792653	0.596423392943	0.618173030449	0.633639439343	0.582406959884	0.512324794587	0.52779120348	0.674238762687	0.581440309328	0.567907201547	0.526341227646	0.52779120348	0.53697438376	0.490091831803	0.626872885452	0.603673272112	0.517158047366	0.601739971	0.566457225713	0.655389076849	0.592073465442	0.618173030449	0.594006766554	0.614789753504	0.63653939101	0.53020782987	0.521991300145	0.535041082649	0.523441275979	0.50459159014	0.617689705172	0.514741420976	0.59497341711	0.523441275979	0.585306911551
AB3	0.942484291928	0.953117448043	0.0	0.679072015466	0.925084581924	0.968100531658	0.961333977767	0.954084098598	0.934267762204	0.951184146931	0.981150314161	0.937651039149	0.973417109715	0.345094248429	0.964233929435	0.948284195263	0.978733687772	0.975350410826	0.738037699372	0.754954084099	0.896085065249	0.920251329145	0.961333977767	0.955534074432	0.856935717738	0.907201546641	0.95360077332	0.926534557757	0.856935717738	0.837119381344	0.957467375544	0.951184146931	0.963267278879	0.971000483325	0.978250362494	0.973417109715	0.983566940551	0.962300628323	0.980183663606	0.981150314161	0.978733687772	0.937167713871	0.942484291928	0.957950700822	0.981633639439	0.979700338328	0.980183663606	0.978250362494	0.976317061382	0.977767037216	0.979700338328	0.977767037216	0.980666988884	0.979700338328	0.983566940551	0.97921701305	0.978250362494	0.978250362494	0.978250362494	0.979700338328	0.977767037216	0.978250362494
AB4	0.637022716288	0.579507008217	0.679072015466	0.0	0.626872885452	0.609473175447	0.683421942968	0.623006283229	0.612856452392	0.628806186564	0.643789270179	0.594490091832	0.487675205413	0.563073948768	0.610923151281	0.594490091832	0.630256162397	0.636056065732	0.730304494925	0.583856935718	0.652489125181	0.620589656839	0.666988883519	0.64572257129	0.798453359111	0.64572257129	0.646689221846	0.622522957951	0.556307394877	0.586273562107	0.688255195747	0.638472692122	0.633156114065	0.647655872402	0.729337844369	0.661672305462	0.655872402127	0.637022716288	0.623006283229	0.621556307395	0.619139681005	0.666988883519	0.647655872402	0.625422909618	0.688738521025	0.673755437409	0.696955050749	0.650072498792	0.688738521025	0.663605606573	0.669405509908	0.673755437409	0.633639439343	0.639922667956	0.652972450459	0.639439342678	0.634606089899	0.664088931851	0.628806186564	0.666022232963	0.640405993233	0.67133881102
AC3	0.659255679072	0.561140647656	0.925084581924	0.626872885452	0.0	0.479458675689	0.6389560174	0.550507491542	0.566940550991	0.595456742388	0.627839536008	0.31706138231	0.589173513775	0.840019333011	0.584823586274	0.607056549058	0.61333977767	0.608506524891	0.870952150797	0.754954084099	0.725954567424	0.674722087965	0.72692121798	0.705171580474	0.836636056066	0.689221846303	0.66892218463	0.658289028516	0.673755437409	0.695021749638	0.705171580474	0.653455775737	0.60657322378	0.621556307395	0.62735621073	0.575157080715	0.629289511841	0.590140164331	0.574673755437	0.56935717738	0.554857419043	0.651522474625	0.636056065732	0.559207346544	0.652005799903	0.636056065732	0.585790236829	0.581923634606	0.549057515708	0.556790720155	0.587723537941	0.579990333494	0.53020782987	0.569840502658	0.575157080715	0.555340744321	0.605606573224	0.558724021266	0.59497341711	0.580473658772	0.608989850169	0.58337361044
AC4	0.58337361044	0.496375060416	0.968100531658	0.609473175447	0.479458675689	0.0	0.630256162397	0.418559690672	0.415176413726	0.514258095698	0.345577573707	0.395360077332	0.49299178347	0.876268728855	0.554857419043	0.534557757371	0.477042049299	0.470758820686	0.919768003867	0.764620589657	0.596906718221	0.539874335428	0.539874335428	0.520057999033	0.890285161914	0.595940067666	0.519574673755	0.509908168197	0.544707588207	0.586273562107	0.576607056549	0.523441275979	0.451909134848	0.46979217013	0.644272595457	0.554374093765	0.473658772354	0.520057999033	0.409859835669	0.556790720155	0.459159014016	0.669888835186	0.656839052682	0.490091831803	0.506524891252	0.485741904302	0.622522957951	0.564523924601	0.582406959884	0.5601739971	0.571290478492	0.596906718221	0.482841952634	0.482841952634	0.496375060416	0.476075398743	0.532624456259	0.578540357661	0.520541324311	0.565007249879	0.462058965684	0.563073948768
AD3	0.674722087965	0.590623489609	0.961333977767	0.683421942968	0.6389560174	0.630256162397	0.0	0.520057999033	0.646689221846	0.375543740938	0.679555340744	0.601739971	0.64572257129	0.870952150797	0.580473658772	0.635572740454	0.68970517158	0.689221846303	0.942000966651	0.788303528275	0.713871435476	0.695021749638	0.704204929918	0.694055099082	0.916868052199	0.693088448526	0.704204929918	0.698405026583	0.693571773804	0.690671822136	0.722087965201	0.691155147414	0.633156114065	0.658772353794	0.744320927985	0.662155630739	0.685838569357	0.5186080232	0.633156114065	0.572257129048	0.584823586274	0.552924117931	0.538424359594	0.563557274045	0.709038182697	0.690188496858	0.771870468826	0.713388110198	0.732237796037	0.704688255196	0.720154664089	0.743837602707	0.660222329628	0.665055582407	0.681488641856	0.660705654906	0.636056065732	0.723054615756	0.643305944901	0.712421459642	0.695021749638	0.711938134364
AD4	0.587240212663	0.487191880135	0.954084098598	0.623006283229	0.550507491542	0.418559690672	0.520057999033	0.0	0.32866118898	0.377477042049	0.413726437893	0.482841952634	0.51377477042	0.865152247463	0.529724504592	0.531657805703	0.452875785404	0.443692605123	0.93523441276	0.782020299662	0.565007249879	0.512324794587	0.48380860319	0.467858869019	0.898985016916	0.596906718221	0.454325761237	0.460125664572	0.506524891252	0.571290478492	0.536491058482	0.500241662639	0.376027066216	0.447559207347	0.666505558241	0.57177380377	0.442725954567	0.475592073465	0.431609473175	0.547124214596	0.456259062349	0.623489608507	0.609956500725	0.456742387627	0.525857902368	0.493475108748	0.670372160464	0.608023199613	0.630739487675	0.613823102948	0.62735621073	0.64572257129	0.532624456259	0.5186080232	0.532141130981	0.521991300145	0.532624456259	0.627839536008	0.535524407927	0.622522957951	0.493475108748	0.608989850169
AE3	0.573223779604	0.515224746254	0.934267762204	0.612856452392	0.566940550991	0.415176413726	0.646689221846	0.32866118898	0.0	0.501208313195	0.407926534558	0.498791686805	0.502658289029	0.851619139681	0.558724021266	0.53697438376	0.44900918318	0.441275978734	0.917351377477	0.760270662156	0.545190913485	0.480425326245	0.484291928468	0.480425326245	0.881585306912	0.592073465442	0.449492508458	0.44224262929	0.484291928468	0.555824069599	0.53697438376	0.500724987917	0.402609956501	0.443209279845	0.671822136298	0.595940067666	0.454809086515	0.529724504592	0.434992750121	0.609956500725	0.510391493475	0.676172063799	0.663605606573	0.505558240696	0.511358144031	0.478492025133	0.660705654906	0.605606573224	0.634122764621	0.612856452392	0.616239729338	0.641372643789	0.528274528758	0.520057999033	0.529724504592	0.517158047366	0.553407443209	0.629289511841	0.555824069599	0.608989850169	0.487191880135	0.599806669889
AE4	0.622039632673	0.530691155147	0.951184146931	0.628806186564	0.595456742388	0.514258095698	0.375543740938	0.377477042049	0.501208313195	0.0	0.560657322378	0.536007733204	0.583856935718	0.866602223296	0.545674238763	0.57177380377	0.575640405993	0.568390526825	0.934751087482	0.78008699855	0.631706138231	0.576607056549	0.586273562107	0.573707104882	0.907201546641	0.620106331561	0.581923634606	0.569840502658	0.564523924601	0.592073465442	0.622522957951	0.570807153214	0.516674722088	0.53939101015	0.710971483809	0.618656355727	0.569840502658	0.461575640406	0.528757854036	0.529724504592	0.515224746254	0.577090381827	0.564040599323	0.504108264862	0.607056549058	0.586756887385	0.718704688255	0.661188980184	0.687771870469	0.666988883519	0.675688738521	0.697921701305	0.601739971	0.59497341711	0.610923151281	0.598840019333	0.575157080715	0.672305461576	0.595940067666	0.673755437409	0.588206863219	0.659255679072
AF3	0.612373127115	0.550024166264	0.981150314161	0.643789270179	0.627839536008	0.345577573707	0.679555340744	0.413726437893	0.407926534558	0.560657322378	0.0	0.536491058482	0.521991300145	0.88883518608	0.599806669889	0.579507008217	0.443209279845	0.427259545674	0.957467375544	0.798936684389	0.587723537941	0.55099081682	0.450459159014	0.443209279845	0.919284678589	0.625422909618	0.449975833736	0.509424842919	0.541807636539	0.603673272112	0.531174480425	0.523441275979	0.425326244563	0.487675205413	0.683905268246	0.621072982117	0.427742870952	0.544224262929	0.44224262929	0.620106331561	0.516674722088	0.70372160464	0.690188496858	0.524891251812	0.524407926535	0.498308361527	0.676655389077	0.614789753504	0.658289028516	0.617206379894	0.625906234896	0.651039149348	0.547607539874	0.523441275979	0.541807636539	0.526341227646	0.569840502658	0.642822619623	0.562107298212	0.61575640406	0.491058482359	0.610923151281
AF4	0.617206379894	0.50700821653	0.937651039149	0.594490091832	0.31706138231	0.395360077332	0.601739971	0.482841952634	0.498791686805	0.536007733204	0.536491058482	0.0	0.540840985984	0.851619139681	0.547124214596	0.558724021266	0.570323827936	0.563073948768	0.889801836636	0.738037699372	0.677138714355	0.616239729338	0.662638956017	0.634606089899	0.85645239246	0.628806186564	0.613823102948	0.598356694055	0.616723054616	0.649105848236	0.660705654906	0.614306428226	0.543257612373	0.561623972934	0.616723054616	0.522957950701	0.565007249879	0.546157564041	0.51377477042	0.520541324311	0.500241662639	0.614789753504	0.606089898502	0.500241662639	0.575157080715	0.56259062349	0.59497341711	0.53697438376	0.544707588207	0.53020782987	0.546640889319	0.57177380377	0.484775253746	0.514741420976	0.523924601257	0.513291445143	0.563557274045	0.54857419043	0.544224262929	0.535524407927	0.546640889319	0.533107781537
AG3	0.590140164331	0.492025132914	0.973417109715	0.487675205413	0.589173513775	0.49299178347	0.64572257129	0.51377477042	0.502658289029	0.583856935718	0.521991300145	0.540840985984	0.0	0.85645239246	0.515708071532	0.531174480425	0.511841469309	0.50700821653	0.93523441276	0.779603673272	0.664572257129	0.585306911551	0.603189946834	0.594490091832	0.891735137748	0.6389560174	0.553890768487	0.571290478492	0.60657322378	0.6389560174	0.6389560174	0.578540357661	0.518124697922	0.511358144031	0.667955534074	0.59497341711	0.536491058482	0.561140647656	0.494925084582	0.572257129048	0.493475108748	0.674238762687	0.651522474625	0.522474625423	0.576123731271	0.549057515708	0.621072982117	0.578057032383	0.612373127115	0.595456742388	0.594006766554	0.608506524891	0.515224746254	0.51619139681	0.526341227646	0.51377477042	0.536007733204	0.596906718221	0.540840985984	0.601739971	0.507491541808	0.585306911551
AG4	0.855002416626	0.862735621073	0.345094248429	0.563073948768	0.840019333011	0.876268728855	0.870952150797	0.865152247463	0.851619139681	0.866602223296	0.88883518608	0.851619139681	0.85645239246	0.0	0.87723537941	0.858385693572	0.897051715805	0.893185113581	0.711454809087	0.678588690188	0.819236346061	0.843885935234	0.882551957467	0.874818753021	0.834702754954	0.834219429676	0.874818753021	0.851619139681	0.778637022716	0.753504108265	0.886418559691	0.869985500242	0.8796520058	0.886901884969	0.904784920251	0.891735137748	0.896568390527	0.873368777187	0.890768487192	0.885935234413	0.889801836636	0.855002416626	0.855485741904	0.871918801353	0.897535041083	0.892701788304	0.889801836636	0.89125181247	0.891735137748	0.888351860802	0.896568390527	0.892218463026	0.896085065249	0.891735137748	0.901884968584	0.895118414693	0.890768487192	0.890285161914	0.89125181247	0.892701788304	0.895118414693	0.893185113581
AH3	0.656355727405	0.377960367327	0.964233929435	0.610923151281	0.584823586274	0.554857419043	0.580473658772	0.529724504592	0.558724021266	0.545674238763	0.599806669889	0.547124214596	0.515708071532	0.87723537941	0.0	0.537457709038	0.582406959884	0.584340260996	0.92363460609	0.77767037216	0.707588206863	0.629289511841	0.648622522958	0.641372643789	0.899951667472	0.686321894635	0.620589656839	0.623972933784	0.654422426293	0.680038666022	0.690671822136	0.638472692122	0.536491058482	0.567423876269	0.705171580474	0.623006283229	0.619623006283	0.55099081682	0.576607056549	0.550024166264	0.540840985984	0.60657322378	0.576607056549	0.546157564041	0.652972450459	0.621556307395	0.692605123248	0.619623006283	0.633639439343	0.628806186564	0.649589173514	0.660222329628	0.590140164331	0.582406959884	0.589173513775	0.587240212663	0.562107298212	0.647655872402	0.55775737071	0.637022716288	0.582406959884	0.612856452392
AH4	0.325277912035	0.37506041566	0.948284195263	0.594490091832	0.607056549058	0.534557757371	0.635572740454	0.531657805703	0.53697438376	0.57177380377	0.579507008217	0.558724021266	0.531174480425	0.858385693572	0.537457709038	0.0	0.549057515708	0.543257612373	0.86563557274	0.723537941034	0.625422909618	0.570323827936	0.595940067666	0.588206863219	0.840502658289	0.590623489609	0.575640405993	0.555824069599	0.576607056549	0.601739971	0.593523441276	0.561623972934	0.55775737071	0.56259062349	0.717254712421	0.632189463509	0.593040115998	0.585790236829	0.550507491542	0.58095698405	0.542290961817	0.667955534074	0.658289028516	0.565973900435	0.623489608507	0.601256645723	0.666022232963	0.621556307395	0.664088931851	0.610923151281	0.62735621073	0.637989366844	0.540840985984	0.526341227646	0.538907684872	0.520541324311	0.526341227646	0.62493958434	0.543740937651	0.619139681005	0.544224262929	0.614306428226
AA7	0.578057032383	0.543257612373	0.978733687772	0.630256162397	0.61333977767	0.477042049299	0.68970517158	0.452875785404	0.44900918318	0.575640405993	0.443209279845	0.570323827936	0.511841469309	0.897051715805	0.582406959884	0.549057515708	0.0	0.276462058966	0.918318028033	0.778153697438	0.589173513775	0.515224746254	0.495891735138	0.481875302078	0.872885451909	0.597390043499	0.448525857902	0.480908651522	0.533107781537	0.582406959884	0.514741420976	0.426292895118	0.426776220396	0.489125181247	0.713871435476	0.64813919768	0.467858869019	0.565973900435	0.472692121798	0.623006283229	0.543257612373	0.717254712421	0.695021749638	0.56259062349	0.554374093765	0.524407926535	0.656839052682	0.612373127115	0.65732237796	0.624456259062	0.603189946834	0.616239729338	0.520057999033	0.515708071532	0.519091348478	0.522474625423	0.540357660706	0.60415659739	0.546157564041	0.635572740454	0.49299178347	0.603673272112
AA8	0.573223779604	0.542774287095	0.975350410826	0.636056065732	0.608506524891	0.470758820686	0.689221846303	0.443692605123	0.441275978734	0.568390526825	0.427259545674	0.563073948768	0.50700821653	0.893185113581	0.584340260996	0.543257612373	0.276462058966	0.0	0.913968100532	0.769937167714	0.570323827936	0.496858385694	0.478492025133	0.458192363461	0.864185596907	0.590140164331	0.429192846786	0.466892218463	0.523441275979	0.578057032383	0.462058965684	0.390526824553	0.421942967617	0.490575157081	0.716771387144	0.649105848236	0.451909134848	0.563557274045	0.477042049299	0.61575640406	0.535041082649	0.717738037699	0.699855002417	0.553407443209	0.551474142098	0.518124697922	0.649589173514	0.608506524891	0.657805703238	0.625422909618	0.603673272112	0.623006283229	0.508941517641	0.511358144031	0.518124697922	0.512808119865	0.530691155147	0.605606573224	0.53697438376	0.630739487675	0.488641855969	0.600289995167
AB7	0.862735621073	0.892218463026	0.738037699372	0.730304494925	0.870952150797	0.919768003867	0.942000966651	0.93523441276	0.917351377477	0.934751087482	0.957467375544	0.889801836636	0.93523441276	0.711454809087	0.92363460609	0.86563557274	0.918318028033	0.913968100532	0.0	0.404059932334	0.819719671339	0.836152730788	0.93523441276	0.926051232479	0.736587723538	0.819236346061	0.901401643306	0.861285645239	0.731754470759	0.693088448526	0.884485258579	0.882551957467	0.925084581924	0.936684388594	0.941517641373	0.930401159981	0.945384243596	0.927017883035	0.944900918318	0.928467858869	0.934751087482	0.881101981634	0.877718704688	0.906234896085	0.952634122765	0.953117448043	0.9212179797	0.925567907202	0.930401159981	0.918318028033	0.926051232479	0.920734654422	0.916868052199	0.915418076365	0.918318028033	0.911068148864	0.921701304978	0.910101498308	0.924601256646	0.919284678589	0.944900918318	0.928467858869
AB8	0.722087965201	0.739004349928	0.754954084099	0.583856935718	0.754954084099	0.764620589657	0.788303528275	0.782020299662	0.760270662156	0.78008699855	0.798936684389	0.738037699372	0.779603673272	0.678588690188	0.77767037216	0.723537941034	0.778153697438	0.769937167714	0.404059932334	0.0	0.67133881102	0.679072015466	0.775737071049	0.762203963267	0.730304494925	0.674238762687	0.740937651039	0.697921701305	0.542774287095	0.522474625423	0.740937651039	0.735621072982	0.77767037216	0.783470275495	0.816819719671	0.774770420493	0.788303528275	0.77090381827	0.783953600773	0.770420492992	0.775253745771	0.747220879652	0.731271145481	0.745770903818	0.80328661189	0.796520057999	0.81488641856	0.76848719188	0.797970033833	0.758820686322	0.781053649106	0.789753504108	0.771870468826	0.769453842436	0.776703721605	0.767037216046	0.767520541324	0.772837119381	0.771387143548	0.771387143548	0.784436926051	0.773320444659
AC7	0.608506524891	0.653939101015	0.896085065249	0.652489125181	0.725954567424	0.596906718221	0.713871435476	0.565007249879	0.545190913485	0.631706138231	0.587723537941	0.677138714355	0.664572257129	0.819236346061	0.707588206863	0.625422909618	0.589173513775	0.570323827936	0.819719671339	0.67133881102	0.0	0.363943934268	0.56935717738	0.558724021266	0.816336394393	0.595456742388	0.551957467376	0.490091831803	0.457709038183	0.492508458192	0.564523924601	0.547124214596	0.557274045433	0.602223296278	0.810053165781	0.74528757854	0.617689705172	0.635089415176	0.59255679072	0.712421459642	0.65732237796	0.710488158531	0.693571773804	0.618173030449	0.643305944901	0.614789753504	0.813436442726	0.755437409377	0.790720154664	0.771387143548	0.755437409377	0.783953600773	0.681488641856	0.661188980184	0.673272112131	0.660705654906	0.66892218463	0.771387143548	0.678588690188	0.761237312711	0.607539874335	0.752537457709
AC8	0.566457225713	0.579507008217	0.920251329145	0.620589656839	0.674722087965	0.539874335428	0.695021749638	0.512324794587	0.480425326245	0.576607056549	0.55099081682	0.616239729338	0.585306911551	0.843885935234	0.629289511841	0.570323827936	0.515224746254	0.496858385694	0.836152730788	0.679072015466	0.363943934268	0.0	0.510391493475	0.500724987917	0.841952634123	0.560657322378	0.411793136781	0.371193813436	0.433542774287	0.482841952634	0.526824552924	0.484291928468	0.488641855969	0.522474625423	0.739971000483	0.668438859352	0.553890768487	0.580473658772	0.526824552924	0.641372643789	0.58095698405	0.677138714355	0.648622522958	0.5601739971	0.584340260996	0.553407443209	0.738037699372	0.675688738521	0.723054615756	0.702271628806	0.676172063799	0.698405026583	0.599323344611	0.585306911551	0.595456742388	0.582890285162	0.587723537941	0.69453842436	0.60415659739	0.695505074915	0.534557757371	0.67133881102
AD7	0.598356694055	0.600773320445	0.961333977767	0.666988883519	0.72692121798	0.539874335428	0.704204929918	0.48380860319	0.484291928468	0.586273562107	0.450459159014	0.662638956017	0.603189946834	0.882551957467	0.648622522958	0.595940067666	0.495891735138	0.478492025133	0.93523441276	0.775737071049	0.56935717738	0.510391493475	0.0	0.298211696472	0.898018366361	0.528757854036	0.432576123731	0.4813919768	0.506041565974	0.56259062349	0.50459159014	0.494925084582	0.479942000967	0.542774287095	0.758820686322	0.686321894635	0.510391493475	0.596906718221	0.540840985984	0.661672305462	0.609473175447	0.709521507975	0.69453842436	0.59497341711	0.587240212663	0.559690671822	0.759787336878	0.690188496858	0.745770903818	0.718221362977	0.699855002417	0.719671338811	0.626872885452	0.609473175447	0.61575640406	0.616723054616	0.600773320445	0.710971483809	0.620106331561	0.709521507975	0.561623972934	0.688255195747
AD8	0.591590140164	0.589656839053	0.955534074432	0.64572257129	0.705171580474	0.520057999033	0.694055099082	0.467858869019	0.480425326245	0.573707104882	0.443209279845	0.634606089899	0.594490091832	0.874818753021	0.641372643789	0.588206863219	0.481875302078	0.458192363461	0.926051232479	0.762203963267	0.558724021266	0.500724987917	0.298211696472	0.0	0.864668922185	0.500724987917	0.425326244563	0.467858869019	0.484291928468	0.546157564041	0.496858385694	0.48380860319	0.473175447076	0.533591106815	0.752054132431	0.673755437409	0.49540840986	0.577573707105	0.519574673755	0.644272595457	0.58337361044	0.705171580474	0.685355244079	0.567907201547	0.570323827936	0.551474142098	0.741904301595	0.672305461576	0.72450459159	0.699371677139	0.679072015466	0.700821652972	0.608506524891	0.59497341711	0.600773320445	0.599806669889	0.595456742388	0.695021749638	0.610923151281	0.692605123248	0.55099081682	0.66892218463
AE7	0.837602706622	0.876752054132	0.856935717738	0.798453359111	0.836636056066	0.890285161914	0.916868052199	0.898985016916	0.881585306912	0.907201546641	0.919284678589	0.85645239246	0.891735137748	0.834702754954	0.899951667472	0.840502658289	0.872885451909	0.864185596907	0.736587723538	0.730304494925	0.816336394393	0.841952634123	0.898018366361	0.864668922185	0.0	0.533107781537	0.875785403577	0.848235862736	0.767037216046	0.754954084099	0.839052682455	0.836636056066	0.90285161914	0.909134847753	0.929434509425	0.915901401643	0.919768003867	0.910101498308	0.911068148864	0.886901884969	0.903334944418	0.876268728855	0.87723537941	0.869985500242	0.942000966651	0.927984533591	0.893185113581	0.903334944418	0.907684871919	0.886418559691	0.903818269696	0.903334944418	0.891735137748	0.895601739971	0.903818269696	0.888351860802	0.904784920251	0.889801836636	0.903818269696	0.895601739971	0.916868052199	0.908168197197
AE8	0.587240212663	0.619139681005	0.907201546641	0.64572257129	0.689221846303	0.595940067666	0.693088448526	0.596906718221	0.592073465442	0.620106331561	0.625422909618	0.628806186564	0.6389560174	0.834219429676	0.686321894635	0.590623489609	0.597390043499	0.590140164331	0.819236346061	0.674238762687	0.595456742388	0.560657322378	0.528757854036	0.500724987917	0.533107781537	0.0	0.584340260996	0.554857419043	0.529241179314	0.529724504592	0.578540357661	0.561623972934	0.608989850169	0.61575640406	0.764137264379	0.69212179797	0.628322861286	0.624456259062	0.616239729338	0.656355727405	0.627839536008	0.678588690188	0.673755437409	0.594006766554	0.645239246013	0.630256162397	0.748670855486	0.694055099082	0.74770420493	0.696955050749	0.703238279362	0.732237796037	0.642339294345	0.626872885452	0.642339294345	0.633156114065	0.637506041566	0.711938134364	0.656839052682	0.694055099082	0.611889801837	0.690671822136
AF7	0.573707104882	0.562107298212	0.95360077332	0.646689221846	0.66892218463	0.519574673755	0.704204929918	0.454325761237	0.449492508458	0.581923634606	0.449975833736	0.613823102948	0.553890768487	0.874818753021	0.620589656839	0.575640405993	0.448525857902	0.429192846786	0.901401643306	0.740937651039	0.551957467376	0.411793136781	0.432576123731	0.425326244563	0.875785403577	0.584340260996	0.0	0.335911068149	0.4813919768	0.537941034316	0.48622522958	0.489608506525	0.430159497342	0.491058482359	0.707104881585	0.633156114065	0.452875785404	0.558240695988	0.49540840986	0.631706138231	0.546157564041	0.695021749638	0.673755437409	0.540840985984	0.543740937651	0.521024649589	0.691638472692	0.631706138231	0.688255195747	0.663605606573	0.635572740454	0.654422426293	0.566457225713	0.546157564041	0.554374093765	0.550024166264	0.567423876269	0.649589173514	0.565973900435	0.65973900435	0.506524891252	0.626872885452
AF8	0.542290961817	0.552440792653	0.926534557757	0.622522957951	0.658289028516	0.509908168197	0.698405026583	0.460125664572	0.44224262929	0.569840502658	0.509424842919	0.598356694055	0.571290478492	0.851619139681	0.623972933784	0.555824069599	0.480908651522	0.466892218463	0.861285645239	0.697921701305	0.490091831803	0.371193813436	0.4813919768	0.467858869019	0.848235862736	0.554857419043	0.335911068149	0.0	0.442725954567	0.500241662639	0.518124697922	0.465925567907	0.455292411793	0.503624939584	0.723054615756	0.646205896568	0.507491541808	0.553890768487	0.499758337361	0.622039632673	0.554374093765	0.669888835186	0.651039149348	0.533591106815	0.562107298212	0.53020782987	0.693571773804	0.633156114065	0.688738521025	0.668438859352	0.640889318511	0.658772353794	0.565490575157	0.549057515708	0.5601739971	0.551957467376	0.552924117931	0.654905751571	0.565973900435	0.663122281295	0.488158530691	0.621556307395
AG7	0.574190430159	0.596423392943	0.856935717738	0.556307394877	0.673755437409	0.544707588207	0.693571773804	0.506524891252	0.484291928468	0.564523924601	0.541807636539	0.616723054616	0.60657322378	0.778637022716	0.654422426293	0.576607056549	0.533107781537	0.523441275979	0.731754470759	0.542774287095	0.457709038183	0.433542774287	0.506041565974	0.484291928468	0.767037216046	0.529241179314	0.4813919768	0.442725954567	0.0	0.310778153697	0.540840985984	0.497825036249	0.513291445143	0.549057515708	0.756404059932	0.6805219913	0.545190913485	0.576607056549	0.537457709038	0.641372643789	0.589656839053	0.665538907685	0.642822619623	0.552924117931	0.590140164331	0.575157080715	0.74770420493	0.677138714355	0.72692121798	0.703238279362	0.685355244079	0.71290478492	0.615273078782	0.605123247946	0.608506524891	0.605123247946	0.61575640406	0.70372160464	0.625422909618	0.69453842436	0.565973900435	0.665055582407
AG8	0.59255679072	0.618173030449	0.837119381344	0.586273562107	0.695021749638	0.586273562107	0.690671822136	0.571290478492	0.555824069599	0.592073465442	0.603673272112	0.649105848236	0.6389560174	0.753504108265	0.680038666022	0.601739971	0.582406959884	0.578057032383	0.693088448526	0.522474625423	0.492508458192	0.482841952634	0.56259062349	0.546157564041	0.754954084099	0.529724504592	0.537941034316	0.500241662639	0.310778153697	0.0	0.573707104882	0.546157564041	0.574673755437	0.596906718221	0.769937167714	0.692605123248	0.594490091832	0.593523441276	0.584340260996	0.662638956017	0.619139681005	0.681488641856	0.665055582407	0.588690188497	0.632672788787	0.617206379894	0.765587240213	0.693088448526	0.748670855486	0.718221362977	0.710971483809	0.727404543258	0.651522474625	0.636056065732	0.641855969067	0.642822619623	0.64572257129	0.716288061866	0.662638956017	0.71290478492	0.609956500725	0.693088448526
AH7	0.585306911551	0.633639439343	0.957467375544	0.688255195747	0.705171580474	0.576607056549	0.722087965201	0.536491058482	0.53697438376	0.622522957951	0.531174480425	0.660705654906	0.6389560174	0.886418559691	0.690671822136	0.593523441276	0.514741420976	0.462058965684	0.884485258579	0.740937651039	0.564523924601	0.526824552924	0.50459159014	0.496858385694	0.839052682455	0.578540357661	0.48622522958	0.518124697922	0.540840985984	0.573707104882	0.0	0.330594490092	0.553890768487	0.616239729338	0.788303528275	0.719671338811	0.539874335428	0.651039149348	0.594006766554	0.674722087965	0.632672788787	0.752054132431	0.750604156597	0.626872885452	0.637506041566	0.632672788787	0.758820686322	0.717738037699	0.753020782987	0.721604639923	0.712421459642	0.731754470759	0.628322861286	0.62493958434	0.624456259062	0.619139681005	0.630256162397	0.72692121798	0.6389560174	0.717254712421	0.601739971	0.715804736588
AH8	0.566940550991	0.582406959884	0.951184146931	0.638472692122	0.653455775737	0.523441275979	0.691155147414	0.500241662639	0.500724987917	0.570807153214	0.523441275979	0.614306428226	0.578540357661	0.869985500242	0.638472692122	0.561623972934	0.426292895118	0.390526824553	0.882551957467	0.735621072982	0.547124214596	0.484291928468	0.494925084582	0.48380860319	0.836636056066	0.561623972934	0.489608506525	0.465925567907	0.497825036249	0.546157564041	0.330594490092	0.0	0.509424842919	0.555824069599	0.749637506042	0.673755437409	0.538907684872	0.586273562107	0.538424359594	0.619623006283	0.578057032383	0.702754954084	0.691638472692	0.574673755437	0.590623489609	0.568390526825	0.702271628806	0.662155630739	0.705654905752	0.667955534074	0.653939101015	0.667955534074	0.575640405993	0.563557274045	0.563073948768	0.566457225713	0.574190430159	0.659255679072	0.590623489609	0.669888835186	0.543740937651	0.660222329628
AA5	0.591590140164	0.512324794587	0.963267278879	0.633156114065	0.60657322378	0.451909134848	0.633156114065	0.376027066216	0.402609956501	0.516674722088	0.425326244563	0.543257612373	0.518124697922	0.8796520058	0.536491058482	0.55775737071	0.426776220396	0.421942967617	0.925084581924	0.77767037216	0.557274045433	0.488641855969	0.479942000967	0.473175447076	0.90285161914	0.608989850169	0.430159497342	0.455292411793	0.513291445143	0.574673755437	0.553890768487	0.509424842919	0.0	0.349927501208	0.681005316578	0.589173513775	0.46060898985	0.468342194297	0.454809086515	0.565007249879	0.471725471242	0.621072982117	0.601256645723	0.465442242629	0.534557757371	0.473658772354	0.691155147414	0.634606089899	0.652489125181	0.638472692122	0.64813919768	0.677138714355	0.53697438376	0.540357660706	0.558240695988	0.537457709038	0.546640889319	0.651522474625	0.55099081682	0.632672788787	0.491058482359	0.62735621073
AA6	0.597390043499	0.52779120348	0.971000483325	0.647655872402	0.621556307395	0.46979217013	0.658772353794	0.447559207347	0.443209279845	0.53939101015	0.487675205413	0.561623972934	0.511358144031	0.886901884969	0.567423876269	0.56259062349	0.489125181247	0.490575157081	0.936684388594	0.783470275495	0.602223296278	0.522474625423	0.542774287095	0.533591106815	0.909134847753	0.61575640406	0.491058482359	0.503624939584	0.549057515708	0.596906718221	0.616239729338	0.555824069599	0.349927501208	0.0	0.673272112131	0.582406959884	0.506041565974	0.502174963751	0.462542290962	0.591590140164	0.489125181247	0.661188980184	0.639439342678	0.492508458192	0.466408893185	0.405993233446	0.678588690188	0.623972933784	0.654422426293	0.636056065732	0.637989366844	0.661672305462	0.530691155147	0.535041082649	0.550024166264	0.534074432093	0.55099081682	0.639922667956	0.551957467376	0.622039632673	0.505074915418	0.617689705172
AB5	0.756404059932	0.674238762687	0.978250362494	0.729337844369	0.62735621073	0.644272595457	0.744320927985	0.666505558241	0.671822136298	0.710971483809	0.683905268246	0.616723054616	0.667955534074	0.904784920251	0.705171580474	0.717254712421	0.713871435476	0.716771387144	0.941517641373	0.816819719671	0.810053165781	0.739971000483	0.758820686322	0.752054132431	0.929434509425	0.764137264379	0.707104881585	0.723054615756	0.756404059932	0.769937167714	0.788303528275	0.749637506042	0.681005316578	0.673272112131	0.0	0.332527791203	0.634606089899	0.681971967134	0.631222812953	0.656355727405	0.608506524891	0.735621072982	0.729337844369	0.651039149348	0.645239246013	0.635089415176	0.622039632673	0.62493958434	0.630256162397	0.601739971	0.630256162397	0.62735621073	0.604639922668	0.611406476559	0.622522957951	0.621556307395	0.676172063799	0.611406476559	0.652972450459	0.611406476559	0.678105364911	0.631222812953
AB6	0.683421942968	0.581440309328	0.973417109715	0.661672305462	0.575157080715	0.554374093765	0.662155630739	0.57177380377	0.595940067666	0.618656355727	0.621072982117	0.522957950701	0.59497341711	0.891735137748	0.623006283229	0.632189463509	0.64813919768	0.649105848236	0.930401159981	0.774770420493	0.74528757854	0.668438859352	0.686321894635	0.673755437409	0.915901401643	0.69212179797	0.633156114065	0.646205896568	0.6805219913	0.692605123248	0.719671338811	0.673755437409	0.589173513775	0.582406959884	0.332527791203	0.0	0.568390526825	0.582890285162	0.557274045433	0.56259062349	0.514258095698	0.651522474625	0.63653939101	0.529241179314	0.564040599323	0.543257612373	0.588690188497	0.542774287095	0.569840502658	0.543257612373	0.547607539874	0.579507008217	0.5186080232	0.547124214596	0.554374093765	0.551957467376	0.596906718221	0.554857419043	0.578057032383	0.547607539874	0.612856452392	0.53697438376
AC5	0.609473175447	0.567907201547	0.983566940551	0.655872402127	0.629289511841	0.473658772354	0.685838569357	0.442725954567	0.454809086515	0.569840502658	0.427742870952	0.565007249879	0.536491058482	0.896568390527	0.619623006283	0.593040115998	0.467858869019	0.451909134848	0.945384243596	0.788303528275	0.617689705172	0.553890768487	0.510391493475	0.49540840986	0.919768003867	0.628322861286	0.452875785404	0.507491541808	0.545190913485	0.594490091832	0.539874335428	0.538907684872	0.46060898985	0.506041565974	0.634606089899	0.568390526825	0.0	0.462542290962	0.451909134848	0.598356694055	0.501691638473	0.706621556307	0.670372160464	0.524891251812	0.494925084582	0.482358627356	0.619623006283	0.574673755437	0.625422909618	0.584823586274	0.582406959884	0.601256645723	0.513291445143	0.481875302078	0.502658289029	0.494925084582	0.572740454326	0.584823586274	0.569840502658	0.577573707105	0.5186080232	0.567907201547
AC6	0.626872885452	0.526341227646	0.962300628323	0.637022716288	0.590140164331	0.520057999033	0.5186080232	0.475592073465	0.529724504592	0.461575640406	0.544224262929	0.546157564041	0.561140647656	0.873368777187	0.55099081682	0.585790236829	0.565973900435	0.563557274045	0.927017883035	0.77090381827	0.635089415176	0.580473658772	0.596906718221	0.577573707105	0.910101498308	0.624456259062	0.558240695988	0.553890768487	0.576607056549	0.593523441276	0.651039149348	0.586273562107	0.468342194297	0.502174963751	0.681971967134	0.582890285162	0.462542290962	0.0	0.526824552924	0.530691155147	0.503141614306	0.478975350411	0.443209279845	0.424842919285	0.581923634606	0.558240695988	0.684388593523	0.645239246013	0.661672305462	0.633156114065	0.655389076849	0.673272112131	0.590140164331	0.575157080715	0.594006766554	0.584340260996	0.559207346544	0.653455775737	0.570323827936	0.635572740454	0.559690671822	0.630256162397
AD6	0.598840019333	0.52779120348	0.980183663606	0.623006283229	0.574673755437	0.409859835669	0.633156114065	0.431609473175	0.434992750121	0.528757854036	0.44224262929	0.51377477042	0.494925084582	0.890768487192	0.576607056549	0.550507491542	0.472692121798	0.477042049299	0.944900918318	0.783953600773	0.59255679072	0.526824552924	0.540840985984	0.519574673755	0.911068148864	0.616239729338	0.49540840986	0.499758337361	0.537457709038	0.584340260996	0.594006766554	0.538424359594	0.454809086515	0.462542290962	0.631222812953	0.557274045433	0.451909134848	0.526824552924	0.0	0.558724021266	0.412276462059	0.687288545191	0.66892218463	0.50459159014	0.489125181247	0.46060898985	0.604639922668	0.549057515708	0.597390043499	0.566457225713	0.573707104882	0.591590140164	0.475108748188	0.464475592073	0.478008699855	0.462542290962	0.534557757371	0.572257129048	0.529724504592	0.575157080715	0.454325761237	0.554857419043
AE5	0.63653939101	0.53697438376	0.981150314161	0.621556307395	0.56935717738	0.556790720155	0.572257129048	0.547124214596	0.609956500725	0.529724504592	0.620106331561	0.520541324311	0.572257129048	0.885935234413	0.550024166264	0.58095698405	0.623006283229	0.61575640406	0.928467858869	0.770420492992	0.712421459642	0.641372643789	0.661672305462	0.644272595457	0.886901884969	0.656355727405	0.631706138231	0.622039632673	0.641372643789	0.662638956017	0.674722087965	0.619623006283	0.565007249879	0.591590140164	0.656355727405	0.56259062349	0.598356694055	0.530691155147	0.558724021266	0.0	0.374577090382	0.588690188497	0.572257129048	0.521507974867	0.648622522958	0.623972933784	0.662638956017	0.620106331561	0.634606089899	0.605606573224	0.634122764621	0.651522474625	0.556790720155	0.582890285162	0.611889801837	0.566457225713	0.574190430159	0.636056065732	0.570323827936	0.612373127115	0.587240212663	0.62735621073
AE6	0.599806669889	0.490091831803	0.978733687772	0.619139681005	0.554857419043	0.459159014016	0.584823586274	0.456259062349	0.510391493475	0.515224746254	0.516674722088	0.500241662639	0.493475108748	0.889801836636	0.540840985984	0.542290961817	0.543257612373	0.535041082649	0.934751087482	0.775253745771	0.65732237796	0.58095698405	0.609473175447	0.58337361044	0.903334944418	0.627839536008	0.546157564041	0.554374093765	0.589656839053	0.619139681005	0.632672788787	0.578057032383	0.471725471242	0.489125181247	0.608506524891	0.514258095698	0.501691638473	0.503141614306	0.412276462059	0.374577090382	0.0	0.632189463509	0.613823102948	0.463508941518	0.540357660706	0.520541324311	0.62493958434	0.568873852102	0.588206863219	0.564040599323	0.585306911551	0.609473175447	0.483325277912	0.476558724021	0.50459159014	0.479458675689	0.519574673755	0.590623489609	0.520057999033	0.573707104882	0.499275012083	0.575157080715
AF5	0.701788303528	0.626872885452	0.937167713871	0.666988883519	0.651522474625	0.669888835186	0.552924117931	0.623489608507	0.676172063799	0.577090381827	0.70372160464	0.614789753504	0.674238762687	0.855002416626	0.60657322378	0.667955534074	0.717254712421	0.717738037699	0.881101981634	0.747220879652	0.710488158531	0.677138714355	0.709521507975	0.705171580474	0.876268728855	0.678588690188	0.695021749638	0.669888835186	0.665538907685	0.681488641856	0.752054132431	0.702754954084	0.621072982117	0.661188980184	0.735621072982	0.651522474625	0.706621556307	0.478975350411	0.687288545191	0.588690188497	0.632189463509	0.0	0.279845335911	0.538424359594	0.722087965201	0.707588206863	0.758820686322	0.724021266312	0.737071048816	0.709038182697	0.728854519091	0.754954084099	0.68970517158	0.708071532141	0.718704688255	0.699371677139	0.667955534074	0.734171097148	0.666988883519	0.704688255196	0.701788303528	0.717738037699
AF6	0.695021749638	0.603673272112	0.942484291928	0.647655872402	0.636056065732	0.656839052682	0.538424359594	0.609956500725	0.663605606573	0.564040599323	0.690188496858	0.606089898502	0.651522474625	0.855485741904	0.576607056549	0.658289028516	0.695021749638	0.699855002417	0.877718704688	0.731271145481	0.693571773804	0.648622522958	0.69453842436	0.685355244079	0.87723537941	0.673755437409	0.673755437409	0.651039149348	0.642822619623	0.665055582407	0.750604156597	0.691638472692	0.601256645723	0.639439342678	0.729337844369	0.63653939101	0.670372160464	0.443209279845	0.66892218463	0.572257129048	0.613823102948	0.279845335911	0.0	0.523441275979	0.701788303528	0.684871918801	0.750604156597	0.70130497825	0.710488158531	0.683905268246	0.70372160464	0.728371193813	0.667955534074	0.685838569357	0.704204929918	0.680038666022	0.642822619623	0.709521507975	0.647655872402	0.681488641856	0.684388593523	0.68970517158
