	AA3	AA4	AB3	AB4	AC3	AC4	AD3	AD4	AE3	AE4	AF3	AF4	AG3	AG4	AH3	AH4	AA7	AA8	AB7	AB8	AC7	AC8	AD7	AD8	AE7	AE8	AF7	AF8	AG7	AG8	AH7	AH8	AA5	AA6	AB5	AB6	AC5	AC6	AD6	AE5	AE6	AF5	AF6	AG5	AH5	AH6	AA1	AA2	AB1	AB2	AC1	AC2	AD1	AD2	AE1	AE2	AF1	AF2	AG1	AG2	AH1	AH2
AA3	0.0	0.477042049299	0.939101014983	0.626872885452	0.652005799903	0.568390526825	0.662155630739	0.576607056549	0.567423876269	0.619623006283	0.603673272112	0.602706621556	0.566457225713	0.849202513291	0.646689221846	0.303528274529	0.56259062349	0.561623972934	0.858385693572	0.721604639923	0.616723054616	0.56935717738	0.574190430159	0.588206863219	0.83566940551	0.593523441276	0.556307394877	0.552924117931	0.570807153214	0.585790236829	0.581440309328	0.540357660706	0.579023682939	0.58095698405	0.746737554374	0.663122281295	0.604639922668	0.609473175447	0.594006766554	0.623972933784	0.591590140164	0.696471725471	0.684388593523	0.608989850169	0.608506524891	0.594006766554	0.675688738521	0.647172547124	0.713388110198	0.667955534074	0.636056065732	0.664088931851	0.55099081682	0.541807636539	0.559690671822	0.555340744321	0.567423876269	0.644272595457	0.569840502658	0.650072498792	0.56935717738	0.652972450459
AA4	0.477042049299	0.0	0.949250845819	0.589173513775	0.568390526825	0.488641855969	0.579990333494	0.482841952634	0.509908168197	0.520541324311	0.545674238763	0.512324794587	0.477042049299	0.854035766071	0.363943934268	0.379410343161	0.522474625423	0.531174480425	0.892701788304	0.730787820203	0.667472208797	0.572740454326	0.570323827936	0.576123731271	0.875785403577	0.619139681005	0.538424359594	0.545674238763	0.592073465442	0.607056549058	0.624456259062	0.577573707105	0.49540840986	0.514741420976	0.678588690188	0.594490091832	0.572257129048	0.505074915418	0.529724504592	0.525857902368	0.471242145964	0.608989850169	0.587240212663	0.512808119865	0.578057032383	0.568390526825	0.644755920735	0.584340260996	0.631706138231	0.602223296278	0.595456742388	0.627839536008	0.517158047366	0.505558240696	0.521507974867	0.517158047366	0.499275012083	0.607539874335	0.506041565974	0.586756887385	0.517158047366	0.584823586274
AB3	0.939101014983	0.949250845819	0.0	0.673272112131	0.916868052199	0.952634122765	0.962300628323	0.951667472209	0.941034316095	0.95360077332	0.974867085549	0.940550990817	0.969550507492	0.347510874819	0.961333977767	0.942484291928	0.973417109715	0.967133881102	0.735621072982	0.73852102465	0.884968583857	0.903334944418	0.958917351377	0.952634122765	0.852585790237	0.89125181247	0.938134364427	0.930884485259	0.842919284679	0.830352827453	0.952150797487	0.952634122765	0.958917351377	0.962300628323	0.972933784437	0.96520057999	0.97680038666	0.959400676655	0.974383760271	0.975350410826	0.972933784437	0.936201063316	0.930884485259	0.951184146931	0.977767037216	0.974383760271	0.975833736104	0.971967133881	0.971483808603	0.972933784437	0.973417109715	0.972450459159	0.975350410826	0.975833736104	0.977767037216	0.973417109715	0.973900434993	0.972933784437	0.973417109715	0.97680038666	0.973417109715	0.972450459159
AB4	0.626872885452	0.589173513775	0.673272112131	0.0	0.647655872402	0.61333977767	0.688738521025	0.630256162397	0.621072982117	0.642822619623	0.646205896568	0.621072982117	0.499758337361	0.56259062349	0.617206379894	0.594006766554	0.640889318511	0.636056065732	0.719188013533	0.568390526825	0.652489125181	0.623006283229	0.651039149348	0.652972450459	0.786853552441	0.620589656839	0.646205896568	0.635572740454	0.547607539874	0.566940550991	0.681005316578	0.639439342678	0.6389560174	0.654422426293	0.743354277429	0.667955534074	0.664572257129	0.650072498792	0.62735621073	0.642339294345	0.623489608507	0.656355727405	0.655389076849	0.629772837119	0.684871918801	0.670855485742	0.70130497825	0.664572257129	0.701788303528	0.686321894635	0.677138714355	0.687288545191	0.637022716288	0.637022716288	0.65055582407	0.647655872402	0.654905751571	0.685355244079	0.65055582407	0.676655389077	0.64813919768	0.661188980184
AC3	0.652005799903	0.568390526825	0.916868052199	0.647655872402	0.0	0.498791686805	0.635089415176	0.561140647656	0.582890285162	0.586756887385	0.609956500725	0.330594490092	0.602223296278	0.82648622523	0.602706621556	0.611889801837	0.623489608507	0.605606573224	0.861285645239	0.746254229096	0.726437892702	0.668438859352	0.713871435476	0.686805219913	0.826969550507	0.678105364911	0.661672305462	0.674238762687	0.669888835186	0.684871918801	0.701788303528	0.654422426293	0.603673272112	0.616723054616	0.634606089899	0.592073465442	0.638472692122	0.575157080715	0.597873368777	0.537457709038	0.548090865152	0.639922667956	0.634122764621	0.558240695988	0.652972450459	0.642822619623	0.61575640406	0.601739971	0.607539874335	0.605606573224	0.608989850169	0.60415659739	0.552440792653	0.581923634606	0.598840019333	0.582406959884	0.602223296278	0.587723537941	0.614306428226	0.599323344611	0.619623006283	0.610923151281
AC4	0.568390526825	0.488641855969	0.952634122765	0.61333977767	0.498791686805	0.0	0.609956500725	0.404543257612	0.394876752054	0.521991300145	0.322861285645	0.403576607057	0.480908651522	0.863702271629	0.556790720155	0.531174480425	0.46979217013	0.447075882069	0.925084581924	0.764620589657	0.588690188497	0.530691155147	0.520057999033	0.490575157081	0.890285161914	0.59497341711	0.494441759304	0.502174963751	0.529724504592	0.562107298212	0.572257129048	0.514258095698	0.438859352344	0.462058965684	0.65055582407	0.554857419043	0.473175447076	0.512808119865	0.424842919285	0.552440792653	0.479942000967	0.663122281295	0.644272595457	0.497825036249	0.503141614306	0.463992266796	0.63653939101	0.580473658772	0.59497341711	0.586756887385	0.580473658772	0.612856452392	0.4813919768	0.493958434026	0.500241662639	0.506524891252	0.523441275979	0.593040115998	0.53020782987	0.572740454326	0.460125664572	0.571290478492
AD3	0.662155630739	0.579990333494	0.962300628323	0.688738521025	0.635089415176	0.609956500725	0.0	0.526341227646	0.627839536008	0.358627356211	0.652489125181	0.594006766554	0.628806186564	0.870952150797	0.564040599323	0.630739487675	0.667955534074	0.669888835186	0.946350894152	0.788303528275	0.716288061866	0.684871918801	0.682455292412	0.679555340744	0.919284678589	0.678105364911	0.687771870469	0.683905268246	0.681971967134	0.67133881102	0.706138231029	0.673272112131	0.622522957951	0.635089415176	0.738037699372	0.652972450459	0.663605606573	0.521507974867	0.621072982117	0.574673755437	0.565007249879	0.553407443209	0.53697438376	0.52779120348	0.679072015466	0.670372160464	0.754954084099	0.700338327695	0.728371193813	0.707104881585	0.700338327695	0.725471242146	0.637989366844	0.650072498792	0.658289028516	0.646689221846	0.618656355727	0.706621556307	0.630739487675	0.704204929918	0.677138714355	0.700338327695
AD4	0.576607056549	0.482841952634	0.951667472209	0.630256162397	0.561140647656	0.404543257612	0.526341227646	0.0	0.315128081199	0.421459642339	0.423876268729	0.496375060416	0.485258579024	0.861285645239	0.540840985984	0.528757854036	0.462058965684	0.449975833736	0.947317544708	0.782986950217	0.590140164331	0.520541324311	0.491058482359	0.48380860319	0.906718221363	0.618173030449	0.467375543741	0.461575640406	0.519574673755	0.574190430159	0.559690671822	0.496375060416	0.401159980667	0.440792653456	0.667472208797	0.568873852102	0.459642339294	0.495891735138	0.44224262929	0.5601739971	0.482358627356	0.64572257129	0.620589656839	0.480908651522	0.509424842919	0.481875302078	0.660705654906	0.611406476559	0.634606089899	0.618656355727	0.608023199613	0.642822619623	0.510391493475	0.506041565974	0.517158047366	0.514258095698	0.528757854036	0.621072982117	0.53697438376	0.608506524891	0.49299178347	0.598356694055
AE3	0.567423876269	0.509908168197	0.941034316095	0.621072982117	0.582890285162	0.394876752054	0.627839536008	0.315128081199	0.0	0.521507974867	0.389076848719	0.515708071532	0.490575157081	0.857902368294	0.567423876269	0.532141130981	0.450459159014	0.436926051232	0.933301111648	0.771870468826	0.573707104882	0.513291445143	0.477042049299	0.459642339294	0.899468342194	0.611889801837	0.452875785404	0.452875785404	0.50459159014	0.565007249879	0.542290961817	0.49540840986	0.406476558724	0.470275495408	0.677138714355	0.58095698405	0.449975833736	0.53020782987	0.445625906235	0.607539874335	0.535524407927	0.674238762687	0.654905751571	0.521507974867	0.497825036249	0.468342194297	0.651522474625	0.603673272112	0.632672788787	0.617206379894	0.597390043499	0.637506041566	0.504108264862	0.511358144031	0.521991300145	0.5186080232	0.549540840986	0.620589656839	0.547607539874	0.604639922668	0.481875302078	0.596423392943
AE4	0.619623006283	0.520541324311	0.95360077332	0.642822619623	0.586756887385	0.521991300145	0.358627356211	0.421459642339	0.521507974867	0.0	0.570323827936	0.545190913485	0.567907201547	0.863702271629	0.539874335428	0.577090381827	0.573223779604	0.578540357661	0.942484291928	0.776703721605	0.664088931851	0.598840019333	0.605123247946	0.587723537941	0.91203479942	0.635089415176	0.585790236829	0.582406959884	0.590623489609	0.601739971	0.64813919768	0.599323344611	0.536007733204	0.546640889319	0.702754954084	0.608023199613	0.566940550991	0.457225712905	0.537941034316	0.530691155147	0.501208313195	0.567423876269	0.547607539874	0.488641855969	0.597390043499	0.584823586274	0.712421459642	0.657805703238	0.682455292412	0.674722087965	0.659255679072	0.681005316578	0.579507008217	0.594006766554	0.591106814886	0.595456742388	0.577090381827	0.669405509908	0.587723537941	0.666988883519	0.585790236829	0.659255679072
AF3	0.603673272112	0.545674238763	0.974867085549	0.646205896568	0.609956500725	0.322861285645	0.652489125181	0.423876268729	0.389076848719	0.570323827936	0.0	0.510391493475	0.514741420976	0.881101981634	0.604639922668	0.57177380377	0.433542774287	0.428709521508	0.954567423876	0.796036732721	0.605123247946	0.553890768487	0.45142580957	0.420976317061	0.918801353311	0.625906234896	0.445142580957	0.491058482359	0.543740937651	0.59255679072	0.52779120348	0.51377477042	0.420976317061	0.49540840986	0.673755437409	0.590140164331	0.425326244563	0.545674238763	0.445142580957	0.610923151281	0.533591106815	0.697438376027	0.677622039633	0.528274528758	0.511841469309	0.47220879652	0.658289028516	0.604639922668	0.646205896568	0.610923151281	0.605123247946	0.638472692122	0.5186080232	0.517158047366	0.521024649589	0.524891251812	0.563557274045	0.623972933784	0.567423876269	0.596906718221	0.485258579024	0.59497341711
AF4	0.602706621556	0.512324794587	0.940550990817	0.621072982117	0.330594490092	0.403576607057	0.594006766554	0.496375060416	0.515708071532	0.545190913485	0.510391493475	0.0	0.540357660706	0.849202513291	0.547607539874	0.554857419043	0.565973900435	0.551957467376	0.889801836636	0.740937651039	0.690188496858	0.626872885452	0.647655872402	0.619139681005	0.854519091348	0.635572740454	0.599323344611	0.617689705172	0.630256162397	0.656355727405	0.64572257129	0.60415659739	0.538424359594	0.555340744321	0.608506524891	0.518124697922	0.548090865152	0.529241179314	0.519574673755	0.496858385694	0.501691638473	0.607539874335	0.601256645723	0.507974867086	0.550024166264	0.539874335428	0.596423392943	0.537941034316	0.572257129048	0.546157564041	0.541324311261	0.565007249879	0.476075398743	0.505558240696	0.524891251812	0.508458192363	0.542774287095	0.547607539874	0.550024166264	0.529241179314	0.553407443209	0.531657805703
AG3	0.566457225713	0.477042049299	0.969550507492	0.499758337361	0.602223296278	0.480908651522	0.628806186564	0.485258579024	0.490575157081	0.567907201547	0.514741420976	0.540357660706	0.0	0.855485741904	0.532624456259	0.520541324311	0.502658289029	0.49540840986	0.935717738038	0.773320444659	0.673272112131	0.593040115998	0.573223779604	0.576607056549	0.888351860802	0.632189463509	0.551957467376	0.561623972934	0.600773320445	0.620589656839	0.630256162397	0.571290478492	0.521507974867	0.515224746254	0.661188980184	0.577573707105	0.532141130981	0.541807636539	0.489125181247	0.577573707105	0.508458192363	0.656355727405	0.636056065732	0.519574673755	0.540840985984	0.535041082649	0.618656355727	0.577573707105	0.615273078782	0.601739971	0.581923634606	0.599323344611	0.494925084582	0.497341710971	0.509908168197	0.520541324311	0.537457709038	0.597873368777	0.545674238763	0.58095698405	0.494441759304	0.572740454326
AG4	0.849202513291	0.854035766071	0.347510874819	0.56259062349	0.82648622523	0.863702271629	0.870952150797	0.861285645239	0.857902368294	0.863702271629	0.881101981634	0.849202513291	0.855485741904	0.0	0.871435476075	0.852102464959	0.890285161914	0.887385210246	0.703238279362	0.667955534074	0.807636539391	0.827936201063	0.873852102465	0.869018849686	0.826002899952	0.809086515225	0.857419043016	0.848719188014	0.765587240213	0.749637506042	0.8796520058	0.867568873852	0.875785403577	0.877718704688	0.898018366361	0.882551957467	0.889318511358	0.866602223296	0.885451909135	0.882551957467	0.882551957467	0.848719188014	0.840985983567	0.861768970517	0.895118414693	0.88883518608	0.886901884969	0.884001933301	0.887385210246	0.883518608023	0.889318511358	0.885935234413	0.89125181247	0.887868535524	0.893668438859	0.890768487192	0.888351860802	0.888351860802	0.885935234413	0.884968583857	0.892218463026	0.888351860802
AH3	0.646689221846	0.363943934268	0.961333977767	0.617206379894	0.602706621556	0.556790720155	0.564040599323	0.540840985984	0.567423876269	0.539874335428	0.604639922668	0.547607539874	0.532624456259	0.871435476075	0.0	0.538907684872	0.592073465442	0.590140164331	0.922184630256	0.772837119381	0.721604639923	0.633156114065	0.629289511841	0.64572257129	0.897535041083	0.684871918801	0.621556307395	0.628322861286	0.666988883519	0.675688738521	0.689221846303	0.641372643789	0.553890768487	0.581440309328	0.711938134364	0.634122764621	0.637022716288	0.537941034316	0.597390043499	0.553890768487	0.54857419043	0.577573707105	0.563073948768	0.541324311261	0.641372643789	0.632189463509	0.693571773804	0.62493958434	0.656839052682	0.651039149348	0.642339294345	0.666022232963	0.603673272112	0.588690188497	0.595940067666	0.599323344611	0.575640405993	0.659255679072	0.571290478492	0.635089415176	0.589173513775	0.618656355727
AH4	0.303528274529	0.379410343161	0.942484291928	0.594006766554	0.611889801837	0.531174480425	0.630739487675	0.528757854036	0.532141130981	0.577090381827	0.57177380377	0.554857419043	0.520541324311	0.852102464959	0.538907684872	0.0	0.526341227646	0.53697438376	0.872402126631	0.722087965201	0.635572740454	0.561140647656	0.561623972934	0.580473658772	0.840502658289	0.592073465442	0.547607539874	0.544707588207	0.568873852102	0.593523441276	0.586756887385	0.540357660706	0.544224262929	0.547607539874	0.711454809087	0.628322861286	0.588206863219	0.568873852102	0.551474142098	0.58095698405	0.539874335428	0.658289028516	0.639439342678	0.564040599323	0.58337361044	0.573707104882	0.662155630739	0.611889801837	0.6805219913	0.630739487675	0.619139681005	0.644272595457	0.528757854036	0.521024649589	0.541807636539	0.523441275979	0.523441275979	0.624456259062	0.522474625423	0.617206379894	0.541324311261	0.617689705172
AA7	0.56259062349	0.522474625423	0.973417109715	0.640889318511	0.623489608507	0.46979217013	0.667955534074	0.462058965684	0.450459159014	0.573223779604	0.433542774287	0.565973900435	0.502658289029	0.890285161914	0.592073465442	0.526341227646	0.0	0.294345094248	0.918318028033	0.769453842436	0.600289995167	0.515224746254	0.46302561624	0.465925567907	0.872885451909	0.608506524891	0.432092798453	0.466892218463	0.534557757371	0.579507008217	0.505558240696	0.439342677622	0.420009666506	0.492025132914	0.710004833253	0.633639439343	0.479458675689	0.555340744321	0.484291928468	0.598356694055	0.534557757371	0.700821652972	0.679555340744	0.556307394877	0.542774287095	0.514741420976	0.670372160464	0.620589656839	0.667472208797	0.639439342678	0.604639922668	0.637506041566	0.515224746254	0.512808119865	0.526341227646	0.525857902368	0.522957950701	0.620106331561	0.52779120348	0.623972933784	0.491058482359	0.610439826003
AA8	0.561623972934	0.531174480425	0.967133881102	0.636056065732	0.605606573224	0.447075882069	0.669888835186	0.449975833736	0.436926051232	0.578540357661	0.428709521508	0.551957467376	0.49540840986	0.887385210246	0.590140164331	0.53697438376	0.294345094248	0.0	0.910584823586	0.775737071049	0.591590140164	0.500724987917	0.475108748188	0.473175447076	0.861768970517	0.601256645723	0.434509424843	0.462542290962	0.53020782987	0.577573707105	0.480425326245	0.402126631223	0.425326244563	0.492025132914	0.704204929918	0.627839536008	0.46060898985	0.560657322378	0.475108748188	0.617206379894	0.544224262929	0.713388110198	0.69212179797	0.552924117931	0.534074432093	0.497341710971	0.634122764621	0.591590140164	0.648622522958	0.62735621073	0.576123731271	0.608989850169	0.490575157081	0.490575157081	0.506041565974	0.506524891252	0.536491058482	0.593523441276	0.535524407927	0.621556307395	0.466408893185	0.59497341711
AB7	0.858385693572	0.892701788304	0.735621072982	0.719188013533	0.861285645239	0.925084581924	0.946350894152	0.947317544708	0.933301111648	0.942484291928	0.954567423876	0.889801836636	0.935717738038	0.703238279362	0.922184630256	0.872402126631	0.918318028033	0.910584823586	0.0	0.40744320928	0.807153214113	0.829386176897	0.930401159981	0.925084581924	0.742387626873	0.815369743838	0.89125181247	0.878685355244	0.728371193813	0.691155147414	0.881585306912	0.898501691638	0.933301111648	0.940067665539	0.939584340261	0.936201063316	0.950700821653	0.914934751087	0.945867568874	0.924117931368	0.93523441276	0.869502174964	0.881101981634	0.908651522475	0.95601739971	0.955050749154	0.920734654422	0.920251329145	0.93523441276	0.934267762204	0.924601256646	0.917834702755	0.911551474142	0.911068148864	0.916384726921	0.913968100532	0.918801353311	0.913001449976	0.922184630256	0.929434509425	0.947800869986	0.93281778637
AB8	0.721604639923	0.730787820203	0.73852102465	0.568390526825	0.746254229096	0.764620589657	0.788303528275	0.782986950217	0.771870468826	0.776703721605	0.796036732721	0.740937651039	0.773320444659	0.667955534074	0.772837119381	0.722087965201	0.769453842436	0.775737071049	0.40744320928	0.0	0.659255679072	0.678105364911	0.757854035766	0.754470758821	0.728371193813	0.654905751571	0.730304494925	0.712421459642	0.535041082649	0.514258095698	0.739971000483	0.74770420493	0.775737071049	0.782986950217	0.814403093282	0.778637022716	0.792170130498	0.758820686322	0.78250362494	0.761720637989	0.766070565491	0.724987916868	0.733204446593	0.74770420493	0.797486708555	0.800386660222	0.816819719671	0.773803769937	0.800386660222	0.775253745771	0.781536974384	0.792170130498	0.770420492992	0.764137264379	0.772353794103	0.769937167714	0.763653939101	0.778637022716	0.766070565491	0.767520541324	0.787336877719	0.776220396327
AC7	0.616723054616	0.667472208797	0.884968583857	0.652489125181	0.726437892702	0.588690188497	0.716288061866	0.590140164331	0.573707104882	0.664088931851	0.605123247946	0.690188496858	0.673272112131	0.807636539391	0.721604639923	0.635572740454	0.600289995167	0.591590140164	0.807153214113	0.659255679072	0.0	0.360560657322	0.574190430159	0.566940550991	0.819236346061	0.597390043499	0.552924117931	0.515224746254	0.471242145964	0.492025132914	0.573223779604	0.552924117931	0.572740454326	0.612856452392	0.820202996617	0.735137747704	0.631706138231	0.652972450459	0.634122764621	0.728854519091	0.6805219913	0.706621556307	0.699371677139	0.632672788787	0.647655872402	0.61333977767	0.821169647173	0.775253745771	0.80328661189	0.792170130498	0.758820686322	0.795070082165	0.6805219913	0.672305461576	0.684388593523	0.680038666022	0.683905268246	0.77767037216	0.681971967134	0.773320444659	0.623972933784	0.770420492992
AC8	0.56935717738	0.572740454326	0.903334944418	0.623006283229	0.668438859352	0.530691155147	0.684871918801	0.520541324311	0.513291445143	0.598840019333	0.553890768487	0.626872885452	0.593040115998	0.827936201063	0.633156114065	0.561140647656	0.515224746254	0.500724987917	0.829386176897	0.678105364911	0.360560657322	0.0	0.496375060416	0.506041565974	0.829869502175	0.564040599323	0.404059932334	0.382793620106	0.4398260029	0.479942000967	0.529241179314	0.493958434026	0.494441759304	0.52537457709	0.740937651039	0.658289028516	0.562107298212	0.576123731271	0.561140647656	0.655872402127	0.602223296278	0.66892218463	0.65973900435	0.572740454326	0.572740454326	0.547124214596	0.737554374094	0.691155147414	0.72692121798	0.714838086032	0.67133881102	0.71290478492	0.593040115998	0.592073465442	0.599323344611	0.596423392943	0.599323344611	0.693088448526	0.591106814886	0.696471725471	0.538424359594	0.686805219913
AD7	0.574190430159	0.570323827936	0.958917351377	0.651039149348	0.713871435476	0.520057999033	0.682455292412	0.491058482359	0.477042049299	0.605123247946	0.45142580957	0.647655872402	0.573223779604	0.873852102465	0.629289511841	0.561623972934	0.46302561624	0.475108748188	0.930401159981	0.757854035766	0.574190430159	0.496375060416	0.0	0.304011599807	0.890285161914	0.537941034316	0.402126631223	0.448525857902	0.497341710971	0.551474142098	0.496858385694	0.480908651522	0.466408893185	0.532141130981	0.754470758821	0.665055582407	0.518124697922	0.584340260996	0.552924117931	0.658289028516	0.605606573224	0.706621556307	0.685355244079	0.596906718221	0.566940550991	0.543740937651	0.74770420493	0.69212179797	0.736587723538	0.716771387144	0.674722087965	0.712421459642	0.608989850169	0.593040115998	0.601739971	0.605123247946	0.595940067666	0.700821652972	0.594490091832	0.69453842436	0.54857419043	0.6805219913
AD8	0.588206863219	0.576123731271	0.952634122765	0.652972450459	0.686805219913	0.490575157081	0.679555340744	0.48380860319	0.459642339294	0.587723537941	0.420976317061	0.619139681005	0.576607056549	0.869018849686	0.64572257129	0.580473658772	0.465925567907	0.473175447076	0.925084581924	0.754470758821	0.566940550991	0.506041565974	0.304011599807	0.0	0.859352344128	0.513291445143	0.391493475109	0.446109231513	0.496375060416	0.54857419043	0.507491541808	0.493475108748	0.45142580957	0.52779120348	0.734654422426	0.642339294345	0.490575157081	0.559207346544	0.529241179314	0.643789270179	0.581440309328	0.696471725471	0.677622039633	0.557274045433	0.553407443209	0.527307878202	0.72692121798	0.666988883519	0.711454809087	0.687771870469	0.649589173514	0.687771870469	0.587723537941	0.578540357661	0.575157080715	0.586756887385	0.583856935718	0.679555340744	0.588206863219	0.665055582407	0.542290961817	0.657805703238
AE7	0.83566940551	0.875785403577	0.852585790237	0.786853552441	0.826969550507	0.890285161914	0.919284678589	0.906718221363	0.899468342194	0.91203479942	0.918801353311	0.854519091348	0.888351860802	0.826002899952	0.897535041083	0.840502658289	0.872885451909	0.861768970517	0.742387626873	0.728371193813	0.819236346061	0.829869502175	0.890285161914	0.859352344128	0.0	0.528274528758	0.869018849686	0.862735621073	0.75688738521	0.761237312711	0.838086031899	0.838086031899	0.899468342194	0.906718221363	0.926534557757	0.919768003867	0.920734654422	0.892701788304	0.912518124698	0.877718704688	0.894635089415	0.876268728855	0.874818753021	0.874335427743	0.935717738038	0.922667955534	0.894635089415	0.892218463026	0.912518124698	0.903818269696	0.905751570807	0.896568390527	0.894151764137	0.892701788304	0.905268245529	0.890768487192	0.901401643306	0.891735137748	0.90043499275	0.901401643306	0.914934751087	0.901884968584
AE8	0.593523441276	0.619139681005	0.89125181247	0.620589656839	0.678105364911	0.59497341711	0.678105364911	0.618173030449	0.611889801837	0.635089415176	0.625906234896	0.635572740454	0.632189463509	0.809086515225	0.684871918801	0.592073465442	0.608506524891	0.601256645723	0.815369743838	0.654905751571	0.597390043499	0.564040599323	0.537941034316	0.513291445143	0.528274528758	0.0	0.586756887385	0.582890285162	0.531174480425	0.532141130981	0.587723537941	0.577573707105	0.618656355727	0.620106331561	0.768003866602	0.693088448526	0.640405993233	0.610439826003	0.625422909618	0.654422426293	0.625422909618	0.684388593523	0.66892218463	0.603189946834	0.644755920735	0.639922667956	0.748670855486	0.702754954084	0.753987433543	0.723537941034	0.701788303528	0.737554374094	0.642339294345	0.637022716288	0.64572257129	0.646689221846	0.645239246013	0.714838086032	0.648622522958	0.707588206863	0.625422909618	0.696955050749
AF7	0.556307394877	0.538424359594	0.938134364427	0.646205896568	0.661672305462	0.494441759304	0.687771870469	0.467375543741	0.452875785404	0.585790236829	0.445142580957	0.599323344611	0.551957467376	0.857419043016	0.621556307395	0.547607539874	0.432092798453	0.434509424843	0.89125181247	0.730304494925	0.552924117931	0.404059932334	0.402126631223	0.391493475109	0.869018849686	0.586756887385	0.0	0.317544707588	0.480425326245	0.532141130981	0.48622522958	0.489125181247	0.421459642339	0.488641855969	0.717738037699	0.626872885452	0.47462542291	0.538907684872	0.514258095698	0.625422909618	0.563557274045	0.687288545191	0.669888835186	0.552924117931	0.538424359594	0.510874818753	0.691638472692	0.640889318511	0.692605123248	0.679072015466	0.622522957951	0.662638956017	0.564040599323	0.543257612373	0.550024166264	0.566457225713	0.557274045433	0.646205896568	0.554857419043	0.657805703238	0.490091831803	0.6389560174
AF8	0.552924117931	0.545674238763	0.930884485259	0.635572740454	0.674238762687	0.502174963751	0.683905268246	0.461575640406	0.452875785404	0.582406959884	0.491058482359	0.617689705172	0.561623972934	0.848719188014	0.628322861286	0.544707588207	0.466892218463	0.462542290962	0.878685355244	0.712421459642	0.515224746254	0.382793620106	0.448525857902	0.446109231513	0.862735621073	0.582890285162	0.317544707588	0.0	0.457225712905	0.50700821653	0.515224746254	0.488641855969	0.435959400677	0.501208313195	0.727887868536	0.6389560174	0.494441759304	0.546640889319	0.532624456259	0.628322861286	0.575157080715	0.674238762687	0.653939101015	0.547607539874	0.552924117931	0.527307878202	0.705654905752	0.655872402127	0.704204929918	0.695021749638	0.642822619623	0.677138714355	0.57177380377	0.554857419043	0.567907201547	0.578540357661	0.56935717738	0.661188980184	0.565973900435	0.669405509908	0.502174963751	0.649589173514
AG7	0.570807153214	0.592073465442	0.842919284679	0.547607539874	0.669888835186	0.529724504592	0.681971967134	0.519574673755	0.50459159014	0.590623489609	0.543740937651	0.630256162397	0.600773320445	0.765587240213	0.666988883519	0.568873852102	0.534557757371	0.53020782987	0.728371193813	0.535041082649	0.471242145964	0.4398260029	0.497341710971	0.496375060416	0.75688738521	0.531174480425	0.480425326245	0.457225712905	0.0	0.308361527308	0.538907684872	0.511358144031	0.5186080232	0.56935717738	0.761720637989	0.666988883519	0.547124214596	0.570323827936	0.554857419043	0.65055582407	0.60415659739	0.650072498792	0.635572740454	0.56259062349	0.602706621556	0.574190430159	0.749154180764	0.68970517158	0.729821169647	0.713388110198	0.67133881102	0.715804736588	0.60415659739	0.609956500725	0.611889801837	0.612373127115	0.623972933784	0.70372160464	0.626389560174	0.68970517158	0.574673755437	0.681971967134
AG8	0.585790236829	0.607056549058	0.830352827453	0.566940550991	0.684871918801	0.562107298212	0.67133881102	0.574190430159	0.565007249879	0.601739971	0.59255679072	0.656355727405	0.620589656839	0.749637506042	0.675688738521	0.593523441276	0.579507008217	0.577573707105	0.691155147414	0.514258095698	0.492025132914	0.479942000967	0.551474142098	0.54857419043	0.761237312711	0.532141130981	0.532141130981	0.50700821653	0.308361527308	0.0	0.56935717738	0.558724021266	0.568390526825	0.593523441276	0.775737071049	0.683421942968	0.586273562107	0.584823586274	0.58337361044	0.674722087965	0.613823102948	0.661672305462	0.647655872402	0.579507008217	0.634122764621	0.605606573224	0.764620589657	0.706138231029	0.743354277429	0.729821169647	0.694055099082	0.730787820203	0.635572740454	0.634122764621	0.632672788787	0.646205896568	0.645239246013	0.719188013533	0.649589173514	0.696471725471	0.606089898502	0.697438376027
AH7	0.581440309328	0.624456259062	0.952150797487	0.681005316578	0.701788303528	0.572257129048	0.706138231029	0.559690671822	0.542290961817	0.64813919768	0.52779120348	0.64572257129	0.630256162397	0.8796520058	0.689221846303	0.586756887385	0.505558240696	0.480425326245	0.881585306912	0.739971000483	0.573223779604	0.529241179314	0.496858385694	0.507491541808	0.838086031899	0.587723537941	0.48622522958	0.515224746254	0.538907684872	0.56935717738	0.0	0.345094248429	0.55775737071	0.617206379894	0.790236829386	0.714838086032	0.563073948768	0.6389560174	0.608023199613	0.678105364911	0.639922667956	0.758337361044	0.741420976317	0.641372643789	0.648622522958	0.610923151281	0.761720637989	0.717738037699	0.77090381827	0.736587723538	0.703238279362	0.739487675205	0.622522957951	0.622522957951	0.61575640406	0.626389560174	0.628806186564	0.725471242146	0.626389560174	0.713871435476	0.607539874335	0.723537941034
AH8	0.540357660706	0.577573707105	0.952634122765	0.639439342678	0.654422426293	0.514258095698	0.673272112131	0.496375060416	0.49540840986	0.599323344611	0.51377477042	0.60415659739	0.571290478492	0.867568873852	0.641372643789	0.540357660706	0.439342677622	0.402126631223	0.898501691638	0.74770420493	0.552924117931	0.493958434026	0.480908651522	0.493475108748	0.838086031899	0.577573707105	0.489125181247	0.488641855969	0.511358144031	0.558724021266	0.345094248429	0.0	0.505074915418	0.558240695988	0.7593040116	0.676655389077	0.544224262929	0.589173513775	0.552440792653	0.629772837119	0.585790236829	0.704688255196	0.689221846303	0.59497341711	0.585790236829	0.559690671822	0.70372160464	0.663122281295	0.723054615756	0.688738521025	0.641855969067	0.680038666022	0.563073948768	0.563557274045	0.575640405993	0.57177380377	0.573707104882	0.661188980184	0.566940550991	0.672305461576	0.545190913485	0.666988883519
AA5	0.579023682939	0.49540840986	0.958917351377	0.6389560174	0.603673272112	0.438859352344	0.622522957951	0.401159980667	0.406476558724	0.536007733204	0.420976317061	0.538424359594	0.521507974867	0.875785403577	0.553890768487	0.544224262929	0.420009666506	0.425326244563	0.933301111648	0.775737071049	0.572740454326	0.494441759304	0.466408893185	0.45142580957	0.899468342194	0.618656355727	0.421459642339	0.435959400677	0.5186080232	0.568390526825	0.55775737071	0.505074915418	0.0	0.346544224263	0.702754954084	0.596906718221	0.470758820686	0.473175447076	0.48622522958	0.559690671822	0.483325277912	0.621072982117	0.59497341711	0.474142097632	0.520057999033	0.478008699855	0.695505074915	0.646689221846	0.668438859352	0.653939101015	0.64572257129	0.683421942968	0.529241179314	0.545674238763	0.559690671822	0.547607539874	0.538907684872	0.656355727405	0.540840985984	0.641372643789	0.494925084582	0.632189463509
AA6	0.58095698405	0.514741420976	0.962300628323	0.654422426293	0.616723054616	0.462058965684	0.635089415176	0.440792653456	0.470275495408	0.546640889319	0.49540840986	0.555340744321	0.515224746254	0.877718704688	0.581440309328	0.547607539874	0.492025132914	0.492025132914	0.940067665539	0.782986950217	0.612856452392	0.52537457709	0.532141130981	0.52779120348	0.906718221363	0.620106331561	0.488641855969	0.501208313195	0.56935717738	0.593523441276	0.617206379894	0.558240695988	0.346544224263	0.0	0.681005316578	0.571290478492	0.512324794587	0.494441759304	0.487191880135	0.575640405993	0.502658289029	0.649105848236	0.620106331561	0.493958434026	0.445625906235	0.415176413726	0.687288545191	0.639439342678	0.661188980184	0.644755920735	0.630739487675	0.667472208797	0.526341227646	0.533591106815	0.550024166264	0.537941034316	0.543257612373	0.648622522958	0.550507491542	0.631706138231	0.494441759304	0.62493958434
AB5	0.746737554374	0.678588690188	0.972933784437	0.743354277429	0.634606089899	0.65055582407	0.738037699372	0.667472208797	0.677138714355	0.702754954084	0.673755437409	0.608506524891	0.661188980184	0.898018366361	0.711938134364	0.711454809087	0.710004833253	0.704204929918	0.939584340261	0.814403093282	0.820202996617	0.740937651039	0.754470758821	0.734654422426	0.926534557757	0.768003866602	0.717738037699	0.727887868536	0.761720637989	0.775737071049	0.790236829386	0.7593040116	0.702754954084	0.681005316578	0.0	0.326727887869	0.629289511841	0.675205413243	0.642339294345	0.634606089899	0.618656355727	0.748670855486	0.74770420493	0.656355727405	0.634122764621	0.635572740454	0.616723054616	0.623006283229	0.631706138231	0.608023199613	0.627839536008	0.621072982117	0.599323344611	0.612856452392	0.632189463509	0.617206379894	0.666505558241	0.601256645723	0.664088931851	0.610923151281	0.674722087965	0.625422909618
AB6	0.663122281295	0.594490091832	0.96520057999	0.667955534074	0.592073465442	0.554857419043	0.652972450459	0.568873852102	0.58095698405	0.608023199613	0.590140164331	0.518124697922	0.577573707105	0.882551957467	0.634122764621	0.628322861286	0.633639439343	0.627839536008	0.936201063316	0.778637022716	0.735137747704	0.658289028516	0.665055582407	0.642339294345	0.919768003867	0.693088448526	0.626872885452	0.6389560174	0.666988883519	0.683421942968	0.714838086032	0.676655389077	0.596906718221	0.571290478492	0.326727887869	0.0	0.551957467376	0.569840502658	0.558240695988	0.553407443209	0.540357660706	0.663122281295	0.64572257129	0.537457709038	0.542290961817	0.542290961817	0.593523441276	0.551957467376	0.585790236829	0.553890768487	0.546157564041	0.575157080715	0.515708071532	0.540357660706	0.557274045433	0.544707588207	0.572257129048	0.549540840986	0.57177380377	0.550507491542	0.598356694055	0.549540840986
AC5	0.604639922668	0.572257129048	0.97680038666	0.664572257129	0.638472692122	0.473175447076	0.663605606573	0.459642339294	0.449975833736	0.566940550991	0.425326244563	0.548090865152	0.532141130981	0.889318511358	0.637022716288	0.588206863219	0.479458675689	0.46060898985	0.950700821653	0.792170130498	0.631706138231	0.562107298212	0.518124697922	0.490575157081	0.920734654422	0.640405993233	0.47462542291	0.494441759304	0.547124214596	0.586273562107	0.563073948768	0.544224262929	0.470758820686	0.512324794587	0.629289511841	0.551957467376	0.0	0.459159014016	0.465442242629	0.60415659739	0.537457709038	0.703238279362	0.672788786854	0.53697438376	0.478008699855	0.454325761237	0.621072982117	0.577573707105	0.623006283229	0.590623489609	0.572257129048	0.600289995167	0.490575157081	0.496375060416	0.498791686805	0.510874818753	0.574190430159	0.589656839053	0.575157080715	0.569840502658	0.508941517641	0.567907201547
AC6	0.609473175447	0.505074915418	0.959400676655	0.650072498792	0.575157080715	0.512808119865	0.521507974867	0.495891735138	0.53020782987	0.457225712905	0.545674238763	0.529241179314	0.541807636539	0.866602223296	0.537941034316	0.568873852102	0.555340744321	0.560657322378	0.914934751087	0.758820686322	0.652972450459	0.576123731271	0.584340260996	0.559207346544	0.892701788304	0.610439826003	0.538907684872	0.546640889319	0.570323827936	0.584823586274	0.6389560174	0.589173513775	0.473175447076	0.494441759304	0.675205413243	0.569840502658	0.459159014016	0.0	0.515224746254	0.508458192363	0.487675205413	0.473175447076	0.445142580957	0.416143064282	0.570323827936	0.541324311261	0.681005316578	0.640889318511	0.663605606573	0.641372643789	0.636056065732	0.669888835186	0.56259062349	0.573223779604	0.570323827936	0.578540357661	0.548090865152	0.654905751571	0.562107298212	0.624456259062	0.546640889319	0.628806186564
AD6	0.594006766554	0.529724504592	0.974383760271	0.62735621073	0.597873368777	0.424842919285	0.621072982117	0.44224262929	0.445625906235	0.537941034316	0.445142580957	0.519574673755	0.489125181247	0.885451909135	0.597390043499	0.551474142098	0.484291928468	0.475108748188	0.945867568874	0.78250362494	0.634122764621	0.561140647656	0.552924117931	0.529241179314	0.912518124698	0.625422909618	0.514258095698	0.532624456259	0.554857419043	0.58337361044	0.608023199613	0.552440792653	0.48622522958	0.487191880135	0.642339294345	0.558240695988	0.465442242629	0.515224746254	0.0	0.561140647656	0.445625906235	0.681971967134	0.660705654906	0.523924601257	0.491541807637	0.455775737071	0.605606573224	0.551474142098	0.597390043499	0.570323827936	0.556790720155	0.58337361044	0.459159014016	0.463508941518	0.473658772354	0.478975350411	0.533591106815	0.575157080715	0.543257612373	0.565007249879	0.464475592073	0.547607539874
AE5	0.623972933784	0.525857902368	0.975350410826	0.642339294345	0.537457709038	0.552440792653	0.574673755437	0.5601739971	0.607539874335	0.530691155147	0.610923151281	0.496858385694	0.577573707105	0.882551957467	0.553890768487	0.58095698405	0.598356694055	0.617206379894	0.924117931368	0.761720637989	0.728854519091	0.655872402127	0.658289028516	0.643789270179	0.877718704688	0.654422426293	0.625422909618	0.628322861286	0.65055582407	0.674722087965	0.678105364911	0.629772837119	0.559690671822	0.575640405993	0.634606089899	0.553407443209	0.60415659739	0.508458192363	0.561140647656	0.0	0.364910584824	0.582406959884	0.577090381827	0.521024649589	0.621556307395	0.614306428226	0.6389560174	0.602706621556	0.635089415176	0.604639922668	0.617689705172	0.642339294345	0.537941034316	0.561623972934	0.594490091832	0.566940550991	0.550024166264	0.614789753504	0.55775737071	0.599806669889	0.582890285162	0.615273078782
AE6	0.591590140164	0.471242145964	0.972933784437	0.623489608507	0.548090865152	0.479942000967	0.565007249879	0.482358627356	0.535524407927	0.501208313195	0.533591106815	0.501691638473	0.508458192363	0.882551957467	0.54857419043	0.539874335428	0.534557757371	0.544224262929	0.93523441276	0.766070565491	0.6805219913	0.602223296278	0.605606573224	0.581440309328	0.894635089415	0.625422909618	0.563557274045	0.575157080715	0.60415659739	0.613823102948	0.639922667956	0.585790236829	0.483325277912	0.502658289029	0.618656355727	0.540357660706	0.537457709038	0.487675205413	0.445625906235	0.364910584824	0.0	0.617689705172	0.597390043499	0.478492025133	0.548090865152	0.541807636539	0.631222812953	0.578057032383	0.610923151281	0.589656839053	0.585790236829	0.618173030449	0.491058482359	0.496375060416	0.512324794587	0.509908168197	0.508941517641	0.592073465442	0.51619139681	0.578057032383	0.513291445143	0.583856935718
AF5	0.696471725471	0.608989850169	0.936201063316	0.656355727405	0.639922667956	0.663122281295	0.553407443209	0.64572257129	0.674238762687	0.567423876269	0.697438376027	0.607539874335	0.656355727405	0.848719188014	0.577573707105	0.658289028516	0.700821652972	0.713388110198	0.869502174964	0.724987916868	0.706621556307	0.66892218463	0.706621556307	0.696471725471	0.876268728855	0.684388593523	0.687288545191	0.674238762687	0.650072498792	0.661672305462	0.758337361044	0.704688255196	0.621072982117	0.649105848236	0.748670855486	0.663122281295	0.703238279362	0.473175447076	0.681971967134	0.582406959884	0.617689705172	0.0	0.269695505075	0.519574673755	0.708554857419	0.696471725471	0.752537457709	0.705654905752	0.721604639923	0.698405026583	0.713871435476	0.737071048816	0.684871918801	0.699855002417	0.71290478492	0.698405026583	0.65973900435	0.723054615756	0.661672305462	0.691155147414	0.700338327695	0.700821652972
AF6	0.684388593523	0.587240212663	0.930884485259	0.655389076849	0.634122764621	0.644272595457	0.53697438376	0.620589656839	0.654905751571	0.547607539874	0.677622039633	0.601256645723	0.636056065732	0.840985983567	0.563073948768	0.639439342678	0.679555340744	0.69212179797	0.881101981634	0.733204446593	0.699371677139	0.65973900435	0.685355244079	0.677622039633	0.874818753021	0.66892218463	0.669888835186	0.653939101015	0.635572740454	0.647655872402	0.741420976317	0.689221846303	0.59497341711	0.620106331561	0.74770420493	0.64572257129	0.672788786854	0.445142580957	0.660705654906	0.577090381827	0.597390043499	0.269695505075	0.0	0.501208313195	0.690188496858	0.679072015466	0.749154180764	0.703238279362	0.718704688255	0.695505074915	0.698888351861	0.727404543258	0.663605606573	0.679072015466	0.695021749638	0.676172063799	0.633156114065	0.716288061866	0.635572740454	0.690671822136	0.686805219913	0.691638472692
