	AA3	AA4	AB3	AB4	AC3	AC4	AD3	AD4	AE3	AE4	AF3	AF4	AG3	AG4	AH3	AH4	AA7	AA8	AB7	AB8	AC7	AC8	AD7	AD8	AE7	AE8	AF7	AF8	AG7	AG8	AH7	AH8	AA5	AA6	AB5	AB6	AC5	AC6	AD6	AE5	AE6	AF5	AF6	AG5	AH5	AH6	AA1	AA2	AB1	AB2	AC1	AC2	AD1	AD2	AE1	AE2	AF1	AF2	AG1	AG2	AH1	AH2
AA3	0.0	0.480425326245	0.924117931368	0.62735621073	0.656839052682	0.576607056549	0.659255679072	0.591106814886	0.560657322378	0.617206379894	0.607056549058	0.610923151281	0.577573707105	0.854519091348	0.659255679072	0.335427742871	0.570323827936	0.56259062349	0.862252295795	0.709038182697	0.608023199613	0.562107298212	0.583856935718	0.58337361044	0.826002899952	0.568390526825	0.568390526825	0.547124214596	0.563557274045	0.578540357661	0.581923634606	0.555340744321	0.580473658772	0.588690188497	0.745770903818	0.690188496858	0.590623489609	0.607539874335	0.586273562107	0.620589656839	0.597390043499	0.707588206863	0.691155147414	0.609956500725	0.623972933784	0.609473175447	0.687288545191	0.65732237796	0.704688255196	0.662638956017	0.65732237796	0.67133881102	0.586273562107	0.558240695988	0.561623972934	0.566457225713	0.575640405993	0.652972450459	0.607539874335	0.667472208797	0.573223779604	0.654905751571
AA4	0.480425326245	0.0	0.942000966651	0.581440309328	0.563557274045	0.46979217013	0.582890285162	0.476558724021	0.478008699855	0.510391493475	0.538424359594	0.494925084582	0.457709038183	0.864668922185	0.380376993717	0.361527307878	0.516674722088	0.515224746254	0.891735137748	0.72450459159	0.646689221846	0.5601739971	0.578540357661	0.5601739971	0.870952150797	0.587723537941	0.532141130981	0.535041082649	0.572740454326	0.597390043499	0.612373127115	0.566457225713	0.493475108748	0.497825036249	0.65973900435	0.593523441276	0.544224262929	0.498791686805	0.509908168197	0.534074432093	0.482358627356	0.633156114065	0.611889801837	0.505558240696	0.558724021266	0.547607539874	0.647172547124	0.579990333494	0.617206379894	0.588690188497	0.602223296278	0.625422909618	0.516674722088	0.505074915418	0.512808119865	0.515708071532	0.477525374577	0.604639922668	0.499275012083	0.598356694055	0.498308361527	0.571290478492
AB3	0.924117931368	0.942000966651	0.0	0.66892218463	0.913484775254	0.95360077332	0.952634122765	0.941517641373	0.919768003867	0.943450942484	0.966167230546	0.924601256646	0.958917351377	0.329627839536	0.956500724988	0.936201063316	0.96520057999	0.958917351377	0.727404543258	0.749637506042	0.890285161914	0.907684871919	0.955050749154	0.953117448043	0.846302561624	0.885451909135	0.937651039149	0.926051232479	0.832286128565	0.823586273562	0.945384243596	0.949250845819	0.95360077332	0.957467375544	0.969550507492	0.95601739971	0.967133881102	0.943934267762	0.967133881102	0.967133881102	0.966650555824	0.924601256646	0.929917834703	0.943934267762	0.970033832769	0.96520057999	0.967133881102	0.964717254712	0.964233929435	0.96520057999	0.971000483325	0.964233929435	0.970033832769	0.968100531658	0.971967133881	0.967133881102	0.967133881102	0.966167230546	0.966650555824	0.968100531658	0.968583856936	0.965683905268
AB4	0.62735621073	0.581440309328	0.66892218463	0.0	0.638472692122	0.612856452392	0.684388593523	0.625422909618	0.607539874335	0.633639439343	0.642339294345	0.608989850169	0.494441759304	0.57177380377	0.608506524891	0.586273562107	0.642339294345	0.633156114065	0.729337844369	0.578057032383	0.658289028516	0.623489608507	0.659255679072	0.646205896568	0.801836636056	0.625422909618	0.646689221846	0.633639439343	0.547607539874	0.579990333494	0.686321894635	0.655872402127	0.637022716288	0.644272595457	0.727887868536	0.672305461576	0.650072498792	0.641855969067	0.634606089899	0.647655872402	0.633156114065	0.674238762687	0.664572257129	0.62735621073	0.678588690188	0.673272112131	0.704688255196	0.667955534074	0.702754954084	0.677138714355	0.677622039633	0.672305461576	0.637989366844	0.639922667956	0.656355727405	0.643789270179	0.634606089899	0.666022232963	0.635572740454	0.672788786854	0.644272595457	0.665055582407
AC3	0.656839052682	0.563557274045	0.913484775254	0.638472692122	0.0	0.466408893185	0.626872885452	0.563073948768	0.553407443209	0.575640405993	0.622522957951	0.324311261479	0.603673272112	0.840985983567	0.576607056549	0.599323344611	0.620106331561	0.615273078782	0.87046882552	0.744804253262	0.728854519091	0.672305461576	0.726437892702	0.709038182697	0.834219429676	0.666505558241	0.654422426293	0.662638956017	0.665055582407	0.684388593523	0.70130497825	0.673755437409	0.595456742388	0.625906234896	0.616723054616	0.579990333494	0.621072982117	0.576607056549	0.580473658772	0.565973900435	0.559207346544	0.662638956017	0.651522474625	0.567423876269	0.644272595457	0.637989366844	0.600773320445	0.58337361044	0.575640405993	0.565973900435	0.609956500725	0.597873368777	0.537457709038	0.568873852102	0.581440309328	0.555824069599	0.596423392943	0.583856935718	0.60657322378	0.594006766554	0.603673272112	0.593523441276
AC4	0.576607056549	0.46979217013	0.95360077332	0.612856452392	0.466408893185	0.0	0.605123247946	0.435959400677	0.410826486225	0.519091348478	0.356210729821	0.377477042049	0.49540840986	0.876268728855	0.550024166264	0.530691155147	0.490575157081	0.470758820686	0.924601256646	0.754470758821	0.604639922668	0.541324311261	0.540357660706	0.523924601257	0.886901884969	0.57177380377	0.503141614306	0.509908168197	0.544224262929	0.567907201547	0.58337361044	0.536007733204	0.458675688739	0.464475592073	0.625906234896	0.562107298212	0.466892218463	0.521024649589	0.418076365394	0.550507491542	0.469308844853	0.681488641856	0.664572257129	0.506524891252	0.506524891252	0.477525374577	0.625906234896	0.571290478492	0.582890285162	0.565490575157	0.584823586274	0.594006766554	0.479458675689	0.489608506525	0.503141614306	0.488641855969	0.521507974867	0.582406959884	0.549057515708	0.56935717738	0.476075398743	0.551474142098
AD3	0.659255679072	0.582890285162	0.952634122765	0.684388593523	0.626872885452	0.605123247946	0.0	0.510391493475	0.616723054616	0.347994200097	0.658289028516	0.587240212663	0.618173030449	0.875302078299	0.563073948768	0.625906234896	0.664088931851	0.666988883519	0.942000966651	0.774770420493	0.707588206863	0.679555340744	0.681971967134	0.678105364911	0.920251329145	0.679072015466	0.686321894635	0.681488641856	0.669888835186	0.666988883519	0.704688255196	0.68293861769	0.610923151281	0.633156114065	0.72450459159	0.659255679072	0.664088931851	0.530691155147	0.615273078782	0.587240212663	0.577573707105	0.556307394877	0.532141130981	0.524407926535	0.68293861769	0.678105364911	0.761237312711	0.705654905752	0.721121314645	0.70130497825	0.71290478492	0.731271145481	0.641855969067	0.646205896568	0.65732237796	0.637989366844	0.612373127115	0.708554857419	0.637022716288	0.70372160464	0.665055582407	0.696955050749
AD4	0.591106814886	0.476558724021	0.941517641373	0.625422909618	0.563073948768	0.435959400677	0.510391493475	0.0	0.328177863702	0.404059932334	0.438376027066	0.502174963751	0.510391493475	0.866602223296	0.542774287095	0.535524407927	0.459159014016	0.45142580957	0.944900918318	0.771870468826	0.591106814886	0.498791686805	0.505558240696	0.479458675689	0.908651522475	0.587723537941	0.440792653456	0.457225712905	0.511358144031	0.568873852102	0.543740937651	0.493475108748	0.387143547608	0.432576123731	0.652005799903	0.580473658772	0.440792653456	0.498308361527	0.449975833736	0.551957467376	0.475108748188	0.650072498792	0.625906234896	0.484291928468	0.521991300145	0.485741904302	0.676655389077	0.616239729338	0.6389560174	0.620106331561	0.623972933784	0.643305944901	0.524407926535	0.521507974867	0.534557757371	0.529724504592	0.524891251812	0.622522957951	0.552440792653	0.626872885452	0.514258095698	0.605123247946
AE3	0.560657322378	0.478008699855	0.919768003867	0.607539874335	0.553407443209	0.410826486225	0.616723054616	0.328177863702	0.0	0.506524891252	0.427742870952	0.495891735138	0.503141614306	0.850652489125	0.55775737071	0.531174480425	0.452392460126	0.4398260029	0.91445142581	0.744804253262	0.552440792653	0.452392460126	0.49540840986	0.473175447076	0.885935234413	0.567907201547	0.429676172064	0.45142580957	0.487675205413	0.54857419043	0.546640889319	0.493958434026	0.388593523441	0.431126147898	0.652489125181	0.587240212663	0.441759304012	0.526341227646	0.439342677622	0.597390043499	0.509424842919	0.685838569357	0.665538907685	0.515708071532	0.507491541808	0.464958917351	0.65973900435	0.606089898502	0.62493958434	0.612856452392	0.613823102948	0.635572740454	0.510391493475	0.517641372644	0.526824552924	0.528757854036	0.529724504592	0.617689705172	0.559690671822	0.612373127115	0.50700821653	0.584823586274
AE4	0.617206379894	0.510391493475	0.943450942484	0.633639439343	0.575640405993	0.519091348478	0.347994200097	0.404059932334	0.506524891252	0.0	0.572740454326	0.531657805703	0.54857419043	0.866118898018	0.52779120348	0.574190430159	0.578540357661	0.586273562107	0.936684388594	0.766553890768	0.658289028516	0.59497341711	0.616239729338	0.597390043499	0.909134847753	0.606089898502	0.591106814886	0.586273562107	0.587240212663	0.610923151281	0.646205896568	0.610923151281	0.527307878202	0.54857419043	0.681971967134	0.610923151281	0.57177380377	0.462058965684	0.538424359594	0.541807636539	0.521507974867	0.585790236829	0.561140647656	0.493958434026	0.603189946834	0.594490091832	0.708554857419	0.655389076849	0.68293861769	0.662638956017	0.673755437409	0.685355244079	0.59255679072	0.58337361044	0.590140164331	0.584823586274	0.561140647656	0.664088931851	0.587723537941	0.667955534074	0.589656839053	0.645239246013
AF3	0.607056549058	0.538424359594	0.966167230546	0.642339294345	0.622522957951	0.356210729821	0.658289028516	0.438376027066	0.427742870952	0.572740454326	0.0	0.538424359594	0.531657805703	0.893185113581	0.606089898502	0.577090381827	0.451909134848	0.445142580957	0.956984050266	0.791203479942	0.593040115998	0.521024649589	0.439342677622	0.43064282262	0.925084581924	0.609956500725	0.44224262929	0.478492025133	0.54857419043	0.601739971	0.530691155147	0.506524891252	0.434026099565	0.480425326245	0.683421942968	0.633156114065	0.4398260029	0.565007249879	0.459642339294	0.622522957951	0.535524407927	0.726437892702	0.705171580474	0.553890768487	0.521024649589	0.491058482359	0.685355244079	0.623006283229	0.669405509908	0.632189463509	0.632189463509	0.649105848236	0.556307394877	0.530691155147	0.545674238763	0.544224262929	0.565490575157	0.639439342678	0.593523441276	0.622522957951	0.506041565974	0.609956500725
AF4	0.610923151281	0.494925084582	0.924601256646	0.608989850169	0.324311261479	0.377477042049	0.587240212663	0.502174963751	0.495891735138	0.531657805703	0.538424359594	0.0	0.553890768487	0.853552440793	0.529724504592	0.541807636539	0.571290478492	0.565007249879	0.883035282745	0.717254712421	0.686805219913	0.624456259062	0.666988883519	0.648622522958	0.853069115515	0.619139681005	0.602706621556	0.612373127115	0.616723054616	0.642822619623	0.662638956017	0.626872885452	0.537941034316	0.565973900435	0.593523441276	0.517641372644	0.540840985984	0.538907684872	0.509908168197	0.522957950701	0.506524891252	0.63653939101	0.622522957951	0.522474625423	0.554374093765	0.54857419043	0.579990333494	0.525857902368	0.549057515708	0.5186080232	0.539874335428	0.554374093765	0.467375543741	0.506041565974	0.51377477042	0.513291445143	0.54857419043	0.536491058482	0.553890768487	0.533107781537	0.542290961817	0.511358144031
AG3	0.577573707105	0.457709038183	0.958917351377	0.494441759304	0.603673272112	0.49540840986	0.618173030449	0.510391493475	0.503141614306	0.54857419043	0.531657805703	0.553890768487	0.0	0.857419043016	0.51377477042	0.51619139681	0.506041565974	0.500724987917	0.930884485259	0.763170613823	0.663605606573	0.588206863219	0.590623489609	0.581440309328	0.893185113581	0.608989850169	0.535524407927	0.564040599323	0.586756887385	0.617206379894	0.631222812953	0.570323827936	0.511841469309	0.519574673755	0.670372160464	0.622039632673	0.536007733204	0.531657805703	0.520057999033	0.570323827936	0.506524891252	0.668438859352	0.647655872402	0.535041082649	0.574190430159	0.559207346544	0.634606089899	0.590623489609	0.626872885452	0.609473175447	0.611889801837	0.609956500725	0.524891251812	0.521024649589	0.539874335428	0.536491058482	0.530691155147	0.601739971	0.556790720155	0.612856452392	0.501691638473	0.589656839053
AG4	0.854519091348	0.864668922185	0.329627839536	0.57177380377	0.840985983567	0.876268728855	0.875302078299	0.866602223296	0.850652489125	0.866118898018	0.893185113581	0.853552440793	0.857419043016	0.0	0.879168680522	0.857419043016	0.898501691638	0.892701788304	0.70372160464	0.678588690188	0.825519574674	0.838569357177	0.887385210246	0.883518608023	0.831802803287	0.820202996617	0.86563557274	0.853552440793	0.761237312711	0.750120831319	0.880618656356	0.878202029966	0.881585306912	0.885451909135	0.897535041083	0.883518608023	0.897051715805	0.86805219913	0.893185113581	0.887868535524	0.891735137748	0.848235862736	0.855969067182	0.874818753021	0.90043499275	0.893668438859	0.894151764137	0.893185113581	0.894635089415	0.892218463026	0.898018366361	0.896085065249	0.899951667472	0.896085065249	0.898985016916	0.896085065249	0.894151764137	0.892218463026	0.895118414693	0.896568390527	0.899468342194	0.897051715805
AH3	0.659255679072	0.380376993717	0.956500724988	0.608506524891	0.576607056549	0.550024166264	0.563073948768	0.542774287095	0.55775737071	0.52779120348	0.606089898502	0.529724504592	0.51377477042	0.879168680522	0.0	0.531657805703	0.597390043499	0.603189946834	0.929917834703	0.767037216046	0.713871435476	0.6389560174	0.653939101015	0.638472692122	0.901884968584	0.6805219913	0.626389560174	0.642339294345	0.658289028516	0.6805219913	0.697438376027	0.647172547124	0.550507491542	0.577090381827	0.693571773804	0.637022716288	0.623489608507	0.525857902368	0.588206863219	0.560657322378	0.564523924601	0.587240212663	0.568390526825	0.542774287095	0.6389560174	0.630256162397	0.694055099082	0.619623006283	0.65055582407	0.640889318511	0.646205896568	0.65973900435	0.589656839053	0.593523441276	0.605123247946	0.604639922668	0.5601739971	0.642822619623	0.551474142098	0.642822619623	0.591590140164	0.60657322378
AH4	0.335427742871	0.361527307878	0.936201063316	0.586273562107	0.599323344611	0.530691155147	0.625906234896	0.535524407927	0.531174480425	0.574190430159	0.577090381827	0.541807636539	0.51619139681	0.857419043016	0.531657805703	0.0	0.534074432093	0.531657805703	0.874335427743	0.712421459642	0.635572740454	0.563557274045	0.580473658772	0.572740454326	0.846785886902	0.581440309328	0.555340744321	0.554374093765	0.572257129048	0.596906718221	0.600289995167	0.558240695988	0.540357660706	0.543740937651	0.697921701305	0.642339294345	0.582406959884	0.578057032383	0.547124214596	0.566940550991	0.541807636539	0.675205413243	0.652489125181	0.568390526825	0.598840019333	0.582406959884	0.660705654906	0.611889801837	0.661188980184	0.61575640406	0.619623006283	0.634606089899	0.538907684872	0.532141130981	0.542290961817	0.531657805703	0.517641372644	0.623972933784	0.537457709038	0.624456259062	0.536007733204	0.608506524891
AA7	0.570323827936	0.516674722088	0.96520057999	0.642339294345	0.620106331561	0.490575157081	0.664088931851	0.459159014016	0.452392460126	0.578540357661	0.451909134848	0.571290478492	0.506041565974	0.898501691638	0.597390043499	0.534074432093	0.0	0.293378443693	0.920251329145	0.763653939101	0.596906718221	0.511358144031	0.492508458192	0.474142097632	0.867568873852	0.574190430159	0.446592556791	0.471725471242	0.538424359594	0.580473658772	0.5186080232	0.422909618173	0.439342677622	0.475592073465	0.704204929918	0.655389076849	0.474142097632	0.574673755437	0.500724987917	0.603673272112	0.549540840986	0.718704688255	0.702754954084	0.573223779604	0.561623972934	0.52779120348	0.669888835186	0.618173030449	0.66892218463	0.630256162397	0.611889801837	0.632672788787	0.524407926535	0.53020782987	0.535524407927	0.529724504592	0.528757854036	0.616723054616	0.555824069599	0.630256162397	0.508458192363	0.617689705172
AA8	0.56259062349	0.515224746254	0.958917351377	0.633156114065	0.615273078782	0.470758820686	0.666988883519	0.45142580957	0.4398260029	0.586273562107	0.445142580957	0.565007249879	0.500724987917	0.892701788304	0.603189946834	0.531657805703	0.293378443693	0.0	0.911551474142	0.748187530208	0.577090381827	0.488641855969	0.48380860319	0.467858869019	0.859835669406	0.563557274045	0.437892701788	0.453359110681	0.521024649589	0.569840502658	0.481875302078	0.379893668439	0.424359594007	0.463508941518	0.707104881585	0.655872402127	0.467858869019	0.570807153214	0.488641855969	0.60415659739	0.545674238763	0.724021266312	0.702271628806	0.567907201547	0.545674238763	0.507491541808	0.668438859352	0.61333977767	0.662155630739	0.631222812953	0.609956500725	0.62735621073	0.526824552924	0.519574673755	0.532141130981	0.526824552924	0.530691155147	0.616239729338	0.558240695988	0.626389560174	0.497825036249	0.61333977767
AB7	0.862252295795	0.891735137748	0.727404543258	0.729337844369	0.87046882552	0.924601256646	0.942000966651	0.944900918318	0.91445142581	0.936684388594	0.956984050266	0.883035282745	0.930884485259	0.70372160464	0.929917834703	0.874335427743	0.920251329145	0.911551474142	0.0	0.407926534558	0.82165297245	0.84726921218	0.930401159981	0.929917834703	0.731271145481	0.813919768004	0.90043499275	0.874818753021	0.730787820203	0.695021749638	0.885935234413	0.904301594973	0.927017883035	0.938617689705	0.942967617206	0.927017883035	0.943934267762	0.902368293862	0.949734171097	0.925084581924	0.938617689705	0.87723537941	0.879168680522	0.91203479942	0.959884001933	0.952634122765	0.925567907202	0.923151280812	0.932334461092	0.924601256646	0.929434509425	0.921701304978	0.919284678589	0.919768003867	0.917834702755	0.914934751087	0.914934751087	0.918801353311	0.917834702755	0.922184630256	0.947317544708	0.933784436926
AB8	0.709038182697	0.72450459159	0.749637506042	0.578057032383	0.744804253262	0.754470758821	0.774770420493	0.771870468826	0.744804253262	0.766553890768	0.791203479942	0.717254712421	0.763170613823	0.678588690188	0.767037216046	0.712421459642	0.763653939101	0.748187530208	0.407926534558	0.0	0.659255679072	0.676172063799	0.753020782987	0.755437409377	0.730304494925	0.652005799903	0.727887868536	0.700338327695	0.539874335428	0.507491541808	0.734654422426	0.742387626873	0.763170613823	0.769937167714	0.813919768004	0.764620589657	0.770420492992	0.727887868536	0.774770420493	0.756404059932	0.761720637989	0.735621072982	0.724021266312	0.739487675205	0.792653455776	0.785403576607	0.816819719671	0.758337361044	0.793136781054	0.763653939101	0.769453842436	0.784436926051	0.760270662156	0.754954084099	0.759787336878	0.754954084099	0.752537457709	0.770420492992	0.754470758821	0.75688738521	0.773803769937	0.758337361044
AC7	0.608023199613	0.646689221846	0.890285161914	0.658289028516	0.728854519091	0.604639922668	0.707588206863	0.591106814886	0.552440792653	0.658289028516	0.593040115998	0.686805219913	0.663605606573	0.825519574674	0.713871435476	0.635572740454	0.596906718221	0.577090381827	0.82165297245	0.659255679072	0.0	0.360077332044	0.572740454326	0.564040599323	0.826002899952	0.585790236829	0.547124214596	0.514258095698	0.482358627356	0.493475108748	0.568390526825	0.554374093765	0.567907201547	0.584823586274	0.807153214113	0.750120831319	0.622522957951	0.655389076849	0.613823102948	0.715804736588	0.674238762687	0.727887868536	0.70130497825	0.640889318511	0.641855969067	0.60657322378	0.82165297245	0.769453842436	0.797486708555	0.782020299662	0.762203963267	0.77767037216	0.686321894635	0.671822136298	0.683905268246	0.679072015466	0.663605606573	0.772353794103	0.694055099082	0.769937167714	0.627839536008	0.752537457709
AC8	0.562107298212	0.5601739971	0.907684871919	0.623489608507	0.672305461576	0.541324311261	0.679555340744	0.498791686805	0.452392460126	0.59497341711	0.521024649589	0.624456259062	0.588206863219	0.838569357177	0.6389560174	0.563557274045	0.511358144031	0.488641855969	0.84726921218	0.676172063799	0.360077332044	0.0	0.480425326245	0.473658772354	0.845335911068	0.540840985984	0.401159980667	0.37506041566	0.429676172064	0.480425326245	0.521991300145	0.466892218463	0.466892218463	0.503624939584	0.732721121315	0.673272112131	0.536491058482	0.577573707105	0.542290961817	0.633639439343	0.598840019333	0.690188496858	0.661672305462	0.573223779604	0.582406959884	0.533107781537	0.744320927985	0.690671822136	0.729821169647	0.708071532141	0.684871918801	0.702754954084	0.605123247946	0.594490091832	0.607539874335	0.603673272112	0.586273562107	0.69453842436	0.610439826003	0.700338327695	0.551957467376	0.672788786854
AD7	0.583856935718	0.578540357661	0.955050749154	0.659255679072	0.726437892702	0.540357660706	0.681971967134	0.505558240696	0.49540840986	0.616239729338	0.439342677622	0.666988883519	0.590623489609	0.887385210246	0.653939101015	0.580473658772	0.492508458192	0.48380860319	0.930401159981	0.753020782987	0.572740454326	0.480425326245	0.0	0.293861768971	0.896085065249	0.511841469309	0.429192846786	0.454325761237	0.510874818753	0.550507491542	0.501208313195	0.46302561624	0.481875302078	0.525857902368	0.74528757854	0.69453842436	0.514741420976	0.605123247946	0.553407443209	0.65055582407	0.608506524891	0.720637989367	0.698405026583	0.606089898502	0.587723537941	0.552440792653	0.760270662156	0.695021749638	0.746254229096	0.72692121798	0.694055099082	0.707588206863	0.630256162397	0.613823102948	0.61575640406	0.626389560174	0.593040115998	0.707588206863	0.616723054616	0.710004833253	0.569840502658	0.678588690188
AD8	0.58337361044	0.5601739971	0.953117448043	0.646205896568	0.709038182697	0.523924601257	0.678105364911	0.479458675689	0.473175447076	0.597390043499	0.43064282262	0.648622522958	0.581440309328	0.883518608023	0.638472692122	0.572740454326	0.474142097632	0.467858869019	0.929917834703	0.755437409377	0.564040599323	0.473658772354	0.293861768971	0.0	0.868535524408	0.485741904302	0.415659739004	0.442725954567	0.489125181247	0.540840985984	0.502658289029	0.467858869019	0.473658772354	0.509908168197	0.740937651039	0.6805219913	0.501208313195	0.596906718221	0.526824552924	0.631222812953	0.588690188497	0.724021266312	0.702271628806	0.589173513775	0.573707104882	0.542290961817	0.745770903818	0.681005316578	0.728371193813	0.707588206863	0.676655389077	0.696471725471	0.607056549058	0.59497341711	0.593523441276	0.607056549058	0.581440309328	0.691155147414	0.608506524891	0.696471725471	0.5601739971	0.664088931851
AE7	0.826002899952	0.870952150797	0.846302561624	0.801836636056	0.834219429676	0.886901884969	0.920251329145	0.908651522475	0.885935234413	0.909134847753	0.925084581924	0.853069115515	0.893185113581	0.831802803287	0.901884968584	0.846785886902	0.867568873852	0.859835669406	0.731271145481	0.730304494925	0.826002899952	0.845335911068	0.896085065249	0.868535524408	0.0	0.551474142098	0.884001933301	0.855002416626	0.758820686322	0.753020782987	0.838569357177	0.850169163847	0.907684871919	0.91203479942	0.931851135814	0.910101498308	0.91445142581	0.887385210246	0.915901401643	0.871435476075	0.898985016916	0.872402126631	0.881101981634	0.884485258579	0.937167713871	0.924601256646	0.894635089415	0.894151764137	0.905268245529	0.896085065249	0.903818269696	0.897535041083	0.89125181247	0.896085065249	0.897535041083	0.880618656356	0.900918318028	0.88883518608	0.904301594973	0.90285161914	0.913001449976	0.911551474142
AE8	0.568390526825	0.587723537941	0.885451909135	0.625422909618	0.666505558241	0.57177380377	0.679072015466	0.587723537941	0.567907201547	0.606089898502	0.609956500725	0.619139681005	0.608989850169	0.820202996617	0.6805219913	0.581440309328	0.574190430159	0.563557274045	0.813919768004	0.652005799903	0.585790236829	0.540840985984	0.511841469309	0.485741904302	0.551474142098	0.0	0.561140647656	0.53697438376	0.490091831803	0.501691638473	0.570323827936	0.551957467376	0.597390043499	0.598840019333	0.743837602707	0.684871918801	0.601739971	0.588206863219	0.595456742388	0.610923151281	0.615273078782	0.673755437409	0.659255679072	0.60415659739	0.635089415176	0.617689705172	0.741420976317	0.678105364911	0.730304494925	0.698405026583	0.691638472692	0.710004833253	0.636056065732	0.620589656839	0.621556307395	0.624456259062	0.62493958434	0.687771870469	0.647172547124	0.685838569357	0.605606573224	0.674238762687
AF7	0.568390526825	0.532141130981	0.937651039149	0.646689221846	0.654422426293	0.503141614306	0.686321894635	0.440792653456	0.429676172064	0.591106814886	0.44224262929	0.602706621556	0.535524407927	0.86563557274	0.626389560174	0.555340744321	0.446592556791	0.437892701788	0.90043499275	0.727887868536	0.547124214596	0.401159980667	0.429192846786	0.415659739004	0.884001933301	0.561140647656	0.0	0.321894635089	0.476075398743	0.533107781537	0.485258579024	0.466892218463	0.415176413726	0.46060898985	0.693571773804	0.634606089899	0.455775737071	0.544707588207	0.501691638473	0.61575640406	0.556307394877	0.708554857419	0.688255195747	0.545190913485	0.541324311261	0.497825036249	0.686321894635	0.637989366844	0.688255195747	0.666505558241	0.632189463509	0.646689221846	0.56259062349	0.54857419043	0.556307394877	0.560657322378	0.555340744321	0.63653939101	0.583856935718	0.657805703238	0.509424842919	0.618656355727
AF8	0.547124214596	0.535041082649	0.926051232479	0.633639439343	0.662638956017	0.509908168197	0.681488641856	0.457225712905	0.45142580957	0.586273562107	0.478492025133	0.612373127115	0.564040599323	0.853552440793	0.642339294345	0.554374093765	0.471725471242	0.453359110681	0.874818753021	0.700338327695	0.514258095698	0.37506041566	0.454325761237	0.442725954567	0.855002416626	0.53697438376	0.321894635089	0.0	0.46060898985	0.512324794587	0.505074915418	0.459642339294	0.4398260029	0.492025132914	0.710004833253	0.649105848236	0.478492025133	0.546640889319	0.511841469309	0.603189946834	0.565490575157	0.685355244079	0.665538907685	0.547124214596	0.561623972934	0.521991300145	0.685838569357	0.636056065732	0.687771870469	0.662638956017	0.640405993233	0.650072498792	0.558240695988	0.548090865152	0.556790720155	0.560657322378	0.544707588207	0.637022716288	0.573707104882	0.65732237796	0.50459159014	0.619623006283
AG7	0.563557274045	0.572740454326	0.832286128565	0.547607539874	0.665055582407	0.544224262929	0.669888835186	0.511358144031	0.487675205413	0.587240212663	0.54857419043	0.616723054616	0.586756887385	0.761237312711	0.658289028516	0.572257129048	0.538424359594	0.521024649589	0.730787820203	0.539874335428	0.482358627356	0.429676172064	0.510874818753	0.489125181247	0.758820686322	0.490091831803	0.476075398743	0.46060898985	0.0	0.293861768971	0.53939101015	0.512808119865	0.51619139681	0.537457709038	0.739004349928	0.677138714355	0.536007733204	0.569840502658	0.545674238763	0.623972933784	0.587240212663	0.670372160464	0.64813919768	0.565007249879	0.598840019333	0.576607056549	0.741904301595	0.679072015466	0.715804736588	0.698888351861	0.676655389077	0.697438376027	0.607056549058	0.599323344611	0.603673272112	0.600773320445	0.603673272112	0.691638472692	0.628806186564	0.687288545191	0.581923634606	0.659255679072
AG8	0.578540357661	0.597390043499	0.823586273562	0.579990333494	0.684388593523	0.567907201547	0.666988883519	0.568873852102	0.54857419043	0.610923151281	0.601739971	0.642822619623	0.617206379894	0.750120831319	0.6805219913	0.596906718221	0.580473658772	0.569840502658	0.695021749638	0.507491541808	0.493475108748	0.480425326245	0.550507491542	0.540840985984	0.753020782987	0.501691638473	0.533107781537	0.512324794587	0.293861768971	0.0	0.569840502658	0.556307394877	0.567907201547	0.580473658772	0.764620589657	0.704688255196	0.590623489609	0.589656839053	0.579990333494	0.649105848236	0.610439826003	0.679555340744	0.65732237796	0.590623489609	0.630739487675	0.607056549058	0.769937167714	0.70372160464	0.744320927985	0.725471242146	0.704688255196	0.72692121798	0.634606089899	0.626872885452	0.636056065732	0.633639439343	0.63653939101	0.719188013533	0.660705654906	0.712421459642	0.614789753504	0.685355244079
AH7	0.581923634606	0.612373127115	0.945384243596	0.686321894635	0.70130497825	0.58337361044	0.704688255196	0.543740937651	0.546640889319	0.646205896568	0.530691155147	0.662638956017	0.631222812953	0.880618656356	0.697438376027	0.600289995167	0.5186080232	0.481875302078	0.885935234413	0.734654422426	0.568390526825	0.521991300145	0.501208313195	0.502658289029	0.838569357177	0.570323827936	0.485258579024	0.505074915418	0.53939101015	0.569840502658	0.0	0.322861285645	0.561140647656	0.596423392943	0.78008699855	0.727404543258	0.554857419043	0.65055582407	0.611889801837	0.661672305462	0.642339294345	0.762203963267	0.739971000483	0.647655872402	0.644755920735	0.618656355727	0.767037216046	0.722571290478	0.763170613823	0.734171097148	0.714354760754	0.727404543258	0.635572740454	0.626872885452	0.628322861286	0.631222812953	0.619623006283	0.722087965201	0.649105848236	0.723537941034	0.608989850169	0.718704688255
AH8	0.555340744321	0.566457225713	0.949250845819	0.655872402127	0.673755437409	0.536007733204	0.68293861769	0.493475108748	0.493958434026	0.610923151281	0.506524891252	0.626872885452	0.570323827936	0.878202029966	0.647172547124	0.558240695988	0.422909618173	0.379893668439	0.904301594973	0.742387626873	0.554374093765	0.466892218463	0.46302561624	0.467858869019	0.850169163847	0.551957467376	0.466892218463	0.459642339294	0.512808119865	0.556307394877	0.322861285645	0.0	0.495891735138	0.532141130981	0.751087481875	0.693088448526	0.509424842919	0.61333977767	0.55775737071	0.622039632673	0.597390043499	0.721121314645	0.703238279362	0.607539874335	0.599806669889	0.563557274045	0.725954567424	0.673272112131	0.721121314645	0.686321894635	0.667955534074	0.686805219913	0.591106814886	0.585306911551	0.585790236829	0.581440309328	0.568390526825	0.672788786854	0.596906718221	0.685838569357	0.555340744321	0.667472208797
AA5	0.580473658772	0.493475108748	0.95360077332	0.637022716288	0.595456742388	0.458675688739	0.610923151281	0.387143547608	0.388593523441	0.527307878202	0.434026099565	0.537941034316	0.511841469309	0.881585306912	0.550507491542	0.540357660706	0.439342677622	0.424359594007	0.927017883035	0.763170613823	0.567907201547	0.466892218463	0.481875302078	0.473658772354	0.907684871919	0.597390043499	0.415176413726	0.4398260029	0.51619139681	0.567907201547	0.561140647656	0.495891735138	0.0	0.328177863702	0.672305461576	0.591106814886	0.464475592073	0.47220879652	0.461575640406	0.555340744321	0.495891735138	0.623489608507	0.610923151281	0.47220879652	0.528274528758	0.46060898985	0.691638472692	0.638472692122	0.660222329628	0.643305944901	0.648622522958	0.667955534074	0.536491058482	0.54857419043	0.5601739971	0.545190913485	0.521024649589	0.650072498792	0.555824069599	0.638472692122	0.503624939584	0.618173030449
AA6	0.588690188497	0.497825036249	0.957467375544	0.644272595457	0.625906234896	0.464475592073	0.633156114065	0.432576123731	0.431126147898	0.54857419043	0.480425326245	0.565973900435	0.519574673755	0.885451909135	0.577090381827	0.543740937651	0.475592073465	0.463508941518	0.938617689705	0.769937167714	0.584823586274	0.503624939584	0.525857902368	0.509908168197	0.91203479942	0.598840019333	0.46060898985	0.492025132914	0.537457709038	0.580473658772	0.596423392943	0.532141130981	0.328177863702	0.0	0.671822136298	0.586273562107	0.496858385694	0.513291445143	0.468342194297	0.580473658772	0.493475108748	0.662155630739	0.641372643789	0.500724987917	0.467858869019	0.412276462059	0.688255195747	0.636056065732	0.662155630739	0.645239246013	0.6389560174	0.664572257129	0.541324311261	0.55099081682	0.562107298212	0.550507491542	0.53020782987	0.64813919768	0.560657322378	0.635089415176	0.512808119865	0.618173030449
AB5	0.745770903818	0.65973900435	0.969550507492	0.727887868536	0.616723054616	0.625906234896	0.72450459159	0.652005799903	0.652489125181	0.681971967134	0.683421942968	0.593523441276	0.670372160464	0.897535041083	0.693571773804	0.697921701305	0.704204929918	0.707104881585	0.942967617206	0.813919768004	0.807153214113	0.732721121315	0.74528757854	0.740937651039	0.931851135814	0.743837602707	0.693571773804	0.710004833253	0.739004349928	0.764620589657	0.78008699855	0.751087481875	0.672305461576	0.671822136298	0.0	0.3194780087	0.600773320445	0.646205896568	0.616723054616	0.631222812953	0.598356694055	0.74528757854	0.731754470759	0.640889318511	0.623489608507	0.615273078782	0.620589656839	0.616239729338	0.622522957951	0.599323344611	0.629289511841	0.618656355727	0.598356694055	0.599323344611	0.617206379894	0.624456259062	0.658772353794	0.604639922668	0.651522474625	0.610923151281	0.668438859352	0.614789753504
AB6	0.690188496858	0.593523441276	0.95601739971	0.672305461576	0.579990333494	0.562107298212	0.659255679072	0.580473658772	0.587240212663	0.610923151281	0.633156114065	0.517641372644	0.622039632673	0.883518608023	0.637022716288	0.642339294345	0.655389076849	0.655872402127	0.927017883035	0.764620589657	0.750120831319	0.673272112131	0.69453842436	0.6805219913	0.910101498308	0.684871918801	0.634606089899	0.649105848236	0.677138714355	0.704688255196	0.727404543258	0.693088448526	0.591106814886	0.586273562107	0.3194780087	0.0	0.550024166264	0.567907201547	0.564523924601	0.566940550991	0.529241179314	0.669405509908	0.652005799903	0.544707588207	0.55099081682	0.558724021266	0.594006766554	0.553890768487	0.576607056549	0.548090865152	0.567907201547	0.582406959884	0.545674238763	0.556790720155	0.575640405993	0.578540357661	0.598356694055	0.554374093765	0.593523441276	0.549540840986	0.620589656839	0.550024166264
AC5	0.590623489609	0.544224262929	0.967133881102	0.650072498792	0.621072982117	0.466892218463	0.664088931851	0.440792653456	0.441759304012	0.57177380377	0.4398260029	0.540840985984	0.536007733204	0.897051715805	0.623489608507	0.582406959884	0.474142097632	0.467858869019	0.943934267762	0.770420492992	0.622522957951	0.536491058482	0.514741420976	0.501208313195	0.91445142581	0.601739971	0.455775737071	0.478492025133	0.536007733204	0.590623489609	0.554857419043	0.509424842919	0.464475592073	0.496858385694	0.600773320445	0.550024166264	0.0	0.452875785404	0.4398260029	0.583856935718	0.512324794587	0.71532141131	0.681971967134	0.539874335428	0.467858869019	0.4398260029	0.598840019333	0.551474142098	0.597390043499	0.5601739971	0.5601739971	0.572740454326	0.493958434026	0.464475592073	0.485258579024	0.50700821653	0.560657322378	0.553407443209	0.588690188497	0.55775737071	0.522474625423	0.531174480425
AC6	0.607539874335	0.498791686805	0.943934267762	0.641855969067	0.576607056549	0.521024649589	0.530691155147	0.498308361527	0.526341227646	0.462058965684	0.565007249879	0.538907684872	0.531657805703	0.86805219913	0.525857902368	0.578057032383	0.574673755437	0.570807153214	0.902368293862	0.727887868536	0.655389076849	0.577573707105	0.605123247946	0.596906718221	0.887385210246	0.588206863219	0.544707588207	0.546640889319	0.569840502658	0.589656839053	0.65055582407	0.61333977767	0.47220879652	0.513291445143	0.646205896568	0.567907201547	0.452875785404	0.0	0.525857902368	0.531174480425	0.506524891252	0.481875302078	0.449492508458	0.423876268729	0.56935717738	0.554857419043	0.679555340744	0.62735621073	0.65055582407	0.623006283229	0.644272595457	0.663122281295	0.564523924601	0.557274045433	0.577573707105	0.564523924601	0.542290961817	0.638472692122	0.572740454326	0.623006283229	0.547124214596	0.612856452392
AD6	0.586273562107	0.509908168197	0.967133881102	0.634606089899	0.580473658772	0.418076365394	0.615273078782	0.449975833736	0.439342677622	0.538424359594	0.459642339294	0.509908168197	0.520057999033	0.893185113581	0.588206863219	0.547124214596	0.500724987917	0.488641855969	0.949734171097	0.774770420493	0.613823102948	0.542290961817	0.553407443209	0.526824552924	0.915901401643	0.595456742388	0.501691638473	0.511841469309	0.545674238763	0.579990333494	0.611889801837	0.55775737071	0.461575640406	0.468342194297	0.616723054616	0.564523924601	0.4398260029	0.525857902368	0.0	0.547607539874	0.409376510391	0.697438376027	0.678105364911	0.518124697922	0.47462542291	0.447559207347	0.600289995167	0.553890768487	0.587240212663	0.554374093765	0.565490575157	0.578540357661	0.477525374577	0.453359110681	0.46979217013	0.477042049299	0.538424359594	0.561623972934	0.563073948768	0.565973900435	0.477042049299	0.535041082649
AE5	0.620589656839	0.534074432093	0.967133881102	0.647655872402	0.565973900435	0.550507491542	0.587240212663	0.551957467376	0.597390043499	0.541807636539	0.622522957951	0.522957950701	0.570323827936	0.887868535524	0.560657322378	0.566940550991	0.603673272112	0.60415659739	0.925084581924	0.756404059932	0.715804736588	0.633639439343	0.65055582407	0.631222812953	0.871435476075	0.610923151281	0.61575640406	0.603189946834	0.623972933784	0.649105848236	0.661672305462	0.622039632673	0.555340744321	0.580473658772	0.631222812953	0.566940550991	0.583856935718	0.531174480425	0.547607539874	0.0	0.373610439826	0.62493958434	0.609473175447	0.527307878202	0.624456259062	0.612373127115	0.666022232963	0.625422909618	0.638472692122	0.613823102948	0.636056065732	0.652972450459	0.534074432093	0.567907201547	0.589656839053	0.554374093765	0.546157564041	0.62735621073	0.554374093765	0.616239729338	0.573223779604	0.616239729338
AE6	0.597390043499	0.482358627356	0.966650555824	0.633156114065	0.559207346544	0.469308844853	0.577573707105	0.475108748188	0.509424842919	0.521507974867	0.535524407927	0.506524891252	0.506524891252	0.891735137748	0.564523924601	0.541807636539	0.549540840986	0.545674238763	0.938617689705	0.761720637989	0.674238762687	0.598840019333	0.608506524891	0.588690188497	0.898985016916	0.615273078782	0.556307394877	0.565490575157	0.587240212663	0.610439826003	0.642339294345	0.597390043499	0.495891735138	0.493475108748	0.598356694055	0.529241179314	0.512324794587	0.506524891252	0.409376510391	0.373610439826	0.0	0.656355727405	0.637989366844	0.478975350411	0.535041082649	0.531657805703	0.63653939101	0.590140164331	0.608989850169	0.577573707105	0.600289995167	0.61333977767	0.490091831803	0.484291928468	0.509908168197	0.496375060416	0.512324794587	0.600773320445	0.539874335428	0.579507008217	0.513291445143	0.573223779604
AF5	0.707588206863	0.633156114065	0.924601256646	0.674238762687	0.662638956017	0.681488641856	0.556307394877	0.650072498792	0.685838569357	0.585790236829	0.726437892702	0.63653939101	0.668438859352	0.848235862736	0.587240212663	0.675205413243	0.718704688255	0.724021266312	0.87723537941	0.735621072982	0.727887868536	0.690188496858	0.720637989367	0.724021266312	0.872402126631	0.673755437409	0.708554857419	0.685355244079	0.670372160464	0.679555340744	0.762203963267	0.721121314645	0.623489608507	0.662155630739	0.74528757854	0.669405509908	0.71532141131	0.481875302078	0.697438376027	0.62493958434	0.656355727405	0.0	0.274045432576	0.534557757371	0.726437892702	0.713871435476	0.768003866602	0.729337844369	0.750120831319	0.723537941034	0.741904301595	0.762687288545	0.698405026583	0.716288061866	0.732237796037	0.709521507975	0.670372160464	0.740454325761	0.672305461576	0.71290478492	0.714354760754	0.722087965201
AF6	0.691155147414	0.611889801837	0.929917834703	0.664572257129	0.651522474625	0.664572257129	0.532141130981	0.625906234896	0.665538907685	0.561140647656	0.705171580474	0.622522957951	0.647655872402	0.855969067182	0.568390526825	0.652489125181	0.702754954084	0.702271628806	0.879168680522	0.724021266312	0.70130497825	0.661672305462	0.698405026583	0.702271628806	0.881101981634	0.659255679072	0.688255195747	0.665538907685	0.64813919768	0.65732237796	0.739971000483	0.703238279362	0.610923151281	0.641372643789	0.731754470759	0.652005799903	0.681971967134	0.449492508458	0.678105364911	0.609473175447	0.637989366844	0.274045432576	0.0	0.517641372644	0.707588206863	0.68970517158	0.753504108265	0.712421459642	0.731754470759	0.707104881585	0.718704688255	0.742387626873	0.681488641856	0.68970517158	0.705171580474	0.684388593523	0.641372643789	0.718221362977	0.641855969067	0.696471725471	0.696471725471	0.704688255196
