	AA3	AA4	AB3	AB4	AC3	AC4	AD3	AD4	AE3	AE4	AF3	AF4	AG3	AG4	AH3	AH4	AA7	AA8	AB7	AB8	AC7	AC8	AD7	AD8	AE7	AE8	AF7	AF8	AG7	AG8	AH7	AH8	AA5	AA6	AB5	AB6	AC5	AC6	AD6	AE5	AE6	AF5	AF6	AG5	AH5	AH6	AA1	AA2	AB1	AB2	AC1	AC2	AD1	AD2	AE1	AE2	AF1	AF2	AG1	AG2	AH1	AH2
AA3	0.0	0.474142097632	0.929917834703	0.630256162397	0.646689221846	0.573223779604	0.676172063799	0.571290478492	0.558724021266	0.619623006283	0.60657322378	0.594490091832	0.569840502658	0.851619139681	0.632189463509	0.317544707588	0.567423876269	0.563557274045	0.864185596907	0.697921701305	0.605123247946	0.552924117931	0.589656839053	0.578540357661	0.820202996617	0.590623489609	0.554857419043	0.553890768487	0.564040599323	0.569840502658	0.586756887385	0.559207346544	0.580473658772	0.587240212663	0.743837602707	0.679072015466	0.59497341711	0.607056549058	0.593523441276	0.61333977767	0.597873368777	0.691155147414	0.669888835186	0.609473175447	0.626389560174	0.611406476559	0.684871918801	0.643789270179	0.713388110198	0.646205896568	0.634122764621	0.657805703238	0.578057032383	0.551474142098	0.551957467376	0.561140647656	0.559690671822	0.661188980184	0.570323827936	0.652005799903	0.568390526825	0.636056065732
AA4	0.474142097632	0.0	0.944900918318	0.593523441276	0.57177380377	0.494441759304	0.604639922668	0.491058482359	0.500241662639	0.529724504592	0.551957467376	0.495891735138	0.481875302078	0.867568873852	0.358144030933	0.352344127598	0.529241179314	0.526341227646	0.88883518608	0.71532141131	0.642822619623	0.570323827936	0.576123731271	0.573707104882	0.869502174964	0.61575640406	0.534557757371	0.537457709038	0.585306911551	0.596906718221	0.61575640406	0.567907201547	0.514741420976	0.519091348478	0.661188980184	0.595456742388	0.552440792653	0.51377477042	0.534557757371	0.526341227646	0.499275012083	0.626872885452	0.591590140164	0.524891251812	0.572740454326	0.571290478492	0.640405993233	0.579990333494	0.63653939101	0.587723537941	0.592073465442	0.619139681005	0.523441275979	0.496375060416	0.511841469309	0.501691638473	0.486708554857	0.60657322378	0.498308361527	0.589656839053	0.502174963751	0.570807153214
AB3	0.929917834703	0.944900918318	0.0	0.66892218463	0.926051232479	0.950217496375	0.958917351377	0.937167713871	0.934267762204	0.951184146931	0.972450459159	0.939101014983	0.967133881102	0.342194296762	0.960850652489	0.943450942484	0.974867085549	0.970033832769	0.752054132431	0.74528757854	0.888351860802	0.910584823586	0.958917351377	0.9584340261	0.853552440793	0.898501691638	0.944900918318	0.936201063316	0.862735621073	0.832286128565	0.954567423876	0.955050749154	0.956984050266	0.963267278879	0.974383760271	0.968100531658	0.972450459159	0.955050749154	0.973900434993	0.972450459159	0.971000483325	0.936201063316	0.933301111648	0.945384243596	0.97680038666	0.973900434993	0.973900434993	0.970033832769	0.969067182214	0.971483808603	0.975833736104	0.972450459159	0.973417109715	0.973900434993	0.975833736104	0.972933784437	0.972933784437	0.972933784437	0.971967133881	0.973417109715	0.972450459159	0.971000483325
AB4	0.630256162397	0.593523441276	0.66892218463	0.0	0.644272595457	0.620589656839	0.702271628806	0.621556307395	0.626389560174	0.639439342678	0.650072498792	0.618173030449	0.494925084582	0.567423876269	0.616239729338	0.597873368777	0.643789270179	0.64572257129	0.733204446593	0.547607539874	0.659255679072	0.635089415176	0.666505558241	0.662638956017	0.792653455776	0.654422426293	0.657805703238	0.658289028516	0.575157080715	0.575640405993	0.697921701305	0.657805703238	0.654905751571	0.66892218463	0.734654422426	0.695988400193	0.660705654906	0.653939101015	0.64813919768	0.649105848236	0.634606089899	0.672305461576	0.654422426293	0.640889318511	0.703238279362	0.701788303528	0.709038182697	0.674722087965	0.712421459642	0.670855485742	0.685838569357	0.683421942968	0.641372643789	0.642822619623	0.659255679072	0.64572257129	0.652972450459	0.68293861769	0.64813919768	0.664572257129	0.661188980184	0.681488641856
AC3	0.646689221846	0.57177380377	0.926051232479	0.644272595457	0.0	0.488641855969	0.641372643789	0.546640889319	0.570807153214	0.586273562107	0.611889801837	0.307394876752	0.604639922668	0.852102464959	0.590140164331	0.595940067666	0.627839536008	0.604639922668	0.882551957467	0.738037699372	0.73368777187	0.683905268246	0.721121314645	0.707588206863	0.838569357177	0.707588206863	0.660705654906	0.681005316578	0.683905268246	0.696471725471	0.708071532141	0.66892218463	0.608989850169	0.638472692122	0.606089898502	0.573707104882	0.611889801837	0.58095698405	0.586756887385	0.536491058482	0.56935717738	0.649589173514	0.633639439343	0.563557274045	0.638472692122	0.637989366844	0.579507008217	0.57177380377	0.579023682939	0.555824069599	0.578057032383	0.57177380377	0.529724504592	0.553407443209	0.559207346544	0.551957467376	0.621556307395	0.55775737071	0.611406476559	0.575157080715	0.618656355727	0.565490575157
AC4	0.573223779604	0.494441759304	0.950217496375	0.620589656839	0.488641855969	0.0	0.630256162397	0.412276462059	0.405993233446	0.52537457709	0.335911068149	0.389076848719	0.513291445143	0.873852102465	0.547607539874	0.52779120348	0.480425326245	0.461575640406	0.926051232479	0.741904301595	0.584823586274	0.523924601257	0.53020782987	0.508941517641	0.887868535524	0.570807153214	0.493475108748	0.523441275979	0.523924601257	0.556307394877	0.579990333494	0.530691155147	0.44900918318	0.487191880135	0.644272595457	0.573707104882	0.477525374577	0.521507974867	0.433542774287	0.545674238763	0.492508458192	0.6805219913	0.644755920735	0.523441275979	0.519091348478	0.48622522958	0.639922667956	0.579990333494	0.608506524891	0.588690188497	0.582406959884	0.608989850169	0.496858385694	0.50700821653	0.511358144031	0.502658289029	0.537457709038	0.600289995167	0.548090865152	0.579507008217	0.478975350411	0.574190430159
AD3	0.676172063799	0.604639922668	0.958917351377	0.702271628806	0.641372643789	0.630256162397	0.0	0.538424359594	0.644755920735	0.359110681489	0.673755437409	0.602706621556	0.657805703238	0.882551957467	0.579023682939	0.644755920735	0.687771870469	0.684871918801	0.950700821653	0.775253745771	0.719671338811	0.701788303528	0.697438376027	0.696955050749	0.922184630256	0.697921701305	0.696471725471	0.702271628806	0.69453842436	0.691155147414	0.723054615756	0.68970517158	0.636056065732	0.650072498792	0.737554374094	0.667472208797	0.670372160464	0.51619139681	0.639922667956	0.590140164331	0.592073465442	0.556307394877	0.535041082649	0.552924117931	0.697921701305	0.698405026583	0.771870468826	0.712421459642	0.751087481875	0.723054615756	0.715804736588	0.751570807153	0.675688738521	0.658772353794	0.669888835186	0.660222329628	0.638472692122	0.734171097148	0.649589173514	0.713871435476	0.68970517158	0.707588206863
AD4	0.571290478492	0.491058482359	0.937167713871	0.621556307395	0.546640889319	0.412276462059	0.538424359594	0.0	0.306911551474	0.411793136781	0.431609473175	0.473658772354	0.522957950701	0.85886901885	0.522957950701	0.523924601257	0.462542290962	0.44900918318	0.927984533591	0.740454325761	0.564040599323	0.507974867086	0.490091831803	0.478008699855	0.893185113581	0.577090381827	0.440792653456	0.469308844853	0.485741904302	0.553407443209	0.542290961817	0.492025132914	0.390043499275	0.454809086515	0.652489125181	0.565007249879	0.441275978734	0.48622522958	0.440792653456	0.542774287095	0.482841952634	0.634122764621	0.600289995167	0.483325277912	0.511358144031	0.480908651522	0.665055582407	0.612373127115	0.646205896568	0.618173030449	0.61575640406	0.644272595457	0.521991300145	0.514258095698	0.521991300145	0.529241179314	0.526824552924	0.630739487675	0.549540840986	0.607056549058	0.507491541808	0.605606573224
AE3	0.558724021266	0.500241662639	0.934267762204	0.626389560174	0.570807153214	0.405993233446	0.644755920735	0.306911551474	0.0	0.511358144031	0.404059932334	0.496858385694	0.507491541808	0.860318994683	0.540357660706	0.529724504592	0.4398260029	0.422909618173	0.924601256646	0.740454325761	0.556307394877	0.489125181247	0.476075398743	0.467858869019	0.887385210246	0.573223779604	0.44224262929	0.462058965684	0.48380860319	0.54857419043	0.538907684872	0.488641855969	0.380376993717	0.456259062349	0.666505558241	0.597873368777	0.441759304012	0.531174480425	0.444659255679	0.589656839053	0.521507974867	0.684871918801	0.64813919768	0.528757854036	0.511358144031	0.477042049299	0.666505558241	0.610923151281	0.647172547124	0.622039632673	0.610439826003	0.644755920735	0.526341227646	0.521507974867	0.523441275979	0.529724504592	0.536007733204	0.635089415176	0.566940550991	0.605123247946	0.499275012083	0.60415659739
AE4	0.619623006283	0.529724504592	0.951184146931	0.639439342678	0.586273562107	0.52537457709	0.359110681489	0.411793136781	0.511358144031	0.0	0.567423876269	0.533591106815	0.597873368777	0.875785403577	0.532624456259	0.564523924601	0.579023682939	0.578540357661	0.936684388594	0.750604156597	0.647655872402	0.594490091832	0.589173513775	0.586756887385	0.907684871919	0.612373127115	0.585306911551	0.594490091832	0.579507008217	0.593523441276	0.637506041566	0.584823586274	0.529724504592	0.543257612373	0.697438376027	0.621072982117	0.568390526825	0.465442242629	0.536007733204	0.537941034316	0.520057999033	0.56259062349	0.534074432093	0.506041565974	0.614789753504	0.602706621556	0.715804736588	0.658772353794	0.700338327695	0.671822136298	0.669405509908	0.69453842436	0.61575640406	0.599323344611	0.599806669889	0.595940067666	0.576123731271	0.685355244079	0.588206863219	0.664572257129	0.599806669889	0.65055582407
AF3	0.60657322378	0.551957467376	0.972450459159	0.650072498792	0.611889801837	0.335911068149	0.673755437409	0.431609473175	0.404059932334	0.567423876269	0.0	0.511358144031	0.538424359594	0.893668438859	0.583856935718	0.577573707105	0.457709038183	0.418559690672	0.953117448043	0.773320444659	0.594006766554	0.548090865152	0.450942484292	0.443209279845	0.921701304978	0.609956500725	0.446592556791	0.484291928468	0.526824552924	0.597390043499	0.530691155147	0.511358144031	0.432576123731	0.504108264862	0.66892218463	0.607539874335	0.404543257612	0.552924117931	0.446109231513	0.60415659739	0.534074432093	0.710488158531	0.680038666022	0.548090865152	0.514258095698	0.478492025133	0.65732237796	0.596906718221	0.648622522958	0.610923151281	0.601256645723	0.631706138231	0.532624456259	0.512324794587	0.515708071532	0.519091348478	0.564523924601	0.625422909618	0.578540357661	0.599806669889	0.493958434026	0.595940067666
AF4	0.594490091832	0.495891735138	0.939101014983	0.618173030449	0.307394876752	0.389076848719	0.602706621556	0.473658772354	0.496858385694	0.533591106815	0.511358144031	0.0	0.523924601257	0.866118898018	0.528274528758	0.534557757371	0.56259062349	0.545674238763	0.896085065249	0.725471242146	0.676655389077	0.617206379894	0.647655872402	0.630739487675	0.861285645239	0.645239246013	0.590140164331	0.610923151281	0.623006283229	0.629772837119	0.655389076849	0.614789753504	0.537457709038	0.567423876269	0.611889801837	0.529241179314	0.548090865152	0.525857902368	0.511358144031	0.479942000967	0.507491541808	0.623006283229	0.601739971	0.507974867086	0.558724021266	0.560657322378	0.587723537941	0.532141130981	0.576123731271	0.538424359594	0.535041082649	0.554857419043	0.471725471242	0.494441759304	0.511358144031	0.492025132914	0.554374093765	0.555824069599	0.561140647656	0.543740937651	0.533591106815	0.519574673755
AG3	0.569840502658	0.481875302078	0.967133881102	0.494925084582	0.604639922668	0.513291445143	0.657805703238	0.522957950701	0.507491541808	0.597873368777	0.538424359594	0.523924601257	0.0	0.863218946351	0.515708071532	0.515224746254	0.518124697922	0.497825036249	0.931367810536	0.74770420493	0.668438859352	0.595940067666	0.591590140164	0.595456742388	0.882068632189	0.641855969067	0.551957467376	0.573223779604	0.614789753504	0.628322861286	0.635572740454	0.572257129048	0.524407926535	0.537457709038	0.666505558241	0.612856452392	0.543740937651	0.556790720155	0.519574673755	0.5601739971	0.521991300145	0.677138714355	0.635089415176	0.546157564041	0.579990333494	0.577573707105	0.622522957951	0.58095698405	0.626872885452	0.59255679072	0.578057032383	0.598840019333	0.514741420976	0.513291445143	0.53020782987	0.515708071532	0.543257612373	0.604639922668	0.554374093765	0.588206863219	0.517158047366	0.572740454326
AG4	0.851619139681	0.867568873852	0.342194296762	0.567423876269	0.852102464959	0.873852102465	0.882551957467	0.85886901885	0.860318994683	0.875785403577	0.893668438859	0.866118898018	0.863218946351	0.0	0.884001933301	0.86563557274	0.90285161914	0.898018366361	0.717738037699	0.677622039633	0.823586273562	0.839052682455	0.884001933301	0.886418559691	0.830836152731	0.828902851619	0.874818753021	0.865152247463	0.79168680522	0.756404059932	0.88883518608	0.881585306912	0.885935234413	0.89125181247	0.905751570807	0.903818269696	0.901884968584	0.878685355244	0.898501691638	0.895118414693	0.893185113581	0.86563557274	0.856935717738	0.873852102465	0.906234896085	0.905751570807	0.893668438859	0.895118414693	0.896568390527	0.895118414693	0.898501691638	0.892701788304	0.898018366361	0.896568390527	0.900918318028	0.898018366361	0.898018366361	0.896568390527	0.897535041083	0.895601739971	0.896085065249	0.896568390527
AH3	0.632189463509	0.358144030933	0.960850652489	0.616239729338	0.590140164331	0.547607539874	0.579023682939	0.522957950701	0.540357660706	0.532624456259	0.583856935718	0.528274528758	0.515708071532	0.884001933301	0.0	0.503141614306	0.574673755437	0.579023682939	0.929917834703	0.75688738521	0.69212179797	0.62493958434	0.619139681005	0.622039632673	0.90961817303	0.681488641856	0.601256645723	0.610923151281	0.643305944901	0.65973900435	0.680038666022	0.620106331561	0.539874335428	0.556307394877	0.690671822136	0.624456259062	0.601739971	0.521991300145	0.578540357661	0.55099081682	0.533591106815	0.596906718221	0.55775737071	0.542290961817	0.623972933784	0.622522957951	0.693088448526	0.62493958434	0.656355727405	0.633639439343	0.634606089899	0.665055582407	0.580473658772	0.565007249879	0.571290478492	0.573707104882	0.55099081682	0.65732237796	0.553407443209	0.623006283229	0.576123731271	0.617206379894
AH4	0.317544707588	0.352344127598	0.943450942484	0.597873368777	0.595940067666	0.52779120348	0.644755920735	0.523924601257	0.529724504592	0.564523924601	0.577573707105	0.534557757371	0.515224746254	0.86563557274	0.503141614306	0.0	0.543257612373	0.542774287095	0.883035282745	0.709521507975	0.632189463509	0.570323827936	0.575640405993	0.576607056549	0.844369260512	0.609956500725	0.545674238763	0.551957467376	0.580473658772	0.591106814886	0.596423392943	0.554857419043	0.54857419043	0.555824069599	0.693088448526	0.62493958434	0.570807153214	0.563073948768	0.563073948768	0.553890768487	0.531657805703	0.662155630739	0.628806186564	0.565973900435	0.594490091832	0.594006766554	0.647172547124	0.598356694055	0.65732237796	0.596906718221	0.601256645723	0.624456259062	0.537941034316	0.507974867086	0.523924601257	0.519574673755	0.505558240696	0.619623006283	0.514258095698	0.605606573224	0.53020782987	0.590623489609
AA7	0.567423876269	0.529241179314	0.974867085549	0.643789270179	0.627839536008	0.480425326245	0.687771870469	0.462542290962	0.4398260029	0.579023682939	0.457709038183	0.56259062349	0.518124697922	0.90285161914	0.574673755437	0.543257612373	0.0	0.29627839536	0.933301111648	0.767520541324	0.586756887385	0.517641372644	0.488641855969	0.487675205413	0.882551957467	0.595940067666	0.452875785404	0.457709038183	0.53020782987	0.589656839053	0.52779120348	0.423392943451	0.444175930401	0.486708554857	0.71290478492	0.656355727405	0.487191880135	0.571290478492	0.492025132914	0.585790236829	0.549540840986	0.710971483809	0.681005316578	0.588206863219	0.559207346544	0.525857902368	0.677138714355	0.619623006283	0.673755437409	0.634606089899	0.607539874335	0.642339294345	0.537457709038	0.53020782987	0.528274528758	0.536007733204	0.528274528758	0.631222812953	0.53939101015	0.632672788787	0.487675205413	0.616239729338
AA8	0.563557274045	0.526341227646	0.970033832769	0.64572257129	0.604639922668	0.461575640406	0.684871918801	0.44900918318	0.422909618173	0.578540357661	0.418559690672	0.545674238763	0.497825036249	0.898018366361	0.579023682939	0.542774287095	0.29627839536	0.0	0.928467858869	0.757370710488	0.579507008217	0.506524891252	0.464475592073	0.464958917351	0.869502174964	0.584340260996	0.422426292895	0.4398260029	0.522474625423	0.58095698405	0.466892218463	0.382793620106	0.427742870952	0.479942000967	0.699371677139	0.640889318511	0.44900918318	0.558724021266	0.481875302078	0.584340260996	0.535524407927	0.713388110198	0.681005316578	0.565973900435	0.539874335428	0.510391493475	0.646205896568	0.597873368777	0.660705654906	0.617689705172	0.582890285162	0.613823102948	0.510874818753	0.501208313195	0.503141614306	0.504108264862	0.525857902368	0.603189946834	0.53939101015	0.614306428226	0.480908651522	0.586273562107
AB7	0.864185596907	0.88883518608	0.752054132431	0.733204446593	0.882551957467	0.926051232479	0.950700821653	0.927984533591	0.924601256646	0.936684388594	0.953117448043	0.896085065249	0.931367810536	0.717738037699	0.929917834703	0.883035282745	0.933301111648	0.928467858869	0.0	0.424842919285	0.807636539391	0.837119381344	0.941517641373	0.931851135814	0.741420976317	0.82406959884	0.898018366361	0.869502174964	0.773803769937	0.691155147414	0.89125181247	0.905751570807	0.927017883035	0.939101014983	0.944900918318	0.936684388594	0.945867568874	0.926051232479	0.95601739971	0.927501208313	0.939101014983	0.87046882552	0.874818753021	0.917351377477	0.962300628323	0.95601739971	0.931367810536	0.927017883035	0.941034316095	0.928951184147	0.93281778637	0.929434509425	0.928467858869	0.920251329145	0.920251329145	0.917834702755	0.922667955534	0.922184630256	0.925567907202	0.930401159981	0.945867568874	0.929917834703
AB8	0.697921701305	0.71532141131	0.74528757854	0.547607539874	0.738037699372	0.741904301595	0.775253745771	0.740454325761	0.740454325761	0.750604156597	0.773320444659	0.725471242146	0.74770420493	0.677622039633	0.75688738521	0.709521507975	0.767520541324	0.757370710488	0.424842919285	0.0	0.631222812953	0.661188980184	0.743354277429	0.739004349928	0.746737554374	0.657805703238	0.710971483809	0.681488641856	0.555340744321	0.499758337361	0.726437892702	0.73368777187	0.743354277429	0.754954084099	0.795553407443	0.762687288545	0.760270662156	0.740937651039	0.767037216046	0.750604156597	0.751570807153	0.710488158531	0.704688255196	0.731754470759	0.783953600773	0.774770420493	0.807636539391	0.761237312711	0.794586756887	0.767520541324	0.773803769937	0.786853552441	0.75688738521	0.754470758821	0.757370710488	0.753987433543	0.750604156597	0.773320444659	0.753504108265	0.754954084099	0.769937167714	0.761237312711
AC7	0.605123247946	0.642822619623	0.888351860802	0.659255679072	0.73368777187	0.584823586274	0.719671338811	0.564040599323	0.556307394877	0.647655872402	0.594006766554	0.676655389077	0.668438859352	0.823586273562	0.69212179797	0.632189463509	0.586756887385	0.579507008217	0.807636539391	0.631222812953	0.0	0.362493958434	0.567423876269	0.56259062349	0.816819719671	0.568873852102	0.536007733204	0.519574673755	0.462058965684	0.486708554857	0.568873852102	0.558240695988	0.561623972934	0.601256645723	0.810536491058	0.745770903818	0.62493958434	0.649105848236	0.606089898502	0.711938134364	0.667955534074	0.700821652972	0.681971967134	0.639922667956	0.641372643789	0.603189946834	0.813436442726	0.757854035766	0.799420009667	0.779603673272	0.745770903818	0.782986950217	0.684871918801	0.665538907685	0.666022232963	0.679555340744	0.656839052682	0.781536974384	0.671822136298	0.756404059932	0.611889801837	0.756404059932
AC8	0.552924117931	0.570323827936	0.910584823586	0.635089415176	0.683905268246	0.523924601257	0.701788303528	0.507974867086	0.489125181247	0.594490091832	0.548090865152	0.617206379894	0.595940067666	0.839052682455	0.62493958434	0.570323827936	0.517641372644	0.506524891252	0.837119381344	0.661188980184	0.362493958434	0.0	0.500241662639	0.499275012083	0.836636056066	0.534074432093	0.425326244563	0.396810053166	0.441275978734	0.477042049299	0.535524407927	0.490091831803	0.489608506525	0.519091348478	0.746254229096	0.680038666022	0.569840502658	0.587240212663	0.550024166264	0.647172547124	0.597390043499	0.661672305462	0.635089415176	0.587723537941	0.582406959884	0.546640889319	0.744320927985	0.686805219913	0.739971000483	0.71532141131	0.680038666022	0.712421459642	0.612373127115	0.599323344611	0.600773320445	0.610923151281	0.581923634606	0.710971483809	0.602223296278	0.695988400193	0.546640889319	0.686321894635
AD7	0.589656839053	0.576123731271	0.958917351377	0.666505558241	0.721121314645	0.53020782987	0.697438376027	0.490091831803	0.476075398743	0.589173513775	0.450942484292	0.647655872402	0.591590140164	0.884001933301	0.619139681005	0.575640405993	0.488641855969	0.464475592073	0.941517641373	0.743354277429	0.567423876269	0.500241662639	0.0	0.302561623973	0.894635089415	0.51619139681	0.413726437893	0.435476075399	0.490575157081	0.565490575157	0.503624939584	0.478492025133	0.473175447076	0.526824552924	0.749637506042	0.676172063799	0.500724987917	0.589173513775	0.538424359594	0.64572257129	0.598356694055	0.716288061866	0.674238762687	0.603673272112	0.572257129048	0.534557757371	0.74528757854	0.688255195747	0.744804253262	0.712421459642	0.683905268246	0.708554857419	0.621072982117	0.604639922668	0.594490091832	0.620106331561	0.578540357661	0.707104881585	0.602706621556	0.692605123248	0.559207346544	0.683905268246
AD8	0.578540357661	0.573707104882	0.9584340261	0.662638956017	0.707588206863	0.508941517641	0.696955050749	0.478008699855	0.467858869019	0.586756887385	0.443209279845	0.630739487675	0.595456742388	0.886418559691	0.622039632673	0.576607056549	0.487675205413	0.464958917351	0.931851135814	0.739004349928	0.56259062349	0.499275012083	0.302561623973	0.0	0.869502174964	0.487191880135	0.40744320928	0.430159497342	0.47220879652	0.546157564041	0.501691638473	0.490575157081	0.473658772354	0.533107781537	0.745770903818	0.669405509908	0.49299178347	0.582890285162	0.52779120348	0.635572740454	0.591590140164	0.71290478492	0.674238762687	0.590623489609	0.57177380377	0.535524407927	0.739004349928	0.679072015466	0.736587723538	0.705171580474	0.669888835186	0.698888351861	0.607056549058	0.596423392943	0.584823586274	0.606089898502	0.576607056549	0.695505074915	0.593523441276	0.682455292412	0.552440792653	0.673272112131
AE7	0.820202996617	0.869502174964	0.853552440793	0.792653455776	0.838569357177	0.887868535524	0.922184630256	0.893185113581	0.887385210246	0.907684871919	0.921701304978	0.861285645239	0.882068632189	0.830836152731	0.90961817303	0.844369260512	0.882551957467	0.869502174964	0.741420976317	0.746737554374	0.816819719671	0.836636056066	0.894635089415	0.869502174964	0.0	0.544707588207	0.870952150797	0.858385693572	0.782986950217	0.753020782987	0.837602706622	0.851135814403	0.897535041083	0.90961817303	0.930401159981	0.915901401643	0.925567907202	0.907684871919	0.92363460609	0.874818753021	0.902368293862	0.876268728855	0.86805219913	0.880618656356	0.938617689705	0.932334461092	0.889318511358	0.90285161914	0.911068148864	0.887385210246	0.902368293862	0.894151764137	0.89125181247	0.890285161914	0.896568390527	0.889318511358	0.904301594973	0.89125181247	0.90043499275	0.905268245529	0.908651522475	0.897051715805
AE8	0.590623489609	0.61575640406	0.898501691638	0.654422426293	0.707588206863	0.570807153214	0.697921701305	0.577090381827	0.573223779604	0.612373127115	0.609956500725	0.645239246013	0.641855969067	0.828902851619	0.681488641856	0.609956500725	0.595940067666	0.584340260996	0.82406959884	0.657805703238	0.568873852102	0.534074432093	0.51619139681	0.487191880135	0.544707588207	0.0	0.554857419043	0.547607539874	0.510391493475	0.509908168197	0.561140647656	0.563073948768	0.588206863219	0.606089898502	0.77090381827	0.702271628806	0.619139681005	0.620589656839	0.614789753504	0.659255679072	0.64813919768	0.686321894635	0.658289028516	0.619139681005	0.6389560174	0.618656355727	0.757370710488	0.705171580474	0.764620589657	0.724987916868	0.707588206863	0.739487675205	0.670372160464	0.65055582407	0.645239246013	0.650072498792	0.644755920735	0.731271145481	0.663122281295	0.710004833253	0.616723054616	0.696955050749
AF7	0.554857419043	0.534557757371	0.944900918318	0.657805703238	0.660705654906	0.493475108748	0.696471725471	0.440792653456	0.44224262929	0.585306911551	0.446592556791	0.590140164331	0.551957467376	0.874818753021	0.601256645723	0.545674238763	0.452875785404	0.422426292895	0.898018366361	0.710971483809	0.536007733204	0.425326244563	0.413726437893	0.40744320928	0.870952150797	0.554857419043	0.0	0.302078298695	0.472692121798	0.528757854036	0.480425326245	0.47220879652	0.438376027066	0.493958434026	0.703238279362	0.634606089899	0.459159014016	0.54857419043	0.490091831803	0.590623489609	0.538907684872	0.69212179797	0.655872402127	0.5601739971	0.547124214596	0.507491541808	0.669888835186	0.626872885452	0.683905268246	0.658772353794	0.616239729338	0.647172547124	0.558240695988	0.540840985984	0.532624456259	0.555340744321	0.533591106815	0.642822619623	0.554374093765	0.63653939101	0.497341710971	0.619139681005
AF8	0.553890768487	0.537457709038	0.936201063316	0.658289028516	0.681005316578	0.523441275979	0.702271628806	0.469308844853	0.462058965684	0.594490091832	0.484291928468	0.610923151281	0.573223779604	0.865152247463	0.610923151281	0.551957467376	0.457709038183	0.4398260029	0.869502174964	0.681488641856	0.519574673755	0.396810053166	0.435476075399	0.430159497342	0.858385693572	0.547607539874	0.302078298695	0.0	0.448525857902	0.502174963751	0.484291928468	0.465925567907	0.453359110681	0.514258095698	0.724021266312	0.654905751571	0.478975350411	0.554857419043	0.521507974867	0.605606573224	0.568390526825	0.67133881102	0.631706138231	0.57177380377	0.565973900435	0.529724504592	0.69212179797	0.647172547124	0.708554857419	0.679555340744	0.63653939101	0.670372160464	0.572257129048	0.558724021266	0.555824069599	0.572257129048	0.542774287095	0.667955534074	0.565973900435	0.661188980184	0.508458192363	0.644272595457
AG7	0.564040599323	0.585306911551	0.862735621073	0.575157080715	0.683905268246	0.523924601257	0.69453842436	0.485741904302	0.48380860319	0.579507008217	0.526824552924	0.623006283229	0.614789753504	0.79168680522	0.643305944901	0.580473658772	0.53020782987	0.522474625423	0.773803769937	0.555340744321	0.462058965684	0.441275978734	0.490575157081	0.47220879652	0.782986950217	0.510391493475	0.472692121798	0.448525857902	0.0	0.320927984534	0.546157564041	0.514741420976	0.494925084582	0.546640889319	0.755920734654	0.681005316578	0.538424359594	0.580473658772	0.543740937651	0.640889318511	0.606089898502	0.663605606573	0.623972933784	0.570807153214	0.599323344611	0.554857419043	0.750120831319	0.688738521025	0.738037699372	0.715804736588	0.680038666022	0.719671338811	0.618656355727	0.611406476559	0.607056549058	0.613823102948	0.608023199613	0.713388110198	0.623489608507	0.69212179797	0.570807153214	0.681488641856
AG8	0.569840502658	0.596906718221	0.832286128565	0.575640405993	0.696471725471	0.556307394877	0.691155147414	0.553407443209	0.54857419043	0.593523441276	0.597390043499	0.629772837119	0.628322861286	0.756404059932	0.65973900435	0.591106814886	0.589656839053	0.58095698405	0.691155147414	0.499758337361	0.486708554857	0.477042049299	0.565490575157	0.546157564041	0.753020782987	0.509908168197	0.528757854036	0.502174963751	0.320927984534	0.0	0.578540357661	0.55775737071	0.559690671822	0.581440309328	0.763170613823	0.694055099082	0.589173513775	0.592073465442	0.588206863219	0.642822619623	0.608506524891	0.661188980184	0.639439342678	0.600773320445	0.614789753504	0.603673272112	0.755920734654	0.690188496858	0.747220879652	0.718704688255	0.686321894635	0.726437892702	0.639439342678	0.62493958434	0.623972933784	0.625422909618	0.62493958434	0.718704688255	0.643305944901	0.690671822136	0.600289995167	0.686321894635
AH7	0.586756887385	0.61575640406	0.954567423876	0.697921701305	0.708071532141	0.579990333494	0.723054615756	0.542290961817	0.538907684872	0.637506041566	0.530691155147	0.655389076849	0.635572740454	0.88883518608	0.680038666022	0.596423392943	0.52779120348	0.466892218463	0.89125181247	0.726437892702	0.568873852102	0.535524407927	0.503624939584	0.501691638473	0.837602706622	0.561140647656	0.480425326245	0.484291928468	0.546157564041	0.578540357661	0.0	0.332044465926	0.565973900435	0.614789753504	0.787336877719	0.725471242146	0.555340744321	0.649105848236	0.604639922668	0.665538907685	0.640405993233	0.751570807153	0.72692121798	0.654905751571	0.64813919768	0.609473175447	0.762687288545	0.720637989367	0.773803769937	0.724987916868	0.704204929918	0.737554374094	0.639439342678	0.622039632673	0.618173030449	0.637989366844	0.616239729338	0.734171097148	0.623006283229	0.708554857419	0.605606573224	0.711938134364
AH8	0.559207346544	0.567907201547	0.955050749154	0.657805703238	0.66892218463	0.530691155147	0.68970517158	0.492025132914	0.488641855969	0.584823586274	0.511358144031	0.614789753504	0.572257129048	0.881585306912	0.620106331561	0.554857419043	0.423392943451	0.382793620106	0.905751570807	0.73368777187	0.558240695988	0.490091831803	0.478492025133	0.490575157081	0.851135814403	0.563073948768	0.47220879652	0.465925567907	0.514741420976	0.55775737071	0.332044465926	0.0	0.498308361527	0.542774287095	0.750604156597	0.695505074915	0.527307878202	0.599806669889	0.549057515708	0.617689705172	0.590623489609	0.711938134364	0.684871918801	0.611406476559	0.593040115998	0.5601739971	0.713871435476	0.666988883519	0.726437892702	0.674722087965	0.647655872402	0.679072015466	0.582890285162	0.576123731271	0.573223779604	0.585306911551	0.564040599323	0.673755437409	0.576123731271	0.667955534074	0.549057515708	0.652489125181
AA5	0.580473658772	0.514741420976	0.956984050266	0.654905751571	0.608989850169	0.44900918318	0.636056065732	0.390043499275	0.380376993717	0.529724504592	0.432576123731	0.537457709038	0.524407926535	0.885935234413	0.539874335428	0.54857419043	0.444175930401	0.427742870952	0.927017883035	0.743354277429	0.561623972934	0.489608506525	0.473175447076	0.473658772354	0.897535041083	0.588206863219	0.438376027066	0.453359110681	0.494925084582	0.559690671822	0.565973900435	0.498308361527	0.0	0.340744320928	0.672788786854	0.575157080715	0.451909134848	0.473658772354	0.457709038183	0.546640889319	0.490091831803	0.625906234896	0.594006766554	0.475592073465	0.519091348478	0.460125664572	0.68970517158	0.633156114065	0.670855485742	0.641372643789	0.6389560174	0.67133881102	0.528274528758	0.543740937651	0.546640889319	0.547607539874	0.536491058482	0.656839052682	0.565973900435	0.62493958434	0.505074915418	0.623972933784
AA6	0.587240212663	0.519091348478	0.963267278879	0.66892218463	0.638472692122	0.487191880135	0.650072498792	0.454809086515	0.456259062349	0.543257612373	0.504108264862	0.567423876269	0.537457709038	0.89125181247	0.556307394877	0.555824069599	0.486708554857	0.479942000967	0.939101014983	0.754954084099	0.601256645723	0.519091348478	0.526824552924	0.533107781537	0.90961817303	0.606089898502	0.493958434026	0.514258095698	0.546640889319	0.581440309328	0.614789753504	0.542774287095	0.340744320928	0.0	0.686805219913	0.585790236829	0.508458192363	0.489125181247	0.491541807637	0.572257129048	0.506524891252	0.651522474625	0.616239729338	0.510874818753	0.467375543741	0.424842919285	0.698405026583	0.642822619623	0.684871918801	0.654905751571	0.642822619623	0.675205413243	0.545190913485	0.554857419043	0.555824069599	0.5601739971	0.542774287095	0.664572257129	0.572257129048	0.6389560174	0.517158047366	0.638472692122
AB5	0.743837602707	0.661188980184	0.974383760271	0.734654422426	0.606089898502	0.644272595457	0.737554374094	0.652489125181	0.666505558241	0.697438376027	0.66892218463	0.611889801837	0.666505558241	0.905751570807	0.690671822136	0.693088448526	0.71290478492	0.699371677139	0.944900918318	0.795553407443	0.810536491058	0.746254229096	0.749637506042	0.745770903818	0.930401159981	0.77090381827	0.703238279362	0.724021266312	0.755920734654	0.763170613823	0.787336877719	0.750604156597	0.672788786854	0.686805219913	0.0	0.327211213146	0.622039632673	0.65732237796	0.629289511841	0.625906234896	0.611406476559	0.727887868536	0.717738037699	0.644755920735	0.629289511841	0.626389560174	0.616239729338	0.606089898502	0.624456259062	0.608023199613	0.622039632673	0.620106331561	0.590140164331	0.591106814886	0.620589656839	0.61333977767	0.672788786854	0.592073465442	0.664572257129	0.605606573224	0.674722087965	0.609956500725
AB6	0.679072015466	0.595456742388	0.968100531658	0.695988400193	0.573707104882	0.573707104882	0.667472208797	0.565007249879	0.597873368777	0.621072982117	0.607539874335	0.529241179314	0.612856452392	0.903818269696	0.624456259062	0.62493958434	0.656355727405	0.640889318511	0.936684388594	0.762687288545	0.745770903818	0.680038666022	0.676172063799	0.669405509908	0.915901401643	0.702271628806	0.634606089899	0.654905751571	0.681005316578	0.694055099082	0.725471242146	0.695505074915	0.575157080715	0.585790236829	0.327211213146	0.0	0.570323827936	0.579507008217	0.565490575157	0.54857419043	0.538907684872	0.655389076849	0.632189463509	0.540840985984	0.546640889319	0.543257612373	0.59255679072	0.544707588207	0.583856935718	0.553890768487	0.556790720155	0.583856935718	0.515224746254	0.551474142098	0.574673755437	0.566457225713	0.60657322378	0.559207346544	0.603673272112	0.542774287095	0.621556307395	0.540357660706
AC5	0.59497341711	0.552440792653	0.972450459159	0.660705654906	0.611889801837	0.477525374577	0.670372160464	0.441275978734	0.441759304012	0.568390526825	0.404543257612	0.548090865152	0.543740937651	0.901884968584	0.601739971	0.570807153214	0.487191880135	0.44900918318	0.945867568874	0.760270662156	0.62493958434	0.569840502658	0.500724987917	0.49299178347	0.925567907202	0.619139681005	0.459159014016	0.478975350411	0.538424359594	0.589173513775	0.555340744321	0.527307878202	0.451909134848	0.508458192363	0.622039632673	0.570323827936	0.0	0.450459159014	0.447075882069	0.58095698405	0.528757854036	0.699371677139	0.653455775737	0.537941034316	0.478975350411	0.458192363461	0.61575640406	0.577573707105	0.626389560174	0.581440309328	0.576607056549	0.596423392943	0.515708071532	0.487675205413	0.493475108748	0.491541807637	0.563073948768	0.594490091832	0.574673755437	0.565007249879	0.521024649589	0.566940550991
AC6	0.607056549058	0.51377477042	0.955050749154	0.653939101015	0.58095698405	0.521507974867	0.51619139681	0.48622522958	0.531174480425	0.465442242629	0.552924117931	0.525857902368	0.556790720155	0.878685355244	0.521991300145	0.563073948768	0.571290478492	0.558724021266	0.926051232479	0.740937651039	0.649105848236	0.587240212663	0.589173513775	0.582890285162	0.907684871919	0.620589656839	0.54857419043	0.554857419043	0.580473658772	0.592073465442	0.649105848236	0.599806669889	0.473658772354	0.489125181247	0.65732237796	0.579507008217	0.450459159014	0.0	0.521991300145	0.510874818753	0.512324794587	0.466892218463	0.42822619623	0.420009666506	0.559690671822	0.553407443209	0.680038666022	0.629772837119	0.669405509908	0.635089415176	0.634122764621	0.660222329628	0.582406959884	0.568873852102	0.571290478492	0.564523924601	0.546157564041	0.652489125181	0.565973900435	0.605606573224	0.550024166264	0.629772837119
AD6	0.593523441276	0.534557757371	0.973900434993	0.64813919768	0.586756887385	0.433542774287	0.639922667956	0.440792653456	0.444659255679	0.536007733204	0.446109231513	0.511358144031	0.519574673755	0.898501691638	0.578540357661	0.563073948768	0.492025132914	0.481875302078	0.95601739971	0.767037216046	0.606089898502	0.550024166264	0.538424359594	0.52779120348	0.92363460609	0.614789753504	0.490091831803	0.521507974867	0.543740937651	0.588206863219	0.604639922668	0.549057515708	0.457709038183	0.491541807637	0.629289511841	0.565490575157	0.447075882069	0.521991300145	0.0	0.537941034316	0.432576123731	0.685838569357	0.649105848236	0.536007733204	0.499275012083	0.46302561624	0.609473175447	0.55775737071	0.602223296278	0.575640405993	0.563073948768	0.589173513775	0.485741904302	0.480908651522	0.488158530691	0.4813919768	0.538907684872	0.586756887385	0.545190913485	0.570807153214	0.47462542291	0.554374093765
AE5	0.61333977767	0.526341227646	0.972450459159	0.649105848236	0.536491058482	0.545674238763	0.590140164331	0.542774287095	0.589656839053	0.537941034316	0.60415659739	0.479942000967	0.5601739971	0.895118414693	0.55099081682	0.553890768487	0.585790236829	0.584340260996	0.927501208313	0.750604156597	0.711938134364	0.647172547124	0.64572257129	0.635572740454	0.874818753021	0.659255679072	0.590623489609	0.605606573224	0.640889318511	0.642822619623	0.665538907685	0.617689705172	0.546640889319	0.572257129048	0.625906234896	0.54857419043	0.58095698405	0.510874818753	0.537941034316	0.0	0.362493958434	0.601256645723	0.575157080715	0.500241662639	0.623489608507	0.619139681005	0.630256162397	0.589173513775	0.633639439343	0.589656839053	0.602706621556	0.626389560174	0.517641372644	0.542774287095	0.569840502658	0.542774287095	0.540840985984	0.607539874335	0.55099081682	0.586756887385	0.553407443209	0.593523441276
AE6	0.597873368777	0.499275012083	0.971000483325	0.634606089899	0.56935717738	0.492508458192	0.592073465442	0.482841952634	0.521507974867	0.520057999033	0.534074432093	0.507491541808	0.521991300145	0.893185113581	0.533591106815	0.531657805703	0.549540840986	0.535524407927	0.939101014983	0.751570807153	0.667955534074	0.597390043499	0.598356694055	0.591590140164	0.902368293862	0.64813919768	0.538907684872	0.568390526825	0.606089898502	0.608506524891	0.640405993233	0.590623489609	0.490091831803	0.506524891252	0.611406476559	0.538907684872	0.528757854036	0.512324794587	0.432576123731	0.362493958434	0.0	0.642822619623	0.609473175447	0.494441759304	0.55775737071	0.544224262929	0.631706138231	0.589173513775	0.61575640406	0.585306911551	0.594490091832	0.620106331561	0.512808119865	0.493958434026	0.510391493475	0.50700821653	0.514258095698	0.606089898502	0.53939101015	0.577090381827	0.510874818753	0.588206863219
AF5	0.691155147414	0.626872885452	0.936201063316	0.672305461576	0.649589173514	0.6805219913	0.556307394877	0.634122764621	0.684871918801	0.56259062349	0.710488158531	0.623006283229	0.677138714355	0.86563557274	0.596906718221	0.662155630739	0.710971483809	0.713388110198	0.87046882552	0.710488158531	0.700821652972	0.661672305462	0.716288061866	0.71290478492	0.876268728855	0.686321894635	0.69212179797	0.67133881102	0.663605606573	0.661188980184	0.751570807153	0.711938134364	0.625906234896	0.651522474625	0.727887868536	0.655389076849	0.699371677139	0.466892218463	0.685838569357	0.601256645723	0.642822619623	0.0	0.267762203963	0.53939101015	0.716771387144	0.715804736588	0.758820686322	0.717738037699	0.750120831319	0.717254712421	0.725954567424	0.753504108265	0.684388593523	0.705654905752	0.714838086032	0.701788303528	0.663605606573	0.741420976317	0.66892218463	0.693088448526	0.701788303528	0.712421459642
AF6	0.669888835186	0.591590140164	0.933301111648	0.654422426293	0.633639439343	0.644755920735	0.535041082649	0.600289995167	0.64813919768	0.534074432093	0.680038666022	0.601739971	0.635089415176	0.856935717738	0.55775737071	0.628806186564	0.681005316578	0.681005316578	0.874818753021	0.704688255196	0.681971967134	0.635089415176	0.674238762687	0.674238762687	0.86805219913	0.658289028516	0.655872402127	0.631706138231	0.623972933784	0.639439342678	0.72692121798	0.684871918801	0.594006766554	0.616239729338	0.717738037699	0.632189463509	0.653455775737	0.42822619623	0.649105848236	0.575157080715	0.609473175447	0.267762203963	0.0	0.500724987917	0.681971967134	0.676655389077	0.751087481875	0.699371677139	0.731754470759	0.696955050749	0.695021749638	0.73368777187	0.65973900435	0.66892218463	0.682455292412	0.669405509908	0.626389560174	0.720154664089	0.631706138231	0.679555340744	0.66892218463	0.686321894635
