	AA3	AA4	AB3	AB4	AC3	AC4	AD3	AD4	AE3	AE4	AF3	AF4	AG3	AG4	AH3	AH4	AA7	AA8	AB7	AB8	AC7	AC8	AD7	AD8	AE7	AE8	AF7	AF8	AG7	AG8	AH7	AH8	AA5	AA6	AB5	AB6	AC5	AC6	AD6	AE5	AE6	AF5	AF6	AG5	AH5	AH6	AA1	AA2	AB1	AB2	AC1	AC2	AD1	AD2	AE1	AE2	AF1	AF2	AG1	AG2	AH1	AH2
AA3	0.0	0.477525374577	0.927984533591	0.637022716288	0.669405509908	0.587240212663	0.675688738521	0.581440309328	0.565973900435	0.634606089899	0.621072982117	0.61333977767	0.585790236829	0.849202513291	0.646205896568	0.333977767037	0.567423876269	0.565973900435	0.872402126631	0.694055099082	0.608023199613	0.571290478492	0.590140164331	0.587723537941	0.83325277912	0.595456742388	0.564040599323	0.556307394877	0.588206863219	0.590140164331	0.594006766554	0.564523924601	0.581923634606	0.595940067666	0.749637506042	0.69453842436	0.608506524891	0.631222812953	0.610923151281	0.628322861286	0.606089898502	0.71290478492	0.686321894635	0.623972933784	0.63653939101	0.612373127115	0.687771870469	0.644272595457	0.713388110198	0.66892218463	0.64572257129	0.667955534074	0.565973900435	0.556307394877	0.59255679072	0.556790720155	0.574190430159	0.674238762687	0.579023682939	0.685838569357	0.573707104882	0.65973900435
AA4	0.477525374577	0.0	0.945384243596	0.582890285162	0.579990333494	0.503141614306	0.59497341711	0.478008699855	0.498308361527	0.517158047366	0.560657322378	0.507974867086	0.489125181247	0.859835669406	0.385693571774	0.361527307878	0.541324311261	0.538424359594	0.894151764137	0.704204929918	0.654422426293	0.58095698405	0.590623489609	0.596423392943	0.872885451909	0.62493958434	0.538424359594	0.559207346544	0.594490091832	0.612373127115	0.625906234896	0.589173513775	0.514258095698	0.520541324311	0.668438859352	0.601256645723	0.562107298212	0.520057999033	0.524891251812	0.52537457709	0.485258579024	0.622522957951	0.596906718221	0.501691638473	0.576123731271	0.571290478492	0.647172547124	0.576607056549	0.629772837119	0.59497341711	0.59255679072	0.630739487675	0.50700821653	0.525857902368	0.532624456259	0.5186080232	0.493475108748	0.621556307395	0.511841469309	0.611889801837	0.517158047366	0.58095698405
AB3	0.927984533591	0.945384243596	0.0	0.681488641856	0.910584823586	0.946350894152	0.95360077332	0.939101014983	0.927501208313	0.942000966651	0.966650555824	0.928467858869	0.959884001933	0.347994200097	0.955050749154	0.942967617206	0.968583856936	0.963750604157	0.742870952151	0.759787336878	0.881585306912	0.911551474142	0.956500724988	0.950700821653	0.850169163847	0.889318511358	0.942484291928	0.932334461092	0.846302561624	0.861768970517	0.951667472209	0.95360077332	0.951184146931	0.95601739971	0.967133881102	0.959400676655	0.96761720638	0.944900918318	0.96761720638	0.966650555824	0.96520057999	0.938134364427	0.925084581924	0.945384243596	0.973900434993	0.965683905268	0.96520057999	0.964717254712	0.962783953601	0.966167230546	0.971483808603	0.966167230546	0.969067182214	0.968583856936	0.974867085549	0.966167230546	0.966650555824	0.963267278879	0.967133881102	0.968583856936	0.968583856936	0.966167230546
AB4	0.637022716288	0.582890285162	0.681488641856	0.0	0.633156114065	0.604639922668	0.686805219913	0.612373127115	0.605123247946	0.616239729338	0.649589173514	0.598356694055	0.483325277912	0.575157080715	0.604639922668	0.587240212663	0.637022716288	0.633639439343	0.720154664089	0.556307394877	0.646689221846	0.626389560174	0.656839052682	0.662155630739	0.790236829386	0.642339294345	0.640889318511	0.631222812953	0.547124214596	0.593523441276	0.688738521025	0.655389076849	0.637506041566	0.646689221846	0.730304494925	0.660705654906	0.651522474625	0.624456259062	0.62735621073	0.622039632673	0.616239729338	0.652005799903	0.647655872402	0.622039632673	0.688255195747	0.670855485742	0.703238279362	0.660222329628	0.696955050749	0.672305461576	0.667955534074	0.674722087965	0.624456259062	0.640889318511	0.652005799903	0.639922667956	0.637022716288	0.675688738521	0.628806186564	0.676655389077	0.653939101015	0.676655389077
AC3	0.669405509908	0.579990333494	0.910584823586	0.633156114065	0.0	0.489608506525	0.651522474625	0.559207346544	0.568873852102	0.588206863219	0.62493958434	0.335911068149	0.603189946834	0.830352827453	0.600773320445	0.619139681005	0.634606089899	0.622039632673	0.879168680522	0.738037699372	0.730787820203	0.683421942968	0.739971000483	0.736587723538	0.834702754954	0.706138231029	0.664572257129	0.687771870469	0.680038666022	0.68970517158	0.714838086032	0.681488641856	0.608023199613	0.64572257129	0.621556307395	0.579023682939	0.633156114065	0.577090381827	0.597873368777	0.550024166264	0.546640889319	0.650072498792	0.654422426293	0.564523924601	0.65732237796	0.645239246013	0.59497341711	0.585790236829	0.588206863219	0.578057032383	0.601739971	0.601739971	0.545190913485	0.575157080715	0.594490091832	0.584340260996	0.621556307395	0.583856935718	0.631222812953	0.594006766554	0.630256162397	0.59497341711
AC4	0.587240212663	0.503141614306	0.946350894152	0.604639922668	0.489608506525	0.0	0.619139681005	0.410343160947	0.407926534558	0.510391493475	0.350894151764	0.389560173997	0.505558240696	0.862735621073	0.553890768487	0.536491058482	0.496858385694	0.475592073465	0.916868052199	0.726437892702	0.594006766554	0.545674238763	0.540840985984	0.540357660706	0.881585306912	0.586756887385	0.501208313195	0.520541324311	0.537457709038	0.555340744321	0.577090381827	0.527307878202	0.465442242629	0.479458675689	0.65055582407	0.577573707105	0.46979217013	0.511358144031	0.421459642339	0.553890768487	0.476075398743	0.669405509908	0.653939101015	0.50700821653	0.511358144031	0.485741904302	0.625906234896	0.558240695988	0.601739971	0.572740454326	0.565490575157	0.601739971	0.48622522958	0.502174963751	0.505558240696	0.506041565974	0.536007733204	0.594490091832	0.546640889319	0.584340260996	0.479942000967	0.564523924601
AD3	0.675688738521	0.59497341711	0.95360077332	0.686805219913	0.651522474625	0.619139681005	0.0	0.541807636539	0.630739487675	0.371193813436	0.672788786854	0.604639922668	0.647655872402	0.876752054132	0.584340260996	0.637989366844	0.683421942968	0.68293861769	0.945867568874	0.762203963267	0.720637989367	0.693571773804	0.699855002417	0.698888351861	0.922184630256	0.697921701305	0.692605123248	0.695988400193	0.691638472692	0.684388593523	0.723054615756	0.698405026583	0.623972933784	0.647172547124	0.749637506042	0.673755437409	0.681005316578	0.547124214596	0.617689705172	0.568873852102	0.570807153214	0.567907201547	0.535524407927	0.551957467376	0.698405026583	0.685355244079	0.773320444659	0.701788303528	0.736587723538	0.710488158531	0.701788303528	0.735621072982	0.649589173514	0.660705654906	0.671822136298	0.655872402127	0.635089415176	0.725954567424	0.646205896568	0.724021266312	0.687288545191	0.713388110198
AD4	0.581440309328	0.478008699855	0.939101014983	0.612373127115	0.559207346544	0.410343160947	0.541807636539	0.0	0.298211696472	0.418559690672	0.429192846786	0.478492025133	0.511841469309	0.862252295795	0.543257612373	0.53020782987	0.463992266796	0.44900918318	0.936201063316	0.743354277429	0.579990333494	0.517641372644	0.520057999033	0.50459159014	0.896085065249	0.606089898502	0.45142580957	0.473658772354	0.496858385694	0.543740937651	0.542774287095	0.50459159014	0.404543257612	0.448525857902	0.668438859352	0.586756887385	0.451909134848	0.493958434026	0.439342677622	0.5601739971	0.476558724021	0.644755920735	0.62493958434	0.490091831803	0.502174963751	0.4813919768	0.656839052682	0.586273562107	0.629772837119	0.612373127115	0.594490091832	0.629289511841	0.496375060416	0.51377477042	0.513291445143	0.517641372644	0.52779120348	0.626872885452	0.542290961817	0.625422909618	0.498308361527	0.597390043499
AE3	0.565973900435	0.498308361527	0.927501208313	0.605123247946	0.568873852102	0.407926534558	0.630739487675	0.298211696472	0.0	0.500241662639	0.415176413726	0.496858385694	0.51377477042	0.852585790237	0.546157564041	0.531657805703	0.457225712905	0.443692605123	0.922184630256	0.733204446593	0.553890768487	0.498308361527	0.486708554857	0.481875302078	0.887868535524	0.594490091832	0.444175930401	0.463508941518	0.479458675689	0.531174480425	0.547124214596	0.500724987917	0.400193330111	0.443692605123	0.68293861769	0.599806669889	0.447075882069	0.509908168197	0.451909134848	0.587240212663	0.505074915418	0.664088931851	0.643789270179	0.508458192363	0.504108264862	0.480425326245	0.670372160464	0.59497341711	0.641855969067	0.620589656839	0.60657322378	0.64572257129	0.510391493475	0.52779120348	0.528757854036	0.53020782987	0.533107781537	0.642339294345	0.553890768487	0.633156114065	0.490575157081	0.599323344611
AE4	0.634606089899	0.517158047366	0.942000966651	0.616239729338	0.588206863219	0.510391493475	0.371193813436	0.418559690672	0.500241662639	0.0	0.56935717738	0.526341227646	0.576607056549	0.864668922185	0.533591106815	0.572257129048	0.579507008217	0.577573707105	0.93523441276	0.74770420493	0.652489125181	0.596906718221	0.607539874335	0.607056549058	0.908168197197	0.634606089899	0.576123731271	0.58337361044	0.584823586274	0.607539874335	0.643789270179	0.608023199613	0.517158047366	0.538424359594	0.695505074915	0.614789753504	0.571290478492	0.468825519575	0.525857902368	0.524891251812	0.494925084582	0.585306911551	0.558240695988	0.490091831803	0.597873368777	0.585306911551	0.710971483809	0.642339294345	0.69212179797	0.669405509908	0.652005799903	0.68293861769	0.579990333494	0.581440309328	0.578057032383	0.587240212663	0.557274045433	0.68293861769	0.586273562107	0.680038666022	0.585306911551	0.65055582407
AF3	0.621072982117	0.560657322378	0.966650555824	0.649589173514	0.62493958434	0.350894151764	0.672788786854	0.429192846786	0.415176413726	0.56935717738	0.0	0.523924601257	0.551474142098	0.885451909135	0.608506524891	0.586756887385	0.461092315128	0.448042532624	0.959884001933	0.773320444659	0.602223296278	0.564040599323	0.446592556791	0.451909134848	0.924117931368	0.634606089899	0.448525857902	0.517158047366	0.532141130981	0.586756887385	0.537941034316	0.528274528758	0.43740937651	0.490091831803	0.673755437409	0.618173030449	0.415659739004	0.553890768487	0.465442242629	0.620589656839	0.53939101015	0.711454809087	0.689221846303	0.54857419043	0.509908168197	0.478975350411	0.66892218463	0.596423392943	0.657805703238	0.613823102948	0.601739971	0.644272595457	0.538907684872	0.523924601257	0.528274528758	0.529241179314	0.578540357661	0.640405993233	0.591590140164	0.626389560174	0.509424842919	0.600773320445
AF4	0.61333977767	0.507974867086	0.928467858869	0.598356694055	0.335911068149	0.389560173997	0.604639922668	0.478492025133	0.496858385694	0.526341227646	0.523924601257	0.0	0.535524407927	0.843402609957	0.536491058482	0.552924117931	0.575157080715	0.561623972934	0.889318511358	0.702271628806	0.682455292412	0.621072982117	0.665055582407	0.65973900435	0.856935717738	0.636056065732	0.595456742388	0.619139681005	0.624456259062	0.632672788787	0.662638956017	0.624456259062	0.540357660706	0.573223779604	0.618173030449	0.535524407927	0.554857419043	0.535524407927	0.520057999033	0.505074915418	0.498791686805	0.621556307395	0.620589656839	0.509424842919	0.572257129048	0.559207346544	0.587723537941	0.520057999033	0.568873852102	0.532624456259	0.538907684872	0.566457225713	0.476558724021	0.506524891252	0.521024649589	0.531174480425	0.561140647656	0.559207346544	0.569840502658	0.551474142098	0.54857419043	0.523441275979
AG3	0.585790236829	0.489125181247	0.959884001933	0.483325277912	0.603189946834	0.505558240696	0.647655872402	0.511841469309	0.51377477042	0.576607056549	0.551474142098	0.535524407927	0.0	0.852102464959	0.528757854036	0.515224746254	0.527307878202	0.515708071532	0.925084581924	0.737554374094	0.66892218463	0.598356694055	0.59255679072	0.611889801837	0.883035282745	0.6389560174	0.547124214596	0.572257129048	0.616723054616	0.634606089899	0.641855969067	0.585790236829	0.532624456259	0.548090865152	0.664572257129	0.611889801837	0.548090865152	0.555340744321	0.522957950701	0.56935717738	0.505074915418	0.666988883519	0.649589173514	0.536491058482	0.578540357661	0.570807153214	0.623006283229	0.567423876269	0.625422909618	0.594490091832	0.573707104882	0.596423392943	0.492025132914	0.528274528758	0.543740937651	0.52779120348	0.53939101015	0.60657322378	0.554857419043	0.614306428226	0.517641372644	0.576123731271
AG4	0.849202513291	0.859835669406	0.347994200097	0.575157080715	0.830352827453	0.862735621073	0.876752054132	0.862252295795	0.852585790237	0.864668922185	0.885451909135	0.843402609957	0.852102464959	0.0	0.871435476075	0.855485741904	0.890285161914	0.885935234413	0.697921701305	0.680038666022	0.807636539391	0.830836152731	0.877718704688	0.870952150797	0.827452875785	0.811019816336	0.859352344128	0.852585790237	0.759787336878	0.769453842436	0.87723537941	0.87046882552	0.875302078299	0.874818753021	0.896085065249	0.883518608023	0.891735137748	0.860802319961	0.884001933301	0.884001933301	0.884485258579	0.856935717738	0.84726921218	0.869502174964	0.89125181247	0.886418559691	0.885451909135	0.885935234413	0.884485258579	0.887385210246	0.889318511358	0.887385210246	0.890285161914	0.885935234413	0.894151764137	0.889318511358	0.892701788304	0.888351860802	0.889318511358	0.886418559691	0.888351860802	0.89125181247
AH3	0.646205896568	0.385693571774	0.955050749154	0.604639922668	0.600773320445	0.553890768487	0.584340260996	0.543257612373	0.546157564041	0.533591106815	0.608506524891	0.536491058482	0.528757854036	0.871435476075	0.0	0.521024649589	0.59255679072	0.590140164331	0.925084581924	0.744804253262	0.70372160464	0.635089415176	0.638472692122	0.64813919768	0.898985016916	0.695505074915	0.611406476559	0.622039632673	0.655872402127	0.669405509908	0.692605123248	0.651039149348	0.55099081682	0.575157080715	0.706621556307	0.635572740454	0.626872885452	0.543740937651	0.582406959884	0.550507491542	0.549540840986	0.598356694055	0.58095698405	0.543257612373	0.644755920735	0.641372643789	0.691638472692	0.608989850169	0.652972450459	0.637022716288	0.637022716288	0.662638956017	0.574190430159	0.600289995167	0.598356694055	0.596906718221	0.557274045433	0.660705654906	0.567907201547	0.647172547124	0.584823586274	0.615273078782
AH4	0.333977767037	0.361527307878	0.942967617206	0.587240212663	0.619139681005	0.536491058482	0.637989366844	0.53020782987	0.531657805703	0.572257129048	0.586756887385	0.552924117931	0.515224746254	0.855485741904	0.521024649589	0.0	0.536491058482	0.539874335428	0.885935234413	0.701788303528	0.635572740454	0.558240695988	0.578057032383	0.585790236829	0.854035766071	0.614789753504	0.542290961817	0.541807636539	0.584340260996	0.596423392943	0.611889801837	0.56935717738	0.540840985984	0.546640889319	0.706621556307	0.641372643789	0.580473658772	0.570807153214	0.546640889319	0.574673755437	0.533591106815	0.664088931851	0.644272595457	0.563557274045	0.600289995167	0.592073465442	0.664088931851	0.598356694055	0.664088931851	0.617206379894	0.610923151281	0.638472692122	0.537457709038	0.536007733204	0.544707588207	0.531174480425	0.508458192363	0.635089415176	0.526341227646	0.632189463509	0.539874335428	0.605123247946
AA7	0.567423876269	0.541324311261	0.968583856936	0.637022716288	0.634606089899	0.496858385694	0.683421942968	0.463992266796	0.457225712905	0.579507008217	0.461092315128	0.575157080715	0.527307878202	0.890285161914	0.59255679072	0.536491058482	0.0	0.278878685355	0.933784436926	0.748187530208	0.594006766554	0.516674722088	0.478975350411	0.494925084582	0.874818753021	0.607056549058	0.434509424843	0.471725471242	0.51377477042	0.567907201547	0.514741420976	0.440309328178	0.439342677622	0.478492025133	0.722571290478	0.662155630739	0.475592073465	0.574673755437	0.502658289029	0.603673272112	0.559690671822	0.707588206863	0.688738521025	0.586273562107	0.547124214596	0.527307878202	0.670372160464	0.607056549058	0.681005316578	0.641372643789	0.603673272112	0.634606089899	0.511841469309	0.523924601257	0.532141130981	0.526824552924	0.531657805703	0.635572740454	0.544707588207	0.666022232963	0.500241662639	0.614789753504
AA8	0.565973900435	0.538424359594	0.963750604157	0.633639439343	0.622039632673	0.475592073465	0.68293861769	0.44900918318	0.443692605123	0.577573707105	0.448042532624	0.561623972934	0.515708071532	0.885935234413	0.590140164331	0.539874335428	0.278878685355	0.0	0.926051232479	0.738037699372	0.585306911551	0.506524891252	0.473658772354	0.493958434026	0.860802319961	0.593523441276	0.424359594007	0.470275495408	0.508941517641	0.56259062349	0.484291928468	0.403576607057	0.427742870952	0.46979217013	0.713388110198	0.650072498792	0.464475592073	0.565007249879	0.482358627356	0.601256645723	0.542774287095	0.707588206863	0.68970517158	0.574673755437	0.532624456259	0.510391493475	0.651039149348	0.590140164331	0.669888835186	0.623006283229	0.593040115998	0.620589656839	0.502174963751	0.509908168197	0.521507974867	0.510874818753	0.531657805703	0.620106331561	0.547124214596	0.647172547124	0.482841952634	0.603189946834
AB7	0.872402126631	0.894151764137	0.742870952151	0.720154664089	0.879168680522	0.916868052199	0.945867568874	0.936201063316	0.922184630256	0.93523441276	0.959884001933	0.889318511358	0.925084581924	0.697921701305	0.925084581924	0.885935234413	0.933784436926	0.926051232479	0.0	0.410343160947	0.805219913001	0.835186080232	0.929434509425	0.927501208313	0.744804253262	0.814403093282	0.889801836636	0.876268728855	0.741420976317	0.721121314645	0.894151764137	0.907201546641	0.927017883035	0.939101014983	0.943450942484	0.933301111648	0.950700821653	0.917834702755	0.941517641373	0.929917834703	0.933784436926	0.879168680522	0.871435476075	0.905268245529	0.966167230546	0.948284195263	0.938617689705	0.931851135814	0.928951184147	0.938134364427	0.939101014983	0.930884485259	0.931367810536	0.922184630256	0.925567907202	0.924601256646	0.924117931368	0.928467858869	0.927017883035	0.936201063316	0.945867568874	0.937651039149
AB8	0.694055099082	0.704204929918	0.759787336878	0.556307394877	0.738037699372	0.726437892702	0.762203963267	0.743354277429	0.733204446593	0.74770420493	0.773320444659	0.702271628806	0.737554374094	0.680038666022	0.744804253262	0.701788303528	0.748187530208	0.738037699372	0.410343160947	0.0	0.625422909618	0.647655872402	0.738037699372	0.732237796037	0.739971000483	0.647172547124	0.69453842436	0.684871918801	0.53697438376	0.531657805703	0.720637989367	0.720154664089	0.73852102465	0.749637506042	0.804736587724	0.753504108265	0.7593040116	0.728371193813	0.753020782987	0.738037699372	0.739487675205	0.714838086032	0.701788303528	0.716288061866	0.781536974384	0.762203963267	0.808119864669	0.749154180764	0.78927017883	0.764137264379	0.762203963267	0.77767037216	0.74770420493	0.741904301595	0.748670855486	0.745770903818	0.737554374094	0.768970517158	0.739487675205	0.768970517158	0.756404059932	0.750120831319
AC7	0.608023199613	0.654422426293	0.881585306912	0.646689221846	0.730787820203	0.594006766554	0.720637989367	0.579990333494	0.553890768487	0.652489125181	0.602223296278	0.682455292412	0.66892218463	0.807636539391	0.70372160464	0.635572740454	0.594006766554	0.585306911551	0.805219913001	0.625422909618	0.0	0.366843885935	0.566457225713	0.555824069599	0.813919768004	0.584823586274	0.540357660706	0.511841469309	0.470758820686	0.470758820686	0.575157080715	0.544224262929	0.559690671822	0.582890285162	0.811503141614	0.752537457709	0.625422909618	0.641372643789	0.618173030449	0.719188013533	0.673272112131	0.71290478492	0.687771870469	0.638472692122	0.62493958434	0.601256645723	0.81488641856	0.751087481875	0.804736587724	0.779603673272	0.743837602707	0.78250362494	0.670372160464	0.665538907685	0.67133881102	0.672788786854	0.666988883519	0.785403576607	0.666988883519	0.781536974384	0.611406476559	0.754470758821
AC8	0.571290478492	0.58095698405	0.911551474142	0.626389560174	0.683421942968	0.545674238763	0.693571773804	0.517641372644	0.498308361527	0.596906718221	0.564040599323	0.621072982117	0.598356694055	0.830836152731	0.635089415176	0.558240695988	0.516674722088	0.506524891252	0.835186080232	0.647655872402	0.366843885935	0.0	0.501208313195	0.50700821653	0.830352827453	0.552440792653	0.40502658289	0.372160463992	0.438859352344	0.457225712905	0.523441275979	0.482358627356	0.495891735138	0.512324794587	0.743837602707	0.684388593523	0.560657322378	0.579507008217	0.555340744321	0.639439342678	0.59255679072	0.664572257129	0.644755920735	0.578057032383	0.570323827936	0.554374093765	0.739004349928	0.669888835186	0.736587723538	0.710004833253	0.671822136298	0.705171580474	0.59255679072	0.588206863219	0.594006766554	0.597873368777	0.586756887385	0.710971483809	0.594006766554	0.716288061866	0.545190913485	0.67133881102
AD7	0.590140164331	0.590623489609	0.956500724988	0.656839052682	0.739971000483	0.540840985984	0.699855002417	0.520057999033	0.486708554857	0.607539874335	0.446592556791	0.665055582407	0.59255679072	0.877718704688	0.638472692122	0.578057032383	0.478975350411	0.473658772354	0.929434509425	0.738037699372	0.566457225713	0.501208313195	0.0	0.300144997583	0.889318511358	0.53020782987	0.420976317061	0.464475592073	0.497825036249	0.541807636539	0.503141614306	0.47220879652	0.482841952634	0.520057999033	0.757370710488	0.69212179797	0.505558240696	0.606089898502	0.56259062349	0.652489125181	0.611406476559	0.716288061866	0.692605123248	0.612856452392	0.571290478492	0.548090865152	0.751570807153	0.680038666022	0.74770420493	0.713871435476	0.675205413243	0.708071532141	0.612856452392	0.605606573224	0.603189946834	0.611406476559	0.587240212663	0.711454809087	0.590140164331	0.723537941034	0.563557274045	0.68293861769
AD8	0.587723537941	0.596423392943	0.950700821653	0.662155630739	0.736587723538	0.540357660706	0.698888351861	0.50459159014	0.481875302078	0.607056549058	0.451909134848	0.65973900435	0.611889801837	0.870952150797	0.64813919768	0.585790236829	0.494925084582	0.493958434026	0.927501208313	0.732237796037	0.555824069599	0.50700821653	0.300144997583	0.0	0.861768970517	0.503141614306	0.420976317061	0.46060898985	0.492025132914	0.533591106815	0.494925084582	0.475592073465	0.481875302078	0.529724504592	0.77090381827	0.70372160464	0.50459159014	0.596423392943	0.570807153214	0.653455775737	0.620106331561	0.710488158531	0.689221846303	0.601256645723	0.573707104882	0.555824069599	0.760753987434	0.687771870469	0.762687288545	0.72450459159	0.684388593523	0.722087965201	0.622522957951	0.615273078782	0.612856452392	0.620106331561	0.607539874335	0.724021266312	0.607539874335	0.733204446593	0.569840502658	0.69212179797
AE7	0.83325277912	0.872885451909	0.850169163847	0.790236829386	0.834702754954	0.881585306912	0.922184630256	0.896085065249	0.887868535524	0.908168197197	0.924117931368	0.856935717738	0.883035282745	0.827452875785	0.898985016916	0.854035766071	0.874818753021	0.860802319961	0.744804253262	0.739971000483	0.813919768004	0.830352827453	0.889318511358	0.861768970517	0.0	0.540357660706	0.86805219913	0.850652489125	0.760270662156	0.766070565491	0.837602706622	0.837119381344	0.902368293862	0.912518124698	0.933301111648	0.917834702755	0.920734654422	0.892218463026	0.910101498308	0.881101981634	0.897535041083	0.879168680522	0.873368777187	0.872402126631	0.939101014983	0.916868052199	0.886418559691	0.895601739971	0.90961817303	0.898018366361	0.90285161914	0.892218463026	0.894151764137	0.890285161914	0.902368293862	0.883035282745	0.90285161914	0.885935234413	0.901884968584	0.909134847753	0.910584823586	0.907201546641
AE8	0.595456742388	0.62493958434	0.889318511358	0.642339294345	0.706138231029	0.586756887385	0.697921701305	0.606089898502	0.594490091832	0.634606089899	0.634606089899	0.636056065732	0.6389560174	0.811019816336	0.695505074915	0.614789753504	0.607056549058	0.593523441276	0.814403093282	0.647172547124	0.584823586274	0.552440792653	0.53020782987	0.503141614306	0.540357660706	0.0	0.573707104882	0.559207346544	0.526824552924	0.510391493475	0.58337361044	0.564523924601	0.61333977767	0.623489608507	0.780570323828	0.720637989367	0.634606089899	0.612856452392	0.625422909618	0.657805703238	0.639922667956	0.702271628806	0.666505558241	0.618656355727	0.647172547124	0.629289511841	0.756404059932	0.69453842436	0.760270662156	0.714838086032	0.695505074915	0.732721121315	0.651522474625	0.636056065732	0.638472692122	0.639922667956	0.648622522958	0.726437892702	0.658772353794	0.734654422426	0.616723054616	0.68970517158
AF7	0.564040599323	0.538424359594	0.942484291928	0.640889318511	0.664572257129	0.501208313195	0.692605123248	0.45142580957	0.444175930401	0.576123731271	0.448525857902	0.595456742388	0.547124214596	0.859352344128	0.611406476559	0.542290961817	0.434509424843	0.424359594007	0.889801836636	0.69453842436	0.540357660706	0.40502658289	0.420976317061	0.420976317061	0.86805219913	0.573707104882	0.0	0.314161430643	0.458192363461	0.519091348478	0.48380860319	0.481875302078	0.417593040116	0.462058965684	0.703238279362	0.642339294345	0.44900918318	0.543740937651	0.500724987917	0.604639922668	0.53939101015	0.681971967134	0.667472208797	0.548090865152	0.528274528758	0.507491541808	0.672788786854	0.621556307395	0.683905268246	0.654905751571	0.615273078782	0.643305944901	0.540840985984	0.534557757371	0.540840985984	0.549057515708	0.541324311261	0.640405993233	0.558240695988	0.665538907685	0.48622522958	0.617206379894
AF8	0.556307394877	0.559207346544	0.932334461092	0.631222812953	0.687771870469	0.520541324311	0.695988400193	0.473658772354	0.463508941518	0.58337361044	0.517158047366	0.619139681005	0.572257129048	0.852585790237	0.622039632673	0.541807636539	0.471725471242	0.470275495408	0.876268728855	0.684871918801	0.511841469309	0.372160463992	0.464475592073	0.46060898985	0.850652489125	0.559207346544	0.314161430643	0.0	0.441275978734	0.49299178347	0.514258095698	0.468825519575	0.449492508458	0.491058482359	0.73610439826	0.677138714355	0.514258095698	0.558240695988	0.528757854036	0.60657322378	0.567907201547	0.671822136298	0.653455775737	0.563557274045	0.554857419043	0.531174480425	0.706138231029	0.649105848236	0.71532141131	0.687288545191	0.64813919768	0.674238762687	0.56935717738	0.563557274045	0.570323827936	0.576607056549	0.55775737071	0.677138714355	0.559690671822	0.698405026583	0.512324794587	0.646205896568
AG7	0.588206863219	0.594490091832	0.846302561624	0.547124214596	0.680038666022	0.537457709038	0.691638472692	0.496858385694	0.479458675689	0.584823586274	0.532141130981	0.624456259062	0.616723054616	0.759787336878	0.655872402127	0.584340260996	0.51377477042	0.508941517641	0.741420976317	0.53697438376	0.470758820686	0.438859352344	0.497825036249	0.492025132914	0.760270662156	0.526824552924	0.458192363461	0.441275978734	0.0	0.303528274529	0.531174480425	0.51377477042	0.495891735138	0.542290961817	0.752054132431	0.683421942968	0.52537457709	0.568873852102	0.5601739971	0.637989366844	0.600289995167	0.661188980184	0.631706138231	0.561140647656	0.589656839053	0.565973900435	0.744804253262	0.673755437409	0.736587723538	0.704688255196	0.670855485742	0.706621556307	0.612373127115	0.602706621556	0.605123247946	0.609473175447	0.609956500725	0.706138231029	0.619139681005	0.713871435476	0.578540357661	0.673755437409
AG8	0.590140164331	0.612373127115	0.861768970517	0.593523441276	0.68970517158	0.555340744321	0.684388593523	0.543740937651	0.531174480425	0.607539874335	0.586756887385	0.632672788787	0.634606089899	0.769453842436	0.669405509908	0.596423392943	0.567907201547	0.56259062349	0.721121314645	0.531657805703	0.470758820686	0.457225712905	0.541807636539	0.533591106815	0.766070565491	0.510391493475	0.519091348478	0.49299178347	0.303528274529	0.0	0.559690671822	0.545674238763	0.553407443209	0.57177380377	0.771387143548	0.702271628806	0.577573707105	0.587240212663	0.582406959884	0.655389076849	0.616723054616	0.670855485742	0.640405993233	0.582890285162	0.616723054616	0.590623489609	0.761237312711	0.68970517158	0.752537457709	0.717738037699	0.68970517158	0.723537941034	0.636056065732	0.623972933784	0.62493958434	0.634122764621	0.630739487675	0.728371193813	0.64572257129	0.720637989367	0.60415659739	0.690188496858
AH7	0.594006766554	0.625906234896	0.951667472209	0.688738521025	0.714838086032	0.577090381827	0.723054615756	0.542774287095	0.547124214596	0.643789270179	0.537941034316	0.662638956017	0.641855969067	0.87723537941	0.692605123248	0.611889801837	0.514741420976	0.484291928468	0.894151764137	0.720637989367	0.575157080715	0.523441275979	0.503141614306	0.494925084582	0.837602706622	0.58337361044	0.48380860319	0.514258095698	0.531174480425	0.559690671822	0.0	0.348960850652	0.560657322378	0.601739971	0.788303528275	0.737071048816	0.549540840986	0.653939101015	0.605606573224	0.666988883519	0.644755920735	0.763653939101	0.734654422426	0.651522474625	0.633156114065	0.612373127115	0.759787336878	0.707104881585	0.773320444659	0.732237796037	0.703238279362	0.73368777187	0.623972933784	0.620106331561	0.620106331561	0.623006283229	0.62735621073	0.730787820203	0.633156114065	0.74528757854	0.608989850169	0.718704688255
AH8	0.564523924601	0.589173513775	0.95360077332	0.655389076849	0.681488641856	0.527307878202	0.698405026583	0.50459159014	0.500724987917	0.608023199613	0.528274528758	0.624456259062	0.585790236829	0.87046882552	0.651039149348	0.56935717738	0.440309328178	0.403576607057	0.907201546641	0.720154664089	0.544224262929	0.482358627356	0.47220879652	0.475592073465	0.837119381344	0.564523924601	0.481875302078	0.468825519575	0.51377477042	0.545674238763	0.348960850652	0.0	0.507974867086	0.541324311261	0.7593040116	0.697921701305	0.533107781537	0.603673272112	0.568390526825	0.625906234896	0.601739971	0.718221362977	0.690671822136	0.607539874335	0.582890285162	0.559207346544	0.718704688255	0.658772353794	0.73368777187	0.686805219913	0.653455775737	0.685355244079	0.58095698405	0.574190430159	0.585306911551	0.585306911551	0.585306911551	0.688255195747	0.582406959884	0.708554857419	0.548090865152	0.671822136298
AA5	0.581923634606	0.514258095698	0.951184146931	0.637506041566	0.608023199613	0.465442242629	0.623972933784	0.404543257612	0.400193330111	0.517158047366	0.43740937651	0.540357660706	0.532624456259	0.875302078299	0.55099081682	0.540840985984	0.439342677622	0.427742870952	0.927017883035	0.73852102465	0.559690671822	0.495891735138	0.482841952634	0.481875302078	0.902368293862	0.61333977767	0.417593040116	0.449492508458	0.495891735138	0.553407443209	0.560657322378	0.507974867086	0.0	0.323344610923	0.680038666022	0.589173513775	0.448042532624	0.46302561624	0.472692121798	0.553890768487	0.48380860319	0.616723054616	0.589656839053	0.462058965684	0.509908168197	0.461575640406	0.697438376027	0.626389560174	0.670372160464	0.651039149348	0.633156114065	0.67133881102	0.516674722088	0.55099081682	0.557274045433	0.548090865152	0.535524407927	0.662638956017	0.563073948768	0.652972450459	0.503141614306	0.62735621073
AA6	0.595940067666	0.520541324311	0.95601739971	0.646689221846	0.64572257129	0.479458675689	0.647172547124	0.448525857902	0.443692605123	0.538424359594	0.490091831803	0.573223779604	0.548090865152	0.874818753021	0.575157080715	0.546640889319	0.478492025133	0.46979217013	0.939101014983	0.749637506042	0.582890285162	0.512324794587	0.520057999033	0.529724504592	0.912518124698	0.623489608507	0.462058965684	0.491058482359	0.542290961817	0.57177380377	0.601739971	0.541324311261	0.323344610923	0.0	0.691155147414	0.598356694055	0.497825036249	0.503141614306	0.480425326245	0.586273562107	0.509424842919	0.658289028516	0.623972933784	0.517158047366	0.46302561624	0.418076365394	0.696471725471	0.628322861286	0.673272112131	0.658772353794	0.634122764621	0.672305461576	0.533107781537	0.551957467376	0.556790720155	0.550507491542	0.541807636539	0.665538907685	0.565490575157	0.664088931851	0.510391493475	0.634122764621
AB5	0.749637506042	0.668438859352	0.967133881102	0.730304494925	0.621556307395	0.65055582407	0.749637506042	0.668438859352	0.68293861769	0.695505074915	0.673755437409	0.618173030449	0.664572257129	0.896085065249	0.706621556307	0.706621556307	0.722571290478	0.713388110198	0.943450942484	0.804736587724	0.811503141614	0.743837602707	0.757370710488	0.77090381827	0.933301111648	0.780570323828	0.703238279362	0.73610439826	0.752054132431	0.771387143548	0.788303528275	0.7593040116	0.680038666022	0.691155147414	0.0	0.318028032866	0.624456259062	0.665055582407	0.6389560174	0.642339294345	0.608023199613	0.736587723538	0.741904301595	0.649589173514	0.642339294345	0.62735621073	0.623006283229	0.623006283229	0.630739487675	0.609956500725	0.632189463509	0.630739487675	0.615273078782	0.614789753504	0.618656355727	0.642822619623	0.673272112131	0.605606573224	0.681005316578	0.619139681005	0.678105364911	0.61333977767
AB6	0.69453842436	0.601256645723	0.959400676655	0.660705654906	0.579023682939	0.577573707105	0.673755437409	0.586756887385	0.599806669889	0.614789753504	0.618173030449	0.535524407927	0.611889801837	0.883518608023	0.635572740454	0.641372643789	0.662155630739	0.650072498792	0.933301111648	0.753504108265	0.752537457709	0.684388593523	0.69212179797	0.70372160464	0.917834702755	0.720637989367	0.642339294345	0.677138714355	0.683421942968	0.702271628806	0.737071048816	0.697921701305	0.589173513775	0.598356694055	0.318028032866	0.0	0.572257129048	0.584340260996	0.572740454326	0.573707104882	0.529724504592	0.66892218463	0.663122281295	0.543257612373	0.567907201547	0.550507491542	0.600773320445	0.550507491542	0.586273562107	0.55099081682	0.571290478492	0.587723537941	0.540840985984	0.565973900435	0.567907201547	0.584823586274	0.601739971	0.565007249879	0.615273078782	0.555340744321	0.634122764621	0.551957467376
AC5	0.608506524891	0.562107298212	0.96761720638	0.651522474625	0.633156114065	0.46979217013	0.681005316578	0.451909134848	0.447075882069	0.571290478492	0.415659739004	0.554857419043	0.548090865152	0.891735137748	0.626872885452	0.580473658772	0.475592073465	0.464475592073	0.950700821653	0.7593040116	0.625422909618	0.560657322378	0.505558240696	0.50459159014	0.920734654422	0.634606089899	0.44900918318	0.514258095698	0.52537457709	0.577573707105	0.549540840986	0.533107781537	0.448042532624	0.497825036249	0.624456259062	0.572257129048	0.0	0.44900918318	0.471725471242	0.585306911551	0.51619139681	0.703238279362	0.667955534074	0.53939101015	0.488158530691	0.455775737071	0.608989850169	0.561140647656	0.62735621073	0.581923634606	0.5601739971	0.588206863219	0.499275012083	0.483325277912	0.490091831803	0.501208313195	0.563557274045	0.590140164331	0.569840502658	0.578057032383	0.512324794587	0.558724021266
AC6	0.631222812953	0.520057999033	0.944900918318	0.624456259062	0.577090381827	0.511358144031	0.547124214596	0.493958434026	0.509908168197	0.468825519575	0.553890768487	0.535524407927	0.555340744321	0.860802319961	0.543740937651	0.570807153214	0.574673755437	0.565007249879	0.917834702755	0.728371193813	0.641372643789	0.579507008217	0.606089898502	0.596423392943	0.892218463026	0.612856452392	0.543740937651	0.558240695988	0.568873852102	0.587240212663	0.653939101015	0.603673272112	0.46302561624	0.503141614306	0.665055582407	0.584340260996	0.44900918318	0.0	0.51377477042	0.521991300145	0.492508458192	0.490091831803	0.458675688739	0.429676172064	0.560657322378	0.547607539874	0.674722087965	0.615273078782	0.653455775737	0.62735621073	0.621072982117	0.658772353794	0.564523924601	0.580473658772	0.566940550991	0.57177380377	0.553890768487	0.647172547124	0.583856935718	0.626872885452	0.549540840986	0.61575640406
AD6	0.610923151281	0.524891251812	0.96761720638	0.62735621073	0.597873368777	0.421459642339	0.617689705172	0.439342677622	0.451909134848	0.525857902368	0.465442242629	0.520057999033	0.522957950701	0.884001933301	0.582406959884	0.546640889319	0.502658289029	0.482358627356	0.941517641373	0.753020782987	0.618173030449	0.555340744321	0.56259062349	0.570807153214	0.910101498308	0.625422909618	0.500724987917	0.528757854036	0.5601739971	0.582406959884	0.605606573224	0.568390526825	0.472692121798	0.480425326245	0.6389560174	0.572740454326	0.471725471242	0.51377477042	0.0	0.532624456259	0.398743354277	0.684871918801	0.65973900435	0.534074432093	0.48622522958	0.463992266796	0.618656355727	0.558724021266	0.605123247946	0.572740454326	0.56259062349	0.603673272112	0.472692121798	0.47462542291	0.477525374577	0.476558724021	0.532141130981	0.591106814886	0.547607539874	0.586756887385	0.473658772354	0.568390526825
AE5	0.628322861286	0.52537457709	0.966650555824	0.622039632673	0.550024166264	0.553890768487	0.568873852102	0.5601739971	0.587240212663	0.524891251812	0.620589656839	0.505074915418	0.56935717738	0.884001933301	0.550507491542	0.574673755437	0.603673272112	0.601256645723	0.929917834703	0.738037699372	0.719188013533	0.639439342678	0.652489125181	0.653455775737	0.881101981634	0.657805703238	0.604639922668	0.60657322378	0.637989366844	0.655389076849	0.666988883519	0.625906234896	0.553890768487	0.586273562107	0.642339294345	0.573707104882	0.585306911551	0.521991300145	0.532624456259	0.0	0.367810536491	0.583856935718	0.58337361044	0.497825036249	0.635089415176	0.619139681005	0.657805703238	0.610439826003	0.638472692122	0.605123247946	0.632672788787	0.64572257129	0.53697438376	0.564523924601	0.601256645723	0.56259062349	0.544707588207	0.635089415176	0.557274045433	0.625906234896	0.584340260996	0.618656355727
AE6	0.606089898502	0.485258579024	0.96520057999	0.616239729338	0.546640889319	0.476075398743	0.570807153214	0.476558724021	0.505074915418	0.494925084582	0.53939101015	0.498791686805	0.505074915418	0.884485258579	0.549540840986	0.533591106815	0.559690671822	0.542774287095	0.933784436926	0.739487675205	0.673272112131	0.59255679072	0.611406476559	0.620106331561	0.897535041083	0.639922667956	0.53939101015	0.567907201547	0.600289995167	0.616723054616	0.644755920735	0.601739971	0.48380860319	0.509424842919	0.608023199613	0.529724504592	0.51619139681	0.492508458192	0.398743354277	0.367810536491	0.0	0.634606089899	0.609956500725	0.46979217013	0.548090865152	0.533107781537	0.621072982117	0.556790720155	0.592073465442	0.567907201547	0.570807153214	0.60415659739	0.471242145964	0.475592073465	0.503141614306	0.484775253746	0.50700821653	0.594006766554	0.539874335428	0.580473658772	0.512324794587	0.563557274045
AF5	0.71290478492	0.622522957951	0.938134364427	0.652005799903	0.650072498792	0.669405509908	0.567907201547	0.644755920735	0.664088931851	0.585306911551	0.711454809087	0.621556307395	0.666988883519	0.856935717738	0.598356694055	0.664088931851	0.707588206863	0.707588206863	0.879168680522	0.714838086032	0.71290478492	0.664572257129	0.716288061866	0.710488158531	0.879168680522	0.702271628806	0.681971967134	0.671822136298	0.661188980184	0.670855485742	0.763653939101	0.718221362977	0.616723054616	0.658289028516	0.736587723538	0.66892218463	0.703238279362	0.490091831803	0.684871918801	0.583856935718	0.634606089899	0.0	0.294828419526	0.530691155147	0.716771387144	0.704204929918	0.753504108265	0.708554857419	0.736587723538	0.714838086032	0.727404543258	0.748187530208	0.679555340744	0.706138231029	0.721121314645	0.703238279362	0.658772353794	0.736587723538	0.664572257129	0.714354760754	0.70130497825	0.705654905752
AF6	0.686321894635	0.596906718221	0.925084581924	0.647655872402	0.654422426293	0.653939101015	0.535524407927	0.62493958434	0.643789270179	0.558240695988	0.689221846303	0.620589656839	0.649589173514	0.84726921218	0.58095698405	0.644272595457	0.688738521025	0.68970517158	0.871435476075	0.701788303528	0.687771870469	0.644755920735	0.692605123248	0.689221846303	0.873368777187	0.666505558241	0.667472208797	0.653455775737	0.631706138231	0.640405993233	0.734654422426	0.690671822136	0.589656839053	0.623972933784	0.741904301595	0.663122281295	0.667955534074	0.458675688739	0.65973900435	0.58337361044	0.609956500725	0.294828419526	0.0	0.50700821653	0.695021749638	0.672305461576	0.763653939101	0.703238279362	0.73368777187	0.706621556307	0.707104881585	0.748670855486	0.661672305462	0.686321894635	0.693571773804	0.683905268246	0.634122764621	0.73368777187	0.639922667956	0.711938134364	0.688738521025	0.698405026583
