	AA3	AA4	AB3	AB4	AC3	AC4	AD3	AD4	AE3	AE4	AF3	AF4	AG3	AG4	AH3	AH4	AA7	AA8	AB7	AB8	AC7	AC8	AD7	AD8	AE7	AE8	AF7	AF8	AG7	AG8	AH7	AH8	AA5	AA6	AB5	AB6	AC5	AC6	AD6	AE5	AE6	AF5	AF6	AG5	AH5	AH6	AA1	AA2	AB1	AB2	AC1	AC2	AD1	AD2	AE1	AE2	AF1	AF2	AG1	AG2	AH1	AH2
AA3	0.0	0.494925084582	0.943450942484	0.637506041566	0.655389076849	0.574673755437	0.663605606573	0.579023682939	0.570323827936	0.637022716288	0.597390043499	0.619623006283	0.570323827936	0.855002416626	0.649589173514	0.33107781537	0.574673755437	0.556307394877	0.866118898018	0.725471242146	0.619139681005	0.563073948768	0.586273562107	0.58095698405	0.833736104398	0.590140164331	0.562107298212	0.553890768487	0.586273562107	0.590623489609	0.585306911551	0.543257612373	0.57177380377	0.591590140164	0.738037699372	0.673755437409	0.60415659739	0.619623006283	0.596423392943	0.637022716288	0.596423392943	0.707104881585	0.679555340744	0.611406476559	0.622039632673	0.602706621556	0.667955534074	0.660705654906	0.721121314645	0.672788786854	0.636056065732	0.661188980184	0.575640405993	0.545674238763	0.570323827936	0.565490575157	0.566457225713	0.656839052682	0.579023682939	0.676655389077	0.566940550991	0.643789270179
AA4	0.494925084582	0.0	0.949734171097	0.58337361044	0.568873852102	0.49540840986	0.577090381827	0.48622522958	0.506524891252	0.532624456259	0.560657322378	0.506524891252	0.479458675689	0.858385693572	0.376027066216	0.378443692605	0.535041082649	0.533591106815	0.893668438859	0.739971000483	0.669888835186	0.571290478492	0.594490091832	0.579023682939	0.878202029966	0.621556307395	0.555824069599	0.56259062349	0.60657322378	0.620589656839	0.633639439343	0.573223779604	0.50700821653	0.525857902368	0.655872402127	0.598356694055	0.565973900435	0.51377477042	0.542290961817	0.529724504592	0.474142097632	0.632189463509	0.581440309328	0.512324794587	0.583856935718	0.556790720155	0.637022716288	0.582890285162	0.643305944901	0.597873368777	0.593040115998	0.623972933784	0.523441275979	0.516674722088	0.516674722088	0.524891251812	0.487191880135	0.617206379894	0.511358144031	0.591106814886	0.511841469309	0.571290478492
AB3	0.943450942484	0.949734171097	0.0	0.678105364911	0.916384726921	0.956500724988	0.955050749154	0.948284195263	0.926051232479	0.949734171097	0.970517158047	0.937167713871	0.963267278879	0.341710971484	0.961333977767	0.940550990817	0.972450459159	0.966650555824	0.740454325761	0.737554374094	0.886901884969	0.916868052199	0.959400676655	0.950217496375	0.855969067182	0.901884968584	0.943450942484	0.925567907202	0.849202513291	0.836636056066	0.952150797487	0.95601739971	0.957950700822	0.963750604157	0.975350410826	0.96761720638	0.974383760271	0.954567423876	0.973900434993	0.973417109715	0.972933784437	0.933301111648	0.935717738038	0.952634122765	0.977283711938	0.973417109715	0.972933784437	0.971967133881	0.969550507492	0.970517158047	0.974383760271	0.971000483325	0.972933784437	0.972933784437	0.976317061382	0.973417109715	0.972933784437	0.969067182214	0.971967133881	0.973900434993	0.971483808603	0.972933784437
AB4	0.637506041566	0.58337361044	0.678105364911	0.0	0.628806186564	0.613823102948	0.679555340744	0.625906234896	0.602223296278	0.631222812953	0.647172547124	0.60657322378	0.494441759304	0.565490575157	0.628806186564	0.596906718221	0.638472692122	0.636056065732	0.725471242146	0.5601739971	0.662155630739	0.62735621073	0.65732237796	0.646689221846	0.794586756887	0.62735621073	0.652489125181	0.62735621073	0.558240695988	0.579990333494	0.692605123248	0.642822619623	0.63653939101	0.650072498792	0.725471242146	0.676655389077	0.663605606573	0.637022716288	0.630739487675	0.624456259062	0.617206379894	0.660705654906	0.650072498792	0.631222812953	0.688255195747	0.670372160464	0.699371677139	0.672305461576	0.715804736588	0.681005316578	0.679555340744	0.681488641856	0.639922667956	0.641372643789	0.664572257129	0.646689221846	0.637022716288	0.68970517158	0.63653939101	0.674722087965	0.656839052682	0.674722087965
AC3	0.655389076849	0.568873852102	0.916384726921	0.628806186564	0.0	0.48622522958	0.649105848236	0.55775737071	0.563073948768	0.586273562107	0.609473175447	0.310778153697	0.602223296278	0.829386176897	0.609473175447	0.609956500725	0.621556307395	0.587723537941	0.865152247463	0.748670855486	0.728854519091	0.663605606573	0.718221362977	0.697921701305	0.824552924118	0.678588690188	0.643789270179	0.67133881102	0.67133881102	0.674238762687	0.699371677139	0.648622522958	0.596906718221	0.629772837119	0.614789753504	0.580473658772	0.623006283229	0.572740454326	0.582890285162	0.565973900435	0.55099081682	0.656355727405	0.633156114065	0.570323827936	0.640889318511	0.630256162397	0.579507008217	0.591590140164	0.595456742388	0.577090381827	0.59255679072	0.582406959884	0.531657805703	0.560657322378	0.581923634606	0.556790720155	0.605123247946	0.578057032383	0.627839536008	0.589656839053	0.618656355727	0.586756887385
AC4	0.574673755437	0.49540840986	0.956500724988	0.613823102948	0.48622522958	0.0	0.616723054616	0.404059932334	0.408409859836	0.532141130981	0.341227646206	0.405509908168	0.492508458192	0.86563557274	0.573707104882	0.53939101015	0.467375543741	0.447075882069	0.923151280812	0.769453842436	0.597873368777	0.513291445143	0.522474625423	0.506524891252	0.879168680522	0.578540357661	0.476558724021	0.499275012083	0.531657805703	0.567907201547	0.565490575157	0.494925084582	0.438859352344	0.476558724021	0.635089415176	0.559690671822	0.463508941518	0.501208313195	0.429192846786	0.544224262929	0.461575640406	0.6805219913	0.629772837119	0.503141614306	0.502658289029	0.485741904302	0.625906234896	0.578540357661	0.616239729338	0.570323827936	0.575640405993	0.601739971	0.500241662639	0.500241662639	0.509424842919	0.50700821653	0.529724504592	0.60415659739	0.554374093765	0.572257129048	0.467858869019	0.558240695988
AD3	0.663605606573	0.577090381827	0.955050749154	0.679555340744	0.649105848236	0.616723054616	0.0	0.526824552924	0.634606089899	0.355727404543	0.674238762687	0.594490091832	0.627839536008	0.869985500242	0.569840502658	0.631706138231	0.681488641856	0.677622039633	0.933784436926	0.778153697438	0.717254712421	0.685838569357	0.692605123248	0.681005316578	0.909134847753	0.670855485742	0.693088448526	0.683421942968	0.683905268246	0.676655389077	0.711454809087	0.683905268246	0.630256162397	0.651039149348	0.724021266312	0.658772353794	0.665538907685	0.528274528758	0.633156114065	0.578057032383	0.575640405993	0.544224262929	0.517641372644	0.541324311261	0.695021749638	0.684388593523	0.749154180764	0.710004833253	0.742870952151	0.717254712421	0.711454809087	0.728371193813	0.653939101015	0.65732237796	0.667472208797	0.656355727405	0.619139681005	0.731754470759	0.631706138231	0.710004833253	0.681971967134	0.70372160464
AD4	0.579023682939	0.48622522958	0.948284195263	0.625906234896	0.55775737071	0.404059932334	0.526824552924	0.0	0.318994683422	0.425326244563	0.434509424843	0.499758337361	0.51619139681	0.862735621073	0.54857419043	0.546157564041	0.466408893185	0.448042532624	0.941517641373	0.77767037216	0.577573707105	0.495891735138	0.501208313195	0.478975350411	0.90961817303	0.614306428226	0.447559207347	0.466892218463	0.512808119865	0.571290478492	0.556307394877	0.488158530691	0.392943450942	0.449975833736	0.64572257129	0.572257129048	0.438376027066	0.476075398743	0.453842435959	0.55775737071	0.468825519575	0.64813919768	0.595940067666	0.493475108748	0.504108264862	0.479458675689	0.663605606573	0.620106331561	0.65732237796	0.632189463509	0.620106331561	0.641372643789	0.529241179314	0.520057999033	0.520057999033	0.544707588207	0.521991300145	0.637989366844	0.55099081682	0.623972933784	0.499758337361	0.599323344611
AE3	0.570323827936	0.506524891252	0.926051232479	0.602223296278	0.563073948768	0.408409859836	0.634606089899	0.318994683422	0.0	0.524407926535	0.418559690672	0.5186080232	0.492025132914	0.842435959401	0.561140647656	0.535524407927	0.441759304012	0.419526341228	0.913968100532	0.753987433543	0.556307394877	0.471242145964	0.493475108748	0.479942000967	0.886901884969	0.594490091832	0.448042532624	0.463992266796	0.490091831803	0.55099081682	0.55099081682	0.485258579024	0.389560173997	0.44900918318	0.673755437409	0.602223296278	0.457709038183	0.516674722088	0.460125664572	0.603189946834	0.505074915418	0.68293861769	0.633639439343	0.521991300145	0.508941517641	0.47220879652	0.667472208797	0.624456259062	0.65973900435	0.629289511841	0.621072982117	0.65055582407	0.537941034316	0.531174480425	0.527307878202	0.552924117931	0.535041082649	0.651522474625	0.55775737071	0.623972933784	0.489608506525	0.605123247946
AE4	0.637022716288	0.532624456259	0.949734171097	0.631222812953	0.586273562107	0.532141130981	0.355727404543	0.425326244563	0.524407926535	0.0	0.590140164331	0.535041082649	0.582890285162	0.860318994683	0.541324311261	0.594490091832	0.597873368777	0.598840019333	0.935717738038	0.77090381827	0.669888835186	0.603189946834	0.622039632673	0.604639922668	0.905751570807	0.630256162397	0.613823102948	0.597873368777	0.608506524891	0.616239729338	0.663605606573	0.607539874335	0.544224262929	0.571290478492	0.686321894635	0.617689705172	0.59255679072	0.47462542291	0.55099081682	0.537941034316	0.511358144031	0.581923634606	0.529724504592	0.502658289029	0.619623006283	0.607056549058	0.70372160464	0.666022232963	0.704688255196	0.672305461576	0.675688738521	0.686321894635	0.601739971	0.611889801837	0.604639922668	0.606089898502	0.57177380377	0.685838569357	0.59497341711	0.671822136298	0.603673272112	0.656839052682
AF3	0.597390043499	0.560657322378	0.970517158047	0.647172547124	0.609473175447	0.341227646206	0.674238762687	0.434509424843	0.418559690672	0.590140164331	0.0	0.526341227646	0.521507974867	0.884968583857	0.609956500725	0.584340260996	0.425809569841	0.42822619623	0.950217496375	0.798936684389	0.599806669889	0.524891251812	0.438859352344	0.449492508458	0.914934751087	0.621556307395	0.444175930401	0.495891735138	0.541324311261	0.599806669889	0.529724504592	0.494925084582	0.433542774287	0.49299178347	0.662155630739	0.602706621556	0.417593040116	0.546157564041	0.449492508458	0.618656355727	0.524407926535	0.725954567424	0.675688738521	0.545190913485	0.500724987917	0.480425326245	0.65732237796	0.616239729338	0.666505558241	0.614306428226	0.610923151281	0.634606089899	0.53939101015	0.515224746254	0.521024649589	0.533107781537	0.571290478492	0.639439342678	0.588206863219	0.609473175447	0.49540840986	0.595456742388
AF4	0.619623006283	0.506524891252	0.937167713871	0.60657322378	0.310778153697	0.405509908168	0.594490091832	0.499758337361	0.5186080232	0.535041082649	0.526341227646	0.0	0.546640889319	0.848719188014	0.554374093765	0.559207346544	0.572257129048	0.547124214596	0.889318511358	0.73368777187	0.69453842436	0.618173030449	0.660705654906	0.642822619623	0.85645239246	0.637022716288	0.591106814886	0.624456259062	0.6389560174	0.641855969067	0.663605606573	0.611889801837	0.53939101015	0.575640405993	0.597390043499	0.521507974867	0.572257129048	0.524407926535	0.524407926535	0.511841469309	0.488641855969	0.621072982117	0.588206863219	0.521991300145	0.568873852102	0.555824069599	0.582890285162	0.540840985984	0.587723537941	0.540840985984	0.53939101015	0.570807153214	0.488158530691	0.50459159014	0.521024649589	0.51619139681	0.555340744321	0.565973900435	0.576607056549	0.536007733204	0.56259062349	0.523924601257
AG3	0.570323827936	0.479458675689	0.963267278879	0.494441759304	0.602223296278	0.492508458192	0.627839536008	0.51619139681	0.492025132914	0.582890285162	0.521507974867	0.546640889319	0.0	0.849685838569	0.52779120348	0.532141130981	0.501691638473	0.475592073465	0.926534557757	0.775737071049	0.662638956017	0.572257129048	0.584340260996	0.579023682939	0.888351860802	0.625906234896	0.537941034316	0.575157080715	0.603673272112	0.619623006283	0.628806186564	0.555340744321	0.514258095698	0.5186080232	0.649589173514	0.593040115998	0.536007733204	0.535524407927	0.513291445143	0.574190430159	0.500724987917	0.675205413243	0.628806186564	0.536007733204	0.564040599323	0.529241179314	0.623006283229	0.584340260996	0.633639439343	0.596423392943	0.583856935718	0.597873368777	0.512324794587	0.51619139681	0.523441275979	0.520541324311	0.527307878202	0.616239729338	0.543257612373	0.594490091832	0.510874818753	0.579023682939
AG4	0.855002416626	0.858385693572	0.341710971484	0.565490575157	0.829386176897	0.86563557274	0.869985500242	0.862735621073	0.842435959401	0.860318994683	0.884968583857	0.848719188014	0.849685838569	0.0	0.872402126631	0.848719188014	0.89125181247	0.886418559691	0.711938134364	0.661188980184	0.812953117448	0.836636056066	0.880618656356	0.87046882552	0.826002899952	0.825036249396	0.867568873852	0.845335911068	0.769937167714	0.749154180764	0.882551957467	0.874335427743	0.873368777187	0.879168680522	0.903818269696	0.891735137748	0.887868535524	0.863702271629	0.886901884969	0.882551957467	0.883518608023	0.850169163847	0.852102464959	0.869502174964	0.895601739971	0.886901884969	0.885451909135	0.883518608023	0.886901884969	0.881585306912	0.895118414693	0.887385210246	0.891735137748	0.884968583857	0.897051715805	0.890285161914	0.887868535524	0.883035282745	0.886418559691	0.883518608023	0.890285161914	0.888351860802
AH3	0.649589173514	0.376027066216	0.961333977767	0.628806186564	0.609473175447	0.573707104882	0.569840502658	0.54857419043	0.561140647656	0.541324311261	0.609956500725	0.554374093765	0.52779120348	0.872402126631	0.0	0.538424359594	0.608506524891	0.607056549058	0.927501208313	0.774287095215	0.713388110198	0.634122764621	0.640889318511	0.637989366844	0.903334944418	0.685838569357	0.649105848236	0.6389560174	0.665538907685	0.681488641856	0.696471725471	0.633639439343	0.553890768487	0.585790236829	0.71532141131	0.651522474625	0.629772837119	0.537457709038	0.605606573224	0.551474142098	0.544707588207	0.604639922668	0.552924117931	0.55099081682	0.652489125181	0.625906234896	0.709521507975	0.641372643789	0.684871918801	0.65732237796	0.65055582407	0.673272112131	0.598356694055	0.609473175447	0.60415659739	0.610923151281	0.565007249879	0.681488641856	0.578057032383	0.645239246013	0.590623489609	0.636056065732
AH4	0.33107781537	0.378443692605	0.940550990817	0.596906718221	0.609956500725	0.53939101015	0.631706138231	0.546157564041	0.535524407927	0.594490091832	0.584340260996	0.559207346544	0.532141130981	0.848719188014	0.538424359594	0.0	0.550024166264	0.546157564041	0.860318994683	0.715804736588	0.635089415176	0.556307394877	0.589173513775	0.576607056549	0.849202513291	0.596423392943	0.558240695988	0.556790720155	0.579990333494	0.584823586274	0.604639922668	0.551957467376	0.545190913485	0.55099081682	0.705171580474	0.63653939101	0.600289995167	0.582406959884	0.565973900435	0.590623489609	0.533591106815	0.675688738521	0.639922667956	0.572740454326	0.614789753504	0.58095698405	0.652489125181	0.61575640406	0.674238762687	0.629772837119	0.614306428226	0.637989366844	0.541807636539	0.521991300145	0.532624456259	0.537457709038	0.503624939584	0.640405993233	0.522474625423	0.628322861286	0.541324311261	0.605123247946
AA7	0.574673755437	0.535041082649	0.972450459159	0.638472692122	0.621556307395	0.467375543741	0.681488641856	0.466408893185	0.441759304012	0.597873368777	0.425809569841	0.572257129048	0.501691638473	0.89125181247	0.608506524891	0.550024166264	0.0	0.293378443693	0.919284678589	0.77090381827	0.59255679072	0.499758337361	0.466408893185	0.460125664572	0.878685355244	0.607056549058	0.433542774287	0.481875302078	0.53020782987	0.590623489609	0.506041565974	0.418559690672	0.436926051232	0.4813919768	0.697921701305	0.6389560174	0.470758820686	0.550507491542	0.488158530691	0.619139681005	0.526341227646	0.721121314645	0.673272112131	0.564523924601	0.538907684872	0.503141614306	0.660705654906	0.622522957951	0.676655389077	0.639439342678	0.608506524891	0.633639439343	0.53697438376	0.529724504592	0.522474625423	0.538424359594	0.52537457709	0.636056065732	0.550024166264	0.640405993233	0.48380860319	0.603189946834
AA8	0.556307394877	0.533591106815	0.966650555824	0.636056065732	0.587723537941	0.447075882069	0.677622039633	0.448042532624	0.419526341228	0.598840019333	0.42822619623	0.547124214596	0.475592073465	0.886418559691	0.607056549058	0.546157564041	0.293378443693	0.0	0.91203479942	0.761720637989	0.585790236829	0.491058482359	0.479458675689	0.472692121798	0.85886901885	0.590140164331	0.429192846786	0.471725471242	0.520541324311	0.578057032383	0.478008699855	0.371677138714	0.433059449009	0.473658772354	0.687288545191	0.629772837119	0.459159014016	0.550507491542	0.469308844853	0.616239729338	0.515708071532	0.726437892702	0.677138714355	0.561140647656	0.519574673755	0.480908651522	0.623489608507	0.599806669889	0.655389076849	0.614789753504	0.56935717738	0.599323344611	0.501208313195	0.493475108748	0.493958434026	0.50700821653	0.523924601257	0.599806669889	0.549540840986	0.616723054616	0.478975350411	0.585790236829
AB7	0.866118898018	0.893668438859	0.740454325761	0.725471242146	0.865152247463	0.923151280812	0.933784436926	0.941517641373	0.913968100532	0.935717738038	0.950217496375	0.889318511358	0.926534557757	0.711938134364	0.927501208313	0.860318994683	0.919284678589	0.91203479942	0.0	0.406476558724	0.804253262446	0.840019333011	0.932334461092	0.920734654422	0.731754470759	0.811503141614	0.885935234413	0.861285645239	0.740454325761	0.694055099082	0.884968583857	0.896568390527	0.92363460609	0.933301111648	0.941517641373	0.930884485259	0.949250845819	0.920251329145	0.945384243596	0.927501208313	0.928951184147	0.869018849686	0.879168680522	0.915418076365	0.956984050266	0.941517641373	0.925084581924	0.918318028033	0.927984533591	0.924601256646	0.931367810536	0.919284678589	0.917351377477	0.911068148864	0.9212179797	0.91203479942	0.916384726921	0.915901401643	0.916868052199	0.930401159981	0.942000966651	0.926534557757
AB8	0.725471242146	0.739971000483	0.737554374094	0.5601739971	0.748670855486	0.769453842436	0.778153697438	0.77767037216	0.753987433543	0.77090381827	0.798936684389	0.73368777187	0.775737071049	0.661188980184	0.774287095215	0.715804736588	0.77090381827	0.761720637989	0.406476558724	0.0	0.660705654906	0.681971967134	0.772353794103	0.75688738521	0.737071048816	0.666022232963	0.723537941034	0.692605123248	0.540357660706	0.535041082649	0.742387626873	0.743837602707	0.775253745771	0.778637022716	0.814403093282	0.778153697438	0.782986950217	0.753504108265	0.783470275495	0.775253745771	0.76848719188	0.732237796037	0.728854519091	0.753020782987	0.798453359111	0.791203479942	0.820686321895	0.761237312711	0.804253262446	0.776703721605	0.777187046883	0.780570323828	0.764620589657	0.760753987434	0.769453842436	0.762687288545	0.759787336878	0.783470275495	0.757370710488	0.773803769937	0.78008699855	0.766070565491
AC7	0.619139681005	0.669888835186	0.886901884969	0.662155630739	0.728854519091	0.597873368777	0.717254712421	0.577573707105	0.556307394877	0.669888835186	0.599806669889	0.69453842436	0.662638956017	0.812953117448	0.713388110198	0.635089415176	0.59255679072	0.585790236829	0.804253262446	0.660705654906	0.0	0.365877235379	0.576123731271	0.56259062349	0.818753020783	0.581923634606	0.545674238763	0.495891735138	0.464958917351	0.499275012083	0.564040599323	0.544707588207	0.565007249879	0.598840019333	0.800386660222	0.73610439826	0.618173030449	0.641372643789	0.619623006283	0.723537941034	0.668438859352	0.718221362977	0.686805219913	0.64572257129	0.62735621073	0.603673272112	0.811503141614	0.774287095215	0.811986466892	0.788303528275	0.757370710488	0.786370227163	0.693571773804	0.678588690188	0.668438859352	0.695021749638	0.673755437409	0.785886901885	0.680038666022	0.779603673272	0.619623006283	0.758337361044
AC8	0.563073948768	0.571290478492	0.916868052199	0.62735621073	0.663605606573	0.513291445143	0.685838569357	0.495891735138	0.471242145964	0.603189946834	0.524891251812	0.618173030449	0.572257129048	0.836636056066	0.634122764621	0.556307394877	0.499758337361	0.491058482359	0.840019333011	0.681971967134	0.365877235379	0.0	0.488158530691	0.476075398743	0.839052682455	0.551474142098	0.401643305945	0.35427742871	0.438859352344	0.484775253746	0.519091348478	0.461092315128	0.466408893185	0.511841469309	0.717738037699	0.653455775737	0.538424359594	0.561623972934	0.53697438376	0.631706138231	0.579507008217	0.678588690188	0.630256162397	0.565490575157	0.556307394877	0.51619139681	0.715804736588	0.673755437409	0.720154664089	0.700821652972	0.663605606573	0.686321894635	0.595940067666	0.580473658772	0.576123731271	0.598840019333	0.565490575157	0.682455292412	0.573223779604	0.69212179797	0.521507974867	0.65732237796
AD7	0.586273562107	0.594490091832	0.959400676655	0.65732237796	0.718221362977	0.522474625423	0.692605123248	0.501208313195	0.493475108748	0.622039632673	0.438859352344	0.660705654906	0.584340260996	0.880618656356	0.640889318511	0.589173513775	0.466408893185	0.479458675689	0.932334461092	0.772353794103	0.576123731271	0.488158530691	0.0	0.29869502175	0.895118414693	0.531174480425	0.436926051232	0.453359110681	0.507974867086	0.569840502658	0.506524891252	0.465925567907	0.479458675689	0.529724504592	0.74528757854	0.676172063799	0.508458192363	0.590623489609	0.545190913485	0.652972450459	0.594006766554	0.723537941034	0.677622039633	0.602223296278	0.559690671822	0.53697438376	0.744320927985	0.69453842436	0.751087481875	0.720154664089	0.685355244079	0.709521507975	0.624456259062	0.605123247946	0.593040115998	0.62493958434	0.591106814886	0.712421459642	0.596423392943	0.713388110198	0.551957467376	0.681488641856
AD8	0.58095698405	0.579023682939	0.950217496375	0.646689221846	0.697921701305	0.506524891252	0.681005316578	0.478975350411	0.479942000967	0.604639922668	0.449492508458	0.642822619623	0.579023682939	0.87046882552	0.637989366844	0.576607056549	0.460125664572	0.472692121798	0.920734654422	0.75688738521	0.56259062349	0.476075398743	0.29869502175	0.0	0.853069115515	0.499275012083	0.41662638956	0.440309328178	0.48622522958	0.548090865152	0.493958434026	0.462058965684	0.491058482359	0.53020782987	0.735621072982	0.667955534074	0.486708554857	0.576607056549	0.53697438376	0.641855969067	0.585306911551	0.717738037699	0.666022232963	0.584823586274	0.552924117931	0.532624456259	0.735621072982	0.681488641856	0.739971000483	0.709038182697	0.674722087965	0.697921701305	0.611889801837	0.594006766554	0.579990333494	0.613823102948	0.578057032383	0.697921701305	0.586756887385	0.700821652972	0.540357660706	0.662638956017
AE7	0.833736104398	0.878202029966	0.855969067182	0.794586756887	0.824552924118	0.879168680522	0.909134847753	0.90961817303	0.886901884969	0.905751570807	0.914934751087	0.85645239246	0.888351860802	0.826002899952	0.903334944418	0.849202513291	0.878685355244	0.85886901885	0.731754470759	0.737071048816	0.818753020783	0.839052682455	0.895118414693	0.853069115515	0.0	0.541807636539	0.864668922185	0.851619139681	0.768970517158	0.763170613823	0.837119381344	0.841952634123	0.897535041083	0.906718221363	0.930884485259	0.915901401643	0.921701304978	0.900918318028	0.91445142581	0.88883518608	0.902368293862	0.869502174964	0.880618656356	0.883518608023	0.93523441276	0.921701304978	0.887868535524	0.901401643306	0.90961817303	0.897535041083	0.904301594973	0.895118414693	0.895118414693	0.893185113581	0.905751570807	0.890768487192	0.902368293862	0.893185113581	0.904301594973	0.904301594973	0.911068148864	0.909134847753
AE8	0.590140164331	0.621556307395	0.901884968584	0.62735621073	0.678588690188	0.578540357661	0.670855485742	0.614306428226	0.594490091832	0.630256162397	0.621556307395	0.637022716288	0.625906234896	0.825036249396	0.685838569357	0.596423392943	0.607056549058	0.590140164331	0.811503141614	0.666022232963	0.581923634606	0.551474142098	0.531174480425	0.499275012083	0.541807636539	0.0	0.566457225713	0.552924117931	0.520541324311	0.507974867086	0.58337361044	0.571290478492	0.605123247946	0.611889801837	0.755920734654	0.694055099082	0.628806186564	0.606089898502	0.617689705172	0.658289028516	0.621072982117	0.678588690188	0.657805703238	0.596423392943	0.639439342678	0.631222812953	0.746737554374	0.704688255196	0.755437409377	0.709521507975	0.708071532141	0.724987916868	0.659255679072	0.643305944901	0.643305944901	0.649105848236	0.637989366844	0.722571290478	0.644755920735	0.706138231029	0.613823102948	0.695505074915
AF7	0.562107298212	0.555824069599	0.943450942484	0.652489125181	0.643789270179	0.476558724021	0.693088448526	0.447559207347	0.448042532624	0.613823102948	0.444175930401	0.591106814886	0.537941034316	0.867568873852	0.649105848236	0.558240695988	0.433542774287	0.429192846786	0.885935234413	0.723537941034	0.545674238763	0.401643305945	0.436926051232	0.41662638956	0.864668922185	0.566457225713	0.0	0.325761237313	0.47220879652	0.53697438376	0.478975350411	0.471242145964	0.436926051232	0.484291928468	0.678588690188	0.61575640406	0.447075882069	0.539874335428	0.491541807637	0.619623006283	0.535041082649	0.70372160464	0.653939101015	0.551474142098	0.515708071532	0.488641855969	0.662638956017	0.621072982117	0.685355244079	0.658289028516	0.608506524891	0.629289511841	0.546640889319	0.530691155147	0.5186080232	0.558240695988	0.552924117931	0.634606089899	0.565490575157	0.652972450459	0.485741904302	0.600289995167
AF8	0.553890768487	0.56259062349	0.925567907202	0.62735621073	0.67133881102	0.499275012083	0.683421942968	0.466892218463	0.463992266796	0.597873368777	0.495891735138	0.624456259062	0.575157080715	0.845335911068	0.6389560174	0.556790720155	0.481875302078	0.471725471242	0.861285645239	0.692605123248	0.495891735138	0.35427742871	0.453359110681	0.440309328178	0.851619139681	0.552924117931	0.325761237313	0.0	0.446592556791	0.502174963751	0.507491541808	0.457709038183	0.449492508458	0.51619139681	0.713388110198	0.652005799903	0.491058482359	0.545674238763	0.519091348478	0.621556307395	0.564040599323	0.672305461576	0.621556307395	0.555824069599	0.553407443209	0.525857902368	0.69212179797	0.649589173514	0.716771387144	0.690188496858	0.643789270179	0.663605606573	0.578057032383	0.568390526825	0.559690671822	0.588690188497	0.557274045433	0.664572257129	0.561623972934	0.680038666022	0.511358144031	0.63653939101
AG7	0.586273562107	0.60657322378	0.849202513291	0.558240695988	0.67133881102	0.531657805703	0.683905268246	0.512808119865	0.490091831803	0.608506524891	0.541324311261	0.6389560174	0.603673272112	0.769937167714	0.665538907685	0.579990333494	0.53020782987	0.520541324311	0.740454325761	0.540357660706	0.464958917351	0.438859352344	0.507974867086	0.48622522958	0.768970517158	0.520541324311	0.47220879652	0.446592556791	0.0	0.328177863702	0.541324311261	0.50459159014	0.510391493475	0.563073948768	0.746737554374	0.674722087965	0.538907684872	0.565973900435	0.552924117931	0.643789270179	0.591106814886	0.666988883519	0.626872885452	0.570807153214	0.586273562107	0.574673755437	0.743354277429	0.694055099082	0.742387626873	0.713871435476	0.6805219913	0.711938134364	0.631222812953	0.61575640406	0.609473175447	0.625906234896	0.612856452392	0.713871435476	0.630739487675	0.704204929918	0.579507008217	0.672305461576
AG8	0.590623489609	0.620589656839	0.836636056066	0.579990333494	0.674238762687	0.567907201547	0.676655389077	0.571290478492	0.55099081682	0.616239729338	0.599806669889	0.641855969067	0.619623006283	0.749154180764	0.681488641856	0.584823586274	0.590623489609	0.578057032383	0.694055099082	0.535041082649	0.499275012083	0.484775253746	0.569840502658	0.548090865152	0.763170613823	0.507974867086	0.53697438376	0.502174963751	0.328177863702	0.0	0.58095698405	0.559207346544	0.573223779604	0.590140164331	0.758820686322	0.685838569357	0.602706621556	0.576607056549	0.588690188497	0.658772353794	0.607056549058	0.669888835186	0.637989366844	0.586756887385	0.61333977767	0.605123247946	0.750604156597	0.696471725471	0.752537457709	0.720637989367	0.699371677139	0.715804736588	0.646205896568	0.628806186564	0.629289511841	0.639439342678	0.626389560174	0.71532141131	0.63653939101	0.707104881585	0.591590140164	0.681005316578
AH7	0.585306911551	0.633639439343	0.952150797487	0.692605123248	0.699371677139	0.565490575157	0.711454809087	0.556307394877	0.55099081682	0.663605606573	0.529724504592	0.663605606573	0.628806186564	0.882551957467	0.696471725471	0.604639922668	0.506041565974	0.478008699855	0.884968583857	0.742387626873	0.564040599323	0.519091348478	0.506524891252	0.493958434026	0.837119381344	0.58337361044	0.478975350411	0.507491541808	0.541324311261	0.58095698405	0.0	0.341710971484	0.567907201547	0.61333977767	0.774770420493	0.716288061866	0.551957467376	0.646689221846	0.605606573224	0.677138714355	0.639922667956	0.760753987434	0.730787820203	0.651039149348	0.629289511841	0.610439826003	0.755437409377	0.727404543258	0.773803769937	0.733204446593	0.707588206863	0.727404543258	0.6389560174	0.628322861286	0.615273078782	0.643305944901	0.620106331561	0.730304494925	0.627839536008	0.731754470759	0.603189946834	0.716288061866
AH8	0.543257612373	0.573223779604	0.95601739971	0.642822619623	0.648622522958	0.494925084582	0.683905268246	0.488158530691	0.485258579024	0.607539874335	0.494925084582	0.611889801837	0.555340744321	0.874335427743	0.633639439343	0.551957467376	0.418559690672	0.371677138714	0.896568390527	0.743837602707	0.544707588207	0.461092315128	0.465925567907	0.462058965684	0.841952634123	0.571290478492	0.471242145964	0.457709038183	0.50459159014	0.559207346544	0.341710971484	0.0	0.484291928468	0.536491058482	0.734171097148	0.66892218463	0.518124697922	0.58095698405	0.532624456259	0.620589656839	0.57177380377	0.719188013533	0.670855485742	0.592073465442	0.564523924601	0.537941034316	0.689221846303	0.663122281295	0.716771387144	0.676172063799	0.640889318511	0.659255679072	0.572740454326	0.557274045433	0.554374093765	0.574673755437	0.551474142098	0.660222329628	0.562107298212	0.675688738521	0.521991300145	0.651039149348
AA5	0.57177380377	0.50700821653	0.957950700822	0.63653939101	0.596906718221	0.438859352344	0.630256162397	0.392943450942	0.389560173997	0.544224262929	0.433542774287	0.53939101015	0.514258095698	0.873368777187	0.553890768487	0.545190913485	0.436926051232	0.433059449009	0.92363460609	0.775253745771	0.565007249879	0.466408893185	0.479458675689	0.491058482359	0.897535041083	0.605123247946	0.436926051232	0.449492508458	0.510391493475	0.573223779604	0.567907201547	0.484291928468	0.0	0.34026099565	0.674238762687	0.589173513775	0.467858869019	0.459642339294	0.468825519575	0.562107298212	0.477525374577	0.629772837119	0.58095698405	0.463992266796	0.510874818753	0.462058965684	0.683905268246	0.640405993233	0.679072015466	0.64813919768	0.641855969067	0.664572257129	0.53939101015	0.540840985984	0.540357660706	0.56259062349	0.529241179314	0.666022232963	0.551957467376	0.634122764621	0.494441759304	0.614306428226
AA6	0.591590140164	0.525857902368	0.963750604157	0.650072498792	0.629772837119	0.476558724021	0.651039149348	0.449975833736	0.44900918318	0.571290478492	0.49299178347	0.575640405993	0.5186080232	0.879168680522	0.585790236829	0.55099081682	0.4813919768	0.473658772354	0.933301111648	0.778637022716	0.598840019333	0.511841469309	0.529724504592	0.53020782987	0.906718221363	0.611889801837	0.484291928468	0.51619139681	0.563073948768	0.590140164331	0.61333977767	0.536491058482	0.34026099565	0.0	0.66892218463	0.58337361044	0.511841469309	0.494925084582	0.483325277912	0.592073465442	0.499275012083	0.66892218463	0.612856452392	0.509424842919	0.450459159014	0.400193330111	0.683905268246	0.640405993233	0.68293861769	0.655872402127	0.635572740454	0.660705654906	0.544707588207	0.539874335428	0.538424359594	0.560657322378	0.534557757371	0.660222329628	0.5601739971	0.637506041566	0.50700821653	0.623489608507
AB5	0.738037699372	0.655872402127	0.975350410826	0.725471242146	0.614789753504	0.635089415176	0.724021266312	0.64572257129	0.673755437409	0.686321894635	0.662155630739	0.597390043499	0.649589173514	0.903818269696	0.71532141131	0.705171580474	0.697921701305	0.687288545191	0.941517641373	0.814403093282	0.800386660222	0.717738037699	0.74528757854	0.735621072982	0.930884485259	0.755920734654	0.678588690188	0.713388110198	0.746737554374	0.758820686322	0.774770420493	0.734171097148	0.674238762687	0.66892218463	0.0	0.31029482842	0.626872885452	0.646205896568	0.614306428226	0.621556307395	0.603673272112	0.731271145481	0.71290478492	0.642822619623	0.619623006283	0.613823102948	0.628806186564	0.615273078782	0.638472692122	0.595456742388	0.624456259062	0.615273078782	0.593040115998	0.580473658772	0.600773320445	0.607539874335	0.661188980184	0.604639922668	0.657805703238	0.599323344611	0.665055582407	0.613823102948
AB6	0.673755437409	0.598356694055	0.96761720638	0.676655389077	0.580473658772	0.559690671822	0.658772353794	0.572257129048	0.602223296278	0.617689705172	0.602706621556	0.521507974867	0.593040115998	0.891735137748	0.651522474625	0.63653939101	0.6389560174	0.629772837119	0.930884485259	0.778153697438	0.73610439826	0.653455775737	0.676172063799	0.667955534074	0.915901401643	0.694055099082	0.61575640406	0.652005799903	0.674722087965	0.685838569357	0.716288061866	0.66892218463	0.589173513775	0.58337361044	0.31029482842	0.0	0.575157080715	0.566940550991	0.557274045433	0.564040599323	0.537941034316	0.672305461576	0.637022716288	0.55099081682	0.551474142098	0.538424359594	0.599806669889	0.563557274045	0.598356694055	0.559207346544	0.560657322378	0.582890285162	0.523924601257	0.530691155147	0.553407443209	0.553890768487	0.596423392943	0.575157080715	0.595456742388	0.551957467376	0.614789753504	0.550024166264
AC5	0.60415659739	0.565973900435	0.974383760271	0.663605606573	0.623006283229	0.463508941518	0.665538907685	0.438376027066	0.457709038183	0.59255679072	0.417593040116	0.572257129048	0.536007733204	0.887868535524	0.629772837119	0.600289995167	0.470758820686	0.459159014016	0.949250845819	0.782986950217	0.618173030449	0.538424359594	0.508458192363	0.486708554857	0.921701304978	0.628806186564	0.447075882069	0.491058482359	0.538907684872	0.602706621556	0.551957467376	0.518124697922	0.467858869019	0.511841469309	0.626872885452	0.575157080715	0.0	0.452392460126	0.445625906235	0.594006766554	0.517158047366	0.712421459642	0.652005799903	0.538907684872	0.478975350411	0.469308844853	0.626389560174	0.581923634606	0.648622522958	0.611889801837	0.579507008217	0.600773320445	0.522474625423	0.487191880135	0.500241662639	0.521991300145	0.56935717738	0.607539874335	0.579023682939	0.59497341711	0.513291445143	0.566457225713
AC6	0.619623006283	0.51377477042	0.954567423876	0.637022716288	0.572740454326	0.501208313195	0.528274528758	0.476075398743	0.516674722088	0.47462542291	0.546157564041	0.524407926535	0.535524407927	0.863702271629	0.537457709038	0.582406959884	0.550507491542	0.550507491542	0.920251329145	0.753504108265	0.641372643789	0.561623972934	0.590623489609	0.576607056549	0.900918318028	0.606089898502	0.539874335428	0.545674238763	0.565973900435	0.576607056549	0.646689221846	0.58095698405	0.459642339294	0.494925084582	0.646205896568	0.566940550991	0.452392460126	0.0	0.515708071532	0.520057999033	0.478975350411	0.487675205413	0.432576123731	0.414693088449	0.552440792653	0.543740937651	0.665055582407	0.621556307395	0.667955534074	0.631222812953	0.633156114065	0.654422426293	0.567907201547	0.564040599323	0.565490575157	0.57177380377	0.540357660706	0.651522474625	0.564040599323	0.617689705172	0.535524407927	0.609956500725
AD6	0.596423392943	0.542290961817	0.973900434993	0.630739487675	0.582890285162	0.429192846786	0.633156114065	0.453842435959	0.460125664572	0.55099081682	0.449492508458	0.524407926535	0.513291445143	0.886901884969	0.605606573224	0.565973900435	0.488158530691	0.469308844853	0.945384243596	0.783470275495	0.619623006283	0.53697438376	0.545190913485	0.53697438376	0.91445142581	0.617689705172	0.491541807637	0.519091348478	0.552924117931	0.588690188497	0.605606573224	0.532624456259	0.468825519575	0.483325277912	0.614306428226	0.557274045433	0.445625906235	0.515708071532	0.0	0.54857419043	0.407926534558	0.698888351861	0.652972450459	0.53020782987	0.470758820686	0.447075882069	0.590623489609	0.554374093765	0.599323344611	0.553890768487	0.550507491542	0.571290478492	0.480908651522	0.461575640406	0.473658772354	0.470758820686	0.549540840986	0.578540357661	0.558240695988	0.559207346544	0.473175447076	0.538424359594
AE5	0.637022716288	0.529724504592	0.973417109715	0.624456259062	0.565973900435	0.544224262929	0.578057032383	0.55775737071	0.603189946834	0.537941034316	0.618656355727	0.511841469309	0.574190430159	0.882551957467	0.551474142098	0.590623489609	0.619139681005	0.616239729338	0.927501208313	0.775253745771	0.723537941034	0.631706138231	0.652972450459	0.641855969067	0.88883518608	0.658289028516	0.619623006283	0.621556307395	0.643789270179	0.658772353794	0.677138714355	0.620589656839	0.562107298212	0.592073465442	0.621556307395	0.564040599323	0.594006766554	0.520057999033	0.54857419043	0.0	0.360560657322	0.602706621556	0.571290478492	0.511841469309	0.628806186564	0.622039632673	0.651039149348	0.62735621073	0.654905751571	0.618656355727	0.631706138231	0.645239246013	0.553407443209	0.570807153214	0.602223296278	0.584823586274	0.555340744321	0.647655872402	0.57177380377	0.611889801837	0.58337361044	0.610439826003
AE6	0.596423392943	0.474142097632	0.972933784437	0.617206379894	0.55099081682	0.461575640406	0.575640405993	0.468825519575	0.505074915418	0.511358144031	0.524407926535	0.488641855969	0.500724987917	0.883518608023	0.544707588207	0.533591106815	0.526341227646	0.515708071532	0.928951184147	0.76848719188	0.668438859352	0.579507008217	0.594006766554	0.585306911551	0.902368293862	0.621072982117	0.535041082649	0.564040599323	0.591106814886	0.607056549058	0.639922667956	0.57177380377	0.477525374577	0.499275012083	0.603673272112	0.537941034316	0.517158047366	0.478975350411	0.407926534558	0.360560657322	0.0	0.6389560174	0.587723537941	0.469308844853	0.536007733204	0.530691155147	0.617689705172	0.58337361044	0.626389560174	0.590140164331	0.586273562107	0.608023199613	0.488158530691	0.484291928468	0.502174963751	0.493958434026	0.492508458192	0.60415659739	0.5186080232	0.578057032383	0.495891735138	0.565490575157
AF5	0.707104881585	0.632189463509	0.933301111648	0.660705654906	0.656355727405	0.6805219913	0.544224262929	0.64813919768	0.68293861769	0.581923634606	0.725954567424	0.621072982117	0.675205413243	0.850169163847	0.604639922668	0.675688738521	0.721121314645	0.726437892702	0.869018849686	0.732237796037	0.718221362977	0.678588690188	0.723537941034	0.717738037699	0.869502174964	0.678588690188	0.70372160464	0.672305461576	0.666988883519	0.669888835186	0.760753987434	0.719188013533	0.629772837119	0.66892218463	0.731271145481	0.672305461576	0.712421459642	0.487675205413	0.698888351861	0.602706621556	0.6389560174	0.0	0.286611889802	0.539874335428	0.725954567424	0.716288061866	0.757370710488	0.722571290478	0.752537457709	0.717738037699	0.73610439826	0.746737554374	0.697438376027	0.713871435476	0.730787820203	0.716771387144	0.672305461576	0.74528757854	0.682455292412	0.693571773804	0.708071532141	0.714838086032
AF6	0.679555340744	0.581440309328	0.935717738038	0.650072498792	0.633156114065	0.629772837119	0.517641372644	0.595940067666	0.633639439343	0.529724504592	0.675688738521	0.588206863219	0.628806186564	0.852102464959	0.552924117931	0.639922667956	0.673272112131	0.677138714355	0.879168680522	0.728854519091	0.686805219913	0.630256162397	0.677622039633	0.666022232963	0.880618656356	0.657805703238	0.653939101015	0.621556307395	0.626872885452	0.637989366844	0.730787820203	0.670855485742	0.58095698405	0.612856452392	0.71290478492	0.637022716288	0.652005799903	0.432576123731	0.652972450459	0.571290478492	0.587723537941	0.286611889802	0.0	0.492508458192	0.681488641856	0.667955534074	0.742387626873	0.697921701305	0.729337844369	0.697438376027	0.702271628806	0.728854519091	0.64813919768	0.666988883519	0.683905268246	0.669405509908	0.617689705172	0.722087965201	0.629772837119	0.676655389077	0.665538907685	0.683421942968
