	AA3	AA4	AB3	AB4	AC3	AC4	AD3	AD4	AE3	AE4	AF3	AF4	AG3	AG4	AH3	AH4	AA7	AA8	AB7	AB8	AC7	AC8	AD7	AD8	AE7	AE8	AF7	AF8	AG7	AG8	AH7	AH8	AA5	AA6	AB5	AB6	AC5	AC6	AD6	AE5	AE6	AF5	AF6	AG5	AH5	AH6	AA1	AA2	AB1	AB2	AC1	AC2	AD1	AD2	AE1	AE2	AF1	AF2	AG1	AG2	AH1	AH2
AA3	0.0	0.478492025133	0.940067665539	0.643789270179	0.657805703238	0.575157080715	0.666022232963	0.58095698405	0.563073948768	0.604639922668	0.610439826003	0.597873368777	0.577090381827	0.862252295795	0.646205896568	0.335427742871	0.561140647656	0.555340744321	0.862735621073	0.710488158531	0.62493958434	0.561140647656	0.585306911551	0.568390526825	0.837119381344	0.588690188497	0.556307394877	0.548090865152	0.575157080715	0.578057032383	0.580473658772	0.547124214596	0.583856935718	0.58095698405	0.742387626873	0.686805219913	0.595940067666	0.621556307395	0.58337361044	0.620106331561	0.591106814886	0.711938134364	0.688738521025	0.617689705172	0.613823102948	0.604639922668	0.6805219913	0.648622522958	0.707104881585	0.664088931851	0.642822619623	0.652005799903	0.579507008217	0.55775737071	0.559207346544	0.577573707105	0.588206863219	0.656355727405	0.58095698405	0.661188980184	0.573707104882	0.656355727405
AA4	0.478492025133	0.0	0.952634122765	0.592073465442	0.575157080715	0.488641855969	0.579023682939	0.478492025133	0.506041565974	0.506041565974	0.565490575157	0.507974867086	0.478975350411	0.870952150797	0.362010633156	0.357177380377	0.536007733204	0.526341227646	0.898501691638	0.734171097148	0.662155630739	0.567907201547	0.577090381827	0.577573707105	0.876268728855	0.625422909618	0.55099081682	0.561140647656	0.605606573224	0.611406476559	0.62735621073	0.578540357661	0.492025132914	0.511841469309	0.675688738521	0.604639922668	0.567907201547	0.531174480425	0.543257612373	0.522474625423	0.479458675689	0.627839536008	0.598356694055	0.5186080232	0.594490091832	0.565007249879	0.663122281295	0.597873368777	0.635572740454	0.615273078782	0.611406476559	0.635089415176	0.537941034316	0.531657805703	0.534074432093	0.534074432093	0.511358144031	0.634606089899	0.515708071532	0.611889801837	0.53697438376	0.609473175447
AB3	0.940067665539	0.952634122765	0.0	0.678588690188	0.924601256646	0.9584340261	0.9584340261	0.947800869986	0.927501208313	0.948284195263	0.971483808603	0.931851135814	0.966650555824	0.344127597873	0.963267278879	0.94683421943	0.972450459159	0.969550507492	0.743837602707	0.761720637989	0.887385210246	0.906234896085	0.963750604157	0.95360077332	0.853069115515	0.898018366361	0.940550990817	0.929434509425	0.837119381344	0.845335911068	0.95360077332	0.950217496375	0.95601739971	0.961333977767	0.974867085549	0.966167230546	0.974383760271	0.956984050266	0.973900434993	0.974867085549	0.973417109715	0.930401159981	0.932334461092	0.946350894152	0.97680038666	0.975833736104	0.974383760271	0.972450459159	0.971000483325	0.972933784437	0.973900434993	0.975350410826	0.977283711938	0.975833736104	0.980183663606	0.975833736104	0.973417109715	0.975350410826	0.972933784437	0.973900434993	0.974867085549	0.973900434993
AB4	0.643789270179	0.592073465442	0.678588690188	0.0	0.641855969067	0.622039632673	0.708071532141	0.622039632673	0.619139681005	0.63653939101	0.656355727405	0.624456259062	0.485258579024	0.566457225713	0.621556307395	0.597873368777	0.643789270179	0.640405993233	0.72692121798	0.591106814886	0.661672305462	0.628806186564	0.667955534074	0.652972450459	0.793136781054	0.660705654906	0.660222329628	0.64813919768	0.562107298212	0.585790236829	0.698888351861	0.654905751571	0.645239246013	0.656839052682	0.724987916868	0.698888351861	0.663122281295	0.65973900435	0.646689221846	0.640405993233	0.635089415176	0.676655389077	0.666022232963	0.644272595457	0.698888351861	0.691638472692	0.705654905752	0.680038666022	0.698888351861	0.688738521025	0.69453842436	0.682455292412	0.65055582407	0.652005799903	0.668438859352	0.641855969067	0.659255679072	0.68293861769	0.646689221846	0.682455292412	0.665055582407	0.696955050749
AC3	0.657805703238	0.575157080715	0.924601256646	0.641855969067	0.0	0.502174963751	0.656355727405	0.553407443209	0.568390526825	0.597390043499	0.630739487675	0.318994683422	0.598356694055	0.847752537458	0.596906718221	0.600773320445	0.612373127115	0.590140164331	0.874335427743	0.759787336878	0.739487675205	0.674238762687	0.721604639923	0.707588206863	0.836636056066	0.700821652972	0.647172547124	0.682455292412	0.694055099082	0.696471725471	0.704688255196	0.667955534074	0.598840019333	0.622522957951	0.614306428226	0.5601739971	0.619623006283	0.600289995167	0.573707104882	0.564040599323	0.575640405993	0.667472208797	0.655389076849	0.58095698405	0.638472692122	0.630739487675	0.568873852102	0.565007249879	0.550507491542	0.569840502658	0.573707104882	0.565973900435	0.514258095698	0.5601739971	0.56259062349	0.549540840986	0.623006283229	0.555340744321	0.616723054616	0.591590140164	0.605123247946	0.575157080715
AC4	0.575157080715	0.488641855969	0.9584340261	0.622039632673	0.502174963751	0.0	0.601739971	0.405993233446	0.42822619623	0.511841469309	0.356694055099	0.399710004833	0.495891735138	0.8796520058	0.552924117931	0.532624456259	0.483325277912	0.462058965684	0.928467858869	0.762687288545	0.599806669889	0.533107781537	0.524891251812	0.520541324311	0.897051715805	0.598356694055	0.493958434026	0.522474625423	0.56259062349	0.570807153214	0.584340260996	0.53020782987	0.447559207347	0.458675688739	0.648622522958	0.579507008217	0.471242145964	0.517641372644	0.431126147898	0.554857419043	0.477042049299	0.679072015466	0.647655872402	0.528757854036	0.502658289029	0.482841952634	0.641372643789	0.583856935718	0.601739971	0.596906718221	0.583856935718	0.608506524891	0.503141614306	0.502174963751	0.517158047366	0.506524891252	0.545674238763	0.617206379894	0.541807636539	0.577573707105	0.462542290962	0.596906718221
AD3	0.666022232963	0.579023682939	0.9584340261	0.708071532141	0.656355727405	0.601739971	0.0	0.514258095698	0.633639439343	0.345094248429	0.662155630739	0.59255679072	0.634122764621	0.87723537941	0.579990333494	0.639439342678	0.674722087965	0.66892218463	0.945867568874	0.78250362494	0.708554857419	0.678588690188	0.681005316578	0.676172063799	0.920251329145	0.680038666022	0.688255195747	0.683905268246	0.686805219913	0.674238762687	0.704688255196	0.672788786854	0.619623006283	0.630739487675	0.750604156597	0.676172063799	0.659255679072	0.528274528758	0.621072982117	0.594490091832	0.570807153214	0.55775737071	0.533591106815	0.540357660706	0.690671822136	0.675205413243	0.770420492992	0.707588206863	0.731754470759	0.719188013533	0.706138231029	0.739971000483	0.657805703238	0.655872402127	0.665055582407	0.661188980184	0.635572740454	0.736587723538	0.640889318511	0.711454809087	0.676172063799	0.723054615756
AD4	0.58095698405	0.478492025133	0.947800869986	0.622039632673	0.553407443209	0.405993233446	0.514258095698	0.0	0.330111164814	0.404059932334	0.43740937651	0.475108748188	0.495891735138	0.867568873852	0.532624456259	0.526341227646	0.474142097632	0.446592556791	0.933784436926	0.767037216046	0.575157080715	0.514258095698	0.504108264862	0.49540840986	0.907684871919	0.610923151281	0.445625906235	0.477525374577	0.522957950701	0.55775737071	0.559690671822	0.510391493475	0.400676655389	0.431126147898	0.653455775737	0.581923634606	0.457225712905	0.490575157081	0.427259545674	0.546640889319	0.468342194297	0.644755920735	0.615273078782	0.488158530691	0.498791686805	0.46979217013	0.656355727405	0.599323344611	0.626872885452	0.616239729338	0.605123247946	0.626872885452	0.521991300145	0.511358144031	0.51619139681	0.514741420976	0.523441275979	0.630739487675	0.538907684872	0.608506524891	0.480908651522	0.618656355727
AE3	0.563073948768	0.506041565974	0.927501208313	0.619139681005	0.568390526825	0.42822619623	0.633639439343	0.330111164814	0.0	0.515224746254	0.414209763171	0.497341710971	0.500241662639	0.854035766071	0.567423876269	0.529241179314	0.460125664572	0.431126147898	0.915901401643	0.748670855486	0.539874335428	0.483325277912	0.478008699855	0.478975350411	0.885935234413	0.596906718221	0.430159497342	0.448042532624	0.498791686805	0.547607539874	0.539874335428	0.487191880135	0.408893185114	0.44900918318	0.670855485742	0.612373127115	0.448525857902	0.540357660706	0.436926051232	0.603189946834	0.525857902368	0.694055099082	0.666988883519	0.534557757371	0.507974867086	0.470758820686	0.664088931851	0.60657322378	0.63653939101	0.625422909618	0.60657322378	0.634122764621	0.537457709038	0.531174480425	0.532141130981	0.528274528758	0.553407443209	0.636056065732	0.5601739971	0.614306428226	0.484775253746	0.620589656839
AE4	0.604639922668	0.506041565974	0.948284195263	0.63653939101	0.597390043499	0.511841469309	0.345094248429	0.404059932334	0.515224746254	0.0	0.577573707105	0.522957950701	0.57177380377	0.863702271629	0.541807636539	0.563557274045	0.588690188497	0.578057032383	0.933784436926	0.763170613823	0.639439342678	0.578057032383	0.591106814886	0.579023682939	0.906718221363	0.618656355727	0.58095698405	0.579990333494	0.58337361044	0.588690188497	0.62735621073	0.584823586274	0.529724504592	0.539874335428	0.704204929918	0.641372643789	0.565973900435	0.470758820686	0.528274528758	0.537941034316	0.508458192363	0.576123731271	0.543740937651	0.490575157081	0.605123247946	0.587240212663	0.724987916868	0.661188980184	0.69453842436	0.686321894635	0.673272112131	0.693571773804	0.598356694055	0.594490091832	0.605123247946	0.595456742388	0.577090381827	0.697438376027	0.583856935718	0.678105364911	0.58095698405	0.679555340744
AF3	0.610439826003	0.565490575157	0.971483808603	0.656355727405	0.630739487675	0.356694055099	0.662155630739	0.43740937651	0.414209763171	0.577573707105	0.0	0.52537457709	0.53697438376	0.896085065249	0.621556307395	0.584340260996	0.470758820686	0.43064282262	0.956500724988	0.792170130498	0.585306911551	0.555340744321	0.440309328178	0.440309328178	0.920251329145	0.627839536008	0.454325761237	0.50700821653	0.549057515708	0.590623489609	0.536491058482	0.515708071532	0.431609473175	0.487191880135	0.684388593523	0.636056065732	0.410343160947	0.558240695988	0.448042532624	0.621072982117	0.546640889319	0.724021266312	0.69212179797	0.565490575157	0.5186080232	0.489608506525	0.672305461576	0.612856452392	0.661188980184	0.630739487675	0.616723054616	0.644755920735	0.556307394877	0.534074432093	0.550024166264	0.544707588207	0.594006766554	0.652489125181	0.593040115998	0.611889801837	0.494441759304	0.622522957951
AF4	0.597873368777	0.507974867086	0.931851135814	0.624456259062	0.318994683422	0.399710004833	0.59255679072	0.475108748188	0.497341710971	0.522957950701	0.52537457709	0.0	0.534074432093	0.853069115515	0.551957467376	0.54857419043	0.563557274045	0.534557757371	0.894151764137	0.727404543258	0.679072015466	0.612373127115	0.6389560174	0.62735621073	0.854035766071	0.626872885452	0.571290478492	0.609956500725	0.628806186564	0.633156114065	0.65055582407	0.608989850169	0.526824552924	0.55099081682	0.612856452392	0.526824552924	0.550507491542	0.530691155147	0.506041565974	0.506041565974	0.513291445143	0.620106331561	0.59255679072	0.508458192363	0.563073948768	0.554857419043	0.593040115998	0.538907684872	0.552924117931	0.538424359594	0.536007733204	0.565973900435	0.472692121798	0.50700821653	0.520541324311	0.48622522958	0.557274045433	0.565490575157	0.554857419043	0.542290961817	0.53939101015	0.555340744321
AG3	0.577090381827	0.478975350411	0.966650555824	0.485258579024	0.598356694055	0.495891735138	0.634122764621	0.495891735138	0.500241662639	0.57177380377	0.53697438376	0.534074432093	0.0	0.854519091348	0.526824552924	0.515224746254	0.515708071532	0.490575157081	0.924601256646	0.758820686322	0.671822136298	0.591106814886	0.576607056549	0.581440309328	0.889318511358	0.638472692122	0.539874335428	0.574673755437	0.616239729338	0.622039632673	0.632672788787	0.573223779604	0.520541324311	0.528274528758	0.661672305462	0.611889801837	0.531657805703	0.557274045433	0.508458192363	0.572257129048	0.523924601257	0.675688738521	0.651522474625	0.540840985984	0.566940550991	0.546640889319	0.619623006283	0.568873852102	0.617689705172	0.607539874335	0.577090381827	0.594006766554	0.527307878202	0.509908168197	0.5186080232	0.516674722088	0.541324311261	0.605606573224	0.553890768487	0.596906718221	0.497341710971	0.594006766554
AG4	0.862252295795	0.870952150797	0.344127597873	0.566457225713	0.847752537458	0.8796520058	0.87723537941	0.867568873852	0.854035766071	0.863702271629	0.896085065249	0.853069115515	0.854519091348	0.0	0.884001933301	0.868535524408	0.899468342194	0.896085065249	0.712421459642	0.688255195747	0.815853069116	0.832769453842	0.890285161914	0.87723537941	0.826969550507	0.822619623006	0.86563557274	0.854035766071	0.762687288545	0.758820686322	0.885935234413	0.876752054132	0.882551957467	0.883035282745	0.90285161914	0.895118414693	0.897051715805	0.872885451909	0.896085065249	0.89125181247	0.89125181247	0.852102464959	0.852585790237	0.866602223296	0.90285161914	0.899951667472	0.889318511358	0.893668438859	0.890285161914	0.891735137748	0.893185113581	0.890768487192	0.897535041083	0.893185113581	0.901884968584	0.894635089415	0.896568390527	0.895601739971	0.892701788304	0.893668438859	0.898501691638	0.896568390527
AH3	0.646205896568	0.362010633156	0.963267278879	0.621556307395	0.596906718221	0.552924117931	0.579990333494	0.532624456259	0.567423876269	0.541807636539	0.621556307395	0.551957467376	0.526824552924	0.884001933301	0.0	0.520541324311	0.599323344611	0.596906718221	0.918318028033	0.753020782987	0.708554857419	0.627839536008	0.627839536008	0.63653939101	0.903334944418	0.693088448526	0.629772837119	0.626389560174	0.661672305462	0.666988883519	0.690188496858	0.641855969067	0.542774287095	0.57177380377	0.712421459642	0.638472692122	0.625906234896	0.563557274045	0.600773320445	0.553407443209	0.556307394877	0.598840019333	0.567907201547	0.562107298212	0.651522474625	0.623006283229	0.697921701305	0.623489608507	0.652005799903	0.655389076849	0.640405993233	0.663605606573	0.594490091832	0.594490091832	0.593523441276	0.591590140164	0.564040599323	0.66892218463	0.558724021266	0.639439342678	0.589173513775	0.630739487675
AH4	0.335427742871	0.357177380377	0.94683421943	0.597873368777	0.600773320445	0.532624456259	0.639439342678	0.526341227646	0.529241179314	0.563557274045	0.584340260996	0.54857419043	0.515224746254	0.868535524408	0.520541324311	0.0	0.536007733204	0.528274528758	0.873368777187	0.717738037699	0.646689221846	0.566457225713	0.580473658772	0.565973900435	0.846785886902	0.611889801837	0.557274045433	0.552924117931	0.588206863219	0.590140164331	0.593040115998	0.546640889319	0.545674238763	0.545190913485	0.699855002417	0.639922667956	0.590140164331	0.593040115998	0.559207346544	0.557274045433	0.53020782987	0.679072015466	0.652489125181	0.570323827936	0.604639922668	0.588690188497	0.656355727405	0.599806669889	0.651522474625	0.616723054616	0.605606573224	0.624456259062	0.537941034316	0.528274528758	0.526824552924	0.535524407927	0.522474625423	0.622039632673	0.519574673755	0.620589656839	0.550507491542	0.61333977767
AA7	0.561140647656	0.536007733204	0.972450459159	0.643789270179	0.612373127115	0.483325277912	0.674722087965	0.474142097632	0.460125664572	0.588690188497	0.470758820686	0.563557274045	0.515708071532	0.899468342194	0.599323344611	0.536007733204	0.0	0.297728371194	0.917834702755	0.762687288545	0.587240212663	0.52779120348	0.49299178347	0.494925084582	0.869018849686	0.599323344611	0.464475592073	0.494441759304	0.547607539874	0.580473658772	0.529241179314	0.42822619623	0.431609473175	0.49299178347	0.714354760754	0.658772353794	0.491541807637	0.584823586274	0.482841952634	0.611406476559	0.547124214596	0.727887868536	0.699371677139	0.593040115998	0.547124214596	0.51377477042	0.656355727405	0.609956500725	0.655389076849	0.638472692122	0.596906718221	0.617206379894	0.531657805703	0.525857902368	0.522957950701	0.533107781537	0.550024166264	0.622039632673	0.555824069599	0.639922667956	0.50459159014	0.618656355727
AA8	0.555340744321	0.526341227646	0.969550507492	0.640405993233	0.590140164331	0.462058965684	0.66892218463	0.446592556791	0.431126147898	0.578057032383	0.43064282262	0.534557757371	0.490575157081	0.896085065249	0.596906718221	0.528274528758	0.297728371194	0.0	0.914934751087	0.756404059932	0.58337361044	0.51377477042	0.464958917351	0.468825519575	0.869018849686	0.589173513775	0.422426292895	0.4813919768	0.535524407927	0.577090381827	0.471725471242	0.382310294828	0.410343160947	0.47220879652	0.691638472692	0.639439342678	0.449975833736	0.567907201547	0.457225712905	0.602706621556	0.534074432093	0.722087965201	0.698888351861	0.570323827936	0.523441275979	0.487191880135	0.633156114065	0.582406959884	0.637022716288	0.617689705172	0.575640405993	0.596423392943	0.506524891252	0.501691638473	0.501691638473	0.50700821653	0.538907684872	0.600289995167	0.546157564041	0.608989850169	0.482841952634	0.592073465442
AB7	0.862735621073	0.898501691638	0.743837602707	0.72692121798	0.874335427743	0.928467858869	0.945867568874	0.933784436926	0.915901401643	0.933784436926	0.956500724988	0.894151764137	0.924601256646	0.712421459642	0.918318028033	0.873368777187	0.917834702755	0.914934751087	0.0	0.411793136781	0.807636539391	0.832769453842	0.933301111648	0.9212179797	0.727887868536	0.805703238279	0.887385210246	0.871435476075	0.731271145481	0.698405026583	0.883035282745	0.893185113581	0.923151280812	0.933784436926	0.933784436926	0.922667955534	0.945384243596	0.922667955534	0.943450942484	0.926534557757	0.937167713871	0.86563557274	0.869502174964	0.904301594973	0.95601739971	0.95601739971	0.923151280812	0.919284678589	0.924117931368	0.918801353311	0.924601256646	0.912518124698	0.90961817303	0.911068148864	0.91445142581	0.90961817303	0.917834702755	0.90961817303	0.9212179797	0.930401159981	0.950217496375	0.924601256646
AB8	0.710488158531	0.734171097148	0.761720637989	0.591106814886	0.759787336878	0.762687288545	0.78250362494	0.767037216046	0.748670855486	0.763170613823	0.792170130498	0.727404543258	0.758820686322	0.688255195747	0.753020782987	0.717738037699	0.762687288545	0.756404059932	0.411793136781	0.0	0.643305944901	0.665055582407	0.75688738521	0.740454325761	0.724987916868	0.643305944901	0.718704688255	0.699855002417	0.53020782987	0.511841469309	0.723537941034	0.725954567424	0.764137264379	0.770420492992	0.809569840503	0.763170613823	0.779603673272	0.749637506042	0.769937167714	0.760270662156	0.763653939101	0.716288061866	0.712421459642	0.737071048816	0.794103431609	0.793136781054	0.808119864669	0.762687288545	0.796520057999	0.76848719188	0.773320444659	0.777187046883	0.759787336878	0.761237312711	0.761237312711	0.751087481875	0.753504108265	0.783953600773	0.753987433543	0.771387143548	0.780570323828	0.767037216046
AC7	0.62493958434	0.662155630739	0.887385210246	0.661672305462	0.739487675205	0.599806669889	0.708554857419	0.575157080715	0.539874335428	0.639439342678	0.585306911551	0.679072015466	0.671822136298	0.815853069116	0.708554857419	0.646689221846	0.587240212663	0.58337361044	0.807636539391	0.643305944901	0.0	0.370227162881	0.565007249879	0.553890768487	0.816336394393	0.59255679072	0.53939101015	0.49540840986	0.461575640406	0.48622522958	0.560657322378	0.540357660706	0.55775737071	0.593523441276	0.811503141614	0.760753987434	0.614306428226	0.658772353794	0.600289995167	0.723537941034	0.674238762687	0.720154664089	0.692605123248	0.643789270179	0.638472692122	0.611406476559	0.816819719671	0.759787336878	0.8008699855	0.786853552441	0.753504108265	0.779603673272	0.695505074915	0.669888835186	0.68293861769	0.687288545191	0.683421942968	0.790236829386	0.68293861769	0.765587240213	0.621556307395	0.767520541324
AC8	0.561140647656	0.567907201547	0.906234896085	0.628806186564	0.674238762687	0.533107781537	0.678588690188	0.514258095698	0.483325277912	0.578057032383	0.555340744321	0.612373127115	0.591106814886	0.832769453842	0.627839536008	0.566457225713	0.52779120348	0.51377477042	0.832769453842	0.665055582407	0.370227162881	0.0	0.494441759304	0.491058482359	0.831319478009	0.550507491542	0.415176413726	0.381826969551	0.447075882069	0.476558724021	0.535041082649	0.485741904302	0.493475108748	0.500724987917	0.734654422426	0.677138714355	0.556307394877	0.589656839053	0.543740937651	0.638472692122	0.591590140164	0.678105364911	0.647172547124	0.58337361044	0.566457225713	0.526341227646	0.727887868536	0.673755437409	0.718704688255	0.705171580474	0.667955534074	0.695505074915	0.603189946834	0.590623489609	0.598356694055	0.596423392943	0.579990333494	0.702271628806	0.588206863219	0.686321894635	0.534074432093	0.685355244079
AD7	0.585306911551	0.577090381827	0.963750604157	0.667955534074	0.721604639923	0.524891251812	0.681005316578	0.504108264862	0.478008699855	0.591106814886	0.440309328178	0.6389560174	0.576607056549	0.890285161914	0.627839536008	0.580473658772	0.49299178347	0.464958917351	0.933301111648	0.75688738521	0.565007249879	0.494441759304	0.0	0.286128564524	0.897051715805	0.523924601257	0.424842919285	0.45142580957	0.509424842919	0.551957467376	0.504108264862	0.470758820686	0.467375543741	0.512808119865	0.741904301595	0.691155147414	0.489608506525	0.607056549058	0.526341227646	0.644272595457	0.591106814886	0.727404543258	0.70130497825	0.608023199613	0.560657322378	0.536007733204	0.743837602707	0.684388593523	0.736587723538	0.722571290478	0.670372160464	0.700821652972	0.62493958434	0.599806669889	0.595456742388	0.612373127115	0.589173513775	0.708554857419	0.593523441276	0.698405026583	0.551957467376	0.690188496858
AD8	0.568390526825	0.577573707105	0.95360077332	0.652972450459	0.707588206863	0.520541324311	0.676172063799	0.49540840986	0.478975350411	0.579023682939	0.440309328178	0.62735621073	0.581440309328	0.87723537941	0.63653939101	0.565973900435	0.494925084582	0.468825519575	0.9212179797	0.740454325761	0.553890768487	0.491058482359	0.286128564524	0.0	0.859352344128	0.491541807637	0.419526341228	0.453359110681	0.487191880135	0.529241179314	0.496858385694	0.469308844853	0.468342194297	0.518124697922	0.746737554374	0.689221846303	0.484775253746	0.597873368777	0.524407926535	0.640405993233	0.585790236829	0.719671338811	0.69212179797	0.595940067666	0.557274045433	0.539874335428	0.743354277429	0.6805219913	0.731754470759	0.715804736588	0.672788786854	0.702754954084	0.622039632673	0.596906718221	0.596906718221	0.610923151281	0.598840019333	0.708071532141	0.599323344611	0.691155147414	0.545674238763	0.687288545191
AE7	0.837119381344	0.876268728855	0.853069115515	0.793136781054	0.836636056066	0.897051715805	0.920251329145	0.907684871919	0.885935234413	0.906718221363	0.920251329145	0.854035766071	0.889318511358	0.826969550507	0.903334944418	0.846785886902	0.869018849686	0.869018849686	0.727887868536	0.724987916868	0.816336394393	0.831319478009	0.897051715805	0.859352344128	0.0	0.555824069599	0.869502174964	0.852585790237	0.764620589657	0.757370710488	0.839536007733	0.841952634123	0.896085065249	0.905751570807	0.927984533591	0.910101498308	0.922184630256	0.90285161914	0.910584823586	0.874818753021	0.899951667472	0.872402126631	0.87723537941	0.873368777187	0.940550990817	0.925567907202	0.895118414693	0.899468342194	0.910584823586	0.896085065249	0.902368293862	0.898985016916	0.892218463026	0.900918318028	0.902368293862	0.885935234413	0.907684871919	0.892218463026	0.901884968584	0.91203479942	0.916384726921	0.90285161914
AE8	0.588690188497	0.625422909618	0.898018366361	0.660705654906	0.700821652972	0.598356694055	0.680038666022	0.610923151281	0.596906718221	0.618656355727	0.627839536008	0.626872885452	0.638472692122	0.822619623006	0.693088448526	0.611889801837	0.599323344611	0.589173513775	0.805703238279	0.643305944901	0.59255679072	0.550507491542	0.523924601257	0.491541807637	0.555824069599	0.0	0.559690671822	0.55099081682	0.525857902368	0.50459159014	0.569840502658	0.556307394877	0.607056549058	0.610439826003	0.766553890768	0.717254712421	0.636056065732	0.62493958434	0.621072982117	0.660222329628	0.630739487675	0.69453842436	0.676655389077	0.617689705172	0.641372643789	0.634606089899	0.756404059932	0.704204929918	0.757370710488	0.723537941034	0.695021749638	0.728854519091	0.660222329628	0.644272595457	0.64813919768	0.652972450459	0.656355727405	0.717738037699	0.661672305462	0.711454809087	0.625422909618	0.717738037699
AF7	0.556307394877	0.55099081682	0.940550990817	0.660222329628	0.647172547124	0.493958434026	0.688255195747	0.445625906235	0.430159497342	0.58095698405	0.454325761237	0.571290478492	0.539874335428	0.86563557274	0.629772837119	0.557274045433	0.464475592073	0.422426292895	0.887385210246	0.718704688255	0.53939101015	0.415176413726	0.424842919285	0.419526341228	0.869502174964	0.559690671822	0.0	0.329144514258	0.488158530691	0.535041082649	0.478975350411	0.464958917351	0.419526341228	0.467375543741	0.692605123248	0.626872885452	0.449492508458	0.552924117931	0.488641855969	0.617206379894	0.546157564041	0.707104881585	0.679555340744	0.559207346544	0.521024649589	0.491058482359	0.658772353794	0.611889801837	0.663122281295	0.654905751571	0.606089898502	0.626389560174	0.55099081682	0.535041082649	0.534557757371	0.542774287095	0.542774287095	0.633639439343	0.564523924601	0.638472692122	0.479458675689	0.623489608507
AF8	0.548090865152	0.561140647656	0.929434509425	0.64813919768	0.682455292412	0.522474625423	0.683905268246	0.477525374577	0.448042532624	0.579990333494	0.50700821653	0.609956500725	0.574673755437	0.854035766071	0.626389560174	0.552924117931	0.494441759304	0.4813919768	0.871435476075	0.699855002417	0.49540840986	0.381826969551	0.45142580957	0.453359110681	0.852585790237	0.55099081682	0.329144514258	0.0	0.452392460126	0.500241662639	0.519091348478	0.467375543741	0.452875785404	0.498308361527	0.727404543258	0.661672305462	0.511841469309	0.572740454326	0.51377477042	0.621556307395	0.573223779604	0.683905268246	0.652972450459	0.565007249879	0.550507491542	0.526824552924	0.707104881585	0.648622522958	0.705171580474	0.695505074915	0.650072498792	0.669405509908	0.59497341711	0.571290478492	0.572740454326	0.585306911551	0.565490575157	0.681005316578	0.573707104882	0.674722087965	0.5186080232	0.665055582407
AG7	0.575157080715	0.605606573224	0.837119381344	0.562107298212	0.694055099082	0.56259062349	0.686805219913	0.522957950701	0.498791686805	0.58337361044	0.549057515708	0.628806186564	0.616239729338	0.762687288545	0.661672305462	0.588206863219	0.547607539874	0.535524407927	0.731271145481	0.53020782987	0.461575640406	0.447075882069	0.509424842919	0.487191880135	0.764620589657	0.525857902368	0.488158530691	0.452392460126	0.0	0.306911551474	0.544707588207	0.511841469309	0.5186080232	0.55099081682	0.75688738521	0.698888351861	0.545190913485	0.596906718221	0.547607539874	0.651039149348	0.606089898502	0.666022232963	0.637989366844	0.579507008217	0.595940067666	0.579507008217	0.757854035766	0.693571773804	0.737554374094	0.725471242146	0.684388593523	0.71532141131	0.634122764621	0.620589656839	0.634606089899	0.633639439343	0.633156114065	0.724021266312	0.639439342678	0.700338327695	0.593523441276	0.702271628806
AG8	0.578057032383	0.611406476559	0.845335911068	0.585790236829	0.696471725471	0.570807153214	0.674238762687	0.55775737071	0.547607539874	0.588690188497	0.590623489609	0.633156114065	0.622039632673	0.758820686322	0.666988883519	0.590140164331	0.580473658772	0.577090381827	0.698405026583	0.511841469309	0.48622522958	0.476558724021	0.551957467376	0.529241179314	0.757370710488	0.50459159014	0.535041082649	0.500241662639	0.306911551474	0.0	0.577573707105	0.552440792653	0.565973900435	0.575640405993	0.765103914935	0.705171580474	0.585790236829	0.600773320445	0.581440309328	0.653939101015	0.608506524891	0.669405509908	0.643789270179	0.588206863219	0.614789753504	0.608506524891	0.75688738521	0.69453842436	0.736587723538	0.725471242146	0.686805219913	0.71290478492	0.643305944901	0.630256162397	0.632189463509	0.642339294345	0.647655872402	0.727887868536	0.652972450459	0.70130497825	0.606089898502	0.700821652972
AH7	0.580473658772	0.62735621073	0.95360077332	0.698888351861	0.704688255196	0.584340260996	0.704688255196	0.559690671822	0.539874335428	0.62735621073	0.536491058482	0.65055582407	0.632672788787	0.885935234413	0.690188496858	0.593040115998	0.529241179314	0.471725471242	0.883035282745	0.723537941034	0.560657322378	0.535041082649	0.504108264862	0.496858385694	0.839536007733	0.569840502658	0.478975350411	0.519091348478	0.544707588207	0.577573707105	0.0	0.322377960367	0.550024166264	0.597390043499	0.782020299662	0.72692121798	0.55099081682	0.661188980184	0.591106814886	0.665055582407	0.637989366844	0.768970517158	0.741904301595	0.663605606573	0.62735621073	0.61575640406	0.760270662156	0.714838086032	0.758337361044	0.730787820203	0.706621556307	0.728371193813	0.637989366844	0.623489608507	0.62735621073	0.637506041566	0.63653939101	0.732721121315	0.628806186564	0.72450459159	0.608023199613	0.718221362977
AH8	0.547124214596	0.578540357661	0.950217496375	0.654905751571	0.667955534074	0.53020782987	0.672788786854	0.510391493475	0.487191880135	0.584823586274	0.515708071532	0.608989850169	0.573223779604	0.876752054132	0.641855969067	0.546640889319	0.42822619623	0.382310294828	0.893185113581	0.725954567424	0.540357660706	0.485741904302	0.470758820686	0.469308844853	0.841952634123	0.556307394877	0.464958917351	0.467375543741	0.511841469309	0.552440792653	0.322377960367	0.0	0.490091831803	0.533107781537	0.753987433543	0.697438376027	0.52779120348	0.608506524891	0.534557757371	0.622039632673	0.588206863219	0.721604639923	0.695988400193	0.609473175447	0.578540357661	0.55775737071	0.710488158531	0.661672305462	0.714838086032	0.685838569357	0.652489125181	0.670855485742	0.591106814886	0.573223779604	0.576607056549	0.586756887385	0.587240212663	0.682455292412	0.576607056549	0.681005316578	0.547607539874	0.664088931851
AA5	0.583856935718	0.492025132914	0.95601739971	0.645239246013	0.598840019333	0.447559207347	0.619623006283	0.400676655389	0.408893185114	0.529724504592	0.431609473175	0.526824552924	0.520541324311	0.882551957467	0.542774287095	0.545674238763	0.431609473175	0.410343160947	0.923151280812	0.764137264379	0.55775737071	0.493475108748	0.467375543741	0.468342194297	0.896085065249	0.607056549058	0.419526341228	0.452875785404	0.5186080232	0.565973900435	0.550024166264	0.490091831803	0.0	0.341710971484	0.678105364911	0.600289995167	0.454325761237	0.482358627356	0.448042532624	0.566940550991	0.497825036249	0.634606089899	0.601256645723	0.480425326245	0.52537457709	0.459159014016	0.68970517158	0.625906234896	0.653455775737	0.644272595457	0.630739487675	0.657805703238	0.531657805703	0.544224262929	0.551957467376	0.544224262929	0.53020782987	0.652489125181	0.54857419043	0.62493958434	0.497825036249	0.636056065732
AA6	0.58095698405	0.511841469309	0.961333977767	0.656839052682	0.622522957951	0.458675688739	0.630739487675	0.431126147898	0.44900918318	0.539874335428	0.487191880135	0.55099081682	0.528274528758	0.883035282745	0.57177380377	0.545190913485	0.49299178347	0.47220879652	0.933784436926	0.770420492992	0.593523441276	0.500724987917	0.512808119865	0.518124697922	0.905751570807	0.610439826003	0.467375543741	0.498308361527	0.55099081682	0.575640405993	0.597390043499	0.533107781537	0.341710971484	0.0	0.671822136298	0.587240212663	0.501208313195	0.499758337361	0.475108748188	0.576123731271	0.50700821653	0.660222329628	0.624456259062	0.508941517641	0.462058965684	0.402609956501	0.685355244079	0.628806186564	0.655389076849	0.651039149348	0.634122764621	0.655872402127	0.537457709038	0.547124214596	0.556307394877	0.551957467376	0.538424359594	0.652489125181	0.557274045433	0.632672788787	0.499758337361	0.641372643789
AB5	0.742387626873	0.675688738521	0.974867085549	0.724987916868	0.614306428226	0.648622522958	0.750604156597	0.653455775737	0.670855485742	0.704204929918	0.684388593523	0.612856452392	0.661672305462	0.90285161914	0.712421459642	0.699855002417	0.714354760754	0.691638472692	0.933784436926	0.809569840503	0.811503141614	0.734654422426	0.741904301595	0.746737554374	0.927984533591	0.766553890768	0.692605123248	0.727404543258	0.75688738521	0.765103914935	0.782020299662	0.753987433543	0.678105364911	0.671822136298	0.0	0.325277912035	0.626389560174	0.670372160464	0.619623006283	0.639439342678	0.62493958434	0.740454325761	0.735621072982	0.655389076849	0.632672788787	0.617689705172	0.612856452392	0.608989850169	0.625422909618	0.599323344611	0.620106331561	0.61333977767	0.589173513775	0.611889801837	0.614789753504	0.609956500725	0.663122281295	0.589173513775	0.670855485742	0.602706621556	0.668438859352	0.626872885452
AB6	0.686805219913	0.604639922668	0.966167230546	0.698888351861	0.5601739971	0.579507008217	0.676172063799	0.581923634606	0.612373127115	0.641372643789	0.636056065732	0.526824552924	0.611889801837	0.895118414693	0.638472692122	0.639922667956	0.658772353794	0.639439342678	0.922667955534	0.763170613823	0.760753987434	0.677138714355	0.691155147414	0.689221846303	0.910101498308	0.717254712421	0.626872885452	0.661672305462	0.698888351861	0.705171580474	0.72692121798	0.697438376027	0.600289995167	0.587240212663	0.325277912035	0.0	0.579990333494	0.601256645723	0.571290478492	0.563073948768	0.550507491542	0.676172063799	0.662155630739	0.565973900435	0.575640405993	0.5601739971	0.598356694055	0.543257612373	0.57177380377	0.556790720155	0.549540840986	0.568390526825	0.518124697922	0.561623972934	0.56259062349	0.553890768487	0.598356694055	0.557274045433	0.609473175447	0.54857419043	0.609956500725	0.553890768487
AC5	0.595940067666	0.567907201547	0.974383760271	0.663122281295	0.619623006283	0.471242145964	0.659255679072	0.457225712905	0.448525857902	0.565973900435	0.410343160947	0.550507491542	0.531657805703	0.897051715805	0.625906234896	0.590140164331	0.491541807637	0.449975833736	0.945384243596	0.779603673272	0.614306428226	0.556307394877	0.489608506525	0.484775253746	0.922184630256	0.636056065732	0.449492508458	0.511841469309	0.545190913485	0.585790236829	0.55099081682	0.52779120348	0.454325761237	0.501208313195	0.626389560174	0.579990333494	0.0	0.472692121798	0.421459642339	0.594006766554	0.533107781537	0.713871435476	0.67133881102	0.558240695988	0.486708554857	0.466892218463	0.613823102948	0.568390526825	0.620589656839	0.582406959884	0.567423876269	0.593040115998	0.518124697922	0.49540840986	0.513291445143	0.506041565974	0.575157080715	0.588690188497	0.581440309328	0.56935717738	0.509424842919	0.585790236829
AC6	0.621556307395	0.531174480425	0.956984050266	0.65973900435	0.600289995167	0.517641372644	0.528274528758	0.490575157081	0.540357660706	0.470758820686	0.558240695988	0.530691155147	0.557274045433	0.872885451909	0.563557274045	0.593040115998	0.584823586274	0.567907201547	0.922667955534	0.749637506042	0.658772353794	0.589656839053	0.607056549058	0.597873368777	0.90285161914	0.62493958434	0.552924117931	0.572740454326	0.596906718221	0.600773320445	0.661188980184	0.608506524891	0.482358627356	0.499758337361	0.670372160464	0.601256645723	0.472692121798	0.0	0.537941034316	0.545674238763	0.515708071532	0.486708554857	0.443209279845	0.425809569841	0.575157080715	0.564040599323	0.682455292412	0.642339294345	0.666022232963	0.646205896568	0.644272595457	0.671822136298	0.582890285162	0.583856935718	0.597390043499	0.587240212663	0.577090381827	0.663605606573	0.592073465442	0.628806186564	0.563557274045	0.660222329628
AD6	0.58337361044	0.543257612373	0.973900434993	0.646689221846	0.573707104882	0.431126147898	0.621072982117	0.427259545674	0.436926051232	0.528274528758	0.448042532624	0.506041565974	0.508458192363	0.896085065249	0.600773320445	0.559207346544	0.482841952634	0.457225712905	0.943450942484	0.769937167714	0.600289995167	0.543740937651	0.526341227646	0.524407926535	0.910584823586	0.621072982117	0.488641855969	0.51377477042	0.547607539874	0.581440309328	0.591106814886	0.534557757371	0.448042532624	0.475108748188	0.619623006283	0.571290478492	0.421459642339	0.537941034316	0.0	0.552440792653	0.433542774287	0.707104881585	0.673272112131	0.550507491542	0.480425326245	0.455775737071	0.60415659739	0.53939101015	0.587240212663	0.568873852102	0.548090865152	0.56935717738	0.490091831803	0.464958917351	0.481875302078	0.469308844853	0.559207346544	0.573707104882	0.55775737071	0.556790720155	0.466408893185	0.559690671822
AE5	0.620106331561	0.522474625423	0.974867085549	0.640405993233	0.564040599323	0.554857419043	0.594490091832	0.546640889319	0.603189946834	0.537941034316	0.621072982117	0.506041565974	0.572257129048	0.89125181247	0.553407443209	0.557274045433	0.611406476559	0.602706621556	0.926534557757	0.760270662156	0.723537941034	0.638472692122	0.644272595457	0.640405993233	0.874818753021	0.660222329628	0.617206379894	0.621556307395	0.651039149348	0.653939101015	0.665055582407	0.622039632673	0.566940550991	0.576123731271	0.639439342678	0.563073948768	0.594006766554	0.545674238763	0.552440792653	0.0	0.348960850652	0.619139681005	0.585790236829	0.523924601257	0.641855969067	0.632672788787	0.644272595457	0.606089898502	0.623006283229	0.607056549058	0.618656355727	0.634606089899	0.533591106815	0.579507008217	0.593523441276	0.561140647656	0.551957467376	0.626872885452	0.558724021266	0.605606573224	0.588690188497	0.629772837119
AE6	0.591106814886	0.479458675689	0.973417109715	0.635089415176	0.575640405993	0.477042049299	0.570807153214	0.468342194297	0.525857902368	0.508458192363	0.546640889319	0.513291445143	0.523924601257	0.89125181247	0.556307394877	0.53020782987	0.547124214596	0.534074432093	0.937167713871	0.763653939101	0.674238762687	0.591590140164	0.591106814886	0.585790236829	0.899951667472	0.630739487675	0.546157564041	0.573223779604	0.606089898502	0.608506524891	0.637989366844	0.588206863219	0.497825036249	0.50700821653	0.62493958434	0.550507491542	0.533107781537	0.515708071532	0.433542774287	0.348960850652	0.0	0.651522474625	0.61575640406	0.504108264862	0.568390526825	0.555824069599	0.641855969067	0.588206863219	0.61333977767	0.599323344611	0.597873368777	0.620106331561	0.499758337361	0.503141614306	0.52537457709	0.510391493475	0.51619139681	0.615273078782	0.536007733204	0.589173513775	0.518124697922	0.608989850169
AF5	0.711938134364	0.627839536008	0.930401159981	0.676655389077	0.667472208797	0.679072015466	0.55775737071	0.644755920735	0.694055099082	0.576123731271	0.724021266312	0.620106331561	0.675688738521	0.852102464959	0.598840019333	0.679072015466	0.727887868536	0.722087965201	0.86563557274	0.716288061866	0.720154664089	0.678105364911	0.727404543258	0.719671338811	0.872402126631	0.69453842436	0.707104881585	0.683905268246	0.666022232963	0.669405509908	0.768970517158	0.721604639923	0.634606089899	0.660222329628	0.740454325761	0.676172063799	0.713871435476	0.486708554857	0.707104881585	0.619139681005	0.651522474625	0.0	0.267762203963	0.532141130981	0.737071048816	0.72450459159	0.761720637989	0.720637989367	0.743837602707	0.72692121798	0.740454325761	0.753504108265	0.692605123248	0.728854519091	0.735621072982	0.711454809087	0.679072015466	0.745770903818	0.68293861769	0.708071532141	0.720637989367	0.736587723538
AF6	0.688738521025	0.598356694055	0.932334461092	0.666022232963	0.655389076849	0.647655872402	0.533591106815	0.615273078782	0.666988883519	0.543740937651	0.69212179797	0.59255679072	0.651522474625	0.852585790237	0.567907201547	0.652489125181	0.699371677139	0.698888351861	0.869502174964	0.712421459642	0.692605123248	0.647172547124	0.70130497825	0.69212179797	0.87723537941	0.676655389077	0.679555340744	0.652972450459	0.637989366844	0.643789270179	0.741904301595	0.695988400193	0.601256645723	0.624456259062	0.735621072982	0.662155630739	0.67133881102	0.443209279845	0.673272112131	0.585790236829	0.61575640406	0.267762203963	0.0	0.504108264862	0.704688255196	0.688738521025	0.752054132431	0.706621556307	0.73368777187	0.710971483809	0.705171580474	0.743837602707	0.666988883519	0.695505074915	0.704688255196	0.680038666022	0.646205896568	0.728854519091	0.641855969067	0.688255195747	0.694055099082	0.72450459159
