	AA3	AA4	AB3	AB4	AC3	AC4	AD3	AD4	AE3	AE4	AF3	AF4	AG3	AG4	AH3	AH4	AA7	AA8	AB7	AB8	AC7	AC8	AD7	AD8	AE7	AE8	AF7	AF8	AG7	AG8	AH7	AH8	AA5	AA6	AB5	AB6	AC5	AC6	AD6	AE5	AE6	AF5	AF6	AG5	AH5	AH6	AA1	AA2	AB1	AB2	AC1	AC2	AD1	AD2	AE1	AE2	AF1	AF2	AG1	AG2	AH1	AH2
AA3	0.0	0.486708554857	0.937651039149	0.652489125181	0.661672305462	0.575157080715	0.661188980184	0.568390526825	0.568390526825	0.607539874335	0.60415659739	0.603673272112	0.590140164331	0.84726921218	0.652972450459	0.340744320928	0.558240695988	0.564523924601	0.876752054132	0.735621072982	0.617689705172	0.573707104882	0.599323344611	0.570807153214	0.83566940551	0.581923634606	0.555824069599	0.546157564041	0.584340260996	0.582890285162	0.574673755437	0.554857419043	0.587723537941	0.587240212663	0.734654422426	0.686321894635	0.600289995167	0.606089898502	0.602223296278	0.644272595457	0.604639922668	0.720637989367	0.687771870469	0.619623006283	0.617206379894	0.607056549058	0.686321894635	0.663605606573	0.721604639923	0.668438859352	0.640889318511	0.655389076849	0.581440309328	0.571290478492	0.572257129048	0.56259062349	0.579507008217	0.671822136298	0.588690188497	0.667955534074	0.563073948768	0.642339294345
AA4	0.486708554857	0.0	0.942967617206	0.569840502658	0.570323827936	0.506524891252	0.585306911551	0.473175447076	0.497825036249	0.521991300145	0.555824069599	0.515224746254	0.479458675689	0.850169163847	0.393910101498	0.362977283712	0.532624456259	0.525857902368	0.900918318028	0.735621072982	0.656839052682	0.569840502658	0.593523441276	0.58095698405	0.876268728855	0.614306428226	0.535041082649	0.544707588207	0.595456742388	0.618173030449	0.628322861286	0.573707104882	0.505074915418	0.517158047366	0.653939101015	0.583856935718	0.564523924601	0.518124697922	0.540357660706	0.533107781537	0.480425326245	0.643789270179	0.59255679072	0.510874818753	0.589656839053	0.571290478492	0.651522474625	0.597390043499	0.640405993233	0.607539874335	0.601256645723	0.633639439343	0.540357660706	0.524407926535	0.53939101015	0.521507974867	0.498791686805	0.63653939101	0.499275012083	0.59497341711	0.536491058482	0.580473658772
AB3	0.937651039149	0.942967617206	0.0	0.684388593523	0.927017883035	0.955050749154	0.959884001933	0.942484291928	0.938617689705	0.953117448043	0.973900434993	0.941034316095	0.966650555824	0.329627839536	0.962783953601	0.938134364427	0.975350410826	0.971967133881	0.729337844369	0.757370710488	0.894635089415	0.907684871919	0.95601739971	0.949250845819	0.851135814403	0.899951667472	0.942484291928	0.924117931368	0.844369260512	0.822619623006	0.954084098598	0.954084098598	0.958917351377	0.964717254712	0.975350410826	0.966167230546	0.977283711938	0.957950700822	0.978250362494	0.974867085549	0.974383760271	0.939584340261	0.937167713871	0.949250845819	0.979700338328	0.972933784437	0.974383760271	0.972450459159	0.972933784437	0.975350410826	0.977767037216	0.973900434993	0.973900434993	0.975833736104	0.977767037216	0.975350410826	0.973900434993	0.973900434993	0.974867085549	0.977767037216	0.975833736104	0.974383760271
AB4	0.652489125181	0.569840502658	0.684388593523	0.0	0.621556307395	0.609473175447	0.684871918801	0.612856452392	0.616723054616	0.633156114065	0.642822619623	0.601256645723	0.47220879652	0.575157080715	0.614306428226	0.593523441276	0.62735621073	0.626872885452	0.734171097148	0.578057032383	0.6805219913	0.639439342678	0.681971967134	0.652005799903	0.797486708555	0.650072498792	0.646205896568	0.623006283229	0.569840502658	0.603673272112	0.70372160464	0.657805703238	0.641855969067	0.656355727405	0.696955050749	0.664572257129	0.656839052682	0.632189463509	0.630739487675	0.623972933784	0.61333977767	0.677138714355	0.635089415176	0.626872885452	0.68970517158	0.674238762687	0.688255195747	0.641855969067	0.678588690188	0.651039149348	0.658289028516	0.654905751571	0.624456259062	0.634606089899	0.646205896568	0.636056065732	0.631222812953	0.658772353794	0.623489608507	0.639922667956	0.644755920735	0.64813919768
AC3	0.661672305462	0.570323827936	0.927017883035	0.621556307395	0.0	0.504108264862	0.642339294345	0.550024166264	0.552440792653	0.594006766554	0.614789753504	0.303044949251	0.613823102948	0.83566940551	0.596423392943	0.595456742388	0.617689705172	0.604639922668	0.880135331078	0.766553890768	0.737554374094	0.684871918801	0.726437892702	0.700821652972	0.83566940551	0.69453842436	0.652972450459	0.674722087965	0.677138714355	0.704204929918	0.703238279362	0.663122281295	0.617206379894	0.625906234896	0.618656355727	0.577090381827	0.62493958434	0.584340260996	0.576123731271	0.538424359594	0.552924117931	0.673272112131	0.632189463509	0.566940550991	0.631706138231	0.627839536008	0.59497341711	0.578057032383	0.578540357661	0.577573707105	0.588690188497	0.57177380377	0.536007733204	0.554374093765	0.56935717738	0.575157080715	0.610439826003	0.575640405993	0.616239729338	0.563073948768	0.618173030449	0.57177380377
AC4	0.575157080715	0.506524891252	0.955050749154	0.609473175447	0.504108264862	0.0	0.61333977767	0.433542774287	0.411793136781	0.502658289029	0.346060898985	0.412759787337	0.531174480425	0.859352344128	0.595456742388	0.524407926535	0.468825519575	0.46302561624	0.911551474142	0.749637506042	0.596423392943	0.530691155147	0.530691155147	0.508458192363	0.885451909135	0.576607056549	0.483325277912	0.50700821653	0.532141130981	0.576607056549	0.565490575157	0.506524891252	0.452875785404	0.480908651522	0.639922667956	0.569840502658	0.473175447076	0.505558240696	0.4398260029	0.551957467376	0.498308361527	0.69453842436	0.647655872402	0.523441275979	0.521024649589	0.500241662639	0.651522474625	0.594006766554	0.625906234896	0.598840019333	0.595456742388	0.617206379894	0.50700821653	0.531657805703	0.517641372644	0.511841469309	0.539874335428	0.622039632673	0.560657322378	0.589656839053	0.488158530691	0.570323827936
AD3	0.661188980184	0.585306911551	0.959884001933	0.684871918801	0.642339294345	0.61333977767	0.0	0.511358144031	0.618656355727	0.358627356211	0.663605606573	0.600773320445	0.629289511841	0.868535524408	0.578057032383	0.629772837119	0.670372160464	0.663122281295	0.945384243596	0.784920251329	0.707588206863	0.683905268246	0.690671822136	0.676172063799	0.921701304978	0.677622039633	0.684388593523	0.681005316578	0.683421942968	0.678588690188	0.709038182697	0.681005316578	0.622522957951	0.640405993233	0.731754470759	0.660222329628	0.666505558241	0.528757854036	0.61333977767	0.577090381827	0.558724021266	0.565973900435	0.536007733204	0.536007733204	0.681488641856	0.668438859352	0.7593040116	0.70372160464	0.73368777187	0.707104881585	0.701788303528	0.729337844369	0.661672305462	0.652005799903	0.649589173514	0.65055582407	0.624456259062	0.725954567424	0.638472692122	0.705654905752	0.673272112131	0.690671822136
AD4	0.568390526825	0.473175447076	0.942484291928	0.612856452392	0.550024166264	0.433542774287	0.511358144031	0.0	0.338811019816	0.389560173997	0.465925567907	0.48380860319	0.52779120348	0.853552440793	0.53939101015	0.5186080232	0.480908651522	0.472692121798	0.924601256646	0.758820686322	0.593523441276	0.51619139681	0.529724504592	0.510391493475	0.891735137748	0.577573707105	0.475592073465	0.483325277912	0.532141130981	0.5601739971	0.575157080715	0.51377477042	0.421942967617	0.438859352344	0.636056065732	0.55099081682	0.480908651522	0.460125664572	0.450942484292	0.55099081682	0.476558724021	0.649105848236	0.59497341711	0.477525374577	0.500241662639	0.477042049299	0.667955534074	0.60415659739	0.639922667956	0.617689705172	0.607056549058	0.635089415176	0.521024649589	0.52779120348	0.521991300145	0.508941517641	0.520541324311	0.639439342678	0.533591106815	0.610923151281	0.503624939584	0.587723537941
AE3	0.568390526825	0.497825036249	0.938617689705	0.616723054616	0.552440792653	0.411793136781	0.618656355727	0.338811019816	0.0	0.494441759304	0.407926534558	0.489125181247	0.53697438376	0.850652489125	0.570323827936	0.524407926535	0.452875785404	0.446109231513	0.927501208313	0.763170613823	0.56935717738	0.485741904302	0.489608506525	0.474142097632	0.88883518608	0.579507008217	0.449975833736	0.461575640406	0.506524891252	0.562107298212	0.542774287095	0.484775253746	0.397293378444	0.445142580957	0.649105848236	0.566457225713	0.434992750121	0.50459159014	0.429676172064	0.601256645723	0.522957950701	0.690671822136	0.641372643789	0.514741420976	0.486708554857	0.455292411793	0.654422426293	0.595940067666	0.631706138231	0.615273078782	0.595456742388	0.627839536008	0.511841469309	0.528274528758	0.5186080232	0.509908168197	0.543740937651	0.634606089899	0.556790720155	0.598840019333	0.498308361527	0.578540357661
AE4	0.607539874335	0.521991300145	0.953117448043	0.633156114065	0.594006766554	0.502658289029	0.358627356211	0.389560173997	0.494441759304	0.0	0.558240695988	0.536007733204	0.577573707105	0.862735621073	0.537941034316	0.564523924601	0.574673755437	0.565490575157	0.939584340261	0.769937167714	0.639922667956	0.577090381827	0.579023682939	0.562107298212	0.908651522475	0.599323344611	0.573707104882	0.563073948768	0.561623972934	0.596423392943	0.622522957951	0.574190430159	0.522474625423	0.536491058482	0.677622039633	0.597390043499	0.559207346544	0.45142580957	0.521507974867	0.531174480425	0.500724987917	0.59497341711	0.55099081682	0.491541807637	0.58095698405	0.564523924601	0.71290478492	0.660222329628	0.692605123248	0.679555340744	0.661672305462	0.687288545191	0.595940067666	0.587723537941	0.578057032383	0.587240212663	0.558240695988	0.683905268246	0.578540357661	0.676172063799	0.576123731271	0.64572257129
AF3	0.60415659739	0.555824069599	0.973900434993	0.642822619623	0.614789753504	0.346060898985	0.663605606573	0.465925567907	0.407926534558	0.558240695988	0.0	0.522474625423	0.549540840986	0.880618656356	0.614789753504	0.573707104882	0.447075882069	0.443209279845	0.952634122765	0.787820202997	0.596906718221	0.533107781537	0.453359110681	0.441275978734	0.913968100532	0.607056549058	0.448525857902	0.501208313195	0.541807636539	0.598840019333	0.522474625423	0.505074915418	0.427742870952	0.49299178347	0.660222329628	0.606089898502	0.427259545674	0.542774287095	0.448042532624	0.617689705172	0.543740937651	0.724987916868	0.682455292412	0.551957467376	0.502658289029	0.484291928468	0.667955534074	0.608023199613	0.659255679072	0.616723054616	0.605606573224	0.637989366844	0.537941034316	0.53939101015	0.528757854036	0.519091348478	0.575157080715	0.643305944901	0.580473658772	0.605606573224	0.493475108748	0.583856935718
AF4	0.603673272112	0.515224746254	0.941034316095	0.601256645723	0.303044949251	0.412759787337	0.600773320445	0.48380860319	0.489125181247	0.536007733204	0.522474625423	0.0	0.568873852102	0.847752537458	0.556790720155	0.537941034316	0.558724021266	0.547124214596	0.885451909135	0.739487675205	0.696471725471	0.63653939101	0.665055582407	0.635572740454	0.849202513291	0.639922667956	0.594490091832	0.613823102948	0.628322861286	0.656839052682	0.649105848236	0.605123247946	0.554374093765	0.568390526825	0.602223296278	0.52779120348	0.565007249879	0.521991300145	0.519091348478	0.503624939584	0.505558240696	0.634122764621	0.595456742388	0.511358144031	0.574190430159	0.563073948768	0.593040115998	0.536491058482	0.579023682939	0.550507491542	0.556307394877	0.564523924601	0.477525374577	0.50700821653	0.521024649589	0.517158047366	0.560657322378	0.569840502658	0.567907201547	0.536491058482	0.553890768487	0.521024649589
AG3	0.590140164331	0.479458675689	0.966650555824	0.47220879652	0.613823102948	0.531174480425	0.629289511841	0.52779120348	0.53697438376	0.577573707105	0.549540840986	0.568873852102	0.0	0.850169163847	0.528274528758	0.517158047366	0.502174963751	0.498791686805	0.932334461092	0.770420492992	0.684388593523	0.605606573224	0.610439826003	0.601256645723	0.89125181247	0.637989366844	0.559207346544	0.577573707105	0.620106331561	0.65055582407	0.646205896568	0.577090381827	0.529724504592	0.535041082649	0.658772353794	0.60657322378	0.565007249879	0.549540840986	0.531657805703	0.567907201547	0.515708071532	0.672788786854	0.626389560174	0.551957467376	0.598840019333	0.573707104882	0.631706138231	0.583856935718	0.628322861286	0.614789753504	0.591590140164	0.610923151281	0.525857902368	0.545674238763	0.553890768487	0.531174480425	0.537941034316	0.618656355727	0.534557757371	0.596906718221	0.521991300145	0.57177380377
AG4	0.84726921218	0.850169163847	0.329627839536	0.575157080715	0.83566940551	0.859352344128	0.868535524408	0.853552440793	0.850652489125	0.862735621073	0.880618656356	0.847752537458	0.850169163847	0.0	0.872402126631	0.843402609957	0.887385210246	0.886418559691	0.71290478492	0.678105364911	0.81488641856	0.828419526341	0.876752054132	0.86805219913	0.817786370227	0.816336394393	0.861768970517	0.84485258579	0.762203963267	0.736587723538	0.879168680522	0.869018849686	0.869985500242	0.874818753021	0.897051715805	0.885935234413	0.886418559691	0.863218946351	0.884968583857	0.884968583857	0.882068632189	0.849202513291	0.845819236346	0.863702271629	0.897535041083	0.885935234413	0.883518608023	0.884001933301	0.884485258579	0.881585306912	0.895118414693	0.889318511358	0.889801836636	0.885451909135	0.896568390527	0.88883518608	0.886901884969	0.885935234413	0.886901884969	0.881101981634	0.891735137748	0.887868535524
AH3	0.652972450459	0.393910101498	0.962783953601	0.614306428226	0.596423392943	0.595456742388	0.578057032383	0.53939101015	0.570323827936	0.537941034316	0.614789753504	0.556790720155	0.528274528758	0.872402126631	0.0	0.524407926535	0.597390043499	0.590623489609	0.927501208313	0.771387143548	0.719671338811	0.639922667956	0.639439342678	0.6389560174	0.899951667472	0.688255195747	0.636056065732	0.631222812953	0.665538907685	0.691638472692	0.69453842436	0.633639439343	0.563557274045	0.589173513775	0.702754954084	0.628806186564	0.640889318511	0.550507491542	0.59497341711	0.565007249879	0.553407443209	0.610439826003	0.563557274045	0.552440792653	0.654905751571	0.643305944901	0.705654905752	0.631706138231	0.666505558241	0.658772353794	0.649105848236	0.672305461576	0.605606573224	0.612373127115	0.611406476559	0.601739971	0.577573707105	0.673272112131	0.57177380377	0.632189463509	0.603189946834	0.619139681005
AH4	0.340744320928	0.362977283712	0.938134364427	0.593523441276	0.595456742388	0.524407926535	0.629772837119	0.5186080232	0.524407926535	0.564523924601	0.573707104882	0.537941034316	0.517158047366	0.843402609957	0.524407926535	0.0	0.536491058482	0.537457709038	0.873852102465	0.726437892702	0.640405993233	0.563073948768	0.590623489609	0.57177380377	0.842919284679	0.590623489609	0.549540840986	0.543257612373	0.575640405993	0.597873368777	0.600289995167	0.554374093765	0.542774287095	0.556790720155	0.692605123248	0.631222812953	0.587723537941	0.57177380377	0.563073948768	0.585790236829	0.53939101015	0.6805219913	0.637022716288	0.566940550991	0.615273078782	0.594490091832	0.658772353794	0.618656355727	0.666988883519	0.618656355727	0.612373127115	0.634606089899	0.545190913485	0.533591106815	0.547607539874	0.522474625423	0.514258095698	0.644272595457	0.519574673755	0.618656355727	0.544224262929	0.591590140164
AA7	0.558240695988	0.532624456259	0.975350410826	0.62735621073	0.617689705172	0.468825519575	0.670372160464	0.480908651522	0.452875785404	0.574673755437	0.447075882069	0.558724021266	0.502174963751	0.887385210246	0.597390043499	0.536491058482	0.0	0.278395360077	0.919284678589	0.776703721605	0.598840019333	0.503624939584	0.502174963751	0.484291928468	0.869502174964	0.587723537941	0.44224262929	0.46979217013	0.534074432093	0.588690188497	0.528757854036	0.432576123731	0.420976317061	0.490091831803	0.686805219913	0.637022716288	0.475108748188	0.54857419043	0.47462542291	0.607539874335	0.543740937651	0.728854519091	0.681971967134	0.573707104882	0.532624456259	0.501691638473	0.654422426293	0.600289995167	0.659255679072	0.623489608507	0.583856935718	0.619623006283	0.510874818753	0.530691155147	0.511841469309	0.508458192363	0.530691155147	0.622522957951	0.539874335428	0.61333977767	0.476558724021	0.571290478492
AA8	0.564523924601	0.525857902368	0.971967133881	0.626872885452	0.604639922668	0.46302561624	0.663122281295	0.472692121798	0.446109231513	0.565490575157	0.443209279845	0.547124214596	0.498791686805	0.886418559691	0.590623489609	0.537457709038	0.278395360077	0.0	0.919284678589	0.775253745771	0.594490091832	0.497825036249	0.499758337361	0.4813919768	0.868535524408	0.586756887385	0.436926051232	0.468342194297	0.52779120348	0.585790236829	0.491541807637	0.392943450942	0.416143064282	0.483325277912	0.684871918801	0.628322861286	0.47220879652	0.542290961817	0.475108748188	0.598840019333	0.538424359594	0.724021266312	0.677138714355	0.5601739971	0.528274528758	0.494925084582	0.646689221846	0.599806669889	0.658772353794	0.620106331561	0.579507008217	0.613823102948	0.508458192363	0.519574673755	0.510874818753	0.500241662639	0.527307878202	0.617206379894	0.532141130981	0.609473175447	0.47462542291	0.575157080715
AB7	0.876752054132	0.900918318028	0.729337844369	0.734171097148	0.880135331078	0.911551474142	0.945384243596	0.924601256646	0.927501208313	0.939584340261	0.952634122765	0.885451909135	0.932334461092	0.71290478492	0.927501208313	0.873852102465	0.919284678589	0.919284678589	0.0	0.40502658289	0.818753020783	0.848235862736	0.941517641373	0.914934751087	0.738037699372	0.826002899952	0.898018366361	0.869985500242	0.739487675205	0.68970517158	0.885935234413	0.897535041083	0.924601256646	0.937651039149	0.938134364427	0.938134364427	0.94441759304	0.916868052199	0.952634122765	0.931367810536	0.934751087482	0.871435476075	0.875302078299	0.910584823586	0.957950700822	0.949734171097	0.928467858869	0.928951184147	0.932334461092	0.927501208313	0.931851135814	0.922184630256	0.921701304978	0.920251329145	0.923151280812	0.918801353311	0.9212179797	0.922184630256	0.924117931368	0.927501208313	0.944900918318	0.925084581924
AB8	0.735621072982	0.735621072982	0.757370710488	0.578057032383	0.766553890768	0.749637506042	0.784920251329	0.758820686322	0.763170613823	0.769937167714	0.787820202997	0.739487675205	0.770420492992	0.678105364911	0.771387143548	0.726437892702	0.776703721605	0.775253745771	0.40502658289	0.0	0.662155630739	0.681488641856	0.768970517158	0.741904301595	0.743354277429	0.671822136298	0.723537941034	0.69453842436	0.546640889319	0.521024649589	0.746737554374	0.748187530208	0.767520541324	0.774287095215	0.801353310778	0.779120347994	0.779120347994	0.751087481875	0.782986950217	0.774770420493	0.767037216046	0.726437892702	0.718704688255	0.742387626873	0.797486708555	0.790236829386	0.82165297245	0.774287095215	0.806669888835	0.775737071049	0.783953600773	0.792170130498	0.780570323828	0.774287095215	0.776703721605	0.773803769937	0.771870468826	0.791203479942	0.770420492992	0.76848719188	0.786370227163	0.773320444659
AC7	0.617689705172	0.656839052682	0.894635089415	0.6805219913	0.737554374094	0.596423392943	0.707588206863	0.593523441276	0.56935717738	0.639922667956	0.596906718221	0.696471725471	0.684388593523	0.81488641856	0.719671338811	0.640405993233	0.598840019333	0.594490091832	0.818753020783	0.662155630739	0.0	0.376993716771	0.586756887385	0.571290478492	0.825519574674	0.586756887385	0.555340744321	0.5186080232	0.493958434026	0.507974867086	0.579507008217	0.553890768487	0.566940550991	0.601739971	0.8008699855	0.743354277429	0.629289511841	0.63653939101	0.621072982117	0.73368777187	0.679072015466	0.719188013533	0.699855002417	0.640889318511	0.630256162397	0.613823102948	0.820202996617	0.761720637989	0.807153214113	0.784920251329	0.74770420493	0.783953600773	0.692605123248	0.690188496858	0.676655389077	0.667472208797	0.6805219913	0.79168680522	0.686805219913	0.770420492992	0.621556307395	0.746737554374
AC8	0.573707104882	0.569840502658	0.907684871919	0.639439342678	0.684871918801	0.530691155147	0.683905268246	0.51619139681	0.485741904302	0.577090381827	0.533107781537	0.63653939101	0.605606573224	0.828419526341	0.639922667956	0.563073948768	0.503624939584	0.497825036249	0.848235862736	0.681488641856	0.376993716771	0.0	0.484291928468	0.481875302078	0.841952634123	0.545190913485	0.392460125665	0.367327211213	0.448525857902	0.49299178347	0.531174480425	0.467375543741	0.471242145964	0.521991300145	0.732237796037	0.666505558241	0.541324311261	0.567423876269	0.55099081682	0.664088931851	0.607539874335	0.684388593523	0.642822619623	0.574190430159	0.576123731271	0.550024166264	0.741420976317	0.681488641856	0.738037699372	0.714838086032	0.666505558241	0.705654905752	0.614306428226	0.609956500725	0.596906718221	0.585790236829	0.596906718221	0.716288061866	0.597390043499	0.704688255196	0.543257612373	0.661188980184
AD7	0.599323344611	0.593523441276	0.95601739971	0.681971967134	0.726437892702	0.530691155147	0.690671822136	0.529724504592	0.489608506525	0.579023682939	0.453359110681	0.665055582407	0.610439826003	0.876752054132	0.639439342678	0.590623489609	0.502174963751	0.499758337361	0.941517641373	0.768970517158	0.586756887385	0.484291928468	0.0	0.320927984534	0.906234896085	0.536007733204	0.433542774287	0.46302561624	0.522474625423	0.579507008217	0.507974867086	0.483325277912	0.47462542291	0.536007733204	0.741420976317	0.678588690188	0.515708071532	0.596906718221	0.549057515708	0.672305461576	0.617689705172	0.73610439826	0.693088448526	0.617689705172	0.578057032383	0.549540840986	0.757854035766	0.695021749638	0.753020782987	0.725471242146	0.680038666022	0.718221362977	0.629772837119	0.625422909618	0.608506524891	0.604639922668	0.593523441276	0.724987916868	0.603189946834	0.710971483809	0.567907201547	0.676655389077
AD8	0.570807153214	0.58095698405	0.949250845819	0.652005799903	0.700821652972	0.508458192363	0.676172063799	0.510391493475	0.474142097632	0.562107298212	0.441275978734	0.635572740454	0.601256645723	0.86805219913	0.6389560174	0.57177380377	0.484291928468	0.4813919768	0.914934751087	0.741904301595	0.571290478492	0.481875302078	0.320927984534	0.0	0.842919284679	0.468825519575	0.425326244563	0.441275978734	0.480425326245	0.533107781537	0.487191880135	0.471242145964	0.46979217013	0.534557757371	0.731754470759	0.660222329628	0.495891735138	0.574673755437	0.526824552924	0.647172547124	0.587723537941	0.724987916868	0.673272112131	0.589656839053	0.558240695988	0.540357660706	0.736587723538	0.676172063799	0.729821169647	0.70372160464	0.662155630739	0.69453842436	0.60415659739	0.607539874335	0.587240212663	0.589173513775	0.596906718221	0.702754954084	0.601739971	0.689221846303	0.542774287095	0.653939101015
AE7	0.83566940551	0.876268728855	0.851135814403	0.797486708555	0.83566940551	0.885451909135	0.921701304978	0.891735137748	0.88883518608	0.908651522475	0.913968100532	0.849202513291	0.89125181247	0.817786370227	0.899951667472	0.842919284679	0.869502174964	0.868535524408	0.738037699372	0.743354277429	0.825519574674	0.841952634123	0.906234896085	0.842919284679	0.0	0.552440792653	0.87046882552	0.849202513291	0.758820686322	0.758337361044	0.837119381344	0.844369260512	0.898018366361	0.911068148864	0.927017883035	0.916384726921	0.917834702755	0.896085065249	0.917834702755	0.885451909135	0.897051715805	0.876752054132	0.873368777187	0.879168680522	0.935717738038	0.926051232479	0.894151764137	0.90285161914	0.91203479942	0.899951667472	0.905751570807	0.897051715805	0.89125181247	0.89125181247	0.900918318028	0.894635089415	0.90285161914	0.887868535524	0.905268245529	0.898018366361	0.909134847753	0.900918318028
AE8	0.581923634606	0.614306428226	0.899951667472	0.650072498792	0.69453842436	0.576607056549	0.677622039633	0.577573707105	0.579507008217	0.599323344611	0.607056549058	0.639922667956	0.637989366844	0.816336394393	0.688255195747	0.590623489609	0.587723537941	0.586756887385	0.826002899952	0.671822136298	0.586756887385	0.545190913485	0.536007733204	0.468825519575	0.552440792653	0.0	0.561623972934	0.540357660706	0.51619139681	0.516674722088	0.576123731271	0.562107298212	0.592073465442	0.605606573224	0.743837602707	0.687288545191	0.614306428226	0.59497341711	0.612373127115	0.658772353794	0.628806186564	0.686321894635	0.659255679072	0.608989850169	0.630256162397	0.622039632673	0.74528757854	0.691155147414	0.751087481875	0.709038182697	0.690188496858	0.722087965201	0.654905751571	0.641855969067	0.626389560174	0.638472692122	0.649105848236	0.723537941034	0.655872402127	0.697438376027	0.604639922668	0.678588690188
AF7	0.555824069599	0.535041082649	0.942484291928	0.646205896568	0.652972450459	0.483325277912	0.684388593523	0.475592073465	0.449975833736	0.573707104882	0.448525857902	0.594490091832	0.559207346544	0.861768970517	0.636056065732	0.549540840986	0.44224262929	0.436926051232	0.898018366361	0.723537941034	0.555340744321	0.392460125665	0.433542774287	0.425326244563	0.87046882552	0.561623972934	0.0	0.308361527308	0.476075398743	0.543257612373	0.4813919768	0.472692121798	0.420009666506	0.482841952634	0.690188496858	0.629772837119	0.464475592073	0.532624456259	0.504108264862	0.620589656839	0.554374093765	0.711938134364	0.664088931851	0.54857419043	0.533107781537	0.510391493475	0.677138714355	0.626872885452	0.689221846303	0.663122281295	0.610923151281	0.648622522958	0.565490575157	0.561140647656	0.544707588207	0.53939101015	0.554374093765	0.652005799903	0.559207346544	0.646689221846	0.49299178347	0.601256645723
AF8	0.546157564041	0.544707588207	0.924117931368	0.623006283229	0.674722087965	0.50700821653	0.681005316578	0.483325277912	0.461575640406	0.563073948768	0.501208313195	0.613823102948	0.577573707105	0.84485258579	0.631222812953	0.543257612373	0.46979217013	0.468342194297	0.869985500242	0.69453842436	0.5186080232	0.367327211213	0.46302561624	0.441275978734	0.849202513291	0.540357660706	0.308361527308	0.0	0.441759304012	0.496375060416	0.509908168197	0.455775737071	0.447075882069	0.50700821653	0.710004833253	0.649589173514	0.500724987917	0.541807636539	0.512324794587	0.620589656839	0.565490575157	0.683905268246	0.637022716288	0.551474142098	0.558724021266	0.531657805703	0.698405026583	0.64813919768	0.709038182697	0.679555340744	0.634606089899	0.666988883519	0.579023682939	0.578540357661	0.565007249879	0.558240695988	0.556790720155	0.673755437409	0.558240695988	0.668438859352	0.511841469309	0.625906234896
AG7	0.584340260996	0.595456742388	0.844369260512	0.569840502658	0.677138714355	0.532141130981	0.683421942968	0.532141130981	0.506524891252	0.561623972934	0.541807636539	0.628322861286	0.620106331561	0.762203963267	0.665538907685	0.575640405993	0.534074432093	0.52779120348	0.739487675205	0.546640889319	0.493958434026	0.448525857902	0.522474625423	0.480425326245	0.758820686322	0.51619139681	0.476075398743	0.441759304012	0.0	0.322377960367	0.549540840986	0.507491541808	0.516674722088	0.563073948768	0.733204446593	0.67133881102	0.535524407927	0.558724021266	0.55099081682	0.650072498792	0.603189946834	0.678105364911	0.632672788787	0.576123731271	0.591590140164	0.573223779604	0.74770420493	0.684871918801	0.734171097148	0.708554857419	0.666022232963	0.706621556307	0.627839536008	0.623006283229	0.607056549058	0.61575640406	0.627839536008	0.713388110198	0.62735621073	0.688738521025	0.579023682939	0.654905751571
AG8	0.582890285162	0.618173030449	0.822619623006	0.603673272112	0.704204929918	0.576607056549	0.678588690188	0.5601739971	0.562107298212	0.596423392943	0.598840019333	0.656839052682	0.65055582407	0.736587723538	0.691638472692	0.597873368777	0.588690188497	0.585790236829	0.68970517158	0.521024649589	0.507974867086	0.49299178347	0.579507008217	0.533107781537	0.758337361044	0.516674722088	0.543257612373	0.496375060416	0.322377960367	0.0	0.582406959884	0.563073948768	0.577090381827	0.596423392943	0.758820686322	0.697438376027	0.594006766554	0.586756887385	0.596906718221	0.673755437409	0.626389560174	0.685838569357	0.655389076849	0.603673272112	0.62735621073	0.612856452392	0.773320444659	0.706621556307	0.760270662156	0.731754470759	0.695505074915	0.728854519091	0.654422426293	0.653939101015	0.634122764621	0.646689221846	0.657805703238	0.741420976317	0.660222329628	0.71290478492	0.612373127115	0.676655389077
AH7	0.574673755437	0.628322861286	0.954084098598	0.70372160464	0.703238279362	0.565490575157	0.709038182697	0.575157080715	0.542774287095	0.622522957951	0.522474625423	0.649105848236	0.646205896568	0.879168680522	0.69453842436	0.600289995167	0.528757854036	0.491541807637	0.885935234413	0.746737554374	0.579507008217	0.531174480425	0.507974867086	0.487191880135	0.837119381344	0.576123731271	0.4813919768	0.509908168197	0.549540840986	0.582406959884	0.0	0.350410826486	0.551474142098	0.614306428226	0.769453842436	0.718221362977	0.5601739971	0.642822619623	0.605123247946	0.679072015466	0.64813919768	0.760753987434	0.739971000483	0.651039149348	0.634122764621	0.612856452392	0.759787336878	0.724021266312	0.768970517158	0.733204446593	0.695505074915	0.72692121798	0.629772837119	0.637506041566	0.621556307395	0.630256162397	0.628806186564	0.739971000483	0.63653939101	0.703238279362	0.598356694055	0.698888351861
AH8	0.554857419043	0.573707104882	0.954084098598	0.657805703238	0.663122281295	0.506524891252	0.681005316578	0.51377477042	0.484775253746	0.574190430159	0.505074915418	0.605123247946	0.577090381827	0.869018849686	0.633639439343	0.554374093765	0.432576123731	0.392943450942	0.897535041083	0.748187530208	0.553890768487	0.467375543741	0.483325277912	0.471242145964	0.844369260512	0.562107298212	0.472692121798	0.455775737071	0.507491541808	0.563073948768	0.350410826486	0.0	0.490091831803	0.537457709038	0.735621072982	0.679555340744	0.526824552924	0.585306911551	0.550024166264	0.628806186564	0.597390043499	0.728854519091	0.683421942968	0.602706621556	0.579023682939	0.555340744321	0.709038182697	0.667955534074	0.721121314645	0.681005316578	0.637506041566	0.667955534074	0.58095698405	0.584340260996	0.570807153214	0.564040599323	0.565973900435	0.683421942968	0.576123731271	0.666505558241	0.537457709038	0.639439342678
AA5	0.587723537941	0.505074915418	0.958917351377	0.641855969067	0.617206379894	0.452875785404	0.622522957951	0.421942967617	0.397293378444	0.522474625423	0.427742870952	0.554374093765	0.529724504592	0.869985500242	0.563557274045	0.542774287095	0.420976317061	0.416143064282	0.924601256646	0.767520541324	0.566940550991	0.471242145964	0.47462542291	0.46979217013	0.898018366361	0.592073465442	0.420009666506	0.447075882069	0.516674722088	0.577090381827	0.551474142098	0.490091831803	0.0	0.346060898985	0.666988883519	0.58095698405	0.452392460126	0.464958917351	0.465442242629	0.570807153214	0.493475108748	0.647172547124	0.597873368777	0.480425326245	0.512324794587	0.466408893185	0.695505074915	0.63653939101	0.675688738521	0.653455775737	0.637506041566	0.672305461576	0.542774287095	0.567423876269	0.555824069599	0.529724504592	0.53697438376	0.67133881102	0.559207346544	0.640889318511	0.501208313195	0.61575640406
AA6	0.587240212663	0.517158047366	0.964717254712	0.656355727405	0.625906234896	0.480908651522	0.640405993233	0.438859352344	0.445142580957	0.536491058482	0.49299178347	0.568390526825	0.535041082649	0.874818753021	0.589173513775	0.556790720155	0.490091831803	0.483325277912	0.937651039149	0.774287095215	0.601739971	0.521991300145	0.536007733204	0.534557757371	0.911068148864	0.605606573224	0.482841952634	0.50700821653	0.563073948768	0.596423392943	0.614306428226	0.537457709038	0.346060898985	0.0	0.65732237796	0.569840502658	0.501691638473	0.494925084582	0.47462542291	0.587240212663	0.51619139681	0.676655389077	0.632189463509	0.518124697922	0.44224262929	0.409859835669	0.684871918801	0.62735621073	0.667955534074	0.646205896568	0.628806186564	0.660705654906	0.537457709038	0.562107298212	0.547607539874	0.525857902368	0.545674238763	0.659255679072	0.5601739971	0.632672788787	0.508458192363	0.609473175447
AB5	0.734654422426	0.653939101015	0.975350410826	0.696955050749	0.618656355727	0.639922667956	0.731754470759	0.636056065732	0.649105848236	0.677622039633	0.660222329628	0.602223296278	0.658772353794	0.897051715805	0.702754954084	0.692605123248	0.686805219913	0.684871918801	0.938134364427	0.801353310778	0.8008699855	0.732237796037	0.741420976317	0.731754470759	0.927017883035	0.743837602707	0.690188496858	0.710004833253	0.733204446593	0.758820686322	0.769453842436	0.735621072982	0.666988883519	0.65732237796	0.0	0.30787820203	0.623489608507	0.651039149348	0.611889801837	0.605606573224	0.611406476559	0.731754470759	0.709521507975	0.640889318511	0.613823102948	0.602706621556	0.61575640406	0.602223296278	0.630256162397	0.600289995167	0.620106331561	0.602706621556	0.584823586274	0.586756887385	0.609473175447	0.61575640406	0.656839052682	0.594006766554	0.644272595457	0.590140164331	0.661672305462	0.605123247946
AB6	0.686321894635	0.583856935718	0.966167230546	0.664572257129	0.577090381827	0.569840502658	0.660222329628	0.55099081682	0.566457225713	0.597390043499	0.606089898502	0.52779120348	0.60657322378	0.885935234413	0.628806186564	0.631222812953	0.637022716288	0.628322861286	0.938134364427	0.779120347994	0.743354277429	0.666505558241	0.678588690188	0.660222329628	0.916384726921	0.687288545191	0.629772837119	0.649589173514	0.67133881102	0.697438376027	0.718221362977	0.679555340744	0.58095698405	0.569840502658	0.30787820203	0.0	0.575157080715	0.564040599323	0.543257612373	0.546157564041	0.535041082649	0.666022232963	0.629772837119	0.536491058482	0.553407443209	0.537457709038	0.608506524891	0.562107298212	0.602706621556	0.576123731271	0.576123731271	0.596423392943	0.5186080232	0.544707588207	0.567423876269	0.567907201547	0.592073465442	0.584340260996	0.587723537941	0.57177380377	0.609473175447	0.551957467376
AC5	0.600289995167	0.564523924601	0.977283711938	0.656839052682	0.62493958434	0.473175447076	0.666505558241	0.480908651522	0.434992750121	0.559207346544	0.427259545674	0.565007249879	0.565007249879	0.886418559691	0.640889318511	0.587723537941	0.475108748188	0.47220879652	0.94441759304	0.779120347994	0.629289511841	0.541324311261	0.515708071532	0.495891735138	0.917834702755	0.614306428226	0.464475592073	0.500724987917	0.535524407927	0.594006766554	0.5601739971	0.526824552924	0.452392460126	0.501691638473	0.623489608507	0.575157080715	0.0	0.444659255679	0.441759304012	0.594006766554	0.534074432093	0.722571290478	0.665055582407	0.553407443209	0.48622522958	0.465442242629	0.619623006283	0.576123731271	0.634122764621	0.594490091832	0.573223779604	0.595456742388	0.517641372644	0.498308361527	0.491058482359	0.509424842919	0.574190430159	0.602223296278	0.577573707105	0.587240212663	0.512324794587	0.551957467376
AC6	0.606089898502	0.518124697922	0.957950700822	0.632189463509	0.584340260996	0.505558240696	0.528757854036	0.460125664572	0.50459159014	0.45142580957	0.542774287095	0.521991300145	0.549540840986	0.863218946351	0.550507491542	0.57177380377	0.54857419043	0.542290961817	0.916868052199	0.751087481875	0.63653939101	0.567423876269	0.596906718221	0.574673755437	0.896085065249	0.59497341711	0.532624456259	0.541807636539	0.558724021266	0.586756887385	0.642822619623	0.585306911551	0.464958917351	0.494925084582	0.651039149348	0.564040599323	0.444659255679	0.0	0.506041565974	0.514741420976	0.499275012083	0.506041565974	0.446109231513	0.410343160947	0.552440792653	0.53939101015	0.672788786854	0.626389560174	0.662155630739	0.632672788787	0.634606089899	0.655872402127	0.56935717738	0.570807153214	0.558724021266	0.565490575157	0.55099081682	0.664088931851	0.561623972934	0.623972933784	0.539874335428	0.606089898502
AD6	0.602223296278	0.540357660706	0.978250362494	0.630739487675	0.576123731271	0.4398260029	0.61333977767	0.450942484292	0.429676172064	0.521507974867	0.448042532624	0.519091348478	0.531657805703	0.884968583857	0.59497341711	0.563073948768	0.47462542291	0.475108748188	0.952634122765	0.782986950217	0.621072982117	0.55099081682	0.549057515708	0.526824552924	0.917834702755	0.612373127115	0.504108264862	0.512324794587	0.55099081682	0.596906718221	0.605123247946	0.550024166264	0.465442242629	0.47462542291	0.611889801837	0.543257612373	0.441759304012	0.506041565974	0.0	0.550024166264	0.435959400677	0.707588206863	0.656355727405	0.533107781537	0.47462542291	0.451909134848	0.60657322378	0.553407443209	0.599323344611	0.571290478492	0.55775737071	0.584823586274	0.478492025133	0.477525374577	0.466408893185	0.482841952634	0.547124214596	0.585306911551	0.551957467376	0.567907201547	0.47220879652	0.532624456259
AE5	0.644272595457	0.533107781537	0.974867085549	0.623972933784	0.538424359594	0.551957467376	0.577090381827	0.55099081682	0.601256645723	0.531174480425	0.617689705172	0.503624939584	0.567907201547	0.884968583857	0.565007249879	0.585790236829	0.607539874335	0.598840019333	0.931367810536	0.774770420493	0.73368777187	0.664088931851	0.672305461576	0.647172547124	0.885451909135	0.658772353794	0.620589656839	0.620589656839	0.650072498792	0.673755437409	0.679072015466	0.628806186564	0.570807153214	0.587240212663	0.605606573224	0.546157564041	0.594006766554	0.514741420976	0.550024166264	0.0	0.344610923151	0.60415659739	0.5601739971	0.503624939584	0.62493958434	0.615273078782	0.639439342678	0.599806669889	0.628806186564	0.601739971	0.617689705172	0.633639439343	0.550024166264	0.566940550991	0.589173513775	0.56259062349	0.560657322378	0.628322861286	0.565490575157	0.588206863219	0.575157080715	0.598356694055
AE6	0.604639922668	0.480425326245	0.974383760271	0.61333977767	0.552924117931	0.498308361527	0.558724021266	0.476558724021	0.522957950701	0.500724987917	0.543740937651	0.505558240696	0.515708071532	0.882068632189	0.553407443209	0.53939101015	0.543740937651	0.538424359594	0.934751087482	0.767037216046	0.679072015466	0.607539874335	0.617689705172	0.587723537941	0.897051715805	0.628806186564	0.554374093765	0.565490575157	0.603189946834	0.626389560174	0.64813919768	0.597390043499	0.493475108748	0.51619139681	0.611406476559	0.535041082649	0.534074432093	0.499275012083	0.435959400677	0.344610923151	0.0	0.639922667956	0.592073465442	0.478492025133	0.559207346544	0.546640889319	0.637989366844	0.584340260996	0.620106331561	0.586756887385	0.591590140164	0.623006283229	0.506524891252	0.509424842919	0.530691155147	0.502658289029	0.519574673755	0.617689705172	0.531174480425	0.576123731271	0.515708071532	0.572257129048
AF5	0.720637989367	0.643789270179	0.939584340261	0.677138714355	0.673272112131	0.69453842436	0.565973900435	0.649105848236	0.690671822136	0.59497341711	0.724987916868	0.634122764621	0.672788786854	0.849202513291	0.610439826003	0.6805219913	0.728854519091	0.724021266312	0.871435476075	0.726437892702	0.719188013533	0.684388593523	0.73610439826	0.724987916868	0.876752054132	0.686321894635	0.711938134364	0.683905268246	0.678105364911	0.685838569357	0.760753987434	0.728854519091	0.647172547124	0.676655389077	0.731754470759	0.666022232963	0.722571290478	0.506041565974	0.707588206863	0.60415659739	0.639922667956	0.0	0.301594973417	0.541807636539	0.73368777187	0.721604639923	0.764137264379	0.724021266312	0.752537457709	0.72692121798	0.747220879652	0.754470758821	0.706621556307	0.720637989367	0.735137747704	0.714838086032	0.68293861769	0.761237312711	0.688255195747	0.713388110198	0.724987916868	0.724987916868
AF6	0.687771870469	0.59255679072	0.937167713871	0.635089415176	0.632189463509	0.647655872402	0.536007733204	0.59497341711	0.641372643789	0.55099081682	0.682455292412	0.595456742388	0.626389560174	0.845819236346	0.563557274045	0.637022716288	0.681971967134	0.677138714355	0.875302078299	0.718704688255	0.699855002417	0.642822619623	0.693088448526	0.673272112131	0.873368777187	0.659255679072	0.664088931851	0.637022716288	0.632672788787	0.655389076849	0.739971000483	0.683421942968	0.597873368777	0.632189463509	0.709521507975	0.629772837119	0.665055582407	0.446109231513	0.656355727405	0.5601739971	0.592073465442	0.301594973417	0.0	0.496375060416	0.688738521025	0.674238762687	0.734171097148	0.685838569357	0.712421459642	0.685355244079	0.693571773804	0.71290478492	0.660222329628	0.672305461576	0.68293861769	0.670372160464	0.629289511841	0.716288061866	0.6389560174	0.676655389077	0.6805219913	0.678105364911
