	AA3	AA4	AB3	AB4	AC3	AC4	AD3	AD4	AE3	AE4	AF3	AF4	AG3	AG4	AH3	AH4	AA7	AA8	AB7	AB8	AC7	AC8	AD7	AD8	AE7	AE8	AF7	AF8	AG7	AG8	AH7	AH8	AA5	AA6	AB5	AB6	AC5	AC6	AD6	AE5	AE6	AF5	AF6	AG5	AH5	AH6	AA1	AA2	AB1	AB2	AC1	AC2	AD1	AD2	AE1	AE2	AF1	AF2	AG1	AG2	AH1	AH2
AA3	0.0	0.499758337361	0.944900918318	0.641855969067	0.660222329628	0.573707104882	0.678588690188	0.585790236829	0.575640405993	0.615273078782	0.609956500725	0.623489608507	0.584823586274	0.863218946351	0.634122764621	0.325761237313	0.564523924601	0.549540840986	0.87723537941	0.716771387144	0.620589656839	0.570323827936	0.581923634606	0.585306911551	0.840502658289	0.582406959884	0.559690671822	0.55099081682	0.59497341711	0.602706621556	0.590623489609	0.566940550991	0.577573707105	0.584340260996	0.746737554374	0.686805219913	0.603673272112	0.612856452392	0.595940067666	0.624456259062	0.599806669889	0.720637989367	0.676655389077	0.623489608507	0.619623006283	0.616723054616	0.687771870469	0.641372643789	0.723537941034	0.673755437409	0.644755920735	0.663122281295	0.563557274045	0.566457225713	0.563073948768	0.570323827936	0.573223779604	0.65055582407	0.579023682939	0.664572257129	0.571290478492	0.655872402127
AA4	0.499758337361	0.0	0.954084098598	0.589173513775	0.571290478492	0.498791686805	0.61575640406	0.526824552924	0.535041082649	0.554374093765	0.56259062349	0.523441275979	0.502174963751	0.867085548574	0.396326727888	0.384726921218	0.555340744321	0.557274045433	0.892218463026	0.726437892702	0.675688738521	0.599806669889	0.594490091832	0.609473175447	0.874335427743	0.621556307395	0.570807153214	0.589173513775	0.620106331561	0.629289511841	0.637022716288	0.598356694055	0.53939101015	0.540840985984	0.65973900435	0.589656839053	0.56935717738	0.521507974867	0.548090865152	0.546157564041	0.514741420976	0.639922667956	0.600289995167	0.540840985984	0.586273562107	0.591590140164	0.647172547124	0.568873852102	0.637989366844	0.605606573224	0.590623489609	0.628322861286	0.527307878202	0.514258095698	0.528274528758	0.53020782987	0.512808119865	0.613823102948	0.5186080232	0.591590140164	0.539874335428	0.585306911551
AB3	0.944900918318	0.954084098598	0.0	0.682455292412	0.922184630256	0.960850652489	0.951667472209	0.945384243596	0.93281778637	0.946350894152	0.973900434993	0.933784436926	0.96761720638	0.350410826486	0.961817303045	0.943934267762	0.971483808603	0.970517158047	0.73610439826	0.759787336878	0.889801836636	0.917351377477	0.9584340261	0.950700821653	0.849202513291	0.897051715805	0.940550990817	0.93281778637	0.857902368294	0.825036249396	0.952150797487	0.950217496375	0.960367327211	0.966167230546	0.976317061382	0.968100531658	0.975350410826	0.957467375544	0.974867085549	0.97680038666	0.975833736104	0.935717738038	0.933301111648	0.942000966651	0.975350410826	0.974383760271	0.975350410826	0.971967133881	0.972450459159	0.975350410826	0.973900434993	0.974867085549	0.975833736104	0.974867085549	0.976317061382	0.975833736104	0.973900434993	0.974383760271	0.971967133881	0.975350410826	0.974383760271	0.975350410826
AB4	0.641855969067	0.589173513775	0.682455292412	0.0	0.634122764621	0.616723054616	0.710488158531	0.623006283229	0.607056549058	0.635572740454	0.648622522958	0.602223296278	0.500724987917	0.57177380377	0.622522957951	0.585790236829	0.632672788787	0.633639439343	0.731754470759	0.567907201547	0.660705654906	0.618173030449	0.64572257129	0.647655872402	0.795070082165	0.628806186564	0.638472692122	0.625906234896	0.553890768487	0.568390526825	0.690671822136	0.655389076849	0.634606089899	0.647172547124	0.716771387144	0.660705654906	0.649105848236	0.639439342678	0.623972933784	0.634606089899	0.619623006283	0.673272112131	0.654422426293	0.624456259062	0.68293861769	0.678588690188	0.696471725471	0.649589173514	0.702271628806	0.669888835186	0.661188980184	0.680038666022	0.629772837119	0.634606089899	0.646205896568	0.626872885452	0.636056065732	0.670372160464	0.626389560174	0.649589173514	0.65055582407	0.670372160464
AC3	0.660222329628	0.571290478492	0.922184630256	0.634122764621	0.0	0.472692121798	0.651522474625	0.563557274045	0.57177380377	0.593040115998	0.612373127115	0.314644755921	0.590140164331	0.840019333011	0.613823102948	0.590140164331	0.60415659739	0.605606573224	0.874335427743	0.743837602707	0.722087965201	0.661672305462	0.702271628806	0.709521507975	0.831319478009	0.675688738521	0.639439342678	0.669888835186	0.677622039633	0.687771870469	0.699855002417	0.675205413243	0.594006766554	0.622522957951	0.619139681005	0.572740454326	0.620589656839	0.581440309328	0.568390526825	0.546640889319	0.556790720155	0.654422426293	0.643789270179	0.55775737071	0.647172547124	0.643305944901	0.598356694055	0.581440309328	0.591106814886	0.567423876269	0.602223296278	0.585306911551	0.533107781537	0.568390526825	0.575157080715	0.558724021266	0.600773320445	0.576123731271	0.595456742388	0.584340260996	0.602706621556	0.595456742388
AC4	0.573707104882	0.498791686805	0.960850652489	0.616723054616	0.472692121798	0.0	0.637506041566	0.413726437893	0.414693088449	0.541324311261	0.338811019816	0.39584340261	0.503624939584	0.877718704688	0.561623972934	0.519574673755	0.454809086515	0.441275978734	0.92363460609	0.74528757854	0.590140164331	0.526341227646	0.505074915418	0.515224746254	0.892218463026	0.585790236829	0.471242145964	0.503141614306	0.536007733204	0.574190430159	0.568390526825	0.516674722088	0.434992750121	0.467375543741	0.634606089899	0.552440792653	0.45142580957	0.506041565974	0.420492991783	0.544707588207	0.478975350411	0.682455292412	0.643305944901	0.523924601257	0.50459159014	0.485258579024	0.625422909618	0.543740937651	0.589656839053	0.57177380377	0.56259062349	0.599806669889	0.468342194297	0.487675205413	0.492508458192	0.498791686805	0.522957950701	0.579023682939	0.541807636539	0.558240695988	0.451909134848	0.553890768487
AD3	0.678588690188	0.61575640406	0.951667472209	0.710488158531	0.651522474625	0.637506041566	0.0	0.534557757371	0.64572257129	0.370710488159	0.685838569357	0.610923151281	0.650072498792	0.872885451909	0.581440309328	0.647655872402	0.693571773804	0.697921701305	0.934751087482	0.765103914935	0.725471242146	0.696955050749	0.699371677139	0.69212179797	0.91445142581	0.684871918801	0.697438376027	0.696471725471	0.698888351861	0.693571773804	0.720637989367	0.691638472692	0.640889318511	0.65732237796	0.742870952151	0.675205413243	0.681971967134	0.537941034316	0.639922667956	0.591106814886	0.587723537941	0.557274045433	0.53020782987	0.562107298212	0.706138231029	0.695988400193	0.779120347994	0.708554857419	0.762687288545	0.735137747704	0.725954567424	0.753020782987	0.675205413243	0.674722087965	0.689221846303	0.695505074915	0.656355727405	0.742387626873	0.661672305462	0.72450459159	0.697921701305	0.727404543258
AD4	0.585790236829	0.526824552924	0.945384243596	0.623006283229	0.563557274045	0.413726437893	0.534557757371	0.0	0.3194780087	0.426776220396	0.439342677622	0.506524891252	0.520057999033	0.860318994683	0.53939101015	0.534074432093	0.464475592073	0.46060898985	0.939584340261	0.761720637989	0.58337361044	0.50700821653	0.481875302078	0.507974867086	0.904784920251	0.600773320445	0.43740937651	0.467375543741	0.502658289029	0.575157080715	0.550507491542	0.498308361527	0.390526824553	0.446109231513	0.659255679072	0.578057032383	0.444175930401	0.482358627356	0.461092315128	0.561140647656	0.4813919768	0.652005799903	0.617206379894	0.501208313195	0.520541324311	0.498791686805	0.677622039633	0.605123247946	0.654905751571	0.637989366844	0.618656355727	0.662638956017	0.522957950701	0.538424359594	0.546640889319	0.555340744321	0.53697438376	0.643305944901	0.556790720155	0.61575640406	0.503141614306	0.624456259062
AE3	0.575640405993	0.535041082649	0.93281778637	0.607056549058	0.57177380377	0.414693088449	0.64572257129	0.3194780087	0.0	0.53020782987	0.412759787337	0.512808119865	0.507491541808	0.855969067182	0.556790720155	0.532624456259	0.435476075399	0.436442725955	0.928951184147	0.753504108265	0.562107298212	0.493475108748	0.459159014016	0.497825036249	0.894151764137	0.596423392943	0.432576123731	0.458675688739	0.491058482359	0.565490575157	0.537941034316	0.481875302078	0.385210246496	0.450459159014	0.679555340744	0.608506524891	0.446592556791	0.522474625423	0.470275495408	0.607539874335	0.521024649589	0.688255195747	0.656355727405	0.533591106815	0.521991300145	0.502174963751	0.67133881102	0.597873368777	0.64813919768	0.633156114065	0.609956500725	0.654905751571	0.5186080232	0.540840985984	0.549057515708	0.550507491542	0.540840985984	0.637989366844	0.561140647656	0.609473175447	0.486708554857	0.612373127115
AE4	0.615273078782	0.554374093765	0.946350894152	0.635572740454	0.593040115998	0.541324311261	0.370710488159	0.426776220396	0.53020782987	0.0	0.597390043499	0.546157564041	0.588690188497	0.859352344128	0.556307394877	0.571290478492	0.607056549058	0.605606573224	0.931851135814	0.758337361044	0.655389076849	0.600773320445	0.609473175447	0.607056549058	0.90043499275	0.611889801837	0.602223296278	0.596423392943	0.591106814886	0.599806669889	0.639439342678	0.605606573224	0.550507491542	0.563557274045	0.705654905752	0.630256162397	0.587240212663	0.47220879652	0.563073948768	0.544707588207	0.531174480425	0.588206863219	0.556307394877	0.520541324311	0.623489608507	0.616239729338	0.727404543258	0.658772353794	0.71290478492	0.69453842436	0.683421942968	0.704688255196	0.616723054616	0.617206379894	0.631706138231	0.632189463509	0.59255679072	0.692605123248	0.610923151281	0.676172063799	0.614306428226	0.682455292412
AF3	0.609956500725	0.56259062349	0.973900434993	0.648622522958	0.612373127115	0.338811019816	0.685838569357	0.439342677622	0.412759787337	0.597390043499	0.0	0.535524407927	0.544224262929	0.89125181247	0.603673272112	0.577090381827	0.45142580957	0.450459159014	0.955534074432	0.784920251329	0.598840019333	0.55099081682	0.426292895118	0.449492508458	0.919768003867	0.621072982117	0.445142580957	0.51619139681	0.537457709038	0.601256645723	0.537457709038	0.516674722088	0.427742870952	0.496375060416	0.669888835186	0.614306428226	0.417593040116	0.545674238763	0.463992266796	0.623972933784	0.538907684872	0.72450459159	0.684871918801	0.566457225713	0.511358144031	0.495891735138	0.665055582407	0.593523441276	0.65973900435	0.619139681005	0.608023199613	0.642822619623	0.524891251812	0.535524407927	0.536491058482	0.543740937651	0.575157080715	0.629772837119	0.589173513775	0.588690188497	0.49299178347	0.601256645723
AF4	0.623489608507	0.523441275979	0.933784436926	0.602223296278	0.314644755921	0.39584340261	0.610923151281	0.506524891252	0.512808119865	0.546157564041	0.535524407927	0.0	0.534074432093	0.853552440793	0.563073948768	0.546157564041	0.558724021266	0.559690671822	0.890768487192	0.725471242146	0.691155147414	0.622522957951	0.652489125181	0.659255679072	0.851135814403	0.626872885452	0.589173513775	0.623006283229	0.637022716288	0.652489125181	0.664572257129	0.630256162397	0.539874335428	0.57177380377	0.604639922668	0.519574673755	0.554857419043	0.534074432093	0.498791686805	0.49540840986	0.509424842919	0.618656355727	0.607056549058	0.520057999033	0.567907201547	0.563557274045	0.58337361044	0.508941517641	0.565973900435	0.529241179314	0.533107781537	0.559207346544	0.47462542291	0.505074915418	0.508941517641	0.495891735138	0.551957467376	0.542774287095	0.55775737071	0.521507974867	0.542290961817	0.520057999033
AG3	0.584823586274	0.502174963751	0.96761720638	0.500724987917	0.590140164331	0.503624939584	0.650072498792	0.520057999033	0.507491541808	0.588690188497	0.544224262929	0.534074432093	0.0	0.85645239246	0.510874818753	0.521024649589	0.508458192363	0.50700821653	0.934267762204	0.755920734654	0.674238762687	0.586273562107	0.575640405993	0.61333977767	0.888351860802	0.641372643789	0.542290961817	0.577090381827	0.621556307395	0.63653939101	0.641855969067	0.58095698405	0.517158047366	0.517641372644	0.652972450459	0.597873368777	0.538424359594	0.556307394877	0.51619139681	0.585306911551	0.516674722088	0.670372160464	0.636056065732	0.552924117931	0.573223779604	0.563073948768	0.612856452392	0.555340744321	0.616239729338	0.596906718221	0.572740454326	0.594006766554	0.50459159014	0.51377477042	0.527307878202	0.535524407927	0.533107781537	0.599806669889	0.552924117931	0.581440309328	0.508458192363	0.576123731271
AG4	0.863218946351	0.867085548574	0.350410826486	0.57177380377	0.840019333011	0.877718704688	0.872885451909	0.860318994683	0.855969067182	0.859352344128	0.89125181247	0.853552440793	0.85645239246	0.0	0.875785403577	0.856935717738	0.893668438859	0.892218463026	0.706621556307	0.689221846303	0.814403093282	0.837119381344	0.882068632189	0.873852102465	0.82648622523	0.822136297728	0.859835669406	0.855485741904	0.780570323828	0.73852102465	0.883518608023	0.873368777187	0.878685355244	0.884001933301	0.905268245529	0.89125181247	0.893185113581	0.870952150797	0.890285161914	0.888351860802	0.884968583857	0.856935717738	0.852585790237	0.861768970517	0.90043499275	0.895601739971	0.893185113581	0.88883518608	0.89125181247	0.888351860802	0.895601739971	0.891735137748	0.894151764137	0.889801836636	0.895118414693	0.894151764137	0.895118414693	0.892701788304	0.890285161914	0.889801836636	0.893668438859	0.897535041083
AH3	0.634122764621	0.396326727888	0.961817303045	0.622522957951	0.613823102948	0.561623972934	0.581440309328	0.53939101015	0.556790720155	0.556307394877	0.603673272112	0.563073948768	0.510874818753	0.875785403577	0.0	0.514258095698	0.581923634606	0.585306911551	0.925567907202	0.766553890768	0.697921701305	0.61575640406	0.608989850169	0.640889318511	0.899951667472	0.66892218463	0.619139681005	0.617689705172	0.651522474625	0.66892218463	0.678105364911	0.623972933784	0.539874335428	0.561140647656	0.71290478492	0.639439342678	0.616239729338	0.533107781537	0.589173513775	0.572740454326	0.552440792653	0.608023199613	0.566940550991	0.558240695988	0.6389560174	0.629772837119	0.702271628806	0.619139681005	0.662638956017	0.649105848236	0.635089415176	0.667955534074	0.588690188497	0.575157080715	0.583856935718	0.599806669889	0.56259062349	0.667472208797	0.558724021266	0.622522957951	0.587240212663	0.624456259062
AH4	0.325761237313	0.384726921218	0.943934267762	0.585790236829	0.590140164331	0.519574673755	0.647655872402	0.534074432093	0.532624456259	0.571290478492	0.577090381827	0.546157564041	0.521024649589	0.856935717738	0.514258095698	0.0	0.541807636539	0.543740937651	0.87723537941	0.713871435476	0.637989366844	0.560657322378	0.575157080715	0.579507008217	0.840985983567	0.58095698405	0.551474142098	0.542774287095	0.577090381827	0.600289995167	0.591590140164	0.556790720155	0.536491058482	0.542290961817	0.69453842436	0.621556307395	0.57177380377	0.553407443209	0.549540840986	0.54857419043	0.535524407927	0.666988883519	0.626389560174	0.563557274045	0.593523441276	0.593523441276	0.655389076849	0.587723537941	0.655389076849	0.617206379894	0.597390043499	0.628806186564	0.528757854036	0.520541324311	0.524407926535	0.525857902368	0.511358144031	0.612373127115	0.518124697922	0.603189946834	0.540357660706	0.605606573224
AA7	0.564523924601	0.555340744321	0.971483808603	0.632672788787	0.60415659739	0.454809086515	0.693571773804	0.464475592073	0.435476075399	0.607056549058	0.45142580957	0.558724021266	0.508458192363	0.893668438859	0.581923634606	0.541807636539	0.0	0.295795070082	0.919284678589	0.759787336878	0.59497341711	0.522474625423	0.46979217013	0.506524891252	0.875302078299	0.601256645723	0.43740937651	0.491058482359	0.533107781537	0.601256645723	0.525857902368	0.429676172064	0.424359594007	0.474142097632	0.691638472692	0.637506041566	0.466892218463	0.555824069599	0.493475108748	0.612856452392	0.542290961817	0.721604639923	0.6805219913	0.570807153214	0.546640889319	0.51377477042	0.646689221846	0.587723537941	0.655872402127	0.62735621073	0.579023682939	0.611889801837	0.505074915418	0.51377477042	0.523924601257	0.529241179314	0.537457709038	0.600773320445	0.552924117931	0.609473175447	0.478008699855	0.595456742388
AA8	0.549540840986	0.557274045433	0.970517158047	0.633639439343	0.605606573224	0.441275978734	0.697921701305	0.46060898985	0.436442725955	0.605606573224	0.450459159014	0.559690671822	0.50700821653	0.892218463026	0.585306911551	0.543740937651	0.295795070082	0.0	0.916868052199	0.753504108265	0.573707104882	0.498308361527	0.463992266796	0.498791686805	0.861768970517	0.578057032383	0.438859352344	0.473658772354	0.517158047366	0.590623489609	0.495891735138	0.388593523441	0.424359594007	0.471242145964	0.698888351861	0.642339294345	0.477525374577	0.554857419043	0.489125181247	0.609473175447	0.545190913485	0.723054615756	0.682455292412	0.573223779604	0.53939101015	0.511358144031	0.643305944901	0.582406959884	0.662155630739	0.623006283229	0.582406959884	0.613823102948	0.492025132914	0.512808119865	0.515708071532	0.526824552924	0.534074432093	0.596906718221	0.547124214596	0.609956500725	0.467858869019	0.594490091832
AB7	0.87723537941	0.892218463026	0.73610439826	0.731754470759	0.874335427743	0.92363460609	0.934751087482	0.939584340261	0.928951184147	0.931851135814	0.955534074432	0.890768487192	0.934267762204	0.706621556307	0.925567907202	0.87723537941	0.919284678589	0.916868052199	0.0	0.409376510391	0.816336394393	0.846302561624	0.929917834703	0.918318028033	0.740454325761	0.820202996617	0.896085065249	0.874818753021	0.739004349928	0.696471725471	0.884485258579	0.896085065249	0.923151280812	0.939584340261	0.943934267762	0.933784436926	0.952150797487	0.922667955534	0.952634122765	0.92363460609	0.947800869986	0.876268728855	0.86563557274	0.905268245529	0.956984050266	0.955534074432	0.93281778637	0.927017883035	0.935717738038	0.928951184147	0.929434509425	0.924117931368	0.919768003867	0.919284678589	0.920734654422	0.918318028033	0.924117931368	0.918318028033	0.915418076365	0.939101014983	0.945384243596	0.93281778637
AB8	0.716771387144	0.726437892702	0.759787336878	0.567907201547	0.743837602707	0.74528757854	0.765103914935	0.761720637989	0.753504108265	0.758337361044	0.784920251329	0.725471242146	0.755920734654	0.689221846303	0.766553890768	0.713871435476	0.759787336878	0.753504108265	0.409376510391	0.0	0.657805703238	0.67133881102	0.74528757854	0.73368777187	0.734171097148	0.650072498792	0.713871435476	0.69212179797	0.527307878202	0.520541324311	0.734171097148	0.728371193813	0.755437409377	0.765587240213	0.807153214113	0.763170613823	0.776220396327	0.74770420493	0.771870468826	0.752054132431	0.76848719188	0.725471242146	0.702271628806	0.728371193813	0.787820202997	0.78250362494	0.814403093282	0.757370710488	0.800386660222	0.765103914935	0.769937167714	0.778153697438	0.752537457709	0.754954084099	0.761720637989	0.754470758821	0.754470758821	0.77090381827	0.749637506042	0.763653939101	0.768970517158	0.757370710488
AC7	0.620589656839	0.675688738521	0.889801836636	0.660705654906	0.722087965201	0.590140164331	0.725471242146	0.58337361044	0.562107298212	0.655389076849	0.598840019333	0.691155147414	0.674238762687	0.814403093282	0.697921701305	0.637989366844	0.59497341711	0.573707104882	0.816336394393	0.657805703238	0.0	0.368777187047	0.561140647656	0.567423876269	0.819719671339	0.588690188497	0.53939101015	0.505074915418	0.473658772354	0.500241662639	0.56259062349	0.544224262929	0.564523924601	0.598356694055	0.810536491058	0.74528757854	0.619623006283	0.637506041566	0.630739487675	0.71532141131	0.676655389077	0.720637989367	0.675205413243	0.644272595457	0.642822619623	0.621072982117	0.817786370227	0.751570807153	0.806669888835	0.786370227163	0.745770903818	0.788786853552	0.675688738521	0.681005316578	0.689221846303	0.695988400193	0.671822136298	0.779603673272	0.683905268246	0.759787336878	0.61333977767	0.75688738521
AC8	0.570323827936	0.599806669889	0.917351377477	0.618173030449	0.661672305462	0.526341227646	0.696955050749	0.50700821653	0.493475108748	0.600773320445	0.55099081682	0.622522957951	0.586273562107	0.837119381344	0.61575640406	0.560657322378	0.522474625423	0.498308361527	0.846302561624	0.67133881102	0.368777187047	0.0	0.479942000967	0.50459159014	0.837602706622	0.548090865152	0.402609956501	0.373610439826	0.45142580957	0.488158530691	0.530691155147	0.476075398743	0.482841952634	0.504108264862	0.727887868536	0.662155630739	0.550024166264	0.563073948768	0.552440792653	0.633156114065	0.589173513775	0.677622039633	0.631222812953	0.582890285162	0.58095698405	0.552924117931	0.730304494925	0.660222329628	0.732237796037	0.706621556307	0.663605606573	0.699371677139	0.588690188497	0.591590140164	0.608023199613	0.607539874335	0.576123731271	0.695021749638	0.594490091832	0.683421942968	0.53020782987	0.673755437409
AD7	0.581923634606	0.594490091832	0.9584340261	0.64572257129	0.702271628806	0.505074915418	0.699371677139	0.481875302078	0.459159014016	0.609473175447	0.426292895118	0.652489125181	0.575640405993	0.882068632189	0.608989850169	0.575157080715	0.46979217013	0.463992266796	0.929917834703	0.74528757854	0.561140647656	0.479942000967	0.0	0.309328177864	0.892218463026	0.524891251812	0.406476558724	0.446592556791	0.492025132914	0.555824069599	0.502658289029	0.456259062349	0.455775737071	0.509424842919	0.739004349928	0.673755437409	0.497825036249	0.568873852102	0.54857419043	0.641372643789	0.596906718221	0.718704688255	0.675688738521	0.595940067666	0.567907201547	0.548090865152	0.738037699372	0.660705654906	0.73610439826	0.707104881585	0.662155630739	0.700821652972	0.596423392943	0.595940067666	0.607056549058	0.622522957951	0.574673755437	0.698405026583	0.594006766554	0.684871918801	0.541324311261	0.674238762687
AD8	0.585306911551	0.609473175447	0.950700821653	0.647655872402	0.709521507975	0.515224746254	0.69212179797	0.507974867086	0.497825036249	0.607056549058	0.449492508458	0.659255679072	0.61333977767	0.873852102465	0.640889318511	0.579507008217	0.506524891252	0.498791686805	0.918318028033	0.73368777187	0.567423876269	0.50459159014	0.309328177864	0.0	0.848235862736	0.477042049299	0.429192846786	0.477525374577	0.480425326245	0.546157564041	0.493958434026	0.466408893185	0.492508458192	0.541324311261	0.746737554374	0.681488641856	0.501208313195	0.574673755437	0.5601739971	0.642822619623	0.602223296278	0.717738037699	0.677622039633	0.601739971	0.587240212663	0.570807153214	0.752537457709	0.673272112131	0.748187530208	0.717738037699	0.676172063799	0.708554857419	0.611406476559	0.612856452392	0.621072982117	0.634122764621	0.615273078782	0.714354760754	0.623972933784	0.691155147414	0.57177380377	0.688738521025
AE7	0.840502658289	0.874335427743	0.849202513291	0.795070082165	0.831319478009	0.892218463026	0.91445142581	0.904784920251	0.894151764137	0.90043499275	0.919768003867	0.851135814403	0.888351860802	0.82648622523	0.899951667472	0.840985983567	0.875302078299	0.861768970517	0.740454325761	0.734171097148	0.819719671339	0.837602706622	0.892218463026	0.848235862736	0.0	0.531657805703	0.871435476075	0.851135814403	0.773803769937	0.756404059932	0.837119381344	0.840985983567	0.898985016916	0.913001449976	0.929434509425	0.911551474142	0.918318028033	0.901884968584	0.916384726921	0.879168680522	0.90285161914	0.87723537941	0.872885451909	0.871435476075	0.938134364427	0.924117931368	0.887868535524	0.902368293862	0.913968100532	0.894635089415	0.903818269696	0.896568390527	0.887868535524	0.898501691638	0.898985016916	0.885935234413	0.901401643306	0.890285161914	0.895118414693	0.911068148864	0.911068148864	0.911068148864
AE8	0.582406959884	0.621556307395	0.897051715805	0.628806186564	0.675688738521	0.585790236829	0.684871918801	0.600773320445	0.596423392943	0.611889801837	0.621072982117	0.626872885452	0.641372643789	0.822136297728	0.66892218463	0.58095698405	0.601256645723	0.578057032383	0.820202996617	0.650072498792	0.588690188497	0.548090865152	0.524891251812	0.477042049299	0.531657805703	0.0	0.5601739971	0.54857419043	0.523924601257	0.521991300145	0.566457225713	0.544224262929	0.597390043499	0.611406476559	0.756404059932	0.693088448526	0.619139681005	0.60415659739	0.612856452392	0.634122764621	0.626872885452	0.694055099082	0.657805703238	0.593523441276	0.636056065732	0.633156114065	0.743837602707	0.676655389077	0.762687288545	0.708071532141	0.688255195747	0.717738037699	0.632189463509	0.630256162397	0.641372643789	0.6389560174	0.630739487675	0.708071532141	0.64572257129	0.707104881585	0.60415659739	0.693088448526
AF7	0.559690671822	0.570807153214	0.940550990817	0.638472692122	0.639439342678	0.471242145964	0.697438376027	0.43740937651	0.432576123731	0.602223296278	0.445142580957	0.589173513775	0.542290961817	0.859835669406	0.619139681005	0.551474142098	0.43740937651	0.438859352344	0.896085065249	0.713871435476	0.53939101015	0.402609956501	0.406476558724	0.429192846786	0.871435476075	0.5601739971	0.0	0.324311261479	0.471242145964	0.536007733204	0.483325277912	0.459642339294	0.414209763171	0.472692121798	0.690188496858	0.622522957951	0.45142580957	0.536491058482	0.50700821653	0.61575640406	0.545674238763	0.702271628806	0.663605606573	0.553407443209	0.542290961817	0.514741420976	0.669888835186	0.601256645723	0.681488641856	0.655872402127	0.605123247946	0.63653939101	0.540357660706	0.537941034316	0.553407443209	0.552924117931	0.540357660706	0.630739487675	0.563557274045	0.637989366844	0.475108748188	0.611406476559
AF8	0.55099081682	0.589173513775	0.93281778637	0.625906234896	0.669888835186	0.503141614306	0.696471725471	0.467375543741	0.458675688739	0.596423392943	0.51619139681	0.623006283229	0.577090381827	0.855485741904	0.617689705172	0.542774287095	0.491058482359	0.473658772354	0.874818753021	0.69212179797	0.505074915418	0.373610439826	0.446592556791	0.477525374577	0.851135814403	0.54857419043	0.324311261479	0.0	0.441275978734	0.50459159014	0.513291445143	0.461092315128	0.452875785404	0.508458192363	0.727404543258	0.663122281295	0.509424842919	0.553407443209	0.538424359594	0.613823102948	0.577090381827	0.681488641856	0.643305944901	0.561140647656	0.570807153214	0.54857419043	0.700821652972	0.636056065732	0.710004833253	0.688738521025	0.642339294345	0.671822136298	0.57177380377	0.573223779604	0.589656839053	0.586756887385	0.550024166264	0.65732237796	0.568390526825	0.66892218463	0.508458192363	0.647655872402
AG7	0.59497341711	0.620106331561	0.857902368294	0.553890768487	0.677622039633	0.536007733204	0.698888351861	0.502658289029	0.491058482359	0.591106814886	0.537457709038	0.637022716288	0.621556307395	0.780570323828	0.651522474625	0.577090381827	0.533107781537	0.517158047366	0.739004349928	0.527307878202	0.473658772354	0.45142580957	0.492025132914	0.480425326245	0.773803769937	0.523924601257	0.471242145964	0.441275978734	0.0	0.329627839536	0.536007733204	0.50459159014	0.499275012083	0.551957467376	0.749154180764	0.679555340744	0.526824552924	0.564040599323	0.566940550991	0.633639439343	0.596906718221	0.667955534074	0.620106331561	0.568873852102	0.599323344611	0.586756887385	0.753504108265	0.675688738521	0.744320927985	0.713388110198	0.674722087965	0.716771387144	0.619623006283	0.626389560174	0.632189463509	0.637506041566	0.619139681005	0.710004833253	0.637022716288	0.688738521025	0.579023682939	0.679555340744
AG8	0.602706621556	0.629289511841	0.825036249396	0.568390526825	0.687771870469	0.574190430159	0.693571773804	0.575157080715	0.565490575157	0.599806669889	0.601256645723	0.652489125181	0.63653939101	0.73852102465	0.66892218463	0.600289995167	0.601256645723	0.590623489609	0.696471725471	0.520541324311	0.500241662639	0.488158530691	0.555824069599	0.546157564041	0.756404059932	0.521991300145	0.536007733204	0.50459159014	0.329627839536	0.0	0.570323827936	0.554374093765	0.578540357661	0.59255679072	0.761720637989	0.693571773804	0.59497341711	0.575157080715	0.59255679072	0.666022232963	0.621072982117	0.681005316578	0.629289511841	0.590140164331	0.631222812953	0.614789753504	0.767520541324	0.691155147414	0.754954084099	0.728854519091	0.696955050749	0.72692121798	0.653455775737	0.643789270179	0.655389076849	0.663605606573	0.642339294345	0.721604639923	0.661188980184	0.70372160464	0.602706621556	0.695505074915
AH7	0.590623489609	0.637022716288	0.952150797487	0.690671822136	0.699855002417	0.568390526825	0.720637989367	0.550507491542	0.537941034316	0.639439342678	0.537457709038	0.664572257129	0.641855969067	0.883518608023	0.678105364911	0.591590140164	0.525857902368	0.495891735138	0.884485258579	0.734171097148	0.56259062349	0.530691155147	0.502658289029	0.493958434026	0.837119381344	0.566457225713	0.483325277912	0.513291445143	0.536007733204	0.570323827936	0.0	0.327211213146	0.560657322378	0.602706621556	0.781053649106	0.725954567424	0.553407443209	0.634606089899	0.616239729338	0.666988883519	0.647172547124	0.764137264379	0.728854519091	0.659255679072	0.643305944901	0.626389560174	0.763170613823	0.710971483809	0.769453842436	0.73368777187	0.704688255196	0.734654422426	0.631706138231	0.635089415176	0.6389560174	0.650072498792	0.625906234896	0.727887868536	0.63653939101	0.714354760754	0.595456742388	0.720637989367
AH8	0.566940550991	0.598356694055	0.950217496375	0.655389076849	0.675205413243	0.516674722088	0.691638472692	0.498308361527	0.481875302078	0.605606573224	0.516674722088	0.630256162397	0.58095698405	0.873368777187	0.623972933784	0.556790720155	0.429676172064	0.388593523441	0.896085065249	0.728371193813	0.544224262929	0.476075398743	0.456259062349	0.466408893185	0.840985983567	0.544224262929	0.459642339294	0.461092315128	0.50459159014	0.554374093765	0.327211213146	0.0	0.487675205413	0.53697438376	0.751570807153	0.691155147414	0.524891251812	0.589656839053	0.565490575157	0.630739487675	0.610439826003	0.721121314645	0.684871918801	0.617689705172	0.597873368777	0.573223779604	0.728854519091	0.664088931851	0.73610439826	0.692605123248	0.660222329628	0.69453842436	0.589656839053	0.585306911551	0.596423392943	0.608023199613	0.581923634606	0.68970517158	0.591106814886	0.679555340744	0.547124214596	0.671822136298
AA5	0.577573707105	0.53939101015	0.960367327211	0.634606089899	0.594006766554	0.434992750121	0.640889318511	0.390526824553	0.385210246496	0.550507491542	0.427742870952	0.539874335428	0.517158047366	0.878685355244	0.539874335428	0.536491058482	0.424359594007	0.424359594007	0.923151280812	0.755437409377	0.564523924601	0.482841952634	0.455775737071	0.492508458192	0.898985016916	0.597390043499	0.414209763171	0.452875785404	0.499275012083	0.578540357661	0.560657322378	0.487675205413	0.0	0.344127597873	0.675205413243	0.582406959884	0.453359110681	0.463508941518	0.479458675689	0.563073948768	0.479942000967	0.633639439343	0.590140164331	0.479458675689	0.524407926535	0.485258579024	0.692605123248	0.620106331561	0.667955534074	0.647655872402	0.635089415176	0.673272112131	0.521024649589	0.55099081682	0.565973900435	0.560657322378	0.528757854036	0.654422426293	0.553890768487	0.62493958434	0.496375060416	0.629289511841
AA6	0.584340260996	0.540840985984	0.966167230546	0.647172547124	0.622522957951	0.467375543741	0.65732237796	0.446109231513	0.450459159014	0.563557274045	0.496375060416	0.57177380377	0.517641372644	0.884001933301	0.561140647656	0.542290961817	0.474142097632	0.471242145964	0.939584340261	0.765587240213	0.598356694055	0.504108264862	0.509424842919	0.541324311261	0.913001449976	0.611406476559	0.472692121798	0.508458192363	0.551957467376	0.59255679072	0.602706621556	0.53697438376	0.344127597873	0.0	0.677622039633	0.585790236829	0.506041565974	0.49540840986	0.479942000967	0.581440309328	0.501208313195	0.662155630739	0.625906234896	0.519574673755	0.46302561624	0.429676172064	0.688255195747	0.626872885452	0.677138714355	0.655389076849	0.635089415176	0.669405509908	0.533591106815	0.55099081682	0.56935717738	0.562107298212	0.535041082649	0.655872402127	0.56259062349	0.628322861286	0.504108264862	0.63653939101
AB5	0.746737554374	0.65973900435	0.976317061382	0.716771387144	0.619139681005	0.634606089899	0.742870952151	0.659255679072	0.679555340744	0.705654905752	0.669888835186	0.604639922668	0.652972450459	0.905268245529	0.71290478492	0.69453842436	0.691638472692	0.698888351861	0.943934267762	0.807153214113	0.810536491058	0.727887868536	0.739004349928	0.746737554374	0.929434509425	0.756404059932	0.690188496858	0.727404543258	0.749154180764	0.761720637989	0.781053649106	0.751570807153	0.675205413243	0.677622039633	0.0	0.336394393427	0.612373127115	0.66892218463	0.596906718221	0.632189463509	0.608506524891	0.741904301595	0.726437892702	0.658289028516	0.635089415176	0.621072982117	0.62493958434	0.609956500725	0.637022716288	0.609956500725	0.627839536008	0.622522957951	0.59497341711	0.604639922668	0.621072982117	0.596423392943	0.663122281295	0.599323344611	0.654905751571	0.60415659739	0.661188980184	0.620106331561
AB6	0.686805219913	0.589656839053	0.968100531658	0.660705654906	0.572740454326	0.552440792653	0.675205413243	0.578057032383	0.608506524891	0.630256162397	0.614306428226	0.519574673755	0.597873368777	0.89125181247	0.639439342678	0.621556307395	0.637506041566	0.642339294345	0.933784436926	0.763170613823	0.74528757854	0.662155630739	0.673755437409	0.681488641856	0.911551474142	0.693088448526	0.622522957951	0.663122281295	0.679555340744	0.693571773804	0.725954567424	0.691155147414	0.582406959884	0.585790236829	0.336394393427	0.0	0.572257129048	0.587240212663	0.537457709038	0.57177380377	0.538907684872	0.662155630739	0.641372643789	0.549540840986	0.572740454326	0.553407443209	0.605606573224	0.546157564041	0.595940067666	0.565490575157	0.564040599323	0.587723537941	0.529241179314	0.560657322378	0.566940550991	0.547607539874	0.590623489609	0.559690671822	0.588206863219	0.550507491542	0.610439826003	0.556790720155
AC5	0.603673272112	0.56935717738	0.975350410826	0.649105848236	0.620589656839	0.45142580957	0.681971967134	0.444175930401	0.446592556791	0.587240212663	0.417593040116	0.554857419043	0.538424359594	0.893185113581	0.616239729338	0.57177380377	0.466892218463	0.477525374577	0.952150797487	0.776220396327	0.619623006283	0.550024166264	0.497825036249	0.501208313195	0.918318028033	0.619139681005	0.45142580957	0.509424842919	0.526824552924	0.59497341711	0.553407443209	0.524891251812	0.453359110681	0.506041565974	0.612373127115	0.572257129048	0.0	0.43740937651	0.44900918318	0.599806669889	0.520541324311	0.707104881585	0.662638956017	0.54857419043	0.485741904302	0.46979217013	0.612373127115	0.560657322378	0.623489608507	0.582890285162	0.563557274045	0.592073465442	0.498791686805	0.489608506525	0.505558240696	0.504108264862	0.5601739971	0.579990333494	0.580473658772	0.5601739971	0.499758337361	0.564523924601
AC6	0.612856452392	0.521507974867	0.957467375544	0.639439342678	0.581440309328	0.506041565974	0.537941034316	0.482358627356	0.522474625423	0.47220879652	0.545674238763	0.534074432093	0.556307394877	0.870952150797	0.533107781537	0.553407443209	0.555824069599	0.554857419043	0.922667955534	0.74770420493	0.637506041566	0.563073948768	0.568873852102	0.574673755437	0.901884968584	0.60415659739	0.536491058482	0.553407443209	0.564040599323	0.575157080715	0.634606089899	0.589656839053	0.463508941518	0.49540840986	0.66892218463	0.587240212663	0.43740937651	0.0	0.514741420976	0.515708071532	0.494925084582	0.48380860319	0.4398260029	0.428709521508	0.572740454326	0.549057515708	0.68970517158	0.62493958434	0.67133881102	0.64813919768	0.640889318511	0.670855485742	0.581923634606	0.579023682939	0.59255679072	0.595456742388	0.552924117931	0.654905751571	0.572257129048	0.624456259062	0.546157564041	0.634122764621
AD6	0.595940067666	0.548090865152	0.974867085549	0.623972933784	0.568390526825	0.420492991783	0.639922667956	0.461092315128	0.470275495408	0.563073948768	0.463992266796	0.498791686805	0.51619139681	0.890285161914	0.589173513775	0.549540840986	0.493475108748	0.489125181247	0.952634122765	0.771870468826	0.630739487675	0.552440792653	0.54857419043	0.5601739971	0.916384726921	0.612856452392	0.50700821653	0.538424359594	0.566940550991	0.59255679072	0.616239729338	0.565490575157	0.479458675689	0.479942000967	0.596906718221	0.537457709038	0.44900918318	0.514741420976	0.0	0.536491058482	0.410343160947	0.695021749638	0.653455775737	0.539874335428	0.478008699855	0.461575640406	0.594006766554	0.524891251812	0.575157080715	0.543740937651	0.536491058482	0.574190430159	0.459642339294	0.470758820686	0.47462542291	0.479458675689	0.547124214596	0.556307394877	0.54857419043	0.521024649589	0.467858869019	0.533591106815
AE5	0.624456259062	0.546157564041	0.97680038666	0.634606089899	0.546640889319	0.544707588207	0.591106814886	0.561140647656	0.607539874335	0.544707588207	0.623972933784	0.49540840986	0.585306911551	0.888351860802	0.572740454326	0.54857419043	0.612856452392	0.609473175447	0.92363460609	0.752054132431	0.71532141131	0.633156114065	0.641372643789	0.642822619623	0.879168680522	0.634122764621	0.61575640406	0.613823102948	0.633639439343	0.666022232963	0.666988883519	0.630739487675	0.563073948768	0.581440309328	0.632189463509	0.57177380377	0.599806669889	0.515708071532	0.536491058482	0.0	0.366843885935	0.602223296278	0.575157080715	0.517641372644	0.634606089899	0.628806186564	0.652489125181	0.605606573224	0.650072498792	0.621072982117	0.622039632673	0.649105848236	0.544707588207	0.567423876269	0.587723537941	0.559690671822	0.554857419043	0.626389560174	0.553407443209	0.612373127115	0.579990333494	0.613823102948
AE6	0.599806669889	0.514741420976	0.975833736104	0.619623006283	0.556790720155	0.478975350411	0.587723537941	0.4813919768	0.521024649589	0.531174480425	0.538907684872	0.509424842919	0.516674722088	0.884968583857	0.552440792653	0.535524407927	0.542290961817	0.545190913485	0.947800869986	0.76848719188	0.676655389077	0.589173513775	0.596906718221	0.602223296278	0.90285161914	0.626872885452	0.545674238763	0.577090381827	0.596906718221	0.621072982117	0.647172547124	0.610439826003	0.479942000967	0.501208313195	0.608506524891	0.538907684872	0.520541324311	0.494925084582	0.410343160947	0.366843885935	0.0	0.6389560174	0.597390043499	0.484291928468	0.556307394877	0.544707588207	0.639439342678	0.582890285162	0.623006283229	0.595940067666	0.587723537941	0.624456259062	0.493958434026	0.515224746254	0.535041082649	0.529724504592	0.521507974867	0.601739971	0.537457709038	0.576123731271	0.519091348478	0.589656839053
AF5	0.720637989367	0.639922667956	0.935717738038	0.673272112131	0.654422426293	0.682455292412	0.557274045433	0.652005799903	0.688255195747	0.588206863219	0.72450459159	0.618656355727	0.670372160464	0.856935717738	0.608023199613	0.666988883519	0.721604639923	0.723054615756	0.876268728855	0.725471242146	0.720637989367	0.677622039633	0.718704688255	0.717738037699	0.87723537941	0.694055099082	0.702271628806	0.681488641856	0.667955534074	0.681005316578	0.764137264379	0.721121314645	0.633639439343	0.662155630739	0.741904301595	0.662155630739	0.707104881585	0.48380860319	0.695021749638	0.602223296278	0.6389560174	0.0	0.274528757854	0.543257612373	0.73610439826	0.722571290478	0.766553890768	0.716771387144	0.757370710488	0.72692121798	0.735137747704	0.760753987434	0.696471725471	0.722571290478	0.73368777187	0.714838086032	0.678105364911	0.73852102465	0.679555340744	0.71290478492	0.720637989367	0.729337844369
AF6	0.676655389077	0.600289995167	0.933301111648	0.654422426293	0.643789270179	0.643305944901	0.53020782987	0.617206379894	0.656355727405	0.556307394877	0.684871918801	0.607056549058	0.636056065732	0.852585790237	0.566940550991	0.626389560174	0.6805219913	0.682455292412	0.86563557274	0.702271628806	0.675205413243	0.631222812953	0.675688738521	0.677622039633	0.872885451909	0.657805703238	0.663605606573	0.643305944901	0.620106331561	0.629289511841	0.728854519091	0.684871918801	0.590140164331	0.625906234896	0.726437892702	0.641372643789	0.662638956017	0.4398260029	0.653455775737	0.575157080715	0.597390043499	0.274528757854	0.0	0.50459159014	0.689221846303	0.679555340744	0.751570807153	0.684871918801	0.73610439826	0.705171580474	0.699855002417	0.737071048816	0.655389076849	0.675688738521	0.684388593523	0.67133881102	0.631706138231	0.716288061866	0.632189463509	0.687771870469	0.677138714355	0.696955050749
