	AA3	AA4	AB3	AB4	AC3	AC4	AD3	AD4	AE3	AE4	AF3	AF4	AG3	AG4	AH3	AH4	AA7	AA8	AB7	AB8	AC7	AC8	AD7	AD8	AE7	AE8	AF7	AF8	AG7	AG8	AH7	AH8	AA5	AA6	AB5	AB6	AC5	AC6	AD6	AE5	AE6	AF5	AF6	AG5	AH5	AH6	AA1	AA2	AB1	AB2	AC1	AC2	AD1	AD2	AE1	AE2	AF1	AF2	AG1	AG2	AH1	AH2
AA3	0.0	0.483325277912	0.946350894152	0.630739487675	0.658772353794	0.576123731271	0.662155630739	0.573707104882	0.571290478492	0.614789753504	0.604639922668	0.603673272112	0.586273562107	0.855485741904	0.63653939101	0.33107781537	0.570323827936	0.562107298212	0.875785403577	0.722087965201	0.608989850169	0.592073465442	0.588206863219	0.594006766554	0.829386176897	0.591590140164	0.568873852102	0.559690671822	0.589656839053	0.599323344611	0.588690188497	0.550024166264	0.58337361044	0.600289995167	0.749637506042	0.68970517158	0.607056549058	0.619623006283	0.591106814886	0.62735621073	0.598840019333	0.714354760754	0.691155147414	0.61575640406	0.628322861286	0.614306428226	0.69212179797	0.650072498792	0.720637989367	0.679555340744	0.644272595457	0.665538907685	0.554374093765	0.558724021266	0.575640405993	0.561140647656	0.572257129048	0.674238762687	0.588690188497	0.660222329628	0.581923634606	0.654422426293
AA4	0.483325277912	0.0	0.953117448043	0.570807153214	0.573223779604	0.493958434026	0.578540357661	0.488158530691	0.503624939584	0.514258095698	0.556307394877	0.496858385694	0.488641855969	0.861285645239	0.366843885935	0.362977283712	0.545190913485	0.541324311261	0.895118414693	0.724021266312	0.637989366844	0.578057032383	0.575157080715	0.570323827936	0.872402126631	0.622522957951	0.545190913485	0.547124214596	0.593523441276	0.602223296278	0.621556307395	0.574190430159	0.508941517641	0.523441275979	0.679072015466	0.599806669889	0.572740454326	0.509908168197	0.52537457709	0.515224746254	0.490575157081	0.632189463509	0.594006766554	0.515708071532	0.575157080715	0.565007249879	0.664088931851	0.586273562107	0.642822619623	0.620106331561	0.610439826003	0.634606089899	0.519091348478	0.51619139681	0.532624456259	0.532141130981	0.49299178347	0.638472692122	0.497341710971	0.590140164331	0.527307878202	0.588206863219
AB3	0.946350894152	0.953117448043	0.0	0.678105364911	0.927017883035	0.964717254712	0.963267278879	0.949250845819	0.936201063316	0.959400676655	0.978250362494	0.938617689705	0.968583856936	0.333977767037	0.96761720638	0.948767520541	0.975833736104	0.974867085549	0.73852102465	0.76848719188	0.891735137748	0.909134847753	0.961333977767	0.954567423876	0.851135814403	0.910101498308	0.944900918318	0.931367810536	0.846302561624	0.834702754954	0.955050749154	0.953117448043	0.9584340261	0.96761720638	0.976317061382	0.968583856936	0.978733687772	0.957950700822	0.978250362494	0.977767037216	0.977283711938	0.937651039149	0.941517641373	0.955534074432	0.979700338328	0.975350410826	0.978250362494	0.974867085549	0.973900434993	0.978733687772	0.976317061382	0.976317061382	0.97921701305	0.978733687772	0.983083615273	0.978733687772	0.978250362494	0.977283711938	0.977767037216	0.979700338328	0.976317061382	0.978733687772
AB4	0.630739487675	0.570807153214	0.678105364911	0.0	0.629772837119	0.607539874335	0.695988400193	0.615273078782	0.605123247946	0.634122764621	0.63653939101	0.603673272112	0.467375543741	0.565973900435	0.601256645723	0.593523441276	0.623006283229	0.630739487675	0.724987916868	0.58095698405	0.650072498792	0.618656355727	0.650072498792	0.635089415176	0.790236829386	0.651039149348	0.632189463509	0.617689705172	0.550024166264	0.573707104882	0.689221846303	0.646689221846	0.633639439343	0.64572257129	0.718221362977	0.66892218463	0.650072498792	0.633639439343	0.618656355727	0.628806186564	0.612856452392	0.66892218463	0.672788786854	0.631222812953	0.673272112131	0.660705654906	0.695021749638	0.656839052682	0.690188496858	0.669405509908	0.660705654906	0.665538907685	0.619623006283	0.619139681005	0.64572257129	0.644272595457	0.634122764621	0.675688738521	0.633156114065	0.652972450459	0.634606089899	0.652005799903
AC3	0.658772353794	0.573223779604	0.927017883035	0.629772837119	0.0	0.507491541808	0.641372643789	0.542290961817	0.558240695988	0.610439826003	0.612373127115	0.318028032866	0.59497341711	0.839052682455	0.607539874335	0.607539874335	0.609473175447	0.601256645723	0.874818753021	0.762687288545	0.724021266312	0.675688738521	0.717254712421	0.701788303528	0.837119381344	0.691155147414	0.644755920735	0.676655389077	0.683421942968	0.686805219913	0.700338327695	0.651039149348	0.602706621556	0.610439826003	0.623006283229	0.570323827936	0.629772837119	0.582406959884	0.567907201547	0.548090865152	0.55099081682	0.667955534074	0.664572257129	0.582406959884	0.642822619623	0.629289511841	0.593040115998	0.59255679072	0.59255679072	0.582890285162	0.593523441276	0.585790236829	0.532141130981	0.559207346544	0.573223779604	0.561623972934	0.609473175447	0.579023682939	0.602223296278	0.579507008217	0.621072982117	0.600289995167
AC4	0.576123731271	0.493958434026	0.964717254712	0.607539874335	0.507491541808	0.0	0.606089898502	0.40502658289	0.40502658289	0.50700821653	0.323827936201	0.420976317061	0.501691638473	0.875302078299	0.547124214596	0.535524407927	0.461575640406	0.445142580957	0.926051232479	0.757854035766	0.569840502658	0.533591106815	0.50459159014	0.499758337361	0.886901884969	0.594006766554	0.474142097632	0.509424842919	0.533107781537	0.558724021266	0.561140647656	0.495891735138	0.434026099565	0.463508941518	0.654422426293	0.572740454326	0.475592073465	0.497341710971	0.414693088449	0.542774287095	0.47220879652	0.684388593523	0.65055582407	0.5186080232	0.517158047366	0.490091831803	0.65732237796	0.589656839053	0.61575640406	0.601256645723	0.595940067666	0.621072982117	0.496858385694	0.495891735138	0.523924601257	0.519574673755	0.530691155147	0.623489608507	0.538907684872	0.582406959884	0.490091831803	0.592073465442
AD3	0.662155630739	0.578540357661	0.963267278879	0.695988400193	0.641372643789	0.606089898502	0.0	0.533107781537	0.637506041566	0.362493958434	0.668438859352	0.594490091832	0.633156114065	0.870952150797	0.573707104882	0.635089415176	0.680038666022	0.675205413243	0.945384243596	0.773803769937	0.710004833253	0.690671822136	0.690188496858	0.684871918801	0.919284678589	0.6805219913	0.687771870469	0.684871918801	0.689221846303	0.684388593523	0.71532141131	0.682455292412	0.619623006283	0.632672788787	0.735137747704	0.660222329628	0.672788786854	0.534557757371	0.630256162397	0.582406959884	0.565490575157	0.548090865152	0.524407926535	0.548090865152	0.693088448526	0.675205413243	0.762687288545	0.688738521025	0.737071048816	0.719188013533	0.707104881585	0.73610439826	0.649105848236	0.641855969067	0.656355727405	0.64572257129	0.622039632673	0.729337844369	0.640889318511	0.707104881585	0.673755437409	0.700821652972
AD4	0.573707104882	0.488158530691	0.949250845819	0.615273078782	0.542290961817	0.40502658289	0.533107781537	0.0	0.321894635089	0.425809569841	0.44224262929	0.472692121798	0.514741420976	0.860802319961	0.539874335428	0.533107781537	0.484775253746	0.467375543741	0.939584340261	0.768003866602	0.561140647656	0.5186080232	0.520057999033	0.497825036249	0.905751570807	0.609473175447	0.461092315128	0.489125181247	0.521991300145	0.567907201547	0.568390526825	0.512324794587	0.420976317061	0.436926051232	0.643789270179	0.550024166264	0.446592556791	0.464958917351	0.413243112615	0.549540840986	0.484291928468	0.652489125181	0.619139681005	0.49299178347	0.476075398743	0.461092315128	0.655389076849	0.585306911551	0.624456259062	0.61333977767	0.595456742388	0.62493958434	0.488158530691	0.49299178347	0.508941517641	0.520057999033	0.535041082649	0.626389560174	0.554374093765	0.601739971	0.511358144031	0.583856935718
AE3	0.571290478492	0.503624939584	0.936201063316	0.605123247946	0.558240695988	0.40502658289	0.637506041566	0.321894635089	0.0	0.512808119865	0.397776703722	0.490575157081	0.499758337361	0.851135814403	0.543740937651	0.533107781537	0.43740937651	0.423392943451	0.922184630256	0.752054132431	0.540840985984	0.482358627356	0.478008699855	0.465925567907	0.889318511358	0.594490091832	0.420009666506	0.459159014016	0.497825036249	0.554857419043	0.532624456259	0.484291928468	0.400676655389	0.439342677622	0.67133881102	0.591106814886	0.440792653456	0.500241662639	0.430159497342	0.590140164331	0.519091348478	0.69212179797	0.657805703238	0.520541324311	0.487675205413	0.464475592073	0.665538907685	0.596423392943	0.628322861286	0.623972933784	0.601739971	0.635089415176	0.500724987917	0.511841469309	0.525857902368	0.532141130981	0.542290961817	0.643789270179	0.552440792653	0.608506524891	0.492508458192	0.59255679072
AE4	0.614789753504	0.514258095698	0.959400676655	0.634122764621	0.610439826003	0.50700821653	0.362493958434	0.425809569841	0.512808119865	0.0	0.570323827936	0.553407443209	0.579990333494	0.866118898018	0.533591106815	0.565007249879	0.580473658772	0.58095698405	0.93281778637	0.7593040116	0.639922667956	0.591590140164	0.585306911551	0.580473658772	0.906718221363	0.619139681005	0.582890285162	0.586273562107	0.583856935718	0.590623489609	0.623972933784	0.570323827936	0.528274528758	0.540840985984	0.705171580474	0.631222812953	0.576123731271	0.47462542291	0.526824552924	0.547124214596	0.512324794587	0.593040115998	0.566457225713	0.514258095698	0.599806669889	0.585306911551	0.730304494925	0.661672305462	0.706621556307	0.693571773804	0.680038666022	0.698405026583	0.595456742388	0.595456742388	0.602706621556	0.599323344611	0.576607056549	0.702754954084	0.597390043499	0.677622039633	0.594006766554	0.665538907685
AF3	0.604639922668	0.556307394877	0.978250362494	0.63653939101	0.612373127115	0.323827936201	0.668438859352	0.44224262929	0.397776703722	0.570323827936	0.0	0.52537457709	0.527307878202	0.890285161914	0.597390043499	0.581923634606	0.429676172064	0.423876268729	0.956500724988	0.787336877719	0.575157080715	0.540840985984	0.436926051232	0.433059449009	0.9212179797	0.629289511841	0.432092798453	0.507974867086	0.546157564041	0.589656839053	0.53020782987	0.489608506525	0.446109231513	0.485741904302	0.676172063799	0.61333977767	0.433542774287	0.534557757371	0.436926051232	0.611406476559	0.538907684872	0.730304494925	0.691638472692	0.553407443209	0.510874818753	0.481875302078	0.666505558241	0.60415659739	0.65055582407	0.624456259062	0.608023199613	0.634606089899	0.523441275979	0.505074915418	0.528274528758	0.532141130981	0.573707104882	0.643305944901	0.574190430159	0.608023199613	0.502174963751	0.601256645723
AF4	0.603673272112	0.496858385694	0.938617689705	0.603673272112	0.318028032866	0.420976317061	0.594490091832	0.472692121798	0.490575157081	0.553407443209	0.52537457709	0.0	0.535041082649	0.846302561624	0.544707588207	0.545674238763	0.559690671822	0.551474142098	0.884968583857	0.726437892702	0.681005316578	0.628806186564	0.658772353794	0.638472692122	0.851135814403	0.638472692122	0.582890285162	0.614306428226	0.623489608507	0.63653939101	0.656839052682	0.608506524891	0.538907684872	0.554374093765	0.620589656839	0.529241179314	0.563557274045	0.531657805703	0.499758337361	0.501208313195	0.497341710971	0.637989366844	0.621556307395	0.533591106815	0.575157080715	0.563557274045	0.59255679072	0.528274528758	0.580473658772	0.551957467376	0.534557757371	0.564040599323	0.479942000967	0.491541807637	0.521991300145	0.509908168197	0.547607539874	0.569840502658	0.552924117931	0.53939101015	0.546157564041	0.536007733204
AG3	0.586273562107	0.488641855969	0.968583856936	0.467375543741	0.59497341711	0.501691638473	0.633156114065	0.514741420976	0.499758337361	0.579990333494	0.527307878202	0.535041082649	0.0	0.851619139681	0.51619139681	0.526341227646	0.514258095698	0.510874818753	0.9212179797	0.750604156597	0.658772353794	0.600289995167	0.585790236829	0.589656839053	0.882068632189	0.635572740454	0.541324311261	0.566940550991	0.610923151281	0.618656355727	0.635572740454	0.584823586274	0.534557757371	0.522474625423	0.658289028516	0.605606573224	0.547607539874	0.546157564041	0.515708071532	0.574673755437	0.520057999033	0.677138714355	0.64572257129	0.558724021266	0.556307394877	0.543740937651	0.626872885452	0.559690671822	0.614306428226	0.599323344611	0.578540357661	0.605123247946	0.502174963751	0.50459159014	0.52779120348	0.532624456259	0.542290961817	0.610439826003	0.53697438376	0.584340260996	0.509424842919	0.564523924601
AG4	0.855485741904	0.861285645239	0.333977767037	0.565973900435	0.839052682455	0.875302078299	0.870952150797	0.860802319961	0.851135814403	0.866118898018	0.890285161914	0.846302561624	0.851619139681	0.0	0.873852102465	0.857419043016	0.894151764137	0.893185113581	0.723054615756	0.697921701305	0.817786370227	0.836636056066	0.884001933301	0.878202029966	0.819236346061	0.831802803287	0.867085548574	0.856935717738	0.774770420493	0.753987433543	0.888351860802	0.874818753021	0.871435476075	0.8796520058	0.899468342194	0.883518608023	0.890768487192	0.860802319961	0.884485258579	0.884485258579	0.883518608023	0.851135814403	0.852585790237	0.866118898018	0.900918318028	0.88883518608	0.886901884969	0.888351860802	0.885451909135	0.885451909135	0.894635089415	0.886901884969	0.89125181247	0.885451909135	0.902368293862	0.890285161914	0.887385210246	0.884968583857	0.887868535524	0.88883518608	0.891735137748	0.889801836636
AH3	0.63653939101	0.366843885935	0.96761720638	0.601256645723	0.607539874335	0.547124214596	0.573707104882	0.539874335428	0.543740937651	0.533591106815	0.597390043499	0.544707588207	0.51619139681	0.873852102465	0.0	0.513291445143	0.585306911551	0.585790236829	0.926534557757	0.763170613823	0.675688738521	0.619139681005	0.61575640406	0.619139681005	0.900918318028	0.676172063799	0.608023199613	0.609956500725	0.642339294345	0.654422426293	0.675205413243	0.632189463509	0.540357660706	0.561623972934	0.711454809087	0.637022716288	0.621556307395	0.543257612373	0.575157080715	0.563557274045	0.543257612373	0.609473175447	0.575157080715	0.544224262929	0.626872885452	0.608506524891	0.704688255196	0.625906234896	0.660705654906	0.662638956017	0.647655872402	0.670855485742	0.579023682939	0.57177380377	0.587240212663	0.600773320445	0.560657322378	0.676172063799	0.554857419043	0.639439342678	0.57177380377	0.623006283229
AH4	0.33107781537	0.362977283712	0.948767520541	0.593523441276	0.607539874335	0.535524407927	0.635089415176	0.533107781537	0.533107781537	0.565007249879	0.581923634606	0.545674238763	0.526341227646	0.857419043016	0.513291445143	0.0	0.537941034316	0.540357660706	0.876268728855	0.720637989367	0.623006283229	0.567907201547	0.578540357661	0.578540357661	0.850169163847	0.608506524891	0.551474142098	0.543257612373	0.579507008217	0.591590140164	0.597390043499	0.553890768487	0.54857419043	0.555824069599	0.706138231029	0.642822619623	0.583856935718	0.574190430159	0.545190913485	0.582890285162	0.545190913485	0.686805219913	0.651522474625	0.574673755437	0.594490091832	0.583856935718	0.667955534074	0.60415659739	0.666505558241	0.640405993233	0.610923151281	0.633639439343	0.519574673755	0.521024649589	0.531174480425	0.529241179314	0.514258095698	0.639922667956	0.522474625423	0.616239729338	0.534074432093	0.609956500725
AA7	0.570323827936	0.545190913485	0.975833736104	0.623006283229	0.609473175447	0.461575640406	0.680038666022	0.484775253746	0.43740937651	0.580473658772	0.429676172064	0.559690671822	0.514258095698	0.894151764137	0.585306911551	0.537941034316	0.0	0.274528757854	0.920734654422	0.766553890768	0.575157080715	0.508458192363	0.471725471242	0.464958917351	0.86563557274	0.598356694055	0.423876268729	0.473175447076	0.542290961817	0.570807153214	0.506524891252	0.417109714838	0.443209279845	0.49540840986	0.710971483809	0.651039149348	0.482841952634	0.553407443209	0.475592073465	0.605123247946	0.547124214596	0.725954567424	0.693088448526	0.577573707105	0.533591106815	0.510391493475	0.662638956017	0.608506524891	0.675205413243	0.644272595457	0.596906718221	0.624456259062	0.513291445143	0.512324794587	0.521507974867	0.528274528758	0.538907684872	0.631706138231	0.531657805703	0.629289511841	0.484775253746	0.612856452392
AA8	0.562107298212	0.541324311261	0.974867085549	0.630739487675	0.601256645723	0.445142580957	0.675205413243	0.467375543741	0.423392943451	0.58095698405	0.423876268729	0.551474142098	0.510874818753	0.893185113581	0.585790236829	0.540357660706	0.274528757854	0.0	0.920251329145	0.761237312711	0.561140647656	0.497341710971	0.476558724021	0.467375543741	0.866118898018	0.598356694055	0.418559690672	0.463992266796	0.532141130981	0.56935717738	0.481875302078	0.375543740938	0.429676172064	0.48380860319	0.704688255196	0.64572257129	0.463992266796	0.544224262929	0.463992266796	0.602223296278	0.538424359594	0.727887868536	0.69453842436	0.565490575157	0.523441275979	0.494925084582	0.637989366844	0.596423392943	0.663122281295	0.638472692122	0.586756887385	0.610439826003	0.487191880135	0.496375060416	0.508941517641	0.504108264862	0.531657805703	0.61575640406	0.529241179314	0.616723054616	0.476075398743	0.599323344611
AB7	0.875785403577	0.895118414693	0.73852102465	0.724987916868	0.874818753021	0.926051232479	0.945384243596	0.939584340261	0.922184630256	0.93281778637	0.956500724988	0.884968583857	0.9212179797	0.723054615756	0.926534557757	0.876268728855	0.920734654422	0.920251329145	0.0	0.411309811503	0.809569840503	0.846302561624	0.933301111648	0.921701304978	0.737071048816	0.827936201063	0.890285161914	0.869018849686	0.74770420493	0.698405026583	0.883035282745	0.896085065249	0.921701304978	0.936684388594	0.941517641373	0.938617689705	0.946350894152	0.916868052199	0.945384243596	0.929434509425	0.938134364427	0.873368777187	0.881101981634	0.913484775254	0.959884001933	0.955050749154	0.933301111648	0.926051232479	0.940067665539	0.938617689705	0.933784436926	0.927984533591	0.918801353311	0.921701304978	0.927017883035	0.924601256646	0.913001449976	0.919768003867	0.92363460609	0.928467858869	0.947317544708	0.945384243596
AB8	0.722087965201	0.724021266312	0.76848719188	0.58095698405	0.762687288545	0.757854035766	0.773803769937	0.768003866602	0.752054132431	0.7593040116	0.787336877719	0.726437892702	0.750604156597	0.697921701305	0.763170613823	0.720637989367	0.766553890768	0.761237312711	0.411309811503	0.0	0.652489125181	0.677138714355	0.752537457709	0.743354277429	0.731754470759	0.658289028516	0.709521507975	0.687771870469	0.536491058482	0.510874818753	0.734171097148	0.731271145481	0.749154180764	0.761237312711	0.815853069116	0.77090381827	0.771870468826	0.739004349928	0.767037216046	0.752537457709	0.757370710488	0.721604639923	0.718221362977	0.739487675205	0.793136781054	0.782986950217	0.830352827453	0.763653939101	0.806186563557	0.783470275495	0.778637022716	0.795070082165	0.760270662156	0.762203963267	0.769453842436	0.769453842436	0.755437409377	0.792653455776	0.759787336878	0.764137264379	0.771387143548	0.77090381827
AC7	0.608989850169	0.637989366844	0.891735137748	0.650072498792	0.724021266312	0.569840502658	0.710004833253	0.561140647656	0.540840985984	0.639922667956	0.575157080715	0.681005316578	0.658772353794	0.817786370227	0.675688738521	0.623006283229	0.575157080715	0.561140647656	0.809569840503	0.652489125181	0.0	0.363943934268	0.551957467376	0.559207346544	0.817303044949	0.588690188497	0.517158047366	0.492508458192	0.468825519575	0.489125181247	0.559207346544	0.537941034316	0.538907684872	0.589656839053	0.806669888835	0.73610439826	0.61333977767	0.622039632673	0.601256645723	0.711454809087	0.667472208797	0.709521507975	0.689221846303	0.629772837119	0.623006283229	0.599806669889	0.805703238279	0.748187530208	0.790720154664	0.78250362494	0.742387626873	0.77767037216	0.666022232963	0.654905751571	0.66892218463	0.674238762687	0.655389076849	0.785886901885	0.665538907685	0.7593040116	0.60415659739	0.752537457709
AC8	0.592073465442	0.578057032383	0.909134847753	0.618656355727	0.675688738521	0.533591106815	0.690671822136	0.5186080232	0.482358627356	0.591590140164	0.540840985984	0.628806186564	0.600289995167	0.836636056066	0.619139681005	0.567907201547	0.508458192363	0.497341710971	0.846302561624	0.677138714355	0.363943934268	0.0	0.493475108748	0.491058482359	0.838569357177	0.564040599323	0.403093281779	0.364910584824	0.438376027066	0.479458675689	0.516674722088	0.488158530691	0.484775253746	0.529724504592	0.74528757854	0.670372160464	0.547607539874	0.563073948768	0.545190913485	0.65055582407	0.601256645723	0.686805219913	0.652489125181	0.579023682939	0.563557274045	0.543257612373	0.739004349928	0.674722087965	0.733204446593	0.724987916868	0.675205413243	0.706138231029	0.602706621556	0.593523441276	0.602223296278	0.608989850169	0.588690188497	0.714354760754	0.594490091832	0.702271628806	0.545674238763	0.680038666022
AD7	0.588206863219	0.575157080715	0.961333977767	0.650072498792	0.717254712421	0.50459159014	0.690188496858	0.520057999033	0.478008699855	0.585306911551	0.436926051232	0.658772353794	0.585790236829	0.884001933301	0.61575640406	0.578540357661	0.471725471242	0.476558724021	0.933301111648	0.752537457709	0.551957467376	0.493475108748	0.0	0.29627839536	0.897051715805	0.531657805703	0.422909618173	0.465925567907	0.507974867086	0.554374093765	0.501691638473	0.460125664572	0.491541807637	0.538907684872	0.748670855486	0.677622039633	0.515708071532	0.583856935718	0.537457709038	0.652489125181	0.605123247946	0.73368777187	0.695505074915	0.601256645723	0.554374093765	0.539874335428	0.74528757854	0.674238762687	0.73610439826	0.72450459159	0.673272112131	0.702754954084	0.598840019333	0.590623489609	0.597873368777	0.614789753504	0.583856935718	0.720637989367	0.598840019333	0.702754954084	0.552440792653	0.674238762687
AD8	0.594006766554	0.570323827936	0.954567423876	0.635089415176	0.701788303528	0.499758337361	0.684871918801	0.497825036249	0.465925567907	0.580473658772	0.433059449009	0.638472692122	0.589656839053	0.878202029966	0.619139681005	0.578540357661	0.464958917351	0.467375543741	0.921701304978	0.743354277429	0.559207346544	0.491058482359	0.29627839536	0.0	0.862252295795	0.492025132914	0.413726437893	0.453359110681	0.484775253746	0.535524407927	0.502658289029	0.467858869019	0.489125181247	0.53020782987	0.743354277429	0.666022232963	0.501208313195	0.557274045433	0.525857902368	0.637022716288	0.593040115998	0.722087965201	0.685355244079	0.56935717738	0.550507491542	0.53939101015	0.735621072982	0.663605606573	0.725954567424	0.712421459642	0.665055582407	0.691638472692	0.588206863219	0.579507008217	0.585790236829	0.603673272112	0.582406959884	0.705654905752	0.59497341711	0.690188496858	0.554374093765	0.65732237796
AE7	0.829386176897	0.872402126631	0.851135814403	0.790236829386	0.837119381344	0.886901884969	0.919284678589	0.905751570807	0.889318511358	0.906718221363	0.9212179797	0.851135814403	0.882068632189	0.819236346061	0.900918318028	0.850169163847	0.86563557274	0.866118898018	0.737071048816	0.731754470759	0.817303044949	0.838569357177	0.897051715805	0.862252295795	0.0	0.544224262929	0.867568873852	0.84726921218	0.762687288545	0.761720637989	0.838569357177	0.841469308845	0.896568390527	0.908651522475	0.927984533591	0.916868052199	0.924117931368	0.894635089415	0.905751570807	0.878685355244	0.898985016916	0.869985500242	0.879168680522	0.884001933301	0.939101014983	0.924601256646	0.891735137748	0.904784920251	0.916868052199	0.899951667472	0.904784920251	0.897051715805	0.893185113581	0.892218463026	0.906718221363	0.889801836636	0.898018366361	0.88883518608	0.895601739971	0.898985016916	0.912518124698	0.908651522475
AE8	0.591590140164	0.622522957951	0.910101498308	0.651039149348	0.691155147414	0.594006766554	0.6805219913	0.609473175447	0.594490091832	0.619139681005	0.629289511841	0.638472692122	0.635572740454	0.831802803287	0.676172063799	0.608506524891	0.598356694055	0.598356694055	0.827936201063	0.658289028516	0.588690188497	0.564040599323	0.531657805703	0.492025132914	0.544224262929	0.0	0.576123731271	0.562107298212	0.540357660706	0.535524407927	0.585790236829	0.566457225713	0.607539874335	0.620589656839	0.77090381827	0.707588206863	0.637506041566	0.602706621556	0.617206379894	0.661188980184	0.637506041566	0.703238279362	0.6805219913	0.617206379894	0.645239246013	0.63653939101	0.7593040116	0.698888351861	0.766553890768	0.72692121798	0.709038182697	0.740937651039	0.65055582407	0.640405993233	0.653455775737	0.646689221846	0.647655872402	0.735621072982	0.658289028516	0.713388110198	0.618656355727	0.695021749638
AF7	0.568873852102	0.545190913485	0.944900918318	0.632189463509	0.644755920735	0.474142097632	0.687771870469	0.461092315128	0.420009666506	0.582890285162	0.432092798453	0.582890285162	0.541324311261	0.867085548574	0.608023199613	0.551474142098	0.423876268729	0.418559690672	0.890285161914	0.709521507975	0.517158047366	0.403093281779	0.422909618173	0.413726437893	0.867568873852	0.576123731271	0.0	0.319961333978	0.477525374577	0.514741420976	0.479942000967	0.455775737071	0.425809569841	0.478975350411	0.696471725471	0.62735621073	0.457225712905	0.517641372644	0.479942000967	0.614306428226	0.538424359594	0.702754954084	0.666505558241	0.542290961817	0.515224746254	0.491058482359	0.668438859352	0.616723054616	0.674722087965	0.661672305462	0.612856452392	0.637506041566	0.539874335428	0.524407926535	0.540840985984	0.551957467376	0.553890768487	0.647172547124	0.551474142098	0.643305944901	0.484291928468	0.612373127115
AF8	0.559690671822	0.547124214596	0.931367810536	0.617689705172	0.676655389077	0.509424842919	0.684871918801	0.489125181247	0.459159014016	0.586273562107	0.507974867086	0.614306428226	0.566940550991	0.856935717738	0.609956500725	0.543257612373	0.473175447076	0.463992266796	0.869018849686	0.687771870469	0.492508458192	0.364910584824	0.465925567907	0.453359110681	0.84726921218	0.562107298212	0.319961333978	0.0	0.453359110681	0.49299178347	0.509424842919	0.461092315128	0.452392460126	0.509908168197	0.725471242146	0.655872402127	0.504108264862	0.539874335428	0.512324794587	0.609473175447	0.565973900435	0.684388593523	0.648622522958	0.551957467376	0.540357660706	0.521991300145	0.695988400193	0.635572740454	0.70130497825	0.688738521025	0.637022716288	0.663605606573	0.567423876269	0.550024166264	0.564040599323	0.573223779604	0.556790720155	0.673755437409	0.564040599323	0.66892218463	0.502174963751	0.637506041566
AG7	0.589656839053	0.593523441276	0.846302561624	0.550024166264	0.683421942968	0.533107781537	0.689221846303	0.521991300145	0.497825036249	0.583856935718	0.546157564041	0.623489608507	0.610923151281	0.774770420493	0.642339294345	0.579507008217	0.542290961817	0.532141130981	0.74770420493	0.536491058482	0.468825519575	0.438376027066	0.507974867086	0.484775253746	0.762687288545	0.540357660706	0.477525374577	0.453359110681	0.0	0.320444659256	0.537941034316	0.508941517641	0.514741420976	0.559207346544	0.753987433543	0.683905268246	0.554374093765	0.566940550991	0.542774287095	0.637022716288	0.601256645723	0.673272112131	0.643789270179	0.574190430159	0.591590140164	0.581440309328	0.749637506042	0.677622039633	0.729821169647	0.716288061866	0.674722087965	0.713871435476	0.608506524891	0.604639922668	0.618173030449	0.618656355727	0.615273078782	0.718704688255	0.629289511841	0.696471725471	0.582890285162	0.679072015466
AG8	0.599323344611	0.602223296278	0.834702754954	0.573707104882	0.686805219913	0.558724021266	0.684388593523	0.567907201547	0.554857419043	0.590623489609	0.589656839053	0.63653939101	0.618656355727	0.753987433543	0.654422426293	0.591590140164	0.570807153214	0.56935717738	0.698405026583	0.510874818753	0.489125181247	0.479458675689	0.554374093765	0.535524407927	0.761720637989	0.535524407927	0.514741420976	0.49299178347	0.320444659256	0.0	0.569840502658	0.544707588207	0.559690671822	0.584340260996	0.757854035766	0.696955050749	0.586273562107	0.57177380377	0.571290478492	0.663605606573	0.612373127115	0.672305461576	0.647172547124	0.599323344611	0.617206379894	0.600289995167	0.752054132431	0.6805219913	0.733204446593	0.719671338811	0.681488641856	0.711454809087	0.631222812953	0.619623006283	0.622522957951	0.625906234896	0.635089415176	0.721604639923	0.637989366844	0.697438376027	0.597390043499	0.684388593523
AH7	0.588690188497	0.621556307395	0.955050749154	0.689221846303	0.700338327695	0.561140647656	0.71532141131	0.568390526825	0.532624456259	0.623972933784	0.53020782987	0.656839052682	0.635572740454	0.888351860802	0.675205413243	0.597390043499	0.506524891252	0.481875302078	0.883035282745	0.734171097148	0.559207346544	0.516674722088	0.501691638473	0.502658289029	0.838569357177	0.585790236829	0.479942000967	0.509424842919	0.537941034316	0.569840502658	0.0	0.329144514258	0.570323827936	0.611889801837	0.781053649106	0.727887868536	0.563557274045	0.637506041566	0.59255679072	0.67133881102	0.647655872402	0.76848719188	0.74528757854	0.639922667956	0.635572740454	0.622522957951	0.762687288545	0.71532141131	0.765587240213	0.745770903818	0.704688255196	0.734654422426	0.621556307395	0.623006283229	0.623489608507	0.632189463509	0.622039632673	0.740454325761	0.635572740454	0.71290478492	0.606089898502	0.726437892702
AH8	0.550024166264	0.574190430159	0.953117448043	0.646689221846	0.651039149348	0.495891735138	0.682455292412	0.512324794587	0.484291928468	0.570323827936	0.489608506525	0.608506524891	0.584823586274	0.874818753021	0.632189463509	0.553890768487	0.417109714838	0.375543740938	0.896085065249	0.731271145481	0.537941034316	0.488158530691	0.460125664572	0.467858869019	0.841469308845	0.566457225713	0.455775737071	0.461092315128	0.508941517641	0.544707588207	0.329144514258	0.0	0.505074915418	0.550507491542	0.748670855486	0.683421942968	0.511841469309	0.586756887385	0.536007733204	0.620589656839	0.593523441276	0.728371193813	0.694055099082	0.599323344611	0.579507008217	0.55775737071	0.708071532141	0.660705654906	0.725954567424	0.696471725471	0.656355727405	0.679072015466	0.559690671822	0.56259062349	0.572257129048	0.573707104882	0.570807153214	0.681971967134	0.581440309328	0.67133881102	0.550024166264	0.673755437409
AA5	0.58337361044	0.508941517641	0.9584340261	0.633639439343	0.602706621556	0.434026099565	0.619623006283	0.420976317061	0.400676655389	0.528274528758	0.446109231513	0.538907684872	0.534557757371	0.871435476075	0.540357660706	0.54857419043	0.443209279845	0.429676172064	0.921701304978	0.749154180764	0.538907684872	0.484775253746	0.491541807637	0.489125181247	0.896568390527	0.607539874335	0.425809569841	0.452392460126	0.514741420976	0.559690671822	0.570323827936	0.505074915418	0.0	0.347994200097	0.681971967134	0.585790236829	0.47462542291	0.443692605123	0.455292411793	0.551474142098	0.477042049299	0.628322861286	0.595456742388	0.465442242629	0.517158047366	0.472692121798	0.697438376027	0.635089415176	0.667472208797	0.661188980184	0.643789270179	0.671822136298	0.531657805703	0.537941034316	0.562107298212	0.563557274045	0.535041082649	0.676655389077	0.54857419043	0.642339294345	0.494925084582	0.621556307395
AA6	0.600289995167	0.523441275979	0.96761720638	0.64572257129	0.610439826003	0.463508941518	0.632672788787	0.436926051232	0.439342677622	0.540840985984	0.485741904302	0.554374093765	0.522474625423	0.8796520058	0.561623972934	0.555824069599	0.49540840986	0.48380860319	0.936684388594	0.761237312711	0.589656839053	0.529724504592	0.538907684872	0.53020782987	0.908651522475	0.620589656839	0.478975350411	0.509908168197	0.559207346544	0.584340260996	0.611889801837	0.550507491542	0.347994200097	0.0	0.666988883519	0.564523924601	0.501208313195	0.471725471242	0.465925567907	0.570807153214	0.495891735138	0.664572257129	0.625906234896	0.505074915418	0.445625906235	0.400193330111	0.681488641856	0.620589656839	0.648622522958	0.641855969067	0.620589656839	0.64813919768	0.519574673755	0.519091348478	0.540357660706	0.547607539874	0.545190913485	0.654905751571	0.553890768487	0.627839536008	0.509424842919	0.608023199613
AB5	0.749637506042	0.679072015466	0.976317061382	0.718221362977	0.623006283229	0.654422426293	0.735137747704	0.643789270179	0.67133881102	0.705171580474	0.676172063799	0.620589656839	0.658289028516	0.899468342194	0.711454809087	0.706138231029	0.710971483809	0.704688255196	0.941517641373	0.815853069116	0.806669888835	0.74528757854	0.748670855486	0.743354277429	0.927984533591	0.77090381827	0.696471725471	0.725471242146	0.753987433543	0.757854035766	0.781053649106	0.748670855486	0.681971967134	0.666988883519	0.0	0.321411309812	0.621556307395	0.660222329628	0.630256162397	0.626389560174	0.613823102948	0.751087481875	0.737071048816	0.662155630739	0.623972933784	0.613823102948	0.615273078782	0.605606573224	0.619623006283	0.602223296278	0.611889801837	0.608506524891	0.614789753504	0.60415659739	0.608506524891	0.616239729338	0.678588690188	0.596906718221	0.667955534074	0.598356694055	0.685355244079	0.605123247946
AB6	0.68970517158	0.599806669889	0.968583856936	0.66892218463	0.570323827936	0.572740454326	0.660222329628	0.550024166264	0.591106814886	0.631222812953	0.61333977767	0.529241179314	0.605606573224	0.883518608023	0.637022716288	0.642822619623	0.651039149348	0.64572257129	0.938617689705	0.77090381827	0.73610439826	0.670372160464	0.677622039633	0.666022232963	0.916868052199	0.707588206863	0.62735621073	0.655872402127	0.683905268246	0.696955050749	0.727887868536	0.683421942968	0.585790236829	0.564523924601	0.321411309812	0.0	0.566457225713	0.558724021266	0.563073948768	0.55775737071	0.542290961817	0.669888835186	0.650072498792	0.544707588207	0.553890768487	0.545190913485	0.607056549058	0.556790720155	0.590623489609	0.576607056549	0.565007249879	0.590623489609	0.556790720155	0.552924117931	0.567423876269	0.571290478492	0.608023199613	0.579990333494	0.593040115998	0.56259062349	0.620589656839	0.554374093765
AC5	0.607056549058	0.572740454326	0.978733687772	0.650072498792	0.629772837119	0.475592073465	0.672788786854	0.446592556791	0.440792653456	0.576123731271	0.433542774287	0.563557274045	0.547607539874	0.890768487192	0.621556307395	0.583856935718	0.482841952634	0.463992266796	0.946350894152	0.771870468826	0.61333977767	0.547607539874	0.515708071532	0.501208313195	0.924117931368	0.637506041566	0.457225712905	0.504108264862	0.554374093765	0.586273562107	0.563557274045	0.511841469309	0.47462542291	0.501208313195	0.621556307395	0.566457225713	0.0	0.44224262929	0.442725954567	0.597873368777	0.534557757371	0.72450459159	0.6805219913	0.554374093765	0.47220879652	0.463508941518	0.609473175447	0.562107298212	0.622039632673	0.592073465442	0.565007249879	0.589173513775	0.488641855969	0.475108748188	0.490575157081	0.505558240696	0.571290478492	0.597390043499	0.577090381827	0.56935717738	0.524407926535	0.5601739971
AC6	0.619623006283	0.509908168197	0.957950700822	0.633639439343	0.582406959884	0.497341710971	0.534557757371	0.464958917351	0.500241662639	0.47462542291	0.534557757371	0.531657805703	0.546157564041	0.860802319961	0.543257612373	0.574190430159	0.553407443209	0.544224262929	0.916868052199	0.739004349928	0.622039632673	0.563073948768	0.583856935718	0.557274045433	0.894635089415	0.602706621556	0.517641372644	0.539874335428	0.566940550991	0.57177380377	0.637506041566	0.586756887385	0.443692605123	0.471725471242	0.660222329628	0.558724021266	0.44224262929	0.0	0.49540840986	0.518124697922	0.493958434026	0.502658289029	0.464475592073	0.415176413726	0.540840985984	0.526341227646	0.672788786854	0.617206379894	0.656839052682	0.637022716288	0.624456259062	0.65732237796	0.557274045433	0.553407443209	0.577573707105	0.559690671822	0.556307394877	0.652972450459	0.566457225713	0.619139681005	0.539874335428	0.618173030449
AD6	0.591106814886	0.52537457709	0.978250362494	0.618656355727	0.567907201547	0.414693088449	0.630256162397	0.413243112615	0.430159497342	0.526824552924	0.436926051232	0.499758337361	0.515708071532	0.884485258579	0.575157080715	0.545190913485	0.475592073465	0.463992266796	0.945384243596	0.767037216046	0.601256645723	0.545190913485	0.537457709038	0.525857902368	0.905751570807	0.617206379894	0.479942000967	0.512324794587	0.542774287095	0.571290478492	0.59255679072	0.536007733204	0.455292411793	0.465925567907	0.630256162397	0.563073948768	0.442725954567	0.49540840986	0.0	0.535041082649	0.406959884002	0.697921701305	0.664572257129	0.531657805703	0.485258579024	0.464958917351	0.609473175447	0.544224262929	0.589656839053	0.565007249879	0.55099081682	0.575640405993	0.458192363461	0.447075882069	0.4813919768	0.479458675689	0.541807636539	0.583856935718	0.546157564041	0.55775737071	0.474142097632	0.55099081682
AE5	0.62735621073	0.515224746254	0.977767037216	0.628806186564	0.548090865152	0.542774287095	0.582406959884	0.549540840986	0.590140164331	0.547124214596	0.611406476559	0.501208313195	0.574673755437	0.884485258579	0.563557274045	0.582890285162	0.605123247946	0.602223296278	0.929434509425	0.752537457709	0.711454809087	0.65055582407	0.652489125181	0.637022716288	0.878685355244	0.661188980184	0.614306428226	0.609473175447	0.637022716288	0.663605606573	0.67133881102	0.620589656839	0.551474142098	0.570807153214	0.626389560174	0.55775737071	0.597873368777	0.518124697922	0.535041082649	0.0	0.37506041566	0.611889801837	0.593040115998	0.499758337361	0.630256162397	0.619623006283	0.656355727405	0.605123247946	0.639922667956	0.617689705172	0.621556307395	0.643305944901	0.539874335428	0.558724021266	0.597390043499	0.568873852102	0.552440792653	0.636056065732	0.557274045433	0.601256645723	0.569840502658	0.61575640406
AE6	0.598840019333	0.490575157081	0.977283711938	0.612856452392	0.55099081682	0.47220879652	0.565490575157	0.484291928468	0.519091348478	0.512324794587	0.538907684872	0.497341710971	0.520057999033	0.883518608023	0.543257612373	0.545190913485	0.547124214596	0.538424359594	0.938134364427	0.757370710488	0.667472208797	0.601256645723	0.605123247946	0.593040115998	0.898985016916	0.637506041566	0.538424359594	0.565973900435	0.601256645723	0.612373127115	0.647655872402	0.593523441276	0.477042049299	0.495891735138	0.613823102948	0.542290961817	0.534557757371	0.493958434026	0.406959884002	0.37506041566	0.0	0.647172547124	0.613823102948	0.478492025133	0.556790720155	0.541807636539	0.639439342678	0.575640405993	0.608506524891	0.598840019333	0.586756887385	0.61333977767	0.489125181247	0.486708554857	0.519574673755	0.501208313195	0.523441275979	0.614789753504	0.523441275979	0.585790236829	0.51377477042	0.58337361044
AF5	0.714354760754	0.632189463509	0.937651039149	0.66892218463	0.667955534074	0.684388593523	0.548090865152	0.652489125181	0.69212179797	0.593040115998	0.730304494925	0.637989366844	0.677138714355	0.851135814403	0.609473175447	0.686805219913	0.725954567424	0.727887868536	0.873368777187	0.721604639923	0.709521507975	0.686805219913	0.73368777187	0.722087965201	0.869985500242	0.703238279362	0.702754954084	0.684388593523	0.673272112131	0.672305461576	0.76848719188	0.728371193813	0.628322861286	0.664572257129	0.751087481875	0.669888835186	0.72450459159	0.502658289029	0.697921701305	0.611889801837	0.647172547124	0.0	0.27549540841	0.554857419043	0.732237796037	0.722087965201	0.766553890768	0.719671338811	0.749154180764	0.723537941034	0.739971000483	0.751570807153	0.704688255196	0.716771387144	0.738037699372	0.722571290478	0.676172063799	0.746737554374	0.68970517158	0.708554857419	0.718704688255	0.714354760754
AF6	0.691155147414	0.594006766554	0.941517641373	0.672788786854	0.664572257129	0.65055582407	0.524407926535	0.619139681005	0.657805703238	0.566457225713	0.691638472692	0.621556307395	0.64572257129	0.852585790237	0.575157080715	0.651522474625	0.693088448526	0.69453842436	0.881101981634	0.718221362977	0.689221846303	0.652489125181	0.695505074915	0.685355244079	0.879168680522	0.6805219913	0.666505558241	0.648622522958	0.643789270179	0.647172547124	0.74528757854	0.694055099082	0.595456742388	0.625906234896	0.737071048816	0.650072498792	0.6805219913	0.464475592073	0.664572257129	0.593040115998	0.613823102948	0.27549540841	0.0	0.513291445143	0.696471725471	0.686805219913	0.7593040116	0.700821652972	0.738037699372	0.709521507975	0.710488158531	0.739004349928	0.674238762687	0.679555340744	0.697921701305	0.685838569357	0.640405993233	0.734654422426	0.65055582407	0.696471725471	0.681488641856	0.700338327695
