	AA3	AA4	AB3	AB4	AC3	AC4	AD3	AD4	AE3	AE4	AF3	AF4	AG3	AG4	AH3	AH4	AA7	AA8	AB7	AB8	AC7	AC8	AD7	AD8	AE7	AE8	AF7	AF8	AG7	AG8	AH7	AH8	AA5	AA6	AB5	AB6	AC5	AC6	AD6	AE5	AE6	AF5	AF6	AG5	AH5	AH6	AA1	AA2	AB1	AB2	AC1	AC2	AD1	AD2	AE1	AE2	AF1	AF2	AG1	AG2	AH1	AH2
AA3	0.0	0.503141614306	0.942000966651	0.655389076849	0.663605606573	0.599323344611	0.663122281295	0.594006766554	0.575157080715	0.600289995167	0.618173030449	0.610439826003	0.594490091832	0.845819236346	0.665055582407	0.328177863702	0.574190430159	0.567423876269	0.870952150797	0.716771387144	0.618173030449	0.567423876269	0.599806669889	0.570807153214	0.837119381344	0.605606573224	0.570323827936	0.559207346544	0.590623489609	0.584823586274	0.589656839053	0.55775737071	0.586273562107	0.588206863219	0.747220879652	0.685355244079	0.607539874335	0.618173030449	0.597390043499	0.633156114065	0.612373127115	0.719671338811	0.699855002417	0.621072982117	0.634122764621	0.623489608507	0.69453842436	0.651522474625	0.716288061866	0.681971967134	0.649589173514	0.668438859352	0.59497341711	0.562107298212	0.561140647656	0.567907201547	0.578057032383	0.672305461576	0.599806669889	0.668438859352	0.588690188497	0.651039149348
AA4	0.503141614306	0.0	0.945867568874	0.580473658772	0.55099081682	0.515224746254	0.608023199613	0.506041565974	0.510874818753	0.515224746254	0.579990333494	0.494441759304	0.504108264862	0.845819236346	0.383276945384	0.378443692605	0.557274045433	0.549057515708	0.8796520058	0.716288061866	0.663122281295	0.581923634606	0.582890285162	0.576123731271	0.86805219913	0.641372643789	0.564040599323	0.565973900435	0.607539874335	0.621072982117	0.634122764621	0.578540357661	0.519091348478	0.536491058482	0.658772353794	0.577573707105	0.568873852102	0.528274528758	0.550507491542	0.521991300145	0.488158530691	0.634122764621	0.597390043499	0.530691155147	0.601256645723	0.585790236829	0.644272595457	0.573707104882	0.628322861286	0.594006766554	0.593523441276	0.613823102948	0.538424359594	0.518124697922	0.535524407927	0.529724504592	0.501208313195	0.617206379894	0.499275012083	0.587723537941	0.534074432093	0.573223779604
AB3	0.942000966651	0.945867568874	0.0	0.676172063799	0.920734654422	0.960367327211	0.9584340261	0.942967617206	0.938617689705	0.950700821653	0.973900434993	0.942000966651	0.966167230546	0.359594006767	0.964233929435	0.94441759304	0.972450459159	0.96761720638	0.747220879652	0.760753987434	0.882551957467	0.907684871919	0.963267278879	0.950217496375	0.852585790237	0.899468342194	0.938617689705	0.939584340261	0.838569357177	0.860802319961	0.954084098598	0.958917351377	0.955534074432	0.964717254712	0.97680038666	0.96761720638	0.974867085549	0.958917351377	0.973900434993	0.974383760271	0.974383760271	0.929917834703	0.932334461092	0.945867568874	0.981150314161	0.971967133881	0.975350410826	0.973900434993	0.972933784437	0.974867085549	0.97680038666	0.971000483325	0.975833736104	0.976317061382	0.977767037216	0.976317061382	0.974383760271	0.971000483325	0.973417109715	0.975350410826	0.971000483325	0.977767037216
AB4	0.655389076849	0.580473658772	0.676172063799	0.0	0.633639439343	0.620106331561	0.695021749638	0.63653939101	0.617206379894	0.624456259062	0.654905751571	0.608023199613	0.488158530691	0.549057515708	0.611406476559	0.603673272112	0.65055582407	0.638472692122	0.730304494925	0.572740454326	0.656839052682	0.622522957951	0.666988883519	0.645239246013	0.799420009667	0.64813919768	0.646689221846	0.654422426293	0.555340744321	0.593523441276	0.697438376027	0.657805703238	0.640405993233	0.657805703238	0.724021266312	0.666022232963	0.656355727405	0.637022716288	0.635089415176	0.643789270179	0.634122764621	0.6805219913	0.661188980184	0.63653939101	0.698405026583	0.684871918801	0.710971483809	0.662155630739	0.699855002417	0.678588690188	0.674722087965	0.673755437409	0.644755920735	0.645239246013	0.65973900435	0.645239246013	0.646205896568	0.675205413243	0.641855969067	0.667472208797	0.649589173514	0.667955534074
AC3	0.663605606573	0.55099081682	0.920734654422	0.633639439343	0.0	0.490575157081	0.652489125181	0.526824552924	0.553407443209	0.584340260996	0.621072982117	0.306911551474	0.584340260996	0.829386176897	0.596906718221	0.585790236829	0.619139681005	0.604639922668	0.873368777187	0.740937651039	0.72450459159	0.661672305462	0.709521507975	0.686321894635	0.830352827453	0.707104881585	0.639439342678	0.65732237796	0.673755437409	0.676172063799	0.700821652972	0.65732237796	0.59497341711	0.618656355727	0.616239729338	0.565973900435	0.608989850169	0.59497341711	0.568390526825	0.551957467376	0.552440792653	0.683421942968	0.652005799903	0.572740454326	0.641372643789	0.630739487675	0.59255679072	0.567907201547	0.575640405993	0.565490575157	0.590623489609	0.572740454326	0.540357660706	0.547607539874	0.566457225713	0.550507491542	0.609956500725	0.581923634606	0.602706621556	0.575157080715	0.607056549058	0.566940550991
AC4	0.599323344611	0.515224746254	0.960367327211	0.620106331561	0.490575157081	0.0	0.618656355727	0.408893185114	0.392943450942	0.542290961817	0.345577573707	0.404543257612	0.50700821653	0.865152247463	0.566457225713	0.522474625423	0.475108748188	0.452392460126	0.934751087482	0.761237312711	0.586756887385	0.522957950701	0.51377477042	0.497825036249	0.896568390527	0.607056549058	0.481875302078	0.504108264862	0.532141130981	0.567423876269	0.570807153214	0.509908168197	0.44900918318	0.46979217013	0.640889318511	0.565973900435	0.447075882069	0.517641372644	0.417593040116	0.553407443209	0.505558240696	0.690188496858	0.661188980184	0.5186080232	0.515224746254	0.491541807637	0.644755920735	0.571290478492	0.612856452392	0.587240212663	0.58095698405	0.608023199613	0.507491541808	0.49299178347	0.508941517641	0.499758337361	0.531174480425	0.610439826003	0.55099081682	0.580473658772	0.480425326245	0.569840502658
AD3	0.663122281295	0.608023199613	0.9584340261	0.695021749638	0.652489125181	0.618656355727	0.0	0.505558240696	0.622039632673	0.348477525375	0.672788786854	0.620106331561	0.651522474625	0.864185596907	0.591106814886	0.635089415176	0.672788786854	0.674238762687	0.939584340261	0.776220396327	0.706621556307	0.683421942968	0.685355244079	0.677138714355	0.916868052199	0.680038666022	0.688255195747	0.693088448526	0.683905268246	0.679555340744	0.705171580474	0.676172063799	0.623006283229	0.641855969067	0.732721121315	0.667955534074	0.660222329628	0.52779120348	0.621072982117	0.58337361044	0.579990333494	0.570323827936	0.55099081682	0.535041082649	0.691638472692	0.672788786854	0.772353794103	0.709521507975	0.746737554374	0.722087965201	0.718704688255	0.743837602707	0.671822136298	0.652489125181	0.655872402127	0.65055582407	0.623489608507	0.731754470759	0.649589173514	0.718704688255	0.675688738521	0.716771387144
AD4	0.594006766554	0.506041565974	0.942967617206	0.63653939101	0.526824552924	0.408893185114	0.505558240696	0.0	0.326244562591	0.409859835669	0.452875785404	0.467858869019	0.521024649589	0.847752537458	0.543740937651	0.534557757371	0.476558724021	0.465442242629	0.935717738038	0.758820686322	0.575157080715	0.505074915418	0.508458192363	0.49540840986	0.90285161914	0.614306428226	0.449492508458	0.480908651522	0.51619139681	0.557274045433	0.55775737071	0.502658289029	0.409859835669	0.457225712905	0.645239246013	0.56259062349	0.43740937651	0.476075398743	0.423392943451	0.545674238763	0.480908651522	0.644755920735	0.612856452392	0.488158530691	0.508941517641	0.478008699855	0.666505558241	0.597390043499	0.638472692122	0.620106331561	0.610439826003	0.629772837119	0.52779120348	0.506041565974	0.516674722088	0.5186080232	0.534557757371	0.635572740454	0.553407443209	0.614789753504	0.50700821653	0.596423392943
AE3	0.575157080715	0.510874818753	0.938617689705	0.617206379894	0.553407443209	0.392943450942	0.622039632673	0.326244562591	0.0	0.519091348478	0.406959884002	0.498308361527	0.500241662639	0.84726921218	0.551474142098	0.524407926535	0.447075882069	0.421459642339	0.926051232479	0.745770903818	0.552440792653	0.478008699855	0.467858869019	0.463508941518	0.890285161914	0.598840019333	0.424842919285	0.444175930401	0.498308361527	0.547124214596	0.543257612373	0.479942000967	0.388110198163	0.446109231513	0.666988883519	0.594490091832	0.43740937651	0.517158047366	0.422426292895	0.588206863219	0.520057999033	0.686805219913	0.654422426293	0.520057999033	0.508941517641	0.485258579024	0.667955534074	0.595940067666	0.637989366844	0.622522957951	0.605606573224	0.634122764621	0.532141130981	0.514741420976	0.524891251812	0.52537457709	0.534557757371	0.636056065732	0.557274045433	0.616239729338	0.487191880135	0.593523441276
AE4	0.600289995167	0.515224746254	0.950700821653	0.624456259062	0.584340260996	0.542290961817	0.348477525375	0.409859835669	0.519091348478	0.0	0.595940067666	0.534074432093	0.570323827936	0.851135814403	0.539874335428	0.543257612373	0.600773320445	0.597873368777	0.930884485259	0.757854035766	0.663605606573	0.598356694055	0.606089898502	0.588690188497	0.900918318028	0.642822619623	0.59497341711	0.608506524891	0.60415659739	0.611889801837	0.646689221846	0.599323344611	0.543740937651	0.563557274045	0.692605123248	0.622039632673	0.581923634606	0.484775253746	0.549540840986	0.520541324311	0.504108264862	0.585306911551	0.554857419043	0.503141614306	0.623006283229	0.607056549058	0.72692121798	0.657805703238	0.699371677139	0.677138714355	0.673272112131	0.682455292412	0.602706621556	0.576123731271	0.578540357661	0.572740454326	0.545674238763	0.687771870469	0.582406959884	0.668438859352	0.602706621556	0.662155630739
AF3	0.618173030449	0.579990333494	0.973900434993	0.654905751571	0.621072982117	0.345577573707	0.672788786854	0.452875785404	0.406959884002	0.595940067666	0.0	0.528274528758	0.537941034316	0.87723537941	0.61575640406	0.581923634606	0.446592556791	0.420492991783	0.956500724988	0.786370227163	0.591590140164	0.528757854036	0.444175930401	0.438376027066	0.924117931368	0.639439342678	0.432092798453	0.49540840986	0.54857419043	0.598356694055	0.535524407927	0.506041565974	0.440309328178	0.497341710971	0.668438859352	0.610923151281	0.413726437893	0.548090865152	0.440309328178	0.624456259062	0.558240695988	0.730787820203	0.698405026583	0.557274045433	0.517158047366	0.493475108748	0.673272112131	0.598356694055	0.661672305462	0.629772837119	0.609956500725	0.637506041566	0.54857419043	0.510874818753	0.525857902368	0.528274528758	0.569840502658	0.642822619623	0.585306911551	0.615273078782	0.503141614306	0.597873368777
AF4	0.610439826003	0.494441759304	0.942000966651	0.608023199613	0.306911551474	0.404543257612	0.620106331561	0.467858869019	0.498308361527	0.534074432093	0.528274528758	0.0	0.535524407927	0.846302561624	0.55775737071	0.528274528758	0.55775737071	0.542774287095	0.888351860802	0.721121314645	0.683421942968	0.616723054616	0.639922667956	0.620589656839	0.84485258579	0.654905751571	0.577573707105	0.603673272112	0.628806186564	0.642822619623	0.644272595457	0.597873368777	0.53697438376	0.554857419043	0.605123247946	0.521024649589	0.550024166264	0.561140647656	0.520541324311	0.51619139681	0.497825036249	0.647655872402	0.624456259062	0.53020782987	0.576123731271	0.564523924601	0.601256645723	0.526341227646	0.575640405993	0.545674238763	0.558240695988	0.556790720155	0.478008699855	0.490575157081	0.510874818753	0.495891735138	0.55099081682	0.561623972934	0.540840985984	0.541324311261	0.552924117931	0.528274528758
AG3	0.594490091832	0.504108264862	0.966167230546	0.488158530691	0.584340260996	0.50700821653	0.651522474625	0.521024649589	0.500241662639	0.570323827936	0.537941034316	0.535524407927	0.0	0.840985983567	0.532624456259	0.534074432093	0.517158047366	0.50700821653	0.926534557757	0.756404059932	0.670372160464	0.596423392943	0.579023682939	0.589173513775	0.882551957467	0.647655872402	0.546157564041	0.558240695988	0.619623006283	0.623006283229	0.642822619623	0.569840502658	0.53020782987	0.533591106815	0.652972450459	0.598356694055	0.535041082649	0.566940550991	0.512324794587	0.579023682939	0.503141614306	0.683421942968	0.656355727405	0.558240695988	0.560657322378	0.561140647656	0.626872885452	0.56259062349	0.623006283229	0.601739971	0.578540357661	0.589173513775	0.533107781537	0.514258095698	0.534557757371	0.515708071532	0.538907684872	0.606089898502	0.551957467376	0.590623489609	0.512808119865	0.571290478492
AG4	0.845819236346	0.845819236346	0.359594006767	0.549057515708	0.829386176897	0.865152247463	0.864185596907	0.847752537458	0.84726921218	0.851135814403	0.87723537941	0.846302561624	0.840985983567	0.0	0.867085548574	0.843885935234	0.883035282745	0.878202029966	0.70372160464	0.677138714355	0.799420009667	0.821169647173	0.874335427743	0.861285645239	0.822619623006	0.813919768004	0.850652489125	0.855002416626	0.752054132431	0.749154180764	0.876752054132	0.866118898018	0.862252295795	0.870952150797	0.891735137748	0.877718704688	0.880618656356	0.858385693572	0.87723537941	0.875302078299	0.873368777187	0.838086031899	0.838569357177	0.850652489125	0.890768487192	0.880618656356	0.875302078299	0.876268728855	0.882068632189	0.874818753021	0.886418559691	0.875302078299	0.883035282745	0.879168680522	0.884968583857	0.878202029966	0.880618656356	0.877718704688	0.878685355244	0.876268728855	0.880618656356	0.884968583857
AH3	0.665055582407	0.383276945384	0.964233929435	0.611406476559	0.596906718221	0.566457225713	0.591106814886	0.543740937651	0.551474142098	0.539874335428	0.61575640406	0.55775737071	0.532624456259	0.867085548574	0.0	0.535524407927	0.601256645723	0.591106814886	0.930401159981	0.761720637989	0.701788303528	0.632189463509	0.624456259062	0.633639439343	0.90285161914	0.702754954084	0.631222812953	0.633639439343	0.662155630739	0.669405509908	0.69212179797	0.632189463509	0.544224262929	0.578540357661	0.705171580474	0.640889318511	0.619623006283	0.547124214596	0.596423392943	0.567423876269	0.543740937651	0.610923151281	0.577573707105	0.567423876269	0.64572257129	0.629772837119	0.708071532141	0.624456259062	0.668438859352	0.647172547124	0.652005799903	0.668438859352	0.609473175447	0.598840019333	0.607056549058	0.607539874335	0.577090381827	0.673272112131	0.570807153214	0.645239246013	0.595456742388	0.625906234896
AH4	0.328177863702	0.378443692605	0.94441759304	0.603673272112	0.585790236829	0.522474625423	0.635089415176	0.534557757371	0.524407926535	0.543257612373	0.581923634606	0.528274528758	0.534074432093	0.843885935234	0.535524407927	0.0	0.543740937651	0.534074432093	0.873852102465	0.713871435476	0.632672788787	0.568873852102	0.584823586274	0.5601739971	0.842435959401	0.614306428226	0.556790720155	0.5601739971	0.582406959884	0.588690188497	0.589173513775	0.545674238763	0.540357660706	0.550024166264	0.70372160464	0.626872885452	0.585306911551	0.573707104882	0.551474142098	0.569840502658	0.530691155147	0.680038666022	0.644272595457	0.56935717738	0.605123247946	0.593523441276	0.654905751571	0.597390043499	0.657805703238	0.618656355727	0.609473175447	0.628806186564	0.539874335428	0.51377477042	0.52537457709	0.521507974867	0.514258095698	0.621556307395	0.524891251812	0.611406476559	0.536491058482	0.59255679072
AA7	0.574190430159	0.557274045433	0.972450459159	0.65055582407	0.619139681005	0.475108748188	0.672788786854	0.476558724021	0.447075882069	0.600773320445	0.446592556791	0.55775737071	0.517158047366	0.883035282745	0.601256645723	0.543740937651	0.0	0.277912034799	0.924117931368	0.757854035766	0.581923634606	0.509908168197	0.473175447076	0.476075398743	0.87046882552	0.61575640406	0.435476075399	0.453842435959	0.544707588207	0.583856935718	0.515708071532	0.408409859836	0.427742870952	0.480425326245	0.695505074915	0.636056065732	0.461575640406	0.551957467376	0.482841952634	0.607539874335	0.539874335428	0.728371193813	0.696471725471	0.566940550991	0.538907684872	0.517158047366	0.664572257129	0.601739971	0.667955534074	0.642339294345	0.59497341711	0.627839536008	0.521024649589	0.51619139681	0.514741420976	0.5186080232	0.532141130981	0.620106331561	0.545674238763	0.632672788787	0.503141614306	0.602223296278
AA8	0.567423876269	0.549057515708	0.96761720638	0.638472692122	0.604639922668	0.452392460126	0.674238762687	0.465442242629	0.421459642339	0.597873368777	0.420492991783	0.542774287095	0.50700821653	0.878202029966	0.591106814886	0.534074432093	0.277912034799	0.0	0.924117931368	0.752537457709	0.565007249879	0.493475108748	0.453842435959	0.455292411793	0.860318994683	0.603189946834	0.421459642339	0.436442725955	0.53939101015	0.575640405993	0.471725471242	0.37264378927	0.413243112615	0.470275495408	0.693088448526	0.635572740454	0.447075882069	0.551474142098	0.463992266796	0.602706621556	0.536491058482	0.723537941034	0.695505074915	0.565490575157	0.532141130981	0.510874818753	0.652972450459	0.587240212663	0.660222329628	0.627839536008	0.584823586274	0.616239729338	0.520541324311	0.501691638473	0.511358144031	0.50700821653	0.532624456259	0.609473175447	0.542774287095	0.617689705172	0.48380860319	0.592073465442
AB7	0.870952150797	0.8796520058	0.747220879652	0.730304494925	0.873368777187	0.934751087482	0.939584340261	0.935717738038	0.926051232479	0.930884485259	0.956500724988	0.888351860802	0.926534557757	0.70372160464	0.930401159981	0.873852102465	0.924117931368	0.924117931368	0.0	0.417593040116	0.805703238279	0.841952634123	0.938134364427	0.913001449976	0.741420976317	0.828419526341	0.89125181247	0.872885451909	0.729337844369	0.70130497825	0.88883518608	0.908168197197	0.913968100532	0.938617689705	0.942000966651	0.927984533591	0.945384243596	0.920251329145	0.948767520541	0.925567907202	0.931367810536	0.870952150797	0.866602223296	0.905268245529	0.962783953601	0.951667472209	0.927501208313	0.927501208313	0.936201063316	0.924601256646	0.93281778637	0.923151280812	0.925084581924	0.9212179797	0.9212179797	0.917351377477	0.921701304978	0.91445142581	0.918318028033	0.921701304978	0.948284195263	0.931367810536
AB8	0.716771387144	0.716288061866	0.760753987434	0.572740454326	0.740937651039	0.761237312711	0.776220396327	0.758820686322	0.745770903818	0.757854035766	0.786370227163	0.721121314645	0.756404059932	0.677138714355	0.761720637989	0.713871435476	0.757854035766	0.752537457709	0.417593040116	0.0	0.640405993233	0.666988883519	0.762203963267	0.73610439826	0.732237796037	0.65732237796	0.714838086032	0.700338327695	0.526824552924	0.528757854036	0.730787820203	0.735137747704	0.74770420493	0.770420492992	0.808119864669	0.763653939101	0.775253745771	0.747220879652	0.770420492992	0.752537457709	0.752537457709	0.719671338811	0.710971483809	0.735137747704	0.788303528275	0.781053649106	0.811503141614	0.763170613823	0.802319961334	0.773320444659	0.773320444659	0.785886901885	0.761237312711	0.756404059932	0.759787336878	0.753020782987	0.75688738521	0.77090381827	0.756404059932	0.75688738521	0.775253745771	0.760753987434
AC7	0.618173030449	0.663122281295	0.882551957467	0.656839052682	0.72450459159	0.586756887385	0.706621556307	0.575157080715	0.552440792653	0.663605606573	0.591590140164	0.683421942968	0.670372160464	0.799420009667	0.701788303528	0.632672788787	0.581923634606	0.565007249879	0.805703238279	0.640405993233	0.0	0.343644272595	0.575157080715	0.55099081682	0.811986466892	0.588690188497	0.537941034316	0.517158047366	0.457709038183	0.479458675689	0.563073948768	0.547124214596	0.544707588207	0.589656839053	0.801353310778	0.745770903818	0.601739971	0.628322861286	0.594490091832	0.712421459642	0.67133881102	0.705171580474	0.684388593523	0.635089415176	0.640405993233	0.614306428226	0.822136297728	0.746254229096	0.797970033833	0.783953600773	0.750120831319	0.77767037216	0.686805219913	0.663122281295	0.66892218463	0.672788786854	0.658289028516	0.784436926051	0.680038666022	0.763653939101	0.616239729338	0.749154180764
AC8	0.567423876269	0.581923634606	0.907684871919	0.622522957951	0.661672305462	0.522957950701	0.683421942968	0.505074915418	0.478008699855	0.598356694055	0.528757854036	0.616723054616	0.596423392943	0.821169647173	0.632189463509	0.568873852102	0.509908168197	0.493475108748	0.841952634123	0.666988883519	0.343644272595	0.0	0.481875302078	0.464958917351	0.829386176897	0.556790720155	0.397776703722	0.383276945384	0.43740937651	0.476075398743	0.525857902368	0.478975350411	0.46979217013	0.5186080232	0.723054615756	0.666505558241	0.530691155147	0.556790720155	0.523924601257	0.628806186564	0.589173513775	0.678105364911	0.642339294345	0.574673755437	0.566940550991	0.544224262929	0.739004349928	0.662155630739	0.72450459159	0.710488158531	0.671822136298	0.69453842436	0.612373127115	0.584340260996	0.590140164331	0.59497341711	0.577573707105	0.700338327695	0.599806669889	0.693088448526	0.538424359594	0.663605606573
AD7	0.599806669889	0.582890285162	0.963267278879	0.666988883519	0.709521507975	0.51377477042	0.685355244079	0.508458192363	0.467858869019	0.606089898502	0.444175930401	0.639922667956	0.579023682939	0.874335427743	0.624456259062	0.584823586274	0.473175447076	0.453842435959	0.938134364427	0.762203963267	0.575157080715	0.481875302078	0.0	0.294828419526	0.908168197197	0.540357660706	0.40744320928	0.452875785404	0.522957950701	0.55775737071	0.50700821653	0.473658772354	0.472692121798	0.525857902368	0.729337844369	0.667955534074	0.49299178347	0.569840502658	0.524891251812	0.633156114065	0.593523441276	0.732237796037	0.698405026583	0.598840019333	0.554374093765	0.541807636539	0.74528757854	0.664572257129	0.735137747704	0.713388110198	0.672305461576	0.691638472692	0.617689705172	0.587723537941	0.585306911551	0.596423392943	0.574190430159	0.70372160464	0.605123247946	0.699855002417	0.549057515708	0.667472208797
AD8	0.570807153214	0.576123731271	0.950217496375	0.645239246013	0.686321894635	0.497825036249	0.677138714355	0.49540840986	0.463508941518	0.588690188497	0.438376027066	0.620589656839	0.589173513775	0.861285645239	0.633639439343	0.5601739971	0.476075398743	0.455292411793	0.913001449976	0.73610439826	0.55099081682	0.464958917351	0.294828419526	0.0	0.853552440793	0.497825036249	0.398260029	0.4398260029	0.485741904302	0.520541324311	0.489608506525	0.463508941518	0.479458675689	0.524891251812	0.72692121798	0.666022232963	0.486708554857	0.558724021266	0.518124697922	0.622522957951	0.593523441276	0.722087965201	0.687771870469	0.579990333494	0.565007249879	0.549540840986	0.73852102465	0.655389076849	0.727404543258	0.706621556307	0.659255679072	0.685838569357	0.609473175447	0.58095698405	0.577090381827	0.585790236829	0.572257129048	0.691638472692	0.600289995167	0.691155147414	0.545190913485	0.65732237796
AE7	0.837119381344	0.86805219913	0.852585790237	0.799420009667	0.830352827453	0.896568390527	0.916868052199	0.90285161914	0.890285161914	0.900918318028	0.924117931368	0.84485258579	0.882551957467	0.822619623006	0.90285161914	0.842435959401	0.87046882552	0.860318994683	0.741420976317	0.732237796037	0.811986466892	0.829386176897	0.908168197197	0.853552440793	0.0	0.544707588207	0.871435476075	0.861285645239	0.774287095215	0.769937167714	0.836152730788	0.842919284679	0.889801836636	0.907684871919	0.928951184147	0.917351377477	0.918801353311	0.897535041083	0.914934751087	0.876268728855	0.894635089415	0.871435476075	0.870952150797	0.872885451909	0.941517641373	0.928467858869	0.885935234413	0.899951667472	0.91203479942	0.894151764137	0.900918318028	0.895118414693	0.892218463026	0.888351860802	0.897535041083	0.886418559691	0.903334944418	0.886418559691	0.899951667472	0.903334944418	0.913001449976	0.899468342194
AE8	0.605606573224	0.641372643789	0.899468342194	0.64813919768	0.707104881585	0.607056549058	0.680038666022	0.614306428226	0.598840019333	0.642822619623	0.639439342678	0.654905751571	0.647655872402	0.813919768004	0.702754954084	0.614306428226	0.61575640406	0.603189946834	0.828419526341	0.65732237796	0.588690188497	0.556790720155	0.540357660706	0.497825036249	0.544707588207	0.0	0.578057032383	0.579023682939	0.541324311261	0.526341227646	0.589173513775	0.584340260996	0.608506524891	0.621556307395	0.758337361044	0.709521507975	0.635089415176	0.614789753504	0.630256162397	0.649589173514	0.647655872402	0.69453842436	0.672788786854	0.604639922668	0.651039149348	0.642339294345	0.767037216046	0.709521507975	0.769937167714	0.731754470759	0.717738037699	0.74770420493	0.677138714355	0.646689221846	0.64572257129	0.646689221846	0.647655872402	0.735621072982	0.677138714355	0.719188013533	0.623006283229	0.709038182697
AF7	0.570323827936	0.564040599323	0.938617689705	0.646689221846	0.639439342678	0.481875302078	0.688255195747	0.449492508458	0.424842919285	0.59497341711	0.432092798453	0.577573707105	0.546157564041	0.850652489125	0.631222812953	0.556790720155	0.435476075399	0.421459642339	0.89125181247	0.714838086032	0.537941034316	0.397776703722	0.40744320928	0.398260029	0.871435476075	0.578057032383	0.0	0.30787820203	0.479942000967	0.518124697922	0.485741904302	0.47220879652	0.418076365394	0.47462542291	0.684871918801	0.618173030449	0.45142580957	0.531174480425	0.48380860319	0.610923151281	0.541807636539	0.708554857419	0.669405509908	0.540840985984	0.519091348478	0.498791686805	0.677138714355	0.601739971	0.679072015466	0.662155630739	0.619139681005	0.629772837119	0.552924117931	0.526824552924	0.532141130981	0.538907684872	0.546640889319	0.6389560174	0.564523924601	0.641855969067	0.489125181247	0.60657322378
AF8	0.559207346544	0.565973900435	0.939584340261	0.654422426293	0.65732237796	0.504108264862	0.693088448526	0.480908651522	0.444175930401	0.608506524891	0.49540840986	0.603673272112	0.558240695988	0.855002416626	0.633639439343	0.5601739971	0.453842435959	0.436442725955	0.872885451909	0.700338327695	0.517158047366	0.383276945384	0.452875785404	0.4398260029	0.861285645239	0.579023682939	0.30787820203	0.0	0.470275495408	0.498791686805	0.513291445143	0.457709038183	0.428709521508	0.491058482359	0.705171580474	0.643305944901	0.478492025133	0.535041082649	0.504108264862	0.605606573224	0.563557274045	0.691638472692	0.654905751571	0.547607539874	0.540840985984	0.522957950701	0.68970517158	0.619139681005	0.688255195747	0.672788786854	0.629289511841	0.644755920735	0.572257129048	0.542290961817	0.544707588207	0.550024166264	0.544707588207	0.652489125181	0.561623972934	0.653455775737	0.49299178347	0.616723054616
AG7	0.590623489609	0.607539874335	0.838569357177	0.555340744321	0.673755437409	0.532141130981	0.683905268246	0.51619139681	0.498308361527	0.60415659739	0.54857419043	0.628806186564	0.619623006283	0.752054132431	0.662155630739	0.582406959884	0.544707588207	0.53939101015	0.729337844369	0.526824552924	0.457709038183	0.43740937651	0.522957950701	0.485741904302	0.774287095215	0.541324311261	0.479942000967	0.470275495408	0.0	0.326727887869	0.552924117931	0.523924601257	0.506524891252	0.555340744321	0.745770903818	0.6805219913	0.545190913485	0.555340744321	0.544224262929	0.629289511841	0.617206379894	0.665538907685	0.630256162397	0.568873852102	0.594006766554	0.574673755437	0.75688738521	0.678588690188	0.73852102465	0.723537941034	0.679072015466	0.71290478492	0.629772837119	0.60657322378	0.608989850169	0.610923151281	0.614306428226	0.71290478492	0.638472692122	0.699371677139	0.575157080715	0.678105364911
AG8	0.584823586274	0.621072982117	0.860802319961	0.593523441276	0.676172063799	0.567423876269	0.679555340744	0.557274045433	0.547124214596	0.611889801837	0.598356694055	0.642822619623	0.623006283229	0.749154180764	0.669405509908	0.588690188497	0.583856935718	0.575640405993	0.70130497825	0.528757854036	0.479458675689	0.476075398743	0.55775737071	0.520541324311	0.769937167714	0.526341227646	0.518124697922	0.498791686805	0.326727887869	0.0	0.569840502658	0.545674238763	0.554857419043	0.577573707105	0.752054132431	0.690188496858	0.57177380377	0.563073948768	0.573223779604	0.63653939101	0.619139681005	0.656355727405	0.633639439343	0.576607056549	0.619139681005	0.599806669889	0.763653939101	0.684871918801	0.74528757854	0.726437892702	0.69212179797	0.717254712421	0.643789270179	0.620589656839	0.616723054616	0.61575640406	0.621072982117	0.718704688255	0.649105848236	0.707104881585	0.599323344611	0.683421942968
AH7	0.589656839053	0.634122764621	0.954084098598	0.697438376027	0.700821652972	0.570807153214	0.705171580474	0.55775737071	0.543257612373	0.646689221846	0.535524407927	0.644272595457	0.642822619623	0.876752054132	0.69212179797	0.589173513775	0.515708071532	0.471725471242	0.88883518608	0.730787820203	0.563073948768	0.525857902368	0.50700821653	0.489608506525	0.836152730788	0.589173513775	0.485741904302	0.513291445143	0.552924117931	0.569840502658	0.0	0.341710971484	0.563073948768	0.611406476559	0.774770420493	0.72450459159	0.555824069599	0.632189463509	0.595456742388	0.663605606573	0.65055582407	0.758337361044	0.740454325761	0.653939101015	0.642822619623	0.620106331561	0.767037216046	0.706621556307	0.765103914935	0.729337844369	0.707104881585	0.727404543258	0.641372643789	0.618656355727	0.621556307395	0.627839536008	0.621072982117	0.734171097148	0.640889318511	0.718221362977	0.609473175447	0.708071532141
AH8	0.55775737071	0.578540357661	0.958917351377	0.657805703238	0.65732237796	0.509908168197	0.676172063799	0.502658289029	0.479942000967	0.599323344611	0.506041565974	0.597873368777	0.569840502658	0.866118898018	0.632189463509	0.545674238763	0.408409859836	0.37264378927	0.908168197197	0.735137747704	0.547124214596	0.478975350411	0.473658772354	0.463508941518	0.842919284679	0.584340260996	0.47220879652	0.457709038183	0.523924601257	0.545674238763	0.341710971484	0.0	0.491058482359	0.538907684872	0.737071048816	0.678105364911	0.504108264862	0.578540357661	0.528757854036	0.607056549058	0.58095698405	0.722571290478	0.694055099082	0.603673272112	0.577090381827	0.559207346544	0.705171580474	0.646205896568	0.716771387144	0.681971967134	0.646205896568	0.664088931851	0.574190430159	0.558724021266	0.565007249879	0.564523924601	0.5601739971	0.67133881102	0.581923634606	0.669405509908	0.541324311261	0.650072498792
AA5	0.586273562107	0.519091348478	0.955534074432	0.640405993233	0.59497341711	0.44900918318	0.623006283229	0.409859835669	0.388110198163	0.543740937651	0.440309328178	0.53697438376	0.53020782987	0.862252295795	0.544224262929	0.540357660706	0.427742870952	0.413243112615	0.913968100532	0.74770420493	0.544707588207	0.46979217013	0.472692121798	0.479458675689	0.889801836636	0.608506524891	0.418076365394	0.428709521508	0.506524891252	0.554857419043	0.563073948768	0.491058482359	0.0	0.333977767037	0.666505558241	0.587723537941	0.449975833736	0.467375543741	0.450459159014	0.548090865152	0.481875302078	0.626389560174	0.594490091832	0.468342194297	0.516674722088	0.482841952634	0.700338327695	0.629772837119	0.664572257129	0.649589173514	0.640889318511	0.666505558241	0.544707588207	0.536491058482	0.545190913485	0.543257612373	0.528274528758	0.662638956017	0.556307394877	0.633639439343	0.492508458192	0.623006283229
AA6	0.588206863219	0.536491058482	0.964717254712	0.657805703238	0.618656355727	0.46979217013	0.641855969067	0.457225712905	0.446109231513	0.563557274045	0.497341710971	0.554857419043	0.533591106815	0.870952150797	0.578540357661	0.550024166264	0.480425326245	0.470275495408	0.938617689705	0.770420492992	0.589656839053	0.5186080232	0.525857902368	0.524891251812	0.907684871919	0.621556307395	0.47462542291	0.491058482359	0.555340744321	0.577573707105	0.611406476559	0.538907684872	0.333977767037	0.0	0.670372160464	0.593040115998	0.496375060416	0.501208313195	0.477525374577	0.577573707105	0.511358144031	0.66892218463	0.636056065732	0.512808119865	0.452875785404	0.420009666506	0.699371677139	0.628806186564	0.665538907685	0.651522474625	0.636056065732	0.662155630739	0.549540840986	0.540357660706	0.543257612373	0.544707588207	0.540357660706	0.661188980184	0.564523924601	0.634606089899	0.500241662639	0.623006283229
AB5	0.747220879652	0.658772353794	0.97680038666	0.724021266312	0.616239729338	0.640889318511	0.732721121315	0.645239246013	0.666988883519	0.692605123248	0.668438859352	0.605123247946	0.652972450459	0.891735137748	0.705171580474	0.70372160464	0.695505074915	0.693088448526	0.942000966651	0.808119864669	0.801353310778	0.723054615756	0.729337844369	0.72692121798	0.928951184147	0.758337361044	0.684871918801	0.705171580474	0.745770903818	0.752054132431	0.774770420493	0.737071048816	0.666505558241	0.670372160464	0.0	0.295311744804	0.609956500725	0.667472208797	0.623489608507	0.626389560174	0.604639922668	0.74770420493	0.716288061866	0.649105848236	0.616723054616	0.610439826003	0.621556307395	0.606089898502	0.619139681005	0.593040115998	0.617206379894	0.607056549058	0.582890285162	0.591106814886	0.599323344611	0.610439826003	0.662155630739	0.605123247946	0.651522474625	0.595940067666	0.662638956017	0.605123247946
AB6	0.685355244079	0.577573707105	0.96761720638	0.666022232963	0.565973900435	0.565973900435	0.667955534074	0.56259062349	0.594490091832	0.622039632673	0.610923151281	0.521024649589	0.598356694055	0.877718704688	0.640889318511	0.626872885452	0.636056065732	0.635572740454	0.927984533591	0.763653939101	0.745770903818	0.666505558241	0.667955534074	0.666022232963	0.917351377477	0.709521507975	0.618173030449	0.643305944901	0.6805219913	0.690188496858	0.72450459159	0.678105364911	0.587723537941	0.593040115998	0.295311744804	0.0	0.556307394877	0.586273562107	0.566457225713	0.559207346544	0.537941034316	0.678105364911	0.646205896568	0.541807636539	0.559690671822	0.545190913485	0.602223296278	0.54857419043	0.581440309328	0.554374093765	0.562107298212	0.576607056549	0.50700821653	0.537457709038	0.547607539874	0.558240695988	0.588206863219	0.564523924601	0.579990333494	0.53697438376	0.609956500725	0.543740937651
AC5	0.607539874335	0.568873852102	0.974867085549	0.656355727405	0.608989850169	0.447075882069	0.660222329628	0.43740937651	0.43740937651	0.581923634606	0.413726437893	0.550024166264	0.535041082649	0.880618656356	0.619623006283	0.585306911551	0.461575640406	0.447075882069	0.945384243596	0.775253745771	0.601739971	0.530691155147	0.49299178347	0.486708554857	0.918801353311	0.635089415176	0.45142580957	0.478492025133	0.545190913485	0.57177380377	0.555824069599	0.504108264862	0.449975833736	0.496375060416	0.609956500725	0.556307394877	0.0	0.440309328178	0.409859835669	0.584340260996	0.523924601257	0.711454809087	0.665055582407	0.53697438376	0.48380860319	0.467375543741	0.618656355727	0.55775737071	0.619139681005	0.589656839053	0.56259062349	0.587240212663	0.511358144031	0.478975350411	0.487675205413	0.494441759304	0.556307394877	0.59497341711	0.575640405993	0.572740454326	0.512324794587	0.558724021266
AC6	0.618173030449	0.528274528758	0.958917351377	0.637022716288	0.59497341711	0.517641372644	0.52779120348	0.476075398743	0.517158047366	0.484775253746	0.548090865152	0.561140647656	0.566940550991	0.858385693572	0.547124214596	0.573707104882	0.551957467376	0.551474142098	0.920251329145	0.747220879652	0.628322861286	0.556790720155	0.569840502658	0.558724021266	0.897535041083	0.614789753504	0.531174480425	0.535041082649	0.555340744321	0.563073948768	0.632189463509	0.578540357661	0.467375543741	0.501208313195	0.667472208797	0.586273562107	0.440309328178	0.0	0.513291445143	0.512324794587	0.519091348478	0.501691638473	0.459159014016	0.427742870952	0.574673755437	0.547124214596	0.699855002417	0.638472692122	0.670855485742	0.650072498792	0.643789270179	0.671822136298	0.597873368777	0.576607056549	0.579507008217	0.573707104882	0.545190913485	0.670372160464	0.567423876269	0.635089415176	0.551957467376	0.637022716288
AD6	0.597390043499	0.550507491542	0.973900434993	0.635089415176	0.568390526825	0.417593040116	0.621072982117	0.423392943451	0.422426292895	0.549540840986	0.440309328178	0.520541324311	0.512324794587	0.87723537941	0.596423392943	0.551474142098	0.482841952634	0.463992266796	0.948767520541	0.770420492992	0.594490091832	0.523924601257	0.524891251812	0.518124697922	0.914934751087	0.630256162397	0.48380860319	0.504108264862	0.544224262929	0.573223779604	0.595456742388	0.528757854036	0.450459159014	0.477525374577	0.623489608507	0.566457225713	0.409859835669	0.513291445143	0.0	0.554374093765	0.440792653456	0.708071532141	0.66892218463	0.531174480425	0.492025132914	0.468825519575	0.610923151281	0.542774287095	0.59497341711	0.57177380377	0.561140647656	0.579023682939	0.500241662639	0.467858869019	0.4813919768	0.477525374577	0.538424359594	0.58337361044	0.553890768487	0.566940550991	0.46979217013	0.543257612373
AE5	0.633156114065	0.521991300145	0.974383760271	0.643789270179	0.551957467376	0.553407443209	0.58337361044	0.545674238763	0.588206863219	0.520541324311	0.624456259062	0.51619139681	0.579023682939	0.875302078299	0.567423876269	0.569840502658	0.607539874335	0.602706621556	0.925567907202	0.752537457709	0.712421459642	0.628806186564	0.633156114065	0.622522957951	0.876268728855	0.649589173514	0.610923151281	0.605606573224	0.629289511841	0.63653939101	0.663605606573	0.607056549058	0.548090865152	0.577573707105	0.626389560174	0.559207346544	0.584340260996	0.512324794587	0.554374093765	0.0	0.360560657322	0.619623006283	0.577573707105	0.515708071532	0.621072982117	0.623489608507	0.669405509908	0.610439826003	0.636056065732	0.614789753504	0.629289511841	0.649589173514	0.544224262929	0.562107298212	0.578057032383	0.552924117931	0.549057515708	0.641372643789	0.552924117931	0.600289995167	0.56935717738	0.609473175447
AE6	0.612373127115	0.488158530691	0.974383760271	0.634122764621	0.552440792653	0.505558240696	0.579990333494	0.480908651522	0.520057999033	0.504108264862	0.558240695988	0.497825036249	0.503141614306	0.873368777187	0.543740937651	0.530691155147	0.539874335428	0.536491058482	0.931367810536	0.752537457709	0.67133881102	0.589173513775	0.593523441276	0.593523441276	0.894635089415	0.647655872402	0.541807636539	0.563557274045	0.617206379894	0.619139681005	0.65055582407	0.58095698405	0.481875302078	0.511358144031	0.604639922668	0.537941034316	0.523924601257	0.519091348478	0.440792653456	0.360560657322	0.0	0.65055582407	0.610439826003	0.492508458192	0.549540840986	0.545674238763	0.632189463509	0.569840502658	0.609473175447	0.59255679072	0.588206863219	0.609473175447	0.506524891252	0.494925084582	0.516674722088	0.494441759304	0.503141614306	0.60657322378	0.517641372644	0.576607056549	0.505558240696	0.576123731271
AF5	0.719671338811	0.634122764621	0.929917834703	0.6805219913	0.683421942968	0.690188496858	0.570323827936	0.644755920735	0.686805219913	0.585306911551	0.730787820203	0.647655872402	0.683421942968	0.838086031899	0.610923151281	0.680038666022	0.728371193813	0.723537941034	0.870952150797	0.719671338811	0.705171580474	0.678105364911	0.732237796037	0.722087965201	0.871435476075	0.69453842436	0.708554857419	0.691638472692	0.665538907685	0.656355727405	0.758337361044	0.722571290478	0.626389560174	0.66892218463	0.74770420493	0.678105364911	0.711454809087	0.501691638473	0.708071532141	0.619623006283	0.65055582407	0.0	0.264378927018	0.535524407927	0.733204446593	0.721121314645	0.780570323828	0.729337844369	0.761720637989	0.739004349928	0.739004349928	0.764137264379	0.70130497825	0.722571290478	0.733204446593	0.718704688255	0.681005316578	0.753020782987	0.6805219913	0.726437892702	0.716288061866	0.731271145481
AF6	0.699855002417	0.597390043499	0.932334461092	0.661188980184	0.652005799903	0.661188980184	0.55099081682	0.612856452392	0.654422426293	0.554857419043	0.698405026583	0.624456259062	0.656355727405	0.838569357177	0.577573707105	0.644272595457	0.696471725471	0.695505074915	0.866602223296	0.710971483809	0.684388593523	0.642339294345	0.698405026583	0.687771870469	0.870952150797	0.672788786854	0.669405509908	0.654905751571	0.630256162397	0.633639439343	0.740454325761	0.694055099082	0.594490091832	0.636056065732	0.716288061866	0.646205896568	0.665055582407	0.459159014016	0.66892218463	0.577573707105	0.610439826003	0.264378927018	0.0	0.501208313195	0.697921701305	0.685355244079	0.756404059932	0.700821652972	0.737554374094	0.704688255196	0.707104881585	0.736587723538	0.667472208797	0.684871918801	0.69453842436	0.679555340744	0.643789270179	0.727887868536	0.641372643789	0.695021749638	0.678105364911	0.700821652972
