	AA3	AA4	AB3	AB4	AC3	AC4	AD3	AD4	AE3	AE4	AF3	AF4	AG3	AG4	AH3	AH4	AA7	AA8	AB7	AB8	AC7	AC8	AD7	AD8	AE7	AE8	AF7	AF8	AG7	AG8	AH7	AH8	AA5	AA6	AB5	AB6	AC5	AC6	AD6	AE5	AE6	AF5	AF6	AG5	AH5	AH6	AA1	AA2	AB1	AB2	AC1	AC2	AD1	AD2	AE1	AE2	AF1	AF2	AG1	AG2	AH1	AH2
AA3	0.0	0.467375543741	0.941034316095	0.6389560174	0.665538907685	0.588206863219	0.673755437409	0.574190430159	0.571290478492	0.611406476559	0.608506524891	0.618173030449	0.574673755437	0.849202513291	0.650072498792	0.329627839536	0.568873852102	0.561140647656	0.873368777187	0.699855002417	0.62493958434	0.568873852102	0.594490091832	0.58337361044	0.848235862736	0.601256645723	0.566457225713	0.56259062349	0.595456742388	0.579507008217	0.587723537941	0.558240695988	0.586273562107	0.592073465442	0.739487675205	0.673755437409	0.599806669889	0.626389560174	0.603189946834	0.626389560174	0.587723537941	0.713388110198	0.692605123248	0.627839536008	0.62735621073	0.619623006283	0.68293861769	0.65055582407	0.713388110198	0.662155630739	0.649105848236	0.671822136298	0.561623972934	0.564040599323	0.566457225713	0.566457225713	0.579990333494	0.65055582407	0.579507008217	0.651039149348	0.573707104882	0.636056065732
AA4	0.467375543741	0.0	0.947800869986	0.589173513775	0.574673755437	0.499758337361	0.589173513775	0.473175447076	0.493958434026	0.500724987917	0.547124214596	0.51619139681	0.468342194297	0.850169163847	0.373610439826	0.35186080232	0.522474625423	0.519091348478	0.891735137748	0.704688255196	0.642339294345	0.563073948768	0.554857419043	0.54857419043	0.871918801353	0.600773320445	0.529241179314	0.531174480425	0.574190430159	0.582890285162	0.607539874335	0.542774287095	0.496858385694	0.504108264862	0.65973900435	0.593040115998	0.551957467376	0.509424842919	0.534557757371	0.515708071532	0.471242145964	0.634606089899	0.596423392943	0.508458192363	0.573223779604	0.555340744321	0.655872402127	0.589173513775	0.642339294345	0.615273078782	0.598356694055	0.629772837119	0.514258095698	0.507974867086	0.521024649589	0.516674722088	0.492025132914	0.619623006283	0.500241662639	0.595940067666	0.497341710971	0.572740454326
AB3	0.941034316095	0.947800869986	0.0	0.653455775737	0.913001449976	0.953117448043	0.956984050266	0.942000966651	0.93523441276	0.941517641373	0.971483808603	0.933784436926	0.958917351377	0.350410826486	0.956984050266	0.938134364427	0.970033832769	0.968583856936	0.729821169647	0.765587240213	0.88883518608	0.905751570807	0.956984050266	0.94683421943	0.842435959401	0.893185113581	0.942484291928	0.93281778637	0.849685838569	0.836636056066	0.953117448043	0.951184146931	0.955050749154	0.962783953601	0.971000483325	0.959400676655	0.972933784437	0.948284195263	0.972450459159	0.972933784437	0.971483808603	0.929917834703	0.927017883035	0.942967617206	0.974867085549	0.971000483325	0.972450459159	0.970517158047	0.969067182214	0.971000483325	0.971483808603	0.970033832769	0.971967133881	0.973900434993	0.979700338328	0.972450459159	0.971000483325	0.970033832769	0.971000483325	0.972450459159	0.973417109715	0.972450459159
AB4	0.6389560174	0.589173513775	0.653455775737	0.0	0.64572257129	0.625906234896	0.695021749638	0.618173030449	0.623006283229	0.631222812953	0.64813919768	0.61575640406	0.502174963751	0.538424359594	0.619623006283	0.592073465442	0.638472692122	0.637989366844	0.723537941034	0.564523924601	0.653939101015	0.615273078782	0.652972450459	0.646205896568	0.792653455776	0.638472692122	0.647655872402	0.634122764621	0.565973900435	0.567423876269	0.684871918801	0.640405993233	0.646205896568	0.654905751571	0.724987916868	0.669888835186	0.665538907685	0.64813919768	0.6389560174	0.64572257129	0.632189463509	0.675205413243	0.657805703238	0.640889318511	0.682455292412	0.672788786854	0.721604639923	0.673272112131	0.716771387144	0.690671822136	0.679555340744	0.695505074915	0.637989366844	0.64572257129	0.664088931851	0.64572257129	0.642339294345	0.687771870469	0.637022716288	0.666022232963	0.651522474625	0.675205413243
AC3	0.665538907685	0.574673755437	0.913001449976	0.64572257129	0.0	0.500241662639	0.645239246013	0.555340744321	0.573707104882	0.590623489609	0.619623006283	0.306911551474	0.594490091832	0.819236346061	0.597873368777	0.603189946834	0.62735621073	0.600773320445	0.866118898018	0.727404543258	0.731754470759	0.678588690188	0.712421459642	0.711938134364	0.831319478009	0.686321894635	0.655389076849	0.678105364911	0.674238762687	0.683421942968	0.709038182697	0.666505558241	0.605606573224	0.631706138231	0.605123247946	0.566940550991	0.621556307395	0.594490091832	0.590623489609	0.559690671822	0.553890768487	0.656355727405	0.646205896568	0.556790720155	0.646205896568	0.6389560174	0.583856935718	0.587723537941	0.584823586274	0.569840502658	0.599806669889	0.597390043499	0.533591106815	0.563557274045	0.58095698405	0.566940550991	0.618173030449	0.573707104882	0.625906234896	0.601739971	0.614306428226	0.591590140164
AC4	0.588206863219	0.499758337361	0.953117448043	0.625906234896	0.500241662639	0.0	0.643789270179	0.410826486225	0.401159980667	0.533107781537	0.334944417593	0.41662638956	0.508458192363	0.858385693572	0.586756887385	0.536007733204	0.475108748188	0.44900918318	0.927984533591	0.73852102465	0.585306911551	0.520541324311	0.506041565974	0.514741420976	0.896568390527	0.594490091832	0.48380860319	0.510874818753	0.527307878202	0.5601739971	0.573223779604	0.51377477042	0.464475592073	0.488641855969	0.625906234896	0.553407443209	0.457225712905	0.535524407927	0.405993233446	0.560657322378	0.49299178347	0.700338327695	0.664088931851	0.521507974867	0.505558240696	0.486708554857	0.633639439343	0.571290478492	0.602223296278	0.585306911551	0.572257129048	0.602223296278	0.490575157081	0.500241662639	0.515224746254	0.50459159014	0.556307394877	0.59497341711	0.552924117931	0.561140647656	0.479942000967	0.5601739971
AD3	0.673755437409	0.589173513775	0.956984050266	0.695021749638	0.645239246013	0.643789270179	0.0	0.542774287095	0.646205896568	0.370227162881	0.6805219913	0.599323344611	0.633156114065	0.864185596907	0.584340260996	0.639439342678	0.69212179797	0.687288545191	0.943934267762	0.760753987434	0.731754470759	0.698888351861	0.695988400193	0.694055099082	0.924601256646	0.697438376027	0.702271628806	0.695988400193	0.69453842436	0.688738521025	0.727887868536	0.695021749638	0.622522957951	0.649105848236	0.722087965201	0.660222329628	0.684388593523	0.532624456259	0.634122764621	0.572740454326	0.588690188497	0.541324311261	0.523924601257	0.562107298212	0.698888351861	0.694055099082	0.764137264379	0.710004833253	0.737071048816	0.709521507975	0.710488158531	0.735621072982	0.663605606573	0.664088931851	0.668438859352	0.648622522958	0.626872885452	0.721121314645	0.638472692122	0.699855002417	0.685838569357	0.696471725471
AD4	0.574190430159	0.473175447076	0.942000966651	0.618173030449	0.555340744321	0.410826486225	0.542774287095	0.0	0.309328177864	0.40502658289	0.432092798453	0.489608506525	0.50700821653	0.848719188014	0.544707588207	0.521507974867	0.473175447076	0.441759304012	0.933301111648	0.743354277429	0.576123731271	0.504108264862	0.487675205413	0.488641855969	0.901401643306	0.595940067666	0.455775737071	0.471725471242	0.497341710971	0.543740937651	0.552440792653	0.496858385694	0.407926534558	0.456259062349	0.633639439343	0.55775737071	0.445625906235	0.49540840986	0.421942967617	0.545674238763	0.458675688739	0.659255679072	0.623006283229	0.484775253746	0.501208313195	0.482841952634	0.658772353794	0.596423392943	0.637022716288	0.616723054616	0.597390043499	0.625422909618	0.501208313195	0.514741420976	0.515224746254	0.508941517641	0.531174480425	0.618173030449	0.540840985984	0.596906718221	0.487675205413	0.581440309328
AE3	0.571290478492	0.493958434026	0.93523441276	0.623006283229	0.573707104882	0.401159980667	0.646205896568	0.309328177864	0.0	0.499275012083	0.411793136781	0.515224746254	0.497825036249	0.846302561624	0.554857419043	0.519091348478	0.451909134848	0.420976317061	0.920251329145	0.731271145481	0.556307394877	0.478008699855	0.470275495408	0.475592073465	0.886901884969	0.584340260996	0.431609473175	0.462542290962	0.475592073465	0.533591106815	0.540840985984	0.475592073465	0.402609956501	0.452392460126	0.656839052682	0.584340260996	0.442725954567	0.52779120348	0.434509424843	0.590140164331	0.507491541808	0.691155147414	0.652005799903	0.514741420976	0.503141614306	0.477525374577	0.663605606573	0.608506524891	0.638472692122	0.621556307395	0.600773320445	0.637989366844	0.51377477042	0.530691155147	0.534074432093	0.524407926535	0.544707588207	0.628322861286	0.556307394877	0.596906718221	0.484775253746	0.588690188497
AE4	0.611406476559	0.500724987917	0.941517641373	0.631222812953	0.590623489609	0.533107781537	0.370227162881	0.40502658289	0.499275012083	0.0	0.577573707105	0.53020782987	0.564040599323	0.843885935234	0.551474142098	0.554374093765	0.579990333494	0.581440309328	0.925084581924	0.733204446593	0.646689221846	0.594006766554	0.575157080715	0.578540357661	0.90285161914	0.603189946834	0.577090381827	0.573707104882	0.564523924601	0.579990333494	0.627839536008	0.586273562107	0.522474625423	0.545190913485	0.681488641856	0.611406476559	0.573707104882	0.471725471242	0.535524407927	0.522957950701	0.517641372644	0.592073465442	0.556307394877	0.494925084582	0.596423392943	0.588690188497	0.724021266312	0.664572257129	0.697438376027	0.680038666022	0.666988883519	0.691638472692	0.599323344611	0.597390043499	0.592073465442	0.59497341711	0.573707104882	0.684388593523	0.595940067666	0.655872402127	0.579990333494	0.644755920735
AF3	0.608506524891	0.547124214596	0.971483808603	0.64813919768	0.619623006283	0.334944417593	0.6805219913	0.432092798453	0.411793136781	0.577573707105	0.0	0.532141130981	0.536007733204	0.878685355244	0.614789753504	0.581440309328	0.454809086515	0.426292895118	0.954567423876	0.76848719188	0.583856935718	0.533107781537	0.423392943451	0.452875785404	0.916868052199	0.619139681005	0.447075882069	0.508458192363	0.515708071532	0.585790236829	0.53020782987	0.498791686805	0.448525857902	0.500241662639	0.667955534074	0.602706621556	0.426776220396	0.565490575157	0.438859352344	0.612373127115	0.536491058482	0.729821169647	0.693088448526	0.549057515708	0.517641372644	0.493958434026	0.669888835186	0.607539874335	0.658772353794	0.622039632673	0.607539874335	0.635572740454	0.537457709038	0.531657805703	0.538907684872	0.539874335428	0.585306911551	0.630739487675	0.576123731271	0.596423392943	0.494441759304	0.591106814886
AF4	0.618173030449	0.51619139681	0.933784436926	0.61575640406	0.306911551474	0.41662638956	0.599323344611	0.489608506525	0.515224746254	0.53020782987	0.532141130981	0.0	0.538907684872	0.840019333011	0.551474142098	0.545190913485	0.581923634606	0.553407443209	0.880618656356	0.70372160464	0.704204929918	0.643789270179	0.651039149348	0.653455775737	0.84485258579	0.644755920735	0.596906718221	0.617689705172	0.634122764621	0.644755920735	0.656839052682	0.615273078782	0.543740937651	0.572740454326	0.610923151281	0.532141130981	0.572740454326	0.546640889319	0.536491058482	0.510874818753	0.508458192363	0.623489608507	0.60657322378	0.513291445143	0.590623489609	0.585790236829	0.600289995167	0.54857419043	0.590623489609	0.552924117931	0.552440792653	0.573707104882	0.505074915418	0.520057999033	0.533591106815	0.522957950701	0.568390526825	0.56259062349	0.573223779604	0.554374093765	0.554374093765	0.53939101015
AG3	0.574673755437	0.468342194297	0.958917351377	0.502174963751	0.594490091832	0.508458192363	0.633156114065	0.50700821653	0.497825036249	0.564040599323	0.536007733204	0.538907684872	0.0	0.840502658289	0.50459159014	0.501691638473	0.517158047366	0.485258579024	0.928951184147	0.742387626873	0.670372160464	0.599806669889	0.58095698405	0.577573707105	0.885935234413	0.637022716288	0.535524407927	0.56935717738	0.604639922668	0.61333977767	0.633156114065	0.556790720155	0.517641372644	0.515708071532	0.64572257129	0.586756887385	0.541324311261	0.551474142098	0.521991300145	0.558240695988	0.499275012083	0.674238762687	0.640889318511	0.531657805703	0.56935717738	0.554374093765	0.632189463509	0.581440309328	0.61575640406	0.608506524891	0.585790236829	0.612373127115	0.51377477042	0.526341227646	0.53939101015	0.524891251812	0.538907684872	0.609956500725	0.538424359594	0.595456742388	0.502174963751	0.568873852102
AG4	0.849202513291	0.850169163847	0.350410826486	0.538424359594	0.819236346061	0.858385693572	0.864185596907	0.848719188014	0.846302561624	0.843885935234	0.878685355244	0.840019333011	0.840502658289	0.0	0.864668922185	0.843402609957	0.881101981634	0.880618656356	0.707104881585	0.675688738521	0.809086515225	0.81488641856	0.864668922185	0.857902368294	0.819236346061	0.807636539391	0.852102464959	0.837119381344	0.761720637989	0.745770903818	0.866602223296	0.859835669406	0.860802319961	0.869985500242	0.884968583857	0.869018849686	0.882068632189	0.853552440793	0.877718704688	0.874335427743	0.871918801353	0.842919284679	0.835186080232	0.851619139681	0.885935234413	0.881101981634	0.881101981634	0.875785403577	0.878685355244	0.872885451909	0.881585306912	0.879168680522	0.883035282745	0.880618656356	0.88883518608	0.884485258579	0.881101981634	0.876752054132	0.879168680522	0.877718704688	0.886418559691	0.883035282745
AH3	0.650072498792	0.373610439826	0.956984050266	0.619623006283	0.597873368777	0.586756887385	0.584340260996	0.544707588207	0.554857419043	0.551474142098	0.614789753504	0.551474142098	0.50459159014	0.864668922185	0.0	0.521991300145	0.599806669889	0.599323344611	0.920734654422	0.744320927985	0.712421459642	0.648622522958	0.635572740454	0.628806186564	0.899468342194	0.696955050749	0.62493958434	0.628806186564	0.656839052682	0.670372160464	0.693088448526	0.631222812953	0.55099081682	0.575157080715	0.686805219913	0.62735621073	0.62735621073	0.539874335428	0.603189946834	0.546640889319	0.546640889319	0.605606573224	0.575157080715	0.559690671822	0.643305944901	0.628806186564	0.693088448526	0.624456259062	0.660705654906	0.647172547124	0.634122764621	0.666988883519	0.591590140164	0.592073465442	0.610923151281	0.59497341711	0.565007249879	0.660222329628	0.565490575157	0.626389560174	0.580473658772	0.611406476559
AH4	0.329627839536	0.35186080232	0.938134364427	0.592073465442	0.603189946834	0.536007733204	0.639439342678	0.521507974867	0.519091348478	0.554374093765	0.581440309328	0.545190913485	0.501691638473	0.843402609957	0.521991300145	0.0	0.534557757371	0.530691155147	0.867085548574	0.692605123248	0.639439342678	0.563557274045	0.577090381827	0.55099081682	0.845819236346	0.600289995167	0.541324311261	0.53697438376	0.575640405993	0.582890285162	0.593040115998	0.535524407927	0.543257612373	0.539874335428	0.686805219913	0.616239729338	0.58095698405	0.584340260996	0.572257129048	0.563073948768	0.530691155147	0.682455292412	0.646689221846	0.567907201547	0.600773320445	0.584823586274	0.660222329628	0.60657322378	0.667955534074	0.627839536008	0.608989850169	0.635572740454	0.529241179314	0.532624456259	0.54857419043	0.529241179314	0.516674722088	0.620589656839	0.520541324311	0.606089898502	0.537457709038	0.595940067666
AA7	0.568873852102	0.522474625423	0.970033832769	0.638472692122	0.62735621073	0.475108748188	0.69212179797	0.473175447076	0.451909134848	0.579990333494	0.454809086515	0.581923634606	0.517158047366	0.881101981634	0.599806669889	0.534557757371	0.0	0.276945384244	0.914934751087	0.743354277429	0.59255679072	0.514741420976	0.480908651522	0.477042049299	0.875785403577	0.593523441276	0.45142580957	0.462542290962	0.516674722088	0.568873852102	0.521024649589	0.408409859836	0.435959400677	0.491058482359	0.705171580474	0.644272595457	0.479942000967	0.579507008217	0.488641855969	0.608989850169	0.549540840986	0.728854519091	0.698405026583	0.576607056549	0.54857419043	0.522474625423	0.670855485742	0.615273078782	0.676172063799	0.652005799903	0.607539874335	0.634122764621	0.521507974867	0.532624456259	0.538424359594	0.531174480425	0.54857419043	0.623489608507	0.543740937651	0.626872885452	0.496375060416	0.604639922668
AA8	0.561140647656	0.519091348478	0.968583856936	0.637989366844	0.600773320445	0.44900918318	0.687288545191	0.441759304012	0.420976317061	0.581440309328	0.426292895118	0.553407443209	0.485258579024	0.880618656356	0.599323344611	0.530691155147	0.276945384244	0.0	0.913968100532	0.738037699372	0.584823586274	0.506524891252	0.468825519575	0.466408893185	0.867568873852	0.586273562107	0.425809569841	0.454809086515	0.505074915418	0.561140647656	0.487675205413	0.377960367327	0.417593040116	0.468825519575	0.681971967134	0.619623006283	0.448525857902	0.567907201547	0.457709038183	0.605606573224	0.527307878202	0.727887868536	0.694055099082	0.551474142098	0.526824552924	0.499275012083	0.638472692122	0.586756887385	0.652972450459	0.623489608507	0.584340260996	0.605606573224	0.492508458192	0.508941517641	0.513291445143	0.505074915418	0.547607539874	0.595940067666	0.53697438376	0.60415659739	0.468342194297	0.572257129048
AB7	0.873368777187	0.891735137748	0.729821169647	0.723537941034	0.866118898018	0.927984533591	0.943934267762	0.933301111648	0.920251329145	0.925084581924	0.954567423876	0.880618656356	0.928951184147	0.707104881585	0.920734654422	0.867085548574	0.914934751087	0.913968100532	0.0	0.418076365394	0.811986466892	0.826002899952	0.93523441276	0.911068148864	0.726437892702	0.819236346061	0.887868535524	0.871918801353	0.743354277429	0.716771387144	0.878685355244	0.889318511358	0.919768003867	0.938134364427	0.940550990817	0.930401159981	0.945867568874	0.919284678589	0.942484291928	0.928467858869	0.931367810536	0.872885451909	0.866602223296	0.901401643306	0.960367327211	0.953117448043	0.917351377477	0.919768003867	0.939101014983	0.923151280812	0.92363460609	0.913484775254	0.915418076365	0.904784920251	0.911068148864	0.905751570807	0.918801353311	0.905751570807	0.919284678589	0.920251329145	0.945867568874	0.925567907202
AB8	0.699855002417	0.704688255196	0.765587240213	0.564523924601	0.727404543258	0.73852102465	0.760753987434	0.743354277429	0.731271145481	0.733204446593	0.76848719188	0.70372160464	0.742387626873	0.675688738521	0.744320927985	0.692605123248	0.743354277429	0.738037699372	0.418076365394	0.0	0.641372643789	0.64572257129	0.737554374094	0.713388110198	0.719671338811	0.62735621073	0.701788303528	0.677138714355	0.5186080232	0.509908168197	0.716288061866	0.714838086032	0.737071048816	0.751570807153	0.797486708555	0.752054132431	0.755437409377	0.729337844369	0.754470758821	0.740454325761	0.739004349928	0.703238279362	0.69453842436	0.710971483809	0.78250362494	0.775253745771	0.797003383277	0.745770903818	0.786853552441	0.754470758821	0.751087481875	0.763170613823	0.748187530208	0.73852102465	0.742387626873	0.740937651039	0.734654422426	0.75688738521	0.738037699372	0.740937651039	0.757370710488	0.741420976317
AC7	0.62493958434	0.642339294345	0.88883518608	0.653939101015	0.731754470759	0.585306911551	0.731754470759	0.576123731271	0.556307394877	0.646689221846	0.583856935718	0.704204929918	0.670372160464	0.809086515225	0.712421459642	0.639439342678	0.59255679072	0.584823586274	0.811986466892	0.641372643789	0.0	0.344127597873	0.568873852102	0.571290478492	0.826002899952	0.593040115998	0.545674238763	0.514258095698	0.468825519575	0.49299178347	0.566457225713	0.542290961817	0.561623972934	0.607539874335	0.801353310778	0.730304494925	0.619139681005	0.651039149348	0.605123247946	0.713871435476	0.669405509908	0.714354760754	0.701788303528	0.637022716288	0.6389560174	0.623972933784	0.821169647173	0.765587240213	0.80328661189	0.786853552441	0.74770420493	0.784920251329	0.676172063799	0.678588690188	0.687288545191	0.68293861769	0.68293861769	0.778637022716	0.676172063799	0.755437409377	0.622522957951	0.744320927985
AC8	0.568873852102	0.563073948768	0.905751570807	0.615273078782	0.678588690188	0.520541324311	0.698888351861	0.504108264862	0.478008699855	0.594006766554	0.533107781537	0.643789270179	0.599806669889	0.81488641856	0.648622522958	0.563557274045	0.514741420976	0.506524891252	0.826002899952	0.64572257129	0.344127597873	0.0	0.494441759304	0.480908651522	0.831802803287	0.55099081682	0.408893185114	0.377960367327	0.436926051232	0.460125664572	0.51619139681	0.465925567907	0.482841952634	0.537457709038	0.740454325761	0.672788786854	0.552924117931	0.596906718221	0.540357660706	0.648622522958	0.596906718221	0.675688738521	0.658289028516	0.581923634606	0.584340260996	0.56259062349	0.750604156597	0.688255195747	0.741904301595	0.722571290478	0.674722087965	0.709521507975	0.605123247946	0.601256645723	0.613823102948	0.611889801837	0.601256645723	0.70372160464	0.594490091832	0.688738521025	0.546157564041	0.672305461576
AD7	0.594490091832	0.554857419043	0.956984050266	0.652972450459	0.712421459642	0.506041565974	0.695988400193	0.487675205413	0.470275495408	0.575157080715	0.423392943451	0.651039149348	0.58095698405	0.864668922185	0.635572740454	0.577090381827	0.480908651522	0.468825519575	0.93523441276	0.737554374094	0.568873852102	0.494441759304	0.0	0.292411793137	0.897535041083	0.52779120348	0.431609473175	0.453842435959	0.482841952634	0.543740937651	0.50459159014	0.46060898985	0.475108748188	0.525857902368	0.728854519091	0.658772353794	0.489125181247	0.59255679072	0.52779120348	0.634606089899	0.591106814886	0.729337844369	0.690671822136	0.586756887385	0.554857419043	0.540840985984	0.742387626873	0.676655389077	0.734654422426	0.710971483809	0.665538907685	0.698405026583	0.595940067666	0.596423392943	0.600289995167	0.603673272112	0.585790236829	0.697438376027	0.580473658772	0.677138714355	0.548090865152	0.651522474625
AD8	0.58337361044	0.54857419043	0.94683421943	0.646205896568	0.711938134364	0.514741420976	0.694055099082	0.488641855969	0.475592073465	0.578540357661	0.452875785404	0.653455775737	0.577573707105	0.857902368294	0.628806186564	0.55099081682	0.477042049299	0.466408893185	0.911068148864	0.713388110198	0.571290478492	0.480908651522	0.292411793137	0.0	0.852102464959	0.491541807637	0.416143064282	0.435959400677	0.465925567907	0.520541324311	0.494441759304	0.449492508458	0.474142097632	0.529241179314	0.732237796037	0.65732237796	0.487191880135	0.585790236829	0.532141130981	0.6389560174	0.589173513775	0.718221362977	0.677138714355	0.576123731271	0.565007249879	0.545674238763	0.746254229096	0.68293861769	0.739487675205	0.713871435476	0.669888835186	0.705654905752	0.603673272112	0.596423392943	0.605606573224	0.607056549058	0.59255679072	0.700821652972	0.590623489609	0.679555340744	0.547124214596	0.660705654906
AE7	0.848235862736	0.871918801353	0.842435959401	0.792653455776	0.831319478009	0.896568390527	0.924601256646	0.901401643306	0.886901884969	0.90285161914	0.916868052199	0.84485258579	0.885935234413	0.819236346061	0.899468342194	0.845819236346	0.875785403577	0.867568873852	0.726437892702	0.719671338811	0.826002899952	0.831802803287	0.897535041083	0.852102464959	0.0	0.535524407927	0.86805219913	0.853552440793	0.771387143548	0.761237312711	0.838086031899	0.843885935234	0.895118414693	0.90961817303	0.928467858869	0.913484775254	0.920734654422	0.898985016916	0.912518124698	0.885451909135	0.897051715805	0.882551957467	0.872885451909	0.865152247463	0.936201063316	0.926534557757	0.889801836636	0.900918318028	0.911551474142	0.895118414693	0.906718221363	0.894151764137	0.895118414693	0.895601739971	0.901401643306	0.890285161914	0.904301594973	0.890285161914	0.901884968584	0.905268245529	0.90961817303	0.910101498308
AE8	0.601256645723	0.600773320445	0.893185113581	0.638472692122	0.686321894635	0.594490091832	0.697438376027	0.595940067666	0.584340260996	0.603189946834	0.619139681005	0.644755920735	0.637022716288	0.807636539391	0.696955050749	0.600289995167	0.593523441276	0.586273562107	0.819236346061	0.62735621073	0.593040115998	0.55099081682	0.52779120348	0.491541807637	0.535524407927	0.0	0.568390526825	0.557274045433	0.520057999033	0.516674722088	0.569840502658	0.55775737071	0.599323344611	0.61333977767	0.753020782987	0.69453842436	0.622522957951	0.612373127115	0.61333977767	0.654905751571	0.634606089899	0.694055099082	0.66892218463	0.589173513775	0.637506041566	0.628322861286	0.758337361044	0.711938134364	0.75688738521	0.715804736588	0.70372160464	0.731271145481	0.65732237796	0.63653939101	0.647172547124	0.644272595457	0.651039149348	0.720154664089	0.652489125181	0.70130497825	0.61333977767	0.691638472692
AF7	0.566457225713	0.529241179314	0.942484291928	0.647655872402	0.655389076849	0.48380860319	0.702271628806	0.455775737071	0.431609473175	0.577090381827	0.447075882069	0.596906718221	0.535524407927	0.852102464959	0.62493958434	0.541324311261	0.45142580957	0.425809569841	0.887868535524	0.701788303528	0.545674238763	0.408893185114	0.431609473175	0.416143064282	0.86805219913	0.568390526825	0.0	0.320927984534	0.454325761237	0.507491541808	0.484291928468	0.462058965684	0.425326244563	0.476558724021	0.693088448526	0.62735621073	0.448525857902	0.551957467376	0.492025132914	0.61333977767	0.544707588207	0.70372160464	0.666988883519	0.544707588207	0.529724504592	0.507974867086	0.684388593523	0.625906234896	0.685838569357	0.670372160464	0.616239729338	0.64572257129	0.551957467376	0.543257612373	0.553407443209	0.55775737071	0.5601739971	0.642822619623	0.563073948768	0.635089415176	0.494925084582	0.599806669889
AF8	0.56259062349	0.531174480425	0.93281778637	0.634122764621	0.678105364911	0.510874818753	0.695988400193	0.471725471242	0.462542290962	0.573707104882	0.508458192363	0.617689705172	0.56935717738	0.837119381344	0.628806186564	0.53697438376	0.462542290962	0.454809086515	0.871918801353	0.677138714355	0.514258095698	0.377960367327	0.453842435959	0.435959400677	0.853552440793	0.557274045433	0.320927984534	0.0	0.436442725955	0.488641855969	0.502658289029	0.447075882069	0.448042532624	0.506041565974	0.719188013533	0.647655872402	0.493958434026	0.56259062349	0.515708071532	0.603673272112	0.566940550991	0.686321894635	0.652005799903	0.542774287095	0.563557274045	0.538424359594	0.714838086032	0.65055582407	0.709521507975	0.688255195747	0.642339294345	0.672788786854	0.572257129048	0.565490575157	0.577090381827	0.579990333494	0.562107298212	0.66892218463	0.558240695988	0.661188980184	0.51619139681	0.625422909618
AG7	0.595456742388	0.574190430159	0.849685838569	0.565973900435	0.674238762687	0.527307878202	0.69453842436	0.497341710971	0.475592073465	0.564523924601	0.515708071532	0.634122764621	0.604639922668	0.761720637989	0.656839052682	0.575640405993	0.516674722088	0.505074915418	0.743354277429	0.5186080232	0.468825519575	0.436926051232	0.482841952634	0.465925567907	0.771387143548	0.520057999033	0.454325761237	0.436442725955	0.0	0.316094731754	0.524891251812	0.487675205413	0.494925084582	0.556307394877	0.738037699372	0.662638956017	0.520057999033	0.578540357661	0.533107781537	0.629772837119	0.600289995167	0.668438859352	0.631222812953	0.554857419043	0.593523441276	0.581923634606	0.746737554374	0.686805219913	0.734171097148	0.710488158531	0.66892218463	0.707104881585	0.620106331561	0.613823102948	0.614306428226	0.61575640406	0.623972933784	0.699371677139	0.623489608507	0.675205413243	0.58095698405	0.657805703238
AG8	0.579507008217	0.582890285162	0.836636056066	0.567423876269	0.683421942968	0.5601739971	0.688738521025	0.543740937651	0.533591106815	0.579990333494	0.585790236829	0.644755920735	0.61333977767	0.745770903818	0.670372160464	0.582890285162	0.568873852102	0.561140647656	0.716771387144	0.509908168197	0.49299178347	0.460125664572	0.543740937651	0.520541324311	0.761237312711	0.516674722088	0.507491541808	0.488641855969	0.316094731754	0.0	0.560657322378	0.531657805703	0.55775737071	0.581923634606	0.746737554374	0.675688738521	0.577090381827	0.583856935718	0.563557274045	0.637022716288	0.603189946834	0.661672305462	0.637022716288	0.576607056549	0.613823102948	0.607539874335	0.753987433543	0.692605123248	0.740937651039	0.714838086032	0.681005316578	0.712421459642	0.634606089899	0.617689705172	0.625906234896	0.632189463509	0.629289511841	0.702754954084	0.637989366844	0.685355244079	0.600773320445	0.667472208797
AH7	0.587723537941	0.607539874335	0.953117448043	0.684871918801	0.709038182697	0.573223779604	0.727887868536	0.552440792653	0.540840985984	0.627839536008	0.53020782987	0.656839052682	0.633156114065	0.866602223296	0.693088448526	0.593040115998	0.521024649589	0.487675205413	0.878685355244	0.716288061866	0.566457225713	0.51619139681	0.50459159014	0.494441759304	0.838086031899	0.569840502658	0.484291928468	0.502658289029	0.524891251812	0.560657322378	0.0	0.320444659256	0.556307394877	0.608023199613	0.776220396327	0.719671338811	0.546640889319	0.656355727405	0.594490091832	0.673272112131	0.641372643789	0.763653939101	0.74528757854	0.645239246013	0.641855969067	0.621072982117	0.766070565491	0.722571290478	0.774770420493	0.732237796037	0.707588206863	0.734171097148	0.623972933784	0.629289511841	0.631706138231	0.630739487675	0.63653939101	0.722571290478	0.628806186564	0.706621556307	0.607539874335	0.70130497825
AH8	0.558240695988	0.542774287095	0.951184146931	0.640405993233	0.666505558241	0.51377477042	0.695021749638	0.496858385694	0.475592073465	0.586273562107	0.498791686805	0.615273078782	0.556790720155	0.859835669406	0.631222812953	0.535524407927	0.408409859836	0.377960367327	0.889318511358	0.714838086032	0.542290961817	0.465925567907	0.46060898985	0.449492508458	0.843885935234	0.55775737071	0.462058965684	0.447075882069	0.487675205413	0.531657805703	0.320444659256	0.0	0.477525374577	0.533107781537	0.739004349928	0.674238762687	0.509908168197	0.603673272112	0.529241179314	0.621556307395	0.581440309328	0.721604639923	0.690671822136	0.594490091832	0.579023682939	0.554857419043	0.714838086032	0.662638956017	0.717738037699	0.678105364911	0.648622522958	0.672788786854	0.564523924601	0.570807153214	0.580473658772	0.574673755437	0.572257129048	0.664572257129	0.570323827936	0.65732237796	0.537457709038	0.643789270179
AA5	0.586273562107	0.496858385694	0.955050749154	0.646205896568	0.605606573224	0.464475592073	0.622522957951	0.407926534558	0.402609956501	0.522474625423	0.448525857902	0.543740937651	0.517641372644	0.860802319961	0.55099081682	0.543257612373	0.435959400677	0.417593040116	0.919768003867	0.737071048816	0.561623972934	0.482841952634	0.475108748188	0.474142097632	0.895118414693	0.599323344611	0.425326244563	0.448042532624	0.494925084582	0.55775737071	0.556307394877	0.477525374577	0.0	0.335427742871	0.665055582407	0.574673755437	0.464958917351	0.464958917351	0.464475592073	0.538424359594	0.477042049299	0.620106331561	0.594006766554	0.470275495408	0.520541324311	0.478975350411	0.705654905752	0.642822619623	0.679072015466	0.658772353794	0.644755920735	0.678588690188	0.536491058482	0.566940550991	0.575640405993	0.563073948768	0.545190913485	0.663605606573	0.559207346544	0.630256162397	0.499758337361	0.623972933784
AA6	0.592073465442	0.504108264862	0.962783953601	0.654905751571	0.631706138231	0.488641855969	0.649105848236	0.456259062349	0.452392460126	0.545190913485	0.500241662639	0.572740454326	0.515708071532	0.869985500242	0.575157080715	0.539874335428	0.491058482359	0.468825519575	0.938134364427	0.751570807153	0.607539874335	0.537457709038	0.525857902368	0.529241179314	0.90961817303	0.61333977767	0.476558724021	0.506041565974	0.556307394877	0.581923634606	0.608023199613	0.533107781537	0.335427742871	0.0	0.664088931851	0.572740454326	0.50700821653	0.50700821653	0.489608506525	0.572257129048	0.491541807637	0.669405509908	0.635572740454	0.508458192363	0.459159014016	0.421942967617	0.695505074915	0.640405993233	0.675205413243	0.655872402127	0.63653939101	0.666988883519	0.534074432093	0.5601739971	0.565490575157	0.552440792653	0.548090865152	0.654422426293	0.559207346544	0.627839536008	0.500724987917	0.616239729338
AB5	0.739487675205	0.65973900435	0.971000483325	0.724987916868	0.605123247946	0.625906234896	0.722087965201	0.633639439343	0.656839052682	0.681488641856	0.667955534074	0.610923151281	0.64572257129	0.884968583857	0.686805219913	0.686805219913	0.705171580474	0.681971967134	0.940550990817	0.797486708555	0.801353310778	0.740454325761	0.728854519091	0.732237796037	0.928467858869	0.753020782987	0.693088448526	0.719188013533	0.738037699372	0.746737554374	0.776220396327	0.739004349928	0.665055582407	0.664088931851	0.0	0.303528274529	0.606089898502	0.646205896568	0.613823102948	0.620589656839	0.596906718221	0.730304494925	0.71532141131	0.629772837119	0.618656355727	0.609956500725	0.623006283229	0.604639922668	0.625422909618	0.588690188497	0.61575640406	0.607056549058	0.588206863219	0.596906718221	0.60415659739	0.613823102948	0.656355727405	0.589656839053	0.652489125181	0.597390043499	0.661188980184	0.608023199613
AB6	0.673755437409	0.593040115998	0.959400676655	0.669888835186	0.566940550991	0.553407443209	0.660222329628	0.55775737071	0.584340260996	0.611406476559	0.602706621556	0.532141130981	0.586756887385	0.869018849686	0.62735621073	0.616239729338	0.644272595457	0.619623006283	0.930401159981	0.752054132431	0.730304494925	0.672788786854	0.658772353794	0.65732237796	0.913484775254	0.69453842436	0.62735621073	0.647655872402	0.662638956017	0.675688738521	0.719671338811	0.674238762687	0.574673755437	0.572740454326	0.303528274529	0.0	0.553890768487	0.578540357661	0.556790720155	0.540840985984	0.517158047366	0.661672305462	0.644272595457	0.534557757371	0.556307394877	0.544224262929	0.617206379894	0.566457225713	0.599806669889	0.568873852102	0.563073948768	0.590623489609	0.511358144031	0.541807636539	0.551957467376	0.558240695988	0.582406959884	0.570323827936	0.595940067666	0.555340744321	0.600773320445	0.550024166264
AC5	0.599806669889	0.551957467376	0.972933784437	0.665538907685	0.621556307395	0.457225712905	0.684388593523	0.445625906235	0.442725954567	0.573707104882	0.426776220396	0.572740454326	0.541324311261	0.882068632189	0.62735621073	0.58095698405	0.479942000967	0.448525857902	0.945867568874	0.755437409377	0.619139681005	0.552924117931	0.489125181247	0.487191880135	0.920734654422	0.622522957951	0.448525857902	0.493958434026	0.520057999033	0.577090381827	0.546640889319	0.509908168197	0.464958917351	0.50700821653	0.606089898502	0.553890768487	0.0	0.462542290962	0.443209279845	0.592073465442	0.522474625423	0.720637989367	0.674722087965	0.542290961817	0.473658772354	0.463992266796	0.610439826003	0.559207346544	0.624456259062	0.583856935718	0.559207346544	0.588206863219	0.502174963751	0.488158530691	0.495891735138	0.514741420976	0.575640405993	0.580473658772	0.573707104882	0.555824069599	0.507974867086	0.548090865152
AC6	0.626389560174	0.509424842919	0.948284195263	0.64813919768	0.594490091832	0.535524407927	0.532624456259	0.49540840986	0.52779120348	0.471725471242	0.565490575157	0.546640889319	0.551474142098	0.853552440793	0.539874335428	0.584340260996	0.579507008217	0.567907201547	0.919284678589	0.729337844369	0.651039149348	0.596906718221	0.59255679072	0.585790236829	0.898985016916	0.612373127115	0.551957467376	0.56259062349	0.578540357661	0.583856935718	0.656355727405	0.603673272112	0.464958917351	0.50700821653	0.646205896568	0.578540357661	0.462542290962	0.0	0.535041082649	0.524891251812	0.505074915418	0.49540840986	0.448042532624	0.425326244563	0.56259062349	0.555340744321	0.688738521025	0.635089415176	0.66892218463	0.641855969067	0.634122764621	0.663605606573	0.589173513775	0.579990333494	0.585790236829	0.581440309328	0.561140647656	0.652005799903	0.579023682939	0.616239729338	0.552924117931	0.621556307395
AD6	0.603189946834	0.534557757371	0.972450459159	0.6389560174	0.590623489609	0.405993233446	0.634122764621	0.421942967617	0.434509424843	0.535524407927	0.438859352344	0.536491058482	0.521991300145	0.877718704688	0.603189946834	0.572257129048	0.488641855969	0.457709038183	0.942484291928	0.754470758821	0.605123247946	0.540357660706	0.52779120348	0.532141130981	0.912518124698	0.61333977767	0.492025132914	0.515708071532	0.533107781537	0.563557274045	0.594490091832	0.529241179314	0.464475592073	0.489608506525	0.613823102948	0.556790720155	0.443209279845	0.535041082649	0.0	0.546640889319	0.431609473175	0.700821652972	0.670372160464	0.530691155147	0.488641855969	0.472692121798	0.608023199613	0.554374093765	0.593040115998	0.578057032383	0.561140647656	0.58337361044	0.484775253746	0.479942000967	0.488158530691	0.483325277912	0.557274045433	0.575640405993	0.549540840986	0.563557274045	0.462542290962	0.53939101015
AE5	0.626389560174	0.515708071532	0.972933784437	0.64572257129	0.559690671822	0.560657322378	0.572740454326	0.545674238763	0.590140164331	0.522957950701	0.612373127115	0.510874818753	0.558240695988	0.874335427743	0.546640889319	0.563073948768	0.608989850169	0.605606573224	0.928467858869	0.740454325761	0.713871435476	0.648622522958	0.634606089899	0.6389560174	0.885451909135	0.654905751571	0.61333977767	0.603673272112	0.629772837119	0.637022716288	0.673272112131	0.621556307395	0.538424359594	0.572257129048	0.620589656839	0.540840985984	0.592073465442	0.524891251812	0.546640889319	0.0	0.344127597873	0.605606573224	0.580473658772	0.521024649589	0.621556307395	0.618173030449	0.664572257129	0.618656355727	0.641372643789	0.613823102948	0.623006283229	0.644272595457	0.547124214596	0.570807153214	0.587723537941	0.558724021266	0.545674238763	0.628806186564	0.559690671822	0.59255679072	0.571290478492	0.594490091832
AE6	0.587723537941	0.471242145964	0.971483808603	0.632189463509	0.553890768487	0.49299178347	0.588690188497	0.458675688739	0.507491541808	0.517641372644	0.536491058482	0.508458192363	0.499275012083	0.871918801353	0.546640889319	0.530691155147	0.549540840986	0.527307878202	0.931367810536	0.739004349928	0.669405509908	0.596906718221	0.591106814886	0.589173513775	0.897051715805	0.634606089899	0.544707588207	0.566940550991	0.600289995167	0.603189946834	0.641372643789	0.581440309328	0.477042049299	0.491541807637	0.596906718221	0.517158047366	0.522474625423	0.505074915418	0.431609473175	0.344127597873	0.0	0.638472692122	0.608506524891	0.493475108748	0.53697438376	0.53697438376	0.630739487675	0.583856935718	0.611406476559	0.582890285162	0.588206863219	0.612373127115	0.493958434026	0.493475108748	0.511841469309	0.496375060416	0.507974867086	0.596423392943	0.528274528758	0.558240695988	0.498308361527	0.565973900435
AF5	0.713388110198	0.634606089899	0.929917834703	0.675205413243	0.656355727405	0.700338327695	0.541324311261	0.659255679072	0.691155147414	0.592073465442	0.729821169647	0.623489608507	0.674238762687	0.842919284679	0.605606573224	0.682455292412	0.728854519091	0.727887868536	0.872885451909	0.703238279362	0.714354760754	0.675688738521	0.729337844369	0.718221362977	0.882551957467	0.694055099082	0.70372160464	0.686321894635	0.668438859352	0.661672305462	0.763653939101	0.721604639923	0.620106331561	0.669405509908	0.730304494925	0.661672305462	0.720637989367	0.49540840986	0.700821652972	0.605606573224	0.638472692122	0.0	0.27549540841	0.555824069599	0.732237796037	0.723054615756	0.770420492992	0.729337844369	0.749637506042	0.721604639923	0.734171097148	0.754954084099	0.699371677139	0.722571290478	0.730787820203	0.710488158531	0.670855485742	0.744320927985	0.688738521025	0.70130497825	0.713388110198	0.721604639923
AF6	0.692605123248	0.596423392943	0.927017883035	0.657805703238	0.646205896568	0.664088931851	0.523924601257	0.623006283229	0.652005799903	0.556307394877	0.693088448526	0.60657322378	0.640889318511	0.835186080232	0.575157080715	0.646689221846	0.698405026583	0.694055099082	0.866602223296	0.69453842436	0.701788303528	0.658289028516	0.690671822136	0.677138714355	0.872885451909	0.66892218463	0.666988883519	0.652005799903	0.631222812953	0.637022716288	0.74528757854	0.690671822136	0.594006766554	0.635572740454	0.71532141131	0.644272595457	0.674722087965	0.448042532624	0.670372160464	0.580473658772	0.608506524891	0.27549540841	0.0	0.523441275979	0.699371677139	0.687771870469	0.745770903818	0.706621556307	0.725954567424	0.70130497825	0.70130497825	0.737071048816	0.666988883519	0.687771870469	0.695021749638	0.6805219913	0.634606089899	0.723054615756	0.656839052682	0.681005316578	0.684388593523	0.68970517158
