	AA3	AA4	AB3	AB4	AC3	AC4	AD3	AD4	AE3	AE4	AF3	AF4	AG3	AG4	AH3	AH4	AA7	AA8	AB7	AB8	AC7	AC8	AD7	AD8	AE7	AE8	AF7	AF8	AG7	AG8	AH7	AH8	AA5	AA6	AB5	AB6	AC5	AC6	AD6	AE5	AE6	AF5	AF6	AG5	AH5	AH6	AA1	AA2	AB1	AB2	AC1	AC2	AD1	AD2	AE1	AE2	AF1	AF2	AG1	AG2	AH1	AH2
AA3	0.0	0.497825036249	0.926534557757	0.635089415176	0.651522474625	0.616723054616	0.669405509908	0.600289995167	0.588690188497	0.632672788787	0.633639439343	0.606089898502	0.595456742388	0.841469308845	0.647172547124	0.346544224263	0.598356694055	0.571290478492	0.864185596907	0.695988400193	0.633156114065	0.588206863219	0.624456259062	0.608506524891	0.822136297728	0.596906718221	0.58095698405	0.588690188497	0.591106814886	0.596906718221	0.603673272112	0.594006766554	0.613823102948	0.616723054616	0.757854035766	0.679555340744	0.62735621073	0.635089415176	0.623489608507	0.628806186564	0.623972933784	0.704204929918	0.698405026583	0.623972933784	0.649105848236	0.639922667956	0.690671822136	0.645239246013	0.724987916868	0.669888835186	0.656839052682	0.666988883519	0.586756887385	0.590623489609	0.586756887385	0.575157080715	0.594490091832	0.663122281295	0.597390043499	0.682455292412	0.595456742388	0.648622522958
AA4	0.497825036249	0.0	0.945867568874	0.570323827936	0.58337361044	0.493475108748	0.587240212663	0.498308361527	0.501208313195	0.50700821653	0.544707588207	0.521507974867	0.471242145964	0.856935717738	0.371677138714	0.357660705655	0.531174480425	0.531657805703	0.890768487192	0.721121314645	0.657805703238	0.571290478492	0.591106814886	0.579507008217	0.875302078299	0.609473175447	0.542774287095	0.550507491542	0.593523441276	0.606089898502	0.622039632673	0.559207346544	0.51619139681	0.523441275979	0.670855485742	0.58337361044	0.558240695988	0.530691155147	0.532624456259	0.522474625423	0.487191880135	0.639922667956	0.625906234896	0.51377477042	0.566940550991	0.555824069599	0.652972450459	0.574190430159	0.640889318511	0.601256645723	0.604639922668	0.621556307395	0.521024649589	0.517641372644	0.520057999033	0.509908168197	0.487191880135	0.611889801837	0.509424842919	0.594006766554	0.523924601257	0.576123731271
AB3	0.926534557757	0.945867568874	0.0	0.684871918801	0.921701304978	0.952150797487	0.960367327211	0.942484291928	0.93281778637	0.945867568874	0.968100531658	0.934751087482	0.960850652489	0.346060898985	0.960850652489	0.936201063316	0.970033832769	0.96761720638	0.739004349928	0.759787336878	0.890285161914	0.913484775254	0.962783953601	0.94441759304	0.84726921218	0.89125181247	0.943450942484	0.931367810536	0.842435959401	0.831802803287	0.949250845819	0.951667472209	0.950700821653	0.961333977767	0.975350410826	0.961333977767	0.971967133881	0.954084098598	0.971967133881	0.971483808603	0.971483808603	0.932334461092	0.938134364427	0.94683421943	0.97680038666	0.968583856936	0.972450459159	0.970517158047	0.971483808603	0.970033832769	0.974867085549	0.970517158047	0.974867085549	0.973900434993	0.977767037216	0.974383760271	0.972450459159	0.971967133881	0.972450459159	0.971000483325	0.974867085549	0.971000483325
AB4	0.635089415176	0.570323827936	0.684871918801	0.0	0.642339294345	0.616723054616	0.676655389077	0.614789753504	0.595940067666	0.601256645723	0.626872885452	0.601256645723	0.476075398743	0.572740454326	0.593523441276	0.574673755437	0.625422909618	0.625906234896	0.739487675205	0.567907201547	0.646205896568	0.616723054616	0.652972450459	0.640889318511	0.799903334944	0.630739487675	0.631706138231	0.625906234896	0.560657322378	0.579507008217	0.685355244079	0.626389560174	0.622522957951	0.635089415176	0.735137747704	0.658289028516	0.652972450459	0.641372643789	0.629289511841	0.632672788787	0.620589656839	0.654422426293	0.661188980184	0.626389560174	0.666505558241	0.655872402127	0.712421459642	0.660705654906	0.702754954084	0.680038666022	0.676172063799	0.679072015466	0.631706138231	0.636056065732	0.650072498792	0.629289511841	0.631706138231	0.680038666022	0.629772837119	0.681971967134	0.637989366844	0.654905751571
AC3	0.651522474625	0.58337361044	0.921701304978	0.642339294345	0.0	0.482358627356	0.633156114065	0.558724021266	0.561623972934	0.582406959884	0.622039632673	0.334461092315	0.604639922668	0.840985983567	0.594006766554	0.594490091832	0.606089898502	0.612856452392	0.879168680522	0.747220879652	0.742870952151	0.679072015466	0.721604639923	0.719671338811	0.835186080232	0.685838569357	0.664088931851	0.670855485742	0.681005316578	0.688738521025	0.705171580474	0.673755437409	0.610439826003	0.632672788787	0.642339294345	0.590140164331	0.63653939101	0.612373127115	0.588690188497	0.546640889319	0.563557274045	0.658289028516	0.660705654906	0.581440309328	0.658772353794	0.644272595457	0.606089898502	0.581440309328	0.597873368777	0.585306911551	0.609956500725	0.585306911551	0.533591106815	0.59255679072	0.591106814886	0.568873852102	0.607056549058	0.586273562107	0.622522957951	0.607056549058	0.618173030449	0.584340260996
AC4	0.616723054616	0.493475108748	0.952150797487	0.616723054616	0.482358627356	0.0	0.614789753504	0.426776220396	0.413726437893	0.511841469309	0.362493958434	0.392460125665	0.51377477042	0.86563557274	0.563073948768	0.538907684872	0.49299178347	0.491541807637	0.920734654422	0.739487675205	0.610923151281	0.549540840986	0.550507491542	0.547607539874	0.879168680522	0.577090381827	0.517641372644	0.535524407927	0.541324311261	0.559690671822	0.58337361044	0.520057999033	0.481875302078	0.492508458192	0.637506041566	0.547124214596	0.477525374577	0.524891251812	0.423392943451	0.551957467376	0.490575157081	0.677622039633	0.658772353794	0.519574673755	0.506041565974	0.485741904302	0.623489608507	0.558240695988	0.588206863219	0.573223779604	0.574673755437	0.594490091832	0.49540840986	0.494441759304	0.508458192363	0.507491541808	0.544224262929	0.59497341711	0.563073948768	0.571290478492	0.498791686805	0.554374093765
AD3	0.669405509908	0.587240212663	0.960367327211	0.676655389077	0.633156114065	0.614789753504	0.0	0.535524407927	0.621556307395	0.365877235379	0.665538907685	0.58095698405	0.624456259062	0.866118898018	0.561140647656	0.624456259062	0.672305461576	0.671822136298	0.936201063316	0.767520541324	0.719188013533	0.683905268246	0.69212179797	0.679555340744	0.913001449976	0.673272112131	0.683421942968	0.685838569357	0.680038666022	0.676655389077	0.71290478492	0.673272112131	0.623006283229	0.637989366844	0.732237796037	0.65055582407	0.671822136298	0.513291445143	0.62493958434	0.558240695988	0.568873852102	0.53697438376	0.52537457709	0.526824552924	0.685355244079	0.672788786854	0.762203963267	0.690188496858	0.726437892702	0.706621556307	0.699371677139	0.720637989367	0.639439342678	0.649105848236	0.661188980184	0.647655872402	0.620106331561	0.716771387144	0.634122764621	0.704688255196	0.675688738521	0.694055099082
AD4	0.600289995167	0.498308361527	0.942484291928	0.614789753504	0.558724021266	0.426776220396	0.535524407927	0.0	0.301111648139	0.40744320928	0.437892701788	0.490091831803	0.521507974867	0.853552440793	0.546640889319	0.537941034316	0.46302561624	0.465925567907	0.934267762204	0.754470758821	0.582406959884	0.501208313195	0.507491541808	0.49540840986	0.902368293862	0.598840019333	0.448042532624	0.46060898985	0.503624939584	0.557274045433	0.554857419043	0.488641855969	0.403576607057	0.443209279845	0.646205896568	0.551957467376	0.440309328178	0.492025132914	0.430159497342	0.550024166264	0.476558724021	0.646205896568	0.623489608507	0.491541807637	0.497341710971	0.478492025133	0.676172063799	0.601739971	0.642822619623	0.630739487675	0.615273078782	0.641855969067	0.514741420976	0.5186080232	0.526824552924	0.523441275979	0.529724504592	0.641372643789	0.557274045433	0.633639439343	0.521024649589	0.597873368777
AE3	0.588690188497	0.501208313195	0.93281778637	0.595940067666	0.561623972934	0.413726437893	0.621556307395	0.301111648139	0.0	0.489125181247	0.400676655389	0.498308361527	0.512808119865	0.846785886902	0.552440792653	0.523924601257	0.436926051232	0.44224262929	0.917834702755	0.739004349928	0.562107298212	0.488158530691	0.489608506525	0.475592073465	0.884968583857	0.586756887385	0.441275978734	0.451909134848	0.477525374577	0.541807636539	0.53939101015	0.476558724021	0.398260029	0.460125664572	0.660222329628	0.578057032383	0.436926051232	0.520057999033	0.416143064282	0.579023682939	0.500241662639	0.673755437409	0.65973900435	0.509424842919	0.495891735138	0.474142097632	0.665538907685	0.595940067666	0.635572740454	0.623489608507	0.611889801837	0.637022716288	0.516674722088	0.52537457709	0.526341227646	0.52537457709	0.535041082649	0.635089415176	0.549057515708	0.625422909618	0.498791686805	0.588206863219
AE4	0.632672788787	0.50700821653	0.945867568874	0.601256645723	0.582406959884	0.511841469309	0.365877235379	0.40744320928	0.489125181247	0.0	0.561140647656	0.515708071532	0.556790720155	0.851135814403	0.529241179314	0.557274045433	0.568390526825	0.565007249879	0.934267762204	0.757370710488	0.644272595457	0.580473658772	0.588690188497	0.581923634606	0.90285161914	0.608506524891	0.569840502658	0.568873852102	0.584823586274	0.594006766554	0.629772837119	0.579507008217	0.517158047366	0.53939101015	0.695021749638	0.606089898502	0.565490575157	0.461092315128	0.518124697922	0.510874818753	0.485741904302	0.582406959884	0.564040599323	0.481875302078	0.595940067666	0.577573707105	0.71290478492	0.639439342678	0.688738521025	0.670855485742	0.65973900435	0.678105364911	0.577090381827	0.570807153214	0.579023682939	0.590140164331	0.556790720155	0.672305461576	0.581923634606	0.670855485742	0.56935717738	0.637022716288
AF3	0.633639439343	0.544707588207	0.968100531658	0.626872885452	0.622039632673	0.362493958434	0.665538907685	0.437892701788	0.400676655389	0.561140647656	0.0	0.524407926535	0.53697438376	0.883035282745	0.59497341711	0.57177380377	0.443209279845	0.438376027066	0.951667472209	0.775253745771	0.594006766554	0.541324311261	0.444175930401	0.451909134848	0.915901401643	0.617689705172	0.450459159014	0.491058482359	0.525857902368	0.587723537941	0.526824552924	0.497341710971	0.441275978734	0.494925084582	0.681005316578	0.611406476559	0.422426292895	0.558724021266	0.43064282262	0.611406476559	0.532624456259	0.717254712421	0.702271628806	0.548090865152	0.51377477042	0.490091831803	0.674722087965	0.605606573224	0.657805703238	0.62493958434	0.623006283229	0.639922667956	0.544707588207	0.519574673755	0.531657805703	0.52779120348	0.573707104882	0.647655872402	0.59255679072	0.623972933784	0.505074915418	0.597873368777
AF4	0.606089898502	0.521507974867	0.934751087482	0.601256645723	0.334461092315	0.392460125665	0.58095698405	0.490091831803	0.498308361527	0.515708071532	0.524407926535	0.0	0.543740937651	0.851135814403	0.549540840986	0.528757854036	0.544224262929	0.561140647656	0.891735137748	0.720154664089	0.69212179797	0.622522957951	0.653939101015	0.649105848236	0.85645239246	0.6389560174	0.595456742388	0.608023199613	0.628806186564	0.637989366844	0.652972450459	0.605123247946	0.538907684872	0.55775737071	0.616723054616	0.517158047366	0.555340744321	0.550507491542	0.500724987917	0.490575157081	0.501208313195	0.614789753504	0.607539874335	0.512808119865	0.565973900435	0.550024166264	0.593523441276	0.519574673755	0.575640405993	0.542290961817	0.547607539874	0.555340744321	0.468825519575	0.499758337361	0.509424842919	0.491541807637	0.549540840986	0.55775737071	0.557274045433	0.553407443209	0.541807636539	0.51377477042
AG3	0.595456742388	0.471242145964	0.960850652489	0.476075398743	0.604639922668	0.51377477042	0.624456259062	0.521507974867	0.512808119865	0.556790720155	0.53697438376	0.543740937651	0.0	0.844369260512	0.513291445143	0.510391493475	0.498791686805	0.513291445143	0.926051232479	0.749154180764	0.666988883519	0.591106814886	0.593523441276	0.598840019333	0.885451909135	0.624456259062	0.53939101015	0.565973900435	0.607539874335	0.624456259062	0.633639439343	0.556790720155	0.521991300145	0.526341227646	0.66892218463	0.590140164331	0.549540840986	0.567423876269	0.52537457709	0.563073948768	0.512808119865	0.666505558241	0.660222329628	0.538424359594	0.559690671822	0.559690671822	0.630739487675	0.572740454326	0.629289511841	0.608989850169	0.603673272112	0.601256645723	0.516674722088	0.520057999033	0.538907684872	0.526824552924	0.528757854036	0.621072982117	0.551957467376	0.620106331561	0.515708071532	0.566457225713
AG4	0.841469308845	0.856935717738	0.346060898985	0.572740454326	0.840985983567	0.86563557274	0.866118898018	0.853552440793	0.846785886902	0.851135814403	0.883035282745	0.851135814403	0.844369260512	0.0	0.870952150797	0.848719188014	0.889801836636	0.887868535524	0.716288061866	0.681971967134	0.81488641856	0.837119381344	0.887868535524	0.869502174964	0.822136297728	0.811503141614	0.864185596907	0.854035766071	0.762687288545	0.747220879652	0.880135331078	0.873852102465	0.872885451909	0.880135331078	0.897535041083	0.883518608023	0.889801836636	0.862252295795	0.886901884969	0.8796520058	0.8796520058	0.846785886902	0.849202513291	0.86563557274	0.895118414693	0.892701788304	0.881585306912	0.886901884969	0.887868535524	0.880618656356	0.896085065249	0.881101981634	0.88883518608	0.883518608023	0.893668438859	0.887385210246	0.885935234413	0.883518608023	0.886418559691	0.881101981634	0.89125181247	0.88883518608
AH3	0.647172547124	0.371677138714	0.960850652489	0.593523441276	0.594006766554	0.563073948768	0.561140647656	0.546640889319	0.552440792653	0.529241179314	0.59497341711	0.549540840986	0.513291445143	0.870952150797	0.0	0.500724987917	0.590140164331	0.596423392943	0.919768003867	0.760270662156	0.704204929918	0.628322861286	0.633639439343	0.633639439343	0.899468342194	0.662638956017	0.609956500725	0.626872885452	0.654905751571	0.667955534074	0.679555340744	0.609956500725	0.55099081682	0.576607056549	0.710004833253	0.623489608507	0.620106331561	0.547607539874	0.584823586274	0.534557757371	0.537941034316	0.596423392943	0.581923634606	0.546640889319	0.622522957951	0.612373127115	0.700821652972	0.616239729338	0.663605606573	0.652489125181	0.652489125181	0.664088931851	0.584340260996	0.594490091832	0.588206863219	0.578057032383	0.56259062349	0.669888835186	0.550507491542	0.651039149348	0.585306911551	0.607539874335
AH4	0.346544224263	0.357660705655	0.936201063316	0.574673755437	0.594490091832	0.538907684872	0.624456259062	0.537941034316	0.523924601257	0.557274045433	0.57177380377	0.528757854036	0.510391493475	0.848719188014	0.500724987917	0.0	0.533591106815	0.535524407927	0.880618656356	0.708554857419	0.645239246013	0.565973900435	0.591106814886	0.584823586274	0.851619139681	0.604639922668	0.552924117931	0.560657322378	0.587723537941	0.597873368777	0.603189946834	0.549540840986	0.546640889319	0.551957467376	0.700338327695	0.617206379894	0.585306911551	0.58095698405	0.557274045433	0.551474142098	0.533107781537	0.670855485742	0.658772353794	0.563557274045	0.594490091832	0.584823586274	0.664088931851	0.593040115998	0.658772353794	0.61333977767	0.614789753504	0.630256162397	0.533107781537	0.537457709038	0.542290961817	0.520541324311	0.508941517641	0.621556307395	0.521507974867	0.623972933784	0.542290961817	0.593040115998
AA7	0.598356694055	0.531174480425	0.970033832769	0.625422909618	0.606089898502	0.49299178347	0.672305461576	0.46302561624	0.436926051232	0.568390526825	0.443209279845	0.544224262929	0.498791686805	0.889801836636	0.590140164331	0.533591106815	0.0	0.29869502175	0.927984533591	0.753020782987	0.606089898502	0.520541324311	0.500724987917	0.501208313195	0.872885451909	0.599323344611	0.444175930401	0.467375543741	0.528757854036	0.585790236829	0.523924601257	0.431609473175	0.42822619623	0.466892218463	0.70130497825	0.625906234896	0.466892218463	0.565973900435	0.472692121798	0.597873368777	0.529241179314	0.713388110198	0.699371677139	0.552924117931	0.530691155147	0.512808119865	0.666988883519	0.589656839053	0.664572257129	0.632189463509	0.599806669889	0.618656355727	0.514741420976	0.521024649589	0.517641372644	0.509908168197	0.529724504592	0.622522957951	0.550024166264	0.638472692122	0.498308361527	0.594006766554
AA8	0.571290478492	0.531657805703	0.96761720638	0.625906234896	0.612856452392	0.491541807637	0.671822136298	0.465925567907	0.44224262929	0.565007249879	0.438376027066	0.561140647656	0.513291445143	0.887868535524	0.596423392943	0.535524407927	0.29869502175	0.0	0.92363460609	0.74528757854	0.58337361044	0.500724987917	0.475108748188	0.474142097632	0.866118898018	0.59255679072	0.430159497342	0.450459159014	0.510391493475	0.567423876269	0.480425326245	0.382310294828	0.43064282262	0.485258579024	0.72450459159	0.647172547124	0.471242145964	0.56935717738	0.477525374577	0.596906718221	0.538907684872	0.715804736588	0.703238279362	0.568390526825	0.544707588207	0.526341227646	0.658289028516	0.599806669889	0.678105364911	0.648622522958	0.614306428226	0.623006283229	0.512808119865	0.532141130981	0.536007733204	0.523441275979	0.530691155147	0.62493958434	0.544707588207	0.655389076849	0.499275012083	0.609473175447
AB7	0.864185596907	0.890768487192	0.739004349928	0.739487675205	0.879168680522	0.920734654422	0.936201063316	0.934267762204	0.917834702755	0.934267762204	0.951667472209	0.891735137748	0.926051232479	0.716288061866	0.919768003867	0.880618656356	0.927984533591	0.92363460609	0.0	0.417109714838	0.815853069116	0.844369260512	0.942967617206	0.918318028033	0.741904301595	0.81488641856	0.891735137748	0.881101981634	0.745770903818	0.702754954084	0.893185113581	0.898985016916	0.926534557757	0.938617689705	0.940550990817	0.930884485259	0.946350894152	0.920251329145	0.947317544708	0.919768003867	0.937167713871	0.861285645239	0.873368777187	0.911068148864	0.951184146931	0.945867568874	0.928467858869	0.92363460609	0.940067665539	0.925084581924	0.93523441276	0.919284678589	0.92363460609	0.917834702755	0.925084581924	0.917834702755	0.916868052199	0.914934751087	0.922184630256	0.922184630256	0.943450942484	0.930401159981
AB8	0.695988400193	0.721121314645	0.759787336878	0.567907201547	0.747220879652	0.739487675205	0.767520541324	0.754470758821	0.739004349928	0.757370710488	0.775253745771	0.720154664089	0.749154180764	0.681971967134	0.760270662156	0.708554857419	0.753020782987	0.74528757854	0.417109714838	0.0	0.64813919768	0.664572257129	0.752054132431	0.728854519091	0.73610439826	0.643789270179	0.70372160464	0.693088448526	0.533591106815	0.515224746254	0.720637989367	0.723054615756	0.752537457709	0.763170613823	0.813436442726	0.759787336878	0.769453842436	0.742870952151	0.764620589657	0.740937651039	0.753504108265	0.709038182697	0.711454809087	0.733204446593	0.780570323828	0.775253745771	0.811019816336	0.751087481875	0.800386660222	0.769453842436	0.767037216046	0.774770420493	0.748670855486	0.751570807153	0.758337361044	0.748187530208	0.748187530208	0.773320444659	0.753020782987	0.773803769937	0.764620589657	0.754470758821
AC7	0.633156114065	0.657805703238	0.890285161914	0.646205896568	0.742870952151	0.610923151281	0.719188013533	0.582406959884	0.562107298212	0.644272595457	0.594006766554	0.69212179797	0.666988883519	0.81488641856	0.704204929918	0.645239246013	0.606089898502	0.58337361044	0.815853069116	0.64813919768	0.0	0.373610439826	0.583856935718	0.572740454326	0.822619623006	0.58337361044	0.555340744321	0.535524407927	0.49540840986	0.491541807637	0.577573707105	0.551474142098	0.567907201547	0.598356694055	0.815853069116	0.732721121315	0.635572740454	0.637506041566	0.608989850169	0.722571290478	0.666022232963	0.706138231029	0.70130497825	0.641372643789	0.646689221846	0.626389560174	0.826969550507	0.758337361044	0.803769937168	0.792653455776	0.760753987434	0.785886901885	0.686321894635	0.667472208797	0.680038666022	0.676172063799	0.675688738521	0.794586756887	0.685355244079	0.786853552441	0.629772837119	0.752054132431
AC8	0.588206863219	0.571290478492	0.913484775254	0.616723054616	0.679072015466	0.549540840986	0.683905268246	0.501208313195	0.488158530691	0.580473658772	0.541324311261	0.622522957951	0.591106814886	0.837119381344	0.628322861286	0.565973900435	0.520541324311	0.500724987917	0.844369260512	0.664572257129	0.373610439826	0.0	0.502658289029	0.49540840986	0.840985983567	0.557274045433	0.414209763171	0.391493475109	0.444175930401	0.477042049299	0.522957950701	0.47462542291	0.49540840986	0.526341227646	0.74528757854	0.655389076849	0.549057515708	0.573707104882	0.530691155147	0.64572257129	0.586273562107	0.668438859352	0.659255679072	0.579507008217	0.570807153214	0.55099081682	0.747220879652	0.674722087965	0.731754470759	0.715804736588	0.683421942968	0.702754954084	0.60657322378	0.590623489609	0.601256645723	0.595456742388	0.589656839053	0.708554857419	0.598840019333	0.710004833253	0.554857419043	0.668438859352
AD7	0.624456259062	0.591106814886	0.962783953601	0.652972450459	0.721604639923	0.550507491542	0.69212179797	0.507491541808	0.489608506525	0.588690188497	0.444175930401	0.653939101015	0.593523441276	0.887868535524	0.633639439343	0.591106814886	0.500724987917	0.475108748188	0.942967617206	0.752054132431	0.583856935718	0.502658289029	0.0	0.31029482842	0.901884968584	0.539874335428	0.440792653456	0.469308844853	0.499758337361	0.5601739971	0.502658289029	0.481875302078	0.496375060416	0.542290961817	0.750604156597	0.667955534074	0.496858385694	0.594006766554	0.52779120348	0.65055582407	0.594490091832	0.716288061866	0.705654905752	0.603673272112	0.565007249879	0.556790720155	0.751570807153	0.677138714355	0.736587723538	0.723537941034	0.684388593523	0.710971483809	0.616723054616	0.598356694055	0.601256645723	0.608023199613	0.595456742388	0.711454809087	0.608989850169	0.716288061866	0.567423876269	0.669405509908
AD8	0.608506524891	0.579507008217	0.94441759304	0.640889318511	0.719671338811	0.547607539874	0.679555340744	0.49540840986	0.475592073465	0.581923634606	0.451909134848	0.649105848236	0.598840019333	0.869502174964	0.633639439343	0.584823586274	0.501208313195	0.474142097632	0.918318028033	0.728854519091	0.572740454326	0.49540840986	0.31029482842	0.0	0.862735621073	0.506041565974	0.422426292895	0.454809086515	0.471242145964	0.530691155147	0.494925084582	0.473175447076	0.494925084582	0.540840985984	0.748670855486	0.665055582407	0.48622522958	0.583856935718	0.525857902368	0.646689221846	0.589656839053	0.710488158531	0.697438376027	0.590623489609	0.56935717738	0.552440792653	0.753020782987	0.679072015466	0.744320927985	0.728371193813	0.688738521025	0.713388110198	0.616723054616	0.599806669889	0.609956500725	0.60657322378	0.605606573224	0.710971483809	0.617206379894	0.720154664089	0.568873852102	0.674722087965
AE7	0.822136297728	0.875302078299	0.84726921218	0.799903334944	0.835186080232	0.879168680522	0.913001449976	0.902368293862	0.884968583857	0.90285161914	0.915901401643	0.85645239246	0.885451909135	0.822136297728	0.899468342194	0.851619139681	0.872885451909	0.866118898018	0.741904301595	0.73610439826	0.822619623006	0.840985983567	0.901884968584	0.862735621073	0.0	0.526341227646	0.868535524408	0.863702271629	0.752537457709	0.762687288545	0.837119381344	0.848719188014	0.898018366361	0.91203479942	0.93281778637	0.909134847753	0.913484775254	0.900918318028	0.915901401643	0.872885451909	0.900918318028	0.869502174964	0.877718704688	0.878685355244	0.930884485259	0.919768003867	0.886901884969	0.887385210246	0.918318028033	0.895601739971	0.905751570807	0.89125181247	0.889318511358	0.905268245529	0.902368293862	0.880618656356	0.904784920251	0.884968583857	0.899468342194	0.90043499275	0.907201546641	0.906234896085
AE8	0.596906718221	0.609473175447	0.89125181247	0.630739487675	0.685838569357	0.577090381827	0.673272112131	0.598840019333	0.586756887385	0.608506524891	0.617689705172	0.6389560174	0.624456259062	0.811503141614	0.662638956017	0.604639922668	0.599323344611	0.59255679072	0.81488641856	0.643789270179	0.58337361044	0.557274045433	0.539874335428	0.506041565974	0.526341227646	0.0	0.570807153214	0.565490575157	0.51377477042	0.516674722088	0.568873852102	0.557274045433	0.606089898502	0.616239729338	0.766553890768	0.68293861769	0.622522957951	0.606089898502	0.625906234896	0.64572257129	0.62493958434	0.679072015466	0.676655389077	0.599806669889	0.629289511841	0.618656355727	0.753987433543	0.686805219913	0.756404059932	0.722087965201	0.699371677139	0.71532141131	0.643789270179	0.625906234896	0.634122764621	0.637022716288	0.640405993233	0.719188013533	0.656839052682	0.713388110198	0.609956500725	0.684388593523
AF7	0.58095698405	0.542774287095	0.943450942484	0.631706138231	0.664088931851	0.517641372644	0.683421942968	0.448042532624	0.441275978734	0.569840502658	0.450459159014	0.595456742388	0.53939101015	0.864185596907	0.609956500725	0.552924117931	0.444175930401	0.430159497342	0.891735137748	0.70372160464	0.555340744321	0.414209763171	0.440792653456	0.422426292895	0.868535524408	0.570807153214	0.0	0.304011599807	0.466408893185	0.520057999033	0.484775253746	0.473658772354	0.433059449009	0.478008699855	0.706621556307	0.617206379894	0.452875785404	0.542290961817	0.488641855969	0.608989850169	0.531657805703	0.69212179797	0.677622039633	0.542774287095	0.53020782987	0.517641372644	0.678105364911	0.619623006283	0.690188496858	0.671822136298	0.632672788787	0.641372643789	0.552440792653	0.53697438376	0.549057515708	0.542290961817	0.541324311261	0.647655872402	0.56259062349	0.667472208797	0.496858385694	0.610439826003
AF8	0.588690188497	0.550507491542	0.931367810536	0.625906234896	0.670855485742	0.535524407927	0.685838569357	0.46060898985	0.451909134848	0.568873852102	0.491058482359	0.608023199613	0.565973900435	0.854035766071	0.626872885452	0.560657322378	0.467375543741	0.450459159014	0.881101981634	0.693088448526	0.535524407927	0.391493475109	0.469308844853	0.454809086515	0.863702271629	0.565490575157	0.304011599807	0.0	0.450942484292	0.505558240696	0.50459159014	0.478492025133	0.457225712905	0.505074915418	0.721121314645	0.629772837119	0.488641855969	0.546157564041	0.510391493475	0.611889801837	0.547607539874	0.681005316578	0.667955534074	0.543257612373	0.540840985984	0.530691155147	0.700338327695	0.638472692122	0.705171580474	0.685355244079	0.646205896568	0.665055582407	0.564523924601	0.552924117931	0.565973900435	0.563073948768	0.550024166264	0.66892218463	0.579990333494	0.679555340744	0.517641372644	0.629289511841
AG7	0.591106814886	0.593523441276	0.842435959401	0.560657322378	0.681005316578	0.541324311261	0.680038666022	0.503624939584	0.477525374577	0.584823586274	0.525857902368	0.628806186564	0.607539874335	0.762687288545	0.654905751571	0.587723537941	0.528757854036	0.510391493475	0.745770903818	0.533591106815	0.49540840986	0.444175930401	0.499758337361	0.471242145964	0.752537457709	0.51377477042	0.466408893185	0.450942484292	0.0	0.300628322861	0.529724504592	0.489608506525	0.503141614306	0.559207346544	0.752054132431	0.662155630739	0.525857902368	0.574673755437	0.538424359594	0.633156114065	0.59497341711	0.655872402127	0.644272595457	0.568873852102	0.603673272112	0.581440309328	0.746254229096	0.67133881102	0.728371193813	0.71532141131	0.677622039633	0.705654905752	0.61333977767	0.603189946834	0.622522957951	0.618656355727	0.625906234896	0.710971483809	0.637989366844	0.706621556307	0.582890285162	0.666022232963
AG8	0.596906718221	0.606089898502	0.831802803287	0.579507008217	0.688738521025	0.559690671822	0.676655389077	0.557274045433	0.541807636539	0.594006766554	0.587723537941	0.637989366844	0.624456259062	0.747220879652	0.667955534074	0.597873368777	0.585790236829	0.567423876269	0.702754954084	0.515224746254	0.491541807637	0.477042049299	0.5601739971	0.530691155147	0.762687288545	0.516674722088	0.520057999033	0.505558240696	0.300628322861	0.0	0.574673755437	0.544224262929	0.558240695988	0.573223779604	0.764620589657	0.678105364911	0.582890285162	0.578057032383	0.576607056549	0.652005799903	0.60415659739	0.653455775737	0.648622522958	0.584340260996	0.610923151281	0.594490091832	0.760753987434	0.6805219913	0.739004349928	0.727404543258	0.699371677139	0.718704688255	0.624456259062	0.614306428226	0.630256162397	0.624456259062	0.629289511841	0.720637989367	0.644272595457	0.719671338811	0.596423392943	0.674722087965
AH7	0.603673272112	0.622039632673	0.949250845819	0.685355244079	0.705171580474	0.58337361044	0.71290478492	0.554857419043	0.53939101015	0.629772837119	0.526824552924	0.652972450459	0.633639439343	0.880135331078	0.679555340744	0.603189946834	0.523924601257	0.480425326245	0.893185113581	0.720637989367	0.577573707105	0.522957950701	0.502658289029	0.494925084582	0.837119381344	0.568873852102	0.484775253746	0.50459159014	0.529724504592	0.574673755437	0.0	0.352344127598	0.565007249879	0.611889801837	0.788786853552	0.713388110198	0.541324311261	0.643789270179	0.59255679072	0.666505558241	0.636056065732	0.753020782987	0.749154180764	0.644755920735	0.63653939101	0.622522957951	0.760270662156	0.703238279362	0.766070565491	0.740937651039	0.712421459642	0.731754470759	0.631706138231	0.628806186564	0.620106331561	0.62493958434	0.625906234896	0.734654422426	0.643305944901	0.735137747704	0.604639922668	0.709038182697
AH8	0.594006766554	0.559207346544	0.951667472209	0.626389560174	0.673755437409	0.520057999033	0.673272112131	0.488641855969	0.476558724021	0.579507008217	0.497341710971	0.605123247946	0.556790720155	0.873852102465	0.609956500725	0.549540840986	0.431609473175	0.382310294828	0.898985016916	0.723054615756	0.551474142098	0.47462542291	0.481875302078	0.473175447076	0.848719188014	0.557274045433	0.473658772354	0.478492025133	0.489608506525	0.544224262929	0.352344127598	0.0	0.485258579024	0.525857902368	0.749154180764	0.662638956017	0.516674722088	0.582406959884	0.5186080232	0.611406476559	0.574190430159	0.707588206863	0.694055099082	0.587723537941	0.572740454326	0.555824069599	0.71290478492	0.652005799903	0.716771387144	0.6805219913	0.661672305462	0.678588690188	0.579990333494	0.566940550991	0.584823586274	0.570323827936	0.563557274045	0.677138714355	0.570807153214	0.683905268246	0.544707588207	0.652972450459
AA5	0.613823102948	0.51619139681	0.950700821653	0.622522957951	0.610439826003	0.481875302078	0.623006283229	0.403576607057	0.398260029	0.517158047366	0.441275978734	0.538907684872	0.521991300145	0.872885451909	0.55099081682	0.546640889319	0.42822619623	0.43064282262	0.926534557757	0.752537457709	0.567907201547	0.49540840986	0.496375060416	0.494925084582	0.898018366361	0.606089898502	0.433059449009	0.457225712905	0.503141614306	0.558240695988	0.565007249879	0.485258579024	0.0	0.338811019816	0.68293861769	0.578540357661	0.475108748188	0.477042049299	0.45142580957	0.553407443209	0.476558724021	0.625906234896	0.611889801837	0.464958917351	0.523924601257	0.489125181247	0.706621556307	0.633156114065	0.668438859352	0.662155630739	0.651522474625	0.672788786854	0.538424359594	0.545190913485	0.560657322378	0.551474142098	0.535524407927	0.669888835186	0.56259062349	0.653939101015	0.514741420976	0.62493958434
AA6	0.616723054616	0.523441275979	0.961333977767	0.635089415176	0.632672788787	0.492508458192	0.637989366844	0.443209279845	0.460125664572	0.53939101015	0.494925084582	0.55775737071	0.526341227646	0.880135331078	0.576607056549	0.551957467376	0.466892218463	0.485258579024	0.938617689705	0.763170613823	0.598356694055	0.526341227646	0.542290961817	0.540840985984	0.91203479942	0.616239729338	0.478008699855	0.505074915418	0.559207346544	0.573223779604	0.611889801837	0.525857902368	0.338811019816	0.0	0.683421942968	0.575640405993	0.517158047366	0.50459159014	0.475108748188	0.576607056549	0.493958434026	0.653455775737	0.637022716288	0.505074915418	0.459642339294	0.434992750121	0.702754954084	0.62735621073	0.670372160464	0.657805703238	0.641372643789	0.662638956017	0.53939101015	0.545190913485	0.558724021266	0.546157564041	0.535041082649	0.661188980184	0.5601739971	0.651039149348	0.5186080232	0.623972933784
AB5	0.757854035766	0.670855485742	0.975350410826	0.735137747704	0.642339294345	0.637506041566	0.732237796037	0.646205896568	0.660222329628	0.695021749638	0.681005316578	0.616723054616	0.66892218463	0.897535041083	0.710004833253	0.700338327695	0.70130497825	0.72450459159	0.940550990817	0.813436442726	0.815853069116	0.74528757854	0.750604156597	0.748670855486	0.93281778637	0.766553890768	0.706621556307	0.721121314645	0.752054132431	0.764620589657	0.788786853552	0.749154180764	0.68293861769	0.683421942968	0.0	0.333494441759	0.604639922668	0.678588690188	0.62735621073	0.653939101015	0.625422909618	0.735621072982	0.735621072982	0.654905751571	0.617689705172	0.603189946834	0.620106331561	0.614306428226	0.624456259062	0.600289995167	0.62493958434	0.610923151281	0.598840019333	0.611889801837	0.626872885452	0.623489608507	0.671822136298	0.603673272112	0.679072015466	0.61333977767	0.686805219913	0.614306428226
AB6	0.679555340744	0.58337361044	0.961333977767	0.658289028516	0.590140164331	0.547124214596	0.65055582407	0.551957467376	0.578057032383	0.606089898502	0.611406476559	0.517158047366	0.590140164331	0.883518608023	0.623489608507	0.617206379894	0.625906234896	0.647172547124	0.930884485259	0.759787336878	0.732721121315	0.655389076849	0.667955534074	0.665055582407	0.909134847753	0.68293861769	0.617206379894	0.629772837119	0.662155630739	0.678105364911	0.713388110198	0.662638956017	0.578540357661	0.575640405993	0.333494441759	0.0	0.544707588207	0.578057032383	0.546640889319	0.557274045433	0.533591106815	0.651039149348	0.635572740454	0.536007733204	0.55099081682	0.534074432093	0.615273078782	0.551474142098	0.591106814886	0.576607056549	0.5601739971	0.585306911551	0.518124697922	0.549057515708	0.561623972934	0.559690671822	0.583856935718	0.579990333494	0.596423392943	0.572257129048	0.606089898502	0.55099081682
AC5	0.62735621073	0.558240695988	0.971967133881	0.652972450459	0.63653939101	0.477525374577	0.671822136298	0.440309328178	0.436926051232	0.565490575157	0.422426292895	0.555340744321	0.549540840986	0.889801836636	0.620106331561	0.585306911551	0.466892218463	0.471242145964	0.946350894152	0.769453842436	0.635572740454	0.549057515708	0.496858385694	0.48622522958	0.913484775254	0.622522957951	0.452875785404	0.488641855969	0.525857902368	0.582890285162	0.541324311261	0.516674722088	0.475108748188	0.517158047366	0.604639922668	0.544707588207	0.0	0.467375543741	0.432576123731	0.593523441276	0.523924601257	0.709521507975	0.685355244079	0.540357660706	0.467375543741	0.447559207347	0.608023199613	0.549540840986	0.61333977767	0.579507008217	0.559690671822	0.578540357661	0.489608506525	0.478975350411	0.489125181247	0.502174963751	0.565490575157	0.575157080715	0.593040115998	0.573223779604	0.521991300145	0.538907684872
AC6	0.635089415176	0.530691155147	0.954084098598	0.641372643789	0.612373127115	0.524891251812	0.513291445143	0.492025132914	0.520057999033	0.461092315128	0.558724021266	0.550507491542	0.567423876269	0.862252295795	0.547607539874	0.58095698405	0.565973900435	0.56935717738	0.920251329145	0.742870952151	0.637506041566	0.573707104882	0.594006766554	0.583856935718	0.900918318028	0.606089898502	0.542290961817	0.546157564041	0.574673755437	0.578057032383	0.643789270179	0.582406959884	0.477042049299	0.50459159014	0.678588690188	0.578057032383	0.467375543741	0.0	0.531174480425	0.528757854036	0.508941517641	0.468342194297	0.443692605123	0.412759787337	0.577573707105	0.54857419043	0.704204929918	0.643789270179	0.681488641856	0.658772353794	0.656839052682	0.675205413243	0.587723537941	0.576607056549	0.594490091832	0.592073465442	0.563073948768	0.679555340744	0.588690188497	0.651039149348	0.553890768487	0.6389560174
AD6	0.623489608507	0.532624456259	0.971967133881	0.629289511841	0.588690188497	0.423392943451	0.62493958434	0.430159497342	0.416143064282	0.518124697922	0.43064282262	0.500724987917	0.52537457709	0.886901884969	0.584823586274	0.557274045433	0.472692121798	0.477525374577	0.947317544708	0.764620589657	0.608989850169	0.530691155147	0.52779120348	0.525857902368	0.915901401643	0.625906234896	0.488641855969	0.510391493475	0.538424359594	0.576607056549	0.59255679072	0.5186080232	0.45142580957	0.475108748188	0.62735621073	0.546640889319	0.432576123731	0.531174480425	0.0	0.542774287095	0.423392943451	0.691155147414	0.679072015466	0.529724504592	0.479942000967	0.45142580957	0.613823102948	0.543740937651	0.591590140164	0.559207346544	0.567423876269	0.582890285162	0.47220879652	0.463508941518	0.470275495408	0.474142097632	0.543740937651	0.584340260996	0.555824069599	0.577573707105	0.480908651522	0.534074432093
AE5	0.628806186564	0.522474625423	0.971483808603	0.632672788787	0.546640889319	0.551957467376	0.558240695988	0.550024166264	0.579023682939	0.510874818753	0.611406476559	0.490575157081	0.563073948768	0.8796520058	0.534557757371	0.551474142098	0.597873368777	0.596906718221	0.919768003867	0.740937651039	0.722571290478	0.64572257129	0.65055582407	0.646689221846	0.872885451909	0.64572257129	0.608989850169	0.611889801837	0.633156114065	0.652005799903	0.666505558241	0.611406476559	0.553407443209	0.576607056549	0.653939101015	0.557274045433	0.593523441276	0.528757854036	0.542774287095	0.0	0.338327694538	0.593523441276	0.584340260996	0.500724987917	0.626872885452	0.61333977767	0.646205896568	0.596423392943	0.643789270179	0.610439826003	0.613823102948	0.628322861286	0.530691155147	0.552924117931	0.587240212663	0.55099081682	0.539874335428	0.616239729338	0.559690671822	0.613823102948	0.573223779604	0.592073465442
AE6	0.623972933784	0.487191880135	0.971483808603	0.620589656839	0.563557274045	0.490575157081	0.568873852102	0.476558724021	0.500241662639	0.485741904302	0.532624456259	0.501208313195	0.512808119865	0.8796520058	0.537941034316	0.533107781537	0.529241179314	0.538907684872	0.937167713871	0.753504108265	0.666022232963	0.586273562107	0.594490091832	0.589656839053	0.900918318028	0.62493958434	0.531657805703	0.547607539874	0.59497341711	0.60415659739	0.636056065732	0.574190430159	0.476558724021	0.493958434026	0.625422909618	0.533591106815	0.523924601257	0.508941517641	0.423392943451	0.338327694538	0.0	0.637506041566	0.621072982117	0.477042049299	0.544224262929	0.524891251812	0.641855969067	0.586756887385	0.614789753504	0.597873368777	0.605123247946	0.619623006283	0.491541807637	0.495891735138	0.521024649589	0.503624939584	0.501208313195	0.608023199613	0.542774287095	0.595456742388	0.496375060416	0.573223779604
AF5	0.704204929918	0.639922667956	0.932334461092	0.654422426293	0.658289028516	0.677622039633	0.53697438376	0.646205896568	0.673755437409	0.582406959884	0.717254712421	0.614789753504	0.666505558241	0.846785886902	0.596423392943	0.670855485742	0.713388110198	0.715804736588	0.861285645239	0.709038182697	0.706138231029	0.668438859352	0.716288061866	0.710488158531	0.869502174964	0.679072015466	0.69212179797	0.681005316578	0.655872402127	0.653455775737	0.753020782987	0.707588206863	0.625906234896	0.653455775737	0.735621072982	0.651039149348	0.709521507975	0.468342194297	0.691155147414	0.593523441276	0.637506041566	0.0	0.270662155631	0.524891251812	0.716771387144	0.705171580474	0.766070565491	0.710004833253	0.743354277429	0.717254712421	0.726437892702	0.743354277429	0.687771870469	0.707588206863	0.718221362977	0.705654905752	0.660222329628	0.747220879652	0.669888835186	0.710004833253	0.704204929918	0.710004833253
AF6	0.698405026583	0.625906234896	0.938134364427	0.661188980184	0.660705654906	0.658772353794	0.52537457709	0.623489608507	0.65973900435	0.564040599323	0.702271628806	0.607539874335	0.660222329628	0.849202513291	0.581923634606	0.658772353794	0.699371677139	0.703238279362	0.873368777187	0.711454809087	0.70130497825	0.659255679072	0.705654905752	0.697438376027	0.877718704688	0.676655389077	0.677622039633	0.667955534074	0.644272595457	0.648622522958	0.749154180764	0.694055099082	0.611889801837	0.637022716288	0.735621072982	0.635572740454	0.685355244079	0.443692605123	0.679072015466	0.584340260996	0.621072982117	0.270662155631	0.0	0.51619139681	0.705654905752	0.68970517158	0.761237312711	0.704688255196	0.734654422426	0.71290478492	0.709038182697	0.736587723538	0.681005316578	0.698405026583	0.702754954084	0.689221846303	0.653455775737	0.73610439826	0.656839052682	0.701788303528	0.693088448526	0.706138231029
