	AA3	AA4	AB3	AB4	AC3	AC4	AD3	AD4	AE3	AE4	AF3	AF4	AG3	AG4	AH3	AH4	AA7	AA8	AB7	AB8	AC7	AC8	AD7	AD8	AE7	AE8	AF7	AF8	AG7	AG8	AH7	AH8	AA5	AA6	AB5	AB6	AC5	AC6	AD6	AE5	AE6	AF5	AF6	AG5	AH5	AH6	AA1	AA2	AB1	AB2	AC1	AC2	AD1	AD2	AE1	AE2	AF1	AF2	AG1	AG2	AH1	AH2
AA3	0.0	0.482358627356	0.928951184147	0.634122764621	0.660705654906	0.579023682939	0.665538907685	0.598840019333	0.572257129048	0.638472692122	0.605606573224	0.610439826003	0.585306911551	0.846302561624	0.648622522958	0.339294345094	0.581440309328	0.569840502658	0.867085548574	0.713388110198	0.623489608507	0.59255679072	0.594006766554	0.587240212663	0.833736104398	0.591106814886	0.593523441276	0.572740454326	0.595456742388	0.605606573224	0.593523441276	0.575640405993	0.587240212663	0.60415659739	0.750120831319	0.677622039633	0.622039632673	0.634122764621	0.605123247946	0.628806186564	0.603189946834	0.70130497825	0.69212179797	0.6389560174	0.645239246013	0.623972933784	0.696955050749	0.6389560174	0.708554857419	0.682455292412	0.653455775737	0.668438859352	0.585790236829	0.583856935718	0.582890285162	0.57177380377	0.587240212663	0.661188980184	0.600289995167	0.666988883519	0.589656839053	0.664572257129
AA4	0.482358627356	0.0	0.942484291928	0.579023682939	0.576607056549	0.48380860319	0.573223779604	0.477525374577	0.486708554857	0.496858385694	0.541324311261	0.504108264862	0.492025132914	0.852585790237	0.386176897052	0.363943934268	0.528757854036	0.53020782987	0.890768487192	0.720637989367	0.633156114065	0.558240695988	0.573223779604	0.576123731271	0.875785403577	0.594490091832	0.541807636539	0.548090865152	0.570323827936	0.594006766554	0.609473175447	0.565007249879	0.50459159014	0.51377477042	0.672305461576	0.583856935718	0.557274045433	0.506524891252	0.524891251812	0.531174480425	0.467375543741	0.614789753504	0.588690188497	0.520057999033	0.582890285162	0.566940550991	0.650072498792	0.58095698405	0.636056065732	0.608506524891	0.60657322378	0.626389560174	0.531174480425	0.514741420976	0.527307878202	0.527307878202	0.484291928468	0.618173030449	0.506041565974	0.585306911551	0.523924601257	0.593040115998
AB3	0.928951184147	0.942484291928	0.0	0.676655389077	0.91445142581	0.951667472209	0.957467375544	0.943450942484	0.936684388594	0.946350894152	0.971483808603	0.932334461092	0.962783953601	0.350894151764	0.963750604157	0.941034316095	0.968100531658	0.966167230546	0.739487675205	0.739487675205	0.890285161914	0.913968100532	0.956984050266	0.945384243596	0.850169163847	0.895118414693	0.947800869986	0.933784436926	0.846785886902	0.842919284679	0.953117448043	0.957467375544	0.95360077332	0.9584340261	0.970033832769	0.961817303045	0.970517158047	0.95601739971	0.970517158047	0.971967133881	0.969550507492	0.927501208313	0.927017883035	0.946350894152	0.974383760271	0.969067182214	0.970517158047	0.969067182214	0.968100531658	0.969550507492	0.972933784437	0.967133881102	0.971967133881	0.971000483325	0.977767037216	0.971967133881	0.969067182214	0.969067182214	0.969550507492	0.971483808603	0.970517158047	0.971967133881
AB4	0.634122764621	0.579023682939	0.676655389077	0.0	0.646689221846	0.616239729338	0.689221846303	0.62735621073	0.619139681005	0.632189463509	0.64572257129	0.614789753504	0.48380860319	0.558240695988	0.610439826003	0.602706621556	0.641372643789	0.647172547124	0.720637989367	0.563073948768	0.654905751571	0.620589656839	0.657805703238	0.640405993233	0.798453359111	0.629289511841	0.651522474625	0.63653939101	0.556307394877	0.570323827936	0.689221846303	0.649105848236	0.645239246013	0.65973900435	0.719671338811	0.662155630739	0.652972450459	0.644755920735	0.627839536008	0.642822619623	0.618173030449	0.663605606573	0.659255679072	0.637506041566	0.685838569357	0.675205413243	0.698405026583	0.666988883519	0.685838569357	0.682455292412	0.678105364911	0.672305461576	0.635572740454	0.6389560174	0.653939101015	0.632189463509	0.644272595457	0.667472208797	0.639439342678	0.663605606573	0.64572257129	0.669888835186
AC3	0.660705654906	0.576607056549	0.91445142581	0.646689221846	0.0	0.502658289029	0.635089415176	0.544224262929	0.567423876269	0.585790236829	0.623006283229	0.344127597873	0.603189946834	0.830352827453	0.605123247946	0.618656355727	0.608023199613	0.610439826003	0.873852102465	0.756404059932	0.72450459159	0.679555340744	0.723054615756	0.709038182697	0.826969550507	0.6805219913	0.653939101015	0.678105364911	0.667472208797	0.686805219913	0.704204929918	0.658289028516	0.600773320445	0.635572740454	0.626872885452	0.579023682939	0.623972933784	0.587723537941	0.579507008217	0.546157564041	0.552440792653	0.653455775737	0.643305944901	0.561623972934	0.642339294345	0.644755920735	0.594006766554	0.588690188497	0.591590140164	0.580473658772	0.599323344611	0.595940067666	0.546157564041	0.579023682939	0.579507008217	0.563557274045	0.612373127115	0.57177380377	0.617689705172	0.578540357661	0.622522957951	0.599323344611
AC4	0.579023682939	0.48380860319	0.951667472209	0.616239729338	0.502658289029	0.0	0.622039632673	0.4398260029	0.415176413726	0.522474625423	0.348960850652	0.405993233446	0.502658289029	0.865152247463	0.558240695988	0.518124697922	0.467375543741	0.460125664572	0.917834702755	0.751087481875	0.598840019333	0.541324311261	0.525857902368	0.525857902368	0.884485258579	0.558240695988	0.503624939584	0.511841469309	0.53697438376	0.568390526825	0.579507008217	0.528274528758	0.445142580957	0.478492025133	0.65732237796	0.566940550991	0.482841952634	0.508941517641	0.433542774287	0.555340744321	0.457709038183	0.663605606573	0.65055582407	0.517641372644	0.506524891252	0.497825036249	0.640889318511	0.574190430159	0.597873368777	0.591106814886	0.590140164331	0.609956500725	0.491541807637	0.506524891252	0.521507974867	0.517158047366	0.538424359594	0.607539874335	0.545674238763	0.579507008217	0.462542290962	0.576607056549
AD3	0.665538907685	0.573223779604	0.957467375544	0.689221846303	0.635089415176	0.622039632673	0.0	0.526341227646	0.622039632673	0.357177380377	0.661188980184	0.597390043499	0.643305944901	0.867085548574	0.559690671822	0.628806186564	0.671822136298	0.676172063799	0.94683421943	0.776703721605	0.710488158531	0.687771870469	0.686805219913	0.686805219913	0.919768003867	0.6805219913	0.688738521025	0.685838569357	0.685838569357	0.672305461576	0.710004833253	0.681488641856	0.620589656839	0.636056065732	0.735621072982	0.649105848236	0.660222329628	0.520057999033	0.631706138231	0.579507008217	0.579023682939	0.531657805703	0.520541324311	0.546157564041	0.685838569357	0.678588690188	0.760753987434	0.696471725471	0.730787820203	0.724021266312	0.710004833253	0.727887868536	0.64813919768	0.660705654906	0.657805703238	0.647655872402	0.616723054616	0.717738037699	0.632189463509	0.707588206863	0.675205413243	0.702271628806
AD4	0.598840019333	0.477525374577	0.943450942484	0.62735621073	0.544224262929	0.4398260029	0.526341227646	0.0	0.30546157564	0.411793136781	0.436442725955	0.479942000967	0.52779120348	0.853552440793	0.542774287095	0.520541324311	0.453842435959	0.453842435959	0.940067665539	0.772353794103	0.568390526825	0.500724987917	0.500241662639	0.502658289029	0.906234896085	0.582890285162	0.452875785404	0.457709038183	0.505558240696	0.573707104882	0.549057515708	0.499275012083	0.389076848719	0.446109231513	0.642822619623	0.551957467376	0.434992750121	0.4813919768	0.432092798453	0.57177380377	0.454809086515	0.63653939101	0.604639922668	0.4813919768	0.487675205413	0.462058965684	0.646689221846	0.581440309328	0.616239729338	0.61333977767	0.602223296278	0.622039632673	0.503141614306	0.517158047366	0.513291445143	0.530691155147	0.540357660706	0.610923151281	0.559207346544	0.599806669889	0.504108264862	0.584340260996
AE3	0.572257129048	0.486708554857	0.936684388594	0.619139681005	0.567423876269	0.415176413726	0.622039632673	0.30546157564	0.0	0.499758337361	0.409859835669	0.502658289029	0.511841469309	0.855969067182	0.549057515708	0.521991300145	0.436926051232	0.43064282262	0.927017883035	0.757854035766	0.552440792653	0.479942000967	0.487191880135	0.486708554857	0.893668438859	0.572257129048	0.440792653456	0.447559207347	0.492508458192	0.566940550991	0.544224262929	0.49299178347	0.382310294828	0.450942484292	0.671822136298	0.580473658772	0.450942484292	0.501208313195	0.441759304012	0.605606573224	0.478492025133	0.661188980184	0.637022716288	0.506524891252	0.499758337361	0.472692121798	0.657805703238	0.594490091832	0.620589656839	0.623489608507	0.607539874335	0.630256162397	0.520541324311	0.536491058482	0.533107781537	0.546157564041	0.531174480425	0.630739487675	0.557274045433	0.606089898502	0.493958434026	0.60415659739
AE4	0.638472692122	0.496858385694	0.946350894152	0.632189463509	0.585790236829	0.522474625423	0.357177380377	0.411793136781	0.499758337361	0.0	0.570323827936	0.531174480425	0.58095698405	0.85645239246	0.527307878202	0.556307394877	0.58095698405	0.581923634606	0.938134364427	0.768003866602	0.648622522958	0.585790236829	0.602223296278	0.594490091832	0.911068148864	0.609956500725	0.587723537941	0.584340260996	0.581440309328	0.591106814886	0.639922667956	0.596906718221	0.525857902368	0.543257612373	0.688738521025	0.600773320445	0.574673755437	0.453842435959	0.53939101015	0.531657805703	0.509424842919	0.566940550991	0.535524407927	0.49540840986	0.595456742388	0.591590140164	0.710004833253	0.64813919768	0.689221846303	0.678105364911	0.667955534074	0.684871918801	0.591590140164	0.593040115998	0.59255679072	0.594006766554	0.565007249879	0.672788786854	0.585790236829	0.661672305462	0.579507008217	0.653455775737
AF3	0.605606573224	0.541324311261	0.971483808603	0.64572257129	0.623006283229	0.348960850652	0.661188980184	0.436442725955	0.409859835669	0.570323827936	0.0	0.5186080232	0.533107781537	0.885935234413	0.590140164331	0.563557274045	0.435476075399	0.421942967617	0.952634122765	0.785886901885	0.59255679072	0.535524407927	0.447559207347	0.456259062349	0.913968100532	0.598840019333	0.44224262929	0.503624939584	0.533107781537	0.590140164331	0.520541324311	0.482358627356	0.423876268729	0.495891735138	0.675688738521	0.608023199613	0.42822619623	0.540357660706	0.445142580957	0.623006283229	0.509424842919	0.700821652972	0.681488641856	0.541807636539	0.508458192363	0.4813919768	0.665538907685	0.596906718221	0.639439342678	0.622522957951	0.61333977767	0.631222812953	0.532141130981	0.527307878202	0.528274528758	0.53697438376	0.572257129048	0.635089415176	0.578540357661	0.607056549058	0.487191880135	0.605123247946
AF4	0.610439826003	0.504108264862	0.932334461092	0.614789753504	0.344127597873	0.405993233446	0.597390043499	0.479942000967	0.502658289029	0.531174480425	0.5186080232	0.0	0.544224262929	0.844369260512	0.550507491542	0.549540840986	0.548090865152	0.556790720155	0.886418559691	0.725954567424	0.681488641856	0.620589656839	0.654422426293	0.640405993233	0.846302561624	0.609956500725	0.590140164331	0.610923151281	0.61575640406	0.633156114065	0.652972450459	0.605606573224	0.532624456259	0.565490575157	0.612373127115	0.520541324311	0.552924117931	0.540357660706	0.5186080232	0.519091348478	0.501691638473	0.620106331561	0.607056549058	0.519091348478	0.561623972934	0.56259062349	0.602706621556	0.533107781537	0.570323827936	0.553890768487	0.555340744321	0.577090381827	0.49299178347	0.509424842919	0.531657805703	0.523924601257	0.561140647656	0.558240695988	0.564523924601	0.533591106815	0.547607539874	0.540357660706
AG3	0.585306911551	0.492025132914	0.962783953601	0.48380860319	0.603189946834	0.502658289029	0.643305944901	0.52779120348	0.511841469309	0.58095698405	0.533107781537	0.544224262929	0.0	0.851135814403	0.532141130981	0.530691155147	0.498791686805	0.510391493475	0.930884485259	0.763653939101	0.670855485742	0.594006766554	0.60415659739	0.619139681005	0.885451909135	0.630739487675	0.547607539874	0.566457225713	0.607056549058	0.629289511841	0.6389560174	0.573223779604	0.522957950701	0.53697438376	0.663605606573	0.602223296278	0.550024166264	0.562107298212	0.523441275979	0.570323827936	0.495891735138	0.661672305462	0.641372643789	0.553890768487	0.590623489609	0.577090381827	0.625906234896	0.566457225713	0.599806669889	0.605606573224	0.590623489609	0.590140164331	0.503624939584	0.528757854036	0.542290961817	0.518124697922	0.529724504592	0.586273562107	0.53939101015	0.589656839053	0.510391493475	0.579023682939
AG4	0.846302561624	0.852585790237	0.350894151764	0.558240695988	0.830352827453	0.865152247463	0.867085548574	0.853552440793	0.855969067182	0.85645239246	0.885935234413	0.844369260512	0.851135814403	0.0	0.874335427743	0.851135814403	0.89125181247	0.890285161914	0.695505074915	0.661672305462	0.813919768004	0.827452875785	0.881101981634	0.864668922185	0.825519574674	0.818269695505	0.867085548574	0.853069115515	0.763170613823	0.741420976317	0.883035282745	0.876268728855	0.869502174964	0.876268728855	0.898018366361	0.882068632189	0.885935234413	0.86563557274	0.884485258579	0.879168680522	0.879168680522	0.841469308845	0.842919284679	0.863702271629	0.894635089415	0.889801836636	0.881101981634	0.882068632189	0.884485258579	0.884001933301	0.889801836636	0.883035282745	0.889801836636	0.883035282745	0.893668438859	0.887385210246	0.885451909135	0.884001933301	0.887385210246	0.886418559691	0.892701788304	0.889801836636
AH3	0.648622522958	0.386176897052	0.963750604157	0.610439826003	0.605123247946	0.558240695988	0.559690671822	0.542774287095	0.549057515708	0.527307878202	0.590140164331	0.550507491542	0.532141130981	0.874335427743	0.0	0.536491058482	0.603673272112	0.605123247946	0.924117931368	0.764137264379	0.690188496858	0.623972933784	0.621556307395	0.638472692122	0.899468342194	0.664572257129	0.625906234896	0.629772837119	0.650072498792	0.653455775737	0.677622039633	0.625422909618	0.5601739971	0.584823586274	0.699371677139	0.622522957951	0.623006283229	0.533107781537	0.581440309328	0.551957467376	0.527307878202	0.584823586274	0.558724021266	0.55099081682	0.642339294345	0.63653939101	0.700821652972	0.618173030449	0.65732237796	0.65055582407	0.642822619623	0.664572257129	0.594006766554	0.591590140164	0.590140164331	0.587723537941	0.551474142098	0.661188980184	0.551957467376	0.635572740454	0.590140164331	0.623006283229
AH4	0.339294345094	0.363943934268	0.941034316095	0.602706621556	0.618656355727	0.518124697922	0.628806186564	0.520541324311	0.521991300145	0.556307394877	0.563557274045	0.549540840986	0.530691155147	0.851135814403	0.536491058482	0.0	0.525857902368	0.533591106815	0.880135331078	0.718704688255	0.616723054616	0.552924117931	0.564523924601	0.565973900435	0.853069115515	0.58095698405	0.546640889319	0.544224262929	0.568390526825	0.585790236829	0.588690188497	0.542290961817	0.536491058482	0.539874335428	0.703238279362	0.623972933784	0.568873852102	0.561140647656	0.543257612373	0.577090381827	0.520057999033	0.665055582407	0.640889318511	0.566457225713	0.59255679072	0.575640405993	0.668438859352	0.601739971	0.653939101015	0.631706138231	0.625422909618	0.633639439343	0.546640889319	0.533107781537	0.541807636539	0.543740937651	0.517641372644	0.630256162397	0.534557757371	0.619623006283	0.534557757371	0.621556307395
AA7	0.581440309328	0.528757854036	0.968100531658	0.641372643789	0.608023199613	0.467375543741	0.671822136298	0.453842435959	0.436926051232	0.58095698405	0.435476075399	0.548090865152	0.498791686805	0.89125181247	0.603673272112	0.525857902368	0.0	0.28709521508	0.921701304978	0.763653939101	0.582890285162	0.505074915418	0.487675205413	0.503624939584	0.864185596907	0.581440309328	0.444659255679	0.471725471242	0.521507974867	0.584823586274	0.518124697922	0.400676655389	0.420009666506	0.484291928468	0.698888351861	0.628806186564	0.468825519575	0.549540840986	0.487191880135	0.606089898502	0.5186080232	0.699855002417	0.6805219913	0.571290478492	0.533107781537	0.509908168197	0.654905751571	0.59255679072	0.645239246013	0.638472692122	0.598840019333	0.618173030449	0.517641372644	0.526341227646	0.523441275979	0.519574673755	0.526341227646	0.61333977767	0.544224262929	0.616723054616	0.48380860319	0.609473175447
AA8	0.569840502658	0.53020782987	0.966167230546	0.647172547124	0.610439826003	0.460125664572	0.676172063799	0.453842435959	0.43064282262	0.581923634606	0.421942967617	0.556790720155	0.510391493475	0.890285161914	0.605123247946	0.533591106815	0.28709521508	0.0	0.924601256646	0.766553890768	0.563557274045	0.487191880135	0.468342194297	0.484291928468	0.866602223296	0.579990333494	0.434509424843	0.46060898985	0.5186080232	0.581923634606	0.472692121798	0.359594006767	0.428709521508	0.487675205413	0.707588206863	0.63653939101	0.462058965684	0.550507491542	0.484775253746	0.610923151281	0.524407926535	0.704204929918	0.681488641856	0.572740454326	0.535041082649	0.503624939584	0.644755920735	0.588206863219	0.652489125181	0.639922667956	0.59255679072	0.618656355727	0.51619139681	0.523924601257	0.514258095698	0.510391493475	0.526824552924	0.606089898502	0.544224262929	0.614789753504	0.482358627356	0.609956500725
AB7	0.867085548574	0.890768487192	0.739487675205	0.720637989367	0.873852102465	0.917834702755	0.94683421943	0.940067665539	0.927017883035	0.938134364427	0.952634122765	0.886418559691	0.930884485259	0.695505074915	0.924117931368	0.880135331078	0.921701304978	0.924601256646	0.0	0.38666022233	0.820686321895	0.843885935234	0.930401159981	0.911068148864	0.742870952151	0.825519574674	0.893668438859	0.883518608023	0.734171097148	0.708554857419	0.885451909135	0.900918318028	0.920251329145	0.942000966651	0.942484291928	0.927501208313	0.943450942484	0.919284678589	0.945384243596	0.919284678589	0.936684388594	0.861768970517	0.863218946351	0.906718221363	0.956984050266	0.957950700822	0.927984533591	0.926534557757	0.93281778637	0.934751087482	0.93523441276	0.922667955534	0.9212179797	0.917834702755	0.922667955534	0.919768003867	0.916868052199	0.917351377477	0.925084581924	0.923151280812	0.949250845819	0.937167713871
AB8	0.713388110198	0.720637989367	0.739487675205	0.563073948768	0.756404059932	0.751087481875	0.776703721605	0.772353794103	0.757854035766	0.768003866602	0.785886901885	0.725954567424	0.763653939101	0.661672305462	0.764137264379	0.718704688255	0.763653939101	0.766553890768	0.38666022233	0.0	0.659255679072	0.676172063799	0.751087481875	0.737071048816	0.728854519091	0.65732237796	0.720637989367	0.708071532141	0.533107781537	0.527307878202	0.737554374094	0.740937651039	0.757854035766	0.772353794103	0.80328661189	0.756404059932	0.772837119381	0.751087481875	0.775253745771	0.758337361044	0.761237312711	0.707588206863	0.707104881585	0.741904301595	0.78927017883	0.789753504108	0.812953117448	0.769937167714	0.787820202997	0.774287095215	0.775737071049	0.782020299662	0.767520541324	0.762687288545	0.762203963267	0.760753987434	0.755437409377	0.78008699855	0.760270662156	0.754470758821	0.78008699855	0.767520541324
AC7	0.623489608507	0.633156114065	0.890285161914	0.654905751571	0.72450459159	0.598840019333	0.710488158531	0.568390526825	0.552440792653	0.648622522958	0.59255679072	0.681488641856	0.670855485742	0.813919768004	0.690188496858	0.616723054616	0.582890285162	0.563557274045	0.820686321895	0.659255679072	0.0	0.366360560657	0.567907201547	0.566940550991	0.817303044949	0.569840502658	0.551474142098	0.508458192363	0.477525374577	0.499758337361	0.569840502658	0.558240695988	0.552924117931	0.59255679072	0.804736587724	0.73852102465	0.62735621073	0.633639439343	0.608989850169	0.730304494925	0.654905751571	0.693088448526	0.686321894635	0.639922667956	0.629772837119	0.601739971	0.818753020783	0.743837602707	0.787820202997	0.788786853552	0.752054132431	0.774770420493	0.681005316578	0.677138714355	0.676172063799	0.681005316578	0.667472208797	0.778637022716	0.674722087965	0.765103914935	0.619139681005	0.753020782987
AC8	0.59255679072	0.558240695988	0.913968100532	0.620589656839	0.679555340744	0.541324311261	0.687771870469	0.500724987917	0.479942000967	0.585790236829	0.535524407927	0.620589656839	0.594006766554	0.827452875785	0.623972933784	0.552924117931	0.505074915418	0.487191880135	0.843885935234	0.676172063799	0.366360560657	0.0	0.493475108748	0.494441759304	0.838569357177	0.534557757371	0.420976317061	0.376027066216	0.426776220396	0.489608506525	0.522474625423	0.484775253746	0.475108748188	0.50700821653	0.736587723538	0.664088931851	0.54857419043	0.565973900435	0.541807636539	0.653939101015	0.575640405993	0.65732237796	0.631706138231	0.579990333494	0.565973900435	0.53939101015	0.743354277429	0.667955534074	0.717254712421	0.716771387144	0.673755437409	0.701788303528	0.60415659739	0.604639922668	0.599806669889	0.609473175447	0.581923634606	0.698888351861	0.600773320445	0.696471725471	0.546640889319	0.66892218463
AD7	0.594006766554	0.573223779604	0.956984050266	0.657805703238	0.723054615756	0.525857902368	0.686805219913	0.500241662639	0.487191880135	0.602223296278	0.447559207347	0.654422426293	0.60415659739	0.881101981634	0.621556307395	0.564523924601	0.487675205413	0.468342194297	0.930401159981	0.751087481875	0.567907201547	0.493475108748	0.0	0.292895118415	0.887868535524	0.506041565974	0.435959400677	0.473658772354	0.507491541808	0.570323827936	0.502658289029	0.459159014016	0.480908651522	0.537457709038	0.746254229096	0.669405509908	0.509908168197	0.579023682939	0.547124214596	0.665055582407	0.588690188497	0.703238279362	0.679072015466	0.605123247946	0.572257129048	0.547124214596	0.744804253262	0.676172063799	0.72692121798	0.720154664089	0.677622039633	0.699855002417	0.613823102948	0.614789753504	0.603189946834	0.622522957951	0.592073465442	0.701788303528	0.598356694055	0.695021749638	0.5601739971	0.673272112131
AD8	0.587240212663	0.576123731271	0.945384243596	0.640405993233	0.709038182697	0.525857902368	0.686805219913	0.502658289029	0.486708554857	0.594490091832	0.456259062349	0.640405993233	0.619139681005	0.864668922185	0.638472692122	0.565973900435	0.503624939584	0.484291928468	0.911068148864	0.737071048816	0.566940550991	0.494441759304	0.292895118415	0.0	0.849202513291	0.468342194297	0.436442725955	0.480425326245	0.488158530691	0.540357660706	0.490575157081	0.471725471242	0.498791686805	0.558240695988	0.74770420493	0.67133881102	0.507491541808	0.579507008217	0.545674238763	0.656839052682	0.585790236829	0.705654905752	0.685838569357	0.606089898502	0.572257129048	0.549057515708	0.751570807153	0.674722087965	0.728371193813	0.724021266312	0.678105364911	0.70130497825	0.615273078782	0.611889801837	0.609956500725	0.617689705172	0.60415659739	0.702754954084	0.612856452392	0.69453842436	0.567423876269	0.672305461576
AE7	0.833736104398	0.875785403577	0.850169163847	0.798453359111	0.826969550507	0.884485258579	0.919768003867	0.906234896085	0.893668438859	0.911068148864	0.913968100532	0.846302561624	0.885451909135	0.825519574674	0.899468342194	0.853069115515	0.864185596907	0.866602223296	0.742870952151	0.728854519091	0.817303044949	0.838569357177	0.887868535524	0.849202513291	0.0	0.558724021266	0.872402126631	0.855969067182	0.766070565491	0.769937167714	0.836636056066	0.844369260512	0.895118414693	0.912518124698	0.927984533591	0.911551474142	0.913001449976	0.899468342194	0.913484775254	0.875302078299	0.893185113581	0.86563557274	0.868535524408	0.878685355244	0.939584340261	0.924601256646	0.888351860802	0.897535041083	0.912518124698	0.902368293862	0.90285161914	0.896568390527	0.892218463026	0.895118414693	0.903818269696	0.885935234413	0.903334944418	0.887868535524	0.898501691638	0.897535041083	0.908651522475	0.91445142581
AE8	0.591106814886	0.594490091832	0.895118414693	0.629289511841	0.6805219913	0.558240695988	0.6805219913	0.582890285162	0.572257129048	0.609956500725	0.598840019333	0.609956500725	0.630739487675	0.818269695505	0.664572257129	0.58095698405	0.581440309328	0.579990333494	0.825519574674	0.65732237796	0.569840502658	0.534557757371	0.506041565974	0.468342194297	0.558724021266	0.0	0.564523924601	0.536491058482	0.503624939584	0.515708071532	0.565973900435	0.554374093765	0.576607056549	0.596906718221	0.758820686322	0.684388593523	0.601739971	0.589656839053	0.598356694055	0.655872402127	0.60657322378	0.658772353794	0.649105848236	0.599323344611	0.62493958434	0.610923151281	0.752054132431	0.690188496858	0.740454325761	0.718704688255	0.699855002417	0.725471242146	0.63653939101	0.635572740454	0.646205896568	0.644755920735	0.637989366844	0.710971483809	0.645239246013	0.69212179797	0.595456742388	0.69453842436
AF7	0.593523441276	0.541807636539	0.947800869986	0.651522474625	0.653939101015	0.503624939584	0.688738521025	0.452875785404	0.440792653456	0.587723537941	0.44224262929	0.590140164331	0.547607539874	0.867085548574	0.625906234896	0.546640889319	0.444659255679	0.434509424843	0.893668438859	0.720637989367	0.551474142098	0.420976317061	0.435959400677	0.436442725955	0.872402126631	0.564523924601	0.0	0.324311261479	0.47220879652	0.539874335428	0.482841952634	0.462058965684	0.427742870952	0.479458675689	0.687771870469	0.616723054616	0.459642339294	0.531657805703	0.506524891252	0.623972933784	0.526341227646	0.68293861769	0.658772353794	0.54857419043	0.529724504592	0.508941517641	0.672305461576	0.612373127115	0.662638956017	0.666022232963	0.623006283229	0.643305944901	0.557274045433	0.551957467376	0.541324311261	0.556307394877	0.558724021266	0.6389560174	0.576123731271	0.640405993233	0.499758337361	0.608506524891
AF8	0.572740454326	0.548090865152	0.933784436926	0.63653939101	0.678105364911	0.511841469309	0.685838569357	0.457709038183	0.447559207347	0.584340260996	0.503624939584	0.610923151281	0.566457225713	0.853069115515	0.629772837119	0.544224262929	0.471725471242	0.46060898985	0.883518608023	0.708071532141	0.508458192363	0.376027066216	0.473658772354	0.480425326245	0.855969067182	0.536491058482	0.324311261479	0.0	0.445142580957	0.514741420976	0.525857902368	0.478975350411	0.440792653456	0.488641855969	0.710004833253	0.640889318511	0.503624939584	0.536491058482	0.514741420976	0.628806186564	0.545190913485	0.666988883519	0.64572257129	0.551957467376	0.546157564041	0.520057999033	0.69453842436	0.628322861286	0.68293861769	0.686805219913	0.64572257129	0.656355727405	0.565490575157	0.567907201547	0.56259062349	0.575157080715	0.561140647656	0.656355727405	0.572740454326	0.657805703238	0.505558240696	0.628806186564
AG7	0.595456742388	0.570323827936	0.846785886902	0.556307394877	0.667472208797	0.53697438376	0.685838569357	0.505558240696	0.492508458192	0.581440309328	0.533107781537	0.61575640406	0.607056549058	0.763170613823	0.650072498792	0.568390526825	0.521507974867	0.5186080232	0.734171097148	0.533107781537	0.477525374577	0.426776220396	0.507491541808	0.488158530691	0.766070565491	0.503624939584	0.47220879652	0.445142580957	0.0	0.327211213146	0.543740937651	0.510874818753	0.496858385694	0.546640889319	0.731754470759	0.654905751571	0.528274528758	0.551957467376	0.54857419043	0.638472692122	0.582406959884	0.642339294345	0.619623006283	0.566457225713	0.572257129048	0.56259062349	0.739487675205	0.658772353794	0.706621556307	0.709521507975	0.665538907685	0.68970517158	0.603189946834	0.60657322378	0.611406476559	0.613823102948	0.611889801837	0.695988400193	0.619623006283	0.686321894635	0.573707104882	0.665538907685
AG8	0.605606573224	0.594006766554	0.842919284679	0.570323827936	0.686805219913	0.568390526825	0.672305461576	0.573707104882	0.566940550991	0.591106814886	0.590140164331	0.633156114065	0.629289511841	0.741420976317	0.653455775737	0.585790236829	0.584823586274	0.581923634606	0.708554857419	0.527307878202	0.499758337361	0.489608506525	0.570323827936	0.540357660706	0.769937167714	0.515708071532	0.539874335428	0.514741420976	0.327211213146	0.0	0.585306911551	0.566457225713	0.566457225713	0.590140164331	0.755920734654	0.683421942968	0.59497341711	0.570807153214	0.584340260996	0.663605606573	0.597390043499	0.635572740454	0.629289511841	0.587240212663	0.607056549058	0.612373127115	0.754954084099	0.677622039633	0.725954567424	0.718704688255	0.685838569357	0.705654905752	0.629289511841	0.623972933784	0.62735621073	0.623489608507	0.627839536008	0.708554857419	0.640405993233	0.695988400193	0.59497341711	0.677622039633
AH7	0.593523441276	0.609473175447	0.953117448043	0.689221846303	0.704204929918	0.579507008217	0.710004833253	0.549057515708	0.544224262929	0.639922667956	0.520541324311	0.652972450459	0.6389560174	0.883035282745	0.677622039633	0.588690188497	0.518124697922	0.472692121798	0.885451909135	0.737554374094	0.569840502658	0.522474625423	0.502658289029	0.490575157081	0.836636056066	0.565973900435	0.482841952634	0.525857902368	0.543740937651	0.585306911551	0.0	0.339294345094	0.563073948768	0.610439826003	0.781053649106	0.718221362977	0.553890768487	0.639439342678	0.606089898502	0.675688738521	0.630256162397	0.742870952151	0.739004349928	0.660705654906	0.634122764621	0.609956500725	0.759787336878	0.702754954084	0.755920734654	0.74528757854	0.709038182697	0.728371193813	0.636056065732	0.631706138231	0.622039632673	0.636056065732	0.625906234896	0.727404543258	0.633639439343	0.708554857419	0.607539874335	0.719188013533
AH8	0.575640405993	0.565007249879	0.957467375544	0.649105848236	0.658289028516	0.528274528758	0.681488641856	0.499275012083	0.49299178347	0.596906718221	0.482358627356	0.605606573224	0.573223779604	0.876268728855	0.625422909618	0.542290961817	0.400676655389	0.359594006767	0.900918318028	0.740937651039	0.558240695988	0.484775253746	0.459159014016	0.471725471242	0.844369260512	0.554374093765	0.462058965684	0.478975350411	0.510874818753	0.566457225713	0.339294345094	0.0	0.498308361527	0.546640889319	0.746254229096	0.678588690188	0.508941517641	0.586273562107	0.550024166264	0.626872885452	0.57177380377	0.70130497825	0.687288545191	0.612373127115	0.579023682939	0.556307394877	0.708554857419	0.64572257129	0.704688255196	0.691155147414	0.649589173514	0.672305461576	0.576607056549	0.58095698405	0.56935717738	0.575640405993	0.567423876269	0.666022232963	0.581440309328	0.663605606573	0.546157564041	0.661672305462
AA5	0.587240212663	0.50459159014	0.95360077332	0.645239246013	0.600773320445	0.445142580957	0.620589656839	0.389076848719	0.382310294828	0.525857902368	0.423876268729	0.532624456259	0.522957950701	0.869502174964	0.5601739971	0.536491058482	0.420009666506	0.428709521508	0.920251329145	0.757854035766	0.552924117931	0.475108748188	0.480908651522	0.498791686805	0.895118414693	0.576607056549	0.427742870952	0.440792653456	0.496858385694	0.566457225713	0.563073948768	0.498308361527	0.0	0.338811019816	0.672788786854	0.566940550991	0.46302561624	0.457709038183	0.453359110681	0.565973900435	0.459159014016	0.611889801837	0.586756887385	0.462058965684	0.507491541808	0.46979217013	0.688255195747	0.620106331561	0.652489125181	0.649105848236	0.641372643789	0.657805703238	0.526824552924	0.553890768487	0.554857419043	0.556307394877	0.531657805703	0.653939101015	0.568390526825	0.628806186564	0.503624939584	0.626872885452
AA6	0.60415659739	0.51377477042	0.9584340261	0.65973900435	0.635572740454	0.478492025133	0.636056065732	0.446109231513	0.450942484292	0.543257612373	0.495891735138	0.565490575157	0.53697438376	0.876268728855	0.584823586274	0.539874335428	0.484291928468	0.487675205413	0.942000966651	0.772353794103	0.59255679072	0.50700821653	0.537457709038	0.558240695988	0.912518124698	0.596906718221	0.479458675689	0.488641855969	0.546640889319	0.590140164331	0.610439826003	0.546640889319	0.338811019816	0.0	0.675688738521	0.575640405993	0.51377477042	0.482841952634	0.480425326245	0.59255679072	0.482358627356	0.642339294345	0.617689705172	0.505074915418	0.453842435959	0.424359594007	0.687771870469	0.626389560174	0.657805703238	0.658289028516	0.637506041566	0.655389076849	0.542290961817	0.559207346544	0.555824069599	0.563073948768	0.541324311261	0.653455775737	0.567423876269	0.635572740454	0.510874818753	0.633639439343
AB5	0.750120831319	0.672305461576	0.970033832769	0.719671338811	0.626872885452	0.65732237796	0.735621072982	0.642822619623	0.671822136298	0.688738521025	0.675688738521	0.612373127115	0.663605606573	0.898018366361	0.699371677139	0.703238279362	0.698888351861	0.707588206863	0.942484291928	0.80328661189	0.804736587724	0.736587723538	0.746254229096	0.74770420493	0.927984533591	0.758820686322	0.687771870469	0.710004833253	0.731754470759	0.755920734654	0.781053649106	0.746254229096	0.672788786854	0.675688738521	0.0	0.318994683422	0.624456259062	0.667472208797	0.622039632673	0.62735621073	0.606089898502	0.734171097148	0.721604639923	0.63653939101	0.621556307395	0.61333977767	0.623006283229	0.612373127115	0.621072982117	0.603673272112	0.623972933784	0.611889801837	0.595456742388	0.585790236829	0.616723054616	0.626872885452	0.675688738521	0.591106814886	0.670372160464	0.605123247946	0.67133881102	0.613823102948
AB6	0.677622039633	0.583856935718	0.961817303045	0.662155630739	0.579023682939	0.566940550991	0.649105848236	0.551957467376	0.580473658772	0.600773320445	0.608023199613	0.520541324311	0.602223296278	0.882068632189	0.622522957951	0.623972933784	0.628806186564	0.63653939101	0.927501208313	0.756404059932	0.73852102465	0.664088931851	0.669405509908	0.67133881102	0.911551474142	0.684388593523	0.616723054616	0.640889318511	0.654905751571	0.683421942968	0.718221362977	0.678588690188	0.566940550991	0.575640405993	0.318994683422	0.0	0.558724021266	0.567907201547	0.550024166264	0.550507491542	0.523441275979	0.643305944901	0.635572740454	0.521507974867	0.56259062349	0.553407443209	0.611889801837	0.561140647656	0.59497341711	0.573223779604	0.576123731271	0.593523441276	0.519574673755	0.531657805703	0.558240695988	0.561623972934	0.591590140164	0.575640405993	0.590623489609	0.559690671822	0.616239729338	0.5601739971
AC5	0.622039632673	0.557274045433	0.970517158047	0.652972450459	0.623972933784	0.482841952634	0.660222329628	0.434992750121	0.450942484292	0.574673755437	0.42822619623	0.552924117931	0.550024166264	0.885935234413	0.623006283229	0.568873852102	0.468825519575	0.462058965684	0.943450942484	0.772837119381	0.62735621073	0.54857419043	0.509908168197	0.507491541808	0.913001449976	0.601739971	0.459642339294	0.503624939584	0.528274528758	0.59497341711	0.553890768487	0.508941517641	0.46302561624	0.51377477042	0.624456259062	0.558724021266	0.0	0.447075882069	0.446592556791	0.59255679072	0.498308361527	0.695021749638	0.664572257129	0.529241179314	0.48380860319	0.464958917351	0.611889801837	0.560657322378	0.61333977767	0.594006766554	0.567423876269	0.587240212663	0.506041565974	0.489125181247	0.503624939584	0.511358144031	0.572740454326	0.585790236829	0.578057032383	0.572740454326	0.51619139681	0.56935717738
AC6	0.634122764621	0.506524891252	0.95601739971	0.644755920735	0.587723537941	0.508941517641	0.520057999033	0.4813919768	0.501208313195	0.453842435959	0.540357660706	0.540357660706	0.562107298212	0.86563557274	0.533107781537	0.561140647656	0.549540840986	0.550507491542	0.919284678589	0.751087481875	0.633639439343	0.565973900435	0.579023682939	0.579507008217	0.899468342194	0.589656839053	0.531657805703	0.536491058482	0.551957467376	0.570807153214	0.639439342678	0.586273562107	0.457709038183	0.482841952634	0.667472208797	0.567907201547	0.447075882069	0.0	0.507974867086	0.524891251812	0.491541807637	0.473175447076	0.434509424843	0.414209763171	0.55099081682	0.545674238763	0.678588690188	0.623489608507	0.656355727405	0.642339294345	0.633639439343	0.65973900435	0.574673755437	0.571290478492	0.581440309328	0.583856935718	0.556790720155	0.646205896568	0.57177380377	0.617689705172	0.547607539874	0.624456259062
AD6	0.605123247946	0.524891251812	0.970517158047	0.627839536008	0.579507008217	0.433542774287	0.631706138231	0.432092798453	0.441759304012	0.53939101015	0.445142580957	0.5186080232	0.523441275979	0.884485258579	0.581440309328	0.543257612373	0.487191880135	0.484775253746	0.945384243596	0.775253745771	0.608989850169	0.541807636539	0.547124214596	0.545674238763	0.913484775254	0.598356694055	0.506524891252	0.514741420976	0.54857419043	0.584340260996	0.606089898502	0.550024166264	0.453359110681	0.480425326245	0.622039632673	0.550024166264	0.446592556791	0.507974867086	0.0	0.555340744321	0.391976800387	0.684388593523	0.656839052682	0.527307878202	0.467858869019	0.45142580957	0.610923151281	0.543257612373	0.580473658772	0.564523924601	0.557274045433	0.577573707105	0.47462542291	0.477525374577	0.473658772354	0.484775253746	0.542774287095	0.574190430159	0.551957467376	0.567907201547	0.46302561624	0.550024166264
AE5	0.628806186564	0.531174480425	0.971967133881	0.642822619623	0.546157564041	0.555340744321	0.579507008217	0.57177380377	0.605606573224	0.531657805703	0.623006283229	0.519091348478	0.570323827936	0.879168680522	0.551957467376	0.577090381827	0.606089898502	0.610923151281	0.919284678589	0.758337361044	0.730304494925	0.653939101015	0.665055582407	0.656839052682	0.875302078299	0.655872402127	0.623972933784	0.628806186564	0.638472692122	0.663605606573	0.675688738521	0.626872885452	0.565973900435	0.59255679072	0.62735621073	0.550507491542	0.59255679072	0.524891251812	0.555340744321	0.0	0.36346060899	0.59255679072	0.575157080715	0.526824552924	0.637022716288	0.635089415176	0.644755920735	0.590140164331	0.633156114065	0.618656355727	0.617206379894	0.635089415176	0.546640889319	0.572740454326	0.598840019333	0.564040599323	0.559207346544	0.62493958434	0.568390526825	0.608506524891	0.584823586274	0.612856452392
AE6	0.603189946834	0.467375543741	0.969550507492	0.618173030449	0.552440792653	0.457709038183	0.579023682939	0.454809086515	0.478492025133	0.509424842919	0.509424842919	0.501691638473	0.495891735138	0.879168680522	0.527307878202	0.520057999033	0.5186080232	0.524407926535	0.936684388594	0.761237312711	0.654905751571	0.575640405993	0.588690188497	0.585790236829	0.893185113581	0.60657322378	0.526341227646	0.545190913485	0.582406959884	0.597390043499	0.630256162397	0.57177380377	0.459159014016	0.482358627356	0.606089898502	0.523441275979	0.498308361527	0.491541807637	0.391976800387	0.36346060899	0.0	0.630256162397	0.599806669889	0.47220879652	0.531174480425	0.524407926535	0.623489608507	0.563557274045	0.587240212663	0.580473658772	0.584340260996	0.601256645723	0.485258579024	0.491541807637	0.502174963751	0.489608506525	0.501208313195	0.598356694055	0.521991300145	0.572740454326	0.494441759304	0.574673755437
AF5	0.70130497825	0.614789753504	0.927501208313	0.663605606573	0.653455775737	0.663605606573	0.531657805703	0.63653939101	0.661188980184	0.566940550991	0.700821652972	0.620106331561	0.661672305462	0.841469308845	0.584823586274	0.665055582407	0.699855002417	0.704204929918	0.861768970517	0.707588206863	0.693088448526	0.65732237796	0.703238279362	0.705654905752	0.86563557274	0.658772353794	0.68293861769	0.666988883519	0.642339294345	0.635572740454	0.742870952151	0.70130497825	0.611889801837	0.642339294345	0.734171097148	0.643305944901	0.695021749638	0.473175447076	0.684388593523	0.59255679072	0.630256162397	0.0	0.262928951184	0.527307878202	0.708554857419	0.704204929918	0.751570807153	0.704204929918	0.73610439826	0.721604639923	0.719188013533	0.737554374094	0.676172063799	0.705654905752	0.713388110198	0.697438376027	0.656839052682	0.724987916868	0.663605606573	0.693571773804	0.697438376027	0.704204929918
AF6	0.69212179797	0.588690188497	0.927017883035	0.659255679072	0.643305944901	0.65055582407	0.520541324311	0.604639922668	0.637022716288	0.535524407927	0.681488641856	0.607056549058	0.641372643789	0.842919284679	0.558724021266	0.640889318511	0.6805219913	0.681488641856	0.863218946351	0.707104881585	0.686321894635	0.631706138231	0.679072015466	0.685838569357	0.868535524408	0.649105848236	0.658772353794	0.64572257129	0.619623006283	0.629289511841	0.739004349928	0.687288545191	0.586756887385	0.617689705172	0.721604639923	0.635572740454	0.664572257129	0.434509424843	0.656839052682	0.575157080715	0.599806669889	0.262928951184	0.0	0.500724987917	0.683421942968	0.678588690188	0.744804253262	0.681971967134	0.721121314645	0.707588206863	0.701788303528	0.730304494925	0.661188980184	0.6805219913	0.686805219913	0.672788786854	0.632189463509	0.719671338811	0.642339294345	0.683905268246	0.677138714355	0.692605123248
