	AA3	AA4	AB3	AB4	AC3	AC4	AD3	AD4	AE3	AE4	AF3	AF4	AG3	AG4	AH3	AH4	AA7	AA8	AB7	AB8	AC7	AC8	AD7	AD8	AE7	AE8	AF7	AF8	AG7	AG8	AH7	AH8	AA5	AA6	AB5	AB6	AC5	AC6	AD6	AE5	AE6	AF5	AF6	AG5	AH5	AH6	AA1	AA2	AB1	AB2	AC1	AC2	AD1	AD2	AE1	AE2	AF1	AF2	AG1	AG2	AH1	AH2
AA3	0.0	0.493475108748	0.933301111648	0.622522957951	0.669888835186	0.576607056549	0.679072015466	0.570807153214	0.559690671822	0.613823102948	0.597390043499	0.618656355727	0.590623489609	0.855002416626	0.639439342678	0.334944417593	0.565973900435	0.563557274045	0.867568873852	0.708554857419	0.601256645723	0.571290478492	0.584340260996	0.587723537941	0.836152730788	0.588206863219	0.557274045433	0.546640889319	0.565490575157	0.570807153214	0.583856935718	0.555824069599	0.576123731271	0.589173513775	0.739004349928	0.66892218463	0.599806669889	0.619139681005	0.581923634606	0.614306428226	0.597390043499	0.71532141131	0.699371677139	0.601739971	0.621072982117	0.605606573224	0.676172063799	0.64813919768	0.706138231029	0.674238762687	0.633156114065	0.651039149348	0.568390526825	0.552924117931	0.556307394877	0.570807153214	0.572740454326	0.644272595457	0.579507008217	0.660705654906	0.579507008217	0.641855969067
AA4	0.493475108748	0.0	0.949734171097	0.576123731271	0.597390043499	0.486708554857	0.596906718221	0.489125181247	0.509908168197	0.522957950701	0.560657322378	0.545190913485	0.474142097632	0.866602223296	0.378927017883	0.380860318995	0.540357660706	0.535524407927	0.900918318028	0.728854519091	0.652005799903	0.582406959884	0.582890285162	0.573223779604	0.883518608023	0.630739487675	0.553407443209	0.570807153214	0.588206863219	0.61575640406	0.637022716288	0.577090381827	0.513291445143	0.52537457709	0.657805703238	0.579507008217	0.579507008217	0.53020782987	0.528274528758	0.54857419043	0.514258095698	0.639922667956	0.620589656839	0.524891251812	0.577090381827	0.561140647656	0.650072498792	0.591590140164	0.625906234896	0.612856452392	0.602223296278	0.631222812953	0.538907684872	0.521024649589	0.524891251812	0.526341227646	0.489125181247	0.626389560174	0.515224746254	0.596423392943	0.53939101015	0.590140164331
AB3	0.933301111648	0.949734171097	0.0	0.680038666022	0.916868052199	0.959400676655	0.957467375544	0.945867568874	0.935717738038	0.949250845819	0.972450459159	0.934751087482	0.970033832769	0.351377477042	0.961333977767	0.945867568874	0.973417109715	0.970033832769	0.757370710488	0.763170613823	0.884968583857	0.911551474142	0.963267278879	0.947317544708	0.849685838569	0.898018366361	0.942967617206	0.93281778637	0.834219429676	0.85645239246	0.954084098598	0.956500724988	0.959884001933	0.962300628323	0.975350410826	0.968583856936	0.974383760271	0.951667472209	0.974867085549	0.976317061382	0.974383760271	0.938134364427	0.929434509425	0.95360077332	0.97680038666	0.973900434993	0.974867085549	0.971967133881	0.972450459159	0.973900434993	0.971967133881	0.971000483325	0.975350410826	0.975350410826	0.977283711938	0.973900434993	0.974867085549	0.970033832769	0.972450459159	0.975350410826	0.975350410826	0.972450459159
AB4	0.622522957951	0.576123731271	0.680038666022	0.0	0.641372643789	0.605606573224	0.688738521025	0.614306428226	0.616723054616	0.623489608507	0.653455775737	0.603189946834	0.49299178347	0.56935717738	0.612856452392	0.591590140164	0.637506041566	0.631706138231	0.718221362977	0.550024166264	0.643305944901	0.621556307395	0.659255679072	0.637506041566	0.784920251329	0.632189463509	0.634122764621	0.618656355727	0.519091348478	0.569840502658	0.686321894635	0.648622522958	0.635089415176	0.640889318511	0.713388110198	0.656355727405	0.654905751571	0.632189463509	0.629772837119	0.631706138231	0.622522957951	0.663122281295	0.652489125181	0.621556307395	0.676655389077	0.662638956017	0.696955050749	0.654905751571	0.684871918801	0.668438859352	0.662155630739	0.670855485742	0.629772837119	0.637989366844	0.649105848236	0.625906234896	0.632189463509	0.672788786854	0.631222812953	0.662155630739	0.650072498792	0.656355727405
AC3	0.669888835186	0.597390043499	0.916868052199	0.641372643789	0.0	0.494441759304	0.647655872402	0.577090381827	0.588206863219	0.598356694055	0.631222812953	0.320927984534	0.623489608507	0.840502658289	0.602223296278	0.624456259062	0.630256162397	0.62735621073	0.874335427743	0.748670855486	0.73368777187	0.698405026583	0.737071048816	0.715804736588	0.829869502175	0.698888351861	0.658772353794	0.697921701305	0.669405509908	0.702271628806	0.719188013533	0.675688738521	0.608506524891	0.637506041566	0.615273078782	0.584340260996	0.638472692122	0.598840019333	0.582406959884	0.56259062349	0.574190430159	0.656355727405	0.663605606573	0.581440309328	0.641372643789	0.628322861286	0.595940067666	0.581440309328	0.56935717738	0.56259062349	0.589173513775	0.584823586274	0.552924117931	0.576123731271	0.582406959884	0.582890285162	0.611406476559	0.575640405993	0.616239729338	0.579990333494	0.637506041566	0.574190430159
AC4	0.576607056549	0.486708554857	0.959400676655	0.605606573224	0.494441759304	0.0	0.626872885452	0.418559690672	0.427259545674	0.517641372644	0.356210729821	0.412759787337	0.503141614306	0.877718704688	0.554857419043	0.5186080232	0.472692121798	0.466892218463	0.927017883035	0.749154180764	0.595456742388	0.542774287095	0.544224262929	0.520057999033	0.889318511358	0.597873368777	0.482358627356	0.515708071532	0.529241179314	0.577573707105	0.570323827936	0.517641372644	0.460125664572	0.458192363461	0.632189463509	0.549057515708	0.475108748188	0.511841469309	0.414693088449	0.553890768487	0.484291928468	0.684871918801	0.662638956017	0.508941517641	0.503141614306	0.466408893185	0.62735621073	0.572740454326	0.58095698405	0.580473658772	0.565007249879	0.600289995167	0.485258579024	0.487191880135	0.492508458192	0.491541807637	0.512808119865	0.590623489609	0.531657805703	0.575640405993	0.470758820686	0.561623972934
AD3	0.679072015466	0.596906718221	0.957467375544	0.688738521025	0.647655872402	0.626872885452	0.0	0.528274528758	0.64813919768	0.355244079265	0.685355244079	0.617206379894	0.641855969067	0.8796520058	0.574673755437	0.641855969067	0.688255195747	0.688738521025	0.936684388594	0.766070565491	0.725471242146	0.697921701305	0.703238279362	0.69453842436	0.911068148864	0.687288545191	0.699855002417	0.702271628806	0.695505074915	0.68970517158	0.719188013533	0.690188496858	0.632672788787	0.656355727405	0.733204446593	0.652489125181	0.685355244079	0.543740937651	0.630739487675	0.592073465442	0.574190430159	0.556307394877	0.537457709038	0.549540840986	0.700338327695	0.683905268246	0.765587240213	0.706138231029	0.717738037699	0.718704688255	0.707588206863	0.736587723538	0.664088931851	0.667955534074	0.675688738521	0.662155630739	0.635572740454	0.736587723538	0.649105848236	0.719671338811	0.692605123248	0.710971483809
AD4	0.570807153214	0.489125181247	0.945867568874	0.614306428226	0.577090381827	0.418559690672	0.528274528758	0.0	0.327694538424	0.409859835669	0.447559207347	0.512324794587	0.520057999033	0.871435476075	0.53697438376	0.515708071532	0.459642339294	0.465442242629	0.937651039149	0.760270662156	0.573223779604	0.505074915418	0.508941517641	0.491541807637	0.907684871919	0.614789753504	0.44224262929	0.482358627356	0.510874818753	0.572740454326	0.55775737071	0.49540840986	0.391010149831	0.44224262929	0.659255679072	0.563073948768	0.466408893185	0.475592073465	0.426292895118	0.554857419043	0.475108748188	0.6389560174	0.616723054616	0.477042049299	0.536491058482	0.490091831803	0.672305461576	0.606089898502	0.624456259062	0.637989366844	0.614306428226	0.643305944901	0.52537457709	0.511358144031	0.523924601257	0.533107781537	0.50700821653	0.63653939101	0.538424359594	0.630739487675	0.498791686805	0.613823102948
AE3	0.559690671822	0.509908168197	0.935717738038	0.616723054616	0.588206863219	0.427259545674	0.64813919768	0.327694538424	0.0	0.521507974867	0.400676655389	0.52537457709	0.512808119865	0.865152247463	0.567423876269	0.522474625423	0.440792653456	0.440792653456	0.931851135814	0.758337361044	0.552440792653	0.481875302078	0.472692121798	0.472692121798	0.89125181247	0.597873368777	0.417593040116	0.454809086515	0.499758337361	0.556790720155	0.533107781537	0.471725471242	0.388593523441	0.441275978734	0.665055582407	0.586273562107	0.438859352344	0.518124697922	0.422909618173	0.607539874335	0.530691155147	0.683421942968	0.662155630739	0.515708071532	0.520057999033	0.475108748188	0.669405509908	0.611406476559	0.635089415176	0.63653939101	0.607056549058	0.643305944901	0.52537457709	0.521507974867	0.533591106815	0.538424359594	0.53939101015	0.642339294345	0.564523924601	0.623006283229	0.496858385694	0.609956500725
AE4	0.613823102948	0.522957950701	0.949250845819	0.623489608507	0.598356694055	0.517641372644	0.355244079265	0.409859835669	0.521507974867	0.0	0.576607056549	0.55099081682	0.57177380377	0.871918801353	0.534557757371	0.562107298212	0.593040115998	0.594006766554	0.938617689705	0.7593040116	0.660222329628	0.602223296278	0.608989850169	0.587723537941	0.898985016916	0.619623006283	0.593040115998	0.594006766554	0.585306911551	0.602223296278	0.6389560174	0.595456742388	0.538424359594	0.559207346544	0.682455292412	0.589656839053	0.587240212663	0.466892218463	0.536007733204	0.532624456259	0.494925084582	0.58095698405	0.55775737071	0.490091831803	0.606089898502	0.588206863219	0.710488158531	0.654422426293	0.667955534074	0.676172063799	0.659255679072	0.679555340744	0.607539874335	0.594490091832	0.594490091832	0.586273562107	0.569840502658	0.678105364911	0.591106814886	0.669888835186	0.596423392943	0.657805703238
AF3	0.597390043499	0.560657322378	0.972450459159	0.653455775737	0.631222812953	0.356210729821	0.685355244079	0.447559207347	0.400676655389	0.576607056549	0.0	0.54857419043	0.553407443209	0.890768487192	0.617689705172	0.569840502658	0.447075882069	0.436926051232	0.955050749154	0.781536974384	0.587723537941	0.539874335428	0.455775737071	0.455292411793	0.918801353311	0.626389560174	0.428709521508	0.480425326245	0.545190913485	0.604639922668	0.527307878202	0.499758337361	0.435476075399	0.48380860319	0.666988883519	0.595940067666	0.415176413726	0.554374093765	0.428709521508	0.625422909618	0.543740937651	0.727404543258	0.70130497825	0.544707588207	0.518124697922	0.482841952634	0.674238762687	0.608989850169	0.646689221846	0.62493958434	0.606089898502	0.637022716288	0.542774287095	0.520057999033	0.529241179314	0.538424359594	0.570323827936	0.639439342678	0.589173513775	0.610923151281	0.500241662639	0.60415659739
AF4	0.618656355727	0.545190913485	0.934751087482	0.603189946834	0.320927984534	0.412759787337	0.617206379894	0.512324794587	0.52537457709	0.55099081682	0.54857419043	0.0	0.561140647656	0.853552440793	0.557274045433	0.576123731271	0.581923634606	0.576607056549	0.884001933301	0.723054615756	0.695988400193	0.652972450459	0.684871918801	0.65732237796	0.839536007733	0.646689221846	0.606089898502	0.643305944901	0.632672788787	0.659255679072	0.665055582407	0.62493958434	0.558724021266	0.588206863219	0.593040115998	0.527307878202	0.574190430159	0.558724021266	0.521507974867	0.522957950701	0.534557757371	0.634122764621	0.637022716288	0.538907684872	0.580473658772	0.57177380377	0.577573707105	0.526824552924	0.548090865152	0.542774287095	0.544224262929	0.551474142098	0.495891735138	0.517158047366	0.516674722088	0.531174480425	0.563557274045	0.554857419043	0.575157080715	0.537941034316	0.57177380377	0.519574673755
AG3	0.590623489609	0.474142097632	0.970033832769	0.49299178347	0.623489608507	0.503141614306	0.641855969067	0.520057999033	0.512808119865	0.57177380377	0.553407443209	0.561140647656	0.0	0.85645239246	0.523441275979	0.51619139681	0.516674722088	0.509424842919	0.937167713871	0.760270662156	0.662155630739	0.601739971	0.595456742388	0.586273562107	0.889318511358	0.637022716288	0.545674238763	0.584340260996	0.588690188497	0.622522957951	0.639439342678	0.568390526825	0.524407926535	0.531174480425	0.662155630739	0.595456742388	0.561140647656	0.560657322378	0.5186080232	0.582890285162	0.523924601257	0.677138714355	0.651522474625	0.534557757371	0.579990333494	0.560657322378	0.637506041566	0.588690188497	0.621556307395	0.619139681005	0.596423392943	0.614306428226	0.511841469309	0.531657805703	0.543740937651	0.521991300145	0.528274528758	0.620106331561	0.561140647656	0.611889801837	0.519574673755	0.587240212663
AG4	0.855002416626	0.866602223296	0.351377477042	0.56935717738	0.840502658289	0.877718704688	0.8796520058	0.871435476075	0.865152247463	0.871918801353	0.890768487192	0.853552440793	0.85645239246	0.0	0.881101981634	0.864668922185	0.901401643306	0.898018366361	0.713871435476	0.690671822136	0.818753020783	0.841469308845	0.894151764137	0.87723537941	0.82165297245	0.826969550507	0.873368777187	0.863702271629	0.764137264379	0.759787336878	0.888351860802	0.881585306912	0.883518608023	0.883035282745	0.903818269696	0.895118414693	0.896085065249	0.869018849686	0.895601739971	0.893185113581	0.891735137748	0.866118898018	0.855969067182	0.875302078299	0.905751570807	0.90043499275	0.892701788304	0.894635089415	0.896568390527	0.892701788304	0.901401643306	0.895601739971	0.900918318028	0.897535041083	0.902368293862	0.898018366361	0.897051715805	0.897051715805	0.897051715805	0.892701788304	0.899468342194	0.893668438859
AH3	0.639439342678	0.378927017883	0.961333977767	0.612856452392	0.602223296278	0.554857419043	0.574673755437	0.53697438376	0.567423876269	0.534557757371	0.617689705172	0.557274045433	0.523441275979	0.881101981634	0.0	0.512808119865	0.590623489609	0.590623489609	0.924117931368	0.75688738521	0.698405026583	0.631706138231	0.632189463509	0.633156114065	0.902368293862	0.687288545191	0.628322861286	0.630256162397	0.654422426293	0.672788786854	0.686321894635	0.625906234896	0.53697438376	0.579023682939	0.708554857419	0.626389560174	0.637506041566	0.537941034316	0.587723537941	0.554374093765	0.559690671822	0.590140164331	0.572257129048	0.543257612373	0.639922667956	0.628806186564	0.700821652972	0.634122764621	0.634606089899	0.655872402127	0.642822619623	0.667955534074	0.597390043499	0.590623489609	0.59497341711	0.598356694055	0.558724021266	0.670855485742	0.572257129048	0.642822619623	0.590623489609	0.625422909618
AH4	0.334944417593	0.380860318995	0.945867568874	0.591590140164	0.624456259062	0.5186080232	0.641855969067	0.515708071532	0.522474625423	0.562107298212	0.569840502658	0.576123731271	0.51619139681	0.864668922185	0.512808119865	0.0	0.529241179314	0.535524407927	0.881101981634	0.717738037699	0.623972933784	0.563557274045	0.566457225713	0.564523924601	0.850169163847	0.607539874335	0.546157564041	0.546640889319	0.575157080715	0.602223296278	0.589656839053	0.53939101015	0.533591106815	0.53939101015	0.696471725471	0.622039632673	0.586273562107	0.576123731271	0.540840985984	0.575157080715	0.551957467376	0.670372160464	0.652972450459	0.554857419043	0.595456742388	0.570323827936	0.657805703238	0.608023199613	0.652489125181	0.621556307395	0.60657322378	0.632189463509	0.537457709038	0.511358144031	0.526341227646	0.528274528758	0.503141614306	0.629772837119	0.524891251812	0.614789753504	0.537941034316	0.597873368777
AA7	0.565973900435	0.540357660706	0.973417109715	0.637506041566	0.630256162397	0.472692121798	0.688255195747	0.459642339294	0.440792653456	0.593040115998	0.447075882069	0.581923634606	0.516674722088	0.901401643306	0.590623489609	0.529241179314	0.0	0.277912034799	0.926051232479	0.768970517158	0.593523441276	0.520541324311	0.48380860319	0.472692121798	0.877718704688	0.612373127115	0.431126147898	0.461575640406	0.532141130981	0.591590140164	0.511841469309	0.412759787337	0.423392943451	0.478492025133	0.694055099082	0.630739487675	0.463992266796	0.560657322378	0.478975350411	0.601739971	0.55775737071	0.723537941034	0.697438376027	0.560657322378	0.550507491542	0.508941517641	0.65973900435	0.61333977767	0.65973900435	0.640405993233	0.59255679072	0.626389560174	0.515224746254	0.518124697922	0.521024649589	0.521024649589	0.522474625423	0.62493958434	0.546157564041	0.637022716288	0.494925084582	0.601739971
AA8	0.563557274045	0.535524407927	0.970033832769	0.631706138231	0.62735621073	0.466892218463	0.688738521025	0.465442242629	0.440792653456	0.594006766554	0.436926051232	0.576607056549	0.509424842919	0.898018366361	0.590623489609	0.535524407927	0.277912034799	0.0	0.913968100532	0.755920734654	0.586756887385	0.509424842919	0.47220879652	0.464475592073	0.863702271629	0.59497341711	0.425326244563	0.461575640406	0.529241179314	0.587723537941	0.466892218463	0.373127114548	0.435959400677	0.4813919768	0.694055099082	0.629772837119	0.467375543741	0.561623972934	0.478008699855	0.607539874335	0.557274045433	0.730787820203	0.70130497825	0.563073948768	0.550024166264	0.511358144031	0.642822619623	0.599806669889	0.656839052682	0.631222812953	0.584340260996	0.611406476559	0.50700821653	0.509908168197	0.510391493475	0.51377477042	0.528274528758	0.60415659739	0.549540840986	0.623972933784	0.488641855969	0.587723537941
AB7	0.867568873852	0.900918318028	0.757370710488	0.718221362977	0.874335427743	0.927017883035	0.936684388594	0.937651039149	0.931851135814	0.938617689705	0.955050749154	0.884001933301	0.937167713871	0.713871435476	0.924117931368	0.881101981634	0.926051232479	0.913968100532	0.0	0.40502658289	0.808119864669	0.841469308845	0.939584340261	0.915418076365	0.743354277429	0.819236346061	0.898501691638	0.876752054132	0.724021266312	0.678588690188	0.884001933301	0.897051715805	0.931367810536	0.930884485259	0.941034316095	0.938617689705	0.951184146931	0.915901401643	0.952634122765	0.919768003867	0.947317544708	0.879168680522	0.8796520058	0.917834702755	0.95360077332	0.957467375544	0.926051232479	0.923151280812	0.939584340261	0.927984533591	0.930401159981	0.925084581924	0.922184630256	0.9212179797	0.915418076365	0.91203479942	0.918801353311	0.915901401643	0.920734654422	0.925567907202	0.950217496375	0.924117931368
AB8	0.708554857419	0.728854519091	0.763170613823	0.550024166264	0.748670855486	0.749154180764	0.766070565491	0.760270662156	0.758337361044	0.7593040116	0.781536974384	0.723054615756	0.760270662156	0.690671822136	0.75688738521	0.717738037699	0.768970517158	0.755920734654	0.40502658289	0.0	0.644755920735	0.673755437409	0.756404059932	0.735621072982	0.74528757854	0.654422426293	0.720154664089	0.69212179797	0.535524407927	0.5186080232	0.72692121798	0.73368777187	0.761720637989	0.761237312711	0.796036732721	0.766553890768	0.776703721605	0.736587723538	0.771870468826	0.757854035766	0.768970517158	0.717254712421	0.722571290478	0.743837602707	0.785886901885	0.786370227163	0.810053165781	0.760270662156	0.787336877719	0.76848719188	0.775253745771	0.778637022716	0.763653939101	0.763653939101	0.759787336878	0.752054132431	0.751570807153	0.773320444659	0.75688738521	0.752537457709	0.777187046883	0.761237312711
AC7	0.601256645723	0.652005799903	0.884968583857	0.643305944901	0.73368777187	0.595456742388	0.725471242146	0.573223779604	0.552440792653	0.660222329628	0.587723537941	0.695988400193	0.662155630739	0.818753020783	0.698405026583	0.623972933784	0.593523441276	0.586756887385	0.808119864669	0.644755920735	0.0	0.358144030933	0.565973900435	0.563073948768	0.815369743838	0.582406959884	0.53939101015	0.499758337361	0.470758820686	0.488158530691	0.567907201547	0.555824069599	0.555340744321	0.579023682939	0.797486708555	0.729821169647	0.617206379894	0.637506041566	0.594490091832	0.715804736588	0.670372160464	0.717738037699	0.696471725471	0.631222812953	0.651039149348	0.60415659739	0.819719671339	0.757854035766	0.783953600773	0.783470275495	0.748670855486	0.781053649106	0.677622039633	0.658289028516	0.674238762687	0.681971967134	0.663122281295	0.777187046883	0.677138714355	0.76848719188	0.609473175447	0.757854035766
AC8	0.571290478492	0.582406959884	0.911551474142	0.621556307395	0.698405026583	0.542774287095	0.697921701305	0.505074915418	0.481875302078	0.602223296278	0.539874335428	0.652972450459	0.601739971	0.841469308845	0.631706138231	0.563557274045	0.520541324311	0.509424842919	0.841469308845	0.673755437409	0.358144030933	0.0	0.494441759304	0.480908651522	0.841469308845	0.561623972934	0.411309811503	0.385210246496	0.438859352344	0.480908651522	0.532141130981	0.480908651522	0.48380860319	0.504108264862	0.73368777187	0.664088931851	0.548090865152	0.576607056549	0.534557757371	0.657805703238	0.608989850169	0.675688738521	0.654905751571	0.573707104882	0.591106814886	0.546157564041	0.753987433543	0.687288545191	0.724987916868	0.72692121798	0.674722087965	0.71290478492	0.614306428226	0.59497341711	0.608506524891	0.616723054616	0.595456742388	0.706621556307	0.612856452392	0.713388110198	0.54857419043	0.685838569357
AD7	0.584340260996	0.582890285162	0.963267278879	0.659255679072	0.737071048816	0.544224262929	0.703238279362	0.508941517641	0.472692121798	0.608989850169	0.455775737071	0.684871918801	0.595456742388	0.894151764137	0.632189463509	0.566457225713	0.48380860319	0.47220879652	0.939584340261	0.756404059932	0.565973900435	0.494441759304	0.0	0.295795070082	0.898985016916	0.53697438376	0.422426292895	0.43740937651	0.519574673755	0.568390526825	0.500241662639	0.469308844853	0.485741904302	0.532624456259	0.750120831319	0.678588690188	0.505558240696	0.605123247946	0.531657805703	0.664572257129	0.616723054616	0.724987916868	0.711454809087	0.608506524891	0.582406959884	0.553407443209	0.75688738521	0.683905268246	0.732721121315	0.727404543258	0.685355244079	0.714354760754	0.624456259062	0.600289995167	0.602706621556	0.62493958434	0.588690188497	0.716771387144	0.613823102948	0.714838086032	0.561140647656	0.690671822136
AD8	0.587723537941	0.573223779604	0.947317544708	0.637506041566	0.715804736588	0.520057999033	0.69453842436	0.491541807637	0.472692121798	0.587723537941	0.455292411793	0.65732237796	0.586273562107	0.87723537941	0.633156114065	0.564523924601	0.472692121798	0.464475592073	0.915418076365	0.735621072982	0.563073948768	0.480908651522	0.295795070082	0.0	0.855969067182	0.497341710971	0.402126631223	0.426776220396	0.49540840986	0.549057515708	0.486708554857	0.458192363461	0.487675205413	0.523924601257	0.734171097148	0.658772353794	0.494441759304	0.589173513775	0.523924601257	0.652005799903	0.600773320445	0.718704688255	0.695021749638	0.587240212663	0.572257129048	0.541807636539	0.750604156597	0.677138714355	0.729337844369	0.721604639923	0.674722087965	0.708071532141	0.612856452392	0.590623489609	0.59497341711	0.613823102948	0.582406959884	0.702754954084	0.603673272112	0.704204929918	0.544707588207	0.679555340744
AE7	0.836152730788	0.883518608023	0.849685838569	0.784920251329	0.829869502175	0.889318511358	0.911068148864	0.907684871919	0.89125181247	0.898985016916	0.918801353311	0.839536007733	0.889318511358	0.82165297245	0.902368293862	0.850169163847	0.877718704688	0.863702271629	0.743354277429	0.74528757854	0.815369743838	0.841469308845	0.898985016916	0.855969067182	0.0	0.535041082649	0.873852102465	0.85886901885	0.75688738521	0.764137264379	0.837602706622	0.839536007733	0.903818269696	0.905268245529	0.926534557757	0.920251329145	0.917351377477	0.896568390527	0.914934751087	0.875302078299	0.907684871919	0.879168680522	0.875302078299	0.883518608023	0.931367810536	0.92363460609	0.890285161914	0.901884968584	0.920251329145	0.893668438859	0.903818269696	0.897051715805	0.891735137748	0.897051715805	0.903334944418	0.884968583857	0.900918318028	0.89125181247	0.894635089415	0.897051715805	0.917351377477	0.896085065249
AE8	0.588206863219	0.630739487675	0.898018366361	0.632189463509	0.698888351861	0.597873368777	0.687288545191	0.614789753504	0.597873368777	0.619623006283	0.626389560174	0.646689221846	0.637022716288	0.826969550507	0.687288545191	0.607539874335	0.612373127115	0.59497341711	0.819236346061	0.654422426293	0.582406959884	0.561623972934	0.53697438376	0.497341710971	0.535041082649	0.0	0.569840502658	0.563557274045	0.519091348478	0.514258095698	0.581440309328	0.566940550991	0.616239729338	0.620589656839	0.760753987434	0.703238279362	0.631222812953	0.612856452392	0.62493958434	0.663122281295	0.647172547124	0.698405026583	0.674238762687	0.616723054616	0.6389560174	0.634606089899	0.758337361044	0.693088448526	0.756404059932	0.722571290478	0.700338327695	0.727404543258	0.656355727405	0.64813919768	0.642822619623	0.639922667956	0.646205896568	0.723054615756	0.661188980184	0.707588206863	0.619139681005	0.694055099082
AF7	0.557274045433	0.553407443209	0.942967617206	0.634122764621	0.658772353794	0.482358627356	0.699855002417	0.44224262929	0.417593040116	0.593040115998	0.428709521508	0.606089898502	0.545674238763	0.873368777187	0.628322861286	0.546157564041	0.431126147898	0.425326244563	0.898501691638	0.720154664089	0.53939101015	0.411309811503	0.422426292895	0.402126631223	0.873852102465	0.569840502658	0.0	0.323344610923	0.465442242629	0.536491058482	0.48380860319	0.456742387627	0.424359594007	0.461575640406	0.68293861769	0.610439826003	0.445142580957	0.540357660706	0.471725471242	0.615273078782	0.54857419043	0.699371677139	0.678588690188	0.536007733204	0.537457709038	0.498791686805	0.674238762687	0.613823102948	0.668438859352	0.662155630739	0.608989850169	0.640889318511	0.542290961817	0.52779120348	0.53697438376	0.54857419043	0.540357660706	0.630739487675	0.559690671822	0.644755920735	0.482358627356	0.620589656839
AF8	0.546640889319	0.570807153214	0.93281778637	0.618656355727	0.697921701305	0.515708071532	0.702271628806	0.482358627356	0.454809086515	0.594006766554	0.480425326245	0.643305944901	0.584340260996	0.863702271629	0.630256162397	0.546640889319	0.461575640406	0.461575640406	0.876752054132	0.69212179797	0.499758337361	0.385210246496	0.43740937651	0.426776220396	0.85886901885	0.563557274045	0.323344610923	0.0	0.449975833736	0.51377477042	0.502174963751	0.455775737071	0.452875785404	0.502174963751	0.722087965201	0.651522474625	0.485258579024	0.558724021266	0.505074915418	0.622039632673	0.584823586274	0.6805219913	0.658289028516	0.558724021266	0.576607056549	0.53939101015	0.713388110198	0.651522474625	0.699371677139	0.700821652972	0.637989366844	0.676172063799	0.581440309328	0.565007249879	0.570323827936	0.589656839053	0.565490575157	0.673272112131	0.573707104882	0.681005316578	0.515708071532	0.652489125181
AG7	0.565490575157	0.588206863219	0.834219429676	0.519091348478	0.669405509908	0.529241179314	0.695505074915	0.510874818753	0.499758337361	0.585306911551	0.545190913485	0.632672788787	0.588690188497	0.764137264379	0.654422426293	0.575157080715	0.532141130981	0.529241179314	0.724021266312	0.535524407927	0.470758820686	0.438859352344	0.519574673755	0.49540840986	0.75688738521	0.519091348478	0.465442242629	0.449975833736	0.0	0.321894635089	0.550507491542	0.519574673755	0.521507974867	0.53697438376	0.725471242146	0.652005799903	0.542290961817	0.564523924601	0.527307878202	0.624456259062	0.589173513775	0.669888835186	0.641372643789	0.563557274045	0.585306911551	0.5601739971	0.732721121315	0.660222329628	0.701788303528	0.700821652972	0.654905751571	0.694055099082	0.599806669889	0.597390043499	0.593523441276	0.593523441276	0.600773320445	0.688738521025	0.618173030449	0.68293861769	0.564523924601	0.663605606573
AG8	0.570807153214	0.61575640406	0.85645239246	0.569840502658	0.702271628806	0.577573707105	0.68970517158	0.572740454326	0.556790720155	0.602223296278	0.604639922668	0.659255679072	0.622522957951	0.759787336878	0.672788786854	0.602223296278	0.591590140164	0.587723537941	0.678588690188	0.5186080232	0.488158530691	0.480908651522	0.568390526825	0.549057515708	0.764137264379	0.514258095698	0.536491058482	0.51377477042	0.321894635089	0.0	0.582406959884	0.55775737071	0.577573707105	0.581440309328	0.753020782987	0.675205413243	0.594006766554	0.585790236829	0.590623489609	0.652489125181	0.614789753504	0.670855485742	0.649589173514	0.598356694055	0.618656355727	0.605123247946	0.764137264379	0.686321894635	0.733204446593	0.727887868536	0.689221846303	0.723054615756	0.639439342678	0.637989366844	0.635572740454	0.631706138231	0.6389560174	0.719188013533	0.652972450459	0.710004833253	0.603189946834	0.691638472692
AH7	0.583856935718	0.637022716288	0.954084098598	0.686321894635	0.719188013533	0.570323827936	0.719188013533	0.55775737071	0.533107781537	0.6389560174	0.527307878202	0.665055582407	0.639439342678	0.888351860802	0.686321894635	0.589656839053	0.511841469309	0.466892218463	0.884001933301	0.72692121798	0.567907201547	0.532141130981	0.500241662639	0.486708554857	0.837602706622	0.581440309328	0.48380860319	0.502174963751	0.550507491542	0.582406959884	0.0	0.343160947318	0.560657322378	0.603189946834	0.773320444659	0.715804736588	0.551957467376	0.64813919768	0.592073465442	0.667472208797	0.649589173514	0.76848719188	0.74528757854	0.642339294345	0.644272595457	0.616723054616	0.760753987434	0.717254712421	0.761237312711	0.743837602707	0.702754954084	0.735621072982	0.625422909618	0.623972933784	0.619623006283	0.632672788787	0.623489608507	0.725471242146	0.628322861286	0.719188013533	0.609473175447	0.713388110198
AH8	0.555824069599	0.577090381827	0.956500724988	0.648622522958	0.675688738521	0.517641372644	0.690188496858	0.49540840986	0.471725471242	0.595456742388	0.499758337361	0.62493958434	0.568390526825	0.881585306912	0.625906234896	0.53939101015	0.412759787337	0.373127114548	0.897051715805	0.73368777187	0.555824069599	0.480908651522	0.469308844853	0.458192363461	0.839536007733	0.566940550991	0.456742387627	0.455775737071	0.519574673755	0.55775737071	0.343160947318	0.0	0.490575157081	0.53020782987	0.73610439826	0.668438859352	0.514741420976	0.595940067666	0.53020782987	0.612856452392	0.591590140164	0.725471242146	0.702754954084	0.596423392943	0.59255679072	0.551957467376	0.707104881585	0.661188980184	0.711938134364	0.688738521025	0.646205896568	0.674238762687	0.56935717738	0.561623972934	0.572257129048	0.573223779604	0.55775737071	0.666022232963	0.571290478492	0.670855485742	0.543740937651	0.654905751571
AA5	0.576123731271	0.513291445143	0.959884001933	0.635089415176	0.608506524891	0.460125664572	0.632672788787	0.391010149831	0.388593523441	0.538424359594	0.435476075399	0.558724021266	0.524407926535	0.883518608023	0.53697438376	0.533591106815	0.423392943451	0.435959400677	0.931367810536	0.761720637989	0.555340744321	0.48380860319	0.485741904302	0.487675205413	0.903818269696	0.616239729338	0.424359594007	0.452875785404	0.521507974867	0.577573707105	0.560657322378	0.490575157081	0.0	0.336877718705	0.671822136298	0.571290478492	0.463992266796	0.461575640406	0.444175930401	0.5601739971	0.492508458192	0.629772837119	0.609473175447	0.468342194297	0.530691155147	0.478492025133	0.698405026583	0.634122764621	0.642822619623	0.655872402127	0.633156114065	0.668438859352	0.527307878202	0.538907684872	0.558724021266	0.545190913485	0.518124697922	0.658289028516	0.555824069599	0.6389560174	0.491058482359	0.630256162397
AA6	0.589173513775	0.52537457709	0.962300628323	0.640889318511	0.637506041566	0.458192363461	0.656355727405	0.44224262929	0.441275978734	0.559207346544	0.48380860319	0.588206863219	0.531174480425	0.883035282745	0.579023682939	0.53939101015	0.478492025133	0.4813919768	0.930884485259	0.761237312711	0.579023682939	0.504108264862	0.532624456259	0.523924601257	0.905268245529	0.620589656839	0.461575640406	0.502174963751	0.53697438376	0.581440309328	0.603189946834	0.53020782987	0.336877718705	0.0	0.661188980184	0.559207346544	0.501208313195	0.49299178347	0.463508941518	0.585790236829	0.507491541808	0.659255679072	0.633639439343	0.498308361527	0.469308844853	0.409859835669	0.685355244079	0.630256162397	0.641855969067	0.652005799903	0.623972933784	0.653939101015	0.53020782987	0.526824552924	0.550507491542	0.537941034316	0.526824552924	0.649105848236	0.559690671822	0.63653939101	0.503141614306	0.626389560174
AB5	0.739004349928	0.657805703238	0.975350410826	0.713388110198	0.615273078782	0.632189463509	0.733204446593	0.659255679072	0.665055582407	0.682455292412	0.666988883519	0.593040115998	0.662155630739	0.903818269696	0.708554857419	0.696471725471	0.694055099082	0.694055099082	0.941034316095	0.796036732721	0.797486708555	0.73368777187	0.750120831319	0.734171097148	0.926534557757	0.760753987434	0.68293861769	0.722087965201	0.725471242146	0.753020782987	0.773320444659	0.73610439826	0.671822136298	0.661188980184	0.0	0.331561140648	0.610923151281	0.658772353794	0.613823102948	0.617689705172	0.600289995167	0.733204446593	0.73368777187	0.646205896568	0.627839536008	0.614789753504	0.62735621073	0.610923151281	0.622039632673	0.602223296278	0.620106331561	0.614789753504	0.591590140164	0.602223296278	0.595940067666	0.614306428226	0.651522474625	0.600289995167	0.653455775737	0.609956500725	0.669888835186	0.610439826003
AB6	0.66892218463	0.579507008217	0.968583856936	0.656355727405	0.584340260996	0.549057515708	0.652489125181	0.563073948768	0.586273562107	0.589656839053	0.595940067666	0.527307878202	0.595456742388	0.895118414693	0.626389560174	0.622039632673	0.630739487675	0.629772837119	0.938617689705	0.766553890768	0.729821169647	0.664088931851	0.678588690188	0.658772353794	0.920251329145	0.703238279362	0.610439826003	0.651522474625	0.652005799903	0.675205413243	0.715804736588	0.668438859352	0.571290478492	0.559207346544	0.331561140648	0.0	0.550024166264	0.570323827936	0.542290961817	0.552440792653	0.528274528758	0.667955534074	0.655389076849	0.530691155147	0.53020782987	0.510391493475	0.586756887385	0.528757854036	0.550024166264	0.555824069599	0.529724504592	0.552924117931	0.512808119865	0.545674238763	0.538424359594	0.552924117931	0.570807153214	0.541324311261	0.576123731271	0.543740937651	0.615273078782	0.527307878202
AC5	0.599806669889	0.579507008217	0.974383760271	0.654905751571	0.638472692122	0.475108748188	0.685355244079	0.466408893185	0.438859352344	0.587240212663	0.415176413726	0.574190430159	0.561140647656	0.896085065249	0.637506041566	0.586273562107	0.463992266796	0.467375543741	0.951184146931	0.776703721605	0.617206379894	0.548090865152	0.505558240696	0.494441759304	0.917351377477	0.631222812953	0.445142580957	0.485258579024	0.542290961817	0.594006766554	0.551957467376	0.514741420976	0.463992266796	0.501208313195	0.610923151281	0.550024166264	0.0	0.454809086515	0.424842919285	0.593523441276	0.526824552924	0.714838086032	0.677622039633	0.537457709038	0.482841952634	0.457709038183	0.611889801837	0.561623972934	0.608023199613	0.586756887385	0.55775737071	0.585790236829	0.508941517641	0.48622522958	0.491541807637	0.507974867086	0.567423876269	0.586273562107	0.581923634606	0.572740454326	0.520057999033	0.559690671822
AC6	0.619139681005	0.53020782987	0.951667472209	0.632189463509	0.598840019333	0.511841469309	0.543740937651	0.475592073465	0.518124697922	0.466892218463	0.554374093765	0.558724021266	0.560657322378	0.869018849686	0.537941034316	0.576123731271	0.560657322378	0.561623972934	0.915901401643	0.736587723538	0.637506041566	0.576607056549	0.605123247946	0.589173513775	0.896568390527	0.612856452392	0.540357660706	0.558724021266	0.564523924601	0.585790236829	0.64813919768	0.595940067666	0.461575640406	0.49299178347	0.658772353794	0.570323827936	0.454809086515	0.0	0.5186080232	0.530691155147	0.499275012083	0.480425326245	0.446592556791	0.423392943451	0.56935717738	0.536007733204	0.677138714355	0.630739487675	0.640405993233	0.6389560174	0.62735621073	0.660705654906	0.593040115998	0.583856935718	0.58337361044	0.566940550991	0.551474142098	0.659255679072	0.576123731271	0.630256162397	0.550507491542	0.620589656839
AD6	0.581923634606	0.528274528758	0.974867085549	0.629772837119	0.582406959884	0.414693088449	0.630739487675	0.426292895118	0.422909618173	0.536007733204	0.428709521508	0.521507974867	0.5186080232	0.895601739971	0.587723537941	0.540840985984	0.478975350411	0.478008699855	0.952634122765	0.771870468826	0.594490091832	0.534557757371	0.531657805703	0.523924601257	0.914934751087	0.62493958434	0.471725471242	0.505074915418	0.527307878202	0.590623489609	0.592073465442	0.53020782987	0.444175930401	0.463508941518	0.613823102948	0.542290961817	0.424842919285	0.5186080232	0.0	0.557274045433	0.429192846786	0.692605123248	0.672305461576	0.521507974867	0.475108748188	0.440792653456	0.597873368777	0.538907684872	0.574190430159	0.567907201547	0.548090865152	0.577573707105	0.470275495408	0.449975833736	0.465925567907	0.475108748188	0.528757854036	0.576123731271	0.543257612373	0.563557274045	0.468342194297	0.538424359594
AE5	0.614306428226	0.54857419043	0.976317061382	0.631706138231	0.56259062349	0.553890768487	0.592073465442	0.554857419043	0.607539874335	0.532624456259	0.625422909618	0.522957950701	0.582890285162	0.893185113581	0.554374093765	0.575157080715	0.601739971	0.607539874335	0.919768003867	0.757854035766	0.715804736588	0.657805703238	0.664572257129	0.652005799903	0.875302078299	0.663122281295	0.615273078782	0.622039632673	0.624456259062	0.652489125181	0.667472208797	0.612856452392	0.5601739971	0.585790236829	0.617689705172	0.552440792653	0.593523441276	0.530691155147	0.557274045433	0.0	0.370227162881	0.614306428226	0.604639922668	0.529241179314	0.618173030449	0.618656355727	0.637989366844	0.598356694055	0.623972933784	0.612373127115	0.600289995167	0.629772837119	0.545190913485	0.567423876269	0.58095698405	0.553407443209	0.547607539874	0.614306428226	0.555340744321	0.605123247946	0.586756887385	0.603673272112
AE6	0.597390043499	0.514258095698	0.974383760271	0.622522957951	0.574190430159	0.484291928468	0.574190430159	0.475108748188	0.530691155147	0.494925084582	0.543740937651	0.534557757371	0.523924601257	0.891735137748	0.559690671822	0.551957467376	0.55775737071	0.557274045433	0.947317544708	0.768970517158	0.670372160464	0.608989850169	0.616723054616	0.600773320445	0.907684871919	0.647172547124	0.54857419043	0.584823586274	0.589173513775	0.614789753504	0.649589173514	0.591590140164	0.492508458192	0.507491541808	0.600289995167	0.528274528758	0.526824552924	0.499275012083	0.429192846786	0.370227162881	0.0	0.637506041566	0.616239729338	0.466408893185	0.546640889319	0.537457709038	0.640889318511	0.584823586274	0.608506524891	0.600773320445	0.59497341711	0.623489608507	0.521024649589	0.5186080232	0.52537457709	0.509424842919	0.529724504592	0.611406476559	0.555340744321	0.597390043499	0.527307878202	0.591106814886
AF5	0.71532141131	0.639922667956	0.938134364427	0.663122281295	0.656355727405	0.684871918801	0.556307394877	0.6389560174	0.683421942968	0.58095698405	0.727404543258	0.634122764621	0.677138714355	0.866118898018	0.590140164331	0.670372160464	0.723537941034	0.730787820203	0.879168680522	0.717254712421	0.717738037699	0.675688738521	0.724987916868	0.718704688255	0.879168680522	0.698405026583	0.699371677139	0.6805219913	0.669888835186	0.670855485742	0.76848719188	0.725471242146	0.629772837119	0.659255679072	0.733204446593	0.667955534074	0.714838086032	0.480425326245	0.692605123248	0.614306428226	0.637506041566	0.0	0.275012083132	0.537941034316	0.721604639923	0.707104881585	0.761237312711	0.714354760754	0.718704688255	0.713871435476	0.732721121315	0.742870952151	0.70372160464	0.711454809087	0.727887868536	0.709521507975	0.671822136298	0.743837602707	0.678588690188	0.707588206863	0.709038182697	0.717738037699
AF6	0.699371677139	0.620589656839	0.929434509425	0.652489125181	0.663605606573	0.662638956017	0.537457709038	0.616723054616	0.662155630739	0.55775737071	0.70130497825	0.637022716288	0.651522474625	0.855969067182	0.572257129048	0.652972450459	0.697438376027	0.70130497825	0.8796520058	0.722571290478	0.696471725471	0.654905751571	0.711454809087	0.695021749638	0.875302078299	0.674238762687	0.678588690188	0.658289028516	0.641372643789	0.649589173514	0.74528757854	0.702754954084	0.609473175447	0.633639439343	0.73368777187	0.655389076849	0.677622039633	0.446592556791	0.672305461576	0.604639922668	0.616239729338	0.275012083132	0.0	0.513291445143	0.697921701305	0.6805219913	0.756404059932	0.713388110198	0.713871435476	0.709521507975	0.70372160464	0.73610439826	0.686321894635	0.69453842436	0.702754954084	0.687288545191	0.644755920735	0.737554374094	0.649105848236	0.710971483809	0.692605123248	0.708554857419
