	AA3	AA4	AB3	AB4	AC3	AC4	AD3	AD4	AE3	AE4	AF3	AF4	AG3	AG4	AH3	AH4	AA7	AA8	AB7	AB8	AC7	AC8	AD7	AD8	AE7	AE8	AF7	AF8	AG7	AG8	AH7	AH8	AA5	AA6	AB5	AB6	AC5	AC6	AD6	AE5	AE6	AF5	AF6	AG5	AH5	AH6	AA1	AA2	AB1	AB2	AC1	AC2	AD1	AD2	AE1	AE2	AF1	AF2	AG1	AG2	AH1	AH2
AA3	0.0	0.46979217013	0.928467858869	0.602223296278	0.643305944901	0.575157080715	0.677138714355	0.582890285162	0.559690671822	0.621072982117	0.603189946834	0.609473175447	0.578540357661	0.831802803287	0.639922667956	0.319961333978	0.565973900435	0.555340744321	0.854035766071	0.698405026583	0.611889801837	0.565007249879	0.587240212663	0.586756887385	0.820686321895	0.59255679072	0.5601739971	0.546640889319	0.585306911551	0.58337361044	0.596906718221	0.544707588207	0.578540357661	0.59497341711	0.742387626873	0.685838569357	0.62493958434	0.627839536008	0.610923151281	0.619623006283	0.610923151281	0.710488158531	0.680038666022	0.619139681005	0.620106331561	0.608506524891	0.676655389077	0.642339294345	0.696955050749	0.663122281295	0.625422909618	0.658772353794	0.56935717738	0.576607056549	0.58337361044	0.575157080715	0.574673755437	0.64813919768	0.565490575157	0.65973900435	0.578057032383	0.643789270179
AA4	0.46979217013	0.0	0.94683421943	0.552924117931	0.577573707105	0.505074915418	0.597390043499	0.508941517641	0.509424842919	0.514258095698	0.565973900435	0.529724504592	0.489125181247	0.848719188014	0.388110198163	0.367810536491	0.536491058482	0.542290961817	0.887868535524	0.717254712421	0.647655872402	0.565007249879	0.588206863219	0.582890285162	0.877718704688	0.621072982117	0.552440792653	0.563073948768	0.601739971	0.609956500725	0.629289511841	0.581923634606	0.514741420976	0.517158047366	0.678105364911	0.617689705172	0.588690188497	0.53697438376	0.554857419043	0.544707588207	0.513291445143	0.644755920735	0.596423392943	0.526341227646	0.592073465442	0.579990333494	0.663122281295	0.580473658772	0.646689221846	0.61575640406	0.61333977767	0.641855969067	0.538424359594	0.539874335428	0.538424359594	0.529241179314	0.49540840986	0.634606089899	0.49299178347	0.60657322378	0.53020782987	0.58337361044
AB3	0.928467858869	0.94683421943	0.0	0.693088448526	0.913001449976	0.954567423876	0.95601739971	0.940550990817	0.93523441276	0.954084098598	0.974383760271	0.937167713871	0.966650555824	0.352344127598	0.962300628323	0.936201063316	0.972933784437	0.970033832769	0.736587723538	0.752054132431	0.898018366361	0.919284678589	0.960850652489	0.951184146931	0.855002416626	0.908651522475	0.943450942484	0.934751087482	0.837119381344	0.836152730788	0.955050749154	0.949734171097	0.959400676655	0.960850652489	0.973417109715	0.963267278879	0.974867085549	0.954567423876	0.974867085549	0.975350410826	0.974383760271	0.93523441276	0.935717738038	0.956500724988	0.97680038666	0.973417109715	0.975833736104	0.973417109715	0.974383760271	0.973900434993	0.975350410826	0.971967133881	0.975833736104	0.97680038666	0.976317061382	0.975350410826	0.972933784437	0.972933784437	0.974383760271	0.976317061382	0.975833736104	0.975350410826
AB4	0.602223296278	0.552924117931	0.693088448526	0.0	0.631222812953	0.599323344611	0.686321894635	0.601739971	0.590623489609	0.623972933784	0.622522957951	0.598840019333	0.471725471242	0.572740454326	0.604639922668	0.569840502658	0.616723054616	0.611889801837	0.725954567424	0.565973900435	0.643305944901	0.607539874335	0.634122764621	0.623489608507	0.796036732721	0.633156114065	0.614306428226	0.608989850169	0.55099081682	0.559690671822	0.676172063799	0.623972933784	0.621072982117	0.628322861286	0.719188013533	0.664088931851	0.641372643789	0.62493958434	0.619623006283	0.63653939101	0.614789753504	0.669888835186	0.649105848236	0.613823102948	0.669405509908	0.654422426293	0.693571773804	0.652005799903	0.697438376027	0.65732237796	0.653455775737	0.671822136298	0.619623006283	0.630739487675	0.637506041566	0.626872885452	0.617689705172	0.670855485742	0.619623006283	0.663605606573	0.628322861286	0.652489125181
AC3	0.643305944901	0.577573707105	0.913001449976	0.631222812953	0.0	0.489608506525	0.646205896568	0.54857419043	0.566940550991	0.587240212663	0.614306428226	0.330594490092	0.608023199613	0.822619623006	0.607056549058	0.595456742388	0.625422909618	0.618656355727	0.862735621073	0.73852102465	0.723054615756	0.684388593523	0.720637989367	0.709038182697	0.825036249396	0.688255195747	0.664572257129	0.666988883519	0.667472208797	0.678588690188	0.707588206863	0.665538907685	0.599806669889	0.633156114065	0.635089415176	0.600773320445	0.635089415176	0.590623489609	0.593040115998	0.561623972934	0.558240695988	0.665538907685	0.651039149348	0.576607056549	0.656839052682	0.651522474625	0.600289995167	0.596906718221	0.591106814886	0.59255679072	0.607539874335	0.600773320445	0.54857419043	0.588206863219	0.588206863219	0.573707104882	0.614306428226	0.596906718221	0.620589656839	0.589656839053	0.622522957951	0.609956500725
AC4	0.575157080715	0.505074915418	0.954567423876	0.599323344611	0.489608506525	0.0	0.629772837119	0.411793136781	0.397776703722	0.519574673755	0.341227646206	0.410343160947	0.501208313195	0.859352344128	0.595940067666	0.52779120348	0.465442242629	0.457225712905	0.9212179797	0.74770420493	0.585306911551	0.52537457709	0.518124697922	0.502658289029	0.885451909135	0.585790236829	0.484291928468	0.492508458192	0.53020782987	0.57177380377	0.566940550991	0.509908168197	0.444175930401	0.480425326245	0.638472692122	0.573707104882	0.463992266796	0.513291445143	0.41904301595	0.559207346544	0.475592073465	0.695021749638	0.64813919768	0.511841469309	0.503624939584	0.478975350411	0.639439342678	0.573707104882	0.60657322378	0.581440309328	0.58095698405	0.614306428226	0.499275012083	0.506524891252	0.514258095698	0.518124697922	0.524407926535	0.608989850169	0.540840985984	0.575640405993	0.476558724021	0.565490575157
AD3	0.677138714355	0.597390043499	0.95601739971	0.686321894635	0.646205896568	0.629772837119	0.0	0.546640889319	0.646205896568	0.348960850652	0.693088448526	0.606089898502	0.647172547124	0.866118898018	0.576123731271	0.643305944901	0.68970517158	0.695505074915	0.941517641373	0.775253745771	0.727887868536	0.699371677139	0.699371677139	0.699855002417	0.91445142581	0.690671822136	0.700821652972	0.705654905752	0.697921701305	0.696955050749	0.723537941034	0.697921701305	0.636056065732	0.659255679072	0.721604639923	0.667472208797	0.677138714355	0.544707588207	0.639439342678	0.590140164331	0.589656839053	0.56259062349	0.527307878202	0.557274045433	0.70372160464	0.693571773804	0.764137264379	0.705171580474	0.735621072982	0.713871435476	0.709038182697	0.737071048816	0.658772353794	0.669405509908	0.675205413243	0.667955534074	0.639922667956	0.72450459159	0.642822619623	0.71532141131	0.696955050749	0.704688255196
AD4	0.582890285162	0.508941517641	0.940550990817	0.601739971	0.54857419043	0.411793136781	0.546640889319	0.0	0.312711454809	0.426292895118	0.426776220396	0.501208313195	0.505074915418	0.847752537458	0.567423876269	0.526824552924	0.467375543741	0.450459159014	0.942967617206	0.766553890768	0.567423876269	0.497341710971	0.498791686805	0.484291928468	0.898985016916	0.603673272112	0.445142580957	0.461575640406	0.519091348478	0.565007249879	0.540357660706	0.497341710971	0.390526824553	0.458675688739	0.662155630739	0.584340260996	0.46060898985	0.501208313195	0.431609473175	0.577573707105	0.483325277912	0.664088931851	0.625422909618	0.502658289029	0.510391493475	0.48380860319	0.66892218463	0.607056549058	0.652005799903	0.625906234896	0.616239729338	0.647655872402	0.521507974867	0.528757854036	0.536007733204	0.54857419043	0.537457709038	0.6389560174	0.553890768487	0.625906234896	0.509908168197	0.605123247946
AE3	0.559690671822	0.509424842919	0.93523441276	0.590623489609	0.566940550991	0.397776703722	0.646205896568	0.312711454809	0.0	0.522957950701	0.396810053166	0.51619139681	0.500241662639	0.847752537458	0.582890285162	0.523441275979	0.453359110681	0.441275978734	0.929917834703	0.75688738521	0.556790720155	0.493475108748	0.492508458192	0.479458675689	0.893185113581	0.596423392943	0.445142580957	0.455292411793	0.506041565974	0.556790720155	0.547124214596	0.493958434026	0.393910101498	0.465442242629	0.669888835186	0.591590140164	0.459159014016	0.52779120348	0.429676172064	0.614306428226	0.522474625423	0.697921701305	0.656839052682	0.529241179314	0.497825036249	0.470758820686	0.662155630739	0.592073465442	0.641372643789	0.617689705172	0.602223296278	0.640405993233	0.515708071532	0.524407926535	0.533591106815	0.547607539874	0.527307878202	0.637506041566	0.546640889319	0.610439826003	0.489125181247	0.594490091832
AE4	0.621072982117	0.514258095698	0.954084098598	0.623972933784	0.587240212663	0.519574673755	0.348960850652	0.426292895118	0.522957950701	0.0	0.589656839053	0.541807636539	0.567907201547	0.85886901885	0.539874335428	0.556307394877	0.581440309328	0.589173513775	0.936201063316	0.760270662156	0.661188980184	0.596906718221	0.598840019333	0.592073465442	0.904784920251	0.622039632673	0.59255679072	0.594006766554	0.591590140164	0.594490091832	0.641855969067	0.588206863219	0.530691155147	0.556307394877	0.694055099082	0.626389560174	0.581440309328	0.465925567907	0.536491058482	0.532141130981	0.487191880135	0.579507008217	0.537457709038	0.472692121798	0.611889801837	0.598356694055	0.720637989367	0.659255679072	0.700338327695	0.676172063799	0.669888835186	0.695021749638	0.594006766554	0.58337361044	0.592073465442	0.607056549058	0.57177380377	0.69212179797	0.581440309328	0.674722087965	0.593040115998	0.660222329628
AF3	0.603189946834	0.565973900435	0.974383760271	0.622522957951	0.614306428226	0.341227646206	0.693088448526	0.426776220396	0.396810053166	0.589656839053	0.0	0.523441275979	0.519574673755	0.881101981634	0.628806186564	0.580473658772	0.440792653456	0.440309328178	0.960850652489	0.787820202997	0.590140164331	0.543740937651	0.446592556791	0.432092798453	0.918318028033	0.622039632673	0.434992750121	0.485258579024	0.552924117931	0.599323344611	0.524407926535	0.507974867086	0.441275978734	0.506524891252	0.679555340744	0.623006283229	0.432576123731	0.559690671822	0.431126147898	0.637022716288	0.539874335428	0.738037699372	0.692605123248	0.556790720155	0.503141614306	0.480908651522	0.667472208797	0.598840019333	0.654905751571	0.608989850169	0.603673272112	0.641372643789	0.544707588207	0.52537457709	0.537457709038	0.546157564041	0.566940550991	0.634606089899	0.584340260996	0.60657322378	0.487191880135	0.590140164331
AF4	0.609473175447	0.529724504592	0.937167713871	0.598840019333	0.330594490092	0.410343160947	0.606089898502	0.501208313195	0.51619139681	0.541807636539	0.523441275979	0.0	0.54857419043	0.846302561624	0.5601739971	0.55775737071	0.584340260996	0.579023682939	0.889318511358	0.724021266312	0.703238279362	0.647655872402	0.672788786854	0.658772353794	0.848719188014	0.633639439343	0.621072982117	0.628806186564	0.646205896568	0.655389076849	0.670372160464	0.62493958434	0.553407443209	0.587723537941	0.621072982117	0.553407443209	0.572257129048	0.545674238763	0.52537457709	0.526341227646	0.523441275979	0.643305944901	0.614306428226	0.536007733204	0.591106814886	0.584823586274	0.587240212663	0.52779120348	0.559207346544	0.539874335428	0.543257612373	0.566940550991	0.491541807637	0.525857902368	0.528757854036	0.519091348478	0.564523924601	0.555340744321	0.579990333494	0.53939101015	0.572257129048	0.536007733204
AG3	0.578540357661	0.489125181247	0.966650555824	0.471725471242	0.608023199613	0.501208313195	0.647172547124	0.505074915418	0.500241662639	0.567907201547	0.519574673755	0.54857419043	0.0	0.841952634123	0.539874335428	0.51619139681	0.510391493475	0.500724987917	0.929917834703	0.753020782987	0.655872402127	0.583856935718	0.588206863219	0.591590140164	0.885451909135	0.629289511841	0.544224262929	0.562107298212	0.607539874335	0.612373127115	0.627839536008	0.566940550991	0.519091348478	0.526341227646	0.658772353794	0.613823102948	0.545674238763	0.548090865152	0.519091348478	0.593523441276	0.5186080232	0.685838569357	0.643305944901	0.54857419043	0.561140647656	0.559207346544	0.621072982117	0.568873852102	0.624456259062	0.59255679072	0.577090381827	0.599806669889	0.503624939584	0.514741420976	0.529241179314	0.521024649589	0.53020782987	0.606089898502	0.545674238763	0.593040115998	0.50459159014	0.557274045433
AG4	0.831802803287	0.848719188014	0.352344127598	0.572740454326	0.822619623006	0.859352344128	0.866118898018	0.847752537458	0.847752537458	0.85886901885	0.881101981634	0.846302561624	0.841952634123	0.0	0.869502174964	0.838086031899	0.887868535524	0.884485258579	0.698888351861	0.666505558241	0.818753020783	0.838569357177	0.870952150797	0.864185596907	0.820202996617	0.819719671339	0.853552440793	0.847752537458	0.750604156597	0.730304494925	0.874335427743	0.862252295795	0.871435476075	0.869985500242	0.897051715805	0.880618656356	0.888351860802	0.859835669406	0.878685355244	0.877718704688	0.876268728855	0.840985983567	0.843402609957	0.863218946351	0.893668438859	0.887385210246	0.881585306912	0.885451909135	0.883035282745	0.879168680522	0.89125181247	0.882068632189	0.891735137748	0.887385210246	0.894151764137	0.889801836636	0.88883518608	0.884001933301	0.886418559691	0.884485258579	0.891735137748	0.887868535524
AH3	0.639922667956	0.388110198163	0.962300628323	0.604639922668	0.607056549058	0.595940067666	0.576123731271	0.567423876269	0.582890285162	0.539874335428	0.628806186564	0.5601739971	0.539874335428	0.869502174964	0.0	0.542290961817	0.612373127115	0.612373127115	0.924117931368	0.754470758821	0.709038182697	0.641855969067	0.651039149348	0.653939101015	0.893185113581	0.687771870469	0.644755920735	0.662638956017	0.681005316578	0.673272112131	0.692605123248	0.644272595457	0.568390526825	0.597873368777	0.71532141131	0.660222329628	0.656839052682	0.558240695988	0.626872885452	0.565973900435	0.574673755437	0.598840019333	0.56935717738	0.55775737071	0.663605606573	0.655872402127	0.71532141131	0.622039632673	0.673755437409	0.656355727405	0.663605606573	0.680038666022	0.614306428226	0.628322861286	0.619623006283	0.619139681005	0.584823586274	0.678588690188	0.572257129048	0.649589173514	0.611889801837	0.62735621073
AH4	0.319961333978	0.367810536491	0.936201063316	0.569840502658	0.595456742388	0.52779120348	0.643305944901	0.526824552924	0.523441275979	0.556307394877	0.580473658772	0.55775737071	0.51619139681	0.838086031899	0.542290961817	0.0	0.526341227646	0.534557757371	0.866118898018	0.706621556307	0.623006283229	0.55775737071	0.572740454326	0.572257129048	0.838086031899	0.594490091832	0.546157564041	0.550024166264	0.575157080715	0.587240212663	0.593523441276	0.538424359594	0.549057515708	0.54857419043	0.700821652972	0.646205896568	0.590140164331	0.574673755437	0.567907201547	0.570323827936	0.548090865152	0.684388593523	0.641855969067	0.563557274045	0.594490091832	0.58337361044	0.655872402127	0.603189946834	0.666022232963	0.632189463509	0.605606573224	0.633639439343	0.546640889319	0.538907684872	0.543257612373	0.544707588207	0.525857902368	0.623972933784	0.518124697922	0.630739487675	0.542774287095	0.609473175447
AA7	0.565973900435	0.536491058482	0.972933784437	0.616723054616	0.625422909618	0.465442242629	0.68970517158	0.467375543741	0.453359110681	0.581440309328	0.440792653456	0.584340260996	0.510391493475	0.887868535524	0.612373127115	0.526341227646	0.0	0.292895118415	0.912518124698	0.758337361044	0.586756887385	0.507491541808	0.473175447076	0.466892218463	0.869018849686	0.597873368777	0.44224262929	0.465442242629	0.549057515708	0.587723537941	0.505074915418	0.426292895118	0.440309328178	0.485741904302	0.71532141131	0.664572257129	0.479458675689	0.573707104882	0.486708554857	0.608023199613	0.551474142098	0.724021266312	0.683905268246	0.559207346544	0.551474142098	0.529241179314	0.669888835186	0.61575640406	0.66892218463	0.645239246013	0.601739971	0.637989366844	0.525857902368	0.528757854036	0.541807636539	0.546157564041	0.517641372644	0.632189463509	0.534557757371	0.640405993233	0.501208313195	0.617206379894
AA8	0.555340744321	0.542290961817	0.970033832769	0.611889801837	0.618656355727	0.457225712905	0.695505074915	0.450459159014	0.441275978734	0.589173513775	0.440309328178	0.579023682939	0.500724987917	0.884485258579	0.612373127115	0.534557757371	0.292895118415	0.0	0.911068148864	0.755437409377	0.56935717738	0.49540840986	0.48380860319	0.475108748188	0.861285645239	0.586273562107	0.445625906235	0.454325761237	0.537941034316	0.579023682939	0.478008699855	0.374577090382	0.435959400677	0.488641855969	0.71290478492	0.664088931851	0.490091831803	0.581923634606	0.471242145964	0.614789753504	0.547607539874	0.740454325761	0.697438376027	0.56259062349	0.534074432093	0.513291445143	0.648622522958	0.601256645723	0.663122281295	0.628322861286	0.584823586274	0.621072982117	0.514741420976	0.510874818753	0.528757854036	0.537941034316	0.528274528758	0.612373127115	0.538907684872	0.625906234896	0.486708554857	0.602706621556
AB7	0.854035766071	0.887868535524	0.736587723538	0.725954567424	0.862735621073	0.9212179797	0.941517641373	0.942967617206	0.929917834703	0.936201063316	0.960850652489	0.889318511358	0.929917834703	0.698888351861	0.924117931368	0.866118898018	0.912518124698	0.911068148864	0.0	0.405993233446	0.818753020783	0.85886901885	0.93281778637	0.925084581924	0.734654422426	0.830352827453	0.900918318028	0.876268728855	0.73610439826	0.695021749638	0.883518608023	0.887385210246	0.931367810536	0.938134364427	0.940067665539	0.940550990817	0.949734171097	0.918801353311	0.959400676655	0.926534557757	0.943450942484	0.868535524408	0.875302078299	0.907201546641	0.963267278879	0.953117448043	0.919768003867	0.927017883035	0.930884485259	0.931367810536	0.924117931368	0.910101498308	0.916384726921	0.910101498308	0.911068148864	0.919768003867	0.925567907202	0.913001449976	0.927017883035	0.922667955534	0.953117448043	0.936201063316
AB8	0.698405026583	0.717254712421	0.752054132431	0.565973900435	0.73852102465	0.74770420493	0.775253745771	0.766553890768	0.75688738521	0.760270662156	0.787820202997	0.724021266312	0.753020782987	0.666505558241	0.754470758821	0.706621556307	0.758337361044	0.755437409377	0.405993233446	0.0	0.655389076849	0.685355244079	0.755437409377	0.745770903818	0.725954567424	0.660222329628	0.720154664089	0.695505074915	0.529241179314	0.516674722088	0.730787820203	0.726437892702	0.761720637989	0.765103914935	0.802803286612	0.766553890768	0.778153697438	0.745770903818	0.77767037216	0.749637506042	0.760753987434	0.714354760754	0.722571290478	0.735621072982	0.791203479942	0.779603673272	0.807153214113	0.757370710488	0.783953600773	0.75688738521	0.768970517158	0.779120347994	0.761720637989	0.753020782987	0.756404059932	0.753020782987	0.754470758821	0.768970517158	0.756404059932	0.757854035766	0.783470275495	0.762687288545
AC7	0.611889801837	0.647655872402	0.898018366361	0.643305944901	0.723054615756	0.585306911551	0.727887868536	0.567423876269	0.556790720155	0.661188980184	0.590140164331	0.703238279362	0.655872402127	0.818753020783	0.709038182697	0.623006283229	0.586756887385	0.56935717738	0.818753020783	0.655389076849	0.0	0.356694055099	0.567907201547	0.554857419043	0.825519574674	0.605123247946	0.538424359594	0.507974867086	0.48380860319	0.498791686805	0.563557274045	0.544707588207	0.562107298212	0.593040115998	0.810536491058	0.743837602707	0.634122764621	0.655389076849	0.603673272112	0.727404543258	0.665055582407	0.725471242146	0.699855002417	0.635089415176	0.629772837119	0.610439826003	0.81488641856	0.754470758821	0.798453359111	0.774770420493	0.743837602707	0.786853552441	0.681971967134	0.670855485742	0.681488641856	0.687288545191	0.663122281295	0.782020299662	0.662155630739	0.767520541324	0.610439826003	0.74528757854
AC8	0.565007249879	0.565007249879	0.919284678589	0.607539874335	0.684388593523	0.52537457709	0.699371677139	0.497341710971	0.493475108748	0.596906718221	0.543740937651	0.647655872402	0.583856935718	0.838569357177	0.641855969067	0.55775737071	0.507491541808	0.49540840986	0.85886901885	0.685355244079	0.356694055099	0.0	0.500724987917	0.494441759304	0.851135814403	0.564523924601	0.407926534558	0.386176897052	0.457709038183	0.492025132914	0.529724504592	0.482841952634	0.492508458192	0.51377477042	0.743837602707	0.681488641856	0.565490575157	0.594006766554	0.541324311261	0.655872402127	0.591590140164	0.696471725471	0.653455775737	0.570323827936	0.572740454326	0.553890768487	0.737554374094	0.673272112131	0.737071048816	0.707588206863	0.665055582407	0.701788303528	0.603673272112	0.59255679072	0.60415659739	0.606089898502	0.578540357661	0.701788303528	0.584340260996	0.702754954084	0.535524407927	0.662638956017
AD7	0.587240212663	0.588206863219	0.960850652489	0.634122764621	0.720637989367	0.518124697922	0.699371677139	0.498791686805	0.492508458192	0.598840019333	0.446592556791	0.672788786854	0.588206863219	0.870952150797	0.651039149348	0.572740454326	0.473175447076	0.48380860319	0.93281778637	0.755437409377	0.567907201547	0.500724987917	0.0	0.290478492025	0.889318511358	0.523924601257	0.409376510391	0.447075882069	0.515224746254	0.569840502658	0.502658289029	0.480425326245	0.49299178347	0.534074432093	0.748187530208	0.683905268246	0.510391493475	0.590140164331	0.531174480425	0.653939101015	0.601256645723	0.728371193813	0.685355244079	0.587240212663	0.55775737071	0.541324311261	0.748187530208	0.676655389077	0.739004349928	0.709521507975	0.672305461576	0.707588206863	0.618656355727	0.601256645723	0.613823102948	0.625422909618	0.589173513775	0.706621556307	0.594006766554	0.705654905752	0.551957467376	0.67133881102
AD8	0.586756887385	0.582890285162	0.951184146931	0.623489608507	0.709038182697	0.502658289029	0.699855002417	0.484291928468	0.479458675689	0.592073465442	0.432092798453	0.658772353794	0.591590140164	0.864185596907	0.653939101015	0.572257129048	0.466892218463	0.475108748188	0.925084581924	0.745770903818	0.554857419043	0.494441759304	0.290478492025	0.0	0.85645239246	0.490575157081	0.404543257612	0.444659255679	0.49299178347	0.544707588207	0.499758337361	0.479942000967	0.476558724021	0.531174480425	0.749637506042	0.679555340744	0.506524891252	0.582406959884	0.522957950701	0.649105848236	0.588690188497	0.722087965201	0.685355244079	0.576607056549	0.565490575157	0.538907684872	0.744320927985	0.669888835186	0.734171097148	0.704204929918	0.67133881102	0.707104881585	0.604639922668	0.592073465442	0.603673272112	0.617689705172	0.593040115998	0.704204929918	0.602706621556	0.698405026583	0.552440792653	0.670855485742
AE7	0.820686321895	0.877718704688	0.855002416626	0.796036732721	0.825036249396	0.885451909135	0.91445142581	0.898985016916	0.893185113581	0.904784920251	0.918318028033	0.848719188014	0.885451909135	0.820202996617	0.893185113581	0.838086031899	0.869018849686	0.861285645239	0.734654422426	0.725954567424	0.825519574674	0.851135814403	0.889318511358	0.85645239246	0.0	0.555824069599	0.872402126631	0.853069115515	0.767520541324	0.762687288545	0.837602706622	0.833736104398	0.90043499275	0.907201546641	0.928951184147	0.919768003867	0.920734654422	0.904784920251	0.918801353311	0.867568873852	0.901401643306	0.878685355244	0.874818753021	0.876752054132	0.937167713871	0.923151280812	0.890768487192	0.902368293862	0.905751570807	0.899468342194	0.904784920251	0.892701788304	0.891735137748	0.895601739971	0.898985016916	0.898985016916	0.905751570807	0.887385210246	0.905268245529	0.899951667472	0.919284678589	0.91203479942
AE8	0.59255679072	0.621072982117	0.908651522475	0.633156114065	0.688255195747	0.585790236829	0.690671822136	0.603673272112	0.596423392943	0.622039632673	0.622039632673	0.633639439343	0.629289511841	0.819719671339	0.687771870469	0.594490091832	0.597873368777	0.586273562107	0.830352827453	0.660222329628	0.605123247946	0.564523924601	0.523924601257	0.490575157081	0.555824069599	0.0	0.572257129048	0.55775737071	0.535041082649	0.52779120348	0.573707104882	0.55775737071	0.609473175447	0.611406476559	0.765587240213	0.708554857419	0.630739487675	0.610923151281	0.626389560174	0.646205896568	0.623489608507	0.702754954084	0.667955534074	0.599806669889	0.639439342678	0.628322861286	0.744804253262	0.679555340744	0.743837602707	0.706621556307	0.687288545191	0.719671338811	0.652972450459	0.622039632673	0.635572740454	0.646205896568	0.642822619623	0.708071532141	0.652005799903	0.706138231029	0.616723054616	0.685838569357
AF7	0.5601739971	0.552440792653	0.943450942484	0.614306428226	0.664572257129	0.484291928468	0.700821652972	0.445142580957	0.445142580957	0.59255679072	0.434992750121	0.621072982117	0.544224262929	0.853552440793	0.644755920735	0.546157564041	0.44224262929	0.445625906235	0.900918318028	0.720154664089	0.538424359594	0.407926534558	0.409376510391	0.404543257612	0.872402126631	0.572257129048	0.0	0.323344610923	0.491541807637	0.535524407927	0.48622522958	0.478008699855	0.443209279845	0.4813919768	0.701788303528	0.636056065732	0.466892218463	0.542774287095	0.490575157081	0.626389560174	0.543740937651	0.706138231029	0.666022232963	0.541324311261	0.531657805703	0.507491541808	0.674722087965	0.618173030449	0.690188496858	0.656355727405	0.621072982117	0.64572257129	0.555340744321	0.541324311261	0.55775737071	0.568873852102	0.536007733204	0.640889318511	0.553890768487	0.654905751571	0.491058482359	0.608989850169
AF8	0.546640889319	0.563073948768	0.934751087482	0.608989850169	0.666988883519	0.492508458192	0.705654905752	0.461575640406	0.455292411793	0.594006766554	0.485258579024	0.628806186564	0.562107298212	0.847752537458	0.662638956017	0.550024166264	0.465442242629	0.454325761237	0.876268728855	0.695505074915	0.507974867086	0.386176897052	0.447075882069	0.444659255679	0.853069115515	0.55775737071	0.323344610923	0.0	0.46060898985	0.508941517641	0.498308361527	0.465442242629	0.457709038183	0.50459159014	0.724021266312	0.65732237796	0.501208313195	0.56259062349	0.506524891252	0.631706138231	0.563557274045	0.696471725471	0.65732237796	0.547124214596	0.545674238763	0.524891251812	0.708554857419	0.639922667956	0.708071532141	0.683421942968	0.6389560174	0.674238762687	0.574673755437	0.56259062349	0.578540357661	0.585790236829	0.563073948768	0.673755437409	0.572740454326	0.674722087965	0.504108264862	0.634122764621
AG7	0.585306911551	0.601739971	0.837119381344	0.55099081682	0.667472208797	0.53020782987	0.697921701305	0.519091348478	0.506041565974	0.591590140164	0.552924117931	0.646205896568	0.607539874335	0.750604156597	0.681005316578	0.575157080715	0.549057515708	0.537941034316	0.73610439826	0.529241179314	0.48380860319	0.457709038183	0.515224746254	0.49299178347	0.767520541324	0.535041082649	0.491541807637	0.46060898985	0.0	0.312228129531	0.560657322378	0.520541324311	0.526341227646	0.558240695988	0.753987433543	0.68293861769	0.548090865152	0.582890285162	0.541324311261	0.650072498792	0.593523441276	0.66892218463	0.635572740454	0.56935717738	0.602706621556	0.574673755437	0.74528757854	0.673272112131	0.733204446593	0.702754954084	0.669405509908	0.708554857419	0.620589656839	0.610923151281	0.622522957951	0.629772837119	0.625422909618	0.706621556307	0.630739487675	0.695505074915	0.586273562107	0.663605606573
AG8	0.58337361044	0.609956500725	0.836152730788	0.559690671822	0.678588690188	0.57177380377	0.696955050749	0.565007249879	0.556790720155	0.594490091832	0.599323344611	0.655389076849	0.612373127115	0.730304494925	0.673272112131	0.587240212663	0.587723537941	0.579023682939	0.695021749638	0.516674722088	0.498791686805	0.492025132914	0.569840502658	0.544707588207	0.762687288545	0.52779120348	0.535524407927	0.508941517641	0.312228129531	0.0	0.590140164331	0.558240695988	0.57177380377	0.581923634606	0.765587240213	0.691155147414	0.600289995167	0.589656839053	0.585790236829	0.660705654906	0.593523441276	0.666505558241	0.642822619623	0.579990333494	0.621072982117	0.603673272112	0.754954084099	0.684388593523	0.74770420493	0.714838086032	0.684871918801	0.719188013533	0.634606089899	0.619623006283	0.630739487675	0.6389560174	0.635572740454	0.720154664089	0.643305944901	0.708554857419	0.599323344611	0.678588690188
AH7	0.596906718221	0.629289511841	0.955050749154	0.676172063799	0.707588206863	0.566940550991	0.723537941034	0.540357660706	0.547124214596	0.641855969067	0.524407926535	0.670372160464	0.627839536008	0.874335427743	0.692605123248	0.593523441276	0.505074915418	0.478008699855	0.883518608023	0.730787820203	0.563557274045	0.529724504592	0.502658289029	0.499758337361	0.837602706622	0.573707104882	0.48622522958	0.498308361527	0.560657322378	0.590140164331	0.0	0.346060898985	0.566457225713	0.608023199613	0.782020299662	0.734171097148	0.563557274045	0.656355727405	0.589656839053	0.669405509908	0.642822619623	0.775253745771	0.741904301595	0.635572740454	0.637506041566	0.617689705172	0.761720637989	0.716288061866	0.7593040116	0.730304494925	0.705171580474	0.735137747704	0.632672788787	0.623489608507	0.629772837119	0.648622522958	0.633156114065	0.728371193813	0.628322861286	0.714838086032	0.614306428226	0.716288061866
AH8	0.544707588207	0.581923634606	0.949734171097	0.623972933784	0.665538907685	0.509908168197	0.697921701305	0.497341710971	0.493958434026	0.588206863219	0.507974867086	0.62493958434	0.566940550991	0.862252295795	0.644272595457	0.538424359594	0.426292895118	0.374577090382	0.887385210246	0.726437892702	0.544707588207	0.482841952634	0.480425326245	0.479942000967	0.833736104398	0.55775737071	0.478008699855	0.465442242629	0.520541324311	0.558240695988	0.346060898985	0.0	0.499758337361	0.53697438376	0.746254229096	0.690671822136	0.544707588207	0.600289995167	0.527307878202	0.617206379894	0.584340260996	0.726437892702	0.684871918801	0.578057032383	0.575157080715	0.552440792653	0.704688255196	0.656355727405	0.710488158531	0.672305461576	0.640405993233	0.669405509908	0.572257129048	0.565007249879	0.577573707105	0.591106814886	0.569840502658	0.665055582407	0.566940550991	0.663122281295	0.544707588207	0.657805703238
AA5	0.578540357661	0.514741420976	0.959400676655	0.621072982117	0.599806669889	0.444175930401	0.636056065732	0.390526824553	0.393910101498	0.530691155147	0.441275978734	0.553407443209	0.519091348478	0.871435476075	0.568390526825	0.549057515708	0.440309328178	0.435959400677	0.931367810536	0.761720637989	0.562107298212	0.492508458192	0.49299178347	0.476558724021	0.90043499275	0.609473175447	0.443209279845	0.457709038183	0.526341227646	0.57177380377	0.566457225713	0.499758337361	0.0	0.35427742871	0.681971967134	0.597873368777	0.48380860319	0.467858869019	0.453842435959	0.568390526825	0.488641855969	0.633156114065	0.590623489609	0.468342194297	0.520541324311	0.480425326245	0.698405026583	0.625422909618	0.672788786854	0.647655872402	0.637989366844	0.672305461576	0.538907684872	0.556790720155	0.572257129048	0.574190430159	0.531657805703	0.665055582407	0.550024166264	0.633156114065	0.501208313195	0.624456259062
AA6	0.59497341711	0.517158047366	0.960850652489	0.628322861286	0.633156114065	0.480425326245	0.659255679072	0.458675688739	0.465442242629	0.556307394877	0.506524891252	0.587723537941	0.526341227646	0.869985500242	0.597873368777	0.54857419043	0.485741904302	0.488641855969	0.938134364427	0.765103914935	0.593040115998	0.51377477042	0.534074432093	0.531174480425	0.907201546641	0.611406476559	0.4813919768	0.50459159014	0.558240695988	0.581923634606	0.608023199613	0.53697438376	0.35427742871	0.0	0.681488641856	0.594490091832	0.529241179314	0.497341710971	0.488641855969	0.596423392943	0.506041565974	0.667472208797	0.623972933784	0.505558240696	0.459159014016	0.425326244563	0.698888351861	0.631706138231	0.673755437409	0.655872402127	0.634606089899	0.671822136298	0.551474142098	0.554857419043	0.566940550991	0.572740454326	0.538424359594	0.666988883519	0.554374093765	0.637022716288	0.510391493475	0.627839536008
AB5	0.742387626873	0.678105364911	0.973417109715	0.719188013533	0.635089415176	0.638472692122	0.721604639923	0.662155630739	0.669888835186	0.694055099082	0.679555340744	0.621072982117	0.658772353794	0.897051715805	0.71532141131	0.700821652972	0.71532141131	0.71290478492	0.940067665539	0.802803286612	0.810536491058	0.743837602707	0.748187530208	0.749637506042	0.928951184147	0.765587240213	0.701788303528	0.724021266312	0.753987433543	0.765587240213	0.782020299662	0.746254229096	0.681971967134	0.681488641856	0.0	0.322377960367	0.624456259062	0.658772353794	0.624456259062	0.641372643789	0.619623006283	0.73852102465	0.729821169647	0.652972450459	0.620589656839	0.616239729338	0.614789753504	0.60415659739	0.614789753504	0.599806669889	0.608023199613	0.599806669889	0.604639922668	0.608989850169	0.612373127115	0.619623006283	0.663605606573	0.595456742388	0.666988883519	0.589173513775	0.682455292412	0.605606573224
AB6	0.685838569357	0.617689705172	0.963267278879	0.664088931851	0.600773320445	0.573707104882	0.667472208797	0.584340260996	0.591590140164	0.626389560174	0.623006283229	0.553407443209	0.613823102948	0.880618656356	0.660222329628	0.646205896568	0.664572257129	0.664088931851	0.940550990817	0.766553890768	0.743837602707	0.681488641856	0.683905268246	0.679555340744	0.919768003867	0.708554857419	0.636056065732	0.65732237796	0.68293861769	0.691155147414	0.734171097148	0.690671822136	0.597873368777	0.594490091832	0.322377960367	0.0	0.579023682939	0.578540357661	0.561623972934	0.581923634606	0.555824069599	0.676172063799	0.65973900435	0.55775737071	0.554857419043	0.546640889319	0.611406476559	0.553890768487	0.596423392943	0.56935717738	0.566457225713	0.588206863219	0.544224262929	0.568873852102	0.576123731271	0.576607056549	0.601256645723	0.573223779604	0.608989850169	0.561140647656	0.630739487675	0.557274045433
AC5	0.62493958434	0.588690188497	0.974867085549	0.641372643789	0.635089415176	0.463992266796	0.677138714355	0.46060898985	0.459159014016	0.581440309328	0.432576123731	0.572257129048	0.545674238763	0.888351860802	0.656839052682	0.590140164331	0.479458675689	0.490091831803	0.949734171097	0.778153697438	0.634122764621	0.565490575157	0.510391493475	0.506524891252	0.920734654422	0.630739487675	0.466892218463	0.501208313195	0.548090865152	0.600289995167	0.563557274045	0.544707588207	0.48380860319	0.529241179314	0.624456259062	0.579023682939	0.0	0.44224262929	0.434509424843	0.593040115998	0.522474625423	0.720154664089	0.668438859352	0.547607539874	0.488641855969	0.470275495408	0.610923151281	0.565007249879	0.626389560174	0.587723537941	0.559690671822	0.593040115998	0.521024649589	0.498791686805	0.508458192363	0.516674722088	0.579507008217	0.586756887385	0.590140164331	0.574673755437	0.531174480425	0.552924117931
AC6	0.627839536008	0.53697438376	0.954567423876	0.62493958434	0.590623489609	0.513291445143	0.544707588207	0.501208313195	0.52779120348	0.465925567907	0.559690671822	0.545674238763	0.548090865152	0.859835669406	0.558240695988	0.574673755437	0.573707104882	0.581923634606	0.918801353311	0.745770903818	0.655389076849	0.594006766554	0.590140164331	0.582406959884	0.904784920251	0.610923151281	0.542774287095	0.56259062349	0.582890285162	0.589656839053	0.656355727405	0.600289995167	0.467858869019	0.497341710971	0.658772353794	0.578540357661	0.44224262929	0.0	0.52537457709	0.529724504592	0.490091831803	0.500724987917	0.448042532624	0.418076365394	0.555340744321	0.55099081682	0.689221846303	0.631222812953	0.67133881102	0.645239246013	0.632189463509	0.665538907685	0.581440309328	0.575640405993	0.582406959884	0.590140164331	0.561140647656	0.663122281295	0.58337361044	0.639439342678	0.55099081682	0.62493958434
AD6	0.610923151281	0.554857419043	0.974867085549	0.619623006283	0.593040115998	0.41904301595	0.639439342678	0.431609473175	0.429676172064	0.536491058482	0.431126147898	0.52537457709	0.519091348478	0.878685355244	0.626872885452	0.567907201547	0.486708554857	0.471242145964	0.959400676655	0.77767037216	0.603673272112	0.541324311261	0.531174480425	0.522957950701	0.918801353311	0.626389560174	0.490575157081	0.506524891252	0.541324311261	0.585790236829	0.589656839053	0.527307878202	0.453842435959	0.488641855969	0.624456259062	0.561623972934	0.434509424843	0.52537457709	0.0	0.564040599323	0.421459642339	0.708071532141	0.661672305462	0.534074432093	0.475108748188	0.448042532624	0.608989850169	0.550024166264	0.599323344611	0.554374093765	0.552440792653	0.586273562107	0.476075398743	0.46302561624	0.480908651522	0.492508458192	0.542290961817	0.581923634606	0.557274045433	0.567907201547	0.480425326245	0.547124214596
AE5	0.619623006283	0.544707588207	0.975350410826	0.63653939101	0.561623972934	0.559207346544	0.590140164331	0.577573707105	0.614306428226	0.532141130981	0.637022716288	0.526341227646	0.593523441276	0.877718704688	0.565973900435	0.570323827936	0.608023199613	0.614789753504	0.926534557757	0.749637506042	0.727404543258	0.655872402127	0.653939101015	0.649105848236	0.867568873852	0.646205896568	0.626389560174	0.631706138231	0.650072498792	0.660705654906	0.669405509908	0.617206379894	0.568390526825	0.596423392943	0.641372643789	0.581923634606	0.593040115998	0.529724504592	0.564040599323	0.0	0.376510391493	0.617206379894	0.588690188497	0.511841469309	0.640889318511	0.633639439343	0.651522474625	0.599323344611	0.644755920735	0.622522957951	0.622522957951	0.645239246013	0.553890768487	0.585790236829	0.598840019333	0.567423876269	0.563557274045	0.63653939101	0.559690671822	0.611406476559	0.597390043499	0.61333977767
AE6	0.610923151281	0.513291445143	0.974383760271	0.614789753504	0.558240695988	0.475592073465	0.589656839053	0.483325277912	0.522474625423	0.487191880135	0.539874335428	0.523441275979	0.5186080232	0.876268728855	0.574673755437	0.548090865152	0.551474142098	0.547607539874	0.943450942484	0.760753987434	0.665055582407	0.591590140164	0.601256645723	0.588690188497	0.901401643306	0.623489608507	0.543740937651	0.563557274045	0.593523441276	0.593523441276	0.642822619623	0.584340260996	0.488641855969	0.506041565974	0.619623006283	0.555824069599	0.522474625423	0.490091831803	0.421459642339	0.376510391493	0.0	0.652972450459	0.608506524891	0.47220879652	0.555824069599	0.545190913485	0.638472692122	0.579990333494	0.619623006283	0.596423392943	0.592073465442	0.620589656839	0.505074915418	0.500724987917	0.520541324311	0.51619139681	0.528274528758	0.612856452392	0.538907684872	0.593523441276	0.51377477042	0.584340260996
AF5	0.710488158531	0.644755920735	0.93523441276	0.669888835186	0.665538907685	0.695021749638	0.56259062349	0.664088931851	0.697921701305	0.579507008217	0.738037699372	0.643305944901	0.685838569357	0.840985983567	0.598840019333	0.684388593523	0.724021266312	0.740454325761	0.868535524408	0.714354760754	0.725471242146	0.696471725471	0.728371193813	0.722087965201	0.878685355244	0.702754954084	0.706138231029	0.696471725471	0.66892218463	0.666505558241	0.775253745771	0.726437892702	0.633156114065	0.667472208797	0.73852102465	0.676172063799	0.720154664089	0.500724987917	0.708071532141	0.617206379894	0.652972450459	0.0	0.276462058966	0.554857419043	0.736587723538	0.727404543258	0.766553890768	0.725471242146	0.739004349928	0.720637989367	0.740454325761	0.756404059932	0.70372160464	0.730304494925	0.734171097148	0.722087965201	0.687288545191	0.741420976317	0.690188496858	0.714354760754	0.722571290478	0.733204446593
AF6	0.680038666022	0.596423392943	0.935717738038	0.649105848236	0.651039149348	0.64813919768	0.527307878202	0.625422909618	0.656839052682	0.537457709038	0.692605123248	0.614306428226	0.643305944901	0.843402609957	0.56935717738	0.641855969067	0.683905268246	0.697438376027	0.875302078299	0.722571290478	0.699855002417	0.653455775737	0.685355244079	0.685355244079	0.874818753021	0.667955534074	0.666022232963	0.65732237796	0.635572740454	0.642822619623	0.741904301595	0.684871918801	0.590623489609	0.623972933784	0.729821169647	0.65973900435	0.668438859352	0.448042532624	0.661672305462	0.588690188497	0.608506524891	0.276462058966	0.0	0.514258095698	0.695988400193	0.685838569357	0.757854035766	0.695988400193	0.725471242146	0.703238279362	0.701788303528	0.736587723538	0.666988883519	0.693088448526	0.694055099082	0.683905268246	0.64572257129	0.72450459159	0.644755920735	0.700821652972	0.685838569357	0.699371677139
