	AA3	AA4	AB3	AB4	AC3	AC4	AD3	AD4	AE3	AE4	AF3	AF4	AG3	AG4	AH3	AH4	AA7	AA8	AB7	AB8	AC7	AC8	AD7	AD8	AE7	AE8	AF7	AF8	AG7	AG8	AH7	AH8	AA5	AA6	AB5	AB6	AC5	AC6	AD6	AE5	AE6	AF5	AF6	AG5	AH5	AH6	AA1	AA2	AB1	AB2	AC1	AC2	AD1	AD2	AE1	AE2	AF1	AF2	AG1	AG2	AH1	AH2
AA3	0.0	0.473175447076	0.946350894152	0.633156114065	0.656839052682	0.571290478492	0.676172063799	0.584823586274	0.572257129048	0.617206379894	0.605606573224	0.600289995167	0.585306911551	0.854519091348	0.633639439343	0.320927984534	0.565007249879	0.564523924601	0.876268728855	0.705654905752	0.628322861286	0.580473658772	0.585306911551	0.587723537941	0.841952634123	0.605606573224	0.554857419043	0.561623972934	0.597390043499	0.606089898502	0.603673272112	0.562107298212	0.584340260996	0.590140164331	0.739487675205	0.687288545191	0.613823102948	0.622039632673	0.597873368777	0.607056549058	0.597390043499	0.703238279362	0.687288545191	0.627839536008	0.617689705172	0.605606573224	0.683421942968	0.640889318511	0.708071532141	0.661188980184	0.635089415176	0.654422426293	0.578540357661	0.548090865152	0.549057515708	0.56259062349	0.565973900435	0.660705654906	0.570323827936	0.660222329628	0.572257129048	0.630256162397
AA4	0.473175447076	0.0	0.950700821653	0.568390526825	0.579507008217	0.495891735138	0.600289995167	0.491058482359	0.512808119865	0.533591106815	0.565007249879	0.509424842919	0.506041565974	0.851619139681	0.386176897052	0.372160463992	0.53697438376	0.535524407927	0.88883518608	0.708071532141	0.660222329628	0.568390526825	0.59497341711	0.581923634606	0.87046882552	0.607056549058	0.538907684872	0.558240695988	0.590140164331	0.617206379894	0.627839536008	0.585306911551	0.519574673755	0.51377477042	0.667955534074	0.601256645723	0.572257129048	0.521507974867	0.552924117931	0.519091348478	0.485741904302	0.640405993233	0.608989850169	0.524891251812	0.583856935718	0.561623972934	0.655872402127	0.59497341711	0.646205896568	0.610923151281	0.605123247946	0.631706138231	0.526824552924	0.517158047366	0.520541324311	0.524407926535	0.506524891252	0.623972933784	0.512324794587	0.601739971	0.526824552924	0.568873852102
AB3	0.946350894152	0.950700821653	0.0	0.691638472692	0.928467858869	0.961817303045	0.95601739971	0.941517641373	0.930884485259	0.951667472209	0.974383760271	0.937167713871	0.968100531658	0.350894151764	0.968583856936	0.944900918318	0.972933784437	0.971000483325	0.737554374094	0.757854035766	0.894151764137	0.909134847753	0.9584340261	0.956500724988	0.853552440793	0.895118414693	0.942000966651	0.929917834703	0.840502658289	0.827452875785	0.952634122765	0.952150797487	0.960367327211	0.967133881102	0.974867085549	0.971483808603	0.977767037216	0.957467375544	0.97680038666	0.97680038666	0.97680038666	0.936684388594	0.938617689705	0.947317544708	0.980183663606	0.977767037216	0.977283711938	0.974867085549	0.971967133881	0.976317061382	0.974383760271	0.971967133881	0.97680038666	0.976317061382	0.977767037216	0.976317061382	0.97680038666	0.974383760271	0.976317061382	0.977767037216	0.975350410826	0.975350410826
AB4	0.633156114065	0.568390526825	0.691638472692	0.0	0.629772837119	0.585306911551	0.684388593523	0.599323344611	0.594006766554	0.611406476559	0.624456259062	0.581923634606	0.471242145964	0.570807153214	0.607056549058	0.590623489609	0.621556307395	0.617689705172	0.736587723538	0.565973900435	0.663605606573	0.616723054616	0.660222329628	0.640889318511	0.798453359111	0.633639439343	0.623489608507	0.621556307395	0.545674238763	0.574673755437	0.692605123248	0.654905751571	0.623489608507	0.625906234896	0.71532141131	0.652972450459	0.642822619623	0.613823102948	0.613823102948	0.607056549058	0.60415659739	0.659255679072	0.649105848236	0.607539874335	0.666022232963	0.656839052682	0.684388593523	0.643305944901	0.678588690188	0.661672305462	0.654422426293	0.656355727405	0.612856452392	0.614789753504	0.632189463509	0.617689705172	0.637022716288	0.656839052682	0.619623006283	0.646689221846	0.627839536008	0.644272595457
AC3	0.656839052682	0.579507008217	0.928467858869	0.629772837119	0.0	0.482358627356	0.64572257129	0.544707588207	0.5601739971	0.588690188497	0.61333977767	0.316094731754	0.597390043499	0.836636056066	0.605606573224	0.605123247946	0.612373127115	0.626389560174	0.878685355244	0.750120831319	0.743837602707	0.675205413243	0.728854519091	0.704688255196	0.840985983567	0.680038666022	0.640405993233	0.677622039633	0.678588690188	0.693088448526	0.706621556307	0.673272112131	0.605606573224	0.624456259062	0.616239729338	0.581923634606	0.616723054616	0.570323827936	0.596423392943	0.54857419043	0.555824069599	0.653939101015	0.646205896568	0.56259062349	0.637989366844	0.631706138231	0.600289995167	0.59497341711	0.589656839053	0.576123731271	0.604639922668	0.584340260996	0.545190913485	0.569840502658	0.573707104882	0.567907201547	0.620106331561	0.580473658772	0.611889801837	0.594490091832	0.626872885452	0.582890285162
AC4	0.571290478492	0.495891735138	0.961817303045	0.585306911551	0.482358627356	0.0	0.619139681005	0.411309811503	0.41662638956	0.517158047366	0.350410826486	0.382793620106	0.492508458192	0.864185596907	0.5601739971	0.53020782987	0.477525374577	0.486708554857	0.926534557757	0.737071048816	0.614789753504	0.545190913485	0.542774287095	0.515708071532	0.885935234413	0.576123731271	0.487191880135	0.524407926535	0.546157564041	0.579507008217	0.593523441276	0.536491058482	0.467375543741	0.46979217013	0.634606089899	0.565490575157	0.473658772354	0.503141614306	0.44224262929	0.519091348478	0.461092315128	0.675688738521	0.655389076849	0.519091348478	0.479942000967	0.477525374577	0.635572740454	0.577573707105	0.605606573224	0.577090381827	0.578057032383	0.603189946834	0.491058482359	0.501691638473	0.49540840986	0.487675205413	0.536007733204	0.600289995167	0.535524407927	0.571290478492	0.482841952634	0.549057515708
AD3	0.676172063799	0.600289995167	0.95601739971	0.684388593523	0.64572257129	0.619139681005	0.0	0.533591106815	0.634122764621	0.362010633156	0.672788786854	0.601256645723	0.6389560174	0.864668922185	0.575640405993	0.639922667956	0.68293861769	0.681488641856	0.933784436926	0.749637506042	0.718704688255	0.688255195747	0.690188496858	0.688738521025	0.911551474142	0.672788786854	0.688738521025	0.69212179797	0.683421942968	0.672788786854	0.711454809087	0.688255195747	0.627839536008	0.643789270179	0.743837602707	0.675688738521	0.679555340744	0.53939101015	0.635089415176	0.595456742388	0.573223779604	0.564523924601	0.541324311261	0.549540840986	0.69453842436	0.682455292412	0.768003866602	0.708554857419	0.740937651039	0.722087965201	0.718704688255	0.733204446593	0.653455775737	0.667472208797	0.667472208797	0.651039149348	0.636056065732	0.728854519091	0.652489125181	0.720154664089	0.686805219913	0.691638472692
AD4	0.584823586274	0.491058482359	0.941517641373	0.599323344611	0.544707588207	0.411309811503	0.533591106815	0.0	0.321411309812	0.419526341228	0.439342677622	0.46979217013	0.509424842919	0.850652489125	0.552924117931	0.528274528758	0.464475592073	0.471725471242	0.934267762204	0.746737554374	0.581440309328	0.497825036249	0.520057999033	0.502658289029	0.904301594973	0.595456742388	0.443692605123	0.485258579024	0.510874818753	0.564040599323	0.565490575157	0.510391493475	0.415176413726	0.436926051232	0.648622522958	0.570323827936	0.455292411793	0.462058965684	0.425326244563	0.535041082649	0.468825519575	0.646205896568	0.628322861286	0.51619139681	0.492508458192	0.455292411793	0.660222329628	0.602706621556	0.6389560174	0.616723054616	0.611406476559	0.627839536008	0.512324794587	0.523924601257	0.51377477042	0.513291445143	0.540840985984	0.626872885452	0.553890768487	0.610439826003	0.509908168197	0.582406959884
AE3	0.572257129048	0.512808119865	0.930884485259	0.594006766554	0.5601739971	0.41662638956	0.634122764621	0.321411309812	0.0	0.513291445143	0.399226679555	0.498308361527	0.508941517641	0.845819236346	0.576123731271	0.537941034316	0.433059449009	0.436442725955	0.913484775254	0.728854519091	0.555824069599	0.466408893185	0.482841952634	0.462058965684	0.877718704688	0.585790236829	0.398743354277	0.459159014016	0.468825519575	0.548090865152	0.528274528758	0.482358627356	0.409376510391	0.439342677622	0.671822136298	0.605606573224	0.429192846786	0.500241662639	0.451909134848	0.58337361044	0.515224746254	0.684388593523	0.66892218463	0.542290961817	0.49540840986	0.460125664572	0.666988883519	0.608506524891	0.643789270179	0.630256162397	0.612856452392	0.645239246013	0.52779120348	0.538907684872	0.53020782987	0.526341227646	0.547124214596	0.639439342678	0.5601739971	0.618656355727	0.504108264862	0.585306911551
AE4	0.617206379894	0.533591106815	0.951667472209	0.611406476559	0.588690188497	0.517158047366	0.362010633156	0.419526341228	0.513291445143	0.0	0.577573707105	0.529724504592	0.57177380377	0.857902368294	0.543257612373	0.567907201547	0.577573707105	0.579990333494	0.930884485259	0.747220879652	0.65732237796	0.581923634606	0.597873368777	0.587723537941	0.906234896085	0.616723054616	0.58337361044	0.585306911551	0.587240212663	0.602706621556	0.632189463509	0.590140164331	0.523924601257	0.541324311261	0.699855002417	0.625906234896	0.574190430159	0.461092315128	0.544224262929	0.533107781537	0.498308361527	0.568390526825	0.556790720155	0.516674722088	0.595456742388	0.586273562107	0.714354760754	0.661672305462	0.699855002417	0.678588690188	0.67133881102	0.684871918801	0.586273562107	0.594006766554	0.595456742388	0.582406959884	0.55775737071	0.686321894635	0.593523441276	0.672788786854	0.590140164331	0.646205896568
AF3	0.605606573224	0.565007249879	0.974383760271	0.624456259062	0.61333977767	0.350410826486	0.672788786854	0.439342677622	0.399226679555	0.577573707105	0.0	0.511841469309	0.525857902368	0.882068632189	0.611889801837	0.585790236829	0.448042532624	0.446109231513	0.955534074432	0.773320444659	0.593040115998	0.538424359594	0.46302561624	0.443692605123	0.920251329145	0.613823102948	0.438376027066	0.505074915418	0.532141130981	0.604639922668	0.527307878202	0.50459159014	0.447075882069	0.487191880135	0.676172063799	0.624456259062	0.421459642339	0.52779120348	0.444175930401	0.599806669889	0.532141130981	0.714354760754	0.700338327695	0.566457225713	0.501691638473	0.477525374577	0.666988883519	0.606089898502	0.658772353794	0.624456259062	0.613823102948	0.637989366844	0.546640889319	0.536007733204	0.53020782987	0.527307878202	0.58095698405	0.6389560174	0.573223779604	0.618173030449	0.508941517641	0.58337361044
AF4	0.600289995167	0.509424842919	0.937167713871	0.581923634606	0.316094731754	0.382793620106	0.601256645723	0.46979217013	0.498308361527	0.529724504592	0.511841469309	0.0	0.528757854036	0.845819236346	0.541324311261	0.541324311261	0.551474142098	0.559690671822	0.884968583857	0.709521507975	0.683421942968	0.61333977767	0.655872402127	0.630256162397	0.852585790237	0.622522957951	0.572257129048	0.614306428226	0.610923151281	0.637022716288	0.654422426293	0.614789753504	0.532624456259	0.555340744321	0.607539874335	0.531657805703	0.543740937651	0.521507974867	0.522957950701	0.48622522958	0.49299178347	0.623006283229	0.608506524891	0.510874818753	0.554857419043	0.551474142098	0.588690188497	0.532624456259	0.580473658772	0.53697438376	0.534074432093	0.556790720155	0.477525374577	0.49299178347	0.501691638473	0.508941517641	0.559690671822	0.549057515708	0.544707588207	0.53697438376	0.546640889319	0.515224746254
AG3	0.585306911551	0.506041565974	0.968100531658	0.471242145964	0.597390043499	0.492508458192	0.6389560174	0.509424842919	0.508941517641	0.57177380377	0.525857902368	0.528757854036	0.0	0.843885935234	0.53020782987	0.541807636539	0.519574673755	0.524407926535	0.931367810536	0.747220879652	0.678588690188	0.596423392943	0.615273078782	0.596906718221	0.889318511358	0.638472692122	0.531657805703	0.586756887385	0.619139681005	0.6389560174	0.645239246013	0.586756887385	0.545190913485	0.531657805703	0.654905751571	0.607539874335	0.547607539874	0.55099081682	0.517158047366	0.567423876269	0.519091348478	0.673272112131	0.650072498792	0.55775737071	0.574190430159	0.541324311261	0.616239729338	0.564523924601	0.602706621556	0.594006766554	0.575640405993	0.588206863219	0.51619139681	0.509424842919	0.517158047366	0.519091348478	0.563073948768	0.600289995167	0.559207346544	0.585790236829	0.525857902368	0.554374093765
AG4	0.854519091348	0.851619139681	0.350894151764	0.570807153214	0.836636056066	0.864185596907	0.864668922185	0.850652489125	0.845819236346	0.857902368294	0.882068632189	0.845819236346	0.843885935234	0.0	0.872402126631	0.848235862736	0.88883518608	0.884001933301	0.709521507975	0.681005316578	0.813436442726	0.827452875785	0.875302078299	0.876752054132	0.82406959884	0.816819719671	0.859352344128	0.847752537458	0.761720637989	0.746254229096	0.883518608023	0.868535524408	0.86805219913	0.874335427743	0.895118414693	0.888351860802	0.886901884969	0.857419043016	0.886418559691	0.880618656356	0.879168680522	0.846785886902	0.843885935234	0.854519091348	0.895118414693	0.88883518608	0.885935234413	0.887868535524	0.886418559691	0.884968583857	0.893668438859	0.883518608023	0.888351860802	0.885451909135	0.89125181247	0.887868535524	0.886901884969	0.884968583857	0.884485258579	0.883035282745	0.887868535524	0.889801836636
AH3	0.633639439343	0.386176897052	0.968583856936	0.607056549058	0.605606573224	0.5601739971	0.575640405993	0.552924117931	0.576123731271	0.543257612373	0.611889801837	0.541324311261	0.53020782987	0.872402126631	0.0	0.52537457709	0.598356694055	0.596906718221	0.926534557757	0.750120831319	0.709521507975	0.624456259062	0.6389560174	0.630739487675	0.901884968584	0.669888835186	0.623006283229	0.636056065732	0.660705654906	0.670855485742	0.684388593523	0.635089415176	0.549540840986	0.572257129048	0.719188013533	0.645239246013	0.637989366844	0.534557757371	0.603673272112	0.555340744321	0.554374093765	0.612373127115	0.577090381827	0.54857419043	0.648622522958	0.625906234896	0.710971483809	0.641372643789	0.680038666022	0.664572257129	0.653939101015	0.680038666022	0.60415659739	0.596423392943	0.588690188497	0.594490091832	0.579023682939	0.671822136298	0.573707104882	0.635572740454	0.599806669889	0.621556307395
AH4	0.320927984534	0.372160463992	0.944900918318	0.590623489609	0.605123247946	0.53020782987	0.639922667956	0.528274528758	0.537941034316	0.567907201547	0.585790236829	0.541324311261	0.541807636539	0.848235862736	0.52537457709	0.0	0.536491058482	0.538424359594	0.87723537941	0.704204929918	0.640405993233	0.56259062349	0.586756887385	0.584823586274	0.851135814403	0.605123247946	0.549057515708	0.553407443209	0.584823586274	0.60415659739	0.601256645723	0.559690671822	0.552440792653	0.55099081682	0.708071532141	0.649589173514	0.59497341711	0.579990333494	0.561140647656	0.568873852102	0.543257612373	0.674238762687	0.653455775737	0.584823586274	0.601256645723	0.578540357661	0.664088931851	0.608989850169	0.670372160464	0.62493958434	0.609956500725	0.62735621073	0.537941034316	0.520057999033	0.520057999033	0.521991300145	0.514741420976	0.624456259062	0.531174480425	0.626872885452	0.544224262929	0.595456742388
AA7	0.565007249879	0.53697438376	0.972933784437	0.621556307395	0.612373127115	0.477525374577	0.68293861769	0.464475592073	0.433059449009	0.577573707105	0.448042532624	0.551474142098	0.519574673755	0.88883518608	0.598356694055	0.536491058482	0.0	0.282261962301	0.923151280812	0.751087481875	0.588206863219	0.491541807637	0.504108264862	0.491058482359	0.872885451909	0.591590140164	0.434509424843	0.468342194297	0.515224746254	0.585306911551	0.529241179314	0.425326244563	0.431126147898	0.465442242629	0.70372160464	0.649589173514	0.481875302078	0.534074432093	0.479942000967	0.586756887385	0.531174480425	0.71532141131	0.696955050749	0.587240212663	0.539874335428	0.501691638473	0.659255679072	0.609956500725	0.670372160464	0.638472692122	0.599806669889	0.630739487675	0.5186080232	0.524407926535	0.515708071532	0.508458192363	0.536007733204	0.619623006283	0.543257612373	0.646689221846	0.495891735138	0.592073465442
AA8	0.564523924601	0.535524407927	0.971000483325	0.617689705172	0.626389560174	0.486708554857	0.681488641856	0.471725471242	0.436442725955	0.579990333494	0.446109231513	0.559690671822	0.524407926535	0.884001933301	0.596906718221	0.538424359594	0.282261962301	0.0	0.922184630256	0.747220879652	0.585306911551	0.480425326245	0.487191880135	0.470758820686	0.863218946351	0.580473658772	0.430159497342	0.463992266796	0.506524891252	0.574673755437	0.485258579024	0.392460125665	0.445142580957	0.478492025133	0.71290478492	0.663605606573	0.475108748188	0.53939101015	0.49299178347	0.585790236829	0.537457709038	0.716288061866	0.699371677139	0.59255679072	0.546157564041	0.507491541808	0.65732237796	0.615273078782	0.678105364911	0.640405993233	0.604639922668	0.632189463509	0.519574673755	0.526824552924	0.521024649589	0.511841469309	0.531657805703	0.620106331561	0.538907684872	0.64572257129	0.497341710971	0.59497341711
AB7	0.876268728855	0.88883518608	0.737554374094	0.736587723538	0.878685355244	0.926534557757	0.933784436926	0.934267762204	0.913484775254	0.930884485259	0.955534074432	0.884968583857	0.931367810536	0.709521507975	0.926534557757	0.87723537941	0.923151280812	0.922184630256	0.0	0.408409859836	0.807636539391	0.836636056066	0.931367810536	0.927501208313	0.741420976317	0.817303044949	0.88883518608	0.864185596907	0.739004349928	0.686321894635	0.889801836636	0.896568390527	0.922667955534	0.936201063316	0.942484291928	0.939101014983	0.945867568874	0.910101498308	0.951184146931	0.933301111648	0.932334461092	0.869502174964	0.869985500242	0.903818269696	0.954084098598	0.947317544708	0.929917834703	0.927984533591	0.931367810536	0.928467858869	0.934267762204	0.922667955534	0.916384726921	0.916868052199	0.919768003867	0.914934751087	0.918318028033	0.915418076365	0.922667955534	0.934751087482	0.94683421943	0.934751087482
AB8	0.705654905752	0.708071532141	0.757854035766	0.565973900435	0.750120831319	0.737071048816	0.749637506042	0.746737554374	0.728854519091	0.747220879652	0.773320444659	0.709521507975	0.747220879652	0.681005316578	0.750120831319	0.704204929918	0.751087481875	0.747220879652	0.408409859836	0.0	0.638472692122	0.656839052682	0.742387626873	0.740937651039	0.73852102465	0.638472692122	0.696471725471	0.66892218463	0.538907684872	0.493475108748	0.723537941034	0.722571290478	0.740454325761	0.749637506042	0.815853069116	0.765587240213	0.757854035766	0.721121314645	0.757854035766	0.73852102465	0.73610439826	0.704688255196	0.698888351861	0.717254712421	0.773320444659	0.764137264379	0.811503141614	0.761237312711	0.792170130498	0.765103914935	0.758820686322	0.782020299662	0.743354277429	0.742387626873	0.74528757854	0.741904301595	0.739971000483	0.771870468826	0.739487675205	0.764620589657	0.759787336878	0.752537457709
AC7	0.628322861286	0.660222329628	0.894151764137	0.663605606573	0.743837602707	0.614789753504	0.718704688255	0.581440309328	0.555824069599	0.65732237796	0.593040115998	0.683421942968	0.678588690188	0.813436442726	0.709521507975	0.640405993233	0.588206863219	0.585306911551	0.807636539391	0.638472692122	0.0	0.377477042049	0.56935717738	0.57177380377	0.827452875785	0.59255679072	0.542290961817	0.514741420976	0.491541807637	0.500724987917	0.580473658772	0.550024166264	0.559207346544	0.594006766554	0.816819719671	0.765103914935	0.637022716288	0.633639439343	0.610439826003	0.71290478492	0.673755437409	0.713388110198	0.703238279362	0.661188980184	0.643789270179	0.609956500725	0.818269695505	0.762687288545	0.814403093282	0.79168680522	0.7593040116	0.790720154664	0.698888351861	0.686321894635	0.676655389077	0.679555340744	0.669888835186	0.790720154664	0.678105364911	0.778153697438	0.630739487675	0.746737554374
AC8	0.580473658772	0.568390526825	0.909134847753	0.616723054616	0.675205413243	0.545190913485	0.688255195747	0.497825036249	0.466408893185	0.581923634606	0.538424359594	0.61333977767	0.596423392943	0.827452875785	0.624456259062	0.56259062349	0.491541807637	0.480425326245	0.836636056066	0.656839052682	0.377477042049	0.0	0.493958434026	0.490575157081	0.829386176897	0.547607539874	0.389560173997	0.374093765104	0.420976317061	0.479458675689	0.527307878202	0.47462542291	0.469308844853	0.499758337361	0.739004349928	0.686805219913	0.541807636539	0.550507491542	0.542290961817	0.628322861286	0.584823586274	0.674722087965	0.655389076849	0.59255679072	0.569840502658	0.528757854036	0.732721121315	0.675688738521	0.732721121315	0.71532141131	0.675688738521	0.702754954084	0.615273078782	0.602706621556	0.597390043499	0.595456742388	0.582890285162	0.702271628806	0.603189946834	0.703238279362	0.54857419043	0.655389076849
AD7	0.585306911551	0.59497341711	0.9584340261	0.660222329628	0.728854519091	0.542774287095	0.690188496858	0.520057999033	0.482841952634	0.597873368777	0.46302561624	0.655872402127	0.615273078782	0.875302078299	0.6389560174	0.586756887385	0.504108264862	0.487191880135	0.931367810536	0.742387626873	0.56935717738	0.493958434026	0.0	0.28709521508	0.891735137748	0.518124697922	0.431126147898	0.470758820686	0.506524891252	0.570807153214	0.50700821653	0.475108748188	0.493958434026	0.532141130981	0.758337361044	0.702754954084	0.512324794587	0.572257129048	0.546640889319	0.647172547124	0.603673272112	0.714354760754	0.693571773804	0.624456259062	0.564523924601	0.547124214596	0.750604156597	0.689221846303	0.751570807153	0.727887868536	0.687771870469	0.713871435476	0.625422909618	0.616239729338	0.603673272112	0.616723054616	0.59255679072	0.711454809087	0.607056549058	0.714838086032	0.570807153214	0.664572257129
AD8	0.587723537941	0.581923634606	0.956500724988	0.640889318511	0.704688255196	0.515708071532	0.688738521025	0.502658289029	0.462058965684	0.587723537941	0.443692605123	0.630256162397	0.596906718221	0.876752054132	0.630739487675	0.584823586274	0.491058482359	0.470758820686	0.927501208313	0.740937651039	0.57177380377	0.490575157081	0.28709521508	0.0	0.86805219913	0.497825036249	0.425809569841	0.46060898985	0.481875302078	0.559207346544	0.496375060416	0.476075398743	0.48622522958	0.523441275979	0.743837602707	0.684871918801	0.488158530691	0.552440792653	0.534074432093	0.625906234896	0.580473658772	0.718704688255	0.695988400193	0.60657322378	0.555824069599	0.540357660706	0.734654422426	0.67133881102	0.732237796037	0.70372160464	0.667955534074	0.695988400193	0.610923151281	0.598356694055	0.587723537941	0.597390043499	0.582890285162	0.696955050749	0.600773320445	0.688255195747	0.55775737071	0.64572257129
AE7	0.841952634123	0.87046882552	0.853552440793	0.798453359111	0.840985983567	0.885935234413	0.911551474142	0.904301594973	0.877718704688	0.906234896085	0.920251329145	0.852585790237	0.889318511358	0.82406959884	0.901884968584	0.851135814403	0.872885451909	0.863218946351	0.741420976317	0.73852102465	0.827452875785	0.829386176897	0.891735137748	0.86805219913	0.0	0.551474142098	0.864668922185	0.855002416626	0.766553890768	0.752054132431	0.838086031899	0.83566940551	0.894635089415	0.901884968584	0.927017883035	0.920734654422	0.919284678589	0.890768487192	0.923151280812	0.886418559691	0.895118414693	0.876268728855	0.869502174964	0.877718704688	0.931851135814	0.921701304978	0.894635089415	0.907201546641	0.907201546641	0.889318511358	0.90285161914	0.896085065249	0.891735137748	0.893668438859	0.90285161914	0.886901884969	0.898018366361	0.883518608023	0.90285161914	0.911068148864	0.912518124698	0.906234896085
AE8	0.605606573224	0.607056549058	0.895118414693	0.633639439343	0.680038666022	0.576123731271	0.672788786854	0.595456742388	0.585790236829	0.616723054616	0.613823102948	0.622522957951	0.638472692122	0.816819719671	0.669888835186	0.605123247946	0.591590140164	0.580473658772	0.817303044949	0.638472692122	0.59255679072	0.547607539874	0.518124697922	0.497825036249	0.551474142098	0.0	0.562107298212	0.555824069599	0.521507974867	0.509424842919	0.56935717738	0.552924117931	0.597873368777	0.600773320445	0.762203963267	0.710004833253	0.619623006283	0.59497341711	0.623489608507	0.646205896568	0.61575640406	0.675205413243	0.667955534074	0.614789753504	0.626389560174	0.621556307395	0.745770903818	0.695988400193	0.747220879652	0.707588206863	0.695988400193	0.716771387144	0.638472692122	0.63653939101	0.637989366844	0.629772837119	0.62735621073	0.704688255196	0.658289028516	0.708554857419	0.609473175447	0.65973900435
AF7	0.554857419043	0.538907684872	0.942000966651	0.623489608507	0.640405993233	0.487191880135	0.688738521025	0.443692605123	0.398743354277	0.58337361044	0.438376027066	0.572257129048	0.531657805703	0.859352344128	0.623006283229	0.549057515708	0.434509424843	0.430159497342	0.88883518608	0.696471725471	0.542290961817	0.389560173997	0.431126147898	0.425809569841	0.864668922185	0.562107298212	0.0	0.320444659256	0.458192363461	0.52779120348	0.485741904302	0.464475592073	0.413243112615	0.455292411793	0.69212179797	0.635572740454	0.445625906235	0.51619139681	0.484775253746	0.59497341711	0.532141130981	0.694055099082	0.677622039633	0.552440792653	0.515708071532	0.478008699855	0.661188980184	0.607539874335	0.67133881102	0.654422426293	0.610439826003	0.630256162397	0.546640889319	0.533107781537	0.526341227646	0.532141130981	0.54857419043	0.628322861286	0.551474142098	0.646689221846	0.494441759304	0.584340260996
AF8	0.561623972934	0.558240695988	0.929917834703	0.621556307395	0.677622039633	0.524407926535	0.69212179797	0.485258579024	0.459159014016	0.585306911551	0.505074915418	0.614306428226	0.586756887385	0.847752537458	0.636056065732	0.553407443209	0.468342194297	0.463992266796	0.864185596907	0.66892218463	0.514741420976	0.374093765104	0.470758820686	0.46060898985	0.855002416626	0.555824069599	0.320444659256	0.0	0.432092798453	0.499758337361	0.514258095698	0.465925567907	0.456259062349	0.501208313195	0.72450459159	0.673272112131	0.501208313195	0.530691155147	0.524407926535	0.601739971	0.561140647656	0.67133881102	0.650072498792	0.570807153214	0.560657322378	0.526341227646	0.694055099082	0.640889318511	0.706138231029	0.687288545191	0.640889318511	0.659255679072	0.580473658772	0.569840502658	0.565490575157	0.566940550991	0.554857419043	0.660705654906	0.575157080715	0.681488641856	0.515708071532	0.622522957951
AG7	0.597390043499	0.590140164331	0.840502658289	0.545674238763	0.678588690188	0.546157564041	0.683421942968	0.510874818753	0.468825519575	0.587240212663	0.532141130981	0.610923151281	0.619139681005	0.761720637989	0.660705654906	0.584823586274	0.515224746254	0.506524891252	0.739004349928	0.538907684872	0.491541807637	0.420976317061	0.506524891252	0.481875302078	0.766553890768	0.521507974867	0.458192363461	0.432092798453	0.0	0.331561140648	0.543257612373	0.507974867086	0.496858385694	0.545190913485	0.743837602707	0.685355244079	0.529241179314	0.547607539874	0.545190913485	0.633639439343	0.596423392943	0.661188980184	0.644755920735	0.579507008217	0.58095698405	0.565490575157	0.734171097148	0.674722087965	0.726437892702	0.708554857419	0.671822136298	0.700338327695	0.614306428226	0.614789753504	0.61575640406	0.603673272112	0.607056549058	0.697921701305	0.628806186564	0.69453842436	0.578057032383	0.64813919768
AG8	0.606089898502	0.617206379894	0.827452875785	0.574673755437	0.693088448526	0.579507008217	0.672788786854	0.564040599323	0.548090865152	0.602706621556	0.604639922668	0.637022716288	0.6389560174	0.746254229096	0.670855485742	0.60415659739	0.585306911551	0.574673755437	0.686321894635	0.493475108748	0.500724987917	0.479458675689	0.570807153214	0.559207346544	0.752054132431	0.509424842919	0.52779120348	0.499758337361	0.331561140648	0.0	0.57177380377	0.557274045433	0.567907201547	0.58095698405	0.769937167714	0.709038182697	0.600289995167	0.574190430159	0.597390043499	0.649105848236	0.610439826003	0.666505558241	0.653939101015	0.617689705172	0.625422909618	0.605123247946	0.767520541324	0.700821652972	0.75688738521	0.734171097148	0.704688255196	0.729337844369	0.642339294345	0.64813919768	0.65055582407	0.641855969067	0.635572740454	0.728371193813	0.666022232963	0.714354760754	0.61575640406	0.683421942968
AH7	0.603673272112	0.627839536008	0.952634122765	0.692605123248	0.706621556307	0.593523441276	0.711454809087	0.565490575157	0.528274528758	0.632189463509	0.527307878202	0.654422426293	0.645239246013	0.883518608023	0.684388593523	0.601256645723	0.529241179314	0.485258579024	0.889801836636	0.723537941034	0.580473658772	0.527307878202	0.50700821653	0.496375060416	0.838086031899	0.56935717738	0.485741904302	0.514258095698	0.543257612373	0.57177380377	0.0	0.329144514258	0.570323827936	0.608989850169	0.787336877719	0.734171097148	0.55099081682	0.623489608507	0.60657322378	0.664572257129	0.634122764621	0.752054132431	0.747220879652	0.676172063799	0.6389560174	0.616239729338	0.758337361044	0.713871435476	0.776220396327	0.735621072982	0.710488158531	0.735621072982	0.634122764621	0.634122764621	0.62493958434	0.626389560174	0.614789753504	0.731271145481	0.641372643789	0.734171097148	0.616723054616	0.704688255196
AH8	0.562107298212	0.585306911551	0.952150797487	0.654905751571	0.673272112131	0.536491058482	0.688255195747	0.510391493475	0.482358627356	0.590140164331	0.50459159014	0.614789753504	0.586756887385	0.868535524408	0.635089415176	0.559690671822	0.425326244563	0.392460125665	0.896568390527	0.722571290478	0.550024166264	0.47462542291	0.475108748188	0.476075398743	0.83566940551	0.552924117931	0.464475592073	0.465925567907	0.507974867086	0.557274045433	0.329144514258	0.0	0.502658289029	0.542290961817	0.75688738521	0.701788303528	0.528757854036	0.573707104882	0.551474142098	0.618656355727	0.589173513775	0.714354760754	0.695505074915	0.62735621073	0.584823586274	0.551474142098	0.713388110198	0.663122281295	0.72692121798	0.684388593523	0.660222329628	0.683905268246	0.594006766554	0.588206863219	0.577573707105	0.579507008217	0.561623972934	0.68293861769	0.579990333494	0.689221846303	0.556790720155	0.652972450459
AA5	0.584340260996	0.519574673755	0.960367327211	0.623489608507	0.605606573224	0.467375543741	0.627839536008	0.415176413726	0.409376510391	0.523924601257	0.447075882069	0.532624456259	0.545190913485	0.86805219913	0.549540840986	0.552440792653	0.431126147898	0.445142580957	0.922667955534	0.740454325761	0.559207346544	0.469308844853	0.493958434026	0.48622522958	0.894635089415	0.597873368777	0.413243112615	0.456259062349	0.496858385694	0.567907201547	0.570323827936	0.502658289029	0.0	0.335427742871	0.6805219913	0.605123247946	0.478492025133	0.436926051232	0.473175447076	0.539874335428	0.48380860319	0.616723054616	0.59255679072	0.480425326245	0.513291445143	0.457709038183	0.699371677139	0.63653939101	0.679555340744	0.65973900435	0.644272595457	0.670855485742	0.540840985984	0.559690671822	0.552924117931	0.538907684872	0.544224262929	0.659255679072	0.555340744321	0.641855969067	0.508458192363	0.611406476559
AA6	0.590140164331	0.51377477042	0.967133881102	0.625906234896	0.624456259062	0.46979217013	0.643789270179	0.436926051232	0.439342677622	0.541324311261	0.487191880135	0.555340744321	0.531657805703	0.874335427743	0.572257129048	0.55099081682	0.465442242629	0.478492025133	0.936201063316	0.749637506042	0.594006766554	0.499758337361	0.532141130981	0.523441275979	0.901884968584	0.600773320445	0.455292411793	0.501208313195	0.545190913485	0.58095698405	0.608989850169	0.542290961817	0.335427742871	0.0	0.677138714355	0.597390043499	0.508941517641	0.477525374577	0.471242145964	0.560657322378	0.485741904302	0.658772353794	0.63653939101	0.516674722088	0.463992266796	0.413243112615	0.688738521025	0.628322861286	0.670855485742	0.65055582407	0.636056065732	0.660222329628	0.535524407927	0.55099081682	0.547607539874	0.537941034316	0.534557757371	0.650072498792	0.558240695988	0.637022716288	0.513291445143	0.60415659739
AB5	0.739487675205	0.667955534074	0.974867085549	0.71532141131	0.616239729338	0.634606089899	0.743837602707	0.648622522958	0.671822136298	0.699855002417	0.676172063799	0.607539874335	0.654905751571	0.895118414693	0.719188013533	0.708071532141	0.70372160464	0.71290478492	0.942484291928	0.815853069116	0.816819719671	0.739004349928	0.758337361044	0.743837602707	0.927017883035	0.762203963267	0.69212179797	0.72450459159	0.743837602707	0.769937167714	0.787336877719	0.75688738521	0.6805219913	0.677138714355	0.0	0.335427742871	0.625422909618	0.665055582407	0.634122764621	0.635572740454	0.614306428226	0.737554374094	0.736587723538	0.654422426293	0.625906234896	0.624456259062	0.617689705172	0.620589656839	0.633156114065	0.609473175447	0.632672788787	0.617689705172	0.604639922668	0.602706621556	0.620106331561	0.635089415176	0.681005316578	0.60415659739	0.656839052682	0.619623006283	0.679072015466	0.614789753504
AB6	0.687288545191	0.601256645723	0.971483808603	0.652972450459	0.581923634606	0.565490575157	0.675688738521	0.570323827936	0.605606573224	0.625906234896	0.624456259062	0.531657805703	0.607539874335	0.888351860802	0.645239246013	0.649589173514	0.649589173514	0.663605606573	0.939101014983	0.765587240213	0.765103914935	0.686805219913	0.702754954084	0.684871918801	0.920734654422	0.710004833253	0.635572740454	0.673272112131	0.685355244079	0.709038182697	0.734171097148	0.701788303528	0.605123247946	0.597390043499	0.335427742871	0.0	0.578540357661	0.582890285162	0.581440309328	0.573707104882	0.547607539874	0.66892218463	0.664572257129	0.555340744321	0.559207346544	0.551474142098	0.583856935718	0.535041082649	0.576123731271	0.547124214596	0.550024166264	0.55775737071	0.546640889319	0.559690671822	0.576123731271	0.582406959884	0.610439826003	0.541324311261	0.597873368777	0.538424359594	0.630256162397	0.529724504592
AC5	0.613823102948	0.572257129048	0.977767037216	0.642822619623	0.616723054616	0.473658772354	0.679555340744	0.455292411793	0.429192846786	0.574190430159	0.421459642339	0.543740937651	0.547607539874	0.886901884969	0.637989366844	0.59497341711	0.481875302078	0.475108748188	0.945867568874	0.757854035766	0.637022716288	0.541807636539	0.512324794587	0.488158530691	0.919284678589	0.619623006283	0.445625906235	0.501208313195	0.529241179314	0.600289995167	0.55099081682	0.528757854036	0.478492025133	0.508941517641	0.625422909618	0.578540357661	0.0	0.434026099565	0.457709038183	0.571290478492	0.522474625423	0.708554857419	0.684388593523	0.561140647656	0.476558724021	0.466408893185	0.601739971	0.566940550991	0.626389560174	0.585306911551	0.565973900435	0.585790236829	0.505558240696	0.499758337361	0.49540840986	0.511841469309	0.576607056549	0.584340260996	0.576123731271	0.564523924601	0.525857902368	0.543740937651
AC6	0.622039632673	0.521507974867	0.957467375544	0.613823102948	0.570323827936	0.503141614306	0.53939101015	0.462058965684	0.500241662639	0.461092315128	0.52779120348	0.521507974867	0.55099081682	0.857419043016	0.534557757371	0.579990333494	0.534074432093	0.53939101015	0.910101498308	0.721121314645	0.633639439343	0.550507491542	0.572257129048	0.552440792653	0.890768487192	0.59497341711	0.51619139681	0.530691155147	0.547607539874	0.574190430159	0.623489608507	0.573707104882	0.436926051232	0.477525374577	0.665055582407	0.582890285162	0.434026099565	0.0	0.505558240696	0.519091348478	0.480908651522	0.487191880135	0.458675688739	0.428709521508	0.555824069599	0.536491058482	0.671822136298	0.625422909618	0.662155630739	0.634606089899	0.632672788787	0.653939101015	0.567907201547	0.581923634606	0.577573707105	0.563073948768	0.552440792653	0.646689221846	0.574190430159	0.619623006283	0.551474142098	0.600289995167
AD6	0.597873368777	0.552924117931	0.97680038666	0.613823102948	0.596423392943	0.44224262929	0.635089415176	0.425326244563	0.451909134848	0.544224262929	0.444175930401	0.522957950701	0.517158047366	0.886418559691	0.603673272112	0.561140647656	0.479942000967	0.49299178347	0.951184146931	0.757854035766	0.610439826003	0.542290961817	0.546640889319	0.534074432093	0.923151280812	0.623489608507	0.484775253746	0.524407926535	0.545190913485	0.597390043499	0.60657322378	0.551474142098	0.473175447076	0.471242145964	0.634122764621	0.581440309328	0.457709038183	0.505558240696	0.0	0.543740937651	0.423392943451	0.694055099082	0.675688738521	0.561140647656	0.463508941518	0.44900918318	0.623489608507	0.556307394877	0.598356694055	0.583856935718	0.564523924601	0.587240212663	0.489125181247	0.479942000967	0.48380860319	0.471725471242	0.552924117931	0.586273562107	0.549540840986	0.574673755437	0.478975350411	0.536007733204
AE5	0.607056549058	0.519091348478	0.97680038666	0.607056549058	0.54857419043	0.519091348478	0.595456742388	0.535041082649	0.58337361044	0.533107781537	0.599806669889	0.48622522958	0.567423876269	0.880618656356	0.555340744321	0.568873852102	0.586756887385	0.585790236829	0.933301111648	0.73852102465	0.71290478492	0.628322861286	0.647172547124	0.625906234896	0.886418559691	0.646205896568	0.59497341711	0.601739971	0.633639439343	0.649105848236	0.664572257129	0.618656355727	0.539874335428	0.560657322378	0.635572740454	0.573707104882	0.571290478492	0.519091348478	0.543740937651	0.0	0.345094248429	0.61333977767	0.594006766554	0.516674722088	0.611889801837	0.605123247946	0.653455775737	0.620589656839	0.642822619623	0.609473175447	0.621072982117	0.634606089899	0.536491058482	0.554374093765	0.58337361044	0.548090865152	0.555824069599	0.626872885452	0.55099081682	0.611406476559	0.55775737071	0.598840019333
AE6	0.597390043499	0.485741904302	0.97680038666	0.60415659739	0.555824069599	0.461092315128	0.573223779604	0.468825519575	0.515224746254	0.498308361527	0.532141130981	0.49299178347	0.519091348478	0.879168680522	0.554374093765	0.543257612373	0.531174480425	0.537457709038	0.932334461092	0.73610439826	0.673755437409	0.584823586274	0.603673272112	0.580473658772	0.895118414693	0.61575640406	0.532141130981	0.561140647656	0.596423392943	0.610439826003	0.634122764621	0.589173513775	0.48380860319	0.485741904302	0.614306428226	0.547607539874	0.522474625423	0.480908651522	0.423392943451	0.345094248429	0.0	0.637506041566	0.616239729338	0.490091831803	0.541807636539	0.537941034316	0.632672788787	0.582890285162	0.614789753504	0.590623489609	0.596423392943	0.614306428226	0.48622522958	0.504108264862	0.510391493475	0.482358627356	0.514741420976	0.603189946834	0.527307878202	0.584340260996	0.501208313195	0.558724021266
AF5	0.703238279362	0.640405993233	0.936684388594	0.659255679072	0.653939101015	0.675688738521	0.564523924601	0.646205896568	0.684388593523	0.568390526825	0.714354760754	0.623006283229	0.673272112131	0.846785886902	0.612373127115	0.674238762687	0.71532141131	0.716288061866	0.869502174964	0.704688255196	0.713388110198	0.674722087965	0.714354760754	0.718704688255	0.876268728855	0.675205413243	0.694055099082	0.67133881102	0.661188980184	0.666505558241	0.752054132431	0.714354760754	0.616723054616	0.658772353794	0.737554374094	0.66892218463	0.708554857419	0.487191880135	0.694055099082	0.61333977767	0.637506041566	0.0	0.272595456742	0.521024649589	0.716771387144	0.707588206863	0.761237312711	0.728371193813	0.762687288545	0.723537941034	0.740454325761	0.751570807153	0.691638472692	0.71290478492	0.721604639923	0.699371677139	0.677138714355	0.743837602707	0.676172063799	0.711938134364	0.708554857419	0.714354760754
AF6	0.687288545191	0.608989850169	0.938617689705	0.649105848236	0.646205896568	0.655389076849	0.541324311261	0.628322861286	0.66892218463	0.556790720155	0.700338327695	0.608506524891	0.650072498792	0.843885935234	0.577090381827	0.653455775737	0.696955050749	0.699371677139	0.869985500242	0.698888351861	0.703238279362	0.655389076849	0.693571773804	0.695988400193	0.869502174964	0.667955534074	0.677622039633	0.650072498792	0.644755920735	0.653939101015	0.747220879652	0.695505074915	0.59255679072	0.63653939101	0.736587723538	0.664572257129	0.684388593523	0.458675688739	0.675688738521	0.594006766554	0.616239729338	0.272595456742	0.0	0.501208313195	0.705654905752	0.686805219913	0.750120831319	0.707588206863	0.736587723538	0.698405026583	0.711454809087	0.730787820203	0.672788786854	0.68970517158	0.693088448526	0.682455292412	0.651522474625	0.726437892702	0.652005799903	0.693571773804	0.68970517158	0.688738521025
