	AA3	AA4	AB3	AB4	AC3	AC4	AD3	AD4	AE3	AE4	AF3	AF4	AG3	AG4	AH3	AH4	AA7	AA8	AB7	AB8	AC7	AC8	AD7	AD8	AE7	AE8	AF7	AF8	AG7	AG8	AH7	AH8	AA5	AA6	AB5	AB6	AC5	AC6	AD6	AE5	AE6	AF5	AF6	AG5	AH5	AH6	AA1	AA2	AB1	AB2	AC1	AC2	AD1	AD2	AE1	AE2	AF1	AF2	AG1	AG2	AH1	AH2
AA3	0.0	0.493475108748	0.937167713871	0.65055582407	0.657805703238	0.596423392943	0.670372160464	0.595940067666	0.577090381827	0.626389560174	0.618173030449	0.616239729338	0.589173513775	0.842919284679	0.643789270179	0.340744320928	0.569840502658	0.573707104882	0.86805219913	0.719188013533	0.626389560174	0.579023682939	0.596906718221	0.595456742388	0.838086031899	0.594490091832	0.576607056549	0.571290478492	0.593040115998	0.603673272112	0.596906718221	0.568390526825	0.599806669889	0.600289995167	0.748187530208	0.681005316578	0.609956500725	0.649105848236	0.622039632673	0.633639439343	0.622039632673	0.717738037699	0.701788303528	0.630739487675	0.635089415176	0.631706138231	0.688738521025	0.664572257129	0.730304494925	0.673272112131	0.640889318511	0.648622522958	0.582406959884	0.573223779604	0.583856935718	0.577573707105	0.586273562107	0.662155630739	0.590140164331	0.687771870469	0.603189946834	0.663122281295
AA4	0.493475108748	0.0	0.94683421943	0.597390043499	0.566940550991	0.507491541808	0.597873368777	0.494925084582	0.512324794587	0.515224746254	0.561140647656	0.512808119865	0.492508458192	0.851619139681	0.366843885935	0.352827452876	0.53939101015	0.538907684872	0.891735137748	0.729821169647	0.658289028516	0.581923634606	0.578057032383	0.586273562107	0.877718704688	0.621556307395	0.556790720155	0.562107298212	0.602706621556	0.622522957951	0.629289511841	0.593523441276	0.5186080232	0.527307878202	0.667472208797	0.59497341711	0.579023682939	0.535524407927	0.542774287095	0.534074432093	0.507491541808	0.629772837119	0.60415659739	0.523441275979	0.596906718221	0.585306911551	0.654905751571	0.602706621556	0.656839052682	0.608023199613	0.599806669889	0.625906234896	0.52779120348	0.52779120348	0.535041082649	0.529724504592	0.493958434026	0.614789753504	0.507491541808	0.608506524891	0.529724504592	0.587723537941
AB3	0.937167713871	0.94683421943	0.0	0.660222329628	0.920251329145	0.955534074432	0.950700821653	0.943450942484	0.931367810536	0.948284195263	0.972450459159	0.936201063316	0.964717254712	0.356694055099	0.960850652489	0.941034316095	0.969550507492	0.966650555824	0.739971000483	0.757854035766	0.891735137748	0.918801353311	0.955534074432	0.948767520541	0.849202513291	0.894635089415	0.944900918318	0.927501208313	0.848235862736	0.83566940551	0.954567423876	0.95360077332	0.957467375544	0.960367327211	0.972450459159	0.962783953601	0.973417109715	0.954567423876	0.974383760271	0.973900434993	0.972450459159	0.942000966651	0.936201063316	0.94683421943	0.97680038666	0.971967133881	0.973417109715	0.970517158047	0.970033832769	0.971967133881	0.972933784437	0.971483808603	0.974867085549	0.974867085549	0.97921701305	0.974383760271	0.971967133881	0.970033832769	0.972450459159	0.973417109715	0.975350410826	0.971967133881
AB4	0.65055582407	0.597390043499	0.660222329628	0.0	0.630256162397	0.628806186564	0.68970517158	0.62493958434	0.623006283229	0.626389560174	0.652972450459	0.612856452392	0.50459159014	0.549057515708	0.613823102948	0.599323344611	0.643789270179	0.646205896568	0.722571290478	0.572740454326	0.658289028516	0.639922667956	0.664572257129	0.660705654906	0.799420009667	0.651039149348	0.663605606573	0.637506041566	0.566940550991	0.589656839053	0.701788303528	0.670372160464	0.644755920735	0.656839052682	0.727404543258	0.666022232963	0.663605606573	0.643305944901	0.63653939101	0.652489125181	0.63653939101	0.669405509908	0.659255679072	0.632189463509	0.690188496858	0.682455292412	0.697921701305	0.67133881102	0.701788303528	0.67133881102	0.672305461576	0.665055582407	0.643305944901	0.644272595457	0.658289028516	0.645239246013	0.642339294345	0.667955534074	0.640889318511	0.671822136298	0.654905751571	0.660222329628
AC3	0.657805703238	0.566940550991	0.920251329145	0.630256162397	0.0	0.494925084582	0.625906234896	0.541807636539	0.555340744321	0.572740454326	0.620106331561	0.328177863702	0.595456742388	0.832286128565	0.584823586274	0.591590140164	0.61333977767	0.607056549058	0.873368777187	0.744804253262	0.717738037699	0.678105364911	0.706138231029	0.706621556307	0.841952634123	0.687288545191	0.656839052682	0.666505558241	0.66892218463	0.687771870469	0.70130497825	0.662155630739	0.584340260996	0.629289511841	0.620589656839	0.585790236829	0.623489608507	0.561140647656	0.580473658772	0.53939101015	0.545190913485	0.641372643789	0.6389560174	0.549540840986	0.644755920735	0.634606089899	0.596906718221	0.588206863219	0.589656839053	0.582406959884	0.59255679072	0.582890285162	0.526341227646	0.553407443209	0.574673755437	0.555824069599	0.608023199613	0.575640405993	0.603189946834	0.608023199613	0.607056549058	0.590140164331
AC4	0.596423392943	0.507491541808	0.955534074432	0.628806186564	0.494925084582	0.0	0.619139681005	0.410343160947	0.411309811503	0.517158047366	0.351377477042	0.404059932334	0.496375060416	0.863218946351	0.561140647656	0.524891251812	0.471242145964	0.470758820686	0.920251329145	0.755437409377	0.595940067666	0.541807636539	0.519091348478	0.5186080232	0.889801836636	0.589173513775	0.494925084582	0.517158047366	0.533107781537	0.56259062349	0.575640405993	0.523441275979	0.454325761237	0.475108748188	0.632189463509	0.551474142098	0.462542290962	0.503624939584	0.440309328178	0.556307394877	0.481875302078	0.672305461576	0.654905751571	0.515708071532	0.490575157081	0.486708554857	0.641372643789	0.593040115998	0.617206379894	0.58095698405	0.578057032383	0.60415659739	0.491058482359	0.487675205413	0.517641372644	0.506041565974	0.546157564041	0.603673272112	0.555340744321	0.584823586274	0.479942000967	0.571290478492
AD3	0.670372160464	0.597873368777	0.950700821653	0.68970517158	0.625906234896	0.619139681005	0.0	0.525857902368	0.641372643789	0.36346060899	0.672788786854	0.595940067666	0.639439342678	0.865152247463	0.582890285162	0.621072982117	0.681488641856	0.682455292412	0.937167713871	0.778637022716	0.707588206863	0.688255195747	0.684871918801	0.684871918801	0.913968100532	0.677138714355	0.68970517158	0.688255195747	0.685355244079	0.679555340744	0.708071532141	0.686321894635	0.625422909618	0.648622522958	0.73610439826	0.65732237796	0.671822136298	0.550024166264	0.631222812953	0.581923634606	0.580473658772	0.579023682939	0.544224262929	0.538424359594	0.696955050749	0.687771870469	0.764620589657	0.721604639923	0.751087481875	0.722087965201	0.70130497825	0.730304494925	0.651039149348	0.664088931851	0.66892218463	0.656839052682	0.62493958434	0.724987916868	0.649105848236	0.714354760754	0.683421942968	0.715804736588
AD4	0.595940067666	0.494925084582	0.943450942484	0.62493958434	0.541807636539	0.410343160947	0.525857902368	0.0	0.318511358144	0.400676655389	0.42822619623	0.480425326245	0.495891735138	0.855969067182	0.522474625423	0.52779120348	0.456742387627	0.450942484292	0.931367810536	0.764137264379	0.581440309328	0.501208313195	0.479458675689	0.489608506525	0.904784920251	0.605606573224	0.444659255679	0.475592073465	0.509424842919	0.547607539874	0.55099081682	0.495891735138	0.371677138714	0.435959400677	0.659255679072	0.568390526825	0.452392460126	0.468825519575	0.433059449009	0.547124214596	0.471242145964	0.62735621073	0.614306428226	0.478008699855	0.498791686805	0.490091831803	0.670855485742	0.623972933784	0.656355727405	0.62735621073	0.611889801837	0.639922667956	0.521507974867	0.516674722088	0.542774287095	0.529724504592	0.537941034316	0.631706138231	0.548090865152	0.623006283229	0.50459159014	0.60657322378
AE3	0.577090381827	0.512324794587	0.931367810536	0.623006283229	0.555340744321	0.411309811503	0.641372643789	0.318511358144	0.0	0.515224746254	0.417593040116	0.50459159014	0.493958434026	0.847752537458	0.553890768487	0.53020782987	0.438859352344	0.434992750121	0.925567907202	0.75688738521	0.572257129048	0.487675205413	0.477525374577	0.485258579024	0.895118414693	0.595456742388	0.426776220396	0.464958917351	0.49540840986	0.538424359594	0.542774287095	0.492508458192	0.390526824553	0.444659255679	0.664572257129	0.576607056549	0.433059449009	0.517158047366	0.431126147898	0.600289995167	0.517641372644	0.674722087965	0.658289028516	0.524891251812	0.49299178347	0.477042049299	0.663122281295	0.609956500725	0.640405993233	0.613823102948	0.597873368777	0.626872885452	0.523924601257	0.507491541808	0.540840985984	0.523441275979	0.558724021266	0.628806186564	0.5601739971	0.610439826003	0.502658289029	0.592073465442
AE4	0.626389560174	0.515224746254	0.948284195263	0.626389560174	0.572740454326	0.517158047366	0.36346060899	0.400676655389	0.515224746254	0.0	0.571290478492	0.535524407927	0.563073948768	0.85886901885	0.538424359594	0.54857419043	0.580473658772	0.584823586274	0.927501208313	0.75688738521	0.644272595457	0.587723537941	0.588690188497	0.586273562107	0.90043499275	0.614306428226	0.585306911551	0.578057032383	0.579990333494	0.597390043499	0.634606089899	0.594490091832	0.531657805703	0.546640889319	0.688255195747	0.603189946834	0.572257129048	0.491541807637	0.531657805703	0.53020782987	0.514258095698	0.579507008217	0.553407443209	0.485741904302	0.604639922668	0.601256645723	0.717254712421	0.672305461576	0.708071532141	0.677622039633	0.666988883519	0.678588690188	0.587240212663	0.581923634606	0.599323344611	0.581440309328	0.569840502658	0.677138714355	0.589656839053	0.678588690188	0.576607056549	0.65973900435
AF3	0.618173030449	0.561140647656	0.972450459159	0.652972450459	0.620106331561	0.351377477042	0.672788786854	0.42822619623	0.417593040116	0.571290478492	0.0	0.535524407927	0.517641372644	0.883035282745	0.594006766554	0.574673755437	0.426776220396	0.425326244563	0.951667472209	0.784920251329	0.596423392943	0.53939101015	0.43064282262	0.432092798453	0.916868052199	0.621556307395	0.439342677622	0.480908651522	0.53697438376	0.575640405993	0.523441275979	0.489125181247	0.420009666506	0.491541807637	0.682455292412	0.611406476559	0.426776220396	0.540357660706	0.45142580957	0.610923151281	0.52779120348	0.709038182697	0.686805219913	0.550507491542	0.512808119865	0.507491541808	0.680038666022	0.625422909618	0.673755437409	0.623489608507	0.618173030449	0.642339294345	0.552924117931	0.519091348478	0.552440792653	0.541324311261	0.575157080715	0.643789270179	0.577090381827	0.622039632673	0.496858385694	0.605606573224
AF4	0.616239729338	0.512808119865	0.936201063316	0.612856452392	0.328177863702	0.404059932334	0.595940067666	0.480425326245	0.50459159014	0.535524407927	0.535524407927	0.0	0.541324311261	0.844369260512	0.544224262929	0.547607539874	0.568390526825	0.560657322378	0.884968583857	0.72450459159	0.685838569357	0.637022716288	0.642822619623	0.642822619623	0.848235862736	0.621556307395	0.599806669889	0.615273078782	0.618656355727	0.642822619623	0.657805703238	0.623006283229	0.537941034316	0.577573707105	0.620106331561	0.539874335428	0.575157080715	0.533591106815	0.524891251812	0.505558240696	0.504108264862	0.618656355727	0.614789753504	0.512808119865	0.595940067666	0.588690188497	0.605123247946	0.553890768487	0.592073465442	0.546640889319	0.559690671822	0.573707104882	0.484291928468	0.504108264862	0.536491058482	0.509908168197	0.565973900435	0.571290478492	0.55775737071	0.565490575157	0.544707588207	0.551957467376
AG3	0.589173513775	0.492508458192	0.964717254712	0.50459159014	0.595456742388	0.496375060416	0.639439342678	0.495891735138	0.493958434026	0.563073948768	0.517641372644	0.541324311261	0.0	0.848235862736	0.50700821653	0.515224746254	0.513291445143	0.505074915418	0.93523441276	0.771870468826	0.660222329628	0.590140164331	0.576123731271	0.593040115998	0.896568390527	0.62735621073	0.541324311261	0.566940550991	0.601739971	0.623006283229	0.629289511841	0.575640405993	0.51619139681	0.532624456259	0.656839052682	0.590140164331	0.529724504592	0.535041082649	0.50700821653	0.576607056549	0.500241662639	0.666505558241	0.652972450459	0.531657805703	0.56259062349	0.554374093765	0.618173030449	0.584823586274	0.62735621073	0.595940067666	0.581923634606	0.591590140164	0.523924601257	0.509908168197	0.531657805703	0.515708071532	0.542290961817	0.600289995167	0.540840985984	0.599323344611	0.485741904302	0.577573707105
AG4	0.842919284679	0.851619139681	0.356694055099	0.549057515708	0.832286128565	0.863218946351	0.865152247463	0.855969067182	0.847752537458	0.85886901885	0.883035282745	0.844369260512	0.848235862736	0.0	0.866602223296	0.843885935234	0.887868535524	0.885451909135	0.708071532141	0.676172063799	0.813436442726	0.835186080232	0.873368777187	0.869018849686	0.826002899952	0.818269695505	0.858385693572	0.839536007733	0.761237312711	0.732237796037	0.875785403577	0.869018849686	0.87046882552	0.870952150797	0.896085065249	0.880618656356	0.885451909135	0.862252295795	0.883518608023	0.880135331078	0.878202029966	0.854519091348	0.850169163847	0.857902368294	0.891735137748	0.886901884969	0.884001933301	0.884001933301	0.884001933301	0.881101981634	0.885935234413	0.884485258579	0.890285161914	0.883518608023	0.887868535524	0.886901884969	0.887385210246	0.885451909135	0.884968583857	0.882068632189	0.890285161914	0.887868535524
AH3	0.643789270179	0.366843885935	0.960850652489	0.613823102948	0.584823586274	0.561140647656	0.582890285162	0.522474625423	0.553890768487	0.538424359594	0.594006766554	0.544224262929	0.50700821653	0.866602223296	0.0	0.495891735138	0.58337361044	0.591590140164	0.916868052199	0.760270662156	0.703238279362	0.637022716288	0.626872885452	0.636056065732	0.897535041083	0.682455292412	0.615273078782	0.62493958434	0.655872402127	0.66892218463	0.683421942968	0.644272595457	0.536007733204	0.566940550991	0.698405026583	0.620106331561	0.618173030449	0.524891251812	0.579023682939	0.548090865152	0.534074432093	0.601739971	0.566940550991	0.532624456259	0.639922667956	0.625422909618	0.686321894635	0.622522957951	0.658289028516	0.633639439343	0.626872885452	0.642339294345	0.58095698405	0.574673755437	0.584823586274	0.592073465442	0.544707588207	0.644755920735	0.547124214596	0.614306428226	0.574190430159	0.605123247946
AH4	0.340744320928	0.352827452876	0.941034316095	0.599323344611	0.591590140164	0.524891251812	0.621072982117	0.52779120348	0.53020782987	0.54857419043	0.574673755437	0.547607539874	0.515224746254	0.843885935234	0.495891735138	0.0	0.53697438376	0.538907684872	0.870952150797	0.716771387144	0.639439342678	0.57177380377	0.573223779604	0.576607056549	0.855002416626	0.599323344611	0.561623972934	0.557274045433	0.580473658772	0.603673272112	0.605606573224	0.565973900435	0.53939101015	0.544707588207	0.695505074915	0.613823102948	0.588206863219	0.572740454326	0.56259062349	0.571290478492	0.530691155147	0.658289028516	0.637506041566	0.5601739971	0.605606573224	0.589656839053	0.65973900435	0.608989850169	0.67133881102	0.615273078782	0.597390043499	0.620106331561	0.538424359594	0.532624456259	0.536007733204	0.528757854036	0.50700821653	0.616239729338	0.522474625423	0.629289511841	0.541807636539	0.60657322378
AA7	0.569840502658	0.53939101015	0.969550507492	0.643789270179	0.61333977767	0.471242145964	0.681488641856	0.456742387627	0.438859352344	0.580473658772	0.426776220396	0.568390526825	0.513291445143	0.887868535524	0.58337361044	0.53697438376	0.0	0.277912034799	0.921701304978	0.764137264379	0.593040115998	0.508458192363	0.451909134848	0.468342194297	0.872885451909	0.596423392943	0.43064282262	0.449975833736	0.520057999033	0.570323827936	0.498308361527	0.419526341228	0.424842919285	0.478008699855	0.708071532141	0.642822619623	0.46060898985	0.573707104882	0.480908651522	0.600289995167	0.541324311261	0.707588206863	0.688738521025	0.575640405993	0.530691155147	0.528757854036	0.673272112131	0.621072982117	0.676655389077	0.6389560174	0.598840019333	0.62493958434	0.531174480425	0.51377477042	0.545674238763	0.52779120348	0.546157564041	0.625906234896	0.540840985984	0.653939101015	0.504108264862	0.614789753504
AA8	0.573707104882	0.538907684872	0.966650555824	0.646205896568	0.607056549058	0.470758820686	0.682455292412	0.450942484292	0.434992750121	0.584823586274	0.425326244563	0.560657322378	0.505074915418	0.885451909135	0.591590140164	0.538907684872	0.277912034799	0.0	0.916868052199	0.754470758821	0.589656839053	0.501691638473	0.453359110681	0.468825519575	0.86563557274	0.589656839053	0.423392943451	0.446592556791	0.511841469309	0.565973900435	0.467375543741	0.388110198163	0.429676172064	0.477525374577	0.705654905752	0.638472692122	0.451909134848	0.567423876269	0.475108748188	0.600773320445	0.536007733204	0.71290478492	0.69212179797	0.566940550991	0.524407926535	0.519574673755	0.661672305462	0.607539874335	0.674238762687	0.626389560174	0.596906718221	0.616239729338	0.524407926535	0.505558240696	0.540840985984	0.518124697922	0.547124214596	0.619139681005	0.53939101015	0.640889318511	0.50459159014	0.605123247946
AB7	0.86805219913	0.891735137748	0.739971000483	0.722571290478	0.873368777187	0.920251329145	0.937167713871	0.931367810536	0.925567907202	0.927501208313	0.951667472209	0.884968583857	0.93523441276	0.708071532141	0.916868052199	0.870952150797	0.921701304978	0.916868052199	0.0	0.398743354277	0.825519574674	0.859352344128	0.928951184147	0.916868052199	0.73610439826	0.812953117448	0.898985016916	0.882551957467	0.740454325761	0.693088448526	0.884485258579	0.903818269696	0.925567907202	0.936201063316	0.943450942484	0.937651039149	0.949250845819	0.918801353311	0.946350894152	0.929917834703	0.93281778637	0.885935234413	0.878202029966	0.905268245529	0.95360077332	0.95360077332	0.926534557757	0.922184630256	0.933301111648	0.930884485259	0.927984533591	0.920734654422	0.9212179797	0.912518124698	0.914934751087	0.915901401643	0.928951184147	0.918318028033	0.924601256646	0.937651039149	0.947317544708	0.933784436926
AB8	0.719188013533	0.729821169647	0.757854035766	0.572740454326	0.744804253262	0.755437409377	0.778637022716	0.764137264379	0.75688738521	0.75688738521	0.784920251329	0.72450459159	0.771870468826	0.676172063799	0.760270662156	0.716771387144	0.764137264379	0.754470758821	0.398743354277	0.0	0.657805703238	0.685355244079	0.755437409377	0.744320927985	0.730787820203	0.64813919768	0.725471242146	0.710971483809	0.541324311261	0.534074432093	0.732721121315	0.739971000483	0.762687288545	0.769453842436	0.814403093282	0.777187046883	0.781053649106	0.751570807153	0.774287095215	0.764620589657	0.762687288545	0.739971000483	0.720637989367	0.73610439826	0.792653455776	0.790720154664	0.810536491058	0.762203963267	0.805703238279	0.769453842436	0.771870468826	0.771387143548	0.764137264379	0.757854035766	0.760270662156	0.760270662156	0.764620589657	0.772837119381	0.763170613823	0.782020299662	0.778153697438	0.770420492992
AC7	0.626389560174	0.658289028516	0.891735137748	0.658289028516	0.717738037699	0.595940067666	0.707588206863	0.581440309328	0.572257129048	0.644272595457	0.596423392943	0.685838569357	0.660222329628	0.813436442726	0.703238279362	0.639439342678	0.593040115998	0.589656839053	0.825519574674	0.657805703238	0.0	0.387626872885	0.573707104882	0.565007249879	0.82165297245	0.585790236829	0.55099081682	0.523924601257	0.482841952634	0.489125181247	0.575157080715	0.553890768487	0.565973900435	0.590623489609	0.80328661189	0.732237796037	0.629772837119	0.65055582407	0.617206379894	0.710971483809	0.669888835186	0.721121314645	0.688738521025	0.635572740454	0.617689705172	0.616239729338	0.813919768004	0.761237312711	0.80328661189	0.772837119381	0.743837602707	0.772353794103	0.687288545191	0.658772353794	0.689221846303	0.675688738521	0.671822136298	0.778637022716	0.6805219913	0.761720637989	0.632189463509	0.744804253262
AC8	0.579023682939	0.581923634606	0.918801353311	0.639922667956	0.678105364911	0.541807636539	0.688255195747	0.501208313195	0.487675205413	0.587723537941	0.53939101015	0.637022716288	0.590140164331	0.835186080232	0.637022716288	0.57177380377	0.508458192363	0.501691638473	0.859352344128	0.685355244079	0.387626872885	0.0	0.487191880135	0.492025132914	0.845335911068	0.563557274045	0.409376510391	0.38666022233	0.43740937651	0.478492025133	0.517641372644	0.481875302078	0.485258579024	0.509908168197	0.748187530208	0.67133881102	0.548090865152	0.595940067666	0.541324311261	0.64813919768	0.60415659739	0.683421942968	0.652972450459	0.590623489609	0.565490575157	0.558724021266	0.748187530208	0.695988400193	0.746737554374	0.713871435476	0.684388593523	0.710004833253	0.621556307395	0.594490091832	0.623489608507	0.610439826003	0.596906718221	0.71290478492	0.603189946834	0.706138231029	0.56259062349	0.68293861769
AD7	0.596906718221	0.578057032383	0.955534074432	0.664572257129	0.706138231029	0.519091348478	0.684871918801	0.479458675689	0.477525374577	0.588690188497	0.43064282262	0.642822619623	0.576123731271	0.873368777187	0.626872885452	0.573223779604	0.451909134848	0.453359110681	0.928951184147	0.755437409377	0.573707104882	0.487191880135	0.0	0.289511841469	0.893185113581	0.533107781537	0.412759787337	0.432092798453	0.499275012083	0.550507491542	0.498308361527	0.463992266796	0.465442242629	0.519091348478	0.743354277429	0.666022232963	0.491541807637	0.597390043499	0.532624456259	0.645239246013	0.605123247946	0.711454809087	0.685355244079	0.601256645723	0.557274045433	0.551957467376	0.743837602707	0.688738521025	0.741904301595	0.705654905752	0.667955534074	0.695988400193	0.618173030449	0.594490091832	0.616723054616	0.608506524891	0.582890285162	0.702271628806	0.596906718221	0.698405026583	0.561623972934	0.67133881102
AD8	0.595456742388	0.586273562107	0.948767520541	0.660705654906	0.706621556307	0.5186080232	0.684871918801	0.489608506525	0.485258579024	0.586273562107	0.432092798453	0.642822619623	0.593040115998	0.869018849686	0.636056065732	0.576607056549	0.468342194297	0.468825519575	0.916868052199	0.744320927985	0.565007249879	0.492025132914	0.289511841469	0.0	0.85886901885	0.497825036249	0.426292895118	0.447559207347	0.481875302078	0.528757854036	0.492025132914	0.470758820686	0.478975350411	0.532141130981	0.748187530208	0.666022232963	0.489125181247	0.599806669889	0.527307878202	0.644755920735	0.600289995167	0.720154664089	0.688738521025	0.593040115998	0.554857419043	0.560657322378	0.741904301595	0.689221846303	0.740937651039	0.709521507975	0.665538907685	0.695021749638	0.618173030449	0.584823586274	0.612373127115	0.603673272112	0.604639922668	0.702271628806	0.616723054616	0.694055099082	0.572740454326	0.66892218463
AE7	0.838086031899	0.877718704688	0.849202513291	0.799420009667	0.841952634123	0.889801836636	0.913968100532	0.904784920251	0.895118414693	0.90043499275	0.916868052199	0.848235862736	0.896568390527	0.826002899952	0.897535041083	0.855002416626	0.872885451909	0.86563557274	0.73610439826	0.730787820203	0.82165297245	0.845335911068	0.893185113581	0.85886901885	0.0	0.550507491542	0.878202029966	0.857419043016	0.754954084099	0.763170613823	0.838569357177	0.846302561624	0.898985016916	0.910101498308	0.928951184147	0.913968100532	0.918318028033	0.90285161914	0.917351377477	0.880618656356	0.903818269696	0.887868535524	0.879168680522	0.873852102465	0.932334461092	0.928467858869	0.892701788304	0.899468342194	0.911551474142	0.898501691638	0.90043499275	0.896568390527	0.892218463026	0.887385210246	0.902368293862	0.889318511358	0.90961817303	0.89125181247	0.903818269696	0.91445142581	0.913001449976	0.910584823586
AE8	0.594490091832	0.621556307395	0.894635089415	0.651039149348	0.687288545191	0.589173513775	0.677138714355	0.605606573224	0.595456742388	0.614306428226	0.621556307395	0.621556307395	0.62735621073	0.818269695505	0.682455292412	0.599323344611	0.596423392943	0.589656839053	0.812953117448	0.64813919768	0.585790236829	0.563557274045	0.533107781537	0.497825036249	0.550507491542	0.0	0.580473658772	0.56259062349	0.519574673755	0.524891251812	0.566457225713	0.567907201547	0.608023199613	0.614306428226	0.763653939101	0.696955050749	0.626872885452	0.630739487675	0.621072982117	0.645239246013	0.641372643789	0.705171580474	0.677138714355	0.599806669889	0.639922667956	0.63653939101	0.751570807153	0.707104881585	0.75688738521	0.708554857419	0.688738521025	0.715804736588	0.646689221846	0.616239729338	0.647172547124	0.625422909618	0.641855969067	0.717254712421	0.658289028516	0.708554857419	0.616723054616	0.700821652972
AF7	0.576607056549	0.556790720155	0.944900918318	0.663605606573	0.656839052682	0.494925084582	0.68970517158	0.444659255679	0.426776220396	0.585306911551	0.439342677622	0.599806669889	0.541324311261	0.858385693572	0.615273078782	0.561623972934	0.43064282262	0.423392943451	0.898985016916	0.725471242146	0.55099081682	0.409376510391	0.412759787337	0.426292895118	0.878202029966	0.580473658772	0.0	0.300628322861	0.4813919768	0.53020782987	0.484775253746	0.478008699855	0.417109714838	0.471725471242	0.697921701305	0.629772837119	0.449975833736	0.55775737071	0.488158530691	0.615273078782	0.550507491542	0.694055099082	0.676172063799	0.556790720155	0.518124697922	0.510391493475	0.6805219913	0.633639439343	0.697438376027	0.662155630739	0.617206379894	0.646689221846	0.566940550991	0.536007733204	0.568390526825	0.55099081682	0.566457225713	0.646205896568	0.565490575157	0.658772353794	0.499758337361	0.620106331561
AF8	0.571290478492	0.562107298212	0.927501208313	0.637506041566	0.666505558241	0.517158047366	0.688255195747	0.475592073465	0.464958917351	0.578057032383	0.480908651522	0.615273078782	0.566940550991	0.839536007733	0.62493958434	0.557274045433	0.449975833736	0.446592556791	0.882551957467	0.710971483809	0.523924601257	0.38666022233	0.432092798453	0.447559207347	0.857419043016	0.56259062349	0.300628322861	0.0	0.455292411793	0.502174963751	0.489608506525	0.466892218463	0.449492508458	0.495891735138	0.725954567424	0.64813919768	0.480908651522	0.571290478492	0.515224746254	0.60657322378	0.569840502658	0.677622039633	0.660222329628	0.563557274045	0.541324311261	0.537457709038	0.704688255196	0.657805703238	0.714838086032	0.684388593523	0.646689221846	0.666505558241	0.587723537941	0.55775737071	0.590623489609	0.573707104882	0.566457225713	0.67133881102	0.566940550991	0.682455292412	0.521991300145	0.644272595457
AG7	0.593040115998	0.602706621556	0.848235862736	0.566940550991	0.66892218463	0.533107781537	0.685355244079	0.509424842919	0.49540840986	0.579990333494	0.53697438376	0.618656355727	0.601739971	0.761237312711	0.655872402127	0.580473658772	0.520057999033	0.511841469309	0.740454325761	0.541324311261	0.482841952634	0.43740937651	0.499275012083	0.481875302078	0.754954084099	0.519574673755	0.4813919768	0.455292411793	0.0	0.30787820203	0.540840985984	0.506041565974	0.507974867086	0.542774287095	0.748187530208	0.66892218463	0.529241179314	0.589656839053	0.529241179314	0.634606089899	0.607056549058	0.671822136298	0.631706138231	0.563557274045	0.579023682939	0.588206863219	0.746737554374	0.684388593523	0.739487675205	0.704688255196	0.669405509908	0.698888351861	0.623006283229	0.589656839053	0.623489608507	0.605606573224	0.625422909618	0.702271628806	0.634122764621	0.69453842436	0.588690188497	0.672788786854
AG8	0.603673272112	0.622522957951	0.83566940551	0.589656839053	0.687771870469	0.56259062349	0.679555340744	0.547607539874	0.538424359594	0.597390043499	0.575640405993	0.642822619623	0.623006283229	0.732237796037	0.66892218463	0.603673272112	0.570323827936	0.565973900435	0.693088448526	0.534074432093	0.489125181247	0.478492025133	0.550507491542	0.528757854036	0.763170613823	0.524891251812	0.53020782987	0.502174963751	0.30787820203	0.0	0.55775737071	0.552440792653	0.552924117931	0.575157080715	0.771387143548	0.688738521025	0.572740454326	0.596906718221	0.578057032383	0.663122281295	0.629772837119	0.690188496858	0.647655872402	0.582406959884	0.610923151281	0.61333977767	0.766553890768	0.703238279362	0.757370710488	0.724021266312	0.693571773804	0.720154664089	0.644755920735	0.622522957951	0.642339294345	0.625906234896	0.640889318511	0.722087965201	0.651522474625	0.708071532141	0.608989850169	0.694055099082
AH7	0.596906718221	0.629289511841	0.954567423876	0.701788303528	0.70130497825	0.575640405993	0.708071532141	0.55099081682	0.542774287095	0.634606089899	0.523441275979	0.657805703238	0.629289511841	0.875785403577	0.683421942968	0.605606573224	0.498308361527	0.467375543741	0.884485258579	0.732721121315	0.575157080715	0.517641372644	0.498308361527	0.492025132914	0.838569357177	0.566457225713	0.484775253746	0.489608506525	0.540840985984	0.55775737071	0.0	0.325761237313	0.553890768487	0.603673272112	0.781053649106	0.722087965201	0.549540840986	0.662155630739	0.594006766554	0.664088931851	0.645239246013	0.767037216046	0.743354277429	0.651039149348	0.619623006283	0.621072982117	0.762687288545	0.722087965201	0.772837119381	0.728854519091	0.701788303528	0.727887868536	0.637989366844	0.620589656839	0.63653939101	0.634122764621	0.635089415176	0.728854519091	0.636056065732	0.720154664089	0.615273078782	0.713388110198
AH8	0.568390526825	0.593523441276	0.95360077332	0.670372160464	0.662155630739	0.523441275979	0.686321894635	0.495891735138	0.492508458192	0.594490091832	0.489125181247	0.623006283229	0.575640405993	0.869018849686	0.644272595457	0.565973900435	0.419526341228	0.388110198163	0.903818269696	0.739971000483	0.553890768487	0.481875302078	0.463992266796	0.470758820686	0.846302561624	0.567907201547	0.478008699855	0.466892218463	0.506041565974	0.552440792653	0.325761237313	0.0	0.494441759304	0.541324311261	0.751087481875	0.678105364911	0.517158047366	0.615273078782	0.543740937651	0.623006283229	0.600289995167	0.724021266312	0.697438376027	0.608989850169	0.570807153214	0.573223779604	0.716288061866	0.672305461576	0.733204446593	0.686321894635	0.650072498792	0.677622039633	0.595940067666	0.570807153214	0.600773320445	0.588206863219	0.590623489609	0.675688738521	0.59255679072	0.685838569357	0.559690671822	0.663605606573
AA5	0.599806669889	0.5186080232	0.957467375544	0.644755920735	0.584340260996	0.454325761237	0.625422909618	0.371677138714	0.390526824553	0.531657805703	0.420009666506	0.537941034316	0.51619139681	0.87046882552	0.536007733204	0.53939101015	0.424842919285	0.429676172064	0.925567907202	0.762687288545	0.565973900435	0.485258579024	0.465442242629	0.478975350411	0.898985016916	0.608023199613	0.417109714838	0.449492508458	0.507974867086	0.552924117931	0.553890768487	0.494441759304	0.0	0.335911068149	0.668438859352	0.574190430159	0.449492508458	0.456259062349	0.447559207347	0.547124214596	0.47462542291	0.60657322378	0.592073465442	0.467858869019	0.503624939584	0.471725471242	0.692605123248	0.637989366844	0.669888835186	0.643789270179	0.632189463509	0.659255679072	0.529241179314	0.528757854036	0.566457225713	0.545674238763	0.538907684872	0.656839052682	0.554857419043	0.631706138231	0.501691638473	0.620106331561
AA6	0.600289995167	0.527307878202	0.960367327211	0.656839052682	0.629289511841	0.475108748188	0.648622522958	0.435959400677	0.444659255679	0.546640889319	0.491541807637	0.577573707105	0.532624456259	0.870952150797	0.566940550991	0.544707588207	0.478008699855	0.477525374577	0.936201063316	0.769453842436	0.590623489609	0.509908168197	0.519091348478	0.532141130981	0.910101498308	0.614306428226	0.471725471242	0.495891735138	0.542774287095	0.575157080715	0.603673272112	0.541324311261	0.335911068149	0.0	0.68293861769	0.588206863219	0.50700821653	0.501691638473	0.481875302078	0.578057032383	0.51377477042	0.647655872402	0.626872885452	0.509908168197	0.457709038183	0.431609473175	0.698888351861	0.647655872402	0.685838569357	0.659255679072	0.637022716288	0.662638956017	0.548090865152	0.543257612373	0.573223779604	0.554857419043	0.546640889319	0.662638956017	0.559207346544	0.649589173514	0.518124697922	0.628806186564
AB5	0.748187530208	0.667472208797	0.972450459159	0.727404543258	0.620589656839	0.632189463509	0.73610439826	0.659255679072	0.664572257129	0.688255195747	0.682455292412	0.620106331561	0.656839052682	0.896085065249	0.698405026583	0.695505074915	0.708071532141	0.705654905752	0.943450942484	0.814403093282	0.80328661189	0.748187530208	0.743354277429	0.748187530208	0.928951184147	0.763653939101	0.697921701305	0.725954567424	0.748187530208	0.771387143548	0.781053649106	0.751087481875	0.668438859352	0.68293861769	0.0	0.325761237313	0.620106331561	0.649589173514	0.630739487675	0.625422909618	0.610439826003	0.728854519091	0.728854519091	0.651522474625	0.623972933784	0.619139681005	0.624456259062	0.623489608507	0.637506041566	0.605606573224	0.624456259062	0.618656355727	0.597873368777	0.598840019333	0.607539874335	0.616723054616	0.67133881102	0.601256645723	0.661188980184	0.617689705172	0.665055582407	0.620106331561
AB6	0.681005316578	0.59497341711	0.962783953601	0.666022232963	0.585790236829	0.551474142098	0.65732237796	0.568390526825	0.576607056549	0.603189946834	0.611406476559	0.539874335428	0.590140164331	0.880618656356	0.620106331561	0.613823102948	0.642822619623	0.638472692122	0.937651039149	0.777187046883	0.732237796037	0.67133881102	0.666022232963	0.666022232963	0.913968100532	0.696955050749	0.629772837119	0.64813919768	0.66892218463	0.688738521025	0.722087965201	0.678105364911	0.574190430159	0.588206863219	0.325761237313	0.0	0.553407443209	0.555340744321	0.564040599323	0.558724021266	0.539874335428	0.651039149348	0.639922667956	0.534557757371	0.551957467376	0.544224262929	0.604639922668	0.563557274045	0.591590140164	0.55775737071	0.558724021266	0.579023682939	0.521507974867	0.543740937651	0.553890768487	0.557274045433	0.597873368777	0.563073948768	0.590140164331	0.563073948768	0.596906718221	0.551957467376
AC5	0.609956500725	0.579023682939	0.973417109715	0.663605606573	0.623489608507	0.462542290962	0.671822136298	0.452392460126	0.433059449009	0.572257129048	0.426776220396	0.575157080715	0.529724504592	0.885451909135	0.618173030449	0.588206863219	0.46060898985	0.451909134848	0.949250845819	0.781053649106	0.629772837119	0.548090865152	0.491541807637	0.489125181247	0.918318028033	0.626872885452	0.449975833736	0.480908651522	0.529241179314	0.572740454326	0.549540840986	0.517158047366	0.449492508458	0.50700821653	0.620106331561	0.553407443209	0.0	0.454809086515	0.435959400677	0.591590140164	0.520541324311	0.702271628806	0.673755437409	0.548090865152	0.467858869019	0.468825519575	0.618173030449	0.578540357661	0.637989366844	0.594006766554	0.570807153214	0.59255679072	0.511841469309	0.478975350411	0.501208313195	0.503624939584	0.585306911551	0.591590140164	0.585790236829	0.581440309328	0.519091348478	0.560657322378
AC6	0.649105848236	0.535524407927	0.954567423876	0.643305944901	0.561140647656	0.503624939584	0.550024166264	0.468825519575	0.517158047366	0.491541807637	0.540357660706	0.533591106815	0.535041082649	0.862252295795	0.524891251812	0.572740454326	0.573707104882	0.567423876269	0.918801353311	0.751570807153	0.65055582407	0.595940067666	0.597390043499	0.599806669889	0.90285161914	0.630739487675	0.55775737071	0.571290478492	0.589656839053	0.596906718221	0.662155630739	0.615273078782	0.456259062349	0.501691638473	0.649589173514	0.555340744321	0.454809086515	0.0	0.508941517641	0.53697438376	0.490091831803	0.493475108748	0.46060898985	0.443209279845	0.558240695988	0.540357660706	0.65732237796	0.621072982117	0.647655872402	0.610923151281	0.61333977767	0.634606089899	0.565007249879	0.558240695988	0.574673755437	0.560657322378	0.569840502658	0.629772837119	0.586273562107	0.602223296278	0.556790720155	0.612373127115
AD6	0.622039632673	0.542774287095	0.974383760271	0.63653939101	0.580473658772	0.440309328178	0.631222812953	0.433059449009	0.431126147898	0.531657805703	0.45142580957	0.524891251812	0.50700821653	0.883518608023	0.579023682939	0.56259062349	0.480908651522	0.475108748188	0.946350894152	0.774287095215	0.617206379894	0.541324311261	0.532624456259	0.527307878202	0.917351377477	0.621072982117	0.488158530691	0.515224746254	0.529241179314	0.578057032383	0.594006766554	0.543740937651	0.447559207347	0.481875302078	0.630739487675	0.564040599323	0.435959400677	0.508941517641	0.0	0.552440792653	0.433059449009	0.686805219913	0.666505558241	0.536007733204	0.470275495408	0.476558724021	0.611406476559	0.560657322378	0.608023199613	0.566940550991	0.552440792653	0.574190430159	0.489608506525	0.457709038183	0.499758337361	0.480425326245	0.555340744321	0.574190430159	0.555340744321	0.563073948768	0.476075398743	0.547607539874
AE5	0.633639439343	0.534074432093	0.973900434993	0.652489125181	0.53939101015	0.556307394877	0.581923634606	0.547124214596	0.600289995167	0.53020782987	0.610923151281	0.505558240696	0.576607056549	0.880135331078	0.548090865152	0.571290478492	0.600289995167	0.600773320445	0.929917834703	0.764620589657	0.710971483809	0.64813919768	0.645239246013	0.644755920735	0.880618656356	0.645239246013	0.615273078782	0.60657322378	0.634606089899	0.663122281295	0.664088931851	0.623006283229	0.547124214596	0.578057032383	0.625422909618	0.558724021266	0.591590140164	0.53697438376	0.552440792653	0.0	0.368777187047	0.601739971	0.587723537941	0.509424842919	0.623006283229	0.623006283229	0.651039149348	0.615273078782	0.653455775737	0.603673272112	0.617206379894	0.632189463509	0.531174480425	0.546640889319	0.588690188497	0.560657322378	0.554374093765	0.623006283229	0.554374093765	0.613823102948	0.577090381827	0.609956500725
AE6	0.622039632673	0.507491541808	0.972450459159	0.63653939101	0.545190913485	0.481875302078	0.580473658772	0.471242145964	0.517641372644	0.514258095698	0.52779120348	0.504108264862	0.500241662639	0.878202029966	0.534074432093	0.530691155147	0.541324311261	0.536007733204	0.93281778637	0.762687288545	0.669888835186	0.60415659739	0.605123247946	0.600289995167	0.903818269696	0.641372643789	0.550507491542	0.569840502658	0.607056549058	0.629772837119	0.645239246013	0.600289995167	0.47462542291	0.51377477042	0.610439826003	0.539874335428	0.520541324311	0.490091831803	0.433059449009	0.368777187047	0.0	0.637022716288	0.611889801837	0.480425326245	0.545190913485	0.540840985984	0.629289511841	0.572257129048	0.616723054616	0.56935717738	0.567907201547	0.59497341711	0.479458675689	0.478008699855	0.510391493475	0.494925084582	0.524407926535	0.59255679072	0.535524407927	0.572257129048	0.500241662639	0.56259062349
AF5	0.717738037699	0.629772837119	0.942000966651	0.669405509908	0.641372643789	0.672305461576	0.579023682939	0.62735621073	0.674722087965	0.579507008217	0.709038182697	0.618656355727	0.666505558241	0.854519091348	0.601739971	0.658289028516	0.707588206863	0.71290478492	0.885935234413	0.739971000483	0.721121314645	0.683421942968	0.711454809087	0.720154664089	0.887868535524	0.705171580474	0.694055099082	0.677622039633	0.671822136298	0.690188496858	0.767037216046	0.724021266312	0.60657322378	0.647655872402	0.728854519091	0.651039149348	0.702271628806	0.493475108748	0.686805219913	0.601739971	0.637022716288	0.0	0.295795070082	0.520541324311	0.718704688255	0.704688255196	0.758820686322	0.728854519091	0.745770903818	0.714354760754	0.727404543258	0.738037699372	0.679072015466	0.704688255196	0.719671338811	0.704688255196	0.658289028516	0.732237796037	0.666988883519	0.700821652972	0.701788303528	0.715804736588
AF6	0.701788303528	0.60415659739	0.936201063316	0.659255679072	0.6389560174	0.654905751571	0.544224262929	0.614306428226	0.658289028516	0.553407443209	0.686805219913	0.614789753504	0.652972450459	0.850169163847	0.566940550991	0.637506041566	0.688738521025	0.69212179797	0.878202029966	0.720637989367	0.688738521025	0.652972450459	0.685355244079	0.688738521025	0.879168680522	0.677138714355	0.676172063799	0.660222329628	0.631706138231	0.647655872402	0.743354277429	0.697438376027	0.592073465442	0.626872885452	0.728854519091	0.639922667956	0.673755437409	0.46060898985	0.666505558241	0.587723537941	0.611889801837	0.295795070082	0.0	0.503624939584	0.698405026583	0.686321894635	0.755920734654	0.71290478492	0.733204446593	0.706138231029	0.694055099082	0.721604639923	0.660705654906	0.682455292412	0.695505074915	0.684388593523	0.635089415176	0.717738037699	0.642339294345	0.69212179797	0.68293861769	0.701788303528
