	AA3	AA4	AB3	AB4	AC3	AC4	AD3	AD4	AE3	AE4	AF3	AF4	AG3	AG4	AH3	AH4	AA7	AA8	AB7	AB8	AC7	AC8	AD7	AD8	AE7	AE8	AF7	AF8	AG7	AG8	AH7	AH8	AA5	AA6	AB5	AB6	AC5	AC6	AD6	AE5	AE6	AF5	AF6	AG5	AH5	AH6	AA1	AA2	AB1	AB2	AC1	AC2	AD1	AD2	AE1	AE2	AF1	AF2	AG1	AG2	AH1	AH2
AA3	0.0	0.502174963751	0.933784436926	0.637989366844	0.660222329628	0.58337361044	0.661188980184	0.579023682939	0.554857419043	0.61575640406	0.604639922668	0.618656355727	0.566457225713	0.852585790237	0.654422426293	0.31706138231	0.567907201547	0.568873852102	0.861768970517	0.723054615756	0.608989850169	0.563073948768	0.581923634606	0.567907201547	0.830836152731	0.594006766554	0.564040599323	0.55099081682	0.588690188497	0.584823586274	0.586273562107	0.558724021266	0.57177380377	0.591590140164	0.738037699372	0.686321894635	0.597873368777	0.608989850169	0.598840019333	0.633156114065	0.603189946834	0.706621556307	0.676655389077	0.614306428226	0.609956500725	0.60657322378	0.684388593523	0.642822619623	0.710004833253	0.656839052682	0.647655872402	0.655872402127	0.588206863219	0.553407443209	0.584823586274	0.555824069599	0.566940550991	0.672305461576	0.582406959884	0.666505558241	0.567423876269	0.652005799903
AA4	0.502174963751	0.0	0.94683421943	0.578057032383	0.572257129048	0.492025132914	0.572740454326	0.472692121798	0.503141614306	0.515708071532	0.550024166264	0.514741420976	0.473175447076	0.860802319961	0.370710488159	0.387626872885	0.526341227646	0.535041082649	0.898018366361	0.743837602707	0.661188980184	0.570323827936	0.591106814886	0.591106814886	0.88883518608	0.635572740454	0.54857419043	0.568390526825	0.60415659739	0.611889801837	0.639439342678	0.574673755437	0.500241662639	0.515224746254	0.65973900435	0.589656839053	0.550507491542	0.501208313195	0.529241179314	0.540357660706	0.4813919768	0.60415659739	0.58095698405	0.499758337361	0.572740454326	0.556307394877	0.660705654906	0.577090381827	0.621556307395	0.596906718221	0.60415659739	0.62735621073	0.534074432093	0.511841469309	0.544707588207	0.526824552924	0.496858385694	0.631222812953	0.497825036249	0.591106814886	0.521991300145	0.580473658772
AB3	0.933784436926	0.94683421943	0.0	0.680038666022	0.905751570807	0.952150797487	0.952634122765	0.940550990817	0.927017883035	0.943934267762	0.967133881102	0.931367810536	0.957950700822	0.353310778154	0.95360077332	0.934751087482	0.966650555824	0.965683905268	0.719188013533	0.753504108265	0.888351860802	0.907684871919	0.957467375544	0.946350894152	0.849685838569	0.893668438859	0.942484291928	0.919284678589	0.840502658289	0.837602706622	0.950700821653	0.956500724988	0.952150797487	0.959400676655	0.969550507492	0.960850652489	0.965683905268	0.950217496375	0.963267278879	0.96520057999	0.963750604157	0.931367810536	0.928467858869	0.945867568874	0.971967133881	0.968100531658	0.966167230546	0.963750604157	0.9584340261	0.965683905268	0.970033832769	0.965683905268	0.968100531658	0.965683905268	0.971483808603	0.96761720638	0.966167230546	0.965683905268	0.965683905268	0.966167230546	0.96761720638	0.965683905268
AB4	0.637989366844	0.578057032383	0.680038666022	0.0	0.620106331561	0.61575640406	0.6805219913	0.605123247946	0.602223296278	0.626872885452	0.6389560174	0.605606573224	0.463508941518	0.564523924601	0.604639922668	0.59255679072	0.630739487675	0.631706138231	0.712421459642	0.587723537941	0.661188980184	0.614789753504	0.658289028516	0.645239246013	0.798453359111	0.647655872402	0.647655872402	0.620589656839	0.559690671822	0.586756887385	0.694055099082	0.65055582407	0.635572740454	0.649105848236	0.724021266312	0.667955534074	0.646205896568	0.637022716288	0.627839536008	0.631706138231	0.623489608507	0.643305944901	0.647655872402	0.620106331561	0.674238762687	0.66892218463	0.703238279362	0.655389076849	0.688255195747	0.663605606573	0.675688738521	0.669888835186	0.6389560174	0.634606089899	0.658772353794	0.637989366844	0.629772837119	0.681488641856	0.632672788787	0.65732237796	0.638472692122	0.653455775737
AC3	0.660222329628	0.572257129048	0.905751570807	0.620106331561	0.0	0.488158530691	0.642339294345	0.551474142098	0.564040599323	0.587240212663	0.614789753504	0.303528274529	0.602223296278	0.828419526341	0.595940067666	0.596906718221	0.613823102948	0.607539874335	0.850652489125	0.73852102465	0.728854519091	0.670855485742	0.724987916868	0.708554857419	0.819719671339	0.696471725471	0.666988883519	0.676655389077	0.671822136298	0.683905268246	0.707104881585	0.663605606573	0.612856452392	0.642822619623	0.617206379894	0.575157080715	0.613823102948	0.579023682939	0.593523441276	0.559690671822	0.56259062349	0.644272595457	0.636056065732	0.565973900435	0.639922667956	0.635572740454	0.597873368777	0.578540357661	0.573223779604	0.568873852102	0.597873368777	0.584823586274	0.531657805703	0.558724021266	0.581440309328	0.551957467376	0.623006283229	0.578540357661	0.614789753504	0.579507008217	0.62493958434	0.572740454326
AC4	0.58337361044	0.492025132914	0.952150797487	0.61575640406	0.488158530691	0.0	0.60415659739	0.382793620106	0.399710004833	0.509908168197	0.327694538424	0.405993233446	0.492025132914	0.870952150797	0.570323827936	0.533591106815	0.446592556791	0.443209279845	0.922667955534	0.77090381827	0.594006766554	0.516674722088	0.527307878202	0.50459159014	0.890768487192	0.589173513775	0.482841952634	0.507974867086	0.531657805703	0.576123731271	0.559690671822	0.507974867086	0.449492508458	0.484775253746	0.631706138231	0.559207346544	0.445142580957	0.518124697922	0.414693088449	0.553890768487	0.476558724021	0.658772353794	0.632672788787	0.501208313195	0.497825036249	0.480425326245	0.633156114065	0.559207346544	0.588206863219	0.569840502658	0.576607056549	0.599323344611	0.490575157081	0.4813919768	0.507491541808	0.485258579024	0.539874335428	0.613823102948	0.540840985984	0.566940550991	0.475592073465	0.559690671822
AD3	0.661188980184	0.572740454326	0.952634122765	0.6805219913	0.642339294345	0.60415659739	0.0	0.522957950701	0.62493958434	0.347994200097	0.661188980184	0.594490091832	0.626389560174	0.876268728855	0.558240695988	0.629772837119	0.67133881102	0.675688738521	0.939101014983	0.783470275495	0.718221362977	0.675688738521	0.683421942968	0.679555340744	0.920734654422	0.680038666022	0.686805219913	0.677138714355	0.683421942968	0.676172063799	0.706621556307	0.679072015466	0.635089415176	0.641855969067	0.73852102465	0.670372160464	0.662638956017	0.512324794587	0.61333977767	0.580473658772	0.570807153214	0.541807636539	0.511358144031	0.541324311261	0.685838569357	0.678105364911	0.754470758821	0.695505074915	0.716771387144	0.706138231029	0.704204929918	0.719671338811	0.647655872402	0.646205896568	0.656355727405	0.647655872402	0.622039632673	0.728854519091	0.633639439343	0.702271628806	0.677622039633	0.697921701305
AD4	0.579023682939	0.472692121798	0.940550990817	0.605123247946	0.551474142098	0.382793620106	0.522957950701	0.0	0.304011599807	0.404543257612	0.423392943451	0.488641855969	0.500241662639	0.861768970517	0.535041082649	0.526824552924	0.442725954567	0.434026099565	0.938617689705	0.781053649106	0.58095698405	0.496375060416	0.498308361527	0.490575157081	0.907684871919	0.603189946834	0.448042532624	0.464475592073	0.512324794587	0.572257129048	0.548090865152	0.501208313195	0.395360077332	0.454325761237	0.655872402127	0.578540357661	0.433059449009	0.493475108748	0.425809569841	0.561623972934	0.468342194297	0.62493958434	0.599806669889	0.476558724021	0.505558240696	0.477042049299	0.661672305462	0.593040115998	0.623972933784	0.61333977767	0.608023199613	0.627839536008	0.518124697922	0.507491541808	0.520541324311	0.509908168197	0.526824552924	0.640405993233	0.540357660706	0.612373127115	0.498791686805	0.591590140164
AE3	0.554857419043	0.503141614306	0.927017883035	0.602223296278	0.564040599323	0.399710004833	0.62493958434	0.304011599807	0.0	0.50459159014	0.404059932334	0.503141614306	0.50700821653	0.852585790237	0.566940550991	0.530691155147	0.438376027066	0.433542774287	0.9212179797	0.766070565491	0.545190913485	0.476558724021	0.478008699855	0.473175447076	0.882551957467	0.582406959884	0.4398260029	0.459159014016	0.490575157081	0.553407443209	0.536007733204	0.486708554857	0.407926534558	0.462542290962	0.663122281295	0.589173513775	0.431609473175	0.524891251812	0.435959400677	0.600773320445	0.512324794587	0.655872402127	0.635089415176	0.513291445143	0.493958434026	0.459159014016	0.671822136298	0.602706621556	0.633639439343	0.617689705172	0.61575640406	0.642822619623	0.534557757371	0.525857902368	0.542774287095	0.522474625423	0.543257612373	0.658772353794	0.558240695988	0.608989850169	0.501691638473	0.600289995167
AE4	0.61575640406	0.515708071532	0.943934267762	0.626872885452	0.587240212663	0.509908168197	0.347994200097	0.404543257612	0.50459159014	0.0	0.570807153214	0.529724504592	0.561140647656	0.864185596907	0.53697438376	0.558240695988	0.583856935718	0.591590140164	0.933301111648	0.771387143548	0.661188980184	0.585306911551	0.599806669889	0.587240212663	0.904301594973	0.614789753504	0.593523441276	0.579990333494	0.589173513775	0.600289995167	0.642822619623	0.59497341711	0.542774287095	0.550024166264	0.695505074915	0.623489608507	0.572257129048	0.465442242629	0.528757854036	0.529724504592	0.497341710971	0.556790720155	0.529724504592	0.484291928468	0.600773320445	0.596906718221	0.716771387144	0.657805703238	0.687288545191	0.670855485742	0.676172063799	0.687288545191	0.59255679072	0.585306911551	0.59497341711	0.584823586274	0.564040599323	0.699855002417	0.590623489609	0.666022232963	0.584823586274	0.656839052682
AF3	0.604639922668	0.550024166264	0.967133881102	0.6389560174	0.614789753504	0.327694538424	0.661188980184	0.423392943451	0.404059932334	0.570807153214	0.0	0.525857902368	0.53020782987	0.888351860802	0.608506524891	0.576607056549	0.434026099565	0.420976317061	0.946350894152	0.789753504108	0.594006766554	0.539874335428	0.445142580957	0.434026099565	0.915418076365	0.617206379894	0.452875785404	0.502174963751	0.538424359594	0.595456742388	0.530691155147	0.524891251812	0.450459159014	0.508941517641	0.66892218463	0.617206379894	0.434026099565	0.55775737071	0.442725954567	0.621072982117	0.532624456259	0.700821652972	0.670372160464	0.537457709038	0.509908168197	0.487675205413	0.665055582407	0.599323344611	0.641855969067	0.607539874335	0.607539874335	0.631222812953	0.543257612373	0.512808119865	0.532624456259	0.520541324311	0.581923634606	0.650072498792	0.583856935718	0.602223296278	0.502658289029	0.591590140164
AF4	0.618656355727	0.514741420976	0.931367810536	0.605606573224	0.303528274529	0.405993233446	0.594490091832	0.488641855969	0.503141614306	0.529724504592	0.525857902368	0.0	0.547607539874	0.850169163847	0.54857419043	0.554374093765	0.561140647656	0.550507491542	0.883035282745	0.741420976317	0.700338327695	0.62735621073	0.670372160464	0.652489125181	0.842435959401	0.639439342678	0.613823102948	0.632189463509	0.644272595457	0.654905751571	0.662638956017	0.61333977767	0.565973900435	0.59497341711	0.612856452392	0.537457709038	0.559207346544	0.53020782987	0.537941034316	0.519091348478	0.515224746254	0.607056549058	0.603673272112	0.514741420976	0.584340260996	0.578540357661	0.599323344611	0.529241179314	0.560657322378	0.538907684872	0.553407443209	0.561140647656	0.494441759304	0.511358144031	0.544707588207	0.514741420976	0.579990333494	0.574673755437	0.565490575157	0.544224262929	0.572257129048	0.523924601257
AG3	0.566457225713	0.473175447076	0.957950700822	0.463508941518	0.602223296278	0.492025132914	0.626389560174	0.500241662639	0.50700821653	0.561140647656	0.53020782987	0.547607539874	0.0	0.843885935234	0.521024649589	0.513291445143	0.482841952634	0.476075398743	0.922667955534	0.760753987434	0.657805703238	0.578057032383	0.585790236829	0.584823586274	0.884485258579	0.621556307395	0.527307878202	0.567423876269	0.60415659739	0.611406476559	0.625422909618	0.549540840986	0.515708071532	0.524407926535	0.661672305462	0.608023199613	0.533591106815	0.540357660706	0.511841469309	0.564523924601	0.505558240696	0.652972450459	0.628322861286	0.522957950701	0.565490575157	0.544224262929	0.633639439343	0.570807153214	0.617689705172	0.599323344611	0.588690188497	0.602223296278	0.522957950701	0.507491541808	0.540357660706	0.515224746254	0.523924601257	0.615273078782	0.531174480425	0.599323344611	0.508458192363	0.57177380377
AG4	0.852585790237	0.860802319961	0.353310778154	0.564523924601	0.828419526341	0.870952150797	0.876268728855	0.861768970517	0.852585790237	0.864185596907	0.888351860802	0.850169163847	0.843885935234	0.0	0.875302078299	0.850169163847	0.893185113581	0.892701788304	0.698888351861	0.678105364911	0.81488641856	0.83325277912	0.880618656356	0.867085548574	0.82648622523	0.819719671339	0.867085548574	0.846302561624	0.763170613823	0.749637506042	0.877718704688	0.878685355244	0.876752054132	0.884001933301	0.903334944418	0.889318511358	0.890285161914	0.867568873852	0.889801836636	0.886901884969	0.889318511358	0.850652489125	0.84726921218	0.868535524408	0.899951667472	0.894151764137	0.89125181247	0.88883518608	0.887385210246	0.885935234413	0.893668438859	0.886901884969	0.894151764137	0.886418559691	0.898018366361	0.892701788304	0.889801836636	0.891735137748	0.89125181247	0.887385210246	0.893185113581	0.890768487192
AH3	0.654422426293	0.370710488159	0.95360077332	0.604639922668	0.595940067666	0.570323827936	0.558240695988	0.535041082649	0.566940550991	0.53697438376	0.608506524891	0.54857419043	0.521024649589	0.875302078299	0.0	0.540357660706	0.594006766554	0.600773320445	0.929917834703	0.775253745771	0.710971483809	0.630256162397	0.639922667956	0.642339294345	0.902368293862	0.690671822136	0.620589656839	0.632189463509	0.660705654906	0.674238762687	0.693088448526	0.632672788787	0.552440792653	0.58095698405	0.710971483809	0.6389560174	0.621556307395	0.53020782987	0.593523441276	0.543740937651	0.551474142098	0.572740454326	0.551957467376	0.53939101015	0.640405993233	0.626389560174	0.70372160464	0.61333977767	0.652005799903	0.64572257129	0.640405993233	0.660222329628	0.59255679072	0.595456742388	0.60415659739	0.61333977767	0.56259062349	0.667955534074	0.550507491542	0.636056065732	0.582890285162	0.611406476559
AH4	0.31706138231	0.387626872885	0.934751087482	0.59255679072	0.596906718221	0.533591106815	0.629772837119	0.526824552924	0.530691155147	0.558240695988	0.576607056549	0.554374093765	0.513291445143	0.850169163847	0.540357660706	0.0	0.529241179314	0.535041082649	0.869985500242	0.725471242146	0.631222812953	0.550024166264	0.573707104882	0.567423876269	0.846302561624	0.605606573224	0.553407443209	0.545190913485	0.570807153214	0.587240212663	0.59255679072	0.541324311261	0.549057515708	0.557274045433	0.69453842436	0.635572740454	0.568873852102	0.556307394877	0.55099081682	0.578540357661	0.543740937651	0.657805703238	0.625906234896	0.561140647656	0.587723537941	0.576607056549	0.661672305462	0.594006766554	0.656355727405	0.607539874335	0.605123247946	0.625422909618	0.547607539874	0.507974867086	0.552440792653	0.522474625423	0.509908168197	0.631706138231	0.519574673755	0.617689705172	0.536007733204	0.598840019333
AA7	0.567907201547	0.526341227646	0.966650555824	0.630739487675	0.613823102948	0.446592556791	0.67133881102	0.442725954567	0.438376027066	0.583856935718	0.434026099565	0.561140647656	0.482841952634	0.893185113581	0.594006766554	0.529241179314	0.0	0.280811986467	0.915901401643	0.78008699855	0.590623489609	0.506041565974	0.482841952634	0.482841952634	0.869502174964	0.599806669889	0.424359594007	0.463508941518	0.531174480425	0.582890285162	0.510874818753	0.420492991783	0.418076365394	0.470275495408	0.693088448526	0.645239246013	0.46060898985	0.565973900435	0.4813919768	0.612373127115	0.536491058482	0.698405026583	0.673272112131	0.566940550991	0.536491058482	0.500241662639	0.665538907685	0.599806669889	0.645239246013	0.620106331561	0.599323344611	0.625422909618	0.531657805703	0.506524891252	0.529241179314	0.513291445143	0.534557757371	0.637022716288	0.532624456259	0.625906234896	0.486708554857	0.599323344611
AA8	0.568873852102	0.535041082649	0.965683905268	0.631706138231	0.607539874335	0.443209279845	0.675688738521	0.434026099565	0.433542774287	0.591590140164	0.420976317061	0.550507491542	0.476075398743	0.892701788304	0.600773320445	0.535041082649	0.280811986467	0.0	0.917834702755	0.776220396327	0.579990333494	0.498791686805	0.475108748188	0.474142097632	0.864668922185	0.587723537941	0.417109714838	0.461575640406	0.524891251812	0.579507008217	0.473175447076	0.385210246496	0.436442725955	0.490091831803	0.69212179797	0.640889318511	0.446592556791	0.566940550991	0.479458675689	0.616239729338	0.535524407927	0.708554857419	0.682455292412	0.5601739971	0.521991300145	0.488641855969	0.649105848236	0.588206863219	0.646205896568	0.61333977767	0.587240212663	0.610923151281	0.521507974867	0.500724987917	0.525857902368	0.506524891252	0.541324311261	0.62493958434	0.53939101015	0.615273078782	0.489125181247	0.583856935718
AB7	0.861768970517	0.898018366361	0.719188013533	0.712421459642	0.850652489125	0.922667955534	0.939101014983	0.938617689705	0.9212179797	0.933301111648	0.946350894152	0.883035282745	0.922667955534	0.698888351861	0.929917834703	0.869985500242	0.915901401643	0.917834702755	0.0	0.404059932334	0.816336394393	0.839536007733	0.933301111648	0.920251329145	0.737554374094	0.815369743838	0.901884968584	0.872885451909	0.751087481875	0.708071532141	0.881101981634	0.894151764137	0.922667955534	0.942967617206	0.938617689705	0.936201063316	0.94441759304	0.915418076365	0.948767520541	0.92363460609	0.936684388594	0.871918801353	0.878685355244	0.910584823586	0.949734171097	0.945867568874	0.921701304978	0.919284678589	0.922667955534	0.924601256646	0.927017883035	0.915901401643	0.916868052199	0.910101498308	0.916384726921	0.910101498308	0.925084581924	0.914934751087	0.927017883035	0.927984533591	0.947317544708	0.924601256646
AB8	0.723054615756	0.743837602707	0.753504108265	0.587723537941	0.73852102465	0.77090381827	0.783470275495	0.781053649106	0.766070565491	0.771387143548	0.789753504108	0.741420976317	0.760753987434	0.678105364911	0.775253745771	0.725471242146	0.78008699855	0.776220396327	0.404059932334	0.0	0.668438859352	0.679072015466	0.769453842436	0.753020782987	0.724987916868	0.655389076849	0.740454325761	0.71290478492	0.561140647656	0.532624456259	0.744320927985	0.747220879652	0.769937167714	0.78927017883	0.804253262446	0.781053649106	0.78250362494	0.753987433543	0.788303528275	0.763170613823	0.776220396327	0.728854519091	0.728371193813	0.751570807153	0.797970033833	0.796036732721	0.811019816336	0.774287095215	0.786853552441	0.772837119381	0.788786853552	0.782020299662	0.779603673272	0.769453842436	0.776703721605	0.769937167714	0.76848719188	0.794103431609	0.771870468826	0.771870468826	0.78927017883	0.775737071049
AC7	0.608989850169	0.661188980184	0.888351860802	0.661188980184	0.728854519091	0.594006766554	0.718221362977	0.58095698405	0.545190913485	0.661188980184	0.594006766554	0.700338327695	0.657805703238	0.81488641856	0.710971483809	0.631222812953	0.590623489609	0.579990333494	0.816336394393	0.668438859352	0.0	0.362493958434	0.565973900435	0.5601739971	0.823102948284	0.572257129048	0.554374093765	0.511841469309	0.473175447076	0.494925084582	0.567423876269	0.558724021266	0.555824069599	0.597873368777	0.811503141614	0.748670855486	0.627839536008	0.661188980184	0.609473175447	0.730304494925	0.670372160464	0.705654905752	0.690671822136	0.646689221846	0.637989366844	0.605123247946	0.822136297728	0.766553890768	0.802319961334	0.784920251329	0.760753987434	0.785403576607	0.70130497825	0.673272112131	0.688255195747	0.680038666022	0.668438859352	0.798936684389	0.678588690188	0.770420492992	0.620106331561	0.760270662156
AC8	0.563073948768	0.570323827936	0.907684871919	0.614789753504	0.670855485742	0.516674722088	0.675688738521	0.496375060416	0.476558724021	0.585306911551	0.539874335428	0.62735621073	0.578057032383	0.83325277912	0.630256162397	0.550024166264	0.506041565974	0.498791686805	0.839536007733	0.679072015466	0.362493958434	0.0	0.491541807637	0.487191880135	0.835186080232	0.533591106815	0.408893185114	0.370710488159	0.434509424843	0.480908651522	0.521991300145	0.473175447076	0.483325277912	0.515708071532	0.727404543258	0.663605606573	0.531657805703	0.58095698405	0.536007733204	0.645239246013	0.580473658772	0.647172547124	0.635572740454	0.57177380377	0.5601739971	0.52537457709	0.728371193813	0.66892218463	0.718221362977	0.696471725471	0.669405509908	0.688255195747	0.611889801837	0.582890285162	0.597873368777	0.582890285162	0.569840502658	0.707104881585	0.581923634606	0.682455292412	0.542290961817	0.664088931851
AD7	0.581923634606	0.591106814886	0.957467375544	0.658289028516	0.724987916868	0.527307878202	0.683421942968	0.498308361527	0.478008699855	0.599806669889	0.445142580957	0.670372160464	0.585790236829	0.880618656356	0.639922667956	0.573707104882	0.482841952634	0.475108748188	0.933301111648	0.769453842436	0.565973900435	0.491541807637	0.0	0.277428709522	0.899468342194	0.523924601257	0.42822619623	0.449975833736	0.505074915418	0.555824069599	0.506524891252	0.482841952634	0.480425326245	0.534074432093	0.74528757854	0.682455292412	0.509908168197	0.604639922668	0.538424359594	0.656839052682	0.593040115998	0.705171580474	0.681488641856	0.604639922668	0.5601739971	0.541807636539	0.752054132431	0.687771870469	0.741420976317	0.709038182697	0.684388593523	0.710488158531	0.626389560174	0.603673272112	0.612373127115	0.607539874335	0.584340260996	0.725471242146	0.598840019333	0.697921701305	0.558240695988	0.681488641856
AD8	0.567907201547	0.591106814886	0.946350894152	0.645239246013	0.708554857419	0.50459159014	0.679555340744	0.490575157081	0.473175447076	0.587240212663	0.434026099565	0.652489125181	0.584823586274	0.867085548574	0.642339294345	0.567423876269	0.482841952634	0.474142097632	0.920251329145	0.753020782987	0.5601739971	0.487191880135	0.277428709522	0.0	0.859835669406	0.488641855969	0.422426292895	0.446592556791	0.486708554857	0.539874335428	0.493958434026	0.483325277912	0.484775253746	0.53939101015	0.744320927985	0.681488641856	0.503624939584	0.597390043499	0.534074432093	0.648622522958	0.589656839053	0.698405026583	0.678588690188	0.593040115998	0.560657322378	0.546157564041	0.754954084099	0.681971967134	0.739487675205	0.704204929918	0.686321894635	0.706621556307	0.621072982117	0.59255679072	0.604639922668	0.597873368777	0.592073465442	0.720637989367	0.608506524891	0.695505074915	0.554374093765	0.676655389077
AE7	0.830836152731	0.88883518608	0.849685838569	0.798453359111	0.819719671339	0.890768487192	0.920734654422	0.907684871919	0.882551957467	0.904301594973	0.915418076365	0.842435959401	0.884485258579	0.82648622523	0.902368293862	0.846302561624	0.869502174964	0.864668922185	0.737554374094	0.724987916868	0.823102948284	0.835186080232	0.899468342194	0.859835669406	0.0	0.543740937651	0.880135331078	0.847752537458	0.768970517158	0.774770420493	0.838086031899	0.843885935234	0.898018366361	0.917834702755	0.926051232479	0.919768003867	0.913484775254	0.898018366361	0.919768003867	0.874818753021	0.899468342194	0.884968583857	0.877718704688	0.883518608023	0.931367810536	0.922184630256	0.890768487192	0.896568390527	0.904301594973	0.891735137748	0.907201546641	0.894151764137	0.893668438859	0.892701788304	0.905751570807	0.886418559691	0.908168197197	0.887868535524	0.905268245529	0.901401643306	0.912518124698	0.901884968584
AE8	0.594006766554	0.635572740454	0.893668438859	0.647655872402	0.696471725471	0.589173513775	0.680038666022	0.603189946834	0.582406959884	0.614789753504	0.617206379894	0.639439342678	0.621556307395	0.819719671339	0.690671822136	0.605606573224	0.599806669889	0.587723537941	0.815369743838	0.655389076849	0.572257129048	0.533591106815	0.523924601257	0.488641855969	0.543740937651	0.0	0.565007249879	0.53939101015	0.510874818753	0.497825036249	0.57177380377	0.558240695988	0.599806669889	0.619623006283	0.763170613823	0.707104881585	0.617689705172	0.625422909618	0.620106331561	0.654905751571	0.619623006283	0.689221846303	0.662155630739	0.61333977767	0.630739487675	0.631222812953	0.764137264379	0.697921701305	0.751087481875	0.712421459642	0.702271628806	0.727887868536	0.664572257129	0.642339294345	0.643305944901	0.6389560174	0.645239246013	0.73610439826	0.659255679072	0.698405026583	0.616723054616	0.696955050749
AF7	0.564040599323	0.54857419043	0.942484291928	0.647655872402	0.666988883519	0.482841952634	0.686805219913	0.448042532624	0.4398260029	0.593523441276	0.452875785404	0.613823102948	0.527307878202	0.867085548574	0.620589656839	0.553407443209	0.424359594007	0.417109714838	0.901884968584	0.740454325761	0.554374093765	0.408893185114	0.42822619623	0.422426292895	0.880135331078	0.565007249879	0.0	0.339294345094	0.491541807637	0.541807636539	0.484775253746	0.478008699855	0.429676172064	0.479942000967	0.691638472692	0.637022716288	0.458192363461	0.560657322378	0.500724987917	0.623489608507	0.542290961817	0.683421942968	0.667955534074	0.556790720155	0.532624456259	0.499275012083	0.6805219913	0.622039632673	0.687288545191	0.658289028516	0.629289511841	0.644272595457	0.570323827936	0.545190913485	0.558724021266	0.547124214596	0.54857419043	0.659255679072	0.559207346544	0.64572257129	0.492025132914	0.618656355727
AF8	0.55099081682	0.568390526825	0.919284678589	0.620589656839	0.676655389077	0.507974867086	0.677138714355	0.464475592073	0.459159014016	0.579990333494	0.502174963751	0.632189463509	0.567423876269	0.846302561624	0.632189463509	0.545190913485	0.463508941518	0.461575640406	0.872885451909	0.71290478492	0.511841469309	0.370710488159	0.449975833736	0.446592556791	0.847752537458	0.53939101015	0.339294345094	0.0	0.454325761237	0.502174963751	0.498308361527	0.470275495408	0.456742387627	0.517641372644	0.716288061866	0.65973900435	0.481875302078	0.567907201547	0.528274528758	0.623006283229	0.556307394877	0.656355727405	0.6389560174	0.556790720155	0.54857419043	0.522957950701	0.705654905752	0.646205896568	0.708071532141	0.683905268246	0.652489125181	0.667472208797	0.591590140164	0.565007249879	0.577573707105	0.561623972934	0.556790720155	0.68293861769	0.569840502658	0.669405509908	0.511358144031	0.641372643789
AG7	0.588690188497	0.60415659739	0.840502658289	0.559690671822	0.671822136298	0.531657805703	0.683421942968	0.512324794587	0.490575157081	0.589173513775	0.538424359594	0.644272595457	0.60415659739	0.763170613823	0.660705654906	0.570807153214	0.531174480425	0.524891251812	0.751087481875	0.561140647656	0.473175447076	0.434509424843	0.505074915418	0.486708554857	0.768970517158	0.510874818753	0.491541807637	0.454325761237	0.0	0.325277912035	0.539874335428	0.501208313195	0.510391493475	0.559690671822	0.756404059932	0.692605123248	0.540357660706	0.59497341711	0.543740937651	0.655872402127	0.595456742388	0.652489125181	0.636056065732	0.578057032383	0.592073465442	0.569840502658	0.757854035766	0.691155147414	0.736587723538	0.714354760754	0.687771870469	0.718221362977	0.632189463509	0.611406476559	0.624456259062	0.610923151281	0.616723054616	0.734654422426	0.635089415176	0.70130497825	0.578057032383	0.681488641856
AG8	0.584823586274	0.611889801837	0.837602706622	0.586756887385	0.683905268246	0.576123731271	0.676172063799	0.572257129048	0.553407443209	0.600289995167	0.595456742388	0.654905751571	0.611406476559	0.749637506042	0.674238762687	0.587240212663	0.582890285162	0.579507008217	0.708071532141	0.532624456259	0.494925084582	0.480908651522	0.555824069599	0.539874335428	0.774770420493	0.497825036249	0.541807636539	0.502174963751	0.325277912035	0.0	0.574673755437	0.554374093765	0.570807153214	0.590623489609	0.765103914935	0.70372160464	0.589656839053	0.605123247946	0.584823586274	0.658772353794	0.60415659739	0.660705654906	0.647655872402	0.597390043499	0.610923151281	0.602706621556	0.766070565491	0.693088448526	0.744804253262	0.721604639923	0.699371677139	0.723054615756	0.644755920735	0.62493958434	0.633156114065	0.623489608507	0.629772837119	0.743354277429	0.647655872402	0.705654905752	0.598840019333	0.687288545191
AH7	0.586273562107	0.639439342678	0.950700821653	0.694055099082	0.707104881585	0.559690671822	0.706621556307	0.548090865152	0.536007733204	0.642822619623	0.530691155147	0.662638956017	0.625422909618	0.877718704688	0.693088448526	0.59255679072	0.510874818753	0.473175447076	0.881101981634	0.744320927985	0.567423876269	0.521991300145	0.506524891252	0.493958434026	0.838086031899	0.57177380377	0.484775253746	0.498308361527	0.539874335428	0.574673755437	0.0	0.335911068149	0.565973900435	0.609473175447	0.78008699855	0.725954567424	0.552440792653	0.661672305462	0.60657322378	0.678588690188	0.634606089899	0.755437409377	0.733204446593	0.657805703238	0.629772837119	0.61333977767	0.765103914935	0.718221362977	0.755920734654	0.726437892702	0.710971483809	0.727404543258	0.642822619623	0.620106331561	0.634606089899	0.632189463509	0.626389560174	0.743837602707	0.634122764621	0.719188013533	0.608989850169	0.714838086032
AH8	0.558724021266	0.574673755437	0.956500724988	0.65055582407	0.663605606573	0.507974867086	0.679072015466	0.501208313195	0.486708554857	0.59497341711	0.524891251812	0.61333977767	0.549540840986	0.878685355244	0.632672788787	0.541324311261	0.420492991783	0.385210246496	0.894151764137	0.747220879652	0.558724021266	0.473175447076	0.482841952634	0.483325277912	0.843885935234	0.558240695988	0.478008699855	0.470275495408	0.501208313195	0.554374093765	0.335911068149	0.0	0.500724987917	0.534074432093	0.742870952151	0.684871918801	0.528274528758	0.60657322378	0.544224262929	0.624456259062	0.58095698405	0.710004833253	0.679555340744	0.60415659739	0.573707104882	0.541807636539	0.711938134364	0.655389076849	0.710004833253	0.67133881102	0.652972450459	0.671822136298	0.589656839053	0.561140647656	0.583856935718	0.56935717738	0.563073948768	0.69212179797	0.575157080715	0.669888835186	0.542774287095	0.652005799903
AA5	0.57177380377	0.500241662639	0.952150797487	0.635572740454	0.612856452392	0.449492508458	0.635089415176	0.395360077332	0.407926534558	0.542774287095	0.450459159014	0.565973900435	0.515708071532	0.876752054132	0.552440792653	0.549057515708	0.418076365394	0.436442725955	0.922667955534	0.769937167714	0.555824069599	0.483325277912	0.480425326245	0.484775253746	0.898018366361	0.599806669889	0.429676172064	0.456742387627	0.510391493475	0.570807153214	0.565973900435	0.500724987917	0.0	0.34026099565	0.691638472692	0.605606573224	0.473658772354	0.491541807637	0.46302561624	0.568873852102	0.484775253746	0.612373127115	0.58095698405	0.48622522958	0.529241179314	0.47462542291	0.710488158531	0.640889318511	0.673272112131	0.65055582407	0.651522474625	0.676655389077	0.546640889319	0.554857419043	0.575157080715	0.553407443209	0.532141130981	0.688738521025	0.553407443209	0.644755920735	0.501208313195	0.633156114065
AA6	0.591590140164	0.515224746254	0.959400676655	0.649105848236	0.642822619623	0.484775253746	0.641855969067	0.454325761237	0.462542290962	0.550024166264	0.508941517641	0.59497341711	0.524407926535	0.884001933301	0.58095698405	0.557274045433	0.470275495408	0.490091831803	0.942967617206	0.78927017883	0.597873368777	0.515708071532	0.534074432093	0.53939101015	0.917834702755	0.619623006283	0.479942000967	0.517641372644	0.559690671822	0.590623489609	0.609473175447	0.534074432093	0.34026099565	0.0	0.690671822136	0.60657322378	0.521024649589	0.520541324311	0.484775253746	0.583856935718	0.500241662639	0.643789270179	0.614789753504	0.530691155147	0.475108748188	0.428709521508	0.710971483809	0.64813919768	0.675688738521	0.656355727405	0.651522474625	0.676172063799	0.559207346544	0.556790720155	0.578057032383	0.5601739971	0.546157564041	0.687288545191	0.556790720155	0.65055582407	0.517641372644	0.646689221846
AB5	0.738037699372	0.65973900435	0.969550507492	0.724021266312	0.617206379894	0.631706138231	0.73852102465	0.655872402127	0.663122281295	0.695505074915	0.66892218463	0.612856452392	0.661672305462	0.903334944418	0.710971483809	0.69453842436	0.693088448526	0.69212179797	0.938617689705	0.804253262446	0.811503141614	0.727404543258	0.74528757854	0.744320927985	0.926051232479	0.763170613823	0.691638472692	0.716288061866	0.756404059932	0.765103914935	0.78008699855	0.742870952151	0.691638472692	0.690671822136	0.0	0.333011116481	0.614789753504	0.661188980184	0.626389560174	0.628322861286	0.608989850169	0.721121314645	0.735621072982	0.647172547124	0.622522957951	0.624456259062	0.623006283229	0.610439826003	0.628806186564	0.608989850169	0.62493958434	0.610923151281	0.596906718221	0.598840019333	0.614306428226	0.612373127115	0.662155630739	0.597873368777	0.652005799903	0.608506524891	0.672305461576	0.611406476559
AB6	0.686321894635	0.589656839053	0.960850652489	0.667955534074	0.575157080715	0.559207346544	0.670372160464	0.578540357661	0.589173513775	0.623489608507	0.617206379894	0.537457709038	0.608023199613	0.889318511358	0.6389560174	0.635572740454	0.645239246013	0.640889318511	0.936201063316	0.781053649106	0.748670855486	0.663605606573	0.682455292412	0.681488641856	0.919768003867	0.707104881585	0.637022716288	0.65973900435	0.692605123248	0.70372160464	0.725954567424	0.684871918801	0.605606573224	0.60657322378	0.333011116481	0.0	0.567423876269	0.575157080715	0.56935717738	0.570323827936	0.55099081682	0.652005799903	0.65732237796	0.549540840986	0.548090865152	0.558240695988	0.597390043499	0.537941034316	0.57177380377	0.546157564041	0.556790720155	0.564523924601	0.536007733204	0.552924117931	0.567423876269	0.570323827936	0.601739971	0.564040599323	0.590140164331	0.541807636539	0.622522957951	0.537941034316
AC5	0.597873368777	0.550507491542	0.965683905268	0.646205896568	0.613823102948	0.445142580957	0.662638956017	0.433059449009	0.431609473175	0.572257129048	0.434026099565	0.559207346544	0.533591106815	0.890285161914	0.621556307395	0.568873852102	0.46060898985	0.446592556791	0.94441759304	0.78250362494	0.627839536008	0.531657805703	0.509908168197	0.503624939584	0.913484775254	0.617689705172	0.458192363461	0.481875302078	0.540357660706	0.589656839053	0.552440792653	0.528274528758	0.473658772354	0.521024649589	0.614789753504	0.567423876269	0.0	0.453359110681	0.438859352344	0.588206863219	0.514741420976	0.691155147414	0.658289028516	0.536007733204	0.47462542291	0.455775737071	0.601739971	0.557274045433	0.614789753504	0.572740454326	0.561140647656	0.578540357661	0.508458192363	0.467858869019	0.497341710971	0.484775253746	0.56935717738	0.590623489609	0.574190430159	0.561140647656	0.511841469309	0.553407443209
AC6	0.608989850169	0.501208313195	0.950217496375	0.637022716288	0.579023682939	0.518124697922	0.512324794587	0.493475108748	0.524891251812	0.465442242629	0.55775737071	0.53020782987	0.540357660706	0.867568873852	0.53020782987	0.556307394877	0.565973900435	0.566940550991	0.915418076365	0.753987433543	0.661188980184	0.58095698405	0.604639922668	0.597390043499	0.898018366361	0.625422909618	0.560657322378	0.567907201547	0.59497341711	0.605123247946	0.661672305462	0.60657322378	0.491541807637	0.520541324311	0.661188980184	0.575157080715	0.453359110681	0.0	0.521507974867	0.515708071532	0.480908651522	0.46302561624	0.42822619623	0.401643305945	0.561623972934	0.559690671822	0.668438859352	0.609956500725	0.644272595457	0.625906234896	0.623006283229	0.646689221846	0.564523924601	0.547607539874	0.567907201547	0.554857419043	0.553407443209	0.650072498792	0.558724021266	0.608506524891	0.554857419043	0.610439826003
AD6	0.598840019333	0.529241179314	0.963267278879	0.627839536008	0.593523441276	0.414693088449	0.61333977767	0.425809569841	0.435959400677	0.528757854036	0.442725954567	0.537941034316	0.511841469309	0.889801836636	0.593523441276	0.55099081682	0.4813919768	0.479458675689	0.948767520541	0.788303528275	0.609473175447	0.536007733204	0.538424359594	0.534074432093	0.919768003867	0.620106331561	0.500724987917	0.528274528758	0.543740937651	0.584823586274	0.60657322378	0.544224262929	0.46302561624	0.484775253746	0.626389560174	0.56935717738	0.438859352344	0.521507974867	0.0	0.550507491542	0.42822619623	0.670855485742	0.645239246013	0.518124697922	0.484291928468	0.459159014016	0.614306428226	0.552924117931	0.596423392943	0.578057032383	0.56935717738	0.587723537941	0.481875302078	0.471242145964	0.494925084582	0.476075398743	0.545190913485	0.590623489609	0.550507491542	0.568390526825	0.472692121798	0.553890768487
AE5	0.633156114065	0.540357660706	0.96520057999	0.631706138231	0.559690671822	0.553890768487	0.580473658772	0.561623972934	0.600773320445	0.529724504592	0.621072982117	0.519091348478	0.564523924601	0.886901884969	0.543740937651	0.578540357661	0.612373127115	0.616239729338	0.92363460609	0.763170613823	0.730304494925	0.645239246013	0.656839052682	0.648622522958	0.874818753021	0.654905751571	0.623489608507	0.623006283229	0.655872402127	0.658772353794	0.678588690188	0.624456259062	0.568873852102	0.583856935718	0.628322861286	0.570323827936	0.588206863219	0.515708071532	0.550507491542	0.0	0.360560657322	0.584823586274	0.576123731271	0.508941517641	0.628806186564	0.629772837119	0.661188980184	0.601739971	0.625422909618	0.598356694055	0.625906234896	0.63653939101	0.543257612373	0.564040599323	0.603673272112	0.568390526825	0.557274045433	0.638472692122	0.559207346544	0.599806669889	0.581923634606	0.610439826003
AE6	0.603189946834	0.4813919768	0.963750604157	0.623489608507	0.56259062349	0.476558724021	0.570807153214	0.468342194297	0.512324794587	0.497341710971	0.532624456259	0.515224746254	0.505558240696	0.889318511358	0.551474142098	0.543740937651	0.536491058482	0.535524407927	0.936684388594	0.776220396327	0.670372160464	0.580473658772	0.593040115998	0.589656839053	0.899468342194	0.619623006283	0.542290961817	0.556307394877	0.595456742388	0.60415659739	0.634606089899	0.58095698405	0.484775253746	0.500241662639	0.608989850169	0.55099081682	0.514741420976	0.480908651522	0.42822619623	0.360560657322	0.0	0.617206379894	0.593523441276	0.470275495408	0.537941034316	0.544224262929	0.64813919768	0.582406959884	0.608989850169	0.588690188497	0.604639922668	0.623972933784	0.50459159014	0.494441759304	0.525857902368	0.503624939584	0.526341227646	0.622522957951	0.531657805703	0.583856935718	0.50700821653	0.587240212663
AF5	0.706621556307	0.60415659739	0.931367810536	0.643305944901	0.644272595457	0.658772353794	0.541807636539	0.62493958434	0.655872402127	0.556790720155	0.700821652972	0.607056549058	0.652972450459	0.850652489125	0.572740454326	0.657805703238	0.698405026583	0.708554857419	0.871918801353	0.728854519091	0.705654905752	0.647172547124	0.705171580474	0.698405026583	0.884968583857	0.689221846303	0.683421942968	0.656355727405	0.652489125181	0.660705654906	0.755437409377	0.710004833253	0.612373127115	0.643789270179	0.721121314645	0.652005799903	0.691155147414	0.46302561624	0.670855485742	0.584823586274	0.617206379894	0.0	0.285645239246	0.527307878202	0.704204929918	0.696955050749	0.744804253262	0.699371677139	0.717254712421	0.702271628806	0.716771387144	0.728371193813	0.668438859352	0.688738521025	0.702271628806	0.693088448526	0.652972450459	0.728854519091	0.660222329628	0.687771870469	0.687771870469	0.698405026583
AF6	0.676655389077	0.58095698405	0.928467858869	0.647655872402	0.636056065732	0.632672788787	0.511358144031	0.599806669889	0.635089415176	0.529724504592	0.670372160464	0.603673272112	0.628322861286	0.84726921218	0.551957467376	0.625906234896	0.673272112131	0.682455292412	0.878685355244	0.728371193813	0.690671822136	0.635572740454	0.681488641856	0.678588690188	0.877718704688	0.662155630739	0.667955534074	0.6389560174	0.636056065732	0.647655872402	0.733204446593	0.679555340744	0.58095698405	0.614789753504	0.735621072982	0.65732237796	0.658289028516	0.42822619623	0.645239246013	0.576123731271	0.593523441276	0.285645239246	0.0	0.499758337361	0.686805219913	0.676655389077	0.743837602707	0.68970517158	0.706138231029	0.691638472692	0.695021749638	0.720637989367	0.643789270179	0.660705654906	0.673272112131	0.666022232963	0.622522957951	0.715804736588	0.621556307395	0.674238762687	0.669405509908	0.68970517158
