	AA3	AA4	AB3	AB4	AC3	AC4	AD3	AD4	AE3	AE4	AF3	AF4	AG3	AG4	AH3	AH4	AA7	AA8	AB7	AB8	AC7	AC8	AD7	AD8	AE7	AE8	AF7	AF8	AG7	AG8	AH7	AH8	AA5	AA6	AB5	AB6	AC5	AC6	AD6	AE5	AE6	AF5	AF6	AG5	AH5	AH6	AA1	AA2	AB1	AB2	AC1	AC2	AD1	AD2	AE1	AE2	AF1	AF2	AG1	AG2	AH1	AH2
AA3	0.0	0.466892218463	0.927017883035	0.611889801837	0.636056065732	0.590140164331	0.672305461576	0.58337361044	0.566457225713	0.632189463509	0.619139681005	0.616723054616	0.577573707105	0.839536007733	0.636056065732	0.326244562591	0.585790236829	0.55775737071	0.85886901885	0.709038182697	0.608023199613	0.555824069599	0.587723537941	0.582406959884	0.820686321895	0.587723537941	0.578540357661	0.554857419043	0.579023682939	0.578057032383	0.602706621556	0.551474142098	0.579023682939	0.605123247946	0.735137747704	0.678588690188	0.608506524891	0.629772837119	0.590140164331	0.634606089899	0.616723054616	0.71532141131	0.675688738521	0.621072982117	0.628322861286	0.618656355727	0.662155630739	0.639922667956	0.697921701305	0.666022232963	0.625906234896	0.662638956017	0.578540357661	0.561140647656	0.577573707105	0.558240695988	0.56259062349	0.654905751571	0.566940550991	0.658772353794	0.584340260996	0.642822619623
AA4	0.466892218463	0.0	0.945384243596	0.571290478492	0.554374093765	0.498308361527	0.597390043499	0.494441759304	0.496858385694	0.536491058482	0.554374093765	0.506041565974	0.476558724021	0.850652489125	0.382310294828	0.373610439826	0.531174480425	0.528757854036	0.885935234413	0.729337844369	0.651522474625	0.576607056549	0.575157080715	0.576123731271	0.864668922185	0.607539874335	0.554857419043	0.552440792653	0.595940067666	0.602706621556	0.618656355727	0.574673755437	0.5186080232	0.520057999033	0.653939101015	0.585306911551	0.565973900435	0.521024649589	0.508458192363	0.53939101015	0.508458192363	0.65055582407	0.599806669889	0.522957950701	0.576607056549	0.556790720155	0.633639439343	0.565973900435	0.625422909618	0.601256645723	0.578057032383	0.620589656839	0.529724504592	0.50700821653	0.521507974867	0.499275012083	0.490575157081	0.605123247946	0.488641855969	0.598356694055	0.510391493475	0.575640405993
AB3	0.927017883035	0.945384243596	0.0	0.661188980184	0.916384726921	0.951184146931	0.95360077332	0.945867568874	0.93281778637	0.948284195263	0.969067182214	0.93281778637	0.960850652489	0.324794586757	0.957950700822	0.938134364427	0.969550507492	0.962300628323	0.715804736588	0.741420976317	0.88883518608	0.909134847753	0.960367327211	0.940067665539	0.847752537458	0.898501691638	0.941034316095	0.925084581924	0.835186080232	0.823102948284	0.948767520541	0.947800869986	0.955050749154	0.959884001933	0.971000483325	0.962300628323	0.969067182214	0.951667472209	0.970517158047	0.970033832769	0.969067182214	0.926051232479	0.929917834703	0.944900918318	0.975350410826	0.969550507492	0.969550507492	0.966650555824	0.966650555824	0.96761720638	0.970517158047	0.964717254712	0.970033832769	0.969550507492	0.975350410826	0.968583856936	0.968583856936	0.966167230546	0.968100531658	0.970517158047	0.969550507492	0.970517158047
AB4	0.611889801837	0.571290478492	0.661188980184	0.0	0.628806186564	0.596906718221	0.680038666022	0.61333977767	0.612373127115	0.624456259062	0.639439342678	0.590140164331	0.481875302078	0.546640889319	0.603673272112	0.597390043499	0.635572740454	0.630256162397	0.720637989367	0.568873852102	0.652005799903	0.619139681005	0.651522474625	0.635572740454	0.797003383277	0.630739487675	0.644755920735	0.622522957951	0.546640889319	0.565490575157	0.682455292412	0.65055582407	0.64572257129	0.649105848236	0.713388110198	0.664572257129	0.64572257129	0.630739487675	0.621072982117	0.634122764621	0.620589656839	0.683905268246	0.65973900435	0.621556307395	0.669405509908	0.661188980184	0.687288545191	0.647655872402	0.688738521025	0.66892218463	0.656355727405	0.672305461576	0.619139681005	0.623972933784	0.643789270179	0.612373127115	0.630739487675	0.666505558241	0.625906234896	0.666022232963	0.632189463509	0.654905751571
AC3	0.636056065732	0.554374093765	0.916384726921	0.628806186564	0.0	0.491541807637	0.634606089899	0.532624456259	0.543740937651	0.579990333494	0.618173030449	0.334944417593	0.600773320445	0.831802803287	0.590140164331	0.608023199613	0.616239729338	0.612373127115	0.871918801353	0.743837602707	0.709521507975	0.665538907685	0.698405026583	0.693088448526	0.840019333011	0.681488641856	0.653939101015	0.658772353794	0.662155630739	0.662155630739	0.695021749638	0.660705654906	0.595456742388	0.616723054616	0.611406476559	0.574673755437	0.605123247946	0.585306911551	0.563557274045	0.565490575157	0.536007733204	0.663605606573	0.649105848236	0.559207346544	0.620589656839	0.613823102948	0.595940067666	0.586756887385	0.585790236829	0.56935717738	0.591590140164	0.583856935718	0.541324311261	0.551957467376	0.576123731271	0.550024166264	0.602706621556	0.570323827936	0.610923151281	0.581923634606	0.608989850169	0.58095698405
AC4	0.590140164331	0.498308361527	0.951184146931	0.596906718221	0.491541807637	0.0	0.609956500725	0.385210246496	0.397293378444	0.529724504592	0.345577573707	0.402126631223	0.515708071532	0.862735621073	0.565973900435	0.53939101015	0.493475108748	0.472692121798	0.923151280812	0.758337361044	0.591106814886	0.533107781537	0.508941517641	0.522474625423	0.890285161914	0.564040599323	0.496858385694	0.51377477042	0.537941034316	0.560657322378	0.578057032383	0.521507974867	0.44900918318	0.462058965684	0.635572740454	0.564040599323	0.472692121798	0.514741420976	0.409859835669	0.553890768487	0.472692121798	0.700338327695	0.651039149348	0.508458192363	0.496375060416	0.478975350411	0.624456259062	0.567423876269	0.586273562107	0.58095698405	0.55775737071	0.603673272112	0.498308361527	0.497825036249	0.507974867086	0.491058482359	0.535524407927	0.592073465442	0.555340744321	0.579507008217	0.47462542291	0.561623972934
AD3	0.672305461576	0.597390043499	0.95360077332	0.680038666022	0.634606089899	0.609956500725	0.0	0.511841469309	0.633639439343	0.347027549541	0.678588690188	0.596906718221	0.628806186564	0.867085548574	0.584340260996	0.637989366844	0.678105364911	0.678588690188	0.938134364427	0.777187046883	0.709038182697	0.69212179797	0.690188496858	0.687771870469	0.91445142581	0.679072015466	0.692605123248	0.684388593523	0.684388593523	0.676172063799	0.713388110198	0.685838569357	0.629289511841	0.651039149348	0.727887868536	0.664088931851	0.670855485742	0.53939101015	0.620589656839	0.563557274045	0.567423876269	0.568390526825	0.528274528758	0.537941034316	0.694055099082	0.679072015466	0.754954084099	0.69212179797	0.732237796037	0.708554857419	0.695988400193	0.727887868536	0.663605606573	0.656355727405	0.666988883519	0.640405993233	0.619623006283	0.716771387144	0.628322861286	0.699371677139	0.68293861769	0.707588206863
AD4	0.58337361044	0.494441759304	0.945867568874	0.61333977767	0.532624456259	0.385210246496	0.511841469309	0.0	0.324794586757	0.40744320928	0.436442725955	0.486708554857	0.532624456259	0.860318994683	0.559207346544	0.537457709038	0.498308361527	0.4813919768	0.935717738038	0.76848719188	0.579990333494	0.515708071532	0.497341710971	0.498308361527	0.909134847753	0.579023682939	0.474142097632	0.484291928468	0.519574673755	0.566940550991	0.567907201547	0.516674722088	0.411793136781	0.445142580957	0.641855969067	0.563073948768	0.456259062349	0.479458675689	0.41662638956	0.555340744321	0.471725471242	0.649589173514	0.610923151281	0.474142097632	0.485258579024	0.470758820686	0.653455775737	0.589656839053	0.626872885452	0.615273078782	0.591106814886	0.633639439343	0.532624456259	0.515708071532	0.524891251812	0.512808119865	0.533107781537	0.623489608507	0.554374093765	0.612373127115	0.502174963751	0.597390043499
AE3	0.566457225713	0.496858385694	0.93281778637	0.612373127115	0.543740937651	0.397293378444	0.633639439343	0.324794586757	0.0	0.522957950701	0.409376510391	0.505074915418	0.523924601257	0.854035766071	0.566457225713	0.539874335428	0.450942484292	0.434992750121	0.92363460609	0.758820686322	0.566457225713	0.473175447076	0.461575640406	0.466408893185	0.892701788304	0.566457225713	0.427742870952	0.445625906235	0.495891735138	0.561623972934	0.535041082649	0.4813919768	0.398743354277	0.442725954567	0.656355727405	0.582406959884	0.427259545674	0.520541324311	0.420976317061	0.608023199613	0.525857902368	0.697921701305	0.651039149348	0.516674722088	0.48380860319	0.462542290962	0.654422426293	0.587723537941	0.621556307395	0.618173030449	0.586273562107	0.635572740454	0.535041082649	0.5186080232	0.526341227646	0.51619139681	0.540357660706	0.623006283229	0.555824069599	0.612856452392	0.487191880135	0.59255679072
AE4	0.632189463509	0.536491058482	0.948284195263	0.624456259062	0.579990333494	0.529724504592	0.347027549541	0.40744320928	0.522957950701	0.0	0.597390043499	0.551474142098	0.581440309328	0.858385693572	0.54857419043	0.570807153214	0.595940067666	0.597390043499	0.936684388594	0.766553890768	0.65732237796	0.608506524891	0.606089898502	0.604639922668	0.90961817303	0.628322861286	0.607056549058	0.594490091832	0.596423392943	0.608989850169	0.649589173514	0.605123247946	0.543257612373	0.568873852102	0.692605123248	0.622039632673	0.586273562107	0.464475592073	0.542774287095	0.529241179314	0.50700821653	0.587240212663	0.539874335428	0.476558724021	0.610439826003	0.599806669889	0.71290478492	0.651039149348	0.688255195747	0.674722087965	0.660222329628	0.68970517158	0.617689705172	0.602223296278	0.601739971	0.591106814886	0.572257129048	0.679072015466	0.588206863219	0.673755437409	0.598840019333	0.664088931851
AF3	0.619139681005	0.554374093765	0.969067182214	0.639439342678	0.618173030449	0.345577573707	0.678588690188	0.436442725955	0.409376510391	0.597390043499	0.0	0.539874335428	0.550024166264	0.882551957467	0.618173030449	0.581440309328	0.454809086515	0.437892701788	0.958917351377	0.797003383277	0.60415659739	0.532141130981	0.437892701788	0.462058965684	0.925084581924	0.60415659739	0.443209279845	0.502658289029	0.544224262929	0.600773320445	0.531657805703	0.512808119865	0.443209279845	0.489125181247	0.678588690188	0.628806186564	0.432576123731	0.554374093765	0.450459159014	0.634122764621	0.546157564041	0.738037699372	0.68970517158	0.548090865152	0.510391493475	0.49540840986	0.66892218463	0.60415659739	0.656839052682	0.630256162397	0.602706621556	0.648622522958	0.561623972934	0.533107781537	0.542290961817	0.534557757371	0.572740454326	0.643305944901	0.589173513775	0.618173030449	0.497341710971	0.601256645723
AF4	0.616723054616	0.506041565974	0.93281778637	0.590140164331	0.334944417593	0.402126631223	0.596906718221	0.486708554857	0.505074915418	0.551474142098	0.539874335428	0.0	0.550024166264	0.845335911068	0.547124214596	0.56935717738	0.579990333494	0.578057032383	0.893185113581	0.732721121315	0.698405026583	0.644272595457	0.652972450459	0.64813919768	0.857902368294	0.637506041566	0.618656355727	0.626872885452	0.638472692122	0.634122764621	0.670372160464	0.626872885452	0.550507491542	0.579507008217	0.601256645723	0.528274528758	0.565490575157	0.552924117931	0.507974867086	0.524407926535	0.497825036249	0.648622522958	0.622522957951	0.533591106815	0.577090381827	0.565490575157	0.589656839053	0.536491058482	0.572740454326	0.542290961817	0.552924117931	0.570323827936	0.495891735138	0.510874818753	0.533107781537	0.513291445143	0.568873852102	0.552440792653	0.575640405993	0.540840985984	0.558240695988	0.529724504592
AG3	0.577573707105	0.476558724021	0.960850652489	0.481875302078	0.600773320445	0.515708071532	0.628806186564	0.532624456259	0.523924601257	0.581440309328	0.550024166264	0.550024166264	0.0	0.840985983567	0.51619139681	0.536007733204	0.516674722088	0.511358144031	0.927501208313	0.758820686322	0.668438859352	0.595940067666	0.582406959884	0.594006766554	0.884968583857	0.629289511841	0.54857419043	0.576123731271	0.611889801837	0.615273078782	0.641372643789	0.582890285162	0.533107781537	0.529241179314	0.667472208797	0.614306428226	0.566457225713	0.559690671822	0.520057999033	0.588690188497	0.532141130981	0.693088448526	0.646689221846	0.553407443209	0.578540357661	0.555824069599	0.635089415176	0.574190430159	0.62493958434	0.610923151281	0.581923634606	0.614306428226	0.541324311261	0.520541324311	0.548090865152	0.520057999033	0.54857419043	0.611406476559	0.552440792653	0.609956500725	0.509908168197	0.591106814886
AG4	0.839536007733	0.850652489125	0.324794586757	0.546640889319	0.831802803287	0.862735621073	0.867085548574	0.860318994683	0.854035766071	0.858385693572	0.882551957467	0.845335911068	0.840985983567	0.0	0.869018849686	0.844369260512	0.888351860802	0.883518608023	0.707104881585	0.667472208797	0.813919768004	0.832286128565	0.8796520058	0.858385693572	0.819236346061	0.820686321895	0.859835669406	0.842919284679	0.759787336878	0.740937651039	0.877718704688	0.86805219913	0.87046882552	0.872885451909	0.898018366361	0.883035282745	0.883518608023	0.862252295795	0.883035282745	0.881585306912	0.878202029966	0.847752537458	0.843885935234	0.861768970517	0.890285161914	0.881585306912	0.881585306912	0.882551957467	0.884485258579	0.880135331078	0.889318511358	0.882551957467	0.886901884969	0.882068632189	0.896085065249	0.884968583857	0.885451909135	0.881101981634	0.883518608023	0.882551957467	0.887868535524	0.887385210246
AH3	0.636056065732	0.382310294828	0.957950700822	0.603673272112	0.590140164331	0.565973900435	0.584340260996	0.559207346544	0.566457225713	0.54857419043	0.618173030449	0.547124214596	0.51619139681	0.869018849686	0.0	0.542290961817	0.596906718221	0.605606573224	0.927017883035	0.769937167714	0.710971483809	0.639439342678	0.638472692122	0.648622522958	0.894635089415	0.683905268246	0.6389560174	0.637989366844	0.664572257129	0.671822136298	0.692605123248	0.644272595457	0.567907201547	0.584823586274	0.699855002417	0.634606089899	0.645239246013	0.558724021266	0.593040115998	0.565490575157	0.562107298212	0.625422909618	0.581440309328	0.562107298212	0.660222329628	0.636056065732	0.700338327695	0.620106331561	0.652005799903	0.645239246013	0.641855969067	0.670372160464	0.605606573224	0.608023199613	0.612856452392	0.591590140164	0.577090381827	0.665538907685	0.565490575157	0.642339294345	0.596906718221	0.635572740454
AH4	0.326244562591	0.373610439826	0.938134364427	0.597390043499	0.608023199613	0.53939101015	0.637989366844	0.537457709038	0.539874335428	0.570807153214	0.581440309328	0.56935717738	0.536007733204	0.844369260512	0.542290961817	0.0	0.549057515708	0.548090865152	0.886901884969	0.725954567424	0.619139681005	0.565973900435	0.574673755437	0.564040599323	0.855969067182	0.585790236829	0.570323827936	0.552440792653	0.568873852102	0.570323827936	0.593040115998	0.55099081682	0.559207346544	0.559207346544	0.707588206863	0.644755920735	0.582406959884	0.579990333494	0.535041082649	0.59255679072	0.546157564041	0.695021749638	0.652005799903	0.574190430159	0.590140164331	0.577573707105	0.662155630739	0.603673272112	0.663605606573	0.635089415176	0.608506524891	0.641372643789	0.563557274045	0.521024649589	0.544224262929	0.52537457709	0.51619139681	0.632189463509	0.528757854036	0.632189463509	0.538907684872	0.612373127115
AA7	0.585790236829	0.531174480425	0.969550507492	0.635572740454	0.616239729338	0.493475108748	0.678105364911	0.498308361527	0.450942484292	0.595940067666	0.454809086515	0.579990333494	0.516674722088	0.888351860802	0.596906718221	0.549057515708	0.0	0.288061865636	0.921701304978	0.772353794103	0.602706621556	0.506041565974	0.46979217013	0.482358627356	0.874335427743	0.578057032383	0.456259062349	0.481875302078	0.544707588207	0.579507008217	0.5186080232	0.438859352344	0.458675688739	0.488641855969	0.707104881585	0.65732237796	0.477525374577	0.573223779604	0.491058482359	0.626389560174	0.565490575157	0.743354277429	0.692605123248	0.581440309328	0.535524407927	0.519091348478	0.667472208797	0.614789753504	0.673755437409	0.648622522958	0.589173513775	0.634606089899	0.553407443209	0.519574673755	0.536007733204	0.533591106815	0.546640889319	0.628806186564	0.548090865152	0.643789270179	0.490575157081	0.611406476559
AA8	0.55775737071	0.528757854036	0.962300628323	0.630256162397	0.612373127115	0.472692121798	0.678588690188	0.4813919768	0.434992750121	0.597390043499	0.437892701788	0.578057032383	0.511358144031	0.883518608023	0.605606573224	0.548090865152	0.288061865636	0.0	0.918801353311	0.761720637989	0.579023682939	0.483325277912	0.442725954567	0.457225712905	0.859352344128	0.555824069599	0.425326244563	0.461092315128	0.523924601257	0.571290478492	0.458675688739	0.375543740938	0.444659255679	0.477525374577	0.707104881585	0.659255679072	0.463992266796	0.563557274045	0.482841952634	0.626389560174	0.564523924601	0.74528757854	0.690188496858	0.579990333494	0.531657805703	0.511841469309	0.652005799903	0.610439826003	0.676655389077	0.645239246013	0.590140164331	0.633639439343	0.533591106815	0.518124697922	0.528274528758	0.525857902368	0.541324311261	0.622522957951	0.54857419043	0.637022716288	0.49299178347	0.613823102948
AB7	0.85886901885	0.885935234413	0.715804736588	0.720637989367	0.871918801353	0.923151280812	0.938134364427	0.935717738038	0.92363460609	0.936684388594	0.958917351377	0.893185113581	0.927501208313	0.707104881585	0.927017883035	0.886901884969	0.921701304978	0.918801353311	0.0	0.397293378444	0.820202996617	0.838569357177	0.939101014983	0.913484775254	0.731271145481	0.817786370227	0.902368293862	0.8796520058	0.740937651039	0.68293861769	0.883518608023	0.893185113581	0.925567907202	0.933784436926	0.944900918318	0.939101014983	0.945384243596	0.92363460609	0.949250845819	0.935717738038	0.93523441276	0.866118898018	0.883035282745	0.91445142581	0.953117448043	0.955050749154	0.92363460609	0.933784436926	0.939101014983	0.931851135814	0.926534557757	0.920251329145	0.918801353311	0.913968100532	0.916384726921	0.909134847753	0.924117931368	0.916384726921	0.918801353311	0.934267762204	0.951667472209	0.929917834703
AB8	0.709038182697	0.729337844369	0.741420976317	0.568873852102	0.743837602707	0.758337361044	0.777187046883	0.76848719188	0.758820686322	0.766553890768	0.797003383277	0.732721121315	0.758820686322	0.667472208797	0.769937167714	0.725954567424	0.772353794103	0.761720637989	0.397293378444	0.0	0.660222329628	0.678588690188	0.762687288545	0.734654422426	0.731754470759	0.65732237796	0.731271145481	0.705171580474	0.544707588207	0.521507974867	0.740454325761	0.737071048816	0.757854035766	0.771870468826	0.813919768004	0.779120347994	0.774770420493	0.753020782987	0.773803769937	0.761720637989	0.760753987434	0.719188013533	0.725471242146	0.746737554374	0.790236829386	0.791203479942	0.812953117448	0.76848719188	0.799420009667	0.775253745771	0.77767037216	0.787820202997	0.770420492992	0.759787336878	0.769937167714	0.7593040116	0.766553890768	0.782020299662	0.766070565491	0.775737071049	0.78250362494	0.767520541324
AC7	0.608023199613	0.651522474625	0.88883518608	0.652005799903	0.709521507975	0.591106814886	0.709038182697	0.579990333494	0.566457225713	0.65732237796	0.60415659739	0.698405026583	0.668438859352	0.813919768004	0.710971483809	0.619139681005	0.602706621556	0.579023682939	0.820202996617	0.660222329628	0.0	0.373127114548	0.578057032383	0.56259062349	0.82165297245	0.559690671822	0.552440792653	0.514741420976	0.4813919768	0.501208313195	0.576123731271	0.549057515708	0.56259062349	0.59255679072	0.802319961334	0.74528757854	0.628806186564	0.637506041566	0.605606573224	0.723054615756	0.675688738521	0.722571290478	0.685838569357	0.641372643789	0.620106331561	0.606089898502	0.810536491058	0.743354277429	0.794103431609	0.785886901885	0.733204446593	0.781536974384	0.69453842436	0.670372160464	0.674722087965	0.674722087965	0.656355727405	0.779120347994	0.670855485742	0.769453842436	0.614306428226	0.754470758821
AC8	0.555824069599	0.576607056549	0.909134847753	0.619139681005	0.665538907685	0.533107781537	0.69212179797	0.515708071532	0.473175447076	0.608506524891	0.532141130981	0.644272595457	0.595940067666	0.832286128565	0.639439342678	0.565973900435	0.506041565974	0.483325277912	0.838569357177	0.678588690188	0.373127114548	0.0	0.484291928468	0.473175447076	0.840985983567	0.532141130981	0.40502658289	0.36346060899	0.43740937651	0.479458675689	0.517641372644	0.467375543741	0.466892218463	0.509424842919	0.735137747704	0.679072015466	0.542774287095	0.579023682939	0.539874335428	0.656355727405	0.607056549058	0.690188496858	0.644755920735	0.58337361044	0.571290478492	0.545674238763	0.734654422426	0.671822136298	0.723054615756	0.719188013533	0.65732237796	0.700338327695	0.623006283229	0.605123247946	0.607056549058	0.601256645723	0.584823586274	0.701788303528	0.592073465442	0.697438376027	0.537941034316	0.678105364911
AD7	0.587723537941	0.575157080715	0.960367327211	0.651522474625	0.698405026583	0.508941517641	0.690188496858	0.497341710971	0.461575640406	0.606089898502	0.437892701788	0.652972450459	0.582406959884	0.8796520058	0.638472692122	0.574673755437	0.46979217013	0.442725954567	0.939101014983	0.762687288545	0.578057032383	0.484291928468	0.0	0.288061865636	0.901884968584	0.505558240696	0.413243112615	0.447559207347	0.504108264862	0.561623972934	0.504108264862	0.470275495408	0.46979217013	0.517641372644	0.73368777187	0.674722087965	0.495891735138	0.583856935718	0.522474625423	0.644755920735	0.595456742388	0.739971000483	0.693571773804	0.590623489609	0.546640889319	0.534557757371	0.73368777187	0.662638956017	0.72450459159	0.710971483809	0.65055582407	0.698405026583	0.620106331561	0.588690188497	0.59255679072	0.595940067666	0.568390526825	0.692605123248	0.585790236829	0.696471725471	0.539874335428	0.663122281295
AD8	0.582406959884	0.576123731271	0.940067665539	0.635572740454	0.693088448526	0.522474625423	0.687771870469	0.498308361527	0.466408893185	0.604639922668	0.462058965684	0.64813919768	0.594006766554	0.858385693572	0.648622522958	0.564040599323	0.482358627356	0.457225712905	0.913484775254	0.734654422426	0.56259062349	0.473175447076	0.288061865636	0.0	0.856935717738	0.461575640406	0.395360077332	0.432092798453	0.482841952634	0.545190913485	0.496858385694	0.478492025133	0.478008699855	0.52537457709	0.738037699372	0.676655389077	0.493958434026	0.573707104882	0.528757854036	0.649589173514	0.601256645723	0.726437892702	0.681488641856	0.581440309328	0.550024166264	0.541807636539	0.73852102465	0.666988883519	0.732237796037	0.720637989367	0.653455775737	0.70130497825	0.625422909618	0.595940067666	0.59497341711	0.598356694055	0.579507008217	0.699371677139	0.597873368777	0.700821652972	0.547124214596	0.666988883519
AE7	0.820686321895	0.864668922185	0.847752537458	0.797003383277	0.840019333011	0.890285161914	0.91445142581	0.909134847753	0.892701788304	0.90961817303	0.925084581924	0.857902368294	0.884968583857	0.819236346061	0.894635089415	0.855969067182	0.874335427743	0.859352344128	0.731271145481	0.731754470759	0.82165297245	0.840985983567	0.901884968584	0.856935717738	0.0	0.567423876269	0.883035282745	0.857902368294	0.761237312711	0.749637506042	0.837602706622	0.846302561624	0.898018366361	0.907201546641	0.929434509425	0.923151280812	0.924601256646	0.901884968584	0.910584823586	0.88883518608	0.898501691638	0.877718704688	0.880135331078	0.884001933301	0.934751087482	0.922667955534	0.886901884969	0.907684871919	0.913484775254	0.90043499275	0.902368293862	0.898985016916	0.890768487192	0.886418559691	0.903818269696	0.889801836636	0.906234896085	0.888351860802	0.898501691638	0.912518124698	0.912518124698	0.905268245529
AE8	0.587723537941	0.607539874335	0.898501691638	0.630739487675	0.681488641856	0.564040599323	0.679072015466	0.579023682939	0.566457225713	0.628322861286	0.60415659739	0.637506041566	0.629289511841	0.820686321895	0.683905268246	0.585790236829	0.578057032383	0.555824069599	0.817786370227	0.65732237796	0.559690671822	0.532141130981	0.505558240696	0.461575640406	0.567423876269	0.0	0.556307394877	0.531174480425	0.499758337361	0.500724987917	0.542774287095	0.540357660706	0.578540357661	0.590140164331	0.759787336878	0.705654905752	0.600773320445	0.596906718221	0.587240212663	0.651039149348	0.62735621073	0.698888351861	0.664572257129	0.604639922668	0.615273078782	0.60415659739	0.74528757854	0.684871918801	0.752537457709	0.717254712421	0.68293861769	0.725471242146	0.651039149348	0.629289511841	0.6389560174	0.637022716288	0.633639439343	0.710488158531	0.643789270179	0.713388110198	0.600289995167	0.684871918801
AF7	0.578540357661	0.554857419043	0.941034316095	0.644755920735	0.653939101015	0.496858385694	0.692605123248	0.474142097632	0.427742870952	0.607056549058	0.443209279845	0.618656355727	0.54857419043	0.859835669406	0.6389560174	0.570323827936	0.456259062349	0.425326244563	0.902368293862	0.731271145481	0.552440792653	0.40502658289	0.413243112615	0.395360077332	0.883035282745	0.556307394877	0.0	0.327694538424	0.483325277912	0.538907684872	0.492025132914	0.475108748188	0.41904301595	0.468825519575	0.696955050749	0.635089415176	0.461575640406	0.540357660706	0.487675205413	0.626872885452	0.56259062349	0.716771387144	0.670372160464	0.55099081682	0.521991300145	0.502174963751	0.684388593523	0.625422909618	0.691638472692	0.672788786854	0.61333977767	0.655872402127	0.581440309328	0.548090865152	0.553890768487	0.554374093765	0.569840502658	0.651522474625	0.579507008217	0.656839052682	0.493475108748	0.629289511841
AF8	0.554857419043	0.552440792653	0.925084581924	0.622522957951	0.658772353794	0.51377477042	0.684388593523	0.484291928468	0.445625906235	0.594490091832	0.502658289029	0.626872885452	0.576123731271	0.842919284679	0.637989366844	0.552440792653	0.481875302078	0.461092315128	0.8796520058	0.705171580474	0.514741420976	0.36346060899	0.447559207347	0.432092798453	0.857902368294	0.531174480425	0.327694538424	0.0	0.462542290962	0.50700821653	0.514741420976	0.450942484292	0.442725954567	0.50700821653	0.718704688255	0.65732237796	0.488158530691	0.549540840986	0.507491541808	0.617206379894	0.579023682939	0.70130497825	0.651522474625	0.553407443209	0.54857419043	0.531174480425	0.695021749638	0.641855969067	0.703238279362	0.687288545191	0.626872885452	0.662155630739	0.591590140164	0.561623972934	0.577090381827	0.566457225713	0.552924117931	0.662155630739	0.561623972934	0.675205413243	0.505558240696	0.644755920735
AG7	0.579023682939	0.595940067666	0.835186080232	0.546640889319	0.662155630739	0.537941034316	0.684388593523	0.519574673755	0.495891735138	0.596423392943	0.544224262929	0.638472692122	0.611889801837	0.759787336878	0.664572257129	0.568873852102	0.544707588207	0.523924601257	0.740937651039	0.544707588207	0.4813919768	0.43740937651	0.504108264862	0.482841952634	0.761237312711	0.499758337361	0.483325277912	0.462542290962	0.0	0.314644755921	0.544224262929	0.515224746254	0.509424842919	0.544224262929	0.749637506042	0.685838569357	0.538907684872	0.576607056549	0.545674238763	0.652972450459	0.599323344611	0.677138714355	0.637989366844	0.566940550991	0.576607056549	0.570323827936	0.74770420493	0.672305461576	0.730787820203	0.714354760754	0.663605606573	0.713871435476	0.628806186564	0.611889801837	0.616723054616	0.617689705172	0.614789753504	0.708071532141	0.628322861286	0.701788303528	0.578540357661	0.675205413243
AG8	0.578057032383	0.602706621556	0.823102948284	0.565490575157	0.662155630739	0.560657322378	0.676172063799	0.566940550991	0.561623972934	0.608989850169	0.600773320445	0.634122764621	0.615273078782	0.740937651039	0.671822136298	0.570323827936	0.579507008217	0.571290478492	0.68293861769	0.521507974867	0.501208313195	0.479458675689	0.561623972934	0.545190913485	0.749637506042	0.500724987917	0.538907684872	0.50700821653	0.314644755921	0.0	0.575157080715	0.55099081682	0.565490575157	0.583856935718	0.74770420493	0.686321894635	0.58337361044	0.580473658772	0.577090381827	0.652489125181	0.601739971	0.67133881102	0.643789270179	0.581923634606	0.60415659739	0.60415659739	0.743837602707	0.670372160464	0.725471242146	0.710004833253	0.664572257129	0.707588206863	0.642339294345	0.612856452392	0.616723054616	0.625906234896	0.624456259062	0.708554857419	0.639439342678	0.69453842436	0.590623489609	0.672788786854
AH7	0.602706621556	0.618656355727	0.948767520541	0.682455292412	0.695021749638	0.578057032383	0.713388110198	0.567907201547	0.535041082649	0.649589173514	0.531657805703	0.670372160464	0.641372643789	0.877718704688	0.692605123248	0.593040115998	0.5186080232	0.458675688739	0.883518608023	0.740454325761	0.576123731271	0.517641372644	0.504108264862	0.496858385694	0.837602706622	0.542774287095	0.492025132914	0.514741420976	0.544224262929	0.575157080715	0.0	0.338811019816	0.570807153214	0.595940067666	0.778637022716	0.727404543258	0.559690671822	0.643789270179	0.599323344611	0.676655389077	0.652005799903	0.776703721605	0.735137747704	0.655872402127	0.627839536008	0.615273078782	0.760270662156	0.715804736588	0.7593040116	0.743837602707	0.692605123248	0.732237796037	0.645239246013	0.631222812953	0.62735621073	0.629772837119	0.618173030449	0.729821169647	0.632672788787	0.727404543258	0.603673272112	0.718704688255
AH8	0.551474142098	0.574673755437	0.947800869986	0.65055582407	0.660705654906	0.521507974867	0.685838569357	0.516674722088	0.4813919768	0.605123247946	0.512808119865	0.626872885452	0.582890285162	0.86805219913	0.644272595457	0.55099081682	0.438859352344	0.375543740938	0.893185113581	0.737071048816	0.549057515708	0.467375543741	0.470275495408	0.478492025133	0.846302561624	0.540357660706	0.475108748188	0.450942484292	0.515224746254	0.55099081682	0.338811019816	0.0	0.497825036249	0.543740937651	0.749637506042	0.691155147414	0.529241179314	0.598840019333	0.542774287095	0.631706138231	0.605606573224	0.737554374094	0.692605123248	0.61333977767	0.577573707105	0.558724021266	0.717254712421	0.664572257129	0.72692121798	0.697921701305	0.647172547124	0.687288545191	0.595940067666	0.577573707105	0.586273562107	0.584340260996	0.570323827936	0.676172063799	0.579023682939	0.686805219913	0.543740937651	0.67133881102
AA5	0.579023682939	0.5186080232	0.955050749154	0.64572257129	0.595456742388	0.44900918318	0.629289511841	0.411793136781	0.398743354277	0.543257612373	0.443209279845	0.550507491542	0.533107781537	0.87046882552	0.567907201547	0.559207346544	0.458675688739	0.444659255679	0.925567907202	0.757854035766	0.56259062349	0.466892218463	0.46979217013	0.478008699855	0.898018366361	0.578540357661	0.41904301595	0.442725954567	0.509424842919	0.565490575157	0.570807153214	0.497825036249	0.0	0.330594490092	0.680038666022	0.598840019333	0.475108748188	0.465925567907	0.459642339294	0.56259062349	0.492025132914	0.640889318511	0.592073465442	0.475108748188	0.508941517641	0.46979217013	0.698888351861	0.634606089899	0.667955534074	0.665538907685	0.634122764621	0.68293861769	0.558724021266	0.552440792653	0.566940550991	0.556307394877	0.541807636539	0.672788786854	0.5601739971	0.648622522958	0.495891735138	0.635572740454
AA6	0.605123247946	0.520057999033	0.959884001933	0.649105848236	0.616723054616	0.462058965684	0.651039149348	0.445142580957	0.442725954567	0.568873852102	0.489125181247	0.579507008217	0.529241179314	0.872885451909	0.584823586274	0.559207346544	0.488641855969	0.477525374577	0.933784436926	0.771870468826	0.59255679072	0.509424842919	0.517641372644	0.52537457709	0.907201546641	0.590140164331	0.468825519575	0.50700821653	0.544224262929	0.583856935718	0.595940067666	0.543740937651	0.330594490092	0.0	0.672305461576	0.590623489609	0.505558240696	0.502658289029	0.460125664572	0.591106814886	0.504108264862	0.682455292412	0.630739487675	0.507974867086	0.457709038183	0.413726437893	0.688738521025	0.625422909618	0.659255679072	0.660705654906	0.618656355727	0.663122281295	0.558724021266	0.549540840986	0.558240695988	0.548090865152	0.545674238763	0.656839052682	0.563557274045	0.640405993233	0.501691638473	0.632189463509
AB5	0.735137747704	0.653939101015	0.971000483325	0.713388110198	0.611406476559	0.635572740454	0.727887868536	0.641855969067	0.656355727405	0.692605123248	0.678588690188	0.601256645723	0.667472208797	0.898018366361	0.699855002417	0.707588206863	0.707104881585	0.707104881585	0.944900918318	0.813919768004	0.802319961334	0.735137747704	0.73368777187	0.738037699372	0.929434509425	0.759787336878	0.696955050749	0.718704688255	0.749637506042	0.74770420493	0.778637022716	0.749637506042	0.680038666022	0.672305461576	0.0	0.323827936201	0.617689705172	0.661672305462	0.62493958434	0.620589656839	0.602706621556	0.737554374094	0.728854519091	0.640405993233	0.626872885452	0.616723054616	0.623972933784	0.617206379894	0.631222812953	0.599323344611	0.626872885452	0.618173030449	0.596906718221	0.590140164331	0.602223296278	0.612856452392	0.669888835186	0.599323344611	0.66892218463	0.608023199613	0.667472208797	0.608989850169
AB6	0.678588690188	0.585306911551	0.962300628323	0.664572257129	0.574673755437	0.564040599323	0.664088931851	0.563073948768	0.582406959884	0.622039632673	0.628806186564	0.528274528758	0.614306428226	0.883035282745	0.634606089899	0.644755920735	0.65732237796	0.659255679072	0.939101014983	0.779120347994	0.74528757854	0.679072015466	0.674722087965	0.676655389077	0.923151280812	0.705654905752	0.635089415176	0.65732237796	0.685838569357	0.686321894635	0.727404543258	0.691155147414	0.598840019333	0.590623489609	0.323827936201	0.0	0.563557274045	0.585790236829	0.55775737071	0.563557274045	0.540357660706	0.679555340744	0.652972450459	0.54857419043	0.550024166264	0.540357660706	0.595456742388	0.544224262929	0.584340260996	0.5601739971	0.55775737071	0.579990333494	0.523924601257	0.54857419043	0.562107298212	0.568873852102	0.60415659739	0.553890768487	0.611406476559	0.553890768487	0.618656355727	0.541324311261
AC5	0.608506524891	0.565973900435	0.969067182214	0.64572257129	0.605123247946	0.472692121798	0.670855485742	0.456259062349	0.427259545674	0.586273562107	0.432576123731	0.565490575157	0.566457225713	0.883518608023	0.645239246013	0.582406959884	0.477525374577	0.463992266796	0.945384243596	0.774770420493	0.628806186564	0.542774287095	0.495891735138	0.493958434026	0.924601256646	0.600773320445	0.461575640406	0.488158530691	0.538907684872	0.58337361044	0.559690671822	0.529241179314	0.475108748188	0.505558240696	0.617689705172	0.563557274045	0.0	0.456742387627	0.44224262929	0.600773320445	0.5186080232	0.729337844369	0.673755437409	0.53697438376	0.464475592073	0.459159014016	0.608023199613	0.557274045433	0.617689705172	0.588206863219	0.548090865152	0.589173513775	0.5186080232	0.487675205413	0.494925084582	0.506041565974	0.570323827936	0.589656839053	0.588206863219	0.574190430159	0.512808119865	0.556790720155
AC6	0.629772837119	0.521024649589	0.951667472209	0.630739487675	0.585306911551	0.514741420976	0.53939101015	0.479458675689	0.520541324311	0.464475592073	0.554374093765	0.552924117931	0.559690671822	0.862252295795	0.558724021266	0.579990333494	0.573223779604	0.563557274045	0.92363460609	0.753020782987	0.637506041566	0.579023682939	0.583856935718	0.573707104882	0.901884968584	0.596906718221	0.540357660706	0.549540840986	0.576607056549	0.580473658772	0.643789270179	0.598840019333	0.465925567907	0.502658289029	0.661672305462	0.585790236829	0.456742387627	0.0	0.514741420976	0.510874818753	0.507491541808	0.509424842919	0.455292411793	0.409859835669	0.5601739971	0.53939101015	0.687771870469	0.629772837119	0.669405509908	0.657805703238	0.632672788787	0.665538907685	0.59255679072	0.578057032383	0.582406959884	0.570807153214	0.562107298212	0.660222329628	0.582890285162	0.639922667956	0.548090865152	0.636056065732
AD6	0.590140164331	0.508458192363	0.970517158047	0.621072982117	0.563557274045	0.409859835669	0.620589656839	0.41662638956	0.420976317061	0.542774287095	0.450459159014	0.507974867086	0.520057999033	0.883035282745	0.593040115998	0.535041082649	0.491058482359	0.482841952634	0.949250845819	0.773803769937	0.605606573224	0.539874335428	0.522474625423	0.528757854036	0.910584823586	0.587240212663	0.487675205413	0.507491541808	0.545674238763	0.577090381827	0.599323344611	0.542774287095	0.459642339294	0.460125664572	0.62493958434	0.55775737071	0.44224262929	0.514741420976	0.0	0.539874335428	0.410826486225	0.705654905752	0.656355727405	0.520057999033	0.453359110681	0.440309328178	0.60415659739	0.545674238763	0.585790236829	0.568873852102	0.547607539874	0.591590140164	0.478975350411	0.466408893185	0.483325277912	0.466408893185	0.522957950701	0.578057032383	0.53939101015	0.566457225713	0.460125664572	0.551957467376
AE5	0.634606089899	0.53939101015	0.970033832769	0.634122764621	0.565490575157	0.553890768487	0.563557274045	0.555340744321	0.608023199613	0.529241179314	0.634122764621	0.524407926535	0.588690188497	0.881585306912	0.565490575157	0.59255679072	0.626389560174	0.626389560174	0.935717738038	0.761720637989	0.723054615756	0.656355727405	0.644755920735	0.649589173514	0.88883518608	0.651039149348	0.626872885452	0.617206379894	0.652972450459	0.652489125181	0.676655389077	0.631706138231	0.56259062349	0.591106814886	0.620589656839	0.563557274045	0.600773320445	0.510874818753	0.539874335428	0.0	0.368777187047	0.605123247946	0.567907201547	0.503624939584	0.631222812953	0.61575640406	0.661188980184	0.61333977767	0.642822619623	0.623006283229	0.634606089899	0.663122281295	0.558240695988	0.579023682939	0.608989850169	0.570323827936	0.565490575157	0.631706138231	0.572257129048	0.61575640406	0.579507008217	0.622522957951
AE6	0.616723054616	0.508458192363	0.969067182214	0.620589656839	0.536007733204	0.472692121798	0.567423876269	0.471725471242	0.525857902368	0.50700821653	0.546157564041	0.497825036249	0.532141130981	0.878202029966	0.562107298212	0.546157564041	0.565490575157	0.564523924601	0.93523441276	0.760753987434	0.675688738521	0.607056549058	0.595456742388	0.601256645723	0.898501691638	0.62735621073	0.56259062349	0.579023682939	0.599323344611	0.601739971	0.652005799903	0.605606573224	0.492025132914	0.504108264862	0.602706621556	0.540357660706	0.5186080232	0.507491541808	0.410826486225	0.368777187047	0.0	0.65973900435	0.609473175447	0.477042049299	0.544224262929	0.536007733204	0.627839536008	0.561623972934	0.60415659739	0.588206863219	0.579990333494	0.61575640406	0.510391493475	0.497825036249	0.523441275979	0.498308361527	0.532141130981	0.599323344611	0.542290961817	0.581923634606	0.516674722088	0.577090381827
AF5	0.71532141131	0.65055582407	0.926051232479	0.683905268246	0.663605606573	0.700338327695	0.568390526825	0.649589173514	0.697921701305	0.587240212663	0.738037699372	0.648622522958	0.693088448526	0.847752537458	0.625422909618	0.695021749638	0.743354277429	0.74528757854	0.866118898018	0.719188013533	0.722571290478	0.690188496858	0.739971000483	0.726437892702	0.877718704688	0.698888351861	0.716771387144	0.70130497825	0.677138714355	0.67133881102	0.776703721605	0.737554374094	0.640889318511	0.682455292412	0.737554374094	0.679555340744	0.729337844369	0.509424842919	0.705654905752	0.605123247946	0.65973900435	0.0	0.28709521508	0.546157564041	0.740454325761	0.72450459159	0.76848719188	0.734171097148	0.755437409377	0.732237796037	0.752054132431	0.762687288545	0.713388110198	0.728371193813	0.747220879652	0.724987916868	0.686805219913	0.749637506042	0.695988400193	0.732721121315	0.730787820203	0.736587723538
AF6	0.675688738521	0.599806669889	0.929917834703	0.65973900435	0.649105848236	0.651039149348	0.528274528758	0.610923151281	0.651039149348	0.539874335428	0.68970517158	0.622522957951	0.646689221846	0.843885935234	0.581440309328	0.652005799903	0.692605123248	0.690188496858	0.883035282745	0.725471242146	0.685838569357	0.644755920735	0.693571773804	0.681488641856	0.880135331078	0.664572257129	0.670372160464	0.651522474625	0.637989366844	0.643789270179	0.735137747704	0.692605123248	0.592073465442	0.630739487675	0.728854519091	0.652972450459	0.673755437409	0.455292411793	0.656355727405	0.567907201547	0.609473175447	0.28709521508	0.0	0.507491541808	0.696471725471	0.671822136298	0.754954084099	0.695988400193	0.727404543258	0.707588206863	0.699371677139	0.734654422426	0.672788786854	0.677138714355	0.691638472692	0.67133881102	0.635089415176	0.717738037699	0.641855969067	0.695988400193	0.684871918801	0.705654905752
