	AA3	AA4	AB3	AB4	AC3	AC4	AD3	AD4	AE3	AE4	AF3	AF4	AG3	AG4	AH3	AH4	AA7	AA8	AB7	AB8	AC7	AC8	AD7	AD8	AE7	AE8	AF7	AF8	AG7	AG8	AH7	AH8	AA5	AA6	AB5	AB6	AC5	AC6	AD6	AE5	AE6	AF5	AF6	AG5	AH5	AH6	AA1	AA2	AB1	AB2	AC1	AC2	AD1	AD2	AE1	AE2	AF1	AF2	AG1	AG2	AH1	AH2
AA3	0.0	0.479458675689	0.926534557757	0.63653939101	0.655872402127	0.566940550991	0.669888835186	0.581440309328	0.563073948768	0.619623006283	0.608989850169	0.589173513775	0.582890285162	0.841952634123	0.647172547124	0.321894635089	0.567907201547	0.556790720155	0.860802319961	0.704688255196	0.607056549058	0.563073948768	0.59497341711	0.578540357661	0.835186080232	0.575157080715	0.553890768487	0.55775737071	0.570323827936	0.572740454326	0.586273562107	0.549540840986	0.582890285162	0.589656839053	0.741420976317	0.681971967134	0.599806669889	0.614789753504	0.59255679072	0.621072982117	0.601256645723	0.706621556307	0.682455292412	0.631222812953	0.623489608507	0.620589656839	0.677622039633	0.65055582407	0.710971483809	0.663122281295	0.636056065732	0.660222329628	0.568390526825	0.558724021266	0.564040599323	0.564523924601	0.576123731271	0.639922667956	0.579023682939	0.670855485742	0.570807153214	0.644755920735
AA4	0.479458675689	0.0	0.942000966651	0.584340260996	0.574190430159	0.488158530691	0.591106814886	0.482358627356	0.503141614306	0.517641372644	0.549057515708	0.520057999033	0.476558724021	0.845819236346	0.364427259546	0.354760753987	0.526341227646	0.527307878202	0.881101981634	0.711454809087	0.634122764621	0.564040599323	0.574190430159	0.579507008217	0.865152247463	0.598356694055	0.541807636539	0.541807636539	0.581440309328	0.598840019333	0.602223296278	0.557274045433	0.511841469309	0.524891251812	0.676655389077	0.600289995167	0.578057032383	0.516674722088	0.535524407927	0.53020782987	0.486708554857	0.637506041566	0.584340260996	0.527307878202	0.584340260996	0.577573707105	0.64572257129	0.58337361044	0.641855969067	0.594490091832	0.589656839053	0.619623006283	0.523441275979	0.509908168197	0.515708071532	0.504108264862	0.484775253746	0.605123247946	0.493958434026	0.601739971	0.529241179314	0.572740454326
AB3	0.926534557757	0.942000966651	0.0	0.68293861769	0.916868052199	0.955050749154	0.953117448043	0.942967617206	0.92363460609	0.948284195263	0.967133881102	0.924601256646	0.963267278879	0.345094248429	0.953117448043	0.941517641373	0.96520057999	0.963750604157	0.743354277429	0.761720637989	0.884001933301	0.899468342194	0.955534074432	0.955050749154	0.850169163847	0.899468342194	0.932334461092	0.930401159981	0.831802803287	0.835186080232	0.948767520541	0.943450942484	0.95360077332	0.9584340261	0.969067182214	0.962783953601	0.971483808603	0.950217496375	0.970033832769	0.970517158047	0.970033832769	0.927984533591	0.926534557757	0.948284195263	0.971483808603	0.967133881102	0.969067182214	0.966650555824	0.96761720638	0.968100531658	0.968100531658	0.966167230546	0.970033832769	0.970033832769	0.971000483325	0.969550507492	0.96761720638	0.967133881102	0.968583856936	0.970517158047	0.968583856936	0.96761720638
AB4	0.63653939101	0.584340260996	0.68293861769	0.0	0.651039149348	0.616723054616	0.702754954084	0.630739487675	0.614306428226	0.642822619623	0.648622522958	0.613823102948	0.480425326245	0.563073948768	0.617206379894	0.606089898502	0.642822619623	0.63653939101	0.739487675205	0.576123731271	0.658289028516	0.626872885452	0.678105364911	0.662155630739	0.794586756887	0.64572257129	0.65055582407	0.643789270179	0.543740937651	0.590623489609	0.696955050749	0.659255679072	0.638472692122	0.651522474625	0.728371193813	0.672788786854	0.664572257129	0.644272595457	0.637022716288	0.6389560174	0.630739487675	0.68293861769	0.646205896568	0.648622522958	0.687288545191	0.678588690188	0.688255195747	0.662155630739	0.691155147414	0.668438859352	0.668438859352	0.669405509908	0.640889318511	0.647655872402	0.65055582407	0.642822619623	0.651039149348	0.660705654906	0.640889318511	0.666988883519	0.64813919768	0.664088931851
AC3	0.655872402127	0.574190430159	0.916868052199	0.651039149348	0.0	0.487675205413	0.641855969067	0.548090865152	0.565007249879	0.590623489609	0.617206379894	0.324311261479	0.60657322378	0.828902851619	0.601739971	0.610439826003	0.623489608507	0.620589656839	0.870952150797	0.742387626873	0.735137747704	0.685838569357	0.735137747704	0.724021266312	0.83566940551	0.691155147414	0.658772353794	0.68970517158	0.677622039633	0.698888351861	0.713388110198	0.671822136298	0.616239729338	0.635572740454	0.621072982117	0.581923634606	0.634606089899	0.573707104882	0.593040115998	0.539874335428	0.565490575157	0.657805703238	0.623489608507	0.574190430159	0.643789270179	0.64813919768	0.593040115998	0.59497341711	0.598356694055	0.574673755437	0.60415659739	0.596906718221	0.546640889319	0.574673755437	0.585306911551	0.574190430159	0.625422909618	0.58337361044	0.619623006283	0.594490091832	0.630256162397	0.595940067666
AC4	0.566940550991	0.488158530691	0.955050749154	0.616723054616	0.487675205413	0.0	0.61333977767	0.40502658289	0.413726437893	0.536007733204	0.346060898985	0.392943450942	0.487191880135	0.859352344128	0.553890768487	0.491058482359	0.480908651522	0.470758820686	0.923151280812	0.749637506042	0.600289995167	0.549540840986	0.538424359594	0.526341227646	0.889318511358	0.575157080715	0.501691638473	0.528757854036	0.553407443209	0.576607056549	0.577090381827	0.521024649589	0.469308844853	0.470275495408	0.630256162397	0.555340744321	0.483325277912	0.499758337361	0.428709521508	0.541807636539	0.477042049299	0.679555340744	0.638472692122	0.524891251812	0.49299178347	0.491541807637	0.629289511841	0.57177380377	0.599806669889	0.56935717738	0.576123731271	0.60657322378	0.489125181247	0.497825036249	0.491058482359	0.492508458192	0.532141130981	0.591106814886	0.520057999033	0.573223779604	0.466408893185	0.557274045433
AD3	0.669888835186	0.591106814886	0.953117448043	0.702754954084	0.641855969067	0.61333977767	0.0	0.524891251812	0.633156114065	0.330111164814	0.663122281295	0.609473175447	0.633639439343	0.862252295795	0.568873852102	0.628806186564	0.675205413243	0.677138714355	0.941034316095	0.77767037216	0.704204929918	0.686321894635	0.685838569357	0.685355244079	0.919284678589	0.675205413243	0.687771870469	0.680038666022	0.684388593523	0.678105364911	0.705171580474	0.674722087965	0.620589656839	0.644755920735	0.739971000483	0.677622039633	0.666505558241	0.53020782987	0.618173030449	0.584823586274	0.564523924601	0.558724021266	0.534074432093	0.535041082649	0.682455292412	0.679555340744	0.764620589657	0.712421459642	0.753020782987	0.716288061866	0.715804736588	0.743354277429	0.657805703238	0.664088931851	0.666505558241	0.652489125181	0.622522957951	0.729821169647	0.632189463509	0.723537941034	0.6805219913	0.707104881585
AD4	0.581440309328	0.482358627356	0.942967617206	0.630739487675	0.548090865152	0.40502658289	0.524891251812	0.0	0.29627839536	0.419526341228	0.420009666506	0.475592073465	0.5186080232	0.848719188014	0.528757854036	0.50459159014	0.456259062349	0.453842435959	0.934267762204	0.760753987434	0.579507008217	0.515708071532	0.503141614306	0.503141614306	0.907684871919	0.584823586274	0.455775737071	0.467375543741	0.51377477042	0.56935717738	0.549057515708	0.492508458192	0.392460125665	0.447075882069	0.653939101015	0.581440309328	0.446109231513	0.455775737071	0.434992750121	0.553890768487	0.47462542291	0.65055582407	0.602223296278	0.491541807637	0.496858385694	0.469308844853	0.658772353794	0.596423392943	0.637506041566	0.610439826003	0.608506524891	0.639439342678	0.521024649589	0.515708071532	0.51619139681	0.519091348478	0.525857902368	0.621072982117	0.533591106815	0.612373127115	0.501208313195	0.584340260996
AE3	0.563073948768	0.503141614306	0.92363460609	0.614306428226	0.565007249879	0.413726437893	0.633156114065	0.29627839536	0.0	0.532624456259	0.402609956501	0.49540840986	0.51377477042	0.839052682455	0.556790720155	0.506041565974	0.448042532624	0.436926051232	0.916384726921	0.739487675205	0.547607539874	0.492025132914	0.473175447076	0.481875302078	0.881101981634	0.564523924601	0.434992750121	0.465442242629	0.491541807637	0.549057515708	0.532624456259	0.48380860319	0.409376510391	0.463992266796	0.655872402127	0.590140164331	0.434026099565	0.496375060416	0.425809569841	0.601739971	0.52779120348	0.691155147414	0.642339294345	0.534557757371	0.487675205413	0.456742387627	0.645239246013	0.593523441276	0.626389560174	0.600289995167	0.594490091832	0.629772837119	0.521991300145	0.5186080232	0.512324794587	0.523441275979	0.552440792653	0.614306428226	0.551474142098	0.601739971	0.48622522958	0.579507008217
AE4	0.619623006283	0.517641372644	0.948284195263	0.642822619623	0.590623489609	0.536007733204	0.330111164814	0.419526341228	0.532624456259	0.0	0.59255679072	0.545674238763	0.579507008217	0.854519091348	0.537941034316	0.552440792653	0.607539874335	0.607056549058	0.941034316095	0.76848719188	0.664572257129	0.607539874335	0.628806186564	0.620589656839	0.917351377477	0.636056065732	0.609473175447	0.603189946834	0.602706621556	0.625422909618	0.663122281295	0.618656355727	0.542774287095	0.570807153214	0.698405026583	0.629772837119	0.596423392943	0.471242145964	0.544224262929	0.523924601257	0.499758337361	0.579507008217	0.535524407927	0.489125181247	0.61333977767	0.611406476559	0.718704688255	0.658772353794	0.709521507975	0.677138714355	0.673272112131	0.694055099082	0.594006766554	0.601256645723	0.595940067666	0.588690188497	0.559207346544	0.672788786854	0.573707104882	0.681971967134	0.603189946834	0.652005799903
AF3	0.608989850169	0.549057515708	0.967133881102	0.648622522958	0.617206379894	0.346060898985	0.663122281295	0.420009666506	0.402609956501	0.59255679072	0.0	0.523924601257	0.53939101015	0.878685355244	0.597390043499	0.554857419043	0.450942484292	0.449975833736	0.952634122765	0.781536974384	0.588690188497	0.556790720155	0.44224262929	0.4398260029	0.920251329145	0.603189946834	0.45142580957	0.505558240696	0.544224262929	0.602223296278	0.528274528758	0.505558240696	0.43740937651	0.503624939584	0.67133881102	0.609956500725	0.415659739004	0.522474625423	0.443692605123	0.616723054616	0.542290961817	0.719671338811	0.677622039633	0.558240695988	0.505074915418	0.485258579024	0.661672305462	0.606089898502	0.646205896568	0.608506524891	0.606089898502	0.6389560174	0.538424359594	0.525857902368	0.517641372644	0.52537457709	0.584823586274	0.62493958434	0.568873852102	0.604639922668	0.489608506525	0.589656839053
AF4	0.589173513775	0.520057999033	0.924601256646	0.613823102948	0.324311261479	0.392943450942	0.609473175447	0.475592073465	0.49540840986	0.545674238763	0.523924601257	0.0	0.556307394877	0.83566940551	0.561140647656	0.538424359594	0.560657322378	0.556307394877	0.872885451909	0.709038182697	0.679072015466	0.623972933784	0.662155630739	0.647655872402	0.843402609957	0.620589656839	0.589656839053	0.621072982117	0.613823102948	0.637989366844	0.655872402127	0.60415659739	0.542290961817	0.560657322378	0.601256645723	0.520057999033	0.563073948768	0.52537457709	0.519091348478	0.49540840986	0.50700821653	0.625906234896	0.591590140164	0.528757854036	0.563073948768	0.56259062349	0.583856935718	0.531657805703	0.579507008217	0.528757854036	0.543740937651	0.559207346544	0.485258579024	0.502174963751	0.515708071532	0.515224746254	0.564040599323	0.544707588207	0.556790720155	0.539874335428	0.561623972934	0.526341227646
AG3	0.582890285162	0.476558724021	0.963267278879	0.480425326245	0.60657322378	0.487191880135	0.633639439343	0.5186080232	0.51377477042	0.579507008217	0.53939101015	0.556307394877	0.0	0.839052682455	0.514741420976	0.515708071532	0.498791686805	0.495891735138	0.926534557757	0.752537457709	0.664088931851	0.597390043499	0.595940067666	0.603189946834	0.884001933301	0.625422909618	0.545674238763	0.566457225713	0.605606573224	0.626872885452	0.633639439343	0.574673755437	0.519574673755	0.514258095698	0.673755437409	0.605123247946	0.558724021266	0.538907684872	0.52537457709	0.574190430159	0.512324794587	0.678588690188	0.62493958434	0.555824069599	0.574190430159	0.562107298212	0.621556307395	0.577090381827	0.611406476559	0.586273562107	0.579990333494	0.600773320445	0.524407926535	0.526824552924	0.535524407927	0.521507974867	0.55099081682	0.59255679072	0.54857419043	0.598356694055	0.505558240696	0.567907201547
AG4	0.841952634123	0.845819236346	0.345094248429	0.563073948768	0.828902851619	0.859352344128	0.862252295795	0.848719188014	0.839052682455	0.854519091348	0.878685355244	0.83566940551	0.839052682455	0.0	0.862735621073	0.84726921218	0.881585306912	0.881101981634	0.717254712421	0.678105364911	0.808119864669	0.817303044949	0.87723537941	0.876752054132	0.816336394393	0.813919768004	0.852585790237	0.84726921218	0.752537457709	0.740937651039	0.872402126631	0.862252295795	0.862252295795	0.864185596907	0.883518608023	0.872402126631	0.884968583857	0.850652489125	0.879168680522	0.871918801353	0.874818753021	0.83566940551	0.83325277912	0.859352344128	0.89125181247	0.880135331078	0.87723537941	0.882551957467	0.877718704688	0.87723537941	0.88883518608	0.87723537941	0.881585306912	0.880135331078	0.889318511358	0.882068632189	0.882551957467	0.879168680522	0.880618656356	0.881101981634	0.880135331078	0.885451909135
AH3	0.647172547124	0.364427259546	0.953117448043	0.617206379894	0.601739971	0.553890768487	0.568873852102	0.528757854036	0.556790720155	0.537941034316	0.597390043499	0.561140647656	0.514741420976	0.862735621073	0.0	0.523441275979	0.585790236829	0.585306911551	0.927501208313	0.762687288545	0.696955050749	0.633156114065	0.632672788787	0.64572257129	0.907201546641	0.684871918801	0.623489608507	0.61333977767	0.648622522958	0.67133881102	0.690188496858	0.642339294345	0.537457709038	0.567907201547	0.707588206863	0.632672788787	0.628322861286	0.538424359594	0.594006766554	0.552924117931	0.525857902368	0.618656355727	0.552924117931	0.549540840986	0.634122764621	0.628322861286	0.693571773804	0.629289511841	0.660705654906	0.636056065732	0.639439342678	0.658772353794	0.591106814886	0.587723537941	0.595940067666	0.591106814886	0.566457225713	0.659255679072	0.562107298212	0.631706138231	0.596423392943	0.620106331561
AH4	0.321894635089	0.354760753987	0.941517641373	0.606089898502	0.610439826003	0.491058482359	0.628806186564	0.50459159014	0.506041565974	0.552440792653	0.554857419043	0.538424359594	0.515708071532	0.84726921218	0.523441275979	0.0	0.524407926535	0.518124697922	0.875302078299	0.71290478492	0.612373127115	0.550024166264	0.565490575157	0.561140647656	0.851619139681	0.582406959884	0.530691155147	0.531174480425	0.571290478492	0.583856935718	0.58337361044	0.531657805703	0.515708071532	0.533107781537	0.700821652972	0.631706138231	0.564523924601	0.552924117931	0.537941034316	0.564040599323	0.52779120348	0.667955534074	0.625422909618	0.564040599323	0.586756887385	0.58095698405	0.654905751571	0.60415659739	0.655872402127	0.612373127115	0.607539874335	0.630739487675	0.535041082649	0.526341227646	0.528757854036	0.520541324311	0.500241662639	0.612856452392	0.511841469309	0.616723054616	0.519091348478	0.597390043499
AA7	0.567907201547	0.526341227646	0.96520057999	0.642822619623	0.623489608507	0.480908651522	0.675205413243	0.456259062349	0.448042532624	0.607539874335	0.450942484292	0.560657322378	0.498791686805	0.881585306912	0.585790236829	0.524407926535	0.0	0.276462058966	0.91445142581	0.755920734654	0.591590140164	0.528274528758	0.487191880135	0.493958434026	0.869985500242	0.581923634606	0.445625906235	0.470275495408	0.541807636539	0.590623489609	0.516674722088	0.416143064282	0.421459642339	0.491541807637	0.700821652972	0.64572257129	0.477525374577	0.544707588207	0.493475108748	0.599323344611	0.545190913485	0.721121314645	0.672788786854	0.579507008217	0.53939101015	0.506041565974	0.663122281295	0.61333977767	0.664088931851	0.625906234896	0.600289995167	0.634122764621	0.52779120348	0.529724504592	0.522957950701	0.521507974867	0.54857419043	0.619623006283	0.54857419043	0.637506041566	0.506524891252	0.606089898502
AA8	0.556790720155	0.527307878202	0.963750604157	0.63653939101	0.620589656839	0.470758820686	0.677138714355	0.453842435959	0.436926051232	0.607056549058	0.449975833736	0.556307394877	0.495891735138	0.881101981634	0.585306911551	0.518124697922	0.276462058966	0.0	0.915901401643	0.755437409377	0.578057032383	0.51377477042	0.479458675689	0.484291928468	0.869502174964	0.577090381827	0.443692605123	0.462058965684	0.532624456259	0.588690188497	0.493475108748	0.380376993717	0.414693088449	0.499758337361	0.711938134364	0.658772353794	0.48380860319	0.552924117931	0.477042049299	0.608506524891	0.55775737071	0.725471242146	0.676655389077	0.584823586274	0.537941034316	0.508458192363	0.651039149348	0.607539874335	0.663605606573	0.625422909618	0.593040115998	0.619623006283	0.529724504592	0.526824552924	0.517641372644	0.52779120348	0.552440792653	0.608506524891	0.541324311261	0.632672788787	0.490091831803	0.596906718221
AB7	0.860802319961	0.881101981634	0.743354277429	0.739487675205	0.870952150797	0.923151280812	0.941034316095	0.934267762204	0.916384726921	0.941034316095	0.952634122765	0.872885451909	0.926534557757	0.717254712421	0.927501208313	0.875302078299	0.91445142581	0.915901401643	0.0	0.406476558724	0.816336394393	0.844369260512	0.941034316095	0.926051232479	0.728854519091	0.838086031899	0.889318511358	0.869985500242	0.746737554374	0.681488641856	0.880618656356	0.891735137748	0.922184630256	0.931851135814	0.938617689705	0.930401159981	0.950700821653	0.914934751087	0.949734171097	0.921701304978	0.939101014983	0.864668922185	0.876752054132	0.912518124698	0.952634122765	0.956500724988	0.925567907202	0.923151280812	0.937167713871	0.927501208313	0.924117931368	0.920251329145	0.90961817303	0.915418076365	0.914934751087	0.90961817303	0.91445142581	0.913484775254	0.923151280812	0.933301111648	0.94683421943	0.929917834703
AB8	0.704688255196	0.711454809087	0.761720637989	0.576123731271	0.742387626873	0.749637506042	0.77767037216	0.760753987434	0.739487675205	0.76848719188	0.781536974384	0.709038182697	0.752537457709	0.678105364911	0.762687288545	0.71290478492	0.755920734654	0.755437409377	0.406476558724	0.0	0.656839052682	0.669405509908	0.758820686322	0.740454325761	0.734654422426	0.66892218463	0.712421459642	0.687288545191	0.53697438376	0.515708071532	0.729337844369	0.723537941034	0.751087481875	0.760753987434	0.805219913001	0.764620589657	0.777187046883	0.742870952151	0.773320444659	0.746737554374	0.758337361044	0.71290478492	0.71290478492	0.743837602707	0.784436926051	0.788786853552	0.802319961334	0.759787336878	0.794586756887	0.7593040116	0.771387143548	0.778153697438	0.753504108265	0.758820686322	0.761237312711	0.755437409377	0.746737554374	0.771387143548	0.754954084099	0.765103914935	0.778637022716	0.760753987434
AC7	0.607056549058	0.634122764621	0.884001933301	0.658289028516	0.735137747704	0.600289995167	0.704204929918	0.579507008217	0.547607539874	0.664572257129	0.588690188497	0.679072015466	0.664088931851	0.808119864669	0.696955050749	0.612373127115	0.591590140164	0.578057032383	0.816336394393	0.656839052682	0.0	0.362493958434	0.56935717738	0.572740454326	0.820686321895	0.583856935718	0.533107781537	0.518124697922	0.48622522958	0.490091831803	0.564523924601	0.547124214596	0.552440792653	0.60415659739	0.797486708555	0.736587723538	0.618656355727	0.621072982117	0.605606573224	0.714354760754	0.665538907685	0.697438376027	0.689221846303	0.648622522958	0.633639439343	0.602223296278	0.808603189947	0.75688738521	0.793620106332	0.774770420493	0.749637506042	0.781053649106	0.687288545191	0.672788786854	0.666505558241	0.669888835186	0.665538907685	0.764137264379	0.661188980184	0.764137264379	0.610439826003	0.74528757854
AC8	0.563073948768	0.564040599323	0.899468342194	0.626872885452	0.685838569357	0.549540840986	0.686321894635	0.515708071532	0.492025132914	0.607539874335	0.556790720155	0.623972933784	0.597390043499	0.817303044949	0.633156114065	0.550024166264	0.528274528758	0.51377477042	0.844369260512	0.669405509908	0.362493958434	0.0	0.503624939584	0.517158047366	0.83325277912	0.543257612373	0.41904301595	0.389560173997	0.453359110681	0.479942000967	0.542290961817	0.485258579024	0.494925084582	0.529241179314	0.740454325761	0.674238762687	0.562107298212	0.565490575157	0.543740937651	0.651522474625	0.594490091832	0.679555340744	0.646689221846	0.592073465442	0.574190430159	0.540840985984	0.743837602707	0.687288545191	0.73610439826	0.715804736588	0.681005316578	0.713871435476	0.614789753504	0.604639922668	0.597390043499	0.610439826003	0.590623489609	0.696471725471	0.599323344611	0.705171580474	0.551474142098	0.674722087965
AD7	0.59497341711	0.574190430159	0.955534074432	0.678105364911	0.735137747704	0.538424359594	0.685838569357	0.503141614306	0.473175447076	0.628806186564	0.44224262929	0.662155630739	0.595940067666	0.87723537941	0.632672788787	0.565490575157	0.487191880135	0.479458675689	0.941034316095	0.758820686322	0.56935717738	0.503624939584	0.0	0.291928467859	0.898985016916	0.51619139681	0.435959400677	0.46060898985	0.535041082649	0.578540357661	0.507491541808	0.466892218463	0.46979217013	0.547124214596	0.747220879652	0.687288545191	0.502174963751	0.58095698405	0.542290961817	0.661188980184	0.608023199613	0.722087965201	0.6805219913	0.616723054616	0.569840502658	0.546157564041	0.749637506042	0.690188496858	0.740454325761	0.713388110198	0.686805219913	0.716288061866	0.632189463509	0.622039632673	0.601739971	0.62493958434	0.59255679072	0.703238279362	0.60415659739	0.707104881585	0.561623972934	0.679555340744
AD8	0.578540357661	0.579507008217	0.955050749154	0.662155630739	0.724021266312	0.526341227646	0.685355244079	0.503141614306	0.481875302078	0.620589656839	0.4398260029	0.647655872402	0.603189946834	0.876752054132	0.64572257129	0.561140647656	0.493958434026	0.484291928468	0.926051232479	0.740454325761	0.572740454326	0.517158047366	0.291928467859	0.0	0.863218946351	0.483325277912	0.438859352344	0.460125664572	0.505074915418	0.556307394877	0.493958434026	0.467858869019	0.482841952634	0.5601739971	0.741904301595	0.678105364911	0.495891735138	0.574673755437	0.529724504592	0.647172547124	0.594490091832	0.722571290478	0.6805219913	0.612373127115	0.564523924601	0.547607539874	0.742870952151	0.682455292412	0.731271145481	0.710971483809	0.673272112131	0.710971483809	0.624456259062	0.61333977767	0.596423392943	0.616239729338	0.598356694055	0.697438376027	0.603673272112	0.702271628806	0.555824069599	0.666505558241
AE7	0.835186080232	0.865152247463	0.850169163847	0.794586756887	0.83566940551	0.889318511358	0.919284678589	0.907684871919	0.881101981634	0.917351377477	0.920251329145	0.843402609957	0.884001933301	0.816336394393	0.907201546641	0.851619139681	0.869985500242	0.869502174964	0.728854519091	0.734654422426	0.820686321895	0.83325277912	0.898985016916	0.863218946351	0.0	0.561623972934	0.861285645239	0.85645239246	0.760753987434	0.762203963267	0.839052682455	0.843402609957	0.894635089415	0.907684871919	0.927984533591	0.912518124698	0.927017883035	0.901401643306	0.917834702755	0.877718704688	0.904301594973	0.876268728855	0.869985500242	0.883518608023	0.937651039149	0.927501208313	0.892218463026	0.899951667472	0.907201546641	0.895118414693	0.904301594973	0.897535041083	0.893185113581	0.894635089415	0.903334944418	0.891735137748	0.90285161914	0.898018366361	0.908168197197	0.903818269696	0.915901401643	0.905268245529
AE8	0.575157080715	0.598356694055	0.899468342194	0.64572257129	0.691155147414	0.575157080715	0.675205413243	0.584823586274	0.564523924601	0.636056065732	0.603189946834	0.620589656839	0.625422909618	0.813919768004	0.684871918801	0.582406959884	0.581923634606	0.577090381827	0.838086031899	0.66892218463	0.583856935718	0.543257612373	0.51619139681	0.483325277912	0.561623972934	0.0	0.549057515708	0.541807636539	0.508941517641	0.514741420976	0.571290478492	0.541807636539	0.583856935718	0.601256645723	0.746737554374	0.695988400193	0.612856452392	0.587723537941	0.597390043499	0.644755920735	0.629289511841	0.677138714355	0.65973900435	0.612373127115	0.622522957951	0.615273078782	0.741904301595	0.700338327695	0.744320927985	0.707104881585	0.698888351861	0.727887868536	0.643789270179	0.643789270179	0.634122764621	0.638472692122	0.628322861286	0.710971483809	0.639439342678	0.706138231029	0.600289995167	0.681971967134
AF7	0.553890768487	0.541807636539	0.932334461092	0.65055582407	0.658772353794	0.501691638473	0.687771870469	0.455775737071	0.434992750121	0.609473175447	0.45142580957	0.589656839053	0.545674238763	0.852585790237	0.623489608507	0.530691155147	0.445625906235	0.443692605123	0.889318511358	0.712421459642	0.533107781537	0.41904301595	0.435959400677	0.438859352344	0.861285645239	0.549057515708	0.0	0.323344610923	0.486708554857	0.538907684872	0.482358627356	0.460125664572	0.425326244563	0.493475108748	0.699371677139	0.632672788787	0.458192363461	0.529724504592	0.494925084582	0.610439826003	0.542290961817	0.702754954084	0.653939101015	0.565007249879	0.533591106815	0.499275012083	0.675688738521	0.621072982117	0.68293861769	0.663605606573	0.62493958434	0.652489125181	0.562107298212	0.546640889319	0.536491058482	0.553407443209	0.566940550991	0.637506041566	0.563557274045	0.654422426293	0.494925084582	0.611406476559
AF8	0.55775737071	0.541807636539	0.930401159981	0.643789270179	0.68970517158	0.528757854036	0.680038666022	0.467375543741	0.465442242629	0.603189946834	0.505558240696	0.621072982117	0.566457225713	0.84726921218	0.61333977767	0.531174480425	0.470275495408	0.462058965684	0.869985500242	0.687288545191	0.518124697922	0.389560173997	0.46060898985	0.460125664572	0.85645239246	0.541807636539	0.323344610923	0.0	0.46060898985	0.508458192363	0.50459159014	0.452875785404	0.441275978734	0.510874818753	0.718704688255	0.655389076849	0.493475108748	0.540357660706	0.517158047366	0.61333977767	0.56259062349	0.677622039633	0.634606089899	0.573223779604	0.559207346544	0.522957950701	0.696471725471	0.641855969067	0.70372160464	0.678105364911	0.641372643789	0.673755437409	0.579990333494	0.568390526825	0.556790720155	0.572740454326	0.561140647656	0.654422426293	0.5601739971	0.668438859352	0.519091348478	0.628806186564
AG7	0.570323827936	0.581440309328	0.831802803287	0.543740937651	0.677622039633	0.553407443209	0.684388593523	0.51377477042	0.491541807637	0.602706621556	0.544224262929	0.613823102948	0.605606573224	0.752537457709	0.648622522958	0.571290478492	0.541807636539	0.532624456259	0.746737554374	0.53697438376	0.48622522958	0.453359110681	0.535041082649	0.505074915418	0.760753987434	0.508941517641	0.486708554857	0.46060898985	0.0	0.334944417593	0.554857419043	0.519091348478	0.511841469309	0.559690671822	0.742387626873	0.674238762687	0.546640889319	0.552924117931	0.542290961817	0.626872885452	0.593523441276	0.664088931851	0.619623006283	0.579507008217	0.58337361044	0.565007249879	0.737071048816	0.674238762687	0.721604639923	0.70130497825	0.66892218463	0.709038182697	0.61575640406	0.614789753504	0.601739971	0.615273078782	0.615273078782	0.695505074915	0.623006283229	0.693088448526	0.582890285162	0.662155630739
AG8	0.572740454326	0.598840019333	0.835186080232	0.590623489609	0.698888351861	0.576607056549	0.678105364911	0.56935717738	0.549057515708	0.625422909618	0.602223296278	0.637989366844	0.626872885452	0.740937651039	0.67133881102	0.583856935718	0.590623489609	0.588690188497	0.681488641856	0.515708071532	0.490091831803	0.479942000967	0.578540357661	0.556307394877	0.762203963267	0.514741420976	0.538907684872	0.508458192363	0.334944417593	0.0	0.577573707105	0.558240695988	0.570323827936	0.587723537941	0.764137264379	0.695505074915	0.595456742388	0.580473658772	0.589656839053	0.656355727405	0.616723054616	0.664572257129	0.648622522958	0.60657322378	0.613823102948	0.614789753504	0.759787336878	0.699855002417	0.74770420493	0.722087965201	0.695021749638	0.726437892702	0.638472692122	0.640405993233	0.620106331561	0.629772837119	0.626389560174	0.717254712421	0.638472692122	0.713871435476	0.603189946834	0.685838569357
AH7	0.586273562107	0.602223296278	0.948767520541	0.696955050749	0.713388110198	0.577090381827	0.705171580474	0.549057515708	0.532624456259	0.663122281295	0.528274528758	0.655872402127	0.633639439343	0.872402126631	0.690188496858	0.58337361044	0.516674722088	0.493475108748	0.880618656356	0.729337844369	0.564523924601	0.542290961817	0.507491541808	0.493958434026	0.839052682455	0.571290478492	0.482358627356	0.50459159014	0.554857419043	0.577573707105	0.0	0.324311261479	0.556307394877	0.622039632673	0.78250362494	0.728854519091	0.549540840986	0.635572740454	0.602223296278	0.675688738521	0.64813919768	0.753987433543	0.730787820203	0.661188980184	0.635572740454	0.613823102948	0.755437409377	0.717738037699	0.761237312711	0.725471242146	0.705654905752	0.73610439826	0.637022716288	0.634122764621	0.619623006283	0.630256162397	0.62493958434	0.720637989367	0.628322861286	0.720637989367	0.607539874335	0.714838086032
AH8	0.549540840986	0.557274045433	0.943450942484	0.659255679072	0.671822136298	0.521024649589	0.674722087965	0.492508458192	0.48380860319	0.618656355727	0.505558240696	0.60415659739	0.574673755437	0.862252295795	0.642339294345	0.531657805703	0.416143064282	0.380376993717	0.891735137748	0.723537941034	0.547124214596	0.485258579024	0.466892218463	0.467858869019	0.843402609957	0.541807636539	0.460125664572	0.452875785404	0.519091348478	0.558240695988	0.324311261479	0.0	0.485258579024	0.555824069599	0.751087481875	0.691155147414	0.517158047366	0.582406959884	0.543740937651	0.630739487675	0.596423392943	0.714838086032	0.683421942968	0.614789753504	0.586756887385	0.555340744321	0.709521507975	0.667955534074	0.714354760754	0.675688738521	0.656355727405	0.685355244079	0.585306911551	0.585306911551	0.577573707105	0.586756887385	0.566457225713	0.670372160464	0.576607056549	0.679555340744	0.550024166264	0.663605606573
AA5	0.582890285162	0.511841469309	0.95360077332	0.638472692122	0.616239729338	0.469308844853	0.620589656839	0.392460125665	0.409376510391	0.542774287095	0.43740937651	0.542290961817	0.519574673755	0.862252295795	0.537457709038	0.515708071532	0.421459642339	0.414693088449	0.922184630256	0.751087481875	0.552440792653	0.494925084582	0.46979217013	0.482841952634	0.894635089415	0.583856935718	0.425326244563	0.441275978734	0.511841469309	0.570323827936	0.556307394877	0.485258579024	0.0	0.357660705655	0.685838569357	0.604639922668	0.470275495408	0.452392460126	0.467858869019	0.552440792653	0.48380860319	0.624456259062	0.583856935718	0.488641855969	0.521024649589	0.476558724021	0.701788303528	0.644272595457	0.680038666022	0.658289028516	0.651522474625	0.684871918801	0.54857419043	0.565007249879	0.562107298212	0.566457225713	0.541807636539	0.664572257129	0.552924117931	0.653455775737	0.506524891252	0.629772837119
AA6	0.589656839053	0.524891251812	0.9584340261	0.651522474625	0.635572740454	0.470275495408	0.644755920735	0.447075882069	0.463992266796	0.570807153214	0.503624939584	0.560657322378	0.514258095698	0.864185596907	0.567907201547	0.533107781537	0.491541807637	0.499758337361	0.931851135814	0.760753987434	0.60415659739	0.529241179314	0.547124214596	0.5601739971	0.907684871919	0.601256645723	0.493475108748	0.510874818753	0.559690671822	0.587723537941	0.622039632673	0.555824069599	0.357660705655	0.0	0.667955534074	0.585306911551	0.518124697922	0.483325277912	0.48622522958	0.583856935718	0.506524891252	0.662155630739	0.612856452392	0.520541324311	0.446109231513	0.422426292895	0.683421942968	0.629289511841	0.670372160464	0.645239246013	0.625906234896	0.657805703238	0.542290961817	0.545674238763	0.542774287095	0.549540840986	0.549540840986	0.644272595457	0.559690671822	0.637022716288	0.518124697922	0.615273078782
AB5	0.741420976317	0.676655389077	0.969067182214	0.728371193813	0.621072982117	0.630256162397	0.739971000483	0.653939101015	0.655872402127	0.698405026583	0.67133881102	0.601256645723	0.673755437409	0.883518608023	0.707588206863	0.700821652972	0.700821652972	0.711938134364	0.938617689705	0.805219913001	0.797486708555	0.740454325761	0.747220879652	0.741904301595	0.927984533591	0.746737554374	0.699371677139	0.718704688255	0.742387626873	0.764137264379	0.78250362494	0.751087481875	0.685838569357	0.667955534074	0.0	0.309328177864	0.630256162397	0.653939101015	0.620106331561	0.629772837119	0.616723054616	0.746737554374	0.719671338811	0.663122281295	0.617689705172	0.613823102948	0.608506524891	0.60415659739	0.619623006283	0.596906718221	0.618173030449	0.612373127115	0.594006766554	0.599323344611	0.605123247946	0.61333977767	0.675205413243	0.588690188497	0.661672305462	0.606089898502	0.668438859352	0.601739971
AB6	0.681971967134	0.600289995167	0.962783953601	0.672788786854	0.581923634606	0.555340744321	0.677622039633	0.581440309328	0.590140164331	0.629772837119	0.609956500725	0.520057999033	0.605123247946	0.872402126631	0.632672788787	0.631706138231	0.64572257129	0.658772353794	0.930401159981	0.764620589657	0.736587723538	0.674238762687	0.687288545191	0.678105364911	0.912518124698	0.695988400193	0.632672788787	0.655389076849	0.674238762687	0.695505074915	0.728854519091	0.691155147414	0.604639922668	0.585306911551	0.309328177864	0.0	0.577573707105	0.575640405993	0.568390526825	0.556790720155	0.547124214596	0.674238762687	0.63653939101	0.559207346544	0.56259062349	0.550024166264	0.601256645723	0.55099081682	0.59497341711	0.559690671822	0.565490575157	0.587723537941	0.527307878202	0.554857419043	0.564040599323	0.564523924601	0.61333977767	0.561140647656	0.598840019333	0.56259062349	0.624456259062	0.541807636539
AC5	0.599806669889	0.578057032383	0.971483808603	0.664572257129	0.634606089899	0.483325277912	0.666505558241	0.446109231513	0.434026099565	0.596423392943	0.415659739004	0.563073948768	0.558724021266	0.884968583857	0.628322861286	0.564523924601	0.477525374577	0.48380860319	0.950700821653	0.777187046883	0.618656355727	0.562107298212	0.502174963751	0.495891735138	0.927017883035	0.612856452392	0.458192363461	0.493475108748	0.546640889319	0.595456742388	0.549540840986	0.517158047366	0.470275495408	0.518124697922	0.630256162397	0.577573707105	0.0	0.435959400677	0.448525857902	0.595456742388	0.53697438376	0.71532141131	0.662638956017	0.564523924601	0.475108748188	0.464475592073	0.618173030449	0.576607056549	0.633156114065	0.590140164331	0.579990333494	0.606089898502	0.524407926535	0.499275012083	0.497341710971	0.50459159014	0.576123731271	0.585306911551	0.574673755437	0.585790236829	0.520541324311	0.559207346544
AC6	0.614789753504	0.516674722088	0.950217496375	0.644272595457	0.573707104882	0.499758337361	0.53020782987	0.455775737071	0.496375060416	0.471242145964	0.522474625423	0.52537457709	0.538907684872	0.850652489125	0.538424359594	0.552924117931	0.544707588207	0.552924117931	0.914934751087	0.742870952151	0.621072982117	0.565490575157	0.58095698405	0.574673755437	0.901401643306	0.587723537941	0.529724504592	0.540357660706	0.552924117931	0.580473658772	0.635572740454	0.582406959884	0.452392460126	0.483325277912	0.653939101015	0.575640405993	0.435959400677	0.0	0.493475108748	0.511841469309	0.494925084582	0.487191880135	0.435476075399	0.413243112615	0.530691155147	0.521507974867	0.676172063799	0.622522957951	0.666022232963	0.619623006283	0.62735621073	0.656355727405	0.5601739971	0.56935717738	0.559690671822	0.564040599323	0.557274045433	0.635089415176	0.556307394877	0.619623006283	0.540357660706	0.610923151281
AD6	0.59255679072	0.535524407927	0.970033832769	0.637022716288	0.593040115998	0.428709521508	0.618173030449	0.434992750121	0.425809569841	0.544224262929	0.443692605123	0.519091348478	0.52537457709	0.879168680522	0.594006766554	0.537941034316	0.493475108748	0.477042049299	0.949734171097	0.773320444659	0.605606573224	0.543740937651	0.542290961817	0.529724504592	0.917834702755	0.597390043499	0.494925084582	0.517158047366	0.542290961817	0.589656839053	0.602223296278	0.543740937651	0.467858869019	0.48622522958	0.620106331561	0.568390526825	0.448525857902	0.493475108748	0.0	0.54857419043	0.430159497342	0.697438376027	0.646205896568	0.548090865152	0.473658772354	0.458192363461	0.607539874335	0.553407443209	0.596423392943	0.555824069599	0.559207346544	0.591590140164	0.485258579024	0.482358627356	0.478975350411	0.48380860319	0.553407443209	0.571290478492	0.546157564041	0.569840502658	0.473658772354	0.541807636539
AE5	0.621072982117	0.53020782987	0.970517158047	0.6389560174	0.539874335428	0.541807636539	0.584823586274	0.553890768487	0.601739971	0.523924601257	0.616723054616	0.49540840986	0.574190430159	0.871918801353	0.552924117931	0.564040599323	0.599323344611	0.608506524891	0.921701304978	0.746737554374	0.714354760754	0.651522474625	0.661188980184	0.647172547124	0.877718704688	0.644755920735	0.610439826003	0.61333977767	0.626872885452	0.656355727405	0.675688738521	0.630739487675	0.552440792653	0.583856935718	0.629772837119	0.556790720155	0.595456742388	0.511841469309	0.54857419043	0.0	0.356694055099	0.605606573224	0.567423876269	0.520057999033	0.627839536008	0.631222812953	0.647172547124	0.602706621556	0.6389560174	0.595940067666	0.621072982117	0.637989366844	0.541324311261	0.565490575157	0.585306911551	0.560657322378	0.549057515708	0.619139681005	0.555340744321	0.60657322378	0.577573707105	0.588206863219
AE6	0.601256645723	0.486708554857	0.970033832769	0.630739487675	0.565490575157	0.477042049299	0.564523924601	0.47462542291	0.52779120348	0.499758337361	0.542290961817	0.50700821653	0.512324794587	0.874818753021	0.525857902368	0.52779120348	0.545190913485	0.55775737071	0.939101014983	0.758337361044	0.665538907685	0.594490091832	0.608023199613	0.594490091832	0.904301594973	0.629289511841	0.542290961817	0.56259062349	0.593523441276	0.616723054616	0.64813919768	0.596423392943	0.48380860319	0.506524891252	0.616723054616	0.547124214596	0.53697438376	0.494925084582	0.430159497342	0.356694055099	0.0	0.637022716288	0.589656839053	0.49299178347	0.553407443209	0.54857419043	0.649589173514	0.590623489609	0.629289511841	0.594490091832	0.608989850169	0.635572740454	0.500241662639	0.514258095698	0.526824552924	0.501691638473	0.512324794587	0.614306428226	0.520057999033	0.597390043499	0.520057999033	0.580473658772
AF5	0.706621556307	0.637506041566	0.927984533591	0.68293861769	0.657805703238	0.679555340744	0.558724021266	0.65055582407	0.691155147414	0.579507008217	0.719671338811	0.625906234896	0.678588690188	0.83566940551	0.618656355727	0.667955534074	0.721121314645	0.725471242146	0.864668922185	0.71290478492	0.697438376027	0.679555340744	0.722087965201	0.722571290478	0.876268728855	0.677138714355	0.702754954084	0.677622039633	0.664088931851	0.664572257129	0.753987433543	0.714838086032	0.624456259062	0.662155630739	0.746737554374	0.674238762687	0.71532141131	0.487191880135	0.697438376027	0.605606573224	0.637022716288	0.0	0.281295311745	0.543740937651	0.718704688255	0.716288061866	0.766070565491	0.729337844369	0.760753987434	0.722571290478	0.748670855486	0.762687288545	0.696471725471	0.721604639923	0.733204446593	0.720154664089	0.67133881102	0.739487675205	0.678588690188	0.720154664089	0.71532141131	0.72450459159
AF6	0.682455292412	0.584340260996	0.926534557757	0.646205896568	0.623489608507	0.638472692122	0.534074432093	0.602223296278	0.642339294345	0.535524407927	0.677622039633	0.591590140164	0.62493958434	0.83325277912	0.552924117931	0.625422909618	0.672788786854	0.676655389077	0.876752054132	0.71290478492	0.689221846303	0.646689221846	0.6805219913	0.6805219913	0.869985500242	0.65973900435	0.653939101015	0.634606089899	0.619623006283	0.648622522958	0.730787820203	0.683421942968	0.583856935718	0.612856452392	0.719671338811	0.63653939101	0.662638956017	0.435476075399	0.646205896568	0.567423876269	0.589656839053	0.281295311745	0.0	0.497341710971	0.673272112131	0.66892218463	0.737554374094	0.687771870469	0.722571290478	0.679555340744	0.690188496858	0.717738037699	0.654905751571	0.672305461576	0.681971967134	0.674238762687	0.621556307395	0.705654905752	0.625422909618	0.679072015466	0.673272112131	0.676655389077
