	AA3	AA4	AB3	AB4	AC3	AC4	AD3	AD4	AE3	AE4	AF3	AF4	AG3	AG4	AH3	AH4	AA7	AA8	AB7	AB8	AC7	AC8	AD7	AD8	AE7	AE8	AF7	AF8	AG7	AG8	AH7	AH8	AA5	AA6	AB5	AB6	AC5	AC6	AD6	AE5	AE6	AF5	AF6	AG5	AH5	AH6	AA1	AA2	AB1	AB2	AC1	AC2	AD1	AD2	AE1	AE2	AF1	AF2	AG1	AG2	AH1	AH2
AA3	0.0	0.497341710971	0.938134364427	0.649105848236	0.669405509908	0.575157080715	0.65973900435	0.575157080715	0.572740454326	0.623489608507	0.608023199613	0.647655872402	0.575157080715	0.856935717738	0.656355727405	0.335427742871	0.580473658772	0.563557274045	0.864668922185	0.719671338811	0.626389560174	0.569840502658	0.577090381827	0.567423876269	0.835186080232	0.576123731271	0.552924117931	0.559207346544	0.583856935718	0.576607056549	0.585306911551	0.55775737071	0.576123731271	0.581923634606	0.748670855486	0.681005316578	0.596906718221	0.608506524891	0.578540357661	0.611406476559	0.586756887385	0.713388110198	0.68970517158	0.601739971	0.622522957951	0.608506524891	0.681005316578	0.650072498792	0.702271628806	0.664572257129	0.649105848236	0.660705654906	0.578057032383	0.555824069599	0.565973900435	0.538424359594	0.580473658772	0.656839052682	0.582406959884	0.667955534074	0.577090381827	0.636056065732
AA4	0.497341710971	0.0	0.944900918318	0.580473658772	0.568390526825	0.500724987917	0.570807153214	0.487675205413	0.510874818753	0.519091348478	0.565490575157	0.525857902368	0.462058965684	0.860802319961	0.374093765104	0.376510391493	0.543740937651	0.534557757371	0.890768487192	0.724987916868	0.663605606573	0.567907201547	0.570807153214	0.594490091832	0.871435476075	0.619139681005	0.531174480425	0.558240695988	0.60657322378	0.612856452392	0.629289511841	0.565490575157	0.501691638473	0.505074915418	0.65732237796	0.599806669889	0.56935717738	0.514741420976	0.524407926535	0.521991300145	0.503624939584	0.634122764621	0.603189946834	0.512324794587	0.577573707105	0.568390526825	0.640889318511	0.576123731271	0.609473175447	0.601256645723	0.594490091832	0.620589656839	0.530691155147	0.520541324311	0.524407926535	0.51377477042	0.506524891252	0.618656355727	0.517641372644	0.599806669889	0.527307878202	0.569840502658
AB3	0.938134364427	0.944900918318	0.0	0.660705654906	0.910101498308	0.951184146931	0.95360077332	0.943934267762	0.926534557757	0.947317544708	0.971967133881	0.931851135814	0.964233929435	0.343644272595	0.959400676655	0.947317544708	0.972933784437	0.966167230546	0.734171097148	0.756404059932	0.893668438859	0.90961817303	0.959400676655	0.957467375544	0.852102464959	0.889801836636	0.94441759304	0.93281778637	0.851135814403	0.840019333011	0.954567423876	0.951184146931	0.957950700822	0.960850652489	0.973417109715	0.966650555824	0.971967133881	0.952150797487	0.969550507492	0.971000483325	0.969550507492	0.940550990817	0.932334461092	0.948284195263	0.97680038666	0.968583856936	0.969550507492	0.967133881102	0.969550507492	0.970517158047	0.973417109715	0.968100531658	0.972450459159	0.971483808603	0.975833736104	0.971483808603	0.969067182214	0.968583856936	0.971000483325	0.972933784437	0.970517158047	0.971000483325
AB4	0.649105848236	0.580473658772	0.660705654906	0.0	0.637506041566	0.611406476559	0.677622039633	0.621072982117	0.619139681005	0.633639439343	0.652005799903	0.615273078782	0.497341710971	0.5601739971	0.617689705172	0.609956500725	0.64572257129	0.649105848236	0.725471242146	0.575640405993	0.675205413243	0.623972933784	0.659255679072	0.658772353794	0.799420009667	0.637989366844	0.648622522958	0.641372643789	0.567423876269	0.593040115998	0.704688255196	0.640889318511	0.642822619623	0.655872402127	0.73368777187	0.680038666022	0.658772353794	0.639922667956	0.633639439343	0.644755920735	0.640889318511	0.672788786854	0.654422426293	0.625422909618	0.686805219913	0.674238762687	0.706138231029	0.662638956017	0.691155147414	0.674238762687	0.676172063799	0.679072015466	0.639439342678	0.637989366844	0.658289028516	0.6389560174	0.642822619623	0.679072015466	0.639922667956	0.676172063799	0.651522474625	0.658772353794
AC3	0.669405509908	0.568390526825	0.910101498308	0.637506041566	0.0	0.494441759304	0.632672788787	0.552924117931	0.57177380377	0.583856935718	0.609956500725	0.309328177864	0.602706621556	0.828419526341	0.611406476559	0.617689705172	0.631706138231	0.600289995167	0.86563557274	0.744320927985	0.726437892702	0.667955534074	0.708071532141	0.713388110198	0.827452875785	0.682455292412	0.649589173514	0.682455292412	0.673755437409	0.685355244079	0.704688255196	0.647655872402	0.608023199613	0.629289511841	0.608023199613	0.577573707105	0.611406476559	0.58095698405	0.570807153214	0.559690671822	0.571290478492	0.665538907685	0.653455775737	0.562107298212	0.62735621073	0.616239729338	0.586273562107	0.564523924601	0.569840502658	0.574190430159	0.590140164331	0.58337361044	0.535524407927	0.564523924601	0.566940550991	0.57177380377	0.618656355727	0.574673755437	0.629289511841	0.574673755437	0.622039632673	0.575157080715
AC4	0.575157080715	0.500724987917	0.951184146931	0.611406476559	0.494441759304	0.0	0.612373127115	0.396810053166	0.401159980667	0.505558240696	0.338811019816	0.430159497342	0.495891735138	0.871435476075	0.568390526825	0.531174480425	0.49540840986	0.466892218463	0.923151280812	0.757854035766	0.600289995167	0.521024649589	0.505074915418	0.505558240696	0.890285161914	0.592073465442	0.488158530691	0.505558240696	0.542290961817	0.558724021266	0.57177380377	0.506041565974	0.450459159014	0.471725471242	0.643789270179	0.566457225713	0.462058965684	0.507491541808	0.410826486225	0.547607539874	0.482841952634	0.686321894635	0.658772353794	0.505074915418	0.512324794587	0.487191880135	0.634606089899	0.570807153214	0.597390043499	0.582406959884	0.585790236829	0.612373127115	0.490091831803	0.491058482359	0.51377477042	0.486708554857	0.540840985984	0.607539874335	0.5601739971	0.588690188497	0.456259062349	0.557274045433
AD3	0.65973900435	0.570807153214	0.95360077332	0.677622039633	0.632672788787	0.612373127115	0.0	0.532624456259	0.62493958434	0.355727404543	0.662638956017	0.593040115998	0.623972933784	0.877718704688	0.562107298212	0.616239729338	0.669888835186	0.664572257129	0.941034316095	0.77767037216	0.711938134364	0.672305461576	0.677622039633	0.674722087965	0.916384726921	0.670372160464	0.684388593523	0.680038666022	0.673755437409	0.669888835186	0.702754954084	0.658289028516	0.605606573224	0.627839536008	0.728854519091	0.665055582407	0.662638956017	0.53020782987	0.616723054616	0.575157080715	0.564040599323	0.547607539874	0.525857902368	0.528757854036	0.679555340744	0.667955534074	0.743354277429	0.689221846303	0.720637989367	0.71290478492	0.699855002417	0.727404543258	0.642339294345	0.643305944901	0.653939101015	0.642339294345	0.617689705172	0.720154664089	0.613823102948	0.710004833253	0.672305461576	0.698888351861
AD4	0.575157080715	0.487675205413	0.943934267762	0.621072982117	0.552924117931	0.396810053166	0.532624456259	0.0	0.309811503142	0.414209763171	0.430159497342	0.519091348478	0.503141614306	0.863702271629	0.545674238763	0.533591106815	0.489125181247	0.44900918318	0.941517641373	0.772353794103	0.586273562107	0.498308361527	0.48622522958	0.502174963751	0.908651522475	0.610439826003	0.455292411793	0.46979217013	0.510391493475	0.561623972934	0.554857419043	0.485258579024	0.390526824553	0.440792653456	0.661188980184	0.582890285162	0.444175930401	0.489125181247	0.431126147898	0.553407443209	0.4813919768	0.654422426293	0.625422909618	0.495891735138	0.508458192363	0.493958434026	0.65973900435	0.604639922668	0.626872885452	0.623972933784	0.619623006283	0.635089415176	0.514741420976	0.511841469309	0.531657805703	0.503624939584	0.534074432093	0.634606089899	0.557274045433	0.625906234896	0.490575157081	0.599323344611
AE3	0.572740454326	0.510874818753	0.926534557757	0.619139681005	0.57177380377	0.401159980667	0.62493958434	0.309811503142	0.0	0.506524891252	0.415659739004	0.538424359594	0.50700821653	0.852102464959	0.56259062349	0.53697438376	0.46979217013	0.435476075399	0.9212179797	0.752537457709	0.565973900435	0.475592073465	0.462542290962	0.480425326245	0.885935234413	0.586756887385	0.438376027066	0.463508941518	0.491058482359	0.546640889319	0.546640889319	0.476558724021	0.398260029	0.449975833736	0.682455292412	0.601256645723	0.448525857902	0.524891251812	0.444659255679	0.598356694055	0.524891251812	0.685355244079	0.656355727405	0.53020782987	0.506524891252	0.489608506525	0.670855485742	0.612373127115	0.640889318511	0.630256162397	0.62493958434	0.653455775737	0.533591106815	0.53020782987	0.552924117931	0.520541324311	0.544707588207	0.644272595457	0.56935717738	0.633156114065	0.480425326245	0.603189946834
AE4	0.623489608507	0.519091348478	0.947317544708	0.633639439343	0.583856935718	0.505558240696	0.355727404543	0.414209763171	0.506524891252	0.0	0.568873852102	0.545190913485	0.568390526825	0.866602223296	0.537457709038	0.565973900435	0.581923634606	0.576607056549	0.94683421943	0.777187046883	0.662155630739	0.585306911551	0.584823586274	0.592073465442	0.918318028033	0.628322861286	0.58337361044	0.58095698405	0.591106814886	0.608506524891	0.640889318511	0.581440309328	0.516674722088	0.535041082649	0.687771870469	0.622039632673	0.567907201547	0.456259062349	0.532141130981	0.531174480425	0.504108264862	0.589173513775	0.558240695988	0.496858385694	0.59497341711	0.582406959884	0.697921701305	0.64572257129	0.677138714355	0.673755437409	0.66892218463	0.685838569357	0.601256645723	0.576607056549	0.597873368777	0.576607056549	0.566457225713	0.679072015466	0.580473658772	0.674238762687	0.580473658772	0.651039149348
AF3	0.608023199613	0.565490575157	0.971967133881	0.652005799903	0.609956500725	0.338811019816	0.662638956017	0.430159497342	0.415659739004	0.568873852102	0.0	0.545190913485	0.530691155147	0.890285161914	0.613823102948	0.577090381827	0.458192363461	0.435959400677	0.957467375544	0.792653455776	0.616239729338	0.55099081682	0.446109231513	0.449492508458	0.918318028033	0.631222812953	0.449975833736	0.492508458192	0.541324311261	0.596423392943	0.535041082649	0.508458192363	0.448042532624	0.492025132914	0.675205413243	0.618173030449	0.418559690672	0.549057515708	0.437892701788	0.609956500725	0.539874335428	0.724987916868	0.699855002417	0.550507491542	0.515708071532	0.486708554857	0.664572257129	0.607056549058	0.649589173514	0.622039632673	0.61575640406	0.640405993233	0.542774287095	0.51377477042	0.540840985984	0.518124697922	0.582890285162	0.640405993233	0.602223296278	0.619139681005	0.490575157081	0.593040115998
AF4	0.647655872402	0.525857902368	0.931851135814	0.615273078782	0.309328177864	0.430159497342	0.593040115998	0.519091348478	0.538424359594	0.545190913485	0.545190913485	0.0	0.560657322378	0.851135814403	0.56259062349	0.589656839053	0.606089898502	0.577090381827	0.888351860802	0.723054615756	0.718221362977	0.644755920735	0.670372160464	0.674238762687	0.848719188014	0.652972450459	0.617689705172	0.649105848236	0.656839052682	0.669405509908	0.684871918801	0.626389560174	0.572257129048	0.593040115998	0.614789753504	0.552924117931	0.588690188497	0.551474142098	0.52779120348	0.53020782987	0.535524407927	0.634606089899	0.619623006283	0.528757854036	0.592073465442	0.578057032383	0.583856935718	0.524891251812	0.54857419043	0.534074432093	0.550507491542	0.566940550991	0.512808119865	0.536007733204	0.538907684872	0.549057515708	0.594490091832	0.557274045433	0.605606573224	0.537457709038	0.573223779604	0.53697438376
AG3	0.575157080715	0.462058965684	0.964233929435	0.497341710971	0.602706621556	0.495891735138	0.623972933784	0.503141614306	0.50700821653	0.568390526825	0.530691155147	0.560657322378	0.0	0.857902368294	0.525857902368	0.516674722088	0.523924601257	0.492508458192	0.924601256646	0.756404059932	0.665055582407	0.58095698405	0.570807153214	0.586756887385	0.883035282745	0.623489608507	0.537457709038	0.559207346544	0.600773320445	0.616239729338	0.62735621073	0.544224262929	0.521024649589	0.525857902368	0.664088931851	0.605123247946	0.531174480425	0.550024166264	0.503141614306	0.552924117931	0.515708071532	0.678105364911	0.652005799903	0.526824552924	0.560657322378	0.552440792653	0.623489608507	0.581923634606	0.610923151281	0.594006766554	0.59255679072	0.602223296278	0.509908168197	0.507491541808	0.528757854036	0.503624939584	0.52537457709	0.614789753504	0.549057515708	0.601256645723	0.508458192363	0.576607056549
AG4	0.856935717738	0.860802319961	0.343644272595	0.5601739971	0.828419526341	0.871435476075	0.877718704688	0.863702271629	0.852102464959	0.866602223296	0.890285161914	0.851135814403	0.857902368294	0.0	0.878202029966	0.860802319961	0.898501691638	0.891735137748	0.708071532141	0.681005316578	0.819236346061	0.834219429676	0.883035282745	0.8796520058	0.825036249396	0.816819719671	0.865152247463	0.855969067182	0.774770420493	0.750120831319	0.887385210246	0.872402126631	0.877718704688	0.880618656356	0.906718221363	0.898018366361	0.895601739971	0.869985500242	0.888351860802	0.895601739971	0.890285161914	0.862252295795	0.852585790237	0.871918801353	0.900918318028	0.893668438859	0.89125181247	0.890768487192	0.895601739971	0.892218463026	0.901401643306	0.893668438859	0.901401643306	0.891735137748	0.901401643306	0.898018366361	0.893668438859	0.894151764137	0.891735137748	0.893668438859	0.896085065249	0.895601739971
AH3	0.656355727405	0.374093765104	0.959400676655	0.617689705172	0.611406476559	0.568390526825	0.562107298212	0.545674238763	0.56259062349	0.537457709038	0.613823102948	0.56259062349	0.525857902368	0.878202029966	0.0	0.528757854036	0.601739971	0.599323344611	0.934267762204	0.769453842436	0.711454809087	0.632189463509	0.62493958434	0.640889318511	0.901401643306	0.685355244079	0.621072982117	0.6389560174	0.658289028516	0.676172063799	0.693571773804	0.620589656839	0.541807636539	0.566457225713	0.711454809087	0.653455775737	0.623489608507	0.551474142098	0.588206863219	0.552440792653	0.564040599323	0.601739971	0.566940550991	0.547607539874	0.637022716288	0.631706138231	0.703238279362	0.623972933784	0.654905751571	0.653939101015	0.653455775737	0.666505558241	0.595456742388	0.596423392943	0.601256645723	0.591590140164	0.566457225713	0.673755437409	0.570807153214	0.644272595457	0.598356694055	0.617206379894
AH4	0.335427742871	0.376510391493	0.947317544708	0.609956500725	0.617689705172	0.531174480425	0.616239729338	0.533591106815	0.53697438376	0.565973900435	0.577090381827	0.589656839053	0.516674722088	0.860802319961	0.528757854036	0.0	0.550024166264	0.540840985984	0.884001933301	0.729821169647	0.635089415176	0.564523924601	0.56935717738	0.578057032383	0.85886901885	0.589656839053	0.544707588207	0.556307394877	0.592073465442	0.596906718221	0.593040115998	0.536491058482	0.542290961817	0.53939101015	0.70130497825	0.639922667956	0.572740454326	0.563557274045	0.536491058482	0.561623972934	0.532624456259	0.681005316578	0.649589173514	0.556790720155	0.584340260996	0.574673755437	0.664088931851	0.611889801837	0.659255679072	0.633639439343	0.625906234896	0.641855969067	0.555340744321	0.523924601257	0.537941034316	0.505558240696	0.515708071532	0.637022716288	0.511358144031	0.623972933784	0.545674238763	0.610439826003
AA7	0.580473658772	0.543740937651	0.972933784437	0.64572257129	0.631706138231	0.49540840986	0.669888835186	0.489125181247	0.46979217013	0.581923634606	0.458192363461	0.606089898502	0.523924601257	0.898501691638	0.601739971	0.550024166264	0.0	0.293861768971	0.922667955534	0.768970517158	0.608023199613	0.520057999033	0.461092315128	0.478975350411	0.871918801353	0.608989850169	0.431609473175	0.466892218463	0.545190913485	0.581923634606	0.510874818753	0.415659739004	0.454809086515	0.501691638473	0.721121314645	0.667472208797	0.480908651522	0.571290478492	0.500724987917	0.592073465442	0.562107298212	0.727404543258	0.700338327695	0.582890285162	0.55099081682	0.544707588207	0.672788786854	0.617206379894	0.672788786854	0.652005799903	0.618656355727	0.640889318511	0.546157564041	0.524891251812	0.552440792653	0.518124697922	0.549540840986	0.6389560174	0.57177380377	0.655872402127	0.508458192363	0.60657322378
AA8	0.563557274045	0.534557757371	0.966167230546	0.649105848236	0.600289995167	0.466892218463	0.664572257129	0.44900918318	0.435476075399	0.576607056549	0.435959400677	0.577090381827	0.492508458192	0.891735137748	0.599323344611	0.540840985984	0.293861768971	0.0	0.916868052199	0.757370710488	0.597873368777	0.500241662639	0.457225712905	0.473658772354	0.866118898018	0.59497341711	0.419526341228	0.458675688739	0.534074432093	0.573223779604	0.472692121798	0.364427259546	0.429676172064	0.477042049299	0.699371677139	0.633156114065	0.442725954567	0.559207346544	0.47220879652	0.59255679072	0.537457709038	0.73368777187	0.701788303528	0.55775737071	0.519574673755	0.509424842919	0.640405993233	0.588690188497	0.648622522958	0.626389560174	0.585306911551	0.609473175447	0.51377477042	0.494925084582	0.520057999033	0.487675205413	0.545190913485	0.60415659739	0.563557274045	0.626872885452	0.48380860319	0.574673755437
AB7	0.864668922185	0.890768487192	0.734171097148	0.725471242146	0.86563557274	0.923151280812	0.941034316095	0.941517641373	0.9212179797	0.94683421943	0.957467375544	0.888351860802	0.924601256646	0.708071532141	0.934267762204	0.884001933301	0.922667955534	0.916868052199	0.0	0.40744320928	0.811503141614	0.849202513291	0.930884485259	0.922667955534	0.739004349928	0.811986466892	0.883035282745	0.875302078299	0.750120831319	0.696955050749	0.885935234413	0.895118414693	0.9212179797	0.936201063316	0.941034316095	0.931367810536	0.951184146931	0.919768003867	0.944900918318	0.923151280812	0.94441759304	0.89125181247	0.878202029966	0.901884968584	0.958917351377	0.950700821653	0.928951184147	0.919284678589	0.932334461092	0.930884485259	0.929434509425	0.917351377477	0.917834702755	0.916868052199	0.918318028033	0.909134847753	0.921701304978	0.913484775254	0.920251329145	0.923151280812	0.949250845819	0.926534557757
AB8	0.719671338811	0.724987916868	0.756404059932	0.575640405993	0.744320927985	0.757854035766	0.77767037216	0.772353794103	0.752537457709	0.777187046883	0.792653455776	0.723054615756	0.756404059932	0.681005316578	0.769453842436	0.729821169647	0.768970517158	0.757370710488	0.40744320928	0.0	0.658772353794	0.68293861769	0.757854035766	0.753020782987	0.734171097148	0.651522474625	0.714354760754	0.701788303528	0.550024166264	0.526824552924	0.737071048816	0.732237796037	0.764620589657	0.773803769937	0.820686321895	0.767037216046	0.785886901885	0.752054132431	0.773803769937	0.762687288545	0.774770420493	0.740454325761	0.718704688255	0.73368777187	0.793136781054	0.783953600773	0.815853069116	0.759787336878	0.786370227163	0.770420492992	0.773320444659	0.782020299662	0.765103914935	0.760753987434	0.766070565491	0.754954084099	0.757370710488	0.779120347994	0.759787336878	0.771870468826	0.782986950217	0.767037216046
AC7	0.626389560174	0.663605606573	0.893668438859	0.675205413243	0.726437892702	0.600289995167	0.711938134364	0.586273562107	0.565973900435	0.662155630739	0.616239729338	0.718221362977	0.665055582407	0.819236346061	0.711454809087	0.635089415176	0.608023199613	0.597873368777	0.811503141614	0.658772353794	0.0	0.373127114548	0.584340260996	0.58337361044	0.822619623006	0.593523441276	0.536007733204	0.5186080232	0.490575157081	0.494925084582	0.576607056549	0.561140647656	0.576123731271	0.594006766554	0.820686321895	0.755920734654	0.629289511841	0.647655872402	0.614789753504	0.720637989367	0.670855485742	0.730304494925	0.705171580474	0.643305944901	0.639439342678	0.621556307395	0.822136297728	0.769453842436	0.804253262446	0.792653455776	0.767037216046	0.792653455776	0.693571773804	0.678105364911	0.693088448526	0.668438859352	0.673755437409	0.788303528275	0.676172063799	0.787336877719	0.616239729338	0.751087481875
AC8	0.569840502658	0.567907201547	0.90961817303	0.623972933784	0.667955534074	0.521024649589	0.672305461576	0.498308361527	0.475592073465	0.585306911551	0.55099081682	0.644755920735	0.58095698405	0.834219429676	0.632189463509	0.564523924601	0.520057999033	0.500241662639	0.849202513291	0.68293861769	0.373127114548	0.0	0.478008699855	0.494441759304	0.840019333011	0.551474142098	0.392460125665	0.378927017883	0.451909134848	0.476075398743	0.525857902368	0.477042049299	0.4813919768	0.502658289029	0.73852102465	0.666505558241	0.537941034316	0.565973900435	0.528274528758	0.628322861286	0.577573707105	0.68293861769	0.65055582407	0.563557274045	0.563073948768	0.550507491542	0.728854519091	0.674722087965	0.714838086032	0.705654905752	0.678588690188	0.696955050749	0.601256645723	0.587723537941	0.603189946834	0.577573707105	0.576607056549	0.695021749638	0.589173513775	0.701788303528	0.528274528758	0.656839052682
AD7	0.577090381827	0.570807153214	0.959400676655	0.659255679072	0.708071532141	0.505074915418	0.677622039633	0.48622522958	0.462542290962	0.584823586274	0.446109231513	0.670372160464	0.570807153214	0.883035282745	0.62493958434	0.56935717738	0.461092315128	0.457225712905	0.930884485259	0.757854035766	0.584340260996	0.478008699855	0.0	0.279362010633	0.896085065249	0.528757854036	0.402609956501	0.431609473175	0.504108264862	0.555340744321	0.501691638473	0.466408893185	0.46979217013	0.509908168197	0.740454325761	0.670372160464	0.490575157081	0.579990333494	0.528274528758	0.631222812953	0.58337361044	0.722571290478	0.696955050749	0.59255679072	0.551474142098	0.540357660706	0.732237796037	0.674238762687	0.711938134364	0.703238279362	0.676172063799	0.694055099082	0.603189946834	0.584823586274	0.598356694055	0.581440309328	0.573707104882	0.693571773804	0.594490091832	0.704688255196	0.53697438376	0.649105848236
AD8	0.567423876269	0.594490091832	0.957467375544	0.658772353794	0.713388110198	0.505558240696	0.674722087965	0.502174963751	0.480425326245	0.592073465442	0.449492508458	0.674238762687	0.586756887385	0.8796520058	0.640889318511	0.578057032383	0.478975350411	0.473658772354	0.922667955534	0.753020782987	0.58337361044	0.494441759304	0.279362010633	0.0	0.857419043016	0.494441759304	0.422426292895	0.443209279845	0.48622522958	0.540357660706	0.501208313195	0.478492025133	0.4813919768	0.520541324311	0.746737554374	0.669888835186	0.49299178347	0.575157080715	0.528757854036	0.625422909618	0.580473658772	0.714354760754	0.688255195747	0.585306911551	0.565490575157	0.545674238763	0.740454325761	0.677622039633	0.720154664089	0.703238279362	0.676172063799	0.698888351861	0.605606573224	0.589656839053	0.600289995167	0.582890285162	0.593040115998	0.698405026583	0.608023199613	0.706138231029	0.543257612373	0.654905751571
AE7	0.835186080232	0.871435476075	0.852102464959	0.799420009667	0.827452875785	0.890285161914	0.916384726921	0.908651522475	0.885935234413	0.918318028033	0.918318028033	0.848719188014	0.883035282745	0.825036249396	0.901401643306	0.85886901885	0.871918801353	0.866118898018	0.739004349928	0.734171097148	0.822619623006	0.840019333011	0.896085065249	0.857419043016	0.0	0.538907684872	0.864668922185	0.85645239246	0.769453842436	0.763653939101	0.838569357177	0.842919284679	0.90043499275	0.903818269696	0.926051232479	0.913968100532	0.917834702755	0.894635089415	0.911551474142	0.866118898018	0.90285161914	0.884001933301	0.872885451909	0.872885451909	0.93281778637	0.923151280812	0.890285161914	0.894635089415	0.910584823586	0.895601739971	0.904784920251	0.896085065249	0.893668438859	0.890768487192	0.90043499275	0.8796520058	0.906718221363	0.889318511358	0.90285161914	0.897051715805	0.917834702755	0.906234896085
AE8	0.576123731271	0.619139681005	0.889801836636	0.637989366844	0.682455292412	0.592073465442	0.670372160464	0.610439826003	0.586756887385	0.628322861286	0.631222812953	0.652972450459	0.623489608507	0.816819719671	0.685355244079	0.589656839053	0.608989850169	0.59497341711	0.811986466892	0.651522474625	0.593523441276	0.551474142098	0.528757854036	0.494441759304	0.538907684872	0.0	0.568390526825	0.561140647656	0.521024649589	0.514258095698	0.582890285162	0.566940550991	0.610439826003	0.609956500725	0.760270662156	0.691638472692	0.62493958434	0.610923151281	0.618173030449	0.641855969067	0.619623006283	0.688738521025	0.663605606573	0.598356694055	0.638472692122	0.631222812953	0.74770420493	0.692605123248	0.739487675205	0.706621556307	0.702271628806	0.728371193813	0.64572257129	0.621556307395	0.644755920735	0.612373127115	0.63653939101	0.715804736588	0.639922667956	0.707588206863	0.616239729338	0.696955050749
AF7	0.552924117931	0.531174480425	0.94441759304	0.648622522958	0.649589173514	0.488158530691	0.684388593523	0.455292411793	0.438376027066	0.58337361044	0.449975833736	0.617689705172	0.537457709038	0.865152247463	0.621072982117	0.544707588207	0.431609473175	0.419526341228	0.883035282745	0.714354760754	0.536007733204	0.392460125665	0.402609956501	0.422426292895	0.864668922185	0.568390526825	0.0	0.303044949251	0.484291928468	0.519091348478	0.47462542291	0.459159014016	0.421459642339	0.465925567907	0.705171580474	0.635089415176	0.459642339294	0.542290961817	0.49540840986	0.601256645723	0.534557757371	0.702754954084	0.673272112131	0.546640889319	0.524407926535	0.522474625423	0.677138714355	0.629289511841	0.68293861769	0.666988883519	0.625906234896	0.646689221846	0.560657322378	0.542774287095	0.556790720155	0.53939101015	0.551474142098	0.639922667956	0.56935717738	0.665538907685	0.483325277912	0.618173030449
AF8	0.559207346544	0.558240695988	0.93281778637	0.641372643789	0.682455292412	0.505558240696	0.680038666022	0.46979217013	0.463508941518	0.58095698405	0.492508458192	0.649105848236	0.559207346544	0.855969067182	0.6389560174	0.556307394877	0.466892218463	0.458675688739	0.875302078299	0.701788303528	0.5186080232	0.378927017883	0.431609473175	0.443209279845	0.85645239246	0.561140647656	0.303044949251	0.0	0.465442242629	0.499275012083	0.499275012083	0.46060898985	0.448042532624	0.491541807637	0.719188013533	0.649589173514	0.478008699855	0.547124214596	0.507974867086	0.599806669889	0.547124214596	0.68293861769	0.652972450459	0.542774287095	0.544707588207	0.536491058482	0.702271628806	0.649105848236	0.700821652972	0.684871918801	0.650072498792	0.666505558241	0.577573707105	0.560657322378	0.575640405993	0.559690671822	0.560657322378	0.668438859352	0.577090381827	0.689221846303	0.501691638473	0.634606089899
AG7	0.583856935718	0.60657322378	0.851135814403	0.567423876269	0.673755437409	0.542290961817	0.673755437409	0.510391493475	0.491058482359	0.591106814886	0.541324311261	0.656839052682	0.600773320445	0.774770420493	0.658289028516	0.592073465442	0.545190913485	0.534074432093	0.750120831319	0.550024166264	0.490575157081	0.451909134848	0.504108264862	0.48622522958	0.769453842436	0.521024649589	0.484291928468	0.465442242629	0.0	0.314161430643	0.549057515708	0.505558240696	0.515224746254	0.557274045433	0.763170613823	0.686805219913	0.549057515708	0.574673755437	0.563073948768	0.652005799903	0.606089898502	0.680038666022	0.639922667956	0.567907201547	0.605123247946	0.594006766554	0.749154180764	0.686321894635	0.724987916868	0.711454809087	0.687288545191	0.712421459642	0.634606089899	0.611889801837	0.631706138231	0.607056549058	0.621556307395	0.710971483809	0.633156114065	0.715804736588	0.58337361044	0.677622039633
AG8	0.576607056549	0.612856452392	0.840019333011	0.593040115998	0.685355244079	0.558724021266	0.669888835186	0.561623972934	0.546640889319	0.608506524891	0.596423392943	0.669405509908	0.616239729338	0.750120831319	0.676172063799	0.596906718221	0.581923634606	0.573223779604	0.696955050749	0.526824552924	0.494925084582	0.476075398743	0.555340744321	0.540357660706	0.763653939101	0.514258095698	0.519091348478	0.499275012083	0.314161430643	0.0	0.566457225713	0.541807636539	0.560657322378	0.578057032383	0.769453842436	0.695505074915	0.579507008217	0.582890285162	0.58095698405	0.649105848236	0.612856452392	0.686805219913	0.655389076849	0.581440309328	0.624456259062	0.610923151281	0.752537457709	0.693088448526	0.732237796037	0.720637989367	0.696471725471	0.71532141131	0.642822619623	0.619623006283	0.643789270179	0.619139681005	0.630739487675	0.716288061866	0.638472692122	0.719188013533	0.596906718221	0.686805219913
AH7	0.585306911551	0.629289511841	0.954567423876	0.704688255196	0.704688255196	0.57177380377	0.702754954084	0.554857419043	0.546640889319	0.640889318511	0.535041082649	0.684871918801	0.62735621073	0.887385210246	0.693571773804	0.593040115998	0.510874818753	0.472692121798	0.885935234413	0.737071048816	0.576607056549	0.525857902368	0.501691638473	0.501208313195	0.838569357177	0.582890285162	0.47462542291	0.499275012083	0.549057515708	0.566457225713	0.0	0.351377477042	0.565490575157	0.598356694055	0.784920251329	0.722571290478	0.553407443209	0.647172547124	0.600289995167	0.656355727405	0.633639439343	0.767520541324	0.745770903818	0.65055582407	0.635572740454	0.618173030449	0.762687288545	0.718221362977	0.761720637989	0.737071048816	0.716288061866	0.735137747704	0.638472692122	0.625906234896	0.633156114065	0.616723054616	0.629772837119	0.731754470759	0.630256162397	0.73368777187	0.603189946834	0.699855002417
AH8	0.55775737071	0.565490575157	0.951184146931	0.640889318511	0.647655872402	0.506041565974	0.658289028516	0.485258579024	0.476558724021	0.581440309328	0.508458192363	0.626389560174	0.544224262929	0.872402126631	0.620589656839	0.536491058482	0.415659739004	0.364427259546	0.895118414693	0.732237796037	0.561140647656	0.477042049299	0.466408893185	0.478492025133	0.842919284679	0.566940550991	0.459159014016	0.46060898985	0.505558240696	0.541807636539	0.351377477042	0.0	0.482841952634	0.519091348478	0.743354277429	0.675688738521	0.510391493475	0.585306911551	0.526824552924	0.60657322378	0.572740454326	0.723054615756	0.695988400193	0.588206863219	0.567423876269	0.554857419043	0.698405026583	0.646205896568	0.695021749638	0.667955534074	0.643789270179	0.661672305462	0.567423876269	0.556307394877	0.57177380377	0.541324311261	0.558724021266	0.656355727405	0.564523924601	0.66892218463	0.537457709038	0.62735621073
AA5	0.576123731271	0.501691638473	0.957950700822	0.642822619623	0.608023199613	0.450459159014	0.605606573224	0.390526824553	0.398260029	0.516674722088	0.448042532624	0.572257129048	0.521024649589	0.877718704688	0.541807636539	0.542290961817	0.454809086515	0.429676172064	0.9212179797	0.764620589657	0.576123731271	0.4813919768	0.46979217013	0.4813919768	0.90043499275	0.610439826003	0.421459642339	0.448042532624	0.515224746254	0.560657322378	0.565490575157	0.482841952634	0.0	0.322861285645	0.681971967134	0.591106814886	0.460125664572	0.463508941518	0.458675688739	0.543257612373	0.480908651522	0.62493958434	0.598356694055	0.473175447076	0.521991300145	0.489125181247	0.69212179797	0.634122764621	0.660705654906	0.658289028516	0.644272595457	0.670372160464	0.540357660706	0.545674238763	0.57177380377	0.532624456259	0.53939101015	0.666022232963	0.563557274045	0.652489125181	0.493475108748	0.619623006283
AA6	0.581923634606	0.505074915418	0.960850652489	0.655872402127	0.629289511841	0.471725471242	0.627839536008	0.440792653456	0.449975833736	0.535041082649	0.492025132914	0.593040115998	0.525857902368	0.880618656356	0.566457225713	0.53939101015	0.501691638473	0.477042049299	0.936201063316	0.773803769937	0.594006766554	0.502658289029	0.509908168197	0.520541324311	0.903818269696	0.609956500725	0.465925567907	0.491541807637	0.557274045433	0.578057032383	0.598356694055	0.519091348478	0.322861285645	0.0	0.685838569357	0.592073465442	0.494441759304	0.487191880135	0.471725471242	0.556790720155	0.49299178347	0.65732237796	0.631222812953	0.510874818753	0.459642339294	0.422426292895	0.693571773804	0.637989366844	0.663122281295	0.658772353794	0.647655872402	0.668438859352	0.54857419043	0.549057515708	0.572257129048	0.533591106815	0.537941034316	0.664572257129	0.567423876269	0.653455775737	0.500241662639	0.621072982117
AB5	0.748670855486	0.65732237796	0.973417109715	0.73368777187	0.608023199613	0.643789270179	0.728854519091	0.661188980184	0.682455292412	0.687771870469	0.675205413243	0.614789753504	0.664088931851	0.906718221363	0.711454809087	0.70130497825	0.721121314645	0.699371677139	0.941034316095	0.820686321895	0.820686321895	0.73852102465	0.740454325761	0.746737554374	0.926051232479	0.760270662156	0.705171580474	0.719188013533	0.763170613823	0.769453842436	0.784920251329	0.743354277429	0.681971967134	0.685838569357	0.0	0.334461092315	0.634606089899	0.672305461576	0.623972933784	0.627839536008	0.621556307395	0.744320927985	0.732237796037	0.655872402127	0.645239246013	0.633639439343	0.622522957951	0.624456259062	0.641855969067	0.623006283229	0.639922667956	0.632189463509	0.60657322378	0.622039632673	0.618656355727	0.627839536008	0.669888835186	0.616239729338	0.66892218463	0.621556307395	0.669888835186	0.630739487675
AB6	0.681005316578	0.599806669889	0.966650555824	0.680038666022	0.577573707105	0.566457225713	0.665055582407	0.582890285162	0.601256645723	0.622039632673	0.618173030449	0.552924117931	0.605123247946	0.898018366361	0.653455775737	0.639922667956	0.667472208797	0.633156114065	0.931367810536	0.767037216046	0.755920734654	0.666505558241	0.670372160464	0.669888835186	0.913968100532	0.691638472692	0.635089415176	0.649589173514	0.686805219913	0.695505074915	0.722571290478	0.675688738521	0.591106814886	0.592073465442	0.334461092315	0.0	0.57177380377	0.59497341711	0.555824069599	0.557274045433	0.545674238763	0.681488641856	0.661188980184	0.550024166264	0.552924117931	0.53939101015	0.590140164331	0.540840985984	0.577090381827	0.568873852102	0.56259062349	0.584823586274	0.533107781537	0.56259062349	0.561623972934	0.564523924601	0.597873368777	0.57177380377	0.595940067666	0.563073948768	0.61333977767	0.547124214596
AC5	0.596906718221	0.56935717738	0.971967133881	0.658772353794	0.611406476559	0.462058965684	0.662638956017	0.444175930401	0.448525857902	0.567907201547	0.418559690672	0.588690188497	0.531174480425	0.895601739971	0.623489608507	0.572740454326	0.480908651522	0.442725954567	0.951184146931	0.785886901885	0.629289511841	0.537941034316	0.490575157081	0.49299178347	0.917834702755	0.62493958434	0.459642339294	0.478008699855	0.549057515708	0.579507008217	0.553407443209	0.510391493475	0.460125664572	0.494441759304	0.634606089899	0.57177380377	0.0	0.445625906235	0.435476075399	0.579507008217	0.509424842919	0.713388110198	0.673755437409	0.546640889319	0.485258579024	0.463508941518	0.608989850169	0.574673755437	0.618656355727	0.589173513775	0.580473658772	0.595940067666	0.510391493475	0.482358627356	0.505558240696	0.490091831803	0.566457225713	0.593523441276	0.58095698405	0.585306911551	0.492508458192	0.562107298212
AC6	0.608506524891	0.514741420976	0.952150797487	0.639922667956	0.58095698405	0.507491541808	0.53020782987	0.489125181247	0.524891251812	0.456259062349	0.549057515708	0.551474142098	0.550024166264	0.869985500242	0.551474142098	0.563557274045	0.571290478492	0.559207346544	0.919768003867	0.752054132431	0.647655872402	0.565973900435	0.579990333494	0.575157080715	0.894635089415	0.610923151281	0.542290961817	0.547124214596	0.574673755437	0.582890285162	0.647172547124	0.585306911551	0.463508941518	0.487191880135	0.672305461576	0.59497341711	0.445625906235	0.0	0.509908168197	0.526824552924	0.495891735138	0.496375060416	0.455775737071	0.420009666506	0.563557274045	0.53939101015	0.678588690188	0.626389560174	0.653939101015	0.647655872402	0.649589173514	0.666988883519	0.582890285162	0.563073948768	0.591106814886	0.552924117931	0.554374093765	0.659255679072	0.57177380377	0.637506041566	0.542774287095	0.637506041566
AD6	0.578540357661	0.524407926535	0.969550507492	0.633639439343	0.570807153214	0.410826486225	0.616723054616	0.431126147898	0.444659255679	0.532141130981	0.437892701788	0.52779120348	0.503141614306	0.888351860802	0.588206863219	0.536491058482	0.500724987917	0.47220879652	0.944900918318	0.773803769937	0.614789753504	0.528274528758	0.528274528758	0.528757854036	0.911551474142	0.618173030449	0.49540840986	0.507974867086	0.563073948768	0.58095698405	0.600289995167	0.526824552924	0.458675688739	0.471725471242	0.623972933784	0.555824069599	0.435476075399	0.509908168197	0.0	0.529724504592	0.410826486225	0.699855002417	0.670855485742	0.519091348478	0.475592073465	0.46060898985	0.596423392943	0.539874335428	0.579023682939	0.551957467376	0.56259062349	0.575640405993	0.461575640406	0.449975833736	0.474142097632	0.452875785404	0.541324311261	0.579990333494	0.551957467376	0.574190430159	0.442725954567	0.535041082649
AE5	0.611406476559	0.521991300145	0.971000483325	0.644755920735	0.559690671822	0.547607539874	0.575157080715	0.553407443209	0.598356694055	0.531174480425	0.609956500725	0.53020782987	0.552924117931	0.895601739971	0.552440792653	0.561623972934	0.592073465442	0.59255679072	0.923151280812	0.762687288545	0.720637989367	0.628322861286	0.631222812953	0.625422909618	0.866118898018	0.641855969067	0.601256645723	0.599806669889	0.652005799903	0.649105848236	0.656355727405	0.60657322378	0.543257612373	0.556790720155	0.627839536008	0.557274045433	0.579507008217	0.526824552924	0.529724504592	0.0	0.336394393427	0.62735621073	0.596906718221	0.506041565974	0.612856452392	0.610923151281	0.646689221846	0.611889801837	0.623972933784	0.622039632673	0.62735621073	0.641855969067	0.527307878202	0.547124214596	0.573707104882	0.536491058482	0.542290961817	0.632672788787	0.554857419043	0.620106331561	0.571290478492	0.607539874335
AE6	0.586756887385	0.503624939584	0.969550507492	0.640889318511	0.571290478492	0.482841952634	0.564040599323	0.4813919768	0.524891251812	0.504108264862	0.539874335428	0.535524407927	0.515708071532	0.890285161914	0.564040599323	0.532624456259	0.562107298212	0.537457709038	0.94441759304	0.774770420493	0.670855485742	0.577573707105	0.58337361044	0.580473658772	0.90285161914	0.619623006283	0.534557757371	0.547124214596	0.606089898502	0.612856452392	0.633639439343	0.572740454326	0.480908651522	0.49299178347	0.621556307395	0.545674238763	0.509424842919	0.495891735138	0.410826486225	0.336394393427	0.0	0.649589173514	0.621556307395	0.476558724021	0.531174480425	0.532624456259	0.636056065732	0.584823586274	0.60657322378	0.600289995167	0.60657322378	0.625906234896	0.496375060416	0.490575157081	0.52537457709	0.480908651522	0.515708071532	0.618656355727	0.528757854036	0.600773320445	0.503624939584	0.585306911551
AF5	0.713388110198	0.634122764621	0.940550990817	0.672788786854	0.665538907685	0.686321894635	0.547607539874	0.654422426293	0.685355244079	0.589173513775	0.724987916868	0.634606089899	0.678105364911	0.862252295795	0.601739971	0.681005316578	0.727404543258	0.73368777187	0.89125181247	0.740454325761	0.730304494925	0.68293861769	0.722571290478	0.714354760754	0.884001933301	0.688738521025	0.702754954084	0.68293861769	0.680038666022	0.686805219913	0.767520541324	0.723054615756	0.62493958434	0.65732237796	0.744320927985	0.681488641856	0.713388110198	0.496375060416	0.699855002417	0.62735621073	0.649589173514	0.0	0.281295311745	0.540357660706	0.733204446593	0.71532141131	0.763653939101	0.720154664089	0.73852102465	0.727887868536	0.739971000483	0.755920734654	0.698888351861	0.722087965201	0.733204446593	0.71532141131	0.672305461576	0.751087481875	0.674238762687	0.722087965201	0.71290478492	0.727404543258
AF6	0.68970517158	0.603189946834	0.932334461092	0.654422426293	0.653455775737	0.658772353794	0.525857902368	0.625422909618	0.656355727405	0.558240695988	0.699855002417	0.619623006283	0.652005799903	0.852585790237	0.566940550991	0.649589173514	0.700338327695	0.701788303528	0.878202029966	0.718704688255	0.705171580474	0.65055582407	0.696955050749	0.688255195747	0.872885451909	0.663605606573	0.673272112131	0.652972450459	0.639922667956	0.655389076849	0.745770903818	0.695988400193	0.598356694055	0.631222812953	0.732237796037	0.661188980184	0.673755437409	0.455775737071	0.670855485742	0.596906718221	0.621556307395	0.281295311745	0.0	0.507491541808	0.705654905752	0.686805219913	0.752054132431	0.702754954084	0.720637989367	0.712421459642	0.710971483809	0.734654422426	0.670855485742	0.689221846303	0.70130497825	0.685838569357	0.634606089899	0.729337844369	0.637506041566	0.700821652972	0.687771870469	0.708554857419
