	AA3	AA4	AB3	AB4	AC3	AC4	AD3	AD4	AE3	AE4	AF3	AF4	AG3	AG4	AH3	AH4	AA7	AA8	AB7	AB8	AC7	AC8	AD7	AD8	AE7	AE8	AF7	AF8	AG7	AG8	AH7	AH8	AA5	AA6	AB5	AB6	AC5	AC6	AD6	AE5	AE6	AF5	AF6	AG5	AH5	AH6	AA1	AA2	AB1	AB2	AC1	AC2	AD1	AD2	AE1	AE2	AF1	AF2	AG1	AG2	AH1	AH2
AA3	0.0	0.471242145964	0.940550990817	0.626389560174	0.642822619623	0.59497341711	0.675205413243	0.58095698405	0.57177380377	0.623489608507	0.616723054616	0.592073465442	0.582406959884	0.838569357177	0.638472692122	0.318994683422	0.574673755437	0.574673755437	0.864185596907	0.722571290478	0.627839536008	0.558724021266	0.596423392943	0.594006766554	0.822619623006	0.598840019333	0.563557274045	0.563557274045	0.588690188497	0.600289995167	0.597873368777	0.561623972934	0.587240212663	0.586756887385	0.740937651039	0.673755437409	0.602706621556	0.614789753504	0.602706621556	0.609956500725	0.607056549058	0.694055099082	0.684871918801	0.619139681005	0.619139681005	0.622522957951	0.673755437409	0.642822619623	0.695505074915	0.656355727405	0.630256162397	0.657805703238	0.565007249879	0.572257129048	0.581923634606	0.538424359594	0.55775737071	0.639922667956	0.58095698405	0.64813919768	0.577090381827	0.648622522958
AA4	0.471242145964	0.0	0.952150797487	0.575640405993	0.565490575157	0.512324794587	0.597390043499	0.479458675689	0.498308361527	0.520541324311	0.5601739971	0.497341710971	0.506524891252	0.846302561624	0.418076365394	0.377960367327	0.54857419043	0.540840985984	0.883035282745	0.723054615756	0.656355727405	0.565007249879	0.591590140164	0.589173513775	0.86805219913	0.620106331561	0.539874335428	0.543257612373	0.598840019333	0.612856452392	0.623972933784	0.553407443209	0.505558240696	0.524407926535	0.665055582407	0.589173513775	0.572257129048	0.521991300145	0.532141130981	0.525857902368	0.50700821653	0.638472692122	0.605606573224	0.521024649589	0.579507008217	0.579507008217	0.659255679072	0.593523441276	0.637506041566	0.607056549058	0.609956500725	0.6389560174	0.528757854036	0.531657805703	0.534557757371	0.515224746254	0.499758337361	0.623972933784	0.511841469309	0.591590140164	0.528757854036	0.596906718221
AB3	0.940550990817	0.952150797487	0.0	0.692605123248	0.927501208313	0.966167230546	0.962300628323	0.955534074432	0.941517641373	0.958917351377	0.979700338328	0.941034316095	0.973417109715	0.3610439826	0.969550507492	0.944900918318	0.980183663606	0.978733687772	0.762203963267	0.75688738521	0.898018366361	0.920251329145	0.966167230546	0.955534074432	0.855969067182	0.906718221363	0.94441759304	0.93523441276	0.84726921218	0.851619139681	0.957950700822	0.964233929435	0.963750604157	0.970517158047	0.981150314161	0.971483808603	0.97921701305	0.964233929435	0.981150314161	0.980666988884	0.980183663606	0.942967617206	0.941517641373	0.948767520541	0.983566940551	0.980183663606	0.981150314161	0.978250362494	0.975833736104	0.980183663606	0.978250362494	0.978733687772	0.981150314161	0.982116964717	0.983566940551	0.981633639439	0.97921701305	0.978250362494	0.977283711938	0.981150314161	0.97680038666	0.980666988884
AB4	0.626389560174	0.575640405993	0.692605123248	0.0	0.620589656839	0.602223296278	0.68970517158	0.618656355727	0.610923151281	0.612856452392	0.647172547124	0.60415659739	0.482841952634	0.557274045433	0.633156114065	0.599806669889	0.631706138231	0.625422909618	0.738037699372	0.576123731271	0.670372160464	0.629289511841	0.660705654906	0.64813919768	0.793136781054	0.641855969067	0.634606089899	0.631222812953	0.565973900435	0.577573707105	0.691155147414	0.635572740454	0.637022716288	0.651522474625	0.718221362977	0.665055582407	0.650072498792	0.629772837119	0.629772837119	0.630739487675	0.622039632673	0.674722087965	0.662638956017	0.612373127115	0.68293861769	0.674722087965	0.686805219913	0.65055582407	0.679072015466	0.65732237796	0.666022232963	0.66892218463	0.630739487675	0.628806186564	0.652972450459	0.639922667956	0.634606089899	0.666988883519	0.633156114065	0.647172547124	0.642822619623	0.658772353794
AC3	0.642822619623	0.565490575157	0.927501208313	0.620589656839	0.0	0.491541807637	0.634606089899	0.551474142098	0.561140647656	0.573707104882	0.614789753504	0.324311261479	0.591590140164	0.829869502175	0.629289511841	0.617689705172	0.608506524891	0.606089898502	0.871435476075	0.75688738521	0.73368777187	0.672305461576	0.716288061866	0.707104881585	0.835186080232	0.699371677139	0.643789270179	0.661672305462	0.673755437409	0.681488641856	0.699371677139	0.640889318511	0.60415659739	0.631706138231	0.631222812953	0.597390043499	0.631222812953	0.565973900435	0.585790236829	0.547607539874	0.545190913485	0.660222329628	0.650072498792	0.557274045433	0.655389076849	0.65732237796	0.601256645723	0.594006766554	0.584823586274	0.581440309328	0.608023199613	0.587240212663	0.538907684872	0.579023682939	0.593040115998	0.574673755437	0.605606573224	0.584823586274	0.617206379894	0.581923634606	0.615273078782	0.598356694055
AC4	0.59497341711	0.512324794587	0.966167230546	0.602223296278	0.491541807637	0.0	0.613823102948	0.398260029	0.408409859836	0.50459159014	0.351377477042	0.409376510391	0.512808119865	0.862252295795	0.583856935718	0.546157564041	0.485258579024	0.471725471242	0.933301111648	0.768970517158	0.612373127115	0.538424359594	0.528274528758	0.527307878202	0.899951667472	0.605123247946	0.493475108748	0.508458192363	0.549540840986	0.561623972934	0.587240212663	0.506524891252	0.450942484292	0.458192363461	0.641855969067	0.565490575157	0.459642339294	0.487675205413	0.419526341228	0.54857419043	0.469308844853	0.68293861769	0.658772353794	0.507974867086	0.507491541808	0.499758337361	0.6389560174	0.582406959884	0.602223296278	0.578057032383	0.593040115998	0.617206379894	0.500724987917	0.516674722088	0.521024649589	0.5186080232	0.535041082649	0.607056549058	0.565490575157	0.569840502658	0.486708554857	0.576123731271
AD3	0.675205413243	0.597390043499	0.962300628323	0.68970517158	0.634606089899	0.613823102948	0.0	0.532141130981	0.633156114065	0.366360560657	0.674722087965	0.602223296278	0.647172547124	0.862252295795	0.59255679072	0.642339294345	0.684871918801	0.681488641856	0.939584340261	0.777187046883	0.719671338811	0.69212179797	0.695988400193	0.692605123248	0.913968100532	0.683905268246	0.686805219913	0.693088448526	0.688255195747	0.679555340744	0.714354760754	0.68293861769	0.625906234896	0.653939101015	0.739487675205	0.66892218463	0.67133881102	0.537457709038	0.631706138231	0.573223779604	0.573707104882	0.546640889319	0.534074432093	0.548090865152	0.70372160464	0.695021749638	0.763653939101	0.714838086032	0.735621072982	0.711938134364	0.71532141131	0.741420976317	0.660705654906	0.658772353794	0.669888835186	0.667472208797	0.629289511841	0.735137747704	0.64813919768	0.712421459642	0.690188496858	0.70372160464
AD4	0.58095698405	0.479458675689	0.955534074432	0.618656355727	0.551474142098	0.398260029	0.532141130981	0.0	0.303044949251	0.406959884002	0.416143064282	0.488641855969	0.51619139681	0.854519091348	0.563073948768	0.523441275979	0.465442242629	0.453359110681	0.942000966651	0.77090381827	0.584340260996	0.499758337361	0.501691638473	0.492025132914	0.906718221363	0.617689705172	0.436442725955	0.455292411793	0.519091348478	0.559690671822	0.556790720155	0.471725471242	0.398260029	0.43740937651	0.651522474625	0.570807153214	0.441759304012	0.475108748188	0.420009666506	0.551474142098	0.462542290962	0.656355727405	0.633156114065	0.494925084582	0.506524891252	0.490575157081	0.660705654906	0.603189946834	0.626389560174	0.612373127115	0.608989850169	0.636056065732	0.520057999033	0.521507974867	0.511358144031	0.509424842919	0.532624456259	0.631706138231	0.556790720155	0.609956500725	0.501208313195	0.599323344611
AE3	0.57177380377	0.498308361527	0.941517641373	0.610923151281	0.561140647656	0.408409859836	0.633156114065	0.303044949251	0.0	0.503624939584	0.397776703722	0.496375060416	0.515708071532	0.84726921218	0.565490575157	0.524891251812	0.440792653456	0.43064282262	0.924601256646	0.7593040116	0.566940550991	0.476558724021	0.4813919768	0.482358627356	0.889318511358	0.600773320445	0.411793136781	0.432576123731	0.500724987917	0.551957467376	0.537457709038	0.462058965684	0.388110198163	0.433542774287	0.663122281295	0.59255679072	0.42822619623	0.496858385694	0.438859352344	0.587240212663	0.504108264862	0.687288545191	0.661188980184	0.519574673755	0.50459159014	0.488158530691	0.661672305462	0.606089898502	0.628322861286	0.614789753504	0.608506524891	0.6389560174	0.521507974867	0.531657805703	0.521024649589	0.516674722088	0.542290961817	0.639922667956	0.568390526825	0.608023199613	0.492025132914	0.598840019333
AE4	0.623489608507	0.520541324311	0.958917351377	0.612856452392	0.573707104882	0.50459159014	0.366360560657	0.406959884002	0.503624939584	0.0	0.568390526825	0.53020782987	0.568390526825	0.856935717738	0.554857419043	0.561623972934	0.577090381827	0.575640405993	0.930884485259	0.767037216046	0.65732237796	0.588206863219	0.592073465442	0.58095698405	0.905268245529	0.623489608507	0.578540357661	0.585306911551	0.597873368777	0.600773320445	0.640405993233	0.572740454326	0.522474625423	0.554857419043	0.687288545191	0.613823102948	0.561140647656	0.453842435959	0.515224746254	0.517641372644	0.484291928468	0.580473658772	0.562107298212	0.492508458192	0.600289995167	0.595456742388	0.699371677139	0.642339294345	0.675688738521	0.657805703238	0.652972450459	0.669888835186	0.588690188497	0.577090381827	0.576607056549	0.590140164331	0.562107298212	0.664572257129	0.579507008217	0.652972450459	0.574673755437	0.639922667956
AF3	0.616723054616	0.5601739971	0.979700338328	0.647172547124	0.614789753504	0.351377477042	0.674722087965	0.416143064282	0.397776703722	0.568390526825	0.0	0.526341227646	0.553407443209	0.8796520058	0.622522957951	0.576607056549	0.44900918318	0.438859352344	0.957950700822	0.79168680522	0.597390043499	0.537457709038	0.4398260029	0.456259062349	0.9212179797	0.62735621073	0.443209279845	0.488158530691	0.546157564041	0.586273562107	0.531657805703	0.490575157081	0.434509424843	0.473175447076	0.66892218463	0.609956500725	0.407926534558	0.526824552924	0.445625906235	0.614306428226	0.520541324311	0.722087965201	0.696955050749	0.547124214596	0.509424842919	0.485741904302	0.66892218463	0.611889801837	0.647655872402	0.615273078782	0.611406476559	0.645239246013	0.542774287095	0.52537457709	0.524891251812	0.528757854036	0.572740454326	0.63653939101	0.59497341711	0.603673272112	0.504108264862	0.602223296278
AF4	0.592073465442	0.497341710971	0.941034316095	0.60415659739	0.324311261479	0.409376510391	0.602223296278	0.488641855969	0.496375060416	0.53020782987	0.526341227646	0.0	0.552440792653	0.841469308845	0.577090381827	0.555340744321	0.563073948768	0.55775737071	0.889801836636	0.738037699372	0.690188496858	0.618173030449	0.653939101015	0.643789270179	0.855969067182	0.6389560174	0.582890285162	0.602706621556	0.626389560174	0.634606089899	0.655872402127	0.591590140164	0.545190913485	0.57177380377	0.605123247946	0.527307878202	0.548090865152	0.521991300145	0.507491541808	0.506041565974	0.48622522958	0.643789270179	0.618656355727	0.5186080232	0.572740454326	0.574190430159	0.593040115998	0.53697438376	0.564040599323	0.536007733204	0.53939101015	0.561623972934	0.479458675689	0.504108264862	0.513291445143	0.502174963751	0.549540840986	0.5601739971	0.565007249879	0.532624456259	0.561623972934	0.531174480425
AG3	0.582406959884	0.506524891252	0.973417109715	0.482841952634	0.591590140164	0.512808119865	0.647172547124	0.51619139681	0.515708071532	0.568390526825	0.553407443209	0.552440792653	0.0	0.836636056066	0.542774287095	0.534074432093	0.521507974867	0.51377477042	0.930401159981	0.766070565491	0.681488641856	0.600289995167	0.601256645723	0.614306428226	0.888351860802	0.651039149348	0.545674238763	0.564523924601	0.622522957951	0.633639439343	0.648622522958	0.55775737071	0.528274528758	0.539874335428	0.668438859352	0.616723054616	0.556307394877	0.549057515708	0.532624456259	0.570807153214	0.521024649589	0.6805219913	0.658289028516	0.552924117931	0.582406959884	0.586273562107	0.622039632673	0.573707104882	0.605123247946	0.600773320445	0.600773320445	0.609956500725	0.519091348478	0.529724504592	0.550024166264	0.536007733204	0.551474142098	0.615273078782	0.562107298212	0.590140164331	0.521024649589	0.568873852102
AG4	0.838569357177	0.846302561624	0.3610439826	0.557274045433	0.829869502175	0.862252295795	0.862252295795	0.854519091348	0.84726921218	0.856935717738	0.8796520058	0.841469308845	0.836636056066	0.0	0.86805219913	0.838569357177	0.887868535524	0.885451909135	0.719188013533	0.666022232963	0.811019816336	0.827452875785	0.872885451909	0.866118898018	0.822136297728	0.816819719671	0.852585790237	0.846302561624	0.748670855486	0.740937651039	0.878685355244	0.867568873852	0.86805219913	0.873852102465	0.894635089415	0.883035282745	0.881585306912	0.857419043016	0.879168680522	0.87723537941	0.875302078299	0.843885935234	0.841952634123	0.854035766071	0.896085065249	0.885935234413	0.875785403577	0.875785403577	0.875785403577	0.876268728855	0.881585306912	0.878685355244	0.883518608023	0.878202029966	0.889318511358	0.884968583857	0.880618656356	0.8796520058	0.878685355244	0.878685355244	0.882068632189	0.880618656356
AH3	0.638472692122	0.418076365394	0.969550507492	0.633156114065	0.629289511841	0.583856935718	0.59255679072	0.563073948768	0.565490575157	0.554857419043	0.622522957951	0.577090381827	0.542774287095	0.86805219913	0.0	0.546157564041	0.60657322378	0.607539874335	0.929917834703	0.77090381827	0.710004833253	0.651039149348	0.653455775737	0.658772353794	0.901401643306	0.689221846303	0.639439342678	0.646205896568	0.669405509908	0.676655389077	0.68970517158	0.633639439343	0.555340744321	0.594006766554	0.732721121315	0.671822136298	0.64813919768	0.565973900435	0.609473175447	0.587240212663	0.576607056549	0.622522957951	0.598840019333	0.588690188497	0.670855485742	0.666505558241	0.717738037699	0.648622522958	0.677622039633	0.669405509908	0.67133881102	0.690671822136	0.611406476559	0.615273078782	0.622039632673	0.617689705172	0.585790236829	0.690671822136	0.591590140164	0.651039149348	0.607539874335	0.646205896568
AH4	0.318994683422	0.377960367327	0.944900918318	0.599806669889	0.617689705172	0.546157564041	0.642339294345	0.523441275979	0.524891251812	0.561623972934	0.576607056549	0.555340744321	0.534074432093	0.838569357177	0.546157564041	0.0	0.547607539874	0.53939101015	0.873852102465	0.717254712421	0.610439826003	0.53020782987	0.568873852102	0.567907201547	0.844369260512	0.578057032383	0.529724504592	0.538424359594	0.5601739971	0.574673755437	0.587240212663	0.532624456259	0.538907684872	0.543257612373	0.707588206863	0.642822619623	0.573707104882	0.564040599323	0.551957467376	0.577090381827	0.544224262929	0.677138714355	0.654905751571	0.572257129048	0.583856935718	0.590623489609	0.679555340744	0.621072982117	0.674238762687	0.631222812953	0.629289511841	0.653939101015	0.564040599323	0.540357660706	0.53939101015	0.532624456259	0.526341227646	0.639439342678	0.541324311261	0.620589656839	0.530691155147	0.62735621073
AA7	0.574673755437	0.54857419043	0.980183663606	0.631706138231	0.608506524891	0.485258579024	0.684871918801	0.465442242629	0.440792653456	0.577090381827	0.44900918318	0.563073948768	0.521507974867	0.887868535524	0.60657322378	0.547607539874	0.0	0.278878685355	0.920251329145	0.771870468826	0.600289995167	0.517158047366	0.500241662639	0.50459159014	0.872885451909	0.614306428226	0.449975833736	0.464958917351	0.544707588207	0.577573707105	0.521507974867	0.415659739004	0.435476075399	0.479458675689	0.709521507975	0.649589173514	0.476558724021	0.561623972934	0.494441759304	0.596906718221	0.543740937651	0.724987916868	0.70130497825	0.581440309328	0.550024166264	0.541807636539	0.656839052682	0.61575640406	0.656839052682	0.625906234896	0.594006766554	0.623006283229	0.517641372644	0.523441275979	0.521507974867	0.521507974867	0.547607539874	0.612856452392	0.565007249879	0.619623006283	0.490575157081	0.603673272112
AA8	0.574673755437	0.540840985984	0.978733687772	0.625422909618	0.606089898502	0.471725471242	0.681488641856	0.453359110681	0.43064282262	0.575640405993	0.438859352344	0.55775737071	0.51377477042	0.885451909135	0.607539874335	0.53939101015	0.278878685355	0.0	0.916868052199	0.769937167714	0.598356694055	0.506524891252	0.487675205413	0.491541807637	0.862735621073	0.595456742388	0.435476075399	0.450459159014	0.52779120348	0.566940550991	0.478008699855	0.36346060899	0.423876268729	0.473658772354	0.704204929918	0.64813919768	0.461092315128	0.554857419043	0.4813919768	0.588690188497	0.538907684872	0.725954567424	0.70130497825	0.573223779604	0.538424359594	0.533591106815	0.652489125181	0.610923151281	0.65732237796	0.622522957951	0.597873368777	0.622039632673	0.516674722088	0.522474625423	0.526824552924	0.511841469309	0.540357660706	0.616723054616	0.557274045433	0.617689705172	0.482841952634	0.603189946834
AB7	0.864185596907	0.883035282745	0.762203963267	0.738037699372	0.871435476075	0.933301111648	0.939584340261	0.942000966651	0.924601256646	0.930884485259	0.957950700822	0.889801836636	0.930401159981	0.719188013533	0.929917834703	0.873852102465	0.920251329145	0.916868052199	0.0	0.39342677622	0.822136297728	0.847752537458	0.937167713871	0.917351377477	0.736587723538	0.822136297728	0.893185113581	0.876268728855	0.722087965201	0.707588206863	0.884001933301	0.896568390527	0.928467858869	0.932334461092	0.945384243596	0.93281778637	0.948284195263	0.925084581924	0.945384243596	0.921701304978	0.93523441276	0.877718704688	0.880618656356	0.902368293862	0.950217496375	0.957950700822	0.923151280812	0.927984533591	0.942000966651	0.926051232479	0.925567907202	0.915418076365	0.911551474142	0.919284678589	0.918318028033	0.91203479942	0.918318028033	0.913968100532	0.921701304978	0.929917834703	0.950700821653	0.932334461092
AB8	0.722571290478	0.723054615756	0.75688738521	0.576123731271	0.75688738521	0.768970517158	0.777187046883	0.77090381827	0.7593040116	0.767037216046	0.79168680522	0.738037699372	0.766070565491	0.666022232963	0.77090381827	0.717254712421	0.771870468826	0.769937167714	0.39342677622	0.0	0.658772353794	0.6805219913	0.760753987434	0.73852102465	0.724021266312	0.662155630739	0.724021266312	0.705654905752	0.537457709038	0.528274528758	0.736587723538	0.740454325761	0.766553890768	0.772353794103	0.820686321895	0.776703721605	0.785403576607	0.761237312711	0.778153697438	0.764137264379	0.765587240213	0.730304494925	0.723054615756	0.737071048816	0.795553407443	0.796036732721	0.815369743838	0.774287095215	0.80328661189	0.772837119381	0.781053649106	0.785403576607	0.772353794103	0.772837119381	0.771870468826	0.771870468826	0.766070565491	0.78250362494	0.768003866602	0.769937167714	0.788303528275	0.774770420493
AC7	0.627839536008	0.656355727405	0.898018366361	0.670372160464	0.73368777187	0.612373127115	0.719671338811	0.584340260996	0.566940550991	0.65732237796	0.597390043499	0.690188496858	0.681488641856	0.811019816336	0.710004833253	0.610439826003	0.600289995167	0.598356694055	0.822136297728	0.658772353794	0.0	0.374577090382	0.57177380377	0.579507008217	0.82406959884	0.593523441276	0.554374093765	0.5186080232	0.48622522958	0.485741904302	0.576607056549	0.557274045433	0.569840502658	0.586273562107	0.813436442726	0.747220879652	0.628806186564	0.642339294345	0.622522957951	0.719188013533	0.669405509908	0.719671338811	0.704688255196	0.637989366844	0.6389560174	0.619139681005	0.825036249396	0.771387143548	0.798453359111	0.783470275495	0.753987433543	0.78927017883	0.696471725471	0.685355244079	0.669405509908	0.670855485742	0.672788786854	0.784920251329	0.688255195747	0.766070565491	0.618173030449	0.7593040116
AC8	0.558724021266	0.565007249879	0.920251329145	0.629289511841	0.672305461576	0.538424359594	0.69212179797	0.499758337361	0.476558724021	0.588206863219	0.537457709038	0.618173030449	0.600289995167	0.827452875785	0.651039149348	0.53020782987	0.517158047366	0.506524891252	0.847752537458	0.6805219913	0.374577090382	0.0	0.48622522958	0.492025132914	0.833736104398	0.560657322378	0.408409859836	0.376993716771	0.457225712905	0.475108748188	0.525857902368	0.471242145964	0.479458675689	0.50700821653	0.735137747704	0.669888835186	0.544224262929	0.572740454326	0.548090865152	0.639922667956	0.593523441276	0.686321894635	0.658772353794	0.577090381827	0.568390526825	0.559207346544	0.739971000483	0.679072015466	0.724021266312	0.707588206863	0.673755437409	0.702754954084	0.611406476559	0.602706621556	0.589656839053	0.589173513775	0.587723537941	0.697921701305	0.601739971	0.690671822136	0.538907684872	0.671822136298
AD7	0.596423392943	0.591590140164	0.966167230546	0.660705654906	0.716288061866	0.528274528758	0.695988400193	0.501691638473	0.4813919768	0.592073465442	0.4398260029	0.653939101015	0.601256645723	0.872885451909	0.653455775737	0.568873852102	0.500241662639	0.487675205413	0.937167713871	0.760753987434	0.57177380377	0.48622522958	0.0	0.297245045916	0.901884968584	0.547607539874	0.434509424843	0.460125664572	0.510874818753	0.549540840986	0.508941517641	0.476075398743	0.488641855969	0.524891251812	0.747220879652	0.681488641856	0.491058482359	0.577573707105	0.546640889319	0.644272595457	0.597390043499	0.724987916868	0.700821652972	0.604639922668	0.563073948768	0.556307394877	0.744320927985	0.685355244079	0.735621072982	0.708071532141	0.674722087965	0.705171580474	0.618656355727	0.614306428226	0.593523441276	0.602706621556	0.589656839053	0.710004833253	0.611406476559	0.698405026583	0.559207346544	0.677622039633
AD8	0.594006766554	0.589173513775	0.955534074432	0.64813919768	0.707104881585	0.527307878202	0.692605123248	0.492025132914	0.482358627356	0.58095698405	0.456259062349	0.643789270179	0.614306428226	0.866118898018	0.658772353794	0.567907201547	0.50459159014	0.491541807637	0.917351377477	0.73852102465	0.579507008217	0.492025132914	0.297245045916	0.0	0.860318994683	0.513291445143	0.423876268729	0.450459159014	0.49540840986	0.537941034316	0.497825036249	0.478492025133	0.492025132914	0.531657805703	0.739487675205	0.674238762687	0.490575157081	0.574190430159	0.537457709038	0.641372643789	0.595456742388	0.723537941034	0.698405026583	0.596906718221	0.567907201547	0.550507491542	0.74528757854	0.682455292412	0.738037699372	0.711454809087	0.672788786854	0.706621556307	0.617206379894	0.611406476559	0.595940067666	0.602223296278	0.599323344611	0.706138231029	0.623972933784	0.694055099082	0.561140647656	0.677138714355
AE7	0.822619623006	0.86805219913	0.855969067182	0.793136781054	0.835186080232	0.899951667472	0.913968100532	0.906718221363	0.889318511358	0.905268245529	0.9212179797	0.855969067182	0.888351860802	0.822136297728	0.901401643306	0.844369260512	0.872885451909	0.862735621073	0.736587723538	0.724021266312	0.82406959884	0.833736104398	0.901884968584	0.860318994683	0.0	0.520057999033	0.872402126631	0.858385693572	0.754470758821	0.758337361044	0.836636056066	0.84726921218	0.896085065249	0.906718221363	0.930401159981	0.917834702755	0.916384726921	0.901401643306	0.918318028033	0.873368777187	0.901884968584	0.880618656356	0.875785403577	0.872885451909	0.933301111648	0.933784436926	0.888351860802	0.902368293862	0.913001449976	0.886901884969	0.900918318028	0.894635089415	0.886418559691	0.896085065249	0.907201546641	0.885451909135	0.901401643306	0.887385210246	0.906718221363	0.898985016916	0.914934751087	0.907201546641
AE8	0.598840019333	0.620106331561	0.906718221363	0.641855969067	0.699371677139	0.605123247946	0.683905268246	0.617689705172	0.600773320445	0.623489608507	0.62735621073	0.6389560174	0.651039149348	0.816819719671	0.689221846303	0.578057032383	0.614306428226	0.595456742388	0.822136297728	0.662155630739	0.593523441276	0.560657322378	0.547607539874	0.513291445143	0.520057999033	0.0	0.587723537941	0.576607056549	0.526824552924	0.535041082649	0.584340260996	0.579990333494	0.613823102948	0.619623006283	0.764137264379	0.701788303528	0.632189463509	0.617689705172	0.629289511841	0.648622522958	0.631222812953	0.702754954084	0.684388593523	0.614789753504	0.645239246013	0.650072498792	0.756404059932	0.705654905752	0.755920734654	0.705171580474	0.710004833253	0.732237796037	0.658289028516	0.646689221846	0.647655872402	0.647172547124	0.643789270179	0.725471242146	0.665538907685	0.709521507975	0.625906234896	0.694055099082
AF7	0.563557274045	0.539874335428	0.94441759304	0.634606089899	0.643789270179	0.493475108748	0.686805219913	0.436442725955	0.411793136781	0.578540357661	0.443209279845	0.582890285162	0.545674238763	0.852585790237	0.639439342678	0.529724504592	0.449975833736	0.435476075399	0.893185113581	0.724021266312	0.554374093765	0.408409859836	0.434509424843	0.423876268729	0.872402126631	0.587723537941	0.0	0.310778153697	0.477525374577	0.517641372644	0.48622522958	0.468342194297	0.417109714838	0.460125664572	0.687771870469	0.62493958434	0.440309328178	0.524407926535	0.491541807637	0.618656355727	0.53939101015	0.712421459642	0.685838569357	0.547607539874	0.521024649589	0.508941517641	0.673755437409	0.620589656839	0.678588690188	0.65732237796	0.620106331561	0.648622522958	0.559207346544	0.550024166264	0.533107781537	0.546157564041	0.564523924601	0.639439342678	0.58337361044	0.642339294345	0.499758337361	0.618173030449
AF8	0.563557274045	0.543257612373	0.93523441276	0.631222812953	0.661672305462	0.508458192363	0.693088448526	0.455292411793	0.432576123731	0.585306911551	0.488158530691	0.602706621556	0.564523924601	0.846302561624	0.646205896568	0.538424359594	0.464958917351	0.450459159014	0.876268728855	0.705654905752	0.5186080232	0.376993716771	0.460125664572	0.450459159014	0.858385693572	0.576607056549	0.310778153697	0.0	0.462058965684	0.507491541808	0.508458192363	0.451909134848	0.427259545674	0.4813919768	0.702271628806	0.6389560174	0.483325277912	0.532141130981	0.512808119865	0.612373127115	0.558724021266	0.687288545191	0.662638956017	0.548090865152	0.532141130981	0.527307878202	0.684871918801	0.632189463509	0.687288545191	0.665538907685	0.631706138231	0.656839052682	0.572257129048	0.561623972934	0.549057515708	0.551474142098	0.554374093765	0.65055582407	0.574190430159	0.652972450459	0.49540840986	0.630739487675
AG7	0.588690188497	0.598840019333	0.84726921218	0.565973900435	0.673755437409	0.549540840986	0.688255195747	0.519091348478	0.500724987917	0.597873368777	0.546157564041	0.626389560174	0.622522957951	0.748670855486	0.669405509908	0.5601739971	0.544707588207	0.52779120348	0.722087965201	0.537457709038	0.48622522958	0.457225712905	0.510874818753	0.49540840986	0.754470758821	0.526824552924	0.477525374577	0.462058965684	0.0	0.286611889802	0.531657805703	0.499758337361	0.516674722088	0.565007249879	0.752537457709	0.685355244079	0.542290961817	0.578057032383	0.565490575157	0.640405993233	0.601739971	0.673272112131	0.654905751571	0.573707104882	0.605606573224	0.597390043499	0.748187530208	0.690188496858	0.730304494925	0.701788303528	0.681971967134	0.711454809087	0.631706138231	0.629289511841	0.618656355727	0.631222812953	0.626389560174	0.713871435476	0.644755920735	0.691638472692	0.582406959884	0.683421942968
AG8	0.600289995167	0.612856452392	0.851619139681	0.577573707105	0.681488641856	0.561623972934	0.679555340744	0.559690671822	0.551957467376	0.600773320445	0.586273562107	0.634606089899	0.633639439343	0.740937651039	0.676655389077	0.574673755437	0.577573707105	0.566940550991	0.707588206863	0.528274528758	0.485741904302	0.475108748188	0.549540840986	0.537941034316	0.758337361044	0.535041082649	0.517641372644	0.507491541808	0.286611889802	0.0	0.567907201547	0.542290961817	0.554374093765	0.570323827936	0.758820686322	0.687771870469	0.573707104882	0.578057032383	0.58095698405	0.645239246013	0.603189946834	0.672305461576	0.656355727405	0.583856935718	0.613823102948	0.602223296278	0.754470758821	0.693571773804	0.734654422426	0.709521507975	0.68970517158	0.718221362977	0.642339294345	0.631706138231	0.623972933784	0.646205896568	0.640889318511	0.71532141131	0.660222329628	0.696471725471	0.598356694055	0.686805219913
AH7	0.597873368777	0.623972933784	0.957950700822	0.691155147414	0.699371677139	0.587240212663	0.714354760754	0.556790720155	0.537457709038	0.640405993233	0.531657805703	0.655872402127	0.648622522958	0.878685355244	0.68970517158	0.587240212663	0.521507974867	0.478008699855	0.884001933301	0.736587723538	0.576607056549	0.525857902368	0.508941517641	0.497825036249	0.836636056066	0.584340260996	0.48622522958	0.508458192363	0.531657805703	0.567907201547	0.0	0.335427742871	0.560657322378	0.604639922668	0.781536974384	0.725471242146	0.545190913485	0.641855969067	0.603189946834	0.665055582407	0.638472692122	0.763653939101	0.748670855486	0.661188980184	0.628322861286	0.622522957951	0.759787336878	0.72692121798	0.766553890768	0.72692121798	0.704204929918	0.730787820203	0.637989366844	0.63653939101	0.619623006283	0.628806186564	0.625422909618	0.731271145481	0.638472692122	0.705654905752	0.603189946834	0.716288061866
AH8	0.561623972934	0.553407443209	0.964233929435	0.635572740454	0.640889318511	0.506524891252	0.68293861769	0.471725471242	0.462058965684	0.572740454326	0.490575157081	0.591590140164	0.55775737071	0.867568873852	0.633639439343	0.532624456259	0.415659739004	0.36346060899	0.896568390527	0.740454325761	0.557274045433	0.471242145964	0.476075398743	0.478492025133	0.84726921218	0.579990333494	0.468342194297	0.451909134848	0.499758337361	0.542290961817	0.335427742871	0.0	0.47220879652	0.51377477042	0.729821169647	0.670372160464	0.502174963751	0.572257129048	0.521507974867	0.59497341711	0.5601739971	0.724021266312	0.698888351861	0.593040115998	0.556790720155	0.552924117931	0.689221846303	0.649589173514	0.693088448526	0.653455775737	0.631706138231	0.653939101015	0.565490575157	0.56259062349	0.54857419043	0.538907684872	0.546640889319	0.65055582407	0.564040599323	0.643789270179	0.51377477042	0.637989366844
AA5	0.587240212663	0.505558240696	0.963750604157	0.637022716288	0.60415659739	0.450942484292	0.625906234896	0.398260029	0.388110198163	0.522474625423	0.434509424843	0.545190913485	0.528274528758	0.86805219913	0.555340744321	0.538907684872	0.435476075399	0.423876268729	0.928467858869	0.766553890768	0.569840502658	0.479458675689	0.488641855969	0.492025132914	0.896085065249	0.613823102948	0.417109714838	0.427259545674	0.516674722088	0.554374093765	0.560657322378	0.47220879652	0.0	0.3194780087	0.669405509908	0.582406959884	0.453842435959	0.454809086515	0.466892218463	0.548090865152	0.46979217013	0.631222812953	0.602223296278	0.47220879652	0.51619139681	0.478492025133	0.69453842436	0.632672788787	0.665055582407	0.647655872402	0.643305944901	0.674722087965	0.534074432093	0.556790720155	0.55099081682	0.535524407927	0.540840985984	0.660222329628	0.570323827936	0.626872885452	0.500241662639	0.629289511841
AA6	0.586756887385	0.524407926535	0.970517158047	0.651522474625	0.631706138231	0.458192363461	0.653939101015	0.43740937651	0.433542774287	0.554857419043	0.473175447076	0.57177380377	0.539874335428	0.873852102465	0.594006766554	0.543257612373	0.479458675689	0.473658772354	0.932334461092	0.772353794103	0.586273562107	0.50700821653	0.524891251812	0.531657805703	0.906718221363	0.619623006283	0.460125664572	0.4813919768	0.565007249879	0.570323827936	0.604639922668	0.51377477042	0.3194780087	0.0	0.670372160464	0.579507008217	0.49540840986	0.489125181247	0.467375543741	0.583856935718	0.493958434026	0.669888835186	0.643305944901	0.509908168197	0.453842435959	0.426776220396	0.68970517158	0.630256162397	0.661672305462	0.643305944901	0.63653939101	0.667472208797	0.536007733204	0.556790720155	0.546157564041	0.535524407927	0.551474142098	0.654422426293	0.578057032383	0.629772837119	0.505558240696	0.624456259062
AB5	0.740937651039	0.665055582407	0.981150314161	0.718221362977	0.631222812953	0.641855969067	0.739487675205	0.651522474625	0.663122281295	0.687288545191	0.66892218463	0.605123247946	0.668438859352	0.894635089415	0.732721121315	0.707588206863	0.709521507975	0.704204929918	0.945384243596	0.820686321895	0.813436442726	0.735137747704	0.747220879652	0.739487675205	0.930401159981	0.764137264379	0.687771870469	0.702271628806	0.752537457709	0.758820686322	0.781536974384	0.729821169647	0.669405509908	0.670372160464	0.0	0.320444659256	0.619139681005	0.65055582407	0.616239729338	0.622522957951	0.596906718221	0.748187530208	0.737071048816	0.647172547124	0.609473175447	0.616239729338	0.608506524891	0.60415659739	0.610923151281	0.596423392943	0.617689705172	0.607539874335	0.605123247946	0.594490091832	0.610923151281	0.602706621556	0.661672305462	0.595456742388	0.655389076849	0.597873368777	0.676655389077	0.60657322378
AB6	0.673755437409	0.589173513775	0.971483808603	0.665055582407	0.597390043499	0.565490575157	0.66892218463	0.570807153214	0.59255679072	0.613823102948	0.609956500725	0.527307878202	0.616723054616	0.883035282745	0.671822136298	0.642822619623	0.649589173514	0.64813919768	0.93281778637	0.776703721605	0.747220879652	0.669888835186	0.681488641856	0.674238762687	0.917834702755	0.701788303528	0.62493958434	0.6389560174	0.685355244079	0.687771870469	0.725471242146	0.670372160464	0.582406959884	0.579507008217	0.320444659256	0.0	0.565490575157	0.570323827936	0.5601739971	0.564040599323	0.532624456259	0.674238762687	0.656839052682	0.544224262929	0.543740937651	0.544224262929	0.589656839053	0.540357660706	0.567907201547	0.547124214596	0.555824069599	0.572257129048	0.536007733204	0.545674238763	0.564523924601	0.551957467376	0.593040115998	0.5601739971	0.597390043499	0.542774287095	0.622039632673	0.533591106815
AC5	0.602706621556	0.572257129048	0.97921701305	0.650072498792	0.631222812953	0.459642339294	0.67133881102	0.441759304012	0.42822619623	0.561140647656	0.407926534558	0.548090865152	0.556307394877	0.881585306912	0.64813919768	0.573707104882	0.476558724021	0.461092315128	0.948284195263	0.785403576607	0.628806186564	0.544224262929	0.491058482359	0.490575157081	0.916384726921	0.632189463509	0.440309328178	0.483325277912	0.542290961817	0.573707104882	0.545190913485	0.502174963751	0.453842435959	0.49540840986	0.619139681005	0.565490575157	0.0	0.435959400677	0.448525857902	0.578540357661	0.509424842919	0.71532141131	0.681005316578	0.542774287095	0.479458675689	0.467375543741	0.612856452392	0.565973900435	0.613823102948	0.578057032383	0.57177380377	0.592073465442	0.515708071532	0.49299178347	0.491058482359	0.488158530691	0.575157080715	0.580473658772	0.59255679072	0.563073948768	0.521024649589	0.558240695988
AC6	0.614789753504	0.521991300145	0.964233929435	0.629772837119	0.565973900435	0.487675205413	0.537457709038	0.475108748188	0.496858385694	0.453842435959	0.526824552924	0.521991300145	0.549057515708	0.857419043016	0.565973900435	0.564040599323	0.561623972934	0.554857419043	0.925084581924	0.761237312711	0.642339294345	0.572740454326	0.577573707105	0.574190430159	0.901401643306	0.617689705172	0.524407926535	0.532141130981	0.578057032383	0.578057032383	0.641855969067	0.572257129048	0.454809086515	0.489125181247	0.65055582407	0.570323827936	0.435959400677	0.0	0.500724987917	0.498791686805	0.480425326245	0.497341710971	0.467858869019	0.41662638956	0.542774287095	0.536491058482	0.667472208797	0.617689705172	0.644755920735	0.624456259062	0.623972933784	0.645239246013	0.55775737071	0.561140647656	0.562107298212	0.565007249879	0.548090865152	0.639922667956	0.581923634606	0.610439826003	0.537457709038	0.611889801837
AD6	0.602706621556	0.532141130981	0.981150314161	0.629772837119	0.585790236829	0.419526341228	0.631706138231	0.420009666506	0.438859352344	0.515224746254	0.445625906235	0.507491541808	0.532624456259	0.879168680522	0.609473175447	0.551957467376	0.494441759304	0.4813919768	0.945384243596	0.778153697438	0.622522957951	0.548090865152	0.546640889319	0.537457709038	0.918318028033	0.629289511841	0.491541807637	0.512808119865	0.565490575157	0.58095698405	0.603189946834	0.521507974867	0.466892218463	0.467375543741	0.616239729338	0.5601739971	0.448525857902	0.500724987917	0.0	0.534074432093	0.388110198163	0.699371677139	0.673272112131	0.529724504592	0.476075398743	0.462058965684	0.61333977767	0.558240695988	0.588690188497	0.571290478492	0.566457225713	0.598840019333	0.487191880135	0.467375543741	0.475592073465	0.479942000967	0.548090865152	0.590623489609	0.5601739971	0.566457225713	0.473175447076	0.55099081682
AE5	0.609956500725	0.525857902368	0.980666988884	0.630739487675	0.547607539874	0.54857419043	0.573223779604	0.551474142098	0.587240212663	0.517641372644	0.614306428226	0.506041565974	0.570807153214	0.87723537941	0.587240212663	0.577090381827	0.596906718221	0.588690188497	0.921701304978	0.764137264379	0.719188013533	0.639922667956	0.644272595457	0.641372643789	0.873368777187	0.648622522958	0.618656355727	0.612373127115	0.640405993233	0.645239246013	0.665055582407	0.59497341711	0.548090865152	0.583856935718	0.622522957951	0.564040599323	0.578540357661	0.498791686805	0.534074432093	0.0	0.377960367327	0.602706621556	0.578540357661	0.502658289029	0.619139681005	0.625422909618	0.649105848236	0.595940067666	0.632189463509	0.605606573224	0.619139681005	0.637506041566	0.522957950701	0.566940550991	0.590623489609	0.554374093765	0.533591106815	0.622039632673	0.544707588207	0.593040115998	0.572257129048	0.60657322378
AE6	0.607056549058	0.50700821653	0.980183663606	0.622039632673	0.545190913485	0.469308844853	0.573707104882	0.462542290962	0.504108264862	0.484291928468	0.520541324311	0.48622522958	0.521024649589	0.875302078299	0.576607056549	0.544224262929	0.543740937651	0.538907684872	0.93523441276	0.765587240213	0.669405509908	0.593523441276	0.597390043499	0.595456742388	0.901884968584	0.631222812953	0.53939101015	0.558724021266	0.601739971	0.603189946834	0.638472692122	0.5601739971	0.46979217013	0.493958434026	0.596906718221	0.532624456259	0.509424842919	0.480425326245	0.388110198163	0.377960367327	0.0	0.646205896568	0.619623006283	0.472692121798	0.529241179314	0.533107781537	0.625422909618	0.57177380377	0.601256645723	0.578057032383	0.586273562107	0.611406476559	0.485741904302	0.486708554857	0.493475108748	0.497341710971	0.523924601257	0.595940067666	0.541324311261	0.563073948768	0.510874818753	0.57177380377
AF5	0.694055099082	0.638472692122	0.942967617206	0.674722087965	0.660222329628	0.68293861769	0.546640889319	0.656355727405	0.687288545191	0.580473658772	0.722087965201	0.643789270179	0.6805219913	0.843885935234	0.622522957951	0.677138714355	0.724987916868	0.725954567424	0.877718704688	0.730304494925	0.719671338811	0.686321894635	0.724987916868	0.723537941034	0.880618656356	0.702754954084	0.712421459642	0.687288545191	0.673272112131	0.672305461576	0.763653939101	0.724021266312	0.631222812953	0.669888835186	0.748187530208	0.674238762687	0.71532141131	0.497341710971	0.699371677139	0.602706621556	0.646205896568	0.0	0.299178347028	0.530691155147	0.73368777187	0.72450459159	0.764620589657	0.725954567424	0.744804253262	0.710488158531	0.742387626873	0.757370710488	0.696955050749	0.721121314645	0.734171097148	0.714838086032	0.666988883519	0.748670855486	0.68293861769	0.710004833253	0.717738037699	0.723054615756
AF6	0.684871918801	0.605606573224	0.941517641373	0.662638956017	0.650072498792	0.658772353794	0.534074432093	0.633156114065	0.661188980184	0.562107298212	0.696955050749	0.618656355727	0.658289028516	0.841952634123	0.598840019333	0.654905751571	0.70130497825	0.70130497825	0.880618656356	0.723054615756	0.704688255196	0.658772353794	0.700821652972	0.698405026583	0.875785403577	0.684388593523	0.685838569357	0.662638956017	0.654905751571	0.656355727405	0.748670855486	0.698888351861	0.602223296278	0.643305944901	0.737071048816	0.656839052682	0.681005316578	0.467858869019	0.673272112131	0.578540357661	0.619623006283	0.299178347028	0.0	0.509908168197	0.709038182697	0.695505074915	0.757370710488	0.706621556307	0.732237796037	0.694055099082	0.716288061866	0.742870952151	0.672305461576	0.689221846303	0.704204929918	0.688738521025	0.642822619623	0.732721121315	0.653455775737	0.692605123248	0.692605123248	0.70130497825
