	AA3	AA4	AB3	AB4	AC3	AC4	AD3	AD4	AE3	AE4	AF3	AF4	AG3	AG4	AH3	AH4	AA7	AA8	AB7	AB8	AC7	AC8	AD7	AD8	AE7	AE8	AF7	AF8	AG7	AG8	AH7	AH8	AA5	AA6	AB5	AB6	AC5	AC6	AD6	AE5	AE6	AF5	AF6	AG5	AH5	AH6	AA1	AA2	AB1	AB2	AC1	AC2	AD1	AD2	AE1	AE2	AF1	AF2	AG1	AG2	AH1	AH2
AA3	0.0	0.492025132914	0.939584340261	0.648622522958	0.681488641856	0.578540357661	0.672788786854	0.599806669889	0.578057032383	0.620589656839	0.610923151281	0.605606573224	0.58337361044	0.847752537458	0.654905751571	0.330594490092	0.574673755437	0.56935717738	0.880135331078	0.714838086032	0.620589656839	0.566940550991	0.592073465442	0.573223779604	0.834702754954	0.601739971	0.558240695988	0.55099081682	0.595456742388	0.584340260996	0.588206863219	0.5601739971	0.585790236829	0.593523441276	0.746254229096	0.690671822136	0.607539874335	0.619623006283	0.595456742388	0.616239729338	0.588690188497	0.708554857419	0.688738521025	0.625422909618	0.624456259062	0.619139681005	0.675688738521	0.653455775737	0.717738037699	0.687288545191	0.652005799903	0.674238762687	0.562107298212	0.553890768487	0.558240695988	0.572740454326	0.585790236829	0.672788786854	0.585790236829	0.673755437409	0.577573707105	0.63653939101
AA4	0.492025132914	0.0	0.945384243596	0.585790236829	0.579990333494	0.482358627356	0.586756887385	0.47462542291	0.499275012083	0.520057999033	0.548090865152	0.506041565974	0.478975350411	0.849685838569	0.390526824553	0.373127114548	0.534557757371	0.528274528758	0.891735137748	0.720154664089	0.656839052682	0.551474142098	0.590623489609	0.589656839053	0.874818753021	0.622039632673	0.533591106815	0.55099081682	0.598356694055	0.596906718221	0.622039632673	0.567423876269	0.505558240696	0.511841469309	0.666022232963	0.591106814886	0.553407443209	0.502658289029	0.52537457709	0.53020782987	0.480425326245	0.631222812953	0.600773320445	0.520057999033	0.581923634606	0.554857419043	0.637506041566	0.575640405993	0.640889318511	0.601739971	0.593523441276	0.631222812953	0.496375060416	0.493958434026	0.510391493475	0.505074915418	0.482841952634	0.619139681005	0.512324794587	0.589656839053	0.502658289029	0.550024166264
AB3	0.939584340261	0.945384243596	0.0	0.676655389077	0.91445142581	0.953117448043	0.953117448043	0.939584340261	0.929434509425	0.940550990817	0.971967133881	0.933784436926	0.960850652489	0.344127597873	0.957467375544	0.940550990817	0.970033832769	0.969067182214	0.717254712421	0.755437409377	0.8796520058	0.905751570807	0.955534074432	0.942484291928	0.845335911068	0.886901884969	0.93281778637	0.926051232479	0.833736104398	0.839536007733	0.947317544708	0.94441759304	0.95601739971	0.957467375544	0.968100531658	0.962783953601	0.971967133881	0.954567423876	0.968583856936	0.971967133881	0.968100531658	0.930401159981	0.929434509425	0.942967617206	0.972450459159	0.966650555824	0.972933784437	0.967133881102	0.966650555824	0.968583856936	0.967133881102	0.967133881102	0.972450459159	0.971483808603	0.971967133881	0.971000483325	0.968100531658	0.967133881102	0.966650555824	0.968583856936	0.969067182214	0.971967133881
AB4	0.648622522958	0.585790236829	0.676655389077	0.0	0.646689221846	0.610923151281	0.690188496858	0.623489608507	0.624456259062	0.619623006283	0.654905751571	0.61333977767	0.493475108748	0.55775737071	0.615273078782	0.596906718221	0.647172547124	0.647172547124	0.719188013533	0.572740454326	0.658772353794	0.62735621073	0.677622039633	0.657805703238	0.79168680522	0.63653939101	0.647655872402	0.637506041566	0.561623972934	0.590140164331	0.695505074915	0.648622522958	0.648622522958	0.655389076849	0.724021266312	0.673755437409	0.658772353794	0.63653939101	0.635089415176	0.635572740454	0.623489608507	0.666022232963	0.654905751571	0.629289511841	0.688255195747	0.670855485742	0.696955050749	0.665055582407	0.708071532141	0.6805219913	0.666505558241	0.68293861769	0.633639439343	0.641372643789	0.662638956017	0.645239246013	0.654422426293	0.678588690188	0.655389076849	0.66892218463	0.652489125181	0.668438859352
AC3	0.681488641856	0.579990333494	0.91445142581	0.646689221846	0.0	0.500241662639	0.666505558241	0.562107298212	0.596906718221	0.593040115998	0.642822619623	0.333494441759	0.609473175447	0.82165297245	0.622039632673	0.611406476559	0.646689221846	0.632189463509	0.875785403577	0.749637506042	0.742387626873	0.676655389077	0.748670855486	0.741420976317	0.828902851619	0.704688255196	0.665538907685	0.698405026583	0.694055099082	0.697921701305	0.721121314645	0.676655389077	0.628322861286	0.646689221846	0.624456259062	0.589656839053	0.640405993233	0.606089898502	0.598840019333	0.572740454326	0.545190913485	0.662638956017	0.65973900435	0.593523441276	0.662638956017	0.644272595457	0.587723537941	0.597873368777	0.600773320445	0.585306911551	0.609956500725	0.60415659739	0.55775737071	0.577573707105	0.600289995167	0.578540357661	0.623489608507	0.585790236829	0.643789270179	0.585306911551	0.629289511841	0.595940067666
AC4	0.578540357661	0.482358627356	0.953117448043	0.610923151281	0.500241662639	0.0	0.617689705172	0.417109714838	0.426292895118	0.5186080232	0.347027549541	0.390526824553	0.489608506525	0.859352344128	0.567423876269	0.512324794587	0.491541807637	0.47462542291	0.929434509425	0.747220879652	0.597390043499	0.520541324311	0.543740937651	0.532624456259	0.89125181247	0.576123731271	0.498308361527	0.513291445143	0.547124214596	0.555824069599	0.581923634606	0.522474625423	0.461575640406	0.458675688739	0.644272595457	0.568390526825	0.471725471242	0.499275012083	0.425809569841	0.527307878202	0.447075882069	0.674722087965	0.643789270179	0.529241179314	0.512324794587	0.481875302078	0.640405993233	0.581923634606	0.621072982117	0.593523441276	0.588206863219	0.622039632673	0.492508458192	0.506041565974	0.514741420976	0.51619139681	0.533591106815	0.61333977767	0.551474142098	0.578540357661	0.472692121798	0.561140647656
AD3	0.672788786854	0.586756887385	0.953117448043	0.690188496858	0.666505558241	0.617689705172	0.0	0.524407926535	0.631222812953	0.357177380377	0.674238762687	0.622522957951	0.637989366844	0.857419043016	0.565007249879	0.634122764621	0.681005316578	0.6805219913	0.939584340261	0.765587240213	0.708554857419	0.687771870469	0.699855002417	0.6805219913	0.913484775254	0.689221846303	0.685838569357	0.686321894635	0.684871918801	0.678588690188	0.714354760754	0.68293861769	0.620106331561	0.640405993233	0.743837602707	0.675688738521	0.675688738521	0.537457709038	0.634122764621	0.586273562107	0.572740454326	0.562107298212	0.532141130981	0.526824552924	0.687771870469	0.674238762687	0.771387143548	0.716288061866	0.761237312711	0.731754470759	0.72692121798	0.748187530208	0.65055582407	0.65732237796	0.666022232963	0.658772353794	0.625422909618	0.731754470759	0.651039149348	0.720154664089	0.680038666022	0.686321894635
AD4	0.599806669889	0.47462542291	0.939584340261	0.623489608507	0.562107298212	0.417109714838	0.524407926535	0.0	0.324794586757	0.410343160947	0.429192846786	0.477525374577	0.50459159014	0.84485258579	0.541324311261	0.513291445143	0.459642339294	0.446109231513	0.939101014983	0.761720637989	0.58095698405	0.491541807637	0.511358144031	0.510874818753	0.90285161914	0.591590140164	0.446109231513	0.463992266796	0.520541324311	0.557274045433	0.545674238763	0.509424842919	0.38666022233	0.444175930401	0.657805703238	0.577573707105	0.438376027066	0.475108748188	0.4398260029	0.540840985984	0.448525857902	0.637022716288	0.60657322378	0.50459159014	0.520541324311	0.468825519575	0.654905751571	0.604639922668	0.65055582407	0.630256162397	0.610923151281	0.64813919768	0.502658289029	0.512324794587	0.516674722088	0.517158047366	0.526824552924	0.637989366844	0.556790720155	0.617206379894	0.508458192363	0.582406959884
AE3	0.578057032383	0.499275012083	0.929434509425	0.624456259062	0.596906718221	0.426292895118	0.631222812953	0.324794586757	0.0	0.497825036249	0.402609956501	0.519091348478	0.515224746254	0.841469308845	0.574673755437	0.515708071532	0.451909134848	0.446109231513	0.927501208313	0.750604156597	0.555824069599	0.471242145964	0.479942000967	0.479458675689	0.890285161914	0.578540357661	0.437892701788	0.446109231513	0.494441759304	0.539874335428	0.540357660706	0.501208313195	0.389560173997	0.440309328178	0.684388593523	0.618173030449	0.45142580957	0.508941517641	0.458675688739	0.582890285162	0.501691638473	0.679555340744	0.649105848236	0.540357660706	0.529241179314	0.482841952634	0.679555340744	0.625906234896	0.667955534074	0.648622522958	0.635572740454	0.671822136298	0.527307878202	0.544707588207	0.548090865152	0.552924117931	0.53939101015	0.668438859352	0.556307394877	0.63653939101	0.500241662639	0.604639922668
AE4	0.620589656839	0.520057999033	0.940550990817	0.619623006283	0.593040115998	0.5186080232	0.357177380377	0.410343160947	0.497825036249	0.0	0.585790236829	0.535524407927	0.570323827936	0.842919284679	0.541324311261	0.555340744321	0.591590140164	0.590623489609	0.927984533591	0.748187530208	0.658772353794	0.585790236829	0.623489608507	0.607056549058	0.899951667472	0.62735621073	0.585790236829	0.586756887385	0.579990333494	0.595456742388	0.650072498792	0.598840019333	0.53020782987	0.559207346544	0.695988400193	0.622522957951	0.582890285162	0.463992266796	0.550024166264	0.531174480425	0.508941517641	0.578057032383	0.550507491542	0.494441759304	0.611406476559	0.596906718221	0.707104881585	0.653939101015	0.702754954084	0.678588690188	0.666988883519	0.68970517158	0.585306911551	0.589173513775	0.594490091832	0.594006766554	0.568873852102	0.675205413243	0.592073465442	0.670372160464	0.593523441276	0.630256162397
AF3	0.610923151281	0.548090865152	0.971967133881	0.654905751571	0.642822619623	0.347027549541	0.674238762687	0.429192846786	0.402609956501	0.585790236829	0.0	0.52779120348	0.532141130981	0.881585306912	0.622522957951	0.561623972934	0.455775737071	0.426292895118	0.957467375544	0.780570323828	0.583856935718	0.521507974867	0.432576123731	0.43064282262	0.922184630256	0.608989850169	0.437892701788	0.473175447076	0.542290961817	0.583856935718	0.532141130981	0.522474625423	0.42822619623	0.480908651522	0.684388593523	0.62735621073	0.411793136781	0.543740937651	0.447075882069	0.603189946834	0.51619139681	0.719671338811	0.689221846303	0.572257129048	0.518124697922	0.470758820686	0.671822136298	0.619139681005	0.674238762687	0.642339294345	0.622522957951	0.657805703238	0.531174480425	0.531174480425	0.537457709038	0.543257612373	0.569840502658	0.655872402127	0.58337361044	0.619139681005	0.496858385694	0.595940067666
AF4	0.605606573224	0.506041565974	0.933784436926	0.61333977767	0.333494441759	0.390526824553	0.622522957951	0.477525374577	0.519091348478	0.535524407927	0.52779120348	0.0	0.540357660706	0.841469308845	0.566940550991	0.526824552924	0.570807153214	0.552440792653	0.896568390527	0.72450459159	0.690671822136	0.608989850169	0.665055582407	0.652972450459	0.852585790237	0.642339294345	0.584340260996	0.617689705172	0.630739487675	0.63653939101	0.652489125181	0.601739971	0.549057515708	0.563557274045	0.603673272112	0.522957950701	0.553407443209	0.544707588207	0.505558240696	0.512324794587	0.468342194297	0.639439342678	0.631222812953	0.534557757371	0.567907201547	0.549540840986	0.577090381827	0.527307878202	0.578057032383	0.541807636539	0.532624456259	0.564523924601	0.477525374577	0.497825036249	0.508458192363	0.502174963751	0.545190913485	0.555340744321	0.570323827936	0.524407926535	0.540357660706	0.518124697922
AG3	0.58337361044	0.478975350411	0.960850652489	0.493475108748	0.609473175447	0.489608506525	0.637989366844	0.50459159014	0.515224746254	0.570323827936	0.532141130981	0.540357660706	0.0	0.843402609957	0.539874335428	0.51619139681	0.516674722088	0.497825036249	0.928951184147	0.754954084099	0.674238762687	0.577573707105	0.606089898502	0.61333977767	0.884001933301	0.643305944901	0.550024166264	0.570323827936	0.616723054616	0.626872885452	0.630739487675	0.570807153214	0.52537457709	0.5186080232	0.664572257129	0.613823102948	0.543740937651	0.548090865152	0.522474625423	0.561140647656	0.491058482359	0.677138714355	0.643789270179	0.549057515708	0.581440309328	0.550024166264	0.614306428226	0.576607056549	0.618656355727	0.598840019333	0.585306911551	0.607056549058	0.496858385694	0.504108264862	0.533591106815	0.516674722088	0.537941034316	0.613823102948	0.56259062349	0.596423392943	0.508458192363	0.55775737071
AG4	0.847752537458	0.849685838569	0.344127597873	0.55775737071	0.82165297245	0.859352344128	0.857419043016	0.84485258579	0.841469308845	0.842919284679	0.881585306912	0.841469308845	0.843402609957	0.0	0.860802319961	0.845819236346	0.882551957467	0.882068632189	0.705171580474	0.674238762687	0.80328661189	0.827452875785	0.871435476075	0.855969067182	0.82406959884	0.804253262446	0.848235862736	0.841469308845	0.750120831319	0.753504108265	0.872402126631	0.85645239246	0.869018849686	0.869502174964	0.891735137748	0.879168680522	0.883035282745	0.85645239246	0.872885451909	0.872402126631	0.866602223296	0.841469308845	0.838569357177	0.853069115515	0.884968583857	0.881101981634	0.873368777187	0.875302078299	0.874818753021	0.874818753021	0.87723537941	0.876752054132	0.880618656356	0.87723537941	0.885451909135	0.882551957467	0.878202029966	0.873852102465	0.87723537941	0.875302078299	0.884001933301	0.880618656356
AH3	0.654905751571	0.390526824553	0.957467375544	0.615273078782	0.622039632673	0.567423876269	0.565007249879	0.541324311261	0.574673755437	0.541324311261	0.622522957951	0.566940550991	0.539874335428	0.860802319961	0.0	0.527307878202	0.617206379894	0.622522957951	0.932334461092	0.758337361044	0.711454809087	0.644272595457	0.647655872402	0.654422426293	0.901884968584	0.692605123248	0.643789270179	0.640889318511	0.668438859352	0.669888835186	0.695505074915	0.643305944901	0.564523924601	0.595456742388	0.725471242146	0.651039149348	0.634122764621	0.543257612373	0.617689705172	0.560657322378	0.564523924601	0.590623489609	0.563073948768	0.568390526825	0.667955534074	0.6389560174	0.711454809087	0.641855969067	0.686805219913	0.666022232963	0.658772353794	0.689221846303	0.598356694055	0.603189946834	0.623006283229	0.601739971	0.579023682939	0.686321894635	0.583856935718	0.652489125181	0.603673272112	0.618656355727
AH4	0.330594490092	0.373127114548	0.940550990817	0.596906718221	0.611406476559	0.512324794587	0.634122764621	0.513291445143	0.515708071532	0.555340744321	0.561623972934	0.526824552924	0.51619139681	0.845819236346	0.527307878202	0.0	0.532141130981	0.536007733204	0.883035282745	0.709038182697	0.636056065732	0.542774287095	0.589173513775	0.576607056549	0.84485258579	0.604639922668	0.531174480425	0.53697438376	0.581440309328	0.585790236829	0.589656839053	0.542290961817	0.526341227646	0.53020782987	0.696955050749	0.629772837119	0.56935717738	0.551957467376	0.544224262929	0.550507491542	0.513291445143	0.668438859352	0.638472692122	0.555824069599	0.599806669889	0.567423876269	0.652489125181	0.605123247946	0.662155630739	0.627839536008	0.613823102948	0.641855969067	0.508458192363	0.521991300145	0.53020782987	0.519091348478	0.507974867086	0.63653939101	0.515708071532	0.618173030449	0.529241179314	0.587240212663
AA7	0.574673755437	0.534557757371	0.970033832769	0.647172547124	0.646689221846	0.491541807637	0.681005316578	0.459642339294	0.451909134848	0.591590140164	0.455775737071	0.570807153214	0.516674722088	0.882551957467	0.617206379894	0.532141130981	0.0	0.289511841469	0.924601256646	0.753020782987	0.588206863219	0.499275012083	0.50459159014	0.513291445143	0.869502174964	0.584340260996	0.454809086515	0.470275495408	0.545674238763	0.572257129048	0.519574673755	0.443692605123	0.448042532624	0.492508458192	0.714838086032	0.666022232963	0.482841952634	0.567907201547	0.500241662639	0.591590140164	0.541807636539	0.718704688255	0.695021749638	0.587240212663	0.56259062349	0.508458192363	0.671822136298	0.628806186564	0.689221846303	0.660705654906	0.61575640406	0.650072498792	0.51377477042	0.524891251812	0.53697438376	0.531657805703	0.533107781537	0.642339294345	0.554857419043	0.643789270179	0.504108264862	0.60415659739
AA8	0.56935717738	0.528274528758	0.969067182214	0.647172547124	0.632189463509	0.47462542291	0.6805219913	0.446109231513	0.446109231513	0.590623489609	0.426292895118	0.552440792653	0.497825036249	0.882068632189	0.622522957951	0.536007733204	0.289511841469	0.0	0.928467858869	0.757854035766	0.580473658772	0.487191880135	0.48380860319	0.489125181247	0.869502174964	0.581440309328	0.424359594007	0.444175930401	0.533107781537	0.5601739971	0.476558724021	0.411309811503	0.43064282262	0.47462542291	0.70130497825	0.653939101015	0.447075882069	0.549540840986	0.473175447076	0.599323344611	0.526824552924	0.718221362977	0.692605123248	0.578540357661	0.541324311261	0.497341710971	0.64572257129	0.597873368777	0.669888835186	0.647172547124	0.591590140164	0.624456259062	0.491058482359	0.49540840986	0.512808119865	0.51377477042	0.536491058482	0.61575640406	0.553407443209	0.622039632673	0.48380860319	0.577090381827
AB7	0.880135331078	0.891735137748	0.717254712421	0.719188013533	0.875785403577	0.929434509425	0.939584340261	0.939101014983	0.927501208313	0.927984533591	0.957467375544	0.896568390527	0.928951184147	0.705171580474	0.932334461092	0.883035282745	0.924601256646	0.928467858869	0.0	0.420492991783	0.801836636056	0.832769453842	0.938617689705	0.917834702755	0.74770420493	0.818753020783	0.886901884969	0.877718704688	0.74770420493	0.713388110198	0.892218463026	0.898501691638	0.927501208313	0.939101014983	0.942967617206	0.942967617206	0.949250845819	0.925567907202	0.951667472209	0.933301111648	0.934267762204	0.876752054132	0.877718704688	0.90961817303	0.963750604157	0.95360077332	0.936684388594	0.934267762204	0.934267762204	0.937167713871	0.939101014983	0.931367810536	0.928951184147	0.928467858869	0.927501208313	0.925567907202	0.920734654422	0.92363460609	0.928467858869	0.923151280812	0.949250845819	0.93523441276
AB8	0.714838086032	0.720154664089	0.755437409377	0.572740454326	0.749637506042	0.747220879652	0.765587240213	0.761720637989	0.750604156597	0.748187530208	0.780570323828	0.72450459159	0.754954084099	0.674238762687	0.758337361044	0.709038182697	0.753020782987	0.757854035766	0.420492991783	0.0	0.637506041566	0.661188980184	0.753987433543	0.727404543258	0.732721121315	0.641855969067	0.706621556307	0.698888351861	0.539874335428	0.526341227646	0.731754470759	0.724021266312	0.758820686322	0.764137264379	0.806186563557	0.769937167714	0.77090381827	0.744320927985	0.767037216046	0.754954084099	0.753987433543	0.721121314645	0.71532141131	0.728371193813	0.79168680522	0.784920251329	0.812953117448	0.763653939101	0.8008699855	0.774287095215	0.76848719188	0.784920251329	0.760753987434	0.753987433543	0.758820686322	0.755437409377	0.750120831319	0.776220396327	0.757370710488	0.765587240213	0.77090381827	0.760753987434
AC7	0.620589656839	0.656839052682	0.8796520058	0.658772353794	0.742387626873	0.597390043499	0.708554857419	0.58095698405	0.555824069599	0.658772353794	0.583856935718	0.690671822136	0.674238762687	0.80328661189	0.711454809087	0.636056065732	0.588206863219	0.580473658772	0.801836636056	0.637506041566	0.0	0.372160463992	0.560657322378	0.546157564041	0.816336394393	0.564040599323	0.536491058482	0.497825036249	0.46060898985	0.478975350411	0.561623972934	0.546157564041	0.56259062349	0.598356694055	0.811019816336	0.753020782987	0.609473175447	0.64813919768	0.605123247946	0.707104881585	0.663605606573	0.708071532141	0.690188496858	0.651039149348	0.642822619623	0.617206379894	0.820202996617	0.764620589657	0.817786370227	0.802319961334	0.759787336878	0.797003383277	0.676655389077	0.675688738521	0.675205413243	0.68970517158	0.684871918801	0.797486708555	0.682455292412	0.779120347994	0.623972933784	0.743837602707
AC8	0.566940550991	0.551474142098	0.905751570807	0.62735621073	0.676655389077	0.520541324311	0.687771870469	0.491541807637	0.471242145964	0.585790236829	0.521507974867	0.608989850169	0.577573707105	0.827452875785	0.644272595457	0.542774287095	0.499275012083	0.487191880135	0.832769453842	0.661188980184	0.372160463992	0.0	0.498791686805	0.494925084582	0.832769453842	0.528757854036	0.392460125665	0.362493958434	0.444175930401	0.463508941518	0.525857902368	0.473175447076	0.480425326245	0.500724987917	0.730304494925	0.677138714355	0.540840985984	0.57177380377	0.522957950701	0.618173030449	0.567907201547	0.665055582407	0.635089415176	0.569840502658	0.565490575157	0.532141130981	0.720637989367	0.662638956017	0.723537941034	0.706138231029	0.662155630739	0.699371677139	0.572740454326	0.572257129048	0.578057032383	0.589656839053	0.574673755437	0.697921701305	0.569840502658	0.683905268246	0.526341227646	0.64813919768
AD7	0.592073465442	0.590623489609	0.955534074432	0.677622039633	0.748670855486	0.543740937651	0.699855002417	0.511358144031	0.479942000967	0.623489608507	0.432576123731	0.665055582407	0.606089898502	0.871435476075	0.647655872402	0.589173513775	0.50459159014	0.48380860319	0.938617689705	0.753987433543	0.560657322378	0.498791686805	0.0	0.29627839536	0.898985016916	0.517158047366	0.428709521508	0.431609473175	0.524891251812	0.549057515708	0.506524891252	0.503141614306	0.484291928468	0.537457709038	0.763653939101	0.706621556307	0.502658289029	0.603673272112	0.550024166264	0.65055582407	0.605606573224	0.722571290478	0.691638472692	0.623006283229	0.585790236829	0.55099081682	0.766070565491	0.697921701305	0.765103914935	0.741904301595	0.70130497825	0.732237796037	0.613823102948	0.614306428226	0.612373127115	0.633156114065	0.602706621556	0.731754470759	0.600289995167	0.727404543258	0.566457225713	0.679072015466
AD8	0.573223779604	0.589656839053	0.942484291928	0.657805703238	0.741420976317	0.532624456259	0.6805219913	0.510874818753	0.479458675689	0.607056549058	0.43064282262	0.652972450459	0.61333977767	0.855969067182	0.654422426293	0.576607056549	0.513291445143	0.489125181247	0.917834702755	0.727404543258	0.546157564041	0.494925084582	0.29627839536	0.0	0.854519091348	0.4813919768	0.429676172064	0.436442725955	0.500724987917	0.521991300145	0.494925084582	0.492025132914	0.486708554857	0.543257612373	0.761720637989	0.709038182697	0.500724987917	0.592073465442	0.542774287095	0.638472692122	0.596906718221	0.711454809087	0.691155147414	0.612856452392	0.582890285162	0.551957467376	0.754954084099	0.697921701305	0.759787336878	0.741420976317	0.690188496858	0.723054615756	0.608506524891	0.606089898502	0.609473175447	0.62493958434	0.610923151281	0.722087965201	0.613823102948	0.720154664089	0.567907201547	0.667472208797
AE7	0.834702754954	0.874818753021	0.845335911068	0.79168680522	0.828902851619	0.89125181247	0.913484775254	0.90285161914	0.890285161914	0.899951667472	0.922184630256	0.852585790237	0.884001933301	0.82406959884	0.901884968584	0.84485258579	0.869502174964	0.869502174964	0.74770420493	0.732721121315	0.816336394393	0.832769453842	0.898985016916	0.854519091348	0.0	0.558724021266	0.865152247463	0.84726921218	0.768003866602	0.76848719188	0.837602706622	0.836636056066	0.901401643306	0.90961817303	0.925084581924	0.92363460609	0.920734654422	0.902368293862	0.916384726921	0.883035282745	0.893185113581	0.879168680522	0.870952150797	0.87046882552	0.933301111648	0.919284678589	0.892701788304	0.902368293862	0.908651522475	0.899951667472	0.902368293862	0.895601739971	0.889801836636	0.891735137748	0.90043499275	0.890768487192	0.903334944418	0.891735137748	0.898501691638	0.903818269696	0.91445142581	0.904301594973
AE8	0.601739971	0.622039632673	0.886901884969	0.63653939101	0.704688255196	0.576123731271	0.689221846303	0.591590140164	0.578540357661	0.62735621073	0.608989850169	0.642339294345	0.643305944901	0.804253262446	0.692605123248	0.604639922668	0.584340260996	0.581440309328	0.818753020783	0.641855969067	0.564040599323	0.528757854036	0.517158047366	0.4813919768	0.558724021266	0.0	0.548090865152	0.534557757371	0.504108264862	0.488641855969	0.566457225713	0.546640889319	0.594490091832	0.605123247946	0.765103914935	0.724021266312	0.616239729338	0.611889801837	0.607056549058	0.655872402127	0.623489608507	0.690671822136	0.662638956017	0.608023199613	0.636056065732	0.611406476559	0.757370710488	0.71290478492	0.761237312711	0.735137747704	0.718704688255	0.739971000483	0.652972450459	0.647172547124	0.646689221846	0.665055582407	0.661188980184	0.73368777187	0.667955534074	0.723537941034	0.617689705172	0.691638472692
AF7	0.558240695988	0.533591106815	0.93281778637	0.647655872402	0.665538907685	0.498308361527	0.685838569357	0.446109231513	0.437892701788	0.585790236829	0.437892701788	0.584340260996	0.550024166264	0.848235862736	0.643789270179	0.531174480425	0.454809086515	0.424359594007	0.886901884969	0.706621556307	0.536491058482	0.392460125665	0.428709521508	0.429676172064	0.865152247463	0.548090865152	0.0	0.313678105365	0.4813919768	0.505558240696	0.472692121798	0.479942000967	0.441275978734	0.494441759304	0.706138231029	0.65055582407	0.454809086515	0.54857419043	0.494925084582	0.588690188497	0.52779120348	0.699371677139	0.666988883519	0.563073948768	0.547607539874	0.507491541808	0.672788786854	0.628806186564	0.69212179797	0.670372160464	0.626389560174	0.655872402127	0.531657805703	0.534557757371	0.538907684872	0.551957467376	0.540357660706	0.648622522958	0.554857419043	0.652005799903	0.485258579024	0.603189946834
AF8	0.55099081682	0.55099081682	0.926051232479	0.637506041566	0.698405026583	0.513291445143	0.686321894635	0.463992266796	0.446109231513	0.586756887385	0.473175447076	0.617689705172	0.570323827936	0.841469308845	0.640889318511	0.53697438376	0.470275495408	0.444175930401	0.877718704688	0.698888351861	0.497825036249	0.362493958434	0.431609473175	0.436442725955	0.84726921218	0.534557757371	0.313678105365	0.0	0.457225712905	0.485258579024	0.489125181247	0.473175447076	0.438859352344	0.497341710971	0.727404543258	0.67133881102	0.47462542291	0.563557274045	0.509908168197	0.602706621556	0.550024166264	0.681488641856	0.645239246013	0.567423876269	0.561623972934	0.526341227646	0.704204929918	0.655872402127	0.714838086032	0.699371677139	0.653455775737	0.683421942968	0.562107298212	0.560657322378	0.566940550991	0.584340260996	0.564040599323	0.681971967134	0.56259062349	0.680038666022	0.513291445143	0.633639439343
AG7	0.595456742388	0.598356694055	0.833736104398	0.561623972934	0.694055099082	0.547124214596	0.684871918801	0.520541324311	0.494441759304	0.579990333494	0.542290961817	0.630739487675	0.616723054616	0.750120831319	0.668438859352	0.581440309328	0.545674238763	0.533107781537	0.74770420493	0.539874335428	0.46060898985	0.444175930401	0.524891251812	0.500724987917	0.768003866602	0.504108264862	0.4813919768	0.457225712905	0.0	0.316094731754	0.553890768487	0.509908168197	0.522957950701	0.552924117931	0.755437409377	0.698405026583	0.547607539874	0.575640405993	0.550507491542	0.637022716288	0.597873368777	0.660705654906	0.628322861286	0.584823586274	0.597390043499	0.566940550991	0.748187530208	0.695505074915	0.749637506042	0.72692121798	0.685355244079	0.723537941034	0.615273078782	0.611889801837	0.614306428226	0.632189463509	0.630256162397	0.721604639923	0.637506041566	0.708071532141	0.582406959884	0.670372160464
AG8	0.584340260996	0.596906718221	0.839536007733	0.590140164331	0.697921701305	0.555824069599	0.678588690188	0.557274045433	0.539874335428	0.595456742388	0.583856935718	0.63653939101	0.626872885452	0.753504108265	0.669888835186	0.585790236829	0.572257129048	0.5601739971	0.713388110198	0.526341227646	0.478975350411	0.463508941518	0.549057515708	0.521991300145	0.76848719188	0.488641855969	0.505558240696	0.485258579024	0.316094731754	0.0	0.560657322378	0.532141130981	0.560657322378	0.576607056549	0.7593040116	0.707104881585	0.576607056549	0.584823586274	0.568873852102	0.64572257129	0.606089898502	0.666022232963	0.63653939101	0.591106814886	0.612373127115	0.588206863219	0.75688738521	0.695021749638	0.754954084099	0.733204446593	0.69453842436	0.728371193813	0.624456259062	0.619623006283	0.621072982117	0.637506041566	0.628322861286	0.724021266312	0.64813919768	0.708554857419	0.594490091832	0.672788786854
AH7	0.588206863219	0.622039632673	0.947317544708	0.695505074915	0.721121314645	0.581923634606	0.714354760754	0.545674238763	0.540357660706	0.650072498792	0.532141130981	0.652489125181	0.630739487675	0.872402126631	0.695505074915	0.589656839053	0.519574673755	0.476558724021	0.892218463026	0.731754470759	0.561623972934	0.525857902368	0.506524891252	0.494925084582	0.837602706622	0.566457225713	0.472692121798	0.489125181247	0.553890768487	0.560657322378	0.0	0.331561140648	0.56259062349	0.608023199613	0.784436926051	0.739004349928	0.542774287095	0.64572257129	0.601739971	0.661188980184	0.633156114065	0.764137264379	0.737554374094	0.651039149348	0.644272595457	0.611406476559	0.759787336878	0.724987916868	0.772353794103	0.746737554374	0.71290478492	0.743837602707	0.618656355727	0.624456259062	0.621072982117	0.637989366844	0.639439342678	0.738037699372	0.634606089899	0.719188013533	0.603189946834	0.706138231029
AH8	0.5601739971	0.567423876269	0.94441759304	0.648622522958	0.676655389077	0.522474625423	0.68293861769	0.509424842919	0.501208313195	0.598840019333	0.522474625423	0.601739971	0.570807153214	0.85645239246	0.643305944901	0.542290961817	0.443692605123	0.411309811503	0.898501691638	0.724021266312	0.546157564041	0.473175447076	0.503141614306	0.492025132914	0.836636056066	0.546640889319	0.479942000967	0.473175447076	0.509908168197	0.532141130981	0.331561140648	0.0	0.521507974867	0.540357660706	0.750604156597	0.700338327695	0.539874335428	0.592073465442	0.543740937651	0.619139681005	0.583856935718	0.722087965201	0.694055099082	0.601256645723	0.59255679072	0.551957467376	0.70372160464	0.672305461576	0.72692121798	0.698405026583	0.656839052682	0.689221846303	0.556307394877	0.5601739971	0.565490575157	0.579990333494	0.578057032383	0.675205413243	0.574190430159	0.673272112131	0.540840985984	0.653455775737
AA5	0.585790236829	0.505558240696	0.95601739971	0.648622522958	0.628322861286	0.461575640406	0.620106331561	0.38666022233	0.389560173997	0.53020782987	0.42822619623	0.549057515708	0.52537457709	0.869018849686	0.564523924601	0.526341227646	0.448042532624	0.43064282262	0.927501208313	0.758820686322	0.56259062349	0.480425326245	0.484291928468	0.486708554857	0.901401643306	0.594490091832	0.441275978734	0.438859352344	0.522957950701	0.560657322378	0.56259062349	0.521507974867	0.0	0.34026099565	0.681005316578	0.597873368777	0.452392460126	0.459159014016	0.466408893185	0.543257612373	0.468825519575	0.623972933784	0.596906718221	0.495891735138	0.526824552924	0.477042049299	0.700821652972	0.645239246013	0.690671822136	0.661672305462	0.652489125181	0.690188496858	0.529724504592	0.555824069599	0.565973900435	0.567907201547	0.535041082649	0.672305461576	0.557274045433	0.647172547124	0.502658289029	0.620589656839
AA6	0.593523441276	0.511841469309	0.957467375544	0.655389076849	0.646689221846	0.458675688739	0.640405993233	0.444175930401	0.440309328178	0.559207346544	0.480908651522	0.563557274045	0.5186080232	0.869502174964	0.595456742388	0.53020782987	0.492508458192	0.47462542291	0.939101014983	0.764137264379	0.598356694055	0.500724987917	0.537457709038	0.543257612373	0.90961817303	0.605123247946	0.494441759304	0.497341710971	0.552924117931	0.576607056549	0.608023199613	0.540357660706	0.34026099565	0.0	0.676172063799	0.590140164331	0.500241662639	0.49540840986	0.472692121798	0.572740454326	0.490091831803	0.658289028516	0.629289511841	0.531657805703	0.459159014016	0.417593040116	0.689221846303	0.637506041566	0.684388593523	0.661672305462	0.637022716288	0.676172063799	0.523924601257	0.539874335428	0.54857419043	0.555340744321	0.538424359594	0.662155630739	0.557274045433	0.644755920735	0.504108264862	0.61333977767
AB5	0.746254229096	0.666022232963	0.968100531658	0.724021266312	0.624456259062	0.644272595457	0.743837602707	0.657805703238	0.684388593523	0.695988400193	0.684388593523	0.603673272112	0.664572257129	0.891735137748	0.725471242146	0.696955050749	0.714838086032	0.70130497825	0.942967617206	0.806186563557	0.811019816336	0.730304494925	0.763653939101	0.761720637989	0.925084581924	0.765103914935	0.706138231029	0.727404543258	0.755437409377	0.7593040116	0.784436926051	0.750604156597	0.681005316578	0.676172063799	0.0	0.333011116481	0.626872885452	0.666988883519	0.617689705172	0.628322861286	0.595940067666	0.749637506042	0.73368777187	0.661672305462	0.629289511841	0.616723054616	0.621072982117	0.619623006283	0.626872885452	0.607056549058	0.629289511841	0.627839536008	0.600289995167	0.614306428226	0.609473175447	0.614789753504	0.660222329628	0.601256645723	0.673755437409	0.60657322378	0.677622039633	0.618173030449
AB6	0.690671822136	0.591106814886	0.962783953601	0.673755437409	0.589656839053	0.568390526825	0.675688738521	0.577573707105	0.618173030449	0.622522957951	0.62735621073	0.522957950701	0.613823102948	0.879168680522	0.651039149348	0.629772837119	0.666022232963	0.653939101015	0.942967617206	0.769937167714	0.753020782987	0.677138714355	0.706621556307	0.709038182697	0.92363460609	0.724021266312	0.65055582407	0.67133881102	0.698405026583	0.707104881585	0.739004349928	0.700338327695	0.597873368777	0.590140164331	0.333011116481	0.0	0.577090381827	0.582890285162	0.564523924601	0.559207346544	0.528274528758	0.672305461576	0.658289028516	0.559207346544	0.544707588207	0.54857419043	0.589656839053	0.546157564041	0.582406959884	0.549057515708	0.559690671822	0.578540357661	0.550507491542	0.566457225713	0.56935717738	0.569840502658	0.59255679072	0.554374093765	0.619139681005	0.541807636539	0.624456259062	0.541807636539
AC5	0.607539874335	0.553407443209	0.971967133881	0.658772353794	0.640405993233	0.471725471242	0.675688738521	0.438376027066	0.45142580957	0.582890285162	0.411793136781	0.553407443209	0.543740937651	0.883035282745	0.634122764621	0.56935717738	0.482841952634	0.447075882069	0.949250845819	0.77090381827	0.609473175447	0.540840985984	0.502658289029	0.500724987917	0.920734654422	0.616239729338	0.454809086515	0.47462542291	0.547607539874	0.576607056549	0.542774287095	0.539874335428	0.452392460126	0.500241662639	0.626872885452	0.577090381827	0.0	0.446592556791	0.427742870952	0.576123731271	0.493475108748	0.714838086032	0.667955534074	0.566457225713	0.478008699855	0.454809086515	0.616723054616	0.572257129048	0.629772837119	0.599323344611	0.572257129048	0.603673272112	0.492025132914	0.485258579024	0.49299178347	0.504108264862	0.562107298212	0.589656839053	0.58337361044	0.577573707105	0.514258095698	0.551957467376
AC6	0.619623006283	0.502658289029	0.954567423876	0.63653939101	0.606089898502	0.499275012083	0.537457709038	0.475108748188	0.508941517641	0.463992266796	0.543740937651	0.544707588207	0.548090865152	0.85645239246	0.543257612373	0.551957467376	0.567907201547	0.549540840986	0.925567907202	0.744320927985	0.64813919768	0.57177380377	0.603673272112	0.592073465442	0.902368293862	0.611889801837	0.54857419043	0.563557274045	0.575640405993	0.584823586274	0.64572257129	0.592073465442	0.459159014016	0.49540840986	0.666988883519	0.582890285162	0.446592556791	0.0	0.519574673755	0.521991300145	0.486708554857	0.506524891252	0.461092315128	0.431126147898	0.56259062349	0.542774287095	0.679555340744	0.628806186564	0.676655389077	0.644755920735	0.638472692122	0.669405509908	0.570323827936	0.565490575157	0.570807153214	0.57177380377	0.546640889319	0.65732237796	0.581440309328	0.620589656839	0.542290961817	0.61333977767
AD6	0.595456742388	0.52537457709	0.968583856936	0.635089415176	0.598840019333	0.425809569841	0.634122764621	0.4398260029	0.458675688739	0.550024166264	0.447075882069	0.505558240696	0.522474625423	0.872885451909	0.617689705172	0.544224262929	0.500241662639	0.473175447076	0.951667472209	0.767037216046	0.605123247946	0.522957950701	0.550024166264	0.542774287095	0.916384726921	0.607056549058	0.494925084582	0.509908168197	0.550507491542	0.568873852102	0.601739971	0.543740937651	0.466408893185	0.472692121798	0.617689705172	0.564523924601	0.427742870952	0.519574673755	0.0	0.540357660706	0.407926534558	0.702754954084	0.665538907685	0.558724021266	0.465925567907	0.432576123731	0.605606573224	0.554857419043	0.600289995167	0.575640405993	0.558724021266	0.596423392943	0.458675688739	0.459159014016	0.470275495408	0.474142097632	0.546157564041	0.579990333494	0.566940550991	0.569840502658	0.470758820686	0.528757854036
AE5	0.616239729338	0.53020782987	0.971967133881	0.635572740454	0.572740454326	0.527307878202	0.586273562107	0.540840985984	0.582890285162	0.531174480425	0.603189946834	0.512324794587	0.561140647656	0.872402126631	0.560657322378	0.550507491542	0.591590140164	0.599323344611	0.933301111648	0.754954084099	0.707104881585	0.618173030449	0.65055582407	0.638472692122	0.883035282745	0.655872402127	0.588690188497	0.602706621556	0.637022716288	0.64572257129	0.661188980184	0.619139681005	0.543257612373	0.572740454326	0.628322861286	0.559207346544	0.576123731271	0.521991300145	0.540357660706	0.0	0.346060898985	0.614789753504	0.588690188497	0.520541324311	0.616239729338	0.601256645723	0.660222329628	0.624456259062	0.658772353794	0.624456259062	0.635089415176	0.660705654906	0.539874335428	0.56259062349	0.584823586274	0.561140647656	0.544707588207	0.642822619623	0.557274045433	0.60657322378	0.563073948768	0.607539874335
AE6	0.588690188497	0.480425326245	0.968100531658	0.623489608507	0.545190913485	0.447075882069	0.572740454326	0.448525857902	0.501691638473	0.508941517641	0.51619139681	0.468342194297	0.491058482359	0.866602223296	0.564523924601	0.513291445143	0.541807636539	0.526824552924	0.934267762204	0.753987433543	0.663605606573	0.567907201547	0.605606573224	0.596906718221	0.893185113581	0.623489608507	0.52779120348	0.550024166264	0.597873368777	0.606089898502	0.633156114065	0.583856935718	0.468825519575	0.490091831803	0.595940067666	0.528274528758	0.493475108748	0.486708554857	0.407926534558	0.346060898985	0.0	0.634122764621	0.60415659739	0.490575157081	0.528274528758	0.519574673755	0.611406476559	0.570323827936	0.601256645723	0.571290478492	0.578540357661	0.607539874335	0.456742387627	0.46979217013	0.487191880135	0.479458675689	0.498308361527	0.585790236829	0.529724504592	0.557274045433	0.494925084582	0.545190913485
AF5	0.708554857419	0.631222812953	0.930401159981	0.666022232963	0.662638956017	0.674722087965	0.562107298212	0.637022716288	0.679555340744	0.578057032383	0.719671338811	0.639439342678	0.677138714355	0.841469308845	0.590623489609	0.668438859352	0.718704688255	0.718221362977	0.876752054132	0.721121314645	0.708071532141	0.665055582407	0.722571290478	0.711454809087	0.879168680522	0.690671822136	0.699371677139	0.681488641856	0.660705654906	0.666022232963	0.764137264379	0.722087965201	0.623972933784	0.658289028516	0.749637506042	0.672305461576	0.714838086032	0.506524891252	0.702754954084	0.614789753504	0.634122764621	0.0	0.288545190913	0.536491058482	0.725471242146	0.712421459642	0.757854035766	0.720154664089	0.755920734654	0.724021266312	0.73852102465	0.762203963267	0.696955050749	0.714354760754	0.733204446593	0.711938134364	0.663605606573	0.740454325761	0.678105364911	0.715804736588	0.709038182697	0.714838086032
AF6	0.688738521025	0.600773320445	0.929434509425	0.654905751571	0.65973900435	0.643789270179	0.532141130981	0.60657322378	0.649105848236	0.550507491542	0.689221846303	0.631222812953	0.643789270179	0.838569357177	0.563073948768	0.638472692122	0.695021749638	0.692605123248	0.877718704688	0.71532141131	0.690188496858	0.635089415176	0.691638472692	0.691155147414	0.870952150797	0.662638956017	0.666988883519	0.645239246013	0.628322861286	0.63653939101	0.737554374094	0.694055099082	0.596906718221	0.629289511841	0.73368777187	0.658289028516	0.667955534074	0.461092315128	0.665538907685	0.588690188497	0.60415659739	0.288545190913	0.0	0.497825036249	0.695021749638	0.678588690188	0.751087481875	0.706138231029	0.737554374094	0.712421459642	0.714838086032	0.747220879652	0.665538907685	0.684388593523	0.695988400193	0.679072015466	0.635572740454	0.727404543258	0.64813919768	0.705171580474	0.683905268246	0.6805219913
