	AA3	AA4	AB3	AB4	AC3	AC4	AD3	AD4	AE3	AE4	AF3	AF4	AG3	AG4	AH3	AH4	AA7	AA8	AB7	AB8	AC7	AC8	AD7	AD8	AE7	AE8	AF7	AF8	AG7	AG8	AH7	AH8	AA5	AA6	AB5	AB6	AC5	AC6	AD6	AE5	AE6	AF5	AF6	AG5	AH5	AH6	AA1	AA2	AB1	AB2	AC1	AC2	AD1	AD2	AE1	AE2	AF1	AF2	AG1	AG2	AH1	AH2
AA3	0.0	0.484775253746	0.925084581924	0.641855969067	0.654905751571	0.58337361044	0.672305461576	0.583856935718	0.558724021266	0.616239729338	0.608023199613	0.615273078782	0.569840502658	0.84485258579	0.651039149348	0.34026099565	0.567907201547	0.569840502658	0.850652489125	0.710004833253	0.599806669889	0.559207346544	0.576607056549	0.575640405993	0.826002899952	0.573223779604	0.557274045433	0.554374093765	0.577090381827	0.574190430159	0.585306911551	0.551957467376	0.579990333494	0.591590140164	0.748670855486	0.682455292412	0.597390043499	0.611406476559	0.604639922668	0.639922667956	0.594006766554	0.721121314645	0.695021749638	0.608023199613	0.626389560174	0.620589656839	0.688255195747	0.639922667956	0.718704688255	0.677138714355	0.634606089899	0.662638956017	0.572257129048	0.565490575157	0.573223779604	0.577573707105	0.576607056549	0.67133881102	0.579507008217	0.667472208797	0.570807153214	0.652005799903
AA4	0.484775253746	0.0	0.950217496375	0.591590140164	0.55775737071	0.494925084582	0.594490091832	0.472692121798	0.489125181247	0.515708071532	0.559207346544	0.502174963751	0.465925567907	0.865152247463	0.389076848719	0.366360560657	0.531174480425	0.532141130981	0.890285161914	0.732237796037	0.652489125181	0.577573707105	0.580473658772	0.584823586274	0.875302078299	0.600773320445	0.53697438376	0.555824069599	0.608989850169	0.609956500725	0.619139681005	0.574673755437	0.499275012083	0.514741420976	0.675205413243	0.59497341711	0.554857419043	0.512324794587	0.537941034316	0.537941034316	0.482841952634	0.649105848236	0.602706621556	0.501691638473	0.586756887385	0.568390526825	0.643789270179	0.572740454326	0.636056065732	0.605123247946	0.597390043499	0.623972933784	0.519574673755	0.524891251812	0.533591106815	0.50459159014	0.49299178347	0.619623006283	0.496858385694	0.595940067666	0.51619139681	0.580473658772
AB3	0.925084581924	0.950217496375	0.0	0.673755437409	0.915901401643	0.9584340261	0.958917351377	0.942484291928	0.934751087482	0.950700821653	0.973417109715	0.931367810536	0.964233929435	0.340744320928	0.962300628323	0.94441759304	0.972933784437	0.970517158047	0.744804253262	0.7593040116	0.898018366361	0.909134847753	0.961333977767	0.954567423876	0.852585790237	0.901884968584	0.941034316095	0.941517641373	0.840985983567	0.842435959401	0.952634122765	0.954567423876	0.961333977767	0.96520057999	0.974867085549	0.968100531658	0.974383760271	0.953117448043	0.972450459159	0.972450459159	0.971000483325	0.93523441276	0.942484291928	0.948284195263	0.979700338328	0.971967133881	0.971967133881	0.970517158047	0.969067182214	0.973417109715	0.974383760271	0.969067182214	0.975350410826	0.973900434993	0.97921701305	0.973417109715	0.971483808603	0.972450459159	0.971000483325	0.972450459159	0.973417109715	0.971483808603
AB4	0.641855969067	0.591590140164	0.673755437409	0.0	0.625906234896	0.613823102948	0.701788303528	0.631706138231	0.620589656839	0.639439342678	0.656355727405	0.612373127115	0.487191880135	0.569840502658	0.620589656839	0.620106331561	0.653455775737	0.651039149348	0.737071048816	0.58095698405	0.6805219913	0.639439342678	0.669405509908	0.662155630739	0.8008699855	0.641855969067	0.654905751571	0.663605606573	0.578057032383	0.598356694055	0.704688255196	0.660222329628	0.661672305462	0.669888835186	0.726437892702	0.686321894635	0.656839052682	0.644755920735	0.636056065732	0.643789270179	0.633156114065	0.688255195747	0.663122281295	0.634122764621	0.702754954084	0.685838569357	0.687288545191	0.653939101015	0.700821652972	0.669405509908	0.665538907685	0.666988883519	0.64572257129	0.651039149348	0.660222329628	0.640405993233	0.655872402127	0.675205413243	0.652005799903	0.678588690188	0.653939101015	0.66892218463
AC3	0.654905751571	0.55775737071	0.915901401643	0.625906234896	0.0	0.502174963751	0.647172547124	0.55775737071	0.554857419043	0.590140164331	0.61575640406	0.304011599807	0.598356694055	0.837119381344	0.608023199613	0.618173030449	0.623972933784	0.602706621556	0.86563557274	0.753987433543	0.724021266312	0.679072015466	0.710488158531	0.710488158531	0.832286128565	0.674722087965	0.660705654906	0.680038666022	0.680038666022	0.680038666022	0.708071532141	0.660222329628	0.600773320445	0.619623006283	0.609473175447	0.575157080715	0.616239729338	0.581923634606	0.582890285162	0.545190913485	0.552440792653	0.663605606573	0.642822619623	0.565007249879	0.633156114065	0.62735621073	0.574190430159	0.559690671822	0.570807153214	0.563557274045	0.577573707105	0.565490575157	0.526824552924	0.563073948768	0.562107298212	0.543257612373	0.614789753504	0.561623972934	0.614306428226	0.575640405993	0.613823102948	0.574190430159
AC4	0.58337361044	0.494925084582	0.9584340261	0.613823102948	0.502174963751	0.0	0.623006283229	0.410826486225	0.408893185114	0.519574673755	0.335911068149	0.424359594007	0.504108264862	0.869018849686	0.581440309328	0.538907684872	0.48380860319	0.464475592073	0.937167713871	0.767037216046	0.590623489609	0.527307878202	0.510391493475	0.500724987917	0.895601739971	0.571290478492	0.493475108748	0.522474625423	0.538424359594	0.570323827936	0.573707104882	0.511841469309	0.443692605123	0.471242145964	0.663605606573	0.580473658772	0.461092315128	0.505558240696	0.435959400677	0.56259062349	0.50459159014	0.695021749638	0.652972450459	0.495891735138	0.523924601257	0.492508458192	0.652489125181	0.584823586274	0.632189463509	0.598840019333	0.596423392943	0.62493958434	0.501208313195	0.502174963751	0.528757854036	0.509424842919	0.548090865152	0.631222812953	0.549540840986	0.599806669889	0.474142097632	0.593523441276
AD3	0.672305461576	0.594490091832	0.958917351377	0.701788303528	0.647172547124	0.623006283229	0.0	0.536007733204	0.637506041566	0.358144030933	0.670855485742	0.601739971	0.632189463509	0.874335427743	0.577090381827	0.643305944901	0.687288545191	0.685838569357	0.938134364427	0.778153697438	0.718221362977	0.686805219913	0.693088448526	0.689221846303	0.91445142581	0.6805219913	0.691638472692	0.694055099082	0.694055099082	0.687288545191	0.714838086032	0.6805219913	0.633639439343	0.648622522958	0.743837602707	0.671822136298	0.675205413243	0.530691155147	0.636056065732	0.596906718221	0.569840502658	0.562107298212	0.539874335428	0.54857419043	0.702754954084	0.682455292412	0.764137264379	0.708071532141	0.74770420493	0.72450459159	0.717738037699	0.742387626873	0.655872402127	0.659255679072	0.674238762687	0.645239246013	0.636056065732	0.739004349928	0.646205896568	0.717254712421	0.685355244079	0.713871435476
AD4	0.583856935718	0.472692121798	0.942484291928	0.631706138231	0.55775737071	0.410826486225	0.536007733204	0.0	0.337361043983	0.417593040116	0.456259062349	0.499275012083	0.502174963751	0.855969067182	0.54857419043	0.533591106815	0.48622522958	0.470275495408	0.932334461092	0.766553890768	0.586756887385	0.509424842919	0.514258095698	0.51619139681	0.898018366361	0.58095698405	0.470758820686	0.503141614306	0.532624456259	0.564523924601	0.567423876269	0.520057999033	0.422909618173	0.447559207347	0.672305461576	0.580473658772	0.472692121798	0.482358627356	0.45142580957	0.564040599323	0.490575157081	0.662155630739	0.622039632673	0.475592073465	0.535041082649	0.484775253746	0.66892218463	0.603673272112	0.661188980184	0.632672788787	0.618173030449	0.647172547124	0.52537457709	0.506041565974	0.546157564041	0.524891251812	0.535041082649	0.65055582407	0.538907684872	0.635572740454	0.509424842919	0.618173030449
AE3	0.558724021266	0.489125181247	0.934751087482	0.620589656839	0.554857419043	0.408893185114	0.637506041566	0.337361043983	0.0	0.512324794587	0.398260029	0.496858385694	0.496375060416	0.851619139681	0.576123731271	0.532624456259	0.45142580957	0.438376027066	0.922667955534	0.754470758821	0.561623972934	0.482358627356	0.475592073465	0.477525374577	0.890285161914	0.575157080715	0.43740937651	0.468342194297	0.499758337361	0.550507491542	0.538907684872	0.492025132914	0.404543257612	0.450942484292	0.661188980184	0.585790236829	0.420009666506	0.514258095698	0.435476075399	0.597873368777	0.525857902368	0.700338327695	0.658772353794	0.498791686805	0.508458192363	0.461092315128	0.646205896568	0.586273562107	0.6389560174	0.611406476559	0.59255679072	0.624456259062	0.508458192363	0.494441759304	0.532141130981	0.51377477042	0.544707588207	0.630256162397	0.541324311261	0.61333977767	0.485258579024	0.594490091832
AE4	0.616239729338	0.515708071532	0.950700821653	0.639439342678	0.590140164331	0.519574673755	0.358144030933	0.417593040116	0.512324794587	0.0	0.575157080715	0.538907684872	0.566940550991	0.864185596907	0.549057515708	0.574190430159	0.581440309328	0.583856935718	0.933784436926	0.765587240213	0.654905751571	0.593523441276	0.587723537941	0.587240212663	0.905268245529	0.60415659739	0.583856935718	0.587723537941	0.596906718221	0.60657322378	0.639922667956	0.593523441276	0.527307878202	0.543257612373	0.698888351861	0.617689705172	0.566457225713	0.443692605123	0.540357660706	0.540840985984	0.501208313195	0.585306911551	0.543740937651	0.484775253746	0.601739971	0.58095698405	0.71290478492	0.642339294345	0.702754954084	0.674722087965	0.662638956017	0.684388593523	0.593040115998	0.570323827936	0.593523441276	0.578540357661	0.579507008217	0.689221846303	0.582890285162	0.671822136298	0.583856935718	0.663605606573
AF3	0.608023199613	0.559207346544	0.973417109715	0.656355727405	0.61575640406	0.335911068149	0.670855485742	0.456259062349	0.398260029	0.575157080715	0.0	0.523924601257	0.542774287095	0.886418559691	0.631222812953	0.584340260996	0.44224262929	0.449492508458	0.954084098598	0.783953600773	0.598356694055	0.53939101015	0.423392943451	0.415176413726	0.919284678589	0.59497341711	0.443692605123	0.511358144031	0.540357660706	0.594006766554	0.53020782987	0.507491541808	0.444659255679	0.490091831803	0.672305461576	0.608989850169	0.404543257612	0.544707588207	0.447559207347	0.619623006283	0.55099081682	0.735137747704	0.690671822136	0.530691155147	0.50700821653	0.478008699855	0.663122281295	0.591590140164	0.667472208797	0.620589656839	0.60415659739	0.634606089899	0.529724504592	0.497825036249	0.537457709038	0.533107781537	0.575640405993	0.647655872402	0.578540357661	0.612373127115	0.498308361527	0.601739971
AF4	0.615273078782	0.502174963751	0.931367810536	0.612373127115	0.304011599807	0.424359594007	0.601739971	0.499275012083	0.496858385694	0.538907684872	0.523924601257	0.0	0.543740937651	0.848235862736	0.565007249879	0.566457225713	0.580473658772	0.556790720155	0.882068632189	0.727404543258	0.690188496858	0.636056065732	0.653455775737	0.647655872402	0.84726921218	0.618173030449	0.607056549058	0.629772837119	0.632189463509	0.632672788787	0.667955534074	0.618656355727	0.541807636539	0.567907201547	0.607056549058	0.526824552924	0.559207346544	0.530691155147	0.530691155147	0.496858385694	0.505074915418	0.637022716288	0.600773320445	0.508458192363	0.575157080715	0.565490575157	0.58095698405	0.520541324311	0.565490575157	0.530691155147	0.541807636539	0.561623972934	0.481875302078	0.509908168197	0.518124697922	0.494441759304	0.566457225713	0.562107298212	0.572740454326	0.526341227646	0.552924117931	0.528274528758
AG3	0.569840502658	0.465925567907	0.964233929435	0.487191880135	0.598356694055	0.504108264862	0.632189463509	0.502174963751	0.496375060416	0.566940550991	0.542774287095	0.543740937651	0.0	0.853552440793	0.538424359594	0.516674722088	0.52537457709	0.505558240696	0.92363460609	0.7593040116	0.664572257129	0.596423392943	0.576607056549	0.589173513775	0.887385210246	0.614306428226	0.537457709038	0.563557274045	0.613823102948	0.61333977767	0.629289511841	0.566940550991	0.524407926535	0.523924601257	0.662638956017	0.608989850169	0.535524407927	0.536007733204	0.525857902368	0.567907201547	0.509424842919	0.683905268246	0.635089415176	0.520057999033	0.583856935718	0.555824069599	0.622039632673	0.576607056549	0.632189463509	0.60415659739	0.585790236829	0.603189946834	0.512324794587	0.522957950701	0.543257612373	0.512808119865	0.526824552924	0.616239729338	0.529241179314	0.602223296278	0.511841469309	0.585306911551
AG4	0.84485258579	0.865152247463	0.340744320928	0.569840502658	0.837119381344	0.869018849686	0.874335427743	0.855969067182	0.851619139681	0.864185596907	0.886418559691	0.848235862736	0.853552440793	0.0	0.876752054132	0.861285645239	0.894151764137	0.894635089415	0.709521507975	0.686321894635	0.825036249396	0.830836152731	0.881585306912	0.875302078299	0.825519574674	0.824552924118	0.864668922185	0.863218946351	0.763653939101	0.755920734654	0.884485258579	0.876752054132	0.881585306912	0.884485258579	0.901401643306	0.892218463026	0.892218463026	0.871435476075	0.885935234413	0.886418559691	0.884968583857	0.848235862736	0.855485741904	0.867568873852	0.899951667472	0.894151764137	0.889318511358	0.890768487192	0.89125181247	0.887868535524	0.895601739971	0.89125181247	0.894635089415	0.88883518608	0.898985016916	0.892701788304	0.892701788304	0.892701788304	0.890285161914	0.890768487192	0.893185113581	0.890285161914
AH3	0.651039149348	0.389076848719	0.962300628323	0.620589656839	0.608023199613	0.581440309328	0.577090381827	0.54857419043	0.576123731271	0.549057515708	0.631222812953	0.565007249879	0.538424359594	0.876752054132	0.0	0.533591106815	0.61333977767	0.616723054616	0.927501208313	0.769937167714	0.706621556307	0.642822619623	0.645239246013	0.652489125181	0.903334944418	0.679072015466	0.637022716288	0.641372643789	0.673755437409	0.675688738521	0.699855002417	0.643305944901	0.564040599323	0.590623489609	0.722571290478	0.65055582407	0.636056065732	0.548090865152	0.61333977767	0.570807153214	0.547607539874	0.612856452392	0.569840502658	0.562107298212	0.654422426293	0.639922667956	0.711454809087	0.624456259062	0.689221846303	0.663122281295	0.64813919768	0.679555340744	0.618173030449	0.616723054616	0.607539874335	0.595940067666	0.579990333494	0.678105364911	0.573223779604	0.65055582407	0.616239729338	0.634606089899
AH4	0.34026099565	0.366360560657	0.94441759304	0.620106331561	0.618173030449	0.538907684872	0.643305944901	0.533591106815	0.532624456259	0.574190430159	0.584340260996	0.566457225713	0.516674722088	0.861285645239	0.533591106815	0.0	0.538424359594	0.549540840986	0.875785403577	0.726437892702	0.628806186564	0.565490575157	0.574673755437	0.572740454326	0.853069115515	0.582890285162	0.543740937651	0.538424359594	0.584823586274	0.590623489609	0.600773320445	0.553407443209	0.541807636539	0.549540840986	0.710488158531	0.643789270179	0.576123731271	0.575640405993	0.569840502658	0.582890285162	0.535524407927	0.686805219913	0.652972450459	0.563073948768	0.599806669889	0.583856935718	0.669405509908	0.605123247946	0.667955534074	0.635572740454	0.61575640406	0.643789270179	0.533107781537	0.538424359594	0.555340744321	0.526341227646	0.514258095698	0.643789270179	0.523441275979	0.624456259062	0.542290961817	0.614306428226
AA7	0.567907201547	0.531174480425	0.972933784437	0.653455775737	0.623972933784	0.48380860319	0.687288545191	0.48622522958	0.45142580957	0.581440309328	0.44224262929	0.580473658772	0.52537457709	0.894151764137	0.61333977767	0.538424359594	0.0	0.31706138231	0.919284678589	0.774287095215	0.597390043499	0.517641372644	0.467858869019	0.475108748188	0.867568873852	0.577090381827	0.434992750121	0.462058965684	0.543257612373	0.587723537941	0.500724987917	0.427259545674	0.446592556791	0.502174963751	0.718704688255	0.661188980184	0.470758820686	0.568390526825	0.508941517641	0.61333977767	0.5601739971	0.732721121315	0.691638472692	0.571290478492	0.56935717738	0.526341227646	0.675688738521	0.611406476559	0.679555340744	0.652489125181	0.607539874335	0.641372643789	0.536007733204	0.518124697922	0.552440792653	0.541807636539	0.535041082649	0.64813919768	0.544707588207	0.644755920735	0.506041565974	0.625422909618
AA8	0.569840502658	0.532141130981	0.970517158047	0.651039149348	0.602706621556	0.464475592073	0.685838569357	0.470275495408	0.438376027066	0.583856935718	0.449492508458	0.556790720155	0.505558240696	0.894635089415	0.616723054616	0.549540840986	0.31706138231	0.0	0.915418076365	0.769937167714	0.59497341711	0.512324794587	0.504108264862	0.509424842919	0.859352344128	0.567907201547	0.459642339294	0.477042049299	0.533591106815	0.58095698405	0.501691638473	0.392460125665	0.43740937651	0.485258579024	0.692605123248	0.632189463509	0.477042049299	0.551957467376	0.48380860319	0.609473175447	0.545674238763	0.73852102465	0.691155147414	0.545190913485	0.538907684872	0.49540840986	0.637506041566	0.582406959884	0.656355727405	0.627839536008	0.575157080715	0.613823102948	0.497341710971	0.481875302078	0.510391493475	0.511358144031	0.537457709038	0.617689705172	0.544224262929	0.616723054616	0.485258579024	0.591106814886
AB7	0.850652489125	0.890285161914	0.744804253262	0.737071048816	0.86563557274	0.937167713871	0.938134364427	0.932334461092	0.922667955534	0.933784436926	0.954084098598	0.882068632189	0.92363460609	0.709521507975	0.927501208313	0.875785403577	0.919284678589	0.915418076365	0.0	0.430159497342	0.815369743838	0.833736104398	0.939101014983	0.928467858869	0.737071048816	0.825519574674	0.891735137748	0.873368777187	0.724021266312	0.697438376027	0.882068632189	0.892701788304	0.920251329145	0.938617689705	0.934267762204	0.929917834703	0.945867568874	0.911551474142	0.950217496375	0.925084581924	0.930401159981	0.866602223296	0.883518608023	0.90961817303	0.962300628323	0.953117448043	0.918801353311	0.919768003867	0.928467858869	0.932334461092	0.924117931368	0.914934751087	0.911068148864	0.915418076365	0.918318028033	0.90961817303	0.919284678589	0.908651522475	0.920734654422	0.925567907202	0.943450942484	0.923151280812
AB8	0.710004833253	0.732237796037	0.7593040116	0.58095698405	0.753987433543	0.767037216046	0.778153697438	0.766553890768	0.754470758821	0.765587240213	0.783953600773	0.727404543258	0.7593040116	0.686321894635	0.769937167714	0.726437892702	0.774287095215	0.769937167714	0.430159497342	0.0	0.652972450459	0.666988883519	0.757370710488	0.751570807153	0.752537457709	0.673272112131	0.717254712421	0.704688255196	0.532624456259	0.524407926535	0.735137747704	0.74528757854	0.760753987434	0.77767037216	0.808119864669	0.77090381827	0.773803769937	0.74770420493	0.776703721605	0.766553890768	0.751087481875	0.725954567424	0.735137747704	0.737554374094	0.795070082165	0.787336877719	0.81488641856	0.76848719188	0.8008699855	0.772353794103	0.78250362494	0.793620106332	0.772837119381	0.768970517158	0.76848719188	0.763653939101	0.761237312711	0.793136781054	0.757370710488	0.763653939101	0.782986950217	0.766553890768
AC7	0.599806669889	0.652489125181	0.898018366361	0.6805219913	0.724021266312	0.590623489609	0.718221362977	0.586756887385	0.561623972934	0.654905751571	0.598356694055	0.690188496858	0.664572257129	0.825036249396	0.706621556307	0.628806186564	0.597390043499	0.59497341711	0.815369743838	0.652972450459	0.0	0.352344127598	0.578057032383	0.567907201547	0.829386176897	0.580473658772	0.550507491542	0.530691155147	0.47462542291	0.507491541808	0.574673755437	0.547607539874	0.563557274045	0.600289995167	0.810053165781	0.740937651039	0.622039632673	0.633639439343	0.621556307395	0.724021266312	0.677622039633	0.726437892702	0.710488158531	0.626872885452	0.639922667956	0.609956500725	0.815853069116	0.758337361044	0.812953117448	0.785886901885	0.745770903818	0.786853552441	0.681488641856	0.655389076849	0.684871918801	0.688255195747	0.673755437409	0.797003383277	0.670855485742	0.774287095215	0.610923151281	0.756404059932
AC8	0.559207346544	0.577573707105	0.909134847753	0.639439342678	0.679072015466	0.527307878202	0.686805219913	0.509424842919	0.482358627356	0.593523441276	0.53939101015	0.636056065732	0.596423392943	0.830836152731	0.642822619623	0.565490575157	0.517641372644	0.512324794587	0.833736104398	0.666988883519	0.352344127598	0.0	0.499275012083	0.49299178347	0.838569357177	0.540357660706	0.408893185114	0.384726921218	0.425809569841	0.475592073465	0.528274528758	0.480908651522	0.482358627356	0.527307878202	0.741904301595	0.670372160464	0.543740937651	0.569840502658	0.547124214596	0.657805703238	0.603673272112	0.686805219913	0.656839052682	0.566940550991	0.580473658772	0.546157564041	0.735621072982	0.674722087965	0.744320927985	0.720154664089	0.663605606573	0.702271628806	0.605123247946	0.576123731271	0.606089898502	0.607539874335	0.586756887385	0.71290478492	0.583856935718	0.707588206863	0.543257612373	0.673755437409
AD7	0.576607056549	0.580473658772	0.961333977767	0.669405509908	0.710488158531	0.510391493475	0.693088448526	0.514258095698	0.475592073465	0.587723537941	0.423392943451	0.653455775737	0.576607056549	0.881585306912	0.645239246013	0.574673755437	0.467858869019	0.504108264862	0.939101014983	0.757370710488	0.578057032383	0.499275012083	0.0	0.292895118415	0.893185113581	0.506524891252	0.418559690672	0.451909134848	0.502658289029	0.552440792653	0.503141614306	0.478975350411	0.487191880135	0.535041082649	0.742870952151	0.673272112131	0.487675205413	0.579023682939	0.538424359594	0.643305944901	0.59255679072	0.739487675205	0.688738521025	0.576607056549	0.568390526825	0.544707588207	0.742870952151	0.668438859352	0.748187530208	0.713388110198	0.671822136298	0.701788303528	0.599323344611	0.576607056549	0.600289995167	0.610923151281	0.584340260996	0.714838086032	0.585306911551	0.702271628806	0.540840985984	0.669405509908
AD8	0.575640405993	0.584823586274	0.954567423876	0.662155630739	0.710488158531	0.500724987917	0.689221846303	0.51619139681	0.477525374577	0.587240212663	0.415176413726	0.647655872402	0.589173513775	0.875302078299	0.652489125181	0.572740454326	0.475108748188	0.509424842919	0.928467858869	0.751570807153	0.567907201547	0.49299178347	0.292895118415	0.0	0.860318994683	0.485741904302	0.409859835669	0.458192363461	0.492025132914	0.543740937651	0.501208313195	0.481875302078	0.49299178347	0.53697438376	0.74528757854	0.676172063799	0.481875302078	0.574190430159	0.538424359594	0.64572257129	0.599806669889	0.735621072982	0.688255195747	0.56935717738	0.575157080715	0.549057515708	0.744804253262	0.67133881102	0.747220879652	0.714354760754	0.673272112131	0.705171580474	0.607056549058	0.578057032383	0.609473175447	0.610923151281	0.600773320445	0.717254712421	0.598840019333	0.698888351861	0.544707588207	0.673755437409
AE7	0.826002899952	0.875302078299	0.852585790237	0.8008699855	0.832286128565	0.895601739971	0.91445142581	0.898018366361	0.890285161914	0.905268245529	0.919284678589	0.84726921218	0.887385210246	0.825519574674	0.903334944418	0.853069115515	0.867568873852	0.859352344128	0.737071048816	0.752537457709	0.829386176897	0.838569357177	0.893185113581	0.860318994683	0.0	0.54857419043	0.86563557274	0.860802319961	0.754470758821	0.752537457709	0.838086031899	0.836636056066	0.893668438859	0.912518124698	0.92363460609	0.918318028033	0.918318028033	0.88883518608	0.917834702755	0.880618656356	0.893668438859	0.876268728855	0.8796520058	0.877718704688	0.942000966651	0.924601256646	0.889801836636	0.894151764137	0.90043499275	0.901884968584	0.903818269696	0.898018366361	0.884485258579	0.895601739971	0.901884968584	0.889801836636	0.90961817303	0.884001933301	0.899468342194	0.899468342194	0.906718221363	0.901884968584
AE8	0.573223779604	0.600773320445	0.901884968584	0.641855969067	0.674722087965	0.571290478492	0.6805219913	0.58095698405	0.575157080715	0.60415659739	0.59497341711	0.618173030449	0.614306428226	0.824552924118	0.679072015466	0.582890285162	0.577090381827	0.567907201547	0.825519574674	0.673272112131	0.580473658772	0.540357660706	0.506524891252	0.485741904302	0.54857419043	0.0	0.555824069599	0.551474142098	0.505558240696	0.494441759304	0.563073948768	0.539874335428	0.589173513775	0.594490091832	0.750120831319	0.686321894635	0.603189946834	0.582406959884	0.600773320445	0.645239246013	0.618656355727	0.704688255196	0.675688738521	0.585306911551	0.629289511841	0.610439826003	0.739487675205	0.678588690188	0.744320927985	0.709038182697	0.693571773804	0.715804736588	0.622039632673	0.599806669889	0.632189463509	0.623972933784	0.628322861286	0.716771387144	0.630739487675	0.690188496858	0.588690188497	0.676172063799
AF7	0.557274045433	0.53697438376	0.941034316095	0.654905751571	0.660705654906	0.493475108748	0.691638472692	0.470758820686	0.43740937651	0.583856935718	0.443692605123	0.607056549058	0.537457709038	0.864668922185	0.637022716288	0.543740937651	0.434992750121	0.459642339294	0.891735137748	0.717254712421	0.550507491542	0.408893185114	0.418559690672	0.409859835669	0.86563557274	0.555824069599	0.0	0.327211213146	0.476075398743	0.534557757371	0.488158530691	0.477525374577	0.432576123731	0.488158530691	0.705171580474	0.632672788787	0.458675688739	0.537457709038	0.503624939584	0.614306428226	0.547124214596	0.71532141131	0.665538907685	0.534074432093	0.547607539874	0.509908168197	0.677138714355	0.618173030449	0.698405026583	0.666988883519	0.617206379894	0.649589173514	0.553407443209	0.533107781537	0.563073948768	0.558724021266	0.541324311261	0.655389076849	0.54857419043	0.658772353794	0.49540840986	0.619623006283
AF8	0.554374093765	0.555824069599	0.941517641373	0.663605606573	0.680038666022	0.522474625423	0.694055099082	0.503141614306	0.468342194297	0.587723537941	0.511358144031	0.629772837119	0.563557274045	0.863218946351	0.641372643789	0.538424359594	0.462058965684	0.477042049299	0.873368777187	0.704688255196	0.530691155147	0.384726921218	0.451909134848	0.458192363461	0.860802319961	0.551474142098	0.327211213146	0.0	0.466892218463	0.51619139681	0.505558240696	0.47220879652	0.455292411793	0.51377477042	0.730304494925	0.657805703238	0.501691638473	0.559690671822	0.534074432093	0.625906234896	0.579023682939	0.705654905752	0.656355727405	0.557274045433	0.57177380377	0.540840985984	0.704688255196	0.642339294345	0.718221362977	0.698405026583	0.637022716288	0.66892218463	0.575157080715	0.554857419043	0.581923634606	0.582890285162	0.553407443209	0.683905268246	0.556790720155	0.685355244079	0.510391493475	0.644755920735
AG7	0.577090381827	0.608989850169	0.840985983567	0.578057032383	0.680038666022	0.538424359594	0.694055099082	0.532624456259	0.499758337361	0.596906718221	0.540357660706	0.632189463509	0.613823102948	0.763653939101	0.673755437409	0.584823586274	0.543257612373	0.533591106815	0.724021266312	0.532624456259	0.47462542291	0.425809569841	0.502658289029	0.492025132914	0.754470758821	0.505558240696	0.476075398743	0.466892218463	0.0	0.315611406477	0.53939101015	0.498791686805	0.50459159014	0.565490575157	0.753987433543	0.679072015466	0.532624456259	0.566457225713	0.554857419043	0.651039149348	0.616239729338	0.676655389077	0.658772353794	0.56259062349	0.607539874335	0.581440309328	0.748187530208	0.681488641856	0.747220879652	0.721121314645	0.683421942968	0.715804736588	0.620106331561	0.601739971	0.632672788787	0.627839536008	0.629772837119	0.727887868536	0.634122764621	0.710488158531	0.577090381827	0.68293861769
AG8	0.574190430159	0.609956500725	0.842435959401	0.598356694055	0.680038666022	0.570323827936	0.687288545191	0.564523924601	0.550507491542	0.60657322378	0.594006766554	0.632672788787	0.61333977767	0.755920734654	0.675688738521	0.590623489609	0.587723537941	0.58095698405	0.697438376027	0.524407926535	0.507491541808	0.475592073465	0.552440792653	0.543740937651	0.752537457709	0.494441759304	0.534557757371	0.51619139681	0.315611406477	0.0	0.57177380377	0.549540840986	0.565490575157	0.587240212663	0.764137264379	0.692605123248	0.579990333494	0.567423876269	0.591106814886	0.653939101015	0.620106331561	0.681005316578	0.666988883519	0.569840502658	0.628322861286	0.601739971	0.7593040116	0.684388593523	0.761720637989	0.723537941034	0.695505074915	0.727887868536	0.634606089899	0.616723054616	0.6389560174	0.636056065732	0.640889318511	0.73610439826	0.649589173514	0.712421459642	0.607056549058	0.687771870469
AH7	0.585306911551	0.619139681005	0.952634122765	0.704688255196	0.708071532141	0.573707104882	0.714838086032	0.567423876269	0.538907684872	0.639922667956	0.53020782987	0.667955534074	0.629289511841	0.884485258579	0.699855002417	0.600773320445	0.500724987917	0.501691638473	0.882068632189	0.735137747704	0.574673755437	0.528274528758	0.503141614306	0.501208313195	0.838086031899	0.563073948768	0.488158530691	0.505558240696	0.53939101015	0.57177380377	0.0	0.341710971484	0.565973900435	0.613823102948	0.78008699855	0.717738037699	0.548090865152	0.642822619623	0.601256645723	0.677622039633	0.642822619623	0.776220396327	0.743354277429	0.639922667956	0.6389560174	0.612373127115	0.757370710488	0.708554857419	0.764620589657	0.73852102465	0.700821652972	0.735621072982	0.621072982117	0.607539874335	0.633639439343	0.637022716288	0.632672788787	0.735621072982	0.631706138231	0.719671338811	0.596906718221	0.712421459642
AH8	0.551957467376	0.574673755437	0.954567423876	0.660222329628	0.660222329628	0.511841469309	0.6805219913	0.520057999033	0.492025132914	0.593523441276	0.507491541808	0.618656355727	0.566940550991	0.876752054132	0.643305944901	0.553407443209	0.427259545674	0.392460125665	0.892701788304	0.74528757854	0.547607539874	0.480908651522	0.478975350411	0.481875302078	0.836636056066	0.539874335428	0.477525374577	0.47220879652	0.498791686805	0.549540840986	0.341710971484	0.0	0.500724987917	0.550024166264	0.743837602707	0.676655389077	0.519091348478	0.586273562107	0.542290961817	0.625906234896	0.587723537941	0.735137747704	0.694055099082	0.58337361044	0.588690188497	0.556307394877	0.707588206863	0.651522474625	0.719671338811	0.687288545191	0.646689221846	0.678105364911	0.572740454326	0.551474142098	0.583856935718	0.579507008217	0.577090381827	0.681488641856	0.575640405993	0.673755437409	0.528757854036	0.660222329628
AA5	0.579990333494	0.499275012083	0.961333977767	0.661672305462	0.600773320445	0.443692605123	0.633639439343	0.422909618173	0.404543257612	0.527307878202	0.444659255679	0.541807636539	0.524407926535	0.881585306912	0.564040599323	0.541807636539	0.446592556791	0.43740937651	0.920251329145	0.760753987434	0.563557274045	0.482358627356	0.487191880135	0.49299178347	0.893668438859	0.589173513775	0.432576123731	0.455292411793	0.50459159014	0.565490575157	0.565973900435	0.500724987917	0.0	0.338811019816	0.691155147414	0.59255679072	0.467858869019	0.458675688739	0.475108748188	0.561140647656	0.485741904302	0.639439342678	0.598356694055	0.455292411793	0.533591106815	0.47220879652	0.695505074915	0.629772837119	0.680038666022	0.652005799903	0.637989366844	0.673755437409	0.539874335428	0.533591106815	0.570807153214	0.545674238763	0.535524407927	0.670855485742	0.544224262929	0.643305944901	0.499758337361	0.637989366844
AA6	0.591590140164	0.514741420976	0.96520057999	0.669888835186	0.619623006283	0.471242145964	0.648622522958	0.447559207347	0.450942484292	0.543257612373	0.490091831803	0.567907201547	0.523924601257	0.884485258579	0.590623489609	0.549540840986	0.502174963751	0.485258579024	0.938617689705	0.77767037216	0.600289995167	0.527307878202	0.535041082649	0.53697438376	0.912518124698	0.594490091832	0.488158530691	0.51377477042	0.565490575157	0.587240212663	0.613823102948	0.550024166264	0.338811019816	0.0	0.678588690188	0.579990333494	0.501208313195	0.488641855969	0.489608506525	0.582406959884	0.508458192363	0.673755437409	0.63653939101	0.486708554857	0.465442242629	0.419526341228	0.687288545191	0.621556307395	0.673272112131	0.644755920735	0.62493958434	0.658772353794	0.532624456259	0.524407926535	0.56259062349	0.53939101015	0.536007733204	0.663605606573	0.551474142098	0.637506041566	0.506524891252	0.628806186564
AB5	0.748670855486	0.675205413243	0.974867085549	0.726437892702	0.609473175447	0.663605606573	0.743837602707	0.672305461576	0.661188980184	0.698888351861	0.672305461576	0.607056549058	0.662638956017	0.901401643306	0.722571290478	0.710488158531	0.718704688255	0.692605123248	0.934267762204	0.808119864669	0.810053165781	0.741904301595	0.742870952151	0.74528757854	0.92363460609	0.750120831319	0.705171580474	0.730304494925	0.753987433543	0.764137264379	0.78008699855	0.743837602707	0.691155147414	0.678588690188	0.0	0.336394393427	0.627839536008	0.664572257129	0.630739487675	0.631222812953	0.62735621073	0.747220879652	0.724021266312	0.646689221846	0.633639439343	0.623489608507	0.619623006283	0.623972933784	0.637506041566	0.615273078782	0.634606089899	0.623006283229	0.60415659739	0.610439826003	0.618173030449	0.623006283229	0.673272112131	0.611406476559	0.662638956017	0.620106331561	0.681005316578	0.626389560174
AB6	0.682455292412	0.59497341711	0.968100531658	0.686321894635	0.575157080715	0.580473658772	0.671822136298	0.580473658772	0.585790236829	0.617689705172	0.608989850169	0.526824552924	0.608989850169	0.892218463026	0.65055582407	0.643789270179	0.661188980184	0.632189463509	0.929917834703	0.77090381827	0.740937651039	0.670372160464	0.673272112131	0.676172063799	0.918318028033	0.686321894635	0.632672788787	0.657805703238	0.679072015466	0.692605123248	0.717738037699	0.676655389077	0.59255679072	0.579990333494	0.336394393427	0.0	0.576607056549	0.579507008217	0.577090381827	0.554374093765	0.547607539874	0.68293861769	0.633639439343	0.538907684872	0.554374093765	0.545674238763	0.599323344611	0.557274045433	0.600773320445	0.570807153214	0.564523924601	0.590140164331	0.523924601257	0.559690671822	0.570323827936	0.563557274045	0.602706621556	0.576607056549	0.601256645723	0.559690671822	0.621072982117	0.556790720155
AC5	0.597390043499	0.554857419043	0.974383760271	0.656839052682	0.616239729338	0.461092315128	0.675205413243	0.472692121798	0.420009666506	0.566457225713	0.404543257612	0.559207346544	0.535524407927	0.892218463026	0.636056065732	0.576123731271	0.470758820686	0.477042049299	0.945867568874	0.773803769937	0.622039632673	0.543740937651	0.487675205413	0.481875302078	0.918318028033	0.603189946834	0.458675688739	0.501691638473	0.532624456259	0.579990333494	0.548090865152	0.519091348478	0.467858869019	0.501208313195	0.627839536008	0.576607056549	0.0	0.443209279845	0.440792653456	0.588206863219	0.531174480425	0.72692121798	0.670855485742	0.517641372644	0.493475108748	0.465925567907	0.618656355727	0.573707104882	0.643305944901	0.594006766554	0.575640405993	0.605606573224	0.510874818753	0.471242145964	0.509424842919	0.50459159014	0.561623972934	0.605123247946	0.564040599323	0.582890285162	0.505558240696	0.573707104882
AC6	0.611406476559	0.512324794587	0.953117448043	0.644755920735	0.581923634606	0.505558240696	0.530691155147	0.482358627356	0.514258095698	0.443692605123	0.544707588207	0.530691155147	0.536007733204	0.871435476075	0.548090865152	0.575640405993	0.568390526825	0.551957467376	0.911551474142	0.74770420493	0.633639439343	0.569840502658	0.579023682939	0.574190430159	0.88883518608	0.582406959884	0.537457709038	0.559690671822	0.566457225713	0.567423876269	0.642822619623	0.586273562107	0.458675688739	0.488641855969	0.664572257129	0.579507008217	0.443209279845	0.0	0.520541324311	0.528274528758	0.489608506525	0.501208313195	0.447559207347	0.399226679555	0.553890768487	0.536491058482	0.675688738521	0.623006283229	0.673755437409	0.639439342678	0.631706138231	0.655872402127	0.56935717738	0.544707588207	0.578057032383	0.5601739971	0.553407443209	0.65732237796	0.573707104882	0.623006283229	0.541324311261	0.627839536008
AD6	0.604639922668	0.537941034316	0.972450459159	0.636056065732	0.582890285162	0.435959400677	0.636056065732	0.45142580957	0.435476075399	0.540357660706	0.447559207347	0.530691155147	0.525857902368	0.885935234413	0.61333977767	0.569840502658	0.508941517641	0.48380860319	0.950217496375	0.776703721605	0.621556307395	0.547124214596	0.538424359594	0.538424359594	0.917834702755	0.600773320445	0.503624939584	0.534074432093	0.554857419043	0.591106814886	0.601256645723	0.542290961817	0.475108748188	0.489608506525	0.630739487675	0.577090381827	0.440792653456	0.520541324311	0.0	0.562107298212	0.446592556791	0.717738037699	0.673272112131	0.51619139681	0.488641855969	0.455775737071	0.603189946834	0.545190913485	0.614306428226	0.578057032383	0.561623972934	0.587240212663	0.48380860319	0.463508941518	0.48622522958	0.477525374577	0.553890768487	0.586756887385	0.546157564041	0.580473658772	0.473658772354	0.550507491542
AE5	0.639922667956	0.537941034316	0.972450459159	0.643789270179	0.545190913485	0.56259062349	0.596906718221	0.564040599323	0.597873368777	0.540840985984	0.619623006283	0.496858385694	0.567907201547	0.886418559691	0.570807153214	0.582890285162	0.61333977767	0.609473175447	0.925084581924	0.766553890768	0.724021266312	0.657805703238	0.643305944901	0.64572257129	0.880618656356	0.645239246013	0.614306428226	0.625906234896	0.651039149348	0.653939101015	0.677622039633	0.625906234896	0.561140647656	0.582406959884	0.631222812953	0.554374093765	0.588206863219	0.528274528758	0.562107298212	0.0	0.356694055099	0.625422909618	0.588690188497	0.512324794587	0.632189463509	0.623489608507	0.642822619623	0.596423392943	0.630739487675	0.609956500725	0.623489608507	0.641855969067	0.547124214596	0.576123731271	0.602223296278	0.54857419043	0.558724021266	0.630256162397	0.56935717738	0.597873368777	0.57177380377	0.602706621556
AE6	0.594006766554	0.482841952634	0.971000483325	0.633156114065	0.552440792653	0.50459159014	0.569840502658	0.490575157081	0.525857902368	0.501208313195	0.55099081682	0.505074915418	0.509424842919	0.884968583857	0.547607539874	0.535524407927	0.5601739971	0.545674238763	0.930401159981	0.751087481875	0.677622039633	0.603673272112	0.59255679072	0.599806669889	0.893668438859	0.618656355727	0.547124214596	0.579023682939	0.616239729338	0.620106331561	0.642822619623	0.587723537941	0.485741904302	0.508458192363	0.62735621073	0.547607539874	0.531174480425	0.489608506525	0.446592556791	0.356694055099	0.0	0.641372643789	0.601256645723	0.470275495408	0.561140647656	0.543257612373	0.628322861286	0.575157080715	0.617206379894	0.597390043499	0.59255679072	0.618173030449	0.501208313195	0.50700821653	0.529724504592	0.489608506525	0.511358144031	0.618173030449	0.52779120348	0.588206863219	0.518124697922	0.584340260996
AF5	0.721121314645	0.649105848236	0.93523441276	0.688255195747	0.663605606573	0.695021749638	0.562107298212	0.662155630739	0.700338327695	0.585306911551	0.735137747704	0.637022716288	0.683905268246	0.848235862736	0.612856452392	0.686805219913	0.732721121315	0.73852102465	0.866602223296	0.725954567424	0.726437892702	0.686805219913	0.739487675205	0.735621072982	0.876268728855	0.704688255196	0.71532141131	0.705654905752	0.676655389077	0.681005316578	0.776220396327	0.735137747704	0.639439342678	0.673755437409	0.747220879652	0.68293861769	0.72692121798	0.501208313195	0.717738037699	0.625422909618	0.641372643789	0.0	0.282261962301	0.553890768487	0.738037699372	0.728854519091	0.764137264379	0.727887868536	0.755437409377	0.72692121798	0.747220879652	0.755920734654	0.71532141131	0.728854519091	0.742387626873	0.716288061866	0.691638472692	0.755920734654	0.695021749638	0.714838086032	0.725954567424	0.73610439826
AF6	0.695021749638	0.602706621556	0.942484291928	0.663122281295	0.642822619623	0.652972450459	0.539874335428	0.622039632673	0.658772353794	0.543740937651	0.690671822136	0.600773320445	0.635089415176	0.855485741904	0.569840502658	0.652972450459	0.691638472692	0.691155147414	0.883518608023	0.735137747704	0.710488158531	0.656839052682	0.688738521025	0.688255195747	0.8796520058	0.675688738521	0.665538907685	0.656355727405	0.658772353794	0.666988883519	0.743354277429	0.694055099082	0.598356694055	0.63653939101	0.724021266312	0.633639439343	0.670855485742	0.447559207347	0.673272112131	0.588690188497	0.601256645723	0.282261962301	0.0	0.506524891252	0.69453842436	0.6805219913	0.742870952151	0.697438376027	0.72692121798	0.697921701305	0.695988400193	0.725954567424	0.674238762687	0.683905268246	0.697921701305	0.672788786854	0.640889318511	0.718221362977	0.64572257129	0.679555340744	0.681971967134	0.693088448526
