	AA3	AA4	AB3	AB4	AC3	AC4	AD3	AD4	AE3	AE4	AF3	AF4	AG3	AG4	AH3	AH4	AA7	AA8	AB7	AB8	AC7	AC8	AD7	AD8	AE7	AE8	AF7	AF8	AG7	AG8	AH7	AH8	AA5	AA6	AB5	AB6	AC5	AC6	AD6	AE5	AE6	AF5	AF6	AG5	AH5	AH6	AA1	AA2	AB1	AB2	AC1	AC2	AD1	AD2	AE1	AE2	AF1	AF2	AG1	AG2	AH1	AH2
AA3	0.0	0.481875302078	0.926051232479	0.6389560174	0.669405509908	0.581923634606	0.672788786854	0.564523924601	0.559207346544	0.633156114065	0.610923151281	0.616723054616	0.567907201547	0.854519091348	0.66892218463	0.335427742871	0.572740454326	0.568390526825	0.866602223296	0.716288061866	0.608506524891	0.574673755437	0.592073465442	0.586273562107	0.831802803287	0.588690188497	0.574673755437	0.57177380377	0.60415659739	0.601256645723	0.590623489609	0.566940550991	0.587723537941	0.588206863219	0.74528757854	0.688738521025	0.603673272112	0.620106331561	0.598356694055	0.637022716288	0.612373127115	0.71532141131	0.703238279362	0.630256162397	0.63653939101	0.616723054616	0.691155147414	0.656839052682	0.722087965201	0.662155630739	0.661188980184	0.678105364911	0.580473658772	0.562107298212	0.569840502658	0.571290478492	0.574190430159	0.67133881102	0.587723537941	0.672788786854	0.578057032383	0.647172547124
AA4	0.481875302078	0.0	0.942967617206	0.570807153214	0.565007249879	0.500241662639	0.590140164331	0.483325277912	0.507974867086	0.52537457709	0.565973900435	0.515224746254	0.46302561624	0.86563557274	0.377477042049	0.355727404543	0.528274528758	0.519091348478	0.893185113581	0.730787820203	0.65732237796	0.572740454326	0.577090381827	0.591106814886	0.872402126631	0.619623006283	0.549057515708	0.544224262929	0.612373127115	0.599806669889	0.621556307395	0.564523924601	0.508458192363	0.514741420976	0.672788786854	0.604639922668	0.561140647656	0.505558240696	0.521507974867	0.531657805703	0.484775253746	0.62493958434	0.605606573224	0.514258095698	0.588206863219	0.5601739971	0.634606089899	0.572740454326	0.623489608507	0.594006766554	0.590623489609	0.613823102948	0.519091348478	0.506524891252	0.512808119865	0.520057999033	0.488641855969	0.61333977767	0.497341710971	0.590140164331	0.504108264862	0.567907201547
AB3	0.926051232479	0.942967617206	0.0	0.67133881102	0.915418076365	0.950700821653	0.949734171097	0.938134364427	0.929434509425	0.94683421943	0.966167230546	0.926534557757	0.9584340261	0.352344127598	0.959884001933	0.93281778637	0.963750604157	0.960367327211	0.758337361044	0.75688738521	0.880618656356	0.903818269696	0.956500724988	0.945867568874	0.848235862736	0.880135331078	0.941034316095	0.927501208313	0.837602706622	0.84485258579	0.947800869986	0.948767520541	0.952634122765	0.953117448043	0.96761720638	0.960850652489	0.966650555824	0.947800869986	0.966167230546	0.967133881102	0.96520057999	0.926534557757	0.923151280812	0.943934267762	0.971483808603	0.964717254712	0.964233929435	0.963750604157	0.961817303045	0.964233929435	0.96761720638	0.964233929435	0.967133881102	0.966167230546	0.969550507492	0.964717254712	0.965683905268	0.964717254712	0.964717254712	0.967133881102	0.966167230546	0.965683905268
AB4	0.6389560174	0.570807153214	0.67133881102	0.0	0.627839536008	0.608989850169	0.694055099082	0.603673272112	0.610923151281	0.638472692122	0.637506041566	0.605123247946	0.478975350411	0.569840502658	0.608023199613	0.576607056549	0.636056065732	0.623972933784	0.732237796037	0.582406959884	0.656355727405	0.619139681005	0.65973900435	0.652972450459	0.801353310778	0.644755920735	0.644755920735	0.635089415176	0.564040599323	0.57177380377	0.690188496858	0.64813919768	0.630256162397	0.645239246013	0.728371193813	0.667955534074	0.642822619623	0.627839536008	0.625906234896	0.635089415176	0.621556307395	0.65732237796	0.658289028516	0.625906234896	0.681005316578	0.665055582407	0.69453842436	0.649589173514	0.697438376027	0.654422426293	0.655872402127	0.664572257129	0.625906234896	0.632672788787	0.643789270179	0.632672788787	0.631706138231	0.669405509908	0.62735621073	0.651522474625	0.640405993233	0.667472208797
AC3	0.669405509908	0.565007249879	0.915418076365	0.627839536008	0.0	0.491541807637	0.631222812953	0.569840502658	0.574673755437	0.589656839053	0.621556307395	0.31029482842	0.601256645723	0.843402609957	0.594490091832	0.593040115998	0.608506524891	0.595940067666	0.870952150797	0.740937651039	0.736587723538	0.678105364911	0.728371193813	0.724987916868	0.834219429676	0.68970517158	0.660705654906	0.675205413243	0.690188496858	0.687288545191	0.707588206863	0.662155630739	0.608023199613	0.631706138231	0.617206379894	0.579990333494	0.625906234896	0.574673755437	0.594006766554	0.564523924601	0.548090865152	0.642822619623	0.639439342678	0.551474142098	0.653455775737	0.637022716288	0.59255679072	0.584340260996	0.585306911551	0.569840502658	0.596423392943	0.589173513775	0.551957467376	0.581923634606	0.584340260996	0.573707104882	0.612373127115	0.576123731271	0.614306428226	0.583856935718	0.623972933784	0.584823586274
AC4	0.581923634606	0.500241662639	0.950700821653	0.608989850169	0.491541807637	0.0	0.637022716288	0.418076365394	0.408893185114	0.529724504592	0.333494441759	0.411793136781	0.488158530691	0.879168680522	0.577573707105	0.520541324311	0.47220879652	0.449492508458	0.926534557757	0.763170613823	0.593040115998	0.533107781537	0.530691155147	0.537457709038	0.894635089415	0.591590140164	0.498308361527	0.517641372644	0.553407443209	0.559690671822	0.577573707105	0.514258095698	0.456742387627	0.48380860319	0.641372643789	0.580473658772	0.470275495408	0.503624939584	0.416143064282	0.55775737071	0.478008699855	0.685838569357	0.667955534074	0.519091348478	0.516674722088	0.4813919768	0.626872885452	0.569840502658	0.601739971	0.56935717738	0.579023682939	0.596906718221	0.492025132914	0.499758337361	0.512808119865	0.505558240696	0.529241179314	0.595940067666	0.542290961817	0.574673755437	0.471242145964	0.563073948768
AD3	0.672788786854	0.590140164331	0.949734171097	0.694055099082	0.631222812953	0.637022716288	0.0	0.524407926535	0.642822619623	0.375543740938	0.681488641856	0.608023199613	0.646689221846	0.874335427743	0.584823586274	0.639439342678	0.681005316578	0.684388593523	0.93281778637	0.777187046883	0.719671338811	0.691638472692	0.709521507975	0.696955050749	0.917351377477	0.688738521025	0.702271628806	0.695988400193	0.690671822136	0.685355244079	0.719188013533	0.687771870469	0.636056065732	0.649589173514	0.746737554374	0.676655389077	0.682455292412	0.537941034316	0.62735621073	0.595940067666	0.579023682939	0.546640889319	0.53697438376	0.55099081682	0.706621556307	0.688255195747	0.764137264379	0.714838086032	0.745770903818	0.718704688255	0.722087965201	0.733204446593	0.672305461576	0.662155630739	0.673272112131	0.667472208797	0.630739487675	0.727887868536	0.641855969067	0.719188013533	0.686321894635	0.708071532141
AD4	0.564523924601	0.483325277912	0.938134364427	0.603673272112	0.569840502658	0.418076365394	0.524407926535	0.0	0.314161430643	0.40502658289	0.435959400677	0.506041565974	0.497341710971	0.864185596907	0.553890768487	0.509424842919	0.456259062349	0.43740937651	0.936201063316	0.771387143548	0.566940550991	0.509908168197	0.499275012083	0.492025132914	0.905268245529	0.602223296278	0.448525857902	0.461092315128	0.524407926535	0.548090865152	0.544707588207	0.487675205413	0.400676655389	0.458675688739	0.661672305462	0.581440309328	0.454809086515	0.471725471242	0.421459642339	0.554857419043	0.471242145964	0.652005799903	0.629289511841	0.492025132914	0.527307878202	0.496858385694	0.66892218463	0.612856452392	0.644755920735	0.629289511841	0.619623006283	0.637506041566	0.529241179314	0.521024649589	0.530691155147	0.53020782987	0.53020782987	0.641372643789	0.537941034316	0.628322861286	0.500241662639	0.606089898502
AE3	0.559207346544	0.507974867086	0.929434509425	0.610923151281	0.574673755437	0.408893185114	0.642822619623	0.314161430643	0.0	0.520057999033	0.396810053166	0.508941517641	0.50459159014	0.863218946351	0.579990333494	0.50700821653	0.434026099565	0.41662638956	0.928467858869	0.761237312711	0.554374093765	0.494441759304	0.475108748188	0.484291928468	0.892218463026	0.590140164331	0.429676172064	0.447075882069	0.516674722088	0.544224262929	0.533591106815	0.470758820686	0.400193330111	0.470275495408	0.669888835186	0.602223296278	0.437892701788	0.509908168197	0.424359594007	0.603189946834	0.520541324311	0.693088448526	0.669888835186	0.52779120348	0.51377477042	0.47220879652	0.662155630739	0.602706621556	0.646205896568	0.619623006283	0.608989850169	0.636056065732	0.522474625423	0.51619139681	0.536491058482	0.529241179314	0.546640889319	0.63653939101	0.56259062349	0.614789753504	0.486708554857	0.595456742388
AE4	0.633156114065	0.52537457709	0.94683421943	0.638472692122	0.589656839053	0.529724504592	0.375543740938	0.40502658289	0.520057999033	0.0	0.576607056549	0.54857419043	0.576123731271	0.869018849686	0.559690671822	0.565007249879	0.572740454326	0.575157080715	0.944900918318	0.779603673272	0.651522474625	0.587240212663	0.594490091832	0.595940067666	0.913484775254	0.626389560174	0.587723537941	0.580473658772	0.594490091832	0.594006766554	0.636056065732	0.584340260996	0.531657805703	0.545674238763	0.695988400193	0.626389560174	0.570323827936	0.455292411793	0.532624456259	0.539874335428	0.514741420976	0.590140164331	0.563073948768	0.501691638473	0.605606573224	0.586756887385	0.723537941034	0.660222329628	0.700821652972	0.685838569357	0.681488641856	0.689221846303	0.608989850169	0.603673272112	0.607539874335	0.607056549058	0.571290478492	0.691155147414	0.584823586274	0.677622039633	0.577573707105	0.658772353794
AF3	0.610923151281	0.565973900435	0.966167230546	0.637506041566	0.621556307395	0.333494441759	0.681488641856	0.435959400677	0.396810053166	0.576607056549	0.0	0.529241179314	0.524407926535	0.892701788304	0.619139681005	0.565490575157	0.4398260029	0.43740937651	0.957950700822	0.796520057999	0.593040115998	0.549540840986	0.460125664572	0.469308844853	0.923151280812	0.618656355727	0.445142580957	0.494441759304	0.552440792653	0.582406959884	0.53020782987	0.498308361527	0.439342677622	0.505558240696	0.666022232963	0.620106331561	0.434992750121	0.53939101015	0.432576123731	0.616723054616	0.540357660706	0.720154664089	0.706621556307	0.556790720155	0.519091348478	0.485258579024	0.664088931851	0.607056549058	0.657805703238	0.609956500725	0.614789753504	0.632672788787	0.545190913485	0.515708071532	0.536491058482	0.524891251812	0.574190430159	0.638472692122	0.585306911551	0.606089898502	0.498308361527	0.59497341711
AF4	0.616723054616	0.515224746254	0.926534557757	0.605123247946	0.31029482842	0.411793136781	0.608023199613	0.506041565974	0.508941517641	0.54857419043	0.529241179314	0.0	0.546157564041	0.853069115515	0.559207346544	0.535041082649	0.561623972934	0.543740937651	0.886418559691	0.72692121798	0.702754954084	0.633156114065	0.664088931851	0.665538907685	0.852585790237	0.642339294345	0.602223296278	0.623489608507	0.641372643789	0.642339294345	0.658289028516	0.611889801837	0.55099081682	0.578540357661	0.599806669889	0.528757854036	0.553407443209	0.537457709038	0.534557757371	0.513291445143	0.502174963751	0.630739487675	0.626389560174	0.515224746254	0.573223779604	0.5601739971	0.584340260996	0.529241179314	0.563557274045	0.528274528758	0.538907684872	0.554857419043	0.484291928468	0.504108264862	0.528757854036	0.513291445143	0.558724021266	0.543740937651	0.562107298212	0.541807636539	0.557274045433	0.531657805703
AG3	0.567907201547	0.46302561624	0.9584340261	0.478975350411	0.601256645723	0.488158530691	0.646689221846	0.497341710971	0.50459159014	0.576123731271	0.524407926535	0.546157564041	0.0	0.851619139681	0.535524407927	0.498308361527	0.496375060416	0.47220879652	0.926534557757	0.764620589657	0.65732237796	0.577090381827	0.574190430159	0.593523441276	0.885935234413	0.635089415176	0.524891251812	0.551957467376	0.608989850169	0.611406476559	0.620589656839	0.560657322378	0.515224746254	0.522957950701	0.653939101015	0.612856452392	0.525857902368	0.537457709038	0.502658289029	0.559690671822	0.512324794587	0.679555340744	0.660222329628	0.532624456259	0.566457225713	0.540357660706	0.614306428226	0.57177380377	0.616239729338	0.587723537941	0.581440309328	0.586756887385	0.502658289029	0.500724987917	0.519091348478	0.517158047366	0.535041082649	0.597390043499	0.544707588207	0.59497341711	0.492508458192	0.569840502658
AG4	0.854519091348	0.86563557274	0.352344127598	0.569840502658	0.843402609957	0.879168680522	0.874335427743	0.864185596907	0.863218946351	0.869018849686	0.892701788304	0.853069115515	0.851619139681	0.0	0.883035282745	0.850169163847	0.896568390527	0.892218463026	0.71532141131	0.690671822136	0.818753020783	0.836152730788	0.894151764137	0.879168680522	0.827936201063	0.820686321895	0.875785403577	0.864185596907	0.762203963267	0.757370710488	0.88883518608	0.8796520058	0.883035282745	0.885451909135	0.908651522475	0.894635089415	0.895118414693	0.869018849686	0.891735137748	0.889801836636	0.89125181247	0.851135814403	0.84726921218	0.875785403577	0.903334944418	0.897051715805	0.891735137748	0.893185113581	0.890768487192	0.884968583857	0.894635089415	0.887385210246	0.895118414693	0.892218463026	0.90043499275	0.894151764137	0.890768487192	0.890285161914	0.889801836636	0.887868535524	0.895118414693	0.895601739971
AH3	0.66892218463	0.377477042049	0.959884001933	0.608023199613	0.594490091832	0.577573707105	0.584823586274	0.553890768487	0.579990333494	0.559690671822	0.619139681005	0.559207346544	0.535524407927	0.883035282745	0.0	0.524891251812	0.599323344611	0.593523441276	0.930401159981	0.774287095215	0.721604639923	0.640889318511	0.644272595457	0.666988883519	0.903818269696	0.709521507975	0.631706138231	0.640405993233	0.689221846303	0.677138714355	0.70372160464	0.646205896568	0.556307394877	0.581923634606	0.711454809087	0.647172547124	0.625906234896	0.535041082649	0.591106814886	0.550507491542	0.552924117931	0.594006766554	0.576607056549	0.550507491542	0.658289028516	0.632672788787	0.698888351861	0.62735621073	0.655389076849	0.641372643789	0.642822619623	0.666988883519	0.59497341711	0.600773320445	0.599323344611	0.60415659739	0.570807153214	0.667955534074	0.561623972934	0.620106331561	0.598840019333	0.629289511841
AH4	0.335427742871	0.355727404543	0.93281778637	0.576607056549	0.593040115998	0.520541324311	0.639439342678	0.509424842919	0.50700821653	0.565007249879	0.565490575157	0.535041082649	0.498308361527	0.850169163847	0.524891251812	0.0	0.523441275979	0.523441275979	0.87046882552	0.718221362977	0.625422909618	0.55099081682	0.569840502658	0.579990333494	0.845819236346	0.596423392943	0.546640889319	0.543257612373	0.58337361044	0.58095698405	0.590140164331	0.540840985984	0.533591106815	0.53697438376	0.689221846303	0.631222812953	0.564523924601	0.562107298212	0.536007733204	0.574190430159	0.531174480425	0.674238762687	0.656355727405	0.556307394877	0.598356694055	0.566457225713	0.651522474625	0.596423392943	0.663122281295	0.609473175447	0.611406476559	0.628806186564	0.524891251812	0.510391493475	0.52537457709	0.517158047366	0.502174963751	0.62735621073	0.5186080232	0.611406476559	0.521024649589	0.591106814886
AA7	0.572740454326	0.528274528758	0.963750604157	0.636056065732	0.608506524891	0.47220879652	0.681005316578	0.456259062349	0.434026099565	0.572740454326	0.4398260029	0.561623972934	0.496375060416	0.896568390527	0.599323344611	0.523441275979	0.0	0.299178347028	0.9212179797	0.764620589657	0.589656839053	0.518124697922	0.473658772354	0.485741904302	0.874335427743	0.60657322378	0.424842919285	0.456742387627	0.549057515708	0.571290478492	0.505558240696	0.41662638956	0.41904301595	0.487675205413	0.691155147414	0.643305944901	0.468825519575	0.541324311261	0.477042049299	0.602223296278	0.537941034316	0.717254712421	0.700338327695	0.572257129048	0.550024166264	0.508458192363	0.664088931851	0.609956500725	0.664572257129	0.629289511841	0.607539874335	0.629772837119	0.520541324311	0.522474625423	0.533107781537	0.534074432093	0.538424359594	0.626389560174	0.564040599323	0.639439342678	0.488641855969	0.605123247946
AA8	0.568390526825	0.519091348478	0.960367327211	0.623972933784	0.595940067666	0.449492508458	0.684388593523	0.43740937651	0.41662638956	0.575157080715	0.43740937651	0.543740937651	0.47220879652	0.892218463026	0.593523441276	0.523441275979	0.299178347028	0.0	0.915901401643	0.754470758821	0.58095698405	0.502658289029	0.481875302078	0.488158530691	0.866118898018	0.586756887385	0.423392943451	0.449492508458	0.533591106815	0.5601739971	0.485741904302	0.376027066216	0.407926534558	0.475592073465	0.681971967134	0.630256162397	0.44900918318	0.545190913485	0.449975833736	0.599806669889	0.52779120348	0.720154664089	0.704204929918	0.558724021266	0.530691155147	0.492508458192	0.629772837119	0.581440309328	0.64572257129	0.601256645723	0.581923634606	0.600289995167	0.492025132914	0.495891735138	0.504108264862	0.501691638473	0.526824552924	0.591106814886	0.543740937651	0.614789753504	0.471725471242	0.576123731271
AB7	0.866602223296	0.893185113581	0.758337361044	0.732237796037	0.870952150797	0.926534557757	0.93281778637	0.936201063316	0.928467858869	0.944900918318	0.957950700822	0.886418559691	0.926534557757	0.71532141131	0.930401159981	0.87046882552	0.9212179797	0.915901401643	0.0	0.400193330111	0.815369743838	0.840019333011	0.938617689705	0.930401159981	0.732237796037	0.807153214113	0.90285161914	0.874335427743	0.723054615756	0.703238279362	0.881101981634	0.898501691638	0.924601256646	0.930884485259	0.941034316095	0.924117931368	0.945867568874	0.917834702755	0.947317544708	0.933301111648	0.933784436926	0.876268728855	0.873852102465	0.905268245529	0.960367327211	0.956500724988	0.927017883035	0.92363460609	0.932334461092	0.927984533591	0.927984533591	0.919284678589	0.916384726921	0.9212179797	0.917834702755	0.91203479942	0.921701304978	0.91203479942	0.924117931368	0.927501208313	0.945384243596	0.929917834703
AB8	0.716288061866	0.730787820203	0.75688738521	0.582406959884	0.740937651039	0.763170613823	0.777187046883	0.771387143548	0.761237312711	0.779603673272	0.796520057999	0.72692121798	0.764620589657	0.690671822136	0.774287095215	0.718221362977	0.764620589657	0.754470758821	0.400193330111	0.0	0.664572257129	0.674722087965	0.766070565491	0.7593040116	0.725471242146	0.647172547124	0.737554374094	0.70372160464	0.535041082649	0.530691155147	0.739004349928	0.73852102465	0.765103914935	0.764620589657	0.817786370227	0.770420492992	0.783470275495	0.753020782987	0.781536974384	0.767037216046	0.765587240213	0.729821169647	0.720154664089	0.742387626873	0.797970033833	0.795070082165	0.808119864669	0.766553890768	0.804736587724	0.766070565491	0.776220396327	0.779603673272	0.760753987434	0.759787336878	0.765103914935	0.757370710488	0.759787336878	0.773803769937	0.760270662156	0.76848719188	0.776220396327	0.76848719188
AC7	0.608506524891	0.65732237796	0.880618656356	0.656355727405	0.736587723538	0.593040115998	0.719671338811	0.566940550991	0.554374093765	0.651522474625	0.593040115998	0.702754954084	0.65732237796	0.818753020783	0.721604639923	0.625422909618	0.589656839053	0.58095698405	0.815369743838	0.664572257129	0.0	0.362977283712	0.572740454326	0.565973900435	0.821169647173	0.570323827936	0.55099081682	0.521024649589	0.473175447076	0.487675205413	0.563557274045	0.540357660706	0.561623972934	0.589656839053	0.804253262446	0.753020782987	0.622039632673	0.631222812953	0.600289995167	0.721121314645	0.672305461576	0.713388110198	0.698405026583	0.656839052682	0.649105848236	0.610923151281	0.819236346061	0.764620589657	0.806186563557	0.779120347994	0.755920734654	0.782020299662	0.689221846303	0.668438859352	0.685355244079	0.676655389077	0.669888835186	0.784920251329	0.678105364911	0.776220396327	0.62735621073	0.750604156597
AC8	0.574673755437	0.572740454326	0.903818269696	0.619139681005	0.678105364911	0.533107781537	0.691638472692	0.509908168197	0.494441759304	0.587240212663	0.549540840986	0.633156114065	0.577090381827	0.836152730788	0.640889318511	0.55099081682	0.518124697922	0.502658289029	0.840019333011	0.674722087965	0.362977283712	0.0	0.503141614306	0.514741420976	0.836636056066	0.551957467376	0.417593040116	0.39584340261	0.464475592073	0.464958917351	0.541324311261	0.488641855969	0.488641855969	0.506524891252	0.727887868536	0.675205413243	0.5601739971	0.566457225713	0.535524407927	0.643305944901	0.588690188497	0.676655389077	0.657805703238	0.585306911551	0.58095698405	0.539874335428	0.736587723538	0.672788786854	0.733204446593	0.707588206863	0.678105364911	0.694055099082	0.604639922668	0.578540357661	0.600289995167	0.594006766554	0.584823586274	0.697438376027	0.59255679072	0.702271628806	0.541324311261	0.663122281295
AD7	0.592073465442	0.577090381827	0.956500724988	0.65973900435	0.728371193813	0.530691155147	0.709521507975	0.499275012083	0.475108748188	0.594490091832	0.460125664572	0.664088931851	0.574190430159	0.894151764137	0.644272595457	0.569840502658	0.473658772354	0.481875302078	0.938617689705	0.766070565491	0.572740454326	0.503141614306	0.0	0.308844852586	0.903334944418	0.530691155147	0.416143064282	0.453842435959	0.521507974867	0.550507491542	0.503624939584	0.470758820686	0.482358627356	0.532624456259	0.737071048816	0.678105364911	0.511358144031	0.589173513775	0.529724504592	0.651039149348	0.605606573224	0.728371193813	0.706138231029	0.616723054616	0.578057032383	0.547124214596	0.747220879652	0.683421942968	0.742387626873	0.713871435476	0.683905268246	0.703238279362	0.609473175447	0.590623489609	0.605606573224	0.607056549058	0.584823586274	0.708071532141	0.59497341711	0.704688255196	0.559207346544	0.673755437409
AD8	0.586273562107	0.591106814886	0.945867568874	0.652972450459	0.724987916868	0.537457709038	0.696955050749	0.492025132914	0.484291928468	0.595940067666	0.469308844853	0.665538907685	0.593523441276	0.879168680522	0.666988883519	0.579990333494	0.485741904302	0.488158530691	0.930401159981	0.7593040116	0.565973900435	0.514741420976	0.308844852586	0.0	0.864668922185	0.501691638473	0.431609473175	0.463992266796	0.502658289029	0.533107781537	0.503624939584	0.469308844853	0.496858385694	0.546157564041	0.749637506042	0.684871918801	0.51619139681	0.585306911551	0.531657805703	0.653939101015	0.608989850169	0.720154664089	0.698405026583	0.610439826003	0.586273562107	0.561623972934	0.753987433543	0.689221846303	0.753020782987	0.716288061866	0.690188496858	0.710004833253	0.619623006283	0.601256645723	0.616723054616	0.61575640406	0.602706621556	0.71532141131	0.610439826003	0.709038182697	0.57177380377	0.683421942968
AE7	0.831802803287	0.872402126631	0.848235862736	0.801353310778	0.834219429676	0.894635089415	0.917351377477	0.905268245529	0.892218463026	0.913484775254	0.923151280812	0.852585790237	0.885935234413	0.827936201063	0.903818269696	0.845819236346	0.874335427743	0.866118898018	0.732237796037	0.725471242146	0.821169647173	0.836636056066	0.903334944418	0.864668922185	0.0	0.545190913485	0.880618656356	0.861768970517	0.758337361044	0.762687288545	0.837119381344	0.850169163847	0.90043499275	0.902368293862	0.929917834703	0.91203479942	0.921701304978	0.900918318028	0.916384726921	0.882068632189	0.906234896085	0.872402126631	0.876268728855	0.872885451909	0.938617689705	0.926051232479	0.890768487192	0.90043499275	0.90961817303	0.893185113581	0.902368293862	0.896085065249	0.890285161914	0.903818269696	0.90043499275	0.888351860802	0.906718221363	0.891735137748	0.906234896085	0.899951667472	0.907684871919	0.90285161914
AE8	0.588690188497	0.619623006283	0.880135331078	0.644755920735	0.68970517158	0.591590140164	0.688738521025	0.602223296278	0.590140164331	0.626389560174	0.618656355727	0.642339294345	0.635089415176	0.820686321895	0.709521507975	0.596423392943	0.60657322378	0.586756887385	0.807153214113	0.647172547124	0.570323827936	0.551957467376	0.530691155147	0.501691638473	0.545190913485	0.0	0.581923634606	0.566940550991	0.505558240696	0.516674722088	0.570807153214	0.566457225713	0.599323344611	0.608023199613	0.767520541324	0.708554857419	0.626389560174	0.609473175447	0.625906234896	0.668438859352	0.646689221846	0.704204929918	0.685838569357	0.622522957951	0.646689221846	0.631706138231	0.762203963267	0.713871435476	0.767037216046	0.71532141131	0.718704688255	0.732237796037	0.658289028516	0.641855969067	0.657805703238	0.642339294345	0.64813919768	0.729821169647	0.660705654906	0.725954567424	0.605606573224	0.695021749638
AF7	0.574673755437	0.549057515708	0.941034316095	0.644755920735	0.660705654906	0.498308361527	0.702271628806	0.448525857902	0.429676172064	0.587723537941	0.445142580957	0.602223296278	0.524891251812	0.875785403577	0.631706138231	0.546640889319	0.424842919285	0.423392943451	0.90285161914	0.737554374094	0.55099081682	0.417593040116	0.416143064282	0.431609473175	0.880618656356	0.581923634606	0.0	0.324311261479	0.499758337361	0.520057999033	0.491058482359	0.478975350411	0.419526341228	0.466892218463	0.685355244079	0.62493958434	0.459642339294	0.532141130981	0.478975350411	0.613823102948	0.546640889319	0.708071532141	0.685355244079	0.555824069599	0.531657805703	0.493958434026	0.678105364911	0.623489608507	0.681005316578	0.653455775737	0.623972933784	0.644272595457	0.555340744321	0.529724504592	0.549540840986	0.543740937651	0.555340744321	0.641855969067	0.571290478492	0.64813919768	0.491541807637	0.609956500725
AF8	0.57177380377	0.544224262929	0.927501208313	0.635089415176	0.675205413243	0.517641372644	0.695988400193	0.461092315128	0.447075882069	0.580473658772	0.494441759304	0.623489608507	0.551957467376	0.864185596907	0.640405993233	0.543257612373	0.456742387627	0.449492508458	0.874335427743	0.70372160464	0.521024649589	0.39584340261	0.453842435959	0.463992266796	0.861768970517	0.566940550991	0.324311261479	0.0	0.482358627356	0.492508458192	0.509424842919	0.46979217013	0.441275978734	0.494441759304	0.701788303528	0.646205896568	0.480425326245	0.537457709038	0.499758337361	0.615273078782	0.561623972934	0.688255195747	0.664572257129	0.55775737071	0.558240695988	0.528274528758	0.69453842436	0.639439342678	0.702754954084	0.675205413243	0.646205896568	0.655872402127	0.568873852102	0.549057515708	0.565973900435	0.558240695988	0.553890768487	0.654422426293	0.566457225713	0.669888835186	0.50700821653	0.623006283229
AG7	0.60415659739	0.612373127115	0.837602706622	0.564040599323	0.690188496858	0.553407443209	0.690671822136	0.524407926535	0.516674722088	0.594490091832	0.552440792653	0.641372643789	0.608989850169	0.762203963267	0.689221846303	0.58337361044	0.549057515708	0.533591106815	0.723054615756	0.535041082649	0.473175447076	0.464475592073	0.521507974867	0.502658289029	0.758337361044	0.505558240696	0.499758337361	0.482358627356	0.0	0.294345094248	0.553407443209	0.521991300145	0.521507974867	0.564523924601	0.753987433543	0.688255195747	0.559207346544	0.57177380377	0.554857419043	0.653455775737	0.606089898502	0.672788786854	0.653939101015	0.588206863219	0.617689705172	0.594006766554	0.755437409377	0.68970517158	0.746254229096	0.715804736588	0.68970517158	0.714354760754	0.635089415176	0.617206379894	0.631706138231	0.629289511841	0.62493958434	0.714354760754	0.642822619623	0.704204929918	0.595456742388	0.679072015466
AG8	0.601256645723	0.599806669889	0.84485258579	0.57177380377	0.687288545191	0.559690671822	0.685355244079	0.548090865152	0.544224262929	0.594006766554	0.582406959884	0.642339294345	0.611406476559	0.757370710488	0.677138714355	0.58095698405	0.571290478492	0.5601739971	0.703238279362	0.530691155147	0.487675205413	0.464958917351	0.550507491542	0.533107781537	0.762687288545	0.516674722088	0.520057999033	0.492508458192	0.294345094248	0.0	0.565490575157	0.534557757371	0.554857419043	0.572257129048	0.761237312711	0.688255195747	0.579023682939	0.569840502658	0.566940550991	0.653939101015	0.59497341711	0.667955534074	0.648622522958	0.586756887385	0.625422909618	0.598840019333	0.748187530208	0.6805219913	0.741420976317	0.711938134364	0.688255195747	0.709038182697	0.638472692122	0.614306428226	0.621072982117	0.629289511841	0.623489608507	0.705654905752	0.639922667956	0.695505074915	0.593040115998	0.669888835186
AH7	0.590623489609	0.621556307395	0.947800869986	0.690188496858	0.707588206863	0.577573707105	0.719188013533	0.544707588207	0.533591106815	0.636056065732	0.53020782987	0.658289028516	0.620589656839	0.88883518608	0.70372160464	0.590140164331	0.505558240696	0.485741904302	0.881101981634	0.739004349928	0.563557274045	0.541324311261	0.503624939584	0.503624939584	0.837119381344	0.570807153214	0.491058482359	0.509424842919	0.553407443209	0.565490575157	0.0	0.322377960367	0.559690671822	0.616239729338	0.775737071049	0.730787820203	0.560657322378	0.636056065732	0.593040115998	0.673272112131	0.646205896568	0.762203963267	0.753987433543	0.660222329628	0.641855969067	0.623006283229	0.757854035766	0.714838086032	0.766070565491	0.727404543258	0.710971483809	0.729821169647	0.638472692122	0.625906234896	0.628806186564	0.631706138231	0.626389560174	0.727887868536	0.6389560174	0.722087965201	0.604639922668	0.702754954084
AH8	0.566940550991	0.564523924601	0.948767520541	0.64813919768	0.662155630739	0.514258095698	0.687771870469	0.487675205413	0.470758820686	0.584340260996	0.498308361527	0.611889801837	0.560657322378	0.8796520058	0.646205896568	0.540840985984	0.41662638956	0.376027066216	0.898501691638	0.73852102465	0.540357660706	0.488641855969	0.470758820686	0.469308844853	0.850169163847	0.566457225713	0.478975350411	0.46979217013	0.521991300145	0.534557757371	0.322377960367	0.0	0.491058482359	0.547124214596	0.740937651039	0.687288545191	0.511841469309	0.579023682939	0.523441275979	0.630256162397	0.591106814886	0.715804736588	0.706621556307	0.609956500725	0.591106814886	0.564040599323	0.708554857419	0.649589173514	0.717254712421	0.667955534074	0.653939101015	0.670372160464	0.577573707105	0.565490575157	0.574673755437	0.572740454326	0.563557274045	0.670372160464	0.572740454326	0.671822136298	0.541324311261	0.646205896568
AA5	0.587723537941	0.508458192363	0.952634122765	0.630256162397	0.608023199613	0.456742387627	0.636056065732	0.400676655389	0.400193330111	0.531657805703	0.439342677622	0.55099081682	0.515224746254	0.883035282745	0.556307394877	0.533591106815	0.41904301595	0.407926534558	0.924601256646	0.765103914935	0.561623972934	0.488641855969	0.482358627356	0.496858385694	0.90043499275	0.599323344611	0.419526341228	0.441275978734	0.521507974867	0.554857419043	0.559690671822	0.491058482359	0.0	0.344610923151	0.673272112131	0.587723537941	0.463508941518	0.461575640406	0.443209279845	0.565973900435	0.477525374577	0.639439342678	0.612373127115	0.489125181247	0.53697438376	0.468825519575	0.690188496858	0.631706138231	0.669405509908	0.65055582407	0.646689221846	0.665538907685	0.532624456259	0.541807636539	0.563073948768	0.546157564041	0.535524407927	0.655872402127	0.553407443209	0.639922667956	0.496858385694	0.622039632673
AA6	0.588206863219	0.514741420976	0.953117448043	0.645239246013	0.631706138231	0.48380860319	0.649589173514	0.458675688739	0.470275495408	0.545674238763	0.505558240696	0.578540357661	0.522957950701	0.885451909135	0.581923634606	0.53697438376	0.487675205413	0.475592073465	0.930884485259	0.764620589657	0.589656839053	0.506524891252	0.532624456259	0.546157564041	0.902368293862	0.608023199613	0.466892218463	0.494441759304	0.564523924601	0.572257129048	0.616239729338	0.547124214596	0.344610923151	0.0	0.677622039633	0.58337361044	0.517641372644	0.480908651522	0.471242145964	0.581923634606	0.500241662639	0.655872402127	0.635089415176	0.51377477042	0.478008699855	0.421459642339	0.68970517158	0.633156114065	0.671822136298	0.656355727405	0.643789270179	0.666022232963	0.543740937651	0.543740937651	0.563557274045	0.548090865152	0.543257612373	0.660705654906	0.558724021266	0.6389560174	0.505074915418	0.621556307395
AB5	0.74528757854	0.672788786854	0.96761720638	0.728371193813	0.617206379894	0.641372643789	0.746737554374	0.661672305462	0.669888835186	0.695988400193	0.666022232963	0.599806669889	0.653939101015	0.908651522475	0.711454809087	0.689221846303	0.691155147414	0.681971967134	0.941034316095	0.817786370227	0.804253262446	0.727887868536	0.737071048816	0.749637506042	0.929917834703	0.767520541324	0.685355244079	0.701788303528	0.753987433543	0.761237312711	0.775737071049	0.740937651039	0.673272112131	0.677622039633	0.0	0.299661672305	0.599323344611	0.665538907685	0.629772837119	0.623006283229	0.612373127115	0.741904301595	0.738037699372	0.635572740454	0.620589656839	0.606089898502	0.609473175447	0.607056549058	0.62735621073	0.598840019333	0.61575640406	0.603673272112	0.59255679072	0.590623489609	0.621556307395	0.608023199613	0.659255679072	0.584823586274	0.655872402127	0.599806669889	0.664088931851	0.607056549058
AB6	0.688738521025	0.604639922668	0.960850652489	0.667955534074	0.579990333494	0.580473658772	0.676655389077	0.581440309328	0.602223296278	0.626389560174	0.620106331561	0.528757854036	0.612856452392	0.894635089415	0.647172547124	0.631222812953	0.643305944901	0.630256162397	0.924117931368	0.770420492992	0.753020782987	0.675205413243	0.678105364911	0.684871918801	0.91203479942	0.708554857419	0.62493958434	0.646205896568	0.688255195747	0.688255195747	0.730787820203	0.687288545191	0.587723537941	0.58337361044	0.299661672305	0.0	0.557274045433	0.579990333494	0.573707104882	0.562107298212	0.545674238763	0.666022232963	0.663605606573	0.533107781537	0.57177380377	0.550024166264	0.599323344611	0.55775737071	0.587723537941	0.561140647656	0.574673755437	0.575640405993	0.538424359594	0.552440792653	0.582890285162	0.570323827936	0.604639922668	0.557274045433	0.600289995167	0.567907201547	0.627839536008	0.564040599323
AC5	0.603673272112	0.561140647656	0.966650555824	0.642822619623	0.625906234896	0.470275495408	0.682455292412	0.454809086515	0.437892701788	0.570323827936	0.434992750121	0.553407443209	0.525857902368	0.895118414693	0.625906234896	0.564523924601	0.468825519575	0.44900918318	0.945867568874	0.783470275495	0.622039632673	0.5601739971	0.511358144031	0.51619139681	0.921701304978	0.626389560174	0.459642339294	0.480425326245	0.559207346544	0.579023682939	0.560657322378	0.511841469309	0.463508941518	0.517641372644	0.599323344611	0.557274045433	0.0	0.444175930401	0.434509424843	0.582890285162	0.522474625423	0.710488158531	0.681971967134	0.545674238763	0.471725471242	0.448042532624	0.597873368777	0.550024166264	0.609956500725	0.568390526825	0.558240695988	0.574190430159	0.492508458192	0.472692121798	0.502174963751	0.487675205413	0.557274045433	0.568390526825	0.576123731271	0.560657322378	0.513291445143	0.536491058482
AC6	0.620106331561	0.505558240696	0.947800869986	0.627839536008	0.574673755437	0.503624939584	0.537941034316	0.471725471242	0.509908168197	0.455292411793	0.53939101015	0.537457709038	0.537457709038	0.869018849686	0.535041082649	0.562107298212	0.541324311261	0.545190913485	0.917834702755	0.753020782987	0.631222812953	0.566457225713	0.589173513775	0.585306911551	0.900918318028	0.609473175447	0.532141130981	0.537457709038	0.57177380377	0.569840502658	0.636056065732	0.579023682939	0.461575640406	0.480908651522	0.665538907685	0.579990333494	0.444175930401	0.0	0.502174963751	0.521991300145	0.496375060416	0.498308361527	0.475592073465	0.431126147898	0.565007249879	0.531657805703	0.670855485742	0.625422909618	0.658289028516	0.633156114065	0.631706138231	0.644755920735	0.58095698405	0.56259062349	0.576607056549	0.568390526825	0.548090865152	0.649105848236	0.561623972934	0.620589656839	0.538424359594	0.617689705172
AD6	0.598356694055	0.521507974867	0.966167230546	0.625906234896	0.594006766554	0.416143064282	0.62735621073	0.421459642339	0.424359594007	0.532624456259	0.432576123731	0.534557757371	0.502658289029	0.891735137748	0.591106814886	0.536007733204	0.477042049299	0.449975833736	0.947317544708	0.781536974384	0.600289995167	0.535524407927	0.529724504592	0.531657805703	0.916384726921	0.625906234896	0.478975350411	0.499758337361	0.554857419043	0.566940550991	0.593040115998	0.523441275979	0.443209279845	0.471242145964	0.629772837119	0.573707104882	0.434509424843	0.502174963751	0.0	0.534557757371	0.411793136781	0.695988400193	0.679555340744	0.52779120348	0.495891735138	0.467858869019	0.617206379894	0.566940550991	0.617689705172	0.582890285162	0.576607056549	0.59497341711	0.486708554857	0.470758820686	0.487675205413	0.4813919768	0.532141130981	0.590140164331	0.533107781537	0.576607056549	0.473658772354	0.568390526825
AE5	0.637022716288	0.531657805703	0.967133881102	0.635089415176	0.564523924601	0.55775737071	0.595940067666	0.554857419043	0.603189946834	0.539874335428	0.616723054616	0.513291445143	0.559690671822	0.889801836636	0.550507491542	0.574190430159	0.602223296278	0.599806669889	0.933301111648	0.767037216046	0.721121314645	0.643305944901	0.651039149348	0.653939101015	0.882068632189	0.668438859352	0.613823102948	0.615273078782	0.653455775737	0.653939101015	0.673272112131	0.630256162397	0.565973900435	0.581923634606	0.623006283229	0.562107298212	0.582890285162	0.521991300145	0.534557757371	0.0	0.355244079265	0.615273078782	0.595456742388	0.517641372644	0.629772837119	0.612856452392	0.65973900435	0.615273078782	0.634606089899	0.618656355727	0.629289511841	0.644272595457	0.551474142098	0.56259062349	0.595940067666	0.56259062349	0.550024166264	0.632189463509	0.552924117931	0.611406476559	0.577573707105	0.612856452392
AE6	0.612373127115	0.484775253746	0.96520057999	0.621556307395	0.548090865152	0.478008699855	0.579023682939	0.471242145964	0.520541324311	0.514741420976	0.540357660706	0.502174963751	0.512324794587	0.89125181247	0.552924117931	0.531174480425	0.537941034316	0.52779120348	0.933784436926	0.765587240213	0.672305461576	0.588690188497	0.605606573224	0.608989850169	0.906234896085	0.646689221846	0.546640889319	0.561623972934	0.606089898502	0.59497341711	0.646205896568	0.591106814886	0.477525374577	0.500241662639	0.612373127115	0.545674238763	0.522474625423	0.496375060416	0.411793136781	0.355244079265	0.0	0.643789270179	0.626389560174	0.484291928468	0.557274045433	0.543740937651	0.629772837119	0.578057032383	0.610439826003	0.586273562107	0.594490091832	0.606089898502	0.500724987917	0.490575157081	0.513291445143	0.497341710971	0.507491541808	0.595940067666	0.520541324311	0.571290478492	0.502658289029	0.574190430159
AF5	0.71532141131	0.62493958434	0.926534557757	0.65732237796	0.642822619623	0.685838569357	0.546640889319	0.652005799903	0.693088448526	0.590140164331	0.720154664089	0.630739487675	0.679555340744	0.851135814403	0.594006766554	0.674238762687	0.717254712421	0.720154664089	0.876268728855	0.729821169647	0.713388110198	0.676655389077	0.728371193813	0.720154664089	0.872402126631	0.704204929918	0.708071532141	0.688255195747	0.672788786854	0.667955534074	0.762203963267	0.715804736588	0.639439342678	0.655872402127	0.741904301595	0.666022232963	0.710488158531	0.498308361527	0.695988400193	0.615273078782	0.643789270179	0.0	0.26631222813	0.540840985984	0.732237796037	0.711454809087	0.755920734654	0.711938134364	0.740454325761	0.709038182697	0.727404543258	0.735137747704	0.703238279362	0.716288061866	0.724987916868	0.715804736588	0.669405509908	0.730304494925	0.66892218463	0.702271628806	0.714838086032	0.721121314645
AF6	0.703238279362	0.605606573224	0.923151280812	0.658289028516	0.639439342678	0.667955534074	0.53697438376	0.629289511841	0.669888835186	0.563073948768	0.706621556307	0.626389560174	0.660222329628	0.84726921218	0.576607056549	0.656355727405	0.700338327695	0.704204929918	0.873852102465	0.720154664089	0.698405026583	0.657805703238	0.706138231029	0.698405026583	0.876268728855	0.685838569357	0.685355244079	0.664572257129	0.653939101015	0.648622522958	0.753987433543	0.706621556307	0.612373127115	0.635089415176	0.738037699372	0.663605606573	0.681971967134	0.475592073465	0.679555340744	0.595456742388	0.626389560174	0.26631222813	0.0	0.526824552924	0.714838086032	0.69212179797	0.754954084099	0.711938134364	0.744320927985	0.709038182697	0.714838086032	0.735137747704	0.68293861769	0.702271628806	0.711454809087	0.701788303528	0.649589173514	0.727404543258	0.652489125181	0.707104881585	0.695505074915	0.700338327695
