	AA3	AA4	AB3	AB4	AC3	AC4	AD3	AD4	AE3	AE4	AF3	AF4	AG3	AG4	AH3	AH4	AA7	AA8	AB7	AB8	AC7	AC8	AD7	AD8	AE7	AE8	AF7	AF8	AG7	AG8	AH7	AH8	AA5	AA6	AB5	AB6	AC5	AC6	AD6	AE5	AE6	AF5	AF6	AG5	AH5	AH6	AA1	AA2	AB1	AB2	AC1	AC2	AD1	AD2	AE1	AE2	AF1	AF2	AG1	AG2	AH1	AH2
AA3	0.0	0.491541807637	0.936684388594	0.632672788787	0.665538907685	0.602706621556	0.675205413243	0.608023199613	0.584340260996	0.640405993233	0.639439342678	0.601256645723	0.590623489609	0.840502658289	0.653939101015	0.325277912035	0.59255679072	0.581440309328	0.854519091348	0.709521507975	0.64813919768	0.587240212663	0.616723054616	0.609956500725	0.825036249396	0.589173513775	0.583856935718	0.58337361044	0.59497341711	0.573707104882	0.601739971	0.583856935718	0.607056549058	0.610923151281	0.750120831319	0.696471725471	0.617206379894	0.6389560174	0.608989850169	0.637022716288	0.621072982117	0.722087965201	0.698888351861	0.618656355727	0.647172547124	0.628322861286	0.690671822136	0.657805703238	0.70372160464	0.667472208797	0.637989366844	0.671822136298	0.579507008217	0.576607056549	0.573707104882	0.570807153214	0.583856935718	0.646205896568	0.604639922668	0.670855485742	0.593040115998	0.644272595457
AA4	0.491541807637	0.0	0.95360077332	0.584340260996	0.584340260996	0.490575157081	0.595456742388	0.485741904302	0.495891735138	0.535041082649	0.565490575157	0.506524891252	0.47220879652	0.846785886902	0.378443692605	0.355727404543	0.520057999033	0.516674722088	0.893668438859	0.721121314645	0.649589173514	0.566457225713	0.573707104882	0.575157080715	0.872885451909	0.621556307395	0.552924117931	0.536007733204	0.599323344611	0.588690188497	0.619623006283	0.575157080715	0.501208313195	0.50459159014	0.683421942968	0.610439826003	0.572740454326	0.517641372644	0.532141130981	0.536491058482	0.500724987917	0.628806186564	0.602223296278	0.512808119865	0.594490091832	0.562107298212	0.662638956017	0.600289995167	0.629289511841	0.606089898502	0.598840019333	0.63653939101	0.510874818753	0.510874818753	0.534074432093	0.522474625423	0.493958434026	0.619139681005	0.51377477042	0.602706621556	0.516674722088	0.578057032383
AB3	0.936684388594	0.95360077332	0.0	0.667472208797	0.917351377477	0.958917351377	0.961333977767	0.951667472209	0.936201063316	0.953117448043	0.977767037216	0.94683421943	0.973417109715	0.34944417593	0.965683905268	0.947800869986	0.977283711938	0.974867085549	0.739487675205	0.760753987434	0.897051715805	0.913484775254	0.966167230546	0.960367327211	0.855485741904	0.895118414693	0.941517641373	0.933301111648	0.853552440793	0.854035766071	0.957467375544	0.960367327211	0.96520057999	0.967133881102	0.97921701305	0.971967133881	0.981633639439	0.959400676655	0.978733687772	0.978250362494	0.977767037216	0.931367810536	0.939101014983	0.955534074432	0.981150314161	0.977283711938	0.978250362494	0.977767037216	0.975833736104	0.977283711938	0.97921701305	0.977767037216	0.980666988884	0.980666988884	0.983083615273	0.980666988884	0.977283711938	0.978733687772	0.977767037216	0.979700338328	0.97921701305	0.977283711938
AB4	0.632672788787	0.584340260996	0.667472208797	0.0	0.643305944901	0.617206379894	0.683421942968	0.616723054616	0.622522957951	0.642822619623	0.660222329628	0.617689705172	0.495891735138	0.545190913485	0.611889801837	0.595940067666	0.644272595457	0.651039149348	0.726437892702	0.55775737071	0.662638956017	0.626389560174	0.665055582407	0.659255679072	0.797970033833	0.640889318511	0.652489125181	0.643305944901	0.557274045433	0.567423876269	0.69212179797	0.664572257129	0.639922667956	0.658772353794	0.734654422426	0.678588690188	0.660705654906	0.639922667956	0.63653939101	0.65055582407	0.6389560174	0.655389076849	0.663605606573	0.625906234896	0.693088448526	0.676172063799	0.706621556307	0.681488641856	0.696955050749	0.673272112131	0.685355244079	0.690671822136	0.635089415176	0.643305944901	0.658772353794	0.639439342678	0.64813919768	0.678588690188	0.6389560174	0.675688738521	0.655872402127	0.663605606573
AC3	0.665538907685	0.584340260996	0.917351377477	0.643305944901	0.0	0.515708071532	0.636056065732	0.552924117931	0.583856935718	0.60657322378	0.629772837119	0.337361043983	0.608506524891	0.822136297728	0.609956500725	0.609473175447	0.626389560174	0.62493958434	0.857902368294	0.74528757854	0.738037699372	0.677138714355	0.73368777187	0.726437892702	0.82165297245	0.695988400193	0.665538907685	0.685355244079	0.69453842436	0.688255195747	0.709521507975	0.6805219913	0.612373127115	0.640889318511	0.637506041566	0.590140164331	0.639439342678	0.581923634606	0.595940067666	0.563073948768	0.573223779604	0.652005799903	0.653455775737	0.559207346544	0.663122281295	0.644755920735	0.601256645723	0.601256645723	0.591590140164	0.579023682939	0.608989850169	0.588690188497	0.558240695988	0.586273562107	0.590623489609	0.582406959884	0.617206379894	0.585306911551	0.631706138231	0.587240212663	0.621556307395	0.59255679072
AC4	0.602706621556	0.490575157081	0.958917351377	0.617206379894	0.515708071532	0.0	0.621556307395	0.385210246496	0.396810053166	0.537941034316	0.336877718705	0.400676655389	0.513291445143	0.857902368294	0.5601739971	0.52779120348	0.462058965684	0.462542290962	0.920734654422	0.744804253262	0.589656839053	0.509424842919	0.511841469309	0.50700821653	0.889801836636	0.580473658772	0.4813919768	0.500724987917	0.52779120348	0.556790720155	0.553407443209	0.517158047366	0.43064282262	0.47462542291	0.655389076849	0.580473658772	0.454325761237	0.50459159014	0.422909618173	0.55099081682	0.473658772354	0.690671822136	0.658772353794	0.495891735138	0.518124697922	0.473175447076	0.652005799903	0.596906718221	0.608989850169	0.589173513775	0.58337361044	0.627839536008	0.501208313195	0.515224746254	0.520057999033	0.511841469309	0.530691155147	0.608023199613	0.554857419043	0.588690188497	0.4813919768	0.568873852102
AD3	0.675205413243	0.595456742388	0.961333977767	0.683421942968	0.636056065732	0.621556307395	0.0	0.522474625423	0.633156114065	0.371677138714	0.683905268246	0.58337361044	0.635572740454	0.860802319961	0.572740454326	0.636056065732	0.682455292412	0.686805219913	0.937167713871	0.768003866602	0.721604639923	0.690671822136	0.693088448526	0.691155147414	0.913968100532	0.69212179797	0.698405026583	0.690188496858	0.691155147414	0.689221846303	0.719671338811	0.694055099082	0.624456259062	0.64813919768	0.745770903818	0.676655389077	0.680038666022	0.540840985984	0.637022716288	0.579507008217	0.570807153214	0.565490575157	0.548090865152	0.545190913485	0.697921701305	0.680038666022	0.766553890768	0.711938134364	0.72450459159	0.71532141131	0.703238279362	0.740937651039	0.651522474625	0.665538907685	0.671822136298	0.662638956017	0.625906234896	0.720154664089	0.642822619623	0.715804736588	0.686805219913	0.695505074915
AD4	0.608023199613	0.485741904302	0.951667472209	0.616723054616	0.552924117931	0.385210246496	0.522474625423	0.0	0.300628322861	0.424842919285	0.415659739004	0.46060898985	0.508941517641	0.850652489125	0.53697438376	0.528757854036	0.464958917351	0.463508941518	0.937651039149	0.760270662156	0.579990333494	0.50700821653	0.495891735138	0.484291928468	0.900918318028	0.59255679072	0.452392460126	0.47220879652	0.518124697922	0.553890768487	0.550024166264	0.508941517641	0.382793620106	0.461575640406	0.652489125181	0.58095698405	0.441275978734	0.458192363461	0.427742870952	0.549540840986	0.461575640406	0.640405993233	0.609956500725	0.447559207347	0.508458192363	0.466892218463	0.662638956017	0.599806669889	0.616723054616	0.613823102948	0.595940067666	0.6389560174	0.499758337361	0.514741420976	0.52537457709	0.523441275979	0.531174480425	0.620106331561	0.564040599323	0.612856452392	0.503624939584	0.581923634606
AE3	0.584340260996	0.495891735138	0.936201063316	0.622522957951	0.583856935718	0.396810053166	0.633156114065	0.300628322861	0.0	0.521507974867	0.401159980667	0.493958434026	0.510874818753	0.845819236346	0.56259062349	0.51377477042	0.446109231513	0.449975833736	0.920251329145	0.741420976317	0.55775737071	0.492025132914	0.467858869019	0.471242145964	0.890768487192	0.585790236829	0.435476075399	0.454325761237	0.508458192363	0.543257612373	0.532624456259	0.485258579024	0.391493475109	0.462058965684	0.668438859352	0.605606573224	0.441759304012	0.502174963751	0.442725954567	0.595456742388	0.509424842919	0.685355244079	0.656355727405	0.490091831803	0.511841469309	0.46302561624	0.666988883519	0.615273078782	0.630256162397	0.622039632673	0.604639922668	0.651039149348	0.512324794587	0.534557757371	0.544224262929	0.537457709038	0.543257612373	0.634606089899	0.567907201547	0.617206379894	0.494441759304	0.593523441276
AE4	0.640405993233	0.535041082649	0.953117448043	0.642822619623	0.60657322378	0.537941034316	0.371677138714	0.424842919285	0.521507974867	0.0	0.601739971	0.543257612373	0.588690188497	0.855002416626	0.551957467376	0.58095698405	0.60415659739	0.60657322378	0.934751087482	0.756404059932	0.668438859352	0.594490091832	0.609473175447	0.603673272112	0.913001449976	0.632189463509	0.601256645723	0.593040115998	0.600289995167	0.605123247946	0.652972450459	0.624456259062	0.551474142098	0.567423876269	0.710488158531	0.639922667956	0.591106814886	0.476558724021	0.554374093765	0.550507491542	0.506524891252	0.594006766554	0.570323827936	0.517158047366	0.616723054616	0.595940067666	0.732237796037	0.676655389077	0.69212179797	0.691155147414	0.667955534074	0.70372160464	0.61333977767	0.606089898502	0.610923151281	0.620106331561	0.587723537941	0.682455292412	0.614789753504	0.691638472692	0.608023199613	0.656839052682
AF3	0.639439342678	0.565490575157	0.977767037216	0.660222329628	0.629772837119	0.336877718705	0.683905268246	0.415659739004	0.401159980667	0.601739971	0.0	0.51377477042	0.540840985984	0.880618656356	0.61575640406	0.583856935718	0.452392460126	0.443692605123	0.958917351377	0.787820202997	0.596423392943	0.542290961817	0.437892701788	0.445625906235	0.921701304978	0.615273078782	0.438376027066	0.505074915418	0.559207346544	0.586273562107	0.526824552924	0.500724987917	0.435959400677	0.506041565974	0.684871918801	0.634122764621	0.440309328178	0.551474142098	0.450459159014	0.626872885452	0.546157564041	0.731754470759	0.696955050749	0.535524407927	0.516674722088	0.479942000967	0.677622039633	0.616723054616	0.658772353794	0.620106331561	0.606089898502	0.65055582407	0.53939101015	0.530691155147	0.540357660706	0.541324311261	0.582890285162	0.634606089899	0.597873368777	0.616239729338	0.505074915418	0.594490091832
AF4	0.601256645723	0.506524891252	0.94683421943	0.617689705172	0.337361043983	0.400676655389	0.58337361044	0.46060898985	0.493958434026	0.543257612373	0.51377477042	0.0	0.529241179314	0.846785886902	0.542774287095	0.538907684872	0.556790720155	0.558724021266	0.884001933301	0.725471242146	0.690188496858	0.614306428226	0.641372643789	0.633639439343	0.852102464959	0.623489608507	0.584823586274	0.607056549058	0.631222812953	0.630739487675	0.642822619623	0.616723054616	0.525857902368	0.552440792653	0.620106331561	0.536007733204	0.53697438376	0.519574673755	0.509424842919	0.494441759304	0.499275012083	0.62493958434	0.605606573224	0.484291928468	0.56259062349	0.543740937651	0.599323344611	0.547607539874	0.568390526825	0.538907684872	0.546157564041	0.572740454326	0.47462542291	0.510874818753	0.524407926535	0.513291445143	0.541807636539	0.554374093765	0.55775737071	0.536491058482	0.541324311261	0.519091348478
AG3	0.590623489609	0.47220879652	0.973417109715	0.495891735138	0.608506524891	0.513291445143	0.635572740454	0.508941517641	0.510874818753	0.588690188497	0.540840985984	0.529241179314	0.0	0.843885935234	0.523924601257	0.520541324311	0.510391493475	0.508458192363	0.929917834703	0.754470758821	0.674238762687	0.601739971	0.594006766554	0.594006766554	0.890768487192	0.646205896568	0.559207346544	0.565973900435	0.621072982117	0.608989850169	0.642822619623	0.584823586274	0.518124697922	0.529241179314	0.66892218463	0.616239729338	0.55099081682	0.546157564041	0.523924601257	0.57177380377	0.519091348478	0.676655389077	0.64813919768	0.522474625423	0.570807153214	0.547607539874	0.618173030449	0.597390043499	0.611889801837	0.594490091832	0.582406959884	0.614306428226	0.498791686805	0.509908168197	0.542774287095	0.522957950701	0.545674238763	0.602706621556	0.554857419043	0.594490091832	0.504108264862	0.568390526825
AG4	0.840502658289	0.846785886902	0.34944417593	0.545190913485	0.822136297728	0.857902368294	0.860802319961	0.850652489125	0.845819236346	0.855002416626	0.880618656356	0.846785886902	0.843885935234	0.0	0.862252295795	0.841952634123	0.885451909135	0.882551957467	0.705171580474	0.674238762687	0.813919768004	0.823102948284	0.872402126631	0.868535524408	0.822619623006	0.805703238279	0.851135814403	0.845335911068	0.763653939101	0.755920734654	0.876752054132	0.867085548574	0.870952150797	0.873852102465	0.89125181247	0.881101981634	0.880618656356	0.854035766071	0.878202029966	0.876268728855	0.874818753021	0.83325277912	0.837119381344	0.862252295795	0.89125181247	0.884968583857	0.880135331078	0.882068632189	0.879168680522	0.876752054132	0.885451909135	0.877718704688	0.884001933301	0.880618656356	0.88883518608	0.882551957467	0.880618656356	0.878685355244	0.879168680522	0.879168680522	0.884968583857	0.878685355244
AH3	0.653939101015	0.378443692605	0.965683905268	0.611889801837	0.609956500725	0.5601739971	0.572740454326	0.53697438376	0.56259062349	0.551957467376	0.61575640406	0.542774287095	0.523924601257	0.862252295795	0.0	0.519574673755	0.595940067666	0.602706621556	0.924601256646	0.754954084099	0.707588206863	0.639922667956	0.635572740454	0.635572740454	0.90043499275	0.694055099082	0.634606089899	0.62493958434	0.665055582407	0.652972450459	0.68970517158	0.644272595457	0.552924117931	0.58337361044	0.714838086032	0.651522474625	0.632189463509	0.537941034316	0.599806669889	0.566940550991	0.548090865152	0.601739971	0.566940550991	0.547607539874	0.644272595457	0.623006283229	0.711938134364	0.63653939101	0.652972450459	0.65055582407	0.647655872402	0.679555340744	0.584823586274	0.590140164331	0.608989850169	0.59255679072	0.564523924601	0.666022232963	0.561623972934	0.644272595457	0.59255679072	0.621556307395
AH4	0.325277912035	0.355727404543	0.947800869986	0.595940067666	0.609473175447	0.52779120348	0.636056065732	0.528757854036	0.51377477042	0.58095698405	0.583856935718	0.538907684872	0.520541324311	0.841952634123	0.519574673755	0.0	0.538424359594	0.53939101015	0.869502174964	0.716771387144	0.629289511841	0.555340744321	0.573223779604	0.568873852102	0.846302561624	0.599323344611	0.547124214596	0.542774287095	0.579507008217	0.570323827936	0.590140164331	0.549540840986	0.53697438376	0.549057515708	0.707104881585	0.647172547124	0.579507008217	0.572740454326	0.553890768487	0.579023682939	0.547607539874	0.675205413243	0.651039149348	0.554857419043	0.607539874335	0.575640405993	0.662155630739	0.615273078782	0.659255679072	0.626872885452	0.606089898502	0.643789270179	0.520057999033	0.524891251812	0.539874335428	0.526824552924	0.506041565974	0.622522957951	0.526824552924	0.623972933784	0.529724504592	0.599806669889
AA7	0.59255679072	0.520057999033	0.977283711938	0.644272595457	0.626389560174	0.462058965684	0.682455292412	0.464958917351	0.446109231513	0.60415659739	0.452392460126	0.556790720155	0.510391493475	0.885451909135	0.595940067666	0.538424359594	0.0	0.289028516191	0.924601256646	0.773803769937	0.601739971	0.523924601257	0.479942000967	0.484775253746	0.8796520058	0.60415659739	0.454809086515	0.469308844853	0.560657322378	0.580473658772	0.523924601257	0.431126147898	0.453842435959	0.503624939584	0.713388110198	0.660222329628	0.484291928468	0.5601739971	0.481875302078	0.614306428226	0.544707588207	0.728371193813	0.694055099082	0.571290478492	0.549540840986	0.503141614306	0.669405509908	0.617206379894	0.659255679072	0.634606089899	0.591590140164	0.637506041566	0.512324794587	0.523441275979	0.532624456259	0.53020782987	0.53697438376	0.620589656839	0.558240695988	0.637506041566	0.488641855969	0.599323344611
AA8	0.581440309328	0.516674722088	0.974867085549	0.651039149348	0.62493958434	0.462542290962	0.686805219913	0.463508941518	0.449975833736	0.60657322378	0.443692605123	0.558724021266	0.508458192363	0.882551957467	0.602706621556	0.53939101015	0.289028516191	0.0	0.910584823586	0.763653939101	0.587723537941	0.507491541808	0.46979217013	0.471242145964	0.872402126631	0.59497341711	0.435476075399	0.456742387627	0.549057515708	0.568873852102	0.479458675689	0.394393426776	0.444659255679	0.490091831803	0.709038182697	0.661188980184	0.477525374577	0.5601739971	0.487191880135	0.614789753504	0.53697438376	0.733204446593	0.699855002417	0.567907201547	0.538424359594	0.49299178347	0.65732237796	0.601739971	0.662155630739	0.632672788787	0.581440309328	0.623006283229	0.493958434026	0.510874818753	0.51619139681	0.51377477042	0.541807636539	0.600289995167	0.561140647656	0.631222812953	0.483325277912	0.588206863219
AB7	0.854519091348	0.893668438859	0.739487675205	0.726437892702	0.857902368294	0.920734654422	0.937167713871	0.937651039149	0.920251329145	0.934751087482	0.958917351377	0.884001933301	0.929917834703	0.705171580474	0.924601256646	0.869502174964	0.924601256646	0.910584823586	0.0	0.417109714838	0.819719671339	0.836152730788	0.938617689705	0.931367810536	0.737554374094	0.813436442726	0.895118414693	0.87046882552	0.744804253262	0.721604639923	0.881101981634	0.894635089415	0.922667955534	0.928467858869	0.942967617206	0.927501208313	0.941034316095	0.923151280812	0.943934267762	0.930401159981	0.937167713871	0.867085548574	0.8796520058	0.90961817303	0.954567423876	0.948767520541	0.916384726921	0.918318028033	0.927501208313	0.928951184147	0.924117931368	0.910584823586	0.910584823586	0.913001449976	0.91445142581	0.904784920251	0.916384726921	0.908651522475	0.922184630256	0.925567907202	0.942967617206	0.924601256646
AB8	0.709521507975	0.721121314645	0.760753987434	0.55775737071	0.74528757854	0.744804253262	0.768003866602	0.760270662156	0.741420976317	0.756404059932	0.787820202997	0.725471242146	0.754470758821	0.674238762687	0.754954084099	0.716771387144	0.773803769937	0.763653939101	0.417109714838	0.0	0.660705654906	0.670855485742	0.755437409377	0.742870952151	0.747220879652	0.656839052682	0.721121314645	0.690671822136	0.543257612373	0.539874335428	0.739004349928	0.744320927985	0.751087481875	0.754470758821	0.806186563557	0.762687288545	0.761237312711	0.744804253262	0.761720637989	0.760753987434	0.7593040116	0.714838086032	0.714354760754	0.729821169647	0.785403576607	0.775253745771	0.821169647173	0.765587240213	0.786853552441	0.770420492992	0.777187046883	0.788303528275	0.763170613823	0.758337361044	0.763653939101	0.757370710488	0.755437409377	0.769937167714	0.758337361044	0.758337361044	0.779603673272	0.762687288545
AC7	0.64813919768	0.649589173514	0.897051715805	0.662638956017	0.738037699372	0.589656839053	0.721604639923	0.579990333494	0.55775737071	0.668438859352	0.596423392943	0.690188496858	0.674238762687	0.813919768004	0.707588206863	0.629289511841	0.601739971	0.587723537941	0.819719671339	0.660705654906	0.0	0.374093765104	0.570807153214	0.561140647656	0.825519574674	0.591106814886	0.541807636539	0.50700821653	0.479458675689	0.50459159014	0.569840502658	0.550024166264	0.558724021266	0.603673272112	0.816336394393	0.758820686322	0.636056065732	0.652005799903	0.613823102948	0.729337844369	0.672305461576	0.731754470759	0.704204929918	0.63653939101	0.647655872402	0.608506524891	0.826002899952	0.767520541324	0.794586756887	0.78250362494	0.747220879652	0.797486708555	0.673755437409	0.677138714355	0.685838569357	0.687771870469	0.669405509908	0.782020299662	0.683421942968	0.779603673272	0.628322861286	0.749637506042
AC8	0.587240212663	0.566457225713	0.913484775254	0.626389560174	0.677138714355	0.509424842919	0.690671822136	0.50700821653	0.492025132914	0.594490091832	0.542290961817	0.614306428226	0.601739971	0.823102948284	0.639922667956	0.555340744321	0.523924601257	0.507491541808	0.836152730788	0.670855485742	0.374093765104	0.0	0.499758337361	0.490091831803	0.828902851619	0.541324311261	0.407926534558	0.373127114548	0.444175930401	0.480425326245	0.524891251812	0.494925084582	0.490575157081	0.527307878202	0.73852102465	0.677622039633	0.554857419043	0.574190430159	0.533107781537	0.638472692122	0.580473658772	0.6805219913	0.644272595457	0.566457225713	0.579507008217	0.531657805703	0.738037699372	0.677138714355	0.714354760754	0.704204929918	0.664088931851	0.702754954084	0.578540357661	0.595940067666	0.607539874335	0.597873368777	0.578540357661	0.690671822136	0.592073465442	0.698888351861	0.538424359594	0.660222329628
AD7	0.616723054616	0.573707104882	0.966167230546	0.665055582407	0.73368777187	0.511841469309	0.693088448526	0.495891735138	0.467858869019	0.609473175447	0.437892701788	0.641372643789	0.594006766554	0.872402126631	0.635572740454	0.573223779604	0.479942000967	0.46979217013	0.938617689705	0.755437409377	0.570807153214	0.499758337361	0.0	0.290478492025	0.897051715805	0.51619139681	0.417593040116	0.462542290962	0.512808119865	0.555824069599	0.50700821653	0.466408893185	0.478008699855	0.53939101015	0.754470758821	0.699371677139	0.52779120348	0.593523441276	0.53939101015	0.661188980184	0.597873368777	0.727887868536	0.700338327695	0.598356694055	0.575157080715	0.537941034316	0.757370710488	0.690188496858	0.73368777187	0.717738037699	0.674238762687	0.713871435476	0.605606573224	0.610923151281	0.610439826003	0.618173030449	0.581923634606	0.704688255196	0.600289995167	0.707104881585	0.559207346544	0.675205413243
AD8	0.609956500725	0.575157080715	0.960367327211	0.659255679072	0.726437892702	0.50700821653	0.691155147414	0.484291928468	0.471242145964	0.603673272112	0.445625906235	0.633639439343	0.594006766554	0.868535524408	0.635572740454	0.568873852102	0.484775253746	0.471242145964	0.931367810536	0.742870952151	0.561140647656	0.490091831803	0.290478492025	0.0	0.866118898018	0.486708554857	0.406476558724	0.454325761237	0.499758337361	0.535041082649	0.505074915418	0.468825519575	0.482358627356	0.535041082649	0.755920734654	0.696955050749	0.520057999033	0.582406959884	0.539874335428	0.656355727405	0.594490091832	0.722571290478	0.688738521025	0.579507008217	0.567907201547	0.53697438376	0.75688738521	0.685838569357	0.734654422426	0.708554857419	0.67133881102	0.71532141131	0.601256645723	0.606089898502	0.605123247946	0.616239729338	0.58337361044	0.699371677139	0.605123247946	0.70372160464	0.556307394877	0.670372160464
AE7	0.825036249396	0.872885451909	0.855485741904	0.797970033833	0.82165297245	0.889801836636	0.913968100532	0.900918318028	0.890768487192	0.913001449976	0.921701304978	0.852102464959	0.890768487192	0.822619623006	0.90043499275	0.846302561624	0.8796520058	0.872402126631	0.737554374094	0.747220879652	0.825519574674	0.828902851619	0.897051715805	0.866118898018	0.0	0.542290961817	0.868535524408	0.855969067182	0.765103914935	0.763170613823	0.836636056066	0.851619139681	0.894635089415	0.907201546641	0.933301111648	0.916384726921	0.917834702755	0.906718221363	0.914934751087	0.881585306912	0.908168197197	0.869018849686	0.876268728855	0.882551957467	0.93281778637	0.922667955534	0.88883518608	0.898985016916	0.914934751087	0.898501691638	0.900918318028	0.893185113581	0.88883518608	0.895118414693	0.90285161914	0.884485258579	0.900918318028	0.886418559691	0.905268245529	0.898985016916	0.912518124698	0.905268245529
AE8	0.589173513775	0.621556307395	0.895118414693	0.640889318511	0.695988400193	0.580473658772	0.69212179797	0.59255679072	0.585790236829	0.632189463509	0.615273078782	0.623489608507	0.646205896568	0.805703238279	0.694055099082	0.599323344611	0.60415659739	0.59497341711	0.813436442726	0.656839052682	0.591106814886	0.541324311261	0.51619139681	0.486708554857	0.542290961817	0.0	0.559690671822	0.552924117931	0.511841469309	0.500724987917	0.570323827936	0.565973900435	0.600289995167	0.603189946834	0.768970517158	0.724021266312	0.622039632673	0.616239729338	0.608506524891	0.653939101015	0.637022716288	0.694055099082	0.672788786854	0.611406476559	0.637022716288	0.625422909618	0.753987433543	0.699371677139	0.754470758821	0.714838086032	0.695988400193	0.732721121315	0.650072498792	0.64813919768	0.651522474625	0.64813919768	0.641372643789	0.708554857419	0.660222329628	0.714354760754	0.614306428226	0.690671822136
AF7	0.583856935718	0.552924117931	0.941517641373	0.652489125181	0.665538907685	0.4813919768	0.698405026583	0.452392460126	0.435476075399	0.601256645723	0.438376027066	0.584823586274	0.559207346544	0.851135814403	0.634606089899	0.547124214596	0.454809086515	0.435476075399	0.895118414693	0.721121314645	0.541807636539	0.407926534558	0.417593040116	0.406476558724	0.868535524408	0.559690671822	0.0	0.332044465926	0.489125181247	0.524891251812	0.484775253746	0.46979217013	0.438376027066	0.492025132914	0.706138231029	0.646205896568	0.479458675689	0.545674238763	0.492025132914	0.61333977767	0.539874335428	0.711938134364	0.677622039633	0.541807636539	0.543257612373	0.497341710971	0.687288545191	0.639439342678	0.681971967134	0.666505558241	0.624456259062	0.65973900435	0.547607539874	0.556790720155	0.559690671822	0.561140647656	0.556307394877	0.641372643789	0.574190430159	0.658289028516	0.492025132914	0.617689705172
AF8	0.58337361044	0.536007733204	0.933301111648	0.643305944901	0.685355244079	0.500724987917	0.690188496858	0.47220879652	0.454325761237	0.593040115998	0.505074915418	0.607056549058	0.565973900435	0.845335911068	0.62493958434	0.542774287095	0.469308844853	0.456742387627	0.87046882552	0.690671822136	0.50700821653	0.373127114548	0.462542290962	0.454325761237	0.855969067182	0.552924117931	0.332044465926	0.0	0.464475592073	0.499275012083	0.509424842919	0.469308844853	0.44224262929	0.499275012083	0.728371193813	0.666022232963	0.501208313195	0.553407443209	0.517158047366	0.616723054616	0.558240695988	0.68293861769	0.644755920735	0.543257612373	0.5601739971	0.515224746254	0.699371677139	0.644272595457	0.693571773804	0.679072015466	0.637022716288	0.672305461576	0.552924117931	0.565007249879	0.570807153214	0.573223779604	0.548090865152	0.659255679072	0.560657322378	0.672305461576	0.506041565974	0.626389560174
AG7	0.59497341711	0.599323344611	0.853552440793	0.557274045433	0.69453842436	0.52779120348	0.691155147414	0.518124697922	0.508458192363	0.600289995167	0.559207346544	0.631222812953	0.621072982117	0.763653939101	0.665055582407	0.579507008217	0.560657322378	0.549057515708	0.744804253262	0.543257612373	0.479458675689	0.444175930401	0.512808119865	0.499758337361	0.765103914935	0.511841469309	0.489125181247	0.464475592073	0.0	0.310778153697	0.556307394877	0.530691155147	0.522474625423	0.564040599323	0.757370710488	0.702754954084	0.548090865152	0.579023682939	0.545674238763	0.655389076849	0.608989850169	0.669888835186	0.646205896568	0.568873852102	0.60415659739	0.575640405993	0.755437409377	0.688255195747	0.729821169647	0.71532141131	0.673272112131	0.723054615756	0.62493958434	0.624456259062	0.630256162397	0.623972933784	0.622039632673	0.706621556307	0.640889318511	0.706138231029	0.592073465442	0.675688738521
AG8	0.573707104882	0.588690188497	0.854035766071	0.567423876269	0.688255195747	0.556790720155	0.689221846303	0.553890768487	0.543257612373	0.605123247946	0.586273562107	0.630739487675	0.608989850169	0.755920734654	0.652972450459	0.570323827936	0.580473658772	0.568873852102	0.721604639923	0.539874335428	0.50459159014	0.480425326245	0.555824069599	0.535041082649	0.763170613823	0.500724987917	0.524891251812	0.499275012083	0.310778153697	0.0	0.573223779604	0.55099081682	0.554857419043	0.567907201547	0.759787336878	0.70372160464	0.581440309328	0.586273562107	0.578540357661	0.656355727405	0.595940067666	0.669405509908	0.64813919768	0.578540357661	0.605123247946	0.591590140164	0.762687288545	0.692605123248	0.737071048816	0.714838086032	0.686321894635	0.727887868536	0.618173030449	0.618656355727	0.623972933784	0.623489608507	0.611889801837	0.709521507975	0.634122764621	0.708554857419	0.587240212663	0.679072015466
AH7	0.601739971	0.619623006283	0.957467375544	0.69212179797	0.709521507975	0.553407443209	0.719671338811	0.550024166264	0.532624456259	0.652972450459	0.526824552924	0.642822619623	0.642822619623	0.876752054132	0.68970517158	0.590140164331	0.523924601257	0.479458675689	0.881101981634	0.739004349928	0.569840502658	0.524891251812	0.50700821653	0.505074915418	0.836636056066	0.570323827936	0.484775253746	0.509424842919	0.556307394877	0.573223779604	0.0	0.313194780087	0.561140647656	0.618173030449	0.79168680522	0.735137747704	0.567423876269	0.643789270179	0.599806669889	0.669888835186	0.643789270179	0.772837119381	0.747220879652	0.637022716288	0.640889318511	0.606089898502	0.764620589657	0.717254712421	0.764620589657	0.730304494925	0.700821652972	0.740937651039	0.629289511841	0.632189463509	0.626872885452	0.627839536008	0.619139681005	0.72692121798	0.639439342678	0.721121314645	0.607539874335	0.707104881585
AH8	0.583856935718	0.575157080715	0.960367327211	0.664572257129	0.6805219913	0.517158047366	0.694055099082	0.508941517641	0.485258579024	0.624456259062	0.500724987917	0.616723054616	0.584823586274	0.867085548574	0.644272595457	0.549540840986	0.431126147898	0.394393426776	0.894635089415	0.744320927985	0.550024166264	0.494925084582	0.466408893185	0.468825519575	0.851619139681	0.565973900435	0.46979217013	0.469308844853	0.530691155147	0.55099081682	0.313194780087	0.0	0.500724987917	0.553407443209	0.767037216046	0.707588206863	0.532624456259	0.605123247946	0.551957467376	0.641855969067	0.603189946834	0.730787820203	0.709521507975	0.599323344611	0.599323344611	0.557274045433	0.724021266312	0.673755437409	0.730787820203	0.696471725471	0.655872402127	0.694055099082	0.579990333494	0.588690188497	0.590140164331	0.585790236829	0.573707104882	0.6805219913	0.59255679072	0.687288545191	0.559207346544	0.664572257129
AA5	0.607056549058	0.501208313195	0.96520057999	0.639922667956	0.612373127115	0.43064282262	0.624456259062	0.382793620106	0.391493475109	0.551474142098	0.435959400677	0.525857902368	0.518124697922	0.870952150797	0.552924117931	0.53697438376	0.453842435959	0.444659255679	0.922667955534	0.751087481875	0.558724021266	0.490575157081	0.478008699855	0.482358627356	0.894635089415	0.600289995167	0.438376027066	0.44224262929	0.522474625423	0.554857419043	0.561140647656	0.500724987917	0.0	0.346060898985	0.677138714355	0.596423392943	0.464475592073	0.457225712905	0.461092315128	0.553890768487	0.465925567907	0.632672788787	0.598840019333	0.450459159014	0.526341227646	0.461092315128	0.699371677139	0.638472692122	0.658772353794	0.649589173514	0.633156114065	0.675688738521	0.520057999033	0.549540840986	0.561140647656	0.551474142098	0.537457709038	0.655872402127	0.563557274045	0.640889318511	0.494441759304	0.614789753504
AA6	0.610923151281	0.50459159014	0.967133881102	0.658772353794	0.640889318511	0.47462542291	0.64813919768	0.461575640406	0.462058965684	0.567423876269	0.506041565974	0.552440792653	0.529241179314	0.873852102465	0.58337361044	0.549057515708	0.503624939584	0.490091831803	0.928467858869	0.754470758821	0.603673272112	0.527307878202	0.53939101015	0.535041082649	0.907201546641	0.603189946834	0.492025132914	0.499275012083	0.564040599323	0.567907201547	0.618173030449	0.553407443209	0.346060898985	0.0	0.681971967134	0.596906718221	0.517641372644	0.491058482359	0.488641855969	0.585790236829	0.498308361527	0.664572257129	0.623006283229	0.483325277912	0.468825519575	0.420009666506	0.691638472692	0.641855969067	0.658289028516	0.649105848236	0.626872885452	0.666988883519	0.529241179314	0.549540840986	0.565007249879	0.556307394877	0.542774287095	0.652489125181	0.566457225713	0.6389560174	0.50700821653	0.61575640406
AB5	0.750120831319	0.683421942968	0.97921701305	0.734654422426	0.637506041566	0.655389076849	0.745770903818	0.652489125181	0.668438859352	0.710488158531	0.684871918801	0.620106331561	0.66892218463	0.89125181247	0.714838086032	0.707104881585	0.713388110198	0.709038182697	0.942967617206	0.806186563557	0.816336394393	0.73852102465	0.754470758821	0.755920734654	0.933301111648	0.768970517158	0.706138231029	0.728371193813	0.757370710488	0.759787336878	0.79168680522	0.767037216046	0.677138714355	0.681971967134	0.0	0.313678105365	0.625906234896	0.661188980184	0.633639439343	0.633639439343	0.618173030449	0.74528757854	0.736587723538	0.648622522958	0.629772837119	0.612856452392	0.621072982117	0.616239729338	0.626389560174	0.602706621556	0.62735621073	0.615273078782	0.612373127115	0.621072982117	0.625422909618	0.636056065732	0.686805219913	0.602706621556	0.676172063799	0.605606573224	0.674722087965	0.611889801837
AB6	0.696471725471	0.610439826003	0.971967133881	0.678588690188	0.590140164331	0.580473658772	0.676655389077	0.58095698405	0.605606573224	0.639922667956	0.634122764621	0.536007733204	0.616239729338	0.881101981634	0.651522474625	0.647172547124	0.660222329628	0.661188980184	0.927501208313	0.762687288545	0.758820686322	0.677622039633	0.699371677139	0.696955050749	0.916384726921	0.724021266312	0.646205896568	0.666022232963	0.702754954084	0.70372160464	0.735137747704	0.707588206863	0.596423392943	0.596906718221	0.313678105365	0.0	0.58095698405	0.585306911551	0.581923634606	0.572257129048	0.549540840986	0.684388593523	0.668438859352	0.547124214596	0.559690671822	0.550507491542	0.590140164331	0.55099081682	0.555340744321	0.540840985984	0.558240695988	0.565007249879	0.547607539874	0.56935717738	0.572740454326	0.586756887385	0.612856452392	0.543257612373	0.613823102948	0.543257612373	0.625906234896	0.536007733204
AC5	0.617206379894	0.572740454326	0.981633639439	0.660705654906	0.639439342678	0.454325761237	0.680038666022	0.441275978734	0.441759304012	0.591106814886	0.440309328178	0.53697438376	0.55099081682	0.880618656356	0.632189463509	0.579507008217	0.484291928468	0.477525374577	0.941034316095	0.761237312711	0.636056065732	0.554857419043	0.52779120348	0.520057999033	0.917834702755	0.622039632673	0.479458675689	0.501208313195	0.548090865152	0.581440309328	0.567423876269	0.532624456259	0.464475592073	0.517641372644	0.625906234896	0.58095698405	0.0	0.433542774287	0.450459159014	0.597390043499	0.526824552924	0.718704688255	0.673755437409	0.522957950701	0.490091831803	0.451909134848	0.612856452392	0.569840502658	0.611406476559	0.573707104882	0.55775737071	0.598356694055	0.506041565974	0.49540840986	0.503141614306	0.509424842919	0.57177380377	0.578057032383	0.58095698405	0.566940550991	0.516674722088	0.547124214596
AC6	0.6389560174	0.517641372644	0.959400676655	0.639922667956	0.581923634606	0.50459159014	0.540840985984	0.458192363461	0.502174963751	0.476558724021	0.551474142098	0.519574673755	0.546157564041	0.854035766071	0.537941034316	0.572740454326	0.5601739971	0.5601739971	0.923151280812	0.744804253262	0.652005799903	0.574190430159	0.593523441276	0.582406959884	0.906718221363	0.616239729338	0.545674238763	0.553407443209	0.579023682939	0.586273562107	0.643789270179	0.605123247946	0.457225712905	0.491058482359	0.661188980184	0.585306911551	0.433542774287	0.0	0.513291445143	0.520541324311	0.469308844853	0.507491541808	0.469308844853	0.419526341228	0.5601739971	0.528274528758	0.683905268246	0.630739487675	0.643789270179	0.630256162397	0.623972933784	0.661672305462	0.57177380377	0.573223779604	0.578057032383	0.576123731271	0.558724021266	0.644272595457	0.587723537941	0.624456259062	0.545674238763	0.608989850169
AD6	0.608989850169	0.532141130981	0.978733687772	0.63653939101	0.595940067666	0.422909618173	0.637022716288	0.427742870952	0.442725954567	0.554374093765	0.450459159014	0.509424842919	0.523924601257	0.878202029966	0.599806669889	0.553890768487	0.481875302078	0.487191880135	0.943934267762	0.761720637989	0.613823102948	0.533107781537	0.53939101015	0.539874335428	0.914934751087	0.608506524891	0.492025132914	0.517158047366	0.545674238763	0.578540357661	0.599806669889	0.551957467376	0.461092315128	0.488641855969	0.633639439343	0.581923634606	0.450459159014	0.513291445143	0.0	0.549540840986	0.413726437893	0.705171580474	0.670372160464	0.510874818753	0.500241662639	0.458675688739	0.613823102948	0.568873852102	0.597390043499	0.575640405993	0.553890768487	0.596423392943	0.48380860319	0.4813919768	0.491058482359	0.482841952634	0.546640889319	0.571290478492	0.562107298212	0.574190430159	0.4813919768	0.544707588207
AE5	0.637022716288	0.536491058482	0.978250362494	0.65055582407	0.563073948768	0.55099081682	0.579507008217	0.549540840986	0.595456742388	0.550507491542	0.626872885452	0.494441759304	0.57177380377	0.876268728855	0.566940550991	0.579023682939	0.614306428226	0.614789753504	0.930401159981	0.760753987434	0.729337844369	0.638472692122	0.661188980184	0.656355727405	0.881585306912	0.653939101015	0.61333977767	0.616723054616	0.655389076849	0.656355727405	0.669888835186	0.641855969067	0.553890768487	0.585790236829	0.633639439343	0.572257129048	0.597390043499	0.520541324311	0.549540840986	0.0	0.362493958434	0.616239729338	0.588206863219	0.507491541808	0.631222812953	0.612856452392	0.646689221846	0.618656355727	0.623489608507	0.603673272112	0.621556307395	0.651522474625	0.547124214596	0.571290478492	0.597390043499	0.5601739971	0.558724021266	0.628806186564	0.570323827936	0.600289995167	0.574673755437	0.601739971
AE6	0.621072982117	0.500724987917	0.977767037216	0.6389560174	0.573223779604	0.473658772354	0.570807153214	0.461575640406	0.509424842919	0.506524891252	0.546157564041	0.499275012083	0.519091348478	0.874818753021	0.548090865152	0.547607539874	0.544707588207	0.53697438376	0.937167713871	0.7593040116	0.672305461576	0.580473658772	0.597873368777	0.594490091832	0.908168197197	0.637022716288	0.539874335428	0.558240695988	0.608989850169	0.595940067666	0.643789270179	0.603189946834	0.465925567907	0.498308361527	0.618173030449	0.549540840986	0.526824552924	0.469308844853	0.413726437893	0.362493958434	0.0	0.635572740454	0.600289995167	0.465925567907	0.549057515708	0.52779120348	0.644272595457	0.595940067666	0.610439826003	0.600773320445	0.588690188497	0.631222812953	0.49540840986	0.500241662639	0.513291445143	0.511358144031	0.519574673755	0.604639922668	0.543740937651	0.592073465442	0.498308361527	0.571290478492
AF5	0.722087965201	0.628806186564	0.931367810536	0.655389076849	0.652005799903	0.690671822136	0.565490575157	0.640405993233	0.685355244079	0.594006766554	0.731754470759	0.62493958434	0.676655389077	0.83325277912	0.601739971	0.675205413243	0.728371193813	0.733204446593	0.867085548574	0.714838086032	0.731754470759	0.6805219913	0.727887868536	0.722571290478	0.869018849686	0.694055099082	0.711938134364	0.68293861769	0.669888835186	0.669405509908	0.772837119381	0.730787820203	0.632672788787	0.664572257129	0.74528757854	0.684388593523	0.718704688255	0.507491541808	0.705171580474	0.616239729338	0.635572740454	0.0	0.289995166747	0.545674238763	0.736587723538	0.723054615756	0.76848719188	0.726437892702	0.730304494925	0.713388110198	0.738037699372	0.746254229096	0.700338327695	0.723537941034	0.73610439826	0.718704688255	0.66892218463	0.72692121798	0.685355244079	0.707588206863	0.717738037699	0.721604639923
AF6	0.698888351861	0.602223296278	0.939101014983	0.663605606573	0.653455775737	0.658772353794	0.548090865152	0.609956500725	0.656355727405	0.570323827936	0.696955050749	0.605606573224	0.64813919768	0.837119381344	0.566940550991	0.651039149348	0.694055099082	0.699855002417	0.8796520058	0.714354760754	0.704204929918	0.644272595457	0.700338327695	0.688738521025	0.876268728855	0.672788786854	0.677622039633	0.644755920735	0.646205896568	0.64813919768	0.747220879652	0.709521507975	0.598840019333	0.623006283229	0.736587723538	0.668438859352	0.673755437409	0.469308844853	0.670372160464	0.588206863219	0.600289995167	0.289995166747	0.0	0.509908168197	0.698888351861	0.682455292412	0.751087481875	0.701788303528	0.717738037699	0.709521507975	0.700821652972	0.738037699372	0.673755437409	0.687288545191	0.698405026583	0.687771870469	0.639922667956	0.714838086032	0.651039149348	0.704688255196	0.684871918801	0.69212179797
