	AA3	AA4	AB3	AB4	AC3	AC4	AD3	AD4	AE3	AE4	AF3	AF4	AG3	AG4	AH3	AH4	AA7	AA8	AB7	AB8	AC7	AC8	AD7	AD8	AE7	AE8	AF7	AF8	AG7	AG8	AH7	AH8	AA5	AA6	AB5	AB6	AC5	AC6	AD6	AE5	AE6	AF5	AF6	AG5	AH5	AH6	AA1	AA2	AB1	AB2	AC1	AC2	AD1	AD2	AE1	AE2	AF1	AF2	AG1	AG2	AH1	AH2
AA3	0.0	0.480908651522	0.931367810536	0.625422909618	0.654422426293	0.578540357661	0.666022232963	0.566940550991	0.553407443209	0.611406476559	0.595940067666	0.605606573224	0.579507008217	0.851619139681	0.647172547124	0.33107781537	0.558724021266	0.546157564041	0.869985500242	0.713388110198	0.62735621073	0.55099081682	0.583856935718	0.565007249879	0.836152730788	0.584823586274	0.55099081682	0.55099081682	0.567907201547	0.57177380377	0.577090381827	0.538907684872	0.576123731271	0.580473658772	0.742870952151	0.678105364911	0.588690188497	0.608989850169	0.582890285162	0.623006283229	0.59497341711	0.722571290478	0.695988400193	0.605606573224	0.598356694055	0.605123247946	0.6805219913	0.637506041566	0.724021266312	0.670372160464	0.62493958434	0.65732237796	0.592073465442	0.579023682939	0.559207346544	0.572257129048	0.578540357661	0.64813919768	0.586273562107	0.655389076849	0.564040599323	0.633639439343
AA4	0.480908651522	0.0	0.940067665539	0.571290478492	0.563557274045	0.504108264862	0.588206863219	0.482358627356	0.50700821653	0.53939101015	0.5601739971	0.512808119865	0.485741904302	0.855002416626	0.379893668439	0.361527307878	0.539874335428	0.540357660706	0.87723537941	0.708554857419	0.672788786854	0.574190430159	0.578057032383	0.600773320445	0.873852102465	0.632672788787	0.534557757371	0.565973900435	0.603189946834	0.61333977767	0.632672788787	0.590623489609	0.511841469309	0.519091348478	0.660222329628	0.58337361044	0.579023682939	0.519091348478	0.528274528758	0.523924601257	0.497825036249	0.635572740454	0.605606573224	0.518124697922	0.579990333494	0.570323827936	0.661672305462	0.586273562107	0.629772837119	0.602223296278	0.589656839053	0.624456259062	0.534074432093	0.531174480425	0.528274528758	0.535524407927	0.499758337361	0.613823102948	0.520057999033	0.588206863219	0.533107781537	0.561623972934
AB3	0.931367810536	0.940067665539	0.0	0.677138714355	0.908651522475	0.953117448043	0.952150797487	0.940067665539	0.926051232479	0.948284195263	0.971967133881	0.934267762204	0.962300628323	0.325277912035	0.957950700822	0.942484291928	0.968583856936	0.965683905268	0.73368777187	0.762203963267	0.882068632189	0.907201546641	0.95601739971	0.94683421943	0.848235862736	0.879168680522	0.940550990817	0.931851135814	0.84726921218	0.830352827453	0.949734171097	0.948284195263	0.95601739971	0.958917351377	0.969067182214	0.962300628323	0.969067182214	0.952150797487	0.969067182214	0.970517158047	0.968583856936	0.931367810536	0.930401159981	0.943934267762	0.975833736104	0.966650555824	0.969550507492	0.968100531658	0.96520057999	0.968583856936	0.969067182214	0.966650555824	0.969067182214	0.969550507492	0.975350410826	0.969550507492	0.968100531658	0.966650555824	0.969067182214	0.969550507492	0.970517158047	0.967133881102
AB4	0.625422909618	0.571290478492	0.677138714355	0.0	0.632189463509	0.608506524891	0.67133881102	0.600289995167	0.592073465442	0.623489608507	0.641372643789	0.603673272112	0.48622522958	0.565973900435	0.601739971	0.581923634606	0.633639439343	0.634122764621	0.735137747704	0.576607056549	0.664572257129	0.617689705172	0.649105848236	0.651522474625	0.800386660222	0.639922667956	0.6389560174	0.632672788787	0.550024166264	0.575640405993	0.690671822136	0.65055582407	0.629289511841	0.636056065732	0.723537941034	0.654905751571	0.653939101015	0.628322861286	0.629289511841	0.625906234896	0.614789753504	0.655872402127	0.647172547124	0.621556307395	0.683421942968	0.670855485742	0.704204929918	0.660222329628	0.699855002417	0.670855485742	0.664572257129	0.676172063799	0.632672788787	0.637506041566	0.651039149348	0.633639439343	0.639439342678	0.675205413243	0.632672788787	0.656839052682	0.644272595457	0.650072498792
AC3	0.654422426293	0.563557274045	0.908651522475	0.632189463509	0.0	0.489125181247	0.65973900435	0.561623972934	0.564523924601	0.620589656839	0.630739487675	0.306911551474	0.621556307395	0.823586273562	0.603189946834	0.60657322378	0.615273078782	0.610439826003	0.866118898018	0.742387626873	0.745770903818	0.674722087965	0.716288061866	0.729821169647	0.826002899952	0.689221846303	0.64813919768	0.686805219913	0.679555340744	0.679072015466	0.712421459642	0.673272112131	0.608506524891	0.631706138231	0.615273078782	0.581923634606	0.631222812953	0.594490091832	0.586756887385	0.56935717738	0.560657322378	0.664572257129	0.656355727405	0.579023682939	0.647655872402	0.632672788787	0.591590140164	0.579023682939	0.581440309328	0.570323827936	0.586273562107	0.579023682939	0.537941034316	0.569840502658	0.570323827936	0.570807153214	0.628322861286	0.573707104882	0.631222812953	0.585306911551	0.623489608507	0.58337361044
AC4	0.578540357661	0.504108264862	0.953117448043	0.608506524891	0.489125181247	0.0	0.618173030449	0.410826486225	0.410826486225	0.519091348478	0.353310778154	0.41662638956	0.519574673755	0.867085548574	0.563557274045	0.521024649589	0.492508458192	0.483325277912	0.925567907202	0.752054132431	0.621556307395	0.541807636539	0.531174480425	0.549540840986	0.891735137748	0.608506524891	0.499275012083	0.525857902368	0.540840985984	0.565973900435	0.584823586274	0.534557757371	0.453842435959	0.466892218463	0.635089415176	0.5601739971	0.464475592073	0.504108264862	0.417593040116	0.548090865152	0.467858869019	0.681488641856	0.660705654906	0.499275012083	0.49540840986	0.483325277912	0.638472692122	0.570807153214	0.590623489609	0.580473658772	0.564523924601	0.600773320445	0.491541807637	0.515224746254	0.505074915418	0.498308361527	0.547124214596	0.593523441276	0.573707104882	0.559690671822	0.477525374577	0.54857419043
AD3	0.666022232963	0.588206863219	0.952150797487	0.67133881102	0.65973900435	0.618173030449	0.0	0.537941034316	0.639922667956	0.345577573707	0.6805219913	0.603673272112	0.629772837119	0.87046882552	0.571290478492	0.633639439343	0.68293861769	0.686805219913	0.934267762204	0.761237312711	0.73368777187	0.688255195747	0.692605123248	0.69212179797	0.913968100532	0.69453842436	0.689221846303	0.688738521025	0.694055099082	0.69212179797	0.712421459642	0.68970517158	0.641372643789	0.651522474625	0.737071048816	0.658289028516	0.68293861769	0.54857419043	0.630739487675	0.555824069599	0.581440309328	0.573223779604	0.549057515708	0.560657322378	0.700338327695	0.685838569357	0.772837119381	0.69212179797	0.72692121798	0.713388110198	0.695505074915	0.728854519091	0.65055582407	0.660705654906	0.67133881102	0.657805703238	0.628806186564	0.713871435476	0.640405993233	0.699855002417	0.687771870469	0.691155147414
AD4	0.566940550991	0.482358627356	0.940067665539	0.600289995167	0.561623972934	0.410826486225	0.537941034316	0.0	0.312228129531	0.415176413726	0.431609473175	0.499275012083	0.509424842919	0.855485741904	0.539874335428	0.517158047366	0.455292411793	0.440792653456	0.927501208313	0.750604156597	0.574673755437	0.49540840986	0.490575157081	0.50459159014	0.898985016916	0.609956500725	0.4398260029	0.471725471242	0.492508458192	0.550024166264	0.556307394877	0.499758337361	0.390526824553	0.431126147898	0.661188980184	0.573223779604	0.461575640406	0.479458675689	0.429192846786	0.556307394877	0.466408893185	0.656355727405	0.629772837119	0.473175447076	0.505074915418	0.476558724021	0.670372160464	0.588690188497	0.633639439343	0.619623006283	0.596423392943	0.633639439343	0.515708071532	0.521991300145	0.522957950701	0.5186080232	0.517158047366	0.620589656839	0.544224262929	0.608989850169	0.498308361527	0.581923634606
AE3	0.553407443209	0.50700821653	0.926051232479	0.592073465442	0.564523924601	0.410826486225	0.639922667956	0.312228129531	0.0	0.51619139681	0.414209763171	0.511358144031	0.520541324311	0.846785886902	0.567907201547	0.518124697922	0.456742387627	0.441759304012	0.913968100532	0.73610439826	0.551474142098	0.477525374577	0.47220879652	0.497341710971	0.886418559691	0.599806669889	0.43740937651	0.465442242629	0.480425326245	0.538424359594	0.544707588207	0.495891735138	0.40744320928	0.454325761237	0.668438859352	0.586273562107	0.447559207347	0.51377477042	0.432576123731	0.595456742388	0.510391493475	0.689221846303	0.663605606573	0.503141614306	0.492508458192	0.475592073465	0.670372160464	0.593523441276	0.63653939101	0.617206379894	0.588206863219	0.629772837119	0.519091348478	0.534557757371	0.526341227646	0.531174480425	0.544224262929	0.631706138231	0.566940550991	0.602706621556	0.486708554857	0.58095698405
AE4	0.611406476559	0.53939101015	0.948284195263	0.623489608507	0.620589656839	0.519091348478	0.345577573707	0.415176413726	0.51619139681	0.0	0.578540357661	0.554857419043	0.574190430159	0.862735621073	0.543740937651	0.572257129048	0.582890285162	0.588206863219	0.933784436926	0.757854035766	0.667472208797	0.589173513775	0.594006766554	0.601256645723	0.906718221363	0.62735621073	0.589656839053	0.588206863219	0.590140164331	0.601739971	0.638472692122	0.598356694055	0.539874335428	0.554857419043	0.700338327695	0.620589656839	0.589173513775	0.461092315128	0.539874335428	0.514258095698	0.502174963751	0.575640405993	0.552924117931	0.492508458192	0.608506524891	0.597390043499	0.734654422426	0.656355727405	0.696471725471	0.6805219913	0.663605606573	0.69212179797	0.60657322378	0.609956500725	0.613823102948	0.607056549058	0.580473658772	0.682455292412	0.604639922668	0.671822136298	0.591590140164	0.652972450459
AF3	0.595940067666	0.5601739971	0.971967133881	0.641372643789	0.630739487675	0.353310778154	0.6805219913	0.431609473175	0.414209763171	0.578540357661	0.0	0.546640889319	0.545674238763	0.888351860802	0.619623006283	0.559207346544	0.445142580957	0.4398260029	0.952634122765	0.773803769937	0.59497341711	0.534074432093	0.44224262929	0.463508941518	0.918801353311	0.632672788787	0.440309328178	0.474142097632	0.531657805703	0.585306911551	0.523441275979	0.499758337361	0.433059449009	0.491541807637	0.677622039633	0.608989850169	0.417109714838	0.546157564041	0.45142580957	0.610439826003	0.525857902368	0.726437892702	0.706138231029	0.537941034316	0.498308361527	0.485258579024	0.681971967134	0.612373127115	0.666988883519	0.623972933784	0.604639922668	0.641855969067	0.550024166264	0.545674238763	0.537941034316	0.53939101015	0.569840502658	0.640889318511	0.59497341711	0.602706621556	0.493958434026	0.593040115998
AF4	0.605606573224	0.512808119865	0.934267762204	0.603673272112	0.306911551474	0.41662638956	0.603673272112	0.499275012083	0.511358144031	0.554857419043	0.546640889319	0.0	0.56935717738	0.845819236346	0.55775737071	0.544707588207	0.5601739971	0.554374093765	0.884001933301	0.714838086032	0.710004833253	0.626872885452	0.647655872402	0.66892218463	0.843885935234	0.643305944901	0.586273562107	0.627839536008	0.639439342678	0.639922667956	0.654905751571	0.617206379894	0.554857419043	0.571290478492	0.61333977767	0.543257612373	0.573223779604	0.524891251812	0.524891251812	0.51619139681	0.51619139681	0.62735621073	0.609473175447	0.518124697922	0.590140164331	0.575157080715	0.604639922668	0.533107781537	0.570323827936	0.55099081682	0.542774287095	0.560657322378	0.490091831803	0.521991300145	0.529241179314	0.522957950701	0.573223779604	0.560657322378	0.573223779604	0.537457709038	0.564040599323	0.533591106815
AG3	0.579507008217	0.485741904302	0.962300628323	0.48622522958	0.621556307395	0.519574673755	0.629772837119	0.509424842919	0.520541324311	0.574190430159	0.545674238763	0.56935717738	0.0	0.855969067182	0.528757854036	0.507974867086	0.501208313195	0.503141614306	0.928951184147	0.757854035766	0.683905268246	0.592073465442	0.581923634606	0.605606573224	0.889318511358	0.642822619623	0.53697438376	0.568873852102	0.614306428226	0.623972933784	0.634122764621	0.578057032383	0.523441275979	0.529724504592	0.675205413243	0.612856452392	0.568873852102	0.549057515708	0.512808119865	0.566940550991	0.520541324311	0.673755437409	0.653939101015	0.545190913485	0.585790236829	0.573707104882	0.653939101015	0.595456742388	0.635089415176	0.621556307395	0.598356694055	0.623972933784	0.540357660706	0.545190913485	0.536007733204	0.544224262929	0.533591106815	0.608989850169	0.553890768487	0.608506524891	0.513291445143	0.575157080715
AG4	0.851619139681	0.855002416626	0.325277912035	0.565973900435	0.823586273562	0.867085548574	0.87046882552	0.855485741904	0.846785886902	0.862735621073	0.888351860802	0.845819236346	0.855969067182	0.0	0.878202029966	0.855485741904	0.888351860802	0.886901884969	0.720154664089	0.683421942968	0.810053165781	0.832286128565	0.875302078299	0.86805219913	0.829386176897	0.808119864669	0.863218946351	0.854035766071	0.770420492992	0.749154180764	0.882551957467	0.864668922185	0.875302078299	0.877718704688	0.896085065249	0.885451909135	0.892218463026	0.866118898018	0.886418559691	0.885451909135	0.883518608023	0.846302561624	0.849685838569	0.865152247463	0.893668438859	0.887385210246	0.890285161914	0.885451909135	0.887868535524	0.885935234413	0.888351860802	0.882551957467	0.88883518608	0.885935234413	0.896085065249	0.890768487192	0.888351860802	0.883518608023	0.885935234413	0.887385210246	0.889318511358	0.887385210246
AH3	0.647172547124	0.379893668439	0.957950700822	0.601739971	0.603189946834	0.563557274045	0.571290478492	0.539874335428	0.567907201547	0.543740937651	0.619623006283	0.55775737071	0.528757854036	0.878202029966	0.0	0.528274528758	0.60415659739	0.609956500725	0.915901401643	0.744320927985	0.727404543258	0.639439342678	0.636056065732	0.655389076849	0.900918318028	0.696471725471	0.62735621073	0.638472692122	0.663605606573	0.673755437409	0.691638472692	0.647655872402	0.563557274045	0.581923634606	0.709521507975	0.62493958434	0.644272595457	0.546640889319	0.587240212663	0.558240695988	0.555824069599	0.596423392943	0.575157080715	0.565007249879	0.651039149348	0.643789270179	0.709521507975	0.629772837119	0.659255679072	0.651522474625	0.648622522958	0.66892218463	0.60657322378	0.602223296278	0.599323344611	0.608989850169	0.568390526825	0.662155630739	0.565973900435	0.632672788787	0.601256645723	0.610923151281
AH4	0.33107781537	0.361527307878	0.942484291928	0.581923634606	0.60657322378	0.521024649589	0.633639439343	0.517158047366	0.518124697922	0.572257129048	0.559207346544	0.544707588207	0.507974867086	0.855485741904	0.528274528758	0.0	0.528274528758	0.525857902368	0.882068632189	0.717254712421	0.644755920735	0.551474142098	0.570323827936	0.578540357661	0.863218946351	0.610439826003	0.529241179314	0.538907684872	0.58337361044	0.588206863219	0.596423392943	0.550507491542	0.538424359594	0.540840985984	0.691638472692	0.618656355727	0.582890285162	0.568390526825	0.52537457709	0.56259062349	0.541324311261	0.679555340744	0.653455775737	0.565490575157	0.584340260996	0.573707104882	0.659255679072	0.587723537941	0.65973900435	0.619623006283	0.589173513775	0.620589656839	0.541324311261	0.523924601257	0.51377477042	0.52779120348	0.505558240696	0.615273078782	0.513291445143	0.602223296278	0.522474625423	0.584823586274
AA7	0.558724021266	0.539874335428	0.968583856936	0.633639439343	0.615273078782	0.492508458192	0.68293861769	0.455292411793	0.456742387627	0.582890285162	0.445142580957	0.5601739971	0.501208313195	0.888351860802	0.60415659739	0.528274528758	0.0	0.278878685355	0.920734654422	0.756404059932	0.599806669889	0.517641372644	0.475108748188	0.496375060416	0.873368777187	0.609956500725	0.438376027066	0.463992266796	0.53939101015	0.579990333494	0.516674722088	0.426776220396	0.429192846786	0.482358627356	0.696471725471	0.642339294345	0.4813919768	0.561140647656	0.477525374577	0.597390043499	0.532624456259	0.714354760754	0.693571773804	0.570323827936	0.553890768487	0.518124697922	0.666505558241	0.607539874335	0.666022232963	0.638472692122	0.581923634606	0.622522957951	0.540357660706	0.543257612373	0.530691155147	0.540357660706	0.540840985984	0.611406476559	0.549540840986	0.622522957951	0.500241662639	0.59497341711
AA8	0.546157564041	0.540357660706	0.965683905268	0.634122764621	0.610439826003	0.483325277912	0.686805219913	0.440792653456	0.441759304012	0.588206863219	0.4398260029	0.554374093765	0.503141614306	0.886901884969	0.609956500725	0.525857902368	0.278878685355	0.0	0.91445142581	0.745770903818	0.579990333494	0.496375060416	0.463992266796	0.478492025133	0.860802319961	0.593523441276	0.417593040116	0.447559207347	0.519574673755	0.558240695988	0.475108748188	0.381343644273	0.434992750121	0.492508458192	0.703238279362	0.647655872402	0.471725471242	0.565973900435	0.475108748188	0.602706621556	0.533591106815	0.723537941034	0.699855002417	0.561140647656	0.542774287095	0.505558240696	0.656839052682	0.592073465442	0.670855485742	0.63653939101	0.577090381827	0.616723054616	0.532141130981	0.534074432093	0.523924601257	0.534074432093	0.533591106815	0.608989850169	0.546640889319	0.616723054616	0.490575157081	0.588690188497
AB7	0.869985500242	0.87723537941	0.73368777187	0.735137747704	0.866118898018	0.925567907202	0.934267762204	0.927501208313	0.913968100532	0.933784436926	0.952634122765	0.884001933301	0.928951184147	0.720154664089	0.915901401643	0.882068632189	0.920734654422	0.91445142581	0.0	0.406959884002	0.810536491058	0.83325277912	0.934267762204	0.917834702755	0.744804253262	0.801836636056	0.886418559691	0.884485258579	0.752537457709	0.71290478492	0.889318511358	0.892218463026	0.923151280812	0.931851135814	0.934267762204	0.941034316095	0.947800869986	0.922184630256	0.942484291928	0.926051232479	0.938134364427	0.871435476075	0.879168680522	0.914934751087	0.962300628323	0.948284195263	0.927017883035	0.925084581924	0.928467858869	0.927017883035	0.933301111648	0.920251329145	0.916868052199	0.916868052199	0.9212179797	0.917834702755	0.924117931368	0.918318028033	0.920734654422	0.927501208313	0.945384243596	0.932334461092
AB8	0.713388110198	0.708554857419	0.762203963267	0.576607056549	0.742387626873	0.752054132431	0.761237312711	0.750604156597	0.73610439826	0.757854035766	0.773803769937	0.714838086032	0.757854035766	0.683421942968	0.744320927985	0.717254712421	0.756404059932	0.745770903818	0.406959884002	0.0	0.637989366844	0.647172547124	0.751087481875	0.731754470759	0.728854519091	0.639439342678	0.700338327695	0.700338327695	0.538424359594	0.523441275979	0.733204446593	0.718221362977	0.749637506042	0.75688738521	0.808119864669	0.764137264379	0.771387143548	0.73852102465	0.761237312711	0.751570807153	0.75688738521	0.722571290478	0.711938134364	0.73610439826	0.786853552441	0.775253745771	0.813436442726	0.754470758821	0.795070082165	0.769937167714	0.764620589657	0.776703721605	0.750120831319	0.754470758821	0.753504108265	0.755437409377	0.748670855486	0.775253745771	0.750604156597	0.755437409377	0.766070565491	0.756404059932
AC7	0.62735621073	0.672788786854	0.882068632189	0.664572257129	0.745770903818	0.621556307395	0.73368777187	0.574673755437	0.551474142098	0.667472208797	0.59497341711	0.710004833253	0.683905268246	0.810053165781	0.727404543258	0.644755920735	0.599806669889	0.579990333494	0.810536491058	0.637989366844	0.0	0.37264378927	0.569840502658	0.559690671822	0.818753020783	0.596906718221	0.546157564041	0.520541324311	0.464475592073	0.506524891252	0.568390526825	0.538424359594	0.560657322378	0.606089898502	0.822136297728	0.756404059932	0.620589656839	0.666022232963	0.626389560174	0.72692121798	0.681005316578	0.730787820203	0.718221362977	0.650072498792	0.6389560174	0.617206379894	0.839536007733	0.779120347994	0.817303044949	0.800386660222	0.756404059932	0.796520057999	0.710004833253	0.698888351861	0.69453842436	0.696955050749	0.681971967134	0.798936684389	0.694055099082	0.776703721605	0.634122764621	0.754954084099
AC8	0.55099081682	0.574190430159	0.907201546641	0.617689705172	0.674722087965	0.541807636539	0.688255195747	0.49540840986	0.477525374577	0.589173513775	0.534074432093	0.626872885452	0.592073465442	0.832286128565	0.639439342678	0.551474142098	0.517641372644	0.496375060416	0.83325277912	0.647172547124	0.37264378927	0.0	0.490575157081	0.493958434026	0.831802803287	0.558724021266	0.412759787337	0.378927017883	0.429676172064	0.468342194297	0.522957950701	0.47462542291	0.483325277912	0.517641372644	0.732237796037	0.670372160464	0.540840985984	0.579990333494	0.535524407927	0.631706138231	0.589173513775	0.684388593523	0.659255679072	0.572740454326	0.558240695988	0.543740937651	0.742870952151	0.674238762687	0.725471242146	0.706621556307	0.656839052682	0.69453842436	0.609956500725	0.608023199613	0.598840019333	0.602223296278	0.582406959884	0.700821652972	0.588206863219	0.68293861769	0.543257612373	0.652489125181
AD7	0.583856935718	0.578057032383	0.95601739971	0.649105848236	0.716288061866	0.531174480425	0.692605123248	0.490575157081	0.47220879652	0.594006766554	0.44224262929	0.647655872402	0.581923634606	0.875302078299	0.636056065732	0.570323827936	0.475108748188	0.463992266796	0.934267762204	0.751087481875	0.569840502658	0.490575157081	0.0	0.318028032866	0.901884968584	0.540840985984	0.429676172064	0.425326244563	0.497341710971	0.549540840986	0.506524891252	0.468342194297	0.466408893185	0.523441275979	0.737071048816	0.669405509908	0.494925084582	0.582890285162	0.536491058482	0.636056065732	0.589173513775	0.730787820203	0.700338327695	0.584340260996	0.544707588207	0.542774287095	0.744804253262	0.670855485742	0.729337844369	0.705171580474	0.652005799903	0.684388593523	0.611889801837	0.607056549058	0.597390043499	0.605123247946	0.571290478492	0.690671822136	0.585790236829	0.684388593523	0.551474142098	0.64572257129
AD8	0.565007249879	0.600773320445	0.94683421943	0.651522474625	0.729821169647	0.549540840986	0.69212179797	0.50459159014	0.497341710971	0.601256645723	0.463508941518	0.66892218463	0.605606573224	0.86805219913	0.655389076849	0.578540357661	0.496375060416	0.478492025133	0.917834702755	0.731754470759	0.559690671822	0.493958434026	0.318028032866	0.0	0.853069115515	0.498308361527	0.434026099565	0.428709521508	0.48380860319	0.53020782987	0.492025132914	0.452875785404	0.487675205413	0.543257612373	0.758820686322	0.688738521025	0.515224746254	0.597873368777	0.550507491542	0.651522474625	0.600773320445	0.727887868536	0.701788303528	0.595456742388	0.569840502658	0.562107298212	0.769937167714	0.69453842436	0.7593040116	0.733204446593	0.679072015466	0.711454809087	0.635089415176	0.633639439343	0.622522957951	0.631706138231	0.600773320445	0.715804736588	0.618173030449	0.707588206863	0.571290478492	0.675688738521
AE7	0.836152730788	0.873852102465	0.848235862736	0.800386660222	0.826002899952	0.891735137748	0.913968100532	0.898985016916	0.886418559691	0.906718221363	0.918801353311	0.843885935234	0.889318511358	0.829386176897	0.900918318028	0.863218946351	0.873368777187	0.860802319961	0.744804253262	0.728854519091	0.818753020783	0.831802803287	0.901884968584	0.853069115515	0.0	0.520057999033	0.866602223296	0.866118898018	0.76848719188	0.767520541324	0.838086031899	0.83566940551	0.897535041083	0.906718221363	0.925084581924	0.927984533591	0.918801353311	0.908651522475	0.913968100532	0.887385210246	0.90285161914	0.880135331078	0.881585306912	0.886418559691	0.942000966651	0.926534557757	0.89125181247	0.895601739971	0.919284678589	0.898501691638	0.904784920251	0.898018366361	0.892701788304	0.902368293862	0.905751570807	0.896568390527	0.913968100532	0.887868535524	0.903334944418	0.90285161914	0.91445142581	0.908168197197
AE8	0.584823586274	0.632672788787	0.879168680522	0.639922667956	0.689221846303	0.608506524891	0.69453842436	0.609956500725	0.599806669889	0.62735621073	0.632672788787	0.643305944901	0.642822619623	0.808119864669	0.696471725471	0.610439826003	0.609956500725	0.593523441276	0.801836636056	0.639439342678	0.596906718221	0.558724021266	0.540840985984	0.498308361527	0.520057999033	0.0	0.575157080715	0.576607056549	0.536007733204	0.521991300145	0.590140164331	0.568390526825	0.61333977767	0.621072982117	0.766553890768	0.718221362977	0.636056065732	0.626389560174	0.630256162397	0.651522474625	0.632189463509	0.711938134364	0.687771870469	0.610923151281	0.653455775737	0.65055582407	0.761237312711	0.701788303528	0.773803769937	0.729337844369	0.697438376027	0.72692121798	0.647172547124	0.65055582407	0.659255679072	0.648622522958	0.648622522958	0.722571290478	0.65973900435	0.711938134364	0.623006283229	0.683421942968
AF7	0.55099081682	0.534557757371	0.940550990817	0.6389560174	0.64813919768	0.499275012083	0.689221846303	0.4398260029	0.43740937651	0.589656839053	0.440309328178	0.586273562107	0.53697438376	0.863218946351	0.62735621073	0.529241179314	0.438376027066	0.417593040116	0.886418559691	0.700338327695	0.546157564041	0.412759787337	0.429676172064	0.434026099565	0.866602223296	0.575157080715	0.0	0.29869502175	0.471725471242	0.516674722088	0.478492025133	0.458675688739	0.413243112615	0.471725471242	0.688255195747	0.621072982117	0.453842435959	0.537941034316	0.479458675689	0.596423392943	0.536491058482	0.706621556307	0.675205413243	0.537941034316	0.521024649589	0.496858385694	0.663605606573	0.596906718221	0.671822136298	0.647172547124	0.59255679072	0.616723054616	0.541324311261	0.542290961817	0.529724504592	0.546640889319	0.532624456259	0.620589656839	0.556790720155	0.630739487675	0.489608506525	0.579023682939
AF8	0.55099081682	0.565973900435	0.931851135814	0.632672788787	0.686805219913	0.525857902368	0.688738521025	0.471725471242	0.465442242629	0.588206863219	0.474142097632	0.627839536008	0.568873852102	0.854035766071	0.638472692122	0.538907684872	0.463992266796	0.447559207347	0.884485258579	0.700338327695	0.520541324311	0.378927017883	0.425326244563	0.428709521508	0.866118898018	0.576607056549	0.29869502175	0.0	0.459159014016	0.510391493475	0.496375060416	0.454325761237	0.436926051232	0.510874818753	0.722571290478	0.655389076849	0.484291928468	0.567907201547	0.515224746254	0.607539874335	0.568873852102	0.699371677139	0.669405509908	0.55775737071	0.544707588207	0.537457709038	0.708071532141	0.638472692122	0.711454809087	0.691638472692	0.635089415176	0.662638956017	0.579507008217	0.58095698405	0.573223779604	0.582890285162	0.551474142098	0.664572257129	0.566940550991	0.670855485742	0.521991300145	0.62493958434
AG7	0.567907201547	0.603189946834	0.84726921218	0.550024166264	0.679555340744	0.540840985984	0.694055099082	0.492508458192	0.480425326245	0.590140164331	0.531657805703	0.639439342678	0.614306428226	0.770420492992	0.663605606573	0.58337361044	0.53939101015	0.519574673755	0.752537457709	0.538424359594	0.464475592073	0.429676172064	0.497341710971	0.48380860319	0.76848719188	0.536007733204	0.471725471242	0.459159014016	0.0	0.312228129531	0.547607539874	0.500241662639	0.502658289029	0.546157564041	0.748187530208	0.674238762687	0.53939101015	0.584340260996	0.549540840986	0.643789270179	0.597873368777	0.677138714355	0.650072498792	0.569840502658	0.586756887385	0.572257129048	0.761720637989	0.687771870469	0.742387626873	0.718704688255	0.669405509908	0.715804736588	0.619623006283	0.631706138231	0.632189463509	0.623972933784	0.621072982117	0.717738037699	0.639922667956	0.699855002417	0.577090381827	0.662155630739
AG8	0.57177380377	0.61333977767	0.830352827453	0.575640405993	0.679072015466	0.565973900435	0.69212179797	0.550024166264	0.538424359594	0.601739971	0.585306911551	0.639922667956	0.623972933784	0.749154180764	0.673755437409	0.588206863219	0.579990333494	0.558240695988	0.71290478492	0.523441275979	0.506524891252	0.468342194297	0.549540840986	0.53020782987	0.767520541324	0.521991300145	0.516674722088	0.510391493475	0.312228129531	0.0	0.572257129048	0.533591106815	0.554374093765	0.570323827936	0.755920734654	0.683421942968	0.583856935718	0.587240212663	0.574673755437	0.647172547124	0.605123247946	0.679555340744	0.654905751571	0.579990333494	0.617689705172	0.601739971	0.757854035766	0.690188496858	0.741904301595	0.713871435476	0.678105364911	0.711454809087	0.629772837119	0.632672788787	0.639922667956	0.630256162397	0.629289511841	0.717738037699	0.641855969067	0.69453842436	0.597873368777	0.673755437409
AH7	0.577090381827	0.632672788787	0.949734171097	0.690671822136	0.712421459642	0.584823586274	0.712421459642	0.556307394877	0.544707588207	0.638472692122	0.523441275979	0.654905751571	0.634122764621	0.882551957467	0.691638472692	0.596423392943	0.516674722088	0.475108748188	0.889318511358	0.733204446593	0.568390526825	0.522957950701	0.506524891252	0.492025132914	0.838086031899	0.590140164331	0.478492025133	0.496375060416	0.547607539874	0.572257129048	0.0	0.329144514258	0.558724021266	0.609956500725	0.779603673272	0.726437892702	0.559690671822	0.651522474625	0.599806669889	0.669888835186	0.636056065732	0.776220396327	0.753987433543	0.649105848236	0.637989366844	0.617689705172	0.767037216046	0.720154664089	0.766553890768	0.735621072982	0.694055099082	0.726437892702	0.644272595457	0.646689221846	0.629289511841	0.643789270179	0.634606089899	0.730304494925	0.635089415176	0.720154664089	0.608023199613	0.700821652972
AH8	0.538907684872	0.590623489609	0.948284195263	0.65055582407	0.673272112131	0.534557757371	0.68970517158	0.499758337361	0.495891735138	0.598356694055	0.499758337361	0.617206379894	0.578057032383	0.864668922185	0.647655872402	0.550507491542	0.426776220396	0.381343644273	0.892218463026	0.718221362977	0.538424359594	0.47462542291	0.468342194297	0.452875785404	0.83566940551	0.568390526825	0.458675688739	0.454325761237	0.500241662639	0.533591106815	0.329144514258	0.0	0.483325277912	0.541324311261	0.752537457709	0.690188496858	0.523924601257	0.605606573224	0.544224262929	0.623006283229	0.590623489609	0.728854519091	0.70372160464	0.599323344611	0.581440309328	0.561623972934	0.728854519091	0.668438859352	0.735137747704	0.696955050749	0.650072498792	0.681488641856	0.595940067666	0.596423392943	0.593523441276	0.595456742388	0.581923634606	0.68970517158	0.581440309328	0.680038666022	0.552440792653	0.656355727405
AA5	0.576123731271	0.511841469309	0.95601739971	0.629289511841	0.608506524891	0.453842435959	0.641372643789	0.390526824553	0.40744320928	0.539874335428	0.433059449009	0.554857419043	0.523441275979	0.875302078299	0.563557274045	0.538424359594	0.429192846786	0.434992750121	0.923151280812	0.749637506042	0.560657322378	0.483325277912	0.466408893185	0.487675205413	0.897535041083	0.61333977767	0.413243112615	0.436926051232	0.502658289029	0.554374093765	0.558724021266	0.483325277912	0.0	0.333494441759	0.675205413243	0.591590140164	0.452392460126	0.470758820686	0.453359110681	0.555824069599	0.473658772354	0.633156114065	0.60657322378	0.464475592073	0.506041565974	0.476558724021	0.704688255196	0.628322861286	0.660705654906	0.642339294345	0.624456259062	0.664088931851	0.542774287095	0.567423876269	0.560657322378	0.554857419043	0.526341227646	0.658289028516	0.559690671822	0.623006283229	0.499275012083	0.60657322378
AA6	0.580473658772	0.519091348478	0.958917351377	0.636056065732	0.631706138231	0.466892218463	0.651522474625	0.431126147898	0.454325761237	0.554857419043	0.491541807637	0.571290478492	0.529724504592	0.877718704688	0.581923634606	0.540840985984	0.482358627356	0.492508458192	0.931851135814	0.75688738521	0.606089898502	0.517641372644	0.523441275979	0.543257612373	0.906718221363	0.621072982117	0.471725471242	0.510874818753	0.546157564041	0.570323827936	0.609956500725	0.541324311261	0.333494441759	0.0	0.670372160464	0.585790236829	0.508458192363	0.485258579024	0.460125664572	0.574190430159	0.492025132914	0.660222329628	0.633156114065	0.48622522958	0.452875785404	0.422426292895	0.700821652972	0.625906234896	0.662155630739	0.644755920735	0.614789753504	0.657805703238	0.544707588207	0.565973900435	0.558240695988	0.55099081682	0.533591106815	0.649105848236	0.563073948768	0.622039632673	0.509908168197	0.603189946834
AB5	0.742870952151	0.660222329628	0.969067182214	0.723537941034	0.615273078782	0.635089415176	0.737071048816	0.661188980184	0.668438859352	0.700338327695	0.677622039633	0.61333977767	0.675205413243	0.896085065249	0.709521507975	0.691638472692	0.696471725471	0.703238279362	0.934267762204	0.808119864669	0.822136297728	0.732237796037	0.737071048816	0.758820686322	0.925084581924	0.766553890768	0.688255195747	0.722571290478	0.748187530208	0.755920734654	0.779603673272	0.752537457709	0.675205413243	0.670372160464	0.0	0.364427259546	0.637989366844	0.653455775737	0.625906234896	0.622522957951	0.603189946834	0.739004349928	0.730304494925	0.641855969067	0.63653939101	0.625906234896	0.637989366844	0.629772837119	0.632189463509	0.609473175447	0.628322861286	0.62735621073	0.591106814886	0.61333977767	0.607539874335	0.619139681005	0.665055582407	0.617689705172	0.661188980184	0.620106331561	0.674238762687	0.619139681005
AB6	0.678105364911	0.58337361044	0.962300628323	0.654905751571	0.581923634606	0.5601739971	0.658289028516	0.573223779604	0.586273562107	0.620589656839	0.608989850169	0.543257612373	0.612856452392	0.885451909135	0.62493958434	0.618656355727	0.642339294345	0.647655872402	0.941034316095	0.764137264379	0.756404059932	0.670372160464	0.669405509908	0.688738521025	0.927984533591	0.718221362977	0.621072982117	0.655389076849	0.674238762687	0.683421942968	0.726437892702	0.690188496858	0.591590140164	0.585790236829	0.364427259546	0.0	0.567907201547	0.565007249879	0.56935717738	0.565007249879	0.547124214596	0.675205413243	0.641372643789	0.537941034316	0.546640889319	0.554857419043	0.605123247946	0.540357660706	0.579507008217	0.553407443209	0.539874335428	0.575157080715	0.511358144031	0.565490575157	0.557274045433	0.567907201547	0.597390043499	0.564040599323	0.601739971	0.540357660706	0.620106331561	0.522474625423
AC5	0.588690188497	0.579023682939	0.969067182214	0.653939101015	0.631222812953	0.464475592073	0.68293861769	0.461575640406	0.447559207347	0.589173513775	0.417109714838	0.573223779604	0.568873852102	0.892218463026	0.644272595457	0.582890285162	0.4813919768	0.471725471242	0.947800869986	0.771387143548	0.620589656839	0.540840985984	0.494925084582	0.515224746254	0.918801353311	0.636056065732	0.453842435959	0.484291928468	0.53939101015	0.583856935718	0.559690671822	0.523924601257	0.452392460126	0.508458192363	0.637989366844	0.567907201547	0.0	0.44900918318	0.463992266796	0.589173513775	0.52537457709	0.720637989367	0.684388593523	0.534557757371	0.487191880135	0.47462542291	0.641372643789	0.575157080715	0.643305944901	0.591106814886	0.567423876269	0.601256645723	0.522957950701	0.519091348478	0.512808119865	0.504108264862	0.579507008217	0.601739971	0.594490091832	0.570323827936	0.520057999033	0.551474142098
AC6	0.608989850169	0.519091348478	0.952150797487	0.628322861286	0.594490091832	0.504108264862	0.54857419043	0.479458675689	0.51377477042	0.461092315128	0.546157564041	0.524891251812	0.549057515708	0.866118898018	0.546640889319	0.568390526825	0.561140647656	0.565973900435	0.922184630256	0.73852102465	0.666022232963	0.579990333494	0.582890285162	0.597873368777	0.908651522475	0.626389560174	0.537941034316	0.567907201547	0.584340260996	0.587240212663	0.651522474625	0.605606573224	0.470758820686	0.485258579024	0.653455775737	0.565007249879	0.44900918318	0.0	0.509424842919	0.502658289029	0.470758820686	0.50700821653	0.472692121798	0.420492991783	0.557274045433	0.542774287095	0.69453842436	0.623489608507	0.654422426293	0.629289511841	0.623489608507	0.657805703238	0.554857419043	0.574190430159	0.572257129048	0.569840502658	0.553890768487	0.653455775737	0.582406959884	0.610923151281	0.539874335428	0.60657322378
AD6	0.582890285162	0.528274528758	0.969067182214	0.629289511841	0.586756887385	0.417593040116	0.630739487675	0.429192846786	0.432576123731	0.539874335428	0.45142580957	0.524891251812	0.512808119865	0.886418559691	0.587240212663	0.52537457709	0.477525374577	0.475108748188	0.942484291928	0.761237312711	0.626389560174	0.535524407927	0.536491058482	0.550507491542	0.913968100532	0.630256162397	0.479458675689	0.515224746254	0.549540840986	0.574673755437	0.599806669889	0.544224262929	0.453359110681	0.460125664572	0.625906234896	0.56935717738	0.463992266796	0.509424842919	0.0	0.543257612373	0.411309811503	0.697438376027	0.669405509908	0.517158047366	0.478975350411	0.454325761237	0.620106331561	0.542290961817	0.597390043499	0.567907201547	0.555340744321	0.585790236829	0.490091831803	0.485258579024	0.478492025133	0.479942000967	0.532141130981	0.57177380377	0.54857419043	0.563073948768	0.462542290962	0.530691155147
AE5	0.623006283229	0.523924601257	0.970517158047	0.625906234896	0.56935717738	0.548090865152	0.555824069599	0.556307394877	0.595456742388	0.514258095698	0.610439826003	0.51619139681	0.566940550991	0.885451909135	0.558240695988	0.56259062349	0.597390043499	0.602706621556	0.926051232479	0.751570807153	0.72692121798	0.631706138231	0.636056065732	0.651522474625	0.887385210246	0.651522474625	0.596423392943	0.607539874335	0.643789270179	0.647172547124	0.669888835186	0.623006283229	0.555824069599	0.574190430159	0.622522957951	0.565007249879	0.589173513775	0.502658289029	0.543257612373	0.0	0.351377477042	0.60415659739	0.572257129048	0.507974867086	0.626872885452	0.61575640406	0.663605606573	0.608506524891	0.64572257129	0.611889801837	0.606089898502	0.641855969067	0.529724504592	0.565007249879	0.587240212663	0.561623972934	0.548090865152	0.630739487675	0.55099081682	0.604639922668	0.572257129048	0.587723537941
AE6	0.59497341711	0.497825036249	0.968583856936	0.614789753504	0.560657322378	0.467858869019	0.581440309328	0.466408893185	0.510391493475	0.502174963751	0.525857902368	0.51619139681	0.520541324311	0.883518608023	0.555824069599	0.541324311261	0.532624456259	0.533591106815	0.938134364427	0.75688738521	0.681005316578	0.589173513775	0.589173513775	0.600773320445	0.90285161914	0.632189463509	0.536491058482	0.568873852102	0.597873368777	0.605123247946	0.636056065732	0.590623489609	0.473658772354	0.492025132914	0.603189946834	0.547124214596	0.52537457709	0.470758820686	0.411309811503	0.351377477042	0.0	0.638472692122	0.613823102948	0.47220879652	0.54857419043	0.530691155147	0.653455775737	0.587723537941	0.615273078782	0.590140164331	0.579990333494	0.624456259062	0.515708071532	0.51619139681	0.526824552924	0.523441275979	0.531174480425	0.608989850169	0.555340744321	0.577090381827	0.50459159014	0.572257129048
AF5	0.722571290478	0.635572740454	0.931367810536	0.655872402127	0.664572257129	0.681488641856	0.573223779604	0.656355727405	0.689221846303	0.575640405993	0.726437892702	0.62735621073	0.673755437409	0.846302561624	0.596423392943	0.679555340744	0.714354760754	0.723537941034	0.871435476075	0.722571290478	0.730787820203	0.684388593523	0.730787820203	0.727887868536	0.880135331078	0.711938134364	0.706621556307	0.699371677139	0.677138714355	0.679555340744	0.776220396327	0.728854519091	0.633156114065	0.660222329628	0.739004349928	0.675205413243	0.720637989367	0.50700821653	0.697438376027	0.60415659739	0.638472692122	0.0	0.278395360077	0.555824069599	0.732721121315	0.714354760754	0.766553890768	0.723054615756	0.735621072982	0.717738037699	0.731754470759	0.746737554374	0.695021749638	0.719188013533	0.730787820203	0.717738037699	0.677622039633	0.739487675205	0.684388593523	0.697438376027	0.719671338811	0.721604639923
AF6	0.695988400193	0.605606573224	0.930401159981	0.647172547124	0.656355727405	0.660705654906	0.549057515708	0.629772837119	0.663605606573	0.552924117931	0.706138231029	0.609473175447	0.653939101015	0.849685838569	0.575157080715	0.653455775737	0.693571773804	0.699855002417	0.879168680522	0.711938134364	0.718221362977	0.659255679072	0.700338327695	0.701788303528	0.881585306912	0.687771870469	0.675205413243	0.669405509908	0.650072498792	0.654905751571	0.753987433543	0.70372160464	0.60657322378	0.633156114065	0.730304494925	0.641372643789	0.684388593523	0.472692121798	0.669405509908	0.572257129048	0.613823102948	0.278395360077	0.0	0.524407926535	0.713388110198	0.693088448526	0.760753987434	0.692605123248	0.721604639923	0.702754954084	0.709038182697	0.731754470759	0.672788786854	0.698405026583	0.707588206863	0.695505074915	0.64572257129	0.722571290478	0.655389076849	0.685838569357	0.693088448526	0.691638472692
