	AA3	AA4	AB3	AB4	AC3	AC4	AD3	AD4	AE3	AE4	AF3	AF4	AG3	AG4	AH3	AH4	AA7	AA8	AB7	AB8	AC7	AC8	AD7	AD8	AE7	AE8	AF7	AF8	AG7	AG8	AH7	AH8	AA5	AA6	AB5	AB6	AC5	AC6	AD6	AE5	AE6	AF5	AF6	AG5	AH5	AH6	AA1	AA2	AB1	AB2	AC1	AC2	AD1	AD2	AE1	AE2	AF1	AF2	AG1	AG2	AH1	AH2
AA3	0.0	0.494441759304	0.936201063316	0.624456259062	0.659255679072	0.574673755437	0.681971967134	0.579023682939	0.569840502658	0.642822619623	0.620589656839	0.602223296278	0.58095698405	0.850169163847	0.649105848236	0.33107781537	0.579507008217	0.574190430159	0.857419043016	0.724021266312	0.617206379894	0.568390526825	0.59255679072	0.582890285162	0.83325277912	0.596906718221	0.569840502658	0.563557274045	0.582406959884	0.582890285162	0.590623489609	0.563073948768	0.588690188497	0.610439826003	0.743837602707	0.679072015466	0.601739971	0.612373127115	0.619139681005	0.637506041566	0.595456742388	0.707588206863	0.694055099082	0.622522957951	0.620106331561	0.624456259062	0.675688738521	0.643305944901	0.711454809087	0.66892218463	0.630256162397	0.660705654906	0.582406959884	0.559690671822	0.581440309328	0.57177380377	0.565973900435	0.656839052682	0.578540357661	0.652489125181	0.584823586274	0.650072498792
AA4	0.494441759304	0.0	0.954084098598	0.584823586274	0.57177380377	0.478008699855	0.594006766554	0.484291928468	0.505558240696	0.545190913485	0.55099081682	0.511358144031	0.474142097632	0.864668922185	0.379410343161	0.373127114548	0.529724504592	0.531174480425	0.899468342194	0.737554374094	0.643789270179	0.563557274045	0.574673755437	0.58095698405	0.880618656356	0.612373127115	0.540357660706	0.548090865152	0.581923634606	0.598840019333	0.625906234896	0.578057032383	0.505074915418	0.519091348478	0.673272112131	0.59255679072	0.554857419043	0.501691638473	0.529241179314	0.542290961817	0.470758820686	0.637022716288	0.597390043499	0.515708071532	0.566457225713	0.568873852102	0.65732237796	0.591590140164	0.638472692122	0.622039632673	0.597873368777	0.63653939101	0.547607539874	0.512808119865	0.53020782987	0.515708071532	0.498791686805	0.630256162397	0.501691638473	0.605606573224	0.52779120348	0.592073465442
AB3	0.936201063316	0.954084098598	0.0	0.679072015466	0.9212179797	0.953117448043	0.957950700822	0.946350894152	0.938617689705	0.954084098598	0.977767037216	0.939584340261	0.968100531658	0.347510874819	0.965683905268	0.943450942484	0.973900434993	0.976317061382	0.740454325761	0.752537457709	0.890285161914	0.907201546641	0.961817303045	0.948284195263	0.852102464959	0.901884968584	0.94683421943	0.936684388594	0.847752537458	0.845819236346	0.955534074432	0.958917351377	0.963750604157	0.965683905268	0.977767037216	0.971483808603	0.97680038666	0.957467375544	0.978250362494	0.978250362494	0.977767037216	0.940550990817	0.937167713871	0.950217496375	0.979700338328	0.97680038666	0.977767037216	0.977283711938	0.975350410826	0.978250362494	0.975833736104	0.974383760271	0.977283711938	0.978250362494	0.979700338328	0.977767037216	0.977767037216	0.977767037216	0.977767037216	0.980183663606	0.977767037216	0.977283711938
AB4	0.624456259062	0.584823586274	0.679072015466	0.0	0.634606089899	0.611889801837	0.705654905752	0.618656355727	0.619139681005	0.659255679072	0.657805703238	0.622522957951	0.49299178347	0.564040599323	0.614789753504	0.581440309328	0.633639439343	0.633639439343	0.738037699372	0.571290478492	0.642339294345	0.608506524891	0.652972450459	0.641372643789	0.799420009667	0.647172547124	0.645239246013	0.637989366844	0.5601739971	0.590623489609	0.683905268246	0.647172547124	0.645239246013	0.657805703238	0.734654422426	0.6805219913	0.661188980184	0.643305944901	0.641372643789	0.646205896568	0.625422909618	0.677138714355	0.675688738521	0.641855969067	0.679555340744	0.676655389077	0.70130497825	0.670372160464	0.704204929918	0.683421942968	0.671822136298	0.689221846303	0.65055582407	0.639439342678	0.661188980184	0.647172547124	0.644272595457	0.6805219913	0.640889318511	0.669405509908	0.650072498792	0.672305461576
AC3	0.659255679072	0.57177380377	0.9212179797	0.634606089899	0.0	0.497341710971	0.647655872402	0.545674238763	0.574673755437	0.596423392943	0.61575640406	0.310778153697	0.601739971	0.834219429676	0.595940067666	0.59255679072	0.603673272112	0.602706621556	0.86563557274	0.754470758821	0.722571290478	0.674238762687	0.717254712421	0.71290478492	0.832769453842	0.691638472692	0.644755920735	0.686805219913	0.672788786854	0.681005316578	0.706138231029	0.662638956017	0.608989850169	0.632189463509	0.620589656839	0.574190430159	0.612856452392	0.573223779604	0.573223779604	0.555824069599	0.550024166264	0.654422426293	0.636056065732	0.561140647656	0.634122764621	0.627839536008	0.577090381827	0.566940550991	0.564040599323	0.563557274045	0.581440309328	0.570323827936	0.538424359594	0.564040599323	0.577573707105	0.563073948768	0.618173030449	0.570323827936	0.624456259062	0.57177380377	0.616239729338	0.569840502658
AC4	0.574673755437	0.478008699855	0.953117448043	0.611889801837	0.497341710971	0.0	0.618656355727	0.420976317061	0.427259545674	0.535524407927	0.34944417593	0.414693088449	0.506041565974	0.863218946351	0.556307394877	0.520541324311	0.459159014016	0.46302561624	0.911068148864	0.748187530208	0.586756887385	0.531657805703	0.526341227646	0.517158047366	0.885935234413	0.587723537941	0.480908651522	0.522957950701	0.529241179314	0.548090865152	0.577573707105	0.528274528758	0.446109231513	0.474142097632	0.655872402127	0.575157080715	0.477042049299	0.505074915418	0.433059449009	0.564523924601	0.468825519575	0.676172063799	0.649105848236	0.510874818753	0.526824552924	0.494925084582	0.635089415176	0.572257129048	0.596423392943	0.594006766554	0.573223779604	0.612373127115	0.494925084582	0.513291445143	0.521507974867	0.501208313195	0.534557757371	0.616239729338	0.542290961817	0.575640405993	0.471242145964	0.575640405993
AD3	0.681971967134	0.594006766554	0.957950700822	0.705654905752	0.647655872402	0.618656355727	0.0	0.523924601257	0.633639439343	0.373610439826	0.678105364911	0.617689705172	0.639922667956	0.873852102465	0.583856935718	0.642339294345	0.688738521025	0.691155147414	0.935717738038	0.783470275495	0.71290478492	0.689221846303	0.692605123248	0.687771870469	0.91203479942	0.680038666022	0.696471725471	0.691638472692	0.690188496858	0.6805219913	0.714354760754	0.692605123248	0.633639439343	0.649589173514	0.751087481875	0.669888835186	0.67133881102	0.533591106815	0.623489608507	0.594490091832	0.572740454326	0.551474142098	0.52779120348	0.545190913485	0.691638472692	0.6805219913	0.766553890768	0.722571290478	0.738037699372	0.721604639923	0.714838086032	0.746737554374	0.674722087965	0.67133881102	0.674238762687	0.658772353794	0.642339294345	0.743354277429	0.653455775737	0.712421459642	0.687771870469	0.726437892702
AD4	0.579023682939	0.484291928468	0.946350894152	0.618656355727	0.545674238763	0.420976317061	0.523924601257	0.0	0.314161430643	0.426292895118	0.448042532624	0.478975350411	0.519091348478	0.858385693572	0.538424359594	0.527307878202	0.461092315128	0.468342194297	0.93523441276	0.765587240213	0.562107298212	0.498308361527	0.515224746254	0.508941517641	0.904301594973	0.60415659739	0.454809086515	0.484775253746	0.505558240696	0.552440792653	0.570323827936	0.521507974867	0.407926534558	0.44224262929	0.649589173514	0.550024166264	0.448525857902	0.470758820686	0.423876268729	0.559690671822	0.448525857902	0.645239246013	0.605606573224	0.476558724021	0.503624939584	0.476558724021	0.65732237796	0.604639922668	0.631222812953	0.625422909618	0.595456742388	0.63653939101	0.523924601257	0.51377477042	0.522957950701	0.508941517641	0.527307878202	0.633156114065	0.538424359594	0.614789753504	0.501691638473	0.602223296278
AE3	0.569840502658	0.505558240696	0.938617689705	0.619139681005	0.574673755437	0.427259545674	0.633639439343	0.314161430643	0.0	0.528274528758	0.41904301595	0.510391493475	0.514258095698	0.85645239246	0.561140647656	0.528757854036	0.421459642339	0.429192846786	0.9212179797	0.755920734654	0.545674238763	0.472692121798	0.479942000967	0.477525374577	0.88883518608	0.588690188497	0.422909618173	0.455775737071	0.492508458192	0.545674238763	0.534557757371	0.495891735138	0.395360077332	0.452392460126	0.678105364911	0.59497341711	0.435476075399	0.515708071532	0.446592556791	0.610923151281	0.50459159014	0.683905268246	0.648622522958	0.519574673755	0.517641372644	0.487191880135	0.66892218463	0.610439826003	0.642339294345	0.63653939101	0.600289995167	0.651522474625	0.532624456259	0.533591106815	0.547607539874	0.532624456259	0.543257612373	0.65055582407	0.554857419043	0.61333977767	0.498308361527	0.608989850169
AE4	0.642822619623	0.545190913485	0.954084098598	0.659255679072	0.596423392943	0.535524407927	0.373610439826	0.426292895118	0.528274528758	0.0	0.596906718221	0.561623972934	0.596906718221	0.867568873852	0.554374093765	0.589173513775	0.597390043499	0.60657322378	0.942000966651	0.771387143548	0.643789270179	0.598356694055	0.603673272112	0.599323344611	0.910101498308	0.619623006283	0.609956500725	0.602223296278	0.596906718221	0.602706621556	0.643789270179	0.598356694055	0.54857419043	0.574190430159	0.718221362977	0.626389560174	0.587240212663	0.490575157081	0.550024166264	0.553890768487	0.526341227646	0.584340260996	0.56935717738	0.515708071532	0.632672788787	0.603189946834	0.728371193813	0.678105364911	0.704688255196	0.694055099082	0.678105364911	0.71290478492	0.631706138231	0.62735621073	0.625422909618	0.613823102948	0.592073465442	0.710004833253	0.607539874335	0.679555340744	0.607539874335	0.681971967134
AF3	0.620589656839	0.55099081682	0.977767037216	0.657805703238	0.61575640406	0.34944417593	0.678105364911	0.448042532624	0.41904301595	0.596906718221	0.0	0.519574673755	0.555824069599	0.891735137748	0.608506524891	0.585790236829	0.43064282262	0.431609473175	0.955050749154	0.795553407443	0.588690188497	0.538424359594	0.440792653456	0.448525857902	0.921701304978	0.625906234896	0.446592556791	0.5186080232	0.53939101015	0.591106814886	0.536007733204	0.512808119865	0.430159497342	0.495891735138	0.667955534074	0.608989850169	0.414209763171	0.549540840986	0.441275978734	0.631706138231	0.521991300145	0.723537941034	0.699371677139	0.557274045433	0.520057999033	0.478975350411	0.65973900435	0.601256645723	0.644755920735	0.62493958434	0.591106814886	0.639439342678	0.541324311261	0.524891251812	0.53020782987	0.520541324311	0.574190430159	0.642822619623	0.586273562107	0.602706621556	0.505074915418	0.600289995167
AF4	0.602223296278	0.511358144031	0.939584340261	0.622522957951	0.310778153697	0.414693088449	0.617689705172	0.478975350411	0.510391493475	0.561623972934	0.519574673755	0.0	0.552924117931	0.849685838569	0.564040599323	0.532624456259	0.540840985984	0.542290961817	0.885451909135	0.736587723538	0.675205413243	0.621072982117	0.652005799903	0.643789270179	0.846302561624	0.628322861286	0.579507008217	0.624456259062	0.621072982117	0.630739487675	0.64813919768	0.602706621556	0.546157564041	0.564040599323	0.604639922668	0.517158047366	0.547124214596	0.539874335428	0.514258095698	0.519091348478	0.493958434026	0.642339294345	0.611406476559	0.523441275979	0.564523924601	0.555340744321	0.589173513775	0.534074432093	0.565490575157	0.541324311261	0.534074432093	0.565490575157	0.487675205413	0.502658289029	0.520541324311	0.496375060416	0.554374093765	0.567423876269	0.564040599323	0.531657805703	0.554857419043	0.528274528758
AG3	0.58095698405	0.474142097632	0.968100531658	0.49299178347	0.601739971	0.506041565974	0.639922667956	0.519091348478	0.514258095698	0.596906718221	0.555824069599	0.552924117931	0.0	0.853069115515	0.51619139681	0.508941517641	0.493475108748	0.48622522958	0.929434509425	0.76848719188	0.664572257129	0.590623489609	0.590623489609	0.605606573224	0.885935234413	0.628322861286	0.547607539874	0.576607056549	0.599806669889	0.617206379894	0.637022716288	0.582890285162	0.521024649589	0.533591106815	0.676655389077	0.612373127115	0.543740937651	0.536007733204	0.532141130981	0.571290478492	0.507491541808	0.676655389077	0.64813919768	0.538907684872	0.572257129048	0.568873852102	0.621556307395	0.584823586274	0.628322861286	0.608023199613	0.579990333494	0.611406476559	0.526824552924	0.515708071532	0.54857419043	0.522957950701	0.536007733204	0.608989850169	0.54857419043	0.589173513775	0.508941517641	0.584823586274
AG4	0.850169163847	0.864668922185	0.347510874819	0.564040599323	0.834219429676	0.863218946351	0.873852102465	0.858385693572	0.85645239246	0.867568873852	0.891735137748	0.849685838569	0.853069115515	0.0	0.8796520058	0.854035766071	0.89125181247	0.892218463026	0.711938134364	0.674238762687	0.81488641856	0.830836152731	0.883035282745	0.87046882552	0.823586273562	0.82165297245	0.869018849686	0.859352344128	0.76848719188	0.758820686322	0.884001933301	0.876268728855	0.881101981634	0.881101981634	0.908651522475	0.893668438859	0.892218463026	0.866118898018	0.88883518608	0.889318511358	0.889801836636	0.860318994683	0.855002416626	0.87046882552	0.897535041083	0.892701788304	0.893185113581	0.893668438859	0.892701788304	0.887868535524	0.898018366361	0.892701788304	0.899468342194	0.892701788304	0.901884968584	0.895118414693	0.897051715805	0.896568390527	0.895118414693	0.88883518608	0.896085065249	0.895601739971
AH3	0.649105848236	0.379410343161	0.965683905268	0.614789753504	0.595940067666	0.556307394877	0.583856935718	0.538424359594	0.561140647656	0.554374093765	0.608506524891	0.564040599323	0.51619139681	0.8796520058	0.0	0.521507974867	0.593523441276	0.59497341711	0.936684388594	0.773320444659	0.696471725471	0.633639439343	0.634122764621	0.643305944901	0.90285161914	0.678588690188	0.634606089899	0.631222812953	0.643789270179	0.663605606573	0.688255195747	0.635089415176	0.548090865152	0.573707104882	0.721121314645	0.64813919768	0.623972933784	0.535041082649	0.596906718221	0.549057515708	0.540840985984	0.602706621556	0.56935717738	0.553407443209	0.638472692122	0.636056065732	0.702271628806	0.628322861286	0.661672305462	0.662638956017	0.646689221846	0.68293861769	0.610923151281	0.596423392943	0.60657322378	0.606089898502	0.577090381827	0.673272112131	0.5601739971	0.641855969067	0.598356694055	0.634606089899
AH4	0.33107781537	0.373127114548	0.943450942484	0.581440309328	0.59255679072	0.520541324311	0.642339294345	0.527307878202	0.528757854036	0.589173513775	0.585790236829	0.532624456259	0.508941517641	0.854035766071	0.521507974867	0.0	0.535524407927	0.541807636539	0.872402126631	0.72692121798	0.629289511841	0.56259062349	0.579507008217	0.577573707105	0.845819236346	0.60415659739	0.549057515708	0.54857419043	0.568390526825	0.579990333494	0.598840019333	0.555340744321	0.544224262929	0.555824069599	0.691155147414	0.61575640406	0.573707104882	0.55099081682	0.5601739971	0.567423876269	0.52537457709	0.668438859352	0.635089415176	0.560657322378	0.590623489609	0.586273562107	0.644755920735	0.593523441276	0.662155630739	0.62493958434	0.594006766554	0.630256162397	0.545190913485	0.514258095698	0.532624456259	0.521991300145	0.506041565974	0.625422909618	0.5186080232	0.612373127115	0.543257612373	0.59497341711
AA7	0.579507008217	0.529724504592	0.973900434993	0.633639439343	0.603673272112	0.459159014016	0.688738521025	0.461092315128	0.421459642339	0.597390043499	0.43064282262	0.540840985984	0.493475108748	0.89125181247	0.593523441276	0.535524407927	0.0	0.282261962301	0.913484775254	0.778153697438	0.580473658772	0.502658289029	0.484775253746	0.489125181247	0.875302078299	0.604639922668	0.426292895118	0.478008699855	0.536491058482	0.578057032383	0.515224746254	0.427742870952	0.421459642339	0.467375543741	0.683421942968	0.625422909618	0.44900918318	0.549540840986	0.460125664572	0.619139681005	0.524407926535	0.719671338811	0.689221846303	0.562107298212	0.538907684872	0.497825036249	0.636056065732	0.585790236829	0.641372643789	0.619139681005	0.563557274045	0.608989850169	0.511358144031	0.497341710971	0.517158047366	0.505074915418	0.524891251812	0.612373127115	0.545190913485	0.602706621556	0.49299178347	0.591590140164
AA8	0.574190430159	0.531174480425	0.976317061382	0.633639439343	0.602706621556	0.46302561624	0.691155147414	0.468342194297	0.429192846786	0.60657322378	0.431609473175	0.542290961817	0.48622522958	0.892218463026	0.59497341711	0.541807636539	0.282261962301	0.0	0.922667955534	0.779603673272	0.567423876269	0.492025132914	0.476558724021	0.477525374577	0.866118898018	0.595456742388	0.424359594007	0.464958917351	0.523441275979	0.569840502658	0.480425326245	0.391493475109	0.425809569841	0.489608506525	0.70372160464	0.641855969067	0.445142580957	0.561623972934	0.467858869019	0.608989850169	0.52779120348	0.728371193813	0.695988400193	0.563073948768	0.541324311261	0.510391493475	0.640889318511	0.590140164331	0.64572257129	0.626389560174	0.570807153214	0.61575640406	0.515224746254	0.502174963751	0.53020782987	0.517641372644	0.531174480425	0.618656355727	0.544707588207	0.608023199613	0.476075398743	0.593040115998
AB7	0.857419043016	0.899468342194	0.740454325761	0.738037699372	0.86563557274	0.911068148864	0.935717738038	0.93523441276	0.9212179797	0.942000966651	0.955050749154	0.885451909135	0.929434509425	0.711938134364	0.936684388594	0.872402126631	0.913484775254	0.922667955534	0.0	0.400676655389	0.806669888835	0.840502658289	0.93523441276	0.916384726921	0.731271145481	0.815369743838	0.896085065249	0.881585306912	0.746254229096	0.698888351861	0.883035282745	0.893668438859	0.925567907202	0.939584340261	0.941517641373	0.941034316095	0.950217496375	0.913968100532	0.947317544708	0.926051232479	0.939101014983	0.872885451909	0.867085548574	0.912518124698	0.958917351377	0.950217496375	0.919284678589	0.922184630256	0.941034316095	0.93281778637	0.921701304978	0.911068148864	0.915418076365	0.911068148864	0.91445142581	0.916868052199	0.916868052199	0.917351377477	0.920251329145	0.929434509425	0.952150797487	0.927017883035
AB8	0.724021266312	0.737554374094	0.752537457709	0.571290478492	0.754470758821	0.748187530208	0.783470275495	0.765587240213	0.755920734654	0.771387143548	0.795553407443	0.736587723538	0.76848719188	0.674238762687	0.773320444659	0.72692121798	0.778153697438	0.779603673272	0.400676655389	0.0	0.658772353794	0.679555340744	0.763170613823	0.742870952151	0.749154180764	0.663605606573	0.72692121798	0.710004833253	0.556790720155	0.537457709038	0.750604156597	0.753020782987	0.764620589657	0.778637022716	0.816336394393	0.779603673272	0.783470275495	0.747220879652	0.782986950217	0.769453842436	0.768970517158	0.728371193813	0.715804736588	0.745770903818	0.796520057999	0.794103431609	0.818753020783	0.774770420493	0.802803286612	0.781053649106	0.786370227163	0.789753504108	0.78008699855	0.776703721605	0.776703721605	0.77090381827	0.763653939101	0.798936684389	0.766070565491	0.768970517158	0.784920251329	0.772353794103
AC7	0.617206379894	0.643789270179	0.890285161914	0.642339294345	0.722571290478	0.586756887385	0.71290478492	0.562107298212	0.545674238763	0.643789270179	0.588690188497	0.675205413243	0.664572257129	0.81488641856	0.696471725471	0.629289511841	0.580473658772	0.567423876269	0.806669888835	0.658772353794	0.0	0.352827452876	0.563557274045	0.546640889319	0.816819719671	0.581923634606	0.540840985984	0.514741420976	0.445625906235	0.474142097632	0.558240695988	0.54857419043	0.550507491542	0.598356694055	0.809086515225	0.739971000483	0.608989850169	0.643305944901	0.599806669889	0.721604639923	0.652489125181	0.71290478492	0.698888351861	0.633639439343	0.644272595457	0.614789753504	0.803769937168	0.753987433543	0.790236829386	0.780570323828	0.733204446593	0.782020299662	0.6805219913	0.663605606573	0.678105364911	0.667955534074	0.661188980184	0.78008699855	0.664088931851	0.755437409377	0.611889801837	0.752537457709
AC8	0.568390526825	0.563557274045	0.907201546641	0.608506524891	0.674238762687	0.531657805703	0.689221846303	0.498308361527	0.472692121798	0.598356694055	0.538424359594	0.621072982117	0.590623489609	0.830836152731	0.633639439343	0.56259062349	0.502658289029	0.492025132914	0.840502658289	0.679555340744	0.352827452876	0.0	0.490575157081	0.473175447076	0.82406959884	0.541324311261	0.399226679555	0.369743837603	0.434509424843	0.474142097632	0.515708071532	0.479942000967	0.47462542291	0.517158047366	0.738037699372	0.673755437409	0.536491058482	0.578057032383	0.537457709038	0.652489125181	0.583856935718	0.6805219913	0.662638956017	0.573223779604	0.587240212663	0.554374093765	0.727404543258	0.674722087965	0.724987916868	0.714838086032	0.660705654906	0.705654905752	0.607056549058	0.59255679072	0.605123247946	0.596423392943	0.581923634606	0.703238279362	0.584340260996	0.691638472692	0.544707588207	0.676172063799
AD7	0.59255679072	0.574673755437	0.961817303045	0.652972450459	0.717254712421	0.526341227646	0.692605123248	0.515224746254	0.479942000967	0.603673272112	0.440792653456	0.652005799903	0.590623489609	0.883035282745	0.634122764621	0.579507008217	0.484775253746	0.476558724021	0.93523441276	0.763170613823	0.563557274045	0.490575157081	0.0	0.303528274529	0.899951667472	0.530691155147	0.4398260029	0.466892218463	0.501691638473	0.556790720155	0.506524891252	0.478492025133	0.477042049299	0.542290961817	0.752054132431	0.676655389077	0.503624939584	0.599806669889	0.536491058482	0.65732237796	0.587240212663	0.726437892702	0.702754954084	0.598356694055	0.576123731271	0.553890768487	0.742387626873	0.671822136298	0.73610439826	0.724021266312	0.665055582407	0.707104881585	0.615273078782	0.602223296278	0.60657322378	0.606089898502	0.587723537941	0.711938134364	0.594006766554	0.695988400193	0.5601739971	0.675688738521
AD8	0.582890285162	0.58095698405	0.948284195263	0.641372643789	0.71290478492	0.517158047366	0.687771870469	0.508941517641	0.477525374577	0.599323344611	0.448525857902	0.643789270179	0.605606573224	0.87046882552	0.643305944901	0.577573707105	0.489125181247	0.477525374577	0.916384726921	0.742870952151	0.546640889319	0.473175447076	0.303528274529	0.0	0.855002416626	0.493475108748	0.429676172064	0.460125664572	0.481875302078	0.533591106815	0.493475108748	0.4813919768	0.487191880135	0.542774287095	0.757854035766	0.684388593523	0.506041565974	0.596906718221	0.547124214596	0.664088931851	0.595940067666	0.716771387144	0.697438376027	0.597390043499	0.580473658772	0.55775737071	0.74528757854	0.679072015466	0.741904301595	0.730787820203	0.666505558241	0.710004833253	0.622039632673	0.612373127115	0.612373127115	0.608989850169	0.597390043499	0.717738037699	0.60657322378	0.697921701305	0.564040599323	0.684388593523
AE7	0.83325277912	0.880618656356	0.852102464959	0.799420009667	0.832769453842	0.885935234413	0.91203479942	0.904301594973	0.88883518608	0.910101498308	0.921701304978	0.846302561624	0.885935234413	0.823586273562	0.90285161914	0.845819236346	0.875302078299	0.866118898018	0.731271145481	0.749154180764	0.816819719671	0.82406959884	0.899951667472	0.855002416626	0.0	0.537457709038	0.873368777187	0.860802319961	0.760753987434	0.761720637989	0.839536007733	0.850652489125	0.901401643306	0.91203479942	0.928951184147	0.922184630256	0.915901401643	0.900918318028	0.917351377477	0.873368777187	0.899951667472	0.881101981634	0.872402126631	0.868535524408	0.937167713871	0.923151280812	0.890768487192	0.902368293862	0.913001449976	0.896085065249	0.898018366361	0.892701788304	0.895601739971	0.893668438859	0.904784920251	0.896568390527	0.900918318028	0.892218463026	0.900918318028	0.907201546641	0.916384726921	0.911068148864
AE8	0.596906718221	0.612373127115	0.901884968584	0.647172547124	0.691638472692	0.587723537941	0.680038666022	0.60415659739	0.588690188497	0.619623006283	0.625906234896	0.628322861286	0.628322861286	0.82165297245	0.678588690188	0.60415659739	0.604639922668	0.595456742388	0.815369743838	0.663605606573	0.581923634606	0.541324311261	0.530691155147	0.493475108748	0.537457709038	0.0	0.574190430159	0.559207346544	0.516674722088	0.499275012083	0.582890285162	0.574190430159	0.609473175447	0.619139681005	0.761237312711	0.697438376027	0.623006283229	0.611406476559	0.62735621073	0.656839052682	0.620589656839	0.687288545191	0.666505558241	0.586756887385	0.646689221846	0.625906234896	0.748670855486	0.695505074915	0.750604156597	0.721604639923	0.689221846303	0.728854519091	0.655389076849	0.650072498792	0.652489125181	0.636056065732	0.638472692122	0.731271145481	0.652972450459	0.703238279362	0.612856452392	0.697921701305
AF7	0.569840502658	0.540357660706	0.94683421943	0.645239246013	0.644755920735	0.480908651522	0.696471725471	0.454809086515	0.422909618173	0.609956500725	0.446592556791	0.579507008217	0.547607539874	0.869018849686	0.634606089899	0.549057515708	0.426292895118	0.424359594007	0.896085065249	0.72692121798	0.540840985984	0.399226679555	0.4398260029	0.429676172064	0.873368777187	0.574190430159	0.0	0.316578057032	0.48380860319	0.528274528758	0.482841952634	0.483325277912	0.425809569841	0.475108748188	0.682455292412	0.619139681005	0.4398260029	0.532141130981	0.48622522958	0.623972933784	0.527307878202	0.707588206863	0.673272112131	0.538424359594	0.531657805703	0.498791686805	0.655872402127	0.605123247946	0.667955534074	0.658289028516	0.595940067666	0.632672788787	0.542290961817	0.528757854036	0.536491058482	0.535524407927	0.547607539874	0.623006283229	0.554374093765	0.625906234896	0.487191880135	0.603189946834
AF8	0.563557274045	0.548090865152	0.936684388594	0.637989366844	0.686805219913	0.522957950701	0.691638472692	0.484775253746	0.455775737071	0.602223296278	0.5186080232	0.624456259062	0.576607056549	0.859352344128	0.631222812953	0.54857419043	0.478008699855	0.464958917351	0.881585306912	0.710004833253	0.514741420976	0.369743837603	0.466892218463	0.460125664572	0.860802319961	0.559207346544	0.316578057032	0.0	0.466408893185	0.517158047366	0.510874818753	0.474142097632	0.456259062349	0.514741420976	0.720637989367	0.652005799903	0.494441759304	0.5601739971	0.525857902368	0.625906234896	0.565490575157	0.691638472692	0.655389076849	0.561623972934	0.575640405993	0.541807636539	0.692605123248	0.642339294345	0.704688255196	0.695021749638	0.637506041566	0.672305461576	0.582406959884	0.57177380377	0.581440309328	0.573707104882	0.549057515708	0.665055582407	0.552924117931	0.666022232963	0.515224746254	0.641855969067
AG7	0.582406959884	0.581923634606	0.847752537458	0.5601739971	0.672788786854	0.529241179314	0.690188496858	0.505558240696	0.492508458192	0.596906718221	0.53939101015	0.621072982117	0.599806669889	0.76848719188	0.643789270179	0.568390526825	0.536491058482	0.523441275979	0.746254229096	0.556790720155	0.445625906235	0.434509424843	0.501691638473	0.481875302078	0.760753987434	0.516674722088	0.48380860319	0.466408893185	0.0	0.316094731754	0.53697438376	0.509908168197	0.507974867086	0.543257612373	0.752537457709	0.676172063799	0.534557757371	0.581923634606	0.53939101015	0.648622522958	0.579023682939	0.670855485742	0.642339294345	0.567423876269	0.594006766554	0.561623972934	0.741420976317	0.675205413243	0.726437892702	0.721604639923	0.661672305462	0.711454809087	0.609956500725	0.614789753504	0.613823102948	0.603673272112	0.607539874335	0.711938134364	0.614306428226	0.68970517158	0.566940550991	0.673272112131
AG8	0.582890285162	0.598840019333	0.845819236346	0.590623489609	0.681005316578	0.548090865152	0.6805219913	0.552440792653	0.545674238763	0.602706621556	0.591106814886	0.630739487675	0.617206379894	0.758820686322	0.663605606573	0.579990333494	0.578057032383	0.569840502658	0.698888351861	0.537457709038	0.474142097632	0.474142097632	0.556790720155	0.533591106815	0.761720637989	0.499275012083	0.528274528758	0.517158047366	0.316094731754	0.0	0.565973900435	0.55099081682	0.563073948768	0.582406959884	0.767037216046	0.691155147414	0.574673755437	0.578540357661	0.582406959884	0.663605606573	0.600773320445	0.679072015466	0.655389076849	0.580473658772	0.62493958434	0.59497341711	0.749637506042	0.685355244079	0.738037699372	0.725471242146	0.678105364911	0.719671338811	0.635572740454	0.629289511841	0.624456259062	0.613823102948	0.619623006283	0.72450459159	0.633639439343	0.692605123248	0.594490091832	0.681488641856
AH7	0.590623489609	0.625906234896	0.955534074432	0.683905268246	0.706138231029	0.577573707105	0.714354760754	0.570323827936	0.534557757371	0.643789270179	0.536007733204	0.64813919768	0.637022716288	0.884001933301	0.688255195747	0.598840019333	0.515224746254	0.480425326245	0.883035282745	0.750604156597	0.558240695988	0.515708071532	0.506524891252	0.493475108748	0.839536007733	0.582890285162	0.482841952634	0.510874818753	0.53697438376	0.565973900435	0.0	0.330111164814	0.561140647656	0.606089898502	0.781536974384	0.724987916868	0.549540840986	0.650072498792	0.600289995167	0.667955534074	0.631706138231	0.764620589657	0.753020782987	0.640889318511	0.651039149348	0.611406476559	0.750120831319	0.713871435476	0.763653939101	0.743354277429	0.695505074915	0.73852102465	0.637506041566	0.629772837119	0.62735621073	0.630256162397	0.614789753504	0.730304494925	0.631222812953	0.718221362977	0.610439826003	0.719188013533
AH8	0.563073948768	0.578057032383	0.958917351377	0.647172547124	0.662638956017	0.528274528758	0.692605123248	0.521507974867	0.495891735138	0.598356694055	0.512808119865	0.602706621556	0.582890285162	0.876268728855	0.635089415176	0.555340744321	0.427742870952	0.391493475109	0.893668438859	0.753020782987	0.54857419043	0.479942000967	0.478492025133	0.4813919768	0.850652489125	0.574190430159	0.483325277912	0.474142097632	0.509908168197	0.55099081682	0.330111164814	0.0	0.506524891252	0.552440792653	0.748187530208	0.684388593523	0.523441275979	0.598356694055	0.543740937651	0.62493958434	0.582890285162	0.722087965201	0.70130497825	0.594490091832	0.589656839053	0.56259062349	0.693571773804	0.658772353794	0.713871435476	0.688255195747	0.637022716288	0.672305461576	0.579023682939	0.570323827936	0.576607056549	0.575640405993	0.568390526825	0.670372160464	0.580473658772	0.667472208797	0.550507491542	0.664572257129
AA5	0.588690188497	0.505074915418	0.963750604157	0.645239246013	0.608989850169	0.446109231513	0.633639439343	0.407926534558	0.395360077332	0.54857419043	0.430159497342	0.546157564041	0.521024649589	0.881101981634	0.548090865152	0.544224262929	0.421459642339	0.425809569841	0.925567907202	0.764620589657	0.550507491542	0.47462542291	0.477042049299	0.487191880135	0.901401643306	0.609473175447	0.425809569841	0.456259062349	0.507974867086	0.563073948768	0.561140647656	0.506524891252	0.0	0.343160947318	0.676655389077	0.586756887385	0.453359110681	0.467858869019	0.454325761237	0.577090381827	0.471242145964	0.636056065732	0.605606573224	0.478975350411	0.52779120348	0.47220879652	0.68970517158	0.631706138231	0.662155630739	0.658772353794	0.62493958434	0.676655389077	0.537941034316	0.553407443209	0.565973900435	0.547124214596	0.53939101015	0.668438859352	0.549540840986	0.629289511841	0.50700821653	0.630256162397
AA6	0.610439826003	0.519091348478	0.965683905268	0.657805703238	0.632189463509	0.474142097632	0.649589173514	0.44224262929	0.452392460126	0.574190430159	0.495891735138	0.564040599323	0.533591106815	0.881101981634	0.573707104882	0.555824069599	0.467375543741	0.489608506525	0.939584340261	0.778637022716	0.598356694055	0.517158047366	0.542290961817	0.542774287095	0.91203479942	0.619139681005	0.475108748188	0.514741420976	0.543257612373	0.582406959884	0.606089898502	0.552440792653	0.343160947318	0.0	0.672788786854	0.584340260996	0.500241662639	0.492508458192	0.4813919768	0.593523441276	0.49540840986	0.663605606573	0.63653939101	0.507491541808	0.47462542291	0.42822619623	0.685838569357	0.634122764621	0.664572257129	0.658772353794	0.619623006283	0.670855485742	0.549540840986	0.551474142098	0.556790720155	0.542774287095	0.551474142098	0.663605606573	0.562107298212	0.62735621073	0.524891251812	0.630256162397
AB5	0.743837602707	0.673272112131	0.977767037216	0.734654422426	0.620589656839	0.655872402127	0.751087481875	0.649589173514	0.678105364911	0.718221362977	0.667955534074	0.604639922668	0.676655389077	0.908651522475	0.721121314645	0.691155147414	0.683421942968	0.70372160464	0.941517641373	0.816336394393	0.809086515225	0.738037699372	0.752054132431	0.757854035766	0.928951184147	0.761237312711	0.682455292412	0.720637989367	0.752537457709	0.767037216046	0.781536974384	0.748187530208	0.676655389077	0.672788786854	0.0	0.324794586757	0.621072982117	0.652972450459	0.622039632673	0.63653939101	0.602706621556	0.744320927985	0.730304494925	0.647655872402	0.625422909618	0.610923151281	0.612373127115	0.610439826003	0.62735621073	0.602223296278	0.610439826003	0.612373127115	0.586756887385	0.602706621556	0.623006283229	0.609956500725	0.658772353794	0.597390043499	0.666505558241	0.600289995167	0.673755437409	0.610923151281
AB6	0.679072015466	0.59255679072	0.971483808603	0.6805219913	0.574190430159	0.575157080715	0.669888835186	0.550024166264	0.59497341711	0.626389560174	0.608989850169	0.517158047366	0.612373127115	0.893668438859	0.64813919768	0.61575640406	0.625422909618	0.641855969067	0.941034316095	0.779603673272	0.739971000483	0.673755437409	0.676655389077	0.684388593523	0.922184630256	0.697438376027	0.619139681005	0.652005799903	0.676172063799	0.691155147414	0.724987916868	0.684388593523	0.586756887385	0.584340260996	0.324794586757	0.0	0.561140647656	0.567423876269	0.551474142098	0.56259062349	0.520057999033	0.668438859352	0.644755920735	0.533591106815	0.540840985984	0.528757854036	0.577090381827	0.529724504592	0.563557274045	0.546157564041	0.537941034316	0.564523924601	0.521507974867	0.544707588207	0.572740454326	0.55099081682	0.595456742388	0.549540840986	0.599323344611	0.526824552924	0.616723054616	0.529724504592
AC5	0.601739971	0.554857419043	0.97680038666	0.661188980184	0.612856452392	0.477042049299	0.67133881102	0.448525857902	0.435476075399	0.587240212663	0.414209763171	0.547124214596	0.543740937651	0.892218463026	0.623972933784	0.573707104882	0.44900918318	0.445142580957	0.950217496375	0.783470275495	0.608989850169	0.536491058482	0.503624939584	0.506041565974	0.915901401643	0.623006283229	0.4398260029	0.494441759304	0.534557757371	0.574673755437	0.549540840986	0.523441275979	0.453359110681	0.500241662639	0.621072982117	0.561140647656	0.0	0.44224262929	0.4398260029	0.594006766554	0.505074915418	0.706138231029	0.666505558241	0.529241179314	0.487675205413	0.448525857902	0.608023199613	0.566940550991	0.61575640406	0.59255679072	0.551474142098	0.597873368777	0.505558240696	0.496858385694	0.502658289029	0.492025132914	0.558240695988	0.589656839053	0.570323827936	0.56259062349	0.513291445143	0.565490575157
AC6	0.612373127115	0.501691638473	0.957467375544	0.643305944901	0.573223779604	0.505074915418	0.533591106815	0.470758820686	0.515708071532	0.490575157081	0.549540840986	0.539874335428	0.536007733204	0.866118898018	0.535041082649	0.55099081682	0.549540840986	0.561623972934	0.913968100532	0.747220879652	0.643305944901	0.578057032383	0.599806669889	0.596906718221	0.900918318028	0.611406476559	0.532141130981	0.5601739971	0.581923634606	0.578540357661	0.650072498792	0.598356694055	0.467858869019	0.492508458192	0.652972450459	0.567423876269	0.44224262929	0.0	0.509424842919	0.524407926535	0.464475592073	0.49540840986	0.452392460126	0.403576607057	0.559207346544	0.535041082649	0.663605606573	0.618656355727	0.645239246013	0.636056065732	0.610923151281	0.651039149348	0.566457225713	0.567907201547	0.560657322378	0.543740937651	0.549540840986	0.645239246013	0.558724021266	0.602706621556	0.550024166264	0.623972933784
AD6	0.619139681005	0.529241179314	0.978250362494	0.641372643789	0.573223779604	0.433059449009	0.623489608507	0.423876268729	0.446592556791	0.550024166264	0.441275978734	0.514258095698	0.532141130981	0.88883518608	0.596906718221	0.5601739971	0.460125664572	0.467858869019	0.947317544708	0.782986950217	0.599806669889	0.537457709038	0.536491058482	0.547124214596	0.917351377477	0.62735621073	0.48622522958	0.525857902368	0.53939101015	0.582406959884	0.600289995167	0.543740937651	0.454325761237	0.4813919768	0.622039632673	0.551474142098	0.4398260029	0.509424842919	0.0	0.550507491542	0.411309811503	0.695021749638	0.661672305462	0.520057999033	0.493475108748	0.453359110681	0.602706621556	0.554374093765	0.581923634606	0.569840502658	0.545674238763	0.595940067666	0.478975350411	0.484291928468	0.493958434026	0.471725471242	0.538907684872	0.593040115998	0.555824069599	0.559690671822	0.487191880135	0.551474142098
AE5	0.637506041566	0.542290961817	0.978250362494	0.646205896568	0.555824069599	0.564523924601	0.594490091832	0.559690671822	0.610923151281	0.553890768487	0.631706138231	0.519091348478	0.571290478492	0.889318511358	0.549057515708	0.567423876269	0.619139681005	0.608989850169	0.926051232479	0.769453842436	0.721604639923	0.652489125181	0.65732237796	0.664088931851	0.873368777187	0.656839052682	0.623972933784	0.625906234896	0.648622522958	0.663605606573	0.667955534074	0.62493958434	0.577090381827	0.593523441276	0.63653939101	0.56259062349	0.594006766554	0.524407926535	0.550507491542	0.0	0.371677138714	0.611889801837	0.576607056549	0.517158047366	0.632189463509	0.62735621073	0.649105848236	0.611889801837	0.634606089899	0.623489608507	0.612373127115	0.652005799903	0.555824069599	0.57177380377	0.595456742388	0.565490575157	0.566940550991	0.63653939101	0.561623972934	0.606089898502	0.586756887385	0.614306428226
AE6	0.595456742388	0.470758820686	0.977767037216	0.625422909618	0.550024166264	0.468825519575	0.572740454326	0.448525857902	0.50459159014	0.526341227646	0.521991300145	0.493958434026	0.507491541808	0.889801836636	0.540840985984	0.52537457709	0.524407926535	0.52779120348	0.939101014983	0.768970517158	0.652489125181	0.583856935718	0.587240212663	0.595940067666	0.899951667472	0.620589656839	0.527307878202	0.565490575157	0.579023682939	0.600773320445	0.631706138231	0.582890285162	0.471242145964	0.49540840986	0.602706621556	0.520057999033	0.505074915418	0.464475592073	0.411309811503	0.371677138714	0.0	0.637989366844	0.603189946834	0.457225712905	0.52779120348	0.515708071532	0.617689705172	0.574673755437	0.598840019333	0.589656839053	0.572740454326	0.614306428226	0.503141614306	0.490091831803	0.504108264862	0.477042049299	0.513291445143	0.609473175447	0.523924601257	0.569840502658	0.498791686805	0.574673755437
AF5	0.707588206863	0.637022716288	0.940550990817	0.677138714355	0.654422426293	0.676172063799	0.551474142098	0.645239246013	0.683905268246	0.584340260996	0.723537941034	0.642339294345	0.676655389077	0.860318994683	0.602706621556	0.668438859352	0.719671338811	0.728371193813	0.872885451909	0.728371193813	0.71290478492	0.6805219913	0.726437892702	0.716771387144	0.881101981634	0.687288545191	0.707588206863	0.691638472692	0.670855485742	0.679072015466	0.764620589657	0.722087965201	0.636056065732	0.663605606573	0.744320927985	0.668438859352	0.706138231029	0.49540840986	0.695021749638	0.611889801837	0.637989366844	0.0	0.28709521508	0.544224262929	0.726437892702	0.711454809087	0.754954084099	0.720154664089	0.734654422426	0.716288061866	0.727887868536	0.751087481875	0.699855002417	0.727404543258	0.730787820203	0.711938134364	0.678588690188	0.739971000483	0.677138714355	0.700338327695	0.719671338811	0.723537941034
AF6	0.694055099082	0.597390043499	0.937167713871	0.675688738521	0.636056065732	0.649105848236	0.52779120348	0.605606573224	0.648622522958	0.56935717738	0.699371677139	0.611406476559	0.64813919768	0.855002416626	0.56935717738	0.635089415176	0.689221846303	0.695988400193	0.867085548574	0.715804736588	0.698888351861	0.662638956017	0.702754954084	0.697438376027	0.872402126631	0.666505558241	0.673272112131	0.655389076849	0.642339294345	0.655389076849	0.753020782987	0.70130497825	0.605606573224	0.63653939101	0.730304494925	0.644755920735	0.666505558241	0.452392460126	0.661672305462	0.576607056549	0.603189946834	0.28709521508	0.0	0.513291445143	0.693571773804	0.683905268246	0.739971000483	0.696955050749	0.712421459642	0.688255195747	0.698888351861	0.727404543258	0.670855485742	0.686805219913	0.692605123248	0.676655389077	0.645239246013	0.722571290478	0.644272595457	0.669888835186	0.684388593523	0.699371677139
