	AA3	AA4	AB3	AB4	AC3	AC4	AD3	AD4	AE3	AE4	AF3	AF4	AG3	AG4	AH3	AH4	AA7	AA8	AB7	AB8	AC7	AC8	AD7	AD8	AE7	AE8	AF7	AF8	AG7	AG8	AH7	AH8	AA5	AA6	AB5	AB6	AC5	AC6	AD6	AE5	AE6	AF5	AF6	AG5	AH5	AH6	AA1	AA2	AB1	AB2	AC1	AC2	AD1	AD2	AE1	AE2	AF1	AF2	AG1	AG2	AH1	AH2
AA3	0.0	0.515224746254	0.927501208313	0.655872402127	0.668438859352	0.579990333494	0.667472208797	0.602706621556	0.582890285162	0.628806186564	0.621556307395	0.628322861286	0.601739971	0.852102464959	0.660222329628	0.33107781537	0.581440309328	0.577090381827	0.861768970517	0.717254712421	0.613823102948	0.571290478492	0.603189946834	0.587723537941	0.83566940551	0.594006766554	0.579990333494	0.572740454326	0.582406959884	0.588206863219	0.59255679072	0.570807153214	0.604639922668	0.608989850169	0.759787336878	0.676655389077	0.608023199613	0.618656355727	0.600773320445	0.634606089899	0.603189946834	0.735621072982	0.695988400193	0.62493958434	0.625422909618	0.61575640406	0.69453842436	0.662638956017	0.723054615756	0.675205413243	0.654422426293	0.669405509908	0.599323344611	0.565490575157	0.565973900435	0.574190430159	0.585306911551	0.665055582407	0.606089898502	0.684871918801	0.58337361044	0.650072498792
AA4	0.515224746254	0.0	0.939101014983	0.583856935718	0.57177380377	0.496375060416	0.581440309328	0.498308361527	0.522474625423	0.513291445143	0.560657322378	0.523441275979	0.494441759304	0.857902368294	0.37264378927	0.390043499275	0.552924117931	0.548090865152	0.894635089415	0.727887868536	0.657805703238	0.576123731271	0.586756887385	0.602223296278	0.876752054132	0.632672788787	0.5601739971	0.57177380377	0.605606573224	0.620106331561	0.637989366844	0.581440309328	0.52537457709	0.538907684872	0.676655389077	0.593523441276	0.58337361044	0.522957950701	0.540357660706	0.525857902368	0.505074915418	0.632189463509	0.59255679072	0.543257612373	0.590140164331	0.581923634606	0.65732237796	0.588206863219	0.636056065732	0.61575640406	0.608989850169	0.643305944901	0.52779120348	0.531657805703	0.540357660706	0.528274528758	0.507491541808	0.633639439343	0.515224746254	0.611406476559	0.533591106815	0.582890285162
AB3	0.927501208313	0.939101014983	0.0	0.675688738521	0.909134847753	0.94683421943	0.949250845819	0.940067665539	0.924601256646	0.942000966651	0.96520057999	0.931367810536	0.958917351377	0.334461092315	0.951184146931	0.939101014983	0.965683905268	0.962300628323	0.736587723538	0.757370710488	0.875302078299	0.910584823586	0.956500724988	0.94683421943	0.850652489125	0.884485258579	0.947317544708	0.923151280812	0.842435959401	0.829869502175	0.948284195263	0.948767520541	0.954084098598	0.953117448043	0.966167230546	0.960367327211	0.96761720638	0.94683421943	0.967133881102	0.966167230546	0.964717254712	0.926051232479	0.927984533591	0.945384243596	0.973417109715	0.966650555824	0.966650555824	0.966167230546	0.964233929435	0.96761720638	0.970517158047	0.96520057999	0.96761720638	0.966167230546	0.970517158047	0.966650555824	0.965683905268	0.966650555824	0.964233929435	0.969067182214	0.964717254712	0.96761720638
AB4	0.655872402127	0.583856935718	0.675688738521	0.0	0.627839536008	0.609956500725	0.675688738521	0.624456259062	0.610923151281	0.633156114065	0.646689221846	0.610439826003	0.484775253746	0.573707104882	0.611889801837	0.599806669889	0.647172547124	0.6389560174	0.717738037699	0.56935717738	0.647655872402	0.631222812953	0.666505558241	0.662155630739	0.788303528275	0.639439342678	0.658289028516	0.643305944901	0.555340744321	0.568873852102	0.695021749638	0.644755920735	0.648622522958	0.662155630739	0.722571290478	0.660222329628	0.654905751571	0.640405993233	0.639922667956	0.635089415176	0.62735621073	0.671822136298	0.659255679072	0.647172547124	0.692605123248	0.682455292412	0.706138231029	0.663605606573	0.691638472692	0.670372160464	0.672788786854	0.687771870469	0.642822619623	0.643789270179	0.661672305462	0.640405993233	0.650072498792	0.682455292412	0.639922667956	0.666022232963	0.662638956017	0.667472208797
AC3	0.668438859352	0.57177380377	0.909134847753	0.627839536008	0.0	0.470758820686	0.640889318511	0.540357660706	0.561623972934	0.579507008217	0.604639922668	0.324311261479	0.597873368777	0.825036249396	0.599323344611	0.600773320445	0.633156114065	0.603189946834	0.869018849686	0.749154180764	0.710971483809	0.66892218463	0.712421459642	0.722087965201	0.83325277912	0.690671822136	0.665538907685	0.684388593523	0.676655389077	0.694055099082	0.70372160464	0.658289028516	0.607539874335	0.627839536008	0.623972933784	0.576607056549	0.616239729338	0.591590140164	0.570807153214	0.547607539874	0.551474142098	0.660222329628	0.646689221846	0.567423876269	0.639922667956	0.642339294345	0.589173513775	0.58095698405	0.577090381827	0.567423876269	0.590140164331	0.58095698405	0.540357660706	0.561140647656	0.577573707105	0.561623972934	0.616239729338	0.575157080715	0.603673272112	0.591590140164	0.60415659739	0.58337361044
AC4	0.579990333494	0.496375060416	0.94683421943	0.609956500725	0.470758820686	0.0	0.605606573224	0.39342677622	0.40744320928	0.514258095698	0.341710971484	0.39584340261	0.50700821653	0.85886901885	0.566457225713	0.51377477042	0.491541807637	0.454325761237	0.918318028033	0.750604156597	0.585790236829	0.522474625423	0.52779120348	0.537457709038	0.885935234413	0.579990333494	0.498308361527	0.523924601257	0.540840985984	0.576607056549	0.575640405993	0.516674722088	0.453842435959	0.470275495408	0.637022716288	0.538424359594	0.457709038183	0.515224746254	0.43064282262	0.532624456259	0.470275495408	0.672305461576	0.642822619623	0.503141614306	0.48380860319	0.478975350411	0.624456259062	0.567907201547	0.591106814886	0.576123731271	0.566940550991	0.608023199613	0.489608506525	0.485258579024	0.495891735138	0.494925084582	0.536491058482	0.598356694055	0.550024166264	0.564040599323	0.463992266796	0.559207346544
AD3	0.667472208797	0.581440309328	0.949250845819	0.675688738521	0.640889318511	0.605606573224	0.0	0.518124697922	0.633156114065	0.346544224263	0.658289028516	0.590623489609	0.624456259062	0.866602223296	0.569840502658	0.626389560174	0.671822136298	0.673272112131	0.937167713871	0.770420492992	0.701788303528	0.687288545191	0.6805219913	0.678105364911	0.914934751087	0.691155147414	0.686805219913	0.679072015466	0.68293861769	0.675688738521	0.713871435476	0.683421942968	0.620589656839	0.643789270179	0.738037699372	0.663122281295	0.663605606573	0.531657805703	0.612373127115	0.568873852102	0.546157564041	0.576123731271	0.534074432093	0.541807636539	0.689221846303	0.677622039633	0.748670855486	0.702271628806	0.722571290478	0.709521507975	0.699371677139	0.728854519091	0.64572257129	0.651522474625	0.651522474625	0.642822619623	0.622039632673	0.721604639923	0.633156114065	0.711454809087	0.673755437409	0.694055099082
AD4	0.602706621556	0.498308361527	0.940067665539	0.624456259062	0.540357660706	0.39342677622	0.518124697922	0.0	0.315128081199	0.412759787337	0.425326244563	0.478008699855	0.519574673755	0.857419043016	0.547607539874	0.534557757371	0.471242145964	0.438376027066	0.942484291928	0.775253745771	0.577573707105	0.509424842919	0.505074915418	0.517641372644	0.913484775254	0.603189946834	0.465442242629	0.4813919768	0.515708071532	0.585306911551	0.554374093765	0.490575157081	0.396810053166	0.452392460126	0.658289028516	0.566940550991	0.447075882069	0.493475108748	0.440792653456	0.54857419043	0.476558724021	0.643789270179	0.605606573224	0.480425326245	0.496375060416	0.478975350411	0.651039149348	0.59255679072	0.623972933784	0.617689705172	0.600289995167	0.637506041566	0.509424842919	0.51377477042	0.508458192363	0.521507974867	0.536491058482	0.632672788787	0.555824069599	0.618656355727	0.489608506525	0.585790236829
AE3	0.582890285162	0.522474625423	0.924601256646	0.610923151281	0.561623972934	0.40744320928	0.633156114065	0.315128081199	0.0	0.520057999033	0.394876752054	0.503624939584	0.510874818753	0.851135814403	0.566457225713	0.53939101015	0.453359110681	0.417109714838	0.922184630256	0.754470758821	0.560657322378	0.484291928468	0.479458675689	0.496858385694	0.889801836636	0.58095698405	0.4398260029	0.455775737071	0.496858385694	0.563073948768	0.531657805703	0.480908651522	0.394393426776	0.461575640406	0.666988883519	0.584823586274	0.437892701788	0.532624456259	0.456742387627	0.591590140164	0.522957950701	0.691638472692	0.651522474625	0.515708071532	0.498308361527	0.47220879652	0.655872402127	0.600773320445	0.629289511841	0.618173030449	0.604639922668	0.642339294345	0.515708071532	0.520541324311	0.521024649589	0.533107781537	0.545190913485	0.636056065732	0.566940550991	0.620106331561	0.487675205413	0.59255679072
AE4	0.628806186564	0.513291445143	0.942000966651	0.633156114065	0.579507008217	0.514258095698	0.346544224263	0.412759787337	0.520057999033	0.0	0.576123731271	0.528757854036	0.573223779604	0.85645239246	0.540357660706	0.559207346544	0.588690188497	0.585790236829	0.935717738038	0.766553890768	0.654905751571	0.59497341711	0.599323344611	0.609956500725	0.908168197197	0.629289511841	0.582406959884	0.578057032383	0.59497341711	0.611406476559	0.646205896568	0.594006766554	0.542774287095	0.560657322378	0.684388593523	0.605123247946	0.577573707105	0.46060898985	0.544224262929	0.52779120348	0.490575157081	0.574673755437	0.532624456259	0.488158530691	0.606089898502	0.600773320445	0.699855002417	0.64572257129	0.6805219913	0.673272112131	0.656355727405	0.683905268246	0.601739971	0.582890285162	0.58337361044	0.597873368777	0.570323827936	0.680038666022	0.592073465442	0.676655389077	0.582890285162	0.640889318511
AF3	0.621556307395	0.560657322378	0.96520057999	0.646689221846	0.604639922668	0.341710971484	0.658289028516	0.425326244563	0.394876752054	0.576123731271	0.0	0.518124697922	0.539874335428	0.885451909135	0.60657322378	0.565490575157	0.441759304012	0.434509424843	0.956500724988	0.787336877719	0.591106814886	0.539874335428	0.44224262929	0.460125664572	0.915418076365	0.615273078782	0.451909134848	0.507491541808	0.536491058482	0.606089898502	0.53020782987	0.505074915418	0.426292895118	0.493475108748	0.672788786854	0.597390043499	0.414693088449	0.554857419043	0.46060898985	0.601739971	0.535524407927	0.714838086032	0.686321894635	0.540840985984	0.498308361527	0.49299178347	0.667472208797	0.606089898502	0.641855969067	0.61575640406	0.603673272112	0.646205896568	0.536491058482	0.517158047366	0.52537457709	0.529241179314	0.578057032383	0.640889318511	0.591106814886	0.609956500725	0.492508458192	0.594490091832
AF4	0.628322861286	0.523441275979	0.931367810536	0.610439826003	0.324311261479	0.39584340261	0.590623489609	0.478008699855	0.503624939584	0.528757854036	0.518124697922	0.0	0.547124214596	0.84726921218	0.556307394877	0.554857419043	0.588690188497	0.564040599323	0.896568390527	0.734171097148	0.6805219913	0.62735621073	0.657805703238	0.665055582407	0.863218946351	0.647172547124	0.612856452392	0.632672788787	0.639439342678	0.662155630739	0.668438859352	0.614789753504	0.551474142098	0.578057032383	0.61575640406	0.522474625423	0.558240695988	0.544224262929	0.519091348478	0.508458192363	0.502174963751	0.621072982117	0.601739971	0.51377477042	0.574190430159	0.574190430159	0.599323344611	0.545674238763	0.573707104882	0.543740937651	0.555824069599	0.585790236829	0.50700821653	0.51377477042	0.527307878202	0.524891251812	0.57177380377	0.575157080715	0.572740454326	0.55099081682	0.552440792653	0.540840985984
AG3	0.601739971	0.494441759304	0.958917351377	0.484775253746	0.597873368777	0.50700821653	0.624456259062	0.519574673755	0.510874818753	0.573223779604	0.539874335428	0.547124214596	0.0	0.850169163847	0.5186080232	0.531174480425	0.52537457709	0.495891735138	0.929917834703	0.760753987434	0.666022232963	0.590623489609	0.590623489609	0.61575640406	0.881101981634	0.63653939101	0.548090865152	0.585790236829	0.612373127115	0.630739487675	0.636056065732	0.570807153214	0.525857902368	0.533107781537	0.665055582407	0.593040115998	0.548090865152	0.550507491542	0.514741420976	0.555824069599	0.519574673755	0.676172063799	0.630256162397	0.555340744321	0.577090381827	0.56259062349	0.635572740454	0.572257129048	0.621072982117	0.602706621556	0.585790236829	0.614306428226	0.501691638473	0.515224746254	0.544707588207	0.515708071532	0.540357660706	0.61575640406	0.543257612373	0.609956500725	0.50700821653	0.576123731271
AG4	0.852102464959	0.857902368294	0.334461092315	0.573707104882	0.825036249396	0.85886901885	0.866602223296	0.857419043016	0.851135814403	0.85645239246	0.885451909135	0.84726921218	0.850169163847	0.0	0.871918801353	0.855969067182	0.892218463026	0.88883518608	0.712421459642	0.689221846303	0.807153214113	0.83566940551	0.8796520058	0.873852102465	0.825036249396	0.812953117448	0.871918801353	0.853069115515	0.763653939101	0.735621072982	0.883518608023	0.869502174964	0.877718704688	0.878202029966	0.898501691638	0.88883518608	0.887868535524	0.860802319961	0.885451909135	0.887868535524	0.884001933301	0.846785886902	0.849202513291	0.87046882552	0.897051715805	0.890768487192	0.886418559691	0.888351860802	0.890768487192	0.887385210246	0.892701788304	0.885451909135	0.893185113581	0.887385210246	0.893185113581	0.89125181247	0.885451909135	0.888351860802	0.884001933301	0.883518608023	0.88883518608	0.88883518608
AH3	0.660222329628	0.37264378927	0.951184146931	0.611889801837	0.599323344611	0.566457225713	0.569840502658	0.547607539874	0.566457225713	0.540357660706	0.60657322378	0.556307394877	0.5186080232	0.871918801353	0.0	0.537941034316	0.615273078782	0.609473175447	0.924117931368	0.761720637989	0.706138231029	0.635089415176	0.629772837119	0.656355727405	0.90043499275	0.694055099082	0.630739487675	0.627839536008	0.656839052682	0.67133881102	0.693088448526	0.640405993233	0.568873852102	0.598356694055	0.702754954084	0.632189463509	0.632189463509	0.548090865152	0.59255679072	0.556790720155	0.553890768487	0.602706621556	0.56259062349	0.575640405993	0.646205896568	0.639922667956	0.688255195747	0.622039632673	0.648622522958	0.645239246013	0.642822619623	0.67133881102	0.583856935718	0.593040115998	0.607539874335	0.589656839053	0.572740454326	0.669405509908	0.563557274045	0.644272595457	0.591106814886	0.610923151281
AH4	0.33107781537	0.390043499275	0.939101014983	0.599806669889	0.600773320445	0.51377477042	0.626389560174	0.534557757371	0.53939101015	0.559207346544	0.565490575157	0.554857419043	0.531174480425	0.855969067182	0.537941034316	0.0	0.544707588207	0.548090865152	0.880135331078	0.729337844369	0.632189463509	0.567907201547	0.581923634606	0.58337361044	0.852102464959	0.612856452392	0.558724021266	0.556307394877	0.585306911551	0.604639922668	0.599323344611	0.551474142098	0.55775737071	0.561140647656	0.702271628806	0.616239729338	0.576607056549	0.566940550991	0.539874335428	0.5601739971	0.536491058482	0.675688738521	0.63653939101	0.567423876269	0.599323344611	0.588690188497	0.655389076849	0.604639922668	0.655872402127	0.61575640406	0.612373127115	0.632672788787	0.535041082649	0.51619139681	0.535041082649	0.529241179314	0.510874818753	0.627839536008	0.532624456259	0.625906234896	0.53697438376	0.59497341711
AA7	0.581440309328	0.552924117931	0.965683905268	0.647172547124	0.633156114065	0.491541807637	0.671822136298	0.471242145964	0.453359110681	0.588690188497	0.441759304012	0.588690188497	0.52537457709	0.892218463026	0.615273078782	0.544707588207	0.0	0.304011599807	0.919768003867	0.773320444659	0.584340260996	0.501208313195	0.46302561624	0.492508458192	0.877718704688	0.599323344611	0.446109231513	0.482841952634	0.536491058482	0.601739971	0.512324794587	0.429192846786	0.439342677622	0.490575157081	0.722571290478	0.643305944901	0.473175447076	0.575157080715	0.501691638473	0.601256645723	0.559690671822	0.719188013533	0.687288545191	0.590623489609	0.541324311261	0.521991300145	0.675688738521	0.62735621073	0.669405509908	0.644755920735	0.610439826003	0.647172547124	0.529241179314	0.532624456259	0.540357660706	0.537941034316	0.532624456259	0.639922667956	0.546640889319	0.655872402127	0.505074915418	0.617689705172
AA8	0.577090381827	0.548090865152	0.962300628323	0.6389560174	0.603189946834	0.454325761237	0.673272112131	0.438376027066	0.417109714838	0.585790236829	0.434509424843	0.564040599323	0.495891735138	0.88883518608	0.609473175447	0.548090865152	0.304011599807	0.0	0.914934751087	0.764620589657	0.575157080715	0.489608506525	0.476075398743	0.502174963751	0.868535524408	0.591106814886	0.445625906235	0.474142097632	0.528274528758	0.594006766554	0.49299178347	0.377477042049	0.411793136781	0.473658772354	0.704204929918	0.623972933784	0.464475592073	0.56935717738	0.482358627356	0.589656839053	0.535041082649	0.72692121798	0.689221846303	0.567423876269	0.520541324311	0.497825036249	0.640405993233	0.594490091832	0.649105848236	0.613823102948	0.584340260996	0.61333977767	0.497341710971	0.507491541808	0.509424842919	0.512324794587	0.532624456259	0.609473175447	0.544224262929	0.625422909618	0.475592073465	0.583856935718
AB7	0.861768970517	0.894635089415	0.736587723538	0.717738037699	0.869018849686	0.918318028033	0.937167713871	0.942484291928	0.922184630256	0.935717738038	0.956500724988	0.896568390527	0.929917834703	0.712421459642	0.924117931368	0.880135331078	0.919768003867	0.914934751087	0.0	0.423392943451	0.801836636056	0.846785886902	0.928467858869	0.917351377477	0.734171097148	0.817786370227	0.901401643306	0.884968583857	0.737554374094	0.69453842436	0.880618656356	0.88883518608	0.926534557757	0.939101014983	0.946350894152	0.933784436926	0.947317544708	0.916868052199	0.947800869986	0.92363460609	0.942484291928	0.876752054132	0.881101981634	0.911068148864	0.951667472209	0.95601739971	0.920251329145	0.925567907202	0.938134364427	0.928467858869	0.926051232479	0.911068148864	0.916868052199	0.914934751087	0.911068148864	0.907684871919	0.915418076365	0.909134847753	0.917834702755	0.926534557757	0.948284195263	0.926534557757
AB8	0.717254712421	0.727887868536	0.757370710488	0.56935717738	0.749154180764	0.750604156597	0.770420492992	0.775253745771	0.754470758821	0.766553890768	0.787336877719	0.734171097148	0.760753987434	0.689221846303	0.761720637989	0.729337844369	0.773320444659	0.764620589657	0.423392943451	0.0	0.641855969067	0.678105364911	0.749154180764	0.739004349928	0.741904301595	0.665538907685	0.72692121798	0.707104881585	0.540840985984	0.524407926535	0.73368777187	0.732721121315	0.764137264379	0.774770420493	0.810536491058	0.764620589657	0.779120347994	0.748670855486	0.772837119381	0.760753987434	0.764620589657	0.741420976317	0.725954567424	0.73852102465	0.784920251329	0.790236829386	0.808603189947	0.768003866602	0.784920251329	0.770420492992	0.775253745771	0.78008699855	0.768003866602	0.759787336878	0.761720637989	0.758820686322	0.758820686322	0.773320444659	0.761237312711	0.767037216046	0.77767037216	0.765587240213
AC7	0.613823102948	0.657805703238	0.875302078299	0.647655872402	0.710971483809	0.585790236829	0.701788303528	0.577573707105	0.560657322378	0.654905751571	0.591106814886	0.6805219913	0.666022232963	0.807153214113	0.706138231029	0.632189463509	0.584340260996	0.575157080715	0.801836636056	0.641855969067	0.0	0.371193813436	0.570807153214	0.567423876269	0.81246979217	0.579023682939	0.5601739971	0.509424842919	0.455775737071	0.488158530691	0.565973900435	0.544224262929	0.567423876269	0.602706621556	0.807636539391	0.727887868536	0.623489608507	0.642339294345	0.61333977767	0.714838086032	0.656839052682	0.720637989367	0.688738521025	0.641855969067	0.623489608507	0.616723054616	0.807636539391	0.748187530208	0.788786853552	0.770420492992	0.739971000483	0.780570323828	0.671822136298	0.663605606573	0.666505558241	0.676172063799	0.665538907685	0.77767037216	0.681971967134	0.764137264379	0.613823102948	0.740937651039
AC8	0.571290478492	0.576123731271	0.910584823586	0.631222812953	0.66892218463	0.522474625423	0.687288545191	0.509424842919	0.484291928468	0.59497341711	0.539874335428	0.62735621073	0.590623489609	0.83566940551	0.635089415176	0.567907201547	0.501208313195	0.489608506525	0.846785886902	0.678105364911	0.371193813436	0.0	0.476075398743	0.498791686805	0.835186080232	0.545190913485	0.40744320928	0.370710488159	0.441275978734	0.496858385694	0.521024649589	0.467858869019	0.481875302078	0.5186080232	0.748187530208	0.667472208797	0.549540840986	0.58337361044	0.555824069599	0.642822619623	0.585790236829	0.682455292412	0.643789270179	0.582406959884	0.563073948768	0.555340744321	0.73852102465	0.674238762687	0.725954567424	0.709521507975	0.669888835186	0.709521507975	0.597390043499	0.592073465442	0.595940067666	0.606089898502	0.578057032383	0.705654905752	0.604639922668	0.706138231029	0.537941034316	0.666505558241
AD7	0.603189946834	0.586756887385	0.956500724988	0.666505558241	0.712421459642	0.52779120348	0.6805219913	0.505074915418	0.479458675689	0.599323344611	0.44224262929	0.657805703238	0.590623489609	0.8796520058	0.629772837119	0.581923634606	0.46302561624	0.476075398743	0.928467858869	0.749154180764	0.570807153214	0.476075398743	0.0	0.316578057032	0.88883518608	0.521991300145	0.433059449009	0.447075882069	0.495891735138	0.563073948768	0.502658289029	0.46302561624	0.473658772354	0.534074432093	0.748187530208	0.667472208797	0.492508458192	0.592073465442	0.552440792653	0.644755920735	0.596423392943	0.716771387144	0.677138714355	0.595456742388	0.554374093765	0.547124214596	0.741420976317	0.674238762687	0.725954567424	0.715804736588	0.672788786854	0.711938134364	0.606089898502	0.603189946834	0.600289995167	0.609473175447	0.586756887385	0.711454809087	0.608989850169	0.708554857419	0.556307394877	0.667472208797
AD8	0.587723537941	0.602223296278	0.94683421943	0.662155630739	0.722087965201	0.537457709038	0.678105364911	0.517641372644	0.496858385694	0.609956500725	0.460125664572	0.665055582407	0.61575640406	0.873852102465	0.656355727405	0.58337361044	0.492508458192	0.502174963751	0.917351377477	0.739004349928	0.567423876269	0.498791686805	0.316578057032	0.0	0.854519091348	0.485258579024	0.448042532624	0.464475592073	0.48380860319	0.536491058482	0.508458192363	0.478008699855	0.503624939584	0.562107298212	0.764620589657	0.678588690188	0.503141614306	0.595456742388	0.571290478492	0.652489125181	0.60415659739	0.722087965201	0.685355244079	0.592073465442	0.578540357661	0.579023682939	0.755920734654	0.686321894635	0.744320927985	0.724987916868	0.683905268246	0.72450459159	0.634122764621	0.617206379894	0.610923151281	0.628322861286	0.622039632673	0.723054615756	0.640889318511	0.719671338811	0.580473658772	0.677622039633
AE7	0.83566940551	0.876752054132	0.850652489125	0.788303528275	0.83325277912	0.885935234413	0.914934751087	0.913484775254	0.889801836636	0.908168197197	0.915418076365	0.863218946351	0.881101981634	0.825036249396	0.90043499275	0.852102464959	0.877718704688	0.868535524408	0.734171097148	0.741904301595	0.81246979217	0.835186080232	0.88883518608	0.854519091348	0.0	0.539874335428	0.880135331078	0.864185596907	0.769937167714	0.754954084099	0.837602706622	0.832286128565	0.898985016916	0.911551474142	0.934751087482	0.922184630256	0.916868052199	0.902368293862	0.915418076365	0.876752054132	0.904784920251	0.878685355244	0.880618656356	0.883035282745	0.935717738038	0.928467858869	0.892701788304	0.908168197197	0.91203479942	0.890768487192	0.907201546641	0.894635089415	0.892218463026	0.894151764137	0.899468342194	0.885935234413	0.904301594973	0.889801836636	0.898501691638	0.906718221363	0.911068148864	0.905268245529
AE8	0.594006766554	0.632672788787	0.884485258579	0.639439342678	0.690671822136	0.579990333494	0.691155147414	0.603189946834	0.58095698405	0.629289511841	0.615273078782	0.647172547124	0.63653939101	0.812953117448	0.694055099082	0.612856452392	0.599323344611	0.591106814886	0.817786370227	0.665538907685	0.579023682939	0.545190913485	0.521991300145	0.485258579024	0.539874335428	0.0	0.579990333494	0.563557274045	0.520057999033	0.506524891252	0.574190430159	0.549057515708	0.608023199613	0.616239729338	0.770420492992	0.706621556307	0.619623006283	0.61575640406	0.622039632673	0.65973900435	0.633156114065	0.702271628806	0.674238762687	0.618656355727	0.630256162397	0.634122764621	0.754954084099	0.709038182697	0.753987433543	0.723054615756	0.709038182697	0.741420976317	0.662155630739	0.646205896568	0.652005799903	0.65732237796	0.655389076849	0.734654422426	0.677138714355	0.725954567424	0.615273078782	0.699371677139
AF7	0.579990333494	0.5601739971	0.947317544708	0.658289028516	0.665538907685	0.498308361527	0.686805219913	0.465442242629	0.4398260029	0.582406959884	0.451909134848	0.612856452392	0.548090865152	0.871918801353	0.630739487675	0.558724021266	0.446109231513	0.445625906235	0.901401643306	0.72692121798	0.5601739971	0.40744320928	0.433059449009	0.448042532624	0.880135331078	0.579990333494	0.0	0.334461092315	0.4813919768	0.546157564041	0.485741904302	0.477042049299	0.434992750121	0.49299178347	0.705171580474	0.631706138231	0.450459159014	0.549540840986	0.514741420976	0.598840019333	0.547124214596	0.70130497825	0.660705654906	0.554374093765	0.52537457709	0.5186080232	0.681488641856	0.629772837119	0.688738521025	0.666022232963	0.626389560174	0.65973900435	0.555824069599	0.547607539874	0.548090865152	0.563557274045	0.551957467376	0.649105848236	0.576123731271	0.665055582407	0.498308361527	0.621072982117
AF8	0.572740454326	0.57177380377	0.923151280812	0.643305944901	0.684388593523	0.523924601257	0.679072015466	0.4813919768	0.455775737071	0.578057032383	0.507491541808	0.632672788787	0.585790236829	0.853069115515	0.627839536008	0.556307394877	0.482841952634	0.474142097632	0.884968583857	0.707104881585	0.509424842919	0.370710488159	0.447075882069	0.464475592073	0.864185596907	0.563557274045	0.334461092315	0.0	0.447559207347	0.517641372644	0.520057999033	0.459642339294	0.449975833736	0.510391493475	0.728371193813	0.649105848236	0.499758337361	0.557274045433	0.536491058482	0.622522957951	0.574190430159	0.678105364911	0.634122764621	0.559207346544	0.551957467376	0.535041082649	0.706138231029	0.647172547124	0.707588206863	0.693088448526	0.657805703238	0.683905268246	0.576607056549	0.574673755437	0.576607056549	0.583856935718	0.549540840986	0.676655389077	0.579023682939	0.690188496858	0.514258095698	0.643789270179
AG7	0.582406959884	0.605606573224	0.842435959401	0.555340744321	0.676655389077	0.540840985984	0.68293861769	0.515708071532	0.496858385694	0.59497341711	0.536491058482	0.639439342678	0.612373127115	0.763653939101	0.656839052682	0.585306911551	0.536491058482	0.528274528758	0.737554374094	0.540840985984	0.455775737071	0.441275978734	0.495891735138	0.48380860319	0.769937167714	0.520057999033	0.4813919768	0.447559207347	0.0	0.329144514258	0.543257612373	0.498308361527	0.513291445143	0.558240695988	0.753504108265	0.666988883519	0.537457709038	0.574673755437	0.568873852102	0.647655872402	0.596423392943	0.67133881102	0.629289511841	0.582890285162	0.576607056549	0.582406959884	0.751087481875	0.686805219913	0.734171097148	0.717738037699	0.676172063799	0.722571290478	0.623006283229	0.608989850169	0.610439826003	0.617206379894	0.623489608507	0.719671338811	0.643789270179	0.713871435476	0.577573707105	0.673755437409
AG8	0.588206863219	0.620106331561	0.829869502175	0.568873852102	0.694055099082	0.576607056549	0.675688738521	0.585306911551	0.563073948768	0.611406476559	0.606089898502	0.662155630739	0.630739487675	0.735621072982	0.67133881102	0.604639922668	0.601739971	0.594006766554	0.69453842436	0.524407926535	0.488158530691	0.496858385694	0.563073948768	0.536491058482	0.754954084099	0.506524891252	0.546157564041	0.517641372644	0.329144514258	0.0	0.587723537941	0.561623972934	0.582406959884	0.59497341711	0.768970517158	0.69212179797	0.595456742388	0.584823586274	0.599806669889	0.654905751571	0.613823102948	0.682455292412	0.645239246013	0.60415659739	0.611889801837	0.61575640406	0.757854035766	0.68970517158	0.743354277429	0.722571290478	0.69453842436	0.728371193813	0.642339294345	0.629772837119	0.629289511841	0.638472692122	0.641855969067	0.72692121798	0.65973900435	0.714838086032	0.610923151281	0.683421942968
AH7	0.59255679072	0.637989366844	0.948284195263	0.695021749638	0.70372160464	0.575640405993	0.713871435476	0.554374093765	0.531657805703	0.646205896568	0.53020782987	0.668438859352	0.636056065732	0.883518608023	0.693088448526	0.599323344611	0.512324794587	0.49299178347	0.880618656356	0.73368777187	0.565973900435	0.521024649589	0.502658289029	0.508458192363	0.837602706622	0.574190430159	0.485741904302	0.520057999033	0.543257612373	0.587723537941	0.0	0.339777670372	0.55775737071	0.610439826003	0.787336877719	0.713871435476	0.542290961817	0.646205896568	0.610923151281	0.67133881102	0.634122764621	0.775253745771	0.73610439826	0.652005799903	0.619139681005	0.625422909618	0.763170613823	0.716771387144	0.758337361044	0.719671338811	0.708071532141	0.736587723538	0.630739487675	0.629772837119	0.622039632673	0.635089415176	0.630256162397	0.735137747704	0.632672788787	0.730787820203	0.603189946834	0.710488158531
AH8	0.570807153214	0.581440309328	0.948767520541	0.644755920735	0.658289028516	0.516674722088	0.683421942968	0.490575157081	0.480908651522	0.594006766554	0.505074915418	0.614789753504	0.570807153214	0.869502174964	0.640405993233	0.551474142098	0.429192846786	0.377477042049	0.88883518608	0.732721121315	0.544224262929	0.467858869019	0.46302561624	0.478008699855	0.832286128565	0.549057515708	0.477042049299	0.459642339294	0.498308361527	0.561623972934	0.339777670372	0.0	0.491541807637	0.545190913485	0.750120831319	0.669888835186	0.514741420976	0.588206863219	0.550507491542	0.615273078782	0.577573707105	0.719188013533	0.680038666022	0.591106814886	0.565007249879	0.556307394877	0.708071532141	0.653939101015	0.709038182697	0.666022232963	0.645239246013	0.676655389077	0.567423876269	0.565973900435	0.567907201547	0.571290478492	0.565490575157	0.675688738521	0.58095698405	0.6805219913	0.53939101015	0.644755920735
AA5	0.604639922668	0.52537457709	0.954084098598	0.648622522958	0.607539874335	0.453842435959	0.620589656839	0.396810053166	0.394393426776	0.542774287095	0.426292895118	0.551474142098	0.525857902368	0.877718704688	0.568873852102	0.55775737071	0.439342677622	0.411793136781	0.926534557757	0.764137264379	0.567423876269	0.481875302078	0.473658772354	0.503624939584	0.898985016916	0.608023199613	0.434992750121	0.449975833736	0.513291445143	0.582406959884	0.55775737071	0.491541807637	0.0	0.333011116481	0.68293861769	0.584340260996	0.463508941518	0.480425326245	0.477042049299	0.551957467376	0.489608506525	0.63653939101	0.598356694055	0.480908651522	0.50700821653	0.468342194297	0.69453842436	0.635572740454	0.653455775737	0.652972450459	0.635572740454	0.675205413243	0.527307878202	0.550024166264	0.553407443209	0.550024166264	0.541324311261	0.669888835186	0.56935717738	0.643305944901	0.499275012083	0.623006283229
AA6	0.608989850169	0.538907684872	0.953117448043	0.662155630739	0.627839536008	0.470275495408	0.643789270179	0.452392460126	0.461575640406	0.560657322378	0.493475108748	0.578057032383	0.533107781537	0.878202029966	0.598356694055	0.561140647656	0.490575157081	0.473658772354	0.939101014983	0.774770420493	0.602706621556	0.5186080232	0.534074432093	0.562107298212	0.911551474142	0.616239729338	0.49299178347	0.510391493475	0.558240695988	0.59497341711	0.610439826003	0.545190913485	0.333011116481	0.0	0.680038666022	0.581440309328	0.509908168197	0.510391493475	0.477525374577	0.577573707105	0.511358144031	0.66892218463	0.629772837119	0.508458192363	0.446109231513	0.411309811503	0.686321894635	0.633639439343	0.653939101015	0.654905751571	0.634122764621	0.66892218463	0.529724504592	0.546157564041	0.55099081682	0.550024166264	0.545190913485	0.661188980184	0.576123731271	0.643789270179	0.505074915418	0.623489608507
AB5	0.759787336878	0.676655389077	0.966167230546	0.722571290478	0.623972933784	0.637022716288	0.738037699372	0.658289028516	0.666988883519	0.684388593523	0.672788786854	0.61575640406	0.665055582407	0.898501691638	0.702754954084	0.702271628806	0.722571290478	0.704204929918	0.946350894152	0.810536491058	0.807636539391	0.748187530208	0.748187530208	0.764620589657	0.934751087482	0.770420492992	0.705171580474	0.728371193813	0.753504108265	0.768970517158	0.787336877719	0.750120831319	0.68293861769	0.680038666022	0.0	0.319961333978	0.630256162397	0.664572257129	0.617206379894	0.623489608507	0.606089898502	0.740454325761	0.729821169647	0.647172547124	0.635089415176	0.633156114065	0.628322861286	0.621072982117	0.623972933784	0.618656355727	0.626389560174	0.620589656839	0.601256645723	0.613823102948	0.603673272112	0.626389560174	0.677138714355	0.607056549058	0.65973900435	0.617689705172	0.669888835186	0.621072982117
AB6	0.676655389077	0.593523441276	0.960367327211	0.660222329628	0.576607056549	0.538424359594	0.663122281295	0.566940550991	0.584823586274	0.605123247946	0.597390043499	0.522474625423	0.593040115998	0.88883518608	0.632189463509	0.616239729338	0.643305944901	0.623972933784	0.933784436926	0.764620589657	0.727887868536	0.667472208797	0.667472208797	0.678588690188	0.922184630256	0.706621556307	0.631706138231	0.649105848236	0.666988883519	0.69212179797	0.713871435476	0.669888835186	0.584340260996	0.581440309328	0.319961333978	0.0	0.560657322378	0.58095698405	0.542290961817	0.552440792653	0.533107781537	0.683905268246	0.658289028516	0.542774287095	0.549540840986	0.546640889319	0.608506524891	0.55775737071	0.587240212663	0.578540357661	0.561140647656	0.590140164331	0.511841469309	0.538907684872	0.536491058482	0.553890768487	0.592073465442	0.575157080715	0.579507008217	0.568390526825	0.601256645723	0.549057515708
AC5	0.608023199613	0.58337361044	0.96761720638	0.654905751571	0.616239729338	0.457709038183	0.663605606573	0.447075882069	0.437892701788	0.577573707105	0.414693088449	0.558240695988	0.548090865152	0.887868535524	0.632189463509	0.576607056549	0.473175447076	0.464475592073	0.947317544708	0.779120347994	0.623489608507	0.549540840986	0.492508458192	0.503141614306	0.916868052199	0.619623006283	0.450459159014	0.499758337361	0.537457709038	0.595456742388	0.542290961817	0.514741420976	0.463508941518	0.509908168197	0.630256162397	0.560657322378	0.0	0.448525857902	0.450459159014	0.581923634606	0.518124697922	0.713871435476	0.662155630739	0.533107781537	0.478492025133	0.46979217013	0.619139681005	0.572257129048	0.623972933784	0.595456742388	0.573707104882	0.601739971	0.51619139681	0.490091831803	0.491541807637	0.519574673755	0.58095698405	0.604639922668	0.593040115998	0.586273562107	0.514258095698	0.563557274045
AC6	0.618656355727	0.522957950701	0.94683421943	0.640405993233	0.591590140164	0.515224746254	0.531657805703	0.493475108748	0.532624456259	0.46060898985	0.554857419043	0.544224262929	0.550507491542	0.860802319961	0.548090865152	0.566940550991	0.575157080715	0.56935717738	0.916868052199	0.748670855486	0.642339294345	0.58337361044	0.592073465442	0.595456742388	0.902368293862	0.61575640406	0.549540840986	0.557274045433	0.574673755437	0.584823586274	0.646205896568	0.588206863219	0.480425326245	0.510391493475	0.664572257129	0.58095698405	0.448525857902	0.0	0.523924601257	0.510874818753	0.475592073465	0.490575157081	0.437892701788	0.431609473175	0.566457225713	0.554857419043	0.683421942968	0.629289511841	0.65973900435	0.650072498792	0.6389560174	0.670855485742	0.573707104882	0.565490575157	0.567423876269	0.577573707105	0.565007249879	0.664088931851	0.572740454326	0.64572257129	0.547124214596	0.620589656839
AD6	0.600773320445	0.540357660706	0.967133881102	0.639922667956	0.570807153214	0.43064282262	0.612373127115	0.440792653456	0.456742387627	0.544224262929	0.46060898985	0.519091348478	0.514741420976	0.885451909135	0.59255679072	0.539874335428	0.501691638473	0.482358627356	0.947800869986	0.772837119381	0.61333977767	0.555824069599	0.552440792653	0.571290478492	0.915418076365	0.622039632673	0.514741420976	0.536491058482	0.568873852102	0.599806669889	0.610923151281	0.550507491542	0.477042049299	0.477525374577	0.617206379894	0.542290961817	0.450459159014	0.523924601257	0.0	0.527307878202	0.420976317061	0.696955050749	0.661188980184	0.532624456259	0.463992266796	0.450942484292	0.598356694055	0.545190913485	0.582890285162	0.559207346544	0.546640889319	0.580473658772	0.46979217013	0.447075882069	0.468342194297	0.476075398743	0.543257612373	0.576123731271	0.553407443209	0.567907201547	0.462542290962	0.536007733204
AE5	0.634606089899	0.525857902368	0.966167230546	0.635089415176	0.547607539874	0.532624456259	0.568873852102	0.54857419043	0.591590140164	0.52779120348	0.601739971	0.508458192363	0.555824069599	0.887868535524	0.556790720155	0.5601739971	0.601256645723	0.589656839053	0.92363460609	0.760753987434	0.714838086032	0.642822619623	0.644755920735	0.652489125181	0.876752054132	0.65973900435	0.598840019333	0.622522957951	0.647655872402	0.654905751571	0.67133881102	0.615273078782	0.551957467376	0.577573707105	0.623489608507	0.552440792653	0.581923634606	0.510874818753	0.527307878202	0.0	0.330111164814	0.610439826003	0.577573707105	0.511358144031	0.620589656839	0.612856452392	0.642339294345	0.596906718221	0.619623006283	0.601739971	0.605606573224	0.632189463509	0.534074432093	0.547124214596	0.564523924601	0.534557757371	0.554374093765	0.622522957951	0.550507491542	0.607539874335	0.562107298212	0.591106814886
AE6	0.603189946834	0.505074915418	0.964717254712	0.62735621073	0.551474142098	0.470275495408	0.546157564041	0.476558724021	0.522957950701	0.490575157081	0.535524407927	0.502174963751	0.519574673755	0.884001933301	0.553890768487	0.536491058482	0.559690671822	0.535041082649	0.942484291928	0.764620589657	0.656839052682	0.585790236829	0.596423392943	0.60415659739	0.904784920251	0.633156114065	0.547124214596	0.574190430159	0.596423392943	0.613823102948	0.634122764621	0.577573707105	0.489608506525	0.511358144031	0.606089898502	0.533107781537	0.518124697922	0.475592073465	0.420976317061	0.330111164814	0.0	0.629289511841	0.589173513775	0.477042049299	0.551957467376	0.547124214596	0.639922667956	0.586273562107	0.605123247946	0.594490091832	0.599323344611	0.628322861286	0.505074915418	0.498308361527	0.511358144031	0.501208313195	0.52537457709	0.618173030449	0.538907684872	0.593040115998	0.505558240696	0.580473658772
AF5	0.735621072982	0.632189463509	0.926051232479	0.671822136298	0.660222329628	0.672305461576	0.576123731271	0.643789270179	0.691638472692	0.574673755437	0.714838086032	0.621072982117	0.676172063799	0.846785886902	0.602706621556	0.675688738521	0.719188013533	0.72692121798	0.876752054132	0.741420976317	0.720637989367	0.682455292412	0.716771387144	0.722087965201	0.878685355244	0.702271628806	0.70130497825	0.678105364911	0.67133881102	0.682455292412	0.775253745771	0.719188013533	0.63653939101	0.66892218463	0.740454325761	0.683905268246	0.713871435476	0.490575157081	0.696955050749	0.610439826003	0.629289511841	0.0	0.295795070082	0.528757854036	0.728854519091	0.715804736588	0.758820686322	0.716771387144	0.734654422426	0.727404543258	0.732721121315	0.758820686322	0.702271628806	0.716771387144	0.72692121798	0.713871435476	0.678105364911	0.743837602707	0.678105364911	0.720154664089	0.709038182697	0.720637989367
AF6	0.695988400193	0.59255679072	0.927984533591	0.659255679072	0.646689221846	0.642822619623	0.534074432093	0.605606573224	0.651522474625	0.532624456259	0.686321894635	0.601739971	0.630256162397	0.849202513291	0.56259062349	0.63653939101	0.687288545191	0.689221846303	0.881101981634	0.725954567424	0.688738521025	0.643789270179	0.677138714355	0.685355244079	0.880618656356	0.674238762687	0.660705654906	0.634122764621	0.629289511841	0.645239246013	0.73610439826	0.680038666022	0.598356694055	0.629772837119	0.729821169647	0.658289028516	0.662155630739	0.437892701788	0.661188980184	0.577573707105	0.589173513775	0.295795070082	0.0	0.493958434026	0.695988400193	0.683905268246	0.751570807153	0.702754954084	0.717254712421	0.710971483809	0.702271628806	0.736587723538	0.665538907685	0.679555340744	0.68970517158	0.677138714355	0.630256162397	0.725471242146	0.633639439343	0.702271628806	0.675688738521	0.689221846303
