	AA3	AA4	AB3	AB4	AC3	AC4	AD3	AD4	AE3	AE4	AF3	AF4	AG3	AG4	AH3	AH4	AA7	AA8	AB7	AB8	AC7	AC8	AD7	AD8	AE7	AE8	AF7	AF8	AG7	AG8	AH7	AH8	AA5	AA6	AB5	AB6	AC5	AC6	AD6	AE5	AE6	AF5	AF6	AG5	AH5	AH6	AA1	AA2	AB1	AB2	AC1	AC2	AD1	AD2	AE1	AE2	AF1	AF2	AG1	AG2	AH1	AH2
AA3	0.0	0.471242145964	0.940067665539	0.605606573224	0.654422426293	0.570807153214	0.670372160464	0.590140164331	0.556307394877	0.607056549058	0.599323344611	0.602706621556	0.572257129048	0.844369260512	0.652005799903	0.338327694538	0.571290478492	0.568873852102	0.85645239246	0.705654905752	0.600773320445	0.570323827936	0.58337361044	0.587240212663	0.822619623006	0.566457225713	0.558724021266	0.547607539874	0.577090381827	0.579507008217	0.585306911551	0.558724021266	0.57177380377	0.589173513775	0.737071048816	0.668438859352	0.596423392943	0.609473175447	0.589656839053	0.622039632673	0.603673272112	0.712421459642	0.700821652972	0.60657322378	0.633639439343	0.608989850169	0.695505074915	0.647655872402	0.712421459642	0.674238762687	0.632189463509	0.656839052682	0.577090381827	0.562107298212	0.574190430159	0.570323827936	0.579023682939	0.652972450459	0.588690188497	0.657805703238	0.582890285162	0.637506041566
AA4	0.471242145964	0.0	0.951184146931	0.574190430159	0.569840502658	0.475592073465	0.597873368777	0.464475592073	0.490091831803	0.514741420976	0.535041082649	0.495891735138	0.484775253746	0.854035766071	0.38424359594	0.347994200097	0.533591106815	0.523924601257	0.893668438859	0.719188013533	0.632672788787	0.556790720155	0.578540357661	0.564040599323	0.875785403577	0.595940067666	0.530691155147	0.542290961817	0.591590140164	0.60415659739	0.613823102948	0.567907201547	0.491541807637	0.505558240696	0.667472208797	0.582406959884	0.558240695988	0.503141614306	0.515708071532	0.5186080232	0.479458675689	0.643305944901	0.610439826003	0.503624939584	0.578057032383	0.542774287095	0.660705654906	0.585790236829	0.631222812953	0.615273078782	0.594490091832	0.625422909618	0.515224746254	0.519574673755	0.526341227646	0.519574673755	0.476075398743	0.612856452392	0.495891735138	0.591590140164	0.519574673755	0.57177380377
AB3	0.940067665539	0.951184146931	0.0	0.691155147414	0.924601256646	0.962300628323	0.961817303045	0.9584340261	0.939584340261	0.955534074432	0.97921701305	0.943450942484	0.974383760271	0.356694055099	0.96761720638	0.946350894152	0.980666988884	0.976317061382	0.742387626873	0.762203963267	0.893668438859	0.911551474142	0.963750604157	0.951184146931	0.857419043016	0.91203479942	0.94683421943	0.941034316095	0.85886901885	0.847752537458	0.958917351377	0.958917351377	0.960367327211	0.971967133881	0.980666988884	0.971483808603	0.981633639439	0.960850652489	0.981633639439	0.982116964717	0.981150314161	0.942967617206	0.937167713871	0.950700821653	0.983566940551	0.981633639439	0.979700338328	0.977767037216	0.978733687772	0.979700338328	0.976317061382	0.978250362494	0.983566940551	0.982600289995	0.981633639439	0.981150314161	0.97921701305	0.977283711938	0.981150314161	0.980183663606	0.981633639439	0.978733687772
AB4	0.605606573224	0.574190430159	0.691155147414	0.0	0.6389560174	0.601256645723	0.684871918801	0.618173030449	0.607539874335	0.62493958434	0.642339294345	0.603673272112	0.471242145964	0.572257129048	0.601739971	0.574190430159	0.62735621073	0.619623006283	0.733204446593	0.564523924601	0.644755920735	0.602706621556	0.640889318511	0.634606089899	0.799420009667	0.623006283229	0.629289511841	0.613823102948	0.554374093765	0.575640405993	0.673755437409	0.62735621073	0.630256162397	0.646689221846	0.730304494925	0.658772353794	0.644272595457	0.630739487675	0.61333977767	0.630739487675	0.611889801837	0.676655389077	0.656355727405	0.614789753504	0.679555340744	0.663122281295	0.695505074915	0.650072498792	0.695988400193	0.687771870469	0.65055582407	0.662155630739	0.61575640406	0.620589656839	0.640889318511	0.616723054616	0.631706138231	0.658772353794	0.620589656839	0.657805703238	0.637022716288	0.64813919768
AC3	0.654422426293	0.569840502658	0.924601256646	0.6389560174	0.0	0.489125181247	0.642822619623	0.558724021266	0.565973900435	0.589656839053	0.63653939101	0.334944417593	0.611889801837	0.836152730788	0.615273078782	0.60657322378	0.625422909618	0.61333977767	0.867568873852	0.752054132431	0.738037699372	0.675688738521	0.727404543258	0.721121314645	0.834702754954	0.687771870469	0.665055582407	0.682455292412	0.686321894635	0.690188496858	0.714354760754	0.676655389077	0.615273078782	0.647655872402	0.629289511841	0.590623489609	0.634122764621	0.572257129048	0.586756887385	0.559690671822	0.556790720155	0.658289028516	0.64572257129	0.578057032383	0.660705654906	0.647655872402	0.603673272112	0.597873368777	0.603189946834	0.583856935718	0.600289995167	0.596423392943	0.547124214596	0.587240212663	0.602223296278	0.573223779604	0.614789753504	0.583856935718	0.625422909618	0.60415659739	0.625906234896	0.597873368777
AC4	0.570807153214	0.475592073465	0.962300628323	0.601256645723	0.489125181247	0.0	0.61333977767	0.39584340261	0.394393426776	0.507974867086	0.346060898985	0.392943450942	0.509908168197	0.86805219913	0.564523924601	0.533107781537	0.48380860319	0.456259062349	0.930884485259	0.749154180764	0.581440309328	0.525857902368	0.519091348478	0.508458192363	0.892701788304	0.585790236829	0.489125181247	0.497825036249	0.541807636539	0.558724021266	0.574190430159	0.509908168197	0.434992750121	0.471725471242	0.637989366844	0.543257612373	0.454325761237	0.502174963751	0.412276462059	0.533107781537	0.465925567907	0.682455292412	0.652005799903	0.518124697922	0.49299178347	0.471725471242	0.643305944901	0.572257129048	0.599323344611	0.594490091832	0.570807153214	0.601739971	0.48622522958	0.499275012083	0.50459159014	0.500241662639	0.527307878202	0.595456742388	0.535041082649	0.575640405993	0.470275495408	0.562107298212
AD3	0.670372160464	0.597873368777	0.961817303045	0.684871918801	0.642822619623	0.61333977767	0.0	0.530691155147	0.643305944901	0.367810536491	0.681488641856	0.597390043499	0.639922667956	0.87046882552	0.583856935718	0.642339294345	0.687288545191	0.685838569357	0.944900918318	0.763170613823	0.720154664089	0.693571773804	0.697438376027	0.693088448526	0.918801353311	0.686321894635	0.70372160464	0.691638472692	0.68970517158	0.684871918801	0.722571290478	0.681971967134	0.635089415176	0.655389076849	0.74770420493	0.66892218463	0.679555340744	0.531657805703	0.628806186564	0.589173513775	0.587240212663	0.553407443209	0.536491058482	0.55099081682	0.706138231029	0.694055099082	0.770420492992	0.704204929918	0.739004349928	0.719671338811	0.70130497825	0.734171097148	0.651522474625	0.666022232963	0.674238762687	0.653455775737	0.629289511841	0.723537941034	0.630256162397	0.70372160464	0.695988400193	0.695988400193
AD4	0.590140164331	0.464475592073	0.9584340261	0.618173030449	0.558724021266	0.39584340261	0.530691155147	0.0	0.32866118898	0.412276462059	0.413243112615	0.479942000967	0.511841469309	0.864185596907	0.53939101015	0.53020782987	0.465442242629	0.438859352344	0.941034316095	0.754954084099	0.590623489609	0.51377477042	0.496858385694	0.48622522958	0.908651522475	0.600773320445	0.453359110681	0.48380860319	0.511841469309	0.565007249879	0.543257612373	0.481875302078	0.393910101498	0.46060898985	0.661672305462	0.573707104882	0.438376027066	0.480908651522	0.410343160947	0.531657805703	0.465442242629	0.664572257129	0.623006283229	0.499758337361	0.511841469309	0.484775253746	0.661672305462	0.593040115998	0.634606089899	0.628322861286	0.594006766554	0.623972933784	0.497341710971	0.515224746254	0.509424842919	0.512808119865	0.519091348478	0.621072982117	0.538424359594	0.607056549058	0.491541807637	0.579507008217
AE3	0.556307394877	0.490091831803	0.939584340261	0.607539874335	0.565973900435	0.394393426776	0.643305944901	0.32866118898	0.0	0.515224746254	0.402126631223	0.489125181247	0.512324794587	0.849685838569	0.574190430159	0.522474625423	0.459642339294	0.436442725955	0.922184630256	0.73852102465	0.545190913485	0.488158530691	0.481875302078	0.470275495408	0.881101981634	0.577573707105	0.436926051232	0.457709038183	0.485258579024	0.540840985984	0.541324311261	0.4813919768	0.405509908168	0.470275495408	0.656355727405	0.577573707105	0.425809569841	0.524891251812	0.422426292895	0.579023682939	0.51377477042	0.700821652972	0.669405509908	0.531657805703	0.494925084582	0.457709038183	0.654422426293	0.589173513775	0.629289511841	0.620106331561	0.588206863219	0.618656355727	0.501208313195	0.519574673755	0.511358144031	0.520057999033	0.53939101015	0.616723054616	0.5601739971	0.595456742388	0.483325277912	0.575157080715
AE4	0.607056549058	0.514741420976	0.955534074432	0.62493958434	0.589656839053	0.507974867086	0.367810536491	0.412276462059	0.515224746254	0.0	0.578540357661	0.534074432093	0.56259062349	0.861285645239	0.552924117931	0.558240695988	0.585790236829	0.577573707105	0.940550990817	0.75688738521	0.656355727405	0.588690188497	0.597873368777	0.584340260996	0.906234896085	0.604639922668	0.584340260996	0.577573707105	0.583856935718	0.591590140164	0.6389560174	0.589173513775	0.522474625423	0.543740937651	0.695988400193	0.612856452392	0.565973900435	0.460125664572	0.523924601257	0.520541324311	0.519574673755	0.597390043499	0.565490575157	0.494925084582	0.600773320445	0.586756887385	0.714354760754	0.654905751571	0.69453842436	0.684871918801	0.658289028516	0.685838569357	0.580473658772	0.586273562107	0.584340260996	0.593040115998	0.566940550991	0.677138714355	0.581440309328	0.667472208797	0.588690188497	0.644755920735
AF3	0.599323344611	0.535041082649	0.97921701305	0.642339294345	0.63653939101	0.346060898985	0.681488641856	0.413243112615	0.402126631223	0.578540357661	0.0	0.537457709038	0.536491058482	0.885935234413	0.615273078782	0.572740454326	0.429192846786	0.434992750121	0.956984050266	0.776703721605	0.587240212663	0.536491058482	0.42822619623	0.425809569841	0.920251329145	0.613823102948	0.437892701788	0.498791686805	0.531657805703	0.588690188497	0.525857902368	0.492508458192	0.434509424843	0.503141614306	0.685355244079	0.610439826003	0.425326244563	0.55775737071	0.457225712905	0.60415659739	0.531174480425	0.735137747704	0.704204929918	0.566457225713	0.510874818753	0.48622522958	0.682455292412	0.615273078782	0.667472208797	0.644272595457	0.611889801837	0.644272595457	0.546640889319	0.528757854036	0.533591106815	0.547124214596	0.570807153214	0.643789270179	0.582406959884	0.614306428226	0.48622522958	0.594006766554
AF4	0.602706621556	0.495891735138	0.943450942484	0.603673272112	0.334944417593	0.392943450942	0.597390043499	0.479942000967	0.489125181247	0.534074432093	0.537457709038	0.0	0.545190913485	0.851619139681	0.556307394877	0.546157564041	0.579507008217	0.558240695988	0.895118414693	0.719671338811	0.689221846303	0.622039632673	0.652489125181	0.645239246013	0.857419043016	0.623006283229	0.59255679072	0.612856452392	0.626872885452	0.641855969067	0.662155630739	0.610923151281	0.544707588207	0.578057032383	0.622039632673	0.532141130981	0.550507491542	0.526824552924	0.50459159014	0.499758337361	0.501208313195	0.643305944901	0.612856452392	0.531657805703	0.581440309328	0.566940550991	0.603189946834	0.540840985984	0.576607056549	0.551474142098	0.547124214596	0.574673755437	0.492508458192	0.521024649589	0.542290961817	0.511358144031	0.551474142098	0.562107298212	0.56259062349	0.545674238763	0.544707588207	0.528757854036
AG3	0.572257129048	0.484775253746	0.974383760271	0.471242145964	0.611889801837	0.509908168197	0.639922667956	0.511841469309	0.512324794587	0.56259062349	0.536491058482	0.545190913485	0.0	0.853069115515	0.528757854036	0.512808119865	0.502658289029	0.490575157081	0.934751087482	0.753987433543	0.650072498792	0.577573707105	0.586273562107	0.592073465442	0.885451909135	0.61333977767	0.544707588207	0.550024166264	0.606089898502	0.617206379894	0.626389560174	0.568390526825	0.514258095698	0.521991300145	0.667955534074	0.604639922668	0.543740937651	0.540840985984	0.509908168197	0.553407443209	0.513291445143	0.683421942968	0.653455775737	0.540840985984	0.58337361044	0.547607539874	0.6389560174	0.584823586274	0.624456259062	0.623006283229	0.58095698405	0.604639922668	0.507974867086	0.521024649589	0.540357660706	0.520057999033	0.534557757371	0.596423392943	0.540357660706	0.600773320445	0.513291445143	0.578057032383
AG4	0.844369260512	0.854035766071	0.356694055099	0.572257129048	0.836152730788	0.86805219913	0.87046882552	0.864185596907	0.849685838569	0.861285645239	0.885935234413	0.851619139681	0.853069115515	0.0	0.873368777187	0.848719188014	0.889801836636	0.885935234413	0.714354760754	0.675205413243	0.806186563557	0.820686321895	0.8796520058	0.867085548574	0.826002899952	0.826969550507	0.855002416626	0.849202513291	0.769453842436	0.749637506042	0.877718704688	0.867085548574	0.86805219913	0.876268728855	0.893185113581	0.881585306912	0.887868535524	0.862252295795	0.884001933301	0.883518608023	0.882068632189	0.847752537458	0.839536007733	0.858385693572	0.896085065249	0.889318511358	0.884001933301	0.885451909135	0.886901884969	0.882068632189	0.892218463026	0.886901884969	0.889801836636	0.887868535524	0.896568390527	0.89125181247	0.889801836636	0.883518608023	0.886901884969	0.883518608023	0.889318511358	0.886418559691
AH3	0.652005799903	0.38424359594	0.96761720638	0.601739971	0.615273078782	0.564523924601	0.583856935718	0.53939101015	0.574190430159	0.552924117931	0.615273078782	0.556307394877	0.528757854036	0.873368777187	0.0	0.518124697922	0.608989850169	0.605606573224	0.926051232479	0.749637506042	0.704688255196	0.629289511841	0.640889318511	0.635089415176	0.90285161914	0.674722087965	0.633156114065	0.616723054616	0.663122281295	0.671822136298	0.695988400193	0.647172547124	0.553890768487	0.58095698405	0.724021266312	0.640889318511	0.636056065732	0.539874335428	0.589173513775	0.558724021266	0.546157564041	0.612856452392	0.563557274045	0.561140647656	0.657805703238	0.629772837119	0.709038182697	0.628806186564	0.658772353794	0.658289028516	0.64572257129	0.667955534074	0.590623489609	0.600773320445	0.610439826003	0.601256645723	0.565007249879	0.656839052682	0.568390526825	0.635089415176	0.606089898502	0.620106331561
AH4	0.338327694538	0.347994200097	0.946350894152	0.574190430159	0.60657322378	0.533107781537	0.642339294345	0.53020782987	0.522474625423	0.558240695988	0.572740454326	0.546157564041	0.512808119865	0.848719188014	0.518124697922	0.0	0.53697438376	0.538907684872	0.875785403577	0.713388110198	0.630739487675	0.558724021266	0.579990333494	0.575157080715	0.847752537458	0.582890285162	0.546157564041	0.539874335428	0.584340260996	0.593040115998	0.602706621556	0.555824069599	0.542774287095	0.552924117931	0.696471725471	0.615273078782	0.581923634606	0.562107298212	0.547124214596	0.567907201547	0.534074432093	0.685838569357	0.658772353794	0.566940550991	0.601256645723	0.573707104882	0.652489125181	0.593040115998	0.64813919768	0.609956500725	0.593523441276	0.617689705172	0.5186080232	0.526341227646	0.528757854036	0.523924601257	0.499275012083	0.610439826003	0.507491541808	0.600289995167	0.543257612373	0.579990333494
AA7	0.571290478492	0.533591106815	0.980666988884	0.62735621073	0.625422909618	0.48380860319	0.687288545191	0.465442242629	0.459642339294	0.585790236829	0.429192846786	0.579507008217	0.502658289029	0.889801836636	0.608989850169	0.53697438376	0.0	0.281778637023	0.915901401643	0.75688738521	0.590623489609	0.504108264862	0.469308844853	0.47462542291	0.871918801353	0.584340260996	0.435476075399	0.476075398743	0.533107781537	0.574190430159	0.505558240696	0.434026099565	0.435959400677	0.486708554857	0.706138231029	0.640889318511	0.476558724021	0.56259062349	0.489125181247	0.592073465442	0.557274045433	0.735137747704	0.708554857419	0.576123731271	0.551474142098	0.514258095698	0.662155630739	0.607056549058	0.67133881102	0.652005799903	0.585306911551	0.612856452392	0.511841469309	0.534074432093	0.521507974867	0.534074432093	0.537941034316	0.607539874335	0.551474142098	0.630739487675	0.501691638473	0.597873368777
AA8	0.568873852102	0.523924601257	0.976317061382	0.619623006283	0.61333977767	0.456259062349	0.685838569357	0.438859352344	0.436442725955	0.577573707105	0.434992750121	0.558240695988	0.490575157081	0.885935234413	0.605606573224	0.538907684872	0.281778637023	0.0	0.911068148864	0.748187530208	0.579507008217	0.489608506525	0.481875302078	0.485258579024	0.864185596907	0.575157080715	0.438376027066	0.466408893185	0.520057999033	0.569840502658	0.490575157081	0.404059932334	0.412759787337	0.466408893185	0.697921701305	0.625906234896	0.463992266796	0.558240695988	0.467375543741	0.590140164331	0.541807636539	0.732237796037	0.702271628806	0.570807153214	0.536007733204	0.49299178347	0.648622522958	0.59255679072	0.662638956017	0.640889318511	0.578540357661	0.610439826003	0.500241662639	0.519574673755	0.509908168197	0.519574673755	0.53020782987	0.600773320445	0.546640889319	0.625422909618	0.482841952634	0.581440309328
AB7	0.85645239246	0.893668438859	0.742387626873	0.733204446593	0.867568873852	0.930884485259	0.944900918318	0.941034316095	0.922184630256	0.940550990817	0.956984050266	0.895118414693	0.934751087482	0.714354760754	0.926051232479	0.875785403577	0.915901401643	0.911068148864	0.0	0.410826486225	0.814403093282	0.829869502175	0.93523441276	0.92363460609	0.734654422426	0.824552924118	0.893668438859	0.884485258579	0.757370710488	0.694055099082	0.880135331078	0.898501691638	0.922667955534	0.934751087482	0.93523441276	0.926534557757	0.952150797487	0.906718221363	0.951667472209	0.929917834703	0.94441759304	0.874818753021	0.871918801353	0.906234896085	0.963267278879	0.95360077332	0.920734654422	0.919768003867	0.938617689705	0.926534557757	0.923151280812	0.917351377477	0.915901401643	0.917351377477	0.911551474142	0.916384726921	0.925567907202	0.911068148864	0.920734654422	0.926534557757	0.951184146931	0.925567907202
AB8	0.705654905752	0.719188013533	0.762203963267	0.564523924601	0.752054132431	0.749154180764	0.763170613823	0.754954084099	0.73852102465	0.75688738521	0.776703721605	0.719671338811	0.753987433543	0.675205413243	0.749637506042	0.713388110198	0.75688738521	0.748187530208	0.410826486225	0.0	0.638472692122	0.649105848236	0.741420976317	0.728371193813	0.728854519091	0.647655872402	0.705654905752	0.695988400193	0.53697438376	0.509424842919	0.728854519091	0.721604639923	0.748187530208	0.758820686322	0.808119864669	0.753987433543	0.769453842436	0.722571290478	0.761237312711	0.750120831319	0.757370710488	0.711938134364	0.692605123248	0.723537941034	0.781536974384	0.774770420493	0.811503141614	0.757370710488	0.792170130498	0.774287095215	0.764137264379	0.77767037216	0.761237312711	0.756404059932	0.761720637989	0.7593040116	0.7593040116	0.775737071049	0.758820686322	0.756404059932	0.769453842436	0.757370710488
AC7	0.600773320445	0.632672788787	0.893668438859	0.644755920735	0.738037699372	0.581440309328	0.720154664089	0.590623489609	0.545190913485	0.656355727405	0.587240212663	0.689221846303	0.650072498792	0.806186563557	0.704688255196	0.630739487675	0.590623489609	0.579507008217	0.814403093282	0.638472692122	0.0	0.382793620106	0.566457225713	0.558240695988	0.819719671339	0.589173513775	0.538907684872	0.497341710971	0.481875302078	0.48622522958	0.568390526825	0.537457709038	0.55775737071	0.590140164331	0.809086515225	0.739004349928	0.625906234896	0.64572257129	0.614306428226	0.721604639923	0.678588690188	0.715804736588	0.700821652972	0.634122764621	0.63653939101	0.602706621556	0.82165297245	0.760270662156	0.797003383277	0.794586756887	0.741420976317	0.77090381827	0.675688738521	0.673755437409	0.669405509908	0.680038666022	0.65973900435	0.777187046883	0.672788786854	0.762203963267	0.610923151281	0.74528757854
AC8	0.570323827936	0.556790720155	0.911551474142	0.602706621556	0.675688738521	0.525857902368	0.693571773804	0.51377477042	0.488158530691	0.588690188497	0.536491058482	0.622039632673	0.577573707105	0.820686321895	0.629289511841	0.558724021266	0.504108264862	0.489608506525	0.829869502175	0.649105848236	0.382793620106	0.0	0.507974867086	0.498791686805	0.834219429676	0.551957467376	0.404543257612	0.372160463992	0.438859352344	0.46979217013	0.53020782987	0.482358627356	0.468342194297	0.500241662639	0.729821169647	0.654905751571	0.548090865152	0.565490575157	0.534074432093	0.638472692122	0.595940067666	0.680038666022	0.646205896568	0.567907201547	0.565490575157	0.533107781537	0.736587723538	0.669405509908	0.716771387144	0.718221362977	0.652489125181	0.683421942968	0.594490091832	0.587723537941	0.591590140164	0.595456742388	0.577090381827	0.683905268246	0.589173513775	0.689221846303	0.533591106815	0.656355727405
AD7	0.58337361044	0.578540357661	0.963750604157	0.640889318511	0.727404543258	0.519091348478	0.697438376027	0.496858385694	0.481875302078	0.597873368777	0.42822619623	0.652489125181	0.586273562107	0.8796520058	0.640889318511	0.579990333494	0.469308844853	0.481875302078	0.93523441276	0.741420976317	0.566457225713	0.507974867086	0.0	0.290961817303	0.894635089415	0.513291445143	0.426776220396	0.459159014016	0.490575157081	0.546157564041	0.502658289029	0.456259062349	0.485258579024	0.543740937651	0.74528757854	0.672305461576	0.502174963751	0.595456742388	0.536491058482	0.647172547124	0.602706621556	0.737071048816	0.700338327695	0.601256645723	0.570807153214	0.552440792653	0.748187530208	0.675688738521	0.735137747704	0.727887868536	0.665538907685	0.694055099082	0.605123247946	0.603189946834	0.589173513775	0.614789753504	0.586273562107	0.696955050749	0.601256645723	0.698888351861	0.556790720155	0.659255679072
AD8	0.587240212663	0.564040599323	0.951184146931	0.634606089899	0.721121314645	0.508458192363	0.693088448526	0.48622522958	0.470275495408	0.584340260996	0.425809569841	0.645239246013	0.592073465442	0.867085548574	0.635089415176	0.575157080715	0.47462542291	0.485258579024	0.92363460609	0.728371193813	0.558240695988	0.498791686805	0.290961817303	0.0	0.859835669406	0.489608506525	0.420009666506	0.463992266796	0.478008699855	0.533107781537	0.492025132914	0.456742387627	0.4813919768	0.536491058482	0.753987433543	0.676655389077	0.501208313195	0.589656839053	0.532624456259	0.651522474625	0.604639922668	0.733204446593	0.695988400193	0.593523441276	0.572257129048	0.545674238763	0.753504108265	0.6805219913	0.741904301595	0.729337844369	0.669405509908	0.70130497825	0.615273078782	0.606089898502	0.600773320445	0.619139681005	0.597873368777	0.701788303528	0.612373127115	0.695021749638	0.559207346544	0.664572257129
AE7	0.822619623006	0.875785403577	0.857419043016	0.799420009667	0.834702754954	0.892701788304	0.918801353311	0.908651522475	0.881101981634	0.906234896085	0.920251329145	0.857419043016	0.885451909135	0.826002899952	0.90285161914	0.847752537458	0.871918801353	0.864185596907	0.734654422426	0.728854519091	0.819719671339	0.834219429676	0.894635089415	0.859835669406	0.0	0.554857419043	0.873852102465	0.860802319961	0.774770420493	0.758820686322	0.837119381344	0.849685838569	0.896568390527	0.907201546641	0.924117931368	0.913484775254	0.913968100532	0.892218463026	0.915901401643	0.879168680522	0.90285161914	0.883035282745	0.869018849686	0.871435476075	0.944900918318	0.925567907202	0.88883518608	0.899951667472	0.915901401643	0.896568390527	0.90285161914	0.896085065249	0.88883518608	0.903334944418	0.90043499275	0.896085065249	0.907684871919	0.887385210246	0.903334944418	0.901884968584	0.913968100532	0.901884968584
AE8	0.566457225713	0.595940067666	0.91203479942	0.623006283229	0.687771870469	0.585790236829	0.686321894635	0.600773320445	0.577573707105	0.604639922668	0.613823102948	0.623006283229	0.61333977767	0.826969550507	0.674722087965	0.582890285162	0.584340260996	0.575157080715	0.824552924118	0.647655872402	0.589173513775	0.551957467376	0.513291445143	0.489608506525	0.554857419043	0.0	0.565973900435	0.553407443209	0.521024649589	0.507491541808	0.567907201547	0.543257612373	0.594006766554	0.60415659739	0.756404059932	0.685838569357	0.609956500725	0.601256645723	0.612856452392	0.636056065732	0.631222812953	0.695021749638	0.673755437409	0.584340260996	0.637989366844	0.623006283229	0.749637506042	0.681488641856	0.74770420493	0.724987916868	0.679555340744	0.710004833253	0.629289511841	0.625906234896	0.622522957951	0.633639439343	0.626872885452	0.699855002417	0.637022716288	0.692605123248	0.60657322378	0.671822136298
AF7	0.558724021266	0.530691155147	0.94683421943	0.629289511841	0.665055582407	0.489125181247	0.70372160464	0.453359110681	0.436926051232	0.584340260996	0.437892701788	0.59255679072	0.544707588207	0.855002416626	0.633156114065	0.546157564041	0.435476075399	0.438376027066	0.893668438859	0.705654905752	0.538907684872	0.404543257612	0.426776220396	0.420009666506	0.873852102465	0.565973900435	0.0	0.331561140648	0.467858869019	0.521991300145	0.487675205413	0.467858869019	0.422426292895	0.478492025133	0.697438376027	0.618173030449	0.453842435959	0.544707588207	0.488158530691	0.60657322378	0.55775737071	0.716771387144	0.676655389077	0.557274045433	0.53697438376	0.504108264862	0.691155147414	0.629772837119	0.687771870469	0.683905268246	0.609956500725	0.641372643789	0.554857419043	0.55099081682	0.541807636539	0.561140647656	0.555824069599	0.636056065732	0.572257129048	0.655872402127	0.496858385694	0.618656355727
AF8	0.547607539874	0.542290961817	0.941034316095	0.613823102948	0.682455292412	0.497825036249	0.691638472692	0.48380860319	0.457709038183	0.577573707105	0.498791686805	0.612856452392	0.550024166264	0.849202513291	0.616723054616	0.539874335428	0.476075398743	0.466408893185	0.884485258579	0.695988400193	0.497341710971	0.372160463992	0.459159014016	0.463992266796	0.860802319961	0.553407443209	0.331561140648	0.0	0.464958917351	0.503624939584	0.528274528758	0.455292411793	0.433059449009	0.492025132914	0.721604639923	0.646205896568	0.509424842919	0.549057515708	0.511358144031	0.618656355727	0.570807153214	0.699855002417	0.663122281295	0.543257612373	0.558724021266	0.519091348478	0.70130497825	0.640889318511	0.700338327695	0.697438376027	0.623006283229	0.654905751571	0.56935717738	0.565973900435	0.559690671822	0.577090381827	0.55099081682	0.653455775737	0.566457225713	0.66892218463	0.50700821653	0.626872885452
AG7	0.577090381827	0.591590140164	0.85886901885	0.554374093765	0.686321894635	0.541807636539	0.68970517158	0.511841469309	0.485258579024	0.583856935718	0.531657805703	0.626872885452	0.606089898502	0.769453842436	0.663122281295	0.584340260996	0.533107781537	0.520057999033	0.757370710488	0.53697438376	0.481875302078	0.438859352344	0.490575157081	0.478008699855	0.774770420493	0.521024649589	0.467858869019	0.464958917351	0.0	0.326727887869	0.539874335428	0.490575157081	0.50459159014	0.55775737071	0.747220879652	0.673272112131	0.531174480425	0.572257129048	0.545190913485	0.643789270179	0.617689705172	0.678588690188	0.637989366844	0.559690671822	0.596423392943	0.58095698405	0.749154180764	0.678105364911	0.734171097148	0.725954567424	0.663122281295	0.700821652972	0.621072982117	0.616239729338	0.621556307395	0.628322861286	0.620589656839	0.695021749638	0.630256162397	0.693088448526	0.580473658772	0.660705654906
AG8	0.579507008217	0.60415659739	0.847752537458	0.575640405993	0.690188496858	0.558724021266	0.684871918801	0.565007249879	0.540840985984	0.591590140164	0.588690188497	0.641855969067	0.617206379894	0.749637506042	0.671822136298	0.593040115998	0.574190430159	0.569840502658	0.694055099082	0.509424842919	0.48622522958	0.46979217013	0.546157564041	0.533107781537	0.758820686322	0.507491541808	0.521991300145	0.503624939584	0.326727887869	0.0	0.572257129048	0.536491058482	0.558724021266	0.580473658772	0.763653939101	0.687288545191	0.583856935718	0.579507008217	0.574673755437	0.658772353794	0.626872885452	0.674722087965	0.651039149348	0.578540357661	0.616239729338	0.601256645723	0.768003866602	0.692605123248	0.751087481875	0.739487675205	0.68293861769	0.714838086032	0.636056065732	0.634122764621	0.628806186564	0.646689221846	0.637506041566	0.71532141131	0.649105848236	0.705654905752	0.603673272112	0.675205413243
AH7	0.585306911551	0.613823102948	0.958917351377	0.673755437409	0.714354760754	0.574190430159	0.722571290478	0.543257612373	0.541324311261	0.6389560174	0.525857902368	0.662155630739	0.626389560174	0.877718704688	0.695988400193	0.602706621556	0.505558240696	0.490575157081	0.880135331078	0.728854519091	0.568390526825	0.53020782987	0.502658289029	0.492025132914	0.837119381344	0.567907201547	0.487675205413	0.528274528758	0.539874335428	0.572257129048	0.0	0.345094248429	0.55775737071	0.609956500725	0.77767037216	0.713388110198	0.558240695988	0.647655872402	0.590623489609	0.672305461576	0.652005799903	0.77090381827	0.748670855486	0.65055582407	0.630256162397	0.617689705172	0.764620589657	0.714354760754	0.767037216046	0.741904301595	0.696955050749	0.722571290478	0.631222812953	0.630739487675	0.619623006283	0.635572740454	0.629772837119	0.720637989367	0.627839536008	0.719671338811	0.602706621556	0.700821652972
AH8	0.558724021266	0.567907201547	0.958917351377	0.62735621073	0.676655389077	0.509908168197	0.681971967134	0.481875302078	0.4813919768	0.589173513775	0.492508458192	0.610923151281	0.568390526825	0.867085548574	0.647172547124	0.555824069599	0.434026099565	0.404059932334	0.898501691638	0.721604639923	0.537457709038	0.482358627356	0.456259062349	0.456742387627	0.849685838569	0.543257612373	0.467858869019	0.455292411793	0.490575157081	0.536491058482	0.345094248429	0.0	0.483325277912	0.541807636539	0.746254229096	0.671822136298	0.520541324311	0.592073465442	0.530691155147	0.62493958434	0.593523441276	0.730787820203	0.700821652972	0.59497341711	0.58095698405	0.554374093765	0.721121314645	0.659255679072	0.716288061866	0.689221846303	0.646689221846	0.670372160464	0.581923634606	0.580473658772	0.573223779604	0.581923634606	0.566940550991	0.680038666022	0.579023682939	0.669405509908	0.535524407927	0.646689221846
AA5	0.57177380377	0.491541807637	0.960367327211	0.630256162397	0.615273078782	0.434992750121	0.635089415176	0.393910101498	0.405509908168	0.522474625423	0.434509424843	0.544707588207	0.514258095698	0.86805219913	0.553890768487	0.542774287095	0.435959400677	0.412759787337	0.922667955534	0.748187530208	0.55775737071	0.468342194297	0.485258579024	0.4813919768	0.896568390527	0.594006766554	0.422426292895	0.433059449009	0.50459159014	0.558724021266	0.55775737071	0.483325277912	0.0	0.332044465926	0.676172063799	0.575157080715	0.455292411793	0.471242145964	0.445625906235	0.541324311261	0.487675205413	0.635089415176	0.604639922668	0.475592073465	0.520057999033	0.462058965684	0.697921701305	0.632672788787	0.660222329628	0.656355727405	0.625906234896	0.660222329628	0.526341227646	0.553407443209	0.549540840986	0.554374093765	0.53020782987	0.650072498792	0.557274045433	0.633639439343	0.49299178347	0.609956500725
AA6	0.589173513775	0.505558240696	0.971967133881	0.646689221846	0.647655872402	0.471725471242	0.655389076849	0.46060898985	0.470275495408	0.543740937651	0.503141614306	0.578057032383	0.521991300145	0.876268728855	0.58095698405	0.552924117931	0.486708554857	0.466408893185	0.934751087482	0.758820686322	0.590140164331	0.500241662639	0.543740937651	0.536491058482	0.907201546641	0.60415659739	0.478492025133	0.492025132914	0.55775737071	0.580473658772	0.609956500725	0.541807636539	0.332044465926	0.0	0.686321894635	0.585306911551	0.522474625423	0.504108264862	0.479942000967	0.565007249879	0.518124697922	0.667955534074	0.637506041566	0.523441275979	0.467858869019	0.415659739004	0.70130497825	0.643305944901	0.664088931851	0.66892218463	0.629772837119	0.660222329628	0.538907684872	0.556307394877	0.552924117931	0.557274045433	0.537457709038	0.655389076849	0.561623972934	0.644755920735	0.511358144031	0.619623006283
AB5	0.737071048816	0.667472208797	0.980666988884	0.730304494925	0.629289511841	0.637989366844	0.74770420493	0.661672305462	0.656355727405	0.695988400193	0.685355244079	0.622039632673	0.667955534074	0.893185113581	0.724021266312	0.696471725471	0.706138231029	0.697921701305	0.93523441276	0.808119864669	0.809086515225	0.729821169647	0.74528757854	0.753987433543	0.924117931368	0.756404059932	0.697438376027	0.721604639923	0.747220879652	0.763653939101	0.77767037216	0.746254229096	0.676172063799	0.686321894635	0.0	0.318028032866	0.623006283229	0.662155630739	0.622039632673	0.616239729338	0.603673272112	0.753987433543	0.738037699372	0.661672305462	0.631222812953	0.620106331561	0.614789753504	0.615273078782	0.623972933784	0.598840019333	0.616723054616	0.609473175447	0.608023199613	0.608023199613	0.613823102948	0.618173030449	0.66892218463	0.598356694055	0.660705654906	0.609956500725	0.672305461576	0.614789753504
AB6	0.668438859352	0.582406959884	0.971483808603	0.658772353794	0.590623489609	0.543257612373	0.66892218463	0.573707104882	0.577573707105	0.612856452392	0.610439826003	0.532141130981	0.604639922668	0.881585306912	0.640889318511	0.615273078782	0.640889318511	0.625906234896	0.926534557757	0.753987433543	0.739004349928	0.654905751571	0.672305461576	0.676655389077	0.913484775254	0.685838569357	0.618173030449	0.646205896568	0.673272112131	0.687288545191	0.713388110198	0.671822136298	0.575157080715	0.585306911551	0.318028032866	0.0	0.5601739971	0.570323827936	0.539874335428	0.538907684872	0.523924601257	0.683905268246	0.653455775737	0.553890768487	0.533591106815	0.540357660706	0.583856935718	0.526824552924	0.564040599323	0.548090865152	0.535041082649	0.550024166264	0.524407926535	0.544707588207	0.555340744321	0.555824069599	0.578540357661	0.536491058482	0.574673755437	0.52537457709	0.60415659739	0.524407926535
AC5	0.596423392943	0.558240695988	0.981633639439	0.644272595457	0.634122764621	0.454325761237	0.679555340744	0.438376027066	0.425809569841	0.565973900435	0.425326244563	0.550507491542	0.543740937651	0.887868535524	0.636056065732	0.581923634606	0.476558724021	0.463992266796	0.952150797487	0.769453842436	0.625906234896	0.548090865152	0.502174963751	0.501208313195	0.913968100532	0.609956500725	0.453842435959	0.509424842919	0.531174480425	0.583856935718	0.558240695988	0.520541324311	0.455292411793	0.522474625423	0.623006283229	0.5601739971	0.0	0.45142580957	0.432576123731	0.574673755437	0.527307878202	0.720154664089	0.683421942968	0.550024166264	0.480425326245	0.466892218463	0.618173030449	0.565973900435	0.622039632673	0.602223296278	0.558240695988	0.584340260996	0.509908168197	0.494925084582	0.497825036249	0.515224746254	0.575157080715	0.578540357661	0.58095698405	0.566457225713	0.513291445143	0.552924117931
AC6	0.609473175447	0.503141614306	0.960850652489	0.630739487675	0.572257129048	0.502174963751	0.531657805703	0.480908651522	0.524891251812	0.460125664572	0.55775737071	0.526824552924	0.540840985984	0.862252295795	0.539874335428	0.562107298212	0.56259062349	0.558240695988	0.906718221363	0.722571290478	0.64572257129	0.565490575157	0.595456742388	0.589656839053	0.892218463026	0.601256645723	0.544707588207	0.549057515708	0.572257129048	0.579507008217	0.647655872402	0.592073465442	0.471242145964	0.504108264862	0.662155630739	0.570323827936	0.45142580957	0.0	0.504108264862	0.492508458192	0.504108264862	0.500724987917	0.459159014016	0.415659739004	0.565490575157	0.549540840986	0.679072015466	0.62493958434	0.652972450459	0.635572740454	0.624456259062	0.655872402127	0.564040599323	0.571290478492	0.568873852102	0.56935717738	0.549540840986	0.644272595457	0.561140647656	0.611889801837	0.550507491542	0.602706621556
AD6	0.589656839053	0.515708071532	0.981633639439	0.61333977767	0.586756887385	0.412276462059	0.628806186564	0.410343160947	0.422426292895	0.523924601257	0.457225712905	0.50459159014	0.509908168197	0.884001933301	0.589173513775	0.547124214596	0.489125181247	0.467375543741	0.951667472209	0.761237312711	0.614306428226	0.534074432093	0.536491058482	0.532624456259	0.915901401643	0.612856452392	0.488158530691	0.511358144031	0.545190913485	0.574673755437	0.590623489609	0.530691155147	0.445625906235	0.479942000967	0.622039632673	0.539874335428	0.432576123731	0.504108264862	0.0	0.514258095698	0.40744320928	0.70372160464	0.667955534074	0.527307878202	0.4813919768	0.455292411793	0.608506524891	0.546640889319	0.587723537941	0.574673755437	0.544707588207	0.570323827936	0.462542290962	0.467858869019	0.477525374577	0.478492025133	0.534557757371	0.564523924601	0.535524407927	0.561140647656	0.471725471242	0.540840985984
AE5	0.622039632673	0.5186080232	0.982116964717	0.630739487675	0.559690671822	0.533107781537	0.589173513775	0.531657805703	0.579023682939	0.520541324311	0.60415659739	0.499758337361	0.553407443209	0.883518608023	0.558724021266	0.567907201547	0.592073465442	0.590140164331	0.929917834703	0.750120831319	0.721604639923	0.638472692122	0.647172547124	0.651522474625	0.879168680522	0.636056065732	0.60657322378	0.618656355727	0.643789270179	0.658772353794	0.672305461576	0.62493958434	0.541324311261	0.565007249879	0.616239729338	0.538907684872	0.574673755437	0.492508458192	0.514258095698	0.0	0.354760753987	0.625906234896	0.589173513775	0.502174963751	0.617206379894	0.598840019333	0.640889318511	0.596906718221	0.623489608507	0.601256645723	0.600289995167	0.623489608507	0.521024649589	0.556307394877	0.591106814886	0.551957467376	0.546640889319	0.606089898502	0.552440792653	0.585306911551	0.569840502658	0.581440309328
AE6	0.603673272112	0.479458675689	0.981150314161	0.611889801837	0.556790720155	0.465925567907	0.587240212663	0.465442242629	0.51377477042	0.519574673755	0.531174480425	0.501208313195	0.513291445143	0.882068632189	0.546157564041	0.534074432093	0.557274045433	0.541807636539	0.94441759304	0.757370710488	0.678588690188	0.595940067666	0.602706621556	0.604639922668	0.90285161914	0.631222812953	0.55775737071	0.570807153214	0.617689705172	0.626872885452	0.652005799903	0.593523441276	0.487675205413	0.518124697922	0.603673272112	0.523924601257	0.527307878202	0.504108264862	0.40744320928	0.354760753987	0.0	0.659255679072	0.620589656839	0.505074915418	0.554857419043	0.534557757371	0.623489608507	0.568390526825	0.596423392943	0.577090381827	0.56935717738	0.592073465442	0.46302561624	0.489608506525	0.515224746254	0.493958434026	0.509424842919	0.582890285162	0.518124697922	0.558240695988	0.518124697922	0.55775737071
AF5	0.712421459642	0.643305944901	0.942967617206	0.676655389077	0.658289028516	0.682455292412	0.553407443209	0.664572257129	0.700821652972	0.597390043499	0.735137747704	0.643305944901	0.683421942968	0.847752537458	0.612856452392	0.685838569357	0.735137747704	0.732237796037	0.874818753021	0.711938134364	0.715804736588	0.680038666022	0.737071048816	0.733204446593	0.883035282745	0.695021749638	0.716771387144	0.699855002417	0.678588690188	0.674722087965	0.77090381827	0.730787820203	0.635089415176	0.667955534074	0.753987433543	0.683905268246	0.720154664089	0.500724987917	0.70372160464	0.625906234896	0.659255679072	0.0	0.285161913968	0.544224262929	0.738037699372	0.725471242146	0.768970517158	0.730787820203	0.748670855486	0.72692121798	0.742870952151	0.748670855486	0.701788303528	0.735621072982	0.740937651039	0.717738037699	0.679555340744	0.73852102465	0.682455292412	0.704688255196	0.731271145481	0.731754470759
AF6	0.700821652972	0.610439826003	0.937167713871	0.656355727405	0.64572257129	0.652005799903	0.536491058482	0.623006283229	0.669405509908	0.565490575157	0.704204929918	0.612856452392	0.653455775737	0.839536007733	0.563557274045	0.658772353794	0.708554857419	0.702271628806	0.871918801353	0.692605123248	0.700821652972	0.646205896568	0.700338327695	0.695988400193	0.869018849686	0.673755437409	0.676655389077	0.663122281295	0.637989366844	0.651039149348	0.748670855486	0.700821652972	0.604639922668	0.637506041566	0.738037699372	0.653455775737	0.683421942968	0.459159014016	0.667955534074	0.589173513775	0.620589656839	0.285161913968	0.0	0.512324794587	0.707104881585	0.695505074915	0.759787336878	0.705654905752	0.729337844369	0.708554857419	0.705171580474	0.732721121315	0.674238762687	0.70130497825	0.707104881585	0.685355244079	0.647172547124	0.721121314645	0.654422426293	0.688738521025	0.696955050749	0.693571773804
