	AA3	AA4	AB3	AB4	AC3	AC4	AD3	AD4	AE3	AE4	AF3	AF4	AG3	AG4	AH3	AH4	AA7	AA8	AB7	AB8	AC7	AC8	AD7	AD8	AE7	AE8	AF7	AF8	AG7	AG8	AH7	AH8	AA5	AA6	AB5	AB6	AC5	AC6	AD6	AE5	AE6	AF5	AF6	AG5	AH5	AH6	AA1	AA2	AB1	AB2	AC1	AC2	AD1	AD2	AE1	AE2	AF1	AF2	AG1	AG2	AH1	AH2
AA3	0.0	0.504108264862	0.934267762204	0.641372643789	0.662638956017	0.56935717738	0.677622039633	0.59255679072	0.579023682939	0.620106331561	0.607539874335	0.608023199613	0.600289995167	0.848235862736	0.665538907685	0.338811019816	0.584340260996	0.566940550991	0.87046882552	0.702754954084	0.621072982117	0.56935717738	0.586273562107	0.574673755437	0.831802803287	0.590140164331	0.568873852102	0.555340744321	0.59255679072	0.578540357661	0.581440309328	0.5601739971	0.592073465442	0.594490091832	0.758337361044	0.691638472692	0.605123247946	0.619139681005	0.596423392943	0.621556307395	0.596906718221	0.710004833253	0.706138231029	0.614306428226	0.624456259062	0.611889801837	0.690188496858	0.650072498792	0.732721121315	0.685355244079	0.652489125181	0.668438859352	0.578540357661	0.582890285162	0.56935717738	0.581923634606	0.581923634606	0.667955534074	0.589656839053	0.69212179797	0.584823586274	0.666022232963
AA4	0.504108264862	0.0	0.940550990817	0.576607056549	0.580473658772	0.468342194297	0.597873368777	0.489125181247	0.5186080232	0.509908168197	0.540357660706	0.507491541808	0.490575157081	0.852585790237	0.404543257612	0.371677138714	0.551474142098	0.546640889319	0.895118414693	0.725471242146	0.658772353794	0.586756887385	0.581440309328	0.579990333494	0.8796520058	0.621556307395	0.554857419043	0.552924117931	0.588690188497	0.602706621556	0.631222812953	0.584340260996	0.510391493475	0.525857902368	0.667472208797	0.59497341711	0.559207346544	0.509908168197	0.515224746254	0.537941034316	0.479942000967	0.621072982117	0.608023199613	0.512808119865	0.57177380377	0.570323827936	0.648622522958	0.58337361044	0.628322861286	0.612856452392	0.607056549058	0.630739487675	0.532624456259	0.517641372644	0.526824552924	0.528757854036	0.511358144031	0.626872885452	0.519091348478	0.600773320445	0.528757854036	0.58337361044
AB3	0.934267762204	0.940550990817	0.0	0.672305461576	0.914934751087	0.951184146931	0.952634122765	0.935717738038	0.930401159981	0.94683421943	0.970517158047	0.937651039149	0.962783953601	0.342194296762	0.955534074432	0.941034316095	0.971483808603	0.966167230546	0.739004349928	0.766553890768	0.894151764137	0.90961817303	0.9584340261	0.948284195263	0.854519091348	0.896568390527	0.942967617206	0.928467858869	0.83566940551	0.835186080232	0.95360077332	0.95601739971	0.960850652489	0.964233929435	0.971000483325	0.966167230546	0.973900434993	0.952150797487	0.971483808603	0.969550507492	0.971000483325	0.93281778637	0.928467858869	0.94683421943	0.973417109715	0.969550507492	0.971483808603	0.970033832769	0.970033832769	0.971483808603	0.971000483325	0.969550507492	0.970033832769	0.971483808603	0.975833736104	0.971000483325	0.970033832769	0.968100531658	0.969067182214	0.972450459159	0.971000483325	0.971000483325
AB4	0.641372643789	0.576607056549	0.672305461576	0.0	0.646205896568	0.601256645723	0.69212179797	0.60415659739	0.608023199613	0.610439826003	0.635089415176	0.605123247946	0.4813919768	0.564040599323	0.602706621556	0.590140164331	0.626872885452	0.626872885452	0.730787820203	0.584340260996	0.658772353794	0.624456259062	0.652489125181	0.645239246013	0.793620106332	0.629289511841	0.6389560174	0.622522957951	0.524891251812	0.568390526825	0.688738521025	0.649589173514	0.634606089899	0.646689221846	0.738037699372	0.667472208797	0.643789270179	0.618173030449	0.622039632673	0.632672788787	0.618173030449	0.660222329628	0.649589173514	0.615273078782	0.672788786854	0.665055582407	0.695988400193	0.652489125181	0.702271628806	0.676655389077	0.660705654906	0.669405509908	0.626389560174	0.629289511841	0.640405993233	0.62493958434	0.639922667956	0.674722087965	0.633156114065	0.674238762687	0.634606089899	0.655872402127
AC3	0.662638956017	0.580473658772	0.914934751087	0.646205896568	0.0	0.477525374577	0.660222329628	0.554374093765	0.573223779604	0.602706621556	0.637506041566	0.330594490092	0.618173030449	0.832286128565	0.606089898502	0.597390043499	0.620106331561	0.602223296278	0.876268728855	0.729821169647	0.734654422426	0.684871918801	0.719671338811	0.716771387144	0.837602706622	0.690671822136	0.666022232963	0.672305461576	0.669888835186	0.693571773804	0.714838086032	0.67133881102	0.621072982117	0.639439342678	0.63653939101	0.585306911551	0.628322861286	0.605123247946	0.573707104882	0.58337361044	0.572257129048	0.65973900435	0.664572257129	0.570807153214	0.647655872402	0.654422426293	0.590623489609	0.587240212663	0.574190430159	0.587240212663	0.587240212663	0.584823586274	0.554374093765	0.582406959884	0.58337361044	0.564523924601	0.620106331561	0.577573707105	0.614789753504	0.59255679072	0.623006283229	0.603189946834
AC4	0.56935717738	0.468342194297	0.951184146931	0.601256645723	0.477525374577	0.0	0.611406476559	0.406476558724	0.409859835669	0.50700821653	0.362977283712	0.369260512325	0.504108264862	0.86563557274	0.560657322378	0.505558240696	0.463992266796	0.449492508458	0.924117931368	0.74528757854	0.600773320445	0.533591106815	0.52779120348	0.522474625423	0.884485258579	0.584823586274	0.488158530691	0.506041565974	0.537457709038	0.558724021266	0.578540357661	0.513291445143	0.449492508458	0.454325761237	0.626872885452	0.546640889319	0.455292411793	0.504108264862	0.405509908168	0.546157564041	0.454809086515	0.651039149348	0.64813919768	0.480425326245	0.48622522958	0.475108748188	0.61575640406	0.558724021266	0.581440309328	0.567907201547	0.561623972934	0.588206863219	0.47220879652	0.476075398743	0.487675205413	0.486708554857	0.527307878202	0.58337361044	0.523441275979	0.570807153214	0.47462542291	0.551957467376
AD3	0.677622039633	0.597873368777	0.952634122765	0.69212179797	0.660222329628	0.611406476559	0.0	0.529724504592	0.645239246013	0.374577090382	0.67133881102	0.608989850169	0.650072498792	0.872885451909	0.592073465442	0.636056065732	0.683421942968	0.679072015466	0.936684388594	0.770420492992	0.718221362977	0.690671822136	0.692605123248	0.685838569357	0.91445142581	0.678588690188	0.69453842436	0.68970517158	0.69453842436	0.684871918801	0.715804736588	0.687288545191	0.631706138231	0.655389076849	0.752537457709	0.684871918801	0.675205413243	0.530691155147	0.623006283229	0.591106814886	0.584340260996	0.540840985984	0.536007733204	0.551474142098	0.69453842436	0.694055099082	0.765103914935	0.716288061866	0.740937651039	0.721121314645	0.714838086032	0.749637506042	0.665538907685	0.664088931851	0.666988883519	0.668438859352	0.642339294345	0.737554374094	0.642339294345	0.720154664089	0.684871918801	0.723054615756
AD4	0.59255679072	0.489125181247	0.935717738038	0.60415659739	0.554374093765	0.406476558724	0.529724504592	0.0	0.329627839536	0.393910101498	0.435959400677	0.478492025133	0.526341227646	0.854035766071	0.556307394877	0.522957950701	0.466892218463	0.452875785404	0.928951184147	0.742870952151	0.573707104882	0.498308361527	0.506524891252	0.502658289029	0.897051715805	0.600289995167	0.455292411793	0.468342194297	0.50459159014	0.543740937651	0.547607539874	0.498791686805	0.40502658289	0.451909134848	0.658289028516	0.573707104882	0.449975833736	0.480908651522	0.441759304012	0.557274045433	0.465925567907	0.628806186564	0.616239729338	0.46979217013	0.505558240696	0.480908651522	0.664572257129	0.610923151281	0.642339294345	0.631706138231	0.617689705172	0.63653939101	0.523441275979	0.520057999033	0.52779120348	0.532624456259	0.538424359594	0.635572740454	0.544707588207	0.637506041566	0.507974867086	0.61333977767
AE3	0.579023682939	0.5186080232	0.930401159981	0.608023199613	0.573223779604	0.409859835669	0.645239246013	0.329627839536	0.0	0.511841469309	0.403093281779	0.501691638473	0.51377477042	0.854035766071	0.579507008217	0.536007733204	0.42822619623	0.412276462059	0.930884485259	0.749637506042	0.553407443209	0.470758820686	0.474142097632	0.471725471242	0.890768487192	0.593523441276	0.429192846786	0.448042532624	0.497341710971	0.540840985984	0.536007733204	0.475592073465	0.389560173997	0.442725954567	0.672305461576	0.594490091832	0.431609473175	0.521991300145	0.452875785404	0.607539874335	0.51619139681	0.679555340744	0.667472208797	0.511358144031	0.486708554857	0.46302561624	0.659255679072	0.602706621556	0.647172547124	0.621556307395	0.608506524891	0.6389560174	0.519574673755	0.526341227646	0.534557757371	0.534557757371	0.551474142098	0.636056065732	0.566457225713	0.626389560174	0.495891735138	0.606089898502
AE4	0.620106331561	0.509908168197	0.94683421943	0.610439826003	0.602706621556	0.50700821653	0.374577090382	0.393910101498	0.511841469309	0.0	0.567907201547	0.542774287095	0.567907201547	0.863218946351	0.535041082649	0.55099081682	0.581440309328	0.576607056549	0.939101014983	0.759787336878	0.649105848236	0.589173513775	0.58095698405	0.58095698405	0.906718221363	0.61333977767	0.58095698405	0.575640405993	0.585306911551	0.595456742388	0.634122764621	0.586756887385	0.523924601257	0.544224262929	0.707104881585	0.629772837119	0.574190430159	0.466408893185	0.524891251812	0.538424359594	0.512324794587	0.565973900435	0.555340744321	0.498308361527	0.593040115998	0.593040115998	0.713388110198	0.653455775737	0.695505074915	0.6805219913	0.667472208797	0.684388593523	0.593040115998	0.588206863219	0.590140164331	0.597873368777	0.572740454326	0.680038666022	0.579507008217	0.678105364911	0.58095698405	0.663605606573
AF3	0.607539874335	0.540357660706	0.970517158047	0.635089415176	0.637506041566	0.362977283712	0.67133881102	0.435959400677	0.403093281779	0.567907201547	0.0	0.516674722088	0.528274528758	0.888351860802	0.609473175447	0.563073948768	0.426292895118	0.411309811503	0.954567423876	0.782020299662	0.584340260996	0.524891251812	0.432092798453	0.439342677622	0.915418076365	0.617206379894	0.419526341228	0.488641855969	0.543740937651	0.582890285162	0.523441275979	0.474142097632	0.41904301595	0.480425326245	0.688255195747	0.628806186564	0.43064282262	0.551957467376	0.466892218463	0.616239729338	0.516674722088	0.708554857419	0.695021749638	0.53020782987	0.512324794587	0.489125181247	0.684871918801	0.623006283229	0.675205413243	0.627839536008	0.62493958434	0.654422426293	0.547124214596	0.53697438376	0.544707588207	0.547124214596	0.569840502658	0.652972450459	0.574190430159	0.630739487675	0.499758337361	0.615273078782
AF4	0.608023199613	0.507491541808	0.937651039149	0.605123247946	0.330594490092	0.369260512325	0.608989850169	0.478492025133	0.501691638473	0.542774287095	0.516674722088	0.0	0.551957467376	0.852585790237	0.554374093765	0.536007733204	0.548090865152	0.533591106815	0.893668438859	0.717738037699	0.685838569357	0.631706138231	0.647172547124	0.641855969067	0.853069115515	0.642339294345	0.596906718221	0.60657322378	0.616239729338	0.6389560174	0.649105848236	0.604639922668	0.545674238763	0.563557274045	0.614789753504	0.526341227646	0.537941034316	0.534557757371	0.488641855969	0.518124697922	0.506524891252	0.621556307395	0.61575640406	0.504108264862	0.559207346544	0.563073948768	0.588206863219	0.537457709038	0.568873852102	0.547607539874	0.539874335428	0.561623972934	0.491058482359	0.49540840986	0.514258095698	0.494441759304	0.561140647656	0.557274045433	0.549057515708	0.546640889319	0.54857419043	0.537457709038
AG3	0.600289995167	0.490575157081	0.962783953601	0.4813919768	0.618173030449	0.504108264862	0.650072498792	0.526341227646	0.51377477042	0.567907201547	0.528274528758	0.551957467376	0.0	0.850169163847	0.524407926535	0.528274528758	0.509908168197	0.501691638473	0.941517641373	0.764137264379	0.676172063799	0.605606573224	0.596423392943	0.609473175447	0.895118414693	0.643305944901	0.552924117931	0.576607056549	0.615273078782	0.631706138231	0.649105848236	0.591106814886	0.53020782987	0.526824552924	0.674238762687	0.608506524891	0.543257612373	0.568390526825	0.524407926535	0.581440309328	0.505074915418	0.669405509908	0.656355727405	0.546640889319	0.56259062349	0.570323827936	0.623972933784	0.576123731271	0.632672788787	0.602223296278	0.592073465442	0.598356694055	0.519091348478	0.526341227646	0.544707588207	0.534074432093	0.546640889319	0.610923151281	0.564040599323	0.602223296278	0.510391493475	0.586273562107
AG4	0.848235862736	0.852585790237	0.342194296762	0.564040599323	0.832286128565	0.86563557274	0.872885451909	0.854035766071	0.854035766071	0.863218946351	0.888351860802	0.852585790237	0.850169163847	0.0	0.871918801353	0.849685838569	0.894151764137	0.88883518608	0.721604639923	0.685838569357	0.818753020783	0.828902851619	0.878685355244	0.867085548574	0.82648622523	0.818753020783	0.861768970517	0.84726921218	0.757370710488	0.753987433543	0.878685355244	0.876268728855	0.876752054132	0.883035282745	0.898985016916	0.88883518608	0.890285161914	0.85886901885	0.886901884969	0.884968583857	0.885451909135	0.850169163847	0.846785886902	0.86563557274	0.898018366361	0.892218463026	0.886901884969	0.885451909135	0.88883518608	0.883518608023	0.89125181247	0.887868535524	0.894151764137	0.89125181247	0.899468342194	0.890285161914	0.890285161914	0.889318511358	0.886901884969	0.884001933301	0.89125181247	0.894151764137
AH3	0.665538907685	0.404543257612	0.955534074432	0.602706621556	0.606089898502	0.560657322378	0.592073465442	0.556307394877	0.579507008217	0.535041082649	0.609473175447	0.554374093765	0.524407926535	0.871918801353	0.0	0.531657805703	0.603673272112	0.601739971	0.931367810536	0.766070565491	0.709521507975	0.64572257129	0.648622522958	0.649589173514	0.90285161914	0.686805219913	0.637022716288	0.634606089899	0.669888835186	0.683421942968	0.701788303528	0.647655872402	0.559207346544	0.587723537941	0.714354760754	0.643305944901	0.636056065732	0.551957467376	0.603673272112	0.56935717738	0.568390526825	0.593523441276	0.586756887385	0.564523924601	0.6389560174	0.647172547124	0.695505074915	0.63653939101	0.669888835186	0.667472208797	0.661672305462	0.670372160464	0.61333977767	0.604639922668	0.611406476559	0.617206379894	0.579990333494	0.66892218463	0.585306911551	0.656355727405	0.594006766554	0.621556307395
AH4	0.338811019816	0.371677138714	0.941034316095	0.590140164331	0.597390043499	0.505558240696	0.636056065732	0.522957950701	0.536007733204	0.55099081682	0.563073948768	0.536007733204	0.528274528758	0.849685838569	0.531657805703	0.0	0.534074432093	0.531657805703	0.875785403577	0.704688255196	0.637989366844	0.569840502658	0.570807153214	0.567423876269	0.839536007733	0.595940067666	0.553890768487	0.534557757371	0.577090381827	0.587723537941	0.590623489609	0.546157564041	0.540357660706	0.544224262929	0.695988400193	0.617206379894	0.567423876269	0.551957467376	0.53020782987	0.551474142098	0.519091348478	0.656355727405	0.652972450459	0.551957467376	0.587240212663	0.577090381827	0.649105848236	0.593040115998	0.660705654906	0.614789753504	0.60415659739	0.618656355727	0.524407926535	0.521024649589	0.524407926535	0.521024649589	0.502658289029	0.618656355727	0.520057999033	0.622522957951	0.538424359594	0.605123247946
AA7	0.584340260996	0.551474142098	0.971483808603	0.626872885452	0.620106331561	0.463992266796	0.683421942968	0.466892218463	0.42822619623	0.581440309328	0.426292895118	0.548090865152	0.509908168197	0.894151764137	0.603673272112	0.534074432093	0.0	0.282261962301	0.922667955534	0.749637506042	0.594006766554	0.509424842919	0.484291928468	0.493475108748	0.874335427743	0.606089898502	0.440309328178	0.462058965684	0.541807636539	0.571290478492	0.515224746254	0.403093281779	0.427259545674	0.484775253746	0.706138231029	0.637506041566	0.455775737071	0.562107298212	0.475592073465	0.609473175447	0.533591106815	0.711454809087	0.699855002417	0.561140647656	0.521024649589	0.506041565974	0.660222329628	0.597873368777	0.665055582407	0.637989366844	0.594006766554	0.616723054616	0.51377477042	0.524407926535	0.522957950701	0.524407926535	0.530691155147	0.614789753504	0.548090865152	0.639922667956	0.485741904302	0.604639922668
AA8	0.566940550991	0.546640889319	0.966167230546	0.626872885452	0.602223296278	0.449492508458	0.679072015466	0.452875785404	0.412276462059	0.576607056549	0.411309811503	0.533591106815	0.501691638473	0.88883518608	0.601739971	0.531657805703	0.282261962301	0.0	0.917834702755	0.744320927985	0.574190430159	0.491541807637	0.474142097632	0.476558724021	0.862252295795	0.593523441276	0.427742870952	0.449492508458	0.531174480425	0.56259062349	0.475592073465	0.358627356211	0.410826486225	0.47220879652	0.697921701305	0.631222812953	0.446592556791	0.558240695988	0.466408893185	0.607539874335	0.527307878202	0.710488158531	0.699371677139	0.552924117931	0.514258095698	0.494925084582	0.6389560174	0.587240212663	0.654905751571	0.623489608507	0.579990333494	0.601256645723	0.49540840986	0.512808119865	0.513291445143	0.509424842919	0.534074432093	0.602223296278	0.539874335428	0.623489608507	0.478975350411	0.595940067666
AB7	0.87046882552	0.895118414693	0.739004349928	0.730787820203	0.876268728855	0.924117931368	0.936684388594	0.928951184147	0.930884485259	0.939101014983	0.954567423876	0.893668438859	0.941517641373	0.721604639923	0.931367810536	0.875785403577	0.922667955534	0.917834702755	0.0	0.413726437893	0.81488641856	0.850652489125	0.936201063316	0.929434509425	0.735137747704	0.815369743838	0.898018366361	0.87046882552	0.740937651039	0.704204929918	0.884001933301	0.895118414693	0.928467858869	0.941517641373	0.943450942484	0.931367810536	0.948284195263	0.91445142581	0.945384243596	0.926051232479	0.93523441276	0.878202029966	0.878685355244	0.90285161914	0.959884001933	0.952634122765	0.926051232479	0.924601256646	0.930884485259	0.934751087482	0.928467858869	0.922667955534	0.919284678589	0.927017883035	0.916868052199	0.90961817303	0.917351377477	0.92363460609	0.922184630256	0.927017883035	0.94683421943	0.933301111648
AB8	0.702754954084	0.725471242146	0.766553890768	0.584340260996	0.729821169647	0.74528757854	0.770420492992	0.742870952151	0.749637506042	0.759787336878	0.782020299662	0.717738037699	0.764137264379	0.685838569357	0.766070565491	0.704688255196	0.749637506042	0.744320927985	0.413726437893	0.0	0.652005799903	0.670855485742	0.756404059932	0.748670855486	0.731754470759	0.649589173514	0.713871435476	0.685838569357	0.547124214596	0.535524407927	0.725471242146	0.722571290478	0.754470758821	0.765587240213	0.808603189947	0.7593040116	0.768003866602	0.73852102465	0.757370710488	0.743837602707	0.755437409377	0.721604639923	0.722571290478	0.72450459159	0.78008699855	0.775253745771	0.796036732721	0.752537457709	0.783470275495	0.762203963267	0.760753987434	0.763170613823	0.744804253262	0.751570807153	0.748670855486	0.741904301595	0.743354277429	0.763170613823	0.746254229096	0.763653939101	0.766553890768	0.758337361044
AC7	0.621072982117	0.658772353794	0.894151764137	0.658772353794	0.734654422426	0.600773320445	0.718221362977	0.573707104882	0.553407443209	0.649105848236	0.584340260996	0.685838569357	0.676172063799	0.818753020783	0.709521507975	0.637989366844	0.594006766554	0.574190430159	0.81488641856	0.652005799903	0.0	0.373127114548	0.576607056549	0.567423876269	0.825519574674	0.587240212663	0.544707588207	0.514258095698	0.494441759304	0.487191880135	0.574673755437	0.558724021266	0.561623972934	0.597390043499	0.817303044949	0.754954084099	0.630739487675	0.637506041566	0.62735621073	0.727887868536	0.671822136298	0.710004833253	0.699371677139	0.634606089899	0.632672788787	0.602223296278	0.820686321895	0.761720637989	0.81246979217	0.786853552441	0.75688738521	0.782986950217	0.683905268246	0.676172063799	0.6805219913	0.69453842436	0.67133881102	0.785403576607	0.681971967134	0.786853552441	0.623972933784	0.755437409377
AC8	0.56935717738	0.586756887385	0.90961817303	0.624456259062	0.684871918801	0.533591106815	0.690671822136	0.498308361527	0.470758820686	0.589173513775	0.524891251812	0.631706138231	0.605606573224	0.828902851619	0.64572257129	0.569840502658	0.509424842919	0.491541807637	0.850652489125	0.670855485742	0.373127114548	0.0	0.484291928468	0.481875302078	0.83566940551	0.543257612373	0.39342677622	0.369260512325	0.453359110681	0.469308844853	0.523924601257	0.472692121798	0.473658772354	0.519091348478	0.743837602707	0.676655389077	0.534074432093	0.565490575157	0.554374093765	0.644755920735	0.590623489609	0.666988883519	0.655872402127	0.569840502658	0.558240695988	0.531657805703	0.744320927985	0.676655389077	0.742387626873	0.720154664089	0.678588690188	0.705171580474	0.605606573224	0.599323344611	0.608023199613	0.616723054616	0.590140164331	0.708554857419	0.607539874335	0.719188013533	0.549540840986	0.676172063799
AD7	0.586273562107	0.581440309328	0.9584340261	0.652489125181	0.719671338811	0.52779120348	0.692605123248	0.506524891252	0.474142097632	0.58095698405	0.432092798453	0.647172547124	0.596423392943	0.878685355244	0.648622522958	0.570807153214	0.484291928468	0.474142097632	0.936201063316	0.756404059932	0.576607056549	0.484291928468	0.0	0.289995166747	0.894635089415	0.521507974867	0.409859835669	0.455775737071	0.512324794587	0.538907684872	0.497825036249	0.44900918318	0.478492025133	0.534557757371	0.743837602707	0.677138714355	0.502174963751	0.582890285162	0.546640889319	0.642822619623	0.587723537941	0.711938134364	0.702271628806	0.59497341711	0.566457225713	0.537457709038	0.748187530208	0.678105364911	0.741904301595	0.71290478492	0.674238762687	0.702754954084	0.604639922668	0.602706621556	0.596423392943	0.619623006283	0.595456742388	0.706138231029	0.605123247946	0.713871435476	0.564040599323	0.677138714355
AD8	0.574673755437	0.579990333494	0.948284195263	0.645239246013	0.716771387144	0.522474625423	0.685838569357	0.502658289029	0.471725471242	0.58095698405	0.439342677622	0.641855969067	0.609473175447	0.867085548574	0.649589173514	0.567423876269	0.493475108748	0.476558724021	0.929434509425	0.748670855486	0.567423876269	0.481875302078	0.289995166747	0.0	0.859352344128	0.490575157081	0.414209763171	0.458192363461	0.494925084582	0.521507974867	0.495891735138	0.457225712905	0.488641855969	0.544707588207	0.757370710488	0.68970517158	0.504108264862	0.586273562107	0.553890768487	0.652972450459	0.598356694055	0.708071532141	0.695505074915	0.585306911551	0.578057032383	0.546157564041	0.752537457709	0.687771870469	0.746737554374	0.715804736588	0.681971967134	0.710488158531	0.616723054616	0.60657322378	0.605606573224	0.625422909618	0.606089898502	0.713388110198	0.607056549058	0.71532141131	0.575157080715	0.685355244079
AE7	0.831802803287	0.8796520058	0.854519091348	0.793620106332	0.837602706622	0.884485258579	0.91445142581	0.897051715805	0.890768487192	0.906718221363	0.915418076365	0.853069115515	0.895118414693	0.82648622523	0.90285161914	0.839536007733	0.874335427743	0.862252295795	0.735137747704	0.731754470759	0.825519574674	0.83566940551	0.894635089415	0.859352344128	0.0	0.545674238763	0.871918801353	0.850652489125	0.766553890768	0.767520541324	0.837602706622	0.845335911068	0.902368293862	0.91203479942	0.928951184147	0.916868052199	0.919768003867	0.899468342194	0.90961817303	0.87046882552	0.897051715805	0.87723537941	0.875302078299	0.878202029966	0.933301111648	0.927984533591	0.890285161914	0.899468342194	0.907201546641	0.897535041083	0.901884968584	0.898501691638	0.88883518608	0.90043499275	0.902368293862	0.887385210246	0.899951667472	0.888351860802	0.899468342194	0.898018366361	0.91203479942	0.916384726921
AE8	0.590140164331	0.621556307395	0.896568390527	0.629289511841	0.690671822136	0.584823586274	0.678588690188	0.600289995167	0.593523441276	0.61333977767	0.617206379894	0.642339294345	0.643305944901	0.818753020783	0.686805219913	0.595940067666	0.606089898502	0.593523441276	0.815369743838	0.649589173514	0.587240212663	0.543257612373	0.521507974867	0.490575157081	0.545674238763	0.0	0.570323827936	0.550507491542	0.517641372644	0.509908168197	0.576123731271	0.568390526825	0.611406476559	0.614306428226	0.766070565491	0.703238279362	0.625422909618	0.60657322378	0.61333977767	0.644755920735	0.625422909618	0.680038666022	0.665538907685	0.601739971	0.631706138231	0.633156114065	0.753987433543	0.694055099082	0.751570807153	0.71532141131	0.69453842436	0.730787820203	0.64572257129	0.641372643789	0.642339294345	0.647655872402	0.64572257129	0.722571290478	0.654905751571	0.712421459642	0.617206379894	0.698405026583
AF7	0.568873852102	0.554857419043	0.942967617206	0.6389560174	0.666022232963	0.488158530691	0.69453842436	0.455292411793	0.429192846786	0.58095698405	0.419526341228	0.596906718221	0.552924117931	0.861768970517	0.637022716288	0.553890768487	0.440309328178	0.427742870952	0.898018366361	0.713871435476	0.544707588207	0.39342677622	0.409859835669	0.414209763171	0.871918801353	0.570323827936	0.0	0.317544707588	0.472692121798	0.511841469309	0.490091831803	0.452392460126	0.416143064282	0.47220879652	0.698405026583	0.627839536008	0.446109231513	0.53697438376	0.499275012083	0.618656355727	0.534074432093	0.682455292412	0.669888835186	0.526824552924	0.515708071532	0.487191880135	0.681005316578	0.62493958434	0.693088448526	0.661672305462	0.62493958434	0.646689221846	0.55099081682	0.546157564041	0.552924117931	0.563557274045	0.559207346544	0.649589173514	0.574673755437	0.667955534074	0.496375060416	0.619623006283
AF8	0.555340744321	0.552924117931	0.928467858869	0.622522957951	0.672305461576	0.506041565974	0.68970517158	0.468342194297	0.448042532624	0.575640405993	0.488641855969	0.60657322378	0.576607056549	0.84726921218	0.634606089899	0.534557757371	0.462058965684	0.449492508458	0.87046882552	0.685838569357	0.514258095698	0.369260512325	0.455775737071	0.458192363461	0.850652489125	0.550507491542	0.317544707588	0.0	0.452392460126	0.489125181247	0.509424842919	0.452875785404	0.439342677622	0.500241662639	0.720154664089	0.656355727405	0.49299178347	0.542290961817	0.519574673755	0.620106331561	0.5601739971	0.672788786854	0.662155630739	0.542290961817	0.541807636539	0.516674722088	0.693088448526	0.633639439343	0.707588206863	0.675688738521	0.634606089899	0.655872402127	0.561140647656	0.555340744321	0.563557274045	0.573707104882	0.552924117931	0.663605606573	0.565490575157	0.681488641856	0.503141614306	0.632672788787
AG7	0.59255679072	0.588690188497	0.83566940551	0.524891251812	0.669888835186	0.537457709038	0.69453842436	0.50459159014	0.497341710971	0.585306911551	0.543740937651	0.616239729338	0.615273078782	0.757370710488	0.669888835186	0.577090381827	0.541807636539	0.531174480425	0.740937651039	0.547124214596	0.494441759304	0.453359110681	0.512324794587	0.494925084582	0.766553890768	0.517641372644	0.472692121798	0.452392460126	0.0	0.322377960367	0.569840502658	0.523924601257	0.517158047366	0.550507491542	0.744804253262	0.672788786854	0.540840985984	0.553890768487	0.549540840986	0.641855969067	0.600773320445	0.655389076849	0.640405993233	0.54857419043	0.591590140164	0.5601739971	0.739487675205	0.675205413243	0.734171097148	0.703238279362	0.665538907685	0.699371677139	0.614306428226	0.614789753504	0.612373127115	0.616723054616	0.618173030449	0.700821652972	0.621072982117	0.704204929918	0.584340260996	0.670372160464
AG8	0.578540357661	0.602706621556	0.835186080232	0.568390526825	0.693571773804	0.558724021266	0.684871918801	0.543740937651	0.540840985984	0.595456742388	0.582890285162	0.6389560174	0.631706138231	0.753987433543	0.683421942968	0.587723537941	0.571290478492	0.56259062349	0.704204929918	0.535524407927	0.487191880135	0.469308844853	0.538907684872	0.521507974867	0.767520541324	0.509908168197	0.511841469309	0.489125181247	0.322377960367	0.0	0.559207346544	0.539874335428	0.55775737071	0.575640405993	0.765587240213	0.69212179797	0.573707104882	0.56935717738	0.569840502658	0.653455775737	0.611889801837	0.659255679072	0.647172547124	0.582406959884	0.611889801837	0.594490091832	0.765103914935	0.699855002417	0.753987433543	0.719188013533	0.698405026583	0.719188013533	0.632189463509	0.628322861286	0.629289511841	0.637022716288	0.628322861286	0.727404543258	0.641372643789	0.721604639923	0.600773320445	0.69212179797
AH7	0.581440309328	0.631222812953	0.95360077332	0.688738521025	0.714838086032	0.578540357661	0.715804736588	0.547607539874	0.536007733204	0.634122764621	0.523441275979	0.649105848236	0.649105848236	0.878685355244	0.701788303528	0.590623489609	0.515224746254	0.475592073465	0.884001933301	0.725471242146	0.574673755437	0.523924601257	0.497825036249	0.495891735138	0.837602706622	0.576123731271	0.490091831803	0.509424842919	0.569840502658	0.559207346544	0.0	0.336394393427	0.558724021266	0.611889801837	0.78250362494	0.725954567424	0.546157564041	0.641855969067	0.606089898502	0.664088931851	0.637022716288	0.755437409377	0.746254229096	0.646689221846	0.636056065732	0.609956500725	0.761237312711	0.713388110198	0.77090381827	0.731754470759	0.708071532141	0.727404543258	0.628806186564	0.637022716288	0.626872885452	0.642339294345	0.62493958434	0.730304494925	0.625422909618	0.729821169647	0.61333977767	0.720154664089
AH8	0.5601739971	0.584340260996	0.95601739971	0.649589173514	0.67133881102	0.513291445143	0.687288545191	0.498791686805	0.475592073465	0.586756887385	0.474142097632	0.604639922668	0.591106814886	0.876268728855	0.647655872402	0.546157564041	0.403093281779	0.358627356211	0.895118414693	0.722571290478	0.558724021266	0.472692121798	0.44900918318	0.457225712905	0.845335911068	0.568390526825	0.452392460126	0.452875785404	0.523924601257	0.539874335428	0.336394393427	0.0	0.487675205413	0.545190913485	0.743354277429	0.678588690188	0.499275012083	0.58337361044	0.541324311261	0.614306428226	0.581923634606	0.71290478492	0.70130497825	0.596423392943	0.569840502658	0.543257612373	0.709521507975	0.652005799903	0.719671338811	0.682455292412	0.645239246013	0.667955534074	0.572740454326	0.580473658772	0.573707104882	0.581923634606	0.564040599323	0.670372160464	0.57177380377	0.681488641856	0.550507491542	0.665055582407
AA5	0.592073465442	0.510391493475	0.960850652489	0.634606089899	0.621072982117	0.449492508458	0.631706138231	0.40502658289	0.389560173997	0.523924601257	0.41904301595	0.545674238763	0.53020782987	0.876752054132	0.559207346544	0.540357660706	0.427259545674	0.410826486225	0.928467858869	0.754470758821	0.561623972934	0.473658772354	0.478492025133	0.488641855969	0.902368293862	0.611406476559	0.416143064282	0.439342677622	0.517158047366	0.55775737071	0.558724021266	0.487675205413	0.0	0.344610923151	0.685838569357	0.59497341711	0.459642339294	0.470275495408	0.470275495408	0.565490575157	0.473175447076	0.621072982117	0.608023199613	0.468825519575	0.508458192363	0.465442242629	0.699855002417	0.634122764621	0.669888835186	0.655872402127	0.643305944901	0.672305461576	0.540357660706	0.561623972934	0.564040599323	0.561140647656	0.53697438376	0.66892218463	0.563073948768	0.653455775737	0.50459159014	0.632189463509
AA6	0.594490091832	0.525857902368	0.964233929435	0.646689221846	0.639439342678	0.454325761237	0.655389076849	0.451909134848	0.442725954567	0.544224262929	0.480425326245	0.563557274045	0.526824552924	0.883035282745	0.587723537941	0.544224262929	0.484775253746	0.47220879652	0.941517641373	0.765587240213	0.597390043499	0.519091348478	0.534557757371	0.544707588207	0.91203479942	0.614306428226	0.47220879652	0.500241662639	0.550507491542	0.575640405993	0.611889801837	0.545190913485	0.344610923151	0.0	0.681488641856	0.587240212663	0.497341710971	0.499758337361	0.471242145964	0.588206863219	0.491058482359	0.655872402127	0.637989366844	0.49540840986	0.442725954567	0.403093281779	0.68970517158	0.625906234896	0.672788786854	0.651039149348	0.633156114065	0.660222329628	0.537457709038	0.554857419043	0.558724021266	0.557274045433	0.546157564041	0.658289028516	0.567423876269	0.647655872402	0.510391493475	0.626872885452
AB5	0.758337361044	0.667472208797	0.971000483325	0.738037699372	0.63653939101	0.626872885452	0.752537457709	0.658289028516	0.672305461576	0.707104881585	0.688255195747	0.614789753504	0.674238762687	0.898985016916	0.714354760754	0.695988400193	0.706138231029	0.697921701305	0.943450942484	0.808603189947	0.817303044949	0.743837602707	0.743837602707	0.757370710488	0.928951184147	0.766070565491	0.698405026583	0.720154664089	0.744804253262	0.765587240213	0.78250362494	0.743354277429	0.685838569357	0.681488641856	0.0	0.309328177864	0.615273078782	0.675205413243	0.614306428226	0.651522474625	0.612856452392	0.741904301595	0.744320927985	0.646205896568	0.627839536008	0.628806186564	0.616723054616	0.608023199613	0.632189463509	0.612373127115	0.623489608507	0.621072982117	0.601256645723	0.608023199613	0.614789753504	0.616723054616	0.676655389077	0.609473175447	0.658772353794	0.613823102948	0.675205413243	0.623006283229
AB6	0.691638472692	0.59497341711	0.966167230546	0.667472208797	0.585306911551	0.546640889319	0.684871918801	0.573707104882	0.594490091832	0.629772837119	0.628806186564	0.526341227646	0.608506524891	0.88883518608	0.643305944901	0.617206379894	0.637506041566	0.631222812953	0.931367810536	0.7593040116	0.754954084099	0.676655389077	0.677138714355	0.68970517158	0.916868052199	0.703238279362	0.627839536008	0.656355727405	0.672788786854	0.69212179797	0.725954567424	0.678588690188	0.59497341711	0.587240212663	0.309328177864	0.0	0.555824069599	0.598356694055	0.538424359594	0.567907201547	0.52779120348	0.67133881102	0.674238762687	0.548090865152	0.558240695988	0.553407443209	0.599323344611	0.546640889319	0.597390043499	0.564040599323	0.564040599323	0.576607056549	0.530691155147	0.553407443209	0.555824069599	0.551474142098	0.597390043499	0.559207346544	0.594006766554	0.563557274045	0.614306428226	0.550024166264
AC5	0.605123247946	0.559207346544	0.973900434993	0.643789270179	0.628322861286	0.455292411793	0.675205413243	0.449975833736	0.431609473175	0.574190430159	0.43064282262	0.537941034316	0.543257612373	0.890285161914	0.636056065732	0.567423876269	0.455775737071	0.446592556791	0.948284195263	0.768003866602	0.630739487675	0.534074432093	0.502174963751	0.504108264862	0.919768003867	0.625422909618	0.446109231513	0.49299178347	0.540840985984	0.573707104882	0.546157564041	0.499275012083	0.459642339294	0.497341710971	0.615273078782	0.555824069599	0.0	0.446109231513	0.436442725955	0.591106814886	0.510874818753	0.698888351861	0.674722087965	0.523924601257	0.471242145964	0.457709038183	0.608989850169	0.561623972934	0.624456259062	0.579990333494	0.560657322378	0.583856935718	0.490091831803	0.474142097632	0.490091831803	0.503624939584	0.570323827936	0.590623489609	0.566940550991	0.578540357661	0.518124697922	0.553407443209
AC6	0.619139681005	0.509908168197	0.952150797487	0.618173030449	0.605123247946	0.504108264862	0.530691155147	0.480908651522	0.521991300145	0.466408893185	0.551957467376	0.534557757371	0.568390526825	0.85886901885	0.551957467376	0.551957467376	0.562107298212	0.558240695988	0.91445142581	0.73852102465	0.637506041566	0.565490575157	0.582890285162	0.586273562107	0.899468342194	0.60657322378	0.53697438376	0.542290961817	0.553890768487	0.56935717738	0.641855969067	0.58337361044	0.470275495408	0.499758337361	0.675205413243	0.598356694055	0.446109231513	0.0	0.51377477042	0.5186080232	0.519091348478	0.468342194297	0.452875785404	0.41662638956	0.559207346544	0.555824069599	0.691638472692	0.643305944901	0.673755437409	0.651522474625	0.644272595457	0.667955534074	0.581440309328	0.580473658772	0.590623489609	0.576607056549	0.558240695988	0.666988883519	0.563073948768	0.64572257129	0.559690671822	0.643789270179
AD6	0.596423392943	0.515224746254	0.971483808603	0.622039632673	0.573707104882	0.405509908168	0.623006283229	0.441759304012	0.452875785404	0.524891251812	0.466892218463	0.488641855969	0.524407926535	0.886901884969	0.603673272112	0.53020782987	0.475592073465	0.466408893185	0.945384243596	0.757370710488	0.62735621073	0.554374093765	0.546640889319	0.553890768487	0.90961817303	0.61333977767	0.499275012083	0.519574673755	0.549540840986	0.569840502658	0.606089898502	0.541324311261	0.470275495408	0.471242145964	0.614306428226	0.538424359594	0.436442725955	0.51377477042	0.0	0.531174480425	0.398743354277	0.676655389077	0.669405509908	0.511358144031	0.462058965684	0.447075882069	0.598356694055	0.532624456259	0.581923634606	0.545190913485	0.545674238763	0.567907201547	0.450942484292	0.441275978734	0.459159014016	0.473658772354	0.536491058482	0.559690671822	0.53697438376	0.556307394877	0.477042049299	0.533591106815
AE5	0.621556307395	0.537941034316	0.969550507492	0.632672788787	0.58337361044	0.546157564041	0.591106814886	0.557274045433	0.607539874335	0.538424359594	0.616239729338	0.518124697922	0.581440309328	0.884968583857	0.56935717738	0.551474142098	0.609473175447	0.607539874335	0.926051232479	0.743837602707	0.727887868536	0.644755920735	0.642822619623	0.652972450459	0.87046882552	0.644755920735	0.618656355727	0.620106331561	0.641855969067	0.653455775737	0.664088931851	0.614306428226	0.565490575157	0.588206863219	0.651522474625	0.567907201547	0.591106814886	0.5186080232	0.531174480425	0.0	0.360560657322	0.598840019333	0.590623489609	0.5186080232	0.630739487675	0.634606089899	0.653455775737	0.611889801837	0.639922667956	0.623006283229	0.621556307395	0.643305944901	0.548090865152	0.564523924601	0.587723537941	0.557274045433	0.559207346544	0.637022716288	0.561623972934	0.632672788787	0.585790236829	0.614789753504
AE6	0.596906718221	0.479942000967	0.971000483325	0.618173030449	0.572257129048	0.454809086515	0.584340260996	0.465925567907	0.51619139681	0.512324794587	0.516674722088	0.506524891252	0.505074915418	0.885451909135	0.568390526825	0.519091348478	0.533591106815	0.527307878202	0.93523441276	0.755437409377	0.671822136298	0.590623489609	0.587723537941	0.598356694055	0.897051715805	0.625422909618	0.534074432093	0.5601739971	0.600773320445	0.611889801837	0.637022716288	0.581923634606	0.473175447076	0.491058482359	0.612856452392	0.52779120348	0.510874818753	0.519091348478	0.398743354277	0.360560657322	0.0	0.640405993233	0.632672788787	0.467858869019	0.531657805703	0.534557757371	0.630739487675	0.569840502658	0.602223296278	0.579023682939	0.582890285162	0.606089898502	0.477525374577	0.481875302078	0.500241662639	0.494441759304	0.517641372644	0.602706621556	0.532624456259	0.582406959884	0.502658289029	0.567423876269
AF5	0.710004833253	0.621072982117	0.93281778637	0.660222329628	0.65973900435	0.651039149348	0.540840985984	0.628806186564	0.679555340744	0.565973900435	0.708554857419	0.621556307395	0.669405509908	0.850169163847	0.593523441276	0.656355727405	0.711454809087	0.710488158531	0.878202029966	0.721604639923	0.710004833253	0.666988883519	0.711938134364	0.708071532141	0.87723537941	0.680038666022	0.682455292412	0.672788786854	0.655389076849	0.659255679072	0.755437409377	0.71290478492	0.621072982117	0.655872402127	0.741904301595	0.67133881102	0.698888351861	0.468342194297	0.676655389077	0.598840019333	0.640405993233	0.0	0.262928951184	0.532141130981	0.709038182697	0.710488158531	0.753504108265	0.711938134364	0.736587723538	0.710004833253	0.714354760754	0.743354277429	0.690671822136	0.706138231029	0.716288061866	0.693571773804	0.662638956017	0.732721121315	0.666505558241	0.700821652972	0.699371677139	0.712421459642
AF6	0.706138231029	0.608023199613	0.928467858869	0.649589173514	0.664572257129	0.64813919768	0.536007733204	0.616239729338	0.667472208797	0.555340744321	0.695021749638	0.61575640406	0.656355727405	0.846785886902	0.586756887385	0.652972450459	0.699855002417	0.699371677139	0.878685355244	0.722571290478	0.699371677139	0.655872402127	0.702271628806	0.695505074915	0.875302078299	0.665538907685	0.669888835186	0.662155630739	0.640405993233	0.647172547124	0.746254229096	0.70130497825	0.608023199613	0.637989366844	0.744320927985	0.674238762687	0.674722087965	0.452875785404	0.669405509908	0.590623489609	0.632672788787	0.262928951184	0.0	0.517158047366	0.698888351861	0.695021749638	0.757370710488	0.714354760754	0.73852102465	0.717738037699	0.707104881585	0.753020782987	0.682455292412	0.697438376027	0.705654905752	0.686805219913	0.653939101015	0.73852102465	0.652005799903	0.714838086032	0.696471725471	0.714354760754
