	AA3	AA4	AB3	AB4	AC3	AC4	AD3	AD4	AE3	AE4	AF3	AF4	AG3	AG4	AH3	AH4	AA7	AA8	AB7	AB8	AC7	AC8	AD7	AD8	AE7	AE8	AF7	AF8	AG7	AG8	AH7	AH8	AA5	AA6	AB5	AB6	AC5	AC6	AD6	AE5	AE6	AF5	AF6	AG5	AH5	AH6	AA1	AA2	AB1	AB2	AC1	AC2	AD1	AD2	AE1	AE2	AF1	AF2	AG1	AG2	AH1	AH2
AA3	0.0	0.479458675689	0.937651039149	0.638472692122	0.655389076849	0.59255679072	0.676172063799	0.564040599323	0.551957467376	0.610923151281	0.598356694055	0.608989850169	0.585306911551	0.842435959401	0.656355727405	0.332527791203	0.574673755437	0.5601739971	0.873852102465	0.722571290478	0.610439826003	0.555824069599	0.582890285162	0.566940550991	0.834219429676	0.589173513775	0.553407443209	0.554857419043	0.570323827936	0.576123731271	0.580473658772	0.54857419043	0.58337361044	0.592073465442	0.741420976317	0.695988400193	0.608023199613	0.620589656839	0.600289995167	0.6389560174	0.602223296278	0.72692121798	0.676655389077	0.622039632673	0.622522957951	0.608989850169	0.693571773804	0.635572740454	0.710488158531	0.666988883519	0.65055582407	0.679555340744	0.59255679072	0.567907201547	0.58095698405	0.554857419043	0.572740454326	0.671822136298	0.575640405993	0.661672305462	0.567423876269	0.668438859352
AA4	0.479458675689	0.0	0.954084098598	0.582890285162	0.573223779604	0.510874818753	0.589173513775	0.48380860319	0.493475108748	0.518124697922	0.547124214596	0.509424842919	0.477525374577	0.853069115515	0.389560173997	0.36346060899	0.519091348478	0.522957950701	0.89125181247	0.730787820203	0.662638956017	0.570323827936	0.584823586274	0.568390526825	0.876268728855	0.616239729338	0.535524407927	0.548090865152	0.59255679072	0.601739971	0.624456259062	0.561140647656	0.507974867086	0.507974867086	0.652005799903	0.597873368777	0.569840502658	0.506041565974	0.530691155147	0.537941034316	0.480425326245	0.625906234896	0.578057032383	0.519091348478	0.570323827936	0.559690671822	0.648622522958	0.565973900435	0.622522957951	0.603189946834	0.602223296278	0.633639439343	0.524891251812	0.497341710971	0.527307878202	0.51377477042	0.496858385694	0.617689705172	0.489608506525	0.590140164331	0.52537457709	0.591590140164
AB3	0.937651039149	0.954084098598	0.0	0.684388593523	0.918318028033	0.959400676655	0.961333977767	0.943934267762	0.936684388594	0.944900918318	0.974383760271	0.940067665539	0.969550507492	0.346544224263	0.966167230546	0.947317544708	0.971483808603	0.972450459159	0.726437892702	0.752537457709	0.886901884969	0.91203479942	0.96761720638	0.952150797487	0.854035766071	0.903334944418	0.946350894152	0.932334461092	0.836152730788	0.842435959401	0.956500724988	0.954567423876	0.961333977767	0.967133881102	0.976317061382	0.969067182214	0.97680038666	0.956984050266	0.976317061382	0.976317061382	0.976317061382	0.938617689705	0.934267762204	0.949734171097	0.979700338328	0.975350410826	0.978250362494	0.977283711938	0.974867085549	0.975350410826	0.976317061382	0.974867085549	0.977283711938	0.97680038666	0.981150314161	0.975833736104	0.976317061382	0.972933784437	0.974383760271	0.97680038666	0.976317061382	0.976317061382
AB4	0.638472692122	0.582890285162	0.684388593523	0.0	0.635572740454	0.617206379894	0.681488641856	0.619139681005	0.617689705172	0.618656355727	0.652005799903	0.611406476559	0.47220879652	0.560657322378	0.608989850169	0.595940067666	0.639922667956	0.6389560174	0.710971483809	0.566457225713	0.657805703238	0.61333977767	0.661672305462	0.638472692122	0.797003383277	0.642339294345	0.643305944901	0.634122764621	0.53697438376	0.559207346544	0.691638472692	0.646205896568	0.647655872402	0.65732237796	0.715804736588	0.674238762687	0.660222329628	0.632672788787	0.638472692122	0.646689221846	0.623972933784	0.658772353794	0.634606089899	0.634606089899	0.687771870469	0.676172063799	0.697921701305	0.663605606573	0.699855002417	0.680038666022	0.674722087965	0.685838569357	0.635572740454	0.633639439343	0.661188980184	0.637022716288	0.646689221846	0.678105364911	0.640889318511	0.665055582407	0.651522474625	0.670372160464
AC3	0.655389076849	0.573223779604	0.918318028033	0.635572740454	0.0	0.49540840986	0.62735621073	0.55099081682	0.559690671822	0.569840502658	0.611889801837	0.320927984534	0.593040115998	0.823102948284	0.608023199613	0.601256645723	0.613823102948	0.608506524891	0.873852102465	0.753020782987	0.737554374094	0.67133881102	0.720637989367	0.701788303528	0.826969550507	0.678105364911	0.645239246013	0.67133881102	0.669888835186	0.6805219913	0.697921701305	0.654422426293	0.601256645723	0.616723054616	0.611889801837	0.585790236829	0.619623006283	0.574190430159	0.582890285162	0.555824069599	0.552440792653	0.64813919768	0.630256162397	0.561140647656	0.638472692122	0.635089415176	0.589173513775	0.58337361044	0.574190430159	0.566457225713	0.599323344611	0.58337361044	0.52779120348	0.552924117931	0.582406959884	0.562107298212	0.603673272112	0.573707104882	0.595940067666	0.579990333494	0.614789753504	0.595940067666
AC4	0.59255679072	0.510874818753	0.959400676655	0.617206379894	0.49540840986	0.0	0.623006283229	0.419526341228	0.411793136781	0.507974867086	0.335911068149	0.396326727888	0.499758337361	0.861768970517	0.579507008217	0.533591106815	0.48622522958	0.471725471242	0.937651039149	0.772837119381	0.60657322378	0.540357660706	0.542290961817	0.507974867086	0.895601739971	0.599323344611	0.505558240696	0.528274528758	0.533107781537	0.574673755437	0.589173513775	0.524891251812	0.46302561624	0.476075398743	0.63653939101	0.570807153214	0.469308844853	0.514741420976	0.418559690672	0.572257129048	0.494441759304	0.68293861769	0.637506041566	0.529241179314	0.509424842919	0.475108748188	0.637989366844	0.571290478492	0.598840019333	0.589173513775	0.589656839053	0.614789753504	0.50459159014	0.497825036249	0.519574673755	0.498791686805	0.554374093765	0.603673272112	0.553890768487	0.576607056549	0.478008699855	0.58337361044
AD3	0.676172063799	0.589173513775	0.961333977767	0.681488641856	0.62735621073	0.623006283229	0.0	0.528757854036	0.634122764621	0.368293861769	0.675688738521	0.588690188497	0.637506041566	0.866602223296	0.579507008217	0.641855969067	0.678588690188	0.685838569357	0.937167713871	0.777187046883	0.72692121798	0.68970517158	0.697921701305	0.684871918801	0.913968100532	0.685355244079	0.699371677139	0.695021749638	0.68970517158	0.687771870469	0.721121314645	0.691155147414	0.632189463509	0.65055582407	0.727887868536	0.659255679072	0.681488641856	0.540840985984	0.629289511841	0.570807153214	0.586273562107	0.55775737071	0.51377477042	0.536491058482	0.69453842436	0.690188496858	0.758820686322	0.699855002417	0.727887868536	0.709521507975	0.711938134364	0.735137747704	0.652972450459	0.656355727405	0.675688738521	0.660222329628	0.633639439343	0.728854519091	0.635089415176	0.704204929918	0.685838569357	0.710004833253
AD4	0.564040599323	0.48380860319	0.943934267762	0.619139681005	0.55099081682	0.419526341228	0.528757854036	0.0	0.30546157564	0.391976800387	0.427259545674	0.481875302078	0.50700821653	0.843885935234	0.556790720155	0.507491541808	0.459642339294	0.452875785404	0.931367810536	0.772353794103	0.587723537941	0.490091831803	0.508458192363	0.486708554857	0.899468342194	0.60415659739	0.445625906235	0.468342194297	0.496858385694	0.555340744321	0.549540840986	0.494441759304	0.401643305945	0.4398260029	0.647172547124	0.577090381827	0.449492508458	0.475592073465	0.44224262929	0.566457225713	0.475592073465	0.642339294345	0.599806669889	0.488641855969	0.500724987917	0.470758820686	0.659255679072	0.594006766554	0.62493958434	0.625422909618	0.611889801837	0.643305944901	0.516674722088	0.504108264862	0.532624456259	0.504108264862	0.529241179314	0.635572740454	0.524407926535	0.612373127115	0.487191880135	0.617206379894
AE3	0.551957467376	0.493475108748	0.936684388594	0.617689705172	0.559690671822	0.411793136781	0.634122764621	0.30546157564	0.0	0.488641855969	0.401643305945	0.490091831803	0.492025132914	0.846302561624	0.558240695988	0.508458192363	0.437892701788	0.432092798453	0.922184630256	0.760753987434	0.563557274045	0.470758820686	0.48622522958	0.478975350411	0.892701788304	0.59497341711	0.424359594007	0.451909134848	0.491058482359	0.548090865152	0.543740937651	0.478492025133	0.396810053166	0.432092798453	0.65055582407	0.589656839053	0.446592556791	0.51377477042	0.45142580957	0.609956500725	0.518124697922	0.677138714355	0.631706138231	0.515708071532	0.491058482359	0.452875785404	0.661188980184	0.588206863219	0.628806186564	0.62493958434	0.611406476559	0.642339294345	0.521024649589	0.511841469309	0.536007733204	0.514258095698	0.545190913485	0.634606089899	0.541807636539	0.605606573224	0.479458675689	0.611406476559
AE4	0.610923151281	0.518124697922	0.944900918318	0.618656355727	0.569840502658	0.507974867086	0.368293861769	0.391976800387	0.488641855969	0.0	0.559690671822	0.517641372644	0.574190430159	0.845819236346	0.546157564041	0.553407443209	0.565007249879	0.565490575157	0.924601256646	0.761237312711	0.643789270179	0.56935717738	0.590623489609	0.566940550991	0.89125181247	0.604639922668	0.571290478492	0.567423876269	0.561140647656	0.580473658772	0.623489608507	0.576123731271	0.508458192363	0.53020782987	0.696955050749	0.624456259062	0.563073948768	0.443692605123	0.529724504592	0.52537457709	0.509908168197	0.570807153214	0.529724504592	0.497825036249	0.602706621556	0.584823586274	0.713388110198	0.643305944901	0.682455292412	0.670372160464	0.66892218463	0.692605123248	0.607056549058	0.593040115998	0.603189946834	0.588206863219	0.581440309328	0.681971967134	0.587240212663	0.664088931851	0.581923634606	0.670372160464
AF3	0.598356694055	0.547124214596	0.974383760271	0.652005799903	0.611889801837	0.335911068149	0.675688738521	0.427259545674	0.401643305945	0.559690671822	0.0	0.508941517641	0.528757854036	0.880618656356	0.614306428226	0.557274045433	0.433542774287	0.429192846786	0.953117448043	0.789753504108	0.598840019333	0.524891251812	0.448042532624	0.438376027066	0.918318028033	0.621556307395	0.4398260029	0.50700821653	0.531657805703	0.586756887385	0.52537457709	0.498791686805	0.440309328178	0.485741904302	0.658772353794	0.615273078782	0.417593040116	0.55099081682	0.448525857902	0.62493958434	0.533591106815	0.716771387144	0.673755437409	0.558724021266	0.504108264862	0.468342194297	0.667472208797	0.596423392943	0.65055582407	0.622522957951	0.616723054616	0.649589173514	0.541807636539	0.510391493475	0.534557757371	0.511358144031	0.575157080715	0.637989366844	0.57177380377	0.601256645723	0.473175447076	0.608989850169
AF4	0.608989850169	0.509424842919	0.940067665539	0.611406476559	0.320927984534	0.396326727888	0.588690188497	0.481875302078	0.490091831803	0.517641372644	0.508941517641	0.0	0.534074432093	0.843402609957	0.55099081682	0.540357660706	0.553890768487	0.551957467376	0.895118414693	0.739004349928	0.691638472692	0.617206379894	0.652972450459	0.633156114065	0.859835669406	0.63653939101	0.585306911551	0.609473175447	0.618656355727	0.637022716288	0.655389076849	0.602706621556	0.538424359594	0.552440792653	0.594006766554	0.530691155147	0.547607539874	0.528757854036	0.514258095698	0.515708071532	0.502174963751	0.620106331561	0.595940067666	0.515708071532	0.561623972934	0.555340744321	0.597873368777	0.528757854036	0.54857419043	0.536007733204	0.55099081682	0.577090381827	0.475108748188	0.487675205413	0.528274528758	0.523924601257	0.551474142098	0.564040599323	0.546157564041	0.529724504592	0.543257612373	0.543740937651
AG3	0.585306911551	0.477525374577	0.969550507492	0.47220879652	0.593040115998	0.499758337361	0.637506041566	0.50700821653	0.492025132914	0.574190430159	0.528757854036	0.534074432093	0.0	0.841469308845	0.511841469309	0.505558240696	0.50459159014	0.501691638473	0.933784436926	0.771387143548	0.675205413243	0.588690188497	0.593040115998	0.590140164331	0.88883518608	0.634122764621	0.529241179314	0.56259062349	0.601739971	0.610439826003	0.634122764621	0.560657322378	0.51619139681	0.505558240696	0.647655872402	0.610439826003	0.541807636539	0.550024166264	0.512808119865	0.579023682939	0.507974867086	0.665055582407	0.621072982117	0.543740937651	0.5601739971	0.547607539874	0.623972933784	0.567907201547	0.614789753504	0.610439826003	0.590623489609	0.614789753504	0.51619139681	0.506041565974	0.549540840986	0.520541324311	0.543257612373	0.609473175447	0.542774287095	0.588206863219	0.514741420976	0.586273562107
AG4	0.842435959401	0.853069115515	0.346544224263	0.560657322378	0.823102948284	0.861768970517	0.866602223296	0.843885935234	0.846302561624	0.845819236346	0.880618656356	0.843402609957	0.841469308845	0.0	0.87046882552	0.846785886902	0.882068632189	0.882068632189	0.698405026583	0.669888835186	0.807636539391	0.826002899952	0.8796520058	0.863702271629	0.819236346061	0.813919768004	0.861285645239	0.846785886902	0.751570807153	0.749637506042	0.877718704688	0.867085548574	0.866118898018	0.871918801353	0.893185113581	0.884968583857	0.883035282745	0.857419043016	0.881585306912	0.877718704688	0.874818753021	0.846302561624	0.837119381344	0.854519091348	0.892701788304	0.882551957467	0.8796520058	0.884968583857	0.881101981634	0.879168680522	0.888351860802	0.878202029966	0.887385210246	0.882551957467	0.894635089415	0.884968583857	0.882068632189	0.880135331078	0.87723537941	0.881101981634	0.884968583857	0.882068632189
AH3	0.656355727405	0.389560173997	0.966167230546	0.608989850169	0.608023199613	0.579507008217	0.579507008217	0.556790720155	0.558240695988	0.546157564041	0.614306428226	0.55099081682	0.511841469309	0.87046882552	0.0	0.531174480425	0.598840019333	0.597873368777	0.927984533591	0.772837119381	0.718221362977	0.6389560174	0.642339294345	0.634606089899	0.899951667472	0.687288545191	0.617689705172	0.626389560174	0.656839052682	0.667955534074	0.690188496858	0.632189463509	0.554374093765	0.574673755437	0.70130497825	0.642822619623	0.640889318511	0.540357660706	0.596906718221	0.558724021266	0.549540840986	0.602223296278	0.567423876269	0.563557274045	0.639922667956	0.632189463509	0.700338327695	0.617689705172	0.643789270179	0.654905751571	0.645239246013	0.672305461576	0.582890285162	0.584340260996	0.608989850169	0.592073465442	0.568873852102	0.663122281295	0.561623972934	0.63653939101	0.595456742388	0.635089415176
AH4	0.332527791203	0.36346060899	0.947317544708	0.595940067666	0.601256645723	0.533591106815	0.641855969067	0.507491541808	0.508458192363	0.553407443209	0.557274045433	0.540357660706	0.505558240696	0.846785886902	0.531174480425	0.0	0.516674722088	0.520057999033	0.887385210246	0.734654422426	0.637989366844	0.546640889319	0.573707104882	0.555824069599	0.854035766071	0.603189946834	0.522474625423	0.526341227646	0.567907201547	0.586273562107	0.588690188497	0.535524407927	0.52779120348	0.52779120348	0.683421942968	0.632672788787	0.563557274045	0.563557274045	0.540357660706	0.569840502658	0.525857902368	0.672788786854	0.629289511841	0.556790720155	0.578057032383	0.559690671822	0.656839052682	0.584340260996	0.656839052682	0.608506524891	0.610439826003	0.638472692122	0.535524407927	0.507974867086	0.535041082649	0.511841469309	0.500241662639	0.628806186564	0.508941517641	0.607539874335	0.524407926535	0.617689705172
AA7	0.574673755437	0.519091348478	0.971483808603	0.639922667956	0.613823102948	0.48622522958	0.678588690188	0.459642339294	0.437892701788	0.565007249879	0.433542774287	0.553890768487	0.50459159014	0.882068632189	0.598840019333	0.516674722088	0.0	0.284195263412	0.924601256646	0.779603673272	0.60657322378	0.506524891252	0.479458675689	0.468342194297	0.876268728855	0.599806669889	0.418559690672	0.46979217013	0.539874335428	0.587240212663	0.510874818753	0.424359594007	0.441275978734	0.471242145964	0.689221846303	0.646689221846	0.468342194297	0.547124214596	0.485741904302	0.61575640406	0.536007733204	0.708554857419	0.661672305462	0.571290478492	0.535524407927	0.502174963751	0.670372160464	0.601256645723	0.656355727405	0.630256162397	0.607056549058	0.643789270179	0.533591106815	0.519091348478	0.544707588207	0.516674722088	0.534074432093	0.630256162397	0.536007733204	0.629772837119	0.493958434026	0.61575640406
AA8	0.5601739971	0.522957950701	0.972450459159	0.6389560174	0.608506524891	0.471725471242	0.685838569357	0.452875785404	0.432092798453	0.565490575157	0.429192846786	0.551957467376	0.501691638473	0.882068632189	0.597873368777	0.520057999033	0.284195263412	0.0	0.919284678589	0.769937167714	0.589173513775	0.487191880135	0.477042049299	0.464475592073	0.867568873852	0.592073465442	0.419526341228	0.456742387627	0.521991300145	0.573707104882	0.4813919768	0.371193813436	0.42822619623	0.478492025133	0.691155147414	0.658289028516	0.472692121798	0.555340744321	0.479942000967	0.612856452392	0.533591106815	0.722571290478	0.677622039633	0.573707104882	0.53020782987	0.493475108748	0.661188980184	0.590623489609	0.663122281295	0.629289511841	0.597390043499	0.635572740454	0.526824552924	0.511358144031	0.532624456259	0.507491541808	0.532141130981	0.624456259062	0.532141130981	0.62735621073	0.473175447076	0.610439826003
AB7	0.873852102465	0.89125181247	0.726437892702	0.710971483809	0.873852102465	0.937651039149	0.937167713871	0.931367810536	0.922184630256	0.924601256646	0.953117448043	0.895118414693	0.933784436926	0.698405026583	0.927984533591	0.887385210246	0.924601256646	0.919284678589	0.0	0.404543257612	0.807636539391	0.836152730788	0.937651039149	0.910101498308	0.739971000483	0.811986466892	0.896085065249	0.871918801353	0.732721121315	0.71290478492	0.89125181247	0.895601739971	0.922184630256	0.941034316095	0.940067665539	0.93523441276	0.950217496375	0.913968100532	0.942000966651	0.926051232479	0.937651039149	0.882551957467	0.870952150797	0.906234896085	0.95360077332	0.952634122765	0.930401159981	0.928951184147	0.927984533591	0.928467858869	0.933301111648	0.925084581924	0.924117931368	0.915418076365	0.925567907202	0.918801353311	0.923151280812	0.923151280812	0.918318028033	0.929434509425	0.946350894152	0.933301111648
AB8	0.722571290478	0.730787820203	0.752537457709	0.566457225713	0.753020782987	0.772837119381	0.777187046883	0.772353794103	0.760753987434	0.761237312711	0.789753504108	0.739004349928	0.771387143548	0.669888835186	0.772837119381	0.734654422426	0.779603673272	0.769937167714	0.404543257612	0.0	0.65973900435	0.681488641856	0.763170613823	0.735137747704	0.737554374094	0.666988883519	0.725954567424	0.703238279362	0.547124214596	0.53020782987	0.742387626873	0.741904301595	0.761720637989	0.78008699855	0.800386660222	0.773803769937	0.785886901885	0.748187530208	0.775737071049	0.767037216046	0.767520541324	0.744804253262	0.722571290478	0.739004349928	0.796036732721	0.795070082165	0.818269695505	0.775253745771	0.791203479942	0.784436926051	0.784920251329	0.791203479942	0.774770420493	0.763170613823	0.775737071049	0.766553890768	0.767520541324	0.778637022716	0.764137264379	0.772353794103	0.781053649106	0.772353794103
AC7	0.610439826003	0.662638956017	0.886901884969	0.657805703238	0.737554374094	0.60657322378	0.72692121798	0.587723537941	0.563557274045	0.643789270179	0.598840019333	0.691638472692	0.675205413243	0.807636539391	0.718221362977	0.637989366844	0.60657322378	0.589173513775	0.807636539391	0.65973900435	0.0	0.366360560657	0.583856935718	0.567907201547	0.817303044949	0.600289995167	0.564040599323	0.529241179314	0.475108748188	0.491541807637	0.577573707105	0.548090865152	0.576607056549	0.605606573224	0.803769937168	0.757370710488	0.640889318511	0.6389560174	0.636056065732	0.727404543258	0.674722087965	0.742387626873	0.688255195747	0.651039149348	0.637989366844	0.609956500725	0.826969550507	0.7593040116	0.807153214113	0.793620106332	0.76848719188	0.809086515225	0.699371677139	0.681005316578	0.695021749638	0.676172063799	0.678105364911	0.795070082165	0.6805219913	0.776220396327	0.618656355727	0.779603673272
AC8	0.555824069599	0.570323827936	0.91203479942	0.61333977767	0.67133881102	0.540357660706	0.68970517158	0.490091831803	0.470758820686	0.56935717738	0.524891251812	0.617206379894	0.588690188497	0.826002899952	0.6389560174	0.546640889319	0.506524891252	0.487191880135	0.836152730788	0.681488641856	0.366360560657	0.0	0.490091831803	0.468825519575	0.835186080232	0.555340744321	0.410826486225	0.376993716771	0.428709521508	0.467858869019	0.522474625423	0.457225712905	0.477042049299	0.522474625423	0.725471242146	0.681488641856	0.545190913485	0.565973900435	0.540840985984	0.644272595457	0.591590140164	0.688255195747	0.633639439343	0.574673755437	0.56935717738	0.533107781537	0.741420976317	0.66892218463	0.728371193813	0.714354760754	0.681971967134	0.716288061866	0.612856452392	0.592073465442	0.61333977767	0.591106814886	0.591106814886	0.707588206863	0.594490091832	0.695988400193	0.536007733204	0.691155147414
AD7	0.582890285162	0.584823586274	0.96761720638	0.661672305462	0.720637989367	0.542290961817	0.697921701305	0.508458192363	0.48622522958	0.590623489609	0.448042532624	0.652972450459	0.593040115998	0.8796520058	0.642339294345	0.573707104882	0.479458675689	0.477042049299	0.937651039149	0.763170613823	0.583856935718	0.490091831803	0.0	0.303528274529	0.901884968584	0.542774287095	0.433059449009	0.475592073465	0.51377477042	0.5601739971	0.505558240696	0.476558724021	0.491058482359	0.540840985984	0.733204446593	0.684871918801	0.508941517641	0.594006766554	0.547124214596	0.652972450459	0.607539874335	0.731754470759	0.677622039633	0.615273078782	0.568390526825	0.534074432093	0.753504108265	0.675205413243	0.743354277429	0.72450459159	0.693088448526	0.724021266312	0.627839536008	0.602223296278	0.615273078782	0.602223296278	0.591106814886	0.716771387144	0.601739971	0.707104881585	0.555824069599	0.696471725471
AD8	0.566940550991	0.568390526825	0.952150797487	0.638472692122	0.701788303528	0.507974867086	0.684871918801	0.486708554857	0.478975350411	0.566940550991	0.438376027066	0.633156114065	0.590140164331	0.863702271629	0.634606089899	0.555824069599	0.468342194297	0.464475592073	0.910101498308	0.735137747704	0.567907201547	0.468825519575	0.303528274529	0.0	0.843402609957	0.491058482359	0.416143064282	0.451909134848	0.476558724021	0.521024649589	0.492508458192	0.462058965684	0.475108748188	0.531657805703	0.727404543258	0.675205413243	0.492508458192	0.569840502658	0.52779120348	0.644755920735	0.587240212663	0.708071532141	0.662638956017	0.585790236829	0.559207346544	0.53020782987	0.740937651039	0.657805703238	0.727887868536	0.708554857419	0.673755437409	0.704204929918	0.61333977767	0.590623489609	0.600289995167	0.586756887385	0.585790236829	0.70130497825	0.593040115998	0.686805219913	0.543257612373	0.678588690188
AE7	0.834219429676	0.876268728855	0.854035766071	0.797003383277	0.826969550507	0.895601739971	0.913968100532	0.899468342194	0.892701788304	0.89125181247	0.918318028033	0.859835669406	0.88883518608	0.819236346061	0.899951667472	0.854035766071	0.876268728855	0.867568873852	0.739971000483	0.737554374094	0.817303044949	0.835186080232	0.901884968584	0.843402609957	0.0	0.526341227646	0.870952150797	0.847752537458	0.757370710488	0.754470758821	0.837119381344	0.840502658289	0.899951667472	0.910584823586	0.926051232479	0.913968100532	0.928467858869	0.893185113581	0.905751570807	0.873852102465	0.899468342194	0.877718704688	0.872885451909	0.87723537941	0.935717738038	0.92363460609	0.896085065249	0.902368293862	0.911551474142	0.898018366361	0.900918318028	0.898985016916	0.89125181247	0.894635089415	0.906234896085	0.890285161914	0.900918318028	0.889801836636	0.898985016916	0.90285161914	0.912518124698	0.908168197197
AE8	0.589173513775	0.616239729338	0.903334944418	0.642339294345	0.678105364911	0.599323344611	0.685355244079	0.60415659739	0.59497341711	0.604639922668	0.621556307395	0.63653939101	0.634122764621	0.813919768004	0.687288545191	0.603189946834	0.599806669889	0.592073465442	0.811986466892	0.666988883519	0.600289995167	0.555340744321	0.542774287095	0.491058482359	0.526341227646	0.0	0.570807153214	0.561623972934	0.52779120348	0.5186080232	0.578057032383	0.561140647656	0.608989850169	0.616239729338	0.750120831319	0.710004833253	0.637989366844	0.606089898502	0.613823102948	0.644755920735	0.630739487675	0.706138231029	0.657805703238	0.607539874335	0.641372643789	0.633639439343	0.753987433543	0.686321894635	0.758337361044	0.721604639923	0.709038182697	0.741420976317	0.666988883519	0.640889318511	0.649105848236	0.634122764621	0.647655872402	0.725471242146	0.657805703238	0.706138231029	0.614306428226	0.704688255196
AF7	0.553407443209	0.535524407927	0.946350894152	0.643305944901	0.645239246013	0.505558240696	0.699371677139	0.445625906235	0.424359594007	0.571290478492	0.4398260029	0.585306911551	0.529241179314	0.861285645239	0.617689705172	0.522474625423	0.418559690672	0.419526341228	0.896085065249	0.725954567424	0.564040599323	0.410826486225	0.433059449009	0.416143064282	0.870952150797	0.570807153214	0.0	0.306911551474	0.485258579024	0.532141130981	0.479942000967	0.46302561624	0.414209763171	0.469308844853	0.677138714355	0.63653939101	0.448525857902	0.53697438376	0.494925084582	0.616239729338	0.538424359594	0.700821652972	0.652489125181	0.547124214596	0.528274528758	0.488158530691	0.674722087965	0.605606573224	0.679555340744	0.65973900435	0.618656355727	0.650072498792	0.558240695988	0.532141130981	0.550507491542	0.523924601257	0.551474142098	0.6389560174	0.549057515708	0.637989366844	0.479942000967	0.622039632673
AF8	0.554857419043	0.548090865152	0.932334461092	0.634122764621	0.67133881102	0.528274528758	0.695021749638	0.468342194297	0.451909134848	0.567423876269	0.50700821653	0.609473175447	0.56259062349	0.846785886902	0.626389560174	0.526341227646	0.46979217013	0.456742387627	0.871918801353	0.703238279362	0.529241179314	0.376993716771	0.475592073465	0.451909134848	0.847752537458	0.561623972934	0.306911551474	0.0	0.455292411793	0.50459159014	0.513291445143	0.452392460126	0.440792653456	0.501208313195	0.699855002417	0.662638956017	0.503141614306	0.545190913485	0.515708071532	0.618173030449	0.561140647656	0.681005316578	0.630256162397	0.549540840986	0.551957467376	0.517641372644	0.704204929918	0.630739487675	0.702271628806	0.684871918801	0.645239246013	0.674722087965	0.583856935718	0.558724021266	0.571290478492	0.552440792653	0.553407443209	0.664088931851	0.553407443209	0.666505558241	0.509908168197	0.646205896568
AG7	0.570323827936	0.59255679072	0.836152730788	0.53697438376	0.669888835186	0.533107781537	0.68970517158	0.496858385694	0.491058482359	0.561140647656	0.531657805703	0.618656355727	0.601739971	0.751570807153	0.656839052682	0.567907201547	0.539874335428	0.521991300145	0.732721121315	0.547124214596	0.475108748188	0.428709521508	0.51377477042	0.476558724021	0.757370710488	0.52779120348	0.485258579024	0.455292411793	0.0	0.306911551474	0.545674238763	0.498791686805	0.506041565974	0.547607539874	0.735137747704	0.683905268246	0.541807636539	0.566457225713	0.540840985984	0.645239246013	0.595456742388	0.677138714355	0.617206379894	0.573223779604	0.587240212663	0.556307394877	0.757370710488	0.675688738521	0.738037699372	0.719671338811	0.682455292412	0.732237796037	0.634122764621	0.612373127115	0.619139681005	0.607539874335	0.621556307395	0.720637989367	0.629289511841	0.699371677139	0.567423876269	0.695505074915
AG8	0.576123731271	0.601739971	0.842435959401	0.559207346544	0.6805219913	0.574673755437	0.687771870469	0.555340744321	0.548090865152	0.580473658772	0.586756887385	0.637022716288	0.610439826003	0.749637506042	0.667955534074	0.586273562107	0.587240212663	0.573707104882	0.71290478492	0.53020782987	0.491541807637	0.467858869019	0.5601739971	0.521024649589	0.754470758821	0.5186080232	0.532141130981	0.50459159014	0.306911551474	0.0	0.56935717738	0.541324311261	0.560657322378	0.575640405993	0.752054132431	0.700338327695	0.585306911551	0.574673755437	0.584340260996	0.647655872402	0.599806669889	0.69212179797	0.629289511841	0.585306911551	0.600773320445	0.597873368777	0.763653939101	0.684388593523	0.747220879652	0.727404543258	0.697438376027	0.734171097148	0.644272595457	0.623006283229	0.625906234896	0.619139681005	0.632189463509	0.72692121798	0.637989366844	0.702271628806	0.590140164331	0.705171580474
AH7	0.580473658772	0.624456259062	0.956500724988	0.691638472692	0.697921701305	0.589173513775	0.721121314645	0.549540840986	0.543740937651	0.623489608507	0.52537457709	0.655389076849	0.634122764621	0.877718704688	0.690188496858	0.588690188497	0.510874818753	0.4813919768	0.89125181247	0.742387626873	0.577573707105	0.522474625423	0.505558240696	0.492508458192	0.837119381344	0.578057032383	0.479942000967	0.513291445143	0.545674238763	0.56935717738	0.0	0.349927501208	0.565973900435	0.60415659739	0.769453842436	0.730304494925	0.552440792653	0.642339294345	0.598840019333	0.665538907685	0.633156114065	0.776703721605	0.727404543258	0.655389076849	0.637022716288	0.605606573224	0.761237312711	0.708071532141	0.761720637989	0.73368777187	0.713871435476	0.743354277429	0.636056065732	0.629289511841	0.632189463509	0.618173030449	0.618173030449	0.737071048816	0.634122764621	0.71290478492	0.595456742388	0.730787820203
AH8	0.54857419043	0.561140647656	0.954567423876	0.646205896568	0.654422426293	0.524891251812	0.691155147414	0.494441759304	0.478492025133	0.576123731271	0.498791686805	0.602706621556	0.560657322378	0.867085548574	0.632189463509	0.535524407927	0.424359594007	0.371193813436	0.895601739971	0.741904301595	0.548090865152	0.457225712905	0.476558724021	0.462058965684	0.840502658289	0.561140647656	0.46302561624	0.452392460126	0.498791686805	0.541324311261	0.349927501208	0.0	0.484775253746	0.534557757371	0.73368777187	0.692605123248	0.53020782987	0.579990333494	0.537457709038	0.61333977767	0.577573707105	0.717254712421	0.668438859352	0.598840019333	0.569840502658	0.53939101015	0.710971483809	0.650072498792	0.712421459642	0.677138714355	0.652005799903	0.690188496858	0.582406959884	0.569840502658	0.581923634606	0.559690671822	0.556307394877	0.677622039633	0.563557274045	0.66892218463	0.529724504592	0.671822136298
AA5	0.58337361044	0.507974867086	0.961333977767	0.647655872402	0.601256645723	0.46302561624	0.632189463509	0.401643305945	0.396810053166	0.508458192363	0.440309328178	0.538424359594	0.51619139681	0.866118898018	0.554374093765	0.52779120348	0.441275978734	0.42822619623	0.922184630256	0.761720637989	0.576607056549	0.477042049299	0.491058482359	0.475108748188	0.899951667472	0.608989850169	0.414209763171	0.440792653456	0.506041565974	0.560657322378	0.565973900435	0.484775253746	0.0	0.330111164814	0.657805703238	0.583856935718	0.463508941518	0.458192363461	0.469308844853	0.563557274045	0.477525374577	0.629289511841	0.580473658772	0.470275495408	0.505074915418	0.456259062349	0.692605123248	0.625906234896	0.654422426293	0.653455775737	0.642339294345	0.678588690188	0.529724504592	0.538907684872	0.568873852102	0.531657805703	0.536491058482	0.664572257129	0.543740937651	0.634122764621	0.488158530691	0.642822619623
AA6	0.592073465442	0.507974867086	0.967133881102	0.65732237796	0.616723054616	0.476075398743	0.65055582407	0.4398260029	0.432092798453	0.53020782987	0.485741904302	0.552440792653	0.505558240696	0.871918801353	0.574673755437	0.52779120348	0.471242145964	0.478492025133	0.941034316095	0.78008699855	0.605606573224	0.522474625423	0.540840985984	0.531657805703	0.910584823586	0.616239729338	0.469308844853	0.501208313195	0.547607539874	0.575640405993	0.60415659739	0.534557757371	0.330111164814	0.0	0.651039149348	0.577573707105	0.505074915418	0.489608506525	0.478008699855	0.590140164331	0.490575157081	0.658289028516	0.611889801837	0.510391493475	0.428709521508	0.391976800387	0.678588690188	0.611406476559	0.650072498792	0.640889318511	0.62735621073	0.664088931851	0.52779120348	0.524407926535	0.555824069599	0.524891251812	0.53939101015	0.652489125181	0.547124214596	0.622039632673	0.500241662639	0.628322861286
AB5	0.741420976317	0.652005799903	0.976317061382	0.715804736588	0.611889801837	0.63653939101	0.727887868536	0.647172547124	0.65055582407	0.696955050749	0.658772353794	0.594006766554	0.647655872402	0.893185113581	0.70130497825	0.683421942968	0.689221846303	0.691155147414	0.940067665539	0.800386660222	0.803769937168	0.725471242146	0.733204446593	0.727404543258	0.926051232479	0.750120831319	0.677138714355	0.699855002417	0.735137747704	0.752054132431	0.769453842436	0.73368777187	0.657805703238	0.651039149348	0.0	0.30546157564	0.611889801837	0.664572257129	0.621072982117	0.630256162397	0.601739971	0.734171097148	0.714838086032	0.64572257129	0.614789753504	0.608506524891	0.613823102948	0.596423392943	0.619623006283	0.588690188497	0.612373127115	0.601256645723	0.58337361044	0.585790236829	0.585306911551	0.616723054616	0.65973900435	0.59255679072	0.654905751571	0.583856935718	0.650072498792	0.603189946834
AB6	0.695988400193	0.597873368777	0.969067182214	0.674238762687	0.585790236829	0.570807153214	0.659255679072	0.577090381827	0.589656839053	0.624456259062	0.615273078782	0.530691155147	0.610439826003	0.884968583857	0.642822619623	0.632672788787	0.646689221846	0.658289028516	0.93523441276	0.773803769937	0.757370710488	0.681488641856	0.684871918801	0.675205413243	0.913968100532	0.710004833253	0.63653939101	0.662638956017	0.683905268246	0.700338327695	0.730304494925	0.692605123248	0.583856935718	0.577573707105	0.30546157564	0.0	0.569840502658	0.589173513775	0.570323827936	0.570807153214	0.546157564041	0.66892218463	0.640405993233	0.555824069599	0.55775737071	0.560657322378	0.601739971	0.541324311261	0.58095698405	0.562107298212	0.56259062349	0.584823586274	0.529241179314	0.561623972934	0.552440792653	0.585306911551	0.606089898502	0.567907201547	0.603673272112	0.547607539874	0.620589656839	0.551474142098
AC5	0.608023199613	0.569840502658	0.97680038666	0.660222329628	0.619623006283	0.469308844853	0.681488641856	0.449492508458	0.446592556791	0.563073948768	0.417593040116	0.547607539874	0.541807636539	0.883035282745	0.640889318511	0.563557274045	0.468342194297	0.472692121798	0.950217496375	0.785886901885	0.640889318511	0.545190913485	0.508941517641	0.492508458192	0.928467858869	0.637989366844	0.448525857902	0.503141614306	0.541807636539	0.585306911551	0.552440792653	0.53020782987	0.463508941518	0.505074915418	0.611889801837	0.569840502658	0.0	0.466892218463	0.452392460126	0.601739971	0.529724504592	0.711454809087	0.658289028516	0.549540840986	0.482841952634	0.450942484292	0.612856452392	0.553407443209	0.620106331561	0.590623489609	0.567907201547	0.603189946834	0.512808119865	0.489608506525	0.502174963751	0.50700821653	0.577090381827	0.590623489609	0.58095698405	0.570323827936	0.508941517641	0.574190430159
AC6	0.620589656839	0.506041565974	0.956984050266	0.632672788787	0.574190430159	0.514741420976	0.540840985984	0.475592073465	0.51377477042	0.443692605123	0.55099081682	0.528757854036	0.550024166264	0.857419043016	0.540357660706	0.563557274045	0.547124214596	0.555340744321	0.913968100532	0.748187530208	0.6389560174	0.565973900435	0.594006766554	0.569840502658	0.893185113581	0.606089898502	0.53697438376	0.545190913485	0.566457225713	0.574673755437	0.642339294345	0.579990333494	0.458192363461	0.489608506525	0.664572257129	0.589173513775	0.466892218463	0.0	0.524407926535	0.534557757371	0.495891735138	0.479942000967	0.429676172064	0.422909618173	0.555824069599	0.544224262929	0.691638472692	0.623972933784	0.652005799903	0.643789270179	0.648622522958	0.672305461576	0.579990333494	0.577573707105	0.58337361044	0.565973900435	0.560657322378	0.660222329628	0.559690671822	0.62493958434	0.548090865152	0.642339294345
AD6	0.600289995167	0.530691155147	0.976317061382	0.638472692122	0.582890285162	0.418559690672	0.629289511841	0.44224262929	0.45142580957	0.529724504592	0.448525857902	0.514258095698	0.512808119865	0.881585306912	0.596906718221	0.540357660706	0.485741904302	0.479942000967	0.942000966651	0.775737071049	0.636056065732	0.540840985984	0.547124214596	0.52779120348	0.905751570807	0.613823102948	0.494925084582	0.515708071532	0.540840985984	0.584340260996	0.598840019333	0.537457709038	0.469308844853	0.478008699855	0.621072982117	0.570323827936	0.452392460126	0.524407926535	0.0	0.558724021266	0.426776220396	0.697921701305	0.651039149348	0.544707588207	0.484291928468	0.454325761237	0.606089898502	0.539874335428	0.594006766554	0.574190430159	0.564523924601	0.595456742388	0.490575157081	0.466408893185	0.49540840986	0.464475592073	0.549540840986	0.577573707105	0.548090865152	0.565973900435	0.464475592073	0.565007249879
AE5	0.6389560174	0.537941034316	0.976317061382	0.646689221846	0.555824069599	0.572257129048	0.570807153214	0.566457225713	0.609956500725	0.52537457709	0.62493958434	0.515708071532	0.579023682939	0.877718704688	0.558724021266	0.569840502658	0.61575640406	0.612856452392	0.926051232479	0.767037216046	0.727404543258	0.644272595457	0.652972450459	0.644755920735	0.873852102465	0.644755920735	0.616239729338	0.618173030449	0.645239246013	0.647655872402	0.665538907685	0.61333977767	0.563557274045	0.590140164331	0.630256162397	0.570807153214	0.601739971	0.534557757371	0.558724021266	0.0	0.36346060899	0.610439826003	0.568873852102	0.527307878202	0.636056065732	0.634606089899	0.672305461576	0.612373127115	0.635572740454	0.626389560174	0.640889318511	0.674722087965	0.53939101015	0.564040599323	0.603673272112	0.565490575157	0.564523924601	0.648622522958	0.559207346544	0.607056549058	0.58095698405	0.637506041566
AE6	0.602223296278	0.480425326245	0.976317061382	0.623972933784	0.552440792653	0.494441759304	0.586273562107	0.475592073465	0.518124697922	0.509908168197	0.533591106815	0.502174963751	0.507974867086	0.874818753021	0.549540840986	0.525857902368	0.536007733204	0.533591106815	0.937651039149	0.767520541324	0.674722087965	0.591590140164	0.607539874335	0.587240212663	0.899468342194	0.630739487675	0.538424359594	0.561140647656	0.595456742388	0.599806669889	0.633156114065	0.577573707105	0.477525374577	0.490575157081	0.601739971	0.546157564041	0.529724504592	0.495891735138	0.426776220396	0.36346060899	0.0	0.642822619623	0.589656839053	0.48380860319	0.546157564041	0.543257612373	0.641372643789	0.581440309328	0.602223296278	0.59497341711	0.601256645723	0.637022716288	0.501691638473	0.493475108748	0.527307878202	0.491541807637	0.524407926535	0.619139681005	0.523441275979	0.574190430159	0.503624939584	0.603189946834
AF5	0.72692121798	0.625906234896	0.938617689705	0.658772353794	0.64813919768	0.68293861769	0.55775737071	0.642339294345	0.677138714355	0.570807153214	0.716771387144	0.620106331561	0.665055582407	0.846302561624	0.602223296278	0.672788786854	0.708554857419	0.722571290478	0.882551957467	0.744804253262	0.742387626873	0.688255195747	0.731754470759	0.708071532141	0.877718704688	0.706138231029	0.700821652972	0.681005316578	0.677138714355	0.69212179797	0.776703721605	0.717254712421	0.629289511841	0.658289028516	0.734171097148	0.66892218463	0.711454809087	0.479942000967	0.697921701305	0.610439826003	0.642822619623	0.0	0.286128564524	0.520057999033	0.722087965201	0.713388110198	0.754470758821	0.715804736588	0.722571290478	0.710488158531	0.726437892702	0.738037699372	0.691155147414	0.709038182697	0.725954567424	0.710488158531	0.674722087965	0.730304494925	0.666505558241	0.688738521025	0.71290478492	0.71290478492
AF6	0.676655389077	0.578057032383	0.934267762204	0.634606089899	0.630256162397	0.637506041566	0.51377477042	0.599806669889	0.631706138231	0.529724504592	0.673755437409	0.595940067666	0.621072982117	0.837119381344	0.567423876269	0.629289511841	0.661672305462	0.677622039633	0.870952150797	0.722571290478	0.688255195747	0.633639439343	0.677622039633	0.662638956017	0.872885451909	0.657805703238	0.652489125181	0.630256162397	0.617206379894	0.629289511841	0.727404543258	0.668438859352	0.580473658772	0.611889801837	0.714838086032	0.640405993233	0.658289028516	0.429676172064	0.651039149348	0.568873852102	0.589656839053	0.286128564524	0.0	0.474142097632	0.676655389077	0.665538907685	0.737071048816	0.687288545191	0.711454809087	0.697921701305	0.700338327695	0.728854519091	0.64813919768	0.658772353794	0.680038666022	0.661672305462	0.617689705172	0.71532141131	0.614789753504	0.683905268246	0.666505558241	0.691155147414
