	AA3	AA4	AB3	AB4	AC3	AC4	AD3	AD4	AE3	AE4	AF3	AF4	AG3	AG4	AH3	AH4	AA7	AA8	AB7	AB8	AC7	AC8	AD7	AD8	AE7	AE8	AF7	AF8	AG7	AG8	AH7	AH8	AA5	AA6	AB5	AB6	AC5	AC6	AD6	AE5	AE6	AF5	AF6	AG5	AH5	AH6	AA1	AA2	AB1	AB2	AC1	AC2	AD1	AD2	AE1	AE2	AF1	AF2	AG1	AG2	AH1	AH2
AA3	0.0	0.480425326245	0.937167713871	0.633639439343	0.658772353794	0.58095698405	0.68293861769	0.578057032383	0.56935717738	0.619139681005	0.602706621556	0.603189946834	0.58095698405	0.849202513291	0.643789270179	0.332527791203	0.568873852102	0.555340744321	0.865152247463	0.718221362977	0.61575640406	0.573223779604	0.579990333494	0.582406959884	0.836152730788	0.588206863219	0.568390526825	0.559690671822	0.577573707105	0.572257129048	0.582890285162	0.560657322378	0.581440309328	0.585790236829	0.753020782987	0.691638472692	0.60415659739	0.614306428226	0.581440309328	0.629772837119	0.59255679072	0.705654905752	0.702754954084	0.613823102948	0.603189946834	0.608506524891	0.682455292412	0.654422426293	0.711454809087	0.666988883519	0.64572257129	0.671822136298	0.566940550991	0.575640405993	0.555824069599	0.56259062349	0.567907201547	0.65732237796	0.579023682939	0.649105848236	0.567907201547	0.647655872402
AA4	0.480425326245	0.0	0.948767520541	0.577573707105	0.578057032383	0.50459159014	0.600773320445	0.49299178347	0.519574673755	0.515224746254	0.559690671822	0.514741420976	0.493475108748	0.857419043016	0.380860318995	0.371193813436	0.549540840986	0.539874335428	0.892218463026	0.731754470759	0.665538907685	0.565007249879	0.577573707105	0.582890285162	0.874335427743	0.627839536008	0.556307394877	0.552924117931	0.592073465442	0.61333977767	0.628322861286	0.578540357661	0.516674722088	0.526341227646	0.687771870469	0.609956500725	0.575157080715	0.518124697922	0.539874335428	0.53939101015	0.488158530691	0.628322861286	0.612856452392	0.529724504592	0.582406959884	0.565490575157	0.65732237796	0.592073465442	0.624456259062	0.602223296278	0.61333977767	0.644272595457	0.545674238763	0.532141130981	0.534557757371	0.541324311261	0.500241662639	0.618173030449	0.504108264862	0.58337361044	0.538907684872	0.58095698405
AB3	0.937167713871	0.948767520541	0.0	0.682455292412	0.917351377477	0.95601739971	0.956500724988	0.950217496375	0.939101014983	0.949734171097	0.973417109715	0.938617689705	0.964233929435	0.360077332044	0.958917351377	0.943450942484	0.97680038666	0.970517158047	0.743354277429	0.748670855486	0.892218463026	0.908651522475	0.959400676655	0.949734171097	0.852585790237	0.900918318028	0.940067665539	0.937167713871	0.847752537458	0.848719188014	0.950700821653	0.955534074432	0.956984050266	0.962300628323	0.973417109715	0.965683905268	0.973417109715	0.953117448043	0.972933784437	0.972450459159	0.972450459159	0.932334461092	0.938617689705	0.94441759304	0.977283711938	0.973900434993	0.971483808603	0.969067182214	0.967133881102	0.972933784437	0.969550507492	0.970517158047	0.973900434993	0.974383760271	0.975833736104	0.973417109715	0.973417109715	0.971000483325	0.971483808603	0.974383760271	0.972933784437	0.971483808603
AB4	0.633639439343	0.577573707105	0.682455292412	0.0	0.638472692122	0.617206379894	0.695988400193	0.611889801837	0.61575640406	0.636056065732	0.647172547124	0.622039632673	0.490575157081	0.572257129048	0.608023199613	0.591590140164	0.641855969067	0.634122764621	0.730304494925	0.569840502658	0.65973900435	0.610923151281	0.654905751571	0.639439342678	0.798936684389	0.651039149348	0.639922667956	0.640889318511	0.555824069599	0.594490091832	0.68970517158	0.643789270179	0.628322861286	0.635572740454	0.739971000483	0.678105364911	0.665538907685	0.645239246013	0.626389560174	0.646689221846	0.628322861286	0.65973900435	0.672305461576	0.638472692122	0.682455292412	0.66892218463	0.711454809087	0.664572257129	0.699371677139	0.681005316578	0.681005316578	0.695505074915	0.639439342678	0.64813919768	0.655872402127	0.654905751571	0.63653939101	0.681005316578	0.636056065732	0.662638956017	0.643789270179	0.665055582407
AC3	0.658772353794	0.578057032383	0.917351377477	0.638472692122	0.0	0.506041565974	0.648622522958	0.554374093765	0.568390526825	0.585306911551	0.618656355727	0.314161430643	0.618173030449	0.837602706622	0.619139681005	0.616723054616	0.620589656839	0.619623006283	0.858385693572	0.740937651039	0.732237796037	0.673272112131	0.710971483809	0.71532141131	0.82648622523	0.69212179797	0.656839052682	0.690671822136	0.673755437409	0.690188496858	0.710004833253	0.662155630739	0.611406476559	0.643789270179	0.616239729338	0.573707104882	0.636056065732	0.588690188497	0.581923634606	0.566457225713	0.568873852102	0.652972450459	0.659255679072	0.587723537941	0.633156114065	0.632672788787	0.582890285162	0.566457225713	0.559207346544	0.57177380377	0.580473658772	0.574190430159	0.521991300145	0.561140647656	0.566457225713	0.567907201547	0.619623006283	0.55775737071	0.617206379894	0.564040599323	0.613823102948	0.566457225713
AC4	0.58095698405	0.50459159014	0.95601739971	0.617206379894	0.506041565974	0.0	0.621072982117	0.404059932334	0.426292895118	0.496858385694	0.341227646206	0.410343160947	0.526341227646	0.866602223296	0.567423876269	0.543740937651	0.488158530691	0.471242145964	0.924601256646	0.753987433543	0.598840019333	0.541324311261	0.511358144031	0.519574673755	0.893185113581	0.585306911551	0.488158530691	0.52779120348	0.526824552924	0.552440792653	0.583856935718	0.521024649589	0.444175930401	0.465442242629	0.651039149348	0.56259062349	0.47462542291	0.507491541808	0.424842919285	0.550507491542	0.465925567907	0.668438859352	0.647172547124	0.532141130981	0.510391493475	0.500724987917	0.646205896568	0.585790236829	0.607056549058	0.592073465442	0.595940067666	0.630739487675	0.487675205413	0.516674722088	0.525857902368	0.510391493475	0.531174480425	0.612856452392	0.535524407927	0.579023682939	0.471725471242	0.574673755437
AD3	0.68293861769	0.600773320445	0.956500724988	0.695988400193	0.648622522958	0.621072982117	0.0	0.534074432093	0.644272595457	0.373610439826	0.683421942968	0.600773320445	0.660222329628	0.872885451909	0.581440309328	0.642822619623	0.695988400193	0.698888351861	0.934267762204	0.767037216046	0.722571290478	0.700821652972	0.709521507975	0.697438376027	0.915418076365	0.699371677139	0.705654905752	0.706621556307	0.700821652972	0.699371677139	0.732237796037	0.70372160464	0.637022716288	0.661672305462	0.751087481875	0.674238762687	0.686321894635	0.55775737071	0.645239246013	0.597873368777	0.586756887385	0.556307394877	0.53697438376	0.548090865152	0.708071532141	0.692605123248	0.764137264379	0.707588206863	0.736587723538	0.720637989367	0.718221362977	0.743354277429	0.651522474625	0.671822136298	0.680038666022	0.665055582407	0.639922667956	0.722571290478	0.638472692122	0.704204929918	0.69453842436	0.70130497825
AD4	0.578057032383	0.49299178347	0.950217496375	0.611889801837	0.554374093765	0.404059932334	0.534074432093	0.0	0.324794586757	0.389076848719	0.427742870952	0.483325277912	0.533107781537	0.861768970517	0.554374093765	0.537457709038	0.473175447076	0.452875785404	0.936684388594	0.763170613823	0.581923634606	0.51619139681	0.499275012083	0.499275012083	0.907684871919	0.597873368777	0.459159014016	0.490091831803	0.492508458192	0.554857419043	0.556307394877	0.500724987917	0.407926534558	0.457709038183	0.655872402127	0.561623972934	0.4398260029	0.482358627356	0.41662638956	0.55099081682	0.457709038183	0.641372643789	0.623006283229	0.504108264862	0.500724987917	0.484291928468	0.658772353794	0.593523441276	0.626389560174	0.617689705172	0.60657322378	0.641855969067	0.499275012083	0.524407926535	0.518124697922	0.511358144031	0.532141130981	0.616723054616	0.535524407927	0.598840019333	0.49299178347	0.579990333494
AE3	0.56935717738	0.519574673755	0.939101014983	0.61575640406	0.568390526825	0.426292895118	0.644272595457	0.324794586757	0.0	0.49540840986	0.413243112615	0.49540840986	0.53020782987	0.857902368294	0.570323827936	0.546640889319	0.450942484292	0.434509424843	0.931367810536	0.760270662156	0.567423876269	0.498308361527	0.477525374577	0.476558724021	0.895118414693	0.583856935718	0.427259545674	0.470758820686	0.477525374577	0.540357660706	0.538907684872	0.496858385694	0.403576607057	0.452875785404	0.660705654906	0.577573707105	0.422909618173	0.520541324311	0.424359594007	0.600773320445	0.511358144031	0.678105364911	0.661188980184	0.537941034316	0.48380860319	0.458192363461	0.650072498792	0.593523441276	0.618173030449	0.612856452392	0.59497341711	0.637989366844	0.503141614306	0.535041082649	0.527307878202	0.526341227646	0.548090865152	0.619139681005	0.558240695988	0.593040115998	0.490091831803	0.573707104882
AE4	0.619139681005	0.515224746254	0.949734171097	0.636056065732	0.585306911551	0.496858385694	0.373610439826	0.389076848719	0.49540840986	0.0	0.567907201547	0.521024649589	0.575640405993	0.864185596907	0.564523924601	0.581923634606	0.575157080715	0.571290478492	0.938134364427	0.764137264379	0.649105848236	0.586273562107	0.586273562107	0.579507008217	0.909134847753	0.621072982117	0.576607056549	0.576607056549	0.568873852102	0.597390043499	0.63653939101	0.590623489609	0.514741420976	0.537457709038	0.697921701305	0.610439826003	0.559207346544	0.456742387627	0.53020782987	0.534074432093	0.493958434026	0.589173513775	0.56935717738	0.492025132914	0.593040115998	0.578540357661	0.704688255196	0.643789270179	0.682455292412	0.67133881102	0.658289028516	0.683905268246	0.582406959884	0.588690188497	0.59255679072	0.593040115998	0.561140647656	0.665538907685	0.570807153214	0.649589173514	0.579990333494	0.637022716288
AF3	0.602706621556	0.559690671822	0.973417109715	0.647172547124	0.618656355727	0.341227646206	0.683421942968	0.427742870952	0.413243112615	0.567907201547	0.0	0.521991300145	0.542774287095	0.888351860802	0.612856452392	0.585790236829	0.461092315128	0.421942967617	0.951184146931	0.784920251329	0.590623489609	0.550507491542	0.434509424843	0.441275978734	0.917351377477	0.614306428226	0.426776220396	0.514741420976	0.527307878202	0.579023682939	0.524891251812	0.501208313195	0.439342677622	0.497825036249	0.6805219913	0.620106331561	0.410826486225	0.561623972934	0.438376027066	0.620589656839	0.529724504592	0.719188013533	0.698405026583	0.570323827936	0.509424842919	0.495891735138	0.66892218463	0.606089898502	0.652489125181	0.623489608507	0.613823102948	0.651039149348	0.536491058482	0.537457709038	0.53697438376	0.533107781537	0.573707104882	0.642339294345	0.579990333494	0.602223296278	0.486708554857	0.593040115998
AF4	0.603189946834	0.514741420976	0.938617689705	0.622039632673	0.314161430643	0.410343160947	0.600773320445	0.483325277912	0.49540840986	0.521024649589	0.521991300145	0.0	0.566457225713	0.853552440793	0.564523924601	0.552924117931	0.561623972934	0.552924117931	0.885935234413	0.731271145481	0.695505074915	0.612373127115	0.643789270179	0.647655872402	0.848719188014	0.63653939101	0.591590140164	0.623006283229	0.626872885452	0.639922667956	0.648622522958	0.603673272112	0.53697438376	0.574673755437	0.61333977767	0.526341227646	0.569840502658	0.535041082649	0.5186080232	0.49540840986	0.497341710971	0.613823102948	0.610923151281	0.524407926535	0.570323827936	0.570807153214	0.590623489609	0.532624456259	0.565490575157	0.540357660706	0.53697438376	0.569840502658	0.478975350411	0.507491541808	0.521507974867	0.509908168197	0.546157564041	0.549057515708	0.549540840986	0.517158047366	0.542290961817	0.517158047366
AG3	0.58095698405	0.493475108748	0.964233929435	0.490575157081	0.618173030449	0.526341227646	0.660222329628	0.533107781537	0.53020782987	0.575640405993	0.542774287095	0.566457225713	0.0	0.84726921218	0.541324311261	0.549057515708	0.5186080232	0.508941517641	0.924117931368	0.754954084099	0.681488641856	0.589173513775	0.593040115998	0.602706621556	0.885935234413	0.643305944901	0.549057515708	0.568390526825	0.60657322378	0.625906234896	0.637506041566	0.575157080715	0.535524407927	0.53697438376	0.68293861769	0.630256162397	0.55775737071	0.555824069599	0.522957950701	0.589173513775	0.514741420976	0.680038666022	0.670855485742	0.568873852102	0.577090381827	0.557274045433	0.634606089899	0.582890285162	0.626389560174	0.610439826003	0.585306911551	0.608506524891	0.537941034316	0.525857902368	0.528757854036	0.544707588207	0.547607539874	0.608989850169	0.55775737071	0.587240212663	0.508458192363	0.57177380377
AG4	0.849202513291	0.857419043016	0.360077332044	0.572257129048	0.837602706622	0.866602223296	0.872885451909	0.861768970517	0.857902368294	0.864185596907	0.888351860802	0.853552440793	0.84726921218	0.0	0.871435476075	0.855969067182	0.894151764137	0.887868535524	0.714354760754	0.677622039633	0.817303044949	0.833736104398	0.880135331078	0.869985500242	0.822619623006	0.820686321895	0.861768970517	0.860802319961	0.775253745771	0.759787336878	0.880135331078	0.873852102465	0.87723537941	0.880135331078	0.898501691638	0.888351860802	0.88883518608	0.864185596907	0.887385210246	0.885935234413	0.885935234413	0.852585790237	0.857419043016	0.864185596907	0.894151764137	0.892218463026	0.887868535524	0.884968583857	0.882551957467	0.884968583857	0.895118414693	0.887385210246	0.894151764137	0.884485258579	0.895118414693	0.890285161914	0.88883518608	0.889318511358	0.887868535524	0.882068632189	0.89125181247	0.888351860802
AH3	0.643789270179	0.380860318995	0.958917351377	0.608023199613	0.619139681005	0.567423876269	0.581440309328	0.554374093765	0.570323827936	0.564523924601	0.612856452392	0.564523924601	0.541324311261	0.871435476075	0.0	0.521991300145	0.608023199613	0.608506524891	0.921701304978	0.765587240213	0.712421459642	0.628806186564	0.633156114065	0.633156114065	0.899951667472	0.68970517158	0.632672788787	0.626872885452	0.655872402127	0.673272112131	0.685838569357	0.635572740454	0.555824069599	0.588690188497	0.721121314645	0.651522474625	0.638472692122	0.551474142098	0.593523441276	0.572257129048	0.556790720155	0.601256645723	0.581440309328	0.57177380377	0.646205896568	0.629772837119	0.708554857419	0.6389560174	0.652005799903	0.65973900435	0.647655872402	0.683905268246	0.600773320445	0.591106814886	0.598356694055	0.610439826003	0.573223779604	0.666022232963	0.564040599323	0.637989366844	0.600773320445	0.619623006283
AH4	0.332527791203	0.371193813436	0.943450942484	0.591590140164	0.616723054616	0.543740937651	0.642822619623	0.537457709038	0.546640889319	0.581923634606	0.585790236829	0.552924117931	0.549057515708	0.855969067182	0.521991300145	0.0	0.546640889319	0.538907684872	0.874335427743	0.72450459159	0.64813919768	0.565973900435	0.579990333494	0.576607056549	0.853552440793	0.608989850169	0.562107298212	0.554374093765	0.588206863219	0.599323344611	0.600773320445	0.559690671822	0.552924117931	0.552924117931	0.711938134364	0.644272595457	0.593523441276	0.579023682939	0.556790720155	0.584823586274	0.544224262929	0.667955534074	0.661672305462	0.580473658772	0.605606573224	0.587723537941	0.666988883519	0.617689705172	0.668438859352	0.629772837119	0.617689705172	0.643789270179	0.543740937651	0.544224262929	0.541324311261	0.52779120348	0.515224746254	0.629289511841	0.521024649589	0.609473175447	0.55099081682	0.603673272112
AA7	0.568873852102	0.549540840986	0.97680038666	0.641855969067	0.620589656839	0.488158530691	0.695988400193	0.473175447076	0.450942484292	0.575157080715	0.461092315128	0.561623972934	0.5186080232	0.894151764137	0.608023199613	0.546640889319	0.0	0.295795070082	0.918801353311	0.77090381827	0.599806669889	0.5186080232	0.497825036249	0.498791686805	0.869502174964	0.591590140164	0.465442242629	0.480425326245	0.531657805703	0.577090381827	0.53020782987	0.440792653456	0.435476075399	0.489125181247	0.707588206863	0.651522474625	0.484775253746	0.57177380377	0.481875302078	0.608023199613	0.539874335428	0.719188013533	0.695988400193	0.582890285162	0.553407443209	0.519574673755	0.65973900435	0.612856452392	0.666988883519	0.639922667956	0.598840019333	0.636056065732	0.52537457709	0.538424359594	0.526824552924	0.526824552924	0.532141130981	0.620106331561	0.539874335428	0.621556307395	0.507491541808	0.598356694055
AA8	0.555340744321	0.539874335428	0.970517158047	0.634122764621	0.619623006283	0.471242145964	0.698888351861	0.452875785404	0.434509424843	0.571290478492	0.421942967617	0.552924117931	0.508941517641	0.887868535524	0.608506524891	0.538907684872	0.295795070082	0.0	0.913484775254	0.760270662156	0.579507008217	0.499275012083	0.464475592073	0.46060898985	0.862252295795	0.575157080715	0.432092798453	0.458675688739	0.502174963751	0.5601739971	0.478008699855	0.398743354277	0.415659739004	0.470758820686	0.709521507975	0.644272595457	0.452392460126	0.565007249879	0.461575640406	0.601739971	0.529241179314	0.71532141131	0.699371677139	0.576607056549	0.528274528758	0.50459159014	0.657805703238	0.602223296278	0.667955534074	0.635089415176	0.598356694055	0.635089415176	0.513291445143	0.532141130981	0.529724504592	0.514741420976	0.532624456259	0.621556307395	0.540840985984	0.617206379894	0.491058482359	0.589656839053
AB7	0.865152247463	0.892218463026	0.743354277429	0.730304494925	0.858385693572	0.924601256646	0.934267762204	0.936684388594	0.931367810536	0.938134364427	0.951184146931	0.885935234413	0.924117931368	0.714354760754	0.921701304978	0.874335427743	0.918801353311	0.913484775254	0.0	0.404059932334	0.811503141614	0.839052682455	0.930401159981	0.920734654422	0.732237796037	0.822619623006	0.901401643306	0.873852102465	0.745770903818	0.700821652972	0.879168680522	0.890285161914	0.91445142581	0.933784436926	0.938617689705	0.93281778637	0.94683421943	0.91445142581	0.950700821653	0.92363460609	0.93281778637	0.866118898018	0.884001933301	0.903818269696	0.955534074432	0.952150797487	0.920251329145	0.924601256646	0.93281778637	0.927984533591	0.922184630256	0.912518124698	0.91203479942	0.913001449976	0.914934751087	0.905751570807	0.916384726921	0.911068148864	0.922667955534	0.922667955534	0.950700821653	0.934267762204
AB8	0.718221362977	0.731754470759	0.748670855486	0.569840502658	0.740937651039	0.753987433543	0.767037216046	0.763170613823	0.760270662156	0.764137264379	0.784920251329	0.731271145481	0.754954084099	0.677622039633	0.765587240213	0.72450459159	0.77090381827	0.760270662156	0.404059932334	0.0	0.646689221846	0.659255679072	0.753020782987	0.747220879652	0.722571290478	0.655872402127	0.720637989367	0.696955050749	0.538424359594	0.515224746254	0.729821169647	0.729337844369	0.750604156597	0.762687288545	0.81246979217	0.764620589657	0.776220396327	0.739971000483	0.775253745771	0.753504108265	0.753987433543	0.711938134364	0.722571290478	0.732237796037	0.786370227163	0.782986950217	0.813436442726	0.763653939101	0.796036732721	0.767520541324	0.778153697438	0.792653455776	0.763170613823	0.764137264379	0.768003866602	0.754470758821	0.760753987434	0.787336877719	0.764137264379	0.757370710488	0.778637022716	0.768003866602
AC7	0.61575640406	0.665538907685	0.892218463026	0.65973900435	0.732237796037	0.598840019333	0.722571290478	0.581923634606	0.567423876269	0.649105848236	0.590623489609	0.695505074915	0.681488641856	0.817303044949	0.712421459642	0.64813919768	0.599806669889	0.579507008217	0.811503141614	0.646689221846	0.0	0.368777187047	0.566940550991	0.563073948768	0.82406959884	0.574190430159	0.543740937651	0.517641372644	0.468825519575	0.490091831803	0.565007249879	0.550507491542	0.559207346544	0.597873368777	0.811503141614	0.746254229096	0.614789753504	0.647655872402	0.599806669889	0.727404543258	0.675688738521	0.711938134364	0.706138231029	0.649105848236	0.642822619623	0.628322861286	0.820202996617	0.763170613823	0.795553407443	0.787820202997	0.758337361044	0.79168680522	0.681005316578	0.688255195747	0.686321894635	0.681488641856	0.677138714355	0.785403576607	0.683421942968	0.769453842436	0.629289511841	0.752537457709
AC8	0.573223779604	0.565007249879	0.908651522475	0.610923151281	0.673272112131	0.541324311261	0.700821652972	0.51619139681	0.498308361527	0.586273562107	0.550507491542	0.612373127115	0.589173513775	0.833736104398	0.628806186564	0.565973900435	0.5186080232	0.499275012083	0.839052682455	0.659255679072	0.368777187047	0.0	0.50459159014	0.505558240696	0.832286128565	0.536007733204	0.422426292895	0.382310294828	0.431609473175	0.459642339294	0.528274528758	0.484291928468	0.48622522958	0.512324794587	0.740454325761	0.672788786854	0.561140647656	0.582406959884	0.536007733204	0.641372643789	0.582406959884	0.666988883519	0.655389076849	0.580473658772	0.579990333494	0.55099081682	0.735621072982	0.676172063799	0.716288061866	0.703238279362	0.670372160464	0.705654905752	0.607539874335	0.606089898502	0.596906718221	0.600773320445	0.578540357661	0.700338327695	0.591106814886	0.684388593523	0.553407443209	0.655872402127
AD7	0.579990333494	0.577573707105	0.959400676655	0.654905751571	0.710971483809	0.511358144031	0.709521507975	0.499275012083	0.477525374577	0.586273562107	0.434509424843	0.643789270179	0.593040115998	0.880135331078	0.633156114065	0.579990333494	0.497825036249	0.464475592073	0.930401159981	0.753020782987	0.566940550991	0.50459159014	0.0	0.296761720638	0.88883518608	0.512808119865	0.415176413726	0.458675688739	0.483325277912	0.542290961817	0.495891735138	0.475592073465	0.480425326245	0.526824552924	0.746254229096	0.675688738521	0.485258579024	0.588690188497	0.517158047366	0.650072498792	0.595456742388	0.718221362977	0.699371677139	0.601256645723	0.558240695988	0.555340744321	0.742387626873	0.674238762687	0.719671338811	0.707588206863	0.674238762687	0.707104881585	0.608506524891	0.613823102948	0.601256645723	0.607056549058	0.582406959884	0.70130497825	0.590623489609	0.685838569357	0.554374093765	0.661672305462
AD8	0.582406959884	0.582890285162	0.949734171097	0.639439342678	0.71532141131	0.519574673755	0.697438376027	0.499275012083	0.476558724021	0.579507008217	0.441275978734	0.647655872402	0.602706621556	0.869985500242	0.633156114065	0.576607056549	0.498791686805	0.46060898985	0.920734654422	0.747220879652	0.563073948768	0.505558240696	0.296761720638	0.0	0.84485258579	0.468825519575	0.421459642339	0.462058965684	0.470275495408	0.532141130981	0.504108264862	0.476075398743	0.479458675689	0.524891251812	0.754954084099	0.680038666022	0.4813919768	0.58337361044	0.517641372644	0.65055582407	0.591106814886	0.707588206863	0.692605123248	0.591106814886	0.559207346544	0.552924117931	0.746737554374	0.679072015466	0.72692121798	0.717738037699	0.675688738521	0.710971483809	0.607539874335	0.614789753504	0.60415659739	0.607539874335	0.589173513775	0.701788303528	0.593040115998	0.693571773804	0.552440792653	0.664572257129
AE7	0.836152730788	0.874335427743	0.852585790237	0.798936684389	0.82648622523	0.893185113581	0.915418076365	0.907684871919	0.895118414693	0.909134847753	0.917351377477	0.848719188014	0.885935234413	0.822619623006	0.899951667472	0.853552440793	0.869502174964	0.862252295795	0.732237796037	0.722571290478	0.82406959884	0.832286128565	0.88883518608	0.84485258579	0.0	0.545674238763	0.875785403577	0.858385693572	0.765103914935	0.76848719188	0.836636056066	0.841469308845	0.893185113581	0.904784920251	0.928467858869	0.917351377477	0.924117931368	0.90285161914	0.920734654422	0.883035282745	0.890768487192	0.874818753021	0.880618656356	0.875302078299	0.934751087482	0.921701304978	0.89125181247	0.901401643306	0.906718221363	0.899468342194	0.899951667472	0.895118414693	0.892701788304	0.895601739971	0.90043499275	0.890285161914	0.901884968584	0.89125181247	0.901884968584	0.894635089415	0.913968100532	0.902368293862
AE8	0.588206863219	0.627839536008	0.900918318028	0.651039149348	0.69212179797	0.585306911551	0.699371677139	0.597873368777	0.583856935718	0.621072982117	0.614306428226	0.63653939101	0.643305944901	0.820686321895	0.68970517158	0.608989850169	0.591590140164	0.575157080715	0.822619623006	0.655872402127	0.574190430159	0.536007733204	0.512808119865	0.468825519575	0.545674238763	0.0	0.565490575157	0.548090865152	0.510874818753	0.505558240696	0.563557274045	0.547607539874	0.59255679072	0.595456742388	0.773803769937	0.703238279362	0.623489608507	0.619139681005	0.611889801837	0.660705654906	0.632672788787	0.702271628806	0.68970517158	0.614789753504	0.635572740454	0.618173030449	0.751570807153	0.699371677139	0.757854035766	0.720637989367	0.70372160464	0.73368777187	0.647655872402	0.645239246013	0.651522474625	0.644272595457	0.642339294345	0.719671338811	0.649105848236	0.698888351861	0.620106331561	0.678588690188
AF7	0.568390526825	0.556307394877	0.940067665539	0.639922667956	0.656839052682	0.488158530691	0.705654905752	0.459159014016	0.427259545674	0.576607056549	0.426776220396	0.591590140164	0.549057515708	0.861768970517	0.632672788787	0.562107298212	0.465442242629	0.432092798453	0.901401643306	0.720637989367	0.543740937651	0.422426292895	0.415176413726	0.421459642339	0.875785403577	0.565490575157	0.0	0.333494441759	0.459159014016	0.510874818753	0.480425326245	0.476075398743	0.426776220396	0.475108748188	0.696955050749	0.630739487675	0.442725954567	0.543257612373	0.479942000967	0.617689705172	0.538907684872	0.696471725471	0.674238762687	0.565973900435	0.529724504592	0.50459159014	0.67133881102	0.625906234896	0.677622039633	0.662155630739	0.616723054616	0.646205896568	0.551957467376	0.553890768487	0.549540840986	0.552440792653	0.553407443209	0.640405993233	0.562107298212	0.642822619623	0.491541807637	0.608506524891
AF8	0.559690671822	0.552924117931	0.937167713871	0.640889318511	0.690671822136	0.52779120348	0.706621556307	0.490091831803	0.470758820686	0.576607056549	0.514741420976	0.623006283229	0.568390526825	0.860802319961	0.626872885452	0.554374093765	0.480425326245	0.458675688739	0.873852102465	0.696955050749	0.517641372644	0.382310294828	0.458675688739	0.462058965684	0.858385693572	0.548090865152	0.333494441759	0.0	0.443209279845	0.492025132914	0.520541324311	0.46979217013	0.446109231513	0.497341710971	0.730304494925	0.664088931851	0.511358144031	0.565007249879	0.517158047366	0.623489608507	0.567423876269	0.682455292412	0.664088931851	0.576123731271	0.562107298212	0.546640889319	0.70372160464	0.652005799903	0.706138231029	0.69212179797	0.64572257129	0.67133881102	0.578540357661	0.581440309328	0.577090381827	0.58095698405	0.55099081682	0.667472208797	0.561140647656	0.670855485742	0.523441275979	0.633639439343
AG7	0.577573707105	0.592073465442	0.847752537458	0.555824069599	0.673755437409	0.526824552924	0.700821652972	0.492508458192	0.477525374577	0.568873852102	0.527307878202	0.626872885452	0.60657322378	0.775253745771	0.655872402127	0.588206863219	0.531657805703	0.502174963751	0.745770903818	0.538424359594	0.468825519575	0.431609473175	0.483325277912	0.470275495408	0.765103914935	0.510874818753	0.459159014016	0.443209279845	0.0	0.313194780087	0.537457709038	0.494925084582	0.484291928468	0.535524407927	0.749637506042	0.670855485742	0.529241179314	0.573707104882	0.532624456259	0.639922667956	0.588690188497	0.655872402127	0.654422426293	0.564523924601	0.580473658772	0.567423876269	0.744804253262	0.678105364911	0.722571290478	0.709521507975	0.673755437409	0.717254712421	0.604639922668	0.618173030449	0.618173030449	0.605606573224	0.605123247946	0.704688255196	0.616723054616	0.688738521025	0.573707104882	0.665538907685
AG8	0.572257129048	0.61333977767	0.848719188014	0.594490091832	0.690188496858	0.552440792653	0.699371677139	0.554857419043	0.540357660706	0.597390043499	0.579023682939	0.639922667956	0.625906234896	0.759787336878	0.673272112131	0.599323344611	0.577090381827	0.5601739971	0.700821652972	0.515224746254	0.490091831803	0.459642339294	0.542290961817	0.532141130981	0.76848719188	0.505558240696	0.510874818753	0.492025132914	0.313194780087	0.0	0.551957467376	0.538424359594	0.544224262929	0.574190430159	0.761237312711	0.689221846303	0.574673755437	0.590623489609	0.572740454326	0.652489125181	0.606089898502	0.670855485742	0.673272112131	0.588206863219	0.61333977767	0.603673272112	0.762687288545	0.697438376027	0.73610439826	0.72450459159	0.699855002417	0.73368777187	0.631222812953	0.635572740454	0.637022716288	0.629772837119	0.623972933784	0.723054615756	0.6389560174	0.702271628806	0.604639922668	0.682455292412
AH7	0.582890285162	0.628322861286	0.950700821653	0.68970517158	0.710004833253	0.583856935718	0.732237796037	0.556307394877	0.538907684872	0.63653939101	0.524891251812	0.648622522958	0.637506041566	0.880135331078	0.685838569357	0.600773320445	0.53020782987	0.478008699855	0.879168680522	0.729821169647	0.565007249879	0.528274528758	0.495891735138	0.504108264862	0.836636056066	0.563557274045	0.480425326245	0.520541324311	0.537457709038	0.551957467376	0.0	0.323344610923	0.561140647656	0.610923151281	0.784920251329	0.726437892702	0.547607539874	0.654422426293	0.594490091832	0.672305461576	0.639439342678	0.766553890768	0.751570807153	0.653939101015	0.637022716288	0.630739487675	0.761720637989	0.715804736588	0.756404059932	0.738037699372	0.703238279362	0.733204446593	0.632189463509	0.637022716288	0.627839536008	0.630739487675	0.623489608507	0.730787820203	0.628322861286	0.706621556307	0.613823102948	0.711938134364
AH8	0.560657322378	0.578540357661	0.955534074432	0.643789270179	0.662155630739	0.521024649589	0.70372160464	0.500724987917	0.496858385694	0.590623489609	0.501208313195	0.603673272112	0.575157080715	0.873852102465	0.635572740454	0.559690671822	0.440792653456	0.398743354277	0.890285161914	0.729337844369	0.550507491542	0.484291928468	0.475592073465	0.476075398743	0.841469308845	0.547607539874	0.476075398743	0.46979217013	0.494925084582	0.538424359594	0.323344610923	0.0	0.502174963751	0.543740937651	0.748187530208	0.68293861769	0.535041082649	0.601739971	0.532141130981	0.619623006283	0.574190430159	0.713871435476	0.695505074915	0.605606573224	0.579990333494	0.57177380377	0.709038182697	0.656839052682	0.696471725471	0.673755437409	0.646689221846	0.677138714355	0.572257129048	0.573707104882	0.574190430159	0.572740454326	0.564040599323	0.67133881102	0.56935717738	0.654905751571	0.55099081682	0.653455775737
AA5	0.581440309328	0.516674722088	0.956984050266	0.628322861286	0.611406476559	0.444175930401	0.637022716288	0.407926534558	0.403576607057	0.514741420976	0.439342677622	0.53697438376	0.535524407927	0.87723537941	0.555824069599	0.552924117931	0.435476075399	0.415659739004	0.91445142581	0.750604156597	0.559207346544	0.48622522958	0.480425326245	0.479458675689	0.893185113581	0.59255679072	0.426776220396	0.446109231513	0.484291928468	0.544224262929	0.561140647656	0.502174963751	0.0	0.333494441759	0.683421942968	0.593040115998	0.466892218463	0.464475592073	0.453359110681	0.554857419043	0.472692121798	0.617689705172	0.598840019333	0.486708554857	0.519574673755	0.474142097632	0.699371677139	0.635572740454	0.658772353794	0.654905751571	0.644272595457	0.683421942968	0.527307878202	0.572740454326	0.565007249879	0.555340744321	0.534557757371	0.662155630739	0.551957467376	0.631706138231	0.497341710971	0.617206379894
AA6	0.585790236829	0.526341227646	0.962300628323	0.635572740454	0.643789270179	0.465442242629	0.661672305462	0.457709038183	0.452875785404	0.537457709038	0.497825036249	0.574673755437	0.53697438376	0.880135331078	0.588690188497	0.552924117931	0.489125181247	0.470758820686	0.933784436926	0.762687288545	0.597873368777	0.512324794587	0.526824552924	0.524891251812	0.904784920251	0.595456742388	0.475108748188	0.497341710971	0.535524407927	0.574190430159	0.610923151281	0.543740937651	0.333494441759	0.0	0.681005316578	0.591106814886	0.508941517641	0.498791686805	0.4813919768	0.58337361044	0.49299178347	0.658772353794	0.638472692122	0.533591106815	0.453359110681	0.414693088449	0.695988400193	0.63653939101	0.668438859352	0.662155630739	0.640889318511	0.679072015466	0.537457709038	0.569840502658	0.562107298212	0.556790720155	0.541807636539	0.666022232963	0.556790720155	0.640889318511	0.50700821653	0.616723054616
AB5	0.753020782987	0.687771870469	0.973417109715	0.739971000483	0.616239729338	0.651039149348	0.751087481875	0.655872402127	0.660705654906	0.697921701305	0.6805219913	0.61333977767	0.68293861769	0.898501691638	0.721121314645	0.711938134364	0.707588206863	0.709521507975	0.938617689705	0.81246979217	0.811503141614	0.740454325761	0.746254229096	0.754954084099	0.928467858869	0.773803769937	0.696955050749	0.730304494925	0.749637506042	0.761237312711	0.784920251329	0.748187530208	0.683421942968	0.681005316578	0.0	0.305944900918	0.635572740454	0.67133881102	0.625422909618	0.633156114065	0.613823102948	0.744320927985	0.741904301595	0.675688738521	0.625422909618	0.622522957951	0.610439826003	0.607056549058	0.621556307395	0.596906718221	0.620589656839	0.609473175447	0.596423392943	0.615273078782	0.608506524891	0.618656355727	0.669888835186	0.594490091832	0.664572257129	0.598356694055	0.673272112131	0.609473175447
AB6	0.691638472692	0.609956500725	0.965683905268	0.678105364911	0.573707104882	0.56259062349	0.674238762687	0.561623972934	0.577573707105	0.610439826003	0.620106331561	0.526341227646	0.630256162397	0.888351860802	0.651522474625	0.644272595457	0.651522474625	0.644272595457	0.93281778637	0.764620589657	0.746254229096	0.672788786854	0.675688738521	0.680038666022	0.917351377477	0.703238279362	0.630739487675	0.664088931851	0.670855485742	0.689221846303	0.726437892702	0.68293861769	0.593040115998	0.591106814886	0.305944900918	0.0	0.58337361044	0.593040115998	0.559690671822	0.559207346544	0.535524407927	0.670372160464	0.663122281295	0.555824069599	0.555340744321	0.543257612373	0.594490091832	0.55099081682	0.585306911551	0.554857419043	0.568873852102	0.589656839053	0.522474625423	0.567423876269	0.5601739971	0.564040599323	0.600773320445	0.567907201547	0.592073465442	0.549540840986	0.619623006283	0.551474142098
AC5	0.60415659739	0.575157080715	0.973417109715	0.665538907685	0.636056065732	0.47462542291	0.686321894635	0.4398260029	0.422909618173	0.559207346544	0.410826486225	0.569840502658	0.55775737071	0.88883518608	0.638472692122	0.593523441276	0.484775253746	0.452392460126	0.94683421943	0.776220396327	0.614789753504	0.561140647656	0.485258579024	0.4813919768	0.924117931368	0.623489608507	0.442725954567	0.511358144031	0.529241179314	0.574673755437	0.547607539874	0.535041082649	0.466892218463	0.508941517641	0.635572740454	0.58337361044	0.0	0.4398260029	0.43740937651	0.600289995167	0.524407926535	0.709521507975	0.679072015466	0.565973900435	0.492025132914	0.484775253746	0.631222812953	0.589656839053	0.636056065732	0.607539874335	0.588206863219	0.618173030449	0.514258095698	0.51377477042	0.51619139681	0.501208313195	0.574190430159	0.605606573224	0.581923634606	0.586756887385	0.514258095698	0.568390526825
AC6	0.614306428226	0.518124697922	0.953117448043	0.645239246013	0.588690188497	0.507491541808	0.55775737071	0.482358627356	0.520541324311	0.456742387627	0.561623972934	0.535041082649	0.555824069599	0.864185596907	0.551474142098	0.579023682939	0.57177380377	0.565007249879	0.91445142581	0.739971000483	0.647655872402	0.582406959884	0.588690188497	0.58337361044	0.90285161914	0.619139681005	0.543257612373	0.565007249879	0.573707104882	0.590623489609	0.654422426293	0.601739971	0.464475592073	0.498791686805	0.67133881102	0.593040115998	0.4398260029	0.0	0.522957950701	0.532624456259	0.48380860319	0.493958434026	0.464958917351	0.44224262929	0.568873852102	0.54857419043	0.677138714355	0.627839536008	0.652005799903	0.635089415176	0.640889318511	0.663605606573	0.573223779604	0.582890285162	0.583856935718	0.584340260996	0.561140647656	0.645239246013	0.570323827936	0.614789753504	0.558240695988	0.611889801837
AD6	0.581440309328	0.539874335428	0.972933784437	0.626389560174	0.581923634606	0.424842919285	0.645239246013	0.41662638956	0.424359594007	0.53020782987	0.438376027066	0.5186080232	0.522957950701	0.887385210246	0.593523441276	0.556790720155	0.481875302078	0.461575640406	0.950700821653	0.775253745771	0.599806669889	0.536007733204	0.517158047366	0.517641372644	0.920734654422	0.611889801837	0.479942000967	0.517158047366	0.532624456259	0.572740454326	0.594490091832	0.532141130981	0.453359110681	0.4813919768	0.625422909618	0.559690671822	0.43740937651	0.522957950701	0.0	0.562107298212	0.434992750121	0.697438376027	0.676172063799	0.5601739971	0.460125664572	0.452875785404	0.60415659739	0.53939101015	0.59255679072	0.572740454326	0.552924117931	0.581440309328	0.464475592073	0.473175447076	0.475108748188	0.480425326245	0.549540840986	0.568873852102	0.546640889319	0.556790720155	0.457709038183	0.522957950701
AE5	0.629772837119	0.53939101015	0.972450459159	0.646689221846	0.566457225713	0.550507491542	0.597873368777	0.55099081682	0.600773320445	0.534074432093	0.620589656839	0.49540840986	0.589173513775	0.885935234413	0.572257129048	0.584823586274	0.608023199613	0.601739971	0.92363460609	0.753504108265	0.727404543258	0.641372643789	0.650072498792	0.65055582407	0.883035282745	0.660705654906	0.617689705172	0.623489608507	0.639922667956	0.652489125181	0.672305461576	0.619623006283	0.554857419043	0.58337361044	0.633156114065	0.559207346544	0.600289995167	0.532624456259	0.562107298212	0.0	0.352344127598	0.612856452392	0.600289995167	0.525857902368	0.632189463509	0.623972933784	0.646205896568	0.604639922668	0.628806186564	0.602706621556	0.617206379894	0.640889318511	0.538424359594	0.569840502658	0.596423392943	0.559207346544	0.552924117931	0.619623006283	0.545674238763	0.590140164331	0.582406959884	0.590623489609
AE6	0.59255679072	0.488158530691	0.972450459159	0.628322861286	0.568873852102	0.465925567907	0.586756887385	0.457709038183	0.511358144031	0.493958434026	0.529724504592	0.497341710971	0.514741420976	0.885935234413	0.556790720155	0.544224262929	0.539874335428	0.529241179314	0.93281778637	0.753987433543	0.675688738521	0.582406959884	0.595456742388	0.591106814886	0.890768487192	0.632672788787	0.538907684872	0.567423876269	0.588690188497	0.606089898502	0.639439342678	0.574190430159	0.472692121798	0.49299178347	0.613823102948	0.535524407927	0.524407926535	0.48380860319	0.434992750121	0.352344127598	0.0	0.63653939101	0.610439826003	0.495891735138	0.543257612373	0.537457709038	0.63653939101	0.587723537941	0.608989850169	0.587723537941	0.59255679072	0.626389560174	0.49540840986	0.509424842919	0.51619139681	0.502658289029	0.514741420976	0.612373127115	0.519574673755	0.581440309328	0.502658289029	0.565973900435
AF5	0.705654905752	0.628322861286	0.932334461092	0.65973900435	0.652972450459	0.668438859352	0.556307394877	0.641372643789	0.678105364911	0.589173513775	0.719188013533	0.613823102948	0.680038666022	0.852585790237	0.601256645723	0.667955534074	0.719188013533	0.71532141131	0.866118898018	0.711938134364	0.711938134364	0.666988883519	0.718221362977	0.707588206863	0.874818753021	0.702271628806	0.696471725471	0.682455292412	0.655872402127	0.670855485742	0.766553890768	0.713871435476	0.617689705172	0.658772353794	0.744320927985	0.670372160464	0.709521507975	0.493958434026	0.697438376027	0.612856452392	0.63653939101	0.0	0.283711938134	0.528274528758	0.724021266312	0.71532141131	0.755920734654	0.717254712421	0.734654422426	0.702754954084	0.722571290478	0.746254229096	0.688738521025	0.710971483809	0.72450459159	0.711454809087	0.670855485742	0.72450459159	0.669405509908	0.687288545191	0.706621556307	0.705171580474
AF6	0.702754954084	0.612856452392	0.938617689705	0.672305461576	0.659255679072	0.647172547124	0.53697438376	0.623006283229	0.661188980184	0.56935717738	0.698405026583	0.610923151281	0.670855485742	0.857419043016	0.581440309328	0.661672305462	0.695988400193	0.699371677139	0.884001933301	0.722571290478	0.706138231029	0.655389076849	0.699371677139	0.692605123248	0.880618656356	0.68970517158	0.674238762687	0.664088931851	0.654422426293	0.673272112131	0.751570807153	0.695505074915	0.598840019333	0.638472692122	0.741904301595	0.663122281295	0.679072015466	0.464958917351	0.676172063799	0.600289995167	0.610439826003	0.283711938134	0.0	0.506041565974	0.697438376027	0.684388593523	0.749637506042	0.708071532141	0.731271145481	0.700821652972	0.710004833253	0.742870952151	0.668438859352	0.688255195747	0.696955050749	0.687771870469	0.647655872402	0.724021266312	0.642822619623	0.686805219913	0.68970517158	0.694055099082
