	AA3	AA4	AB3	AB4	AC3	AC4	AD3	AD4	AE3	AE4	AF3	AF4	AG3	AG4	AH3	AH4	AA7	AA8	AB7	AB8	AC7	AC8	AD7	AD8	AE7	AE8	AF7	AF8	AG7	AG8	AH7	AH8	AA5	AA6	AB5	AB6	AC5	AC6	AD6	AE5	AE6	AF5	AF6	AG5	AH5	AH6	AA1	AA2	AB1	AB2	AC1	AC2	AD1	AD2	AE1	AE2	AF1	AF2	AG1	AG2	AH1	AH2
AA3	0.0	0.507491541808	0.931851135814	0.632189463509	0.658289028516	0.59497341711	0.66892218463	0.607056549058	0.582890285162	0.649589173514	0.626389560174	0.609473175447	0.585306911551	0.845819236346	0.647655872402	0.333977767037	0.575157080715	0.585306911551	0.869985500242	0.70372160464	0.618656355727	0.581923634606	0.607056549058	0.591590140164	0.82648622523	0.60415659739	0.590623489609	0.574673755437	0.59497341711	0.596906718221	0.598840019333	0.570807153214	0.595456742388	0.602706621556	0.767037216046	0.689221846303	0.619623006283	0.62735621073	0.621556307395	0.64813919768	0.620106331561	0.728371193813	0.68293861769	0.635572740454	0.632189463509	0.628806186564	0.690671822136	0.635089415176	0.727887868536	0.679072015466	0.639439342678	0.666988883519	0.587723537941	0.58337361044	0.591590140164	0.561623972934	0.579023682939	0.663122281295	0.589656839053	0.655389076849	0.586273562107	0.658289028516
AA4	0.507491541808	0.0	0.947317544708	0.575157080715	0.557274045433	0.485741904302	0.576607056549	0.484291928468	0.512324794587	0.513291445143	0.551957467376	0.507491541808	0.474142097632	0.860802319961	0.356210729821	0.386176897052	0.543740937651	0.528274528758	0.899468342194	0.714354760754	0.666988883519	0.597873368777	0.593040115998	0.581440309328	0.872885451909	0.626872885452	0.562107298212	0.561623972934	0.602706621556	0.608506524891	0.641372643789	0.587723537941	0.506041565974	0.517641372644	0.664088931851	0.586756887385	0.566940550991	0.503624939584	0.539874335428	0.533107781537	0.476075398743	0.62735621073	0.573223779604	0.507491541808	0.575157080715	0.556307394877	0.636056065732	0.5601739971	0.624456259062	0.593040115998	0.575640405993	0.616239729338	0.52779120348	0.511841469309	0.53020782987	0.514258095698	0.500724987917	0.604639922668	0.512808119865	0.566457225713	0.524891251812	0.579023682939
AB3	0.931851135814	0.947317544708	0.0	0.689221846303	0.906234896085	0.94683421943	0.954084098598	0.943450942484	0.92363460609	0.948767520541	0.967133881102	0.93523441276	0.963750604157	0.34267762204	0.958917351377	0.940067665539	0.967133881102	0.963750604157	0.744320927985	0.758820686322	0.885451909135	0.90043499275	0.954084098598	0.94441759304	0.848719188014	0.896568390527	0.939101014983	0.925567907202	0.840019333011	0.837602706622	0.948284195263	0.948284195263	0.948284195263	0.954567423876	0.969550507492	0.964717254712	0.971483808603	0.949734171097	0.970033832769	0.969067182214	0.96761720638	0.931367810536	0.93523441276	0.945867568874	0.970033832769	0.969067182214	0.969550507492	0.968100531658	0.970033832769	0.970033832769	0.968583856936	0.965683905268	0.968100531658	0.970033832769	0.971967133881	0.969550507492	0.96761720638	0.96761720638	0.970033832769	0.970033832769	0.968583856936	0.96761720638
AB4	0.632189463509	0.575157080715	0.689221846303	0.0	0.629289511841	0.608023199613	0.678105364911	0.616723054616	0.598356694055	0.628322861286	0.64572257129	0.615273078782	0.484775253746	0.576123731271	0.595940067666	0.591590140164	0.643305944901	0.635089415176	0.730304494925	0.566940550991	0.649589173514	0.622039632673	0.65055582407	0.641855969067	0.792170130498	0.635572740454	0.654905751571	0.635089415176	0.551474142098	0.561140647656	0.687771870469	0.652005799903	0.627839536008	0.642339294345	0.740454325761	0.670372160464	0.651522474625	0.627839536008	0.625422909618	0.637989366844	0.623972933784	0.664088931851	0.650072498792	0.62735621073	0.674238762687	0.661672305462	0.694055099082	0.647172547124	0.700338327695	0.684871918801	0.658289028516	0.676172063799	0.631706138231	0.635572740454	0.653939101015	0.636056065732	0.64813919768	0.684388593523	0.635572740454	0.657805703238	0.647172547124	0.666022232963
AC3	0.658289028516	0.557274045433	0.906234896085	0.629289511841	0.0	0.486708554857	0.632189463509	0.54857419043	0.545190913485	0.578057032383	0.608989850169	0.321894635089	0.605606573224	0.823102948284	0.598356694055	0.590140164331	0.618656355727	0.606089898502	0.866602223296	0.730787820203	0.713388110198	0.678105364911	0.714354760754	0.695021749638	0.817786370227	0.681971967134	0.656839052682	0.667955534074	0.672305461576	0.670855485742	0.693088448526	0.662155630739	0.600773320445	0.618173030449	0.627839536008	0.585790236829	0.619623006283	0.58337361044	0.593040115998	0.550507491542	0.558724021266	0.657805703238	0.639439342678	0.557274045433	0.640405993233	0.634122764621	0.598840019333	0.56935717738	0.593040115998	0.578540357661	0.591106814886	0.590623489609	0.535041082649	0.564523924601	0.579990333494	0.556307394877	0.612373127115	0.576123731271	0.612373127115	0.578540357661	0.622039632673	0.593040115998
AC4	0.59497341711	0.485741904302	0.94683421943	0.608023199613	0.486708554857	0.0	0.614306428226	0.410826486225	0.400676655389	0.509424842919	0.344610923151	0.386176897052	0.520057999033	0.864185596907	0.549057515708	0.533107781537	0.48622522958	0.477042049299	0.926534557757	0.748670855486	0.587240212663	0.541324311261	0.521024649589	0.508458192363	0.887868535524	0.584340260996	0.495891735138	0.49540840986	0.536007733204	0.555824069599	0.577573707105	0.528274528758	0.445625906235	0.457709038183	0.660705654906	0.568873852102	0.468825519575	0.500241662639	0.4398260029	0.55775737071	0.483325277912	0.679072015466	0.624456259062	0.509908168197	0.503624939584	0.501208313195	0.638472692122	0.559207346544	0.607539874335	0.596423392943	0.572740454326	0.616239729338	0.501208313195	0.504108264862	0.500241662639	0.492508458192	0.522957950701	0.60415659739	0.553407443209	0.566940550991	0.472692121798	0.572257129048
AD3	0.66892218463	0.576607056549	0.954084098598	0.678105364911	0.632189463509	0.614306428226	0.0	0.517158047366	0.635572740454	0.354760753987	0.674238762687	0.588206863219	0.629772837119	0.871918801353	0.572740454326	0.632189463509	0.682455292412	0.674722087965	0.943934267762	0.760753987434	0.714354760754	0.696955050749	0.695505074915	0.686805219913	0.913968100532	0.681005316578	0.702271628806	0.692605123248	0.688738521025	0.681971967134	0.717738037699	0.684871918801	0.626872885452	0.641372643789	0.743837602707	0.662638956017	0.675688738521	0.539874335428	0.636056065732	0.578540357661	0.577090381827	0.567907201547	0.519574673755	0.544707588207	0.695505074915	0.685838569357	0.753020782987	0.686805219913	0.731754470759	0.706621556307	0.699855002417	0.732237796037	0.651522474625	0.657805703238	0.66892218463	0.651522474625	0.623006283229	0.72692121798	0.628322861286	0.690671822136	0.687288545191	0.703238279362
AD4	0.607056549058	0.484291928468	0.943450942484	0.616723054616	0.54857419043	0.410826486225	0.517158047366	0.0	0.32866118898	0.393910101498	0.437892701788	0.482358627356	0.522957950701	0.857419043016	0.535041082649	0.529241179314	0.472692121798	0.467375543741	0.936684388594	0.750120831319	0.584823586274	0.519574673755	0.508941517641	0.494925084582	0.90043499275	0.601739971	0.465442242629	0.482841952634	0.504108264862	0.560657322378	0.559207346544	0.515224746254	0.415176413726	0.436442725955	0.659255679072	0.567423876269	0.45142580957	0.48380860319	0.454325761237	0.5601739971	0.46302561624	0.643305944901	0.589173513775	0.4813919768	0.51619139681	0.496858385694	0.661672305462	0.586273562107	0.645239246013	0.622522957951	0.605123247946	0.644272595457	0.526824552924	0.521024649589	0.514741420976	0.516674722088	0.522474625423	0.637022716288	0.546157564041	0.595456742388	0.521507974867	0.611889801837
AE3	0.582890285162	0.512324794587	0.92363460609	0.598356694055	0.545190913485	0.400676655389	0.635572740454	0.32866118898	0.0	0.509908168197	0.397776703722	0.499275012083	0.519091348478	0.843402609957	0.561140647656	0.529724504592	0.461575640406	0.454809086515	0.921701304978	0.73852102465	0.545190913485	0.482841952634	0.478492025133	0.478492025133	0.881585306912	0.584340260996	0.456742387627	0.459159014016	0.479458675689	0.546640889319	0.547124214596	0.498308361527	0.415659739004	0.46060898985	0.676655389077	0.595456742388	0.455775737071	0.52537457709	0.447559207347	0.61333977767	0.517158047366	0.69212179797	0.640889318511	0.519574673755	0.503624939584	0.492508458192	0.655389076849	0.576607056549	0.637989366844	0.620106331561	0.59497341711	0.639922667956	0.529241179314	0.52537457709	0.521991300145	0.510874818753	0.53939101015	0.636056065732	0.562107298212	0.600773320445	0.491541807637	0.599806669889
AE4	0.649589173514	0.513291445143	0.948767520541	0.628322861286	0.578057032383	0.509424842919	0.354760753987	0.393910101498	0.509908168197	0.0	0.567907201547	0.529241179314	0.563073948768	0.866602223296	0.534074432093	0.575157080715	0.587240212663	0.58337361044	0.949250845819	0.760270662156	0.663122281295	0.614789753504	0.603673272112	0.584823586274	0.90961817303	0.617206379894	0.596423392943	0.586273562107	0.589656839053	0.601739971	0.653939101015	0.610439826003	0.526341227646	0.537457709038	0.693088448526	0.608506524891	0.573223779604	0.454325761237	0.536491058482	0.527307878202	0.509908168197	0.588690188497	0.536007733204	0.490091831803	0.598356694055	0.588206863219	0.69453842436	0.626389560174	0.681005316578	0.663605606573	0.652489125181	0.677138714355	0.598356694055	0.586756887385	0.577090381827	0.583856935718	0.564523924601	0.672788786854	0.584823586274	0.64572257129	0.589656839053	0.654422426293
AF3	0.626389560174	0.551957467376	0.967133881102	0.64572257129	0.608989850169	0.344610923151	0.674238762687	0.437892701788	0.397776703722	0.567907201547	0.0	0.514258095698	0.541324311261	0.885451909135	0.599323344611	0.579990333494	0.438376027066	0.44900918318	0.962300628323	0.785886901885	0.585306911551	0.53939101015	0.433059449009	0.44224262929	0.918801353311	0.618173030449	0.441759304012	0.503141614306	0.528274528758	0.590623489609	0.528757854036	0.522474625423	0.435476075399	0.488641855969	0.684388593523	0.612373127115	0.432092798453	0.557274045433	0.453359110681	0.629772837119	0.537941034316	0.720637989367	0.667955534074	0.559207346544	0.509424842919	0.506041565974	0.672305461576	0.593040115998	0.659255679072	0.623972933784	0.605606573224	0.644272595457	0.55099081682	0.528274528758	0.53020782987	0.515224746254	0.564040599323	0.633639439343	0.589173513775	0.593523441276	0.496375060416	0.600289995167
AF4	0.609473175447	0.507491541808	0.93523441276	0.615273078782	0.321894635089	0.386176897052	0.588206863219	0.482358627356	0.499275012083	0.529241179314	0.514258095698	0.0	0.552924117931	0.851135814403	0.559690671822	0.533591106815	0.566457225713	0.545674238763	0.896568390527	0.727404543258	0.684871918801	0.631222812953	0.64572257129	0.627839536008	0.855969067182	0.642339294345	0.590623489609	0.60657322378	0.629289511841	0.632672788787	0.643789270179	0.609473175447	0.534557757371	0.553890768487	0.623972933784	0.537457709038	0.546157564041	0.532141130981	0.516674722088	0.502174963751	0.503141614306	0.63653939101	0.596423392943	0.507491541808	0.561140647656	0.558240695988	0.584823586274	0.510874818753	0.58095698405	0.548090865152	0.537941034316	0.567907201547	0.467858869019	0.494925084582	0.517158047366	0.498308361527	0.551474142098	0.551957467376	0.546640889319	0.526341227646	0.549057515708	0.527307878202
AG3	0.585306911551	0.474142097632	0.963750604157	0.484775253746	0.605606573224	0.520057999033	0.629772837119	0.522957950701	0.519091348478	0.563073948768	0.541324311261	0.552924117931	0.0	0.852102464959	0.503624939584	0.516674722088	0.510874818753	0.497341710971	0.934751087482	0.74770420493	0.66892218463	0.598356694055	0.589173513775	0.587240212663	0.885935234413	0.627839536008	0.557274045433	0.564523924601	0.603189946834	0.612373127115	0.633156114065	0.572257129048	0.519574673755	0.530691155147	0.684388593523	0.621556307395	0.550507491542	0.549540840986	0.528274528758	0.576123731271	0.513291445143	0.677138714355	0.626872885452	0.541324311261	0.579990333494	0.550507491542	0.632672788787	0.566940550991	0.6389560174	0.621072982117	0.581440309328	0.622039632673	0.538424359594	0.529241179314	0.549540840986	0.528757854036	0.537457709038	0.628322861286	0.555824069599	0.595940067666	0.521507974867	0.587723537941
AG4	0.845819236346	0.860802319961	0.34267762204	0.576123731271	0.823102948284	0.864185596907	0.871918801353	0.857419043016	0.843402609957	0.866602223296	0.885451909135	0.851135814403	0.852102464959	0.0	0.872885451909	0.851619139681	0.89125181247	0.886418559691	0.707588206863	0.687288545191	0.813436442726	0.826002899952	0.882068632189	0.869985500242	0.823102948284	0.828902851619	0.87046882552	0.849685838569	0.765587240213	0.754954084099	0.884485258579	0.870952150797	0.869985500242	0.87046882552	0.899951667472	0.88883518608	0.888351860802	0.860802319961	0.884968583857	0.883035282745	0.881101981634	0.852585790237	0.854035766071	0.867085548574	0.894151764137	0.886418559691	0.884485258579	0.883518608023	0.883518608023	0.883518608023	0.894635089415	0.885451909135	0.89125181247	0.885451909135	0.894635089415	0.887868535524	0.888351860802	0.88883518608	0.884968583857	0.886418559691	0.890285161914	0.886901884969
AH3	0.647655872402	0.356210729821	0.958917351377	0.595940067666	0.598356694055	0.549057515708	0.572740454326	0.535041082649	0.561140647656	0.534074432093	0.599323344611	0.559690671822	0.503624939584	0.872885451909	0.0	0.521024649589	0.591590140164	0.581923634606	0.933301111648	0.760753987434	0.699855002417	0.636056065732	0.635089415176	0.629772837119	0.903334944418	0.681005316578	0.635089415176	0.622039632673	0.65055582407	0.652972450459	0.687288545191	0.633156114065	0.540357660706	0.56935717738	0.711454809087	0.635089415176	0.625906234896	0.531657805703	0.585790236829	0.558240695988	0.535524407927	0.603189946834	0.554857419043	0.544224262929	0.635089415176	0.610923151281	0.691155147414	0.609956500725	0.661188980184	0.662155630739	0.633639439343	0.677622039633	0.585306911551	0.593040115998	0.597390043499	0.591590140164	0.561623972934	0.674238762687	0.556790720155	0.631706138231	0.579507008217	0.616239729338
AH4	0.333977767037	0.386176897052	0.940067665539	0.591590140164	0.590140164331	0.533107781537	0.632189463509	0.529241179314	0.529724504592	0.575157080715	0.579990333494	0.533591106815	0.516674722088	0.851619139681	0.521024649589	0.0	0.523441275979	0.523441275979	0.879168680522	0.709521507975	0.634122764621	0.565490575157	0.585306911551	0.575157080715	0.837602706622	0.601256645723	0.559690671822	0.549540840986	0.576123731271	0.581440309328	0.588690188497	0.538424359594	0.537457709038	0.547607539874	0.709038182697	0.627839536008	0.58337361044	0.57177380377	0.565007249879	0.577573707105	0.53939101015	0.680038666022	0.62735621073	0.56935717738	0.600289995167	0.576607056549	0.661188980184	0.585790236829	0.674238762687	0.624456259062	0.598356694055	0.631706138231	0.540840985984	0.531657805703	0.543257612373	0.515224746254	0.515224746254	0.623972933784	0.528274528758	0.610439826003	0.546640889319	0.611889801837
AA7	0.575157080715	0.543740937651	0.967133881102	0.643305944901	0.618656355727	0.48622522958	0.682455292412	0.472692121798	0.461575640406	0.587240212663	0.438376027066	0.566457225713	0.510874818753	0.89125181247	0.591590140164	0.523441275979	0.0	0.292895118415	0.92363460609	0.758337361044	0.58337361044	0.507974867086	0.468825519575	0.461092315128	0.873852102465	0.607056549058	0.441275978734	0.474142097632	0.524891251812	0.575640405993	0.500241662639	0.428709521508	0.421459642339	0.48622522958	0.719671338811	0.652005799903	0.466892218463	0.563073948768	0.505074915418	0.61575640406	0.553407443209	0.727404543258	0.671822136298	0.58095698405	0.539874335428	0.52779120348	0.674238762687	0.593040115998	0.684388593523	0.646689221846	0.59497341711	0.639439342678	0.542774287095	0.533107781537	0.53697438376	0.51377477042	0.526824552924	0.639922667956	0.561623972934	0.626872885452	0.494925084582	0.616723054616
AA8	0.585306911551	0.528274528758	0.963750604157	0.635089415176	0.606089898502	0.477042049299	0.674722087965	0.467375543741	0.454809086515	0.58337361044	0.44900918318	0.545674238763	0.497341710971	0.886418559691	0.581923634606	0.523441275979	0.292895118415	0.0	0.92363460609	0.753020782987	0.582406959884	0.50459159014	0.491058482359	0.478008699855	0.860318994683	0.589656839053	0.457225712905	0.477042049299	0.521024649589	0.573223779604	0.482358627356	0.39342677622	0.422909618173	0.488158530691	0.714354760754	0.644755920735	0.473175447076	0.555824069599	0.495891735138	0.616239729338	0.546640889319	0.723054615756	0.670855485742	0.573223779604	0.538907684872	0.521024649589	0.656839052682	0.578057032383	0.672305461576	0.635089415176	0.578057032383	0.621072982117	0.529241179314	0.520057999033	0.522957950701	0.500724987917	0.526341227646	0.621556307395	0.550507491542	0.61575640406	0.487675205413	0.600289995167
AB7	0.869985500242	0.899468342194	0.744320927985	0.730304494925	0.866602223296	0.926534557757	0.943934267762	0.936684388594	0.921701304978	0.949250845819	0.962300628323	0.896568390527	0.934751087482	0.707588206863	0.933301111648	0.879168680522	0.92363460609	0.92363460609	0.0	0.429192846786	0.813919768004	0.845819236346	0.935717738038	0.918801353311	0.743837602707	0.837602706622	0.897051715805	0.876268728855	0.74528757854	0.702754954084	0.886901884969	0.905751570807	0.918318028033	0.930401159981	0.947317544708	0.944900918318	0.94683421943	0.910101498308	0.958917351377	0.928951184147	0.949250845819	0.885935234413	0.889801836636	0.901884968584	0.958917351377	0.954084098598	0.929434509425	0.924117931368	0.939101014983	0.93281778637	0.933301111648	0.922667955534	0.919768003867	0.9212179797	0.9212179797	0.914934751087	0.927017883035	0.921701304978	0.925567907202	0.930884485259	0.950700821653	0.928467858869
AB8	0.70372160464	0.714354760754	0.758820686322	0.566940550991	0.730787820203	0.748670855486	0.760753987434	0.750120831319	0.73852102465	0.760270662156	0.785886901885	0.727404543258	0.74770420493	0.687288545191	0.760753987434	0.709521507975	0.758337361044	0.753020782987	0.429192846786	0.0	0.639922667956	0.65973900435	0.749637506042	0.731271145481	0.725954567424	0.653939101015	0.711454809087	0.686805219913	0.535524407927	0.512324794587	0.72450459159	0.730304494925	0.744320927985	0.751570807153	0.814403093282	0.76848719188	0.765587240213	0.727404543258	0.771870468826	0.747220879652	0.758337361044	0.717738037699	0.719188013533	0.718221362977	0.783470275495	0.774770420493	0.804736587724	0.750120831319	0.794586756887	0.760270662156	0.767037216046	0.772837119381	0.748187530208	0.749154180764	0.755920734654	0.750604156597	0.751087481875	0.771870468826	0.748670855486	0.751087481875	0.772353794103	0.75688738521
AC7	0.618656355727	0.666988883519	0.885451909135	0.649589173514	0.713388110198	0.587240212663	0.714354760754	0.584823586274	0.545190913485	0.663122281295	0.585306911551	0.684871918801	0.66892218463	0.813436442726	0.699855002417	0.634122764621	0.58337361044	0.582406959884	0.813919768004	0.639922667956	0.0	0.360077332044	0.564040599323	0.558724021266	0.821169647173	0.591106814886	0.553407443209	0.497825036249	0.46302561624	0.498308361527	0.569840502658	0.548090865152	0.55099081682	0.595940067666	0.819236346061	0.747220879652	0.62493958434	0.634122764621	0.614789753504	0.732237796037	0.674238762687	0.729337844369	0.684388593523	0.641372643789	0.638472692122	0.633156114065	0.817786370227	0.744320927985	0.799420009667	0.785886901885	0.740454325761	0.781536974384	0.699371677139	0.674238762687	0.673272112131	0.666022232963	0.65973900435	0.78250362494	0.685355244079	0.7593040116	0.613823102948	0.756404059932
AC8	0.581923634606	0.597873368777	0.90043499275	0.622039632673	0.678105364911	0.541324311261	0.696955050749	0.519574673755	0.482841952634	0.614789753504	0.53939101015	0.631222812953	0.598356694055	0.826002899952	0.636056065732	0.565490575157	0.507974867086	0.50459159014	0.845819236346	0.65973900435	0.360077332044	0.0	0.49299178347	0.479458675689	0.83566940551	0.555824069599	0.414693088449	0.359594006767	0.427259545674	0.473658772354	0.522957950701	0.479458675689	0.471242145964	0.514258095698	0.757854035766	0.683905268246	0.547124214596	0.573223779604	0.556307394877	0.662155630739	0.601739971	0.678105364911	0.631706138231	0.58095698405	0.572740454326	0.564040599323	0.751570807153	0.674238762687	0.736587723538	0.72450459159	0.673755437409	0.717254712421	0.624456259062	0.611889801837	0.611889801837	0.603673272112	0.582406959884	0.714838086032	0.613823102948	0.698405026583	0.547124214596	0.687288545191
AD7	0.607056549058	0.593040115998	0.954084098598	0.65055582407	0.714354760754	0.521024649589	0.695505074915	0.508941517641	0.478492025133	0.603673272112	0.433059449009	0.64572257129	0.589173513775	0.882068632189	0.635089415176	0.585306911551	0.468825519575	0.491058482359	0.935717738038	0.749637506042	0.564040599323	0.49299178347	0.0	0.299661672305	0.898501691638	0.530691155147	0.432092798453	0.46979217013	0.488641855969	0.547124214596	0.505074915418	0.494441759304	0.473658772354	0.534557757371	0.762203963267	0.685355244079	0.509424842919	0.578540357661	0.548090865152	0.661188980184	0.593523441276	0.719671338811	0.674238762687	0.600773320445	0.565973900435	0.565007249879	0.744804253262	0.661672305462	0.739971000483	0.714838086032	0.662638956017	0.70372160464	0.62735621073	0.606089898502	0.598356694055	0.596906718221	0.581440309328	0.705171580474	0.602223296278	0.690188496858	0.546640889319	0.677138714355
AD8	0.591590140164	0.581440309328	0.94441759304	0.641855969067	0.695021749638	0.508458192363	0.686805219913	0.494925084582	0.478492025133	0.584823586274	0.44224262929	0.627839536008	0.587240212663	0.869985500242	0.629772837119	0.575157080715	0.461092315128	0.478008699855	0.918801353311	0.731271145481	0.558724021266	0.479458675689	0.299661672305	0.0	0.848719188014	0.490575157081	0.408409859836	0.455292411793	0.476075398743	0.53020782987	0.494925084582	0.488158530691	0.473175447076	0.521507974867	0.746737554374	0.669888835186	0.488158530691	0.570323827936	0.531657805703	0.642339294345	0.58095698405	0.71532141131	0.666988883519	0.588690188497	0.555824069599	0.553407443209	0.735621072982	0.655872402127	0.732721121315	0.704688255196	0.656839052682	0.696955050749	0.618173030449	0.59255679072	0.591590140164	0.589656839053	0.579023682939	0.697921701305	0.602706621556	0.679555340744	0.53939101015	0.669888835186
AE7	0.82648622523	0.872885451909	0.848719188014	0.792170130498	0.817786370227	0.887868535524	0.913968100532	0.90043499275	0.881585306912	0.90961817303	0.918801353311	0.855969067182	0.885935234413	0.823102948284	0.903334944418	0.837602706622	0.873852102465	0.860318994683	0.743837602707	0.725954567424	0.821169647173	0.83566940551	0.898501691638	0.848719188014	0.0	0.542774287095	0.878202029966	0.859835669406	0.768003866602	0.760270662156	0.836636056066	0.838569357177	0.88883518608	0.898018366361	0.926051232479	0.9212179797	0.917351377477	0.88883518608	0.91445142581	0.874335427743	0.905751570807	0.877718704688	0.881101981634	0.867085548574	0.928951184147	0.923151280812	0.887385210246	0.89125181247	0.915901401643	0.89125181247	0.905751570807	0.897051715805	0.887868535524	0.896085065249	0.904301594973	0.887868535524	0.905751570807	0.890285161914	0.900918318028	0.899468342194	0.912518124698	0.897051715805
AE8	0.60415659739	0.626872885452	0.896568390527	0.635572740454	0.681971967134	0.584340260996	0.681005316578	0.601739971	0.584340260996	0.617206379894	0.618173030449	0.642339294345	0.627839536008	0.828902851619	0.681005316578	0.601256645723	0.607056549058	0.589656839053	0.837602706622	0.653939101015	0.591106814886	0.555824069599	0.530691155147	0.490575157081	0.542774287095	0.0	0.585790236829	0.56259062349	0.536491058482	0.518124697922	0.58095698405	0.562107298212	0.593523441276	0.603189946834	0.772353794103	0.705171580474	0.62493958434	0.593040115998	0.622522957951	0.661672305462	0.641855969067	0.703238279362	0.657805703238	0.601739971	0.633156114065	0.621556307395	0.754954084099	0.681971967134	0.755437409377	0.716288061866	0.697921701305	0.731271145481	0.667472208797	0.639439342678	0.644272595457	0.642822619623	0.6389560174	0.723537941034	0.659255679072	0.699855002417	0.61575640406	0.691638472692
AF7	0.590623489609	0.562107298212	0.939101014983	0.654905751571	0.656839052682	0.495891735138	0.702271628806	0.465442242629	0.456742387627	0.596423392943	0.441759304012	0.590623489609	0.557274045433	0.87046882552	0.635089415176	0.559690671822	0.441275978734	0.457225712905	0.897051715805	0.711454809087	0.553407443209	0.414693088449	0.432092798453	0.408409859836	0.878202029966	0.585790236829	0.0	0.329144514258	0.478008699855	0.525857902368	0.485741904302	0.497825036249	0.434026099565	0.478975350411	0.704688255196	0.634122764621	0.46060898985	0.549540840986	0.508458192363	0.629289511841	0.547607539874	0.709038182697	0.653939101015	0.558240695988	0.533107781537	0.521024649589	0.681488641856	0.608023199613	0.690671822136	0.666505558241	0.614306428226	0.64813919768	0.570323827936	0.547607539874	0.545674238763	0.540357660706	0.548090865152	0.650072498792	0.579990333494	0.643789270179	0.501208313195	0.621556307395
AF8	0.574673755437	0.561623972934	0.925567907202	0.635089415176	0.667955534074	0.49540840986	0.692605123248	0.482841952634	0.459159014016	0.586273562107	0.503141614306	0.60657322378	0.564523924601	0.849685838569	0.622039632673	0.549540840986	0.474142097632	0.477042049299	0.876268728855	0.686805219913	0.497825036249	0.359594006767	0.46979217013	0.455292411793	0.859835669406	0.56259062349	0.329144514258	0.0	0.454809086515	0.502174963751	0.533591106815	0.476075398743	0.438376027066	0.493475108748	0.726437892702	0.654422426293	0.510391493475	0.538907684872	0.523924601257	0.62493958434	0.564523924601	0.684388593523	0.631706138231	0.551957467376	0.55099081682	0.538424359594	0.699371677139	0.626872885452	0.704204929918	0.68293861769	0.631222812953	0.666022232963	0.587723537941	0.566457225713	0.566940550991	0.559690671822	0.536007733204	0.665055582407	0.569840502658	0.660705654906	0.506041565974	0.637506041566
AG7	0.59497341711	0.602706621556	0.840019333011	0.551474142098	0.672305461576	0.536007733204	0.688738521025	0.504108264862	0.479458675689	0.589656839053	0.528274528758	0.629289511841	0.603189946834	0.765587240213	0.65055582407	0.576123731271	0.524891251812	0.521024649589	0.74528757854	0.535524407927	0.46302561624	0.427259545674	0.488641855969	0.476075398743	0.768003866602	0.536491058482	0.478008699855	0.454809086515	0.0	0.309811503142	0.534074432093	0.510874818753	0.490091831803	0.534074432093	0.764137264379	0.686321894635	0.524891251812	0.560657322378	0.548090865152	0.653455775737	0.59497341711	0.677622039633	0.625906234896	0.571290478492	0.585790236829	0.582406959884	0.748187530208	0.663122281295	0.735621072982	0.71290478492	0.666022232963	0.710488158531	0.622522957951	0.603189946834	0.605606573224	0.600289995167	0.611406476559	0.711938134364	0.629289511841	0.683421942968	0.572257129048	0.682455292412
AG8	0.596906718221	0.608506524891	0.837602706622	0.561140647656	0.670855485742	0.555824069599	0.681971967134	0.560657322378	0.546640889319	0.601739971	0.590623489609	0.632672788787	0.612373127115	0.754954084099	0.652972450459	0.581440309328	0.575640405993	0.573223779604	0.702754954084	0.512324794587	0.498308361527	0.473658772354	0.547124214596	0.53020782987	0.760270662156	0.518124697922	0.525857902368	0.502174963751	0.309811503142	0.0	0.574190430159	0.547607539874	0.544224262929	0.562107298212	0.769453842436	0.68970517158	0.573223779604	0.560657322378	0.580473658772	0.65732237796	0.599806669889	0.679555340744	0.634606089899	0.575640405993	0.605606573224	0.593040115998	0.755920734654	0.670372160464	0.746254229096	0.721121314645	0.677622039633	0.719671338811	0.63653939101	0.615273078782	0.611406476559	0.621556307395	0.628806186564	0.723537941034	0.642822619623	0.692605123248	0.585306911551	0.684871918801
AH7	0.598840019333	0.641372643789	0.948284195263	0.687771870469	0.693088448526	0.577573707105	0.717738037699	0.559207346544	0.547124214596	0.653939101015	0.528757854036	0.643789270179	0.633156114065	0.884485258579	0.687288545191	0.588690188497	0.500241662639	0.482358627356	0.886901884969	0.72450459159	0.569840502658	0.522957950701	0.505074915418	0.494925084582	0.836636056066	0.58095698405	0.485741904302	0.533591106815	0.534074432093	0.574190430159	0.0	0.358627356211	0.554374093765	0.607056549058	0.796036732721	0.728371193813	0.559690671822	0.643789270179	0.608989850169	0.674238762687	0.648622522958	0.77090381827	0.727887868536	0.651039149348	0.63653939101	0.636056065732	0.761237312711	0.696955050749	0.771870468826	0.732237796037	0.696471725471	0.73368777187	0.648622522958	0.634606089899	0.621556307395	0.622522957951	0.62493958434	0.731271145481	0.637022716288	0.718704688255	0.603673272112	0.716288061866
AH8	0.570807153214	0.587723537941	0.948284195263	0.652005799903	0.662155630739	0.528274528758	0.684871918801	0.515224746254	0.498308361527	0.610439826003	0.522474625423	0.609473175447	0.572257129048	0.870952150797	0.633156114065	0.538424359594	0.428709521508	0.39342677622	0.905751570807	0.730304494925	0.548090865152	0.479458675689	0.494441759304	0.488158530691	0.838569357177	0.562107298212	0.497825036249	0.476075398743	0.510874818753	0.547607539874	0.358627356211	0.0	0.504108264862	0.542290961817	0.768003866602	0.695021749638	0.543740937651	0.593523441276	0.556307394877	0.637022716288	0.603189946834	0.730304494925	0.68293861769	0.609473175447	0.582406959884	0.575157080715	0.716771387144	0.642339294345	0.736587723538	0.688738521025	0.643789270179	0.681971967134	0.597390043499	0.587723537941	0.576607056549	0.568390526825	0.561140647656	0.685355244079	0.589656839053	0.674238762687	0.544224262929	0.662155630739
AA5	0.595456742388	0.506041565974	0.948284195263	0.627839536008	0.600773320445	0.445625906235	0.626872885452	0.415176413726	0.415659739004	0.526341227646	0.435476075399	0.534557757371	0.519574673755	0.869985500242	0.540357660706	0.537457709038	0.421459642339	0.422909618173	0.918318028033	0.744320927985	0.55099081682	0.471242145964	0.473658772354	0.473175447076	0.88883518608	0.593523441276	0.434026099565	0.438376027066	0.490091831803	0.544224262929	0.554374093765	0.504108264862	0.0	0.341710971484	0.699371677139	0.602706621556	0.468342194297	0.460125664572	0.482358627356	0.565973900435	0.487675205413	0.62735621073	0.575640405993	0.480425326245	0.530691155147	0.500724987917	0.698405026583	0.618173030449	0.66892218463	0.656839052682	0.637506041566	0.679072015466	0.538424359594	0.558240695988	0.563073948768	0.541324311261	0.514258095698	0.670372160464	0.557274045433	0.626872885452	0.502658289029	0.635572740454
AA6	0.602706621556	0.517641372644	0.954567423876	0.642339294345	0.618173030449	0.457709038183	0.641372643789	0.436442725955	0.46060898985	0.537457709038	0.488641855969	0.553890768487	0.530691155147	0.87046882552	0.56935717738	0.547607539874	0.48622522958	0.488158530691	0.930401159981	0.751570807153	0.595940067666	0.514258095698	0.534557757371	0.521507974867	0.898018366361	0.603189946834	0.478975350411	0.493475108748	0.534074432093	0.562107298212	0.607056549058	0.542290961817	0.341710971484	0.0	0.686805219913	0.590140164331	0.505074915418	0.491058482359	0.479458675689	0.588206863219	0.497341710971	0.651522474625	0.600289995167	0.501691638473	0.458675688739	0.421942967617	0.685838569357	0.608506524891	0.665055582407	0.647172547124	0.623006283229	0.661672305462	0.533591106815	0.550507491542	0.553890768487	0.536007733204	0.524407926535	0.660222329628	0.565973900435	0.619139681005	0.521024649589	0.629289511841
AB5	0.767037216046	0.664088931851	0.969550507492	0.740454325761	0.627839536008	0.660705654906	0.743837602707	0.659255679072	0.676655389077	0.693088448526	0.684388593523	0.623972933784	0.684388593523	0.899951667472	0.711454809087	0.709038182697	0.719671338811	0.714354760754	0.947317544708	0.814403093282	0.819236346061	0.757854035766	0.762203963267	0.746737554374	0.926051232479	0.772353794103	0.704688255196	0.726437892702	0.764137264379	0.769453842436	0.796036732721	0.768003866602	0.699371677139	0.686805219913	0.0	0.333011116481	0.623006283229	0.681971967134	0.623972933784	0.63653939101	0.617689705172	0.742387626873	0.740454325761	0.647655872402	0.635089415176	0.628806186564	0.623972933784	0.612856452392	0.635572740454	0.610923151281	0.634606089899	0.627839536008	0.605123247946	0.620589656839	0.625906234896	0.632672788787	0.675205413243	0.612856452392	0.674722087965	0.610439826003	0.687288545191	0.622522957951
AB6	0.689221846303	0.586756887385	0.964717254712	0.670372160464	0.585790236829	0.568873852102	0.662638956017	0.567423876269	0.595456742388	0.608506524891	0.612373127115	0.537457709038	0.621556307395	0.88883518608	0.635089415176	0.627839536008	0.652005799903	0.644755920735	0.944900918318	0.76848719188	0.747220879652	0.683905268246	0.685355244079	0.669888835186	0.9212179797	0.705171580474	0.634122764621	0.654422426293	0.686321894635	0.68970517158	0.728371193813	0.695021749638	0.602706621556	0.590140164331	0.333011116481	0.0	0.556307394877	0.588690188497	0.55099081682	0.559207346544	0.53697438376	0.677138714355	0.649105848236	0.539874335428	0.545674238763	0.537941034316	0.598840019333	0.529724504592	0.582406959884	0.55775737071	0.556307394877	0.573707104882	0.523924601257	0.555340744321	0.55775737071	0.564523924601	0.588690188497	0.561623972934	0.593040115998	0.531657805703	0.623489608507	0.543257612373
AC5	0.619623006283	0.566940550991	0.971483808603	0.651522474625	0.619623006283	0.468825519575	0.675688738521	0.45142580957	0.455775737071	0.573223779604	0.432092798453	0.546157564041	0.550507491542	0.888351860802	0.625906234896	0.58337361044	0.466892218463	0.473175447076	0.94683421943	0.765587240213	0.62493958434	0.547124214596	0.509424842919	0.488158530691	0.917351377477	0.62493958434	0.46060898985	0.510391493475	0.524891251812	0.573223779604	0.559690671822	0.543740937651	0.468342194297	0.505074915418	0.623006283229	0.556307394877	0.0	0.454325761237	0.446592556791	0.591590140164	0.526341227646	0.713871435476	0.655872402127	0.545674238763	0.475108748188	0.476075398743	0.603673272112	0.528274528758	0.610439826003	0.577573707105	0.541807636539	0.577573707105	0.507974867086	0.484775253746	0.48380860319	0.498791686805	0.5601739971	0.579023682939	0.587240212663	0.546640889319	0.520541324311	0.549540840986
AC6	0.62735621073	0.503624939584	0.949734171097	0.627839536008	0.58337361044	0.500241662639	0.539874335428	0.48380860319	0.52537457709	0.454325761237	0.557274045433	0.532141130981	0.549540840986	0.860802319961	0.531657805703	0.57177380377	0.563073948768	0.555824069599	0.910101498308	0.727404543258	0.634122764621	0.573223779604	0.578540357661	0.570323827936	0.88883518608	0.593040115998	0.549540840986	0.538907684872	0.560657322378	0.560657322378	0.643789270179	0.593523441276	0.460125664572	0.491058482359	0.681971967134	0.588690188497	0.454325761237	0.0	0.530691155147	0.522474625423	0.505074915418	0.495891735138	0.435959400677	0.426776220396	0.563557274045	0.550024166264	0.681971967134	0.612373127115	0.663605606573	0.63653939101	0.633639439343	0.669888835186	0.579507008217	0.570323827936	0.568390526825	0.570807153214	0.542290961817	0.658289028516	0.56259062349	0.614306428226	0.546157564041	0.623006283229
AD6	0.621556307395	0.539874335428	0.970033832769	0.625422909618	0.593040115998	0.4398260029	0.636056065732	0.454325761237	0.447559207347	0.536491058482	0.453359110681	0.516674722088	0.528274528758	0.884968583857	0.585790236829	0.565007249879	0.505074915418	0.495891735138	0.958917351377	0.771870468826	0.614789753504	0.556307394877	0.548090865152	0.531657805703	0.91445142581	0.622522957951	0.508458192363	0.523924601257	0.548090865152	0.580473658772	0.608989850169	0.556307394877	0.482358627356	0.479458675689	0.623972933784	0.55099081682	0.446592556791	0.530691155147	0.0	0.567907201547	0.431609473175	0.710488158531	0.653455775737	0.537941034316	0.466408893185	0.461575640406	0.593523441276	0.520057999033	0.586273562107	0.565490575157	0.539874335428	0.579990333494	0.483325277912	0.469308844853	0.468342194297	0.478008699855	0.541807636539	0.576607056549	0.5601739971	0.550507491542	0.480425326245	0.545190913485
AE5	0.64813919768	0.533107781537	0.969067182214	0.637989366844	0.550507491542	0.55775737071	0.578540357661	0.5601739971	0.61333977767	0.527307878202	0.629772837119	0.502174963751	0.576123731271	0.883035282745	0.558240695988	0.577573707105	0.61575640406	0.616239729338	0.928951184147	0.747220879652	0.732237796037	0.662155630739	0.661188980184	0.642339294345	0.874335427743	0.661672305462	0.629289511841	0.62493958434	0.653455775737	0.65732237796	0.674238762687	0.637022716288	0.565973900435	0.588206863219	0.63653939101	0.559207346544	0.591590140164	0.522474625423	0.567907201547	0.0	0.37506041566	0.61575640406	0.579990333494	0.518124697922	0.632189463509	0.628806186564	0.644272595457	0.582406959884	0.639439342678	0.605123247946	0.622039632673	0.640405993233	0.53697438376	0.56259062349	0.596906718221	0.568873852102	0.558240695988	0.631706138231	0.550507491542	0.59255679072	0.586273562107	0.612856452392
AE6	0.620106331561	0.476075398743	0.96761720638	0.623972933784	0.558724021266	0.483325277912	0.577090381827	0.46302561624	0.517158047366	0.509908168197	0.537941034316	0.503141614306	0.513291445143	0.881101981634	0.535524407927	0.53939101015	0.553407443209	0.546640889319	0.949250845819	0.758337361044	0.674238762687	0.601739971	0.593523441276	0.58095698405	0.905751570807	0.641855969067	0.547607539874	0.564523924601	0.59497341711	0.599806669889	0.648622522958	0.603189946834	0.487675205413	0.497341710971	0.617689705172	0.53697438376	0.526341227646	0.505074915418	0.431609473175	0.37506041566	0.0	0.651039149348	0.591106814886	0.476558724021	0.53939101015	0.533107781537	0.6389560174	0.561140647656	0.616723054616	0.587723537941	0.592073465442	0.623972933784	0.501208313195	0.491058482359	0.519091348478	0.491541807637	0.512808119865	0.616723054616	0.532141130981	0.569840502658	0.521024649589	0.591106814886
AF5	0.728371193813	0.62735621073	0.931367810536	0.664088931851	0.657805703238	0.679072015466	0.567907201547	0.643305944901	0.69212179797	0.588690188497	0.720637989367	0.63653939101	0.677138714355	0.852585790237	0.603189946834	0.680038666022	0.727404543258	0.723054615756	0.885935234413	0.717738037699	0.729337844369	0.678105364911	0.719671338811	0.71532141131	0.877718704688	0.703238279362	0.709038182697	0.684388593523	0.677622039633	0.679555340744	0.77090381827	0.730304494925	0.62735621073	0.651522474625	0.742387626873	0.677138714355	0.713871435476	0.495891735138	0.710488158531	0.61575640406	0.651039149348	0.0	0.295311744804	0.541807636539	0.729337844369	0.715804736588	0.757854035766	0.720154664089	0.744804253262	0.711454809087	0.737554374094	0.752054132431	0.691155147414	0.716771387144	0.73610439826	0.716288061866	0.678105364911	0.743354277429	0.675205413243	0.701788303528	0.716771387144	0.726437892702
AF6	0.68293861769	0.573223779604	0.93523441276	0.650072498792	0.639439342678	0.624456259062	0.519574673755	0.589173513775	0.640889318511	0.536007733204	0.667955534074	0.596423392943	0.626872885452	0.854035766071	0.554857419043	0.62735621073	0.671822136298	0.670855485742	0.889801836636	0.719188013533	0.684388593523	0.631706138231	0.674238762687	0.666988883519	0.881101981634	0.657805703238	0.653939101015	0.631706138231	0.625906234896	0.634606089899	0.727887868536	0.68293861769	0.575640405993	0.600289995167	0.740454325761	0.649105848236	0.655872402127	0.435959400677	0.653455775737	0.579990333494	0.591106814886	0.295311744804	0.0	0.487191880135	0.677622039633	0.666022232963	0.744804253262	0.681488641856	0.719671338811	0.696955050749	0.69453842436	0.73368777187	0.653455775737	0.663122281295	0.6805219913	0.665538907685	0.618656355727	0.723054615756	0.62493958434	0.674722087965	0.670372160464	0.695021749638
