	AA3	AA4	AB3	AB4	AC3	AC4	AD3	AD4	AE3	AE4	AF3	AF4	AG3	AG4	AH3	AH4	AA7	AA8	AB7	AB8	AC7	AC8	AD7	AD8	AE7	AE8	AF7	AF8	AG7	AG8	AH7	AH8	AA5	AA6	AB5	AB6	AC5	AC6	AD6	AE5	AE6	AF5	AF6	AG5	AH5	AH6	AA1	AA2	AB1	AB2	AC1	AC2	AD1	AD2	AE1	AE2	AF1	AF2	AG1	AG2	AH1	AH2
AA3	0.0	0.476558724021	0.930401159981	0.625906234896	0.65732237796	0.573223779604	0.679555340744	0.582406959884	0.559207346544	0.619623006283	0.612373127115	0.617689705172	0.559207346544	0.831802803287	0.642339294345	0.322861285645	0.563557274045	0.572740454326	0.861285645239	0.717738037699	0.612856452392	0.561623972934	0.586756887385	0.582890285162	0.814403093282	0.576123731271	0.57177380377	0.552924117931	0.582890285162	0.575640405993	0.581440309328	0.566940550991	0.573223779604	0.591106814886	0.743837602707	0.676655389077	0.603673272112	0.610439826003	0.603189946834	0.625906234896	0.59497341711	0.720637989367	0.695988400193	0.609473175447	0.62735621073	0.621072982117	0.689221846303	0.663122281295	0.72450459159	0.666022232963	0.651039149348	0.66892218463	0.577573707105	0.556790720155	0.575157080715	0.559207346544	0.568873852102	0.651039149348	0.573707104882	0.665055582407	0.570807153214	0.642339294345
AA4	0.476558724021	0.0	0.94683421943	0.572257129048	0.556790720155	0.479458675689	0.592073465442	0.468342194297	0.498308361527	0.522474625423	0.556790720155	0.499758337361	0.465442242629	0.843885935234	0.367810536491	0.367327211213	0.510874818753	0.522474625423	0.890768487192	0.732237796037	0.656839052682	0.574673755437	0.585790236829	0.577573707105	0.86805219913	0.612373127115	0.545190913485	0.565490575157	0.593523441276	0.595456742388	0.623489608507	0.581923634606	0.491058482359	0.494925084582	0.65973900435	0.586273562107	0.554374093765	0.492508458192	0.530691155147	0.513291445143	0.482358627356	0.637506041566	0.598840019333	0.505558240696	0.563557274045	0.568390526825	0.64813919768	0.584340260996	0.641855969067	0.59497341711	0.599323344611	0.62493958434	0.517158047366	0.520057999033	0.53020782987	0.518124697922	0.498791686805	0.610439826003	0.489608506525	0.588690188497	0.519091348478	0.563557274045
AB3	0.930401159981	0.94683421943	0.0	0.675205413243	0.913484775254	0.952150797487	0.955534074432	0.948767520541	0.928467858869	0.948284195263	0.972933784437	0.930884485259	0.966167230546	0.353794103432	0.963267278879	0.947800869986	0.974867085549	0.969550507492	0.745770903818	0.742387626873	0.890768487192	0.908651522475	0.956984050266	0.954567423876	0.852585790237	0.895118414693	0.941517641373	0.936201063316	0.841952634123	0.849685838569	0.955050749154	0.955534074432	0.959884001933	0.963750604157	0.974383760271	0.969067182214	0.974383760271	0.95601739971	0.972933784437	0.975833736104	0.975350410826	0.931851135814	0.93281778637	0.949734171097	0.981633639439	0.97680038666	0.975350410826	0.973417109715	0.971000483325	0.972933784437	0.974383760271	0.971967133881	0.977767037216	0.974867085549	0.978250362494	0.974867085549	0.975350410826	0.974383760271	0.973900434993	0.975350410826	0.975833736104	0.974867085549
AB4	0.625906234896	0.572257129048	0.675205413243	0.0	0.633639439343	0.60415659739	0.690671822136	0.61575640406	0.608989850169	0.627839536008	0.649589173514	0.610439826003	0.492025132914	0.553407443209	0.602706621556	0.595940067666	0.642339294345	0.631706138231	0.752537457709	0.577573707105	0.658772353794	0.617206379894	0.65732237796	0.651039149348	0.803769937168	0.637989366844	0.65055582407	0.636056065732	0.556307394877	0.593040115998	0.695505074915	0.656355727405	0.640889318511	0.646689221846	0.728371193813	0.677138714355	0.64572257129	0.625906234896	0.626872885452	0.631222812953	0.617206379894	0.677622039633	0.661672305462	0.635089415176	0.680038666022	0.674722087965	0.705171580474	0.664572257129	0.712421459642	0.679555340744	0.67133881102	0.678105364911	0.631706138231	0.645239246013	0.660222329628	0.633156114065	0.644755920735	0.66892218463	0.639439342678	0.667472208797	0.652972450459	0.656355727405
AC3	0.65732237796	0.556790720155	0.913484775254	0.633639439343	0.0	0.494441759304	0.643305944901	0.544224262929	0.565007249879	0.601256645723	0.61333977767	0.32866118898	0.623006283229	0.823102948284	0.591106814886	0.611889801837	0.617206379894	0.608023199613	0.871435476075	0.748187530208	0.73368777187	0.676655389077	0.727404543258	0.716771387144	0.830836152731	0.684871918801	0.666505558241	0.690671822136	0.670372160464	0.681971967134	0.71532141131	0.679555340744	0.620589656839	0.623972933784	0.625906234896	0.591106814886	0.628806186564	0.575640405993	0.590623489609	0.547124214596	0.533591106815	0.657805703238	0.647655872402	0.570323827936	0.648622522958	0.653455775737	0.596906718221	0.596906718221	0.585790236829	0.565973900435	0.601739971	0.594490091832	0.549057515708	0.578540357661	0.590623489609	0.575157080715	0.616239729338	0.582406959884	0.602223296278	0.586273562107	0.61575640406	0.589173513775
AC4	0.573223779604	0.479458675689	0.952150797487	0.60415659739	0.494441759304	0.0	0.621556307395	0.400193330111	0.401159980667	0.510391493475	0.356694055099	0.401643305945	0.499758337361	0.854035766071	0.550507491542	0.512808119865	0.463508941518	0.448042532624	0.915418076365	0.752537457709	0.588206863219	0.523441275979	0.521991300145	0.517641372644	0.880135331078	0.58095698405	0.497341710971	0.511358144031	0.526824552924	0.551957467376	0.570323827936	0.520057999033	0.452875785404	0.454325761237	0.646205896568	0.56935717738	0.469308844853	0.49299178347	0.415176413726	0.540840985984	0.470275495408	0.690671822136	0.655872402127	0.517641372644	0.514741420976	0.502174963751	0.643305944901	0.589173513775	0.612373127115	0.583856935718	0.590623489609	0.617206379894	0.494441759304	0.511358144031	0.514741420976	0.501691638473	0.549057515708	0.60415659739	0.52537457709	0.580473658772	0.472692121798	0.564040599323
AD3	0.679555340744	0.592073465442	0.955534074432	0.690671822136	0.643305944901	0.621556307395	0.0	0.538907684872	0.642822619623	0.36346060899	0.685355244079	0.619139681005	0.651522474625	0.862252295795	0.579990333494	0.644755920735	0.691155147414	0.691638472692	0.943934267762	0.784920251329	0.723054615756	0.697438376027	0.708071532141	0.706621556307	0.918318028033	0.696471725471	0.705654905752	0.704204929918	0.699371677139	0.691155147414	0.728371193813	0.699855002417	0.639439342678	0.661188980184	0.742870952151	0.669888835186	0.685838569357	0.553407443209	0.638472692122	0.580473658772	0.594006766554	0.579507008217	0.541324311261	0.566940550991	0.711454809087	0.708554857419	0.760753987434	0.718704688255	0.739004349928	0.717738037699	0.710971483809	0.739004349928	0.664088931851	0.675688738521	0.675688738521	0.666988883519	0.638472692122	0.723054615756	0.635089415176	0.71532141131	0.695021749638	0.704688255196
AD4	0.582406959884	0.468342194297	0.948767520541	0.61575640406	0.544224262929	0.400193330111	0.538907684872	0.0	0.3194780087	0.408409859836	0.430159497342	0.492508458192	0.505558240696	0.852585790237	0.529724504592	0.512324794587	0.457709038183	0.456742387627	0.942000966651	0.774287095215	0.579507008217	0.504108264862	0.512808119865	0.503624939584	0.898501691638	0.601256645723	0.460125664572	0.484291928468	0.521991300145	0.559690671822	0.558240695988	0.511841469309	0.408893185114	0.429676172064	0.643305944901	0.567907201547	0.440309328178	0.462542290962	0.418076365394	0.541324311261	0.470758820686	0.65732237796	0.618173030449	0.484775253746	0.48622522958	0.475108748188	0.644755920735	0.601256645723	0.628322861286	0.604639922668	0.602706621556	0.628322861286	0.502174963751	0.503624939584	0.513291445143	0.505558240696	0.540840985984	0.613823102948	0.521507974867	0.601256645723	0.488641855969	0.570323827936
AE3	0.559207346544	0.498308361527	0.928467858869	0.608989850169	0.565007249879	0.401159980667	0.642822619623	0.3194780087	0.0	0.511841469309	0.398743354277	0.510391493475	0.519091348478	0.838086031899	0.565973900435	0.514258095698	0.432576123731	0.435476075399	0.92363460609	0.7593040116	0.543740937651	0.486708554857	0.478492025133	0.475592073465	0.886418559691	0.589173513775	0.440792653456	0.458675688739	0.487675205413	0.542774287095	0.533591106815	0.497341710971	0.408893185114	0.446109231513	0.669888835186	0.597390043499	0.439342677622	0.499275012083	0.443692605123	0.59255679072	0.517641372644	0.698405026583	0.662155630739	0.530691155147	0.499758337361	0.489125181247	0.670372160464	0.616723054616	0.649105848236	0.629772837119	0.617206379894	0.646689221846	0.521991300145	0.529724504592	0.534074432093	0.528757854036	0.556790720155	0.635089415176	0.545190913485	0.621556307395	0.487191880135	0.589173513775
AE4	0.619623006283	0.522474625423	0.948284195263	0.627839536008	0.601256645723	0.510391493475	0.36346060899	0.408409859836	0.511841469309	0.0	0.580473658772	0.55775737071	0.576123731271	0.851619139681	0.537457709038	0.5601739971	0.579507008217	0.587240212663	0.933301111648	0.769937167714	0.649589173514	0.585306911551	0.594490091832	0.589656839053	0.90285161914	0.611889801837	0.590140164331	0.583856935718	0.582406959884	0.585306911551	0.634122764621	0.594006766554	0.528274528758	0.554374093765	0.702754954084	0.622039632673	0.579023682939	0.461575640406	0.532141130981	0.534074432093	0.522957950701	0.605123247946	0.565007249879	0.514258095698	0.598840019333	0.603673272112	0.718704688255	0.667472208797	0.705171580474	0.679555340744	0.672788786854	0.690188496858	0.598840019333	0.603673272112	0.589656839053	0.608989850169	0.581440309328	0.678105364911	0.584340260996	0.678588690188	0.588690188497	0.644272595457
AF3	0.612373127115	0.556790720155	0.972933784437	0.649589173514	0.61333977767	0.356694055099	0.685355244079	0.430159497342	0.398743354277	0.580473658772	0.0	0.515708071532	0.545190913485	0.878202029966	0.603673272112	0.566940550991	0.450459159014	0.435476075399	0.958917351377	0.801836636056	0.582890285162	0.53697438376	0.456259062349	0.455292411793	0.919768003867	0.62735621073	0.45142580957	0.506524891252	0.536007733204	0.594006766554	0.528274528758	0.517158047366	0.453359110681	0.490575157081	0.656839052682	0.606089898502	0.401159980667	0.534557757371	0.435476075399	0.61575640406	0.535524407927	0.739487675205	0.696955050749	0.564040599323	0.497825036249	0.477042049299	0.65732237796	0.608023199613	0.649105848236	0.609956500725	0.603673272112	0.629772837119	0.528274528758	0.510391493475	0.512324794587	0.520541324311	0.589173513775	0.620589656839	0.567907201547	0.599806669889	0.493958434026	0.576123731271
AF4	0.617689705172	0.499758337361	0.930884485259	0.610439826003	0.32866118898	0.401643305945	0.619139681005	0.492508458192	0.510391493475	0.55775737071	0.515708071532	0.0	0.573707104882	0.837602706622	0.54857419043	0.56259062349	0.563557274045	0.558724021266	0.882068632189	0.728371193813	0.693571773804	0.626872885452	0.66892218463	0.657805703238	0.843402609957	0.629289511841	0.61333977767	0.64572257129	0.628806186564	0.637022716288	0.667472208797	0.630256162397	0.568390526825	0.567907201547	0.596906718221	0.532624456259	0.55775737071	0.540840985984	0.531657805703	0.514258095698	0.496375060416	0.653939101015	0.632189463509	0.529724504592	0.566457225713	0.569840502658	0.583856935718	0.53939101015	0.565973900435	0.522474625423	0.537941034316	0.557274045433	0.484291928468	0.512324794587	0.529724504592	0.524407926535	0.575157080715	0.546157564041	0.556790720155	0.525857902368	0.558724021266	0.516674722088
AG3	0.559207346544	0.465442242629	0.966167230546	0.492025132914	0.623006283229	0.499758337361	0.651522474625	0.505558240696	0.519091348478	0.576123731271	0.545190913485	0.573707104882	0.0	0.842919284679	0.522957950701	0.498791686805	0.492025132914	0.487191880135	0.931851135814	0.771387143548	0.652005799903	0.581440309328	0.578057032383	0.580473658772	0.884968583857	0.616723054616	0.542774287095	0.570323827936	0.588690188497	0.600289995167	0.617689705172	0.5601739971	0.526824552924	0.528274528758	0.679555340744	0.62735621073	0.538424359594	0.53697438376	0.514258095698	0.562107298212	0.518124697922	0.690671822136	0.660222329628	0.553407443209	0.564040599323	0.565007249879	0.64572257129	0.591590140164	0.654422426293	0.620589656839	0.608989850169	0.631222812953	0.523924601257	0.530691155147	0.548090865152	0.535524407927	0.542774287095	0.616239729338	0.530691155147	0.617206379894	0.497341710971	0.58337361044
AG4	0.831802803287	0.843885935234	0.353794103432	0.553407443209	0.823102948284	0.854035766071	0.862252295795	0.852585790237	0.838086031899	0.851619139681	0.878202029966	0.837602706622	0.842919284679	0.0	0.864668922185	0.845819236346	0.883035282745	0.877718704688	0.718221362977	0.659255679072	0.807153214113	0.82165297245	0.869018849686	0.867085548574	0.820686321895	0.809086515225	0.85645239246	0.845335911068	0.754954084099	0.761720637989	0.876268728855	0.863702271629	0.868535524408	0.870952150797	0.892701788304	0.880618656356	0.880135331078	0.85645239246	0.873852102465	0.874818753021	0.876752054132	0.843402609957	0.838569357177	0.856935717738	0.890768487192	0.883035282745	0.876752054132	0.8796520058	0.87723537941	0.873368777187	0.885451909135	0.8796520058	0.882068632189	0.880618656356	0.890285161914	0.882551957467	0.883035282745	0.8796520058	0.877718704688	0.875302078299	0.884485258579	0.881585306912
AH3	0.642339294345	0.367810536491	0.963267278879	0.602706621556	0.591106814886	0.550507491542	0.579990333494	0.529724504592	0.565973900435	0.537457709038	0.603673272112	0.54857419043	0.522957950701	0.864668922185	0.0	0.521507974867	0.585306911551	0.586273562107	0.933301111648	0.78008699855	0.704688255196	0.630739487675	0.634122764621	0.634122764621	0.899468342194	0.680038666022	0.629289511841	0.629772837119	0.652972450459	0.65973900435	0.686805219913	0.63653939101	0.540357660706	0.568390526825	0.706621556307	0.630739487675	0.618173030449	0.519574673755	0.577090381827	0.546640889319	0.535041082649	0.612856452392	0.573223779604	0.552440792653	0.625422909618	0.626389560174	0.697438376027	0.626872885452	0.667955534074	0.65055582407	0.645239246013	0.674238762687	0.59497341711	0.591590140164	0.600773320445	0.602706621556	0.565490575157	0.659255679072	0.55775737071	0.640405993233	0.584340260996	0.608989850169
AH4	0.322861285645	0.367327211213	0.947800869986	0.595940067666	0.611889801837	0.512808119865	0.644755920735	0.512324794587	0.514258095698	0.5601739971	0.566940550991	0.56259062349	0.498791686805	0.845819236346	0.521507974867	0.0	0.511358144031	0.521991300145	0.877718704688	0.731754470759	0.622522957951	0.546640889319	0.560657322378	0.554857419043	0.852585790237	0.595456742388	0.540357660706	0.536491058482	0.568873852102	0.576123731271	0.590623489609	0.547124214596	0.521991300145	0.528757854036	0.695021749638	0.625906234896	0.561140647656	0.558240695988	0.535041082649	0.570323827936	0.53020782987	0.688255195747	0.65973900435	0.565490575157	0.577573707105	0.568390526825	0.661188980184	0.611406476559	0.669405509908	0.612373127115	0.615273078782	0.628806186564	0.528757854036	0.515224746254	0.526341227646	0.518124697922	0.505558240696	0.613823102948	0.508941517641	0.621556307395	0.515708071532	0.591590140164
AA7	0.563557274045	0.510874818753	0.974867085549	0.642339294345	0.617206379894	0.463508941518	0.691155147414	0.457709038183	0.432576123731	0.579507008217	0.450459159014	0.563557274045	0.492025132914	0.883035282745	0.585306911551	0.511358144031	0.0	0.285161913968	0.92363460609	0.775737071049	0.588690188497	0.521991300145	0.488158530691	0.489125181247	0.876752054132	0.602706621556	0.448525857902	0.492025132914	0.523924601257	0.577573707105	0.518124697922	0.442725954567	0.425326244563	0.470758820686	0.693088448526	0.640889318511	0.465925567907	0.541807636539	0.475108748188	0.588206863219	0.535524407927	0.729337844369	0.695505074915	0.570807153214	0.535041082649	0.522474625423	0.657805703238	0.620106331561	0.664088931851	0.62493958434	0.598840019333	0.623489608507	0.505074915418	0.510874818753	0.522474625423	0.517158047366	0.532141130981	0.611889801837	0.527307878202	0.631222812953	0.476558724021	0.591106814886
AA8	0.572740454326	0.522474625423	0.969550507492	0.631706138231	0.608023199613	0.448042532624	0.691638472692	0.456742387627	0.435476075399	0.587240212663	0.435476075399	0.558724021266	0.487191880135	0.877718704688	0.586273562107	0.521991300145	0.285161913968	0.0	0.919284678589	0.769453842436	0.580473658772	0.506524891252	0.48380860319	0.475592073465	0.864668922185	0.588690188497	0.437892701788	0.4813919768	0.514741420976	0.565973900435	0.479458675689	0.407926534558	0.445142580957	0.466408893185	0.68970517158	0.638472692122	0.45142580957	0.545674238763	0.458192363461	0.597390043499	0.533107781537	0.743837602707	0.702271628806	0.572740454326	0.521024649589	0.509908168197	0.642822619623	0.594006766554	0.658289028516	0.617206379894	0.583856935718	0.60657322378	0.500241662639	0.491058482359	0.506041565974	0.501208313195	0.544707588207	0.594490091832	0.53020782987	0.614306428226	0.466408893185	0.566940550991
AB7	0.861285645239	0.890768487192	0.745770903818	0.752537457709	0.871435476075	0.915418076365	0.943934267762	0.942000966651	0.92363460609	0.933301111648	0.958917351377	0.882068632189	0.931851135814	0.718221362977	0.933301111648	0.877718704688	0.92363460609	0.919284678589	0.0	0.417593040116	0.818269695505	0.847752537458	0.931851135814	0.927501208313	0.743354277429	0.819236346061	0.895118414693	0.882068632189	0.73852102465	0.719671338811	0.886901884969	0.901401643306	0.927984533591	0.933784436926	0.939101014983	0.933301111648	0.949250845819	0.914934751087	0.951184146931	0.926534557757	0.936684388594	0.873368777187	0.872885451909	0.905751570807	0.956500724988	0.951667472209	0.927017883035	0.932334461092	0.938617689705	0.926534557757	0.927984533591	0.920251329145	0.920251329145	0.919284678589	0.91445142581	0.913484775254	0.915418076365	0.917834702755	0.919768003867	0.930884485259	0.945867568874	0.928951184147
AB8	0.717738037699	0.732237796037	0.742387626873	0.577573707105	0.748187530208	0.752537457709	0.784920251329	0.774287095215	0.7593040116	0.769937167714	0.801836636056	0.728371193813	0.771387143548	0.659255679072	0.78008699855	0.731754470759	0.775737071049	0.769453842436	0.417593040116	0.0	0.676172063799	0.691155147414	0.764620589657	0.758820686322	0.739004349928	0.666022232963	0.734654422426	0.71532141131	0.553407443209	0.557274045433	0.748187530208	0.748187530208	0.772353794103	0.779120347994	0.809569840503	0.779120347994	0.784920251329	0.753020782987	0.78927017883	0.767037216046	0.768970517158	0.739971000483	0.731754470759	0.740454325761	0.800386660222	0.802319961334	0.811503141614	0.771870468826	0.811986466892	0.773320444659	0.779603673272	0.78250362494	0.772353794103	0.769453842436	0.767037216046	0.764137264379	0.763653939101	0.776220396327	0.764620589657	0.771870468826	0.786370227163	0.769453842436
AC7	0.612856452392	0.656839052682	0.890768487192	0.658772353794	0.73368777187	0.588206863219	0.723054615756	0.579507008217	0.543740937651	0.649589173514	0.582890285162	0.693571773804	0.652005799903	0.807153214113	0.704688255196	0.622522957951	0.588690188497	0.580473658772	0.818269695505	0.676172063799	0.0	0.374577090382	0.568873852102	0.571290478492	0.821169647173	0.593040115998	0.553890768487	0.511358144031	0.488641855969	0.496858385694	0.570323827936	0.553407443209	0.554857419043	0.596906718221	0.807153214113	0.750604156597	0.625906234896	0.640405993233	0.610923151281	0.727404543258	0.679555340744	0.734171097148	0.69453842436	0.651522474625	0.644755920735	0.628322861286	0.820202996617	0.767520541324	0.807636539391	0.788786853552	0.761720637989	0.78250362494	0.682455292412	0.664088931851	0.678105364911	0.676655389077	0.6805219913	0.778637022716	0.667955534074	0.772353794103	0.621556307395	0.741420976317
AC8	0.561623972934	0.574673755437	0.908651522475	0.617206379894	0.676655389077	0.523441275979	0.697438376027	0.504108264862	0.486708554857	0.585306911551	0.53697438376	0.626872885452	0.581440309328	0.82165297245	0.630739487675	0.546640889319	0.521991300145	0.506524891252	0.847752537458	0.691155147414	0.374577090382	0.0	0.490091831803	0.490091831803	0.835186080232	0.550024166264	0.417593040116	0.381826969551	0.448042532624	0.471242145964	0.533591106815	0.493958434026	0.493475108748	0.524407926535	0.729821169647	0.666988883519	0.543740937651	0.569840502658	0.536007733204	0.65055582407	0.607056549058	0.695988400193	0.652489125181	0.577090381827	0.563557274045	0.550024166264	0.743837602707	0.681488641856	0.737554374094	0.715804736588	0.681971967134	0.701788303528	0.602223296278	0.590623489609	0.59255679072	0.595940067666	0.594490091832	0.697438376027	0.588690188497	0.703238279362	0.53697438376	0.660222329628
AD7	0.586756887385	0.585790236829	0.956984050266	0.65732237796	0.727404543258	0.521991300145	0.708071532141	0.512808119865	0.478492025133	0.594490091832	0.456259062349	0.66892218463	0.578057032383	0.869018849686	0.634122764621	0.560657322378	0.488158530691	0.48380860319	0.931851135814	0.764620589657	0.568873852102	0.490091831803	0.0	0.291445142581	0.890768487192	0.519574673755	0.437892701788	0.46060898985	0.497825036249	0.544707588207	0.506041565974	0.481875302078	0.484291928468	0.529241179314	0.750120831319	0.678105364911	0.502658289029	0.590140164331	0.540840985984	0.655389076849	0.611889801837	0.735137747704	0.69453842436	0.610439826003	0.558240695988	0.554857419043	0.752054132431	0.683421942968	0.750120831319	0.721604639923	0.688255195747	0.71290478492	0.612856452392	0.603673272112	0.605123247946	0.608989850169	0.605123247946	0.705654905752	0.598356694055	0.702754954084	0.560657322378	0.666988883519
AD8	0.582890285162	0.577573707105	0.954567423876	0.651039149348	0.716771387144	0.517641372644	0.706621556307	0.503624939584	0.475592073465	0.589656839053	0.455292411793	0.657805703238	0.580473658772	0.867085548574	0.634122764621	0.554857419043	0.489125181247	0.475592073465	0.927501208313	0.758820686322	0.571290478492	0.490091831803	0.291445142581	0.0	0.857902368294	0.490575157081	0.425326244563	0.451909134848	0.486708554857	0.531657805703	0.494441759304	0.479942000967	0.490575157081	0.534074432093	0.74770420493	0.6805219913	0.499758337361	0.582406959884	0.532141130981	0.654905751571	0.611406476559	0.73852102465	0.694055099082	0.607056549058	0.559690671822	0.556307394877	0.753020782987	0.684388593523	0.754954084099	0.723054615756	0.685838569357	0.710004833253	0.61333977767	0.601739971	0.598840019333	0.609956500725	0.602706621556	0.702271628806	0.596906718221	0.704688255196	0.554857419043	0.664088931851
AE7	0.814403093282	0.86805219913	0.852585790237	0.803769937168	0.830836152731	0.880135331078	0.918318028033	0.898501691638	0.886418559691	0.90285161914	0.919768003867	0.843402609957	0.884968583857	0.820686321895	0.899468342194	0.852585790237	0.876752054132	0.864668922185	0.743354277429	0.739004349928	0.821169647173	0.835186080232	0.890768487192	0.857902368294	0.0	0.54857419043	0.872885451909	0.859352344128	0.763653939101	0.762687288545	0.837119381344	0.840985983567	0.899951667472	0.905268245529	0.924601256646	0.913001449976	0.916868052199	0.893668438859	0.90961817303	0.874335427743	0.893185113581	0.875302078299	0.87046882552	0.869018849686	0.937167713871	0.92363460609	0.887868535524	0.910101498308	0.91203479942	0.891735137748	0.898985016916	0.898018366361	0.885451909135	0.896568390527	0.902368293862	0.886901884969	0.896085065249	0.888351860802	0.895601739971	0.90285161914	0.908168197197	0.905751570807
AE8	0.576123731271	0.612373127115	0.895118414693	0.637989366844	0.684871918801	0.58095698405	0.696471725471	0.601256645723	0.589173513775	0.611889801837	0.62735621073	0.629289511841	0.616723054616	0.809086515225	0.680038666022	0.595456742388	0.602706621556	0.588690188497	0.819236346061	0.666022232963	0.593040115998	0.550024166264	0.519574673755	0.490575157081	0.54857419043	0.0	0.570323827936	0.561140647656	0.523441275979	0.49540840986	0.579990333494	0.5601739971	0.609956500725	0.612373127115	0.75688738521	0.692605123248	0.629289511841	0.606089898502	0.616239729338	0.647655872402	0.630256162397	0.701788303528	0.668438859352	0.611889801837	0.634122764621	0.633639439343	0.753987433543	0.693571773804	0.7593040116	0.714838086032	0.692605123248	0.723537941034	0.635572740454	0.640405993233	0.630739487675	0.642822619623	0.637506041566	0.710004833253	0.641855969067	0.706621556307	0.610923151281	0.682455292412
AF7	0.57177380377	0.545190913485	0.941517641373	0.65055582407	0.666505558241	0.497341710971	0.705654905752	0.460125664572	0.440792653456	0.590140164331	0.45142580957	0.61333977767	0.542774287095	0.85645239246	0.629289511841	0.540357660706	0.448525857902	0.437892701788	0.895118414693	0.734654422426	0.553890768487	0.417593040116	0.437892701788	0.425326244563	0.872885451909	0.570323827936	0.0	0.339294345094	0.467858869019	0.520541324311	0.487191880135	0.490575157081	0.4398260029	0.482358627356	0.693571773804	0.632672788787	0.456742387627	0.53697438376	0.496858385694	0.617206379894	0.562107298212	0.720154664089	0.679072015466	0.55775737071	0.529724504592	0.51377477042	0.682455292412	0.633156114065	0.696471725471	0.673272112131	0.625906234896	0.646689221846	0.553407443209	0.542290961817	0.547124214596	0.549057515708	0.563073948768	0.639439342678	0.553407443209	0.657805703238	0.490091831803	0.605123247946
AF8	0.552924117931	0.565490575157	0.936201063316	0.636056065732	0.690671822136	0.511358144031	0.704204929918	0.484291928468	0.458675688739	0.583856935718	0.506524891252	0.64572257129	0.570323827936	0.845335911068	0.629772837119	0.536491058482	0.492025132914	0.4813919768	0.882068632189	0.71532141131	0.511358144031	0.381826969551	0.46060898985	0.451909134848	0.859352344128	0.561140647656	0.339294345094	0.0	0.443692605123	0.495891735138	0.520541324311	0.477042049299	0.44900918318	0.517158047366	0.724987916868	0.660222329628	0.50459159014	0.553407443209	0.519574673755	0.631706138231	0.588206863219	0.702271628806	0.659255679072	0.563557274045	0.556790720155	0.546157564041	0.716771387144	0.655389076849	0.723537941034	0.697438376027	0.658772353794	0.679072015466	0.580473658772	0.572257129048	0.579507008217	0.574190430159	0.56935717738	0.669888835186	0.563073948768	0.681488641856	0.519091348478	0.630739487675
AG7	0.582890285162	0.593523441276	0.841952634123	0.556307394877	0.670372160464	0.526824552924	0.699371677139	0.521991300145	0.487675205413	0.582406959884	0.536007733204	0.628806186564	0.588690188497	0.754954084099	0.652972450459	0.568873852102	0.523924601257	0.514741420976	0.73852102465	0.553407443209	0.488641855969	0.448042532624	0.497825036249	0.486708554857	0.763653939101	0.523441275979	0.467858869019	0.443692605123	0.0	0.322377960367	0.537457709038	0.503141614306	0.499758337361	0.550507491542	0.73852102465	0.671822136298	0.535524407927	0.56935717738	0.544707588207	0.63653939101	0.608506524891	0.688255195747	0.640405993233	0.570323827936	0.584823586274	0.589173513775	0.744804253262	0.674722087965	0.735137747704	0.713388110198	0.676172063799	0.707104881585	0.611889801837	0.611889801837	0.614306428226	0.619139681005	0.623489608507	0.69453842436	0.625906234896	0.69212179797	0.583856935718	0.660222329628
AG8	0.575640405993	0.595456742388	0.849685838569	0.593040115998	0.681971967134	0.551957467376	0.691155147414	0.559690671822	0.542774287095	0.585306911551	0.594006766554	0.637022716288	0.600289995167	0.761720637989	0.65973900435	0.576123731271	0.577573707105	0.565973900435	0.719671338811	0.557274045433	0.496858385694	0.471242145964	0.544707588207	0.531657805703	0.762687288545	0.49540840986	0.520541324311	0.495891735138	0.322377960367	0.0	0.567907201547	0.53697438376	0.553407443209	0.565007249879	0.750604156597	0.683905268246	0.575640405993	0.565973900435	0.567907201547	0.647172547124	0.609473175447	0.681488641856	0.643305944901	0.585790236829	0.599806669889	0.604639922668	0.757370710488	0.683905268246	0.750604156597	0.719671338811	0.691155147414	0.71290478492	0.617689705172	0.622522957951	0.615273078782	0.62735621073	0.623972933784	0.705171580474	0.634606089899	0.698405026583	0.594490091832	0.663605606573
AH7	0.581440309328	0.623489608507	0.955050749154	0.695505074915	0.71532141131	0.570323827936	0.728371193813	0.558240695988	0.533591106815	0.634122764621	0.528274528758	0.667472208797	0.617689705172	0.876268728855	0.686805219913	0.590623489609	0.518124697922	0.479458675689	0.886901884969	0.748187530208	0.570323827936	0.533591106815	0.506041565974	0.494441759304	0.837119381344	0.579990333494	0.487191880135	0.520541324311	0.537457709038	0.567907201547	0.0	0.33107781537	0.570807153214	0.605606573224	0.777187046883	0.726437892702	0.551957467376	0.642822619623	0.592073465442	0.67133881102	0.648622522958	0.777187046883	0.745770903818	0.653455775737	0.634606089899	0.622039632673	0.763653939101	0.734171097148	0.777187046883	0.739004349928	0.713871435476	0.729821169647	0.625422909618	0.615273078782	0.623006283229	0.634606089899	0.621072982117	0.726437892702	0.626872885452	0.725954567424	0.606089898502	0.699855002417
AH8	0.566940550991	0.581923634606	0.955534074432	0.656355727405	0.679555340744	0.520057999033	0.699855002417	0.511841469309	0.497341710971	0.594006766554	0.517158047366	0.630256162397	0.5601739971	0.863702271629	0.63653939101	0.547124214596	0.442725954567	0.407926534558	0.901401643306	0.748187530208	0.553407443209	0.493958434026	0.481875302078	0.479942000967	0.840985983567	0.5601739971	0.490575157081	0.477042049299	0.503141614306	0.53697438376	0.33107781537	0.0	0.50700821653	0.546157564041	0.746254229096	0.688738521025	0.528274528758	0.593523441276	0.540840985984	0.620106331561	0.596906718221	0.737554374094	0.70130497825	0.603189946834	0.575640405993	0.568873852102	0.719671338811	0.681971967134	0.734654422426	0.685355244079	0.665538907685	0.682455292412	0.579990333494	0.567907201547	0.577573707105	0.579023682939	0.570323827936	0.675205413243	0.568390526825	0.675688738521	0.547124214596	0.650072498792
AA5	0.573223779604	0.491058482359	0.959884001933	0.640889318511	0.620589656839	0.452875785404	0.639439342678	0.408893185114	0.408893185114	0.528274528758	0.453359110681	0.568390526825	0.526824552924	0.868535524408	0.540357660706	0.521991300145	0.425326244563	0.445142580957	0.927984533591	0.772353794103	0.554857419043	0.493475108748	0.484291928468	0.490575157081	0.899951667472	0.609956500725	0.4398260029	0.44900918318	0.499758337361	0.553407443209	0.570807153214	0.50700821653	0.0	0.347510874819	0.686321894635	0.604639922668	0.473658772354	0.454325761237	0.463508941518	0.549540840986	0.489608506525	0.637506041566	0.600773320445	0.491541807637	0.518124697922	0.491541807637	0.705171580474	0.649589173514	0.690188496858	0.660705654906	0.653455775737	0.683905268246	0.539874335428	0.560657322378	0.569840502658	0.552924117931	0.54857419043	0.668438859352	0.53939101015	0.651522474625	0.498308361527	0.618656355727
AA6	0.591106814886	0.494925084582	0.963750604157	0.646689221846	0.623972933784	0.454325761237	0.661188980184	0.429676172064	0.446109231513	0.554374093765	0.490575157081	0.567907201547	0.528274528758	0.870952150797	0.568390526825	0.528757854036	0.470758820686	0.466408893185	0.933784436926	0.779120347994	0.596906718221	0.524407926535	0.529241179314	0.534074432093	0.905268245529	0.612373127115	0.482358627356	0.517158047366	0.550507491542	0.565007249879	0.605606573224	0.546157564041	0.347510874819	0.0	0.666022232963	0.584823586274	0.498791686805	0.478975350411	0.464475592073	0.572257129048	0.494441759304	0.671822136298	0.634122764621	0.521024649589	0.440309328178	0.420009666506	0.681971967134	0.634122764621	0.665538907685	0.640889318511	0.62735621073	0.661672305462	0.520541324311	0.537941034316	0.544707588207	0.538907684872	0.551474142098	0.646205896568	0.550507491542	0.631706138231	0.498791686805	0.604639922668
AB5	0.743837602707	0.65973900435	0.974383760271	0.728371193813	0.625906234896	0.646205896568	0.742870952151	0.643305944901	0.669888835186	0.702754954084	0.656839052682	0.596906718221	0.679555340744	0.892701788304	0.706621556307	0.695021749638	0.693088448526	0.68970517158	0.939101014983	0.809569840503	0.807153214113	0.729821169647	0.750120831319	0.74770420493	0.924601256646	0.75688738521	0.693571773804	0.724987916868	0.73852102465	0.750604156597	0.777187046883	0.746254229096	0.686321894635	0.666022232963	0.0	0.302561623973	0.610439826003	0.659255679072	0.621556307395	0.622522957951	0.597873368777	0.740937651039	0.737554374094	0.638472692122	0.622039632673	0.609956500725	0.619623006283	0.612856452392	0.632672788787	0.596906718221	0.611406476559	0.614306428226	0.598356694055	0.600289995167	0.610923151281	0.617206379894	0.664572257129	0.589656839053	0.651039149348	0.602223296278	0.665055582407	0.60415659739
AB6	0.676655389077	0.586273562107	0.969067182214	0.677138714355	0.591106814886	0.56935717738	0.669888835186	0.567907201547	0.597390043499	0.622039632673	0.606089898502	0.532624456259	0.62735621073	0.880618656356	0.630739487675	0.625906234896	0.640889318511	0.638472692122	0.933301111648	0.779120347994	0.750604156597	0.666988883519	0.678105364911	0.6805219913	0.913001449976	0.692605123248	0.632672788787	0.660222329628	0.671822136298	0.683905268246	0.726437892702	0.688738521025	0.604639922668	0.584823586274	0.302561623973	0.0	0.559207346544	0.58095698405	0.561623972934	0.561623972934	0.531657805703	0.685355244079	0.653939101015	0.533107781537	0.546157564041	0.540357660706	0.589656839053	0.552924117931	0.586756887385	0.553407443209	0.542774287095	0.57177380377	0.531657805703	0.553890768487	0.558724021266	0.571290478492	0.600289995167	0.548090865152	0.594490091832	0.545190913485	0.618656355727	0.527307878202
AC5	0.603673272112	0.554374093765	0.974383760271	0.64572257129	0.628806186564	0.469308844853	0.685838569357	0.440309328178	0.439342677622	0.579023682939	0.401159980667	0.55775737071	0.538424359594	0.880135331078	0.618173030449	0.561140647656	0.465925567907	0.45142580957	0.949250845819	0.784920251329	0.625906234896	0.543740937651	0.502658289029	0.499758337361	0.916868052199	0.629289511841	0.456742387627	0.50459159014	0.535524407927	0.575640405993	0.551957467376	0.528274528758	0.473658772354	0.498791686805	0.610439826003	0.559207346544	0.0	0.441759304012	0.435959400677	0.590623489609	0.521991300145	0.72450459159	0.674238762687	0.54857419043	0.478492025133	0.46302561624	0.606089898502	0.570323827936	0.621556307395	0.581440309328	0.564523924601	0.586756887385	0.492508458192	0.484291928468	0.48380860319	0.497341710971	0.579023682939	0.573223779604	0.557274045433	0.573223779604	0.50700821653	0.53939101015
AC6	0.610439826003	0.492508458192	0.95601739971	0.625906234896	0.575640405993	0.49299178347	0.553407443209	0.462542290962	0.499275012083	0.461575640406	0.534557757371	0.540840985984	0.53697438376	0.85645239246	0.519574673755	0.558240695988	0.541807636539	0.545674238763	0.914934751087	0.753020782987	0.640405993233	0.569840502658	0.590140164331	0.582406959884	0.893668438859	0.606089898502	0.53697438376	0.553407443209	0.56935717738	0.565973900435	0.642822619623	0.593523441276	0.454325761237	0.478975350411	0.659255679072	0.58095698405	0.441759304012	0.0	0.498308361527	0.503624939584	0.484775253746	0.520541324311	0.466892218463	0.425326244563	0.543257612373	0.543257612373	0.673272112131	0.626389560174	0.655872402127	0.626872885452	0.627839536008	0.64813919768	0.55099081682	0.558240695988	0.549057515708	0.5601739971	0.559207346544	0.637506041566	0.547124214596	0.618173030449	0.532624456259	0.595456742388
AD6	0.603189946834	0.530691155147	0.972933784437	0.626872885452	0.590623489609	0.415176413726	0.638472692122	0.418076365394	0.443692605123	0.532141130981	0.435476075399	0.531657805703	0.514258095698	0.873852102465	0.577090381827	0.535041082649	0.475108748188	0.458192363461	0.951184146931	0.78927017883	0.610923151281	0.536007733204	0.540840985984	0.532141130981	0.90961817303	0.616239729338	0.496858385694	0.519574673755	0.544707588207	0.567907201547	0.592073465442	0.540840985984	0.463508941518	0.464475592073	0.621556307395	0.561623972934	0.435959400677	0.498308361527	0.0	0.533591106815	0.413243112615	0.713388110198	0.666022232963	0.542774287095	0.478008699855	0.465925567907	0.60657322378	0.563557274045	0.603673272112	0.570323827936	0.564040599323	0.596906718221	0.480425326245	0.472692121798	0.485258579024	0.480425326245	0.55775737071	0.58337361044	0.528757854036	0.574190430159	0.461575640406	0.536007733204
AE5	0.625906234896	0.513291445143	0.975833736104	0.631222812953	0.547124214596	0.540840985984	0.580473658772	0.541324311261	0.59255679072	0.534074432093	0.61575640406	0.514258095698	0.562107298212	0.874818753021	0.546640889319	0.570323827936	0.588206863219	0.597390043499	0.926534557757	0.767037216046	0.727404543258	0.65055582407	0.655389076849	0.654905751571	0.874335427743	0.647655872402	0.617206379894	0.631706138231	0.63653939101	0.647172547124	0.67133881102	0.620106331561	0.549540840986	0.572257129048	0.622522957951	0.561623972934	0.590623489609	0.503624939584	0.533591106815	0.0	0.344610923151	0.612373127115	0.579023682939	0.499275012083	0.618656355727	0.622522957951	0.641372643789	0.606089898502	0.633156114065	0.589173513775	0.610923151281	0.633639439343	0.530691155147	0.565973900435	0.583856935718	0.542774287095	0.553890768487	0.616723054616	0.541807636539	0.595456742388	0.569840502658	0.585306911551
AE6	0.59497341711	0.482358627356	0.975350410826	0.617206379894	0.533591106815	0.470275495408	0.594006766554	0.470758820686	0.517641372644	0.522957950701	0.535524407927	0.496375060416	0.518124697922	0.876752054132	0.535041082649	0.53020782987	0.535524407927	0.533107781537	0.936684388594	0.768970517158	0.679555340744	0.607056549058	0.611889801837	0.611406476559	0.893185113581	0.630256162397	0.562107298212	0.588206863219	0.608506524891	0.609473175447	0.648622522958	0.596906718221	0.489608506525	0.494441759304	0.597873368777	0.531657805703	0.521991300145	0.484775253746	0.413243112615	0.344610923151	0.0	0.654905751571	0.618656355727	0.484775253746	0.544224262929	0.541324311261	0.618173030449	0.573707104882	0.598356694055	0.574190430159	0.579023682939	0.610439826003	0.46979217013	0.487675205413	0.499758337361	0.485741904302	0.52779120348	0.591590140164	0.517158047366	0.571290478492	0.508941517641	0.551957467376
AF5	0.720637989367	0.637506041566	0.931851135814	0.677622039633	0.657805703238	0.690671822136	0.579507008217	0.65732237796	0.698405026583	0.605123247946	0.739487675205	0.653939101015	0.690671822136	0.843402609957	0.612856452392	0.688255195747	0.729337844369	0.743837602707	0.873368777187	0.739971000483	0.734171097148	0.695988400193	0.735137747704	0.73852102465	0.875302078299	0.701788303528	0.720154664089	0.702271628806	0.688255195747	0.681488641856	0.777187046883	0.737554374094	0.637506041566	0.671822136298	0.740937651039	0.685355244079	0.72450459159	0.520541324311	0.713388110198	0.612373127115	0.654905751571	0.0	0.293861768971	0.561140647656	0.746254229096	0.732721121315	0.768003866602	0.73610439826	0.750604156597	0.721604639923	0.745770903818	0.753987433543	0.710004833253	0.732237796037	0.742387626873	0.725471242146	0.693571773804	0.735621072982	0.69212179797	0.718221362977	0.728371193813	0.732237796037
AF6	0.695988400193	0.598840019333	0.93281778637	0.661672305462	0.647655872402	0.655872402127	0.541324311261	0.618173030449	0.662155630739	0.565007249879	0.696955050749	0.632189463509	0.660222329628	0.838569357177	0.573223779604	0.65973900435	0.695505074915	0.702271628806	0.872885451909	0.731754470759	0.69453842436	0.652489125181	0.69453842436	0.694055099082	0.87046882552	0.668438859352	0.679072015466	0.659255679072	0.640405993233	0.643305944901	0.745770903818	0.70130497825	0.600773320445	0.634122764621	0.737554374094	0.653939101015	0.674238762687	0.466892218463	0.666022232963	0.579023682939	0.618656355727	0.293861768971	0.0	0.52537457709	0.70130497825	0.68970517158	0.7593040116	0.714354760754	0.737554374094	0.704204929918	0.709038182697	0.736587723538	0.675205413243	0.691155147414	0.70130497825	0.69212179797	0.653455775737	0.725471242146	0.648622522958	0.699855002417	0.691638472692	0.697921701305
