	AA3	AA4	AB3	AB4	AC3	AC4	AD3	AD4	AE3	AE4	AF3	AF4	AG3	AG4	AH3	AH4	AA7	AA8	AB7	AB8	AC7	AC8	AD7	AD8	AE7	AE8	AF7	AF8	AG7	AG8	AH7	AH8	AA5	AA6	AB5	AB6	AC5	AC6	AD6	AE5	AE6	AF5	AF6	AG5	AH5	AH6	AA1	AA2	AB1	AB2	AC1	AC2	AD1	AD2	AE1	AE2	AF1	AF2	AG1	AG2	AH1	AH2
AA3	0.0	0.477525374577	0.933784436926	0.635089415176	0.680038666022	0.581440309328	0.690188496858	0.586273562107	0.567907201547	0.621556307395	0.614306428226	0.603673272112	0.585790236829	0.861285645239	0.656839052682	0.333494441759	0.558724021266	0.5601739971	0.869018849686	0.716288061866	0.622522957951	0.57177380377	0.58337361044	0.574190430159	0.827936201063	0.579023682939	0.567907201547	0.554857419043	0.585306911551	0.579990333494	0.581923634606	0.5601739971	0.592073465442	0.590140164331	0.745770903818	0.678105364911	0.599806669889	0.610439826003	0.589173513775	0.61575640406	0.584823586274	0.707588206863	0.683905268246	0.617206379894	0.616239729338	0.607539874335	0.678588690188	0.649105848236	0.710488158531	0.667955534074	0.645239246013	0.672305461576	0.569840502658	0.563073948768	0.569840502658	0.554374093765	0.583856935718	0.660705654906	0.581440309328	0.660222329628	0.587723537941	0.645239246013
AA4	0.477525374577	0.0	0.946350894152	0.58337361044	0.586756887385	0.487191880135	0.607056549058	0.493958434026	0.491541807637	0.517158047366	0.552924117931	0.522957950701	0.492025132914	0.862252295795	0.403576607057	0.362977283712	0.540840985984	0.54857419043	0.89125181247	0.723537941034	0.65732237796	0.570323827936	0.566940550991	0.568873852102	0.872885451909	0.611889801837	0.551474142098	0.551957467376	0.591590140164	0.597873368777	0.614789753504	0.565007249879	0.51619139681	0.52537457709	0.665055582407	0.575157080715	0.560657322378	0.514741420976	0.527307878202	0.511358144031	0.471725471242	0.626872885452	0.585306911551	0.521991300145	0.577573707105	0.571290478492	0.649105848236	0.589656839053	0.627839536008	0.600289995167	0.602223296278	0.62735621073	0.530691155147	0.520057999033	0.534074432093	0.507491541808	0.484775253746	0.618656355727	0.491058482359	0.590140164331	0.517641372644	0.592073465442
AB3	0.933784436926	0.946350894152	0.0	0.674238762687	0.922667955534	0.954567423876	0.949734171097	0.939584340261	0.922184630256	0.946350894152	0.969067182214	0.932334461092	0.960850652489	0.351377477042	0.9584340261	0.936201063316	0.968100531658	0.961817303045	0.732721121315	0.762687288545	0.881585306912	0.904301594973	0.957950700822	0.947800869986	0.84726921218	0.893185113581	0.941517641373	0.918318028033	0.844369260512	0.834219429676	0.949734171097	0.946350894152	0.952150797487	0.956984050266	0.969067182214	0.960367327211	0.968100531658	0.955050749154	0.96761720638	0.968100531658	0.967133881102	0.936684388594	0.937167713871	0.943934267762	0.972450459159	0.968583856936	0.966650555824	0.963750604157	0.962783953601	0.967133881102	0.965683905268	0.962300628323	0.966650555824	0.968100531658	0.972450459159	0.967133881102	0.967133881102	0.964233929435	0.966167230546	0.968100531658	0.966650555824	0.966167230546
AB4	0.635089415176	0.58337361044	0.674238762687	0.0	0.668438859352	0.633156114065	0.690671822136	0.62493958434	0.598840019333	0.638472692122	0.651039149348	0.637022716288	0.485741904302	0.569840502658	0.607056549058	0.590623489609	0.637989366844	0.645239246013	0.718221362977	0.583856935718	0.650072498792	0.618656355727	0.649105848236	0.63653939101	0.792170130498	0.636056065732	0.64813919768	0.625906234896	0.572257129048	0.572740454326	0.685355244079	0.642339294345	0.649105848236	0.655872402127	0.732721121315	0.663122281295	0.655389076849	0.64813919768	0.634122764621	0.653455775737	0.624456259062	0.667955534074	0.662638956017	0.64813919768	0.687288545191	0.672788786854	0.708071532141	0.669405509908	0.694055099082	0.684388593523	0.66892218463	0.683421942968	0.640889318511	0.639439342678	0.655872402127	0.636056065732	0.637506041566	0.683905268246	0.640889318511	0.671822136298	0.647655872402	0.668438859352
AC3	0.680038666022	0.586756887385	0.922667955534	0.668438859352	0.0	0.510391493475	0.651522474625	0.567423876269	0.561140647656	0.594006766554	0.63653939101	0.337844369261	0.614306428226	0.844369260512	0.619623006283	0.620589656839	0.632672788787	0.621072982117	0.873852102465	0.757370710488	0.749154180764	0.686321894635	0.727404543258	0.723054615756	0.83566940551	0.69453842436	0.661672305462	0.672788786854	0.70372160464	0.697921701305	0.715804736588	0.678105364911	0.626389560174	0.648622522958	0.635572740454	0.583856935718	0.635089415176	0.598840019333	0.606089898502	0.567423876269	0.563557274045	0.675688738521	0.649105848236	0.582890285162	0.64813919768	0.645239246013	0.595456742388	0.594490091832	0.59497341711	0.586273562107	0.598840019333	0.597873368777	0.55775737071	0.579990333494	0.590623489609	0.579990333494	0.620106331561	0.589656839053	0.621556307395	0.597873368777	0.62735621073	0.585790236829
AC4	0.581440309328	0.487191880135	0.954567423876	0.633156114065	0.510391493475	0.0	0.638472692122	0.413726437893	0.388593523441	0.513291445143	0.337361043983	0.428709521508	0.512324794587	0.875785403577	0.570323827936	0.542774287095	0.467375543741	0.443692605123	0.926051232479	0.75688738521	0.602223296278	0.522957950701	0.510391493475	0.506041565974	0.892218463026	0.585790236829	0.475592073465	0.496858385694	0.550024166264	0.558724021266	0.573223779604	0.506524891252	0.433542774287	0.464475592073	0.650072498792	0.555340744321	0.471725471242	0.505558240696	0.429192846786	0.528274528758	0.451909134848	0.675205413243	0.632672788787	0.510874818753	0.51377477042	0.475592073465	0.64572257129	0.587723537941	0.614789753504	0.587723537941	0.591590140164	0.620589656839	0.494925084582	0.498308361527	0.5186080232	0.506041565974	0.535041082649	0.609956500725	0.535041082649	0.580473658772	0.47462542291	0.581923634606
AD3	0.690188496858	0.607056549058	0.949734171097	0.690671822136	0.651522474625	0.638472692122	0.0	0.54857419043	0.64813919768	0.377477042049	0.696471725471	0.614789753504	0.653939101015	0.873368777187	0.599323344611	0.655389076849	0.708071532141	0.713871435476	0.939101014983	0.781536974384	0.739004349928	0.708071532141	0.716288061866	0.708071532141	0.913484775254	0.702271628806	0.707104881585	0.707588206863	0.707588206863	0.706621556307	0.734171097148	0.708554857419	0.654422426293	0.666022232963	0.738037699372	0.665538907685	0.696955050749	0.565007249879	0.64813919768	0.586756887385	0.599323344611	0.553890768487	0.537457709038	0.571290478492	0.714838086032	0.700821652972	0.771870468826	0.714354760754	0.733204446593	0.712421459642	0.713388110198	0.743837602707	0.670372160464	0.682455292412	0.691155147414	0.683421942968	0.651522474625	0.730787820203	0.652489125181	0.715804736588	0.70372160464	0.720154664089
AD4	0.586273562107	0.493958434026	0.939584340261	0.62493958434	0.567423876269	0.413726437893	0.54857419043	0.0	0.328177863702	0.418559690672	0.43740937651	0.494441759304	0.520057999033	0.856935717738	0.560657322378	0.539874335428	0.465442242629	0.454809086515	0.933784436926	0.764620589657	0.600289995167	0.50459159014	0.496375060416	0.492508458192	0.899951667472	0.590140164331	0.443692605123	0.44900918318	0.509424842919	0.557274045433	0.545674238763	0.494441759304	0.413726437893	0.448042532624	0.646689221846	0.553890768487	0.434992750121	0.483325277912	0.4398260029	0.549540840986	0.477042049299	0.645239246013	0.607056549058	0.493475108748	0.507974867086	0.457225712905	0.663605606573	0.60415659739	0.631706138231	0.616723054616	0.610923151281	0.63653939101	0.519091348478	0.507974867086	0.52537457709	0.508941517641	0.533107781537	0.62735621073	0.541324311261	0.608023199613	0.506524891252	0.611889801837
AE3	0.567907201547	0.491541807637	0.922184630256	0.598840019333	0.561140647656	0.388593523441	0.64813919768	0.328177863702	0.0	0.508941517641	0.415176413726	0.507491541808	0.510391493475	0.843885935234	0.560657322378	0.529724504592	0.455775737071	0.443692605123	0.913484775254	0.744804253262	0.552440792653	0.471725471242	0.484775253746	0.478492025133	0.876268728855	0.577573707105	0.4398260029	0.452875785404	0.495891735138	0.536491058482	0.550507491542	0.487191880135	0.406476558724	0.450942484292	0.669888835186	0.579507008217	0.457225712905	0.507974867086	0.4398260029	0.581923634606	0.499758337361	0.67133881102	0.63653939101	0.507491541808	0.520057999033	0.455292411793	0.662638956017	0.602706621556	0.628322861286	0.623489608507	0.608989850169	0.643305944901	0.520541324311	0.517158047366	0.532624456259	0.516674722088	0.530691155147	0.637022716288	0.539874335428	0.614306428226	0.484775253746	0.60657322378
AE4	0.621556307395	0.517158047366	0.946350894152	0.638472692122	0.594006766554	0.513291445143	0.377477042049	0.418559690672	0.508941517641	0.0	0.576607056549	0.547124214596	0.577573707105	0.864668922185	0.544224262929	0.582406959884	0.586273562107	0.590623489609	0.933784436926	0.764620589657	0.666988883519	0.588690188497	0.608506524891	0.601739971	0.907201546641	0.62493958434	0.585790236829	0.586756887385	0.597873368777	0.605606573224	0.647172547124	0.59255679072	0.540840985984	0.55099081682	0.686805219913	0.597873368777	0.574190430159	0.467375543741	0.537457709038	0.529241179314	0.508458192363	0.570807153214	0.542290961817	0.499275012083	0.606089898502	0.594490091832	0.713388110198	0.648622522958	0.682455292412	0.667472208797	0.660705654906	0.680038666022	0.596423392943	0.58095698405	0.584823586274	0.587240212663	0.578057032383	0.676655389077	0.581440309328	0.661672305462	0.588690188497	0.656355727405
AF3	0.614306428226	0.552924117931	0.969067182214	0.651039149348	0.63653939101	0.337361043983	0.696471725471	0.43740937651	0.415176413726	0.576607056549	0.0	0.550024166264	0.531657805703	0.887385210246	0.614789753504	0.592073465442	0.434026099565	0.414693088449	0.961817303045	0.794586756887	0.60415659739	0.534557757371	0.43064282262	0.439342677622	0.918318028033	0.618173030449	0.428709521508	0.500241662639	0.541324311261	0.59255679072	0.52779120348	0.506524891252	0.440309328178	0.491058482359	0.679555340744	0.607539874335	0.433059449009	0.549540840986	0.452392460126	0.608989850169	0.521507974867	0.714354760754	0.673272112131	0.551957467376	0.529241179314	0.468342194297	0.669888835186	0.616239729338	0.657805703238	0.630739487675	0.620106331561	0.651522474625	0.547607539874	0.523924601257	0.541324311261	0.529241179314	0.572740454326	0.64813919768	0.570807153214	0.619623006283	0.500241662639	0.615273078782
AF4	0.603673272112	0.522957950701	0.932334461092	0.637022716288	0.337844369261	0.428709521508	0.614789753504	0.494441759304	0.507491541808	0.547124214596	0.550024166264	0.0	0.565007249879	0.852102464959	0.579023682939	0.547607539874	0.577090381827	0.554374093765	0.883518608023	0.730304494925	0.702271628806	0.629289511841	0.650072498792	0.647655872402	0.838569357177	0.620589656839	0.593040115998	0.598356694055	0.640889318511	0.634122764621	0.648622522958	0.606089898502	0.556790720155	0.579023682939	0.616239729338	0.522474625423	0.561140647656	0.549540840986	0.549057515708	0.501208313195	0.505558240696	0.6389560174	0.611406476559	0.523441275979	0.567907201547	0.568390526825	0.591590140164	0.540840985984	0.578540357661	0.547124214596	0.547607539874	0.57177380377	0.497341710971	0.515708071532	0.531174480425	0.524891251812	0.564040599323	0.566457225713	0.566940550991	0.546157564041	0.565007249879	0.536007733204
AG3	0.585790236829	0.492025132914	0.960850652489	0.485741904302	0.614306428226	0.512324794587	0.653939101015	0.520057999033	0.510391493475	0.577573707105	0.531657805703	0.565007249879	0.0	0.851135814403	0.515224746254	0.532141130981	0.502658289029	0.50459159014	0.93281778637	0.765587240213	0.675688738521	0.589173513775	0.589656839053	0.59497341711	0.886418559691	0.62735621073	0.53697438376	0.555824069599	0.622039632673	0.625422909618	0.637989366844	0.570323827936	0.52779120348	0.528757854036	0.65732237796	0.593040115998	0.540840985984	0.554857419043	0.518124697922	0.571290478492	0.503624939584	0.668438859352	0.634606089899	0.555340744321	0.570807153214	0.556790720155	0.621072982117	0.584340260996	0.612856452392	0.60657322378	0.588690188497	0.605606573224	0.515708071532	0.521991300145	0.543257612373	0.516674722088	0.532141130981	0.602706621556	0.545190913485	0.598840019333	0.50459159014	0.581440309328
AG4	0.861285645239	0.862252295795	0.351377477042	0.569840502658	0.844369260512	0.875785403577	0.873368777187	0.856935717738	0.843885935234	0.864668922185	0.887385210246	0.852102464959	0.851135814403	0.0	0.874818753021	0.857902368294	0.894151764137	0.890768487192	0.70130497825	0.70372160464	0.82165297245	0.839052682455	0.887385210246	0.878202029966	0.820686321895	0.820686321895	0.873852102465	0.856935717738	0.783470275495	0.760270662156	0.887385210246	0.87723537941	0.878202029966	0.880135331078	0.897051715805	0.886901884969	0.894635089415	0.873368777187	0.892218463026	0.887868535524	0.886901884969	0.857902368294	0.859835669406	0.867085548574	0.906234896085	0.895601739971	0.890768487192	0.894635089415	0.892701788304	0.891735137748	0.899468342194	0.88883518608	0.896568390527	0.891735137748	0.904784920251	0.894151764137	0.894151764137	0.892218463026	0.893185113581	0.892218463026	0.895601739971	0.900918318028
AH3	0.656839052682	0.403576607057	0.9584340261	0.607056549058	0.619623006283	0.570323827936	0.599323344611	0.560657322378	0.560657322378	0.544224262929	0.614789753504	0.579023682939	0.515224746254	0.874818753021	0.0	0.532141130981	0.596906718221	0.615273078782	0.927984533591	0.774287095215	0.709038182697	0.634606089899	0.635572740454	0.639439342678	0.904784920251	0.687288545191	0.633639439343	0.637022716288	0.661672305462	0.674238762687	0.693571773804	0.634122764621	0.553890768487	0.577090381827	0.70372160464	0.622522957951	0.633639439343	0.55099081682	0.600289995167	0.564040599323	0.553890768487	0.599323344611	0.580473658772	0.567907201547	0.646205896568	0.632672788787	0.698405026583	0.625906234896	0.662638956017	0.65732237796	0.653455775737	0.675205413243	0.601739971	0.611406476559	0.611406476559	0.603189946834	0.563557274045	0.673272112131	0.56935717738	0.649589173514	0.592073465442	0.635572740454
AH4	0.333494441759	0.362977283712	0.936201063316	0.590623489609	0.620589656839	0.542774287095	0.655389076849	0.539874335428	0.529724504592	0.582406959884	0.592073465442	0.547607539874	0.532141130981	0.857902368294	0.532141130981	0.0	0.539874335428	0.546157564041	0.875302078299	0.720637989367	0.646205896568	0.58095698405	0.582406959884	0.574673755437	0.848719188014	0.606089898502	0.572257129048	0.5601739971	0.596423392943	0.594006766554	0.600289995167	0.557274045433	0.564523924601	0.566940550991	0.709521507975	0.629772837119	0.594006766554	0.590623489609	0.561623972934	0.570807153214	0.541324311261	0.674238762687	0.650072498792	0.593040115998	0.612856452392	0.600289995167	0.65973900435	0.605123247946	0.658289028516	0.618173030449	0.613823102948	0.634606089899	0.542774287095	0.542774287095	0.554857419043	0.531657805703	0.512808119865	0.629772837119	0.519091348478	0.614789753504	0.552440792653	0.609956500725
AA7	0.558724021266	0.540840985984	0.968100531658	0.637989366844	0.632672788787	0.467375543741	0.708071532141	0.465442242629	0.455775737071	0.586273562107	0.434026099565	0.577090381827	0.502658289029	0.894151764137	0.596906718221	0.539874335428	0.0	0.286128564524	0.918801353311	0.767037216046	0.600773320445	0.497825036249	0.477525374577	0.470758820686	0.86805219913	0.593040115998	0.43740937651	0.451909134848	0.53020782987	0.575640405993	0.507491541808	0.424842919285	0.44224262929	0.471725471242	0.704204929918	0.642822619623	0.461575640406	0.557274045433	0.47462542291	0.596906718221	0.533107781537	0.71290478492	0.678588690188	0.577573707105	0.545674238763	0.491541807637	0.655389076849	0.605606573224	0.662155630739	0.633639439343	0.591106814886	0.627839536008	0.5186080232	0.50700821653	0.518124697922	0.504108264862	0.529241179314	0.618656355727	0.536491058482	0.632672788787	0.484291928468	0.599806669889
AA8	0.5601739971	0.54857419043	0.961817303045	0.645239246013	0.621072982117	0.443692605123	0.713871435476	0.454809086515	0.443692605123	0.590623489609	0.414693088449	0.554374093765	0.50459159014	0.890768487192	0.615273078782	0.546157564041	0.286128564524	0.0	0.913968100532	0.765587240213	0.591590140164	0.489125181247	0.465442242629	0.457709038183	0.85886901885	0.58337361044	0.409376510391	0.447559207347	0.526824552924	0.566457225713	0.468342194297	0.389560173997	0.438859352344	0.478492025133	0.69212179797	0.625906234896	0.443692605123	0.558724021266	0.466408893185	0.601256645723	0.523924601257	0.719671338811	0.686805219913	0.56935717738	0.531657805703	0.471242145964	0.642822619623	0.597390043499	0.649589173514	0.623489608507	0.586273562107	0.614789753504	0.512324794587	0.499275012083	0.517641372644	0.501691638473	0.544224262929	0.617206379894	0.546640889319	0.614789753504	0.482358627356	0.591590140164
AB7	0.869018849686	0.89125181247	0.732721121315	0.718221362977	0.873852102465	0.926051232479	0.939101014983	0.933784436926	0.913484775254	0.933784436926	0.961817303045	0.883518608023	0.93281778637	0.70130497825	0.927984533591	0.875302078299	0.918801353311	0.913968100532	0.0	0.419526341228	0.810536491058	0.841952634123	0.937167713871	0.920251329145	0.73610439826	0.818753020783	0.902368293862	0.872885451909	0.752537457709	0.707104881585	0.884968583857	0.890768487192	0.928951184147	0.934751087482	0.945867568874	0.938617689705	0.949734171097	0.916384726921	0.94683421943	0.930401159981	0.94441759304	0.872885451909	0.883035282745	0.915418076365	0.95360077332	0.954084098598	0.927501208313	0.924601256646	0.940550990817	0.929434509425	0.928951184147	0.917834702755	0.91445142581	0.914934751087	0.920251329145	0.918801353311	0.920251329145	0.91445142581	0.919768003867	0.933784436926	0.949734171097	0.927017883035
AB8	0.716288061866	0.723537941034	0.762687288545	0.583856935718	0.757370710488	0.75688738521	0.781536974384	0.764620589657	0.744804253262	0.764620589657	0.794586756887	0.730304494925	0.765587240213	0.70372160464	0.774287095215	0.720637989367	0.767037216046	0.765587240213	0.419526341228	0.0	0.647172547124	0.667472208797	0.758820686322	0.742870952151	0.724021266312	0.65055582407	0.729821169647	0.698405026583	0.54857419043	0.526341227646	0.734171097148	0.729337844369	0.765103914935	0.769453842436	0.804736587724	0.778153697438	0.783953600773	0.747220879652	0.776220396327	0.758337361044	0.768003866602	0.732237796037	0.734654422426	0.750120831319	0.795070082165	0.794103431609	0.810536491058	0.770420492992	0.794586756887	0.767520541324	0.776703721605	0.782986950217	0.766070565491	0.764620589657	0.77090381827	0.766070565491	0.762203963267	0.780570323828	0.761237312711	0.767520541324	0.779603673272	0.770420492992
AC7	0.622522957951	0.65732237796	0.881585306912	0.650072498792	0.749154180764	0.602223296278	0.739004349928	0.600289995167	0.552440792653	0.666988883519	0.60415659739	0.702271628806	0.675688738521	0.82165297245	0.709038182697	0.646205896568	0.600773320445	0.591590140164	0.810536491058	0.647172547124	0.0	0.380376993717	0.576123731271	0.561140647656	0.820202996617	0.589656839053	0.560657322378	0.520541324311	0.490091831803	0.489608506525	0.583856935718	0.558724021266	0.567423876269	0.596906718221	0.810053165781	0.737071048816	0.637506041566	0.646205896568	0.620589656839	0.721604639923	0.665538907685	0.708554857419	0.691155147414	0.650072498792	0.651039149348	0.607539874335	0.818753020783	0.764137264379	0.803769937168	0.788786853552	0.757854035766	0.790236829386	0.686805219913	0.666022232963	0.681971967134	0.669405509908	0.678105364911	0.791203479942	0.678588690188	0.772353794103	0.628322861286	0.76848719188
AC8	0.57177380377	0.570323827936	0.904301594973	0.618656355727	0.686321894635	0.522957950701	0.708071532141	0.50459159014	0.471725471242	0.588690188497	0.534557757371	0.629289511841	0.589173513775	0.839052682455	0.634606089899	0.58095698405	0.497825036249	0.489125181247	0.841952634123	0.667472208797	0.380376993717	0.0	0.501208313195	0.484775253746	0.840985983567	0.548090865152	0.392943450942	0.357660705655	0.440792653456	0.468825519575	0.532141130981	0.47220879652	0.474142097632	0.490091831803	0.723537941034	0.648622522958	0.53697438376	0.561140647656	0.532141130981	0.630739487675	0.582890285162	0.662155630739	0.625422909618	0.56935717738	0.569840502658	0.503624939584	0.728371193813	0.673272112131	0.720637989367	0.704204929918	0.670372160464	0.699855002417	0.601256645723	0.575157080715	0.597390043499	0.579023682939	0.584823586274	0.704688255196	0.589656839053	0.692605123248	0.53697438376	0.675205413243
AD7	0.58337361044	0.566940550991	0.957950700822	0.649105848236	0.727404543258	0.510391493475	0.716288061866	0.496375060416	0.484775253746	0.608506524891	0.43064282262	0.650072498792	0.589656839053	0.887385210246	0.635572740454	0.582406959884	0.477525374577	0.465442242629	0.937167713871	0.758820686322	0.576123731271	0.501208313195	0.0	0.28467858869	0.893668438859	0.522957950701	0.427259545674	0.465925567907	0.498791686805	0.544707588207	0.496858385694	0.466408893185	0.488158530691	0.533591106815	0.741420976317	0.669405509908	0.508458192363	0.595940067666	0.534557757371	0.639439342678	0.588206863219	0.719671338811	0.691155147414	0.600773320445	0.570807153214	0.523924601257	0.739487675205	0.677622039633	0.729821169647	0.714838086032	0.680038666022	0.708071532141	0.610439826003	0.588206863219	0.595456742388	0.590140164331	0.589173513775	0.711454809087	0.591106814886	0.695021749638	0.556307394877	0.681005316578
AD8	0.574190430159	0.568873852102	0.947800869986	0.63653939101	0.723054615756	0.506041565974	0.708071532141	0.492508458192	0.478492025133	0.601739971	0.439342677622	0.647655872402	0.59497341711	0.878202029966	0.639439342678	0.574673755437	0.470758820686	0.457709038183	0.920251329145	0.742870952151	0.561140647656	0.484775253746	0.28467858869	0.0	0.852102464959	0.482841952634	0.410343160947	0.452392460126	0.483325277912	0.528274528758	0.49299178347	0.464475592073	0.484775253746	0.524407926535	0.743354277429	0.669888835186	0.506041565974	0.593523441276	0.529241179314	0.639922667956	0.586273562107	0.714354760754	0.688738521025	0.594490091832	0.576607056549	0.521024649589	0.741420976317	0.681005316578	0.732721121315	0.718704688255	0.678105364911	0.712421459642	0.611406476559	0.592073465442	0.601256645723	0.595940067666	0.588206863219	0.710488158531	0.59497341711	0.700338327695	0.558240695988	0.68293861769
AE7	0.827936201063	0.872885451909	0.84726921218	0.792170130498	0.83566940551	0.892218463026	0.913484775254	0.899951667472	0.876268728855	0.907201546641	0.918318028033	0.838569357177	0.886418559691	0.820686321895	0.904784920251	0.848719188014	0.86805219913	0.85886901885	0.73610439826	0.724021266312	0.820202996617	0.840985983567	0.893668438859	0.852102464959	0.0	0.546157564041	0.87723537941	0.850652489125	0.775737071049	0.755437409377	0.836636056066	0.836636056066	0.898985016916	0.901401643306	0.929434509425	0.919284678589	0.918318028033	0.896568390527	0.91203479942	0.874818753021	0.903818269696	0.877718704688	0.880135331078	0.877718704688	0.931367810536	0.92363460609	0.891735137748	0.90285161914	0.911551474142	0.896085065249	0.90043499275	0.894151764137	0.884001933301	0.893668438859	0.90043499275	0.884968583857	0.899951667472	0.887385210246	0.901401643306	0.905751570807	0.910584823586	0.899468342194
AE8	0.579023682939	0.611889801837	0.893185113581	0.636056065732	0.69453842436	0.585790236829	0.702271628806	0.590140164331	0.577573707105	0.62493958434	0.618173030449	0.620589656839	0.62735621073	0.820686321895	0.687288545191	0.606089898502	0.593040115998	0.58337361044	0.818753020783	0.65055582407	0.589656839053	0.548090865152	0.522957950701	0.482841952634	0.546157564041	0.0	0.56935717738	0.540357660706	0.51377477042	0.493475108748	0.57177380377	0.554374093765	0.597390043499	0.600289995167	0.74770420493	0.699371677139	0.617206379894	0.598840019333	0.60657322378	0.637506041566	0.625422909618	0.669405509908	0.654422426293	0.587723537941	0.64572257129	0.62735621073	0.743837602707	0.697438376027	0.742870952151	0.710971483809	0.703238279362	0.733204446593	0.64813919768	0.625906234896	0.637022716288	0.634122764621	0.641372643789	0.720154664089	0.652489125181	0.708554857419	0.610923151281	0.70130497825
AF7	0.567907201547	0.551474142098	0.941517641373	0.64813919768	0.661672305462	0.475592073465	0.707104881585	0.443692605123	0.4398260029	0.585790236829	0.428709521508	0.593040115998	0.53697438376	0.873852102465	0.633639439343	0.572257129048	0.43740937651	0.409376510391	0.902368293862	0.729821169647	0.560657322378	0.392943450942	0.427259545674	0.410343160947	0.87723537941	0.56935717738	0.0	0.310778153697	0.473658772354	0.526824552924	0.48622522958	0.471725471242	0.427259545674	0.459159014016	0.684871918801	0.608506524891	0.444175930401	0.535524407927	0.473658772354	0.607056549058	0.531657805703	0.700338327695	0.663122281295	0.539874335428	0.517641372644	0.46060898985	0.664088931851	0.610923151281	0.664088931851	0.653939101015	0.616239729338	0.637506041566	0.548090865152	0.517641372644	0.534557757371	0.521991300145	0.551957467376	0.639922667956	0.558724021266	0.641855969067	0.489125181247	0.615273078782
AF8	0.554857419043	0.551957467376	0.918318028033	0.625906234896	0.672788786854	0.496858385694	0.707588206863	0.44900918318	0.452875785404	0.586756887385	0.500241662639	0.598356694055	0.555824069599	0.856935717738	0.637022716288	0.5601739971	0.451909134848	0.447559207347	0.872885451909	0.698405026583	0.520541324311	0.357660705655	0.465925567907	0.452392460126	0.850652489125	0.540357660706	0.310778153697	0.0	0.441759304012	0.489608506525	0.515708071532	0.465925567907	0.436442725955	0.468342194297	0.705654905752	0.635089415176	0.489125181247	0.535041082649	0.496858385694	0.603189946834	0.542290961817	0.683421942968	0.646205896568	0.534557757371	0.540840985984	0.485741904302	0.685355244079	0.624456259062	0.6805219913	0.671822136298	0.635089415176	0.657805703238	0.565490575157	0.536007733204	0.554857419043	0.540840985984	0.55099081682	0.65732237796	0.561140647656	0.656355727405	0.499275012083	0.631222812953
AG7	0.585306911551	0.591590140164	0.844369260512	0.572257129048	0.70372160464	0.550024166264	0.707588206863	0.509424842919	0.495891735138	0.597873368777	0.541324311261	0.640889318511	0.622039632673	0.783470275495	0.661672305462	0.596423392943	0.53020782987	0.526824552924	0.752537457709	0.54857419043	0.490091831803	0.440792653456	0.498791686805	0.483325277912	0.775737071049	0.51377477042	0.473658772354	0.441759304012	0.0	0.31706138231	0.535524407927	0.507974867086	0.510874818753	0.548090865152	0.750604156597	0.676655389077	0.539874335428	0.574673755437	0.570323827936	0.641372643789	0.599806669889	0.664572257129	0.633156114065	0.584340260996	0.608989850169	0.558240695988	0.74770420493	0.68293861769	0.729821169647	0.715804736588	0.683905268246	0.716288061866	0.628806186564	0.596906718221	0.621072982117	0.616723054616	0.628322861286	0.719671338811	0.638472692122	0.700338327695	0.596423392943	0.686805219913
AG8	0.579990333494	0.597873368777	0.834219429676	0.572740454326	0.697921701305	0.558724021266	0.706621556307	0.557274045433	0.536491058482	0.605606573224	0.59255679072	0.634122764621	0.625422909618	0.760270662156	0.674238762687	0.594006766554	0.575640405993	0.566457225713	0.707104881585	0.526341227646	0.489608506525	0.468825519575	0.544707588207	0.528274528758	0.755437409377	0.493475108748	0.526824552924	0.489608506525	0.31706138231	0.0	0.57177380377	0.546640889319	0.561140647656	0.574190430159	0.755437409377	0.6805219913	0.591590140164	0.581440309328	0.573707104882	0.644272595457	0.601739971	0.662155630739	0.644272595457	0.593523441276	0.619623006283	0.592073465442	0.751570807153	0.687771870469	0.734171097148	0.721604639923	0.688738521025	0.719671338811	0.634606089899	0.610439826003	0.628806186564	0.628806186564	0.636056065732	0.723537941034	0.64572257129	0.701788303528	0.59497341711	0.687288545191
AH7	0.581923634606	0.614789753504	0.949734171097	0.685355244079	0.715804736588	0.573223779604	0.734171097148	0.545674238763	0.550507491542	0.647172547124	0.52779120348	0.648622522958	0.637989366844	0.887385210246	0.693571773804	0.600289995167	0.507491541808	0.468342194297	0.884968583857	0.734171097148	0.583856935718	0.532141130981	0.496858385694	0.49299178347	0.836636056066	0.57177380377	0.48622522958	0.515708071532	0.535524407927	0.57177380377	0.0	0.327211213146	0.568390526825	0.594490091832	0.780570323828	0.708554857419	0.55099081682	0.639922667956	0.595456742388	0.661188980184	0.62493958434	0.755920734654	0.731271145481	0.654422426293	0.634122764621	0.595940067666	0.753504108265	0.717254712421	0.764137264379	0.738037699372	0.710004833253	0.733204446593	0.635572740454	0.617206379894	0.623006283229	0.616723054616	0.626389560174	0.731754470759	0.634606089899	0.71532141131	0.610923151281	0.71532141131
AH8	0.5601739971	0.565007249879	0.946350894152	0.642339294345	0.678105364911	0.506524891252	0.708554857419	0.494441759304	0.487191880135	0.59255679072	0.506524891252	0.606089898502	0.570323827936	0.87723537941	0.634122764621	0.557274045433	0.424842919285	0.389560173997	0.890768487192	0.729337844369	0.558724021266	0.47220879652	0.466408893185	0.464475592073	0.836636056066	0.554374093765	0.471725471242	0.465925567907	0.507974867086	0.546640889319	0.327211213146	0.0	0.492508458192	0.528274528758	0.743837602707	0.673272112131	0.52779120348	0.585306911551	0.534074432093	0.615273078782	0.576607056549	0.713871435476	0.682455292412	0.602706621556	0.578057032383	0.52779120348	0.708554857419	0.664572257129	0.713388110198	0.684388593523	0.651039149348	0.677138714355	0.584340260996	0.566457225713	0.572740454326	0.568873852102	0.565490575157	0.678105364911	0.573223779604	0.670372160464	0.550507491542	0.661672305462
AA5	0.592073465442	0.51619139681	0.952150797487	0.649105848236	0.626389560174	0.433542774287	0.654422426293	0.413726437893	0.406476558724	0.540840985984	0.440309328178	0.556790720155	0.52779120348	0.878202029966	0.553890768487	0.564523924601	0.44224262929	0.438859352344	0.928951184147	0.765103914935	0.567423876269	0.474142097632	0.488158530691	0.484775253746	0.898985016916	0.597390043499	0.427259545674	0.436442725955	0.510874818753	0.561140647656	0.568390526825	0.492508458192	0.0	0.330111164814	0.681005316578	0.581923634606	0.470275495408	0.472692121798	0.465925567907	0.553890768487	0.478975350411	0.632189463509	0.584823586274	0.476558724021	0.534074432093	0.452392460126	0.70130497825	0.631222812953	0.669405509908	0.651522474625	0.647172547124	0.677622039633	0.536007733204	0.548090865152	0.56935717738	0.54857419043	0.534557757371	0.662155630739	0.54857419043	0.641372643789	0.50700821653	0.638472692122
AA6	0.590140164331	0.52537457709	0.956984050266	0.655872402127	0.648622522958	0.464475592073	0.666022232963	0.448042532624	0.450942484292	0.55099081682	0.491058482359	0.579023682939	0.528757854036	0.880135331078	0.577090381827	0.566940550991	0.471725471242	0.478492025133	0.934751087482	0.769453842436	0.596906718221	0.490091831803	0.533591106815	0.524407926535	0.901401643306	0.600289995167	0.459159014016	0.468342194297	0.548090865152	0.574190430159	0.594490091832	0.528274528758	0.330111164814	0.0	0.677138714355	0.577573707105	0.501208313195	0.494925084582	0.471725471242	0.571290478492	0.494925084582	0.653939101015	0.608989850169	0.501691638473	0.471242145964	0.405509908168	0.69453842436	0.635089415176	0.675205413243	0.651522474625	0.642339294345	0.673272112131	0.546640889319	0.54857419043	0.568873852102	0.548090865152	0.543257612373	0.660222329628	0.55099081682	0.641372643789	0.508458192363	0.642339294345
AB5	0.745770903818	0.665055582407	0.969067182214	0.732721121315	0.635572740454	0.650072498792	0.738037699372	0.646689221846	0.669888835186	0.686805219913	0.679555340744	0.616239729338	0.65732237796	0.897051715805	0.70372160464	0.709521507975	0.704204929918	0.69212179797	0.945867568874	0.804736587724	0.810053165781	0.723537941034	0.741420976317	0.743354277429	0.929434509425	0.74770420493	0.684871918801	0.705654905752	0.750604156597	0.755437409377	0.780570323828	0.743837602707	0.681005316578	0.677138714355	0.0	0.313678105365	0.617206379894	0.666022232963	0.630739487675	0.621072982117	0.608506524891	0.743354277429	0.722087965201	0.642339294345	0.608023199613	0.61333977767	0.609956500725	0.593040115998	0.613823102948	0.594006766554	0.611406476559	0.608506524891	0.610439826003	0.593523441276	0.609473175447	0.621072982117	0.671822136298	0.586756887385	0.659255679072	0.603189946834	0.667955534074	0.607056549058
AB6	0.678105364911	0.575157080715	0.960367327211	0.663122281295	0.583856935718	0.555340744321	0.665538907685	0.553890768487	0.579507008217	0.597873368777	0.607539874335	0.522474625423	0.593040115998	0.886901884969	0.622522957951	0.629772837119	0.642822619623	0.625906234896	0.938617689705	0.778153697438	0.737071048816	0.648622522958	0.669405509908	0.669888835186	0.919284678589	0.699371677139	0.608506524891	0.635089415176	0.676655389077	0.6805219913	0.708554857419	0.673272112131	0.581923634606	0.577573707105	0.313678105365	0.0	0.557274045433	0.569840502658	0.562107298212	0.53939101015	0.52537457709	0.666505558241	0.632189463509	0.536491058482	0.552924117931	0.538907684872	0.616723054616	0.558240695988	0.595456742388	0.577090381827	0.570807153214	0.592073465442	0.533107781537	0.536007733204	0.553407443209	0.564523924601	0.587240212663	0.574673755437	0.586273562107	0.565007249879	0.60415659739	0.568873852102
AC5	0.599806669889	0.560657322378	0.968100531658	0.655389076849	0.635089415176	0.471725471242	0.696955050749	0.434992750121	0.457225712905	0.574190430159	0.433059449009	0.561140647656	0.540840985984	0.894635089415	0.633639439343	0.594006766554	0.461575640406	0.443692605123	0.949734171097	0.783953600773	0.637506041566	0.53697438376	0.508458192363	0.506041565974	0.918318028033	0.617206379894	0.444175930401	0.489125181247	0.539874335428	0.591590140164	0.55099081682	0.52779120348	0.470275495408	0.501208313195	0.617206379894	0.557274045433	0.0	0.457225712905	0.453842435959	0.597390043499	0.5186080232	0.71532141131	0.659255679072	0.549540840986	0.484775253746	0.43740937651	0.614789753504	0.576607056549	0.618656355727	0.586273562107	0.578540357661	0.598356694055	0.511841469309	0.482841952634	0.501691638473	0.496375060416	0.569840502658	0.595456742388	0.567423876269	0.58095698405	0.515708071532	0.572257129048
AC6	0.610439826003	0.514741420976	0.955050749154	0.64813919768	0.598840019333	0.505558240696	0.565007249879	0.483325277912	0.507974867086	0.467375543741	0.549540840986	0.549540840986	0.554857419043	0.873368777187	0.55099081682	0.590623489609	0.557274045433	0.558724021266	0.916384726921	0.747220879652	0.646205896568	0.561140647656	0.595940067666	0.593523441276	0.896568390527	0.598840019333	0.535524407927	0.535041082649	0.574673755437	0.581440309328	0.639922667956	0.585306911551	0.472692121798	0.494925084582	0.666022232963	0.569840502658	0.457225712905	0.0	0.519574673755	0.532624456259	0.498308361527	0.490091831803	0.441275978734	0.437892701788	0.569840502658	0.540357660706	0.683421942968	0.634606089899	0.662638956017	0.633639439343	0.63653939101	0.664088931851	0.582890285162	0.5601739971	0.572740454326	0.571290478492	0.560657322378	0.661188980184	0.566940550991	0.626872885452	0.550507491542	0.632672788787
AD6	0.589173513775	0.527307878202	0.96761720638	0.634122764621	0.606089898502	0.429192846786	0.64813919768	0.4398260029	0.4398260029	0.537457709038	0.452392460126	0.549057515708	0.518124697922	0.892218463026	0.600289995167	0.561623972934	0.47462542291	0.466408893185	0.94683421943	0.776220396327	0.620589656839	0.532141130981	0.534557757371	0.529241179314	0.91203479942	0.60657322378	0.473658772354	0.496858385694	0.570323827936	0.573707104882	0.595456742388	0.534074432093	0.465925567907	0.471725471242	0.630739487675	0.562107298212	0.453842435959	0.519574673755	0.0	0.535524407927	0.408409859836	0.695021749638	0.653455775737	0.532141130981	0.490091831803	0.452392460126	0.617689705172	0.556790720155	0.594490091832	0.573707104882	0.565490575157	0.598356694055	0.484775253746	0.471725471242	0.485258579024	0.466408893185	0.534074432093	0.590623489609	0.536491058482	0.578057032383	0.470275495408	0.566457225713
AE5	0.61575640406	0.511358144031	0.968100531658	0.653455775737	0.567423876269	0.528274528758	0.586756887385	0.549540840986	0.581923634606	0.529241179314	0.608989850169	0.501208313195	0.571290478492	0.887868535524	0.564040599323	0.570807153214	0.596906718221	0.601256645723	0.930401159981	0.758337361044	0.721604639923	0.630739487675	0.639439342678	0.639922667956	0.874818753021	0.637506041566	0.607056549058	0.603189946834	0.641372643789	0.644272595457	0.661188980184	0.615273078782	0.553890768487	0.571290478492	0.621072982117	0.53939101015	0.597390043499	0.532624456259	0.535524407927	0.0	0.34944417593	0.617206379894	0.583856935718	0.521507974867	0.615273078782	0.609956500725	0.641855969067	0.602223296278	0.628806186564	0.600773320445	0.620589656839	0.638472692122	0.529724504592	0.559207346544	0.594490091832	0.552924117931	0.535524407927	0.620589656839	0.540840985984	0.596423392943	0.570323827936	0.614789753504
AE6	0.584823586274	0.471725471242	0.967133881102	0.624456259062	0.563557274045	0.451909134848	0.599323344611	0.477042049299	0.499758337361	0.508458192363	0.521507974867	0.505558240696	0.503624939584	0.886901884969	0.553890768487	0.541324311261	0.533107781537	0.523924601257	0.94441759304	0.768003866602	0.665538907685	0.582890285162	0.588206863219	0.586273562107	0.903818269696	0.625422909618	0.531657805703	0.542290961817	0.599806669889	0.601739971	0.62493958434	0.576607056549	0.478975350411	0.494925084582	0.608506524891	0.52537457709	0.5186080232	0.498308361527	0.408409859836	0.34944417593	0.0	0.6389560174	0.596423392943	0.480425326245	0.537457709038	0.528757854036	0.632189463509	0.579507008217	0.602223296278	0.572257129048	0.597873368777	0.620106331561	0.488641855969	0.490575157081	0.512808119865	0.480908651522	0.505074915418	0.602223296278	0.511358144031	0.564040599323	0.490091831803	0.589173513775
AF5	0.707588206863	0.626872885452	0.936684388594	0.667955534074	0.675688738521	0.675205413243	0.553890768487	0.645239246013	0.67133881102	0.570807153214	0.714354760754	0.6389560174	0.668438859352	0.857902368294	0.599323344611	0.674238762687	0.71290478492	0.719671338811	0.872885451909	0.732237796037	0.708554857419	0.662155630739	0.719671338811	0.714354760754	0.877718704688	0.669405509908	0.700338327695	0.683421942968	0.664572257129	0.662155630739	0.755920734654	0.713871435476	0.632189463509	0.653939101015	0.743354277429	0.666505558241	0.71532141131	0.490091831803	0.695021749638	0.617206379894	0.6389560174	0.0	0.291928467859	0.53697438376	0.720637989367	0.709038182697	0.772837119381	0.724021266312	0.748670855486	0.713871435476	0.725954567424	0.756404059932	0.695505074915	0.718221362977	0.72450459159	0.712421459642	0.674722087965	0.748670855486	0.675205413243	0.719671338811	0.710488158531	0.733204446593
AF6	0.683905268246	0.585306911551	0.937167713871	0.662638956017	0.649105848236	0.632672788787	0.537457709038	0.607056549058	0.63653939101	0.542290961817	0.673272112131	0.611406476559	0.634606089899	0.859835669406	0.580473658772	0.650072498792	0.678588690188	0.686805219913	0.883035282745	0.734654422426	0.691155147414	0.625422909618	0.691155147414	0.688738521025	0.880135331078	0.654422426293	0.663122281295	0.646205896568	0.633156114065	0.644272595457	0.731271145481	0.682455292412	0.584823586274	0.608989850169	0.722087965201	0.632189463509	0.659255679072	0.441275978734	0.653455775737	0.583856935718	0.596423392943	0.291928467859	0.0	0.501691638473	0.681971967134	0.666022232963	0.753504108265	0.698888351861	0.724987916868	0.696471725471	0.70372160464	0.732721121315	0.65732237796	0.674238762687	0.68293861769	0.667472208797	0.62493958434	0.725471242146	0.629289511841	0.69212179797	0.674722087965	0.701788303528
