	AA3	AA4	AB3	AB4	AC3	AC4	AD3	AD4	AE3	AE4	AF3	AF4	AG3	AG4	AH3	AH4	AA7	AA8	AB7	AB8	AC7	AC8	AD7	AD8	AE7	AE8	AF7	AF8	AG7	AG8	AH7	AH8	AA5	AA6	AB5	AB6	AC5	AC6	AD6	AE5	AE6	AF5	AF6	AG5	AH5	AH6	AA1	AA2	AB1	AB2	AC1	AC2	AD1	AD2	AE1	AE2	AF1	AF2	AG1	AG2	AH1	AH2
AA3	0.0	0.468825519575	0.934751087482	0.639439342678	0.651522474625	0.578540357661	0.670372160464	0.567423876269	0.55775737071	0.609473175447	0.601256645723	0.597390043499	0.564040599323	0.859835669406	0.620106331561	0.307394876752	0.55099081682	0.547607539874	0.864185596907	0.703238279362	0.611406476559	0.545674238763	0.565973900435	0.576607056549	0.834702754954	0.576123731271	0.534557757371	0.546157564041	0.581440309328	0.576607056549	0.577090381827	0.55099081682	0.576123731271	0.572740454326	0.743837602707	0.679555340744	0.594490091832	0.62493958434	0.595940067666	0.631706138231	0.601256645723	0.718221362977	0.691155147414	0.609473175447	0.610439826003	0.596423392943	0.685355244079	0.657805703238	0.704688255196	0.669405509908	0.63653939101	0.664088931851	0.567907201547	0.565007249879	0.566457225713	0.556790720155	0.564523924601	0.648622522958	0.576123731271	0.65973900435	0.565490575157	0.641372643789
AA4	0.468825519575	0.0	0.948284195263	0.585306911551	0.558724021266	0.489125181247	0.575640405993	0.464475592073	0.487675205413	0.500241662639	0.541324311261	0.496858385694	0.478492025133	0.867085548574	0.373610439826	0.366360560657	0.528757854036	0.520541324311	0.899468342194	0.732237796037	0.648622522958	0.570807153214	0.568873852102	0.568390526825	0.876268728855	0.608023199613	0.532141130981	0.537457709038	0.58337361044	0.606089898502	0.629289511841	0.561623972934	0.48622522958	0.506524891252	0.657805703238	0.585790236829	0.546157564041	0.504108264862	0.526341227646	0.526824552924	0.479458675689	0.625422909618	0.591106814886	0.492508458192	0.564523924601	0.54857419043	0.657805703238	0.591590140164	0.630739487675	0.599806669889	0.598356694055	0.637022716288	0.525857902368	0.517641372644	0.522474625423	0.509424842919	0.499275012083	0.616239729338	0.51619139681	0.581440309328	0.508941517641	0.575157080715
AB3	0.934751087482	0.948284195263	0.0	0.666022232963	0.917351377477	0.949734171097	0.95601739971	0.943934267762	0.927017883035	0.945384243596	0.968583856936	0.938134364427	0.963267278879	0.330111164814	0.961333977767	0.934751087482	0.968583856936	0.964233929435	0.734654422426	0.756404059932	0.882551957467	0.908651522475	0.955050749154	0.942967617206	0.84726921218	0.895118414693	0.935717738038	0.929917834703	0.850169163847	0.82648622523	0.946350894152	0.95601739971	0.95360077332	0.9584340261	0.973417109715	0.963750604157	0.971483808603	0.949250845819	0.971967133881	0.972933784437	0.971483808603	0.937651039149	0.933784436926	0.94683421943	0.972933784437	0.970033832769	0.972450459159	0.969550507492	0.968100531658	0.971000483325	0.970517158047	0.970033832769	0.974383760271	0.974383760271	0.975350410826	0.972933784437	0.970517158047	0.971483808603	0.970517158047	0.971000483325	0.972450459159	0.973417109715
AB4	0.639439342678	0.585306911551	0.666022232963	0.0	0.624456259062	0.606089898502	0.699855002417	0.612856452392	0.61575640406	0.628806186564	0.647172547124	0.613823102948	0.480908651522	0.566457225713	0.608989850169	0.590140164331	0.644272595457	0.642339294345	0.719671338811	0.590140164331	0.661188980184	0.634122764621	0.658289028516	0.646689221846	0.793620106332	0.626872885452	0.642822619623	0.634122764621	0.555824069599	0.575157080715	0.697921701305	0.647172547124	0.642339294345	0.652489125181	0.719671338811	0.669405509908	0.648622522958	0.634122764621	0.6389560174	0.628806186564	0.629289511841	0.678105364911	0.665538907685	0.622522957951	0.685838569357	0.675688738521	0.692605123248	0.655389076849	0.686805219913	0.675205413243	0.665538907685	0.678588690188	0.637022716288	0.640889318511	0.658289028516	0.642822619623	0.649105848236	0.666988883519	0.640889318511	0.647172547124	0.644272595457	0.660705654906
AC3	0.651522474625	0.558724021266	0.917351377477	0.624456259062	0.0	0.49540840986	0.642339294345	0.556307394877	0.56259062349	0.568390526825	0.619139681005	0.330594490092	0.594006766554	0.838569357177	0.586756887385	0.588690188497	0.61333977767	0.60657322378	0.867568873852	0.757370710488	0.726437892702	0.669405509908	0.710004833253	0.706621556307	0.835186080232	0.68293861769	0.646205896568	0.666988883519	0.670372160464	0.690188496858	0.704204929918	0.654905751571	0.602706621556	0.621072982117	0.646205896568	0.607056549058	0.643305944901	0.577573707105	0.600289995167	0.535041082649	0.545674238763	0.654905751571	0.641855969067	0.565490575157	0.660222329628	0.654422426293	0.607539874335	0.605123247946	0.590140164331	0.599806669889	0.606089898502	0.598840019333	0.547607539874	0.582890285162	0.598356694055	0.567423876269	0.604639922668	0.590623489609	0.60657322378	0.600773320445	0.609956500725	0.60657322378
AC4	0.578540357661	0.489125181247	0.949734171097	0.606089898502	0.49540840986	0.0	0.619139681005	0.427259545674	0.414209763171	0.525857902368	0.359594006767	0.401159980667	0.511358144031	0.869502174964	0.551957467376	0.524407926535	0.490575157081	0.471725471242	0.927017883035	0.75688738521	0.602706621556	0.540840985984	0.537457709038	0.524891251812	0.887385210246	0.57177380377	0.490091831803	0.514741420976	0.544224262929	0.564523924601	0.583856935718	0.519574673755	0.455292411793	0.467858869019	0.632672788787	0.552440792653	0.46060898985	0.511841469309	0.424842919285	0.556790720155	0.476558724021	0.681971967134	0.64813919768	0.52537457709	0.502658289029	0.489608506525	0.623006283229	0.565007249879	0.576607056549	0.577090381827	0.559207346544	0.59497341711	0.488641855969	0.475108748188	0.510874818753	0.498791686805	0.544224262929	0.577573707105	0.552924117931	0.561140647656	0.475108748188	0.549057515708
AD3	0.670372160464	0.575640405993	0.95601739971	0.699855002417	0.642339294345	0.619139681005	0.0	0.527307878202	0.641372643789	0.359110681489	0.677622039633	0.592073465442	0.643305944901	0.87723537941	0.579990333494	0.632189463509	0.683905268246	0.677622039633	0.942484291928	0.770420492992	0.720637989367	0.687771870469	0.688738521025	0.683905268246	0.917834702755	0.686321894635	0.693571773804	0.688738521025	0.688738521025	0.682455292412	0.715804736588	0.689221846303	0.631222812953	0.656355727405	0.739004349928	0.66892218463	0.670372160464	0.537941034316	0.625422909618	0.590623489609	0.579023682939	0.559690671822	0.542774287095	0.543740937651	0.69453842436	0.682455292412	0.760753987434	0.708554857419	0.723537941034	0.712421459642	0.706621556307	0.73852102465	0.659255679072	0.658772353794	0.666505558241	0.658289028516	0.639922667956	0.723054615756	0.63653939101	0.698888351861	0.679555340744	0.698888351861
AD4	0.567423876269	0.464475592073	0.943934267762	0.612856452392	0.556307394877	0.427259545674	0.527307878202	0.0	0.318511358144	0.405509908168	0.433542774287	0.495891735138	0.514741420976	0.864185596907	0.520057999033	0.514258095698	0.458192363461	0.436442725955	0.933784436926	0.760753987434	0.590140164331	0.509424842919	0.4813919768	0.474142097632	0.901884968584	0.580473658772	0.431126147898	0.447559207347	0.498308361527	0.556307394877	0.538424359594	0.479458675689	0.384726921218	0.46060898985	0.662638956017	0.58337361044	0.434026099565	0.472692121798	0.449975833736	0.545674238763	0.471242145964	0.64813919768	0.607539874335	0.485258579024	0.51619139681	0.502658289029	0.673755437409	0.623489608507	0.635572740454	0.62735621073	0.612373127115	0.654422426293	0.52779120348	0.519574673755	0.541807636539	0.528757854036	0.526824552924	0.633639439343	0.545190913485	0.608023199613	0.488158530691	0.599323344611
AE3	0.55775737071	0.487675205413	0.927017883035	0.61575640406	0.56259062349	0.414209763171	0.641372643789	0.318511358144	0.0	0.509908168197	0.410343160947	0.510391493475	0.512808119865	0.853069115515	0.546640889319	0.515224746254	0.443692605123	0.42822619623	0.920734654422	0.748187530208	0.567423876269	0.486708554857	0.485741904302	0.475592073465	0.887385210246	0.571290478492	0.426776220396	0.445142580957	0.488158530691	0.53939101015	0.545190913485	0.483325277912	0.392460125665	0.43740937651	0.67133881102	0.590140164331	0.43064282262	0.51377477042	0.444659255679	0.605123247946	0.517641372644	0.690188496858	0.655872402127	0.526341227646	0.508458192363	0.491541807637	0.666505558241	0.614789753504	0.62735621073	0.625422909618	0.601739971	0.64572257129	0.523441275979	0.519091348478	0.538907684872	0.529241179314	0.548090865152	0.628322861286	0.566940550991	0.60657322378	0.490091831803	0.591106814886
AE4	0.609473175447	0.500241662639	0.945384243596	0.628806186564	0.568390526825	0.525857902368	0.359110681489	0.405509908168	0.509908168197	0.0	0.590140164331	0.516674722088	0.569840502658	0.865152247463	0.534557757371	0.551474142098	0.590623489609	0.587723537941	0.93523441276	0.762687288545	0.665055582407	0.605123247946	0.597873368777	0.588690188497	0.904301594973	0.617689705172	0.590623489609	0.587240212663	0.582406959884	0.609473175447	0.648622522958	0.596906718221	0.53939101015	0.559207346544	0.68293861769	0.60657322378	0.580473658772	0.472692121798	0.541324311261	0.534074432093	0.51619139681	0.593523441276	0.558724021266	0.49299178347	0.609473175447	0.594006766554	0.709521507975	0.650072498792	0.680038666022	0.673755437409	0.653455775737	0.687771870469	0.593523441276	0.578057032383	0.60415659739	0.593523441276	0.577090381827	0.673272112131	0.579990333494	0.652005799903	0.594490091832	0.635089415176
AF3	0.601256645723	0.541324311261	0.968583856936	0.647172547124	0.619139681005	0.359594006767	0.677622039633	0.433542774287	0.410343160947	0.590140164331	0.0	0.521024649589	0.53697438376	0.891735137748	0.593523441276	0.566457225713	0.445142580957	0.431609473175	0.959400676655	0.784920251329	0.601256645723	0.548090865152	0.45142580957	0.44224262929	0.920251329145	0.604639922668	0.428709521508	0.489608506525	0.534074432093	0.586273562107	0.528274528758	0.494925084582	0.42822619623	0.489125181247	0.680038666022	0.61333977767	0.411309811503	0.549540840986	0.457225712905	0.619623006283	0.532141130981	0.72692121798	0.691638472692	0.559207346544	0.510874818753	0.496375060416	0.67133881102	0.610923151281	0.651039149348	0.620106331561	0.608989850169	0.647172547124	0.547124214596	0.512324794587	0.540357660706	0.530691155147	0.570807153214	0.641855969067	0.588206863219	0.603673272112	0.492025132914	0.593523441276
AF4	0.597390043499	0.496858385694	0.938134364427	0.613823102948	0.330594490092	0.401159980667	0.592073465442	0.495891735138	0.510391493475	0.516674722088	0.521024649589	0.0	0.54857419043	0.858385693572	0.549540840986	0.529724504592	0.556307394877	0.544224262929	0.882551957467	0.724021266312	0.699371677139	0.638472692122	0.654422426293	0.650072498792	0.843402609957	0.630256162397	0.590140164331	0.617206379894	0.629772837119	0.647172547124	0.647172547124	0.59497341711	0.546157564041	0.558240695988	0.612856452392	0.532624456259	0.563073948768	0.534557757371	0.524891251812	0.497825036249	0.490575157081	0.621072982117	0.601256645723	0.522957950701	0.583856935718	0.572740454326	0.597873368777	0.552440792653	0.567907201547	0.550024166264	0.538907684872	0.56935717738	0.484775253746	0.509424842919	0.520057999033	0.50459159014	0.554374093765	0.559207346544	0.556790720155	0.541324311261	0.558724021266	0.53697438376
AG3	0.564040599323	0.478492025133	0.963267278879	0.480908651522	0.594006766554	0.511358144031	0.643305944901	0.514741420976	0.512808119865	0.569840502658	0.53697438376	0.54857419043	0.0	0.860802319961	0.514258095698	0.517641372644	0.505558240696	0.495891735138	0.927984533591	0.750604156597	0.66892218463	0.592073465442	0.583856935718	0.595940067666	0.880618656356	0.624456259062	0.538424359594	0.55775737071	0.601256645723	0.62735621073	0.632189463509	0.556790720155	0.52537457709	0.527307878202	0.666022232963	0.610923151281	0.542290961817	0.553407443209	0.523441275979	0.561623972934	0.51377477042	0.687288545191	0.653939101015	0.550507491542	0.578057032383	0.559690671822	0.625906234896	0.578540357661	0.622522957951	0.612373127115	0.579507008217	0.610439826003	0.508941517641	0.515708071532	0.533591106815	0.521024649589	0.541324311261	0.602706621556	0.556307394877	0.591106814886	0.502174963751	0.560657322378
AG4	0.859835669406	0.867085548574	0.330111164814	0.566457225713	0.838569357177	0.869502174964	0.87723537941	0.864185596907	0.853069115515	0.865152247463	0.891735137748	0.858385693572	0.860802319961	0.0	0.881585306912	0.856935717738	0.895601739971	0.891735137748	0.698405026583	0.693088448526	0.817303044949	0.839536007733	0.884968583857	0.873852102465	0.823102948284	0.819236346061	0.866118898018	0.862252295795	0.782020299662	0.752537457709	0.88883518608	0.885935234413	0.877718704688	0.882551957467	0.900918318028	0.887385210246	0.894635089415	0.864668922185	0.892218463026	0.889318511358	0.887868535524	0.857419043016	0.849202513291	0.869502174964	0.901401643306	0.894635089415	0.889801836636	0.88883518608	0.890768487192	0.890768487192	0.900918318028	0.894635089415	0.897051715805	0.893185113581	0.905751570807	0.894151764137	0.89125181247	0.896085065249	0.891735137748	0.890285161914	0.893185113581	0.895601739971
AH3	0.620106331561	0.373610439826	0.961333977767	0.608989850169	0.586756887385	0.551957467376	0.579990333494	0.520057999033	0.546640889319	0.534557757371	0.593523441276	0.549540840986	0.514258095698	0.881585306912	0.0	0.509424842919	0.586756887385	0.586756887385	0.929917834703	0.764137264379	0.695505074915	0.625422909618	0.625422909618	0.633639439343	0.908168197197	0.675205413243	0.614306428226	0.611406476559	0.643305944901	0.662638956017	0.683905268246	0.620589656839	0.54857419043	0.566457225713	0.702271628806	0.634606089899	0.608989850169	0.537941034316	0.577573707105	0.55099081682	0.545190913485	0.608023199613	0.571290478492	0.545190913485	0.628806186564	0.617206379894	0.702271628806	0.634606089899	0.654905751571	0.652489125181	0.6389560174	0.677138714355	0.58337361044	0.585306911551	0.585790236829	0.577573707105	0.563073948768	0.655389076849	0.553890768487	0.629289511841	0.57177380377	0.610923151281
AH4	0.307394876752	0.366360560657	0.934751087482	0.590140164331	0.588690188497	0.524407926535	0.632189463509	0.514258095698	0.515224746254	0.551474142098	0.566457225713	0.529724504592	0.517641372644	0.856935717738	0.509424842919	0.0	0.53020782987	0.527307878202	0.873852102465	0.706138231029	0.628322861286	0.549057515708	0.563073948768	0.565490575157	0.848719188014	0.582406959884	0.532624456259	0.543257612373	0.564040599323	0.582406959884	0.596423392943	0.53939101015	0.536007733204	0.540357660706	0.691155147414	0.621072982117	0.567423876269	0.574673755437	0.535041082649	0.572740454326	0.530691155147	0.685838569357	0.651522474625	0.55099081682	0.589173513775	0.566457225713	0.661188980184	0.612856452392	0.649589173514	0.613823102948	0.602223296278	0.634122764621	0.525857902368	0.518124697922	0.533107781537	0.516674722088	0.501691638473	0.613823102948	0.51377477042	0.603189946834	0.53020782987	0.596423392943
AA7	0.55099081682	0.528757854036	0.968583856936	0.644272595457	0.61333977767	0.490575157081	0.683905268246	0.458192363461	0.443692605123	0.590623489609	0.445142580957	0.556307394877	0.505558240696	0.895601739971	0.586756887385	0.53020782987	0.0	0.277912034799	0.914934751087	0.757854035766	0.60657322378	0.517641372644	0.47462542291	0.479458675689	0.87046882552	0.575640405993	0.441275978734	0.461575640406	0.527307878202	0.578540357661	0.509424842919	0.413726437893	0.436442725955	0.49540840986	0.711938134364	0.648622522958	0.457225712905	0.574673755437	0.49299178347	0.605606573224	0.560657322378	0.728371193813	0.695021749638	0.572257129048	0.550507491542	0.532141130981	0.670372160464	0.620589656839	0.668438859352	0.64572257129	0.595940067666	0.634122764621	0.520057999033	0.5186080232	0.542774287095	0.515708071532	0.528274528758	0.622522957951	0.546640889319	0.629772837119	0.494441759304	0.608023199613
AA8	0.547607539874	0.520541324311	0.964233929435	0.642339294345	0.60657322378	0.471725471242	0.677622039633	0.436442725955	0.42822619623	0.587723537941	0.431609473175	0.544224262929	0.495891735138	0.891735137748	0.586756887385	0.527307878202	0.277912034799	0.0	0.908651522475	0.748670855486	0.591106814886	0.50459159014	0.475108748188	0.478008699855	0.864668922185	0.568873852102	0.421942967617	0.448042532624	0.519091348478	0.569840502658	0.476075398743	0.377960367327	0.41904301595	0.482358627356	0.695988400193	0.631706138231	0.446592556791	0.554374093765	0.475108748188	0.598356694055	0.53697438376	0.720154664089	0.691638472692	0.56259062349	0.538907684872	0.519091348478	0.656839052682	0.604639922668	0.652972450459	0.631222812953	0.581440309328	0.622522957951	0.508458192363	0.503141614306	0.524407926535	0.503624939584	0.526824552924	0.607539874335	0.543257612373	0.616239729338	0.477525374577	0.591106814886
AB7	0.864185596907	0.899468342194	0.734654422426	0.719671338811	0.867568873852	0.927017883035	0.942484291928	0.933784436926	0.920734654422	0.93523441276	0.959400676655	0.882551957467	0.927984533591	0.698405026583	0.929917834703	0.873852102465	0.914934751087	0.908651522475	0.0	0.417593040116	0.80328661189	0.838569357177	0.934751087482	0.927501208313	0.73368777187	0.831319478009	0.892701788304	0.882551957467	0.750120831319	0.707588206863	0.882551957467	0.900918318028	0.927017883035	0.931367810536	0.944900918318	0.931851135814	0.946350894152	0.922667955534	0.954567423876	0.918801353311	0.941517641373	0.871918801353	0.882068632189	0.913968100532	0.961817303045	0.954567423876	0.920734654422	0.926534557757	0.93281778637	0.930884485259	0.926051232479	0.917834702755	0.913001449976	0.917834702755	0.914934751087	0.912518124698	0.918318028033	0.915901401643	0.916384726921	0.928467858869	0.949250845819	0.936684388594
AB8	0.703238279362	0.732237796037	0.756404059932	0.590140164331	0.757370710488	0.75688738521	0.770420492992	0.760753987434	0.748187530208	0.762687288545	0.784920251329	0.724021266312	0.750604156597	0.693088448526	0.764137264379	0.706138231029	0.757854035766	0.748670855486	0.417593040116	0.0	0.637989366844	0.661672305462	0.752054132431	0.743354277429	0.729821169647	0.659255679072	0.712421459642	0.70130497825	0.550507491542	0.52537457709	0.727404543258	0.732237796037	0.755920734654	0.754954084099	0.813919768004	0.759787336878	0.774287095215	0.748187530208	0.776220396327	0.746254229096	0.762203963267	0.732721121315	0.719671338811	0.734654422426	0.78927017883	0.78008699855	0.817786370227	0.769937167714	0.797003383277	0.776220396327	0.76848719188	0.794103431609	0.753987433543	0.749154180764	0.757854035766	0.749154180764	0.748187530208	0.788303528275	0.748670855486	0.769453842436	0.774770420493	0.75688738521
AC7	0.611406476559	0.648622522958	0.882551957467	0.661188980184	0.726437892702	0.602706621556	0.720637989367	0.590140164331	0.567423876269	0.665055582407	0.601256645723	0.699371677139	0.66892218463	0.817303044949	0.695505074915	0.628322861286	0.60657322378	0.591106814886	0.80328661189	0.637989366844	0.0	0.371193813436	0.584340260996	0.576123731271	0.815369743838	0.573707104882	0.553407443209	0.526341227646	0.485258579024	0.485741904302	0.585790236829	0.569840502658	0.569840502658	0.597873368777	0.811986466892	0.741420976317	0.629772837119	0.642822619623	0.623489608507	0.73610439826	0.681971967134	0.721121314645	0.699371677139	0.644755920735	0.641855969067	0.623489608507	0.825519574674	0.765587240213	0.797003383277	0.795553407443	0.749637506042	0.788303528275	0.685838569357	0.664088931851	0.690188496858	0.681005316578	0.675205413243	0.781536974384	0.68293861769	0.769453842436	0.614789753504	0.745770903818
AC8	0.545674238763	0.570807153214	0.908651522475	0.634122764621	0.669405509908	0.540840985984	0.687771870469	0.509424842919	0.486708554857	0.605123247946	0.548090865152	0.638472692122	0.592073465442	0.839536007733	0.625422909618	0.549057515708	0.517641372644	0.50459159014	0.838569357177	0.661672305462	0.371193813436	0.0	0.493958434026	0.493958434026	0.829386176897	0.529241179314	0.405993233446	0.379410343161	0.458192363461	0.47462542291	0.525857902368	0.485258579024	0.488158530691	0.520541324311	0.738037699372	0.666988883519	0.546157564041	0.576123731271	0.551474142098	0.651039149348	0.603673272112	0.680038666022	0.653939101015	0.58095698405	0.578057032383	0.561623972934	0.741420976317	0.683421942968	0.719188013533	0.710004833253	0.664572257129	0.702754954084	0.600289995167	0.581440309328	0.608989850169	0.594006766554	0.589173513775	0.693088448526	0.598840019333	0.688738521025	0.536491058482	0.659255679072
AD7	0.565973900435	0.568873852102	0.955050749154	0.658289028516	0.710004833253	0.537457709038	0.688738521025	0.4813919768	0.485741904302	0.597873368777	0.45142580957	0.654422426293	0.583856935718	0.884968583857	0.625422909618	0.563073948768	0.47462542291	0.475108748188	0.934751087482	0.752054132431	0.584340260996	0.493958434026	0.0	0.288545190913	0.888351860802	0.506524891252	0.420009666506	0.455292411793	0.504108264862	0.542774287095	0.500241662639	0.470275495408	0.487191880135	0.535041082649	0.748670855486	0.672788786854	0.495891735138	0.591590140164	0.545674238763	0.654905751571	0.612373127115	0.725954567424	0.687771870469	0.597390043499	0.574190430159	0.558724021266	0.746254229096	0.685355244079	0.727404543258	0.716771387144	0.674722087965	0.706621556307	0.61333977767	0.597390043499	0.611889801837	0.610439826003	0.589656839053	0.705171580474	0.600289995167	0.693571773804	0.542774287095	0.665055582407
AD8	0.576607056549	0.568390526825	0.942967617206	0.646689221846	0.706621556307	0.524891251812	0.683905268246	0.474142097632	0.475592073465	0.588690188497	0.44224262929	0.650072498792	0.595940067666	0.873852102465	0.633639439343	0.565490575157	0.479458675689	0.478008699855	0.927501208313	0.743354277429	0.576123731271	0.493958434026	0.288545190913	0.0	0.861768970517	0.479942000967	0.415659739004	0.45142580957	0.483325277912	0.533107781537	0.501208313195	0.47220879652	0.4813919768	0.540357660706	0.748670855486	0.669405509908	0.488641855969	0.582890285162	0.544224262929	0.654422426293	0.614306428226	0.724987916868	0.687288545191	0.591590140164	0.567907201547	0.554374093765	0.750120831319	0.683421942968	0.731271145481	0.720637989367	0.671822136298	0.708554857419	0.614789753504	0.597390043499	0.612373127115	0.610923151281	0.597390043499	0.706138231029	0.607056549058	0.698888351861	0.55099081682	0.664088931851
AE7	0.834702754954	0.876268728855	0.84726921218	0.793620106332	0.835186080232	0.887385210246	0.917834702755	0.901884968584	0.887385210246	0.904301594973	0.920251329145	0.843402609957	0.880618656356	0.823102948284	0.908168197197	0.848719188014	0.87046882552	0.864668922185	0.73368777187	0.729821169647	0.815369743838	0.829386176897	0.888351860802	0.861768970517	0.0	0.554857419043	0.86805219913	0.866118898018	0.772353794103	0.758820686322	0.837602706622	0.850652489125	0.899468342194	0.898501691638	0.930401159981	0.913484775254	0.916384726921	0.90043499275	0.917834702755	0.869502174964	0.895118414693	0.878685355244	0.877718704688	0.877718704688	0.939101014983	0.922184630256	0.889318511358	0.899468342194	0.912518124698	0.895118414693	0.901884968584	0.895601739971	0.892218463026	0.897051715805	0.901401643306	0.885451909135	0.898018366361	0.892218463026	0.896085065249	0.910584823586	0.918801353311	0.913484775254
AE8	0.576123731271	0.608023199613	0.895118414693	0.626872885452	0.68293861769	0.57177380377	0.686321894635	0.580473658772	0.571290478492	0.617689705172	0.604639922668	0.630256162397	0.624456259062	0.819236346061	0.675205413243	0.582406959884	0.575640405993	0.568873852102	0.831319478009	0.659255679072	0.573707104882	0.529241179314	0.506524891252	0.479942000967	0.554857419043	0.0	0.556307394877	0.556307394877	0.509908168197	0.506041565974	0.566457225713	0.552924117931	0.589173513775	0.588690188497	0.758820686322	0.689221846303	0.600289995167	0.600289995167	0.608506524891	0.661188980184	0.637989366844	0.700338327695	0.666988883519	0.604639922668	0.630256162397	0.615273078782	0.748670855486	0.700821652972	0.740454325761	0.707588206863	0.69212179797	0.728854519091	0.647172547124	0.622039632673	0.651522474625	0.636056065732	0.643789270179	0.721604639923	0.64813919768	0.705171580474	0.604639922668	0.6805219913
AF7	0.534557757371	0.532141130981	0.935717738038	0.642822619623	0.646205896568	0.490091831803	0.693571773804	0.431126147898	0.426776220396	0.590623489609	0.428709521508	0.590140164331	0.538424359594	0.866118898018	0.614306428226	0.532624456259	0.441275978734	0.421942967617	0.892701788304	0.712421459642	0.553407443209	0.405993233446	0.420009666506	0.415659739004	0.86805219913	0.556307394877	0.0	0.304011599807	0.47462542291	0.523441275979	0.477042049299	0.465442242629	0.420492991783	0.484291928468	0.694055099082	0.623489608507	0.442725954567	0.536491058482	0.502174963751	0.616723054616	0.557274045433	0.709521507975	0.674238762687	0.551957467376	0.534557757371	0.5186080232	0.673272112131	0.620589656839	0.669888835186	0.662155630739	0.604639922668	0.637506041566	0.551957467376	0.528274528758	0.553407443209	0.539874335428	0.55099081682	0.633156114065	0.572257129048	0.63653939101	0.480908651522	0.593040115998
AF8	0.546157564041	0.537457709038	0.929917834703	0.634122764621	0.666988883519	0.514741420976	0.688738521025	0.447559207347	0.445142580957	0.587240212663	0.489608506525	0.617206379894	0.55775737071	0.862252295795	0.611406476559	0.543257612373	0.461575640406	0.448042532624	0.882551957467	0.70130497825	0.526341227646	0.379410343161	0.455292411793	0.45142580957	0.866118898018	0.556307394877	0.304011599807	0.0	0.446592556791	0.497341710971	0.518124697922	0.463992266796	0.42822619623	0.489608506525	0.710004833253	0.642339294345	0.478492025133	0.542774287095	0.514741420976	0.620589656839	0.567907201547	0.68970517158	0.658772353794	0.543740937651	0.547124214596	0.535524407927	0.69453842436	0.639439342678	0.688255195747	0.679072015466	0.623972933784	0.658289028516	0.565490575157	0.549057515708	0.567907201547	0.557274045433	0.553890768487	0.655389076849	0.575640405993	0.656355727405	0.499758337361	0.61333977767
AG7	0.581440309328	0.58337361044	0.850169163847	0.555824069599	0.670372160464	0.544224262929	0.688738521025	0.498308361527	0.488158530691	0.582406959884	0.534074432093	0.629772837119	0.601256645723	0.782020299662	0.643305944901	0.564040599323	0.527307878202	0.519091348478	0.750120831319	0.550507491542	0.485258579024	0.458192363461	0.504108264862	0.483325277912	0.772353794103	0.509908168197	0.47462542291	0.446592556791	0.0	0.299178347028	0.544224262929	0.503624939584	0.497825036249	0.546640889319	0.747220879652	0.670855485742	0.53697438376	0.565007249879	0.549057515708	0.64813919768	0.599323344611	0.679072015466	0.643789270179	0.564040599323	0.586273562107	0.577090381827	0.74528757854	0.6805219913	0.717738037699	0.710971483809	0.665055582407	0.707104881585	0.607539874335	0.599323344611	0.622522957951	0.618173030449	0.611889801837	0.698888351861	0.627839536008	0.687771870469	0.574673755437	0.654422426293
AG8	0.576607056549	0.606089898502	0.82648622523	0.575157080715	0.690188496858	0.564523924601	0.682455292412	0.556307394877	0.53939101015	0.609473175447	0.586273562107	0.647172547124	0.62735621073	0.752537457709	0.662638956017	0.582406959884	0.578540357661	0.569840502658	0.707588206863	0.52537457709	0.485741904302	0.47462542291	0.542774287095	0.533107781537	0.758820686322	0.506041565974	0.523441275979	0.497341710971	0.299178347028	0.0	0.565490575157	0.545674238763	0.555824069599	0.580473658772	0.767520541324	0.691638472692	0.579507008217	0.581923634606	0.579990333494	0.670855485742	0.629289511841	0.681488641856	0.654422426293	0.587240212663	0.617689705172	0.607539874335	0.768003866602	0.697438376027	0.740937651039	0.731271145481	0.690188496858	0.72692121798	0.637989366844	0.622039632673	0.644272595457	0.6389560174	0.637989366844	0.722087965201	0.649589173514	0.704688255196	0.598356694055	0.676655389077
AH7	0.577090381827	0.629289511841	0.946350894152	0.697921701305	0.704204929918	0.583856935718	0.715804736588	0.538424359594	0.545190913485	0.648622522958	0.528274528758	0.647172547124	0.632189463509	0.88883518608	0.683905268246	0.596423392943	0.509424842919	0.476075398743	0.882551957467	0.727404543258	0.585790236829	0.525857902368	0.500241662639	0.501208313195	0.837602706622	0.566457225713	0.477042049299	0.518124697922	0.544224262929	0.565490575157	0.0	0.333011116481	0.565973900435	0.613823102948	0.782020299662	0.723054615756	0.546157564041	0.646205896568	0.606089898502	0.675688738521	0.650072498792	0.767520541324	0.737554374094	0.647655872402	0.643789270179	0.631706138231	0.759787336878	0.721604639923	0.760270662156	0.739487675205	0.700821652972	0.734171097148	0.625906234896	0.619139681005	0.634122764621	0.62493958434	0.623006283229	0.727887868536	0.629289511841	0.716771387144	0.609473175447	0.705654905752
AH8	0.55099081682	0.561623972934	0.95601739971	0.647172547124	0.654905751571	0.519574673755	0.689221846303	0.479458675689	0.483325277912	0.596906718221	0.494925084582	0.59497341711	0.556790720155	0.885935234413	0.620589656839	0.53939101015	0.413726437893	0.377960367327	0.900918318028	0.732237796037	0.569840502658	0.485258579024	0.470275495408	0.47220879652	0.850652489125	0.552924117931	0.465442242629	0.463992266796	0.503624939584	0.545674238763	0.333011116481	0.0	0.494441759304	0.545190913485	0.741420976317	0.675205413243	0.508458192363	0.594490091832	0.536491058482	0.621072982117	0.588206863219	0.727404543258	0.696955050749	0.586273562107	0.577573707105	0.568390526825	0.706621556307	0.653455775737	0.703238279362	0.679555340744	0.636056065732	0.669405509908	0.568390526825	0.552924117931	0.57177380377	0.561623972934	0.55775737071	0.662638956017	0.565007249879	0.665538907685	0.533591106815	0.6389560174
AA5	0.576123731271	0.48622522958	0.95360077332	0.642339294345	0.602706621556	0.455292411793	0.631222812953	0.384726921218	0.392460125665	0.53939101015	0.42822619623	0.546157564041	0.52537457709	0.877718704688	0.54857419043	0.536007733204	0.436442725955	0.41904301595	0.927017883035	0.755920734654	0.569840502658	0.488158530691	0.487191880135	0.4813919768	0.899468342194	0.589173513775	0.420492991783	0.42822619623	0.497825036249	0.555824069599	0.565973900435	0.494441759304	0.0	0.346060898985	0.670372160464	0.588206863219	0.44900918318	0.459159014016	0.459642339294	0.56259062349	0.483325277912	0.637506041566	0.596906718221	0.476075398743	0.515708071532	0.478975350411	0.693088448526	0.636056065732	0.654422426293	0.646689221846	0.629289511841	0.670855485742	0.52779120348	0.536007733204	0.563557274045	0.542290961817	0.539874335428	0.647172547124	0.5601739971	0.620106331561	0.492025132914	0.609473175447
AA6	0.572740454326	0.506524891252	0.9584340261	0.652489125181	0.621072982117	0.467858869019	0.656355727405	0.46060898985	0.43740937651	0.559207346544	0.489125181247	0.558240695988	0.527307878202	0.882551957467	0.566457225713	0.540357660706	0.49540840986	0.482358627356	0.931367810536	0.754954084099	0.597873368777	0.520541324311	0.535041082649	0.540357660706	0.898501691638	0.588690188497	0.484291928468	0.489608506525	0.546640889319	0.580473658772	0.613823102948	0.545190913485	0.346060898985	0.0	0.65973900435	0.572740454326	0.497341710971	0.492025132914	0.462058965684	0.586273562107	0.502658289029	0.667472208797	0.62735621073	0.51377477042	0.446592556791	0.40744320928	0.680038666022	0.626389560174	0.64572257129	0.637022716288	0.614306428226	0.656355727405	0.52537457709	0.528274528758	0.552924117931	0.531657805703	0.546157564041	0.633639439343	0.566940550991	0.61333977767	0.507491541808	0.599806669889
AB5	0.743837602707	0.657805703238	0.973417109715	0.719671338811	0.646205896568	0.632672788787	0.739004349928	0.662638956017	0.67133881102	0.68293861769	0.680038666022	0.612856452392	0.666022232963	0.900918318028	0.702271628806	0.691155147414	0.711938134364	0.695988400193	0.944900918318	0.813919768004	0.811986466892	0.738037699372	0.748670855486	0.748670855486	0.930401159981	0.758820686322	0.694055099082	0.710004833253	0.747220879652	0.767520541324	0.782020299662	0.741420976317	0.670372160464	0.65973900435	0.0	0.320927984534	0.623972933784	0.664572257129	0.624456259062	0.617206379894	0.596906718221	0.732721121315	0.723537941034	0.656839052682	0.641372643789	0.632189463509	0.634606089899	0.633156114065	0.629289511841	0.607539874335	0.631222812953	0.631706138231	0.605606573224	0.595456742388	0.622522957951	0.620106331561	0.659255679072	0.612373127115	0.666022232963	0.608506524891	0.675688738521	0.624456259062
AB6	0.679555340744	0.585790236829	0.963750604157	0.669405509908	0.607056549058	0.552440792653	0.66892218463	0.58337361044	0.590140164331	0.60657322378	0.61333977767	0.532624456259	0.610923151281	0.887385210246	0.634606089899	0.621072982117	0.648622522958	0.631706138231	0.931851135814	0.759787336878	0.741420976317	0.666988883519	0.672788786854	0.669405509908	0.913484775254	0.689221846303	0.623489608507	0.642339294345	0.670855485742	0.691638472692	0.723054615756	0.675205413243	0.588206863219	0.572740454326	0.320927984534	0.0	0.56935717738	0.58095698405	0.554857419043	0.557274045433	0.528274528758	0.670855485742	0.65055582407	0.563073948768	0.559207346544	0.542290961817	0.605606573224	0.566457225713	0.579507008217	0.563557274045	0.560657322378	0.594006766554	0.537457709038	0.535041082649	0.566457225713	0.566457225713	0.595456742388	0.571290478492	0.601256645723	0.550507491542	0.61333977767	0.540840985984
AC5	0.594490091832	0.546157564041	0.971483808603	0.648622522958	0.643305944901	0.46060898985	0.670372160464	0.434026099565	0.43064282262	0.580473658772	0.411309811503	0.563073948768	0.542290961817	0.894635089415	0.608989850169	0.567423876269	0.457225712905	0.446592556791	0.946350894152	0.774287095215	0.629772837119	0.546157564041	0.495891735138	0.488641855969	0.916384726921	0.600289995167	0.442725954567	0.478492025133	0.53697438376	0.579507008217	0.546157564041	0.508458192363	0.44900918318	0.497341710971	0.623972933784	0.56935717738	0.0	0.455292411793	0.448042532624	0.591106814886	0.522474625423	0.716771387144	0.669888835186	0.548090865152	0.4813919768	0.473175447076	0.617206379894	0.574673755437	0.620106331561	0.594490091832	0.560657322378	0.603673272112	0.506041565974	0.46979217013	0.503624939584	0.502658289029	0.555824069599	0.589173513775	0.582890285162	0.568390526825	0.506041565974	0.548090865152
AC6	0.62493958434	0.504108264862	0.949250845819	0.634122764621	0.577573707105	0.511841469309	0.537941034316	0.472692121798	0.51377477042	0.472692121798	0.549540840986	0.534557757371	0.553407443209	0.864668922185	0.537941034316	0.574673755437	0.574673755437	0.554374093765	0.922667955534	0.748187530208	0.642822619623	0.576123731271	0.591590140164	0.582890285162	0.90043499275	0.600289995167	0.536491058482	0.542774287095	0.565007249879	0.581923634606	0.646205896568	0.594490091832	0.459159014016	0.492025132914	0.664572257129	0.58095698405	0.455292411793	0.0	0.515224746254	0.529724504592	0.512324794587	0.491541807637	0.445142580957	0.422909618173	0.55775737071	0.547124214596	0.685355244079	0.635572740454	0.655872402127	0.641855969067	0.62493958434	0.665538907685	0.586273562107	0.563073948768	0.593523441276	0.585306911551	0.565007249879	0.649589173514	0.587240212663	0.615273078782	0.556307394877	0.610439826003
AD6	0.595940067666	0.526341227646	0.971967133881	0.6389560174	0.600289995167	0.424842919285	0.625422909618	0.449975833736	0.444659255679	0.541324311261	0.457225712905	0.524891251812	0.523441275979	0.892218463026	0.577573707105	0.535041082649	0.49299178347	0.475108748188	0.954567423876	0.776220396327	0.623489608507	0.551474142098	0.545674238763	0.544224262929	0.917834702755	0.608506524891	0.502174963751	0.514741420976	0.549057515708	0.579990333494	0.606089898502	0.536491058482	0.459642339294	0.462058965684	0.624456259062	0.554857419043	0.448042532624	0.515224746254	0.0	0.563073948768	0.425809569841	0.705171580474	0.666988883519	0.53697438376	0.47462542291	0.456742387627	0.613823102948	0.561623972934	0.591590140164	0.577573707105	0.551474142098	0.59255679072	0.473658772354	0.462058965684	0.487191880135	0.488641855969	0.536491058482	0.577573707105	0.553890768487	0.558724021266	0.482841952634	0.545190913485
AE5	0.631706138231	0.526824552924	0.972933784437	0.628806186564	0.535041082649	0.556790720155	0.590623489609	0.545674238763	0.605123247946	0.534074432093	0.619623006283	0.497825036249	0.561623972934	0.889318511358	0.55099081682	0.572740454326	0.605606573224	0.598356694055	0.918801353311	0.746254229096	0.73610439826	0.651039149348	0.654905751571	0.654422426293	0.869502174964	0.661188980184	0.616723054616	0.620589656839	0.64813919768	0.670855485742	0.675688738521	0.621072982117	0.56259062349	0.586273562107	0.617206379894	0.557274045433	0.591106814886	0.529724504592	0.563073948768	0.0	0.368293861769	0.61333977767	0.590140164331	0.518124697922	0.632672788787	0.623972933784	0.651039149348	0.610923151281	0.626872885452	0.597873368777	0.618656355727	0.6389560174	0.550507491542	0.567423876269	0.598840019333	0.557274045433	0.555824069599	0.616723054616	0.563557274045	0.596423392943	0.579507008217	0.599323344611
AE6	0.601256645723	0.479458675689	0.971483808603	0.629289511841	0.545674238763	0.476558724021	0.579023682939	0.471242145964	0.517641372644	0.51619139681	0.532141130981	0.490575157081	0.51377477042	0.887868535524	0.545190913485	0.530691155147	0.560657322378	0.53697438376	0.941517641373	0.762203963267	0.681971967134	0.603673272112	0.612373127115	0.614306428226	0.895118414693	0.637989366844	0.557274045433	0.567907201547	0.599323344611	0.629289511841	0.650072498792	0.588206863219	0.483325277912	0.502658289029	0.596906718221	0.528274528758	0.522474625423	0.512324794587	0.425809569841	0.368293861769	0.0	0.65055582407	0.610439826003	0.493958434026	0.550024166264	0.537457709038	0.626872885452	0.574190430159	0.589656839053	0.575640405993	0.577090381827	0.610923151281	0.487191880135	0.487191880135	0.515708071532	0.48622522958	0.528757854036	0.594490091832	0.537457709038	0.571290478492	0.519574673755	0.561140647656
AF5	0.718221362977	0.625422909618	0.937651039149	0.678105364911	0.654905751571	0.681971967134	0.559690671822	0.64813919768	0.690188496858	0.593523441276	0.72692121798	0.621072982117	0.687288545191	0.857419043016	0.608023199613	0.685838569357	0.728371193813	0.720154664089	0.871918801353	0.732721121315	0.721121314645	0.680038666022	0.725954567424	0.724987916868	0.878685355244	0.700338327695	0.709521507975	0.68970517158	0.679072015466	0.681488641856	0.767520541324	0.727404543258	0.637506041566	0.667472208797	0.732721121315	0.670855485742	0.716771387144	0.491541807637	0.705171580474	0.61333977767	0.65055582407	0.0	0.276945384244	0.545190913485	0.731754470759	0.718704688255	0.768970517158	0.730304494925	0.72692121798	0.709521507975	0.737071048816	0.754470758821	0.707104881585	0.722087965201	0.734654422426	0.715804736588	0.686321894635	0.737071048816	0.677622039633	0.695021749638	0.718221362977	0.725471242146
AF6	0.691155147414	0.591106814886	0.933784436926	0.665538907685	0.641855969067	0.64813919768	0.542774287095	0.607539874335	0.655872402127	0.558724021266	0.691638472692	0.601256645723	0.653939101015	0.849202513291	0.571290478492	0.651522474625	0.695021749638	0.691638472692	0.882068632189	0.719671338811	0.699371677139	0.653939101015	0.687771870469	0.687288545191	0.877718704688	0.666988883519	0.674238762687	0.658772353794	0.643789270179	0.654422426293	0.737554374094	0.696955050749	0.596906718221	0.62735621073	0.723537941034	0.65055582407	0.669888835186	0.445142580957	0.666988883519	0.590140164331	0.610439826003	0.276945384244	0.0	0.513291445143	0.697921701305	0.683421942968	0.752537457709	0.717738037699	0.722571290478	0.701788303528	0.704688255196	0.743837602707	0.674238762687	0.684388593523	0.697921701305	0.678588690188	0.643789270179	0.729821169647	0.637989366844	0.686321894635	0.683905268246	0.691638472692
