	AA3	AA4	AB3	AB4	AC3	AC4	AD3	AD4	AE3	AE4	AF3	AF4	AG3	AG4	AH3	AH4	AA7	AA8	AB7	AB8	AC7	AC8	AD7	AD8	AE7	AE8	AF7	AF8	AG7	AG8	AH7	AH8	AA5	AA6	AB5	AB6	AC5	AC6	AD6	AE5	AE6	AF5	AF6	AG5	AH5	AH6	AA1	AA2	AB1	AB2	AC1	AC2	AD1	AD2	AE1	AE2	AF1	AF2	AG1	AG2	AH1	AH2
AA3	0.0	0.487191880135	0.934751087482	0.637022716288	0.648622522958	0.574190430159	0.67133881102	0.589656839053	0.570323827936	0.633156114065	0.602223296278	0.59497341711	0.574190430159	0.844369260512	0.660222329628	0.336394393427	0.570807153214	0.567423876269	0.866118898018	0.720154664089	0.627839536008	0.565007249879	0.588206863219	0.59255679072	0.829386176897	0.589173513775	0.564523924601	0.558724021266	0.579507008217	0.573223779604	0.59255679072	0.56259062349	0.584340260996	0.596906718221	0.736587723538	0.692605123248	0.603189946834	0.620589656839	0.584340260996	0.612856452392	0.597873368777	0.71290478492	0.699371677139	0.614306428226	0.62735621073	0.617206379894	0.681005316578	0.644755920735	0.711454809087	0.666988883519	0.65055582407	0.666988883519	0.567907201547	0.574673755437	0.566940550991	0.552440792653	0.588206863219	0.653939101015	0.589173513775	0.661188980184	0.58337361044	0.644272595457
AA4	0.487191880135	0.0	0.944900918318	0.585306911551	0.569840502658	0.493475108748	0.59255679072	0.480908651522	0.500724987917	0.539874335428	0.555824069599	0.507974867086	0.46979217013	0.851135814403	0.402609956501	0.37264378927	0.532624456259	0.531657805703	0.895601739971	0.728371193813	0.652972450459	0.565973900435	0.565007249879	0.582406959884	0.868535524408	0.609956500725	0.546640889319	0.556307394877	0.592073465442	0.605123247946	0.622039632673	0.576123731271	0.503624939584	0.510391493475	0.655389076849	0.595940067666	0.55775737071	0.518124697922	0.533591106815	0.517158047366	0.488641855969	0.626389560174	0.601256645723	0.521991300145	0.585306911551	0.550024166264	0.657805703238	0.587240212663	0.634606089899	0.607539874335	0.61575640406	0.625422909618	0.528274528758	0.524891251812	0.52537457709	0.514741420976	0.4813919768	0.619139681005	0.515224746254	0.593040115998	0.528757854036	0.582406959884
AB3	0.934751087482	0.944900918318	0.0	0.672305461576	0.920251329145	0.952634122765	0.952150797487	0.943934267762	0.934751087482	0.951667472209	0.968100531658	0.933301111648	0.961817303045	0.354760753987	0.959884001933	0.939101014983	0.968100531658	0.965683905268	0.731754470759	0.742870952151	0.898018366361	0.91203479942	0.955534074432	0.9584340261	0.851619139681	0.901401643306	0.940550990817	0.939101014983	0.854519091348	0.836152730788	0.95360077332	0.954084098598	0.957950700822	0.9584340261	0.971483808603	0.96520057999	0.971967133881	0.947317544708	0.971967133881	0.971000483325	0.971483808603	0.934267762204	0.93281778637	0.946350894152	0.975833736104	0.967133881102	0.971483808603	0.970033832769	0.966650555824	0.970033832769	0.974383760271	0.96761720638	0.971967133881	0.971000483325	0.977767037216	0.971483808603	0.970033832769	0.970033832769	0.968583856936	0.972450459159	0.970033832769	0.970517158047
AB4	0.637022716288	0.585306911551	0.672305461576	0.0	0.636056065732	0.60657322378	0.687288545191	0.61575640406	0.618656355727	0.637506041566	0.636056065732	0.606089898502	0.483325277912	0.551957467376	0.605123247946	0.594490091832	0.640889318511	0.63653939101	0.739004349928	0.583856935718	0.670855485742	0.617206379894	0.64813919768	0.654422426293	0.807153214113	0.647172547124	0.647655872402	0.644755920735	0.567907201547	0.595456742388	0.695505074915	0.655389076849	0.643305944901	0.652005799903	0.721121314645	0.676172063799	0.647172547124	0.632672788787	0.627839536008	0.632189463509	0.624456259062	0.666505558241	0.663122281295	0.631222812953	0.690671822136	0.670855485742	0.693571773804	0.656839052682	0.694055099082	0.674722087965	0.672305461576	0.663122281295	0.632189463509	0.643789270179	0.655872402127	0.635572740454	0.641855969067	0.667472208797	0.638472692122	0.662638956017	0.64572257129	0.655389076849
AC3	0.648622522958	0.569840502658	0.920251329145	0.636056065732	0.0	0.499275012083	0.643789270179	0.571290478492	0.56935717738	0.598840019333	0.607056549058	0.330111164814	0.583856935718	0.829386176897	0.606089898502	0.608506524891	0.637506041566	0.60657322378	0.871918801353	0.759787336878	0.739971000483	0.680038666022	0.708554857419	0.721604639923	0.839052682455	0.68293861769	0.664088931851	0.690671822136	0.679072015466	0.699371677139	0.711454809087	0.685355244079	0.608023199613	0.616239729338	0.623489608507	0.576607056549	0.626872885452	0.585790236829	0.577090381827	0.549540840986	0.544224262929	0.653939101015	0.647172547124	0.56259062349	0.649589173514	0.634606089899	0.588690188497	0.577090381827	0.586756887385	0.588206863219	0.595940067666	0.591590140164	0.53697438376	0.579507008217	0.580473658772	0.554374093765	0.61575640406	0.572257129048	0.622039632673	0.593523441276	0.622522957951	0.587240212663
AC4	0.574190430159	0.493475108748	0.952634122765	0.60657322378	0.499275012083	0.0	0.619139681005	0.408409859836	0.382310294828	0.522474625423	0.320927984534	0.396810053166	0.490091831803	0.85886901885	0.565490575157	0.531174480425	0.468825519575	0.44900918318	0.933784436926	0.757854035766	0.586756887385	0.501691638473	0.492025132914	0.497825036249	0.896568390527	0.601256645723	0.476558724021	0.506524891252	0.526824552924	0.564040599323	0.565007249879	0.515708071532	0.432092798453	0.444175930401	0.63653939101	0.570323827936	0.450942484292	0.502658289029	0.405509908168	0.542290961817	0.477042049299	0.679072015466	0.649589173514	0.49299178347	0.486708554857	0.475108748188	0.638472692122	0.568390526825	0.601739971	0.588690188497	0.590623489609	0.60657322378	0.491058482359	0.512808119865	0.507974867086	0.491541807637	0.529724504592	0.606089898502	0.543257612373	0.570807153214	0.477042049299	0.568873852102
AD3	0.67133881102	0.59255679072	0.952150797487	0.687288545191	0.643789270179	0.619139681005	0.0	0.532141130981	0.635572740454	0.369260512325	0.672788786854	0.599323344611	0.639439342678	0.861768970517	0.602706621556	0.642822619623	0.681488641856	0.683905268246	0.935717738038	0.770420492992	0.720637989367	0.691638472692	0.690671822136	0.689221846303	0.911068148864	0.684388593523	0.697438376027	0.693571773804	0.683421942968	0.674238762687	0.716288061866	0.689221846303	0.629289511841	0.652005799903	0.739971000483	0.672788786854	0.671822136298	0.542290961817	0.632672788787	0.579990333494	0.584340260996	0.557274045433	0.546640889319	0.554857419043	0.702271628806	0.677138714355	0.775253745771	0.709521507975	0.733204446593	0.724987916868	0.716288061866	0.730787820203	0.656355727405	0.664088931851	0.668438859352	0.653939101015	0.629289511841	0.722571290478	0.642822619623	0.698405026583	0.692605123248	0.708071532141
AD4	0.589656839053	0.480908651522	0.943934267762	0.61575640406	0.571290478492	0.408409859836	0.532141130981	0.0	0.320444659256	0.407926534558	0.429676172064	0.499275012083	0.500241662639	0.851619139681	0.552924117931	0.533107781537	0.44900918318	0.43064282262	0.941034316095	0.768003866602	0.58095698405	0.491541807637	0.476075398743	0.489608506525	0.905268245529	0.614306428226	0.440309328178	0.46302561624	0.503624939584	0.562107298212	0.536007733204	0.49299178347	0.394876752054	0.44224262929	0.666022232963	0.587723537941	0.443692605123	0.464958917351	0.447559207347	0.537941034316	0.477525374577	0.639439342678	0.614306428226	0.467375543741	0.53020782987	0.491541807637	0.683421942968	0.616239729338	0.655389076849	0.642339294345	0.632189463509	0.647172547124	0.531174480425	0.54857419043	0.545190913485	0.525857902368	0.524891251812	0.651039149348	0.554857419043	0.623006283229	0.499275012083	0.608506524891
AE3	0.570323827936	0.500724987917	0.934751087482	0.618656355727	0.56935717738	0.382310294828	0.635572740454	0.320444659256	0.0	0.512324794587	0.409376510391	0.495891735138	0.506041565974	0.847752537458	0.576607056549	0.531174480425	0.452392460126	0.43064282262	0.93281778637	0.759787336878	0.562107298212	0.46979217013	0.473175447076	0.485741904302	0.896568390527	0.602223296278	0.436442725955	0.469308844853	0.489125181247	0.552924117931	0.547124214596	0.496375060416	0.411309811503	0.442725954567	0.659255679072	0.598840019333	0.437892701788	0.507974867086	0.443209279845	0.586756887385	0.528757854036	0.681005316578	0.654905751571	0.506524891252	0.508941517641	0.47220879652	0.66892218463	0.603189946834	0.635572740454	0.623972933784	0.61575640406	0.637022716288	0.524891251812	0.537941034316	0.534074432093	0.521024649589	0.540357660706	0.637989366844	0.565490575157	0.605606573224	0.487191880135	0.594006766554
AE4	0.633156114065	0.539874335428	0.951667472209	0.637506041566	0.598840019333	0.522474625423	0.369260512325	0.407926534558	0.512324794587	0.0	0.57177380377	0.548090865152	0.576123731271	0.857902368294	0.573707104882	0.586756887385	0.581923634606	0.589656839053	0.946350894152	0.766070565491	0.664088931851	0.587723537941	0.586273562107	0.591590140164	0.911068148864	0.61333977767	0.590140164331	0.584340260996	0.58337361044	0.599806669889	0.631706138231	0.601256645723	0.535041082649	0.552924117931	0.691638472692	0.617689705172	0.570323827936	0.455775737071	0.532624456259	0.528274528758	0.536491058482	0.583856935718	0.560657322378	0.490575157081	0.602706621556	0.587240212663	0.721121314645	0.666988883519	0.700338327695	0.684871918801	0.68293861769	0.696955050749	0.614789753504	0.615273078782	0.616723054616	0.609956500725	0.591106814886	0.68970517158	0.60415659739	0.673755437409	0.591106814886	0.667955534074
AF3	0.602223296278	0.555824069599	0.968100531658	0.636056065732	0.607056549058	0.320927984534	0.672788786854	0.429676172064	0.409376510391	0.57177380377	0.0	0.50700821653	0.524407926535	0.875785403577	0.614306428226	0.576123731271	0.448042532624	0.418559690672	0.951667472209	0.780570323828	0.603673272112	0.514741420976	0.440309328178	0.45142580957	0.915901401643	0.622039632673	0.439342677622	0.489125181247	0.525857902368	0.589656839053	0.529724504592	0.509424842919	0.443209279845	0.481875302078	0.65973900435	0.616239729338	0.401643305945	0.533591106815	0.436442725955	0.594006766554	0.536007733204	0.713388110198	0.686805219913	0.534074432093	0.500241662639	0.491541807637	0.665538907685	0.59497341711	0.647655872402	0.614306428226	0.612373127115	0.626872885452	0.528274528758	0.532624456259	0.528757854036	0.519574673755	0.573223779604	0.632672788787	0.587240212663	0.597390043499	0.49299178347	0.591106814886
AF4	0.59497341711	0.507974867086	0.933301111648	0.606089898502	0.330111164814	0.396810053166	0.599323344611	0.499275012083	0.495891735138	0.548090865152	0.50700821653	0.0	0.526341227646	0.837119381344	0.55775737071	0.551474142098	0.572740454326	0.542774287095	0.885451909135	0.728854519091	0.693571773804	0.620589656839	0.636056065732	0.647655872402	0.842919284679	0.623006283229	0.596423392943	0.620589656839	0.621072982117	0.635089415176	0.648622522958	0.611406476559	0.540357660706	0.547124214596	0.60657322378	0.531174480425	0.556790720155	0.532141130981	0.506524891252	0.498791686805	0.493475108748	0.628806186564	0.61575640406	0.506524891252	0.576123731271	0.559207346544	0.594490091832	0.526824552924	0.566457225713	0.54857419043	0.55099081682	0.563557274045	0.489125181247	0.509424842919	0.521024649589	0.499275012083	0.555824069599	0.567907201547	0.562107298212	0.537457709038	0.55775737071	0.531657805703
AG3	0.574190430159	0.46979217013	0.961817303045	0.483325277912	0.583856935718	0.490091831803	0.639439342678	0.500241662639	0.506041565974	0.576123731271	0.524407926535	0.526341227646	0.0	0.839052682455	0.537941034316	0.500724987917	0.513291445143	0.48380860319	0.925084581924	0.760270662156	0.661672305462	0.584340260996	0.565973900435	0.594490091832	0.873852102465	0.624456259062	0.544224262929	0.573707104882	0.600289995167	0.619623006283	0.620106331561	0.564040599323	0.520057999033	0.519574673755	0.658289028516	0.614306428226	0.53697438376	0.541324311261	0.502174963751	0.557274045433	0.500724987917	0.672305461576	0.647655872402	0.538907684872	0.581440309328	0.53939101015	0.610439826003	0.569840502658	0.621072982117	0.60657322378	0.584823586274	0.585306911551	0.504108264862	0.521507974867	0.521507974867	0.509424842919	0.524407926535	0.595456742388	0.547124214596	0.590623489609	0.501691638473	0.56935717738
AG4	0.844369260512	0.851135814403	0.354760753987	0.551957467376	0.829386176897	0.85886901885	0.861768970517	0.851619139681	0.847752537458	0.857902368294	0.875785403577	0.837119381344	0.839052682455	0.0	0.866602223296	0.845335911068	0.883035282745	0.881585306912	0.705171580474	0.658289028516	0.812953117448	0.825036249396	0.868535524408	0.869985500242	0.825519574674	0.817786370227	0.852585790237	0.849685838569	0.766070565491	0.74528757854	0.875785403577	0.864668922185	0.869985500242	0.869985500242	0.893185113581	0.884001933301	0.882068632189	0.850652489125	0.876752054132	0.876268728855	0.873852102465	0.840985983567	0.840985983567	0.855969067182	0.88883518608	0.880135331078	0.876752054132	0.875302078299	0.877718704688	0.876752054132	0.886418559691	0.877718704688	0.882551957467	0.880618656356	0.889801836636	0.882068632189	0.879168680522	0.882068632189	0.877718704688	0.880135331078	0.881101981634	0.883035282745
AH3	0.660222329628	0.402609956501	0.959884001933	0.605123247946	0.606089898502	0.565490575157	0.602706621556	0.552924117931	0.576607056549	0.573707104882	0.614306428226	0.55775737071	0.537941034316	0.866602223296	0.0	0.541807636539	0.597873368777	0.612373127115	0.932334461092	0.77090381827	0.711938134364	0.644755920735	0.633639439343	0.649105848236	0.902368293862	0.693571773804	0.641372643789	0.644272595457	0.661672305462	0.681971967134	0.696955050749	0.649589173514	0.54857419043	0.578540357661	0.711938134364	0.644755920735	0.632672788787	0.564040599323	0.607056549058	0.554374093765	0.565973900435	0.602223296278	0.579507008217	0.572257129048	0.662155630739	0.625906234896	0.706138231029	0.631222812953	0.660705654906	0.657805703238	0.65732237796	0.672305461576	0.603189946834	0.616239729338	0.608989850169	0.602706621556	0.574673755437	0.670372160464	0.570323827936	0.63653939101	0.602223296278	0.625422909618
AH4	0.336394393427	0.37264378927	0.939101014983	0.594490091832	0.608506524891	0.531174480425	0.642822619623	0.533107781537	0.531174480425	0.586756887385	0.576123731271	0.551474142098	0.500724987917	0.845335911068	0.541807636539	0.0	0.529724504592	0.538424359594	0.883035282745	0.730304494925	0.641372643789	0.562107298212	0.57177380377	0.583856935718	0.850169163847	0.601739971	0.557274045433	0.551957467376	0.579507008217	0.592073465442	0.602223296278	0.5601739971	0.54857419043	0.556790720155	0.699855002417	0.648622522958	0.588690188497	0.585306911551	0.550024166264	0.569840502658	0.537941034316	0.675688738521	0.658772353794	0.579990333494	0.61575640406	0.578540357661	0.661672305462	0.607056549058	0.667472208797	0.628322861286	0.619623006283	0.632189463509	0.539874335428	0.545190913485	0.535524407927	0.525857902368	0.522957950701	0.625906234896	0.536491058482	0.619139681005	0.543740937651	0.605606573224
AA7	0.570807153214	0.532624456259	0.968100531658	0.640889318511	0.637506041566	0.468825519575	0.681488641856	0.44900918318	0.452392460126	0.581923634606	0.448042532624	0.572740454326	0.513291445143	0.883035282745	0.597873368777	0.529724504592	0.0	0.304494925085	0.920251329145	0.772353794103	0.584340260996	0.498308361527	0.456742387627	0.485258579024	0.875302078299	0.600773320445	0.447075882069	0.456742387627	0.523441275979	0.584340260996	0.512808119865	0.421459642339	0.443209279845	0.490575157081	0.712421459642	0.669405509908	0.472692121798	0.559207346544	0.488158530691	0.593523441276	0.559207346544	0.713871435476	0.690671822136	0.567907201547	0.55775737071	0.525857902368	0.684871918801	0.624456259062	0.681971967134	0.655872402127	0.623489608507	0.643789270179	0.541324311261	0.559207346544	0.552440792653	0.526824552924	0.537941034316	0.643789270179	0.549057515708	0.642339294345	0.490575157081	0.624456259062
AA8	0.567423876269	0.531657805703	0.965683905268	0.63653939101	0.60657322378	0.44900918318	0.683905268246	0.43064282262	0.43064282262	0.589656839053	0.418559690672	0.542774287095	0.48380860319	0.881585306912	0.612373127115	0.538424359594	0.304494925085	0.0	0.917351377477	0.77090381827	0.586273562107	0.489608506525	0.452392460126	0.482358627356	0.861285645239	0.586756887385	0.425326244563	0.453359110681	0.521991300145	0.578540357661	0.468825519575	0.387143547608	0.43740937651	0.482358627356	0.693571773804	0.651039149348	0.447075882069	0.544707588207	0.463992266796	0.588206863219	0.537457709038	0.721121314645	0.697921701305	0.546640889319	0.535524407927	0.499758337361	0.652005799903	0.590623489609	0.663605606573	0.626389560174	0.594490091832	0.617689705172	0.508941517641	0.53020782987	0.521991300145	0.499275012083	0.542774287095	0.611406476559	0.555340744321	0.615273078782	0.470758820686	0.596423392943
AB7	0.866118898018	0.895601739971	0.731754470759	0.739004349928	0.871918801353	0.933784436926	0.935717738038	0.941034316095	0.93281778637	0.946350894152	0.951667472209	0.885451909135	0.925084581924	0.705171580474	0.932334461092	0.883035282745	0.920251329145	0.917351377477	0.0	0.401643305945	0.821169647173	0.835186080232	0.921701304978	0.93281778637	0.740454325761	0.816819719671	0.891735137748	0.874335427743	0.750604156597	0.703238279362	0.884001933301	0.890285161914	0.924117931368	0.939584340261	0.941517641373	0.942967617206	0.950217496375	0.918318028033	0.945384243596	0.927501208313	0.934751087482	0.877718704688	0.873368777187	0.90285161914	0.960367327211	0.951667472209	0.927501208313	0.92363460609	0.93523441276	0.936201063316	0.928951184147	0.920734654422	0.915901401643	0.923151280812	0.913968100532	0.912518124698	0.933301111648	0.918318028033	0.924601256646	0.936201063316	0.948284195263	0.935717738038
AB8	0.720154664089	0.728371193813	0.742870952151	0.583856935718	0.759787336878	0.757854035766	0.770420492992	0.768003866602	0.759787336878	0.766070565491	0.780570323828	0.728854519091	0.760270662156	0.658289028516	0.77090381827	0.730304494925	0.772353794103	0.77090381827	0.401643305945	0.0	0.659255679072	0.666505558241	0.743354277429	0.749637506042	0.736587723538	0.662638956017	0.714838086032	0.698405026583	0.545674238763	0.509424842919	0.740454325761	0.732237796037	0.760753987434	0.767520541324	0.802803286612	0.775253745771	0.776703721605	0.746254229096	0.766070565491	0.764620589657	0.760270662156	0.731271145481	0.721121314645	0.731754470759	0.794586756887	0.785886901885	0.82648622523	0.767520541324	0.807153214113	0.77767037216	0.78250362494	0.79168680522	0.768003866602	0.764620589657	0.77090381827	0.762203963267	0.762687288545	0.787820202997	0.764137264379	0.773320444659	0.782986950217	0.772837119381
AC7	0.627839536008	0.652972450459	0.898018366361	0.670855485742	0.739971000483	0.586756887385	0.720637989367	0.58095698405	0.562107298212	0.664088931851	0.603673272112	0.693571773804	0.661672305462	0.812953117448	0.711938134364	0.641372643789	0.584340260996	0.586273562107	0.821169647173	0.659255679072	0.0	0.35427742871	0.561140647656	0.572740454326	0.828419526341	0.601739971	0.52779120348	0.51619139681	0.488641855969	0.498791686805	0.575157080715	0.545674238763	0.56259062349	0.599323344611	0.811986466892	0.768970517158	0.630256162397	0.637506041566	0.616723054616	0.716771387144	0.681488641856	0.728854519091	0.709038182697	0.635089415176	0.647172547124	0.620589656839	0.823586273562	0.765587240213	0.805219913001	0.79168680522	0.759787336878	0.785886901885	0.690671822136	0.693571773804	0.685838569357	0.675205413243	0.671822136298	0.78927017883	0.679072015466	0.765103914935	0.610923151281	0.761237312711
AC8	0.565007249879	0.565973900435	0.91203479942	0.617206379894	0.680038666022	0.501691638473	0.691638472692	0.491541807637	0.46979217013	0.587723537941	0.514741420976	0.620589656839	0.584340260996	0.825036249396	0.644755920735	0.562107298212	0.498308361527	0.489608506525	0.835186080232	0.666505558241	0.35427742871	0.0	0.460125664572	0.48622522958	0.840019333011	0.554857419043	0.38666022233	0.368777187047	0.432576123731	0.475108748188	0.519574673755	0.471242145964	0.462542290962	0.512324794587	0.722571290478	0.681488641856	0.534557757371	0.554374093765	0.529724504592	0.630739487675	0.602223296278	0.673755437409	0.643305944901	0.554857419043	0.574673755437	0.547607539874	0.732721121315	0.669888835186	0.725954567424	0.702754954084	0.674238762687	0.69212179797	0.599323344611	0.602223296278	0.600773320445	0.586273562107	0.579023682939	0.697921701305	0.594006766554	0.681971967134	0.528274528758	0.665538907685
AD7	0.588206863219	0.565007249879	0.955534074432	0.64813919768	0.708554857419	0.492025132914	0.690671822136	0.476075398743	0.473175447076	0.586273562107	0.440309328178	0.636056065732	0.565973900435	0.868535524408	0.633639439343	0.57177380377	0.456742387627	0.452392460126	0.921701304978	0.743354277429	0.561140647656	0.460125664572	0.0	0.290961817303	0.8796520058	0.507491541808	0.397776703722	0.41662638956	0.486708554857	0.545190913485	0.500724987917	0.461092315128	0.467858869019	0.507491541808	0.727404543258	0.675688738521	0.478492025133	0.558724021266	0.521024649589	0.626872885452	0.594490091832	0.710004833253	0.684871918801	0.564040599323	0.559690671822	0.536491058482	0.734171097148	0.663605606573	0.720154664089	0.699371677139	0.669888835186	0.688255195747	0.600289995167	0.599806669889	0.592073465442	0.587723537941	0.570807153214	0.692605123248	0.584823586274	0.679072015466	0.532141130981	0.658772353794
AD8	0.59255679072	0.582406959884	0.9584340261	0.654422426293	0.721604639923	0.497825036249	0.689221846303	0.489608506525	0.485741904302	0.591590140164	0.45142580957	0.647655872402	0.594490091832	0.869985500242	0.649105848236	0.583856935718	0.485258579024	0.482358627356	0.93281778637	0.749637506042	0.572740454326	0.48622522958	0.290961817303	0.0	0.874818753021	0.500724987917	0.423392943451	0.450942484292	0.488158530691	0.546157564041	0.500724987917	0.4813919768	0.500241662639	0.540357660706	0.743837602707	0.69453842436	0.492508458192	0.582890285162	0.538424359594	0.644755920735	0.606089898502	0.720154664089	0.698888351861	0.590140164331	0.57177380377	0.56259062349	0.748187530208	0.675205413243	0.731271145481	0.710971483809	0.681005316578	0.700338327695	0.610923151281	0.608989850169	0.601256645723	0.599323344611	0.603189946834	0.705171580474	0.609473175447	0.690671822136	0.55775737071	0.673272112131
AE7	0.829386176897	0.868535524408	0.851619139681	0.807153214113	0.839052682455	0.896568390527	0.911068148864	0.905268245529	0.896568390527	0.911068148864	0.915901401643	0.842919284679	0.873852102465	0.825519574674	0.902368293862	0.850169163847	0.875302078299	0.861285645239	0.740454325761	0.736587723538	0.828419526341	0.840019333011	0.8796520058	0.874818753021	0.0	0.546157564041	0.866118898018	0.858385693572	0.768003866602	0.768003866602	0.838086031899	0.837119381344	0.899468342194	0.907684871919	0.926534557757	0.922667955534	0.916868052199	0.896085065249	0.907684871919	0.873368777187	0.892701788304	0.876752054132	0.880135331078	0.870952150797	0.930401159981	0.92363460609	0.893668438859	0.899951667472	0.911551474142	0.899468342194	0.906234896085	0.894635089415	0.896568390527	0.899951667472	0.906234896085	0.88883518608	0.908651522475	0.888351860802	0.904784920251	0.906234896085	0.91445142581	0.90285161914
AE8	0.589173513775	0.609956500725	0.901401643306	0.647172547124	0.68293861769	0.601256645723	0.684388593523	0.614306428226	0.602223296278	0.61333977767	0.622039632673	0.623006283229	0.624456259062	0.817786370227	0.693571773804	0.601739971	0.600773320445	0.586756887385	0.816819719671	0.662638956017	0.601739971	0.554857419043	0.507491541808	0.500724987917	0.546157564041	0.0	0.571290478492	0.563073948768	0.524407926535	0.526341227646	0.57177380377	0.553407443209	0.608989850169	0.616723054616	0.75688738521	0.712421459642	0.62493958434	0.601739971	0.617689705172	0.649589173514	0.633639439343	0.69453842436	0.674238762687	0.59255679072	0.635089415176	0.63653939101	0.748187530208	0.68970517158	0.755920734654	0.714838086032	0.698405026583	0.717254712421	0.654422426293	0.638472692122	0.646689221846	0.646205896568	0.652972450459	0.710971483809	0.660705654906	0.706621556307	0.619623006283	0.690671822136
AF7	0.564523924601	0.546640889319	0.940550990817	0.647655872402	0.664088931851	0.476558724021	0.697438376027	0.440309328178	0.436442725955	0.590140164331	0.439342677622	0.596423392943	0.544224262929	0.852585790237	0.641372643789	0.557274045433	0.447075882069	0.425326244563	0.891735137748	0.714838086032	0.52779120348	0.38666022233	0.397776703722	0.423392943451	0.866118898018	0.571290478492	0.0	0.309811503142	0.470275495408	0.523441275979	0.479458675689	0.470275495408	0.431609473175	0.482841952634	0.693571773804	0.650072498792	0.451909134848	0.537941034316	0.489608506525	0.605123247946	0.563557274045	0.698405026583	0.67133881102	0.540840985984	0.542290961817	0.518124697922	0.690671822136	0.629772837119	0.692605123248	0.672305461576	0.63653939101	0.651039149348	0.566457225713	0.565490575157	0.563073948768	0.553890768487	0.555824069599	0.652972450459	0.577090381827	0.647655872402	0.482358627356	0.625422909618
AF8	0.558724021266	0.556307394877	0.939101014983	0.644755920735	0.690671822136	0.506524891252	0.693571773804	0.46302561624	0.469308844853	0.584340260996	0.489125181247	0.620589656839	0.573707104882	0.849685838569	0.644272595457	0.551957467376	0.456742387627	0.453359110681	0.874335427743	0.698405026583	0.51619139681	0.368777187047	0.41662638956	0.450942484292	0.858385693572	0.563073948768	0.309811503142	0.0	0.46302561624	0.506524891252	0.501691638473	0.462058965684	0.460125664572	0.509908168197	0.717254712421	0.674238762687	0.491058482359	0.55099081682	0.516674722088	0.608506524891	0.579023682939	0.678588690188	0.64813919768	0.548090865152	0.567423876269	0.540840985984	0.706138231029	0.6389560174	0.713871435476	0.687771870469	0.652005799903	0.662155630739	0.58095698405	0.583856935718	0.577090381827	0.569840502658	0.556307394877	0.665538907685	0.56935717738	0.673272112131	0.500724987917	0.639922667956
AG7	0.579507008217	0.592073465442	0.854519091348	0.567907201547	0.679072015466	0.526824552924	0.683421942968	0.503624939584	0.489125181247	0.58337361044	0.525857902368	0.621072982117	0.600289995167	0.766070565491	0.661672305462	0.579507008217	0.523441275979	0.521991300145	0.750604156597	0.545674238763	0.488641855969	0.432576123731	0.486708554857	0.488158530691	0.768003866602	0.524407926535	0.470275495408	0.46302561624	0.0	0.316578057032	0.535524407927	0.499758337361	0.50459159014	0.551474142098	0.749637506042	0.699855002417	0.53020782987	0.558240695988	0.540357660706	0.641372643789	0.60657322378	0.66892218463	0.6389560174	0.557274045433	0.592073465442	0.584340260996	0.748187530208	0.676172063799	0.73368777187	0.710971483809	0.686321894635	0.709038182697	0.62493958434	0.619623006283	0.619139681005	0.610439826003	0.621556307395	0.71290478492	0.630256162397	0.688255195747	0.574673755437	0.671822136298
AG8	0.573223779604	0.605123247946	0.836152730788	0.595456742388	0.699371677139	0.564040599323	0.674238762687	0.562107298212	0.552924117931	0.599806669889	0.589656839053	0.635089415176	0.619623006283	0.74528757854	0.681971967134	0.592073465442	0.584340260996	0.578540357661	0.703238279362	0.509424842919	0.498791686805	0.475108748188	0.545190913485	0.546157564041	0.768003866602	0.526341227646	0.523441275979	0.506524891252	0.316578057032	0.0	0.570323827936	0.545190913485	0.565973900435	0.577573707105	0.763653939101	0.712421459642	0.581923634606	0.567423876269	0.574190430159	0.652489125181	0.619623006283	0.683905268246	0.655389076849	0.575640405993	0.609473175447	0.600289995167	0.766070565491	0.694055099082	0.752054132431	0.729821169647	0.705654905752	0.720154664089	0.638472692122	0.632672788787	0.63653939101	0.62493958434	0.636056065732	0.727887868536	0.648622522958	0.705171580474	0.596906718221	0.690671822136
AH7	0.59255679072	0.622039632673	0.95360077332	0.695505074915	0.711454809087	0.565007249879	0.716288061866	0.536007733204	0.547124214596	0.631706138231	0.529724504592	0.648622522958	0.620106331561	0.875785403577	0.696955050749	0.602223296278	0.512808119865	0.468825519575	0.884001933301	0.740454325761	0.575157080715	0.519574673755	0.500724987917	0.500724987917	0.838086031899	0.57177380377	0.479458675689	0.501691638473	0.535524407927	0.570323827936	0.0	0.327211213146	0.569840502658	0.610439826003	0.777187046883	0.73852102465	0.545674238763	0.640405993233	0.589656839053	0.655872402127	0.640405993233	0.763170613823	0.753020782987	0.639922667956	0.629772837119	0.629289511841	0.760753987434	0.713871435476	0.770420492992	0.736587723538	0.710971483809	0.731271145481	0.631222812953	0.646205896568	0.629289511841	0.625906234896	0.640405993233	0.732237796037	0.633639439343	0.720637989367	0.59497341711	0.718704688255
AH8	0.56259062349	0.576123731271	0.954084098598	0.655389076849	0.685355244079	0.515708071532	0.689221846303	0.49299178347	0.496375060416	0.601256645723	0.509424842919	0.611406476559	0.564040599323	0.864668922185	0.649589173514	0.5601739971	0.421459642339	0.387143547608	0.890285161914	0.732237796037	0.545674238763	0.471242145964	0.461092315128	0.4813919768	0.837119381344	0.553407443209	0.470275495408	0.462058965684	0.499758337361	0.545190913485	0.327211213146	0.0	0.502658289029	0.542774287095	0.751087481875	0.709521507975	0.525857902368	0.589173513775	0.537457709038	0.616239729338	0.596423392943	0.723537941034	0.708554857419	0.59255679072	0.595940067666	0.570807153214	0.72450459159	0.662638956017	0.731271145481	0.696471725471	0.664572257129	0.68293861769	0.591590140164	0.598840019333	0.590623489609	0.577090381827	0.584340260996	0.686805219913	0.587723537941	0.677622039633	0.537457709038	0.66892218463
AA5	0.584340260996	0.503624939584	0.957950700822	0.643305944901	0.608023199613	0.432092798453	0.629289511841	0.394876752054	0.411309811503	0.535041082649	0.443209279845	0.540357660706	0.520057999033	0.869985500242	0.54857419043	0.54857419043	0.443209279845	0.43740937651	0.924117931368	0.760753987434	0.56259062349	0.462542290962	0.467858869019	0.500241662639	0.899468342194	0.608989850169	0.431609473175	0.460125664572	0.50459159014	0.565973900435	0.569840502658	0.502658289029	0.0	0.333011116481	0.673755437409	0.594490091832	0.475592073465	0.450459159014	0.461092315128	0.543740937651	0.490091831803	0.620589656839	0.598356694055	0.466892218463	0.52537457709	0.474142097632	0.696471725471	0.634606089899	0.669405509908	0.652005799903	0.649589173514	0.66892218463	0.534557757371	0.567423876269	0.564523924601	0.539874335428	0.527307878202	0.659255679072	0.561140647656	0.622522957951	0.487191880135	0.620106331561
AA6	0.596906718221	0.510391493475	0.9584340261	0.652005799903	0.616239729338	0.444175930401	0.652005799903	0.44224262929	0.442725954567	0.552924117931	0.481875302078	0.547124214596	0.519574673755	0.869985500242	0.578540357661	0.556790720155	0.490575157081	0.482358627356	0.939584340261	0.767520541324	0.599323344611	0.512324794587	0.507491541808	0.540357660706	0.907684871919	0.616723054616	0.482841952634	0.509908168197	0.551474142098	0.577573707105	0.610439826003	0.542774287095	0.333011116481	0.0	0.659255679072	0.584340260996	0.496375060416	0.484775253746	0.46302561624	0.565490575157	0.502658289029	0.652489125181	0.623489608507	0.492025132914	0.448525857902	0.400676655389	0.679555340744	0.617689705172	0.655872402127	0.637989366844	0.626389560174	0.644272595457	0.52779120348	0.549540840986	0.545190913485	0.528274528758	0.541324311261	0.640889318511	0.569840502658	0.61333977767	0.495891735138	0.60415659739
AB5	0.736587723538	0.655389076849	0.971483808603	0.721121314645	0.623489608507	0.63653939101	0.739971000483	0.666022232963	0.659255679072	0.691638472692	0.65973900435	0.60657322378	0.658289028516	0.893185113581	0.711938134364	0.699855002417	0.712421459642	0.693571773804	0.941517641373	0.802803286612	0.811986466892	0.722571290478	0.727404543258	0.743837602707	0.926534557757	0.75688738521	0.693571773804	0.717254712421	0.749637506042	0.763653939101	0.777187046883	0.751087481875	0.673755437409	0.659255679072	0.0	0.336394393427	0.626389560174	0.656355727405	0.61575640406	0.626872885452	0.601739971	0.728854519091	0.722087965201	0.639439342678	0.630256162397	0.622039632673	0.630256162397	0.621072982117	0.643305944901	0.608989850169	0.626389560174	0.612373127115	0.597390043499	0.593040115998	0.600289995167	0.604639922668	0.653939101015	0.598840019333	0.660705654906	0.608989850169	0.675205413243	0.620106331561
AB6	0.692605123248	0.595940067666	0.96520057999	0.676172063799	0.576607056549	0.570323827936	0.672788786854	0.587723537941	0.598840019333	0.617689705172	0.616239729338	0.531174480425	0.614306428226	0.884001933301	0.644755920735	0.648622522958	0.669405509908	0.651039149348	0.942967617206	0.775253745771	0.768970517158	0.681488641856	0.675688738521	0.69453842436	0.922667955534	0.712421459642	0.650072498792	0.674238762687	0.699855002417	0.712421459642	0.73852102465	0.709521507975	0.594490091832	0.584340260996	0.336394393427	0.0	0.585306911551	0.588206863219	0.56935717738	0.56259062349	0.543257612373	0.669888835186	0.65973900435	0.552924117931	0.56259062349	0.559207346544	0.594490091832	0.546640889319	0.578057032383	0.561140647656	0.565007249879	0.570323827936	0.540840985984	0.543740937651	0.567907201547	0.568873852102	0.600289995167	0.553407443209	0.614306428226	0.544224262929	0.633156114065	0.545674238763
AC5	0.603189946834	0.55775737071	0.971967133881	0.647172547124	0.626872885452	0.450942484292	0.671822136298	0.443692605123	0.437892701788	0.570323827936	0.401643305945	0.556790720155	0.53697438376	0.882068632189	0.632672788787	0.588690188497	0.472692121798	0.447075882069	0.950217496375	0.776703721605	0.630256162397	0.534557757371	0.478492025133	0.492508458192	0.916868052199	0.62493958434	0.451909134848	0.491058482359	0.53020782987	0.581923634606	0.545674238763	0.525857902368	0.475592073465	0.496375060416	0.626389560174	0.585306911551	0.0	0.44900918318	0.432576123731	0.573707104882	0.524891251812	0.708554857419	0.670855485742	0.538424359594	0.488158530691	0.480908651522	0.622522957951	0.574190430159	0.635089415176	0.597873368777	0.587240212663	0.595940067666	0.512324794587	0.507491541808	0.50700821653	0.501691638473	0.571290478492	0.590623489609	0.582406959884	0.57177380377	0.516674722088	0.572257129048
AC6	0.620589656839	0.518124697922	0.947317544708	0.632672788787	0.585790236829	0.502658289029	0.542290961817	0.464958917351	0.507974867086	0.455775737071	0.533591106815	0.532141130981	0.541324311261	0.850652489125	0.564040599323	0.585306911551	0.559207346544	0.544707588207	0.918318028033	0.746254229096	0.637506041566	0.554374093765	0.558724021266	0.582890285162	0.896085065249	0.601739971	0.537941034316	0.55099081682	0.558240695988	0.567423876269	0.640405993233	0.589173513775	0.450459159014	0.484775253746	0.656355727405	0.588206863219	0.44900918318	0.0	0.50700821653	0.517158047366	0.506524891252	0.483325277912	0.457225712905	0.403576607057	0.550507491542	0.528757854036	0.675205413243	0.623489608507	0.656355727405	0.63653939101	0.637989366844	0.651522474625	0.570807153214	0.578540357661	0.578057032383	0.57177380377	0.556307394877	0.647172547124	0.572257129048	0.612856452392	0.542774287095	0.622039632673
AD6	0.584340260996	0.533591106815	0.971967133881	0.627839536008	0.577090381827	0.405509908168	0.632672788787	0.447559207347	0.443209279845	0.532624456259	0.436442725955	0.506524891252	0.502174963751	0.876752054132	0.607056549058	0.550024166264	0.488158530691	0.463992266796	0.945384243596	0.766070565491	0.616723054616	0.529724504592	0.521024649589	0.538424359594	0.907684871919	0.617689705172	0.489608506525	0.516674722088	0.540357660706	0.574190430159	0.589656839053	0.537457709038	0.461092315128	0.46302561624	0.61575640406	0.56935717738	0.432576123731	0.50700821653	0.0	0.529724504592	0.421459642339	0.695505074915	0.670372160464	0.517158047366	0.480425326245	0.46302561624	0.607056549058	0.547607539874	0.59497341711	0.567423876269	0.556307394877	0.572740454326	0.469308844853	0.475592073465	0.4813919768	0.467858869019	0.538424359594	0.575157080715	0.555340744321	0.562107298212	0.465925567907	0.543257612373
AE5	0.612856452392	0.517158047366	0.971000483325	0.632189463509	0.549540840986	0.542290961817	0.579990333494	0.537941034316	0.586756887385	0.528274528758	0.594006766554	0.498791686805	0.557274045433	0.876268728855	0.554374093765	0.569840502658	0.593523441276	0.588206863219	0.927501208313	0.764620589657	0.716771387144	0.630739487675	0.626872885452	0.644755920735	0.873368777187	0.649589173514	0.605123247946	0.608506524891	0.641372643789	0.652489125181	0.655872402127	0.616239729338	0.543740937651	0.565490575157	0.626872885452	0.56259062349	0.573707104882	0.517158047366	0.529724504592	0.0	0.342194296762	0.607539874335	0.581923634606	0.5186080232	0.617206379894	0.605123247946	0.657805703238	0.607056549058	0.635572740454	0.615273078782	0.620589656839	0.632672788787	0.536491058482	0.56259062349	0.580473658772	0.543257612373	0.544707588207	0.623489608507	0.545674238763	0.595940067666	0.570807153214	0.600773320445
AE6	0.597873368777	0.488641855969	0.971483808603	0.624456259062	0.544224262929	0.477042049299	0.584340260996	0.477525374577	0.528757854036	0.536491058482	0.536007733204	0.493475108748	0.500724987917	0.873852102465	0.565973900435	0.537941034316	0.559207346544	0.537457709038	0.934751087482	0.760270662156	0.681488641856	0.602223296278	0.594490091832	0.606089898502	0.892701788304	0.633639439343	0.563557274045	0.579023682939	0.60657322378	0.619623006283	0.640405993233	0.596423392943	0.490091831803	0.502658289029	0.601739971	0.543257612373	0.524891251812	0.506524891252	0.421459642339	0.342194296762	0.0	0.646689221846	0.619139681005	0.492508458192	0.551474142098	0.535524407927	0.632189463509	0.575157080715	0.60415659739	0.589656839053	0.586273562107	0.601256645723	0.488158530691	0.493958434026	0.513291445143	0.492025132914	0.516674722088	0.598840019333	0.534557757371	0.565007249879	0.520541324311	0.569840502658
AF5	0.71290478492	0.626389560174	0.934267762204	0.666505558241	0.653939101015	0.679072015466	0.557274045433	0.639439342678	0.681005316578	0.583856935718	0.713388110198	0.628806186564	0.672305461576	0.840985983567	0.602223296278	0.675688738521	0.713871435476	0.721121314645	0.877718704688	0.731271145481	0.728854519091	0.673755437409	0.710004833253	0.720154664089	0.876752054132	0.69453842436	0.698405026583	0.678588690188	0.66892218463	0.683905268246	0.763170613823	0.723537941034	0.620589656839	0.652489125181	0.728854519091	0.669888835186	0.708554857419	0.483325277912	0.695505074915	0.607539874335	0.646689221846	0.0	0.277428709522	0.532624456259	0.725471242146	0.705654905752	0.762203963267	0.713871435476	0.744804253262	0.718221362977	0.729821169647	0.741420976317	0.695505074915	0.711454809087	0.723054615756	0.705654905752	0.666022232963	0.732721121315	0.669405509908	0.692605123248	0.715804736588	0.716771387144
AF6	0.699371677139	0.601256645723	0.93281778637	0.663122281295	0.647172547124	0.649589173514	0.546640889319	0.614306428226	0.654905751571	0.560657322378	0.686805219913	0.61575640406	0.647655872402	0.840985983567	0.579507008217	0.658772353794	0.690671822136	0.697921701305	0.873368777187	0.721121314645	0.709038182697	0.643305944901	0.684871918801	0.698888351861	0.880135331078	0.674238762687	0.67133881102	0.64813919768	0.6389560174	0.655389076849	0.753020782987	0.708554857419	0.598356694055	0.623489608507	0.722087965201	0.65973900435	0.670855485742	0.457225712905	0.670372160464	0.581923634606	0.619139681005	0.277428709522	0.0	0.507974867086	0.702754954084	0.682455292412	0.75688738521	0.709521507975	0.733204446593	0.708071532141	0.710971483809	0.73368777187	0.67133881102	0.687771870469	0.696471725471	0.678105364911	0.637506041566	0.725471242146	0.64572257129	0.688255195747	0.691155147414	0.703238279362
