	AA3	AA4	AB3	AB4	AC3	AC4	AD3	AD4	AE3	AE4	AF3	AF4	AG3	AG4	AH3	AH4	AA7	AA8	AB7	AB8	AC7	AC8	AD7	AD8	AE7	AE8	AF7	AF8	AG7	AG8	AH7	AH8	AA5	AA6	AB5	AB6	AC5	AC6	AD6	AE5	AE6	AF5	AF6	AG5	AH5	AH6	AA1	AA2	AB1	AB2	AC1	AC2	AD1	AD2	AE1	AE2	AF1	AF2	AG1	AG2	AH1	AH2
AA3	0.0	0.48380860319	0.926534557757	0.641372643789	0.664088931851	0.596423392943	0.677138714355	0.597390043499	0.581440309328	0.644272595457	0.620589656839	0.636056065732	0.595940067666	0.84485258579	0.656839052682	0.347510874819	0.597390043499	0.582890285162	0.862252295795	0.697438376027	0.616723054616	0.574190430159	0.604639922668	0.592073465442	0.82406959884	0.59255679072	0.574673755437	0.568873852102	0.594490091832	0.596906718221	0.600773320445	0.577090381827	0.602706621556	0.614789753504	0.753504108265	0.716288061866	0.623489608507	0.623972933784	0.614306428226	0.637989366844	0.61333977767	0.725954567424	0.70130497825	0.624456259062	0.644755920735	0.630739487675	0.697438376027	0.651039149348	0.722087965201	0.679555340744	0.662638956017	0.669405509908	0.591106814886	0.576607056549	0.585306911551	0.577090381827	0.594490091832	0.669405509908	0.597873368777	0.664572257129	0.591106814886	0.663605606573
AA4	0.48380860319	0.0	0.943450942484	0.581923634606	0.577573707105	0.498308361527	0.592073465442	0.481875302078	0.484291928468	0.497825036249	0.551474142098	0.523924601257	0.487675205413	0.855002416626	0.38424359594	0.349927501208	0.534557757371	0.532624456259	0.898985016916	0.720637989367	0.640889318511	0.564523924601	0.567423876269	0.566457225713	0.8796520058	0.598840019333	0.533107781537	0.539874335428	0.58095698405	0.600773320445	0.61575640406	0.564523924601	0.501208313195	0.512808119865	0.673755437409	0.621556307395	0.563073948768	0.489608506525	0.534074432093	0.527307878202	0.484775253746	0.625906234896	0.579507008217	0.502174963751	0.575157080715	0.561623972934	0.668438859352	0.593040115998	0.6389560174	0.611406476559	0.616723054616	0.632672788787	0.523441275979	0.515708071532	0.518124697922	0.53020782987	0.497341710971	0.629772837119	0.512324794587	0.606089898502	0.513291445143	0.596906718221
AB3	0.926534557757	0.943450942484	0.0	0.658289028516	0.91203479942	0.952634122765	0.95360077332	0.939101014983	0.928951184147	0.947317544708	0.966650555824	0.930884485259	0.962783953601	0.336877718705	0.957950700822	0.938617689705	0.967133881102	0.965683905268	0.731754470759	0.74528757854	0.883518608023	0.894151764137	0.949734171097	0.946350894152	0.850652489125	0.892218463026	0.93523441276	0.925084581924	0.852102464959	0.838569357177	0.947317544708	0.948284195263	0.949734171097	0.955050749154	0.970033832769	0.960850652489	0.969067182214	0.948767520541	0.968583856936	0.968583856936	0.96761720638	0.934267762204	0.926534557757	0.94441759304	0.969550507492	0.968100531658	0.969067182214	0.966650555824	0.96520057999	0.968583856936	0.969067182214	0.968100531658	0.972933784437	0.969550507492	0.970033832769	0.971483808603	0.969067182214	0.96761720638	0.96761720638	0.968583856936	0.971000483325	0.968583856936
AB4	0.641372643789	0.581923634606	0.658289028516	0.0	0.638472692122	0.627839536008	0.697921701305	0.623006283229	0.616239729338	0.637989366844	0.65055582407	0.619623006283	0.499275012083	0.547124214596	0.607056549058	0.582406959884	0.644272595457	0.632189463509	0.720637989367	0.553407443209	0.649105848236	0.610923151281	0.65732237796	0.653939101015	0.793620106332	0.626389560174	0.646689221846	0.633156114065	0.563557274045	0.58337361044	0.685355244079	0.647655872402	0.641372643789	0.647655872402	0.739487675205	0.689221846303	0.666022232963	0.637506041566	0.640405993233	0.646689221846	0.632189463509	0.674722087965	0.65973900435	0.632672788787	0.690671822136	0.679072015466	0.711938134364	0.667472208797	0.708071532141	0.687771870469	0.681971967134	0.676655389077	0.642339294345	0.65055582407	0.655389076849	0.646205896568	0.648622522958	0.685838569357	0.642339294345	0.668438859352	0.652005799903	0.672305461576
AC3	0.664088931851	0.577573707105	0.91203479942	0.638472692122	0.0	0.505558240696	0.644755920735	0.548090865152	0.563073948768	0.577573707105	0.617689705172	0.319961333978	0.59497341711	0.828902851619	0.595940067666	0.60415659739	0.61333977767	0.608989850169	0.870952150797	0.737554374094	0.727404543258	0.681005316578	0.715804736588	0.699371677139	0.829869502175	0.672788786854	0.651522474625	0.679555340744	0.666988883519	0.679555340744	0.706138231029	0.656355727405	0.60657322378	0.623006283229	0.603673272112	0.573707104882	0.616723054616	0.576607056549	0.573223779604	0.557274045433	0.557274045433	0.656355727405	0.6389560174	0.55775737071	0.643305944901	0.6389560174	0.591590140164	0.574190430159	0.568390526825	0.556790720155	0.588206863219	0.575157080715	0.522957950701	0.564523924601	0.577090381827	0.565007249879	0.612856452392	0.563557274045	0.62735621073	0.581923634606	0.615273078782	0.577090381827
AC4	0.596423392943	0.498308361527	0.952634122765	0.627839536008	0.505558240696	0.0	0.628806186564	0.404543257612	0.40744320928	0.521991300145	0.336877718705	0.424359594007	0.511841469309	0.864668922185	0.565007249879	0.529241179314	0.484291928468	0.464958917351	0.925084581924	0.742387626873	0.59255679072	0.541324311261	0.523441275979	0.507974867086	0.898501691638	0.586273562107	0.499758337361	0.521507974867	0.544224262929	0.565973900435	0.579023682939	0.523441275979	0.445625906235	0.466892218463	0.636056065732	0.579507008217	0.477042049299	0.502174963751	0.4398260029	0.543740937651	0.466892218463	0.683421942968	0.646205896568	0.508458192363	0.5186080232	0.4813919768	0.651039149348	0.580473658772	0.600289995167	0.586756887385	0.595456742388	0.605606573224	0.506041565974	0.500241662639	0.525857902368	0.511841469309	0.538907684872	0.605123247946	0.548090865152	0.574673755437	0.494441759304	0.573223779604
AD3	0.677138714355	0.592073465442	0.95360077332	0.697921701305	0.644755920735	0.628806186564	0.0	0.540840985984	0.640405993233	0.358144030933	0.68970517158	0.604639922668	0.651039149348	0.866118898018	0.570807153214	0.643305944901	0.69212179797	0.698888351861	0.940067665539	0.761720637989	0.722571290478	0.699855002417	0.708554857419	0.703238279362	0.91445142581	0.693088448526	0.707588206863	0.696955050749	0.699855002417	0.695988400193	0.724021266312	0.696471725471	0.643305944901	0.667472208797	0.740454325761	0.677138714355	0.683905268246	0.535524407927	0.645239246013	0.587240212663	0.587240212663	0.568390526825	0.55099081682	0.554374093765	0.709521507975	0.698888351861	0.776220396327	0.700821652972	0.735137747704	0.718704688255	0.719188013533	0.73368777187	0.660222329628	0.661188980184	0.686805219913	0.666988883519	0.636056065732	0.724021266312	0.636056065732	0.716771387144	0.69453842436	0.712421459642
AD4	0.597390043499	0.481875302078	0.939101014983	0.623006283229	0.548090865152	0.404543257612	0.540840985984	0.0	0.320444659256	0.424842919285	0.434509424843	0.496375060416	0.521991300145	0.853552440793	0.549540840986	0.52779120348	0.471242145964	0.451909134848	0.933784436926	0.750604156597	0.574673755437	0.523924601257	0.50459159014	0.485258579024	0.893668438859	0.584340260996	0.458192363461	0.479942000967	0.511358144031	0.565007249879	0.550507491542	0.49299178347	0.401643305945	0.452875785404	0.651039149348	0.577090381827	0.446592556791	0.471725471242	0.460125664572	0.55099081682	0.460125664572	0.64813919768	0.608023199613	0.484775253746	0.50700821653	0.473175447076	0.668438859352	0.590623489609	0.630739487675	0.619139681005	0.607539874335	0.620589656839	0.515708071532	0.508458192363	0.517641372644	0.523441275979	0.539874335428	0.626389560174	0.54857419043	0.607539874335	0.508458192363	0.599806669889
AE3	0.581440309328	0.484291928468	0.928951184147	0.616239729338	0.563073948768	0.40744320928	0.640405993233	0.320444659256	0.0	0.526341227646	0.40744320928	0.516674722088	0.507974867086	0.847752537458	0.550507491542	0.510391493475	0.440792653456	0.424359594007	0.920734654422	0.737071048816	0.549057515708	0.489125181247	0.478008699855	0.467858869019	0.889801836636	0.575640405993	0.427742870952	0.458192363461	0.494925084582	0.553407443209	0.541807636539	0.486708554857	0.383276945384	0.43740937651	0.664572257129	0.599806669889	0.449975833736	0.503624939584	0.473658772354	0.585790236829	0.493958434026	0.681005316578	0.637506041566	0.50700821653	0.510874818753	0.458675688739	0.676172063799	0.601739971	0.629772837119	0.628322861286	0.617689705172	0.6389560174	0.5186080232	0.526341227646	0.528757854036	0.537941034316	0.537457709038	0.637989366844	0.556307394877	0.609956500725	0.49540840986	0.604639922668
AE4	0.644272595457	0.497825036249	0.947317544708	0.637989366844	0.577573707105	0.521991300145	0.358144030933	0.424842919285	0.526341227646	0.0	0.584823586274	0.528757854036	0.570323827936	0.860318994683	0.514741420976	0.565973900435	0.59497341711	0.598840019333	0.939101014983	0.750604156597	0.67133881102	0.616239729338	0.615273078782	0.605606573224	0.908168197197	0.622522957951	0.609473175447	0.600289995167	0.602706621556	0.614789753504	0.664088931851	0.611406476559	0.543740937651	0.566457225713	0.684871918801	0.623006283229	0.587723537941	0.47462542291	0.537941034316	0.528274528758	0.497825036249	0.585790236829	0.553407443209	0.505558240696	0.621072982117	0.61333977767	0.704688255196	0.636056065732	0.679555340744	0.663122281295	0.661188980184	0.677138714355	0.593523441276	0.575640405993	0.595940067666	0.601739971	0.568873852102	0.672788786854	0.579023682939	0.658772353794	0.596906718221	0.644755920735
AF3	0.620589656839	0.551474142098	0.966650555824	0.65055582407	0.617689705172	0.336877718705	0.68970517158	0.434509424843	0.40744320928	0.584823586274	0.0	0.530691155147	0.531657805703	0.882068632189	0.602223296278	0.568873852102	0.457709038183	0.42822619623	0.9584340261	0.773320444659	0.584340260996	0.552440792653	0.457225712905	0.447075882069	0.919284678589	0.607056549058	0.448525857902	0.494925084582	0.543257612373	0.591106814886	0.527307878202	0.498308361527	0.440309328178	0.49299178347	0.675205413243	0.627839536008	0.420976317061	0.543257612373	0.470275495408	0.611406476559	0.523441275979	0.724987916868	0.686805219913	0.54857419043	0.51619139681	0.480425326245	0.669888835186	0.595940067666	0.649589173514	0.619139681005	0.614306428226	0.629289511841	0.541324311261	0.516674722088	0.531174480425	0.528757854036	0.575640405993	0.635089415176	0.577573707105	0.601256645723	0.494441759304	0.590140164331
AF4	0.636056065732	0.523924601257	0.930884485259	0.619623006283	0.319961333978	0.424359594007	0.604639922668	0.496375060416	0.516674722088	0.528757854036	0.530691155147	0.0	0.544224262929	0.846302561624	0.549057515708	0.55775737071	0.56935717738	0.562107298212	0.894151764137	0.720154664089	0.703238279362	0.648622522958	0.663605606573	0.652972450459	0.847752537458	0.623489608507	0.607539874335	0.640405993233	0.640889318511	0.651039149348	0.664088931851	0.61575640406	0.558724021266	0.572740454326	0.599806669889	0.540840985984	0.574673755437	0.528274528758	0.515708071532	0.506524891252	0.498308361527	0.624456259062	0.60415659739	0.513291445143	0.584823586274	0.579023682939	0.593040115998	0.526824552924	0.563073948768	0.53020782987	0.543257612373	0.55775737071	0.493475108748	0.511358144031	0.536491058482	0.531657805703	0.569840502658	0.550507491542	0.58095698405	0.540840985984	0.567423876269	0.525857902368
AG3	0.595940067666	0.487675205413	0.962783953601	0.499275012083	0.59497341711	0.511841469309	0.651039149348	0.521991300145	0.507974867086	0.570323827936	0.531657805703	0.544224262929	0.0	0.851135814403	0.51619139681	0.498791686805	0.499758337361	0.489608506525	0.928951184147	0.746254229096	0.667472208797	0.589656839053	0.588690188497	0.594490091832	0.881101981634	0.617206379894	0.540357660706	0.577573707105	0.606089898502	0.621556307395	0.626389560174	0.558724021266	0.522474625423	0.515708071532	0.663605606573	0.619623006283	0.539874335428	0.528757854036	0.517158047366	0.566940550991	0.506524891252	0.680038666022	0.63653939101	0.524891251812	0.572257129048	0.546640889319	0.621072982117	0.565490575157	0.612856452392	0.599806669889	0.584340260996	0.59497341711	0.517158047366	0.519574673755	0.524407926535	0.527307878202	0.543740937651	0.597390043499	0.552440792653	0.590140164331	0.504108264862	0.576607056549
AG4	0.84485258579	0.855002416626	0.336877718705	0.547124214596	0.828902851619	0.864668922185	0.866118898018	0.853552440793	0.847752537458	0.860318994683	0.882068632189	0.846302561624	0.851135814403	0.0	0.87046882552	0.852585790237	0.886418559691	0.885935234413	0.706138231029	0.672788786854	0.808119864669	0.81488641856	0.871435476075	0.86563557274	0.828419526341	0.809569840503	0.857419043016	0.848235862736	0.775737071049	0.750120831319	0.87723537941	0.869018849686	0.87046882552	0.873852102465	0.895601739971	0.882551957467	0.888351860802	0.861768970517	0.883518608023	0.881101981634	0.882551957467	0.849685838569	0.843402609957	0.861285645239	0.89125181247	0.886418559691	0.884485258579	0.883035282745	0.883518608023	0.883518608023	0.888351860802	0.882068632189	0.887868535524	0.884485258579	0.890768487192	0.887385210246	0.886418559691	0.882068632189	0.884001933301	0.884485258579	0.884001933301	0.887385210246
AH3	0.656839052682	0.38424359594	0.957950700822	0.607056549058	0.595940067666	0.565007249879	0.570807153214	0.549540840986	0.550507491542	0.514741420976	0.602223296278	0.549057515708	0.51619139681	0.87046882552	0.0	0.503624939584	0.583856935718	0.596423392943	0.930401159981	0.753987433543	0.705654905752	0.637022716288	0.623489608507	0.633639439343	0.905751570807	0.668438859352	0.623972933784	0.626872885452	0.650072498792	0.666505558241	0.68970517158	0.634122764621	0.529241179314	0.568390526825	0.704688255196	0.641855969067	0.628322861286	0.5186080232	0.598840019333	0.541324311261	0.553890768487	0.585306911551	0.548090865152	0.528757854036	0.641855969067	0.618656355727	0.701788303528	0.609473175447	0.648622522958	0.647655872402	0.643305944901	0.658772353794	0.585790236829	0.591590140164	0.587240212663	0.59497341711	0.564040599323	0.652489125181	0.566940550991	0.642339294345	0.579023682939	0.610439826003
AH4	0.347510874819	0.349927501208	0.938617689705	0.582406959884	0.60415659739	0.529241179314	0.643305944901	0.52779120348	0.510391493475	0.565973900435	0.568873852102	0.55775737071	0.498791686805	0.852585790237	0.503624939584	0.0	0.527307878202	0.528757854036	0.884968583857	0.708554857419	0.637506041566	0.557274045433	0.579507008217	0.581923634606	0.857902368294	0.588690188497	0.540357660706	0.551474142098	0.577573707105	0.593523441276	0.598840019333	0.555824069599	0.540840985984	0.544224262929	0.696955050749	0.662638956017	0.581923634606	0.559207346544	0.550507491542	0.565490575157	0.537457709038	0.681005316578	0.648622522958	0.563557274045	0.601739971	0.578057032383	0.668438859352	0.596906718221	0.65055582407	0.602223296278	0.619623006283	0.628806186564	0.540840985984	0.520541324311	0.528757854036	0.535041082649	0.509908168197	0.626872885452	0.525857902368	0.597873368777	0.529724504592	0.608023199613
AA7	0.597390043499	0.534557757371	0.967133881102	0.644272595457	0.61333977767	0.484291928468	0.69212179797	0.471242145964	0.440792653456	0.59497341711	0.457709038183	0.56935717738	0.499758337361	0.886418559691	0.583856935718	0.527307878202	0.0	0.293378443693	0.915901401643	0.748187530208	0.596906718221	0.524891251812	0.499758337361	0.501691638473	0.876268728855	0.585306911551	0.446109231513	0.486708554857	0.538907684872	0.584340260996	0.531657805703	0.41662638956	0.431609473175	0.482358627356	0.68970517158	0.652972450459	0.477042049299	0.54857419043	0.500724987917	0.596423392943	0.532624456259	0.718704688255	0.681005316578	0.565973900435	0.554374093765	0.500724987917	0.661188980184	0.603189946834	0.652005799903	0.623972933784	0.602223296278	0.616239729338	0.513291445143	0.515708071532	0.514258095698	0.522957950701	0.535041082649	0.615273078782	0.563557274045	0.621072982117	0.500724987917	0.607539874335
AA8	0.582890285162	0.532624456259	0.965683905268	0.632189463509	0.608989850169	0.464958917351	0.698888351861	0.451909134848	0.424359594007	0.598840019333	0.42822619623	0.562107298212	0.489608506525	0.885935234413	0.596423392943	0.528757854036	0.293378443693	0.0	0.919284678589	0.750120831319	0.57177380377	0.500724987917	0.470758820686	0.471725471242	0.862735621073	0.572257129048	0.427259545674	0.459159014016	0.531174480425	0.579507008217	0.478492025133	0.370710488159	0.427742870952	0.491541807637	0.698888351861	0.663605606573	0.46979217013	0.556307394877	0.492508458192	0.596423392943	0.53020782987	0.728371193813	0.685838569357	0.571290478492	0.543740937651	0.489608506525	0.651039149348	0.594490091832	0.652005799903	0.622039632673	0.59497341711	0.611406476559	0.516674722088	0.503141614306	0.510391493475	0.514741420976	0.537941034316	0.609956500725	0.551474142098	0.616723054616	0.47462542291	0.593523441276
AB7	0.862252295795	0.898985016916	0.731754470759	0.720637989367	0.870952150797	0.925084581924	0.940067665539	0.933784436926	0.920734654422	0.939101014983	0.9584340261	0.894151764137	0.928951184147	0.706138231029	0.930401159981	0.884968583857	0.915901401643	0.919284678589	0.0	0.420976317061	0.81488641856	0.834702754954	0.931367810536	0.929434509425	0.739487675205	0.817303044949	0.886901884969	0.869985500242	0.753020782987	0.70130497825	0.882551957467	0.896085065249	0.923151280812	0.936201063316	0.942484291928	0.939584340261	0.948767520541	0.921701304978	0.941517641373	0.929917834703	0.941517641373	0.8796520058	0.866118898018	0.907201546641	0.9584340261	0.950217496375	0.926051232479	0.927501208313	0.928467858869	0.930401159981	0.927984533591	0.916384726921	0.915418076365	0.913484775254	0.918801353311	0.908168197197	0.917351377477	0.91203479942	0.925084581924	0.924601256646	0.949250845819	0.933301111648
AB8	0.697438376027	0.720637989367	0.74528757854	0.553407443209	0.737554374094	0.742387626873	0.761720637989	0.750604156597	0.737071048816	0.750604156597	0.773320444659	0.720154664089	0.746254229096	0.672788786854	0.753987433543	0.708554857419	0.748187530208	0.750120831319	0.420976317061	0.0	0.6389560174	0.653455775737	0.744320927985	0.740937651039	0.73610439826	0.644272595457	0.699371677139	0.686805219913	0.537941034316	0.512808119865	0.717254712421	0.717738037699	0.745770903818	0.755437409377	0.798453359111	0.762203963267	0.767520541324	0.73368777187	0.760270662156	0.746737554374	0.753020782987	0.722087965201	0.700821652972	0.72692121798	0.781536974384	0.773803769937	0.799420009667	0.752537457709	0.776220396327	0.763170613823	0.75688738521	0.761237312711	0.750604156597	0.743354277429	0.753504108265	0.748670855486	0.747220879652	0.757854035766	0.74528757854	0.744320927985	0.764137264379	0.756404059932
AC7	0.616723054616	0.640889318511	0.883518608023	0.649105848236	0.727404543258	0.59255679072	0.722571290478	0.574673755437	0.549057515708	0.67133881102	0.584340260996	0.703238279362	0.667472208797	0.808119864669	0.705654905752	0.637506041566	0.596906718221	0.57177380377	0.81488641856	0.6389560174	0.0	0.356694055099	0.568873852102	0.561623972934	0.82165297245	0.582406959884	0.53697438376	0.506524891252	0.477525374577	0.489125181247	0.564523924601	0.561623972934	0.552924117931	0.596906718221	0.807153214113	0.755920734654	0.62735621073	0.64813919768	0.633639439343	0.71290478492	0.658772353794	0.720637989367	0.695021749638	0.647172547124	0.642822619623	0.605606573224	0.816336394393	0.754954084099	0.791203479942	0.785886901885	0.757854035766	0.774770420493	0.686321894635	0.665055582407	0.675205413243	0.674722087965	0.673272112131	0.782020299662	0.670372160464	0.764620589657	0.624456259062	0.753987433543
AC8	0.574190430159	0.564523924601	0.894151764137	0.610923151281	0.681005316578	0.541324311261	0.699855002417	0.523924601257	0.489125181247	0.616239729338	0.552440792653	0.648622522958	0.589656839053	0.81488641856	0.637022716288	0.557274045433	0.524891251812	0.500724987917	0.834702754954	0.653455775737	0.356694055099	0.0	0.503141614306	0.50459159014	0.825036249396	0.528274528758	0.413243112615	0.385693571774	0.457225712905	0.478492025133	0.53020782987	0.500241662639	0.4813919768	0.517641372644	0.741420976317	0.695021749638	0.568390526825	0.587723537941	0.568873852102	0.640889318511	0.588690188497	0.673755437409	0.644755920735	0.593040115998	0.582406959884	0.536007733204	0.740937651039	0.676655389077	0.723054615756	0.721121314645	0.678588690188	0.696471725471	0.610439826003	0.593523441276	0.594490091832	0.601256645723	0.594006766554	0.70130497825	0.591590140164	0.699371677139	0.545674238763	0.678588690188
AD7	0.604639922668	0.567423876269	0.949734171097	0.65732237796	0.715804736588	0.523441275979	0.708554857419	0.50459159014	0.478008699855	0.615273078782	0.457225712905	0.663605606573	0.588690188497	0.871435476075	0.623489608507	0.579507008217	0.499758337361	0.470758820686	0.931367810536	0.744320927985	0.568873852102	0.503141614306	0.0	0.295311744804	0.897535041083	0.512808119865	0.422909618173	0.449975833736	0.506041565974	0.567423876269	0.509908168197	0.462058965684	0.476558724021	0.53020782987	0.744320927985	0.688255195747	0.498308361527	0.579023682939	0.567423876269	0.639439342678	0.599323344611	0.723054615756	0.675688738521	0.599806669889	0.56259062349	0.52779120348	0.746737554374	0.675205413243	0.731271145481	0.720154664089	0.682455292412	0.697438376027	0.614306428226	0.598840019333	0.591590140164	0.609956500725	0.589173513775	0.708071532141	0.597390043499	0.695021749638	0.55775737071	0.673755437409
AD8	0.592073465442	0.566457225713	0.946350894152	0.653939101015	0.699371677139	0.507974867086	0.703238279362	0.485258579024	0.467858869019	0.605606573224	0.447075882069	0.652972450459	0.594490091832	0.86563557274	0.633639439343	0.581923634606	0.501691638473	0.471725471242	0.929434509425	0.740937651039	0.561623972934	0.50459159014	0.295311744804	0.0	0.862735621073	0.4813919768	0.411309811503	0.440309328178	0.496375060416	0.555340744321	0.502658289029	0.467858869019	0.481875302078	0.53697438376	0.737071048816	0.684388593523	0.488158530691	0.574673755437	0.55775737071	0.629772837119	0.588206863219	0.721604639923	0.675688738521	0.589173513775	0.560657322378	0.534557757371	0.739971000483	0.666988883519	0.725954567424	0.713871435476	0.675688738521	0.690188496858	0.61333977767	0.590140164331	0.588690188497	0.603189946834	0.595456742388	0.698888351861	0.595456742388	0.68293861769	0.55775737071	0.665538907685
AE7	0.82406959884	0.8796520058	0.850652489125	0.793620106332	0.829869502175	0.898501691638	0.91445142581	0.893668438859	0.889801836636	0.908168197197	0.919284678589	0.847752537458	0.881101981634	0.828419526341	0.905751570807	0.857902368294	0.876268728855	0.862735621073	0.739487675205	0.73610439826	0.82165297245	0.825036249396	0.897535041083	0.862735621073	0.0	0.553407443209	0.863218946351	0.856935717738	0.774287095215	0.766070565491	0.837602706622	0.846785886902	0.895118414693	0.904784920251	0.927984533591	0.924601256646	0.923151280812	0.898018366361	0.912518124698	0.87723537941	0.897051715805	0.885935234413	0.873368777187	0.874335427743	0.93523441276	0.926051232479	0.88883518608	0.90285161914	0.908651522475	0.88883518608	0.903334944418	0.896085065249	0.897051715805	0.892218463026	0.903818269696	0.887868535524	0.901401643306	0.887868535524	0.907201546641	0.898501691638	0.913001449976	0.902368293862
AE8	0.59255679072	0.598840019333	0.892218463026	0.626389560174	0.672788786854	0.586273562107	0.693088448526	0.584340260996	0.575640405993	0.622522957951	0.607056549058	0.623489608507	0.617206379894	0.809569840503	0.668438859352	0.588690188497	0.585306911551	0.572257129048	0.817303044949	0.644272595457	0.582406959884	0.528274528758	0.512808119865	0.4813919768	0.553407443209	0.0	0.55099081682	0.545674238763	0.510874818753	0.506041565974	0.5601739971	0.542774287095	0.589173513775	0.598356694055	0.74770420493	0.710004833253	0.615273078782	0.600289995167	0.602706621556	0.634606089899	0.61575640406	0.696955050749	0.65732237796	0.607056549058	0.623972933784	0.617206379894	0.73368777187	0.678105364911	0.734654422426	0.701788303528	0.681005316578	0.700821652972	0.642822619623	0.610439826003	0.618173030449	0.629772837119	0.629289511841	0.693088448526	0.637506041566	0.693571773804	0.609956500725	0.672788786854
AF7	0.574673755437	0.533107781537	0.93523441276	0.646689221846	0.651522474625	0.499758337361	0.707588206863	0.458192363461	0.427742870952	0.609473175447	0.448525857902	0.607539874335	0.540357660706	0.857419043016	0.623972933784	0.540357660706	0.446109231513	0.427259545674	0.886901884969	0.699371677139	0.53697438376	0.413243112615	0.422909618173	0.411309811503	0.863218946351	0.55099081682	0.0	0.313194780087	0.478492025133	0.531174480425	0.475592073465	0.46060898985	0.432092798453	0.490575157081	0.696955050749	0.653455775737	0.460125664572	0.540357660706	0.520057999033	0.607056549058	0.540357660706	0.704204929918	0.65732237796	0.563073948768	0.537941034316	0.485741904302	0.681488641856	0.623972933784	0.679072015466	0.673272112131	0.629289511841	0.6389560174	0.559690671822	0.537941034316	0.535041082649	0.55099081682	0.560657322378	0.646689221846	0.572257129048	0.642339294345	0.484291928468	0.623972933784
AF8	0.568873852102	0.539874335428	0.925084581924	0.633156114065	0.679555340744	0.521507974867	0.696955050749	0.479942000967	0.458192363461	0.600289995167	0.494925084582	0.640405993233	0.577573707105	0.848235862736	0.626872885452	0.551474142098	0.486708554857	0.459159014016	0.869985500242	0.686805219913	0.506524891252	0.385693571774	0.449975833736	0.440309328178	0.856935717738	0.545674238763	0.313194780087	0.0	0.464475592073	0.511358144031	0.50700821653	0.447559207347	0.441275978734	0.512808119865	0.717254712421	0.672788786854	0.506041565974	0.554857419043	0.543740937651	0.607056549058	0.561140647656	0.683421942968	0.642822619623	0.568873852102	0.565973900435	0.523441275979	0.695988400193	0.640889318511	0.697438376027	0.688738521025	0.654422426293	0.656355727405	0.576123731271	0.553890768487	0.559690671822	0.567423876269	0.558240695988	0.657805703238	0.558724021266	0.661672305462	0.509424842919	0.642822619623
AG7	0.594490091832	0.58095698405	0.852102464959	0.563557274045	0.666988883519	0.544224262929	0.699855002417	0.511358144031	0.494925084582	0.602706621556	0.543257612373	0.640889318511	0.606089898502	0.775737071049	0.650072498792	0.577573707105	0.538907684872	0.531174480425	0.753020782987	0.537941034316	0.477525374577	0.457225712905	0.506041565974	0.496375060416	0.774287095215	0.510874818753	0.478492025133	0.464475592073	0.0	0.321411309812	0.550024166264	0.511841469309	0.512808119865	0.558240695988	0.748187530208	0.68970517158	0.545674238763	0.569840502658	0.574190430159	0.631222812953	0.593040115998	0.677622039633	0.627839536008	0.575640405993	0.609473175447	0.572740454326	0.744804253262	0.675688738521	0.724021266312	0.71532141131	0.674722087965	0.699855002417	0.623489608507	0.602706621556	0.619623006283	0.623006283229	0.621556307395	0.710488158531	0.62735621073	0.685838569357	0.592073465442	0.677622039633
AG8	0.596906718221	0.600773320445	0.838569357177	0.58337361044	0.679555340744	0.565973900435	0.695988400193	0.565007249879	0.553407443209	0.614789753504	0.591106814886	0.651039149348	0.621556307395	0.750120831319	0.666505558241	0.593523441276	0.584340260996	0.579507008217	0.70130497825	0.512808119865	0.489125181247	0.478492025133	0.567423876269	0.555340744321	0.766070565491	0.506041565974	0.531174480425	0.511358144031	0.321411309812	0.0	0.569840502658	0.559690671822	0.562107298212	0.591106814886	0.765587240213	0.71290478492	0.59255679072	0.590140164331	0.596423392943	0.65973900435	0.619139681005	0.684388593523	0.643305944901	0.592073465442	0.638472692122	0.606089898502	0.757854035766	0.684388593523	0.740454325761	0.729821169647	0.693571773804	0.714354760754	0.648622522958	0.627839536008	0.641372643789	0.64572257129	0.643305944901	0.720154664089	0.650072498792	0.697921701305	0.616239729338	0.690188496858
AH7	0.600773320445	0.61575640406	0.947317544708	0.685355244079	0.706138231029	0.579023682939	0.724021266312	0.550507491542	0.541807636539	0.664088931851	0.527307878202	0.664088931851	0.626389560174	0.87723537941	0.68970517158	0.598840019333	0.531657805703	0.478492025133	0.882551957467	0.717254712421	0.564523924601	0.53020782987	0.509908168197	0.502658289029	0.837602706622	0.5601739971	0.475592073465	0.50700821653	0.550024166264	0.569840502658	0.0	0.336394393427	0.565007249879	0.609473175447	0.774287095215	0.741420976317	0.549057515708	0.649105848236	0.622039632673	0.667472208797	0.63653939101	0.768970517158	0.742870952151	0.651039149348	0.639439342678	0.605123247946	0.7593040116	0.718221362977	0.755920734654	0.734654422426	0.71290478492	0.722571290478	0.633639439343	0.622039632673	0.623972933784	0.628322861286	0.623972933784	0.728371193813	0.629289511841	0.71290478492	0.613823102948	0.713871435476
AH8	0.577090381827	0.564523924601	0.948284195263	0.647655872402	0.656355727405	0.523441275979	0.696471725471	0.49299178347	0.486708554857	0.611406476559	0.498308361527	0.61575640406	0.558724021266	0.869018849686	0.634122764621	0.555824069599	0.41662638956	0.370710488159	0.896085065249	0.717738037699	0.561623972934	0.500241662639	0.462058965684	0.467858869019	0.846785886902	0.542774287095	0.46060898985	0.447559207347	0.511841469309	0.559690671822	0.336394393427	0.0	0.499758337361	0.540840985984	0.731271145481	0.694055099082	0.510874818753	0.587240212663	0.563073948768	0.609956500725	0.578057032383	0.724987916868	0.683421942968	0.596906718221	0.578057032383	0.540840985984	0.695988400193	0.655389076849	0.704204929918	0.670372160464	0.651039149348	0.658289028516	0.56935717738	0.561623972934	0.554857419043	0.566940550991	0.562107298212	0.65732237796	0.573707104882	0.655389076849	0.54857419043	0.654422426293
AA5	0.602706621556	0.501208313195	0.949734171097	0.641372643789	0.60657322378	0.445625906235	0.643305944901	0.401643305945	0.383276945384	0.543740937651	0.440309328178	0.558724021266	0.522474625423	0.87046882552	0.529241179314	0.540840985984	0.431609473175	0.427742870952	0.923151280812	0.745770903818	0.552924117931	0.4813919768	0.476558724021	0.481875302078	0.895118414693	0.589173513775	0.432092798453	0.441275978734	0.512808119865	0.562107298212	0.565007249879	0.499758337361	0.0	0.351377477042	0.672788786854	0.596906718221	0.470758820686	0.459642339294	0.488158530691	0.549057515708	0.475108748188	0.625422909618	0.588690188497	0.467858869019	0.524891251812	0.456742387627	0.704688255196	0.626872885452	0.662638956017	0.657805703238	0.644272595457	0.661188980184	0.535524407927	0.541807636539	0.552440792653	0.550024166264	0.53939101015	0.661188980184	0.559207346544	0.635572740454	0.495891735138	0.625422909618
AA6	0.614789753504	0.512808119865	0.955050749154	0.647655872402	0.623006283229	0.466892218463	0.667472208797	0.452875785404	0.43740937651	0.566457225713	0.49299178347	0.572740454326	0.515708071532	0.873852102465	0.568390526825	0.544224262929	0.482358627356	0.491541807637	0.936201063316	0.755437409377	0.596906718221	0.517641372644	0.53020782987	0.53697438376	0.904784920251	0.598356694055	0.490575157081	0.512808119865	0.558240695988	0.591106814886	0.609473175447	0.540840985984	0.351377477042	0.0	0.666505558241	0.591590140164	0.510874818753	0.49299178347	0.475108748188	0.572257129048	0.482358627356	0.666988883519	0.622039632673	0.509908168197	0.45142580957	0.404059932334	0.688738521025	0.614306428226	0.653455775737	0.646205896568	0.630256162397	0.65055582407	0.532141130981	0.533107781537	0.540357660706	0.540357660706	0.537457709038	0.64813919768	0.560657322378	0.621072982117	0.510391493475	0.621556307395
AB5	0.753504108265	0.673755437409	0.970033832769	0.739487675205	0.603673272112	0.636056065732	0.740454325761	0.651039149348	0.664572257129	0.684871918801	0.675205413243	0.599806669889	0.663605606573	0.895601739971	0.704688255196	0.696955050749	0.68970517158	0.698888351861	0.942484291928	0.798453359111	0.807153214113	0.741420976317	0.744320927985	0.737071048816	0.927984533591	0.74770420493	0.696955050749	0.717254712421	0.748187530208	0.765587240213	0.774287095215	0.731271145481	0.672788786854	0.666505558241	0.0	0.329144514258	0.632672788787	0.658289028516	0.598840019333	0.637022716288	0.598840019333	0.746737554374	0.728371193813	0.644755920735	0.630739487675	0.630739487675	0.637506041566	0.619623006283	0.628322861286	0.609956500725	0.633156114065	0.622039632673	0.596423392943	0.602706621556	0.622522957951	0.620589656839	0.661672305462	0.608506524891	0.663122281295	0.613823102948	0.669405509908	0.621556307395
AB6	0.716288061866	0.621556307395	0.960850652489	0.689221846303	0.573707104882	0.579507008217	0.677138714355	0.577090381827	0.599806669889	0.623006283229	0.627839536008	0.540840985984	0.619623006283	0.882551957467	0.641855969067	0.662638956017	0.652972450459	0.663605606573	0.939584340261	0.762203963267	0.755920734654	0.695021749638	0.688255195747	0.684388593523	0.924601256646	0.710004833253	0.653455775737	0.672788786854	0.68970517158	0.71290478492	0.741420976317	0.694055099082	0.596906718221	0.591590140164	0.329144514258	0.0	0.581440309328	0.574190430159	0.559207346544	0.581440309328	0.540357660706	0.671822136298	0.655389076849	0.548090865152	0.566457225713	0.560657322378	0.618173030449	0.565007249879	0.592073465442	0.574673755437	0.586273562107	0.591590140164	0.550024166264	0.570323827936	0.601739971	0.588206863219	0.616239729338	0.577090381827	0.619623006283	0.570323827936	0.634122764621	0.568390526825
AC5	0.623489608507	0.563073948768	0.969067182214	0.666022232963	0.616723054616	0.477042049299	0.683905268246	0.446592556791	0.449975833736	0.587723537941	0.420976317061	0.574673755437	0.539874335428	0.888351860802	0.628322861286	0.581923634606	0.477042049299	0.46979217013	0.948767520541	0.767520541324	0.62735621073	0.568390526825	0.498308361527	0.488158530691	0.923151280812	0.615273078782	0.460125664572	0.506041565974	0.545674238763	0.59255679072	0.549057515708	0.510874818753	0.470758820686	0.510874818753	0.632672788787	0.581440309328	0.0	0.448042532624	0.453359110681	0.579023682939	0.511841469309	0.716288061866	0.666505558241	0.542774287095	0.492508458192	0.46302561624	0.623006283229	0.566457225713	0.628322861286	0.597873368777	0.579990333494	0.588690188497	0.511841469309	0.489608506525	0.506041565974	0.513291445143	0.577573707105	0.600289995167	0.587240212663	0.571290478492	0.526824552924	0.571290478492
AC6	0.623972933784	0.489608506525	0.948767520541	0.637506041566	0.576607056549	0.502174963751	0.535524407927	0.471725471242	0.503624939584	0.47462542291	0.543257612373	0.528274528758	0.528757854036	0.861768970517	0.5186080232	0.559207346544	0.54857419043	0.556307394877	0.921701304978	0.73368777187	0.64813919768	0.587723537941	0.579023682939	0.574673755437	0.898018366361	0.600289995167	0.540357660706	0.554857419043	0.569840502658	0.590140164331	0.649105848236	0.587240212663	0.459642339294	0.49299178347	0.658289028516	0.574190430159	0.448042532624	0.0	0.51619139681	0.505558240696	0.473658772354	0.484291928468	0.435476075399	0.397293378444	0.551957467376	0.542774287095	0.685355244079	0.612373127115	0.652972450459	0.637022716288	0.633156114065	0.640889318511	0.55099081682	0.550507491542	0.556790720155	0.570807153214	0.543257612373	0.65055582407	0.5601739971	0.61575640406	0.540357660706	0.615273078782
AD6	0.614306428226	0.534074432093	0.968583856936	0.640405993233	0.573223779604	0.4398260029	0.645239246013	0.460125664572	0.473658772354	0.537941034316	0.470275495408	0.515708071532	0.517158047366	0.883518608023	0.598840019333	0.550507491542	0.500724987917	0.492508458192	0.941517641373	0.760270662156	0.633639439343	0.568873852102	0.567423876269	0.55775737071	0.912518124698	0.602706621556	0.520057999033	0.543740937651	0.574190430159	0.596423392943	0.622039632673	0.563073948768	0.488158530691	0.475108748188	0.598840019333	0.559207346544	0.453359110681	0.51619139681	0.0	0.543740937651	0.420976317061	0.704688255196	0.668438859352	0.535041082649	0.476075398743	0.453359110681	0.593040115998	0.525857902368	0.578057032383	0.551474142098	0.545674238763	0.554374093765	0.469308844853	0.446592556791	0.479942000967	0.48622522958	0.554374093765	0.554374093765	0.551957467376	0.546157564041	0.48622522958	0.529241179314
AE5	0.637989366844	0.527307878202	0.968583856936	0.646689221846	0.557274045433	0.543740937651	0.587240212663	0.55099081682	0.585790236829	0.528274528758	0.611406476559	0.506524891252	0.566940550991	0.881101981634	0.541324311261	0.565490575157	0.596423392943	0.596423392943	0.929917834703	0.746737554374	0.71290478492	0.640889318511	0.639439342678	0.629772837119	0.87723537941	0.634606089899	0.607056549058	0.607056549058	0.631222812953	0.65973900435	0.667472208797	0.609956500725	0.549057515708	0.572257129048	0.637022716288	0.581440309328	0.579023682939	0.505558240696	0.543740937651	0.0	0.360077332044	0.607539874335	0.577090381827	0.508941517641	0.621556307395	0.614306428226	0.661188980184	0.609473175447	0.636056065732	0.61575640406	0.628806186564	0.636056065732	0.538907684872	0.554857419043	0.592073465442	0.552924117931	0.549057515708	0.633639439343	0.553890768487	0.595940067666	0.568873852102	0.615273078782
AE6	0.61333977767	0.484775253746	0.96761720638	0.632189463509	0.557274045433	0.466892218463	0.587240212663	0.460125664572	0.493958434026	0.497825036249	0.523441275979	0.498308361527	0.506524891252	0.882551957467	0.553890768487	0.537457709038	0.532624456259	0.53020782987	0.941517641373	0.753020782987	0.658772353794	0.588690188497	0.599323344611	0.588206863219	0.897051715805	0.61575640406	0.540357660706	0.561140647656	0.593040115998	0.619139681005	0.63653939101	0.578057032383	0.475108748188	0.482358627356	0.598840019333	0.540357660706	0.511841469309	0.473658772354	0.420976317061	0.360077332044	0.0	0.642339294345	0.608023199613	0.465442242629	0.537457709038	0.528274528758	0.638472692122	0.575157080715	0.607539874335	0.59497341711	0.596423392943	0.607056549058	0.482358627356	0.474142097632	0.51377477042	0.490575157081	0.51377477042	0.603673272112	0.522957950701	0.567423876269	0.501691638473	0.580473658772
AF5	0.725954567424	0.625906234896	0.934267762204	0.674722087965	0.656355727405	0.683421942968	0.568390526825	0.64813919768	0.681005316578	0.585790236829	0.724987916868	0.624456259062	0.680038666022	0.849685838569	0.585306911551	0.681005316578	0.718704688255	0.728371193813	0.8796520058	0.722087965201	0.720637989367	0.673755437409	0.723054615756	0.721604639923	0.885935234413	0.696955050749	0.704204929918	0.683421942968	0.677622039633	0.684388593523	0.768970517158	0.724987916868	0.625422909618	0.666988883519	0.746737554374	0.671822136298	0.716288061866	0.484291928468	0.704688255196	0.607539874335	0.642339294345	0.0	0.294828419526	0.539874335428	0.73368777187	0.724987916868	0.775737071049	0.721121314645	0.743354277429	0.724021266312	0.739004349928	0.748187530208	0.696955050749	0.722087965201	0.728854519091	0.717738037699	0.678105364911	0.738037699372	0.681488641856	0.717738037699	0.719671338811	0.723054615756
AF6	0.70130497825	0.579507008217	0.926534557757	0.65973900435	0.6389560174	0.646205896568	0.55099081682	0.608023199613	0.637506041566	0.553407443209	0.686805219913	0.60415659739	0.63653939101	0.843402609957	0.548090865152	0.648622522958	0.681005316578	0.685838569357	0.866118898018	0.700821652972	0.695021749638	0.644755920735	0.675688738521	0.675688738521	0.873368777187	0.65732237796	0.65732237796	0.642822619623	0.627839536008	0.643305944901	0.742870952151	0.683421942968	0.588690188497	0.622039632673	0.728371193813	0.655389076849	0.666505558241	0.435476075399	0.668438859352	0.577090381827	0.608023199613	0.294828419526	0.0	0.503624939584	0.690671822136	0.682455292412	0.757370710488	0.697438376027	0.725954567424	0.709521507975	0.704204929918	0.727404543258	0.662155630739	0.684871918801	0.693088448526	0.687771870469	0.637989366844	0.718221362977	0.642822619623	0.699855002417	0.68293861769	0.698888351861
