	AA3	AA4	AB3	AB4	AC3	AC4	AD3	AD4	AE3	AE4	AF3	AF4	AG3	AG4	AH3	AH4	AA7	AA8	AB7	AB8	AC7	AC8	AD7	AD8	AE7	AE8	AF7	AF8	AG7	AG8	AH7	AH8	AA5	AA6	AB5	AB6	AC5	AC6	AD6	AE5	AE6	AF5	AF6	AG5	AH5	AH6	AA1	AA2	AB1	AB2	AC1	AC2	AD1	AD2	AE1	AE2	AF1	AF2	AG1	AG2	AH1	AH2
AA3	0.0	0.466892218463	0.938617689705	0.619139681005	0.654905751571	0.587240212663	0.68293861769	0.584340260996	0.564040599323	0.621556307395	0.608506524891	0.610439826003	0.565007249879	0.844369260512	0.651039149348	0.322377960367	0.574190430159	0.558240695988	0.87046882552	0.699371677139	0.600773320445	0.572257129048	0.584340260996	0.58337361044	0.83566940551	0.589173513775	0.564523924601	0.56935717738	0.586273562107	0.582406959884	0.586273562107	0.538907684872	0.574190430159	0.589656839053	0.742870952151	0.677622039633	0.616239729338	0.608023199613	0.597873368777	0.630739487675	0.588690188497	0.711454809087	0.689221846303	0.616239729338	0.627839536008	0.608023199613	0.672788786854	0.655872402127	0.71532141131	0.668438859352	0.637989366844	0.668438859352	0.564523924601	0.564040599323	0.543257612373	0.564040599323	0.579023682939	0.641855969067	0.586273562107	0.673272112131	0.58337361044	0.64813919768
AA4	0.466892218463	0.0	0.956984050266	0.586273562107	0.567423876269	0.46302561624	0.600289995167	0.466408893185	0.492508458192	0.51377477042	0.537457709038	0.507491541808	0.479942000967	0.858385693572	0.388593523441	0.3610439826	0.518124697922	0.515224746254	0.898501691638	0.727404543258	0.639439342678	0.578057032383	0.567907201547	0.56935717738	0.876752054132	0.602223296278	0.541324311261	0.541324311261	0.579507008217	0.587723537941	0.608506524891	0.556307394877	0.500241662639	0.511358144031	0.654422426293	0.585306911551	0.54857419043	0.489608506525	0.517158047366	0.521991300145	0.464958917351	0.641855969067	0.59255679072	0.500241662639	0.563557274045	0.549057515708	0.646205896568	0.572740454326	0.620106331561	0.599806669889	0.59255679072	0.627839536008	0.510874818753	0.505558240696	0.503141614306	0.507974867086	0.492508458192	0.618173030449	0.501208313195	0.605606573224	0.517158047366	0.571290478492
AB3	0.938617689705	0.956984050266	0.0	0.688738521025	0.914934751087	0.9584340261	0.960367327211	0.947317544708	0.934267762204	0.954084098598	0.973417109715	0.933784436926	0.966167230546	0.336877718705	0.964717254712	0.943450942484	0.975833736104	0.968583856936	0.738037699372	0.762687288545	0.89125181247	0.909134847753	0.959884001933	0.957467375544	0.851619139681	0.90285161914	0.942967617206	0.931367810536	0.855002416626	0.848235862736	0.955534074432	0.947317544708	0.959884001933	0.963267278879	0.975833736104	0.972933784437	0.977283711938	0.956500724988	0.975833736104	0.977283711938	0.975833736104	0.936201063316	0.937651039149	0.952150797487	0.980666988884	0.976317061382	0.977283711938	0.974867085549	0.972933784437	0.973417109715	0.97680038666	0.974383760271	0.977767037216	0.977283711938	0.979700338328	0.975833736104	0.974867085549	0.97680038666	0.973417109715	0.976317061382	0.975350410826	0.975350410826
AB4	0.619139681005	0.586273562107	0.688738521025	0.0	0.629289511841	0.605606573224	0.694055099082	0.609956500725	0.60415659739	0.627839536008	0.639922667956	0.598356694055	0.477525374577	0.572257129048	0.609473175447	0.573223779604	0.621556307395	0.622522957951	0.725471242146	0.5601739971	0.637022716288	0.602706621556	0.638472692122	0.640405993233	0.785403576607	0.630256162397	0.629772837119	0.619139681005	0.5601739971	0.574673755437	0.673755437409	0.620106331561	0.623489608507	0.639439342678	0.714838086032	0.661672305462	0.653455775737	0.630739487675	0.62735621073	0.643305944901	0.60657322378	0.658772353794	0.645239246013	0.627839536008	0.6805219913	0.658289028516	0.704204929918	0.646689221846	0.694055099082	0.671822136298	0.665538907685	0.6805219913	0.622039632673	0.630739487675	0.643789270179	0.618656355727	0.628806186564	0.673272112131	0.623489608507	0.677138714355	0.637989366844	0.666988883519
AC3	0.654905751571	0.567423876269	0.914934751087	0.629289511841	0.0	0.486708554857	0.660705654906	0.559690671822	0.578057032383	0.605123247946	0.623489608507	0.330594490092	0.602223296278	0.826969550507	0.608023199613	0.609473175447	0.621072982117	0.595456742388	0.874818753021	0.74528757854	0.723537941034	0.674722087965	0.718704688255	0.718221362977	0.83325277912	0.69453842436	0.666022232963	0.673755437409	0.675205413243	0.672305461576	0.710004833253	0.65732237796	0.611406476559	0.635089415176	0.621072982117	0.582406959884	0.630739487675	0.577090381827	0.587240212663	0.553890768487	0.563557274045	0.666022232963	0.648622522958	0.567907201547	0.654422426293	0.639922667956	0.579507008217	0.588690188497	0.577090381827	0.587240212663	0.605606573224	0.595456742388	0.534074432093	0.580473658772	0.575640405993	0.571290478492	0.615273078782	0.565973900435	0.617689705172	0.60415659739	0.605606573224	0.595456742388
AC4	0.587240212663	0.46302561624	0.9584340261	0.605606573224	0.486708554857	0.0	0.628322861286	0.40502658289	0.422426292895	0.52779120348	0.34944417593	0.404543257612	0.502174963751	0.863702271629	0.560657322378	0.528274528758	0.479458675689	0.462058965684	0.922667955534	0.750120831319	0.594006766554	0.541324311261	0.534074432093	0.527307878202	0.884485258579	0.59255679072	0.505558240696	0.507974867086	0.542290961817	0.565973900435	0.572740454326	0.517158047366	0.448042532624	0.461092315128	0.636056065732	0.556307394877	0.472692121798	0.476558724021	0.430159497342	0.531657805703	0.456259062349	0.676655389077	0.629772837119	0.49299178347	0.518124697922	0.473175447076	0.639922667956	0.574190430159	0.606089898502	0.58337361044	0.584823586274	0.618173030449	0.482841952634	0.504108264862	0.500724987917	0.494441759304	0.535041082649	0.613823102948	0.551474142098	0.594490091832	0.458675688739	0.573707104882
AD3	0.68293861769	0.600289995167	0.960367327211	0.694055099082	0.660705654906	0.628322861286	0.0	0.559690671822	0.658772353794	0.374093765104	0.684388593523	0.613823102948	0.652972450459	0.866602223296	0.59255679072	0.646689221846	0.693088448526	0.690671822136	0.941034316095	0.768003866602	0.717738037699	0.706138231029	0.704688255196	0.698888351861	0.917351377477	0.704688255196	0.711454809087	0.710004833253	0.702754954084	0.696471725471	0.734171097148	0.694055099082	0.643789270179	0.664088931851	0.742870952151	0.672305461576	0.688255195747	0.553890768487	0.654422426293	0.579990333494	0.586273562107	0.561140647656	0.534074432093	0.563073948768	0.712421459642	0.694055099082	0.775737071049	0.705171580474	0.740937651039	0.726437892702	0.718704688255	0.741420976317	0.666988883519	0.675205413243	0.682455292412	0.67133881102	0.647172547124	0.737554374094	0.646689221846	0.738037699372	0.702271628806	0.705171580474
AD4	0.584340260996	0.466408893185	0.947317544708	0.609956500725	0.559690671822	0.40502658289	0.559690671822	0.0	0.319961333978	0.422909618173	0.436442725955	0.485741904302	0.503141614306	0.851619139681	0.541324311261	0.524407926535	0.463992266796	0.448042532624	0.940067665539	0.758820686322	0.579990333494	0.509908168197	0.507974867086	0.509908168197	0.899951667472	0.602706621556	0.459642339294	0.462542290962	0.503624939584	0.564040599323	0.544224262929	0.49540840986	0.40744320928	0.454809086515	0.657805703238	0.576123731271	0.455292411793	0.458192363461	0.445625906235	0.553890768487	0.46979217013	0.657805703238	0.607539874335	0.487191880135	0.521991300145	0.485258579024	0.662638956017	0.591590140164	0.633156114065	0.616239729338	0.605606573224	0.643789270179	0.510874818753	0.522474625423	0.5186080232	0.523924601257	0.531657805703	0.632189463509	0.554857419043	0.631222812953	0.499275012083	0.589173513775
AE3	0.564040599323	0.492508458192	0.934267762204	0.60415659739	0.578057032383	0.422426292895	0.658772353794	0.319961333978	0.0	0.51619139681	0.414209763171	0.506524891252	0.505074915418	0.846785886902	0.559207346544	0.532624456259	0.46060898985	0.445625906235	0.92363460609	0.74770420493	0.549057515708	0.482358627356	0.48622522958	0.499758337361	0.886901884969	0.589656839053	0.453842435959	0.452875785404	0.496858385694	0.554857419043	0.552440792653	0.488641855969	0.411309811503	0.455292411793	0.672788786854	0.602706621556	0.459159014016	0.496858385694	0.445625906235	0.595940067666	0.511841469309	0.694055099082	0.64572257129	0.521024649589	0.520057999033	0.475108748188	0.666988883519	0.598840019333	0.642339294345	0.626872885452	0.611889801837	0.648622522958	0.521024649589	0.535041082649	0.53020782987	0.533591106815	0.549540840986	0.644755920735	0.566940550991	0.632189463509	0.488641855969	0.594006766554
AE4	0.621556307395	0.51377477042	0.954084098598	0.627839536008	0.605123247946	0.52779120348	0.374093765104	0.422909618173	0.51619139681	0.0	0.581923634606	0.544707588207	0.580473658772	0.85886901885	0.553890768487	0.563073948768	0.594490091832	0.595456742388	0.939101014983	0.759787336878	0.655872402127	0.606089898502	0.608506524891	0.603189946834	0.908651522475	0.632672788787	0.600289995167	0.594006766554	0.590140164331	0.60657322378	0.64813919768	0.595940067666	0.542290961817	0.566940550991	0.699371677139	0.625422909618	0.581923634606	0.473175447076	0.55099081682	0.53020782987	0.498791686805	0.589656839053	0.548090865152	0.495891735138	0.614789753504	0.607056549058	0.716288061866	0.644755920735	0.691155147414	0.670372160464	0.666505558241	0.688738521025	0.583856935718	0.595940067666	0.596906718221	0.59497341711	0.577573707105	0.680038666022	0.589656839053	0.687288545191	0.593523441276	0.64813919768
AF3	0.608506524891	0.537457709038	0.973417109715	0.639922667956	0.623489608507	0.34944417593	0.684388593523	0.436442725955	0.414209763171	0.581923634606	0.0	0.532624456259	0.531657805703	0.881101981634	0.613823102948	0.579507008217	0.461575640406	0.435476075399	0.959884001933	0.786370227163	0.585790236829	0.547124214596	0.44224262929	0.449492508458	0.914934751087	0.619623006283	0.453359110681	0.497341710971	0.536007733204	0.594006766554	0.526341227646	0.520057999033	0.454809086515	0.499758337361	0.677622039633	0.621072982117	0.422909618173	0.523441275979	0.448525857902	0.607056549058	0.529724504592	0.724021266312	0.678105364911	0.549057515708	0.529241179314	0.488641855969	0.675205413243	0.607539874335	0.660222329628	0.622522957951	0.619139681005	0.649105848236	0.536491058482	0.542290961817	0.540840985984	0.53939101015	0.582406959884	0.648622522958	0.594490091832	0.632672788787	0.484775253746	0.600289995167
AF4	0.610439826003	0.507491541808	0.933784436926	0.598356694055	0.330594490092	0.404543257612	0.613823102948	0.485741904302	0.506524891252	0.544707588207	0.532624456259	0.0	0.540840985984	0.840985983567	0.566940550991	0.549057515708	0.565973900435	0.552440792653	0.886418559691	0.719671338811	0.677622039633	0.62735621073	0.654422426293	0.64813919768	0.843402609957	0.630256162397	0.605123247946	0.611889801837	0.619623006283	0.617206379894	0.652972450459	0.603673272112	0.548090865152	0.578540357661	0.595940067666	0.521024649589	0.550024166264	0.51619139681	0.528274528758	0.511841469309	0.507491541808	0.634606089899	0.605123247946	0.514741420976	0.56935717738	0.554374093765	0.58337361044	0.519091348478	0.544707588207	0.538907684872	0.533107781537	0.559207346544	0.478975350411	0.500724987917	0.520541324311	0.511841469309	0.557274045433	0.549540840986	0.561623972934	0.545674238763	0.542774287095	0.531174480425
AG3	0.565007249879	0.479942000967	0.966167230546	0.477525374577	0.602223296278	0.502174963751	0.652972450459	0.503141614306	0.505074915418	0.580473658772	0.531657805703	0.540840985984	0.0	0.848235862736	0.535041082649	0.512324794587	0.506041565974	0.490575157081	0.922184630256	0.743837602707	0.656355727405	0.590140164331	0.573707104882	0.591106814886	0.885935234413	0.626872885452	0.545190913485	0.55099081682	0.595456742388	0.60415659739	0.62493958434	0.559207346544	0.519091348478	0.523441275979	0.661188980184	0.603673272112	0.541807636539	0.526824552924	0.517158047366	0.564523924601	0.502174963751	0.681971967134	0.633156114065	0.536491058482	0.568390526825	0.543740937651	0.625906234896	0.565973900435	0.625422909618	0.61333977767	0.585790236829	0.603673272112	0.50700821653	0.518124697922	0.52537457709	0.512324794587	0.53697438376	0.598840019333	0.547607539874	0.616723054616	0.511841469309	0.573223779604
AG4	0.844369260512	0.858385693572	0.336877718705	0.572257129048	0.826969550507	0.863702271629	0.866602223296	0.851619139681	0.846785886902	0.85886901885	0.881101981634	0.840985983567	0.848235862736	0.0	0.872885451909	0.842435959401	0.886901884969	0.880135331078	0.71532141131	0.682455292412	0.811503141614	0.826969550507	0.873368777187	0.87046882552	0.819719671339	0.81488641856	0.857419043016	0.844369260512	0.772837119381	0.75688738521	0.8796520058	0.858385693572	0.86563557274	0.869018849686	0.891735137748	0.880135331078	0.884968583857	0.85886901885	0.883035282745	0.878685355244	0.876752054132	0.846302561624	0.843402609957	0.85886901885	0.897535041083	0.883518608023	0.881585306912	0.881101981634	0.880618656356	0.876268728855	0.892218463026	0.882551957467	0.886901884969	0.886418559691	0.894635089415	0.887868535524	0.884968583857	0.8796520058	0.882068632189	0.885451909135	0.885935234413	0.885451909135
AH3	0.651039149348	0.388593523441	0.964717254712	0.609473175447	0.608023199613	0.560657322378	0.59255679072	0.541324311261	0.559207346544	0.553890768487	0.613823102948	0.566940550991	0.535041082649	0.872885451909	0.0	0.534557757371	0.600289995167	0.597873368777	0.932334461092	0.766070565491	0.708071532141	0.644755920735	0.630739487675	0.65055582407	0.906234896085	0.695021749638	0.631222812953	0.627839536008	0.658289028516	0.674238762687	0.699371677139	0.642822619623	0.556307394877	0.579023682939	0.706621556307	0.638472692122	0.632672788787	0.545190913485	0.595940067666	0.568873852102	0.543740937651	0.622522957951	0.573707104882	0.558240695988	0.649589173514	0.622039632673	0.712421459642	0.628322861286	0.65732237796	0.653939101015	0.648622522958	0.676172063799	0.604639922668	0.603189946834	0.601739971	0.603189946834	0.570323827936	0.677622039633	0.567423876269	0.651039149348	0.608023199613	0.621072982117
AH4	0.322377960367	0.3610439826	0.943450942484	0.573223779604	0.609473175447	0.528274528758	0.646689221846	0.524407926535	0.532624456259	0.563073948768	0.579507008217	0.549057515708	0.512324794587	0.842435959401	0.534557757371	0.0	0.541807636539	0.543257612373	0.872885451909	0.703238279362	0.630739487675	0.565973900435	0.571290478492	0.575157080715	0.84485258579	0.59255679072	0.552924117931	0.561140647656	0.570323827936	0.574673755437	0.597390043499	0.538907684872	0.537457709038	0.55099081682	0.689221846303	0.623489608507	0.582890285162	0.551957467376	0.554374093765	0.566457225713	0.528757854036	0.675688738521	0.635572740454	0.560657322378	0.597390043499	0.577090381827	0.667955534074	0.603673272112	0.665538907685	0.627839536008	0.610439826003	0.644272595457	0.538424359594	0.522474625423	0.534557757371	0.52779120348	0.523924601257	0.628806186564	0.52779120348	0.634122764621	0.55775737071	0.601256645723
AA7	0.574190430159	0.518124697922	0.975833736104	0.621556307395	0.621072982117	0.479458675689	0.693088448526	0.463992266796	0.46060898985	0.594490091832	0.461575640406	0.565973900435	0.506041565974	0.886901884969	0.600289995167	0.541807636539	0.0	0.291445142581	0.926534557757	0.767037216046	0.589173513775	0.509908168197	0.485741904302	0.498791686805	0.874335427743	0.599806669889	0.453842435959	0.470275495408	0.53939101015	0.579990333494	0.519574673755	0.437892701788	0.454809086515	0.495891735138	0.707104881585	0.64813919768	0.480908651522	0.553890768487	0.490091831803	0.59497341711	0.543740937651	0.721604639923	0.679072015466	0.568390526825	0.561623972934	0.516674722088	0.67133881102	0.608506524891	0.662155630739	0.649589173514	0.603189946834	0.6389560174	0.514258095698	0.540840985984	0.527307878202	0.527307878202	0.543257612373	0.626389560174	0.544224262929	0.651522474625	0.500241662639	0.60415659739
AA8	0.558240695988	0.515224746254	0.968583856936	0.622522957951	0.595456742388	0.462058965684	0.690671822136	0.448042532624	0.445625906235	0.595456742388	0.435476075399	0.552440792653	0.490575157081	0.880135331078	0.597873368777	0.543257612373	0.291445142581	0.0	0.9212179797	0.753020782987	0.570807153214	0.497825036249	0.473658772354	0.485741904302	0.857419043016	0.586273562107	0.438376027066	0.461575640406	0.520057999033	0.570323827936	0.47220879652	0.389560173997	0.43740937651	0.484775253746	0.696471725471	0.632189463509	0.459159014016	0.543740937651	0.477525374577	0.591590140164	0.528274528758	0.72692121798	0.678105364911	0.556307394877	0.547607539874	0.497825036249	0.642822619623	0.594490091832	0.655872402127	0.632189463509	0.593523441276	0.62735621073	0.489608506525	0.528757854036	0.502174963751	0.512324794587	0.53939101015	0.600289995167	0.547124214596	0.6389560174	0.48380860319	0.590140164331
AB7	0.87046882552	0.898501691638	0.738037699372	0.725471242146	0.874818753021	0.922667955534	0.941034316095	0.940067665539	0.92363460609	0.939101014983	0.959884001933	0.886418559691	0.922184630256	0.71532141131	0.932334461092	0.872885451909	0.926534557757	0.9212179797	0.0	0.409376510391	0.816336394393	0.837602706622	0.929917834703	0.928951184147	0.737554374094	0.819719671339	0.890768487192	0.882551957467	0.743837602707	0.70372160464	0.894635089415	0.893668438859	0.915418076365	0.934267762204	0.941034316095	0.930884485259	0.951184146931	0.918801353311	0.952634122765	0.928467858869	0.937167713871	0.869502174964	0.876752054132	0.90961817303	0.961817303045	0.949734171097	0.929434509425	0.932334461092	0.924117931368	0.933301111648	0.935717738038	0.928467858869	0.928951184147	0.9212179797	0.920251329145	0.9212179797	0.927501208313	0.927501208313	0.925567907202	0.926051232479	0.945867568874	0.934267762204
AB8	0.699371677139	0.727404543258	0.762687288545	0.5601739971	0.74528757854	0.750120831319	0.768003866602	0.758820686322	0.74770420493	0.759787336878	0.786370227163	0.719671338811	0.743837602707	0.682455292412	0.766070565491	0.703238279362	0.767037216046	0.753020782987	0.409376510391	0.0	0.653455775737	0.661672305462	0.747220879652	0.750604156597	0.738037699372	0.659255679072	0.716288061866	0.700821652972	0.535041082649	0.52537457709	0.734171097148	0.721121314645	0.743354277429	0.756404059932	0.804253262446	0.759787336878	0.773803769937	0.739004349928	0.772353794103	0.755437409377	0.752537457709	0.710004833253	0.712421459642	0.730787820203	0.790720154664	0.778153697438	0.813919768004	0.758337361044	0.789753504108	0.771870468826	0.773320444659	0.785403576607	0.760753987434	0.757854035766	0.758337361044	0.752537457709	0.754954084099	0.784920251329	0.757854035766	0.767520541324	0.775737071049	0.761720637989
AC7	0.600773320445	0.639439342678	0.89125181247	0.637022716288	0.723537941034	0.594006766554	0.717738037699	0.579990333494	0.549057515708	0.655872402127	0.585790236829	0.677622039633	0.656355727405	0.811503141614	0.708071532141	0.630739487675	0.589173513775	0.570807153214	0.816336394393	0.653455775737	0.0	0.346544224263	0.561140647656	0.564040599323	0.819719671339	0.575640405993	0.533591106815	0.503141614306	0.464958917351	0.500241662639	0.561140647656	0.533591106815	0.550024166264	0.597873368777	0.798453359111	0.739971000483	0.622039632673	0.622522957951	0.598356694055	0.719671338811	0.659255679072	0.70130497825	0.676172063799	0.633156114065	0.643789270179	0.600773320445	0.808603189947	0.746737554374	0.790236829386	0.776703721605	0.741420976317	0.778153697438	0.668438859352	0.672788786854	0.665538907685	0.668438859352	0.672788786854	0.776220396327	0.680038666022	0.775253745771	0.609956500725	0.740454325761
AC8	0.572257129048	0.578057032383	0.909134847753	0.602706621556	0.674722087965	0.541324311261	0.706138231029	0.509908168197	0.482358627356	0.606089898502	0.547124214596	0.62735621073	0.590140164331	0.826969550507	0.644755920735	0.565973900435	0.509908168197	0.497825036249	0.837602706622	0.661672305462	0.346544224263	0.0	0.489608506525	0.497341710971	0.83566940551	0.561140647656	0.400676655389	0.373610439826	0.434509424843	0.467375543741	0.531657805703	0.476075398743	0.485741904302	0.515224746254	0.741420976317	0.679555340744	0.564523924601	0.566457225713	0.539874335428	0.655389076849	0.599806669889	0.675205413243	0.642339294345	0.572257129048	0.58337361044	0.539874335428	0.748187530208	0.679555340744	0.733204446593	0.713871435476	0.676172063799	0.712421459642	0.597873368777	0.609956500725	0.603189946834	0.601739971	0.598356694055	0.708071532141	0.609473175447	0.721604639923	0.544707588207	0.671822136298
AD7	0.584340260996	0.567907201547	0.959884001933	0.638472692122	0.718704688255	0.534074432093	0.704688255196	0.507974867086	0.48622522958	0.608506524891	0.44224262929	0.654422426293	0.573707104882	0.873368777187	0.630739487675	0.571290478492	0.485741904302	0.473658772354	0.929917834703	0.747220879652	0.561140647656	0.489608506525	0.0	0.293861768971	0.889318511358	0.526341227646	0.418559690672	0.452392460126	0.510391493475	0.551957467376	0.496375060416	0.475592073465	0.486708554857	0.524407926535	0.741904301595	0.676655389077	0.508941517641	0.579507008217	0.541324311261	0.653455775737	0.595940067666	0.721121314645	0.687288545191	0.600289995167	0.581923634606	0.541324311261	0.747220879652	0.681005316578	0.729821169647	0.712421459642	0.681005316578	0.713388110198	0.609956500725	0.608506524891	0.595456742388	0.606089898502	0.591106814886	0.709038182697	0.603189946834	0.718221362977	0.55775737071	0.672788786854
AD8	0.58337361044	0.56935717738	0.957467375544	0.640405993233	0.718221362977	0.527307878202	0.698888351861	0.509908168197	0.499758337361	0.603189946834	0.449492508458	0.64813919768	0.591106814886	0.87046882552	0.65055582407	0.575157080715	0.498791686805	0.485741904302	0.928951184147	0.750604156597	0.564040599323	0.497341710971	0.293861768971	0.0	0.869018849686	0.50700821653	0.420976317061	0.463992266796	0.499758337361	0.546640889319	0.503624939584	0.492508458192	0.509908168197	0.545674238763	0.744320927985	0.677622039633	0.506524891252	0.575157080715	0.53939101015	0.656839052682	0.592073465442	0.723537941034	0.683905268246	0.593040115998	0.582890285162	0.551474142098	0.744320927985	0.674238762687	0.737071048816	0.712421459642	0.67133881102	0.708554857419	0.60415659739	0.603189946834	0.589173513775	0.599323344611	0.592073465442	0.707104881585	0.606089898502	0.717254712421	0.554857419043	0.663605606573
AE7	0.83566940551	0.876752054132	0.851619139681	0.785403576607	0.83325277912	0.884485258579	0.917351377477	0.899951667472	0.886901884969	0.908651522475	0.914934751087	0.843402609957	0.885935234413	0.819719671339	0.906234896085	0.84485258579	0.874335427743	0.857419043016	0.737554374094	0.738037699372	0.819719671339	0.83566940551	0.889318511358	0.869018849686	0.0	0.536491058482	0.872885451909	0.85886901885	0.77090381827	0.766553890768	0.838569357177	0.826002899952	0.896085065249	0.906718221363	0.926534557757	0.915418076365	0.922184630256	0.902368293862	0.916384726921	0.872402126631	0.901401643306	0.874818753021	0.874335427743	0.873852102465	0.942484291928	0.922184630256	0.889318511358	0.901884968584	0.903818269696	0.90285161914	0.905268245529	0.898501691638	0.894151764137	0.896085065249	0.899951667472	0.887868535524	0.908168197197	0.889318511358	0.900918318028	0.902368293862	0.906718221363	0.903334944418
AE8	0.589173513775	0.602223296278	0.90285161914	0.630256162397	0.69453842436	0.59255679072	0.704688255196	0.602706621556	0.589656839053	0.632672788787	0.619623006283	0.630256162397	0.626872885452	0.81488641856	0.695021749638	0.59255679072	0.599806669889	0.586273562107	0.819719671339	0.659255679072	0.575640405993	0.561140647656	0.526341227646	0.50700821653	0.536491058482	0.0	0.574673755437	0.563073948768	0.529724504592	0.509424842919	0.579990333494	0.547607539874	0.601256645723	0.611889801837	0.763170613823	0.698405026583	0.630256162397	0.603189946834	0.621072982117	0.641855969067	0.636056065732	0.691155147414	0.666988883519	0.606089898502	0.648622522958	0.629289511841	0.752537457709	0.696955050749	0.748187530208	0.720637989367	0.70372160464	0.731754470759	0.647655872402	0.637506041566	0.646205896568	0.646689221846	0.658772353794	0.72450459159	0.663122281295	0.724021266312	0.613823102948	0.684388593523
AF7	0.564523924601	0.541324311261	0.942967617206	0.629772837119	0.666022232963	0.505558240696	0.711454809087	0.459642339294	0.453842435959	0.600289995167	0.453359110681	0.605123247946	0.545190913485	0.857419043016	0.631222812953	0.552924117931	0.453842435959	0.438376027066	0.890768487192	0.716288061866	0.533591106815	0.400676655389	0.418559690672	0.420976317061	0.872885451909	0.574673755437	0.0	0.318994683422	0.478008699855	0.523441275979	0.478975350411	0.4813919768	0.445142580957	0.486708554857	0.702271628806	0.640405993233	0.471725471242	0.536007733204	0.502174963751	0.609473175447	0.55775737071	0.697921701305	0.652972450459	0.546157564041	0.549057515708	0.506041565974	0.68970517158	0.631222812953	0.695505074915	0.670372160464	0.628806186564	0.658772353794	0.555340744321	0.563073948768	0.554374093765	0.55775737071	0.54857419043	0.649589173514	0.56935717738	0.672305461576	0.500241662639	0.623972933784
AF8	0.56935717738	0.541324311261	0.931367810536	0.619139681005	0.673755437409	0.507974867086	0.710004833253	0.462542290962	0.452875785404	0.594006766554	0.497341710971	0.611889801837	0.55099081682	0.844369260512	0.627839536008	0.561140647656	0.470275495408	0.461575640406	0.882551957467	0.700821652972	0.503141614306	0.373610439826	0.452392460126	0.463992266796	0.85886901885	0.563073948768	0.318994683422	0.0	0.455292411793	0.503624939584	0.531657805703	0.481875302078	0.440792653456	0.485741904302	0.710971483809	0.64813919768	0.496375060416	0.521024649589	0.500241662639	0.613823102948	0.554374093765	0.683905268246	0.6389560174	0.535041082649	0.550507491542	0.508458192363	0.699855002417	0.635572740454	0.693571773804	0.677622039633	0.636056065732	0.666022232963	0.564523924601	0.56935717738	0.557274045433	0.565007249879	0.561623972934	0.664572257129	0.577090381827	0.684388593523	0.502658289029	0.629289511841
AG7	0.586273562107	0.579507008217	0.855002416626	0.5601739971	0.675205413243	0.542290961817	0.702754954084	0.503624939584	0.496858385694	0.590140164331	0.536007733204	0.619623006283	0.595456742388	0.772837119381	0.658289028516	0.570323827936	0.53939101015	0.520057999033	0.743837602707	0.535041082649	0.464958917351	0.434509424843	0.510391493475	0.499758337361	0.77090381827	0.529724504592	0.478008699855	0.455292411793	0.0	0.325277912035	0.551957467376	0.510874818753	0.500241662639	0.550507491542	0.74528757854	0.677622039633	0.536491058482	0.549540840986	0.540840985984	0.646689221846	0.589173513775	0.667472208797	0.626389560174	0.561140647656	0.602706621556	0.571290478492	0.73852102465	0.669888835186	0.727404543258	0.706138231029	0.67133881102	0.711454809087	0.603189946834	0.612856452392	0.614789753504	0.608506524891	0.61575640406	0.701788303528	0.628806186564	0.709038182697	0.569840502658	0.665055582407
AG8	0.582406959884	0.587723537941	0.848235862736	0.574673755437	0.672305461576	0.565973900435	0.696471725471	0.564040599323	0.554857419043	0.60657322378	0.594006766554	0.617206379894	0.60415659739	0.75688738521	0.674238762687	0.574673755437	0.579990333494	0.570323827936	0.70372160464	0.52537457709	0.500241662639	0.467375543741	0.551957467376	0.546640889319	0.766553890768	0.509424842919	0.523441275979	0.503624939584	0.325277912035	0.0	0.574673755437	0.53939101015	0.559690671822	0.584823586274	0.750120831319	0.6805219913	0.593523441276	0.5601739971	0.588690188497	0.649105848236	0.602706621556	0.659255679072	0.637506041566	0.566457225713	0.621556307395	0.602706621556	0.749637506042	0.677622039633	0.729821169647	0.707104881585	0.681488641856	0.717738037699	0.616723054616	0.625422909618	0.625422909618	0.623006283229	0.628322861286	0.706138231029	0.638472692122	0.707104881585	0.585790236829	0.666022232963
AH7	0.586273562107	0.608506524891	0.955534074432	0.673755437409	0.710004833253	0.572740454326	0.734171097148	0.544224262929	0.552440792653	0.64813919768	0.526341227646	0.652972450459	0.62493958434	0.8796520058	0.699371677139	0.597390043499	0.519574673755	0.47220879652	0.894635089415	0.734171097148	0.561140647656	0.531657805703	0.496375060416	0.503624939584	0.838569357177	0.579990333494	0.478975350411	0.531657805703	0.551957467376	0.574673755437	0.0	0.339294345094	0.573223779604	0.607056549058	0.777187046883	0.723054615756	0.555824069599	0.640405993233	0.595940067666	0.664572257129	0.636056065732	0.757854035766	0.731271145481	0.647655872402	0.649105848236	0.616723054616	0.759787336878	0.71532141131	0.75688738521	0.746254229096	0.706138231029	0.730304494925	0.621072982117	0.634122764621	0.616723054616	0.629289511841	0.634122764621	0.727887868536	0.6389560174	0.729821169647	0.597390043499	0.700338327695
AH8	0.538907684872	0.556307394877	0.947317544708	0.620106331561	0.65732237796	0.517158047366	0.694055099082	0.49540840986	0.488641855969	0.595940067666	0.520057999033	0.603673272112	0.559207346544	0.858385693572	0.642822619623	0.538907684872	0.437892701788	0.389560173997	0.893668438859	0.721121314645	0.533591106815	0.476075398743	0.475592073465	0.492508458192	0.826002899952	0.547607539874	0.4813919768	0.481875302078	0.510874818753	0.53939101015	0.339294345094	0.0	0.495891735138	0.537941034316	0.745770903818	0.68293861769	0.549540840986	0.580473658772	0.53697438376	0.622039632673	0.583856935718	0.710971483809	0.680038666022	0.591106814886	0.600773320445	0.552924117931	0.699855002417	0.660222329628	0.717254712421	0.68970517158	0.654422426293	0.679072015466	0.559207346544	0.577573707105	0.555824069599	0.567907201547	0.573707104882	0.663605606573	0.58095698405	0.686321894635	0.539874335428	0.64813919768
AA5	0.574190430159	0.500241662639	0.959884001933	0.623489608507	0.611406476559	0.448042532624	0.643789270179	0.40744320928	0.411309811503	0.542290961817	0.454809086515	0.548090865152	0.519091348478	0.86563557274	0.556307394877	0.537457709038	0.454809086515	0.43740937651	0.915418076365	0.743354277429	0.550024166264	0.485741904302	0.486708554857	0.509908168197	0.896085065249	0.601256645723	0.445142580957	0.440792653456	0.500241662639	0.559690671822	0.573223779604	0.495891735138	0.0	0.346544224263	0.67133881102	0.587723537941	0.48380860319	0.443692605123	0.462542290962	0.555340744321	0.467858869019	0.634122764621	0.586756887385	0.468825519575	0.528274528758	0.462058965684	0.697438376027	0.628806186564	0.663605606573	0.655872402127	0.642822619623	0.680038666022	0.526824552924	0.560657322378	0.553890768487	0.547607539874	0.537457709038	0.664572257129	0.565973900435	0.654905751571	0.500724987917	0.621072982117
AA6	0.589656839053	0.511358144031	0.963267278879	0.639439342678	0.635089415176	0.461092315128	0.664088931851	0.454809086515	0.455292411793	0.566940550991	0.499758337361	0.578540357661	0.523441275979	0.869018849686	0.579023682939	0.55099081682	0.495891735138	0.484775253746	0.934267762204	0.756404059932	0.597873368777	0.515224746254	0.524407926535	0.545674238763	0.906718221363	0.611889801837	0.486708554857	0.485741904302	0.550507491542	0.584823586274	0.607056549058	0.537941034316	0.346544224263	0.0	0.672305461576	0.584340260996	0.510874818753	0.478008699855	0.478008699855	0.579507008217	0.490575157081	0.670855485742	0.619623006283	0.50700821653	0.463992266796	0.412276462059	0.695505074915	0.626872885452	0.666988883519	0.656355727405	0.634606089899	0.673272112131	0.533107781537	0.559207346544	0.552924117931	0.548090865152	0.547607539874	0.660705654906	0.574190430159	0.655389076849	0.506524891252	0.623006283229
AB5	0.742870952151	0.654422426293	0.975833736104	0.714838086032	0.621072982117	0.636056065732	0.742870952151	0.657805703238	0.672788786854	0.699371677139	0.677622039633	0.595940067666	0.661188980184	0.891735137748	0.706621556307	0.689221846303	0.707104881585	0.696471725471	0.941034316095	0.804253262446	0.798453359111	0.741420976317	0.741904301595	0.744320927985	0.926534557757	0.763170613823	0.702271628806	0.710971483809	0.74528757854	0.750120831319	0.777187046883	0.745770903818	0.67133881102	0.672305461576	0.0	0.311261478975	0.609473175447	0.64813919768	0.633639439343	0.622522957951	0.610439826003	0.734654422426	0.713871435476	0.634606089899	0.635089415176	0.61575640406	0.623006283229	0.607539874335	0.62493958434	0.604639922668	0.620589656839	0.616723054616	0.595456742388	0.591590140164	0.623489608507	0.613823102948	0.660705654906	0.599323344611	0.657805703238	0.622039632673	0.665055582407	0.618173030449
AB6	0.677622039633	0.585306911551	0.972933784437	0.661672305462	0.582406959884	0.556307394877	0.672305461576	0.576123731271	0.602706621556	0.625422909618	0.621072982117	0.521024649589	0.603673272112	0.880135331078	0.638472692122	0.623489608507	0.64813919768	0.632189463509	0.930884485259	0.759787336878	0.739971000483	0.679555340744	0.676655389077	0.677622039633	0.915418076365	0.698405026583	0.640405993233	0.64813919768	0.677622039633	0.6805219913	0.723054615756	0.68293861769	0.587723537941	0.584340260996	0.311261478975	0.0	0.550024166264	0.564040599323	0.569840502658	0.547124214596	0.531657805703	0.672305461576	0.644272595457	0.537941034316	0.547124214596	0.539874335428	0.584823586274	0.52537457709	0.570807153214	0.538907684872	0.539874335428	0.567423876269	0.532624456259	0.53697438376	0.565973900435	0.559690671822	0.591106814886	0.550024166264	0.594490091832	0.556307394877	0.609956500725	0.532141130981
AC5	0.616239729338	0.54857419043	0.977283711938	0.653455775737	0.630739487675	0.472692121798	0.688255195747	0.455292411793	0.459159014016	0.581923634606	0.422909618173	0.550024166264	0.541807636539	0.884968583857	0.632672788787	0.582890285162	0.480908651522	0.459159014016	0.951184146931	0.773803769937	0.622039632673	0.564523924601	0.508941517641	0.506524891252	0.922184630256	0.630256162397	0.471725471242	0.496375060416	0.536491058482	0.593523441276	0.555824069599	0.549540840986	0.48380860319	0.510874818753	0.609473175447	0.550024166264	0.0	0.431609473175	0.451909134848	0.578057032383	0.519574673755	0.713871435476	0.662638956017	0.532624456259	0.4813919768	0.452875785404	0.600289995167	0.543257612373	0.608023199613	0.567907201547	0.555340744321	0.583856935718	0.478492025133	0.4813919768	0.499758337361	0.50459159014	0.574673755437	0.573707104882	0.587240212663	0.577090381827	0.503141614306	0.540357660706
AC6	0.608023199613	0.489608506525	0.956500724988	0.630739487675	0.577090381827	0.476558724021	0.553890768487	0.458192363461	0.496858385694	0.473175447076	0.523441275979	0.51619139681	0.526824552924	0.85886901885	0.545190913485	0.551957467376	0.553890768487	0.543740937651	0.918801353311	0.739004349928	0.622522957951	0.566457225713	0.579507008217	0.575157080715	0.902368293862	0.603189946834	0.536007733204	0.521024649589	0.549540840986	0.5601739971	0.640405993233	0.580473658772	0.443692605123	0.478008699855	0.64813919768	0.564040599323	0.431609473175	0.0	0.502174963751	0.502658289029	0.47220879652	0.492508458192	0.443692605123	0.395360077332	0.54857419043	0.523441275979	0.666988883519	0.602223296278	0.642822619623	0.617689705172	0.616239729338	0.646205896568	0.543740937651	0.553890768487	0.560657322378	0.552440792653	0.54857419043	0.63653939101	0.567907201547	0.628806186564	0.521024649589	0.595940067666
AD6	0.597873368777	0.517158047366	0.975833736104	0.62735621073	0.587240212663	0.430159497342	0.654422426293	0.445625906235	0.445625906235	0.55099081682	0.448525857902	0.528274528758	0.517158047366	0.883035282745	0.595940067666	0.554374093765	0.490091831803	0.477525374577	0.952634122765	0.772353794103	0.598356694055	0.539874335428	0.541324311261	0.53939101015	0.916384726921	0.621072982117	0.502174963751	0.500241662639	0.540840985984	0.588690188497	0.595940067666	0.53697438376	0.462542290962	0.478008699855	0.633639439343	0.569840502658	0.451909134848	0.502174963751	0.0	0.540840985984	0.417109714838	0.70372160464	0.661672305462	0.525857902368	0.496375060416	0.457225712905	0.614306428226	0.547124214596	0.603189946834	0.576123731271	0.56259062349	0.594490091832	0.478492025133	0.477525374577	0.480425326245	0.471242145964	0.552440792653	0.580473658772	0.559690671822	0.586756887385	0.45142580957	0.545190913485
AE5	0.630739487675	0.521991300145	0.977283711938	0.643305944901	0.553890768487	0.531657805703	0.579990333494	0.553890768487	0.595940067666	0.53020782987	0.607056549058	0.511841469309	0.564523924601	0.878685355244	0.568873852102	0.566457225713	0.59497341711	0.591590140164	0.928467858869	0.755437409377	0.719671338811	0.655389076849	0.653455775737	0.656839052682	0.872402126631	0.641855969067	0.609473175447	0.613823102948	0.646689221846	0.649105848236	0.664572257129	0.622039632673	0.555340744321	0.579507008217	0.622522957951	0.547124214596	0.578057032383	0.502658289029	0.540840985984	0.0	0.336394393427	0.604639922668	0.559690671822	0.486708554857	0.623006283229	0.608989850169	0.630739487675	0.591590140164	0.617206379894	0.601256645723	0.612373127115	0.635572740454	0.529241179314	0.545674238763	0.579507008217	0.544707588207	0.546640889319	0.618173030449	0.556790720155	0.619139681005	0.570807153214	0.594006766554
AE6	0.588690188497	0.464958917351	0.975833736104	0.60657322378	0.563557274045	0.456259062349	0.586273562107	0.46979217013	0.511841469309	0.498791686805	0.529724504592	0.507491541808	0.502174963751	0.876752054132	0.543740937651	0.528757854036	0.543740937651	0.528274528758	0.937167713871	0.752537457709	0.659255679072	0.599806669889	0.595940067666	0.592073465442	0.901401643306	0.636056065732	0.55775737071	0.554374093765	0.589173513775	0.602706621556	0.636056065732	0.583856935718	0.467858869019	0.490575157081	0.610439826003	0.531657805703	0.519574673755	0.47220879652	0.417109714838	0.336394393427	0.0	0.637022716288	0.589656839053	0.456259062349	0.544707588207	0.530691155147	0.634122764621	0.568390526825	0.607539874335	0.588690188497	0.591106814886	0.628322861286	0.481875302078	0.49299178347	0.51377477042	0.496375060416	0.51377477042	0.610923151281	0.536491058482	0.598840019333	0.503624939584	0.577090381827
AF5	0.711454809087	0.641855969067	0.936201063316	0.658772353794	0.666022232963	0.676655389077	0.561140647656	0.657805703238	0.694055099082	0.589656839053	0.724021266312	0.634606089899	0.681971967134	0.846302561624	0.622522957951	0.675688738521	0.721604639923	0.72692121798	0.869502174964	0.710004833253	0.70130497825	0.675205413243	0.721121314645	0.723537941034	0.874818753021	0.691155147414	0.697921701305	0.683905268246	0.667472208797	0.659255679072	0.757854035766	0.710971483809	0.634122764621	0.670855485742	0.734654422426	0.672305461576	0.713871435476	0.492508458192	0.70372160464	0.604639922668	0.637022716288	0.0	0.286128564524	0.544707588207	0.732721121315	0.713388110198	0.760753987434	0.716288061866	0.748187530208	0.722571290478	0.734654422426	0.756404059932	0.703238279362	0.713871435476	0.725471242146	0.714354760754	0.681488641856	0.746254229096	0.685355244079	0.730787820203	0.713871435476	0.726437892702
AF6	0.689221846303	0.59255679072	0.937651039149	0.645239246013	0.648622522958	0.629772837119	0.534074432093	0.607539874335	0.64572257129	0.548090865152	0.678105364911	0.605123247946	0.633156114065	0.843402609957	0.573707104882	0.635572740454	0.679072015466	0.678105364911	0.876752054132	0.712421459642	0.676172063799	0.642339294345	0.687288545191	0.683905268246	0.874335427743	0.666988883519	0.652972450459	0.6389560174	0.626389560174	0.637506041566	0.731271145481	0.680038666022	0.586756887385	0.619623006283	0.713871435476	0.644272595457	0.662638956017	0.443692605123	0.661672305462	0.559690671822	0.589656839053	0.286128564524	0.0	0.501691638473	0.68970517158	0.669888835186	0.741420976317	0.688255195747	0.723054615756	0.698405026583	0.697921701305	0.73368777187	0.661672305462	0.671822136298	0.683905268246	0.665055582407	0.627839536008	0.719188013533	0.631706138231	0.704688255196	0.674722087965	0.678588690188
