	AA3	AA4	AB3	AB4	AC3	AC4	AD3	AD4	AE3	AE4	AF3	AF4	AG3	AG4	AH3	AH4	AA7	AA8	AB7	AB8	AC7	AC8	AD7	AD8	AE7	AE8	AF7	AF8	AG7	AG8	AH7	AH8	AA5	AA6	AB5	AB6	AC5	AC6	AD6	AE5	AE6	AF5	AF6	AG5	AH5	AH6	AA1	AA2	AB1	AB2	AC1	AC2	AD1	AD2	AE1	AE2	AF1	AF2	AG1	AG2	AH1	AH2
AA3	0.0	0.479942000967	0.939101014983	0.652972450459	0.660222329628	0.60415659739	0.663122281295	0.59497341711	0.572740454326	0.628322861286	0.628322861286	0.623006283229	0.579990333494	0.843885935234	0.653455775737	0.321411309812	0.555340744321	0.56259062349	0.861768970517	0.724987916868	0.617206379894	0.570807153214	0.601256645723	0.585790236829	0.83325277912	0.603673272112	0.578057032383	0.563073948768	0.596906718221	0.604639922668	0.593523441276	0.564040599323	0.595940067666	0.591106814886	0.746737554374	0.688738521025	0.608023199613	0.617689705172	0.597390043499	0.635089415176	0.607539874335	0.723054615756	0.70130497825	0.623006283229	0.631706138231	0.615273078782	0.682455292412	0.649589173514	0.728854519091	0.682455292412	0.646205896568	0.667955534074	0.575640405993	0.550024166264	0.583856935718	0.574673755437	0.576123731271	0.660705654906	0.590140164331	0.676172063799	0.576607056549	0.655872402127
AA4	0.479942000967	0.0	0.949734171097	0.59255679072	0.585306911551	0.507974867086	0.594490091832	0.493958434026	0.496858385694	0.515708071532	0.545674238763	0.525857902368	0.485741904302	0.847752537458	0.374093765104	0.361527307878	0.533107781537	0.527307878202	0.898501691638	0.73610439826	0.64572257129	0.568873852102	0.581440309328	0.563557274045	0.875302078299	0.614306428226	0.551957467376	0.549057515708	0.584823586274	0.587723537941	0.617689705172	0.577090381827	0.50459159014	0.510391493475	0.666988883519	0.599806669889	0.56935717738	0.510391493475	0.522957950701	0.529724504592	0.490091831803	0.632672788787	0.595940067666	0.515708071532	0.580473658772	0.56935717738	0.651039149348	0.580473658772	0.641855969067	0.607539874335	0.598840019333	0.632189463509	0.523924601257	0.51377477042	0.535041082649	0.520541324311	0.492025132914	0.622039632673	0.503141614306	0.594490091832	0.514741420976	0.584823586274
AB3	0.939101014983	0.949734171097	0.0	0.684871918801	0.9212179797	0.957467375544	0.962783953601	0.94683421943	0.937651039149	0.949250845819	0.975833736104	0.933301111648	0.971483808603	0.344127597873	0.966650555824	0.942484291928	0.974867085549	0.971967133881	0.732237796037	0.765587240213	0.888351860802	0.906234896085	0.960367327211	0.95360077332	0.852585790237	0.897535041083	0.945384243596	0.931367810536	0.834702754954	0.839536007733	0.95360077332	0.95360077332	0.955534074432	0.964233929435	0.975350410826	0.96761720638	0.97680038666	0.959400676655	0.975833736104	0.974867085549	0.972933784437	0.937651039149	0.93523441276	0.954084098598	0.97680038666	0.973900434993	0.974867085549	0.972450459159	0.973417109715	0.974867085549	0.971967133881	0.972450459159	0.974383760271	0.973900434993	0.974867085549	0.973900434993	0.972933784437	0.971967133881	0.972933784437	0.974383760271	0.973417109715	0.974383760271
AB4	0.652972450459	0.59255679072	0.684871918801	0.0	0.654905751571	0.631706138231	0.688255195747	0.618173030449	0.613823102948	0.631706138231	0.640889318511	0.61575640406	0.501691638473	0.554374093765	0.615273078782	0.595940067666	0.641855969067	0.636056065732	0.722571290478	0.589173513775	0.65973900435	0.639922667956	0.672788786854	0.649589173514	0.793620106332	0.645239246013	0.654905751571	0.63653939101	0.546640889319	0.572740454326	0.696955050749	0.664572257129	0.635572740454	0.651039149348	0.734654422426	0.676655389077	0.658289028516	0.649105848236	0.629772837119	0.637506041566	0.62735621073	0.670855485742	0.655389076849	0.637506041566	0.68970517158	0.673272112131	0.704688255196	0.666988883519	0.713871435476	0.674722087965	0.675688738521	0.681005316578	0.636056065732	0.64572257129	0.656839052682	0.648622522958	0.652489125181	0.680038666022	0.646205896568	0.66892218463	0.65732237796	0.676172063799
AC3	0.660222329628	0.585306911551	0.9212179797	0.654905751571	0.0	0.49299178347	0.644272595457	0.530691155147	0.549540840986	0.591590140164	0.619623006283	0.313194780087	0.607539874335	0.832286128565	0.625422909618	0.598840019333	0.630739487675	0.600289995167	0.869985500242	0.757854035766	0.734654422426	0.68970517158	0.731754470759	0.709521507975	0.834219429676	0.688255195747	0.671822136298	0.681005316578	0.681005316578	0.682455292412	0.707104881585	0.668438859352	0.617206379894	0.634122764621	0.62493958434	0.575640405993	0.618173030449	0.570807153214	0.587723537941	0.54857419043	0.56259062349	0.655389076849	0.640889318511	0.593040115998	0.645239246013	0.641372643789	0.586756887385	0.596906718221	0.593040115998	0.583856935718	0.597390043499	0.594006766554	0.537457709038	0.567423876269	0.58337361044	0.553890768487	0.623972933784	0.573707104882	0.608506524891	0.582890285162	0.625422909618	0.603189946834
AC4	0.60415659739	0.507974867086	0.957467375544	0.631706138231	0.49299178347	0.0	0.618656355727	0.408893185114	0.410826486225	0.517641372644	0.339294345094	0.403093281779	0.513291445143	0.863218946351	0.579990333494	0.532141130981	0.494925084582	0.471242145964	0.925084581924	0.763170613823	0.597873368777	0.552924117931	0.541807636539	0.523441275979	0.893185113581	0.590623489609	0.514258095698	0.529724504592	0.556790720155	0.55775737071	0.596423392943	0.549540840986	0.467858869019	0.492508458192	0.634122764621	0.561623972934	0.476558724021	0.49299178347	0.436442725955	0.552440792653	0.49540840986	0.671822136298	0.640889318511	0.511358144031	0.512324794587	0.485741904302	0.634122764621	0.568873852102	0.61575640406	0.578057032383	0.581440309328	0.611406476559	0.490575157081	0.503141614306	0.519091348478	0.499758337361	0.546157564041	0.597873368777	0.565007249879	0.568873852102	0.47220879652	0.565973900435
AD3	0.663122281295	0.594490091832	0.962783953601	0.688255195747	0.644272595457	0.618656355727	0.0	0.521024649589	0.634122764621	0.356210729821	0.670855485742	0.594490091832	0.628806186564	0.866602223296	0.577090381827	0.634122764621	0.677138714355	0.671822136298	0.931367810536	0.777187046883	0.719188013533	0.68970517158	0.692605123248	0.68970517158	0.911068148864	0.677622039633	0.693088448526	0.691638472692	0.688738521025	0.681488641856	0.713871435476	0.684871918801	0.634122764621	0.646205896568	0.734654422426	0.662155630739	0.664572257129	0.531174480425	0.630256162397	0.579023682939	0.584823586274	0.57177380377	0.547607539874	0.537457709038	0.700338327695	0.681971967134	0.753987433543	0.694055099082	0.739004349928	0.708071532141	0.700338327695	0.73610439826	0.643789270179	0.657805703238	0.666505558241	0.647172547124	0.638472692122	0.720637989367	0.639922667956	0.717254712421	0.687771870469	0.690671822136
AD4	0.59497341711	0.493958434026	0.94683421943	0.618173030449	0.530691155147	0.408893185114	0.521024649589	0.0	0.31029482842	0.409376510391	0.413243112615	0.475592073465	0.515708071532	0.853552440793	0.541807636539	0.537941034316	0.470275495408	0.4398260029	0.931367810536	0.766553890768	0.585306911551	0.51377477042	0.506041565974	0.482841952634	0.899951667472	0.596423392943	0.453842435959	0.477042049299	0.506041565974	0.546157564041	0.542290961817	0.505558240696	0.405509908168	0.461092315128	0.642822619623	0.567907201547	0.432576123731	0.445625906235	0.427742870952	0.532141130981	0.474142097632	0.627839536008	0.600773320445	0.47462542291	0.505558240696	0.479458675689	0.648622522958	0.582890285162	0.633639439343	0.602706621556	0.590623489609	0.625422909618	0.494925084582	0.493958434026	0.51377477042	0.510391493475	0.529724504592	0.61333977767	0.549057515708	0.601256645723	0.489125181247	0.578057032383
AE3	0.572740454326	0.496858385694	0.937651039149	0.613823102948	0.549540840986	0.410826486225	0.634122764621	0.31029482842	0.0	0.512324794587	0.394876752054	0.494441759304	0.505558240696	0.848235862736	0.562107298212	0.525857902368	0.440792653456	0.418076365394	0.920734654422	0.758820686322	0.553890768487	0.478975350411	0.477525374577	0.457225712905	0.887385210246	0.586756887385	0.427742870952	0.454809086515	0.487191880135	0.536007733204	0.53020782987	0.484291928468	0.410826486225	0.457709038183	0.653939101015	0.587240212663	0.420976317061	0.49299178347	0.43064282262	0.575640405993	0.509908168197	0.675205413243	0.646205896568	0.521507974867	0.488158530691	0.465442242629	0.649105848236	0.580473658772	0.637506041566	0.603673272112	0.591590140164	0.633156114065	0.501691638473	0.501691638473	0.522474625423	0.513291445143	0.536491058482	0.619139681005	0.563557274045	0.598840019333	0.474142097632	0.577573707105
AE4	0.628322861286	0.515708071532	0.949250845819	0.631706138231	0.591590140164	0.517641372644	0.356210729821	0.409376510391	0.512324794587	0.0	0.576607056549	0.533591106815	0.568390526825	0.853552440793	0.542774287095	0.57177380377	0.580473658772	0.58095698405	0.927017883035	0.765103914935	0.663122281295	0.602223296278	0.602706621556	0.586756887385	0.903334944418	0.618173030449	0.593523441276	0.586756887385	0.581440309328	0.591590140164	0.643789270179	0.607056549058	0.53939101015	0.550507491542	0.687771870469	0.616239729338	0.572740454326	0.461575640406	0.532624456259	0.521507974867	0.516674722088	0.581923634606	0.558240695988	0.480425326245	0.608989850169	0.596423392943	0.710004833253	0.644272595457	0.705654905752	0.663122281295	0.657805703238	0.685838569357	0.59255679072	0.587240212663	0.596423392943	0.582406959884	0.570807153214	0.677622039633	0.587723537941	0.665538907685	0.59255679072	0.647172547124
AF3	0.628322861286	0.545674238763	0.975833736104	0.640889318511	0.619623006283	0.339294345094	0.670855485742	0.413243112615	0.394876752054	0.576607056549	0.0	0.515708071532	0.523924601257	0.879168680522	0.590623489609	0.567907201547	0.447559207347	0.431609473175	0.953117448043	0.795553407443	0.587723537941	0.542774287095	0.444659255679	0.441759304012	0.922184630256	0.62735621073	0.436926051232	0.499758337361	0.547124214596	0.582890285162	0.528274528758	0.505558240696	0.443692605123	0.499275012083	0.668438859352	0.614306428226	0.422426292895	0.527307878202	0.442725954567	0.608506524891	0.536491058482	0.710971483809	0.681005316578	0.556790720155	0.509908168197	0.479942000967	0.65732237796	0.593040115998	0.651522474625	0.609473175447	0.599806669889	0.637022716288	0.519091348478	0.514258095698	0.531657805703	0.526341227646	0.571290478492	0.621556307395	0.585306911551	0.602706621556	0.477042049299	0.586756887385
AF4	0.623006283229	0.525857902368	0.933301111648	0.61575640406	0.313194780087	0.403093281779	0.594490091832	0.475592073465	0.494441759304	0.533591106815	0.515708071532	0.0	0.550024166264	0.839052682455	0.565007249879	0.549057515708	0.578057032383	0.549057515708	0.885451909135	0.733204446593	0.695505074915	0.6389560174	0.672788786854	0.648622522958	0.848719188014	0.643305944901	0.618656355727	0.630256162397	0.637506041566	0.638472692122	0.659255679072	0.623006283229	0.557274045433	0.579023682939	0.618173030449	0.538907684872	0.568390526825	0.514741420976	0.520541324311	0.500241662639	0.514258095698	0.619623006283	0.596423392943	0.534557757371	0.591590140164	0.579990333494	0.594490091832	0.540357660706	0.588206863219	0.553890768487	0.550024166264	0.581440309328	0.496858385694	0.523924601257	0.533591106815	0.50459159014	0.573707104882	0.561140647656	0.559207346544	0.545674238763	0.560657322378	0.550024166264
AG3	0.579990333494	0.485741904302	0.971483808603	0.501691638473	0.607539874335	0.513291445143	0.628806186564	0.515708071532	0.505558240696	0.568390526825	0.523924601257	0.550024166264	0.0	0.838086031899	0.519574673755	0.521991300145	0.506041565974	0.478008699855	0.928467858869	0.766553890768	0.659255679072	0.593040115998	0.593523441276	0.58337361044	0.883518608023	0.623972933784	0.551474142098	0.567907201547	0.60415659739	0.601739971	0.62493958434	0.567423876269	0.512808119865	0.518124697922	0.665055582407	0.610923151281	0.53939101015	0.520541324311	0.503624939584	0.5601739971	0.506524891252	0.665538907685	0.627839536008	0.545674238763	0.567423876269	0.561140647656	0.623489608507	0.564523924601	0.634122764621	0.60415659739	0.583856935718	0.60657322378	0.510874818753	0.511841469309	0.532624456259	0.523441275979	0.53020782987	0.601739971	0.556307394877	0.595940067666	0.501691638473	0.575157080715
AG4	0.843885935234	0.847752537458	0.344127597873	0.554374093765	0.832286128565	0.863218946351	0.866602223296	0.853552440793	0.848235862736	0.853552440793	0.879168680522	0.839052682455	0.838086031899	0.0	0.87046882552	0.842919284679	0.88883518608	0.885451909135	0.695988400193	0.681971967134	0.805703238279	0.82165297245	0.874335427743	0.869502174964	0.823586273562	0.81246979217	0.863218946351	0.845335911068	0.750604156597	0.755920734654	0.876752054132	0.866118898018	0.866602223296	0.872402126631	0.896085065249	0.883035282745	0.884001933301	0.859835669406	0.882551957467	0.876268728855	0.875302078299	0.844369260512	0.840502658289	0.861768970517	0.891735137748	0.884968583857	0.878685355244	0.879168680522	0.884968583857	0.881585306912	0.885935234413	0.882068632189	0.882068632189	0.880135331078	0.88883518608	0.883518608023	0.883035282745	0.884968583857	0.882068632189	0.881101981634	0.887868535524	0.884968583857
AH3	0.653455775737	0.374093765104	0.966650555824	0.615273078782	0.625422909618	0.579990333494	0.577090381827	0.541807636539	0.562107298212	0.542774287095	0.590623489609	0.565007249879	0.519574673755	0.87046882552	0.0	0.529241179314	0.592073465442	0.587723537941	0.927017883035	0.776703721605	0.70130497825	0.64813919768	0.637022716288	0.627839536008	0.910584823586	0.693088448526	0.637022716288	0.633156114065	0.658289028516	0.653939101015	0.693088448526	0.649105848236	0.543740937651	0.567907201547	0.704688255196	0.646689221846	0.624456259062	0.523441275979	0.579507008217	0.547124214596	0.549540840986	0.597390043499	0.559207346544	0.54857419043	0.641372643789	0.634122764621	0.70130497825	0.626872885452	0.663122281295	0.653939101015	0.642822619623	0.66892218463	0.580473658772	0.59255679072	0.600773320445	0.597390043499	0.564040599323	0.663122281295	0.555340744321	0.64813919768	0.586756887385	0.614789753504
AH4	0.321411309812	0.361527307878	0.942484291928	0.595940067666	0.598840019333	0.532141130981	0.634122764621	0.537941034316	0.525857902368	0.57177380377	0.567907201547	0.549057515708	0.521991300145	0.842919284679	0.529241179314	0.0	0.5186080232	0.526341227646	0.858385693572	0.722087965201	0.622522957951	0.558240695988	0.583856935718	0.560657322378	0.841469308845	0.596423392943	0.563073948768	0.549057515708	0.579507008217	0.575640405993	0.591106814886	0.550507491542	0.553407443209	0.555340744321	0.696471725471	0.638472692122	0.577573707105	0.567907201547	0.542774287095	0.574673755437	0.540840985984	0.675205413243	0.656839052682	0.571290478492	0.604639922668	0.589656839053	0.647655872402	0.597390043499	0.674238762687	0.627839536008	0.601739971	0.62493958434	0.531174480425	0.503141614306	0.532624456259	0.519091348478	0.52779120348	0.618656355727	0.532624456259	0.621556307395	0.538907684872	0.608989850169
AA7	0.555340744321	0.533107781537	0.974867085549	0.641855969067	0.630739487675	0.494925084582	0.677138714355	0.470275495408	0.440792653456	0.580473658772	0.447559207347	0.578057032383	0.506041565974	0.88883518608	0.592073465442	0.5186080232	0.0	0.283711938134	0.915901401643	0.775253745771	0.581923634606	0.509908168197	0.487675205413	0.471725471242	0.867568873852	0.596906718221	0.466408893185	0.46979217013	0.538424359594	0.569840502658	0.512324794587	0.403093281779	0.440309328178	0.489608506525	0.716771387144	0.658772353794	0.475108748188	0.561140647656	0.498308361527	0.598356694055	0.56259062349	0.714354760754	0.6805219913	0.56935717738	0.55099081682	0.52779120348	0.672305461576	0.617206379894	0.690188496858	0.648622522958	0.60415659739	0.645239246013	0.522474625423	0.518124697922	0.553407443209	0.530691155147	0.539874335428	0.626389560174	0.548090865152	0.644272595457	0.493958434026	0.614306428226
AA8	0.56259062349	0.527307878202	0.971967133881	0.636056065732	0.600289995167	0.471242145964	0.671822136298	0.4398260029	0.418076365394	0.58095698405	0.431609473175	0.549057515708	0.478008699855	0.885451909135	0.587723537941	0.526341227646	0.283711938134	0.0	0.913484775254	0.769453842436	0.578057032383	0.498791686805	0.493958434026	0.475108748188	0.862252295795	0.589656839053	0.450459159014	0.463992266796	0.531174480425	0.557274045433	0.490091831803	0.38666022233	0.423876268729	0.469308844853	0.691638472692	0.634606089899	0.462058965684	0.540840985984	0.471725471242	0.595940067666	0.537457709038	0.716288061866	0.680038666022	0.5601739971	0.524891251812	0.503624939584	0.632672788787	0.584340260996	0.662155630739	0.621072982117	0.573707104882	0.607056549058	0.490575157081	0.491058482359	0.523441275979	0.507974867086	0.538907684872	0.587240212663	0.550024166264	0.616723054616	0.459159014016	0.583856935718
AB7	0.861768970517	0.898501691638	0.732237796037	0.722571290478	0.869985500242	0.925084581924	0.931367810536	0.931367810536	0.920734654422	0.927017883035	0.953117448043	0.885451909135	0.928467858869	0.695988400193	0.927017883035	0.858385693572	0.915901401643	0.913484775254	0.0	0.418076365394	0.81246979217	0.840502658289	0.939101014983	0.920251329145	0.734654422426	0.819236346061	0.904784920251	0.873852102465	0.73852102465	0.713871435476	0.8796520058	0.887868535524	0.916868052199	0.932334461092	0.941034316095	0.918801353311	0.940550990817	0.918318028033	0.946350894152	0.928467858869	0.937651039149	0.882551957467	0.878685355244	0.915901401643	0.961817303045	0.94441759304	0.923151280812	0.925084581924	0.930884485259	0.928951184147	0.927017883035	0.915418076365	0.90961817303	0.909134847753	0.913484775254	0.908168197197	0.930401159981	0.910584823586	0.919768003867	0.926534557757	0.943934267762	0.934267762204
AB8	0.724987916868	0.73610439826	0.765587240213	0.589173513775	0.757854035766	0.763170613823	0.777187046883	0.766553890768	0.758820686322	0.765103914935	0.795553407443	0.733204446593	0.766553890768	0.681971967134	0.776703721605	0.722087965201	0.775253745771	0.769453842436	0.418076365394	0.0	0.664572257129	0.683421942968	0.776703721605	0.757854035766	0.736587723538	0.662638956017	0.737071048816	0.707588206863	0.545674238763	0.540840985984	0.751087481875	0.745770903818	0.763170613823	0.767520541324	0.81488641856	0.759787336878	0.782020299662	0.754470758821	0.781053649106	0.766553890768	0.773320444659	0.732237796037	0.722087965201	0.756404059932	0.801836636056	0.785403576607	0.817303044949	0.771387143548	0.809569840503	0.769453842436	0.781536974384	0.792653455776	0.771387143548	0.768003866602	0.774287095215	0.766553890768	0.768003866602	0.782986950217	0.770420492992	0.765103914935	0.778637022716	0.772837119381
AC7	0.617206379894	0.64572257129	0.888351860802	0.65973900435	0.734654422426	0.597873368777	0.719188013533	0.585306911551	0.553890768487	0.663122281295	0.587723537941	0.695505074915	0.659255679072	0.805703238279	0.70130497825	0.622522957951	0.581923634606	0.578057032383	0.81246979217	0.664572257129	0.0	0.365393910101	0.564523924601	0.564040599323	0.818753020783	0.588690188497	0.547124214596	0.508458192363	0.491058482359	0.497341710971	0.572740454326	0.550024166264	0.551474142098	0.589656839053	0.80328661189	0.749637506042	0.633156114065	0.638472692122	0.620589656839	0.721604639923	0.682455292412	0.722087965201	0.701788303528	0.637506041566	0.628806186564	0.601739971	0.815853069116	0.751087481875	0.811986466892	0.779603673272	0.74770420493	0.784920251329	0.674722087965	0.65973900435	0.68293861769	0.684871918801	0.667472208797	0.775253745771	0.678588690188	0.772353794103	0.603189946834	0.749154180764
AC8	0.570807153214	0.568873852102	0.906234896085	0.639922667956	0.68970517158	0.552924117931	0.68970517158	0.51377477042	0.478975350411	0.602223296278	0.542774287095	0.6389560174	0.593040115998	0.82165297245	0.64813919768	0.558240695988	0.509908168197	0.498791686805	0.840502658289	0.683421942968	0.365393910101	0.0	0.484291928468	0.478975350411	0.831802803287	0.546157564041	0.417593040116	0.375543740938	0.450459159014	0.4813919768	0.519574673755	0.478008699855	0.482358627356	0.525857902368	0.73852102465	0.674238762687	0.554374093765	0.58095698405	0.557274045433	0.651522474625	0.616239729338	0.677622039633	0.651522474625	0.574673755437	0.572740454326	0.551474142098	0.744804253262	0.675688738521	0.751087481875	0.716771387144	0.675205413243	0.710971483809	0.60657322378	0.588206863219	0.617206379894	0.615273078782	0.590623489609	0.706138231029	0.613823102948	0.708071532141	0.534557757371	0.673272112131
AD7	0.601256645723	0.581440309328	0.960367327211	0.672788786854	0.731754470759	0.541807636539	0.692605123248	0.506041565974	0.477525374577	0.602706621556	0.444659255679	0.672788786854	0.593523441276	0.874335427743	0.637022716288	0.583856935718	0.487675205413	0.493958434026	0.939101014983	0.776703721605	0.564523924601	0.484291928468	0.0	0.293861768971	0.902368293862	0.535041082649	0.412276462059	0.455292411793	0.514741420976	0.556307394877	0.511358144031	0.474142097632	0.492025132914	0.531657805703	0.752054132431	0.686321894635	0.513291445143	0.587240212663	0.558724021266	0.658289028516	0.61333977767	0.719188013533	0.694055099082	0.593040115998	0.563073948768	0.544224262929	0.753987433543	0.672788786854	0.760753987434	0.728371193813	0.681971967134	0.710971483809	0.61575640406	0.595456742388	0.612373127115	0.628322861286	0.594490091832	0.716771387144	0.615273078782	0.719188013533	0.549540840986	0.673272112131
AD8	0.585790236829	0.563557274045	0.95360077332	0.649589173514	0.709521507975	0.523441275979	0.68970517158	0.482841952634	0.457225712905	0.586756887385	0.441759304012	0.648622522958	0.58337361044	0.869502174964	0.627839536008	0.560657322378	0.471725471242	0.475108748188	0.920251329145	0.757854035766	0.564040599323	0.478975350411	0.293861768971	0.0	0.864668922185	0.493958434026	0.382793620106	0.433059449009	0.4813919768	0.527307878202	0.495891735138	0.462058965684	0.488641855969	0.524891251812	0.743837602707	0.678588690188	0.496375060416	0.575640405993	0.541807636539	0.640405993233	0.593523441276	0.71290478492	0.685355244079	0.568390526825	0.56259062349	0.537457709038	0.743837602707	0.666505558241	0.745770903818	0.708071532141	0.665538907685	0.703238279362	0.605123247946	0.579507008217	0.601256645723	0.61333977767	0.589656839053	0.702754954084	0.606089898502	0.697438376027	0.540357660706	0.663605606573
AE7	0.83325277912	0.875302078299	0.852585790237	0.793620106332	0.834219429676	0.893185113581	0.911068148864	0.899951667472	0.887385210246	0.903334944418	0.922184630256	0.848719188014	0.883518608023	0.823586273562	0.910584823586	0.841469308845	0.867568873852	0.862252295795	0.734654422426	0.736587723538	0.818753020783	0.831802803287	0.902368293862	0.864668922185	0.0	0.53939101015	0.882068632189	0.855969067182	0.765103914935	0.765587240213	0.838569357177	0.837119381344	0.897051715805	0.908168197197	0.929434509425	0.906234896085	0.915901401643	0.902368293862	0.909134847753	0.872402126631	0.90043499275	0.880618656356	0.877718704688	0.884001933301	0.938617689705	0.922667955534	0.89125181247	0.904301594973	0.917351377477	0.902368293862	0.904301594973	0.897535041083	0.892218463026	0.893668438859	0.903818269696	0.887868535524	0.913001449976	0.894151764137	0.899951667472	0.892218463026	0.913001449976	0.904784920251
AE8	0.603673272112	0.614306428226	0.897535041083	0.645239246013	0.688255195747	0.590623489609	0.677622039633	0.596423392943	0.586756887385	0.618173030449	0.62735621073	0.643305944901	0.623972933784	0.81246979217	0.693088448526	0.596423392943	0.596906718221	0.589656839053	0.819236346061	0.662638956017	0.588690188497	0.546157564041	0.535041082649	0.493958434026	0.53939101015	0.0	0.58095698405	0.55775737071	0.519574673755	0.51377477042	0.574190430159	0.563073948768	0.60657322378	0.609956500725	0.757854035766	0.692605123248	0.619623006283	0.599806669889	0.616239729338	0.655389076849	0.643305944901	0.701788303528	0.680038666022	0.595456742388	0.637022716288	0.622522957951	0.753987433543	0.686805219913	0.762203963267	0.714354760754	0.700821652972	0.73368777187	0.651039149348	0.629772837119	0.648622522958	0.642822619623	0.646689221846	0.725471242146	0.662638956017	0.70130497825	0.611406476559	0.6805219913
AF7	0.578057032383	0.551957467376	0.945384243596	0.654905751571	0.671822136298	0.514258095698	0.693088448526	0.453842435959	0.427742870952	0.593523441276	0.436926051232	0.618656355727	0.551474142098	0.863218946351	0.637022716288	0.563073948768	0.466408893185	0.450459159014	0.904784920251	0.737071048816	0.547124214596	0.417593040116	0.412276462059	0.382793620106	0.882068632189	0.58095698405	0.0	0.328177863702	0.471725471242	0.521507974867	0.491541807637	0.471725471242	0.440792653456	0.482841952634	0.707588206863	0.641372643789	0.459642339294	0.535041082649	0.503141614306	0.615273078782	0.557274045433	0.696955050749	0.665538907685	0.544224262929	0.528274528758	0.50459159014	0.688255195747	0.619139681005	0.708554857419	0.670855485742	0.622522957951	0.658289028516	0.55775737071	0.540840985984	0.559690671822	0.562107298212	0.555824069599	0.652005799903	0.582890285162	0.660705654906	0.489125181247	0.623972933784
AF8	0.563073948768	0.549057515708	0.931367810536	0.63653939101	0.681005316578	0.529724504592	0.691638472692	0.477042049299	0.454809086515	0.586756887385	0.499758337361	0.630256162397	0.567907201547	0.845335911068	0.633156114065	0.549057515708	0.46979217013	0.463992266796	0.873852102465	0.707588206863	0.508458192363	0.375543740938	0.455292411793	0.433059449009	0.855969067182	0.55775737071	0.328177863702	0.0	0.453359110681	0.501691638473	0.505074915418	0.456259062349	0.459642339294	0.505558240696	0.723054615756	0.654905751571	0.497825036249	0.551957467376	0.526824552924	0.614789753504	0.585306911551	0.67133881102	0.641372643789	0.550024166264	0.552924117931	0.531657805703	0.693088448526	0.629289511841	0.718221362977	0.680038666022	0.633156114065	0.664088931851	0.567423876269	0.548090865152	0.577573707105	0.576607056549	0.546640889319	0.658289028516	0.565973900435	0.673755437409	0.49540840986	0.635089415176
AG7	0.596906718221	0.584823586274	0.834702754954	0.546640889319	0.681005316578	0.556790720155	0.688738521025	0.506041565974	0.487191880135	0.581440309328	0.547124214596	0.637506041566	0.60415659739	0.750604156597	0.658289028516	0.579507008217	0.538424359594	0.531174480425	0.73852102465	0.545674238763	0.491058482359	0.450459159014	0.514741420976	0.4813919768	0.765103914935	0.519574673755	0.471725471242	0.453359110681	0.0	0.322861285645	0.544224262929	0.518124697922	0.51377477042	0.553407443209	0.744804253262	0.68293861769	0.532624456259	0.565490575157	0.5601739971	0.647172547124	0.608506524891	0.665055582407	0.639439342678	0.566457225713	0.590623489609	0.577090381827	0.745770903818	0.666988883519	0.744320927985	0.710971483809	0.669405509908	0.710488158531	0.630739487675	0.604639922668	0.617689705172	0.613823102948	0.621072982117	0.710971483809	0.639439342678	0.697438376027	0.575640405993	0.665538907685
AG8	0.604639922668	0.587723537941	0.839536007733	0.572740454326	0.682455292412	0.55775737071	0.681488641856	0.546157564041	0.536007733204	0.591590140164	0.582890285162	0.638472692122	0.601739971	0.755920734654	0.653939101015	0.575640405993	0.569840502658	0.557274045433	0.713871435476	0.540840985984	0.497341710971	0.4813919768	0.556307394877	0.527307878202	0.765587240213	0.51377477042	0.521507974867	0.501691638473	0.322861285645	0.0	0.572257129048	0.538424359594	0.549057515708	0.56259062349	0.751087481875	0.684388593523	0.571290478492	0.568873852102	0.568390526825	0.647172547124	0.607539874335	0.672305461576	0.646689221846	0.573223779604	0.601256645723	0.584823586274	0.750120831319	0.671822136298	0.746254229096	0.708554857419	0.675688738521	0.712421459642	0.631222812953	0.60657322378	0.618656355727	0.611406476559	0.622039632673	0.710488158531	0.643305944901	0.695021749638	0.578540357661	0.67133881102
AH7	0.593523441276	0.617689705172	0.95360077332	0.696955050749	0.707104881585	0.596423392943	0.713871435476	0.542290961817	0.53020782987	0.643789270179	0.528274528758	0.659255679072	0.62493958434	0.876752054132	0.693088448526	0.591106814886	0.512324794587	0.490091831803	0.8796520058	0.751087481875	0.572740454326	0.519574673755	0.511358144031	0.495891735138	0.838569357177	0.574190430159	0.491541807637	0.505074915418	0.544224262929	0.572257129048	0.0	0.318511358144	0.574673755437	0.608023199613	0.777187046883	0.725954567424	0.556307394877	0.643305944901	0.603673272112	0.670855485742	0.649105848236	0.766553890768	0.745770903818	0.637022716288	0.633639439343	0.615273078782	0.757370710488	0.708071532141	0.78008699855	0.738037699372	0.703238279362	0.734171097148	0.62735621073	0.611889801837	0.628322861286	0.637506041566	0.6389560174	0.728854519091	0.63653939101	0.721121314645	0.596423392943	0.710971483809
AH8	0.564040599323	0.577090381827	0.95360077332	0.664572257129	0.668438859352	0.549540840986	0.684871918801	0.505558240696	0.484291928468	0.607056549058	0.505558240696	0.623006283229	0.567423876269	0.866118898018	0.649105848236	0.550507491542	0.403093281779	0.38666022233	0.887868535524	0.745770903818	0.550024166264	0.478008699855	0.474142097632	0.462058965684	0.837119381344	0.563073948768	0.471725471242	0.456259062349	0.518124697922	0.538424359594	0.318511358144	0.0	0.51619139681	0.547124214596	0.756404059932	0.697438376027	0.523924601257	0.59497341711	0.558240695988	0.632189463509	0.604639922668	0.730304494925	0.709038182697	0.59255679072	0.588690188497	0.569840502658	0.713388110198	0.659255679072	0.741420976317	0.692605123248	0.654422426293	0.684871918801	0.584823586274	0.564523924601	0.590140164331	0.587240212663	0.583856935718	0.681971967134	0.588690188497	0.685355244079	0.546640889319	0.665538907685
AA5	0.595940067666	0.50459159014	0.955534074432	0.635572740454	0.617206379894	0.467858869019	0.634122764621	0.405509908168	0.410826486225	0.53939101015	0.443692605123	0.557274045433	0.512808119865	0.866602223296	0.543740937651	0.553407443209	0.440309328178	0.423876268729	0.916868052199	0.763170613823	0.551474142098	0.482358627356	0.492025132914	0.488641855969	0.897051715805	0.60657322378	0.440792653456	0.459642339294	0.51377477042	0.549057515708	0.574673755437	0.51619139681	0.0	0.33107781537	0.675688738521	0.590623489609	0.476558724021	0.456259062349	0.467375543741	0.555824069599	0.493958434026	0.629772837119	0.589656839053	0.478492025133	0.521507974867	0.471725471242	0.692605123248	0.626389560174	0.672305461576	0.646689221846	0.636056065732	0.66892218463	0.521991300145	0.53939101015	0.565007249879	0.547124214596	0.530691155147	0.657805703238	0.556307394877	0.643305944901	0.480425326245	0.615273078782
AA6	0.591106814886	0.510391493475	0.964233929435	0.651039149348	0.634122764621	0.492508458192	0.646205896568	0.461092315128	0.457709038183	0.550507491542	0.499275012083	0.579023682939	0.518124697922	0.872402126631	0.567907201547	0.555340744321	0.489608506525	0.469308844853	0.932334461092	0.767520541324	0.589656839053	0.525857902368	0.531657805703	0.524891251812	0.908168197197	0.609956500725	0.482841952634	0.505558240696	0.553407443209	0.56259062349	0.608023199613	0.547124214596	0.33107781537	0.0	0.678588690188	0.591590140164	0.512808119865	0.473658772354	0.478975350411	0.570323827936	0.501208313195	0.651039149348	0.617206379894	0.499758337361	0.457225712905	0.412276462059	0.697438376027	0.634606089899	0.675688738521	0.648622522958	0.635089415176	0.670372160464	0.531657805703	0.539874335428	0.568390526825	0.553407443209	0.535041082649	0.660222329628	0.561140647656	0.639922667956	0.494925084582	0.625422909618
AB5	0.746737554374	0.666988883519	0.975350410826	0.734654422426	0.62493958434	0.634122764621	0.734654422426	0.642822619623	0.653939101015	0.687771870469	0.668438859352	0.618173030449	0.665055582407	0.896085065249	0.704688255196	0.696471725471	0.716771387144	0.691638472692	0.941034316095	0.81488641856	0.80328661189	0.73852102465	0.752054132431	0.743837602707	0.929434509425	0.757854035766	0.707588206863	0.723054615756	0.744804253262	0.751087481875	0.777187046883	0.756404059932	0.675688738521	0.678588690188	0.0	0.3194780087	0.615273078782	0.648622522958	0.619139681005	0.630256162397	0.611406476559	0.728854519091	0.710971483809	0.654905751571	0.630739487675	0.62735621073	0.619623006283	0.620589656839	0.634122764621	0.604639922668	0.630256162397	0.619623006283	0.609956500725	0.611406476559	0.608506524891	0.607056549058	0.665055582407	0.60415659739	0.661188980184	0.610923151281	0.663605606573	0.620589656839
AB6	0.688738521025	0.599806669889	0.96761720638	0.676655389077	0.575640405993	0.561623972934	0.662155630739	0.567907201547	0.587240212663	0.616239729338	0.614306428226	0.538907684872	0.610923151281	0.883035282745	0.646689221846	0.638472692122	0.658772353794	0.634606089899	0.918801353311	0.759787336878	0.749637506042	0.674238762687	0.686321894635	0.678588690188	0.906234896085	0.692605123248	0.641372643789	0.654905751571	0.68293861769	0.684388593523	0.725954567424	0.697438376027	0.590623489609	0.591590140164	0.3194780087	0.0	0.569840502658	0.567907201547	0.564523924601	0.561140647656	0.534557757371	0.655389076849	0.634122764621	0.563073948768	0.563557274045	0.549540840986	0.604639922668	0.555824069599	0.592073465442	0.5601739971	0.572257129048	0.588206863219	0.53697438376	0.565490575157	0.566457225713	0.5601739971	0.599806669889	0.562107298212	0.596423392943	0.557274045433	0.614789753504	0.554857419043
AC5	0.608023199613	0.56935717738	0.97680038666	0.658289028516	0.618173030449	0.476558724021	0.664572257129	0.432576123731	0.420976317061	0.572740454326	0.422426292895	0.568390526825	0.53939101015	0.884001933301	0.624456259062	0.577573707105	0.475108748188	0.462058965684	0.940550990817	0.782020299662	0.633156114065	0.554374093765	0.513291445143	0.496375060416	0.915901401643	0.619623006283	0.459642339294	0.497825036249	0.532624456259	0.571290478492	0.556307394877	0.523924601257	0.476558724021	0.512808119865	0.615273078782	0.569840502658	0.0	0.448525857902	0.448042532624	0.577090381827	0.523924601257	0.703238279362	0.660705654906	0.540357660706	0.4813919768	0.466892218463	0.606089898502	0.551474142098	0.627839536008	0.579507008217	0.560657322378	0.589656839053	0.502658289029	0.479458675689	0.493475108748	0.496375060416	0.566940550991	0.585790236829	0.586756887385	0.566457225713	0.501691638473	0.545190913485
AC6	0.617689705172	0.510391493475	0.959400676655	0.649105848236	0.570807153214	0.49299178347	0.531174480425	0.445625906235	0.49299178347	0.461575640406	0.527307878202	0.514741420976	0.520541324311	0.859835669406	0.523441275979	0.567907201547	0.561140647656	0.540840985984	0.918318028033	0.754470758821	0.638472692122	0.58095698405	0.587240212663	0.575640405993	0.902368293862	0.599806669889	0.535041082649	0.551957467376	0.565490575157	0.568873852102	0.643305944901	0.59497341711	0.456259062349	0.473658772354	0.648622522958	0.567907201547	0.448525857902	0.0	0.500241662639	0.511841469309	0.506041565974	0.479458675689	0.43740937651	0.406476558724	0.550507491542	0.530691155147	0.66892218463	0.602223296278	0.652972450459	0.610923151281	0.617689705172	0.652005799903	0.552440792653	0.547607539874	0.557274045433	0.540840985984	0.538907684872	0.640405993233	0.558240695988	0.608989850169	0.521991300145	0.602706621556
AD6	0.597390043499	0.522957950701	0.975833736104	0.629772837119	0.587723537941	0.436442725955	0.630256162397	0.427742870952	0.43064282262	0.532624456259	0.442725954567	0.520541324311	0.503624939584	0.882551957467	0.579507008217	0.542774287095	0.498308361527	0.471725471242	0.946350894152	0.781053649106	0.620589656839	0.557274045433	0.558724021266	0.541807636539	0.909134847753	0.616239729338	0.503141614306	0.526824552924	0.5601739971	0.568390526825	0.603673272112	0.558240695988	0.467375543741	0.478975350411	0.619139681005	0.564523924601	0.448042532624	0.500241662639	0.0	0.531657805703	0.414693088449	0.690671822136	0.663122281295	0.52779120348	0.473175447076	0.45142580957	0.596906718221	0.536491058482	0.599806669889	0.558724021266	0.54857419043	0.580473658772	0.455775737071	0.459159014016	0.47462542291	0.470758820686	0.538424359594	0.576123731271	0.552924117931	0.565973900435	0.44900918318	0.53697438376
AE5	0.635089415176	0.529724504592	0.974867085549	0.637506041566	0.54857419043	0.552440792653	0.579023682939	0.532141130981	0.575640405993	0.521507974867	0.608506524891	0.500241662639	0.5601739971	0.876268728855	0.547124214596	0.574673755437	0.598356694055	0.595940067666	0.928467858869	0.766553890768	0.721604639923	0.651522474625	0.658289028516	0.640405993233	0.872402126631	0.655389076849	0.615273078782	0.614789753504	0.647172547124	0.647172547124	0.670855485742	0.632189463509	0.555824069599	0.570323827936	0.630256162397	0.561140647656	0.577090381827	0.511841469309	0.531657805703	0.0	0.353310778154	0.593040115998	0.567907201547	0.503141614306	0.62735621073	0.618656355727	0.641855969067	0.591590140164	0.642822619623	0.603189946834	0.615273078782	0.6389560174	0.531174480425	0.559690671822	0.58337361044	0.546157564041	0.559207346544	0.622522957951	0.557274045433	0.601256645723	0.575640405993	0.608506524891
AE6	0.607539874335	0.490091831803	0.972933784437	0.62735621073	0.56259062349	0.49540840986	0.584823586274	0.474142097632	0.509908168197	0.516674722088	0.536491058482	0.514258095698	0.506524891252	0.875302078299	0.549540840986	0.540840985984	0.56259062349	0.537457709038	0.937651039149	0.773320444659	0.682455292412	0.616239729338	0.61333977767	0.593523441276	0.90043499275	0.643305944901	0.557274045433	0.585306911551	0.608506524891	0.607539874335	0.649105848236	0.604639922668	0.493958434026	0.501208313195	0.611406476559	0.534557757371	0.523924601257	0.506041565974	0.414693088449	0.353310778154	0.0	0.641372643789	0.612373127115	0.511358144031	0.54857419043	0.535041082649	0.628322861286	0.567423876269	0.615273078782	0.577573707105	0.58337361044	0.617206379894	0.48380860319	0.491058482359	0.516674722088	0.492025132914	0.514258095698	0.602706621556	0.533591106815	0.572740454326	0.512808119865	0.574190430159
AF5	0.723054615756	0.632672788787	0.937651039149	0.670855485742	0.655389076849	0.671822136298	0.57177380377	0.627839536008	0.675205413243	0.581923634606	0.710971483809	0.619623006283	0.665538907685	0.844369260512	0.597390043499	0.675205413243	0.714354760754	0.716288061866	0.882551957467	0.732237796037	0.722087965201	0.677622039633	0.719188013533	0.71290478492	0.880618656356	0.701788303528	0.696955050749	0.67133881102	0.665055582407	0.672305461576	0.766553890768	0.730304494925	0.629772837119	0.651039149348	0.728854519091	0.655389076849	0.703238279362	0.479458675689	0.690671822136	0.593040115998	0.641372643789	0.0	0.277912034799	0.528274528758	0.720154664089	0.706621556307	0.755920734654	0.711938134364	0.739004349928	0.706138231029	0.729821169647	0.74770420493	0.687288545191	0.711938134364	0.719188013533	0.70130497825	0.665055582407	0.728371193813	0.666022232963	0.710004833253	0.707104881585	0.716771387144
AF6	0.70130497825	0.595940067666	0.93523441276	0.655389076849	0.640889318511	0.640889318511	0.547607539874	0.600773320445	0.646205896568	0.558240695988	0.681005316578	0.596423392943	0.627839536008	0.840502658289	0.559207346544	0.656839052682	0.6805219913	0.680038666022	0.878685355244	0.722087965201	0.701788303528	0.651522474625	0.694055099082	0.685355244079	0.877718704688	0.680038666022	0.665538907685	0.641372643789	0.639439342678	0.646689221846	0.745770903818	0.709038182697	0.589656839053	0.617206379894	0.710971483809	0.634122764621	0.660705654906	0.43740937651	0.663122281295	0.567907201547	0.612373127115	0.277912034799	0.0	0.497825036249	0.687771870469	0.671822136298	0.73852102465	0.681005316578	0.719188013533	0.684388593523	0.690671822136	0.725954567424	0.650072498792	0.680038666022	0.686805219913	0.664572257129	0.633156114065	0.704204929918	0.631706138231	0.688255195747	0.674238762687	0.6805219913
