	AA3	AA4	AB3	AB4	AC3	AC4	AD3	AD4	AE3	AE4	AF3	AF4	AG3	AG4	AH3	AH4	AA7	AA8	AB7	AB8	AC7	AC8	AD7	AD8	AE7	AE8	AF7	AF8	AG7	AG8	AH7	AH8	AA5	AA6	AB5	AB6	AC5	AC6	AD6	AE5	AE6	AF5	AF6	AG5	AH5	AH6	AA1	AA2	AB1	AB2	AC1	AC2	AD1	AD2	AE1	AE2	AF1	AF2	AG1	AG2	AH1	AH2
AA3	0.0	0.473658772354	0.93281778637	0.625422909618	0.652005799903	0.581440309328	0.675205413243	0.583856935718	0.565490575157	0.624456259062	0.609473175447	0.605606573224	0.579990333494	0.847752537458	0.641855969067	0.324311261479	0.561140647656	0.572740454326	0.854519091348	0.705654905752	0.619623006283	0.567423876269	0.574190430159	0.597873368777	0.823102948284	0.589173513775	0.570807153214	0.5601739971	0.593040115998	0.600289995167	0.589656839053	0.56259062349	0.582890285162	0.589656839053	0.741420976317	0.681971967134	0.62493958434	0.620589656839	0.600289995167	0.631222812953	0.604639922668	0.724021266312	0.699371677139	0.631222812953	0.621556307395	0.624456259062	0.684388593523	0.649105848236	0.719188013533	0.675688738521	0.651039149348	0.663122281295	0.594490091832	0.581440309328	0.578540357661	0.565490575157	0.575640405993	0.653455775737	0.585790236829	0.666505558241	0.565007249879	0.646689221846
AA4	0.473658772354	0.0	0.95360077332	0.586273562107	0.578057032383	0.498791686805	0.59255679072	0.484291928468	0.506041565974	0.517641372644	0.559690671822	0.522957950701	0.493475108748	0.86805219913	0.380860318995	0.3610439826	0.537457709038	0.538907684872	0.898501691638	0.728854519091	0.658772353794	0.570807153214	0.565973900435	0.567423876269	0.880135331078	0.62493958434	0.561140647656	0.553890768487	0.588690188497	0.629772837119	0.629289511841	0.600289995167	0.510391493475	0.524891251812	0.665538907685	0.599806669889	0.571290478492	0.515708071532	0.528274528758	0.521024649589	0.49299178347	0.641855969067	0.608989850169	0.524891251812	0.579023682939	0.56935717738	0.655389076849	0.594490091832	0.641855969067	0.610923151281	0.616723054616	0.633639439343	0.543257612373	0.532624456259	0.544707588207	0.529724504592	0.484775253746	0.630739487675	0.498791686805	0.598356694055	0.521507974867	0.588690188497
AB3	0.93281778637	0.95360077332	0.0	0.693088448526	0.922184630256	0.960367327211	0.959400676655	0.938617689705	0.934267762204	0.949734171097	0.975350410826	0.937167713871	0.969067182214	0.340744320928	0.962783953601	0.943934267762	0.973900434993	0.971000483325	0.747220879652	0.769453842436	0.88883518608	0.912518124698	0.95360077332	0.954084098598	0.852102464959	0.904301594973	0.943450942484	0.924117931368	0.854519091348	0.844369260512	0.955050749154	0.954567423876	0.9584340261	0.964717254712	0.974867085549	0.968583856936	0.975350410826	0.949250845819	0.974383760271	0.973417109715	0.974383760271	0.941517641373	0.940550990817	0.949734171097	0.976317061382	0.974383760271	0.973900434993	0.970517158047	0.970517158047	0.974867085549	0.97680038666	0.971483808603	0.973417109715	0.973900434993	0.975833736104	0.972450459159	0.974383760271	0.971967133881	0.974383760271	0.975350410826	0.972933784437	0.971483808603
AB4	0.625422909618	0.586273562107	0.693088448526	0.0	0.628322861286	0.620589656839	0.695021749638	0.602706621556	0.608506524891	0.623489608507	0.652489125181	0.621072982117	0.484291928468	0.584340260996	0.619139681005	0.584340260996	0.637989366844	0.635572740454	0.732237796037	0.591590140164	0.65973900435	0.623489608507	0.639922667956	0.660222329628	0.787336877719	0.648622522958	0.652005799903	0.634122764621	0.575640405993	0.597390043499	0.690188496858	0.666022232963	0.64572257129	0.649589173514	0.728371193813	0.686805219913	0.672305461576	0.638472692122	0.633639439343	0.624456259062	0.629289511841	0.669888835186	0.670855485742	0.632189463509	0.689221846303	0.675688738521	0.707104881585	0.677138714355	0.705171580474	0.68293861769	0.699371677139	0.677622039633	0.651522474625	0.656839052682	0.672305461576	0.653455775737	0.641372643789	0.691155147414	0.643789270179	0.682455292412	0.658289028516	0.681488641856
AC3	0.652005799903	0.578057032383	0.922184630256	0.628322861286	0.0	0.490091831803	0.641855969067	0.537941034316	0.565490575157	0.581923634606	0.618173030449	0.310778153697	0.601739971	0.838569357177	0.599323344611	0.586273562107	0.620589656839	0.603673272112	0.857902368294	0.742387626873	0.72692121798	0.673272112131	0.708071532141	0.710488158531	0.831802803287	0.69453842436	0.671822136298	0.675688738521	0.654905751571	0.689221846303	0.705171580474	0.681005316578	0.604639922668	0.626872885452	0.616239729338	0.573223779604	0.611889801837	0.578540357661	0.578540357661	0.559207346544	0.555340744321	0.654422426293	0.645239246013	0.574190430159	0.635089415176	0.62493958434	0.572740454326	0.58095698405	0.582890285162	0.570807153214	0.587723537941	0.579507008217	0.533591106815	0.559207346544	0.567907201547	0.548090865152	0.600773320445	0.570807153214	0.593040115998	0.589656839053	0.620589656839	0.562107298212
AC4	0.581440309328	0.498791686805	0.960367327211	0.620589656839	0.490091831803	0.0	0.613823102948	0.417593040116	0.411309811503	0.504108264862	0.347510874819	0.407926534558	0.507974867086	0.870952150797	0.5601739971	0.536491058482	0.492025132914	0.461092315128	0.928951184147	0.758820686322	0.607539874335	0.53939101015	0.508458192363	0.527307878202	0.897051715805	0.595456742388	0.509908168197	0.522957950701	0.532141130981	0.579990333494	0.59255679072	0.551957467376	0.446592556791	0.47220879652	0.637989366844	0.560657322378	0.478008699855	0.503141614306	0.422909618173	0.550024166264	0.479458675689	0.6805219913	0.643305944901	0.5186080232	0.496858385694	0.485741904302	0.633639439343	0.580473658772	0.614789753504	0.58095698405	0.596906718221	0.610439826003	0.510391493475	0.505074915418	0.523441275979	0.506041565974	0.531657805703	0.608506524891	0.53939101015	0.579507008217	0.478492025133	0.568390526825
AD3	0.675205413243	0.59255679072	0.959400676655	0.695021749638	0.641855969067	0.613823102948	0.0	0.51377477042	0.637022716288	0.372160463992	0.675688738521	0.602706621556	0.632189463509	0.871918801353	0.579507008217	0.639922667956	0.686805219913	0.686321894635	0.936201063316	0.76848719188	0.723054615756	0.69453842436	0.692605123248	0.695505074915	0.918801353311	0.687771870469	0.704688255196	0.693571773804	0.688738521025	0.684871918801	0.718221362977	0.697921701305	0.631706138231	0.65732237796	0.737071048816	0.662638956017	0.675205413243	0.532624456259	0.627839536008	0.585790236829	0.567423876269	0.560657322378	0.534557757371	0.550507491542	0.696471725471	0.6805219913	0.753987433543	0.699371677139	0.736587723538	0.706621556307	0.712421459642	0.733204446593	0.662638956017	0.661188980184	0.673272112131	0.664088931851	0.625906234896	0.728371193813	0.635572740454	0.704688255196	0.690188496858	0.712421459642
AD4	0.583856935718	0.484291928468	0.938617689705	0.602706621556	0.537941034316	0.417593040116	0.51377477042	0.0	0.320444659256	0.38666022233	0.438859352344	0.4813919768	0.507491541808	0.845335911068	0.535041082649	0.523441275979	0.479942000967	0.457225712905	0.92363460609	0.751087481875	0.579507008217	0.508941517641	0.50700821653	0.503624939584	0.893668438859	0.592073465442	0.473175447076	0.485258579024	0.496858385694	0.562107298212	0.563073948768	0.536491058482	0.410826486225	0.453359110681	0.647655872402	0.57177380377	0.462542290962	0.473658772354	0.433542774287	0.53697438376	0.453359110681	0.641372643789	0.605123247946	0.48622522958	0.510391493475	0.477525374577	0.660222329628	0.593040115998	0.634122764621	0.617206379894	0.619139681005	0.627839536008	0.53697438376	0.511841469309	0.52779120348	0.525857902368	0.521991300145	0.634606089899	0.522474625423	0.608506524891	0.505558240696	0.598356694055
AE3	0.565490575157	0.506041565974	0.934267762204	0.608506524891	0.565490575157	0.411309811503	0.637022716288	0.320444659256	0.0	0.504108264862	0.408409859836	0.50700821653	0.491541807637	0.853552440793	0.555340744321	0.528757854036	0.441759304012	0.407926534558	0.919768003867	0.746254229096	0.564040599323	0.47462542291	0.464958917351	0.474142097632	0.889318511358	0.591590140164	0.421942967617	0.441759304012	0.492508458192	0.559207346544	0.53697438376	0.504108264862	0.390526824553	0.444659255679	0.659255679072	0.595456742388	0.451909134848	0.525857902368	0.431126147898	0.587723537941	0.514741420976	0.686805219913	0.650072498792	0.533107781537	0.493958434026	0.46979217013	0.663122281295	0.597390043499	0.640405993233	0.616239729338	0.618173030449	0.635089415176	0.539874335428	0.525857902368	0.537941034316	0.534074432093	0.53697438376	0.640405993233	0.549540840986	0.605123247946	0.491058482359	0.588206863219
AE4	0.624456259062	0.517641372644	0.949734171097	0.623489608507	0.581923634606	0.504108264862	0.372160463992	0.38666022233	0.504108264862	0.0	0.566457225713	0.544707588207	0.551957467376	0.85886901885	0.53020782987	0.56935717738	0.575157080715	0.574673755437	0.936684388594	0.764137264379	0.65055582407	0.587723537941	0.585790236829	0.58337361044	0.904784920251	0.622039632673	0.586756887385	0.574190430159	0.574190430159	0.600773320445	0.640405993233	0.611889801837	0.519574673755	0.544707588207	0.696955050749	0.620106331561	0.567907201547	0.465442242629	0.52537457709	0.523924601257	0.48622522958	0.588690188497	0.550507491542	0.491541807637	0.595940067666	0.581440309328	0.694055099082	0.6389560174	0.686805219913	0.660705654906	0.663605606573	0.670855485742	0.596423392943	0.570807153214	0.591590140164	0.589173513775	0.558724021266	0.676655389077	0.572740454326	0.655872402127	0.58337361044	0.646689221846
AF3	0.609473175447	0.559690671822	0.975350410826	0.652489125181	0.618173030449	0.347510874819	0.675688738521	0.438859352344	0.408409859836	0.566457225713	0.0	0.529724504592	0.535524407927	0.88883518608	0.605123247946	0.576607056549	0.451909134848	0.423392943451	0.955534074432	0.788303528275	0.597390043499	0.543257612373	0.443209279845	0.461092315128	0.916868052199	0.622039632673	0.446592556791	0.498308361527	0.537941034316	0.607056549058	0.524407926535	0.511841469309	0.436926051232	0.497825036249	0.670372160464	0.617689705172	0.432576123731	0.550507491542	0.453842435959	0.61333977767	0.529241179314	0.723054615756	0.691638472692	0.561623972934	0.500724987917	0.483325277912	0.674722087965	0.612373127115	0.669405509908	0.622522957951	0.626872885452	0.644272595457	0.56259062349	0.532624456259	0.551957467376	0.541324311261	0.57177380377	0.653939101015	0.578540357661	0.609473175447	0.500241662639	0.604639922668
AF4	0.605606573224	0.522957950701	0.937167713871	0.621072982117	0.310778153697	0.407926534558	0.602706621556	0.4813919768	0.50700821653	0.544707588207	0.529724504592	0.0	0.554857419043	0.850652489125	0.566457225713	0.532141130981	0.572740454326	0.547607539874	0.880618656356	0.723054615756	0.694055099082	0.62493958434	0.652972450459	0.655389076849	0.848235862736	0.640889318511	0.614789753504	0.624456259062	0.619623006283	0.65973900435	0.655872402127	0.627839536008	0.553407443209	0.578540357661	0.599323344611	0.523441275979	0.562107298212	0.531174480425	0.527307878202	0.515708071532	0.514741420976	0.634606089899	0.61333977767	0.536007733204	0.567423876269	0.555824069599	0.569840502658	0.526824552924	0.567423876269	0.531174480425	0.538907684872	0.552440792653	0.482841952634	0.498308361527	0.518124697922	0.505558240696	0.550024166264	0.550024166264	0.546157564041	0.535041082649	0.561623972934	0.507974867086
AG3	0.579990333494	0.493475108748	0.969067182214	0.484291928468	0.601739971	0.507974867086	0.632189463509	0.507491541808	0.491541807637	0.551957467376	0.535524407927	0.554857419043	0.0	0.852585790237	0.510391493475	0.524407926535	0.511841469309	0.482841952634	0.927501208313	0.761237312711	0.673755437409	0.582890285162	0.576123731271	0.59255679072	0.884001933301	0.631706138231	0.543740937651	0.574190430159	0.598840019333	0.6389560174	0.629772837119	0.595940067666	0.51619139681	0.513291445143	0.671822136298	0.611406476559	0.54857419043	0.533591106815	0.51377477042	0.555340744321	0.501208313195	0.666988883519	0.63653939101	0.536007733204	0.574190430159	0.555340744321	0.617206379894	0.568390526825	0.62493958434	0.60415659739	0.599806669889	0.592073465442	0.518124697922	0.531657805703	0.540840985984	0.53020782987	0.528757854036	0.615273078782	0.544707588207	0.600773320445	0.509424842919	0.570323827936
AG4	0.847752537458	0.86805219913	0.340744320928	0.584340260996	0.838569357177	0.870952150797	0.871918801353	0.845335911068	0.853552440793	0.85886901885	0.88883518608	0.850652489125	0.852585790237	0.0	0.876268728855	0.854035766071	0.891735137748	0.890285161914	0.713388110198	0.68970517158	0.811503141614	0.83325277912	0.871918801353	0.872402126631	0.816336394393	0.822619623006	0.864668922185	0.845819236346	0.776703721605	0.753020782987	0.877718704688	0.871918801353	0.87723537941	0.878202029966	0.900918318028	0.887868535524	0.891735137748	0.864668922185	0.887868535524	0.883518608023	0.885451909135	0.85886901885	0.855969067182	0.867568873852	0.894151764137	0.892701788304	0.886418559691	0.886901884969	0.886418559691	0.88883518608	0.897535041083	0.884968583857	0.891735137748	0.887385210246	0.895601739971	0.892701788304	0.89125181247	0.888351860802	0.88883518608	0.889318511358	0.892701788304	0.88883518608
AH3	0.641855969067	0.380860318995	0.962783953601	0.619139681005	0.599323344611	0.5601739971	0.579507008217	0.535041082649	0.555340744321	0.53020782987	0.605123247946	0.566457225713	0.510391493475	0.876268728855	0.0	0.519091348478	0.595940067666	0.591590140164	0.923151280812	0.7593040116	0.703238279362	0.624456259062	0.618173030449	0.626389560174	0.907201546641	0.693088448526	0.618173030449	0.626389560174	0.650072498792	0.680038666022	0.690188496858	0.662638956017	0.541807636539	0.579507008217	0.709038182697	0.6389560174	0.627839536008	0.545190913485	0.590140164331	0.539874335428	0.543740937651	0.62493958434	0.586756887385	0.558724021266	0.637989366844	0.623489608507	0.689221846303	0.623006283229	0.658289028516	0.65055582407	0.647655872402	0.653939101015	0.591106814886	0.597873368777	0.595940067666	0.594490091832	0.558724021266	0.65973900435	0.556790720155	0.627839536008	0.584823586274	0.621556307395
AH4	0.324311261479	0.3610439826	0.943934267762	0.584340260996	0.586273562107	0.536491058482	0.639922667956	0.523441275979	0.528757854036	0.56935717738	0.576607056549	0.532141130981	0.524407926535	0.854035766071	0.519091348478	0.0	0.534074432093	0.537941034316	0.863702271629	0.710488158531	0.642339294345	0.565973900435	0.56935717738	0.586273562107	0.838086031899	0.608023199613	0.567423876269	0.559690671822	0.586756887385	0.618173030449	0.597390043499	0.575640405993	0.552924117931	0.555340744321	0.692605123248	0.633156114065	0.597390043499	0.57177380377	0.547607539874	0.565490575157	0.544707588207	0.672788786854	0.646689221846	0.581440309328	0.600773320445	0.59255679072	0.643305944901	0.599323344611	0.65732237796	0.614306428226	0.60415659739	0.619139681005	0.539874335428	0.533591106815	0.541807636539	0.528757854036	0.51377477042	0.617206379894	0.5186080232	0.611889801837	0.531174480425	0.590623489609
AA7	0.561140647656	0.537457709038	0.973900434993	0.637989366844	0.620589656839	0.492025132914	0.686805219913	0.479942000967	0.441759304012	0.575157080715	0.451909134848	0.572740454326	0.511841469309	0.891735137748	0.595940067666	0.534074432093	0.0	0.283228612856	0.91445142581	0.760753987434	0.596423392943	0.508941517641	0.47220879652	0.47462542291	0.864185596907	0.589173513775	0.445625906235	0.47220879652	0.529241179314	0.59255679072	0.517158047366	0.428709521508	0.440309328178	0.493475108748	0.705654905752	0.654422426293	0.478975350411	0.572740454326	0.496375060416	0.598840019333	0.544224262929	0.720637989367	0.687288545191	0.579990333494	0.546157564041	0.517158047366	0.657805703238	0.612373127115	0.675688738521	0.644272595457	0.610439826003	0.635572740454	0.538907684872	0.537941034316	0.542290961817	0.52779120348	0.52779120348	0.626389560174	0.542774287095	0.642822619623	0.502658289029	0.611406476559
AA8	0.572740454326	0.538907684872	0.971000483325	0.635572740454	0.603673272112	0.461092315128	0.686321894635	0.457225712905	0.407926534558	0.574673755437	0.423392943451	0.547607539874	0.482841952634	0.890285161914	0.591590140164	0.537941034316	0.283228612856	0.0	0.918801353311	0.756404059932	0.578057032383	0.490091831803	0.464958917351	0.46979217013	0.866118898018	0.589656839053	0.431609473175	0.46060898985	0.522957950701	0.591590140164	0.476558724021	0.389560173997	0.420976317061	0.471242145964	0.688255195747	0.636056065732	0.462542290962	0.55775737071	0.468825519575	0.597390043499	0.528274528758	0.723537941034	0.688255195747	0.560657322378	0.517158047366	0.494925084582	0.64572257129	0.586273562107	0.649105848236	0.610923151281	0.594006766554	0.61333977767	0.531174480425	0.512324794587	0.529241179314	0.510391493475	0.52779120348	0.611406476559	0.53697438376	0.614789753504	0.475592073465	0.583856935718
AB7	0.854519091348	0.898501691638	0.747220879652	0.732237796037	0.857902368294	0.928951184147	0.936201063316	0.92363460609	0.919768003867	0.936684388594	0.955534074432	0.880618656356	0.927501208313	0.713388110198	0.923151280812	0.863702271629	0.91445142581	0.918801353311	0.0	0.41662638956	0.805219913001	0.842919284679	0.921701304978	0.925084581924	0.733204446593	0.825519574674	0.899951667472	0.869018849686	0.756404059932	0.691155147414	0.878685355244	0.893668438859	0.924601256646	0.928951184147	0.94683421943	0.937651039149	0.948284195263	0.904784920251	0.949250845819	0.931851135814	0.941034316095	0.871435476075	0.871435476075	0.913484775254	0.960850652489	0.956500724988	0.920251329145	0.927501208313	0.933784436926	0.939584340261	0.927984533591	0.913484775254	0.906718221363	0.911551474142	0.913001449976	0.901401643306	0.919284678589	0.906718221363	0.921701304978	0.935717738038	0.941517641373	0.925084581924
AB8	0.705654905752	0.728854519091	0.769453842436	0.591590140164	0.742387626873	0.758820686322	0.76848719188	0.751087481875	0.746254229096	0.764137264379	0.788303528275	0.723054615756	0.761237312711	0.68970517158	0.7593040116	0.710488158531	0.760753987434	0.756404059932	0.41662638956	0.0	0.648622522958	0.667955534074	0.747220879652	0.744320927985	0.729337844369	0.656839052682	0.723537941034	0.691155147414	0.551957467376	0.512324794587	0.732721121315	0.73852102465	0.758337361044	0.761720637989	0.811503141614	0.767520541324	0.774770420493	0.734654422426	0.771870468826	0.754954084099	0.763170613823	0.725471242146	0.708071532141	0.739487675205	0.788786853552	0.781536974384	0.807153214113	0.755920734654	0.792170130498	0.768003866602	0.769453842436	0.775737071049	0.753504108265	0.751570807153	0.761237312711	0.74528757854	0.742870952151	0.768970517158	0.749637506042	0.761237312711	0.77090381827	0.748187530208
AC7	0.619623006283	0.658772353794	0.88883518608	0.65973900435	0.72692121798	0.607539874335	0.723054615756	0.579507008217	0.564040599323	0.65055582407	0.597390043499	0.694055099082	0.673755437409	0.811503141614	0.703238279362	0.642339294345	0.596423392943	0.578057032383	0.805219913001	0.648622522958	0.0	0.36346060899	0.572740454326	0.575157080715	0.819236346061	0.585790236829	0.551957467376	0.508941517641	0.475592073465	0.494925084582	0.566940550991	0.559690671822	0.574673755437	0.603673272112	0.799420009667	0.738037699372	0.631222812953	0.641372643789	0.609956500725	0.716288061866	0.66892218463	0.731271145481	0.702754954084	0.646689221846	0.636056065732	0.617689705172	0.816336394393	0.75688738521	0.798936684389	0.78008699855	0.754954084099	0.776703721605	0.700338327695	0.679555340744	0.685838569357	0.683905268246	0.678105364911	0.783953600773	0.688738521025	0.760270662156	0.622039632673	0.750604156597
AC8	0.567423876269	0.570807153214	0.912518124698	0.623489608507	0.673272112131	0.53939101015	0.69453842436	0.508941517641	0.47462542291	0.587723537941	0.543257612373	0.62493958434	0.582890285162	0.83325277912	0.624456259062	0.565973900435	0.508941517641	0.490091831803	0.842919284679	0.667955534074	0.36346060899	0.0	0.486708554857	0.489608506525	0.83566940551	0.550024166264	0.407926534558	0.379893668439	0.43740937651	0.484775253746	0.531657805703	0.509908168197	0.481875302078	0.508941517641	0.727404543258	0.663605606573	0.561140647656	0.572257129048	0.538907684872	0.635572740454	0.591106814886	0.676172063799	0.638472692122	0.577090381827	0.561140647656	0.543257612373	0.736587723538	0.670855485742	0.727404543258	0.707588206863	0.677622039633	0.695505074915	0.617689705172	0.600289995167	0.608023199613	0.601739971	0.585790236829	0.70130497825	0.599323344611	0.687771870469	0.532624456259	0.66892218463
AD7	0.574190430159	0.565973900435	0.95360077332	0.639922667956	0.708071532141	0.508458192363	0.692605123248	0.50700821653	0.464958917351	0.585790236829	0.443209279845	0.652972450459	0.576123731271	0.871918801353	0.618173030449	0.56935717738	0.47220879652	0.464958917351	0.921701304978	0.747220879652	0.572740454326	0.486708554857	0.0	0.312228129531	0.889801836636	0.521024649589	0.415659739004	0.4398260029	0.500724987917	0.56259062349	0.497825036249	0.47462542291	0.468825519575	0.520057999033	0.730787820203	0.669405509908	0.502174963751	0.581923634606	0.530691155147	0.630256162397	0.582406959884	0.718704688255	0.683905268246	0.593523441276	0.552440792653	0.536007733204	0.738037699372	0.667472208797	0.73368777187	0.707104881585	0.670855485742	0.693571773804	0.623972933784	0.597873368777	0.60415659739	0.607056549058	0.582890285162	0.697438376027	0.600289995167	0.678588690188	0.542774287095	0.658772353794
AD8	0.597873368777	0.567423876269	0.954084098598	0.660222329628	0.710488158531	0.527307878202	0.695505074915	0.503624939584	0.474142097632	0.58337361044	0.461092315128	0.655389076849	0.59255679072	0.872402126631	0.626389560174	0.586273562107	0.47462542291	0.46979217013	0.925084581924	0.744320927985	0.575157080715	0.489608506525	0.312228129531	0.0	0.862252295795	0.498308361527	0.407926534558	0.4398260029	0.494441759304	0.559207346544	0.499758337361	0.490091831803	0.488641855969	0.527307878202	0.733204446593	0.671822136298	0.505558240696	0.587723537941	0.537457709038	0.642339294345	0.591590140164	0.727887868536	0.68970517158	0.596423392943	0.553407443209	0.540840985984	0.750604156597	0.679072015466	0.740454325761	0.715804736588	0.684871918801	0.70130497825	0.632672788787	0.609473175447	0.607539874335	0.612856452392	0.590623489609	0.709521507975	0.608506524891	0.691638472692	0.556790720155	0.671822136298
AE7	0.823102948284	0.880135331078	0.852102464959	0.787336877719	0.831802803287	0.897051715805	0.918801353311	0.893668438859	0.889318511358	0.904784920251	0.916868052199	0.848235862736	0.884001933301	0.816336394393	0.907201546641	0.838086031899	0.864185596907	0.866118898018	0.733204446593	0.729337844369	0.819236346061	0.83566940551	0.889801836636	0.862252295795	0.0	0.54857419043	0.882551957467	0.853069115515	0.761237312711	0.759787336878	0.838086031899	0.84485258579	0.901884968584	0.903818269696	0.931367810536	0.918318028033	0.927017883035	0.884485258579	0.920251329145	0.881101981634	0.907201546641	0.881585306912	0.878685355244	0.876268728855	0.936684388594	0.925567907202	0.887868535524	0.904301594973	0.91203479942	0.90043499275	0.906234896085	0.897051715805	0.892218463026	0.895118414693	0.901884968584	0.883035282745	0.902368293862	0.884485258579	0.90285161914	0.913484775254	0.905751570807	0.908168197197
AE8	0.589173513775	0.62493958434	0.904301594973	0.648622522958	0.69453842436	0.595456742388	0.687771870469	0.592073465442	0.591590140164	0.622039632673	0.622039632673	0.640889318511	0.631706138231	0.822619623006	0.693088448526	0.608023199613	0.589173513775	0.589656839053	0.825519574674	0.656839052682	0.585790236829	0.550024166264	0.521024649589	0.498308361527	0.54857419043	0.0	0.579507008217	0.548090865152	0.5186080232	0.5186080232	0.573223779604	0.567907201547	0.60657322378	0.608506524891	0.764137264379	0.706138231029	0.628806186564	0.596423392943	0.622522957951	0.661188980184	0.640405993233	0.710004833253	0.675205413243	0.607056549058	0.637022716288	0.631222812953	0.75688738521	0.70372160464	0.760753987434	0.717738037699	0.710004833253	0.734171097148	0.660705654906	0.643305944901	0.653939101015	0.643789270179	0.646689221846	0.726437892702	0.65973900435	0.710004833253	0.613823102948	0.697921701305
AF7	0.570807153214	0.561140647656	0.943450942484	0.652005799903	0.671822136298	0.509908168197	0.704688255196	0.473175447076	0.421942967617	0.586756887385	0.446592556791	0.614789753504	0.543740937651	0.864668922185	0.618173030449	0.567423876269	0.445625906235	0.431609473175	0.899951667472	0.723537941034	0.551957467376	0.407926534558	0.415659739004	0.407926534558	0.882551957467	0.579507008217	0.0	0.320927984534	0.479942000967	0.544224262929	0.486708554857	0.491541807637	0.420492991783	0.480425326245	0.693571773804	0.635572740454	0.46979217013	0.556307394877	0.495891735138	0.622039632673	0.551957467376	0.709521507975	0.670855485742	0.558240695988	0.534557757371	0.515224746254	0.696471725471	0.63653939101	0.706138231029	0.6805219913	0.642822619623	0.656839052682	0.589656839053	0.563073948768	0.570323827936	0.573707104882	0.56259062349	0.666505558241	0.568873852102	0.659255679072	0.501691638473	0.628322861286
AF8	0.5601739971	0.553890768487	0.924117931368	0.634122764621	0.675688738521	0.522957950701	0.693571773804	0.485258579024	0.441759304012	0.574190430159	0.498308361527	0.624456259062	0.574190430159	0.845819236346	0.626389560174	0.559690671822	0.47220879652	0.46060898985	0.869018849686	0.691155147414	0.508941517641	0.379893668439	0.4398260029	0.4398260029	0.853069115515	0.548090865152	0.320927984534	0.0	0.450459159014	0.509424842919	0.508458192363	0.48380860319	0.444175930401	0.502658289029	0.71290478492	0.654422426293	0.503624939584	0.556307394877	0.516674722088	0.612373127115	0.565490575157	0.685838569357	0.649589173514	0.553407443209	0.550507491542	0.534074432093	0.702271628806	0.641855969067	0.710488158531	0.685355244079	0.657805703238	0.666022232963	0.595940067666	0.569840502658	0.576607056549	0.578540357661	0.5601739971	0.672788786854	0.572257129048	0.667472208797	0.510391493475	0.635572740454
AG7	0.593040115998	0.588690188497	0.854519091348	0.575640405993	0.654905751571	0.532141130981	0.688738521025	0.496858385694	0.492508458192	0.574190430159	0.537941034316	0.619623006283	0.598840019333	0.776703721605	0.650072498792	0.586756887385	0.529241179314	0.522957950701	0.756404059932	0.551957467376	0.475592073465	0.43740937651	0.500724987917	0.494441759304	0.761237312711	0.5186080232	0.479942000967	0.450459159014	0.0	0.323827936201	0.552924117931	0.537941034316	0.514258095698	0.542290961817	0.723054615756	0.666022232963	0.538907684872	0.556790720155	0.540840985984	0.629772837119	0.588690188497	0.675688738521	0.630256162397	0.560657322378	0.583856935718	0.55775737071	0.73610439826	0.666022232963	0.721121314645	0.695988400193	0.670855485742	0.700821652972	0.617689705172	0.603189946834	0.616239729338	0.607539874335	0.610439826003	0.70130497825	0.625906234896	0.67133881102	0.565973900435	0.652489125181
AG8	0.600289995167	0.629772837119	0.844369260512	0.597390043499	0.689221846303	0.579990333494	0.684871918801	0.562107298212	0.559207346544	0.600773320445	0.607056549058	0.65973900435	0.6389560174	0.753020782987	0.680038666022	0.618173030449	0.59255679072	0.591590140164	0.691155147414	0.512324794587	0.494925084582	0.484775253746	0.56259062349	0.559207346544	0.759787336878	0.5186080232	0.544224262929	0.509424842919	0.323827936201	0.0	0.580473658772	0.572740454326	0.585306911551	0.593523441276	0.769453842436	0.70372160464	0.605123247946	0.593040115998	0.597390043499	0.664088931851	0.624456259062	0.69453842436	0.657805703238	0.597873368777	0.632189463509	0.610923151281	0.771870468826	0.700338327695	0.756404059932	0.732237796037	0.710004833253	0.730304494925	0.65973900435	0.63653939101	0.652972450459	0.65055582407	0.65055582407	0.734171097148	0.664572257129	0.707588206863	0.615273078782	0.68970517158
AH7	0.589656839053	0.629289511841	0.955050749154	0.690188496858	0.705171580474	0.59255679072	0.718221362977	0.563073948768	0.53697438376	0.640405993233	0.524407926535	0.655872402127	0.629772837119	0.877718704688	0.690188496858	0.597390043499	0.517158047366	0.476558724021	0.878685355244	0.732721121315	0.566940550991	0.531657805703	0.497825036249	0.499758337361	0.838086031899	0.573223779604	0.486708554857	0.508458192363	0.552924117931	0.580473658772	0.0	0.312228129531	0.56935717738	0.610923151281	0.772837119381	0.721604639923	0.560657322378	0.651522474625	0.602706621556	0.667955534074	0.642822619623	0.772837119381	0.749154180764	0.655872402127	0.636056065732	0.612856452392	0.763170613823	0.713871435476	0.76848719188	0.731271145481	0.712421459642	0.724987916868	0.648622522958	0.629772837119	0.633156114065	0.632189463509	0.632189463509	0.73368777187	0.635089415176	0.720154664089	0.597390043499	0.710488158531
AH8	0.56259062349	0.600289995167	0.954567423876	0.666022232963	0.681005316578	0.551957467376	0.697921701305	0.536491058482	0.504108264862	0.611889801837	0.511841469309	0.627839536008	0.595940067666	0.871918801353	0.662638956017	0.575640405993	0.428709521508	0.389560173997	0.893668438859	0.73852102465	0.559690671822	0.509908168197	0.47462542291	0.490091831803	0.84485258579	0.567907201547	0.491541807637	0.48380860319	0.537941034316	0.572740454326	0.312228129531	0.0	0.526341227646	0.563073948768	0.755920734654	0.697921701305	0.540357660706	0.617206379894	0.563073948768	0.638472692122	0.609473175447	0.740454325761	0.71532141131	0.622039632673	0.589173513775	0.569840502658	0.727404543258	0.678105364911	0.734654422426	0.695988400193	0.674722087965	0.688738521025	0.615273078782	0.596423392943	0.600289995167	0.595456742388	0.595940067666	0.694055099082	0.604639922668	0.690188496858	0.553890768487	0.673272112131
AA5	0.582890285162	0.510391493475	0.9584340261	0.64572257129	0.604639922668	0.446592556791	0.631706138231	0.410826486225	0.390526824553	0.519574673755	0.436926051232	0.553407443209	0.51619139681	0.87723537941	0.541807636539	0.552924117931	0.440309328178	0.420976317061	0.924601256646	0.758337361044	0.574673755437	0.481875302078	0.468825519575	0.488641855969	0.901884968584	0.60657322378	0.420492991783	0.444175930401	0.514258095698	0.585306911551	0.56935717738	0.526341227646	0.0	0.35427742871	0.66892218463	0.590623489609	0.473658772354	0.463992266796	0.457225712905	0.5601739971	0.477042049299	0.632672788787	0.603189946834	0.485258579024	0.50459159014	0.470758820686	0.691638472692	0.634606089899	0.669888835186	0.651522474625	0.648622522958	0.666505558241	0.556790720155	0.553407443209	0.572740454326	0.551474142098	0.533591106815	0.666988883519	0.54857419043	0.638472692122	0.496858385694	0.626389560174
AA6	0.589656839053	0.524891251812	0.964717254712	0.649589173514	0.626872885452	0.47220879652	0.65732237796	0.453359110681	0.444659255679	0.544707588207	0.497825036249	0.578540357661	0.513291445143	0.878202029966	0.579507008217	0.555340744321	0.493475108748	0.471242145964	0.928951184147	0.761720637989	0.603673272112	0.508941517641	0.520057999033	0.527307878202	0.903818269696	0.608506524891	0.480425326245	0.502658289029	0.542290961817	0.593523441276	0.610923151281	0.563073948768	0.35427742871	0.0	0.666988883519	0.587723537941	0.515708071532	0.50700821653	0.468342194297	0.586273562107	0.500724987917	0.670372160464	0.636056065732	0.527307878202	0.446109231513	0.425326244563	0.686805219913	0.630739487675	0.666022232963	0.645239246013	0.63653939101	0.656355727405	0.558724021266	0.55099081682	0.569840502658	0.549540840986	0.541807636539	0.661672305462	0.557274045433	0.633639439343	0.510391493475	0.625422909618
AB5	0.741420976317	0.665538907685	0.974867085549	0.728371193813	0.616239729338	0.637989366844	0.737071048816	0.647655872402	0.659255679072	0.696955050749	0.670372160464	0.599323344611	0.671822136298	0.900918318028	0.709038182697	0.692605123248	0.705654905752	0.688255195747	0.94683421943	0.811503141614	0.799420009667	0.727404543258	0.730787820203	0.733204446593	0.931367810536	0.764137264379	0.693571773804	0.71290478492	0.723054615756	0.769453842436	0.772837119381	0.755920734654	0.66892218463	0.666988883519	0.0	0.31029482842	0.623489608507	0.654422426293	0.621556307395	0.633639439343	0.610923151281	0.731754470759	0.719188013533	0.648622522958	0.622522957951	0.616723054616	0.625906234896	0.623006283229	0.636056065732	0.614306428226	0.634122764621	0.623972933784	0.593523441276	0.593040115998	0.620589656839	0.613823102948	0.659255679072	0.614306428226	0.646689221846	0.620106331561	0.67133881102	0.623972933784
AB6	0.681971967134	0.599806669889	0.968583856936	0.686805219913	0.573223779604	0.560657322378	0.662638956017	0.57177380377	0.595456742388	0.620106331561	0.617689705172	0.523441275979	0.611406476559	0.887868535524	0.6389560174	0.633156114065	0.654422426293	0.636056065732	0.937651039149	0.767520541324	0.738037699372	0.663605606573	0.669405509908	0.671822136298	0.918318028033	0.706138231029	0.635572740454	0.654422426293	0.666022232963	0.70372160464	0.721604639923	0.697921701305	0.590623489609	0.587723537941	0.31029482842	0.0	0.577573707105	0.572257129048	0.570807153214	0.570323827936	0.547124214596	0.666988883519	0.634606089899	0.547124214596	0.55099081682	0.53939101015	0.596423392943	0.552924117931	0.591590140164	0.55775737071	0.566457225713	0.580473658772	0.529724504592	0.543257612373	0.570323827936	0.566940550991	0.589173513775	0.576123731271	0.583856935718	0.551957467376	0.623006283229	0.550024166264
AC5	0.62493958434	0.571290478492	0.975350410826	0.672305461576	0.611889801837	0.478008699855	0.675205413243	0.462542290962	0.451909134848	0.567907201547	0.432576123731	0.562107298212	0.54857419043	0.891735137748	0.627839536008	0.597390043499	0.478975350411	0.462542290962	0.948284195263	0.774770420493	0.631222812953	0.561140647656	0.502174963751	0.505558240696	0.927017883035	0.628806186564	0.46979217013	0.503624939584	0.538907684872	0.605123247946	0.560657322378	0.540357660706	0.473658772354	0.515708071532	0.623489608507	0.577573707105	0.0	0.453359110681	0.465442242629	0.593040115998	0.52779120348	0.714838086032	0.667955534074	0.552440792653	0.488158530691	0.471242145964	0.61333977767	0.561140647656	0.631222812953	0.591590140164	0.574673755437	0.588690188497	0.519574673755	0.491058482359	0.505558240696	0.504108264862	0.565490575157	0.60415659739	0.573223779604	0.570323827936	0.522957950701	0.556790720155
AC6	0.620589656839	0.515708071532	0.949250845819	0.638472692122	0.578540357661	0.503141614306	0.532624456259	0.473658772354	0.525857902368	0.465442242629	0.550507491542	0.531174480425	0.533591106815	0.864668922185	0.545190913485	0.57177380377	0.572740454326	0.55775737071	0.904784920251	0.734654422426	0.641372643789	0.572257129048	0.581923634606	0.587723537941	0.884485258579	0.596423392943	0.556307394877	0.556307394877	0.556790720155	0.593040115998	0.651522474625	0.617206379894	0.463992266796	0.50700821653	0.654422426293	0.572257129048	0.453359110681	0.0	0.523924601257	0.521507974867	0.490575157081	0.476558724021	0.440309328178	0.408409859836	0.555824069599	0.549057515708	0.674722087965	0.619623006283	0.662155630739	0.630739487675	0.6389560174	0.655389076849	0.572740454326	0.554374093765	0.575157080715	0.565973900435	0.536007733204	0.662155630739	0.545190913485	0.609473175447	0.540357660706	0.623489608507
AD6	0.600289995167	0.528274528758	0.974383760271	0.633639439343	0.578540357661	0.422909618173	0.627839536008	0.433542774287	0.431126147898	0.52537457709	0.453842435959	0.527307878202	0.51377477042	0.887868535524	0.590140164331	0.547607539874	0.496375060416	0.468825519575	0.949250845819	0.771870468826	0.609956500725	0.538907684872	0.530691155147	0.537457709038	0.920251329145	0.622522957951	0.495891735138	0.516674722088	0.540840985984	0.597390043499	0.602706621556	0.563073948768	0.457225712905	0.468342194297	0.621556307395	0.570807153214	0.465442242629	0.523924601257	0.0	0.544224262929	0.41662638956	0.697438376027	0.662638956017	0.541324311261	0.475592073465	0.456259062349	0.616239729338	0.556790720155	0.609956500725	0.576607056549	0.576123731271	0.595456742388	0.498308361527	0.482841952634	0.495891735138	0.488158530691	0.533107781537	0.597873368777	0.535524407927	0.568873852102	0.47462542291	0.559690671822
AE5	0.631222812953	0.521024649589	0.973417109715	0.624456259062	0.559207346544	0.550024166264	0.585790236829	0.53697438376	0.587723537941	0.523924601257	0.61333977767	0.515708071532	0.555340744321	0.883518608023	0.539874335428	0.565490575157	0.598840019333	0.597390043499	0.931851135814	0.754954084099	0.716288061866	0.635572740454	0.630256162397	0.642339294345	0.881101981634	0.661188980184	0.622039632673	0.612373127115	0.629772837119	0.664088931851	0.667955534074	0.638472692122	0.5601739971	0.586273562107	0.633639439343	0.570323827936	0.593040115998	0.521507974867	0.544224262929	0.0	0.350894151764	0.608989850169	0.575157080715	0.508458192363	0.623489608507	0.618656355727	0.64572257129	0.60415659739	0.637506041566	0.608506524891	0.622522957951	0.633156114065	0.548090865152	0.554374093765	0.590623489609	0.55775737071	0.543257612373	0.628322861286	0.542290961817	0.607539874335	0.56935717738	0.60415659739
AE6	0.604639922668	0.49299178347	0.974383760271	0.629289511841	0.555340744321	0.479458675689	0.567423876269	0.453359110681	0.514741420976	0.48622522958	0.529241179314	0.514741420976	0.501208313195	0.885451909135	0.543740937651	0.544707588207	0.544224262929	0.528274528758	0.941034316095	0.763170613823	0.66892218463	0.591106814886	0.582406959884	0.591590140164	0.907201546641	0.640405993233	0.551957467376	0.565490575157	0.588690188497	0.624456259062	0.642822619623	0.609473175447	0.477042049299	0.500724987917	0.610923151281	0.547124214596	0.52779120348	0.490575157081	0.41662638956	0.350894151764	0.0	0.642339294345	0.606089898502	0.478008699855	0.540357660706	0.536007733204	0.635572740454	0.582890285162	0.615273078782	0.589173513775	0.603673272112	0.618173030449	0.517641372644	0.490575157081	0.514741420976	0.508941517641	0.511841469309	0.614789753504	0.517641372644	0.575157080715	0.506524891252	0.585306911551
AF5	0.724021266312	0.641855969067	0.941517641373	0.669888835186	0.654422426293	0.6805219913	0.560657322378	0.641372643789	0.686805219913	0.588690188497	0.723054615756	0.634606089899	0.666988883519	0.85886901885	0.62493958434	0.672788786854	0.720637989367	0.723537941034	0.871435476075	0.725471242146	0.731271145481	0.676172063799	0.718704688255	0.727887868536	0.881585306912	0.710004833253	0.709521507975	0.685838569357	0.675688738521	0.69453842436	0.772837119381	0.740454325761	0.632672788787	0.670372160464	0.731754470759	0.666988883519	0.714838086032	0.476558724021	0.697438376027	0.608989850169	0.642339294345	0.0	0.306911551474	0.54857419043	0.725471242146	0.716288061866	0.744320927985	0.725954567424	0.740454325761	0.711938134364	0.742870952151	0.739004349928	0.70372160464	0.718704688255	0.732237796037	0.717738037699	0.676655389077	0.74770420493	0.683421942968	0.710004833253	0.719188013533	0.722571290478
AF6	0.699371677139	0.608989850169	0.940550990817	0.670855485742	0.645239246013	0.643305944901	0.534557757371	0.605123247946	0.650072498792	0.550507491542	0.691638472692	0.61333977767	0.63653939101	0.855969067182	0.586756887385	0.646689221846	0.687288545191	0.688255195747	0.871435476075	0.708071532141	0.702754954084	0.638472692122	0.683905268246	0.68970517158	0.878685355244	0.675205413243	0.670855485742	0.649589173514	0.630256162397	0.657805703238	0.749154180764	0.71532141131	0.603189946834	0.636056065732	0.719188013533	0.634606089899	0.667955534074	0.440309328178	0.662638956017	0.575157080715	0.606089898502	0.306911551474	0.0	0.512324794587	0.69212179797	0.678588690188	0.734654422426	0.69453842436	0.732721121315	0.696471725471	0.702754954084	0.728854519091	0.671822136298	0.681488641856	0.696471725471	0.681971967134	0.628322861286	0.730304494925	0.635089415176	0.681005316578	0.683421942968	0.694055099082
