	AA3	AA4	AB3	AB4	AC3	AC4	AD3	AD4	AE3	AE4	AF3	AF4	AG3	AG4	AH3	AH4	AA7	AA8	AB7	AB8	AC7	AC8	AD7	AD8	AE7	AE8	AF7	AF8	AG7	AG8	AH7	AH8	AA5	AA6	AB5	AB6	AC5	AC6	AD6	AE5	AE6	AF5	AF6	AG5	AH5	AH6	AA1	AA2	AB1	AB2	AC1	AC2	AD1	AD2	AE1	AE2	AF1	AF2	AG1	AG2	AH1	AH2
AA3	0.0	0.467375543741	0.937651039149	0.637022716288	0.644272595457	0.570807153214	0.679555340744	0.574673755437	0.559207346544	0.621072982117	0.603189946834	0.609473175447	0.576607056549	0.843885935234	0.646205896568	0.331561140648	0.560657322378	0.55775737071	0.860318994683	0.701788303528	0.607056549058	0.559207346544	0.570807153214	0.582890285162	0.831319478009	0.594490091832	0.551474142098	0.543257612373	0.583856935718	0.574190430159	0.585306911551	0.569840502658	0.566940550991	0.573707104882	0.72692121798	0.686805219913	0.61575640406	0.627839536008	0.600289995167	0.638472692122	0.607539874335	0.713388110198	0.683905268246	0.620589656839	0.624456259062	0.606089898502	0.688738521025	0.657805703238	0.711454809087	0.674722087965	0.647172547124	0.665055582407	0.575640405993	0.562107298212	0.576123731271	0.573707104882	0.56935717738	0.660705654906	0.578057032383	0.669405509908	0.563073948768	0.644272595457
AA4	0.467375543741	0.0	0.952150797487	0.582406959884	0.565007249879	0.491058482359	0.595940067666	0.487191880135	0.508941517641	0.531174480425	0.563073948768	0.510874818753	0.485741904302	0.860318994683	0.39342677622	0.346544224263	0.535041082649	0.536491058482	0.883035282745	0.713871435476	0.65055582407	0.575157080715	0.596906718221	0.576607056549	0.872885451909	0.625906234896	0.544707588207	0.551474142098	0.588690188497	0.612856452392	0.632672788787	0.585790236829	0.49540840986	0.509908168197	0.644755920735	0.595456742388	0.574673755437	0.521507974867	0.538424359594	0.52779120348	0.494441759304	0.625906234896	0.578057032383	0.520541324311	0.585306911551	0.555340744321	0.640405993233	0.57177380377	0.632189463509	0.599806669889	0.586273562107	0.617689705172	0.528274528758	0.510874818753	0.52537457709	0.51619139681	0.48380860319	0.610439826003	0.499758337361	0.588206863219	0.514258095698	0.570807153214
AB3	0.937651039149	0.952150797487	0.0	0.677622039633	0.916868052199	0.9584340261	0.959400676655	0.941034316095	0.937167713871	0.947800869986	0.972933784437	0.940550990817	0.965683905268	0.357177380377	0.960850652489	0.94441759304	0.975833736104	0.972450459159	0.74770420493	0.753987433543	0.892701788304	0.913968100532	0.954567423876	0.952634122765	0.858385693572	0.911068148864	0.939101014983	0.931367810536	0.838086031899	0.840985983567	0.955534074432	0.960367327211	0.960367327211	0.965683905268	0.974867085549	0.968583856936	0.976317061382	0.958917351377	0.976317061382	0.977283711938	0.976317061382	0.940067665539	0.940550990817	0.954084098598	0.979700338328	0.974867085549	0.977767037216	0.975833736104	0.973900434993	0.975350410826	0.973417109715	0.972933784437	0.97680038666	0.977283711938	0.978250362494	0.97680038666	0.975350410826	0.975833736104	0.975350410826	0.97680038666	0.977283711938	0.975350410826
AB4	0.637022716288	0.582406959884	0.677622039633	0.0	0.625422909618	0.609473175447	0.676655389077	0.607539874335	0.609473175447	0.623972933784	0.652972450459	0.608989850169	0.482841952634	0.565490575157	0.604639922668	0.590140164331	0.64572257129	0.640405993233	0.726437892702	0.554857419043	0.653455775737	0.622522957951	0.66892218463	0.641855969067	0.795553407443	0.651039149348	0.641855969067	0.631222812953	0.537457709038	0.57177380377	0.693571773804	0.656839052682	0.636056065732	0.646689221846	0.713871435476	0.666505558241	0.652972450459	0.631706138231	0.631706138231	0.631222812953	0.623489608507	0.666022232963	0.646205896568	0.635572740454	0.693088448526	0.671822136298	0.69212179797	0.654422426293	0.689221846303	0.6805219913	0.673755437409	0.66892218463	0.628806186564	0.649105848236	0.658289028516	0.637989366844	0.640889318511	0.672305461576	0.631706138231	0.664572257129	0.650072498792	0.650072498792
AC3	0.644272595457	0.565007249879	0.916868052199	0.625422909618	0.0	0.497341710971	0.646205896568	0.541807636539	0.548090865152	0.583856935718	0.612373127115	0.315128081199	0.608023199613	0.827452875785	0.596906718221	0.596423392943	0.612373127115	0.600773320445	0.860802319961	0.73368777187	0.714354760754	0.67133881102	0.729821169647	0.696955050749	0.828902851619	0.704688255196	0.641372643789	0.67133881102	0.659255679072	0.684871918801	0.704204929918	0.68293861769	0.595940067666	0.634606089899	0.61333977767	0.582890285162	0.616239729338	0.577573707105	0.584340260996	0.529724504592	0.541807636539	0.673755437409	0.64813919768	0.575640405993	0.651039149348	0.634122764621	0.589173513775	0.597390043499	0.593523441276	0.578057032383	0.605606573224	0.594490091832	0.538424359594	0.563073948768	0.573707104882	0.553407443209	0.59497341711	0.575157080715	0.619623006283	0.582890285162	0.608989850169	0.589656839053
AC4	0.570807153214	0.491058482359	0.9584340261	0.609473175447	0.497341710971	0.0	0.633639439343	0.401159980667	0.407926534558	0.5186080232	0.339294345094	0.415176413726	0.507974867086	0.866602223296	0.565973900435	0.529724504592	0.458675688739	0.445625906235	0.90961817303	0.738037699372	0.585306911551	0.524891251812	0.53939101015	0.508458192363	0.884485258579	0.579990333494	0.480908651522	0.506041565974	0.515224746254	0.567907201547	0.560657322378	0.519574673755	0.444175930401	0.47220879652	0.632672788787	0.578540357661	0.478008699855	0.505558240696	0.426776220396	0.530691155147	0.449975833736	0.687771870469	0.637022716288	0.521024649589	0.50700821653	0.494441759304	0.639922667956	0.579023682939	0.605606573224	0.59497341711	0.581440309328	0.607539874335	0.491541807637	0.511841469309	0.501691638473	0.512324794587	0.528757854036	0.60657322378	0.552924117931	0.582406959884	0.478975350411	0.57177380377
AD3	0.679555340744	0.595940067666	0.959400676655	0.676655389077	0.646205896568	0.633639439343	0.0	0.541324311261	0.64813919768	0.381343644273	0.690188496858	0.599806669889	0.647655872402	0.869018849686	0.575157080715	0.650072498792	0.696955050749	0.69453842436	0.937167713871	0.762203963267	0.728371193813	0.704204929918	0.700821652972	0.698888351861	0.917351377477	0.706621556307	0.702754954084	0.700821652972	0.697921701305	0.693571773804	0.729821169647	0.700821652972	0.637022716288	0.663605606573	0.731271145481	0.674238762687	0.674722087965	0.547607539874	0.640405993233	0.578057032383	0.582406959884	0.546157564041	0.523441275979	0.554374093765	0.711938134364	0.690671822136	0.755920734654	0.701788303528	0.726437892702	0.714354760754	0.698888351861	0.725471242146	0.660705654906	0.674722087965	0.678588690188	0.658772353794	0.63653939101	0.722087965201	0.631222812953	0.702271628806	0.696471725471	0.699855002417
AD4	0.574673755437	0.487191880135	0.941034316095	0.607539874335	0.541807636539	0.401159980667	0.541324311261	0.0	0.321894635089	0.401643305945	0.415659739004	0.487675205413	0.516674722088	0.850652489125	0.549540840986	0.523924601257	0.444175930401	0.437892701788	0.920734654422	0.74528757854	0.565007249879	0.497825036249	0.501691638473	0.471725471242	0.897051715805	0.588206863219	0.424842919285	0.462058965684	0.485258579024	0.552440792653	0.535524407927	0.491541807637	0.396810053166	0.455775737071	0.657805703238	0.592073465442	0.445142580957	0.471725471242	0.422909618173	0.538907684872	0.455775737071	0.641855969067	0.591590140164	0.486708554857	0.508458192363	0.489125181247	0.669405509908	0.602223296278	0.643789270179	0.636056065732	0.613823102948	0.642822619623	0.520541324311	0.531657805703	0.528757854036	0.540840985984	0.534557757371	0.638472692122	0.549540840986	0.622039632673	0.502174963751	0.602223296278
AE3	0.559207346544	0.508941517641	0.937167713871	0.609473175447	0.548090865152	0.407926534558	0.64813919768	0.321894635089	0.0	0.502174963751	0.403093281779	0.503624939584	0.510874818753	0.849685838569	0.567907201547	0.526824552924	0.45142580957	0.447559207347	0.918318028033	0.744804253262	0.552924117931	0.476558724021	0.500241662639	0.483325277912	0.88883518608	0.587723537941	0.436926051232	0.463508941518	0.476558724021	0.54857419043	0.545190913485	0.502658289029	0.398260029	0.455775737071	0.651522474625	0.586273562107	0.4398260029	0.507974867086	0.409376510391	0.582406959884	0.493475108748	0.686321894635	0.631222812953	0.521507974867	0.488158530691	0.466892218463	0.652972450459	0.588206863219	0.624456259062	0.622522957951	0.597390043499	0.625422909618	0.510874818753	0.528274528758	0.524407926535	0.532141130981	0.544707588207	0.626389560174	0.562107298212	0.608989850169	0.489608506525	0.590623489609
AE4	0.621072982117	0.531174480425	0.947800869986	0.623972933784	0.583856935718	0.5186080232	0.381343644273	0.401643305945	0.502174963751	0.0	0.578540357661	0.532624456259	0.588206863219	0.855485741904	0.5601739971	0.571290478492	0.589173513775	0.587723537941	0.923151280812	0.749637506042	0.635572740454	0.578540357661	0.600773320445	0.58095698405	0.905268245529	0.61333977767	0.577090381827	0.575640405993	0.574673755437	0.59255679072	0.629289511841	0.593523441276	0.527307878202	0.54857419043	0.695505074915	0.631706138231	0.566457225713	0.453359110681	0.532141130981	0.532141130981	0.49540840986	0.581923634606	0.545190913485	0.498791686805	0.605123247946	0.586756887385	0.717738037699	0.655872402127	0.699855002417	0.688738521025	0.668438859352	0.691638472692	0.59497341711	0.60415659739	0.595456742388	0.611406476559	0.573707104882	0.689221846303	0.589173513775	0.678105364911	0.595940067666	0.664088931851
AF3	0.603189946834	0.563073948768	0.972933784437	0.652972450459	0.612373127115	0.339294345094	0.690188496858	0.415659739004	0.403093281779	0.578540357661	0.0	0.524891251812	0.542774287095	0.883035282745	0.620106331561	0.572740454326	0.435959400677	0.437892701788	0.954084098598	0.778637022716	0.589656839053	0.532624456259	0.467858869019	0.443209279845	0.916868052199	0.611406476559	0.443209279845	0.49540840986	0.520057999033	0.590623489609	0.523441275979	0.503141614306	0.445625906235	0.499275012083	0.662638956017	0.617206379894	0.408893185114	0.543257612373	0.434026099565	0.604639922668	0.520541324311	0.727404543258	0.676172063799	0.5601739971	0.504108264862	0.492025132914	0.666022232963	0.599806669889	0.653455775737	0.630739487675	0.604639922668	0.637506041566	0.541324311261	0.533107781537	0.528274528758	0.544224262929	0.586756887385	0.642339294345	0.601739971	0.608506524891	0.509908168197	0.593523441276
AF4	0.609473175447	0.510874818753	0.940550990817	0.608989850169	0.315128081199	0.415176413726	0.599806669889	0.487675205413	0.503624939584	0.532624456259	0.524891251812	0.0	0.546157564041	0.853552440793	0.551474142098	0.547124214596	0.561140647656	0.550024166264	0.896568390527	0.724987916868	0.683421942968	0.625906234896	0.667472208797	0.632672788787	0.861285645239	0.644272595457	0.585306911551	0.616239729338	0.622039632673	0.649105848236	0.658289028516	0.622522957951	0.540357660706	0.576607056549	0.588206863219	0.528274528758	0.548090865152	0.521507974867	0.521991300145	0.492025132914	0.491058482359	0.632189463509	0.600289995167	0.517158047366	0.570807153214	0.552440792653	0.578540357661	0.520541324311	0.562107298212	0.534557757371	0.523924601257	0.549057515708	0.473658772354	0.498308361527	0.499275012083	0.50459159014	0.547607539874	0.538907684872	0.56935717738	0.529724504592	0.547607539874	0.513291445143
AG3	0.576607056549	0.485741904302	0.965683905268	0.482841952634	0.608023199613	0.507974867086	0.647655872402	0.516674722088	0.510874818753	0.588206863219	0.542774287095	0.546157564041	0.0	0.846785886902	0.522957950701	0.515224746254	0.514258095698	0.498308361527	0.929917834703	0.760270662156	0.663122281295	0.591590140164	0.609473175447	0.587723537941	0.887385210246	0.637022716288	0.547124214596	0.578540357661	0.598356694055	0.625422909618	0.636056065732	0.573223779604	0.522957950701	0.535041082649	0.649105848236	0.608506524891	0.548090865152	0.552440792653	0.522474625423	0.55775737071	0.519574673755	0.683905268246	0.635089415176	0.552924117931	0.581440309328	0.549057515708	0.624456259062	0.578540357661	0.626389560174	0.619623006283	0.579507008217	0.601739971	0.522957950701	0.538907684872	0.546640889319	0.537941034316	0.539874335428	0.60657322378	0.551474142098	0.597873368777	0.511358144031	0.570807153214
AG4	0.843885935234	0.860318994683	0.357177380377	0.565490575157	0.827452875785	0.866602223296	0.869018849686	0.850652489125	0.849685838569	0.855485741904	0.883035282745	0.853552440793	0.846785886902	0.0	0.870952150797	0.851619139681	0.887868535524	0.885935234413	0.713388110198	0.670855485742	0.807153214113	0.824552924118	0.869018849686	0.86563557274	0.825519574674	0.82648622523	0.852102464959	0.840019333011	0.750604156597	0.74770420493	0.874818753021	0.87046882552	0.87046882552	0.874335427743	0.895601739971	0.889318511358	0.887868535524	0.86563557274	0.886418559691	0.884485258579	0.881585306912	0.851619139681	0.848235862736	0.864185596907	0.895601739971	0.881585306912	0.884968583857	0.887868535524	0.884968583857	0.883035282745	0.88883518608	0.883035282745	0.889801836636	0.886418559691	0.89125181247	0.886901884969	0.887385210246	0.887385210246	0.884968583857	0.885451909135	0.889801836636	0.886901884969
AH3	0.646205896568	0.39342677622	0.960850652489	0.604639922668	0.596906718221	0.565973900435	0.575157080715	0.549540840986	0.567907201547	0.5601739971	0.620106331561	0.551474142098	0.522957950701	0.870952150797	0.0	0.521024649589	0.598356694055	0.605123247946	0.922667955534	0.754470758821	0.707104881585	0.638472692122	0.656839052682	0.638472692122	0.89125181247	0.695505074915	0.637989366844	0.631706138231	0.656355727405	0.6805219913	0.69453842436	0.645239246013	0.549057515708	0.583856935718	0.707104881585	0.641372643789	0.638472692122	0.550024166264	0.598356694055	0.556307394877	0.561140647656	0.60657322378	0.570323827936	0.566940550991	0.663122281295	0.633156114065	0.697438376027	0.623972933784	0.653939101015	0.651522474625	0.642822619623	0.660705654906	0.61575640406	0.60657322378	0.609956500725	0.610923151281	0.56935717738	0.665055582407	0.565973900435	0.63653939101	0.590623489609	0.614789753504
AH4	0.331561140648	0.346544224263	0.94441759304	0.590140164331	0.596423392943	0.529724504592	0.650072498792	0.523924601257	0.526824552924	0.571290478492	0.572740454326	0.547124214596	0.515224746254	0.851619139681	0.521024649589	0.0	0.534074432093	0.541324311261	0.870952150797	0.705171580474	0.631222812953	0.559207346544	0.594006766554	0.570323827936	0.849202513291	0.609473175447	0.548090865152	0.540357660706	0.575157080715	0.590623489609	0.605606573224	0.560657322378	0.53939101015	0.539874335428	0.6805219913	0.634122764621	0.595940067666	0.587240212663	0.559690671822	0.578057032383	0.546157564041	0.68293861769	0.634122764621	0.575157080715	0.606089898502	0.573223779604	0.661672305462	0.599806669889	0.662155630739	0.611889801837	0.606089898502	0.628806186564	0.547124214596	0.531657805703	0.546157564041	0.538907684872	0.511358144031	0.629772837119	0.521024649589	0.616239729338	0.531174480425	0.597390043499
AA7	0.560657322378	0.535041082649	0.975833736104	0.64572257129	0.612373127115	0.458675688739	0.696955050749	0.444175930401	0.45142580957	0.589173513775	0.435959400677	0.561140647656	0.514258095698	0.887868535524	0.598356694055	0.534074432093	0.0	0.289511841469	0.918318028033	0.757370710488	0.579507008217	0.503624939584	0.49299178347	0.478492025133	0.878202029966	0.597390043499	0.437892701788	0.462058965684	0.529724504592	0.587240212663	0.500724987917	0.420976317061	0.43740937651	0.47462542291	0.683905268246	0.649105848236	0.466408893185	0.558240695988	0.480425326245	0.599806669889	0.53939101015	0.728371193813	0.675205413243	0.578057032383	0.534557757371	0.503141614306	0.666022232963	0.617206379894	0.661188980184	0.638472692122	0.597390043499	0.625422909618	0.520057999033	0.526341227646	0.525857902368	0.534557757371	0.532624456259	0.618656355727	0.550024166264	0.629772837119	0.488158530691	0.595940067666
AA8	0.55775737071	0.536491058482	0.972450459159	0.640405993233	0.600773320445	0.445625906235	0.69453842436	0.437892701788	0.447559207347	0.587723537941	0.437892701788	0.550024166264	0.498308361527	0.885935234413	0.605123247946	0.541324311261	0.289511841469	0.0	0.916868052199	0.749637506042	0.581923634606	0.500724987917	0.503624939584	0.480908651522	0.86563557274	0.585790236829	0.440309328178	0.464475592073	0.521991300145	0.579507008217	0.484775253746	0.387143547608	0.43740937651	0.480425326245	0.674722087965	0.643789270179	0.465442242629	0.550024166264	0.46060898985	0.60415659739	0.531657805703	0.729337844369	0.676655389077	0.575640405993	0.523924601257	0.489608506525	0.62493958434	0.595456742388	0.652489125181	0.630739487675	0.580473658772	0.597390043499	0.492508458192	0.508941517641	0.511358144031	0.521024649589	0.536491058482	0.599323344611	0.547124214596	0.618656355727	0.475592073465	0.578540357661
AB7	0.860318994683	0.883035282745	0.74770420493	0.726437892702	0.860802319961	0.90961817303	0.937167713871	0.920734654422	0.918318028033	0.923151280812	0.954084098598	0.896568390527	0.929917834703	0.713388110198	0.922667955534	0.870952150797	0.918318028033	0.916868052199	0.0	0.413726437893	0.818269695505	0.832769453842	0.925084581924	0.918801353311	0.727887868536	0.830352827453	0.890285161914	0.863702271629	0.738037699372	0.707104881585	0.881101981634	0.903334944418	0.923151280812	0.93281778637	0.927501208313	0.933301111648	0.954567423876	0.918801353311	0.950217496375	0.927017883035	0.934267762204	0.869018849686	0.883035282745	0.906718221363	0.958917351377	0.948284195263	0.918801353311	0.934751087482	0.930884485259	0.9212179797	0.924117931368	0.918801353311	0.913001449976	0.91445142581	0.912518124698	0.90961817303	0.913484775254	0.912518124698	0.917834702755	0.919768003867	0.942000966651	0.918318028033
AB8	0.701788303528	0.713871435476	0.753987433543	0.554857419043	0.73368777187	0.738037699372	0.762203963267	0.74528757854	0.744804253262	0.749637506042	0.778637022716	0.724987916868	0.760270662156	0.670855485742	0.754470758821	0.705171580474	0.757370710488	0.749637506042	0.413726437893	0.0	0.652972450459	0.660705654906	0.744804253262	0.737071048816	0.730304494925	0.667955534074	0.71290478492	0.687288545191	0.545674238763	0.522474625423	0.725471242146	0.724987916868	0.753504108265	0.754470758821	0.79168680522	0.767037216046	0.778153697438	0.740937651039	0.775737071049	0.753020782987	0.759787336878	0.717254712421	0.719188013533	0.734171097148	0.790720154664	0.77767037216	0.802319961334	0.761720637989	0.790720154664	0.769937167714	0.764137264379	0.773320444659	0.752537457709	0.752537457709	0.753987433543	0.748670855486	0.749637506042	0.768003866602	0.752054132431	0.758820686322	0.764620589657	0.753020782987
AC7	0.607056549058	0.65055582407	0.892701788304	0.653455775737	0.714354760754	0.585306911551	0.728371193813	0.565007249879	0.552924117931	0.635572740454	0.589656839053	0.683421942968	0.663122281295	0.807153214113	0.707104881585	0.631222812953	0.579507008217	0.581923634606	0.818269695505	0.652972450459	0.0	0.356210729821	0.564040599323	0.561623972934	0.818753020783	0.581440309328	0.541807636539	0.501208313195	0.46302561624	0.48380860319	0.563073948768	0.552924117931	0.561140647656	0.586273562107	0.789753504108	0.743837602707	0.623006283229	0.637989366844	0.594006766554	0.727887868536	0.659255679072	0.700821652972	0.682455292412	0.635572740454	0.618656355727	0.607056549058	0.810536491058	0.744804253262	0.78927017883	0.786370227163	0.741420976317	0.771870468826	0.673755437409	0.672305461576	0.670855485742	0.685838569357	0.66892218463	0.776703721605	0.670855485742	0.767520541324	0.619623006283	0.742387626873
AC8	0.559207346544	0.575157080715	0.913968100532	0.622522957951	0.67133881102	0.524891251812	0.704204929918	0.497825036249	0.476558724021	0.578540357661	0.532624456259	0.625906234896	0.591590140164	0.824552924118	0.638472692122	0.559207346544	0.503624939584	0.500724987917	0.832769453842	0.660705654906	0.356210729821	0.0	0.489125181247	0.482358627356	0.83566940551	0.553890768487	0.405509908168	0.360560657322	0.415659739004	0.46060898985	0.514741420976	0.47220879652	0.478008699855	0.512808119865	0.723054615756	0.677138714355	0.552924117931	0.578540357661	0.52779120348	0.654905751571	0.591106814886	0.677138714355	0.637989366844	0.58095698405	0.564523924601	0.538424359594	0.737554374094	0.670372160464	0.726437892702	0.722087965201	0.667955534074	0.699855002417	0.598356694055	0.599806669889	0.596906718221	0.614306428226	0.589173513775	0.700338327695	0.591590140164	0.705654905752	0.537941034316	0.665055582407
AD7	0.570807153214	0.596906718221	0.954567423876	0.66892218463	0.729821169647	0.53939101015	0.700821652972	0.501691638473	0.500241662639	0.600773320445	0.467858869019	0.667472208797	0.609473175447	0.869018849686	0.656839052682	0.594006766554	0.49299178347	0.503624939584	0.925084581924	0.744804253262	0.564040599323	0.489125181247	0.0	0.304978250362	0.891735137748	0.502658289029	0.438376027066	0.449975833736	0.509424842919	0.547607539874	0.501208313195	0.473658772354	0.503624939584	0.544224262929	0.745770903818	0.697438376027	0.511358144031	0.598840019333	0.549057515708	0.674238762687	0.613823102948	0.723054615756	0.686805219913	0.618656355727	0.571290478492	0.561140647656	0.757854035766	0.681005316578	0.750604156597	0.73852102465	0.68293861769	0.714838086032	0.618656355727	0.618173030449	0.617206379894	0.632189463509	0.608506524891	0.722571290478	0.61333977767	0.720637989367	0.572257129048	0.685838569357
AD8	0.582890285162	0.576607056549	0.952634122765	0.641855969067	0.696955050749	0.508458192363	0.698888351861	0.471725471242	0.483325277912	0.58095698405	0.443209279845	0.632672788787	0.587723537941	0.86563557274	0.638472692122	0.570323827936	0.478492025133	0.480908651522	0.918801353311	0.737071048816	0.561623972934	0.482358627356	0.304978250362	0.0	0.860802319961	0.482358627356	0.418076365394	0.438859352344	0.464958917351	0.536491058482	0.498308361527	0.469308844853	0.493958434026	0.523924601257	0.728854519091	0.675688738521	0.485741904302	0.570323827936	0.5186080232	0.649589173514	0.578540357661	0.717254712421	0.664572257129	0.57177380377	0.556307394877	0.547607539874	0.732721121315	0.656839052682	0.722571290478	0.710488158531	0.662155630739	0.693088448526	0.594490091832	0.592073465442	0.588206863219	0.605606573224	0.594490091832	0.697438376027	0.60657322378	0.688738521025	0.5601739971	0.655872402127
AE7	0.831319478009	0.872885451909	0.858385693572	0.795553407443	0.828902851619	0.884485258579	0.917351377477	0.897051715805	0.88883518608	0.905268245529	0.916868052199	0.861285645239	0.887385210246	0.825519574674	0.89125181247	0.849202513291	0.878202029966	0.86563557274	0.727887868536	0.730304494925	0.818753020783	0.83566940551	0.891735137748	0.860802319961	0.0	0.544224262929	0.869502174964	0.850169163847	0.768970517158	0.760753987434	0.837119381344	0.851619139681	0.901401643306	0.904784920251	0.919768003867	0.924601256646	0.921701304978	0.904301594973	0.923151280812	0.879168680522	0.907684871919	0.878685355244	0.881101981634	0.876752054132	0.942000966651	0.92363460609	0.887385210246	0.917351377477	0.913968100532	0.895601739971	0.905268245529	0.897535041083	0.893185113581	0.892701788304	0.903334944418	0.887385210246	0.90043499275	0.88883518608	0.897535041083	0.901884968584	0.911068148864	0.899468342194
AE8	0.594490091832	0.625906234896	0.911068148864	0.651039149348	0.704688255196	0.579990333494	0.706621556307	0.588206863219	0.587723537941	0.61333977767	0.611406476559	0.644272595457	0.637022716288	0.82648622523	0.695505074915	0.609473175447	0.597390043499	0.585790236829	0.830352827453	0.667955534074	0.581440309328	0.553890768487	0.502658289029	0.482358627356	0.544224262929	0.0	0.560657322378	0.545190913485	0.53020782987	0.517158047366	0.561140647656	0.552440792653	0.600773320445	0.600773320445	0.746254229096	0.713388110198	0.618656355727	0.611406476559	0.620106331561	0.662638956017	0.631222812953	0.700338327695	0.673272112131	0.614789753504	0.640889318511	0.617689705172	0.759787336878	0.693088448526	0.760270662156	0.727404543258	0.698405026583	0.733204446593	0.646689221846	0.649589173514	0.643305944901	0.661672305462	0.64813919768	0.721604639923	0.663605606573	0.719188013533	0.624456259062	0.704688255196
AF7	0.551474142098	0.544707588207	0.939101014983	0.641855969067	0.641372643789	0.480908651522	0.702754954084	0.424842919285	0.436926051232	0.577090381827	0.443209279845	0.585306911551	0.547124214596	0.852102464959	0.637989366844	0.548090865152	0.437892701788	0.440309328178	0.890285161914	0.71290478492	0.541807636539	0.405509908168	0.438376027066	0.418076365394	0.869502174964	0.560657322378	0.0	0.312711454809	0.455775737071	0.519091348478	0.483325277912	0.464958917351	0.440792653456	0.4813919768	0.67133881102	0.623972933784	0.443209279845	0.526341227646	0.476558724021	0.601256645723	0.527307878202	0.704688255196	0.648622522958	0.544707588207	0.512324794587	0.497825036249	0.666022232963	0.608023199613	0.675205413243	0.664572257129	0.603189946834	0.63653939101	0.545190913485	0.543740937651	0.545190913485	0.556790720155	0.554374093765	0.637989366844	0.575157080715	0.646689221846	0.489125181247	0.599806669889
AF8	0.543257612373	0.551474142098	0.931367810536	0.631222812953	0.67133881102	0.506041565974	0.700821652972	0.462058965684	0.463508941518	0.575640405993	0.49540840986	0.616239729338	0.578540357661	0.840019333011	0.631706138231	0.540357660706	0.462058965684	0.464475592073	0.863702271629	0.687288545191	0.501208313195	0.360560657322	0.449975833736	0.438859352344	0.850169163847	0.545190913485	0.312711454809	0.0	0.435959400677	0.489125181247	0.500241662639	0.455292411793	0.453842435959	0.500241662639	0.708554857419	0.665055582407	0.503141614306	0.559690671822	0.505074915418	0.626389560174	0.564040599323	0.682455292412	0.624456259062	0.561140647656	0.545674238763	0.522474625423	0.695021749638	0.637022716288	0.70372160464	0.696471725471	0.635572740454	0.662638956017	0.56935717738	0.570323827936	0.56935717738	0.585790236829	0.559690671822	0.662638956017	0.565973900435	0.681005316578	0.510874818753	0.629289511841
AG7	0.583856935718	0.588690188497	0.838086031899	0.537457709038	0.659255679072	0.515224746254	0.697921701305	0.485258579024	0.476558724021	0.574673755437	0.520057999033	0.622039632673	0.598356694055	0.750604156597	0.656355727405	0.575157080715	0.529724504592	0.521991300145	0.738037699372	0.545674238763	0.46302561624	0.415659739004	0.509424842919	0.464958917351	0.768970517158	0.53020782987	0.455775737071	0.435959400677	0.0	0.293378443693	0.540840985984	0.506041565974	0.49299178347	0.528274528758	0.729337844369	0.674722087965	0.530691155147	0.566940550991	0.527307878202	0.648622522958	0.579507008217	0.667955534074	0.628806186564	0.556790720155	0.57177380377	0.558240695988	0.739971000483	0.663122281295	0.721121314645	0.716771387144	0.665055582407	0.698888351861	0.599323344611	0.611889801837	0.601739971	0.618656355727	0.614306428226	0.700338327695	0.626872885452	0.693088448526	0.572740454326	0.665055582407
AG8	0.574190430159	0.612856452392	0.840985983567	0.57177380377	0.684871918801	0.567907201547	0.693571773804	0.552440792653	0.54857419043	0.59255679072	0.590623489609	0.649105848236	0.625422909618	0.74770420493	0.6805219913	0.590623489609	0.587240212663	0.579507008217	0.707104881585	0.522474625423	0.48380860319	0.46060898985	0.547607539874	0.536491058482	0.760753987434	0.517158047366	0.519091348478	0.489125181247	0.293378443693	0.0	0.558240695988	0.538907684872	0.567907201547	0.570807153214	0.752537457709	0.701788303528	0.585306911551	0.593040115998	0.591590140164	0.662638956017	0.609473175447	0.673755437409	0.654905751571	0.594006766554	0.614789753504	0.598356694055	0.764137264379	0.689221846303	0.751570807153	0.735137747704	0.695988400193	0.721121314645	0.628806186564	0.637506041566	0.632672788787	0.645239246013	0.642339294345	0.724987916868	0.652972450459	0.707104881585	0.610923151281	0.687288545191
AH7	0.585306911551	0.632672788787	0.955534074432	0.693571773804	0.704204929918	0.560657322378	0.729821169647	0.535524407927	0.545190913485	0.629289511841	0.523441275979	0.658289028516	0.636056065732	0.874818753021	0.69453842436	0.605606573224	0.500724987917	0.484775253746	0.881101981634	0.725471242146	0.563073948768	0.514741420976	0.501208313195	0.498308361527	0.837119381344	0.561140647656	0.483325277912	0.500241662639	0.540840985984	0.558240695988	0.0	0.322861285645	0.572740454326	0.603189946834	0.762203963267	0.727404543258	0.546157564041	0.646205896568	0.59255679072	0.681005316578	0.642822619623	0.763170613823	0.729821169647	0.652489125181	0.626389560174	0.613823102948	0.758337361044	0.721604639923	0.766070565491	0.736587723538	0.701788303528	0.729337844369	0.62735621073	0.630739487675	0.621072982117	0.644272595457	0.624456259062	0.734171097148	0.633156114065	0.723054615756	0.609473175447	0.70372160464
AH8	0.569840502658	0.585790236829	0.960367327211	0.656839052682	0.68293861769	0.519574673755	0.700821652972	0.491541807637	0.502658289029	0.593523441276	0.503141614306	0.622522957951	0.573223779604	0.87046882552	0.645239246013	0.560657322378	0.420976317061	0.387143547608	0.903334944418	0.724987916868	0.552924117931	0.47220879652	0.473658772354	0.469308844853	0.851619139681	0.552440792653	0.464958917351	0.455292411793	0.506041565974	0.538907684872	0.322861285645	0.0	0.507491541808	0.537941034316	0.733204446593	0.693088448526	0.521991300145	0.59255679072	0.538907684872	0.631706138231	0.59497341711	0.72692121798	0.681971967134	0.609473175447	0.577573707105	0.554374093765	0.72692121798	0.672305461576	0.72450459159	0.69453842436	0.662155630739	0.693088448526	0.590140164331	0.592073465442	0.590623489609	0.608023199613	0.578540357661	0.694055099082	0.583856935718	0.686321894635	0.553407443209	0.662155630739
AA5	0.566940550991	0.49540840986	0.960367327211	0.636056065732	0.595940067666	0.444175930401	0.637022716288	0.396810053166	0.398260029	0.527307878202	0.445625906235	0.540357660706	0.522957950701	0.87046882552	0.549057515708	0.53939101015	0.43740937651	0.43740937651	0.923151280812	0.753504108265	0.561140647656	0.478008699855	0.503624939584	0.493958434026	0.901401643306	0.600773320445	0.440792653456	0.453842435959	0.49299178347	0.567907201547	0.572740454326	0.507491541808	0.0	0.337844369261	0.662638956017	0.595456742388	0.475108748188	0.454809086515	0.440309328178	0.547607539874	0.473658772354	0.623489608507	0.573707104882	0.476558724021	0.505074915418	0.459159014016	0.688738521025	0.62493958434	0.663122281295	0.652489125181	0.630739487675	0.663605606573	0.531657805703	0.552440792653	0.555340744321	0.560657322378	0.529241179314	0.652489125181	0.555824069599	0.637506041566	0.496375060416	0.615273078782
AA6	0.573707104882	0.509908168197	0.965683905268	0.646689221846	0.634606089899	0.47220879652	0.663605606573	0.455775737071	0.455775737071	0.54857419043	0.499275012083	0.576607056549	0.535041082649	0.874335427743	0.583856935718	0.539874335428	0.47462542291	0.480425326245	0.93281778637	0.754470758821	0.586273562107	0.512808119865	0.544224262929	0.523924601257	0.904784920251	0.600773320445	0.4813919768	0.500241662639	0.528274528758	0.570807153214	0.603189946834	0.537941034316	0.337844369261	0.0	0.674722087965	0.603189946834	0.5186080232	0.495891735138	0.474142097632	0.575157080715	0.498308361527	0.661672305462	0.608506524891	0.519091348478	0.455292411793	0.417593040116	0.698405026583	0.637022716288	0.674238762687	0.667955534074	0.6389560174	0.669888835186	0.548090865152	0.5601739971	0.5601739971	0.567907201547	0.541324311261	0.662638956017	0.567423876269	0.651039149348	0.509908168197	0.628322861286
AB5	0.72692121798	0.644755920735	0.974867085549	0.713871435476	0.61333977767	0.632672788787	0.731271145481	0.657805703238	0.651522474625	0.695505074915	0.662638956017	0.588206863219	0.649105848236	0.895601739971	0.707104881585	0.6805219913	0.683905268246	0.674722087965	0.927501208313	0.79168680522	0.789753504108	0.723054615756	0.745770903818	0.728854519091	0.919768003867	0.746254229096	0.67133881102	0.708554857419	0.729337844369	0.752537457709	0.762203963267	0.733204446593	0.662638956017	0.674722087965	0.0	0.30787820203	0.604639922668	0.650072498792	0.623006283229	0.591106814886	0.585306911551	0.739971000483	0.725954567424	0.647655872402	0.628322861286	0.613823102948	0.616239729338	0.597390043499	0.623489608507	0.59497341711	0.611889801837	0.610439826003	0.58095698405	0.586756887385	0.593040115998	0.589656839053	0.653939101015	0.590623489609	0.655872402127	0.597390043499	0.647172547124	0.601256645723
AB6	0.686805219913	0.595456742388	0.968583856936	0.666505558241	0.582890285162	0.578540357661	0.674238762687	0.592073465442	0.586273562107	0.631706138231	0.617206379894	0.528274528758	0.608506524891	0.889318511358	0.641372643789	0.634122764621	0.649105848236	0.643789270179	0.933301111648	0.767037216046	0.743837602707	0.677138714355	0.697438376027	0.675688738521	0.924601256646	0.713388110198	0.623972933784	0.665055582407	0.674722087965	0.701788303528	0.727404543258	0.693088448526	0.595456742388	0.603189946834	0.30787820203	0.0	0.565007249879	0.578540357661	0.565490575157	0.544707588207	0.537457709038	0.68293861769	0.661188980184	0.566940550991	0.559207346544	0.55775737071	0.597390043499	0.534074432093	0.576123731271	0.561623972934	0.555340744321	0.570807153214	0.526341227646	0.559207346544	0.557274045433	0.565007249879	0.598356694055	0.556307394877	0.608989850169	0.551474142098	0.608023199613	0.531657805703
AC5	0.61575640406	0.574673755437	0.976317061382	0.652972450459	0.616239729338	0.478008699855	0.674722087965	0.445142580957	0.4398260029	0.566457225713	0.408893185114	0.548090865152	0.548090865152	0.887868535524	0.638472692122	0.595940067666	0.466408893185	0.465442242629	0.954567423876	0.778153697438	0.623006283229	0.552924117931	0.511358144031	0.485741904302	0.921701304978	0.618656355727	0.443209279845	0.503141614306	0.530691155147	0.585306911551	0.546157564041	0.521991300145	0.475108748188	0.5186080232	0.604639922668	0.565007249879	0.0	0.443209279845	0.444175930401	0.579507008217	0.508458192363	0.714354760754	0.657805703238	0.549540840986	0.478008699855	0.465925567907	0.608989850169	0.558724021266	0.622522957951	0.593523441276	0.566457225713	0.588690188497	0.502658289029	0.507974867086	0.506041565974	0.514741420976	0.58337361044	0.586273562107	0.597873368777	0.569840502658	0.53020782987	0.553407443209
AC6	0.627839536008	0.521507974867	0.958917351377	0.631706138231	0.577573707105	0.505558240696	0.547607539874	0.471725471242	0.507974867086	0.453359110681	0.543257612373	0.521507974867	0.552440792653	0.86563557274	0.550024166264	0.587240212663	0.558240695988	0.550024166264	0.918801353311	0.740937651039	0.637989366844	0.578540357661	0.598840019333	0.570323827936	0.904301594973	0.611406476559	0.526341227646	0.559690671822	0.566940550991	0.593040115998	0.646205896568	0.59255679072	0.454809086515	0.495891735138	0.650072498792	0.578540357661	0.443209279845	0.0	0.515224746254	0.507491541808	0.47220879652	0.49540840986	0.443692605123	0.433059449009	0.550024166264	0.527307878202	0.667472208797	0.607056549058	0.65055582407	0.631222812953	0.620589656839	0.65055582407	0.564040599323	0.574673755437	0.565973900435	0.579507008217	0.551957467376	0.641372643789	0.585306911551	0.612373127115	0.552440792653	0.61333977767
AD6	0.600289995167	0.538424359594	0.976317061382	0.631706138231	0.584340260996	0.426776220396	0.640405993233	0.422909618173	0.409376510391	0.532141130981	0.434026099565	0.521991300145	0.522474625423	0.886418559691	0.598356694055	0.559690671822	0.480425326245	0.46060898985	0.950217496375	0.775737071049	0.594006766554	0.52779120348	0.549057515708	0.5186080232	0.923151280812	0.620106331561	0.476558724021	0.505074915418	0.527307878202	0.591590140164	0.59255679072	0.538907684872	0.440309328178	0.474142097632	0.623006283229	0.565490575157	0.444175930401	0.515224746254	0.0	0.541324311261	0.398743354277	0.699855002417	0.649105848236	0.542774287095	0.478008699855	0.460125664572	0.610923151281	0.546640889319	0.596906718221	0.586273562107	0.551957467376	0.582406959884	0.476075398743	0.485741904302	0.480908651522	0.49540840986	0.546640889319	0.577573707105	0.554857419043	0.575640405993	0.477042049299	0.543257612373
AE5	0.638472692122	0.52779120348	0.977283711938	0.631222812953	0.529724504592	0.530691155147	0.578057032383	0.538907684872	0.582406959884	0.532141130981	0.604639922668	0.492025132914	0.55775737071	0.884485258579	0.556307394877	0.578057032383	0.599806669889	0.60415659739	0.927017883035	0.753020782987	0.727887868536	0.654905751571	0.674238762687	0.649589173514	0.879168680522	0.662638956017	0.601256645723	0.626389560174	0.648622522958	0.662638956017	0.681005316578	0.631706138231	0.547607539874	0.575157080715	0.591106814886	0.544707588207	0.579507008217	0.507491541808	0.541324311261	0.0	0.358627356211	0.607056549058	0.585306911551	0.503624939584	0.622522957951	0.608023199613	0.629772837119	0.584340260996	0.623489608507	0.591590140164	0.608023199613	0.618656355727	0.537457709038	0.56935717738	0.583856935718	0.554857419043	0.554857419043	0.603673272112	0.577573707105	0.576607056549	0.566457225713	0.583856935718
AE6	0.607539874335	0.494441759304	0.976317061382	0.623489608507	0.541807636539	0.449975833736	0.582406959884	0.455775737071	0.493475108748	0.49540840986	0.520541324311	0.491058482359	0.519574673755	0.881585306912	0.561140647656	0.546157564041	0.53939101015	0.531657805703	0.934267762204	0.759787336878	0.659255679072	0.591106814886	0.613823102948	0.578540357661	0.907684871919	0.631222812953	0.527307878202	0.564040599323	0.579507008217	0.609473175447	0.642822619623	0.59497341711	0.473658772354	0.498308361527	0.585306911551	0.537457709038	0.508458192363	0.47220879652	0.398743354277	0.358627356211	0.0	0.640889318511	0.595456742388	0.495891735138	0.532141130981	0.510874818753	0.614789753504	0.554857419043	0.593040115998	0.583856935718	0.569840502658	0.599806669889	0.478975350411	0.501208313195	0.498791686805	0.503624939584	0.517158047366	0.588690188497	0.551474142098	0.561623972934	0.492025132914	0.55775737071
AF5	0.713388110198	0.625906234896	0.940067665539	0.666022232963	0.673755437409	0.687771870469	0.546157564041	0.641855969067	0.686321894635	0.581923634606	0.727404543258	0.632189463509	0.683905268246	0.851619139681	0.60657322378	0.68293861769	0.728371193813	0.729337844369	0.869018849686	0.717254712421	0.700821652972	0.677138714355	0.723054615756	0.717254712421	0.878685355244	0.700338327695	0.704688255196	0.682455292412	0.667955534074	0.673755437409	0.763170613823	0.72692121798	0.623489608507	0.661672305462	0.739971000483	0.68293861769	0.714354760754	0.49540840986	0.699855002417	0.607056549058	0.640889318511	0.0	0.282745287579	0.536491058482	0.730787820203	0.718221362977	0.769937167714	0.719671338811	0.757370710488	0.734171097148	0.742387626873	0.760753987434	0.701788303528	0.720637989367	0.729821169647	0.718221362977	0.674722087965	0.748670855486	0.680038666022	0.721604639923	0.719188013533	0.725954567424
AF6	0.683905268246	0.578057032383	0.940550990817	0.646205896568	0.64813919768	0.637022716288	0.523441275979	0.591590140164	0.631222812953	0.545190913485	0.676172063799	0.600289995167	0.635089415176	0.848235862736	0.570323827936	0.634122764621	0.675205413243	0.676655389077	0.883035282745	0.719188013533	0.682455292412	0.637989366844	0.686805219913	0.664572257129	0.881101981634	0.673272112131	0.648622522958	0.624456259062	0.628806186564	0.654905751571	0.729821169647	0.681971967134	0.573707104882	0.608506524891	0.725954567424	0.661188980184	0.657805703238	0.443692605123	0.649105848236	0.585306911551	0.595456742388	0.282745287579	0.0	0.49299178347	0.683421942968	0.666022232963	0.749154180764	0.693088448526	0.720154664089	0.702271628806	0.693571773804	0.729337844369	0.658289028516	0.67133881102	0.681488641856	0.676655389077	0.618656355727	0.713871435476	0.631706138231	0.691155147414	0.67133881102	0.695988400193
