	AA3	AA4	AB3	AB4	AC3	AC4	AD3	AD4	AE3	AE4	AF3	AF4	AG3	AG4	AH3	AH4	AA7	AA8	AB7	AB8	AC7	AC8	AD7	AD8	AE7	AE8	AF7	AF8	AG7	AG8	AH7	AH8	AA5	AA6	AB5	AB6	AC5	AC6	AD6	AE5	AE6	AF5	AF6	AG5	AH5	AH6	AA1	AA2	AB1	AB2	AC1	AC2	AD1	AD2	AE1	AE2	AF1	AF2	AG1	AG2	AH1	AH2
AA3	0.0	0.504108264862	0.934751087482	0.644755920735	0.65973900435	0.574190430159	0.66892218463	0.582890285162	0.572257129048	0.629772837119	0.611889801837	0.595456742388	0.577573707105	0.860802319961	0.64572257129	0.332527791203	0.58337361044	0.565007249879	0.866602223296	0.707104881585	0.621072982117	0.573223779604	0.595940067666	0.590623489609	0.834702754954	0.585790236829	0.568873852102	0.560657322378	0.586756887385	0.589656839053	0.588690188497	0.55775737071	0.585790236829	0.593523441276	0.73610439826	0.689221846303	0.587723537941	0.626389560174	0.591590140164	0.628806186564	0.59497341711	0.704204929918	0.679072015466	0.608989850169	0.622522957951	0.616723054616	0.681971967134	0.646205896568	0.710488158531	0.677622039633	0.651522474625	0.657805703238	0.579507008217	0.558724021266	0.576123731271	0.561140647656	0.584340260996	0.652005799903	0.593523441276	0.676655389077	0.58337361044	0.643305944901
AA4	0.504108264862	0.0	0.951667472209	0.596423392943	0.570323827936	0.484291928468	0.574673755437	0.484291928468	0.497825036249	0.524891251812	0.546640889319	0.512324794587	0.470758820686	0.874335427743	0.360077332044	0.368293861769	0.526341227646	0.52779120348	0.90285161914	0.725954567424	0.659255679072	0.569840502658	0.576607056549	0.570807153214	0.880618656356	0.613823102948	0.552440792653	0.553890768487	0.60415659739	0.605123247946	0.629772837119	0.582406959884	0.490575157081	0.501691638473	0.663605606573	0.597390043499	0.552924117931	0.506524891252	0.523924601257	0.533591106815	0.464475592073	0.619623006283	0.59255679072	0.497341710971	0.582406959884	0.558724021266	0.65055582407	0.580473658772	0.624456259062	0.596423392943	0.603673272112	0.623006283229	0.525857902368	0.522957950701	0.533591106815	0.526824552924	0.494441759304	0.616723054616	0.520541324311	0.602223296278	0.521024649589	0.575640405993
AB3	0.934751087482	0.951667472209	0.0	0.669405509908	0.922667955534	0.949250845819	0.96520057999	0.950217496375	0.934751087482	0.95601739971	0.972933784437	0.930884485259	0.96761720638	0.34026099565	0.9584340261	0.946350894152	0.973417109715	0.968100531658	0.751570807153	0.74770420493	0.888351860802	0.911551474142	0.960367327211	0.952634122765	0.855485741904	0.894151764137	0.938134364427	0.923151280812	0.835186080232	0.835186080232	0.950700821653	0.947800869986	0.961333977767	0.958917351377	0.975833736104	0.965683905268	0.975350410826	0.957950700822	0.974383760271	0.973417109715	0.971967133881	0.946350894152	0.942000966651	0.950217496375	0.976317061382	0.973417109715	0.975350410826	0.973900434993	0.971000483325	0.973900434993	0.974383760271	0.971000483325	0.973417109715	0.972933784437	0.975833736104	0.972933784437	0.972933784437	0.972450459159	0.972450459159	0.972450459159	0.973417109715	0.974867085549
AB4	0.644755920735	0.596423392943	0.669405509908	0.0	0.657805703238	0.625422909618	0.683905268246	0.630739487675	0.620106331561	0.632672788787	0.651039149348	0.609473175447	0.492508458192	0.564523924601	0.602223296278	0.615273078782	0.650072498792	0.652972450459	0.741904301595	0.558724021266	0.663122281295	0.637506041566	0.669405509908	0.661188980184	0.802803286612	0.631706138231	0.658289028516	0.640889318511	0.563557274045	0.574190430159	0.702754954084	0.666505558241	0.646689221846	0.652972450459	0.734654422426	0.676655389077	0.661188980184	0.642822619623	0.6389560174	0.641372643789	0.639439342678	0.668438859352	0.653455775737	0.626389560174	0.689221846303	0.678588690188	0.705654905752	0.648622522958	0.707104881585	0.677138714355	0.673272112131	0.666988883519	0.640889318511	0.647172547124	0.658772353794	0.638472692122	0.653939101015	0.672305461576	0.652005799903	0.679555340744	0.651522474625	0.662155630739
AC3	0.65973900435	0.570323827936	0.922667955534	0.657805703238	0.0	0.503141614306	0.628806186564	0.55775737071	0.593040115998	0.592073465442	0.623489608507	0.329627839536	0.606089898502	0.852102464959	0.602223296278	0.608023199613	0.627839536008	0.593523441276	0.879168680522	0.748670855486	0.737554374094	0.677622039633	0.722087965201	0.716771387144	0.835186080232	0.688255195747	0.651522474625	0.675688738521	0.678588690188	0.68970517158	0.712421459642	0.678588690188	0.60657322378	0.630739487675	0.622522957951	0.587723537941	0.622039632673	0.579990333494	0.586273562107	0.55775737071	0.555340744321	0.649105848236	0.642339294345	0.574673755437	0.640889318511	0.6389560174	0.59497341711	0.592073465442	0.578540357661	0.576607056549	0.609956500725	0.586756887385	0.534074432093	0.563557274045	0.584823586274	0.582406959884	0.619139681005	0.586273562107	0.632189463509	0.588690188497	0.622522957951	0.581923634606
AC4	0.574190430159	0.484291928468	0.949250845819	0.625422909618	0.503141614306	0.0	0.625906234896	0.391976800387	0.410343160947	0.520541324311	0.329144514258	0.404059932334	0.499275012083	0.875302078299	0.558240695988	0.520057999033	0.459159014016	0.429192846786	0.91445142581	0.739487675205	0.579023682939	0.521507974867	0.506524891252	0.499275012083	0.889801836636	0.567423876269	0.461575640406	0.479942000967	0.519091348478	0.561140647656	0.556307394877	0.513291445143	0.433059449009	0.476075398743	0.642339294345	0.587723537941	0.445625906235	0.509424842919	0.425809569841	0.564040599323	0.477525374577	0.681488641856	0.656839052682	0.516674722088	0.49299178347	0.489125181247	0.643789270179	0.577573707105	0.608023199613	0.587240212663	0.593040115998	0.607539874335	0.505558240696	0.503141614306	0.507491541808	0.497341710971	0.535041082649	0.603189946834	0.549057515708	0.592073465442	0.464958917351	0.566457225713
AD3	0.66892218463	0.574673755437	0.96520057999	0.683905268246	0.628806186564	0.625906234896	0.0	0.513291445143	0.641855969067	0.353794103432	0.669888835186	0.608506524891	0.631706138231	0.889801836636	0.57177380377	0.629772837119	0.676172063799	0.675205413243	0.945867568874	0.767037216046	0.712421459642	0.686321894635	0.686805219913	0.687771870469	0.919284678589	0.680038666022	0.693571773804	0.687771870469	0.686321894635	0.679555340744	0.71290478492	0.679072015466	0.622039632673	0.640405993233	0.735137747704	0.669405509908	0.669405509908	0.52537457709	0.619623006283	0.57177380377	0.569840502658	0.563557274045	0.53697438376	0.539874335428	0.689221846303	0.681971967134	0.760753987434	0.705171580474	0.732237796037	0.710488158531	0.714838086032	0.727404543258	0.64813919768	0.646205896568	0.663605606573	0.637022716288	0.621556307395	0.718221362977	0.630739487675	0.720154664089	0.680038666022	0.691155147414
AD4	0.582890285162	0.484291928468	0.950217496375	0.630739487675	0.55775737071	0.391976800387	0.513291445143	0.0	0.35427742871	0.398260029	0.425326244563	0.480425326245	0.5186080232	0.876268728855	0.547607539874	0.536491058482	0.4813919768	0.444175930401	0.943450942484	0.761720637989	0.582406959884	0.509908168197	0.509424842919	0.499758337361	0.911551474142	0.588690188497	0.461092315128	0.485258579024	0.511841469309	0.565490575157	0.56259062349	0.514258095698	0.404059932334	0.453842435959	0.643789270179	0.58337361044	0.434992750121	0.467375543741	0.429676172064	0.561140647656	0.467375543741	0.639439342678	0.611889801837	0.4813919768	0.496375060416	0.479458675689	0.663605606573	0.593040115998	0.634122764621	0.618173030449	0.609956500725	0.625422909618	0.51377477042	0.508941517641	0.517641372644	0.512808119865	0.546157564041	0.621556307395	0.563073948768	0.628322861286	0.500724987917	0.587240212663
AE3	0.572257129048	0.497825036249	0.934751087482	0.620106331561	0.593040115998	0.410343160947	0.641855969067	0.35427742871	0.0	0.519574673755	0.411793136781	0.513291445143	0.50459159014	0.866602223296	0.56259062349	0.525857902368	0.433542774287	0.415659739004	0.925567907202	0.743354277429	0.560657322378	0.472692121798	0.464958917351	0.456742387627	0.890768487192	0.575640405993	0.41904301595	0.435959400677	0.49540840986	0.550507491542	0.523924601257	0.476558724021	0.386176897052	0.462058965684	0.682455292412	0.630256162397	0.4398260029	0.509908168197	0.459642339294	0.609956500725	0.516674722088	0.679555340744	0.64572257129	0.517158047366	0.519091348478	0.487191880135	0.682455292412	0.614789753504	0.661188980184	0.632189463509	0.629289511841	0.64813919768	0.554857419043	0.549057515708	0.549540840986	0.541807636539	0.547607539874	0.648622522958	0.566457225713	0.644755920735	0.482358627356	0.608023199613
AE4	0.629772837119	0.524891251812	0.95601739971	0.632672788787	0.592073465442	0.520541324311	0.353794103432	0.398260029	0.519574673755	0.0	0.571290478492	0.554374093765	0.58095698405	0.880135331078	0.545190913485	0.575640405993	0.579990333494	0.576607056549	0.937167713871	0.752054132431	0.647655872402	0.582406959884	0.586756887385	0.585790236829	0.90961817303	0.606089898502	0.588690188497	0.58095698405	0.587240212663	0.595456742388	0.637022716288	0.593523441276	0.526341227646	0.545674238763	0.696471725471	0.628322861286	0.568390526825	0.463508941518	0.535041082649	0.528757854036	0.517641372644	0.58337361044	0.554374093765	0.496375060416	0.598356694055	0.589656839053	0.715804736588	0.65732237796	0.687771870469	0.674722087965	0.67133881102	0.6805219913	0.602706621556	0.583856935718	0.597873368777	0.584823586274	0.580473658772	0.674722087965	0.595940067666	0.678105364911	0.589173513775	0.644755920735
AF3	0.611889801837	0.546640889319	0.972933784437	0.651039149348	0.623489608507	0.329144514258	0.669888835186	0.425326244563	0.411793136781	0.571290478492	0.0	0.5186080232	0.531657805703	0.900918318028	0.601739971	0.574673755437	0.426292895118	0.428709521508	0.954084098598	0.779603673272	0.59255679072	0.538424359594	0.448042532624	0.448042532624	0.922184630256	0.60415659739	0.431609473175	0.492025132914	0.546640889319	0.591590140164	0.528757854036	0.501208313195	0.429676172064	0.495891735138	0.666505558241	0.625906234896	0.412759787337	0.539874335428	0.447075882069	0.623489608507	0.531174480425	0.713871435476	0.687288545191	0.543740937651	0.498308361527	0.482841952634	0.670855485742	0.605123247946	0.65973900435	0.622039632673	0.616723054616	0.636056065732	0.550024166264	0.53020782987	0.535041082649	0.52779120348	0.578540357661	0.637989366844	0.589656839053	0.622039632673	0.493958434026	0.59497341711
AF4	0.595456742388	0.512324794587	0.930884485259	0.609473175447	0.329627839536	0.404059932334	0.608506524891	0.480425326245	0.513291445143	0.554374093765	0.5186080232	0.0	0.541807636539	0.860802319961	0.559207346544	0.551474142098	0.559690671822	0.523924601257	0.883518608023	0.718704688255	0.675205413243	0.609956500725	0.643789270179	0.634122764621	0.84485258579	0.62493958434	0.576607056549	0.605123247946	0.614789753504	0.626389560174	0.644272595457	0.608989850169	0.534557757371	0.56259062349	0.594490091832	0.52779120348	0.544707588207	0.546640889319	0.501208313195	0.528274528758	0.497825036249	0.628322861286	0.618173030449	0.519091348478	0.543740937651	0.541807636539	0.583856935718	0.519574673755	0.556790720155	0.534557757371	0.540357660706	0.541324311261	0.458192363461	0.489125181247	0.51619139681	0.51619139681	0.558724021266	0.540840985984	0.561623972934	0.53939101015	0.546157564041	0.514741420976
AG3	0.577573707105	0.470758820686	0.96761720638	0.492508458192	0.606089898502	0.499275012083	0.631706138231	0.5186080232	0.50459159014	0.58095698405	0.531657805703	0.541807636539	0.0	0.862735621073	0.515224746254	0.51377477042	0.50459159014	0.488158530691	0.929434509425	0.753020782987	0.669405509908	0.585790236829	0.586273562107	0.588690188497	0.887868535524	0.623972933784	0.548090865152	0.566940550991	0.614306428226	0.617689705172	0.632189463509	0.579990333494	0.515708071532	0.525857902368	0.663122281295	0.61333977767	0.534557757371	0.542774287095	0.507491541808	0.577573707105	0.503141614306	0.670372160464	0.642822619623	0.538907684872	0.580473658772	0.550507491542	0.631706138231	0.565973900435	0.622039632673	0.594006766554	0.585790236829	0.588690188497	0.514741420976	0.520057999033	0.533107781537	0.514741420976	0.534074432093	0.604639922668	0.558724021266	0.604639922668	0.50459159014	0.574673755437
AG4	0.860802319961	0.874335427743	0.34026099565	0.564523924601	0.852102464959	0.875302078299	0.889801836636	0.876268728855	0.866602223296	0.880135331078	0.900918318028	0.860802319961	0.862735621073	0.0	0.881585306912	0.869985500242	0.907201546641	0.90285161914	0.726437892702	0.686321894635	0.828419526341	0.845335911068	0.898018366361	0.887868535524	0.831319478009	0.826969550507	0.873368777187	0.85886901885	0.773803769937	0.776220396327	0.893668438859	0.882068632189	0.891735137748	0.89125181247	0.913968100532	0.895601739971	0.900918318028	0.8796520058	0.899951667472	0.895601739971	0.897535041083	0.871435476075	0.865152247463	0.874818753021	0.912518124698	0.904784920251	0.898501691638	0.898501691638	0.898985016916	0.899951667472	0.906234896085	0.898985016916	0.904301594973	0.901884968584	0.911551474142	0.905751570807	0.904301594973	0.898985016916	0.897535041083	0.898985016916	0.904784920251	0.904301594973
AH3	0.64572257129	0.360077332044	0.9584340261	0.602223296278	0.602223296278	0.558240695988	0.57177380377	0.547607539874	0.56259062349	0.545190913485	0.601739971	0.559207346544	0.515224746254	0.881585306912	0.0	0.512808119865	0.585790236829	0.595940067666	0.927501208313	0.750120831319	0.704688255196	0.629289511841	0.624456259062	0.626389560174	0.903334944418	0.676655389077	0.633639439343	0.617206379894	0.658772353794	0.662638956017	0.688255195747	0.645239246013	0.53939101015	0.56259062349	0.70372160464	0.636056065732	0.617206379894	0.537457709038	0.579023682939	0.543740937651	0.536007733204	0.594006766554	0.561623972934	0.542774287095	0.643789270179	0.623972933784	0.693571773804	0.612373127115	0.652972450459	0.634606089899	0.641855969067	0.652489125181	0.575640405993	0.597873368777	0.601256645723	0.598840019333	0.563073948768	0.662638956017	0.56259062349	0.644755920735	0.584340260996	0.60657322378
AH4	0.332527791203	0.368293861769	0.946350894152	0.615273078782	0.608023199613	0.520057999033	0.629772837119	0.536491058482	0.525857902368	0.575640405993	0.574673755437	0.551474142098	0.51377477042	0.869985500242	0.512808119865	0.0	0.528757854036	0.528274528758	0.878202029966	0.713871435476	0.630739487675	0.545190913485	0.574190430159	0.576123731271	0.852102464959	0.598840019333	0.552440792653	0.544707588207	0.585790236829	0.585790236829	0.595940067666	0.556307394877	0.535041082649	0.542290961817	0.691638472692	0.646689221846	0.579023682939	0.58095698405	0.55099081682	0.57177380377	0.523924601257	0.67133881102	0.641855969067	0.559690671822	0.603673272112	0.576607056549	0.656839052682	0.603673272112	0.660705654906	0.62493958434	0.608023199613	0.62735621073	0.546157564041	0.526341227646	0.53697438376	0.521991300145	0.512324794587	0.622522957951	0.532624456259	0.630256162397	0.537457709038	0.595940067666
AA7	0.58337361044	0.526341227646	0.973417109715	0.650072498792	0.627839536008	0.459159014016	0.676172063799	0.4813919768	0.433542774287	0.579990333494	0.426292895118	0.559690671822	0.50459159014	0.907201546641	0.585790236829	0.528757854036	0.0	0.304011599807	0.921701304978	0.757370710488	0.598840019333	0.507491541808	0.465442242629	0.468342194297	0.870952150797	0.584340260996	0.439342677622	0.466408893185	0.545674238763	0.579507008217	0.502658289029	0.432092798453	0.433059449009	0.483325277912	0.699371677139	0.661188980184	0.464475592073	0.560657322378	0.48622522958	0.607056549058	0.535524407927	0.708554857419	0.6805219913	0.566457225713	0.53939101015	0.511358144031	0.666505558241	0.607056549058	0.660705654906	0.635572740454	0.599323344611	0.621072982117	0.528757854036	0.522474625423	0.523924601257	0.521024649589	0.53939101015	0.618656355727	0.562107298212	0.643305944901	0.492025132914	0.594006766554
AA8	0.565007249879	0.52779120348	0.968100531658	0.652972450459	0.593523441276	0.429192846786	0.675205413243	0.444175930401	0.415659739004	0.576607056549	0.428709521508	0.523924601257	0.488158530691	0.90285161914	0.595940067666	0.528274528758	0.304011599807	0.0	0.920251329145	0.754470758821	0.575640405993	0.486708554857	0.482358627356	0.4813919768	0.869018849686	0.576123731271	0.441759304012	0.454325761237	0.526341227646	0.571290478492	0.491541807637	0.397293378444	0.416143064282	0.476558724021	0.680038666022	0.643789270179	0.45142580957	0.547607539874	0.46302561624	0.605123247946	0.519091348478	0.713871435476	0.685355244079	0.554374093765	0.507491541808	0.486708554857	0.637022716288	0.586273562107	0.642822619623	0.616723054616	0.585306911551	0.597873368777	0.501691638473	0.494925084582	0.509908168197	0.492025132914	0.534557757371	0.594006766554	0.553890768487	0.617689705172	0.473658772354	0.574190430159
AB7	0.866602223296	0.90285161914	0.751570807153	0.741904301595	0.879168680522	0.91445142581	0.945867568874	0.943450942484	0.925567907202	0.937167713871	0.954084098598	0.883518608023	0.929434509425	0.726437892702	0.927501208313	0.878202029966	0.921701304978	0.920251329145	0.0	0.410826486225	0.804253262446	0.842435959401	0.931851135814	0.925567907202	0.738037699372	0.814403093282	0.884968583857	0.869502174964	0.734654422426	0.70130497825	0.886418559691	0.898501691638	0.928467858869	0.932334461092	0.944900918318	0.936201063316	0.942967617206	0.925567907202	0.949250845819	0.922667955534	0.931367810536	0.885451909135	0.881101981634	0.910584823586	0.9584340261	0.959884001933	0.930884485259	0.933301111648	0.928951184147	0.941034316095	0.937167713871	0.926534557757	0.924117931368	0.921701304978	0.920251329145	0.915418076365	0.927501208313	0.920734654422	0.924117931368	0.929434509425	0.950700821653	0.93281778637
AB8	0.707104881585	0.725954567424	0.74770420493	0.558724021266	0.748670855486	0.739487675205	0.767037216046	0.761720637989	0.743354277429	0.752054132431	0.779603673272	0.718704688255	0.753020782987	0.686321894635	0.750120831319	0.713871435476	0.757370710488	0.754470758821	0.410826486225	0.0	0.638472692122	0.67133881102	0.748187530208	0.73852102465	0.744320927985	0.647655872402	0.710004833253	0.68970517158	0.538424359594	0.513291445143	0.732237796037	0.729821169647	0.753987433543	0.754954084099	0.810053165781	0.764137264379	0.766070565491	0.746254229096	0.767520541324	0.751087481875	0.751570807153	0.720154664089	0.717738037699	0.731271145481	0.784436926051	0.781536974384	0.807153214113	0.762687288545	0.791203479942	0.773320444659	0.771870468826	0.774287095215	0.758820686322	0.752537457709	0.755437409377	0.749637506042	0.754470758821	0.772353794103	0.751570807153	0.761720637989	0.772837119381	0.763170613823
AC7	0.621072982117	0.659255679072	0.888351860802	0.663122281295	0.737554374094	0.579023682939	0.712421459642	0.582406959884	0.560657322378	0.647655872402	0.59255679072	0.675205413243	0.669405509908	0.828419526341	0.704688255196	0.630739487675	0.598840019333	0.575640405993	0.804253262446	0.638472692122	0.0	0.367810536491	0.578057032383	0.567423876269	0.822136297728	0.572257129048	0.544707588207	0.498791686805	0.475108748188	0.490575157081	0.570323827936	0.542290961817	0.568390526825	0.588206863219	0.795553407443	0.753987433543	0.618656355727	0.640405993233	0.607539874335	0.719671338811	0.665538907685	0.710971483809	0.687771870469	0.634606089899	0.623972933784	0.610923151281	0.818753020783	0.751087481875	0.802319961334	0.780570323828	0.756404059932	0.780570323828	0.69212179797	0.6805219913	0.681005316578	0.673272112131	0.67133881102	0.778153697438	0.676655389077	0.776220396327	0.614789753504	0.74770420493
AC8	0.573223779604	0.569840502658	0.911551474142	0.637506041566	0.677622039633	0.521507974867	0.686321894635	0.509908168197	0.472692121798	0.582406959884	0.538424359594	0.609956500725	0.585790236829	0.845335911068	0.629289511841	0.545190913485	0.507491541808	0.486708554857	0.842435959401	0.67133881102	0.367810536491	0.0	0.488158530691	0.483325277912	0.841469308845	0.529724504592	0.409859835669	0.363943934268	0.441275978734	0.46979217013	0.519574673755	0.477042049299	0.481875302078	0.51619139681	0.728371193813	0.685838569357	0.535524407927	0.57177380377	0.542774287095	0.647655872402	0.590140164331	0.664572257129	0.636056065732	0.564523924601	0.572740454326	0.540357660706	0.739004349928	0.667955534074	0.730304494925	0.705171580474	0.681971967134	0.700821652972	0.613823102948	0.60415659739	0.604639922668	0.596423392943	0.580473658772	0.69453842436	0.596423392943	0.706621556307	0.535524407927	0.662155630739
AD7	0.595940067666	0.576607056549	0.960367327211	0.669405509908	0.722087965201	0.506524891252	0.686805219913	0.509424842919	0.464958917351	0.586756887385	0.448042532624	0.643789270179	0.586273562107	0.898018366361	0.624456259062	0.574190430159	0.465442242629	0.482358627356	0.931851135814	0.748187530208	0.578057032383	0.488158530691	0.0	0.277912034799	0.899468342194	0.510874818753	0.426292895118	0.445142580957	0.505074915418	0.557274045433	0.503624939584	0.467375543741	0.480425326245	0.530691155147	0.734654422426	0.689221846303	0.492025132914	0.592073465442	0.538907684872	0.650072498792	0.59497341711	0.715804736588	0.685838569357	0.588690188497	0.551957467376	0.540840985984	0.748670855486	0.670855485742	0.732721121315	0.708071532141	0.676655389077	0.695505074915	0.625906234896	0.603673272112	0.595940067666	0.597873368777	0.587240212663	0.696471725471	0.598356694055	0.704204929918	0.553407443209	0.662638956017
AD8	0.590623489609	0.570807153214	0.952634122765	0.661188980184	0.716771387144	0.499275012083	0.687771870469	0.499758337361	0.456742387627	0.585790236829	0.448042532624	0.634122764621	0.588690188497	0.887868535524	0.626389560174	0.576123731271	0.468342194297	0.4813919768	0.925567907202	0.73852102465	0.567423876269	0.483325277912	0.277912034799	0.0	0.869502174964	0.487191880135	0.403576607057	0.431126147898	0.488158530691	0.543257612373	0.499275012083	0.466892218463	0.476075398743	0.52537457709	0.731754470759	0.6805219913	0.48380860319	0.582406959884	0.532141130981	0.644272595457	0.588206863219	0.711454809087	0.679555340744	0.577573707105	0.552924117931	0.534557757371	0.746254229096	0.667955534074	0.73368777187	0.706138231029	0.673272112131	0.696471725471	0.620589656839	0.603673272112	0.591590140164	0.595940067666	0.586273562107	0.695988400193	0.595456742388	0.70130497825	0.550024166264	0.658772353794
AE7	0.834702754954	0.880618656356	0.855485741904	0.802803286612	0.835186080232	0.889801836636	0.919284678589	0.911551474142	0.890768487192	0.90961817303	0.922184630256	0.84485258579	0.887868535524	0.831319478009	0.903334944418	0.852102464959	0.870952150797	0.869018849686	0.738037699372	0.744320927985	0.822136297728	0.841469308845	0.899468342194	0.869502174964	0.0	0.555824069599	0.866118898018	0.846785886902	0.765587240213	0.763653939101	0.839052682455	0.848235862736	0.899468342194	0.902368293862	0.93281778637	0.918801353311	0.920251329145	0.911068148864	0.917351377477	0.87723537941	0.894151764137	0.890768487192	0.880135331078	0.878685355244	0.940550990817	0.930401159981	0.89125181247	0.90961817303	0.910584823586	0.901884968584	0.907201546641	0.896568390527	0.894635089415	0.89125181247	0.901884968584	0.885935234413	0.910584823586	0.889318511358	0.907201546641	0.904784920251	0.915901401643	0.907684871919
AE8	0.585790236829	0.613823102948	0.894151764137	0.631706138231	0.688255195747	0.567423876269	0.680038666022	0.588690188497	0.575640405993	0.606089898502	0.60415659739	0.62493958434	0.623972933784	0.826969550507	0.676655389077	0.598840019333	0.584340260996	0.576123731271	0.814403093282	0.647655872402	0.572257129048	0.529724504592	0.510874818753	0.487191880135	0.555824069599	0.0	0.548090865152	0.528757854036	0.50459159014	0.499275012083	0.561140647656	0.554857419043	0.586756887385	0.587240212663	0.750604156597	0.704204929918	0.605606573224	0.599323344611	0.599806669889	0.643305944901	0.616723054616	0.692605123248	0.661672305462	0.587240212663	0.618656355727	0.610439826003	0.756404059932	0.691638472692	0.751087481875	0.710004833253	0.704204929918	0.721121314645	0.658772353794	0.633156114065	0.63653939101	0.623006283229	0.642339294345	0.713388110198	0.647172547124	0.705654905752	0.597873368777	0.685838569357
AF7	0.568873852102	0.552440792653	0.938134364427	0.658289028516	0.651522474625	0.461575640406	0.693571773804	0.461092315128	0.41904301595	0.588690188497	0.431609473175	0.576607056549	0.548090865152	0.873368777187	0.633639439343	0.552440792653	0.439342677622	0.441759304012	0.884968583857	0.710004833253	0.544707588207	0.409859835669	0.426292895118	0.403576607057	0.866118898018	0.548090865152	0.0	0.325761237313	0.479458675689	0.52779120348	0.477042049299	0.46302561624	0.427259545674	0.483325277912	0.685355244079	0.637506041566	0.447559207347	0.536491058482	0.488158530691	0.622522957951	0.534074432093	0.694055099082	0.65973900435	0.544224262929	0.520541324311	0.498791686805	0.675688738521	0.609956500725	0.678588690188	0.651522474625	0.629772837119	0.637989366844	0.561140647656	0.540840985984	0.545190913485	0.538424359594	0.555824069599	0.632189463509	0.570807153214	0.65055582407	0.477042049299	0.600289995167
AF8	0.560657322378	0.553890768487	0.923151280812	0.640889318511	0.675688738521	0.479942000967	0.687771870469	0.485258579024	0.435959400677	0.58095698405	0.492025132914	0.605123247946	0.566940550991	0.85886901885	0.617206379894	0.544707588207	0.466408893185	0.454325761237	0.869502174964	0.68970517158	0.498791686805	0.363943934268	0.445142580957	0.431126147898	0.846785886902	0.528757854036	0.325761237313	0.0	0.450942484292	0.503141614306	0.509908168197	0.456742387627	0.433542774287	0.501691638473	0.720154664089	0.670855485742	0.489608506525	0.558240695988	0.521507974867	0.619623006283	0.564040599323	0.670372160464	0.637506041566	0.549057515708	0.550024166264	0.53020782987	0.708071532141	0.640889318511	0.707104881585	0.686321894635	0.655389076849	0.665538907685	0.588690188497	0.575157080715	0.578540357661	0.571290478492	0.559207346544	0.667472208797	0.57177380377	0.683421942968	0.503624939584	0.637022716288
AG7	0.586756887385	0.60415659739	0.835186080232	0.563557274045	0.678588690188	0.519091348478	0.686321894635	0.511841469309	0.49540840986	0.587240212663	0.546640889319	0.614789753504	0.614306428226	0.773803769937	0.658772353794	0.585790236829	0.545674238763	0.526341227646	0.734654422426	0.538424359594	0.475108748188	0.441275978734	0.505074915418	0.488158530691	0.765587240213	0.50459159014	0.479458675689	0.450942484292	0.0	0.313194780087	0.550024166264	0.513291445143	0.509424842919	0.552924117931	0.739487675205	0.687771870469	0.535041082649	0.576607056549	0.554374093765	0.648622522958	0.609473175447	0.666505558241	0.636056065732	0.566457225713	0.584823586274	0.579507008217	0.758337361044	0.679072015466	0.739487675205	0.710971483809	0.688255195747	0.718704688255	0.641855969067	0.619139681005	0.623972933784	0.607539874335	0.635089415176	0.708071532141	0.640405993233	0.710971483809	0.58337361044	0.672788786854
AG8	0.589656839053	0.605123247946	0.835186080232	0.574190430159	0.68970517158	0.561140647656	0.679555340744	0.565490575157	0.550507491542	0.595456742388	0.591590140164	0.626389560174	0.617689705172	0.776220396327	0.662638956017	0.585790236829	0.579507008217	0.571290478492	0.70130497825	0.513291445143	0.490575157081	0.46979217013	0.557274045433	0.543257612373	0.763653939101	0.499275012083	0.52779120348	0.503141614306	0.313194780087	0.0	0.571290478492	0.549057515708	0.563073948768	0.57177380377	0.754470758821	0.700821652972	0.58095698405	0.578540357661	0.578057032383	0.652489125181	0.606089898502	0.668438859352	0.641372643789	0.577090381827	0.608023199613	0.599323344611	0.761237312711	0.684871918801	0.748670855486	0.720637989367	0.695505074915	0.718704688255	0.645239246013	0.623006283229	0.625422909618	0.61575640406	0.633639439343	0.710004833253	0.64572257129	0.71290478492	0.598356694055	0.678588690188
AH7	0.588690188497	0.629772837119	0.950700821653	0.702754954084	0.712421459642	0.556307394877	0.71290478492	0.56259062349	0.523924601257	0.637022716288	0.528757854036	0.644272595457	0.632189463509	0.893668438859	0.688255195747	0.595940067666	0.502658289029	0.491541807637	0.886418559691	0.732237796037	0.570323827936	0.519574673755	0.503624939584	0.499275012083	0.839052682455	0.561140647656	0.477042049299	0.509908168197	0.550024166264	0.571290478492	0.0	0.31706138231	0.562107298212	0.609956500725	0.772837119381	0.739004349928	0.549540840986	0.650072498792	0.602706621556	0.670372160464	0.63653939101	0.756404059932	0.731754470759	0.638472692122	0.62735621073	0.616239729338	0.764620589657	0.713388110198	0.759787336878	0.739971000483	0.711454809087	0.728854519091	0.638472692122	0.632189463509	0.626389560174	0.625422909618	0.637022716288	0.726437892702	0.638472692122	0.726437892702	0.602706621556	0.705171580474
AH8	0.55775737071	0.582406959884	0.947800869986	0.666505558241	0.678588690188	0.513291445143	0.679072015466	0.514258095698	0.476558724021	0.593523441276	0.501208313195	0.608989850169	0.579990333494	0.882068632189	0.645239246013	0.556307394877	0.432092798453	0.397293378444	0.898501691638	0.729821169647	0.542290961817	0.477042049299	0.467375543741	0.466892218463	0.848235862736	0.554857419043	0.46302561624	0.456742387627	0.513291445143	0.549057515708	0.31706138231	0.0	0.495891735138	0.544707588207	0.747220879652	0.706621556307	0.51377477042	0.602706621556	0.552440792653	0.633156114065	0.59255679072	0.713388110198	0.689221846303	0.597390043499	0.58095698405	0.565490575157	0.727887868536	0.667955534074	0.730304494925	0.700821652972	0.67133881102	0.688738521025	0.602706621556	0.590623489609	0.592073465442	0.583856935718	0.588206863219	0.686805219913	0.594490091832	0.695505074915	0.54857419043	0.659255679072
AA5	0.585790236829	0.490575157081	0.961333977767	0.646689221846	0.60657322378	0.433059449009	0.622039632673	0.404059932334	0.386176897052	0.526341227646	0.429676172064	0.534557757371	0.515708071532	0.891735137748	0.53939101015	0.535041082649	0.433059449009	0.416143064282	0.928467858869	0.753987433543	0.568390526825	0.481875302078	0.480425326245	0.476075398743	0.899468342194	0.586756887385	0.427259545674	0.433542774287	0.509424842919	0.563073948768	0.562107298212	0.495891735138	0.0	0.32866118898	0.666022232963	0.600773320445	0.449975833736	0.44900918318	0.456742387627	0.564523924601	0.473175447076	0.621072982117	0.587240212663	0.464958917351	0.5186080232	0.475592073465	0.696955050749	0.628806186564	0.662638956017	0.643789270179	0.641855969067	0.663605606573	0.53939101015	0.553890768487	0.561140647656	0.538424359594	0.537457709038	0.649589173514	0.567423876269	0.645239246013	0.495891735138	0.622039632673
AA6	0.593523441276	0.501691638473	0.958917351377	0.652972450459	0.630739487675	0.476075398743	0.640405993233	0.453842435959	0.462058965684	0.545674238763	0.495891735138	0.56259062349	0.525857902368	0.89125181247	0.56259062349	0.542290961817	0.483325277912	0.476558724021	0.932334461092	0.754954084099	0.588206863219	0.51619139681	0.530691155147	0.52537457709	0.902368293862	0.587240212663	0.483325277912	0.501691638473	0.552924117931	0.57177380377	0.609956500725	0.544707588207	0.32866118898	0.0	0.673272112131	0.60415659739	0.515708071532	0.475108748188	0.47462542291	0.58095698405	0.487191880135	0.64813919768	0.613823102948	0.493958434026	0.462058965684	0.430159497342	0.690188496858	0.631706138231	0.663122281295	0.644272595457	0.642339294345	0.660705654906	0.55099081682	0.554857419043	0.556307394877	0.547124214596	0.545190913485	0.652005799903	0.565973900435	0.649105848236	0.501208313195	0.625906234896
AB5	0.73610439826	0.663605606573	0.975833736104	0.734654422426	0.622522957951	0.642339294345	0.735137747704	0.643789270179	0.682455292412	0.696471725471	0.666505558241	0.594490091832	0.663122281295	0.913968100532	0.70372160464	0.691638472692	0.699371677139	0.680038666022	0.944900918318	0.810053165781	0.795553407443	0.728371193813	0.734654422426	0.731754470759	0.93281778637	0.750604156597	0.685355244079	0.720154664089	0.739487675205	0.754470758821	0.772837119381	0.747220879652	0.666022232963	0.673272112131	0.0	0.313678105365	0.619623006283	0.660222329628	0.605606573224	0.639922667956	0.608989850169	0.735137747704	0.729821169647	0.649105848236	0.625422909618	0.611889801837	0.630256162397	0.617206379894	0.633639439343	0.60657322378	0.639922667956	0.617206379894	0.59497341711	0.591590140164	0.615273078782	0.625906234896	0.661672305462	0.602706621556	0.663122281295	0.615273078782	0.667472208797	0.622039632673
AB6	0.689221846303	0.597390043499	0.965683905268	0.676655389077	0.587723537941	0.587723537941	0.669405509908	0.58337361044	0.630256162397	0.628322861286	0.625906234896	0.52779120348	0.61333977767	0.895601739971	0.636056065732	0.646689221846	0.661188980184	0.643789270179	0.936201063316	0.764137264379	0.753987433543	0.685838569357	0.689221846303	0.6805219913	0.918801353311	0.704204929918	0.637506041566	0.670855485742	0.687771870469	0.700821652972	0.739004349928	0.706621556307	0.600773320445	0.60415659739	0.313678105365	0.0	0.58095698405	0.575640405993	0.564040599323	0.579023682939	0.552440792653	0.653455775737	0.646205896568	0.558240695988	0.561140647656	0.559690671822	0.599806669889	0.549540840986	0.582406959884	0.552924117931	0.573223779604	0.574190430159	0.537457709038	0.552924117931	0.582406959884	0.587723537941	0.609473175447	0.557274045433	0.617689705172	0.560657322378	0.632672788787	0.55099081682
AC5	0.587723537941	0.552924117931	0.975350410826	0.661188980184	0.622039632673	0.445625906235	0.669405509908	0.434992750121	0.4398260029	0.568390526825	0.412759787337	0.544707588207	0.534557757371	0.900918318028	0.617206379894	0.579023682939	0.464475592073	0.45142580957	0.942967617206	0.766070565491	0.618656355727	0.535524407927	0.492025132914	0.48380860319	0.920251329145	0.605606573224	0.447559207347	0.489608506525	0.535041082649	0.58095698405	0.549540840986	0.51377477042	0.449975833736	0.515708071532	0.619623006283	0.58095698405	0.0	0.449492508458	0.427742870952	0.594490091832	0.517158047366	0.702754954084	0.663122281295	0.534074432093	0.473658772354	0.465925567907	0.612373127115	0.560657322378	0.617689705172	0.587723537941	0.574673755437	0.58337361044	0.51619139681	0.489125181247	0.491541807637	0.511358144031	0.563073948768	0.58337361044	0.577090381827	0.580473658772	0.499758337361	0.545674238763
AC6	0.626389560174	0.506524891252	0.957950700822	0.642822619623	0.579990333494	0.509424842919	0.52537457709	0.467375543741	0.509908168197	0.463508941518	0.539874335428	0.546640889319	0.542774287095	0.8796520058	0.537457709038	0.58095698405	0.560657322378	0.547607539874	0.925567907202	0.746254229096	0.640405993233	0.57177380377	0.592073465442	0.582406959884	0.911068148864	0.599323344611	0.536491058482	0.558240695988	0.576607056549	0.578540357661	0.650072498792	0.602706621556	0.44900918318	0.475108748188	0.660222329628	0.575640405993	0.449492508458	0.0	0.506524891252	0.52779120348	0.487191880135	0.471725471242	0.427259545674	0.414693088449	0.551474142098	0.532624456259	0.674238762687	0.620589656839	0.647172547124	0.629289511841	0.639439342678	0.652489125181	0.57177380377	0.559207346544	0.570323827936	0.559207346544	0.563073948768	0.648622522958	0.586756887385	0.632672788787	0.544707588207	0.608506524891
AD6	0.591590140164	0.523924601257	0.974383760271	0.6389560174	0.586273562107	0.425809569841	0.619623006283	0.429676172064	0.459642339294	0.535041082649	0.447075882069	0.501208313195	0.507491541808	0.899951667472	0.579023682939	0.55099081682	0.48622522958	0.46302561624	0.949250845819	0.767520541324	0.607539874335	0.542774287095	0.538907684872	0.532141130981	0.917351377477	0.599806669889	0.488158530691	0.521507974867	0.554374093765	0.578057032383	0.602706621556	0.552440792653	0.456742387627	0.47462542291	0.605606573224	0.564040599323	0.427742870952	0.506524891252	0.0	0.550024166264	0.413726437893	0.694055099082	0.653939101015	0.52779120348	0.456259062349	0.440792653456	0.595940067666	0.538907684872	0.585306911551	0.550024166264	0.556790720155	0.573223779604	0.473175447076	0.46979217013	0.46302561624	0.474142097632	0.541324311261	0.565973900435	0.553890768487	0.570323827936	0.459642339294	0.522474625423
AE5	0.628806186564	0.533591106815	0.973417109715	0.641372643789	0.55775737071	0.564040599323	0.57177380377	0.561140647656	0.609956500725	0.528757854036	0.623489608507	0.528274528758	0.577573707105	0.895601739971	0.543740937651	0.57177380377	0.607056549058	0.605123247946	0.922667955534	0.751087481875	0.719671338811	0.647655872402	0.650072498792	0.644272595457	0.87723537941	0.643305944901	0.622522957951	0.619623006283	0.648622522958	0.652489125181	0.670372160464	0.633156114065	0.564523924601	0.58095698405	0.639922667956	0.579023682939	0.594490091832	0.52779120348	0.550024166264	0.0	0.35186080232	0.598356694055	0.570807153214	0.519574673755	0.635089415176	0.627839536008	0.651522474625	0.610439826003	0.628806186564	0.619139681005	0.625422909618	0.639439342678	0.538907684872	0.567423876269	0.599323344611	0.559690671822	0.556790720155	0.626872885452	0.562107298212	0.621556307395	0.582406959884	0.601739971
AE6	0.59497341711	0.464475592073	0.971967133881	0.639439342678	0.555340744321	0.477525374577	0.569840502658	0.467375543741	0.516674722088	0.517641372644	0.531174480425	0.497825036249	0.503141614306	0.897535041083	0.536007733204	0.523924601257	0.535524407927	0.519091348478	0.931367810536	0.751570807153	0.665538907685	0.590140164331	0.59497341711	0.588206863219	0.894151764137	0.616723054616	0.534074432093	0.564040599323	0.609473175447	0.606089898502	0.63653939101	0.59255679072	0.473175447076	0.487191880135	0.608989850169	0.552440792653	0.517158047366	0.487191880135	0.413726437893	0.35186080232	0.0	0.632672788787	0.598840019333	0.477042049299	0.553407443209	0.536007733204	0.633639439343	0.581923634606	0.602223296278	0.590140164331	0.601739971	0.612856452392	0.492025132914	0.491541807637	0.518124697922	0.485258579024	0.50700821653	0.598356694055	0.532624456259	0.589656839053	0.498308361527	0.573223779604
AF5	0.704204929918	0.619623006283	0.946350894152	0.668438859352	0.649105848236	0.681488641856	0.563557274045	0.639439342678	0.679555340744	0.58337361044	0.713871435476	0.628322861286	0.670372160464	0.871435476075	0.594006766554	0.67133881102	0.708554857419	0.713871435476	0.885451909135	0.720154664089	0.710971483809	0.664572257129	0.715804736588	0.711454809087	0.890768487192	0.692605123248	0.694055099082	0.670372160464	0.666505558241	0.668438859352	0.756404059932	0.713388110198	0.621072982117	0.64813919768	0.735137747704	0.653455775737	0.702754954084	0.471725471242	0.694055099082	0.598356694055	0.632672788787	0.0	0.282261962301	0.534557757371	0.715804736588	0.707104881585	0.7593040116	0.716771387144	0.732237796037	0.705171580474	0.737554374094	0.735137747704	0.684388593523	0.701788303528	0.725471242146	0.704204929918	0.67133881102	0.730787820203	0.672305461576	0.711938134364	0.706621556307	0.720637989367
AF6	0.679072015466	0.59255679072	0.942000966651	0.653455775737	0.642339294345	0.656839052682	0.53697438376	0.611889801837	0.64572257129	0.554374093765	0.687288545191	0.618173030449	0.642822619623	0.865152247463	0.561623972934	0.641855969067	0.6805219913	0.685355244079	0.881101981634	0.717738037699	0.687771870469	0.636056065732	0.685838569357	0.679555340744	0.880135331078	0.661672305462	0.65973900435	0.637506041566	0.636056065732	0.641372643789	0.731754470759	0.689221846303	0.587240212663	0.613823102948	0.729821169647	0.646205896568	0.663122281295	0.427259545674	0.653939101015	0.570807153214	0.598840019333	0.282261962301	0.0	0.502658289029	0.689221846303	0.670372160464	0.754954084099	0.692605123248	0.714838086032	0.695505074915	0.706621556307	0.722571290478	0.654422426293	0.670372160464	0.690671822136	0.67133881102	0.631706138231	0.716288061866	0.634122764621	0.701788303528	0.676655389077	0.681488641856
