	AA3	AA4	AB3	AB4	AC3	AC4	AD3	AD4	AE3	AE4	AF3	AF4	AG3	AG4	AH3	AH4	AA7	AA8	AB7	AB8	AC7	AC8	AD7	AD8	AE7	AE8	AF7	AF8	AG7	AG8	AH7	AH8	AA5	AA6	AB5	AB6	AC5	AC6	AD6	AE5	AE6	AF5	AF6	AG5	AH5	AH6	AA1	AA2	AB1	AB2	AC1	AC2	AD1	AD2	AE1	AE2	AF1	AF2	AG1	AG2	AH1	AH2
AA3	0.0	0.487191880135	0.939584340261	0.646205896568	0.662155630739	0.576123731271	0.667955534074	0.587240212663	0.56935717738	0.632672788787	0.612856452392	0.616723054616	0.588206863219	0.861768970517	0.675688738521	0.349927501208	0.574673755437	0.568390526825	0.872402126631	0.733204446593	0.632672788787	0.581440309328	0.603189946834	0.594006766554	0.839052682455	0.59255679072	0.587723537941	0.552440792653	0.606089898502	0.604639922668	0.59255679072	0.570323827936	0.59255679072	0.609473175447	0.749637506042	0.687771870469	0.620106331561	0.629289511841	0.603673272112	0.619139681005	0.607056549058	0.714838086032	0.710971483809	0.617689705172	0.631706138231	0.626872885452	0.695988400193	0.640889318511	0.724987916868	0.670372160464	0.666022232963	0.661672305462	0.587240212663	0.571290478492	0.574673755437	0.566457225713	0.584823586274	0.651039149348	0.599323344611	0.670855485742	0.590623489609	0.659255679072
AA4	0.487191880135	0.0	0.942967617206	0.584340260996	0.563557274045	0.477042049299	0.570323827936	0.472692121798	0.49540840986	0.512808119865	0.553407443209	0.502174963751	0.480908651522	0.861768970517	0.404543257612	0.367810536491	0.532624456259	0.535524407927	0.898985016916	0.731754470759	0.649589173514	0.565490575157	0.588690188497	0.581440309328	0.8796520058	0.61575640406	0.545674238763	0.545190913485	0.594490091832	0.608989850169	0.624456259062	0.572740454326	0.499275012083	0.524407926535	0.66892218463	0.589173513775	0.559690671822	0.506041565974	0.53020782987	0.517158047366	0.488641855969	0.616239729338	0.597390043499	0.50459159014	0.579023682939	0.55775737071	0.670855485742	0.585790236829	0.639922667956	0.601256645723	0.614306428226	0.628322861286	0.514258095698	0.520541324311	0.531174480425	0.524407926535	0.49540840986	0.611406476559	0.495891735138	0.594006766554	0.515224746254	0.584340260996
AB3	0.939584340261	0.942967617206	0.0	0.674722087965	0.919768003867	0.951667472209	0.955050749154	0.947317544708	0.931367810536	0.952150797487	0.971000483325	0.932334461092	0.963750604157	0.336394393427	0.9584340261	0.945867568874	0.971967133881	0.968100531658	0.750120831319	0.761237312711	0.892218463026	0.913968100532	0.960850652489	0.950217496375	0.852585790237	0.887385210246	0.941517641373	0.922184630256	0.857419043016	0.834702754954	0.954567423876	0.959400676655	0.956500724988	0.962783953601	0.972933784437	0.963267278879	0.973417109715	0.952150797487	0.971483808603	0.971483808603	0.971000483325	0.936201063316	0.937167713871	0.944900918318	0.978250362494	0.970033832769	0.971000483325	0.970033832769	0.971483808603	0.971000483325	0.976317061382	0.969550507492	0.971483808603	0.970517158047	0.975350410826	0.971000483325	0.970517158047	0.970033832769	0.970517158047	0.972450459159	0.971000483325	0.972450459159
AB4	0.646205896568	0.584340260996	0.674722087965	0.0	0.642339294345	0.612856452392	0.673755437409	0.633156114065	0.613823102948	0.634122764621	0.653939101015	0.609473175447	0.476075398743	0.561623972934	0.614306428226	0.595456742388	0.641855969067	0.640405993233	0.737071048816	0.579023682939	0.653455775737	0.633639439343	0.669405509908	0.656839052682	0.802319961334	0.63653939101	0.658772353794	0.635089415176	0.566940550991	0.577090381827	0.693088448526	0.656355727405	0.639922667956	0.654905751571	0.731271145481	0.674722087965	0.660222329628	0.651039149348	0.637506041566	0.654422426293	0.642339294345	0.667472208797	0.666988883519	0.626872885452	0.690188496858	0.669888835186	0.719671338811	0.670855485742	0.705171580474	0.675205413243	0.676172063799	0.680038666022	0.630256162397	0.636056065732	0.655872402127	0.643305944901	0.648622522958	0.664088931851	0.638472692122	0.674722087965	0.646689221846	0.675688738521
AC3	0.662155630739	0.563557274045	0.919768003867	0.642339294345	0.0	0.491541807637	0.642339294345	0.561140647656	0.575640405993	0.591590140164	0.619623006283	0.324794586757	0.600289995167	0.840985983567	0.623006283229	0.621072982117	0.604639922668	0.617689705172	0.866118898018	0.74770420493	0.731271145481	0.680038666022	0.732237796037	0.709038182697	0.832769453842	0.6805219913	0.664088931851	0.667955534074	0.675205413243	0.683421942968	0.709038182697	0.67133881102	0.603189946834	0.629289511841	0.615273078782	0.570323827936	0.62735621073	0.594490091832	0.578057032383	0.553407443209	0.547607539874	0.667955534074	0.651039149348	0.578057032383	0.656355727405	0.632672788787	0.605123247946	0.576607056549	0.591590140164	0.582890285162	0.609473175447	0.584823586274	0.535524407927	0.560657322378	0.576607056549	0.565007249879	0.607056549058	0.568873852102	0.601739971	0.596423392943	0.604639922668	0.603189946834
AC4	0.576123731271	0.477042049299	0.951667472209	0.612856452392	0.491541807637	0.0	0.604639922668	0.399710004833	0.414693088449	0.507974867086	0.34026099565	0.401643305945	0.492508458192	0.869985500242	0.575157080715	0.521507974867	0.465925567907	0.467858869019	0.913484775254	0.743837602707	0.592073465442	0.533107781537	0.53020782987	0.515708071532	0.881585306912	0.570323827936	0.500724987917	0.496858385694	0.533591106815	0.555824069599	0.565973900435	0.508458192363	0.439342677622	0.452392460126	0.637989366844	0.559690671822	0.47462542291	0.508458192363	0.414693088449	0.541807636539	0.466408893185	0.668438859352	0.649105848236	0.503624939584	0.501208313195	0.467858869019	0.652005799903	0.575640405993	0.607539874335	0.58337361044	0.587723537941	0.604639922668	0.49540840986	0.499275012083	0.501208313195	0.502174963751	0.521991300145	0.586273562107	0.534557757371	0.57177380377	0.465925567907	0.567907201547
AD3	0.667955534074	0.570323827936	0.955050749154	0.673755437409	0.642339294345	0.604639922668	0.0	0.517158047366	0.62735621073	0.364427259546	0.65732237796	0.584340260996	0.622039632673	0.878202029966	0.586756887385	0.628322861286	0.662155630739	0.667472208797	0.943934267762	0.773803769937	0.714354760754	0.678588690188	0.681971967134	0.677138714355	0.916868052199	0.677138714355	0.69212179797	0.683905268246	0.680038666022	0.666505558241	0.707588206863	0.682455292412	0.610923151281	0.63653939101	0.728371193813	0.661188980184	0.663605606573	0.497825036249	0.621556307395	0.541807636539	0.561140647656	0.545674238763	0.531174480425	0.54857419043	0.686321894635	0.669888835186	0.77090381827	0.698888351861	0.727404543258	0.697921701305	0.700821652972	0.726437892702	0.647172547124	0.637022716288	0.661188980184	0.639439342678	0.614789753504	0.699855002417	0.617206379894	0.70372160464	0.666505558241	0.697438376027
AD4	0.587240212663	0.472692121798	0.947317544708	0.633156114065	0.561140647656	0.399710004833	0.517158047366	0.0	0.321411309812	0.410343160947	0.429192846786	0.49299178347	0.508458192363	0.870952150797	0.560657322378	0.52537457709	0.459642339294	0.467858869019	0.942484291928	0.769937167714	0.579990333494	0.515708071532	0.506524891252	0.48380860319	0.907684871919	0.592073465442	0.455775737071	0.460125664572	0.508941517641	0.561623972934	0.547607539874	0.489608506525	0.387626872885	0.446109231513	0.65055582407	0.565973900435	0.454809086515	0.48380860319	0.434509424843	0.547124214596	0.468342194297	0.637022716288	0.617206379894	0.482358627356	0.497341710971	0.474142097632	0.682455292412	0.601256645723	0.635572740454	0.620106331561	0.616723054616	0.634606089899	0.516674722088	0.527307878202	0.525857902368	0.523924601257	0.520057999033	0.616239729338	0.536007733204	0.621072982117	0.494441759304	0.600773320445
AE3	0.56935717738	0.49540840986	0.931367810536	0.613823102948	0.575640405993	0.414693088449	0.62735621073	0.321411309812	0.0	0.514741420976	0.407926534558	0.510874818753	0.494925084582	0.857419043016	0.57177380377	0.524407926535	0.424842919285	0.431126147898	0.922184630256	0.752537457709	0.565490575157	0.494441759304	0.479942000967	0.463508941518	0.891735137748	0.577090381827	0.425326244563	0.4398260029	0.478975350411	0.546157564041	0.526824552924	0.468342194297	0.39584340261	0.453359110681	0.683421942968	0.604639922668	0.448525857902	0.516674722088	0.449492508458	0.597390043499	0.520541324311	0.681005316578	0.65973900435	0.515708071532	0.50459159014	0.479458675689	0.687288545191	0.610923151281	0.650072498792	0.633156114065	0.622039632673	0.644755920735	0.525857902368	0.543740937651	0.538907684872	0.543740937651	0.541807636539	0.634122764621	0.559207346544	0.62735621073	0.485258579024	0.608506524891
AE4	0.632672788787	0.512808119865	0.952150797487	0.634122764621	0.591590140164	0.507974867086	0.364427259546	0.410343160947	0.514741420976	0.0	0.56935717738	0.529241179314	0.566457225713	0.874335427743	0.558240695988	0.56259062349	0.570323827936	0.575157080715	0.93523441276	0.762203963267	0.65732237796	0.599806669889	0.609473175447	0.583856935718	0.91203479942	0.617689705172	0.592073465442	0.585306911551	0.585306911551	0.596423392943	0.640889318511	0.594006766554	0.52779120348	0.556790720155	0.695021749638	0.617689705172	0.567423876269	0.454325761237	0.523924601257	0.514741420976	0.498308361527	0.58337361044	0.555824069599	0.482841952634	0.602706621556	0.587723537941	0.728371193813	0.647172547124	0.683421942968	0.661672305462	0.663122281295	0.680038666022	0.598840019333	0.586756887385	0.587240212663	0.587240212663	0.566940550991	0.65973900435	0.571290478492	0.664088931851	0.578057032383	0.646205896568
AF3	0.612856452392	0.553407443209	0.971000483325	0.653939101015	0.619623006283	0.34026099565	0.65732237796	0.429192846786	0.407926534558	0.56935717738	0.0	0.522474625423	0.532141130981	0.890768487192	0.626389560174	0.573223779604	0.440792653456	0.454809086515	0.955534074432	0.792653455776	0.60415659739	0.561140647656	0.450459159014	0.447075882069	0.92363460609	0.613823102948	0.453842435959	0.493958434026	0.529241179314	0.590140164331	0.53020782987	0.493958434026	0.432576123731	0.497825036249	0.668438859352	0.608023199613	0.420976317061	0.554374093765	0.441275978734	0.620589656839	0.540840985984	0.711454809087	0.696471725471	0.54857419043	0.510391493475	0.479942000967	0.679555340744	0.608023199613	0.663605606573	0.620106331561	0.61575640406	0.633156114065	0.541807636539	0.53020782987	0.52779120348	0.533591106815	0.574190430159	0.626872885452	0.591106814886	0.608023199613	0.503624939584	0.597873368777
AF4	0.616723054616	0.502174963751	0.932334461092	0.609473175447	0.324794586757	0.401643305945	0.584340260996	0.49299178347	0.510874818753	0.529241179314	0.522474625423	0.0	0.538907684872	0.851619139681	0.569840502658	0.563557274045	0.555824069599	0.566457225713	0.894635089415	0.738037699372	0.686805219913	0.622522957951	0.65732237796	0.637022716288	0.85645239246	0.634606089899	0.597873368777	0.602223296278	0.620106331561	0.631706138231	0.657805703238	0.615273078782	0.537941034316	0.565490575157	0.608506524891	0.519574673755	0.555824069599	0.530691155147	0.514741420976	0.504108264862	0.495891735138	0.624456259062	0.605123247946	0.5186080232	0.575157080715	0.550507491542	0.612373127115	0.536007733204	0.582890285162	0.55099081682	0.542774287095	0.570807153214	0.487191880135	0.506041565974	0.5186080232	0.505558240696	0.553407443209	0.546640889319	0.55099081682	0.54857419043	0.53939101015	0.541807636539
AG3	0.588206863219	0.480908651522	0.963750604157	0.476075398743	0.600289995167	0.492508458192	0.622039632673	0.508458192363	0.494925084582	0.566457225713	0.532141130981	0.538907684872	0.0	0.845819236346	0.542290961817	0.506524891252	0.49540840986	0.504108264862	0.933784436926	0.763653939101	0.663122281295	0.591106814886	0.590623489609	0.591106814886	0.894151764137	0.627839536008	0.54857419043	0.568390526825	0.603673272112	0.617689705172	0.634606089899	0.564523924601	0.50700821653	0.510391493475	0.65973900435	0.608989850169	0.536007733204	0.55099081682	0.507974867086	0.573223779604	0.50700821653	0.675205413243	0.656839052682	0.528757854036	0.561140647656	0.53939101015	0.634606089899	0.577573707105	0.629289511841	0.608023199613	0.594490091832	0.601739971	0.500724987917	0.520541324311	0.532141130981	0.51619139681	0.533591106815	0.603189946834	0.537457709038	0.605606573224	0.499275012083	0.572740454326
AG4	0.861768970517	0.861768970517	0.336394393427	0.561623972934	0.840985983567	0.869985500242	0.878202029966	0.870952150797	0.857419043016	0.874335427743	0.890768487192	0.851619139681	0.845819236346	0.0	0.882551957467	0.863702271629	0.896568390527	0.895118414693	0.727404543258	0.684871918801	0.82648622523	0.845335911068	0.889318511358	0.880618656356	0.82406959884	0.820202996617	0.872402126631	0.851619139681	0.784920251329	0.751087481875	0.889318511358	0.883035282745	0.879168680522	0.885451909135	0.905268245529	0.891735137748	0.899468342194	0.869985500242	0.89125181247	0.885451909135	0.886418559691	0.857902368294	0.863218946351	0.871435476075	0.906718221363	0.896568390527	0.893668438859	0.897051715805	0.892701788304	0.892218463026	0.904784920251	0.892701788304	0.897051715805	0.890768487192	0.905268245529	0.896568390527	0.898018366361	0.894635089415	0.896568390527	0.893185113581	0.897051715805	0.896568390527
AH3	0.675688738521	0.404543257612	0.9584340261	0.614306428226	0.623006283229	0.575157080715	0.586756887385	0.560657322378	0.57177380377	0.558240695988	0.626389560174	0.569840502658	0.542290961817	0.882551957467	0.0	0.538424359594	0.61575640406	0.609956500725	0.934751087482	0.777187046883	0.719671338811	0.655872402127	0.660705654906	0.656355727405	0.908168197197	0.698405026583	0.656839052682	0.665538907685	0.674238762687	0.684871918801	0.708071532141	0.650072498792	0.56259062349	0.595940067666	0.717738037699	0.645239246013	0.651039149348	0.567423876269	0.619139681005	0.573223779604	0.576123731271	0.607056549058	0.592073465442	0.565490575157	0.664572257129	0.637989366844	0.730304494925	0.639922667956	0.673755437409	0.653939101015	0.658289028516	0.674238762687	0.599806669889	0.608023199613	0.608506524891	0.620589656839	0.592073465442	0.665538907685	0.573707104882	0.644272595457	0.60415659739	0.637989366844
AH4	0.349927501208	0.367810536491	0.945867568874	0.595456742388	0.621072982117	0.521507974867	0.628322861286	0.52537457709	0.524407926535	0.56259062349	0.573223779604	0.563557274045	0.506524891252	0.863702271629	0.538424359594	0.0	0.522957950701	0.526824552924	0.8796520058	0.729337844369	0.631222812953	0.546157564041	0.579507008217	0.574190430159	0.855969067182	0.595940067666	0.547607539874	0.545674238763	0.582406959884	0.592073465442	0.596423392943	0.547607539874	0.529724504592	0.537941034316	0.695988400193	0.632672788787	0.580473658772	0.566940550991	0.549540840986	0.57177380377	0.540357660706	0.66892218463	0.65732237796	0.550507491542	0.587723537941	0.567907201547	0.679555340744	0.608023199613	0.681971967134	0.623006283229	0.628322861286	0.632672788787	0.547607539874	0.535524407927	0.531657805703	0.533107781537	0.523924601257	0.617689705172	0.532624456259	0.628806186564	0.528757854036	0.61575640406
AA7	0.574673755437	0.532624456259	0.971967133881	0.641855969067	0.604639922668	0.465925567907	0.662155630739	0.459642339294	0.424842919285	0.570323827936	0.440792653456	0.555824069599	0.49540840986	0.896568390527	0.61575640406	0.522957950701	0.0	0.284195263412	0.912518124698	0.772353794103	0.591590140164	0.520541324311	0.47462542291	0.479942000967	0.874335427743	0.594006766554	0.439342677622	0.476075398743	0.523924601257	0.584340260996	0.508941517641	0.412276462059	0.444175930401	0.488158530691	0.699371677139	0.644755920735	0.464958917351	0.558724021266	0.479458675689	0.598356694055	0.553407443209	0.707104881585	0.691638472692	0.559207346544	0.534074432093	0.501208313195	0.67133881102	0.601256645723	0.666505558241	0.636056065732	0.608506524891	0.616239729338	0.505558240696	0.523924601257	0.526824552924	0.5186080232	0.530691155147	0.605123247946	0.542774287095	0.641372643789	0.487191880135	0.616723054616
AA8	0.568390526825	0.535524407927	0.968100531658	0.640405993233	0.617689705172	0.467858869019	0.667472208797	0.467858869019	0.431126147898	0.575157080715	0.454809086515	0.566457225713	0.504108264862	0.895118414693	0.609956500725	0.526824552924	0.284195263412	0.0	0.906234896085	0.759787336878	0.575157080715	0.502174963751	0.474142097632	0.476075398743	0.867085548574	0.582406959884	0.450942484292	0.459642339294	0.512808119865	0.572257129048	0.478008699855	0.367810536491	0.433542774287	0.489125181247	0.710971483809	0.661672305462	0.486708554857	0.569840502658	0.485741904302	0.593040115998	0.556307394877	0.711454809087	0.692605123248	0.574190430159	0.53939101015	0.507974867086	0.675688738521	0.605123247946	0.686805219913	0.643305944901	0.620106331561	0.626389560174	0.51377477042	0.528757854036	0.53020782987	0.522957950701	0.534074432093	0.61333977767	0.543740937651	0.641855969067	0.488641855969	0.619623006283
AB7	0.872402126631	0.898985016916	0.750120831319	0.737071048816	0.866118898018	0.913484775254	0.943934267762	0.942484291928	0.922184630256	0.93523441276	0.955534074432	0.894635089415	0.933784436926	0.727404543258	0.934751087482	0.8796520058	0.912518124698	0.906234896085	0.0	0.399710004833	0.809569840503	0.842435959401	0.935717738038	0.926534557757	0.734654422426	0.811019816336	0.895601739971	0.868535524408	0.761237312711	0.702754954084	0.881585306912	0.899468342194	0.923151280812	0.933301111648	0.945384243596	0.936684388594	0.949734171097	0.9212179797	0.951667472209	0.92363460609	0.933301111648	0.878685355244	0.886901884969	0.901884968584	0.956500724988	0.952634122765	0.924601256646	0.9212179797	0.934267762204	0.935717738038	0.932334461092	0.917834702755	0.918318028033	0.908651522475	0.913484775254	0.913484775254	0.930401159981	0.916384726921	0.928467858869	0.933784436926	0.949734171097	0.93523441276
AB8	0.733204446593	0.731754470759	0.761237312711	0.579023682939	0.74770420493	0.743837602707	0.773803769937	0.769937167714	0.752537457709	0.762203963267	0.792653455776	0.738037699372	0.763653939101	0.684871918801	0.777187046883	0.729337844369	0.772353794103	0.759787336878	0.399710004833	0.0	0.648622522958	0.673755437409	0.760753987434	0.751087481875	0.737554374094	0.649589173514	0.724987916868	0.694055099082	0.568390526825	0.532141130981	0.746254229096	0.749637506042	0.7593040116	0.763653939101	0.811503141614	0.774287095215	0.779120347994	0.752054132431	0.778153697438	0.763653939101	0.760753987434	0.724021266312	0.732237796037	0.735621072982	0.791203479942	0.788786853552	0.830836152731	0.778153697438	0.807636539391	0.773320444659	0.787820202997	0.793620106332	0.772837119381	0.765587240213	0.772353794103	0.772837119381	0.769453842436	0.782986950217	0.768003866602	0.768003866602	0.783953600773	0.777187046883
AC7	0.632672788787	0.649589173514	0.892218463026	0.653455775737	0.731271145481	0.592073465442	0.714354760754	0.579990333494	0.565490575157	0.65732237796	0.60415659739	0.686805219913	0.663122281295	0.82648622523	0.719671338811	0.631222812953	0.591590140164	0.575157080715	0.809569840503	0.648622522958	0.0	0.373127114548	0.58095698405	0.567423876269	0.829869502175	0.574190430159	0.553890768487	0.511841469309	0.482841952634	0.481875302078	0.576123731271	0.558240695988	0.567907201547	0.602706621556	0.806186563557	0.741904301595	0.63653939101	0.642339294345	0.609956500725	0.719188013533	0.68293861769	0.709038182697	0.709038182697	0.628806186564	0.62735621073	0.608023199613	0.827936201063	0.762687288545	0.805219913001	0.782986950217	0.75688738521	0.783953600773	0.680038666022	0.688255195747	0.676655389077	0.681971967134	0.67133881102	0.771870468826	0.684871918801	0.778153697438	0.623972933784	0.746737554374
AC8	0.581440309328	0.565490575157	0.913968100532	0.633639439343	0.680038666022	0.533107781537	0.678588690188	0.515708071532	0.494441759304	0.599806669889	0.561140647656	0.622522957951	0.591106814886	0.845335911068	0.655872402127	0.546157564041	0.520541324311	0.502174963751	0.842435959401	0.673755437409	0.373127114548	0.0	0.50700821653	0.502658289029	0.838569357177	0.529241179314	0.416143064282	0.38666022233	0.464958917351	0.485258579024	0.526341227646	0.48380860319	0.497341710971	0.528274528758	0.73368777187	0.673755437409	0.566457225713	0.579023682939	0.544224262929	0.642822619623	0.605123247946	0.66892218463	0.658772353794	0.569840502658	0.562107298212	0.542774287095	0.741904301595	0.673755437409	0.73368777187	0.706621556307	0.679555340744	0.695505074915	0.594006766554	0.602706621556	0.593523441276	0.600289995167	0.585790236829	0.683421942968	0.59497341711	0.699371677139	0.541324311261	0.661188980184
AD7	0.603189946834	0.588690188497	0.960850652489	0.669405509908	0.732237796037	0.53020782987	0.681971967134	0.506524891252	0.479942000967	0.609473175447	0.450459159014	0.65732237796	0.590623489609	0.889318511358	0.660705654906	0.579507008217	0.47462542291	0.474142097632	0.935717738038	0.760753987434	0.58095698405	0.50700821653	0.0	0.298211696472	0.899468342194	0.520541324311	0.420009666506	0.46979217013	0.520057999033	0.565007249879	0.506524891252	0.455775737071	0.487675205413	0.542774287095	0.755920734654	0.688255195747	0.514258095698	0.603189946834	0.550024166264	0.661188980184	0.619623006283	0.715804736588	0.708071532141	0.610923151281	0.567907201547	0.545674238763	0.766070565491	0.693088448526	0.754470758821	0.722571290478	0.693571773804	0.710971483809	0.623489608507	0.624456259062	0.612856452392	0.620589656839	0.59497341711	0.707104881585	0.610439826003	0.713871435476	0.564040599323	0.679555340744
AD8	0.594006766554	0.581440309328	0.950217496375	0.656839052682	0.709038182697	0.515708071532	0.677138714355	0.48380860319	0.463508941518	0.583856935718	0.447075882069	0.637022716288	0.591106814886	0.880618656356	0.656355727405	0.574190430159	0.479942000967	0.476075398743	0.926534557757	0.751087481875	0.567423876269	0.502658289029	0.298211696472	0.0	0.857902368294	0.479458675689	0.401159980667	0.444175930401	0.473175447076	0.540840985984	0.499275012083	0.46302561624	0.493958434026	0.533591106815	0.750120831319	0.675688738521	0.498308361527	0.58095698405	0.535524407927	0.643789270179	0.607539874335	0.710971483809	0.695021749638	0.587240212663	0.5601739971	0.543257612373	0.763653939101	0.685355244079	0.749154180764	0.71532141131	0.690188496858	0.709038182697	0.618173030449	0.619139681005	0.603673272112	0.613823102948	0.593523441276	0.703238279362	0.614789753504	0.707104881585	0.564040599323	0.673755437409
AE7	0.839052682455	0.8796520058	0.852585790237	0.802319961334	0.832769453842	0.881585306912	0.916868052199	0.907684871919	0.891735137748	0.91203479942	0.92363460609	0.85645239246	0.894151764137	0.82406959884	0.908168197197	0.855969067182	0.874335427743	0.867085548574	0.734654422426	0.737554374094	0.829869502175	0.838569357177	0.899468342194	0.857902368294	0.0	0.545190913485	0.87046882552	0.846302561624	0.780570323828	0.763653939101	0.838569357177	0.847752537458	0.898985016916	0.905268245529	0.930401159981	0.918318028033	0.919768003867	0.901884968584	0.913484775254	0.867085548574	0.898985016916	0.880135331078	0.883035282745	0.873368777187	0.937651039149	0.925567907202	0.894635089415	0.895118414693	0.917834702755	0.901401643306	0.909134847753	0.898018366361	0.891735137748	0.887868535524	0.90285161914	0.888351860802	0.908168197197	0.888351860802	0.905268245529	0.90043499275	0.916384726921	0.916868052199
AE8	0.59255679072	0.61575640406	0.887385210246	0.63653939101	0.6805219913	0.570323827936	0.677138714355	0.592073465442	0.577090381827	0.617689705172	0.613823102948	0.634606089899	0.627839536008	0.820202996617	0.698405026583	0.595940067666	0.594006766554	0.582406959884	0.811019816336	0.649589173514	0.574190430159	0.529241179314	0.520541324311	0.479458675689	0.545190913485	0.0	0.54857419043	0.522957950701	0.505074915418	0.49540840986	0.566457225713	0.559207346544	0.593523441276	0.605606573224	0.761237312711	0.700338327695	0.612856452392	0.597390043499	0.604639922668	0.645239246013	0.62493958434	0.681488641856	0.674722087965	0.592073465442	0.630256162397	0.619139681005	0.771870468826	0.691638472692	0.763653939101	0.714354760754	0.705654905752	0.732237796037	0.652005799903	0.64572257129	0.640889318511	0.640405993233	0.638472692122	0.717254712421	0.652005799903	0.705171580474	0.604639922668	0.685355244079
AF7	0.587723537941	0.545674238763	0.941517641373	0.658772353794	0.664088931851	0.500724987917	0.69212179797	0.455775737071	0.425326244563	0.592073465442	0.453842435959	0.597873368777	0.54857419043	0.872402126631	0.656839052682	0.547607539874	0.439342677622	0.450942484292	0.895601739971	0.724987916868	0.553890768487	0.416143064282	0.420009666506	0.401159980667	0.87046882552	0.54857419043	0.0	0.320444659256	0.466408893185	0.532141130981	0.484291928468	0.468825519575	0.443209279845	0.489608506525	0.700821652972	0.6389560174	0.458192363461	0.550507491542	0.503141614306	0.623972933784	0.558240695988	0.70130497825	0.680038666022	0.546640889319	0.524407926535	0.508941517641	0.699371677139	0.628322861286	0.699855002417	0.67133881102	0.640405993233	0.654905751571	0.560657322378	0.563557274045	0.55775737071	0.566940550991	0.558724021266	0.647655872402	0.577090381827	0.666505558241	0.504108264862	0.622522957951
AF8	0.552440792653	0.545190913485	0.922184630256	0.635089415176	0.667955534074	0.496858385694	0.683905268246	0.460125664572	0.4398260029	0.585306911551	0.493958434026	0.602223296278	0.568390526825	0.851619139681	0.665538907685	0.545674238763	0.476075398743	0.459642339294	0.868535524408	0.694055099082	0.511841469309	0.38666022233	0.46979217013	0.444175930401	0.846302561624	0.522957950701	0.320444659256	0.0	0.438859352344	0.500724987917	0.505074915418	0.458675688739	0.444175930401	0.507974867086	0.710971483809	0.648622522958	0.499275012083	0.543740937651	0.507491541808	0.608023199613	0.565490575157	0.677622039633	0.661188980184	0.536007733204	0.541324311261	0.524407926535	0.707588206863	0.635572740454	0.699855002417	0.672305461576	0.646689221846	0.659255679072	0.567423876269	0.565007249879	0.559690671822	0.567907201547	0.553407443209	0.655389076849	0.567907201547	0.665538907685	0.509424842919	0.627839536008
AG7	0.606089898502	0.594490091832	0.857419043016	0.566940550991	0.675205413243	0.533591106815	0.680038666022	0.508941517641	0.478975350411	0.585306911551	0.529241179314	0.620106331561	0.603673272112	0.784920251329	0.674238762687	0.582406959884	0.523924601257	0.512808119865	0.761237312711	0.568390526825	0.482841952634	0.464958917351	0.520057999033	0.473175447076	0.780570323828	0.505074915418	0.466408893185	0.438859352344	0.0	0.31706138231	0.53697438376	0.509424842919	0.502174963751	0.554857419043	0.745770903818	0.681971967134	0.528274528758	0.572257129048	0.550024166264	0.640405993233	0.603673272112	0.663605606573	0.650072498792	0.564523924601	0.591590140164	0.565973900435	0.760753987434	0.680038666022	0.739487675205	0.71532141131	0.683421942968	0.710971483809	0.623489608507	0.625422909618	0.625906234896	0.620106331561	0.621072982117	0.701788303528	0.632189463509	0.708071532141	0.581440309328	0.670855485742
AG8	0.604639922668	0.608989850169	0.834702754954	0.577090381827	0.683421942968	0.555824069599	0.666505558241	0.561623972934	0.546157564041	0.596423392943	0.590140164331	0.631706138231	0.617689705172	0.751087481875	0.684871918801	0.592073465442	0.584340260996	0.572257129048	0.702754954084	0.532141130981	0.481875302078	0.485258579024	0.565007249879	0.540840985984	0.763653939101	0.49540840986	0.532141130981	0.500724987917	0.31706138231	0.0	0.573223779604	0.556307394877	0.556790720155	0.571290478492	0.761720637989	0.696955050749	0.586756887385	0.586273562107	0.587240212663	0.646689221846	0.611406476559	0.663122281295	0.65973900435	0.578540357661	0.606089898502	0.594006766554	0.777187046883	0.696955050749	0.757370710488	0.726437892702	0.704688255196	0.726437892702	0.64813919768	0.637506041566	0.637506041566	0.635572740454	0.643789270179	0.719188013533	0.64572257129	0.712421459642	0.60657322378	0.683905268246
AH7	0.59255679072	0.624456259062	0.954567423876	0.693088448526	0.709038182697	0.565973900435	0.707588206863	0.547607539874	0.526824552924	0.640889318511	0.53020782987	0.657805703238	0.634606089899	0.889318511358	0.708071532141	0.596423392943	0.508941517641	0.478008699855	0.881585306912	0.746254229096	0.576123731271	0.526341227646	0.506524891252	0.499275012083	0.838569357177	0.566457225713	0.484291928468	0.505074915418	0.53697438376	0.573223779604	0.0	0.327211213146	0.568390526825	0.606089898502	0.777187046883	0.725471242146	0.549057515708	0.646689221846	0.600773320445	0.658772353794	0.64572257129	0.753987433543	0.747220879652	0.643789270179	0.625906234896	0.610439826003	0.774287095215	0.716771387144	0.774287095215	0.732721121315	0.71532141131	0.731271145481	0.629289511841	0.635572740454	0.626389560174	0.635089415176	0.627839536008	0.724021266312	0.642822619623	0.724021266312	0.610439826003	0.711938134364
AH8	0.570323827936	0.572740454326	0.959400676655	0.656355727405	0.67133881102	0.508458192363	0.682455292412	0.489608506525	0.468342194297	0.594006766554	0.493958434026	0.615273078782	0.564523924601	0.883035282745	0.650072498792	0.547607539874	0.412276462059	0.367810536491	0.899468342194	0.749637506042	0.558240695988	0.48380860319	0.455775737071	0.46302561624	0.847752537458	0.559207346544	0.468825519575	0.458675688739	0.509424842919	0.556307394877	0.327211213146	0.0	0.493958434026	0.53697438376	0.739971000483	0.683905268246	0.520541324311	0.596906718221	0.535041082649	0.608506524891	0.591106814886	0.716288061866	0.702271628806	0.595940067666	0.561623972934	0.53939101015	0.726437892702	0.663122281295	0.727404543258	0.685355244079	0.661188980184	0.679555340744	0.57177380377	0.582890285162	0.577573707105	0.581923634606	0.570807153214	0.667472208797	0.582890285162	0.6805219913	0.540840985984	0.658289028516
AA5	0.59255679072	0.499275012083	0.956500724988	0.639922667956	0.603189946834	0.439342677622	0.610923151281	0.387626872885	0.39584340261	0.52779120348	0.432576123731	0.537941034316	0.50700821653	0.879168680522	0.56259062349	0.529724504592	0.444175930401	0.433542774287	0.923151280812	0.7593040116	0.567907201547	0.497341710971	0.487675205413	0.493958434026	0.898985016916	0.593523441276	0.443209279845	0.444175930401	0.502174963751	0.556790720155	0.568390526825	0.493958434026	0.0	0.340744320928	0.675205413243	0.581440309328	0.471725471242	0.468342194297	0.460125664572	0.563073948768	0.489125181247	0.620589656839	0.598840019333	0.467375543741	0.506041565974	0.473175447076	0.707104881585	0.632189463509	0.666022232963	0.64572257129	0.648622522958	0.666988883519	0.529724504592	0.558724021266	0.55775737071	0.551957467376	0.536491058482	0.642822619623	0.557274045433	0.63653939101	0.491541807637	0.62493958434
AA6	0.609473175447	0.524407926535	0.962783953601	0.654905751571	0.629289511841	0.452392460126	0.63653939101	0.446109231513	0.453359110681	0.556790720155	0.497825036249	0.565490575157	0.510391493475	0.885451909135	0.595940067666	0.537941034316	0.488158530691	0.489125181247	0.933301111648	0.763653939101	0.602706621556	0.528274528758	0.542774287095	0.533591106815	0.905268245529	0.605606573224	0.489608506525	0.507974867086	0.554857419043	0.571290478492	0.606089898502	0.53697438376	0.340744320928	0.0	0.674238762687	0.575640405993	0.510874818753	0.506041565974	0.482358627356	0.583856935718	0.50700821653	0.653939101015	0.634122764621	0.510391493475	0.4398260029	0.413243112615	0.701788303528	0.634606089899	0.667472208797	0.649105848236	0.64572257129	0.660705654906	0.538424359594	0.558240695988	0.559207346544	0.553890768487	0.550024166264	0.644272595457	0.567423876269	0.639922667956	0.511358144031	0.625422909618
AB5	0.749637506042	0.66892218463	0.972933784437	0.731271145481	0.615273078782	0.637989366844	0.728371193813	0.65055582407	0.683421942968	0.695021749638	0.668438859352	0.608506524891	0.65973900435	0.905268245529	0.717738037699	0.695988400193	0.699371677139	0.710971483809	0.945384243596	0.811503141614	0.806186563557	0.73368777187	0.755920734654	0.750120831319	0.930401159981	0.761237312711	0.700821652972	0.710971483809	0.745770903818	0.761720637989	0.777187046883	0.739971000483	0.675205413243	0.674238762687	0.0	0.301111648139	0.623972933784	0.673755437409	0.620589656839	0.626872885452	0.595456742388	0.73852102465	0.726437892702	0.652005799903	0.619623006283	0.603189946834	0.634122764621	0.607539874335	0.631222812953	0.602223296278	0.623972933784	0.611889801837	0.603189946834	0.611889801837	0.605606573224	0.61575640406	0.655389076849	0.589656839053	0.658289028516	0.608989850169	0.662155630739	0.607539874335
AB6	0.687771870469	0.589173513775	0.963267278879	0.674722087965	0.570323827936	0.559690671822	0.661188980184	0.565973900435	0.604639922668	0.617689705172	0.608023199613	0.519574673755	0.608989850169	0.891735137748	0.645239246013	0.632672788787	0.644755920735	0.661672305462	0.936684388594	0.774287095215	0.741904301595	0.673755437409	0.688255195747	0.675688738521	0.918318028033	0.700338327695	0.6389560174	0.648622522958	0.681971967134	0.696955050749	0.725471242146	0.683905268246	0.581440309328	0.575640405993	0.301111648139	0.0	0.565973900435	0.58095698405	0.565973900435	0.558240695988	0.52779120348	0.660705654906	0.643305944901	0.544707588207	0.569840502658	0.553407443209	0.628806186564	0.562107298212	0.601256645723	0.572740454326	0.579507008217	0.596906718221	0.544707588207	0.562107298212	0.553890768487	0.566940550991	0.586273562107	0.572740454326	0.597390043499	0.57177380377	0.608989850169	0.559207346544
AC5	0.620106331561	0.559690671822	0.973417109715	0.660222329628	0.62735621073	0.47462542291	0.663605606573	0.454809086515	0.448525857902	0.567423876269	0.420976317061	0.555824069599	0.536007733204	0.899468342194	0.651039149348	0.580473658772	0.464958917351	0.486708554857	0.949734171097	0.779120347994	0.63653939101	0.566457225713	0.514258095698	0.498308361527	0.919768003867	0.612856452392	0.458192363461	0.499275012083	0.528274528758	0.586756887385	0.549057515708	0.520541324311	0.471725471242	0.510874818753	0.623972933784	0.565973900435	0.0	0.463508941518	0.447075882069	0.600773320445	0.521024649589	0.707104881585	0.673272112131	0.544224262929	0.482358627356	0.463992266796	0.628322861286	0.568390526825	0.637022716288	0.590623489609	0.58337361044	0.593040115998	0.520057999033	0.504108264862	0.499275012083	0.505558240696	0.572257129048	0.59255679072	0.590140164331	0.589656839053	0.525857902368	0.566457225713
AC6	0.629289511841	0.506041565974	0.952150797487	0.651039149348	0.594490091832	0.508458192363	0.497825036249	0.48380860319	0.516674722088	0.454325761237	0.554374093765	0.530691155147	0.55099081682	0.869985500242	0.567423876269	0.566940550991	0.558724021266	0.569840502658	0.9212179797	0.752054132431	0.642339294345	0.579023682939	0.603189946834	0.58095698405	0.901884968584	0.597390043499	0.550507491542	0.543740937651	0.572257129048	0.586273562107	0.646689221846	0.596906718221	0.468342194297	0.506041565974	0.673755437409	0.58095698405	0.463508941518	0.0	0.522957950701	0.510391493475	0.503624939584	0.455775737071	0.425326244563	0.423392943451	0.568873852102	0.552924117931	0.704688255196	0.635089415176	0.670372160464	0.639922667956	0.649105848236	0.672305461576	0.58337361044	0.579990333494	0.576123731271	0.576123731271	0.545190913485	0.653939101015	0.5601739971	0.637506041566	0.544707588207	0.628322861286
AD6	0.603673272112	0.53020782987	0.971483808603	0.637506041566	0.578057032383	0.414693088449	0.621556307395	0.434509424843	0.449492508458	0.523924601257	0.441275978734	0.514741420976	0.507974867086	0.89125181247	0.619139681005	0.549540840986	0.479458675689	0.485741904302	0.951667472209	0.778153697438	0.609956500725	0.544224262929	0.550024166264	0.535524407927	0.913484775254	0.604639922668	0.503141614306	0.507491541808	0.550024166264	0.587240212663	0.600773320445	0.535041082649	0.460125664572	0.482358627356	0.620589656839	0.565973900435	0.447075882069	0.522957950701	0.0	0.555824069599	0.423392943451	0.691638472692	0.673272112131	0.52537457709	0.470758820686	0.449492508458	0.62493958434	0.553407443209	0.599806669889	0.566940550991	0.56259062349	0.584340260996	0.478492025133	0.475108748188	0.479942000967	0.478008699855	0.547607539874	0.562107298212	0.54857419043	0.570807153214	0.470758820686	0.545190913485
AE5	0.619139681005	0.517158047366	0.971483808603	0.654422426293	0.553407443209	0.541807636539	0.541807636539	0.547124214596	0.597390043499	0.514741420976	0.620589656839	0.504108264862	0.573223779604	0.885451909135	0.573223779604	0.57177380377	0.598356694055	0.593040115998	0.92363460609	0.763653939101	0.719188013533	0.642822619623	0.661188980184	0.643789270179	0.867085548574	0.645239246013	0.623972933784	0.608023199613	0.640405993233	0.646689221846	0.658772353794	0.608506524891	0.563073948768	0.583856935718	0.626872885452	0.558240695988	0.600773320445	0.510391493475	0.555824069599	0.0	0.354760753987	0.584823586274	0.568873852102	0.497341710971	0.634122764621	0.617689705172	0.670372160464	0.607056549058	0.64813919768	0.609956500725	0.625906234896	0.65055582407	0.542774287095	0.556790720155	0.58095698405	0.563557274045	0.547124214596	0.61575640406	0.55099081682	0.60657322378	0.568390526825	0.606089898502
AE6	0.607056549058	0.488641855969	0.971000483325	0.642339294345	0.547607539874	0.466408893185	0.561140647656	0.468342194297	0.520541324311	0.498308361527	0.540840985984	0.495891735138	0.50700821653	0.886418559691	0.576123731271	0.540357660706	0.553407443209	0.556307394877	0.933301111648	0.760753987434	0.68293861769	0.605123247946	0.619623006283	0.607539874335	0.898985016916	0.62493958434	0.558240695988	0.565490575157	0.603673272112	0.611406476559	0.64572257129	0.591106814886	0.489125181247	0.50700821653	0.595456742388	0.52779120348	0.521024649589	0.503624939584	0.423392943451	0.354760753987	0.0	0.635089415176	0.61333977767	0.478492025133	0.553890768487	0.53939101015	0.642339294345	0.568873852102	0.60657322378	0.580473658772	0.59255679072	0.602223296278	0.49540840986	0.489125181247	0.50700821653	0.498308361527	0.518124697922	0.582406959884	0.529724504592	0.575640405993	0.508941517641	0.565490575157
AF5	0.714838086032	0.616239729338	0.936201063316	0.667472208797	0.667955534074	0.668438859352	0.545674238763	0.637022716288	0.681005316578	0.58337361044	0.711454809087	0.624456259062	0.675205413243	0.857902368294	0.607056549058	0.66892218463	0.707104881585	0.711454809087	0.878685355244	0.724021266312	0.709038182697	0.66892218463	0.715804736588	0.710971483809	0.880135331078	0.681488641856	0.70130497825	0.677622039633	0.663605606573	0.663122281295	0.753987433543	0.716288061866	0.620589656839	0.653939101015	0.73852102465	0.660705654906	0.707104881585	0.455775737071	0.691638472692	0.584823586274	0.635089415176	0.0	0.274528757854	0.542774287095	0.722087965201	0.703238279362	0.77767037216	0.708071532141	0.735137747704	0.706621556307	0.72692121798	0.749637506042	0.691638472692	0.702271628806	0.717738037699	0.702271628806	0.663122281295	0.726437892702	0.666988883519	0.708554857419	0.70130497825	0.714838086032
AF6	0.710971483809	0.597390043499	0.937167713871	0.666988883519	0.651039149348	0.649105848236	0.531174480425	0.617206379894	0.65973900435	0.555824069599	0.696471725471	0.605123247946	0.656839052682	0.863218946351	0.592073465442	0.65732237796	0.691638472692	0.692605123248	0.886901884969	0.732237796037	0.709038182697	0.658772353794	0.708071532141	0.695021749638	0.883035282745	0.674722087965	0.680038666022	0.661188980184	0.650072498792	0.65973900435	0.747220879652	0.702271628806	0.598840019333	0.634122764621	0.726437892702	0.643305944901	0.673272112131	0.425326244563	0.673272112131	0.568873852102	0.61333977767	0.274528757854	0.0	0.526824552924	0.705171580474	0.685838569357	0.772353794103	0.697921701305	0.731754470759	0.69453842436	0.713388110198	0.741904301595	0.674238762687	0.687771870469	0.698888351861	0.685838569357	0.643789270179	0.718704688255	0.643305944901	0.693088448526	0.684388593523	0.697438376027
