	AA3	AA4	AB3	AB4	AC3	AC4	AD3	AD4	AE3	AE4	AF3	AF4	AG3	AG4	AH3	AH4	AA7	AA8	AB7	AB8	AC7	AC8	AD7	AD8	AE7	AE8	AF7	AF8	AG7	AG8	AH7	AH8	AA5	AA6	AB5	AB6	AC5	AC6	AD6	AE5	AE6	AF5	AF6	AG5	AH5	AH6	AA1	AA2	AB1	AB2	AC1	AC2	AD1	AD2	AE1	AE2	AF1	AF2	AG1	AG2	AH1	AH2
AA3	0.0	0.485258579024	0.938134364427	0.640405993233	0.65973900435	0.579507008217	0.679555340744	0.579023682939	0.559207346544	0.620589656839	0.599323344611	0.619139681005	0.582406959884	0.849685838569	0.642339294345	0.316578057032	0.56259062349	0.561623972934	0.874335427743	0.725471242146	0.620106331561	0.5601739971	0.590623489609	0.565973900435	0.836152730788	0.591590140164	0.555340744321	0.542774287095	0.589173513775	0.580473658772	0.587723537941	0.554857419043	0.576607056549	0.598840019333	0.751570807153	0.692605123248	0.597873368777	0.607539874335	0.595456742388	0.630256162397	0.594006766554	0.712421459642	0.675688738521	0.613823102948	0.602223296278	0.60657322378	0.677138714355	0.643789270179	0.707588206863	0.654905751571	0.627839536008	0.64572257129	0.561623972934	0.556307394877	0.552440792653	0.564523924601	0.565973900435	0.662155630739	0.579990333494	0.651039149348	0.566457225713	0.6389560174
AA4	0.485258579024	0.0	0.946350894152	0.587240212663	0.570807153214	0.478975350411	0.591590140164	0.465925567907	0.490091831803	0.509424842919	0.536007733204	0.52537457709	0.482358627356	0.851135814403	0.370227162881	0.38424359594	0.530691155147	0.528757854036	0.894151764137	0.731754470759	0.642822619623	0.570323827936	0.580473658772	0.563557274045	0.870952150797	0.605606573224	0.540840985984	0.549540840986	0.591590140164	0.588690188497	0.609473175447	0.555340744321	0.504108264862	0.518124697922	0.671822136298	0.599323344611	0.546157564041	0.499758337361	0.510391493475	0.541324311261	0.479458675689	0.630256162397	0.594006766554	0.505558240696	0.562107298212	0.542290961817	0.644272595457	0.579023682939	0.631222812953	0.589173513775	0.586273562107	0.619623006283	0.511841469309	0.512324794587	0.507491541808	0.52779120348	0.496858385694	0.628322861286	0.523924601257	0.581923634606	0.512324794587	0.572740454326
AB3	0.938134364427	0.946350894152	0.0	0.661188980184	0.91445142581	0.951184146931	0.958917351377	0.942484291928	0.925567907202	0.950700821653	0.971967133881	0.930884485259	0.964717254712	0.337844369261	0.960850652489	0.939101014983	0.971000483325	0.966167230546	0.738037699372	0.744804253262	0.885451909135	0.903818269696	0.962783953601	0.949250845819	0.853069115515	0.889318511358	0.934267762204	0.93281778637	0.838086031899	0.83566940551	0.951667472209	0.952150797487	0.956500724988	0.960367327211	0.972933784437	0.964717254712	0.974383760271	0.953117448043	0.972933784437	0.973417109715	0.971967133881	0.929434509425	0.93281778637	0.948767520541	0.97680038666	0.969550507492	0.973900434993	0.971967133881	0.969067182214	0.971967133881	0.97680038666	0.971000483325	0.974383760271	0.974383760271	0.97680038666	0.974383760271	0.971967133881	0.972450459159	0.972450459159	0.973417109715	0.972933784437	0.972933784437
AB4	0.640405993233	0.587240212663	0.661188980184	0.0	0.635089415176	0.611406476559	0.691638472692	0.625906234896	0.609956500725	0.630739487675	0.64813919768	0.617206379894	0.484291928468	0.544707588207	0.618656355727	0.602223296278	0.64572257129	0.644272595457	0.728854519091	0.563073948768	0.661188980184	0.618656355727	0.669888835186	0.656839052682	0.794586756887	0.628806186564	0.646689221846	0.637022716288	0.548090865152	0.564523924601	0.695505074915	0.651522474625	0.653455775737	0.663605606573	0.732721121315	0.674722087965	0.666022232963	0.635089415176	0.634122764621	0.635572740454	0.63653939101	0.652005799903	0.649589173514	0.635572740454	0.695021749638	0.673272112131	0.691638472692	0.656355727405	0.695988400193	0.668438859352	0.667955534074	0.662638956017	0.640889318511	0.647172547124	0.65973900435	0.644755920735	0.651039149348	0.675688738521	0.648622522958	0.654905751571	0.647655872402	0.654422426293
AC3	0.65973900435	0.570807153214	0.91445142581	0.635089415176	0.0	0.49299178347	0.632672788787	0.534557757371	0.564040599323	0.588206863219	0.623006283229	0.306428226196	0.60415659739	0.830352827453	0.593523441276	0.61333977767	0.614789753504	0.610923151281	0.866118898018	0.741420976317	0.739004349928	0.679555340744	0.728854519091	0.71290478492	0.827936201063	0.688738521025	0.667955534074	0.686321894635	0.685838569357	0.686321894635	0.709521507975	0.651039149348	0.611406476559	0.639922667956	0.629772837119	0.58095698405	0.629289511841	0.595456742388	0.583856935718	0.555340744321	0.551474142098	0.637022716288	0.634606089899	0.567907201547	0.650072498792	0.635089415176	0.589173513775	0.589173513775	0.579507008217	0.579990333494	0.597873368777	0.587723537941	0.541807636539	0.588206863219	0.581923634606	0.561140647656	0.621072982117	0.582406959884	0.623972933784	0.581923634606	0.619623006283	0.596423392943
AC4	0.579507008217	0.478975350411	0.951184146931	0.611406476559	0.49299178347	0.0	0.619623006283	0.394876752054	0.408409859836	0.508458192363	0.34026099565	0.412276462059	0.504108264862	0.85886901885	0.550507491542	0.53939101015	0.474142097632	0.462542290962	0.927501208313	0.759787336878	0.598356694055	0.531657805703	0.537457709038	0.513291445143	0.88883518608	0.595456742388	0.492025132914	0.517641372644	0.544224262929	0.551957467376	0.579507008217	0.511841469309	0.451909134848	0.479942000967	0.651039149348	0.576607056549	0.470275495408	0.507974867086	0.420976317061	0.560657322378	0.482841952634	0.67133881102	0.642822619623	0.512808119865	0.503624939584	0.480908651522	0.637989366844	0.575640405993	0.602706621556	0.581440309328	0.581923634606	0.607056549058	0.493475108748	0.514741420976	0.524407926535	0.514258095698	0.533591106815	0.607539874335	0.553890768487	0.569840502658	0.478492025133	0.571290478492
AD3	0.679555340744	0.591590140164	0.958917351377	0.691638472692	0.632672788787	0.619623006283	0.0	0.546157564041	0.642822619623	0.369743837603	0.679072015466	0.605123247946	0.645239246013	0.87046882552	0.566940550991	0.628322861286	0.687288545191	0.683421942968	0.942967617206	0.779603673272	0.725471242146	0.693571773804	0.70372160464	0.695505074915	0.917834702755	0.686321894635	0.695505074915	0.688255195747	0.692605123248	0.68293861769	0.720637989367	0.688738521025	0.628322861286	0.65055582407	0.740454325761	0.675205413243	0.682455292412	0.543257612373	0.631222812953	0.589173513775	0.574190430159	0.55775737071	0.521991300145	0.560657322378	0.704204929918	0.68293861769	0.764137264379	0.697438376027	0.735621072982	0.704204929918	0.708071532141	0.726437892702	0.644755920735	0.659255679072	0.673272112131	0.653939101015	0.62493958434	0.727404543258	0.628322861286	0.701788303528	0.69212179797	0.70130497825
AD4	0.579023682939	0.465925567907	0.942484291928	0.625906234896	0.534557757371	0.394876752054	0.546157564041	0.0	0.323344610923	0.415659739004	0.424842919285	0.477525374577	0.510391493475	0.853069115515	0.535041082649	0.52779120348	0.460125664572	0.450942484292	0.938134364427	0.772837119381	0.581923634606	0.509424842919	0.510874818753	0.480425326245	0.907684871919	0.614789753504	0.44900918318	0.468825519575	0.51619139681	0.559690671822	0.55099081682	0.487675205413	0.397293378444	0.466408893185	0.644272595457	0.567907201547	0.421459642339	0.488158530691	0.415176413726	0.555340744321	0.477042049299	0.641372643789	0.607539874335	0.4813919768	0.494925084582	0.47220879652	0.642822619623	0.579990333494	0.619623006283	0.593523441276	0.581440309328	0.605606573224	0.476558724021	0.497341710971	0.503141614306	0.50700821653	0.525857902368	0.614306428226	0.55099081682	0.590140164331	0.485258579024	0.573707104882
AE3	0.559207346544	0.490091831803	0.925567907202	0.609956500725	0.564040599323	0.408409859836	0.642822619623	0.323344610923	0.0	0.498791686805	0.412759787337	0.517158047366	0.497341710971	0.842435959401	0.547607539874	0.52537457709	0.452875785404	0.442725954567	0.913484775254	0.750604156597	0.549057515708	0.47462542291	0.494925084582	0.470758820686	0.87723537941	0.582890285162	0.440792653456	0.463992266796	0.501208313195	0.52779120348	0.549540840986	0.48622522958	0.408409859836	0.468342194297	0.671822136298	0.608023199613	0.450942484292	0.526341227646	0.44224262929	0.595940067666	0.517158047366	0.676655389077	0.643305944901	0.512808119865	0.509424842919	0.482358627356	0.659255679072	0.600289995167	0.641372643789	0.61575640406	0.600289995167	0.630256162397	0.510874818753	0.528757854036	0.534074432093	0.53697438376	0.541324311261	0.63653939101	0.561140647656	0.601256645723	0.4813919768	0.588690188497
AE4	0.620589656839	0.509424842919	0.950700821653	0.630739487675	0.588206863219	0.508458192363	0.369743837603	0.415659739004	0.498791686805	0.0	0.56935717738	0.549540840986	0.577090381827	0.858385693572	0.53020782987	0.561623972934	0.583856935718	0.580473658772	0.937651039149	0.772837119381	0.652005799903	0.585306911551	0.596423392943	0.573223779604	0.909134847753	0.62735621073	0.579023682939	0.566940550991	0.58337361044	0.586756887385	0.633156114065	0.582890285162	0.524407926535	0.551957467376	0.706621556307	0.635572740454	0.568390526825	0.445142580957	0.53020782987	0.539874335428	0.520541324311	0.570807153214	0.538907684872	0.484291928468	0.602223296278	0.578540357661	0.708071532141	0.648622522958	0.693571773804	0.658289028516	0.654422426293	0.674238762687	0.59255679072	0.593040115998	0.597873368777	0.596423392943	0.556307394877	0.680038666022	0.586756887385	0.656839052682	0.581440309328	0.642339294345
AF3	0.599323344611	0.536007733204	0.971967133881	0.64813919768	0.623006283229	0.34026099565	0.679072015466	0.424842919285	0.412759787337	0.56935717738	0.0	0.538907684872	0.520541324311	0.882068632189	0.601256645723	0.582406959884	0.434026099565	0.435476075399	0.95360077332	0.793136781054	0.605606573224	0.540357660706	0.452392460126	0.432576123731	0.91445142581	0.618656355727	0.435476075399	0.504108264862	0.537457709038	0.581440309328	0.524407926535	0.497341710971	0.436926051232	0.509424842919	0.681005316578	0.62735621073	0.415659739004	0.547124214596	0.454809086515	0.619623006283	0.530691155147	0.714354760754	0.683421942968	0.542774287095	0.514258095698	0.49299178347	0.669888835186	0.603189946834	0.658772353794	0.617689705172	0.600773320445	0.633156114065	0.53939101015	0.528274528758	0.538907684872	0.539874335428	0.572740454326	0.641372643789	0.594490091832	0.596906718221	0.494925084582	0.592073465442
AF4	0.619139681005	0.52537457709	0.930884485259	0.617206379894	0.306428226196	0.412276462059	0.605123247946	0.477525374577	0.517158047366	0.549540840986	0.538907684872	0.0	0.561623972934	0.842435959401	0.555340744321	0.558240695988	0.574673755437	0.56935717738	0.886418559691	0.734654422426	0.701788303528	0.63653939101	0.668438859352	0.646205896568	0.843402609957	0.641372643789	0.610923151281	0.629772837119	0.644755920735	0.646205896568	0.655389076849	0.603189946834	0.552924117931	0.587240212663	0.610923151281	0.533591106815	0.562107298212	0.554857419043	0.519091348478	0.515224746254	0.505074915418	0.616723054616	0.611406476559	0.528274528758	0.579507008217	0.568390526825	0.592073465442	0.535041082649	0.577090381827	0.550507491542	0.559690671822	0.569840502658	0.493958434026	0.522474625423	0.536491058482	0.512324794587	0.575157080715	0.572257129048	0.579990333494	0.547607539874	0.5601739971	0.546157564041
AG3	0.582406959884	0.482358627356	0.964717254712	0.484291928468	0.60415659739	0.504108264862	0.645239246013	0.510391493475	0.497341710971	0.577090381827	0.520541324311	0.561623972934	0.0	0.845819236346	0.519091348478	0.528274528758	0.501208313195	0.499275012083	0.929917834703	0.764137264379	0.660705654906	0.589173513775	0.591106814886	0.589173513775	0.884968583857	0.634606089899	0.543257612373	0.554857419043	0.615273078782	0.616239729338	0.633639439343	0.554374093765	0.515224746254	0.521507974867	0.665055582407	0.611889801837	0.529241179314	0.558240695988	0.50459159014	0.575640405993	0.50700821653	0.671822136298	0.640405993233	0.540357660706	0.568390526825	0.547124214596	0.617206379894	0.57177380377	0.622039632673	0.595456742388	0.579507008217	0.596906718221	0.507491541808	0.514258095698	0.518124697922	0.51619139681	0.547124214596	0.609956500725	0.567907201547	0.582890285162	0.502658289029	0.56259062349
AG4	0.849685838569	0.851135814403	0.337844369261	0.544707588207	0.830352827453	0.85886901885	0.87046882552	0.853069115515	0.842435959401	0.858385693572	0.882068632189	0.842435959401	0.845819236346	0.0	0.86805219913	0.846302561624	0.887868535524	0.884485258579	0.719188013533	0.664088931851	0.808603189947	0.82406959884	0.878202029966	0.866118898018	0.826969550507	0.807153214113	0.855485741904	0.849685838569	0.753020782987	0.748670855486	0.877718704688	0.868535524408	0.872402126631	0.876268728855	0.894151764137	0.884485258579	0.886901884969	0.860802319961	0.882551957467	0.8796520058	0.880618656356	0.84485258579	0.842435959401	0.863218946351	0.892701788304	0.887385210246	0.883518608023	0.883518608023	0.882068632189	0.882551957467	0.892701788304	0.882068632189	0.889318511358	0.884485258579	0.888351860802	0.887868535524	0.887385210246	0.883035282745	0.882551957467	0.881585306912	0.89125181247	0.886418559691
AH3	0.642339294345	0.370227162881	0.960850652489	0.618656355727	0.593523441276	0.550507491542	0.566940550991	0.535041082649	0.547607539874	0.53020782987	0.601256645723	0.555340744321	0.519091348478	0.86805219913	0.0	0.534074432093	0.584823586274	0.589173513775	0.924117931368	0.77090381827	0.698888351861	0.632672788787	0.634606089899	0.631706138231	0.897051715805	0.68293861769	0.61575640406	0.61333977767	0.660222329628	0.656839052682	0.684388593523	0.621072982117	0.543740937651	0.571290478492	0.709038182697	0.65055582407	0.61333977767	0.522474625423	0.581440309328	0.549057515708	0.538424359594	0.589173513775	0.561623972934	0.538907684872	0.644755920735	0.622522957951	0.692605123248	0.620589656839	0.656839052682	0.641855969067	0.634606089899	0.654905751571	0.57177380377	0.590140164331	0.586756887385	0.593040115998	0.567423876269	0.667472208797	0.554857419043	0.624456259062	0.588206863219	0.616723054616
AH4	0.316578057032	0.38424359594	0.939101014983	0.602223296278	0.61333977767	0.53939101015	0.628322861286	0.52779120348	0.52537457709	0.561623972934	0.582406959884	0.558240695988	0.528274528758	0.846302561624	0.534074432093	0.0	0.544707588207	0.547124214596	0.877718704688	0.721121314645	0.623972933784	0.559207346544	0.587240212663	0.563557274045	0.841469308845	0.589656839053	0.557274045433	0.541324311261	0.584823586274	0.575157080715	0.586756887385	0.550024166264	0.535524407927	0.552440792653	0.713388110198	0.640405993233	0.580473658772	0.556790720155	0.557274045433	0.57177380377	0.532624456259	0.661188980184	0.623489608507	0.566940550991	0.604639922668	0.582406959884	0.676172063799	0.618656355727	0.668438859352	0.629772837119	0.619623006283	0.637506041566	0.539874335428	0.535524407927	0.541807636539	0.550024166264	0.51377477042	0.656355727405	0.533107781537	0.623006283229	0.55099081682	0.618656355727
AA7	0.56259062349	0.530691155147	0.971000483325	0.64572257129	0.614789753504	0.474142097632	0.687288545191	0.460125664572	0.452875785404	0.583856935718	0.434026099565	0.574673755437	0.501208313195	0.887868535524	0.584823586274	0.544707588207	0.0	0.276945384244	0.92363460609	0.774287095215	0.589656839053	0.517158047366	0.477525374577	0.476075398743	0.86805219913	0.600289995167	0.432576123731	0.467375543741	0.534557757371	0.576123731271	0.507491541808	0.413726437893	0.432092798453	0.482841952634	0.710971483809	0.657805703238	0.456259062349	0.563073948768	0.475592073465	0.610439826003	0.552440792653	0.721121314645	0.691638472692	0.578057032383	0.553890768487	0.520057999033	0.652489125181	0.606089898502	0.663122281295	0.636056065732	0.581440309328	0.611889801837	0.506524891252	0.521024649589	0.522474625423	0.5186080232	0.541324311261	0.623489608507	0.559207346544	0.622522957951	0.486708554857	0.599806669889
AA8	0.561623972934	0.528757854036	0.966167230546	0.644272595457	0.610923151281	0.462542290962	0.683421942968	0.450942484292	0.442725954567	0.580473658772	0.435476075399	0.56935717738	0.499275012083	0.884485258579	0.589173513775	0.547124214596	0.276945384244	0.0	0.918801353311	0.766553890768	0.575640405993	0.50700821653	0.4813919768	0.480425326245	0.861768970517	0.59497341711	0.43740937651	0.461575640406	0.526341227646	0.57177380377	0.479458675689	0.378443692605	0.43740937651	0.491058482359	0.709038182697	0.654905751571	0.458675688739	0.564040599323	0.472692121798	0.608989850169	0.550024166264	0.724987916868	0.691155147414	0.569840502658	0.540357660706	0.518124697922	0.644272595457	0.590140164331	0.653939101015	0.626389560174	0.577090381827	0.605606573224	0.499758337361	0.509424842919	0.519091348478	0.510874818753	0.540357660706	0.611889801837	0.555340744321	0.611889801837	0.479458675689	0.595940067666
AB7	0.874335427743	0.894151764137	0.738037699372	0.728854519091	0.866118898018	0.927501208313	0.942967617206	0.938134364427	0.913484775254	0.937651039149	0.95360077332	0.886418559691	0.929917834703	0.719188013533	0.924117931368	0.877718704688	0.92363460609	0.918801353311	0.0	0.412276462059	0.817786370227	0.845335911068	0.933784436926	0.921701304978	0.742870952151	0.806186563557	0.889318511358	0.883035282745	0.741420976317	0.703238279362	0.884968583857	0.893185113581	0.921701304978	0.937651039149	0.947317544708	0.933784436926	0.950700821653	0.913001449976	0.948284195263	0.927984533591	0.942484291928	0.869985500242	0.864668922185	0.915418076365	0.959884001933	0.947800869986	0.927984533591	0.931367810536	0.929917834703	0.941034316095	0.934267762204	0.925567907202	0.919768003867	0.916384726921	0.923151280812	0.917351377477	0.926534557757	0.918801353311	0.922184630256	0.927017883035	0.947800869986	0.937651039149
AB8	0.725471242146	0.731754470759	0.744804253262	0.563073948768	0.741420976317	0.759787336878	0.779603673272	0.772837119381	0.750604156597	0.772837119381	0.793136781054	0.734654422426	0.764137264379	0.664088931851	0.77090381827	0.721121314645	0.774287095215	0.766553890768	0.412276462059	0.0	0.652489125181	0.670372160464	0.766553890768	0.754470758821	0.727887868536	0.649589173514	0.723054615756	0.714354760754	0.540357660706	0.51619139681	0.742870952151	0.741420976317	0.766553890768	0.777187046883	0.821169647173	0.771870468826	0.781053649106	0.746254229096	0.777187046883	0.764137264379	0.770420492992	0.728854519091	0.717738037699	0.74770420493	0.799420009667	0.788303528275	0.806669888835	0.769453842436	0.787820202997	0.769937167714	0.78008699855	0.77767037216	0.771387143548	0.761237312711	0.770420492992	0.764137264379	0.763170613823	0.776703721605	0.764137264379	0.764620589657	0.784920251329	0.766070565491
AC7	0.620106331561	0.642822619623	0.885451909135	0.661188980184	0.739004349928	0.598356694055	0.725471242146	0.581923634606	0.549057515708	0.652005799903	0.605606573224	0.701788303528	0.660705654906	0.808603189947	0.698888351861	0.623972933784	0.589656839053	0.575640405993	0.817786370227	0.652489125181	0.0	0.348960850652	0.575640405993	0.563557274045	0.816819719671	0.585790236829	0.532624456259	0.514741420976	0.484775253746	0.497341710971	0.570323827936	0.550507491542	0.55775737071	0.598356694055	0.816336394393	0.762687288545	0.626389560174	0.636056065732	0.620589656839	0.735137747704	0.676655389077	0.718704688255	0.68293861769	0.649105848236	0.645239246013	0.620106331561	0.818753020783	0.760753987434	0.802319961334	0.776703721605	0.746254229096	0.779603673272	0.676172063799	0.678588690188	0.68293861769	0.687288545191	0.662638956017	0.788786853552	0.674722087965	0.76848719188	0.618656355727	0.751570807153
AC8	0.5601739971	0.570323827936	0.903818269696	0.618656355727	0.679555340744	0.531657805703	0.693571773804	0.509424842919	0.47462542291	0.585306911551	0.540357660706	0.63653939101	0.589173513775	0.82406959884	0.632672788787	0.559207346544	0.517158047366	0.50700821653	0.845335911068	0.670372160464	0.348960850652	0.0	0.49299178347	0.48380860319	0.83325277912	0.546640889319	0.400193330111	0.377477042049	0.45142580957	0.471242145964	0.527307878202	0.478492025133	0.482841952634	0.521991300145	0.741904301595	0.681971967134	0.547124214596	0.560657322378	0.546157564041	0.656355727405	0.600289995167	0.667472208797	0.634606089899	0.580473658772	0.574190430159	0.550507491542	0.73610439826	0.672788786854	0.726437892702	0.703238279362	0.66892218463	0.694055099082	0.589656839053	0.600773320445	0.599806669889	0.605123247946	0.58095698405	0.702271628806	0.591106814886	0.691155147414	0.538424359594	0.661672305462
AD7	0.590623489609	0.580473658772	0.962783953601	0.669888835186	0.728854519091	0.537457709038	0.70372160464	0.510874818753	0.494925084582	0.596423392943	0.452392460126	0.668438859352	0.591106814886	0.878202029966	0.634606089899	0.587240212663	0.477525374577	0.4813919768	0.933784436926	0.766553890768	0.575640405993	0.49299178347	0.0	0.276945384244	0.894151764137	0.532141130981	0.414693088449	0.462058965684	0.507491541808	0.556790720155	0.503624939584	0.4813919768	0.487191880135	0.546640889319	0.753987433543	0.694055099082	0.50459159014	0.581440309328	0.547607539874	0.665538907685	0.616239729338	0.718704688255	0.685355244079	0.611406476559	0.571290478492	0.556790720155	0.74770420493	0.678588690188	0.740454325761	0.714838086032	0.666505558241	0.703238279362	0.609956500725	0.608989850169	0.602223296278	0.616723054616	0.586273562107	0.71290478492	0.603189946834	0.699371677139	0.557274045433	0.669888835186
AD8	0.565973900435	0.563557274045	0.949250845819	0.656839052682	0.71290478492	0.513291445143	0.695505074915	0.480425326245	0.470758820686	0.573223779604	0.432576123731	0.646205896568	0.589173513775	0.866118898018	0.631706138231	0.563557274045	0.476075398743	0.480425326245	0.921701304978	0.754470758821	0.563557274045	0.48380860319	0.276945384244	0.0	0.852102464959	0.495891735138	0.404543257612	0.445142580957	0.485258579024	0.532624456259	0.496375060416	0.471242145964	0.46979217013	0.53939101015	0.753504108265	0.692605123248	0.49299178347	0.571290478492	0.537457709038	0.655389076849	0.605606573224	0.709521507975	0.679555340744	0.584340260996	0.566940550991	0.549540840986	0.746737554374	0.677622039633	0.73852102465	0.708071532141	0.662638956017	0.698405026583	0.606089898502	0.602223296278	0.598840019333	0.613823102948	0.586273562107	0.709038182697	0.60657322378	0.690188496858	0.550024166264	0.662155630739
AE7	0.836152730788	0.870952150797	0.853069115515	0.794586756887	0.827936201063	0.88883518608	0.917834702755	0.907684871919	0.87723537941	0.909134847753	0.91445142581	0.843402609957	0.884968583857	0.826969550507	0.897051715805	0.841469308845	0.86805219913	0.861768970517	0.742870952151	0.727887868536	0.816819719671	0.83325277912	0.894151764137	0.852102464959	0.0	0.532141130981	0.87046882552	0.854519091348	0.773803769937	0.754954084099	0.836636056066	0.836636056066	0.895118414693	0.905751570807	0.930884485259	0.915418076365	0.917351377477	0.894151764137	0.908651522475	0.875302078299	0.904784920251	0.870952150797	0.873852102465	0.880135331078	0.930884485259	0.923151280812	0.892701788304	0.903334944418	0.910584823586	0.903818269696	0.90285161914	0.894151764137	0.89125181247	0.894151764137	0.898985016916	0.889801836636	0.90285161914	0.890285161914	0.901401643306	0.898018366361	0.914934751087	0.911068148864
AE8	0.591590140164	0.605606573224	0.889318511358	0.628806186564	0.688738521025	0.595456742388	0.686321894635	0.614789753504	0.582890285162	0.62735621073	0.618656355727	0.641372643789	0.634606089899	0.807153214113	0.68293861769	0.589656839053	0.600289995167	0.59497341711	0.806186563557	0.649589173514	0.585790236829	0.546640889319	0.532141130981	0.495891735138	0.532141130981	0.0	0.576123731271	0.557274045433	0.529724504592	0.497341710971	0.576607056549	0.564040599323	0.605606573224	0.616239729338	0.777187046883	0.719188013533	0.625422909618	0.605606573224	0.612373127115	0.664088931851	0.646689221846	0.695021749638	0.661188980184	0.608023199613	0.637022716288	0.628806186564	0.758337361044	0.692605123248	0.755437409377	0.718221362977	0.693571773804	0.72692121798	0.652005799903	0.63653939101	0.646205896568	0.644272595457	0.629772837119	0.719671338811	0.661188980184	0.70130497825	0.618173030449	0.684871918801
AF7	0.555340744321	0.540840985984	0.934267762204	0.646689221846	0.667955534074	0.492025132914	0.695505074915	0.44900918318	0.440792653456	0.579023682939	0.435476075399	0.610923151281	0.543257612373	0.855485741904	0.61575640406	0.557274045433	0.432576123731	0.43740937651	0.889318511358	0.723054615756	0.532624456259	0.400193330111	0.414693088449	0.404543257612	0.87046882552	0.576123731271	0.0	0.323827936201	0.472692121798	0.514258095698	0.487191880135	0.462058965684	0.419526341228	0.48622522958	0.700338327695	0.635089415176	0.446592556791	0.524891251812	0.496375060416	0.625906234896	0.552924117931	0.686321894635	0.649105848236	0.543740937651	0.534557757371	0.514741420976	0.681488641856	0.623006283229	0.685355244079	0.658772353794	0.61333977767	0.643305944901	0.546157564041	0.548090865152	0.549057515708	0.557274045433	0.553407443209	0.651522474625	0.578057032383	0.64813919768	0.49299178347	0.607056549058
AF8	0.542774287095	0.549540840986	0.93281778637	0.637022716288	0.686321894635	0.517641372644	0.688255195747	0.468825519575	0.463992266796	0.566940550991	0.504108264862	0.629772837119	0.554857419043	0.849685838569	0.61333977767	0.541324311261	0.467375543741	0.461575640406	0.883035282745	0.714354760754	0.514741420976	0.377477042049	0.462058965684	0.445142580957	0.854519091348	0.557274045433	0.323827936201	0.0	0.463508941518	0.501691638473	0.513291445143	0.443692605123	0.435959400677	0.505558240696	0.730787820203	0.666988883519	0.499275012083	0.538424359594	0.5186080232	0.61575640406	0.568390526825	0.679072015466	0.645239246013	0.553407443209	0.556307394877	0.540357660706	0.694055099082	0.639922667956	0.694055099082	0.67133881102	0.632672788787	0.653939101015	0.552440792653	0.558724021266	0.5601739971	0.56935717738	0.540840985984	0.661672305462	0.557274045433	0.657805703238	0.505558240696	0.625906234896
AG7	0.589173513775	0.591590140164	0.838086031899	0.548090865152	0.685838569357	0.544224262929	0.692605123248	0.51619139681	0.501208313195	0.58337361044	0.537457709038	0.644755920735	0.615273078782	0.753020782987	0.660222329628	0.584823586274	0.534557757371	0.526341227646	0.741420976317	0.540357660706	0.484775253746	0.45142580957	0.507491541808	0.485258579024	0.773803769937	0.529724504592	0.472692121798	0.463508941518	0.0	0.318028032866	0.549057515708	0.512808119865	0.505558240696	0.566457225713	0.757854035766	0.694055099082	0.537457709038	0.56259062349	0.559690671822	0.662155630739	0.616239729338	0.657805703238	0.622039632673	0.572257129048	0.60415659739	0.574190430159	0.749154180764	0.684871918801	0.736587723538	0.706138231029	0.674722087965	0.715804736588	0.624456259062	0.623489608507	0.630739487675	0.628322861286	0.61575640406	0.714838086032	0.640889318511	0.692605123248	0.591106814886	0.669888835186
AG8	0.580473658772	0.588690188497	0.83566940551	0.564523924601	0.686321894635	0.551957467376	0.68293861769	0.559690671822	0.52779120348	0.586756887385	0.581440309328	0.646205896568	0.616239729338	0.748670855486	0.656839052682	0.575157080715	0.576123731271	0.57177380377	0.703238279362	0.51619139681	0.497341710971	0.471242145964	0.556790720155	0.532624456259	0.754954084099	0.497341710971	0.514258095698	0.501691638473	0.318028032866	0.0	0.566940550991	0.544707588207	0.549540840986	0.584340260996	0.763170613823	0.696471725471	0.575157080715	0.564523924601	0.569840502658	0.651522474625	0.611889801837	0.666988883519	0.621072982117	0.576123731271	0.617206379894	0.590140164331	0.745770903818	0.679072015466	0.734171097148	0.699855002417	0.675688738521	0.709521507975	0.628806186564	0.621556307395	0.630256162397	0.629289511841	0.623006283229	0.713871435476	0.647172547124	0.686321894635	0.598356694055	0.666022232963
AH7	0.587723537941	0.609473175447	0.951667472209	0.695505074915	0.709521507975	0.579507008217	0.720637989367	0.55099081682	0.549540840986	0.633156114065	0.524407926535	0.655389076849	0.633639439343	0.877718704688	0.684388593523	0.586756887385	0.507491541808	0.479458675689	0.884968583857	0.742870952151	0.570323827936	0.527307878202	0.503624939584	0.496375060416	0.836636056066	0.576607056549	0.487191880135	0.513291445143	0.549057515708	0.566940550991	0.0	0.348960850652	0.564523924601	0.611406476559	0.786370227163	0.734171097148	0.544224262929	0.634122764621	0.598356694055	0.680038666022	0.649589173514	0.768970517158	0.729821169647	0.653455775737	0.63653939101	0.617206379894	0.757854035766	0.717738037699	0.760270662156	0.736587723538	0.696955050749	0.721604639923	0.626872885452	0.631222812953	0.627839536008	0.632189463509	0.616239729338	0.733204446593	0.63653939101	0.712421459642	0.602706621556	0.71532141131
AH8	0.554857419043	0.555340744321	0.952150797487	0.651522474625	0.651039149348	0.511841469309	0.688738521025	0.487675205413	0.48622522958	0.582890285162	0.497341710971	0.603189946834	0.554374093765	0.868535524408	0.621072982117	0.550024166264	0.413726437893	0.378443692605	0.893185113581	0.741420976317	0.550507491542	0.478492025133	0.4813919768	0.471242145964	0.836636056066	0.564040599323	0.462058965684	0.443692605123	0.512808119865	0.544707588207	0.348960850652	0.0	0.481875302078	0.529241179314	0.739487675205	0.6805219913	0.507974867086	0.56935717738	0.532141130981	0.61575640406	0.586273562107	0.718704688255	0.685838569357	0.593523441276	0.57177380377	0.549540840986	0.695505074915	0.649589173514	0.701788303528	0.666505558241	0.623972933784	0.656355727405	0.555824069599	0.565973900435	0.564040599323	0.563557274045	0.54857419043	0.666505558241	0.564523924601	0.654422426293	0.527307878202	0.645239246013
AA5	0.576607056549	0.504108264862	0.956500724988	0.653455775737	0.611406476559	0.451909134848	0.628322861286	0.397293378444	0.408409859836	0.524407926535	0.436926051232	0.552924117931	0.515224746254	0.872402126631	0.543740937651	0.535524407927	0.432092798453	0.43740937651	0.921701304978	0.766553890768	0.55775737071	0.482841952634	0.487191880135	0.46979217013	0.895118414693	0.605606573224	0.419526341228	0.435959400677	0.505558240696	0.549540840986	0.564523924601	0.481875302078	0.0	0.343644272595	0.680038666022	0.593040115998	0.459642339294	0.466408893185	0.46302561624	0.556307394877	0.480425326245	0.620106331561	0.58095698405	0.470758820686	0.524891251812	0.478492025133	0.69453842436	0.63653939101	0.670855485742	0.639922667956	0.637022716288	0.665538907685	0.51377477042	0.550024166264	0.561623972934	0.550507491542	0.529724504592	0.667472208797	0.561623972934	0.628806186564	0.49299178347	0.620106331561
AA6	0.598840019333	0.518124697922	0.960367327211	0.663605606573	0.639922667956	0.479942000967	0.65055582407	0.466408893185	0.468342194297	0.551957467376	0.509424842919	0.587240212663	0.521507974867	0.876268728855	0.571290478492	0.552440792653	0.482841952634	0.491058482359	0.937651039149	0.777187046883	0.598356694055	0.521991300145	0.546640889319	0.53939101015	0.905751570807	0.616239729338	0.48622522958	0.505558240696	0.566457225713	0.584340260996	0.611406476559	0.529241179314	0.343644272595	0.0	0.679555340744	0.593523441276	0.511841469309	0.501208313195	0.483325277912	0.588690188497	0.508941517641	0.658289028516	0.622039632673	0.505558240696	0.473175447076	0.422426292895	0.694055099082	0.637506041566	0.671822136298	0.645239246013	0.630256162397	0.655872402127	0.524407926535	0.553407443209	0.56259062349	0.555824069599	0.541324311261	0.667955534074	0.568390526825	0.631222812953	0.507974867086	0.626389560174
AB5	0.751570807153	0.671822136298	0.972933784437	0.732721121315	0.629772837119	0.651039149348	0.740454325761	0.644272595457	0.671822136298	0.706621556307	0.681005316578	0.610923151281	0.665055582407	0.894151764137	0.709038182697	0.713388110198	0.710971483809	0.709038182697	0.947317544708	0.821169647173	0.816336394393	0.741904301595	0.753987433543	0.753504108265	0.930884485259	0.777187046883	0.700338327695	0.730787820203	0.757854035766	0.763170613823	0.786370227163	0.739487675205	0.680038666022	0.679555340744	0.0	0.308844852586	0.62493958434	0.678105364911	0.619139681005	0.637022716288	0.610439826003	0.737554374094	0.737071048816	0.657805703238	0.623006283229	0.614789753504	0.619139681005	0.621072982117	0.630739487675	0.603189946834	0.626872885452	0.622522957951	0.598840019333	0.608506524891	0.623489608507	0.617689705172	0.674238762687	0.601256645723	0.672305461576	0.608506524891	0.67133881102	0.620106331561
AB6	0.692605123248	0.599323344611	0.964717254712	0.674722087965	0.58095698405	0.576607056549	0.675205413243	0.567907201547	0.608023199613	0.635572740454	0.62735621073	0.533591106815	0.611889801837	0.884485258579	0.65055582407	0.640405993233	0.657805703238	0.654905751571	0.933784436926	0.771870468826	0.762687288545	0.681971967134	0.694055099082	0.692605123248	0.915418076365	0.719188013533	0.635089415176	0.666988883519	0.694055099082	0.696471725471	0.734171097148	0.6805219913	0.593040115998	0.593523441276	0.308844852586	0.0	0.575157080715	0.599323344611	0.564040599323	0.565007249879	0.533591106815	0.663605606573	0.658289028516	0.554374093765	0.561623972934	0.545674238763	0.603189946834	0.564040599323	0.594006766554	0.5601739971	0.581923634606	0.589173513775	0.521991300145	0.561140647656	0.576123731271	0.56259062349	0.603189946834	0.575640405993	0.608023199613	0.5601739971	0.620589656839	0.557274045433
AC5	0.597873368777	0.546157564041	0.974383760271	0.666022232963	0.629289511841	0.470275495408	0.682455292412	0.421459642339	0.450942484292	0.568390526825	0.415659739004	0.562107298212	0.529241179314	0.886901884969	0.61333977767	0.580473658772	0.456259062349	0.458675688739	0.950700821653	0.781053649106	0.626389560174	0.547124214596	0.50459159014	0.49299178347	0.917351377477	0.625422909618	0.446592556791	0.499275012083	0.537457709038	0.575157080715	0.544224262929	0.507974867086	0.459642339294	0.511841469309	0.62493958434	0.575157080715	0.0	0.457225712905	0.431126147898	0.59497341711	0.519091348478	0.710488158531	0.661188980184	0.541807636539	0.476558724021	0.461575640406	0.605606573224	0.564040599323	0.625422909618	0.573223779604	0.557274045433	0.582406959884	0.491541807637	0.478492025133	0.49299178347	0.493475108748	0.551957467376	0.588206863219	0.580473658772	0.561140647656	0.501208313195	0.541807636539
AC6	0.607539874335	0.499758337361	0.953117448043	0.635089415176	0.595456742388	0.507974867086	0.543257612373	0.488158530691	0.526341227646	0.445142580957	0.547124214596	0.554857419043	0.558240695988	0.860802319961	0.522474625423	0.556790720155	0.563073948768	0.564040599323	0.913001449976	0.746254229096	0.636056065732	0.560657322378	0.581440309328	0.571290478492	0.894151764137	0.605606573224	0.524891251812	0.538424359594	0.56259062349	0.564523924601	0.634122764621	0.56935717738	0.466408893185	0.501208313195	0.678105364911	0.599323344611	0.457225712905	0.0	0.515224746254	0.531174480425	0.510391493475	0.478975350411	0.433059449009	0.422426292895	0.565007249879	0.539874335428	0.688738521025	0.637022716288	0.677138714355	0.640405993233	0.634606089899	0.658289028516	0.572257129048	0.581440309328	0.58337361044	0.578540357661	0.533591106815	0.664572257129	0.568873852102	0.628806186564	0.554374093765	0.622039632673
AD6	0.595456742388	0.510391493475	0.972933784437	0.634122764621	0.583856935718	0.420976317061	0.631222812953	0.415176413726	0.44224262929	0.53020782987	0.454809086515	0.519091348478	0.50459159014	0.882551957467	0.581440309328	0.557274045433	0.475592073465	0.472692121798	0.948284195263	0.777187046883	0.620589656839	0.546157564041	0.547607539874	0.537457709038	0.908651522475	0.612373127115	0.496375060416	0.5186080232	0.559690671822	0.569840502658	0.598356694055	0.532141130981	0.46302561624	0.483325277912	0.619139681005	0.564040599323	0.431126147898	0.515224746254	0.0	0.535041082649	0.404059932334	0.68970517158	0.654905751571	0.534557757371	0.470758820686	0.44900918318	0.600289995167	0.536491058482	0.582406959884	0.553407443209	0.543257612373	0.56935717738	0.457709038183	0.461575640406	0.480908651522	0.470275495408	0.535041082649	0.576123731271	0.55775737071	0.548090865152	0.462542290962	0.531174480425
AE5	0.630256162397	0.541324311261	0.973417109715	0.635572740454	0.555340744321	0.560657322378	0.589173513775	0.555340744321	0.595940067666	0.539874335428	0.619623006283	0.515224746254	0.575640405993	0.8796520058	0.549057515708	0.57177380377	0.610439826003	0.608989850169	0.927984533591	0.764137264379	0.735137747704	0.656355727405	0.665538907685	0.655389076849	0.875302078299	0.664088931851	0.625906234896	0.61575640406	0.662155630739	0.651522474625	0.680038666022	0.61575640406	0.556307394877	0.588690188497	0.637022716288	0.565007249879	0.59497341711	0.531174480425	0.535041082649	0.0	0.362493958434	0.603189946834	0.58095698405	0.512808119865	0.628322861286	0.617206379894	0.63653939101	0.585790236829	0.625906234896	0.589173513775	0.60657322378	0.618656355727	0.529724504592	0.561140647656	0.586756887385	0.554374093765	0.549057515708	0.618173030449	0.559690671822	0.587240212663	0.579990333494	0.589173513775
AE6	0.594006766554	0.479458675689	0.971967133881	0.63653939101	0.551474142098	0.482841952634	0.574190430159	0.477042049299	0.517158047366	0.520541324311	0.530691155147	0.505074915418	0.50700821653	0.880618656356	0.538424359594	0.532624456259	0.552440792653	0.550024166264	0.942484291928	0.770420492992	0.676655389077	0.600289995167	0.616239729338	0.605606573224	0.904784920251	0.646689221846	0.552924117931	0.568390526825	0.616239729338	0.611889801837	0.649589173514	0.586273562107	0.480425326245	0.508941517641	0.610439826003	0.533591106815	0.519091348478	0.510391493475	0.404059932334	0.362493958434	0.0	0.632189463509	0.600773320445	0.475108748188	0.546157564041	0.53020782987	0.623489608507	0.562107298212	0.601739971	0.564040599323	0.573223779604	0.595456742388	0.473658772354	0.4813919768	0.51619139681	0.489608506525	0.515224746254	0.606089898502	0.538907684872	0.561140647656	0.504108264862	0.556307394877
AF5	0.712421459642	0.630256162397	0.929434509425	0.652005799903	0.637022716288	0.67133881102	0.55775737071	0.641372643789	0.676655389077	0.570807153214	0.714354760754	0.616723054616	0.671822136298	0.84485258579	0.589173513775	0.661188980184	0.721121314645	0.724987916868	0.869985500242	0.728854519091	0.718704688255	0.667472208797	0.718704688255	0.709521507975	0.870952150797	0.695021749638	0.686321894635	0.679072015466	0.657805703238	0.666988883519	0.768970517158	0.718704688255	0.620106331561	0.658289028516	0.737554374094	0.663605606573	0.710488158531	0.478975350411	0.68970517158	0.603189946834	0.632189463509	0.0	0.290478492025	0.540357660706	0.721604639923	0.702754954084	0.751087481875	0.714838086032	0.739487675205	0.706621556307	0.73610439826	0.737071048816	0.688255195747	0.714838086032	0.718704688255	0.704204929918	0.664088931851	0.737071048816	0.673755437409	0.69453842436	0.711938134364	0.715804736588
AF6	0.675688738521	0.594006766554	0.93281778637	0.649589173514	0.634606089899	0.642822619623	0.521991300145	0.607539874335	0.643305944901	0.538907684872	0.683421942968	0.611406476559	0.640405993233	0.842435959401	0.561623972934	0.623489608507	0.691638472692	0.691155147414	0.864668922185	0.717738037699	0.68293861769	0.634606089899	0.685355244079	0.679555340744	0.873852102465	0.661188980184	0.649105848236	0.645239246013	0.622039632673	0.621072982117	0.729821169647	0.685838569357	0.58095698405	0.622039632673	0.737071048816	0.658289028516	0.661188980184	0.433059449009	0.654905751571	0.58095698405	0.600773320445	0.290478492025	0.0	0.50459159014	0.690188496858	0.674238762687	0.751087481875	0.692605123248	0.730787820203	0.694055099082	0.699371677139	0.728371193813	0.653939101015	0.6805219913	0.68293861769	0.670372160464	0.623006283229	0.724987916868	0.629289511841	0.678588690188	0.6805219913	0.685838569357
