	AA3	AA4	AB3	AB4	AC3	AC4	AD3	AD4	AE3	AE4	AF3	AF4	AG3	AG4	AH3	AH4	AA7	AA8	AB7	AB8	AC7	AC8	AD7	AD8	AE7	AE8	AF7	AF8	AG7	AG8	AH7	AH8	AA5	AA6	AB5	AB6	AC5	AC6	AD6	AE5	AE6	AF5	AF6	AG5	AH5	AH6	AA1	AA2	AB1	AB2	AC1	AC2	AD1	AD2	AE1	AE2	AF1	AF2	AG1	AG2	AH1	AH2
AA3	0.0	0.477525374577	0.933784436926	0.629289511841	0.654422426293	0.565490575157	0.675205413243	0.56259062349	0.56259062349	0.626872885452	0.601256645723	0.59497341711	0.574190430159	0.846785886902	0.647655872402	0.321411309812	0.566940550991	0.561140647656	0.858385693572	0.714838086032	0.616239729338	0.573707104882	0.586756887385	0.57177380377	0.831319478009	0.58337361044	0.570807153214	0.554857419043	0.582406959884	0.581923634606	0.588206863219	0.562107298212	0.577573707105	0.58337361044	0.738037699372	0.683905268246	0.61575640406	0.62735621073	0.594490091832	0.635089415176	0.597873368777	0.709038182697	0.688255195747	0.623489608507	0.634122764621	0.612856452392	0.670855485742	0.646689221846	0.710971483809	0.664088931851	0.633639439343	0.658289028516	0.570323827936	0.558724021266	0.565007249879	0.574190430159	0.568873852102	0.666988883519	0.579507008217	0.662638956017	0.568873852102	0.646205896568
AA4	0.477525374577	0.0	0.946350894152	0.557274045433	0.572740454326	0.480908651522	0.594006766554	0.490575157081	0.506041565974	0.507491541808	0.550507491542	0.512324794587	0.466408893185	0.859835669406	0.37264378927	0.363943934268	0.520541324311	0.5186080232	0.877718704688	0.71290478492	0.656355727405	0.575157080715	0.579990333494	0.56935717738	0.863702271629	0.60657322378	0.543740937651	0.563073948768	0.576607056549	0.594490091832	0.615273078782	0.57177380377	0.500724987917	0.510874818753	0.676172063799	0.599806669889	0.58095698405	0.525857902368	0.536007733204	0.541807636539	0.500724987917	0.617689705172	0.589656839053	0.525857902368	0.596906718221	0.575157080715	0.646205896568	0.578057032383	0.637022716288	0.593040115998	0.600289995167	0.629772837119	0.520541324311	0.519574673755	0.524891251812	0.517158047366	0.494925084582	0.623972933784	0.50459159014	0.597390043499	0.526341227646	0.58095698405
AB3	0.933784436926	0.946350894152	0.0	0.67133881102	0.918801353311	0.953117448043	0.95601739971	0.942967617206	0.937167713871	0.953117448043	0.973900434993	0.942484291928	0.971967133881	0.32866118898	0.958917351377	0.942967617206	0.977283711938	0.973900434993	0.73852102465	0.751087481875	0.895601739971	0.905268245529	0.96520057999	0.95601739971	0.854035766071	0.898018366361	0.94441759304	0.93281778637	0.851619139681	0.837602706622	0.955050749154	0.956500724988	0.956984050266	0.968100531658	0.975833736104	0.968583856936	0.980183663606	0.957467375544	0.977283711938	0.977283711938	0.97680038666	0.934751087482	0.933301111648	0.954084098598	0.979700338328	0.975350410826	0.977767037216	0.975350410826	0.975350410826	0.977767037216	0.972933784437	0.974383760271	0.977767037216	0.977767037216	0.980183663606	0.978250362494	0.975350410826	0.975350410826	0.975350410826	0.978733687772	0.975833736104	0.975350410826
AB4	0.629289511841	0.557274045433	0.67133881102	0.0	0.622039632673	0.593040115998	0.684388593523	0.611889801837	0.616723054616	0.621072982117	0.639922667956	0.596906718221	0.492025132914	0.563073948768	0.602706621556	0.595940067666	0.639439342678	0.633156114065	0.725954567424	0.567423876269	0.665055582407	0.623006283229	0.665055582407	0.655872402127	0.792653455776	0.637022716288	0.642339294345	0.623006283229	0.558240695988	0.574673755437	0.685355244079	0.651039149348	0.6389560174	0.651039149348	0.721121314645	0.664088931851	0.666505558241	0.639439342678	0.630739487675	0.622522957951	0.623972933784	0.64813919768	0.645239246013	0.623006283229	0.684871918801	0.675205413243	0.694055099082	0.653455775737	0.695988400193	0.663605606573	0.663122281295	0.670855485742	0.632189463509	0.640405993233	0.653455775737	0.634606089899	0.636056065732	0.677138714355	0.628322861286	0.665538907685	0.645239246013	0.661672305462
AC3	0.654422426293	0.572740454326	0.918801353311	0.622039632673	0.0	0.489125181247	0.65973900435	0.563073948768	0.58095698405	0.595940067666	0.620106331561	0.319961333978	0.612856452392	0.834702754954	0.60657322378	0.603673272112	0.609473175447	0.61333977767	0.871435476075	0.751087481875	0.731271145481	0.68970517158	0.728854519091	0.717738037699	0.831802803287	0.693571773804	0.672305461576	0.691638472692	0.674238762687	0.684388593523	0.705654905752	0.677138714355	0.606089898502	0.625906234896	0.620106331561	0.57177380377	0.623489608507	0.594006766554	0.580473658772	0.568390526825	0.558240695988	0.661188980184	0.657805703238	0.570807153214	0.644272595457	0.633639439343	0.585790236829	0.58095698405	0.582890285162	0.567423876269	0.591106814886	0.586273562107	0.545190913485	0.563073948768	0.580473658772	0.564040599323	0.619139681005	0.581440309328	0.61575640406	0.577090381827	0.631222812953	0.579990333494
AC4	0.565490575157	0.480908651522	0.953117448043	0.593040115998	0.489125181247	0.0	0.633156114065	0.412759787337	0.412759787337	0.50459159014	0.345577573707	0.390043499275	0.488158530691	0.863218946351	0.551474142098	0.50700821653	0.457225712905	0.445142580957	0.919284678589	0.760753987434	0.588690188497	0.534557757371	0.532624456259	0.517641372644	0.881585306912	0.575157080715	0.500724987917	0.512324794587	0.536007733204	0.566940550991	0.560657322378	0.515708071532	0.449975833736	0.453842435959	0.634122764621	0.570323827936	0.478008699855	0.515708071532	0.414209763171	0.555340744321	0.479458675689	0.676172063799	0.641855969067	0.500724987917	0.514258095698	0.476075398743	0.62493958434	0.567423876269	0.603673272112	0.580473658772	0.576123731271	0.603189946834	0.487675205413	0.481875302078	0.481875302078	0.490091831803	0.529241179314	0.599806669889	0.531657805703	0.579023682939	0.458192363461	0.562107298212
AD3	0.675205413243	0.594006766554	0.95601739971	0.684388593523	0.65973900435	0.633156114065	0.0	0.533591106815	0.652489125181	0.383276945384	0.687771870469	0.60657322378	0.652489125181	0.870952150797	0.582406959884	0.64572257129	0.684871918801	0.693571773804	0.934267762204	0.770420492992	0.723054615756	0.696471725471	0.707104881585	0.70130497825	0.915418076365	0.690671822136	0.702754954084	0.697438376027	0.697921701305	0.693088448526	0.724021266312	0.70130497825	0.649105848236	0.668438859352	0.743354277429	0.660222329628	0.685838569357	0.54857419043	0.658289028516	0.596423392943	0.590623489609	0.55099081682	0.529724504592	0.549057515708	0.706621556307	0.695988400193	0.766553890768	0.707104881585	0.743354277429	0.708554857419	0.717738037699	0.738037699372	0.657805703238	0.670855485742	0.683905268246	0.667955534074	0.639922667956	0.729821169647	0.649105848236	0.721121314645	0.705171580474	0.709038182697
AD4	0.56259062349	0.490575157081	0.942967617206	0.611889801837	0.563073948768	0.412759787337	0.533591106815	0.0	0.339294345094	0.386176897052	0.436442725955	0.489608506525	0.526341227646	0.852102464959	0.551957467376	0.520541324311	0.457225712905	0.453359110681	0.927017883035	0.753020782987	0.577573707105	0.503141614306	0.521991300145	0.497341710971	0.890285161914	0.570323827936	0.455292411793	0.474142097632	0.486708554857	0.537941034316	0.53939101015	0.497341710971	0.403576607057	0.459159014016	0.67133881102	0.585306911551	0.467858869019	0.477525374577	0.466892218463	0.55775737071	0.482358627356	0.630739487675	0.610923151281	0.478975350411	0.543257612373	0.49540840986	0.674238762687	0.613823102948	0.659255679072	0.627839536008	0.619139681005	0.652489125181	0.529724504592	0.525857902368	0.525857902368	0.539874335428	0.532141130981	0.64813919768	0.548090865152	0.632672788787	0.503624939584	0.61333977767
AE3	0.56259062349	0.506041565974	0.937167713871	0.616723054616	0.58095698405	0.412759787337	0.652489125181	0.339294345094	0.0	0.498308361527	0.402609956501	0.510874818753	0.51619139681	0.855485741904	0.570807153214	0.524407926535	0.434509424843	0.432092798453	0.925084581924	0.758820686322	0.561140647656	0.489125181247	0.487675205413	0.4813919768	0.893668438859	0.579023682939	0.441759304012	0.475592073465	0.482358627356	0.549540840986	0.539874335428	0.485741904302	0.396326727888	0.44224262929	0.667472208797	0.60415659739	0.450942484292	0.526341227646	0.452392460126	0.617689705172	0.532624456259	0.681971967134	0.653455775737	0.515224746254	0.520057999033	0.46979217013	0.666988883519	0.602706621556	0.651039149348	0.620589656839	0.610923151281	0.646205896568	0.531657805703	0.519091348478	0.519091348478	0.532624456259	0.549540840986	0.641855969067	0.55775737071	0.618656355727	0.493958434026	0.604639922668
AE4	0.626872885452	0.507491541808	0.953117448043	0.621072982117	0.595940067666	0.50459159014	0.383276945384	0.386176897052	0.498308361527	0.0	0.564040599323	0.534557757371	0.569840502658	0.863702271629	0.544707588207	0.575640405993	0.569840502658	0.578540357661	0.936684388594	0.768003866602	0.651522474625	0.594006766554	0.598840019333	0.591590140164	0.913484775254	0.608506524891	0.578540357661	0.578057032383	0.576123731271	0.601739971	0.635572740454	0.59255679072	0.526824552924	0.541807636539	0.694055099082	0.612856452392	0.569840502658	0.467375543741	0.535524407927	0.539874335428	0.519574673755	0.578540357661	0.552440792653	0.498308361527	0.605123247946	0.581440309328	0.708554857419	0.649105848236	0.694055099082	0.669888835186	0.665538907685	0.685355244079	0.594490091832	0.587723537941	0.588206863219	0.594006766554	0.571290478492	0.683905268246	0.589173513775	0.676655389077	0.588690188497	0.659255679072
AF3	0.601256645723	0.550507491542	0.973900434993	0.639922667956	0.620106331561	0.345577573707	0.687771870469	0.436442725955	0.402609956501	0.564040599323	0.0	0.522474625423	0.521507974867	0.88883518608	0.609473175447	0.562107298212	0.43740937651	0.410343160947	0.951667472209	0.785403576607	0.587240212663	0.536491058482	0.454325761237	0.458192363461	0.918318028033	0.608506524891	0.45142580957	0.507491541808	0.513291445143	0.587240212663	0.525857902368	0.500724987917	0.433542774287	0.480908651522	0.665538907685	0.616723054616	0.411309811503	0.552924117931	0.446109231513	0.625422909618	0.540840985984	0.714838086032	0.681971967134	0.535524407927	0.521024649589	0.478492025133	0.654905751571	0.595456742388	0.658772353794	0.614306428226	0.605123247946	0.634606089899	0.532624456259	0.512808119865	0.511841469309	0.527307878202	0.570323827936	0.634606089899	0.573223779604	0.612856452392	0.487675205413	0.59497341711
AF4	0.59497341711	0.512324794587	0.942484291928	0.596906718221	0.319961333978	0.390043499275	0.60657322378	0.489608506525	0.510874818753	0.534557757371	0.522474625423	0.0	0.557274045433	0.853552440793	0.556790720155	0.540357660706	0.544707588207	0.541807636539	0.884485258579	0.730304494925	0.69212179797	0.637022716288	0.654422426293	0.641372643789	0.852585790237	0.643305944901	0.605606573224	0.622039632673	0.632189463509	0.648622522958	0.651522474625	0.607539874335	0.529724504592	0.55099081682	0.607539874335	0.532141130981	0.561623972934	0.541807636539	0.510874818753	0.512324794587	0.503141614306	0.616723054616	0.610923151281	0.508458192363	0.58337361044	0.565973900435	0.590140164331	0.53020782987	0.581923634606	0.541807636539	0.547124214596	0.567423876269	0.488641855969	0.499758337361	0.527307878202	0.500241662639	0.558724021266	0.563557274045	0.54857419043	0.541807636539	0.555824069599	0.530691155147
AG3	0.574190430159	0.466408893185	0.971967133881	0.492025132914	0.612856452392	0.488158530691	0.652489125181	0.526341227646	0.51619139681	0.569840502658	0.521507974867	0.557274045433	0.0	0.855969067182	0.540840985984	0.534074432093	0.501208313195	0.490091831803	0.93281778637	0.767520541324	0.675205413243	0.599806669889	0.587723537941	0.588206863219	0.887868535524	0.632672788787	0.550024166264	0.579507008217	0.593523441276	0.618656355727	0.629289511841	0.572740454326	0.521507974867	0.520057999033	0.660222329628	0.61333977767	0.541807636539	0.552440792653	0.514258095698	0.572740454326	0.512324794587	0.674722087965	0.651039149348	0.533591106815	0.575157080715	0.554857419043	0.618173030449	0.576607056549	0.634606089899	0.598356694055	0.585306911551	0.605123247946	0.528757854036	0.5186080232	0.525857902368	0.516674722088	0.541807636539	0.604639922668	0.547124214596	0.601739971	0.512324794587	0.576607056549
AG4	0.846785886902	0.859835669406	0.32866118898	0.563073948768	0.834702754954	0.863218946351	0.870952150797	0.852102464959	0.855485741904	0.863702271629	0.88883518608	0.853552440793	0.855969067182	0.0	0.873852102465	0.85886901885	0.894635089415	0.890285161914	0.722571290478	0.681005316578	0.822136297728	0.829869502175	0.887385210246	0.876268728855	0.829386176897	0.822619623006	0.863218946351	0.852102464959	0.776220396327	0.758820686322	0.883518608023	0.874335427743	0.877718704688	0.885935234413	0.905751570807	0.893185113581	0.894151764137	0.867568873852	0.892218463026	0.886901884969	0.887868535524	0.854519091348	0.855969067182	0.870952150797	0.895601739971	0.894635089415	0.886418559691	0.887868535524	0.891735137748	0.886901884969	0.894151764137	0.889318511358	0.893668438859	0.892218463026	0.898018366361	0.890768487192	0.889801836636	0.89125181247	0.887868535524	0.89125181247	0.896568390527	0.891735137748
AH3	0.647655872402	0.37264378927	0.958917351377	0.602706621556	0.60657322378	0.551474142098	0.582406959884	0.551957467376	0.570807153214	0.544707588207	0.609473175447	0.556790720155	0.540840985984	0.873852102465	0.0	0.53020782987	0.602706621556	0.607056549058	0.926534557757	0.771387143548	0.717254712421	0.640889318511	0.641372643789	0.640405993233	0.897535041083	0.690188496858	0.628806186564	0.638472692122	0.656839052682	0.674238762687	0.691638472692	0.644755920735	0.565490575157	0.590140164331	0.713871435476	0.632672788787	0.644272595457	0.563557274045	0.603189946834	0.567423876269	0.561623972934	0.589656839053	0.567907201547	0.564523924601	0.661188980184	0.640405993233	0.70372160464	0.627839536008	0.678588690188	0.640405993233	0.65055582407	0.673755437409	0.600773320445	0.603189946834	0.599323344611	0.606089898502	0.578057032383	0.673755437409	0.572257129048	0.644755920735	0.60415659739	0.625906234896
AH4	0.321411309812	0.363943934268	0.942967617206	0.595940067666	0.603673272112	0.50700821653	0.64572257129	0.520541324311	0.524407926535	0.575640405993	0.562107298212	0.540357660706	0.534074432093	0.85886901885	0.53020782987	0.0	0.519574673755	0.523441275979	0.86563557274	0.716288061866	0.630256162397	0.556790720155	0.5601739971	0.551474142098	0.839536007733	0.579507008217	0.544224262929	0.544224262929	0.567907201547	0.584340260996	0.58337361044	0.541807636539	0.534074432093	0.538424359594	0.69453842436	0.642339294345	0.585790236829	0.580473658772	0.542774287095	0.585306911551	0.540357660706	0.66892218463	0.647655872402	0.567907201547	0.603189946834	0.575640405993	0.65973900435	0.602706621556	0.67133881102	0.617689705172	0.611406476559	0.636056065732	0.538424359594	0.518124697922	0.527307878202	0.537457709038	0.51377477042	0.638472692122	0.522474625423	0.623972933784	0.538907684872	0.602706621556
AA7	0.566940550991	0.520541324311	0.977283711938	0.639439342678	0.609473175447	0.457225712905	0.684871918801	0.457225712905	0.434509424843	0.569840502658	0.43740937651	0.544707588207	0.501208313195	0.894635089415	0.602706621556	0.519574673755	0.0	0.26631222813	0.92363460609	0.76848719188	0.59497341711	0.510874818753	0.488641855969	0.4813919768	0.870952150797	0.586756887385	0.450459159014	0.497341710971	0.507974867086	0.574190430159	0.519574673755	0.41904301595	0.425326244563	0.46979217013	0.692605123248	0.644272595457	0.478008699855	0.568873852102	0.480425326245	0.600289995167	0.551474142098	0.710488158531	0.6805219913	0.563557274045	0.553890768487	0.503141614306	0.654905751571	0.607539874335	0.657805703238	0.633156114065	0.595940067666	0.620106331561	0.506041565974	0.503141614306	0.510874818753	0.526341227646	0.535041082649	0.62735621073	0.535524407927	0.637506041566	0.487191880135	0.601739971
AA8	0.561140647656	0.5186080232	0.973900434993	0.633156114065	0.61333977767	0.445142580957	0.693571773804	0.453359110681	0.432092798453	0.578540357661	0.410343160947	0.541807636539	0.490091831803	0.890285161914	0.607056549058	0.523441275979	0.26631222813	0.0	0.922667955534	0.766553890768	0.585306911551	0.500241662639	0.466892218463	0.454809086515	0.86805219913	0.579990333494	0.432576123731	0.485741904302	0.502174963751	0.569840502658	0.47462542291	0.382793620106	0.426776220396	0.471242145964	0.693571773804	0.646689221846	0.462058965684	0.574673755437	0.46979217013	0.609473175447	0.553407443209	0.716771387144	0.687771870469	0.564523924601	0.550507491542	0.501208313195	0.643789270179	0.594490091832	0.654905751571	0.620589656839	0.588690188497	0.610923151281	0.512808119865	0.498308361527	0.500724987917	0.515224746254	0.540840985984	0.615273078782	0.538907684872	0.622039632673	0.471242145964	0.588206863219
AB7	0.858385693572	0.877718704688	0.73852102465	0.725954567424	0.871435476075	0.919284678589	0.934267762204	0.927017883035	0.925084581924	0.936684388594	0.951667472209	0.884485258579	0.93281778637	0.722571290478	0.926534557757	0.86563557274	0.92363460609	0.922667955534	0.0	0.413243112615	0.820686321895	0.830352827453	0.935717738038	0.920251329145	0.739004349928	0.822136297728	0.893668438859	0.86805219913	0.753020782987	0.703238279362	0.884001933301	0.899951667472	0.920734654422	0.940067665539	0.938617689705	0.931851135814	0.952634122765	0.924601256646	0.951184146931	0.92363460609	0.931851135814	0.872402126631	0.883518608023	0.913001449976	0.95601739971	0.955534074432	0.925567907202	0.923151280812	0.931367810536	0.928467858869	0.926051232479	0.9212179797	0.916384726921	0.918801353311	0.915901401643	0.916384726921	0.918318028033	0.911551474142	0.922184630256	0.923151280812	0.951667472209	0.925567907202
AB8	0.714838086032	0.71290478492	0.751087481875	0.567423876269	0.751087481875	0.760753987434	0.770420492992	0.753020782987	0.758820686322	0.768003866602	0.785403576607	0.730304494925	0.767520541324	0.681005316578	0.771387143548	0.716288061866	0.76848719188	0.766553890768	0.413243112615	0.0	0.666505558241	0.669405509908	0.762687288545	0.739004349928	0.73852102465	0.656355727405	0.721121314645	0.687771870469	0.553407443209	0.512324794587	0.742870952151	0.742387626873	0.762203963267	0.775737071049	0.809086515225	0.77090381827	0.785403576607	0.753987433543	0.784436926051	0.761237312711	0.763653939101	0.72450459159	0.729821169647	0.749637506042	0.792653455776	0.789753504108	0.81488641856	0.765587240213	0.795553407443	0.766070565491	0.773320444659	0.784920251329	0.764620589657	0.768003866602	0.768970517158	0.760753987434	0.758337361044	0.771870468826	0.760270662156	0.763653939101	0.77767037216	0.766553890768
AC7	0.616239729338	0.656355727405	0.895601739971	0.665055582407	0.731271145481	0.588690188497	0.723054615756	0.577573707105	0.561140647656	0.651522474625	0.587240212663	0.69212179797	0.675205413243	0.822136297728	0.717254712421	0.630256162397	0.59497341711	0.585306911551	0.820686321895	0.666505558241	0.0	0.370710488159	0.582406959884	0.573223779604	0.826969550507	0.578057032383	0.553890768487	0.508941517641	0.485258579024	0.493958434026	0.572257129048	0.564040599323	0.559690671822	0.608023199613	0.805703238279	0.750604156597	0.631706138231	0.652972450459	0.614306428226	0.727887868536	0.684871918801	0.71532141131	0.699371677139	0.643789270179	0.654905751571	0.612373127115	0.813436442726	0.758820686322	0.805219913001	0.78250362494	0.753504108265	0.784920251329	0.686321894635	0.664572257129	0.666988883519	0.681005316578	0.6805219913	0.790236829386	0.686321894635	0.773320444659	0.619623006283	0.757854035766
AC8	0.573707104882	0.575157080715	0.905268245529	0.623006283229	0.68970517158	0.534557757371	0.696471725471	0.503141614306	0.489125181247	0.594006766554	0.536491058482	0.637022716288	0.599806669889	0.829869502175	0.640889318511	0.556790720155	0.510874818753	0.500241662639	0.830352827453	0.669405509908	0.370710488159	0.0	0.494925084582	0.483325277912	0.836152730788	0.538424359594	0.403576607057	0.370227162881	0.425326244563	0.470275495408	0.523924601257	0.48380860319	0.481875302078	0.531174480425	0.739971000483	0.682455292412	0.559690671822	0.600289995167	0.542774287095	0.656839052682	0.612373127115	0.660705654906	0.641855969067	0.588206863219	0.593040115998	0.543257612373	0.737554374094	0.682455292412	0.742387626873	0.719671338811	0.677138714355	0.709521507975	0.612373127115	0.596423392943	0.590623489609	0.607056549058	0.596423392943	0.711938134364	0.598356694055	0.711938134364	0.543740937651	0.681005316578
AD7	0.586756887385	0.579990333494	0.96520057999	0.665055582407	0.728854519091	0.532624456259	0.707104881585	0.521991300145	0.487675205413	0.598840019333	0.454325761237	0.654422426293	0.587723537941	0.887385210246	0.641372643789	0.5601739971	0.488641855969	0.466892218463	0.935717738038	0.762687288545	0.582406959884	0.494925084582	0.0	0.288061865636	0.895118414693	0.525857902368	0.412276462059	0.467858869019	0.496858385694	0.565973900435	0.502174963751	0.469308844853	0.491058482359	0.53697438376	0.739487675205	0.69212179797	0.505558240696	0.61575640406	0.552924117931	0.655389076849	0.619623006283	0.719671338811	0.690671822136	0.615273078782	0.584823586274	0.541324311261	0.74528757854	0.679072015466	0.74528757854	0.71532141131	0.683421942968	0.710004833253	0.618656355727	0.598356694055	0.587723537941	0.611889801837	0.593523441276	0.717254712421	0.596906718221	0.709521507975	0.553407443209	0.686805219913
AD8	0.57177380377	0.56935717738	0.95601739971	0.655872402127	0.717738037699	0.517641372644	0.70130497825	0.497341710971	0.4813919768	0.591590140164	0.458192363461	0.641372643789	0.588206863219	0.876268728855	0.640405993233	0.551474142098	0.4813919768	0.454809086515	0.920251329145	0.739004349928	0.573223779604	0.483325277912	0.288061865636	0.0	0.850652489125	0.473658772354	0.402609956501	0.453842435959	0.470275495408	0.535524407927	0.492025132914	0.453359110681	0.491058482359	0.533591106815	0.746737554374	0.690188496858	0.502658289029	0.609956500725	0.545190913485	0.65732237796	0.611406476559	0.71532141131	0.691638472692	0.606089898502	0.589656839053	0.543740937651	0.748670855486	0.678588690188	0.747220879652	0.71532141131	0.679072015466	0.706621556307	0.616723054616	0.594006766554	0.589656839053	0.612856452392	0.586273562107	0.711938134364	0.595456742388	0.710488158531	0.546157564041	0.681971967134
AE7	0.831319478009	0.863702271629	0.854035766071	0.792653455776	0.831802803287	0.881585306912	0.915418076365	0.890285161914	0.893668438859	0.913484775254	0.918318028033	0.852585790237	0.887868535524	0.829386176897	0.897535041083	0.839536007733	0.870952150797	0.86805219913	0.739004349928	0.73852102465	0.826969550507	0.836152730788	0.895118414693	0.850652489125	0.0	0.544707588207	0.872885451909	0.852585790237	0.762203963267	0.75688738521	0.838569357177	0.848235862736	0.898501691638	0.91203479942	0.926051232479	0.918801353311	0.922667955534	0.899468342194	0.919284678589	0.875302078299	0.908651522475	0.874335427743	0.876752054132	0.884968583857	0.936201063316	0.922667955534	0.89125181247	0.899951667472	0.91445142581	0.894635089415	0.900918318028	0.893185113581	0.888351860802	0.887385210246	0.901884968584	0.899468342194	0.903334944418	0.88883518608	0.905268245529	0.905751570807	0.914934751087	0.902368293862
AE8	0.58337361044	0.60657322378	0.898018366361	0.637022716288	0.693571773804	0.575157080715	0.690671822136	0.570323827936	0.579023682939	0.608506524891	0.608506524891	0.643305944901	0.632672788787	0.822619623006	0.690188496858	0.579507008217	0.586756887385	0.579990333494	0.822136297728	0.656355727405	0.578057032383	0.538424359594	0.525857902368	0.473658772354	0.544707588207	0.0	0.56259062349	0.538907684872	0.502174963751	0.50459159014	0.572740454326	0.553407443209	0.590623489609	0.606089898502	0.754470758821	0.711938134364	0.620589656839	0.602223296278	0.611406476559	0.663605606573	0.653939101015	0.682455292412	0.657805703238	0.611406476559	0.639922667956	0.612373127115	0.752054132431	0.696471725471	0.758337361044	0.710488158531	0.705654905752	0.727887868536	0.655389076849	0.626872885452	0.634606089899	0.644272595457	0.636056065732	0.727887868536	0.657805703238	0.71532141131	0.60415659739	0.701788303528
AF7	0.570807153214	0.543740937651	0.94441759304	0.642339294345	0.672305461576	0.500724987917	0.702754954084	0.455292411793	0.441759304012	0.578540357661	0.45142580957	0.605606573224	0.550024166264	0.863218946351	0.628806186564	0.544224262929	0.450459159014	0.432576123731	0.893668438859	0.721121314645	0.553890768487	0.403576607057	0.412276462059	0.402609956501	0.872885451909	0.56259062349	0.0	0.342194296762	0.448042532624	0.528757854036	0.483325277912	0.46979217013	0.433059449009	0.487675205413	0.700821652972	0.645239246013	0.452392460126	0.563073948768	0.500241662639	0.618173030449	0.563557274045	0.690188496858	0.660705654906	0.554374093765	0.55775737071	0.510391493475	0.681971967134	0.633156114065	0.702271628806	0.672305461576	0.629289511841	0.650072498792	0.569840502658	0.54857419043	0.544707588207	0.55775737071	0.559690671822	0.654422426293	0.562107298212	0.658772353794	0.498308361527	0.628806186564
AF8	0.554857419043	0.563073948768	0.93281778637	0.623006283229	0.691638472692	0.512324794587	0.697438376027	0.474142097632	0.475592073465	0.578057032383	0.507491541808	0.622039632673	0.579507008217	0.852102464959	0.638472692122	0.544224262929	0.497341710971	0.485741904302	0.86805219913	0.687771870469	0.508941517641	0.370227162881	0.467858869019	0.453842435959	0.852585790237	0.538907684872	0.342194296762	0.0	0.423392943451	0.484291928468	0.520057999033	0.470275495408	0.459642339294	0.518124697922	0.718704688255	0.666988883519	0.524407926535	0.573223779604	0.522474625423	0.617206379894	0.572740454326	0.662155630739	0.6389560174	0.56259062349	0.579990333494	0.531657805703	0.699855002417	0.646689221846	0.716771387144	0.684871918801	0.65055582407	0.670372160464	0.581923634606	0.565973900435	0.556790720155	0.572257129048	0.558240695988	0.670372160464	0.566940550991	0.679555340744	0.508458192363	0.645239246013
AG7	0.582406959884	0.576607056549	0.851619139681	0.558240695988	0.674238762687	0.536007733204	0.697921701305	0.486708554857	0.482358627356	0.576123731271	0.513291445143	0.632189463509	0.593523441276	0.776220396327	0.656839052682	0.567907201547	0.507974867086	0.502174963751	0.753020782987	0.553407443209	0.485258579024	0.425326244563	0.496858385694	0.470275495408	0.762203963267	0.502174963751	0.448042532624	0.423392943451	0.0	0.313194780087	0.519091348478	0.489125181247	0.493475108748	0.556790720155	0.731271145481	0.674238762687	0.517158047366	0.58337361044	0.547607539874	0.63653939101	0.594006766554	0.660222329628	0.636056065732	0.572257129048	0.587723537941	0.552924117931	0.736587723538	0.666988883519	0.724987916868	0.699855002417	0.665538907685	0.70130497825	0.603673272112	0.588690188497	0.59255679072	0.597873368777	0.600289995167	0.700821652972	0.615273078782	0.694055099082	0.56259062349	0.669888835186
AG8	0.581923634606	0.594490091832	0.837602706622	0.574673755437	0.684388593523	0.566940550991	0.693088448526	0.537941034316	0.549540840986	0.601739971	0.587240212663	0.648622522958	0.618656355727	0.758820686322	0.674238762687	0.584340260996	0.574190430159	0.569840502658	0.703238279362	0.512324794587	0.493958434026	0.470275495408	0.565973900435	0.535524407927	0.75688738521	0.50459159014	0.528757854036	0.484291928468	0.313194780087	0.0	0.55775737071	0.543257612373	0.56259062349	0.595940067666	0.763170613823	0.696955050749	0.587240212663	0.607056549058	0.590140164331	0.667472208797	0.625906234896	0.674722087965	0.654905751571	0.601739971	0.63653939101	0.600773320445	0.7593040116	0.691638472692	0.751087481875	0.714838086032	0.694055099082	0.717738037699	0.645239246013	0.626872885452	0.623972933784	0.636056065732	0.633639439343	0.721604639923	0.649589173514	0.704688255196	0.604639922668	0.691155147414
AH7	0.588206863219	0.615273078782	0.955050749154	0.685355244079	0.705654905752	0.560657322378	0.724021266312	0.53939101015	0.539874335428	0.635572740454	0.525857902368	0.651522474625	0.629289511841	0.883518608023	0.691638472692	0.58337361044	0.519574673755	0.47462542291	0.884001933301	0.742870952151	0.572257129048	0.523924601257	0.502174963751	0.492025132914	0.838569357177	0.572740454326	0.483325277912	0.520057999033	0.519091348478	0.55775737071	0.0	0.325761237313	0.565973900435	0.614306428226	0.773320444659	0.729337844369	0.544707588207	0.658772353794	0.603189946834	0.674238762687	0.649105848236	0.758820686322	0.737071048816	0.656839052682	0.64572257129	0.610923151281	0.754954084099	0.714354760754	0.764620589657	0.725471242146	0.706138231029	0.731271145481	0.629772837119	0.619623006283	0.610923151281	0.635089415176	0.625422909618	0.730304494925	0.631222812953	0.720154664089	0.600773320445	0.713871435476
AH8	0.562107298212	0.57177380377	0.956500724988	0.651039149348	0.677138714355	0.515708071532	0.70130497825	0.497341710971	0.485741904302	0.59255679072	0.500724987917	0.607539874335	0.572740454326	0.874335427743	0.644755920735	0.541807636539	0.41904301595	0.382793620106	0.899951667472	0.742387626873	0.564040599323	0.48380860319	0.469308844853	0.453359110681	0.848235862736	0.553407443209	0.46979217013	0.470275495408	0.489125181247	0.543257612373	0.325761237313	0.0	0.511358144031	0.554374093765	0.748187530208	0.700338327695	0.533107781537	0.617689705172	0.54857419043	0.632672788787	0.605123247946	0.719188013533	0.697438376027	0.612856452392	0.601256645723	0.554857419043	0.716288061866	0.664572257129	0.724987916868	0.680038666022	0.657805703238	0.686805219913	0.587723537941	0.573223779604	0.570807153214	0.587240212663	0.572740454326	0.687288545191	0.578057032383	0.684388593523	0.542290961817	0.663122281295
AA5	0.577573707105	0.500724987917	0.956984050266	0.6389560174	0.606089898502	0.449975833736	0.649105848236	0.403576607057	0.396326727888	0.526824552924	0.433542774287	0.529724504592	0.521507974867	0.877718704688	0.565490575157	0.534074432093	0.425326244563	0.426776220396	0.920734654422	0.762203963267	0.559690671822	0.481875302078	0.491058482359	0.491058482359	0.898501691638	0.590623489609	0.433059449009	0.459642339294	0.493475108748	0.56259062349	0.565973900435	0.511358144031	0.0	0.336394393427	0.670855485742	0.591590140164	0.473175447076	0.470758820686	0.464958917351	0.565973900435	0.487191880135	0.626389560174	0.593523441276	0.462058965684	0.534557757371	0.468342194297	0.681971967134	0.620589656839	0.664572257129	0.639922667956	0.635572740454	0.667955534074	0.532141130981	0.535524407927	0.537941034316	0.546157564041	0.547124214596	0.659255679072	0.554374093765	0.635572740454	0.493958434026	0.613823102948
AA6	0.58337361044	0.510874818753	0.968100531658	0.651039149348	0.625906234896	0.453842435959	0.668438859352	0.459159014016	0.44224262929	0.541807636539	0.480908651522	0.55099081682	0.520057999033	0.885935234413	0.590140164331	0.538424359594	0.46979217013	0.471242145964	0.940067665539	0.775737071049	0.608023199613	0.531174480425	0.53697438376	0.533591106815	0.91203479942	0.606089898502	0.487675205413	0.518124697922	0.556790720155	0.595940067666	0.614306428226	0.554374093765	0.336394393427	0.0	0.666022232963	0.586273562107	0.511841469309	0.50700821653	0.466408893185	0.58337361044	0.499758337361	0.666022232963	0.632189463509	0.505558240696	0.46979217013	0.418559690672	0.680038666022	0.615273078782	0.661188980184	0.635089415176	0.628806186564	0.653939101015	0.53020782987	0.529724504592	0.529241179314	0.539874335428	0.549057515708	0.657805703238	0.555340744321	0.629772837119	0.501208313195	0.614789753504
AB5	0.738037699372	0.676172063799	0.975833736104	0.721121314645	0.620106331561	0.634122764621	0.743354277429	0.67133881102	0.667472208797	0.694055099082	0.665538907685	0.607539874335	0.660222329628	0.905751570807	0.713871435476	0.69453842436	0.692605123248	0.693571773804	0.938617689705	0.809086515225	0.805703238279	0.739971000483	0.739487675205	0.746737554374	0.926051232479	0.754470758821	0.700821652972	0.718704688255	0.731271145481	0.763170613823	0.773320444659	0.748187530208	0.670855485742	0.666022232963	0.0	0.338327694538	0.614306428226	0.656839052682	0.61575640406	0.619623006283	0.608023199613	0.73368777187	0.735137747704	0.644272595457	0.623489608507	0.611889801837	0.604639922668	0.609473175447	0.625906234896	0.598840019333	0.61333977767	0.606089898502	0.598840019333	0.591106814886	0.61333977767	0.603673272112	0.658772353794	0.599323344611	0.65973900435	0.602223296278	0.670372160464	0.61333977767
AB6	0.683905268246	0.599806669889	0.968583856936	0.664088931851	0.57177380377	0.570323827936	0.660222329628	0.585306911551	0.60415659739	0.612856452392	0.616723054616	0.532141130981	0.61333977767	0.893185113581	0.632672788787	0.642339294345	0.644272595457	0.646689221846	0.931851135814	0.77090381827	0.750604156597	0.682455292412	0.69212179797	0.690188496858	0.918801353311	0.711938134364	0.645239246013	0.666988883519	0.674238762687	0.696955050749	0.729337844369	0.700338327695	0.591590140164	0.586273562107	0.338327694538	0.0	0.570323827936	0.578057032383	0.561623972934	0.554857419043	0.526341227646	0.651039149348	0.64813919768	0.537457709038	0.556790720155	0.537457709038	0.595456742388	0.543740937651	0.582890285162	0.556307394877	0.554857419043	0.569840502658	0.544224262929	0.552440792653	0.578057032383	0.564523924601	0.602223296278	0.5601739971	0.602706621556	0.553407443209	0.631706138231	0.545190913485
AC5	0.61575640406	0.58095698405	0.980183663606	0.666505558241	0.623489608507	0.478008699855	0.685838569357	0.467858869019	0.450942484292	0.569840502658	0.411309811503	0.561623972934	0.541807636539	0.894151764137	0.644272595457	0.585790236829	0.478008699855	0.462058965684	0.952634122765	0.785403576607	0.631706138231	0.559690671822	0.505558240696	0.502658289029	0.922667955534	0.620589656839	0.452392460126	0.524407926535	0.517158047366	0.587240212663	0.544707588207	0.533107781537	0.473175447076	0.511841469309	0.614306428226	0.570323827936	0.0	0.462058965684	0.453842435959	0.591106814886	0.541324311261	0.709521507975	0.674238762687	0.538907684872	0.483325277912	0.455292411793	0.599323344611	0.55775737071	0.620589656839	0.578540357661	0.564523924601	0.580473658772	0.50700821653	0.476558724021	0.488158530691	0.498791686805	0.575157080715	0.582890285162	0.584340260996	0.56259062349	0.521991300145	0.550024166264
AC6	0.62735621073	0.525857902368	0.957467375544	0.639439342678	0.594006766554	0.515708071532	0.54857419043	0.477525374577	0.526341227646	0.467375543741	0.552924117931	0.541807636539	0.552440792653	0.867568873852	0.563557274045	0.580473658772	0.568873852102	0.574673755437	0.924601256646	0.753987433543	0.652972450459	0.600289995167	0.61575640406	0.609956500725	0.899468342194	0.602223296278	0.563073948768	0.573223779604	0.58337361044	0.607056549058	0.658772353794	0.617689705172	0.470758820686	0.50700821653	0.656839052682	0.578057032383	0.462058965684	0.0	0.537941034316	0.530691155147	0.516674722088	0.478975350411	0.452392460126	0.412759787337	0.566457225713	0.552440792653	0.672305461576	0.630256162397	0.667472208797	0.624456259062	0.644272595457	0.667955534074	0.581923634606	0.570323827936	0.565007249879	0.577090381827	0.570807153214	0.667472208797	0.592073465442	0.634122764621	0.563557274045	0.628806186564
AD6	0.594490091832	0.536007733204	0.977283711938	0.630739487675	0.580473658772	0.414209763171	0.658289028516	0.466892218463	0.452392460126	0.535524407927	0.446109231513	0.510874818753	0.514258095698	0.892218463026	0.603189946834	0.542774287095	0.480425326245	0.46979217013	0.951184146931	0.784436926051	0.614306428226	0.542774287095	0.552924117931	0.545190913485	0.919284678589	0.611406476559	0.500241662639	0.522474625423	0.547607539874	0.590140164331	0.603189946834	0.54857419043	0.464958917351	0.466408893185	0.61575640406	0.561623972934	0.453842435959	0.537941034316	0.0	0.559207346544	0.423392943451	0.695505074915	0.667472208797	0.533591106815	0.478008699855	0.440309328178	0.591590140164	0.535041082649	0.603189946834	0.5601739971	0.54857419043	0.572740454326	0.468342194297	0.456742387627	0.443692605123	0.464958917351	0.545190913485	0.577090381827	0.54857419043	0.563557274045	0.468825519575	0.529241179314
AE5	0.635089415176	0.541807636539	0.977283711938	0.622522957951	0.568390526825	0.555340744321	0.596423392943	0.55775737071	0.617689705172	0.539874335428	0.625422909618	0.512324794587	0.572740454326	0.886901884969	0.567423876269	0.585306911551	0.600289995167	0.609473175447	0.92363460609	0.761237312711	0.727887868536	0.656839052682	0.655389076849	0.65732237796	0.875302078299	0.663605606573	0.618173030449	0.617206379894	0.63653939101	0.667472208797	0.674238762687	0.632672788787	0.565973900435	0.58337361044	0.619623006283	0.554857419043	0.591106814886	0.530691155147	0.559207346544	0.0	0.367327211213	0.594490091832	0.590140164331	0.520057999033	0.627839536008	0.616239729338	0.644272595457	0.601256645723	0.633639439343	0.605606573224	0.616723054616	0.633156114065	0.543740937651	0.568873852102	0.597873368777	0.555340744321	0.55775737071	0.627839536008	0.56259062349	0.607056549058	0.584340260996	0.60415659739
AE6	0.597873368777	0.500724987917	0.97680038666	0.623972933784	0.558240695988	0.479458675689	0.590623489609	0.482358627356	0.532624456259	0.519574673755	0.540840985984	0.503141614306	0.512324794587	0.887868535524	0.561623972934	0.540357660706	0.551474142098	0.553407443209	0.931851135814	0.763653939101	0.684871918801	0.612373127115	0.619623006283	0.611406476559	0.908651522475	0.653939101015	0.563557274045	0.572740454326	0.594006766554	0.625906234896	0.649105848236	0.605123247946	0.487191880135	0.499758337361	0.608023199613	0.526341227646	0.541324311261	0.516674722088	0.423392943451	0.367327211213	0.0	0.629772837119	0.603189946834	0.487675205413	0.558240695988	0.550024166264	0.627839536008	0.578540357661	0.612856452392	0.582890285162	0.594490091832	0.615273078782	0.491058482359	0.50459159014	0.521024649589	0.494925084582	0.524891251812	0.610923151281	0.542290961817	0.585306911551	0.532624456259	0.578057032383
AF5	0.709038182697	0.617689705172	0.934751087482	0.64813919768	0.661188980184	0.676172063799	0.55099081682	0.630739487675	0.681971967134	0.578540357661	0.714838086032	0.616723054616	0.674722087965	0.854519091348	0.589656839053	0.66892218463	0.710488158531	0.716771387144	0.872402126631	0.72450459159	0.71532141131	0.660705654906	0.719671338811	0.71532141131	0.874335427743	0.682455292412	0.690188496858	0.662155630739	0.660222329628	0.674722087965	0.758820686322	0.719188013533	0.626389560174	0.666022232963	0.73368777187	0.651039149348	0.709521507975	0.478975350411	0.695505074915	0.594490091832	0.629772837119	0.0	0.267278878685	0.528757854036	0.716288061866	0.708071532141	0.752054132431	0.710488158531	0.737554374094	0.695988400193	0.727887868536	0.74528757854	0.690188496858	0.707104881585	0.713871435476	0.697921701305	0.665538907685	0.745770903818	0.67133881102	0.706621556307	0.707588206863	0.714354760754
AF6	0.688255195747	0.589656839053	0.933301111648	0.645239246013	0.657805703238	0.641855969067	0.529724504592	0.610923151281	0.653455775737	0.552440792653	0.681971967134	0.610923151281	0.651039149348	0.855969067182	0.567907201547	0.647655872402	0.6805219913	0.687771870469	0.883518608023	0.729821169647	0.699371677139	0.641855969067	0.690671822136	0.691638472692	0.876752054132	0.657805703238	0.660705654906	0.6389560174	0.636056065732	0.654905751571	0.737071048816	0.697438376027	0.593523441276	0.632189463509	0.735137747704	0.64813919768	0.674238762687	0.452392460126	0.667472208797	0.590140164331	0.603189946834	0.267278878685	0.0	0.501208313195	0.68970517158	0.676172063799	0.752537457709	0.700821652972	0.728854519091	0.691638472692	0.704688255196	0.727887868536	0.660705654906	0.677138714355	0.688255195747	0.670855485742	0.637022716288	0.731271145481	0.641855969067	0.698405026583	0.681971967134	0.691155147414
