	AA3	AA4	AB3	AB4	AC3	AC4	AD3	AD4	AE3	AE4	AF3	AF4	AG3	AG4	AH3	AH4	AA7	AA8	AB7	AB8	AC7	AC8	AD7	AD8	AE7	AE8	AF7	AF8	AG7	AG8	AH7	AH8	AA5	AA6	AB5	AB6	AC5	AC6	AD6	AE5	AE6	AF5	AF6	AG5	AH5	AH6	AA1	AA2	AB1	AB2	AC1	AC2	AD1	AD2	AE1	AE2	AF1	AF2	AG1	AG2	AH1	AH2
AA3	0.0	0.496375060416	0.93523441276	0.640405993233	0.661672305462	0.591590140164	0.673755437409	0.589173513775	0.579507008217	0.637022716288	0.607539874335	0.60657322378	0.589656839053	0.860802319961	0.655872402127	0.324794586757	0.585306911551	0.565490575157	0.878685355244	0.705654905752	0.622039632673	0.583856935718	0.584823586274	0.596423392943	0.841469308845	0.617206379894	0.579990333494	0.555824069599	0.598356694055	0.602223296278	0.596906718221	0.563073948768	0.596906718221	0.601256645723	0.738037699372	0.680038666022	0.628806186564	0.632672788787	0.626389560174	0.641855969067	0.610439826003	0.70372160464	0.681488641856	0.621072982117	0.633156114065	0.632189463509	0.678588690188	0.654905751571	0.712421459642	0.667955534074	0.651522474625	0.666022232963	0.562107298212	0.568390526825	0.576123731271	0.583856935718	0.576607056549	0.658289028516	0.574673755437	0.653455775737	0.579023682939	0.646205896568
AA4	0.496375060416	0.0	0.939584340261	0.568390526825	0.576607056549	0.494441759304	0.580473658772	0.478975350411	0.498308361527	0.518124697922	0.559690671822	0.51619139681	0.485741904302	0.863702271629	0.376027066216	0.38424359594	0.543257612373	0.541807636539	0.895601739971	0.716771387144	0.661672305462	0.579023682939	0.586756887385	0.58337361044	0.880135331078	0.622039632673	0.554857419043	0.558724021266	0.596423392943	0.601256645723	0.632672788787	0.570323827936	0.510391493475	0.524891251812	0.665055582407	0.599806669889	0.570323827936	0.5186080232	0.545190913485	0.527307878202	0.477525374577	0.619623006283	0.577573707105	0.50700821653	0.59497341711	0.582406959884	0.657805703238	0.589656839053	0.646205896568	0.616239729338	0.61333977767	0.639439342678	0.530691155147	0.543740937651	0.546640889319	0.532141130981	0.509424842919	0.622522957951	0.510391493475	0.595456742388	0.531174480425	0.585790236829
AB3	0.93523441276	0.939584340261	0.0	0.676655389077	0.90961817303	0.949250845819	0.950700821653	0.936684388594	0.927984533591	0.945384243596	0.966650555824	0.927984533591	0.9584340261	0.339777670372	0.954567423876	0.941034316095	0.966167230546	0.960850652489	0.74528757854	0.775737071049	0.882068632189	0.914934751087	0.949734171097	0.951667472209	0.84485258579	0.894635089415	0.933784436926	0.932334461092	0.828419526341	0.841952634123	0.949734171097	0.949734171097	0.948767520541	0.959400676655	0.966167230546	0.957950700822	0.969067182214	0.942484291928	0.966650555824	0.966167230546	0.966167230546	0.9212179797	0.930884485259	0.942967617206	0.971967133881	0.963750604157	0.96761720638	0.967133881102	0.96520057999	0.966167230546	0.969550507492	0.966650555824	0.968100531658	0.968100531658	0.975350410826	0.968100531658	0.96520057999	0.964717254712	0.96520057999	0.966650555824	0.966650555824	0.964717254712
AB4	0.640405993233	0.568390526825	0.676655389077	0.0	0.632672788787	0.609956500725	0.697438376027	0.601256645723	0.605123247946	0.640889318511	0.631706138231	0.607539874335	0.466892218463	0.572257129048	0.602223296278	0.591106814886	0.623489608507	0.625906234896	0.728854519091	0.573707104882	0.647655872402	0.62493958434	0.651522474625	0.646205896568	0.787820202997	0.646205896568	0.627839536008	0.628806186564	0.53939101015	0.579023682939	0.687771870469	0.635089415176	0.628322861286	0.64572257129	0.717254712421	0.667472208797	0.65055582407	0.640889318511	0.631222812953	0.626389560174	0.622039632673	0.675688738521	0.666505558241	0.625422909618	0.676655389077	0.669405509908	0.698405026583	0.652972450459	0.694055099082	0.666505558241	0.663605606573	0.67133881102	0.633156114065	0.622522957951	0.648622522958	0.638472692122	0.629772837119	0.661672305462	0.626872885452	0.661188980184	0.634606089899	0.659255679072
AC3	0.661672305462	0.576607056549	0.90961817303	0.632672788787	0.0	0.480908651522	0.633156114065	0.531174480425	0.569840502658	0.581440309328	0.621556307395	0.319961333978	0.607539874335	0.839536007733	0.622039632673	0.608506524891	0.612856452392	0.603189946834	0.87046882552	0.727404543258	0.732721121315	0.685838569357	0.722571290478	0.700821652972	0.82648622523	0.689221846303	0.646205896568	0.681005316578	0.676655389077	0.681971967134	0.70372160464	0.655389076849	0.602223296278	0.635089415176	0.619623006283	0.584340260996	0.630739487675	0.577090381827	0.575640405993	0.540840985984	0.553407443209	0.65732237796	0.634606089899	0.554857419043	0.652489125181	0.64813919768	0.590140164331	0.596906718221	0.58337361044	0.581440309328	0.603189946834	0.594006766554	0.53697438376	0.570807153214	0.581923634606	0.566940550991	0.609473175447	0.574673755437	0.616239729338	0.579990333494	0.609473175447	0.589173513775
AC4	0.591590140164	0.494441759304	0.949250845819	0.609956500725	0.480908651522	0.0	0.610439826003	0.401159980667	0.416143064282	0.512808119865	0.348960850652	0.378443692605	0.523441275979	0.869502174964	0.574673755437	0.530691155147	0.478008699855	0.463508941518	0.927017883035	0.744804253262	0.597873368777	0.537457709038	0.537941034316	0.5186080232	0.89125181247	0.582890285162	0.497341710971	0.515708071532	0.540357660706	0.563557274045	0.582890285162	0.523924601257	0.450942484292	0.472692121798	0.625906234896	0.561140647656	0.467375543741	0.500241662639	0.426292895118	0.547607539874	0.470758820686	0.668438859352	0.62735621073	0.499758337361	0.501208313195	0.488158530691	0.627839536008	0.568390526825	0.596423392943	0.586273562107	0.578057032383	0.611406476559	0.479942000967	0.516674722088	0.508458192363	0.497341710971	0.537457709038	0.593040115998	0.54857419043	0.567907201547	0.489125181247	0.55775737071
AD3	0.673755437409	0.580473658772	0.950700821653	0.697438376027	0.633156114065	0.610439826003	0.0	0.51377477042	0.638472692122	0.357177380377	0.670855485742	0.589656839053	0.640405993233	0.874818753021	0.595456742388	0.633156114065	0.688255195747	0.678588690188	0.934751087482	0.753987433543	0.717254712421	0.69212179797	0.693571773804	0.690188496858	0.910101498308	0.677622039633	0.691155147414	0.691638472692	0.692605123248	0.687288545191	0.717738037699	0.691155147414	0.626389560174	0.652972450459	0.722571290478	0.669405509908	0.668438859352	0.53697438376	0.629289511841	0.587240212663	0.585306911551	0.531174480425	0.506041565974	0.538907684872	0.701788303528	0.69212179797	0.766553890768	0.709038182697	0.748670855486	0.714838086032	0.713871435476	0.741420976317	0.649589173514	0.672305461576	0.66892218463	0.650072498792	0.638472692122	0.72692121798	0.647172547124	0.698405026583	0.681005316578	0.703238279362
AD4	0.589173513775	0.478975350411	0.936684388594	0.601256645723	0.531174480425	0.401159980667	0.51377477042	0.0	0.323827936201	0.407926534558	0.420009666506	0.463992266796	0.521024649589	0.854035766071	0.543740937651	0.528757854036	0.462542290962	0.442725954567	0.925084581924	0.740454325761	0.578057032383	0.510874818753	0.503624939584	0.486708554857	0.891735137748	0.573707104882	0.449975833736	0.486708554857	0.503624939584	0.543257612373	0.540840985984	0.491541807637	0.399226679555	0.458192363461	0.641855969067	0.574190430159	0.450942484292	0.465442242629	0.443692605123	0.544224262929	0.462542290962	0.638472692122	0.591106814886	0.458675688739	0.512808119865	0.489608506525	0.655872402127	0.596423392943	0.636056065732	0.619623006283	0.605606573224	0.631222812953	0.500241662639	0.521507974867	0.515708071532	0.511358144031	0.533107781537	0.616239729338	0.543740937651	0.602706621556	0.501691638473	0.584823586274
AE3	0.579507008217	0.498308361527	0.927984533591	0.605123247946	0.569840502658	0.416143064282	0.638472692122	0.323827936201	0.0	0.517641372644	0.408409859836	0.508941517641	0.519091348478	0.85645239246	0.561623972934	0.541807636539	0.442725954567	0.427742870952	0.925084581924	0.741904301595	0.555824069599	0.477525374577	0.487675205413	0.488158530691	0.900918318028	0.588690188497	0.437892701788	0.462542290962	0.500724987917	0.545190913485	0.556307394877	0.490575157081	0.394876752054	0.445625906235	0.660222329628	0.597873368777	0.459642339294	0.517641372644	0.46302561624	0.600289995167	0.518124697922	0.681971967134	0.641372643789	0.5186080232	0.51377477042	0.477525374577	0.666988883519	0.60657322378	0.643789270179	0.630739487675	0.613823102948	0.643789270179	0.509908168197	0.535041082649	0.530691155147	0.528274528758	0.546157564041	0.629772837119	0.550507491542	0.612856452392	0.497341710971	0.592073465442
AE4	0.637022716288	0.518124697922	0.945384243596	0.640889318511	0.581440309328	0.512808119865	0.357177380377	0.407926534558	0.517641372644	0.0	0.577090381827	0.534074432093	0.582890285162	0.866602223296	0.564040599323	0.573707104882	0.590140164331	0.581440309328	0.934267762204	0.744320927985	0.664572257129	0.600289995167	0.609956500725	0.598356694055	0.904784920251	0.625422909618	0.59497341711	0.59255679072	0.597873368777	0.607056549058	0.646689221846	0.592073465442	0.540840985984	0.563557274045	0.686805219913	0.619623006283	0.572740454326	0.476075398743	0.545674238763	0.538907684872	0.521024649589	0.58095698405	0.53939101015	0.497341710971	0.612856452392	0.610439826003	0.714838086032	0.65732237796	0.695988400193	0.68293861769	0.668438859352	0.691638472692	0.597390043499	0.61333977767	0.595940067666	0.584823586274	0.580473658772	0.678588690188	0.595456742388	0.660705654906	0.596423392943	0.646205896568
AF3	0.607539874335	0.559690671822	0.966650555824	0.631706138231	0.621556307395	0.348960850652	0.670855485742	0.420009666506	0.408409859836	0.577090381827	0.0	0.517158047366	0.539874335428	0.890768487192	0.617206379894	0.576123731271	0.420492991783	0.432092798453	0.956500724988	0.775253745771	0.585306911551	0.532624456259	0.4398260029	0.429192846786	0.914934751087	0.596906718221	0.428709521508	0.498308361527	0.529724504592	0.578540357661	0.524407926535	0.505074915418	0.431126147898	0.490575157081	0.666022232963	0.61575640406	0.433542774287	0.544707588207	0.465925567907	0.618173030449	0.532141130981	0.714354760754	0.673272112131	0.543740937651	0.505074915418	0.48380860319	0.667955534074	0.608506524891	0.662155630739	0.632189463509	0.615273078782	0.649105848236	0.532624456259	0.53697438376	0.538424359594	0.533107781537	0.567423876269	0.635572740454	0.576607056549	0.608989850169	0.505558240696	0.593523441276
AF4	0.60657322378	0.51619139681	0.927984533591	0.607539874335	0.319961333978	0.378443692605	0.589656839053	0.463992266796	0.508941517641	0.534074432093	0.517158047366	0.0	0.543740937651	0.853069115515	0.568873852102	0.553407443209	0.554374093765	0.55099081682	0.883518608023	0.708071532141	0.691155147414	0.631222812953	0.65732237796	0.633156114065	0.84485258579	0.629772837119	0.579990333494	0.621556307395	0.626389560174	0.633156114065	0.650072498792	0.60415659739	0.536491058482	0.570807153214	0.594006766554	0.52537457709	0.551474142098	0.528274528758	0.50459159014	0.511358144031	0.497341710971	0.626872885452	0.599806669889	0.500241662639	0.568390526825	0.565490575157	0.582406959884	0.534557757371	0.564040599323	0.534557757371	0.533107781537	0.571290478492	0.471725471242	0.49299178347	0.507491541808	0.508941517641	0.546157564041	0.551474142098	0.563557274045	0.526824552924	0.546640889319	0.512324794587
AG3	0.589656839053	0.485741904302	0.9584340261	0.466892218463	0.607539874335	0.523441275979	0.640405993233	0.521024649589	0.519091348478	0.582890285162	0.539874335428	0.543740937651	0.0	0.85645239246	0.523924601257	0.531657805703	0.502174963751	0.497825036249	0.929434509425	0.748187530208	0.676172063799	0.596423392943	0.598840019333	0.597873368777	0.882551957467	0.634122764621	0.549540840986	0.577090381827	0.611406476559	0.62735621073	0.636056065732	0.56259062349	0.524891251812	0.530691155147	0.662155630739	0.608023199613	0.552440792653	0.549540840986	0.531657805703	0.572740454326	0.519091348478	0.669888835186	0.628806186564	0.540840985984	0.58337361044	0.578057032383	0.629772837119	0.592073465442	0.633156114065	0.613823102948	0.594006766554	0.605606573224	0.522474625423	0.531174480425	0.552924117931	0.529724504592	0.542290961817	0.607056549058	0.547124214596	0.599323344611	0.503141614306	0.580473658772
AG4	0.860802319961	0.863702271629	0.339777670372	0.572257129048	0.839536007733	0.869502174964	0.874818753021	0.854035766071	0.85645239246	0.866602223296	0.890768487192	0.853069115515	0.85645239246	0.0	0.880135331078	0.86563557274	0.895118414693	0.890285161914	0.710488158531	0.702754954084	0.816819719671	0.843885935234	0.879168680522	0.8796520058	0.825519574674	0.827936201063	0.860318994683	0.861285645239	0.757370710488	0.75688738521	0.887868535524	0.878202029966	0.878685355244	0.882551957467	0.903818269696	0.89125181247	0.895118414693	0.864668922185	0.889318511358	0.885935234413	0.885451909135	0.853069115515	0.860318994683	0.871435476075	0.899468342194	0.892701788304	0.889801836636	0.890768487192	0.892218463026	0.890768487192	0.898018366361	0.891735137748	0.897535041083	0.890285161914	0.901401643306	0.897051715805	0.893185113581	0.890285161914	0.891735137748	0.889801836636	0.898985016916	0.894151764137
AH3	0.655872402127	0.376027066216	0.954567423876	0.602223296278	0.622039632673	0.574673755437	0.595456742388	0.543740937651	0.561623972934	0.564040599323	0.617206379894	0.568873852102	0.523924601257	0.880135331078	0.0	0.546157564041	0.59497341711	0.603189946834	0.935717738038	0.757370710488	0.716771387144	0.646205896568	0.647172547124	0.658289028516	0.907684871919	0.698405026583	0.63653939101	0.639922667956	0.67133881102	0.679072015466	0.699371677139	0.632189463509	0.555824069599	0.586273562107	0.705171580474	0.641372643789	0.632672788787	0.567423876269	0.60415659739	0.573707104882	0.556790720155	0.608506524891	0.575640405993	0.561140647656	0.65732237796	0.642339294345	0.702754954084	0.623972933784	0.662638956017	0.652489125181	0.64572257129	0.669888835186	0.609473175447	0.600289995167	0.613823102948	0.608989850169	0.578057032383	0.661672305462	0.571290478492	0.640889318511	0.594006766554	0.622039632673
AH4	0.324794586757	0.38424359594	0.941034316095	0.591106814886	0.608506524891	0.530691155147	0.633156114065	0.528757854036	0.541807636539	0.573707104882	0.576123731271	0.553407443209	0.531657805703	0.86563557274	0.546157564041	0.0	0.544707588207	0.543257612373	0.879168680522	0.705171580474	0.641855969067	0.582406959884	0.576607056549	0.586756887385	0.851135814403	0.616239729338	0.561623972934	0.552924117931	0.579990333494	0.592073465442	0.596423392943	0.553407443209	0.555824069599	0.556790720155	0.69453842436	0.635089415176	0.59255679072	0.571290478492	0.560657322378	0.575157080715	0.538424359594	0.667955534074	0.632189463509	0.55775737071	0.608023199613	0.598840019333	0.658289028516	0.613823102948	0.663605606573	0.623006283229	0.611406476559	0.635572740454	0.52537457709	0.532141130981	0.537457709038	0.533591106815	0.519091348478	0.623006283229	0.521024649589	0.607539874335	0.532141130981	0.603189946834
AA7	0.585306911551	0.543257612373	0.966167230546	0.623489608507	0.612856452392	0.478008699855	0.688255195747	0.462542290962	0.442725954567	0.590140164331	0.420492991783	0.554374093765	0.502174963751	0.895118414693	0.59497341711	0.544707588207	0.0	0.29627839536	0.923151280812	0.747220879652	0.594006766554	0.517158047366	0.480425326245	0.475592073465	0.86805219913	0.580473658772	0.42822619623	0.488641855969	0.526824552924	0.575640405993	0.503624939584	0.423876268729	0.425809569841	0.473658772354	0.687771870469	0.645239246013	0.471725471242	0.554374093765	0.488641855969	0.607056549058	0.540357660706	0.716288061866	0.673755437409	0.57177380377	0.543257612373	0.509908168197	0.652489125181	0.603673272112	0.653939101015	0.628322861286	0.591590140164	0.622039632673	0.50459159014	0.520541324311	0.522957950701	0.514741420976	0.541807636539	0.60415659739	0.543740937651	0.622522957951	0.491541807637	0.585306911551
AA8	0.565490575157	0.541807636539	0.960850652489	0.625906234896	0.603189946834	0.463508941518	0.678588690188	0.442725954567	0.427742870952	0.581440309328	0.432092798453	0.55099081682	0.497825036249	0.890285161914	0.603189946834	0.543257612373	0.29627839536	0.0	0.919768003867	0.740937651039	0.574190430159	0.493958434026	0.492025132914	0.483325277912	0.861285645239	0.574190430159	0.445142580957	0.469308844853	0.512808119865	0.564523924601	0.487675205413	0.368293861769	0.415659739004	0.470758820686	0.683905268246	0.639922667956	0.470275495408	0.54857419043	0.492025132914	0.60415659739	0.532624456259	0.716771387144	0.672305461576	0.554857419043	0.534074432093	0.503141614306	0.64572257129	0.606089898502	0.659255679072	0.628322861286	0.595456742388	0.618173030449	0.492508458192	0.524891251812	0.521507974867	0.520057999033	0.538907684872	0.607539874335	0.538907684872	0.617206379894	0.489608506525	0.589173513775
AB7	0.878685355244	0.895601739971	0.74528757854	0.728854519091	0.87046882552	0.927017883035	0.934751087482	0.925084581924	0.925084581924	0.934267762204	0.956500724988	0.883518608023	0.929434509425	0.710488158531	0.935717738038	0.879168680522	0.923151280812	0.919768003867	0.0	0.423876268729	0.811986466892	0.843402609957	0.926051232479	0.926051232479	0.73852102465	0.830352827453	0.882551957467	0.881101981634	0.735137747704	0.695021749638	0.887385210246	0.898985016916	0.918318028033	0.936201063316	0.938134364427	0.930401159981	0.947800869986	0.90285161914	0.94441759304	0.924601256646	0.940067665539	0.866602223296	0.876752054132	0.908651522475	0.949250845819	0.953117448043	0.928467858869	0.928467858869	0.931851135814	0.931367810536	0.931851135814	0.921701304978	0.920251329145	0.9212179797	0.924117931368	0.914934751087	0.915901401643	0.915901401643	0.9212179797	0.924117931368	0.946350894152	0.928467858869
AB8	0.705654905752	0.716771387144	0.775737071049	0.573707104882	0.727404543258	0.744804253262	0.753987433543	0.740454325761	0.741904301595	0.744320927985	0.775253745771	0.708071532141	0.748187530208	0.702754954084	0.757370710488	0.705171580474	0.747220879652	0.740937651039	0.423876268729	0.0	0.637022716288	0.654905751571	0.737071048816	0.731754470759	0.734654422426	0.652489125181	0.694055099082	0.690671822136	0.519091348478	0.510391493475	0.718704688255	0.720154664089	0.740454325761	0.751570807153	0.796520057999	0.754470758821	0.761720637989	0.717254712421	0.758337361044	0.742387626873	0.752537457709	0.704204929918	0.702754954084	0.722087965201	0.775737071049	0.777187046883	0.798453359111	0.749637506042	0.78250362494	0.757854035766	0.756404059932	0.768970517158	0.744320927985	0.746737554374	0.750604156597	0.73852102465	0.739004349928	0.765103914935	0.745770903818	0.741420976317	0.761237312711	0.751087481875
AC7	0.622039632673	0.661672305462	0.882068632189	0.647655872402	0.732721121315	0.597873368777	0.717254712421	0.578057032383	0.555824069599	0.664572257129	0.585306911551	0.691155147414	0.676172063799	0.816819719671	0.716771387144	0.641855969067	0.594006766554	0.574190430159	0.811986466892	0.637022716288	0.0	0.374093765104	0.563073948768	0.576607056549	0.819236346061	0.577090381827	0.535524407927	0.507974867086	0.469308844853	0.484775253746	0.566940550991	0.553407443209	0.551474142098	0.594006766554	0.802319961334	0.748670855486	0.624456259062	0.636056065732	0.633639439343	0.722571290478	0.673755437409	0.698888351861	0.680038666022	0.649589173514	0.63653939101	0.611406476559	0.815853069116	0.762687288545	0.801353310778	0.786853552441	0.753987433543	0.787336877719	0.675205413243	0.6805219913	0.681488641856	0.679555340744	0.679555340744	0.774770420493	0.679555340744	0.766553890768	0.632189463509	0.749154180764
AC8	0.583856935718	0.579023682939	0.914934751087	0.62493958434	0.685838569357	0.537457709038	0.69212179797	0.510874818753	0.477525374577	0.600289995167	0.532624456259	0.631222812953	0.596423392943	0.843885935234	0.646205896568	0.582406959884	0.517158047366	0.493958434026	0.843402609957	0.654905751571	0.374093765104	0.0	0.486708554857	0.494925084582	0.839536007733	0.543740937651	0.397293378444	0.374093765104	0.433059449009	0.473658772354	0.525857902368	0.473175447076	0.479942000967	0.521991300145	0.727404543258	0.673272112131	0.549540840986	0.562107298212	0.559207346544	0.650072498792	0.601256645723	0.679555340744	0.633156114065	0.585790236829	0.575640405993	0.549057515708	0.734171097148	0.676172063799	0.734654422426	0.716771387144	0.672788786854	0.704688255196	0.59497341711	0.603673272112	0.60415659739	0.601739971	0.595456742388	0.690671822136	0.588690188497	0.69453842436	0.556307394877	0.66892218463
AD7	0.584823586274	0.586756887385	0.949734171097	0.651522474625	0.722571290478	0.537941034316	0.693571773804	0.503624939584	0.487675205413	0.609956500725	0.4398260029	0.65732237796	0.598840019333	0.879168680522	0.647172547124	0.576607056549	0.480425326245	0.492025132914	0.926051232479	0.737071048816	0.563073948768	0.486708554857	0.0	0.296761720638	0.889318511358	0.505558240696	0.422909618173	0.453842435959	0.490091831803	0.543740937651	0.501208313195	0.4813919768	0.482358627356	0.537457709038	0.741904301595	0.684388593523	0.524407926535	0.575640405993	0.566457225713	0.659255679072	0.602706621556	0.715804736588	0.672305461576	0.605606573224	0.578540357661	0.549540840986	0.747220879652	0.691638472692	0.740454325761	0.725954567424	0.681971967134	0.71532141131	0.608989850169	0.618656355727	0.616723054616	0.618656355727	0.603673272112	0.704688255196	0.604639922668	0.695988400193	0.576123731271	0.677622039633
AD8	0.596423392943	0.58337361044	0.951667472209	0.646205896568	0.700821652972	0.5186080232	0.690188496858	0.486708554857	0.488158530691	0.598356694055	0.429192846786	0.633156114065	0.597873368777	0.8796520058	0.658289028516	0.586756887385	0.475592073465	0.483325277912	0.926051232479	0.731754470759	0.576607056549	0.494925084582	0.296761720638	0.0	0.860802319961	0.4813919768	0.413726437893	0.456259062349	0.482358627356	0.534557757371	0.503141614306	0.488641855969	0.488641855969	0.531174480425	0.725471242146	0.665055582407	0.502658289029	0.564523924601	0.542290961817	0.637022716288	0.586756887385	0.721604639923	0.674722087965	0.586756887385	0.559690671822	0.540840985984	0.731754470759	0.670372160464	0.731271145481	0.710004833253	0.665538907685	0.702271628806	0.591590140164	0.606089898502	0.592073465442	0.596906718221	0.59497341711	0.686805219913	0.595456742388	0.68293861769	0.56259062349	0.664088931851
AE7	0.841469308845	0.880135331078	0.84485258579	0.787820202997	0.82648622523	0.89125181247	0.910101498308	0.891735137748	0.900918318028	0.904784920251	0.914934751087	0.84485258579	0.882551957467	0.825519574674	0.907684871919	0.851135814403	0.86805219913	0.861285645239	0.73852102465	0.734654422426	0.819236346061	0.839536007733	0.889318511358	0.860802319961	0.0	0.546640889319	0.860802319961	0.858385693572	0.761720637989	0.767037216046	0.836636056066	0.837602706622	0.894635089415	0.91203479942	0.92363460609	0.915418076365	0.921701304978	0.893185113581	0.913484775254	0.885451909135	0.904784920251	0.875302078299	0.881585306912	0.876268728855	0.936201063316	0.92363460609	0.886418559691	0.903334944418	0.903818269696	0.894635089415	0.90285161914	0.895118414693	0.892701788304	0.893668438859	0.898985016916	0.893668438859	0.900918318028	0.885935234413	0.899468342194	0.898985016916	0.910101498308	0.901884968584
AE8	0.617206379894	0.622039632673	0.894635089415	0.646205896568	0.689221846303	0.582890285162	0.677622039633	0.573707104882	0.588690188497	0.625422909618	0.596906718221	0.629772837119	0.634122764621	0.827936201063	0.698405026583	0.616239729338	0.580473658772	0.574190430159	0.830352827453	0.652489125181	0.577090381827	0.543740937651	0.505558240696	0.4813919768	0.546640889319	0.0	0.547607539874	0.543740937651	0.514258095698	0.507974867086	0.564040599323	0.549057515708	0.590140164331	0.605606573224	0.755437409377	0.710004833253	0.61333977767	0.594006766554	0.598840019333	0.669405509908	0.639922667956	0.677138714355	0.658289028516	0.62493958434	0.65055582407	0.615273078782	0.750120831319	0.702754954084	0.753987433543	0.719671338811	0.702754954084	0.739487675205	0.653455775737	0.666022232963	0.652489125181	0.641372643789	0.653455775737	0.719671338811	0.664572257129	0.69453842436	0.629289511841	0.686805219913
AF7	0.579990333494	0.554857419043	0.933784436926	0.627839536008	0.646205896568	0.497341710971	0.691155147414	0.449975833736	0.437892701788	0.59497341711	0.428709521508	0.579990333494	0.549540840986	0.860318994683	0.63653939101	0.561623972934	0.42822619623	0.445142580957	0.882551957467	0.694055099082	0.535524407927	0.397293378444	0.422909618173	0.413726437893	0.860802319961	0.547607539874	0.0	0.343160947318	0.457225712905	0.510391493475	0.479458675689	0.471242145964	0.429676172064	0.473175447076	0.681488641856	0.630256162397	0.466892218463	0.528274528758	0.504108264862	0.622039632673	0.543257612373	0.697438376027	0.653455775737	0.550507491542	0.532624456259	0.498308361527	0.670855485742	0.620589656839	0.678105364911	0.661672305462	0.616723054616	0.644272595457	0.546640889319	0.540840985984	0.544707588207	0.541807636539	0.554857419043	0.636056065732	0.556307394877	0.6389560174	0.499275012083	0.612856452392
AF8	0.555824069599	0.558724021266	0.932334461092	0.628806186564	0.681005316578	0.515708071532	0.691638472692	0.486708554857	0.462542290962	0.59255679072	0.498308361527	0.621556307395	0.577090381827	0.861285645239	0.639922667956	0.552924117931	0.488641855969	0.469308844853	0.881101981634	0.690671822136	0.507974867086	0.374093765104	0.453842435959	0.456259062349	0.858385693572	0.543740937651	0.343160947318	0.0	0.45142580957	0.499275012083	0.526341227646	0.456259062349	0.445142580957	0.506041565974	0.717254712421	0.664088931851	0.51377477042	0.541807636539	0.531657805703	0.618173030449	0.570807153214	0.685355244079	0.637989366844	0.563557274045	0.560657322378	0.53020782987	0.69453842436	0.642822619623	0.706621556307	0.686321894635	0.645239246013	0.66892218463	0.564523924601	0.560657322378	0.566457225713	0.564523924601	0.558240695988	0.659255679072	0.554374093765	0.665055582407	0.511841469309	0.631222812953
AG7	0.598356694055	0.596423392943	0.828419526341	0.53939101015	0.676655389077	0.540357660706	0.692605123248	0.503624939584	0.500724987917	0.597873368777	0.529724504592	0.626389560174	0.611406476559	0.757370710488	0.67133881102	0.579990333494	0.526824552924	0.512808119865	0.735137747704	0.519091348478	0.469308844853	0.433059449009	0.490091831803	0.482358627356	0.761720637989	0.514258095698	0.457225712905	0.45142580957	0.0	0.311261478975	0.534557757371	0.503624939584	0.504108264862	0.545674238763	0.743354277429	0.677138714355	0.531657805703	0.567907201547	0.557274045433	0.644755920735	0.603189946834	0.665055582407	0.628806186564	0.579507008217	0.596423392943	0.573223779604	0.746254229096	0.687771870469	0.735137747704	0.719188013533	0.681005316578	0.71290478492	0.601739971	0.623972933784	0.616723054616	0.609956500725	0.622522957951	0.702271628806	0.626389560174	0.693571773804	0.58337361044	0.671822136298
AG8	0.602223296278	0.601256645723	0.841952634123	0.579023682939	0.681971967134	0.563557274045	0.687288545191	0.543257612373	0.545190913485	0.607056549058	0.578540357661	0.633156114065	0.62735621073	0.75688738521	0.679072015466	0.592073465442	0.575640405993	0.564523924601	0.695021749638	0.510391493475	0.484775253746	0.473658772354	0.543740937651	0.534557757371	0.767037216046	0.507974867086	0.510391493475	0.499275012083	0.311261478975	0.0	0.56935717738	0.550507491542	0.550507491542	0.579990333494	0.758337361044	0.695505074915	0.581923634606	0.567907201547	0.566940550991	0.653455775737	0.619139681005	0.657805703238	0.63653939101	0.588690188497	0.630256162397	0.602706621556	0.751570807153	0.69212179797	0.742870952151	0.723537941034	0.686805219913	0.719188013533	0.62735621073	0.647655872402	0.633156114065	0.627839536008	0.630256162397	0.709521507975	0.642822619623	0.697921701305	0.612373127115	0.679072015466
AH7	0.596906718221	0.632672788787	0.949734171097	0.687771870469	0.70372160464	0.582890285162	0.717738037699	0.540840985984	0.556307394877	0.646689221846	0.524407926535	0.650072498792	0.636056065732	0.887868535524	0.699371677139	0.596423392943	0.503624939584	0.487675205413	0.887385210246	0.718704688255	0.566940550991	0.525857902368	0.501208313195	0.503141614306	0.836636056066	0.564040599323	0.479458675689	0.526341227646	0.534557757371	0.56935717738	0.0	0.338327694538	0.564040599323	0.603189946834	0.771387143548	0.730304494925	0.56935717738	0.641855969067	0.614306428226	0.678588690188	0.644755920735	0.752537457709	0.728854519091	0.656839052682	0.637506041566	0.61333977767	0.754470758821	0.726437892702	0.759787336878	0.73610439826	0.710971483809	0.735137747704	0.62493958434	0.6389560174	0.626389560174	0.629772837119	0.62735621073	0.722571290478	0.631222812953	0.71532141131	0.619623006283	0.707588206863
AH8	0.563073948768	0.570323827936	0.949734171097	0.635089415176	0.655389076849	0.523924601257	0.691155147414	0.491541807637	0.490575157081	0.592073465442	0.505074915418	0.60415659739	0.56259062349	0.878202029966	0.632189463509	0.553407443209	0.423876268729	0.368293861769	0.898985016916	0.720154664089	0.553407443209	0.473175447076	0.4813919768	0.488641855969	0.837602706622	0.549057515708	0.471242145964	0.456259062349	0.503624939584	0.550507491542	0.338327694538	0.0	0.494925084582	0.52779120348	0.732721121315	0.686321894635	0.53020782987	0.584823586274	0.5601739971	0.623972933784	0.594490091832	0.719671338811	0.675205413243	0.599806669889	0.577090381827	0.551957467376	0.69212179797	0.664088931851	0.710971483809	0.685355244079	0.649105848236	0.667472208797	0.562107298212	0.578540357661	0.569840502658	0.575640405993	0.574673755437	0.661188980184	0.570807153214	0.664088931851	0.553407443209	0.651039149348
AA5	0.596906718221	0.510391493475	0.948767520541	0.628322861286	0.602223296278	0.450942484292	0.626389560174	0.399226679555	0.394876752054	0.540840985984	0.431126147898	0.536491058482	0.524891251812	0.878685355244	0.555824069599	0.555824069599	0.425809569841	0.415659739004	0.918318028033	0.740454325761	0.551474142098	0.479942000967	0.482358627356	0.488641855969	0.894635089415	0.590140164331	0.429676172064	0.445142580957	0.504108264862	0.550507491542	0.564040599323	0.494925084582	0.0	0.335911068149	0.669888835186	0.599323344611	0.471725471242	0.457709038183	0.485258579024	0.557274045433	0.4813919768	0.618656355727	0.575157080715	0.469308844853	0.522957950701	0.469308844853	0.690671822136	0.639922667956	0.667955534074	0.655389076849	0.64572257129	0.672305461576	0.524891251812	0.556307394877	0.561623972934	0.549540840986	0.540840985984	0.649589173514	0.556307394877	0.629772837119	0.510391493475	0.619139681005
AA6	0.601256645723	0.524891251812	0.959400676655	0.64572257129	0.635089415176	0.472692121798	0.652972450459	0.458192363461	0.445625906235	0.563557274045	0.490575157081	0.570807153214	0.530691155147	0.882551957467	0.586273562107	0.556790720155	0.473658772354	0.470758820686	0.936201063316	0.751570807153	0.594006766554	0.521991300145	0.537457709038	0.531174480425	0.91203479942	0.605606573224	0.473175447076	0.506041565974	0.545674238763	0.579990333494	0.603189946834	0.52779120348	0.335911068149	0.0	0.667955534074	0.596423392943	0.507974867086	0.502174963751	0.493958434026	0.586273562107	0.502658289029	0.661672305462	0.616723054616	0.51619139681	0.47220879652	0.420492991783	0.693571773804	0.643305944901	0.674238762687	0.663122281295	0.641855969067	0.670855485742	0.529724504592	0.56259062349	0.565490575157	0.554374093765	0.554857419043	0.649589173514	0.559690671822	0.635572740454	0.519091348478	0.629772837119
AB5	0.738037699372	0.665055582407	0.966167230546	0.717254712421	0.619623006283	0.625906234896	0.722571290478	0.641855969067	0.660222329628	0.686805219913	0.666022232963	0.594006766554	0.662155630739	0.903818269696	0.705171580474	0.69453842436	0.687771870469	0.683905268246	0.938134364427	0.796520057999	0.802319961334	0.727404543258	0.741904301595	0.725471242146	0.92363460609	0.755437409377	0.681488641856	0.717254712421	0.743354277429	0.758337361044	0.771387143548	0.732721121315	0.669888835186	0.667955534074	0.0	0.291445142581	0.609473175447	0.650072498792	0.602223296278	0.61575640406	0.595456742388	0.743354277429	0.719188013533	0.628322861286	0.61333977767	0.611406476559	0.611406476559	0.60415659739	0.617206379894	0.59497341711	0.610439826003	0.60415659739	0.582890285162	0.596906718221	0.60657322378	0.607539874335	0.646689221846	0.584823586274	0.651039149348	0.592073465442	0.656355727405	0.597390043499
AB6	0.680038666022	0.599806669889	0.957950700822	0.667472208797	0.584340260996	0.561140647656	0.669405509908	0.574190430159	0.597873368777	0.619623006283	0.61575640406	0.52537457709	0.608023199613	0.89125181247	0.641372643789	0.635089415176	0.645239246013	0.639922667956	0.930401159981	0.754470758821	0.748670855486	0.673272112131	0.684388593523	0.665055582407	0.915418076365	0.710004833253	0.630256162397	0.664088931851	0.677138714355	0.695505074915	0.730304494925	0.686321894635	0.599323344611	0.596423392943	0.291445142581	0.0	0.554857419043	0.579990333494	0.549540840986	0.558240695988	0.543740937651	0.677138714355	0.648622522958	0.53697438376	0.557274045433	0.550024166264	0.596906718221	0.545674238763	0.589173513775	0.564040599323	0.561623972934	0.582406959884	0.521507974867	0.557274045433	0.572257129048	0.568390526825	0.596423392943	0.554857419043	0.603189946834	0.541324311261	0.618173030449	0.53939101015
AC5	0.628806186564	0.570323827936	0.969067182214	0.65055582407	0.630739487675	0.467375543741	0.668438859352	0.450942484292	0.459642339294	0.572740454326	0.433542774287	0.551474142098	0.552440792653	0.895118414693	0.632672788787	0.59255679072	0.471725471242	0.470275495408	0.947800869986	0.761720637989	0.624456259062	0.549540840986	0.524407926535	0.502658289029	0.921701304978	0.61333977767	0.466892218463	0.51377477042	0.531657805703	0.581923634606	0.56935717738	0.53020782987	0.471725471242	0.507974867086	0.609473175447	0.554857419043	0.0	0.440792653456	0.448042532624	0.586756887385	0.527307878202	0.707588206863	0.658289028516	0.540357660706	0.475592073465	0.462058965684	0.606089898502	0.555824069599	0.621072982117	0.588690188497	0.564523924601	0.587240212663	0.490575157081	0.498791686805	0.49540840986	0.496375060416	0.574673755437	0.575640405993	0.581923634606	0.553407443209	0.525857902368	0.549540840986
AC6	0.632672788787	0.5186080232	0.942484291928	0.640889318511	0.577090381827	0.500241662639	0.53697438376	0.465442242629	0.517641372644	0.476075398743	0.544707588207	0.528274528758	0.549540840986	0.864668922185	0.567423876269	0.571290478492	0.554374093765	0.54857419043	0.90285161914	0.717254712421	0.636056065732	0.562107298212	0.575640405993	0.564523924601	0.893185113581	0.594006766554	0.528274528758	0.541807636539	0.567907201547	0.567907201547	0.641855969067	0.584823586274	0.457709038183	0.502174963751	0.650072498792	0.579990333494	0.440792653456	0.0	0.517158047366	0.521507974867	0.506524891252	0.482841952634	0.436926051232	0.431126147898	0.565007249879	0.553407443209	0.682455292412	0.6389560174	0.678105364911	0.6389560174	0.64813919768	0.674722087965	0.566940550991	0.591590140164	0.585306911551	0.565973900435	0.560657322378	0.658289028516	0.579990333494	0.618173030449	0.554857419043	0.626389560174
AD6	0.626389560174	0.545190913485	0.966650555824	0.631222812953	0.575640405993	0.426292895118	0.629289511841	0.443692605123	0.46302561624	0.545674238763	0.465925567907	0.50459159014	0.531657805703	0.889318511358	0.60415659739	0.560657322378	0.488641855969	0.492025132914	0.94441759304	0.758337361044	0.633639439343	0.559207346544	0.566457225713	0.542290961817	0.913484775254	0.598840019333	0.504108264862	0.531657805703	0.557274045433	0.566940550991	0.614306428226	0.5601739971	0.485258579024	0.493958434026	0.602223296278	0.549540840986	0.448042532624	0.517158047366	0.0	0.541324311261	0.440792653456	0.69453842436	0.652489125181	0.520057999033	0.498308361527	0.468342194297	0.599323344611	0.540357660706	0.588206863219	0.567423876269	0.55099081682	0.571290478492	0.473658772354	0.485741904302	0.479458675689	0.474142097632	0.554857419043	0.557274045433	0.558724021266	0.561140647656	0.484291928468	0.531174480425
AE5	0.641855969067	0.527307878202	0.966167230546	0.626389560174	0.540840985984	0.547607539874	0.587240212663	0.544224262929	0.600289995167	0.538907684872	0.618173030449	0.511358144031	0.572740454326	0.885935234413	0.573707104882	0.575157080715	0.607056549058	0.60415659739	0.924601256646	0.742387626873	0.722571290478	0.650072498792	0.659255679072	0.637022716288	0.885451909135	0.669405509908	0.622039632673	0.618173030449	0.644755920735	0.653455775737	0.678588690188	0.623972933784	0.557274045433	0.586273562107	0.61575640406	0.558240695988	0.586756887385	0.521507974867	0.541324311261	0.0	0.356210729821	0.605123247946	0.579990333494	0.499275012083	0.632189463509	0.632672788787	0.647172547124	0.607056549058	0.630256162397	0.607056549058	0.621556307395	0.640889318511	0.53939101015	0.573707104882	0.601256645723	0.564523924601	0.554857419043	0.618656355727	0.564040599323	0.586756887385	0.572257129048	0.614789753504
AE6	0.610439826003	0.477525374577	0.966167230546	0.622039632673	0.553407443209	0.470758820686	0.585306911551	0.462542290962	0.518124697922	0.521024649589	0.532141130981	0.497341710971	0.519091348478	0.885451909135	0.556790720155	0.538424359594	0.540357660706	0.532624456259	0.940067665539	0.752537457709	0.673755437409	0.601256645723	0.602706621556	0.586756887385	0.904784920251	0.639922667956	0.543257612373	0.570807153214	0.603189946834	0.619139681005	0.644755920735	0.594490091832	0.4813919768	0.502658289029	0.595456742388	0.543740937651	0.527307878202	0.506524891252	0.440792653456	0.356210729821	0.0	0.640405993233	0.598356694055	0.477525374577	0.547607539874	0.554374093765	0.635089415176	0.583856935718	0.611406476559	0.586273562107	0.59255679072	0.618656355727	0.48380860319	0.510391493475	0.517641372644	0.49299178347	0.508941517641	0.594006766554	0.530691155147	0.567423876269	0.503141614306	0.578540357661
AF5	0.70372160464	0.619623006283	0.9212179797	0.675688738521	0.65732237796	0.668438859352	0.531174480425	0.638472692122	0.681971967134	0.58095698405	0.714354760754	0.626872885452	0.669888835186	0.853069115515	0.608506524891	0.667955534074	0.716288061866	0.716771387144	0.866602223296	0.704204929918	0.698888351861	0.679555340744	0.715804736588	0.721604639923	0.875302078299	0.677138714355	0.697438376027	0.685355244079	0.665055582407	0.657805703238	0.752537457709	0.719671338811	0.618656355727	0.661672305462	0.743354277429	0.677138714355	0.707588206863	0.482841952634	0.69453842436	0.605123247946	0.640405993233	0.0	0.277912034799	0.53939101015	0.723537941034	0.715804736588	0.772353794103	0.729337844369	0.757370710488	0.724021266312	0.729821169647	0.761237312711	0.69212179797	0.713388110198	0.726437892702	0.70372160464	0.670855485742	0.746737554374	0.676172063799	0.704204929918	0.711938134364	0.713388110198
AF6	0.681488641856	0.577573707105	0.930884485259	0.666505558241	0.634606089899	0.62735621073	0.506041565974	0.591106814886	0.641372643789	0.53939101015	0.673272112131	0.599806669889	0.628806186564	0.860318994683	0.575640405993	0.632189463509	0.673755437409	0.672305461576	0.876752054132	0.702754954084	0.680038666022	0.633156114065	0.672305461576	0.674722087965	0.881585306912	0.658289028516	0.653455775737	0.637989366844	0.628806186564	0.63653939101	0.728854519091	0.675205413243	0.575157080715	0.616723054616	0.719188013533	0.648622522958	0.658289028516	0.436926051232	0.652489125181	0.579990333494	0.598356694055	0.277912034799	0.0	0.494441759304	0.683421942968	0.673755437409	0.753020782987	0.708071532141	0.732237796037	0.702271628806	0.703238279362	0.739004349928	0.648622522958	0.672788786854	0.679555340744	0.662155630739	0.62493958434	0.719671338811	0.629772837119	0.684871918801	0.668438859352	0.688738521025
