	AA3	AA4	AB3	AB4	AC3	AC4	AD3	AD4	AE3	AE4	AF3	AF4	AG3	AG4	AH3	AH4	AA7	AA8	AB7	AB8	AC7	AC8	AD7	AD8	AE7	AE8	AF7	AF8	AG7	AG8	AH7	AH8	AA5	AA6	AB5	AB6	AC5	AC6	AD6	AE5	AE6	AF5	AF6	AG5	AH5	AH6	AA1	AA2	AB1	AB2	AC1	AC2	AD1	AD2	AE1	AE2	AF1	AF2	AG1	AG2	AH1	AH2
AA3	0.0	0.500724987917	0.933301111648	0.643305944901	0.644755920735	0.585790236829	0.663122281295	0.574190430159	0.580473658772	0.637022716288	0.615273078782	0.603189946834	0.583856935718	0.845819236346	0.658289028516	0.325277912035	0.574673755437	0.574190430159	0.860802319961	0.718704688255	0.614789753504	0.582890285162	0.600773320445	0.595456742388	0.833736104398	0.582890285162	0.574190430159	0.564040599323	0.58095698405	0.591106814886	0.587723537941	0.568873852102	0.596906718221	0.602223296278	0.752054132431	0.672788786854	0.617206379894	0.617689705172	0.603189946834	0.637506041566	0.600773320445	0.727887868536	0.700821652972	0.622039632673	0.631222812953	0.611406476559	0.681971967134	0.651522474625	0.710971483809	0.677622039633	0.655872402127	0.664088931851	0.563073948768	0.554374093765	0.573707104882	0.561140647656	0.572740454326	0.658772353794	0.600773320445	0.662638956017	0.578057032383	0.630256162397
AA4	0.500724987917	0.0	0.948284195263	0.591590140164	0.553407443209	0.484775253746	0.579990333494	0.478975350411	0.49540840986	0.526824552924	0.551474142098	0.51377477042	0.487675205413	0.853069115515	0.389560173997	0.391493475109	0.53697438376	0.541324311261	0.896085065249	0.72692121798	0.649105848236	0.584340260996	0.585306911551	0.585790236829	0.878202029966	0.61333977767	0.539874335428	0.547124214596	0.596423392943	0.605606573224	0.630256162397	0.589173513775	0.500724987917	0.526824552924	0.664088931851	0.577090381827	0.565007249879	0.500724987917	0.533591106815	0.541324311261	0.471725471242	0.649105848236	0.612373127115	0.515224746254	0.586273562107	0.572257129048	0.650072498792	0.589173513775	0.630256162397	0.600773320445	0.595456742388	0.618173030449	0.512324794587	0.516674722088	0.526824552924	0.523924601257	0.497825036249	0.626389560174	0.536007733204	0.59255679072	0.526341227646	0.559690671822
AB3	0.933301111648	0.948284195263	0.0	0.675688738521	0.917351377477	0.95360077332	0.959400676655	0.938134364427	0.932334461092	0.959400676655	0.971483808603	0.937651039149	0.967133881102	0.348960850652	0.963267278879	0.946350894152	0.973900434993	0.970033832769	0.734654422426	0.758820686322	0.891735137748	0.909134847753	0.962300628323	0.954567423876	0.848235862736	0.894151764137	0.947800869986	0.935717738038	0.852102464959	0.83325277912	0.953117448043	0.951184146931	0.960367327211	0.965683905268	0.978250362494	0.968583856936	0.975833736104	0.95601739971	0.975833736104	0.974383760271	0.974867085549	0.934267762204	0.934267762204	0.955050749154	0.978250362494	0.973900434993	0.974867085549	0.975350410826	0.974867085549	0.973417109715	0.971967133881	0.973417109715	0.975350410826	0.974867085549	0.978250362494	0.975350410826	0.974383760271	0.974383760271	0.975350410826	0.974867085549	0.975350410826	0.974383760271
AB4	0.643305944901	0.591590140164	0.675688738521	0.0	0.622522957951	0.618173030449	0.682455292412	0.620106331561	0.617206379894	0.652489125181	0.660222329628	0.631222812953	0.489608506525	0.555824069599	0.604639922668	0.598840019333	0.646689221846	0.643305944901	0.72450459159	0.581923634606	0.667955534074	0.633156114065	0.665055582407	0.65973900435	0.788786853552	0.634122764621	0.652005799903	0.641372643789	0.562107298212	0.584340260996	0.695021749638	0.655872402127	0.647172547124	0.665538907685	0.73368777187	0.670372160464	0.662155630739	0.646205896568	0.641372643789	0.642339294345	0.630739487675	0.681488641856	0.666505558241	0.639922667956	0.705171580474	0.683421942968	0.701788303528	0.666022232963	0.703238279362	0.673755437409	0.673272112131	0.667955534074	0.63653939101	0.64572257129	0.663605606573	0.648622522958	0.646689221846	0.6805219913	0.648622522958	0.672305461576	0.656355727405	0.662155630739
AC3	0.644755920735	0.553407443209	0.917351377477	0.622522957951	0.0	0.47220879652	0.630739487675	0.536491058482	0.551474142098	0.591106814886	0.601739971	0.328177863702	0.590140164331	0.827936201063	0.586273562107	0.584340260996	0.599323344611	0.598840019333	0.869502174964	0.750604156597	0.719671338811	0.674722087965	0.706138231029	0.702271628806	0.835186080232	0.668438859352	0.649105848236	0.661672305462	0.662155630739	0.674722087965	0.70130497825	0.666022232963	0.585306911551	0.61575640406	0.62493958434	0.57177380377	0.627839536008	0.560657322378	0.577090381827	0.539874335428	0.54857419043	0.652489125181	0.641855969067	0.554857419043	0.648622522958	0.633156114065	0.602706621556	0.584340260996	0.584340260996	0.581923634606	0.599323344611	0.59497341711	0.537457709038	0.561140647656	0.579507008217	0.559690671822	0.591590140164	0.582890285162	0.611406476559	0.587723537941	0.598356694055	0.580473658772
AC4	0.585790236829	0.484775253746	0.95360077332	0.618173030449	0.47220879652	0.0	0.611406476559	0.395360077332	0.401159980667	0.52779120348	0.338327694538	0.396326727888	0.494925084582	0.862735621073	0.565007249879	0.522474625423	0.465442242629	0.457709038183	0.927984533591	0.7593040116	0.587723537941	0.532624456259	0.5186080232	0.523924601257	0.890285161914	0.582890285162	0.485258579024	0.505074915418	0.533591106815	0.556790720155	0.568390526825	0.518124697922	0.440792653456	0.474142097632	0.629289511841	0.53020782987	0.452875785404	0.501208313195	0.396810053166	0.553890768487	0.482841952634	0.697921701305	0.663122281295	0.489608506525	0.501691638473	0.459159014016	0.628806186564	0.566940550991	0.590623489609	0.575640405993	0.568873852102	0.594490091832	0.473175447076	0.475108748188	0.499275012083	0.488158530691	0.532624456259	0.598840019333	0.559207346544	0.56935717738	0.474142097632	0.547124214596
AD3	0.663122281295	0.579990333494	0.959400676655	0.682455292412	0.630739487675	0.611406476559	0.0	0.51377477042	0.62735621073	0.346544224263	0.66892218463	0.605606573224	0.62493958434	0.867568873852	0.576607056549	0.635572740454	0.676655389077	0.677622039633	0.935717738038	0.770420492992	0.711938134364	0.686321894635	0.686805219913	0.681005316578	0.915418076365	0.67133881102	0.686805219913	0.683905268246	0.679072015466	0.674238762687	0.709521507975	0.681488641856	0.621072982117	0.649589173514	0.732237796037	0.643789270179	0.666022232963	0.53020782987	0.625906234896	0.568390526825	0.558240695988	0.573223779604	0.538907684872	0.547607539874	0.693571773804	0.679555340744	0.763170613823	0.700821652972	0.73368777187	0.716771387144	0.701788303528	0.727887868536	0.640889318511	0.644755920735	0.660705654906	0.657805703238	0.611889801837	0.730304494925	0.63653939101	0.711938134364	0.679072015466	0.688255195747
AD4	0.574190430159	0.478975350411	0.938134364427	0.620106331561	0.536491058482	0.395360077332	0.51377477042	0.0	0.307394876752	0.421459642339	0.429676172064	0.48622522958	0.512808119865	0.848235862736	0.569840502658	0.521024649589	0.468342194297	0.463508941518	0.92363460609	0.755437409377	0.568390526825	0.495891735138	0.496858385694	0.500241662639	0.899468342194	0.589656839053	0.458192363461	0.462058965684	0.500241662639	0.542774287095	0.547124214596	0.500241662639	0.404059932334	0.458192363461	0.652972450459	0.546640889319	0.446592556791	0.478975350411	0.420976317061	0.546640889319	0.467858869019	0.666022232963	0.623489608507	0.46302561624	0.521991300145	0.483325277912	0.657805703238	0.595940067666	0.632189463509	0.620589656839	0.605123247946	0.631706138231	0.500241662639	0.503624939584	0.522957950701	0.514741420976	0.522474625423	0.632672788787	0.551474142098	0.617689705172	0.497341710971	0.578540357661
AE3	0.580473658772	0.49540840986	0.932334461092	0.617206379894	0.551474142098	0.401159980667	0.62735621073	0.307394876752	0.0	0.531174480425	0.397293378444	0.506524891252	0.490091831803	0.849202513291	0.555824069599	0.529724504592	0.43740937651	0.436442725955	0.924117931368	0.75688738521	0.554374093765	0.478975350411	0.478975350411	0.500241662639	0.893185113581	0.589656839053	0.449492508458	0.458675688739	0.497341710971	0.541807636539	0.550024166264	0.491058482359	0.397776703722	0.448525857902	0.666022232963	0.57177380377	0.448525857902	0.510391493475	0.423876268729	0.591106814886	0.512324794587	0.703238279362	0.65973900435	0.49540840986	0.51377477042	0.475108748188	0.654905751571	0.600289995167	0.636056065732	0.622039632673	0.598356694055	0.631706138231	0.503141614306	0.513291445143	0.530691155147	0.521507974867	0.538907684872	0.63653939101	0.565490575157	0.607539874335	0.487191880135	0.575157080715
AE4	0.637022716288	0.526824552924	0.959400676655	0.652489125181	0.591106814886	0.52779120348	0.346544224263	0.421459642339	0.531174480425	0.0	0.580473658772	0.551957467376	0.56259062349	0.864668922185	0.554857419043	0.583856935718	0.592073465442	0.593040115998	0.942000966651	0.77090381827	0.661188980184	0.599806669889	0.60415659739	0.600773320445	0.917834702755	0.625906234896	0.595940067666	0.590623489609	0.599806669889	0.617689705172	0.653455775737	0.607539874335	0.537941034316	0.55775737071	0.695021749638	0.59497341711	0.579023682939	0.470758820686	0.543257612373	0.52779120348	0.490091831803	0.609473175447	0.562107298212	0.490575157081	0.612373127115	0.593040115998	0.720154664089	0.657805703238	0.691638472692	0.681488641856	0.665055582407	0.6805219913	0.583856935718	0.578540357661	0.589173513775	0.602223296278	0.56259062349	0.688738521025	0.590140164331	0.672305461576	0.591590140164	0.646689221846
AF3	0.615273078782	0.551474142098	0.971483808603	0.660222329628	0.601739971	0.338327694538	0.66892218463	0.429676172064	0.397293378444	0.580473658772	0.0	0.515708071532	0.522474625423	0.881101981634	0.620589656839	0.573707104882	0.447559207347	0.427742870952	0.955534074432	0.78927017883	0.589656839053	0.537941034316	0.438859352344	0.461092315128	0.919768003867	0.612373127115	0.432576123731	0.49540840986	0.546157564041	0.58095698405	0.525857902368	0.488641855969	0.433059449009	0.494925084582	0.67133881102	0.589173513775	0.409376510391	0.539874335428	0.434509424843	0.623489608507	0.536491058482	0.741904301595	0.706621556307	0.528274528758	0.509424842919	0.469308844853	0.665538907685	0.602706621556	0.656355727405	0.617689705172	0.603673272112	0.633156114065	0.524407926535	0.510874818753	0.533591106815	0.527307878202	0.570323827936	0.633156114065	0.595940067666	0.605606573224	0.487675205413	0.580473658772
AF4	0.603189946834	0.51377477042	0.937651039149	0.631222812953	0.328177863702	0.396326727888	0.605606573224	0.48622522958	0.506524891252	0.551957467376	0.515708071532	0.0	0.564040599323	0.84726921218	0.563073948768	0.538907684872	0.555824069599	0.553890768487	0.878685355244	0.736587723538	0.697921701305	0.644755920735	0.65973900435	0.658289028516	0.845335911068	0.628322861286	0.60657322378	0.623489608507	0.633639439343	0.650072498792	0.64572257129	0.612856452392	0.546640889319	0.581923634606	0.606089898502	0.51619139681	0.563073948768	0.536491058482	0.521991300145	0.521024649589	0.515708071532	0.652972450459	0.628322861286	0.520057999033	0.579990333494	0.563073948768	0.582406959884	0.529241179314	0.56259062349	0.540357660706	0.53939101015	0.553407443209	0.479458675689	0.503141614306	0.510874818753	0.505074915418	0.564523924601	0.551474142098	0.578540357661	0.533591106815	0.559207346544	0.525857902368
AG3	0.583856935718	0.487675205413	0.967133881102	0.489608506525	0.590140164331	0.494925084582	0.62493958434	0.512808119865	0.490091831803	0.56259062349	0.522474625423	0.564040599323	0.0	0.849202513291	0.528274528758	0.526824552924	0.485258579024	0.483325277912	0.927017883035	0.760753987434	0.644755920735	0.583856935718	0.570807153214	0.588690188497	0.885451909135	0.611406476559	0.534557757371	0.552924117931	0.588690188497	0.612373127115	0.618173030449	0.559207346544	0.502174963751	0.513291445143	0.669888835186	0.600289995167	0.535041082649	0.531174480425	0.509424842919	0.574673755437	0.511358144031	0.692605123248	0.660705654906	0.525857902368	0.572740454326	0.550024166264	0.621072982117	0.567907201547	0.639439342678	0.608506524891	0.58095698405	0.593523441276	0.500241662639	0.511841469309	0.528274528758	0.531174480425	0.534074432093	0.612373127115	0.564523924601	0.603189946834	0.49540840986	0.567423876269
AG4	0.845819236346	0.853069115515	0.348960850652	0.555824069599	0.827936201063	0.862735621073	0.867568873852	0.848235862736	0.849202513291	0.864668922185	0.881101981634	0.84726921218	0.849202513291	0.0	0.869502174964	0.849685838569	0.885935234413	0.882068632189	0.709521507975	0.679555340744	0.812953117448	0.823586273562	0.878202029966	0.87046882552	0.826002899952	0.811986466892	0.859352344128	0.850169163847	0.773320444659	0.74528757854	0.880618656356	0.867085548574	0.872402126631	0.873852102465	0.895118414693	0.879168680522	0.885451909135	0.861285645239	0.885935234413	0.882551957467	0.881101981634	0.846785886902	0.848235862736	0.864668922185	0.891735137748	0.883035282745	0.883035282745	0.881585306912	0.886418559691	0.87723537941	0.885935234413	0.882551957467	0.883035282745	0.882068632189	0.890285161914	0.886418559691	0.881585306912	0.884485258579	0.882068632189	0.8796520058	0.885935234413	0.884968583857
AH3	0.658289028516	0.389560173997	0.963267278879	0.604639922668	0.586273562107	0.565007249879	0.576607056549	0.569840502658	0.555824069599	0.554857419043	0.620589656839	0.563073948768	0.528274528758	0.869502174964	0.0	0.534557757371	0.596423392943	0.596423392943	0.931851135814	0.764620589657	0.705654905752	0.642822619623	0.634606089899	0.64572257129	0.90043499275	0.675688738521	0.641372643789	0.64572257129	0.663122281295	0.675205413243	0.69212179797	0.637506041566	0.550507491542	0.593523441276	0.71290478492	0.631706138231	0.640889318511	0.545674238763	0.605123247946	0.550024166264	0.549540840986	0.618656355727	0.577573707105	0.55775737071	0.664088931851	0.652972450459	0.702754954084	0.634606089899	0.673272112131	0.663122281295	0.642339294345	0.669405509908	0.596906718221	0.60657322378	0.608989850169	0.615273078782	0.575157080715	0.677138714355	0.576123731271	0.653455775737	0.603189946834	0.620589656839
AH4	0.325277912035	0.391493475109	0.946350894152	0.598840019333	0.584340260996	0.522474625423	0.635572740454	0.521024649589	0.529724504592	0.583856935718	0.573707104882	0.538907684872	0.526824552924	0.849685838569	0.534557757371	0.0	0.542290961817	0.544707588207	0.873852102465	0.723054615756	0.631222812953	0.573223779604	0.576123731271	0.576607056549	0.850169163847	0.60415659739	0.550024166264	0.540357660706	0.574190430159	0.600773320445	0.603189946834	0.565007249879	0.539874335428	0.555824069599	0.697438376027	0.620106331561	0.583856935718	0.564523924601	0.55099081682	0.570807153214	0.532624456259	0.689221846303	0.652005799903	0.569840502658	0.60657322378	0.583856935718	0.647172547124	0.59255679072	0.652489125181	0.61333977767	0.597390043499	0.613823102948	0.531174480425	0.521507974867	0.544224262929	0.508941517641	0.508941517641	0.614789753504	0.516674722088	0.605606573224	0.532624456259	0.568873852102
AA7	0.574673755437	0.53697438376	0.973900434993	0.646689221846	0.599323344611	0.465442242629	0.676655389077	0.468342194297	0.43740937651	0.592073465442	0.447559207347	0.555824069599	0.485258579024	0.885935234413	0.596423392943	0.542290961817	0.0	0.282745287579	0.916384726921	0.772353794103	0.586756887385	0.521991300145	0.488158530691	0.506041565974	0.87723537941	0.596423392943	0.448525857902	0.475592073465	0.538424359594	0.574673755437	0.52537457709	0.410343160947	0.420976317061	0.477525374577	0.698405026583	0.625422909618	0.477525374577	0.549540840986	0.471242145964	0.610439826003	0.532624456259	0.739487675205	0.700338327695	0.5601739971	0.551474142098	0.516674722088	0.652005799903	0.594006766554	0.652972450459	0.632189463509	0.589656839053	0.612856452392	0.500241662639	0.499275012083	0.525857902368	0.517158047366	0.532141130981	0.614789753504	0.563557274045	0.623006283229	0.49299178347	0.576123731271
AA8	0.574190430159	0.541324311261	0.970033832769	0.643305944901	0.598840019333	0.457709038183	0.677622039633	0.463508941518	0.436442725955	0.593040115998	0.427742870952	0.553890768487	0.483325277912	0.882068632189	0.596423392943	0.544707588207	0.282745287579	0.0	0.91445142581	0.774770420493	0.579023682939	0.507974867086	0.47220879652	0.487675205413	0.87046882552	0.589173513775	0.433059449009	0.471242145964	0.531657805703	0.574673755437	0.468342194297	0.366360560657	0.425809569841	0.485258579024	0.70372160464	0.631706138231	0.46302561624	0.556307394877	0.472692121798	0.616723054616	0.536491058482	0.743837602707	0.703238279362	0.555340744321	0.55099081682	0.511358144031	0.651039149348	0.591590140164	0.660222329628	0.633639439343	0.594006766554	0.610923151281	0.504108264862	0.501691638473	0.524891251812	0.519574673755	0.536491058482	0.613823102948	0.56259062349	0.623972933784	0.49299178347	0.575640405993
AB7	0.860802319961	0.896085065249	0.734654422426	0.72450459159	0.869502174964	0.927984533591	0.935717738038	0.92363460609	0.924117931368	0.942000966651	0.955534074432	0.878685355244	0.927017883035	0.709521507975	0.931851135814	0.873852102465	0.916384726921	0.91445142581	0.0	0.418559690672	0.82648622523	0.852102464959	0.939584340261	0.930401159981	0.725471242146	0.811019816336	0.898985016916	0.883035282745	0.752537457709	0.702271628806	0.878685355244	0.887385210246	0.925567907202	0.943934267762	0.944900918318	0.938617689705	0.955534074432	0.913484775254	0.950217496375	0.933301111648	0.942484291928	0.871435476075	0.871435476075	0.913968100532	0.963267278879	0.952150797487	0.922184630256	0.929917834703	0.927501208313	0.935717738038	0.927501208313	0.916868052199	0.913484775254	0.905751570807	0.913968100532	0.911068148864	0.917834702755	0.911551474142	0.924117931368	0.922184630256	0.947800869986	0.927501208313
AB8	0.718704688255	0.72692121798	0.758820686322	0.581923634606	0.750604156597	0.7593040116	0.770420492992	0.755437409377	0.75688738521	0.77090381827	0.78927017883	0.736587723538	0.760753987434	0.679555340744	0.764620589657	0.723054615756	0.772353794103	0.774770420493	0.418559690672	0.0	0.662155630739	0.685355244079	0.767520541324	0.761237312711	0.743837602707	0.660705654906	0.730787820203	0.710488158531	0.556307394877	0.52537457709	0.743354277429	0.743354277429	0.768003866602	0.778153697438	0.815853069116	0.778153697438	0.784920251329	0.744804253262	0.778637022716	0.767037216046	0.771870468826	0.737071048816	0.719671338811	0.750120831319	0.802803286612	0.788786853552	0.82165297245	0.773803769937	0.803769937168	0.784436926051	0.779603673272	0.78927017883	0.767520541324	0.760753987434	0.772837119381	0.765103914935	0.7593040116	0.791203479942	0.765587240213	0.760270662156	0.779603673272	0.773803769937
AC7	0.614789753504	0.649105848236	0.891735137748	0.667955534074	0.719671338811	0.587723537941	0.711938134364	0.568390526825	0.554374093765	0.661188980184	0.589656839053	0.697921701305	0.644755920735	0.812953117448	0.705654905752	0.631222812953	0.586756887385	0.579023682939	0.82648622523	0.662155630739	0.0	0.3610439826	0.568390526825	0.587240212663	0.82165297245	0.584823586274	0.535524407927	0.514741420976	0.48622522958	0.478975350411	0.572257129048	0.542290961817	0.564040599323	0.600289995167	0.809086515225	0.725954567424	0.623006283229	0.6389560174	0.602706621556	0.720637989367	0.65973900435	0.730787820203	0.694055099082	0.632189463509	0.647172547124	0.609473175447	0.818753020783	0.753020782987	0.802803286612	0.78927017883	0.752054132431	0.779603673272	0.679072015466	0.670855485742	0.686805219913	0.679555340744	0.668438859352	0.784920251329	0.6805219913	0.770420492992	0.623489608507	0.738037699372
AC8	0.582890285162	0.584340260996	0.909134847753	0.633156114065	0.674722087965	0.532624456259	0.686321894635	0.495891735138	0.478975350411	0.599806669889	0.537941034316	0.644755920735	0.583856935718	0.823586273562	0.642822619623	0.573223779604	0.521991300145	0.507974867086	0.852102464959	0.685355244079	0.3610439826	0.0	0.496375060416	0.510391493475	0.849685838569	0.555824069599	0.417109714838	0.389076848719	0.449492508458	0.468342194297	0.533107781537	0.484775253746	0.492025132914	0.524407926535	0.742387626873	0.65732237796	0.550507491542	0.579507008217	0.538424359594	0.658772353794	0.59255679072	0.698888351861	0.650072498792	0.569840502658	0.579507008217	0.545190913485	0.750120831319	0.683905268246	0.740454325761	0.72450459159	0.6805219913	0.708071532141	0.605606573224	0.601256645723	0.616723054616	0.614306428226	0.599323344611	0.712421459642	0.610439826003	0.710488158531	0.5601739971	0.663605606573
AD7	0.600773320445	0.585306911551	0.962300628323	0.665055582407	0.706138231029	0.5186080232	0.686805219913	0.496858385694	0.478975350411	0.60415659739	0.438859352344	0.65973900435	0.570807153214	0.878202029966	0.634606089899	0.576123731271	0.488158530691	0.47220879652	0.939584340261	0.767520541324	0.568390526825	0.496375060416	0.0	0.297728371194	0.901884968584	0.518124697922	0.40502658289	0.462542290962	0.503141614306	0.544224262929	0.505074915418	0.447075882069	0.479942000967	0.53697438376	0.753020782987	0.669888835186	0.506041565974	0.585790236829	0.528274528758	0.64572257129	0.580473658772	0.741904301595	0.704204929918	0.594490091832	0.577090381827	0.541807636539	0.743354277429	0.681971967134	0.743837602707	0.719188013533	0.670855485742	0.701788303528	0.600773320445	0.596423392943	0.608023199613	0.605606573224	0.587240212663	0.708071532141	0.599806669889	0.702754954084	0.554857419043	0.656355727405
AD8	0.595456742388	0.585790236829	0.954567423876	0.65973900435	0.702271628806	0.523924601257	0.681005316578	0.500241662639	0.500241662639	0.600773320445	0.461092315128	0.658289028516	0.588690188497	0.87046882552	0.64572257129	0.576607056549	0.506041565974	0.487675205413	0.930401159981	0.761237312711	0.587240212663	0.510391493475	0.297728371194	0.0	0.868535524408	0.485741904302	0.420009666506	0.472692121798	0.494925084582	0.532141130981	0.501691638473	0.47220879652	0.509424842919	0.550024166264	0.751570807153	0.666022232963	0.496375060416	0.586273562107	0.537457709038	0.644272595457	0.589656839053	0.742387626873	0.701788303528	0.589656839053	0.582406959884	0.544707588207	0.744320927985	0.685355244079	0.746254229096	0.720637989367	0.671822136298	0.702271628806	0.60415659739	0.594006766554	0.602706621556	0.60415659739	0.59497341711	0.711938134364	0.615273078782	0.700338327695	0.571290478492	0.652005799903
AE7	0.833736104398	0.878202029966	0.848235862736	0.788786853552	0.835186080232	0.890285161914	0.915418076365	0.899468342194	0.893185113581	0.917834702755	0.919768003867	0.845335911068	0.885451909135	0.826002899952	0.90043499275	0.850169163847	0.87723537941	0.87046882552	0.725471242146	0.743837602707	0.82165297245	0.849685838569	0.901884968584	0.868535524408	0.0	0.558240695988	0.876268728855	0.863218946351	0.775737071049	0.766070565491	0.839536007733	0.843885935234	0.899468342194	0.916868052199	0.930884485259	0.923151280812	0.916384726921	0.898501691638	0.912518124698	0.882068632189	0.908651522475	0.883035282745	0.878202029966	0.886418559691	0.944900918318	0.925084581924	0.890768487192	0.90961817303	0.914934751087	0.899951667472	0.906234896085	0.90043499275	0.891735137748	0.889801836636	0.904301594973	0.894151764137	0.903818269696	0.89125181247	0.905751570807	0.898018366361	0.915418076365	0.908168197197
AE8	0.582890285162	0.61333977767	0.894151764137	0.634122764621	0.668438859352	0.582890285162	0.67133881102	0.589656839053	0.589656839053	0.625906234896	0.612373127115	0.628322861286	0.611406476559	0.811986466892	0.675688738521	0.60415659739	0.596423392943	0.589173513775	0.811019816336	0.660705654906	0.584823586274	0.555824069599	0.518124697922	0.485741904302	0.558240695988	0.0	0.567907201547	0.558240695988	0.520057999033	0.510391493475	0.568390526825	0.551957467376	0.599323344611	0.611406476559	0.765103914935	0.693571773804	0.616723054616	0.600289995167	0.61333977767	0.64813919768	0.622039632673	0.700821652972	0.667955534074	0.594490091832	0.637989366844	0.623006283229	0.753504108265	0.698405026583	0.751570807153	0.720154664089	0.683421942968	0.718704688255	0.625422909618	0.616239729338	0.63653939101	0.6389560174	0.626389560174	0.71532141131	0.653939101015	0.699371677139	0.607056549058	0.675205413243
AF7	0.574190430159	0.539874335428	0.947800869986	0.652005799903	0.649105848236	0.485258579024	0.686805219913	0.458192363461	0.449492508458	0.595940067666	0.432576123731	0.60657322378	0.534557757371	0.859352344128	0.641372643789	0.550024166264	0.448525857902	0.433059449009	0.898985016916	0.730787820203	0.535524407927	0.417109714838	0.40502658289	0.420009666506	0.876268728855	0.567907201547	0.0	0.318511358144	0.478008699855	0.518124697922	0.4813919768	0.450942484292	0.435959400677	0.49540840986	0.707104881585	0.628806186564	0.464958917351	0.551474142098	0.485258579024	0.616723054616	0.539874335428	0.724987916868	0.681488641856	0.545674238763	0.54857419043	0.514741420976	0.678588690188	0.623972933784	0.695988400193	0.674238762687	0.618173030449	0.645239246013	0.546157564041	0.545674238763	0.55775737071	0.554374093765	0.550024166264	0.649589173514	0.568873852102	0.655872402127	0.496375060416	0.608023199613
AF8	0.564040599323	0.547124214596	0.935717738038	0.641372643789	0.661672305462	0.505074915418	0.683905268246	0.462058965684	0.458675688739	0.590623489609	0.49540840986	0.623489608507	0.552924117931	0.850169163847	0.64572257129	0.540357660706	0.475592073465	0.471242145964	0.883035282745	0.710488158531	0.514741420976	0.389076848719	0.462542290962	0.472692121798	0.863218946351	0.558240695988	0.318511358144	0.0	0.453842435959	0.49299178347	0.511358144031	0.456742387627	0.446109231513	0.501691638473	0.71290478492	0.636056065732	0.493958434026	0.546157564041	0.504108264862	0.605606573224	0.548090865152	0.708071532141	0.660705654906	0.546157564041	0.552440792653	0.522957950701	0.691155147414	0.634606089899	0.702754954084	0.681005316578	0.633639439343	0.657805703238	0.556790720155	0.55099081682	0.564523924601	0.562107298212	0.556307394877	0.662638956017	0.573223779604	0.664088931851	0.510391493475	0.616239729338
AG7	0.58095698405	0.596423392943	0.852102464959	0.562107298212	0.662155630739	0.533591106815	0.679072015466	0.500241662639	0.497341710971	0.599806669889	0.546157564041	0.633639439343	0.588690188497	0.773320444659	0.663122281295	0.574190430159	0.538424359594	0.531657805703	0.752537457709	0.556307394877	0.48622522958	0.449492508458	0.503141614306	0.494925084582	0.775737071049	0.520057999033	0.478008699855	0.453842435959	0.0	0.322861285645	0.545190913485	0.510391493475	0.520541324311	0.565973900435	0.74528757854	0.661188980184	0.541324311261	0.565490575157	0.545190913485	0.634122764621	0.590140164331	0.684388593523	0.635572740454	0.564040599323	0.603189946834	0.570323827936	0.742387626873	0.675205413243	0.734171097148	0.713871435476	0.669888835186	0.702754954084	0.598840019333	0.599806669889	0.614306428226	0.609956500725	0.608506524891	0.708554857419	0.634606089899	0.695505074915	0.584823586274	0.645239246013
AG8	0.591106814886	0.605606573224	0.83325277912	0.584340260996	0.674722087965	0.556790720155	0.674238762687	0.542774287095	0.541807636539	0.617689705172	0.58095698405	0.650072498792	0.612373127115	0.74528757854	0.675205413243	0.600773320445	0.574673755437	0.574673755437	0.702271628806	0.52537457709	0.478975350411	0.468342194297	0.544224262929	0.532141130981	0.766070565491	0.510391493475	0.518124697922	0.49299178347	0.322861285645	0.0	0.566457225713	0.537941034316	0.562107298212	0.586756887385	0.767520541324	0.680038666022	0.578057032383	0.579023682939	0.577573707105	0.660222329628	0.607539874335	0.68293861769	0.645239246013	0.582406959884	0.628806186564	0.595940067666	0.759787336878	0.696955050749	0.745770903818	0.73368777187	0.691155147414	0.713871435476	0.630256162397	0.619623006283	0.632672788787	0.636056065732	0.62735621073	0.725954567424	0.654422426293	0.707588206863	0.60657322378	0.670372160464
AH7	0.587723537941	0.630256162397	0.953117448043	0.695021749638	0.70130497825	0.568390526825	0.709521507975	0.547124214596	0.550024166264	0.653455775737	0.525857902368	0.64572257129	0.618173030449	0.880618656356	0.69212179797	0.603189946834	0.52537457709	0.468342194297	0.878685355244	0.743354277429	0.572257129048	0.533107781537	0.505074915418	0.501691638473	0.839536007733	0.568390526825	0.4813919768	0.511358144031	0.545190913485	0.566457225713	0.0	0.334461092315	0.5601739971	0.61333977767	0.78250362494	0.717254712421	0.554374093765	0.649105848236	0.593040115998	0.676172063799	0.639922667956	0.776703721605	0.747220879652	0.640889318511	0.641372643789	0.609473175447	0.761720637989	0.716771387144	0.765587240213	0.73610439826	0.707588206863	0.728854519091	0.623972933784	0.619623006283	0.627839536008	0.635089415176	0.628322861286	0.734171097148	0.642339294345	0.712421459642	0.610923151281	0.692605123248
AH8	0.568873852102	0.589173513775	0.951184146931	0.655872402127	0.666022232963	0.518124697922	0.681488641856	0.500241662639	0.491058482359	0.607539874335	0.488641855969	0.612856452392	0.559207346544	0.867085548574	0.637506041566	0.565007249879	0.410343160947	0.366360560657	0.887385210246	0.743354277429	0.542290961817	0.484775253746	0.447075882069	0.47220879652	0.843885935234	0.551957467376	0.450942484292	0.456742387627	0.510391493475	0.537941034316	0.334461092315	0.0	0.488641855969	0.550024166264	0.757370710488	0.679555340744	0.515224746254	0.593040115998	0.533591106815	0.631706138231	0.587723537941	0.740454325761	0.699371677139	0.591106814886	0.603189946834	0.563073948768	0.716288061866	0.664572257129	0.723054615756	0.695021749638	0.656355727405	0.672788786854	0.573223779604	0.567423876269	0.586756887385	0.579990333494	0.576607056549	0.676172063799	0.585790236829	0.671822136298	0.555340744321	0.640405993233
AA5	0.596906718221	0.500724987917	0.960367327211	0.647172547124	0.585306911551	0.440792653456	0.621072982117	0.404059932334	0.397776703722	0.537941034316	0.433059449009	0.546640889319	0.502174963751	0.872402126631	0.550507491542	0.539874335428	0.420976317061	0.425809569841	0.925567907202	0.768003866602	0.564040599323	0.492025132914	0.479942000967	0.509424842919	0.899468342194	0.599323344611	0.435959400677	0.446109231513	0.520541324311	0.562107298212	0.5601739971	0.488641855969	0.0	0.341710971484	0.678588690188	0.565007249879	0.464958917351	0.458675688739	0.44224262929	0.553407443209	0.465925567907	0.646205896568	0.609473175447	0.456259062349	0.529241179314	0.478975350411	0.690671822136	0.633156114065	0.663605606573	0.652972450459	0.638472692122	0.666988883519	0.521507974867	0.538424359594	0.566457225713	0.547124214596	0.533591106815	0.665538907685	0.568873852102	0.637506041566	0.499275012083	0.609473175447
AA6	0.602223296278	0.526824552924	0.965683905268	0.665538907685	0.61575640406	0.474142097632	0.649589173514	0.458192363461	0.448525857902	0.55775737071	0.494925084582	0.581923634606	0.513291445143	0.873852102465	0.593523441276	0.555824069599	0.477525374577	0.485258579024	0.943934267762	0.778153697438	0.600289995167	0.524407926535	0.53697438376	0.550024166264	0.916868052199	0.611406476559	0.49540840986	0.501691638473	0.565973900435	0.586756887385	0.61333977767	0.550024166264	0.341710971484	0.0	0.672788786854	0.564523924601	0.512808119865	0.498791686805	0.47220879652	0.588690188497	0.504108264862	0.686805219913	0.639922667956	0.498308361527	0.463508941518	0.425809569841	0.685838569357	0.628322861286	0.670372160464	0.652489125181	0.626872885452	0.65732237796	0.52537457709	0.534557757371	0.560657322378	0.546640889319	0.543740937651	0.653939101015	0.576607056549	0.634606089899	0.517641372644	0.605123247946
AB5	0.752054132431	0.664088931851	0.978250362494	0.73368777187	0.62493958434	0.629289511841	0.732237796037	0.652972450459	0.666022232963	0.695021749638	0.67133881102	0.606089898502	0.669888835186	0.895118414693	0.71290478492	0.697438376027	0.698405026583	0.70372160464	0.944900918318	0.815853069116	0.809086515225	0.742387626873	0.753020782987	0.751570807153	0.930884485259	0.765103914935	0.707104881585	0.71290478492	0.74528757854	0.767520541324	0.78250362494	0.757370710488	0.678588690188	0.672788786854	0.0	0.3194780087	0.630256162397	0.670855485742	0.617206379894	0.634606089899	0.632189463509	0.745770903818	0.739004349928	0.641855969067	0.620106331561	0.612373127115	0.607056549058	0.595456742388	0.610439826003	0.595456742388	0.608023199613	0.603673272112	0.596906718221	0.620106331561	0.60657322378	0.618173030449	0.659255679072	0.584340260996	0.67133881102	0.597873368777	0.669405509908	0.603189946834
AB6	0.672788786854	0.577090381827	0.968583856936	0.670372160464	0.57177380377	0.53020782987	0.643789270179	0.546640889319	0.57177380377	0.59497341711	0.589173513775	0.51619139681	0.600289995167	0.879168680522	0.631706138231	0.620106331561	0.625422909618	0.631706138231	0.938617689705	0.778153697438	0.725954567424	0.65732237796	0.669888835186	0.666022232963	0.923151280812	0.693571773804	0.628806186564	0.636056065732	0.661188980184	0.680038666022	0.717254712421	0.679555340744	0.565007249879	0.564523924601	0.3194780087	0.0	0.557274045433	0.569840502658	0.546640889319	0.537941034316	0.539874335428	0.681005316578	0.644272595457	0.521507974867	0.546640889319	0.528274528758	0.611406476559	0.544707588207	0.586756887385	0.574673755437	0.564523924601	0.579507008217	0.517641372644	0.554374093765	0.550507491542	0.550024166264	0.573707104882	0.575157080715	0.589656839053	0.560657322378	0.605123247946	0.549540840986
AC5	0.617206379894	0.565007249879	0.975833736104	0.662155630739	0.627839536008	0.452875785404	0.666022232963	0.446592556791	0.448525857902	0.579023682939	0.409376510391	0.563073948768	0.535041082649	0.885451909135	0.640889318511	0.583856935718	0.477525374577	0.46302561624	0.955534074432	0.784920251329	0.623006283229	0.550507491542	0.506041565974	0.496375060416	0.916384726921	0.616723054616	0.464958917351	0.493958434026	0.541324311261	0.578057032383	0.554374093765	0.515224746254	0.464958917351	0.512808119865	0.630256162397	0.557274045433	0.0	0.450942484292	0.440309328178	0.586756887385	0.529724504592	0.73368777187	0.682455292412	0.523441275979	0.491541807637	0.458675688739	0.616723054616	0.568390526825	0.632672788787	0.593523441276	0.566457225713	0.591590140164	0.492508458192	0.493475108748	0.508458192363	0.496375060416	0.567423876269	0.591590140164	0.597873368777	0.572740454326	0.51377477042	0.544707588207
AC6	0.617689705172	0.500724987917	0.95601739971	0.646205896568	0.560657322378	0.501208313195	0.53020782987	0.478975350411	0.510391493475	0.470758820686	0.539874335428	0.536491058482	0.531174480425	0.861285645239	0.545674238763	0.564523924601	0.549540840986	0.556307394877	0.913484775254	0.744804253262	0.6389560174	0.579507008217	0.585790236829	0.586273562107	0.898501691638	0.600289995167	0.551474142098	0.546157564041	0.565490575157	0.579023682939	0.649105848236	0.593040115998	0.458675688739	0.498791686805	0.670855485742	0.569840502658	0.450942484292	0.0	0.514258095698	0.51619139681	0.484775253746	0.508941517641	0.463508941518	0.412276462059	0.567423876269	0.541807636539	0.674238762687	0.628322861286	0.649105848236	0.633639439343	0.632189463509	0.661188980184	0.545190913485	0.558724021266	0.575157080715	0.570323827936	0.542290961817	0.649589173514	0.586756887385	0.623489608507	0.545674238763	0.608023199613
AD6	0.603189946834	0.533591106815	0.975833736104	0.641372643789	0.577090381827	0.396810053166	0.625906234896	0.420976317061	0.423876268729	0.543257612373	0.434509424843	0.521991300145	0.509424842919	0.885935234413	0.605123247946	0.55099081682	0.471242145964	0.472692121798	0.950217496375	0.778637022716	0.602706621556	0.538424359594	0.528274528758	0.537457709038	0.912518124698	0.61333977767	0.485258579024	0.504108264862	0.545190913485	0.577573707105	0.593040115998	0.533591106815	0.44224262929	0.47220879652	0.617206379894	0.546640889319	0.440309328178	0.514258095698	0.0	0.541324311261	0.415659739004	0.716288061866	0.673272112131	0.511358144031	0.485741904302	0.447559207347	0.613823102948	0.550024166264	0.595940067666	0.567423876269	0.558240695988	0.586273562107	0.456742387627	0.456259062349	0.482841952634	0.474142097632	0.531174480425	0.582406959884	0.558240695988	0.572740454326	0.472692121798	0.534074432093
AE5	0.637506041566	0.541324311261	0.974383760271	0.642339294345	0.539874335428	0.553890768487	0.568390526825	0.546640889319	0.591106814886	0.52779120348	0.623489608507	0.521024649589	0.574673755437	0.882551957467	0.550024166264	0.570807153214	0.610439826003	0.616723054616	0.933301111648	0.767037216046	0.720637989367	0.658772353794	0.64572257129	0.644272595457	0.882068632189	0.64813919768	0.616723054616	0.605606573224	0.634122764621	0.660222329628	0.676172063799	0.631706138231	0.553407443209	0.588690188497	0.634606089899	0.537941034316	0.586756887385	0.51619139681	0.541324311261	0.0	0.357660705655	0.624456259062	0.584823586274	0.511841469309	0.630739487675	0.62493958434	0.65732237796	0.610439826003	0.639922667956	0.612856452392	0.632672788787	0.646205896568	0.544707588207	0.561140647656	0.600773320445	0.563073948768	0.549057515708	0.639922667956	0.570323827936	0.603189946834	0.581923634606	0.609473175447
AE6	0.600773320445	0.471725471242	0.974867085549	0.630739487675	0.54857419043	0.482841952634	0.558240695988	0.467858869019	0.512324794587	0.490091831803	0.536491058482	0.515708071532	0.511358144031	0.881101981634	0.549540840986	0.532624456259	0.532624456259	0.536491058482	0.942484291928	0.771870468826	0.65973900435	0.59255679072	0.580473658772	0.589656839053	0.908651522475	0.622039632673	0.539874335428	0.548090865152	0.590140164331	0.607539874335	0.639922667956	0.587723537941	0.465925567907	0.504108264862	0.632189463509	0.539874335428	0.529724504592	0.484775253746	0.415659739004	0.357660705655	0.0	0.653939101015	0.611406476559	0.486708554857	0.5601739971	0.541807636539	0.653939101015	0.593523441276	0.626872885452	0.605123247946	0.60657322378	0.627839536008	0.484291928468	0.496375060416	0.523924601257	0.515708071532	0.493475108748	0.628806186564	0.538424359594	0.599323344611	0.507974867086	0.579990333494
AF5	0.727887868536	0.649105848236	0.934267762204	0.681488641856	0.652489125181	0.697921701305	0.573223779604	0.666022232963	0.703238279362	0.609473175447	0.741904301595	0.652972450459	0.692605123248	0.846785886902	0.618656355727	0.689221846303	0.739487675205	0.743837602707	0.871435476075	0.737071048816	0.730787820203	0.698888351861	0.741904301595	0.742387626873	0.883035282745	0.700821652972	0.724987916868	0.708071532141	0.684388593523	0.68293861769	0.776703721605	0.740454325761	0.646205896568	0.686805219913	0.745770903818	0.681005316578	0.73368777187	0.508941517641	0.716288061866	0.624456259062	0.653939101015	0.0	0.288061865636	0.572257129048	0.744320927985	0.73368777187	0.770420492992	0.739971000483	0.74770420493	0.732721121315	0.760270662156	0.757370710488	0.709521507975	0.73610439826	0.74770420493	0.729337844369	0.689221846303	0.753987433543	0.703238279362	0.729821169647	0.73368777187	0.739004349928
AF6	0.700821652972	0.612373127115	0.934267762204	0.666505558241	0.641855969067	0.663122281295	0.538907684872	0.623489608507	0.65973900435	0.562107298212	0.706621556307	0.628322861286	0.660705654906	0.848235862736	0.577573707105	0.652005799903	0.700338327695	0.703238279362	0.871435476075	0.719671338811	0.694055099082	0.650072498792	0.704204929918	0.701788303528	0.878202029966	0.667955534074	0.681488641856	0.660705654906	0.635572740454	0.645239246013	0.747220879652	0.699371677139	0.609473175447	0.639922667956	0.739004349928	0.644272595457	0.682455292412	0.463508941518	0.673272112131	0.584823586274	0.611406476559	0.288061865636	0.0	0.531174480425	0.705171580474	0.693571773804	0.764137264379	0.707588206863	0.727404543258	0.714354760754	0.703238279362	0.733204446593	0.673755437409	0.689221846303	0.703238279362	0.690671822136	0.639922667956	0.730304494925	0.64813919768	0.702754954084	0.693571773804	0.69453842436
