	AA3	AA4	AB3	AB4	AC3	AC4	AD3	AD4	AE3	AE4	AF3	AF4	AG3	AG4	AH3	AH4	AA7	AA8	AB7	AB8	AC7	AC8	AD7	AD8	AE7	AE8	AF7	AF8	AG7	AG8	AH7	AH8	AA5	AA6	AB5	AB6	AC5	AC6	AD6	AE5	AE6	AF5	AF6	AG5	AH5	AH6	AA1	AA2	AB1	AB2	AC1	AC2	AD1	AD2	AE1	AE2	AF1	AF2	AG1	AG2	AH1	AH2
AA3	0.0	0.498308361527	0.938617689705	0.643305944901	0.666988883519	0.585790236829	0.666988883519	0.597390043499	0.567907201547	0.635089415176	0.615273078782	0.609956500725	0.601256645723	0.838569357177	0.650072498792	0.34267762204	0.575640405993	0.574190430159	0.855002416626	0.699855002417	0.614306428226	0.574673755437	0.594006766554	0.58337361044	0.829386176897	0.56935717738	0.578540357661	0.56935717738	0.581440309328	0.596906718221	0.588690188497	0.565490575157	0.591106814886	0.602706621556	0.752537457709	0.69453842436	0.608506524891	0.62493958434	0.597873368777	0.635089415176	0.593040115998	0.721604639923	0.704204929918	0.608989850169	0.639439342678	0.611889801837	0.693088448526	0.657805703238	0.718221362977	0.680038666022	0.656839052682	0.666022232963	0.578540357661	0.567907201547	0.558240695988	0.552924117931	0.579023682939	0.669405509908	0.592073465442	0.665055582407	0.59255679072	0.647172547124
AA4	0.498308361527	0.0	0.957950700822	0.584823586274	0.585306911551	0.489125181247	0.590623489609	0.479458675689	0.498308361527	0.510874818753	0.54857419043	0.511358144031	0.481875302078	0.851135814403	0.372160463992	0.363943934268	0.520057999033	0.52537457709	0.892701788304	0.725954567424	0.653455775737	0.58337361044	0.578057032383	0.579990333494	0.882551957467	0.625422909618	0.53939101015	0.550507491542	0.596423392943	0.616723054616	0.631706138231	0.572740454326	0.497341710971	0.514741420976	0.675205413243	0.601256645723	0.559207346544	0.520541324311	0.52779120348	0.53939101015	0.476558724021	0.651522474625	0.60415659739	0.521991300145	0.586756887385	0.559207346544	0.65732237796	0.591106814886	0.626872885452	0.605606573224	0.602706621556	0.625906234896	0.519574673755	0.518124697922	0.516674722088	0.517641372644	0.48622522958	0.61333977767	0.493475108748	0.599806669889	0.529241179314	0.579023682939
AB3	0.938617689705	0.957950700822	0.0	0.675205413243	0.923151280812	0.959884001933	0.960367327211	0.950217496375	0.939584340261	0.961817303045	0.977767037216	0.942484291928	0.971000483325	0.344127597873	0.964717254712	0.945384243596	0.97680038666	0.972933784437	0.742870952151	0.76848719188	0.896085065249	0.907201546641	0.962300628323	0.962300628323	0.852585790237	0.901401643306	0.951184146931	0.942000966651	0.84485258579	0.849202513291	0.956500724988	0.957950700822	0.960850652489	0.969067182214	0.980666988884	0.974867085549	0.97921701305	0.961817303045	0.978733687772	0.978733687772	0.978250362494	0.942967617206	0.940067665539	0.9584340261	0.981150314161	0.978250362494	0.978733687772	0.974383760271	0.973417109715	0.97680038666	0.97680038666	0.974383760271	0.979700338328	0.978250362494	0.97921701305	0.978733687772	0.977767037216	0.978250362494	0.977767037216	0.97921701305	0.977767037216	0.977767037216
AB4	0.643305944901	0.584823586274	0.675205413243	0.0	0.642339294345	0.598356694055	0.688738521025	0.605606573224	0.606089898502	0.616723054616	0.639439342678	0.603189946834	0.49299178347	0.550507491542	0.625422909618	0.590623489609	0.631222812953	0.638472692122	0.727887868536	0.573707104882	0.660705654906	0.620106331561	0.655872402127	0.652005799903	0.790720154664	0.638472692122	0.646205896568	0.6389560174	0.540357660706	0.579023682939	0.693088448526	0.649589173514	0.629772837119	0.651522474625	0.719671338811	0.671822136298	0.64813919768	0.62735621073	0.626389560174	0.631222812953	0.620106331561	0.681005316578	0.664572257129	0.624456259062	0.682455292412	0.669888835186	0.704688255196	0.654905751571	0.690188496858	0.665538907685	0.664572257129	0.668438859352	0.631222812953	0.629289511841	0.644755920735	0.633156114065	0.635572740454	0.663605606573	0.632672788787	0.652972450459	0.641372643789	0.661672305462
AC3	0.666988883519	0.585306911551	0.923151280812	0.642339294345	0.0	0.502174963751	0.640889318511	0.557274045433	0.581440309328	0.575640405993	0.62493958434	0.314644755921	0.616723054616	0.829386176897	0.628322861286	0.599323344611	0.626872885452	0.605123247946	0.872402126631	0.753020782987	0.734171097148	0.688738521025	0.723054615756	0.720637989367	0.834219429676	0.677138714355	0.663122281295	0.684871918801	0.677622039633	0.695021749638	0.707104881585	0.666022232963	0.607056549058	0.632672788787	0.621556307395	0.579507008217	0.62735621073	0.576607056549	0.579507008217	0.546157564041	0.567423876269	0.665538907685	0.657805703238	0.56259062349	0.652005799903	0.644272595457	0.608023199613	0.600773320445	0.592073465442	0.574190430159	0.60657322378	0.597873368777	0.551957467376	0.579507008217	0.58337361044	0.579990333494	0.61333977767	0.591106814886	0.616723054616	0.599323344611	0.633156114065	0.598356694055
AC4	0.585790236829	0.489125181247	0.959884001933	0.598356694055	0.502174963751	0.0	0.609473175447	0.408893185114	0.403093281779	0.521507974867	0.346060898985	0.403093281779	0.5186080232	0.862735621073	0.565490575157	0.524891251812	0.469308844853	0.464475592073	0.923151280812	0.750120831319	0.591590140164	0.533591106815	0.52537457709	0.518124697922	0.886901884969	0.570323827936	0.493958434026	0.523441275979	0.533107781537	0.574190430159	0.567907201547	0.507491541808	0.442725954567	0.468825519575	0.637989366844	0.561623972934	0.459642339294	0.503624939584	0.405993233446	0.556790720155	0.469308844853	0.689221846303	0.660705654906	0.500724987917	0.505558240696	0.466892218463	0.640889318511	0.574673755437	0.597390043499	0.575640405993	0.578540357661	0.600773320445	0.490091831803	0.488641855969	0.502174963751	0.497341710971	0.529241179314	0.587723537941	0.529724504592	0.570323827936	0.473175447076	0.55775737071
AD3	0.666988883519	0.590623489609	0.960367327211	0.688738521025	0.640889318511	0.609473175447	0.0	0.521991300145	0.639439342678	0.347994200097	0.670855485742	0.599323344611	0.649589173514	0.866602223296	0.576123731271	0.633639439343	0.676655389077	0.679555340744	0.945384243596	0.772837119381	0.714354760754	0.686321894635	0.690671822136	0.689221846303	0.920251329145	0.678588690188	0.690671822136	0.693088448526	0.687288545191	0.6805219913	0.711454809087	0.677138714355	0.630739487675	0.646205896568	0.742387626873	0.679555340744	0.670372160464	0.540840985984	0.616723054616	0.581440309328	0.580473658772	0.575157080715	0.552924117931	0.558240695988	0.699371677139	0.686805219913	0.757854035766	0.710971483809	0.736587723538	0.718704688255	0.708071532141	0.734654422426	0.661672305462	0.655872402127	0.65973900435	0.651522474625	0.632672788787	0.720637989367	0.640889318511	0.713871435476	0.684388593523	0.696955050749
AD4	0.597390043499	0.479458675689	0.950217496375	0.605606573224	0.557274045433	0.408893185114	0.521991300145	0.0	0.316094731754	0.415659739004	0.445625906235	0.489125181247	0.519091348478	0.851619139681	0.543257612373	0.528274528758	0.472692121798	0.456259062349	0.929917834703	0.756404059932	0.591106814886	0.507974867086	0.51619139681	0.516674722088	0.900918318028	0.588206863219	0.457709038183	0.48380860319	0.511358144031	0.565007249879	0.566940550991	0.514741420976	0.402609956501	0.445625906235	0.651522474625	0.574673755437	0.442725954567	0.467858869019	0.447559207347	0.55775737071	0.467375543741	0.65732237796	0.621072982117	0.488641855969	0.513291445143	0.466408893185	0.655872402127	0.597390043499	0.618173030449	0.61333977767	0.600773320445	0.62493958434	0.502658289029	0.519574673755	0.521991300145	0.525857902368	0.519091348478	0.613823102948	0.55099081682	0.608023199613	0.497341710971	0.58095698405
AE3	0.567907201547	0.498308361527	0.939584340261	0.606089898502	0.581440309328	0.403093281779	0.639439342678	0.316094731754	0.0	0.523441275979	0.387626872885	0.508458192363	0.522474625423	0.846302561624	0.569840502658	0.519091348478	0.439342677622	0.412276462059	0.922184630256	0.753987433543	0.561623972934	0.481875302078	0.459642339294	0.474142097632	0.890768487192	0.566940550991	0.417593040116	0.449975833736	0.488158530691	0.558240695988	0.528274528758	0.489608506525	0.390043499275	0.454809086515	0.670372160464	0.60657322378	0.420976317061	0.513291445143	0.444659255679	0.609956500725	0.514258095698	0.707104881585	0.670372160464	0.519091348478	0.509908168197	0.454809086515	0.664572257129	0.604639922668	0.641855969067	0.623006283229	0.609473175447	0.634122764621	0.516674722088	0.528757854036	0.531174480425	0.526341227646	0.536007733204	0.625422909618	0.554857419043	0.614306428226	0.485258579024	0.587723537941
AE4	0.635089415176	0.510874818753	0.961817303045	0.616723054616	0.575640405993	0.521507974867	0.347994200097	0.415659739004	0.523441275979	0.0	0.580473658772	0.524407926535	0.573707104882	0.862252295795	0.541324311261	0.560657322378	0.585306911551	0.58337361044	0.939584340261	0.763170613823	0.679555340744	0.619623006283	0.618656355727	0.617206379894	0.906234896085	0.63653939101	0.603189946834	0.607539874335	0.608506524891	0.623006283229	0.664572257129	0.605606573224	0.534074432093	0.564523924601	0.689221846303	0.61575640406	0.582406959884	0.464958917351	0.531657805703	0.5186080232	0.493958434026	0.589656839053	0.561140647656	0.485258579024	0.61575640406	0.600773320445	0.709038182697	0.651522474625	0.678588690188	0.659255679072	0.657805703238	0.68293861769	0.590623489609	0.581440309328	0.586756887385	0.585790236829	0.553407443209	0.66892218463	0.577090381827	0.655389076849	0.595456742388	0.639922667956
AF3	0.615273078782	0.54857419043	0.977767037216	0.639439342678	0.62493958434	0.346060898985	0.670855485742	0.445625906235	0.387626872885	0.580473658772	0.0	0.53020782987	0.55775737071	0.883035282745	0.614789753504	0.576607056549	0.46060898985	0.434992750121	0.951184146931	0.783470275495	0.599806669889	0.531657805703	0.434026099565	0.435476075399	0.920734654422	0.604639922668	0.439342677622	0.507974867086	0.529241179314	0.599323344611	0.529241179314	0.507974867086	0.434992750121	0.497825036249	0.673755437409	0.618656355727	0.427742870952	0.541324311261	0.444175930401	0.622039632673	0.534074432093	0.729821169647	0.697438376027	0.537941034316	0.516674722088	0.471242145964	0.67133881102	0.608023199613	0.655872402127	0.616239729338	0.609956500725	0.633156114065	0.537941034316	0.521507974867	0.533107781537	0.529724504592	0.566457225713	0.62735621073	0.573223779604	0.599806669889	0.489125181247	0.589656839053
AF4	0.609956500725	0.511358144031	0.942484291928	0.603189946834	0.314644755921	0.403093281779	0.599323344611	0.489125181247	0.508458192363	0.524407926535	0.53020782987	0.0	0.555340744321	0.84726921218	0.559207346544	0.532141130981	0.563557274045	0.550507491542	0.884968583857	0.724021266312	0.69453842436	0.642339294345	0.657805703238	0.65055582407	0.846302561624	0.623006283229	0.598840019333	0.620589656839	0.625906234896	0.651522474625	0.64813919768	0.604639922668	0.542290961817	0.563073948768	0.607539874335	0.523924601257	0.550024166264	0.531174480425	0.50700821653	0.502658289029	0.508458192363	0.641855969067	0.620589656839	0.506041565974	0.575157080715	0.557274045433	0.586273562107	0.53020782987	0.56259062349	0.536007733204	0.536491058482	0.559207346544	0.468825519575	0.496375060416	0.519091348478	0.519574673755	0.561140647656	0.547124214596	0.553890768487	0.537457709038	0.553890768487	0.519574673755
AG3	0.601256645723	0.481875302078	0.971000483325	0.49299178347	0.616723054616	0.5186080232	0.649589173514	0.519091348478	0.522474625423	0.573707104882	0.55775737071	0.555340744321	0.0	0.848719188014	0.533107781537	0.514258095698	0.512324794587	0.50700821653	0.926534557757	0.755920734654	0.680038666022	0.614306428226	0.597390043499	0.603673272112	0.885935234413	0.64572257129	0.540357660706	0.573707104882	0.614306428226	0.635572740454	0.643789270179	0.586273562107	0.521024649589	0.537941034316	0.677138714355	0.619623006283	0.558724021266	0.553890768487	0.542774287095	0.569840502658	0.51619139681	0.689221846303	0.653939101015	0.551474142098	0.597390043499	0.574673755437	0.649105848236	0.59497341711	0.630739487675	0.608989850169	0.596906718221	0.608023199613	0.509908168197	0.536491058482	0.550507491542	0.540357660706	0.528274528758	0.616239729338	0.543740937651	0.602223296278	0.519574673755	0.575157080715
AG4	0.838569357177	0.851135814403	0.344127597873	0.550507491542	0.829386176897	0.862735621073	0.866602223296	0.851619139681	0.846302561624	0.862252295795	0.883035282745	0.84726921218	0.848719188014	0.0	0.866118898018	0.842919284679	0.886901884969	0.883035282745	0.71532141131	0.685838569357	0.810053165781	0.81488641856	0.87046882552	0.869018849686	0.822136297728	0.811986466892	0.858385693572	0.849685838569	0.755920734654	0.754470758821	0.875302078299	0.863702271629	0.866118898018	0.873368777187	0.89125181247	0.880618656356	0.884968583857	0.858385693572	0.8796520058	0.8796520058	0.878202029966	0.848719188014	0.84485258579	0.862735621073	0.892218463026	0.883518608023	0.882551957467	0.878685355244	0.880135331078	0.878202029966	0.884968583857	0.8796520058	0.885935234413	0.880618656356	0.884485258579	0.884485258579	0.883518608023	0.883035282745	0.8796520058	0.881101981634	0.886418559691	0.886418559691
AH3	0.650072498792	0.372160463992	0.964717254712	0.625422909618	0.628322861286	0.565490575157	0.576123731271	0.543257612373	0.569840502658	0.541324311261	0.614789753504	0.559207346544	0.533107781537	0.866118898018	0.0	0.516674722088	0.587240212663	0.597390043499	0.925567907202	0.768003866602	0.695988400193	0.637022716288	0.626872885452	0.632189463509	0.904301594973	0.681488641856	0.618656355727	0.62735621073	0.654422426293	0.662155630739	0.683905268246	0.632672788787	0.547124214596	0.576123731271	0.728854519091	0.662638956017	0.628806186564	0.544707588207	0.597390043499	0.566940550991	0.554857419043	0.621072982117	0.58095698405	0.562107298212	0.656355727405	0.635572740454	0.718704688255	0.646205896568	0.666505558241	0.663122281295	0.656355727405	0.681971967134	0.587240212663	0.596423392943	0.597873368777	0.607056549058	0.567907201547	0.670855485742	0.563557274045	0.656355727405	0.603673272112	0.631222812953
AH4	0.34267762204	0.363943934268	0.945384243596	0.590623489609	0.599323344611	0.524891251812	0.633639439343	0.528274528758	0.519091348478	0.560657322378	0.576607056549	0.532141130981	0.514258095698	0.842919284679	0.516674722088	0.0	0.53020782987	0.534074432093	0.874335427743	0.709038182697	0.633639439343	0.568873852102	0.576607056549	0.570807153214	0.849685838569	0.591590140164	0.552440792653	0.547607539874	0.574673755437	0.603189946834	0.602223296278	0.555824069599	0.537457709038	0.550024166264	0.703238279362	0.63653939101	0.575157080715	0.570807153214	0.549057515708	0.570807153214	0.522957950701	0.686321894635	0.645239246013	0.556790720155	0.607056549058	0.575640405993	0.661672305462	0.60415659739	0.652005799903	0.620106331561	0.611406476559	0.628806186564	0.525857902368	0.531657805703	0.535524407927	0.522474625423	0.505074915418	0.614789753504	0.515708071532	0.611406476559	0.54857419043	0.591590140164
AA7	0.575640405993	0.520057999033	0.97680038666	0.631222812953	0.626872885452	0.469308844853	0.676655389077	0.472692121798	0.439342677622	0.585306911551	0.46060898985	0.563557274045	0.512324794587	0.886901884969	0.587240212663	0.53020782987	0.0	0.297728371194	0.912518124698	0.758337361044	0.599323344611	0.521991300145	0.49540840986	0.498791686805	0.87046882552	0.577090381827	0.446109231513	0.462058965684	0.534557757371	0.592073465442	0.524891251812	0.413726437893	0.434509424843	0.489608506525	0.71290478492	0.656355727405	0.479458675689	0.563557274045	0.48622522958	0.608023199613	0.533107781537	0.731271145481	0.696955050749	0.575640405993	0.561623972934	0.508458192363	0.670372160464	0.619139681005	0.663605606573	0.64572257129	0.600773320445	0.621556307395	0.515708071532	0.528757854036	0.531657805703	0.519574673755	0.519574673755	0.620106331561	0.541807636539	0.634122764621	0.49540840986	0.594006766554
AA8	0.574190430159	0.52537457709	0.972933784437	0.638472692122	0.605123247946	0.464475592073	0.679555340744	0.456259062349	0.412276462059	0.58337361044	0.434992750121	0.550507491542	0.50700821653	0.883035282745	0.597390043499	0.534074432093	0.297728371194	0.0	0.913484775254	0.75688738521	0.590140164331	0.514258095698	0.469308844853	0.475592073465	0.866602223296	0.565973900435	0.412276462059	0.452392460126	0.522957950701	0.586273562107	0.475108748188	0.381826969551	0.421942967617	0.477042049299	0.695505074915	0.640405993233	0.444175930401	0.549057515708	0.485258579024	0.613823102948	0.527307878202	0.732237796037	0.696955050749	0.554857419043	0.537457709038	0.48622522958	0.662155630739	0.606089898502	0.665055582407	0.634122764621	0.593040115998	0.61333977767	0.507974867086	0.514258095698	0.515708071532	0.500241662639	0.52779120348	0.614789753504	0.553890768487	0.625422909618	0.48380860319	0.581440309328
AB7	0.855002416626	0.892701788304	0.742870952151	0.727887868536	0.872402126631	0.923151280812	0.945384243596	0.929917834703	0.922184630256	0.939584340261	0.951184146931	0.884968583857	0.926534557757	0.71532141131	0.925567907202	0.874335427743	0.912518124698	0.913484775254	0.0	0.415176413726	0.807636539391	0.841952634123	0.930884485259	0.9212179797	0.727404543258	0.809569840503	0.901401643306	0.876268728855	0.739487675205	0.695505074915	0.880618656356	0.893185113581	0.920251329145	0.939101014983	0.936684388594	0.927984533591	0.949734171097	0.917351377477	0.945867568874	0.925567907202	0.930401159981	0.878202029966	0.876268728855	0.916384726921	0.960850652489	0.95360077332	0.917834702755	0.918801353311	0.929434509425	0.933301111648	0.9212179797	0.913484775254	0.908168197197	0.91445142581	0.907684871919	0.907201546641	0.918801353311	0.913484775254	0.924117931368	0.928467858869	0.95360077332	0.928951184147
AB8	0.699855002417	0.725954567424	0.76848719188	0.573707104882	0.753020782987	0.750120831319	0.772837119381	0.756404059932	0.753987433543	0.763170613823	0.783470275495	0.724021266312	0.755920734654	0.685838569357	0.768003866602	0.709038182697	0.758337361044	0.75688738521	0.415176413726	0.0	0.642822619623	0.674722087965	0.748670855486	0.735137747704	0.731271145481	0.6389560174	0.725954567424	0.698888351861	0.534074432093	0.522957950701	0.725954567424	0.728854519091	0.756404059932	0.772353794103	0.807153214113	0.762687288545	0.777187046883	0.74528757854	0.773803769937	0.753020782987	0.754954084099	0.724021266312	0.713388110198	0.741904301595	0.797003383277	0.785403576607	0.809569840503	0.752054132431	0.808603189947	0.779603673272	0.76848719188	0.779120347994	0.753987433543	0.755437409377	0.753504108265	0.752537457709	0.744320927985	0.770420492992	0.746737554374	0.763170613823	0.781053649106	0.7593040116
AC7	0.614306428226	0.653455775737	0.896085065249	0.660705654906	0.734171097148	0.591590140164	0.714354760754	0.591106814886	0.561623972934	0.679555340744	0.599806669889	0.69453842436	0.680038666022	0.810053165781	0.695988400193	0.633639439343	0.599323344611	0.590140164331	0.807636539391	0.642822619623	0.0	0.369260512325	0.573223779604	0.576607056549	0.819236346061	0.566940550991	0.566940550991	0.536491058482	0.474142097632	0.503624939584	0.575640405993	0.560657322378	0.565490575157	0.608023199613	0.811019816336	0.760270662156	0.629289511841	0.654905751571	0.615273078782	0.724987916868	0.662155630739	0.725954567424	0.708554857419	0.640405993233	0.647172547124	0.599806669889	0.82165297245	0.764137264379	0.801353310778	0.787336877719	0.756404059932	0.782020299662	0.680038666022	0.674722087965	0.681005316578	0.671822136298	0.666022232963	0.772837119381	0.673755437409	0.764620589657	0.612856452392	0.748187530208
AC8	0.574673755437	0.58337361044	0.907201546641	0.620106331561	0.688738521025	0.533591106815	0.686321894635	0.507974867086	0.481875302078	0.619623006283	0.531657805703	0.642339294345	0.614306428226	0.81488641856	0.637022716288	0.568873852102	0.521991300145	0.514258095698	0.841952634123	0.674722087965	0.369260512325	0.0	0.484775253746	0.489125181247	0.839536007733	0.537941034316	0.426292895118	0.400676655389	0.433542774287	0.491058482359	0.528274528758	0.482358627356	0.478975350411	0.533591106815	0.748670855486	0.686805219913	0.548090865152	0.587723537941	0.549057515708	0.655872402127	0.591106814886	0.692605123248	0.652005799903	0.577573707105	0.578540357661	0.53020782987	0.754470758821	0.68970517158	0.73852102465	0.722571290478	0.687288545191	0.706621556307	0.609956500725	0.60415659739	0.608989850169	0.605123247946	0.590623489609	0.701788303528	0.604639922668	0.70372160464	0.548090865152	0.675688738521
AD7	0.594006766554	0.578057032383	0.962300628323	0.655872402127	0.723054615756	0.52537457709	0.690671822136	0.51619139681	0.459642339294	0.618656355727	0.434026099565	0.657805703238	0.597390043499	0.87046882552	0.626872885452	0.576607056549	0.49540840986	0.469308844853	0.930884485259	0.748670855486	0.573223779604	0.484775253746	0.0	0.29869502175	0.888351860802	0.501208313195	0.429192846786	0.467858869019	0.505074915418	0.565490575157	0.498308361527	0.473658772354	0.480425326245	0.539874335428	0.748187530208	0.689221846303	0.506524891252	0.589656839053	0.545674238763	0.655872402127	0.585790236829	0.729821169647	0.695505074915	0.590623489609	0.576123731271	0.526824552924	0.751570807153	0.681005316578	0.733204446593	0.71290478492	0.679072015466	0.70130497825	0.611889801837	0.600289995167	0.597873368777	0.599806669889	0.584340260996	0.697438376027	0.598840019333	0.692605123248	0.550507491542	0.668438859352
AD8	0.58337361044	0.579990333494	0.962300628323	0.652005799903	0.720637989367	0.518124697922	0.689221846303	0.516674722088	0.474142097632	0.617206379894	0.435476075399	0.65055582407	0.603673272112	0.869018849686	0.632189463509	0.570807153214	0.498791686805	0.475592073465	0.9212179797	0.735137747704	0.576607056549	0.489125181247	0.29869502175	0.0	0.859835669406	0.471242145964	0.418076365394	0.459159014016	0.49299178347	0.547607539874	0.496858385694	0.476558724021	0.491058482359	0.541807636539	0.748670855486	0.685355244079	0.507491541808	0.582406959884	0.540357660706	0.651522474625	0.579507008217	0.729337844369	0.689221846303	0.583856935718	0.575640405993	0.533591106815	0.750604156597	0.683421942968	0.732237796037	0.71532141131	0.678588690188	0.702754954084	0.608023199613	0.601256645723	0.600289995167	0.597390043499	0.591106814886	0.697438376027	0.602706621556	0.69212179797	0.551474142098	0.664572257129
AE7	0.829386176897	0.882551957467	0.852585790237	0.790720154664	0.834219429676	0.886901884969	0.920251329145	0.900918318028	0.890768487192	0.906234896085	0.920734654422	0.846302561624	0.885935234413	0.822136297728	0.904301594973	0.849685838569	0.87046882552	0.866602223296	0.727404543258	0.731271145481	0.819236346061	0.839536007733	0.888351860802	0.859835669406	0.0	0.548090865152	0.8796520058	0.860318994683	0.768003866602	0.762203963267	0.837602706622	0.845819236346	0.896085065249	0.91203479942	0.926051232479	0.910584823586	0.920734654422	0.901884968584	0.913001449976	0.87723537941	0.893185113581	0.880135331078	0.882068632189	0.883518608023	0.940067665539	0.928951184147	0.890768487192	0.899468342194	0.910101498308	0.901401643306	0.901401643306	0.893185113581	0.895118414693	0.895118414693	0.896568390527	0.887868535524	0.901884968584	0.893668438859	0.904784920251	0.906718221363	0.923151280812	0.906718221363
AE8	0.56935717738	0.625422909618	0.901401643306	0.638472692122	0.677138714355	0.570323827936	0.678588690188	0.588206863219	0.566940550991	0.63653939101	0.604639922668	0.623006283229	0.64572257129	0.811986466892	0.681488641856	0.591590140164	0.577090381827	0.565973900435	0.809569840503	0.6389560174	0.566940550991	0.537941034316	0.501208313195	0.471242145964	0.548090865152	0.0	0.55775737071	0.549540840986	0.510391493475	0.50459159014	0.55099081682	0.540840985984	0.58337361044	0.601256645723	0.767037216046	0.708071532141	0.60657322378	0.610439826003	0.598356694055	0.654905751571	0.615273078782	0.705171580474	0.681005316578	0.607539874335	0.637022716288	0.612373127115	0.757854035766	0.698405026583	0.766553890768	0.724987916868	0.700338327695	0.728854519091	0.647655872402	0.627839536008	0.640405993233	0.625906234896	0.630739487675	0.717738037699	0.648622522958	0.711454809087	0.606089898502	0.684388593523
AF7	0.578540357661	0.53939101015	0.951184146931	0.646205896568	0.663122281295	0.493958434026	0.690671822136	0.457709038183	0.417593040116	0.603189946834	0.439342677622	0.598840019333	0.540357660706	0.858385693572	0.618656355727	0.552440792653	0.446109231513	0.412276462059	0.901401643306	0.725954567424	0.566940550991	0.426292895118	0.429192846786	0.418076365394	0.8796520058	0.55775737071	0.0	0.322861285645	0.480908651522	0.55099081682	0.48380860319	0.479458675689	0.417593040116	0.472692121798	0.695505074915	0.632672788787	0.452392460126	0.540840985984	0.499275012083	0.617206379894	0.533591106815	0.723537941034	0.679555340744	0.544224262929	0.531657805703	0.493958434026	0.675688738521	0.622039632673	0.676655389077	0.654905751571	0.622039632673	0.633156114065	0.542774287095	0.542774287095	0.543257612373	0.536007733204	0.538424359594	0.623972933784	0.555340744321	0.637022716288	0.480425326245	0.60415659739
AF8	0.56935717738	0.550507491542	0.942000966651	0.6389560174	0.684871918801	0.523441275979	0.693088448526	0.48380860319	0.449975833736	0.607539874335	0.507974867086	0.620589656839	0.573707104882	0.849685838569	0.62735621073	0.547607539874	0.462058965684	0.452392460126	0.876268728855	0.698888351861	0.536491058482	0.400676655389	0.467858869019	0.459159014016	0.860318994683	0.549540840986	0.322861285645	0.0	0.456259062349	0.528757854036	0.50700821653	0.468825519575	0.449492508458	0.508458192363	0.724987916868	0.665055582407	0.498308361527	0.565490575157	0.535524407927	0.623006283229	0.559207346544	0.70130497825	0.658772353794	0.561623972934	0.565490575157	0.523441275979	0.700338327695	0.645239246013	0.704204929918	0.685838569357	0.643305944901	0.65732237796	0.567423876269	0.566940550991	0.575640405993	0.567907201547	0.538424359594	0.650072498792	0.563557274045	0.673755437409	0.506041565974	0.630256162397
AG7	0.581440309328	0.596423392943	0.84485258579	0.540357660706	0.677622039633	0.533107781537	0.687288545191	0.511358144031	0.488158530691	0.608506524891	0.529241179314	0.625906234896	0.614306428226	0.755920734654	0.654422426293	0.574673755437	0.534557757371	0.522957950701	0.739487675205	0.534074432093	0.474142097632	0.433542774287	0.505074915418	0.49299178347	0.768003866602	0.510391493475	0.480908651522	0.456259062349	0.0	0.334461092315	0.542774287095	0.509908168197	0.491541807637	0.551474142098	0.754954084099	0.690188496858	0.532624456259	0.576607056549	0.549057515708	0.643789270179	0.579507008217	0.689221846303	0.637989366844	0.570323827936	0.59255679072	0.549057515708	0.753504108265	0.683905268246	0.732237796037	0.713871435476	0.683421942968	0.704688255196	0.609473175447	0.607056549058	0.609473175447	0.600289995167	0.60415659739	0.70130497825	0.623972933784	0.695021749638	0.563073948768	0.668438859352
AG8	0.596906718221	0.616723054616	0.849202513291	0.579023682939	0.695021749638	0.574190430159	0.6805219913	0.565007249879	0.558240695988	0.623006283229	0.599323344611	0.651522474625	0.635572740454	0.754470758821	0.662155630739	0.603189946834	0.592073465442	0.586273562107	0.695505074915	0.522957950701	0.503624939584	0.491058482359	0.565490575157	0.547607539874	0.762203963267	0.50459159014	0.55099081682	0.528757854036	0.334461092315	0.0	0.579990333494	0.565007249879	0.566457225713	0.603189946834	0.769937167714	0.705654905752	0.597390043499	0.586756887385	0.591590140164	0.663605606573	0.597873368777	0.688738521025	0.651039149348	0.599806669889	0.631222812953	0.608989850169	0.767520541324	0.698405026583	0.74528757854	0.723054615756	0.694055099082	0.722087965201	0.644272595457	0.634606089899	0.6389560174	0.63653939101	0.632189463509	0.714354760754	0.658772353794	0.701788303528	0.608989850169	0.681971967134
AH7	0.588690188497	0.631706138231	0.956500724988	0.693088448526	0.707104881585	0.567907201547	0.711454809087	0.566940550991	0.528274528758	0.664572257129	0.529241179314	0.64813919768	0.643789270179	0.875302078299	0.683905268246	0.602223296278	0.524891251812	0.475108748188	0.880618656356	0.725954567424	0.575640405993	0.528274528758	0.498308361527	0.496858385694	0.837602706622	0.55099081682	0.48380860319	0.50700821653	0.542774287095	0.579990333494	0.0	0.344610923151	0.563557274045	0.61333977767	0.779603673272	0.732721121315	0.553890768487	0.651039149348	0.609956500725	0.666505558241	0.622522957951	0.766070565491	0.742387626873	0.645239246013	0.63653939101	0.610439826003	0.766070565491	0.721121314645	0.765587240213	0.745770903818	0.711454809087	0.728854519091	0.630739487675	0.630739487675	0.625906234896	0.622039632673	0.624456259062	0.719671338811	0.634606089899	0.719188013533	0.601256645723	0.705171580474
AH8	0.565490575157	0.572740454326	0.957950700822	0.649589173514	0.666022232963	0.507491541808	0.677138714355	0.514741420976	0.489608506525	0.605606573224	0.507974867086	0.604639922668	0.586273562107	0.863702271629	0.632672788787	0.555824069599	0.413726437893	0.381826969551	0.893185113581	0.728854519091	0.560657322378	0.482358627356	0.473658772354	0.476558724021	0.845819236346	0.540840985984	0.479458675689	0.468825519575	0.509908168197	0.565007249879	0.344610923151	0.0	0.496858385694	0.549540840986	0.740937651039	0.688255195747	0.519091348478	0.588690188497	0.540357660706	0.616723054616	0.568390526825	0.728371193813	0.69453842436	0.587240212663	0.589173513775	0.540840985984	0.713388110198	0.663605606573	0.71290478492	0.687288545191	0.652972450459	0.666505558241	0.568390526825	0.573707104882	0.574190430159	0.561623972934	0.561623972934	0.661188980184	0.572257129048	0.668438859352	0.535524407927	0.642822619623
AA5	0.591106814886	0.497341710971	0.960850652489	0.629772837119	0.607056549058	0.442725954567	0.630739487675	0.402609956501	0.390043499275	0.534074432093	0.434992750121	0.542290961817	0.521024649589	0.866118898018	0.547124214596	0.537457709038	0.434509424843	0.421942967617	0.920251329145	0.756404059932	0.565490575157	0.478975350411	0.480425326245	0.491058482359	0.896085065249	0.58337361044	0.417593040116	0.449492508458	0.491541807637	0.566457225713	0.563557274045	0.496858385694	0.0	0.341710971484	0.68293861769	0.594490091832	0.457225712905	0.462058965684	0.46060898985	0.564523924601	0.474142097632	0.637506041566	0.595940067666	0.46302561624	0.523441275979	0.455292411793	0.691638472692	0.630256162397	0.652489125181	0.644755920735	0.635572740454	0.662638956017	0.522474625423	0.547124214596	0.551957467376	0.535524407927	0.52537457709	0.641855969067	0.546640889319	0.628806186564	0.488158530691	0.605606573224
AA6	0.602706621556	0.514741420976	0.969067182214	0.651522474625	0.632672788787	0.468825519575	0.646205896568	0.445625906235	0.454809086515	0.564523924601	0.497825036249	0.563073948768	0.537941034316	0.873368777187	0.576123731271	0.550024166264	0.489608506525	0.477042049299	0.939101014983	0.772353794103	0.608023199613	0.533591106815	0.539874335428	0.541807636539	0.91203479942	0.601256645723	0.472692121798	0.508458192363	0.551474142098	0.603189946834	0.61333977767	0.549540840986	0.341710971484	0.0	0.676655389077	0.586756887385	0.497341710971	0.490091831803	0.475592073465	0.585306911551	0.491541807637	0.674722087965	0.632672788787	0.497825036249	0.450459159014	0.404543257612	0.687288545191	0.630256162397	0.655872402127	0.646689221846	0.628322861286	0.655872402127	0.52537457709	0.540840985984	0.54857419043	0.534557757371	0.538424359594	0.640405993233	0.550024166264	0.626872885452	0.497825036249	0.608506524891
AB5	0.752537457709	0.675205413243	0.980666988884	0.719671338811	0.621556307395	0.637989366844	0.742387626873	0.651522474625	0.670372160464	0.689221846303	0.673755437409	0.607539874335	0.677138714355	0.89125181247	0.728854519091	0.703238279362	0.71290478492	0.695505074915	0.936684388594	0.807153214113	0.811019816336	0.748670855486	0.748187530208	0.748670855486	0.926051232479	0.767037216046	0.695505074915	0.724987916868	0.754954084099	0.769937167714	0.779603673272	0.740937651039	0.68293861769	0.676655389077	0.0	0.322377960367	0.623006283229	0.660705654906	0.624456259062	0.638472692122	0.623006283229	0.754954084099	0.740454325761	0.647655872402	0.637989366844	0.63653939101	0.628322861286	0.616239729338	0.637022716288	0.599323344611	0.62735621073	0.616723054616	0.611889801837	0.605123247946	0.62735621073	0.634122764621	0.66892218463	0.595456742388	0.666988883519	0.608989850169	0.673272112131	0.620589656839
AB6	0.69453842436	0.601256645723	0.974867085549	0.671822136298	0.579507008217	0.561623972934	0.679555340744	0.574673755437	0.60657322378	0.61575640406	0.618656355727	0.523924601257	0.619623006283	0.880618656356	0.662638956017	0.63653939101	0.656355727405	0.640405993233	0.927984533591	0.762687288545	0.760270662156	0.686805219913	0.689221846303	0.685355244079	0.910584823586	0.708071532141	0.632672788787	0.665055582407	0.690188496858	0.705654905752	0.732721121315	0.688255195747	0.594490091832	0.586756887385	0.322377960367	0.0	0.579990333494	0.584340260996	0.567907201547	0.569840502658	0.55099081682	0.684871918801	0.669405509908	0.554374093765	0.555824069599	0.564040599323	0.592073465442	0.534557757371	0.580473658772	0.545190913485	0.552924117931	0.565007249879	0.539874335428	0.552440792653	0.576123731271	0.579990333494	0.592073465442	0.545190913485	0.591590140164	0.537457709038	0.626872885452	0.541807636539
AC5	0.608506524891	0.559207346544	0.97921701305	0.64813919768	0.62735621073	0.459642339294	0.670372160464	0.442725954567	0.420976317061	0.582406959884	0.427742870952	0.550024166264	0.558724021266	0.884968583857	0.628806186564	0.575157080715	0.479458675689	0.444175930401	0.949734171097	0.777187046883	0.629289511841	0.548090865152	0.506524891252	0.507491541808	0.920734654422	0.60657322378	0.452392460126	0.498308361527	0.532624456259	0.597390043499	0.553890768487	0.519091348478	0.457225712905	0.497341710971	0.623006283229	0.579990333494	0.0	0.436442725955	0.444659255679	0.594490091832	0.51377477042	0.719188013533	0.668438859352	0.528757854036	0.47220879652	0.444659255679	0.618173030449	0.57177380377	0.620106331561	0.581923634606	0.570323827936	0.587723537941	0.497825036249	0.478975350411	0.499275012083	0.506524891252	0.556307394877	0.58095698405	0.575640405993	0.563073948768	0.506041565974	0.546640889319
AC6	0.62493958434	0.520541324311	0.961817303045	0.62735621073	0.576607056549	0.503624939584	0.540840985984	0.467858869019	0.513291445143	0.464958917351	0.541324311261	0.531174480425	0.553890768487	0.858385693572	0.544707588207	0.570807153214	0.563557274045	0.549057515708	0.917351377477	0.74528757854	0.654905751571	0.587723537941	0.589656839053	0.582406959884	0.901884968584	0.610439826003	0.540840985984	0.565490575157	0.576607056549	0.586756887385	0.651039149348	0.588690188497	0.462058965684	0.490091831803	0.660705654906	0.584340260996	0.436442725955	0.0	0.507974867086	0.511841469309	0.48380860319	0.500241662639	0.452392460126	0.423876268729	0.550024166264	0.530691155147	0.672305461576	0.61333977767	0.639922667956	0.622039632673	0.623006283229	0.643789270179	0.556307394877	0.553890768487	0.566940550991	0.547607539874	0.53939101015	0.630739487675	0.56259062349	0.605606573224	0.537941034316	0.597873368777
AD6	0.597873368777	0.52779120348	0.978733687772	0.626389560174	0.579507008217	0.405993233446	0.616723054616	0.447559207347	0.444659255679	0.531657805703	0.444175930401	0.50700821653	0.542774287095	0.8796520058	0.597390043499	0.549057515708	0.48622522958	0.485258579024	0.945867568874	0.773803769937	0.615273078782	0.549057515708	0.545674238763	0.540357660706	0.913001449976	0.598356694055	0.499275012083	0.535524407927	0.549057515708	0.591590140164	0.609956500725	0.540357660706	0.46060898985	0.475592073465	0.624456259062	0.567907201547	0.444659255679	0.507974867086	0.0	0.544707588207	0.414693088449	0.708071532141	0.66892218463	0.511841469309	0.480425326245	0.447075882069	0.607056549058	0.548090865152	0.595456742388	0.550024166264	0.55775737071	0.579990333494	0.478008699855	0.459642339294	0.470758820686	0.480425326245	0.531174480425	0.561623972934	0.534557757371	0.549540840986	0.463992266796	0.537941034316
AE5	0.635089415176	0.53939101015	0.978733687772	0.631222812953	0.546157564041	0.556790720155	0.581440309328	0.55775737071	0.609956500725	0.5186080232	0.622039632673	0.502658289029	0.569840502658	0.8796520058	0.566940550991	0.570807153214	0.608023199613	0.613823102948	0.925567907202	0.753020782987	0.724987916868	0.655872402127	0.655872402127	0.651522474625	0.87723537941	0.654905751571	0.617206379894	0.623006283229	0.643789270179	0.663605606573	0.666505558241	0.616723054616	0.564523924601	0.585306911551	0.638472692122	0.569840502658	0.594490091832	0.511841469309	0.544707588207	0.0	0.359110681489	0.616239729338	0.58337361044	0.507491541808	0.636056065732	0.631706138231	0.653455775737	0.605606573224	0.62735621073	0.607539874335	0.61575640406	0.637022716288	0.541324311261	0.561140647656	0.581923634606	0.545674238763	0.543740937651	0.607539874335	0.548090865152	0.598840019333	0.584823586274	0.598840019333
AE6	0.593040115998	0.476558724021	0.978250362494	0.620106331561	0.567423876269	0.469308844853	0.580473658772	0.467375543741	0.514258095698	0.493958434026	0.534074432093	0.508458192363	0.51619139681	0.878202029966	0.554857419043	0.522957950701	0.533107781537	0.527307878202	0.930401159981	0.754954084099	0.662155630739	0.591106814886	0.585790236829	0.579507008217	0.893185113581	0.615273078782	0.533591106815	0.559207346544	0.579507008217	0.597873368777	0.622522957951	0.568390526825	0.474142097632	0.491541807637	0.623006283229	0.55099081682	0.51377477042	0.48380860319	0.414693088449	0.359110681489	0.0	0.654905751571	0.611406476559	0.487191880135	0.546640889319	0.543257612373	0.643789270179	0.584823586274	0.614306428226	0.588206863219	0.59255679072	0.620589656839	0.489608506525	0.49299178347	0.50459159014	0.490091831803	0.499758337361	0.59497341711	0.51619139681	0.586756887385	0.496375060416	0.572740454326
AF5	0.721604639923	0.651522474625	0.942967617206	0.681005316578	0.665538907685	0.689221846303	0.575157080715	0.65732237796	0.707104881585	0.589656839053	0.729821169647	0.641855969067	0.689221846303	0.848719188014	0.621072982117	0.686321894635	0.731271145481	0.732237796037	0.878202029966	0.724021266312	0.725954567424	0.692605123248	0.729821169647	0.729337844369	0.880135331078	0.705171580474	0.723537941034	0.70130497825	0.689221846303	0.688738521025	0.766070565491	0.728371193813	0.637506041566	0.674722087965	0.754954084099	0.684871918801	0.719188013533	0.500241662639	0.708071532141	0.616239729338	0.654905751571	0.0	0.285161913968	0.575640405993	0.735137747704	0.721604639923	0.767520541324	0.733204446593	0.755920734654	0.730787820203	0.746737554374	0.7593040116	0.706621556307	0.724987916868	0.736587723538	0.720154664089	0.683905268246	0.746254229096	0.685838569357	0.719188013533	0.727887868536	0.729821169647
AF6	0.704204929918	0.60415659739	0.940067665539	0.664572257129	0.657805703238	0.660705654906	0.552924117931	0.621072982117	0.670372160464	0.561140647656	0.697438376027	0.620589656839	0.653939101015	0.84485258579	0.58095698405	0.645239246013	0.696955050749	0.696955050749	0.876268728855	0.713388110198	0.708554857419	0.652005799903	0.695505074915	0.689221846303	0.882068632189	0.681005316578	0.679555340744	0.658772353794	0.637989366844	0.651039149348	0.742387626873	0.69453842436	0.595940067666	0.632672788787	0.740454325761	0.669405509908	0.668438859352	0.452392460126	0.66892218463	0.58337361044	0.611406476559	0.285161913968	0.0	0.536007733204	0.700338327695	0.686805219913	0.762687288545	0.711938134364	0.735137747704	0.710971483809	0.710004833253	0.741420976317	0.670855485742	0.688738521025	0.700338327695	0.6805219913	0.644272595457	0.729337844369	0.646205896568	0.70130497825	0.68970517158	0.690671822136
