	AA3	AA4	AB3	AB4	AC3	AC4	AD3	AD4	AE3	AE4	AF3	AF4	AG3	AG4	AH3	AH4	AA7	AA8	AB7	AB8	AC7	AC8	AD7	AD8	AE7	AE8	AF7	AF8	AG7	AG8	AH7	AH8	AA5	AA6	AB5	AB6	AC5	AC6	AD6	AE5	AE6	AF5	AF6	AG5	AH5	AH6	AA1	AA2	AB1	AB2	AC1	AC2	AD1	AD2	AE1	AE2	AF1	AF2	AG1	AG2	AH1	AH2
AA3	0.0	0.492025132914	0.943934267762	0.649589173514	0.668438859352	0.581923634606	0.683421942968	0.575640405993	0.573707104882	0.630739487675	0.612856452392	0.60415659739	0.566457225713	0.862735621073	0.647172547124	0.334944417593	0.552440792653	0.559207346544	0.879168680522	0.728854519091	0.608023199613	0.558724021266	0.586756887385	0.58095698405	0.84485258579	0.584823586274	0.549057515708	0.538424359594	0.572257129048	0.586273562107	0.579990333494	0.537941034316	0.573223779604	0.583856935718	0.751087481875	0.678105364911	0.610439826003	0.621072982117	0.587723537941	0.619623006283	0.609473175447	0.708554857419	0.697921701305	0.632189463509	0.620589656839	0.600289995167	0.688255195747	0.646205896568	0.721121314645	0.670855485742	0.642822619623	0.663122281295	0.581440309328	0.556790720155	0.548090865152	0.566457225713	0.58337361044	0.658772353794	0.579507008217	0.675205413243	0.565973900435	0.651039149348
AA4	0.492025132914	0.0	0.950700821653	0.578540357661	0.56935717738	0.48622522958	0.601256645723	0.496375060416	0.507974867086	0.546157564041	0.552440792653	0.504108264862	0.474142097632	0.866602223296	0.37264378927	0.373127114548	0.53939101015	0.535041082649	0.88883518608	0.729821169647	0.650072498792	0.568390526825	0.586273562107	0.586756887385	0.871435476075	0.608989850169	0.552924117931	0.543257612373	0.585790236829	0.623489608507	0.62493958434	0.565973900435	0.509424842919	0.522474625423	0.657805703238	0.56259062349	0.569840502658	0.520057999033	0.517158047366	0.507491541808	0.484775253746	0.640405993233	0.611889801837	0.51377477042	0.58337361044	0.565973900435	0.639439342678	0.573223779604	0.626872885452	0.591106814886	0.59255679072	0.613823102948	0.511841469309	0.502658289029	0.505558240696	0.498308361527	0.491541807637	0.609956500725	0.496375060416	0.59255679072	0.51619139681	0.564523924601
AB3	0.943934267762	0.950700821653	0.0	0.665055582407	0.915901401643	0.949250845819	0.951184146931	0.949734171097	0.938134364427	0.954084098598	0.972933784437	0.93281778637	0.961817303045	0.329627839536	0.963750604157	0.937651039149	0.969550507492	0.966167230546	0.732721121315	0.746254229096	0.885935234413	0.904784920251	0.95601739971	0.95360077332	0.852102464959	0.89125181247	0.934751087482	0.934751087482	0.853069115515	0.82648622523	0.950700821653	0.951667472209	0.9584340261	0.959400676655	0.971483808603	0.964717254712	0.972450459159	0.951184146931	0.971967133881	0.971967133881	0.971000483325	0.920251329145	0.934751087482	0.946350894152	0.975350410826	0.970517158047	0.972933784437	0.969067182214	0.968100531658	0.971483808603	0.971967133881	0.971000483325	0.972450459159	0.971483808603	0.97680038666	0.972450459159	0.971483808603	0.968583856936	0.970033832769	0.971967133881	0.971483808603	0.969067182214
AB4	0.649589173514	0.578540357661	0.665055582407	0.0	0.630256162397	0.607539874335	0.691638472692	0.632672788787	0.624456259062	0.641855969067	0.646205896568	0.608506524891	0.49540840986	0.558240695988	0.61575640406	0.595456742388	0.649589173514	0.637506041566	0.724987916868	0.574190430159	0.655872402127	0.610439826003	0.662155630739	0.654905751571	0.794586756887	0.627839536008	0.646205896568	0.642339294345	0.555340744321	0.589656839053	0.696955050749	0.656355727405	0.641855969067	0.651522474625	0.731271145481	0.672788786854	0.661672305462	0.623972933784	0.634122764621	0.624456259062	0.625906234896	0.665055582407	0.666988883519	0.618173030449	0.687288545191	0.675688738521	0.698888351861	0.662155630739	0.700821652972	0.669888835186	0.671822136298	0.679555340744	0.639922667956	0.640889318511	0.658289028516	0.635572740454	0.645239246013	0.685838569357	0.640405993233	0.680038666022	0.65055582407	0.669405509908
AC3	0.668438859352	0.56935717738	0.915901401643	0.630256162397	0.0	0.480908651522	0.637989366844	0.541324311261	0.563073948768	0.602706621556	0.614306428226	0.327694538424	0.594490091832	0.831802803287	0.592073465442	0.597873368777	0.612373127115	0.605123247946	0.869985500242	0.736587723538	0.723537941034	0.652489125181	0.722087965201	0.714354760754	0.826969550507	0.681971967134	0.64572257129	0.664088931851	0.664088931851	0.697921701305	0.704204929918	0.654905751571	0.600773320445	0.621072982117	0.623006283229	0.582890285162	0.628806186564	0.575640405993	0.577090381827	0.551957467376	0.561140647656	0.660222329628	0.652489125181	0.56259062349	0.649589173514	0.641855969067	0.600289995167	0.597390043499	0.59497341711	0.57177380377	0.596423392943	0.58095698405	0.536491058482	0.572257129048	0.58337361044	0.562107298212	0.621556307395	0.577090381827	0.619139681005	0.58095698405	0.611406476559	0.591106814886
AC4	0.581923634606	0.48622522958	0.949250845819	0.607539874335	0.480908651522	0.0	0.61575640406	0.394876752054	0.390526824553	0.517158047366	0.333494441759	0.38424359594	0.49540840986	0.865152247463	0.550507491542	0.531657805703	0.475592073465	0.471725471242	0.927501208313	0.760753987434	0.577090381827	0.515224746254	0.523441275979	0.525857902368	0.884968583857	0.565007249879	0.479942000967	0.502174963751	0.522957950701	0.573223779604	0.576123731271	0.522474625423	0.431126147898	0.46060898985	0.643305944901	0.541807636539	0.471725471242	0.500241662639	0.407926534558	0.535524407927	0.474142097632	0.676172063799	0.652005799903	0.510874818753	0.502658289029	0.488641855969	0.646689221846	0.59255679072	0.604639922668	0.579023682939	0.589173513775	0.61333977767	0.498308361527	0.492508458192	0.520057999033	0.512324794587	0.539874335428	0.611889801837	0.558724021266	0.59497341711	0.456259062349	0.569840502658
AD3	0.683421942968	0.601256645723	0.951184146931	0.691638472692	0.637989366844	0.61575640406	0.0	0.521991300145	0.631222812953	0.363943934268	0.676655389077	0.595940067666	0.640889318511	0.87046882552	0.572740454326	0.642822619623	0.684388593523	0.688738521025	0.938617689705	0.781536974384	0.713871435476	0.688738521025	0.703238279362	0.693088448526	0.913484775254	0.679072015466	0.695505074915	0.685355244079	0.689221846303	0.688255195747	0.714838086032	0.686805219913	0.629772837119	0.64813919768	0.74770420493	0.654422426293	0.681971967134	0.53697438376	0.634606089899	0.585790236829	0.581440309328	0.54857419043	0.537457709038	0.541807636539	0.694055099082	0.687771870469	0.76848719188	0.707104881585	0.742870952151	0.714838086032	0.712421459642	0.741420976317	0.664572257129	0.661188980184	0.674238762687	0.665055582407	0.632672788787	0.732721121315	0.641372643789	0.721121314645	0.682455292412	0.701788303528
AD4	0.575640405993	0.496375060416	0.949734171097	0.632672788787	0.541324311261	0.394876752054	0.521991300145	0.0	0.305944900918	0.410826486225	0.418076365394	0.470275495408	0.510874818753	0.865152247463	0.53939101015	0.53939101015	0.460125664572	0.464958917351	0.947800869986	0.784436926051	0.564523924601	0.487191880135	0.503141614306	0.501691638473	0.913001449976	0.596906718221	0.452875785404	0.459159014016	0.508941517641	0.580473658772	0.560657322378	0.497825036249	0.387626872885	0.443209279845	0.649589173514	0.546640889319	0.446109231513	0.476075398743	0.417593040116	0.534074432093	0.475108748188	0.639922667956	0.617689705172	0.500241662639	0.496858385694	0.473175447076	0.65732237796	0.589173513775	0.629289511841	0.608506524891	0.602223296278	0.623006283229	0.519574673755	0.501691638473	0.506041565974	0.5186080232	0.529241179314	0.622522957951	0.555824069599	0.620589656839	0.485258579024	0.588206863219
AE3	0.573707104882	0.507974867086	0.938134364427	0.624456259062	0.563073948768	0.390526824553	0.631222812953	0.305944900918	0.0	0.512808119865	0.398260029	0.487675205413	0.495891735138	0.860802319961	0.548090865152	0.534074432093	0.433542774287	0.436926051232	0.931367810536	0.765103914935	0.542774287095	0.464475592073	0.477042049299	0.496375060416	0.897051715805	0.58337361044	0.426292895118	0.442725954567	0.493475108748	0.567907201547	0.538907684872	0.499758337361	0.380376993717	0.43740937651	0.665055582407	0.572740454326	0.449975833736	0.518124697922	0.430159497342	0.585790236829	0.520541324311	0.687771870469	0.664572257129	0.525857902368	0.503141614306	0.474142097632	0.665055582407	0.598356694055	0.634122764621	0.61575640406	0.607539874335	0.629772837119	0.523441275979	0.518124697922	0.519091348478	0.533107781537	0.549540840986	0.638472692122	0.5601739971	0.623489608507	0.473658772354	0.594006766554
AE4	0.630739487675	0.546157564041	0.954084098598	0.641855969067	0.602706621556	0.517158047366	0.363943934268	0.410826486225	0.512808119865	0.0	0.579990333494	0.541807636539	0.587240212663	0.87046882552	0.55099081682	0.579990333494	0.593523441276	0.59497341711	0.94683421943	0.781536974384	0.656355727405	0.59255679072	0.603673272112	0.593523441276	0.91445142581	0.612856452392	0.602223296278	0.591590140164	0.589173513775	0.612856452392	0.647655872402	0.594006766554	0.538424359594	0.5601739971	0.704688255196	0.605606573224	0.578057032383	0.473658772354	0.541807636539	0.533591106815	0.528274528758	0.592073465442	0.578057032383	0.510391493475	0.609956500725	0.602223296278	0.719671338811	0.653455775737	0.69453842436	0.679072015466	0.66892218463	0.688738521025	0.611406476559	0.593040115998	0.603673272112	0.611889801837	0.573707104882	0.685838569357	0.595456742388	0.691155147414	0.581923634606	0.651522474625
AF3	0.612856452392	0.552440792653	0.972933784437	0.646205896568	0.614306428226	0.333494441759	0.676655389077	0.418076365394	0.398260029	0.579990333494	0.0	0.511841469309	0.523924601257	0.887868535524	0.600289995167	0.581440309328	0.441275978734	0.436442725955	0.955534074432	0.792653455776	0.574673755437	0.521024649589	0.457225712905	0.460125664572	0.916384726921	0.602706621556	0.436926051232	0.504108264862	0.530691155147	0.600773320445	0.53020782987	0.526824552924	0.43064282262	0.492508458192	0.66892218463	0.592073465442	0.409859835669	0.549540840986	0.432092798453	0.610439826003	0.542290961817	0.723054615756	0.700821652972	0.558240695988	0.501691638473	0.485741904302	0.665538907685	0.60415659739	0.653455775737	0.611406476559	0.607539874335	0.630739487675	0.538424359594	0.510391493475	0.527307878202	0.53020782987	0.572740454326	0.634122764621	0.593040115998	0.621556307395	0.484775253746	0.589656839053
AF4	0.60415659739	0.504108264862	0.93281778637	0.608506524891	0.327694538424	0.38424359594	0.595940067666	0.470275495408	0.487675205413	0.541807636539	0.511841469309	0.0	0.534557757371	0.847752537458	0.541324311261	0.526341227646	0.549057515708	0.542290961817	0.894635089415	0.737071048816	0.675688738521	0.608023199613	0.651522474625	0.640405993233	0.844369260512	0.611406476559	0.576607056549	0.600289995167	0.606089898502	0.639922667956	0.636056065732	0.589656839053	0.532624456259	0.552924117931	0.610923151281	0.517641372644	0.553407443209	0.523441275979	0.503624939584	0.497825036249	0.497825036249	0.637506041566	0.615273078782	0.499275012083	0.565007249879	0.553890768487	0.595456742388	0.551474142098	0.581440309328	0.545190913485	0.540840985984	0.565490575157	0.473175447076	0.489125181247	0.510874818753	0.502658289029	0.55775737071	0.557274045433	0.556307394877	0.553890768487	0.544707588207	0.52779120348
AG3	0.566457225713	0.474142097632	0.961817303045	0.49540840986	0.594490091832	0.49540840986	0.640889318511	0.510874818753	0.495891735138	0.587240212663	0.523924601257	0.534557757371	0.0	0.850169163847	0.523441275979	0.52537457709	0.508458192363	0.494925084582	0.929434509425	0.764620589657	0.65055582407	0.570323827936	0.57177380377	0.577090381827	0.882551957467	0.60657322378	0.532624456259	0.546157564041	0.58095698405	0.62735621073	0.623489608507	0.555340744321	0.512808119865	0.524891251812	0.664088931851	0.589173513775	0.536491058482	0.537941034316	0.509424842919	0.55775737071	0.517158047366	0.672788786854	0.655872402127	0.533107781537	0.56935717738	0.549540840986	0.62735621073	0.575157080715	0.621556307395	0.592073465442	0.582406959884	0.597873368777	0.517641372644	0.5186080232	0.523441275979	0.511358144031	0.541324311261	0.607056549058	0.544224262929	0.60657322378	0.492025132914	0.559207346544
AG4	0.862735621073	0.866602223296	0.329627839536	0.558240695988	0.831802803287	0.865152247463	0.87046882552	0.865152247463	0.860802319961	0.87046882552	0.887868535524	0.847752537458	0.850169163847	0.0	0.878685355244	0.854035766071	0.893668438859	0.890285161914	0.702754954084	0.676172063799	0.815853069116	0.829386176897	0.8796520058	0.874335427743	0.826969550507	0.820202996617	0.859835669406	0.859835669406	0.782986950217	0.751570807153	0.883035282745	0.872885451909	0.881101981634	0.880135331078	0.901884968584	0.890768487192	0.895118414693	0.86805219913	0.886901884969	0.887868535524	0.884485258579	0.840502658289	0.852585790237	0.869018849686	0.897051715805	0.89125181247	0.88883518608	0.88883518608	0.890285161914	0.888351860802	0.893185113581	0.889318511358	0.892218463026	0.890285161914	0.896085065249	0.891735137748	0.890285161914	0.889318511358	0.890285161914	0.887868535524	0.890768487192	0.892218463026
AH3	0.647172547124	0.37264378927	0.963750604157	0.61575640406	0.592073465442	0.550507491542	0.572740454326	0.53939101015	0.548090865152	0.55099081682	0.600289995167	0.541324311261	0.523441275979	0.878685355244	0.0	0.523441275979	0.600289995167	0.601256645723	0.92363460609	0.771387143548	0.700821652972	0.627839536008	0.633156114065	0.641372643789	0.903334944418	0.676172063799	0.63653939101	0.623972933784	0.651039149348	0.683421942968	0.687288545191	0.629772837119	0.550507491542	0.579507008217	0.716771387144	0.622522957951	0.62735621073	0.523924601257	0.574673755437	0.537457709038	0.537457709038	0.596423392943	0.568390526825	0.528757854036	0.639439342678	0.623006283229	0.698888351861	0.621556307395	0.654422426293	0.642339294345	0.646205896568	0.655872402127	0.590140164331	0.593523441276	0.590623489609	0.58095698405	0.566940550991	0.664088931851	0.554374093765	0.647172547124	0.58337361044	0.616239729338
AH4	0.334944417593	0.373127114548	0.937651039149	0.595456742388	0.597873368777	0.531657805703	0.642822619623	0.53939101015	0.534074432093	0.579990333494	0.581440309328	0.526341227646	0.52537457709	0.854035766071	0.523441275979	0.0	0.552440792653	0.553407443209	0.8796520058	0.719188013533	0.634122764621	0.565973900435	0.592073465442	0.579023682939	0.84485258579	0.59497341711	0.563557274045	0.559207346544	0.57177380377	0.602223296278	0.605606573224	0.556307394877	0.552924117931	0.565490575157	0.698888351861	0.613823102948	0.594006766554	0.577090381827	0.536491058482	0.556307394877	0.543257612373	0.669888835186	0.647172547124	0.568873852102	0.610923151281	0.596423392943	0.662155630739	0.597390043499	0.656839052682	0.61575640406	0.608506524891	0.62735621073	0.535524407927	0.525857902368	0.538424359594	0.523924601257	0.524891251812	0.625906234896	0.517641372644	0.620106331561	0.541807636539	0.600289995167
AA7	0.552440792653	0.53939101015	0.969550507492	0.649589173514	0.612373127115	0.475592073465	0.684388593523	0.460125664572	0.433542774287	0.593523441276	0.441275978734	0.549057515708	0.508458192363	0.893668438859	0.600289995167	0.552440792653	0.0	0.281778637023	0.93281778637	0.774770420493	0.573707104882	0.491058482359	0.488158530691	0.484775253746	0.873368777187	0.581923634606	0.44900918318	0.463992266796	0.523441275979	0.599806669889	0.514258095698	0.434509424843	0.43064282262	0.48380860319	0.697921701305	0.634122764621	0.474142097632	0.570323827936	0.49299178347	0.594006766554	0.548090865152	0.72450459159	0.702271628806	0.581923634606	0.540840985984	0.515224746254	0.660222329628	0.616723054616	0.670372160464	0.636056065732	0.595940067666	0.619139681005	0.521507974867	0.512808119865	0.51619139681	0.518124697922	0.55099081682	0.615273078782	0.550024166264	0.641855969067	0.478008699855	0.600773320445
AA8	0.559207346544	0.535041082649	0.966167230546	0.637506041566	0.605123247946	0.471725471242	0.688738521025	0.464958917351	0.436926051232	0.59497341711	0.436442725955	0.542290961817	0.494925084582	0.890285161914	0.601256645723	0.553407443209	0.281778637023	0.0	0.925567907202	0.761720637989	0.57177380377	0.486708554857	0.486708554857	0.479942000967	0.855969067182	0.565490575157	0.439342677622	0.462542290962	0.510874818753	0.588206863219	0.479458675689	0.398260029	0.432092798453	0.485741904302	0.701788303528	0.631222812953	0.471242145964	0.569840502658	0.491541807637	0.587723537941	0.540840985984	0.728371193813	0.704688255196	0.577090381827	0.539874335428	0.516674722088	0.655389076849	0.60415659739	0.660222329628	0.622522957951	0.587723537941	0.610439826003	0.5186080232	0.507974867086	0.512808119865	0.515224746254	0.551957467376	0.611889801837	0.550024166264	0.630739487675	0.475592073465	0.590623489609
AB7	0.879168680522	0.88883518608	0.732721121315	0.724987916868	0.869985500242	0.927501208313	0.938617689705	0.947800869986	0.931367810536	0.94683421943	0.955534074432	0.894635089415	0.929434509425	0.702754954084	0.92363460609	0.8796520058	0.93281778637	0.925567907202	0.0	0.404059932334	0.823586273562	0.828419526341	0.939584340261	0.936201063316	0.743837602707	0.823586273562	0.88883518608	0.880135331078	0.754954084099	0.700821652972	0.892701788304	0.901884968584	0.927017883035	0.933301111648	0.938617689705	0.941517641373	0.951184146931	0.919768003867	0.950217496375	0.924117931368	0.941517641373	0.864185596907	0.879168680522	0.912518124698	0.960850652489	0.958917351377	0.932334461092	0.930884485259	0.942000966651	0.93523441276	0.935717738038	0.929917834703	0.919284678589	0.925084581924	0.929434509425	0.923151280812	0.928467858869	0.923151280812	0.924117931368	0.923151280812	0.951184146931	0.934267762204
AB8	0.728854519091	0.729821169647	0.746254229096	0.574190430159	0.736587723538	0.760753987434	0.781536974384	0.784436926051	0.765103914935	0.781536974384	0.792653455776	0.737071048816	0.764620589657	0.676172063799	0.771387143548	0.719188013533	0.774770420493	0.761720637989	0.404059932334	0.0	0.654905751571	0.657805703238	0.760270662156	0.757854035766	0.727404543258	0.659255679072	0.71532141131	0.705654905752	0.550507491542	0.521024649589	0.735621072982	0.735621072982	0.766070565491	0.771870468826	0.811019816336	0.78250362494	0.791203479942	0.754470758821	0.77767037216	0.7593040116	0.769937167714	0.723537941034	0.733204446593	0.74528757854	0.80328661189	0.799420009667	0.812953117448	0.76848719188	0.804253262446	0.773803769937	0.784920251329	0.785403576607	0.767520541324	0.766070565491	0.77090381827	0.766553890768	0.764137264379	0.776220396327	0.762203963267	0.771387143548	0.782020299662	0.771387143548
AC7	0.608023199613	0.650072498792	0.885935234413	0.655872402127	0.723537941034	0.577090381827	0.713871435476	0.564523924601	0.542774287095	0.656355727405	0.574673755437	0.675688738521	0.65055582407	0.815853069116	0.700821652972	0.634122764621	0.573707104882	0.57177380377	0.823586273562	0.654905751571	0.0	0.338811019816	0.553890768487	0.560657322378	0.822136297728	0.57177380377	0.515708071532	0.507974867086	0.467858869019	0.481875302078	0.557274045433	0.532624456259	0.542290961817	0.590623489609	0.810536491058	0.728854519091	0.621556307395	0.649589173514	0.602223296278	0.709038182697	0.670372160464	0.710971483809	0.69453842436	0.654905751571	0.634122764621	0.612856452392	0.817303044949	0.758337361044	0.796520057999	0.771387143548	0.750120831319	0.780570323828	0.687288545191	0.663605606573	0.666505558241	0.679072015466	0.670855485742	0.787336877719	0.674722087965	0.774770420493	0.604639922668	0.744804253262
AC8	0.558724021266	0.568390526825	0.904784920251	0.610439826003	0.652489125181	0.515224746254	0.688738521025	0.487191880135	0.464475592073	0.59255679072	0.521024649589	0.608023199613	0.570323827936	0.829386176897	0.627839536008	0.565973900435	0.491058482359	0.486708554857	0.828419526341	0.657805703238	0.338811019816	0.0	0.478492025133	0.489125181247	0.830352827453	0.534557757371	0.386176897052	0.362493958434	0.395360077332	0.467375543741	0.512808119865	0.463508941518	0.46302561624	0.512324794587	0.732721121315	0.646205896568	0.538424359594	0.578540357661	0.525857902368	0.624456259062	0.585790236829	0.676172063799	0.650072498792	0.579990333494	0.56259062349	0.535041082649	0.730787820203	0.664088931851	0.719188013533	0.694055099082	0.667472208797	0.693571773804	0.600773320445	0.582890285162	0.583856935718	0.596906718221	0.582406959884	0.698888351861	0.583856935718	0.698888351861	0.5186080232	0.662638956017
AD7	0.586756887385	0.586273562107	0.95601739971	0.662155630739	0.722087965201	0.523441275979	0.703238279362	0.503141614306	0.477042049299	0.603673272112	0.457225712905	0.651522474625	0.57177380377	0.8796520058	0.633156114065	0.592073465442	0.488158530691	0.486708554857	0.939584340261	0.760270662156	0.553890768487	0.478492025133	0.0	0.30546157564	0.898018366361	0.521024649589	0.423876268729	0.46302561624	0.502658289029	0.569840502658	0.505074915418	0.490575157081	0.479942000967	0.542774287095	0.746737554374	0.660705654906	0.500241662639	0.603189946834	0.53697438376	0.645239246013	0.614306428226	0.723537941034	0.70372160464	0.617689705172	0.570807153214	0.551474142098	0.753020782987	0.679555340744	0.739971000483	0.711454809087	0.680038666022	0.706621556307	0.625422909618	0.602706621556	0.598840019333	0.619139681005	0.595456742388	0.709038182697	0.601256645723	0.718221362977	0.54857419043	0.673272112131
AD8	0.58095698405	0.586756887385	0.95360077332	0.654905751571	0.714354760754	0.525857902368	0.693088448526	0.501691638473	0.496375060416	0.593523441276	0.460125664572	0.640405993233	0.577090381827	0.874335427743	0.641372643789	0.579023682939	0.484775253746	0.479942000967	0.936201063316	0.757854035766	0.560657322378	0.489125181247	0.30546157564	0.0	0.857902368294	0.48380860319	0.432092798453	0.479458675689	0.48380860319	0.548090865152	0.50700821653	0.496375060416	0.499275012083	0.545190913485	0.747220879652	0.662155630739	0.495891735138	0.600773320445	0.53697438376	0.634606089899	0.599806669889	0.717254712421	0.70130497825	0.609473175447	0.568390526825	0.552440792653	0.744804253262	0.674238762687	0.737554374094	0.707104881585	0.673272112131	0.698888351861	0.617206379894	0.594490091832	0.59497341711	0.610439826003	0.586756887385	0.705654905752	0.60415659739	0.711454809087	0.536491058482	0.669405509908
AE7	0.84485258579	0.871435476075	0.852102464959	0.794586756887	0.826969550507	0.884968583857	0.913484775254	0.913001449976	0.897051715805	0.91445142581	0.916384726921	0.844369260512	0.882551957467	0.826969550507	0.903334944418	0.84485258579	0.873368777187	0.855969067182	0.743837602707	0.727404543258	0.822136297728	0.830352827453	0.898018366361	0.857902368294	0.0	0.545674238763	0.860802319961	0.859835669406	0.758337361044	0.766553890768	0.836636056066	0.840019333011	0.896568390527	0.90961817303	0.921701304978	0.920734654422	0.916868052199	0.898985016916	0.919284678589	0.874818753021	0.904784920251	0.866602223296	0.880618656356	0.877718704688	0.937651039149	0.927501208313	0.892218463026	0.907201546641	0.916384726921	0.893185113581	0.902368293862	0.890768487192	0.886901884969	0.889801836636	0.898985016916	0.884001933301	0.910101498308	0.89125181247	0.904301594973	0.898501691638	0.910101498308	0.908651522475
AE8	0.584823586274	0.608989850169	0.89125181247	0.627839536008	0.681971967134	0.565007249879	0.679072015466	0.596906718221	0.58337361044	0.612856452392	0.602706621556	0.611406476559	0.60657322378	0.820202996617	0.676172063799	0.59497341711	0.581923634606	0.565490575157	0.823586273562	0.659255679072	0.57177380377	0.534557757371	0.521024649589	0.48380860319	0.545674238763	0.0	0.547124214596	0.538907684872	0.488641855969	0.503141614306	0.559690671822	0.544224262929	0.584340260996	0.600773320445	0.753020782987	0.6805219913	0.602706621556	0.603673272112	0.603673272112	0.635089415176	0.633156114065	0.681005316578	0.678105364911	0.608023199613	0.620106331561	0.614789753504	0.752537457709	0.688738521025	0.751570807153	0.698405026583	0.688738521025	0.713871435476	0.637506041566	0.610923151281	0.62735621073	0.635572740454	0.631222812953	0.713388110198	0.645239246013	0.70372160464	0.588690188497	0.678105364911
AF7	0.549057515708	0.552924117931	0.934751087482	0.646205896568	0.64572257129	0.479942000967	0.695505074915	0.452875785404	0.426292895118	0.602223296278	0.436926051232	0.576607056549	0.532624456259	0.859835669406	0.63653939101	0.563557274045	0.44900918318	0.439342677622	0.88883518608	0.71532141131	0.515708071532	0.386176897052	0.423876268729	0.432092798453	0.860802319961	0.547124214596	0.0	0.330111164814	0.453842435959	0.52779120348	0.481875302078	0.483325277912	0.428709521508	0.492508458192	0.691638472692	0.611406476559	0.448042532624	0.550024166264	0.482841952634	0.614306428226	0.552924117931	0.704204929918	0.676655389077	0.562107298212	0.526341227646	0.498308361527	0.675205413243	0.612856452392	0.674722087965	0.654422426293	0.616723054616	0.637506041566	0.55775737071	0.533107781537	0.532141130981	0.551474142098	0.563557274045	0.642822619623	0.582406959884	0.661188980184	0.478008699855	0.607056549058
AF8	0.538424359594	0.543257612373	0.934751087482	0.642339294345	0.664088931851	0.502174963751	0.685355244079	0.459159014016	0.442725954567	0.591590140164	0.504108264862	0.600289995167	0.546157564041	0.859835669406	0.623972933784	0.559207346544	0.463992266796	0.462542290962	0.880135331078	0.705654905752	0.507974867086	0.362493958434	0.46302561624	0.479458675689	0.859835669406	0.538907684872	0.330111164814	0.0	0.449492508458	0.525857902368	0.525857902368	0.475592073465	0.43740937651	0.491541807637	0.706138231029	0.627839536008	0.503624939584	0.549057515708	0.502174963751	0.608023199613	0.565007249879	0.68970517158	0.664572257129	0.5601739971	0.543257612373	0.519574673755	0.684871918801	0.614306428226	0.690188496858	0.662638956017	0.631706138231	0.646689221846	0.566457225713	0.541807636539	0.540840985984	0.553890768487	0.548090865152	0.648622522958	0.555824069599	0.663122281295	0.479458675689	0.613823102948
AG7	0.572257129048	0.585790236829	0.853069115515	0.555340744321	0.664088931851	0.522957950701	0.689221846303	0.508941517641	0.493475108748	0.589173513775	0.530691155147	0.606089898502	0.58095698405	0.782986950217	0.651039149348	0.57177380377	0.523441275979	0.510874818753	0.754954084099	0.550507491542	0.467858869019	0.395360077332	0.502658289029	0.48380860319	0.758337361044	0.488641855969	0.453842435959	0.449492508458	0.0	0.327694538424	0.535524407927	0.497341710971	0.501691638473	0.54857419043	0.736587723538	0.654905751571	0.532141130981	0.577090381827	0.53939101015	0.615273078782	0.593040115998	0.665055582407	0.649589173514	0.584823586274	0.58337361044	0.572740454326	0.736587723538	0.662638956017	0.718221362977	0.691638472692	0.663122281295	0.691155147414	0.600773320445	0.585790236829	0.601256645723	0.609473175447	0.611889801837	0.697921701305	0.626389560174	0.695505074915	0.554857419043	0.65732237796
AG8	0.586273562107	0.623489608507	0.82648622523	0.589656839053	0.697921701305	0.573223779604	0.688255195747	0.580473658772	0.567907201547	0.612856452392	0.600773320445	0.639922667956	0.62735621073	0.751570807153	0.683421942968	0.602223296278	0.599806669889	0.588206863219	0.700821652972	0.521024649589	0.481875302078	0.467375543741	0.569840502658	0.548090865152	0.766553890768	0.503141614306	0.52779120348	0.525857902368	0.327694538424	0.0	0.577090381827	0.555340744321	0.574190430159	0.587723537941	0.773320444659	0.684871918801	0.600289995167	0.598840019333	0.595456742388	0.660222329628	0.636056065732	0.664088931851	0.661672305462	0.614789753504	0.61575640406	0.608506524891	0.772837119381	0.700821652972	0.753504108265	0.728854519091	0.710971483809	0.729821169647	0.644755920735	0.628322861286	0.643305944901	0.648622522958	0.640405993233	0.734654422426	0.652972450459	0.731754470759	0.596906718221	0.697438376027
AH7	0.579990333494	0.62493958434	0.950700821653	0.696955050749	0.704204929918	0.576123731271	0.714838086032	0.560657322378	0.538907684872	0.647655872402	0.53020782987	0.636056065732	0.623489608507	0.883035282745	0.687288545191	0.605606573224	0.514258095698	0.479458675689	0.892701788304	0.735621072982	0.557274045433	0.512808119865	0.505074915418	0.50700821653	0.836636056066	0.559690671822	0.481875302078	0.525857902368	0.535524407927	0.577090381827	0.0	0.333977767037	0.564040599323	0.612856452392	0.778153697438	0.711938134364	0.547607539874	0.652005799903	0.602223296278	0.666022232963	0.652489125181	0.760753987434	0.744320927985	0.664088931851	0.631706138231	0.620589656839	0.763653939101	0.722571290478	0.766070565491	0.727404543258	0.707104881585	0.729821169647	0.635572740454	0.622039632673	0.622039632673	0.633156114065	0.636056065732	0.738037699372	0.63653939101	0.727887868536	0.596906718221	0.709521507975
AH8	0.537941034316	0.565973900435	0.951667472209	0.656355727405	0.654905751571	0.522474625423	0.686805219913	0.497825036249	0.499758337361	0.594006766554	0.526824552924	0.589656839053	0.555340744321	0.872885451909	0.629772837119	0.556307394877	0.434509424843	0.398260029	0.901884968584	0.735621072982	0.532624456259	0.463508941518	0.490575157081	0.496375060416	0.840019333011	0.544224262929	0.483325277912	0.475592073465	0.497341710971	0.555340744321	0.333977767037	0.0	0.505074915418	0.540357660706	0.743354277429	0.669405509908	0.545190913485	0.596906718221	0.547124214596	0.611406476559	0.597873368777	0.719671338811	0.696471725471	0.61333977767	0.579507008217	0.558724021266	0.71290478492	0.666022232963	0.716771387144	0.675205413243	0.652972450459	0.673272112131	0.58095698405	0.566457225713	0.568390526825	0.576607056549	0.578057032383	0.677622039633	0.578057032383	0.677138714355	0.532141130981	0.657805703238
AA5	0.573223779604	0.509424842919	0.9584340261	0.641855969067	0.600773320445	0.431126147898	0.629772837119	0.387626872885	0.380376993717	0.538424359594	0.43064282262	0.532624456259	0.512808119865	0.881101981634	0.550507491542	0.552924117931	0.43064282262	0.432092798453	0.927017883035	0.766070565491	0.542290961817	0.46302561624	0.479942000967	0.499275012083	0.896568390527	0.584340260996	0.428709521508	0.43740937651	0.501691638473	0.574190430159	0.564040599323	0.505074915418	0.0	0.34267762204	0.674722087965	0.567423876269	0.473658772354	0.467858869019	0.454809086515	0.542774287095	0.478492025133	0.631706138231	0.611406476559	0.483325277912	0.5186080232	0.464958917351	0.687288545191	0.622039632673	0.661672305462	0.641372643789	0.635572740454	0.660705654906	0.533107781537	0.538424359594	0.545674238763	0.547607539874	0.533591106815	0.657805703238	0.554374093765	0.645239246013	0.477525374577	0.611889801837
AA6	0.583856935718	0.522474625423	0.959400676655	0.651522474625	0.621072982117	0.46060898985	0.64813919768	0.443209279845	0.43740937651	0.5601739971	0.492508458192	0.552924117931	0.524891251812	0.880135331078	0.579507008217	0.565490575157	0.48380860319	0.485741904302	0.933301111648	0.771870468826	0.590623489609	0.512324794587	0.542774287095	0.545190913485	0.90961817303	0.600773320445	0.492508458192	0.491541807637	0.54857419043	0.587723537941	0.612856452392	0.540357660706	0.34267762204	0.0	0.665055582407	0.565490575157	0.512808119865	0.49299178347	0.473175447076	0.574190430159	0.508941517641	0.663605606573	0.634122764621	0.522957950701	0.451909134848	0.408409859836	0.684871918801	0.625906234896	0.658289028516	0.639922667956	0.628806186564	0.652972450459	0.538424359594	0.532624456259	0.540357660706	0.54857419043	0.547124214596	0.650072498792	0.563073948768	0.640889318511	0.497825036249	0.616239729338
AB5	0.751087481875	0.657805703238	0.971483808603	0.731271145481	0.623006283229	0.643305944901	0.74770420493	0.649589173514	0.665055582407	0.704688255196	0.66892218463	0.610923151281	0.664088931851	0.901884968584	0.716771387144	0.698888351861	0.697921701305	0.701788303528	0.938617689705	0.811019816336	0.810536491058	0.732721121315	0.746737554374	0.747220879652	0.921701304978	0.753020782987	0.691638472692	0.706138231029	0.736587723538	0.773320444659	0.778153697438	0.743354277429	0.674722087965	0.665055582407	0.0	0.319961333978	0.631706138231	0.669888835186	0.621072982117	0.631222812953	0.61575640406	0.764137264379	0.745770903818	0.654422426293	0.616723054616	0.605606573224	0.60657322378	0.601256645723	0.616723054616	0.589656839053	0.613823102948	0.602706621556	0.596906718221	0.600773320445	0.611406476559	0.623972933784	0.662638956017	0.596906718221	0.667472208797	0.593523441276	0.666505558241	0.594490091832
AB6	0.678105364911	0.56259062349	0.964717254712	0.672788786854	0.582890285162	0.541807636539	0.654422426293	0.546640889319	0.572740454326	0.605606573224	0.592073465442	0.517641372644	0.589173513775	0.890768487192	0.622522957951	0.613823102948	0.634122764621	0.631222812953	0.941517641373	0.78250362494	0.728854519091	0.646205896568	0.660705654906	0.662155630739	0.920734654422	0.6805219913	0.611406476559	0.627839536008	0.654905751571	0.684871918801	0.711938134364	0.669405509908	0.567423876269	0.565490575157	0.319961333978	0.0	0.551957467376	0.563073948768	0.53939101015	0.549057515708	0.52537457709	0.671822136298	0.644755920735	0.533591106815	0.529241179314	0.517641372644	0.600773320445	0.546157564041	0.581440309328	0.546157564041	0.55099081682	0.577573707105	0.516674722088	0.52779120348	0.545190913485	0.551957467376	0.575157080715	0.567423876269	0.58337361044	0.55775737071	0.593040115998	0.529241179314
AC5	0.610439826003	0.569840502658	0.972450459159	0.661672305462	0.628806186564	0.471725471242	0.681971967134	0.446109231513	0.449975833736	0.578057032383	0.409859835669	0.553407443209	0.536491058482	0.895118414693	0.62735621073	0.594006766554	0.474142097632	0.471242145964	0.951184146931	0.791203479942	0.621556307395	0.538424359594	0.500241662639	0.495891735138	0.916868052199	0.602706621556	0.448042532624	0.503624939584	0.532141130981	0.600289995167	0.547607539874	0.545190913485	0.473658772354	0.512808119865	0.631706138231	0.551957467376	0.0	0.458675688739	0.453359110681	0.579507008217	0.53020782987	0.717738037699	0.681005316578	0.558240695988	0.48622522958	0.478492025133	0.609956500725	0.562107298212	0.620106331561	0.579507008217	0.564523924601	0.580473658772	0.510391493475	0.478975350411	0.493475108748	0.521507974867	0.576607056549	0.588206863219	0.599806669889	0.576123731271	0.505074915418	0.552440792653
AC6	0.621072982117	0.520057999033	0.951184146931	0.623972933784	0.575640405993	0.500241662639	0.53697438376	0.476075398743	0.518124697922	0.473658772354	0.549540840986	0.523441275979	0.537941034316	0.86805219913	0.523924601257	0.577090381827	0.570323827936	0.569840502658	0.919768003867	0.754470758821	0.649589173514	0.578540357661	0.603189946834	0.600773320445	0.898985016916	0.603673272112	0.550024166264	0.549057515708	0.577090381827	0.598840019333	0.652005799903	0.596906718221	0.467858869019	0.49299178347	0.669888835186	0.563073948768	0.458675688739	0.0	0.5186080232	0.519091348478	0.497825036249	0.491058482359	0.459642339294	0.424359594007	0.560657322378	0.552440792653	0.68293861769	0.621072982117	0.653455775737	0.629289511841	0.633156114065	0.652972450459	0.56935717738	0.558240695988	0.574673755437	0.573223779604	0.563557274045	0.656355727405	0.582406959884	0.635572740454	0.548090865152	0.61333977767
AD6	0.587723537941	0.517158047366	0.971967133881	0.634122764621	0.577090381827	0.407926534558	0.634606089899	0.417593040116	0.430159497342	0.541807636539	0.432092798453	0.503624939584	0.509424842919	0.886901884969	0.574673755437	0.536491058482	0.49299178347	0.491541807637	0.950217496375	0.77767037216	0.602223296278	0.525857902368	0.53697438376	0.53697438376	0.919284678589	0.603673272112	0.482841952634	0.502174963751	0.53939101015	0.595456742388	0.602223296278	0.547124214596	0.454809086515	0.473175447076	0.621072982117	0.53939101015	0.453359110681	0.5186080232	0.0	0.531657805703	0.425326244563	0.696955050749	0.66892218463	0.539874335428	0.475108748188	0.458192363461	0.609473175447	0.546640889319	0.589173513775	0.554857419043	0.555340744321	0.58095698405	0.475592073465	0.454325761237	0.476558724021	0.486708554857	0.526341227646	0.584823586274	0.549057515708	0.574190430159	0.454809086515	0.545190913485
AE5	0.619623006283	0.507491541808	0.971967133881	0.624456259062	0.551957467376	0.535524407927	0.585790236829	0.534074432093	0.585790236829	0.533591106815	0.610439826003	0.497825036249	0.55775737071	0.887868535524	0.537457709038	0.556307394877	0.594006766554	0.587723537941	0.924117931368	0.7593040116	0.709038182697	0.624456259062	0.645239246013	0.634606089899	0.874818753021	0.635089415176	0.614306428226	0.608023199613	0.615273078782	0.660222329628	0.666022232963	0.611406476559	0.542774287095	0.574190430159	0.631222812953	0.549057515708	0.579507008217	0.519091348478	0.531657805703	0.0	0.337844369261	0.610439826003	0.596423392943	0.508458192363	0.620589656839	0.608023199613	0.649105848236	0.595940067666	0.641372643789	0.602223296278	0.610923151281	0.625906234896	0.520057999033	0.545190913485	0.573223779604	0.541324311261	0.542774287095	0.631706138231	0.554857419043	0.606089898502	0.561623972934	0.597390043499
AE6	0.609473175447	0.484775253746	0.971000483325	0.625906234896	0.561140647656	0.474142097632	0.581440309328	0.475108748188	0.520541324311	0.528274528758	0.542290961817	0.497825036249	0.517158047366	0.884485258579	0.537457709038	0.543257612373	0.548090865152	0.540840985984	0.941517641373	0.769937167714	0.670372160464	0.585790236829	0.614306428226	0.599806669889	0.904784920251	0.633156114065	0.552924117931	0.565007249879	0.593040115998	0.636056065732	0.652489125181	0.597873368777	0.478492025133	0.508941517641	0.61575640406	0.52537457709	0.53020782987	0.497825036249	0.425326244563	0.337844369261	0.0	0.641372643789	0.613823102948	0.482358627356	0.552924117931	0.542290961817	0.641855969067	0.577573707105	0.611889801837	0.584340260996	0.595456742388	0.617206379894	0.497341710971	0.497341710971	0.520541324311	0.498791686805	0.507974867086	0.614306428226	0.527307878202	0.594006766554	0.50700821653	0.573707104882
AF5	0.708554857419	0.640405993233	0.920251329145	0.665055582407	0.660222329628	0.676172063799	0.54857419043	0.639922667956	0.687771870469	0.592073465442	0.723054615756	0.637506041566	0.672788786854	0.840502658289	0.596423392943	0.669888835186	0.72450459159	0.728371193813	0.864185596907	0.723537941034	0.710971483809	0.676172063799	0.723537941034	0.717254712421	0.866602223296	0.681005316578	0.704204929918	0.68970517158	0.665055582407	0.664088931851	0.760753987434	0.719671338811	0.631706138231	0.663605606573	0.764137264379	0.671822136298	0.717738037699	0.491058482359	0.696955050749	0.610439826003	0.641372643789	0.0	0.289028516191	0.539874335428	0.725954567424	0.71532141131	0.77090381827	0.730304494925	0.7593040116	0.724987916868	0.73852102465	0.763170613823	0.700338327695	0.717738037699	0.735621072982	0.713388110198	0.67133881102	0.754470758821	0.678588690188	0.72692121798	0.71532141131	0.724021266312
AF6	0.697921701305	0.611889801837	0.934751087482	0.666988883519	0.652489125181	0.652005799903	0.537457709038	0.617689705172	0.664572257129	0.578057032383	0.700821652972	0.615273078782	0.655872402127	0.852585790237	0.568390526825	0.647172547124	0.702271628806	0.704688255196	0.879168680522	0.733204446593	0.69453842436	0.650072498792	0.70372160464	0.70130497825	0.880618656356	0.678105364911	0.676655389077	0.664572257129	0.649589173514	0.661672305462	0.744320927985	0.696471725471	0.611406476559	0.634122764621	0.745770903818	0.644755920735	0.681005316578	0.459642339294	0.66892218463	0.596423392943	0.613823102948	0.289028516191	0.0	0.515224746254	0.704688255196	0.692605123248	0.7593040116	0.709521507975	0.737071048816	0.704204929918	0.711938134364	0.744320927985	0.680038666022	0.690671822136	0.704204929918	0.685838569357	0.64572257129	0.735621072982	0.652489125181	0.70372160464	0.690671822136	0.695505074915
