	AA3	AA4	AB3	AB4	AC3	AC4	AD3	AD4	AE3	AE4	AF3	AF4	AG3	AG4	AH3	AH4	AA7	AA8	AB7	AB8	AC7	AC8	AD7	AD8	AE7	AE8	AF7	AF8	AG7	AG8	AH7	AH8	AA5	AA6	AB5	AB6	AC5	AC6	AD6	AE5	AE6	AF5	AF6	AG5	AH5	AH6	AA1	AA2	AB1	AB2	AC1	AC2	AD1	AD2	AE1	AE2	AF1	AF2	AG1	AG2	AH1	AH2
AA3	0.0	0.485258579024	0.933301111648	0.618656355727	0.645239246013	0.573707104882	0.682455292412	0.561140647656	0.546640889319	0.627839536008	0.601256645723	0.599806669889	0.555340744321	0.854519091348	0.62493958434	0.321411309812	0.545674238763	0.52537457709	0.872402126631	0.711938134364	0.608989850169	0.554857419043	0.572740454326	0.565973900435	0.825519574674	0.578540357661	0.544224262929	0.536491058482	0.585306911551	0.584340260996	0.581923634606	0.546640889319	0.565490575157	0.574673755437	0.737071048816	0.68293861769	0.592073465442	0.620106331561	0.591106814886	0.625906234896	0.589173513775	0.704204929918	0.681971967134	0.603189946834	0.602706621556	0.595456742388	0.674722087965	0.636056065732	0.705171580474	0.652489125181	0.635572740454	0.65732237796	0.559207346544	0.559690671822	0.556307394877	0.556307394877	0.556307394877	0.641372643789	0.571290478492	0.664088931851	0.56259062349	0.631222812953
AA4	0.485258579024	0.0	0.949250845819	0.567907201547	0.570807153214	0.479942000967	0.595940067666	0.460125664572	0.49540840986	0.522957950701	0.53939101015	0.509424842919	0.457225712905	0.864668922185	0.371193813436	0.374577090382	0.533107781537	0.520057999033	0.898985016916	0.738037699372	0.656355727405	0.582890285162	0.58095698405	0.581440309328	0.880618656356	0.623489608507	0.529724504592	0.55099081682	0.602223296278	0.610923151281	0.632672788787	0.589173513775	0.493958434026	0.499275012083	0.654905751571	0.598840019333	0.549540840986	0.519091348478	0.515708071532	0.522474625423	0.474142097632	0.645239246013	0.590623489609	0.504108264862	0.56259062349	0.553407443209	0.643789270179	0.578057032383	0.614789753504	0.581923634606	0.601256645723	0.621072982117	0.512324794587	0.517641372644	0.515224746254	0.503141614306	0.502658289029	0.609473175447	0.515708071532	0.593040115998	0.519091348478	0.563557274045
AB3	0.933301111648	0.949250845819	0.0	0.67133881102	0.91445142581	0.954084098598	0.9584340261	0.944900918318	0.933301111648	0.944900918318	0.969550507492	0.931367810536	0.964233929435	0.355727404543	0.9584340261	0.936684388594	0.96761720638	0.96520057999	0.744320927985	0.774770420493	0.891735137748	0.911068148864	0.955534074432	0.951667472209	0.848719188014	0.886901884969	0.950217496375	0.930884485259	0.850169163847	0.841952634123	0.95360077332	0.95360077332	0.954567423876	0.961333977767	0.971000483325	0.9584340261	0.971483808603	0.948767520541	0.971483808603	0.971000483325	0.971000483325	0.937167713871	0.933784436926	0.943934267762	0.975350410826	0.969550507492	0.973417109715	0.970033832769	0.969550507492	0.971000483325	0.975350410826	0.969067182214	0.971483808603	0.971967133881	0.97680038666	0.973417109715	0.970517158047	0.971483808603	0.971967133881	0.973417109715	0.971483808603	0.971483808603
AB4	0.618656355727	0.567907201547	0.67133881102	0.0	0.632672788787	0.603673272112	0.690188496858	0.598356694055	0.596423392943	0.62493958434	0.621072982117	0.599806669889	0.477042049299	0.565973900435	0.596906718221	0.585790236829	0.631706138231	0.618173030449	0.719671338811	0.588206863219	0.654422426293	0.619139681005	0.644755920735	0.641855969067	0.786370227163	0.621556307395	0.63653939101	0.620106331561	0.559690671822	0.577573707105	0.676655389077	0.646205896568	0.626389560174	0.642822619623	0.72450459159	0.665055582407	0.643789270179	0.642339294345	0.622039632673	0.622522957951	0.605606573224	0.676172063799	0.644755920735	0.613823102948	0.669888835186	0.661188980184	0.690671822136	0.651039149348	0.681488641856	0.662638956017	0.665538907685	0.667955534074	0.620589656839	0.633156114065	0.637506041566	0.625422909618	0.633639439343	0.666505558241	0.629289511841	0.671822136298	0.62735621073	0.643305944901
AC3	0.645239246013	0.570807153214	0.91445142581	0.632672788787	0.0	0.476558724021	0.631706138231	0.555824069599	0.569840502658	0.588206863219	0.626872885452	0.326244562591	0.599806669889	0.834219429676	0.601256645723	0.601256645723	0.627839536008	0.618173030449	0.875302078299	0.74770420493	0.730304494925	0.693088448526	0.720154664089	0.714838086032	0.832286128565	0.689221846303	0.667472208797	0.681488641856	0.666022232963	0.689221846303	0.713871435476	0.679555340744	0.594490091832	0.631706138231	0.617206379894	0.575640405993	0.617689705172	0.596423392943	0.601256645723	0.545190913485	0.540840985984	0.655389076849	0.627839536008	0.58095698405	0.639439342678	0.634122764621	0.592073465442	0.585790236829	0.578057032383	0.570807153214	0.594490091832	0.582406959884	0.537941034316	0.574673755437	0.583856935718	0.564040599323	0.618656355727	0.570323827936	0.630739487675	0.587723537941	0.635572740454	0.578057032383
AC4	0.573707104882	0.479942000967	0.954084098598	0.603673272112	0.476558724021	0.0	0.620106331561	0.40744320928	0.415659739004	0.517158047366	0.347994200097	0.388593523441	0.505074915418	0.86805219913	0.566940550991	0.526824552924	0.488158530691	0.462542290962	0.922667955534	0.760753987434	0.597873368777	0.551474142098	0.526341227646	0.5186080232	0.892218463026	0.578057032383	0.494925084582	0.510391493475	0.538424359594	0.564040599323	0.578540357661	0.52537457709	0.450459159014	0.484775253746	0.622522957951	0.556790720155	0.446109231513	0.518124697922	0.418559690672	0.537941034316	0.456259062349	0.685838569357	0.631222812953	0.512808119865	0.499758337361	0.459642339294	0.621556307395	0.565490575157	0.576123731271	0.561623972934	0.57177380377	0.594490091832	0.46979217013	0.482841952634	0.499758337361	0.487191880135	0.55099081682	0.579507008217	0.555340744321	0.567423876269	0.488641855969	0.543740937651
AD3	0.682455292412	0.595940067666	0.9584340261	0.690188496858	0.631706138231	0.620106331561	0.0	0.53020782987	0.64813919768	0.364427259546	0.685355244079	0.61575640406	0.642822619623	0.875302078299	0.5601739971	0.640889318511	0.689221846303	0.69212179797	0.941034316095	0.773803769937	0.72692121798	0.704204929918	0.698888351861	0.698405026583	0.919284678589	0.697921701305	0.703238279362	0.705654905752	0.702754954084	0.695505074915	0.728854519091	0.702271628806	0.632672788787	0.664088931851	0.73852102465	0.678105364911	0.687288545191	0.553407443209	0.637506041566	0.578057032383	0.583856935718	0.560657322378	0.528274528758	0.553407443209	0.702271628806	0.696471725471	0.761237312711	0.704204929918	0.734171097148	0.698405026583	0.713871435476	0.735621072982	0.655872402127	0.666022232963	0.674238762687	0.658772353794	0.632189463509	0.716771387144	0.639439342678	0.71532141131	0.69453842436	0.69453842436
AD4	0.561140647656	0.460125664572	0.944900918318	0.598356694055	0.555824069599	0.40744320928	0.53020782987	0.0	0.30546157564	0.411309811503	0.426776220396	0.496858385694	0.497825036249	0.865152247463	0.533107781537	0.515224746254	0.46060898985	0.44224262929	0.93523441276	0.768970517158	0.581440309328	0.503141614306	0.486708554857	0.475592073465	0.902368293862	0.589656839053	0.444175930401	0.468825519575	0.501208313195	0.5601739971	0.544707588207	0.494441759304	0.401643305945	0.465925567907	0.661188980184	0.601739971	0.443209279845	0.494441759304	0.427742870952	0.539874335428	0.45142580957	0.651522474625	0.600289995167	0.48622522958	0.521024649589	0.467858869019	0.668438859352	0.607539874335	0.630739487675	0.610923151281	0.618173030449	0.637022716288	0.513291445143	0.52779120348	0.531657805703	0.53020782987	0.537457709038	0.633156114065	0.543740937651	0.626872885452	0.497825036249	0.598840019333
AE3	0.546640889319	0.49540840986	0.933301111648	0.596423392943	0.569840502658	0.415659739004	0.64813919768	0.30546157564	0.0	0.526824552924	0.399226679555	0.511358144031	0.511358144031	0.856935717738	0.564523924601	0.522474625423	0.450942484292	0.423392943451	0.917351377477	0.756404059932	0.556307394877	0.494441759304	0.468825519575	0.455775737071	0.885935234413	0.577573707105	0.434509424843	0.463992266796	0.487191880135	0.545674238763	0.531657805703	0.488641855969	0.418076365394	0.477042049299	0.678105364911	0.61575640406	0.434992750121	0.529724504592	0.432092798453	0.589173513775	0.493958434026	0.68970517158	0.635089415176	0.517641372644	0.514258095698	0.46302561624	0.667472208797	0.60657322378	0.630739487675	0.615273078782	0.617206379894	0.639439342678	0.517641372644	0.530691155147	0.537457709038	0.529241179314	0.553890768487	0.638472692122	0.562107298212	0.621072982117	0.489125181247	0.597390043499
AE4	0.627839536008	0.522957950701	0.944900918318	0.62493958434	0.588206863219	0.517158047366	0.364427259546	0.411309811503	0.526824552924	0.0	0.588206863219	0.54857419043	0.571290478492	0.859835669406	0.53020782987	0.572257129048	0.594490091832	0.591106814886	0.930401159981	0.762687288545	0.666505558241	0.608023199613	0.605123247946	0.60415659739	0.906718221363	0.621556307395	0.59255679072	0.595940067666	0.594490091832	0.61333977767	0.647655872402	0.614306428226	0.531657805703	0.55775737071	0.683421942968	0.626872885452	0.584823586274	0.475592073465	0.539874335428	0.532141130981	0.509424842919	0.58337361044	0.53939101015	0.492508458192	0.614789753504	0.60415659739	0.718221362977	0.653455775737	0.68970517158	0.660222329628	0.677138714355	0.693571773804	0.599323344611	0.597390043499	0.603189946834	0.598840019333	0.58095698405	0.672788786854	0.594490091832	0.679072015466	0.598840019333	0.645239246013
AF3	0.601256645723	0.53939101015	0.969550507492	0.621072982117	0.626872885452	0.347994200097	0.685355244079	0.426776220396	0.399226679555	0.588206863219	0.0	0.53020782987	0.518124697922	0.882551957467	0.597873368777	0.576123731271	0.457225712905	0.43064282262	0.947800869986	0.786853552441	0.598356694055	0.542774287095	0.44900918318	0.449975833736	0.913484775254	0.605123247946	0.44900918318	0.510391493475	0.531174480425	0.590140164331	0.522957950701	0.507974867086	0.46302561624	0.511358144031	0.685355244079	0.637022716288	0.415659739004	0.566940550991	0.442725954567	0.617689705172	0.517641372644	0.732237796037	0.676172063799	0.552440792653	0.521507974867	0.466892218463	0.666505558241	0.607056549058	0.641372643789	0.611889801837	0.609956500725	0.633156114065	0.533107781537	0.524407926535	0.529241179314	0.528757854036	0.59497341711	0.625906234896	0.589656839053	0.612856452392	0.496375060416	0.584340260996
AF4	0.599806669889	0.509424842919	0.931367810536	0.599806669889	0.326244562591	0.388593523441	0.61575640406	0.496858385694	0.511358144031	0.54857419043	0.53020782987	0.0	0.542290961817	0.851619139681	0.561140647656	0.544224262929	0.577090381827	0.566457225713	0.884485258579	0.726437892702	0.702754954084	0.649105848236	0.658772353794	0.656355727405	0.84726921218	0.634606089899	0.61333977767	0.630739487675	0.631222812953	0.65055582407	0.664572257129	0.625422909618	0.541807636539	0.578057032383	0.614306428226	0.542774287095	0.567907201547	0.558724021266	0.542774287095	0.515708071532	0.494441759304	0.637506041566	0.610923151281	0.543257612373	0.581440309328	0.578057032383	0.585306911551	0.538907684872	0.55775737071	0.529241179314	0.558240695988	0.566940550991	0.490575157081	0.5186080232	0.531657805703	0.509908168197	0.566940550991	0.553407443209	0.574673755437	0.544224262929	0.566940550991	0.528757854036
AG3	0.555340744321	0.457225712905	0.964233929435	0.477042049299	0.599806669889	0.505074915418	0.642822619623	0.497825036249	0.511358144031	0.571290478492	0.518124697922	0.542290961817	0.0	0.85645239246	0.517158047366	0.507974867086	0.509424842919	0.49299178347	0.920251329145	0.760753987434	0.665055582407	0.591590140164	0.584340260996	0.591106814886	0.879168680522	0.622522957951	0.540840985984	0.563073948768	0.607056549058	0.630739487675	0.623972933784	0.569840502658	0.513291445143	0.522474625423	0.661188980184	0.61575640406	0.540840985984	0.558724021266	0.521991300145	0.565490575157	0.498791686805	0.678588690188	0.625906234896	0.549057515708	0.56259062349	0.546157564041	0.621556307395	0.579990333494	0.61575640406	0.594006766554	0.587723537941	0.594006766554	0.506524891252	0.516674722088	0.523441275979	0.509424842919	0.545190913485	0.600773320445	0.557274045433	0.603673272112	0.500724987917	0.558240695988
AG4	0.854519091348	0.864668922185	0.355727404543	0.565973900435	0.834219429676	0.86805219913	0.875302078299	0.865152247463	0.856935717738	0.859835669406	0.882551957467	0.851619139681	0.85645239246	0.0	0.874818753021	0.854519091348	0.891735137748	0.892218463026	0.710488158531	0.697921701305	0.819236346061	0.833736104398	0.879168680522	0.874818753021	0.827936201063	0.813436442726	0.872885451909	0.855969067182	0.774287095215	0.753020782987	0.885451909135	0.8796520058	0.876268728855	0.881101981634	0.903818269696	0.888351860802	0.890285161914	0.864668922185	0.889801836636	0.887868535524	0.884001933301	0.853552440793	0.852585790237	0.865152247463	0.896568390527	0.891735137748	0.885935234413	0.889801836636	0.892218463026	0.887868535524	0.898501691638	0.88883518608	0.895118414693	0.887868535524	0.897535041083	0.893668438859	0.891735137748	0.891735137748	0.890285161914	0.892701788304	0.892218463026	0.891735137748
AH3	0.62493958434	0.371193813436	0.9584340261	0.596906718221	0.601256645723	0.566940550991	0.5601739971	0.533107781537	0.564523924601	0.53020782987	0.597873368777	0.561140647656	0.517158047366	0.874818753021	0.0	0.506041565974	0.605606573224	0.597873368777	0.922667955534	0.768003866602	0.700338327695	0.632672788787	0.621556307395	0.627839536008	0.898985016916	0.676655389077	0.620589656839	0.621556307395	0.655389076849	0.669888835186	0.681005316578	0.634606089899	0.54857419043	0.585306911551	0.707588206863	0.646689221846	0.630739487675	0.545674238763	0.587240212663	0.542290961817	0.539874335428	0.603673272112	0.55099081682	0.529724504592	0.639922667956	0.626389560174	0.698405026583	0.635089415176	0.651522474625	0.632672788787	0.647172547124	0.665055582407	0.589656839053	0.603189946834	0.582406959884	0.585790236829	0.55099081682	0.658772353794	0.556790720155	0.644272595457	0.588690188497	0.615273078782
AH4	0.321411309812	0.374577090382	0.936684388594	0.585790236829	0.601256645723	0.526824552924	0.640889318511	0.515224746254	0.522474625423	0.572257129048	0.576123731271	0.544224262929	0.507974867086	0.854519091348	0.506041565974	0.0	0.523441275979	0.522474625423	0.870952150797	0.711938134364	0.626872885452	0.559207346544	0.561623972934	0.564040599323	0.842919284679	0.588690188497	0.544707588207	0.543740937651	0.575640405993	0.588690188497	0.590623489609	0.549057515708	0.523441275979	0.53020782987	0.697438376027	0.631706138231	0.582890285162	0.572740454326	0.544224262929	0.569840502658	0.52779120348	0.673755437409	0.631706138231	0.549057515708	0.586756887385	0.573707104882	0.661672305462	0.602706621556	0.659255679072	0.611406476559	0.614789753504	0.631706138231	0.527307878202	0.52537457709	0.535524407927	0.522474625423	0.505074915418	0.625422909618	0.5186080232	0.631222812953	0.546157564041	0.594490091832
AA7	0.545674238763	0.533107781537	0.96761720638	0.631706138231	0.627839536008	0.488158530691	0.689221846303	0.46060898985	0.450942484292	0.594490091832	0.457225712905	0.577090381827	0.509424842919	0.891735137748	0.605606573224	0.523441275979	0.0	0.298211696472	0.925084581924	0.766070565491	0.591590140164	0.507974867086	0.47462542291	0.480908651522	0.86805219913	0.588206863219	0.443209279845	0.478492025133	0.525857902368	0.580473658772	0.511841469309	0.426292895118	0.448525857902	0.493958434026	0.71532141131	0.660222329628	0.475592073465	0.565007249879	0.502174963751	0.599323344611	0.545674238763	0.719188013533	0.674238762687	0.568873852102	0.558240695988	0.501208313195	0.675688738521	0.626872885452	0.670372160464	0.63653939101	0.615273078782	0.643789270179	0.528757854036	0.544707588207	0.541324311261	0.537941034316	0.543257612373	0.630256162397	0.5601739971	0.651039149348	0.509424842919	0.608989850169
AA8	0.52537457709	0.520057999033	0.96520057999	0.618173030449	0.618173030449	0.462542290962	0.69212179797	0.44224262929	0.423392943451	0.591106814886	0.43064282262	0.566457225713	0.49299178347	0.892218463026	0.597873368777	0.522474625423	0.298211696472	0.0	0.922667955534	0.752537457709	0.570323827936	0.48622522958	0.459159014016	0.460125664572	0.855485741904	0.572257129048	0.430159497342	0.458675688739	0.515224746254	0.569840502658	0.476558724021	0.384726921218	0.43740937651	0.490091831803	0.710004833253	0.653939101015	0.471242145964	0.562107298212	0.479942000967	0.597390043499	0.540840985984	0.72450459159	0.673272112131	0.559207346544	0.549057515708	0.48622522958	0.649105848236	0.613823102948	0.661672305462	0.626389560174	0.597873368777	0.628322861286	0.505074915418	0.528757854036	0.522957950701	0.529241179314	0.538424359594	0.608989850169	0.551957467376	0.638472692122	0.491541807637	0.59255679072
AB7	0.872402126631	0.898985016916	0.744320927985	0.719671338811	0.875302078299	0.922667955534	0.941034316095	0.93523441276	0.917351377477	0.930401159981	0.947800869986	0.884485258579	0.920251329145	0.710488158531	0.922667955534	0.870952150797	0.925084581924	0.922667955534	0.0	0.413726437893	0.809569840503	0.838569357177	0.928467858869	0.922667955534	0.741904301595	0.809569840503	0.894151764137	0.87046882552	0.748670855486	0.699855002417	0.892701788304	0.905751570807	0.915418076365	0.931851135814	0.936201063316	0.922667955534	0.949250845819	0.915901401643	0.947800869986	0.927501208313	0.938617689705	0.879168680522	0.87046882552	0.90043499275	0.956500724988	0.943934267762	0.93281778637	0.931367810536	0.932334461092	0.926051232479	0.938134364427	0.925084581924	0.926051232479	0.92363460609	0.926534557757	0.920734654422	0.918801353311	0.925567907202	0.923151280812	0.921701304978	0.949250845819	0.927984533591
AB8	0.711938134364	0.738037699372	0.774770420493	0.588206863219	0.74770420493	0.760753987434	0.773803769937	0.768970517158	0.756404059932	0.762687288545	0.786853552441	0.726437892702	0.760753987434	0.697921701305	0.768003866602	0.711938134364	0.766070565491	0.752537457709	0.413726437893	0.0	0.652005799903	0.673272112131	0.758337361044	0.747220879652	0.72692121798	0.651039149348	0.729821169647	0.70130497825	0.565973900435	0.526824552924	0.739487675205	0.739487675205	0.752054132431	0.768970517158	0.808119864669	0.762203963267	0.779603673272	0.745770903818	0.787820202997	0.760753987434	0.772837119381	0.731271145481	0.714838086032	0.736587723538	0.790236829386	0.785886901885	0.815853069116	0.767520541324	0.792653455776	0.763170613823	0.776703721605	0.781053649106	0.769937167714	0.765587240213	0.764620589657	0.760753987434	0.755920734654	0.782020299662	0.7593040116	0.763170613823	0.780570323828	0.767037216046
AC7	0.608989850169	0.656355727405	0.891735137748	0.654422426293	0.730304494925	0.597873368777	0.72692121798	0.581440309328	0.556307394877	0.666505558241	0.598356694055	0.702754954084	0.665055582407	0.819236346061	0.700338327695	0.626872885452	0.591590140164	0.570323827936	0.809569840503	0.652005799903	0.0	0.370227162881	0.568390526825	0.563557274045	0.819719671339	0.576123731271	0.553407443209	0.505074915418	0.487191880135	0.486708554857	0.569840502658	0.550507491542	0.569840502658	0.609473175447	0.811503141614	0.749637506042	0.623006283229	0.648622522958	0.601739971	0.713871435476	0.670855485742	0.726437892702	0.684388593523	0.62735621073	0.65055582407	0.597390043499	0.819719671339	0.762687288545	0.797003383277	0.776703721605	0.757370710488	0.786853552441	0.681488641856	0.674238762687	0.68293861769	0.686805219913	0.678105364911	0.778637022716	0.676655389077	0.771387143548	0.622039632673	0.753020782987
AC8	0.554857419043	0.582890285162	0.911068148864	0.619139681005	0.693088448526	0.551474142098	0.704204929918	0.503141614306	0.494441759304	0.608023199613	0.542774287095	0.649105848236	0.591590140164	0.833736104398	0.632672788787	0.559207346544	0.507974867086	0.48622522958	0.838569357177	0.673272112131	0.370227162881	0.0	0.482841952634	0.485741904302	0.838569357177	0.538424359594	0.408893185114	0.373127114548	0.446109231513	0.477042049299	0.523441275979	0.4813919768	0.473658772354	0.528757854036	0.750120831319	0.685355244079	0.548090865152	0.586756887385	0.546157564041	0.656839052682	0.603673272112	0.686805219913	0.641855969067	0.579507008217	0.587723537941	0.526824552924	0.753987433543	0.684871918801	0.73852102465	0.71532141131	0.690188496858	0.713388110198	0.610439826003	0.606089898502	0.614789753504	0.614306428226	0.59497341711	0.708071532141	0.603673272112	0.709521507975	0.550024166264	0.681005316578
AD7	0.572740454326	0.58095698405	0.955534074432	0.644755920735	0.720154664089	0.526341227646	0.698888351861	0.486708554857	0.468825519575	0.605123247946	0.44900918318	0.658772353794	0.584340260996	0.879168680522	0.621556307395	0.561623972934	0.47462542291	0.459159014016	0.928467858869	0.758337361044	0.568390526825	0.482841952634	0.0	0.28709521508	0.884001933301	0.510874818753	0.421942967617	0.456742387627	0.50700821653	0.561623972934	0.501208313195	0.466892218463	0.493958434026	0.538907684872	0.750120831319	0.687288545191	0.497341710971	0.600773320445	0.538907684872	0.649105848236	0.591590140164	0.725471242146	0.685838569357	0.595456742388	0.568873852102	0.517641372644	0.753020782987	0.681005316578	0.730787820203	0.708071532141	0.686805219913	0.708071532141	0.607539874335	0.608506524891	0.605606573224	0.616723054616	0.579990333494	0.70372160464	0.587723537941	0.700821652972	0.556307394877	0.673755437409
AD8	0.565973900435	0.581440309328	0.951667472209	0.641855969067	0.714838086032	0.5186080232	0.698405026583	0.475592073465	0.455775737071	0.60415659739	0.449975833736	0.656355727405	0.591106814886	0.874818753021	0.627839536008	0.564040599323	0.480908651522	0.460125664572	0.922667955534	0.747220879652	0.563557274045	0.485741904302	0.28709521508	0.0	0.856935717738	0.477525374577	0.423876268729	0.463508941518	0.492508458192	0.543740937651	0.496375060416	0.468825519575	0.494441759304	0.543257612373	0.757370710488	0.690671822136	0.48622522958	0.597390043499	0.531174480425	0.642339294345	0.586756887385	0.725954567424	0.687771870469	0.590140164331	0.566457225713	0.521507974867	0.757854035766	0.685838569357	0.731754470759	0.707588206863	0.685355244079	0.707588206863	0.609473175447	0.612373127115	0.606089898502	0.616239729338	0.598356694055	0.706621556307	0.604639922668	0.696471725471	0.556790720155	0.674238762687
AE7	0.825519574674	0.880618656356	0.848719188014	0.786370227163	0.832286128565	0.892218463026	0.919284678589	0.902368293862	0.885935234413	0.906718221363	0.913484775254	0.84726921218	0.879168680522	0.827936201063	0.898985016916	0.842919284679	0.86805219913	0.855485741904	0.741904301595	0.72692121798	0.819719671339	0.838569357177	0.884001933301	0.856935717738	0.0	0.553890768487	0.872402126631	0.853552440793	0.77090381827	0.761237312711	0.836636056066	0.842919284679	0.893185113581	0.903334944418	0.926534557757	0.906234896085	0.922184630256	0.901401643306	0.925084581924	0.882068632189	0.902368293862	0.880618656356	0.876268728855	0.877718704688	0.934267762204	0.924117931368	0.895601739971	0.907684871919	0.909134847753	0.892218463026	0.905268245529	0.890768487192	0.890768487192	0.899951667472	0.897535041083	0.892218463026	0.90043499275	0.890285161914	0.908168197197	0.906718221363	0.919768003867	0.896568390527
AE8	0.578540357661	0.623489608507	0.886901884969	0.621556307395	0.689221846303	0.578057032383	0.697921701305	0.589656839053	0.577573707105	0.621556307395	0.605123247946	0.634606089899	0.622522957951	0.813436442726	0.676655389077	0.588690188497	0.588206863219	0.572257129048	0.809569840503	0.651039149348	0.576123731271	0.538424359594	0.510874818753	0.477525374577	0.553890768487	0.0	0.563557274045	0.547607539874	0.507974867086	0.497825036249	0.564523924601	0.555340744321	0.589173513775	0.595940067666	0.766553890768	0.702271628806	0.614306428226	0.601739971	0.623006283229	0.656839052682	0.629772837119	0.696955050749	0.666022232963	0.599323344611	0.637506041566	0.620106331561	0.762203963267	0.702271628806	0.74770420493	0.701788303528	0.709038182697	0.724987916868	0.636056065732	0.633639439343	0.642339294345	0.641372643789	0.643305944901	0.720154664089	0.655389076849	0.706621556307	0.605606573224	0.681971967134
AF7	0.544224262929	0.529724504592	0.950217496375	0.63653939101	0.667472208797	0.494925084582	0.703238279362	0.444175930401	0.434509424843	0.59255679072	0.44900918318	0.61333977767	0.540840985984	0.872885451909	0.620589656839	0.544707588207	0.443209279845	0.430159497342	0.894151764137	0.729821169647	0.553407443209	0.408893185114	0.421942967617	0.423876268729	0.872402126631	0.563557274045	0.0	0.325761237313	0.478975350411	0.528757854036	0.484291928468	0.475108748188	0.429676172064	0.488641855969	0.696955050749	0.641372643789	0.445625906235	0.550024166264	0.493958434026	0.607539874335	0.539874335428	0.709521507975	0.656355727405	0.546157564041	0.542774287095	0.48380860319	0.679555340744	0.62493958434	0.673755437409	0.648622522958	0.626389560174	0.641855969067	0.550024166264	0.550024166264	0.551957467376	0.553890768487	0.552924117931	0.632672788787	0.562107298212	0.648622522958	0.479942000967	0.614789753504
AF8	0.536491058482	0.55099081682	0.930884485259	0.620106331561	0.681488641856	0.510391493475	0.705654905752	0.468825519575	0.463992266796	0.595940067666	0.510391493475	0.630739487675	0.563073948768	0.855969067182	0.621556307395	0.543740937651	0.478492025133	0.458675688739	0.87046882552	0.70130497825	0.505074915418	0.373127114548	0.456742387627	0.463508941518	0.853552440793	0.547607539874	0.325761237313	0.0	0.455775737071	0.498791686805	0.526824552924	0.478492025133	0.445625906235	0.507491541808	0.723537941034	0.661188980184	0.503141614306	0.556790720155	0.511841469309	0.617689705172	0.566940550991	0.688255195747	0.633156114065	0.551474142098	0.565490575157	0.508458192363	0.710004833253	0.649105848236	0.701788303528	0.679072015466	0.654905751571	0.66892218463	0.574673755437	0.570323827936	0.576607056549	0.579990333494	0.565007249879	0.666988883519	0.570807153214	0.675688738521	0.506041565974	0.638472692122
AG7	0.585306911551	0.602223296278	0.850169163847	0.559690671822	0.666022232963	0.538424359594	0.702754954084	0.501208313195	0.487191880135	0.594490091832	0.531174480425	0.631222812953	0.607056549058	0.774287095215	0.655389076849	0.575640405993	0.525857902368	0.515224746254	0.748670855486	0.565973900435	0.487191880135	0.446109231513	0.50700821653	0.492508458192	0.77090381827	0.507974867086	0.478975350411	0.455775737071	0.0	0.300144997583	0.543257612373	0.513291445143	0.50700821653	0.572740454326	0.750120831319	0.678105364911	0.529241179314	0.573707104882	0.56259062349	0.644272595457	0.592073465442	0.681971967134	0.623489608507	0.569840502658	0.608023199613	0.564523924601	0.744804253262	0.675205413243	0.719671338811	0.695505074915	0.674722087965	0.710488158531	0.608023199613	0.609956500725	0.623972933784	0.616239729338	0.623489608507	0.70372160464	0.638472692122	0.693088448526	0.58337361044	0.666505558241
AG8	0.584340260996	0.610923151281	0.841952634123	0.577573707105	0.689221846303	0.564040599323	0.695505074915	0.5601739971	0.545674238763	0.61333977767	0.590140164331	0.65055582407	0.630739487675	0.753020782987	0.669888835186	0.588690188497	0.580473658772	0.569840502658	0.699855002417	0.526824552924	0.486708554857	0.477042049299	0.561623972934	0.543740937651	0.761237312711	0.497825036249	0.528757854036	0.498791686805	0.300144997583	0.0	0.570807153214	0.556790720155	0.553890768487	0.591590140164	0.767520541324	0.696955050749	0.572740454326	0.585790236829	0.593040115998	0.658772353794	0.610439826003	0.685838569357	0.64572257129	0.586756887385	0.630739487675	0.596906718221	0.762687288545	0.693571773804	0.738037699372	0.707588206863	0.697921701305	0.721121314645	0.629772837119	0.623972933784	0.634606089899	0.628322861286	0.640405993233	0.720637989367	0.651039149348	0.702271628806	0.598840019333	0.684871918801
AH7	0.581923634606	0.632672788787	0.95360077332	0.676655389077	0.713871435476	0.578540357661	0.728854519091	0.544707588207	0.531657805703	0.647655872402	0.522957950701	0.664572257129	0.623972933784	0.885451909135	0.681005316578	0.590623489609	0.511841469309	0.476558724021	0.892701788304	0.739487675205	0.569840502658	0.523441275979	0.501208313195	0.496375060416	0.836636056066	0.564523924601	0.484291928468	0.526824552924	0.543257612373	0.570807153214	0.0	0.327694538424	0.569840502658	0.612856452392	0.782986950217	0.732237796037	0.553407443209	0.647172547124	0.601256645723	0.673755437409	0.641372643789	0.765103914935	0.732237796037	0.641855969067	0.647655872402	0.593040115998	0.767520541324	0.718704688255	0.754954084099	0.719188013533	0.711938134364	0.73368777187	0.628806186564	0.631706138231	0.625422909618	0.640889318511	0.629289511841	0.72692121798	0.638472692122	0.722087965201	0.610439826003	0.70372160464
AH8	0.546640889319	0.589173513775	0.95360077332	0.646205896568	0.679555340744	0.52537457709	0.702271628806	0.494441759304	0.488641855969	0.614306428226	0.507974867086	0.625422909618	0.569840502658	0.8796520058	0.634606089899	0.549057515708	0.426292895118	0.384726921218	0.905751570807	0.739487675205	0.550507491542	0.4813919768	0.466892218463	0.468825519575	0.842919284679	0.555340744321	0.475108748188	0.478492025133	0.513291445143	0.556790720155	0.327694538424	0.0	0.510874818753	0.558240695988	0.757854035766	0.699371677139	0.530691155147	0.607056549058	0.555824069599	0.633639439343	0.595940067666	0.730304494925	0.694055099082	0.60657322378	0.594006766554	0.536007733204	0.727404543258	0.677138714355	0.717738037699	0.680038666022	0.662638956017	0.690671822136	0.587723537941	0.586273562107	0.590140164331	0.596906718221	0.579990333494	0.681488641856	0.588690188497	0.686805219913	0.558724021266	0.662155630739
AA5	0.565490575157	0.493958434026	0.954567423876	0.626389560174	0.594490091832	0.450459159014	0.632672788787	0.401643305945	0.418076365394	0.531657805703	0.46302561624	0.541807636539	0.513291445143	0.876268728855	0.54857419043	0.523441275979	0.448525857902	0.43740937651	0.915418076365	0.752054132431	0.569840502658	0.473658772354	0.493958434026	0.494441759304	0.893185113581	0.589173513775	0.429676172064	0.445625906235	0.50700821653	0.553890768487	0.569840502658	0.510874818753	0.0	0.344610923151	0.677138714355	0.596906718221	0.466892218463	0.461092315128	0.448042532624	0.542290961817	0.463992266796	0.622039632673	0.572740454326	0.461575640406	0.518124697922	0.44224262929	0.697438376027	0.634606089899	0.652005799903	0.631706138231	0.646205896568	0.678105364911	0.527307878202	0.55775737071	0.565973900435	0.552440792653	0.541807636539	0.664088931851	0.559690671822	0.6389560174	0.50459159014	0.616239729338
AA6	0.574673755437	0.499275012083	0.961333977767	0.642822619623	0.631706138231	0.484775253746	0.664088931851	0.465925567907	0.477042049299	0.55775737071	0.511358144031	0.578057032383	0.522474625423	0.881101981634	0.585306911551	0.53020782987	0.493958434026	0.490091831803	0.931851135814	0.768970517158	0.609473175447	0.528757854036	0.538907684872	0.543257612373	0.903334944418	0.595940067666	0.488641855969	0.507491541808	0.572740454326	0.591590140164	0.612856452392	0.558240695988	0.344610923151	0.0	0.673272112131	0.59255679072	0.521507974867	0.506041565974	0.483325277912	0.573223779604	0.494441759304	0.666022232963	0.613823102948	0.506041565974	0.46302561624	0.423876268729	0.696471725471	0.640405993233	0.662155630739	0.640889318511	0.644755920735	0.669888835186	0.535041082649	0.556307394877	0.559690671822	0.553407443209	0.546640889319	0.65973900435	0.566457225713	0.649589173514	0.512324794587	0.618173030449
AB5	0.737071048816	0.654905751571	0.971000483325	0.72450459159	0.617206379894	0.622522957951	0.73852102465	0.661188980184	0.678105364911	0.683421942968	0.685355244079	0.614306428226	0.661188980184	0.903818269696	0.707588206863	0.697438376027	0.71532141131	0.710004833253	0.936201063316	0.808119864669	0.811503141614	0.750120831319	0.750120831319	0.757370710488	0.926534557757	0.766553890768	0.696955050749	0.723537941034	0.750120831319	0.767520541324	0.782986950217	0.757854035766	0.677138714355	0.673272112131	0.0	0.306428226196	0.626872885452	0.6805219913	0.647655872402	0.623489608507	0.595456742388	0.743354277429	0.713871435476	0.663605606573	0.633156114065	0.622522957951	0.618656355727	0.614306428226	0.618656355727	0.599806669889	0.621556307395	0.617206379894	0.59255679072	0.600773320445	0.608023199613	0.61333977767	0.681005316578	0.593523441276	0.665538907685	0.611889801837	0.679555340744	0.614789753504
AB6	0.68293861769	0.598840019333	0.9584340261	0.665055582407	0.575640405993	0.556790720155	0.678105364911	0.601739971	0.61575640406	0.626872885452	0.637022716288	0.542774287095	0.61575640406	0.888351860802	0.646689221846	0.631706138231	0.660222329628	0.653939101015	0.922667955534	0.762203963267	0.749637506042	0.685355244079	0.687288545191	0.690671822136	0.906234896085	0.702271628806	0.641372643789	0.661188980184	0.678105364911	0.696955050749	0.732237796037	0.699371677139	0.596906718221	0.59255679072	0.306428226196	0.0	0.580473658772	0.605123247946	0.583856935718	0.564523924601	0.533591106815	0.672305461576	0.642339294345	0.578057032383	0.579507008217	0.564523924601	0.60657322378	0.555824069599	0.588690188497	0.552440792653	0.573223779604	0.589656839053	0.526824552924	0.558724021266	0.566940550991	0.563557274045	0.618656355727	0.561623972934	0.605606573224	0.563557274045	0.62735621073	0.555340744321
AC5	0.592073465442	0.549540840986	0.971483808603	0.643789270179	0.617689705172	0.446109231513	0.687288545191	0.443209279845	0.434992750121	0.584823586274	0.415659739004	0.567907201547	0.540840985984	0.890285161914	0.630739487675	0.582890285162	0.475592073465	0.471242145964	0.949250845819	0.779603673272	0.623006283229	0.548090865152	0.497341710971	0.48622522958	0.922184630256	0.614306428226	0.445625906235	0.503141614306	0.529241179314	0.572740454326	0.553407443209	0.530691155147	0.466892218463	0.521507974867	0.626872885452	0.580473658772	0.0	0.467375543741	0.447559207347	0.590623489609	0.508458192363	0.71532141131	0.658772353794	0.543740937651	0.480908651522	0.436926051232	0.618173030449	0.569840502658	0.614306428226	0.579507008217	0.577090381827	0.59255679072	0.499275012083	0.485258579024	0.495891735138	0.504108264862	0.591590140164	0.588690188497	0.588690188497	0.575640405993	0.515224746254	0.555340744321
AC6	0.620106331561	0.519091348478	0.948767520541	0.642339294345	0.596423392943	0.518124697922	0.553407443209	0.494441759304	0.529724504592	0.475592073465	0.566940550991	0.558724021266	0.558724021266	0.864668922185	0.545674238763	0.572740454326	0.565007249879	0.562107298212	0.915901401643	0.745770903818	0.648622522958	0.586756887385	0.600773320445	0.597390043499	0.901401643306	0.601739971	0.550024166264	0.556790720155	0.573707104882	0.585790236829	0.647172547124	0.607056549058	0.461092315128	0.506041565974	0.6805219913	0.605123247946	0.467375543741	0.0	0.528757854036	0.519574673755	0.509908168197	0.480908651522	0.426292895118	0.418559690672	0.575640405993	0.552924117931	0.700338327695	0.641372643789	0.67133881102	0.631706138231	0.656355727405	0.681488641856	0.575640405993	0.58095698405	0.593040115998	0.579023682939	0.571290478492	0.665538907685	0.582406959884	0.642822619623	0.556790720155	0.633156114065
AD6	0.591106814886	0.515708071532	0.971483808603	0.622039632673	0.601256645723	0.418559690672	0.637506041566	0.427742870952	0.432092798453	0.539874335428	0.442725954567	0.542774287095	0.521991300145	0.889801836636	0.587240212663	0.544224262929	0.502174963751	0.479942000967	0.947800869986	0.787820202997	0.601739971	0.546157564041	0.538907684872	0.531174480425	0.925084581924	0.623006283229	0.493958434026	0.511841469309	0.56259062349	0.593040115998	0.601256645723	0.555824069599	0.448042532624	0.483325277912	0.647655872402	0.583856935718	0.447559207347	0.528757854036	0.0	0.549540840986	0.40744320928	0.698405026583	0.642339294345	0.532624456259	0.494441759304	0.452392460126	0.634606089899	0.578540357661	0.608023199613	0.578540357661	0.58337361044	0.60657322378	0.488158530691	0.492025132914	0.499758337361	0.487675205413	0.564040599323	0.593040115998	0.561140647656	0.588690188497	0.486708554857	0.56259062349
AE5	0.625906234896	0.522474625423	0.971000483325	0.622522957951	0.545190913485	0.537941034316	0.578057032383	0.539874335428	0.589173513775	0.532141130981	0.617689705172	0.515708071532	0.565490575157	0.887868535524	0.542290961817	0.569840502658	0.599323344611	0.597390043499	0.927501208313	0.760753987434	0.713871435476	0.656839052682	0.649105848236	0.642339294345	0.882068632189	0.656839052682	0.607539874335	0.617689705172	0.644272595457	0.658772353794	0.673755437409	0.633639439343	0.542290961817	0.573223779604	0.623489608507	0.564523924601	0.590623489609	0.519574673755	0.549540840986	0.0	0.358144030933	0.606089898502	0.570807153214	0.51377477042	0.619139681005	0.612373127115	0.661672305462	0.615273078782	0.629772837119	0.59497341711	0.630256162397	0.646205896568	0.542290961817	0.570807153214	0.592073465442	0.554857419043	0.559690671822	0.631706138231	0.5601739971	0.615273078782	0.580473658772	0.607539874335
AE6	0.589173513775	0.474142097632	0.971000483325	0.605606573224	0.540840985984	0.456259062349	0.583856935718	0.45142580957	0.493958434026	0.509424842919	0.517641372644	0.494441759304	0.498791686805	0.884001933301	0.539874335428	0.52779120348	0.545674238763	0.540840985984	0.938617689705	0.772837119381	0.670855485742	0.603673272112	0.591590140164	0.586756887385	0.902368293862	0.629772837119	0.539874335428	0.566940550991	0.592073465442	0.610439826003	0.641372643789	0.595940067666	0.463992266796	0.494441759304	0.595456742388	0.533591106815	0.508458192363	0.509908168197	0.40744320928	0.358144030933	0.0	0.639439342678	0.594006766554	0.485258579024	0.526341227646	0.517158047366	0.62735621073	0.569840502658	0.589656839053	0.563073948768	0.59255679072	0.608989850169	0.477525374577	0.492508458192	0.503141614306	0.484291928468	0.530691155147	0.592073465442	0.539874335428	0.576607056549	0.511841469309	0.555340744321
AF5	0.704204929918	0.645239246013	0.937167713871	0.676172063799	0.655389076849	0.685838569357	0.560657322378	0.651522474625	0.68970517158	0.58337361044	0.732237796037	0.637506041566	0.678588690188	0.853552440793	0.603673272112	0.673755437409	0.719188013533	0.72450459159	0.879168680522	0.731271145481	0.726437892702	0.686805219913	0.725471242146	0.725954567424	0.880618656356	0.696955050749	0.709521507975	0.688255195747	0.681971967134	0.685838569357	0.765103914935	0.730304494925	0.622039632673	0.666022232963	0.743354277429	0.672305461576	0.71532141131	0.480908651522	0.698405026583	0.606089898502	0.639439342678	0.0	0.299661672305	0.540357660706	0.729337844369	0.719671338811	0.767037216046	0.721604639923	0.750120831319	0.707104881585	0.744320927985	0.7593040116	0.698405026583	0.721121314645	0.737071048816	0.713388110198	0.673755437409	0.743354277429	0.681005316578	0.704204929918	0.722087965201	0.725954567424
AF6	0.681971967134	0.590623489609	0.933784436926	0.644755920735	0.627839536008	0.631222812953	0.528274528758	0.600289995167	0.635089415176	0.53939101015	0.676172063799	0.610923151281	0.625906234896	0.852585790237	0.55099081682	0.631706138231	0.674238762687	0.673272112131	0.87046882552	0.714838086032	0.684388593523	0.641855969067	0.685838569357	0.687771870469	0.876268728855	0.666022232963	0.656355727405	0.633156114065	0.623489608507	0.64572257129	0.732237796037	0.694055099082	0.572740454326	0.613823102948	0.713871435476	0.642339294345	0.658772353794	0.426292895118	0.642339294345	0.570807153214	0.594006766554	0.299661672305	0.0	0.487675205413	0.6805219913	0.66892218463	0.740454325761	0.68970517158	0.714838086032	0.678105364911	0.697438376027	0.72692121798	0.648622522958	0.669405509908	0.678588690188	0.663122281295	0.626389560174	0.709038182697	0.623972933784	0.681488641856	0.669405509908	0.676172063799
