	AA3	AA4	AB3	AB4	AC3	AC4	AD3	AD4	AE3	AE4	AF3	AF4	AG3	AG4	AH3	AH4	AA7	AA8	AB7	AB8	AC7	AC8	AD7	AD8	AE7	AE8	AF7	AF8	AG7	AG8	AH7	AH8	AA5	AA6	AB5	AB6	AC5	AC6	AD6	AE5	AE6	AF5	AF6	AG5	AH5	AH6	AA1	AA2	AB1	AB2	AC1	AC2	AD1	AD2	AE1	AE2	AF1	AF2	AG1	AG2	AH1	AH2
AA3	0.0	0.484775253746	0.938617689705	0.646689221846	0.664572257129	0.575157080715	0.669888835186	0.566457225713	0.558240695988	0.602223296278	0.598840019333	0.611406476559	0.586273562107	0.844369260512	0.662155630739	0.325761237313	0.56259062349	0.55099081682	0.864668922185	0.708554857419	0.606089898502	0.553407443209	0.575157080715	0.571290478492	0.837119381344	0.585306911551	0.547124214596	0.540357660706	0.568390526825	0.563073948768	0.579990333494	0.550507491542	0.566457225713	0.587723537941	0.740937651039	0.684871918801	0.596423392943	0.608506524891	0.587240212663	0.634122764621	0.593523441276	0.705171580474	0.682455292412	0.612373127115	0.599806669889	0.607056549058	0.681971967134	0.646689221846	0.710971483809	0.679555340744	0.632189463509	0.657805703238	0.558724021266	0.551957467376	0.566940550991	0.562107298212	0.574673755437	0.663122281295	0.581440309328	0.67133881102	0.56935717738	0.644755920735
AA4	0.484775253746	0.0	0.950700821653	0.566457225713	0.5601739971	0.49540840986	0.592073465442	0.500241662639	0.512808119865	0.507491541808	0.572257129048	0.497341710971	0.489608506525	0.845335911068	0.377960367327	0.353794103432	0.535041082649	0.546157564041	0.88883518608	0.722571290478	0.662155630739	0.595940067666	0.584823586274	0.578540357661	0.873852102465	0.619623006283	0.559207346544	0.562107298212	0.605123247946	0.60657322378	0.628806186564	0.583856935718	0.517158047366	0.532624456259	0.67133881102	0.607539874335	0.567423876269	0.520541324311	0.532141130981	0.524407926535	0.494441759304	0.623489608507	0.596423392943	0.5186080232	0.580473658772	0.578057032383	0.63653939101	0.569840502658	0.622522957951	0.600289995167	0.585790236829	0.618656355727	0.501208313195	0.510874818753	0.527307878202	0.523441275979	0.500241662639	0.613823102948	0.492025132914	0.599806669889	0.51619139681	0.568390526825
AB3	0.938617689705	0.950700821653	0.0	0.685355244079	0.924601256646	0.958917351377	0.955050749154	0.942000966651	0.928951184147	0.951667472209	0.972450459159	0.934751087482	0.970033832769	0.347510874819	0.965683905268	0.947800869986	0.970033832769	0.970033832769	0.736587723538	0.755437409377	0.892218463026	0.907201546641	0.960367327211	0.951667472209	0.857902368294	0.908168197197	0.945867568874	0.928951184147	0.849685838569	0.828902851619	0.951667472209	0.953117448043	0.9584340261	0.965683905268	0.974867085549	0.967133881102	0.977767037216	0.959400676655	0.975350410826	0.976317061382	0.974383760271	0.934267762204	0.934267762204	0.951667472209	0.977283711938	0.973900434993	0.975350410826	0.971967133881	0.972933784437	0.974383760271	0.974383760271	0.974867085549	0.975833736104	0.975350410826	0.976317061382	0.975350410826	0.973900434993	0.973417109715	0.973417109715	0.97680038666	0.973417109715	0.973417109715
AB4	0.646689221846	0.566457225713	0.685355244079	0.0	0.628806186564	0.606089898502	0.679072015466	0.61333977767	0.602706621556	0.608506524891	0.637022716288	0.588690188497	0.485258579024	0.559207346544	0.605123247946	0.594490091832	0.62493958434	0.631222812953	0.737554374094	0.570807153214	0.668438859352	0.628806186564	0.65732237796	0.644755920735	0.797970033833	0.642822619623	0.642822619623	0.634122764621	0.5601739971	0.568390526825	0.70130497825	0.663122281295	0.627839536008	0.643789270179	0.716771387144	0.65732237796	0.649105848236	0.620106331561	0.611889801837	0.625906234896	0.609473175447	0.658772353794	0.652972450459	0.611406476559	0.680038666022	0.672305461576	0.689221846303	0.638472692122	0.673755437409	0.666022232963	0.64813919768	0.665538907685	0.619623006283	0.628322861286	0.64572257129	0.637506041566	0.635089415176	0.666988883519	0.626872885452	0.653939101015	0.637989366844	0.643305944901
AC3	0.664572257129	0.5601739971	0.924601256646	0.628806186564	0.0	0.502174963751	0.638472692122	0.559207346544	0.565490575157	0.572257129048	0.641855969067	0.335427742871	0.608506524891	0.829386176897	0.587240212663	0.598356694055	0.614789753504	0.611406476559	0.871918801353	0.761720637989	0.740454325761	0.683905268246	0.722571290478	0.709521507975	0.832769453842	0.696955050749	0.665538907685	0.677622039633	0.687771870469	0.691638472692	0.714838086032	0.679555340744	0.619139681005	0.635572740454	0.632189463509	0.601739971	0.632189463509	0.584823586274	0.584823586274	0.550024166264	0.545674238763	0.656355727405	0.658289028516	0.566457225713	0.651039149348	0.649589173514	0.585306911551	0.586273562107	0.578540357661	0.573223779604	0.595456742388	0.583856935718	0.535524407927	0.563557274045	0.579990333494	0.56935717738	0.618173030449	0.575157080715	0.608506524891	0.587723537941	0.614306428226	0.598840019333
AC4	0.575157080715	0.49540840986	0.958917351377	0.606089898502	0.502174963751	0.0	0.620106331561	0.41904301595	0.417593040116	0.517641372644	0.356694055099	0.412759787337	0.507491541808	0.857419043016	0.559207346544	0.528274528758	0.479458675689	0.464475592073	0.930401159981	0.762203963267	0.601739971	0.535524407927	0.524891251812	0.515708071532	0.889318511358	0.581440309328	0.484775253746	0.511358144031	0.543257612373	0.5601739971	0.580473658772	0.523924601257	0.456742387627	0.462058965684	0.64813919768	0.582406959884	0.473658772354	0.508941517641	0.425326244563	0.54857419043	0.469308844853	0.675688738521	0.651039149348	0.507491541808	0.507974867086	0.48622522958	0.640889318511	0.575640405993	0.601739971	0.595940067666	0.578057032383	0.617689705172	0.493475108748	0.48622522958	0.51377477042	0.50700821653	0.544224262929	0.610439826003	0.540357660706	0.587723537941	0.477042049299	0.570323827936
AD3	0.669888835186	0.592073465442	0.955050749154	0.679072015466	0.638472692122	0.620106331561	0.0	0.528274528758	0.637506041566	0.356694055099	0.675688738521	0.596423392943	0.646689221846	0.855002416626	0.590140164331	0.635089415176	0.679555340744	0.684388593523	0.936201063316	0.771387143548	0.723054615756	0.690188496858	0.695988400193	0.690671822136	0.915901401643	0.679555340744	0.696471725471	0.686805219913	0.691638472692	0.683421942968	0.712421459642	0.684871918801	0.631706138231	0.651039149348	0.736587723538	0.668438859352	0.676655389077	0.52779120348	0.636056065732	0.582890285162	0.565007249879	0.542774287095	0.521991300145	0.542774287095	0.70372160464	0.687771870469	0.757370710488	0.706621556307	0.736587723538	0.712421459642	0.715804736588	0.737071048816	0.646689221846	0.658289028516	0.66892218463	0.658772353794	0.633639439343	0.734171097148	0.633156114065	0.710971483809	0.686321894635	0.70372160464
AD4	0.566457225713	0.500241662639	0.942000966651	0.61333977767	0.559207346544	0.41904301595	0.528274528758	0.0	0.322377960367	0.399226679555	0.444175930401	0.493958434026	0.523441275979	0.841952634123	0.563073948768	0.528274528758	0.456742387627	0.446109231513	0.938617689705	0.771387143548	0.583856935718	0.501691638473	0.48622522958	0.477042049299	0.90285161914	0.595940067666	0.439342677622	0.459642339294	0.511358144031	0.553407443209	0.543257612373	0.493475108748	0.414693088449	0.440792653456	0.646689221846	0.587723537941	0.429676172064	0.481875302078	0.43740937651	0.558240695988	0.480425326245	0.641372643789	0.609956500725	0.489125181247	0.503141614306	0.475108748188	0.662638956017	0.603189946834	0.63653939101	0.62735621073	0.607539874335	0.640889318511	0.506041565974	0.511841469309	0.535524407927	0.528274528758	0.553407443209	0.635572740454	0.542290961817	0.623006283229	0.50459159014	0.598356694055
AE3	0.558240695988	0.512808119865	0.928951184147	0.602706621556	0.565490575157	0.417593040116	0.637506041566	0.322377960367	0.0	0.503624939584	0.422426292895	0.503624939584	0.509908168197	0.832286128565	0.566940550991	0.525857902368	0.455292411793	0.44224262929	0.920734654422	0.751087481875	0.563557274045	0.477042049299	0.473658772354	0.480425326245	0.890285161914	0.587723537941	0.435476075399	0.454325761237	0.49540840986	0.538907684872	0.541324311261	0.490575157081	0.407926534558	0.4398260029	0.665538907685	0.600289995167	0.437892701788	0.521507974867	0.441759304012	0.594490091832	0.514258095698	0.681971967134	0.656839052682	0.517641372644	0.49299178347	0.459159014016	0.655389076849	0.600289995167	0.629289511841	0.620589656839	0.600289995167	0.6389560174	0.505558240696	0.514258095698	0.537941034316	0.526824552924	0.556307394877	0.635089415176	0.55099081682	0.609473175447	0.49299178347	0.592073465442
AE4	0.602223296278	0.507491541808	0.951667472209	0.608506524891	0.572257129048	0.517641372644	0.356694055099	0.399226679555	0.503624939584	0.0	0.569840502658	0.515708071532	0.558240695988	0.845819236346	0.528757854036	0.546157564041	0.570323827936	0.58095698405	0.933301111648	0.762203963267	0.663605606573	0.602223296278	0.597873368777	0.58337361044	0.906718221363	0.633156114065	0.587240212663	0.574673755437	0.597390043499	0.601739971	0.649589173514	0.605123247946	0.523441275979	0.55099081682	0.683905268246	0.611889801837	0.574190430159	0.468342194297	0.534074432093	0.535524407927	0.478975350411	0.575640405993	0.552924117931	0.479458675689	0.60415659739	0.591590140164	0.705171580474	0.646689221846	0.674238762687	0.665538907685	0.652005799903	0.679555340744	0.566940550991	0.575640405993	0.579507008217	0.573223779604	0.565490575157	0.677138714355	0.560657322378	0.656355727405	0.579507008217	0.636056065732
AF3	0.598840019333	0.572257129048	0.972450459159	0.637022716288	0.641855969067	0.356694055099	0.675688738521	0.444175930401	0.422426292895	0.569840502658	0.0	0.545190913485	0.534557757371	0.871918801353	0.621072982117	0.57177380377	0.459642339294	0.436442725955	0.954567423876	0.786370227163	0.60657322378	0.538424359594	0.426292895118	0.429676172064	0.915901401643	0.609956500725	0.427742870952	0.50459159014	0.536007733204	0.582406959884	0.535041082649	0.497341710971	0.456742387627	0.49299178347	0.683905268246	0.635089415176	0.435959400677	0.542290961817	0.462058965684	0.608989850169	0.53020782987	0.713871435476	0.684871918801	0.549540840986	0.528274528758	0.500724987917	0.679072015466	0.614789753504	0.668438859352	0.6389560174	0.620106331561	0.658772353794	0.552440792653	0.531174480425	0.552924117931	0.544707588207	0.584340260996	0.662638956017	0.584823586274	0.628806186564	0.510391493475	0.607056549058
AF4	0.611406476559	0.497341710971	0.934751087482	0.588690188497	0.335427742871	0.412759787337	0.596423392943	0.493958434026	0.503624939584	0.515708071532	0.545190913485	0.0	0.544224262929	0.83566940551	0.537457709038	0.545674238763	0.565007249879	0.559690671822	0.890285161914	0.729821169647	0.690188496858	0.632189463509	0.656839052682	0.642822619623	0.859835669406	0.6389560174	0.59497341711	0.611406476559	0.633156114065	0.643305944901	0.658289028516	0.618656355727	0.554857419043	0.563557274045	0.631222812953	0.560657322378	0.579507008217	0.529241179314	0.522957950701	0.503141614306	0.485258579024	0.617689705172	0.615273078782	0.50459159014	0.594490091832	0.591590140164	0.601739971	0.547607539874	0.578540357661	0.56259062349	0.558240695988	0.583856935718	0.500241662639	0.514258095698	0.541807636539	0.529724504592	0.566940550991	0.572740454326	0.559207346544	0.566457225713	0.547607539874	0.547607539874
AG3	0.586273562107	0.489608506525	0.970033832769	0.485258579024	0.608506524891	0.507491541808	0.646689221846	0.523441275979	0.509908168197	0.558240695988	0.534557757371	0.544224262929	0.0	0.838569357177	0.522474625423	0.515224746254	0.506524891252	0.497825036249	0.934751087482	0.765587240213	0.670855485742	0.602223296278	0.585306911551	0.59255679072	0.890285161914	0.639922667956	0.545674238763	0.573707104882	0.614789753504	0.61575640406	0.637022716288	0.587240212663	0.521507974867	0.519091348478	0.660705654906	0.607539874335	0.534074432093	0.551957467376	0.514741420976	0.574673755437	0.501208313195	0.677138714355	0.651522474625	0.532624456259	0.56259062349	0.550024166264	0.619623006283	0.56935717738	0.608506524891	0.608989850169	0.578057032383	0.600289995167	0.504108264862	0.509908168197	0.528757854036	0.523441275979	0.550024166264	0.604639922668	0.55099081682	0.594006766554	0.497341710971	0.565490575157
AG4	0.844369260512	0.845335911068	0.347510874819	0.559207346544	0.829386176897	0.857419043016	0.855002416626	0.841952634123	0.832286128565	0.845819236346	0.871918801353	0.83566940551	0.838569357177	0.0	0.863218946351	0.846302561624	0.878202029966	0.879168680522	0.727404543258	0.679555340744	0.810053165781	0.818269695505	0.871918801353	0.865152247463	0.822619623006	0.818269695505	0.857902368294	0.842919284679	0.766553890768	0.744320927985	0.876268728855	0.862252295795	0.864185596907	0.867085548574	0.889318511358	0.878685355244	0.881585306912	0.854519091348	0.874818753021	0.871435476075	0.869018849686	0.838569357177	0.838086031899	0.854519091348	0.885935234413	0.880135331078	0.874818753021	0.876752054132	0.876268728855	0.872402126631	0.889801836636	0.877718704688	0.880618656356	0.877718704688	0.889318511358	0.880618656356	0.873852102465	0.881585306912	0.872402126631	0.87723537941	0.878685355244	0.883518608023
AH3	0.662155630739	0.377960367327	0.965683905268	0.605123247946	0.587240212663	0.559207346544	0.590140164331	0.563073948768	0.566940550991	0.528757854036	0.621072982117	0.537457709038	0.522474625423	0.863218946351	0.0	0.525857902368	0.58337361044	0.590140164331	0.931367810536	0.767520541324	0.721121314645	0.651039149348	0.644755920735	0.648622522958	0.906234896085	0.700821652972	0.632189463509	0.643305944901	0.673272112131	0.681005316578	0.698888351861	0.655872402127	0.549540840986	0.575640405993	0.701788303528	0.638472692122	0.626872885452	0.546157564041	0.594006766554	0.555340744321	0.554857419043	0.590140164331	0.572740454326	0.549057515708	0.6389560174	0.624456259062	0.688255195747	0.605123247946	0.640405993233	0.638472692122	0.636056065732	0.653455775737	0.587240212663	0.59497341711	0.598356694055	0.598840019333	0.570807153214	0.651039149348	0.564040599323	0.630739487675	0.583856935718	0.604639922668
AH4	0.325761237313	0.353794103432	0.947800869986	0.594490091832	0.598356694055	0.528274528758	0.635089415176	0.528274528758	0.525857902368	0.546157564041	0.57177380377	0.545674238763	0.515224746254	0.846302561624	0.525857902368	0.0	0.524891251812	0.538424359594	0.878685355244	0.721604639923	0.642822619623	0.576123731271	0.574673755437	0.568390526825	0.859352344128	0.611406476559	0.550024166264	0.540840985984	0.585306911551	0.582890285162	0.600773320445	0.557274045433	0.53939101015	0.55099081682	0.688738521025	0.628806186564	0.567907201547	0.56259062349	0.536007733204	0.572740454326	0.52537457709	0.67133881102	0.642339294345	0.561140647656	0.585306911551	0.585790236829	0.639439342678	0.589173513775	0.639922667956	0.612856452392	0.587240212663	0.616239729338	0.516674722088	0.50700821653	0.526341227646	0.514258095698	0.50459159014	0.614789753504	0.510391493475	0.606089898502	0.521507974867	0.585790236829
AA7	0.56259062349	0.535041082649	0.970033832769	0.62493958434	0.614789753504	0.479458675689	0.679555340744	0.456742387627	0.455292411793	0.570323827936	0.459642339294	0.565007249879	0.506524891252	0.878202029966	0.58337361044	0.524891251812	0.0	0.274045432576	0.915418076365	0.764137264379	0.596906718221	0.50700821653	0.4813919768	0.482841952634	0.869502174964	0.582890285162	0.451909134848	0.481875302078	0.53939101015	0.571290478492	0.523924601257	0.424359594007	0.447559207347	0.491058482359	0.704688255196	0.65055582407	0.470275495408	0.561623972934	0.488158530691	0.602706621556	0.549057515708	0.709521507975	0.687771870469	0.568390526825	0.549540840986	0.512324794587	0.656839052682	0.611889801837	0.65732237796	0.641855969067	0.585790236829	0.625906234896	0.510874818753	0.519574673755	0.53697438376	0.524407926535	0.544707588207	0.624456259062	0.540357660706	0.6389560174	0.500724987917	0.601739971
AA8	0.55099081682	0.546157564041	0.970033832769	0.631222812953	0.611406476559	0.464475592073	0.684388593523	0.446109231513	0.44224262929	0.58095698405	0.436442725955	0.559690671822	0.497825036249	0.879168680522	0.590140164331	0.538424359594	0.274045432576	0.0	0.915901401643	0.762203963267	0.584823586274	0.491541807637	0.464958917351	0.467858869019	0.869018849686	0.58337361044	0.423392943451	0.472692121798	0.524891251812	0.563557274045	0.476075398743	0.383760270662	0.438376027066	0.480425326245	0.70130497825	0.652489125181	0.446592556791	0.55775737071	0.478975350411	0.598356694055	0.541807636539	0.721121314645	0.695988400193	0.564523924601	0.531657805703	0.49299178347	0.634122764621	0.59497341711	0.656839052682	0.62735621073	0.575157080715	0.614306428226	0.492025132914	0.499758337361	0.522474625423	0.514741420976	0.544707588207	0.608506524891	0.533591106815	0.631706138231	0.484291928468	0.59255679072
AB7	0.864668922185	0.88883518608	0.736587723538	0.737554374094	0.871918801353	0.930401159981	0.936201063316	0.938617689705	0.920734654422	0.933301111648	0.954567423876	0.890285161914	0.934751087482	0.727404543258	0.931367810536	0.878685355244	0.915418076365	0.915901401643	0.0	0.415176413726	0.806186563557	0.826002899952	0.937651039149	0.926534557757	0.739487675205	0.824552924118	0.894635089415	0.87046882552	0.751087481875	0.695021749638	0.886418559691	0.889801836636	0.926051232479	0.942484291928	0.943934267762	0.933784436926	0.949734171097	0.924117931368	0.953117448043	0.929434509425	0.933784436926	0.869502174964	0.875785403577	0.908651522475	0.954084098598	0.956984050266	0.926534557757	0.923151280812	0.930884485259	0.931851135814	0.929917834703	0.922667955534	0.920251329145	0.913484775254	0.919284678589	0.910584823586	0.9212179797	0.919284678589	0.924601256646	0.931851135814	0.945867568874	0.931367810536
AB8	0.708554857419	0.722571290478	0.755437409377	0.570807153214	0.761720637989	0.762203963267	0.771387143548	0.771387143548	0.751087481875	0.762203963267	0.786370227163	0.729821169647	0.765587240213	0.679555340744	0.767520541324	0.721604639923	0.764137264379	0.762203963267	0.415176413726	0.0	0.650072498792	0.663122281295	0.762203963267	0.751087481875	0.725954567424	0.65732237796	0.724987916868	0.699371677139	0.553890768487	0.521024649589	0.730787820203	0.72692121798	0.761720637989	0.774770420493	0.823586273562	0.771870468826	0.779603673272	0.753987433543	0.778153697438	0.758337361044	0.757854035766	0.717738037699	0.721121314645	0.73610439826	0.794586756887	0.794103431609	0.813919768004	0.754954084099	0.801353310778	0.780570323828	0.776703721605	0.787820202997	0.763170613823	0.756404059932	0.76848719188	0.760753987434	0.75688738521	0.782020299662	0.757854035766	0.774287095215	0.778153697438	0.764137264379
AC7	0.606089898502	0.662155630739	0.892218463026	0.668438859352	0.740454325761	0.601739971	0.723054615756	0.583856935718	0.563557274045	0.663605606573	0.60657322378	0.690188496858	0.670855485742	0.810053165781	0.721121314645	0.642822619623	0.596906718221	0.584823586274	0.806186563557	0.650072498792	0.0	0.352344127598	0.578540357661	0.569840502658	0.819236346061	0.583856935718	0.546640889319	0.517158047366	0.482841952634	0.491541807637	0.572740454326	0.545674238763	0.568873852102	0.596906718221	0.810536491058	0.754954084099	0.628806186564	0.65055582407	0.619139681005	0.730304494925	0.681488641856	0.706138231029	0.686321894635	0.648622522958	0.635089415176	0.609473175447	0.812953117448	0.757854035766	0.795553407443	0.784920251329	0.746254229096	0.786370227163	0.677138714355	0.664572257129	0.68970517158	0.679555340744	0.66892218463	0.787336877719	0.673755437409	0.772837119381	0.629289511841	0.745770903818
AC8	0.553407443209	0.595940067666	0.907201546641	0.628806186564	0.683905268246	0.535524407927	0.690188496858	0.501691638473	0.477042049299	0.602223296278	0.538424359594	0.632189463509	0.602223296278	0.818269695505	0.651039149348	0.576123731271	0.50700821653	0.491541807637	0.826002899952	0.663122281295	0.352344127598	0.0	0.487675205413	0.485741904302	0.827936201063	0.540840985984	0.398743354277	0.377477042049	0.420492991783	0.453359110681	0.519091348478	0.476075398743	0.479942000967	0.522474625423	0.742387626873	0.684388593523	0.542290961817	0.587723537941	0.547607539874	0.661188980184	0.607539874335	0.663605606573	0.639439342678	0.579507008217	0.568390526825	0.53697438376	0.739971000483	0.672788786854	0.730304494925	0.721121314645	0.667955534074	0.709521507975	0.605123247946	0.586756887385	0.61575640406	0.607539874335	0.598840019333	0.71532141131	0.604639922668	0.708071532141	0.551957467376	0.663605606573
AD7	0.575157080715	0.584823586274	0.960367327211	0.65732237796	0.722571290478	0.524891251812	0.695988400193	0.48622522958	0.473658772354	0.597873368777	0.426292895118	0.656839052682	0.585306911551	0.871918801353	0.644755920735	0.574673755437	0.4813919768	0.464958917351	0.937651039149	0.762203963267	0.578540357661	0.487675205413	0.0	0.286128564524	0.895601739971	0.522474625423	0.410343160947	0.450459159014	0.503624939584	0.55099081682	0.501691638473	0.461092315128	0.49299178347	0.532624456259	0.742387626873	0.683421942968	0.493475108748	0.584823586274	0.53697438376	0.654905751571	0.601739971	0.719188013533	0.688738521025	0.600773320445	0.550507491542	0.533591106815	0.73610439826	0.669405509908	0.732721121315	0.71532141131	0.662638956017	0.702271628806	0.609956500725	0.591106814886	0.608023199613	0.609473175447	0.588690188497	0.707104881585	0.590623489609	0.699371677139	0.55775737071	0.656355727405
AD8	0.571290478492	0.578540357661	0.951667472209	0.644755920735	0.709521507975	0.515708071532	0.690671822136	0.477042049299	0.480425326245	0.58337361044	0.429676172064	0.642822619623	0.59255679072	0.865152247463	0.648622522958	0.568390526825	0.482841952634	0.467858869019	0.926534557757	0.751087481875	0.569840502658	0.485741904302	0.286128564524	0.0	0.869018849686	0.49299178347	0.409859835669	0.451909134848	0.484291928468	0.53020782987	0.499275012083	0.457709038183	0.492025132914	0.529724504592	0.739487675205	0.68293861769	0.486708554857	0.573223779604	0.526824552924	0.649589173514	0.593040115998	0.712421459642	0.683905268246	0.58337361044	0.558240695988	0.542290961817	0.732237796037	0.663122281295	0.724021266312	0.706621556307	0.658289028516	0.696955050749	0.593523441276	0.58095698405	0.59497341711	0.598356694055	0.587240212663	0.707588206863	0.590623489609	0.694055099082	0.560657322378	0.654905751571
AE7	0.837119381344	0.873852102465	0.857902368294	0.797970033833	0.832769453842	0.889318511358	0.915901401643	0.90285161914	0.890285161914	0.906718221363	0.915901401643	0.859835669406	0.890285161914	0.822619623006	0.906234896085	0.859352344128	0.869502174964	0.869018849686	0.739487675205	0.725954567424	0.819236346061	0.827936201063	0.895601739971	0.869018849686	0.0	0.538907684872	0.873852102465	0.85645239246	0.768970517158	0.761720637989	0.840019333011	0.852585790237	0.898985016916	0.91445142581	0.927984533591	0.91445142581	0.913968100532	0.903334944418	0.91203479942	0.880618656356	0.893668438859	0.875785403577	0.873368777187	0.872885451909	0.938134364427	0.929917834703	0.893185113581	0.903334944418	0.912518124698	0.900918318028	0.906718221363	0.898501691638	0.892701788304	0.894151764137	0.905751570807	0.887385210246	0.903334944418	0.894635089415	0.904301594973	0.902368293862	0.910584823586	0.91203479942
AE8	0.585306911551	0.619623006283	0.908168197197	0.642822619623	0.696955050749	0.581440309328	0.679555340744	0.595940067666	0.587723537941	0.633156114065	0.609956500725	0.6389560174	0.639922667956	0.818269695505	0.700821652972	0.611406476559	0.582890285162	0.58337361044	0.824552924118	0.65732237796	0.583856935718	0.540840985984	0.522474625423	0.49299178347	0.538907684872	0.0	0.564040599323	0.550024166264	0.521991300145	0.513291445143	0.563073948768	0.550024166264	0.595940067666	0.611406476559	0.765587240213	0.706138231029	0.612856452392	0.605123247946	0.610923151281	0.661188980184	0.627839536008	0.685355244079	0.658772353794	0.605606573224	0.641855969067	0.628806186564	0.746254229096	0.69212179797	0.757854035766	0.719188013533	0.697921701305	0.72450459159	0.651522474625	0.637022716288	0.64572257129	0.637989366844	0.647655872402	0.72692121798	0.655389076849	0.710971483809	0.621556307395	0.683905268246
AF7	0.547124214596	0.559207346544	0.945867568874	0.642822619623	0.665538907685	0.484775253746	0.696471725471	0.439342677622	0.435476075399	0.587240212663	0.427742870952	0.59497341711	0.545674238763	0.857902368294	0.632189463509	0.550024166264	0.451909134848	0.423392943451	0.894635089415	0.724987916868	0.546640889319	0.398743354277	0.410343160947	0.409859835669	0.873852102465	0.564040599323	0.0	0.323827936201	0.480908651522	0.52779120348	0.478008699855	0.459642339294	0.444175930401	0.477525374577	0.688255195747	0.632189463509	0.446592556791	0.547607539874	0.489125181247	0.616239729338	0.54857419043	0.701788303528	0.671822136298	0.553890768487	0.514741420976	0.485741904302	0.668438859352	0.616239729338	0.673272112131	0.664088931851	0.605123247946	0.642822619623	0.545674238763	0.521991300145	0.554374093765	0.544707588207	0.561623972934	0.64813919768	0.558724021266	0.649105848236	0.490091831803	0.603673272112
AF8	0.540357660706	0.562107298212	0.928951184147	0.634122764621	0.677622039633	0.511358144031	0.686805219913	0.459642339294	0.454325761237	0.574673755437	0.50459159014	0.611406476559	0.573707104882	0.842919284679	0.643305944901	0.540840985984	0.481875302078	0.472692121798	0.87046882552	0.699371677139	0.517158047366	0.377477042049	0.450459159014	0.451909134848	0.85645239246	0.550024166264	0.323827936201	0.0	0.448525857902	0.490575157081	0.51619139681	0.473658772354	0.464958917351	0.511358144031	0.71532141131	0.65732237796	0.494441759304	0.558724021266	0.516674722088	0.616239729338	0.566940550991	0.677138714355	0.646689221846	0.554374093765	0.537457709038	0.520541324311	0.690671822136	0.637989366844	0.694055099082	0.683421942968	0.632189463509	0.664572257129	0.563557274045	0.546640889319	0.577573707105	0.569840502658	0.556790720155	0.672788786854	0.550507491542	0.677138714355	0.513291445143	0.624456259062
AG7	0.568390526825	0.605123247946	0.849685838569	0.5601739971	0.687771870469	0.543257612373	0.691638472692	0.511358144031	0.49540840986	0.597390043499	0.536007733204	0.633156114065	0.614789753504	0.766553890768	0.673272112131	0.585306911551	0.53939101015	0.524891251812	0.751087481875	0.553890768487	0.482841952634	0.420492991783	0.503624939584	0.484291928468	0.768970517158	0.521991300145	0.480908651522	0.448525857902	0.0	0.301594973417	0.541324311261	0.50700821653	0.512808119865	0.549540840986	0.751087481875	0.689221846303	0.544707588207	0.581923634606	0.543740937651	0.654905751571	0.602223296278	0.654905751571	0.629289511841	0.570323827936	0.593040115998	0.570323827936	0.741420976317	0.673272112131	0.724987916868	0.719188013533	0.669405509908	0.71290478492	0.611889801837	0.603189946834	0.620106331561	0.617206379894	0.619139681005	0.716771387144	0.625906234896	0.704204929918	0.582890285162	0.667472208797
AG8	0.563073948768	0.60657322378	0.828902851619	0.568390526825	0.691638472692	0.5601739971	0.683421942968	0.553407443209	0.538907684872	0.601739971	0.582406959884	0.643305944901	0.61575640406	0.744320927985	0.681005316578	0.582890285162	0.571290478492	0.563557274045	0.695021749638	0.521024649589	0.491541807637	0.453359110681	0.55099081682	0.53020782987	0.761720637989	0.513291445143	0.52779120348	0.490575157081	0.301594973417	0.0	0.571290478492	0.539874335428	0.552440792653	0.569840502658	0.7593040116	0.698888351861	0.583856935718	0.590623489609	0.572740454326	0.663122281295	0.601739971	0.654905751571	0.635572740454	0.579990333494	0.61333977767	0.598356694055	0.751087481875	0.6805219913	0.735137747704	0.721121314645	0.677622039633	0.718221362977	0.621072982117	0.618656355727	0.62493958434	0.622522957951	0.624456259062	0.721604639923	0.633639439343	0.70372160464	0.599323344611	0.674238762687
AH7	0.579990333494	0.628806186564	0.951667472209	0.70130497825	0.714838086032	0.580473658772	0.712421459642	0.543257612373	0.541324311261	0.649589173514	0.535041082649	0.658289028516	0.637022716288	0.876268728855	0.698888351861	0.600773320445	0.523924601257	0.476075398743	0.886418559691	0.730787820203	0.572740454326	0.519091348478	0.501691638473	0.499275012083	0.840019333011	0.563073948768	0.478008699855	0.51619139681	0.541324311261	0.571290478492	0.0	0.314644755921	0.580473658772	0.607056549058	0.779603673272	0.731271145481	0.541807636539	0.649105848236	0.599806669889	0.67133881102	0.649105848236	0.757370710488	0.730304494925	0.65055582407	0.637022716288	0.610923151281	0.758337361044	0.713388110198	0.762203963267	0.740454325761	0.695505074915	0.732721121315	0.619623006283	0.620589656839	0.630739487675	0.630739487675	0.624456259062	0.738037699372	0.62735621073	0.727404543258	0.613823102948	0.704688255196
AH8	0.550507491542	0.583856935718	0.953117448043	0.663122281295	0.679555340744	0.523924601257	0.684871918801	0.493475108748	0.490575157081	0.605123247946	0.497341710971	0.618656355727	0.587240212663	0.862252295795	0.655872402127	0.557274045433	0.424359594007	0.383760270662	0.889801836636	0.72692121798	0.545674238763	0.476075398743	0.461092315128	0.457709038183	0.852585790237	0.550024166264	0.459642339294	0.473658772354	0.50700821653	0.539874335428	0.314644755921	0.0	0.522957950701	0.552924117931	0.755437409377	0.700338327695	0.50700821653	0.601256645723	0.546640889319	0.637506041566	0.601739971	0.714838086032	0.695505074915	0.603189946834	0.581923634606	0.562107298212	0.711454809087	0.661188980184	0.714354760754	0.688738521025	0.647172547124	0.684871918801	0.577090381827	0.564040599323	0.590140164331	0.579990333494	0.575157080715	0.691155147414	0.579023682939	0.68293861769	0.5601739971	0.652489125181
AA5	0.566457225713	0.517158047366	0.9584340261	0.627839536008	0.619139681005	0.456742387627	0.631706138231	0.414693088449	0.407926534558	0.523441275979	0.456742387627	0.554857419043	0.521507974867	0.864185596907	0.549540840986	0.53939101015	0.447559207347	0.438376027066	0.926051232479	0.761720637989	0.568873852102	0.479942000967	0.49299178347	0.492025132914	0.898985016916	0.595940067666	0.444175930401	0.464958917351	0.512808119865	0.552440792653	0.580473658772	0.522957950701	0.0	0.342194296762	0.684388593523	0.608989850169	0.476558724021	0.464958917351	0.465925567907	0.559690671822	0.485741904302	0.624456259062	0.593523441276	0.475108748188	0.516674722088	0.462058965684	0.69453842436	0.635572740454	0.665055582407	0.656839052682	0.637989366844	0.672788786854	0.523924601257	0.545674238763	0.572740454326	0.553890768487	0.549540840986	0.669888835186	0.554374093765	0.640889318511	0.503624939584	0.623489608507
AA6	0.587723537941	0.532624456259	0.965683905268	0.643789270179	0.635572740454	0.462058965684	0.651039149348	0.440792653456	0.4398260029	0.55099081682	0.49299178347	0.563557274045	0.519091348478	0.867085548574	0.575640405993	0.55099081682	0.491058482359	0.480425326245	0.942484291928	0.774770420493	0.596906718221	0.522474625423	0.532624456259	0.529724504592	0.91445142581	0.611406476559	0.477525374577	0.511358144031	0.549540840986	0.569840502658	0.607056549058	0.552924117931	0.342194296762	0.0	0.672305461576	0.596906718221	0.493958434026	0.497341710971	0.464475592073	0.582890285162	0.50700821653	0.662638956017	0.62493958434	0.507491541808	0.457709038183	0.40502658289	0.671822136298	0.619623006283	0.64813919768	0.644755920735	0.620589656839	0.653939101015	0.518124697922	0.532141130981	0.557274045433	0.53697438376	0.556307394877	0.651039149348	0.553890768487	0.630256162397	0.505558240696	0.608989850169
AB5	0.740937651039	0.67133881102	0.974867085549	0.716771387144	0.632189463509	0.64813919768	0.736587723538	0.646689221846	0.665538907685	0.683905268246	0.683905268246	0.631222812953	0.660705654906	0.889318511358	0.701788303528	0.688738521025	0.704688255196	0.70130497825	0.943934267762	0.823586273562	0.810536491058	0.742387626873	0.742387626873	0.739487675205	0.927984533591	0.765587240213	0.688255195747	0.71532141131	0.751087481875	0.7593040116	0.779603673272	0.755437409377	0.684388593523	0.672305461576	0.0	0.315611406477	0.622522957951	0.666988883519	0.618173030449	0.620106331561	0.597390043499	0.743354277429	0.73852102465	0.639922667956	0.617689705172	0.619139681005	0.605606573224	0.607539874335	0.619623006283	0.599323344611	0.624456259062	0.614306428226	0.603673272112	0.600773320445	0.616723054616	0.614306428226	0.66892218463	0.601739971	0.663605606573	0.603189946834	0.663122281295	0.618173030449
AB6	0.684871918801	0.607539874335	0.967133881102	0.65732237796	0.601739971	0.582406959884	0.668438859352	0.587723537941	0.600289995167	0.611889801837	0.635089415176	0.560657322378	0.607539874335	0.878685355244	0.638472692122	0.628806186564	0.65055582407	0.652489125181	0.933784436926	0.771870468826	0.754954084099	0.684388593523	0.683421942968	0.68293861769	0.91445142581	0.706138231029	0.632189463509	0.65732237796	0.689221846303	0.698888351861	0.731271145481	0.700338327695	0.608989850169	0.596906718221	0.315611406477	0.0	0.580473658772	0.589656839053	0.56935717738	0.572740454326	0.53939101015	0.667955534074	0.660705654906	0.546157564041	0.549057515708	0.565007249879	0.567907201547	0.529241179314	0.578057032383	0.541324311261	0.549057515708	0.560657322378	0.543257612373	0.554857419043	0.572257129048	0.565490575157	0.602706621556	0.550507491542	0.602706621556	0.538424359594	0.616239729338	0.534074432093
AC5	0.596423392943	0.567423876269	0.977767037216	0.649105848236	0.632189463509	0.473658772354	0.676655389077	0.429676172064	0.437892701788	0.574190430159	0.435959400677	0.579507008217	0.534074432093	0.881585306912	0.626872885452	0.567907201547	0.470275495408	0.446592556791	0.949734171097	0.779603673272	0.628806186564	0.542290961817	0.493475108748	0.486708554857	0.913968100532	0.612856452392	0.446592556791	0.494441759304	0.544707588207	0.583856935718	0.541807636539	0.50700821653	0.476558724021	0.493958434026	0.622522957951	0.580473658772	0.0	0.448525857902	0.426292895118	0.579507008217	0.511841469309	0.70372160464	0.663605606573	0.532624456259	0.478975350411	0.466892218463	0.606089898502	0.566940550991	0.616723054616	0.585790236829	0.564040599323	0.589656839053	0.494925084582	0.475108748188	0.503141614306	0.493475108748	0.570323827936	0.596906718221	0.565973900435	0.572257129048	0.507491541808	0.554857419043
AC6	0.608506524891	0.520541324311	0.959400676655	0.620106331561	0.584823586274	0.508941517641	0.52779120348	0.481875302078	0.521507974867	0.468342194297	0.542290961817	0.529241179314	0.551957467376	0.854519091348	0.546157564041	0.56259062349	0.561623972934	0.55775737071	0.924117931368	0.753987433543	0.65055582407	0.587723537941	0.584823586274	0.573223779604	0.903334944418	0.605123247946	0.547607539874	0.558724021266	0.581923634606	0.590623489609	0.649105848236	0.601256645723	0.464958917351	0.497341710971	0.666988883519	0.589656839053	0.448525857902	0.0	0.509424842919	0.496375060416	0.485258579024	0.494441759304	0.455775737071	0.414209763171	0.554374093765	0.555824069599	0.669888835186	0.623489608507	0.652489125181	0.634606089899	0.634606089899	0.655389076849	0.556790720155	0.564040599323	0.581923634606	0.568390526825	0.556790720155	0.650072498792	0.555824069599	0.622039632673	0.551474142098	0.619139681005
AD6	0.587240212663	0.532141130981	0.975350410826	0.611889801837	0.584823586274	0.425326244563	0.636056065732	0.43740937651	0.441759304012	0.534074432093	0.462058965684	0.522957950701	0.514741420976	0.874818753021	0.594006766554	0.536007733204	0.488158530691	0.478975350411	0.953117448043	0.778153697438	0.619139681005	0.547607539874	0.53697438376	0.526824552924	0.91203479942	0.610923151281	0.489125181247	0.516674722088	0.543740937651	0.572740454326	0.599806669889	0.546640889319	0.465925567907	0.464475592073	0.618173030449	0.56935717738	0.426292895118	0.509424842919	0.0	0.540840985984	0.407926534558	0.693088448526	0.653939101015	0.520541324311	0.476558724021	0.461092315128	0.601739971	0.544707588207	0.585790236829	0.558240695988	0.544224262929	0.579507008217	0.468342194297	0.454325761237	0.478008699855	0.471242145964	0.55099081682	0.58095698405	0.536007733204	0.55775737071	0.478492025133	0.53939101015
AE5	0.634122764621	0.524407926535	0.976317061382	0.625906234896	0.550024166264	0.54857419043	0.582890285162	0.558240695988	0.594490091832	0.535524407927	0.608989850169	0.503141614306	0.574673755437	0.871435476075	0.555340744321	0.572740454326	0.602706621556	0.598356694055	0.929434509425	0.758337361044	0.730304494925	0.661188980184	0.654905751571	0.649589173514	0.880618656356	0.661188980184	0.616239729338	0.616239729338	0.654905751571	0.663122281295	0.67133881102	0.637506041566	0.559690671822	0.582890285162	0.620106331561	0.572740454326	0.579507008217	0.496375060416	0.540840985984	0.0	0.350410826486	0.594490091832	0.584340260996	0.494441759304	0.629772837119	0.628806186564	0.637022716288	0.593040115998	0.623006283229	0.604639922668	0.618173030449	0.630739487675	0.525857902368	0.560657322378	0.587723537941	0.56259062349	0.561140647656	0.62493958434	0.556307394877	0.597873368777	0.567423876269	0.608506524891
AE6	0.593523441276	0.494441759304	0.974383760271	0.609473175447	0.545674238763	0.469308844853	0.565007249879	0.480425326245	0.514258095698	0.478975350411	0.53020782987	0.485258579024	0.501208313195	0.869018849686	0.554857419043	0.52537457709	0.549057515708	0.541807636539	0.933784436926	0.757854035766	0.681488641856	0.607539874335	0.601739971	0.593040115998	0.893668438859	0.627839536008	0.54857419043	0.566940550991	0.602223296278	0.601739971	0.649105848236	0.601739971	0.485741904302	0.50700821653	0.597390043499	0.53939101015	0.511841469309	0.485258579024	0.407926534558	0.350410826486	0.0	0.635572740454	0.600773320445	0.458675688739	0.545674238763	0.552440792653	0.610439826003	0.562107298212	0.592073465442	0.569840502658	0.565007249879	0.600289995167	0.470758820686	0.48622522958	0.510391493475	0.48380860319	0.52537457709	0.596906718221	0.521991300145	0.565007249879	0.502658289029	0.563557274045
AF5	0.705171580474	0.623489608507	0.934267762204	0.658772353794	0.656355727405	0.675688738521	0.542774287095	0.641372643789	0.681971967134	0.575640405993	0.713871435476	0.617689705172	0.677138714355	0.838569357177	0.590140164331	0.67133881102	0.709521507975	0.721121314645	0.869502174964	0.717738037699	0.706138231029	0.663605606573	0.719188013533	0.712421459642	0.875785403577	0.685355244079	0.701788303528	0.677138714355	0.654905751571	0.654905751571	0.757370710488	0.714838086032	0.624456259062	0.662638956017	0.743354277429	0.667955534074	0.70372160464	0.494441759304	0.693088448526	0.594490091832	0.635572740454	0.0	0.302078298695	0.533107781537	0.719188013533	0.717254712421	0.755920734654	0.718221362977	0.744804253262	0.71532141131	0.730787820203	0.748187530208	0.689221846303	0.710971483809	0.725954567424	0.704688255196	0.669405509908	0.743837602707	0.666022232963	0.705171580474	0.707104881585	0.716771387144
AF6	0.682455292412	0.596423392943	0.934267762204	0.652972450459	0.658289028516	0.651039149348	0.521991300145	0.609956500725	0.656839052682	0.552924117931	0.684871918801	0.615273078782	0.651522474625	0.838086031899	0.572740454326	0.642339294345	0.687771870469	0.695988400193	0.875785403577	0.721121314645	0.686321894635	0.639439342678	0.688738521025	0.683905268246	0.873368777187	0.658772353794	0.671822136298	0.646689221846	0.629289511841	0.635572740454	0.730304494925	0.695505074915	0.593523441276	0.62493958434	0.73852102465	0.660705654906	0.663605606573	0.455775737071	0.653939101015	0.584340260996	0.600773320445	0.302078298695	0.0	0.501691638473	0.693571773804	0.681488641856	0.753987433543	0.708554857419	0.731754470759	0.705654905752	0.710004833253	0.734171097148	0.660705654906	0.679555340744	0.69212179797	0.677138714355	0.637989366844	0.725471242146	0.635089415176	0.695021749638	0.675688738521	0.699855002417
