	AA3	AA4	AB3	AB4	AC3	AC4	AD3	AD4	AE3	AE4	AF3	AF4	AG3	AG4	AH3	AH4	AA7	AA8	AB7	AB8	AC7	AC8	AD7	AD8	AE7	AE8	AF7	AF8	AG7	AG8	AH7	AH8	AA5	AA6	AB5	AB6	AC5	AC6	AD6	AE5	AE6	AF5	AF6	AG5	AH5	AH6	AA1	AA2	AB1	AB2	AC1	AC2	AD1	AD2	AE1	AE2	AF1	AF2	AG1	AG2	AH1	AH2
AA3	0.0	0.508941517641	0.935717738038	0.639922667956	0.656355727405	0.594006766554	0.666022232963	0.596423392943	0.584823586274	0.628322861286	0.621556307395	0.616723054616	0.590140164331	0.841469308845	0.647172547124	0.34267762204	0.579990333494	0.565973900435	0.859835669406	0.706138231029	0.627839536008	0.586273562107	0.597873368777	0.594006766554	0.834702754954	0.589656839053	0.576123731271	0.560657322378	0.58095698405	0.59497341711	0.596423392943	0.569840502658	0.600773320445	0.608023199613	0.743837602707	0.68293861769	0.608989850169	0.62493958434	0.606089898502	0.629772837119	0.607539874335	0.718221362977	0.678105364911	0.606089898502	0.630256162397	0.620589656839	0.670372160464	0.652005799903	0.713871435476	0.672788786854	0.631706138231	0.65055582407	0.585306911551	0.554374093765	0.577090381827	0.554374093765	0.571290478492	0.655389076849	0.588690188497	0.669888835186	0.587723537941	0.648622522958
AA4	0.508941517641	0.0	0.946350894152	0.589173513775	0.575640405993	0.505558240696	0.584340260996	0.482841952634	0.498791686805	0.520057999033	0.563557274045	0.534557757371	0.482358627356	0.851619139681	0.373610439826	0.383760270662	0.539874335428	0.532141130981	0.894635089415	0.727887868536	0.661188980184	0.573223779604	0.579507008217	0.578057032383	0.884485258579	0.622522957951	0.540357660706	0.539874335428	0.584340260996	0.611889801837	0.63653939101	0.593040115998	0.507974867086	0.510874818753	0.670855485742	0.592073465442	0.561140647656	0.51619139681	0.549540840986	0.535524407927	0.50459159014	0.653939101015	0.59255679072	0.508458192363	0.582890285162	0.577573707105	0.652972450459	0.588690188497	0.635089415176	0.60657322378	0.59255679072	0.625422909618	0.53020782987	0.524407926535	0.545190913485	0.510391493475	0.507491541808	0.628322861286	0.505074915418	0.591106814886	0.532624456259	0.587240212663
AB3	0.935717738038	0.946350894152	0.0	0.675205413243	0.917834702755	0.954084098598	0.95601739971	0.945867568874	0.93281778637	0.947317544708	0.973417109715	0.932334461092	0.962783953601	0.337844369261	0.961817303045	0.938617689705	0.971483808603	0.968583856936	0.733204446593	0.759787336878	0.887385210246	0.90961817303	0.954567423876	0.948767520541	0.850169163847	0.896568390527	0.944900918318	0.931851135814	0.857419043016	0.831319478009	0.954084098598	0.95601739971	0.960850652489	0.96520057999	0.972933784437	0.966167230546	0.975833736104	0.954567423876	0.974383760271	0.974383760271	0.973900434993	0.93523441276	0.927984533591	0.948767520541	0.974867085549	0.971967133881	0.975350410826	0.971000483325	0.969067182214	0.972450459159	0.972933784437	0.971000483325	0.973900434993	0.974383760271	0.975350410826	0.973900434993	0.971483808603	0.971483808603	0.971967133881	0.972933784437	0.973417109715	0.972933784437
AB4	0.639922667956	0.589173513775	0.675205413243	0.0	0.637022716288	0.621556307395	0.69212179797	0.624456259062	0.619139681005	0.641855969067	0.648622522958	0.62493958434	0.48380860319	0.560657322378	0.619623006283	0.60415659739	0.646689221846	0.639922667956	0.730787820203	0.565490575157	0.654905751571	0.623489608507	0.658772353794	0.648622522958	0.791203479942	0.642339294345	0.652972450459	0.635089415176	0.548090865152	0.58337361044	0.686805219913	0.65732237796	0.655872402127	0.661672305462	0.735137747704	0.685838569357	0.65973900435	0.649589173514	0.644272595457	0.64572257129	0.637989366844	0.695021749638	0.660222329628	0.635572740454	0.691638472692	0.676172063799	0.700338327695	0.67133881102	0.708071532141	0.677622039633	0.681488641856	0.674722087965	0.640405993233	0.644272595457	0.658289028516	0.644272595457	0.652489125181	0.683421942968	0.644755920735	0.673272112131	0.654905751571	0.675688738521
AC3	0.656355727405	0.575640405993	0.917834702755	0.637022716288	0.0	0.496375060416	0.635089415176	0.541807636539	0.557274045433	0.581923634606	0.614306428226	0.306911551474	0.595940067666	0.825036249396	0.610923151281	0.588206863219	0.617206379894	0.596906718221	0.859835669406	0.742387626873	0.732237796037	0.681005316578	0.714354760754	0.705171580474	0.830352827453	0.689221846303	0.660222329628	0.665055582407	0.66892218463	0.693088448526	0.704688255196	0.66892218463	0.611889801837	0.625422909618	0.618173030449	0.578057032383	0.614306428226	0.586273562107	0.579990333494	0.572257129048	0.552440792653	0.681488641856	0.643789270179	0.575157080715	0.6389560174	0.62493958434	0.588206863219	0.579990333494	0.578540357661	0.576607056549	0.592073465442	0.576607056549	0.529241179314	0.556790720155	0.567907201547	0.553407443209	0.616723054616	0.577090381827	0.621072982117	0.578540357661	0.622522957951	0.574190430159
AC4	0.594006766554	0.505558240696	0.954084098598	0.621556307395	0.496375060416	0.0	0.614789753504	0.421942967617	0.413243112615	0.522957950701	0.343160947318	0.411793136781	0.510874818753	0.85886901885	0.566457225713	0.534074432093	0.482841952634	0.46302561624	0.922667955534	0.752537457709	0.589656839053	0.537941034316	0.520057999033	0.512324794587	0.890768487192	0.585306911551	0.499758337361	0.511358144031	0.533107781537	0.56259062349	0.572257129048	0.531174480425	0.457225712905	0.466892218463	0.654422426293	0.574673755437	0.476075398743	0.503141614306	0.431126147898	0.559690671822	0.473175447076	0.695505074915	0.635089415176	0.512808119865	0.510391493475	0.480908651522	0.644755920735	0.583856935718	0.613823102948	0.590623489609	0.582890285162	0.61333977767	0.512808119865	0.501691638473	0.523441275979	0.503141614306	0.541807636539	0.617689705172	0.555340744321	0.580473658772	0.473175447076	0.590623489609
AD3	0.666022232963	0.584340260996	0.95601739971	0.69212179797	0.635089415176	0.614789753504	0.0	0.51619139681	0.632672788787	0.371193813436	0.670372160464	0.602223296278	0.634606089899	0.860318994683	0.570323827936	0.628806186564	0.680038666022	0.678105364911	0.934751087482	0.765103914935	0.71290478492	0.683905268246	0.69212179797	0.678588690188	0.916384726921	0.681971967134	0.687288545191	0.687771870469	0.682455292412	0.677622039633	0.712421459642	0.681005316578	0.628322861286	0.645239246013	0.741904301595	0.670855485742	0.667955534074	0.537941034316	0.629772837119	0.572257129048	0.564040599323	0.561140647656	0.526341227646	0.549540840986	0.686805219913	0.677138714355	0.763170613823	0.695505074915	0.731271145481	0.709521507975	0.70130497825	0.72692121798	0.660705654906	0.653455775737	0.662155630739	0.644272595457	0.631706138231	0.735621072982	0.63653939101	0.706138231029	0.681488641856	0.710488158531
AD4	0.596423392943	0.482841952634	0.945867568874	0.624456259062	0.541807636539	0.421942967617	0.51619139681	0.0	0.321411309812	0.397776703722	0.439342677622	0.49299178347	0.512808119865	0.853069115515	0.535041082649	0.530691155147	0.455775737071	0.445625906235	0.937651039149	0.763653939101	0.579507008217	0.509908168197	0.500724987917	0.48622522958	0.904301594973	0.597873368777	0.454809086515	0.473658772354	0.499275012083	0.544224262929	0.559207346544	0.509424842919	0.410343160947	0.455775737071	0.65732237796	0.57177380377	0.445625906235	0.471242145964	0.459642339294	0.559690671822	0.467375543741	0.649105848236	0.600289995167	0.496858385694	0.502174963751	0.476075398743	0.655872402127	0.59497341711	0.634122764621	0.619623006283	0.597390043499	0.626872885452	0.5186080232	0.509424842919	0.528274528758	0.506524891252	0.537457709038	0.633639439343	0.547607539874	0.621072982117	0.496858385694	0.602706621556
AE3	0.584823586274	0.498791686805	0.93281778637	0.619139681005	0.557274045433	0.413243112615	0.632672788787	0.321411309812	0.0	0.515224746254	0.409376510391	0.512324794587	0.515708071532	0.843402609957	0.56259062349	0.532624456259	0.448042532624	0.426292895118	0.918318028033	0.740937651039	0.538424359594	0.480425326245	0.475108748188	0.467858869019	0.882551957467	0.576607056549	0.441275978734	0.45142580957	0.479458675689	0.524407926535	0.540357660706	0.501208313195	0.404543257612	0.450459159014	0.666505558241	0.595456742388	0.435959400677	0.5186080232	0.446592556791	0.605123247946	0.514741420976	0.699371677139	0.644755920735	0.53697438376	0.48380860319	0.462542290962	0.653455775737	0.592073465442	0.634606089899	0.614789753504	0.59255679072	0.629772837119	0.526341227646	0.514741420976	0.531174480425	0.514258095698	0.547124214596	0.636056065732	0.553407443209	0.601739971	0.487191880135	0.602706621556
AE4	0.628322861286	0.520057999033	0.947317544708	0.641855969067	0.581923634606	0.522957950701	0.371193813436	0.397776703722	0.515224746254	0.0	0.581923634606	0.542290961817	0.574190430159	0.852585790237	0.54857419043	0.554374093765	0.588206863219	0.58095698405	0.93281778637	0.75688738521	0.65973900435	0.597390043499	0.601256645723	0.585306911551	0.909134847753	0.626872885452	0.588690188497	0.584340260996	0.584340260996	0.609956500725	0.646689221846	0.605606573224	0.538424359594	0.55775737071	0.70372160464	0.621072982117	0.578057032383	0.47462542291	0.549057515708	0.526824552924	0.508458192363	0.599806669889	0.559690671822	0.499275012083	0.600289995167	0.590140164331	0.708554857419	0.640405993233	0.692605123248	0.676172063799	0.654422426293	0.6805219913	0.598356694055	0.579990333494	0.588690188497	0.578540357661	0.572740454326	0.68970517158	0.589656839053	0.674238762687	0.589173513775	0.657805703238
AF3	0.621556307395	0.563557274045	0.973417109715	0.648622522958	0.614306428226	0.343160947318	0.670372160464	0.439342677622	0.409376510391	0.581923634606	0.0	0.52779120348	0.534557757371	0.8796520058	0.608023199613	0.585306911551	0.462058965684	0.445142580957	0.951184146931	0.779603673272	0.582406959884	0.542774287095	0.426776220396	0.437892701788	0.916384726921	0.610923151281	0.449492508458	0.502174963751	0.523441275979	0.575157080715	0.528274528758	0.52779120348	0.440792653456	0.499275012083	0.676172063799	0.619139681005	0.437892701788	0.546640889319	0.453359110681	0.617689705172	0.528757854036	0.737071048816	0.676655389077	0.559690671822	0.513291445143	0.478008699855	0.659255679072	0.59497341711	0.653939101015	0.616239729338	0.596423392943	0.62735621073	0.547607539874	0.51377477042	0.534074432093	0.52779120348	0.586273562107	0.643305944901	0.584823586274	0.607539874335	0.486708554857	0.607539874335
AF4	0.616723054616	0.534557757371	0.932334461092	0.62493958434	0.306911551474	0.411793136781	0.602223296278	0.49299178347	0.512324794587	0.542290961817	0.52779120348	0.0	0.559690671822	0.838569357177	0.577573707105	0.563073948768	0.576607056549	0.553407443209	0.888351860802	0.722571290478	0.706138231029	0.646205896568	0.665055582407	0.654905751571	0.854519091348	0.645239246013	0.611406476559	0.617689705172	0.632189463509	0.661188980184	0.669888835186	0.632189463509	0.561623972934	0.578057032383	0.614306428226	0.535041082649	0.567907201547	0.540357660706	0.52779120348	0.522957950701	0.506041565974	0.640405993233	0.607056549058	0.526824552924	0.582406959884	0.570807153214	0.588206863219	0.536491058482	0.568873852102	0.540840985984	0.548090865152	0.561623972934	0.487675205413	0.513291445143	0.538907684872	0.519091348478	0.565973900435	0.558240695988	0.575157080715	0.533591106815	0.565973900435	0.532141130981
AG3	0.590140164331	0.482358627356	0.962783953601	0.48380860319	0.595940067666	0.510874818753	0.634606089899	0.512808119865	0.515708071532	0.574190430159	0.534557757371	0.559690671822	0.0	0.842435959401	0.532141130981	0.532624456259	0.508941517641	0.499275012083	0.919284678589	0.74528757854	0.674238762687	0.594490091832	0.583856935718	0.596423392943	0.882068632189	0.628806186564	0.549540840986	0.555340744321	0.593040115998	0.623006283229	0.629289511841	0.575157080715	0.538907684872	0.531174480425	0.670855485742	0.610923151281	0.550507491542	0.550507491542	0.521507974867	0.571290478492	0.521507974867	0.687288545191	0.633639439343	0.543257612373	0.568873852102	0.565490575157	0.620589656839	0.577090381827	0.63653939101	0.605606573224	0.581440309328	0.600289995167	0.521991300145	0.5186080232	0.533591106815	0.517158047366	0.550507491542	0.614789753504	0.542290961817	0.603673272112	0.508458192363	0.582890285162
AG4	0.841469308845	0.851619139681	0.337844369261	0.560657322378	0.825036249396	0.85886901885	0.860318994683	0.853069115515	0.843402609957	0.852585790237	0.8796520058	0.838569357177	0.842435959401	0.0	0.86805219913	0.84485258579	0.884968583857	0.882551957467	0.711938134364	0.68293861769	0.807636539391	0.827936201063	0.871435476075	0.863218946351	0.827452875785	0.816336394393	0.857902368294	0.84485258579	0.771870468826	0.744804253262	0.878202029966	0.86805219913	0.870952150797	0.873368777187	0.896568390527	0.88883518608	0.886418559691	0.861285645239	0.87723537941	0.880135331078	0.875302078299	0.84485258579	0.842435959401	0.85886901885	0.887868535524	0.883518608023	0.87723537941	0.879168680522	0.87723537941	0.876752054132	0.886418559691	0.878685355244	0.884485258579	0.880135331078	0.888351860802	0.884001933301	0.880135331078	0.880618656356	0.876268728855	0.878685355244	0.885451909135	0.884001933301
AH3	0.647172547124	0.373610439826	0.961817303045	0.619623006283	0.610923151281	0.566457225713	0.570323827936	0.535041082649	0.56259062349	0.54857419043	0.608023199613	0.577573707105	0.532141130981	0.86805219913	0.0	0.519574673755	0.58095698405	0.58337361044	0.922667955534	0.761720637989	0.698888351861	0.626389560174	0.625906234896	0.632672788787	0.899468342194	0.669888835186	0.623489608507	0.619139681005	0.648622522958	0.659255679072	0.676655389077	0.634122764621	0.547607539874	0.575157080715	0.725954567424	0.648622522958	0.637506041566	0.544707588207	0.602223296278	0.567907201547	0.564040599323	0.623972933784	0.568390526825	0.557274045433	0.644272595457	0.642339294345	0.713871435476	0.639922667956	0.673755437409	0.659255679072	0.642822619623	0.678588690188	0.593523441276	0.597873368777	0.598840019333	0.589656839053	0.569840502658	0.690188496858	0.564523924601	0.647172547124	0.591590140164	0.649589173514
AH4	0.34267762204	0.383760270662	0.938617689705	0.60415659739	0.588206863219	0.534074432093	0.628806186564	0.530691155147	0.532624456259	0.554374093765	0.585306911551	0.563073948768	0.532624456259	0.84485258579	0.519574673755	0.0	0.537941034316	0.534074432093	0.861768970517	0.708554857419	0.641855969067	0.56935717738	0.579023682939	0.579023682939	0.842435959401	0.59497341711	0.5601739971	0.547124214596	0.572257129048	0.590623489609	0.595456742388	0.5601739971	0.552440792653	0.554374093765	0.709038182697	0.629772837119	0.589173513775	0.565007249879	0.567423876269	0.579507008217	0.544707588207	0.693571773804	0.629772837119	0.563073948768	0.605123247946	0.593523441276	0.654422426293	0.616723054616	0.66892218463	0.628322861286	0.600773320445	0.625422909618	0.548090865152	0.523924601257	0.535524407927	0.517641372644	0.521507974867	0.626389560174	0.546640889319	0.622522957951	0.546157564041	0.609956500725
AA7	0.579990333494	0.539874335428	0.971483808603	0.646689221846	0.617206379894	0.482841952634	0.680038666022	0.455775737071	0.448042532624	0.588206863219	0.462058965684	0.576607056549	0.508941517641	0.884968583857	0.58095698405	0.537941034316	0.0	0.290961817303	0.913484775254	0.758820686322	0.581923634606	0.51377477042	0.496858385694	0.490575157081	0.869985500242	0.595456742388	0.458192363461	0.46302561624	0.517641372644	0.571290478492	0.537941034316	0.441759304012	0.429676172064	0.477525374577	0.708071532141	0.651039149348	0.486708554857	0.554857419043	0.494441759304	0.614306428226	0.557274045433	0.737554374094	0.680038666022	0.57177380377	0.541324311261	0.50700821653	0.651039149348	0.60657322378	0.668438859352	0.639439342678	0.590623489609	0.614789753504	0.526824552924	0.512808119865	0.53020782987	0.507974867086	0.546640889319	0.618173030449	0.551957467376	0.6389560174	0.49299178347	0.610439826003
AA8	0.565973900435	0.532141130981	0.968583856936	0.639922667956	0.596906718221	0.46302561624	0.678105364911	0.445625906235	0.426292895118	0.58095698405	0.445142580957	0.553407443209	0.499275012083	0.882551957467	0.58337361044	0.534074432093	0.290961817303	0.0	0.91203479942	0.750120831319	0.568390526825	0.498791686805	0.478492025133	0.479458675689	0.862735621073	0.578540357661	0.440309328178	0.441759304012	0.503624939584	0.553890768487	0.485741904302	0.396810053166	0.421459642339	0.471725471242	0.70372160464	0.647172547124	0.471242145964	0.546640889319	0.488158530691	0.607056549058	0.548090865152	0.734171097148	0.678588690188	0.55775737071	0.536007733204	0.505074915418	0.643305944901	0.600773320445	0.666505558241	0.635572740454	0.590623489609	0.60657322378	0.510874818753	0.505558240696	0.531657805703	0.50459159014	0.533591106815	0.612373127115	0.540840985984	0.626872885452	0.480425326245	0.609956500725
AB7	0.859835669406	0.894635089415	0.733204446593	0.730787820203	0.859835669406	0.922667955534	0.934751087482	0.937651039149	0.918318028033	0.93281778637	0.951184146931	0.888351860802	0.919284678589	0.711938134364	0.922667955534	0.861768970517	0.913484775254	0.91203479942	0.0	0.415659739004	0.818269695505	0.853069115515	0.927501208313	0.919284678589	0.728371193813	0.820202996617	0.894635089415	0.873852102465	0.764137264379	0.699855002417	0.881101981634	0.890768487192	0.922667955534	0.939101014983	0.933301111648	0.927984533591	0.942967617206	0.912518124698	0.94683421943	0.931851135814	0.935717738038	0.874818753021	0.872402126631	0.902368293862	0.956500724988	0.951184146931	0.922667955534	0.93281778637	0.930401159981	0.932334461092	0.925084581924	0.91445142581	0.910101498308	0.91203479942	0.911551474142	0.903818269696	0.9212179797	0.907684871919	0.922184630256	0.925567907202	0.945867568874	0.927017883035
AB8	0.706138231029	0.727887868536	0.759787336878	0.565490575157	0.742387626873	0.752537457709	0.765103914935	0.763653939101	0.740937651039	0.75688738521	0.779603673272	0.722571290478	0.74528757854	0.68293861769	0.761720637989	0.708554857419	0.758820686322	0.750120831319	0.415659739004	0.0	0.653939101015	0.681971967134	0.751087481875	0.740937651039	0.731754470759	0.65055582407	0.716771387144	0.688255195747	0.547607539874	0.519091348478	0.731754470759	0.72692121798	0.757854035766	0.76848719188	0.807636539391	0.761237312711	0.768970517158	0.737071048816	0.773320444659	0.757854035766	0.760753987434	0.725471242146	0.710004833253	0.735621072982	0.78927017883	0.785886901885	0.804736587724	0.757370710488	0.797003383277	0.769937167714	0.764137264379	0.777187046883	0.760753987434	0.760270662156	0.756404059932	0.751087481875	0.753020782987	0.767037216046	0.753020782987	0.754954084099	0.774770420493	0.759787336878
AC7	0.627839536008	0.661188980184	0.887385210246	0.654905751571	0.732237796037	0.589656839053	0.71290478492	0.579507008217	0.538424359594	0.65973900435	0.582406959884	0.706138231029	0.674238762687	0.807636539391	0.698888351861	0.641855969067	0.581923634606	0.568390526825	0.818269695505	0.653939101015	0.0	0.359110681489	0.556307394877	0.53939101015	0.822619623006	0.579990333494	0.543740937651	0.509908168197	0.456259062349	0.470275495408	0.557274045433	0.543257612373	0.549057515708	0.594490091832	0.812953117448	0.753020782987	0.608989850169	0.637989366844	0.622039632673	0.715804736588	0.673755437409	0.722571290478	0.695505074915	0.647655872402	0.643789270179	0.606089898502	0.813919768004	0.758337361044	0.804253262446	0.785886901885	0.74770420493	0.779120347994	0.696471725471	0.66892218463	0.689221846303	0.681971967134	0.674238762687	0.786853552441	0.683905268246	0.775737071049	0.613823102948	0.77090381827
AC8	0.586273562107	0.573223779604	0.90961817303	0.623489608507	0.681005316578	0.537941034316	0.683905268246	0.509908168197	0.480425326245	0.597390043499	0.542774287095	0.646205896568	0.594490091832	0.827936201063	0.626389560174	0.56935717738	0.51377477042	0.498791686805	0.853069115515	0.681971967134	0.359110681489	0.0	0.490091831803	0.482841952634	0.845335911068	0.55775737071	0.41662638956	0.38424359594	0.440309328178	0.477042049299	0.532624456259	0.490575157081	0.489125181247	0.511358144031	0.746737554374	0.6805219913	0.548090865152	0.568390526825	0.556307394877	0.645239246013	0.605606573224	0.698888351861	0.640405993233	0.582406959884	0.571290478492	0.538907684872	0.740454325761	0.681005316578	0.73852102465	0.720154664089	0.673272112131	0.705171580474	0.617206379894	0.593523441276	0.614789753504	0.60415659739	0.589656839053	0.710488158531	0.594490091832	0.706138231029	0.541324311261	0.68970517158
AD7	0.597873368777	0.579507008217	0.954567423876	0.658772353794	0.714354760754	0.520057999033	0.69212179797	0.500724987917	0.475108748188	0.601256645723	0.426776220396	0.665055582407	0.583856935718	0.871435476075	0.625906234896	0.579023682939	0.496858385694	0.478492025133	0.927501208313	0.751087481875	0.556307394877	0.490091831803	0.0	0.300628322861	0.894635089415	0.517641372644	0.418559690672	0.449492508458	0.49540840986	0.545190913485	0.500241662639	0.478492025133	0.464958917351	0.523441275979	0.744804253262	0.679072015466	0.517641372644	0.579507008217	0.548090865152	0.646205896568	0.602706621556	0.73368777187	0.674722087965	0.590623489609	0.555824069599	0.532624456259	0.737071048816	0.674238762687	0.731754470759	0.718704688255	0.662638956017	0.695988400193	0.613823102948	0.59255679072	0.604639922668	0.597390043499	0.576123731271	0.702754954084	0.589173513775	0.700821652972	0.537457709038	0.681005316578
AD8	0.594006766554	0.578057032383	0.948767520541	0.648622522958	0.705171580474	0.512324794587	0.678588690188	0.48622522958	0.467858869019	0.585306911551	0.437892701788	0.654905751571	0.596423392943	0.863218946351	0.632672788787	0.579023682939	0.490575157081	0.479458675689	0.919284678589	0.740937651039	0.53939101015	0.482841952634	0.300628322861	0.0	0.86563557274	0.484775253746	0.415659739004	0.455775737071	0.473175447076	0.528274528758	0.501208313195	0.48622522958	0.463508941518	0.522474625423	0.751087481875	0.680038666022	0.51377477042	0.56935717738	0.545674238763	0.650072498792	0.602223296278	0.732237796037	0.672305461576	0.586273562107	0.558724021266	0.530691155147	0.743354277429	0.676655389077	0.739971000483	0.721121314645	0.664572257129	0.703238279362	0.616723054616	0.59255679072	0.605123247946	0.596906718221	0.590623489609	0.708554857419	0.597873368777	0.70130497825	0.545190913485	0.687771870469
AE7	0.834702754954	0.884485258579	0.850169163847	0.791203479942	0.830352827453	0.890768487192	0.916384726921	0.904301594973	0.882551957467	0.909134847753	0.916384726921	0.854519091348	0.882068632189	0.827452875785	0.899468342194	0.842435959401	0.869985500242	0.862735621073	0.728371193813	0.731754470759	0.822619623006	0.845335911068	0.894635089415	0.86563557274	0.0	0.551957467376	0.878202029966	0.849685838569	0.765103914935	0.768970517158	0.838086031899	0.840502658289	0.903334944418	0.911068148864	0.927017883035	0.916384726921	0.918801353311	0.898018366361	0.919768003867	0.887385210246	0.904784920251	0.878202029966	0.868535524408	0.874335427743	0.931367810536	0.924601256646	0.88883518608	0.906718221363	0.916868052199	0.902368293862	0.904784920251	0.891735137748	0.893185113581	0.892701788304	0.899951667472	0.886901884969	0.903818269696	0.886901884969	0.907684871919	0.900918318028	0.917834702755	0.904301594973
AE8	0.589656839053	0.622522957951	0.896568390527	0.642339294345	0.689221846303	0.585306911551	0.681971967134	0.597873368777	0.576607056549	0.626872885452	0.610923151281	0.645239246013	0.628806186564	0.816336394393	0.669888835186	0.59497341711	0.595456742388	0.578540357661	0.820202996617	0.65055582407	0.579990333494	0.55775737071	0.517641372644	0.484775253746	0.551957467376	0.0	0.570807153214	0.547124214596	0.523924601257	0.523924601257	0.571290478492	0.551474142098	0.599806669889	0.610923151281	0.768003866602	0.700821652972	0.619139681005	0.601739971	0.61575640406	0.664088931851	0.637506041566	0.699371677139	0.660705654906	0.598356694055	0.625422909618	0.623006283229	0.74770420493	0.687288545191	0.754954084099	0.723537941034	0.686321894635	0.720154664089	0.656839052682	0.623489608507	0.637989366844	0.624456259062	0.637506041566	0.71532141131	0.645239246013	0.706621556307	0.606089898502	0.693088448526
AF7	0.576123731271	0.540357660706	0.944900918318	0.652972450459	0.660222329628	0.499758337361	0.687288545191	0.454809086515	0.441275978734	0.588690188497	0.449492508458	0.611406476559	0.549540840986	0.857902368294	0.623489608507	0.5601739971	0.458192363461	0.440309328178	0.894635089415	0.716771387144	0.543740937651	0.41662638956	0.418559690672	0.415659739004	0.878202029966	0.570807153214	0.0	0.315611406477	0.468825519575	0.5186080232	0.486708554857	0.488641855969	0.422426292895	0.475592073465	0.704204929918	0.638472692122	0.478008699855	0.541807636539	0.50459159014	0.621556307395	0.553407443209	0.718221362977	0.663122281295	0.549057515708	0.536491058482	0.509424842919	0.678105364911	0.624456259062	0.692605123248	0.671822136298	0.617206379894	0.646689221846	0.563557274045	0.537457709038	0.554374093765	0.551474142098	0.563073948768	0.651522474625	0.558240695988	0.665055582407	0.492508458192	0.626872885452
AF8	0.560657322378	0.539874335428	0.931851135814	0.635089415176	0.665055582407	0.511358144031	0.687771870469	0.473658772354	0.45142580957	0.584340260996	0.502174963751	0.617689705172	0.555340744321	0.84485258579	0.619139681005	0.547124214596	0.46302561624	0.441759304012	0.873852102465	0.688255195747	0.509908168197	0.38424359594	0.449492508458	0.455775737071	0.849685838569	0.547124214596	0.315611406477	0.0	0.441759304012	0.491541807637	0.512324794587	0.475108748188	0.447559207347	0.489608506525	0.722571290478	0.656839052682	0.493475108748	0.541807636539	0.524891251812	0.607056549058	0.566457225713	0.70372160464	0.645239246013	0.544707588207	0.554374093765	0.521991300145	0.687288545191	0.630256162397	0.702271628806	0.682455292412	0.623489608507	0.655389076849	0.572740454326	0.546640889319	0.564040599323	0.561623972934	0.54857419043	0.667472208797	0.549540840986	0.672788786854	0.500724987917	0.637506041566
AG7	0.58095698405	0.584340260996	0.857419043016	0.548090865152	0.66892218463	0.533107781537	0.682455292412	0.499275012083	0.479458675689	0.584340260996	0.523441275979	0.632189463509	0.593040115998	0.771870468826	0.648622522958	0.572257129048	0.517641372644	0.503624939584	0.764137264379	0.547607539874	0.456259062349	0.440309328178	0.49540840986	0.473175447076	0.765103914935	0.523924601257	0.468825519575	0.441759304012	0.0	0.320927984534	0.535524407927	0.504108264862	0.499758337361	0.540840985984	0.748670855486	0.681488641856	0.513291445143	0.561623972934	0.551957467376	0.628806186564	0.581923634606	0.683421942968	0.623489608507	0.572740454326	0.591106814886	0.546157564041	0.73852102465	0.670372160464	0.727404543258	0.710004833253	0.662638956017	0.698405026583	0.61575640406	0.589173513775	0.60657322378	0.597390043499	0.609473175447	0.70372160464	0.621556307395	0.694055099082	0.565007249879	0.679072015466
AG8	0.59497341711	0.611889801837	0.831319478009	0.58337361044	0.693088448526	0.56259062349	0.677622039633	0.544224262929	0.524407926535	0.609956500725	0.575157080715	0.661188980184	0.623006283229	0.744804253262	0.659255679072	0.590623489609	0.571290478492	0.553890768487	0.699855002417	0.519091348478	0.470275495408	0.477042049299	0.545190913485	0.528274528758	0.768970517158	0.523924601257	0.5186080232	0.491541807637	0.320927984534	0.0	0.552924117931	0.534557757371	0.553407443209	0.581923634606	0.775737071049	0.707104881585	0.574190430159	0.585790236829	0.588206863219	0.663122281295	0.619139681005	0.687771870469	0.646689221846	0.60415659739	0.632189463509	0.584823586274	0.763653939101	0.695021749638	0.754470758821	0.732721121315	0.690188496858	0.724987916868	0.653939101015	0.625906234896	0.631222812953	0.633156114065	0.639439342678	0.731754470759	0.653455775737	0.711454809087	0.595456742388	0.702271628806
AH7	0.596423392943	0.63653939101	0.954084098598	0.686805219913	0.704688255196	0.572257129048	0.712421459642	0.559207346544	0.540357660706	0.646689221846	0.528274528758	0.669888835186	0.629289511841	0.878202029966	0.676655389077	0.595456742388	0.537941034316	0.485741904302	0.881101981634	0.731754470759	0.557274045433	0.532624456259	0.500241662639	0.501208313195	0.838086031899	0.571290478492	0.486708554857	0.512324794587	0.535524407927	0.552924117931	0.0	0.336394393427	0.553890768487	0.60657322378	0.781053649106	0.725471242146	0.573707104882	0.640889318511	0.614306428226	0.670372160464	0.641372643789	0.769453842436	0.729337844369	0.6389560174	0.645239246013	0.603189946834	0.756404059932	0.718704688255	0.770420492992	0.740454325761	0.698405026583	0.72450459159	0.641855969067	0.616239729338	0.634606089899	0.629289511841	0.626389560174	0.736587723538	0.635089415176	0.728371193813	0.603189946834	0.727887868536
AH8	0.569840502658	0.593040115998	0.95601739971	0.65732237796	0.66892218463	0.531174480425	0.681005316578	0.509424842919	0.501208313195	0.605606573224	0.52779120348	0.632189463509	0.575157080715	0.86805219913	0.634122764621	0.5601739971	0.441759304012	0.396810053166	0.890768487192	0.72692121798	0.543257612373	0.490575157081	0.478492025133	0.48622522958	0.840502658289	0.551474142098	0.488641855969	0.475108748188	0.504108264862	0.534557757371	0.336394393427	0.0	0.510874818753	0.544707588207	0.755920734654	0.692605123248	0.533591106815	0.590623489609	0.555824069599	0.630256162397	0.604639922668	0.734171097148	0.693088448526	0.600773320445	0.582406959884	0.555340744321	0.722571290478	0.67133881102	0.738037699372	0.699855002417	0.652489125181	0.679555340744	0.59497341711	0.571290478492	0.593523441276	0.578540357661	0.570807153214	0.689221846303	0.585306911551	0.687771870469	0.546157564041	0.676172063799
AA5	0.600773320445	0.507974867086	0.960850652489	0.655872402127	0.611889801837	0.457225712905	0.628322861286	0.410343160947	0.404543257612	0.538424359594	0.440792653456	0.561623972934	0.538907684872	0.870952150797	0.547607539874	0.552440792653	0.429676172064	0.421459642339	0.922667955534	0.757854035766	0.549057515708	0.489125181247	0.464958917351	0.463508941518	0.903334944418	0.599806669889	0.422426292895	0.447559207347	0.499758337361	0.553407443209	0.553890768487	0.510874818753	0.0	0.34267762204	0.686321894635	0.599806669889	0.468342194297	0.467858869019	0.488641855969	0.563557274045	0.487675205413	0.642822619623	0.592073465442	0.486708554857	0.52537457709	0.475592073465	0.699371677139	0.643305944901	0.675688738521	0.661188980184	0.646205896568	0.673755437409	0.550507491542	0.555340744321	0.576607056549	0.554857419043	0.549540840986	0.679072015466	0.55775737071	0.651039149348	0.505074915418	0.641372643789
AA6	0.608023199613	0.510874818753	0.96520057999	0.661672305462	0.625422909618	0.466892218463	0.645239246013	0.455775737071	0.450459159014	0.55775737071	0.499275012083	0.578057032383	0.531174480425	0.873368777187	0.575157080715	0.554374093765	0.477525374577	0.471725471242	0.939101014983	0.76848719188	0.594490091832	0.511358144031	0.523441275979	0.522474625423	0.911068148864	0.610923151281	0.475592073465	0.489608506525	0.540840985984	0.581923634606	0.60657322378	0.544707588207	0.34267762204	0.0	0.681971967134	0.59255679072	0.50459159014	0.501208313195	0.478975350411	0.584340260996	0.499758337361	0.676655389077	0.626389560174	0.520541324311	0.455775737071	0.415176413726	0.681488641856	0.62735621073	0.664088931851	0.65055582407	0.624456259062	0.656355727405	0.546640889319	0.547124214596	0.563073948768	0.541807636539	0.550024166264	0.658772353794	0.551957467376	0.637022716288	0.501208313195	0.630739487675
AB5	0.743837602707	0.670855485742	0.972933784437	0.735137747704	0.618173030449	0.654422426293	0.741904301595	0.65732237796	0.666505558241	0.70372160464	0.676172063799	0.614306428226	0.670855485742	0.896568390527	0.725954567424	0.709038182697	0.708071532141	0.70372160464	0.933301111648	0.807636539391	0.812953117448	0.746737554374	0.744804253262	0.751087481875	0.927017883035	0.768003866602	0.704204929918	0.722571290478	0.748670855486	0.775737071049	0.781053649106	0.755920734654	0.686321894635	0.681971967134	0.0	0.334461092315	0.637989366844	0.671822136298	0.625422909618	0.6389560174	0.608023199613	0.767037216046	0.731754470759	0.65055582407	0.630256162397	0.618656355727	0.616723054616	0.62735621073	0.625906234896	0.609956500725	0.630256162397	0.619139681005	0.596906718221	0.61575640406	0.615273078782	0.628806186564	0.681971967134	0.612856452392	0.668438859352	0.610923151281	0.679555340744	0.614306428226
AB6	0.68293861769	0.592073465442	0.966167230546	0.685838569357	0.578057032383	0.574673755437	0.670855485742	0.57177380377	0.595456742388	0.621072982117	0.619139681005	0.535041082649	0.610923151281	0.88883518608	0.648622522958	0.629772837119	0.651039149348	0.647172547124	0.927984533591	0.761237312711	0.753020782987	0.6805219913	0.679072015466	0.680038666022	0.916384726921	0.700821652972	0.638472692122	0.656839052682	0.681488641856	0.707104881585	0.725471242146	0.692605123248	0.599806669889	0.59255679072	0.334461092315	0.0	0.579990333494	0.579023682939	0.561140647656	0.563557274045	0.540357660706	0.678105364911	0.642822619623	0.544224262929	0.553407443209	0.561623972934	0.590140164331	0.546157564041	0.577573707105	0.55099081682	0.558240695988	0.574673755437	0.525857902368	0.56259062349	0.562107298212	0.574190430159	0.608023199613	0.566457225713	0.607056549058	0.540357660706	0.622522957951	0.541324311261
AC5	0.608989850169	0.561140647656	0.975833736104	0.65973900435	0.614306428226	0.476075398743	0.667955534074	0.445625906235	0.435959400677	0.578057032383	0.437892701788	0.567907201547	0.550507491542	0.886418559691	0.637506041566	0.589173513775	0.486708554857	0.471242145964	0.942967617206	0.768970517158	0.608989850169	0.548090865152	0.517641372644	0.51377477042	0.918801353311	0.619139681005	0.478008699855	0.493475108748	0.513291445143	0.574190430159	0.573707104882	0.533591106815	0.468342194297	0.50459159014	0.637989366844	0.579990333494	0.0	0.446592556791	0.453359110681	0.590140164331	0.507974867086	0.727887868536	0.664088931851	0.543740937651	0.487191880135	0.458192363461	0.609473175447	0.563073948768	0.625422909618	0.592073465442	0.560657322378	0.587723537941	0.519091348478	0.479942000967	0.500724987917	0.489608506525	0.572257129048	0.596906718221	0.574673755437	0.573707104882	0.506041565974	0.564040599323
AC6	0.62493958434	0.51619139681	0.954567423876	0.649589173514	0.586273562107	0.503141614306	0.537941034316	0.471242145964	0.5186080232	0.47462542291	0.546640889319	0.540357660706	0.550507491542	0.861285645239	0.544707588207	0.565007249879	0.554857419043	0.546640889319	0.912518124698	0.737071048816	0.637989366844	0.568390526825	0.579507008217	0.56935717738	0.898018366361	0.601739971	0.541807636539	0.541807636539	0.561623972934	0.585790236829	0.640889318511	0.590623489609	0.467858869019	0.501208313195	0.671822136298	0.579023682939	0.446592556791	0.0	0.5186080232	0.515708071532	0.499275012083	0.509908168197	0.45142580957	0.441759304012	0.562107298212	0.540840985984	0.675688738521	0.622522957951	0.661188980184	0.634122764621	0.62493958434	0.65973900435	0.582406959884	0.565973900435	0.579507008217	0.566457225713	0.56259062349	0.659255679072	0.572257129048	0.619623006283	0.542290961817	0.628806186564
AD6	0.606089898502	0.549540840986	0.974383760271	0.644272595457	0.579990333494	0.431126147898	0.629772837119	0.459642339294	0.446592556791	0.549057515708	0.453359110681	0.52779120348	0.521507974867	0.87723537941	0.602223296278	0.567423876269	0.494441759304	0.488158530691	0.94683421943	0.773320444659	0.622039632673	0.556307394877	0.548090865152	0.545674238763	0.919768003867	0.61575640406	0.50459159014	0.524891251812	0.551957467376	0.588206863219	0.614306428226	0.555824069599	0.488641855969	0.478975350411	0.625422909618	0.561140647656	0.453359110681	0.5186080232	0.0	0.555340744321	0.411793136781	0.717254712421	0.655389076849	0.540840985984	0.474142097632	0.448525857902	0.588206863219	0.533591106815	0.587723537941	0.563557274045	0.550024166264	0.572257129048	0.478492025133	0.453842435959	0.468825519575	0.463508941518	0.559207346544	0.578540357661	0.55099081682	0.561140647656	0.462058965684	0.550024166264
AE5	0.629772837119	0.535524407927	0.974383760271	0.64572257129	0.572257129048	0.559690671822	0.572257129048	0.559690671822	0.605123247946	0.526824552924	0.617689705172	0.522957950701	0.571290478492	0.880135331078	0.567907201547	0.579507008217	0.614306428226	0.607056549058	0.931851135814	0.757854035766	0.715804736588	0.645239246013	0.646205896568	0.650072498792	0.887385210246	0.664088931851	0.621556307395	0.607056549058	0.628806186564	0.663122281295	0.670372160464	0.630256162397	0.563557274045	0.584340260996	0.6389560174	0.563557274045	0.590140164331	0.515708071532	0.555340744321	0.0	0.370710488159	0.616723054616	0.568390526825	0.499758337361	0.624456259062	0.610439826003	0.660222329628	0.61575640406	0.646689221846	0.621556307395	0.626389560174	0.639922667956	0.544224262929	0.563073948768	0.594006766554	0.554857419043	0.559207346544	0.644272595457	0.560657322378	0.612373127115	0.577090381827	0.625422909618
AE6	0.607539874335	0.50459159014	0.973900434993	0.637989366844	0.552440792653	0.473175447076	0.564040599323	0.467375543741	0.514741420976	0.508458192363	0.528757854036	0.506041565974	0.521507974867	0.875302078299	0.564040599323	0.544707588207	0.557274045433	0.548090865152	0.935717738038	0.760753987434	0.673755437409	0.605606573224	0.602706621556	0.602223296278	0.904784920251	0.637506041566	0.553407443209	0.566457225713	0.581923634606	0.619139681005	0.641372643789	0.604639922668	0.487675205413	0.499758337361	0.608023199613	0.540357660706	0.507974867086	0.499275012083	0.411793136781	0.370710488159	0.0	0.662155630739	0.600773320445	0.477042049299	0.535524407927	0.517641372644	0.619139681005	0.569840502658	0.601256645723	0.585306911551	0.576123731271	0.601256645723	0.496858385694	0.476075398743	0.504108264862	0.484775253746	0.540840985984	0.60415659739	0.547607539874	0.575157080715	0.521024649589	0.585790236829
AF5	0.718221362977	0.653939101015	0.93523441276	0.695021749638	0.681488641856	0.695505074915	0.561140647656	0.649105848236	0.699371677139	0.599806669889	0.737071048816	0.640405993233	0.687288545191	0.84485258579	0.623972933784	0.693571773804	0.737554374094	0.734171097148	0.874818753021	0.725471242146	0.722571290478	0.698888351861	0.73368777187	0.732237796037	0.878202029966	0.699371677139	0.718221362977	0.70372160464	0.683421942968	0.687771870469	0.769453842436	0.734171097148	0.642822619623	0.676655389077	0.767037216046	0.678105364911	0.727887868536	0.509908168197	0.717254712421	0.616723054616	0.662155630739	0.0	0.306428226196	0.567423876269	0.73852102465	0.727404543258	0.779120347994	0.730787820203	0.760270662156	0.735621072982	0.744320927985	0.769453842436	0.710488158531	0.735621072982	0.744804253262	0.723054615756	0.688738521025	0.766553890768	0.699371677139	0.721604639923	0.729821169647	0.730787820203
AF6	0.678105364911	0.59255679072	0.927984533591	0.660222329628	0.643789270179	0.635089415176	0.526341227646	0.600289995167	0.644755920735	0.559690671822	0.676655389077	0.607056549058	0.633639439343	0.842435959401	0.568390526825	0.629772837119	0.680038666022	0.678588690188	0.872402126631	0.710004833253	0.695505074915	0.640405993233	0.674722087965	0.672305461576	0.868535524408	0.660705654906	0.663122281295	0.645239246013	0.623489608507	0.646689221846	0.729337844369	0.693088448526	0.592073465442	0.626389560174	0.731754470759	0.642822619623	0.664088931851	0.45142580957	0.655389076849	0.568390526825	0.600773320445	0.306428226196	0.0	0.50700821653	0.68293861769	0.67133881102	0.748670855486	0.686805219913	0.716771387144	0.686321894635	0.687288545191	0.727887868536	0.660222329628	0.67133881102	0.6805219913	0.667955534074	0.629772837119	0.72450459159	0.635089415176	0.679555340744	0.672305461576	0.69212179797
