	AA3	AA4	AB3	AB4	AC3	AC4	AD3	AD4	AE3	AE4	AF3	AF4	AG3	AG4	AH3	AH4	AA7	AA8	AB7	AB8	AC7	AC8	AD7	AD8	AE7	AE8	AF7	AF8	AG7	AG8	AH7	AH8	AA5	AA6	AB5	AB6	AC5	AC6	AD6	AE5	AE6	AF5	AF6	AG5	AH5	AH6	AA1	AA2	AB1	AB2	AC1	AC2	AD1	AD2	AE1	AE2	AF1	AF2	AG1	AG2	AH1	AH2
AA3	0.0	0.480425326245	0.937651039149	0.647655872402	0.659255679072	0.592073465442	0.667955534074	0.593523441276	0.56935717738	0.639922667956	0.630739487675	0.622039632673	0.587240212663	0.849202513291	0.642339294345	0.333494441759	0.570807153214	0.570323827936	0.864185596907	0.697921701305	0.611889801837	0.56935717738	0.584340260996	0.58337361044	0.824552924118	0.589173513775	0.572740454326	0.563073948768	0.597873368777	0.587723537941	0.591106814886	0.566457225713	0.591106814886	0.601256645723	0.744320927985	0.674238762687	0.616239729338	0.62735621073	0.599323344611	0.637022716288	0.605123247946	0.718704688255	0.70130497825	0.622039632673	0.628322861286	0.620589656839	0.69453842436	0.653939101015	0.725954567424	0.662155630739	0.653939101015	0.668438859352	0.576123731271	0.577573707105	0.583856935718	0.581923634606	0.584823586274	0.651522474625	0.587240212663	0.665538907685	0.582890285162	0.648622522958
AA4	0.480425326245	0.0	0.947317544708	0.581923634606	0.577573707105	0.495891735138	0.587240212663	0.485258579024	0.514258095698	0.519091348478	0.562107298212	0.522957950701	0.491541807637	0.855002416626	0.381343644273	0.358144030933	0.534557757371	0.53939101015	0.887385210246	0.710488158531	0.636056065732	0.564523924601	0.558240695988	0.556307394877	0.873852102465	0.601739971	0.546157564041	0.541324311261	0.581440309328	0.599323344611	0.610923151281	0.5601739971	0.514258095698	0.52779120348	0.676172063799	0.595940067666	0.557274045433	0.511841469309	0.516674722088	0.544707588207	0.490575157081	0.638472692122	0.61333977767	0.515708071532	0.565490575157	0.574190430159	0.666505558241	0.593040115998	0.64813919768	0.610923151281	0.616723054616	0.633639439343	0.519574673755	0.522957950701	0.532624456259	0.535524407927	0.501208313195	0.625422909618	0.503624939584	0.606089898502	0.525857902368	0.583856935718
AB3	0.937651039149	0.947317544708	0.0	0.678105364911	0.921701304978	0.955534074432	0.958917351377	0.94683421943	0.93281778637	0.956984050266	0.974383760271	0.937167713871	0.965683905268	0.339777670372	0.959884001933	0.940067665539	0.971483808603	0.969550507492	0.737554374094	0.753504108265	0.890768487192	0.913001449976	0.961333977767	0.950217496375	0.851135814403	0.897051715805	0.945384243596	0.937651039149	0.856935717738	0.841952634123	0.951667472209	0.950700821653	0.958917351377	0.966167230546	0.974867085549	0.96761720638	0.974867085549	0.956500724988	0.976317061382	0.975350410826	0.974383760271	0.934751087482	0.93523441276	0.954567423876	0.97921701305	0.974383760271	0.974383760271	0.972933784437	0.971483808603	0.974867085549	0.974867085549	0.972933784437	0.975833736104	0.975350410826	0.980183663606	0.975350410826	0.974383760271	0.972450459159	0.975350410826	0.975350410826	0.973417109715	0.972933784437
AB4	0.647655872402	0.581923634606	0.678105364911	0.0	0.637989366844	0.614306428226	0.692605123248	0.627839536008	0.62493958434	0.629772837119	0.661188980184	0.61333977767	0.48622522958	0.564040599323	0.608023199613	0.588206863219	0.639922667956	0.647655872402	0.717738037699	0.557274045433	0.658289028516	0.634122764621	0.661188980184	0.642339294345	0.790720154664	0.644755920735	0.65732237796	0.63653939101	0.558724021266	0.576607056549	0.699371677139	0.653939101015	0.644272595457	0.661188980184	0.720637989367	0.679555340744	0.653939101015	0.638472692122	0.630256162397	0.643305944901	0.624456259062	0.681005316578	0.664088931851	0.643789270179	0.6805219913	0.677138714355	0.702271628806	0.662638956017	0.70130497825	0.662638956017	0.664572257129	0.671822136298	0.632672788787	0.638472692122	0.654905751571	0.639922667956	0.64813919768	0.660705654906	0.644272595457	0.666505558241	0.653455775737	0.662155630739
AC3	0.659255679072	0.577573707105	0.921701304978	0.637989366844	0.0	0.488641855969	0.630739487675	0.53697438376	0.586756887385	0.588690188497	0.618656355727	0.33107781537	0.60415659739	0.839052682455	0.602223296278	0.596906718221	0.616723054616	0.606089898502	0.877718704688	0.743837602707	0.726437892702	0.682455292412	0.707104881585	0.703238279362	0.831802803287	0.689221846303	0.653939101015	0.681005316578	0.673272112131	0.696955050749	0.706621556307	0.667955534074	0.599806669889	0.634606089899	0.611406476559	0.582890285162	0.629772837119	0.570323827936	0.581923634606	0.53697438376	0.562107298212	0.663605606573	0.643305944901	0.573707104882	0.649105848236	0.646205896568	0.59497341711	0.587723537941	0.585306911551	0.565007249879	0.589173513775	0.58337361044	0.53697438376	0.57177380377	0.58337361044	0.558240695988	0.619623006283	0.573707104882	0.618656355727	0.587240212663	0.623972933784	0.581923634606
AC4	0.592073465442	0.495891735138	0.955534074432	0.614306428226	0.488641855969	0.0	0.614789753504	0.423876268729	0.43740937651	0.531174480425	0.347027549541	0.407926534558	0.510391493475	0.86563557274	0.559690671822	0.537941034316	0.485741904302	0.478975350411	0.922667955534	0.742387626873	0.605123247946	0.543257612373	0.522474625423	0.521024649589	0.885935234413	0.574190430159	0.500724987917	0.516674722088	0.550507491542	0.56935717738	0.585790236829	0.523924601257	0.465442242629	0.481875302078	0.634122764621	0.542774287095	0.480908651522	0.498791686805	0.427259545674	0.550507491542	0.479942000967	0.696955050749	0.665538907685	0.531174480425	0.497825036249	0.484775253746	0.631222812953	0.572257129048	0.60415659739	0.578540357661	0.580473658772	0.600773320445	0.4813919768	0.499275012083	0.513291445143	0.511841469309	0.551474142098	0.587240212663	0.557274045433	0.576123731271	0.489608506525	0.567907201547
AD3	0.667955534074	0.587240212663	0.958917351377	0.692605123248	0.630739487675	0.614789753504	0.0	0.522957950701	0.646205896568	0.342194296762	0.675688738521	0.620589656839	0.633156114065	0.870952150797	0.570323827936	0.646205896568	0.685838569357	0.683905268246	0.94441759304	0.771387143548	0.712421459642	0.688255195747	0.698405026583	0.693088448526	0.923151280812	0.690671822136	0.695021749638	0.687771870469	0.691155147414	0.685355244079	0.714354760754	0.683905268246	0.623006283229	0.646689221846	0.734654422426	0.655872402127	0.664572257129	0.533591106815	0.630256162397	0.579023682939	0.580473658772	0.565007249879	0.561623972934	0.537941034316	0.69453842436	0.681488641856	0.768970517158	0.70372160464	0.739971000483	0.709038182697	0.714838086032	0.739487675205	0.64572257129	0.656355727405	0.669405509908	0.662155630739	0.624456259062	0.720154664089	0.635089415176	0.714838086032	0.684871918801	0.700821652972
AD4	0.593523441276	0.485258579024	0.94683421943	0.627839536008	0.53697438376	0.423876268729	0.522957950701	0.0	0.333977767037	0.411793136781	0.450459159014	0.480425326245	0.517641372644	0.856935717738	0.527307878202	0.535041082649	0.471242145964	0.457709038183	0.931367810536	0.74770420493	0.563557274045	0.496858385694	0.499758337361	0.501208313195	0.897535041083	0.587723537941	0.451909134848	0.475108748188	0.514741420976	0.554374093765	0.549540840986	0.493958434026	0.405509908168	0.438376027066	0.640889318511	0.549540840986	0.445142580957	0.468825519575	0.410826486225	0.555340744321	0.468825519575	0.65055582407	0.621556307395	0.485741904302	0.489608506525	0.472692121798	0.664088931851	0.593523441276	0.633639439343	0.610923151281	0.607056549058	0.631222812953	0.493958434026	0.520057999033	0.527307878202	0.529724504592	0.535041082649	0.619623006283	0.549540840986	0.611889801837	0.520057999033	0.590623489609
AE3	0.56935717738	0.514258095698	0.93281778637	0.62493958434	0.586756887385	0.43740937651	0.646205896568	0.333977767037	0.0	0.536007733204	0.411793136781	0.529724504592	0.521507974867	0.855485741904	0.572740454326	0.52779120348	0.449492508458	0.440792653456	0.921701304978	0.744320927985	0.540840985984	0.47462542291	0.471725471242	0.475108748188	0.887385210246	0.577090381827	0.422909618173	0.445142580957	0.498791686805	0.540840985984	0.537457709038	0.473658772354	0.408409859836	0.452392460126	0.66892218463	0.589656839053	0.444175930401	0.509424842919	0.438859352344	0.610439826003	0.528757854036	0.708071532141	0.670855485742	0.534557757371	0.502174963751	0.479942000967	0.675688738521	0.611406476559	0.660705654906	0.632672788787	0.621556307395	0.64813919768	0.531174480425	0.543257612373	0.555340744321	0.552440792653	0.56259062349	0.645239246013	0.576123731271	0.627839536008	0.514741420976	0.610439826003
AE4	0.639922667956	0.519091348478	0.956984050266	0.629772837119	0.588690188497	0.531174480425	0.342194296762	0.411793136781	0.536007733204	0.0	0.588690188497	0.565973900435	0.571290478492	0.868535524408	0.541324311261	0.581440309328	0.597873368777	0.594006766554	0.940067665539	0.761237312711	0.66892218463	0.61333977767	0.603673272112	0.599323344611	0.913001449976	0.6389560174	0.60657322378	0.596906718221	0.600289995167	0.621072982117	0.652972450459	0.607056549058	0.534074432093	0.5601739971	0.693571773804	0.610923151281	0.579990333494	0.471725471242	0.543740937651	0.533591106815	0.502174963751	0.598356694055	0.566940550991	0.498791686805	0.613823102948	0.603189946834	0.71532141131	0.656839052682	0.692605123248	0.667955534074	0.673272112131	0.684871918801	0.593523441276	0.59497341711	0.607056549058	0.608023199613	0.570323827936	0.67133881102	0.584340260996	0.66892218463	0.608989850169	0.655389076849
AF3	0.630739487675	0.562107298212	0.974383760271	0.661188980184	0.618656355727	0.347027549541	0.675688738521	0.450459159014	0.411793136781	0.588690188497	0.0	0.526341227646	0.558724021266	0.886418559691	0.618173030449	0.590623489609	0.462058965684	0.443209279845	0.955050749154	0.77767037216	0.585790236829	0.549540840986	0.443692605123	0.448042532624	0.924117931368	0.614789753504	0.467858869019	0.506041565974	0.550507491542	0.584823586274	0.537457709038	0.507974867086	0.461092315128	0.501208313195	0.668438859352	0.596423392943	0.429676172064	0.53697438376	0.443692605123	0.623006283229	0.546640889319	0.731271145481	0.70130497825	0.568390526825	0.510391493475	0.491541807637	0.667472208797	0.599323344611	0.664572257129	0.609473175447	0.610923151281	0.63653939101	0.542290961817	0.532624456259	0.544707588207	0.548090865152	0.59497341711	0.630739487675	0.598356694055	0.610923151281	0.517641372644	0.591590140164
AF4	0.622039632673	0.522957950701	0.937167713871	0.61333977767	0.33107781537	0.407926534558	0.620589656839	0.480425326245	0.529724504592	0.565973900435	0.526341227646	0.0	0.555824069599	0.848719188014	0.56259062349	0.5601739971	0.573707104882	0.564040599323	0.890768487192	0.717254712421	0.695988400193	0.637022716288	0.646689221846	0.646205896568	0.853069115515	0.644755920735	0.599323344611	0.631222812953	0.632189463509	0.658289028516	0.660705654906	0.620589656839	0.548090865152	0.576123731271	0.589656839053	0.519574673755	0.552924117931	0.554857419043	0.521991300145	0.51619139681	0.517641372644	0.662155630739	0.637506041566	0.547607539874	0.566940550991	0.56259062349	0.582406959884	0.522957950701	0.563557274045	0.517158047366	0.539874335428	0.552924117931	0.476075398743	0.508458192363	0.52537457709	0.519574673755	0.573223779604	0.541324311261	0.571290478492	0.533107781537	0.566940550991	0.524407926535
AG3	0.587240212663	0.491541807637	0.965683905268	0.48622522958	0.60415659739	0.510391493475	0.633156114065	0.517641372644	0.521507974867	0.571290478492	0.558724021266	0.555824069599	0.0	0.849202513291	0.531657805703	0.506041565974	0.512808119865	0.503624939584	0.928951184147	0.746737554374	0.670855485742	0.595940067666	0.583856935718	0.593040115998	0.884001933301	0.633156114065	0.535524407927	0.563557274045	0.610439826003	0.627839536008	0.63653939101	0.570323827936	0.519091348478	0.526824552924	0.656839052682	0.599323344611	0.552440792653	0.540840985984	0.512808119865	0.571290478492	0.522474625423	0.680038666022	0.652489125181	0.552924117931	0.575157080715	0.576607056549	0.635572740454	0.58337361044	0.636056065732	0.600773320445	0.592073465442	0.605606573224	0.512324794587	0.530691155147	0.547607539874	0.540840985984	0.540840985984	0.611889801837	0.547607539874	0.607056549058	0.514741420976	0.572740454326
AG4	0.849202513291	0.855002416626	0.339777670372	0.564040599323	0.839052682455	0.86563557274	0.870952150797	0.856935717738	0.855485741904	0.868535524408	0.886418559691	0.848719188014	0.849202513291	0.0	0.871918801353	0.851135814403	0.892218463026	0.890285161914	0.708071532141	0.670855485742	0.817786370227	0.832286128565	0.877718704688	0.869018849686	0.822619623006	0.817786370227	0.864668922185	0.85645239246	0.774770420493	0.749154180764	0.87723537941	0.870952150797	0.87723537941	0.882068632189	0.897535041083	0.887385210246	0.889801836636	0.865152247463	0.888351860802	0.884968583857	0.881585306912	0.849685838569	0.849685838569	0.869502174964	0.895118414693	0.890285161914	0.88883518608	0.889318511358	0.887385210246	0.886901884969	0.890768487192	0.889318511358	0.893185113581	0.889801836636	0.896568390527	0.893185113581	0.892218463026	0.889801836636	0.890768487192	0.889801836636	0.893668438859	0.892218463026
AH3	0.642339294345	0.381343644273	0.959884001933	0.608023199613	0.602223296278	0.559690671822	0.570323827936	0.527307878202	0.572740454326	0.541324311261	0.618173030449	0.56259062349	0.531657805703	0.871918801353	0.0	0.517641372644	0.600289995167	0.605606573224	0.923151280812	0.746737554374	0.69212179797	0.624456259062	0.623972933784	0.625906234896	0.896085065249	0.676655389077	0.622039632673	0.610439826003	0.653455775737	0.660705654906	0.680038666022	0.623972933784	0.552440792653	0.59255679072	0.714838086032	0.632672788787	0.625906234896	0.534557757371	0.579023682939	0.567907201547	0.55099081682	0.605123247946	0.582890285162	0.552440792653	0.637506041566	0.640889318511	0.714354760754	0.634606089899	0.669405509908	0.650072498792	0.654422426293	0.676172063799	0.58095698405	0.600773320445	0.605606573224	0.598840019333	0.558240695988	0.663122281295	0.562107298212	0.651039149348	0.595456742388	0.620589656839
AH4	0.333494441759	0.358144030933	0.940067665539	0.588206863219	0.596906718221	0.537941034316	0.646205896568	0.535041082649	0.52779120348	0.581440309328	0.590623489609	0.5601739971	0.506041565974	0.851135814403	0.517641372644	0.0	0.521991300145	0.529724504592	0.874818753021	0.70372160464	0.628322861286	0.554374093765	0.57177380377	0.566940550991	0.836636056066	0.597873368777	0.549540840986	0.541324311261	0.576607056549	0.587723537941	0.595456742388	0.546157564041	0.541807636539	0.557274045433	0.698405026583	0.624456259062	0.586756887385	0.57177380377	0.538907684872	0.58095698405	0.53939101015	0.687771870469	0.650072498792	0.567907201547	0.594490091832	0.596906718221	0.652005799903	0.600773320445	0.66892218463	0.612373127115	0.60415659739	0.619139681005	0.52537457709	0.52537457709	0.534074432093	0.533591106815	0.510874818753	0.606089898502	0.522957950701	0.613823102948	0.544224262929	0.589173513775
AA7	0.570807153214	0.534557757371	0.971483808603	0.639922667956	0.616723054616	0.485741904302	0.685838569357	0.471242145964	0.449492508458	0.597873368777	0.462058965684	0.573707104882	0.512808119865	0.892218463026	0.600289995167	0.521991300145	0.0	0.275012083132	0.926534557757	0.752537457709	0.571290478492	0.503624939584	0.469308844853	0.474142097632	0.870952150797	0.585306911551	0.433542774287	0.458675688739	0.535041082649	0.571290478492	0.509908168197	0.404059932334	0.453359110681	0.493958434026	0.709038182697	0.644755920735	0.465442242629	0.556790720155	0.46979217013	0.613823102948	0.539874335428	0.729821169647	0.697438376027	0.576607056549	0.537941034316	0.529724504592	0.665538907685	0.609473175447	0.682455292412	0.630739487675	0.597390043499	0.621556307395	0.515708071532	0.53020782987	0.537941034316	0.538907684872	0.544224262929	0.608023199613	0.549057515708	0.637022716288	0.491058482359	0.597873368777
AA8	0.570323827936	0.53939101015	0.969550507492	0.647655872402	0.606089898502	0.478975350411	0.683905268246	0.457709038183	0.440792653456	0.594006766554	0.443209279845	0.564040599323	0.503624939584	0.890285161914	0.605606573224	0.529724504592	0.275012083132	0.0	0.925084581924	0.747220879652	0.56259062349	0.492025132914	0.465925567907	0.470758820686	0.872885451909	0.586756887385	0.411309811503	0.456742387627	0.535041082649	0.574673755437	0.469308844853	0.375543740938	0.436926051232	0.479942000967	0.695988400193	0.629772837119	0.456742387627	0.548090865152	0.463992266796	0.614789753504	0.535041082649	0.733204446593	0.697921701305	0.576123731271	0.523441275979	0.515708071532	0.65055582407	0.596906718221	0.669405509908	0.616723054616	0.589656839053	0.607539874335	0.508458192363	0.522957950701	0.526341227646	0.52779120348	0.541324311261	0.601256645723	0.546640889319	0.621072982117	0.486708554857	0.589173513775
AB7	0.864185596907	0.887385210246	0.737554374094	0.717738037699	0.877718704688	0.922667955534	0.94441759304	0.931367810536	0.921701304978	0.940067665539	0.955050749154	0.890768487192	0.928951184147	0.708071532141	0.923151280812	0.874818753021	0.926534557757	0.925084581924	0.0	0.403576607057	0.816819719671	0.846302561624	0.933301111648	0.912518124698	0.73852102465	0.825519574674	0.890768487192	0.882551957467	0.746254229096	0.715804736588	0.887868535524	0.896568390527	0.927017883035	0.939584340261	0.940550990817	0.930401159981	0.943934267762	0.915901401643	0.945867568874	0.929917834703	0.931367810536	0.872402126631	0.881101981634	0.914934751087	0.951184146931	0.954567423876	0.930401159981	0.925567907202	0.929917834703	0.925567907202	0.933301111648	0.928467858869	0.925567907202	0.920734654422	0.919768003867	0.914934751087	0.918318028033	0.920251329145	0.923151280812	0.929434509425	0.94683421943	0.927501208313
AB8	0.697921701305	0.710488158531	0.753504108265	0.557274045433	0.743837602707	0.742387626873	0.771387143548	0.74770420493	0.744320927985	0.761237312711	0.77767037216	0.717254712421	0.746737554374	0.670855485742	0.746737554374	0.70372160464	0.752537457709	0.747220879652	0.403576607057	0.0	0.649589173514	0.663605606573	0.74770420493	0.719671338811	0.725471242146	0.644755920735	0.710004833253	0.698888351861	0.528274528758	0.525857902368	0.719671338811	0.71532141131	0.760270662156	0.764137264379	0.80328661189	0.757370710488	0.764620589657	0.735621072982	0.759787336878	0.748670855486	0.748670855486	0.724021266312	0.722571290478	0.739004349928	0.776220396327	0.782020299662	0.808603189947	0.747220879652	0.80328661189	0.764620589657	0.762203963267	0.782986950217	0.751570807153	0.744320927985	0.749154180764	0.741904301595	0.746737554374	0.769453842436	0.74770420493	0.760753987434	0.762687288545	0.749637506042
AC7	0.611889801837	0.636056065732	0.890768487192	0.658289028516	0.726437892702	0.605123247946	0.712421459642	0.563557274045	0.540840985984	0.66892218463	0.585790236829	0.695988400193	0.670855485742	0.817786370227	0.69212179797	0.628322861286	0.571290478492	0.56259062349	0.816819719671	0.649589173514	0.0	0.358144030933	0.554857419043	0.550024166264	0.825036249396	0.572740454326	0.532141130981	0.492025132914	0.472692121798	0.497825036249	0.555824069599	0.536007733204	0.555824069599	0.594006766554	0.800386660222	0.725954567424	0.612856452392	0.628322861286	0.594006766554	0.725471242146	0.654905751571	0.722571290478	0.706138231029	0.649105848236	0.631222812953	0.608506524891	0.815853069116	0.751570807153	0.805703238279	0.772837119381	0.751570807153	0.771387143548	0.673755437409	0.678588690188	0.682455292412	0.691155147414	0.671822136298	0.77090381827	0.673755437409	0.766553890768	0.617206379894	0.749154180764
AC8	0.56935717738	0.564523924601	0.913001449976	0.634122764621	0.682455292412	0.543257612373	0.688255195747	0.496858385694	0.47462542291	0.61333977767	0.549540840986	0.637022716288	0.595940067666	0.832286128565	0.624456259062	0.554374093765	0.503624939584	0.492025132914	0.846302561624	0.663605606573	0.358144030933	0.0	0.490575157081	0.484775253746	0.845819236346	0.548090865152	0.389076848719	0.366843885935	0.448042532624	0.468342194297	0.521024649589	0.465925567907	0.479942000967	0.513291445143	0.737071048816	0.659255679072	0.54857419043	0.566940550991	0.52779120348	0.654905751571	0.58337361044	0.691155147414	0.655872402127	0.589656839053	0.561140647656	0.549057515708	0.741420976317	0.673272112131	0.739004349928	0.707588206863	0.677622039633	0.699855002417	0.597873368777	0.599806669889	0.613823102948	0.619139681005	0.587723537941	0.695988400193	0.599323344611	0.702754954084	0.540357660706	0.67133881102
AD7	0.584340260996	0.558240695988	0.961333977767	0.661188980184	0.707104881585	0.522474625423	0.698405026583	0.499758337361	0.471725471242	0.603673272112	0.443692605123	0.646689221846	0.583856935718	0.877718704688	0.623972933784	0.57177380377	0.469308844853	0.465925567907	0.933301111648	0.74770420493	0.554857419043	0.490575157081	0.0	0.275012083132	0.88883518608	0.516674722088	0.436926051232	0.44224262929	0.503624939584	0.537457709038	0.500724987917	0.458675688739	0.489608506525	0.529724504592	0.732721121315	0.655389076849	0.50459159014	0.577573707105	0.512324794587	0.644755920735	0.581440309328	0.738037699372	0.695988400193	0.591106814886	0.550024166264	0.546157564041	0.738037699372	0.665538907685	0.735621072982	0.696471725471	0.663605606573	0.691638472692	0.594006766554	0.597873368777	0.597873368777	0.618173030449	0.590140164331	0.691638472692	0.596906718221	0.686805219913	0.544224262929	0.660222329628
AD8	0.58337361044	0.556307394877	0.950217496375	0.642339294345	0.703238279362	0.521024649589	0.693088448526	0.501208313195	0.475108748188	0.599323344611	0.448042532624	0.646205896568	0.593040115998	0.869018849686	0.625906234896	0.566940550991	0.474142097632	0.470758820686	0.912518124698	0.719671338811	0.550024166264	0.484775253746	0.275012083132	0.0	0.851619139681	0.484775253746	0.424842919285	0.4398260029	0.478008699855	0.512324794587	0.487191880135	0.457225712905	0.498791686805	0.530691155147	0.72692121798	0.654905751571	0.499275012083	0.57177380377	0.512808119865	0.637989366844	0.574190430159	0.730304494925	0.692605123248	0.579990333494	0.552440792653	0.551957467376	0.735137747704	0.657805703238	0.732237796037	0.695988400193	0.65973900435	0.687771870469	0.59255679072	0.589656839053	0.593040115998	0.609956500725	0.59255679072	0.686321894635	0.598356694055	0.687771870469	0.552924117931	0.657805703238
AE7	0.824552924118	0.873852102465	0.851135814403	0.790720154664	0.831802803287	0.885935234413	0.923151280812	0.897535041083	0.887385210246	0.913001449976	0.924117931368	0.853069115515	0.884001933301	0.822619623006	0.896085065249	0.836636056066	0.870952150797	0.872885451909	0.73852102465	0.725471242146	0.825036249396	0.845819236346	0.88883518608	0.851619139681	0.0	0.550507491542	0.873368777187	0.863218946351	0.767037216046	0.758820686322	0.837119381344	0.847752537458	0.901884968584	0.911551474142	0.925084581924	0.916384726921	0.921701304978	0.893668438859	0.915901401643	0.875302078299	0.899468342194	0.876268728855	0.877718704688	0.883035282745	0.932334461092	0.929917834703	0.886901884969	0.905751570807	0.916384726921	0.884485258579	0.899951667472	0.897535041083	0.895601739971	0.896085065249	0.901401643306	0.884968583857	0.900918318028	0.889318511358	0.90043499275	0.908168197197	0.90961817303	0.901884968584
AE8	0.589173513775	0.601739971	0.897051715805	0.644755920735	0.689221846303	0.574190430159	0.690671822136	0.587723537941	0.577090381827	0.6389560174	0.614789753504	0.644755920735	0.633156114065	0.817786370227	0.676655389077	0.597873368777	0.585306911551	0.586756887385	0.825519574674	0.644755920735	0.572740454326	0.548090865152	0.516674722088	0.484775253746	0.550507491542	0.0	0.564040599323	0.555340744321	0.513291445143	0.507974867086	0.564523924601	0.557274045433	0.59497341711	0.604639922668	0.753504108265	0.684388593523	0.616723054616	0.599323344611	0.603673272112	0.65732237796	0.620589656839	0.698405026583	0.674722087965	0.605123247946	0.628322861286	0.627839536008	0.759787336878	0.701788303528	0.762203963267	0.710004833253	0.711938134364	0.735621072982	0.653939101015	0.637506041566	0.656355727405	0.653455775737	0.64572257129	0.722087965201	0.651039149348	0.711454809087	0.613823102948	0.694055099082
AF7	0.572740454326	0.546157564041	0.945384243596	0.65732237796	0.653939101015	0.500724987917	0.695021749638	0.451909134848	0.422909618173	0.60657322378	0.467858869019	0.599323344611	0.535524407927	0.864668922185	0.622039632673	0.549540840986	0.433542774287	0.411309811503	0.890768487192	0.710004833253	0.532141130981	0.389076848719	0.436926051232	0.424842919285	0.873368777187	0.564040599323	0.0	0.316578057032	0.478975350411	0.520057999033	0.48622522958	0.459642339294	0.431609473175	0.467375543741	0.688255195747	0.611889801837	0.457709038183	0.537457709038	0.483325277912	0.628806186564	0.540357660706	0.714838086032	0.676655389077	0.568390526825	0.51619139681	0.506524891252	0.667472208797	0.609473175447	0.685355244079	0.655389076849	0.617206379894	0.628322861286	0.543740937651	0.535041082649	0.549540840986	0.564523924601	0.56259062349	0.621556307395	0.567907201547	0.644755920735	0.494441759304	0.604639922668
AF8	0.563073948768	0.541324311261	0.937651039149	0.63653939101	0.681005316578	0.516674722088	0.687771870469	0.475108748188	0.445142580957	0.596906718221	0.506041565974	0.631222812953	0.563557274045	0.85645239246	0.610439826003	0.541324311261	0.458675688739	0.456742387627	0.882551957467	0.698888351861	0.492025132914	0.366843885935	0.44224262929	0.4398260029	0.863218946351	0.555340744321	0.316578057032	0.0	0.463992266796	0.502174963751	0.517641372644	0.44224262929	0.441759304012	0.495891735138	0.721121314645	0.642822619623	0.497341710971	0.543257612373	0.495891735138	0.623489608507	0.551957467376	0.69453842436	0.654905751571	0.559690671822	0.544707588207	0.534074432093	0.699855002417	0.640889318511	0.713388110198	0.678105364911	0.649105848236	0.662155630739	0.563557274045	0.559207346544	0.576123731271	0.586756887385	0.557274045433	0.655389076849	0.563073948768	0.667472208797	0.511841469309	0.635089415176
AG7	0.597873368777	0.581440309328	0.856935717738	0.558724021266	0.673272112131	0.550507491542	0.691155147414	0.514741420976	0.498791686805	0.600289995167	0.550507491542	0.632189463509	0.610439826003	0.774770420493	0.653455775737	0.576607056549	0.535041082649	0.535041082649	0.746254229096	0.528274528758	0.472692121798	0.448042532624	0.503624939584	0.478008699855	0.767037216046	0.513291445143	0.478975350411	0.463992266796	0.0	0.30787820203	0.547607539874	0.509424842919	0.5186080232	0.556790720155	0.735621072982	0.664088931851	0.536491058482	0.566940550991	0.543740937651	0.633156114065	0.583856935718	0.686321894635	0.648622522958	0.570807153214	0.582406959884	0.584823586274	0.739487675205	0.668438859352	0.733204446593	0.698405026583	0.678588690188	0.707104881585	0.619139681005	0.604639922668	0.620106331561	0.627839536008	0.62493958434	0.697438376027	0.626389560174	0.683421942968	0.586756887385	0.668438859352
AG8	0.587723537941	0.599323344611	0.841952634123	0.576607056549	0.696955050749	0.56935717738	0.685355244079	0.554374093765	0.540840985984	0.621072982117	0.584823586274	0.658289028516	0.627839536008	0.749154180764	0.660705654906	0.587723537941	0.571290478492	0.574673755437	0.715804736588	0.525857902368	0.497825036249	0.468342194297	0.537457709038	0.512324794587	0.758820686322	0.507974867086	0.520057999033	0.502174963751	0.30787820203	0.0	0.561623972934	0.541324311261	0.558240695988	0.577573707105	0.756404059932	0.684871918801	0.572257129048	0.574673755437	0.56935717738	0.662638956017	0.608506524891	0.684388593523	0.660222329628	0.600289995167	0.60657322378	0.605606573224	0.767520541324	0.691155147414	0.760270662156	0.723054615756	0.701788303528	0.727404543258	0.642339294345	0.62735621073	0.64572257129	0.654422426293	0.642339294345	0.720154664089	0.65055582407	0.713388110198	0.609473175447	0.690188496858
AH7	0.591106814886	0.610923151281	0.951667472209	0.699371677139	0.706621556307	0.585790236829	0.714354760754	0.549540840986	0.537457709038	0.652972450459	0.537457709038	0.660705654906	0.63653939101	0.87723537941	0.680038666022	0.595456742388	0.509908168197	0.469308844853	0.887868535524	0.719671338811	0.555824069599	0.521024649589	0.500724987917	0.487191880135	0.837119381344	0.564523924601	0.48622522958	0.517641372644	0.547607539874	0.561623972934	0.0	0.343644272595	0.572740454326	0.602706621556	0.776703721605	0.708071532141	0.558240695988	0.640889318511	0.586756887385	0.673755437409	0.630256162397	0.763170613823	0.746254229096	0.651522474625	0.631222812953	0.621072982117	0.764620589657	0.715804736588	0.781053649106	0.714354760754	0.710488158531	0.724987916868	0.625906234896	0.638472692122	0.631706138231	0.647655872402	0.626872885452	0.721121314645	0.629289511841	0.72692121798	0.604639922668	0.711938134364
AH8	0.566457225713	0.5601739971	0.950700821653	0.653939101015	0.667955534074	0.523924601257	0.683905268246	0.493958434026	0.473658772354	0.607056549058	0.507974867086	0.620589656839	0.570323827936	0.870952150797	0.623972933784	0.546157564041	0.404059932334	0.375543740938	0.896568390527	0.71532141131	0.536007733204	0.465925567907	0.458675688739	0.457225712905	0.847752537458	0.557274045433	0.459642339294	0.44224262929	0.509424842919	0.541324311261	0.343644272595	0.0	0.49540840986	0.532141130981	0.742870952151	0.67133881102	0.520057999033	0.587723537941	0.526824552924	0.622522957951	0.578057032383	0.731271145481	0.699371677139	0.602223296278	0.568390526825	0.555824069599	0.714838086032	0.656355727405	0.724987916868	0.669888835186	0.653939101015	0.670855485742	0.573707104882	0.579990333494	0.584823586274	0.591590140164	0.566940550991	0.666505558241	0.575640405993	0.675688738521	0.538424359594	0.657805703238
AA5	0.591106814886	0.514258095698	0.958917351377	0.644272595457	0.599806669889	0.465442242629	0.623006283229	0.405509908168	0.408409859836	0.534074432093	0.461092315128	0.548090865152	0.519091348478	0.87723537941	0.552440792653	0.541807636539	0.453359110681	0.436926051232	0.927017883035	0.760270662156	0.555824069599	0.479942000967	0.489608506525	0.498791686805	0.901884968584	0.59497341711	0.431609473175	0.441759304012	0.5186080232	0.558240695988	0.572740454326	0.49540840986	0.0	0.334944417593	0.682455292412	0.587723537941	0.477042049299	0.454325761237	0.449975833736	0.555824069599	0.475108748188	0.645239246013	0.602706621556	0.479942000967	0.512808119865	0.47462542291	0.698405026583	0.633156114065	0.675205413243	0.646689221846	0.644755920735	0.671822136298	0.526341227646	0.552924117931	0.568873852102	0.561623972934	0.545674238763	0.656839052682	0.56259062349	0.633639439343	0.50700821653	0.626872885452
AA6	0.601256645723	0.52779120348	0.966167230546	0.661188980184	0.634606089899	0.481875302078	0.646689221846	0.438376027066	0.452392460126	0.5601739971	0.501208313195	0.576123731271	0.526824552924	0.882068632189	0.59255679072	0.557274045433	0.493958434026	0.479942000967	0.939584340261	0.764137264379	0.594006766554	0.513291445143	0.529724504592	0.530691155147	0.911551474142	0.604639922668	0.467375543741	0.495891735138	0.556790720155	0.577573707105	0.602706621556	0.532141130981	0.334944417593	0.0	0.672305461576	0.574673755437	0.498791686805	0.491058482359	0.469308844853	0.594006766554	0.509424842919	0.676655389077	0.639922667956	0.532624456259	0.454809086515	0.417109714838	0.697438376027	0.629289511841	0.671822136298	0.65055582407	0.637022716288	0.662155630739	0.52779120348	0.557274045433	0.568390526825	0.561140647656	0.552440792653	0.65732237796	0.566457225713	0.637506041566	0.522957950701	0.62735621073
AB5	0.744320927985	0.676172063799	0.974867085549	0.720637989367	0.611406476559	0.634122764621	0.734654422426	0.640889318511	0.66892218463	0.693571773804	0.668438859352	0.589656839053	0.656839052682	0.897535041083	0.714838086032	0.698405026583	0.709038182697	0.695988400193	0.940550990817	0.80328661189	0.800386660222	0.737071048816	0.732721121315	0.72692121798	0.925084581924	0.753504108265	0.688255195747	0.721121314645	0.735621072982	0.756404059932	0.776703721605	0.742870952151	0.682455292412	0.672305461576	0.0	0.336877718705	0.608506524891	0.658289028516	0.623006283229	0.626872885452	0.619139681005	0.751570807153	0.728854519091	0.654422426293	0.620589656839	0.619139681005	0.624456259062	0.614306428226	0.61575640406	0.598840019333	0.613823102948	0.608023199613	0.597390043499	0.594490091832	0.60657322378	0.605123247946	0.667955534074	0.601256645723	0.663122281295	0.598840019333	0.679555340744	0.617206379894
AB6	0.674238762687	0.595940067666	0.96761720638	0.679555340744	0.582890285162	0.542774287095	0.655872402127	0.549540840986	0.589656839053	0.610923151281	0.596423392943	0.519574673755	0.599323344611	0.887385210246	0.632672788787	0.624456259062	0.644755920735	0.629772837119	0.930401159981	0.757370710488	0.725954567424	0.659255679072	0.655389076849	0.654905751571	0.916384726921	0.684388593523	0.611889801837	0.642822619623	0.664088931851	0.684871918801	0.708071532141	0.67133881102	0.587723537941	0.574673755437	0.336877718705	0.0	0.542290961817	0.573707104882	0.555340744321	0.552440792653	0.542774287095	0.676172063799	0.645239246013	0.544707588207	0.544707588207	0.53697438376	0.614789753504	0.560657322378	0.594006766554	0.568873852102	0.56935717738	0.591106814886	0.5186080232	0.545674238763	0.553407443209	0.545674238763	0.592073465442	0.573707104882	0.590623489609	0.566940550991	0.612856452392	0.549540840986
AC5	0.616239729338	0.557274045433	0.974867085549	0.653939101015	0.629772837119	0.480908651522	0.664572257129	0.445142580957	0.444175930401	0.579990333494	0.429676172064	0.552924117931	0.552440792653	0.889801836636	0.625906234896	0.586756887385	0.465442242629	0.456742387627	0.943934267762	0.764620589657	0.612856452392	0.54857419043	0.50459159014	0.499275012083	0.921701304978	0.616723054616	0.457709038183	0.497341710971	0.536491058482	0.572257129048	0.558240695988	0.520057999033	0.477042049299	0.498791686805	0.608506524891	0.542290961817	0.0	0.439342677622	0.440309328178	0.592073465442	0.521991300145	0.718704688255	0.671822136298	0.555340744321	0.466892218463	0.454809086515	0.601256645723	0.549057515708	0.622522957951	0.574190430159	0.56259062349	0.582406959884	0.496858385694	0.481875302078	0.494441759304	0.510874818753	0.58095698405	0.576123731271	0.585790236829	0.561140647656	0.521991300145	0.546640889319
AC6	0.62735621073	0.511841469309	0.956500724988	0.638472692122	0.570323827936	0.498791686805	0.533591106815	0.468825519575	0.509424842919	0.471725471242	0.53697438376	0.554857419043	0.540840985984	0.865152247463	0.534557757371	0.57177380377	0.556790720155	0.548090865152	0.915901401643	0.735621072982	0.628322861286	0.566940550991	0.577573707105	0.57177380377	0.893668438859	0.599323344611	0.537457709038	0.543257612373	0.566940550991	0.574673755437	0.640889318511	0.587723537941	0.454325761237	0.491058482359	0.658289028516	0.573707104882	0.439342677622	0.0	0.501208313195	0.517158047366	0.473175447076	0.505074915418	0.463508941518	0.418076365394	0.546640889319	0.540357660706	0.680038666022	0.625422909618	0.666505558241	0.631706138231	0.635089415176	0.653939101015	0.5601739971	0.561140647656	0.579990333494	0.575157080715	0.553890768487	0.641372643789	0.561623972934	0.62735621073	0.544224262929	0.617206379894
AD6	0.599323344611	0.516674722088	0.976317061382	0.630256162397	0.581923634606	0.427259545674	0.630256162397	0.410826486225	0.438859352344	0.543740937651	0.443692605123	0.521991300145	0.512808119865	0.888351860802	0.579023682939	0.538907684872	0.46979217013	0.463992266796	0.945867568874	0.759787336878	0.594006766554	0.52779120348	0.512324794587	0.512808119865	0.915901401643	0.603673272112	0.483325277912	0.495891735138	0.543740937651	0.56935717738	0.586756887385	0.526824552924	0.449975833736	0.469308844853	0.623006283229	0.555340744321	0.440309328178	0.501208313195	0.0	0.544707588207	0.406959884002	0.704688255196	0.669888835186	0.54857419043	0.471242145964	0.458192363461	0.617206379894	0.553407443209	0.604639922668	0.565973900435	0.570323827936	0.587723537941	0.475108748188	0.474142097632	0.492508458192	0.483325277912	0.552924117931	0.581923634606	0.543740937651	0.577573707105	0.473658772354	0.544707588207
AE5	0.637022716288	0.544707588207	0.975350410826	0.643305944901	0.53697438376	0.550507491542	0.579023682939	0.555340744321	0.610439826003	0.533591106815	0.623006283229	0.51619139681	0.571290478492	0.884968583857	0.567907201547	0.58095698405	0.613823102948	0.614789753504	0.929917834703	0.748670855486	0.725471242146	0.654905751571	0.644755920735	0.637989366844	0.875302078299	0.65732237796	0.628806186564	0.623489608507	0.633156114065	0.662638956017	0.673755437409	0.622522957951	0.555824069599	0.594006766554	0.626872885452	0.552440792653	0.592073465442	0.517158047366	0.544707588207	0.0	0.352827452876	0.614789753504	0.587240212663	0.511358144031	0.626389560174	0.629772837119	0.658289028516	0.610439826003	0.640889318511	0.603189946834	0.630256162397	0.652972450459	0.540357660706	0.556790720155	0.596423392943	0.56259062349	0.560657322378	0.623489608507	0.561623972934	0.602223296278	0.58095698405	0.605606573224
AE6	0.605123247946	0.490575157081	0.974383760271	0.624456259062	0.562107298212	0.479942000967	0.580473658772	0.468825519575	0.528757854036	0.502174963751	0.546640889319	0.517641372644	0.522474625423	0.881585306912	0.55099081682	0.53939101015	0.539874335428	0.535041082649	0.931367810536	0.748670855486	0.654905751571	0.58337361044	0.581440309328	0.574190430159	0.899468342194	0.620589656839	0.540357660706	0.551957467376	0.583856935718	0.608506524891	0.630256162397	0.578057032383	0.475108748188	0.509424842919	0.619139681005	0.542774287095	0.521991300145	0.473175447076	0.406959884002	0.352827452876	0.0	0.646689221846	0.617689705172	0.484775253746	0.538424359594	0.541807636539	0.642822619623	0.588690188497	0.625422909618	0.596423392943	0.605606573224	0.628322861286	0.494925084582	0.500724987917	0.525857902368	0.51619139681	0.511358144031	0.609473175447	0.519091348478	0.593523441276	0.507491541808	0.587240212663
AF5	0.718704688255	0.638472692122	0.934751087482	0.681005316578	0.663605606573	0.696955050749	0.565007249879	0.65055582407	0.708071532141	0.598356694055	0.731271145481	0.662155630739	0.680038666022	0.849685838569	0.605123247946	0.687771870469	0.729821169647	0.733204446593	0.872402126631	0.724021266312	0.722571290478	0.691155147414	0.738037699372	0.730304494925	0.876268728855	0.698405026583	0.714838086032	0.69453842436	0.686321894635	0.684388593523	0.763170613823	0.731271145481	0.645239246013	0.676655389077	0.751570807153	0.676172063799	0.718704688255	0.505074915418	0.704688255196	0.614789753504	0.646689221846	0.0	0.288061865636	0.552440792653	0.741904301595	0.727404543258	0.778153697438	0.729337844369	0.755437409377	0.725471242146	0.739487675205	0.762203963267	0.702754954084	0.723537941034	0.742387626873	0.718221362977	0.685355244079	0.74770420493	0.686805219913	0.717738037699	0.729821169647	0.727887868536
AF6	0.70130497825	0.61333977767	0.93523441276	0.664088931851	0.643305944901	0.665538907685	0.561623972934	0.621556307395	0.670855485742	0.566940550991	0.70130497825	0.637506041566	0.652489125181	0.849685838569	0.582890285162	0.650072498792	0.697438376027	0.697921701305	0.881101981634	0.722571290478	0.706138231029	0.655872402127	0.695988400193	0.692605123248	0.877718704688	0.674722087965	0.676655389077	0.654905751571	0.648622522958	0.660222329628	0.746254229096	0.699371677139	0.602706621556	0.639922667956	0.728854519091	0.645239246013	0.671822136298	0.463508941518	0.669888835186	0.587240212663	0.617689705172	0.288061865636	0.0	0.519091348478	0.708071532141	0.69453842436	0.755920734654	0.709521507975	0.737554374094	0.708071532141	0.718221362977	0.743837602707	0.670372160464	0.688738521025	0.706138231029	0.685838569357	0.65055582407	0.730787820203	0.652489125181	0.697921701305	0.698888351861	0.697438376027
