	AA3	AA4	AB3	AB4	AC3	AC4	AD3	AD4	AE3	AE4	AF3	AF4	AG3	AG4	AH3	AH4	AA7	AA8	AB7	AB8	AC7	AC8	AD7	AD8	AE7	AE8	AF7	AF8	AG7	AG8	AH7	AH8	AA5	AA6	AB5	AB6	AC5	AC6	AD6	AE5	AE6	AF5	AF6	AG5	AH5	AH6	AA1	AA2	AB1	AB2	AC1	AC2	AD1	AD2	AE1	AE2	AF1	AF2	AG1	AG2	AH1	AH2
AA3	0.0	0.47462542291	0.933301111648	0.631222812953	0.64572257129	0.570807153214	0.670855485742	0.579507008217	0.567423876269	0.609473175447	0.601739971	0.585790236829	0.567423876269	0.849202513291	0.642339294345	0.320927984534	0.57177380377	0.564040599323	0.869018849686	0.709038182697	0.621072982117	0.570323827936	0.582890285162	0.577573707105	0.839052682455	0.587240212663	0.571290478492	0.557274045433	0.582890285162	0.588690188497	0.591106814886	0.558724021266	0.586756887385	0.593040115998	0.738037699372	0.673755437409	0.608023199613	0.626872885452	0.596906718221	0.624456259062	0.602223296278	0.709521507975	0.693571773804	0.617206379894	0.618173030449	0.612856452392	0.674238762687	0.642339294345	0.70372160464	0.669405509908	0.647655872402	0.66892218463	0.548090865152	0.559207346544	0.563557274045	0.55099081682	0.579023682939	0.65055582407	0.584340260996	0.675688738521	0.58095698405	0.651522474625
AA4	0.47462542291	0.0	0.947800869986	0.587723537941	0.557274045433	0.495891735138	0.58095698405	0.484291928468	0.506041565974	0.502174963751	0.566457225713	0.495891735138	0.472692121798	0.85645239246	0.3610439826	0.359594006767	0.532141130981	0.545674238763	0.895118414693	0.718221362977	0.663122281295	0.575640405993	0.593040115998	0.57177380377	0.869985500242	0.60415659739	0.554374093765	0.561140647656	0.59255679072	0.601256645723	0.626872885452	0.599323344611	0.507974867086	0.516674722088	0.668438859352	0.591590140164	0.575640405993	0.512808119865	0.529241179314	0.535524407927	0.501208313195	0.626389560174	0.59255679072	0.509424842919	0.586273562107	0.566940550991	0.652005799903	0.58337361044	0.6389560174	0.609473175447	0.608989850169	0.640405993233	0.528274528758	0.51377477042	0.526824552924	0.531174480425	0.495891735138	0.622522957951	0.510391493475	0.608506524891	0.535524407927	0.598840019333
AB3	0.933301111648	0.947800869986	0.0	0.681005316578	0.918318028033	0.951667472209	0.957467375544	0.942484291928	0.930401159981	0.947800869986	0.972933784437	0.939101014983	0.966167230546	0.365393910101	0.964233929435	0.941517641373	0.974867085549	0.971000483325	0.757370710488	0.764620589657	0.882551957467	0.911068148864	0.954567423876	0.952634122765	0.85886901885	0.901401643306	0.943450942484	0.927501208313	0.834702754954	0.831319478009	0.951184146931	0.954084098598	0.95360077332	0.960850652489	0.972933784437	0.965683905268	0.975350410826	0.949734171097	0.973417109715	0.972933784437	0.971483808603	0.936684388594	0.931851135814	0.946350894152	0.975350410826	0.970517158047	0.972933784437	0.970033832769	0.970517158047	0.971967133881	0.970033832769	0.971000483325	0.974867085549	0.972450459159	0.973417109715	0.972933784437	0.972450459159	0.969550507492	0.972933784437	0.973900434993	0.972933784437	0.971483808603
AB4	0.631222812953	0.587723537941	0.681005316578	0.0	0.639439342678	0.600289995167	0.698405026583	0.623006283229	0.624456259062	0.622039632673	0.654905751571	0.608989850169	0.485741904302	0.558724021266	0.621556307395	0.602706621556	0.635572740454	0.656355727405	0.745770903818	0.581923634606	0.656839052682	0.630256162397	0.670855485742	0.658772353794	0.800386660222	0.635089415176	0.663122281295	0.65055582407	0.555340744321	0.58095698405	0.702754954084	0.675688738521	0.64572257129	0.660705654906	0.726437892702	0.669405509908	0.65973900435	0.647655872402	0.629772837119	0.64572257129	0.638472692122	0.676655389077	0.655389076849	0.631706138231	0.693571773804	0.675688738521	0.694055099082	0.652489125181	0.697921701305	0.673272112131	0.6805219913	0.685838569357	0.632672788787	0.647655872402	0.654905751571	0.652972450459	0.650072498792	0.667955534074	0.641372643789	0.682455292412	0.652005799903	0.661188980184
AC3	0.64572257129	0.557274045433	0.918318028033	0.639439342678	0.0	0.491541807637	0.641855969067	0.540357660706	0.560657322378	0.56935717738	0.623006283229	0.321894635089	0.60415659739	0.83566940551	0.600289995167	0.597873368777	0.618656355727	0.621556307395	0.864668922185	0.741904301595	0.726437892702	0.679555340744	0.716771387144	0.693088448526	0.827452875785	0.667955534074	0.650072498792	0.667955534074	0.679072015466	0.690671822136	0.696471725471	0.685838569357	0.617689705172	0.623489608507	0.617206379894	0.568873852102	0.615273078782	0.570807153214	0.565007249879	0.55099081682	0.558240695988	0.653455775737	0.626389560174	0.550507491542	0.641855969067	0.620106331561	0.590623489609	0.574190430159	0.573707104882	0.578057032383	0.597390043499	0.591106814886	0.538907684872	0.558240695988	0.577573707105	0.567423876269	0.618656355727	0.574190430159	0.618173030449	0.593040115998	0.61575640406	0.577090381827
AC4	0.570807153214	0.495891735138	0.951667472209	0.600289995167	0.491541807637	0.0	0.619139681005	0.391976800387	0.391976800387	0.508458192363	0.343644272595	0.38666022233	0.490091831803	0.861768970517	0.555824069599	0.521507974867	0.472692121798	0.471725471242	0.927017883035	0.744320927985	0.579990333494	0.514741420976	0.512808119865	0.483325277912	0.892218463026	0.592073465442	0.475592073465	0.492508458192	0.527307878202	0.56935717738	0.565490575157	0.521991300145	0.441275978734	0.47220879652	0.64572257129	0.566457225713	0.470275495408	0.49299178347	0.411309811503	0.553890768487	0.468342194297	0.678105364911	0.64572257129	0.507491541808	0.513291445143	0.491058482359	0.639439342678	0.574673755437	0.612373127115	0.589656839053	0.591590140164	0.622039632673	0.4813919768	0.502174963751	0.521024649589	0.512324794587	0.545674238763	0.598840019333	0.543740937651	0.601739971	0.465925567907	0.58337361044
AD3	0.670855485742	0.58095698405	0.957467375544	0.698405026583	0.641855969067	0.619139681005	0.0	0.537941034316	0.637506041566	0.356210729821	0.674238762687	0.59255679072	0.6389560174	0.871435476075	0.586756887385	0.641855969067	0.679555340744	0.688255195747	0.936684388594	0.760270662156	0.710971483809	0.693088448526	0.690671822136	0.688738521025	0.915418076365	0.679555340744	0.703238279362	0.695021749638	0.689221846303	0.688255195747	0.718704688255	0.693088448526	0.630739487675	0.648622522958	0.735137747704	0.667472208797	0.680038666022	0.533591106815	0.629772837119	0.586756887385	0.578540357661	0.55099081682	0.535524407927	0.541807636539	0.696955050749	0.683905268246	0.758337361044	0.708071532141	0.754470758821	0.718221362977	0.719671338811	0.749154180764	0.653939101015	0.658289028516	0.668438859352	0.65973900435	0.631222812953	0.725954567424	0.641855969067	0.719188013533	0.68970517158	0.721604639923
AD4	0.579507008217	0.484291928468	0.942484291928	0.623006283229	0.540357660706	0.391976800387	0.537941034316	0.0	0.302561623973	0.417593040116	0.440309328178	0.460125664572	0.510874818753	0.852102464959	0.537941034316	0.511841469309	0.48380860319	0.472692121798	0.931851135814	0.752537457709	0.58095698405	0.497341710971	0.508458192363	0.479942000967	0.899951667472	0.596423392943	0.44900918318	0.470758820686	0.514258095698	0.570323827936	0.547607539874	0.515224746254	0.403093281779	0.45142580957	0.641372643789	0.564040599323	0.450459159014	0.462542290962	0.431609473175	0.540840985984	0.462542290962	0.638472692122	0.610923151281	0.479458675689	0.498791686805	0.478975350411	0.658289028516	0.600289995167	0.643789270179	0.621556307395	0.621072982117	0.649589173514	0.495891735138	0.502658289029	0.523924601257	0.514258095698	0.538424359594	0.630256162397	0.546157564041	0.625422909618	0.506041565974	0.612373127115
AE3	0.567423876269	0.506041565974	0.930401159981	0.624456259062	0.560657322378	0.391976800387	0.637506041566	0.302561623973	0.0	0.511841469309	0.412276462059	0.493475108748	0.519574673755	0.846785886902	0.556307394877	0.522957950701	0.461092315128	0.44900918318	0.920251329145	0.739004349928	0.563073948768	0.478492025133	0.4813919768	0.450942484292	0.887385210246	0.591590140164	0.42822619623	0.441759304012	0.499758337361	0.553890768487	0.529724504592	0.484775253746	0.402126631223	0.454809086515	0.666022232963	0.587240212663	0.443209279845	0.49540840986	0.450459159014	0.588690188497	0.511358144031	0.675688738521	0.644272595457	0.509908168197	0.499275012083	0.478492025133	0.671822136298	0.608023199613	0.646689221846	0.631706138231	0.624456259062	0.660705654906	0.508941517641	0.520057999033	0.540840985984	0.534074432093	0.546157564041	0.640405993233	0.565007249879	0.630256162397	0.503624939584	0.623489608507
AE4	0.609473175447	0.502174963751	0.947800869986	0.622039632673	0.56935717738	0.508458192363	0.356210729821	0.417593040116	0.511841469309	0.0	0.579990333494	0.512808119865	0.562107298212	0.859352344128	0.535041082649	0.55099081682	0.577573707105	0.587240212663	0.92363460609	0.743837602707	0.65055582407	0.58095698405	0.598356694055	0.579990333494	0.901401643306	0.607056549058	0.591106814886	0.581440309328	0.584823586274	0.599323344611	0.637506041566	0.611889801837	0.532141130981	0.545190913485	0.6805219913	0.609956500725	0.572740454326	0.454325761237	0.526824552924	0.519091348478	0.482358627356	0.566940550991	0.544224262929	0.480425326245	0.602223296278	0.588206863219	0.699855002417	0.642339294345	0.69453842436	0.662155630739	0.664088931851	0.682455292412	0.577090381827	0.568390526825	0.584340260996	0.581923634606	0.558724021266	0.666022232963	0.572257129048	0.67133881102	0.58095698405	0.661672305462
AF3	0.601739971	0.566457225713	0.972933784437	0.654905751571	0.623006283229	0.343644272595	0.674238762687	0.440309328178	0.412276462059	0.579990333494	0.0	0.511358144031	0.537457709038	0.884001933301	0.60657322378	0.567423876269	0.475108748188	0.440792653456	0.951184146931	0.773320444659	0.602706621556	0.538907684872	0.454325761237	0.418076365394	0.911068148864	0.621556307395	0.44900918318	0.479458675689	0.546640889319	0.600289995167	0.529241179314	0.506524891252	0.460125664572	0.512324794587	0.669405509908	0.615273078782	0.425809569841	0.531657805703	0.455775737071	0.613823102948	0.528274528758	0.717254712421	0.694055099082	0.544224262929	0.521991300145	0.502174963751	0.671822136298	0.614306428226	0.662638956017	0.621556307395	0.623972933784	0.653455775737	0.53020782987	0.523924601257	0.547124214596	0.533107781537	0.58337361044	0.641855969067	0.58095698405	0.626389560174	0.506524891252	0.619623006283
AF4	0.585790236829	0.495891735138	0.939101014983	0.608989850169	0.321894635089	0.38666022233	0.59255679072	0.460125664572	0.493475108748	0.512808119865	0.511358144031	0.0	0.532141130981	0.852102464959	0.537941034316	0.533107781537	0.564040599323	0.56259062349	0.894635089415	0.71532141131	0.676655389077	0.616723054616	0.644755920735	0.618173030449	0.861285645239	0.619139681005	0.582890285162	0.603189946834	0.626389560174	0.640889318511	0.649589173514	0.623006283229	0.545190913485	0.557274045433	0.609473175447	0.526824552924	0.53697438376	0.523441275979	0.484775253746	0.499275012083	0.496858385694	0.625422909618	0.597873368777	0.501208313195	0.561623972934	0.547124214596	0.59497341711	0.53020782987	0.565490575157	0.542290961817	0.544707588207	0.570323827936	0.468342194297	0.493475108748	0.51377477042	0.503141614306	0.551957467376	0.552924117931	0.546640889319	0.557274045433	0.538424359594	0.537941034316
AG3	0.567423876269	0.472692121798	0.966167230546	0.485741904302	0.60415659739	0.490091831803	0.6389560174	0.510874818753	0.519574673755	0.562107298212	0.537457709038	0.532141130981	0.0	0.845819236346	0.522957950701	0.51377477042	0.498791686805	0.503624939584	0.925567907202	0.750120831319	0.670372160464	0.590140164331	0.591106814886	0.575640405993	0.887385210246	0.619139681005	0.545190913485	0.571290478492	0.599323344611	0.620589656839	0.632672788787	0.587240212663	0.527307878202	0.51377477042	0.662638956017	0.598840019333	0.546157564041	0.553890768487	0.517641372644	0.570807153214	0.522474625423	0.679555340744	0.651522474625	0.533591106815	0.56935717738	0.552440792653	0.62735621073	0.581440309328	0.62735621073	0.607056549058	0.589173513775	0.615273078782	0.49540840986	0.514258095698	0.524891251812	0.529241179314	0.53020782987	0.598356694055	0.533591106815	0.611406476559	0.508941517641	0.587723537941
AG4	0.849202513291	0.85645239246	0.365393910101	0.558724021266	0.83566940551	0.861768970517	0.871435476075	0.852102464959	0.846785886902	0.859352344128	0.884001933301	0.852102464959	0.845819236346	0.0	0.872885451909	0.852102464959	0.895118414693	0.890768487192	0.718704688255	0.686321894635	0.809086515225	0.833736104398	0.875302078299	0.874818753021	0.825519574674	0.818269695505	0.867568873852	0.849202513291	0.75688738521	0.746737554374	0.8796520058	0.878202029966	0.869985500242	0.8796520058	0.894151764137	0.883035282745	0.890285161914	0.861285645239	0.884485258579	0.884001933301	0.883035282745	0.855485741904	0.846302561624	0.85886901885	0.896085065249	0.88883518608	0.881585306912	0.880618656356	0.884001933301	0.883518608023	0.892701788304	0.884968583857	0.890285161914	0.888351860802	0.893185113581	0.887868535524	0.886418559691	0.885935234413	0.883518608023	0.885935234413	0.890285161914	0.887868535524
AH3	0.642339294345	0.3610439826	0.964233929435	0.621556307395	0.600289995167	0.555824069599	0.586756887385	0.537941034316	0.556307394877	0.535041082649	0.60657322378	0.537941034316	0.522957950701	0.872885451909	0.0	0.524407926535	0.575640405993	0.594006766554	0.927501208313	0.757854035766	0.710488158531	0.626389560174	0.637022716288	0.631706138231	0.903334944418	0.677138714355	0.629289511841	0.632189463509	0.65973900435	0.66892218463	0.688738521025	0.652005799903	0.541807636539	0.559690671822	0.696955050749	0.629289511841	0.629772837119	0.541324311261	0.585306911551	0.561140647656	0.556307394877	0.607539874335	0.575157080715	0.546640889319	0.635572740454	0.611406476559	0.695988400193	0.626389560174	0.666988883519	0.647172547124	0.65055582407	0.678105364911	0.581440309328	0.58337361044	0.579023682939	0.595940067666	0.563073948768	0.660705654906	0.556790720155	0.647172547124	0.592073465442	0.6389560174
AH4	0.320927984534	0.359594006767	0.941517641373	0.602706621556	0.597873368777	0.521507974867	0.641855969067	0.511841469309	0.522957950701	0.55099081682	0.567423876269	0.533107781537	0.51377477042	0.852102464959	0.524407926535	0.0	0.534074432093	0.537457709038	0.872402126631	0.711938134364	0.630739487675	0.55099081682	0.572740454326	0.558724021266	0.844369260512	0.58095698405	0.540840985984	0.53697438376	0.572257129048	0.588206863219	0.591106814886	0.565490575157	0.531174480425	0.539874335428	0.690188496858	0.622522957951	0.568873852102	0.566457225713	0.543257612373	0.576607056549	0.546157564041	0.674722087965	0.644272595457	0.553890768487	0.581440309328	0.571290478492	0.655872402127	0.593040115998	0.657805703238	0.614789753504	0.611406476559	0.640405993233	0.513291445143	0.51377477042	0.528757854036	0.519574673755	0.503624939584	0.622039632673	0.514741420976	0.622522957951	0.534557757371	0.609956500725
AA7	0.57177380377	0.532141130981	0.974867085549	0.635572740454	0.618656355727	0.472692121798	0.679555340744	0.48380860319	0.461092315128	0.577573707105	0.475108748188	0.564040599323	0.498791686805	0.895118414693	0.575640405993	0.534074432093	0.0	0.304011599807	0.920734654422	0.755437409377	0.60657322378	0.517158047366	0.50459159014	0.477042049299	0.873368777187	0.596906718221	0.476075398743	0.480425326245	0.542290961817	0.591106814886	0.528757854036	0.433542774287	0.45142580957	0.493958434026	0.716771387144	0.655872402127	0.494925084582	0.558240695988	0.491541807637	0.602706621556	0.555340744321	0.713388110198	0.684388593523	0.580473658772	0.566940550991	0.533107781537	0.669405509908	0.609956500725	0.662638956017	0.646689221846	0.609956500725	0.64572257129	0.505074915418	0.522957950701	0.535524407927	0.549540840986	0.53697438376	0.622039632673	0.551957467376	0.656355727405	0.498791686805	0.614789753504
AA8	0.564040599323	0.545674238763	0.971000483325	0.656355727405	0.621556307395	0.471725471242	0.688255195747	0.472692121798	0.44900918318	0.587240212663	0.440792653456	0.56259062349	0.503624939584	0.890768487192	0.594006766554	0.537457709038	0.304011599807	0.0	0.919768003867	0.751087481875	0.584823586274	0.499275012083	0.473658772354	0.456259062349	0.86805219913	0.595940067666	0.436442725955	0.452392460126	0.534074432093	0.590623489609	0.471242145964	0.392460125665	0.441275978734	0.492025132914	0.711454809087	0.657805703238	0.473658772354	0.554857419043	0.49299178347	0.613823102948	0.556307394877	0.724987916868	0.694055099082	0.572740454326	0.546157564041	0.523924601257	0.665055582407	0.607056549058	0.670372160464	0.647172547124	0.612373127115	0.638472692122	0.502658289029	0.517158047366	0.535524407927	0.523924601257	0.549057515708	0.622039632673	0.555824069599	0.643789270179	0.492025132914	0.616239729338
AB7	0.869018849686	0.895118414693	0.757370710488	0.745770903818	0.864668922185	0.927017883035	0.936684388594	0.931851135814	0.920251329145	0.92363460609	0.951184146931	0.894635089415	0.925567907202	0.718704688255	0.927501208313	0.872402126631	0.920734654422	0.919768003867	0.0	0.418559690672	0.797970033833	0.849202513291	0.926534557757	0.922667955534	0.734171097148	0.81488641856	0.893185113581	0.876268728855	0.722087965201	0.696471725471	0.875785403577	0.898501691638	0.917351377477	0.936201063316	0.948284195263	0.931851135814	0.947317544708	0.910584823586	0.947800869986	0.928951184147	0.940067665539	0.873852102465	0.869502174964	0.901884968584	0.95601739971	0.951184146931	0.922667955534	0.922184630256	0.932334461092	0.931367810536	0.929434509425	0.918318028033	0.914934751087	0.916868052199	0.913484775254	0.913484775254	0.927984533591	0.913968100532	0.929434509425	0.924117931368	0.949250845819	0.930884485259
AB8	0.709038182697	0.718221362977	0.764620589657	0.581923634606	0.741904301595	0.744320927985	0.760270662156	0.752537457709	0.739004349928	0.743837602707	0.773320444659	0.71532141131	0.750120831319	0.686321894635	0.757854035766	0.711938134364	0.755437409377	0.751087481875	0.418559690672	0.0	0.626872885452	0.670855485742	0.739487675205	0.734171097148	0.738037699372	0.644755920735	0.711938134364	0.69212179797	0.51377477042	0.506524891252	0.72450459159	0.730304494925	0.745770903818	0.757854035766	0.815369743838	0.758337361044	0.769937167714	0.728854519091	0.760753987434	0.75688738521	0.757854035766	0.715804736588	0.699371677139	0.723054615756	0.778153697438	0.771387143548	0.805703238279	0.753020782987	0.796036732721	0.761720637989	0.764620589657	0.782986950217	0.753504108265	0.753987433543	0.753020782987	0.751570807153	0.751570807153	0.772837119381	0.750604156597	0.756404059932	0.766070565491	0.762203963267
AC7	0.621072982117	0.663122281295	0.882551957467	0.656839052682	0.726437892702	0.579990333494	0.710971483809	0.58095698405	0.563073948768	0.65055582407	0.602706621556	0.676655389077	0.670372160464	0.809086515225	0.710488158531	0.630739487675	0.60657322378	0.584823586274	0.797970033833	0.626872885452	0.0	0.373127114548	0.577090381827	0.561140647656	0.814403093282	0.590623489609	0.552440792653	0.517641372644	0.455775737071	0.489125181247	0.566940550991	0.556790720155	0.565490575157	0.60657322378	0.799420009667	0.73852102465	0.630256162397	0.617689705172	0.614789753504	0.717738037699	0.665055582407	0.70130497825	0.688255195747	0.632672788787	0.639439342678	0.622522957951	0.818269695505	0.75688738521	0.801836636056	0.78008699855	0.762203963267	0.794103431609	0.660705654906	0.664572257129	0.687771870469	0.673272112131	0.678588690188	0.773803769937	0.677138714355	0.781536974384	0.619623006283	0.766070565491
AC8	0.570323827936	0.575640405993	0.911068148864	0.630256162397	0.679555340744	0.514741420976	0.693088448526	0.497341710971	0.478492025133	0.58095698405	0.538907684872	0.616723054616	0.590140164331	0.833736104398	0.626389560174	0.55099081682	0.517158047366	0.499275012083	0.849202513291	0.670855485742	0.373127114548	0.0	0.491541807637	0.489125181247	0.847752537458	0.553407443209	0.415176413726	0.384726921218	0.434026099565	0.482841952634	0.533107781537	0.500241662639	0.46979217013	0.521024649589	0.734171097148	0.666022232963	0.55099081682	0.552924117931	0.542774287095	0.651522474625	0.589656839053	0.666988883519	0.637022716288	0.570807153214	0.56935717738	0.552440792653	0.740937651039	0.675688738521	0.73852102465	0.714354760754	0.678588690188	0.713388110198	0.582406959884	0.586273562107	0.602223296278	0.598840019333	0.591590140164	0.700821652972	0.600289995167	0.712421459642	0.544224262929	0.682455292412
AD7	0.582890285162	0.593040115998	0.954567423876	0.670855485742	0.716771387144	0.512808119865	0.690671822136	0.508458192363	0.4813919768	0.598356694055	0.454325761237	0.644755920735	0.591106814886	0.875302078299	0.637022716288	0.572740454326	0.50459159014	0.473658772354	0.926534557757	0.739487675205	0.577090381827	0.491541807637	0.0	0.299661672305	0.893668438859	0.534074432093	0.434026099565	0.441759304012	0.509908168197	0.551474142098	0.503624939584	0.464958917351	0.487191880135	0.543740937651	0.742387626873	0.675205413243	0.512808119865	0.58337361044	0.554374093765	0.654422426293	0.603189946834	0.716288061866	0.70130497825	0.600289995167	0.574673755437	0.562107298212	0.749154180764	0.684871918801	0.746737554374	0.720637989367	0.691155147414	0.721604639923	0.589656839053	0.601256645723	0.610923151281	0.608023199613	0.59497341711	0.712421459642	0.601739971	0.720154664089	0.561623972934	0.694055099082
AD8	0.577573707105	0.57177380377	0.952634122765	0.658772353794	0.693088448526	0.483325277912	0.688738521025	0.479942000967	0.450942484292	0.579990333494	0.418076365394	0.618173030449	0.575640405993	0.874818753021	0.631706138231	0.558724021266	0.477042049299	0.456259062349	0.922667955534	0.734171097148	0.561140647656	0.489125181247	0.299661672305	0.0	0.85645239246	0.497825036249	0.405993233446	0.422426292895	0.492025132914	0.541807636539	0.499758337361	0.466892218463	0.472692121798	0.521991300145	0.728854519091	0.662155630739	0.48622522958	0.558724021266	0.526824552924	0.631706138231	0.579023682939	0.713388110198	0.687288545191	0.573223779604	0.552440792653	0.540840985984	0.735621072982	0.665538907685	0.730304494925	0.700821652972	0.673755437409	0.70372160464	0.579507008217	0.586273562107	0.594490091832	0.591106814886	0.585790236829	0.690671822136	0.594490091832	0.698405026583	0.542290961817	0.680038666022
AE7	0.839052682455	0.869985500242	0.85886901885	0.800386660222	0.827452875785	0.892218463026	0.915418076365	0.899951667472	0.887385210246	0.901401643306	0.911068148864	0.861285645239	0.887385210246	0.825519574674	0.903334944418	0.844369260512	0.873368777187	0.86805219913	0.734171097148	0.738037699372	0.814403093282	0.847752537458	0.893668438859	0.85645239246	0.0	0.53939101015	0.873368777187	0.853069115515	0.769937167714	0.762687288545	0.837119381344	0.854519091348	0.894151764137	0.902368293862	0.928951184147	0.913001449976	0.919768003867	0.894151764137	0.913968100532	0.876268728855	0.903818269696	0.879168680522	0.871918801353	0.866602223296	0.939101014983	0.9212179797	0.887385210246	0.894151764137	0.906234896085	0.899468342194	0.906234896085	0.898018366361	0.890285161914	0.897051715805	0.901884968584	0.887385210246	0.909134847753	0.883035282745	0.907201546641	0.897051715805	0.911068148864	0.895118414693
AE8	0.587240212663	0.60415659739	0.901401643306	0.635089415176	0.667955534074	0.592073465442	0.679555340744	0.596423392943	0.591590140164	0.607056549058	0.621556307395	0.619139681005	0.619139681005	0.818269695505	0.677138714355	0.58095698405	0.596906718221	0.595940067666	0.81488641856	0.644755920735	0.590623489609	0.553407443209	0.534074432093	0.497825036249	0.53939101015	0.0	0.572257129048	0.553890768487	0.521991300145	0.511358144031	0.587240212663	0.569840502658	0.602706621556	0.608989850169	0.753987433543	0.688255195747	0.630739487675	0.603673272112	0.620106331561	0.641855969067	0.608023199613	0.675205413243	0.660705654906	0.577573707105	0.643789270179	0.631706138231	0.73852102465	0.677138714355	0.745770903818	0.704204929918	0.690671822136	0.723054615756	0.623006283229	0.622522957951	0.637989366844	0.633156114065	0.630739487675	0.694055099082	0.641855969067	0.695988400193	0.611406476559	0.684871918801
AF7	0.571290478492	0.554374093765	0.943450942484	0.663122281295	0.650072498792	0.475592073465	0.703238279362	0.44900918318	0.42822619623	0.591106814886	0.44900918318	0.582890285162	0.545190913485	0.867568873852	0.629289511841	0.540840985984	0.476075398743	0.436442725955	0.893185113581	0.711938134364	0.552440792653	0.415176413726	0.434026099565	0.405993233446	0.873368777187	0.572257129048	0.0	0.299661672305	0.479942000967	0.532624456259	0.483325277912	0.4813919768	0.443209279845	0.488641855969	0.693571773804	0.617206379894	0.452392460126	0.528757854036	0.499275012083	0.613823102948	0.544224262929	0.700338327695	0.675688738521	0.542774287095	0.52779120348	0.506524891252	0.675688738521	0.619623006283	0.684871918801	0.664572257129	0.623489608507	0.651522474625	0.532141130981	0.524407926535	0.546157564041	0.540840985984	0.554857419043	0.632672788787	0.564040599323	0.661672305462	0.492508458192	0.622039632673
AF8	0.557274045433	0.561140647656	0.927501208313	0.65055582407	0.667955534074	0.492508458192	0.695021749638	0.470758820686	0.441759304012	0.581440309328	0.479458675689	0.603189946834	0.571290478492	0.849202513291	0.632189463509	0.53697438376	0.480425326245	0.452392460126	0.876268728855	0.69212179797	0.517641372644	0.384726921218	0.441759304012	0.422426292895	0.853069115515	0.553890768487	0.299661672305	0.0	0.463992266796	0.50700821653	0.493958434026	0.471725471242	0.441275978734	0.511358144031	0.713388110198	0.641855969067	0.471725471242	0.533591106815	0.519091348478	0.610923151281	0.563557274045	0.6805219913	0.655872402127	0.538424359594	0.54857419043	0.535524407927	0.694055099082	0.634606089899	0.708071532141	0.682455292412	0.647172547124	0.668438859352	0.548090865152	0.552440792653	0.569840502658	0.563557274045	0.562107298212	0.659255679072	0.559690671822	0.678588690188	0.507974867086	0.643789270179
AG7	0.582890285162	0.59255679072	0.834702754954	0.555340744321	0.679072015466	0.527307878202	0.689221846303	0.514258095698	0.499758337361	0.584823586274	0.546640889319	0.626389560174	0.599323344611	0.75688738521	0.65973900435	0.572257129048	0.542290961817	0.534074432093	0.722087965201	0.51377477042	0.455775737071	0.434026099565	0.509908168197	0.492025132914	0.769937167714	0.521991300145	0.479942000967	0.463992266796	0.0	0.30546157564	0.546640889319	0.523924601257	0.513291445143	0.555340744321	0.744804253262	0.666022232963	0.544224262929	0.561140647656	0.543740937651	0.643305944901	0.590140164331	0.664572257129	0.632189463509	0.56935717738	0.592073465442	0.578057032383	0.748670855486	0.677138714355	0.740454325761	0.718221362977	0.683905268246	0.720637989367	0.600289995167	0.605606573224	0.619139681005	0.612373127115	0.616239729338	0.707588206863	0.625422909618	0.715804736588	0.575157080715	0.695505074915
AG8	0.588690188497	0.601256645723	0.831319478009	0.58095698405	0.690671822136	0.56935717738	0.688255195747	0.570323827936	0.553890768487	0.599323344611	0.600289995167	0.640889318511	0.620589656839	0.746737554374	0.66892218463	0.588206863219	0.591106814886	0.590623489609	0.696471725471	0.506524891252	0.489125181247	0.482841952634	0.551474142098	0.541807636539	0.762687288545	0.511358144031	0.532624456259	0.50700821653	0.30546157564	0.0	0.581440309328	0.565490575157	0.564523924601	0.579990333494	0.75688738521	0.680038666022	0.586273562107	0.578057032383	0.584823586274	0.656355727405	0.603189946834	0.669405509908	0.645239246013	0.582890285162	0.612373127115	0.594490091832	0.763653939101	0.690188496858	0.754954084099	0.730787820203	0.699371677139	0.732237796037	0.619139681005	0.623972933784	0.635089415176	0.634122764621	0.628806186564	0.717254712421	0.640405993233	0.725471242146	0.59497341711	0.707104881585
AH7	0.591106814886	0.626872885452	0.951184146931	0.702754954084	0.696471725471	0.565490575157	0.718704688255	0.547607539874	0.529724504592	0.637506041566	0.529241179314	0.649589173514	0.632672788787	0.8796520058	0.688738521025	0.591106814886	0.528757854036	0.471242145964	0.875785403577	0.72450459159	0.566940550991	0.533107781537	0.503624939584	0.499758337361	0.837119381344	0.587240212663	0.483325277912	0.493958434026	0.546640889319	0.581440309328	0.0	0.329627839536	0.565490575157	0.610923151281	0.78008699855	0.723537941034	0.558240695988	0.632189463509	0.605606573224	0.674722087965	0.640889318511	0.758337361044	0.751087481875	0.645239246013	0.640405993233	0.62735621073	0.762203963267	0.71532141131	0.767037216046	0.734654422426	0.714838086032	0.739971000483	0.61333977767	0.626872885452	0.635089415176	0.631706138231	0.634606089899	0.724021266312	0.634122764621	0.727404543258	0.599323344611	0.719671338811
AH8	0.558724021266	0.599323344611	0.954084098598	0.675688738521	0.685838569357	0.521991300145	0.693088448526	0.515224746254	0.484775253746	0.611889801837	0.506524891252	0.623006283229	0.587240212663	0.878202029966	0.652005799903	0.565490575157	0.433542774287	0.392460125665	0.898501691638	0.730304494925	0.556790720155	0.500241662639	0.464958917351	0.466892218463	0.854519091348	0.569840502658	0.4813919768	0.471725471242	0.523924601257	0.565490575157	0.329627839536	0.0	0.505558240696	0.563557274045	0.763170613823	0.696955050749	0.540357660706	0.593523441276	0.563557274045	0.645239246013	0.608506524891	0.727404543258	0.717738037699	0.618656355727	0.594006766554	0.579507008217	0.728854519091	0.678105364911	0.731754470759	0.701788303528	0.672788786854	0.702271628806	0.569840502658	0.584823586274	0.59497341711	0.585306911551	0.591590140164	0.685838569357	0.595940067666	0.701788303528	0.560657322378	0.681971967134
AA5	0.586756887385	0.507974867086	0.95360077332	0.64572257129	0.617689705172	0.441275978734	0.630739487675	0.403093281779	0.402126631223	0.532141130981	0.460125664572	0.545190913485	0.527307878202	0.869985500242	0.541807636539	0.531174480425	0.45142580957	0.441275978734	0.917351377477	0.745770903818	0.565490575157	0.46979217013	0.487191880135	0.472692121798	0.894151764137	0.602706621556	0.443209279845	0.441275978734	0.513291445143	0.564523924601	0.565490575157	0.505558240696	0.0	0.347994200097	0.679555340744	0.591590140164	0.485258579024	0.446109231513	0.479942000967	0.560657322378	0.491058482359	0.614789753504	0.588206863219	0.473175447076	0.527307878202	0.489125181247	0.705171580474	0.64813919768	0.688255195747	0.664572257129	0.655872402127	0.68970517158	0.529724504592	0.557274045433	0.574190430159	0.559207346544	0.538907684872	0.667472208797	0.554857419043	0.663122281295	0.510391493475	0.652972450459
AA6	0.593040115998	0.516674722088	0.960850652489	0.660705654906	0.623489608507	0.47220879652	0.648622522958	0.45142580957	0.454809086515	0.545190913485	0.512324794587	0.557274045433	0.51377477042	0.8796520058	0.559690671822	0.539874335428	0.493958434026	0.492025132914	0.936201063316	0.757854035766	0.60657322378	0.521024649589	0.543740937651	0.521991300145	0.902368293862	0.608989850169	0.488641855969	0.511358144031	0.555340744321	0.579990333494	0.610923151281	0.563557274045	0.347994200097	0.0	0.670372160464	0.581440309328	0.518124697922	0.475592073465	0.487675205413	0.575640405993	0.492025132914	0.651039149348	0.621556307395	0.500241662639	0.462058965684	0.417593040116	0.690188496858	0.632672788787	0.678588690188	0.653939101015	0.646205896568	0.675688738521	0.523924601257	0.545674238763	0.56259062349	0.552924117931	0.541324311261	0.649589173514	0.5601739971	0.649105848236	0.510391493475	0.640889318511
AB5	0.738037699372	0.668438859352	0.972933784437	0.726437892702	0.617206379894	0.64572257129	0.735137747704	0.641372643789	0.666022232963	0.6805219913	0.669405509908	0.609473175447	0.662638956017	0.894151764137	0.696955050749	0.690188496858	0.716771387144	0.711454809087	0.948284195263	0.815369743838	0.799420009667	0.734171097148	0.742387626873	0.728854519091	0.928951184147	0.753987433543	0.693571773804	0.713388110198	0.744804253262	0.75688738521	0.78008699855	0.763170613823	0.679555340744	0.670372160464	0.0	0.318511358144	0.618173030449	0.656355727405	0.609473175447	0.625906234896	0.60415659739	0.737554374094	0.719671338811	0.637506041566	0.617689705172	0.609473175447	0.618173030449	0.609473175447	0.637022716288	0.602706621556	0.62735621073	0.617689705172	0.598840019333	0.59497341711	0.616239729338	0.614789753504	0.664572257129	0.598356694055	0.655389076849	0.609956500725	0.674238762687	0.611889801837
AB6	0.673755437409	0.591590140164	0.965683905268	0.669405509908	0.568873852102	0.566457225713	0.667472208797	0.564040599323	0.587240212663	0.609956500725	0.615273078782	0.526824552924	0.598840019333	0.883035282745	0.629289511841	0.622522957951	0.655872402127	0.657805703238	0.931851135814	0.758337361044	0.73852102465	0.666022232963	0.675205413243	0.662155630739	0.913001449976	0.688255195747	0.617206379894	0.641855969067	0.666022232963	0.680038666022	0.723537941034	0.696955050749	0.591590140164	0.581440309328	0.318511358144	0.0	0.559690671822	0.575640405993	0.549057515708	0.544224262929	0.52537457709	0.657805703238	0.634122764621	0.534557757371	0.551957467376	0.540357660706	0.59255679072	0.541807636539	0.594006766554	0.554857419043	0.56935717738	0.582890285162	0.524407926535	0.53697438376	0.5601739971	0.557274045433	0.594006766554	0.552440792653	0.585306911551	0.556790720155	0.617689705172	0.549540840986
AC5	0.608023199613	0.575640405993	0.975350410826	0.65973900435	0.615273078782	0.470275495408	0.680038666022	0.450459159014	0.443209279845	0.572740454326	0.425809569841	0.53697438376	0.546157564041	0.890285161914	0.629772837119	0.568873852102	0.494925084582	0.473658772354	0.947317544708	0.769937167714	0.630256162397	0.55099081682	0.512808119865	0.48622522958	0.919768003867	0.630739487675	0.452392460126	0.471725471242	0.544224262929	0.586273562107	0.558240695988	0.540357660706	0.485258579024	0.518124697922	0.618173030449	0.559690671822	0.0	0.45142580957	0.434992750121	0.594490091832	0.514741420976	0.713871435476	0.681005316578	0.543740937651	0.490575157081	0.479942000967	0.618656355727	0.574190430159	0.628322861286	0.585790236829	0.58095698405	0.603673272112	0.494925084582	0.489608506525	0.505558240696	0.503624939584	0.567907201547	0.584823586274	0.576607056549	0.593523441276	0.516674722088	0.575157080715
AC6	0.626872885452	0.512808119865	0.949734171097	0.647655872402	0.570807153214	0.49299178347	0.533591106815	0.462542290962	0.49540840986	0.454325761237	0.531657805703	0.523441275979	0.553890768487	0.861285645239	0.541324311261	0.566457225713	0.558240695988	0.554857419043	0.910584823586	0.728854519091	0.617689705172	0.552924117931	0.58337361044	0.558724021266	0.894151764137	0.603673272112	0.528757854036	0.533591106815	0.561140647656	0.578057032383	0.632189463509	0.593523441276	0.446109231513	0.475592073465	0.656355727405	0.575640405993	0.45142580957	0.0	0.500241662639	0.528757854036	0.485258579024	0.488641855969	0.456742387627	0.414209763171	0.555340744321	0.52779120348	0.687771870469	0.629772837119	0.669888835186	0.633639439343	0.646205896568	0.669888835186	0.566457225713	0.561623972934	0.580473658772	0.576607056549	0.559690671822	0.655389076849	0.574190430159	0.637506041566	0.547124214596	0.642339294345
AD6	0.596906718221	0.529241179314	0.973417109715	0.629772837119	0.565007249879	0.411309811503	0.629772837119	0.431609473175	0.450459159014	0.526824552924	0.455775737071	0.484775253746	0.517641372644	0.884485258579	0.585306911551	0.543257612373	0.491541807637	0.49299178347	0.947800869986	0.760753987434	0.614789753504	0.542774287095	0.554374093765	0.526824552924	0.913968100532	0.620106331561	0.499275012083	0.519091348478	0.543740937651	0.584823586274	0.605606573224	0.563557274045	0.479942000967	0.487675205413	0.609473175447	0.549057515708	0.434992750121	0.500241662639	0.0	0.542774287095	0.412276462059	0.693088448526	0.662638956017	0.519091348478	0.470758820686	0.459642339294	0.594490091832	0.534074432093	0.587723537941	0.563557274045	0.55775737071	0.590140164331	0.447559207347	0.463992266796	0.480908651522	0.48380860319	0.550507491542	0.568873852102	0.546157564041	0.578540357661	0.476558724021	0.553890768487
AE5	0.624456259062	0.535524407927	0.972933784437	0.64572257129	0.55099081682	0.553890768487	0.586756887385	0.540840985984	0.588690188497	0.519091348478	0.613823102948	0.499275012083	0.570807153214	0.884001933301	0.561140647656	0.576607056549	0.602706621556	0.613823102948	0.928951184147	0.75688738521	0.717738037699	0.651522474625	0.654422426293	0.631706138231	0.876268728855	0.641855969067	0.613823102948	0.610923151281	0.643305944901	0.656355727405	0.674722087965	0.645239246013	0.560657322378	0.575640405993	0.625906234896	0.544224262929	0.594490091832	0.528757854036	0.542774287095	0.0	0.367327211213	0.605606573224	0.571290478492	0.510874818753	0.62493958434	0.608506524891	0.658289028516	0.610439826003	0.642822619623	0.617206379894	0.637506041566	0.654905751571	0.547607539874	0.567423876269	0.598840019333	0.556307394877	0.5601739971	0.629772837119	0.557274045433	0.620106331561	0.578540357661	0.622522957951
AE6	0.602223296278	0.501208313195	0.971483808603	0.638472692122	0.558240695988	0.468342194297	0.578540357661	0.462542290962	0.511358144031	0.482358627356	0.528274528758	0.496858385694	0.522474625423	0.883035282745	0.556307394877	0.546157564041	0.555340744321	0.556307394877	0.940067665539	0.757854035766	0.665055582407	0.589656839053	0.603189946834	0.579023682939	0.903818269696	0.608023199613	0.544224262929	0.563557274045	0.590140164331	0.603189946834	0.640889318511	0.608506524891	0.491058482359	0.492025132914	0.60415659739	0.52537457709	0.514741420976	0.485258579024	0.412276462059	0.367327211213	0.0	0.644755920735	0.612373127115	0.480425326245	0.537941034316	0.521991300145	0.629289511841	0.574673755437	0.617689705172	0.589656839053	0.600289995167	0.623489608507	0.489608506525	0.500241662639	0.520057999033	0.50700821653	0.537457709038	0.60415659739	0.539874335428	0.595456742388	0.506524891252	0.589173513775
AF5	0.709521507975	0.626389560174	0.936684388594	0.676655389077	0.653455775737	0.678105364911	0.55099081682	0.638472692122	0.675688738521	0.566940550991	0.717254712421	0.625422909618	0.679555340744	0.855485741904	0.607539874335	0.674722087965	0.713388110198	0.724987916868	0.873852102465	0.715804736588	0.70130497825	0.666988883519	0.716288061866	0.713388110198	0.879168680522	0.675205413243	0.700338327695	0.6805219913	0.664572257129	0.669405509908	0.758337361044	0.727404543258	0.614789753504	0.651039149348	0.737554374094	0.657805703238	0.713871435476	0.488641855969	0.693088448526	0.605606573224	0.644755920735	0.0	0.264378927018	0.524407926535	0.719671338811	0.701788303528	0.762203963267	0.720637989367	0.747220879652	0.707588206863	0.731271145481	0.753987433543	0.697921701305	0.713388110198	0.723537941034	0.711938134364	0.673272112131	0.731754470759	0.680038666022	0.706621556307	0.713871435476	0.723537941034
AF6	0.693571773804	0.59255679072	0.931851135814	0.655389076849	0.626389560174	0.64572257129	0.535524407927	0.610923151281	0.644272595457	0.544224262929	0.694055099082	0.597873368777	0.651522474625	0.846302561624	0.575157080715	0.644272595457	0.684388593523	0.694055099082	0.869502174964	0.699371677139	0.688255195747	0.637022716288	0.70130497825	0.687288545191	0.871918801353	0.660705654906	0.675688738521	0.655872402127	0.632189463509	0.645239246013	0.751087481875	0.717738037699	0.588206863219	0.621556307395	0.719671338811	0.634122764621	0.681005316578	0.456742387627	0.662638956017	0.571290478492	0.612373127115	0.264378927018	0.0	0.49299178347	0.69453842436	0.675688738521	0.739487675205	0.688738521025	0.725471242146	0.690671822136	0.704204929918	0.733204446593	0.667472208797	0.682455292412	0.693088448526	0.676655389077	0.640405993233	0.710971483809	0.64813919768	0.681971967134	0.682455292412	0.695988400193
