	AA3	AA4	AB3	AB4	AC3	AC4	AD3	AD4	AE3	AE4	AF3	AF4	AG3	AG4	AH3	AH4	AA7	AA8	AB7	AB8	AC7	AC8	AD7	AD8	AE7	AE8	AF7	AF8	AG7	AG8	AH7	AH8	AA5	AA6	AB5	AB6	AC5	AC6	AD6	AE5	AE6	AF5	AF6	AG5	AH5	AH6	AA1	AA2	AB1	AB2	AC1	AC2	AD1	AD2	AE1	AE2	AF1	AF2	AG1	AG2	AH1	AH2
AA3	0.0	0.486708554857	0.931367810536	0.640889318511	0.656839052682	0.584823586274	0.675205413243	0.580473658772	0.570323827936	0.634122764621	0.622522957951	0.614306428226	0.574673755437	0.850169163847	0.649105848236	0.335427742871	0.574190430159	0.579990333494	0.864185596907	0.718221362977	0.611889801837	0.561140647656	0.587723537941	0.587723537941	0.819719671339	0.578057032383	0.574190430159	0.545674238763	0.57177380377	0.579990333494	0.585790236829	0.5601739971	0.588690188497	0.597390043499	0.748187530208	0.685355244079	0.600773320445	0.629289511841	0.595940067666	0.632672788787	0.601256645723	0.710488158531	0.670372160464	0.619623006283	0.631706138231	0.620106331561	0.691638472692	0.662155630739	0.715804736588	0.671822136298	0.642339294345	0.666022232963	0.573707104882	0.570323827936	0.578057032383	0.573707104882	0.586273562107	0.637022716288	0.587723537941	0.676172063799	0.581923634606	0.653939101015
AA4	0.486708554857	0.0	0.948767520541	0.588690188497	0.576123731271	0.499275012083	0.590623489609	0.502174963751	0.505074915418	0.5186080232	0.574190430159	0.522474625423	0.473658772354	0.86805219913	0.385693571774	0.3610439826	0.544224262929	0.530691155147	0.888351860802	0.730787820203	0.655872402127	0.572740454326	0.583856935718	0.577573707105	0.867085548574	0.609956500725	0.552440792653	0.551957467376	0.593523441276	0.609956500725	0.625906234896	0.566940550991	0.51619139681	0.514741420976	0.667472208797	0.594490091832	0.565490575157	0.532624456259	0.541324311261	0.523924601257	0.499275012083	0.632672788787	0.579990333494	0.529724504592	0.592073465442	0.58337361044	0.653939101015	0.589173513775	0.633639439343	0.598840019333	0.588206863219	0.631222812953	0.530691155147	0.524407926535	0.532624456259	0.528274528758	0.489608506525	0.604639922668	0.505074915418	0.588690188497	0.533591106815	0.58095698405
AB3	0.931367810536	0.948767520541	0.0	0.687288545191	0.914934751087	0.952150797487	0.959400676655	0.94683421943	0.933784436926	0.951184146931	0.972933784437	0.927984533591	0.965683905268	0.349927501208	0.96520057999	0.941517641373	0.972933784437	0.968100531658	0.734171097148	0.743354277429	0.891735137748	0.904784920251	0.955050749154	0.950217496375	0.850652489125	0.902368293862	0.942000966651	0.931851135814	0.852585790237	0.831802803287	0.952634122765	0.953117448043	0.959400676655	0.962783953601	0.975350410826	0.969067182214	0.975833736104	0.957467375544	0.975833736104	0.976317061382	0.975833736104	0.940550990817	0.937651039149	0.946350894152	0.977283711938	0.972933784437	0.976317061382	0.975833736104	0.971967133881	0.975350410826	0.973900434993	0.976317061382	0.977283711938	0.977283711938	0.978733687772	0.977283711938	0.975833736104	0.974867085549	0.974867085549	0.977283711938	0.974383760271	0.974383760271
AB4	0.640889318511	0.588690188497	0.687288545191	0.0	0.629772837119	0.621556307395	0.689221846303	0.620589656839	0.61575640406	0.635089415176	0.659255679072	0.609473175447	0.488641855969	0.579023682939	0.608023199613	0.597873368777	0.648622522958	0.635089415176	0.73368777187	0.583856935718	0.665055582407	0.620589656839	0.661672305462	0.640405993233	0.797486708555	0.644272595457	0.653939101015	0.636056065732	0.553890768487	0.596906718221	0.695988400193	0.649105848236	0.645239246013	0.658289028516	0.727404543258	0.669888835186	0.657805703238	0.64572257129	0.634122764621	0.640889318511	0.626389560174	0.666505558241	0.645239246013	0.637506041566	0.687771870469	0.686321894635	0.709521507975	0.666505558241	0.698888351861	0.673272112131	0.671822136298	0.681005316578	0.639922667956	0.649589173514	0.657805703238	0.6389560174	0.643789270179	0.667472208797	0.641855969067	0.668438859352	0.654905751571	0.669405509908
AC3	0.656839052682	0.576123731271	0.914934751087	0.629772837119	0.0	0.489608506525	0.637506041566	0.547607539874	0.569840502658	0.565973900435	0.629289511841	0.350894151764	0.603673272112	0.834702754954	0.605123247946	0.603673272112	0.62493958434	0.605123247946	0.871918801353	0.764137264379	0.728371193813	0.673272112131	0.721604639923	0.695505074915	0.832769453842	0.699371677139	0.661188980184	0.687288545191	0.666505558241	0.682455292412	0.713871435476	0.670372160464	0.607056549058	0.634606089899	0.642339294345	0.600289995167	0.634122764621	0.582406959884	0.590140164331	0.54857419043	0.563557274045	0.656839052682	0.632672788787	0.564040599323	0.664572257129	0.664088931851	0.611889801837	0.608023199613	0.588690188497	0.587240212663	0.604639922668	0.604639922668	0.552440792653	0.591106814886	0.594490091832	0.577573707105	0.61575640406	0.589656839053	0.626389560174	0.601256645723	0.611889801837	0.595456742388
AC4	0.584823586274	0.499275012083	0.952150797487	0.621556307395	0.489608506525	0.0	0.618656355727	0.397776703722	0.398260029	0.503624939584	0.344127597873	0.394876752054	0.502174963751	0.869502174964	0.579990333494	0.536007733204	0.488158530691	0.459642339294	0.9212179797	0.753504108265	0.584340260996	0.524891251812	0.52537457709	0.506041565974	0.885451909135	0.579990333494	0.489608506525	0.508941517641	0.529241179314	0.558724021266	0.571290478492	0.511841469309	0.4398260029	0.477042049299	0.643305944901	0.567907201547	0.468825519575	0.495891735138	0.41904301595	0.545190913485	0.466892218463	0.674722087965	0.623006283229	0.504108264862	0.532141130981	0.502174963751	0.64813919768	0.581923634606	0.609473175447	0.586273562107	0.576607056549	0.624456259062	0.498791686805	0.514258095698	0.529241179314	0.524407926535	0.545674238763	0.595456742388	0.554374093765	0.575157080715	0.491058482359	0.572257129048
AD3	0.675205413243	0.590623489609	0.959400676655	0.689221846303	0.637506041566	0.618656355727	0.0	0.524891251812	0.636056065732	0.360560657322	0.684871918801	0.612856452392	0.639922667956	0.875785403577	0.579507008217	0.637506041566	0.690188496858	0.687288545191	0.940067665539	0.774287095215	0.713871435476	0.691638472692	0.696955050749	0.690671822136	0.915418076365	0.690671822136	0.69453842436	0.694055099082	0.693088448526	0.69212179797	0.719671338811	0.691638472692	0.633639439343	0.64813919768	0.734654422426	0.663122281295	0.673272112131	0.541324311261	0.640889318511	0.588206863219	0.585306911551	0.555340744321	0.515224746254	0.547124214596	0.695988400193	0.692605123248	0.76848719188	0.710971483809	0.722571290478	0.720637989367	0.696471725471	0.735621072982	0.656355727405	0.665538907685	0.676655389077	0.661188980184	0.632189463509	0.715804736588	0.633156114065	0.723537941034	0.690671822136	0.705654905752
AD4	0.580473658772	0.502174963751	0.94683421943	0.620589656839	0.547607539874	0.397776703722	0.524891251812	0.0	0.317544707588	0.398260029	0.445142580957	0.486708554857	0.504108264862	0.867568873852	0.550024166264	0.538907684872	0.478492025133	0.466408893185	0.938134364427	0.774287095215	0.56259062349	0.514741420976	0.512324794587	0.488641855969	0.902368293862	0.596423392943	0.46302561624	0.483325277912	0.507974867086	0.562107298212	0.555824069599	0.497825036249	0.39584340261	0.46060898985	0.647655872402	0.568873852102	0.455775737071	0.470275495408	0.423392943451	0.548090865152	0.451909134848	0.641372643789	0.579990333494	0.481875302078	0.517158047366	0.489125181247	0.665538907685	0.604639922668	0.62735621073	0.619139681005	0.593523441276	0.639922667956	0.518124697922	0.519574673755	0.520541324311	0.533107781537	0.543740937651	0.619623006283	0.55099081682	0.619623006283	0.501208313195	0.598356694055
AE3	0.570323827936	0.505074915418	0.933784436926	0.61575640406	0.569840502658	0.398260029	0.636056065732	0.317544707588	0.0	0.507974867086	0.409859835669	0.505074915418	0.500241662639	0.858385693572	0.565490575157	0.536491058482	0.444659255679	0.428709521508	0.926534557757	0.758337361044	0.538907684872	0.494441759304	0.471242145964	0.465925567907	0.890768487192	0.588690188497	0.431609473175	0.455775737071	0.488641855969	0.546640889319	0.533107781537	0.470275495408	0.38424359594	0.457709038183	0.665538907685	0.590623489609	0.4398260029	0.513291445143	0.432576123731	0.597873368777	0.496375060416	0.687288545191	0.627839536008	0.519091348478	0.5186080232	0.478975350411	0.661188980184	0.604639922668	0.629772837119	0.618173030449	0.593523441276	0.641372643789	0.521507974867	0.529241179314	0.52779120348	0.53939101015	0.550507491542	0.626389560174	0.561623972934	0.61575640406	0.492508458192	0.594006766554
AE4	0.634122764621	0.5186080232	0.951184146931	0.635089415176	0.565973900435	0.503624939584	0.360560657322	0.398260029	0.507974867086	0.0	0.572257129048	0.537941034316	0.55099081682	0.871435476075	0.548090865152	0.586273562107	0.58095698405	0.58095698405	0.93523441276	0.77090381827	0.664572257129	0.603673272112	0.611889801837	0.587723537941	0.911551474142	0.629772837119	0.577573707105	0.591590140164	0.600289995167	0.620589656839	0.654905751571	0.607539874335	0.523441275979	0.541324311261	0.675205413243	0.599806669889	0.559690671822	0.465442242629	0.530691155147	0.536491058482	0.481875302078	0.59497341711	0.543740937651	0.492025132914	0.584823586274	0.585306911551	0.698405026583	0.635089415176	0.661188980184	0.661188980184	0.628806186564	0.666022232963	0.584823586274	0.573707104882	0.572740454326	0.587240212663	0.576123731271	0.651522474625	0.586273562107	0.657805703238	0.578057032383	0.634122764621
AF3	0.622522957951	0.574190430159	0.972933784437	0.659255679072	0.629289511841	0.344127597873	0.684871918801	0.445142580957	0.409859835669	0.572257129048	0.0	0.529241179314	0.541807636539	0.89125181247	0.633639439343	0.597873368777	0.456742387627	0.454325761237	0.957467375544	0.78927017883	0.587723537941	0.555340744321	0.455775737071	0.44224262929	0.918318028033	0.614306428226	0.452392460126	0.519574673755	0.544707588207	0.599323344611	0.531657805703	0.502658289029	0.437892701788	0.513291445143	0.670855485742	0.612856452392	0.419526341228	0.546157564041	0.448042532624	0.629289511841	0.532141130981	0.727404543258	0.674722087965	0.553890768487	0.528274528758	0.49299178347	0.669405509908	0.60657322378	0.662638956017	0.616723054616	0.595940067666	0.639922667956	0.546640889319	0.528274528758	0.546157564041	0.550024166264	0.59497341711	0.625906234896	0.598356694055	0.609956500725	0.51619139681	0.598356694055
AF4	0.614306428226	0.522474625423	0.927984533591	0.609473175447	0.350894151764	0.394876752054	0.612856452392	0.486708554857	0.505074915418	0.537941034316	0.529241179314	0.0	0.547607539874	0.845819236346	0.566457225713	0.548090865152	0.581923634606	0.5601739971	0.880618656356	0.72692121798	0.68970517158	0.623972933784	0.660222329628	0.63653939101	0.845819236346	0.628806186564	0.600773320445	0.632189463509	0.622522957951	0.647172547124	0.662638956017	0.616723054616	0.544707588207	0.576123731271	0.611889801837	0.537457709038	0.560657322378	0.549057515708	0.520541324311	0.511841469309	0.515224746254	0.633156114065	0.604639922668	0.521024649589	0.59255679072	0.579023682939	0.595456742388	0.548090865152	0.566457225713	0.532624456259	0.55099081682	0.580473658772	0.493475108748	0.521024649589	0.547124214596	0.536491058482	0.565973900435	0.545674238763	0.571290478492	0.547124214596	0.553890768487	0.53697438376
AG3	0.574673755437	0.473658772354	0.965683905268	0.488641855969	0.603673272112	0.502174963751	0.639922667956	0.504108264862	0.500241662639	0.55099081682	0.541807636539	0.547607539874	0.0	0.852585790237	0.5186080232	0.522474625423	0.506524891252	0.48380860319	0.925084581924	0.764620589657	0.658289028516	0.583856935718	0.579990333494	0.577573707105	0.882551957467	0.616239729338	0.535524407927	0.564523924601	0.593040115998	0.620106331561	0.626389560174	0.561623972934	0.511358144031	0.517641372644	0.663122281295	0.607539874335	0.536491058482	0.543257612373	0.501691638473	0.57177380377	0.499275012083	0.66892218463	0.617206379894	0.536491058482	0.566940550991	0.558724021266	0.62493958434	0.578057032383	0.619623006283	0.598840019333	0.579023682939	0.607539874335	0.511841469309	0.519574673755	0.529241179314	0.525857902368	0.538424359594	0.591590140164	0.554374093765	0.599323344611	0.500724987917	0.575640405993
AG4	0.850169163847	0.86805219913	0.349927501208	0.579023682939	0.834702754954	0.869502174964	0.875785403577	0.867568873852	0.858385693572	0.871435476075	0.89125181247	0.845819236346	0.852585790237	0.0	0.881101981634	0.857419043016	0.899951667472	0.895601739971	0.716771387144	0.673272112131	0.822136297728	0.828419526341	0.883518608023	0.873852102465	0.829386176897	0.826969550507	0.868535524408	0.855002416626	0.780570323828	0.75688738521	0.883035282745	0.87723537941	0.884485258579	0.885451909135	0.899468342194	0.894151764137	0.896568390527	0.868535524408	0.895601739971	0.890285161914	0.889801836636	0.859835669406	0.857902368294	0.868535524408	0.90043499275	0.896568390527	0.892701788304	0.894151764137	0.893185113581	0.890768487192	0.893185113581	0.892218463026	0.895601739971	0.893185113581	0.896568390527	0.892218463026	0.894635089415	0.897051715805	0.893668438859	0.893185113581	0.896085065249	0.897051715805
AH3	0.649105848236	0.385693571774	0.96520057999	0.608023199613	0.605123247946	0.579990333494	0.579507008217	0.550024166264	0.565490575157	0.548090865152	0.633639439343	0.566457225713	0.5186080232	0.881101981634	0.0	0.514258095698	0.608023199613	0.594006766554	0.922184630256	0.766553890768	0.707104881585	0.631222812953	0.63653939101	0.65055582407	0.899951667472	0.685355244079	0.629772837119	0.62735621073	0.654905751571	0.68293861769	0.687288545191	0.629772837119	0.561623972934	0.58337361044	0.709038182697	0.634606089899	0.632672788787	0.563073948768	0.602223296278	0.559207346544	0.561140647656	0.611889801837	0.56935717738	0.567907201547	0.658772353794	0.646689221846	0.696955050749	0.625422909618	0.649589173514	0.646689221846	0.647655872402	0.677622039633	0.609956500725	0.605606573224	0.603189946834	0.60657322378	0.572257129048	0.661672305462	0.568873852102	0.641855969067	0.599806669889	0.624456259062
AH4	0.335427742871	0.3610439826	0.941517641373	0.597873368777	0.603673272112	0.536007733204	0.637506041566	0.538907684872	0.536491058482	0.586273562107	0.597873368777	0.548090865152	0.522474625423	0.857419043016	0.514258095698	0.0	0.55099081682	0.545674238763	0.870952150797	0.724021266312	0.638472692122	0.570323827936	0.577090381827	0.584823586274	0.84726921218	0.599806669889	0.570323827936	0.556790720155	0.580473658772	0.603189946834	0.602706621556	0.551474142098	0.556307394877	0.565973900435	0.693571773804	0.628322861286	0.579990333494	0.594490091832	0.555824069599	0.570807153214	0.542290961817	0.675205413243	0.626872885452	0.575157080715	0.614306428226	0.600289995167	0.652005799903	0.60657322378	0.656355727405	0.611406476559	0.591590140164	0.62493958434	0.530691155147	0.528757854036	0.542774287095	0.526824552924	0.51619139681	0.595940067666	0.514258095698	0.605606573224	0.543257612373	0.595940067666
AA7	0.574190430159	0.544224262929	0.972933784437	0.648622522958	0.62493958434	0.488158530691	0.690188496858	0.478492025133	0.444659255679	0.58095698405	0.456742387627	0.581923634606	0.506524891252	0.899951667472	0.608023199613	0.55099081682	0.0	0.287578540358	0.928951184147	0.776220396327	0.577573707105	0.521024649589	0.484775253746	0.476558724021	0.871435476075	0.596423392943	0.435959400677	0.486708554857	0.538424359594	0.579990333494	0.515224746254	0.417109714838	0.425809569841	0.494925084582	0.705654905752	0.647172547124	0.459159014016	0.558724021266	0.4813919768	0.618656355727	0.521991300145	0.72692121798	0.669888835186	0.58337361044	0.55775737071	0.523924601257	0.667472208797	0.621072982117	0.673755437409	0.637506041566	0.595456742388	0.635089415176	0.531174480425	0.530691155147	0.52779120348	0.540357660706	0.555824069599	0.611889801837	0.55775737071	0.643305944901	0.500241662639	0.610923151281
AA8	0.579990333494	0.530691155147	0.968100531658	0.635089415176	0.605123247946	0.459642339294	0.687288545191	0.466408893185	0.428709521508	0.58095698405	0.454325761237	0.5601739971	0.48380860319	0.895601739971	0.594006766554	0.545674238763	0.287578540358	0.0	0.920251329145	0.765103914935	0.56935717738	0.515224746254	0.490575157081	0.478975350411	0.860802319961	0.582890285162	0.436442725955	0.478492025133	0.526824552924	0.573707104882	0.485258579024	0.378927017883	0.420976317061	0.480908651522	0.704688255196	0.644272595457	0.462058965684	0.557274045433	0.463508941518	0.610923151281	0.51377477042	0.730787820203	0.669888835186	0.576123731271	0.54857419043	0.51619139681	0.646689221846	0.599323344611	0.654422426293	0.620106331561	0.575640405993	0.615273078782	0.511841469309	0.511358144031	0.515708071532	0.516674722088	0.546157564041	0.59497341711	0.555340744321	0.619139681005	0.479942000967	0.585790236829
AB7	0.864185596907	0.888351860802	0.734171097148	0.73368777187	0.871918801353	0.9212179797	0.940067665539	0.938134364427	0.926534557757	0.93523441276	0.957467375544	0.880618656356	0.925084581924	0.716771387144	0.922184630256	0.870952150797	0.928951184147	0.920251329145	0.0	0.394876752054	0.816336394393	0.831319478009	0.924601256646	0.918318028033	0.744320927985	0.819719671339	0.890285161914	0.875785403577	0.746254229096	0.701788303528	0.890285161914	0.90285161914	0.924117931368	0.939101014983	0.939101014983	0.929434509425	0.943934267762	0.924117931368	0.94683421943	0.928951184147	0.940550990817	0.879168680522	0.876268728855	0.907201546641	0.960850652489	0.955050749154	0.930884485259	0.927501208313	0.927501208313	0.924117931368	0.932334461092	0.92363460609	0.922184630256	0.917351377477	0.924601256646	0.917351377477	0.917351377477	0.917834702755	0.919768003867	0.928951184147	0.943934267762	0.929434509425
AB8	0.718221362977	0.730787820203	0.743354277429	0.583856935718	0.764137264379	0.753504108265	0.774287095215	0.774287095215	0.758337361044	0.77090381827	0.78927017883	0.72692121798	0.764620589657	0.673272112131	0.766553890768	0.724021266312	0.776220396327	0.765103914935	0.394876752054	0.0	0.653455775737	0.666988883519	0.754954084099	0.748670855486	0.735621072982	0.663605606573	0.721121314645	0.702271628806	0.553890768487	0.525857902368	0.743837602707	0.744320927985	0.766070565491	0.775253745771	0.821169647173	0.77090381827	0.777187046883	0.755437409377	0.774770420493	0.770420492992	0.771870468826	0.736587723538	0.721121314645	0.739971000483	0.797970033833	0.788786853552	0.828902851619	0.768970517158	0.799903334944	0.784920251329	0.778153697438	0.795553407443	0.774770420493	0.763170613823	0.770420492992	0.764137264379	0.769453842436	0.778637022716	0.765103914935	0.783953600773	0.776220396327	0.771870468826
AC7	0.611889801837	0.655872402127	0.891735137748	0.665055582407	0.728371193813	0.584340260996	0.713871435476	0.56259062349	0.538907684872	0.664572257129	0.587723537941	0.68970517158	0.658289028516	0.822136297728	0.707104881585	0.638472692122	0.577573707105	0.56935717738	0.816336394393	0.653455775737	0.0	0.35427742871	0.537457709038	0.559207346544	0.827452875785	0.587723537941	0.533107781537	0.493475108748	0.466892218463	0.496858385694	0.556307394877	0.529724504592	0.546640889319	0.598840019333	0.807636539391	0.746254229096	0.614306428226	0.643305944901	0.601739971	0.727887868536	0.655872402127	0.718704688255	0.680038666022	0.646689221846	0.653455775737	0.614306428226	0.827452875785	0.762687288545	0.805219913001	0.785403576607	0.743837602707	0.791203479942	0.690671822136	0.679072015466	0.68293861769	0.69453842436	0.680038666022	0.778637022716	0.677622039633	0.78250362494	0.62735621073	0.75688738521
AC8	0.561140647656	0.572740454326	0.904784920251	0.620589656839	0.673272112131	0.524891251812	0.691638472692	0.514741420976	0.494441759304	0.603673272112	0.555340744321	0.623972933784	0.583856935718	0.828419526341	0.631222812953	0.570323827936	0.521024649589	0.515224746254	0.831319478009	0.666988883519	0.35427742871	0.0	0.494925084582	0.505558240696	0.830352827453	0.55099081682	0.418076365394	0.377960367327	0.440792653456	0.470275495408	0.529241179314	0.482358627356	0.490091831803	0.518124697922	0.737071048816	0.674238762687	0.558240695988	0.575640405993	0.533591106815	0.653455775737	0.581923634606	0.675205413243	0.62493958434	0.585790236829	0.592073465442	0.551474142098	0.745770903818	0.681971967134	0.730787820203	0.711938134364	0.667472208797	0.709038182697	0.607539874335	0.601739971	0.603673272112	0.614306428226	0.597873368777	0.693088448526	0.594006766554	0.710971483809	0.553407443209	0.676655389077
AD7	0.587723537941	0.583856935718	0.955050749154	0.661672305462	0.721604639923	0.52537457709	0.696955050749	0.512324794587	0.471242145964	0.611889801837	0.455775737071	0.660222329628	0.579990333494	0.883518608023	0.63653939101	0.577090381827	0.484775253746	0.490575157081	0.924601256646	0.754954084099	0.537457709038	0.494925084582	0.0	0.300628322861	0.886418559691	0.513291445143	0.428709521508	0.457225712905	0.505074915418	0.544707588207	0.500241662639	0.458192363461	0.469308844853	0.539874335428	0.747220879652	0.6805219913	0.508941517641	0.586756887385	0.53020782987	0.659255679072	0.586756887385	0.71532141131	0.672305461576	0.611889801837	0.585790236829	0.54857419043	0.752054132431	0.684388593523	0.742870952151	0.717254712421	0.670855485742	0.707104881585	0.620106331561	0.601739971	0.603189946834	0.621556307395	0.599806669889	0.697921701305	0.596906718221	0.713388110198	0.559690671822	0.676655389077
AD8	0.587723537941	0.577573707105	0.950217496375	0.640405993233	0.695505074915	0.506041565974	0.690671822136	0.488641855969	0.465925567907	0.587723537941	0.44224262929	0.63653939101	0.577573707105	0.873852102465	0.65055582407	0.584823586274	0.476558724021	0.478975350411	0.918318028033	0.748670855486	0.559207346544	0.505558240696	0.300628322861	0.0	0.853552440793	0.485258579024	0.425809569841	0.460125664572	0.485741904302	0.53697438376	0.499275012083	0.470758820686	0.471725471242	0.53697438376	0.73368777187	0.666505558241	0.485741904302	0.564040599323	0.510391493475	0.634606089899	0.565490575157	0.714838086032	0.660705654906	0.585790236829	0.569840502658	0.550024166264	0.73610439826	0.66892218463	0.725471242146	0.699855002417	0.651039149348	0.694055099082	0.60415659739	0.587723537941	0.595940067666	0.603673272112	0.594490091832	0.683421942968	0.600773320445	0.691638472692	0.551474142098	0.660705654906
AE7	0.819719671339	0.867085548574	0.850652489125	0.797486708555	0.832769453842	0.885451909135	0.915418076365	0.902368293862	0.890768487192	0.911551474142	0.918318028033	0.845819236346	0.882551957467	0.829386176897	0.899951667472	0.84726921218	0.871435476075	0.860802319961	0.744320927985	0.735621072982	0.827452875785	0.830352827453	0.886418559691	0.853552440793	0.0	0.54857419043	0.874818753021	0.856935717738	0.768003866602	0.760270662156	0.837602706622	0.840502658289	0.904301594973	0.910584823586	0.928467858869	0.91445142581	0.917834702755	0.899951667472	0.91203479942	0.881101981634	0.902368293862	0.882068632189	0.878202029966	0.874818753021	0.933784436926	0.926534557757	0.890285161914	0.910101498308	0.913484775254	0.890768487192	0.902368293862	0.893185113581	0.891735137748	0.893668438859	0.901884968584	0.884485258579	0.905751570807	0.892701788304	0.901401643306	0.898985016916	0.90961817303	0.898985016916
AE8	0.578057032383	0.609956500725	0.902368293862	0.644272595457	0.699371677139	0.579990333494	0.690671822136	0.596423392943	0.588690188497	0.629772837119	0.614306428226	0.628806186564	0.616239729338	0.826969550507	0.685355244079	0.599806669889	0.596423392943	0.582890285162	0.819719671339	0.663605606573	0.587723537941	0.55099081682	0.513291445143	0.485258579024	0.54857419043	0.0	0.57177380377	0.55099081682	0.516674722088	0.51377477042	0.568873852102	0.547607539874	0.606089898502	0.611406476559	0.760270662156	0.703238279362	0.619623006283	0.605606573224	0.608023199613	0.656839052682	0.61575640406	0.69453842436	0.654905751571	0.605606573224	0.636056065732	0.628806186564	0.748670855486	0.695988400193	0.749154180764	0.702271628806	0.677138714355	0.715804736588	0.640405993233	0.62493958434	0.639922667956	0.633639439343	0.636056065732	0.696955050749	0.639922667956	0.714838086032	0.603189946834	0.684871918801
AF7	0.574190430159	0.552440792653	0.942000966651	0.653939101015	0.661188980184	0.489608506525	0.69453842436	0.46302561624	0.431609473175	0.577573707105	0.452392460126	0.600773320445	0.535524407927	0.868535524408	0.629772837119	0.570323827936	0.435959400677	0.436442725955	0.890285161914	0.721121314645	0.533107781537	0.418076365394	0.428709521508	0.425809569841	0.874818753021	0.57177380377	0.0	0.333494441759	0.477525374577	0.526824552924	0.48622522958	0.47462542291	0.416143064282	0.479942000967	0.695021749638	0.632672788787	0.457225712905	0.533107781537	0.483325277912	0.635572740454	0.533591106815	0.704204929918	0.641372643789	0.55775737071	0.55099081682	0.520541324311	0.685838569357	0.626872885452	0.68970517158	0.670855485742	0.612373127115	0.656355727405	0.566457225713	0.547124214596	0.550507491542	0.566940550991	0.574673755437	0.637506041566	0.579023682939	0.669888835186	0.506524891252	0.625422909618
AF8	0.545674238763	0.551957467376	0.931851135814	0.636056065732	0.687288545191	0.508941517641	0.694055099082	0.483325277912	0.455775737071	0.591590140164	0.519574673755	0.632189463509	0.564523924601	0.855002416626	0.62735621073	0.556790720155	0.486708554857	0.478492025133	0.875785403577	0.702271628806	0.493475108748	0.377960367327	0.457225712905	0.460125664572	0.856935717738	0.55099081682	0.333494441759	0.0	0.450459159014	0.489608506525	0.515708071532	0.452875785404	0.454325761237	0.51619139681	0.724987916868	0.65973900435	0.514741420976	0.558724021266	0.510391493475	0.625422909618	0.554857419043	0.687771870469	0.62493958434	0.570807153214	0.58337361044	0.547607539874	0.713871435476	0.651039149348	0.709038182697	0.688738521025	0.635089415176	0.670372160464	0.581923634606	0.57177380377	0.578057032383	0.584340260996	0.567907201547	0.662638956017	0.564523924601	0.686321894635	0.526341227646	0.646689221846
AG7	0.57177380377	0.593523441276	0.852585790237	0.553890768487	0.666505558241	0.529241179314	0.693088448526	0.507974867086	0.488641855969	0.600289995167	0.544707588207	0.622522957951	0.593040115998	0.780570323828	0.654905751571	0.580473658772	0.538424359594	0.526824552924	0.746254229096	0.553890768487	0.466892218463	0.440792653456	0.505074915418	0.485741904302	0.768003866602	0.516674722088	0.477525374577	0.450459159014	0.0	0.313194780087	0.543740937651	0.507491541808	0.511841469309	0.567907201547	0.745770903818	0.676655389077	0.541807636539	0.572257129048	0.537457709038	0.633639439343	0.576607056549	0.676655389077	0.614789753504	0.568390526825	0.604639922668	0.586756887385	0.742870952151	0.671822136298	0.722571290478	0.702754954084	0.658772353794	0.707588206863	0.609473175447	0.603189946834	0.617206379894	0.616723054616	0.620106331561	0.694055099082	0.625422909618	0.698888351861	0.579507008217	0.66892218463
AG8	0.579990333494	0.609956500725	0.831802803287	0.596906718221	0.682455292412	0.558724021266	0.69212179797	0.562107298212	0.546640889319	0.620589656839	0.599323344611	0.647172547124	0.620106331561	0.75688738521	0.68293861769	0.603189946834	0.579990333494	0.573707104882	0.701788303528	0.525857902368	0.496858385694	0.470275495408	0.544707588207	0.53697438376	0.760270662156	0.51377477042	0.526824552924	0.489608506525	0.313194780087	0.0	0.565490575157	0.545190913485	0.571290478492	0.599323344611	0.760753987434	0.693088448526	0.579507008217	0.581440309328	0.578540357661	0.658289028516	0.605606573224	0.681488641856	0.634606089899	0.597873368777	0.629289511841	0.614306428226	0.766070565491	0.693088448526	0.750120831319	0.726437892702	0.681488641856	0.723537941034	0.6389560174	0.629289511841	0.635572740454	0.645239246013	0.640405993233	0.714838086032	0.651039149348	0.718221362977	0.608989850169	0.686321894635
AH7	0.585790236829	0.625906234896	0.952634122765	0.695988400193	0.713871435476	0.571290478492	0.719671338811	0.555824069599	0.533107781537	0.654905751571	0.531657805703	0.662638956017	0.626389560174	0.883035282745	0.687288545191	0.602706621556	0.515224746254	0.485258579024	0.890285161914	0.743837602707	0.556307394877	0.529241179314	0.500241662639	0.499275012083	0.837602706622	0.568873852102	0.48622522958	0.515708071532	0.543740937651	0.565490575157	0.0	0.329627839536	0.551474142098	0.61575640406	0.785403576607	0.72450459159	0.547607539874	0.646205896568	0.590140164331	0.677138714355	0.62493958434	0.767520541324	0.725954567424	0.65732237796	0.653939101015	0.620589656839	0.765587240213	0.724987916868	0.764137264379	0.727404543258	0.697438376027	0.734171097148	0.632672788787	0.624456259062	0.629289511841	0.637506041566	0.63653939101	0.716771387144	0.631706138231	0.726437892702	0.606089898502	0.712421459642
AH8	0.5601739971	0.566940550991	0.953117448043	0.649105848236	0.670372160464	0.511841469309	0.691638472692	0.497825036249	0.470275495408	0.607539874335	0.502658289029	0.616723054616	0.561623972934	0.87723537941	0.629772837119	0.551474142098	0.417109714838	0.378927017883	0.90285161914	0.744320927985	0.529724504592	0.482358627356	0.458192363461	0.470758820686	0.840502658289	0.547607539874	0.47462542291	0.452875785404	0.507491541808	0.545190913485	0.329627839536	0.0	0.482841952634	0.544224262929	0.748187530208	0.687288545191	0.520057999033	0.587240212663	0.52537457709	0.630739487675	0.568390526825	0.718704688255	0.669888835186	0.599323344611	0.597390043499	0.559207346544	0.713871435476	0.665055582407	0.711454809087	0.66892218463	0.640405993233	0.674238762687	0.579023682939	0.573223779604	0.575640405993	0.581923634606	0.57177380377	0.661188980184	0.565490575157	0.67133881102	0.547124214596	0.653939101015
AA5	0.588690188497	0.51619139681	0.959400676655	0.645239246013	0.607056549058	0.4398260029	0.633639439343	0.39584340261	0.38424359594	0.523441275979	0.437892701788	0.544707588207	0.511358144031	0.884485258579	0.561623972934	0.556307394877	0.425809569841	0.420976317061	0.924117931368	0.766070565491	0.546640889319	0.490091831803	0.469308844853	0.471725471242	0.904301594973	0.606089898502	0.416143064282	0.454325761237	0.511841469309	0.571290478492	0.551474142098	0.482841952634	0.0	0.344610923151	0.66892218463	0.589656839053	0.44900918318	0.462058965684	0.451909134848	0.573707104882	0.464958917351	0.630739487675	0.575157080715	0.474142097632	0.530691155147	0.473658772354	0.693088448526	0.634606089899	0.655389076849	0.64572257129	0.629289511841	0.67133881102	0.535041082649	0.554857419043	0.558724021266	0.55775737071	0.551474142098	0.643789270179	0.563557274045	0.63653939101	0.503141614306	0.621556307395
AA6	0.597390043499	0.514741420976	0.962783953601	0.658289028516	0.634606089899	0.477042049299	0.64813919768	0.46060898985	0.457709038183	0.541324311261	0.513291445143	0.576123731271	0.517641372644	0.885451909135	0.58337361044	0.565973900435	0.494925084582	0.480908651522	0.939101014983	0.775253745771	0.598840019333	0.518124697922	0.539874335428	0.53697438376	0.910584823586	0.611406476559	0.479942000967	0.51619139681	0.567907201547	0.599323344611	0.61575640406	0.544224262929	0.344610923151	0.0	0.66892218463	0.582890285162	0.512324794587	0.492508458192	0.478492025133	0.59255679072	0.481875302078	0.658289028516	0.599806669889	0.510874818753	0.468825519575	0.420009666506	0.695021749638	0.637022716288	0.665055582407	0.658289028516	0.629772837119	0.666022232963	0.550024166264	0.562107298212	0.558724021266	0.565490575157	0.554374093765	0.644755920735	0.565490575157	0.643305944901	0.514258095698	0.625422909618
AB5	0.748187530208	0.667472208797	0.975350410826	0.727404543258	0.642339294345	0.643305944901	0.734654422426	0.647655872402	0.665538907685	0.675205413243	0.670855485742	0.611889801837	0.663122281295	0.899468342194	0.709038182697	0.693571773804	0.705654905752	0.704688255196	0.939101014983	0.821169647173	0.807636539391	0.737071048816	0.747220879652	0.73368777187	0.928467858869	0.760270662156	0.695021749638	0.724987916868	0.745770903818	0.760753987434	0.785403576607	0.748187530208	0.66892218463	0.66892218463	0.0	0.321411309812	0.615273078782	0.649589173514	0.620589656839	0.62735621073	0.608989850169	0.737071048816	0.716288061866	0.642339294345	0.62493958434	0.619139681005	0.623489608507	0.618656355727	0.623006283229	0.606089898502	0.624456259062	0.622039632673	0.610923151281	0.611889801837	0.618173030449	0.634606089899	0.671822136298	0.589656839053	0.663605606573	0.610439826003	0.670855485742	0.612373127115
AB6	0.685355244079	0.594490091832	0.969067182214	0.669888835186	0.600289995167	0.567907201547	0.663122281295	0.568873852102	0.590623489609	0.599806669889	0.612856452392	0.537457709038	0.607539874335	0.894151764137	0.634606089899	0.628322861286	0.647172547124	0.644272595457	0.929434509425	0.77090381827	0.746254229096	0.674238762687	0.6805219913	0.666505558241	0.91445142581	0.703238279362	0.632672788787	0.65973900435	0.676655389077	0.693088448526	0.72450459159	0.687288545191	0.589656839053	0.582890285162	0.321411309812	0.0	0.567423876269	0.581440309328	0.561140647656	0.563073948768	0.539874335428	0.672788786854	0.637506041566	0.544224262929	0.556790720155	0.546157564041	0.60415659739	0.552440792653	0.578057032383	0.565007249879	0.558724021266	0.579990333494	0.547607539874	0.554857419043	0.5601739971	0.581923634606	0.603673272112	0.545190913485	0.599806669889	0.568873852102	0.616239729338	0.542774287095
AC5	0.600773320445	0.565490575157	0.975833736104	0.657805703238	0.634122764621	0.468825519575	0.673272112131	0.455775737071	0.4398260029	0.559690671822	0.419526341228	0.560657322378	0.536491058482	0.896568390527	0.632672788787	0.579990333494	0.459159014016	0.462058965684	0.943934267762	0.777187046883	0.614306428226	0.558240695988	0.508941517641	0.485741904302	0.917834702755	0.619623006283	0.457225712905	0.514741420976	0.541807636539	0.579507008217	0.547607539874	0.520057999033	0.44900918318	0.512324794587	0.615273078782	0.567423876269	0.0	0.433542774287	0.434992750121	0.590623489609	0.50459159014	0.710971483809	0.643789270179	0.542774287095	0.494441759304	0.478008699855	0.607056549058	0.566940550991	0.614306428226	0.578057032383	0.552440792653	0.587240212663	0.503624939584	0.486708554857	0.502174963751	0.520057999033	0.573707104882	0.571290478492	0.570807153214	0.570323827936	0.512808119865	0.546157564041
AC6	0.629289511841	0.532624456259	0.957467375544	0.64572257129	0.582406959884	0.495891735138	0.541324311261	0.470275495408	0.513291445143	0.465442242629	0.546157564041	0.549057515708	0.543257612373	0.868535524408	0.563073948768	0.594490091832	0.558724021266	0.557274045433	0.924117931368	0.755437409377	0.643305944901	0.575640405993	0.586756887385	0.564040599323	0.899951667472	0.605606573224	0.533107781537	0.558724021266	0.572257129048	0.581440309328	0.646205896568	0.587240212663	0.462058965684	0.492508458192	0.649589173514	0.581440309328	0.433542774287	0.0	0.515708071532	0.533107781537	0.491541807637	0.506524891252	0.440309328178	0.431609473175	0.564040599323	0.547607539874	0.679555340744	0.637506041566	0.653939101015	0.634606089899	0.624456259062	0.656355727405	0.584340260996	0.578540357661	0.587240212663	0.591106814886	0.572740454326	0.63653939101	0.587723537941	0.633639439343	0.561140647656	0.620589656839
AD6	0.595940067666	0.541324311261	0.975833736104	0.634122764621	0.590140164331	0.41904301595	0.640889318511	0.423392943451	0.432576123731	0.530691155147	0.448042532624	0.520541324311	0.501691638473	0.895601739971	0.602223296278	0.555824069599	0.4813919768	0.463508941518	0.94683421943	0.774770420493	0.601739971	0.533591106815	0.53020782987	0.510391493475	0.91203479942	0.608023199613	0.483325277912	0.510391493475	0.537457709038	0.578540357661	0.590140164331	0.52537457709	0.451909134848	0.478492025133	0.620589656839	0.561140647656	0.434992750121	0.515708071532	0.0	0.54857419043	0.400676655389	0.703238279362	0.646689221846	0.53697438376	0.48622522958	0.461575640406	0.604639922668	0.55099081682	0.591106814886	0.56259062349	0.55099081682	0.584823586274	0.477042049299	0.467375543741	0.482841952634	0.48380860319	0.545190913485	0.56935717738	0.553407443209	0.56935717738	0.468342194297	0.541807636539
AE5	0.632672788787	0.523924601257	0.976317061382	0.640889318511	0.54857419043	0.545190913485	0.588206863219	0.548090865152	0.597873368777	0.536491058482	0.629289511841	0.511841469309	0.57177380377	0.890285161914	0.559207346544	0.570807153214	0.618656355727	0.610923151281	0.928951184147	0.770420492992	0.727887868536	0.653455775737	0.659255679072	0.634606089899	0.881101981634	0.656839052682	0.635572740454	0.625422909618	0.633639439343	0.658289028516	0.677138714355	0.630739487675	0.573707104882	0.59255679072	0.62735621073	0.563073948768	0.590623489609	0.533107781537	0.54857419043	0.0	0.37506041566	0.612373127115	0.576123731271	0.521507974867	0.637506041566	0.636056065732	0.655872402127	0.611889801837	0.629289511841	0.602223296278	0.622039632673	0.640889318511	0.546157564041	0.572257129048	0.608506524891	0.572740454326	0.561623972934	0.620589656839	0.566457225713	0.607539874335	0.580473658772	0.607539874335
AE6	0.601256645723	0.499275012083	0.975833736104	0.626389560174	0.563557274045	0.466892218463	0.585306911551	0.451909134848	0.496375060416	0.481875302078	0.532141130981	0.515224746254	0.499275012083	0.889801836636	0.561140647656	0.542290961817	0.521991300145	0.51377477042	0.940550990817	0.771870468826	0.655872402127	0.581923634606	0.586756887385	0.565490575157	0.902368293862	0.61575640406	0.533591106815	0.554857419043	0.576607056549	0.605606573224	0.62493958434	0.568390526825	0.464958917351	0.481875302078	0.608989850169	0.539874335428	0.50459159014	0.491541807637	0.400676655389	0.37506041566	0.0	0.655389076849	0.602223296278	0.496375060416	0.526824552924	0.531174480425	0.639439342678	0.587723537941	0.599323344611	0.586756887385	0.581440309328	0.618173030449	0.506524891252	0.498791686805	0.514741420976	0.51619139681	0.523441275979	0.600773320445	0.532624456259	0.586756887385	0.493475108748	0.582406959884
AF5	0.710488158531	0.632672788787	0.940550990817	0.666505558241	0.656839052682	0.674722087965	0.555340744321	0.641372643789	0.687288545191	0.59497341711	0.727404543258	0.633156114065	0.66892218463	0.859835669406	0.611889801837	0.675205413243	0.72692121798	0.730787820203	0.879168680522	0.736587723538	0.718704688255	0.675205413243	0.71532141131	0.714838086032	0.882068632189	0.69453842436	0.704204929918	0.687771870469	0.676655389077	0.681488641856	0.767520541324	0.718704688255	0.630739487675	0.658289028516	0.737071048816	0.672788786854	0.710971483809	0.506524891252	0.703238279362	0.612373127115	0.655389076849	0.0	0.280811986467	0.531657805703	0.728371193813	0.724021266312	0.763170613823	0.728371193813	0.739971000483	0.721604639923	0.733204446593	0.752054132431	0.699855002417	0.727887868536	0.736587723538	0.718704688255	0.669888835186	0.722087965201	0.674238762687	0.723537941034	0.721604639923	0.720154664089
AF6	0.670372160464	0.579990333494	0.937651039149	0.645239246013	0.632672788787	0.623006283229	0.515224746254	0.579990333494	0.627839536008	0.543740937651	0.674722087965	0.604639922668	0.617206379894	0.857902368294	0.56935717738	0.626872885452	0.669888835186	0.669888835186	0.876268728855	0.721121314645	0.680038666022	0.62493958434	0.672305461576	0.660705654906	0.878202029966	0.654905751571	0.641372643789	0.62493958434	0.614789753504	0.634606089899	0.725954567424	0.669888835186	0.575157080715	0.599806669889	0.716288061866	0.637506041566	0.643789270179	0.440309328178	0.646689221846	0.576123731271	0.602223296278	0.280811986467	0.0	0.475108748188	0.675688738521	0.669405509908	0.744804253262	0.698888351861	0.713388110198	0.696955050749	0.682455292412	0.72450459159	0.644755920735	0.67133881102	0.675688738521	0.665538907685	0.616239729338	0.693571773804	0.622522957951	0.68970517158	0.662638956017	0.685838569357
