	AA3	AA4	AB3	AB4	AC3	AC4	AD3	AD4	AE3	AE4	AF3	AF4	AG3	AG4	AH3	AH4	AA7	AA8	AB7	AB8	AC7	AC8	AD7	AD8	AE7	AE8	AF7	AF8	AG7	AG8	AH7	AH8	AA5	AA6	AB5	AB6	AC5	AC6	AD6	AE5	AE6	AF5	AF6	AG5	AH5	AH6	AA1	AA2	AB1	AB2	AC1	AC2	AD1	AD2	AE1	AE2	AF1	AF2	AG1	AG2	AH1	AH2
AA3	0.0	0.491058482359	0.926051232479	0.647655872402	0.666505558241	0.603673272112	0.688255195747	0.587240212663	0.573707104882	0.630739487675	0.626389560174	0.618656355727	0.584340260996	0.851135814403	0.661672305462	0.326244562591	0.587240212663	0.565973900435	0.862735621073	0.722087965201	0.629772837119	0.569840502658	0.605123247946	0.593523441276	0.830352827453	0.59497341711	0.572740454326	0.565490575157	0.600773320445	0.594490091832	0.596906718221	0.558240695988	0.600289995167	0.598356694055	0.746737554374	0.684388593523	0.61333977767	0.634606089899	0.599323344611	0.620106331561	0.605606573224	0.729821169647	0.716288061866	0.62493958434	0.637506041566	0.610923151281	0.697438376027	0.657805703238	0.714354760754	0.676172063799	0.657805703238	0.661672305462	0.566940550991	0.573707104882	0.585306911551	0.564040599323	0.578057032383	0.664572257129	0.578540357661	0.688738521025	0.579507008217	0.667955534074
AA4	0.491058482359	0.0	0.942967617206	0.597390043499	0.577573707105	0.49299178347	0.601256645723	0.492025132914	0.502658289029	0.532624456259	0.55099081682	0.517641372644	0.480908651522	0.861768970517	0.380376993717	0.378927017883	0.530691155147	0.531657805703	0.898018366361	0.73368777187	0.648622522958	0.55775737071	0.579023682939	0.572740454326	0.872402126631	0.619139681005	0.54857419043	0.548090865152	0.593040115998	0.601256645723	0.622039632673	0.562107298212	0.513291445143	0.521507974867	0.674722087965	0.593040115998	0.575640405993	0.534074432093	0.527307878202	0.523924601257	0.488641855969	0.654422426293	0.614306428226	0.503141614306	0.590623489609	0.559690671822	0.664088931851	0.593523441276	0.629772837119	0.620106331561	0.613823102948	0.632672788787	0.5186080232	0.526824552924	0.53939101015	0.523441275979	0.505074915418	0.63653939101	0.50459159014	0.622039632673	0.523441275979	0.60415659739
AB3	0.926051232479	0.942967617206	0.0	0.665055582407	0.910584823586	0.946350894152	0.950700821653	0.943450942484	0.920251329145	0.940550990817	0.964717254712	0.932334461092	0.95601739971	0.335911068149	0.948284195263	0.936201063316	0.966167230546	0.960850652489	0.744804253262	0.746254229096	0.882068632189	0.903334944418	0.949250845819	0.939584340261	0.847752537458	0.887868535524	0.934751087482	0.928951184147	0.836636056066	0.828902851619	0.948284195263	0.946350894152	0.952634122765	0.958917351377	0.966167230546	0.958917351377	0.968100531658	0.942000966651	0.968100531658	0.966650555824	0.966650555824	0.925084581924	0.925567907202	0.945384243596	0.972450459159	0.962783953601	0.966167230546	0.964233929435	0.964233929435	0.964233929435	0.964717254712	0.962300628323	0.966650555824	0.966167230546	0.970033832769	0.966650555824	0.96520057999	0.964233929435	0.96520057999	0.967133881102	0.966650555824	0.962300628323
AB4	0.647655872402	0.597390043499	0.665055582407	0.0	0.632672788787	0.622039632673	0.70130497825	0.631706138231	0.619139681005	0.649589173514	0.656355727405	0.609473175447	0.497825036249	0.558240695988	0.62735621073	0.60415659739	0.65055582407	0.637989366844	0.733204446593	0.572740454326	0.672788786854	0.630256162397	0.66892218463	0.655389076849	0.795070082165	0.639439342678	0.653939101015	0.647655872402	0.562107298212	0.58095698405	0.702754954084	0.652489125181	0.660705654906	0.673755437409	0.731271145481	0.670372160464	0.667472208797	0.647172547124	0.646689221846	0.642339294345	0.635572740454	0.679072015466	0.653455775737	0.626389560174	0.706621556307	0.676172063799	0.704688255196	0.659255679072	0.701788303528	0.667955534074	0.667472208797	0.6805219913	0.64572257129	0.649589173514	0.665055582407	0.652972450459	0.65732237796	0.68293861769	0.647172547124	0.670855485742	0.662155630739	0.67133881102
AC3	0.666505558241	0.577573707105	0.910584823586	0.632672788787	0.0	0.485258579024	0.652972450459	0.543257612373	0.551474142098	0.602223296278	0.61333977767	0.325761237313	0.600773320445	0.83566940551	0.606089898502	0.605123247946	0.622039632673	0.629289511841	0.866118898018	0.745770903818	0.729821169647	0.658289028516	0.716771387144	0.70130497825	0.832286128565	0.684388593523	0.642339294345	0.676655389077	0.673755437409	0.678588690188	0.706138231029	0.655872402127	0.585790236829	0.639922667956	0.618656355727	0.564523924601	0.619139681005	0.589656839053	0.579507008217	0.560657322378	0.538907684872	0.670855485742	0.635572740454	0.563557274045	0.647655872402	0.619623006283	0.597390043499	0.577090381827	0.573707104882	0.574673755437	0.593523441276	0.588690188497	0.534557757371	0.575157080715	0.58337361044	0.565007249879	0.602223296278	0.577573707105	0.617206379894	0.577090381827	0.614789753504	0.578540357661
AC4	0.603673272112	0.49299178347	0.946350894152	0.622039632673	0.485258579024	0.0	0.626389560174	0.392943450942	0.399226679555	0.511358144031	0.325761237313	0.396326727888	0.507974867086	0.871918801353	0.575640405993	0.539874335428	0.473175447076	0.470758820686	0.934267762204	0.766553890768	0.597873368777	0.526341227646	0.520541324311	0.51377477042	0.894635089415	0.581440309328	0.488641855969	0.518124697922	0.542290961817	0.556307394877	0.576123731271	0.514258095698	0.445625906235	0.466892218463	0.637989366844	0.550024166264	0.459159014016	0.506524891252	0.409859835669	0.549540840986	0.468825519575	0.686321894635	0.649589173514	0.500724987917	0.512324794587	0.461575640406	0.632672788787	0.575640405993	0.593040115998	0.578540357661	0.579023682939	0.601739971	0.478008699855	0.48622522958	0.505074915418	0.496375060416	0.532141130981	0.604639922668	0.543257612373	0.581440309328	0.468342194297	0.576123731271
AD3	0.688255195747	0.601256645723	0.950700821653	0.70130497825	0.652972450459	0.626389560174	0.0	0.534074432093	0.641855969067	0.367327211213	0.683421942968	0.613823102948	0.655389076849	0.877718704688	0.586273562107	0.643789270179	0.688738521025	0.693571773804	0.947317544708	0.791203479942	0.72692121798	0.700338327695	0.709521507975	0.70372160464	0.919284678589	0.69453842436	0.707104881585	0.702754954084	0.696955050749	0.70372160464	0.729821169647	0.694055099082	0.632189463509	0.658772353794	0.750604156597	0.671822136298	0.687288545191	0.549540840986	0.636056065732	0.582406959884	0.578540357661	0.569840502658	0.54857419043	0.542774287095	0.707588206863	0.690188496858	0.763653939101	0.71290478492	0.736587723538	0.713388110198	0.725471242146	0.748187530208	0.665538907685	0.669888835186	0.68293861769	0.672788786854	0.639922667956	0.737554374094	0.64572257129	0.723054615756	0.691155147414	0.717738037699
AD4	0.587240212663	0.492025132914	0.943450942484	0.631706138231	0.543257612373	0.392943450942	0.534074432093	0.0	0.324794586757	0.399710004833	0.412759787337	0.493958434026	0.513291445143	0.867085548574	0.557274045433	0.529724504592	0.452875785404	0.454809086515	0.936684388594	0.772837119381	0.588206863219	0.511841469309	0.488158530691	0.47462542291	0.906234896085	0.594006766554	0.433059449009	0.47220879652	0.493475108748	0.555824069599	0.542290961817	0.484291928468	0.385693571774	0.453359110681	0.649589173514	0.547607539874	0.437892701788	0.467858869019	0.410343160947	0.543257612373	0.438859352344	0.658289028516	0.618173030449	0.47462542291	0.518124697922	0.47220879652	0.655389076849	0.596423392943	0.622522957951	0.618173030449	0.605606573224	0.628322861286	0.500724987917	0.507974867086	0.520541324311	0.512324794587	0.519091348478	0.631222812953	0.535524407927	0.624456259062	0.48380860319	0.60657322378
AE3	0.573707104882	0.502658289029	0.920251329145	0.619139681005	0.551474142098	0.399226679555	0.641855969067	0.324794586757	0.0	0.502174963751	0.415659739004	0.506041565974	0.500724987917	0.84485258579	0.574673755437	0.525857902368	0.454809086515	0.455775737071	0.921701304978	0.760270662156	0.548090865152	0.466892218463	0.497341710971	0.493475108748	0.885451909135	0.58337361044	0.434509424843	0.464475592073	0.495891735138	0.538907684872	0.555824069599	0.496858385694	0.394393426776	0.4398260029	0.666505558241	0.573223779604	0.460125664572	0.506524891252	0.435476075399	0.589173513775	0.498308361527	0.694055099082	0.652005799903	0.510874818753	0.51619139681	0.465442242629	0.663122281295	0.604639922668	0.629289511841	0.622039632673	0.606089898502	0.633639439343	0.506524891252	0.519091348478	0.533591106815	0.524407926535	0.531657805703	0.637989366844	0.54857419043	0.623489608507	0.487191880135	0.609956500725
AE4	0.630739487675	0.532624456259	0.940550990817	0.649589173514	0.602223296278	0.511358144031	0.367327211213	0.399710004833	0.502174963751	0.0	0.572740454326	0.54857419043	0.588206863219	0.867568873852	0.558240695988	0.565973900435	0.580473658772	0.586756887385	0.936201063316	0.771387143548	0.639439342678	0.58095698405	0.591106814886	0.578057032383	0.905268245529	0.603189946834	0.575157080715	0.57177380377	0.574673755437	0.579990333494	0.620589656839	0.577573707105	0.51619139681	0.543740937651	0.714354760754	0.619623006283	0.564040599323	0.464475592073	0.531174480425	0.527307878202	0.511358144031	0.594006766554	0.568390526825	0.510874818753	0.619623006283	0.581440309328	0.732721121315	0.66892218463	0.705171580474	0.690188496858	0.689221846303	0.708071532141	0.612373127115	0.603189946834	0.612856452392	0.614306428226	0.581440309328	0.709038182697	0.600773320445	0.694055099082	0.59255679072	0.6805219913
AF3	0.626389560174	0.55099081682	0.964717254712	0.656355727405	0.61333977767	0.325761237313	0.683421942968	0.412759787337	0.415659739004	0.572740454326	0.0	0.523924601257	0.532624456259	0.888351860802	0.623489608507	0.58095698405	0.43740937651	0.446592556791	0.961333977767	0.796036732721	0.601256645723	0.543257612373	0.436926051232	0.4398260029	0.918318028033	0.60657322378	0.438859352344	0.508458192363	0.525857902368	0.582406959884	0.527307878202	0.500241662639	0.433059449009	0.495891735138	0.675688738521	0.60657322378	0.412276462059	0.539874335428	0.436442725955	0.613823102948	0.521024649589	0.728371193813	0.693571773804	0.545674238763	0.522474625423	0.477042049299	0.670372160464	0.607539874335	0.653455775737	0.617689705172	0.615273078782	0.634122764621	0.531657805703	0.522474625423	0.535041082649	0.52537457709	0.566457225713	0.646689221846	0.573223779604	0.620589656839	0.484291928468	0.607539874335
AF4	0.618656355727	0.517641372644	0.932334461092	0.609473175447	0.325761237313	0.396326727888	0.613823102948	0.493958434026	0.506041565974	0.54857419043	0.523924601257	0.0	0.54857419043	0.857419043016	0.559207346544	0.551474142098	0.564040599323	0.567907201547	0.892218463026	0.741904301595	0.701788303528	0.622522957951	0.663122281295	0.652489125181	0.855969067182	0.644755920735	0.595456742388	0.632189463509	0.647172547124	0.648622522958	0.662155630739	0.608989850169	0.543257612373	0.587240212663	0.60415659739	0.521507974867	0.561140647656	0.549057515708	0.517158047366	0.523924601257	0.500724987917	0.643789270179	0.610439826003	0.520541324311	0.580473658772	0.554857419043	0.585790236829	0.528274528758	0.561140647656	0.537941034316	0.536007733204	0.564040599323	0.477042049299	0.50700821653	0.526824552924	0.517158047366	0.551957467376	0.556307394877	0.565490575157	0.542774287095	0.54857419043	0.528757854036
AG3	0.584340260996	0.480908651522	0.95601739971	0.497825036249	0.600773320445	0.507974867086	0.655389076849	0.513291445143	0.500724987917	0.588206863219	0.532624456259	0.54857419043	0.0	0.849685838569	0.546157564041	0.521507974867	0.502174963751	0.506524891252	0.933784436926	0.769937167714	0.664088931851	0.574190430159	0.587723537941	0.586273562107	0.885935234413	0.634122764621	0.531174480425	0.563073948768	0.610439826003	0.619623006283	0.634122764621	0.562107298212	0.521507974867	0.535524407927	0.666505558241	0.609956500725	0.549540840986	0.559690671822	0.521024649589	0.561623972934	0.501691638473	0.688738521025	0.653455775737	0.532141130981	0.577573707105	0.547124214596	0.632189463509	0.575157080715	0.623006283229	0.604639922668	0.593523441276	0.594006766554	0.514258095698	0.520541324311	0.534074432093	0.523924601257	0.535041082649	0.618173030449	0.543740937651	0.608023199613	0.503141614306	0.600773320445
AG4	0.851135814403	0.861768970517	0.335911068149	0.558240695988	0.83566940551	0.871918801353	0.877718704688	0.867085548574	0.84485258579	0.867568873852	0.888351860802	0.857419043016	0.849685838569	0.0	0.871918801353	0.853069115515	0.894635089415	0.890768487192	0.721121314645	0.681488641856	0.814403093282	0.832286128565	0.881585306912	0.872402126631	0.829869502175	0.825036249396	0.865152247463	0.855485741904	0.76848719188	0.753987433543	0.882551957467	0.874335427743	0.880135331078	0.884968583857	0.901884968584	0.894151764137	0.897535041083	0.866118898018	0.891735137748	0.888351860802	0.887868535524	0.860802319961	0.855969067182	0.872402126631	0.901884968584	0.890285161914	0.889801836636	0.888351860802	0.890768487192	0.89125181247	0.89125181247	0.889318511358	0.891735137748	0.889801836636	0.894151764137	0.893185113581	0.892218463026	0.892701788304	0.890285161914	0.889801836636	0.892701788304	0.893185113581
AH3	0.661672305462	0.380376993717	0.948284195263	0.62735621073	0.606089898502	0.575640405993	0.586273562107	0.557274045433	0.574673755437	0.558240695988	0.623489608507	0.559207346544	0.546157564041	0.871918801353	0.0	0.544707588207	0.612373127115	0.614789753504	0.927984533591	0.773320444659	0.71290478492	0.632189463509	0.649589173514	0.641855969067	0.896568390527	0.699855002417	0.644272595457	0.630739487675	0.661672305462	0.679555340744	0.696955050749	0.638472692122	0.565007249879	0.596906718221	0.729821169647	0.641372643789	0.648622522958	0.55775737071	0.612373127115	0.560657322378	0.553890768487	0.61333977767	0.576607056549	0.551474142098	0.663605606573	0.635572740454	0.714354760754	0.644272595457	0.664572257129	0.661188980184	0.65973900435	0.678588690188	0.60415659739	0.612856452392	0.612856452392	0.618656355727	0.59497341711	0.68293861769	0.580473658772	0.655389076849	0.61575640406	0.652005799903
AH4	0.326244562591	0.378927017883	0.936201063316	0.60415659739	0.605123247946	0.539874335428	0.643789270179	0.529724504592	0.525857902368	0.565973900435	0.58095698405	0.551474142098	0.521507974867	0.853069115515	0.544707588207	0.0	0.543740937651	0.542774287095	0.876268728855	0.727404543258	0.632672788787	0.555340744321	0.584340260996	0.568390526825	0.845819236346	0.598356694055	0.54857419043	0.54857419043	0.572257129048	0.58337361044	0.599806669889	0.541324311261	0.552440792653	0.552440792653	0.707104881585	0.632189463509	0.587240212663	0.578057032383	0.546640889319	0.564523924601	0.528274528758	0.681488641856	0.660222329628	0.55099081682	0.604639922668	0.579023682939	0.662155630739	0.604639922668	0.659255679072	0.626872885452	0.619623006283	0.632189463509	0.53697438376	0.52537457709	0.543740937651	0.528274528758	0.506524891252	0.636056065732	0.518124697922	0.633156114065	0.537941034316	0.613823102948
AA7	0.587240212663	0.530691155147	0.966167230546	0.65055582407	0.622039632673	0.473175447076	0.688738521025	0.452875785404	0.454809086515	0.580473658772	0.43740937651	0.564040599323	0.502174963751	0.894635089415	0.612373127115	0.543740937651	0.0	0.277912034799	0.917351377477	0.77767037216	0.590623489609	0.500241662639	0.47220879652	0.471242145964	0.873852102465	0.584823586274	0.443209279845	0.478008699855	0.525857902368	0.57177380377	0.508458192363	0.409376510391	0.43064282262	0.4813919768	0.699371677139	0.6389560174	0.476075398743	0.553890768487	0.477525374577	0.593523441276	0.528274528758	0.72450459159	0.694055099082	0.556790720155	0.551957467376	0.511841469309	0.666022232963	0.609956500725	0.65732237796	0.63653939101	0.597873368777	0.623006283229	0.51377477042	0.509908168197	0.525857902368	0.518124697922	0.523924601257	0.626389560174	0.536491058482	0.649105848236	0.489125181247	0.608989850169
AA8	0.565973900435	0.531657805703	0.960850652489	0.637989366844	0.629289511841	0.470758820686	0.693571773804	0.454809086515	0.455775737071	0.586756887385	0.446592556791	0.567907201547	0.506524891252	0.890768487192	0.614789753504	0.542774287095	0.277912034799	0.0	0.913484775254	0.769937167714	0.573707104882	0.484775253746	0.476075398743	0.467375543741	0.859835669406	0.569840502658	0.449492508458	0.463508941518	0.515224746254	0.565007249879	0.478975350411	0.358627356211	0.436442725955	0.488641855969	0.709038182697	0.652972450459	0.48380860319	0.561140647656	0.479942000967	0.605606573224	0.540840985984	0.729337844369	0.697438376027	0.564040599323	0.562107298212	0.508458192363	0.660705654906	0.60657322378	0.666022232963	0.634606089899	0.597390043499	0.618656355727	0.514741420976	0.51377477042	0.530691155147	0.517158047366	0.533107781537	0.619623006283	0.538907684872	0.647655872402	0.490091831803	0.607539874335
AB7	0.862735621073	0.898018366361	0.744804253262	0.733204446593	0.866118898018	0.934267762204	0.947317544708	0.936684388594	0.921701304978	0.936201063316	0.961333977767	0.892218463026	0.933784436926	0.721121314645	0.927984533591	0.876268728855	0.917351377477	0.913484775254	0.0	0.406959884002	0.807153214113	0.839536007733	0.934751087482	0.920734654422	0.737071048816	0.819719671339	0.904301594973	0.873852102465	0.752054132431	0.707104881585	0.882551957467	0.89125181247	0.928951184147	0.940550990817	0.938617689705	0.944900918318	0.947317544708	0.919768003867	0.951667472209	0.927017883035	0.938617689705	0.884001933301	0.873852102465	0.913484775254	0.95601739971	0.948767520541	0.924601256646	0.924117931368	0.931851135814	0.928951184147	0.926534557757	0.920251329145	0.922184630256	0.910584823586	0.915418076365	0.910584823586	0.917351377477	0.915418076365	0.920734654422	0.927984533591	0.947317544708	0.9212179797
AB8	0.722087965201	0.73368777187	0.746254229096	0.572740454326	0.745770903818	0.766553890768	0.791203479942	0.772837119381	0.760270662156	0.771387143548	0.796036732721	0.741904301595	0.769937167714	0.681488641856	0.773320444659	0.727404543258	0.77767037216	0.769937167714	0.406959884002	0.0	0.652005799903	0.681005316578	0.771387143548	0.753020782987	0.73368777187	0.669888835186	0.740454325761	0.71532141131	0.561140647656	0.530691155147	0.74528757854	0.739487675205	0.774287095215	0.78008699855	0.813436442726	0.784920251329	0.785403576607	0.755437409377	0.781536974384	0.764620589657	0.767037216046	0.741420976317	0.728854519091	0.748670855486	0.800386660222	0.788786853552	0.823102948284	0.775737071049	0.796520057999	0.776220396327	0.784436926051	0.796520057999	0.782986950217	0.769937167714	0.775737071049	0.770420492992	0.769453842436	0.788303528275	0.771387143548	0.779120347994	0.783953600773	0.771870468826
AC7	0.629772837119	0.648622522958	0.882068632189	0.672788786854	0.729821169647	0.597873368777	0.72692121798	0.588206863219	0.548090865152	0.639439342678	0.601256645723	0.701788303528	0.664088931851	0.814403093282	0.71290478492	0.632672788787	0.590623489609	0.573707104882	0.807153214113	0.652005799903	0.0	0.35427742871	0.574190430159	0.56935717738	0.825036249396	0.587723537941	0.555824069599	0.502174963751	0.48622522958	0.480908651522	0.576123731271	0.554857419043	0.561623972934	0.585790236829	0.811986466892	0.739487675205	0.634606089899	0.6389560174	0.609956500725	0.711454809087	0.662155630739	0.718704688255	0.705654905752	0.648622522958	0.655872402127	0.607056549058	0.830352827453	0.766070565491	0.803769937168	0.787336877719	0.761237312711	0.781053649106	0.683905268246	0.677138714355	0.688255195747	0.683905268246	0.672788786854	0.793136781054	0.66892218463	0.786853552441	0.618173030449	0.773803769937
AC8	0.569840502658	0.55775737071	0.903334944418	0.630256162397	0.658289028516	0.526341227646	0.700338327695	0.511841469309	0.466892218463	0.58095698405	0.543257612373	0.622522957951	0.574190430159	0.832286128565	0.632189463509	0.555340744321	0.500241662639	0.484775253746	0.839536007733	0.681005316578	0.35427742871	0.0	0.493475108748	0.491541807637	0.828419526341	0.541807636539	0.422426292895	0.357177380377	0.457225712905	0.465442242629	0.527307878202	0.479458675689	0.4813919768	0.502658289029	0.723054615756	0.65973900435	0.554857419043	0.563073948768	0.533591106815	0.617689705172	0.576123731271	0.685838569357	0.652489125181	0.565007249879	0.579990333494	0.532624456259	0.732721121315	0.664572257129	0.707104881585	0.695505074915	0.664572257129	0.679555340744	0.585790236829	0.579990333494	0.59255679072	0.586756887385	0.56935717738	0.690671822136	0.565490575157	0.697438376027	0.523924601257	0.667472208797
AD7	0.605123247946	0.579023682939	0.949250845819	0.66892218463	0.716771387144	0.520541324311	0.709521507975	0.488158530691	0.497341710971	0.591106814886	0.436926051232	0.663122281295	0.587723537941	0.881585306912	0.649589173514	0.584340260996	0.47220879652	0.476075398743	0.934751087482	0.771387143548	0.574190430159	0.493475108748	0.0	0.289995166747	0.897051715805	0.524407926535	0.426292895118	0.452875785404	0.496375060416	0.549540840986	0.506524891252	0.463992266796	0.477525374577	0.519574673755	0.739487675205	0.672305461576	0.495891735138	0.579507008217	0.534074432093	0.632189463509	0.587240212663	0.727887868536	0.695021749638	0.588690188497	0.573707104882	0.525857902368	0.749154180764	0.681488641856	0.73368777187	0.710004833253	0.678105364911	0.697921701305	0.614789753504	0.600289995167	0.601739971	0.606089898502	0.586756887385	0.709038182697	0.585306911551	0.710971483809	0.549540840986	0.69212179797
AD8	0.593523441276	0.572740454326	0.939584340261	0.655389076849	0.70130497825	0.51377477042	0.70372160464	0.47462542291	0.493475108748	0.578057032383	0.4398260029	0.652489125181	0.586273562107	0.872402126631	0.641855969067	0.568390526825	0.471242145964	0.467375543741	0.920734654422	0.753020782987	0.56935717738	0.491541807637	0.289995166747	0.0	0.852102464959	0.478975350411	0.421459642339	0.444659255679	0.474142097632	0.52779120348	0.497341710971	0.458192363461	0.480908651522	0.526341227646	0.741420976317	0.670372160464	0.485741904302	0.568873852102	0.527307878202	0.623006283229	0.580473658772	0.725471242146	0.687771870469	0.578540357661	0.577090381827	0.535524407927	0.752054132431	0.681488641856	0.734171097148	0.709038182697	0.681005316578	0.700338327695	0.606089898502	0.595940067666	0.602223296278	0.603673272112	0.586756887385	0.712421459642	0.59497341711	0.709038182697	0.550507491542	0.690188496858
AE7	0.830352827453	0.872402126631	0.847752537458	0.795070082165	0.832286128565	0.894635089415	0.919284678589	0.906234896085	0.885451909135	0.905268245529	0.918318028033	0.855969067182	0.885935234413	0.829869502175	0.896568390527	0.845819236346	0.873852102465	0.859835669406	0.737071048816	0.73368777187	0.825036249396	0.828419526341	0.897051715805	0.852102464959	0.0	0.540840985984	0.8796520058	0.855969067182	0.774287095215	0.75688738521	0.838569357177	0.834702754954	0.90285161914	0.908651522475	0.922667955534	0.924117931368	0.924117931368	0.896085065249	0.914934751087	0.87723537941	0.901401643306	0.882551957467	0.871435476075	0.878685355244	0.941517641373	0.9212179797	0.889801836636	0.897051715805	0.912518124698	0.893185113581	0.906234896085	0.899468342194	0.891735137748	0.889318511358	0.903818269696	0.890768487192	0.901401643306	0.886418559691	0.901884968584	0.906234896085	0.913968100532	0.90043499275
AE8	0.59497341711	0.619139681005	0.887868535524	0.639439342678	0.684388593523	0.581440309328	0.69453842436	0.594006766554	0.58337361044	0.603189946834	0.60657322378	0.644755920735	0.634122764621	0.825036249396	0.699855002417	0.598356694055	0.584823586274	0.569840502658	0.819719671339	0.669888835186	0.587723537941	0.541807636539	0.524407926535	0.478975350411	0.540840985984	0.0	0.567907201547	0.556307394877	0.5186080232	0.503141614306	0.567423876269	0.538424359594	0.601739971	0.606089898502	0.756404059932	0.714354760754	0.614789753504	0.600289995167	0.607056549058	0.637022716288	0.630256162397	0.703238279362	0.682455292412	0.61575640406	0.650072498792	0.610439826003	0.758820686322	0.699855002417	0.745770903818	0.710004833253	0.710004833253	0.734654422426	0.653455775737	0.626872885452	0.64813919768	0.641855969067	0.639922667956	0.720154664089	0.653455775737	0.72450459159	0.610923151281	0.705171580474
AF7	0.572740454326	0.54857419043	0.934751087482	0.653939101015	0.642339294345	0.488641855969	0.707104881585	0.433059449009	0.434509424843	0.575157080715	0.438859352344	0.595456742388	0.531174480425	0.865152247463	0.644272595457	0.54857419043	0.443209279845	0.449492508458	0.904301594973	0.740454325761	0.555824069599	0.422426292895	0.426292895118	0.421459642339	0.8796520058	0.567907201547	0.0	0.342194296762	0.468825519575	0.521991300145	0.484775253746	0.467858869019	0.426776220396	0.475108748188	0.679072015466	0.619623006283	0.444175930401	0.537941034316	0.483325277912	0.608989850169	0.524891251812	0.716771387144	0.676655389077	0.537457709038	0.52779120348	0.491541807637	0.674722087965	0.614789753504	0.670855485742	0.652489125181	0.614789753504	0.629772837119	0.546640889319	0.535524407927	0.540840985984	0.540357660706	0.547607539874	0.6389560174	0.559207346544	0.651522474625	0.482841952634	0.618656355727
AF8	0.565490575157	0.548090865152	0.928951184147	0.647655872402	0.676655389077	0.518124697922	0.702754954084	0.47220879652	0.464475592073	0.57177380377	0.508458192363	0.632189463509	0.563073948768	0.855485741904	0.630739487675	0.54857419043	0.478008699855	0.463508941518	0.873852102465	0.71532141131	0.502174963751	0.357177380377	0.452875785404	0.444659255679	0.855969067182	0.556307394877	0.342194296762	0.0	0.456259062349	0.494925084582	0.519574673755	0.458192363461	0.449492508458	0.496858385694	0.716288061866	0.654905751571	0.519091348478	0.549540840986	0.516674722088	0.605123247946	0.557274045433	0.692605123248	0.655389076849	0.55099081682	0.572740454326	0.52779120348	0.704204929918	0.65055582407	0.705171580474	0.683421942968	0.650072498792	0.662638956017	0.575640405993	0.571290478492	0.582890285162	0.575640405993	0.556790720155	0.665538907685	0.552924117931	0.69212179797	0.516674722088	0.654422426293
AG7	0.600773320445	0.593040115998	0.836636056066	0.562107298212	0.673755437409	0.542290961817	0.696955050749	0.493475108748	0.495891735138	0.574673755437	0.525857902368	0.647172547124	0.610439826003	0.76848719188	0.661672305462	0.572257129048	0.525857902368	0.515224746254	0.752054132431	0.561140647656	0.48622522958	0.457225712905	0.496375060416	0.474142097632	0.774287095215	0.5186080232	0.468825519575	0.456259062349	0.0	0.317544707588	0.531174480425	0.492508458192	0.501691638473	0.557274045433	0.754470758821	0.681005316578	0.534557757371	0.570807153214	0.550024166264	0.632672788787	0.592073465442	0.672305461576	0.646689221846	0.565490575157	0.607056549058	0.570807153214	0.757854035766	0.686805219913	0.730304494925	0.71532141131	0.681005316578	0.708554857419	0.622522957951	0.600289995167	0.621556307395	0.620106331561	0.617689705172	0.717254712421	0.634122764621	0.713388110198	0.58337361044	0.687288545191
AG8	0.594490091832	0.601256645723	0.828902851619	0.58095698405	0.678588690188	0.556307394877	0.70372160464	0.555824069599	0.538907684872	0.579990333494	0.582406959884	0.648622522958	0.619623006283	0.753987433543	0.679555340744	0.58337361044	0.57177380377	0.565007249879	0.707104881585	0.530691155147	0.480908651522	0.465442242629	0.549540840986	0.52779120348	0.75688738521	0.503141614306	0.521991300145	0.494925084582	0.317544707588	0.0	0.558724021266	0.534074432093	0.563557274045	0.574673755437	0.758337361044	0.693088448526	0.587723537941	0.578057032383	0.572740454326	0.638472692122	0.607056549058	0.679072015466	0.65732237796	0.582890285162	0.622522957951	0.593040115998	0.772353794103	0.699855002417	0.745770903818	0.725471242146	0.699371677139	0.724987916868	0.645239246013	0.622522957951	0.639922667956	0.639922667956	0.631706138231	0.731271145481	0.646205896568	0.723054615756	0.598356694055	0.696955050749
AH7	0.596906718221	0.622039632673	0.948284195263	0.702754954084	0.706138231029	0.576123731271	0.729821169647	0.542290961817	0.555824069599	0.620589656839	0.527307878202	0.662155630739	0.634122764621	0.882551957467	0.696955050749	0.599806669889	0.508458192363	0.478975350411	0.882551957467	0.74528757854	0.576123731271	0.527307878202	0.506524891252	0.497341710971	0.838569357177	0.567423876269	0.484775253746	0.519574673755	0.531174480425	0.558724021266	0.0	0.332527791203	0.564523924601	0.602223296278	0.78008699855	0.720154664089	0.549540840986	0.641372643789	0.599323344611	0.656839052682	0.636056065732	0.765103914935	0.750604156597	0.648622522958	0.647172547124	0.615273078782	0.765103914935	0.716771387144	0.762687288545	0.729821169647	0.711938134364	0.725471242146	0.629289511841	0.623489608507	0.62735621073	0.629772837119	0.625422909618	0.73610439826	0.62735621073	0.731271145481	0.602223296278	0.723054615756
AH8	0.558240695988	0.562107298212	0.946350894152	0.652489125181	0.655872402127	0.514258095698	0.694055099082	0.484291928468	0.496858385694	0.577573707105	0.500241662639	0.608989850169	0.562107298212	0.874335427743	0.638472692122	0.541324311261	0.409376510391	0.358627356211	0.89125181247	0.739487675205	0.554857419043	0.479458675689	0.463992266796	0.458192363461	0.834702754954	0.538424359594	0.467858869019	0.458192363461	0.492508458192	0.534074432093	0.332527791203	0.0	0.492025132914	0.528274528758	0.740454325761	0.679072015466	0.519574673755	0.586273562107	0.534074432093	0.605606573224	0.575640405993	0.721604639923	0.698888351861	0.591590140164	0.595940067666	0.545190913485	0.705171580474	0.652489125181	0.709521507975	0.674722087965	0.652005799903	0.662155630739	0.566940550991	0.564523924601	0.573223779604	0.565007249879	0.564523924601	0.66892218463	0.567907201547	0.6805219913	0.535524407927	0.65732237796
AA5	0.600289995167	0.513291445143	0.952634122765	0.660705654906	0.585790236829	0.445625906235	0.632189463509	0.385693571774	0.394393426776	0.51619139681	0.433059449009	0.543257612373	0.521507974867	0.880135331078	0.565007249879	0.552440792653	0.43064282262	0.436442725955	0.928951184147	0.774287095215	0.561623972934	0.4813919768	0.477525374577	0.480908651522	0.90285161914	0.601739971	0.426776220396	0.449492508458	0.501691638473	0.563557274045	0.564523924601	0.492025132914	0.0	0.346060898985	0.675688738521	0.572257129048	0.46302561624	0.455292411793	0.454325761237	0.541324311261	0.466408893185	0.633639439343	0.600289995167	0.463508941518	0.522957950701	0.463992266796	0.700821652972	0.637989366844	0.660705654906	0.652489125181	0.643789270179	0.665538907685	0.522474625423	0.541324311261	0.562107298212	0.551474142098	0.530691155147	0.664572257129	0.551474142098	0.649105848236	0.491541807637	0.635089415176
AA6	0.598356694055	0.521507974867	0.958917351377	0.673755437409	0.639922667956	0.466892218463	0.658772353794	0.453359110681	0.4398260029	0.543740937651	0.495891735138	0.587240212663	0.535524407927	0.884968583857	0.596906718221	0.552440792653	0.4813919768	0.488641855969	0.940550990817	0.78008699855	0.585790236829	0.502658289029	0.519574673755	0.526341227646	0.908651522475	0.606089898502	0.475108748188	0.496858385694	0.557274045433	0.574673755437	0.602223296278	0.528274528758	0.346060898985	0.0	0.684871918801	0.584823586274	0.514741420976	0.496858385694	0.468342194297	0.572740454326	0.500241662639	0.673755437409	0.634122764621	0.516674722088	0.471242145964	0.424359594007	0.70372160464	0.647172547124	0.673755437409	0.662155630739	0.647655872402	0.667955534074	0.541807636539	0.551957467376	0.572257129048	0.563073948768	0.539874335428	0.673755437409	0.555824069599	0.656839052682	0.505074915418	0.651522474625
AB5	0.746737554374	0.674722087965	0.966167230546	0.731271145481	0.618656355727	0.637989366844	0.750604156597	0.649589173514	0.666505558241	0.714354760754	0.675688738521	0.60415659739	0.666505558241	0.901884968584	0.729821169647	0.707104881585	0.699371677139	0.709038182697	0.938617689705	0.813436442726	0.811986466892	0.723054615756	0.739487675205	0.741420976317	0.922667955534	0.756404059932	0.679072015466	0.716288061866	0.754470758821	0.758337361044	0.78008699855	0.740454325761	0.675688738521	0.684871918801	0.0	0.322377960367	0.620106331561	0.672305461576	0.623489608507	0.646205896568	0.608506524891	0.75688738521	0.732237796037	0.653455775737	0.623489608507	0.608023199613	0.61575640406	0.609473175447	0.614306428226	0.605606573224	0.612373127115	0.605606573224	0.598840019333	0.599323344611	0.608023199613	0.618656355727	0.658772353794	0.59497341711	0.663122281295	0.60657322378	0.659255679072	0.609473175447
AB6	0.684388593523	0.593040115998	0.958917351377	0.670372160464	0.564523924601	0.550024166264	0.671822136298	0.547607539874	0.573223779604	0.619623006283	0.60657322378	0.521507974867	0.609956500725	0.894151764137	0.641372643789	0.632189463509	0.6389560174	0.652972450459	0.944900918318	0.784920251329	0.739487675205	0.65973900435	0.672305461576	0.670372160464	0.924117931368	0.714354760754	0.619623006283	0.654905751571	0.681005316578	0.693088448526	0.720154664089	0.679072015466	0.572257129048	0.584823586274	0.322377960367	0.0	0.552440792653	0.570807153214	0.549540840986	0.55775737071	0.529724504592	0.678105364911	0.65055582407	0.524891251812	0.549540840986	0.531657805703	0.61333977767	0.562107298212	0.583856935718	0.574673755437	0.573223779604	0.585790236829	0.520057999033	0.559207346544	0.567423876269	0.568873852102	0.589173513775	0.575157080715	0.596423392943	0.574190430159	0.60657322378	0.565973900435
AC5	0.61333977767	0.575640405993	0.968100531658	0.667472208797	0.619139681005	0.459159014016	0.687288545191	0.437892701788	0.460125664572	0.564040599323	0.412276462059	0.561140647656	0.549540840986	0.897535041083	0.648622522958	0.587240212663	0.476075398743	0.48380860319	0.947317544708	0.785403576607	0.634606089899	0.554857419043	0.495891735138	0.485741904302	0.924117931368	0.614789753504	0.444175930401	0.519091348478	0.534557757371	0.587723537941	0.549540840986	0.519574673755	0.46302561624	0.514741420976	0.620106331561	0.552440792653	0.0	0.451909134848	0.440792653456	0.586273562107	0.522957950701	0.722087965201	0.679555340744	0.547124214596	0.493475108748	0.458675688739	0.619139681005	0.565007249879	0.615273078782	0.581923634606	0.572740454326	0.586756887385	0.501691638473	0.48622522958	0.496375060416	0.501208313195	0.564040599323	0.596423392943	0.572257129048	0.578540357661	0.509424842919	0.563073948768
AC6	0.634606089899	0.534074432093	0.942000966651	0.647172547124	0.589656839053	0.506524891252	0.549540840986	0.467858869019	0.506524891252	0.464475592073	0.539874335428	0.549057515708	0.559690671822	0.866118898018	0.55775737071	0.578057032383	0.553890768487	0.561140647656	0.919768003867	0.755437409377	0.6389560174	0.563073948768	0.579507008217	0.568873852102	0.896085065249	0.600289995167	0.537941034316	0.549540840986	0.570807153214	0.578057032383	0.641372643789	0.586273562107	0.455292411793	0.496858385694	0.672305461576	0.570807153214	0.451909134848	0.0	0.508941517641	0.526341227646	0.485258579024	0.494441759304	0.450942484292	0.418559690672	0.567423876269	0.534557757371	0.69212179797	0.6389560174	0.663122281295	0.643305944901	0.647655872402	0.674238762687	0.570323827936	0.575157080715	0.586273562107	0.57177380377	0.541807636539	0.67133881102	0.565973900435	0.639439342678	0.541324311261	0.640405993233
AD6	0.599323344611	0.527307878202	0.968100531658	0.646689221846	0.579507008217	0.409859835669	0.636056065732	0.410343160947	0.435476075399	0.531174480425	0.436442725955	0.517158047366	0.521024649589	0.891735137748	0.612373127115	0.546640889319	0.477525374577	0.479942000967	0.951667472209	0.781536974384	0.609956500725	0.533591106815	0.534074432093	0.527307878202	0.914934751087	0.607056549058	0.483325277912	0.516674722088	0.550024166264	0.572740454326	0.599323344611	0.534074432093	0.454325761237	0.468342194297	0.623489608507	0.549540840986	0.440792653456	0.508941517641	0.0	0.53939101015	0.401643305945	0.70372160464	0.669888835186	0.520541324311	0.488158530691	0.446109231513	0.608989850169	0.547607539874	0.59255679072	0.561623972934	0.558724021266	0.579990333494	0.463992266796	0.462058965684	0.478008699855	0.468342194297	0.533591106815	0.583856935718	0.533591106815	0.573707104882	0.464475592073	0.555824069599
AE5	0.620106331561	0.523924601257	0.966650555824	0.642339294345	0.560657322378	0.549540840986	0.582406959884	0.543257612373	0.589173513775	0.527307878202	0.613823102948	0.523924601257	0.561623972934	0.888351860802	0.560657322378	0.564523924601	0.593523441276	0.605606573224	0.927017883035	0.764620589657	0.711454809087	0.617689705172	0.632189463509	0.623006283229	0.87723537941	0.637022716288	0.608989850169	0.605123247946	0.632672788787	0.638472692122	0.656839052682	0.605606573224	0.541324311261	0.572740454326	0.646205896568	0.55775737071	0.586273562107	0.526341227646	0.53939101015	0.0	0.35427742871	0.617689705172	0.582890285162	0.499275012083	0.623006283229	0.606089898502	0.661188980184	0.620106331561	0.643305944901	0.621072982117	0.636056065732	0.656355727405	0.533591106815	0.564523924601	0.595456742388	0.564040599323	0.540357660706	0.64572257129	0.553890768487	0.630256162397	0.568873852102	0.628322861286
AE6	0.605606573224	0.488641855969	0.966650555824	0.635572740454	0.538907684872	0.468825519575	0.578540357661	0.438859352344	0.498308361527	0.511358144031	0.521024649589	0.500724987917	0.501691638473	0.887868535524	0.553890768487	0.528274528758	0.528274528758	0.540840985984	0.938617689705	0.767037216046	0.662155630739	0.576123731271	0.587240212663	0.580473658772	0.901401643306	0.630256162397	0.524891251812	0.557274045433	0.592073465442	0.607056549058	0.636056065732	0.575640405993	0.466408893185	0.500241662639	0.608506524891	0.529724504592	0.522957950701	0.485258579024	0.401643305945	0.35427742871	0.0	0.644755920735	0.611406476559	0.467858869019	0.539874335428	0.518124697922	0.634606089899	0.579023682939	0.608023199613	0.586273562107	0.595940067666	0.613823102948	0.485741904302	0.491541807637	0.513291445143	0.499758337361	0.492025132914	0.604639922668	0.522474625423	0.590623489609	0.489125181247	0.588690188497
AF5	0.729821169647	0.654422426293	0.925084581924	0.679072015466	0.670855485742	0.686321894635	0.569840502658	0.658289028516	0.694055099082	0.594006766554	0.728371193813	0.643789270179	0.688738521025	0.860802319961	0.61333977767	0.681488641856	0.72450459159	0.729337844369	0.884001933301	0.741420976317	0.718704688255	0.685838569357	0.727887868536	0.725471242146	0.882551957467	0.703238279362	0.716771387144	0.692605123248	0.672305461576	0.679072015466	0.765103914935	0.721604639923	0.633639439343	0.673755437409	0.75688738521	0.678105364911	0.722087965201	0.494441759304	0.70372160464	0.617689705172	0.644755920735	0.0	0.275978733688	0.542290961817	0.738037699372	0.717254712421	0.770420492992	0.731754470759	0.751570807153	0.728371193813	0.740454325761	0.764137264379	0.703238279362	0.730787820203	0.739971000483	0.722087965201	0.680038666022	0.754954084099	0.688255195747	0.729821169647	0.723537941034	0.737554374094
AF6	0.716288061866	0.614306428226	0.925567907202	0.653455775737	0.635572740454	0.649589173514	0.54857419043	0.618173030449	0.652005799903	0.568390526825	0.693571773804	0.610439826003	0.653455775737	0.855969067182	0.576607056549	0.660222329628	0.694055099082	0.697438376027	0.873852102465	0.728854519091	0.705654905752	0.652489125181	0.695021749638	0.687771870469	0.871435476075	0.682455292412	0.676655389077	0.655389076849	0.646689221846	0.65732237796	0.750604156597	0.698888351861	0.600289995167	0.634122764621	0.732237796037	0.65055582407	0.679555340744	0.450942484292	0.669888835186	0.582890285162	0.611406476559	0.275978733688	0.0	0.508941517641	0.704688255196	0.679072015466	0.739971000483	0.698888351861	0.718221362977	0.703238279362	0.705171580474	0.734171097148	0.669888835186	0.692605123248	0.702754954084	0.685838569357	0.637022716288	0.727887868536	0.649589173514	0.695021749638	0.685838569357	0.703238279362
