	AA3	AA4	AB3	AB4	AC3	AC4	AD3	AD4	AE3	AE4	AF3	AF4	AG3	AG4	AH3	AH4	AA7	AA8	AB7	AB8	AC7	AC8	AD7	AD8	AE7	AE8	AF7	AF8	AG7	AG8	AH7	AH8	AA5	AA6	AB5	AB6	AC5	AC6	AD6	AE5	AE6	AF5	AF6	AG5	AH5	AH6	AA1	AA2	AB1	AB2	AC1	AC2	AD1	AD2	AE1	AE2	AF1	AF2	AG1	AG2	AH1	AH2
AA3	0.0	0.494925084582	0.940550990817	0.632189463509	0.649589173514	0.567423876269	0.678588690188	0.575640405993	0.561140647656	0.615273078782	0.595940067666	0.601256645723	0.586756887385	0.855969067182	0.642339294345	0.316578057032	0.559207346544	0.561140647656	0.864185596907	0.70372160464	0.619139681005	0.559207346544	0.587240212663	0.574673755437	0.825519574674	0.58095698405	0.561140647656	0.546640889319	0.561140647656	0.575157080715	0.584340260996	0.545190913485	0.566940550991	0.585306911551	0.734171097148	0.666022232963	0.60415659739	0.620106331561	0.582890285162	0.60657322378	0.585790236829	0.700821652972	0.677138714355	0.608989850169	0.605123247946	0.602706621556	0.683421942968	0.649589173514	0.699855002417	0.663605606573	0.635572740454	0.652489125181	0.57177380377	0.5601739971	0.562107298212	0.55099081682	0.572740454326	0.644272595457	0.591590140164	0.651522474625	0.565490575157	0.635089415176
AA4	0.494925084582	0.0	0.948767520541	0.586756887385	0.571290478492	0.509908168197	0.594006766554	0.497825036249	0.522957950701	0.529241179314	0.568390526825	0.512808119865	0.497341710971	0.855002416626	0.364910584824	0.397776703722	0.546157564041	0.552440792653	0.889801836636	0.729337844369	0.666505558241	0.582406959884	0.599806669889	0.588206863219	0.876752054132	0.625422909618	0.5601739971	0.55775737071	0.597873368777	0.617689705172	0.634122764621	0.587723537941	0.515708071532	0.530691155147	0.66892218463	0.59497341711	0.590623489609	0.53020782987	0.548090865152	0.509908168197	0.491058482359	0.620589656839	0.584823586274	0.517641372644	0.595940067666	0.578057032383	0.655872402127	0.595456742388	0.632189463509	0.615273078782	0.604639922668	0.629289511841	0.543740937651	0.532624456259	0.537457709038	0.533107781537	0.503141614306	0.620106331561	0.508941517641	0.593523441276	0.546157564041	0.58337361044
AB3	0.940550990817	0.948767520541	0.0	0.687288545191	0.915901401643	0.958917351377	0.957950700822	0.947800869986	0.935717738038	0.956500724988	0.974383760271	0.933301111648	0.969550507492	0.345577573707	0.963750604157	0.950217496375	0.972933784437	0.970517158047	0.73610439826	0.76848719188	0.884485258579	0.913968100532	0.961817303045	0.954567423876	0.855969067182	0.896568390527	0.949250845819	0.929917834703	0.849202513291	0.83325277912	0.955534074432	0.951667472209	0.956500724988	0.964717254712	0.973900434993	0.970033832769	0.97680038666	0.95360077332	0.977767037216	0.976317061382	0.977767037216	0.942967617206	0.936684388594	0.947800869986	0.977767037216	0.975350410826	0.97680038666	0.972933784437	0.974383760271	0.974383760271	0.974383760271	0.972933784437	0.97680038666	0.976317061382	0.97921701305	0.975350410826	0.975350410826	0.971483808603	0.976317061382	0.975833736104	0.97680038666	0.976317061382
AB4	0.632189463509	0.586756887385	0.687288545191	0.0	0.629772837119	0.617206379894	0.694055099082	0.619139681005	0.61575640406	0.635572740454	0.654422426293	0.598840019333	0.488158530691	0.569840502658	0.606089898502	0.617689705172	0.643789270179	0.635572740454	0.727887868536	0.582890285162	0.652972450459	0.620589656839	0.661188980184	0.651522474625	0.798453359111	0.637506041566	0.648622522958	0.628806186564	0.555824069599	0.573707104882	0.693571773804	0.64572257129	0.640405993233	0.653455775737	0.731271145481	0.677622039633	0.656839052682	0.647172547124	0.639922667956	0.632672788787	0.625906234896	0.678588690188	0.650072498792	0.633639439343	0.6805219913	0.671822136298	0.698405026583	0.661672305462	0.695505074915	0.679555340744	0.666022232963	0.666022232963	0.637989366844	0.642822619623	0.655389076849	0.638472692122	0.64572257129	0.67133881102	0.637989366844	0.665538907685	0.647172547124	0.664572257129
AC3	0.649589173514	0.571290478492	0.915901401643	0.629772837119	0.0	0.489608506525	0.65732237796	0.565490575157	0.568873852102	0.602706621556	0.629772837119	0.301594973417	0.602223296278	0.832769453842	0.602706621556	0.616723054616	0.623489608507	0.620106331561	0.867568873852	0.732721121315	0.724021266312	0.67133881102	0.718221362977	0.714354760754	0.828419526341	0.675205413243	0.655872402127	0.674722087965	0.665538907685	0.686805219913	0.702271628806	0.652005799903	0.604639922668	0.642339294345	0.603189946834	0.553890768487	0.620106331561	0.597390043499	0.591106814886	0.55775737071	0.542290961817	0.667472208797	0.641372643789	0.567907201547	0.62735621073	0.617689705172	0.579507008217	0.576123731271	0.573223779604	0.563557274045	0.582406959884	0.569840502658	0.52779120348	0.561623972934	0.568390526825	0.556307394877	0.602223296278	0.558240695988	0.622039632673	0.565007249879	0.618173030449	0.571290478492
AC4	0.567423876269	0.509908168197	0.958917351377	0.617206379894	0.489608506525	0.0	0.630256162397	0.411793136781	0.408409859836	0.534557757371	0.344127597873	0.399226679555	0.519091348478	0.869502174964	0.564040599323	0.53697438376	0.488158530691	0.467858869019	0.920251329145	0.757854035766	0.590623489609	0.521024649589	0.52779120348	0.525857902368	0.889801836636	0.59497341711	0.497825036249	0.517158047366	0.537457709038	0.565973900435	0.576123731271	0.512324794587	0.453359110681	0.484291928468	0.644755920735	0.557274045433	0.476075398743	0.526341227646	0.418559690672	0.536007733204	0.458192363461	0.678588690188	0.642822619623	0.51619139681	0.496858385694	0.475108748188	0.634122764621	0.56935717738	0.600289995167	0.581440309328	0.57177380377	0.602706621556	0.507491541808	0.501208313195	0.49540840986	0.48622522958	0.528757854036	0.592073465442	0.549540840986	0.569840502658	0.472692121798	0.567423876269
AD3	0.678588690188	0.594006766554	0.957950700822	0.694055099082	0.65732237796	0.630256162397	0.0	0.543740937651	0.65055582407	0.344610923151	0.6805219913	0.614306428226	0.649105848236	0.871918801353	0.565490575157	0.651039149348	0.686805219913	0.688255195747	0.936201063316	0.772837119381	0.725954567424	0.697921701305	0.704204929918	0.695021749638	0.913001449976	0.690671822136	0.699855002417	0.694055099082	0.692605123248	0.685838569357	0.720637989367	0.691638472692	0.627839536008	0.653455775737	0.742387626873	0.670372160464	0.693088448526	0.549540840986	0.634606089899	0.579507008217	0.568390526825	0.560657322378	0.534557757371	0.554857419043	0.709038182697	0.687288545191	0.771387143548	0.702754954084	0.731271145481	0.724987916868	0.711938134364	0.737071048816	0.670855485742	0.675205413243	0.677138714355	0.665055582407	0.633156114065	0.716771387144	0.646689221846	0.718704688255	0.687771870469	0.710971483809
AD4	0.575640405993	0.497825036249	0.947800869986	0.619139681005	0.565490575157	0.411793136781	0.543740937651	0.0	0.314161430643	0.436442725955	0.41904301595	0.498791686805	0.5186080232	0.85886901885	0.540840985984	0.537457709038	0.473175447076	0.452392460126	0.937651039149	0.771870468826	0.586756887385	0.502658289029	0.500241662639	0.497825036249	0.904301594973	0.605123247946	0.450942484292	0.463508941518	0.500724987917	0.547124214596	0.550507491542	0.490575157081	0.390526824553	0.448525857902	0.651522474625	0.565007249879	0.444659255679	0.502658289029	0.420492991783	0.548090865152	0.472692121798	0.64813919768	0.617206379894	0.508458192363	0.503624939584	0.463992266796	0.658772353794	0.594490091832	0.630739487675	0.625422909618	0.606089898502	0.628322861286	0.524407926535	0.51377477042	0.506041565974	0.510874818753	0.527307878202	0.61575640406	0.550024166264	0.61333977767	0.503141614306	0.588690188497
AE3	0.561140647656	0.522957950701	0.935717738038	0.61575640406	0.568873852102	0.408409859836	0.65055582407	0.314161430643	0.0	0.540357660706	0.396810053166	0.509908168197	0.508458192363	0.851135814403	0.563073948768	0.543257612373	0.443692605123	0.429676172064	0.926534557757	0.766553890768	0.563557274045	0.478492025133	0.4813919768	0.474142097632	0.89125181247	0.591106814886	0.445142580957	0.457225712905	0.494441759304	0.542290961817	0.534557757371	0.477525374577	0.388593523441	0.454809086515	0.679072015466	0.598840019333	0.44900918318	0.544224262929	0.421459642339	0.593523441276	0.515224746254	0.685838569357	0.657805703238	0.534074432093	0.502174963751	0.468342194297	0.662155630739	0.600289995167	0.637989366844	0.623972933784	0.601739971	0.633156114065	0.530691155147	0.517158047366	0.513291445143	0.515708071532	0.544224262929	0.626389560174	0.567423876269	0.612373127115	0.495891735138	0.593523441276
AE4	0.615273078782	0.529241179314	0.956500724988	0.635572740454	0.602706621556	0.534557757371	0.344610923151	0.436442725955	0.540357660706	0.0	0.587723537941	0.545674238763	0.585790236829	0.86805219913	0.534074432093	0.577573707105	0.595456742388	0.601739971	0.939101014983	0.772837119381	0.676172063799	0.60657322378	0.610923151281	0.603673272112	0.91203479942	0.626872885452	0.607539874335	0.603189946834	0.602706621556	0.614789753504	0.655389076849	0.602223296278	0.540357660706	0.55775737071	0.705171580474	0.62493958434	0.596906718221	0.478975350411	0.552440792653	0.533107781537	0.506524891252	0.559690671822	0.534074432093	0.496375060416	0.622039632673	0.603189946834	0.725471242146	0.65973900435	0.69212179797	0.684871918801	0.670855485742	0.690188496858	0.617206379894	0.594490091832	0.593040115998	0.59497341711	0.579507008217	0.681005316578	0.594490091832	0.675205413243	0.605123247946	0.657805703238
AF3	0.595940067666	0.568390526825	0.974383760271	0.654422426293	0.629772837119	0.344127597873	0.6805219913	0.41904301595	0.396810053166	0.587723537941	0.0	0.539874335428	0.548090865152	0.890768487192	0.606089898502	0.579507008217	0.454809086515	0.434026099565	0.957467375544	0.789753504108	0.601256645723	0.533107781537	0.44224262929	0.445142580957	0.9212179797	0.62493958434	0.436442725955	0.506524891252	0.536491058482	0.579507008217	0.528274528758	0.492025132914	0.438859352344	0.500241662639	0.677138714355	0.614789753504	0.416143064282	0.564040599323	0.434026099565	0.607539874335	0.524407926535	0.716288061866	0.683421942968	0.556790720155	0.499758337361	0.471725471242	0.672788786854	0.607539874335	0.659255679072	0.626389560174	0.609956500725	0.641855969067	0.550507491542	0.526824552924	0.524407926535	0.52779120348	0.570323827936	0.632189463509	0.59255679072	0.614789753504	0.502658289029	0.600289995167
AF4	0.601256645723	0.512808119865	0.933301111648	0.598840019333	0.301594973417	0.399226679555	0.614306428226	0.498791686805	0.509908168197	0.545674238763	0.539874335428	0.0	0.548090865152	0.84485258579	0.548090865152	0.564040599323	0.577573707105	0.568873852102	0.883035282745	0.721121314645	0.697438376027	0.623489608507	0.662155630739	0.652489125181	0.849202513291	0.632672788787	0.602223296278	0.620106331561	0.629772837119	0.647655872402	0.662638956017	0.610923151281	0.546640889319	0.582890285162	0.616239729338	0.531174480425	0.575640405993	0.550024166264	0.540357660706	0.506041565974	0.48380860319	0.627839536008	0.608023199613	0.525857902368	0.576607056549	0.569840502658	0.586273562107	0.53697438376	0.564523924601	0.547124214596	0.551957467376	0.557274045433	0.488641855969	0.526824552924	0.525857902368	0.507974867086	0.546640889319	0.547607539874	0.569840502658	0.531657805703	0.556307394877	0.531657805703
AG3	0.586756887385	0.497341710971	0.969550507492	0.488158530691	0.602223296278	0.519091348478	0.649105848236	0.5186080232	0.508458192363	0.585790236829	0.548090865152	0.548090865152	0.0	0.855969067182	0.535041082649	0.545674238763	0.530691155147	0.513291445143	0.933784436926	0.767037216046	0.684871918801	0.601256645723	0.606089898502	0.605606573224	0.88883518608	0.642339294345	0.561623972934	0.58095698405	0.614306428226	0.635089415176	0.648622522958	0.589173513775	0.533107781537	0.536007733204	0.664088931851	0.607539874335	0.552440792653	0.572257129048	0.53697438376	0.563073948768	0.508941517641	0.680038666022	0.646689221846	0.551474142098	0.586273562107	0.570323827936	0.621072982117	0.585790236829	0.621072982117	0.605123247946	0.579990333494	0.598356694055	0.523924601257	0.523924601257	0.538424359594	0.526341227646	0.537941034316	0.595456742388	0.555824069599	0.593523441276	0.519091348478	0.571290478492
AG4	0.855969067182	0.855002416626	0.345577573707	0.569840502658	0.832769453842	0.869502174964	0.871918801353	0.85886901885	0.851135814403	0.86805219913	0.890768487192	0.84485258579	0.855969067182	0.0	0.874818753021	0.85886901885	0.892218463026	0.89125181247	0.698888351861	0.695988400193	0.814403093282	0.837119381344	0.885451909135	0.87723537941	0.827452875785	0.82165297245	0.869502174964	0.848719188014	0.770420492992	0.749637506042	0.886418559691	0.872885451909	0.873368777187	0.878685355244	0.902368293862	0.891735137748	0.895118414693	0.859835669406	0.887868535524	0.884485258579	0.885451909135	0.855969067182	0.851135814403	0.867085548574	0.897535041083	0.89125181247	0.889801836636	0.889318511358	0.89125181247	0.88883518608	0.896568390527	0.890768487192	0.896568390527	0.891735137748	0.901401643306	0.893185113581	0.892218463026	0.889801836636	0.894151764137	0.890768487192	0.896568390527	0.895118414693
AH3	0.642339294345	0.364910584824	0.963750604157	0.606089898502	0.602706621556	0.564040599323	0.565490575157	0.540840985984	0.563073948768	0.534074432093	0.606089898502	0.548090865152	0.535041082649	0.874818753021	0.0	0.542290961817	0.597390043499	0.601739971	0.931367810536	0.774287095215	0.705171580474	0.625422909618	0.633156114065	0.628806186564	0.901884968584	0.675205413243	0.626872885452	0.621556307395	0.646205896568	0.667472208797	0.684871918801	0.625422909618	0.551474142098	0.579507008217	0.707588206863	0.642339294345	0.626872885452	0.540357660706	0.601256645723	0.520057999033	0.540840985984	0.589656839053	0.549540840986	0.538907684872	0.641372643789	0.623972933784	0.700338327695	0.62493958434	0.661672305462	0.65973900435	0.637989366844	0.666505558241	0.586273562107	0.590623489609	0.586756887385	0.592073465442	0.561623972934	0.65732237796	0.547607539874	0.639439342678	0.591590140164	0.617689705172
AH4	0.316578057032	0.397776703722	0.950217496375	0.617689705172	0.616723054616	0.53697438376	0.651039149348	0.537457709038	0.543257612373	0.577573707105	0.579507008217	0.564040599323	0.545674238763	0.85886901885	0.542290961817	0.0	0.53939101015	0.545674238763	0.882068632189	0.722087965201	0.641855969067	0.572740454326	0.582406959884	0.575640405993	0.855002416626	0.594006766554	0.561140647656	0.540840985984	0.575157080715	0.592073465442	0.591106814886	0.546157564041	0.546640889319	0.558240695988	0.708071532141	0.638472692122	0.584823586274	0.585306911551	0.557274045433	0.573707104882	0.538907684872	0.679555340744	0.649589173514	0.572257129048	0.59497341711	0.582890285162	0.663605606573	0.618173030449	0.669405509908	0.634606089899	0.607539874335	0.623489608507	0.558724021266	0.524891251812	0.524407926535	0.52779120348	0.523441275979	0.623006283229	0.536491058482	0.622039632673	0.541324311261	0.599806669889
AA7	0.559207346544	0.546157564041	0.972933784437	0.643789270179	0.623489608507	0.488158530691	0.686805219913	0.473175447076	0.443692605123	0.595456742388	0.454809086515	0.577573707105	0.530691155147	0.892218463026	0.597390043499	0.53939101015	0.0	0.290961817303	0.916384726921	0.753987433543	0.603189946834	0.521991300145	0.482358627356	0.478008699855	0.871918801353	0.589173513775	0.455775737071	0.477525374577	0.528274528758	0.568873852102	0.511358144031	0.421459642339	0.450459159014	0.496375060416	0.71290478492	0.641372643789	0.4813919768	0.581923634606	0.482841952634	0.592073465442	0.546157564041	0.713871435476	0.679555340744	0.580473658772	0.559690671822	0.5186080232	0.666022232963	0.621072982117	0.672305461576	0.646205896568	0.599323344611	0.632189463509	0.534074432093	0.528757854036	0.521507974867	0.525857902368	0.533107781537	0.618656355727	0.547607539874	0.631222812953	0.510391493475	0.609956500725
AA8	0.561140647656	0.552440792653	0.970517158047	0.635572740454	0.620106331561	0.467858869019	0.688255195747	0.452392460126	0.429676172064	0.601739971	0.434026099565	0.568873852102	0.513291445143	0.89125181247	0.601739971	0.545674238763	0.290961817303	0.0	0.915418076365	0.747220879652	0.581923634606	0.495891735138	0.463992266796	0.460125664572	0.867568873852	0.582406959884	0.421942967617	0.464958917351	0.510391493475	0.559690671822	0.469308844853	0.377477042049	0.438859352344	0.484775253746	0.710004833253	0.643305944901	0.459642339294	0.582890285162	0.466892218463	0.598840019333	0.536491058482	0.726437892702	0.68970517158	0.575640405993	0.536491058482	0.503624939584	0.661672305462	0.602223296278	0.666988883519	0.640405993233	0.595940067666	0.621556307395	0.535524407927	0.512324794587	0.51377477042	0.516674722088	0.53697438376	0.618173030449	0.549540840986	0.624456259062	0.486708554857	0.595940067666
AB7	0.864185596907	0.889801836636	0.73610439826	0.727887868536	0.867568873852	0.920251329145	0.936201063316	0.937651039149	0.926534557757	0.939101014983	0.957467375544	0.883035282745	0.933784436926	0.698888351861	0.931367810536	0.882068632189	0.916384726921	0.915418076365	0.0	0.402126631223	0.808119864669	0.839052682455	0.936684388594	0.920734654422	0.734171097148	0.80328661189	0.889801836636	0.869018849686	0.743354277429	0.699371677139	0.882551957467	0.892701788304	0.919768003867	0.933301111648	0.93523441276	0.929917834703	0.944900918318	0.913001449976	0.941517641373	0.926534557757	0.931367810536	0.8796520058	0.871435476075	0.896085065249	0.952634122765	0.948767520541	0.927984533591	0.928951184147	0.933784436926	0.93281778637	0.933784436926	0.918318028033	0.916868052199	0.921701304978	0.918318028033	0.915418076365	0.919284678589	0.910584823586	0.924117931368	0.927017883035	0.945384243596	0.925084581924
AB8	0.70372160464	0.729337844369	0.76848719188	0.582890285162	0.732721121315	0.757854035766	0.772837119381	0.771870468826	0.766553890768	0.772837119381	0.789753504108	0.721121314645	0.767037216046	0.695988400193	0.774287095215	0.722087965201	0.753987433543	0.747220879652	0.402126631223	0.0	0.653455775737	0.676172063799	0.761237312711	0.741420976317	0.71532141131	0.645239246013	0.720637989367	0.698888351861	0.555824069599	0.526824552924	0.726437892702	0.725954567424	0.762203963267	0.772353794103	0.804253262446	0.773803769937	0.777187046883	0.752054132431	0.774287095215	0.760753987434	0.762687288545	0.734171097148	0.718704688255	0.729337844369	0.788786853552	0.784920251329	0.802803286612	0.761720637989	0.795070082165	0.769453842436	0.766070565491	0.766553890768	0.7593040116	0.761720637989	0.755437409377	0.754470758821	0.756404059932	0.74770420493	0.758337361044	0.765587240213	0.781536974384	0.75688738521
AC7	0.619139681005	0.666505558241	0.884485258579	0.652972450459	0.724021266312	0.590623489609	0.725954567424	0.586756887385	0.563557274045	0.676172063799	0.601256645723	0.697438376027	0.684871918801	0.814403093282	0.705171580474	0.641855969067	0.603189946834	0.581923634606	0.808119864669	0.653455775737	0.0	0.363943934268	0.578540357661	0.566457225713	0.812953117448	0.610439826003	0.55099081682	0.523924601257	0.471725471242	0.488158530691	0.580473658772	0.55099081682	0.566940550991	0.598356694055	0.82165297245	0.751570807153	0.637506041566	0.660222329628	0.612373127115	0.717738037699	0.677622039633	0.723537941034	0.697438376027	0.647172547124	0.644755920735	0.609956500725	0.828419526341	0.760753987434	0.806186563557	0.795553407443	0.750120831319	0.786853552441	0.702271628806	0.67133881102	0.666022232963	0.681488641856	0.685355244079	0.783470275495	0.692605123248	0.775737071049	0.623006283229	0.755920734654
AC8	0.559207346544	0.582406959884	0.913968100532	0.620589656839	0.67133881102	0.521024649589	0.697921701305	0.502658289029	0.478492025133	0.60657322378	0.533107781537	0.623489608507	0.601256645723	0.837119381344	0.625422909618	0.572740454326	0.521991300145	0.495891735138	0.839052682455	0.676172063799	0.363943934268	0.0	0.493475108748	0.479942000967	0.836636056066	0.563073948768	0.415176413726	0.392460125665	0.437892701788	0.466892218463	0.535041082649	0.473175447076	0.475592073465	0.503141614306	0.740454325761	0.670372160464	0.554374093765	0.587723537941	0.52537457709	0.633156114065	0.592073465442	0.676172063799	0.642339294345	0.573707104882	0.563557274045	0.535524407927	0.739487675205	0.670372160464	0.725471242146	0.71290478492	0.66892218463	0.698405026583	0.607056549058	0.579507008217	0.586273562107	0.590623489609	0.59255679072	0.695505074915	0.596906718221	0.695021749638	0.540357660706	0.666988883519
AD7	0.587240212663	0.599806669889	0.961817303045	0.661188980184	0.718221362977	0.52779120348	0.704204929918	0.500241662639	0.4813919768	0.610923151281	0.44224262929	0.662155630739	0.606089898502	0.885451909135	0.633156114065	0.582406959884	0.482358627356	0.463992266796	0.936684388594	0.761237312711	0.578540357661	0.493475108748	0.0	0.287578540358	0.898018366361	0.529724504592	0.421459642339	0.46302561624	0.503624939584	0.539874335428	0.506524891252	0.461092315128	0.490091831803	0.532624456259	0.750120831319	0.68293861769	0.494925084582	0.607539874335	0.516674722088	0.639922667956	0.606089898502	0.722087965201	0.687771870469	0.604639922668	0.559207346544	0.541324311261	0.748187530208	0.678105364911	0.734654422426	0.719671338811	0.669888835186	0.702754954084	0.626872885452	0.598840019333	0.588206863219	0.605606573224	0.600289995167	0.701788303528	0.609473175447	0.69453842436	0.552924117931	0.672788786854
AD8	0.574673755437	0.588206863219	0.954567423876	0.651522474625	0.714354760754	0.525857902368	0.695021749638	0.497825036249	0.474142097632	0.603673272112	0.445142580957	0.652489125181	0.605606573224	0.87723537941	0.628806186564	0.575640405993	0.478008699855	0.460125664572	0.920734654422	0.741420976317	0.566457225713	0.479942000967	0.287578540358	0.0	0.855485741904	0.491541807637	0.413726437893	0.457225712905	0.488641855969	0.522957950701	0.49299178347	0.450459159014	0.484775253746	0.52779120348	0.750120831319	0.678588690188	0.496375060416	0.604639922668	0.511358144031	0.631706138231	0.593040115998	0.717738037699	0.688255195747	0.596423392943	0.559207346544	0.533591106815	0.746254229096	0.669888835186	0.730787820203	0.714838086032	0.667472208797	0.699371677139	0.626389560174	0.594006766554	0.575157080715	0.596423392943	0.600289995167	0.695988400193	0.610923151281	0.68970517158	0.552440792653	0.670372160464
AE7	0.825519574674	0.876752054132	0.855969067182	0.798453359111	0.828419526341	0.889801836636	0.913001449976	0.904301594973	0.89125181247	0.91203479942	0.9212179797	0.849202513291	0.88883518608	0.827452875785	0.901884968584	0.855002416626	0.871918801353	0.867568873852	0.734171097148	0.71532141131	0.812953117448	0.836636056066	0.898018366361	0.855485741904	0.0	0.547124214596	0.869502174964	0.846785886902	0.766070565491	0.761237312711	0.837119381344	0.837119381344	0.898501691638	0.902368293862	0.922667955534	0.910584823586	0.916868052199	0.899951667472	0.915418076365	0.883518608023	0.897051715805	0.880135331078	0.865152247463	0.862735621073	0.931851135814	0.919284678589	0.88883518608	0.903334944418	0.909134847753	0.900918318028	0.901401643306	0.893185113581	0.889318511358	0.895601739971	0.899468342194	0.889801836636	0.901884968584	0.890285161914	0.903818269696	0.896085065249	0.912518124698	0.903818269696
AE8	0.58095698405	0.625422909618	0.896568390527	0.637506041566	0.675205413243	0.59497341711	0.690671822136	0.605123247946	0.591106814886	0.626872885452	0.62493958434	0.632672788787	0.642339294345	0.82165297245	0.675205413243	0.594006766554	0.589173513775	0.582406959884	0.80328661189	0.645239246013	0.610439826003	0.563073948768	0.529724504592	0.491541807637	0.547124214596	0.0	0.577090381827	0.550507491542	0.517158047366	0.507974867086	0.571290478492	0.551957467376	0.603189946834	0.608023199613	0.7593040116	0.697438376027	0.623972933784	0.608989850169	0.618656355727	0.647172547124	0.624456259062	0.696955050749	0.663122281295	0.597390043499	0.62735621073	0.623972933784	0.74770420493	0.680038666022	0.750120831319	0.716771387144	0.68970517158	0.714354760754	0.651039149348	0.630256162397	0.620589656839	0.629772837119	0.633639439343	0.703238279362	0.650072498792	0.692605123248	0.610923151281	0.683421942968
AF7	0.561140647656	0.5601739971	0.949250845819	0.648622522958	0.655872402127	0.497825036249	0.699855002417	0.450942484292	0.445142580957	0.607539874335	0.436442725955	0.602223296278	0.561623972934	0.869502174964	0.626872885452	0.561140647656	0.455775737071	0.421942967617	0.889801836636	0.720637989367	0.55099081682	0.415176413726	0.421459642339	0.413726437893	0.869502174964	0.577090381827	0.0	0.328177863702	0.47462542291	0.514741420976	0.484291928468	0.463992266796	0.44224262929	0.484775253746	0.702271628806	0.632672788787	0.449492508458	0.561140647656	0.485741904302	0.607056549058	0.546157564041	0.695021749638	0.663122281295	0.549540840986	0.527307878202	0.501208313195	0.688738521025	0.622522957951	0.686805219913	0.670372160464	0.618173030449	0.642822619623	0.573707104882	0.545190913485	0.538907684872	0.552924117931	0.556307394877	0.637989366844	0.573707104882	0.652489125181	0.498308361527	0.613823102948
AF8	0.546640889319	0.55775737071	0.929917834703	0.628806186564	0.674722087965	0.517158047366	0.694055099082	0.463508941518	0.457225712905	0.603189946834	0.506524891252	0.620106331561	0.58095698405	0.848719188014	0.621556307395	0.540840985984	0.477525374577	0.464958917351	0.869018849686	0.698888351861	0.523924601257	0.392460125665	0.46302561624	0.457225712905	0.846785886902	0.550507491542	0.328177863702	0.0	0.436926051232	0.479942000967	0.513291445143	0.455775737071	0.454809086515	0.50459159014	0.716771387144	0.647655872402	0.498791686805	0.561623972934	0.502658289029	0.595456742388	0.565007249879	0.679072015466	0.64572257129	0.545190913485	0.549540840986	0.5186080232	0.697921701305	0.630739487675	0.697438376027	0.681005316578	0.630256162397	0.656839052682	0.582890285162	0.54857419043	0.54857419043	0.561140647656	0.556307394877	0.655389076849	0.563557274045	0.664572257129	0.512324794587	0.623972933784
AG7	0.561140647656	0.597873368777	0.849202513291	0.555824069599	0.665538907685	0.537457709038	0.692605123248	0.500724987917	0.494441759304	0.602706621556	0.536491058482	0.629772837119	0.614306428226	0.770420492992	0.646205896568	0.575157080715	0.528274528758	0.510391493475	0.743354277429	0.555824069599	0.471725471242	0.437892701788	0.503624939584	0.488641855969	0.766070565491	0.517158047366	0.47462542291	0.436926051232	0.0	0.288061865636	0.533107781537	0.494925084582	0.49540840986	0.540840985984	0.753504108265	0.689221846303	0.536007733204	0.59497341711	0.53020782987	0.626872885452	0.590623489609	0.671822136298	0.636056065732	0.565007249879	0.580473658772	0.559690671822	0.745770903818	0.666988883519	0.722087965201	0.706621556307	0.668438859352	0.70372160464	0.621556307395	0.604639922668	0.601739971	0.596906718221	0.619139681005	0.695021749638	0.626389560174	0.685838569357	0.572257129048	0.662638956017
AG8	0.575157080715	0.617689705172	0.83325277912	0.573707104882	0.686805219913	0.565973900435	0.685838569357	0.547124214596	0.542290961817	0.614789753504	0.579507008217	0.647655872402	0.635089415176	0.749637506042	0.667472208797	0.592073465442	0.568873852102	0.559690671822	0.699371677139	0.526824552924	0.488158530691	0.466892218463	0.539874335428	0.522957950701	0.761237312711	0.507974867086	0.514741420976	0.479942000967	0.288061865636	0.0	0.561623972934	0.534074432093	0.544707588207	0.56935717738	0.765587240213	0.696955050749	0.57177380377	0.597873368777	0.567423876269	0.644272595457	0.617689705172	0.680038666022	0.647655872402	0.578057032383	0.606089898502	0.582890285162	0.763653939101	0.68293861769	0.742387626873	0.727404543258	0.687771870469	0.718221362977	0.646205896568	0.629289511841	0.617689705172	0.628322861286	0.639439342678	0.71290478492	0.655389076849	0.709038182697	0.607056549058	0.676172063799
AH7	0.584340260996	0.634122764621	0.955534074432	0.693571773804	0.702271628806	0.576123731271	0.720637989367	0.550507491542	0.534557757371	0.655389076849	0.528274528758	0.662638956017	0.648622522958	0.886418559691	0.684871918801	0.591106814886	0.511358144031	0.469308844853	0.882551957467	0.726437892702	0.580473658772	0.535041082649	0.506524891252	0.49299178347	0.837119381344	0.571290478492	0.484291928468	0.513291445143	0.533107781537	0.561623972934	0.0	0.325761237313	0.567423876269	0.608023199613	0.782020299662	0.718221362977	0.540840985984	0.662638956017	0.592073465442	0.664088931851	0.633156114065	0.766553890768	0.741904301595	0.655389076849	0.627839536008	0.606089898502	0.765103914935	0.716771387144	0.763653939101	0.744320927985	0.702754954084	0.724021266312	0.64813919768	0.62493958434	0.613823102948	0.625422909618	0.634606089899	0.728371193813	0.642339294345	0.721604639923	0.608506524891	0.709038182697
AH8	0.545190913485	0.587723537941	0.951667472209	0.64572257129	0.652005799903	0.512324794587	0.691638472692	0.490575157081	0.477525374577	0.602223296278	0.492025132914	0.610923151281	0.589173513775	0.872885451909	0.625422909618	0.546157564041	0.421459642339	0.377477042049	0.892701788304	0.725954567424	0.55099081682	0.473175447076	0.461092315128	0.450459159014	0.837119381344	0.551957467376	0.463992266796	0.455775737071	0.494925084582	0.534074432093	0.325761237313	0.0	0.489125181247	0.536007733204	0.73852102465	0.67133881102	0.516674722088	0.603673272112	0.516674722088	0.608023199613	0.575640405993	0.718221362977	0.681488641856	0.594490091832	0.566940550991	0.537457709038	0.706621556307	0.652489125181	0.715804736588	0.688255195747	0.640889318511	0.664572257129	0.583856935718	0.555824069599	0.55099081682	0.563073948768	0.57177380377	0.666022232963	0.58095698405	0.664572257129	0.534074432093	0.648622522958
AA5	0.566940550991	0.515708071532	0.956500724988	0.640405993233	0.604639922668	0.453359110681	0.627839536008	0.390526824553	0.388593523441	0.540357660706	0.438859352344	0.546640889319	0.533107781537	0.873368777187	0.551474142098	0.546640889319	0.450459159014	0.438859352344	0.919768003867	0.762203963267	0.566940550991	0.475592073465	0.490091831803	0.484775253746	0.898501691638	0.603189946834	0.44224262929	0.454809086515	0.49540840986	0.544707588207	0.567423876269	0.489125181247	0.0	0.347027549541	0.684388593523	0.599323344611	0.481875302078	0.475592073465	0.448525857902	0.53939101015	0.477042049299	0.618656355727	0.594490091832	0.471725471242	0.519091348478	0.465925567907	0.695505074915	0.630739487675	0.663122281295	0.653939101015	0.639439342678	0.668438859352	0.542774287095	0.547124214596	0.547607539874	0.546640889319	0.528757854036	0.655872402127	0.561623972934	0.642339294345	0.499275012083	0.623489608507
AA6	0.585306911551	0.530691155147	0.964717254712	0.653455775737	0.642339294345	0.484291928468	0.653455775737	0.448525857902	0.454809086515	0.55775737071	0.500241662639	0.582890285162	0.536007733204	0.878685355244	0.579507008217	0.558240695988	0.496375060416	0.484775253746	0.933301111648	0.772353794103	0.598356694055	0.503141614306	0.532624456259	0.52779120348	0.902368293862	0.608023199613	0.484775253746	0.50459159014	0.540840985984	0.56935717738	0.608023199613	0.536007733204	0.347027549541	0.0	0.685838569357	0.598356694055	0.520541324311	0.50700821653	0.49299178347	0.568390526825	0.508941517641	0.652972450459	0.626389560174	0.51619139681	0.464475592073	0.412276462059	0.696955050749	0.640405993233	0.674722087965	0.658289028516	0.646205896568	0.672788786854	0.553407443209	0.551957467376	0.547124214596	0.550024166264	0.53697438376	0.653455775737	0.565490575157	0.644755920735	0.517158047366	0.623972933784
AB5	0.734171097148	0.66892218463	0.973900434993	0.731271145481	0.603189946834	0.644755920735	0.742387626873	0.651522474625	0.679072015466	0.705171580474	0.677138714355	0.616239729338	0.664088931851	0.902368293862	0.707588206863	0.708071532141	0.71290478492	0.710004833253	0.93523441276	0.804253262446	0.82165297245	0.740454325761	0.750120831319	0.750120831319	0.922667955534	0.7593040116	0.702271628806	0.716771387144	0.753504108265	0.765587240213	0.782020299662	0.73852102465	0.684388593523	0.685838569357	0.0	0.318028032866	0.633639439343	0.671822136298	0.640889318511	0.633156114065	0.600289995167	0.747220879652	0.727404543258	0.654905751571	0.619623006283	0.617206379894	0.605606573224	0.597390043499	0.613823102948	0.590140164331	0.61333977767	0.601739971	0.593040115998	0.600289995167	0.618173030449	0.612856452392	0.658772353794	0.588206863219	0.662155630739	0.596906718221	0.675205413243	0.604639922668
AB6	0.666022232963	0.59497341711	0.970033832769	0.677622039633	0.553890768487	0.557274045433	0.670372160464	0.565007249879	0.598840019333	0.62493958434	0.614789753504	0.531174480425	0.607539874335	0.891735137748	0.642339294345	0.638472692122	0.641372643789	0.643305944901	0.929917834703	0.773803769937	0.751570807153	0.670372160464	0.68293861769	0.678588690188	0.910584823586	0.697438376027	0.632672788787	0.647655872402	0.689221846303	0.696955050749	0.718221362977	0.67133881102	0.599323344611	0.598356694055	0.318028032866	0.0	0.579990333494	0.601739971	0.57177380377	0.561140647656	0.524407926535	0.674722087965	0.653455775737	0.553890768487	0.547607539874	0.550024166264	0.597873368777	0.536007733204	0.571290478492	0.55775737071	0.552924117931	0.570807153214	0.516674722088	0.537941034316	0.559690671822	0.552440792653	0.580473658772	0.54857419043	0.59497341711	0.551957467376	0.612373127115	0.544707588207
AC5	0.60415659739	0.590623489609	0.97680038666	0.656839052682	0.620106331561	0.476075398743	0.693088448526	0.444659255679	0.44900918318	0.596906718221	0.416143064282	0.575640405993	0.552440792653	0.895118414693	0.626872885452	0.584823586274	0.4813919768	0.459642339294	0.944900918318	0.777187046883	0.637506041566	0.554374093765	0.494925084582	0.496375060416	0.916868052199	0.623972933784	0.449492508458	0.498791686805	0.536007733204	0.57177380377	0.540840985984	0.516674722088	0.481875302078	0.520541324311	0.633639439343	0.579990333494	0.0	0.47220879652	0.444659255679	0.590140164331	0.525857902368	0.717738037699	0.675688738521	0.55775737071	0.46979217013	0.46302561624	0.620106331561	0.56935717738	0.62493958434	0.587723537941	0.563557274045	0.588690188497	0.516674722088	0.491541807637	0.492508458192	0.493958434026	0.575157080715	0.588690188497	0.594490091832	0.579507008217	0.521024649589	0.552924117931
AC6	0.620106331561	0.53020782987	0.95360077332	0.647172547124	0.597390043499	0.526341227646	0.549540840986	0.502658289029	0.544224262929	0.478975350411	0.564040599323	0.550024166264	0.572257129048	0.859835669406	0.540357660706	0.585306911551	0.581923634606	0.582890285162	0.913001449976	0.752054132431	0.660222329628	0.587723537941	0.607539874335	0.604639922668	0.899951667472	0.608989850169	0.561140647656	0.561623972934	0.59497341711	0.597873368777	0.662638956017	0.603673272112	0.475592073465	0.50700821653	0.671822136298	0.601739971	0.47220879652	0.0	0.533591106815	0.529241179314	0.505074915418	0.476075398743	0.438859352344	0.427742870952	0.568390526825	0.554857419043	0.68970517158	0.633156114065	0.666022232963	0.647655872402	0.648622522958	0.673272112131	0.596423392943	0.579507008217	0.58095698405	0.577090381827	0.561623972934	0.657805703238	0.592073465442	0.64572257129	0.559690671822	0.635089415176
AD6	0.582890285162	0.548090865152	0.977767037216	0.639922667956	0.591106814886	0.418559690672	0.634606089899	0.420492991783	0.421459642339	0.552440792653	0.434026099565	0.540357660706	0.53697438376	0.887868535524	0.601256645723	0.557274045433	0.482841952634	0.466892218463	0.941517641373	0.774287095215	0.612373127115	0.52537457709	0.516674722088	0.511358144031	0.915418076365	0.618656355727	0.485741904302	0.502658289029	0.53020782987	0.567423876269	0.592073465442	0.516674722088	0.448525857902	0.49299178347	0.640889318511	0.57177380377	0.444659255679	0.533591106815	0.0	0.541324311261	0.41662638956	0.699855002417	0.661188980184	0.534557757371	0.479458675689	0.456259062349	0.626872885452	0.557274045433	0.609473175447	0.583856935718	0.567423876269	0.595940067666	0.505558240696	0.48622522958	0.478008699855	0.475108748188	0.543257612373	0.584340260996	0.555340744321	0.581440309328	0.479458675689	0.553407443209
AE5	0.60657322378	0.509908168197	0.976317061382	0.632672788787	0.55775737071	0.536007733204	0.579507008217	0.548090865152	0.593523441276	0.533107781537	0.607539874335	0.506041565974	0.563073948768	0.884485258579	0.520057999033	0.573707104882	0.592073465442	0.598840019333	0.926534557757	0.760753987434	0.717738037699	0.633156114065	0.639922667956	0.631706138231	0.883518608023	0.647172547124	0.607056549058	0.595456742388	0.626872885452	0.644272595457	0.664088931851	0.608023199613	0.53939101015	0.568390526825	0.633156114065	0.561140647656	0.590140164331	0.529241179314	0.541324311261	0.0	0.35186080232	0.60415659739	0.572740454326	0.508458192363	0.611406476559	0.600773320445	0.651522474625	0.60657322378	0.630256162397	0.616239729338	0.613823102948	0.633639439343	0.529241179314	0.559207346544	0.582890285162	0.546157564041	0.53697438376	0.62735621073	0.55099081682	0.600289995167	0.563073948768	0.604639922668
AE6	0.585790236829	0.491058482359	0.977767037216	0.625906234896	0.542290961817	0.458192363461	0.568390526825	0.472692121798	0.515224746254	0.506524891252	0.524407926535	0.48380860319	0.508941517641	0.885451909135	0.540840985984	0.538907684872	0.546157564041	0.536491058482	0.931367810536	0.762687288545	0.677622039633	0.592073465442	0.606089898502	0.593040115998	0.897051715805	0.624456259062	0.546157564041	0.565007249879	0.590623489609	0.617689705172	0.633156114065	0.575640405993	0.477042049299	0.508941517641	0.600289995167	0.524407926535	0.525857902368	0.505074915418	0.41662638956	0.35186080232	0.0	0.635572740454	0.597873368777	0.47462542291	0.536007733204	0.524891251812	0.618656355727	0.565490575157	0.595940067666	0.579023682939	0.573223779604	0.596906718221	0.488158530691	0.478008699855	0.49540840986	0.480425326245	0.500241662639	0.583856935718	0.52537457709	0.568390526825	0.500241662639	0.563557274045
AF5	0.700821652972	0.620589656839	0.942967617206	0.678588690188	0.667472208797	0.678588690188	0.560657322378	0.64813919768	0.685838569357	0.559690671822	0.716288061866	0.627839536008	0.680038666022	0.855969067182	0.589656839053	0.679555340744	0.713871435476	0.726437892702	0.8796520058	0.734171097148	0.723537941034	0.676172063799	0.722087965201	0.717738037699	0.880135331078	0.696955050749	0.695021749638	0.679072015466	0.671822136298	0.680038666022	0.766553890768	0.718221362977	0.618656355727	0.652972450459	0.747220879652	0.674722087965	0.717738037699	0.476075398743	0.699855002417	0.60415659739	0.635572740454	0.0	0.272595456742	0.532141130981	0.723054615756	0.704688255196	0.766553890768	0.719188013533	0.740937651039	0.722571290478	0.735621072982	0.752537457709	0.698888351861	0.721121314645	0.723537941034	0.708554857419	0.669405509908	0.737071048816	0.678588690188	0.712421459642	0.717254712421	0.718221362977
AF6	0.677138714355	0.584823586274	0.936684388594	0.650072498792	0.641372643789	0.642822619623	0.534557757371	0.617206379894	0.657805703238	0.534074432093	0.683421942968	0.608023199613	0.646689221846	0.851135814403	0.549540840986	0.649589173514	0.679555340744	0.68970517158	0.871435476075	0.718704688255	0.697438376027	0.642339294345	0.687771870469	0.688255195747	0.865152247463	0.663122281295	0.663122281295	0.64572257129	0.636056065732	0.647655872402	0.741904301595	0.681488641856	0.594490091832	0.626389560174	0.727404543258	0.653455775737	0.675688738521	0.438859352344	0.661188980184	0.572740454326	0.597873368777	0.272595456742	0.0	0.499758337361	0.690188496858	0.673272112131	0.752054132431	0.690188496858	0.723537941034	0.703238279362	0.698405026583	0.730787820203	0.667472208797	0.679072015466	0.68970517158	0.676655389077	0.631706138231	0.712421459642	0.641855969067	0.692605123248	0.681488641856	0.695988400193
