	AA3	AA4	AB3	AB4	AC3	AC4	AD3	AD4	AE3	AE4	AF3	AF4	AG3	AG4	AH3	AH4	AA7	AA8	AB7	AB8	AC7	AC8	AD7	AD8	AE7	AE8	AF7	AF8	AG7	AG8	AH7	AH8	AA5	AA6	AB5	AB6	AC5	AC6	AD6	AE5	AE6	AF5	AF6	AG5	AH5	AH6	AA1	AA2	AB1	AB2	AC1	AC2	AD1	AD2	AE1	AE2	AF1	AF2	AG1	AG2	AH1	AH2
AA3	0.0	0.498791686805	0.933301111648	0.639922667956	0.669405509908	0.577090381827	0.670372160464	0.588206863219	0.576123731271	0.622522957951	0.60415659739	0.630256162397	0.584340260996	0.855002416626	0.654422426293	0.332527791203	0.587723537941	0.568873852102	0.876752054132	0.71290478492	0.619139681005	0.578057032383	0.590140164331	0.591106814886	0.830352827453	0.597390043499	0.569840502658	0.557274045433	0.584340260996	0.58337361044	0.59497341711	0.561623972934	0.587240212663	0.60415659739	0.748187530208	0.696955050749	0.611889801837	0.633156114065	0.598356694055	0.629772837119	0.60657322378	0.718221362977	0.693571773804	0.626389560174	0.62493958434	0.625906234896	0.692605123248	0.655872402127	0.715804736588	0.668438859352	0.658772353794	0.673272112131	0.576607056549	0.570323827936	0.581923634606	0.572257129048	0.575640405993	0.661188980184	0.596423392943	0.672788786854	0.573223779604	0.635089415176
AA4	0.498791686805	0.0	0.942967617206	0.563073948768	0.584340260996	0.493475108748	0.600773320445	0.479458675689	0.498308361527	0.521024649589	0.55775737071	0.526341227646	0.463508941518	0.857902368294	0.376993716771	0.373610439826	0.539874335428	0.531657805703	0.897535041083	0.72692121798	0.653455775737	0.567907201547	0.579507008217	0.584823586274	0.870952150797	0.625422909618	0.545190913485	0.564040599323	0.579990333494	0.601256645723	0.623489608507	0.5601739971	0.50700821653	0.522474625423	0.65973900435	0.597390043499	0.565007249879	0.514258095698	0.51619139681	0.539874335428	0.501208313195	0.637022716288	0.591106814886	0.528274528758	0.57177380377	0.581440309328	0.659255679072	0.585790236829	0.625422909618	0.601256645723	0.60657322378	0.633639439343	0.517158047366	0.520541324311	0.531174480425	0.53020782987	0.504108264862	0.612373127115	0.492508458192	0.596906718221	0.513291445143	0.564523924601
AB3	0.933301111648	0.942967617206	0.0	0.673272112131	0.917834702755	0.947317544708	0.951184146931	0.942967617206	0.926051232479	0.941034316095	0.969067182214	0.929917834703	0.957950700822	0.326244562591	0.958917351377	0.944900918318	0.968100531658	0.965683905268	0.733204446593	0.767520541324	0.890285161914	0.908651522475	0.954567423876	0.953117448043	0.843402609957	0.886418559691	0.939101014983	0.926534557757	0.860802319961	0.85886901885	0.949734171097	0.948284195263	0.953117448043	0.959400676655	0.971000483325	0.961817303045	0.969550507492	0.949250845819	0.969067182214	0.968583856936	0.967133881102	0.929917834703	0.933301111648	0.94441759304	0.974867085549	0.96761720638	0.968100531658	0.96520057999	0.963267278879	0.970033832769	0.970517158047	0.967133881102	0.970033832769	0.970033832769	0.972933784437	0.970517158047	0.969550507492	0.968583856936	0.966650555824	0.971000483325	0.970033832769	0.967133881102
AB4	0.639922667956	0.563073948768	0.673272112131	0.0	0.632672788787	0.595940067666	0.682455292412	0.604639922668	0.605123247946	0.614306428226	0.646205896568	0.602223296278	0.485258579024	0.565490575157	0.59497341711	0.594006766554	0.642822619623	0.632672788787	0.73368777187	0.581923634606	0.657805703238	0.61575640406	0.655872402127	0.652489125181	0.797486708555	0.639922667956	0.644755920735	0.626389560174	0.552440792653	0.583856935718	0.686805219913	0.634122764621	0.626872885452	0.651039149348	0.717738037699	0.660705654906	0.652972450459	0.634606089899	0.624456259062	0.643305944901	0.620589656839	0.664572257129	0.6389560174	0.616723054616	0.683905268246	0.679555340744	0.706621556307	0.65732237796	0.693088448526	0.668438859352	0.677138714355	0.679555340744	0.627839536008	0.641372643789	0.646205896568	0.632672788787	0.637506041566	0.675205413243	0.633156114065	0.669888835186	0.638472692122	0.658772353794
AC3	0.669405509908	0.584340260996	0.917834702755	0.632672788787	0.0	0.507491541808	0.654905751571	0.553407443209	0.5601739971	0.579990333494	0.62735621073	0.315128081199	0.611406476559	0.83566940551	0.620106331561	0.618173030449	0.635572740454	0.612373127115	0.879168680522	0.742870952151	0.740937651039	0.677138714355	0.725954567424	0.72692121798	0.832286128565	0.692605123248	0.654905751571	0.697438376027	0.674722087965	0.696955050749	0.707104881585	0.642339294345	0.609956500725	0.641855969067	0.605606573224	0.576607056549	0.62735621073	0.593040115998	0.583856935718	0.582890285162	0.556307394877	0.668438859352	0.642822619623	0.567423876269	0.643305944901	0.646689221846	0.589656839053	0.583856935718	0.576607056549	0.568390526825	0.598840019333	0.587240212663	0.534557757371	0.561623972934	0.571290478492	0.553890768487	0.631222812953	0.570807153214	0.614789753504	0.582406959884	0.620106331561	0.59497341711
AC4	0.577090381827	0.493475108748	0.947317544708	0.595940067666	0.507491541808	0.0	0.616239729338	0.383760270662	0.396326727888	0.50459159014	0.330594490092	0.422909618173	0.509908168197	0.861285645239	0.570323827936	0.532141130981	0.473175447076	0.458192363461	0.921701304978	0.748670855486	0.58095698405	0.51377477042	0.513291445143	0.5186080232	0.887868535524	0.581440309328	0.466408893185	0.503141614306	0.51377477042	0.552924117931	0.563073948768	0.494925084582	0.438376027066	0.479942000967	0.634606089899	0.568873852102	0.470758820686	0.511841469309	0.420976317061	0.564040599323	0.46979217013	0.683421942968	0.643305944901	0.509424842919	0.505558240696	0.502174963751	0.649589173514	0.589173513775	0.608506524891	0.589173513775	0.596906718221	0.62735621073	0.499275012083	0.508458192363	0.52537457709	0.506524891252	0.534557757371	0.603673272112	0.537457709038	0.593040115998	0.477042049299	0.567423876269
AD3	0.670372160464	0.600773320445	0.951184146931	0.682455292412	0.654905751571	0.616239729338	0.0	0.531657805703	0.630739487675	0.338327694538	0.674238762687	0.612373127115	0.621072982117	0.869985500242	0.586273562107	0.646689221846	0.681488641856	0.678588690188	0.939584340261	0.76848719188	0.721121314645	0.69453842436	0.68970517158	0.689221846303	0.915418076365	0.680038666022	0.704204929918	0.691638472692	0.687771870469	0.682455292412	0.718704688255	0.681971967134	0.623972933784	0.651522474625	0.740454325761	0.673272112131	0.674238762687	0.545674238763	0.618173030449	0.577090381827	0.569840502658	0.554857419043	0.541324311261	0.553890768487	0.695988400193	0.688738521025	0.776220396327	0.710971483809	0.720154664089	0.714354760754	0.714354760754	0.739004349928	0.649589173514	0.656355727405	0.666505558241	0.651039149348	0.632672788787	0.718221362977	0.634122764621	0.716288061866	0.685355244079	0.689221846303
AD4	0.588206863219	0.479458675689	0.942967617206	0.604639922668	0.553407443209	0.383760270662	0.531657805703	0.0	0.288061865636	0.404059932334	0.408893185114	0.498308361527	0.501691638473	0.860318994683	0.535041082649	0.524891251812	0.461575640406	0.450459159014	0.934267762204	0.7593040116	0.570807153214	0.484291928468	0.485741904302	0.48622522958	0.896085065249	0.590623489609	0.443692605123	0.470275495408	0.487675205413	0.55099081682	0.544224262929	0.488641855969	0.387626872885	0.459159014016	0.643305944901	0.562107298212	0.444175930401	0.477525374577	0.405993233446	0.560657322378	0.469308844853	0.644755920735	0.600773320445	0.479458675689	0.486708554857	0.485741904302	0.661188980184	0.59497341711	0.619139681005	0.610439826003	0.610439826003	0.636056065732	0.510391493475	0.511841469309	0.515708071532	0.519574673755	0.521507974867	0.620106331561	0.526824552924	0.611406476559	0.488158530691	0.581923634606
AE3	0.576123731271	0.498308361527	0.926051232479	0.605123247946	0.5601739971	0.396326727888	0.630739487675	0.288061865636	0.0	0.497825036249	0.408893185114	0.517158047366	0.515224746254	0.850652489125	0.558724021266	0.533591106815	0.456742387627	0.449492508458	0.920734654422	0.751087481875	0.551957467376	0.465925567907	0.478008699855	0.483325277912	0.884485258579	0.579023682939	0.432576123731	0.462058965684	0.467858869019	0.533591106815	0.546157564041	0.492508458192	0.405993233446	0.464475592073	0.65055582407	0.577573707105	0.441759304012	0.515708071532	0.421942967617	0.603673272112	0.509908168197	0.681488641856	0.637506041566	0.517158047366	0.47462542291	0.472692121798	0.663605606573	0.598356694055	0.625906234896	0.612373127115	0.605606573224	0.636056065732	0.514258095698	0.522474625423	0.526341227646	0.530691155147	0.541324311261	0.623006283229	0.552440792653	0.608023199613	0.478975350411	0.577573707105
AE4	0.622522957951	0.521024649589	0.941034316095	0.614306428226	0.579990333494	0.50459159014	0.338327694538	0.404059932334	0.497825036249	0.0	0.570807153214	0.534557757371	0.550507491542	0.857902368294	0.542290961817	0.570807153214	0.584340260996	0.58337361044	0.930401159981	0.753504108265	0.653455775737	0.575640405993	0.595456742388	0.596423392943	0.901884968584	0.619139681005	0.586273562107	0.579990333494	0.573707104882	0.594006766554	0.637022716288	0.575157080715	0.523441275979	0.551474142098	0.677622039633	0.607056549058	0.572257129048	0.46302561624	0.531657805703	0.526341227646	0.485258579024	0.572740454326	0.526824552924	0.489608506525	0.598356694055	0.599806669889	0.722571290478	0.655389076849	0.682455292412	0.676655389077	0.672788786854	0.693571773804	0.587723537941	0.583856935718	0.593040115998	0.585306911551	0.562107298212	0.675688738521	0.574190430159	0.676172063799	0.578057032383	0.637022716288
AF3	0.60415659739	0.55775737071	0.969067182214	0.646205896568	0.62735621073	0.330594490092	0.674238762687	0.408893185114	0.408893185114	0.570807153214	0.0	0.538907684872	0.545674238763	0.884485258579	0.612856452392	0.577090381827	0.446109231513	0.433059449009	0.954567423876	0.782020299662	0.587240212663	0.521991300145	0.446109231513	0.454809086515	0.919284678589	0.61333977767	0.440309328178	0.500724987917	0.519574673755	0.579023682939	0.526824552924	0.513291445143	0.432092798453	0.506041565974	0.664088931851	0.612373127115	0.434509424843	0.55099081682	0.433542774287	0.626872885452	0.527307878202	0.724021266312	0.681971967134	0.549540840986	0.497341710971	0.492025132914	0.678105364911	0.608989850169	0.658772353794	0.625422909618	0.621556307395	0.64572257129	0.536007733204	0.523924601257	0.538424359594	0.533107781537	0.575157080715	0.633639439343	0.588690188497	0.617206379894	0.493475108748	0.586756887385
AF4	0.630256162397	0.526341227646	0.929917834703	0.602223296278	0.315128081199	0.422909618173	0.612373127115	0.498308361527	0.517158047366	0.534557757371	0.538907684872	0.0	0.566457225713	0.849202513291	0.57177380377	0.574673755437	0.582406959884	0.572740454326	0.89125181247	0.725471242146	0.711454809087	0.639439342678	0.666505558241	0.667955534074	0.851135814403	0.65055582407	0.610439826003	0.65055582407	0.636056065732	0.654905751571	0.674238762687	0.602706621556	0.563073948768	0.591106814886	0.600773320445	0.526824552924	0.579990333494	0.55775737071	0.524891251812	0.541324311261	0.507491541808	0.637506041566	0.608023199613	0.526341227646	0.586273562107	0.592073465442	0.601739971	0.535524407927	0.563557274045	0.533591106815	0.558724021266	0.570807153214	0.506041565974	0.520541324311	0.536007733204	0.522474625423	0.581440309328	0.555824069599	0.566457225713	0.541807636539	0.566457225713	0.541807636539
AG3	0.584340260996	0.463508941518	0.957950700822	0.485258579024	0.611406476559	0.509908168197	0.621072982117	0.501691638473	0.515224746254	0.550507491542	0.545674238763	0.566457225713	0.0	0.84726921218	0.512808119865	0.510391493475	0.509424842919	0.495891735138	0.927017883035	0.75688738521	0.664572257129	0.584340260996	0.581923634606	0.591106814886	0.889318511358	0.632672788787	0.537457709038	0.577090381827	0.588206863219	0.613823102948	0.630256162397	0.551474142098	0.517641372644	0.53020782987	0.664088931851	0.61575640406	0.54857419043	0.544707588207	0.51377477042	0.58095698405	0.506524891252	0.676655389077	0.629289511841	0.536007733204	0.561140647656	0.574673755437	0.642339294345	0.584823586274	0.626872885452	0.605123247946	0.599323344611	0.614789753504	0.5186080232	0.524407926535	0.53697438376	0.533107781537	0.536007733204	0.612856452392	0.53697438376	0.610923151281	0.506041565974	0.570323827936
AG4	0.855002416626	0.857902368294	0.326244562591	0.565490575157	0.83566940551	0.861285645239	0.869985500242	0.860318994683	0.850652489125	0.857902368294	0.884485258579	0.849202513291	0.84726921218	0.0	0.876752054132	0.861768970517	0.892701788304	0.887868535524	0.70130497825	0.694055099082	0.817303044949	0.839536007733	0.87723537941	0.87723537941	0.821169647173	0.819236346061	0.871435476075	0.854035766071	0.782986950217	0.78008699855	0.889318511358	0.873368777187	0.874818753021	0.881101981634	0.90285161914	0.89125181247	0.897051715805	0.860318994683	0.886418559691	0.88883518608	0.884001933301	0.850169163847	0.851619139681	0.86563557274	0.897535041083	0.894151764137	0.887385210246	0.887868535524	0.883518608023	0.885935234413	0.892701788304	0.886901884969	0.890768487192	0.88883518608	0.898501691638	0.889318511358	0.88883518608	0.888351860802	0.886901884969	0.889801836636	0.890285161914	0.887385210246
AH3	0.654422426293	0.376993716771	0.958917351377	0.59497341711	0.620106331561	0.570323827936	0.586273562107	0.535041082649	0.558724021266	0.542290961817	0.612856452392	0.57177380377	0.512808119865	0.876752054132	0.0	0.521024649589	0.597873368777	0.600773320445	0.927501208313	0.765103914935	0.707104881585	0.631706138231	0.620589656839	0.628806186564	0.898501691638	0.686321894635	0.623489608507	0.633639439343	0.646689221846	0.653939101015	0.683905268246	0.62493958434	0.537941034316	0.581440309328	0.705171580474	0.641372643789	0.630256162397	0.551957467376	0.594490091832	0.559690671822	0.550507491542	0.60657322378	0.573223779604	0.564040599323	0.629772837119	0.646689221846	0.706621556307	0.631222812953	0.652489125181	0.647172547124	0.653455775737	0.681488641856	0.596423392943	0.600773320445	0.598840019333	0.611889801837	0.579023682939	0.665538907685	0.557274045433	0.642339294345	0.59497341711	0.615273078782
AH4	0.332527791203	0.373610439826	0.944900918318	0.594006766554	0.618173030449	0.532141130981	0.646689221846	0.524891251812	0.533591106815	0.570807153214	0.577090381827	0.574673755437	0.510391493475	0.861768970517	0.521024649589	0.0	0.536007733204	0.528757854036	0.886418559691	0.717254712421	0.640889318511	0.564523924601	0.567907201547	0.573707104882	0.851619139681	0.61333977767	0.556307394877	0.549540840986	0.575640405993	0.59255679072	0.596423392943	0.537941034316	0.544707588207	0.554857419043	0.699371677139	0.646205896568	0.585790236829	0.582406959884	0.538907684872	0.578057032383	0.544707588207	0.68970517158	0.650072498792	0.579507008217	0.587240212663	0.59497341711	0.666505558241	0.602706621556	0.665538907685	0.61575640406	0.61333977767	0.631706138231	0.533591106815	0.525857902368	0.53939101015	0.531174480425	0.505558240696	0.619623006283	0.526824552924	0.622522957951	0.538907684872	0.586756887385
AA7	0.587723537941	0.539874335428	0.968100531658	0.642822619623	0.635572740454	0.473175447076	0.681488641856	0.461575640406	0.456742387627	0.584340260996	0.446109231513	0.582406959884	0.509424842919	0.892701788304	0.597873368777	0.536007733204	0.0	0.296761720638	0.920734654422	0.767520541324	0.589656839053	0.499275012083	0.484775253746	0.495891735138	0.880618656356	0.600773320445	0.428709521508	0.48380860319	0.518124697922	0.573223779604	0.522474625423	0.446592556791	0.428709521508	0.488641855969	0.69453842436	0.647655872402	0.47462542291	0.557274045433	0.466408893185	0.621072982117	0.542290961817	0.729337844369	0.683905268246	0.56935717738	0.532141130981	0.526341227646	0.678588690188	0.614789753504	0.66892218463	0.634606089899	0.612373127115	0.641372643789	0.531174480425	0.533591106815	0.536491058482	0.533591106815	0.538907684872	0.629289511841	0.550507491542	0.639439342678	0.496375060416	0.594006766554
AA8	0.568873852102	0.531657805703	0.965683905268	0.632672788787	0.612373127115	0.458192363461	0.678588690188	0.450459159014	0.449492508458	0.58337361044	0.433059449009	0.572740454326	0.495891735138	0.887868535524	0.600773320445	0.528757854036	0.296761720638	0.0	0.922667955534	0.759787336878	0.580473658772	0.491058482359	0.471242145964	0.477042049299	0.863218946351	0.587723537941	0.420009666506	0.478008699855	0.507491541808	0.566940550991	0.474142097632	0.38666022233	0.434509424843	0.495891735138	0.695505074915	0.643789270179	0.464475592073	0.558240695988	0.453842435959	0.617689705172	0.536007733204	0.726437892702	0.685355244079	0.56259062349	0.522474625423	0.51619139681	0.647655872402	0.597873368777	0.664572257129	0.626872885452	0.597873368777	0.621072982117	0.505074915418	0.521024649589	0.522957950701	0.517158047366	0.535041082649	0.602223296278	0.545674238763	0.62735621073	0.489608506525	0.587723537941
AB7	0.876752054132	0.897535041083	0.733204446593	0.73368777187	0.879168680522	0.921701304978	0.939584340261	0.934267762204	0.920734654422	0.930401159981	0.954567423876	0.89125181247	0.927017883035	0.70130497825	0.927501208313	0.886418559691	0.920734654422	0.922667955534	0.0	0.409859835669	0.816336394393	0.850169163847	0.929917834703	0.922184630256	0.737071048816	0.813919768004	0.890768487192	0.871918801353	0.748670855486	0.716288061866	0.890768487192	0.897051715805	0.92363460609	0.942484291928	0.940067665539	0.938617689705	0.945867568874	0.915901401643	0.939101014983	0.934751087482	0.936684388594	0.870952150797	0.889318511358	0.906234896085	0.960367327211	0.9584340261	0.932334461092	0.929434509425	0.935717738038	0.927501208313	0.93523441276	0.929917834703	0.924117931368	0.925567907202	0.925567907202	0.915418076365	0.922667955534	0.92363460609	0.924117931368	0.929434509425	0.949250845819	0.929917834703
AB8	0.71290478492	0.72692121798	0.767520541324	0.581923634606	0.742870952151	0.748670855486	0.76848719188	0.7593040116	0.751087481875	0.753504108265	0.782020299662	0.725471242146	0.75688738521	0.694055099082	0.765103914935	0.717254712421	0.767520541324	0.759787336878	0.409859835669	0.0	0.664088931851	0.681971967134	0.755437409377	0.745770903818	0.731754470759	0.644272595457	0.721121314645	0.696471725471	0.541807636539	0.519574673755	0.73368777187	0.730787820203	0.758337361044	0.772837119381	0.797003383277	0.768003866602	0.771870468826	0.742870952151	0.760753987434	0.75688738521	0.756404059932	0.718704688255	0.72692121798	0.729821169647	0.796520057999	0.793136781054	0.808119864669	0.755920734654	0.78927017883	0.766070565491	0.76848719188	0.778637022716	0.755437409377	0.753987433543	0.757370710488	0.743354277429	0.751087481875	0.762687288545	0.752537457709	0.755920734654	0.77767037216	0.755437409377
AC7	0.619139681005	0.653455775737	0.890285161914	0.657805703238	0.740937651039	0.58095698405	0.721121314645	0.570807153214	0.551957467376	0.653455775737	0.587240212663	0.711454809087	0.664572257129	0.817303044949	0.707104881585	0.640889318511	0.589656839053	0.580473658772	0.816336394393	0.664088931851	0.0	0.370227162881	0.559207346544	0.55775737071	0.830352827453	0.577090381827	0.532141130981	0.502658289029	0.471725471242	0.482358627356	0.568390526825	0.547607539874	0.552440792653	0.61333977767	0.81246979217	0.750120831319	0.633156114065	0.637989366844	0.607056549058	0.724021266312	0.666988883519	0.721604639923	0.700821652972	0.64813919768	0.631706138231	0.618173030449	0.824552924118	0.767520541324	0.802803286612	0.792653455776	0.761237312711	0.791203479942	0.687288545191	0.678105364911	0.68293861769	0.687288545191	0.666022232963	0.784920251329	0.683905268246	0.78008699855	0.615273078782	0.748670855486
AC8	0.578057032383	0.567907201547	0.908651522475	0.61575640406	0.677138714355	0.51377477042	0.69453842436	0.484291928468	0.465925567907	0.575640405993	0.521991300145	0.639439342678	0.584340260996	0.839536007733	0.631706138231	0.564523924601	0.499275012083	0.491058482359	0.850169163847	0.681971967134	0.370227162881	0.0	0.479942000967	0.478492025133	0.842435959401	0.552440792653	0.395360077332	0.370227162881	0.425326244563	0.46979217013	0.520541324311	0.478008699855	0.467375543741	0.521991300145	0.728854519091	0.662638956017	0.535041082649	0.562107298212	0.522957950701	0.6389560174	0.579023682939	0.675205413243	0.635089415176	0.572257129048	0.541807636539	0.546157564041	0.741420976317	0.677622039633	0.724987916868	0.71532141131	0.679555340744	0.707104881585	0.601739971	0.593040115998	0.600289995167	0.601256645723	0.578057032383	0.700821652972	0.59497341711	0.699371677139	0.537941034316	0.659255679072
AD7	0.590140164331	0.579507008217	0.954567423876	0.655872402127	0.725954567424	0.513291445143	0.68970517158	0.485741904302	0.478008699855	0.595456742388	0.446109231513	0.666505558241	0.581923634606	0.87723537941	0.620589656839	0.567907201547	0.484775253746	0.471242145964	0.929917834703	0.755437409377	0.559207346544	0.479942000967	0.0	0.283711938134	0.896568390527	0.521991300145	0.43064282262	0.44224262929	0.491058482359	0.532141130981	0.502174963751	0.497825036249	0.48380860319	0.543740937651	0.749154180764	0.684388593523	0.517158047366	0.585790236829	0.532141130981	0.649589173514	0.601256645723	0.720637989367	0.681005316578	0.601739971	0.555340744321	0.559207346544	0.752537457709	0.681005316578	0.739487675205	0.725954567424	0.690188496858	0.711938134364	0.620106331561	0.610923151281	0.60657322378	0.618656355727	0.579990333494	0.709521507975	0.599323344611	0.709038182697	0.550024166264	0.666505558241
AD8	0.591106814886	0.584823586274	0.953117448043	0.652489125181	0.72692121798	0.5186080232	0.689221846303	0.48622522958	0.483325277912	0.596423392943	0.454809086515	0.667955534074	0.591106814886	0.87723537941	0.628806186564	0.573707104882	0.495891735138	0.477042049299	0.922184630256	0.745770903818	0.55775737071	0.478492025133	0.283711938134	0.0	0.861768970517	0.490091831803	0.434026099565	0.443692605123	0.476075398743	0.519091348478	0.501691638473	0.496375060416	0.493958434026	0.549057515708	0.753987433543	0.684871918801	0.518124697922	0.587240212663	0.526824552924	0.644755920735	0.59255679072	0.716288061866	0.682455292412	0.594006766554	0.560657322378	0.559690671822	0.753020782987	0.685838569357	0.740937651039	0.718704688255	0.687771870469	0.716288061866	0.617689705172	0.61333977767	0.60657322378	0.61333977767	0.588690188497	0.709521507975	0.603189946834	0.706621556307	0.557274045433	0.666022232963
AE7	0.830352827453	0.870952150797	0.843402609957	0.797486708555	0.832286128565	0.887868535524	0.915418076365	0.896085065249	0.884485258579	0.901884968584	0.919284678589	0.851135814403	0.889318511358	0.821169647173	0.898501691638	0.851619139681	0.880618656356	0.863218946351	0.737071048816	0.731754470759	0.830352827453	0.842435959401	0.896568390527	0.861768970517	0.0	0.533591106815	0.870952150797	0.852585790237	0.771387143548	0.773320444659	0.838086031899	0.840985983567	0.897051715805	0.91445142581	0.926051232479	0.917351377477	0.920734654422	0.90285161914	0.906718221363	0.878685355244	0.900918318028	0.869985500242	0.883035282745	0.866118898018	0.939584340261	0.929434509425	0.891735137748	0.898985016916	0.913001449976	0.893668438859	0.903334944418	0.898985016916	0.893185113581	0.898501691638	0.898985016916	0.88883518608	0.903818269696	0.887385210246	0.90043499275	0.90043499275	0.911068148864	0.907684871919
AE8	0.597390043499	0.625422909618	0.886418559691	0.639922667956	0.692605123248	0.581440309328	0.680038666022	0.590623489609	0.579023682939	0.619139681005	0.61333977767	0.65055582407	0.632672788787	0.819236346061	0.686321894635	0.61333977767	0.600773320445	0.587723537941	0.813919768004	0.644272595457	0.577090381827	0.552440792653	0.521991300145	0.490091831803	0.533591106815	0.0	0.568390526825	0.547124214596	0.503141614306	0.500241662639	0.574190430159	0.564523924601	0.596906718221	0.617689705172	0.766070565491	0.710488158531	0.620106331561	0.603189946834	0.608023199613	0.647655872402	0.628322861286	0.693088448526	0.67133881102	0.599806669889	0.642822619623	0.629772837119	0.767520541324	0.706621556307	0.760270662156	0.723537941034	0.71290478492	0.743837602707	0.658289028516	0.64572257129	0.658289028516	0.651039149348	0.651522474625	0.724021266312	0.670855485742	0.711938134364	0.620589656839	0.686321894635
AF7	0.569840502658	0.545190913485	0.939101014983	0.644755920735	0.654905751571	0.466408893185	0.704204929918	0.443692605123	0.432576123731	0.586273562107	0.440309328178	0.610439826003	0.537457709038	0.871435476075	0.623489608507	0.556307394877	0.428709521508	0.420009666506	0.890768487192	0.721121314645	0.532141130981	0.395360077332	0.43064282262	0.434026099565	0.870952150797	0.568390526825	0.0	0.323827936201	0.470275495408	0.523441275979	0.48622522958	0.488158530691	0.41662638956	0.475108748188	0.681971967134	0.629289511841	0.461575640406	0.547607539874	0.473658772354	0.623972933784	0.535041082649	0.701788303528	0.662155630739	0.550024166264	0.509424842919	0.51377477042	0.680038666022	0.62735621073	0.678588690188	0.667955534074	0.62493958434	0.647172547124	0.55099081682	0.541324311261	0.543257612373	0.550507491542	0.55775737071	0.633639439343	0.565490575157	0.649105848236	0.481875302078	0.597390043499
AF8	0.557274045433	0.564040599323	0.926534557757	0.626389560174	0.697438376027	0.503141614306	0.691638472692	0.470275495408	0.462058965684	0.579990333494	0.500724987917	0.65055582407	0.577090381827	0.854035766071	0.633639439343	0.549540840986	0.48380860319	0.478008699855	0.871918801353	0.696471725471	0.502658289029	0.370227162881	0.44224262929	0.443692605123	0.852585790237	0.547124214596	0.323827936201	0.0	0.446109231513	0.494441759304	0.509908168197	0.482358627356	0.459642339294	0.524407926535	0.724021266312	0.668438859352	0.507974867086	0.559690671822	0.507491541808	0.622039632673	0.567907201547	0.683905268246	0.647655872402	0.566940550991	0.549540840986	0.552924117931	0.715804736588	0.665055582407	0.722571290478	0.710971483809	0.667955534074	0.687771870469	0.590140164331	0.576123731271	0.579023682939	0.587240212663	0.566457225713	0.678588690188	0.581440309328	0.69453842436	0.525857902368	0.639922667956
AG7	0.584340260996	0.579990333494	0.860802319961	0.552440792653	0.674722087965	0.51377477042	0.687771870469	0.487675205413	0.467858869019	0.573707104882	0.519574673755	0.636056065732	0.588206863219	0.782986950217	0.646689221846	0.575640405993	0.518124697922	0.507491541808	0.748670855486	0.541807636539	0.471725471242	0.425326244563	0.491058482359	0.476075398743	0.771387143548	0.503141614306	0.470275495408	0.446109231513	0.0	0.311261478975	0.535041082649	0.498308361527	0.495891735138	0.559690671822	0.740937651039	0.67133881102	0.520057999033	0.560657322378	0.513291445143	0.635089415176	0.56935717738	0.670372160464	0.631222812953	0.555824069599	0.582406959884	0.567423876269	0.740454325761	0.662155630739	0.715804736588	0.703238279362	0.666988883519	0.70130497825	0.599323344611	0.595456742388	0.610923151281	0.601256645723	0.595940067666	0.690188496858	0.616239729338	0.687771870469	0.566457225713	0.644272595457
AG8	0.58337361044	0.601256645723	0.85886901885	0.583856935718	0.696955050749	0.552924117931	0.682455292412	0.55099081682	0.533591106815	0.594006766554	0.579023682939	0.654905751571	0.613823102948	0.78008699855	0.653939101015	0.59255679072	0.573223779604	0.566940550991	0.716288061866	0.519574673755	0.482358627356	0.46979217013	0.532141130981	0.519091348478	0.773320444659	0.500241662639	0.523441275979	0.494441759304	0.311261478975	0.0	0.560657322378	0.539874335428	0.547607539874	0.581440309328	0.760270662156	0.691155147414	0.574673755437	0.575157080715	0.568390526825	0.655872402127	0.595940067666	0.670372160464	0.649589173514	0.585306911551	0.604639922668	0.590140164331	0.768970517158	0.696471725471	0.745770903818	0.730787820203	0.706621556307	0.730304494925	0.625906234896	0.618173030449	0.631706138231	0.628322861286	0.619623006283	0.721121314645	0.639439342678	0.71290478492	0.596423392943	0.680038666022
AH7	0.59497341711	0.623489608507	0.949734171097	0.686805219913	0.707104881585	0.563073948768	0.718704688255	0.544224262929	0.546157564041	0.637022716288	0.526824552924	0.674238762687	0.630256162397	0.889318511358	0.683905268246	0.596423392943	0.522474625423	0.474142097632	0.890768487192	0.73368777187	0.568390526825	0.520541324311	0.502174963751	0.501691638473	0.838086031899	0.574190430159	0.48622522958	0.509908168197	0.535041082649	0.560657322378	0.0	0.353794103432	0.562107298212	0.617206379894	0.777187046883	0.727887868536	0.563073948768	0.644755920735	0.576123731271	0.66892218463	0.636056065732	0.758337361044	0.735621072982	0.652005799903	0.634122764621	0.622522957951	0.768003866602	0.718704688255	0.769937167714	0.734654422426	0.716771387144	0.739004349928	0.626872885452	0.632189463509	0.626872885452	0.637022716288	0.620589656839	0.730787820203	0.639922667956	0.727404543258	0.606089898502	0.706138231029
AH8	0.561623972934	0.5601739971	0.948284195263	0.634122764621	0.642339294345	0.494925084582	0.681971967134	0.488641855969	0.492508458192	0.575157080715	0.513291445143	0.602706621556	0.551474142098	0.873368777187	0.62493958434	0.537941034316	0.446592556791	0.38666022233	0.897051715805	0.730787820203	0.547607539874	0.478008699855	0.497825036249	0.496375060416	0.840985983567	0.564523924601	0.488158530691	0.482358627356	0.498308361527	0.539874335428	0.353794103432	0.0	0.508458192363	0.543740937651	0.730304494925	0.673755437409	0.541324311261	0.579990333494	0.50700821653	0.610439826003	0.56935717738	0.724987916868	0.679072015466	0.586273562107	0.563073948768	0.554374093765	0.687288545191	0.640405993233	0.70130497825	0.662155630739	0.6389560174	0.659255679072	0.546640889319	0.56259062349	0.553407443209	0.560657322378	0.548090865152	0.646205896568	0.561623972934	0.65732237796	0.529724504592	0.627839536008
AA5	0.587240212663	0.50700821653	0.953117448043	0.626872885452	0.609956500725	0.438376027066	0.623972933784	0.387626872885	0.405993233446	0.523441275979	0.432092798453	0.563073948768	0.517641372644	0.874818753021	0.537941034316	0.544707588207	0.428709521508	0.434509424843	0.92363460609	0.758337361044	0.552440792653	0.467375543741	0.48380860319	0.493958434026	0.897051715805	0.596906718221	0.41662638956	0.459642339294	0.495891735138	0.547607539874	0.562107298212	0.508458192363	0.0	0.352344127598	0.679555340744	0.589656839053	0.48380860319	0.456742387627	0.450459159014	0.5601739971	0.46302561624	0.628322861286	0.584340260996	0.473658772354	0.50459159014	0.491541807637	0.701788303528	0.6389560174	0.658772353794	0.652005799903	0.648622522958	0.677622039633	0.533107781537	0.559207346544	0.565973900435	0.556307394877	0.530691155147	0.655389076849	0.539874335428	0.643305944901	0.492025132914	0.610923151281
AA6	0.60415659739	0.522474625423	0.959400676655	0.651039149348	0.641855969067	0.479942000967	0.651522474625	0.459159014016	0.464475592073	0.551474142098	0.506041565974	0.591106814886	0.53020782987	0.881101981634	0.581440309328	0.554857419043	0.488641855969	0.495891735138	0.942484291928	0.772837119381	0.61333977767	0.521991300145	0.543740937651	0.549057515708	0.91445142581	0.617689705172	0.475108748188	0.524407926535	0.559690671822	0.581440309328	0.617206379894	0.543740937651	0.352344127598	0.0	0.670855485742	0.582890285162	0.518124697922	0.501208313195	0.479458675689	0.595456742388	0.497341710971	0.666022232963	0.621556307395	0.515708071532	0.436442725955	0.432092798453	0.699855002417	0.641855969067	0.666505558241	0.652489125181	0.640889318511	0.669405509908	0.537457709038	0.554374093765	0.561140647656	0.558240695988	0.540357660706	0.647172547124	0.551474142098	0.643789270179	0.502658289029	0.607539874335
AB5	0.748187530208	0.65973900435	0.971000483325	0.717738037699	0.605606573224	0.634606089899	0.740454325761	0.643305944901	0.65055582407	0.677622039633	0.664088931851	0.600773320445	0.664088931851	0.90285161914	0.705171580474	0.699371677139	0.69453842436	0.695505074915	0.940067665539	0.797003383277	0.81246979217	0.728854519091	0.749154180764	0.753987433543	0.926051232479	0.766070565491	0.681971967134	0.724021266312	0.740937651039	0.760270662156	0.777187046883	0.730304494925	0.679555340744	0.670855485742	0.0	0.315128081199	0.616723054616	0.660222329628	0.622039632673	0.635572740454	0.603189946834	0.734171097148	0.714838086032	0.645239246013	0.625422909618	0.625906234896	0.623489608507	0.611406476559	0.619139681005	0.601739971	0.617689705172	0.611889801837	0.581923634606	0.59255679072	0.614306428226	0.605606573224	0.662155630739	0.592073465442	0.650072498792	0.600773320445	0.659255679072	0.60657322378
AB6	0.696955050749	0.597390043499	0.961817303045	0.660705654906	0.576607056549	0.568873852102	0.673272112131	0.562107298212	0.577573707105	0.607056549058	0.612373127115	0.526824552924	0.61575640406	0.89125181247	0.641372643789	0.646205896568	0.647655872402	0.643789270179	0.938617689705	0.768003866602	0.750120831319	0.662638956017	0.684388593523	0.684871918801	0.917351377477	0.710488158531	0.629289511841	0.668438859352	0.67133881102	0.691155147414	0.727887868536	0.673755437409	0.589656839053	0.582890285162	0.315128081199	0.0	0.569840502658	0.586273562107	0.5601739971	0.574673755437	0.53697438376	0.668438859352	0.639922667956	0.544224262929	0.563557274045	0.550024166264	0.611889801837	0.555824069599	0.582406959884	0.561623972934	0.568390526825	0.582406959884	0.528274528758	0.552924117931	0.576123731271	0.565490575157	0.601256645723	0.55775737071	0.58337361044	0.5601739971	0.614789753504	0.55099081682
AC5	0.611889801837	0.565007249879	0.969550507492	0.652972450459	0.62735621073	0.470758820686	0.674238762687	0.444175930401	0.441759304012	0.572257129048	0.434509424843	0.579990333494	0.54857419043	0.897051715805	0.630256162397	0.585790236829	0.47462542291	0.464475592073	0.945867568874	0.771870468826	0.633156114065	0.535041082649	0.517158047366	0.518124697922	0.920734654422	0.620106331561	0.461575640406	0.507974867086	0.520057999033	0.574673755437	0.563073948768	0.541324311261	0.48380860319	0.518124697922	0.616723054616	0.569840502658	0.0	0.456259062349	0.433542774287	0.598356694055	0.520541324311	0.714354760754	0.664572257129	0.546157564041	0.478492025133	0.47462542291	0.617689705172	0.569840502658	0.625422909618	0.591590140164	0.572257129048	0.594490091832	0.498308361527	0.482358627356	0.506524891252	0.500724987917	0.56935717738	0.580473658772	0.581923634606	0.579990333494	0.520541324311	0.539874335428
AC6	0.633156114065	0.514258095698	0.949250845819	0.634606089899	0.593040115998	0.511841469309	0.545674238763	0.477525374577	0.515708071532	0.46302561624	0.55099081682	0.55775737071	0.544707588207	0.860318994683	0.551957467376	0.582406959884	0.557274045433	0.558240695988	0.915901401643	0.742870952151	0.637989366844	0.562107298212	0.585790236829	0.587240212663	0.90285161914	0.603189946834	0.547607539874	0.559690671822	0.560657322378	0.575157080715	0.644755920735	0.579990333494	0.456742387627	0.501208313195	0.660222329628	0.586273562107	0.456259062349	0.0	0.515708071532	0.524891251812	0.496375060416	0.494441759304	0.442725954567	0.43740937651	0.5601739971	0.549540840986	0.700338327695	0.643305944901	0.659255679072	0.642339294345	0.64572257129	0.671822136298	0.574190430159	0.574190430159	0.59497341711	0.578540357661	0.567423876269	0.653939101015	0.564040599323	0.629289511841	0.558724021266	0.618656355727
AD6	0.598356694055	0.51619139681	0.969067182214	0.624456259062	0.583856935718	0.420976317061	0.618173030449	0.405993233446	0.421942967617	0.531657805703	0.433542774287	0.524891251812	0.51377477042	0.886418559691	0.594490091832	0.538907684872	0.466408893185	0.453842435959	0.939101014983	0.760753987434	0.607056549058	0.522957950701	0.532141130981	0.526824552924	0.906718221363	0.608023199613	0.473658772354	0.507491541808	0.513291445143	0.568390526825	0.576123731271	0.50700821653	0.450459159014	0.479458675689	0.622039632673	0.5601739971	0.433542774287	0.515708071532	0.0	0.541807636539	0.402126631223	0.700338327695	0.65732237796	0.526341227646	0.475592073465	0.464958917351	0.620106331561	0.556790720155	0.600289995167	0.564523924601	0.565973900435	0.588690188497	0.468825519575	0.472692121798	0.474142097632	0.472692121798	0.53697438376	0.570323827936	0.546157564041	0.563073948768	0.466408893185	0.533591106815
AE5	0.629772837119	0.539874335428	0.968583856936	0.643305944901	0.582890285162	0.564040599323	0.577090381827	0.560657322378	0.603673272112	0.526341227646	0.626872885452	0.541324311261	0.58095698405	0.88883518608	0.559690671822	0.578057032383	0.621072982117	0.617689705172	0.934751087482	0.75688738521	0.724021266312	0.6389560174	0.649589173514	0.644755920735	0.878685355244	0.647655872402	0.623972933784	0.622039632673	0.635089415176	0.655872402127	0.66892218463	0.610439826003	0.5601739971	0.595456742388	0.635572740454	0.574673755437	0.598356694055	0.524891251812	0.541807636539	0.0	0.377960367327	0.604639922668	0.567423876269	0.517158047366	0.631222812953	0.63653939101	0.681488641856	0.632672788787	0.642822619623	0.628806186564	0.644272595457	0.66892218463	0.556790720155	0.579023682939	0.616239729338	0.570323827936	0.564523924601	0.639922667956	0.553407443209	0.622039632673	0.58095698405	0.606089898502
AE6	0.60657322378	0.501208313195	0.967133881102	0.620589656839	0.556307394877	0.46979217013	0.569840502658	0.469308844853	0.509908168197	0.485258579024	0.527307878202	0.507491541808	0.506524891252	0.884001933301	0.550507491542	0.544707588207	0.542290961817	0.536007733204	0.936684388594	0.756404059932	0.666988883519	0.579023682939	0.601256645723	0.59255679072	0.900918318028	0.628322861286	0.535041082649	0.567907201547	0.56935717738	0.595940067666	0.636056065732	0.56935717738	0.46302561624	0.497341710971	0.603189946834	0.53697438376	0.520541324311	0.496375060416	0.402126631223	0.377960367327	0.0	0.6389560174	0.598840019333	0.465925567907	0.543257612373	0.54857419043	0.649105848236	0.591590140164	0.605606573224	0.600289995167	0.60657322378	0.623972933784	0.487675205413	0.492508458192	0.516674722088	0.494441759304	0.523441275979	0.600773320445	0.525857902368	0.590140164331	0.499275012083	0.565973900435
AF5	0.718221362977	0.637022716288	0.929917834703	0.664572257129	0.668438859352	0.683421942968	0.554857419043	0.644755920735	0.681488641856	0.572740454326	0.724021266312	0.637506041566	0.676655389077	0.850169163847	0.60657322378	0.68970517158	0.729337844369	0.726437892702	0.870952150797	0.718704688255	0.721604639923	0.675205413243	0.720637989367	0.716288061866	0.869985500242	0.693088448526	0.701788303528	0.683905268246	0.670372160464	0.670372160464	0.758337361044	0.724987916868	0.628322861286	0.666022232963	0.734171097148	0.668438859352	0.714354760754	0.494441759304	0.700338327695	0.604639922668	0.6389560174	0.0	0.280811986467	0.546157564041	0.72692121798	0.722087965201	0.776703721605	0.728854519091	0.739971000483	0.727887868536	0.737554374094	0.758820686322	0.697438376027	0.719188013533	0.731271145481	0.711938134364	0.680038666022	0.745770903818	0.666988883519	0.718221362977	0.711454809087	0.722087965201
AF6	0.693571773804	0.591106814886	0.933301111648	0.6389560174	0.642822619623	0.643305944901	0.541324311261	0.600773320445	0.637506041566	0.526824552924	0.681971967134	0.608023199613	0.629289511841	0.851619139681	0.573223779604	0.650072498792	0.683905268246	0.685355244079	0.889318511358	0.72692121798	0.700821652972	0.635089415176	0.681005316578	0.682455292412	0.883035282745	0.67133881102	0.662155630739	0.647655872402	0.631222812953	0.649589173514	0.735621072982	0.679072015466	0.584340260996	0.621556307395	0.714838086032	0.639922667956	0.664572257129	0.442725954567	0.65732237796	0.567423876269	0.598840019333	0.280811986467	0.0	0.502174963751	0.688738521025	0.676172063799	0.757370710488	0.705654905752	0.714838086032	0.703238279362	0.703238279362	0.732237796037	0.658289028516	0.675205413243	0.68970517158	0.672788786854	0.637022716288	0.719188013533	0.626389560174	0.694055099082	0.673272112131	0.686321894635
