	AA3	AA4	AB3	AB4	AC3	AC4	AD3	AD4	AE3	AE4	AF3	AF4	AG3	AG4	AH3	AH4	AA7	AA8	AB7	AB8	AC7	AC8	AD7	AD8	AE7	AE8	AF7	AF8	AG7	AG8	AH7	AH8	AA5	AA6	AB5	AB6	AC5	AC6	AD6	AE5	AE6	AF5	AF6	AG5	AH5	AH6	AA1	AA2	AB1	AB2	AC1	AC2	AD1	AD2	AE1	AE2	AF1	AF2	AG1	AG2	AH1	AH2
AA3	0.0	0.493475108748	0.930401159981	0.620106331561	0.660222329628	0.591106814886	0.686805219913	0.594006766554	0.574190430159	0.626872885452	0.618656355727	0.599806669889	0.588206863219	0.845335911068	0.643789270179	0.333977767037	0.587723537941	0.582406959884	0.863702271629	0.692605123248	0.619139681005	0.565973900435	0.592073465442	0.595940067666	0.830836152731	0.602223296278	0.573707104882	0.55775737071	0.587240212663	0.594006766554	0.597873368777	0.555824069599	0.59497341711	0.610439826003	0.737554374094	0.686321894635	0.622522957951	0.622522957951	0.613823102948	0.637989366844	0.609956500725	0.708554857419	0.686321894635	0.62735621073	0.62735621073	0.629289511841	0.683905268246	0.644755920735	0.717254712421	0.676172063799	0.640405993233	0.661672305462	0.573707104882	0.575640405993	0.575640405993	0.584823586274	0.576607056549	0.64813919768	0.58095698405	0.654905751571	0.573707104882	0.64572257129
AA4	0.493475108748	0.0	0.942484291928	0.555340744321	0.58095698405	0.509424842919	0.594490091832	0.484775253746	0.518124697922	0.515224746254	0.558240695988	0.500241662639	0.478008699855	0.854519091348	0.374093765104	0.382310294828	0.550507491542	0.547607539874	0.891735137748	0.710488158531	0.660222329628	0.582406959884	0.585790236829	0.582890285162	0.87046882552	0.630256162397	0.55775737071	0.571290478492	0.585306911551	0.603189946834	0.633156114065	0.577573707105	0.51377477042	0.537457709038	0.663122281295	0.594006766554	0.570323827936	0.518124697922	0.540357660706	0.533107781537	0.494925084582	0.623972933784	0.595940067666	0.517158047366	0.57177380377	0.578057032383	0.648622522958	0.580473658772	0.637022716288	0.608023199613	0.594006766554	0.62735621073	0.523441275979	0.526341227646	0.528274528758	0.531174480425	0.50459159014	0.610923151281	0.514258095698	0.582890285162	0.527307878202	0.571290478492
AB3	0.930401159981	0.942484291928	0.0	0.673755437409	0.920251329145	0.947800869986	0.954567423876	0.948767520541	0.927501208313	0.94683421943	0.971483808603	0.928467858869	0.96761720638	0.339294345094	0.960367327211	0.938134364427	0.971967133881	0.968100531658	0.735621072982	0.762687288545	0.890768487192	0.910101498308	0.958917351377	0.948767520541	0.852102464959	0.886418559691	0.943934267762	0.933784436926	0.839536007733	0.837602706622	0.954567423876	0.949734171097	0.956500724988	0.961817303045	0.972450459159	0.967133881102	0.972450459159	0.95601739971	0.971967133881	0.970517158047	0.971000483325	0.928951184147	0.939584340261	0.951667472209	0.971967133881	0.971483808603	0.971967133881	0.969550507492	0.966650555824	0.971967133881	0.970517158047	0.970033832769	0.971967133881	0.971000483325	0.977767037216	0.969550507492	0.968583856936	0.970033832769	0.970517158047	0.971483808603	0.971967133881	0.970517158047
AB4	0.620106331561	0.555340744321	0.673755437409	0.0	0.644755920735	0.598356694055	0.679072015466	0.60657322378	0.607056549058	0.608989850169	0.636056065732	0.577573707105	0.494925084582	0.559690671822	0.60415659739	0.580473658772	0.629289511841	0.626872885452	0.725954567424	0.563073948768	0.64572257129	0.60657322378	0.651039149348	0.629289511841	0.786853552441	0.62493958434	0.645239246013	0.62735621073	0.535041082649	0.573223779604	0.68293861769	0.637022716288	0.623489608507	0.638472692122	0.717254712421	0.667955534074	0.638472692122	0.623489608507	0.627839536008	0.632672788787	0.61333977767	0.647172547124	0.649105848236	0.61575640406	0.665538907685	0.666988883519	0.697438376027	0.654905751571	0.699855002417	0.676172063799	0.656355727405	0.677622039633	0.622039632673	0.630739487675	0.64572257129	0.634606089899	0.627839536008	0.669888835186	0.622039632673	0.651039149348	0.640405993233	0.656355727405
AC3	0.660222329628	0.58095698405	0.920251329145	0.644755920735	0.0	0.51619139681	0.651039149348	0.547607539874	0.579023682939	0.579990333494	0.632189463509	0.339777670372	0.625422909618	0.837602706622	0.608989850169	0.625906234896	0.628322861286	0.620106331561	0.882551957467	0.74528757854	0.742387626873	0.684871918801	0.73368777187	0.720637989367	0.836636056066	0.696471725471	0.680038666022	0.704688255196	0.6805219913	0.695021749638	0.715804736588	0.664572257129	0.610923151281	0.643305944901	0.634606089899	0.602706621556	0.632672788787	0.584340260996	0.593523441276	0.567423876269	0.575640405993	0.645239246013	0.637022716288	0.563073948768	0.654422426293	0.653939101015	0.591106814886	0.597873368777	0.610923151281	0.590623489609	0.612373127115	0.601256645723	0.549057515708	0.584340260996	0.598356694055	0.58095698405	0.623006283229	0.585306911551	0.630256162397	0.593040115998	0.626872885452	0.606089898502
AC4	0.591106814886	0.509424842919	0.947800869986	0.598356694055	0.51619139681	0.0	0.630256162397	0.405509908168	0.423392943451	0.510391493475	0.34267762204	0.412276462059	0.535041082649	0.862252295795	0.569840502658	0.543740937651	0.496858385694	0.480425326245	0.925567907202	0.740937651039	0.588206863219	0.527307878202	0.532624456259	0.522474625423	0.889318511358	0.599323344611	0.502174963751	0.53020782987	0.529724504592	0.563073948768	0.58095698405	0.527307878202	0.455775737071	0.467858869019	0.641372643789	0.576123731271	0.469308844853	0.495891735138	0.426292895118	0.560657322378	0.488641855969	0.67133881102	0.64813919768	0.508941517641	0.511358144031	0.493475108748	0.650072498792	0.588206863219	0.62493958434	0.605123247946	0.588690188497	0.623972933784	0.50459159014	0.509424842919	0.543257612373	0.523441275979	0.537941034316	0.608506524891	0.54857419043	0.584340260996	0.504108264862	0.587240212663
AD3	0.686805219913	0.594490091832	0.954567423876	0.679072015466	0.651039149348	0.630256162397	0.0	0.536491058482	0.64813919768	0.36346060899	0.681488641856	0.610439826003	0.65055582407	0.867568873852	0.56259062349	0.642339294345	0.686321894635	0.690671822136	0.940550990817	0.764620589657	0.719671338811	0.699371677139	0.702754954084	0.681971967134	0.916868052199	0.693088448526	0.698888351861	0.696471725471	0.690671822136	0.68970517158	0.722571290478	0.695021749638	0.626389560174	0.658772353794	0.742870952151	0.681971967134	0.679072015466	0.565490575157	0.637506041566	0.579990333494	0.576607056549	0.555340744321	0.53939101015	0.544224262929	0.698405026583	0.697921701305	0.768970517158	0.704204929918	0.748670855486	0.732237796037	0.712421459642	0.73610439826	0.657805703238	0.67133881102	0.685355244079	0.659255679072	0.631706138231	0.72450459159	0.628322861286	0.706138231029	0.68970517158	0.710004833253
AD4	0.594006766554	0.484775253746	0.948767520541	0.60657322378	0.547607539874	0.405509908168	0.536491058482	0.0	0.322861285645	0.413243112615	0.429676172064	0.47220879652	0.517641372644	0.859835669406	0.524891251812	0.532624456259	0.478975350411	0.464475592073	0.941517641373	0.760270662156	0.568390526825	0.500241662639	0.506524891252	0.498791686805	0.907201546641	0.616723054616	0.454325761237	0.489125181247	0.502174963751	0.564040599323	0.565007249879	0.496375060416	0.39584340261	0.436442725955	0.641855969067	0.58095698405	0.45142580957	0.463992266796	0.410826486225	0.550507491542	0.470275495408	0.6389560174	0.605606573224	0.473175447076	0.49299178347	0.471242145964	0.654905751571	0.587240212663	0.637022716288	0.619139681005	0.596906718221	0.635089415176	0.497341710971	0.505074915418	0.528757854036	0.521024649589	0.520541324311	0.621556307395	0.541807636539	0.596906718221	0.50700821653	0.58337361044
AE3	0.574190430159	0.518124697922	0.927501208313	0.607056549058	0.579023682939	0.423392943451	0.64813919768	0.322861285645	0.0	0.517641372644	0.409376510391	0.506524891252	0.528274528758	0.847752537458	0.564040599323	0.533591106815	0.460125664572	0.446592556791	0.925084581924	0.741904301595	0.553890768487	0.480425326245	0.467858869019	0.476558724021	0.89125181247	0.603189946834	0.434992750121	0.462058965684	0.477525374577	0.549540840986	0.539874335428	0.490091831803	0.391976800387	0.442725954567	0.662155630739	0.606089898502	0.441275978734	0.508458192363	0.433059449009	0.606089898502	0.533107781537	0.6805219913	0.653939101015	0.523441275979	0.500724987917	0.479458675689	0.665055582407	0.603189946834	0.651522474625	0.634606089899	0.609473175447	0.649105848236	0.519091348478	0.529241179314	0.549057515708	0.544707588207	0.546640889319	0.63653939101	0.570323827936	0.613823102948	0.51377477042	0.600289995167
AE4	0.626872885452	0.515224746254	0.94683421943	0.608989850169	0.579990333494	0.510391493475	0.36346060899	0.413243112615	0.517641372644	0.0	0.574190430159	0.520541324311	0.571290478492	0.856935717738	0.517158047366	0.561623972934	0.582406959884	0.585790236829	0.932334461092	0.74770420493	0.660705654906	0.597873368777	0.600773320445	0.579507008217	0.906234896085	0.631706138231	0.595456742388	0.59255679072	0.579507008217	0.597390043499	0.644272595457	0.594490091832	0.524407926535	0.55775737071	0.686805219913	0.62493958434	0.576607056549	0.471725471242	0.522474625423	0.524407926535	0.503624939584	0.579023682939	0.556307394877	0.486708554857	0.598840019333	0.600773320445	0.702754954084	0.637989366844	0.688255195747	0.676172063799	0.648622522958	0.676172063799	0.586756887385	0.587240212663	0.604639922668	0.584823586274	0.558724021266	0.666505558241	0.563073948768	0.652489125181	0.586273562107	0.6389560174
AF3	0.618656355727	0.558240695988	0.971483808603	0.636056065732	0.632189463509	0.34267762204	0.681488641856	0.429676172064	0.409376510391	0.574190430159	0.0	0.525857902368	0.551957467376	0.884485258579	0.602706621556	0.583856935718	0.449492508458	0.454809086515	0.95360077332	0.773320444659	0.590623489609	0.537941034316	0.443209279845	0.434509424843	0.923151280812	0.630739487675	0.436926051232	0.511841469309	0.522957950701	0.594490091832	0.529724504592	0.522957950701	0.422426292895	0.488641855969	0.664088931851	0.620589656839	0.414209763171	0.529241179314	0.429192846786	0.617206379894	0.545190913485	0.709038182697	0.684871918801	0.537941034316	0.510874818753	0.493475108748	0.667472208797	0.60415659739	0.664088931851	0.630256162397	0.607056549058	0.644272595457	0.532141130981	0.520541324311	0.550024166264	0.538907684872	0.56259062349	0.632189463509	0.581923634606	0.602223296278	0.508458192363	0.601739971
AF4	0.599806669889	0.500241662639	0.928467858869	0.577573707105	0.339777670372	0.412276462059	0.610439826003	0.47220879652	0.506524891252	0.520541324311	0.525857902368	0.0	0.547124214596	0.840502658289	0.544224262929	0.544224262929	0.558724021266	0.545190913485	0.882551957467	0.710971483809	0.676655389077	0.616239729338	0.658772353794	0.640405993233	0.840019333011	0.633639439343	0.604639922668	0.631706138231	0.611889801837	0.637022716288	0.641855969067	0.595456742388	0.531174480425	0.564040599323	0.600773320445	0.533107781537	0.556307394877	0.528274528758	0.502174963751	0.51619139681	0.49299178347	0.626872885452	0.608989850169	0.516674722088	0.564523924601	0.563557274045	0.587240212663	0.521991300145	0.582890285162	0.542774287095	0.534074432093	0.556307394877	0.47462542291	0.493958434026	0.511841469309	0.494925084582	0.550024166264	0.544224262929	0.558240695988	0.527307878202	0.546640889319	0.525857902368
AG3	0.588206863219	0.478008699855	0.96761720638	0.494925084582	0.625422909618	0.535041082649	0.65055582407	0.517641372644	0.528274528758	0.571290478492	0.551957467376	0.547124214596	0.0	0.846785886902	0.521507974867	0.522957950701	0.511358144031	0.499758337361	0.93281778637	0.748670855486	0.669405509908	0.59255679072	0.593523441276	0.594490091832	0.890285161914	0.646205896568	0.552440792653	0.577090381827	0.601739971	0.626872885452	0.63653939101	0.560657322378	0.52779120348	0.538907684872	0.67133881102	0.630256162397	0.557274045433	0.552440792653	0.549057515708	0.580473658772	0.522957950701	0.670855485742	0.649589173514	0.548090865152	0.574190430159	0.576123731271	0.633639439343	0.578057032383	0.651039149348	0.613823102948	0.594006766554	0.617689705172	0.522957950701	0.533107781537	0.538424359594	0.53697438376	0.537457709038	0.614789753504	0.552440792653	0.595456742388	0.505074915418	0.579990333494
AG4	0.845335911068	0.854519091348	0.339294345094	0.559690671822	0.837602706622	0.862252295795	0.867568873852	0.859835669406	0.847752537458	0.856935717738	0.884485258579	0.840502658289	0.846785886902	0.0	0.873368777187	0.850652489125	0.891735137748	0.888351860802	0.71532141131	0.6805219913	0.814403093282	0.829869502175	0.878202029966	0.866602223296	0.824552924118	0.804736587724	0.867568873852	0.855485741904	0.762687288545	0.755920734654	0.880135331078	0.87046882552	0.875785403577	0.880135331078	0.897051715805	0.890285161914	0.888351860802	0.864668922185	0.883518608023	0.884485258579	0.881101981634	0.846302561624	0.855002416626	0.866602223296	0.891735137748	0.889318511358	0.886901884969	0.886418559691	0.885935234413	0.884485258579	0.89125181247	0.887868535524	0.892218463026	0.890285161914	0.896568390527	0.889801836636	0.884968583857	0.887385210246	0.884968583857	0.882068632189	0.88883518608	0.889801836636
AH3	0.643789270179	0.374093765104	0.960367327211	0.60415659739	0.608989850169	0.569840502658	0.56259062349	0.524891251812	0.564040599323	0.517158047366	0.602706621556	0.544224262929	0.521507974867	0.873368777187	0.0	0.526341227646	0.59497341711	0.591590140164	0.926534557757	0.748670855486	0.697921701305	0.625906234896	0.627839536008	0.633156114065	0.897535041083	0.688738521025	0.624456259062	0.622522957951	0.651522474625	0.663122281295	0.683905268246	0.620589656839	0.533107781537	0.581440309328	0.712421459642	0.646205896568	0.621556307395	0.534557757371	0.600289995167	0.559207346544	0.539874335428	0.591106814886	0.572257129048	0.538907684872	0.621556307395	0.62493958434	0.701788303528	0.631222812953	0.674238762687	0.652005799903	0.644755920735	0.669888835186	0.589656839053	0.588690188497	0.582890285162	0.59255679072	0.561140647656	0.664088931851	0.557274045433	0.625906234896	0.583856935718	0.619623006283
AH4	0.333977767037	0.382310294828	0.938134364427	0.580473658772	0.625906234896	0.543740937651	0.642339294345	0.532624456259	0.533591106815	0.561623972934	0.583856935718	0.544224262929	0.522957950701	0.850652489125	0.526341227646	0.0	0.547607539874	0.548090865152	0.87723537941	0.702271628806	0.629289511841	0.560657322378	0.575157080715	0.574673755437	0.848719188014	0.599806669889	0.55775737071	0.546640889319	0.582890285162	0.587240212663	0.595940067666	0.545674238763	0.545190913485	0.558724021266	0.70130497825	0.641372643789	0.588206863219	0.564523924601	0.565973900435	0.579507008217	0.549540840986	0.666505558241	0.648622522958	0.578540357661	0.584823586274	0.591590140164	0.672305461576	0.614306428226	0.679072015466	0.633156114065	0.617206379894	0.644272595457	0.541807636539	0.534557757371	0.549057515708	0.540840985984	0.511358144031	0.629289511841	0.520541324311	0.608989850169	0.534557757371	0.608989850169
AA7	0.587723537941	0.550507491542	0.971967133881	0.629289511841	0.628322861286	0.496858385694	0.686321894635	0.478975350411	0.460125664572	0.582406959884	0.449492508458	0.558724021266	0.511358144031	0.891735137748	0.59497341711	0.547607539874	0.0	0.299661672305	0.926534557757	0.754954084099	0.585306911551	0.51619139681	0.480425326245	0.479458675689	0.874818753021	0.605123247946	0.448042532624	0.478008699855	0.524407926535	0.58095698405	0.512808119865	0.425326244563	0.434992750121	0.490091831803	0.701788303528	0.655389076849	0.473175447076	0.56259062349	0.484775253746	0.61333977767	0.555824069599	0.714838086032	0.690671822136	0.575157080715	0.542774287095	0.532141130981	0.666988883519	0.60415659739	0.679555340744	0.648622522958	0.602223296278	0.631706138231	0.522957950701	0.518124697922	0.544224262929	0.534557757371	0.526341227646	0.619623006283	0.544707588207	0.628806186564	0.50700821653	0.613823102948
AA8	0.582406959884	0.547607539874	0.968100531658	0.626872885452	0.620106331561	0.480425326245	0.690671822136	0.464475592073	0.446592556791	0.585790236829	0.454809086515	0.545190913485	0.499758337361	0.888351860802	0.591590140164	0.548090865152	0.299661672305	0.0	0.925084581924	0.751087481875	0.576607056549	0.497341710971	0.492508458192	0.488641855969	0.868535524408	0.595456742388	0.449975833736	0.471725471242	0.509908168197	0.573223779604	0.489608506525	0.385210246496	0.423876268729	0.479942000967	0.697438376027	0.651039149348	0.470275495408	0.553407443209	0.473658772354	0.617206379894	0.54857419043	0.724021266312	0.696955050749	0.567423876269	0.526341227646	0.511841469309	0.649105848236	0.584340260996	0.672305461576	0.633639439343	0.584340260996	0.610923151281	0.508941517641	0.507491541808	0.526824552924	0.526341227646	0.529241179314	0.605606573224	0.54857419043	0.611406476559	0.494441759304	0.594490091832
AB7	0.863702271629	0.891735137748	0.735621072982	0.725954567424	0.882551957467	0.925567907202	0.940550990817	0.941517641373	0.925084581924	0.932334461092	0.95360077332	0.882551957467	0.93281778637	0.71532141131	0.926534557757	0.87723537941	0.926534557757	0.925084581924	0.0	0.419526341228	0.811503141614	0.836636056066	0.937167713871	0.924601256646	0.744320927985	0.809569840503	0.896568390527	0.875302078299	0.737071048816	0.687288545191	0.890285161914	0.899951667472	0.928467858869	0.936201063316	0.940067665539	0.930401159981	0.943934267762	0.915901401643	0.954567423876	0.928951184147	0.93523441276	0.868535524408	0.89125181247	0.911551474142	0.95360077332	0.957950700822	0.932334461092	0.926051232479	0.926051232479	0.933301111648	0.931367810536	0.924601256646	0.924117931368	0.918318028033	0.919284678589	0.917351377477	0.920251329145	0.920734654422	0.920251329145	0.925567907202	0.940550990817	0.934751087482
AB8	0.692605123248	0.710488158531	0.762687288545	0.563073948768	0.74528757854	0.740937651039	0.764620589657	0.760270662156	0.741904301595	0.74770420493	0.773320444659	0.710971483809	0.748670855486	0.6805219913	0.748670855486	0.702271628806	0.754954084099	0.751087481875	0.419526341228	0.0	0.637989366844	0.660222329628	0.748670855486	0.73852102465	0.725471242146	0.634606089899	0.71532141131	0.682455292412	0.523924601257	0.501208313195	0.724021266312	0.722087965201	0.753504108265	0.758337361044	0.798453359111	0.754470758821	0.760753987434	0.727887868536	0.768970517158	0.744320927985	0.74528757854	0.706621556307	0.718221362977	0.731271145481	0.78250362494	0.781536974384	0.801353310778	0.749154180764	0.78927017883	0.763170613823	0.757370710488	0.775253745771	0.751087481875	0.746737554374	0.745770903818	0.742387626873	0.741420976317	0.765587240213	0.742870952151	0.749637506042	0.757854035766	0.751087481875
AC7	0.619139681005	0.660222329628	0.890768487192	0.64572257129	0.742387626873	0.588206863219	0.719671338811	0.568390526825	0.553890768487	0.660705654906	0.590623489609	0.676655389077	0.669405509908	0.814403093282	0.697921701305	0.629289511841	0.585306911551	0.576607056549	0.811503141614	0.637989366844	0.0	0.362493958434	0.573707104882	0.559690671822	0.823102948284	0.585790236829	0.55099081682	0.509908168197	0.466408893185	0.500241662639	0.566457225713	0.54857419043	0.559207346544	0.591106814886	0.801353310778	0.753987433543	0.620106331561	0.644755920735	0.602223296278	0.723537941034	0.675205413243	0.711938134364	0.700338327695	0.640889318511	0.641372643789	0.620589656839	0.812953117448	0.746737554374	0.807153214113	0.791203479942	0.74528757854	0.779120347994	0.679555340744	0.66892218463	0.691155147414	0.687288545191	0.661672305462	0.771387143548	0.669888835186	0.762203963267	0.630256162397	0.751087481875
AC8	0.565973900435	0.582406959884	0.910101498308	0.60657322378	0.684871918801	0.527307878202	0.699371677139	0.500241662639	0.480425326245	0.597873368777	0.537941034316	0.616239729338	0.59255679072	0.829869502175	0.625906234896	0.560657322378	0.51619139681	0.497341710971	0.836636056066	0.660222329628	0.362493958434	0.0	0.487675205413	0.491541807637	0.838086031899	0.56259062349	0.409376510391	0.367810536491	0.433542774287	0.470275495408	0.526341227646	0.466892218463	0.483325277912	0.511358144031	0.72692121798	0.674238762687	0.548090865152	0.572740454326	0.532624456259	0.642822619623	0.597390043499	0.672788786854	0.64572257129	0.58095698405	0.565973900435	0.549540840986	0.736587723538	0.670855485742	0.73610439826	0.718221362977	0.664088931851	0.703238279362	0.602223296278	0.590623489609	0.612373127115	0.610439826003	0.578540357661	0.690188496858	0.591590140164	0.689221846303	0.55099081682	0.670372160464
AD7	0.592073465442	0.585790236829	0.958917351377	0.651039149348	0.73368777187	0.532624456259	0.702754954084	0.506524891252	0.467858869019	0.600773320445	0.443209279845	0.658772353794	0.593523441276	0.878202029966	0.627839536008	0.575157080715	0.480425326245	0.492508458192	0.937167713871	0.748670855486	0.573707104882	0.487675205413	0.0	0.280811986467	0.90043499275	0.540840985984	0.421942967617	0.443692605123	0.502658289029	0.556790720155	0.506524891252	0.481875302078	0.468825519575	0.529241179314	0.746254229096	0.693571773804	0.502658289029	0.589173513775	0.527307878202	0.655872402127	0.616239729338	0.721604639923	0.686321894635	0.602706621556	0.571290478492	0.554857419043	0.754954084099	0.681005316578	0.753987433543	0.729337844369	0.679072015466	0.713871435476	0.618656355727	0.60657322378	0.620106331561	0.629289511841	0.58337361044	0.703238279362	0.602706621556	0.705654905752	0.575640405993	0.678105364911
AD8	0.595940067666	0.582890285162	0.948767520541	0.629289511841	0.720637989367	0.522474625423	0.681971967134	0.498791686805	0.476558724021	0.579507008217	0.434509424843	0.640405993233	0.594490091832	0.866602223296	0.633156114065	0.574673755437	0.479458675689	0.488641855969	0.924601256646	0.73852102465	0.559690671822	0.491541807637	0.280811986467	0.0	0.87046882552	0.510874818753	0.429192846786	0.452392460126	0.4813919768	0.543257612373	0.503141614306	0.486708554857	0.467375543741	0.530691155147	0.737554374094	0.687288545191	0.487191880135	0.574190430159	0.515224746254	0.643789270179	0.599323344611	0.709038182697	0.6805219913	0.579990333494	0.563073948768	0.550507491542	0.732721121315	0.665055582407	0.73610439826	0.710488158531	0.659255679072	0.695505074915	0.600289995167	0.592073465442	0.610439826003	0.609473175447	0.580473658772	0.686321894635	0.589173513775	0.689221846303	0.562107298212	0.661188980184
AE7	0.830836152731	0.87046882552	0.852102464959	0.786853552441	0.836636056066	0.889318511358	0.916868052199	0.907201546641	0.89125181247	0.906234896085	0.923151280812	0.840019333011	0.890285161914	0.824552924118	0.897535041083	0.848719188014	0.874818753021	0.868535524408	0.744320927985	0.725471242146	0.823102948284	0.838086031899	0.90043499275	0.87046882552	0.0	0.517641372644	0.881101981634	0.857902368294	0.776220396327	0.767037216046	0.839536007733	0.838569357177	0.90285161914	0.90961817303	0.929917834703	0.916384726921	0.917834702755	0.896085065249	0.921701304978	0.882551957467	0.899951667472	0.877718704688	0.885935234413	0.881585306912	0.932334461092	0.928951184147	0.894151764137	0.90285161914	0.911551474142	0.901401643306	0.906718221363	0.898018366361	0.895118414693	0.895601739971	0.901884968584	0.89125181247	0.901401643306	0.892701788304	0.904784920251	0.903818269696	0.909134847753	0.914934751087
AE8	0.602223296278	0.630256162397	0.886418559691	0.62493958434	0.696471725471	0.599323344611	0.693088448526	0.616723054616	0.603189946834	0.631706138231	0.630739487675	0.633639439343	0.646205896568	0.804736587724	0.688738521025	0.599806669889	0.605123247946	0.595456742388	0.809569840503	0.634606089899	0.585790236829	0.56259062349	0.540840985984	0.510874818753	0.517641372644	0.0	0.594490091832	0.575157080715	0.536491058482	0.521024649589	0.581440309328	0.565007249879	0.61575640406	0.626389560174	0.762203963267	0.710004833253	0.635572740454	0.608506524891	0.626872885452	0.662155630739	0.65055582407	0.697921701305	0.683905268246	0.616723054616	0.640405993233	0.642339294345	0.749637506042	0.695505074915	0.765103914935	0.72692121798	0.70372160464	0.734171097148	0.652489125181	0.6389560174	0.658289028516	0.640889318511	0.640889318511	0.723054615756	0.64572257129	0.713388110198	0.626389560174	0.709521507975
AF7	0.573707104882	0.55775737071	0.943934267762	0.645239246013	0.680038666022	0.502174963751	0.698888351861	0.454325761237	0.434992750121	0.595456742388	0.436926051232	0.604639922668	0.552440792653	0.867568873852	0.624456259062	0.55775737071	0.448042532624	0.449975833736	0.896568390527	0.71532141131	0.55099081682	0.409376510391	0.421942967617	0.429192846786	0.881101981634	0.594490091832	0.0	0.329144514258	0.475108748188	0.529724504592	0.491058482359	0.478975350411	0.425326244563	0.480908651522	0.689221846303	0.641855969067	0.452875785404	0.545674238763	0.487191880135	0.620106331561	0.557274045433	0.699855002417	0.66892218463	0.554857419043	0.533591106815	0.514741420976	0.680038666022	0.624456259062	0.699371677139	0.678588690188	0.614789753504	0.651522474625	0.562107298212	0.543740937651	0.56935717738	0.568390526825	0.551957467376	0.638472692122	0.568873852102	0.654422426293	0.514741420976	0.617689705172
AF8	0.55775737071	0.571290478492	0.933784436926	0.62735621073	0.704688255196	0.53020782987	0.696471725471	0.489125181247	0.462058965684	0.59255679072	0.511841469309	0.631706138231	0.577090381827	0.855485741904	0.622522957951	0.546640889319	0.478008699855	0.471725471242	0.875302078299	0.682455292412	0.509908168197	0.367810536491	0.443692605123	0.452392460126	0.857902368294	0.575157080715	0.329144514258	0.0	0.456259062349	0.49299178347	0.506041565974	0.462542290962	0.450459159014	0.502658289029	0.724021266312	0.675205413243	0.504108264862	0.564040599323	0.51619139681	0.628322861286	0.590140164331	0.682455292412	0.654422426293	0.574190430159	0.567907201547	0.55099081682	0.710488158531	0.656839052682	0.727887868536	0.711454809087	0.648622522958	0.681005316578	0.588206863219	0.574673755437	0.602223296278	0.601256645723	0.56259062349	0.668438859352	0.574673755437	0.685838569357	0.543740937651	0.643789270179
AG7	0.587240212663	0.585306911551	0.839536007733	0.535041082649	0.6805219913	0.529724504592	0.690671822136	0.502174963751	0.477525374577	0.579507008217	0.522957950701	0.611889801837	0.601739971	0.762687288545	0.651522474625	0.582890285162	0.524407926535	0.509908168197	0.737071048816	0.523924601257	0.466408893185	0.433542774287	0.502658289029	0.4813919768	0.776220396327	0.536491058482	0.475108748188	0.456259062349	0.0	0.3194780087	0.548090865152	0.509424842919	0.503141614306	0.541807636539	0.734171097148	0.675688738521	0.527307878202	0.56259062349	0.521991300145	0.634606089899	0.602706621556	0.659255679072	0.641855969067	0.561140647656	0.582890285162	0.575640405993	0.73610439826	0.662155630739	0.728854519091	0.707588206863	0.657805703238	0.702754954084	0.599806669889	0.599806669889	0.619139681005	0.600773320445	0.597873368777	0.690671822136	0.610439826003	0.685355244079	0.582406959884	0.660705654906
AG8	0.594006766554	0.603189946834	0.837602706622	0.573223779604	0.695021749638	0.563073948768	0.68970517158	0.564040599323	0.549540840986	0.597390043499	0.594490091832	0.637022716288	0.626872885452	0.755920734654	0.663122281295	0.587240212663	0.58095698405	0.573223779604	0.687288545191	0.501208313195	0.500241662639	0.470275495408	0.556790720155	0.543257612373	0.767037216046	0.521024649589	0.529724504592	0.49299178347	0.3194780087	0.0	0.58095698405	0.549540840986	0.567423876269	0.579507008217	0.746737554374	0.686805219913	0.576123731271	0.572740454326	0.575157080715	0.650072498792	0.61575640406	0.659255679072	0.646689221846	0.589173513775	0.621072982117	0.602223296278	0.74770420493	0.67133881102	0.739487675205	0.722571290478	0.679555340744	0.717254712421	0.631222812953	0.623489608507	0.637506041566	0.62735621073	0.629289511841	0.705654905752	0.637506041566	0.693571773804	0.61333977767	0.672788786854
AH7	0.597873368777	0.633156114065	0.954567423876	0.68293861769	0.715804736588	0.58095698405	0.722571290478	0.565007249879	0.539874335428	0.644272595457	0.529724504592	0.641855969067	0.63653939101	0.880135331078	0.683905268246	0.595940067666	0.512808119865	0.489608506525	0.890285161914	0.724021266312	0.566457225713	0.526341227646	0.506524891252	0.503141614306	0.839536007733	0.581440309328	0.491058482359	0.506041565974	0.548090865152	0.58095698405	0.0	0.334461092315	0.554857419043	0.608989850169	0.776220396327	0.730304494925	0.545674238763	0.640405993233	0.590623489609	0.679072015466	0.649589173514	0.767520541324	0.741420976317	0.653939101015	0.642339294345	0.625906234896	0.760753987434	0.705654905752	0.776703721605	0.741420976317	0.699371677139	0.73368777187	0.62735621073	0.622522957951	0.637506041566	0.644272595457	0.619139681005	0.722087965201	0.626389560174	0.720154664089	0.618173030449	0.719188013533
AH8	0.555824069599	0.577573707105	0.949734171097	0.637022716288	0.664572257129	0.527307878202	0.695021749638	0.496375060416	0.490091831803	0.594490091832	0.522957950701	0.595456742388	0.560657322378	0.87046882552	0.620589656839	0.545674238763	0.425326244563	0.385210246496	0.899951667472	0.722087965201	0.54857419043	0.466892218463	0.481875302078	0.486708554857	0.838569357177	0.565007249879	0.478975350411	0.462542290962	0.509424842919	0.549540840986	0.334461092315	0.0	0.497341710971	0.533107781537	0.737071048816	0.686805219913	0.529724504592	0.584340260996	0.529241179314	0.628806186564	0.595940067666	0.718704688255	0.687288545191	0.602223296278	0.574673755437	0.556307394877	0.705171580474	0.648622522958	0.729337844369	0.690188496858	0.644272595457	0.675205413243	0.56935717738	0.571290478492	0.584823586274	0.589656839053	0.558240695988	0.661188980184	0.573223779604	0.667472208797	0.552440792653	0.660222329628
AA5	0.59497341711	0.51377477042	0.956500724988	0.623489608507	0.610923151281	0.455775737071	0.626389560174	0.39584340261	0.391976800387	0.524407926535	0.422426292895	0.531174480425	0.52779120348	0.875785403577	0.533107781537	0.545190913485	0.434992750121	0.423876268729	0.928467858869	0.753504108265	0.559207346544	0.483325277912	0.468825519575	0.467375543741	0.90285161914	0.61575640406	0.425326244563	0.450459159014	0.503141614306	0.567423876269	0.554857419043	0.497341710971	0.0	0.340744320928	0.675688738521	0.605123247946	0.459642339294	0.452392460126	0.445625906235	0.546157564041	0.471725471242	0.616239729338	0.590140164331	0.465442242629	0.51377477042	0.484291928468	0.693088448526	0.629289511841	0.674722087965	0.658772353794	0.63653939101	0.670855485742	0.529724504592	0.548090865152	0.578540357661	0.556790720155	0.526824552924	0.657805703238	0.556307394877	0.631222812953	0.508941517641	0.622522957951
AA6	0.610439826003	0.537457709038	0.961817303045	0.638472692122	0.643305944901	0.467858869019	0.658772353794	0.436442725955	0.442725954567	0.55775737071	0.488641855969	0.564040599323	0.538907684872	0.880135331078	0.581440309328	0.558724021266	0.490091831803	0.479942000967	0.936201063316	0.758337361044	0.591106814886	0.511358144031	0.529241179314	0.530691155147	0.90961817303	0.626389560174	0.480908651522	0.502658289029	0.541807636539	0.579507008217	0.608989850169	0.533107781537	0.340744320928	0.0	0.67133881102	0.596423392943	0.501208313195	0.485258579024	0.46979217013	0.584340260996	0.502174963751	0.658289028516	0.628806186564	0.510874818753	0.455775737071	0.424842919285	0.684871918801	0.624456259062	0.675205413243	0.656839052682	0.626389560174	0.662155630739	0.536007733204	0.545190913485	0.56259062349	0.549057515708	0.544707588207	0.650072498792	0.565007249879	0.632189463509	0.526824552924	0.623489608507
AB5	0.737554374094	0.663122281295	0.972450459159	0.717254712421	0.634606089899	0.641372643789	0.742870952151	0.641855969067	0.662155630739	0.686805219913	0.664088931851	0.600773320445	0.67133881102	0.897051715805	0.712421459642	0.70130497825	0.701788303528	0.697438376027	0.940067665539	0.798453359111	0.801353310778	0.72692121798	0.746254229096	0.737554374094	0.929917834703	0.762203963267	0.689221846303	0.724021266312	0.734171097148	0.746737554374	0.776220396327	0.737071048816	0.675688738521	0.67133881102	0.0	0.320444659256	0.619623006283	0.640889318511	0.617206379894	0.626389560174	0.60657322378	0.73368777187	0.728854519091	0.647172547124	0.619623006283	0.617689705172	0.617689705172	0.60657322378	0.618173030449	0.599806669889	0.616239729338	0.610439826003	0.595940067666	0.585790236829	0.614789753504	0.602223296278	0.657805703238	0.599806669889	0.660705654906	0.602223296278	0.665055582407	0.614789753504
AB6	0.686321894635	0.594006766554	0.967133881102	0.667955534074	0.602706621556	0.576123731271	0.681971967134	0.58095698405	0.606089898502	0.62493958434	0.620589656839	0.533107781537	0.630256162397	0.890285161914	0.646205896568	0.641372643789	0.655389076849	0.651039149348	0.930401159981	0.754470758821	0.753987433543	0.674238762687	0.693571773804	0.687288545191	0.916384726921	0.710004833253	0.641855969067	0.675205413243	0.675688738521	0.686805219913	0.730304494925	0.686805219913	0.605123247946	0.596423392943	0.320444659256	0.0	0.585790236829	0.578540357661	0.564523924601	0.569840502658	0.540357660706	0.673755437409	0.653939101015	0.562107298212	0.546640889319	0.55775737071	0.587240212663	0.535041082649	0.573707104882	0.559207346544	0.546640889319	0.576123731271	0.534074432093	0.552924117931	0.577090381827	0.5601739971	0.602223296278	0.559207346544	0.607056549058	0.54857419043	0.622522957951	0.542774287095
AC5	0.622522957951	0.570323827936	0.972450459159	0.638472692122	0.632672788787	0.469308844853	0.679072015466	0.45142580957	0.441275978734	0.576607056549	0.414209763171	0.556307394877	0.557274045433	0.888351860802	0.621556307395	0.588206863219	0.473175447076	0.470275495408	0.943934267762	0.760753987434	0.620106331561	0.548090865152	0.502658289029	0.487191880135	0.917834702755	0.635572740454	0.452875785404	0.504108264862	0.527307878202	0.576123731271	0.545674238763	0.529724504592	0.459642339294	0.501208313195	0.619623006283	0.585790236829	0.0	0.425809569841	0.426776220396	0.585790236829	0.538424359594	0.706621556307	0.663122281295	0.537941034316	0.497825036249	0.474142097632	0.61575640406	0.563557274045	0.632672788787	0.591590140164	0.565007249879	0.596423392943	0.511841469309	0.491058482359	0.519574673755	0.502174963751	0.563073948768	0.587723537941	0.574673755437	0.56259062349	0.52779120348	0.558240695988
AC6	0.622522957951	0.518124697922	0.95601739971	0.623489608507	0.584340260996	0.495891735138	0.565490575157	0.463992266796	0.508458192363	0.471725471242	0.529241179314	0.528274528758	0.552440792653	0.864668922185	0.534557757371	0.564523924601	0.56259062349	0.553407443209	0.915901401643	0.727887868536	0.644755920735	0.572740454326	0.589173513775	0.574190430159	0.896085065249	0.608506524891	0.545674238763	0.564040599323	0.56259062349	0.572740454326	0.640405993233	0.584340260996	0.452392460126	0.485258579024	0.640889318511	0.578540357661	0.425809569841	0.0	0.499758337361	0.517158047366	0.485258579024	0.509424842919	0.46060898985	0.416143064282	0.545674238763	0.53020782987	0.662638956017	0.601256645723	0.649589173514	0.622039632673	0.621556307395	0.649589173514	0.553407443209	0.54857419043	0.574673755437	0.553407443209	0.543740937651	0.637989366844	0.553407443209	0.597390043499	0.55099081682	0.614306428226
AD6	0.613823102948	0.540357660706	0.971967133881	0.627839536008	0.593523441276	0.426292895118	0.637506041566	0.410826486225	0.433059449009	0.522474625423	0.429192846786	0.502174963751	0.549057515708	0.883518608023	0.600289995167	0.565973900435	0.484775253746	0.473658772354	0.954567423876	0.768970517158	0.602223296278	0.532624456259	0.527307878202	0.515224746254	0.921701304978	0.626872885452	0.487191880135	0.51619139681	0.521991300145	0.575157080715	0.590623489609	0.529241179314	0.445625906235	0.46979217013	0.617206379894	0.564523924601	0.426776220396	0.499758337361	0.0	0.548090865152	0.435476075399	0.686321894635	0.656839052682	0.51619139681	0.468825519575	0.457225712905	0.612373127115	0.547124214596	0.60415659739	0.573223779604	0.549540840986	0.582406959884	0.471242145964	0.46979217013	0.493475108748	0.482358627356	0.535041082649	0.573707104882	0.549540840986	0.549057515708	0.495891735138	0.542774287095
AE5	0.637989366844	0.533107781537	0.970517158047	0.632672788787	0.567423876269	0.560657322378	0.579990333494	0.550507491542	0.606089898502	0.524407926535	0.617206379894	0.51619139681	0.580473658772	0.884485258579	0.559207346544	0.579507008217	0.61333977767	0.617206379894	0.928951184147	0.744320927985	0.723537941034	0.642822619623	0.655872402127	0.643789270179	0.882551957467	0.662155630739	0.620106331561	0.628322861286	0.634606089899	0.650072498792	0.679072015466	0.628806186564	0.546157564041	0.584340260996	0.626389560174	0.569840502658	0.585790236829	0.517158047366	0.548090865152	0.0	0.35427742871	0.595456742388	0.57177380377	0.522474625423	0.623489608507	0.626872885452	0.653455775737	0.603189946834	0.649105848236	0.625422909618	0.619623006283	0.643789270179	0.553407443209	0.568873852102	0.602223296278	0.563557274045	0.552924117931	0.632672788787	0.559690671822	0.601739971	0.574673755437	0.604639922668
AE6	0.609956500725	0.494925084582	0.971000483325	0.61333977767	0.575640405993	0.488641855969	0.576607056549	0.470275495408	0.533107781537	0.503624939584	0.545190913485	0.49299178347	0.522957950701	0.881101981634	0.539874335428	0.549540840986	0.555824069599	0.54857419043	0.93523441276	0.74528757854	0.675205413243	0.597390043499	0.616239729338	0.599323344611	0.899951667472	0.65055582407	0.557274045433	0.590140164331	0.602706621556	0.61575640406	0.649589173514	0.595940067666	0.471725471242	0.502174963751	0.60657322378	0.540357660706	0.538424359594	0.485258579024	0.435476075399	0.35427742871	0.0	0.62735621073	0.599806669889	0.48380860319	0.543257612373	0.54857419043	0.6389560174	0.578540357661	0.621072982117	0.597873368777	0.586756887385	0.614789753504	0.492508458192	0.500241662639	0.521991300145	0.512324794587	0.506041565974	0.602223296278	0.515708071532	0.576607056549	0.515708071532	0.579023682939
AF5	0.708554857419	0.623972933784	0.928951184147	0.647172547124	0.645239246013	0.67133881102	0.555340744321	0.6389560174	0.6805219913	0.579023682939	0.709038182697	0.626872885452	0.670855485742	0.846302561624	0.591106814886	0.666505558241	0.714838086032	0.724021266312	0.868535524408	0.706621556307	0.711938134364	0.672788786854	0.721604639923	0.709038182697	0.877718704688	0.697921701305	0.699855002417	0.682455292412	0.659255679072	0.659255679072	0.767520541324	0.718704688255	0.616239729338	0.658289028516	0.73368777187	0.673755437409	0.706621556307	0.509424842919	0.686321894635	0.595456742388	0.62735621073	0.0	0.281778637023	0.531174480425	0.71532141131	0.711454809087	0.751087481875	0.708554857419	0.733204446593	0.709521507975	0.724021266312	0.743354277429	0.691638472692	0.706138231029	0.722087965201	0.704688255196	0.665055582407	0.732237796037	0.665055582407	0.69212179797	0.705654905752	0.71290478492
AF6	0.686321894635	0.595940067666	0.939584340261	0.649105848236	0.637022716288	0.64813919768	0.53939101015	0.605606573224	0.653939101015	0.556307394877	0.684871918801	0.608989850169	0.649589173514	0.855002416626	0.572257129048	0.648622522958	0.690671822136	0.696955050749	0.89125181247	0.718221362977	0.700338327695	0.64572257129	0.686321894635	0.6805219913	0.885935234413	0.683905268246	0.66892218463	0.654422426293	0.641855969067	0.646689221846	0.741420976317	0.687288545191	0.590140164331	0.628806186564	0.728854519091	0.653939101015	0.663122281295	0.46060898985	0.656839052682	0.57177380377	0.599806669889	0.281778637023	0.0	0.502658289029	0.687771870469	0.681005316578	0.740454325761	0.684871918801	0.723537941034	0.707104881585	0.698405026583	0.728854519091	0.664572257129	0.679555340744	0.68970517158	0.674238762687	0.633156114065	0.722087965201	0.632189463509	0.686805219913	0.675688738521	0.695988400193
