	AA3	AA4	AB3	AB4	AC3	AC4	AD3	AD4	AE3	AE4	AF3	AF4	AG3	AG4	AH3	AH4	AA7	AA8	AB7	AB8	AC7	AC8	AD7	AD8	AE7	AE8	AF7	AF8	AG7	AG8	AH7	AH8	AA5	AA6	AB5	AB6	AC5	AC6	AD6	AE5	AE6	AF5	AF6	AG5	AH5	AH6	AA1	AA2	AB1	AB2	AC1	AC2	AD1	AD2	AE1	AE2	AF1	AF2	AG1	AG2	AH1	AH2
AA3	0.0	0.488641855969	0.939101014983	0.640889318511	0.658772353794	0.582406959884	0.663122281295	0.589656839053	0.570323827936	0.633639439343	0.61575640406	0.616723054616	0.58337361044	0.839052682455	0.638472692122	0.335427742871	0.582890285162	0.580473658772	0.863218946351	0.705654905752	0.614789753504	0.567423876269	0.597390043499	0.590623489609	0.831802803287	0.589173513775	0.577090381827	0.564040599323	0.591590140164	0.594490091832	0.588206863219	0.563073948768	0.593040115998	0.597873368777	0.746737554374	0.698405026583	0.606089898502	0.626389560174	0.605606573224	0.629289511841	0.595940067666	0.704204929918	0.705171580474	0.626872885452	0.617206379894	0.609956500725	0.68970517158	0.630739487675	0.699855002417	0.672788786854	0.649105848236	0.662638956017	0.599806669889	0.571290478492	0.561623972934	0.579023682939	0.577090381827	0.663605606573	0.585306911551	0.660705654906	0.577090381827	0.652972450459
AA4	0.488641855969	0.0	0.951667472209	0.589656839053	0.588690188497	0.51377477042	0.597390043499	0.515708071532	0.514741420976	0.532624456259	0.579023682939	0.521991300145	0.493958434026	0.848235862736	0.360560657322	0.366843885935	0.553890768487	0.550024166264	0.891735137748	0.721121314645	0.658772353794	0.566940550991	0.592073465442	0.608023199613	0.878685355244	0.626872885452	0.559207346544	0.564040599323	0.595456742388	0.610923151281	0.637506041566	0.583856935718	0.531657805703	0.541807636539	0.673755437409	0.620106331561	0.584823586274	0.542774287095	0.562107298212	0.541324311261	0.499275012083	0.631706138231	0.610923151281	0.555824069599	0.598356694055	0.582890285162	0.654422426293	0.583856935718	0.636056065732	0.612373127115	0.612856452392	0.634122764621	0.562107298212	0.540840985984	0.533107781537	0.541324311261	0.501691638473	0.62735621073	0.517641372644	0.602223296278	0.544224262929	0.589656839053
AB3	0.939101014983	0.951667472209	0.0	0.668438859352	0.925084581924	0.967133881102	0.963750604157	0.953117448043	0.938617689705	0.960367327211	0.977767037216	0.941034316095	0.974867085549	0.355244079265	0.969067182214	0.95360077332	0.980183663606	0.976317061382	0.735137747704	0.774770420493	0.898501691638	0.924117931368	0.963750604157	0.961817303045	0.855485741904	0.904784920251	0.94683421943	0.935717738038	0.845819236346	0.848719188014	0.95601739971	0.957950700822	0.96761720638	0.971967133881	0.982116964717	0.972933784437	0.982116964717	0.958917351377	0.981633639439	0.981633639439	0.981150314161	0.94441759304	0.936201063316	0.95360077332	0.983566940551	0.978733687772	0.980666988884	0.978250362494	0.978250362494	0.980666988884	0.97680038666	0.977283711938	0.982116964717	0.982116964717	0.983083615273	0.981150314161	0.980183663606	0.977767037216	0.980183663606	0.981633639439	0.982116964717	0.979700338328
AB4	0.640889318511	0.589656839053	0.668438859352	0.0	0.637989366844	0.626389560174	0.687288545191	0.641855969067	0.617689705172	0.647172547124	0.659255679072	0.618656355727	0.502174963751	0.543740937651	0.62493958434	0.606089898502	0.656355727405	0.651039149348	0.723054615756	0.577090381827	0.663122281295	0.64572257129	0.681488641856	0.669405509908	0.801353310778	0.650072498792	0.660705654906	0.649589173514	0.551474142098	0.590623489609	0.703238279362	0.661188980184	0.659255679072	0.67133881102	0.738037699372	0.689221846303	0.664088931851	0.652005799903	0.64572257129	0.646205896568	0.632672788787	0.664088931851	0.655389076849	0.644755920735	0.699371677139	0.681488641856	0.707588206863	0.661188980184	0.696955050749	0.686805219913	0.683421942968	0.676655389077	0.653939101015	0.662155630739	0.667472208797	0.655389076849	0.65732237796	0.682455292412	0.661672305462	0.665538907685	0.667472208797	0.667472208797
AC3	0.658772353794	0.588690188497	0.925084581924	0.637989366844	0.0	0.482358627356	0.639922667956	0.54857419043	0.5601739971	0.586756887385	0.628322861286	0.328177863702	0.595940067666	0.824552924118	0.584340260996	0.598356694055	0.611406476559	0.620589656839	0.860802319961	0.732237796037	0.720637989367	0.667472208797	0.707104881585	0.713388110198	0.827936201063	0.686805219913	0.655872402127	0.672788786854	0.677622039633	0.674238762687	0.704204929918	0.660705654906	0.60415659739	0.632672788787	0.605606573224	0.564523924601	0.614306428226	0.587240212663	0.581923634606	0.540840985984	0.557274045433	0.652972450459	0.648622522958	0.579023682939	0.633639439343	0.616239729338	0.587723537941	0.567423876269	0.57177380377	0.563073948768	0.588206863219	0.578540357661	0.534557757371	0.55775737071	0.563557274045	0.556790720155	0.619139681005	0.568390526825	0.623006283229	0.56935717738	0.612373127115	0.573707104882
AC4	0.582406959884	0.51377477042	0.967133881102	0.626389560174	0.482358627356	0.0	0.617206379894	0.412759787337	0.404543257612	0.524891251812	0.357660705655	0.404059932334	0.494441759304	0.864668922185	0.556790720155	0.512808119865	0.467375543741	0.479458675689	0.928467858869	0.750604156597	0.597390043499	0.511841469309	0.515224746254	0.533591106815	0.898018366361	0.594006766554	0.500241662639	0.507974867086	0.54857419043	0.579507008217	0.579507008217	0.526824552924	0.447559207347	0.472692121798	0.637989366844	0.574190430159	0.471725471242	0.525857902368	0.424842919285	0.54857419043	0.469308844853	0.678588690188	0.657805703238	0.508941517641	0.492508458192	0.464958917351	0.62735621073	0.555340744321	0.586273562107	0.571290478492	0.574190430159	0.593523441276	0.49540840986	0.503141614306	0.489608506525	0.493958434026	0.544707588207	0.590623489609	0.555340744321	0.55775737071	0.468342194297	0.556307394877
AD3	0.663122281295	0.597390043499	0.963750604157	0.687288545191	0.639922667956	0.617206379894	0.0	0.524407926535	0.623489608507	0.350894151764	0.669888835186	0.590140164331	0.637022716288	0.867568873852	0.579023682939	0.62493958434	0.676172063799	0.667472208797	0.935717738038	0.761237312711	0.708071532141	0.677622039633	0.691638472692	0.686805219913	0.913484775254	0.673755437409	0.68293861769	0.673755437409	0.676655389077	0.672788786854	0.705654905752	0.6805219913	0.622522957951	0.640405993233	0.723054615756	0.669405509908	0.667472208797	0.52537457709	0.630256162397	0.577090381827	0.576607056549	0.538907684872	0.529241179314	0.538907684872	0.686321894635	0.666022232963	0.758337361044	0.698888351861	0.736587723538	0.713871435476	0.705171580474	0.735137747704	0.65973900435	0.653455775737	0.65973900435	0.658289028516	0.626389560174	0.726437892702	0.637989366844	0.702271628806	0.681488641856	0.698888351861
AD4	0.589656839053	0.515708071532	0.953117448043	0.641855969067	0.54857419043	0.412759787337	0.524407926535	0.0	0.330111164814	0.420009666506	0.448042532624	0.4813919768	0.527307878202	0.855485741904	0.553890768487	0.51377477042	0.470275495408	0.479458675689	0.937651039149	0.757854035766	0.578057032383	0.49540840986	0.501208313195	0.516674722088	0.911068148864	0.596906718221	0.459642339294	0.470275495408	0.511358144031	0.571290478492	0.558724021266	0.509424842919	0.406959884002	0.441275978734	0.641372643789	0.570323827936	0.437892701788	0.487191880135	0.417109714838	0.558240695988	0.478008699855	0.645239246013	0.622522957951	0.482841952634	0.491058482359	0.453842435959	0.652005799903	0.570323827936	0.617689705172	0.608506524891	0.597873368777	0.619623006283	0.517641372644	0.517641372644	0.503624939584	0.515224746254	0.542774287095	0.611889801837	0.557274045433	0.594006766554	0.504108264862	0.576607056549
AE3	0.570323827936	0.514741420976	0.938617689705	0.617689705172	0.5601739971	0.404543257612	0.623489608507	0.330111164814	0.0	0.510391493475	0.409859835669	0.49299178347	0.50700821653	0.840502658289	0.558724021266	0.512808119865	0.440792653456	0.449492508458	0.915901401643	0.739487675205	0.549057515708	0.467375543741	0.475108748188	0.49540840986	0.884001933301	0.579023682939	0.437892701788	0.44224262929	0.479942000967	0.55099081682	0.540840985984	0.488158530691	0.398743354277	0.450942484292	0.666505558241	0.603189946834	0.449975833736	0.521024649589	0.432092798453	0.591106814886	0.507974867086	0.67133881102	0.651522474625	0.503624939584	0.507974867086	0.470758820686	0.666505558241	0.588206863219	0.629772837119	0.620589656839	0.610923151281	0.636056065732	0.536491058482	0.546157564041	0.524407926535	0.536491058482	0.543740937651	0.632672788787	0.566457225713	0.610439826003	0.490091831803	0.598840019333
AE4	0.633639439343	0.532624456259	0.960367327211	0.647172547124	0.586756887385	0.524891251812	0.350894151764	0.420009666506	0.510391493475	0.0	0.575640405993	0.523441275979	0.578057032383	0.857419043016	0.538907684872	0.55099081682	0.598356694055	0.59255679072	0.937167713871	0.754954084099	0.661672305462	0.595456742388	0.605123247946	0.608989850169	0.909134847753	0.625906234896	0.597390043499	0.581440309328	0.607539874335	0.615273078782	0.652972450459	0.610439826003	0.545190913485	0.561623972934	0.68293861769	0.620589656839	0.580473658772	0.458192363461	0.544224262929	0.526341227646	0.515708071532	0.573223779604	0.547124214596	0.474142097632	0.605606573224	0.589173513775	0.708071532141	0.642339294345	0.678105364911	0.67133881102	0.660222329628	0.683421942968	0.60657322378	0.588206863219	0.587240212663	0.591590140164	0.575640405993	0.6805219913	0.586273562107	0.659255679072	0.592073465442	0.64572257129
AF3	0.61575640406	0.579023682939	0.977767037216	0.659255679072	0.628322861286	0.357660705655	0.669888835186	0.448042532624	0.409859835669	0.575640405993	0.0	0.535524407927	0.539874335428	0.880135331078	0.618656355727	0.568873852102	0.446592556791	0.449975833736	0.9584340261	0.785886901885	0.597873368777	0.521024649589	0.438376027066	0.450942484292	0.920734654422	0.620106331561	0.44900918318	0.490091831803	0.534074432093	0.597390043499	0.530691155147	0.527307878202	0.433059449009	0.499275012083	0.678588690188	0.636056065732	0.429192846786	0.55775737071	0.444175930401	0.618656355727	0.532141130981	0.714838086032	0.693088448526	0.543257612373	0.508458192363	0.478975350411	0.670855485742	0.598840019333	0.656355727405	0.628322861286	0.616239729338	0.640405993233	0.565490575157	0.550507491542	0.531174480425	0.544707588207	0.588690188497	0.642339294345	0.59255679072	0.609956500725	0.508941517641	0.595456742388
AF4	0.616723054616	0.521991300145	0.941034316095	0.618656355727	0.328177863702	0.404059932334	0.590140164331	0.4813919768	0.49299178347	0.523441275979	0.535524407927	0.0	0.551474142098	0.841469308845	0.539874335428	0.545674238763	0.558724021266	0.565973900435	0.883035282745	0.712421459642	0.684388593523	0.614306428226	0.644272595457	0.651039149348	0.853069115515	0.634122764621	0.598356694055	0.619623006283	0.631706138231	0.633639439343	0.658289028516	0.615273078782	0.548090865152	0.576607056549	0.603673272112	0.533591106815	0.547607539874	0.542774287095	0.520057999033	0.500241662639	0.505558240696	0.617689705172	0.604639922668	0.521991300145	0.558240695988	0.545674238763	0.59255679072	0.521991300145	0.556307394877	0.539874335428	0.541324311261	0.554374093765	0.48380860319	0.49540840986	0.501208313195	0.508458192363	0.574190430159	0.551957467376	0.572740454326	0.52779120348	0.547607539874	0.515708071532
AG3	0.58337361044	0.493958434026	0.974867085549	0.502174963751	0.595940067666	0.494441759304	0.637022716288	0.527307878202	0.50700821653	0.578057032383	0.539874335428	0.551474142098	0.0	0.842435959401	0.522474625423	0.510391493475	0.508941517641	0.515708071532	0.930884485259	0.755920734654	0.667472208797	0.590623489609	0.594490091832	0.614306428226	0.890768487192	0.644755920735	0.542290961817	0.572257129048	0.609473175447	0.621072982117	0.637506041566	0.566940550991	0.531174480425	0.535524407927	0.655389076849	0.615273078782	0.540840985984	0.559690671822	0.522474625423	0.565973900435	0.496858385694	0.668438859352	0.652489125181	0.551957467376	0.569840502658	0.552440792653	0.623489608507	0.565490575157	0.598840019333	0.607056549058	0.593040115998	0.590140164331	0.536491058482	0.535524407927	0.527307878202	0.532624456259	0.540840985984	0.603673272112	0.561140647656	0.592073465442	0.508458192363	0.566457225713
AG4	0.839052682455	0.848235862736	0.355244079265	0.543740937651	0.824552924118	0.864668922185	0.867568873852	0.855485741904	0.840502658289	0.857419043016	0.880135331078	0.841469308845	0.842435959401	0.0	0.869502174964	0.850652489125	0.886418559691	0.882551957467	0.697921701305	0.687771870469	0.811019816336	0.834702754954	0.878202029966	0.872885451909	0.824552924118	0.81246979217	0.855969067182	0.844369260512	0.7593040116	0.751087481875	0.878685355244	0.867568873852	0.871435476075	0.873852102465	0.898018366361	0.878685355244	0.885935234413	0.858385693572	0.883035282745	0.877718704688	0.87723537941	0.842435959401	0.841952634123	0.859835669406	0.891735137748	0.882551957467	0.883518608023	0.883518608023	0.881101981634	0.8796520058	0.890768487192	0.885935234413	0.888351860802	0.884001933301	0.890768487192	0.884968583857	0.883035282745	0.883518608023	0.885935234413	0.882068632189	0.891735137748	0.886901884969
AH3	0.638472692122	0.360560657322	0.969067182214	0.62493958434	0.584340260996	0.556790720155	0.579023682939	0.553890768487	0.558724021266	0.538907684872	0.618656355727	0.539874335428	0.522474625423	0.869502174964	0.0	0.510391493475	0.592073465442	0.586756887385	0.922667955534	0.758337361044	0.698888351861	0.630739487675	0.634122764621	0.657805703238	0.894635089415	0.683421942968	0.621556307395	0.625422909618	0.654422426293	0.666988883519	0.682455292412	0.62735621073	0.552924117931	0.581923634606	0.695505074915	0.648622522958	0.623489608507	0.544224262929	0.596906718221	0.544224262929	0.54857419043	0.601739971	0.572740454326	0.565973900435	0.646205896568	0.627839536008	0.697438376027	0.608989850169	0.644272595457	0.640405993233	0.647655872402	0.656839052682	0.600289995167	0.599323344611	0.587723537941	0.594490091832	0.559207346544	0.659255679072	0.565490575157	0.62735621073	0.585306911551	0.608023199613
AH4	0.335427742871	0.366843885935	0.95360077332	0.606089898502	0.598356694055	0.512808119865	0.62493958434	0.51377477042	0.512808119865	0.55099081682	0.568873852102	0.545674238763	0.510391493475	0.850652489125	0.510391493475	0.0	0.522957950701	0.523441275979	0.881585306912	0.715804736588	0.622039632673	0.541324311261	0.565973900435	0.576123731271	0.861768970517	0.599323344611	0.543257612373	0.531657805703	0.568390526825	0.585790236829	0.595456742388	0.546157564041	0.527307878202	0.540840985984	0.684388593523	0.634122764621	0.568873852102	0.558724021266	0.539874335428	0.553890768487	0.507491541808	0.65973900435	0.644272595457	0.555340744321	0.58095698405	0.562107298212	0.652972450459	0.585306911551	0.642339294345	0.61575640406	0.608506524891	0.62493958434	0.546640889319	0.53020782987	0.5186080232	0.533107781537	0.500241662639	0.615273078782	0.515224746254	0.603673272112	0.521991300145	0.599806669889
AA7	0.582890285162	0.553890768487	0.980183663606	0.656355727405	0.611406476559	0.467375543741	0.676172063799	0.470275495408	0.440792653456	0.598356694055	0.446592556791	0.558724021266	0.508941517641	0.886418559691	0.592073465442	0.522957950701	0.0	0.29869502175	0.920251329145	0.757854035766	0.594006766554	0.502658289029	0.485741904302	0.509908168197	0.879168680522	0.595456742388	0.444659255679	0.472692121798	0.529241179314	0.595456742388	0.531657805703	0.442725954567	0.429192846786	0.478975350411	0.694055099082	0.651039149348	0.464475592073	0.565490575157	0.473658772354	0.601739971	0.534074432093	0.711938134364	0.695505074915	0.558724021266	0.535524407927	0.501691638473	0.65732237796	0.585790236829	0.650072498792	0.633156114065	0.591590140164	0.618173030449	0.53697438376	0.528757854036	0.51377477042	0.522474625423	0.536491058482	0.616723054616	0.550507491542	0.614306428226	0.487191880135	0.593040115998
AA8	0.580473658772	0.550024166264	0.976317061382	0.651039149348	0.620589656839	0.479458675689	0.667472208797	0.479458675689	0.449492508458	0.59255679072	0.449975833736	0.565973900435	0.515708071532	0.882551957467	0.586756887385	0.523441275979	0.29869502175	0.0	0.918318028033	0.755920734654	0.585790236829	0.497341710971	0.47220879652	0.495891735138	0.863702271629	0.583856935718	0.441275978734	0.467858869019	0.51619139681	0.587240212663	0.470275495408	0.381343644273	0.440309328178	0.496375060416	0.710004833253	0.669405509908	0.475108748188	0.578540357661	0.4813919768	0.595940067666	0.546157564041	0.714354760754	0.69453842436	0.575640405993	0.554374093765	0.516674722088	0.652972450459	0.600773320445	0.666022232963	0.646689221846	0.598840019333	0.62735621073	0.53697438376	0.527307878202	0.52779120348	0.537941034316	0.536491058482	0.629289511841	0.549540840986	0.633639439343	0.506041565974	0.610923151281
AB7	0.863218946351	0.891735137748	0.735137747704	0.723054615756	0.860802319961	0.928467858869	0.935717738038	0.937651039149	0.915901401643	0.937167713871	0.9584340261	0.883035282745	0.930884485259	0.697921701305	0.922667955534	0.881585306912	0.920251329145	0.918318028033	0.0	0.417109714838	0.818269695505	0.848719188014	0.932334461092	0.927017883035	0.735621072982	0.815369743838	0.897051715805	0.878685355244	0.747220879652	0.705654905752	0.8796520058	0.895118414693	0.926051232479	0.941034316095	0.942967617206	0.934751087482	0.948767520541	0.914934751087	0.950217496375	0.921701304978	0.929917834703	0.87046882552	0.873852102465	0.914934751087	0.955534074432	0.954084098598	0.923151280812	0.920251329145	0.931367810536	0.936201063316	0.928467858869	0.919768003867	0.917351377477	0.91445142581	0.915418076365	0.911551474142	0.918801353311	0.911551474142	0.918801353311	0.935717738038	0.951184146931	0.933301111648
AB8	0.705654905752	0.721121314645	0.774770420493	0.577090381827	0.732237796037	0.750604156597	0.761237312711	0.757854035766	0.739487675205	0.754954084099	0.785886901885	0.712421459642	0.755920734654	0.687771870469	0.758337361044	0.715804736588	0.757854035766	0.755920734654	0.417109714838	0.0	0.649589173514	0.672305461576	0.746254229096	0.740454325761	0.729821169647	0.647172547124	0.716288061866	0.697921701305	0.54857419043	0.532141130981	0.724021266312	0.729821169647	0.755437409377	0.764137264379	0.80328661189	0.764620589657	0.768970517158	0.737071048816	0.765587240213	0.745770903818	0.748670855486	0.713871435476	0.710488158531	0.737071048816	0.780570323828	0.778637022716	0.807153214113	0.758820686322	0.785403576607	0.773803769937	0.763170613823	0.771870468826	0.757854035766	0.753987433543	0.755920734654	0.751570807153	0.74770420493	0.771387143548	0.748670855486	0.761237312711	0.773320444659	0.757370710488
AC7	0.614789753504	0.658772353794	0.898501691638	0.663122281295	0.720637989367	0.597390043499	0.708071532141	0.578057032383	0.549057515708	0.661672305462	0.597873368777	0.684388593523	0.667472208797	0.811019816336	0.698888351861	0.622039632673	0.594006766554	0.585790236829	0.818269695505	0.649589173514	0.0	0.3610439826	0.573223779604	0.578540357661	0.826969550507	0.58337361044	0.540357660706	0.501208313195	0.476558724021	0.510391493475	0.567907201547	0.55099081682	0.5601739971	0.589656839053	0.801353310778	0.751570807153	0.620589656839	0.643305944901	0.607539874335	0.722571290478	0.665055582407	0.705171580474	0.709038182697	0.629289511841	0.628322861286	0.595940067666	0.815853069116	0.739487675205	0.786853552441	0.784436926051	0.753504108265	0.769937167714	0.695505074915	0.680038666022	0.67133881102	0.690188496858	0.669888835186	0.776220396327	0.672305461576	0.760270662156	0.622039632673	0.746737554374
AC8	0.567423876269	0.566940550991	0.924117931368	0.64572257129	0.667472208797	0.511841469309	0.677622039633	0.49540840986	0.467375543741	0.595456742388	0.521024649589	0.614306428226	0.590623489609	0.834702754954	0.630739487675	0.541324311261	0.502658289029	0.497341710971	0.848719188014	0.672305461576	0.3610439826	0.0	0.470275495408	0.494925084582	0.842435959401	0.548090865152	0.392460125665	0.356210729821	0.440792653456	0.501691638473	0.518124697922	0.468825519575	0.470758820686	0.512808119865	0.71532141131	0.666505558241	0.529241179314	0.56935717738	0.519091348478	0.634122764621	0.577573707105	0.664088931851	0.648622522958	0.565973900435	0.546157564041	0.517641372644	0.730304494925	0.647655872402	0.710971483809	0.704688255196	0.661188980184	0.677622039633	0.605606573224	0.595940067666	0.584340260996	0.597390043499	0.579507008217	0.686321894635	0.589656839053	0.679072015466	0.528274528758	0.654905751571
AD7	0.597390043499	0.592073465442	0.963750604157	0.681488641856	0.707104881585	0.515224746254	0.691638472692	0.501208313195	0.475108748188	0.605123247946	0.438376027066	0.644272595457	0.594490091832	0.878202029966	0.634122764621	0.565973900435	0.485741904302	0.47220879652	0.932334461092	0.746254229096	0.573223779604	0.470275495408	0.0	0.295311744804	0.897535041083	0.521991300145	0.429676172064	0.440309328178	0.501208313195	0.570807153214	0.502658289029	0.489125181247	0.467375543741	0.526824552924	0.737554374094	0.685355244079	0.49540840986	0.592073465442	0.528274528758	0.652972450459	0.599323344611	0.717254712421	0.696471725471	0.591590140164	0.552440792653	0.536491058482	0.739971000483	0.662155630739	0.724987916868	0.714838086032	0.672788786854	0.69212179797	0.625906234896	0.617689705172	0.589173513775	0.619623006283	0.585306911551	0.704204929918	0.597390043499	0.692605123248	0.554857419043	0.666988883519
AD8	0.590623489609	0.608023199613	0.961817303045	0.669405509908	0.713388110198	0.533591106815	0.686805219913	0.516674722088	0.49540840986	0.608989850169	0.450942484292	0.651039149348	0.614306428226	0.872885451909	0.657805703238	0.576123731271	0.509908168197	0.495891735138	0.927017883035	0.740454325761	0.578540357661	0.494925084582	0.295311744804	0.0	0.862735621073	0.48622522958	0.443209279845	0.462058965684	0.479942000967	0.549057515708	0.506524891252	0.497341710971	0.508458192363	0.551474142098	0.745770903818	0.688255195747	0.504108264862	0.591590140164	0.531657805703	0.647655872402	0.602223296278	0.71290478492	0.701788303528	0.591590140164	0.57177380377	0.564040599323	0.741904301595	0.663605606573	0.722571290478	0.719188013533	0.672788786854	0.698405026583	0.628806186564	0.616239729338	0.600773320445	0.61575640406	0.609473175447	0.699371677139	0.622039632673	0.697438376027	0.579023682939	0.665055582407
AE7	0.831802803287	0.878685355244	0.855485741904	0.801353310778	0.827936201063	0.898018366361	0.913484775254	0.911068148864	0.884001933301	0.909134847753	0.920734654422	0.853069115515	0.890768487192	0.824552924118	0.894635089415	0.861768970517	0.879168680522	0.863702271629	0.735621072982	0.729821169647	0.826969550507	0.842435959401	0.897535041083	0.862735621073	0.0	0.538907684872	0.871435476075	0.860318994683	0.768970517158	0.763653939101	0.839536007733	0.840985983567	0.90285161914	0.91203479942	0.929434509425	0.918801353311	0.911551474142	0.898985016916	0.920251329145	0.871918801353	0.901401643306	0.880618656356	0.871918801353	0.882551957467	0.930401159981	0.925567907202	0.887868535524	0.902368293862	0.91445142581	0.903818269696	0.903334944418	0.899951667472	0.894151764137	0.892218463026	0.898501691638	0.889801836636	0.90285161914	0.888351860802	0.902368293862	0.910584823586	0.913001449976	0.905268245529
AE8	0.589173513775	0.626872885452	0.904784920251	0.650072498792	0.686805219913	0.594006766554	0.673755437409	0.596906718221	0.579023682939	0.625906234896	0.620106331561	0.634122764621	0.644755920735	0.81246979217	0.683421942968	0.599323344611	0.595456742388	0.583856935718	0.815369743838	0.647172547124	0.58337361044	0.548090865152	0.521991300145	0.48622522958	0.538907684872	0.0	0.565490575157	0.550024166264	0.511841469309	0.504108264862	0.571290478492	0.564523924601	0.597873368777	0.610923151281	0.763170613823	0.711938134364	0.611889801837	0.601739971	0.617689705172	0.659255679072	0.627839536008	0.687288545191	0.673755437409	0.596906718221	0.633639439343	0.626389560174	0.746254229096	0.690671822136	0.750120831319	0.724987916868	0.695505074915	0.724021266312	0.658772353794	0.642339294345	0.63653939101	0.647172547124	0.639922667956	0.720637989367	0.658289028516	0.712421459642	0.61575640406	0.688738521025
AF7	0.577090381827	0.559207346544	0.94683421943	0.660705654906	0.655872402127	0.500241662639	0.68293861769	0.459642339294	0.437892701788	0.597390043499	0.44900918318	0.598356694055	0.542290961817	0.855969067182	0.621556307395	0.543257612373	0.444659255679	0.441275978734	0.897051715805	0.716288061866	0.540357660706	0.392460125665	0.429676172064	0.443209279845	0.871435476075	0.565490575157	0.0	0.320927984534	0.471242145964	0.537457709038	0.4813919768	0.473175447076	0.417109714838	0.467375543741	0.687771870469	0.635572740454	0.447559207347	0.54857419043	0.471725471242	0.611406476559	0.53939101015	0.694055099082	0.674238762687	0.543740937651	0.520541324311	0.494441759304	0.67133881102	0.601739971	0.666022232963	0.664088931851	0.616239729338	0.625906234896	0.572740454326	0.557274045433	0.53939101015	0.556790720155	0.562107298212	0.638472692122	0.577090381827	0.644755920735	0.501208313195	0.610923151281
AF8	0.564040599323	0.564040599323	0.935717738038	0.649589173514	0.672788786854	0.507974867086	0.673755437409	0.470275495408	0.44224262929	0.581440309328	0.490091831803	0.619623006283	0.572257129048	0.844369260512	0.625422909618	0.531657805703	0.472692121798	0.467858869019	0.878685355244	0.697921701305	0.501208313195	0.356210729821	0.440309328178	0.462058965684	0.860318994683	0.550024166264	0.320927984534	0.0	0.452875785404	0.514741420976	0.513291445143	0.466408893185	0.428709521508	0.493958434026	0.712421459642	0.663122281295	0.491541807637	0.551474142098	0.494925084582	0.615273078782	0.563557274045	0.673272112131	0.653939101015	0.547607539874	0.545190913485	0.516674722088	0.704688255196	0.623972933784	0.692605123248	0.685355244079	0.642822619623	0.659255679072	0.590623489609	0.584340260996	0.5601739971	0.581440309328	0.561623972934	0.666022232963	0.572740454326	0.668438859352	0.51619139681	0.643305944901
AG7	0.591590140164	0.595456742388	0.845819236346	0.551474142098	0.677622039633	0.54857419043	0.676655389077	0.511358144031	0.479942000967	0.607539874335	0.534074432093	0.631706138231	0.609473175447	0.7593040116	0.654422426293	0.568390526825	0.529241179314	0.51619139681	0.747220879652	0.54857419043	0.476558724021	0.440792653456	0.501208313195	0.479942000967	0.768970517158	0.511841469309	0.471242145964	0.452875785404	0.0	0.335427742871	0.537457709038	0.509908168197	0.50459159014	0.555824069599	0.753987433543	0.70130497825	0.529241179314	0.58095698405	0.53020782987	0.650072498792	0.595940067666	0.651039149348	0.643789270179	0.565007249879	0.594006766554	0.574190430159	0.743837602707	0.663122281295	0.723537941034	0.717738037699	0.674722087965	0.699371677139	0.626872885452	0.614306428226	0.611406476559	0.615273078782	0.617689705172	0.70372160464	0.626389560174	0.695021749638	0.582890285162	0.672305461576
AG8	0.594490091832	0.610923151281	0.848719188014	0.590623489609	0.674238762687	0.579507008217	0.672788786854	0.571290478492	0.55099081682	0.615273078782	0.597390043499	0.633639439343	0.621072982117	0.751087481875	0.666988883519	0.585790236829	0.595456742388	0.587240212663	0.705654905752	0.532141130981	0.510391493475	0.501691638473	0.570807153214	0.549057515708	0.763653939101	0.504108264862	0.537457709038	0.514741420976	0.335427742871	0.0	0.587723537941	0.570323827936	0.579507008217	0.603189946834	0.757854035766	0.705171580474	0.593523441276	0.580473658772	0.59255679072	0.653455775737	0.614789753504	0.660222329628	0.652489125181	0.577090381827	0.625422909618	0.612856452392	0.750604156597	0.677138714355	0.728371193813	0.719671338811	0.681971967134	0.709521507975	0.64572257129	0.628322861286	0.629772837119	0.635089415176	0.635572740454	0.708554857419	0.646205896568	0.695021749638	0.608989850169	0.678588690188
AH7	0.588206863219	0.637506041566	0.95601739971	0.703238279362	0.704204929918	0.579507008217	0.705654905752	0.558724021266	0.540840985984	0.652972450459	0.530691155147	0.658289028516	0.637506041566	0.878685355244	0.682455292412	0.595456742388	0.531657805703	0.470275495408	0.8796520058	0.724021266312	0.567907201547	0.518124697922	0.502658289029	0.506524891252	0.839536007733	0.571290478492	0.4813919768	0.513291445143	0.537457709038	0.587723537941	0.0	0.346060898985	0.560657322378	0.605123247946	0.775737071049	0.73610439826	0.549057515708	0.655872402127	0.587723537941	0.672788786854	0.641855969067	0.75688738521	0.74770420493	0.650072498792	0.634122764621	0.612856452392	0.761237312711	0.69453842436	0.757854035766	0.739971000483	0.710488158531	0.721121314645	0.64572257129	0.638472692122	0.620589656839	0.646205896568	0.628806186564	0.723054615756	0.628806186564	0.724021266312	0.611889801837	0.709521507975
AH8	0.563073948768	0.583856935718	0.957950700822	0.661188980184	0.660705654906	0.526824552924	0.6805219913	0.509424842919	0.488158530691	0.610439826003	0.527307878202	0.615273078782	0.566940550991	0.867568873852	0.62735621073	0.546157564041	0.442725954567	0.381343644273	0.895118414693	0.729821169647	0.55099081682	0.468825519575	0.489125181247	0.497341710971	0.840985983567	0.564523924601	0.473175447076	0.466408893185	0.509908168197	0.570323827936	0.346060898985	0.0	0.50459159014	0.535524407927	0.747220879652	0.700338327695	0.531657805703	0.606089898502	0.536491058482	0.625422909618	0.595940067666	0.717738037699	0.70372160464	0.60415659739	0.580473658772	0.551474142098	0.698888351861	0.645239246013	0.711454809087	0.693571773804	0.646205896568	0.665538907685	0.587240212663	0.577573707105	0.573707104882	0.594006766554	0.56935717738	0.66892218463	0.582406959884	0.677138714355	0.553890768487	0.657805703238
AA5	0.593040115998	0.531657805703	0.96761720638	0.659255679072	0.60415659739	0.447559207347	0.622522957951	0.406959884002	0.398743354277	0.545190913485	0.433059449009	0.548090865152	0.531174480425	0.871435476075	0.552924117931	0.527307878202	0.429192846786	0.440309328178	0.926051232479	0.755437409377	0.5601739971	0.470758820686	0.467375543741	0.508458192363	0.90285161914	0.597873368777	0.417109714838	0.428709521508	0.50459159014	0.579507008217	0.560657322378	0.50459159014	0.0	0.332527791203	0.678588690188	0.606089898502	0.459159014016	0.471725471242	0.45142580957	0.554857419043	0.489125181247	0.62493958434	0.611889801837	0.468825519575	0.516674722088	0.462058965684	0.698405026583	0.619139681005	0.661188980184	0.655872402127	0.646689221846	0.669405509908	0.551957467376	0.577573707105	0.558724021266	0.567423876269	0.541807636539	0.664572257129	0.575640405993	0.632189463509	0.506524891252	0.619139681005
AA6	0.597873368777	0.541807636539	0.971967133881	0.67133881102	0.632672788787	0.472692121798	0.640405993233	0.441275978734	0.450942484292	0.561623972934	0.499275012083	0.576607056549	0.535524407927	0.873852102465	0.581923634606	0.540840985984	0.478975350411	0.496375060416	0.941034316095	0.764137264379	0.589656839053	0.512808119865	0.526824552924	0.551474142098	0.91203479942	0.610923151281	0.467375543741	0.493958434026	0.555824069599	0.603189946834	0.605123247946	0.535524407927	0.332527791203	0.0	0.679072015466	0.603189946834	0.501208313195	0.507491541808	0.485258579024	0.588690188497	0.509908168197	0.660222329628	0.641855969067	0.50700821653	0.452392460126	0.405993233446	0.692605123248	0.618656355727	0.666505558241	0.660222329628	0.641855969067	0.666505558241	0.556307394877	0.572257129048	0.559207346544	0.565973900435	0.554857419043	0.661672305462	0.579507008217	0.637022716288	0.512324794587	0.619623006283
AB5	0.746737554374	0.673755437409	0.982116964717	0.738037699372	0.605606573224	0.637989366844	0.723054615756	0.641372643789	0.666505558241	0.68293861769	0.678588690188	0.603673272112	0.655389076849	0.898018366361	0.695505074915	0.684388593523	0.694055099082	0.710004833253	0.942967617206	0.80328661189	0.801353310778	0.71532141131	0.737554374094	0.745770903818	0.929434509425	0.763170613823	0.687771870469	0.712421459642	0.753987433543	0.757854035766	0.775737071049	0.747220879652	0.678588690188	0.679072015466	0.0	0.311261478975	0.609956500725	0.663605606573	0.618656355727	0.627839536008	0.603673272112	0.732237796037	0.713388110198	0.652972450459	0.61575640406	0.613823102948	0.616723054616	0.607056549058	0.61333977767	0.59255679072	0.614306428226	0.611406476559	0.59497341711	0.586273562107	0.608989850169	0.615273078782	0.666988883519	0.59255679072	0.667472208797	0.599806669889	0.661188980184	0.602223296278
AB6	0.698405026583	0.620106331561	0.972933784437	0.689221846303	0.564523924601	0.574190430159	0.669405509908	0.570323827936	0.603189946834	0.620589656839	0.636056065732	0.533591106815	0.615273078782	0.878685355244	0.648622522958	0.634122764621	0.651039149348	0.669405509908	0.934751087482	0.764620589657	0.751570807153	0.666505558241	0.685355244079	0.688255195747	0.918801353311	0.711938134364	0.635572740454	0.663122281295	0.70130497825	0.705171580474	0.73610439826	0.700338327695	0.606089898502	0.603189946834	0.311261478975	0.0	0.566940550991	0.59255679072	0.570323827936	0.567907201547	0.547124214596	0.662155630739	0.647172547124	0.566457225713	0.557274045433	0.567423876269	0.598356694055	0.553407443209	0.587240212663	0.564040599323	0.573223779604	0.587723537941	0.541324311261	0.553407443209	0.567907201547	0.576123731271	0.612856452392	0.572257129048	0.621556307395	0.556790720155	0.624456259062	0.554857419043
AC5	0.606089898502	0.584823586274	0.982116964717	0.664088931851	0.614306428226	0.471725471242	0.667472208797	0.437892701788	0.449975833736	0.580473658772	0.429192846786	0.547607539874	0.540840985984	0.885935234413	0.623489608507	0.568873852102	0.464475592073	0.475108748188	0.948767520541	0.768970517158	0.620589656839	0.529241179314	0.49540840986	0.504108264862	0.911551474142	0.611889801837	0.447559207347	0.491541807637	0.529241179314	0.593523441276	0.549057515708	0.531657805703	0.459159014016	0.501208313195	0.609956500725	0.566940550991	0.0	0.463508941518	0.415659739004	0.581440309328	0.517641372644	0.705171580474	0.675205413243	0.540840985984	0.462058965684	0.448042532624	0.597873368777	0.543740937651	0.602706621556	0.58337361044	0.557274045433	0.576607056549	0.51377477042	0.491058482359	0.482841952634	0.513291445143	0.578057032383	0.573707104882	0.589173513775	0.549540840986	0.517641372644	0.545674238763
AC6	0.626389560174	0.542774287095	0.958917351377	0.652005799903	0.587240212663	0.525857902368	0.52537457709	0.487191880135	0.521024649589	0.458192363461	0.55775737071	0.542774287095	0.559690671822	0.858385693572	0.544224262929	0.558724021266	0.565490575157	0.578540357661	0.914934751087	0.737071048816	0.643305944901	0.56935717738	0.592073465442	0.591590140164	0.898985016916	0.601739971	0.54857419043	0.551474142098	0.58095698405	0.580473658772	0.655872402127	0.606089898502	0.471725471242	0.507491541808	0.663605606573	0.59255679072	0.463508941518	0.0	0.52537457709	0.514741420976	0.506041565974	0.473658772354	0.441275978734	0.411793136781	0.568873852102	0.550507491542	0.6805219913	0.62493958434	0.658289028516	0.633156114065	0.637989366844	0.666988883519	0.590140164331	0.579990333494	0.576123731271	0.577573707105	0.571290478492	0.662155630739	0.582890285162	0.615273078782	0.564040599323	0.628322861286
AD6	0.605606573224	0.562107298212	0.981633639439	0.64572257129	0.581923634606	0.424842919285	0.630256162397	0.417109714838	0.432092798453	0.544224262929	0.444175930401	0.520057999033	0.522474625423	0.883035282745	0.596906718221	0.539874335428	0.473658772354	0.4813919768	0.950217496375	0.765587240213	0.607539874335	0.519091348478	0.528274528758	0.531657805703	0.920251329145	0.617689705172	0.471725471242	0.494925084582	0.53020782987	0.59255679072	0.587723537941	0.536491058482	0.45142580957	0.485258579024	0.618656355727	0.570323827936	0.415659739004	0.52537457709	0.0	0.556307394877	0.422909618173	0.696955050749	0.669888835186	0.536491058482	0.466892218463	0.445142580957	0.599323344611	0.526341227646	0.575640405993	0.563073948768	0.557274045433	0.574190430159	0.492025132914	0.476558724021	0.471242145964	0.488641855969	0.558240695988	0.577573707105	0.560657322378	0.553890768487	0.480425326245	0.537941034316
AE5	0.629289511841	0.541324311261	0.981633639439	0.646205896568	0.540840985984	0.54857419043	0.577090381827	0.558240695988	0.591106814886	0.526341227646	0.618656355727	0.500241662639	0.565973900435	0.877718704688	0.544224262929	0.553890768487	0.601739971	0.595940067666	0.921701304978	0.745770903818	0.722571290478	0.634122764621	0.652972450459	0.647655872402	0.871918801353	0.659255679072	0.611406476559	0.615273078782	0.650072498792	0.653455775737	0.672788786854	0.625422909618	0.554857419043	0.588690188497	0.627839536008	0.567907201547	0.581440309328	0.514741420976	0.556307394877	0.0	0.366360560657	0.596423392943	0.581440309328	0.519574673755	0.623972933784	0.619139681005	0.635089415176	0.56935717738	0.632189463509	0.602706621556	0.612373127115	0.616723054616	0.535041082649	0.565490575157	0.576607056549	0.564040599323	0.554374093765	0.616723054616	0.566940550991	0.59255679072	0.58095698405	0.588206863219
AE6	0.595940067666	0.499275012083	0.981150314161	0.632672788787	0.557274045433	0.469308844853	0.576607056549	0.478008699855	0.507974867086	0.515708071532	0.532141130981	0.505558240696	0.496858385694	0.87723537941	0.54857419043	0.507491541808	0.534074432093	0.546157564041	0.929917834703	0.748670855486	0.665055582407	0.577573707105	0.599323344611	0.602223296278	0.901401643306	0.627839536008	0.53939101015	0.563557274045	0.595940067666	0.614789753504	0.641855969067	0.595940067666	0.489125181247	0.509908168197	0.603673272112	0.547124214596	0.517641372644	0.506041565974	0.422909618173	0.366360560657	0.0	0.640405993233	0.621556307395	0.48622522958	0.537941034316	0.533591106815	0.623972933784	0.553890768487	0.599323344611	0.580473658772	0.590140164331	0.606089898502	0.506041565974	0.49299178347	0.491058482359	0.497341710971	0.512808119865	0.602706621556	0.524891251812	0.565007249879	0.500724987917	0.56935717738
AF5	0.704204929918	0.631706138231	0.94441759304	0.664088931851	0.652972450459	0.678588690188	0.538907684872	0.645239246013	0.67133881102	0.573223779604	0.714838086032	0.617689705172	0.668438859352	0.842435959401	0.601739971	0.65973900435	0.711938134364	0.714354760754	0.87046882552	0.713871435476	0.705171580474	0.664088931851	0.717254712421	0.71290478492	0.880618656356	0.687288545191	0.694055099082	0.673272112131	0.651039149348	0.660222329628	0.75688738521	0.717738037699	0.62493958434	0.660222329628	0.732237796037	0.662155630739	0.705171580474	0.473658772354	0.696955050749	0.596423392943	0.640405993233	0.0	0.275012083132	0.528274528758	0.717738037699	0.700338327695	0.753987433543	0.713871435476	0.740454325761	0.719188013533	0.735621072982	0.74770420493	0.685838569357	0.714354760754	0.717738037699	0.705171580474	0.663605606573	0.744320927985	0.675688738521	0.702754954084	0.710004833253	0.716771387144
AF6	0.705171580474	0.610923151281	0.936201063316	0.655389076849	0.648622522958	0.657805703238	0.529241179314	0.622522957951	0.651522474625	0.547124214596	0.693088448526	0.604639922668	0.652489125181	0.841952634123	0.572740454326	0.644272595457	0.695505074915	0.69453842436	0.873852102465	0.710488158531	0.709038182697	0.648622522958	0.696471725471	0.701788303528	0.871918801353	0.673755437409	0.674238762687	0.653939101015	0.643789270179	0.652489125181	0.74770420493	0.70372160464	0.611889801837	0.641855969067	0.713388110198	0.647172547124	0.675205413243	0.441275978734	0.669888835186	0.581440309328	0.621556307395	0.275012083132	0.0	0.515224746254	0.695988400193	0.675205413243	0.744320927985	0.695021749638	0.722571290478	0.703238279362	0.703238279362	0.728854519091	0.669405509908	0.685838569357	0.69453842436	0.682455292412	0.647172547124	0.724987916868	0.651039149348	0.683905268246	0.690671822136	0.693088448526
