	AA3	AA4	AB3	AB4	AC3	AC4	AD3	AD4	AE3	AE4	AF3	AF4	AG3	AG4	AH3	AH4	AA7	AA8	AB7	AB8	AC7	AC8	AD7	AD8	AE7	AE8	AF7	AF8	AG7	AG8	AH7	AH8	AA5	AA6	AB5	AB6	AC5	AC6	AD6	AE5	AE6	AF5	AF6	AG5	AH5	AH6	AA1	AA2	AB1	AB2	AC1	AC2	AD1	AD2	AE1	AE2	AF1	AF2	AG1	AG2	AH1	AH2
AA3	0.0	0.493958434026	0.931367810536	0.619139681005	0.644272595457	0.594006766554	0.681005316578	0.581440309328	0.579507008217	0.627839536008	0.621556307395	0.619139681005	0.576123731271	0.843885935234	0.654905751571	0.342194296762	0.575640405993	0.57177380377	0.856935717738	0.715804736588	0.623489608507	0.564040599323	0.598840019333	0.59497341711	0.826002899952	0.573707104882	0.573223779604	0.566457225713	0.578540357661	0.572740454326	0.590140164331	0.563073948768	0.597390043499	0.594490091832	0.740454325761	0.687771870469	0.61333977767	0.633156114065	0.590623489609	0.649105848236	0.597390043499	0.714838086032	0.700338327695	0.625906234896	0.628806186564	0.626872885452	0.692605123248	0.65973900435	0.709038182697	0.656355727405	0.642822619623	0.666022232963	0.589173513775	0.566940550991	0.567423876269	0.563557274045	0.585306911551	0.670372160464	0.588690188497	0.652489125181	0.58337361044	0.660222329628
AA4	0.493958434026	0.0	0.950217496375	0.578057032383	0.568390526825	0.494925084582	0.600289995167	0.481875302078	0.506524891252	0.514258095698	0.559207346544	0.515224746254	0.473175447076	0.855969067182	0.365877235379	0.370227162881	0.522957950701	0.523924601257	0.891735137748	0.727887868536	0.652972450459	0.574673755437	0.572257129048	0.572740454326	0.871918801353	0.617689705172	0.53939101015	0.557274045433	0.584340260996	0.610923151281	0.618656355727	0.576607056549	0.510391493475	0.514741420976	0.660705654906	0.590623489609	0.5601739971	0.53697438376	0.521991300145	0.54857419043	0.478492025133	0.644272595457	0.599323344611	0.533591106815	0.575640405993	0.55099081682	0.641372643789	0.570323827936	0.621072982117	0.580473658772	0.588206863219	0.610923151281	0.521991300145	0.509908168197	0.520057999033	0.500241662639	0.496858385694	0.611406476559	0.496858385694	0.566940550991	0.51377477042	0.577573707105
AB3	0.931367810536	0.950217496375	0.0	0.674238762687	0.917834702755	0.956500724988	0.959400676655	0.94441759304	0.937167713871	0.952634122765	0.971000483325	0.932334461092	0.964233929435	0.348477525375	0.964233929435	0.942484291928	0.973417109715	0.973417109715	0.732721121315	0.753504108265	0.892218463026	0.919284678589	0.962300628323	0.949250845819	0.853552440793	0.898501691638	0.94441759304	0.929917834703	0.852102464959	0.835186080232	0.952150797487	0.95360077332	0.95601739971	0.960850652489	0.973900434993	0.965683905268	0.972450459159	0.95360077332	0.975350410826	0.975350410826	0.974383760271	0.937651039149	0.931851135814	0.950700821653	0.977767037216	0.972450459159	0.974867085549	0.973417109715	0.971967133881	0.971967133881	0.971967133881	0.971967133881	0.977283711938	0.977283711938	0.97680038666	0.976317061382	0.974867085549	0.975833736104	0.972450459159	0.973900434993	0.97680038666	0.973417109715
AB4	0.619139681005	0.578057032383	0.674238762687	0.0	0.631706138231	0.603673272112	0.684388593523	0.610439826003	0.615273078782	0.614789753504	0.645239246013	0.600773320445	0.483325277912	0.554857419043	0.62735621073	0.58095698405	0.629289511841	0.628806186564	0.708554857419	0.553407443209	0.656839052682	0.615273078782	0.64813919768	0.634606089899	0.778637022716	0.623489608507	0.637506041566	0.622522957951	0.532624456259	0.560657322378	0.680038666022	0.643789270179	0.627839536008	0.643789270179	0.711938134364	0.661188980184	0.637989366844	0.646205896568	0.624456259062	0.62493958434	0.608989850169	0.667472208797	0.651039149348	0.617689705172	0.681488641856	0.666022232963	0.695988400193	0.660222329628	0.698405026583	0.657805703238	0.673272112131	0.678105364911	0.626872885452	0.634122764621	0.649589173514	0.625906234896	0.628806186564	0.680038666022	0.629772837119	0.650072498792	0.646689221846	0.673755437409
AC3	0.644272595457	0.568390526825	0.917834702755	0.631706138231	0.0	0.502658289029	0.634606089899	0.553407443209	0.554374093765	0.567907201547	0.614789753504	0.318028032866	0.606089898502	0.835186080232	0.611406476559	0.591106814886	0.618656355727	0.612373127115	0.872885451909	0.746737554374	0.726437892702	0.674722087965	0.716771387144	0.701788303528	0.829869502175	0.675205413243	0.652489125181	0.671822136298	0.654422426293	0.687771870469	0.699371677139	0.663122281295	0.607056549058	0.619139681005	0.620106331561	0.569840502658	0.618173030449	0.576123731271	0.583856935718	0.53939101015	0.542774287095	0.65055582407	0.625422909618	0.550507491542	0.642822619623	0.630739487675	0.593523441276	0.590623489609	0.590623489609	0.567423876269	0.593040115998	0.59255679072	0.538424359594	0.572740454326	0.574673755437	0.560657322378	0.611406476559	0.591590140164	0.621556307395	0.586756887385	0.608989850169	0.602706621556
AC4	0.594006766554	0.494925084582	0.956500724988	0.603673272112	0.502658289029	0.0	0.623489608507	0.399226679555	0.403576607057	0.494925084582	0.347027549541	0.424359594007	0.504108264862	0.86563557274	0.559207346544	0.536491058482	0.475592073465	0.457709038183	0.923151280812	0.758337361044	0.589173513775	0.517641372644	0.511358144031	0.512324794587	0.889801836636	0.58337361044	0.487191880135	0.50700821653	0.512324794587	0.575640405993	0.565973900435	0.519091348478	0.441759304012	0.468342194297	0.644272595457	0.570323827936	0.46302561624	0.512808119865	0.422426292895	0.561140647656	0.472692121798	0.686805219913	0.638472692122	0.515708071532	0.515708071532	0.497825036249	0.644272595457	0.586273562107	0.61333977767	0.582406959884	0.595456742388	0.617689705172	0.510391493475	0.509424842919	0.531657805703	0.507974867086	0.552924117931	0.618656355727	0.545674238763	0.573707104882	0.477525374577	0.589656839053
AD3	0.681005316578	0.600289995167	0.959400676655	0.684388593523	0.634606089899	0.623489608507	0.0	0.534557757371	0.643305944901	0.359110681489	0.681971967134	0.608506524891	0.648622522958	0.876268728855	0.59255679072	0.641372643789	0.678588690188	0.686321894635	0.939101014983	0.774287095215	0.720637989367	0.695505074915	0.695021749638	0.697438376027	0.919768003867	0.695505074915	0.705654905752	0.700821652972	0.693088448526	0.693088448526	0.720637989367	0.695988400193	0.639439342678	0.644272595457	0.743837602707	0.666022232963	0.673272112131	0.549540840986	0.638472692122	0.584340260996	0.576607056549	0.557274045433	0.545190913485	0.541807636539	0.703238279362	0.681005316578	0.770420492992	0.712421459642	0.739004349928	0.713871435476	0.708554857419	0.727887868536	0.652489125181	0.667472208797	0.674722087965	0.65732237796	0.630739487675	0.730787820203	0.636056065732	0.70130497825	0.685838569357	0.70130497825
AD4	0.581440309328	0.481875302078	0.94441759304	0.610439826003	0.553407443209	0.399226679555	0.534557757371	0.0	0.3194780087	0.396810053166	0.434992750121	0.510391493475	0.513291445143	0.855969067182	0.527307878202	0.53020782987	0.468342194297	0.454809086515	0.927501208313	0.753987433543	0.556307394877	0.484775253746	0.496375060416	0.492025132914	0.895118414693	0.59255679072	0.449492508458	0.46979217013	0.487675205413	0.556307394877	0.553407443209	0.503624939584	0.389076848719	0.438859352344	0.669888835186	0.581440309328	0.461575640406	0.484775253746	0.439342677622	0.57177380377	0.464958917351	0.651039149348	0.610923151281	0.488158530691	0.515224746254	0.489608506525	0.66892218463	0.611406476559	0.639922667956	0.616239729338	0.615273078782	0.644755920735	0.528757854036	0.528274528758	0.532141130981	0.524891251812	0.536007733204	0.637506041566	0.534557757371	0.608989850169	0.4813919768	0.611406476559
AE3	0.579507008217	0.506524891252	0.937167713871	0.615273078782	0.554374093765	0.403576607057	0.643305944901	0.3194780087	0.0	0.501208313195	0.40502658289	0.507491541808	0.508941517641	0.849685838569	0.550024166264	0.546157564041	0.448525857902	0.435476075399	0.930401159981	0.762203963267	0.546640889319	0.478008699855	0.484775253746	0.487191880135	0.890285161914	0.590140164331	0.435959400677	0.467375543741	0.479942000967	0.559207346544	0.54857419043	0.500241662639	0.398260029	0.44900918318	0.670372160464	0.599323344611	0.438859352344	0.525857902368	0.435476075399	0.623006283229	0.521024649589	0.696471725471	0.650072498792	0.531657805703	0.49540840986	0.464958917351	0.660222329628	0.599806669889	0.640405993233	0.60657322378	0.602706621556	0.637506041566	0.521991300145	0.52537457709	0.534074432093	0.519091348478	0.558724021266	0.636056065732	0.549540840986	0.598840019333	0.485741904302	0.598840019333
AE4	0.627839536008	0.514258095698	0.952634122765	0.614789753504	0.567907201547	0.494925084582	0.359110681489	0.396810053166	0.501208313195	0.0	0.561623972934	0.529724504592	0.558240695988	0.857902368294	0.531657805703	0.567907201547	0.563557274045	0.565973900435	0.928951184147	0.761237312711	0.652005799903	0.579990333494	0.590623489609	0.582890285162	0.90043499275	0.619623006283	0.573707104882	0.572257129048	0.568873852102	0.602706621556	0.632672788787	0.594006766554	0.527307878202	0.532624456259	0.687288545191	0.602223296278	0.558240695988	0.457709038183	0.521507974867	0.531657805703	0.493475108748	0.580473658772	0.536491058482	0.47462542291	0.591590140164	0.574190430159	0.699371677139	0.641855969067	0.670855485742	0.647172547124	0.652005799903	0.669888835186	0.586756887385	0.572740454326	0.576123731271	0.576123731271	0.568390526825	0.664572257129	0.576123731271	0.643305944901	0.568390526825	0.642822619623
AF3	0.621556307395	0.559207346544	0.971000483325	0.645239246013	0.614789753504	0.347027549541	0.681971967134	0.434992750121	0.40502658289	0.561623972934	0.0	0.535041082649	0.537457709038	0.884001933301	0.60415659739	0.588206863219	0.461575640406	0.435959400677	0.95360077332	0.792170130498	0.582890285162	0.525857902368	0.437892701788	0.447075882069	0.917834702755	0.616239729338	0.438859352344	0.496375060416	0.518124697922	0.600289995167	0.528757854036	0.512808119865	0.435476075399	0.490091831803	0.67133881102	0.609473175447	0.422909618173	0.552440792653	0.444175930401	0.639922667956	0.537457709038	0.730787820203	0.684871918801	0.559690671822	0.504108264862	0.489125181247	0.66892218463	0.604639922668	0.652972450459	0.608506524891	0.610923151281	0.639922667956	0.544707588207	0.517641372644	0.537941034316	0.522474625423	0.591106814886	0.639439342678	0.579507008217	0.594490091832	0.494925084582	0.599806669889
AF4	0.619139681005	0.515224746254	0.932334461092	0.600773320445	0.318028032866	0.424359594007	0.608506524891	0.510391493475	0.507491541808	0.529724504592	0.535041082649	0.0	0.559207346544	0.846302561624	0.563073948768	0.54857419043	0.572740454326	0.574190430159	0.881101981634	0.730304494925	0.697438376027	0.633156114065	0.662638956017	0.656839052682	0.843885935234	0.627839536008	0.612856452392	0.633639439343	0.626872885452	0.660705654906	0.663122281295	0.631222812953	0.56259062349	0.579507008217	0.617689705172	0.540840985984	0.568390526825	0.544707588207	0.526341227646	0.520541324311	0.505074915418	0.632189463509	0.603673272112	0.524891251812	0.592073465442	0.578540357661	0.598356694055	0.544224262929	0.57177380377	0.532141130981	0.555824069599	0.569840502658	0.503624939584	0.51619139681	0.535524407927	0.513291445143	0.573223779604	0.57177380377	0.575157080715	0.548090865152	0.553407443209	0.550507491542
AG3	0.576123731271	0.473175447076	0.964233929435	0.483325277912	0.606089898502	0.504108264862	0.648622522958	0.513291445143	0.508941517641	0.558240695988	0.537457709038	0.559207346544	0.0	0.84485258579	0.522474625423	0.531174480425	0.508941517641	0.495891735138	0.922667955534	0.760270662156	0.657805703238	0.590140164331	0.573223779604	0.582406959884	0.885451909135	0.626389560174	0.541807636539	0.570807153214	0.587723537941	0.618656355727	0.628806186564	0.574673755437	0.522957950701	0.523924601257	0.660705654906	0.613823102948	0.535524407927	0.558724021266	0.508941517641	0.588206863219	0.500724987917	0.688255195747	0.649589173514	0.541324311261	0.568873852102	0.542774287095	0.61333977767	0.567423876269	0.622522957951	0.593040115998	0.587723537941	0.599323344611	0.515224746254	0.51619139681	0.519574673755	0.513291445143	0.547124214596	0.602223296278	0.541807636539	0.591106814886	0.488158530691	0.575640405993
AG4	0.843885935234	0.855969067182	0.348477525375	0.554857419043	0.835186080232	0.86563557274	0.876268728855	0.855969067182	0.849685838569	0.857902368294	0.884001933301	0.846302561624	0.84485258579	0.0	0.872885451909	0.851135814403	0.890768487192	0.891735137748	0.701788303528	0.676172063799	0.816819719671	0.832286128565	0.881585306912	0.869985500242	0.826002899952	0.818269695505	0.860802319961	0.845819236346	0.771387143548	0.751087481875	0.876752054132	0.871435476075	0.873852102465	0.875785403577	0.899468342194	0.888351860802	0.887868535524	0.862735621073	0.885935234413	0.886901884969	0.885451909135	0.85645239246	0.849685838569	0.869985500242	0.896568390527	0.891735137748	0.884968583857	0.88883518608	0.88883518608	0.882551957467	0.892218463026	0.886901884969	0.893668438859	0.893668438859	0.890768487192	0.887385210246	0.890768487192	0.889801836636	0.886901884969	0.884001933301	0.894151764137	0.890768487192
AH3	0.654905751571	0.365877235379	0.964233929435	0.62735621073	0.611406476559	0.559207346544	0.59255679072	0.527307878202	0.550024166264	0.531657805703	0.60415659739	0.563073948768	0.522474625423	0.872885451909	0.0	0.52537457709	0.567907201547	0.579990333494	0.921701304978	0.761720637989	0.701788303528	0.631222812953	0.623006283229	0.628322861286	0.894635089415	0.685838569357	0.610923151281	0.62493958434	0.642339294345	0.675205413243	0.685355244079	0.642822619623	0.538907684872	0.565007249879	0.697438376027	0.631222812953	0.617689705172	0.561140647656	0.584340260996	0.568873852102	0.530691155147	0.625422909618	0.58095698405	0.559207346544	0.636056065732	0.608506524891	0.685838569357	0.607539874335	0.646205896568	0.626872885452	0.633156114065	0.647655872402	0.58095698405	0.587723537941	0.580473658772	0.579507008217	0.55775737071	0.646689221846	0.554857419043	0.621556307395	0.577573707105	0.605123247946
AH4	0.342194296762	0.370227162881	0.942484291928	0.58095698405	0.591106814886	0.536491058482	0.641372643789	0.53020782987	0.546157564041	0.567907201547	0.588206863219	0.54857419043	0.531174480425	0.851135814403	0.52537457709	0.0	0.543257612373	0.558724021266	0.876268728855	0.72692121798	0.651522474625	0.575640405993	0.591106814886	0.585790236829	0.848235862736	0.601256645723	0.572740454326	0.565007249879	0.581923634606	0.604639922668	0.608023199613	0.570807153214	0.559207346544	0.567423876269	0.697921701305	0.630256162397	0.595940067666	0.592073465442	0.545674238763	0.582890285162	0.524891251812	0.683421942968	0.65055582407	0.575640405993	0.607056549058	0.593523441276	0.661188980184	0.602706621556	0.655389076849	0.597873368777	0.614789753504	0.625906234896	0.542774287095	0.530691155147	0.545674238763	0.524407926535	0.510874818753	0.62735621073	0.526824552924	0.596423392943	0.546640889319	0.610439826003
AA7	0.575640405993	0.522957950701	0.973417109715	0.629289511841	0.618656355727	0.475592073465	0.678588690188	0.468342194297	0.448525857902	0.563557274045	0.461575640406	0.572740454326	0.508941517641	0.890768487192	0.567907201547	0.543257612373	0.0	0.290961817303	0.922667955534	0.773320444659	0.584823586274	0.509424842919	0.477042049299	0.479942000967	0.872402126631	0.591106814886	0.452875785404	0.473658772354	0.512808119865	0.589656839053	0.519091348478	0.429192846786	0.434509424843	0.487675205413	0.71290478492	0.659255679072	0.485258579024	0.575157080715	0.489125181247	0.622039632673	0.536491058482	0.722087965201	0.681488641856	0.583856935718	0.551957467376	0.530691155147	0.668438859352	0.624456259062	0.668438859352	0.633156114065	0.603673272112	0.635089415176	0.528757854036	0.534557757371	0.540357660706	0.526341227646	0.537457709038	0.635089415176	0.532624456259	0.632189463509	0.50700821653	0.623006283229
AA8	0.57177380377	0.523924601257	0.973417109715	0.628806186564	0.612373127115	0.457709038183	0.686321894635	0.454809086515	0.435476075399	0.565973900435	0.435959400677	0.574190430159	0.495891735138	0.891735137748	0.579990333494	0.558724021266	0.290961817303	0.0	0.923151280812	0.767037216046	0.5601739971	0.488641855969	0.456742387627	0.46979217013	0.861768970517	0.576123731271	0.432576123731	0.461092315128	0.503624939584	0.583856935718	0.480425326245	0.383760270662	0.429192846786	0.480908651522	0.705654905752	0.656355727405	0.468825519575	0.573223779604	0.465925567907	0.630739487675	0.532141130981	0.730304494925	0.690671822136	0.58095698405	0.541807636539	0.514258095698	0.646205896568	0.608023199613	0.662638956017	0.626389560174	0.588206863219	0.618656355727	0.514258095698	0.521507974867	0.521507974867	0.521991300145	0.546640889319	0.618656355727	0.532141130981	0.623489608507	0.483325277912	0.608989850169
AB7	0.856935717738	0.891735137748	0.732721121315	0.708554857419	0.872885451909	0.923151280812	0.939101014983	0.927501208313	0.930401159981	0.928951184147	0.95360077332	0.881101981634	0.922667955534	0.701788303528	0.921701304978	0.876268728855	0.922667955534	0.923151280812	0.0	0.40502658289	0.815853069116	0.850169163847	0.929917834703	0.920251329145	0.742870952151	0.811503141614	0.90043499275	0.868535524408	0.751570807153	0.706138231029	0.889801836636	0.897051715805	0.924601256646	0.93281778637	0.933784436926	0.927501208313	0.947800869986	0.919768003867	0.947317544708	0.927501208313	0.936201063316	0.884968583857	0.875785403577	0.910584823586	0.960850652489	0.956500724988	0.927501208313	0.922667955534	0.933784436926	0.922667955534	0.928951184147	0.920251329145	0.924601256646	0.916868052199	0.917834702755	0.910101498308	0.917351377477	0.916384726921	0.922184630256	0.925084581924	0.942967617206	0.928467858869
AB8	0.715804736588	0.727887868536	0.753504108265	0.553407443209	0.746737554374	0.758337361044	0.774287095215	0.753987433543	0.762203963267	0.761237312711	0.792170130498	0.730304494925	0.760270662156	0.676172063799	0.761720637989	0.72692121798	0.773320444659	0.767037216046	0.40502658289	0.0	0.655872402127	0.677138714355	0.751570807153	0.743354277429	0.73852102465	0.658289028516	0.727404543258	0.695988400193	0.554374093765	0.535524407927	0.736587723538	0.734171097148	0.761720637989	0.767520541324	0.802803286612	0.764620589657	0.776703721605	0.749637506042	0.775253745771	0.758820686322	0.763653939101	0.737554374094	0.721604639923	0.742870952151	0.798453359111	0.789753504108	0.820202996617	0.770420492992	0.790236829386	0.764137264379	0.776703721605	0.779120347994	0.771387143548	0.76848719188	0.772353794103	0.762203963267	0.762687288545	0.784436926051	0.769453842436	0.7593040116	0.781536974384	0.765103914935
AC7	0.623489608507	0.652972450459	0.892218463026	0.656839052682	0.726437892702	0.589173513775	0.720637989367	0.556307394877	0.546640889319	0.652005799903	0.582890285162	0.697438376027	0.657805703238	0.816819719671	0.701788303528	0.651522474625	0.584823586274	0.5601739971	0.815853069116	0.655872402127	0.0	0.371193813436	0.559207346544	0.564040599323	0.831802803287	0.585790236829	0.535524407927	0.493958434026	0.471242145964	0.489125181247	0.564523924601	0.537457709038	0.543257612373	0.586756887385	0.809086515225	0.746254229096	0.623006283229	0.653939101015	0.607539874335	0.735621072982	0.66892218463	0.728371193813	0.704688255196	0.648622522958	0.633156114065	0.61575640406	0.819719671339	0.766553890768	0.801353310778	0.778153697438	0.75688738521	0.782020299662	0.69453842436	0.675205413243	0.683905268246	0.676655389077	0.673755437409	0.787820202997	0.663605606573	0.759787336878	0.618173030449	0.7593040116
AC8	0.564040599323	0.574673755437	0.919284678589	0.615273078782	0.674722087965	0.517641372644	0.695505074915	0.484775253746	0.478008699855	0.579990333494	0.525857902368	0.633156114065	0.590140164331	0.832286128565	0.631222812953	0.575640405993	0.509424842919	0.488641855969	0.850169163847	0.677138714355	0.371193813436	0.0	0.471242145964	0.47462542291	0.840019333011	0.551957467376	0.401159980667	0.368777187047	0.435476075399	0.486708554857	0.507491541808	0.455292411793	0.478492025133	0.514258095698	0.729337844369	0.67133881102	0.535524407927	0.576607056549	0.533591106815	0.657805703238	0.587240212663	0.692605123248	0.655389076849	0.581440309328	0.567423876269	0.550507491542	0.727887868536	0.678105364911	0.720154664089	0.692605123248	0.672305461576	0.696471725471	0.608989850169	0.591106814886	0.606089898502	0.593040115998	0.587723537941	0.695988400193	0.573223779604	0.676655389077	0.532624456259	0.675688738521
AD7	0.598840019333	0.572257129048	0.962300628323	0.64813919768	0.716771387144	0.511358144031	0.695021749638	0.496375060416	0.484775253746	0.590623489609	0.437892701788	0.662638956017	0.573223779604	0.881585306912	0.623006283229	0.591106814886	0.477042049299	0.456742387627	0.929917834703	0.751570807153	0.559207346544	0.471242145964	0.0	0.309328177864	0.896568390527	0.537457709038	0.404059932334	0.452392460126	0.486708554857	0.559207346544	0.500724987917	0.466892218463	0.480425326245	0.520057999033	0.737071048816	0.680038666022	0.513291445143	0.601256645723	0.53020782987	0.656839052682	0.585790236829	0.727404543258	0.695505074915	0.603673272112	0.568390526825	0.54857419043	0.740937651039	0.676655389077	0.727887868536	0.701788303528	0.674238762687	0.699371677139	0.617206379894	0.591106814886	0.601256645723	0.601256645723	0.589656839053	0.707588206863	0.573223779604	0.679555340744	0.558240695988	0.674238762687
AD8	0.59497341711	0.572740454326	0.949250845819	0.634606089899	0.701788303528	0.512324794587	0.697438376027	0.492025132914	0.487191880135	0.582890285162	0.447075882069	0.656839052682	0.582406959884	0.869985500242	0.628322861286	0.585790236829	0.479942000967	0.46979217013	0.920251329145	0.743354277429	0.564040599323	0.47462542291	0.309328177864	0.0	0.853069115515	0.49540840986	0.402126631223	0.438376027066	0.462058965684	0.53939101015	0.496375060416	0.471242145964	0.491541807637	0.520057999033	0.735621072982	0.670855485742	0.503624939584	0.58337361044	0.526824552924	0.649589173514	0.576123731271	0.717738037699	0.682455292412	0.586273562107	0.558724021266	0.550507491542	0.73610439826	0.670372160464	0.727404543258	0.699371677139	0.673755437409	0.695988400193	0.615273078782	0.594006766554	0.600289995167	0.594490091832	0.591590140164	0.705654905752	0.590623489609	0.675205413243	0.551957467376	0.670372160464
AE7	0.826002899952	0.871918801353	0.853552440793	0.778637022716	0.829869502175	0.889801836636	0.919768003867	0.895118414693	0.890285161914	0.90043499275	0.917834702755	0.843885935234	0.885451909135	0.826002899952	0.894635089415	0.848235862736	0.872402126631	0.861768970517	0.742870952151	0.73852102465	0.831802803287	0.840019333011	0.896568390527	0.853069115515	0.0	0.52779120348	0.876268728855	0.850652489125	0.766070565491	0.763653939101	0.837119381344	0.842435959401	0.893185113581	0.904301594973	0.926051232479	0.918801353311	0.915418076365	0.899951667472	0.91203479942	0.884001933301	0.892701788304	0.877718704688	0.874818753021	0.876268728855	0.936201063316	0.924117931368	0.887868535524	0.90043499275	0.909134847753	0.896568390527	0.897051715805	0.893668438859	0.891735137748	0.899951667472	0.891735137748	0.884968583857	0.898018366361	0.886901884969	0.902368293862	0.899468342194	0.913484775254	0.910584823586
AE8	0.573707104882	0.617689705172	0.898501691638	0.623489608507	0.675205413243	0.58337361044	0.695505074915	0.59255679072	0.590140164331	0.619623006283	0.616239729338	0.627839536008	0.626389560174	0.818269695505	0.685838569357	0.601256645723	0.591106814886	0.576123731271	0.811503141614	0.658289028516	0.585790236829	0.551957467376	0.537457709038	0.49540840986	0.52779120348	0.0	0.574190430159	0.553407443209	0.514741420976	0.518124697922	0.565490575157	0.55775737071	0.597873368777	0.607056549058	0.763170613823	0.710004833253	0.618656355727	0.610439826003	0.612373127115	0.662638956017	0.623006283229	0.695988400193	0.676172063799	0.614306428226	0.634606089899	0.626872885452	0.744804253262	0.684388593523	0.751570807153	0.709038182697	0.688255195747	0.717738037699	0.645239246013	0.623972933784	0.641372643789	0.623489608507	0.640405993233	0.718704688255	0.643789270179	0.700821652972	0.614306428226	0.69212179797
AF7	0.573223779604	0.53939101015	0.94441759304	0.637506041566	0.652489125181	0.487191880135	0.705654905752	0.449492508458	0.435959400677	0.573707104882	0.438859352344	0.612856452392	0.541807636539	0.860802319961	0.610923151281	0.572740454326	0.452875785404	0.432576123731	0.90043499275	0.727404543258	0.535524407927	0.401159980667	0.404059932334	0.402126631223	0.876268728855	0.574190430159	0.0	0.318511358144	0.461575640406	0.533107781537	0.484291928468	0.475592073465	0.431609473175	0.471725471242	0.700821652972	0.641855969067	0.471242145964	0.551957467376	0.492025132914	0.639922667956	0.544707588207	0.71290478492	0.666505558241	0.559690671822	0.530691155147	0.51619139681	0.684871918801	0.628806186564	0.69453842436	0.663122281295	0.631706138231	0.654905751571	0.570807153214	0.551474142098	0.561623972934	0.553890768487	0.568390526825	0.658289028516	0.554374093765	0.644755920735	0.502174963751	0.62493958434
AF8	0.566457225713	0.557274045433	0.929917834703	0.622522957951	0.671822136298	0.50700821653	0.700821652972	0.46979217013	0.467375543741	0.572257129048	0.496375060416	0.633639439343	0.570807153214	0.845819236346	0.62493958434	0.565007249879	0.473658772354	0.461092315128	0.868535524408	0.695988400193	0.493958434026	0.368777187047	0.452392460126	0.438376027066	0.850652489125	0.553407443209	0.318511358144	0.0	0.433542774287	0.496858385694	0.511358144031	0.463508941518	0.458675688739	0.500241662639	0.717738037699	0.653455775737	0.504108264862	0.563557274045	0.509908168197	0.631706138231	0.561140647656	0.688255195747	0.642822619623	0.563557274045	0.554374093765	0.541807636539	0.708554857419	0.652489125181	0.708554857419	0.682455292412	0.653939101015	0.673272112131	0.588690188497	0.569840502658	0.579507008217	0.570323827936	0.571290478492	0.68293861769	0.565490575157	0.664088931851	0.515708071532	0.646689221846
AG7	0.578540357661	0.584340260996	0.852102464959	0.532624456259	0.654422426293	0.512324794587	0.693088448526	0.487675205413	0.479942000967	0.568873852102	0.518124697922	0.626872885452	0.587723537941	0.771387143548	0.642339294345	0.581923634606	0.512808119865	0.503624939584	0.751570807153	0.554374093765	0.471242145964	0.435476075399	0.486708554857	0.462058965684	0.766070565491	0.514741420976	0.461575640406	0.433542774287	0.0	0.319961333978	0.526341227646	0.49299178347	0.496375060416	0.543257612373	0.73368777187	0.669888835186	0.510391493475	0.578540357661	0.536491058482	0.634606089899	0.579507008217	0.685355244079	0.632189463509	0.559690671822	0.582406959884	0.576607056549	0.731271145481	0.665538907685	0.712421459642	0.688738521025	0.662155630739	0.697438376027	0.607056549058	0.597873368777	0.61333977767	0.598840019333	0.612856452392	0.701788303528	0.620589656839	0.670855485742	0.574673755437	0.659255679072
AG8	0.572740454326	0.610923151281	0.835186080232	0.560657322378	0.687771870469	0.575640405993	0.693088448526	0.556307394877	0.559207346544	0.602706621556	0.600289995167	0.660705654906	0.618656355727	0.751087481875	0.675205413243	0.604639922668	0.589656839053	0.583856935718	0.706138231029	0.535524407927	0.489125181247	0.486708554857	0.559207346544	0.53939101015	0.763653939101	0.518124697922	0.533107781537	0.496858385694	0.319961333978	0.0	0.566457225713	0.54857419043	0.567423876269	0.580473658772	0.763653939101	0.697438376027	0.582890285162	0.602706621556	0.587240212663	0.670855485742	0.611889801837	0.695021749638	0.660222329628	0.597873368777	0.614306428226	0.602706621556	0.766070565491	0.700821652972	0.748187530208	0.718221362977	0.704688255196	0.725471242146	0.640889318511	0.621072982117	0.634606089899	0.619623006283	0.639439342678	0.729337844369	0.649105848236	0.700338327695	0.606089898502	0.693088448526
AH7	0.590140164331	0.618656355727	0.952150797487	0.680038666022	0.699371677139	0.565973900435	0.720637989367	0.553407443209	0.54857419043	0.632672788787	0.528757854036	0.663122281295	0.628806186564	0.876752054132	0.685355244079	0.608023199613	0.519091348478	0.480425326245	0.889801836636	0.736587723538	0.564523924601	0.507491541808	0.500724987917	0.496375060416	0.837119381344	0.565490575157	0.484291928468	0.511358144031	0.526341227646	0.566457225713	0.0	0.334461092315	0.565973900435	0.603673272112	0.776220396327	0.724021266312	0.561623972934	0.652005799903	0.597390043499	0.687771870469	0.634122764621	0.760270662156	0.744804253262	0.654422426293	0.633156114065	0.626872885452	0.760753987434	0.721604639923	0.760270662156	0.719188013533	0.711938134364	0.729821169647	0.634122764621	0.632189463509	0.625906234896	0.627839536008	0.629772837119	0.738037699372	0.625906234896	0.711938134364	0.609473175447	0.720154664089
AH8	0.563073948768	0.576607056549	0.95360077332	0.643789270179	0.663122281295	0.519091348478	0.695988400193	0.503624939584	0.500241662639	0.594006766554	0.512808119865	0.631222812953	0.574673755437	0.871435476075	0.642822619623	0.570807153214	0.429192846786	0.383760270662	0.897051715805	0.734171097148	0.537457709038	0.455292411793	0.466892218463	0.471242145964	0.842435959401	0.55775737071	0.475592073465	0.463508941518	0.49299178347	0.54857419043	0.334461092315	0.0	0.499758337361	0.540840985984	0.748187530208	0.691155147414	0.526824552924	0.606089898502	0.542290961817	0.651522474625	0.585790236829	0.723537941034	0.702754954084	0.608989850169	0.584823586274	0.568873852102	0.71532141131	0.676172063799	0.725471242146	0.679555340744	0.656839052682	0.680038666022	0.589173513775	0.584823586274	0.580473658772	0.582406959884	0.578057032383	0.688738521025	0.572740454326	0.669405509908	0.550024166264	0.670855485742
AA5	0.597390043499	0.510391493475	0.95601739971	0.627839536008	0.607056549058	0.441759304012	0.639439342678	0.389076848719	0.398260029	0.527307878202	0.435476075399	0.56259062349	0.522957950701	0.873852102465	0.538907684872	0.559207346544	0.434509424843	0.429192846786	0.924601256646	0.761720637989	0.543257612373	0.478492025133	0.480425326245	0.491541807637	0.893185113581	0.597873368777	0.431609473175	0.458675688739	0.496375060416	0.567423876269	0.565973900435	0.499758337361	0.0	0.324794586757	0.675688738521	0.590140164331	0.475108748188	0.472692121798	0.460125664572	0.582890285162	0.477525374577	0.644755920735	0.599806669889	0.478492025133	0.515224746254	0.46979217013	0.692605123248	0.636056065732	0.661672305462	0.635089415176	0.640405993233	0.671822136298	0.538907684872	0.54857419043	0.565007249879	0.537941034316	0.551957467376	0.664088931851	0.550507491542	0.623972933784	0.497341710971	0.628322861286
AA6	0.594490091832	0.514741420976	0.960850652489	0.643789270179	0.619139681005	0.468342194297	0.644272595457	0.438859352344	0.44900918318	0.532624456259	0.490091831803	0.579507008217	0.523924601257	0.875785403577	0.565007249879	0.567423876269	0.487675205413	0.480908651522	0.93281778637	0.767520541324	0.586756887385	0.514258095698	0.520057999033	0.520057999033	0.904301594973	0.607056549058	0.471725471242	0.500241662639	0.543257612373	0.580473658772	0.603673272112	0.540840985984	0.324794586757	0.0	0.671822136298	0.584823586274	0.50459159014	0.484291928468	0.463508941518	0.596906718221	0.491541807637	0.660705654906	0.61575640406	0.506041565974	0.458675688739	0.411309811503	0.690671822136	0.633639439343	0.660705654906	0.639439342678	0.636056065732	0.666022232963	0.547607539874	0.54857419043	0.560657322378	0.537457709038	0.554374093765	0.658772353794	0.554374093765	0.622522957951	0.505074915418	0.631222812953
AB5	0.740454325761	0.660705654906	0.973900434993	0.711938134364	0.620106331561	0.644272595457	0.743837602707	0.669888835186	0.670372160464	0.687288545191	0.67133881102	0.617689705172	0.660705654906	0.899468342194	0.697438376027	0.697921701305	0.71290478492	0.705654905752	0.933784436926	0.802803286612	0.809086515225	0.729337844369	0.737071048816	0.735621072982	0.926051232479	0.763170613823	0.700821652972	0.717738037699	0.73368777187	0.763653939101	0.776220396327	0.748187530208	0.675688738521	0.671822136298	0.0	0.339294345094	0.615273078782	0.658289028516	0.623006283229	0.633639439343	0.611889801837	0.740454325761	0.714838086032	0.648622522958	0.627839536008	0.61575640406	0.616723054616	0.605123247946	0.629772837119	0.601256645723	0.616723054616	0.612856452392	0.594490091832	0.591106814886	0.599323344611	0.608023199613	0.674238762687	0.598356694055	0.664572257129	0.601256645723	0.663122281295	0.618173030449
AB6	0.687771870469	0.590623489609	0.965683905268	0.661188980184	0.569840502658	0.570323827936	0.666022232963	0.581440309328	0.599323344611	0.602223296278	0.609473175447	0.540840985984	0.613823102948	0.888351860802	0.631222812953	0.630256162397	0.659255679072	0.656355727405	0.927501208313	0.764620589657	0.746254229096	0.67133881102	0.680038666022	0.670855485742	0.918801353311	0.710004833253	0.641855969067	0.653455775737	0.669888835186	0.697438376027	0.724021266312	0.691155147414	0.590140164331	0.584823586274	0.339294345094	0.0	0.559207346544	0.56259062349	0.57177380377	0.559207346544	0.537457709038	0.664572257129	0.626389560174	0.544707588207	0.551957467376	0.545190913485	0.599806669889	0.547607539874	0.579023682939	0.54857419043	0.558240695988	0.578540357661	0.529241179314	0.553407443209	0.561623972934	0.557274045433	0.607056549058	0.571290478492	0.611406476559	0.548090865152	0.611406476559	0.545674238763
AC5	0.61333977767	0.5601739971	0.972450459159	0.637989366844	0.618173030449	0.46302561624	0.673272112131	0.461575640406	0.438859352344	0.558240695988	0.422909618173	0.568390526825	0.535524407927	0.887868535524	0.617689705172	0.595940067666	0.485258579024	0.468825519575	0.947800869986	0.776703721605	0.623006283229	0.535524407927	0.513291445143	0.503624939584	0.915418076365	0.618656355727	0.471242145964	0.504108264862	0.510391493475	0.582890285162	0.561623972934	0.526824552924	0.475108748188	0.50459159014	0.615273078782	0.559207346544	0.0	0.434992750121	0.448525857902	0.609956500725	0.523924601257	0.712421459642	0.657805703238	0.535041082649	0.475108748188	0.47220879652	0.610923151281	0.56259062349	0.620106331561	0.572257129048	0.571290478492	0.590140164331	0.50700821653	0.486708554857	0.502174963751	0.498791686805	0.589173513775	0.592073465442	0.572740454326	0.5601739971	0.515224746254	0.562107298212
AC6	0.633156114065	0.53697438376	0.95360077332	0.646205896568	0.576123731271	0.512808119865	0.549540840986	0.484775253746	0.525857902368	0.457709038183	0.552440792653	0.544707588207	0.558724021266	0.862735621073	0.561140647656	0.592073465442	0.575157080715	0.573223779604	0.919768003867	0.749637506042	0.653939101015	0.576607056549	0.601256645723	0.58337361044	0.899951667472	0.610439826003	0.551957467376	0.563557274045	0.578540357661	0.602706621556	0.652005799903	0.606089898502	0.472692121798	0.484291928468	0.658289028516	0.56259062349	0.434992750121	0.0	0.515224746254	0.533591106815	0.49540840986	0.493475108748	0.443692605123	0.429676172064	0.54857419043	0.535524407927	0.672305461576	0.62735621073	0.651522474625	0.627839536008	0.63653939101	0.653939101015	0.579023682939	0.565007249879	0.576123731271	0.565973900435	0.575640405993	0.655872402127	0.588690188497	0.608989850169	0.551474142098	0.623489608507
AD6	0.590623489609	0.521991300145	0.975350410826	0.624456259062	0.583856935718	0.422426292895	0.638472692122	0.439342677622	0.435476075399	0.521507974867	0.444175930401	0.526341227646	0.508941517641	0.885935234413	0.584340260996	0.545674238763	0.489125181247	0.465925567907	0.947317544708	0.775253745771	0.607539874335	0.533591106815	0.53020782987	0.526824552924	0.91203479942	0.612373127115	0.492025132914	0.509908168197	0.536491058482	0.587240212663	0.597390043499	0.542290961817	0.460125664572	0.463508941518	0.623006283229	0.57177380377	0.448525857902	0.515224746254	0.0	0.558724021266	0.412759787337	0.699371677139	0.665055582407	0.53697438376	0.469308844853	0.461092315128	0.603673272112	0.540840985984	0.590140164331	0.557274045433	0.556790720155	0.579023682939	0.46979217013	0.457225712905	0.463992266796	0.455292411793	0.556307394877	0.573223779604	0.535041082649	0.55775737071	0.452392460126	0.545190913485
AE5	0.649105848236	0.54857419043	0.975350410826	0.62493958434	0.53939101015	0.561140647656	0.584340260996	0.57177380377	0.623006283229	0.531657805703	0.639922667956	0.520541324311	0.588206863219	0.886901884969	0.568873852102	0.582890285162	0.622039632673	0.630739487675	0.927501208313	0.758820686322	0.735621072982	0.657805703238	0.656839052682	0.649589173514	0.884001933301	0.662638956017	0.639922667956	0.631706138231	0.634606089899	0.670855485742	0.687771870469	0.651522474625	0.582890285162	0.596906718221	0.633639439343	0.559207346544	0.609956500725	0.533591106815	0.558724021266	0.0	0.355244079265	0.599806669889	0.581923634606	0.51619139681	0.640405993233	0.6389560174	0.659255679072	0.609473175447	0.6389560174	0.612373127115	0.634122764621	0.651039149348	0.561140647656	0.584340260996	0.60657322378	0.566940550991	0.570807153214	0.639439342678	0.586273562107	0.605606573224	0.590140164331	0.621556307395
AE6	0.597390043499	0.478492025133	0.974383760271	0.608989850169	0.542774287095	0.472692121798	0.576607056549	0.464958917351	0.521024649589	0.493475108748	0.537457709038	0.505074915418	0.500724987917	0.885451909135	0.530691155147	0.524891251812	0.536491058482	0.532141130981	0.936201063316	0.763653939101	0.66892218463	0.587240212663	0.585790236829	0.576123731271	0.892701788304	0.623006283229	0.544707588207	0.561140647656	0.579507008217	0.611889801837	0.634122764621	0.585790236829	0.477525374577	0.491541807637	0.611889801837	0.537457709038	0.523924601257	0.49540840986	0.412759787337	0.355244079265	0.0	0.643305944901	0.60415659739	0.470758820686	0.541324311261	0.534074432093	0.632672788787	0.577573707105	0.607056549058	0.582406959884	0.593523441276	0.621556307395	0.494925084582	0.481875302078	0.506041565974	0.480908651522	0.519574673755	0.601739971	0.522474625423	0.568873852102	0.498308361527	0.58095698405
AF5	0.714838086032	0.644272595457	0.937651039149	0.667472208797	0.65055582407	0.686805219913	0.557274045433	0.651039149348	0.696471725471	0.580473658772	0.730787820203	0.632189463509	0.688255195747	0.85645239246	0.625422909618	0.683421942968	0.722087965201	0.730304494925	0.884968583857	0.737554374094	0.728371193813	0.692605123248	0.727404543258	0.717738037699	0.877718704688	0.695988400193	0.71290478492	0.688255195747	0.685355244079	0.695021749638	0.760270662156	0.723537941034	0.644755920735	0.660705654906	0.740454325761	0.664572257129	0.712421459642	0.493475108748	0.699371677139	0.599806669889	0.643305944901	0.0	0.291445142581	0.534557757371	0.728854519091	0.711454809087	0.762203963267	0.718221362977	0.739971000483	0.718704688255	0.736587723538	0.74770420493	0.699855002417	0.719671338811	0.72692121798	0.710004833253	0.677138714355	0.750604156597	0.691155147414	0.700338327695	0.719188013533	0.73368777187
AF6	0.700338327695	0.599323344611	0.931851135814	0.651039149348	0.625422909618	0.638472692122	0.545190913485	0.610923151281	0.650072498792	0.536491058482	0.684871918801	0.603673272112	0.649589173514	0.849685838569	0.58095698405	0.65055582407	0.681488641856	0.690671822136	0.875785403577	0.721604639923	0.704688255196	0.655389076849	0.695505074915	0.682455292412	0.874818753021	0.676172063799	0.666505558241	0.642822619623	0.632189463509	0.660222329628	0.744804253262	0.702754954084	0.599806669889	0.61575640406	0.714838086032	0.626389560174	0.657805703238	0.443692605123	0.665055582407	0.581923634606	0.60415659739	0.291445142581	0.0	0.492508458192	0.689221846303	0.67133881102	0.740454325761	0.684388593523	0.711454809087	0.693088448526	0.694055099082	0.722571290478	0.654422426293	0.672788786854	0.688255195747	0.664572257129	0.63653939101	0.724987916868	0.640405993233	0.670855485742	0.674238762687	0.687771870469
