	CA7	CA8	CB7	CB8	CC7	CC8	CD7	CD8	CE7	CE8	CF7	CF8	CG7	CG8	CH7	CH8	CA1	CA2	CB1	CB2	CC1	CC2	CD1	CD2	CE1	CE2	CF1	CF2	CG1	CG2	CH1	CH2	CA5	CA6	CB5	CB6	CC5	CC6	CD6	CE5	CE6	CF5	CF6	CG5	CG6	CH5	CH6	CA11	CA12	CB11	CB12	CC11	CC12	CD11	CD12	CE11	CE12	CF11	CF12	CG11	CG12	CH11	CH12	CA3	CA4	CB3	CB4	CC4	CD3	CD4	CE4	CF3	CF4	CG3	CG4	CH3	CH4	CA9	CA10	CB9	CB10	CC9	CC10	CD9	CD10	CE9	CE10	CF9	CG9	CG10	CH9	CH10
CA7	0.0	0.338521400778	0.63813229572	0.562256809339	0.721789883268	0.663424124514	0.38326848249	0.429961089494	0.426070038911	0.412451361868	0.665369649805	0.677042801556	0.583657587549	0.678988326848	0.389105058366	0.322957198444	0.912451361868	0.920233463035	0.912451361868	0.910505836576	0.715953307393	0.750972762646	0.951361867704	0.931906614786	0.822957198444	0.891050583658	0.836575875486	0.850194552529	0.787937743191	0.854085603113	0.854085603113	0.879377431907	0.525291828794	0.548638132296	0.570038910506	0.527237354086	0.605058365759	0.573929961089	0.575875486381	0.573929961089	0.61673151751	0.607003891051	0.636186770428	0.573929961089	0.554474708171	0.546692607004	0.538910505837	0.686770428016	0.710116731518	0.704280155642	0.706225680934	0.618677042802	0.65953307393	0.661478599222	0.706225680934	0.618677042802	0.558365758755	0.589494163424	0.647859922179	0.678988326848	0.692607003891	0.688715953307	0.684824902724	0.916342412451	0.939688715953	0.891050583658	0.710116731518	0.931906614786	0.902723735409	0.708171206226	0.924124513619	0.867704280156	0.902723735409	0.752918287938	0.891050583658	0.949416342412	0.906614785992	0.710116731518	0.696498054475	0.717898832685	0.758754863813	0.618677042802	0.620622568093	0.591439688716	0.589494163424	0.54280155642	0.527237354086	0.784046692607	0.739299610895	0.692607003891	0.704280155642	0.725680933852
CA8	0.338521400778	0.0	0.632295719844	0.558365758755	0.684824902724	0.608949416342	0.354085603113	0.449416342412	0.441634241245	0.402723735409	0.643968871595	0.61673151751	0.575875486381	0.667315175097	0.334630350195	0.336575875486	0.867704280156	0.891050583658	0.91439688716	0.906614785992	0.708171206226	0.743190661479	0.902723735409	0.892996108949	0.787937743191	0.854085603113	0.805447470817	0.821011673152	0.766536964981	0.854085603113	0.84046692607	0.859922178988	0.52140077821	0.538910505837	0.581712062257	0.531128404669	0.622568093385	0.579766536965	0.579766536965	0.568093385214	0.614785992218	0.599221789883	0.651750972763	0.573929961089	0.571984435798	0.54280155642	0.540856031128	0.714007782101	0.727626459144	0.686770428016	0.696498054475	0.63813229572	0.653696498054	0.661478599222	0.704280155642	0.61673151751	0.568093385214	0.620622568093	0.673151750973	0.686770428016	0.68093385214	0.710116731518	0.684824902724	0.926070038911	0.95719844358	0.906614785992	0.690661478599	0.951361867704	0.91439688716	0.694552529183	0.929961089494	0.881322957198	0.922178988327	0.760700389105	0.9046692607	0.970817120623	0.920233463035	0.68093385214	0.712062256809	0.694552529183	0.731517509728	0.643968871595	0.647859922179	0.562256809339	0.568093385214	0.509727626459	0.496108949416	0.780155642023	0.700389105058	0.653696498054	0.68093385214	0.704280155642
CB7	0.63813229572	0.632295719844	0.0	0.536964980545	0.686770428016	0.673151750973	0.636186770428	0.657587548638	0.647859922179	0.667315175097	0.643968871595	0.673151750973	0.515564202335	0.412451361868	0.628404669261	0.632295719844	0.848249027237	0.842412451362	0.875486381323	0.867704280156	0.712062256809	0.708171206226	0.799610894942	0.795719844358	0.684824902724	0.721789883268	0.768482490272	0.762645914397	0.714007782101	0.801556420233	0.778210116732	0.799610894942	0.706225680934	0.706225680934	0.669260700389	0.704280155642	0.655642023346	0.690661478599	0.706225680934	0.708171206226	0.710116731518	0.714007782101	0.642023346304	0.698443579767	0.663424124514	0.704280155642	0.708171206226	0.741245136187	0.694552529183	0.787937743191	0.793774319066	0.678988326848	0.741245136187	0.694552529183	0.72373540856	0.673151750973	0.603112840467	0.678988326848	0.682879377432	0.774319066148	0.787937743191	0.708171206226	0.760700389105	0.885214007782	0.821011673152	0.891050583658	0.762645914397	0.830739299611	0.88326848249	0.72373540856	0.924124513619	0.81906614786	0.889105058366	0.756809338521	0.875486381323	0.850194552529	0.879377431907	0.838521400778	0.780155642023	0.856031128405	0.88326848249	0.686770428016	0.663424124514	0.721789883268	0.715953307393	0.690661478599	0.678988326848	0.88326848249	0.86186770428	0.813229571984	0.854085603113	0.869649805447
CB8	0.562256809339	0.558365758755	0.536964980545	0.0	0.647859922179	0.642023346304	0.54280155642	0.630350194553	0.626459143969	0.597276264591	0.626459143969	0.647859922179	0.474708171206	0.544747081712	0.54280155642	0.56420233463	0.850194552529	0.865758754864	0.881322957198	0.887159533074	0.647859922179	0.700389105058	0.867704280156	0.850194552529	0.764591439689	0.813229571984	0.772373540856	0.785992217899	0.715953307393	0.813229571984	0.836575875486	0.824902723735	0.65953307393	0.661478599222	0.643968871595	0.700389105058	0.61673151751	0.671206225681	0.673151750973	0.688715953307	0.682879377432	0.696498054475	0.610894941634	0.690661478599	0.614785992218	0.675097276265	0.643968871595	0.708171206226	0.669260700389	0.737354085603	0.735408560311	0.640077821012	0.708171206226	0.65953307393	0.710116731518	0.628404669261	0.568093385214	0.634241245136	0.661478599222	0.725680933852	0.747081712062	0.673151750973	0.710116731518	0.891050583658	0.892996108949	0.889105058366	0.690661478599	0.877431906615	0.894941634241	0.690661478599	0.91439688716	0.86186770428	0.896887159533	0.721789883268	0.885214007782	0.902723735409	0.88326848249	0.75486381323	0.749027237354	0.77626459144	0.801556420233	0.671206225681	0.640077821012	0.622568093385	0.610894941634	0.608949416342	0.599221789883	0.793774319066	0.772373540856	0.72373540856	0.752918287938	0.772373540856
CC7	0.721789883268	0.684824902724	0.686770428016	0.647859922179	0.0	0.550583657588	0.70233463035	0.789883268482	0.795719844358	0.758754863813	0.552529182879	0.527237354086	0.665369649805	0.68093385214	0.661478599222	0.714007782101	0.807392996109	0.81906614786	0.865758754864	0.867704280156	0.710116731518	0.719844357977	0.717898832685	0.700389105058	0.642023346304	0.655642023346	0.698443579767	0.735408560311	0.774319066148	0.813229571984	0.789883268482	0.791828793774	0.813229571984	0.826848249027	0.836575875486	0.859922178988	0.832684824903	0.852140077821	0.84046692607	0.848249027237	0.838521400778	0.854085603113	0.832684824903	0.848249027237	0.821011673152	0.846303501946	0.799610894942	0.717898832685	0.731517509728	0.733463035019	0.737354085603	0.719844357977	0.70233463035	0.735408560311	0.729571984436	0.70233463035	0.712062256809	0.710116731518	0.739299610895	0.733463035019	0.719844357977	0.717898832685	0.70233463035	0.941634241245	0.941634241245	0.922178988327	0.764591439689	0.95719844358	0.93579766537	0.760700389105	0.943579766537	0.852140077821	0.928015564202	0.787937743191	0.922178988327	0.970817120623	0.933852140078	0.749027237354	0.727626459144	0.770428015564	0.784046692607	0.854085603113	0.830739299611	0.743190661479	0.749027237354	0.749027237354	0.747081712062	0.815175097276	0.772373540856	0.752918287938	0.758754863813	0.782101167315
CC8	0.663424124514	0.608949416342	0.673151750973	0.642023346304	0.550583657588	0.0	0.651750972763	0.75486381323	0.74513618677	0.715953307393	0.513618677043	0.507782101167	0.61673151751	0.675097276265	0.593385214008	0.649805447471	0.809338521401	0.824902723735	0.875486381323	0.865758754864	0.684824902724	0.700389105058	0.768482490272	0.762645914397	0.636186770428	0.706225680934	0.717898832685	0.747081712062	0.760700389105	0.826848249027	0.787937743191	0.782101167315	0.782101167315	0.787937743191	0.801556420233	0.821011673152	0.793774319066	0.811284046693	0.801556420233	0.803501945525	0.799610894942	0.821011673152	0.793774319066	0.815175097276	0.782101167315	0.809338521401	0.764591439689	0.698443579767	0.712062256809	0.688715953307	0.706225680934	0.675097276265	0.640077821012	0.686770428016	0.700389105058	0.678988326848	0.673151750973	0.653696498054	0.70233463035	0.678988326848	0.675097276265	0.696498054475	0.690661478599	0.928015564202	0.922178988327	0.898832684825	0.698443579767	0.945525291829	0.912451361868	0.698443579767	0.939688715953	0.846303501946	0.910505836576	0.758754863813	0.891050583658	0.953307392996	0.912451361868	0.68093385214	0.710116731518	0.715953307393	0.741245136187	0.807392996109	0.780155642023	0.653696498054	0.669260700389	0.675097276265	0.655642023346	0.811284046693	0.715953307393	0.669260700389	0.704280155642	0.739299610895
CD7	0.38326848249	0.354085603113	0.636186770428	0.54280155642	0.70233463035	0.651750972763	0.0	0.45719844358	0.429961089494	0.396887159533	0.636186770428	0.661478599222	0.568093385214	0.677042801556	0.375486381323	0.38326848249	0.879377431907	0.902723735409	0.91439688716	0.908560311284	0.704280155642	0.733463035019	0.924124513619	0.912451361868	0.801556420233	0.871595330739	0.803501945525	0.81906614786	0.774319066148	0.852140077821	0.84046692607	0.86186770428	0.531128404669	0.540856031128	0.575875486381	0.552529182879	0.618677042802	0.577821011673	0.577821011673	0.575875486381	0.620622568093	0.605058365759	0.651750972763	0.566147859922	0.570038910506	0.544747081712	0.540856031128	0.682879377432	0.694552529183	0.677042801556	0.694552529183	0.608949416342	0.63813229572	0.618677042802	0.688715953307	0.591439688716	0.544747081712	0.587548638132	0.630350194553	0.678988326848	0.669260700389	0.677042801556	0.677042801556	0.922178988327	0.947470817121	0.892996108949	0.715953307393	0.933852140078	0.912451361868	0.712062256809	0.920233463035	0.856031128405	0.906614785992	0.758754863813	0.894941634241	0.951361867704	0.912451361868	0.686770428016	0.706225680934	0.690661478599	0.743190661479	0.614785992218	0.620622568093	0.550583657588	0.544747081712	0.496108949416	0.496108949416	0.760700389105	0.708171206226	0.653696498054	0.678988326848	0.694552529183
CD8	0.429961089494	0.449416342412	0.657587548638	0.630350194553	0.789883268482	0.75486381323	0.45719844358	0.0	0.315175097276	0.433852140078	0.747081712062	0.774319066148	0.632295719844	0.708171206226	0.490272373541	0.439688715953	0.929961089494	0.939688715953	0.931906614786	0.931906614786	0.75486381323	0.772373540856	0.970817120623	0.963035019455	0.824902723735	0.91439688716	0.863813229572	0.877431906615	0.807392996109	0.877431906615	0.871595330739	0.900778210117	0.535019455253	0.546692607004	0.571984435798	0.517509727626	0.608949416342	0.554474708171	0.575875486381	0.558365758755	0.61673151751	0.587548638132	0.642023346304	0.550583657588	0.571984435798	0.52140077821	0.573929961089	0.739299610895	0.737354085603	0.768482490272	0.770428015564	0.663424124514	0.74513618677	0.669260700389	0.712062256809	0.653696498054	0.58560311284	0.655642023346	0.682879377432	0.760700389105	0.758754863813	0.733463035019	0.737354085603	0.920233463035	0.93579766537	0.871595330739	0.782101167315	0.933852140078	0.894941634241	0.768482490272	0.916342412451	0.854085603113	0.891050583658	0.81906614786	0.875486381323	0.93579766537	0.910505836576	0.774319066148	0.785992217899	0.784046692607	0.836575875486	0.607003891051	0.608949416342	0.634241245136	0.636186770428	0.603112840467	0.575875486381	0.813229571984	0.795719844358	0.733463035019	0.780155642023	0.787937743191
CE7	0.426070038911	0.441634241245	0.647859922179	0.626459143969	0.795719844358	0.74513618677	0.429961089494	0.315175097276	0.0	0.428015564202	0.741245136187	0.772373540856	0.622568093385	0.694552529183	0.496108949416	0.449416342412	0.916342412451	0.926070038911	0.922178988327	0.922178988327	0.762645914397	0.772373540856	0.959143968872	0.949416342412	0.826848249027	0.902723735409	0.857976653696	0.869649805447	0.79766536965	0.875486381323	0.859922178988	0.892996108949	0.546692607004	0.552529182879	0.581712062257	0.519455252918	0.622568093385	0.566147859922	0.581712062257	0.568093385214	0.622568093385	0.5953307393	0.657587548638	0.562256809339	0.58560311284	0.535019455253	0.579766536965	0.752918287938	0.750972762646	0.782101167315	0.787937743191	0.675097276265	0.750972762646	0.667315175097	0.729571984436	0.657587548638	0.589494163424	0.661478599222	0.682879377432	0.782101167315	0.768482490272	0.747081712062	0.770428015564	0.924124513619	0.933852140078	0.881322957198	0.791828793774	0.941634241245	0.902723735409	0.780155642023	0.924124513619	0.86186770428	0.902723735409	0.838521400778	0.88326848249	0.937743190661	0.916342412451	0.778210116732	0.807392996109	0.789883268482	0.846303501946	0.612840466926	0.618677042802	0.645914396887	0.643968871595	0.603112840467	0.577821011673	0.824902723735	0.805447470817	0.750972762646	0.778210116732	0.799610894942
CE8	0.412451361868	0.402723735409	0.667315175097	0.597276264591	0.758754863813	0.715953307393	0.396887159533	0.433852140078	0.428015564202	0.0	0.704280155642	0.727626459144	0.610894941634	0.714007782101	0.459143968872	0.431906614786	0.906614785992	0.931906614786	0.939688715953	0.933852140078	0.741245136187	0.77626459144	0.961089494163	0.943579766537	0.828793774319	0.896887159533	0.844357976654	0.865758754864	0.809338521401	0.88326848249	0.869649805447	0.892996108949	0.538910505837	0.552529182879	0.597276264591	0.540856031128	0.63813229572	0.5953307393	0.5953307393	0.581712062257	0.618677042802	0.612840466926	0.663424124514	0.587548638132	0.581712062257	0.556420233463	0.552529182879	0.696498054475	0.677042801556	0.717898832685	0.729571984436	0.620622568093	0.68093385214	0.634241245136	0.708171206226	0.601167315175	0.552529182879	0.608949416342	0.634241245136	0.706225680934	0.710116731518	0.68093385214	0.706225680934	0.943579766537	0.961089494163	0.908560311284	0.768482490272	0.959143968872	0.924124513619	0.764591439689	0.937743190661	0.881322957198	0.918287937743	0.813229571984	0.906614785992	0.970817120623	0.931906614786	0.737354085603	0.766536964981	0.719844357977	0.805447470817	0.607003891051	0.610894941634	0.583657587549	0.581712062257	0.529182879377	0.515564202335	0.749027237354	0.760700389105	0.692607003891	0.708171206226	0.74513618677
CF7	0.665369649805	0.643968871595	0.643968871595	0.626459143969	0.552529182879	0.513618677043	0.636186770428	0.747081712062	0.741245136187	0.704280155642	0.0	0.536964980545	0.61673151751	0.634241245136	0.624513618677	0.665369649805	0.834630350195	0.836575875486	0.889105058366	0.875486381323	0.700389105058	0.715953307393	0.782101167315	0.758754863813	0.649805447471	0.70233463035	0.721789883268	0.737354085603	0.778210116732	0.822957198444	0.787937743191	0.793774319066	0.756809338521	0.760700389105	0.782101167315	0.807392996109	0.780155642023	0.79766536965	0.784046692607	0.795719844358	0.784046692607	0.79766536965	0.780155642023	0.795719844358	0.764591439689	0.793774319066	0.747081712062	0.700389105058	0.706225680934	0.715953307393	0.727626459144	0.651750972763	0.665369649805	0.677042801556	0.692607003891	0.645914396887	0.649805447471	0.63813229572	0.68093385214	0.712062256809	0.696498054475	0.690661478599	0.706225680934	0.941634241245	0.931906614786	0.920233463035	0.743190661479	0.953307392996	0.922178988327	0.741245136187	0.943579766537	0.848249027237	0.922178988327	0.784046692607	0.908560311284	0.963035019455	0.926070038911	0.719844357977	0.715953307393	0.750972762646	0.772373540856	0.785992217899	0.766536964981	0.684824902724	0.684824902724	0.690661478599	0.68093385214	0.81906614786	0.764591439689	0.70233463035	0.741245136187	0.774319066148
CF8	0.677042801556	0.61673151751	0.673151750973	0.647859922179	0.527237354086	0.507782101167	0.661478599222	0.774319066148	0.772373540856	0.727626459144	0.536964980545	0.0	0.632295719844	0.671206225681	0.618677042802	0.663424124514	0.805447470817	0.826848249027	0.871595330739	0.86186770428	0.684824902724	0.690661478599	0.729571984436	0.729571984436	0.675097276265	0.686770428016	0.717898832685	0.739299610895	0.758754863813	0.81906614786	0.789883268482	0.805447470817	0.785992217899	0.799610894942	0.817120622568	0.842412451362	0.809338521401	0.826848249027	0.817120622568	0.824902723735	0.811284046693	0.826848249027	0.813229571984	0.826848249027	0.799610894942	0.821011673152	0.77626459144	0.692607003891	0.714007782101	0.688715953307	0.704280155642	0.70233463035	0.657587548638	0.712062256809	0.725680933852	0.696498054475	0.704280155642	0.682879377432	0.725680933852	0.68093385214	0.682879377432	0.696498054475	0.682879377432	0.933852140078	0.937743190661	0.906614785992	0.694552529183	0.951361867704	0.920233463035	0.698443579767	0.945525291829	0.854085603113	0.916342412451	0.760700389105	0.900778210117	0.963035019455	0.922178988327	0.684824902724	0.708171206226	0.715953307393	0.74513618677	0.828793774319	0.809338521401	0.68093385214	0.682879377432	0.688715953307	0.673151750973	0.813229571984	0.721789883268	0.684824902724	0.712062256809	0.741245136187
CG7	0.583657587549	0.575875486381	0.515564202335	0.474708171206	0.665369649805	0.61673151751	0.568093385214	0.632295719844	0.622568093385	0.610894941634	0.61673151751	0.632295719844	0.0	0.527237354086	0.579766536965	0.581712062257	0.844357976654	0.873540856031	0.865758754864	0.873540856031	0.649805447471	0.682879377432	0.836575875486	0.81906614786	0.739299610895	0.774319066148	0.774319066148	0.778210116732	0.715953307393	0.791828793774	0.817120622568	0.824902723735	0.663424124514	0.657587548638	0.647859922179	0.708171206226	0.628404669261	0.677042801556	0.68093385214	0.692607003891	0.686770428016	0.70233463035	0.634241245136	0.690661478599	0.618677042802	0.686770428016	0.651750972763	0.714007782101	0.686770428016	0.750972762646	0.74513618677	0.645914396887	0.712062256809	0.667315175097	0.706225680934	0.643968871595	0.577821011673	0.640077821012	0.649805447471	0.735408560311	0.756809338521	0.690661478599	0.715953307393	0.892996108949	0.894941634241	0.88326848249	0.737354085603	0.896887159533	0.889105058366	0.719844357977	0.922178988327	0.852140077821	0.889105058366	0.770428015564	0.88326848249	0.918287937743	0.879377431907	0.760700389105	0.758754863813	0.77626459144	0.821011673152	0.682879377432	0.657587548638	0.642023346304	0.63813229572	0.630350194553	0.608949416342	0.811284046693	0.789883268482	0.741245136187	0.774319066148	0.79766536965
CG8	0.678988326848	0.667315175097	0.412451361868	0.544747081712	0.68093385214	0.675097276265	0.677042801556	0.708171206226	0.694552529183	0.714007782101	0.634241245136	0.671206225681	0.527237354086	0.0	0.677042801556	0.677042801556	0.84046692607	0.859922178988	0.869649805447	0.867704280156	0.721789883268	0.706225680934	0.822957198444	0.805447470817	0.708171206226	0.747081712062	0.758754863813	0.770428015564	0.706225680934	0.793774319066	0.795719844358	0.799610894942	0.74513618677	0.743190661479	0.715953307393	0.749027237354	0.696498054475	0.725680933852	0.752918287938	0.747081712062	0.75486381323	0.760700389105	0.678988326848	0.743190661479	0.704280155642	0.739299610895	0.747081712062	0.760700389105	0.710116731518	0.801556420233	0.799610894942	0.692607003891	0.756809338521	0.700389105058	0.741245136187	0.686770428016	0.653696498054	0.682879377432	0.704280155642	0.791828793774	0.805447470817	0.731517509728	0.768482490272	0.88326848249	0.813229571984	0.891050583658	0.768482490272	0.809338521401	0.889105058366	0.727626459144	0.924124513619	0.830739299611	0.887159533074	0.764591439689	0.881322957198	0.84046692607	0.875486381323	0.834630350195	0.803501945525	0.86186770428	0.881322957198	0.714007782101	0.688715953307	0.729571984436	0.710116731518	0.739299610895	0.717898832685	0.887159533074	0.871595330739	0.821011673152	0.850194552529	0.877431906615
CH7	0.389105058366	0.334630350195	0.628404669261	0.54280155642	0.661478599222	0.593385214008	0.375486381323	0.490272373541	0.496108949416	0.459143968872	0.624513618677	0.618677042802	0.579766536965	0.677042801556	0.0	0.38326848249	0.867704280156	0.879377431907	0.9046692607	0.891050583658	0.688715953307	0.729571984436	0.887159533074	0.891050583658	0.770428015564	0.832684824903	0.791828793774	0.803501945525	0.766536964981	0.857976653696	0.836575875486	0.846303501946	0.523346303502	0.550583657588	0.581712062257	0.566147859922	0.622568093385	0.575875486381	0.579766536965	0.575875486381	0.612840466926	0.603112840467	0.655642023346	0.56420233463	0.570038910506	0.544747081712	0.544747081712	0.715953307393	0.727626459144	0.70233463035	0.708171206226	0.642023346304	0.669260700389	0.661478599222	0.708171206226	0.614785992218	0.573929961089	0.626459143969	0.669260700389	0.690661478599	0.692607003891	0.714007782101	0.700389105058	0.920233463035	0.951361867704	0.906614785992	0.698443579767	0.947470817121	0.91439688716	0.706225680934	0.93579766537	0.873540856031	0.91439688716	0.750972762646	0.902723735409	0.964980544747	0.916342412451	0.684824902724	0.717898832685	0.715953307393	0.741245136187	0.657587548638	0.653696498054	0.577821011673	0.573929961089	0.52140077821	0.501945525292	0.793774319066	0.714007782101	0.667315175097	0.704280155642	0.725680933852
CH8	0.322957198444	0.336575875486	0.632295719844	0.56420233463	0.714007782101	0.649805447471	0.38326848249	0.439688715953	0.449416342412	0.431906614786	0.665369649805	0.663424124514	0.581712062257	0.677042801556	0.38326848249	0.0	0.916342412451	0.924124513619	0.912451361868	0.916342412451	0.72373540856	0.760700389105	0.945525291829	0.933852140078	0.81906614786	0.891050583658	0.84046692607	0.852140077821	0.799610894942	0.859922178988	0.859922178988	0.892996108949	0.531128404669	0.546692607004	0.577821011673	0.533073929961	0.614785992218	0.571984435798	0.587548638132	0.575875486381	0.622568093385	0.608949416342	0.640077821012	0.568093385214	0.562256809339	0.546692607004	0.54280155642	0.706225680934	0.729571984436	0.678988326848	0.688715953307	0.632295719844	0.653696498054	0.678988326848	0.717898832685	0.640077821012	0.575875486381	0.608949416342	0.673151750973	0.673151750973	0.682879377432	0.706225680934	0.667315175097	0.926070038911	0.951361867704	0.898832684825	0.690661478599	0.941634241245	0.91439688716	0.684824902724	0.928015564202	0.879377431907	0.908560311284	0.75486381323	0.9046692607	0.961089494163	0.920233463035	0.696498054475	0.714007782101	0.708171206226	0.737354085603	0.643968871595	0.649805447471	0.577821011673	0.575875486381	0.527237354086	0.513618677043	0.801556420233	0.727626459144	0.678988326848	0.688715953307	0.714007782101
CA1	0.912451361868	0.867704280156	0.848249027237	0.850194552529	0.807392996109	0.809338521401	0.879377431907	0.929961089494	0.916342412451	0.906614785992	0.834630350195	0.805447470817	0.844357976654	0.84046692607	0.867704280156	0.916342412451	0.0	0.36186770428	0.486381322957	0.474708171206	0.857976653696	0.735408560311	0.727626459144	0.75486381323	0.731517509728	0.747081712062	0.476653696498	0.488326848249	0.482490272374	0.453307392996	0.468871595331	0.391050583658	0.959143968872	0.95719844358	0.961089494163	0.95719844358	0.963035019455	0.961089494163	0.963035019455	0.959143968872	0.961089494163	0.959143968872	0.963035019455	0.959143968872	0.963035019455	0.959143968872	0.961089494163	0.924124513619	0.929961089494	0.924124513619	0.939688715953	0.924124513619	0.918287937743	0.918287937743	0.908560311284	0.906614785992	0.912451361868	0.937743190661	0.926070038911	0.926070038911	0.926070038911	0.929961089494	0.931906614786	0.951361867704	0.974708171206	0.941634241245	0.943579766537	0.970817120623	0.943579766537	0.939688715953	0.953307392996	0.922178988327	0.93579766537	0.93579766537	0.943579766537	0.974708171206	0.945525291829	0.924124513619	0.918287937743	0.928015564202	0.920233463035	0.943579766537	0.929961089494	0.929961089494	0.929961089494	0.926070038911	0.928015564202	0.929961089494	0.918287937743	0.926070038911	0.926070038911	0.931906614786
CA2	0.920233463035	0.891050583658	0.842412451362	0.865758754864	0.81906614786	0.824902723735	0.902723735409	0.939688715953	0.926070038911	0.931906614786	0.836575875486	0.826848249027	0.873540856031	0.859922178988	0.879377431907	0.924124513619	0.36186770428	0.0	0.461089494163	0.431906614786	0.881322957198	0.74513618677	0.747081712062	0.780155642023	0.75486381323	0.75486381323	0.492217898833	0.494163424125	0.503891050584	0.447470817121	0.443579766537	0.410505836576	0.959143968872	0.959143968872	0.964980544747	0.961089494163	0.963035019455	0.961089494163	0.964980544747	0.961089494163	0.959143968872	0.959143968872	0.963035019455	0.959143968872	0.966926070039	0.959143968872	0.961089494163	0.937743190661	0.93579766537	0.928015564202	0.941634241245	0.93579766537	0.93579766537	0.928015564202	0.931906614786	0.928015564202	0.931906614786	0.941634241245	0.929961089494	0.931906614786	0.931906614786	0.945525291829	0.941634241245	0.943579766537	0.949416342412	0.947470817121	0.941634241245	0.947470817121	0.951361867704	0.941634241245	0.953307392996	0.924124513619	0.945525291829	0.933852140078	0.943579766537	0.968871595331	0.943579766537	0.937743190661	0.941634241245	0.941634241245	0.947470817121	0.939688715953	0.929961089494	0.939688715953	0.933852140078	0.947470817121	0.931906614786	0.945525291829	0.949416342412	0.951361867704	0.949416342412	0.945525291829
CB1	0.912451361868	0.91439688716	0.875486381323	0.881322957198	0.865758754864	0.875486381323	0.91439688716	0.931906614786	0.922178988327	0.939688715953	0.889105058366	0.871595330739	0.865758754864	0.869649805447	0.9046692607	0.912451361868	0.486381322957	0.461089494163	0.0	0.29766536965	0.896887159533	0.77626459144	0.817120622568	0.84046692607	0.817120622568	0.817120622568	0.540856031128	0.56420233463	0.505836575875	0.463035019455	0.468871595331	0.468871595331	0.961089494163	0.961089494163	0.947470817121	0.955252918288	0.941634241245	0.943579766537	0.95719844358	0.961089494163	0.961089494163	0.964980544747	0.941634241245	0.951361867704	0.939688715953	0.955252918288	0.959143968872	0.928015564202	0.924124513619	0.931906614786	0.922178988327	0.926070038911	0.926070038911	0.933852140078	0.93579766537	0.93579766537	0.922178988327	0.918287937743	0.929961089494	0.926070038911	0.937743190661	0.931906614786	0.920233463035	0.937743190661	0.951361867704	0.953307392996	0.93579766537	0.947470817121	0.945525291829	0.937743190661	0.943579766537	0.920233463035	0.945525291829	0.931906614786	0.961089494163	0.974708171206	0.937743190661	0.961089494163	0.929961089494	0.959143968872	0.963035019455	0.943579766537	0.929961089494	0.947470817121	0.937743190661	0.945525291829	0.937743190661	0.961089494163	0.959143968872	0.959143968872	0.964980544747	0.963035019455
CB2	0.910505836576	0.906614785992	0.867704280156	0.887159533074	0.867704280156	0.865758754864	0.908560311284	0.931906614786	0.922178988327	0.933852140078	0.875486381323	0.86186770428	0.873540856031	0.867704280156	0.891050583658	0.916342412451	0.474708171206	0.431906614786	0.29766536965	0.0	0.894941634241	0.762645914397	0.828793774319	0.848249027237	0.815175097276	0.813229571984	0.519455252918	0.533073929961	0.503891050584	0.449416342412	0.437743190661	0.447470817121	0.95719844358	0.95719844358	0.947470817121	0.949416342412	0.951361867704	0.951361867704	0.953307392996	0.95719844358	0.95719844358	0.95719844358	0.951361867704	0.949416342412	0.951361867704	0.951361867704	0.95719844358	0.926070038911	0.924124513619	0.924124513619	0.926070038911	0.926070038911	0.924124513619	0.926070038911	0.924124513619	0.918287937743	0.918287937743	0.928015564202	0.924124513619	0.920233463035	0.928015564202	0.924124513619	0.926070038911	0.937743190661	0.945525291829	0.949416342412	0.931906614786	0.945525291829	0.93579766537	0.933852140078	0.947470817121	0.910505836576	0.939688715953	0.928015564202	0.945525291829	0.964980544747	0.931906614786	0.951361867704	0.924124513619	0.949416342412	0.953307392996	0.929961089494	0.924124513619	0.937743190661	0.93579766537	0.949416342412	0.931906614786	0.953307392996	0.949416342412	0.949416342412	0.95719844358	0.955252918288
CC1	0.715953307393	0.708171206226	0.712062256809	0.647859922179	0.710116731518	0.684824902724	0.704280155642	0.75486381323	0.762645914397	0.741245136187	0.700389105058	0.684824902724	0.649805447471	0.721789883268	0.688715953307	0.72373540856	0.857976653696	0.881322957198	0.896887159533	0.894941634241	0.0	0.527237354086	0.9046692607	0.898832684825	0.774319066148	0.848249027237	0.770428015564	0.785992217899	0.721789883268	0.832684824903	0.832684824903	0.842412451362	0.77626459144	0.774319066148	0.760700389105	0.817120622568	0.739299610895	0.793774319066	0.785992217899	0.805447470817	0.799610894942	0.811284046693	0.733463035019	0.803501945525	0.731517509728	0.799610894942	0.758754863813	0.663424124514	0.671206225681	0.733463035019	0.74513618677	0.686770428016	0.682879377432	0.688715953307	0.696498054475	0.696498054475	0.677042801556	0.715953307393	0.717898832685	0.737354085603	0.719844357977	0.657587548638	0.714007782101	0.830739299611	0.81906614786	0.805447470817	0.630350194553	0.834630350195	0.844357976654	0.632295719844	0.865758754864	0.772373540856	0.832684824903	0.686770428016	0.795719844358	0.844357976654	0.832684824903	0.678988326848	0.712062256809	0.741245136187	0.712062256809	0.787937743191	0.758754863813	0.690661478599	0.706225680934	0.727626459144	0.698443579767	0.799610894942	0.704280155642	0.712062256809	0.741245136187	0.739299610895
CC2	0.750972762646	0.743190661479	0.708171206226	0.700389105058	0.719844357977	0.700389105058	0.733463035019	0.772373540856	0.772373540856	0.77626459144	0.715953307393	0.690661478599	0.682879377432	0.706225680934	0.729571984436	0.760700389105	0.735408560311	0.74513618677	0.77626459144	0.762645914397	0.527237354086	0.0	0.801556420233	0.81906614786	0.694552529183	0.756809338521	0.620622568093	0.620622568093	0.653696498054	0.694552529183	0.686770428016	0.70233463035	0.795719844358	0.791828793774	0.782101167315	0.821011673152	0.768482490272	0.803501945525	0.805447470817	0.813229571984	0.807392996109	0.817120622568	0.768482490272	0.817120622568	0.770428015564	0.801556420233	0.795719844358	0.721789883268	0.717898832685	0.75486381323	0.774319066148	0.735408560311	0.721789883268	0.725680933852	0.727626459144	0.743190661479	0.717898832685	0.750972762646	0.743190661479	0.747081712062	0.752918287938	0.721789883268	0.743190661479	0.863813229572	0.848249027237	0.815175097276	0.712062256809	0.856031128405	0.852140077821	0.710116731518	0.86186770428	0.770428015564	0.834630350195	0.74513618677	0.811284046693	0.885214007782	0.854085603113	0.715953307393	0.741245136187	0.780155642023	0.74513618677	0.789883268482	0.774319066148	0.758754863813	0.766536964981	0.789883268482	0.75486381323	0.832684824903	0.758754863813	0.766536964981	0.778210116732	0.787937743191
CD1	0.951361867704	0.902723735409	0.799610894942	0.867704280156	0.717898832685	0.768482490272	0.924124513619	0.970817120623	0.959143968872	0.961089494163	0.782101167315	0.729571984436	0.836575875486	0.822957198444	0.887159533074	0.945525291829	0.727626459144	0.747081712062	0.817120622568	0.828793774319	0.9046692607	0.801556420233	0.0	0.459143968872	0.632295719844	0.546692607004	0.737354085603	0.743190661479	0.815175097276	0.805447470817	0.815175097276	0.787937743191	0.988326848249	0.988326848249	0.988326848249	0.988326848249	0.988326848249	0.986381322957	0.988326848249	0.988326848249	0.988326848249	0.986381322957	0.988326848249	0.986381322957	0.988326848249	0.988326848249	0.988326848249	0.968871595331	0.966926070039	0.970817120623	0.968871595331	0.970817120623	0.963035019455	0.963035019455	0.963035019455	0.959143968872	0.959143968872	0.964980544747	0.966926070039	0.970817120623	0.966926070039	0.968871595331	0.970817120623	0.976653696498	0.976653696498	0.984435797665	0.980544747082	0.974708171206	0.988326848249	0.984435797665	0.988326848249	0.963035019455	0.986381322957	0.976653696498	0.986381322957	0.998054474708	0.974708171206	0.982490272374	0.970817120623	0.984435797665	0.988326848249	0.970817120623	0.972762645914	0.980544747082	0.980544747082	0.984435797665	0.972762645914	0.986381322957	0.984435797665	0.980544747082	0.986381322957	0.988326848249
CD2	0.931906614786	0.892996108949	0.795719844358	0.850194552529	0.700389105058	0.762645914397	0.912451361868	0.963035019455	0.949416342412	0.943579766537	0.758754863813	0.729571984436	0.81906614786	0.805447470817	0.891050583658	0.933852140078	0.75486381323	0.780155642023	0.84046692607	0.848249027237	0.898832684825	0.81906614786	0.459143968872	0.0	0.630350194553	0.535019455253	0.752918287938	0.758754863813	0.824902723735	0.81906614786	0.836575875486	0.79766536965	0.974708171206	0.976653696498	0.976653696498	0.976653696498	0.976653696498	0.974708171206	0.976653696498	0.976653696498	0.974708171206	0.974708171206	0.976653696498	0.974708171206	0.976653696498	0.974708171206	0.976653696498	0.947470817121	0.949416342412	0.945525291829	0.953307392996	0.949416342412	0.945525291829	0.949416342412	0.947470817121	0.941634241245	0.943579766537	0.945525291829	0.947470817121	0.951361867704	0.949416342412	0.945525291829	0.951361867704	0.974708171206	0.964980544747	0.972762645914	0.966926070039	0.974708171206	0.982490272374	0.968871595331	0.988326848249	0.943579766537	0.972762645914	0.963035019455	0.968871595331	0.998054474708	0.972762645914	0.963035019455	0.949416342412	0.970817120623	0.968871595331	0.953307392996	0.95719844358	0.966926070039	0.964980544747	0.966926070039	0.959143968872	0.972762645914	0.972762645914	0.966926070039	0.970817120623	0.970817120623
CE1	0.822957198444	0.787937743191	0.684824902724	0.764591439689	0.642023346304	0.636186770428	0.801556420233	0.824902723735	0.826848249027	0.828793774319	0.649805447471	0.675097276265	0.739299610895	0.708171206226	0.770428015564	0.81906614786	0.731517509728	0.75486381323	0.817120622568	0.815175097276	0.774319066148	0.694552529183	0.632295719844	0.630350194553	0.0	0.515564202335	0.700389105058	0.70233463035	0.725680933852	0.778210116732	0.739299610895	0.727626459144	0.875486381323	0.873540856031	0.871595330739	0.871595330739	0.871595330739	0.869649805447	0.871595330739	0.871595330739	0.873540856031	0.875486381323	0.871595330739	0.869649805447	0.871595330739	0.869649805447	0.873540856031	0.756809338521	0.768482490272	0.803501945525	0.838521400778	0.733463035019	0.760700389105	0.766536964981	0.729571984436	0.760700389105	0.77626459144	0.74513618677	0.747081712062	0.813229571984	0.795719844358	0.75486381323	0.793774319066	0.961089494163	0.939688715953	0.902723735409	0.86186770428	0.955252918288	0.959143968872	0.86186770428	0.968871595331	0.815175097276	0.933852140078	0.910505836576	0.894941634241	0.966926070039	0.95719844358	0.86186770428	0.801556420233	0.889105058366	0.9046692607	0.815175097276	0.817120622568	0.824902723735	0.848249027237	0.848249027237	0.832684824903	0.924124513619	0.88326848249	0.842412451362	0.875486381323	0.885214007782
CE2	0.891050583658	0.854085603113	0.721789883268	0.813229571984	0.655642023346	0.706225680934	0.871595330739	0.91439688716	0.902723735409	0.896887159533	0.70233463035	0.686770428016	0.774319066148	0.747081712062	0.832684824903	0.891050583658	0.747081712062	0.75486381323	0.817120622568	0.813229571984	0.848249027237	0.756809338521	0.546692607004	0.535019455253	0.515564202335	0.0	0.684824902724	0.68093385214	0.766536964981	0.766536964981	0.739299610895	0.725680933852	0.945525291829	0.945525291829	0.941634241245	0.943579766537	0.943579766537	0.941634241245	0.943579766537	0.943579766537	0.945525291829	0.945525291829	0.943579766537	0.941634241245	0.943579766537	0.941634241245	0.945525291829	0.850194552529	0.844357976654	0.846303501946	0.857976653696	0.854085603113	0.846303501946	0.856031128405	0.836575875486	0.850194552529	0.859922178988	0.852140077821	0.838521400778	0.854085603113	0.848249027237	0.842412451362	0.852140077821	0.961089494163	0.941634241245	0.926070038911	0.926070038911	0.955252918288	0.964980544747	0.920233463035	0.970817120623	0.846303501946	0.951361867704	0.916342412451	0.926070038911	0.974708171206	0.95719844358	0.922178988327	0.848249027237	0.924124513619	0.931906614786	0.902723735409	0.91439688716	0.916342412451	0.91439688716	0.918287937743	0.906614785992	0.929961089494	0.929961089494	0.926070038911	0.924124513619	0.931906614786
CF1	0.836575875486	0.805447470817	0.768482490272	0.772373540856	0.698443579767	0.717898832685	0.803501945525	0.863813229572	0.857976653696	0.844357976654	0.721789883268	0.717898832685	0.774319066148	0.758754863813	0.791828793774	0.84046692607	0.476653696498	0.492217898833	0.540856031128	0.519455252918	0.770428015564	0.620622568093	0.737354085603	0.752918287938	0.700389105058	0.684824902724	0.0	0.317120622568	0.501945525292	0.498054474708	0.445525291829	0.431906614786	0.879377431907	0.881322957198	0.891050583658	0.91439688716	0.885214007782	0.896887159533	0.892996108949	0.894941634241	0.889105058366	0.902723735409	0.889105058366	0.9046692607	0.889105058366	0.892996108949	0.881322957198	0.811284046693	0.803501945525	0.801556420233	0.815175097276	0.805447470817	0.801556420233	0.795719844358	0.801556420233	0.795719844358	0.799610894942	0.811284046693	0.801556420233	0.811284046693	0.801556420233	0.809338521401	0.807392996109	0.918287937743	0.924124513619	0.93579766537	0.865758754864	0.939688715953	0.920233463035	0.848249027237	0.931906614786	0.850194552529	0.918287937743	0.852140077821	0.929961089494	0.963035019455	0.910505836576	0.846303501946	0.811284046693	0.857976653696	0.863813229572	0.908560311284	0.891050583658	0.854085603113	0.850194552529	0.857976653696	0.852140077821	0.867704280156	0.863813229572	0.854085603113	0.863813229572	0.854085603113
CF2	0.850194552529	0.821011673152	0.762645914397	0.785992217899	0.735408560311	0.747081712062	0.81906614786	0.877431906615	0.869649805447	0.865758754864	0.737354085603	0.739299610895	0.778210116732	0.770428015564	0.803501945525	0.852140077821	0.488326848249	0.494163424125	0.56420233463	0.533073929961	0.785992217899	0.620622568093	0.743190661479	0.758754863813	0.70233463035	0.68093385214	0.317120622568	0.0	0.509727626459	0.509727626459	0.445525291829	0.451361867704	0.892996108949	0.894941634241	0.900778210117	0.918287937743	0.896887159533	0.896887159533	0.898832684825	0.900778210117	0.900778210117	0.906614785992	0.898832684825	0.9046692607	0.898832684825	0.892996108949	0.894941634241	0.811284046693	0.799610894942	0.803501945525	0.817120622568	0.795719844358	0.805447470817	0.809338521401	0.799610894942	0.803501945525	0.805447470817	0.813229571984	0.803501945525	0.801556420233	0.803501945525	0.811284046693	0.807392996109	0.922178988327	0.937743190661	0.926070038911	0.877431906615	0.945525291829	0.922178988327	0.865758754864	0.928015564202	0.844357976654	0.906614785992	0.857976653696	0.928015564202	0.968871595331	0.916342412451	0.859922178988	0.809338521401	0.873540856031	0.873540856031	0.900778210117	0.887159533074	0.873540856031	0.865758754864	0.871595330739	0.867704280156	0.881322957198	0.871595330739	0.871595330739	0.871595330739	0.873540856031
CG1	0.787937743191	0.766536964981	0.714007782101	0.715953307393	0.774319066148	0.760700389105	0.774319066148	0.807392996109	0.79766536965	0.809338521401	0.778210116732	0.758754863813	0.715953307393	0.706225680934	0.766536964981	0.799610894942	0.482490272374	0.503891050584	0.505836575875	0.503891050584	0.721789883268	0.653696498054	0.815175097276	0.824902723735	0.725680933852	0.766536964981	0.501945525292	0.509727626459	0.0	0.391050583658	0.466926070039	0.484435797665	0.86186770428	0.856031128405	0.815175097276	0.857976653696	0.799610894942	0.844357976654	0.856031128405	0.857976653696	0.86186770428	0.867704280156	0.789883268482	0.850194552529	0.805447470817	0.859922178988	0.863813229572	0.795719844358	0.758754863813	0.842412451362	0.844357976654	0.805447470817	0.799610894942	0.821011673152	0.813229571984	0.81906614786	0.793774319066	0.809338521401	0.807392996109	0.81906614786	0.842412451362	0.774319066148	0.813229571984	0.879377431907	0.894941634241	0.881322957198	0.780155642023	0.887159533074	0.877431906615	0.774319066148	0.906614785992	0.871595330739	0.879377431907	0.815175097276	0.865758754864	0.906614785992	0.873540856031	0.830739299611	0.826848249027	0.854085603113	0.887159533074	0.832684824903	0.805447470817	0.826848249027	0.81906614786	0.824902723735	0.81906614786	0.875486381323	0.850194552529	0.828793774319	0.842412451362	0.869649805447
