	CA7	CA8	CB7	CB8	CC7	CC8	CD7	CD8	CE7	CE8	CF7	CF8	CG7	CG8	CH7	CH8	CA1	CA2	CB1	CB2	CC1	CC2	CD1	CD2	CE1	CE2	CF1	CF2	CG1	CG2	CH1	CH2	CA5	CA6	CB5	CB6	CC5	CC6	CD6	CE5	CE6	CF5	CF6	CG5	CG6	CH5	CH6	CA11	CA12	CB11	CB12	CC11	CC12	CD11	CD12	CE11	CE12	CF11	CF12	CG11	CG12	CH11	CH12	CA3	CA4	CB3	CB4	CC4	CD3	CD4	CE4	CF3	CF4	CG3	CG4	CH3	CH4	CA9	CA10	CB9	CB10	CC9	CC10	CD9	CD10	CE9	CE10	CF9	CG9	CG10	CH9	CH10
CA7	0.0	0.398832684825	0.675097276265	0.536964980545	0.729571984436	0.647859922179	0.418287937743	0.431906614786	0.439688715953	0.418287937743	0.669260700389	0.686770428016	0.552529182879	0.630350194553	0.373540856031	0.363813229572	0.931906614786	0.918287937743	0.916342412451	0.900778210117	0.74513618677	0.729571984436	0.941634241245	0.922178988327	0.830739299611	0.869649805447	0.84046692607	0.824902723735	0.826848249027	0.856031128405	0.856031128405	0.86186770428	0.577821011673	0.550583657588	0.527237354086	0.511673151751	0.610894941634	0.56420233463	0.589494163424	0.533073929961	0.583657587549	0.614785992218	0.599221789883	0.519455252918	0.544747081712	0.466926070039	0.492217898833	0.717898832685	0.714007782101	0.673151750973	0.688715953307	0.593385214008	0.68093385214	0.634241245136	0.655642023346	0.63813229572	0.517509727626	0.624513618677	0.628404669261	0.684824902724	0.708171206226	0.750972762646	0.667315175097	0.910505836576	0.918287937743	0.877431906615	0.704280155642	0.906614785992	0.887159533074	0.737354085603	0.902723735409	0.848249027237	0.908560311284	0.752918287938	0.891050583658	0.941634241245	0.898832684825	0.733463035019	0.760700389105	0.715953307393	0.774319066148	0.634241245136	0.665369649805	0.581712062257	0.605058365759	0.558365758755	0.548638132296	0.805447470817	0.725680933852	0.68093385214	0.729571984436	0.766536964981
CA8	0.398832684825	0.0	0.682879377432	0.527237354086	0.684824902724	0.593385214008	0.385214007782	0.476653696498	0.482490272374	0.420233463035	0.618677042802	0.614785992218	0.571984435798	0.643968871595	0.346303501946	0.406614785992	0.900778210117	0.892996108949	0.931906614786	0.910505836576	0.735408560311	0.719844357977	0.918287937743	0.891050583658	0.795719844358	0.84046692607	0.821011673152	0.79766536965	0.803501945525	0.859922178988	0.848249027237	0.842412451362	0.56420233463	0.54280155642	0.536964980545	0.536964980545	0.618677042802	0.562256809339	0.581712062257	0.538910505837	0.575875486381	0.605058365759	0.618677042802	0.529182879377	0.558365758755	0.505836575875	0.517509727626	0.717898832685	0.710116731518	0.626459143969	0.643968871595	0.597276264591	0.632295719844	0.612840466926	0.651750972763	0.607003891051	0.517509727626	0.622568093385	0.61673151751	0.655642023346	0.686770428016	0.749027237354	0.628404669261	0.924124513619	0.929961089494	0.881322957198	0.673151750973	0.924124513619	0.902723735409	0.749027237354	0.906614785992	0.873540856031	0.906614785992	0.750972762646	0.898832684825	0.949416342412	0.918287937743	0.655642023346	0.735408560311	0.647859922179	0.719844357977	0.612840466926	0.642023346304	0.507782101167	0.523346303502	0.492217898833	0.488326848249	0.77626459144	0.669260700389	0.620622568093	0.661478599222	0.686770428016
CB7	0.675097276265	0.682879377432	0.0	0.597276264591	0.735408560311	0.694552529183	0.661478599222	0.733463035019	0.727626459144	0.696498054475	0.700389105058	0.70233463035	0.550583657588	0.431906614786	0.698443579767	0.710116731518	0.850194552529	0.869649805447	0.875486381323	0.863813229572	0.772373540856	0.750972762646	0.822957198444	0.793774319066	0.706225680934	0.737354085603	0.830739299611	0.789883268482	0.760700389105	0.780155642023	0.813229571984	0.817120622568	0.766536964981	0.768482490272	0.710116731518	0.766536964981	0.714007782101	0.750972762646	0.764591439689	0.768482490272	0.768482490272	0.770428015564	0.678988326848	0.756809338521	0.725680933852	0.764591439689	0.768482490272	0.766536964981	0.774319066148	0.785992217899	0.791828793774	0.70233463035	0.791828793774	0.698443579767	0.752918287938	0.696498054475	0.677042801556	0.733463035019	0.710116731518	0.79766536965	0.813229571984	0.787937743191	0.774319066148	0.887159533074	0.824902723735	0.875486381323	0.768482490272	0.807392996109	0.892996108949	0.77626459144	0.898832684825	0.811284046693	0.891050583658	0.805447470817	0.865758754864	0.850194552529	0.867704280156	0.86186770428	0.842412451362	0.859922178988	0.906614785992	0.737354085603	0.715953307393	0.74513618677	0.737354085603	0.747081712062	0.72373540856	0.9046692607	0.863813229572	0.81906614786	0.865758754864	0.887159533074
CB8	0.536964980545	0.527237354086	0.597276264591	0.0	0.661478599222	0.601167315175	0.531128404669	0.628404669261	0.618677042802	0.56420233463	0.636186770428	0.645914396887	0.47859922179	0.529182879377	0.552529182879	0.570038910506	0.859922178988	0.867704280156	0.912451361868	0.881322957198	0.686770428016	0.704280155642	0.875486381323	0.846303501946	0.764591439689	0.815175097276	0.809338521401	0.780155642023	0.756809338521	0.782101167315	0.844357976654	0.826848249027	0.63813229572	0.640077821012	0.628404669261	0.667315175097	0.634241245136	0.65953307393	0.686770428016	0.673151750973	0.65953307393	0.677042801556	0.601167315175	0.655642023346	0.63813229572	0.636186770428	0.649805447471	0.721789883268	0.704280155642	0.704280155642	0.715953307393	0.620622568093	0.725680933852	0.624513618677	0.665369649805	0.63813229572	0.562256809339	0.655642023346	0.63813229572	0.719844357977	0.733463035019	0.768482490272	0.690661478599	0.902723735409	0.894941634241	0.875486381323	0.692607003891	0.885214007782	0.867704280156	0.727626459144	0.9046692607	0.848249027237	0.900778210117	0.717898832685	0.873540856031	0.916342412451	0.885214007782	0.74513618677	0.77626459144	0.743190661479	0.789883268482	0.665369649805	0.642023346304	0.58560311284	0.593385214008	0.579766536965	0.575875486381	0.803501945525	0.737354085603	0.706225680934	0.75486381323	0.77626459144
CC7	0.729571984436	0.684824902724	0.735408560311	0.661478599222	0.0	0.548638132296	0.694552529183	0.815175097276	0.807392996109	0.743190661479	0.577821011673	0.523346303502	0.678988326848	0.686770428016	0.696498054475	0.752918287938	0.824902723735	0.828793774319	0.891050583658	0.881322957198	0.743190661479	0.727626459144	0.735408560311	0.710116731518	0.665369649805	0.669260700389	0.749027237354	0.706225680934	0.780155642023	0.826848249027	0.791828793774	0.770428015564	0.824902723735	0.832684824903	0.863813229572	0.86186770428	0.871595330739	0.863813229572	0.873540856031	0.859922178988	0.848249027237	0.869649805447	0.848249027237	0.848249027237	0.856031128405	0.828793774319	0.838521400778	0.733463035019	0.712062256809	0.704280155642	0.710116731518	0.694552529183	0.696498054475	0.719844357977	0.696498054475	0.717898832685	0.710116731518	0.70233463035	0.714007782101	0.704280155642	0.694552529183	0.760700389105	0.700389105058	0.949416342412	0.949416342412	0.902723735409	0.778210116732	0.929961089494	0.926070038911	0.791828793774	0.933852140078	0.86186770428	0.939688715953	0.785992217899	0.924124513619	0.974708171206	0.933852140078	0.756809338521	0.727626459144	0.750972762646	0.785992217899	0.863813229572	0.832684824903	0.750972762646	0.74513618677	0.752918287938	0.74513618677	0.803501945525	0.770428015564	0.75486381323	0.758754863813	0.770428015564
CC8	0.647859922179	0.593385214008	0.694552529183	0.601167315175	0.548638132296	0.0	0.636186770428	0.750972762646	0.747081712062	0.684824902724	0.480544747082	0.515564202335	0.626459143969	0.645914396887	0.614785992218	0.673151750973	0.838521400778	0.826848249027	0.881322957198	0.873540856031	0.735408560311	0.704280155642	0.764591439689	0.741245136187	0.665369649805	0.692607003891	0.747081712062	0.708171206226	0.780155642023	0.826848249027	0.805447470817	0.782101167315	0.760700389105	0.768482490272	0.789883268482	0.785992217899	0.795719844358	0.793774319066	0.795719844358	0.791828793774	0.778210116732	0.807392996109	0.77626459144	0.77626459144	0.785992217899	0.756809338521	0.772373540856	0.719844357977	0.725680933852	0.665369649805	0.677042801556	0.645914396887	0.65953307393	0.673151750973	0.649805447471	0.671206225681	0.655642023346	0.640077821012	0.667315175097	0.673151750973	0.686770428016	0.749027237354	0.665369649805	0.920233463035	0.929961089494	0.881322957198	0.696498054475	0.912451361868	0.91439688716	0.743190661479	0.922178988327	0.850194552529	0.922178988327	0.760700389105	0.898832684825	0.949416342412	0.920233463035	0.706225680934	0.74513618677	0.710116731518	0.752918287938	0.793774319066	0.772373540856	0.663424124514	0.655642023346	0.653696498054	0.651750972763	0.803501945525	0.700389105058	0.671206225681	0.714007782101	0.743190661479
CD7	0.418287937743	0.385214007782	0.661478599222	0.531128404669	0.694552529183	0.636186770428	0.0	0.482490272374	0.472762645914	0.381322957198	0.651750972763	0.643968871595	0.556420233463	0.628404669261	0.391050583658	0.439688715953	0.894941634241	0.9046692607	0.920233463035	0.910505836576	0.750972762646	0.737354085603	0.908560311284	0.896887159533	0.803501945525	0.84046692607	0.832684824903	0.813229571984	0.79766536965	0.854085603113	0.857976653696	0.848249027237	0.579766536965	0.546692607004	0.54280155642	0.562256809339	0.610894941634	0.566147859922	0.58560311284	0.566147859922	0.579766536965	0.608949416342	0.605058365759	0.544747081712	0.550583657588	0.535019455253	0.54280155642	0.678988326848	0.673151750973	0.626459143969	0.63813229572	0.548638132296	0.63813229572	0.579766536965	0.632295719844	0.612840466926	0.501945525292	0.573929961089	0.577821011673	0.649805447471	0.655642023346	0.706225680934	0.630350194553	0.931906614786	0.933852140078	0.879377431907	0.714007782101	0.929961089494	0.902723735409	0.750972762646	0.910505836576	0.871595330739	0.910505836576	0.760700389105	0.898832684825	0.949416342412	0.929961089494	0.714007782101	0.743190661479	0.647859922179	0.770428015564	0.581712062257	0.601167315175	0.511673151751	0.535019455253	0.490272373541	0.486381322957	0.749027237354	0.715953307393	0.643968871595	0.667315175097	0.717898832685
CD8	0.431906614786	0.476653696498	0.733463035019	0.628404669261	0.815175097276	0.750972762646	0.482490272374	0.0	0.342412451362	0.431906614786	0.780155642023	0.785992217899	0.642023346304	0.682879377432	0.420233463035	0.4046692607	0.949416342412	0.939688715953	0.955252918288	0.943579766537	0.791828793774	0.77626459144	0.970817120623	0.961089494163	0.850194552529	0.889105058366	0.885214007782	0.856031128405	0.844357976654	0.887159533074	0.871595330739	0.892996108949	0.597276264591	0.556420233463	0.527237354086	0.509727626459	0.612840466926	0.558365758755	0.587548638132	0.529182879377	0.581712062257	0.605058365759	0.626459143969	0.525291828794	0.554474708171	0.484435797665	0.503891050584	0.749027237354	0.764591439689	0.737354085603	0.758754863813	0.645914396887	0.74513618677	0.634241245136	0.68093385214	0.630350194553	0.562256809339	0.684824902724	0.657587548638	0.762645914397	0.750972762646	0.743190661479	0.731517509728	0.926070038911	0.933852140078	0.867704280156	0.780155642023	0.937743190661	0.892996108949	0.822957198444	0.906614785992	0.86186770428	0.898832684825	0.799610894942	0.885214007782	0.939688715953	0.931906614786	0.780155642023	0.791828793774	0.747081712062	0.838521400778	0.589494163424	0.614785992218	0.61673151751	0.628404669261	0.591439688716	0.589494163424	0.815175097276	0.784046692607	0.719844357977	0.770428015564	0.79766536965
CE7	0.439688715953	0.482490272374	0.727626459144	0.618677042802	0.807392996109	0.747081712062	0.472762645914	0.342412451362	0.0	0.431906614786	0.760700389105	0.780155642023	0.636186770428	0.678988326848	0.408560311284	0.396887159533	0.933852140078	0.937743190661	0.951361867704	0.93579766537	0.784046692607	0.782101167315	0.970817120623	0.955252918288	0.844357976654	0.88326848249	0.869649805447	0.852140077821	0.828793774319	0.887159533074	0.875486381323	0.88326848249	0.610894941634	0.568093385214	0.536964980545	0.511673151751	0.61673151751	0.562256809339	0.591439688716	0.538910505837	0.589494163424	0.614785992218	0.632295719844	0.540856031128	0.562256809339	0.496108949416	0.511673151751	0.743190661479	0.758754863813	0.741245136187	0.749027237354	0.647859922179	0.737354085603	0.624513618677	0.678988326848	0.620622568093	0.56420233463	0.68093385214	0.651750972763	0.762645914397	0.758754863813	0.750972762646	0.733463035019	0.922178988327	0.93579766537	0.859922178988	0.772373540856	0.937743190661	0.910505836576	0.830739299611	0.906614785992	0.865758754864	0.908560311284	0.811284046693	0.887159533074	0.945525291829	0.924124513619	0.764591439689	0.803501945525	0.733463035019	0.824902723735	0.587548638132	0.620622568093	0.618677042802	0.626459143969	0.589494163424	0.579766536965	0.815175097276	0.764591439689	0.710116731518	0.760700389105	0.780155642023
CE8	0.418287937743	0.420233463035	0.696498054475	0.56420233463	0.743190661479	0.684824902724	0.381322957198	0.431906614786	0.431906614786	0.0	0.700389105058	0.708171206226	0.583657587549	0.655642023346	0.389105058366	0.437743190661	0.906614785992	0.910505836576	0.949416342412	0.928015564202	0.770428015564	0.749027237354	0.941634241245	0.928015564202	0.824902723735	0.879377431907	0.850194552529	0.826848249027	0.821011673152	0.871595330739	0.865758754864	0.877431906615	0.581712062257	0.546692607004	0.54280155642	0.519455252918	0.628404669261	0.575875486381	0.593385214008	0.536964980545	0.575875486381	0.610894941634	0.624513618677	0.529182879377	0.56420233463	0.47859922179	0.490272373541	0.710116731518	0.719844357977	0.688715953307	0.706225680934	0.61673151751	0.692607003891	0.599221789883	0.651750972763	0.612840466926	0.54280155642	0.63813229572	0.61673151751	0.721789883268	0.712062256809	0.737354085603	0.692607003891	0.947470817121	0.945525291829	0.892996108949	0.766536964981	0.943579766537	0.912451361868	0.805447470817	0.926070038911	0.891050583658	0.928015564202	0.799610894942	0.920233463035	0.963035019455	0.943579766537	0.749027237354	0.750972762646	0.696498054475	0.807392996109	0.605058365759	0.632295719844	0.573929961089	0.581712062257	0.554474708171	0.546692607004	0.758754863813	0.74513618677	0.678988326848	0.721789883268	0.758754863813
CF7	0.669260700389	0.618677042802	0.700389105058	0.636186770428	0.577821011673	0.480544747082	0.651750972763	0.780155642023	0.760700389105	0.700389105058	0.0	0.519455252918	0.622568093385	0.657587548638	0.642023346304	0.677042801556	0.842412451362	0.830739299611	0.892996108949	0.881322957198	0.741245136187	0.708171206226	0.77626459144	0.747081712062	0.692607003891	0.704280155642	0.760700389105	0.714007782101	0.799610894942	0.842412451362	0.815175097276	0.793774319066	0.772373540856	0.784046692607	0.807392996109	0.801556420233	0.817120622568	0.803501945525	0.815175097276	0.809338521401	0.791828793774	0.821011673152	0.791828793774	0.789883268482	0.801556420233	0.768482490272	0.780155642023	0.749027237354	0.749027237354	0.690661478599	0.698443579767	0.677042801556	0.675097276265	0.70233463035	0.68093385214	0.696498054475	0.688715953307	0.677042801556	0.700389105058	0.694552529183	0.719844357977	0.774319066148	0.684824902724	0.931906614786	0.939688715953	0.881322957198	0.700389105058	0.924124513619	0.926070038911	0.758754863813	0.922178988327	0.873540856031	0.926070038911	0.77626459144	0.898832684825	0.95719844358	0.93579766537	0.698443579767	0.772373540856	0.712062256809	0.741245136187	0.803501945525	0.785992217899	0.665369649805	0.665369649805	0.684824902724	0.665369649805	0.834630350195	0.704280155642	0.68093385214	0.714007782101	0.750972762646
CF8	0.686770428016	0.614785992218	0.70233463035	0.645914396887	0.523346303502	0.515564202335	0.643968871595	0.785992217899	0.780155642023	0.708171206226	0.519455252918	0.0	0.642023346304	0.665369649805	0.651750972763	0.696498054475	0.826848249027	0.826848249027	0.88326848249	0.885214007782	0.72373540856	0.688715953307	0.758754863813	0.714007782101	0.65953307393	0.669260700389	0.75486381323	0.72373540856	0.77626459144	0.824902723735	0.793774319066	0.780155642023	0.784046692607	0.799610894942	0.81906614786	0.822957198444	0.826848249027	0.822957198444	0.830739299611	0.817120622568	0.805447470817	0.832684824903	0.801556420233	0.805447470817	0.815175097276	0.784046692607	0.789883268482	0.719844357977	0.706225680934	0.653696498054	0.65953307393	0.677042801556	0.651750972763	0.692607003891	0.673151750973	0.706225680934	0.678988326848	0.675097276265	0.690661478599	0.665369649805	0.686770428016	0.741245136187	0.65953307393	0.920233463035	0.928015564202	0.877431906615	0.696498054475	0.902723735409	0.908560311284	0.74513618677	0.902723735409	0.838521400778	0.91439688716	0.762645914397	0.896887159533	0.955252918288	0.906614785992	0.686770428016	0.731517509728	0.694552529183	0.752918287938	0.822957198444	0.803501945525	0.684824902724	0.694552529183	0.686770428016	0.677042801556	0.811284046693	0.700389105058	0.70233463035	0.688715953307	0.739299610895
CG7	0.552529182879	0.571984435798	0.550583657588	0.47859922179	0.678988326848	0.626459143969	0.556420233463	0.642023346304	0.636186770428	0.583657587549	0.622568093385	0.642023346304	0.0	0.496108949416	0.589494163424	0.597276264591	0.873540856031	0.86186770428	0.887159533074	0.877431906615	0.677042801556	0.682879377432	0.846303501946	0.824902723735	0.749027237354	0.772373540856	0.799610894942	0.758754863813	0.743190661479	0.778210116732	0.834630350195	0.813229571984	0.651750972763	0.657587548638	0.640077821012	0.692607003891	0.643968871595	0.678988326848	0.700389105058	0.690661478599	0.678988326848	0.700389105058	0.618677042802	0.675097276265	0.651750972763	0.645914396887	0.65953307393	0.706225680934	0.704280155642	0.710116731518	0.715953307393	0.614785992218	0.719844357977	0.632295719844	0.686770428016	0.620622568093	0.579766536965	0.653696498054	0.622568093385	0.719844357977	0.741245136187	0.741245136187	0.694552529183	0.892996108949	0.894941634241	0.887159533074	0.715953307393	0.881322957198	0.875486381323	0.749027237354	0.906614785992	0.842412451362	0.896887159533	0.749027237354	0.873540856031	0.924124513619	0.879377431907	0.774319066148	0.778210116732	0.760700389105	0.822957198444	0.677042801556	0.651750972763	0.622568093385	0.63813229572	0.628404669261	0.597276264591	0.801556420233	0.774319066148	0.721789883268	0.774319066148	0.795719844358
CG8	0.630350194553	0.643968871595	0.431906614786	0.529182879377	0.686770428016	0.645914396887	0.628404669261	0.682879377432	0.678988326848	0.655642023346	0.657587548638	0.665369649805	0.496108949416	0.0	0.655642023346	0.677042801556	0.84046692607	0.857976653696	0.869649805447	0.857976653696	0.729571984436	0.719844357977	0.821011673152	0.799610894942	0.704280155642	0.729571984436	0.793774319066	0.743190661479	0.743190661479	0.770428015564	0.791828793774	0.782101167315	0.712062256809	0.70233463035	0.655642023346	0.714007782101	0.655642023346	0.698443579767	0.717898832685	0.715953307393	0.712062256809	0.712062256809	0.630350194553	0.708171206226	0.677042801556	0.708171206226	0.712062256809	0.731517509728	0.739299610895	0.741245136187	0.760700389105	0.65953307393	0.766536964981	0.669260700389	0.72373540856	0.655642023346	0.636186770428	0.690661478599	0.673151750973	0.768482490272	0.782101167315	0.762645914397	0.737354085603	0.892996108949	0.821011673152	0.879377431907	0.735408560311	0.807392996109	0.873540856031	0.749027237354	0.9046692607	0.81906614786	0.896887159533	0.780155642023	0.871595330739	0.850194552529	0.871595330739	0.836575875486	0.817120622568	0.822957198444	0.873540856031	0.712062256809	0.68093385214	0.708171206226	0.684824902724	0.70233463035	0.68093385214	0.863813229572	0.832684824903	0.791828793774	0.84046692607	0.859922178988
CH7	0.373540856031	0.346303501946	0.698443579767	0.552529182879	0.696498054475	0.614785992218	0.391050583658	0.420233463035	0.408560311284	0.389105058366	0.642023346304	0.651750972763	0.589494163424	0.655642023346	0.0	0.375486381323	0.898832684825	0.910505836576	0.929961089494	0.916342412451	0.749027237354	0.750972762646	0.924124513619	0.896887159533	0.807392996109	0.832684824903	0.844357976654	0.826848249027	0.81906614786	0.86186770428	0.850194552529	0.86186770428	0.575875486381	0.544747081712	0.538910505837	0.501945525292	0.61673151751	0.56420233463	0.583657587549	0.529182879377	0.570038910506	0.608949416342	0.61673151751	0.517509727626	0.554474708171	0.476653696498	0.488326848249	0.731517509728	0.719844357977	0.671206225681	0.68093385214	0.587548638132	0.663424124514	0.612840466926	0.640077821012	0.599221789883	0.505836575875	0.612840466926	0.61673151751	0.688715953307	0.677042801556	0.743190661479	0.657587548638	0.922178988327	0.939688715953	0.875486381323	0.698443579767	0.933852140078	0.908560311284	0.756809338521	0.918287937743	0.863813229572	0.91439688716	0.750972762646	0.891050583658	0.945525291829	0.928015564202	0.686770428016	0.747081712062	0.673151750973	0.750972762646	0.593385214008	0.636186770428	0.531128404669	0.552529182879	0.507782101167	0.505836575875	0.780155642023	0.698443579767	0.642023346304	0.678988326848	0.719844357977
CH8	0.363813229572	0.406614785992	0.710116731518	0.570038910506	0.752918287938	0.673151750973	0.439688715953	0.4046692607	0.396887159533	0.437743190661	0.677042801556	0.696498054475	0.597276264591	0.677042801556	0.375486381323	0.0	0.943579766537	0.937743190661	0.953307392996	0.93579766537	0.787937743191	0.782101167315	0.964980544747	0.947470817121	0.854085603113	0.896887159533	0.873540856031	0.859922178988	0.850194552529	0.892996108949	0.879377431907	0.885214007782	0.593385214008	0.554474708171	0.546692607004	0.517509727626	0.628404669261	0.575875486381	0.597276264591	0.54280155642	0.583657587549	0.624513618677	0.622568093385	0.523346303502	0.558365758755	0.472762645914	0.501945525292	0.75486381323	0.747081712062	0.677042801556	0.692607003891	0.636186770428	0.696498054475	0.651750972763	0.688715953307	0.647859922179	0.54280155642	0.653696498054	0.657587548638	0.70233463035	0.715953307393	0.77626459144	0.682879377432	0.941634241245	0.955252918288	0.894941634241	0.712062256809	0.943579766537	0.916342412451	0.770428015564	0.926070038911	0.898832684825	0.926070038911	0.778210116732	0.912451361868	0.970817120623	0.937743190661	0.710116731518	0.774319066148	0.706225680934	0.760700389105	0.642023346304	0.673151750973	0.570038910506	0.58560311284	0.556420233463	0.540856031128	0.805447470817	0.712062256809	0.675097276265	0.712062256809	0.737354085603
CA1	0.931906614786	0.900778210117	0.850194552529	0.859922178988	0.824902723735	0.838521400778	0.894941634241	0.949416342412	0.933852140078	0.906614785992	0.842412451362	0.826848249027	0.873540856031	0.84046692607	0.898832684825	0.943579766537	0.0	0.377431906615	0.496108949416	0.488326848249	0.846303501946	0.749027237354	0.764591439689	0.733463035019	0.737354085603	0.729571984436	0.501945525292	0.577821011673	0.484435797665	0.461089494163	0.464980544747	0.422178988327	0.970817120623	0.966926070039	0.968871595331	0.964980544747	0.968871595331	0.966926070039	0.968871595331	0.966926070039	0.966926070039	0.970817120623	0.966926070039	0.968871595331	0.968871595331	0.964980544747	0.968871595331	0.941634241245	0.945525291829	0.955252918288	0.951361867704	0.947470817121	0.949416342412	0.937743190661	0.928015564202	0.931906614786	0.943579766537	0.945525291829	0.95719844358	0.953307392996	0.943579766537	0.945525291829	0.949416342412	0.943579766537	0.963035019455	0.941634241245	0.959143968872	0.95719844358	0.95719844358	0.951361867704	0.937743190661	0.924124513619	0.945525291829	0.951361867704	0.943579766537	0.980544747082	0.945525291829	0.93579766537	0.945525291829	0.941634241245	0.93579766537	0.95719844358	0.951361867704	0.951361867704	0.947470817121	0.945525291829	0.947470817121	0.95719844358	0.929961089494	0.941634241245	0.949416342412	0.947470817121
CA2	0.918287937743	0.892996108949	0.869649805447	0.867704280156	0.828793774319	0.826848249027	0.9046692607	0.939688715953	0.937743190661	0.910505836576	0.830739299611	0.826848249027	0.86186770428	0.857976653696	0.910505836576	0.937743190661	0.377431906615	0.0	0.463035019455	0.441634241245	0.86186770428	0.737354085603	0.787937743191	0.75486381323	0.760700389105	0.756809338521	0.513618677043	0.589494163424	0.490272373541	0.431906614786	0.445525291829	0.379377431907	0.959143968872	0.961089494163	0.961089494163	0.959143968872	0.963035019455	0.959143968872	0.963035019455	0.961089494163	0.959143968872	0.95719844358	0.963035019455	0.959143968872	0.963035019455	0.959143968872	0.961089494163	0.93579766537	0.931906614786	0.933852140078	0.939688715953	0.931906614786	0.931906614786	0.931906614786	0.918287937743	0.922178988327	0.928015564202	0.931906614786	0.931906614786	0.93579766537	0.926070038911	0.929961089494	0.93579766537	0.945525291829	0.955252918288	0.959143968872	0.951361867704	0.941634241245	0.949416342412	0.941634241245	0.945525291829	0.928015564202	0.949416342412	0.947470817121	0.959143968872	0.97859922179	0.945525291829	0.945525291829	0.93579766537	0.947470817121	0.947470817121	0.947470817121	0.931906614786	0.947470817121	0.945525291829	0.945525291829	0.931906614786	0.959143968872	0.949416342412	0.945525291829	0.949416342412	0.949416342412
CB1	0.916342412451	0.931906614786	0.875486381323	0.912451361868	0.891050583658	0.881322957198	0.920233463035	0.955252918288	0.951361867704	0.949416342412	0.892996108949	0.88326848249	0.887159533074	0.869649805447	0.929961089494	0.953307392996	0.496108949416	0.463035019455	0.0	0.287937743191	0.908560311284	0.787937743191	0.822957198444	0.824902723735	0.79766536965	0.803501945525	0.558365758755	0.651750972763	0.527237354086	0.424124513619	0.463035019455	0.447470817121	0.984435797665	0.980544747082	0.961089494163	0.97859922179	0.961089494163	0.961089494163	0.980544747082	0.982490272374	0.984435797665	0.986381322957	0.963035019455	0.970817120623	0.961089494163	0.980544747082	0.986381322957	0.93579766537	0.93579766537	0.929961089494	0.931906614786	0.929961089494	0.931906614786	0.939688715953	0.931906614786	0.929961089494	0.926070038911	0.931906614786	0.931906614786	0.931906614786	0.93579766537	0.93579766537	0.929961089494	0.939688715953	0.947470817121	0.95719844358	0.95719844358	0.931906614786	0.963035019455	0.949416342412	0.95719844358	0.926070038911	0.961089494163	0.953307392996	0.961089494163	0.966926070039	0.941634241245	0.980544747082	0.943579766537	0.974708171206	0.980544747082	0.941634241245	0.943579766537	0.964980544747	0.95719844358	0.963035019455	0.951361867704	0.97859922179	0.976653696498	0.974708171206	0.97859922179	0.970817120623
CB2	0.900778210117	0.910505836576	0.863813229572	0.881322957198	0.881322957198	0.873540856031	0.910505836576	0.943579766537	0.93579766537	0.928015564202	0.881322957198	0.885214007782	0.877431906615	0.857976653696	0.916342412451	0.93579766537	0.488326848249	0.441634241245	0.287937743191	0.0	0.885214007782	0.756809338521	0.852140077821	0.817120622568	0.821011673152	0.81906614786	0.546692607004	0.630350194553	0.484435797665	0.394941634241	0.451361867704	0.431906614786	0.964980544747	0.961089494163	0.93579766537	0.95719844358	0.939688715953	0.941634241245	0.959143968872	0.963035019455	0.966926070039	0.966926070039	0.937743190661	0.953307392996	0.93579766537	0.959143968872	0.966926070039	0.918287937743	0.924124513619	0.91439688716	0.922178988327	0.918287937743	0.922178988327	0.933852140078	0.928015564202	0.931906614786	0.920233463035	0.922178988327	0.926070038911	0.918287937743	0.928015564202	0.918287937743	0.920233463035	0.924124513619	0.941634241245	0.947470817121	0.931906614786	0.928015564202	0.933852140078	0.928015564202	0.93579766537	0.912451361868	0.931906614786	0.929961089494	0.941634241245	0.963035019455	0.924124513619	0.963035019455	0.939688715953	0.959143968872	0.964980544747	0.943579766537	0.928015564202	0.951361867704	0.945525291829	0.953307392996	0.939688715953	0.961089494163	0.963035019455	0.95719844358	0.95719844358	0.959143968872
CC1	0.74513618677	0.735408560311	0.772373540856	0.686770428016	0.743190661479	0.735408560311	0.750972762646	0.791828793774	0.784046692607	0.770428015564	0.741245136187	0.72373540856	0.677042801556	0.729571984436	0.749027237354	0.787937743191	0.846303501946	0.86186770428	0.908560311284	0.885214007782	0.0	0.490272373541	0.892996108949	0.877431906615	0.793774319066	0.801556420233	0.770428015564	0.729571984436	0.747081712062	0.805447470817	0.822957198444	0.821011673152	0.793774319066	0.787937743191	0.770428015564	0.815175097276	0.770428015564	0.809338521401	0.832684824903	0.815175097276	0.811284046693	0.828793774319	0.758754863813	0.807392996109	0.782101167315	0.784046692607	0.79766536965	0.721789883268	0.72373540856	0.750972762646	0.75486381323	0.717898832685	0.733463035019	0.712062256809	0.696498054475	0.714007782101	0.750972762646	0.747081712062	0.737354085603	0.743190661479	0.75486381323	0.747081712062	0.741245136187	0.801556420233	0.799610894942	0.760700389105	0.682879377432	0.787937743191	0.815175097276	0.688715953307	0.813229571984	0.727626459144	0.799610894942	0.665369649805	0.756809338521	0.809338521401	0.834630350195	0.706225680934	0.756809338521	0.75486381323	0.710116731518	0.81906614786	0.784046692607	0.770428015564	0.756809338521	0.762645914397	0.758754863813	0.811284046693	0.708171206226	0.768482490272	0.77626459144	0.780155642023
CC2	0.729571984436	0.719844357977	0.750972762646	0.704280155642	0.727626459144	0.704280155642	0.737354085603	0.77626459144	0.782101167315	0.749027237354	0.708171206226	0.688715953307	0.682879377432	0.719844357977	0.750972762646	0.782101167315	0.749027237354	0.737354085603	0.787937743191	0.756809338521	0.490272373541	0.0	0.832684824903	0.807392996109	0.712062256809	0.733463035019	0.618677042802	0.579766536965	0.642023346304	0.704280155642	0.696498054475	0.686770428016	0.774319066148	0.774319066148	0.77626459144	0.809338521401	0.787937743191	0.795719844358	0.817120622568	0.805447470817	0.789883268482	0.817120622568	0.762645914397	0.791828793774	0.77626459144	0.770428015564	0.780155642023	0.719844357977	0.749027237354	0.725680933852	0.743190661479	0.725680933852	0.710116731518	0.715953307393	0.712062256809	0.719844357977	0.747081712062	0.731517509728	0.729571984436	0.733463035019	0.75486381323	0.735408560311	0.735408560311	0.848249027237	0.84046692607	0.801556420233	0.721789883268	0.824902723735	0.844357976654	0.731517509728	0.821011673152	0.768482490272	0.824902723735	0.727626459144	0.821011673152	0.865758754864	0.857976653696	0.717898832685	0.764591439689	0.756809338521	0.772373540856	0.809338521401	0.785992217899	0.778210116732	0.756809338521	0.766536964981	0.74513618677	0.826848249027	0.739299610895	0.772373540856	0.766536964981	0.793774319066
CD1	0.941634241245	0.918287937743	0.822957198444	0.875486381323	0.735408560311	0.764591439689	0.908560311284	0.970817120623	0.970817120623	0.941634241245	0.77626459144	0.758754863813	0.846303501946	0.821011673152	0.924124513619	0.964980544747	0.764591439689	0.787937743191	0.822957198444	0.852140077821	0.892996108949	0.832684824903	0.0	0.441634241245	0.607003891051	0.536964980545	0.760700389105	0.756809338521	0.824902723735	0.836575875486	0.828793774319	0.795719844358	0.990272373541	0.990272373541	0.990272373541	0.990272373541	0.988326848249	0.988326848249	0.988326848249	0.988326848249	0.990272373541	0.986381322957	0.992217898833	0.988326848249	0.988326848249	0.990272373541	0.990272373541	0.951361867704	0.951361867704	0.943579766537	0.95719844358	0.943579766537	0.951361867704	0.947470817121	0.943579766537	0.943579766537	0.945525291829	0.947470817121	0.947470817121	0.947470817121	0.947470817121	0.953307392996	0.951361867704	0.970817120623	0.976653696498	0.982490272374	0.986381322957	0.955252918288	0.990272373541	0.974708171206	0.984435797665	0.953307392996	0.988326848249	0.97859922179	0.986381322957	0.996108949416	0.970817120623	0.986381322957	0.953307392996	0.980544747082	0.984435797665	0.964980544747	0.972762645914	0.980544747082	0.976653696498	0.982490272374	0.970817120623	0.992217898833	0.986381322957	0.982490272374	0.980544747082	0.980544747082
CD2	0.922178988327	0.891050583658	0.793774319066	0.846303501946	0.710116731518	0.741245136187	0.896887159533	0.961089494163	0.955252918288	0.928015564202	0.747081712062	0.714007782101	0.824902723735	0.799610894942	0.896887159533	0.947470817121	0.733463035019	0.75486381323	0.824902723735	0.817120622568	0.877431906615	0.807392996109	0.441634241245	0.0	0.579766536965	0.501945525292	0.735408560311	0.714007782101	0.805447470817	0.805447470817	0.795719844358	0.758754863813	0.974708171206	0.974708171206	0.974708171206	0.974708171206	0.974708171206	0.972762645914	0.974708171206	0.972762645914	0.972762645914	0.972762645914	0.974708171206	0.972762645914	0.974708171206	0.974708171206	0.974708171206	0.918287937743	0.922178988327	0.924124513619	0.926070038911	0.916342412451	0.922178988327	0.920233463035	0.918287937743	0.910505836576	0.920233463035	0.924124513619	0.920233463035	0.920233463035	0.920233463035	0.922178988327	0.924124513619	0.95719844358	0.970817120623	0.970817120623	0.964980544747	0.945525291829	0.970817120623	0.961089494163	0.966926070039	0.918287937743	0.970817120623	0.959143968872	0.972762645914	0.994163424125	0.949416342412	0.968871595331	0.922178988327	0.968871595331	0.963035019455	0.951361867704	0.953307392996	0.963035019455	0.959143968872	0.970817120623	0.959143968872	0.968871595331	0.964980544747	0.964980544747	0.968871595331	0.968871595331
CE1	0.830739299611	0.795719844358	0.706225680934	0.764591439689	0.665369649805	0.665369649805	0.803501945525	0.850194552529	0.844357976654	0.824902723735	0.692607003891	0.65953307393	0.749027237354	0.704280155642	0.807392996109	0.854085603113	0.737354085603	0.760700389105	0.79766536965	0.821011673152	0.793774319066	0.712062256809	0.607003891051	0.579766536965	0.0	0.496108949416	0.72373540856	0.677042801556	0.731517509728	0.766536964981	0.729571984436	0.729571984436	0.892996108949	0.889105058366	0.889105058366	0.891050583658	0.891050583658	0.885214007782	0.889105058366	0.891050583658	0.892996108949	0.887159533074	0.891050583658	0.887159533074	0.889105058366	0.891050583658	0.894941634241	0.774319066148	0.785992217899	0.770428015564	0.809338521401	0.766536964981	0.774319066148	0.789883268482	0.764591439689	0.758754863813	0.785992217899	0.766536964981	0.764591439689	0.793774319066	0.789883268482	0.770428015564	0.778210116732	0.933852140078	0.939688715953	0.891050583658	0.854085603113	0.91439688716	0.953307392996	0.889105058366	0.928015564202	0.811284046693	0.929961089494	0.887159533074	0.902723735409	0.95719844358	0.933852140078	0.869649805447	0.807392996109	0.867704280156	0.906614785992	0.838521400778	0.834630350195	0.854085603113	0.850194552529	0.854085603113	0.844357976654	0.928015564202	0.86186770428	0.865758754864	0.873540856031	0.898832684825
CE2	0.869649805447	0.84046692607	0.737354085603	0.815175097276	0.669260700389	0.692607003891	0.84046692607	0.889105058366	0.88326848249	0.879377431907	0.704280155642	0.669260700389	0.772373540856	0.729571984436	0.832684824903	0.896887159533	0.729571984436	0.756809338521	0.803501945525	0.81906614786	0.801556420233	0.733463035019	0.536964980545	0.501945525292	0.496108949416	0.0	0.721789883268	0.667315175097	0.747081712062	0.774319066148	0.739299610895	0.729571984436	0.93579766537	0.929961089494	0.928015564202	0.931906614786	0.928015564202	0.926070038911	0.931906614786	0.933852140078	0.93579766537	0.93579766537	0.928015564202	0.929961089494	0.929961089494	0.931906614786	0.937743190661	0.846303501946	0.84046692607	0.846303501946	0.854085603113	0.822957198444	0.821011673152	0.846303501946	0.834630350195	0.821011673152	0.832684824903	0.838521400778	0.828793774319	0.854085603113	0.844357976654	0.84046692607	0.84046692607	0.933852140078	0.945525291829	0.9046692607	0.902723735409	0.924124513619	0.95719844358	0.902723735409	0.941634241245	0.836575875486	0.943579766537	0.892996108949	0.910505836576	0.961089494163	0.937743190661	0.9046692607	0.857976653696	0.894941634241	0.920233463035	0.871595330739	0.88326848249	0.896887159533	0.9046692607	0.9046692607	0.879377431907	0.929961089494	0.898832684825	0.918287937743	0.908560311284	0.910505836576
CF1	0.84046692607	0.821011673152	0.830739299611	0.809338521401	0.749027237354	0.747081712062	0.832684824903	0.885214007782	0.869649805447	0.850194552529	0.760700389105	0.75486381323	0.799610894942	0.793774319066	0.844357976654	0.873540856031	0.501945525292	0.513618677043	0.558365758755	0.546692607004	0.770428015564	0.618677042802	0.760700389105	0.735408560311	0.72373540856	0.721789883268	0.0	0.402723735409	0.507782101167	0.525291828794	0.480544747082	0.447470817121	0.906614785992	0.906614785992	0.912451361868	0.91439688716	0.922178988327	0.91439688716	0.924124513619	0.916342412451	0.910505836576	0.931906614786	0.906614785992	0.906614785992	0.910505836576	0.9046692607	0.910505836576	0.830739299611	0.836575875486	0.834630350195	0.84046692607	0.822957198444	0.826848249027	0.815175097276	0.807392996109	0.803501945525	0.838521400778	0.834630350195	0.838521400778	0.824902723735	0.834630350195	0.834630350195	0.844357976654	0.926070038911	0.93579766537	0.939688715953	0.879377431907	0.896887159533	0.924124513619	0.863813229572	0.91439688716	0.863813229572	0.924124513619	0.863813229572	0.93579766537	0.951361867704	0.924124513619	0.859922178988	0.824902723735	0.877431906615	0.873540856031	0.924124513619	0.900778210117	0.879377431907	0.865758754864	0.879377431907	0.867704280156	0.889105058366	0.865758754864	0.865758754864	0.869649805447	0.863813229572
CF2	0.824902723735	0.79766536965	0.789883268482	0.780155642023	0.706225680934	0.708171206226	0.813229571984	0.856031128405	0.852140077821	0.826848249027	0.714007782101	0.72373540856	0.758754863813	0.743190661479	0.826848249027	0.859922178988	0.577821011673	0.589494163424	0.651750972763	0.630350194553	0.729571984436	0.579766536965	0.756809338521	0.714007782101	0.677042801556	0.667315175097	0.402723735409	0.0	0.579766536965	0.5953307393	0.544747081712	0.507782101167	0.887159533074	0.885214007782	0.894941634241	0.9046692607	0.9046692607	0.896887159533	0.910505836576	0.896887159533	0.892996108949	0.912451361868	0.889105058366	0.894941634241	0.891050583658	0.881322957198	0.892996108949	0.807392996109	0.807392996109	0.807392996109	0.809338521401	0.789883268482	0.787937743191	0.791828793774	0.778210116732	0.787937743191	0.813229571984	0.799610894942	0.79766536965	0.809338521401	0.799610894942	0.805447470817	0.817120622568	0.906614785992	0.922178988327	0.896887159533	0.854085603113	0.902723735409	0.908560311284	0.838521400778	0.894941634241	0.832684824903	0.896887159533	0.836575875486	0.900778210117	0.943579766537	0.908560311284	0.828793774319	0.807392996109	0.848249027237	0.846303501946	0.891050583658	0.865758754864	0.842412451362	0.828793774319	0.850194552529	0.842412451362	0.873540856031	0.84046692607	0.857976653696	0.856031128405	0.850194552529
CG1	0.826848249027	0.803501945525	0.760700389105	0.756809338521	0.780155642023	0.780155642023	0.79766536965	0.844357976654	0.828793774319	0.821011673152	0.799610894942	0.77626459144	0.743190661479	0.743190661479	0.81906614786	0.850194552529	0.484435797665	0.490272373541	0.527237354086	0.484435797665	0.747081712062	0.642023346304	0.824902723735	0.805447470817	0.731517509728	0.747081712062	0.507782101167	0.579766536965	0.0	0.400778210117	0.461089494163	0.455252918288	0.894941634241	0.887159533074	0.830739299611	0.887159533074	0.832684824903	0.873540856031	0.891050583658	0.891050583658	0.894941634241	0.892996108949	0.821011673152	0.885214007782	0.842412451362	0.891050583658	0.896887159533	0.81906614786	0.811284046693	0.84046692607	0.832684824903	0.81906614786	0.844357976654	0.838521400778	0.838521400778	0.838521400778	0.84046692607	0.842412451362	0.844357976654	0.834630350195	0.848249027237	0.836575875486	0.828793774319	0.887159533074	0.894941634241	0.867704280156	0.815175097276	0.887159533074	0.873540856031	0.836575875486	0.891050583658	0.854085603113	0.887159533074	0.824902723735	0.857976653696	0.906614785992	0.877431906615	0.854085603113	0.877431906615	0.852140077821	0.894941634241	0.863813229572	0.850194552529	0.857976653696	0.854085603113	0.850194552529	0.842412451362	0.887159533074	0.859922178988	0.856031128405	0.86186770428	0.877431906615
