	CA7	CA8	CB7	CB8	CC7	CC8	CD7	CD8	CE7	CE8	CF7	CF8	CG7	CG8	CH7	CH8	CA1	CA2	CB1	CB2	CC1	CC2	CD1	CD2	CE1	CE2	CF1	CF2	CG1	CG2	CH1	CH2	CA5	CA6	CB5	CB6	CC5	CC6	CD6	CE5	CE6	CF5	CF6	CG5	CG6	CH5	CH6	CA11	CA12	CB11	CB12	CC11	CC12	CD11	CD12	CE11	CE12	CF11	CF12	CG11	CG12	CH11	CH12	CA3	CA4	CB3	CB4	CC4	CD3	CD4	CE4	CF3	CF4	CG3	CG4	CH3	CH4	CA9	CA10	CB9	CC9	CC10	CD9	CD10	CE9	CE10	CF9	CG9	CG10	CH9	CH10
CA7	0.0	0.35628742515	0.655688622754	0.541916167665	0.714570858283	0.644710578842	0.393213572854	0.429141716567	0.422155688623	0.451097804391	0.649700598802	0.665668662675	0.569860279441	0.611776447106	0.365269461078	0.305389221557	0.924151696607	0.909181636727	0.927145708583	0.911177644711	0.720558882236	0.764471057884	0.927145708583	0.921157684631	0.818363273453	0.879241516966	0.839321357285	0.832335329341	0.827345309381	0.850299401198	0.854291417166	0.88123752495	0.537924151697	0.511976047904	0.565868263473	0.491017964072	0.597804391218	0.561876247505	0.587824351297	0.556886227545	0.652694610778	0.564870259481	0.614770459082	0.492015968064	0.525948103792	0.5	0.506986027944	0.75249500998	0.700598802395	0.694610778443	0.687624750499	0.617764471058	0.655688622754	0.634730538922	0.718562874251	0.631736526946	0.555888223553	0.610778443114	0.642714570858	0.684630738523	0.688622754491	0.712574850299	0.687624750499	0.922155688623	0.927145708583	0.898203592814	0.723552894212	0.930139720559	0.914171656687	0.745508982036	0.904191616766	0.878243512974	0.910179640719	0.746506986028	0.903193612774	0.961077844311	0.915169660679	0.738522954092	0.728542914172	0.718562874251	0.619760479042	0.636726546906	0.588822355289	0.582834331337	0.554890219561	0.527944111776	0.797405189621	0.7375249501	0.698602794411	0.711576846307	0.746506986028
CA8	0.35628742515	0.0	0.636726546906	0.507984031936	0.669660678643	0.609780439122	0.382235528942	0.455089820359	0.436127744511	0.421157684631	0.59880239521	0.612774451098	0.554890219561	0.588822355289	0.302395209581	0.342315369261	0.862275449102	0.85628742515	0.921157684631	0.908183632735	0.682634730539	0.72754491018	0.889221556886	0.878243512974	0.77245508982	0.823353293413	0.783433133733	0.773453093812	0.781437125749	0.819361277445	0.830339321357	0.834331337325	0.548902195609	0.516966067864	0.583832335329	0.507984031936	0.61377245509	0.566866267465	0.596806387226	0.566866267465	0.659680638723	0.568862275449	0.624750499002	0.510978043912	0.539920159681	0.505988023952	0.515968063872	0.72754491018	0.706586826347	0.670658682635	0.651696606786	0.610778443114	0.624750499002	0.616766467066	0.685628742515	0.604790419162	0.534930139721	0.602794411178	0.642714570858	0.666666666667	0.659680638723	0.706586826347	0.666666666667	0.918163672655	0.926147704591	0.880239520958	0.695608782435	0.925149700599	0.898203592814	0.719560878244	0.879241516966	0.873253493014	0.892215568862	0.717564870259	0.884231536926	0.953093812375	0.905189620758	0.686626746507	0.706586826347	0.676646706587	0.619760479042	0.639720558882	0.549900199601	0.526946107784	0.507984031936	0.483033932136	0.789421157685	0.686626746507	0.65369261477	0.675648702595	0.714570858283
CB7	0.655688622754	0.636726546906	0.0	0.551896207585	0.665668662675	0.658682634731	0.657684630739	0.677644710579	0.65369261477	0.664670658683	0.644710578842	0.649700598802	0.511976047904	0.426147704591	0.650698602794	0.661676646707	0.827345309381	0.806387225549	0.89121756487	0.843313373253	0.755489021956	0.745508982036	0.793413173653	0.770459081836	0.667664670659	0.718562874251	0.755489021956	0.734530938124	0.738522954092	0.776447105788	0.814371257485	0.809381237525	0.736526946108	0.734530938124	0.689620758483	0.731536926148	0.670658682635	0.724550898204	0.735528942116	0.733532934132	0.739520958084	0.7375249501	0.649700598802	0.729540918164	0.686626746507	0.736526946108	0.741516966068	0.780439121756	0.739520958084	0.796407185629	0.784431137725	0.72255489022	0.759481037924	0.698602794411	0.758483033932	0.713572854291	0.645708582834	0.723552894212	0.716566866267	0.784431137725	0.798403193613	0.758483033932	0.77744510978	0.892215568862	0.824351297405	0.888223552894	0.766467065868	0.825349301397	0.887225548902	0.779441117764	0.877245508982	0.828343313373	0.874251497006	0.787425149701	0.875249500998	0.860279441118	0.877245508982	0.860279441118	0.805389221557	0.859281437126	0.697604790419	0.669660678643	0.721556886228	0.709580838323	0.712574850299	0.708582834331	0.892215568862	0.864271457086	0.823353293413	0.85129740519	0.89121756487
CB8	0.541916167665	0.507984031936	0.551896207585	0.0	0.627744510978	0.619760479042	0.527944111776	0.604790419162	0.588822355289	0.542914171657	0.60878243513	0.616766467066	0.437125748503	0.49001996008	0.511976047904	0.542914171657	0.867265469062	0.842315369261	0.902195608782	0.87125748503	0.671656686627	0.700598802395	0.84630738523	0.835329341317	0.7375249501	0.793413173653	0.765469061876	0.77744510978	0.746506986028	0.782435129741	0.816367265469	0.823353293413	0.629740518962	0.646706586826	0.631736526946	0.652694610778	0.627744510978	0.658682634731	0.676646706587	0.661676646707	0.665668662675	0.657684630739	0.62375249501	0.661676646707	0.622754491018	0.63373253493	0.646706586826	0.72255489022	0.677644710579	0.711576846307	0.689620758483	0.630738522954	0.678642714571	0.620758483034	0.701596806387	0.636726546906	0.559880239521	0.63872255489	0.637724550898	0.705588822355	0.714570858283	0.687624750499	0.688622754491	0.902195608782	0.905189620758	0.892215568862	0.725548902196	0.908183632735	0.889221556886	0.74750499002	0.883233532934	0.853293413174	0.890219560878	0.741516966068	0.879241516966	0.941117764471	0.894211576846	0.761477045908	0.718562874251	0.75249500998	0.639720558882	0.61377245509	0.607784431138	0.585828343313	0.579840319361	0.573852295409	0.800399201597	0.75748502994	0.708582834331	0.748502994012	0.780439121756
CC7	0.714570858283	0.669660678643	0.665668662675	0.627744510978	0.0	0.518962075848	0.687624750499	0.801397205589	0.775449101796	0.718562874251	0.503992015968	0.458083832335	0.63872255489	0.676646706587	0.675648702595	0.720558882236	0.800399201597	0.797405189621	0.893213572854	0.865269461078	0.704590818363	0.718562874251	0.680638722555	0.663672654691	0.590818363273	0.59381237525	0.684630738523	0.692614770459	0.760479041916	0.795409181637	0.773453093812	0.787425149701	0.795409181637	0.819361277445	0.839321357285	0.832335329341	0.840319361277	0.835329341317	0.848303393214	0.830339321357	0.840319361277	0.825349301397	0.830339321357	0.830339321357	0.832335329341	0.807385229541	0.814371257485	0.724550898204	0.688622754491	0.707584830339	0.697604790419	0.690618762475	0.679640718563	0.694610778443	0.712574850299	0.691616766467	0.692614770459	0.696606786427	0.692614770459	0.690618762475	0.695608782435	0.683632734531	0.699600798403	0.937125748503	0.937125748503	0.914171656687	0.758483033932	0.937125748503	0.925149700599	0.783433133733	0.915169660679	0.847305389222	0.921157684631	0.782435129741	0.916167664671	0.98003992016	0.929141716567	0.749500998004	0.703592814371	0.756487025948	0.85129740519	0.820359281437	0.744510978044	0.741516966068	0.745508982036	0.749500998004	0.817365269461	0.759481037924	0.751497005988	0.748502994012	0.788423153693
CC8	0.644710578842	0.609780439122	0.658682634731	0.619760479042	0.518962075848	0.0	0.658682634731	0.75748502994	0.738522954092	0.683632734531	0.433133732535	0.459081836327	0.607784431138	0.642714570858	0.620758483034	0.661676646707	0.797405189621	0.790419161677	0.89121756487	0.863273453094	0.673652694611	0.696606786427	0.748502994012	0.739520958084	0.615768463074	0.663672654691	0.702594810379	0.696606786427	0.748502994012	0.792415169661	0.788423153693	0.789421157685	0.76746506986	0.788423153693	0.806387225549	0.800399201597	0.809381237525	0.805389221557	0.815369261477	0.795409181637	0.808383233533	0.803393213573	0.800399201597	0.797405189621	0.804391217565	0.778443113772	0.785429141717	0.723552894212	0.688622754491	0.677644710579	0.673652694611	0.64371257485	0.632734530938	0.674650698603	0.699600798403	0.657684630739	0.660678642715	0.644710578842	0.668662674651	0.672654690619	0.674650698603	0.693612774451	0.678642714571	0.921157684631	0.915169660679	0.889221556886	0.703592814371	0.917165668663	0.904191616766	0.725548902196	0.892215568862	0.849301397206	0.904191616766	0.724550898204	0.89121756487	0.959081836327	0.913173652695	0.694610778443	0.711576846307	0.707584830339	0.805389221557	0.781437125749	0.665668662675	0.672654690619	0.669660678643	0.674650698603	0.812375249501	0.703592814371	0.691616766467	0.699600798403	0.753493013972
CD7	0.393213572854	0.382235528942	0.657684630739	0.527944111776	0.687624750499	0.658682634731	0.0	0.418163672655	0.390219560878	0.344311377246	0.655688622754	0.668662674651	0.566866267465	0.60878243513	0.379241516966	0.39121756487	0.890219560878	0.884231536926	0.936127744511	0.925149700599	0.711576846307	0.760479041916	0.904191616766	0.898203592814	0.792415169661	0.840319361277	0.803393213573	0.803393213573	0.800399201597	0.845309381238	0.84630738523	0.870259481038	0.546906187625	0.51996007984	0.588822355289	0.508982035928	0.619760479042	0.573852295409	0.59880239521	0.565868263473	0.657684630739	0.571856287425	0.639720558882	0.506986027944	0.549900199601	0.508982035928	0.513972055888	0.715568862275	0.680638722555	0.702594810379	0.676646706587	0.616766467066	0.655688622754	0.589820359281	0.690618762475	0.617764471058	0.545908183633	0.616766467066	0.615768463074	0.684630738523	0.691616766467	0.677644710579	0.690618762475	0.942115768463	0.941117764471	0.909181636727	0.760479041916	0.938123752495	0.911177644711	0.77744510978	0.905189620758	0.88622754491	0.912175648703	0.77744510978	0.909181636727	0.969061876248	0.928143712575	0.745508982036	0.714570858283	0.700598802395	0.600798403194	0.619760479042	0.568862275449	0.553892215569	0.531936127745	0.499001996008	0.751497005988	0.73253493014	0.683632734531	0.684630738523	0.74251497006
CD8	0.429141716567	0.455089820359	0.677644710579	0.604790419162	0.801397205589	0.75748502994	0.418163672655	0.0	0.337325349301	0.453093812375	0.760479041916	0.785429141717	0.627744510978	0.625748502994	0.468063872255	0.408183632735	0.931137724551	0.925149700599	0.950099800399	0.927145708583	0.771457085828	0.779441117764	0.965069860279	0.952095808383	0.835329341317	0.890219560878	0.873253493014	0.843313373253	0.807385229541	0.859281437126	0.854291417166	0.880239520958	0.586826347305	0.533932135729	0.567864271457	0.508982035928	0.600798403194	0.564870259481	0.595808383234	0.573852295409	0.658682634731	0.574850299401	0.62375249501	0.50998003992	0.538922155689	0.538922155689	0.531936127745	0.758483033932	0.738522954092	0.763473053892	0.735528942116	0.666666666667	0.706586826347	0.654690618762	0.695608782435	0.668662674651	0.59381237525	0.681636726547	0.674650698603	0.750499001996	0.74750499002	0.738522954092	0.7375249501	0.908183632735	0.912175648703	0.870259481038	0.780439121756	0.914171656687	0.888223552894	0.803393213573	0.857285429142	0.85129740519	0.883233532934	0.813373253493	0.87125748503	0.942115768463	0.892215568862	0.795409181637	0.764471057884	0.771457085828	0.580838323353	0.599800399202	0.63872255489	0.614770459082	0.60878243513	0.563872255489	0.823353293413	0.790419161677	0.750499001996	0.766467065868	0.804391217565
CE7	0.422155688623	0.436127744511	0.65369261477	0.588822355289	0.775449101796	0.738522954092	0.390219560878	0.337325349301	0.0	0.431137724551	0.728542914172	0.753493013972	0.599800399202	0.610778443114	0.443113772455	0.393213572854	0.908183632735	0.907185628743	0.940119760479	0.914171656687	0.740518962076	0.754491017964	0.942115768463	0.930139720559	0.816367265469	0.87125748503	0.847305389222	0.816367265469	0.795409181637	0.833333333333	0.852295409182	0.882235528942	0.578842315369	0.522954091816	0.557884231537	0.501996007984	0.591816367265	0.557884231537	0.582834331337	0.562874251497	0.649700598802	0.571856287425	0.610778443114	0.500998003992	0.528942115768	0.528942115768	0.523952095808	0.744510978044	0.725548902196	0.741516966068	0.72754491018	0.664670658683	0.695608782435	0.635728542914	0.710578842315	0.655688622754	0.580838323353	0.669660678643	0.655688622754	0.731536926148	0.739520958084	0.72754491018	0.734530938124	0.89620758483	0.89620758483	0.860279441118	0.77245508982	0.904191616766	0.878243512974	0.791417165669	0.85628742515	0.852295409182	0.875249500998	0.799401197605	0.86127744511	0.923153692615	0.880239520958	0.788423153693	0.761477045908	0.749500998004	0.557884231537	0.581836327345	0.614770459082	0.600798403194	0.589820359281	0.549900199601	0.804391217565	0.789421157685	0.739520958084	0.751497005988	0.798403193613
CE8	0.451097804391	0.421157684631	0.664670658683	0.542914171657	0.718562874251	0.683632734531	0.344311377246	0.453093812375	0.431137724551	0.0	0.671656686627	0.692614770459	0.566866267465	0.607784431138	0.420159680639	0.449101796407	0.892215568862	0.888223552894	0.940119760479	0.925149700599	0.735528942116	0.755489021956	0.924151696607	0.908183632735	0.798403193613	0.85129740519	0.811377245509	0.814371257485	0.807385229541	0.840319361277	0.841317365269	0.86626746507	0.547904191617	0.513972055888	0.583832335329	0.530938123752	0.612774451098	0.569860279441	0.594810379242	0.563872255489	0.64870259481	0.563872255489	0.630738522954	0.531936127745	0.543912175649	0.502994011976	0.515968063872	0.706586826347	0.674650698603	0.695608782435	0.676646706587	0.615768463074	0.651696606786	0.597804391218	0.685628742515	0.617764471058	0.552894211577	0.610778443114	0.601796407186	0.680638722555	0.686626746507	0.677644710579	0.684630738523	0.934131736527	0.933133732535	0.90119760479	0.768463073852	0.931137724551	0.909181636727	0.783433133733	0.899201596806	0.884231536926	0.911177644711	0.797405189621	0.90119760479	0.964071856287	0.921157684631	0.754491017964	0.733532934132	0.697604790419	0.571856287425	0.596806387226	0.566866267465	0.549900199601	0.532934131737	0.488023952096	0.760479041916	0.74750499002	0.691616766467	0.690618762475	0.764471057884
CF7	0.649700598802	0.59880239521	0.644710578842	0.60878243513	0.503992015968	0.433133732535	0.655688622754	0.760479041916	0.728542914172	0.671656686627	0.0	0.452095808383	0.610778443114	0.642714570858	0.604790419162	0.652694610778	0.810379241517	0.801397205589	0.900199600798	0.869261477046	0.685628742515	0.703592814371	0.759481037924	0.746506986028	0.627744510978	0.674650698603	0.691616766467	0.699600798403	0.759481037924	0.794411177645	0.780439121756	0.789421157685	0.758483033932	0.782435129741	0.799401197605	0.793413173653	0.801397205589	0.798403193613	0.807385229541	0.792415169661	0.804391217565	0.793413173653	0.792415169661	0.794411177645	0.797405189621	0.770459081836	0.780439121756	0.73253493014	0.691616766467	0.680638722555	0.666666666667	0.63373253493	0.627744510978	0.664670658683	0.685628742515	0.647704590818	0.646706586826	0.629740518962	0.656686626747	0.662674650699	0.669660678643	0.696606786427	0.674650698603	0.928143712575	0.920159680639	0.894211576846	0.709580838323	0.925149700599	0.907185628743	0.730538922156	0.893213572854	0.854291417166	0.90119760479	0.72754491018	0.897205588822	0.963073852295	0.918163672655	0.697604790419	0.706586826347	0.708582834331	0.806387225549	0.774451097804	0.671656686627	0.666666666667	0.675648702595	0.666666666667	0.812375249501	0.707584830339	0.677644710579	0.703592814371	0.749500998004
CF8	0.665668662675	0.612774451098	0.649700598802	0.616766467066	0.458083832335	0.459081836327	0.668662674651	0.785429141717	0.753493013972	0.692614770459	0.452095808383	0.0	0.61876247505	0.646706586826	0.625748502994	0.664670658683	0.786427145709	0.792415169661	0.888223552894	0.86127744511	0.693612774451	0.707584830339	0.706586826347	0.683632734531	0.577844311377	0.626746506986	0.673652694611	0.684630738523	0.753493013972	0.796407185629	0.773453093812	0.778443113772	0.77744510978	0.798403193613	0.822355289421	0.814371257485	0.816367265469	0.817365269461	0.828343313373	0.811377245509	0.819361277445	0.810379241517	0.812375249501	0.811377245509	0.814371257485	0.787425149701	0.797405189621	0.735528942116	0.690618762475	0.678642714571	0.669660678643	0.65369261477	0.636726546906	0.678642714571	0.701596806387	0.663672654691	0.664670658683	0.650698602794	0.686626746507	0.662674650699	0.668662674651	0.697604790419	0.670658682635	0.932135728543	0.928143712575	0.910179640719	0.715568862275	0.930139720559	0.922155688623	0.740518962076	0.908183632735	0.850299401198	0.914171656687	0.749500998004	0.908183632735	0.968063872255	0.924151696607	0.708582834331	0.713572854291	0.715568862275	0.826347305389	0.804391217565	0.690618762475	0.693612774451	0.692614770459	0.688622754491	0.816367265469	0.715568862275	0.701596806387	0.715568862275	0.753493013972
CG7	0.569860279441	0.554890219561	0.511976047904	0.437125748503	0.63872255489	0.607784431138	0.566866267465	0.627744510978	0.599800399202	0.566866267465	0.610778443114	0.61876247505	0.0	0.4750499002	0.558882235529	0.570858283433	0.853293413174	0.825349301397	0.900199600798	0.853293413174	0.675648702595	0.682634730539	0.826347305389	0.814371257485	0.707584830339	0.775449101796	0.750499001996	0.754491017964	0.73253493014	0.773453093812	0.813373253493	0.823353293413	0.654690618762	0.665668662675	0.64371257485	0.672654690619	0.631736526946	0.680638722555	0.691616766467	0.680638722555	0.679640718563	0.682634730539	0.627744510978	0.679640718563	0.632734530938	0.651696606786	0.660678642715	0.731536926148	0.686626746507	0.736526946108	0.711576846307	0.652694610778	0.698602794411	0.639720558882	0.712574850299	0.660678642715	0.592814371257	0.655688622754	0.652694610778	0.717564870259	0.739520958084	0.691616766467	0.706586826347	0.904191616766	0.892215568862	0.899201596806	0.735528942116	0.898203592814	0.898203592814	0.754491017964	0.888223552894	0.862275449102	0.88622754491	0.766467065868	0.88123752495	0.931137724551	0.888223552894	0.77245508982	0.741516966068	0.76746506986	0.669660678643	0.635728542914	0.630738522954	0.620758483034	0.619760479042	0.614770459082	0.813373253493	0.771457085828	0.734530938124	0.7624750499	0.807385229541
CG8	0.611776447106	0.588822355289	0.426147704591	0.49001996008	0.676646706587	0.642714570858	0.60878243513	0.625748502994	0.610778443114	0.607784431138	0.642714570858	0.646706586826	0.4750499002	0.0	0.601796407186	0.619760479042	0.841317365269	0.837325349301	0.887225548902	0.844311377246	0.712574850299	0.703592814371	0.824351297405	0.802395209581	0.705588822355	0.766467065868	0.759481037924	0.7375249501	0.729540918164	0.771457085828	0.802395209581	0.803393213573	0.687624750499	0.685628742515	0.640718562874	0.685628742515	0.622754491018	0.675648702595	0.690618762475	0.690618762475	0.685628742515	0.686626746507	0.60379241517	0.685628742515	0.639720558882	0.683632734531	0.690618762475	0.759481037924	0.714570858283	0.769461077844	0.755489021956	0.686626746507	0.726546906188	0.672654690619	0.734530938124	0.689620758483	0.611776447106	0.687624750499	0.689620758483	0.761477045908	0.77245508982	0.73253493014	0.745508982036	0.888223552894	0.823353293413	0.89121756487	0.726546906188	0.825349301397	0.88123752495	0.7375249501	0.874251497006	0.835329341317	0.869261477046	0.74750499002	0.878243512974	0.859281437126	0.878243512974	0.825349301397	0.786427145709	0.826347305389	0.662674650699	0.630738522954	0.685628742515	0.664670658683	0.669660678643	0.665668662675	0.863273453094	0.835329341317	0.785429141717	0.816367265469	0.858283433134
CH7	0.365269461078	0.302395209581	0.650698602794	0.511976047904	0.675648702595	0.620758483034	0.379241516966	0.468063872255	0.443113772455	0.420159680639	0.604790419162	0.625748502994	0.558882235529	0.601796407186	0.0	0.355289421158	0.89121756487	0.869261477046	0.928143712575	0.912175648703	0.709580838323	0.756487025948	0.898203592814	0.890219560878	0.782435129741	0.835329341317	0.810379241517	0.807385229541	0.803393213573	0.830339321357	0.840319361277	0.84630738523	0.542914171657	0.512974051896	0.579840319361	0.500998003992	0.610778443114	0.568862275449	0.590818363273	0.557884231537	0.64870259481	0.562874251497	0.624750499002	0.499001996008	0.540918163673	0.5	0.50499001996	0.755489021956	0.718562874251	0.696606786427	0.689620758483	0.629740518962	0.656686626747	0.62874251497	0.716566866267	0.615768463074	0.554890219561	0.627744510978	0.660678642715	0.686626746507	0.693612774451	0.720558882236	0.697604790419	0.927145708583	0.936127744511	0.897205588822	0.711576846307	0.933133732535	0.907185628743	0.72754491018	0.89620758483	0.885229540918	0.90119760479	0.741516966068	0.897205588822	0.962075848303	0.912175648703	0.703592814371	0.73253493014	0.703592814371	0.635728542914	0.654690618762	0.562874251497	0.553892215569	0.533932135729	0.492015968064	0.801397205589	0.701596806387	0.661676646707	0.699600798403	0.7375249501
CH8	0.305389221557	0.342315369261	0.661676646707	0.542914171657	0.720558882236	0.661676646707	0.39121756487	0.408183632735	0.393213572854	0.449101796407	0.652694610778	0.664670658683	0.570858283433	0.619760479042	0.355289421158	0.0	0.915169660679	0.911177644711	0.936127744511	0.928143712575	0.721556886228	0.773453093812	0.942115768463	0.934131736527	0.826347305389	0.885229540918	0.839321357285	0.831337325349	0.819361277445	0.852295409182	0.863273453094	0.88123752495	0.550898203593	0.51996007984	0.580838323353	0.498003992016	0.610778443114	0.567864271457	0.59880239521	0.566866267465	0.661676646707	0.570858283433	0.625748502994	0.505988023952	0.538922155689	0.51497005988	0.512974051896	0.758483033932	0.710578842315	0.676646706587	0.667664670659	0.617764471058	0.632734530938	0.637724550898	0.717564870259	0.630738522954	0.558882235529	0.61876247505	0.650698602794	0.659680638723	0.669660678643	0.717564870259	0.661676646707	0.935129740519	0.939121756487	0.90119760479	0.699600798403	0.938123752495	0.916167664671	0.733532934132	0.903193612774	0.889221556886	0.912175648703	0.746506986028	0.902195608782	0.962075848303	0.919161676647	0.703592814371	0.730538922156	0.686626746507	0.624750499002	0.645708582834	0.563872255489	0.552894211577	0.531936127745	0.501996007984	0.792415169661	0.703592814371	0.667664670659	0.680638722555	0.715568862275
CA1	0.924151696607	0.862275449102	0.827345309381	0.867265469062	0.800399201597	0.797405189621	0.890219560878	0.931137724551	0.908183632735	0.892215568862	0.810379241517	0.786427145709	0.853293413174	0.841317365269	0.89121756487	0.915169660679	0.0	0.364271457086	0.506986027944	0.49001996008	0.845309381238	0.730538922156	0.749500998004	0.741516966068	0.709580838323	0.717564870259	0.464071856287	0.498003992016	0.456087824351	0.448103792415	0.4750499002	0.418163672655	0.969061876248	0.963073852295	0.964071856287	0.966067864271	0.967065868263	0.962075848303	0.967065868263	0.964071856287	0.969061876248	0.968063872255	0.965069860279	0.963073852295	0.966067864271	0.965069860279	0.97005988024	0.930139720559	0.932135728543	0.932135728543	0.934131736527	0.933133732535	0.932135728543	0.931137724551	0.918163672655	0.928143712575	0.931137724551	0.929141716567	0.927145708583	0.938123752495	0.937125748503	0.930139720559	0.935129740519	0.950099800399	0.940119760479	0.934131736527	0.944111776447	0.943113772455	0.935129740519	0.941117764471	0.935129740519	0.917165668663	0.928143712575	0.941117764471	0.934131736527	0.972055888224	0.944111776447	0.923153692615	0.925149700599	0.931137724551	0.943113772455	0.941117764471	0.933133732535	0.925149700599	0.934131736527	0.934131736527	0.949101796407	0.924151696607	0.931137724551	0.935129740519	0.934131736527
CA2	0.909181636727	0.85628742515	0.806387225549	0.842315369261	0.797405189621	0.790419161677	0.884231536926	0.925149700599	0.907185628743	0.888223552894	0.801397205589	0.792415169661	0.825349301397	0.837325349301	0.869261477046	0.911177644711	0.364271457086	0.0	0.528942115768	0.499001996008	0.85129740519	0.708582834331	0.751497005988	0.750499001996	0.715568862275	0.72754491018	0.445109780439	0.493013972056	0.469061876248	0.464071856287	0.478043912176	0.422155688623	0.956087824351	0.953093812375	0.954091816367	0.953093812375	0.958083832335	0.951097804391	0.953093812375	0.956087824351	0.956087824351	0.954091816367	0.957085828343	0.951097804391	0.958083832335	0.954091816367	0.957085828343	0.916167664671	0.919161676647	0.919161676647	0.917165668663	0.921157684631	0.921157684631	0.910179640719	0.905189620758	0.910179640719	0.917165668663	0.919161676647	0.915169660679	0.926147704591	0.927145708583	0.913173652695	0.926147704591	0.934131736527	0.939121756487	0.943113772455	0.939121756487	0.931137724551	0.936127744511	0.933133732535	0.931137724551	0.912175648703	0.926147704591	0.933133732535	0.937125748503	0.968063872255	0.924151696607	0.923153692615	0.913173652695	0.928143712575	0.941117764471	0.924151696607	0.929141716567	0.919161676647	0.933133732535	0.929141716567	0.949101796407	0.926147704591	0.929141716567	0.932135728543	0.940119760479
CB1	0.927145708583	0.921157684631	0.89121756487	0.902195608782	0.893213572854	0.89121756487	0.936127744511	0.950099800399	0.940119760479	0.940119760479	0.900199600798	0.888223552894	0.900199600798	0.887225548902	0.928143712575	0.936127744511	0.506986027944	0.528942115768	0.0	0.276447105788	0.913173652695	0.773453093812	0.840319361277	0.834331337325	0.815369261477	0.822355289421	0.544910179641	0.585828343313	0.530938123752	0.437125748503	0.465069860279	0.476047904192	0.98003992016	0.9750499002	0.964071856287	0.971057884232	0.965069860279	0.967065868263	0.976047904192	0.978043912176	0.981037924152	0.977045908184	0.965069860279	0.974051896208	0.964071856287	0.9750499002	0.982035928144	0.941117764471	0.941117764471	0.940119760479	0.943113772455	0.939121756487	0.938123752495	0.943113772455	0.943113772455	0.945109780439	0.938123752495	0.942115768463	0.935129740519	0.941117764471	0.942115768463	0.939121756487	0.938123752495	0.945109780439	0.942115768463	0.962075848303	0.952095808383	0.943113772455	0.961077844311	0.952095808383	0.958083832335	0.931137724551	0.959081836327	0.950099800399	0.964071856287	0.973053892216	0.953093812375	0.976047904192	0.943113772455	0.976047904192	0.944111776447	0.942115768463	0.966067864271	0.968063872255	0.963073852295	0.963073852295	0.978043912176	0.978043912176	0.976047904192	0.976047904192	0.978043912176
CB2	0.911177644711	0.908183632735	0.843313373253	0.87125748503	0.865269461078	0.863273453094	0.925149700599	0.927145708583	0.914171656687	0.925149700599	0.869261477046	0.86127744511	0.853293413174	0.844311377246	0.912175648703	0.928143712575	0.49001996008	0.499001996008	0.276447105788	0.0	0.879241516966	0.738522954092	0.821357285429	0.814371257485	0.787425149701	0.801397205589	0.523952095808	0.564870259481	0.472055888224	0.390219560878	0.440119760479	0.450099800399	0.971057884232	0.964071856287	0.927145708583	0.957085828343	0.928143712575	0.956087824351	0.967065868263	0.964071856287	0.967065868263	0.964071856287	0.926147704591	0.961077844311	0.930139720559	0.964071856287	0.969061876248	0.921157684631	0.914171656687	0.922155688623	0.921157684631	0.925149700599	0.917165668663	0.934131736527	0.932135728543	0.927145708583	0.922155688623	0.930139720559	0.924151696607	0.923153692615	0.930139720559	0.919161676647	0.914171656687	0.912175648703	0.915169660679	0.943113772455	0.927145708583	0.919161676647	0.932135728543	0.925149700599	0.933133732535	0.90119760479	0.930139720559	0.924151696607	0.938123752495	0.953093812375	0.920159680639	0.97005988024	0.932135728543	0.964071856287	0.928143712575	0.915169660679	0.952095808383	0.957085828343	0.956087824351	0.951097804391	0.97005988024	0.972055888224	0.968063872255	0.972055888224	0.974051896208
CC1	0.720558882236	0.682634730539	0.755489021956	0.671656686627	0.704590818363	0.673652694611	0.711576846307	0.771457085828	0.740518962076	0.735528942116	0.685628742515	0.693612774451	0.675648702595	0.712574850299	0.709580838323	0.721556886228	0.845309381238	0.85129740519	0.913173652695	0.879241516966	0.0	0.478043912176	0.890219560878	0.877245508982	0.774451097804	0.823353293413	0.755489021956	0.733532934132	0.758483033932	0.786427145709	0.812375249501	0.830339321357	0.76746506986	0.784431137725	0.755489021956	0.795409181637	0.754491017964	0.797405189621	0.811377245509	0.800399201597	0.805389221557	0.803393213573	0.748502994012	0.803393213573	0.751497005988	0.77744510978	0.785429141717	0.696606786427	0.682634730539	0.697604790419	0.698602794411	0.693612774451	0.664670658683	0.690618762475	0.694610778443	0.673652694611	0.698602794411	0.700598802395	0.695608782435	0.705588822355	0.709580838323	0.652694610778	0.693612774451	0.84630738523	0.826347305389	0.789421157685	0.650698602794	0.822355289421	0.819361277445	0.658682634731	0.789421157685	0.749500998004	0.794411177645	0.65369261477	0.760479041916	0.85628742515	0.827345309381	0.665668662675	0.677644710579	0.707584830339	0.780439121756	0.761477045908	0.705588822355	0.691616766467	0.717564870259	0.723552894212	0.808383233533	0.672654690619	0.715568862275	0.723552894212	0.754491017964
CC2	0.764471057884	0.72754491018	0.745508982036	0.700598802395	0.718562874251	0.696606786427	0.760479041916	0.779441117764	0.754491017964	0.755489021956	0.703592814371	0.707584830339	0.682634730539	0.703592814371	0.756487025948	0.773453093812	0.730538922156	0.708582834331	0.773453093812	0.738522954092	0.478043912176	0.0	0.813373253493	0.801397205589	0.690618762475	0.726546906188	0.584830339321	0.561876247505	0.644710578842	0.661676646707	0.665668662675	0.681636726547	0.821357285429	0.813373253493	0.787425149701	0.811377245509	0.785429141717	0.811377245509	0.834331337325	0.820359281437	0.825349301397	0.818363273453	0.782435129741	0.819361277445	0.783433133733	0.811377245509	0.819361277445	0.717564870259	0.7375249501	0.731536926148	0.745508982036	0.74251497006	0.724550898204	0.740518962076	0.731536926148	0.739520958084	0.756487025948	0.749500998004	0.741516966068	0.746506986028	0.759481037924	0.707584830339	0.731536926148	0.847305389222	0.838323353293	0.818363273453	0.734530938124	0.838323353293	0.841317365269	0.74251497006	0.796407185629	0.766467065868	0.817365269461	0.745508982036	0.799401197605	0.887225548902	0.842315369261	0.716566866267	0.713572854291	0.766467065868	0.796407185629	0.768463073852	0.768463073852	0.759481037924	0.776447105788	0.771457085828	0.840319361277	0.7375249501	0.785429141717	0.786427145709	0.811377245509
CD1	0.927145708583	0.889221556886	0.793413173653	0.84630738523	0.680638722555	0.748502994012	0.904191616766	0.965069860279	0.942115768463	0.924151696607	0.759481037924	0.706586826347	0.826347305389	0.824351297405	0.898203592814	0.942115768463	0.749500998004	0.751497005988	0.840319361277	0.821357285429	0.890219560878	0.813373253493	0.0	0.389221556886	0.574850299401	0.51497005988	0.73253493014	0.736526946108	0.798403193613	0.810379241517	0.819361277445	0.799401197605	0.988023952096	0.984031936128	0.98502994012	0.986027944112	0.986027944112	0.982035928144	0.986027944112	0.987025948104	0.988023952096	0.986027944112	0.986027944112	0.983033932136	0.98502994012	0.984031936128	0.989021956088	0.957085828343	0.957085828343	0.960079840319	0.962075848303	0.956087824351	0.954091816367	0.955089820359	0.953093812375	0.955089820359	0.956087824351	0.954091816367	0.952095808383	0.954091816367	0.955089820359	0.954091816367	0.956087824351	0.960079840319	0.959081836327	0.981037924152	0.973053892216	0.961077844311	0.98003992016	0.973053892216	0.9750499002	0.955089820359	0.976047904192	0.9750499002	0.981037924152	0.989021956088	0.967065868263	0.982035928144	0.959081836327	0.977045908184	0.964071856287	0.964071856287	0.9750499002	0.977045908184	0.976047904192	0.977045908184	0.981037924152	0.983033932136	0.981037924152	0.981037924152	0.982035928144
CD2	0.921157684631	0.878243512974	0.770459081836	0.835329341317	0.663672654691	0.739520958084	0.898203592814	0.952095808383	0.930139720559	0.908183632735	0.746506986028	0.683632734531	0.814371257485	0.802395209581	0.890219560878	0.934131736527	0.741516966068	0.750499001996	0.834331337325	0.814371257485	0.877245508982	0.801397205589	0.389221556886	0.0	0.552894211577	0.51497005988	0.707584830339	0.707584830339	0.787425149701	0.803393213573	0.806387225549	0.785429141717	0.98003992016	0.978043912176	0.981037924152	0.982035928144	0.982035928144	0.976047904192	0.98003992016	0.979041916168	0.982035928144	0.978043912176	0.981037924152	0.977045908184	0.98003992016	0.978043912176	0.982035928144	0.937125748503	0.934131736527	0.936127744511	0.941117764471	0.936127744511	0.931137724551	0.928143712575	0.926147704591	0.927145708583	0.925149700599	0.934131736527	0.931137724551	0.933133732535	0.931137724551	0.930139720559	0.932135728543	0.960079840319	0.952095808383	0.973053892216	0.961077844311	0.959081836327	0.973053892216	0.965069860279	0.967065868263	0.936127744511	0.97005988024	0.961077844311	0.9750499002	0.99001996008	0.960079840319	0.964071856287	0.937125748503	0.961077844311	0.953093812375	0.954091816367	0.961077844311	0.962075848303	0.969061876248	0.966067864271	0.973053892216	0.969061876248	0.965069860279	0.964071856287	0.964071856287
CE1	0.818363273453	0.77245508982	0.667664670659	0.7375249501	0.590818363273	0.615768463074	0.792415169661	0.835329341317	0.816367265469	0.798403193613	0.627744510978	0.577844311377	0.707584830339	0.705588822355	0.782435129741	0.826347305389	0.709580838323	0.715568862275	0.815369261477	0.787425149701	0.774451097804	0.690618762475	0.574850299401	0.552894211577	0.0	0.454091816367	0.666666666667	0.656686626747	0.686626746507	0.736526946108	0.731536926148	0.734530938124	0.884231536926	0.880239520958	0.885229540918	0.878243512974	0.883233532934	0.880239520958	0.88123752495	0.88123752495	0.883233532934	0.882235528942	0.88123752495	0.878243512974	0.883233532934	0.878243512974	0.883233532934	0.787425149701	0.774451097804	0.790419161677	0.801397205589	0.761477045908	0.758483033932	0.780439121756	0.760479041916	0.768463073852	0.788423153693	0.76746506986	0.75748502994	0.793413173653	0.779441117764	0.774451097804	0.796407185629	0.943113772455	0.932135728543	0.90119760479	0.864271457086	0.935129740519	0.943113772455	0.885229540918	0.923153692615	0.826347305389	0.938123752495	0.887225548902	0.902195608782	0.971057884232	0.936127744511	0.868263473054	0.789421157685	0.868263473054	0.827345309381	0.829341317365	0.839321357285	0.844311377246	0.84630738523	0.852295409182	0.915169660679	0.865269461078	0.857285429142	0.864271457086	0.908183632735
CE2	0.879241516966	0.823353293413	0.718562874251	0.793413173653	0.59381237525	0.663672654691	0.840319361277	0.890219560878	0.87125748503	0.85129740519	0.674650698603	0.626746506986	0.775449101796	0.766467065868	0.835329341317	0.885229540918	0.717564870259	0.72754491018	0.822355289421	0.801397205589	0.823353293413	0.726546906188	0.51497005988	0.51497005988	0.454091816367	0.0	0.668662674651	0.650698602794	0.715568862275	0.744510978044	0.745508982036	0.740518962076	0.937125748503	0.933133732535	0.937125748503	0.938123752495	0.937125748503	0.932135728543	0.936127744511	0.934131736527	0.937125748503	0.932135728543	0.936127744511	0.932135728543	0.936127744511	0.932135728543	0.937125748503	0.845309381238	0.85129740519	0.853293413174	0.857285429142	0.849301397206	0.848303393214	0.847305389222	0.842315369261	0.84630738523	0.845309381238	0.85129740519	0.84630738523	0.85129740519	0.859281437126	0.844311377246	0.848303393214	0.953093812375	0.939121756487	0.917165668663	0.90618762475	0.944111776447	0.951097804391	0.903193612774	0.930139720559	0.86127744511	0.948103792415	0.902195608782	0.916167664671	0.977045908184	0.945109780439	0.905189620758	0.852295409182	0.90618762475	0.890219560878	0.895209580838	0.90119760479	0.907185628743	0.905189620758	0.903193612774	0.931137724551	0.910179640719	0.911177644711	0.912175648703	0.919161676647
CF1	0.839321357285	0.783433133733	0.755489021956	0.765469061876	0.684630738523	0.702594810379	0.803393213573	0.873253493014	0.847305389222	0.811377245509	0.691616766467	0.673652694611	0.750499001996	0.759481037924	0.810379241517	0.839321357285	0.464071856287	0.445109780439	0.544910179641	0.523952095808	0.755489021956	0.584830339321	0.73253493014	0.707584830339	0.666666666667	0.668662674651	0.0	0.325349301397	0.478043912176	0.474051896208	0.435129740519	0.433133732535	0.89121756487	0.88622754491	0.900199600798	0.893213572854	0.898203592814	0.894211576846	0.910179640719	0.89620758483	0.90119760479	0.897205588822	0.893213572854	0.898203592814	0.894211576846	0.88622754491	0.892215568862	0.803393213573	0.805389221557	0.797405189621	0.805389221557	0.799401197605	0.797405189621	0.795409181637	0.792415169661	0.793413173653	0.810379241517	0.800399201597	0.794411177645	0.810379241517	0.804391217565	0.783433133733	0.804391217565	0.917165668663	0.921157684631	0.936127744511	0.86127744511	0.914171656687	0.914171656687	0.854291417166	0.894211576846	0.840319361277	0.894211576846	0.842315369261	0.926147704591	0.951097804391	0.915169660679	0.844311377246	0.793413173653	0.850299401198	0.907185628743	0.885229540918	0.860279441118	0.840319361277	0.862275449102	0.855289421158	0.869261477046	0.85129740519	0.847305389222	0.854291417166	0.847305389222
CF2	0.832335329341	0.773453093812	0.734530938124	0.77744510978	0.692614770459	0.696606786427	0.803393213573	0.843313373253	0.816367265469	0.814371257485	0.699600798403	0.684630738523	0.754491017964	0.7375249501	0.807385229541	0.831337325349	0.498003992016	0.493013972056	0.585828343313	0.564870259481	0.733532934132	0.561876247505	0.736526946108	0.707584830339	0.656686626747	0.650698602794	0.325349301397	0.0	0.494011976048	0.496007984032	0.47005988024	0.471057884232	0.89620758483	0.892215568862	0.892215568862	0.89121756487	0.89121756487	0.885229540918	0.890219560878	0.894211576846	0.894211576846	0.895209580838	0.892215568862	0.890219560878	0.890219560878	0.892215568862	0.897205588822	0.811377245509	0.807385229541	0.800399201597	0.809381237525	0.801397205589	0.798403193613	0.803393213573	0.802395209581	0.811377245509	0.813373253493	0.804391217565	0.802395209581	0.815369261477	0.805389221557	0.788423153693	0.805389221557	0.909181636727	0.904191616766	0.904191616766	0.849301397206	0.905189620758	0.905189620758	0.845309381238	0.870259481038	0.822355289421	0.88622754491	0.835329341317	0.90618762475	0.947105788423	0.90618762475	0.833333333333	0.798403193613	0.848303393214	0.87624750499	0.854291417166	0.852295409182	0.842315369261	0.852295409182	0.852295409182	0.873253493014	0.838323353293	0.853293413174	0.854291417166	0.852295409182
CG1	0.827345309381	0.781437125749	0.738522954092	0.746506986028	0.760479041916	0.748502994012	0.800399201597	0.807385229541	0.795409181637	0.807385229541	0.759481037924	0.753493013972	0.73253493014	0.729540918164	0.803393213573	0.819361277445	0.456087824351	0.469061876248	0.530938123752	0.472055888224	0.758483033932	0.644710578842	0.798403193613	0.787425149701	0.686626746507	0.715568862275	0.478043912176	0.494011976048	0.0	0.363273453094	0.474051896208	0.454091816367	0.888223552894	0.88123752495	0.836327345309	0.880239520958	0.834331337325	0.88123752495	0.887225548902	0.888223552894	0.89121756487	0.889221556886	0.833333333333	0.882235528942	0.833333333333	0.885229540918	0.890219560878	0.819361277445	0.809381237525	0.830339321357	0.827345309381	0.832335329341	0.824351297405	0.836327345309	0.831337325349	0.837325349301	0.827345309381	0.837325349301	0.830339321357	0.826347305389	0.844311377246	0.804391217565	0.816367265469	0.903193612774	0.898203592814	0.87624750499	0.811377245509	0.89620758483	0.882235528942	0.831337325349	0.864271457086	0.865269461078	0.874251497006	0.834331337325	0.862275449102	0.919161676647	0.883233532934	0.855289421158	0.839321357285	0.853293413174	0.839321357285	0.827345309381	0.844311377246	0.849301397206	0.85129740519	0.847305389222	0.88123752495	0.849301397206	0.847305389222	0.850299401198	0.880239520958
