	CA7	CA8	CB7	CB8	CC7	CC8	CD7	CD8	CE7	CE8	CF7	CF8	CG7	CG8	CH7	CH8	CA1	CA2	CB1	CB2	CC1	CC2	CD1	CD2	CE1	CE2	CF1	CF2	CG1	CG2	CH1	CH2	CA5	CA6	CB5	CB6	CC5	CC6	CD6	CE5	CE6	CF5	CF6	CG5	CG6	CH5	CH6	CA11	CA12	CB11	CB12	CC11	CC12	CD11	CD12	CE11	CE12	CF11	CF12	CG11	CG12	CH11	CH12	CA3	CA4	CB3	CB4	CC4	CD3	CD4	CE4	CF3	CF4	CG3	CG4	CH3	CH4	CA9	CA10	CB9	CC9	CC10	CD9	CD10	CE9	CE10	CF9	CG9	CG10	CH9	CH10
CA7	0.0	0.378243512974	0.649700598802	0.531936127745	0.72255489022	0.649700598802	0.436127744511	0.421157684631	0.413173652695	0.428143712575	0.656686626747	0.678642714571	0.568862275449	0.639720558882	0.403193612774	0.297405189621	0.921157684631	0.915169660679	0.913173652695	0.914171656687	0.743512974052	0.756487025948	0.941117764471	0.924151696607	0.837325349301	0.895209580838	0.836327345309	0.84630738523	0.831337325349	0.865269461078	0.862275449102	0.873253493014	0.52994011976	0.51996007984	0.557884231537	0.481037924152	0.604790419162	0.561876247505	0.601796407186	0.548902195609	0.601796407186	0.558882235529	0.658682634731	0.50499001996	0.551896207585	0.507984031936	0.534930139721	0.736526946108	0.721556886228	0.687624750499	0.698602794411	0.605788423154	0.677644710579	0.644710578842	0.704590818363	0.607784431138	0.562874251497	0.626746506986	0.64870259481	0.695608782435	0.690618762475	0.730538922156	0.708582834331	0.919161676647	0.933133732535	0.888223552894	0.740518962076	0.918163672655	0.903193612774	0.748502994012	0.912175648703	0.86127744511	0.919161676647	0.755489021956	0.88622754491	0.961077844311	0.930139720559	0.73253493014	0.754491017964	0.72255489022	0.641716566866	0.629740518962	0.586826347305	0.61377245509	0.546906187625	0.539920159681	0.764471057884	0.740518962076	0.681636726547	0.724550898204	0.751497005988
CA8	0.378243512974	0.0	0.63872255489	0.50998003992	0.679640718563	0.61377245509	0.40618762475	0.459081836327	0.444111776447	0.38622754491	0.627744510978	0.645708582834	0.555888223553	0.627744510978	0.328343313373	0.354291417166	0.878243512974	0.872255489022	0.921157684631	0.922155688623	0.738522954092	0.736526946108	0.898203592814	0.889221556886	0.798403193613	0.847305389222	0.804391217565	0.812375249501	0.779441117764	0.842315369261	0.838323353293	0.839321357285	0.537924151697	0.531936127745	0.572854291417	0.507984031936	0.621756487026	0.574850299401	0.60379241517	0.557884231537	0.607784431138	0.564870259481	0.671656686627	0.508982035928	0.565868263473	0.511976047904	0.537924151697	0.719560878244	0.711576846307	0.666666666667	0.661676646707	0.591816367265	0.646706586826	0.621756487026	0.669660678643	0.597804391218	0.545908183633	0.612774451098	0.651696606786	0.672654690619	0.660678642715	0.707584830339	0.676646706587	0.917165668663	0.938123752495	0.88123752495	0.717564870259	0.927145708583	0.899201596806	0.733532934132	0.894211576846	0.872255489022	0.90618762475	0.749500998004	0.872255489022	0.965069860279	0.925149700599	0.688622754491	0.73253493014	0.679640718563	0.641716566866	0.62874251497	0.532934131737	0.555888223553	0.492015968064	0.48502994012	0.759481037924	0.695608782435	0.62874251497	0.686626746507	0.714570858283
CB7	0.649700598802	0.63872255489	0.0	0.534930139721	0.684630738523	0.656686626747	0.644710578842	0.675648702595	0.676646706587	0.64870259481	0.656686626747	0.647704590818	0.493013972056	0.434131736527	0.652694610778	0.65369261477	0.831337325349	0.814371257485	0.86127744511	0.869261477046	0.758483033932	0.728542914172	0.783433133733	0.758483033932	0.679640718563	0.721556886228	0.783433133733	0.775449101796	0.715568862275	0.773453093812	0.793413173653	0.789421157685	0.741516966068	0.736526946108	0.679640718563	0.73253493014	0.673652694611	0.723552894212	0.7375249501	0.741516966068	0.735528942116	0.74251497006	0.65369261477	0.731536926148	0.676646706587	0.739520958084	0.745508982036	0.782435129741	0.7375249501	0.782435129741	0.788423153693	0.702594810379	0.768463073852	0.701596806387	0.763473053892	0.675648702595	0.647704590818	0.716566866267	0.714570858283	0.781437125749	0.784431137725	0.768463073852	0.787425149701	0.892215568862	0.813373253493	0.874251497006	0.779441117764	0.800399201597	0.888223552894	0.775449101796	0.890219560878	0.834331337325	0.890219560878	0.786427145709	0.850299401198	0.848303393214	0.889221556886	0.85129740519	0.809381237525	0.85129740519	0.696606786427	0.675648702595	0.704590818363	0.734530938124	0.707584830339	0.705588822355	0.889221556886	0.870259481038	0.807385229541	0.852295409182	0.889221556886
CB8	0.531936127745	0.50998003992	0.534930139721	0.0	0.62874251497	0.596806387226	0.49500998004	0.59880239521	0.601796407186	0.517964071856	0.619760479042	0.611776447106	0.440119760479	0.516966067864	0.5249500998	0.534930139721	0.862275449102	0.842315369261	0.888223552894	0.879241516966	0.696606786427	0.692614770459	0.850299401198	0.833333333333	0.756487025948	0.802395209581	0.77744510978	0.778443113772	0.7375249501	0.775449101796	0.822355289421	0.817365269461	0.645708582834	0.640718562874	0.625748502994	0.662674650699	0.626746506986	0.64371257485	0.680638722555	0.665668662675	0.668662674651	0.65369261477	0.62874251497	0.666666666667	0.606786427146	0.631736526946	0.655688622754	0.717564870259	0.663672654691	0.696606786427	0.695608782435	0.605788423154	0.689620758483	0.62874251497	0.678642714571	0.588822355289	0.540918163673	0.635728542914	0.64371257485	0.703592814371	0.697604790419	0.696606786427	0.690618762475	0.895209580838	0.904191616766	0.88622754491	0.721556886228	0.887225548902	0.879241516966	0.730538922156	0.892215568862	0.86127744511	0.899201596806	0.725548902196	0.857285429142	0.929141716567	0.899201596806	0.750499001996	0.740518962076	0.743512974052	0.63872255489	0.612774451098	0.592814371257	0.606786427146	0.555888223553	0.567864271457	0.768463073852	0.75249500998	0.687624750499	0.739520958084	0.763473053892
CC7	0.72255489022	0.679640718563	0.684630738523	0.62874251497	0.0	0.532934131737	0.688622754491	0.811377245509	0.807385229541	0.706586826347	0.523952095808	0.453093812375	0.651696606786	0.690618762475	0.676646706587	0.731536926148	0.798403193613	0.802395209581	0.882235528942	0.887225548902	0.758483033932	0.716566866267	0.672654690619	0.656686626747	0.601796407186	0.605788423154	0.697604790419	0.723552894212	0.771457085828	0.805389221557	0.795409181637	0.770459081836	0.830339321357	0.825349301397	0.858283433134	0.847305389222	0.853293413174	0.840319361277	0.863273453094	0.84630738523	0.845309381238	0.841317365269	0.844311377246	0.850299401198	0.837325349301	0.818363273453	0.839321357285	0.718562874251	0.709580838323	0.698602794411	0.703592814371	0.688622754491	0.696606786427	0.719560878244	0.705588822355	0.693612774451	0.704590818363	0.696606786427	0.710578842315	0.699600798403	0.694610778443	0.710578842315	0.697604790419	0.939121756487	0.945109780439	0.915169660679	0.77245508982	0.939121756487	0.922155688623	0.782435129741	0.930139720559	0.844311377246	0.939121756487	0.776447105788	0.905189620758	0.981037924152	0.948103792415	0.758483033932	0.728542914172	0.755489021956	0.864271457086	0.835329341317	0.746506986028	0.755489021956	0.745508982036	0.758483033932	0.788423153693	0.758483033932	0.758483033932	0.754491017964	0.781437125749
CC8	0.649700598802	0.61377245509	0.656686626747	0.596806387226	0.532934131737	0.0	0.629740518962	0.740518962076	0.735528942116	0.630738522954	0.453093812375	0.467065868263	0.599800399202	0.647704590818	0.607784431138	0.652694610778	0.790419161677	0.780439121756	0.873253493014	0.883233532934	0.716566866267	0.672654690619	0.756487025948	0.749500998004	0.652694610778	0.698602794411	0.703592814371	0.716566866267	0.758483033932	0.791417165669	0.791417165669	0.77245508982	0.778443113772	0.764471057884	0.807385229541	0.790419161677	0.797405189621	0.786427145709	0.804391217565	0.793413173653	0.788423153693	0.792415169661	0.790419161677	0.797405189621	0.785429141717	0.768463073852	0.789421157685	0.709580838323	0.703592814371	0.670658682635	0.678642714571	0.639720558882	0.65369261477	0.664670658683	0.662674650699	0.644710578842	0.658682634731	0.640718562874	0.669660678643	0.674650698603	0.676646706587	0.700598802395	0.686626746507	0.918163672655	0.911177644711	0.88123752495	0.718562874251	0.902195608782	0.895209580838	0.730538922156	0.900199600798	0.84630738523	0.911177644711	0.741516966068	0.87624750499	0.958083832335	0.921157684631	0.689620758483	0.730538922156	0.707584830339	0.794411177645	0.773453093812	0.652694610778	0.670658682635	0.656686626747	0.661676646707	0.768463073852	0.710578842315	0.662674650699	0.710578842315	0.75249500998
CD7	0.436127744511	0.40618762475	0.644710578842	0.49500998004	0.688622754491	0.629740518962	0.0	0.459081836327	0.460079840319	0.370259481038	0.65369261477	0.659680638723	0.541916167665	0.614770459082	0.429141716567	0.443113772455	0.879241516966	0.877245508982	0.907185628743	0.916167664671	0.734530938124	0.7375249501	0.904191616766	0.89121756487	0.811377245509	0.859281437126	0.814371257485	0.819361277445	0.788423153693	0.835329341317	0.845309381238	0.852295409182	0.540918163673	0.536926147705	0.571856287425	0.556886227545	0.612774451098	0.561876247505	0.60379241517	0.563872255489	0.607784431138	0.558882235529	0.662674650699	0.566866267465	0.560878243513	0.539920159681	0.556886227545	0.686626746507	0.655688622754	0.641716566866	0.639720558882	0.561876247505	0.637724550898	0.582834331337	0.663672654691	0.570858283433	0.523952095808	0.590818363273	0.591816367265	0.646706586826	0.642714570858	0.664670658683	0.650698602794	0.919161676647	0.922155688623	0.88622754491	0.74750499002	0.914171656687	0.897205588822	0.755489021956	0.90119760479	0.852295409182	0.910179640719	0.755489021956	0.884231536926	0.956087824351	0.927145708583	0.72255489022	0.718562874251	0.665668662675	0.586826347305	0.576846307385	0.518962075848	0.538922155689	0.476047904192	0.474051896208	0.726546906188	0.716566866267	0.641716566866	0.672654690619	0.717564870259
CD8	0.421157684631	0.459081836327	0.675648702595	0.59880239521	0.811377245509	0.740518962076	0.459081836327	0.0	0.322355289421	0.436127744511	0.764471057884	0.774451097804	0.626746506986	0.64870259481	0.492015968064	0.415169660679	0.917165668663	0.917165668663	0.928143712575	0.923153692615	0.763473053892	0.775449101796	0.961077844311	0.944111776447	0.84630738523	0.904191616766	0.865269461078	0.86127744511	0.807385229541	0.860279441118	0.858283433134	0.87125748503	0.561876247505	0.556886227545	0.565868263473	0.499001996008	0.612774451098	0.573852295409	0.601796407186	0.566866267465	0.624750499002	0.571856287425	0.674650698603	0.515968063872	0.575848303393	0.545908183633	0.547904191617	0.748502994012	0.728542914172	0.730538922156	0.736526946108	0.651696606786	0.716566866267	0.644710578842	0.710578842315	0.634730538922	0.577844311377	0.678642714571	0.668662674651	0.743512974052	0.733532934132	0.743512974052	0.749500998004	0.899201596806	0.911177644711	0.862275449102	0.799401197605	0.90618762475	0.879241516966	0.810379241517	0.880239520958	0.841317365269	0.889221556886	0.808383233533	0.852295409182	0.935129740519	0.911177644711	0.792415169661	0.771457085828	0.755489021956	0.602794411178	0.583832335329	0.612774451098	0.624750499002	0.582834331337	0.561876247505	0.812375249501	0.791417165669	0.714570858283	0.759481037924	0.799401197605
CE7	0.413173652695	0.444111776447	0.676646706587	0.601796407186	0.807385229541	0.735528942116	0.460079840319	0.322355289421	0.0	0.425149700599	0.74750499002	0.774451097804	0.621756487026	0.651696606786	0.488023952096	0.415169660679	0.917165668663	0.911177644711	0.933133732535	0.939121756487	0.754491017964	0.771457085828	0.961077844311	0.943113772455	0.847305389222	0.899201596806	0.857285429142	0.860279441118	0.804391217565	0.870259481038	0.863273453094	0.877245508982	0.550898203593	0.547904191617	0.562874251497	0.493013972056	0.607784431138	0.574850299401	0.596806387226	0.554890219561	0.617764471058	0.571856287425	0.668662674651	0.507984031936	0.571856287425	0.538922155689	0.544910179641	0.7375249501	0.723552894212	0.723552894212	0.734530938124	0.649700598802	0.708582834331	0.630738522954	0.714570858283	0.620758483034	0.563872255489	0.668662674651	0.661676646707	0.740518962076	0.736526946108	0.728542914172	0.750499001996	0.905189620758	0.910179640719	0.86127744511	0.793413173653	0.912175648703	0.88123752495	0.796407185629	0.887225548902	0.847305389222	0.893213572854	0.810379241517	0.853293413174	0.938123752495	0.909181636727	0.77245508982	0.763473053892	0.74750499002	0.601796407186	0.583832335329	0.596806387226	0.615768463074	0.570858283433	0.546906187625	0.801397205589	0.77744510978	0.702594810379	0.748502994012	0.796407185629
CE8	0.428143712575	0.38622754491	0.64870259481	0.517964071856	0.706586826347	0.630738522954	0.370259481038	0.436127744511	0.425149700599	0.0	0.640718562874	0.667664670659	0.546906187625	0.624750499002	0.40119760479	0.429141716567	0.88123752495	0.872255489022	0.918163672655	0.923153692615	0.730538922156	0.734530938124	0.914171656687	0.898203592814	0.805389221557	0.854291417166	0.803393213573	0.812375249501	0.783433133733	0.845309381238	0.835329341317	0.844311377246	0.534930139721	0.531936127745	0.581836327345	0.526946107784	0.622754491018	0.572854291417	0.599800399202	0.547904191617	0.605788423154	0.562874251497	0.670658682635	0.530938123752	0.574850299401	0.505988023952	0.534930139721	0.699600798403	0.681636726547	0.677644710579	0.684630738523	0.60379241517	0.658682634731	0.581836327345	0.655688622754	0.565868263473	0.520958083832	0.625748502994	0.625748502994	0.680638722555	0.685628742515	0.678642714571	0.694610778443	0.923153692615	0.924151696607	0.883233532934	0.760479041916	0.914171656687	0.900199600798	0.76746506986	0.899201596806	0.869261477046	0.907185628743	0.76746506986	0.873253493014	0.957085828343	0.927145708583	0.72754491018	0.72255489022	0.697604790419	0.624750499002	0.606786427146	0.547904191617	0.569860279441	0.512974051896	0.496007984032	0.740518962076	0.726546906188	0.647704590818	0.693612774451	0.743512974052
CF7	0.656686626747	0.627744510978	0.656686626747	0.619760479042	0.523952095808	0.453093812375	0.65369261477	0.764471057884	0.74750499002	0.640718562874	0.0	0.482035928144	0.611776447106	0.646706586826	0.627744510978	0.665668662675	0.813373253493	0.796407185629	0.883233532934	0.89121756487	0.723552894212	0.683632734531	0.746506986028	0.725548902196	0.656686626747	0.687624750499	0.705588822355	0.72255489022	0.776447105788	0.807385229541	0.796407185629	0.784431137725	0.77744510978	0.774451097804	0.808383233533	0.792415169661	0.805389221557	0.788423153693	0.809381237525	0.791417165669	0.794411177645	0.792415169661	0.791417165669	0.797405189621	0.784431137725	0.770459081836	0.791417165669	0.721556886228	0.703592814371	0.682634730539	0.689620758483	0.650698602794	0.666666666667	0.678642714571	0.673652694611	0.64371257485	0.665668662675	0.644710578842	0.673652694611	0.681636726547	0.686626746507	0.708582834331	0.699600798403	0.935129740519	0.926147704591	0.884231536926	0.736526946108	0.916167664671	0.911177644711	0.740518962076	0.908183632735	0.845309381238	0.924151696607	0.741516966068	0.87624750499	0.960079840319	0.929141716567	0.706586826347	0.738522954092	0.718562874251	0.801397205589	0.775449101796	0.678642714571	0.694610778443	0.693612774451	0.682634730539	0.790419161677	0.725548902196	0.683632734531	0.72754491018	0.771457085828
CF8	0.678642714571	0.645708582834	0.647704590818	0.611776447106	0.453093812375	0.467065868263	0.659680638723	0.774451097804	0.774451097804	0.667664670659	0.482035928144	0.0	0.61876247505	0.64870259481	0.63373253493	0.675648702595	0.786427145709	0.782435129741	0.878243512974	0.88622754491	0.739520958084	0.702594810379	0.682634730539	0.64870259481	0.590818363273	0.610778443114	0.692614770459	0.708582834331	0.766467065868	0.794411177645	0.780439121756	0.765469061876	0.795409181637	0.794411177645	0.827345309381	0.815369261477	0.823353293413	0.807385229541	0.828343313373	0.808383233533	0.809381237525	0.810379241517	0.813373253493	0.819361277445	0.804391217565	0.787425149701	0.809381237525	0.713572854291	0.688622754491	0.665668662675	0.678642714571	0.654690618762	0.656686626747	0.680638722555	0.679640718563	0.660678642715	0.671656686627	0.651696606786	0.686626746507	0.665668662675	0.669660678643	0.703592814371	0.684630738523	0.935129740519	0.936127744511	0.904191616766	0.746506986028	0.927145708583	0.916167664671	0.753493013972	0.922155688623	0.834331337325	0.932135728543	0.761477045908	0.895209580838	0.972055888224	0.936127744511	0.717564870259	0.729540918164	0.73253493014	0.832335329341	0.808383233533	0.694610778443	0.711576846307	0.701596806387	0.696606786427	0.787425149701	0.735528942116	0.711576846307	0.730538922156	0.770459081836
CG7	0.568862275449	0.555888223553	0.493013972056	0.440119760479	0.651696606786	0.599800399202	0.541916167665	0.626746506986	0.621756487026	0.546906187625	0.611776447106	0.61876247505	0.0	0.47005988024	0.563872255489	0.583832335329	0.84630738523	0.832335329341	0.873253493014	0.87125748503	0.691616766467	0.663672654691	0.833333333333	0.812375249501	0.740518962076	0.789421157685	0.754491017964	0.751497005988	0.707584830339	0.774451097804	0.799401197605	0.800399201597	0.665668662675	0.657684630739	0.640718562874	0.685628742515	0.635728542914	0.662674650699	0.702594810379	0.687624750499	0.684630738523	0.678642714571	0.620758483034	0.690618762475	0.621756487026	0.650698602794	0.680638722555	0.72255489022	0.657684630739	0.704590818363	0.712574850299	0.624750499002	0.699600798403	0.62874251497	0.697604790419	0.599800399202	0.577844311377	0.649700598802	0.645708582834	0.707584830339	0.723552894212	0.705588822355	0.704590818363	0.890219560878	0.879241516966	0.88123752495	0.73253493014	0.86626746507	0.878243512974	0.743512974052	0.893213572854	0.847305389222	0.900199600798	0.741516966068	0.857285429142	0.919161676647	0.89620758483	0.765469061876	0.745508982036	0.756487025948	0.677644710579	0.65369261477	0.605788423154	0.630738522954	0.612774451098	0.610778443114	0.794411177645	0.771457085828	0.708582834331	0.765469061876	0.802395209581
CG8	0.639720558882	0.627744510978	0.434131736527	0.516966067864	0.690618762475	0.647704590818	0.614770459082	0.64870259481	0.651696606786	0.624750499002	0.646706586826	0.64870259481	0.47005988024	0.0	0.625748502994	0.639720558882	0.852295409182	0.833333333333	0.86127744511	0.870259481038	0.721556886228	0.708582834331	0.816367265469	0.790419161677	0.715568862275	0.768463073852	0.774451097804	0.760479041916	0.718562874251	0.776447105788	0.796407185629	0.793413173653	0.718562874251	0.712574850299	0.664670658683	0.716566866267	0.661676646707	0.706586826347	0.717564870259	0.726546906188	0.721556886228	0.721556886228	0.64371257485	0.718562874251	0.664670658683	0.708582834331	0.723552894212	0.763473053892	0.715568862275	0.760479041916	0.766467065868	0.676646706587	0.745508982036	0.670658682635	0.743512974052	0.646706586826	0.630738522954	0.693612774451	0.694610778443	0.7624750499	0.774451097804	0.750499001996	0.759481037924	0.889221556886	0.814371257485	0.875249500998	0.74750499002	0.802395209581	0.868263473054	0.74750499002	0.88123752495	0.830339321357	0.887225548902	0.758483033932	0.852295409182	0.853293413174	0.887225548902	0.817365269461	0.787425149701	0.823353293413	0.689620758483	0.664670658683	0.683632734531	0.688622754491	0.683632734531	0.681636726547	0.858283433134	0.834331337325	0.774451097804	0.824351297405	0.857285429142
CH7	0.403193612774	0.328343313373	0.652694610778	0.5249500998	0.676646706587	0.607784431138	0.429141716567	0.492015968064	0.488023952096	0.40119760479	0.627744510978	0.63373253493	0.563872255489	0.625748502994	0.0	0.377245508982	0.874251497006	0.86626746507	0.915169660679	0.915169660679	0.745508982036	0.74251497006	0.892215568862	0.879241516966	0.796407185629	0.842315369261	0.804391217565	0.809381237525	0.794411177645	0.838323353293	0.847305389222	0.841317365269	0.534930139721	0.531936127745	0.583832335329	0.528942115768	0.622754491018	0.574850299401	0.604790419162	0.549900199601	0.60878243513	0.558882235529	0.677644710579	0.533932135729	0.578842315369	0.508982035928	0.533932135729	0.7375249501	0.726546906188	0.674650698603	0.680638722555	0.611776447106	0.659680638723	0.63373253493	0.700598802395	0.599800399202	0.564870259481	0.625748502994	0.658682634731	0.679640718563	0.680638722555	0.726546906188	0.691616766467	0.928143712575	0.941117764471	0.905189620758	0.717564870259	0.928143712575	0.907185628743	0.7375249501	0.907185628743	0.880239520958	0.918163672655	0.755489021956	0.893213572854	0.973053892216	0.937125748503	0.676646706587	0.75748502994	0.688622754491	0.663672654691	0.647704590818	0.549900199601	0.574850299401	0.507984031936	0.496007984032	0.770459081836	0.690618762475	0.640718562874	0.700598802395	0.729540918164
CH8	0.297405189621	0.354291417166	0.65369261477	0.534930139721	0.731536926148	0.652694610778	0.443113772455	0.415169660679	0.415169660679	0.429141716567	0.665668662675	0.675648702595	0.583832335329	0.639720558882	0.377245508982	0.0	0.919161676647	0.911177644711	0.916167664671	0.918163672655	0.75249500998	0.764471057884	0.943113772455	0.925149700599	0.832335329341	0.895209580838	0.835329341317	0.848303393214	0.819361277445	0.855289421158	0.854291417166	0.870259481038	0.530938123752	0.526946107784	0.557884231537	0.48502994012	0.601796407186	0.559880239521	0.600798403194	0.546906187625	0.606786427146	0.560878243513	0.654690618762	0.505988023952	0.550898203593	0.505988023952	0.531936127745	0.730538922156	0.711576846307	0.669660678643	0.680638722555	0.586826347305	0.668662674651	0.640718562874	0.696606786427	0.60379241517	0.556886227545	0.59880239521	0.63872255489	0.675648702595	0.670658682635	0.721556886228	0.683632734531	0.912175648703	0.930139720559	0.880239520958	0.715568862275	0.917165668663	0.89620758483	0.721556886228	0.89620758483	0.860279441118	0.909181636727	0.743512974052	0.87624750499	0.956087824351	0.915169660679	0.712574850299	0.750499001996	0.699600798403	0.646706586826	0.619760479042	0.570858283433	0.591816367265	0.532934131737	0.516966067864	0.753493013972	0.72255489022	0.666666666667	0.693612774451	0.73253493014
CA1	0.921157684631	0.878243512974	0.831337325349	0.862275449102	0.798403193613	0.790419161677	0.879241516966	0.917165668663	0.917165668663	0.88123752495	0.813373253493	0.786427145709	0.84630738523	0.852295409182	0.874251497006	0.919161676647	0.0	0.333333333333	0.497005988024	0.497005988024	0.84630738523	0.725548902196	0.734530938124	0.730538922156	0.701596806387	0.700598802395	0.486027944112	0.467065868263	0.466067864271	0.450099800399	0.457085828343	0.392215568862	0.962075848303	0.960079840319	0.963073852295	0.961077844311	0.961077844311	0.960079840319	0.961077844311	0.962075848303	0.961077844311	0.961077844311	0.960079840319	0.960079840319	0.962075848303	0.961077844311	0.963073852295	0.924151696607	0.928143712575	0.919161676647	0.933133732535	0.926147704591	0.927145708583	0.916167664671	0.910179640719	0.910179640719	0.926147704591	0.926147704591	0.932135728543	0.926147704591	0.930139720559	0.921157684631	0.929141716567	0.941117764471	0.935129740519	0.931137724551	0.940119760479	0.926147704591	0.929141716567	0.934131736527	0.929141716567	0.913173652695	0.926147704591	0.933133732535	0.934131736527	0.971057884232	0.937125748503	0.925149700599	0.919161676647	0.925149700599	0.945109780439	0.933133732535	0.926147704591	0.923153692615	0.924151696607	0.924151696607	0.945109780439	0.921157684631	0.922155688623	0.926147704591	0.928143712575
CA2	0.915169660679	0.872255489022	0.814371257485	0.842315369261	0.802395209581	0.780439121756	0.877245508982	0.917165668663	0.911177644711	0.872255489022	0.796407185629	0.782435129741	0.832335329341	0.833333333333	0.86626746507	0.911177644711	0.333333333333	0.0	0.510978043912	0.515968063872	0.838323353293	0.703592814371	0.736526946108	0.721556886228	0.697604790419	0.702594810379	0.476047904192	0.445109780439	0.458083832335	0.461077844311	0.461077844311	0.405189620758	0.962075848303	0.957085828343	0.960079840319	0.958083832335	0.960079840319	0.955089820359	0.956087824351	0.963073852295	0.957085828343	0.961077844311	0.961077844311	0.957085828343	0.958083832335	0.960079840319	0.965069860279	0.920159680639	0.926147704591	0.915169660679	0.926147704591	0.923153692615	0.917165668663	0.914171656687	0.904191616766	0.899201596806	0.919161676647	0.922155688623	0.924151696607	0.919161676647	0.926147704591	0.921157684631	0.925149700599	0.937125748503	0.927145708583	0.930139720559	0.936127744511	0.919161676647	0.930139720559	0.930139720559	0.925149700599	0.908183632735	0.927145708583	0.927145708583	0.931137724551	0.966067864271	0.933133732535	0.921157684631	0.918163672655	0.929141716567	0.936127744511	0.932135728543	0.923153692615	0.919161676647	0.923153692615	0.924151696607	0.942115768463	0.921157684631	0.923153692615	0.931137724551	0.934131736527
CB1	0.913173652695	0.921157684631	0.86127744511	0.888223552894	0.882235528942	0.873253493014	0.907185628743	0.928143712575	0.933133732535	0.918163672655	0.883233532934	0.878243512974	0.873253493014	0.86127744511	0.915169660679	0.916167664671	0.497005988024	0.510978043912	0.0	0.268463073852	0.88622754491	0.768463073852	0.831337325349	0.832335329341	0.792415169661	0.821357285429	0.575848303393	0.546906187625	0.501996007984	0.414171656687	0.420159680639	0.458083832335	0.969061876248	0.962075848303	0.945109780439	0.960079840319	0.946107784431	0.951097804391	0.964071856287	0.966067864271	0.968063872255	0.967065868263	0.944111776447	0.955089820359	0.946107784431	0.966067864271	0.968063872255	0.928143712575	0.919161676647	0.916167664671	0.923153692615	0.916167664671	0.922155688623	0.928143712575	0.929141716567	0.914171656687	0.922155688623	0.918163672655	0.917165668663	0.923153692615	0.926147704591	0.925149700599	0.920159680639	0.936127744511	0.934131736527	0.952095808383	0.941117764471	0.930139720559	0.950099800399	0.940119760479	0.946107784431	0.921157684631	0.948103792415	0.939121756487	0.961077844311	0.968063872255	0.940119760479	0.967065868263	0.921157684631	0.961077844311	0.944111776447	0.928143712575	0.958083832335	0.954091816367	0.951097804391	0.953093812375	0.962075848303	0.965069860279	0.959081836327	0.964071856287	0.963073852295
CB2	0.914171656687	0.922155688623	0.869261477046	0.879241516966	0.887225548902	0.883233532934	0.916167664671	0.923153692615	0.939121756487	0.923153692615	0.89121756487	0.88622754491	0.87125748503	0.870259481038	0.915169660679	0.918163672655	0.497005988024	0.515968063872	0.268463073852	0.0	0.879241516966	0.758483033932	0.847305389222	0.838323353293	0.798403193613	0.821357285429	0.571856287425	0.545908183633	0.478043912176	0.407185628743	0.414171656687	0.458083832335	0.97005988024	0.962075848303	0.937125748503	0.959081836327	0.936127744511	0.952095808383	0.963073852295	0.968063872255	0.966067864271	0.968063872255	0.937125748503	0.954091816367	0.939121756487	0.965069860279	0.969061876248	0.923153692615	0.919161676647	0.926147704591	0.927145708583	0.924151696607	0.928143712575	0.937125748503	0.935129740519	0.926147704591	0.921157684631	0.919161676647	0.924151696607	0.919161676647	0.933133732535	0.921157684631	0.919161676647	0.934131736527	0.933133732535	0.940119760479	0.932135728543	0.925149700599	0.937125748503	0.933133732535	0.941117764471	0.914171656687	0.940119760479	0.926147704591	0.944111776447	0.964071856287	0.932135728543	0.962075848303	0.930139720559	0.959081836327	0.930139720559	0.920159680639	0.957085828343	0.954091816367	0.951097804391	0.954091816367	0.961077844311	0.962075848303	0.956087824351	0.963073852295	0.963073852295
CC1	0.743512974052	0.738522954092	0.758483033932	0.696606786427	0.758483033932	0.716566866267	0.734530938124	0.763473053892	0.754491017964	0.730538922156	0.723552894212	0.739520958084	0.691616766467	0.721556886228	0.745508982036	0.75249500998	0.84630738523	0.838323353293	0.88622754491	0.879241516966	0.0	0.474051896208	0.89121756487	0.874251497006	0.77744510978	0.825349301397	0.75249500998	0.774451097804	0.756487025948	0.795409181637	0.808383233533	0.819361277445	0.787425149701	0.775449101796	0.771457085828	0.793413173653	0.764471057884	0.77744510978	0.814371257485	0.801397205589	0.799401197605	0.795409181637	0.753493013972	0.801397205589	0.75249500998	0.783433133733	0.792415169661	0.701596806387	0.710578842315	0.72754491018	0.741516966068	0.72754491018	0.715568862275	0.708582834331	0.682634730539	0.686626746507	0.72754491018	0.74251497006	0.728542914172	0.7375249501	0.738522954092	0.696606786427	0.734530938124	0.845309381238	0.818363273453	0.774451097804	0.701596806387	0.808383233533	0.817365269461	0.716566866267	0.821357285429	0.746506986028	0.818363273453	0.702594810379	0.745508982036	0.862275449102	0.85628742515	0.693612774451	0.748502994012	0.75249500998	0.774451097804	0.741516966068	0.74251497006	0.739520958084	0.753493013972	0.749500998004	0.825349301397	0.712574850299	0.736526946108	0.774451097804	0.782435129741
CC2	0.756487025948	0.736526946108	0.728542914172	0.692614770459	0.716566866267	0.672654690619	0.7375249501	0.775449101796	0.771457085828	0.734530938124	0.683632734531	0.702594810379	0.663672654691	0.708582834331	0.74251497006	0.764471057884	0.725548902196	0.703592814371	0.768463073852	0.758483033932	0.474051896208	0.0	0.800399201597	0.780439121756	0.691616766467	0.716566866267	0.589820359281	0.591816367265	0.639720558882	0.669660678643	0.682634730539	0.670658682635	0.814371257485	0.805389221557	0.800399201597	0.821357285429	0.795409181637	0.802395209581	0.831337325349	0.824351297405	0.824351297405	0.820359281437	0.779441117764	0.823353293413	0.778443113772	0.807385229541	0.818363273453	0.706586826347	0.721556886228	0.724550898204	0.749500998004	0.740518962076	0.728542914172	0.731536926148	0.723552894212	0.708582834331	0.74251497006	0.75249500998	0.749500998004	0.72754491018	0.748502994012	0.705588822355	0.726546906188	0.844311377246	0.820359281437	0.798403193613	0.73253493014	0.803393213573	0.827345309381	0.729540918164	0.817365269461	0.73253493014	0.819361277445	0.725548902196	0.779441117764	0.882235528942	0.859281437126	0.730538922156	0.730538922156	0.76746506986	0.808383233533	0.768463073852	0.77744510978	0.765469061876	0.769461077844	0.764471057884	0.833333333333	0.74251497006	0.761477045908	0.785429141717	0.781437125749
CD1	0.941117764471	0.898203592814	0.783433133733	0.850299401198	0.672654690619	0.756487025948	0.904191616766	0.961077844311	0.961077844311	0.914171656687	0.746506986028	0.682634730539	0.833333333333	0.816367265469	0.892215568862	0.943113772455	0.734530938124	0.736526946108	0.831337325349	0.847305389222	0.89121756487	0.800399201597	0.0	0.40618762475	0.573852295409	0.494011976048	0.715568862275	0.744510978044	0.817365269461	0.809381237525	0.820359281437	0.778443113772	0.988023952096	0.989021956088	0.988023952096	0.988023952096	0.988023952096	0.984031936128	0.987025948104	0.988023952096	0.987025948104	0.986027944112	0.989021956088	0.982035928144	0.988023952096	0.988023952096	0.99001996008	0.953093812375	0.950099800399	0.948103792415	0.953093812375	0.944111776447	0.948103792415	0.946107784431	0.943113772455	0.935129740519	0.947105788423	0.943113772455	0.945109780439	0.951097804391	0.948103792415	0.946107784431	0.950099800399	0.969061876248	0.961077844311	0.981037924152	0.98003992016	0.961077844311	0.984031936128	0.977045908184	0.98003992016	0.951097804391	0.984031936128	0.971057884232	0.981037924152	0.989021956088	0.971057884232	0.982035928144	0.949101796407	0.983033932136	0.967065868263	0.969061876248	0.977045908184	0.98003992016	0.977045908184	0.974051896208	0.987025948104	0.984031936128	0.983033932136	0.982035928144	0.984031936128
CD2	0.924151696607	0.889221556886	0.758483033932	0.833333333333	0.656686626747	0.749500998004	0.89121756487	0.944111776447	0.943113772455	0.898203592814	0.725548902196	0.64870259481	0.812375249501	0.790419161677	0.879241516966	0.925149700599	0.730538922156	0.721556886228	0.832335329341	0.838323353293	0.874251497006	0.780439121756	0.40618762475	0.0	0.547904191617	0.441117764471	0.689620758483	0.717564870259	0.804391217565	0.793413173653	0.794411177645	0.760479041916	0.973053892216	0.971057884232	0.971057884232	0.97005988024	0.97005988024	0.968063872255	0.971057884232	0.972055888224	0.968063872255	0.971057884232	0.97005988024	0.968063872255	0.97005988024	0.972055888224	0.973053892216	0.927145708583	0.921157684631	0.923153692615	0.925149700599	0.922155688623	0.920159680639	0.916167664671	0.918163672655	0.908183632735	0.917165668663	0.920159680639	0.916167664671	0.925149700599	0.921157684631	0.923153692615	0.920159680639	0.959081836327	0.958083832335	0.965069860279	0.956087824351	0.951097804391	0.969061876248	0.956087824351	0.966067864271	0.925149700599	0.967065868263	0.954091816367	0.966067864271	0.988023952096	0.959081836327	0.969061876248	0.923153692615	0.965069860279	0.948103792415	0.950099800399	0.959081836327	0.962075848303	0.958083832335	0.957085828343	0.967065868263	0.968063872255	0.965069860279	0.966067864271	0.966067864271
CE1	0.837325349301	0.798403193613	0.679640718563	0.756487025948	0.601796407186	0.652694610778	0.811377245509	0.84630738523	0.847305389222	0.805389221557	0.656686626747	0.590818363273	0.740518962076	0.715568862275	0.796407185629	0.832335329341	0.701596806387	0.697604790419	0.792415169661	0.798403193613	0.77744510978	0.691616766467	0.573852295409	0.547904191617	0.0	0.460079840319	0.651696606786	0.672654690619	0.703592814371	0.730538922156	0.714570858283	0.711576846307	0.900199600798	0.897205588822	0.894211576846	0.894211576846	0.894211576846	0.890219560878	0.894211576846	0.900199600798	0.895209580838	0.898203592814	0.895209580838	0.889221556886	0.892215568862	0.900199600798	0.902195608782	0.774451097804	0.760479041916	0.76746506986	0.805389221557	0.771457085828	0.758483033932	0.798403193613	0.774451097804	0.770459081836	0.789421157685	0.766467065868	0.753493013972	0.783433133733	0.771457085828	0.773453093812	0.804391217565	0.943113772455	0.932135728543	0.902195608782	0.883233532934	0.927145708583	0.946107784431	0.889221556886	0.935129740519	0.812375249501	0.940119760479	0.89121756487	0.88622754491	0.971057884232	0.940119760479	0.87125748503	0.790419161677	0.879241516966	0.85129740519	0.84630738523	0.865269461078	0.867265469062	0.85628742515	0.860279441118	0.921157684631	0.88622754491	0.863273453094	0.880239520958	0.916167664671
CE2	0.895209580838	0.847305389222	0.721556886228	0.802395209581	0.605788423154	0.698602794411	0.859281437126	0.904191616766	0.899201596806	0.854291417166	0.687624750499	0.610778443114	0.789421157685	0.768463073852	0.842315369261	0.895209580838	0.700598802395	0.702594810379	0.821357285429	0.821357285429	0.825349301397	0.716566866267	0.494011976048	0.441117764471	0.460079840319	0.0	0.666666666667	0.683632734531	0.749500998004	0.74750499002	0.7375249501	0.715568862275	0.950099800399	0.946107784431	0.947105788423	0.948103792415	0.947105788423	0.945109780439	0.947105788423	0.949101796407	0.946107784431	0.949101796407	0.947105788423	0.945109780439	0.947105788423	0.949101796407	0.950099800399	0.863273453094	0.855289421158	0.86127744511	0.868263473054	0.862275449102	0.857285429142	0.85628742515	0.857285429142	0.852295409182	0.859281437126	0.863273453094	0.857285429142	0.865269461078	0.857285429142	0.860279441118	0.859281437126	0.951097804391	0.938123752495	0.925149700599	0.921157684631	0.929141716567	0.959081836327	0.915169660679	0.949101796407	0.863273453094	0.952095808383	0.912175648703	0.921157684631	0.976047904192	0.948103792415	0.917165668663	0.860279441118	0.915169660679	0.904191616766	0.895209580838	0.916167664671	0.924151696607	0.914171656687	0.914171656687	0.931137724551	0.921157684631	0.918163672655	0.913173652695	0.921157684631
CF1	0.836327345309	0.804391217565	0.783433133733	0.77744510978	0.697604790419	0.703592814371	0.814371257485	0.865269461078	0.857285429142	0.803393213573	0.705588822355	0.692614770459	0.754491017964	0.774451097804	0.804391217565	0.835329341317	0.486027944112	0.476047904192	0.575848303393	0.571856287425	0.75249500998	0.589820359281	0.715568862275	0.689620758483	0.651696606786	0.666666666667	0.0	0.324351297405	0.517964071856	0.508982035928	0.477045908184	0.440119760479	0.890219560878	0.888223552894	0.908183632735	0.894211576846	0.902195608782	0.88622754491	0.907185628743	0.892215568862	0.893213572854	0.890219560878	0.888223552894	0.899201596806	0.888223552894	0.889221556886	0.89121756487	0.815369261477	0.819361277445	0.812375249501	0.821357285429	0.818363273453	0.815369261477	0.815369261477	0.797405189621	0.799401197605	0.819361277445	0.820359281437	0.820359281437	0.818363273453	0.818363273453	0.806387225549	0.814371257485	0.919161676647	0.912175648703	0.926147704591	0.86127744511	0.907185628743	0.909181636727	0.854291417166	0.897205588822	0.845309381238	0.910179640719	0.854291417166	0.922155688623	0.968063872255	0.929141716567	0.847305389222	0.807385229541	0.852295409182	0.911177644711	0.887225548902	0.86127744511	0.850299401198	0.849301397206	0.84630738523	0.874251497006	0.848303393214	0.850299401198	0.860279441118	0.847305389222
CF2	0.84630738523	0.812375249501	0.775449101796	0.778443113772	0.723552894212	0.716566866267	0.819361277445	0.86127744511	0.860279441118	0.812375249501	0.72255489022	0.708582834331	0.751497005988	0.760479041916	0.809381237525	0.848303393214	0.467065868263	0.445109780439	0.546906187625	0.545908183633	0.774451097804	0.591816367265	0.744510978044	0.717564870259	0.672654690619	0.683632734531	0.324351297405	0.0	0.491017964072	0.473053892216	0.458083832335	0.419161676647	0.900199600798	0.897205588822	0.902195608782	0.897205588822	0.898203592814	0.892215568862	0.900199600798	0.902195608782	0.899201596806	0.900199600798	0.895209580838	0.895209580838	0.895209580838	0.895209580838	0.902195608782	0.820359281437	0.819361277445	0.812375249501	0.823353293413	0.814371257485	0.811377245509	0.816367265469	0.811377245509	0.806387225549	0.825349301397	0.824351297405	0.822355289421	0.813373253493	0.818363273453	0.816367265469	0.816367265469	0.925149700599	0.916167664671	0.926147704591	0.865269461078	0.907185628743	0.909181636727	0.859281437126	0.903193612774	0.848303393214	0.915169660679	0.862275449102	0.927145708583	0.969061876248	0.925149700599	0.860279441118	0.814371257485	0.86127744511	0.908183632735	0.880239520958	0.865269461078	0.862275449102	0.864271457086	0.854291417166	0.877245508982	0.867265469062	0.859281437126	0.864271457086	0.86127744511
CG1	0.831337325349	0.779441117764	0.715568862275	0.7375249501	0.771457085828	0.758483033932	0.788423153693	0.807385229541	0.804391217565	0.783433133733	0.776447105788	0.766467065868	0.707584830339	0.718562874251	0.794411177645	0.819361277445	0.466067864271	0.458083832335	0.501996007984	0.478043912176	0.756487025948	0.639720558882	0.817365269461	0.804391217565	0.703592814371	0.749500998004	0.517964071856	0.491017964072	0.0	0.37125748503	0.445109780439	0.441117764471	0.894211576846	0.885229540918	0.819361277445	0.884231536926	0.816367265469	0.880239520958	0.88622754491	0.889221556886	0.887225548902	0.892215568862	0.807385229541	0.87624750499	0.822355289421	0.889221556886	0.895209580838	0.819361277445	0.779441117764	0.823353293413	0.824351297405	0.823353293413	0.826347305389	0.832335329341	0.829341317365	0.821357285429	0.816367265469	0.820359281437	0.819361277445	0.819361277445	0.835329341317	0.804391217565	0.809381237525	0.877245508982	0.864271457086	0.860279441118	0.793413173653	0.850299401198	0.870259481038	0.800399201597	0.875249500998	0.860279441118	0.884231536926	0.800399201597	0.837325349301	0.88123752495	0.893213572854	0.85628742515	0.839321357285	0.840319361277	0.842315369261	0.813373253493	0.837325349301	0.834331337325	0.835329341317	0.834331337325	0.87125748503	0.848303393214	0.839321357285	0.843313373253	0.873253493014
