	CA7	CA8	CB7	CB8	CC7	CC8	CD7	CD8	CE7	CE8	CF7	CF8	CG7	CG8	CH7	CH8	CA1	CA2	CB1	CB2	CC1	CC2	CD1	CD2	CE1	CE2	CF1	CF2	CG1	CG2	CH1	CH2	CA5	CA6	CB5	CB6	CC5	CC6	CD6	CE5	CE6	CF5	CF6	CG5	CG6	CH5	CH6	CA11	CA12	CB11	CB12	CC11	CC12	CD11	CD12	CE11	CE12	CF11	CF12	CG11	CG12	CH11	CH12	CA3	CA4	CB3	CB4	CC4	CD3	CD4	CE4	CF3	CF4	CG3	CG4	CH3	CH4	CA9	CA10	CB9	CC9	CC10	CD9	CD10	CE9	CE10	CF9	CG9	CG10	CH9	CH10
CA7	0.0	0.370259481038	0.659680638723	0.522954091816	0.702594810379	0.652694610778	0.394211576846	0.408183632735	0.411177644711	0.424151696607	0.662674650699	0.694610778443	0.552894211577	0.620758483034	0.39620758483	0.305389221557	0.921157684631	0.902195608782	0.917165668663	0.909181636727	0.7375249501	0.758483033932	0.935129740519	0.922155688623	0.818363273453	0.855289421158	0.822355289421	0.824351297405	0.810379241517	0.864271457086	0.86626746507	0.842315369261	0.527944111776	0.52994011976	0.569860279441	0.486027944112	0.615768463074	0.562874251497	0.583832335329	0.541916167665	0.614770459082	0.580838323353	0.647704590818	0.487025948104	0.539920159681	0.50998003992	0.517964071856	0.73253493014	0.718562874251	0.698602794411	0.718562874251	0.631736526946	0.689620758483	0.639720558882	0.695608782435	0.626746506986	0.556886227545	0.626746506986	0.665668662675	0.691616766467	0.689620758483	0.748502994012	0.699600798403	0.934131736527	0.936127744511	0.890219560878	0.753493013972	0.924151696607	0.917165668663	0.751497005988	0.90119760479	0.875249500998	0.917165668663	0.759481037924	0.88622754491	0.958083832335	0.932135728543	0.731536926148	0.728542914172	0.728542914172	0.649700598802	0.635728542914	0.596806387226	0.616766467066	0.566866267465	0.549900199601	0.781437125749	0.729540918164	0.702594810379	0.735528942116	0.760479041916
CA8	0.370259481038	0.0	0.647704590818	0.48502994012	0.652694610778	0.605788423154	0.35628742515	0.449101796407	0.459081836327	0.393213572854	0.61377245509	0.641716566866	0.552894211577	0.610778443114	0.316367265469	0.362275449102	0.86626746507	0.853293413174	0.917165668663	0.900199600798	0.726546906188	0.730538922156	0.887225548902	0.879241516966	0.769461077844	0.813373253493	0.783433133733	0.784431137725	0.774451097804	0.85129740519	0.853293413174	0.820359281437	0.523952095808	0.536926147705	0.576846307385	0.50499001996	0.620758483034	0.563872255489	0.584830339321	0.543912175649	0.615768463074	0.590818363273	0.658682634731	0.501996007984	0.549900199601	0.513972055888	0.51996007984	0.734530938124	0.720558882236	0.696606786427	0.707584830339	0.63872255489	0.670658682635	0.624750499002	0.673652694611	0.614770459082	0.546906187625	0.61876247505	0.674650698603	0.684630738523	0.683632734531	0.738522954092	0.693612774451	0.922155688623	0.936127744511	0.88622754491	0.741516966068	0.926147704591	0.915169660679	0.721556886228	0.88622754491	0.879241516966	0.915169660679	0.745508982036	0.884231536926	0.954091816367	0.934131736527	0.692614770459	0.715568862275	0.705588822355	0.658682634731	0.63872255489	0.562874251497	0.567864271457	0.533932135729	0.521956087824	0.77744510978	0.696606786427	0.655688622754	0.709580838323	0.73253493014
CB7	0.659680638723	0.647704590818	0.0	0.540918163673	0.674650698603	0.657684630739	0.666666666667	0.679640718563	0.678642714571	0.668662674651	0.650698602794	0.647704590818	0.527944111776	0.404191616766	0.663672654691	0.668662674651	0.824351297405	0.802395209581	0.87624750499	0.842315369261	0.764471057884	0.750499001996	0.77245508982	0.782435129741	0.660678642715	0.693612774451	0.753493013972	0.756487025948	0.719560878244	0.789421157685	0.821357285429	0.808383233533	0.751497005988	0.740518962076	0.700598802395	0.741516966068	0.693612774451	0.743512974052	0.753493013972	0.750499001996	0.75249500998	0.75249500998	0.677644710579	0.736526946108	0.700598802395	0.743512974052	0.755489021956	0.763473053892	0.739520958084	0.785429141717	0.805389221557	0.710578842315	0.758483033932	0.696606786427	0.750499001996	0.686626746507	0.649700598802	0.706586826347	0.718562874251	0.769461077844	0.783433133733	0.768463073852	0.766467065868	0.878243512974	0.817365269461	0.872255489022	0.778443113772	0.808383233533	0.904191616766	0.785429141717	0.882235528942	0.815369261477	0.898203592814	0.776447105788	0.85628742515	0.84630738523	0.894211576846	0.842315369261	0.789421157685	0.857285429142	0.690618762475	0.690618762475	0.712574850299	0.731536926148	0.718562874251	0.709580838323	0.911177644711	0.853293413174	0.814371257485	0.857285429142	0.889221556886
CB8	0.522954091816	0.48502994012	0.540918163673	0.0	0.601796407186	0.562874251497	0.5	0.611776447106	0.60379241517	0.535928143713	0.566866267465	0.587824351297	0.428143712575	0.4750499002	0.498003992016	0.525948103792	0.833333333333	0.806387225549	0.889221556886	0.863273453094	0.687624750499	0.696606786427	0.827345309381	0.820359281437	0.72754491018	0.74750499002	0.755489021956	0.7624750499	0.710578842315	0.787425149701	0.839321357285	0.808383233533	0.656686626747	0.664670658683	0.639720558882	0.663672654691	0.641716566866	0.664670658683	0.694610778443	0.677644710579	0.699600798403	0.685628742515	0.64870259481	0.661676646707	0.641716566866	0.655688622754	0.659680638723	0.718562874251	0.691616766467	0.673652694611	0.692614770459	0.619760479042	0.663672654691	0.627744510978	0.682634730539	0.616766467066	0.556886227545	0.59880239521	0.65369261477	0.674650698603	0.680638722555	0.713572854291	0.656686626747	0.908183632735	0.905189620758	0.869261477046	0.719560878244	0.900199600798	0.893213572854	0.714570858283	0.877245508982	0.85628742515	0.89620758483	0.730538922156	0.859281437126	0.928143712575	0.911177644711	0.718562874251	0.718562874251	0.726546906188	0.65369261477	0.642714570858	0.577844311377	0.587824351297	0.554890219561	0.554890219561	0.783433133733	0.72255489022	0.678642714571	0.72255489022	0.751497005988
CC7	0.702594810379	0.652694610778	0.674650698603	0.601796407186	0.0	0.515968063872	0.682634730539	0.795409181637	0.783433133733	0.703592814371	0.505988023952	0.436127744511	0.650698602794	0.657684630739	0.658682634731	0.714570858283	0.804391217565	0.794411177645	0.89121756487	0.863273453094	0.730538922156	0.706586826347	0.655688622754	0.659680638723	0.588822355289	0.591816367265	0.678642714571	0.696606786427	0.745508982036	0.819361277445	0.802395209581	0.77744510978	0.820359281437	0.837325349301	0.836327345309	0.841317365269	0.841317365269	0.838323353293	0.857285429142	0.839321357285	0.86127744511	0.845309381238	0.84630738523	0.831337325349	0.839321357285	0.825349301397	0.815369261477	0.726546906188	0.686626746507	0.691616766467	0.708582834331	0.687624750499	0.677644710579	0.699600798403	0.696606786427	0.697604790419	0.699600798403	0.687624750499	0.703592814371	0.688622754491	0.673652694611	0.72255489022	0.695608782435	0.946107784431	0.939121756487	0.90618762475	0.782435129741	0.932135728543	0.932135728543	0.770459081836	0.916167664671	0.840319361277	0.932135728543	0.771457085828	0.89620758483	0.967065868263	0.947105788423	0.743512974052	0.701596806387	0.756487025948	0.845309381238	0.820359281437	0.741516966068	0.743512974052	0.736526946108	0.736526946108	0.810379241517	0.74750499002	0.743512974052	0.754491017964	0.780439121756
CC8	0.652694610778	0.605788423154	0.657684630739	0.562874251497	0.515968063872	0.0	0.630738522954	0.75249500998	0.748502994012	0.647704590818	0.430139720559	0.488023952096	0.606786427146	0.631736526946	0.596806387226	0.657684630739	0.801397205589	0.789421157685	0.883233532934	0.863273453094	0.715568862275	0.691616766467	0.746506986028	0.738522954092	0.63373253493	0.660678642715	0.708582834331	0.714570858283	0.74251497006	0.824351297405	0.817365269461	0.774451097804	0.77245508982	0.785429141717	0.790419161677	0.786427145709	0.800399201597	0.792415169661	0.814371257485	0.797405189621	0.816367265469	0.800399201597	0.798403193613	0.788423153693	0.794411177645	0.773453093812	0.771457085828	0.730538922156	0.715568862275	0.689620758483	0.717564870259	0.661676646707	0.654690618762	0.676646706587	0.671656686627	0.669660678643	0.672654690619	0.658682634731	0.693612774451	0.677644710579	0.674650698603	0.74251497006	0.702594810379	0.928143712575	0.916167664671	0.889221556886	0.736526946108	0.911177644711	0.917165668663	0.729540918164	0.902195608782	0.86127744511	0.923153692615	0.746506986028	0.884231536926	0.950099800399	0.933133732535	0.689620758483	0.72255489022	0.72255489022	0.797405189621	0.773453093812	0.666666666667	0.678642714571	0.666666666667	0.658682634731	0.797405189621	0.708582834331	0.678642714571	0.724550898204	0.751497005988
CD7	0.394211576846	0.35628742515	0.666666666667	0.5	0.682634730539	0.630738522954	0.0	0.434131736527	0.444111776447	0.347305389222	0.637724550898	0.667664670659	0.558882235529	0.631736526946	0.382235528942	0.400199600798	0.885229540918	0.878243512974	0.924151696607	0.918163672655	0.733532934132	0.745508982036	0.914171656687	0.90119760479	0.786427145709	0.842315369261	0.793413173653	0.806387225549	0.779441117764	0.85129740519	0.864271457086	0.840319361277	0.52994011976	0.532934131737	0.582834331337	0.521956087824	0.625748502994	0.562874251497	0.591816367265	0.549900199601	0.616766467066	0.595808383234	0.662674650699	0.51996007984	0.552894211577	0.510978043912	0.5249500998	0.701596806387	0.685628742515	0.659680638723	0.675648702595	0.60379241517	0.636726546906	0.587824351297	0.668662674651	0.588822355289	0.534930139721	0.582834331337	0.63872255489	0.647704590818	0.649700598802	0.709580838323	0.650698602794	0.939121756487	0.937125748503	0.892215568862	0.754491017964	0.936127744511	0.917165668663	0.746506986028	0.898203592814	0.880239520958	0.917165668663	0.76746506986	0.887225548902	0.955089820359	0.944111776447	0.694610778443	0.705588822355	0.673652694611	0.61876247505	0.597804391218	0.536926147705	0.549900199601	0.506986027944	0.500998003992	0.736526946108	0.697604790419	0.652694610778	0.680638722555	0.712574850299
CD8	0.408183632735	0.449101796407	0.679640718563	0.611776447106	0.795409181637	0.75249500998	0.434131736527	0.0	0.332335329341	0.442115768463	0.75249500998	0.786427145709	0.62874251497	0.635728542914	0.481037924152	0.405189620758	0.925149700599	0.90618762475	0.925149700599	0.920159680639	0.773453093812	0.799401197605	0.958083832335	0.953093812375	0.825349301397	0.874251497006	0.853293413174	0.849301397206	0.802395209581	0.873253493014	0.869261477046	0.858283433134	0.556886227545	0.545908183633	0.579840319361	0.505988023952	0.62375249501	0.570858283433	0.581836327345	0.562874251497	0.607784431138	0.585828343313	0.656686626747	0.510978043912	0.548902195609	0.535928143713	0.559880239521	0.741516966068	0.74750499002	0.744510978044	0.763473053892	0.664670658683	0.716566866267	0.651696606786	0.713572854291	0.632734530938	0.576846307385	0.668662674651	0.674650698603	0.741516966068	0.731536926148	0.755489021956	0.738522954092	0.911177644711	0.916167664671	0.870259481038	0.820359281437	0.914171656687	0.899201596806	0.815369261477	0.87624750499	0.859281437126	0.90119760479	0.810379241517	0.859281437126	0.935129740519	0.924151696607	0.788423153693	0.759481037924	0.771457085828	0.605788423154	0.591816367265	0.62874251497	0.634730538922	0.616766467066	0.582834331337	0.836327345309	0.794411177645	0.743512974052	0.783433133733	0.800399201597
CE7	0.411177644711	0.459081836327	0.678642714571	0.60379241517	0.783433133733	0.748502994012	0.444111776447	0.332335329341	0.0	0.450099800399	0.750499001996	0.776447105788	0.622754491018	0.63872255489	0.479041916168	0.40618762475	0.922155688623	0.907185628743	0.923153692615	0.921157684631	0.756487025948	0.77245508982	0.956087824351	0.939121756487	0.823353293413	0.868263473054	0.834331337325	0.835329341317	0.800399201597	0.87125748503	0.872255489022	0.857285429142	0.549900199601	0.543912175649	0.579840319361	0.500998003992	0.617764471058	0.573852295409	0.583832335329	0.558882235529	0.610778443114	0.586826347305	0.650698602794	0.501996007984	0.543912175649	0.530938123752	0.552894211577	0.730538922156	0.74251497006	0.743512974052	0.77245508982	0.673652694611	0.713572854291	0.64870259481	0.701596806387	0.63872255489	0.566866267465	0.668662674651	0.679640718563	0.744510978044	0.7375249501	0.74750499002	0.753493013972	0.89620758483	0.902195608782	0.849301397206	0.808383233533	0.905189620758	0.89121756487	0.801397205589	0.862275449102	0.842315369261	0.893213572854	0.797405189621	0.841317365269	0.921157684631	0.909181636727	0.766467065868	0.749500998004	0.775449101796	0.59880239521	0.590818363273	0.619760479042	0.634730538922	0.617764471058	0.580838323353	0.842315369261	0.770459081836	0.738522954092	0.776447105788	0.800399201597
CE8	0.424151696607	0.393213572854	0.668662674651	0.535928143713	0.703592814371	0.647704590818	0.347305389222	0.442115768463	0.450099800399	0.0	0.660678642715	0.682634730539	0.557884231537	0.632734530938	0.415169660679	0.437125748503	0.894211576846	0.882235528942	0.916167664671	0.911177644711	0.734530938124	0.749500998004	0.921157684631	0.912175648703	0.796407185629	0.840319361277	0.799401197605	0.807385229541	0.788423153693	0.865269461078	0.862275449102	0.835329341317	0.528942115768	0.531936127745	0.583832335329	0.532934131737	0.629740518962	0.563872255489	0.584830339321	0.547904191617	0.616766467066	0.590818363273	0.658682634731	0.535928143713	0.556886227545	0.518962075848	0.522954091816	0.701596806387	0.686626746507	0.682634730539	0.706586826347	0.615768463074	0.661676646707	0.590818363273	0.669660678643	0.585828343313	0.52994011976	0.611776447106	0.63872255489	0.664670658683	0.678642714571	0.711576846307	0.688622754491	0.929141716567	0.937125748503	0.893213572854	0.77744510978	0.927145708583	0.921157684631	0.763473053892	0.895209580838	0.885229540918	0.917165668663	0.775449101796	0.880239520958	0.948103792415	0.940119760479	0.719560878244	0.706586826347	0.701596806387	0.61876247505	0.601796407186	0.552894211577	0.560878243513	0.534930139721	0.51497005988	0.766467065868	0.72754491018	0.676646706587	0.702594810379	0.743512974052
CF7	0.662674650699	0.61377245509	0.650698602794	0.566866267465	0.505988023952	0.430139720559	0.637724550898	0.75249500998	0.750499001996	0.660678642715	0.0	0.471057884232	0.617764471058	0.634730538922	0.609780439122	0.667664670659	0.806387225549	0.788423153693	0.888223552894	0.868263473054	0.717564870259	0.686626746507	0.728542914172	0.738522954092	0.62375249501	0.666666666667	0.693612774451	0.696606786427	0.751497005988	0.817365269461	0.799401197605	0.768463073852	0.779441117764	0.794411177645	0.796407185629	0.796407185629	0.801397205589	0.798403193613	0.818363273453	0.797405189621	0.820359281437	0.808383233533	0.802395209581	0.793413173653	0.800399201597	0.782435129741	0.776447105788	0.717564870259	0.699600798403	0.679640718563	0.707584830339	0.657684630739	0.637724550898	0.666666666667	0.661676646707	0.655688622754	0.667664670659	0.645708582834	0.678642714571	0.675648702595	0.657684630739	0.729540918164	0.690618762475	0.931137724551	0.910179640719	0.882235528942	0.73253493014	0.913173652695	0.915169660679	0.729540918164	0.895209580838	0.845309381238	0.919161676647	0.748502994012	0.879241516966	0.944111776447	0.935129740519	0.687624750499	0.711576846307	0.719560878244	0.799401197605	0.768463073852	0.668662674651	0.679640718563	0.684630738523	0.668662674651	0.799401197605	0.705588822355	0.684630738523	0.721556886228	0.751497005988
CF8	0.694610778443	0.641716566866	0.647704590818	0.587824351297	0.436127744511	0.488023952096	0.667664670659	0.786427145709	0.776447105788	0.682634730539	0.471057884232	0.0	0.639720558882	0.636726546906	0.644710578842	0.703592814371	0.795409181637	0.782435129741	0.885229540918	0.864271457086	0.721556886228	0.690618762475	0.65369261477	0.658682634731	0.585828343313	0.578842315369	0.677644710579	0.679640718563	0.729540918164	0.812375249501	0.787425149701	0.765469061876	0.813373253493	0.828343313373	0.829341317365	0.830339321357	0.837325349301	0.829341317365	0.85129740519	0.833333333333	0.85129740519	0.843313373253	0.835329341317	0.825349301397	0.835329341317	0.817365269461	0.813373253493	0.724550898204	0.687624750499	0.682634730539	0.701596806387	0.691616766467	0.666666666667	0.692614770459	0.689620758483	0.692614770459	0.690618762475	0.674650698603	0.707584830339	0.671656686627	0.675648702595	0.72255489022	0.690618762475	0.936127744511	0.926147704591	0.904191616766	0.759481037924	0.923153692615	0.927145708583	0.746506986028	0.907185628743	0.838323353293	0.933133732535	0.763473053892	0.89620758483	0.963073852295	0.934131736527	0.717564870259	0.702594810379	0.7375249501	0.834331337325	0.807385229541	0.709580838323	0.725548902196	0.721556886228	0.709580838323	0.796407185629	0.726546906188	0.72754491018	0.733532934132	0.765469061876
CG7	0.552894211577	0.552894211577	0.527944111776	0.428143712575	0.650698602794	0.606786427146	0.558882235529	0.62874251497	0.622754491018	0.557884231537	0.617764471058	0.639720558882	0.0	0.481037924152	0.543912175649	0.564870259481	0.850299401198	0.829341317365	0.884231536926	0.853293413174	0.669660678643	0.686626746507	0.85129740519	0.824351297405	0.745508982036	0.77744510978	0.764471057884	0.766467065868	0.710578842315	0.788423153693	0.844311377246	0.810379241517	0.652694610778	0.663672654691	0.637724550898	0.669660678643	0.636726546906	0.666666666667	0.698602794411	0.682634730539	0.699600798403	0.689620758483	0.63373253493	0.665668662675	0.635728542914	0.654690618762	0.660678642715	0.721556886228	0.696606786427	0.716566866267	0.734530938124	0.639720558882	0.697604790419	0.639720558882	0.700598802395	0.630738522954	0.578842315369	0.632734530938	0.658682634731	0.711576846307	0.730538922156	0.717564870259	0.696606786427	0.895209580838	0.893213572854	0.888223552894	0.745508982036	0.888223552894	0.898203592814	0.741516966068	0.888223552894	0.860279441118	0.90119760479	0.748502994012	0.868263473054	0.919161676647	0.907185628743	0.74750499002	0.738522954092	0.76746506986	0.661676646707	0.647704590818	0.615768463074	0.634730538922	0.610778443114	0.600798403194	0.814371257485	0.7624750499	0.728542914172	0.76746506986	0.801397205589
CG8	0.620758483034	0.610778443114	0.404191616766	0.4750499002	0.657684630739	0.631736526946	0.631736526946	0.635728542914	0.63872255489	0.632734530938	0.634730538922	0.636726546906	0.481037924152	0.0	0.620758483034	0.63872255489	0.815369261477	0.786427145709	0.87125748503	0.845309381238	0.736526946108	0.725548902196	0.787425149701	0.789421157685	0.676646706587	0.706586826347	0.75249500998	0.749500998004	0.693612774451	0.779441117764	0.803393213573	0.788423153693	0.716566866267	0.710578842315	0.673652694611	0.709580838323	0.670658682635	0.707584830339	0.721556886228	0.719560878244	0.721556886228	0.717564870259	0.652694610778	0.711576846307	0.672654690619	0.709580838323	0.724550898204	0.743512974052	0.717564870259	0.75249500998	0.778443113772	0.681636726547	0.738522954092	0.670658682635	0.726546906188	0.660678642715	0.616766467066	0.669660678643	0.687624750499	0.751497005988	0.766467065868	0.745508982036	0.738522954092	0.87624750499	0.826347305389	0.869261477046	0.758483033932	0.822355289421	0.890219560878	0.770459081836	0.868263473054	0.818363273453	0.88622754491	0.756487025948	0.854291417166	0.86127744511	0.89620758483	0.817365269461	0.770459081836	0.830339321357	0.647704590818	0.644710578842	0.684630738523	0.693612774451	0.680638722555	0.669660678643	0.88622754491	0.827345309381	0.792415169661	0.828343313373	0.858283433134
CH7	0.39620758483	0.316367265469	0.663672654691	0.498003992016	0.658682634731	0.596806387226	0.382235528942	0.481037924152	0.479041916168	0.415169660679	0.609780439122	0.644710578842	0.543912175649	0.620758483034	0.0	0.379241516966	0.879241516966	0.862275449102	0.910179640719	0.895209580838	0.720558882236	0.72754491018	0.893213572854	0.887225548902	0.774451097804	0.817365269461	0.798403193613	0.792415169661	0.77744510978	0.852295409182	0.85129740519	0.818363273453	0.521956087824	0.527944111776	0.571856287425	0.5249500998	0.615768463074	0.560878243513	0.586826347305	0.543912175649	0.611776447106	0.580838323353	0.65369261477	0.520958083832	0.538922155689	0.510978043912	0.50998003992	0.7375249501	0.723552894212	0.693612774451	0.711576846307	0.635728542914	0.668662674651	0.634730538922	0.690618762475	0.622754491018	0.554890219561	0.61876247505	0.680638722555	0.683632734531	0.677644710579	0.751497005988	0.698602794411	0.918163672655	0.922155688623	0.887225548902	0.728542914172	0.918163672655	0.907185628743	0.715568862275	0.885229540918	0.868263473054	0.910179640719	0.744510978044	0.87624750499	0.948103792415	0.930139720559	0.685628742515	0.730538922156	0.708582834331	0.645708582834	0.63373253493	0.558882235529	0.578842315369	0.540918163673	0.510978043912	0.785429141717	0.694610778443	0.664670658683	0.718562874251	0.741516966068
CH8	0.305389221557	0.362275449102	0.668662674651	0.525948103792	0.714570858283	0.657684630739	0.400199600798	0.405189620758	0.40618762475	0.437125748503	0.667664670659	0.703592814371	0.564870259481	0.63872255489	0.379241516966	0.0	0.927145708583	0.914171656687	0.926147704591	0.918163672655	0.749500998004	0.774451097804	0.938123752495	0.932135728543	0.830339321357	0.864271457086	0.838323353293	0.840319361277	0.819361277445	0.87125748503	0.879241516966	0.85628742515	0.532934131737	0.538922155689	0.578842315369	0.498003992016	0.619760479042	0.565868263473	0.595808383234	0.549900199601	0.620758483034	0.590818363273	0.657684630739	0.492015968064	0.545908183633	0.512974051896	0.522954091816	0.741516966068	0.726546906188	0.675648702595	0.697604790419	0.63872255489	0.665668662675	0.639720558882	0.706586826347	0.629740518962	0.565868263473	0.604790419162	0.672654690619	0.661676646707	0.684630738523	0.754491017964	0.679640718563	0.937125748503	0.944111776447	0.89620758483	0.726546906188	0.934131736527	0.920159680639	0.724550898204	0.910179640719	0.885229540918	0.927145708583	0.76746506986	0.889221556886	0.963073852295	0.937125748503	0.701596806387	0.739520958084	0.697604790419	0.650698602794	0.635728542914	0.567864271457	0.592814371257	0.539920159681	0.520958083832	0.770459081836	0.706586826347	0.671656686627	0.699600798403	0.729540918164
CA1	0.921157684631	0.86626746507	0.824351297405	0.833333333333	0.804391217565	0.801397205589	0.885229540918	0.925149700599	0.922155688623	0.894211576846	0.806387225549	0.795409181637	0.850299401198	0.815369261477	0.879241516966	0.927145708583	0.0	0.317365269461	0.500998003992	0.482035928144	0.853293413174	0.7375249501	0.735528942116	0.735528942116	0.708582834331	0.720558882236	0.484031936128	0.51996007984	0.464071856287	0.455089820359	0.468063872255	0.429141716567	0.960079840319	0.960079840319	0.960079840319	0.961077844311	0.963073852295	0.959081836327	0.960079840319	0.962075848303	0.959081836327	0.959081836327	0.962075848303	0.958083832335	0.961077844311	0.961077844311	0.961077844311	0.933133732535	0.935129740519	0.931137724551	0.941117764471	0.943113772455	0.933133732535	0.933133732535	0.922155688623	0.930139720559	0.931137724551	0.940119760479	0.937125748503	0.937125748503	0.939121756487	0.930139720559	0.942115768463	0.948103792415	0.948103792415	0.933133732535	0.952095808383	0.955089820359	0.941117764471	0.945109780439	0.930139720559	0.925149700599	0.932135728543	0.939121756487	0.933133732535	0.972055888224	0.950099800399	0.926147704591	0.931137724551	0.937125748503	0.951097804391	0.942115768463	0.943113772455	0.936127744511	0.938123752495	0.937125748503	0.953093812375	0.924151696607	0.930139720559	0.942115768463	0.935129740519
CA2	0.902195608782	0.853293413174	0.802395209581	0.806387225549	0.794411177645	0.789421157685	0.878243512974	0.90618762475	0.907185628743	0.882235528942	0.788423153693	0.782435129741	0.829341317365	0.786427145709	0.862275449102	0.914171656687	0.317365269461	0.0	0.492015968064	0.459081836327	0.831337325349	0.713572854291	0.738522954092	0.741516966068	0.706586826347	0.712574850299	0.476047904192	0.496007984032	0.451097804391	0.427145708583	0.428143712575	0.403193612774	0.954091816367	0.948103792415	0.955089820359	0.949101796407	0.959081836327	0.948103792415	0.952095808383	0.956087824351	0.951097804391	0.948103792415	0.958083832335	0.952095808383	0.957085828343	0.951097804391	0.955089820359	0.914171656687	0.911177644711	0.912175648703	0.917165668663	0.920159680639	0.915169660679	0.90618762475	0.90119760479	0.903193612774	0.916167664671	0.916167664671	0.913173652695	0.915169660679	0.922155688623	0.905189620758	0.919161676647	0.932135728543	0.926147704591	0.932135728543	0.937125748503	0.930139720559	0.933133732535	0.920159680639	0.922155688623	0.90618762475	0.922155688623	0.921157684631	0.929141716567	0.962075848303	0.935129740519	0.912175648703	0.920159680639	0.929141716567	0.936127744511	0.917165668663	0.930139720559	0.921157684631	0.927145708583	0.926147704591	0.945109780439	0.922155688623	0.920159680639	0.934131736527	0.928143712575
CB1	0.917165668663	0.917165668663	0.87624750499	0.889221556886	0.89121756487	0.883233532934	0.924151696607	0.925149700599	0.923153692615	0.916167664671	0.888223552894	0.885229540918	0.884231536926	0.87125748503	0.910179640719	0.926147704591	0.500998003992	0.492015968064	0.0	0.283433133733	0.874251497006	0.759481037924	0.838323353293	0.844311377246	0.810379241517	0.834331337325	0.568862275449	0.595808383234	0.518962075848	0.418163672655	0.412175648703	0.484031936128	0.965069860279	0.955089820359	0.943113772455	0.952095808383	0.941117764471	0.952095808383	0.962075848303	0.962075848303	0.965069860279	0.964071856287	0.943113772455	0.950099800399	0.943113772455	0.957085828343	0.967065868263	0.922155688623	0.921157684631	0.923153692615	0.920159680639	0.920159680639	0.917165668663	0.928143712575	0.926147704591	0.924151696607	0.916167664671	0.923153692615	0.918163672655	0.919161676647	0.926147704591	0.920159680639	0.921157684631	0.938123752495	0.928143712575	0.948103792415	0.934131736527	0.925149700599	0.940119760479	0.929141716567	0.937125748503	0.908183632735	0.939121756487	0.930139720559	0.948103792415	0.961077844311	0.930139720559	0.964071856287	0.919161676647	0.963073852295	0.928143712575	0.928143712575	0.948103792415	0.954091816367	0.949101796407	0.935129740519	0.966067864271	0.962075848303	0.959081836327	0.962075848303	0.964071856287
CB2	0.909181636727	0.900199600798	0.842315369261	0.863273453094	0.863273453094	0.863273453094	0.918163672655	0.920159680639	0.921157684631	0.911177644711	0.868263473054	0.864271457086	0.853293413174	0.845309381238	0.895209580838	0.918163672655	0.482035928144	0.459081836327	0.283433133733	0.0	0.858283433134	0.740518962076	0.813373253493	0.810379241517	0.783433133733	0.804391217565	0.548902195609	0.574850299401	0.472055888224	0.379241516966	0.404191616766	0.47005988024	0.968063872255	0.956087824351	0.936127744511	0.957085828343	0.937125748503	0.954091816367	0.967065868263	0.966067864271	0.968063872255	0.964071856287	0.937125748503	0.954091816367	0.936127744511	0.962075848303	0.97005988024	0.909181636727	0.911177644711	0.914171656687	0.912175648703	0.913173652695	0.910179640719	0.926147704591	0.923153692615	0.916167664671	0.913173652695	0.914171656687	0.914171656687	0.910179640719	0.922155688623	0.909181636727	0.908183632735	0.925149700599	0.920159680639	0.944111776447	0.927145708583	0.917165668663	0.936127744511	0.916167664671	0.932135728543	0.908183632735	0.932135728543	0.923153692615	0.942115768463	0.958083832335	0.925149700599	0.955089820359	0.907185628743	0.954091816367	0.922155688623	0.928143712575	0.950099800399	0.953093812375	0.945109780439	0.933133732535	0.960079840319	0.959081836327	0.952095808383	0.957085828343	0.958083832335
CC1	0.7375249501	0.726546906188	0.764471057884	0.687624750499	0.730538922156	0.715568862275	0.733532934132	0.773453093812	0.756487025948	0.734530938124	0.717564870259	0.721556886228	0.669660678643	0.736526946108	0.720558882236	0.749500998004	0.853293413174	0.831337325349	0.874251497006	0.858283433134	0.0	0.453093812375	0.883233532934	0.870259481038	0.775449101796	0.803393213573	0.746506986028	0.717564870259	0.735528942116	0.789421157685	0.803393213573	0.800399201597	0.784431137725	0.793413173653	0.756487025948	0.797405189621	0.759481037924	0.794411177645	0.825349301397	0.811377245509	0.825349301397	0.816367265469	0.7624750499	0.791417165669	0.755489021956	0.781437125749	0.783433133733	0.692614770459	0.698602794411	0.708582834331	0.743512974052	0.717564870259	0.711576846307	0.707584830339	0.692614770459	0.694610778443	0.724550898204	0.717564870259	0.719560878244	0.723552894212	0.740518962076	0.685628742515	0.712574850299	0.816367265469	0.793413173653	0.781437125749	0.703592814371	0.806387225549	0.826347305389	0.665668662675	0.785429141717	0.7375249501	0.816367265469	0.660678642715	0.769461077844	0.833333333333	0.85129740519	0.681636726547	0.697604790419	0.743512974052	0.782435129741	0.7624750499	0.743512974052	0.721556886228	0.751497005988	0.730538922156	0.829341317365	0.691616766467	0.736526946108	0.753493013972	0.75249500998
CC2	0.758483033932	0.730538922156	0.750499001996	0.696606786427	0.706586826347	0.691616766467	0.745508982036	0.799401197605	0.77245508982	0.749500998004	0.686626746507	0.690618762475	0.686626746507	0.725548902196	0.72754491018	0.774451097804	0.7375249501	0.713572854291	0.759481037924	0.740518962076	0.453093812375	0.0	0.782435129741	0.790419161677	0.691616766467	0.714570858283	0.586826347305	0.557884231537	0.658682634731	0.703592814371	0.685628742515	0.665668662675	0.813373253493	0.814371257485	0.801397205589	0.822355289421	0.807385229541	0.820359281437	0.853293413174	0.839321357285	0.853293413174	0.842315369261	0.810379241517	0.819361277445	0.805389221557	0.813373253493	0.821357285429	0.698602794411	0.728542914172	0.724550898204	0.74750499002	0.733532934132	0.724550898204	0.725548902196	0.718562874251	0.716566866267	0.7375249501	0.73253493014	0.73253493014	0.730538922156	0.748502994012	0.706586826347	0.733532934132	0.85129740519	0.821357285429	0.801397205589	0.74251497006	0.834331337325	0.843313373253	0.712574850299	0.801397205589	0.75748502994	0.841317365269	0.719560878244	0.795409181637	0.868263473054	0.863273453094	0.719560878244	0.706586826347	0.771457085828	0.801397205589	0.792415169661	0.771457085828	0.755489021956	0.780439121756	0.759481037924	0.844311377246	0.731536926148	0.770459081836	0.774451097804	0.774451097804
CD1	0.935129740519	0.887225548902	0.77245508982	0.827345309381	0.655688622754	0.746506986028	0.914171656687	0.958083832335	0.956087824351	0.921157684631	0.728542914172	0.65369261477	0.85129740519	0.787425149701	0.893213572854	0.938123752495	0.735528942116	0.738522954092	0.838323353293	0.813373253493	0.883233532934	0.782435129741	0.0	0.430139720559	0.546906187625	0.482035928144	0.702594810379	0.709580838323	0.778443113772	0.807385229541	0.802395209581	0.775449101796	0.983033932136	0.982035928144	0.983033932136	0.983033932136	0.983033932136	0.982035928144	0.983033932136	0.982035928144	0.982035928144	0.981037924152	0.984031936128	0.98003992016	0.983033932136	0.982035928144	0.984031936128	0.945109780439	0.943113772455	0.944111776447	0.947105788423	0.944111776447	0.941117764471	0.939121756487	0.935129740519	0.942115768463	0.942115768463	0.945109780439	0.942115768463	0.942115768463	0.943113772455	0.945109780439	0.944111776447	0.977045908184	0.969061876248	0.982035928144	0.977045908184	0.969061876248	0.984031936128	0.972055888224	0.984031936128	0.942115768463	0.983033932136	0.9750499002	0.983033932136	0.998003992016	0.973053892216	0.982035928144	0.944111776447	0.98003992016	0.963073852295	0.968063872255	0.978043912176	0.98003992016	0.976047904192	0.972055888224	0.984031936128	0.983033932136	0.982035928144	0.982035928144	0.983033932136
CD2	0.922155688623	0.879241516966	0.782435129741	0.820359281437	0.659680638723	0.738522954092	0.90119760479	0.953093812375	0.939121756487	0.912175648703	0.738522954092	0.658682634731	0.824351297405	0.789421157685	0.887225548902	0.932135728543	0.735528942116	0.741516966068	0.844311377246	0.810379241517	0.870259481038	0.790419161677	0.430139720559	0.0	0.565868263473	0.5	0.710578842315	0.72754491018	0.778443113772	0.804391217565	0.817365269461	0.783433133733	0.979041916168	0.98003992016	0.98003992016	0.981037924152	0.982035928144	0.978043912176	0.981037924152	0.981037924152	0.981037924152	0.98003992016	0.981037924152	0.9750499002	0.981037924152	0.978043912176	0.981037924152	0.950099800399	0.942115768463	0.943113772455	0.949101796407	0.949101796407	0.946107784431	0.943113772455	0.942115768463	0.943113772455	0.943113772455	0.951097804391	0.941117764471	0.947105788423	0.945109780439	0.944111776447	0.945109780439	0.965069860279	0.953093812375	0.972055888224	0.968063872255	0.957085828343	0.977045908184	0.959081836327	0.972055888224	0.944111776447	0.973053892216	0.964071856287	0.9750499002	0.987025948104	0.958083832335	0.973053892216	0.950099800399	0.971057884232	0.952095808383	0.955089820359	0.967065868263	0.965069860279	0.965069860279	0.958083832335	0.9750499002	0.974051896208	0.973053892216	0.97005988024	0.97005988024
CE1	0.818363273453	0.769461077844	0.660678642715	0.72754491018	0.588822355289	0.63373253493	0.786427145709	0.825349301397	0.823353293413	0.796407185629	0.62375249501	0.585828343313	0.745508982036	0.676646706587	0.774451097804	0.830339321357	0.708582834331	0.706586826347	0.810379241517	0.783433133733	0.775449101796	0.691616766467	0.546906187625	0.565868263473	0.0	0.461077844311	0.640718562874	0.650698602794	0.674650698603	0.749500998004	0.731536926148	0.723552894212	0.885229540918	0.889221556886	0.88622754491	0.889221556886	0.887225548902	0.883233532934	0.888223552894	0.887225548902	0.884231536926	0.885229540918	0.890219560878	0.885229540918	0.888223552894	0.88622754491	0.889221556886	0.750499001996	0.753493013972	0.755489021956	0.819361277445	0.7375249501	0.741516966068	0.781437125749	0.750499001996	0.779441117764	0.785429141717	0.741516966068	0.729540918164	0.760479041916	0.74750499002	0.755489021956	0.799401197605	0.947105788423	0.930139720559	0.892215568862	0.89620758483	0.931137724551	0.953093812375	0.882235528942	0.934131736527	0.791417165669	0.949101796407	0.88622754491	0.888223552894	0.959081836327	0.956087824351	0.85129740519	0.763473053892	0.873253493014	0.826347305389	0.818363273453	0.843313373253	0.847305389222	0.85628742515	0.844311377246	0.932135728543	0.858283433134	0.84630738523	0.873253493014	0.897205588822
CE2	0.855289421158	0.813373253493	0.693612774451	0.74750499002	0.591816367265	0.660678642715	0.842315369261	0.874251497006	0.868263473054	0.840319361277	0.666666666667	0.578842315369	0.77744510978	0.706586826347	0.817365269461	0.864271457086	0.720558882236	0.712574850299	0.834331337325	0.804391217565	0.803393213573	0.714570858283	0.482035928144	0.5	0.461077844311	0.0	0.658682634731	0.672654690619	0.716566866267	0.770459081836	0.754491017964	0.72754491018	0.924151696607	0.923153692615	0.922155688623	0.923153692615	0.921157684631	0.919161676647	0.921157684631	0.922155688623	0.924151696607	0.923153692615	0.923153692615	0.918163672655	0.923153692615	0.922155688623	0.926147704591	0.843313373253	0.840319361277	0.842315369261	0.844311377246	0.849301397206	0.84630738523	0.838323353293	0.835329341317	0.834331337325	0.840319361277	0.842315369261	0.840319361277	0.84630738523	0.842315369261	0.837325349301	0.84630738523	0.946107784431	0.934131736527	0.903193612774	0.90119760479	0.935129740519	0.954091816367	0.890219560878	0.938123752495	0.860279441118	0.952095808383	0.89121756487	0.899201596806	0.97005988024	0.951097804391	0.889221556886	0.839321357285	0.89620758483	0.880239520958	0.874251497006	0.88622754491	0.892215568862	0.894211576846	0.885229540918	0.937125748503	0.89620758483	0.892215568862	0.893213572854	0.913173652695
CF1	0.822355289421	0.783433133733	0.753493013972	0.755489021956	0.678642714571	0.708582834331	0.793413173653	0.853293413174	0.834331337325	0.799401197605	0.693612774451	0.677644710579	0.764471057884	0.75249500998	0.798403193613	0.838323353293	0.484031936128	0.476047904192	0.568862275449	0.548902195609	0.746506986028	0.586826347305	0.702594810379	0.710578842315	0.640718562874	0.658682634731	0.0	0.312375249501	0.493013972056	0.502994011976	0.457085828343	0.441117764471	0.89121756487	0.887225548902	0.893213572854	0.89121756487	0.895209580838	0.883233532934	0.905189620758	0.895209580838	0.907185628743	0.899201596806	0.893213572854	0.88622754491	0.892215568862	0.887225548902	0.895209580838	0.792415169661	0.792415169661	0.785429141717	0.799401197605	0.791417165669	0.787425149701	0.788423153693	0.780439121756	0.782435129741	0.804391217565	0.797405189621	0.799401197605	0.793413173653	0.800399201597	0.783433133733	0.804391217565	0.912175648703	0.911177644711	0.913173652695	0.858283433134	0.912175648703	0.908183632735	0.849301397206	0.877245508982	0.830339321357	0.908183632735	0.841317365269	0.915169660679	0.951097804391	0.916167664671	0.834331337325	0.788423153693	0.857285429142	0.898203592814	0.872255489022	0.86127744511	0.849301397206	0.839321357285	0.845309381238	0.877245508982	0.845309381238	0.84630738523	0.860279441118	0.85628742515
CF2	0.824351297405	0.784431137725	0.756487025948	0.7624750499	0.696606786427	0.714570858283	0.806387225549	0.849301397206	0.835329341317	0.807385229541	0.696606786427	0.679640718563	0.766467065868	0.749500998004	0.792415169661	0.840319361277	0.51996007984	0.496007984032	0.595808383234	0.574850299401	0.717564870259	0.557884231537	0.709580838323	0.72754491018	0.650698602794	0.672654690619	0.312375249501	0.0	0.522954091816	0.536926147705	0.48502994012	0.473053892216	0.890219560878	0.884231536926	0.892215568862	0.888223552894	0.895209580838	0.883233532934	0.905189620758	0.897205588822	0.907185628743	0.897205588822	0.894211576846	0.887225548902	0.894211576846	0.88622754491	0.897205588822	0.800399201597	0.804391217565	0.796407185629	0.814371257485	0.804391217565	0.799401197605	0.797405189621	0.786427145709	0.792415169661	0.813373253493	0.806387225549	0.807385229541	0.803393213573	0.809381237525	0.794411177645	0.810379241517	0.907185628743	0.907185628743	0.907185628743	0.85129740519	0.904191616766	0.910179640719	0.834331337325	0.87125748503	0.837325349301	0.907185628743	0.832335329341	0.904191616766	0.944111776447	0.910179640719	0.839321357285	0.798403193613	0.858283433134	0.894211576846	0.873253493014	0.860279441118	0.844311377246	0.850299401198	0.84630738523	0.883233532934	0.84630738523	0.857285429142	0.858283433134	0.855289421158
CG1	0.810379241517	0.774451097804	0.719560878244	0.710578842315	0.745508982036	0.74251497006	0.779441117764	0.802395209581	0.800399201597	0.788423153693	0.751497005988	0.729540918164	0.710578842315	0.693612774451	0.77744510978	0.819361277445	0.464071856287	0.451097804391	0.518962075848	0.472055888224	0.735528942116	0.658682634731	0.778443113772	0.778443113772	0.674650698603	0.716566866267	0.493013972056	0.522954091816	0.0	0.39121756487	0.468063872255	0.451097804391	0.872255489022	0.854291417166	0.815369261477	0.854291417166	0.815369261477	0.859281437126	0.86626746507	0.867265469062	0.867265469062	0.864271457086	0.805389221557	0.858283433134	0.817365269461	0.86127744511	0.87125748503	0.812375249501	0.787425149701	0.827345309381	0.843313373253	0.819361277445	0.820359281437	0.823353293413	0.825349301397	0.822355289421	0.813373253493	0.824351297405	0.818363273453	0.817365269461	0.834331337325	0.814371257485	0.808383233533	0.888223552894	0.890219560878	0.878243512974	0.831337325349	0.89620758483	0.885229540918	0.819361277445	0.877245508982	0.872255489022	0.889221556886	0.819361277445	0.862275449102	0.914171656687	0.903193612774	0.839321357285	0.833333333333	0.858283433134	0.840319361277	0.830339321357	0.841317365269	0.839321357285	0.837325349301	0.832335329341	0.897205588822	0.842315369261	0.835329341317	0.857285429142	0.880239520958
