	CA7	CA8	CB7	CB8	CC7	CC8	CD7	CD8	CE7	CE8	CF7	CF8	CG7	CG8	CH7	CH8	CA1	CA2	CB1	CB2	CC1	CC2	CD1	CD2	CE1	CE2	CF1	CF2	CG1	CG2	CH1	CH2	CA5	CA6	CB5	CB6	CC5	CC6	CD6	CE5	CE6	CF5	CF6	CG5	CG6	CH5	CH6	CA11	CA12	CB11	CB12	CC11	CC12	CD11	CD12	CE11	CE12	CF11	CF12	CG11	CG12	CH11	CH12	CA3	CA4	CB3	CB4	CC4	CD3	CD4	CE4	CF3	CF4	CG3	CG4	CH3	CH4	CA9	CA10	CB9	CC9	CC10	CD9	CD10	CE9	CE10	CF9	CG9	CG10	CH9	CH10
CA7	0.0	0.404191616766	0.664670658683	0.527944111776	0.714570858283	0.642714570858	0.427145708583	0.416167664671	0.423153692615	0.447105788423	0.658682634731	0.662674650699	0.558882235529	0.655688622754	0.399201596806	0.325349301397	0.913173652695	0.904191616766	0.922155688623	0.897205588822	0.75748502994	0.7624750499	0.929141716567	0.921157684631	0.826347305389	0.877245508982	0.834331337325	0.839321357285	0.824351297405	0.859281437126	0.853293413174	0.857285429142	0.554890219561	0.515968063872	0.569860279441	0.468063872255	0.607784431138	0.586826347305	0.59381237525	0.575848303393	0.62874251497	0.574850299401	0.63872255489	0.550898203593	0.557884231537	0.515968063872	0.555888223553	0.743512974052	0.710578842315	0.694610778443	0.685628742515	0.624750499002	0.677644710579	0.63872255489	0.715568862275	0.636726546906	0.548902195609	0.612774451098	0.644710578842	0.689620758483	0.679640718563	0.705588822355	0.707584830339	0.920159680639	0.943113772455	0.900199600798	0.7375249501	0.924151696607	0.914171656687	0.749500998004	0.913173652695	0.879241516966	0.926147704591	0.77245508982	0.89121756487	0.964071856287	0.936127744511	0.739520958084	0.746506986028	0.736526946108	0.630738522954	0.63872255489	0.599800399202	0.60379241517	0.562874251497	0.552894211577	0.791417165669	0.7375249501	0.703592814371	0.721556886228	0.764471057884
CA8	0.404191616766	0.0	0.654690618762	0.489021956088	0.664670658683	0.565868263473	0.38123752495	0.473053892216	0.469061876248	0.402195608782	0.607784431138	0.602794411178	0.550898203593	0.634730538922	0.300399201597	0.36127744511	0.86626746507	0.848303393214	0.922155688623	0.885229540918	0.728542914172	0.736526946108	0.883233532934	0.872255489022	0.778443113772	0.826347305389	0.797405189621	0.798403193613	0.776447105788	0.834331337325	0.839321357285	0.827345309381	0.548902195609	0.51497005988	0.579840319361	0.527944111776	0.617764471058	0.585828343313	0.590818363273	0.571856287425	0.622754491018	0.566866267465	0.641716566866	0.549900199601	0.560878243513	0.507984031936	0.547904191617	0.730538922156	0.704590818363	0.666666666667	0.655688622754	0.625748502994	0.640718562874	0.620758483034	0.695608782435	0.624750499002	0.533932135729	0.596806387226	0.655688622754	0.655688622754	0.663672654691	0.698602794411	0.671656686627	0.914171656687	0.949101796407	0.892215568862	0.699600798403	0.932135728543	0.909181636727	0.730538922156	0.897205588822	0.88123752495	0.912175648703	0.75748502994	0.885229540918	0.964071856287	0.935129740519	0.683632734531	0.733532934132	0.693612774451	0.636726546906	0.637724550898	0.548902195609	0.541916167665	0.503992015968	0.494011976048	0.781437125749	0.679640718563	0.640718562874	0.678642714571	0.724550898204
CB7	0.664670658683	0.654690618762	0.0	0.548902195609	0.656686626747	0.627744510978	0.668662674651	0.671656686627	0.699600798403	0.661676646707	0.659680638723	0.632734530938	0.539920159681	0.408183632735	0.660678642715	0.677644710579	0.835329341317	0.829341317365	0.88123752495	0.828343313373	0.731536926148	0.735528942116	0.794411177645	0.768463073852	0.682634730539	0.717564870259	0.75748502994	0.758483033932	0.725548902196	0.779441117764	0.795409181637	0.791417165669	0.75249500998	0.749500998004	0.697604790419	0.74251497006	0.682634730539	0.740518962076	0.750499001996	0.751497005988	0.750499001996	0.74750499002	0.654690618762	0.745508982036	0.702594810379	0.74750499002	0.74750499002	0.77245508982	0.729540918164	0.779441117764	0.773453093812	0.703592814371	0.750499001996	0.691616766467	0.756487025948	0.690618762475	0.654690618762	0.703592814371	0.713572854291	0.770459081836	0.77245508982	0.736526946108	0.783433133733	0.857285429142	0.806387225549	0.87624750499	0.746506986028	0.819361277445	0.878243512974	0.788423153693	0.880239520958	0.832335329341	0.887225548902	0.77744510978	0.865269461078	0.833333333333	0.898203592814	0.853293413174	0.811377245509	0.860279441118	0.717564870259	0.688622754491	0.719560878244	0.720558882236	0.725548902196	0.719560878244	0.888223552894	0.852295409182	0.812375249501	0.842315369261	0.888223552894
CB8	0.527944111776	0.489021956088	0.548902195609	0.0	0.63373253493	0.596806387226	0.503992015968	0.574850299401	0.600798403194	0.508982035928	0.620758483034	0.61876247505	0.420159680639	0.513972055888	0.5	0.520958083832	0.862275449102	0.855289421158	0.900199600798	0.844311377246	0.675648702595	0.712574850299	0.843313373253	0.837325349301	0.75748502994	0.794411177645	0.798403193613	0.796407185629	0.733532934132	0.778443113772	0.839321357285	0.824351297405	0.60379241517	0.617764471058	0.600798403194	0.63872255489	0.59880239521	0.636726546906	0.668662674651	0.657684630739	0.640718562874	0.63872255489	0.600798403194	0.647704590818	0.60379241517	0.62375249501	0.617764471058	0.718562874251	0.675648702595	0.705588822355	0.700598802395	0.62375249501	0.682634730539	0.631736526946	0.702594810379	0.626746506986	0.548902195609	0.629740518962	0.641716566866	0.709580838323	0.701596806387	0.667664670659	0.711576846307	0.872255489022	0.89620758483	0.883233532934	0.719560878244	0.88622754491	0.890219560878	0.724550898204	0.889221556886	0.865269461078	0.89620758483	0.736526946108	0.869261477046	0.921157684631	0.908183632735	0.760479041916	0.748502994012	0.7624750499	0.635728542914	0.620758483034	0.61876247505	0.60878243513	0.582834331337	0.569860279441	0.797405189621	0.751497005988	0.709580838323	0.745508982036	0.790419161677
CC7	0.714570858283	0.664670658683	0.656686626747	0.63373253493	0.0	0.528942115768	0.691616766467	0.773453093812	0.793413173653	0.685628742515	0.513972055888	0.463073852295	0.634730538922	0.655688622754	0.662674650699	0.723552894212	0.814371257485	0.794411177645	0.900199600798	0.854291417166	0.730538922156	0.713572854291	0.664670658683	0.649700598802	0.60379241517	0.59880239521	0.705588822355	0.720558882236	0.763473053892	0.814371257485	0.793413173653	0.797405189621	0.787425149701	0.803393213573	0.830339321357	0.826347305389	0.834331337325	0.825349301397	0.849301397206	0.839321357285	0.823353293413	0.827345309381	0.832335329341	0.831337325349	0.835329341317	0.807385229541	0.808383233533	0.725548902196	0.708582834331	0.716566866267	0.709580838323	0.698602794411	0.705588822355	0.709580838323	0.713572854291	0.700598802395	0.698602794411	0.706586826347	0.704590818363	0.713572854291	0.697604790419	0.703592814371	0.715568862275	0.937125748503	0.950099800399	0.916167664671	0.776447105788	0.927145708583	0.933133732535	0.786427145709	0.921157684631	0.860279441118	0.939121756487	0.788423153693	0.903193612774	0.98003992016	0.955089820359	0.764471057884	0.7375249501	0.77245508982	0.847305389222	0.809381237525	0.74251497006	0.748502994012	0.740518962076	0.743512974052	0.809381237525	0.75748502994	0.749500998004	0.758483033932	0.804391217565
CC8	0.642714570858	0.565868263473	0.627744510978	0.596806387226	0.528942115768	0.0	0.607784431138	0.721556886228	0.729540918164	0.631736526946	0.445109780439	0.451097804391	0.592814371257	0.630738522954	0.569860279441	0.641716566866	0.801397205589	0.789421157685	0.883233532934	0.845309381238	0.710578842315	0.680638722555	0.751497005988	0.739520958084	0.645708582834	0.686626746507	0.695608782435	0.710578842315	0.74750499002	0.808383233533	0.778443113772	0.775449101796	0.748502994012	0.755489021956	0.789421157685	0.775449101796	0.787425149701	0.781437125749	0.806387225549	0.794411177645	0.783433133733	0.789421157685	0.787425149701	0.785429141717	0.791417165669	0.766467065868	0.761477045908	0.707584830339	0.680638722555	0.655688622754	0.658682634731	0.647704590818	0.627744510978	0.660678642715	0.676646706587	0.644710578842	0.629740518962	0.615768463074	0.659680638723	0.660678642715	0.63872255489	0.669660678643	0.665668662675	0.907185628743	0.919161676647	0.879241516966	0.701596806387	0.899201596806	0.905189620758	0.709580838323	0.888223552894	0.845309381238	0.911177644711	0.74750499002	0.873253493014	0.955089820359	0.927145708583	0.693612774451	0.716566866267	0.707584830339	0.783433133733	0.755489021956	0.644710578842	0.64371257485	0.64371257485	0.639720558882	0.794411177645	0.686626746507	0.654690618762	0.689620758483	0.745508982036
CD7	0.427145708583	0.38123752495	0.668662674651	0.503992015968	0.691616766467	0.607784431138	0.0	0.449101796407	0.450099800399	0.334331337325	0.642714570858	0.62874251497	0.554890219561	0.64870259481	0.372255489022	0.40618762475	0.883233532934	0.877245508982	0.923153692615	0.898203592814	0.731536926148	0.744510978044	0.907185628743	0.895209580838	0.803393213573	0.847305389222	0.818363273453	0.799401197605	0.801397205589	0.852295409182	0.848303393214	0.844311377246	0.549900199601	0.51996007984	0.583832335329	0.541916167665	0.621756487026	0.587824351297	0.597804391218	0.580838323353	0.625748502994	0.570858283433	0.640718562874	0.552894211577	0.560878243513	0.522954091816	0.554890219561	0.672654690619	0.630738522954	0.614770459082	0.602794411178	0.555888223553	0.606786427146	0.583832335329	0.682634730539	0.590818363273	0.518962075848	0.537924151697	0.584830339321	0.607784431138	0.607784431138	0.645708582834	0.61876247505	0.920159680639	0.946107784431	0.897205588822	0.733532934132	0.926147704591	0.90618762475	0.746506986028	0.894211576846	0.87624750499	0.917165668663	0.759481037924	0.89121756487	0.960079840319	0.935129740519	0.702594810379	0.707584830339	0.646706586826	0.556886227545	0.564870259481	0.496007984032	0.49500998004	0.454091816367	0.446107784431	0.7375249501	0.692614770459	0.640718562874	0.62874251497	0.709580838323
CD8	0.416167664671	0.473053892216	0.671656686627	0.574850299401	0.773453093812	0.721556886228	0.449101796407	0.0	0.339321357285	0.441117764471	0.750499001996	0.751497005988	0.619760479042	0.655688622754	0.467065868263	0.402195608782	0.911177644711	0.907185628743	0.923153692615	0.90618762475	0.750499001996	0.780439121756	0.948103792415	0.935129740519	0.829341317365	0.878243512974	0.85129740519	0.847305389222	0.800399201597	0.85628742515	0.85129740519	0.859281437126	0.59381237525	0.544910179641	0.577844311377	0.482035928144	0.615768463074	0.597804391218	0.592814371257	0.576846307385	0.636726546906	0.570858283433	0.63872255489	0.555888223553	0.549900199601	0.532934131737	0.582834331337	0.74251497006	0.724550898204	0.730538922156	0.723552894212	0.647704590818	0.710578842315	0.646706586826	0.714570858283	0.651696606786	0.585828343313	0.64870259481	0.666666666667	0.7375249501	0.714570858283	0.713572854291	0.736526946108	0.903193612774	0.924151696607	0.873253493014	0.803393213573	0.904191616766	0.894211576846	0.807385229541	0.874251497006	0.85628742515	0.89620758483	0.808383233533	0.858283433134	0.941117764471	0.921157684631	0.801397205589	0.785429141717	0.775449101796	0.581836327345	0.587824351297	0.629740518962	0.617764471058	0.595808383234	0.581836327345	0.811377245509	0.798403193613	0.741516966068	0.759481037924	0.813373253493
CE7	0.423153692615	0.469061876248	0.699600798403	0.600798403194	0.793413173653	0.729540918164	0.450099800399	0.339321357285	0.0	0.448103792415	0.758483033932	0.760479041916	0.640718562874	0.683632734531	0.482035928144	0.411177644711	0.917165668663	0.913173652695	0.943113772455	0.927145708583	0.761477045908	0.783433133733	0.959081836327	0.943113772455	0.835329341317	0.892215568862	0.847305389222	0.838323353293	0.824351297405	0.874251497006	0.848303393214	0.863273453094	0.599800399202	0.545908183633	0.579840319361	0.482035928144	0.619760479042	0.596806387226	0.591816367265	0.571856287425	0.63872255489	0.577844311377	0.64371257485	0.553892215569	0.559880239521	0.530938123752	0.580838323353	0.748502994012	0.740518962076	0.746506986028	0.74251497006	0.664670658683	0.716566866267	0.644710578842	0.720558882236	0.647704590818	0.590818363273	0.662674650699	0.670658682635	0.754491017964	0.734530938124	0.721556886228	0.755489021956	0.903193612774	0.933133732535	0.875249500998	0.802395209581	0.918163672655	0.898203592814	0.813373253493	0.879241516966	0.862275449102	0.90618762475	0.826347305389	0.86626746507	0.948103792415	0.928143712575	0.776447105788	0.782435129741	0.77245508982	0.597804391218	0.609780439122	0.629740518962	0.617764471058	0.601796407186	0.577844311377	0.813373253493	0.781437125749	0.733532934132	0.758483033932	0.808383233533
CE8	0.447105788423	0.402195608782	0.661676646707	0.508982035928	0.685628742515	0.631736526946	0.334331337325	0.441117764471	0.448103792415	0.0	0.660678642715	0.658682634731	0.554890219561	0.644710578842	0.403193612774	0.452095808383	0.885229540918	0.872255489022	0.924151696607	0.903193612774	0.711576846307	0.734530938124	0.90618762475	0.89121756487	0.793413173653	0.843313373253	0.815369261477	0.814371257485	0.794411177645	0.848303393214	0.847305389222	0.841317365269	0.553892215569	0.518962075848	0.579840319361	0.538922155689	0.617764471058	0.586826347305	0.59880239521	0.576846307385	0.625748502994	0.569860279441	0.637724550898	0.556886227545	0.554890219561	0.523952095808	0.551896207585	0.678642714571	0.666666666667	0.663672654691	0.667664670659	0.587824351297	0.640718562874	0.573852295409	0.673652694611	0.586826347305	0.532934131737	0.583832335329	0.600798403194	0.670658682635	0.652694610778	0.650698602794	0.676646706587	0.918163672655	0.930139720559	0.880239520958	0.75249500998	0.922155688623	0.903193612774	0.766467065868	0.88622754491	0.863273453094	0.909181636727	0.774451097804	0.872255489022	0.949101796407	0.940119760479	0.731536926148	0.729540918164	0.688622754491	0.573852295409	0.585828343313	0.536926147705	0.538922155689	0.512974051896	0.496007984032	0.735528942116	0.720558882236	0.670658682635	0.674650698603	0.743512974052
CF7	0.658682634731	0.607784431138	0.659680638723	0.620758483034	0.513972055888	0.445109780439	0.642714570858	0.750499001996	0.758483033932	0.660678642715	0.0	0.445109780439	0.617764471058	0.652694610778	0.61377245509	0.669660678643	0.813373253493	0.793413173653	0.89620758483	0.85628742515	0.723552894212	0.698602794411	0.75748502994	0.744510978044	0.644710578842	0.686626746507	0.711576846307	0.720558882236	0.75748502994	0.806387225549	0.784431137725	0.781437125749	0.764471057884	0.781437125749	0.809381237525	0.802395209581	0.805389221557	0.800399201597	0.823353293413	0.815369261477	0.797405189621	0.804391217565	0.802395209581	0.807385229541	0.811377245509	0.785429141717	0.783433133733	0.730538922156	0.693612774451	0.677644710579	0.670658682635	0.677644710579	0.63373253493	0.688622754491	0.694610778443	0.668662674651	0.657684630739	0.644710578842	0.687624750499	0.673652694611	0.657684630739	0.694610778443	0.682634730539	0.916167664671	0.933133732535	0.894211576846	0.725548902196	0.908183632735	0.915169660679	0.730538922156	0.907185628743	0.855289421158	0.918163672655	0.7624750499	0.879241516966	0.958083832335	0.941117764471	0.701596806387	0.72255489022	0.714570858283	0.809381237525	0.780439121756	0.678642714571	0.678642714571	0.681636726547	0.677644710579	0.809381237525	0.708582834331	0.678642714571	0.703592814371	0.755489021956
CF8	0.662674650699	0.602794411178	0.632734530938	0.61876247505	0.463073852295	0.451097804391	0.62874251497	0.751497005988	0.760479041916	0.658682634731	0.445109780439	0.0	0.604790419162	0.63373253493	0.600798403194	0.667664670659	0.801397205589	0.77744510978	0.88622754491	0.847305389222	0.707584830339	0.688622754491	0.706586826347	0.678642714571	0.596806387226	0.622754491018	0.695608782435	0.709580838323	0.760479041916	0.801397205589	0.778443113772	0.784431137725	0.766467065868	0.776447105788	0.813373253493	0.804391217565	0.807385229541	0.799401197605	0.825349301397	0.813373253493	0.796407185629	0.807385229541	0.803393213573	0.807385229541	0.810379241517	0.783433133733	0.782435129741	0.721556886228	0.684630738523	0.659680638723	0.660678642715	0.674650698603	0.637724550898	0.678642714571	0.690618762475	0.665668662675	0.649700598802	0.636726546906	0.681636726547	0.656686626747	0.642714570858	0.681636726547	0.672654690619	0.915169660679	0.936127744511	0.899201596806	0.717564870259	0.910179640719	0.921157684631	0.724550898204	0.909181636727	0.845309381238	0.917165668663	0.766467065868	0.887225548902	0.961077844311	0.934131736527	0.704590818363	0.72255489022	0.719560878244	0.822355289421	0.791417165669	0.668662674651	0.681636726547	0.674650698603	0.673652694611	0.806387225549	0.703592814371	0.690618762475	0.702594810379	0.758483033932
CG7	0.558882235529	0.550898203593	0.539920159681	0.420159680639	0.634730538922	0.592814371257	0.554890219561	0.619760479042	0.640718562874	0.554890219561	0.617764471058	0.604790419162	0.0	0.50499001996	0.553892215569	0.569860279441	0.860279441118	0.850299401198	0.89620758483	0.835329341317	0.664670658683	0.688622754491	0.84630738523	0.831337325349	0.750499001996	0.787425149701	0.782435129741	0.782435129741	0.734530938124	0.771457085828	0.828343313373	0.816367265469	0.646706586826	0.658682634731	0.63872255489	0.676646706587	0.640718562874	0.677644710579	0.709580838323	0.698602794411	0.678642714571	0.683632734531	0.63373253493	0.689620758483	0.647704590818	0.667664670659	0.658682634731	0.72754491018	0.678642714571	0.703592814371	0.707584830339	0.63872255489	0.687624750499	0.635728542914	0.705588822355	0.631736526946	0.572854291417	0.632734530938	0.646706586826	0.702594810379	0.714570858283	0.665668662675	0.712574850299	0.884231536926	0.904191616766	0.895209580838	0.733532934132	0.894211576846	0.895209580838	0.733532934132	0.898203592814	0.864271457086	0.902195608782	0.753493013972	0.874251497006	0.932135728543	0.910179640719	0.761477045908	0.758483033932	0.771457085828	0.675648702595	0.646706586826	0.622754491018	0.617764471058	0.614770459082	0.604790419162	0.795409181637	0.763473053892	0.723552894212	0.749500998004	0.804391217565
CG8	0.655688622754	0.634730538922	0.408183632735	0.513972055888	0.655688622754	0.630738522954	0.64870259481	0.655688622754	0.683632734531	0.644710578842	0.652694610778	0.63373253493	0.50499001996	0.0	0.640718562874	0.668662674651	0.840319361277	0.830339321357	0.882235528942	0.827345309381	0.691616766467	0.711576846307	0.803393213573	0.790419161677	0.698602794411	0.736526946108	0.749500998004	0.754491017964	0.717564870259	0.768463073852	0.799401197605	0.793413173653	0.736526946108	0.735528942116	0.687624750499	0.73253493014	0.675648702595	0.729540918164	0.743512974052	0.744510978044	0.741516966068	0.734530938124	0.644710578842	0.733532934132	0.695608782435	0.73253493014	0.733532934132	0.7624750499	0.726546906188	0.763473053892	0.75748502994	0.690618762475	0.736526946108	0.675648702595	0.7375249501	0.674650698603	0.641716566866	0.683632734531	0.690618762475	0.760479041916	0.766467065868	0.720558882236	0.771457085828	0.85628742515	0.813373253493	0.880239520958	0.72255489022	0.812375249501	0.877245508982	0.75748502994	0.87624750499	0.834331337325	0.88123752495	0.751497005988	0.867265469062	0.836327345309	0.89620758483	0.830339321357	0.804391217565	0.845309381238	0.701596806387	0.678642714571	0.705588822355	0.696606786427	0.708582834331	0.702594810379	0.870259481038	0.830339321357	0.790419161677	0.825349301397	0.872255489022
CH7	0.399201596806	0.300399201597	0.660678642715	0.5	0.662674650699	0.569860279441	0.372255489022	0.467065868263	0.482035928144	0.403193612774	0.61377245509	0.600798403194	0.553892215569	0.640718562874	0.0	0.370259481038	0.872255489022	0.865269461078	0.913173652695	0.894211576846	0.72754491018	0.739520958084	0.894211576846	0.88123752495	0.786427145709	0.835329341317	0.815369261477	0.809381237525	0.782435129741	0.842315369261	0.841317365269	0.836327345309	0.551896207585	0.517964071856	0.583832335329	0.530938123752	0.62375249501	0.591816367265	0.599800399202	0.575848303393	0.624750499002	0.574850299401	0.64371257485	0.555888223553	0.563872255489	0.516966067864	0.552894211577	0.730538922156	0.696606786427	0.659680638723	0.64870259481	0.622754491018	0.642714570858	0.627744510978	0.704590818363	0.62375249501	0.542914171657	0.596806387226	0.650698602794	0.65369261477	0.654690618762	0.691616766467	0.671656686627	0.911177644711	0.943113772455	0.897205588822	0.697604790419	0.921157684631	0.911177644711	0.728542914172	0.89620758483	0.877245508982	0.915169660679	0.756487025948	0.89121756487	0.959081836327	0.934131736527	0.680638722555	0.730538922156	0.686626746507	0.63373253493	0.642714570858	0.541916167665	0.542914171657	0.497005988024	0.491017964072	0.784431137725	0.674650698603	0.637724550898	0.675648702595	0.720558882236
CH8	0.325349301397	0.36127744511	0.677644710579	0.520958083832	0.723552894212	0.641716566866	0.40618762475	0.402195608782	0.411177644711	0.452095808383	0.669660678643	0.667664670659	0.569860279441	0.668662674651	0.370259481038	0.0	0.916167664671	0.914171656687	0.943113772455	0.918163672655	0.760479041916	0.77744510978	0.945109780439	0.934131736527	0.844311377246	0.888223552894	0.859281437126	0.853293413174	0.822355289421	0.86626746507	0.880239520958	0.873253493014	0.551896207585	0.520958083832	0.576846307385	0.471057884232	0.61377245509	0.588822355289	0.601796407186	0.581836327345	0.625748502994	0.573852295409	0.637724550898	0.555888223553	0.553892215569	0.50998003992	0.554890219561	0.735528942116	0.707584830339	0.665668662675	0.645708582834	0.615768463074	0.639720558882	0.630738522954	0.710578842315	0.63872255489	0.537924151697	0.599800399202	0.655688622754	0.657684630739	0.667664670659	0.697604790419	0.663672654691	0.924151696607	0.946107784431	0.888223552894	0.708582834331	0.933133732535	0.90618762475	0.7375249501	0.900199600798	0.884231536926	0.914171656687	0.75748502994	0.879241516966	0.960079840319	0.939121756487	0.700598802395	0.7375249501	0.696606786427	0.626746506986	0.641716566866	0.559880239521	0.557884231537	0.523952095808	0.50998003992	0.788423153693	0.698602794411	0.662674650699	0.685628742515	0.72754491018
CA1	0.913173652695	0.86626746507	0.835329341317	0.862275449102	0.814371257485	0.801397205589	0.883233532934	0.911177644711	0.917165668663	0.885229540918	0.813373253493	0.801397205589	0.860279441118	0.840319361277	0.872255489022	0.916167664671	0.0	0.325349301397	0.502994011976	0.478043912176	0.841317365269	0.735528942116	0.750499001996	0.733532934132	0.710578842315	0.735528942116	0.477045908184	0.515968063872	0.463073852295	0.464071856287	0.473053892216	0.417165668663	0.960079840319	0.956087824351	0.959081836327	0.959081836327	0.959081836327	0.956087824351	0.960079840319	0.958083832335	0.959081836327	0.956087824351	0.958083832335	0.958083832335	0.959081836327	0.958083832335	0.959081836327	0.932135728543	0.931137724551	0.926147704591	0.935129740519	0.935129740519	0.925149700599	0.920159680639	0.912175648703	0.917165668663	0.923153692615	0.933133732535	0.928143712575	0.935129740519	0.937125748503	0.924151696607	0.930139720559	0.938123752495	0.952095808383	0.931137724551	0.943113772455	0.940119760479	0.927145708583	0.938123752495	0.915169660679	0.911177644711	0.920159680639	0.937125748503	0.934131736527	0.971057884232	0.949101796407	0.924151696607	0.926147704591	0.935129740519	0.947105788423	0.943113772455	0.926147704591	0.922155688623	0.928143712575	0.926147704591	0.955089820359	0.922155688623	0.928143712575	0.935129740519	0.936127744511
CA2	0.904191616766	0.848303393214	0.829341317365	0.855289421158	0.794411177645	0.789421157685	0.877245508982	0.907185628743	0.913173652695	0.872255489022	0.793413173653	0.77744510978	0.850299401198	0.830339321357	0.865269461078	0.914171656687	0.325349301397	0.0	0.5	0.459081836327	0.833333333333	0.713572854291	0.743512974052	0.72754491018	0.708582834331	0.72754491018	0.462075848303	0.497005988024	0.463073852295	0.450099800399	0.448103792415	0.40119760479	0.959081836327	0.955089820359	0.959081836327	0.956087824351	0.961077844311	0.953093812375	0.960079840319	0.960079840319	0.959081836327	0.954091816367	0.957085828343	0.957085828343	0.957085828343	0.957085828343	0.955089820359	0.920159680639	0.921157684631	0.909181636727	0.921157684631	0.923153692615	0.909181636727	0.90618762475	0.897205588822	0.90618762475	0.90618762475	0.917165668663	0.913173652695	0.919161676647	0.922155688623	0.90618762475	0.917165668663	0.931137724551	0.933133732535	0.934131736527	0.933133732535	0.924151696607	0.930139720559	0.928143712575	0.922155688623	0.903193612774	0.928143712575	0.930139720559	0.937125748503	0.963073852295	0.942115768463	0.929141716567	0.916167664671	0.927145708583	0.937125748503	0.928143712575	0.930139720559	0.924151696607	0.923153692615	0.919161676647	0.951097804391	0.924151696607	0.927145708583	0.935129740519	0.933133732535
CB1	0.922155688623	0.922155688623	0.88123752495	0.900199600798	0.900199600798	0.883233532934	0.923153692615	0.923153692615	0.943113772455	0.924151696607	0.89620758483	0.88622754491	0.89620758483	0.882235528942	0.913173652695	0.943113772455	0.502994011976	0.5	0.0	0.286427145709	0.88622754491	0.768463073852	0.834331337325	0.826347305389	0.799401197605	0.827345309381	0.569860279441	0.592814371257	0.521956087824	0.421157684631	0.465069860279	0.449101796407	0.974051896208	0.967065868263	0.956087824351	0.964071856287	0.953093812375	0.959081836327	0.97005988024	0.971057884232	0.973053892216	0.965069860279	0.953093812375	0.964071856287	0.954091816367	0.968063872255	0.971057884232	0.938123752495	0.937125748503	0.934131736527	0.937125748503	0.935129740519	0.935129740519	0.940119760479	0.935129740519	0.936127744511	0.928143712575	0.934131736527	0.933133732535	0.937125748503	0.936127744511	0.933133732535	0.937125748503	0.929141716567	0.940119760479	0.948103792415	0.943113772455	0.925149700599	0.948103792415	0.936127744511	0.944111776447	0.921157684631	0.945109780439	0.939121756487	0.953093812375	0.960079840319	0.937125748503	0.973053892216	0.935129740519	0.972055888224	0.936127744511	0.931137724551	0.961077844311	0.955089820359	0.959081836327	0.954091816367	0.974051896208	0.969061876248	0.969061876248	0.972055888224	0.974051896208
CB2	0.897205588822	0.885229540918	0.828343313373	0.844311377246	0.854291417166	0.845309381238	0.898203592814	0.90618762475	0.927145708583	0.903193612774	0.85628742515	0.847305389222	0.835329341317	0.827345309381	0.894211576846	0.918163672655	0.478043912176	0.459081836327	0.286427145709	0.0	0.857285429142	0.735528942116	0.804391217565	0.794411177645	0.766467065868	0.792415169661	0.521956087824	0.555888223553	0.468063872255	0.360279441118	0.432135728543	0.411177644711	0.962075848303	0.955089820359	0.929141716567	0.950099800399	0.929141716567	0.946107784431	0.959081836327	0.958083832335	0.960079840319	0.956087824351	0.929141716567	0.951097804391	0.933133732535	0.955089820359	0.960079840319	0.90618762475	0.908183632735	0.908183632735	0.914171656687	0.912175648703	0.907185628743	0.925149700599	0.919161676647	0.919161676647	0.908183632735	0.913173652695	0.920159680639	0.905189620758	0.921157684631	0.903193612774	0.90618762475	0.912175648703	0.935129740519	0.940119760479	0.920159680639	0.915169660679	0.925149700599	0.917165668663	0.927145708583	0.899201596806	0.923153692615	0.917165668663	0.942115768463	0.956087824351	0.926147704591	0.956087824351	0.916167664671	0.953093812375	0.928143712575	0.916167664671	0.939121756487	0.940119760479	0.943113772455	0.936127744511	0.954091816367	0.955089820359	0.950099800399	0.955089820359	0.954091816367
CC1	0.75748502994	0.728542914172	0.731536926148	0.675648702595	0.730538922156	0.710578842315	0.731536926148	0.750499001996	0.761477045908	0.711576846307	0.723552894212	0.707584830339	0.664670658683	0.691616766467	0.72754491018	0.760479041916	0.841317365269	0.833333333333	0.88622754491	0.857285429142	0.0	0.4750499002	0.875249500998	0.862275449102	0.749500998004	0.811377245509	0.75748502994	0.738522954092	0.724550898204	0.782435129741	0.807385229541	0.819361277445	0.787425149701	0.783433133733	0.756487025948	0.791417165669	0.74750499002	0.792415169661	0.822355289421	0.812375249501	0.791417165669	0.796407185629	0.7375249501	0.802395209581	0.755489021956	0.786427145709	0.782435129741	0.703592814371	0.705588822355	0.713572854291	0.74251497006	0.72754491018	0.702594810379	0.710578842315	0.693612774451	0.686626746507	0.729540918164	0.72754491018	0.728542914172	0.734530938124	0.740518962076	0.676646706587	0.736526946108	0.822355289421	0.832335329341	0.790419161677	0.698602794411	0.821357285429	0.835329341317	0.698602794411	0.813373253493	0.755489021956	0.813373253493	0.693612774451	0.776447105788	0.836327345309	0.86626746507	0.694610778443	0.741516966068	0.768463073852	0.77744510978	0.750499001996	0.74750499002	0.717564870259	0.755489021956	0.740518962076	0.828343313373	0.706586826347	0.731536926148	0.753493013972	0.791417165669
CC2	0.7624750499	0.736526946108	0.735528942116	0.712574850299	0.713572854291	0.680638722555	0.744510978044	0.780439121756	0.783433133733	0.734530938124	0.698602794411	0.688622754491	0.688622754491	0.711576846307	0.739520958084	0.77744510978	0.735528942116	0.713572854291	0.768463073852	0.735528942116	0.4750499002	0.0	0.810379241517	0.782435129741	0.688622754491	0.731536926148	0.605788423154	0.574850299401	0.661676646707	0.689620758483	0.668662674651	0.681636726547	0.820359281437	0.811377245509	0.804391217565	0.815369261477	0.805389221557	0.816367265469	0.854291417166	0.845309381238	0.824351297405	0.830339321357	0.804391217565	0.831337325349	0.810379241517	0.813373253493	0.811377245509	0.718562874251	0.72754491018	0.708582834331	0.748502994012	0.743512974052	0.714570858283	0.733532934132	0.72754491018	0.711576846307	0.735528942116	0.744510978044	0.74251497006	0.729540918164	0.74750499002	0.708582834331	0.729540918164	0.850299401198	0.859281437126	0.826347305389	0.74251497006	0.834331337325	0.86127744511	0.733532934132	0.822355289421	0.749500998004	0.837325349301	0.738522954092	0.815369261477	0.882235528942	0.88123752495	0.717564870259	0.719560878244	0.769461077844	0.816367265469	0.780439121756	0.77245508982	0.759481037924	0.782435129741	0.765469061876	0.830339321357	0.74750499002	0.77245508982	0.765469061876	0.795409181637
CD1	0.929141716567	0.883233532934	0.794411177645	0.843313373253	0.664670658683	0.751497005988	0.907185628743	0.948103792415	0.959081836327	0.90618762475	0.75748502994	0.706586826347	0.84630738523	0.803393213573	0.894211576846	0.945109780439	0.750499001996	0.743512974052	0.834331337325	0.804391217565	0.875249500998	0.810379241517	0.0	0.419161676647	0.582834331337	0.49001996008	0.707584830339	0.745508982036	0.790419161677	0.800399201597	0.823353293413	0.790419161677	0.98502994012	0.983033932136	0.983033932136	0.983033932136	0.982035928144	0.979041916168	0.984031936128	0.984031936128	0.983033932136	0.981037924152	0.982035928144	0.982035928144	0.982035928144	0.983033932136	0.984031936128	0.956087824351	0.958083832335	0.952095808383	0.958083832335	0.958083832335	0.953093812375	0.954091816367	0.953093812375	0.950099800399	0.953093812375	0.954091816367	0.957085828343	0.959081836327	0.955089820359	0.954091816367	0.958083832335	0.959081836327	0.964071856287	0.978043912176	0.971057884232	0.959081836327	0.978043912176	0.964071856287	0.9750499002	0.952095808383	0.9750499002	0.971057884232	0.976047904192	0.988023952096	0.97005988024	0.9750499002	0.955089820359	0.9750499002	0.963073852295	0.958083832335	0.974051896208	0.9750499002	0.973053892216	0.969061876248	0.981037924152	0.977045908184	0.9750499002	0.974051896208	0.976047904192
CD2	0.921157684631	0.872255489022	0.768463073852	0.837325349301	0.649700598802	0.739520958084	0.895209580838	0.935129740519	0.943113772455	0.89121756487	0.744510978044	0.678642714571	0.831337325349	0.790419161677	0.88123752495	0.934131736527	0.733532934132	0.72754491018	0.826347305389	0.794411177645	0.862275449102	0.782435129741	0.419161676647	0.0	0.561876247505	0.493013972056	0.691616766467	0.716566866267	0.781437125749	0.788423153693	0.805389221557	0.776447105788	0.976047904192	0.976047904192	0.977045908184	0.977045908184	0.977045908184	0.973053892216	0.977045908184	0.977045908184	0.9750499002	0.972055888224	0.976047904192	0.9750499002	0.976047904192	0.974051896208	0.976047904192	0.941117764471	0.938123752495	0.932135728543	0.940119760479	0.941117764471	0.936127744511	0.935129740519	0.931137724551	0.930139720559	0.934131736527	0.937125748503	0.937125748503	0.940119760479	0.938123752495	0.932135728543	0.937125748503	0.956087824351	0.961077844311	0.97005988024	0.960079840319	0.947105788423	0.969061876248	0.953093812375	0.964071856287	0.936127744511	0.967065868263	0.957085828343	0.971057884232	0.987025948104	0.966067864271	0.966067864271	0.936127744511	0.960079840319	0.946107784431	0.939121756487	0.959081836327	0.962075848303	0.961077844311	0.956087824351	0.967065868263	0.967065868263	0.964071856287	0.962075848303	0.964071856287
CE1	0.826347305389	0.778443113772	0.682634730539	0.75748502994	0.60379241517	0.645708582834	0.803393213573	0.829341317365	0.835329341317	0.793413173653	0.644710578842	0.596806387226	0.750499001996	0.698602794411	0.786427145709	0.844311377246	0.710578842315	0.708582834331	0.799401197605	0.766467065868	0.749500998004	0.688622754491	0.582834331337	0.561876247505	0.0	0.463073852295	0.65369261477	0.668662674651	0.672654690619	0.721556886228	0.703592814371	0.718562874251	0.889221556886	0.889221556886	0.893213572854	0.889221556886	0.890219560878	0.887225548902	0.892215568862	0.887225548902	0.89121756487	0.884231536926	0.888223552894	0.887225548902	0.889221556886	0.89121756487	0.890219560878	0.744510978044	0.746506986028	0.74251497006	0.798403193613	0.740518962076	0.74750499002	0.779441117764	0.753493013972	0.768463073852	0.803393213573	0.74251497006	0.738522954092	0.779441117764	0.744510978044	0.736526946108	0.779441117764	0.933133732535	0.932135728543	0.897205588822	0.87125748503	0.913173652695	0.943113772455	0.870259481038	0.925149700599	0.787425149701	0.940119760479	0.879241516966	0.882235528942	0.97005988024	0.950099800399	0.86127744511	0.779441117764	0.880239520958	0.835329341317	0.817365269461	0.854291417166	0.848303393214	0.854291417166	0.847305389222	0.916167664671	0.854291417166	0.852295409182	0.860279441118	0.909181636727
CE2	0.877245508982	0.826347305389	0.717564870259	0.794411177645	0.59880239521	0.686626746507	0.847305389222	0.878243512974	0.892215568862	0.843313373253	0.686626746507	0.622754491018	0.787425149701	0.736526946108	0.835329341317	0.888223552894	0.735528942116	0.72754491018	0.827345309381	0.792415169661	0.811377245509	0.731536926148	0.49001996008	0.493013972056	0.463073852295	0.0	0.667664670659	0.687624750499	0.726546906188	0.753493013972	0.738522954092	0.7375249501	0.937125748503	0.933133732535	0.935129740519	0.934131736527	0.933133732535	0.928143712575	0.936127744511	0.934131736527	0.936127744511	0.929141716567	0.934131736527	0.933133732535	0.934131736527	0.932135728543	0.933133732535	0.847305389222	0.848303393214	0.841317365269	0.859281437126	0.844311377246	0.844311377246	0.847305389222	0.837325349301	0.841317365269	0.853293413174	0.848303393214	0.843313373253	0.86127744511	0.848303393214	0.842315369261	0.848303393214	0.948103792415	0.939121756487	0.911177644711	0.909181636727	0.929141716567	0.955089820359	0.898203592814	0.943113772455	0.860279441118	0.953093812375	0.908183632735	0.907185628743	0.974051896208	0.964071856287	0.916167664671	0.849301397206	0.908183632735	0.892215568862	0.88622754491	0.907185628743	0.911177644711	0.90618762475	0.903193612774	0.931137724551	0.914171656687	0.908183632735	0.910179640719	0.930139720559
CF1	0.834331337325	0.797405189621	0.75748502994	0.798403193613	0.705588822355	0.695608782435	0.818363273453	0.85129740519	0.847305389222	0.815369261477	0.711576846307	0.695608782435	0.782435129741	0.749500998004	0.815369261477	0.859281437126	0.477045908184	0.462075848303	0.569860279441	0.521956087824	0.75748502994	0.605788423154	0.707584830339	0.691616766467	0.65369261477	0.667664670659	0.0	0.319361277445	0.501996007984	0.513972055888	0.458083832335	0.456087824351	0.905189620758	0.898203592814	0.897205588822	0.897205588822	0.900199600798	0.892215568862	0.911177644711	0.904191616766	0.902195608782	0.897205588822	0.894211576846	0.900199600798	0.894211576846	0.895209580838	0.898203592814	0.826347305389	0.827345309381	0.815369261477	0.824351297405	0.826347305389	0.820359281437	0.820359281437	0.814371257485	0.811377245509	0.829341317365	0.829341317365	0.830339321357	0.827345309381	0.827345309381	0.809381237525	0.824351297405	0.905189620758	0.925149700599	0.919161676647	0.867265469062	0.892215568862	0.903193612774	0.860279441118	0.88123752495	0.843313373253	0.892215568862	0.86127744511	0.925149700599	0.954091816367	0.924151696607	0.858283433134	0.824351297405	0.870259481038	0.90119760479	0.872255489022	0.865269461078	0.85628742515	0.864271457086	0.854291417166	0.887225548902	0.864271457086	0.858283433134	0.86626746507	0.870259481038
CF2	0.839321357285	0.798403193613	0.758483033932	0.796407185629	0.720558882236	0.710578842315	0.799401197605	0.847305389222	0.838323353293	0.814371257485	0.720558882236	0.709580838323	0.782435129741	0.754491017964	0.809381237525	0.853293413174	0.515968063872	0.497005988024	0.592814371257	0.555888223553	0.738522954092	0.574850299401	0.745508982036	0.716566866267	0.668662674651	0.687624750499	0.319361277445	0.0	0.534930139721	0.539920159681	0.479041916168	0.477045908184	0.907185628743	0.900199600798	0.89620758483	0.900199600798	0.898203592814	0.894211576846	0.911177644711	0.908183632735	0.907185628743	0.900199600798	0.89620758483	0.90119760479	0.89620758483	0.898203592814	0.902195608782	0.823353293413	0.820359281437	0.809381237525	0.817365269461	0.817365269461	0.805389221557	0.816367265469	0.809381237525	0.805389221557	0.823353293413	0.816367265469	0.816367265469	0.812375249501	0.816367265469	0.798403193613	0.814371257485	0.890219560878	0.919161676647	0.911177644711	0.859281437126	0.883233532934	0.902195608782	0.849301397206	0.879241516966	0.825349301397	0.897205588822	0.855289421158	0.919161676647	0.940119760479	0.921157684631	0.845309381238	0.815369261477	0.857285429142	0.894211576846	0.867265469062	0.858283433134	0.848303393214	0.86127744511	0.855289421158	0.882235528942	0.848303393214	0.85628742515	0.849301397206	0.855289421158
CG1	0.824351297405	0.776447105788	0.725548902196	0.733532934132	0.763473053892	0.74750499002	0.801397205589	0.800399201597	0.824351297405	0.794411177645	0.75748502994	0.760479041916	0.734530938124	0.717564870259	0.782435129741	0.822355289421	0.463073852295	0.463073852295	0.521956087824	0.468063872255	0.724550898204	0.661676646707	0.790419161677	0.781437125749	0.672654690619	0.726546906188	0.501996007984	0.534930139721	0.0	0.358283433134	0.47005988024	0.450099800399	0.892215568862	0.882235528942	0.831337325349	0.879241516966	0.814371257485	0.877245508982	0.888223552894	0.888223552894	0.888223552894	0.88622754491	0.809381237525	0.883233532934	0.827345309381	0.884231536926	0.88622754491	0.823353293413	0.789421157685	0.819361277445	0.831337325349	0.826347305389	0.817365269461	0.834331337325	0.832335329341	0.834331337325	0.829341317365	0.822355289421	0.834331337325	0.823353293413	0.832335329341	0.796407185629	0.825349301397	0.870259481038	0.88123752495	0.868263473054	0.805389221557	0.869261477046	0.879241516966	0.811377245509	0.879241516966	0.872255489022	0.885229540918	0.815369261477	0.852295409182	0.892215568862	0.90119760479	0.849301397206	0.858283433134	0.858283433134	0.845309381238	0.831337325349	0.840319361277	0.844311377246	0.847305389222	0.843313373253	0.883233532934	0.850299401198	0.84630738523	0.847305389222	0.885229540918
