	CA7	CA8	CB7	CB8	CC7	CC8	CD7	CD8	CE7	CE8	CF7	CF8	CG7	CG8	CH7	CH8	CA1	CA2	CB1	CB2	CC1	CC2	CD1	CD2	CE1	CE2	CF1	CF2	CG1	CG2	CH1	CH2	CA5	CA6	CB5	CB6	CC5	CC6	CD6	CE5	CE6	CF5	CF6	CG5	CG6	CH5	CH6	CA11	CA12	CB11	CB12	CC11	CC12	CD11	CD12	CE11	CE12	CF11	CF12	CG11	CG12	CH11	CH12	CA3	CA4	CB3	CB4	CC4	CD3	CD4	CE4	CF3	CF4	CG3	CG4	CH3	CH4	CA9	CA10	CB9	CC9	CC10	CD9	CD10	CE9	CE10	CF9	CG9	CG10	CH9	CH10
CA7	0.0	0.402195608782	0.666666666667	0.516966067864	0.710578842315	0.645708582834	0.422155688623	0.414171656687	0.412175648703	0.417165668663	0.664670658683	0.684630738523	0.572854291417	0.624750499002	0.367265469062	0.295409181637	0.915169660679	0.908183632735	0.911177644711	0.911177644711	0.7375249501	0.735528942116	0.937125748503	0.921157684631	0.808383233533	0.859281437126	0.849301397206	0.810379241517	0.828343313373	0.862275449102	0.863273453094	0.85129740519	0.538922155689	0.541916167665	0.564870259481	0.48502994012	0.609780439122	0.570858283433	0.592814371257	0.551896207585	0.616766467066	0.556886227545	0.614770459082	0.542914171657	0.577844311377	0.502994011976	0.508982035928	0.738522954092	0.703592814371	0.694610778443	0.718562874251	0.609780439122	0.689620758483	0.640718562874	0.697604790419	0.630738522954	0.545908183633	0.621756487026	0.63872255489	0.706586826347	0.689620758483	0.714570858283	0.707584830339	0.925149700599	0.924151696607	0.89620758483	0.731536926148	0.919161676647	0.905189620758	0.75748502994	0.914171656687	0.872255489022	0.920159680639	0.759481037924	0.893213572854	0.958083832335	0.931137724551	0.734530938124	0.733532934132	0.7375249501	0.589820359281	0.602794411178	0.601796407186	0.616766467066	0.573852295409	0.539920159681	0.780439121756	0.748502994012	0.726546906188	0.724550898204	0.764471057884
CA8	0.402195608782	0.0	0.655688622754	0.47005988024	0.668662674651	0.589820359281	0.372255489022	0.459081836327	0.467065868263	0.379241516966	0.619760479042	0.614770459082	0.548902195609	0.600798403194	0.337325349301	0.367265469062	0.867265469062	0.852295409182	0.908183632735	0.902195608782	0.724550898204	0.707584830339	0.895209580838	0.877245508982	0.766467065868	0.817365269461	0.815369261477	0.778443113772	0.774451097804	0.839321357285	0.842315369261	0.831337325349	0.533932135729	0.535928143713	0.574850299401	0.537924151697	0.626746506986	0.572854291417	0.59381237525	0.551896207585	0.614770459082	0.554890219561	0.622754491018	0.546906187625	0.588822355289	0.50998003992	0.507984031936	0.728542914172	0.685628742515	0.661676646707	0.665668662675	0.599800399202	0.650698602794	0.610778443114	0.666666666667	0.600798403194	0.530938123752	0.601796407186	0.632734530938	0.671656686627	0.669660678643	0.705588822355	0.676646706587	0.926147704591	0.938123752495	0.884231536926	0.700598802395	0.936127744511	0.904191616766	0.723552894212	0.905189620758	0.888223552894	0.916167664671	0.723552894212	0.885229540918	0.959081836327	0.938123752495	0.701596806387	0.713572854291	0.700598802395	0.597804391218	0.607784431138	0.544910179641	0.559880239521	0.515968063872	0.487025948104	0.773453093812	0.703592814371	0.670658682635	0.689620758483	0.717564870259
CB7	0.666666666667	0.655688622754	0.0	0.557884231537	0.697604790419	0.667664670659	0.673652694611	0.687624750499	0.699600798403	0.684630738523	0.678642714571	0.658682634731	0.531936127745	0.428143712575	0.672654690619	0.677644710579	0.841317365269	0.823353293413	0.872255489022	0.837325349301	0.766467065868	0.73253493014	0.778443113772	0.766467065868	0.667664670659	0.708582834331	0.795409181637	0.758483033932	0.73253493014	0.783433133733	0.806387225549	0.784431137725	0.756487025948	0.749500998004	0.692614770459	0.745508982036	0.697604790419	0.746506986028	0.755489021956	0.751497005988	0.753493013972	0.754491017964	0.689620758483	0.745508982036	0.690618762475	0.750499001996	0.75748502994	0.776447105788	0.758483033932	0.779441117764	0.807385229541	0.716566866267	0.77744510978	0.705588822355	0.763473053892	0.697604790419	0.65369261477	0.725548902196	0.718562874251	0.795409181637	0.798403193613	0.77245508982	0.793413173653	0.890219560878	0.802395209581	0.889221556886	0.783433133733	0.813373253493	0.894211576846	0.789421157685	0.902195608782	0.841317365269	0.892215568862	0.776447105788	0.87624750499	0.836327345309	0.895209580838	0.865269461078	0.820359281437	0.875249500998	0.702594810379	0.698602794411	0.72255489022	0.739520958084	0.723552894212	0.723552894212	0.908183632735	0.874251497006	0.849301397206	0.858283433134	0.900199600798
CB8	0.516966067864	0.47005988024	0.557884231537	0.0	0.64371257485	0.597804391218	0.483033932136	0.570858283433	0.584830339321	0.506986027944	0.610778443114	0.622754491018	0.421157684631	0.502994011976	0.492015968064	0.507984031936	0.857285429142	0.844311377246	0.890219560878	0.854291417166	0.666666666667	0.657684630739	0.865269461078	0.842315369261	0.741516966068	0.793413173653	0.798403193613	0.746506986028	0.721556886228	0.783433133733	0.826347305389	0.810379241517	0.625748502994	0.641716566866	0.602794411178	0.650698602794	0.600798403194	0.652694610778	0.669660678643	0.655688622754	0.655688622754	0.646706586826	0.61876247505	0.665668662675	0.61377245509	0.625748502994	0.624750499002	0.697604790419	0.65369261477	0.666666666667	0.680638722555	0.597804391218	0.669660678643	0.616766467066	0.670658682635	0.614770459082	0.523952095808	0.612774451098	0.625748502994	0.686626746507	0.681636726547	0.677644710579	0.672654690619	0.889221556886	0.894211576846	0.878243512974	0.689620758483	0.888223552894	0.884231536926	0.710578842315	0.890219560878	0.859281437126	0.884231536926	0.707584830339	0.868263473054	0.919161676647	0.897205588822	0.7375249501	0.713572854291	0.7375249501	0.621756487026	0.61377245509	0.579840319361	0.584830339321	0.551896207585	0.539920159681	0.773453093812	0.735528942116	0.699600798403	0.72754491018	0.75249500998
CC7	0.710578842315	0.668662674651	0.697604790419	0.64371257485	0.0	0.532934131737	0.688622754491	0.798403193613	0.806387225549	0.703592814371	0.499001996008	0.459081836327	0.670658682635	0.678642714571	0.676646706587	0.709580838323	0.806387225549	0.778443113772	0.884231536926	0.864271457086	0.741516966068	0.678642714571	0.655688622754	0.645708582834	0.60878243513	0.605788423154	0.731536926148	0.704590818363	0.7624750499	0.809381237525	0.798403193613	0.770459081836	0.817365269461	0.843313373253	0.85129740519	0.855289421158	0.843313373253	0.857285429142	0.862275449102	0.85129740519	0.849301397206	0.847305389222	0.86626746507	0.865269461078	0.857285429142	0.824351297405	0.814371257485	0.750499001996	0.711576846307	0.718562874251	0.713572854291	0.708582834331	0.704590818363	0.73253493014	0.718562874251	0.721556886228	0.72255489022	0.719560878244	0.725548902196	0.711576846307	0.713572854291	0.730538922156	0.714570858283	0.942115768463	0.940119760479	0.912175648703	0.759481037924	0.938123752495	0.920159680639	0.759481037924	0.925149700599	0.877245508982	0.930139720559	0.765469061876	0.90618762475	0.979041916168	0.951097804391	0.759481037924	0.731536926148	0.761477045908	0.857285429142	0.841317365269	0.74750499002	0.753493013972	0.750499001996	0.749500998004	0.803393213573	0.754491017964	0.753493013972	0.745508982036	0.779441117764
CC8	0.645708582834	0.589820359281	0.667664670659	0.597804391218	0.532934131737	0.0	0.62874251497	0.748502994012	0.748502994012	0.642714570858	0.448103792415	0.481037924152	0.617764471058	0.644710578842	0.612774451098	0.636726546906	0.799401197605	0.788423153693	0.882235528942	0.859281437126	0.708582834331	0.650698602794	0.773453093812	0.745508982036	0.640718562874	0.695608782435	0.734530938124	0.699600798403	0.748502994012	0.804391217565	0.791417165669	0.766467065868	0.765469061876	0.783433133733	0.796407185629	0.797405189621	0.782435129741	0.799401197605	0.805389221557	0.795409181637	0.792415169661	0.793413173653	0.809381237525	0.809381237525	0.803393213573	0.768463073852	0.763473053892	0.741516966068	0.692614770459	0.678642714571	0.692614770459	0.660678642715	0.658682634731	0.676646706587	0.676646706587	0.668662674651	0.674650698603	0.655688622754	0.687624750499	0.686626746507	0.673652694611	0.713572854291	0.697604790419	0.917165668663	0.907185628743	0.893213572854	0.692614770459	0.909181636727	0.897205588822	0.718562874251	0.90119760479	0.865269461078	0.909181636727	0.728542914172	0.893213572854	0.953093812375	0.925149700599	0.695608782435	0.726546906188	0.72255489022	0.799401197605	0.785429141717	0.663672654691	0.670658682635	0.661676646707	0.664670658683	0.801397205589	0.705588822355	0.685628742515	0.707584830339	0.751497005988
CD7	0.422155688623	0.372255489022	0.673652694611	0.483033932136	0.688622754491	0.62874251497	0.0	0.448103792415	0.440119760479	0.319361277445	0.650698602794	0.658682634731	0.553892215569	0.626746506986	0.377245508982	0.403193612774	0.88123752495	0.870259481038	0.921157684631	0.914171656687	0.72255489022	0.724550898204	0.917165668663	0.898203592814	0.789421157685	0.838323353293	0.830339321357	0.794411177645	0.796407185629	0.855289421158	0.859281437126	0.835329341317	0.536926147705	0.541916167665	0.574850299401	0.541916167665	0.625748502994	0.578842315369	0.597804391218	0.551896207585	0.617764471058	0.561876247505	0.624750499002	0.553892215569	0.590818363273	0.50998003992	0.507984031936	0.708582834331	0.670658682635	0.661676646707	0.669660678643	0.582834331337	0.650698602794	0.595808383234	0.667664670659	0.601796407186	0.530938123752	0.60379241517	0.617764471058	0.677644710579	0.661676646707	0.685628742515	0.673652694611	0.940119760479	0.940119760479	0.893213572854	0.735528942116	0.940119760479	0.908183632735	0.760479041916	0.908183632735	0.890219560878	0.916167664671	0.753493013972	0.89620758483	0.964071856287	0.940119760479	0.717564870259	0.716566866267	0.690618762475	0.570858283433	0.584830339321	0.540918163673	0.554890219561	0.505988023952	0.479041916168	0.751497005988	0.710578842315	0.669660678643	0.672654690619	0.717564870259
CD8	0.414171656687	0.459081836327	0.687624750499	0.570858283433	0.798403193613	0.748502994012	0.448103792415	0.0	0.320359281437	0.437125748503	0.753493013972	0.774451097804	0.600798403194	0.626746506986	0.432135728543	0.397205588822	0.925149700599	0.907185628743	0.925149700599	0.924151696607	0.751497005988	0.765469061876	0.963073852295	0.947105788423	0.825349301397	0.879241516966	0.865269461078	0.84630738523	0.809381237525	0.865269461078	0.857285429142	0.868263473054	0.569860279441	0.546906187625	0.555888223553	0.487025948104	0.61876247505	0.563872255489	0.59381237525	0.549900199601	0.617764471058	0.561876247505	0.594810379242	0.537924151697	0.565868263473	0.5249500998	0.545908183633	0.738522954092	0.736526946108	0.73253493014	0.736526946108	0.658682634731	0.728542914172	0.640718562874	0.710578842315	0.63872255489	0.565868263473	0.662674650699	0.659680638723	0.739520958084	0.731536926148	0.739520958084	0.743512974052	0.905189620758	0.909181636727	0.864271457086	0.773453093812	0.914171656687	0.88622754491	0.794411177645	0.880239520958	0.858283433134	0.89121756487	0.802395209581	0.858283433134	0.931137724551	0.917165668663	0.791417165669	0.770459081836	0.778443113772	0.567864271457	0.583832335329	0.621756487026	0.62375249501	0.602794411178	0.556886227545	0.825349301397	0.784431137725	0.756487025948	0.766467065868	0.792415169661
CE7	0.412175648703	0.467065868263	0.699600798403	0.584830339321	0.806387225549	0.748502994012	0.440119760479	0.320359281437	0.0	0.439121756487	0.75249500998	0.780439121756	0.61377245509	0.645708582834	0.439121756487	0.407185628743	0.918163672655	0.909181636727	0.934131736527	0.937125748503	0.746506986028	0.761477045908	0.967065868263	0.947105788423	0.829341317365	0.882235528942	0.870259481038	0.841317365269	0.816367265469	0.874251497006	0.869261477046	0.869261477046	0.562874251497	0.547904191617	0.558882235529	0.482035928144	0.617764471058	0.564870259481	0.589820359281	0.550898203593	0.620758483034	0.559880239521	0.602794411178	0.535928143713	0.569860279441	0.5249500998	0.541916167665	0.7375249501	0.731536926148	0.729540918164	0.745508982036	0.657684630739	0.728542914172	0.634730538922	0.721556886228	0.649700598802	0.569860279441	0.667664670659	0.670658682635	0.741516966068	0.736526946108	0.746506986028	0.754491017964	0.90618762475	0.909181636727	0.844311377246	0.771457085828	0.916167664671	0.877245508982	0.794411177645	0.87624750499	0.858283433134	0.88123752495	0.799401197605	0.852295409182	0.928143712575	0.908183632735	0.77744510978	0.77245508982	0.773453093812	0.560878243513	0.579840319361	0.61377245509	0.61876247505	0.599800399202	0.556886227545	0.829341317365	0.774451097804	0.751497005988	0.75748502994	0.786427145709
CE8	0.417165668663	0.379241516966	0.684630738523	0.506986027944	0.703592814371	0.642714570858	0.319361277445	0.437125748503	0.439121756487	0.0	0.651696606786	0.675648702595	0.559880239521	0.63373253493	0.380239520958	0.403193612774	0.902195608782	0.885229540918	0.924151696607	0.926147704591	0.723552894212	0.730538922156	0.929141716567	0.910179640719	0.800399201597	0.84630738523	0.839321357285	0.808383233533	0.798403193613	0.864271457086	0.859281437126	0.849301397206	0.540918163673	0.543912175649	0.573852295409	0.531936127745	0.625748502994	0.574850299401	0.594810379242	0.551896207585	0.617764471058	0.561876247505	0.621756487026	0.552894211577	0.584830339321	0.507984031936	0.513972055888	0.699600798403	0.660678642715	0.664670658683	0.673652694611	0.588822355289	0.64870259481	0.589820359281	0.676646706587	0.596806387226	0.525948103792	0.592814371257	0.614770459082	0.662674650699	0.667664670659	0.674650698603	0.675648702595	0.930139720559	0.931137724551	0.890219560878	0.72754491018	0.928143712575	0.904191616766	0.75748502994	0.904191616766	0.880239520958	0.910179640719	0.756487025948	0.887225548902	0.959081836327	0.933133732535	0.725548902196	0.716566866267	0.690618762475	0.564870259481	0.581836327345	0.538922155689	0.551896207585	0.513972055888	0.478043912176	0.750499001996	0.717564870259	0.679640718563	0.675648702595	0.721556886228
CF7	0.664670658683	0.619760479042	0.678642714571	0.610778443114	0.499001996008	0.448103792415	0.650698602794	0.753493013972	0.75249500998	0.651696606786	0.0	0.468063872255	0.629740518962	0.642714570858	0.635728542914	0.660678642715	0.792415169661	0.780439121756	0.882235528942	0.862275449102	0.710578842315	0.654690618762	0.746506986028	0.725548902196	0.616766467066	0.668662674651	0.7375249501	0.694610778443	0.760479041916	0.808383233533	0.794411177645	0.77245508982	0.780439121756	0.797405189621	0.810379241517	0.816367265469	0.802395209581	0.816367265469	0.815369261477	0.810379241517	0.808383233533	0.809381237525	0.823353293413	0.823353293413	0.814371257485	0.779441117764	0.77245508982	0.728542914172	0.689620758483	0.681636726547	0.693612774451	0.662674650699	0.662674650699	0.678642714571	0.666666666667	0.664670658683	0.675648702595	0.658682634731	0.677644710579	0.685628742515	0.677644710579	0.691616766467	0.713572854291	0.929141716567	0.917165668663	0.885229540918	0.713572854291	0.915169660679	0.913173652695	0.728542914172	0.907185628743	0.865269461078	0.912175648703	0.736526946108	0.882235528942	0.955089820359	0.942115768463	0.698602794411	0.716566866267	0.720558882236	0.800399201597	0.787425149701	0.686626746507	0.689620758483	0.689620758483	0.683632734531	0.793413173653	0.713572854291	0.699600798403	0.712574850299	0.754491017964
CF8	0.684630738523	0.614770459082	0.658682634731	0.622754491018	0.459081836327	0.481037924152	0.658682634731	0.774451097804	0.780439121756	0.675648702595	0.468063872255	0.0	0.646706586826	0.656686626747	0.654690618762	0.656686626747	0.789421157685	0.779441117764	0.87624750499	0.860279441118	0.714570858283	0.663672654691	0.685628742515	0.661676646707	0.592814371257	0.605788423154	0.723552894212	0.679640718563	0.753493013972	0.810379241517	0.776447105788	0.758483033932	0.790419161677	0.813373253493	0.826347305389	0.829341317365	0.813373253493	0.829341317365	0.833333333333	0.825349301397	0.820359281437	0.820359281437	0.838323353293	0.838323353293	0.834331337325	0.796407185629	0.785429141717	0.720558882236	0.675648702595	0.647704590818	0.660678642715	0.671656686627	0.636726546906	0.690618762475	0.685628742515	0.673652694611	0.684630738523	0.660678642715	0.694610778443	0.656686626747	0.669660678643	0.693612774451	0.675648702595	0.929141716567	0.925149700599	0.898203592814	0.698602794411	0.930139720559	0.90618762475	0.715568862275	0.910179640719	0.847305389222	0.917165668663	0.724550898204	0.894211576846	0.962075848303	0.939121756487	0.697604790419	0.708582834331	0.715568862275	0.827345309381	0.807385229541	0.681636726547	0.689620758483	0.685628742515	0.677644710579	0.801397205589	0.706586826347	0.698602794411	0.703592814371	0.74251497006
CG7	0.572854291417	0.548902195609	0.531936127745	0.421157684631	0.670658682635	0.617764471058	0.553892215569	0.600798403194	0.61377245509	0.559880239521	0.629740518962	0.646706586826	0.0	0.481037924152	0.558882235529	0.575848303393	0.85628742515	0.838323353293	0.885229540918	0.857285429142	0.681636726547	0.660678642715	0.855289421158	0.832335329341	0.73253493014	0.787425149701	0.802395209581	0.748502994012	0.716566866267	0.783433133733	0.826347305389	0.801397205589	0.659680638723	0.664670658683	0.629740518962	0.677644710579	0.622754491018	0.677644710579	0.693612774451	0.681636726547	0.675648702595	0.674650698603	0.631736526946	0.696606786427	0.62375249501	0.650698602794	0.657684630739	0.702594810379	0.684630738523	0.703592814371	0.718562874251	0.644710578842	0.698602794411	0.632734530938	0.693612774451	0.631736526946	0.572854291417	0.644710578842	0.642714570858	0.711576846307	0.723552894212	0.704590818363	0.704590818363	0.890219560878	0.878243512974	0.889221556886	0.717564870259	0.877245508982	0.89121756487	0.735528942116	0.895209580838	0.863273453094	0.89121756487	0.744510978044	0.87624750499	0.915169660679	0.895209580838	0.768463073852	0.751497005988	0.770459081836	0.652694610778	0.639720558882	0.611776447106	0.627744510978	0.599800399202	0.590818363273	0.805389221557	0.771457085828	0.741516966068	0.751497005988	0.790419161677
CG8	0.624750499002	0.600798403194	0.428143712575	0.502994011976	0.678642714571	0.644710578842	0.626746506986	0.626746506986	0.645708582834	0.63373253493	0.642714570858	0.656686626747	0.481037924152	0.0	0.621756487026	0.629740518962	0.845309381238	0.830339321357	0.873253493014	0.845309381238	0.711576846307	0.698602794411	0.815369261477	0.795409181637	0.694610778443	0.74750499002	0.789421157685	0.755489021956	0.717564870259	0.773453093812	0.808383233533	0.782435129741	0.712574850299	0.702594810379	0.650698602794	0.702594810379	0.660678642715	0.699600798403	0.715568862275	0.709580838323	0.710578842315	0.705588822355	0.644710578842	0.709580838323	0.647704590818	0.705588822355	0.714570858283	0.74251497006	0.726546906188	0.743512974052	0.76746506986	0.683632734531	0.746506986028	0.669660678643	0.7375249501	0.668662674651	0.614770459082	0.687624750499	0.684630738523	0.765469061876	0.770459081836	0.744510978044	0.7624750499	0.879241516966	0.814371257485	0.883233532934	0.734530938124	0.813373253493	0.872255489022	0.741516966068	0.884231536926	0.841317365269	0.880239520958	0.736526946108	0.865269461078	0.849301397206	0.884231536926	0.813373253493	0.795409181637	0.831337325349	0.674650698603	0.663672654691	0.685628742515	0.685628742515	0.683632734531	0.676646706587	0.87125748503	0.824351297405	0.802395209581	0.819361277445	0.853293413174
CH7	0.367265469062	0.337325349301	0.672654690619	0.492015968064	0.676646706587	0.612774451098	0.377245508982	0.432135728543	0.439121756487	0.380239520958	0.635728542914	0.654690618762	0.558882235529	0.621756487026	0.0	0.355289421158	0.88123752495	0.865269461078	0.912175648703	0.915169660679	0.710578842315	0.713572854291	0.911177644711	0.89121756487	0.771457085828	0.831337325349	0.825349301397	0.788423153693	0.783433133733	0.854291417166	0.85129740519	0.839321357285	0.531936127745	0.540918163673	0.565868263473	0.497005988024	0.614770459082	0.573852295409	0.588822355289	0.545908183633	0.610778443114	0.551896207585	0.620758483034	0.544910179641	0.582834331337	0.496007984032	0.50499001996	0.729540918164	0.688622754491	0.692614770459	0.699600798403	0.611776447106	0.684630738523	0.614770459082	0.677644710579	0.605788423154	0.537924151697	0.626746506986	0.647704590818	0.701596806387	0.690618762475	0.710578842315	0.715568862275	0.920159680639	0.926147704591	0.885229540918	0.716566866267	0.921157684631	0.90119760479	0.744510978044	0.907185628743	0.873253493014	0.912175648703	0.74251497006	0.88622754491	0.953093812375	0.932135728543	0.714570858283	0.721556886228	0.729540918164	0.59880239521	0.614770459082	0.581836327345	0.589820359281	0.549900199601	0.510978043912	0.786427145709	0.710578842315	0.692614770459	0.714570858283	0.749500998004
CH8	0.295409181637	0.367265469062	0.677644710579	0.507984031936	0.709580838323	0.636726546906	0.403193612774	0.397205588822	0.407185628743	0.403193612774	0.660678642715	0.656686626747	0.575848303393	0.629740518962	0.355289421158	0.0	0.911177644711	0.905189620758	0.925149700599	0.919161676647	0.72754491018	0.741516966068	0.939121756487	0.927145708583	0.806387225549	0.862275449102	0.858283433134	0.816367265469	0.814371257485	0.860279441118	0.864271457086	0.859281437126	0.531936127745	0.540918163673	0.566866267465	0.488023952096	0.612774451098	0.574850299401	0.59381237525	0.548902195609	0.614770459082	0.558882235529	0.61377245509	0.545908183633	0.584830339321	0.503992015968	0.511976047904	0.736526946108	0.703592814371	0.656686626747	0.672654690619	0.609780439122	0.655688622754	0.637724550898	0.691616766467	0.622754491018	0.545908183633	0.61377245509	0.64371257485	0.667664670659	0.676646706587	0.711576846307	0.669660678643	0.931137724551	0.936127744511	0.893213572854	0.699600798403	0.934131736527	0.907185628743	0.718562874251	0.910179640719	0.890219560878	0.920159680639	0.725548902196	0.890219560878	0.960079840319	0.936127744511	0.697604790419	0.729540918164	0.697604790419	0.602794411178	0.609780439122	0.553892215569	0.575848303393	0.531936127745	0.493013972056	0.779441117764	0.703592814371	0.680638722555	0.682634730539	0.716566866267
CA1	0.915169660679	0.867265469062	0.841317365269	0.857285429142	0.806387225549	0.799401197605	0.88123752495	0.925149700599	0.918163672655	0.902195608782	0.792415169661	0.789421157685	0.85628742515	0.845309381238	0.88123752495	0.911177644711	0.0	0.341317365269	0.508982035928	0.486027944112	0.838323353293	0.733532934132	0.763473053892	0.72255489022	0.696606786427	0.7375249501	0.439121756487	0.520958083832	0.457085828343	0.466067864271	0.482035928144	0.428143712575	0.965069860279	0.958083832335	0.961077844311	0.959081836327	0.961077844311	0.959081836327	0.964071856287	0.963073852295	0.961077844311	0.959081836327	0.961077844311	0.961077844311	0.958083832335	0.960079840319	0.963073852295	0.924151696607	0.931137724551	0.921157684631	0.932135728543	0.926147704591	0.925149700599	0.918163672655	0.90618762475	0.910179640719	0.920159680639	0.930139720559	0.931137724551	0.933133732535	0.931137724551	0.927145708583	0.927145708583	0.949101796407	0.939121756487	0.936127744511	0.936127744511	0.940119760479	0.941117764471	0.941117764471	0.931137724551	0.921157684631	0.927145708583	0.941117764471	0.939121756487	0.97005988024	0.952095808383	0.925149700599	0.923153692615	0.936127744511	0.945109780439	0.936127744511	0.929141716567	0.924151696607	0.930139720559	0.931137724551	0.949101796407	0.921157684631	0.920159680639	0.931137724551	0.933133732535
CA2	0.908183632735	0.852295409182	0.823353293413	0.844311377246	0.778443113772	0.788423153693	0.870259481038	0.907185628743	0.909181636727	0.885229540918	0.780439121756	0.779441117764	0.838323353293	0.830339321357	0.865269461078	0.905189620758	0.341317365269	0.0	0.51497005988	0.496007984032	0.847305389222	0.717564870259	0.750499001996	0.716566866267	0.698602794411	0.724550898204	0.421157684631	0.505988023952	0.447105788423	0.458083832335	0.463073852295	0.412175648703	0.949101796407	0.945109780439	0.945109780439	0.946107784431	0.947105788423	0.945109780439	0.946107784431	0.948103792415	0.946107784431	0.947105788423	0.949101796407	0.949101796407	0.945109780439	0.943113772455	0.948103792415	0.921157684631	0.921157684631	0.925149700599	0.917165668663	0.916167664671	0.911177644711	0.909181636727	0.905189620758	0.900199600798	0.912175648703	0.919161676647	0.924151696607	0.923153692615	0.923153692615	0.920159680639	0.921157684631	0.939121756487	0.939121756487	0.932135728543	0.923153692615	0.936127744511	0.928143712575	0.921157684631	0.919161676647	0.90618762475	0.922155688623	0.925149700599	0.936127744511	0.965069860279	0.943113772455	0.909181636727	0.918163672655	0.925149700599	0.941117764471	0.928143712575	0.920159680639	0.914171656687	0.917165668663	0.918163672655	0.943113772455	0.911177644711	0.918163672655	0.919161676647	0.921157684631
CB1	0.911177644711	0.908183632735	0.872255489022	0.890219560878	0.884231536926	0.882235528942	0.921157684631	0.925149700599	0.934131736527	0.924151696607	0.882235528942	0.87624750499	0.885229540918	0.873253493014	0.912175648703	0.925149700599	0.508982035928	0.51497005988	0.0	0.283433133733	0.893213572854	0.783433133733	0.833333333333	0.829341317365	0.792415169661	0.831337325349	0.522954091816	0.588822355289	0.496007984032	0.437125748503	0.433133732535	0.473053892216	0.966067864271	0.959081836327	0.950099800399	0.953093812375	0.952095808383	0.957085828343	0.967065868263	0.961077844311	0.966067864271	0.964071856287	0.952095808383	0.959081836327	0.948103792415	0.963073852295	0.966067864271	0.928143712575	0.927145708583	0.920159680639	0.925149700599	0.923153692615	0.923153692615	0.933133732535	0.930139720559	0.932135728543	0.926147704591	0.923153692615	0.919161676647	0.924151696607	0.924151696607	0.927145708583	0.923153692615	0.937125748503	0.935129740519	0.950099800399	0.938123752495	0.937125748503	0.949101796407	0.936127744511	0.948103792415	0.923153692615	0.950099800399	0.941117764471	0.954091816367	0.962075848303	0.943113772455	0.968063872255	0.932135728543	0.97005988024	0.929141716567	0.928143712575	0.949101796407	0.952095808383	0.951097804391	0.947105788423	0.969061876248	0.965069860279	0.962075848303	0.967065868263	0.964071856287
CB2	0.911177644711	0.902195608782	0.837325349301	0.854291417166	0.864271457086	0.859281437126	0.914171656687	0.924151696607	0.937125748503	0.926147704591	0.862275449102	0.860279441118	0.857285429142	0.845309381238	0.915169660679	0.919161676647	0.486027944112	0.496007984032	0.283433133733	0.0	0.87624750499	0.750499001996	0.819361277445	0.796407185629	0.760479041916	0.800399201597	0.49500998004	0.568862275449	0.462075848303	0.388223552894	0.419161676647	0.446107784431	0.972055888224	0.962075848303	0.935129740519	0.959081836327	0.935129740519	0.960079840319	0.968063872255	0.968063872255	0.969061876248	0.968063872255	0.936127744511	0.962075848303	0.935129740519	0.967065868263	0.971057884232	0.914171656687	0.919161676647	0.911177644711	0.924151696607	0.925149700599	0.917165668663	0.933133732535	0.929141716567	0.930139720559	0.917165668663	0.922155688623	0.923153692615	0.920159680639	0.925149700599	0.913173652695	0.918163672655	0.924151696607	0.923153692615	0.944111776447	0.924151696607	0.923153692615	0.933133732535	0.922155688623	0.933133732535	0.909181636727	0.932135728543	0.924151696607	0.943113772455	0.956087824351	0.933133732535	0.963073852295	0.928143712575	0.965069860279	0.930139720559	0.928143712575	0.947105788423	0.954091816367	0.948103792415	0.942115768463	0.964071856287	0.962075848303	0.961077844311	0.963073852295	0.965069860279
CC1	0.7375249501	0.724550898204	0.766467065868	0.666666666667	0.741516966068	0.708582834331	0.72255489022	0.751497005988	0.746506986028	0.723552894212	0.710578842315	0.714570858283	0.681636726547	0.711576846307	0.710578842315	0.72754491018	0.838323353293	0.847305389222	0.893213572854	0.87624750499	0.0	0.4750499002	0.905189620758	0.894211576846	0.786427145709	0.826347305389	0.801397205589	0.738522954092	0.759481037924	0.809381237525	0.815369261477	0.818363273453	0.778443113772	0.787425149701	0.756487025948	0.800399201597	0.744510978044	0.799401197605	0.818363273453	0.806387225549	0.802395209581	0.794411177645	0.77245508982	0.820359281437	0.756487025948	0.774451097804	0.775449101796	0.668662674651	0.683632734531	0.698602794411	0.721556886228	0.712574850299	0.690618762475	0.690618762475	0.665668662675	0.682634730539	0.713572854291	0.715568862275	0.706586826347	0.728542914172	0.720558882236	0.686626746507	0.72754491018	0.840319361277	0.820359281437	0.76746506986	0.655688622754	0.823353293413	0.815369261477	0.685628742515	0.812375249501	0.760479041916	0.812375249501	0.668662674651	0.749500998004	0.85129740519	0.853293413174	0.673652694611	0.714570858283	0.744510978044	0.782435129741	0.761477045908	0.734530938124	0.702594810379	0.739520958084	0.728542914172	0.815369261477	0.680638722555	0.709580838323	0.741516966068	0.751497005988
CC2	0.735528942116	0.707584830339	0.73253493014	0.657684630739	0.678642714571	0.650698602794	0.724550898204	0.765469061876	0.761477045908	0.730538922156	0.654690618762	0.663672654691	0.660678642715	0.698602794411	0.713572854291	0.741516966068	0.733532934132	0.717564870259	0.783433133733	0.750499001996	0.4750499002	0.0	0.802395209581	0.769461077844	0.659680638723	0.716566866267	0.636726546906	0.556886227545	0.666666666667	0.698602794411	0.691616766467	0.674650698603	0.794411177645	0.807385229541	0.788423153693	0.818363273453	0.77744510978	0.817365269461	0.833333333333	0.822355289421	0.818363273453	0.818363273453	0.794411177645	0.837325349301	0.793413173653	0.791417165669	0.792415169661	0.681636726547	0.704590818363	0.707584830339	0.72255489022	0.731536926148	0.706586826347	0.715568862275	0.705588822355	0.714570858283	0.726546906188	0.726546906188	0.734530938124	0.719560878244	0.725548902196	0.697604790419	0.729540918164	0.85628742515	0.832335329341	0.816367265469	0.692614770459	0.835329341317	0.827345309381	0.709580838323	0.816367265469	0.7624750499	0.830339321357	0.713572854291	0.799401197605	0.878243512974	0.868263473054	0.692614770459	0.714570858283	0.750499001996	0.807385229541	0.786427145709	0.744510978044	0.7375249501	0.755489021956	0.748502994012	0.821357285429	0.719560878244	0.741516966068	0.743512974052	0.763473053892
CD1	0.937125748503	0.895209580838	0.778443113772	0.865269461078	0.655688622754	0.773453093812	0.917165668663	0.963073852295	0.967065868263	0.929141716567	0.746506986028	0.685628742515	0.855289421158	0.815369261477	0.911177644711	0.939121756487	0.763473053892	0.750499001996	0.833333333333	0.819361277445	0.905189620758	0.802395209581	0.0	0.423153692615	0.568862275449	0.513972055888	0.729540918164	0.731536926148	0.801397205589	0.812375249501	0.815369261477	0.774451097804	0.991017964072	0.989021956088	0.99001996008	0.991017964072	0.989021956088	0.987025948104	0.991017964072	0.988023952096	0.991017964072	0.989021956088	0.99001996008	0.989021956088	0.988023952096	0.989021956088	0.99001996008	0.949101796407	0.950099800399	0.949101796407	0.953093812375	0.943113772455	0.943113772455	0.949101796407	0.946107784431	0.943113772455	0.950099800399	0.947105788423	0.946107784431	0.951097804391	0.945109780439	0.952095808383	0.948103792415	0.971057884232	0.960079840319	0.982035928144	0.979041916168	0.962075848303	0.987025948104	0.973053892216	0.984031936128	0.949101796407	0.98502994012	0.977045908184	0.981037924152	0.989021956088	0.979041916168	0.986027944112	0.954091816367	0.986027944112	0.960079840319	0.963073852295	0.982035928144	0.981037924152	0.983033932136	0.978043912176	0.989021956088	0.98502994012	0.986027944112	0.987025948104	0.987025948104
CD2	0.921157684631	0.877245508982	0.766467065868	0.842315369261	0.645708582834	0.745508982036	0.898203592814	0.947105788423	0.947105788423	0.910179640719	0.725548902196	0.661676646707	0.832335329341	0.795409181637	0.89121756487	0.927145708583	0.72255489022	0.716566866267	0.829341317365	0.796407185629	0.894211576846	0.769461077844	0.423153692615	0.0	0.542914171657	0.472055888224	0.709580838323	0.691616766467	0.770459081836	0.77744510978	0.790419161677	0.74750499002	0.974051896208	0.974051896208	0.9750499002	0.974051896208	0.9750499002	0.973053892216	0.9750499002	0.974051896208	0.9750499002	0.9750499002	0.974051896208	0.9750499002	0.974051896208	0.974051896208	0.9750499002	0.933133732535	0.930139720559	0.932135728543	0.934131736527	0.933133732535	0.927145708583	0.930139720559	0.926147704591	0.924151696607	0.928143712575	0.931137724551	0.928143712575	0.931137724551	0.932135728543	0.929141716567	0.933133732535	0.963073852295	0.956087824351	0.968063872255	0.958083832335	0.958083832335	0.971057884232	0.955089820359	0.966067864271	0.930139720559	0.969061876248	0.960079840319	0.97005988024	0.987025948104	0.974051896208	0.966067864271	0.932135728543	0.965069860279	0.942115768463	0.944111776447	0.960079840319	0.965069860279	0.960079840319	0.958083832335	0.968063872255	0.968063872255	0.966067864271	0.967065868263	0.964071856287
CE1	0.808383233533	0.766467065868	0.667664670659	0.741516966068	0.60878243513	0.640718562874	0.789421157685	0.825349301397	0.829341317365	0.800399201597	0.616766467066	0.592814371257	0.73253493014	0.694610778443	0.771457085828	0.806387225549	0.696606786427	0.698602794411	0.792415169661	0.760479041916	0.786427145709	0.659680638723	0.568862275449	0.542914171657	0.0	0.448103792415	0.667664670659	0.641716566866	0.664670658683	0.712574850299	0.688622754491	0.689620758483	0.878243512974	0.874251497006	0.875249500998	0.87624750499	0.877245508982	0.87624750499	0.878243512974	0.87624750499	0.878243512974	0.878243512974	0.877245508982	0.87624750499	0.877245508982	0.875249500998	0.878243512974	0.773453093812	0.773453093812	0.771457085828	0.793413173653	0.750499001996	0.761477045908	0.773453093812	0.744510978044	0.765469061876	0.781437125749	0.758483033932	0.748502994012	0.785429141717	0.787425149701	0.775449101796	0.800399201597	0.940119760479	0.929141716567	0.905189620758	0.85628742515	0.934131736527	0.937125748503	0.887225548902	0.939121756487	0.827345309381	0.943113772455	0.88123752495	0.90119760479	0.966067864271	0.961077844311	0.864271457086	0.792415169661	0.884231536926	0.823353293413	0.819361277445	0.844311377246	0.838323353293	0.836327345309	0.835329341317	0.926147704591	0.870259481038	0.853293413174	0.87624750499	0.904191616766
CE2	0.859281437126	0.817365269461	0.708582834331	0.793413173653	0.605788423154	0.695608782435	0.838323353293	0.879241516966	0.882235528942	0.84630738523	0.668662674651	0.605788423154	0.787425149701	0.74750499002	0.831337325349	0.862275449102	0.7375249501	0.724550898204	0.831337325349	0.800399201597	0.826347305389	0.716566866267	0.513972055888	0.472055888224	0.448103792415	0.0	0.688622754491	0.674650698603	0.724550898204	0.75748502994	0.74750499002	0.714570858283	0.925149700599	0.921157684631	0.927145708583	0.926147704591	0.927145708583	0.925149700599	0.923153692615	0.925149700599	0.927145708583	0.926147704591	0.928143712575	0.925149700599	0.925149700599	0.926147704591	0.926147704591	0.844311377246	0.847305389222	0.844311377246	0.84630738523	0.84630738523	0.841317365269	0.845309381238	0.833333333333	0.830339321357	0.843313373253	0.839321357285	0.84630738523	0.844311377246	0.841317365269	0.842315369261	0.85129740519	0.945109780439	0.938123752495	0.911177644711	0.89121756487	0.942115768463	0.950099800399	0.893213572854	0.951097804391	0.867265469062	0.955089820359	0.897205588822	0.907185628743	0.97005988024	0.966067864271	0.902195608782	0.845309381238	0.899201596806	0.875249500998	0.879241516966	0.900199600798	0.902195608782	0.893213572854	0.888223552894	0.938123752495	0.898203592814	0.903193612774	0.903193612774	0.917165668663
CF1	0.849301397206	0.815369261477	0.795409181637	0.798403193613	0.731536926148	0.734530938124	0.830339321357	0.865269461078	0.870259481038	0.839321357285	0.7375249501	0.723552894212	0.802395209581	0.789421157685	0.825349301397	0.858283433134	0.439121756487	0.421157684631	0.522954091816	0.49500998004	0.801397205589	0.636726546906	0.729540918164	0.709580838323	0.667664670659	0.688622754491	0.0	0.329341317365	0.476047904192	0.47005988024	0.429141716567	0.403193612774	0.916167664671	0.911177644711	0.911177644711	0.907185628743	0.911177644711	0.908183632735	0.917165668663	0.913173652695	0.912175648703	0.911177644711	0.913173652695	0.915169660679	0.908183632735	0.910179640719	0.914171656687	0.828343313373	0.823353293413	0.829341317365	0.829341317365	0.831337325349	0.822355289421	0.824351297405	0.807385229541	0.818363273453	0.836327345309	0.828343313373	0.833333333333	0.830339321357	0.826347305389	0.820359281437	0.831337325349	0.929141716567	0.918163672655	0.926147704591	0.875249500998	0.919161676647	0.913173652695	0.87624750499	0.90119760479	0.848303393214	0.904191616766	0.882235528942	0.926147704591	0.961077844311	0.931137724551	0.873253493014	0.826347305389	0.88622754491	0.913173652695	0.904191616766	0.883233532934	0.87125748503	0.880239520958	0.884231536926	0.905189620758	0.873253493014	0.872255489022	0.884231536926	0.882235528942
CF2	0.810379241517	0.778443113772	0.758483033932	0.746506986028	0.704590818363	0.699600798403	0.794411177645	0.84630738523	0.841317365269	0.808383233533	0.694610778443	0.679640718563	0.748502994012	0.755489021956	0.788423153693	0.816367265469	0.520958083832	0.505988023952	0.588822355289	0.568862275449	0.738522954092	0.556886227545	0.731536926148	0.691616766467	0.641716566866	0.674650698603	0.329341317365	0.0	0.537924151697	0.531936127745	0.5	0.465069860279	0.890219560878	0.880239520958	0.884231536926	0.889221556886	0.879241516966	0.89121756487	0.899201596806	0.895209580838	0.888223552894	0.890219560878	0.89620758483	0.900199600798	0.89121756487	0.885229540918	0.890219560878	0.791417165669	0.792415169661	0.788423153693	0.787425149701	0.787425149701	0.780439121756	0.793413173653	0.77744510978	0.789421157685	0.799401197605	0.795409181637	0.802395209581	0.791417165669	0.790419161677	0.785429141717	0.798403193613	0.913173652695	0.89620758483	0.904191616766	0.832335329341	0.898203592814	0.894211576846	0.837325349301	0.880239520958	0.820359281437	0.883233532934	0.841317365269	0.90618762475	0.944111776447	0.914171656687	0.833333333333	0.784431137725	0.845309381238	0.890219560878	0.878243512974	0.840319361277	0.837325349301	0.838323353293	0.844311377246	0.870259481038	0.833333333333	0.834331337325	0.845309381238	0.840319361277
CG1	0.828343313373	0.774451097804	0.73253493014	0.721556886228	0.7624750499	0.748502994012	0.796407185629	0.809381237525	0.816367265469	0.798403193613	0.760479041916	0.753493013972	0.716566866267	0.717564870259	0.783433133733	0.814371257485	0.457085828343	0.447105788423	0.496007984032	0.462075848303	0.759481037924	0.666666666667	0.801397205589	0.770459081836	0.664670658683	0.724550898204	0.476047904192	0.537924151697	0.0	0.369261477046	0.452095808383	0.422155688623	0.890219560878	0.877245508982	0.826347305389	0.875249500998	0.827345309381	0.879241516966	0.884231536926	0.883233532934	0.883233532934	0.88622754491	0.828343313373	0.879241516966	0.830339321357	0.882235528942	0.88622754491	0.808383233533	0.797405189621	0.820359281437	0.835329341317	0.829341317365	0.821357285429	0.837325349301	0.833333333333	0.832335329341	0.821357285429	0.825349301397	0.826347305389	0.833333333333	0.831337325349	0.805389221557	0.832335329341	0.897205588822	0.904191616766	0.882235528942	0.809381237525	0.899201596806	0.893213572854	0.835329341317	0.90119760479	0.882235528942	0.890219560878	0.836327345309	0.870259481038	0.915169660679	0.898203592814	0.859281437126	0.853293413174	0.869261477046	0.841317365269	0.830339321357	0.837325349301	0.843313373253	0.842315369261	0.839321357285	0.895209580838	0.853293413174	0.847305389222	0.852295409182	0.887225548902
