	CA7	CA8	CB7	CB8	CC7	CC8	CD7	CD8	CE7	CE8	CF7	CF8	CG7	CG8	CH7	CH8	CA1	CA2	CB1	CB2	CC1	CC2	CD1	CD2	CE1	CE2	CF1	CF2	CG1	CG2	CH1	CH2	CA5	CA6	CB5	CB6	CC5	CC6	CD6	CE5	CE6	CF5	CF6	CG5	CG6	CH5	CH6	CA11	CA12	CB11	CB12	CC11	CC12	CD11	CD12	CE11	CE12	CF11	CF12	CG11	CG12	CH11	CH12	CA3	CA4	CB3	CB4	CC4	CD3	CD4	CE4	CF3	CF4	CG3	CG4	CH3	CH4	CA9	CA10	CB9	CC9	CC10	CD9	CD10	CE9	CE10	CF9	CG9	CG10	CH9	CH10
CA7	0.0	0.365269461078	0.655688622754	0.525948103792	0.701596806387	0.642714570858	0.413173652695	0.407185628743	0.398203592814	0.416167664671	0.665668662675	0.671656686627	0.575848303393	0.63373253493	0.369261477046	0.292415169661	0.921157684631	0.90119760479	0.921157684631	0.902195608782	0.73253493014	0.744510978044	0.937125748503	0.926147704591	0.800399201597	0.865269461078	0.835329341317	0.833333333333	0.821357285429	0.842315369261	0.85628742515	0.868263473054	0.5249500998	0.51497005988	0.552894211577	0.493013972056	0.571856287425	0.572854291417	0.591816367265	0.539920159681	0.621756487026	0.558882235529	0.601796407186	0.512974051896	0.520958083832	0.505988023952	0.542914171657	0.710578842315	0.707584830339	0.671656686627	0.687624750499	0.604790419162	0.657684630739	0.62874251497	0.704590818363	0.620758483034	0.558882235529	0.616766467066	0.63872255489	0.695608782435	0.670658682635	0.73253493014	0.687624750499	0.915169660679	0.924151696607	0.89121756487	0.724550898204	0.919161676647	0.89620758483	0.741516966068	0.902195608782	0.858283433134	0.897205588822	0.749500998004	0.885229540918	0.949101796407	0.908183632735	0.73253493014	0.724550898204	0.702594810379	0.607784431138	0.611776447106	0.587824351297	0.588822355289	0.555888223553	0.534930139721	0.783433133733	0.735528942116	0.708582834331	0.715568862275	0.754491017964
CA8	0.365269461078	0.0	0.642714570858	0.518962075848	0.630738522954	0.597804391218	0.38622754491	0.449101796407	0.437125748503	0.385229540918	0.609780439122	0.612774451098	0.556886227545	0.619760479042	0.304391217565	0.338323353293	0.86626746507	0.836327345309	0.919161676647	0.904191616766	0.723552894212	0.724550898204	0.88123752495	0.86626746507	0.7375249501	0.792415169661	0.778443113772	0.779441117764	0.788423153693	0.820359281437	0.828343313373	0.841317365269	0.528942115768	0.525948103792	0.574850299401	0.512974051896	0.599800399202	0.588822355289	0.595808383234	0.541916167665	0.626746506986	0.566866267465	0.62375249501	0.52994011976	0.546906187625	0.518962075848	0.543912175649	0.720558882236	0.703592814371	0.666666666667	0.677644710579	0.62375249501	0.649700598802	0.61876247505	0.687624750499	0.604790419162	0.553892215569	0.619760479042	0.659680638723	0.692614770459	0.676646706587	0.734530938124	0.677644710579	0.933133732535	0.939121756487	0.89620758483	0.720558882236	0.940119760479	0.902195608782	0.734530938124	0.905189620758	0.870259481038	0.897205588822	0.741516966068	0.884231536926	0.967065868263	0.923153692615	0.693612774451	0.726546906188	0.685628742515	0.637724550898	0.625748502994	0.561876247505	0.550898203593	0.526946107784	0.5	0.781437125749	0.711576846307	0.664670658683	0.695608782435	0.728542914172
CB7	0.655688622754	0.642714570858	0.0	0.541916167665	0.677644710579	0.666666666667	0.650698602794	0.686626746507	0.671656686627	0.661676646707	0.663672654691	0.649700598802	0.51996007984	0.421157684631	0.657684630739	0.665668662675	0.841317365269	0.819361277445	0.885229540918	0.842315369261	0.749500998004	0.738522954092	0.811377245509	0.789421157685	0.670658682635	0.714570858283	0.771457085828	0.75249500998	0.7375249501	0.771457085828	0.799401197605	0.803393213573	0.750499001996	0.739520958084	0.688622754491	0.7375249501	0.685628742515	0.7375249501	0.743512974052	0.74750499002	0.745508982036	0.744510978044	0.664670658683	0.72754491018	0.694610778443	0.740518962076	0.745508982036	0.745508982036	0.721556886228	0.766467065868	0.770459081836	0.703592814371	0.740518962076	0.691616766467	0.756487025948	0.684630738523	0.657684630739	0.712574850299	0.699600798403	0.784431137725	0.77245508982	0.768463073852	0.765469061876	0.87624750499	0.809381237525	0.882235528942	0.760479041916	0.798403193613	0.865269461078	0.7624750499	0.89121756487	0.811377245509	0.87624750499	0.778443113772	0.863273453094	0.834331337325	0.885229540918	0.84630738523	0.788423153693	0.833333333333	0.707584830339	0.689620758483	0.713572854291	0.714570858283	0.716566866267	0.710578842315	0.895209580838	0.862275449102	0.826347305389	0.841317365269	0.884231536926
CB8	0.525948103792	0.518962075848	0.541916167665	0.0	0.621756487026	0.609780439122	0.525948103792	0.604790419162	0.590818363273	0.531936127745	0.629740518962	0.61876247505	0.460079840319	0.497005988024	0.516966067864	0.535928143713	0.87125748503	0.841317365269	0.893213572854	0.853293413174	0.682634730539	0.687624750499	0.854291417166	0.845309381238	0.726546906188	0.774451097804	0.77744510978	0.776447105788	0.736526946108	0.773453093812	0.827345309381	0.824351297405	0.63872255489	0.625748502994	0.622754491018	0.663672654691	0.611776447106	0.666666666667	0.657684630739	0.669660678643	0.676646706587	0.656686626747	0.609780439122	0.650698602794	0.60878243513	0.63872255489	0.646706586826	0.690618762475	0.667664670659	0.692614770459	0.695608782435	0.622754491018	0.681636726547	0.619760479042	0.690618762475	0.617764471058	0.558882235529	0.636726546906	0.634730538922	0.708582834331	0.703592814371	0.716566866267	0.689620758483	0.89620758483	0.899201596806	0.885229540918	0.716566866267	0.890219560878	0.867265469062	0.733532934132	0.899201596806	0.841317365269	0.880239520958	0.738522954092	0.860279441118	0.917165668663	0.895209580838	0.753493013972	0.725548902196	0.738522954092	0.637724550898	0.622754491018	0.607784431138	0.588822355289	0.586826347305	0.573852295409	0.809381237525	0.758483033932	0.72255489022	0.765469061876	0.792415169661
CC7	0.701596806387	0.630738522954	0.677644710579	0.621756487026	0.0	0.513972055888	0.672654690619	0.786427145709	0.764471057884	0.682634730539	0.501996007984	0.429141716567	0.640718562874	0.674650698603	0.661676646707	0.694610778443	0.819361277445	0.773453093812	0.89620758483	0.863273453094	0.72255489022	0.713572854291	0.683632734531	0.655688622754	0.591816367265	0.586826347305	0.696606786427	0.702594810379	0.758483033932	0.797405189621	0.793413173653	0.785429141717	0.810379241517	0.814371257485	0.844311377246	0.844311377246	0.838323353293	0.847305389222	0.831337325349	0.837325349301	0.844311377246	0.830339321357	0.835329341317	0.837325349301	0.825349301397	0.822355289421	0.820359281437	0.723552894212	0.704590818363	0.690618762475	0.690618762475	0.687624750499	0.681636726547	0.710578842315	0.706586826347	0.693612774451	0.700598802395	0.689620758483	0.712574850299	0.703592814371	0.685628742515	0.723552894212	0.683632734531	0.943113772455	0.936127744511	0.914171656687	0.750499001996	0.932135728543	0.921157684631	0.768463073852	0.924151696607	0.855289421158	0.919161676647	0.770459081836	0.900199600798	0.969061876248	0.937125748503	0.736526946108	0.714570858283	0.734530938124	0.844311377246	0.821357285429	0.724550898204	0.728542914172	0.720558882236	0.723552894212	0.806387225549	0.744510978044	0.733532934132	0.749500998004	0.780439121756
CC8	0.642714570858	0.597804391218	0.666666666667	0.609780439122	0.513972055888	0.0	0.637724550898	0.741516966068	0.723552894212	0.645708582834	0.466067864271	0.464071856287	0.612774451098	0.659680638723	0.620758483034	0.655688622754	0.834331337325	0.794411177645	0.882235528942	0.854291417166	0.699600798403	0.677644710579	0.749500998004	0.745508982036	0.619760479042	0.669660678643	0.709580838323	0.720558882236	0.768463073852	0.795409181637	0.792415169661	0.783433133733	0.770459081836	0.766467065868	0.800399201597	0.794411177645	0.792415169661	0.799401197605	0.787425149701	0.795409181637	0.804391217565	0.791417165669	0.792415169661	0.791417165669	0.780439121756	0.778443113772	0.77245508982	0.710578842315	0.699600798403	0.679640718563	0.685628742515	0.655688622754	0.644710578842	0.675648702595	0.679640718563	0.663672654691	0.665668662675	0.646706586826	0.679640718563	0.683632734531	0.671656686627	0.734530938124	0.688622754491	0.928143712575	0.920159680639	0.889221556886	0.712574850299	0.911177644711	0.897205588822	0.726546906188	0.89620758483	0.844311377246	0.895209580838	0.73253493014	0.87624750499	0.952095808383	0.918163672655	0.700598802395	0.724550898204	0.695608782435	0.794411177645	0.769461077844	0.663672654691	0.678642714571	0.676646706587	0.665668662675	0.802395209581	0.710578842315	0.693612774451	0.714570858283	0.75748502994
CD7	0.413173652695	0.38622754491	0.650698602794	0.525948103792	0.672654690619	0.637724550898	0.0	0.460079840319	0.443113772455	0.338323353293	0.65369261477	0.664670658683	0.578842315369	0.639720558882	0.384231536926	0.419161676647	0.89620758483	0.873253493014	0.920159680639	0.909181636727	0.718562874251	0.730538922156	0.911177644711	0.897205588822	0.770459081836	0.827345309381	0.806387225549	0.805389221557	0.800399201597	0.831337325349	0.850299401198	0.849301397206	0.534930139721	0.523952095808	0.573852295409	0.553892215569	0.59381237525	0.583832335329	0.596806387226	0.554890219561	0.62874251497	0.566866267465	0.61876247505	0.541916167665	0.539920159681	0.52994011976	0.552894211577	0.664670658683	0.662674650699	0.646706586826	0.650698602794	0.575848303393	0.62375249501	0.577844311377	0.666666666667	0.574850299401	0.521956087824	0.600798403194	0.599800399202	0.676646706587	0.646706586826	0.686626746507	0.658682634731	0.938123752495	0.936127744511	0.895209580838	0.749500998004	0.938123752495	0.903193612774	0.764471057884	0.903193612774	0.86626746507	0.900199600798	0.768463073852	0.889221556886	0.959081836327	0.927145708583	0.730538922156	0.700598802395	0.651696606786	0.575848303393	0.569860279441	0.545908183633	0.535928143713	0.501996007984	0.488023952096	0.7375249501	0.725548902196	0.679640718563	0.671656686627	0.72754491018
CD8	0.407185628743	0.449101796407	0.686626746507	0.604790419162	0.786427145709	0.741516966068	0.460079840319	0.0	0.315369261477	0.447105788423	0.770459081836	0.776447105788	0.640718562874	0.662674650699	0.450099800399	0.404191616766	0.928143712575	0.916167664671	0.935129740519	0.923153692615	0.770459081836	0.795409181637	0.959081836327	0.951097804391	0.819361277445	0.880239520958	0.864271457086	0.845309381238	0.832335329341	0.857285429142	0.868263473054	0.879241516966	0.556886227545	0.537924151697	0.554890219561	0.496007984032	0.584830339321	0.566866267465	0.601796407186	0.541916167665	0.607784431138	0.563872255489	0.610778443114	0.51996007984	0.542914171657	0.520958083832	0.566866267465	0.741516966068	0.741516966068	0.743512974052	0.746506986028	0.668662674651	0.72255489022	0.65369261477	0.724550898204	0.644710578842	0.59880239521	0.686626746507	0.673652694611	0.768463073852	0.738522954092	0.7624750499	0.745508982036	0.923153692615	0.923153692615	0.878243512974	0.798403193613	0.924151696607	0.890219560878	0.818363273453	0.88123752495	0.853293413174	0.879241516966	0.825349301397	0.86626746507	0.940119760479	0.909181636727	0.795409181637	0.771457085828	0.750499001996	0.592814371257	0.582834331337	0.63373253493	0.622754491018	0.605788423154	0.576846307385	0.839321357285	0.794411177645	0.760479041916	0.77744510978	0.813373253493
CE7	0.398203592814	0.437125748503	0.671656686627	0.590818363273	0.764471057884	0.723552894212	0.443113772455	0.315369261477	0.0	0.436127744511	0.738522954092	0.764471057884	0.621756487026	0.641716566866	0.450099800399	0.405189620758	0.918163672655	0.90119760479	0.929141716567	0.914171656687	0.735528942116	0.753493013972	0.954091816367	0.946107784431	0.805389221557	0.873253493014	0.85129740519	0.828343313373	0.809381237525	0.841317365269	0.859281437126	0.864271457086	0.550898203593	0.528942115768	0.550898203593	0.491017964072	0.575848303393	0.561876247505	0.594810379242	0.534930139721	0.606786427146	0.559880239521	0.604790419162	0.511976047904	0.537924151697	0.512974051896	0.560878243513	0.718562874251	0.730538922156	0.734530938124	0.73253493014	0.656686626747	0.696606786427	0.630738522954	0.708582834331	0.627744510978	0.581836327345	0.667664670659	0.652694610778	0.741516966068	0.728542914172	0.748502994012	0.740518962076	0.903193612774	0.899201596806	0.85129740519	0.76746506986	0.904191616766	0.873253493014	0.793413173653	0.86626746507	0.835329341317	0.870259481038	0.790419161677	0.837325349301	0.916167664671	0.890219560878	0.756487025948	0.755489021956	0.733532934132	0.573852295409	0.564870259481	0.610778443114	0.60878243513	0.597804391218	0.562874251497	0.827345309381	0.76746506986	0.733532934132	0.756487025948	0.796407185629
CE8	0.416167664671	0.385229540918	0.661676646707	0.531936127745	0.682634730539	0.645708582834	0.338323353293	0.447105788423	0.436127744511	0.0	0.662674650699	0.665668662675	0.582834331337	0.639720558882	0.385229540918	0.419161676647	0.89620758483	0.878243512974	0.922155688623	0.907185628743	0.717564870259	0.73253493014	0.923153692615	0.913173652695	0.776447105788	0.841317365269	0.816367265469	0.815369261477	0.806387225549	0.839321357285	0.852295409182	0.858283433134	0.534930139721	0.520958083832	0.574850299401	0.547904191617	0.596806387226	0.582834331337	0.591816367265	0.543912175649	0.62375249501	0.563872255489	0.622754491018	0.533932135729	0.542914171657	0.527944111776	0.546906187625	0.681636726547	0.672654690619	0.668662674651	0.673652694611	0.595808383234	0.631736526946	0.587824351297	0.673652694611	0.573852295409	0.528942115768	0.607784431138	0.619760479042	0.682634730539	0.669660678643	0.701596806387	0.670658682635	0.933133732535	0.937125748503	0.893213572854	0.741516966068	0.933133732535	0.905189620758	0.760479041916	0.900199600798	0.869261477046	0.907185628743	0.761477045908	0.888223552894	0.960079840319	0.925149700599	0.715568862275	0.710578842315	0.665668662675	0.591816367265	0.586826347305	0.549900199601	0.549900199601	0.516966067864	0.491017964072	0.750499001996	0.723552894212	0.683632734531	0.681636726547	0.736526946108
CF7	0.665668662675	0.609780439122	0.663672654691	0.629740518962	0.501996007984	0.466067864271	0.65369261477	0.770459081836	0.738522954092	0.662674650699	0.0	0.463073852295	0.629740518962	0.65369261477	0.620758483034	0.659680638723	0.827345309381	0.781437125749	0.887225548902	0.86127744511	0.711576846307	0.695608782435	0.763473053892	0.74750499002	0.63373253493	0.667664670659	0.699600798403	0.704590818363	0.768463073852	0.801397205589	0.791417165669	0.779441117764	0.784431137725	0.781437125749	0.815369261477	0.810379241517	0.804391217565	0.817365269461	0.797405189621	0.806387225549	0.817365269461	0.802395209581	0.799401197605	0.810379241517	0.791417165669	0.791417165669	0.786427145709	0.715568862275	0.705588822355	0.661676646707	0.664670658683	0.667664670659	0.627744510978	0.689620758483	0.684630738523	0.665668662675	0.681636726547	0.644710578842	0.687624750499	0.671656686627	0.660678642715	0.725548902196	0.670658682635	0.932135728543	0.925149700599	0.895209580838	0.705588822355	0.915169660679	0.90618762475	0.721556886228	0.911177644711	0.850299401198	0.90119760479	0.745508982036	0.88123752495	0.954091816367	0.922155688623	0.690618762475	0.728542914172	0.692614770459	0.814371257485	0.795409181637	0.672654690619	0.674650698603	0.682634730539	0.673652694611	0.808383233533	0.705588822355	0.674650698603	0.712574850299	0.753493013972
CF8	0.671656686627	0.612774451098	0.649700598802	0.61876247505	0.429141716567	0.464071856287	0.664670658683	0.776447105788	0.764471057884	0.665668662675	0.463073852295	0.0	0.620758483034	0.652694610778	0.631736526946	0.664670658683	0.816367265469	0.776447105788	0.88622754491	0.86127744511	0.721556886228	0.701596806387	0.699600798403	0.687624750499	0.595808383234	0.612774451098	0.688622754491	0.696606786427	0.768463073852	0.791417165669	0.789421157685	0.787425149701	0.793413173653	0.797405189621	0.829341317365	0.827345309381	0.818363273453	0.830339321357	0.811377245509	0.821357285429	0.829341317365	0.816367265469	0.815369261477	0.820359281437	0.809381237525	0.806387225549	0.799401197605	0.711576846307	0.702594810379	0.666666666667	0.677644710579	0.679640718563	0.650698602794	0.697604790419	0.691616766467	0.683632734531	0.688622754491	0.659680638723	0.703592814371	0.678642714571	0.666666666667	0.723552894212	0.677644710579	0.939121756487	0.939121756487	0.911177644711	0.72255489022	0.929141716567	0.913173652695	0.735528942116	0.920159680639	0.849301397206	0.912175648703	0.754491017964	0.89620758483	0.971057884232	0.929141716567	0.711576846307	0.726546906188	0.701596806387	0.832335329341	0.806387225549	0.691616766467	0.695608782435	0.699600798403	0.682634730539	0.808383233533	0.720558882236	0.705588822355	0.72255489022	0.763473053892
CG7	0.575848303393	0.556886227545	0.51996007984	0.460079840319	0.640718562874	0.612774451098	0.578842315369	0.640718562874	0.621756487026	0.582834331337	0.629740518962	0.620758483034	0.0	0.492015968064	0.574850299401	0.581836327345	0.835329341317	0.808383233533	0.89620758483	0.844311377246	0.681636726547	0.669660678643	0.839321357285	0.818363273453	0.716566866267	0.7624750499	0.770459081836	0.761477045908	0.741516966068	0.770459081836	0.813373253493	0.808383233533	0.664670658683	0.650698602794	0.646706586826	0.686626746507	0.639720558882	0.686626746507	0.678642714571	0.691616766467	0.700598802395	0.681636726547	0.636726546906	0.677644710579	0.632734530938	0.667664670659	0.666666666667	0.706586826347	0.702594810379	0.713572854291	0.72255489022	0.660678642715	0.708582834331	0.656686626747	0.728542914172	0.64870259481	0.614770459082	0.668662674651	0.65369261477	0.73253493014	0.735528942116	0.729540918164	0.719560878244	0.899201596806	0.909181636727	0.889221556886	0.741516966068	0.908183632735	0.875249500998	0.75249500998	0.904191616766	0.857285429142	0.88622754491	0.765469061876	0.865269461078	0.932135728543	0.889221556886	0.768463073852	0.75748502994	0.759481037924	0.681636726547	0.64870259481	0.637724550898	0.624750499002	0.637724550898	0.62375249501	0.824351297405	0.794411177645	0.754491017964	0.773453093812	0.816367265469
CG8	0.63373253493	0.619760479042	0.421157684631	0.497005988024	0.674650698603	0.659680638723	0.639720558882	0.662674650699	0.641716566866	0.639720558882	0.65369261477	0.652694610778	0.492015968064	0.0	0.640718562874	0.63872255489	0.862275449102	0.829341317365	0.888223552894	0.839321357285	0.720558882236	0.716566866267	0.823353293413	0.810379241517	0.689620758483	0.736526946108	0.760479041916	0.746506986028	0.733532934132	0.764471057884	0.793413173653	0.810379241517	0.718562874251	0.699600798403	0.660678642715	0.711576846307	0.655688622754	0.704590818363	0.715568862275	0.72255489022	0.718562874251	0.719560878244	0.63872255489	0.701596806387	0.671656686627	0.703592814371	0.717564870259	0.725548902196	0.698602794411	0.734530938124	0.738522954092	0.672654690619	0.723552894212	0.658682634731	0.728542914172	0.652694610778	0.639720558882	0.680638722555	0.670658682635	0.753493013972	0.741516966068	0.738522954092	0.738522954092	0.87624750499	0.826347305389	0.88622754491	0.730538922156	0.811377245509	0.86127744511	0.738522954092	0.90119760479	0.811377245509	0.885229540918	0.75249500998	0.863273453094	0.845309381238	0.888223552894	0.822355289421	0.765469061876	0.812375249501	0.702594810379	0.676646706587	0.689620758483	0.675648702595	0.699600798403	0.694610778443	0.87624750499	0.837325349301	0.802395209581	0.828343313373	0.863273453094
CH7	0.369261477046	0.304391217565	0.657684630739	0.516966067864	0.661676646707	0.620758483034	0.384231536926	0.450099800399	0.450099800399	0.385229540918	0.620758483034	0.631736526946	0.574850299401	0.640718562874	0.0	0.348303393214	0.894211576846	0.869261477046	0.914171656687	0.898203592814	0.719560878244	0.736526946108	0.911177644711	0.90119760479	0.769461077844	0.838323353293	0.812375249501	0.809381237525	0.805389221557	0.834331337325	0.842315369261	0.848303393214	0.5249500998	0.50998003992	0.564870259481	0.51996007984	0.587824351297	0.579840319361	0.594810379242	0.537924151697	0.61876247505	0.560878243513	0.61377245509	0.526946107784	0.537924151697	0.511976047904	0.545908183633	0.703592814371	0.697604790419	0.656686626747	0.658682634731	0.610778443114	0.632734530938	0.61377245509	0.677644710579	0.595808383234	0.544910179641	0.605788423154	0.644710578842	0.671656686627	0.654690618762	0.728542914172	0.660678642715	0.926147704591	0.927145708583	0.89121756487	0.698602794411	0.922155688623	0.900199600798	0.716566866267	0.897205588822	0.863273453094	0.892215568862	0.7375249501	0.880239520958	0.952095808383	0.918163672655	0.686626746507	0.716566866267	0.676646706587	0.616766467066	0.616766467066	0.541916167665	0.540918163673	0.515968063872	0.483033932136	0.784431137725	0.689620758483	0.661676646707	0.685628742515	0.730538922156
CH8	0.292415169661	0.338323353293	0.665668662675	0.535928143713	0.694610778443	0.655688622754	0.419161676647	0.404191616766	0.405189620758	0.419161676647	0.659680638723	0.664670658683	0.581836327345	0.63872255489	0.348303393214	0.0	0.922155688623	0.89620758483	0.926147704591	0.911177644711	0.744510978044	0.763473053892	0.940119760479	0.926147704591	0.804391217565	0.865269461078	0.841317365269	0.835329341317	0.824351297405	0.847305389222	0.864271457086	0.87624750499	0.530938123752	0.523952095808	0.564870259481	0.502994011976	0.584830339321	0.586826347305	0.59381237525	0.541916167665	0.629740518962	0.568862275449	0.615768463074	0.520958083832	0.536926147705	0.50998003992	0.549900199601	0.720558882236	0.712574850299	0.667664670659	0.676646706587	0.612774451098	0.642714570858	0.635728542914	0.702594810379	0.617764471058	0.560878243513	0.607784431138	0.654690618762	0.685628742515	0.659680638723	0.733532934132	0.677644710579	0.933133732535	0.940119760479	0.902195608782	0.721556886228	0.938123752495	0.908183632735	0.735528942116	0.915169660679	0.869261477046	0.908183632735	0.754491017964	0.89121756487	0.964071856287	0.918163672655	0.706586826347	0.729540918164	0.687624750499	0.624750499002	0.61876247505	0.571856287425	0.570858283433	0.543912175649	0.520958083832	0.785429141717	0.716566866267	0.687624750499	0.702594810379	0.740518962076
CA1	0.921157684631	0.86626746507	0.841317365269	0.87125748503	0.819361277445	0.834331337325	0.89620758483	0.928143712575	0.918163672655	0.89620758483	0.827345309381	0.816367265469	0.835329341317	0.862275449102	0.894211576846	0.922155688623	0.0	0.34630738523	0.493013972056	0.469061876248	0.860279441118	0.744510978044	0.775449101796	0.761477045908	0.705588822355	0.720558882236	0.481037924152	0.536926147705	0.49001996008	0.436127744511	0.448103792415	0.40618762475	0.972055888224	0.964071856287	0.965069860279	0.961077844311	0.966067864271	0.965069860279	0.969061876248	0.969061876248	0.969061876248	0.969061876248	0.964071856287	0.961077844311	0.963073852295	0.962075848303	0.971057884232	0.937125748503	0.940119760479	0.942115768463	0.943113772455	0.937125748503	0.930139720559	0.933133732535	0.927145708583	0.925149700599	0.937125748503	0.945109780439	0.939121756487	0.939121756487	0.941117764471	0.934131736527	0.940119760479	0.945109780439	0.939121756487	0.939121756487	0.940119760479	0.947105788423	0.945109780439	0.942115768463	0.931137724551	0.928143712575	0.928143712575	0.936127744511	0.936127744511	0.972055888224	0.942115768463	0.942115768463	0.935129740519	0.948103792415	0.947105788423	0.941117764471	0.943113772455	0.941117764471	0.937125748503	0.930139720559	0.954091816367	0.939121756487	0.948103792415	0.944111776447	0.942115768463
CA2	0.90119760479	0.836327345309	0.819361277445	0.841317365269	0.773453093812	0.794411177645	0.873253493014	0.916167664671	0.90119760479	0.878243512974	0.781437125749	0.776447105788	0.808383233533	0.829341317365	0.869261477046	0.89620758483	0.34630738523	0.0	0.498003992016	0.458083832335	0.840319361277	0.708582834331	0.751497005988	0.743512974052	0.672654690619	0.684630738523	0.432135728543	0.49001996008	0.469061876248	0.422155688623	0.429141716567	0.373253493014	0.955089820359	0.946107784431	0.950099800399	0.949101796407	0.952095808383	0.950099800399	0.950099800399	0.952095808383	0.952095808383	0.951097804391	0.950099800399	0.946107784431	0.949101796407	0.950099800399	0.953093812375	0.914171656687	0.908183632735	0.911177644711	0.914171656687	0.909181636727	0.911177644711	0.900199600798	0.892215568862	0.897205588822	0.90618762475	0.919161676647	0.907185628743	0.913173652695	0.914171656687	0.902195608782	0.911177644711	0.935129740519	0.927145708583	0.936127744511	0.922155688623	0.931137724551	0.934131736527	0.922155688623	0.918163672655	0.903193612774	0.917165668663	0.922155688623	0.931137724551	0.974051896208	0.935129740519	0.911177644711	0.911177644711	0.923153692615	0.930139720559	0.919161676647	0.923153692615	0.919161676647	0.929141716567	0.913173652695	0.942115768463	0.924151696607	0.923153692615	0.921157684631	0.916167664671
CB1	0.921157684631	0.919161676647	0.885229540918	0.893213572854	0.89620758483	0.882235528942	0.920159680639	0.935129740519	0.929141716567	0.922155688623	0.887225548902	0.88622754491	0.89620758483	0.888223552894	0.914171656687	0.926147704591	0.493013972056	0.498003992016	0.0	0.268463073852	0.887225548902	0.780439121756	0.855289421158	0.854291417166	0.796407185629	0.825349301397	0.552894211577	0.614770459082	0.541916167665	0.446107784431	0.451097804391	0.441117764471	0.9750499002	0.965069860279	0.953093812375	0.963073852295	0.954091816367	0.961077844311	0.971057884232	0.974051896208	0.972055888224	0.972055888224	0.954091816367	0.958083832335	0.954091816367	0.966067864271	0.973053892216	0.939121756487	0.940119760479	0.935129740519	0.939121756487	0.937125748503	0.936127744511	0.941117764471	0.940119760479	0.939121756487	0.940119760479	0.939121756487	0.932135728543	0.939121756487	0.935129740519	0.943113772455	0.936127744511	0.940119760479	0.950099800399	0.958083832335	0.938123752495	0.941117764471	0.956087824351	0.942115768463	0.953093812375	0.930139720559	0.954091816367	0.948103792415	0.961077844311	0.968063872255	0.946107784431	0.973053892216	0.937125748503	0.971057884232	0.944111776447	0.939121756487	0.956087824351	0.950099800399	0.958083832335	0.953093812375	0.969061876248	0.973053892216	0.972055888224	0.968063872255	0.97005988024
CB2	0.902195608782	0.904191616766	0.842315369261	0.853293413174	0.863273453094	0.854291417166	0.909181636727	0.923153692615	0.914171656687	0.907185628743	0.86127744511	0.86127744511	0.844311377246	0.839321357285	0.898203592814	0.911177644711	0.469061876248	0.458083832335	0.268463073852	0.0	0.867265469062	0.751497005988	0.838323353293	0.834331337325	0.766467065868	0.785429141717	0.517964071856	0.572854291417	0.49500998004	0.39121756487	0.421157684631	0.417165668663	0.964071856287	0.953093812375	0.926147704591	0.953093812375	0.929141716567	0.949101796407	0.958083832335	0.961077844311	0.961077844311	0.960079840319	0.928143712575	0.941117764471	0.928143712575	0.956087824351	0.960079840319	0.904191616766	0.90618762475	0.907185628743	0.908183632735	0.910179640719	0.905189620758	0.921157684631	0.918163672655	0.915169660679	0.915169660679	0.914171656687	0.90618762475	0.907185628743	0.917165668663	0.909181636727	0.904191616766	0.919161676647	0.925149700599	0.930139720559	0.903193612774	0.915169660679	0.925149700599	0.90618762475	0.924151696607	0.89121756487	0.925149700599	0.913173652695	0.929141716567	0.951097804391	0.920159680639	0.956087824351	0.913173652695	0.954091816367	0.924151696607	0.922155688623	0.940119760479	0.939121756487	0.945109780439	0.936127744511	0.954091816367	0.957085828343	0.957085828343	0.955089820359	0.955089820359
CC1	0.73253493014	0.723552894212	0.749500998004	0.682634730539	0.72255489022	0.699600798403	0.718562874251	0.770459081836	0.735528942116	0.717564870259	0.711576846307	0.721556886228	0.681636726547	0.720558882236	0.719560878244	0.744510978044	0.860279441118	0.840319361277	0.887225548902	0.867265469062	0.0	0.462075848303	0.898203592814	0.880239520958	0.764471057884	0.816367265469	0.768463073852	0.728542914172	0.756487025948	0.781437125749	0.816367265469	0.823353293413	0.783433133733	0.775449101796	0.764471057884	0.805389221557	0.75249500998	0.805389221557	0.803393213573	0.813373253493	0.820359281437	0.802395209581	0.745508982036	0.796407185629	0.753493013972	0.785429141717	0.792415169661	0.672654690619	0.690618762475	0.710578842315	0.716566866267	0.715568862275	0.691616766467	0.694610778443	0.684630738523	0.688622754491	0.709580838323	0.728542914172	0.702594810379	0.729540918164	0.72255489022	0.694610778443	0.714570858283	0.845309381238	0.821357285429	0.797405189621	0.684630738523	0.826347305389	0.819361277445	0.697604790419	0.826347305389	0.735528942116	0.811377245509	0.686626746507	0.778443113772	0.855289421158	0.849301397206	0.684630738523	0.707584830339	0.714570858283	0.793413173653	0.765469061876	0.72754491018	0.715568862275	0.74251497006	0.723552894212	0.817365269461	0.699600798403	0.729540918164	0.735528942116	0.761477045908
CC2	0.744510978044	0.724550898204	0.738522954092	0.687624750499	0.713572854291	0.677644710579	0.730538922156	0.795409181637	0.753493013972	0.73253493014	0.695608782435	0.701596806387	0.669660678643	0.716566866267	0.736526946108	0.763473053892	0.744510978044	0.708582834331	0.780439121756	0.751497005988	0.462075848303	0.0	0.825349301397	0.808383233533	0.681636726547	0.717564870259	0.597804391218	0.576846307385	0.665668662675	0.677644710579	0.692614770459	0.696606786427	0.808383233533	0.793413173653	0.801397205589	0.824351297405	0.797405189621	0.827345309381	0.822355289421	0.834331337325	0.844311377246	0.826347305389	0.787425149701	0.814371257485	0.781437125749	0.805389221557	0.813373253493	0.696606786427	0.734530938124	0.72754491018	0.744510978044	0.731536926148	0.713572854291	0.724550898204	0.715568862275	0.721556886228	0.744510978044	0.75249500998	0.72255489022	0.723552894212	0.74251497006	0.720558882236	0.738522954092	0.85628742515	0.839321357285	0.809381237525	0.708582834331	0.837325349301	0.840319361277	0.713572854291	0.817365269461	0.7375249501	0.811377245509	0.712574850299	0.790419161677	0.88622754491	0.853293413174	0.704590818363	0.706586826347	0.756487025948	0.803393213573	0.786427145709	0.7624750499	0.749500998004	0.77744510978	0.748502994012	0.831337325349	0.733532934132	0.77245508982	0.753493013972	0.779441117764
CD1	0.937125748503	0.88123752495	0.811377245509	0.854291417166	0.683632734531	0.749500998004	0.911177644711	0.959081836327	0.954091816367	0.923153692615	0.763473053892	0.699600798403	0.839321357285	0.823353293413	0.911177644711	0.940119760479	0.775449101796	0.751497005988	0.855289421158	0.838323353293	0.898203592814	0.825349301397	0.0	0.402195608782	0.595808383234	0.492015968064	0.736526946108	0.740518962076	0.834331337325	0.833333333333	0.829341317365	0.813373253493	0.989021956088	0.987025948104	0.988023952096	0.987025948104	0.987025948104	0.988023952096	0.987025948104	0.987025948104	0.984031936128	0.987025948104	0.987025948104	0.98502994012	0.98502994012	0.987025948104	0.987025948104	0.954091816367	0.949101796407	0.955089820359	0.956087824351	0.952095808383	0.946107784431	0.947105788423	0.947105788423	0.945109780439	0.951097804391	0.949101796407	0.951097804391	0.953093812375	0.949101796407	0.950099800399	0.953093812375	0.97005988024	0.966067864271	0.984031936128	0.97005988024	0.952095808383	0.986027944112	0.973053892216	0.981037924152	0.954091816367	0.982035928144	0.976047904192	0.983033932136	0.989021956088	0.972055888224	0.981037924152	0.955089820359	0.98502994012	0.965069860279	0.971057884232	0.981037924152	0.981037924152	0.98003992016	0.9750499002	0.986027944112	0.983033932136	0.984031936128	0.979041916168	0.981037924152
CD2	0.926147704591	0.86626746507	0.789421157685	0.845309381238	0.655688622754	0.745508982036	0.897205588822	0.951097804391	0.946107784431	0.913173652695	0.74750499002	0.687624750499	0.818363273453	0.810379241517	0.90119760479	0.926147704591	0.761477045908	0.743512974052	0.854291417166	0.834331337325	0.880239520958	0.808383233533	0.402195608782	0.0	0.579840319361	0.492015968064	0.725548902196	0.724550898204	0.822355289421	0.829341317365	0.817365269461	0.788423153693	0.98003992016	0.979041916168	0.978043912176	0.98003992016	0.979041916168	0.98003992016	0.979041916168	0.979041916168	0.976047904192	0.976047904192	0.979041916168	0.976047904192	0.978043912176	0.978043912176	0.979041916168	0.940119760479	0.937125748503	0.936127744511	0.942115768463	0.939121756487	0.932135728543	0.934131736527	0.933133732535	0.933133732535	0.936127744511	0.936127744511	0.937125748503	0.936127744511	0.937125748503	0.938123752495	0.937125748503	0.963073852295	0.97005988024	0.977045908184	0.961077844311	0.959081836327	0.9750499002	0.961077844311	0.97005988024	0.942115768463	0.973053892216	0.966067864271	0.976047904192	0.994011976048	0.963073852295	0.971057884232	0.940119760479	0.974051896208	0.958083832335	0.965069860279	0.969061876248	0.967065868263	0.967065868263	0.961077844311	0.977045908184	0.974051896208	0.972055888224	0.971057884232	0.973053892216
CE1	0.800399201597	0.7375249501	0.670658682635	0.726546906188	0.591816367265	0.619760479042	0.770459081836	0.819361277445	0.805389221557	0.776447105788	0.63373253493	0.595808383234	0.716566866267	0.689620758483	0.769461077844	0.804391217565	0.705588822355	0.672654690619	0.796407185629	0.766467065868	0.764471057884	0.681636726547	0.595808383234	0.579840319361	0.0	0.429141716567	0.641716566866	0.637724550898	0.686626746507	0.721556886228	0.686626746507	0.705588822355	0.875249500998	0.870259481038	0.872255489022	0.873253493014	0.870259481038	0.872255489022	0.869261477046	0.872255489022	0.872255489022	0.872255489022	0.87125748503	0.865269461078	0.868263473054	0.87125748503	0.872255489022	0.76746506986	0.768463073852	0.781437125749	0.795409181637	0.748502994012	0.754491017964	0.76746506986	0.74750499002	0.748502994012	0.77744510978	0.758483033932	0.748502994012	0.797405189621	0.775449101796	0.787425149701	0.794411177645	0.946107784431	0.935129740519	0.902195608782	0.86127744511	0.921157684631	0.943113772455	0.87624750499	0.926147704591	0.811377245509	0.928143712575	0.883233532934	0.889221556886	0.966067864271	0.944111776447	0.862275449102	0.806387225549	0.852295409182	0.817365269461	0.820359281437	0.831337325349	0.838323353293	0.835329341317	0.828343313373	0.930139720559	0.869261477046	0.84630738523	0.867265469062	0.907185628743
CE2	0.865269461078	0.792415169661	0.714570858283	0.774451097804	0.586826347305	0.669660678643	0.827345309381	0.880239520958	0.873253493014	0.841317365269	0.667664670659	0.612774451098	0.7624750499	0.736526946108	0.838323353293	0.865269461078	0.720558882236	0.684630738523	0.825349301397	0.785429141717	0.816367265469	0.717564870259	0.492015968064	0.492015968064	0.429141716567	0.0	0.650698602794	0.652694610778	0.729540918164	0.743512974052	0.73253493014	0.728542914172	0.927145708583	0.925149700599	0.925149700599	0.927145708583	0.924151696607	0.925149700599	0.924151696607	0.927145708583	0.925149700599	0.924151696607	0.925149700599	0.920159680639	0.921157684631	0.923153692615	0.926147704591	0.837325349301	0.832335329341	0.835329341317	0.844311377246	0.831337325349	0.828343313373	0.833333333333	0.820359281437	0.821357285429	0.843313373253	0.835329341317	0.829341317365	0.836327345309	0.832335329341	0.832335329341	0.841317365269	0.948103792415	0.943113772455	0.916167664671	0.887225548902	0.937125748503	0.951097804391	0.894211576846	0.942115768463	0.84630738523	0.935129740519	0.900199600798	0.905189620758	0.974051896208	0.950099800399	0.904191616766	0.834331337325	0.900199600798	0.885229540918	0.88622754491	0.900199600798	0.898203592814	0.898203592814	0.893213572854	0.939121756487	0.904191616766	0.903193612774	0.898203592814	0.924151696607
CF1	0.835329341317	0.778443113772	0.771457085828	0.77744510978	0.696606786427	0.709580838323	0.806387225549	0.864271457086	0.85129740519	0.816367265469	0.699600798403	0.688622754491	0.770459081836	0.760479041916	0.812375249501	0.841317365269	0.481037924152	0.432135728543	0.552894211577	0.517964071856	0.768463073852	0.597804391218	0.736526946108	0.725548902196	0.641716566866	0.650698602794	0.0	0.339321357285	0.48003992016	0.482035928144	0.437125748503	0.451097804391	0.894211576846	0.888223552894	0.90119760479	0.90119760479	0.892215568862	0.899201596806	0.889221556886	0.89620758483	0.904191616766	0.89121756487	0.89121756487	0.89121756487	0.888223552894	0.88622754491	0.893213572854	0.817365269461	0.814371257485	0.813373253493	0.825349301397	0.818363273453	0.808383233533	0.812375249501	0.800399201597	0.802395209581	0.824351297405	0.824351297405	0.810379241517	0.815369261477	0.821357285429	0.809381237525	0.822355289421	0.928143712575	0.925149700599	0.931137724551	0.848303393214	0.914171656687	0.90119760479	0.852295409182	0.889221556886	0.854291417166	0.892215568862	0.859281437126	0.931137724551	0.965069860279	0.921157684631	0.848303393214	0.810379241517	0.860279441118	0.908183632735	0.88622754491	0.865269461078	0.854291417166	0.867265469062	0.853293413174	0.88123752495	0.863273453094	0.865269461078	0.858283433134	0.85628742515
CF2	0.833333333333	0.779441117764	0.75249500998	0.776447105788	0.702594810379	0.720558882236	0.805389221557	0.845309381238	0.828343313373	0.815369261477	0.704590818363	0.696606786427	0.761477045908	0.746506986028	0.809381237525	0.835329341317	0.536926147705	0.49001996008	0.614770459082	0.572854291417	0.728542914172	0.576846307385	0.740518962076	0.724550898204	0.637724550898	0.652694610778	0.339321357285	0.0	0.526946107784	0.517964071856	0.478043912176	0.492015968064	0.902195608782	0.892215568862	0.897205588822	0.899201596806	0.898203592814	0.894211576846	0.899201596806	0.904191616766	0.902195608782	0.900199600798	0.897205588822	0.890219560878	0.894211576846	0.890219560878	0.903193612774	0.811377245509	0.810379241517	0.802395209581	0.811377245509	0.806387225549	0.799401197605	0.805389221557	0.805389221557	0.801397205589	0.817365269461	0.819361277445	0.802395209581	0.806387225549	0.805389221557	0.808383233533	0.813373253493	0.918163672655	0.910179640719	0.905189620758	0.841317365269	0.897205588822	0.89620758483	0.852295409182	0.88123752495	0.827345309381	0.877245508982	0.85628742515	0.910179640719	0.951097804391	0.913173652695	0.836327345309	0.805389221557	0.854291417166	0.88123752495	0.86626746507	0.85628742515	0.843313373253	0.859281437126	0.843313373253	0.873253493014	0.85129740519	0.855289421158	0.844311377246	0.843313373253
CG1	0.821357285429	0.788423153693	0.7375249501	0.736526946108	0.758483033932	0.768463073852	0.800399201597	0.832335329341	0.809381237525	0.806387225549	0.768463073852	0.768463073852	0.741516966068	0.733532934132	0.805389221557	0.824351297405	0.49001996008	0.469061876248	0.541916167665	0.49500998004	0.756487025948	0.665668662675	0.834331337325	0.822355289421	0.686626746507	0.729540918164	0.48003992016	0.526946107784	0.0	0.37125748503	0.484031936128	0.463073852295	0.890219560878	0.884231536926	0.825349301397	0.880239520958	0.825349301397	0.879241516966	0.888223552894	0.888223552894	0.889221556886	0.890219560878	0.820359281437	0.868263473054	0.837325349301	0.883233532934	0.889221556886	0.816367265469	0.801397205589	0.829341317365	0.825349301397	0.830339321357	0.815369261477	0.834331337325	0.832335329341	0.828343313373	0.830339321357	0.829341317365	0.820359281437	0.829341317365	0.832335329341	0.809381237525	0.823353293413	0.892215568862	0.885229540918	0.879241516966	0.801397205589	0.890219560878	0.858283433134	0.822355289421	0.889221556886	0.85628742515	0.874251497006	0.820359281437	0.859281437126	0.909181636727	0.892215568862	0.844311377246	0.835329341317	0.845309381238	0.86127744511	0.835329341317	0.845309381238	0.847305389222	0.85129740519	0.84630738523	0.89121756487	0.84630738523	0.855289421158	0.848303393214	0.882235528942
