	CA7	CA8	CB7	CB8	CC7	CC8	CD7	CD8	CE7	CE8	CF7	CF8	CG7	CG8	CH7	CH8	CA1	CA2	CB1	CB2	CC1	CC2	CD1	CD2	CE1	CE2	CF1	CF2	CG1	CG2	CH1	CH2	CA5	CA6	CB5	CB6	CC5	CC6	CD6	CE5	CE6	CF5	CF6	CG5	CG6	CH5	CH6	CA11	CA12	CB11	CB12	CC11	CC12	CD11	CD12	CE11	CE12	CF11	CF12	CG11	CG12	CH11	CH12	CA3	CA4	CB3	CB4	CC4	CD3	CD4	CE4	CF3	CF4	CG3	CG4	CH3	CH4	CA9	CA10	CB9	CC9	CC10	CD9	CD10	CE9	CE10	CF9	CG9	CG10	CH9	CH10
CA7	0.0	0.397205588822	0.658682634731	0.526946107784	0.693612774451	0.65369261477	0.420159680639	0.409181636727	0.411177644711	0.457085828343	0.662674650699	0.679640718563	0.568862275449	0.631736526946	0.389221556886	0.292415169661	0.916167664671	0.905189620758	0.918163672655	0.919161676647	0.744510978044	0.764471057884	0.927145708583	0.924151696607	0.809381237525	0.875249500998	0.849301397206	0.830339321357	0.801397205589	0.853293413174	0.840319361277	0.870259481038	0.574850299401	0.521956087824	0.567864271457	0.498003992016	0.589820359281	0.586826347305	0.591816367265	0.542914171657	0.63373253493	0.586826347305	0.61876247505	0.538922155689	0.552894211577	0.506986027944	0.549900199601	0.731536926148	0.700598802395	0.696606786427	0.716566866267	0.617764471058	0.684630738523	0.64371257485	0.680638722555	0.616766467066	0.541916167665	0.626746506986	0.662674650699	0.698602794411	0.689620758483	0.724550898204	0.715568862275	0.931137724551	0.934131736527	0.892215568862	0.741516966068	0.936127744511	0.926147704591	0.75748502994	0.920159680639	0.883233532934	0.923153692615	0.770459081836	0.893213572854	0.966067864271	0.933133732535	0.739520958084	0.756487025948	0.736526946108	0.626746506986	0.620758483034	0.60878243513	0.630738522954	0.569860279441	0.554890219561	0.7624750499	0.75748502994	0.700598802395	0.723552894212	0.775449101796
CA8	0.397205588822	0.0	0.646706586826	0.498003992016	0.64870259481	0.607784431138	0.362275449102	0.469061876248	0.468063872255	0.408183632735	0.620758483034	0.639720558882	0.565868263473	0.612774451098	0.306387225549	0.382235528942	0.867265469062	0.864271457086	0.912175648703	0.919161676647	0.723552894212	0.731536926148	0.885229540918	0.889221556886	0.768463073852	0.830339321357	0.800399201597	0.791417165669	0.755489021956	0.839321357285	0.802395209581	0.830339321357	0.565868263473	0.517964071856	0.571856287425	0.531936127745	0.591816367265	0.582834331337	0.584830339321	0.543912175649	0.62375249501	0.577844311377	0.625748502994	0.538922155689	0.561876247505	0.501996007984	0.539920159681	0.719560878244	0.669660678643	0.630738522954	0.652694610778	0.602794411178	0.622754491018	0.609780439122	0.650698602794	0.584830339321	0.517964071856	0.601796407186	0.64870259481	0.649700598802	0.64371257485	0.705588822355	0.666666666667	0.929141716567	0.934131736527	0.88622754491	0.685628742515	0.933133732535	0.923153692615	0.717564870259	0.902195608782	0.88123752495	0.908183632735	0.75748502994	0.88622754491	0.956087824351	0.933133732535	0.666666666667	0.729540918164	0.668662674651	0.607784431138	0.601796407186	0.533932135729	0.552894211577	0.488023952096	0.48003992016	0.753493013972	0.684630738523	0.624750499002	0.660678642715	0.711576846307
CB7	0.658682634731	0.646706586826	0.0	0.544910179641	0.677644710579	0.667664670659	0.660678642715	0.684630738523	0.693612774451	0.673652694611	0.662674650699	0.660678642715	0.513972055888	0.430139720559	0.665668662675	0.667664670659	0.844311377246	0.816367265469	0.870259481038	0.86127744511	0.749500998004	0.733532934132	0.807385229541	0.784431137725	0.677644710579	0.726546906188	0.780439121756	0.748502994012	0.691616766467	0.786427145709	0.795409181637	0.798403193613	0.75249500998	0.738522954092	0.696606786427	0.739520958084	0.695608782435	0.733532934132	0.743512974052	0.74750499002	0.750499001996	0.748502994012	0.658682634731	0.738522954092	0.699600798403	0.741516966068	0.751497005988	0.776447105788	0.723552894212	0.768463073852	0.794411177645	0.709580838323	0.755489021956	0.695608782435	0.749500998004	0.686626746507	0.659680638723	0.707584830339	0.72255489022	0.775449101796	0.776447105788	0.755489021956	0.792415169661	0.895209580838	0.806387225549	0.87624750499	0.761477045908	0.803393213573	0.873253493014	0.795409181637	0.894211576846	0.828343313373	0.880239520958	0.766467065868	0.867265469062	0.834331337325	0.879241516966	0.850299401198	0.811377245509	0.85628742515	0.711576846307	0.681636726547	0.717564870259	0.733532934132	0.72754491018	0.713572854291	0.885229540918	0.868263473054	0.818363273453	0.84630738523	0.893213572854
CB8	0.526946107784	0.498003992016	0.544910179641	0.0	0.590818363273	0.579840319361	0.496007984032	0.601796407186	0.610778443114	0.525948103792	0.594810379242	0.59880239521	0.447105788423	0.5	0.500998003992	0.520958083832	0.849301397206	0.835329341317	0.87624750499	0.863273453094	0.682634730539	0.692614770459	0.834331337325	0.819361277445	0.726546906188	0.782435129741	0.778443113772	0.766467065868	0.709580838323	0.784431137725	0.792415169661	0.807385229541	0.624750499002	0.63373253493	0.611776447106	0.657684630739	0.620758483034	0.641716566866	0.662674650699	0.662674650699	0.659680638723	0.654690618762	0.605788423154	0.64870259481	0.627744510978	0.626746506986	0.642714570858	0.709580838323	0.650698602794	0.682634730539	0.688622754491	0.61876247505	0.674650698603	0.626746506986	0.666666666667	0.605788423154	0.535928143713	0.615768463074	0.655688622754	0.698602794411	0.684630738523	0.689620758483	0.698602794411	0.907185628743	0.903193612774	0.882235528942	0.711576846307	0.904191616766	0.900199600798	0.73253493014	0.90119760479	0.860279441118	0.894211576846	0.730538922156	0.875249500998	0.934131736527	0.909181636727	0.736526946108	0.735528942116	0.749500998004	0.642714570858	0.604790419162	0.599800399202	0.609780439122	0.562874251497	0.553892215569	0.775449101796	0.753493013972	0.698602794411	0.744510978044	0.776447105788
CC7	0.693612774451	0.64870259481	0.677644710579	0.590818363273	0.0	0.497005988024	0.666666666667	0.784431137725	0.789421157685	0.679640718563	0.486027944112	0.440119760479	0.637724550898	0.664670658683	0.646706586826	0.695608782435	0.810379241517	0.790419161677	0.887225548902	0.878243512974	0.730538922156	0.716566866267	0.672654690619	0.65369261477	0.578842315369	0.606786427146	0.705588822355	0.697604790419	0.717564870259	0.820359281437	0.754491017964	0.779441117764	0.800399201597	0.813373253493	0.827345309381	0.836327345309	0.835329341317	0.829341317365	0.838323353293	0.835329341317	0.827345309381	0.827345309381	0.822355289421	0.830339321357	0.835329341317	0.800399201597	0.808383233533	0.709580838323	0.681636726547	0.675648702595	0.697604790419	0.673652694611	0.671656686627	0.699600798403	0.673652694611	0.675648702595	0.680638722555	0.682634730539	0.706586826347	0.692614770459	0.666666666667	0.698602794411	0.703592814371	0.952095808383	0.946107784431	0.909181636727	0.748502994012	0.942115768463	0.941117764471	0.768463073852	0.935129740519	0.85628742515	0.938123752495	0.77245508982	0.90618762475	0.9750499002	0.950099800399	0.736526946108	0.725548902196	0.75249500998	0.838323353293	0.813373253493	0.730538922156	0.729540918164	0.719560878244	0.724550898204	0.784431137725	0.749500998004	0.731536926148	0.740518962076	0.780439121756
CC8	0.65369261477	0.607784431138	0.667664670659	0.579840319361	0.497005988024	0.0	0.61876247505	0.748502994012	0.749500998004	0.654690618762	0.453093812375	0.4750499002	0.599800399202	0.639720558882	0.60878243513	0.660678642715	0.797405189621	0.778443113772	0.884231536926	0.87624750499	0.705588822355	0.683632734531	0.746506986028	0.739520958084	0.61377245509	0.674650698603	0.72255489022	0.707584830339	0.713572854291	0.812375249501	0.766467065868	0.786427145709	0.776447105788	0.778443113772	0.802395209581	0.807385229541	0.801397205589	0.797405189621	0.807385229541	0.805389221557	0.796407185629	0.805389221557	0.792415169661	0.801397205589	0.803393213573	0.763473053892	0.782435129741	0.718562874251	0.682634730539	0.674650698603	0.711576846307	0.660678642715	0.655688622754	0.678642714571	0.661676646707	0.658682634731	0.669660678643	0.657684630739	0.687624750499	0.679640718563	0.668662674651	0.708582834331	0.711576846307	0.935129740519	0.916167664671	0.888223552894	0.715568862275	0.922155688623	0.924151696607	0.735528942116	0.909181636727	0.854291417166	0.914171656687	0.75249500998	0.889221556886	0.954091816367	0.929141716567	0.697604790419	0.734530938124	0.72255489022	0.804391217565	0.778443113772	0.670658682635	0.685628742515	0.670658682635	0.665668662675	0.780439121756	0.721556886228	0.682634730539	0.706586826347	0.77245508982
CD7	0.420159680639	0.362275449102	0.660678642715	0.496007984032	0.666666666667	0.61876247505	0.0	0.452095808383	0.443113772455	0.349301397206	0.630738522954	0.652694610778	0.573852295409	0.625748502994	0.370259481038	0.407185628743	0.883233532934	0.877245508982	0.923153692615	0.928143712575	0.715568862275	0.748502994012	0.910179640719	0.898203592814	0.788423153693	0.859281437126	0.827345309381	0.807385229541	0.781437125749	0.837325349301	0.825349301397	0.849301397206	0.561876247505	0.520958083832	0.577844311377	0.540918163673	0.596806387226	0.586826347305	0.585828343313	0.546906187625	0.62375249501	0.578842315369	0.627744510978	0.541916167665	0.564870259481	0.50499001996	0.544910179641	0.686626746507	0.637724550898	0.626746506986	0.640718562874	0.567864271457	0.616766467066	0.581836327345	0.645708582834	0.590818363273	0.502994011976	0.568862275449	0.615768463074	0.640718562874	0.636726546906	0.674650698603	0.662674650699	0.939121756487	0.937125748503	0.890219560878	0.728542914172	0.938123752495	0.921157684631	0.746506986028	0.914171656687	0.882235528942	0.915169660679	0.763473053892	0.89620758483	0.962075848303	0.939121756487	0.694610778443	0.73253493014	0.671656686627	0.570858283433	0.571856287425	0.533932135729	0.535928143713	0.479041916168	0.473053892216	0.715568862275	0.714570858283	0.637724550898	0.65369261477	0.715568862275
CD8	0.409181636727	0.469061876248	0.684630738523	0.601796407186	0.784431137725	0.748502994012	0.452095808383	0.0	0.336327345309	0.476047904192	0.765469061876	0.785429141717	0.650698602794	0.651696606786	0.450099800399	0.411177644711	0.912175648703	0.914171656687	0.918163672655	0.929141716567	0.76746506986	0.795409181637	0.948103792415	0.947105788423	0.820359281437	0.892215568862	0.864271457086	0.842315369261	0.786427145709	0.850299401198	0.836327345309	0.879241516966	0.600798403194	0.547904191617	0.579840319361	0.5	0.597804391218	0.595808383234	0.59880239521	0.554890219561	0.641716566866	0.595808383234	0.635728542914	0.546906187625	0.558882235529	0.552894211577	0.583832335329	0.754491017964	0.716566866267	0.740518962076	0.756487025948	0.662674650699	0.718562874251	0.651696606786	0.694610778443	0.64870259481	0.572854291417	0.666666666667	0.676646706587	0.75249500998	0.719560878244	0.741516966068	0.756487025948	0.918163672655	0.912175648703	0.853293413174	0.792415169661	0.925149700599	0.898203592814	0.810379241517	0.884231536926	0.857285429142	0.887225548902	0.799401197605	0.853293413174	0.930139720559	0.919161676647	0.780439121756	0.782435129741	0.77245508982	0.577844311377	0.571856287425	0.631736526946	0.644710578842	0.595808383234	0.582834331337	0.825349301397	0.795409181637	0.738522954092	0.77245508982	0.814371257485
CE7	0.411177644711	0.468063872255	0.693612774451	0.610778443114	0.789421157685	0.749500998004	0.443113772455	0.336327345309	0.0	0.467065868263	0.765469061876	0.785429141717	0.655688622754	0.662674650699	0.462075848303	0.413173652695	0.923153692615	0.918163672655	0.929141716567	0.939121756487	0.770459081836	0.793413173653	0.951097804391	0.950099800399	0.828343313373	0.899201596806	0.872255489022	0.848303393214	0.793413173653	0.86127744511	0.848303393214	0.889221556886	0.59381237525	0.542914171657	0.574850299401	0.494011976048	0.592814371257	0.591816367265	0.586826347305	0.545908183633	0.637724550898	0.584830339321	0.632734530938	0.539920159681	0.559880239521	0.539920159681	0.569860279441	0.75249500998	0.715568862275	0.733532934132	0.761477045908	0.666666666667	0.709580838323	0.645708582834	0.713572854291	0.649700598802	0.572854291417	0.670658682635	0.669660678643	0.748502994012	0.725548902196	0.738522954092	0.755489021956	0.914171656687	0.913173652695	0.860279441118	0.788423153693	0.924151696607	0.903193612774	0.807385229541	0.884231536926	0.85129740519	0.890219560878	0.800399201597	0.855289421158	0.929141716567	0.914171656687	0.775449101796	0.784431137725	0.76746506986	0.567864271457	0.566866267465	0.624750499002	0.63373253493	0.597804391218	0.573852295409	0.815369261477	0.793413173653	0.731536926148	0.75249500998	0.812375249501
CE8	0.457085828343	0.408183632735	0.673652694611	0.525948103792	0.679640718563	0.654690618762	0.349301397206	0.476047904192	0.467065868263	0.0	0.660678642715	0.675648702595	0.579840319361	0.636726546906	0.412175648703	0.449101796407	0.885229540918	0.882235528942	0.921157684631	0.926147704591	0.72754491018	0.749500998004	0.902195608782	0.89620758483	0.778443113772	0.850299401198	0.819361277445	0.812375249501	0.783433133733	0.839321357285	0.828343313373	0.85628742515	0.570858283433	0.531936127745	0.574850299401	0.551896207585	0.599800399202	0.587824351297	0.585828343313	0.554890219561	0.625748502994	0.589820359281	0.627744510978	0.555888223553	0.568862275449	0.518962075848	0.537924151697	0.689620758483	0.65369261477	0.667664670659	0.691616766467	0.601796407186	0.658682634731	0.588822355289	0.662674650699	0.600798403194	0.526946107784	0.600798403194	0.624750499002	0.680638722555	0.669660678643	0.676646706587	0.688622754491	0.934131736527	0.941117764471	0.89121756487	0.759481037924	0.944111776447	0.924151696607	0.771457085828	0.914171656687	0.892215568862	0.917165668663	0.769461077844	0.887225548902	0.962075848303	0.938123752495	0.729540918164	0.743512974052	0.702594810379	0.584830339321	0.573852295409	0.554890219561	0.574850299401	0.512974051896	0.500998003992	0.733532934132	0.746506986028	0.664670658683	0.686626746507	0.755489021956
CF7	0.662674650699	0.620758483034	0.662674650699	0.594810379242	0.486027944112	0.453093812375	0.630738522954	0.765469061876	0.765469061876	0.660678642715	0.0	0.483033932136	0.620758483034	0.63872255489	0.624750499002	0.667664670659	0.809381237525	0.790419161677	0.877245508982	0.87624750499	0.706586826347	0.690618762475	0.748502994012	0.72754491018	0.622754491018	0.683632734531	0.714570858283	0.708582834331	0.736526946108	0.823353293413	0.766467065868	0.783433133733	0.77744510978	0.779441117764	0.801397205589	0.806387225549	0.804391217565	0.798403193613	0.806387225549	0.800399201597	0.797405189621	0.803393213573	0.789421157685	0.803393213573	0.806387225549	0.761477045908	0.781437125749	0.720558882236	0.685628742515	0.675648702595	0.703592814371	0.665668662675	0.64870259481	0.689620758483	0.663672654691	0.657684630739	0.675648702595	0.656686626747	0.689620758483	0.679640718563	0.671656686627	0.710578842315	0.705588822355	0.937125748503	0.923153692615	0.88622754491	0.715568862275	0.928143712575	0.926147704591	0.734530938124	0.912175648703	0.855289421158	0.917165668663	0.758483033932	0.890219560878	0.957085828343	0.932135728543	0.705588822355	0.736526946108	0.724550898204	0.809381237525	0.781437125749	0.678642714571	0.687624750499	0.691616766467	0.684630738523	0.784431137725	0.729540918164	0.680638722555	0.715568862275	0.76746506986
CF8	0.679640718563	0.639720558882	0.660678642715	0.59880239521	0.440119760479	0.4750499002	0.652694610778	0.785429141717	0.785429141717	0.675648702595	0.483033932136	0.0	0.616766467066	0.640718562874	0.640718562874	0.682634730539	0.793413173653	0.771457085828	0.88123752495	0.873253493014	0.712574850299	0.682634730539	0.706586826347	0.666666666667	0.601796407186	0.619760479042	0.701596806387	0.686626746507	0.710578842315	0.816367265469	0.750499001996	0.781437125749	0.800399201597	0.809381237525	0.824351297405	0.830339321357	0.826347305389	0.821357285429	0.832335329341	0.826347305389	0.819361277445	0.827345309381	0.815369261477	0.828343313373	0.827345309381	0.790419161677	0.803393213573	0.708582834331	0.680638722555	0.667664670659	0.694610778443	0.676646706587	0.661676646707	0.690618762475	0.672654690619	0.674650698603	0.674650698603	0.671656686627	0.705588822355	0.677644710579	0.670658682635	0.702594810379	0.702594810379	0.947105788423	0.934131736527	0.897205588822	0.728542914172	0.934131736527	0.931137724551	0.75748502994	0.921157684631	0.844311377246	0.925149700599	0.770459081836	0.894211576846	0.97005988024	0.940119760479	0.719560878244	0.73253493014	0.7375249501	0.841317365269	0.809381237525	0.707584830339	0.717564870259	0.709580838323	0.707584830339	0.786427145709	0.740518962076	0.724550898204	0.725548902196	0.77744510978
CG7	0.568862275449	0.565868263473	0.513972055888	0.447105788423	0.637724550898	0.599800399202	0.573852295409	0.650698602794	0.655688622754	0.579840319361	0.620758483034	0.616766467066	0.0	0.479041916168	0.581836327345	0.585828343313	0.854291417166	0.827345309381	0.880239520958	0.863273453094	0.664670658683	0.678642714571	0.835329341317	0.834331337325	0.731536926148	0.789421157685	0.775449101796	0.755489021956	0.706586826347	0.784431137725	0.790419161677	0.806387225549	0.669660678643	0.669660678643	0.640718562874	0.691616766467	0.650698602794	0.676646706587	0.701596806387	0.699600798403	0.690618762475	0.695608782435	0.622754491018	0.689620758483	0.660678642715	0.657684630739	0.671656686627	0.721556886228	0.659680638723	0.706586826347	0.719560878244	0.650698602794	0.697604790419	0.644710578842	0.694610778443	0.629740518962	0.609780439122	0.64371257485	0.663672654691	0.719560878244	0.730538922156	0.706586826347	0.725548902196	0.898203592814	0.880239520958	0.884231536926	0.716566866267	0.882235528942	0.879241516966	0.733532934132	0.899201596806	0.857285429142	0.889221556886	0.726546906188	0.874251497006	0.915169660679	0.887225548902	0.763473053892	0.749500998004	0.774451097804	0.696606786427	0.651696606786	0.632734530938	0.64870259481	0.63872255489	0.622754491018	0.798403193613	0.785429141717	0.73253493014	0.7624750499	0.807385229541
CG8	0.631736526946	0.612774451098	0.430139720559	0.5	0.664670658683	0.639720558882	0.625748502994	0.651696606786	0.662674650699	0.636726546906	0.63872255489	0.640718562874	0.479041916168	0.0	0.63872255489	0.636726546906	0.848303393214	0.819361277445	0.86127744511	0.85628742515	0.711576846307	0.706586826347	0.831337325349	0.804391217565	0.703592814371	0.765469061876	0.769461077844	0.728542914172	0.689620758483	0.775449101796	0.774451097804	0.791417165669	0.719560878244	0.702594810379	0.667664670659	0.712574850299	0.672654690619	0.700598802395	0.718562874251	0.717564870259	0.721556886228	0.714570858283	0.632734530938	0.710578842315	0.672654690619	0.710578842315	0.720558882236	0.754491017964	0.687624750499	0.7375249501	0.751497005988	0.674650698603	0.723552894212	0.659680638723	0.720558882236	0.651696606786	0.63872255489	0.670658682635	0.696606786427	0.746506986028	0.751497005988	0.731536926148	0.759481037924	0.892215568862	0.817365269461	0.878243512974	0.72754491018	0.812375249501	0.87125748503	0.765469061876	0.890219560878	0.837325349301	0.874251497006	0.734530938124	0.867265469062	0.848303393214	0.882235528942	0.809381237525	0.781437125749	0.822355289421	0.689620758483	0.658682634731	0.675648702595	0.687624750499	0.693612774451	0.676646706587	0.852295409182	0.831337325349	0.776447105788	0.807385229541	0.85628742515
CH7	0.389221556886	0.306387225549	0.665668662675	0.500998003992	0.646706586826	0.60878243513	0.370259481038	0.450099800399	0.462075848303	0.412175648703	0.624750499002	0.640718562874	0.581836327345	0.63872255489	0.0	0.374251497006	0.873253493014	0.877245508982	0.916167664671	0.920159680639	0.715568862275	0.735528942116	0.889221556886	0.89121756487	0.768463073852	0.836327345309	0.810379241517	0.798403193613	0.77245508982	0.844311377246	0.809381237525	0.839321357285	0.564870259481	0.522954091816	0.575848303393	0.513972055888	0.597804391218	0.587824351297	0.589820359281	0.546906187625	0.62375249501	0.582834331337	0.627744510978	0.541916167665	0.569860279441	0.512974051896	0.546906187625	0.73253493014	0.679640718563	0.659680638723	0.690618762475	0.616766467066	0.656686626747	0.626746506986	0.667664670659	0.597804391218	0.527944111776	0.615768463074	0.661676646707	0.672654690619	0.660678642715	0.715568862275	0.692614770459	0.938123752495	0.940119760479	0.893213572854	0.706586826347	0.939121756487	0.924151696607	0.726546906188	0.910179640719	0.880239520958	0.911177644711	0.760479041916	0.893213572854	0.955089820359	0.936127744511	0.681636726547	0.739520958084	0.694610778443	0.61876247505	0.61377245509	0.546906187625	0.567864271457	0.512974051896	0.498003992016	0.756487025948	0.703592814371	0.64870259481	0.683632734531	0.729540918164
CH8	0.292415169661	0.382235528942	0.667664670659	0.520958083832	0.695608782435	0.660678642715	0.407185628743	0.411177644711	0.413173652695	0.449101796407	0.667664670659	0.682634730539	0.585828343313	0.636726546906	0.374251497006	0.0	0.922155688623	0.915169660679	0.919161676647	0.920159680639	0.745508982036	0.77245508982	0.937125748503	0.932135728543	0.817365269461	0.885229540918	0.85628742515	0.838323353293	0.807385229541	0.860279441118	0.843313373253	0.873253493014	0.572854291417	0.523952095808	0.568862275449	0.5	0.588822355289	0.586826347305	0.591816367265	0.547904191617	0.631736526946	0.586826347305	0.61876247505	0.540918163673	0.554890219561	0.511976047904	0.550898203593	0.724550898204	0.694610778443	0.686626746507	0.703592814371	0.601796407186	0.678642714571	0.645708582834	0.683632734531	0.617764471058	0.541916167665	0.612774451098	0.655688622754	0.693612774451	0.672654690619	0.716566866267	0.711576846307	0.936127744511	0.940119760479	0.893213572854	0.72754491018	0.938123752495	0.928143712575	0.753493013972	0.918163672655	0.888223552894	0.922155688623	0.770459081836	0.892215568862	0.965069860279	0.934131736527	0.728542914172	0.748502994012	0.718562874251	0.61876247505	0.601796407186	0.599800399202	0.622754491018	0.563872255489	0.546906187625	0.744510978044	0.749500998004	0.689620758483	0.704590818363	0.753493013972
CA1	0.916167664671	0.867265469062	0.844311377246	0.849301397206	0.810379241517	0.797405189621	0.883233532934	0.912175648703	0.923153692615	0.885229540918	0.809381237525	0.793413173653	0.854291417166	0.848303393214	0.873253493014	0.922155688623	0.0	0.333333333333	0.489021956088	0.478043912176	0.847305389222	0.726546906188	0.74251497006	0.740518962076	0.721556886228	0.725548902196	0.462075848303	0.493013972056	0.478043912176	0.455089820359	0.444111776447	0.402195608782	0.966067864271	0.957085828343	0.961077844311	0.961077844311	0.964071856287	0.960079840319	0.964071856287	0.962075848303	0.962075848303	0.963073852295	0.964071856287	0.963073852295	0.963073852295	0.959081836327	0.965069860279	0.922155688623	0.925149700599	0.924151696607	0.934131736527	0.934131736527	0.927145708583	0.923153692615	0.913173652695	0.912175648703	0.922155688623	0.928143712575	0.922155688623	0.931137724551	0.936127744511	0.928143712575	0.931137724551	0.937125748503	0.940119760479	0.934131736527	0.938123752495	0.937125748503	0.934131736527	0.936127744511	0.923153692615	0.916167664671	0.918163672655	0.928143712575	0.935129740519	0.961077844311	0.940119760479	0.929141716567	0.923153692615	0.932135728543	0.939121756487	0.932135728543	0.928143712575	0.928143712575	0.927145708583	0.926147704591	0.945109780439	0.927145708583	0.923153692615	0.933133732535	0.921157684631
CA2	0.905189620758	0.864271457086	0.816367265469	0.835329341317	0.790419161677	0.778443113772	0.877245508982	0.914171656687	0.918163672655	0.882235528942	0.790419161677	0.771457085828	0.827345309381	0.819361277445	0.877245508982	0.915169660679	0.333333333333	0.0	0.498003992016	0.486027944112	0.840319361277	0.694610778443	0.723552894212	0.728542914172	0.700598802395	0.708582834331	0.438123752495	0.466067864271	0.448103792415	0.443113772455	0.441117764471	0.384231536926	0.961077844311	0.949101796407	0.958083832335	0.957085828343	0.959081836327	0.955089820359	0.959081836327	0.956087824351	0.958083832335	0.956087824351	0.959081836327	0.957085828343	0.957085828343	0.954091816367	0.959081836327	0.917165668663	0.919161676647	0.919161676647	0.928143712575	0.927145708583	0.912175648703	0.908183632735	0.904191616766	0.907185628743	0.913173652695	0.921157684631	0.916167664671	0.920159680639	0.928143712575	0.925149700599	0.924151696607	0.933133732535	0.936127744511	0.931137724551	0.938123752495	0.936127744511	0.931137724551	0.933133732535	0.928143712575	0.907185628743	0.923153692615	0.922155688623	0.932135728543	0.967065868263	0.936127744511	0.920159680639	0.918163672655	0.930139720559	0.941117764471	0.931137724551	0.929141716567	0.930139720559	0.930139720559	0.920159680639	0.942115768463	0.926147704591	0.924151696607	0.927145708583	0.931137724551
CB1	0.918163672655	0.912175648703	0.870259481038	0.87624750499	0.887225548902	0.884231536926	0.923153692615	0.918163672655	0.929141716567	0.921157684631	0.877245508982	0.88123752495	0.880239520958	0.86127744511	0.916167664671	0.919161676647	0.489021956088	0.498003992016	0.0	0.284431137725	0.87125748503	0.743512974052	0.839321357285	0.829341317365	0.808383233533	0.822355289421	0.541916167665	0.556886227545	0.526946107784	0.437125748503	0.431137724551	0.453093812375	0.963073852295	0.949101796407	0.934131736527	0.955089820359	0.934131736527	0.944111776447	0.955089820359	0.959081836327	0.961077844311	0.958083832335	0.934131736527	0.951097804391	0.935129740519	0.957085828343	0.965069860279	0.922155688623	0.915169660679	0.916167664671	0.921157684631	0.923153692615	0.917165668663	0.927145708583	0.922155688623	0.924151696607	0.919161676647	0.916167664671	0.919161676647	0.915169660679	0.926147704591	0.916167664671	0.917165668663	0.922155688623	0.915169660679	0.939121756487	0.920159680639	0.918163672655	0.934131736527	0.921157684631	0.928143712575	0.898203592814	0.931137724551	0.913173652695	0.941117764471	0.949101796407	0.919161676647	0.962075848303	0.919161676647	0.962075848303	0.931137724551	0.920159680639	0.939121756487	0.952095808383	0.954091816367	0.943113772455	0.961077844311	0.964071856287	0.961077844311	0.961077844311	0.958083832335
CB2	0.919161676647	0.919161676647	0.86127744511	0.863273453094	0.878243512974	0.87624750499	0.928143712575	0.929141716567	0.939121756487	0.926147704591	0.87624750499	0.873253493014	0.863273453094	0.85628742515	0.920159680639	0.920159680639	0.478043912176	0.486027944112	0.284431137725	0.0	0.877245508982	0.74251497006	0.823353293413	0.821357285429	0.796407185629	0.811377245509	0.533932135729	0.553892215569	0.503992015968	0.409181636727	0.435129740519	0.448103792415	0.973053892216	0.960079840319	0.935129740519	0.965069860279	0.939121756487	0.955089820359	0.965069860279	0.97005988024	0.971057884232	0.968063872255	0.935129740519	0.960079840319	0.938123752495	0.965069860279	0.9750499002	0.911177644711	0.910179640719	0.917165668663	0.916167664671	0.930139720559	0.920159680639	0.934131736527	0.927145708583	0.932135728543	0.926147704591	0.924151696607	0.922155688623	0.920159680639	0.932135728543	0.910179640719	0.913173652695	0.929141716567	0.927145708583	0.944111776447	0.924151696607	0.920159680639	0.933133732535	0.925149700599	0.931137724551	0.909181636727	0.932135728543	0.919161676647	0.944111776447	0.953093812375	0.924151696607	0.966067864271	0.924151696607	0.965069860279	0.941117764471	0.928143712575	0.950099800399	0.953093812375	0.959081836327	0.953093812375	0.960079840319	0.966067864271	0.962075848303	0.965069860279	0.964071856287
CC1	0.744510978044	0.723552894212	0.749500998004	0.682634730539	0.730538922156	0.705588822355	0.715568862275	0.76746506986	0.770459081836	0.72754491018	0.706586826347	0.712574850299	0.664670658683	0.711576846307	0.715568862275	0.745508982036	0.847305389222	0.840319361277	0.87125748503	0.877245508982	0.0	0.48003992016	0.88123752495	0.885229540918	0.760479041916	0.823353293413	0.7624750499	0.746506986028	0.740518962076	0.782435129741	0.785429141717	0.820359281437	0.788423153693	0.783433133733	0.766467065868	0.812375249501	0.776447105788	0.796407185629	0.816367265469	0.817365269461	0.807385229541	0.809381237525	0.754491017964	0.806387225549	0.775449101796	0.776447105788	0.787425149701	0.679640718563	0.670658682635	0.706586826347	0.72754491018	0.717564870259	0.687624750499	0.692614770459	0.689620758483	0.678642714571	0.72255489022	0.721556886228	0.702594810379	0.708582834331	0.72754491018	0.678642714571	0.717564870259	0.852295409182	0.832335329341	0.769461077844	0.664670658683	0.832335329341	0.829341317365	0.703592814371	0.814371257485	0.745508982036	0.797405189621	0.670658682635	0.766467065868	0.86127744511	0.853293413174	0.679640718563	0.706586826347	0.756487025948	0.786427145709	0.745508982036	0.73253493014	0.718562874251	0.755489021956	0.73253493014	0.805389221557	0.692614770459	0.74251497006	0.749500998004	0.773453093812
CC2	0.764471057884	0.731536926148	0.733532934132	0.692614770459	0.716566866267	0.683632734531	0.748502994012	0.795409181637	0.793413173653	0.749500998004	0.690618762475	0.682634730539	0.678642714571	0.706586826347	0.735528942116	0.77245508982	0.726546906188	0.694610778443	0.743512974052	0.74251497006	0.48003992016	0.0	0.789421157685	0.784431137725	0.682634730539	0.718562874251	0.595808383234	0.566866267465	0.63872255489	0.669660678643	0.639720558882	0.670658682635	0.826347305389	0.806387225549	0.798403193613	0.831337325349	0.808383233533	0.819361277445	0.844311377246	0.844311377246	0.836327345309	0.839321357285	0.796407185629	0.831337325349	0.810379241517	0.812375249501	0.818363273453	0.715568862275	0.711576846307	0.736526946108	0.753493013972	0.746506986028	0.720558882236	0.73253493014	0.733532934132	0.729540918164	0.749500998004	0.753493013972	0.745508982036	0.726546906188	0.758483033932	0.716566866267	0.736526946108	0.87125748503	0.842315369261	0.812375249501	0.73253493014	0.844311377246	0.862275449102	0.740518962076	0.830339321357	0.760479041916	0.827345309381	0.721556886228	0.805389221557	0.88622754491	0.86127744511	0.723552894212	0.721556886228	0.782435129741	0.812375249501	0.781437125749	0.765469061876	0.763473053892	0.783433133733	0.760479041916	0.825349301397	0.743512974052	0.790419161677	0.782435129741	0.792415169661
CD1	0.927145708583	0.885229540918	0.807385229541	0.834331337325	0.672654690619	0.746506986028	0.910179640719	0.948103792415	0.951097804391	0.902195608782	0.748502994012	0.706586826347	0.835329341317	0.831337325349	0.889221556886	0.937125748503	0.74251497006	0.723552894212	0.839321357285	0.823353293413	0.88123752495	0.789421157685	0.0	0.413173652695	0.560878243513	0.48003992016	0.713572854291	0.730538922156	0.778443113772	0.812375249501	0.804391217565	0.783433133733	0.982035928144	0.979041916168	0.981037924152	0.981037924152	0.982035928144	0.98003992016	0.982035928144	0.98003992016	0.981037924152	0.977045908184	0.981037924152	0.98003992016	0.981037924152	0.979041916168	0.982035928144	0.956087824351	0.947105788423	0.954091816367	0.956087824351	0.950099800399	0.948103792415	0.948103792415	0.945109780439	0.948103792415	0.951097804391	0.952095808383	0.948103792415	0.957085828343	0.948103792415	0.954091816367	0.955089820359	0.965069860279	0.960079840319	0.9750499002	0.966067864271	0.960079840319	0.977045908184	0.967065868263	0.971057884232	0.952095808383	0.972055888224	0.964071856287	0.976047904192	0.986027944112	0.964071856287	0.977045908184	0.950099800399	0.972055888224	0.961077844311	0.956087824351	0.969061876248	0.97005988024	0.973053892216	0.967065868263	0.979041916168	0.977045908184	0.974051896208	0.972055888224	0.972055888224
CD2	0.924151696607	0.889221556886	0.784431137725	0.819361277445	0.65369261477	0.739520958084	0.898203592814	0.947105788423	0.950099800399	0.89620758483	0.72754491018	0.666666666667	0.834331337325	0.804391217565	0.89121756487	0.932135728543	0.740518962076	0.728542914172	0.829341317365	0.821357285429	0.885229540918	0.784431137725	0.413173652695	0.0	0.547904191617	0.465069860279	0.709580838323	0.713572854291	0.763473053892	0.811377245509	0.797405189621	0.76746506986	0.979041916168	0.98003992016	0.981037924152	0.982035928144	0.981037924152	0.98003992016	0.981037924152	0.979041916168	0.98003992016	0.977045908184	0.981037924152	0.982035928144	0.981037924152	0.98003992016	0.981037924152	0.940119760479	0.933133732535	0.939121756487	0.937125748503	0.940119760479	0.935129740519	0.934131736527	0.932135728543	0.934131736527	0.935129740519	0.936127744511	0.937125748503	0.942115768463	0.937125748503	0.934131736527	0.941117764471	0.969061876248	0.958083832335	0.973053892216	0.962075848303	0.960079840319	0.976047904192	0.966067864271	0.97005988024	0.935129740519	0.971057884232	0.962075848303	0.972055888224	0.988023952096	0.966067864271	0.969061876248	0.941117764471	0.97005988024	0.955089820359	0.955089820359	0.963073852295	0.969061876248	0.97005988024	0.966067864271	0.977045908184	0.971057884232	0.97005988024	0.967065868263	0.97005988024
CE1	0.809381237525	0.768463073852	0.677644710579	0.726546906188	0.578842315369	0.61377245509	0.788423153693	0.820359281437	0.828343313373	0.778443113772	0.622754491018	0.601796407186	0.731536926148	0.703592814371	0.768463073852	0.817365269461	0.721556886228	0.700598802395	0.808383233533	0.796407185629	0.760479041916	0.682634730539	0.560878243513	0.547904191617	0.0	0.437125748503	0.675648702595	0.651696606786	0.651696606786	0.739520958084	0.706586826347	0.718562874251	0.889221556886	0.878243512974	0.880239520958	0.880239520958	0.88123752495	0.874251497006	0.883233532934	0.885229540918	0.88622754491	0.885229540918	0.878243512974	0.880239520958	0.877245508982	0.87624750499	0.887225548902	0.775449101796	0.75249500998	0.768463073852	0.808383233533	0.750499001996	0.753493013972	0.775449101796	0.754491017964	0.75748502994	0.780439121756	0.75748502994	0.746506986028	0.779441117764	0.75748502994	0.763473053892	0.789421157685	0.952095808383	0.934131736527	0.889221556886	0.85628742515	0.928143712575	0.949101796407	0.878243512974	0.931137724551	0.810379241517	0.929141716567	0.87624750499	0.888223552894	0.959081836327	0.945109780439	0.858283433134	0.785429141717	0.877245508982	0.813373253493	0.821357285429	0.841317365269	0.838323353293	0.848303393214	0.840319361277	0.917165668663	0.865269461078	0.850299401198	0.870259481038	0.919161676647
CE2	0.875249500998	0.830339321357	0.726546906188	0.782435129741	0.606786427146	0.674650698603	0.859281437126	0.892215568862	0.899201596806	0.850299401198	0.683632734531	0.619760479042	0.789421157685	0.765469061876	0.836327345309	0.885229540918	0.725548902196	0.708582834331	0.822355289421	0.811377245509	0.823353293413	0.718562874251	0.48003992016	0.465069860279	0.437125748503	0.0	0.675648702595	0.64870259481	0.715568862275	0.763473053892	0.73253493014	0.735528942116	0.947105788423	0.936127744511	0.940119760479	0.943113772455	0.939121756487	0.939121756487	0.940119760479	0.941117764471	0.942115768463	0.942115768463	0.940119760479	0.942115768463	0.938123752495	0.940119760479	0.946107784431	0.839321357285	0.835329341317	0.841317365269	0.848303393214	0.838323353293	0.838323353293	0.855289421158	0.834331337325	0.839321357285	0.850299401198	0.835329341317	0.835329341317	0.842315369261	0.843313373253	0.836327345309	0.848303393214	0.960079840319	0.937125748503	0.923153692615	0.910179640719	0.940119760479	0.954091816367	0.912175648703	0.940119760479	0.830339321357	0.940119760479	0.908183632735	0.921157684631	0.97005988024	0.950099800399	0.922155688623	0.837325349301	0.916167664671	0.893213572854	0.894211576846	0.911177644711	0.916167664671	0.914171656687	0.905189620758	0.933133732535	0.922155688623	0.918163672655	0.920159680639	0.930139720559
CF1	0.849301397206	0.800399201597	0.780439121756	0.778443113772	0.705588822355	0.72255489022	0.827345309381	0.864271457086	0.872255489022	0.819361277445	0.714570858283	0.701596806387	0.775449101796	0.769461077844	0.810379241517	0.85628742515	0.462075848303	0.438123752495	0.541916167665	0.533932135729	0.7624750499	0.595808383234	0.713572854291	0.709580838323	0.675648702595	0.675648702595	0.0	0.327345309381	0.467065868263	0.498003992016	0.431137724551	0.439121756487	0.899201596806	0.893213572854	0.900199600798	0.902195608782	0.902195608782	0.895209580838	0.904191616766	0.898203592814	0.89620758483	0.89620758483	0.898203592814	0.900199600798	0.90618762475	0.897205588822	0.898203592814	0.826347305389	0.820359281437	0.820359281437	0.827345309381	0.829341317365	0.818363273453	0.818363273453	0.814371257485	0.805389221557	0.828343313373	0.826347305389	0.828343313373	0.828343313373	0.831337325349	0.822355289421	0.829341317365	0.932135728543	0.925149700599	0.920159680639	0.872255489022	0.919161676647	0.921157684631	0.87624750499	0.898203592814	0.850299401198	0.902195608782	0.860279441118	0.926147704591	0.961077844311	0.922155688623	0.85628742515	0.820359281437	0.872255489022	0.917165668663	0.892215568862	0.873253493014	0.867265469062	0.86626746507	0.864271457086	0.889221556886	0.87125748503	0.86127744511	0.874251497006	0.863273453094
CF2	0.830339321357	0.791417165669	0.748502994012	0.766467065868	0.697604790419	0.707584830339	0.807385229541	0.842315369261	0.848303393214	0.812375249501	0.708582834331	0.686626746507	0.755489021956	0.728542914172	0.798403193613	0.838323353293	0.493013972056	0.466067864271	0.556886227545	0.553892215569	0.746506986028	0.566866267465	0.730538922156	0.713572854291	0.651696606786	0.64870259481	0.327345309381	0.0	0.450099800399	0.500998003992	0.423153692615	0.443113772455	0.900199600798	0.887225548902	0.893213572854	0.890219560878	0.893213572854	0.888223552894	0.898203592814	0.894211576846	0.897205588822	0.893213572854	0.892215568862	0.892215568862	0.889221556886	0.889221556886	0.895209580838	0.802395209581	0.797405189621	0.797405189621	0.807385229541	0.806387225549	0.790419161677	0.793413173653	0.790419161677	0.791417165669	0.799401197605	0.799401197605	0.799401197605	0.793413173653	0.813373253493	0.792415169661	0.807385229541	0.927145708583	0.914171656687	0.90618762475	0.858283433134	0.905189620758	0.908183632735	0.857285429142	0.895209580838	0.828343313373	0.89620758483	0.844311377246	0.909181636727	0.951097804391	0.916167664671	0.844311377246	0.795409181637	0.858283433134	0.88622754491	0.854291417166	0.853293413174	0.849301397206	0.85129740519	0.847305389222	0.87125748503	0.854291417166	0.847305389222	0.863273453094	0.855289421158
CG1	0.801397205589	0.755489021956	0.691616766467	0.709580838323	0.717564870259	0.713572854291	0.781437125749	0.786427145709	0.793413173653	0.783433133733	0.736526946108	0.710578842315	0.706586826347	0.689620758483	0.77245508982	0.807385229541	0.478043912176	0.448103792415	0.526946107784	0.503992015968	0.740518962076	0.63872255489	0.778443113772	0.763473053892	0.651696606786	0.715568862275	0.467065868263	0.450099800399	0.0	0.395209580838	0.454091816367	0.451097804391	0.874251497006	0.853293413174	0.809381237525	0.860279441118	0.810379241517	0.85129740519	0.862275449102	0.867265469062	0.870259481038	0.869261477046	0.807385229541	0.857285429142	0.818363273453	0.860279441118	0.873253493014	0.809381237525	0.770459081836	0.799401197605	0.812375249501	0.814371257485	0.805389221557	0.813373253493	0.810379241517	0.811377245509	0.807385229541	0.803393213573	0.806387225549	0.815369261477	0.818363273453	0.779441117764	0.820359281437	0.895209580838	0.90119760479	0.862275449102	0.802395209581	0.89620758483	0.872255489022	0.823353293413	0.879241516966	0.863273453094	0.878243512974	0.812375249501	0.850299401198	0.904191616766	0.897205588822	0.832335329341	0.838323353293	0.847305389222	0.834331337325	0.801397205589	0.818363273453	0.819361277445	0.821357285429	0.819361277445	0.873253493014	0.853293413174	0.828343313373	0.834331337325	0.884231536926
