	CA7	CA8	CB7	CB8	CC7	CC8	CD7	CD8	CE7	CE8	CF7	CF8	CG7	CG8	CH7	CH8	CA1	CA2	CB1	CB2	CC1	CC2	CD1	CD2	CE1	CE2	CF1	CF2	CG1	CG2	CH1	CH2	CA5	CA6	CB5	CB6	CC5	CC6	CD6	CE5	CE6	CF5	CF6	CG5	CG6	CH5	CH6	CA11	CA12	CB11	CB12	CC11	CC12	CD11	CD12	CE11	CE12	CF11	CF12	CG11	CG12	CH11	CH12	CA3	CA4	CB3	CB4	CC4	CD3	CD4	CE4	CF3	CF4	CG3	CG4	CH3	CH4	CA9	CA10	CB9	CC9	CC10	CD9	CD10	CE9	CE10	CF9	CG9	CG10	CH9	CH10
CA7	0.0	0.37624750499	0.647704590818	0.525948103792	0.686626746507	0.644710578842	0.416167664671	0.422155688623	0.414171656687	0.450099800399	0.654690618762	0.688622754491	0.564870259481	0.652694610778	0.384231536926	0.296407185629	0.925149700599	0.90618762475	0.909181636727	0.914171656687	0.743512974052	0.763473053892	0.931137724551	0.931137724551	0.814371257485	0.88123752495	0.853293413174	0.848303393214	0.809381237525	0.860279441118	0.858283433134	0.868263473054	0.526946107784	0.531936127745	0.569860279441	0.48502994012	0.619760479042	0.568862275449	0.587824351297	0.565868263473	0.636726546906	0.551896207585	0.641716566866	0.521956087824	0.571856287425	0.511976047904	0.536926147705	0.7375249501	0.715568862275	0.694610778443	0.705588822355	0.634730538922	0.671656686627	0.647704590818	0.720558882236	0.659680638723	0.560878243513	0.604790419162	0.637724550898	0.691616766467	0.677644710579	0.729540918164	0.690618762475	0.932135728543	0.941117764471	0.889221556886	0.733532934132	0.938123752495	0.897205588822	0.745508982036	0.911177644711	0.878243512974	0.923153692615	0.755489021956	0.884231536926	0.962075848303	0.927145708583	0.738522954092	0.72255489022	0.716566866267	0.644710578842	0.626746506986	0.601796407186	0.617764471058	0.558882235529	0.549900199601	0.763473053892	0.754491017964	0.688622754491	0.721556886228	0.753493013972
CA8	0.37624750499	0.0	0.626746506986	0.5	0.627744510978	0.577844311377	0.384231536926	0.47005988024	0.465069860279	0.405189620758	0.600798403194	0.624750499002	0.526946107784	0.624750499002	0.306387225549	0.373253493014	0.87125748503	0.855289421158	0.90119760479	0.905189620758	0.715568862275	0.730538922156	0.868263473054	0.863273453094	0.750499001996	0.811377245509	0.803393213573	0.798403193613	0.755489021956	0.84630738523	0.830339321357	0.834331337325	0.51996007984	0.527944111776	0.575848303393	0.525948103792	0.625748502994	0.568862275449	0.584830339321	0.561876247505	0.630738522954	0.551896207585	0.650698602794	0.520958083832	0.579840319361	0.51497005988	0.528942115768	0.72754491018	0.711576846307	0.677644710579	0.677644710579	0.635728542914	0.650698602794	0.619760479042	0.702594810379	0.630738522954	0.543912175649	0.60379241517	0.639720558882	0.673652694611	0.668662674651	0.716566866267	0.683632734531	0.940119760479	0.945109780439	0.892215568862	0.729540918164	0.937125748503	0.900199600798	0.733532934132	0.913173652695	0.879241516966	0.918163672655	0.751497005988	0.887225548902	0.964071856287	0.932135728543	0.717564870259	0.718562874251	0.707584830339	0.645708582834	0.62375249501	0.567864271457	0.585828343313	0.527944111776	0.506986027944	0.766467065868	0.733532934132	0.65369261477	0.707584830339	0.730538922156
CB7	0.647704590818	0.626746506986	0.0	0.52994011976	0.678642714571	0.676646706587	0.635728542914	0.677644710579	0.663672654691	0.647704590818	0.683632734531	0.667664670659	0.502994011976	0.417165668663	0.656686626747	0.63373253493	0.843313373253	0.822355289421	0.855289421158	0.859281437126	0.765469061876	0.750499001996	0.815369261477	0.791417165669	0.674650698603	0.736526946108	0.793413173653	0.763473053892	0.728542914172	0.786427145709	0.793413173653	0.802395209581	0.728542914172	0.724550898204	0.682634730539	0.717564870259	0.675648702595	0.713572854291	0.72754491018	0.726546906188	0.725548902196	0.724550898204	0.635728542914	0.721556886228	0.673652694611	0.724550898204	0.725548902196	0.764471057884	0.733532934132	0.773453093812	0.77245508982	0.717564870259	0.741516966068	0.695608782435	0.755489021956	0.696606786427	0.63872255489	0.698602794411	0.686626746507	0.76746506986	0.77245508982	0.758483033932	0.760479041916	0.884231536926	0.821357285429	0.877245508982	0.779441117764	0.817365269461	0.874251497006	0.779441117764	0.898203592814	0.822355289421	0.893213572854	0.788423153693	0.864271457086	0.850299401198	0.894211576846	0.860279441118	0.791417165669	0.86127744511	0.690618762475	0.677644710579	0.729540918164	0.739520958084	0.706586826347	0.703592814371	0.897205588822	0.88123752495	0.809381237525	0.865269461078	0.892215568862
CB8	0.525948103792	0.5	0.52994011976	0.0	0.632734530938	0.602794411178	0.500998003992	0.60379241517	0.602794411178	0.518962075848	0.62375249501	0.620758483034	0.409181636727	0.50998003992	0.521956087824	0.516966067864	0.865269461078	0.848303393214	0.875249500998	0.872255489022	0.676646706587	0.696606786427	0.840319361277	0.840319361277	0.735528942116	0.791417165669	0.796407185629	0.770459081836	0.718562874251	0.795409181637	0.823353293413	0.828343313373	0.622754491018	0.644710578842	0.631736526946	0.649700598802	0.610778443114	0.640718562874	0.655688622754	0.673652694611	0.672654690619	0.655688622754	0.606786427146	0.655688622754	0.587824351297	0.642714570858	0.631736526946	0.707584830339	0.683632734531	0.699600798403	0.693612774451	0.63373253493	0.686626746507	0.626746506986	0.700598802395	0.641716566866	0.544910179641	0.62874251497	0.639720558882	0.711576846307	0.706586826347	0.692614770459	0.687624750499	0.899201596806	0.899201596806	0.884231536926	0.72754491018	0.892215568862	0.870259481038	0.729540918164	0.904191616766	0.864271457086	0.907185628743	0.73253493014	0.870259481038	0.926147704591	0.90119760479	0.75748502994	0.724550898204	0.756487025948	0.636726546906	0.625748502994	0.62375249501	0.630738522954	0.584830339321	0.574850299401	0.789421157685	0.773453093812	0.705588822355	0.764471057884	0.783433133733
CC7	0.686626746507	0.627744510978	0.678642714571	0.632734530938	0.0	0.512974051896	0.663672654691	0.791417165669	0.781437125749	0.694610778443	0.507984031936	0.453093812375	0.644710578842	0.666666666667	0.657684630739	0.689620758483	0.801397205589	0.796407185629	0.867265469062	0.88123752495	0.726546906188	0.724550898204	0.675648702595	0.669660678643	0.595808383234	0.619760479042	0.728542914172	0.713572854291	0.749500998004	0.806387225549	0.774451097804	0.784431137725	0.796407185629	0.816367265469	0.848303393214	0.834331337325	0.828343313373	0.824351297405	0.828343313373	0.834331337325	0.843313373253	0.825349301397	0.830339321357	0.825349301397	0.810379241517	0.817365269461	0.805389221557	0.725548902196	0.716566866267	0.699600798403	0.692614770459	0.683632734531	0.675648702595	0.711576846307	0.718562874251	0.718562874251	0.702594810379	0.678642714571	0.714570858283	0.681636726547	0.673652694611	0.717564870259	0.681636726547	0.947105788423	0.947105788423	0.907185628743	0.759481037924	0.944111776447	0.914171656687	0.758483033932	0.932135728543	0.853293413174	0.939121756487	0.758483033932	0.904191616766	0.978043912176	0.942115768463	0.741516966068	0.716566866267	0.748502994012	0.845309381238	0.818363273453	0.724550898204	0.729540918164	0.717564870259	0.730538922156	0.795409181637	0.758483033932	0.731536926148	0.754491017964	0.783433133733
CC8	0.644710578842	0.577844311377	0.676646706587	0.602794411178	0.512974051896	0.0	0.627744510978	0.748502994012	0.744510978044	0.645708582834	0.449101796407	0.483033932136	0.607784431138	0.634730538922	0.585828343313	0.627744510978	0.788423153693	0.796407185629	0.87125748503	0.88123752495	0.698602794411	0.685628742515	0.758483033932	0.75249500998	0.647704590818	0.700598802395	0.730538922156	0.723552894212	0.746506986028	0.816367265469	0.785429141717	0.790419161677	0.763473053892	0.775449101796	0.807385229541	0.791417165669	0.790419161677	0.779441117764	0.784431137725	0.799401197605	0.807385229541	0.786427145709	0.787425149701	0.787425149701	0.768463073852	0.77744510978	0.769461077844	0.729540918164	0.710578842315	0.672654690619	0.681636726547	0.659680638723	0.637724550898	0.675648702595	0.698602794411	0.671656686627	0.665668662675	0.646706586826	0.678642714571	0.664670658683	0.663672654691	0.706586826347	0.675648702595	0.932135728543	0.922155688623	0.89121756487	0.708582834331	0.919161676647	0.897205588822	0.720558882236	0.910179640719	0.857285429142	0.917165668663	0.734530938124	0.888223552894	0.955089820359	0.925149700599	0.690618762475	0.729540918164	0.709580838323	0.794411177645	0.774451097804	0.656686626747	0.664670658683	0.64870259481	0.64870259481	0.784431137725	0.712574850299	0.655688622754	0.707584830339	0.75249500998
CD7	0.416167664671	0.384231536926	0.635728542914	0.500998003992	0.663672654691	0.627744510978	0.0	0.456087824351	0.453093812375	0.358283433134	0.642714570858	0.64371257485	0.52994011976	0.631736526946	0.397205588822	0.423153692615	0.899201596806	0.870259481038	0.904191616766	0.907185628743	0.724550898204	0.745508982036	0.89620758483	0.89620758483	0.782435129741	0.852295409182	0.820359281437	0.810379241517	0.768463073852	0.845309381238	0.840319361277	0.848303393214	0.527944111776	0.543912175649	0.573852295409	0.551896207585	0.620758483034	0.563872255489	0.586826347305	0.571856287425	0.636726546906	0.560878243513	0.64371257485	0.554890219561	0.573852295409	0.544910179641	0.537924151697	0.683632734531	0.664670658683	0.654690618762	0.64870259481	0.588822355289	0.631736526946	0.594810379242	0.689620758483	0.619760479042	0.522954091816	0.564870259481	0.590818363273	0.649700598802	0.64870259481	0.679640718563	0.64870259481	0.940119760479	0.953093812375	0.894211576846	0.746506986028	0.937125748503	0.902195608782	0.75249500998	0.917165668663	0.878243512974	0.922155688623	0.755489021956	0.893213572854	0.967065868263	0.936127744511	0.72754491018	0.714570858283	0.682634730539	0.601796407186	0.588822355289	0.539920159681	0.553892215569	0.505988023952	0.49500998004	0.725548902196	0.744510978044	0.659680638723	0.683632734531	0.7375249501
CD8	0.422155688623	0.47005988024	0.677644710579	0.60379241517	0.791417165669	0.748502994012	0.456087824351	0.0	0.330339321357	0.451097804391	0.763473053892	0.77744510978	0.616766467066	0.672654690619	0.473053892216	0.417165668663	0.935129740519	0.917165668663	0.931137724551	0.933133732535	0.781437125749	0.803393213573	0.955089820359	0.954091816367	0.843313373253	0.903193612774	0.870259481038	0.858283433134	0.810379241517	0.885229540918	0.85628742515	0.882235528942	0.555888223553	0.553892215569	0.565868263473	0.49500998004	0.631736526946	0.576846307385	0.60379241517	0.562874251497	0.632734530938	0.561876247505	0.655688622754	0.527944111776	0.605788423154	0.527944111776	0.562874251497	0.753493013972	0.73253493014	0.74750499002	0.741516966068	0.669660678643	0.72255489022	0.654690618762	0.73253493014	0.664670658683	0.580838323353	0.652694610778	0.658682634731	0.734530938124	0.728542914172	0.751497005988	0.7375249501	0.932135728543	0.937125748503	0.879241516966	0.815369261477	0.932135728543	0.893213572854	0.818363273453	0.897205588822	0.87125748503	0.912175648703	0.822355289421	0.878243512974	0.952095808383	0.926147704591	0.802395209581	0.778443113772	0.771457085828	0.606786427146	0.588822355289	0.630738522954	0.639720558882	0.59381237525	0.574850299401	0.816367265469	0.816367265469	0.736526946108	0.781437125749	0.816367265469
CE7	0.414171656687	0.465069860279	0.663672654691	0.602794411178	0.781437125749	0.744510978044	0.453093812375	0.330339321357	0.0	0.443113772455	0.74750499002	0.769461077844	0.606786427146	0.670658682635	0.4750499002	0.418163672655	0.925149700599	0.907185628743	0.926147704591	0.928143712575	0.768463073852	0.780439121756	0.952095808383	0.947105788423	0.827345309381	0.890219560878	0.852295409182	0.836327345309	0.786427145709	0.87125748503	0.85129740519	0.86626746507	0.555888223553	0.542914171657	0.565868263473	0.49001996008	0.626746506986	0.576846307385	0.59381237525	0.561876247505	0.626746506986	0.561876247505	0.654690618762	0.532934131737	0.597804391218	0.523952095808	0.557884231537	0.753493013972	0.731536926148	0.739520958084	0.743512974052	0.669660678643	0.703592814371	0.64371257485	0.72754491018	0.654690618762	0.576846307385	0.647704590818	0.645708582834	0.73253493014	0.729540918164	0.74750499002	0.735528942116	0.919161676647	0.925149700599	0.864271457086	0.806387225549	0.924151696607	0.884231536926	0.807385229541	0.890219560878	0.865269461078	0.90618762475	0.815369261477	0.862275449102	0.936127744511	0.920159680639	0.788423153693	0.77245508982	0.758483033932	0.597804391218	0.587824351297	0.616766467066	0.621756487026	0.585828343313	0.569860279441	0.814371257485	0.799401197605	0.723552894212	0.763473053892	0.801397205589
CE8	0.450099800399	0.405189620758	0.647704590818	0.518962075848	0.694610778443	0.645708582834	0.358283433134	0.451097804391	0.443113772455	0.0	0.65369261477	0.672654690619	0.541916167665	0.651696606786	0.414171656687	0.448103792415	0.890219560878	0.875249500998	0.912175648703	0.915169660679	0.709580838323	0.731536926148	0.912175648703	0.900199600798	0.786427145709	0.850299401198	0.811377245509	0.809381237525	0.76746506986	0.853293413174	0.835329341317	0.845309381238	0.527944111776	0.534930139721	0.579840319361	0.550898203593	0.631736526946	0.565868263473	0.584830339321	0.566866267465	0.634730538922	0.552894211577	0.652694610778	0.553892215569	0.581836327345	0.539920159681	0.534930139721	0.697604790419	0.684630738523	0.693612774451	0.688622754491	0.619760479042	0.661676646707	0.585828343313	0.685628742515	0.597804391218	0.520958083832	0.59880239521	0.617764471058	0.684630738523	0.686626746507	0.689620758483	0.690618762475	0.929141716567	0.938123752495	0.88622754491	0.759481037924	0.929141716567	0.897205588822	0.766467065868	0.90119760479	0.878243512974	0.915169660679	0.766467065868	0.877245508982	0.956087824351	0.929141716567	0.73253493014	0.713572854291	0.701596806387	0.611776447106	0.600798403194	0.567864271457	0.583832335329	0.522954091816	0.503992015968	0.748502994012	0.74251497006	0.663672654691	0.711576846307	0.754491017964
CF7	0.654690618762	0.600798403194	0.683632734531	0.62375249501	0.507984031936	0.449101796407	0.642714570858	0.763473053892	0.74750499002	0.65369261477	0.0	0.486027944112	0.62874251497	0.641716566866	0.599800399202	0.626746506986	0.803393213573	0.813373253493	0.87125748503	0.88123752495	0.696606786427	0.689620758483	0.764471057884	0.750499001996	0.652694610778	0.698602794411	0.721556886228	0.723552894212	0.755489021956	0.805389221557	0.789421157685	0.786427145709	0.77245508982	0.786427145709	0.822355289421	0.806387225549	0.800399201597	0.796407185629	0.800399201597	0.807385229541	0.816367265469	0.799401197605	0.801397205589	0.799401197605	0.77744510978	0.789421157685	0.77744510978	0.72255489022	0.705588822355	0.673652694611	0.670658682635	0.663672654691	0.617764471058	0.677644710579	0.690618762475	0.676646706587	0.678642714571	0.645708582834	0.683632734531	0.655688622754	0.652694610778	0.703592814371	0.659680638723	0.939121756487	0.924151696607	0.885229540918	0.706586826347	0.919161676647	0.902195608782	0.710578842315	0.912175648703	0.857285429142	0.911177644711	0.746506986028	0.883233532934	0.955089820359	0.931137724551	0.687624750499	0.718562874251	0.700598802395	0.799401197605	0.770459081836	0.656686626747	0.666666666667	0.665668662675	0.658682634731	0.784431137725	0.707584830339	0.663672654691	0.703592814371	0.74251497006
CF8	0.688622754491	0.624750499002	0.667664670659	0.620758483034	0.453093812375	0.483033932136	0.64371257485	0.77744510978	0.769461077844	0.672654690619	0.486027944112	0.0	0.612774451098	0.644710578842	0.64371257485	0.673652694611	0.787425149701	0.792415169661	0.865269461078	0.875249500998	0.696606786427	0.680638722555	0.688622754491	0.668662674651	0.599800399202	0.604790419162	0.713572854291	0.698602794411	0.751497005988	0.801397205589	0.763473053892	0.773453093812	0.792415169661	0.809381237525	0.844311377246	0.828343313373	0.820359281437	0.816367265469	0.820359281437	0.831337325349	0.837325349301	0.820359281437	0.822355289421	0.820359281437	0.800399201597	0.810379241517	0.798403193613	0.714570858283	0.692614770459	0.671656686627	0.677644710579	0.670658682635	0.64371257485	0.678642714571	0.688622754491	0.692614770459	0.675648702595	0.656686626747	0.690618762475	0.659680638723	0.666666666667	0.690618762475	0.665668662675	0.937125748503	0.935129740519	0.894211576846	0.726546906188	0.932135728543	0.903193612774	0.7375249501	0.915169660679	0.834331337325	0.923153692615	0.750499001996	0.89121756487	0.966067864271	0.925149700599	0.719560878244	0.703592814371	0.724550898204	0.825349301397	0.797405189621	0.689620758483	0.703592814371	0.701596806387	0.699600798403	0.779441117764	0.739520958084	0.708582834331	0.719560878244	0.761477045908
CG7	0.564870259481	0.526946107784	0.502994011976	0.409181636727	0.644710578842	0.607784431138	0.52994011976	0.616766467066	0.606786427146	0.541916167665	0.62874251497	0.612774451098	0.0	0.496007984032	0.551896207585	0.542914171657	0.860279441118	0.841317365269	0.865269461078	0.868263473054	0.670658682635	0.680638722555	0.818363273453	0.818363273453	0.720558882236	0.774451097804	0.791417165669	0.766467065868	0.709580838323	0.785429141717	0.822355289421	0.822355289421	0.639720558882	0.656686626747	0.647704590818	0.664670658683	0.62375249501	0.646706586826	0.668662674651	0.684630738523	0.679640718563	0.668662674651	0.619760479042	0.669660678643	0.602794411178	0.65369261477	0.64371257485	0.716566866267	0.683632734531	0.717564870259	0.715568862275	0.670658682635	0.696606786427	0.645708582834	0.709580838323	0.644710578842	0.571856287425	0.650698602794	0.644710578842	0.724550898204	0.725548902196	0.708582834331	0.709580838323	0.900199600798	0.908183632735	0.887225548902	0.746506986028	0.897205588822	0.87624750499	0.751497005988	0.908183632735	0.86626746507	0.908183632735	0.75748502994	0.869261477046	0.935129740519	0.89620758483	0.7624750499	0.753493013972	0.764471057884	0.660678642715	0.639720558882	0.631736526946	0.646706586826	0.604790419162	0.594810379242	0.806387225549	0.790419161677	0.717564870259	0.764471057884	0.803393213573
CG8	0.652694610778	0.624750499002	0.417165668663	0.50998003992	0.666666666667	0.634730538922	0.631736526946	0.672654690619	0.670658682635	0.651696606786	0.641716566866	0.644710578842	0.496007984032	0.0	0.650698602794	0.635728542914	0.85129740519	0.824351297405	0.858283433134	0.86127744511	0.729540918164	0.718562874251	0.811377245509	0.794411177645	0.697604790419	0.753493013972	0.7624750499	0.740518962076	0.718562874251	0.785429141717	0.800399201597	0.791417165669	0.723552894212	0.728542914172	0.691616766467	0.721556886228	0.678642714571	0.712574850299	0.73253493014	0.73253493014	0.728542914172	0.72754491018	0.64371257485	0.728542914172	0.676646706587	0.723552894212	0.729540918164	0.753493013972	0.72255489022	0.75748502994	0.758483033932	0.698602794411	0.731536926148	0.673652694611	0.744510978044	0.682634730539	0.645708582834	0.678642714571	0.673652694611	0.7624750499	0.7624750499	0.744510978044	0.749500998004	0.88123752495	0.804391217565	0.884231536926	0.744510978044	0.816367265469	0.868263473054	0.751497005988	0.90119760479	0.835329341317	0.89620758483	0.765469061876	0.868263473054	0.829341317365	0.892215568862	0.822355289421	0.787425149701	0.831337325349	0.701596806387	0.693612774451	0.698602794411	0.708582834331	0.706586826347	0.701596806387	0.864271457086	0.849301397206	0.781437125749	0.831337325349	0.862275449102
CH7	0.384231536926	0.306387225549	0.656686626747	0.521956087824	0.657684630739	0.585828343313	0.397205588822	0.473053892216	0.4750499002	0.414171656687	0.599800399202	0.64371257485	0.551896207585	0.650698602794	0.0	0.355289421158	0.89620758483	0.873253493014	0.903193612774	0.913173652695	0.709580838323	0.729540918164	0.900199600798	0.898203592814	0.781437125749	0.847305389222	0.830339321357	0.823353293413	0.783433133733	0.862275449102	0.833333333333	0.853293413174	0.516966067864	0.521956087824	0.570858283433	0.513972055888	0.62375249501	0.567864271457	0.579840319361	0.554890219561	0.627744510978	0.543912175649	0.64371257485	0.51996007984	0.575848303393	0.508982035928	0.526946107784	0.740518962076	0.719560878244	0.646706586826	0.654690618762	0.642714570858	0.62375249501	0.62375249501	0.714570858283	0.636726546906	0.550898203593	0.609780439122	0.646706586826	0.642714570858	0.650698602794	0.718562874251	0.649700598802	0.929141716567	0.933133732535	0.884231536926	0.696606786427	0.922155688623	0.893213572854	0.706586826347	0.903193612774	0.872255489022	0.914171656687	0.736526946108	0.877245508982	0.951097804391	0.924151696607	0.670658682635	0.730538922156	0.678642714571	0.641716566866	0.630738522954	0.538922155689	0.549900199601	0.494011976048	0.474051896208	0.775449101796	0.684630738523	0.622754491018	0.680638722555	0.709580838323
CH8	0.296407185629	0.373253493014	0.63373253493	0.516966067864	0.689620758483	0.627744510978	0.423153692615	0.417165668663	0.418163672655	0.448103792415	0.626746506986	0.673652694611	0.542914171657	0.635728542914	0.355289421158	0.0	0.919161676647	0.899201596806	0.89620758483	0.898203592814	0.740518962076	0.74750499002	0.927145708583	0.925149700599	0.815369261477	0.875249500998	0.843313373253	0.840319361277	0.796407185629	0.848303393214	0.852295409182	0.865269461078	0.5249500998	0.536926147705	0.564870259481	0.493013972056	0.616766467066	0.570858283433	0.586826347305	0.566866267465	0.641716566866	0.556886227545	0.637724550898	0.5249500998	0.567864271457	0.512974051896	0.540918163673	0.726546906188	0.708582834331	0.654690618762	0.662674650699	0.637724550898	0.62874251497	0.640718562874	0.715568862275	0.654690618762	0.553892215569	0.610778443114	0.63373253493	0.658682634731	0.649700598802	0.720558882236	0.65369261477	0.926147704591	0.938123752495	0.885229540918	0.699600798403	0.929141716567	0.90119760479	0.709580838323	0.912175648703	0.874251497006	0.921157684631	0.74750499002	0.88123752495	0.959081836327	0.919161676647	0.702594810379	0.726546906188	0.699600798403	0.640718562874	0.637724550898	0.567864271457	0.589820359281	0.537924151697	0.515968063872	0.774451097804	0.725548902196	0.657684630739	0.690618762475	0.725548902196
CA1	0.925149700599	0.87125748503	0.843313373253	0.865269461078	0.801397205589	0.788423153693	0.899201596806	0.935129740519	0.925149700599	0.890219560878	0.803393213573	0.787425149701	0.860279441118	0.85129740519	0.89620758483	0.919161676647	0.0	0.330339321357	0.474051896208	0.493013972056	0.845309381238	0.740518962076	0.736526946108	0.720558882236	0.705588822355	0.710578842315	0.48003992016	0.500998003992	0.472055888224	0.450099800399	0.462075848303	0.400199600798	0.972055888224	0.967065868263	0.97005988024	0.971057884232	0.971057884232	0.969061876248	0.971057884232	0.972055888224	0.969061876248	0.969061876248	0.971057884232	0.969061876248	0.969061876248	0.969061876248	0.972055888224	0.945109780439	0.942115768463	0.940119760479	0.945109780439	0.940119760479	0.933133732535	0.934131736527	0.922155688623	0.933133732535	0.937125748503	0.929141716567	0.937125748503	0.944111776447	0.939121756487	0.935129740519	0.940119760479	0.945109780439	0.946107784431	0.944111776447	0.942115768463	0.944111776447	0.942115768463	0.940119760479	0.930139720559	0.927145708583	0.930139720559	0.935129740519	0.944111776447	0.964071856287	0.947105788423	0.930139720559	0.942115768463	0.938123752495	0.956087824351	0.943113772455	0.946107784431	0.939121756487	0.939121756487	0.937125748503	0.962075848303	0.928143712575	0.940119760479	0.941117764471	0.943113772455
CA2	0.90618762475	0.855289421158	0.822355289421	0.848303393214	0.796407185629	0.796407185629	0.870259481038	0.917165668663	0.907185628743	0.875249500998	0.813373253493	0.792415169661	0.841317365269	0.824351297405	0.873253493014	0.899201596806	0.330339321357	0.0	0.496007984032	0.497005988024	0.834331337325	0.725548902196	0.760479041916	0.736526946108	0.713572854291	0.726546906188	0.469061876248	0.48502994012	0.453093812375	0.436127744511	0.452095808383	0.39121756487	0.956087824351	0.950099800399	0.953093812375	0.955089820359	0.955089820359	0.952095808383	0.953093812375	0.958083832335	0.952095808383	0.954091816367	0.955089820359	0.953093812375	0.950099800399	0.953093812375	0.955089820359	0.913173652695	0.912175648703	0.917165668663	0.919161676647	0.924151696607	0.915169660679	0.905189620758	0.89620758483	0.909181636727	0.907185628743	0.910179640719	0.918163672655	0.913173652695	0.923153692615	0.908183632735	0.922155688623	0.947105788423	0.936127744511	0.933133732535	0.926147704591	0.935129740519	0.928143712575	0.913173652695	0.924151696607	0.898203592814	0.919161676647	0.917165668663	0.934131736527	0.958083832335	0.944111776447	0.911177644711	0.916167664671	0.923153692615	0.934131736527	0.925149700599	0.926147704591	0.909181636727	0.919161676647	0.921157684631	0.944111776447	0.915169660679	0.917165668663	0.922155688623	0.926147704591
CB1	0.909181636727	0.90119760479	0.855289421158	0.875249500998	0.867265469062	0.87125748503	0.904191616766	0.931137724551	0.926147704591	0.912175648703	0.87125748503	0.865269461078	0.865269461078	0.858283433134	0.903193612774	0.89620758483	0.474051896208	0.496007984032	0.0	0.278443113772	0.87624750499	0.764471057884	0.832335329341	0.813373253493	0.788423153693	0.816367265469	0.534930139721	0.562874251497	0.489021956088	0.412175648703	0.463073852295	0.463073852295	0.966067864271	0.963073852295	0.938123752495	0.955089820359	0.939121756487	0.952095808383	0.967065868263	0.966067864271	0.964071856287	0.966067864271	0.938123752495	0.960079840319	0.939121756487	0.962075848303	0.968063872255	0.922155688623	0.920159680639	0.922155688623	0.918163672655	0.924151696607	0.918163672655	0.929141716567	0.922155688623	0.932135728543	0.919161676647	0.919161676647	0.920159680639	0.926147704591	0.923153692615	0.918163672655	0.917165668663	0.931137724551	0.936127744511	0.946107784431	0.924151696607	0.932135728543	0.939121756487	0.925149700599	0.939121756487	0.912175648703	0.939121756487	0.927145708583	0.946107784431	0.958083832335	0.929141716567	0.965069860279	0.923153692615	0.960079840319	0.938123752495	0.928143712575	0.948103792415	0.954091816367	0.950099800399	0.953093812375	0.960079840319	0.962075848303	0.962075848303	0.959081836327	0.962075848303
CB2	0.914171656687	0.905189620758	0.859281437126	0.872255489022	0.88123752495	0.88123752495	0.907185628743	0.933133732535	0.928143712575	0.915169660679	0.88123752495	0.875249500998	0.868263473054	0.86127744511	0.913173652695	0.898203592814	0.493013972056	0.497005988024	0.278443113772	0.0	0.875249500998	0.753493013972	0.841317365269	0.820359281437	0.785429141717	0.816367265469	0.531936127745	0.566866267465	0.476047904192	0.387225548902	0.464071856287	0.458083832335	0.97005988024	0.965069860279	0.934131736527	0.955089820359	0.936127744511	0.953093812375	0.966067864271	0.967065868263	0.964071856287	0.965069860279	0.933133732535	0.961077844311	0.934131736527	0.964071856287	0.969061876248	0.920159680639	0.916167664671	0.921157684631	0.916167664671	0.928143712575	0.915169660679	0.930139720559	0.924151696607	0.929141716567	0.920159680639	0.919161676647	0.925149700599	0.927145708583	0.925149700599	0.915169660679	0.914171656687	0.918163672655	0.927145708583	0.932135728543	0.922155688623	0.915169660679	0.934131736527	0.921157684631	0.931137724551	0.909181636727	0.937125748503	0.924151696607	0.934131736527	0.954091816367	0.923153692615	0.960079840319	0.930139720559	0.962075848303	0.917165668663	0.923153692615	0.948103792415	0.956087824351	0.950099800399	0.949101796407	0.959081836327	0.962075848303	0.959081836327	0.962075848303	0.967065868263
CC1	0.743512974052	0.715568862275	0.765469061876	0.676646706587	0.726546906188	0.698602794411	0.724550898204	0.781437125749	0.768463073852	0.709580838323	0.696606786427	0.696606786427	0.670658682635	0.729540918164	0.709580838323	0.740518962076	0.845309381238	0.834331337325	0.87624750499	0.875249500998	0.0	0.453093812375	0.88123752495	0.872255489022	0.768463073852	0.815369261477	0.766467065868	0.739520958084	0.733532934132	0.799401197605	0.802395209581	0.810379241517	0.779441117764	0.795409181637	0.787425149701	0.808383233533	0.769461077844	0.790419161677	0.812375249501	0.826347305389	0.827345309381	0.812375249501	0.769461077844	0.814371257485	0.754491017964	0.797405189621	0.793413173653	0.685628742515	0.697604790419	0.698602794411	0.713572854291	0.719560878244	0.682634730539	0.696606786427	0.684630738523	0.687624750499	0.712574850299	0.716566866267	0.718562874251	0.708582834331	0.72754491018	0.668662674651	0.695608782435	0.869261477046	0.849301397206	0.786427145709	0.690618762475	0.838323353293	0.831337325349	0.695608782435	0.84630738523	0.774451097804	0.830339321357	0.693612774451	0.775449101796	0.859281437126	0.875249500998	0.673652694611	0.699600798403	0.724550898204	0.785429141717	0.758483033932	0.728542914172	0.713572854291	0.73253493014	0.739520958084	0.803393213573	0.682634730539	0.716566866267	0.7375249501	0.76746506986
CC2	0.763473053892	0.730538922156	0.750499001996	0.696606786427	0.724550898204	0.685628742515	0.745508982036	0.803393213573	0.780439121756	0.731536926148	0.689620758483	0.680638722555	0.680638722555	0.718562874251	0.729540918164	0.74750499002	0.740518962076	0.725548902196	0.764471057884	0.753493013972	0.453093812375	0.0	0.810379241517	0.781437125749	0.682634730539	0.731536926148	0.601796407186	0.589820359281	0.655688622754	0.695608782435	0.674650698603	0.682634730539	0.808383233533	0.811377245509	0.807385229541	0.820359281437	0.791417165669	0.805389221557	0.825349301397	0.840319361277	0.840319361277	0.822355289421	0.788423153693	0.826347305389	0.76746506986	0.808383233533	0.813373253493	0.713572854291	0.735528942116	0.72754491018	0.744510978044	0.751497005988	0.713572854291	0.730538922156	0.724550898204	0.721556886228	0.736526946108	0.740518962076	0.74750499002	0.73253493014	0.753493013972	0.694610778443	0.724550898204	0.85129740519	0.841317365269	0.794411177645	0.723552894212	0.824351297405	0.830339321357	0.72255489022	0.835329341317	0.75748502994	0.826347305389	0.720558882236	0.782435129741	0.86127744511	0.858283433134	0.713572854291	0.724550898204	0.764471057884	0.802395209581	0.782435129741	0.770459081836	0.755489021956	0.771457085828	0.77245508982	0.835329341317	0.730538922156	0.7624750499	0.76746506986	0.799401197605
CD1	0.931137724551	0.868263473054	0.815369261477	0.840319361277	0.675648702595	0.758483033932	0.89620758483	0.955089820359	0.952095808383	0.912175648703	0.764471057884	0.688622754491	0.818363273453	0.811377245509	0.900199600798	0.927145708583	0.736526946108	0.760479041916	0.832335329341	0.841317365269	0.88123752495	0.810379241517	0.0	0.404191616766	0.588822355289	0.48502994012	0.75249500998	0.744510978044	0.815369261477	0.799401197605	0.815369261477	0.800399201597	0.984031936128	0.982035928144	0.982035928144	0.982035928144	0.982035928144	0.98003992016	0.983033932136	0.984031936128	0.983033932136	0.982035928144	0.983033932136	0.982035928144	0.981037924152	0.982035928144	0.982035928144	0.954091816367	0.952095808383	0.958083832335	0.958083832335	0.954091816367	0.949101796407	0.948103792415	0.952095808383	0.953093812375	0.950099800399	0.952095808383	0.955089820359	0.955089820359	0.958083832335	0.951097804391	0.955089820359	0.964071856287	0.967065868263	0.98003992016	0.971057884232	0.961077844311	0.979041916168	0.97005988024	0.976047904192	0.952095808383	0.977045908184	0.971057884232	0.981037924152	0.992015968064	0.966067864271	0.978043912176	0.957085828343	0.976047904192	0.964071856287	0.964071856287	0.978043912176	0.977045908184	0.976047904192	0.97005988024	0.981037924152	0.979041916168	0.979041916168	0.978043912176	0.98003992016
CD2	0.931137724551	0.863273453094	0.791417165669	0.840319361277	0.669660678643	0.75249500998	0.89620758483	0.954091816367	0.947105788423	0.900199600798	0.750499001996	0.668662674651	0.818363273453	0.794411177645	0.898203592814	0.925149700599	0.720558882236	0.736526946108	0.813373253493	0.820359281437	0.872255489022	0.781437125749	0.404191616766	0.0	0.555888223553	0.460079840319	0.718562874251	0.705588822355	0.794411177645	0.781437125749	0.792415169661	0.769461077844	0.981037924152	0.98003992016	0.982035928144	0.982035928144	0.982035928144	0.979041916168	0.981037924152	0.982035928144	0.981037924152	0.978043912176	0.982035928144	0.978043912176	0.98003992016	0.979041916168	0.981037924152	0.933133732535	0.933133732535	0.937125748503	0.935129740519	0.937125748503	0.934131736527	0.932135728543	0.931137724551	0.931137724551	0.929141716567	0.935129740519	0.937125748503	0.936127744511	0.939121756487	0.932135728543	0.935129740519	0.960079840319	0.958083832335	0.973053892216	0.964071856287	0.958083832335	0.973053892216	0.963073852295	0.97005988024	0.932135728543	0.971057884232	0.961077844311	0.973053892216	0.988023952096	0.965069860279	0.97005988024	0.940119760479	0.972055888224	0.951097804391	0.956087824351	0.969061876248	0.969061876248	0.968063872255	0.966067864271	0.9750499002	0.969061876248	0.971057884232	0.97005988024	0.971057884232
CE1	0.814371257485	0.750499001996	0.674650698603	0.735528942116	0.595808383234	0.647704590818	0.782435129741	0.843313373253	0.827345309381	0.786427145709	0.652694610778	0.599800399202	0.720558882236	0.697604790419	0.781437125749	0.815369261477	0.705588822355	0.713572854291	0.788423153693	0.785429141717	0.768463073852	0.682634730539	0.588822355289	0.555888223553	0.0	0.466067864271	0.662674650699	0.64371257485	0.672654690619	0.714570858283	0.712574850299	0.708582834331	0.88622754491	0.882235528942	0.883233532934	0.882235528942	0.883233532934	0.879241516966	0.88622754491	0.882235528942	0.882235528942	0.88123752495	0.88123752495	0.883233532934	0.880239520958	0.882235528942	0.884231536926	0.77245508982	0.750499001996	0.761477045908	0.804391217565	0.74251497006	0.740518962076	0.778443113772	0.753493013972	0.761477045908	0.787425149701	0.739520958084	0.738522954092	0.763473053892	0.75249500998	0.7624750499	0.784431137725	0.946107784431	0.937125748503	0.897205588822	0.878243512974	0.934131736527	0.941117764471	0.879241516966	0.940119760479	0.810379241517	0.948103792415	0.880239520958	0.89121756487	0.956087824351	0.952095808383	0.86626746507	0.775449101796	0.872255489022	0.822355289421	0.819361277445	0.848303393214	0.849301397206	0.839321357285	0.842315369261	0.917165668663	0.879241516966	0.844311377246	0.870259481038	0.908183632735
CE2	0.88123752495	0.811377245509	0.736526946108	0.791417165669	0.619760479042	0.700598802395	0.852295409182	0.903193612774	0.890219560878	0.850299401198	0.698602794411	0.604790419162	0.774451097804	0.753493013972	0.847305389222	0.875249500998	0.710578842315	0.726546906188	0.816367265469	0.816367265469	0.815369261477	0.731536926148	0.48502994012	0.460079840319	0.466067864271	0.0	0.696606786427	0.686626746507	0.753493013972	0.739520958084	0.741516966068	0.743512974052	0.940119760479	0.940119760479	0.941117764471	0.943113772455	0.940119760479	0.936127744511	0.941117764471	0.943113772455	0.941117764471	0.938123752495	0.942115768463	0.941117764471	0.940119760479	0.940119760479	0.942115768463	0.859281437126	0.852295409182	0.854291417166	0.859281437126	0.857285429142	0.850299401198	0.855289421158	0.845309381238	0.852295409182	0.855289421158	0.852295409182	0.847305389222	0.854291417166	0.855289421158	0.85129740519	0.85129740519	0.953093812375	0.946107784431	0.921157684631	0.904191616766	0.946107784431	0.945109780439	0.904191616766	0.943113772455	0.858283433134	0.951097804391	0.910179640719	0.918163672655	0.976047904192	0.956087824351	0.911177644711	0.858283433134	0.913173652695	0.894211576846	0.894211576846	0.912175648703	0.916167664671	0.914171656687	0.905189620758	0.930139720559	0.911177644711	0.913173652695	0.912175648703	0.923153692615
CF1	0.853293413174	0.803393213573	0.793413173653	0.796407185629	0.728542914172	0.730538922156	0.820359281437	0.870259481038	0.852295409182	0.811377245509	0.721556886228	0.713572854291	0.791417165669	0.7624750499	0.830339321357	0.843313373253	0.48003992016	0.469061876248	0.534930139721	0.531936127745	0.766467065868	0.601796407186	0.75249500998	0.718562874251	0.662674650699	0.696606786427	0.0	0.348303393214	0.486027944112	0.502994011976	0.444111776447	0.438123752495	0.916167664671	0.912175648703	0.919161676647	0.912175648703	0.910179640719	0.90618762475	0.915169660679	0.914171656687	0.917165668663	0.907185628743	0.910179640719	0.910179640719	0.905189620758	0.910179640719	0.914171656687	0.816367265469	0.825349301397	0.823353293413	0.824351297405	0.827345309381	0.808383233533	0.817365269461	0.807385229541	0.802395209581	0.813373253493	0.811377245509	0.820359281437	0.819361277445	0.813373253493	0.804391217565	0.820359281437	0.923153692615	0.924151696607	0.926147704591	0.869261477046	0.917165668663	0.907185628743	0.857285429142	0.900199600798	0.862275449102	0.904191616766	0.870259481038	0.923153692615	0.956087824351	0.921157684631	0.845309381238	0.814371257485	0.863273453094	0.911177644711	0.887225548902	0.874251497006	0.863273453094	0.86626746507	0.86626746507	0.89121756487	0.862275449102	0.858283433134	0.860279441118	0.872255489022
CF2	0.848303393214	0.798403193613	0.763473053892	0.770459081836	0.713572854291	0.723552894212	0.810379241517	0.858283433134	0.836327345309	0.809381237525	0.723552894212	0.698602794411	0.766467065868	0.740518962076	0.823353293413	0.840319361277	0.500998003992	0.48502994012	0.562874251497	0.566866267465	0.739520958084	0.589820359281	0.744510978044	0.705588822355	0.64371257485	0.686626746507	0.348303393214	0.0	0.499001996008	0.5249500998	0.467065868263	0.456087824351	0.89620758483	0.898203592814	0.90119760479	0.900199600798	0.89620758483	0.888223552894	0.900199600798	0.904191616766	0.90119760479	0.89620758483	0.897205588822	0.897205588822	0.892215568862	0.894211576846	0.900199600798	0.814371257485	0.832335329341	0.811377245509	0.820359281437	0.821357285429	0.803393213573	0.818363273453	0.803393213573	0.807385229541	0.820359281437	0.810379241517	0.821357285429	0.821357285429	0.822355289421	0.805389221557	0.813373253493	0.913173652695	0.914171656687	0.911177644711	0.867265469062	0.90119760479	0.894211576846	0.860279441118	0.892215568862	0.832335329341	0.904191616766	0.863273453094	0.915169660679	0.947105788423	0.920159680639	0.84630738523	0.814371257485	0.86127744511	0.889221556886	0.869261477046	0.87125748503	0.852295409182	0.86127744511	0.867265469062	0.88622754491	0.85129740519	0.855289421158	0.86626746507	0.864271457086
CG1	0.809381237525	0.755489021956	0.728542914172	0.718562874251	0.749500998004	0.746506986028	0.768463073852	0.810379241517	0.786427145709	0.76746506986	0.755489021956	0.751497005988	0.709580838323	0.718562874251	0.783433133733	0.796407185629	0.472055888224	0.453093812375	0.489021956088	0.476047904192	0.733532934132	0.655688622754	0.815369261477	0.794411177645	0.672654690619	0.753493013972	0.486027944112	0.499001996008	0.0	0.384231536926	0.468063872255	0.435129740519	0.864271457086	0.860279441118	0.819361277445	0.854291417166	0.804391217565	0.850299401198	0.86626746507	0.867265469062	0.86127744511	0.865269461078	0.806387225549	0.862275449102	0.807385229541	0.859281437126	0.863273453094	0.809381237525	0.77744510978	0.816367265469	0.817365269461	0.813373253493	0.802395209581	0.815369261477	0.810379241517	0.818363273453	0.804391217565	0.804391217565	0.805389221557	0.819361277445	0.818363273453	0.801397205589	0.808383233533	0.894211576846	0.90618762475	0.873253493014	0.817365269461	0.903193612774	0.870259481038	0.820359281437	0.89620758483	0.872255489022	0.890219560878	0.821357285429	0.859281437126	0.909181636727	0.893213572854	0.847305389222	0.836327345309	0.848303393214	0.821357285429	0.807385229541	0.823353293413	0.820359281437	0.821357285429	0.822355289421	0.882235528942	0.86626746507	0.825349301397	0.849301397206	0.882235528942
