	CA7	CA8	CB7	CB8	CC7	CC8	CD7	CD8	CE7	CE8	CF7	CF8	CG7	CG8	CH7	CH8	CA1	CA2	CB1	CB2	CC1	CC2	CD1	CD2	CE1	CE2	CF1	CF2	CG1	CG2	CH1	CH2	CA5	CA6	CB5	CB6	CC5	CC6	CD6	CE5	CE6	CF5	CF6	CG5	CG6	CH5	CH6	CA11	CA12	CB11	CB12	CC11	CC12	CD11	CD12	CE11	CE12	CF11	CF12	CG11	CG12	CH11	CH12	CA3	CA4	CB3	CB4	CC4	CD3	CD4	CE4	CF3	CF4	CG3	CG4	CH3	CH4	CA9	CA10	CB9	CC9	CC10	CD9	CD10	CE9	CE10	CF9	CG9	CG10	CH9	CH10
CA7	0.0	0.388223552894	0.649700598802	0.521956087824	0.716566866267	0.673652694611	0.430139720559	0.40618762475	0.38622754491	0.440119760479	0.691616766467	0.676646706587	0.549900199601	0.627744510978	0.392215568862	0.301397205589	0.924151696607	0.907185628743	0.907185628743	0.897205588822	0.72754491018	0.738522954092	0.928143712575	0.924151696607	0.813373253493	0.864271457086	0.845309381238	0.825349301397	0.840319361277	0.858283433134	0.848303393214	0.87125748503	0.532934131737	0.502994011976	0.563872255489	0.497005988024	0.627744510978	0.567864271457	0.567864271457	0.558882235529	0.629740518962	0.587824351297	0.600798403194	0.538922155689	0.573852295409	0.523952095808	0.536926147705	0.707584830339	0.713572854291	0.694610778443	0.708582834331	0.62375249501	0.678642714571	0.64371257485	0.691616766467	0.61377245509	0.584830339321	0.625748502994	0.63872255489	0.703592814371	0.698602794411	0.72255489022	0.708582834331	0.918163672655	0.930139720559	0.884231536926	0.745508982036	0.916167664671	0.904191616766	0.750499001996	0.912175648703	0.860279441118	0.907185628743	0.770459081836	0.892215568862	0.950099800399	0.917165668663	0.75249500998	0.728542914172	0.729540918164	0.629740518962	0.634730538922	0.61377245509	0.62874251497	0.573852295409	0.555888223553	0.789421157685	0.75748502994	0.701596806387	0.730538922156	0.754491017964
CA8	0.388223552894	0.0	0.647704590818	0.500998003992	0.659680638723	0.601796407186	0.39620758483	0.461077844311	0.444111776447	0.411177644711	0.629740518962	0.616766467066	0.542914171657	0.621756487026	0.316367265469	0.367265469062	0.867265469062	0.858283433134	0.90119760479	0.897205588822	0.721556886228	0.728542914172	0.882235528942	0.88622754491	0.776447105788	0.826347305389	0.803393213573	0.789421157685	0.810379241517	0.837325349301	0.847305389222	0.843313373253	0.537924151697	0.505988023952	0.585828343313	0.520958083832	0.646706586826	0.578842315369	0.566866267465	0.561876247505	0.63373253493	0.591816367265	0.626746506986	0.542914171657	0.59880239521	0.530938123752	0.534930139721	0.711576846307	0.718562874251	0.669660678643	0.680638722555	0.637724550898	0.646706586826	0.61876247505	0.674650698603	0.594810379242	0.566866267465	0.61876247505	0.650698602794	0.682634730539	0.670658682635	0.73253493014	0.689620758483	0.927145708583	0.945109780439	0.892215568862	0.718562874251	0.935129740519	0.913173652695	0.72255489022	0.912175648703	0.878243512974	0.90618762475	0.769461077844	0.904191616766	0.962075848303	0.928143712575	0.693612774451	0.724550898204	0.686626746507	0.654690618762	0.65369261477	0.557884231537	0.572854291417	0.513972055888	0.512974051896	0.786427145709	0.700598802395	0.640718562874	0.688622754491	0.707584830339
CB7	0.649700598802	0.647704590818	0.0	0.547904191617	0.660678642715	0.663672654691	0.669660678643	0.688622754491	0.668662674651	0.673652694611	0.675648702595	0.649700598802	0.533932135729	0.410179640719	0.660678642715	0.666666666667	0.833333333333	0.816367265469	0.867265469062	0.841317365269	0.75249500998	0.731536926148	0.801397205589	0.780439121756	0.667664670659	0.715568862275	0.776447105788	0.740518962076	0.760479041916	0.776447105788	0.800399201597	0.786427145709	0.750499001996	0.744510978044	0.687624750499	0.74251497006	0.678642714571	0.740518962076	0.74750499002	0.750499001996	0.746506986028	0.753493013972	0.666666666667	0.746506986028	0.700598802395	0.746506986028	0.753493013972	0.758483033932	0.741516966068	0.765469061876	0.77744510978	0.709580838323	0.74251497006	0.689620758483	0.739520958084	0.682634730539	0.654690618762	0.707584830339	0.694610778443	0.766467065868	0.780439121756	0.741516966068	0.769461077844	0.875249500998	0.806387225549	0.877245508982	0.76746506986	0.798403193613	0.883233532934	0.768463073852	0.897205588822	0.808383233533	0.883233532934	0.765469061876	0.88123752495	0.832335329341	0.883233532934	0.855289421158	0.789421157685	0.849301397206	0.701596806387	0.682634730539	0.716566866267	0.73253493014	0.719560878244	0.710578842315	0.895209580838	0.864271457086	0.805389221557	0.845309381238	0.86626746507
CB8	0.521956087824	0.500998003992	0.547904191617	0.0	0.609780439122	0.626746506986	0.508982035928	0.589820359281	0.563872255489	0.526946107784	0.646706586826	0.61876247505	0.429141716567	0.496007984032	0.50998003992	0.541916167665	0.86127744511	0.840319361277	0.87624750499	0.853293413174	0.672654690619	0.681636726547	0.85129740519	0.843313373253	0.74251497006	0.790419161677	0.791417165669	0.770459081836	0.760479041916	0.771457085828	0.821357285429	0.818363273453	0.621756487026	0.605788423154	0.601796407186	0.649700598802	0.617764471058	0.63872255489	0.664670658683	0.660678642715	0.657684630739	0.65369261477	0.60878243513	0.665668662675	0.615768463074	0.636726546906	0.627744510978	0.697604790419	0.684630738523	0.688622754491	0.690618762475	0.63373253493	0.691616766467	0.625748502994	0.674650698603	0.614770459082	0.568862275449	0.642714570858	0.627744510978	0.699600798403	0.704590818363	0.691616766467	0.690618762475	0.897205588822	0.908183632735	0.880239520958	0.744510978044	0.898203592814	0.885229540918	0.739520958084	0.911177644711	0.850299401198	0.89620758483	0.746506986028	0.887225548902	0.930139720559	0.897205588822	0.758483033932	0.718562874251	0.744510978044	0.62375249501	0.620758483034	0.60379241517	0.621756487026	0.568862275449	0.556886227545	0.789421157685	0.761477045908	0.693612774451	0.754491017964	0.76746506986
CC7	0.716566866267	0.659680638723	0.660678642715	0.609780439122	0.0	0.522954091816	0.678642714571	0.774451097804	0.75748502994	0.699600798403	0.503992015968	0.461077844311	0.626746506986	0.65369261477	0.647704590818	0.709580838323	0.786427145709	0.779441117764	0.879241516966	0.847305389222	0.713572854291	0.688622754491	0.672654690619	0.669660678643	0.570858283433	0.587824351297	0.702594810379	0.692614770459	0.770459081836	0.799401197605	0.790419161677	0.765469061876	0.807385229541	0.796407185629	0.823353293413	0.834331337325	0.840319361277	0.826347305389	0.840319361277	0.832335329341	0.832335329341	0.821357285429	0.835329341317	0.838323353293	0.834331337325	0.814371257485	0.799401197605	0.694610778443	0.700598802395	0.700598802395	0.706586826347	0.687624750499	0.684630738523	0.690618762475	0.675648702595	0.690618762475	0.694610778443	0.693612774451	0.685628742515	0.704590818363	0.687624750499	0.704590818363	0.701596806387	0.941117764471	0.942115768463	0.909181636727	0.784431137725	0.939121756487	0.919161676647	0.786427145709	0.930139720559	0.838323353293	0.919161676647	0.791417165669	0.918163672655	0.9750499002	0.939121756487	0.75748502994	0.701596806387	0.759481037924	0.838323353293	0.814371257485	0.736526946108	0.741516966068	0.731536926148	0.734530938124	0.812375249501	0.761477045908	0.745508982036	0.761477045908	0.779441117764
CC8	0.673652694611	0.601796407186	0.663672654691	0.626746506986	0.522954091816	0.0	0.644710578842	0.759481037924	0.744510978044	0.680638722555	0.449101796407	0.473053892216	0.631736526946	0.655688622754	0.619760479042	0.64870259481	0.798403193613	0.795409181637	0.878243512974	0.852295409182	0.701596806387	0.672654690619	0.758483033932	0.753493013972	0.642714570858	0.695608782435	0.721556886228	0.702594810379	0.786427145709	0.813373253493	0.803393213573	0.781437125749	0.778443113772	0.768463073852	0.801397205589	0.809381237525	0.814371257485	0.802395209581	0.813373253493	0.806387225549	0.808383233533	0.804391217565	0.814371257485	0.815369261477	0.813373253493	0.792415169661	0.775449101796	0.697604790419	0.708582834331	0.669660678643	0.687624750499	0.674650698603	0.636726546906	0.684630738523	0.689620758483	0.674650698603	0.683632734531	0.661676646707	0.690618762475	0.669660678643	0.663672654691	0.72255489022	0.695608782435	0.926147704591	0.918163672655	0.888223552894	0.709580838323	0.908183632735	0.900199600798	0.714570858283	0.905189620758	0.844311377246	0.897205588822	0.760479041916	0.89620758483	0.953093812375	0.925149700599	0.693612774451	0.716566866267	0.703592814371	0.816367265469	0.785429141717	0.670658682635	0.676646706587	0.673652694611	0.671656686627	0.808383233533	0.698602794411	0.681636726547	0.705588822355	0.736526946108
CD7	0.430139720559	0.39620758483	0.669660678643	0.508982035928	0.678642714571	0.644710578842	0.0	0.447105788423	0.434131736527	0.354291417166	0.662674650699	0.641716566866	0.550898203593	0.63872255489	0.400199600798	0.432135728543	0.884231536926	0.885229540918	0.917165668663	0.90119760479	0.718562874251	0.744510978044	0.912175648703	0.904191616766	0.794411177645	0.847305389222	0.825349301397	0.810379241517	0.820359281437	0.848303393214	0.844311377246	0.858283433134	0.531936127745	0.505988023952	0.577844311377	0.543912175649	0.637724550898	0.562874251497	0.565868263473	0.556886227545	0.629740518962	0.582834331337	0.614770459082	0.554890219561	0.588822355289	0.533932135729	0.533932135729	0.673652694611	0.671656686627	0.655688622754	0.659680638723	0.585828343313	0.624750499002	0.585828343313	0.659680638723	0.573852295409	0.538922155689	0.587824351297	0.605788423154	0.667664670659	0.660678642715	0.681636726547	0.659680638723	0.923153692615	0.942115768463	0.884231536926	0.743512974052	0.925149700599	0.900199600798	0.75249500998	0.905189620758	0.867265469062	0.900199600798	0.76746506986	0.897205588822	0.954091816367	0.924151696607	0.717564870259	0.694610778443	0.670658682635	0.59381237525	0.592814371257	0.532934131737	0.545908183633	0.49500998004	0.484031936128	0.735528942116	0.709580838323	0.65369261477	0.671656686627	0.697604790419
CD8	0.40618762475	0.461077844311	0.688622754491	0.589820359281	0.774451097804	0.759481037924	0.447105788423	0.0	0.330339321357	0.438123752495	0.778443113772	0.754491017964	0.62375249501	0.664670658683	0.463073852295	0.419161676647	0.917165668663	0.910179640719	0.923153692615	0.920159680639	0.763473053892	0.778443113772	0.957085828343	0.949101796407	0.826347305389	0.884231536926	0.863273453094	0.834331337325	0.837325349301	0.869261477046	0.859281437126	0.89121756487	0.564870259481	0.539920159681	0.586826347305	0.500998003992	0.630738522954	0.580838323353	0.566866267465	0.560878243513	0.629740518962	0.595808383234	0.60878243513	0.531936127745	0.579840319361	0.543912175649	0.572854291417	0.723552894212	0.738522954092	0.739520958084	0.753493013972	0.667664670659	0.704590818363	0.63872255489	0.686626746507	0.627744510978	0.591816367265	0.668662674651	0.657684630739	0.751497005988	0.72255489022	0.744510978044	0.753493013972	0.915169660679	0.927145708583	0.852295409182	0.793413173653	0.911177644711	0.88622754491	0.798403193613	0.885229540918	0.859281437126	0.874251497006	0.796407185629	0.863273453094	0.931137724551	0.915169660679	0.779441117764	0.745508982036	0.755489021956	0.599800399202	0.601796407186	0.62375249501	0.63373253493	0.586826347305	0.570858283433	0.817365269461	0.779441117764	0.729540918164	0.765469061876	0.790419161677
CE7	0.38622754491	0.444111776447	0.668662674651	0.563872255489	0.75748502994	0.744510978044	0.434131736527	0.330339321357	0.0	0.420159680639	0.755489021956	0.738522954092	0.585828343313	0.639720558882	0.452095808383	0.400199600798	0.907185628743	0.902195608782	0.919161676647	0.918163672655	0.726546906188	0.739520958084	0.952095808383	0.939121756487	0.820359281437	0.87125748503	0.84630738523	0.816367265469	0.817365269461	0.844311377246	0.85628742515	0.883233532934	0.544910179641	0.51497005988	0.555888223553	0.486027944112	0.607784431138	0.553892215569	0.549900199601	0.546906187625	0.617764471058	0.580838323353	0.587824351297	0.527944111776	0.562874251497	0.515968063872	0.554890219561	0.701596806387	0.719560878244	0.712574850299	0.72255489022	0.647704590818	0.695608782435	0.630738522954	0.686626746507	0.614770459082	0.578842315369	0.646706586826	0.631736526946	0.728542914172	0.720558882236	0.713572854291	0.735528942116	0.889221556886	0.902195608782	0.843313373253	0.760479041916	0.885229540918	0.864271457086	0.764471057884	0.86626746507	0.828343313373	0.862275449102	0.776447105788	0.854291417166	0.910179640719	0.892215568862	0.764471057884	0.7375249501	0.7375249501	0.587824351297	0.578842315369	0.60379241517	0.620758483034	0.574850299401	0.550898203593	0.802395209581	0.776447105788	0.708582834331	0.749500998004	0.778443113772
CE8	0.440119760479	0.411177644711	0.673652694611	0.526946107784	0.699600798403	0.680638722555	0.354291417166	0.438123752495	0.420159680639	0.0	0.695608782435	0.674650698603	0.558882235529	0.63872255489	0.409181636727	0.444111776447	0.89121756487	0.890219560878	0.925149700599	0.919161676647	0.706586826347	0.734530938124	0.926147704591	0.922155688623	0.796407185629	0.854291417166	0.837325349301	0.804391217565	0.828343313373	0.860279441118	0.854291417166	0.87624750499	0.540918163673	0.503992015968	0.587824351297	0.534930139721	0.650698602794	0.576846307385	0.571856287425	0.562874251497	0.631736526946	0.590818363273	0.625748502994	0.546906187625	0.600798403194	0.522954091816	0.539920159681	0.667664670659	0.686626746507	0.678642714571	0.688622754491	0.616766467066	0.642714570858	0.579840319361	0.64371257485	0.576846307385	0.551896207585	0.60878243513	0.611776447106	0.686626746507	0.684630738523	0.686626746507	0.697604790419	0.931137724551	0.936127744511	0.88622754491	0.763473053892	0.920159680639	0.902195608782	0.771457085828	0.898203592814	0.864271457086	0.89620758483	0.780439121756	0.892215568862	0.948103792415	0.930139720559	0.725548902196	0.700598802395	0.686626746507	0.60878243513	0.60379241517	0.563872255489	0.577844311377	0.5249500998	0.503992015968	0.75249500998	0.728542914172	0.658682634731	0.688622754491	0.721556886228
CF7	0.691616766467	0.629740518962	0.675648702595	0.646706586826	0.503992015968	0.449101796407	0.662674650699	0.778443113772	0.755489021956	0.695608782435	0.0	0.492015968064	0.637724550898	0.663672654691	0.644710578842	0.660678642715	0.794411177645	0.785429141717	0.880239520958	0.862275449102	0.705588822355	0.678642714571	0.774451097804	0.756487025948	0.658682634731	0.690618762475	0.729540918164	0.710578842315	0.793413173653	0.817365269461	0.804391217565	0.778443113772	0.794411177645	0.787425149701	0.816367265469	0.826347305389	0.832335329341	0.818363273453	0.830339321357	0.825349301397	0.825349301397	0.820359281437	0.827345309381	0.829341317365	0.829341317365	0.809381237525	0.795409181637	0.703592814371	0.712574850299	0.676646706587	0.681636726547	0.688622754491	0.64371257485	0.702594810379	0.702594810379	0.686626746507	0.704590818363	0.674650698603	0.703592814371	0.668662674651	0.664670658683	0.714570858283	0.694610778443	0.932135728543	0.921157684631	0.89121756487	0.717564870259	0.922155688623	0.912175648703	0.720558882236	0.916167664671	0.852295409182	0.90618762475	0.765469061876	0.903193612774	0.957085828343	0.933133732535	0.695608782435	0.715568862275	0.701596806387	0.826347305389	0.800399201597	0.686626746507	0.695608782435	0.699600798403	0.691616766467	0.807385229541	0.713572854291	0.693612774451	0.710578842315	0.739520958084
CF8	0.676646706587	0.616766467066	0.649700598802	0.61876247505	0.461077844311	0.473053892216	0.641716566866	0.754491017964	0.738522954092	0.674650698603	0.492015968064	0.0	0.616766467066	0.62874251497	0.616766467066	0.664670658683	0.789421157685	0.784431137725	0.88123752495	0.850299401198	0.717564870259	0.678642714571	0.701596806387	0.690618762475	0.611776447106	0.647704590818	0.716566866267	0.692614770459	0.783433133733	0.805389221557	0.800399201597	0.77245508982	0.783433133733	0.775449101796	0.802395209581	0.812375249501	0.820359281437	0.803393213573	0.815369261477	0.811377245509	0.809381237525	0.800399201597	0.813373253493	0.818363273453	0.814371257485	0.797405189621	0.779441117764	0.712574850299	0.709580838323	0.682634730539	0.700598802395	0.677644710579	0.64870259481	0.689620758483	0.691616766467	0.675648702595	0.687624750499	0.658682634731	0.690618762475	0.692614770459	0.688622754491	0.721556886228	0.705588822355	0.934131736527	0.932135728543	0.902195608782	0.740518962076	0.928143712575	0.916167664671	0.750499001996	0.923153692615	0.849301397206	0.916167664671	0.779441117764	0.913173652695	0.968063872255	0.934131736527	0.724550898204	0.726546906188	0.723552894212	0.812375249501	0.788423153693	0.684630738523	0.697604790419	0.690618762475	0.682634730539	0.807385229541	0.726546906188	0.702594810379	0.723552894212	0.751497005988
CG7	0.549900199601	0.542914171657	0.533932135729	0.429141716567	0.626746506986	0.631736526946	0.550898203593	0.62375249501	0.585828343313	0.558882235529	0.637724550898	0.616766467066	0.0	0.505988023952	0.547904191617	0.557884231537	0.852295409182	0.842315369261	0.884231536926	0.85129740519	0.672654690619	0.681636726547	0.842315369261	0.838323353293	0.7375249501	0.781437125749	0.785429141717	0.761477045908	0.76746506986	0.779441117764	0.826347305389	0.819361277445	0.647704590818	0.630738522954	0.615768463074	0.668662674651	0.636726546906	0.655688622754	0.682634730539	0.676646706587	0.674650698603	0.666666666667	0.629740518962	0.680638722555	0.62874251497	0.64870259481	0.639720558882	0.719560878244	0.710578842315	0.720558882236	0.724550898204	0.658682634731	0.711576846307	0.646706586826	0.700598802395	0.630738522954	0.594810379242	0.664670658683	0.649700598802	0.720558882236	0.7375249501	0.705588822355	0.724550898204	0.89620758483	0.911177644711	0.88123752495	0.741516966068	0.898203592814	0.885229540918	0.741516966068	0.909181636727	0.857285429142	0.89121756487	0.75748502994	0.885229540918	0.927145708583	0.894211576846	0.760479041916	0.751497005988	0.754491017964	0.673652694611	0.642714570858	0.622754491018	0.637724550898	0.606786427146	0.594810379242	0.805389221557	0.771457085828	0.715568862275	0.764471057884	0.781437125749
CG8	0.627744510978	0.621756487026	0.410179640719	0.496007984032	0.65369261477	0.655688622754	0.63872255489	0.664670658683	0.639720558882	0.63872255489	0.663672654691	0.62874251497	0.505988023952	0.0	0.641716566866	0.649700598802	0.838323353293	0.825349301397	0.864271457086	0.835329341317	0.720558882236	0.706586826347	0.809381237525	0.795409181637	0.695608782435	0.74251497006	0.76746506986	0.725548902196	0.756487025948	0.770459081836	0.790419161677	0.785429141717	0.717564870259	0.705588822355	0.661676646707	0.715568862275	0.651696606786	0.711576846307	0.72255489022	0.725548902196	0.718562874251	0.72255489022	0.640718562874	0.719560878244	0.674650698603	0.710578842315	0.723552894212	0.756487025948	0.738522954092	0.754491017964	0.766467065868	0.697604790419	0.741516966068	0.673652694611	0.731536926148	0.671656686627	0.63872255489	0.698602794411	0.684630738523	0.766467065868	0.779441117764	0.735528942116	0.760479041916	0.884231536926	0.818363273453	0.875249500998	0.75249500998	0.809381237525	0.88622754491	0.755489021956	0.90119760479	0.827345309381	0.885229540918	0.753493013972	0.883233532934	0.848303393214	0.895209580838	0.832335329341	0.789421157685	0.827345309381	0.683632734531	0.657684630739	0.693612774451	0.705588822355	0.699600798403	0.696606786427	0.879241516966	0.844311377246	0.788423153693	0.832335329341	0.853293413174
CH7	0.392215568862	0.316367265469	0.660678642715	0.50998003992	0.647704590818	0.619760479042	0.400199600798	0.463073852295	0.452095808383	0.409181636727	0.644710578842	0.616766467066	0.547904191617	0.641716566866	0.0	0.378243512974	0.887225548902	0.872255489022	0.911177644711	0.902195608782	0.712574850299	0.730538922156	0.887225548902	0.892215568862	0.766467065868	0.821357285429	0.822355289421	0.795409181637	0.811377245509	0.852295409182	0.844311377246	0.858283433134	0.536926147705	0.50499001996	0.585828343313	0.517964071856	0.650698602794	0.575848303393	0.567864271457	0.555888223553	0.637724550898	0.587824351297	0.626746506986	0.543912175649	0.59880239521	0.528942115768	0.536926147705	0.720558882236	0.72255489022	0.694610778443	0.705588822355	0.63872255489	0.668662674651	0.629740518962	0.684630738523	0.604790419162	0.577844311377	0.62375249501	0.657684630739	0.698602794411	0.689620758483	0.733532934132	0.713572854291	0.924151696607	0.942115768463	0.89121756487	0.739520958084	0.926147704591	0.907185628743	0.74251497006	0.912175648703	0.873253493014	0.903193612774	0.771457085828	0.904191616766	0.952095808383	0.930139720559	0.707584830339	0.730538922156	0.704590818363	0.64371257485	0.654690618762	0.589820359281	0.596806387226	0.532934131737	0.51996007984	0.794411177645	0.709580838323	0.659680638723	0.713572854291	0.743512974052
CH8	0.301397205589	0.367265469062	0.666666666667	0.541916167665	0.709580838323	0.64870259481	0.432135728543	0.419161676647	0.400199600798	0.444111776447	0.660678642715	0.664670658683	0.557884231537	0.649700598802	0.378243512974	0.0	0.921157684631	0.913173652695	0.918163672655	0.916167664671	0.75249500998	0.758483033932	0.927145708583	0.921157684631	0.809381237525	0.857285429142	0.850299401198	0.824351297405	0.844311377246	0.87624750499	0.862275449102	0.879241516966	0.540918163673	0.510978043912	0.580838323353	0.510978043912	0.650698602794	0.580838323353	0.576846307385	0.563872255489	0.642714570858	0.595808383234	0.62375249501	0.551896207585	0.595808383234	0.531936127745	0.543912175649	0.725548902196	0.731536926148	0.676646706587	0.675648702595	0.639720558882	0.645708582834	0.645708582834	0.701596806387	0.626746506986	0.59381237525	0.61876247505	0.658682634731	0.679640718563	0.671656686627	0.740518962076	0.686626746507	0.937125748503	0.954091816367	0.899201596806	0.717564870259	0.940119760479	0.920159680639	0.733532934132	0.927145708583	0.88123752495	0.921157684631	0.783433133733	0.908183632735	0.97005988024	0.936127744511	0.707584830339	0.736526946108	0.688622754491	0.652694610778	0.655688622754	0.567864271457	0.596806387226	0.535928143713	0.526946107784	0.786427145709	0.724550898204	0.662674650699	0.691616766467	0.715568862275
CA1	0.924151696607	0.867265469062	0.833333333333	0.86127744511	0.786427145709	0.798403193613	0.884231536926	0.917165668663	0.907185628743	0.89121756487	0.794411177645	0.789421157685	0.852295409182	0.838323353293	0.887225548902	0.921157684631	0.0	0.367265469062	0.511976047904	0.5	0.833333333333	0.730538922156	0.73253493014	0.74251497006	0.686626746507	0.721556886228	0.469061876248	0.525948103792	0.467065868263	0.454091816367	0.497005988024	0.405189620758	0.966067864271	0.962075848303	0.965069860279	0.965069860279	0.965069860279	0.964071856287	0.966067864271	0.964071856287	0.961077844311	0.966067864271	0.965069860279	0.964071856287	0.965069860279	0.963073852295	0.966067864271	0.922155688623	0.931137724551	0.929141716567	0.929141716567	0.930139720559	0.921157684631	0.921157684631	0.913173652695	0.923153692615	0.920159680639	0.926147704591	0.921157684631	0.933133732535	0.933133732535	0.927145708583	0.933133732535	0.940119760479	0.950099800399	0.931137724551	0.944111776447	0.942115768463	0.929141716567	0.934131736527	0.922155688623	0.913173652695	0.923153692615	0.934131736527	0.943113772455	0.966067864271	0.938123752495	0.920159680639	0.921157684631	0.925149700599	0.949101796407	0.943113772455	0.931137724551	0.931137724551	0.928143712575	0.927145708583	0.950099800399	0.916167664671	0.926147704591	0.925149700599	0.934131736527
CA2	0.907185628743	0.858283433134	0.816367265469	0.840319361277	0.779441117764	0.795409181637	0.885229540918	0.910179640719	0.902195608782	0.890219560878	0.785429141717	0.784431137725	0.842315369261	0.825349301397	0.872255489022	0.913173652695	0.367265469062	0.0	0.517964071856	0.496007984032	0.834331337325	0.714570858283	0.733532934132	0.7375249501	0.691616766467	0.714570858283	0.440119760479	0.502994011976	0.48003992016	0.463073852295	0.481037924152	0.411177644711	0.959081836327	0.950099800399	0.949101796407	0.952095808383	0.955089820359	0.949101796407	0.961077844311	0.958083832335	0.955089820359	0.957085828343	0.954091816367	0.956087824351	0.950099800399	0.954091816367	0.958083832335	0.908183632735	0.914171656687	0.911177644711	0.919161676647	0.915169660679	0.914171656687	0.908183632735	0.904191616766	0.909181636727	0.911177644711	0.918163672655	0.907185628743	0.918163672655	0.918163672655	0.909181636727	0.914171656687	0.921157684631	0.930139720559	0.927145708583	0.930139720559	0.923153692615	0.927145708583	0.920159680639	0.916167664671	0.911177644711	0.918163672655	0.920159680639	0.936127744511	0.956087824351	0.920159680639	0.924151696607	0.912175648703	0.925149700599	0.937125748503	0.926147704591	0.925149700599	0.926147704591	0.927145708583	0.920159680639	0.951097804391	0.927145708583	0.927145708583	0.926147704591	0.933133732535
CB1	0.907185628743	0.90119760479	0.867265469062	0.87624750499	0.879241516966	0.878243512974	0.917165668663	0.923153692615	0.919161676647	0.925149700599	0.880239520958	0.88123752495	0.884231536926	0.864271457086	0.911177644711	0.918163672655	0.511976047904	0.517964071856	0.0	0.27245508982	0.884231536926	0.776447105788	0.820359281437	0.838323353293	0.794411177645	0.821357285429	0.538922155689	0.590818363273	0.494011976048	0.424151696607	0.445109780439	0.461077844311	0.965069860279	0.953093812375	0.942115768463	0.956087824351	0.944111776447	0.951097804391	0.964071856287	0.964071856287	0.961077844311	0.963073852295	0.943113772455	0.961077844311	0.943113772455	0.960079840319	0.965069860279	0.934131736527	0.929141716567	0.928143712575	0.932135728543	0.930139720559	0.929141716567	0.935129740519	0.938123752495	0.932135728543	0.931137724551	0.929141716567	0.925149700599	0.930139720559	0.935129740519	0.934131736527	0.927145708583	0.934131736527	0.941117764471	0.951097804391	0.935129740519	0.938123752495	0.946107784431	0.932135728543	0.944111776447	0.920159680639	0.946107784431	0.937125748503	0.964071856287	0.963073852295	0.936127744511	0.965069860279	0.931137724551	0.963073852295	0.939121756487	0.925149700599	0.943113772455	0.953093812375	0.949101796407	0.947105788423	0.962075848303	0.965069860279	0.959081836327	0.963073852295	0.966067864271
CB2	0.897205588822	0.897205588822	0.841317365269	0.853293413174	0.847305389222	0.852295409182	0.90119760479	0.920159680639	0.918163672655	0.919161676647	0.862275449102	0.850299401198	0.85129740519	0.835329341317	0.902195608782	0.916167664671	0.5	0.496007984032	0.27245508982	0.0	0.862275449102	0.750499001996	0.805389221557	0.809381237525	0.77245508982	0.800399201597	0.512974051896	0.561876247505	0.458083832335	0.384231536926	0.416167664671	0.432135728543	0.962075848303	0.955089820359	0.931137724551	0.951097804391	0.933133732535	0.951097804391	0.962075848303	0.960079840319	0.959081836327	0.962075848303	0.932135728543	0.956087824351	0.932135728543	0.958083832335	0.964071856287	0.912175648703	0.909181636727	0.909181636727	0.913173652695	0.915169660679	0.919161676647	0.925149700599	0.923153692615	0.921157684631	0.917165668663	0.921157684631	0.910179640719	0.913173652695	0.923153692615	0.909181636727	0.912175648703	0.923153692615	0.931137724551	0.942115768463	0.919161676647	0.926147704591	0.932135728543	0.920159680639	0.929141716567	0.904191616766	0.929141716567	0.924151696607	0.948103792415	0.957085828343	0.919161676647	0.960079840319	0.922155688623	0.954091816367	0.930139720559	0.920159680639	0.940119760479	0.948103792415	0.947105788423	0.945109780439	0.959081836327	0.959081836327	0.957085828343	0.955089820359	0.956087824351
CC1	0.72754491018	0.721556886228	0.75249500998	0.672654690619	0.713572854291	0.701596806387	0.718562874251	0.763473053892	0.726546906188	0.706586826347	0.705588822355	0.717564870259	0.672654690619	0.720558882236	0.712574850299	0.75249500998	0.833333333333	0.834331337325	0.884231536926	0.862275449102	0.0	0.465069860279	0.889221556886	0.883233532934	0.764471057884	0.810379241517	0.77245508982	0.731536926148	0.770459081836	0.789421157685	0.805389221557	0.828343313373	0.784431137725	0.759481037924	0.749500998004	0.804391217565	0.77245508982	0.794411177645	0.818363273453	0.814371257485	0.804391217565	0.807385229541	0.7624750499	0.819361277445	0.768463073852	0.784431137725	0.776447105788	0.679640718563	0.700598802395	0.711576846307	0.721556886228	0.713572854291	0.696606786427	0.696606786427	0.686626746507	0.680638722555	0.711576846307	0.7375249501	0.697604790419	0.716566866267	0.721556886228	0.671656686627	0.721556886228	0.847305389222	0.84630738523	0.764471057884	0.682634730539	0.812375249501	0.815369261477	0.693612774451	0.826347305389	0.753493013972	0.803393213573	0.691616766467	0.779441117764	0.855289421158	0.845309381238	0.676646706587	0.691616766467	0.716566866267	0.778443113772	0.745508982036	0.725548902196	0.718562874251	0.744510978044	0.734530938124	0.812375249501	0.695608782435	0.720558882236	0.73253493014	0.761477045908
CC2	0.738522954092	0.728542914172	0.731536926148	0.681636726547	0.688622754491	0.672654690619	0.744510978044	0.778443113772	0.739520958084	0.734530938124	0.678642714571	0.678642714571	0.681636726547	0.706586826347	0.730538922156	0.758483033932	0.730538922156	0.714570858283	0.776447105788	0.750499001996	0.465069860279	0.0	0.785429141717	0.793413173653	0.659680638723	0.718562874251	0.605788423154	0.562874251497	0.671656686627	0.689620758483	0.689620758483	0.695608782435	0.806387225549	0.796407185629	0.779441117764	0.823353293413	0.798403193613	0.809381237525	0.837325349301	0.830339321357	0.821357285429	0.821357285429	0.789421157685	0.840319361277	0.791417165669	0.803393213573	0.810379241517	0.716566866267	0.713572854291	0.723552894212	0.729540918164	0.74251497006	0.725548902196	0.726546906188	0.72754491018	0.720558882236	0.733532934132	0.754491017964	0.724550898204	0.712574850299	0.745508982036	0.702594810379	0.717564870259	0.855289421158	0.844311377246	0.812375249501	0.719560878244	0.819361277445	0.836327345309	0.726546906188	0.832335329341	0.759481037924	0.819361277445	0.725548902196	0.817365269461	0.878243512974	0.854291417166	0.714570858283	0.711576846307	0.743512974052	0.802395209581	0.773453093812	0.751497005988	0.761477045908	0.775449101796	0.751497005988	0.833333333333	0.735528942116	0.773453093812	0.755489021956	0.783433133733
CD1	0.928143712575	0.882235528942	0.801397205589	0.85129740519	0.672654690619	0.758483033932	0.912175648703	0.957085828343	0.952095808383	0.926147704591	0.774451097804	0.701596806387	0.842315369261	0.809381237525	0.887225548902	0.927145708583	0.73253493014	0.733532934132	0.820359281437	0.805389221557	0.889221556886	0.785429141717	0.0	0.402195608782	0.564870259481	0.49001996008	0.712574850299	0.711576846307	0.798403193613	0.792415169661	0.812375249501	0.766467065868	0.986027944112	0.983033932136	0.98502994012	0.987025948104	0.98502994012	0.986027944112	0.98502994012	0.987025948104	0.983033932136	0.986027944112	0.986027944112	0.98502994012	0.986027944112	0.987025948104	0.987025948104	0.951097804391	0.950099800399	0.950099800399	0.952095808383	0.948103792415	0.945109780439	0.943113772455	0.946107784431	0.949101796407	0.947105788423	0.948103792415	0.946107784431	0.950099800399	0.947105788423	0.949101796407	0.950099800399	0.965069860279	0.956087824351	0.978043912176	0.976047904192	0.957085828343	0.982035928144	0.972055888224	0.979041916168	0.949101796407	0.981037924152	0.973053892216	0.98003992016	0.989021956088	0.969061876248	0.979041916168	0.952095808383	0.977045908184	0.960079840319	0.969061876248	0.9750499002	0.979041916168	0.9750499002	0.971057884232	0.986027944112	0.98003992016	0.979041916168	0.979041916168	0.98003992016
CD2	0.924151696607	0.88622754491	0.780439121756	0.843313373253	0.669660678643	0.753493013972	0.904191616766	0.949101796407	0.939121756487	0.922155688623	0.756487025948	0.690618762475	0.838323353293	0.795409181637	0.892215568862	0.921157684631	0.74251497006	0.7375249501	0.838323353293	0.809381237525	0.883233532934	0.793413173653	0.402195608782	0.0	0.578842315369	0.493013972056	0.703592814371	0.708582834331	0.808383233533	0.790419161677	0.807385229541	0.75748502994	0.982035928144	0.978043912176	0.981037924152	0.98003992016	0.98003992016	0.98003992016	0.982035928144	0.981037924152	0.979041916168	0.982035928144	0.979041916168	0.979041916168	0.978043912176	0.98003992016	0.983033932136	0.930139720559	0.930139720559	0.932135728543	0.939121756487	0.927145708583	0.927145708583	0.928143712575	0.928143712575	0.932135728543	0.930139720559	0.928143712575	0.924151696607	0.934131736527	0.929141716567	0.927145708583	0.928143712575	0.959081836327	0.950099800399	0.974051896208	0.969061876248	0.952095808383	0.977045908184	0.963073852295	0.968063872255	0.930139720559	0.972055888224	0.965069860279	0.976047904192	0.983033932136	0.962075848303	0.9750499002	0.934131736527	0.967065868263	0.953093812375	0.962075848303	0.972055888224	0.965069860279	0.969061876248	0.962075848303	0.977045908184	0.9750499002	0.973053892216	0.971057884232	0.972055888224
CE1	0.813373253493	0.776447105788	0.667664670659	0.74251497006	0.570858283433	0.642714570858	0.794411177645	0.826347305389	0.820359281437	0.796407185629	0.658682634731	0.611776447106	0.7375249501	0.695608782435	0.766467065868	0.809381237525	0.686626746507	0.691616766467	0.794411177645	0.77245508982	0.764471057884	0.659680638723	0.564870259481	0.578842315369	0.0	0.477045908184	0.645708582834	0.63373253493	0.699600798403	0.724550898204	0.702594810379	0.699600798403	0.888223552894	0.879241516966	0.880239520958	0.882235528942	0.879241516966	0.882235528942	0.887225548902	0.888223552894	0.883233532934	0.888223552894	0.879241516966	0.884231536926	0.88123752495	0.880239520958	0.889221556886	0.753493013972	0.768463073852	0.774451097804	0.812375249501	0.750499001996	0.74750499002	0.786427145709	0.766467065868	0.787425149701	0.798403193613	0.754491017964	0.74750499002	0.788423153693	0.769461077844	0.768463073852	0.805389221557	0.943113772455	0.932135728543	0.897205588822	0.875249500998	0.923153692615	0.938123752495	0.878243512974	0.936127744511	0.814371257485	0.927145708583	0.88622754491	0.899201596806	0.959081836327	0.946107784431	0.870259481038	0.768463073852	0.869261477046	0.831337325349	0.835329341317	0.849301397206	0.850299401198	0.849301397206	0.841317365269	0.927145708583	0.868263473054	0.857285429142	0.878243512974	0.903193612774
CE2	0.864271457086	0.826347305389	0.715568862275	0.790419161677	0.587824351297	0.695608782435	0.847305389222	0.884231536926	0.87125748503	0.854291417166	0.690618762475	0.647704590818	0.781437125749	0.74251497006	0.821357285429	0.857285429142	0.721556886228	0.714570858283	0.821357285429	0.800399201597	0.810379241517	0.718562874251	0.49001996008	0.493013972056	0.477045908184	0.0	0.667664670659	0.660678642715	0.74251497006	0.75748502994	0.749500998004	0.731536926148	0.934131736527	0.926147704591	0.930139720559	0.931137724551	0.930139720559	0.929141716567	0.934131736527	0.933133732535	0.930139720559	0.934131736527	0.928143712575	0.931137724551	0.930139720559	0.926147704591	0.934131736527	0.847305389222	0.839321357285	0.85129740519	0.854291417166	0.847305389222	0.844311377246	0.841317365269	0.833333333333	0.838323353293	0.848303393214	0.850299401198	0.842315369261	0.845309381238	0.848303393214	0.842315369261	0.847305389222	0.954091816367	0.938123752495	0.907185628743	0.903193612774	0.936127744511	0.949101796407	0.894211576846	0.952095808383	0.865269461078	0.940119760479	0.899201596806	0.911177644711	0.968063872255	0.952095808383	0.909181636727	0.85129740519	0.904191616766	0.884231536926	0.897205588822	0.903193612774	0.909181636727	0.900199600798	0.892215568862	0.937125748503	0.911177644711	0.904191616766	0.90618762475	0.914171656687
CF1	0.845309381238	0.803393213573	0.776447105788	0.791417165669	0.702594810379	0.721556886228	0.825349301397	0.863273453094	0.84630738523	0.837325349301	0.729540918164	0.716566866267	0.785429141717	0.76746506986	0.822355289421	0.850299401198	0.469061876248	0.440119760479	0.538922155689	0.512974051896	0.77245508982	0.605788423154	0.712574850299	0.703592814371	0.645708582834	0.667664670659	0.0	0.337325349301	0.49001996008	0.474051896208	0.447105788423	0.411177644711	0.903193612774	0.89620758483	0.90119760479	0.903193612774	0.908183632735	0.898203592814	0.908183632735	0.907185628743	0.899201596806	0.905189620758	0.902195608782	0.913173652695	0.90119760479	0.902195608782	0.907185628743	0.817365269461	0.814371257485	0.808383233533	0.818363273453	0.819361277445	0.805389221557	0.809381237525	0.804391217565	0.811377245509	0.821357285429	0.815369261477	0.807385229541	0.813373253493	0.817365269461	0.808383233533	0.816367265469	0.917165668663	0.922155688623	0.929141716567	0.86626746507	0.912175648703	0.914171656687	0.860279441118	0.907185628743	0.840319361277	0.90618762475	0.859281437126	0.938123752495	0.956087824351	0.923153692615	0.86127744511	0.816367265469	0.860279441118	0.916167664671	0.892215568862	0.875249500998	0.867265469062	0.870259481038	0.865269461078	0.89121756487	0.870259481038	0.872255489022	0.869261477046	0.874251497006
CF2	0.825349301397	0.789421157685	0.740518962076	0.770459081836	0.692614770459	0.702594810379	0.810379241517	0.834331337325	0.816367265469	0.804391217565	0.710578842315	0.692614770459	0.761477045908	0.725548902196	0.795409181637	0.824351297405	0.525948103792	0.502994011976	0.590818363273	0.561876247505	0.731536926148	0.562874251497	0.711576846307	0.708582834331	0.63373253493	0.660678642715	0.337325349301	0.0	0.528942115768	0.511976047904	0.48502994012	0.460079840319	0.89121756487	0.880239520958	0.882235528942	0.890219560878	0.890219560878	0.884231536926	0.89620758483	0.895209580838	0.887225548902	0.892215568862	0.887225548902	0.898203592814	0.884231536926	0.889221556886	0.89620758483	0.789421157685	0.786427145709	0.788423153693	0.789421157685	0.788423153693	0.770459081836	0.783433133733	0.785429141717	0.786427145709	0.793413173653	0.793413173653	0.788423153693	0.784431137725	0.784431137725	0.786427145709	0.791417165669	0.90618762475	0.904191616766	0.893213572854	0.837325349301	0.887225548902	0.89121756487	0.834331337325	0.882235528942	0.817365269461	0.879241516966	0.834331337325	0.90618762475	0.938123752495	0.911177644711	0.819361277445	0.786427145709	0.828343313373	0.882235528942	0.858283433134	0.836327345309	0.840319361277	0.840319361277	0.836327345309	0.877245508982	0.838323353293	0.845309381238	0.833333333333	0.858283433134
CG1	0.840319361277	0.810379241517	0.760479041916	0.760479041916	0.770459081836	0.786427145709	0.820359281437	0.837325349301	0.817365269461	0.828343313373	0.793413173653	0.783433133733	0.76746506986	0.756487025948	0.811377245509	0.844311377246	0.467065868263	0.48003992016	0.494011976048	0.458083832335	0.770459081836	0.671656686627	0.798403193613	0.808383233533	0.699600798403	0.74251497006	0.49001996008	0.528942115768	0.0	0.36127744511	0.462075848303	0.459081836327	0.907185628743	0.895209580838	0.841317365269	0.89620758483	0.845309381238	0.895209580838	0.904191616766	0.903193612774	0.90119760479	0.905189620758	0.841317365269	0.899201596806	0.850299401198	0.900199600798	0.90618762475	0.839321357285	0.810379241517	0.838323353293	0.839321357285	0.845309381238	0.848303393214	0.854291417166	0.853293413174	0.850299401198	0.842315369261	0.849301397206	0.836327345309	0.838323353293	0.85129740519	0.818363273453	0.835329341317	0.88123752495	0.904191616766	0.867265469062	0.818363273453	0.895209580838	0.880239520958	0.821357285429	0.899201596806	0.864271457086	0.880239520958	0.829341317365	0.877245508982	0.908183632735	0.89121756487	0.864271457086	0.85129740519	0.862275449102	0.858283433134	0.832335329341	0.860279441118	0.864271457086	0.858283433134	0.850299401198	0.89620758483	0.863273453094	0.865269461078	0.859281437126	0.872255489022
