	CA7	CA8	CB7	CB8	CC7	CC8	CD7	CD8	CE7	CE8	CF7	CF8	CG7	CG8	CH7	CH8	CA1	CA2	CB1	CB2	CC1	CC2	CD1	CD2	CE1	CE2	CF1	CF2	CG1	CG2	CH1	CH2	CA5	CA6	CB5	CB6	CC5	CC6	CD6	CE5	CE6	CF5	CF6	CG5	CG6	CH5	CH6	CA11	CA12	CB11	CB12	CC11	CC12	CD11	CD12	CE11	CE12	CF11	CF12	CG11	CG12	CH11	CH12	CA3	CA4	CB3	CB4	CC4	CD3	CD4	CE4	CF3	CF4	CG3	CG4	CH3	CH4	CA9	CA10	CB9	CC9	CC10	CD9	CD10	CE9	CE10	CF9	CG9	CG10	CH9	CH10
CA7	0.0	0.388223552894	0.651696606786	0.536926147705	0.74251497006	0.627744510978	0.417165668663	0.422155688623	0.421157684631	0.432135728543	0.666666666667	0.663672654691	0.566866267465	0.609780439122	0.393213572854	0.303393213573	0.903193612774	0.90618762475	0.920159680639	0.910179640719	0.72255489022	0.758483033932	0.926147704591	0.922155688623	0.825349301397	0.862275449102	0.829341317365	0.836327345309	0.840319361277	0.860279441118	0.85628742515	0.874251497006	0.527944111776	0.5	0.591816367265	0.499001996008	0.587824351297	0.585828343313	0.584830339321	0.570858283433	0.625748502994	0.592814371257	0.624750499002	0.553892215569	0.557884231537	0.507984031936	0.552894211577	0.728542914172	0.688622754491	0.678642714571	0.696606786427	0.610778443114	0.681636726547	0.636726546906	0.697604790419	0.616766467066	0.547904191617	0.600798403194	0.627744510978	0.684630738523	0.694610778443	0.718562874251	0.692614770459	0.928143712575	0.929141716567	0.887225548902	0.729540918164	0.919161676647	0.917165668663	0.74251497006	0.907185628743	0.87125748503	0.913173652695	0.765469061876	0.883233532934	0.957085828343	0.914171656687	0.730538922156	0.721556886228	0.726546906188	0.649700598802	0.624750499002	0.599800399202	0.617764471058	0.545908183633	0.554890219561	0.768463073852	0.735528942116	0.691616766467	0.719560878244	0.765469061876
CA8	0.388223552894	0.0	0.646706586826	0.516966067864	0.683632734531	0.590818363273	0.388223552894	0.460079840319	0.442115768463	0.395209580838	0.635728542914	0.632734530938	0.563872255489	0.597804391218	0.296407185629	0.375249500998	0.863273453094	0.868263473054	0.919161676647	0.908183632735	0.711576846307	0.743512974052	0.900199600798	0.899201596806	0.792415169661	0.820359281437	0.798403193613	0.806387225549	0.790419161677	0.838323353293	0.835329341317	0.85628742515	0.518962075848	0.49500998004	0.601796407186	0.498003992016	0.59880239521	0.584830339321	0.582834331337	0.566866267465	0.625748502994	0.584830339321	0.637724550898	0.544910179641	0.575848303393	0.50998003992	0.548902195609	0.726546906188	0.689620758483	0.661676646707	0.658682634731	0.610778443114	0.644710578842	0.620758483034	0.676646706587	0.594810379242	0.534930139721	0.588822355289	0.630738522954	0.661676646707	0.663672654691	0.716566866267	0.670658682635	0.935129740519	0.950099800399	0.888223552894	0.702594810379	0.938123752495	0.914171656687	0.729540918164	0.900199600798	0.87624750499	0.90618762475	0.75249500998	0.877245508982	0.961077844311	0.927145708583	0.686626746507	0.705588822355	0.693612774451	0.652694610778	0.62874251497	0.548902195609	0.551896207585	0.48502994012	0.494011976048	0.766467065868	0.680638722555	0.630738522954	0.691616766467	0.718562874251
CB7	0.651696606786	0.646706586826	0.0	0.532934131737	0.683632734531	0.640718562874	0.657684630739	0.679640718563	0.672654690619	0.655688622754	0.663672654691	0.657684630739	0.534930139721	0.413173652695	0.655688622754	0.661676646707	0.821357285429	0.810379241517	0.858283433134	0.85129740519	0.756487025948	0.729540918164	0.799401197605	0.788423153693	0.675648702595	0.700598802395	0.75249500998	0.755489021956	0.723552894212	0.776447105788	0.780439121756	0.800399201597	0.741516966068	0.7375249501	0.687624750499	0.731536926148	0.678642714571	0.730538922156	0.74251497006	0.735528942116	0.740518962076	0.743512974052	0.673652694611	0.733532934132	0.683632734531	0.730538922156	0.736526946108	0.770459081836	0.743512974052	0.775449101796	0.778443113772	0.707584830339	0.760479041916	0.686626746507	0.7624750499	0.685628742515	0.644710578842	0.704590818363	0.709580838323	0.773453093812	0.786427145709	0.75249500998	0.779441117764	0.89620758483	0.804391217565	0.873253493014	0.761477045908	0.806387225549	0.883233532934	0.77245508982	0.887225548902	0.822355289421	0.867265469062	0.768463073852	0.868263473054	0.837325349301	0.894211576846	0.85129740519	0.793413173653	0.859281437126	0.703592814371	0.679640718563	0.713572854291	0.726546906188	0.708582834331	0.705588822355	0.893213572854	0.854291417166	0.801397205589	0.85628742515	0.89121756487
CB8	0.536926147705	0.516966067864	0.532934131737	0.0	0.62375249501	0.581836327345	0.515968063872	0.601796407186	0.589820359281	0.526946107784	0.61876247505	0.616766467066	0.438123752495	0.471057884232	0.521956087824	0.540918163673	0.836327345309	0.835329341317	0.884231536926	0.853293413174	0.675648702595	0.689620758483	0.836327345309	0.829341317365	0.740518962076	0.76746506986	0.768463073852	0.77744510978	0.72754491018	0.775449101796	0.815369261477	0.823353293413	0.611776447106	0.635728542914	0.634730538922	0.635728542914	0.59381237525	0.639720558882	0.661676646707	0.669660678643	0.671656686627	0.65369261477	0.60878243513	0.667664670659	0.610778443114	0.62874251497	0.629740518962	0.706586826347	0.685628742515	0.709580838323	0.705588822355	0.632734530938	0.698602794411	0.631736526946	0.695608782435	0.621756487026	0.548902195609	0.630738522954	0.632734530938	0.716566866267	0.712574850299	0.695608782435	0.700598802395	0.90119760479	0.897205588822	0.880239520958	0.718562874251	0.890219560878	0.89121756487	0.731536926148	0.892215568862	0.850299401198	0.87624750499	0.730538922156	0.870259481038	0.918163672655	0.899201596806	0.759481037924	0.734530938124	0.765469061876	0.64870259481	0.626746506986	0.612774451098	0.624750499002	0.573852295409	0.577844311377	0.786427145709	0.75748502994	0.708582834331	0.769461077844	0.799401197605
CC7	0.74251497006	0.683632734531	0.683632734531	0.62375249501	0.0	0.541916167665	0.696606786427	0.795409181637	0.791417165669	0.710578842315	0.5249500998	0.482035928144	0.657684630739	0.677644710579	0.686626746507	0.73253493014	0.783433133733	0.782435129741	0.868263473054	0.859281437126	0.738522954092	0.709580838323	0.657684630739	0.650698602794	0.605788423154	0.582834331337	0.706586826347	0.715568862275	0.750499001996	0.799401197605	0.779441117764	0.783433133733	0.808383233533	0.831337325349	0.867265469062	0.832335329341	0.836327345309	0.840319361277	0.848303393214	0.857285429142	0.859281437126	0.841317365269	0.85628742515	0.860279441118	0.850299401198	0.824351297405	0.820359281437	0.72255489022	0.723552894212	0.716566866267	0.720558882236	0.719560878244	0.712574850299	0.719560878244	0.710578842315	0.719560878244	0.712574850299	0.719560878244	0.715568862275	0.714570858283	0.713572854291	0.726546906188	0.714570858283	0.945109780439	0.939121756487	0.907185628743	0.778443113772	0.939121756487	0.927145708583	0.789421157685	0.923153692615	0.859281437126	0.928143712575	0.787425149701	0.899201596806	0.9750499002	0.941117764471	0.774451097804	0.719560878244	0.766467065868	0.848303393214	0.825349301397	0.756487025948	0.761477045908	0.755489021956	0.764471057884	0.792415169661	0.763473053892	0.7624750499	0.766467065868	0.795409181637
CC8	0.627744510978	0.590818363273	0.640718562874	0.581836327345	0.541916167665	0.0	0.617764471058	0.733532934132	0.725548902196	0.642714570858	0.476047904192	0.473053892216	0.597804391218	0.622754491018	0.587824351297	0.635728542914	0.793413173653	0.781437125749	0.87624750499	0.868263473054	0.702594810379	0.685628742515	0.760479041916	0.755489021956	0.656686626747	0.682634730539	0.706586826347	0.724550898204	0.748502994012	0.798403193613	0.782435129741	0.797405189621	0.743512974052	0.758483033932	0.796407185629	0.759481037924	0.765469061876	0.765469061876	0.783433133733	0.791417165669	0.792415169661	0.779441117764	0.785429141717	0.791417165669	0.778443113772	0.753493013972	0.748502994012	0.720558882236	0.691616766467	0.671656686627	0.686626746507	0.637724550898	0.655688622754	0.665668662675	0.675648702595	0.647704590818	0.65369261477	0.630738522954	0.646706586826	0.673652694611	0.673652694611	0.721556886228	0.686626746507	0.929141716567	0.924151696607	0.892215568862	0.718562874251	0.921157684631	0.914171656687	0.735528942116	0.910179640719	0.868263473054	0.913173652695	0.761477045908	0.888223552894	0.954091816367	0.919161676647	0.707584830339	0.712574850299	0.724550898204	0.783433133733	0.755489021956	0.64870259481	0.661676646707	0.65369261477	0.64870259481	0.779441117764	0.711576846307	0.661676646707	0.718562874251	0.764471057884
CD7	0.417165668663	0.388223552894	0.657684630739	0.515968063872	0.696606786427	0.617764471058	0.0	0.431137724551	0.433133732535	0.342315369261	0.666666666667	0.664670658683	0.560878243513	0.605788423154	0.392215568862	0.410179640719	0.877245508982	0.88123752495	0.923153692615	0.917165668663	0.730538922156	0.756487025948	0.907185628743	0.905189620758	0.802395209581	0.841317365269	0.824351297405	0.819361277445	0.802395209581	0.847305389222	0.837325349301	0.855289421158	0.522954091816	0.516966067864	0.602794411178	0.520958083832	0.597804391218	0.579840319361	0.584830339321	0.567864271457	0.630738522954	0.587824351297	0.640718562874	0.551896207585	0.574850299401	0.508982035928	0.548902195609	0.691616766467	0.644710578842	0.64870259481	0.641716566866	0.567864271457	0.642714570858	0.591816367265	0.675648702595	0.584830339321	0.523952095808	0.565868263473	0.597804391218	0.64870259481	0.646706586826	0.676646706587	0.650698602794	0.945109780439	0.951097804391	0.890219560878	0.74750499002	0.944111776447	0.920159680639	0.75748502994	0.907185628743	0.88622754491	0.916167664671	0.770459081836	0.888223552894	0.965069860279	0.935129740519	0.724550898204	0.707584830339	0.671656686627	0.602794411178	0.583832335329	0.527944111776	0.534930139721	0.468063872255	0.48003992016	0.72255489022	0.704590818363	0.655688622754	0.666666666667	0.718562874251
CD8	0.422155688623	0.460079840319	0.679640718563	0.601796407186	0.795409181637	0.733532934132	0.431137724551	0.0	0.362275449102	0.442115768463	0.774451097804	0.779441117764	0.632734530938	0.63373253493	0.460079840319	0.390219560878	0.922155688623	0.925149700599	0.938123752495	0.931137724551	0.760479041916	0.786427145709	0.965069860279	0.954091816367	0.854291417166	0.894211576846	0.859281437126	0.854291417166	0.827345309381	0.875249500998	0.860279441118	0.88123752495	0.568862275449	0.517964071856	0.581836327345	0.508982035928	0.602794411178	0.588822355289	0.589820359281	0.557884231537	0.617764471058	0.59381237525	0.626746506986	0.536926147705	0.561876247505	0.531936127745	0.576846307385	0.735528942116	0.720558882236	0.72255489022	0.72255489022	0.644710578842	0.708582834331	0.64371257485	0.718562874251	0.644710578842	0.575848303393	0.636726546906	0.660678642715	0.725548902196	0.712574850299	0.72754491018	0.730538922156	0.922155688623	0.921157684631	0.865269461078	0.792415169661	0.915169660679	0.897205588822	0.810379241517	0.877245508982	0.858283433134	0.887225548902	0.806387225549	0.860279441118	0.936127744511	0.915169660679	0.794411177645	0.76746506986	0.758483033932	0.599800399202	0.575848303393	0.604790419162	0.616766467066	0.556886227545	0.570858283433	0.797405189621	0.788423153693	0.729540918164	0.759481037924	0.787425149701
CE7	0.421157684631	0.442115768463	0.672654690619	0.589820359281	0.791417165669	0.725548902196	0.433133732535	0.362275449102	0.0	0.415169660679	0.76746506986	0.76746506986	0.607784431138	0.625748502994	0.448103792415	0.416167664671	0.916167664671	0.918163672655	0.935129740519	0.925149700599	0.731536926148	0.755489021956	0.965069860279	0.957085828343	0.847305389222	0.877245508982	0.85129740519	0.84630738523	0.813373253493	0.857285429142	0.857285429142	0.878243512974	0.552894211577	0.508982035928	0.573852295409	0.50499001996	0.580838323353	0.581836327345	0.577844311377	0.556886227545	0.61876247505	0.589820359281	0.607784431138	0.545908183633	0.545908183633	0.516966067864	0.570858283433	0.73253493014	0.714570858283	0.723552894212	0.731536926148	0.655688622754	0.709580838323	0.640718562874	0.715568862275	0.626746506986	0.553892215569	0.647704590818	0.655688622754	0.7375249501	0.724550898204	0.718562874251	0.734530938124	0.905189620758	0.914171656687	0.852295409182	0.769461077844	0.905189620758	0.888223552894	0.791417165669	0.873253493014	0.840319361277	0.88622754491	0.786427145709	0.843313373253	0.928143712575	0.897205588822	0.774451097804	0.755489021956	0.755489021956	0.602794411178	0.585828343313	0.61377245509	0.624750499002	0.563872255489	0.564870259481	0.801397205589	0.760479041916	0.711576846307	0.75748502994	0.796407185629
CE8	0.432135728543	0.395209580838	0.655688622754	0.526946107784	0.710578842315	0.642714570858	0.342315369261	0.442115768463	0.415169660679	0.0	0.689620758483	0.686626746507	0.551896207585	0.602794411178	0.400199600798	0.418163672655	0.873253493014	0.883233532934	0.917165668663	0.914171656687	0.708582834331	0.74750499002	0.921157684631	0.909181636727	0.807385229541	0.843313373253	0.804391217565	0.812375249501	0.798403193613	0.848303393214	0.845309381238	0.86626746507	0.525948103792	0.511976047904	0.601796407186	0.503992015968	0.599800399202	0.582834331337	0.583832335329	0.567864271457	0.626746506986	0.590818363273	0.636726546906	0.553892215569	0.575848303393	0.501996007984	0.547904191617	0.697604790419	0.682634730539	0.692614770459	0.692614770459	0.625748502994	0.677644710579	0.586826347305	0.676646706587	0.585828343313	0.517964071856	0.602794411178	0.61876247505	0.689620758483	0.696606786427	0.695608782435	0.696606786427	0.933133732535	0.937125748503	0.89121756487	0.761477045908	0.932135728543	0.917165668663	0.77744510978	0.898203592814	0.879241516966	0.913173652695	0.774451097804	0.880239520958	0.954091816367	0.926147704591	0.745508982036	0.720558882236	0.724550898204	0.624750499002	0.606786427146	0.577844311377	0.591816367265	0.518962075848	0.521956087824	0.748502994012	0.730538922156	0.666666666667	0.717564870259	0.754491017964
CF7	0.666666666667	0.635728542914	0.663672654691	0.61876247505	0.5249500998	0.476047904192	0.666666666667	0.774451097804	0.76746506986	0.689620758483	0.0	0.460079840319	0.635728542914	0.659680638723	0.634730538922	0.684630738523	0.787425149701	0.778443113772	0.870259481038	0.869261477046	0.697604790419	0.693612774451	0.738522954092	0.7375249501	0.634730538922	0.649700598802	0.700598802395	0.723552894212	0.763473053892	0.810379241517	0.782435129741	0.790419161677	0.769461077844	0.792415169661	0.829341317365	0.797405189621	0.798403193613	0.804391217565	0.806387225549	0.818363273453	0.825349301397	0.807385229541	0.817365269461	0.825349301397	0.814371257485	0.783433133733	0.779441117764	0.723552894212	0.696606786427	0.679640718563	0.697604790419	0.673652694611	0.651696606786	0.693612774451	0.679640718563	0.675648702595	0.687624750499	0.659680638723	0.675648702595	0.672654690619	0.670658682635	0.715568862275	0.688622754491	0.938123752495	0.923153692615	0.893213572854	0.72255489022	0.920159680639	0.922155688623	0.7375249501	0.909181636727	0.858283433134	0.910179640719	0.765469061876	0.883233532934	0.953093812375	0.927145708583	0.711576846307	0.709580838323	0.724550898204	0.816367265469	0.794411177645	0.686626746507	0.689620758483	0.699600798403	0.692614770459	0.788423153693	0.721556886228	0.694610778443	0.720558882236	0.760479041916
CF8	0.663672654691	0.632734530938	0.657684630739	0.616766467066	0.482035928144	0.473053892216	0.664670658683	0.779441117764	0.76746506986	0.686626746507	0.460079840319	0.0	0.621756487026	0.639720558882	0.64371257485	0.687624750499	0.778443113772	0.77744510978	0.867265469062	0.863273453094	0.700598802395	0.692614770459	0.677644710579	0.654690618762	0.606786427146	0.60379241517	0.699600798403	0.701596806387	0.75748502994	0.802395209581	0.766467065868	0.77744510978	0.784431137725	0.802395209581	0.837325349301	0.803393213573	0.807385229541	0.809381237525	0.814371257485	0.828343313373	0.826347305389	0.813373253493	0.822355289421	0.832335329341	0.823353293413	0.792415169661	0.792415169661	0.726546906188	0.691616766467	0.672654690619	0.683632734531	0.685628742515	0.661676646707	0.708582834331	0.690618762475	0.686626746507	0.697604790419	0.670658682635	0.693612774451	0.670658682635	0.680638722555	0.716566866267	0.692614770459	0.936127744511	0.927145708583	0.893213572854	0.718562874251	0.926147704591	0.918163672655	0.733532934132	0.908183632735	0.853293413174	0.914171656687	0.7624750499	0.885229540918	0.960079840319	0.925149700599	0.703592814371	0.717564870259	0.724550898204	0.833333333333	0.806387225549	0.685628742515	0.694610778443	0.697604790419	0.695608782435	0.790419161677	0.712574850299	0.704590818363	0.72255489022	0.7624750499
CG7	0.566866267465	0.563872255489	0.534930139721	0.438123752495	0.657684630739	0.597804391218	0.560878243513	0.632734530938	0.607784431138	0.551896207585	0.635728542914	0.621756487026	0.0	0.47005988024	0.572854291417	0.572854291417	0.832335329341	0.832335329341	0.879241516966	0.864271457086	0.661676646707	0.671656686627	0.833333333333	0.821357285429	0.734530938124	0.766467065868	0.764471057884	0.760479041916	0.739520958084	0.77245508982	0.823353293413	0.832335329341	0.64371257485	0.654690618762	0.647704590818	0.656686626747	0.620758483034	0.655688622754	0.674650698603	0.695608782435	0.684630738523	0.670658682635	0.631736526946	0.690618762475	0.640718562874	0.639720558882	0.645708582834	0.72754491018	0.709580838323	0.719560878244	0.726546906188	0.654690618762	0.719560878244	0.649700598802	0.721556886228	0.640718562874	0.590818363273	0.647704590818	0.656686626747	0.726546906188	0.74251497006	0.706586826347	0.726546906188	0.897205588822	0.903193612774	0.882235528942	0.743512974052	0.899201596806	0.894211576846	0.755489021956	0.892215568862	0.857285429142	0.88622754491	0.755489021956	0.872255489022	0.929141716567	0.893213572854	0.761477045908	0.758483033932	0.77245508982	0.686626746507	0.650698602794	0.634730538922	0.649700598802	0.619760479042	0.61377245509	0.808383233533	0.774451097804	0.726546906188	0.774451097804	0.820359281437
CG8	0.609780439122	0.597804391218	0.413173652695	0.471057884232	0.677644710579	0.622754491018	0.605788423154	0.63373253493	0.625748502994	0.602794411178	0.659680638723	0.639720558882	0.47005988024	0.0	0.606786427146	0.616766467066	0.839321357285	0.824351297405	0.865269461078	0.859281437126	0.713572854291	0.704590818363	0.813373253493	0.792415169661	0.707584830339	0.735528942116	0.749500998004	0.748502994012	0.721556886228	0.769461077844	0.794411177645	0.795409181637	0.690618762475	0.690618762475	0.64870259481	0.683632734531	0.632734530938	0.674650698603	0.692614770459	0.693612774451	0.688622754491	0.690618762475	0.635728542914	0.693612774451	0.635728542914	0.679640718563	0.685628742515	0.75249500998	0.73253493014	0.74750499002	0.75249500998	0.676646706587	0.7375249501	0.671656686627	0.744510978044	0.663672654691	0.611776447106	0.671656686627	0.677644710579	0.756487025948	0.764471057884	0.736526946108	0.753493013972	0.884231536926	0.819361277445	0.874251497006	0.717564870259	0.818363273453	0.878243512974	0.72754491018	0.884231536926	0.825349301397	0.87125748503	0.72754491018	0.86626746507	0.854291417166	0.884231536926	0.815369261477	0.782435129741	0.826347305389	0.673652694611	0.64870259481	0.681636726547	0.691616766467	0.659680638723	0.664670658683	0.853293413174	0.827345309381	0.775449101796	0.824351297405	0.86127744511
CH7	0.393213572854	0.296407185629	0.655688622754	0.521956087824	0.686626746507	0.587824351297	0.392215568862	0.460079840319	0.448103792415	0.400199600798	0.634730538922	0.64371257485	0.572854291417	0.606786427146	0.0	0.378243512974	0.868263473054	0.872255489022	0.912175648703	0.904191616766	0.703592814371	0.738522954092	0.899201596806	0.90119760479	0.794411177645	0.826347305389	0.807385229541	0.810379241517	0.802395209581	0.844311377246	0.833333333333	0.848303393214	0.518962075848	0.498003992016	0.602794411178	0.498003992016	0.600798403194	0.579840319361	0.581836327345	0.565868263473	0.622754491018	0.584830339321	0.635728542914	0.549900199601	0.571856287425	0.507984031936	0.548902195609	0.735528942116	0.697604790419	0.682634730539	0.683632734531	0.614770459082	0.662674650699	0.62874251497	0.685628742515	0.605788423154	0.549900199601	0.59381237525	0.636726546906	0.679640718563	0.671656686627	0.72754491018	0.686626746507	0.926147704591	0.940119760479	0.884231536926	0.703592814371	0.930139720559	0.914171656687	0.729540918164	0.903193612774	0.877245508982	0.908183632735	0.753493013972	0.879241516966	0.953093812375	0.918163672655	0.693612774451	0.72255489022	0.709580838323	0.65369261477	0.640718562874	0.567864271457	0.573852295409	0.5	0.505988023952	0.77744510978	0.689620758483	0.649700598802	0.705588822355	0.743512974052
CH8	0.303393213573	0.375249500998	0.661676646707	0.540918163673	0.73253493014	0.635728542914	0.410179640719	0.390219560878	0.416167664671	0.418163672655	0.684630738523	0.687624750499	0.572854291417	0.616766467066	0.378243512974	0.0	0.914171656687	0.910179640719	0.930139720559	0.917165668663	0.730538922156	0.77245508982	0.940119760479	0.937125748503	0.831337325349	0.868263473054	0.842315369261	0.84630738523	0.833333333333	0.860279441118	0.859281437126	0.88123752495	0.5249500998	0.501996007984	0.594810379242	0.5	0.591816367265	0.579840319361	0.586826347305	0.569860279441	0.62874251497	0.589820359281	0.632734530938	0.548902195609	0.564870259481	0.507984031936	0.547904191617	0.733532934132	0.696606786427	0.686626746507	0.696606786427	0.616766467066	0.685628742515	0.639720558882	0.700598802395	0.61377245509	0.549900199601	0.609780439122	0.626746506986	0.686626746507	0.692614770459	0.72754491018	0.700598802395	0.933133732535	0.944111776447	0.893213572854	0.73253493014	0.932135728543	0.920159680639	0.746506986028	0.914171656687	0.882235528942	0.918163672655	0.769461077844	0.890219560878	0.959081836327	0.925149700599	0.728542914172	0.717564870259	0.729540918164	0.650698602794	0.625748502994	0.590818363273	0.609780439122	0.533932135729	0.542914171657	0.756487025948	0.736526946108	0.684630738523	0.716566866267	0.755489021956
CA1	0.903193612774	0.863273453094	0.821357285429	0.836327345309	0.783433133733	0.793413173653	0.877245508982	0.922155688623	0.916167664671	0.873253493014	0.787425149701	0.778443113772	0.832335329341	0.839321357285	0.868263473054	0.914171656687	0.0	0.322355289421	0.498003992016	0.48502994012	0.835329341317	0.707584830339	0.746506986028	0.743512974052	0.681636726547	0.716566866267	0.478043912176	0.484031936128	0.430139720559	0.444111776447	0.454091816367	0.409181636727	0.951097804391	0.953093812375	0.953093812375	0.954091816367	0.953093812375	0.952095808383	0.954091816367	0.951097804391	0.951097804391	0.953093812375	0.953093812375	0.952095808383	0.951097804391	0.951097804391	0.953093812375	0.918163672655	0.921157684631	0.926147704591	0.928143712575	0.925149700599	0.917165668663	0.917165668663	0.90618762475	0.916167664671	0.918163672655	0.921157684631	0.920159680639	0.926147704591	0.918163672655	0.918163672655	0.924151696607	0.949101796407	0.952095808383	0.930139720559	0.928143712575	0.943113772455	0.942115768463	0.928143712575	0.919161676647	0.90618762475	0.918163672655	0.925149700599	0.932135728543	0.968063872255	0.938123752495	0.920159680639	0.921157684631	0.922155688623	0.943113772455	0.928143712575	0.924151696607	0.921157684631	0.922155688623	0.927145708583	0.942115768463	0.914171656687	0.918163672655	0.924151696607	0.920159680639
CA2	0.90618762475	0.868263473054	0.810379241517	0.835329341317	0.782435129741	0.781437125749	0.88123752495	0.925149700599	0.918163672655	0.883233532934	0.778443113772	0.77744510978	0.832335329341	0.824351297405	0.872255489022	0.910179640719	0.322355289421	0.0	0.513972055888	0.486027944112	0.84630738523	0.715568862275	0.744510978044	0.74750499002	0.687624750499	0.718562874251	0.48003992016	0.484031936128	0.440119760479	0.460079840319	0.451097804391	0.414171656687	0.959081836327	0.956087824351	0.954091816367	0.953093812375	0.957085828343	0.953093812375	0.957085828343	0.959081836327	0.955089820359	0.960079840319	0.957085828343	0.955089820359	0.954091816367	0.954091816367	0.958083832335	0.914171656687	0.917165668663	0.919161676647	0.922155688623	0.922155688623	0.913173652695	0.910179640719	0.90119760479	0.907185628743	0.914171656687	0.913173652695	0.910179640719	0.921157684631	0.914171656687	0.915169660679	0.919161676647	0.940119760479	0.935129740519	0.930139720559	0.923153692615	0.925149700599	0.940119760479	0.929141716567	0.922155688623	0.905189620758	0.927145708583	0.926147704591	0.928143712575	0.963073852295	0.942115768463	0.924151696607	0.921157684631	0.927145708583	0.933133732535	0.922155688623	0.931137724551	0.928143712575	0.931137724551	0.936127744511	0.948103792415	0.926147704591	0.927145708583	0.931137724551	0.931137724551
CB1	0.920159680639	0.919161676647	0.858283433134	0.884231536926	0.868263473054	0.87624750499	0.923153692615	0.938123752495	0.935129740519	0.917165668663	0.870259481038	0.867265469062	0.879241516966	0.865269461078	0.912175648703	0.930139720559	0.498003992016	0.513972055888	0.0	0.284431137725	0.887225548902	0.753493013972	0.834331337325	0.830339321357	0.791417165669	0.824351297405	0.544910179641	0.553892215569	0.49500998004	0.425149700599	0.451097804391	0.425149700599	0.966067864271	0.961077844311	0.942115768463	0.958083832335	0.942115768463	0.955089820359	0.966067864271	0.964071856287	0.967065868263	0.967065868263	0.942115768463	0.958083832335	0.942115768463	0.958083832335	0.967065868263	0.916167664671	0.915169660679	0.913173652695	0.914171656687	0.918163672655	0.913173652695	0.924151696607	0.923153692615	0.924151696607	0.912175648703	0.917165668663	0.917165668663	0.916167664671	0.920159680639	0.914171656687	0.913173652695	0.926147704591	0.928143712575	0.948103792415	0.935129740519	0.931137724551	0.944111776447	0.933133732535	0.943113772455	0.900199600798	0.944111776447	0.934131736527	0.952095808383	0.962075848303	0.933133732535	0.972055888224	0.914171656687	0.968063872255	0.940119760479	0.928143712575	0.954091816367	0.961077844311	0.953093812375	0.957085828343	0.967065868263	0.97005988024	0.964071856287	0.973053892216	0.973053892216
CB2	0.910179640719	0.908183632735	0.85129740519	0.853293413174	0.859281437126	0.868263473054	0.917165668663	0.931137724551	0.925149700599	0.914171656687	0.869261477046	0.863273453094	0.864271457086	0.859281437126	0.904191616766	0.917165668663	0.48502994012	0.486027944112	0.284431137725	0.0	0.873253493014	0.74251497006	0.817365269461	0.822355289421	0.783433133733	0.817365269461	0.548902195609	0.550898203593	0.461077844311	0.394211576846	0.446107784431	0.415169660679	0.964071856287	0.958083832335	0.924151696607	0.955089820359	0.929141716567	0.952095808383	0.964071856287	0.962075848303	0.963073852295	0.963073852295	0.925149700599	0.956087824351	0.928143712575	0.952095808383	0.962075848303	0.923153692615	0.923153692615	0.917165668663	0.923153692615	0.930139720559	0.925149700599	0.936127744511	0.932135728543	0.935129740519	0.922155688623	0.931137724551	0.928143712575	0.925149700599	0.934131736527	0.923153692615	0.922155688623	0.916167664671	0.926147704591	0.933133732535	0.919161676647	0.917165668663	0.926147704591	0.917165668663	0.930139720559	0.907185628743	0.927145708583	0.918163672655	0.934131736527	0.953093812375	0.924151696607	0.962075848303	0.923153692615	0.958083832335	0.940119760479	0.923153692615	0.947105788423	0.953093812375	0.950099800399	0.949101796407	0.961077844311	0.960079840319	0.958083832335	0.962075848303	0.962075848303
CC1	0.72255489022	0.711576846307	0.756487025948	0.675648702595	0.738522954092	0.702594810379	0.730538922156	0.760479041916	0.731536926148	0.708582834331	0.697604790419	0.700598802395	0.661676646707	0.713572854291	0.703592814371	0.730538922156	0.835329341317	0.84630738523	0.887225548902	0.873253493014	0.0	0.476047904192	0.898203592814	0.894211576846	0.771457085828	0.818363273453	0.75249500998	0.749500998004	0.765469061876	0.803393213573	0.805389221557	0.814371257485	0.769461077844	0.780439121756	0.774451097804	0.778443113772	0.74251497006	0.782435129741	0.802395209581	0.813373253493	0.809381237525	0.797405189621	0.755489021956	0.815369261477	0.766467065868	0.766467065868	0.769461077844	0.671656686627	0.698602794411	0.695608782435	0.720558882236	0.700598802395	0.683632734531	0.683632734531	0.661676646707	0.666666666667	0.703592814371	0.719560878244	0.702594810379	0.723552894212	0.718562874251	0.674650698603	0.719560878244	0.848303393214	0.844311377246	0.77744510978	0.683632734531	0.825349301397	0.847305389222	0.700598802395	0.822355289421	0.754491017964	0.822355289421	0.688622754491	0.76746506986	0.848303393214	0.848303393214	0.675648702595	0.707584830339	0.745508982036	0.780439121756	0.741516966068	0.711576846307	0.703592814371	0.731536926148	0.72754491018	0.805389221557	0.687624750499	0.708582834331	0.74750499002	0.7624750499
CC2	0.758483033932	0.743512974052	0.729540918164	0.689620758483	0.709580838323	0.685628742515	0.756487025948	0.786427145709	0.755489021956	0.74750499002	0.693612774451	0.692614770459	0.671656686627	0.704590818363	0.738522954092	0.77245508982	0.707584830339	0.715568862275	0.753493013972	0.74251497006	0.476047904192	0.0	0.804391217565	0.796407185629	0.677644710579	0.726546906188	0.583832335329	0.570858283433	0.640718562874	0.673652694611	0.663672654691	0.670658682635	0.818363273453	0.814371257485	0.804391217565	0.810379241517	0.778443113772	0.810379241517	0.827345309381	0.844311377246	0.838323353293	0.828343313373	0.791417165669	0.840319361277	0.797405189621	0.805389221557	0.815369261477	0.688622754491	0.729540918164	0.721556886228	0.735528942116	0.745508982036	0.719560878244	0.728542914172	0.702594810379	0.709580838323	0.74251497006	0.749500998004	0.740518962076	0.735528942116	0.739520958084	0.697604790419	0.736526946108	0.85628742515	0.842315369261	0.809381237525	0.723552894212	0.831337325349	0.86127744511	0.72754491018	0.824351297405	0.754491017964	0.832335329341	0.72754491018	0.794411177645	0.87125748503	0.858283433134	0.728542914172	0.708582834331	0.763473053892	0.802395209581	0.771457085828	0.754491017964	0.751497005988	0.77245508982	0.770459081836	0.833333333333	0.740518962076	0.764471057884	0.776447105788	0.785429141717
CD1	0.926147704591	0.900199600798	0.799401197605	0.836327345309	0.657684630739	0.760479041916	0.907185628743	0.965069860279	0.965069860279	0.921157684631	0.738522954092	0.677644710579	0.833333333333	0.813373253493	0.899201596806	0.940119760479	0.746506986028	0.744510978044	0.834331337325	0.817365269461	0.898203592814	0.804391217565	0.0	0.421157684631	0.587824351297	0.482035928144	0.734530938124	0.745508982036	0.788423153693	0.804391217565	0.806387225549	0.783433133733	0.982035928144	0.983033932136	0.983033932136	0.984031936128	0.984031936128	0.982035928144	0.984031936128	0.98502994012	0.983033932136	0.983033932136	0.98502994012	0.982035928144	0.982035928144	0.984031936128	0.984031936128	0.955089820359	0.954091816367	0.949101796407	0.956087824351	0.954091816367	0.947105788423	0.946107784431	0.947105788423	0.948103792415	0.950099800399	0.948103792415	0.948103792415	0.949101796407	0.951097804391	0.948103792415	0.955089820359	0.97005988024	0.962075848303	0.976047904192	0.972055888224	0.958083832335	0.983033932136	0.969061876248	0.983033932136	0.952095808383	0.981037924152	0.97005988024	0.98003992016	0.993013972056	0.97005988024	0.978043912176	0.951097804391	0.977045908184	0.957085828343	0.961077844311	0.979041916168	0.977045908184	0.974051896208	0.977045908184	0.983033932136	0.98003992016	0.978043912176	0.982035928144	0.981037924152
CD2	0.922155688623	0.899201596806	0.788423153693	0.829341317365	0.650698602794	0.755489021956	0.905189620758	0.954091816367	0.957085828343	0.909181636727	0.7375249501	0.654690618762	0.821357285429	0.792415169661	0.90119760479	0.937125748503	0.743512974052	0.74750499002	0.830339321357	0.822355289421	0.894211576846	0.796407185629	0.421157684631	0.0	0.567864271457	0.481037924152	0.728542914172	0.741516966068	0.796407185629	0.802395209581	0.806387225549	0.782435129741	0.982035928144	0.984031936128	0.983033932136	0.983033932136	0.983033932136	0.981037924152	0.984031936128	0.981037924152	0.983033932136	0.981037924152	0.98502994012	0.979041916168	0.981037924152	0.981037924152	0.982035928144	0.942115768463	0.941117764471	0.941117764471	0.941117764471	0.943113772455	0.933133732535	0.933133732535	0.933133732535	0.929141716567	0.934131736527	0.937125748503	0.927145708583	0.941117764471	0.936127744511	0.939121756487	0.943113772455	0.971057884232	0.952095808383	0.978043912176	0.966067864271	0.955089820359	0.982035928144	0.962075848303	0.979041916168	0.939121756487	0.978043912176	0.965069860279	0.98003992016	0.992015968064	0.968063872255	0.972055888224	0.937125748503	0.97005988024	0.954091816367	0.959081836327	0.971057884232	0.972055888224	0.972055888224	0.973053892216	0.977045908184	0.979041916168	0.9750499002	0.972055888224	0.976047904192
CE1	0.825349301397	0.792415169661	0.675648702595	0.740518962076	0.605788423154	0.656686626747	0.802395209581	0.854291417166	0.847305389222	0.807385229541	0.634730538922	0.606786427146	0.734530938124	0.707584830339	0.794411177645	0.831337325349	0.681636726547	0.687624750499	0.791417165669	0.783433133733	0.771457085828	0.677644710579	0.587824351297	0.567864271457	0.0	0.446107784431	0.650698602794	0.65369261477	0.685628742515	0.731536926148	0.690618762475	0.717564870259	0.894211576846	0.89121756487	0.89121756487	0.892215568862	0.89121756487	0.889221556886	0.89620758483	0.893213572854	0.894211576846	0.894211576846	0.893213572854	0.890219560878	0.88622754491	0.887225548902	0.893213572854	0.7624750499	0.7624750499	0.754491017964	0.815369261477	0.75748502994	0.746506986028	0.796407185629	0.780439121756	0.793413173653	0.792415169661	0.751497005988	0.74750499002	0.771457085828	0.770459081836	0.754491017964	0.797405189621	0.948103792415	0.929141716567	0.897205588822	0.867265469062	0.923153692615	0.947105788423	0.874251497006	0.922155688623	0.799401197605	0.927145708583	0.878243512974	0.888223552894	0.969061876248	0.943113772455	0.867265469062	0.774451097804	0.880239520958	0.840319361277	0.838323353293	0.855289421158	0.853293413174	0.858283433134	0.859281437126	0.916167664671	0.86626746507	0.862275449102	0.880239520958	0.911177644711
CE2	0.862275449102	0.820359281437	0.700598802395	0.76746506986	0.582834331337	0.682634730539	0.841317365269	0.894211576846	0.877245508982	0.843313373253	0.649700598802	0.60379241517	0.766467065868	0.735528942116	0.826347305389	0.868263473054	0.716566866267	0.718562874251	0.824351297405	0.817365269461	0.818363273453	0.726546906188	0.482035928144	0.481037924152	0.446107784431	0.0	0.670658682635	0.685628742515	0.725548902196	0.760479041916	0.73253493014	0.74750499002	0.925149700599	0.927145708583	0.927145708583	0.928143712575	0.926147704591	0.926147704591	0.930139720559	0.926147704591	0.926147704591	0.927145708583	0.927145708583	0.924151696607	0.926147704591	0.924151696607	0.929141716567	0.842315369261	0.834331337325	0.838323353293	0.841317365269	0.838323353293	0.828343313373	0.839321357285	0.829341317365	0.841317365269	0.837325349301	0.836327345309	0.829341317365	0.836327345309	0.830339321357	0.834331337325	0.841317365269	0.955089820359	0.936127744511	0.910179640719	0.894211576846	0.933133732535	0.956087824351	0.890219560878	0.942115768463	0.857285429142	0.944111776447	0.89121756487	0.908183632735	0.9750499002	0.952095808383	0.903193612774	0.840319361277	0.895209580838	0.88123752495	0.88123752495	0.897205588822	0.899201596806	0.899201596806	0.900199600798	0.923153692615	0.903193612774	0.898203592814	0.904191616766	0.923153692615
CF1	0.829341317365	0.798403193613	0.75249500998	0.768463073852	0.706586826347	0.706586826347	0.824351297405	0.859281437126	0.85129740519	0.804391217565	0.700598802395	0.699600798403	0.764471057884	0.749500998004	0.807385229541	0.842315369261	0.478043912176	0.48003992016	0.544910179641	0.548902195609	0.75249500998	0.583832335329	0.734530938124	0.728542914172	0.650698602794	0.670658682635	0.0	0.299401197605	0.497005988024	0.501996007984	0.444111776447	0.466067864271	0.898203592814	0.894211576846	0.905189620758	0.894211576846	0.89121756487	0.888223552894	0.898203592814	0.90618762475	0.902195608782	0.897205588822	0.89620758483	0.902195608782	0.890219560878	0.887225548902	0.895209580838	0.796407185629	0.800399201597	0.800399201597	0.798403193613	0.802395209581	0.791417165669	0.799401197605	0.781437125749	0.793413173653	0.812375249501	0.796407185629	0.795409181637	0.796407185629	0.798403193613	0.789421157685	0.796407185629	0.916167664671	0.908183632735	0.907185628743	0.853293413174	0.909181636727	0.914171656687	0.852295409182	0.887225548902	0.832335329341	0.882235528942	0.852295409182	0.905189620758	0.939121756487	0.908183632735	0.853293413174	0.799401197605	0.860279441118	0.895209580838	0.875249500998	0.86127744511	0.854291417166	0.858283433134	0.863273453094	0.885229540918	0.86127744511	0.850299401198	0.87125748503	0.868263473054
CF2	0.836327345309	0.806387225549	0.755489021956	0.77744510978	0.715568862275	0.724550898204	0.819361277445	0.854291417166	0.84630738523	0.812375249501	0.723552894212	0.701596806387	0.760479041916	0.748502994012	0.810379241517	0.84630738523	0.484031936128	0.484031936128	0.553892215569	0.550898203593	0.749500998004	0.570858283433	0.745508982036	0.741516966068	0.65369261477	0.685628742515	0.299401197605	0.0	0.491017964072	0.499001996008	0.442115768463	0.462075848303	0.90119760479	0.898203592814	0.90618762475	0.898203592814	0.898203592814	0.89620758483	0.898203592814	0.903193612774	0.899201596806	0.899201596806	0.899201596806	0.900199600798	0.897205588822	0.892215568862	0.899201596806	0.819361277445	0.813373253493	0.814371257485	0.817365269461	0.814371257485	0.798403193613	0.810379241517	0.795409181637	0.806387225549	0.820359281437	0.815369261477	0.816367265469	0.816367265469	0.813373253493	0.811377245509	0.819361277445	0.920159680639	0.913173652695	0.918163672655	0.859281437126	0.905189620758	0.919161676647	0.860279441118	0.894211576846	0.831337325349	0.894211576846	0.85628742515	0.917165668663	0.945109780439	0.912175648703	0.845309381238	0.813373253493	0.853293413174	0.888223552894	0.873253493014	0.860279441118	0.85129740519	0.858283433134	0.860279441118	0.885229540918	0.849301397206	0.847305389222	0.864271457086	0.85628742515
CG1	0.840319361277	0.790419161677	0.723552894212	0.72754491018	0.750499001996	0.748502994012	0.802395209581	0.827345309381	0.813373253493	0.798403193613	0.763473053892	0.75748502994	0.739520958084	0.721556886228	0.802395209581	0.833333333333	0.430139720559	0.440119760479	0.49500998004	0.461077844311	0.765469061876	0.640718562874	0.788423153693	0.796407185629	0.685628742515	0.725548902196	0.497005988024	0.491017964072	0.0	0.362275449102	0.434131736527	0.428143712575	0.897205588822	0.893213572854	0.841317365269	0.890219560878	0.834331337325	0.88622754491	0.898203592814	0.89620758483	0.898203592814	0.899201596806	0.824351297405	0.890219560878	0.832335329341	0.887225548902	0.899201596806	0.822355289421	0.807385229541	0.833333333333	0.829341317365	0.843313373253	0.836327345309	0.842315369261	0.838323353293	0.841317365269	0.831337325349	0.845309381238	0.839321357285	0.837325349301	0.847305389222	0.812375249501	0.834331337325	0.89121756487	0.88622754491	0.865269461078	0.804391217565	0.87624750499	0.879241516966	0.815369261477	0.888223552894	0.865269461078	0.87125748503	0.811377245509	0.85628742515	0.892215568862	0.89620758483	0.865269461078	0.842315369261	0.865269461078	0.860279441118	0.840319361277	0.844311377246	0.847305389222	0.845309381238	0.849301397206	0.88622754491	0.854291417166	0.852295409182	0.860279441118	0.893213572854
