	CA7	CA8	CB7	CB8	CC7	CC8	CD7	CD8	CE7	CE8	CF7	CF8	CG7	CG8	CH7	CH8	CA1	CA2	CB1	CB2	CC1	CC2	CD1	CD2	CE1	CE2	CF1	CF2	CG1	CG2	CH1	CH2	CA5	CA6	CB5	CB6	CC5	CC6	CD6	CE5	CE6	CF5	CF6	CG5	CG6	CH5	CH6	CA11	CA12	CB11	CB12	CC11	CC12	CD11	CD12	CE11	CE12	CF11	CF12	CG11	CG12	CH11	CH12	CA3	CA4	CB3	CB4	CC4	CD3	CD4	CE4	CF3	CF4	CG3	CG4	CH3	CH4	CA9	CA10	CB9	CC9	CC10	CD9	CD10	CE9	CE10	CF9	CG9	CG10	CH9	CH10
CA7	0.0	0.390219560878	0.656686626747	0.510978043912	0.693612774451	0.627744510978	0.426147704591	0.419161676647	0.413173652695	0.446107784431	0.639720558882	0.652694610778	0.545908183633	0.617764471058	0.390219560878	0.296407185629	0.917165668663	0.904191616766	0.905189620758	0.903193612774	0.728542914172	0.744510978044	0.933133732535	0.926147704591	0.821357285429	0.868263473054	0.823353293413	0.816367265469	0.797405189621	0.848303393214	0.847305389222	0.86127744511	0.534930139721	0.538922155689	0.551896207585	0.487025948104	0.60878243513	0.565868263473	0.597804391218	0.562874251497	0.616766467066	0.566866267465	0.584830339321	0.555888223553	0.563872255489	0.549900199601	0.527944111776	0.711576846307	0.704590818363	0.683632734531	0.700598802395	0.591816367265	0.654690618762	0.63373253493	0.708582834331	0.604790419162	0.533932135729	0.621756487026	0.645708582834	0.682634730539	0.689620758483	0.711576846307	0.695608782435	0.923153692615	0.920159680639	0.88123752495	0.719560878244	0.915169660679	0.90119760479	0.740518962076	0.893213572854	0.857285429142	0.911177644711	0.77744510978	0.874251497006	0.954091816367	0.922155688623	0.73253493014	0.731536926148	0.72255489022	0.611776447106	0.645708582834	0.589820359281	0.60379241517	0.565868263473	0.518962075848	0.780439121756	0.728542914172	0.688622754491	0.716566866267	0.755489021956
CA8	0.390219560878	0.0	0.659680638723	0.496007984032	0.63872255489	0.583832335329	0.379241516966	0.479041916168	0.463073852295	0.421157684631	0.606786427146	0.610778443114	0.543912175649	0.615768463074	0.310379241517	0.35628742515	0.870259481038	0.857285429142	0.915169660679	0.903193612774	0.706586826347	0.717564870259	0.889221556886	0.885229540918	0.771457085828	0.830339321357	0.803393213573	0.791417165669	0.768463073852	0.827345309381	0.830339321357	0.835329341317	0.537924151697	0.530938123752	0.562874251497	0.530938123752	0.627744510978	0.562874251497	0.596806387226	0.555888223553	0.610778443114	0.565868263473	0.596806387226	0.550898203593	0.576846307385	0.546906187625	0.527944111776	0.706586826347	0.698602794411	0.659680638723	0.672654690619	0.594810379242	0.625748502994	0.612774451098	0.684630738523	0.589820359281	0.512974051896	0.620758483034	0.63872255489	0.657684630739	0.654690618762	0.707584830339	0.669660678643	0.929141716567	0.935129740519	0.887225548902	0.694610778443	0.925149700599	0.897205588822	0.712574850299	0.889221556886	0.87624750499	0.911177644711	0.76746506986	0.878243512974	0.955089820359	0.932135728543	0.681636726547	0.712574850299	0.664670658683	0.61876247505	0.62874251497	0.532934131737	0.544910179641	0.510978043912	0.465069860279	0.765469061876	0.688622754491	0.62375249501	0.667664670659	0.695608782435
CB7	0.656686626747	0.659680638723	0.0	0.555888223553	0.671656686627	0.658682634731	0.659680638723	0.696606786427	0.678642714571	0.671656686627	0.659680638723	0.63872255489	0.530938123752	0.437125748503	0.684630738523	0.672654690619	0.840319361277	0.825349301397	0.855289421158	0.854291417166	0.75249500998	0.733532934132	0.801397205589	0.789421157685	0.672654690619	0.710578842315	0.764471057884	0.750499001996	0.72255489022	0.774451097804	0.783433133733	0.792415169661	0.756487025948	0.755489021956	0.715568862275	0.746506986028	0.688622754491	0.748502994012	0.756487025948	0.754491017964	0.749500998004	0.75249500998	0.687624750499	0.746506986028	0.696606786427	0.750499001996	0.760479041916	0.756487025948	0.72754491018	0.784431137725	0.792415169661	0.691616766467	0.745508982036	0.691616766467	0.75748502994	0.663672654691	0.656686626747	0.710578842315	0.706586826347	0.783433133733	0.790419161677	0.75249500998	0.783433133733	0.87624750499	0.796407185629	0.882235528942	0.770459081836	0.799401197605	0.860279441118	0.785429141717	0.882235528942	0.809381237525	0.873253493014	0.770459081836	0.860279441118	0.830339321357	0.887225548902	0.848303393214	0.798403193613	0.854291417166	0.710578842315	0.709580838323	0.710578842315	0.72754491018	0.72255489022	0.721556886228	0.89121756487	0.860279441118	0.810379241517	0.85628742515	0.895209580838
CB8	0.510978043912	0.496007984032	0.555888223553	0.0	0.616766467066	0.580838323353	0.492015968064	0.59880239521	0.581836327345	0.530938123752	0.612774451098	0.601796407186	0.414171656687	0.50499001996	0.517964071856	0.506986027944	0.86127744511	0.845309381238	0.878243512974	0.862275449102	0.669660678643	0.683632734531	0.852295409182	0.85129740519	0.756487025948	0.797405189621	0.792415169661	0.780439121756	0.731536926148	0.77744510978	0.817365269461	0.817365269461	0.636726546906	0.637724550898	0.626746506986	0.64870259481	0.60878243513	0.654690618762	0.663672654691	0.65369261477	0.670658682635	0.662674650699	0.591816367265	0.660678642715	0.62375249501	0.655688622754	0.639720558882	0.704590818363	0.681636726547	0.704590818363	0.698602794411	0.60379241517	0.671656686627	0.624750499002	0.701596806387	0.602794411178	0.532934131737	0.627744510978	0.654690618762	0.693612774451	0.698602794411	0.698602794411	0.682634730539	0.89620758483	0.904191616766	0.883233532934	0.713572854291	0.888223552894	0.870259481038	0.726546906188	0.87624750499	0.853293413174	0.888223552894	0.74750499002	0.86127744511	0.925149700599	0.89121756487	0.739520958084	0.729540918164	0.7375249501	0.636726546906	0.631736526946	0.584830339321	0.596806387226	0.564870259481	0.551896207585	0.785429141717	0.745508982036	0.691616766467	0.736526946108	0.770459081836
CC7	0.693612774451	0.63872255489	0.671656686627	0.616766467066	0.0	0.503992015968	0.655688622754	0.787425149701	0.779441117764	0.701596806387	0.507984031936	0.453093812375	0.64371257485	0.662674650699	0.666666666667	0.697604790419	0.807385229541	0.793413173653	0.884231536926	0.878243512974	0.713572854291	0.691616766467	0.665668662675	0.639720558882	0.590818363273	0.589820359281	0.717564870259	0.710578842315	0.7624750499	0.791417165669	0.790419161677	0.787425149701	0.810379241517	0.820359281437	0.84630738523	0.837325349301	0.840319361277	0.836327345309	0.843313373253	0.837325349301	0.855289421158	0.842315369261	0.823353293413	0.842315369261	0.852295409182	0.844311377246	0.814371257485	0.701596806387	0.686626746507	0.690618762475	0.695608782435	0.677644710579	0.669660678643	0.701596806387	0.702594810379	0.692614770459	0.677644710579	0.675648702595	0.704590818363	0.694610778443	0.676646706587	0.704590818363	0.698602794411	0.952095808383	0.941117764471	0.912175648703	0.755489021956	0.926147704591	0.926147704591	0.775449101796	0.918163672655	0.857285429142	0.937125748503	0.794411177645	0.90119760479	0.972055888224	0.949101796407	0.736526946108	0.706586826347	0.731536926148	0.834331337325	0.815369261477	0.724550898204	0.725548902196	0.723552894212	0.72255489022	0.798403193613	0.7375249501	0.721556886228	0.735528942116	0.768463073852
CC8	0.627744510978	0.583832335329	0.658682634731	0.580838323353	0.503992015968	0.0	0.605788423154	0.736526946108	0.730538922156	0.658682634731	0.439121756487	0.479041916168	0.587824351297	0.631736526946	0.60878243513	0.635728542914	0.799401197605	0.795409181637	0.88123752495	0.874251497006	0.687624750499	0.670658682635	0.753493013972	0.754491017964	0.637724550898	0.694610778443	0.717564870259	0.720558882236	0.745508982036	0.795409181637	0.796407185629	0.788423153693	0.756487025948	0.76746506986	0.792415169661	0.77744510978	0.77744510978	0.779441117764	0.787425149701	0.781437125749	0.797405189621	0.787425149701	0.768463073852	0.788423153693	0.793413173653	0.783433133733	0.765469061876	0.704590818363	0.701596806387	0.687624750499	0.705588822355	0.631736526946	0.634730538922	0.652694610778	0.685628742515	0.645708582834	0.632734530938	0.636726546906	0.659680638723	0.678642714571	0.675648702595	0.709580838323	0.702594810379	0.933133732535	0.919161676647	0.88622754491	0.720558882236	0.905189620758	0.905189620758	0.73253493014	0.894211576846	0.849301397206	0.917165668663	0.77245508982	0.880239520958	0.951097804391	0.932135728543	0.698602794411	0.715568862275	0.705588822355	0.77245508982	0.75249500998	0.644710578842	0.65369261477	0.65369261477	0.649700598802	0.796407185629	0.697604790419	0.667664670659	0.711576846307	0.753493013972
CD7	0.426147704591	0.379241516966	0.659680638723	0.492015968064	0.655688622754	0.605788423154	0.0	0.457085828343	0.453093812375	0.360279441118	0.625748502994	0.625748502994	0.546906187625	0.620758483034	0.398203592814	0.415169660679	0.87125748503	0.868263473054	0.915169660679	0.908183632735	0.710578842315	0.733532934132	0.899201596806	0.89121756487	0.798403193613	0.837325349301	0.817365269461	0.801397205589	0.782435129741	0.836327345309	0.847305389222	0.847305389222	0.541916167665	0.535928143713	0.563872255489	0.543912175649	0.62375249501	0.566866267465	0.595808383234	0.561876247505	0.61377245509	0.567864271457	0.597804391218	0.554890219561	0.573852295409	0.549900199601	0.534930139721	0.704590818363	0.685628742515	0.666666666667	0.675648702595	0.580838323353	0.64371257485	0.586826347305	0.699600798403	0.591816367265	0.522954091816	0.604790419162	0.631736526946	0.687624750499	0.664670658683	0.699600798403	0.672654690619	0.940119760479	0.948103792415	0.893213572854	0.748502994012	0.938123752495	0.905189620758	0.761477045908	0.899201596806	0.888223552894	0.919161676647	0.791417165669	0.892215568862	0.961077844311	0.945109780439	0.720558882236	0.72754491018	0.690618762475	0.599800399202	0.616766467066	0.537924151697	0.550898203593	0.518962075848	0.476047904192	0.741516966068	0.714570858283	0.652694610778	0.685628742515	0.724550898204
CD8	0.419161676647	0.479041916168	0.696606786427	0.59880239521	0.787425149701	0.736526946108	0.457085828343	0.0	0.355289421158	0.449101796407	0.755489021956	0.759481037924	0.612774451098	0.651696606786	0.474051896208	0.416167664671	0.926147704591	0.924151696607	0.929141716567	0.921157684631	0.782435129741	0.799401197605	0.963073852295	0.961077844311	0.84630738523	0.89620758483	0.865269461078	0.862275449102	0.798403193613	0.870259481038	0.87125748503	0.883233532934	0.579840319361	0.563872255489	0.555888223553	0.500998003992	0.621756487026	0.577844311377	0.609780439122	0.578842315369	0.612774451098	0.578842315369	0.614770459082	0.555888223553	0.569860279441	0.562874251497	0.564870259481	0.749500998004	0.751497005988	0.74750499002	0.75748502994	0.658682634731	0.719560878244	0.652694610778	0.739520958084	0.63872255489	0.584830339321	0.684630738523	0.677644710579	0.755489021956	0.750499001996	0.74750499002	0.764471057884	0.923153692615	0.927145708583	0.874251497006	0.806387225549	0.924151696607	0.897205588822	0.823353293413	0.883233532934	0.869261477046	0.904191616766	0.822355289421	0.868263473054	0.944111776447	0.926147704591	0.806387225549	0.776447105788	0.776447105788	0.589820359281	0.610778443114	0.630738522954	0.646706586826	0.611776447106	0.564870259481	0.817365269461	0.804391217565	0.741516966068	0.773453093812	0.810379241517
CE7	0.413173652695	0.463073852295	0.678642714571	0.581836327345	0.779441117764	0.730538922156	0.453093812375	0.355289421158	0.0	0.453093812375	0.749500998004	0.749500998004	0.606786427146	0.635728542914	0.464071856287	0.40618762475	0.917165668663	0.915169660679	0.928143712575	0.915169660679	0.748502994012	0.760479041916	0.955089820359	0.942115768463	0.828343313373	0.88123752495	0.849301397206	0.849301397206	0.783433133733	0.84630738523	0.86127744511	0.878243512974	0.565868263473	0.558882235529	0.543912175649	0.49001996008	0.607784431138	0.570858283433	0.600798403194	0.570858283433	0.606786427146	0.568862275449	0.59880239521	0.554890219561	0.549900199601	0.548902195609	0.557884231537	0.746506986028	0.736526946108	0.750499001996	0.754491017964	0.651696606786	0.707584830339	0.644710578842	0.733532934132	0.625748502994	0.574850299401	0.667664670659	0.664670658683	0.74251497006	0.748502994012	0.734530938124	0.75748502994	0.912175648703	0.910179640719	0.85628742515	0.786427145709	0.905189620758	0.884231536926	0.804391217565	0.868263473054	0.852295409182	0.894211576846	0.810379241517	0.848303393214	0.924151696607	0.908183632735	0.789421157685	0.779441117764	0.768463073852	0.574850299401	0.605788423154	0.622754491018	0.639720558882	0.60878243513	0.562874251497	0.813373253493	0.789421157685	0.729540918164	0.763473053892	0.800399201597
CE8	0.446107784431	0.421157684631	0.671656686627	0.530938123752	0.701596806387	0.658682634731	0.360279441118	0.449101796407	0.453093812375	0.0	0.675648702595	0.679640718563	0.548902195609	0.625748502994	0.433133732535	0.441117764471	0.89121756487	0.89121756487	0.910179640719	0.907185628743	0.720558882236	0.750499001996	0.922155688623	0.915169660679	0.810379241517	0.854291417166	0.821357285429	0.810379241517	0.782435129741	0.840319361277	0.849301397206	0.85628742515	0.541916167665	0.531936127745	0.559880239521	0.539920159681	0.619760479042	0.561876247505	0.597804391218	0.559880239521	0.61377245509	0.566866267465	0.591816367265	0.556886227545	0.573852295409	0.550898203593	0.5249500998	0.698602794411	0.688622754491	0.691616766467	0.698602794411	0.592814371257	0.667664670659	0.602794411178	0.706586826347	0.597804391218	0.545908183633	0.609780439122	0.605788423154	0.697604790419	0.686626746507	0.686626746507	0.701596806387	0.935129740519	0.948103792415	0.897205588822	0.771457085828	0.936127744511	0.90618762475	0.788423153693	0.900199600798	0.89121756487	0.918163672655	0.794411177645	0.887225548902	0.956087824351	0.932135728543	0.761477045908	0.74251497006	0.708582834331	0.586826347305	0.597804391218	0.557884231537	0.579840319361	0.547904191617	0.493013972056	0.763473053892	0.760479041916	0.697604790419	0.698602794411	0.765469061876
CF7	0.639720558882	0.606786427146	0.659680638723	0.612774451098	0.507984031936	0.439121756487	0.625748502994	0.755489021956	0.749500998004	0.675648702595	0.0	0.464071856287	0.622754491018	0.631736526946	0.62874251497	0.651696606786	0.802395209581	0.800399201597	0.880239520958	0.870259481038	0.696606786427	0.673652694611	0.751497005988	0.745508982036	0.647704590818	0.685628742515	0.712574850299	0.718562874251	0.761477045908	0.794411177645	0.790419161677	0.783433133733	0.77245508982	0.779441117764	0.805389221557	0.793413173653	0.795409181637	0.798403193613	0.802395209581	0.797405189621	0.814371257485	0.801397205589	0.780439121756	0.802395209581	0.812375249501	0.805389221557	0.776447105788	0.714570858283	0.710578842315	0.691616766467	0.692614770459	0.657684630739	0.641716566866	0.675648702595	0.689620758483	0.664670658683	0.654690618762	0.658682634731	0.683632734531	0.680638722555	0.677644710579	0.718562874251	0.699600798403	0.937125748503	0.925149700599	0.882235528942	0.716566866267	0.916167664671	0.908183632735	0.736526946108	0.897205588822	0.85628742515	0.914171656687	0.779441117764	0.875249500998	0.959081836327	0.936127744511	0.703592814371	0.72754491018	0.710578842315	0.796407185629	0.773453093812	0.662674650699	0.664670658683	0.679640718563	0.675648702595	0.809381237525	0.710578842315	0.678642714571	0.710578842315	0.760479041916
CF8	0.652694610778	0.610778443114	0.63872255489	0.601796407186	0.453093812375	0.479041916168	0.625748502994	0.759481037924	0.749500998004	0.679640718563	0.464071856287	0.0	0.607784431138	0.629740518962	0.63872255489	0.658682634731	0.806387225549	0.795409181637	0.878243512974	0.877245508982	0.698602794411	0.671656686627	0.692614770459	0.690618762475	0.587824351297	0.620758483034	0.707584830339	0.695608782435	0.751497005988	0.793413173653	0.77245508982	0.784431137725	0.768463073852	0.781437125749	0.812375249501	0.802395209581	0.802395209581	0.799401197605	0.807385229541	0.799401197605	0.815369261477	0.806387225549	0.791417165669	0.810379241517	0.818363273453	0.807385229541	0.784431137725	0.708582834331	0.693612774451	0.682634730539	0.696606786427	0.647704590818	0.645708582834	0.664670658683	0.680638722555	0.660678642715	0.64870259481	0.651696606786	0.679640718563	0.681636726547	0.682634730539	0.702594810379	0.699600798403	0.938123752495	0.932135728543	0.888223552894	0.733532934132	0.915169660679	0.909181636727	0.746506986028	0.902195608782	0.839321357285	0.924151696607	0.782435129741	0.88123752495	0.963073852295	0.937125748503	0.717564870259	0.721556886228	0.728542914172	0.808383233533	0.787425149701	0.673652694611	0.682634730539	0.684630738523	0.687624750499	0.806387225549	0.726546906188	0.694610778443	0.724550898204	0.761477045908
CG7	0.545908183633	0.543912175649	0.530938123752	0.414171656687	0.64371257485	0.587824351297	0.546906187625	0.612774451098	0.606786427146	0.548902195609	0.622754491018	0.607784431138	0.0	0.484031936128	0.566866267465	0.557884231537	0.86127744511	0.840319361277	0.86127744511	0.85129740519	0.665668662675	0.674650698603	0.844311377246	0.832335329341	0.738522954092	0.786427145709	0.779441117764	0.765469061876	0.716566866267	0.771457085828	0.813373253493	0.808383233533	0.646706586826	0.645708582834	0.642714570858	0.656686626747	0.617764471058	0.664670658683	0.677644710579	0.669660678643	0.683632734531	0.670658682635	0.599800399202	0.674650698603	0.634730538922	0.664670658683	0.651696606786	0.713572854291	0.698602794411	0.72754491018	0.7375249501	0.632734530938	0.699600798403	0.640718562874	0.713572854291	0.621756487026	0.564870259481	0.655688622754	0.656686626747	0.724550898204	0.739520958084	0.706586826347	0.716566866267	0.894211576846	0.899201596806	0.89121756487	0.740518962076	0.887225548902	0.872255489022	0.756487025948	0.885229540918	0.859281437126	0.893213572854	0.755489021956	0.864271457086	0.931137724551	0.895209580838	0.766467065868	0.745508982036	0.766467065868	0.65369261477	0.64870259481	0.621756487026	0.636726546906	0.61377245509	0.597804391218	0.804391217565	0.776447105788	0.725548902196	0.778443113772	0.812375249501
CG8	0.617764471058	0.615768463074	0.437125748503	0.50499001996	0.662674650699	0.631736526946	0.620758483034	0.651696606786	0.635728542914	0.625748502994	0.631736526946	0.629740518962	0.484031936128	0.0	0.640718562874	0.626746506986	0.844311377246	0.834331337325	0.857285429142	0.848303393214	0.713572854291	0.700598802395	0.803393213573	0.798403193613	0.701596806387	0.746506986028	0.771457085828	0.764471057884	0.714570858283	0.749500998004	0.793413173653	0.796407185629	0.72255489022	0.716566866267	0.684630738523	0.710578842315	0.64870259481	0.713572854291	0.721556886228	0.721556886228	0.714570858283	0.715568862275	0.646706586826	0.713572854291	0.655688622754	0.708582834331	0.718562874251	0.753493013972	0.718562874251	0.775449101796	0.778443113772	0.676646706587	0.736526946108	0.672654690619	0.746506986028	0.654690618762	0.636726546906	0.696606786427	0.693612774451	0.77245508982	0.776447105788	0.745508982036	0.764471057884	0.878243512974	0.828343313373	0.878243512974	0.7375249501	0.806387225549	0.86127744511	0.75249500998	0.873253493014	0.837325349301	0.873253493014	0.741516966068	0.85628742515	0.85129740519	0.892215568862	0.818363273453	0.791417165669	0.823353293413	0.686626746507	0.689620758483	0.676646706587	0.680638722555	0.680638722555	0.679640718563	0.857285429142	0.825349301397	0.77744510978	0.819361277445	0.858283433134
CH7	0.390219560878	0.310379241517	0.684630738523	0.517964071856	0.666666666667	0.60878243513	0.398203592814	0.474051896208	0.464071856287	0.433133732535	0.62874251497	0.63872255489	0.566866267465	0.640718562874	0.0	0.360279441118	0.893213572854	0.88123752495	0.922155688623	0.914171656687	0.719560878244	0.746506986028	0.913173652695	0.910179640719	0.797405189621	0.847305389222	0.823353293413	0.820359281437	0.795409181637	0.849301397206	0.847305389222	0.853293413174	0.532934131737	0.525948103792	0.567864271457	0.522954091816	0.62874251497	0.563872255489	0.595808383234	0.561876247505	0.611776447106	0.568862275449	0.599800399202	0.554890219561	0.582834331337	0.547904191617	0.526946107784	0.73253493014	0.714570858283	0.689620758483	0.696606786427	0.61377245509	0.652694610778	0.626746506986	0.712574850299	0.610778443114	0.541916167665	0.641716566866	0.663672654691	0.687624750499	0.679640718563	0.730538922156	0.704590818363	0.935129740519	0.945109780439	0.898203592814	0.714570858283	0.933133732535	0.907185628743	0.728542914172	0.898203592814	0.885229540918	0.914171656687	0.781437125749	0.890219560878	0.965069860279	0.933133732535	0.690618762475	0.744510978044	0.698602794411	0.632734530938	0.65369261477	0.551896207585	0.570858283433	0.520958083832	0.481037924152	0.789421157685	0.695608782435	0.652694610778	0.691616766467	0.73253493014
CH8	0.296407185629	0.35628742515	0.672654690619	0.506986027944	0.697604790419	0.635728542914	0.415169660679	0.416167664671	0.40618762475	0.441117764471	0.651696606786	0.658682634731	0.557884231537	0.626746506986	0.360279441118	0.0	0.912175648703	0.90618762475	0.919161676647	0.917165668663	0.712574850299	0.743512974052	0.940119760479	0.934131736527	0.824351297405	0.872255489022	0.834331337325	0.829341317365	0.796407185629	0.843313373253	0.86127744511	0.87125748503	0.542914171657	0.536926147705	0.548902195609	0.489021956088	0.60878243513	0.569860279441	0.60379241517	0.563872255489	0.61876247505	0.572854291417	0.586826347305	0.556886227545	0.565868263473	0.552894211577	0.533932135729	0.716566866267	0.707584830339	0.661676646707	0.677644710579	0.596806387226	0.631736526946	0.632734530938	0.707584830339	0.60878243513	0.52994011976	0.624750499002	0.64371257485	0.662674650699	0.668662674651	0.716566866267	0.676646706587	0.921157684631	0.929141716567	0.877245508982	0.697604790419	0.922155688623	0.90119760479	0.717564870259	0.887225548902	0.865269461078	0.902195608782	0.768463073852	0.87125748503	0.946107784431	0.919161676647	0.696606786427	0.726546906188	0.687624750499	0.616766467066	0.645708582834	0.558882235529	0.576846307385	0.540918163673	0.486027944112	0.773453093812	0.703592814371	0.658682634731	0.686626746507	0.725548902196
CA1	0.917165668663	0.870259481038	0.840319361277	0.86127744511	0.807385229541	0.799401197605	0.87125748503	0.926147704591	0.917165668663	0.89121756487	0.802395209581	0.806387225549	0.86127744511	0.844311377246	0.893213572854	0.912175648703	0.0	0.358283433134	0.491017964072	0.476047904192	0.838323353293	0.721556886228	0.759481037924	0.736526946108	0.703592814371	0.734530938124	0.486027944112	0.49500998004	0.474051896208	0.438123752495	0.461077844311	0.399201596806	0.965069860279	0.962075848303	0.963073852295	0.963073852295	0.959081836327	0.961077844311	0.963073852295	0.964071856287	0.960079840319	0.965069860279	0.962075848303	0.959081836327	0.960079840319	0.962075848303	0.967065868263	0.928143712575	0.932135728543	0.922155688623	0.931137724551	0.935129740519	0.928143712575	0.922155688623	0.910179640719	0.910179640719	0.925149700599	0.933133732535	0.934131736527	0.929141716567	0.931137724551	0.926147704591	0.933133732535	0.942115768463	0.950099800399	0.928143712575	0.942115768463	0.946107784431	0.939121756487	0.945109780439	0.918163672655	0.921157684631	0.916167664671	0.932135728543	0.928143712575	0.967065868263	0.945109780439	0.921157684631	0.922155688623	0.938123752495	0.952095808383	0.937125748503	0.936127744511	0.932135728543	0.935129740519	0.930139720559	0.949101796407	0.921157684631	0.921157684631	0.929141716567	0.931137724551
CA2	0.904191616766	0.857285429142	0.825349301397	0.845309381238	0.793413173653	0.795409181637	0.868263473054	0.924151696607	0.915169660679	0.89121756487	0.800399201597	0.795409181637	0.840319361277	0.834331337325	0.88123752495	0.90618762475	0.358283433134	0.0	0.506986027944	0.49001996008	0.841317365269	0.704590818363	0.764471057884	0.739520958084	0.693612774451	0.739520958084	0.458083832335	0.48003992016	0.454091816367	0.465069860279	0.466067864271	0.395209580838	0.959081836327	0.953093812375	0.955089820359	0.953093812375	0.951097804391	0.952095808383	0.952095808383	0.955089820359	0.951097804391	0.956087824351	0.952095808383	0.947105788423	0.952095808383	0.951097804391	0.955089820359	0.914171656687	0.920159680639	0.920159680639	0.925149700599	0.925149700599	0.920159680639	0.902195608782	0.90119760479	0.903193612774	0.917165668663	0.923153692615	0.923153692615	0.919161676647	0.919161676647	0.915169660679	0.922155688623	0.935129740519	0.941117764471	0.938123752495	0.937125748503	0.929141716567	0.932135728543	0.934131736527	0.915169660679	0.908183632735	0.916167664671	0.927145708583	0.933133732535	0.969061876248	0.939121756487	0.920159680639	0.913173652695	0.933133732535	0.945109780439	0.930139720559	0.933133732535	0.918163672655	0.928143712575	0.924151696607	0.948103792415	0.918163672655	0.923153692615	0.933133732535	0.921157684631
CB1	0.905189620758	0.915169660679	0.855289421158	0.878243512974	0.884231536926	0.88123752495	0.915169660679	0.929141716567	0.928143712575	0.910179640719	0.880239520958	0.878243512974	0.86127744511	0.857285429142	0.922155688623	0.919161676647	0.491017964072	0.506986027944	0.0	0.25249500998	0.885229540918	0.764471057884	0.838323353293	0.821357285429	0.787425149701	0.821357285429	0.548902195609	0.553892215569	0.500998003992	0.425149700599	0.426147704591	0.457085828343	0.973053892216	0.966067864271	0.941117764471	0.963073852295	0.939121756487	0.962075848303	0.97005988024	0.969061876248	0.965069860279	0.969061876248	0.937125748503	0.958083832335	0.942115768463	0.963073852295	0.971057884232	0.923153692615	0.922155688623	0.918163672655	0.926147704591	0.922155688623	0.918163672655	0.932135728543	0.926147704591	0.922155688623	0.918163672655	0.925149700599	0.920159680639	0.917165668663	0.929141716567	0.920159680639	0.914171656687	0.924151696607	0.929141716567	0.940119760479	0.931137724551	0.914171656687	0.944111776447	0.929141716567	0.942115768463	0.916167664671	0.941117764471	0.928143712575	0.938123752495	0.954091816367	0.927145708583	0.967065868263	0.925149700599	0.969061876248	0.930139720559	0.946107784431	0.955089820359	0.950099800399	0.951097804391	0.948103792415	0.965069860279	0.969061876248	0.966067864271	0.967065868263	0.97005988024
CB2	0.903193612774	0.903193612774	0.854291417166	0.862275449102	0.878243512974	0.874251497006	0.908183632735	0.921157684631	0.915169660679	0.907185628743	0.870259481038	0.877245508982	0.85129740519	0.848303393214	0.914171656687	0.917165668663	0.476047904192	0.49001996008	0.25249500998	0.0	0.877245508982	0.754491017964	0.838323353293	0.811377245509	0.781437125749	0.814371257485	0.544910179641	0.554890219561	0.476047904192	0.398203592814	0.437125748503	0.449101796407	0.97005988024	0.962075848303	0.936127744511	0.958083832335	0.930139720559	0.958083832335	0.967065868263	0.965069860279	0.962075848303	0.966067864271	0.932135728543	0.953093812375	0.933133732535	0.960079840319	0.967065868263	0.923153692615	0.924151696607	0.923153692615	0.927145708583	0.929141716567	0.927145708583	0.939121756487	0.933133732535	0.931137724551	0.922155688623	0.931137724551	0.926147704591	0.923153692615	0.932135728543	0.922155688623	0.918163672655	0.927145708583	0.928143712575	0.937125748503	0.928143712575	0.921157684631	0.936127744511	0.926147704591	0.932135728543	0.917165668663	0.935129740519	0.927145708583	0.939121756487	0.957085828343	0.921157684631	0.962075848303	0.929141716567	0.959081836327	0.928143712575	0.935129740519	0.948103792415	0.945109780439	0.949101796407	0.950099800399	0.958083832335	0.963073852295	0.955089820359	0.958083832335	0.964071856287
CC1	0.728542914172	0.706586826347	0.75249500998	0.669660678643	0.713572854291	0.687624750499	0.710578842315	0.782435129741	0.748502994012	0.720558882236	0.696606786427	0.698602794411	0.665668662675	0.713572854291	0.719560878244	0.712574850299	0.838323353293	0.841317365269	0.885229540918	0.877245508982	0.0	0.468063872255	0.883233532934	0.887225548902	0.769461077844	0.832335329341	0.759481037924	0.759481037924	0.741516966068	0.778443113772	0.821357285429	0.816367265469	0.783433133733	0.781437125749	0.773453093812	0.794411177645	0.761477045908	0.801397205589	0.812375249501	0.800399201597	0.811377245509	0.806387225549	0.741516966068	0.806387225549	0.77744510978	0.797405189621	0.784431137725	0.678642714571	0.707584830339	0.720558882236	0.7375249501	0.709580838323	0.682634730539	0.686626746507	0.661676646707	0.669660678643	0.697604790419	0.709580838323	0.704590818363	0.720558882236	0.725548902196	0.682634730539	0.718562874251	0.855289421158	0.837325349301	0.774451097804	0.688622754491	0.841317365269	0.832335329341	0.698602794411	0.805389221557	0.766467065868	0.819361277445	0.679640718563	0.7624750499	0.879241516966	0.863273453094	0.681636726547	0.719560878244	0.735528942116	0.773453093812	0.753493013972	0.724550898204	0.703592814371	0.720558882236	0.721556886228	0.801397205589	0.669660678643	0.712574850299	0.749500998004	0.759481037924
CC2	0.744510978044	0.717564870259	0.733532934132	0.683632734531	0.691616766467	0.670658682635	0.733532934132	0.799401197605	0.760479041916	0.750499001996	0.673652694611	0.671656686627	0.674650698603	0.700598802395	0.746506986028	0.743512974052	0.721556886228	0.704590818363	0.764471057884	0.754491017964	0.468063872255	0.0	0.808383233533	0.789421157685	0.664670658683	0.719560878244	0.595808383234	0.586826347305	0.649700598802	0.684630738523	0.691616766467	0.678642714571	0.811377245509	0.807385229541	0.800399201597	0.815369261477	0.785429141717	0.820359281437	0.831337325349	0.825349301397	0.837325349301	0.827345309381	0.765469061876	0.826347305389	0.799401197605	0.822355289421	0.809381237525	0.695608782435	0.717564870259	0.72754491018	0.745508982036	0.740518962076	0.703592814371	0.717564870259	0.703592814371	0.708582834331	0.725548902196	0.731536926148	0.7375249501	0.711576846307	0.7375249501	0.690618762475	0.721556886228	0.860279441118	0.836327345309	0.803393213573	0.725548902196	0.842315369261	0.843313373253	0.720558882236	0.793413173653	0.756487025948	0.821357285429	0.715568862275	0.797405189621	0.895209580838	0.86127744511	0.711576846307	0.718562874251	0.753493013972	0.806387225549	0.790419161677	0.758483033932	0.74251497006	0.7624750499	0.756487025948	0.824351297405	0.719560878244	0.754491017964	0.759481037924	0.773453093812
CD1	0.933133732535	0.889221556886	0.801397205589	0.852295409182	0.665668662675	0.753493013972	0.899201596806	0.963073852295	0.955089820359	0.922155688623	0.751497005988	0.692614770459	0.844311377246	0.803393213573	0.913173652695	0.940119760479	0.759481037924	0.764471057884	0.838323353293	0.838323353293	0.883233532934	0.808383233533	0.0	0.398203592814	0.587824351297	0.49500998004	0.745508982036	0.74750499002	0.816367265469	0.811377245509	0.815369261477	0.783433133733	0.987025948104	0.98502994012	0.986027944112	0.987025948104	0.987025948104	0.984031936128	0.987025948104	0.987025948104	0.98502994012	0.98502994012	0.98502994012	0.979041916168	0.98502994012	0.986027944112	0.988023952096	0.953093812375	0.951097804391	0.954091816367	0.955089820359	0.954091816367	0.946107784431	0.950099800399	0.949101796407	0.946107784431	0.952095808383	0.955089820359	0.956087824351	0.952095808383	0.954091816367	0.953093812375	0.951097804391	0.97005988024	0.966067864271	0.977045908184	0.9750499002	0.955089820359	0.983033932136	0.974051896208	0.981037924152	0.952095808383	0.982035928144	0.973053892216	0.979041916168	0.991017964072	0.972055888224	0.981037924152	0.954091816367	0.982035928144	0.959081836327	0.972055888224	0.977045908184	0.9750499002	0.977045908184	0.978043912176	0.984031936128	0.982035928144	0.982035928144	0.982035928144	0.982035928144
CD2	0.926147704591	0.885229540918	0.789421157685	0.85129740519	0.639720558882	0.754491017964	0.89121756487	0.961077844311	0.942115768463	0.915169660679	0.745508982036	0.690618762475	0.832335329341	0.798403193613	0.910179640719	0.934131736527	0.736526946108	0.739520958084	0.821357285429	0.811377245509	0.887225548902	0.789421157685	0.398203592814	0.0	0.548902195609	0.443113772455	0.719560878244	0.719560878244	0.791417165669	0.790419161677	0.792415169661	0.756487025948	0.982035928144	0.981037924152	0.982035928144	0.982035928144	0.98003992016	0.98003992016	0.982035928144	0.983033932136	0.981037924152	0.981037924152	0.981037924152	0.979041916168	0.982035928144	0.982035928144	0.982035928144	0.946107784431	0.945109780439	0.947105788423	0.950099800399	0.948103792415	0.944111776447	0.946107784431	0.942115768463	0.941117764471	0.947105788423	0.947105788423	0.947105788423	0.948103792415	0.950099800399	0.948103792415	0.945109780439	0.97005988024	0.965069860279	0.978043912176	0.974051896208	0.958083832335	0.981037924152	0.971057884232	0.979041916168	0.946107784431	0.979041916168	0.974051896208	0.979041916168	0.99500998004	0.966067864271	0.977045908184	0.947105788423	0.977045908184	0.956087824351	0.968063872255	0.972055888224	0.97005988024	0.973053892216	0.9750499002	0.979041916168	0.977045908184	0.977045908184	0.976047904192	0.977045908184
CE1	0.821357285429	0.771457085828	0.672654690619	0.756487025948	0.590818363273	0.637724550898	0.798403193613	0.84630738523	0.828343313373	0.810379241517	0.647704590818	0.587824351297	0.738522954092	0.701596806387	0.797405189621	0.824351297405	0.703592814371	0.693612774451	0.787425149701	0.781437125749	0.769461077844	0.664670658683	0.587824351297	0.548902195609	0.0	0.448103792415	0.637724550898	0.652694610778	0.669660678643	0.708582834331	0.704590818363	0.703592814371	0.89121756487	0.887225548902	0.889221556886	0.888223552894	0.887225548902	0.884231536926	0.887225548902	0.890219560878	0.888223552894	0.888223552894	0.889221556886	0.884231536926	0.88622754491	0.889221556886	0.89121756487	0.781437125749	0.782435129741	0.792415169661	0.818363273453	0.7624750499	0.75748502994	0.790419161677	0.759481037924	0.781437125749	0.795409181637	0.7624750499	0.7624750499	0.798403193613	0.784431137725	0.775449101796	0.804391217565	0.953093812375	0.937125748503	0.899201596806	0.872255489022	0.928143712575	0.944111776447	0.888223552894	0.941117764471	0.820359281437	0.940119760479	0.89620758483	0.895209580838	0.967065868263	0.950099800399	0.87624750499	0.800399201597	0.877245508982	0.834331337325	0.842315369261	0.859281437126	0.849301397206	0.853293413174	0.855289421158	0.930139720559	0.875249500998	0.852295409182	0.88123752495	0.913173652695
CE2	0.868263473054	0.830339321357	0.710578842315	0.797405189621	0.589820359281	0.694610778443	0.837325349301	0.89620758483	0.88123752495	0.854291417166	0.685628742515	0.620758483034	0.786427145709	0.746506986028	0.847305389222	0.872255489022	0.734530938124	0.739520958084	0.821357285429	0.814371257485	0.832335329341	0.719560878244	0.49500998004	0.443113772455	0.448103792415	0.0	0.681636726547	0.686626746507	0.750499001996	0.749500998004	0.7375249501	0.730538922156	0.938123752495	0.935129740519	0.937125748503	0.936127744511	0.935129740519	0.932135728543	0.936127744511	0.937125748503	0.935129740519	0.937125748503	0.937125748503	0.932135728543	0.934131736527	0.936127744511	0.939121756487	0.848303393214	0.842315369261	0.843313373253	0.85628742515	0.844311377246	0.840319361277	0.847305389222	0.835329341317	0.840319361277	0.853293413174	0.844311377246	0.845309381238	0.848303393214	0.845309381238	0.850299401198	0.844311377246	0.960079840319	0.944111776447	0.917165668663	0.907185628743	0.936127744511	0.952095808383	0.910179640719	0.950099800399	0.860279441118	0.953093812375	0.908183632735	0.916167664671	0.973053892216	0.959081836327	0.912175648703	0.844311377246	0.911177644711	0.887225548902	0.899201596806	0.912175648703	0.908183632735	0.909181636727	0.90618762475	0.941117764471	0.912175648703	0.90618762475	0.912175648703	0.925149700599
CF1	0.823353293413	0.803393213573	0.764471057884	0.792415169661	0.717564870259	0.717564870259	0.817365269461	0.865269461078	0.849301397206	0.821357285429	0.712574850299	0.707584830339	0.779441117764	0.771457085828	0.823353293413	0.834331337325	0.486027944112	0.458083832335	0.548902195609	0.544910179641	0.759481037924	0.595808383234	0.745508982036	0.719560878244	0.637724550898	0.681636726547	0.0	0.300399201597	0.5	0.506986027944	0.447105788423	0.467065868263	0.900199600798	0.895209580838	0.897205588822	0.895209580838	0.889221556886	0.894211576846	0.900199600798	0.898203592814	0.910179640719	0.900199600798	0.892215568862	0.89620758483	0.900199600798	0.894211576846	0.90119760479	0.799401197605	0.805389221557	0.801397205589	0.811377245509	0.812375249501	0.790419161677	0.797405189621	0.77744510978	0.780439121756	0.816367265469	0.802395209581	0.807385229541	0.800399201597	0.803393213573	0.797405189621	0.809381237525	0.916167664671	0.913173652695	0.911177644711	0.860279441118	0.902195608782	0.907185628743	0.86127744511	0.873253493014	0.835329341317	0.897205588822	0.84630738523	0.90618762475	0.946107784431	0.920159680639	0.843313373253	0.799401197605	0.86127744511	0.902195608782	0.887225548902	0.869261477046	0.85628742515	0.860279441118	0.860279441118	0.883233532934	0.85129740519	0.857285429142	0.86127744511	0.855289421158
CF2	0.816367265469	0.791417165669	0.750499001996	0.780439121756	0.710578842315	0.720558882236	0.801397205589	0.862275449102	0.849301397206	0.810379241517	0.718562874251	0.695608782435	0.765469061876	0.764471057884	0.820359281437	0.829341317365	0.49500998004	0.48003992016	0.553892215569	0.554890219561	0.759481037924	0.586826347305	0.74750499002	0.719560878244	0.652694610778	0.686626746507	0.300399201597	0.0	0.500998003992	0.51497005988	0.456087824351	0.461077844311	0.899201596806	0.895209580838	0.895209580838	0.889221556886	0.885229540918	0.890219560878	0.89620758483	0.897205588822	0.907185628743	0.898203592814	0.889221556886	0.894211576846	0.898203592814	0.893213572854	0.900199600798	0.797405189621	0.802395209581	0.792415169661	0.802395209581	0.800399201597	0.776447105788	0.794411177645	0.776447105788	0.779441117764	0.808383233533	0.791417165669	0.803393213573	0.793413173653	0.798403193613	0.792415169661	0.800399201597	0.920159680639	0.922155688623	0.909181636727	0.859281437126	0.903193612774	0.898203592814	0.855289421158	0.883233532934	0.831337325349	0.904191616766	0.849301397206	0.912175648703	0.948103792415	0.918163672655	0.840319361277	0.797405189621	0.859281437126	0.902195608782	0.88622754491	0.85628742515	0.84630738523	0.857285429142	0.848303393214	0.874251497006	0.847305389222	0.847305389222	0.858283433134	0.855289421158
CG1	0.797405189621	0.768463073852	0.72255489022	0.731536926148	0.7624750499	0.745508982036	0.782435129741	0.798403193613	0.783433133733	0.782435129741	0.761477045908	0.751497005988	0.716566866267	0.714570858283	0.795409181637	0.796407185629	0.474051896208	0.454091816367	0.500998003992	0.476047904192	0.741516966068	0.649700598802	0.816367265469	0.791417165669	0.669660678643	0.750499001996	0.5	0.500998003992	0.0	0.372255489022	0.459081836327	0.436127744511	0.87125748503	0.864271457086	0.818363273453	0.85628742515	0.811377245509	0.859281437126	0.86626746507	0.86626746507	0.860279441118	0.86626746507	0.809381237525	0.854291417166	0.814371257485	0.859281437126	0.870259481038	0.805389221557	0.803393213573	0.828343313373	0.839321357285	0.819361277445	0.811377245509	0.821357285429	0.819361277445	0.812375249501	0.811377245509	0.819361277445	0.811377245509	0.835329341317	0.842315369261	0.800399201597	0.837325349301	0.893213572854	0.902195608782	0.872255489022	0.816367265469	0.90119760479	0.870259481038	0.837325349301	0.877245508982	0.867265469062	0.875249500998	0.832335329341	0.852295409182	0.922155688623	0.894211576846	0.847305389222	0.843313373253	0.85129740519	0.830339321357	0.823353293413	0.829341317365	0.824351297405	0.829341317365	0.823353293413	0.887225548902	0.844311377246	0.832335329341	0.847305389222	0.884231536926
