	CA7	CA8	CB7	CB8	CC7	CC8	CD7	CD8	CE7	CE8	CF7	CF8	CG7	CG8	CH7	CH8	CA1	CA2	CB1	CB2	CC1	CC2	CD1	CD2	CE1	CE2	CF1	CF2	CG1	CG2	CH1	CH2	CA5	CA6	CB5	CB6	CC5	CC6	CD6	CE5	CE6	CF5	CF6	CG5	CG6	CH5	CH6	CA11	CA12	CB11	CB12	CC11	CC12	CD11	CD12	CE11	CE12	CF11	CF12	CG11	CG12	CH11	CH12	CA3	CA4	CB3	CB4	CC4	CD3	CD4	CE4	CF3	CF4	CG3	CG4	CH3	CH4	CA9	CA10	CB9	CC9	CC10	CD9	CD10	CE9	CE10	CF9	CG9	CG10	CH9	CH10
CA7	0.0	0.347305389222	0.662674650699	0.505988023952	0.725548902196	0.655688622754	0.397205588822	0.40119760479	0.399201596806	0.425149700599	0.645708582834	0.65369261477	0.574850299401	0.641716566866	0.352295409182	0.284431137725	0.907185628743	0.897205588822	0.916167664671	0.908183632735	0.736526946108	0.745508982036	0.929141716567	0.917165668663	0.797405189621	0.865269461078	0.845309381238	0.834331337325	0.795409181637	0.85129740519	0.868263473054	0.86626746507	0.528942115768	0.506986027944	0.548902195609	0.483033932136	0.59880239521	0.567864271457	0.570858283433	0.531936127745	0.609780439122	0.59381237525	0.600798403194	0.499001996008	0.559880239521	0.536926147705	0.553892215569	0.718562874251	0.679640718563	0.680638722555	0.689620758483	0.606786427146	0.658682634731	0.627744510978	0.687624750499	0.616766467066	0.538922155689	0.59381237525	0.644710578842	0.689620758483	0.678642714571	0.728542914172	0.684630738523	0.920159680639	0.936127744511	0.897205588822	0.72754491018	0.931137724551	0.919161676647	0.728542914172	0.916167664671	0.868263473054	0.922155688623	0.775449101796	0.89620758483	0.958083832335	0.927145708583	0.718562874251	0.723552894212	0.717564870259	0.615768463074	0.624750499002	0.59381237525	0.605788423154	0.542914171657	0.538922155689	0.785429141717	0.725548902196	0.693612774451	0.709580838323	0.750499001996
CA8	0.347305389222	0.0	0.651696606786	0.492015968064	0.687624750499	0.605788423154	0.370259481038	0.429141716567	0.438123752495	0.398203592814	0.604790419162	0.607784431138	0.556886227545	0.630738522954	0.306387225549	0.340319361277	0.86127744511	0.852295409182	0.913173652695	0.902195608782	0.720558882236	0.714570858283	0.885229540918	0.879241516966	0.753493013972	0.818363273453	0.802395209581	0.799401197605	0.756487025948	0.845309381238	0.853293413174	0.823353293413	0.51996007984	0.501996007984	0.556886227545	0.493013972056	0.60379241517	0.569860279441	0.564870259481	0.52994011976	0.604790419162	0.587824351297	0.609780439122	0.5	0.568862275449	0.528942115768	0.546906187625	0.711576846307	0.677644710579	0.661676646707	0.660678642715	0.610778443114	0.632734530938	0.612774451098	0.667664670659	0.600798403194	0.520958083832	0.589820359281	0.651696606786	0.662674650699	0.664670658683	0.723552894212	0.677644710579	0.920159680639	0.936127744511	0.887225548902	0.700598802395	0.931137724551	0.914171656687	0.706586826347	0.905189620758	0.865269461078	0.914171656687	0.761477045908	0.885229540918	0.953093812375	0.930139720559	0.681636726547	0.706586826347	0.690618762475	0.620758483034	0.621756487026	0.541916167665	0.556886227545	0.502994011976	0.501996007984	0.786427145709	0.695608782435	0.65369261477	0.681636726547	0.72255489022
CB7	0.662674650699	0.651696606786	0.0	0.528942115768	0.665668662675	0.660678642715	0.657684630739	0.676646706587	0.674650698603	0.659680638723	0.658682634731	0.635728542914	0.515968063872	0.419161676647	0.660678642715	0.657684630739	0.821357285429	0.820359281437	0.849301397206	0.860279441118	0.760479041916	0.724550898204	0.778443113772	0.75748502994	0.641716566866	0.691616766467	0.76746506986	0.771457085828	0.713572854291	0.815369261477	0.818363273453	0.802395209581	0.743512974052	0.743512974052	0.676646706587	0.739520958084	0.690618762475	0.735528942116	0.746506986028	0.744510978044	0.745508982036	0.746506986028	0.668662674651	0.744510978044	0.693612774451	0.741516966068	0.749500998004	0.766467065868	0.72255489022	0.783433133733	0.773453093812	0.705588822355	0.74750499002	0.688622754491	0.746506986028	0.690618762475	0.652694610778	0.705588822355	0.725548902196	0.781437125749	0.782435129741	0.763473053892	0.75748502994	0.888223552894	0.803393213573	0.884231536926	0.765469061876	0.800399201597	0.879241516966	0.758483033932	0.887225548902	0.812375249501	0.890219560878	0.76746506986	0.863273453094	0.834331337325	0.889221556886	0.85129740519	0.804391217565	0.862275449102	0.713572854291	0.690618762475	0.714570858283	0.728542914172	0.717564870259	0.717564870259	0.908183632735	0.86127744511	0.829341317365	0.852295409182	0.892215568862
CB8	0.505988023952	0.492015968064	0.528942115768	0.0	0.641716566866	0.585828343313	0.513972055888	0.610778443114	0.605788423154	0.562874251497	0.580838323353	0.580838323353	0.428143712575	0.50998003992	0.5	0.505988023952	0.841317365269	0.832335329341	0.862275449102	0.868263473054	0.691616766467	0.667664670659	0.831337325349	0.820359281437	0.709580838323	0.773453093812	0.77245508982	0.765469061876	0.707584830339	0.809381237525	0.835329341317	0.811377245509	0.65369261477	0.647704590818	0.627744510978	0.659680638723	0.620758483034	0.649700598802	0.675648702595	0.670658682635	0.659680638723	0.677644710579	0.615768463074	0.675648702595	0.63373253493	0.650698602794	0.655688622754	0.708582834331	0.650698602794	0.686626746507	0.667664670659	0.604790419162	0.657684630739	0.627744510978	0.690618762475	0.620758483034	0.557884231537	0.609780439122	0.642714570858	0.683632734531	0.687624750499	0.707584830339	0.660678642715	0.898203592814	0.902195608782	0.887225548902	0.691616766467	0.888223552894	0.887225548902	0.700598802395	0.903193612774	0.849301397206	0.899201596806	0.733532934132	0.867265469062	0.926147704591	0.90618762475	0.731536926148	0.719560878244	0.738522954092	0.652694610778	0.631736526946	0.588822355289	0.587824351297	0.556886227545	0.566866267465	0.793413173653	0.73253493014	0.695608782435	0.730538922156	0.764471057884
CC7	0.725548902196	0.687624750499	0.665668662675	0.641716566866	0.0	0.543912175649	0.703592814371	0.797405189621	0.779441117764	0.731536926148	0.546906187625	0.474051896208	0.64371257485	0.669660678643	0.696606786427	0.730538922156	0.783433133733	0.775449101796	0.86626746507	0.879241516966	0.73253493014	0.700598802395	0.640718562874	0.637724550898	0.589820359281	0.601796407186	0.719560878244	0.735528942116	0.755489021956	0.828343313373	0.808383233533	0.793413173653	0.824351297405	0.817365269461	0.850299401198	0.839321357285	0.839321357285	0.837325349301	0.84630738523	0.842315369261	0.832335329341	0.84630738523	0.839321357285	0.845309381238	0.850299401198	0.833333333333	0.826347305389	0.725548902196	0.730538922156	0.724550898204	0.731536926148	0.72255489022	0.720558882236	0.72754491018	0.717564870259	0.726546906188	0.728542914172	0.73253493014	0.723552894212	0.728542914172	0.72255489022	0.730538922156	0.731536926148	0.935129740519	0.937125748503	0.914171656687	0.783433133733	0.936127744511	0.932135728543	0.791417165669	0.929141716567	0.843313373253	0.933133732535	0.806387225549	0.907185628743	0.973053892216	0.938123752495	0.773453093812	0.743512974052	0.786427145709	0.848303393214	0.831337325349	0.76746506986	0.771457085828	0.765469061876	0.77245508982	0.831337325349	0.774451097804	0.76746506986	0.769461077844	0.807385229541
CC8	0.655688622754	0.605788423154	0.660678642715	0.585828343313	0.543912175649	0.0	0.64870259481	0.759481037924	0.751497005988	0.701596806387	0.443113772455	0.455089820359	0.611776447106	0.63872255489	0.624750499002	0.65369261477	0.787425149701	0.784431137725	0.869261477046	0.880239520958	0.704590818363	0.669660678643	0.748502994012	0.720558882236	0.611776447106	0.672654690619	0.731536926148	0.738522954092	0.74251497006	0.822355289421	0.802395209581	0.789421157685	0.788423153693	0.778443113772	0.810379241517	0.794411177645	0.802395209581	0.800399201597	0.807385229541	0.807385229541	0.792415169661	0.811377245509	0.802395209581	0.810379241517	0.815369261477	0.794411177645	0.786427145709	0.710578842315	0.683632734531	0.670658682635	0.681636726547	0.670658682635	0.641716566866	0.678642714571	0.682634730539	0.659680638723	0.666666666667	0.650698602794	0.678642714571	0.667664670659	0.665668662675	0.723552894212	0.689620758483	0.922155688623	0.921157684631	0.897205588822	0.707584830339	0.920159680639	0.917165668663	0.719560878244	0.915169660679	0.841317365269	0.917165668663	0.760479041916	0.889221556886	0.956087824351	0.932135728543	0.684630738523	0.710578842315	0.717564870259	0.803393213573	0.793413173653	0.658682634731	0.670658682635	0.664670658683	0.666666666667	0.804391217565	0.690618762475	0.675648702595	0.699600798403	0.749500998004
CD7	0.397205588822	0.370259481038	0.657684630739	0.513972055888	0.703592814371	0.64870259481	0.0	0.453093812375	0.438123752495	0.364271457086	0.64371257485	0.63872255489	0.567864271457	0.640718562874	0.384231536926	0.399201596806	0.883233532934	0.872255489022	0.913173652695	0.90618762475	0.715568862275	0.733532934132	0.90618762475	0.89121756487	0.765469061876	0.842315369261	0.817365269461	0.813373253493	0.783433133733	0.855289421158	0.857285429142	0.852295409182	0.516966067864	0.505988023952	0.551896207585	0.51497005988	0.601796407186	0.563872255489	0.564870259481	0.530938123752	0.597804391218	0.587824351297	0.601796407186	0.533932135729	0.566866267465	0.51996007984	0.543912175649	0.683632734531	0.647704590818	0.663672654691	0.665668662675	0.582834331337	0.62874251497	0.584830339321	0.657684630739	0.599800399202	0.5249500998	0.578842315369	0.619760479042	0.667664670659	0.663672654691	0.696606786427	0.667664670659	0.926147704591	0.934131736527	0.892215568862	0.735528942116	0.928143712575	0.918163672655	0.740518962076	0.910179640719	0.859281437126	0.911177644711	0.76746506986	0.892215568862	0.958083832335	0.928143712575	0.717564870259	0.703592814371	0.686626746507	0.579840319361	0.601796407186	0.541916167665	0.551896207585	0.487025948104	0.493013972056	0.750499001996	0.716566866267	0.669660678643	0.676646706587	0.728542914172
CD8	0.40119760479	0.429141716567	0.676646706587	0.610778443114	0.797405189621	0.759481037924	0.453093812375	0.0	0.337325349301	0.434131736527	0.760479041916	0.755489021956	0.626746506986	0.656686626747	0.452095808383	0.39121756487	0.924151696607	0.910179640719	0.931137724551	0.924151696607	0.764471057884	0.782435129741	0.953093812375	0.939121756487	0.812375249501	0.88622754491	0.86127744511	0.854291417166	0.803393213573	0.877245508982	0.872255489022	0.877245508982	0.540918163673	0.528942115768	0.543912175649	0.48502994012	0.600798403194	0.569860279441	0.567864271457	0.525948103792	0.617764471058	0.587824351297	0.600798403194	0.496007984032	0.558882235529	0.536926147705	0.570858283433	0.749500998004	0.736526946108	0.754491017964	0.75249500998	0.671656686627	0.717564870259	0.656686626747	0.706586826347	0.654690618762	0.585828343313	0.673652694611	0.695608782435	0.756487025948	0.746506986028	0.751497005988	0.75748502994	0.899201596806	0.910179640719	0.870259481038	0.782435129741	0.917165668663	0.89620758483	0.792415169661	0.882235528942	0.84630738523	0.887225548902	0.805389221557	0.868263473054	0.935129740519	0.909181636727	0.787425149701	0.774451097804	0.782435129741	0.601796407186	0.607784431138	0.640718562874	0.641716566866	0.596806387226	0.587824351297	0.841317365269	0.788423153693	0.755489021956	0.77744510978	0.814371257485
CE7	0.399201596806	0.438123752495	0.674650698603	0.605788423154	0.779441117764	0.751497005988	0.438123752495	0.337325349301	0.0	0.404191616766	0.743512974052	0.749500998004	0.614770459082	0.660678642715	0.449101796407	0.384231536926	0.918163672655	0.898203592814	0.922155688623	0.920159680639	0.749500998004	0.763473053892	0.948103792415	0.936127744511	0.806387225549	0.877245508982	0.845309381238	0.841317365269	0.789421157685	0.865269461078	0.870259481038	0.868263473054	0.537924151697	0.52994011976	0.539920159681	0.48502994012	0.59880239521	0.572854291417	0.562874251497	0.523952095808	0.617764471058	0.587824351297	0.590818363273	0.5	0.552894211577	0.538922155689	0.567864271457	0.729540918164	0.721556886228	0.736526946108	0.74251497006	0.660678642715	0.695608782435	0.639720558882	0.699600798403	0.654690618762	0.574850299401	0.664670658683	0.666666666667	0.74251497006	0.746506986028	0.741516966068	0.746506986028	0.900199600798	0.908183632735	0.863273453094	0.782435129741	0.909181636727	0.89620758483	0.785429141717	0.883233532934	0.842315369261	0.884231536926	0.802395209581	0.86127744511	0.930139720559	0.909181636727	0.769461077844	0.7624750499	0.770459081836	0.592814371257	0.59880239521	0.615768463074	0.626746506986	0.582834331337	0.568862275449	0.823353293413	0.775449101796	0.74750499002	0.754491017964	0.800399201597
CE8	0.425149700599	0.398203592814	0.659680638723	0.562874251497	0.731536926148	0.701596806387	0.364271457086	0.434131736527	0.404191616766	0.0	0.689620758483	0.703592814371	0.575848303393	0.636726546906	0.410179640719	0.425149700599	0.887225548902	0.88123752495	0.923153692615	0.916167664671	0.728542914172	0.743512974052	0.917165668663	0.903193612774	0.778443113772	0.847305389222	0.831337325349	0.816367265469	0.778443113772	0.868263473054	0.857285429142	0.855289421158	0.535928143713	0.512974051896	0.552894211577	0.494011976048	0.60878243513	0.571856287425	0.566866267465	0.530938123752	0.60878243513	0.591816367265	0.609780439122	0.50998003992	0.569860279441	0.530938123752	0.548902195609	0.706586826347	0.698602794411	0.715568862275	0.718562874251	0.636726546906	0.682634730539	0.617764471058	0.682634730539	0.62874251497	0.556886227545	0.631736526946	0.65369261477	0.718562874251	0.716566866267	0.716566866267	0.713572854291	0.927145708583	0.944111776447	0.897205588822	0.786427145709	0.940119760479	0.923153692615	0.796407185629	0.914171656687	0.877245508982	0.917165668663	0.813373253493	0.89121756487	0.962075848303	0.936127744511	0.771457085828	0.748502994012	0.736526946108	0.596806387226	0.60379241517	0.59880239521	0.59880239521	0.551896207585	0.542914171657	0.786427145709	0.764471057884	0.716566866267	0.726546906188	0.778443113772
CF7	0.645708582834	0.604790419162	0.658682634731	0.580838323353	0.546906187625	0.443113772455	0.64371257485	0.760479041916	0.743512974052	0.689620758483	0.0	0.466067864271	0.611776447106	0.644710578842	0.615768463074	0.652694610778	0.782435129741	0.775449101796	0.872255489022	0.875249500998	0.701596806387	0.664670658683	0.750499001996	0.745508982036	0.61876247505	0.684630738523	0.729540918164	0.735528942116	0.75249500998	0.825349301397	0.806387225549	0.801397205589	0.779441117764	0.77245508982	0.802395209581	0.789421157685	0.794411177645	0.788423153693	0.796407185629	0.797405189621	0.785429141717	0.803393213573	0.792415169661	0.799401197605	0.802395209581	0.786427145709	0.77744510978	0.724550898204	0.690618762475	0.681636726547	0.697604790419	0.671656686627	0.65369261477	0.690618762475	0.683632734531	0.663672654691	0.675648702595	0.650698602794	0.683632734531	0.690618762475	0.683632734531	0.7375249501	0.698602794411	0.923153692615	0.927145708583	0.894211576846	0.715568862275	0.913173652695	0.915169660679	0.72255489022	0.910179640719	0.842315369261	0.916167664671	0.761477045908	0.883233532934	0.952095808383	0.936127744511	0.690618762475	0.72754491018	0.719560878244	0.801397205589	0.783433133733	0.668662674651	0.673652694611	0.675648702595	0.674650698603	0.803393213573	0.704590818363	0.685628742515	0.714570858283	0.749500998004
CF8	0.65369261477	0.607784431138	0.635728542914	0.580838323353	0.474051896208	0.455089820359	0.63872255489	0.755489021956	0.749500998004	0.703592814371	0.466067864271	0.0	0.602794411178	0.635728542914	0.620758483034	0.644710578842	0.780439121756	0.771457085828	0.863273453094	0.872255489022	0.713572854291	0.671656686627	0.681636726547	0.659680638723	0.576846307385	0.61876247505	0.709580838323	0.716566866267	0.739520958084	0.818363273453	0.793413173653	0.781437125749	0.790419161677	0.785429141717	0.814371257485	0.804391217565	0.804391217565	0.808383233533	0.812375249501	0.807385229541	0.796407185629	0.812375249501	0.807385229541	0.814371257485	0.819361277445	0.800399201597	0.788423153693	0.710578842315	0.671656686627	0.671656686627	0.685628742515	0.664670658683	0.649700598802	0.683632734531	0.682634730539	0.665668662675	0.666666666667	0.652694610778	0.684630738523	0.671656686627	0.672654690619	0.715568862275	0.680638722555	0.925149700599	0.926147704591	0.902195608782	0.730538922156	0.930139720559	0.923153692615	0.733532934132	0.919161676647	0.838323353293	0.917165668663	0.77744510978	0.897205588822	0.968063872255	0.932135728543	0.708582834331	0.716566866267	0.728542914172	0.810379241517	0.790419161677	0.674650698603	0.687624750499	0.684630738523	0.685628742515	0.803393213573	0.712574850299	0.691616766467	0.713572854291	0.755489021956
CG7	0.574850299401	0.556886227545	0.515968063872	0.428143712575	0.64371257485	0.611776447106	0.567864271457	0.626746506986	0.614770459082	0.575848303393	0.611776447106	0.602794411178	0.0	0.481037924152	0.567864271457	0.559880239521	0.838323353293	0.836327345309	0.854291417166	0.862275449102	0.689620758483	0.657684630739	0.827345309381	0.808383233533	0.695608782435	0.765469061876	0.763473053892	0.771457085828	0.696606786427	0.802395209581	0.824351297405	0.807385229541	0.670658682635	0.661676646707	0.630738522954	0.669660678643	0.62874251497	0.668662674651	0.685628742515	0.682634730539	0.667664670659	0.690618762475	0.620758483034	0.692614770459	0.646706586826	0.666666666667	0.665668662675	0.715568862275	0.675648702595	0.719560878244	0.706586826347	0.636726546906	0.699600798403	0.637724550898	0.698602794411	0.640718562874	0.590818363273	0.647704590818	0.663672654691	0.715568862275	0.73253493014	0.707584830339	0.700598802395	0.898203592814	0.888223552894	0.889221556886	0.729540918164	0.887225548902	0.885229540918	0.734530938124	0.899201596806	0.842315369261	0.895209580838	0.75748502994	0.869261477046	0.922155688623	0.900199600798	0.764471057884	0.751497005988	0.783433133733	0.681636726547	0.652694610778	0.619760479042	0.636726546906	0.622754491018	0.632734530938	0.826347305389	0.77744510978	0.741516966068	0.775449101796	0.815369261477
CG8	0.641716566866	0.630738522954	0.419161676647	0.50998003992	0.669660678643	0.63872255489	0.640718562874	0.656686626747	0.660678642715	0.636726546906	0.644710578842	0.635728542914	0.481037924152	0.0	0.64371257485	0.64371257485	0.830339321357	0.830339321357	0.850299401198	0.859281437126	0.729540918164	0.684630738523	0.799401197605	0.776447105788	0.684630738523	0.735528942116	0.7624750499	0.761477045908	0.705588822355	0.805389221557	0.822355289421	0.808383233533	0.723552894212	0.721556886228	0.654690618762	0.716566866267	0.667664670659	0.710578842315	0.725548902196	0.720558882236	0.712574850299	0.725548902196	0.64870259481	0.725548902196	0.670658682635	0.712574850299	0.72754491018	0.7624750499	0.718562874251	0.77245508982	0.760479041916	0.684630738523	0.736526946108	0.675648702595	0.740518962076	0.690618762475	0.651696606786	0.690618762475	0.711576846307	0.77245508982	0.769461077844	0.75748502994	0.74750499002	0.893213572854	0.829341317365	0.885229540918	0.736526946108	0.819361277445	0.877245508982	0.734530938124	0.889221556886	0.835329341317	0.887225548902	0.745508982036	0.865269461078	0.854291417166	0.897205588822	0.821357285429	0.797405189621	0.833333333333	0.708582834331	0.691616766467	0.694610778443	0.689620758483	0.701596806387	0.702594810379	0.877245508982	0.834331337325	0.796407185629	0.822355289421	0.865269461078
CH7	0.352295409182	0.306387225549	0.660678642715	0.5	0.696606786427	0.624750499002	0.384231536926	0.452095808383	0.449101796407	0.410179640719	0.615768463074	0.620758483034	0.567864271457	0.64371257485	0.0	0.359281437126	0.86626746507	0.85628742515	0.910179640719	0.909181636727	0.719560878244	0.726546906188	0.895209580838	0.884231536926	0.76746506986	0.832335329341	0.827345309381	0.807385229541	0.776447105788	0.85129740519	0.855289421158	0.836327345309	0.523952095808	0.505988023952	0.553892215569	0.500998003992	0.60878243513	0.566866267465	0.564870259481	0.526946107784	0.606786427146	0.586826347305	0.609780439122	0.512974051896	0.565868263473	0.530938123752	0.547904191617	0.72754491018	0.693612774451	0.694610778443	0.698602794411	0.626746506986	0.666666666667	0.626746506986	0.686626746507	0.607784431138	0.545908183633	0.612774451098	0.663672654691	0.693612774451	0.687624750499	0.738522954092	0.696606786427	0.917165668663	0.941117764471	0.894211576846	0.728542914172	0.933133732535	0.924151696607	0.726546906188	0.909181636727	0.867265469062	0.912175648703	0.770459081836	0.888223552894	0.958083832335	0.929141716567	0.698602794411	0.72255489022	0.715568862275	0.627744510978	0.640718562874	0.564870259481	0.575848303393	0.51996007984	0.50998003992	0.788423153693	0.707584830339	0.676646706587	0.701596806387	0.743512974052
CH8	0.284431137725	0.340319361277	0.657684630739	0.505988023952	0.730538922156	0.65369261477	0.399201596806	0.39121756487	0.384231536926	0.425149700599	0.652694610778	0.644710578842	0.559880239521	0.64371257485	0.359281437126	0.0	0.905189620758	0.888223552894	0.907185628743	0.90119760479	0.7375249501	0.741516966068	0.924151696607	0.910179640719	0.796407185629	0.863273453094	0.837325349301	0.835329341317	0.797405189621	0.850299401198	0.870259481038	0.852295409182	0.522954091816	0.507984031936	0.544910179641	0.481037924152	0.592814371257	0.568862275449	0.565868263473	0.525948103792	0.605788423154	0.587824351297	0.59880239521	0.496007984032	0.554890219561	0.528942115768	0.543912175649	0.716566866267	0.677644710579	0.668662674651	0.686626746507	0.606786427146	0.641716566866	0.632734530938	0.696606786427	0.62375249501	0.544910179641	0.597804391218	0.64371257485	0.682634730539	0.679640718563	0.72255489022	0.679640718563	0.920159680639	0.935129740519	0.894211576846	0.721556886228	0.931137724551	0.916167664671	0.72255489022	0.919161676647	0.86626746507	0.920159680639	0.773453093812	0.89620758483	0.960079840319	0.927145708583	0.721556886228	0.728542914172	0.717564870259	0.615768463074	0.62375249501	0.581836327345	0.597804391218	0.547904191617	0.535928143713	0.782435129741	0.725548902196	0.696606786427	0.700598802395	0.748502994012
CA1	0.907185628743	0.86127744511	0.821357285429	0.841317365269	0.783433133733	0.787425149701	0.883233532934	0.924151696607	0.918163672655	0.887225548902	0.782435129741	0.780439121756	0.838323353293	0.830339321357	0.86626746507	0.905189620758	0.0	0.336327345309	0.484031936128	0.486027944112	0.834331337325	0.714570858283	0.735528942116	0.717564870259	0.705588822355	0.717564870259	0.452095808383	0.517964071856	0.4750499002	0.458083832335	0.465069860279	0.403193612774	0.960079840319	0.955089820359	0.956087824351	0.957085828343	0.955089820359	0.955089820359	0.959081836327	0.957085828343	0.953093812375	0.957085828343	0.955089820359	0.955089820359	0.957085828343	0.955089820359	0.961077844311	0.922155688623	0.929141716567	0.930139720559	0.937125748503	0.923153692615	0.929141716567	0.915169660679	0.903193612774	0.911177644711	0.921157684631	0.928143712575	0.928143712575	0.927145708583	0.930139720559	0.922155688623	0.923153692615	0.939121756487	0.947105788423	0.932135728543	0.938123752495	0.944111776447	0.936127744511	0.934131736527	0.926147704591	0.917165668663	0.921157684631	0.932135728543	0.932135728543	0.971057884232	0.946107784431	0.928143712575	0.921157684631	0.931137724551	0.945109780439	0.938123752495	0.930139720559	0.926147704591	0.928143712575	0.929141716567	0.948103792415	0.925149700599	0.922155688623	0.928143712575	0.928143712575
CA2	0.897205588822	0.852295409182	0.820359281437	0.832335329341	0.775449101796	0.784431137725	0.872255489022	0.910179640719	0.898203592814	0.88123752495	0.775449101796	0.771457085828	0.836327345309	0.830339321357	0.85628742515	0.888223552894	0.336327345309	0.0	0.508982035928	0.508982035928	0.828343313373	0.696606786427	0.744510978044	0.723552894212	0.696606786427	0.711576846307	0.433133732535	0.496007984032	0.464071856287	0.468063872255	0.466067864271	0.410179640719	0.945109780439	0.944111776447	0.947105788423	0.945109780439	0.946107784431	0.945109780439	0.947105788423	0.947105788423	0.945109780439	0.946107784431	0.947105788423	0.946107784431	0.945109780439	0.944111776447	0.951097804391	0.90119760479	0.912175648703	0.912175648703	0.919161676647	0.910179640719	0.909181636727	0.898203592814	0.888223552894	0.89620758483	0.907185628743	0.912175648703	0.911177644711	0.904191616766	0.910179640719	0.909181636727	0.909181636727	0.925149700599	0.931137724551	0.922155688623	0.925149700599	0.925149700599	0.933133732535	0.918163672655	0.919161676647	0.892215568862	0.918163672655	0.910179640719	0.919161676647	0.966067864271	0.933133732535	0.912175648703	0.90119760479	0.923153692615	0.924151696607	0.919161676647	0.919161676647	0.915169660679	0.913173652695	0.912175648703	0.940119760479	0.910179640719	0.921157684631	0.922155688623	0.923153692615
CB1	0.916167664671	0.913173652695	0.849301397206	0.862275449102	0.86626746507	0.869261477046	0.913173652695	0.931137724551	0.922155688623	0.923153692615	0.872255489022	0.863273453094	0.854291417166	0.850299401198	0.910179640719	0.907185628743	0.484031936128	0.508982035928	0.0	0.260479041916	0.86626746507	0.74251497006	0.830339321357	0.818363273453	0.789421157685	0.810379241517	0.520958083832	0.573852295409	0.50499001996	0.397205588822	0.430139720559	0.441117764471	0.97005988024	0.966067864271	0.939121756487	0.964071856287	0.939121756487	0.958083832335	0.971057884232	0.971057884232	0.969061876248	0.97005988024	0.936127744511	0.965069860279	0.940119760479	0.967065868263	0.974051896208	0.907185628743	0.908183632735	0.913173652695	0.903193612774	0.912175648703	0.912175648703	0.921157684631	0.922155688623	0.919161676647	0.917165668663	0.914171656687	0.912175648703	0.90618762475	0.925149700599	0.907185628743	0.903193612774	0.918163672655	0.928143712575	0.949101796407	0.932135728543	0.922155688623	0.937125748503	0.933133732535	0.932135728543	0.90618762475	0.933133732535	0.926147704591	0.947105788423	0.954091816367	0.929141716567	0.961077844311	0.910179640719	0.961077844311	0.937125748503	0.920159680639	0.954091816367	0.952095808383	0.953093812375	0.956087824351	0.965069860279	0.959081836327	0.955089820359	0.964071856287	0.965069860279
CB2	0.908183632735	0.902195608782	0.860279441118	0.868263473054	0.879241516966	0.880239520958	0.90618762475	0.924151696607	0.920159680639	0.916167664671	0.875249500998	0.872255489022	0.862275449102	0.859281437126	0.909181636727	0.90119760479	0.486027944112	0.508982035928	0.260479041916	0.0	0.867265469062	0.749500998004	0.835329341317	0.817365269461	0.797405189621	0.813373253493	0.522954091816	0.563872255489	0.492015968064	0.370259481038	0.435129740519	0.436127744511	0.967065868263	0.961077844311	0.936127744511	0.958083832335	0.940119760479	0.951097804391	0.965069860279	0.966067864271	0.963073852295	0.966067864271	0.935129740519	0.959081836327	0.934131736527	0.962075848303	0.969061876248	0.917165668663	0.922155688623	0.924151696607	0.921157684631	0.922155688623	0.924151696607	0.934131736527	0.935129740519	0.932135728543	0.928143712575	0.923153692615	0.926147704591	0.918163672655	0.935129740519	0.919161676647	0.914171656687	0.922155688623	0.932135728543	0.941117764471	0.928143712575	0.929141716567	0.937125748503	0.927145708583	0.934131736527	0.918163672655	0.934131736527	0.923153692615	0.939121756487	0.960079840319	0.929141716567	0.958083832335	0.922155688623	0.957085828343	0.936127744511	0.923153692615	0.951097804391	0.950099800399	0.951097804391	0.954091816367	0.960079840319	0.959081836327	0.956087824351	0.958083832335	0.963073852295
CC1	0.736526946108	0.720558882236	0.760479041916	0.691616766467	0.73253493014	0.704590818363	0.715568862275	0.764471057884	0.749500998004	0.728542914172	0.701596806387	0.713572854291	0.689620758483	0.729540918164	0.719560878244	0.7375249501	0.834331337325	0.828343313373	0.86626746507	0.867265469062	0.0	0.468063872255	0.873253493014	0.872255489022	0.75249500998	0.809381237525	0.763473053892	0.731536926148	0.749500998004	0.811377245509	0.818363273453	0.808383233533	0.789421157685	0.773453093812	0.774451097804	0.785429141717	0.763473053892	0.776447105788	0.801397205589	0.805389221557	0.786427145709	0.812375249501	0.760479041916	0.804391217565	0.774451097804	0.784431137725	0.782435129741	0.682634730539	0.705588822355	0.703592814371	0.719560878244	0.726546906188	0.703592814371	0.696606786427	0.678642714571	0.671656686627	0.724550898204	0.717564870259	0.708582834331	0.716566866267	0.730538922156	0.693612774451	0.716566866267	0.844311377246	0.852295409182	0.783433133733	0.698602794411	0.845309381238	0.84630738523	0.704590818363	0.819361277445	0.751497005988	0.819361277445	0.712574850299	0.77744510978	0.883233532934	0.869261477046	0.690618762475	0.718562874251	0.75249500998	0.77245508982	0.756487025948	0.738522954092	0.715568862275	0.745508982036	0.741516966068	0.822355289421	0.691616766467	0.726546906188	0.744510978044	0.763473053892
CC2	0.745508982036	0.714570858283	0.724550898204	0.667664670659	0.700598802395	0.669660678643	0.733532934132	0.782435129741	0.763473053892	0.743512974052	0.664670658683	0.671656686627	0.657684630739	0.684630738523	0.726546906188	0.741516966068	0.714570858283	0.696606786427	0.74251497006	0.749500998004	0.468063872255	0.0	0.791417165669	0.77245508982	0.669660678643	0.714570858283	0.594810379242	0.566866267465	0.641716566866	0.684630738523	0.676646706587	0.668662674651	0.815369261477	0.809381237525	0.791417165669	0.819361277445	0.779441117764	0.810379241517	0.835329341317	0.836327345309	0.818363273453	0.843313373253	0.783433133733	0.837325349301	0.791417165669	0.818363273453	0.818363273453	0.690618762475	0.718562874251	0.721556886228	0.716566866267	0.723552894212	0.723552894212	0.717564870259	0.710578842315	0.703592814371	0.73253493014	0.733532934132	0.720558882236	0.697604790419	0.735528942116	0.692614770459	0.701596806387	0.841317365269	0.84630738523	0.830339321357	0.72255489022	0.833333333333	0.849301397206	0.734530938124	0.835329341317	0.75748502994	0.824351297405	0.736526946108	0.805389221557	0.885229540918	0.867265469062	0.718562874251	0.710578842315	0.758483033932	0.796407185629	0.787425149701	0.7624750499	0.746506986028	0.763473053892	0.759481037924	0.838323353293	0.7375249501	0.751497005988	0.761477045908	0.784431137725
CD1	0.929141716567	0.885229540918	0.778443113772	0.831337325349	0.640718562874	0.748502994012	0.90618762475	0.953093812375	0.948103792415	0.917165668663	0.750499001996	0.681636726547	0.827345309381	0.799401197605	0.895209580838	0.924151696607	0.735528942116	0.744510978044	0.830339321357	0.835329341317	0.873253493014	0.791417165669	0.0	0.430139720559	0.582834331337	0.49500998004	0.717564870259	0.754491017964	0.802395209581	0.820359281437	0.811377245509	0.794411177645	0.982035928144	0.98003992016	0.981037924152	0.98003992016	0.981037924152	0.979041916168	0.982035928144	0.981037924152	0.982035928144	0.98003992016	0.979041916168	0.979041916168	0.98003992016	0.98003992016	0.984031936128	0.938123752495	0.937125748503	0.937125748503	0.941117764471	0.936127744511	0.932135728543	0.930139720559	0.930139720559	0.930139720559	0.935129740519	0.935129740519	0.936127744511	0.933133732535	0.936127744511	0.937125748503	0.936127744511	0.960079840319	0.951097804391	0.974051896208	0.97005988024	0.952095808383	0.976047904192	0.972055888224	0.973053892216	0.930139720559	0.976047904192	0.964071856287	0.9750499002	0.98502994012	0.966067864271	0.973053892216	0.939121756487	0.97005988024	0.949101796407	0.954091816367	0.97005988024	0.972055888224	0.97005988024	0.967065868263	0.978043912176	0.976047904192	0.973053892216	0.973053892216	0.976047904192
CD2	0.917165668663	0.879241516966	0.75748502994	0.820359281437	0.637724550898	0.720558882236	0.89121756487	0.939121756487	0.936127744511	0.903193612774	0.745508982036	0.659680638723	0.808383233533	0.776447105788	0.884231536926	0.910179640719	0.717564870259	0.723552894212	0.818363273453	0.817365269461	0.872255489022	0.77245508982	0.430139720559	0.0	0.548902195609	0.479041916168	0.695608782435	0.725548902196	0.787425149701	0.794411177645	0.793413173653	0.775449101796	0.972055888224	0.97005988024	0.972055888224	0.971057884232	0.97005988024	0.97005988024	0.971057884232	0.97005988024	0.968063872255	0.972055888224	0.969061876248	0.972055888224	0.97005988024	0.968063872255	0.972055888224	0.923153692615	0.926147704591	0.928143712575	0.930139720559	0.924151696607	0.922155688623	0.915169660679	0.918163672655	0.917165668663	0.922155688623	0.922155688623	0.920159680639	0.918163672655	0.922155688623	0.925149700599	0.922155688623	0.961077844311	0.955089820359	0.963073852295	0.960079840319	0.958083832335	0.97005988024	0.960079840319	0.965069860279	0.924151696607	0.97005988024	0.953093812375	0.965069860279	0.987025948104	0.963073852295	0.964071856287	0.929141716567	0.959081836327	0.941117764471	0.944111776447	0.960079840319	0.959081836327	0.959081836327	0.957085828343	0.971057884232	0.965069860279	0.964071856287	0.963073852295	0.966067864271
CE1	0.797405189621	0.753493013972	0.641716566866	0.709580838323	0.589820359281	0.611776447106	0.765469061876	0.812375249501	0.806387225549	0.778443113772	0.61876247505	0.576846307385	0.695608782435	0.684630738523	0.76746506986	0.796407185629	0.705588822355	0.696606786427	0.789421157685	0.797405189621	0.75249500998	0.669660678643	0.582834331337	0.548902195609	0.0	0.460079840319	0.672654690619	0.686626746507	0.677644710579	0.758483033932	0.725548902196	0.724550898204	0.867265469062	0.865269461078	0.86626746507	0.865269461078	0.865269461078	0.863273453094	0.865269461078	0.864271457086	0.864271457086	0.865269461078	0.865269461078	0.867265469062	0.865269461078	0.863273453094	0.87125748503	0.758483033932	0.744510978044	0.763473053892	0.800399201597	0.726546906188	0.739520958084	0.759481037924	0.73253493014	0.75249500998	0.76746506986	0.728542914172	0.72255489022	0.771457085828	0.758483033932	0.764471057884	0.804391217565	0.939121756487	0.926147704591	0.90119760479	0.872255489022	0.924151696607	0.946107784431	0.88123752495	0.934131736527	0.804391217565	0.938123752495	0.894211576846	0.89620758483	0.971057884232	0.947105788423	0.862275449102	0.780439121756	0.873253493014	0.805389221557	0.810379241517	0.826347305389	0.822355289421	0.830339321357	0.826347305389	0.927145708583	0.865269461078	0.840319361277	0.860279441118	0.900199600798
CE2	0.865269461078	0.818363273453	0.691616766467	0.773453093812	0.601796407186	0.672654690619	0.842315369261	0.88622754491	0.877245508982	0.847305389222	0.684630738523	0.61876247505	0.765469061876	0.735528942116	0.832335329341	0.863273453094	0.717564870259	0.711576846307	0.810379241517	0.813373253493	0.809381237525	0.714570858283	0.49500998004	0.479041916168	0.460079840319	0.0	0.680638722555	0.693612774451	0.728542914172	0.771457085828	0.755489021956	0.744510978044	0.930139720559	0.925149700599	0.926147704591	0.928143712575	0.928143712575	0.925149700599	0.929141716567	0.929141716567	0.924151696607	0.925149700599	0.925149700599	0.925149700599	0.926147704591	0.926147704591	0.932135728543	0.847305389222	0.850299401198	0.843313373253	0.859281437126	0.842315369261	0.847305389222	0.840319361277	0.832335329341	0.831337325349	0.842315369261	0.843313373253	0.842315369261	0.84630738523	0.840319361277	0.84630738523	0.853293413174	0.941117764471	0.937125748503	0.917165668663	0.90119760479	0.935129740519	0.955089820359	0.904191616766	0.947105788423	0.860279441118	0.951097804391	0.905189620758	0.911177644711	0.973053892216	0.950099800399	0.902195608782	0.841317365269	0.903193612774	0.882235528942	0.883233532934	0.900199600798	0.903193612774	0.899201596806	0.897205588822	0.938123752495	0.897205588822	0.90119760479	0.904191616766	0.927145708583
CF1	0.845309381238	0.802395209581	0.76746506986	0.77245508982	0.719560878244	0.731536926148	0.817365269461	0.86127744511	0.845309381238	0.831337325349	0.729540918164	0.709580838323	0.763473053892	0.7624750499	0.827345309381	0.837325349301	0.452095808383	0.433133732535	0.520958083832	0.522954091816	0.763473053892	0.594810379242	0.717564870259	0.695608782435	0.672654690619	0.680638722555	0.0	0.352295409182	0.473053892216	0.483033932136	0.430139720559	0.423153692615	0.899201596806	0.900199600798	0.895209580838	0.89620758483	0.89620758483	0.894211576846	0.905189620758	0.900199600798	0.89620758483	0.903193612774	0.89620758483	0.900199600798	0.89620758483	0.898203592814	0.904191616766	0.820359281437	0.836327345309	0.821357285429	0.837325349301	0.827345309381	0.827345309381	0.828343313373	0.818363273453	0.817365269461	0.841317365269	0.832335329341	0.835329341317	0.824351297405	0.831337325349	0.822355289421	0.828343313373	0.917165668663	0.918163672655	0.920159680639	0.873253493014	0.918163672655	0.916167664671	0.875249500998	0.903193612774	0.857285429142	0.90618762475	0.858283433134	0.926147704591	0.964071856287	0.923153692615	0.858283433134	0.834331337325	0.879241516966	0.905189620758	0.89121756487	0.872255489022	0.86127744511	0.868263473054	0.865269461078	0.892215568862	0.859281437126	0.865269461078	0.875249500998	0.875249500998
CF2	0.834331337325	0.799401197605	0.771457085828	0.765469061876	0.735528942116	0.738522954092	0.813373253493	0.854291417166	0.841317365269	0.816367265469	0.735528942116	0.716566866267	0.771457085828	0.761477045908	0.807385229541	0.835329341317	0.517964071856	0.496007984032	0.573852295409	0.563872255489	0.731536926148	0.566866267465	0.754491017964	0.725548902196	0.686626746507	0.693612774451	0.352295409182	0.0	0.520958083832	0.52994011976	0.48003992016	0.469061876248	0.894211576846	0.894211576846	0.887225548902	0.88622754491	0.890219560878	0.882235528942	0.89620758483	0.897205588822	0.885229540918	0.898203592814	0.887225548902	0.893213572854	0.889221556886	0.887225548902	0.897205588822	0.800399201597	0.811377245509	0.795409181637	0.813373253493	0.791417165669	0.804391217565	0.794411177645	0.787425149701	0.791417165669	0.810379241517	0.802395209581	0.803393213573	0.791417165669	0.804391217565	0.802395209581	0.800399201597	0.902195608782	0.905189620758	0.914171656687	0.852295409182	0.89620758483	0.917165668663	0.852295409182	0.897205588822	0.823353293413	0.894211576846	0.842315369261	0.902195608782	0.947105788423	0.921157684631	0.852295409182	0.803393213573	0.857285429142	0.879241516966	0.865269461078	0.857285429142	0.842315369261	0.85129740519	0.860279441118	0.888223552894	0.855289421158	0.843313373253	0.855289421158	0.853293413174
CG1	0.795409181637	0.756487025948	0.713572854291	0.707584830339	0.755489021956	0.74251497006	0.783433133733	0.803393213573	0.789421157685	0.778443113772	0.75249500998	0.739520958084	0.696606786427	0.705588822355	0.776447105788	0.797405189621	0.4750499002	0.464071856287	0.50499001996	0.492015968064	0.749500998004	0.641716566866	0.802395209581	0.787425149701	0.677644710579	0.728542914172	0.473053892216	0.520958083832	0.0	0.403193612774	0.491017964072	0.456087824351	0.875249500998	0.868263473054	0.804391217565	0.864271457086	0.808383233533	0.860279441118	0.869261477046	0.873253493014	0.872255489022	0.875249500998	0.803393213573	0.86626746507	0.813373253493	0.869261477046	0.878243512974	0.809381237525	0.781437125749	0.821357285429	0.815369261477	0.811377245509	0.819361277445	0.819361277445	0.822355289421	0.819361277445	0.810379241517	0.812375249501	0.813373253493	0.824351297405	0.832335329341	0.806387225549	0.807385229541	0.893213572854	0.893213572854	0.87624750499	0.805389221557	0.890219560878	0.87624750499	0.805389221557	0.889221556886	0.86626746507	0.88622754491	0.832335329341	0.857285429142	0.908183632735	0.904191616766	0.845309381238	0.845309381238	0.854291417166	0.839321357285	0.816367265469	0.828343313373	0.827345309381	0.829341317365	0.839321357285	0.895209580838	0.844311377246	0.833333333333	0.841317365269	0.887225548902
