	CA7	CA8	CB7	CB8	CC7	CC8	CD7	CD8	CE7	CE8	CF7	CF8	CG7	CG8	CH7	CH8	CA1	CA2	CB1	CB2	CC1	CC2	CD1	CD2	CE1	CE2	CF1	CF2	CG1	CG2	CH1	CH2	CA5	CA6	CB5	CB6	CC5	CC6	CD6	CE5	CE6	CF5	CF6	CG5	CG6	CH5	CH6	CA11	CA12	CB11	CB12	CC11	CC12	CD11	CD12	CE11	CE12	CF11	CF12	CG11	CG12	CH11	CH12	CA3	CA4	CB3	CB4	CC4	CD3	CD4	CE4	CF3	CF4	CG3	CG4	CH3	CH4	CA9	CA10	CB9	CC9	CC10	CD9	CD10	CE9	CE10	CF9	CG9	CG10	CH9	CH10
CA7	0.0	0.368263473054	0.663672654691	0.539920159681	0.715568862275	0.658682634731	0.431137724551	0.438123752495	0.399201596806	0.413173652695	0.694610778443	0.692614770459	0.550898203593	0.668662674651	0.397205588822	0.319361277445	0.916167664671	0.898203592814	0.921157684631	0.911177644711	0.723552894212	0.734530938124	0.932135728543	0.924151696607	0.836327345309	0.858283433134	0.844311377246	0.828343313373	0.796407185629	0.850299401198	0.865269461078	0.870259481038	0.563872255489	0.522954091816	0.548902195609	0.488023952096	0.568862275449	0.569860279441	0.571856287425	0.549900199601	0.592814371257	0.569860279441	0.625748502994	0.536926147705	0.543912175649	0.506986027944	0.517964071856	0.74251497006	0.707584830339	0.702594810379	0.721556886228	0.629740518962	0.684630738523	0.640718562874	0.676646706587	0.650698602794	0.544910179641	0.616766467066	0.60878243513	0.705588822355	0.709580838323	0.714570858283	0.707584830339	0.913173652695	0.928143712575	0.888223552894	0.74750499002	0.931137724551	0.898203592814	0.758483033932	0.916167664671	0.882235528942	0.914171656687	0.766467065868	0.895209580838	0.951097804391	0.918163672655	0.739520958084	0.734530938124	0.73253493014	0.610778443114	0.617764471058	0.600798403194	0.592814371257	0.573852295409	0.556886227545	0.764471057884	0.739520958084	0.698602794411	0.723552894212	0.75748502994
CA8	0.368263473054	0.0	0.658682634731	0.496007984032	0.678642714571	0.607784431138	0.400199600798	0.443113772455	0.431137724551	0.374251497006	0.634730538922	0.635728542914	0.545908183633	0.663672654691	0.321357285429	0.340319361277	0.87624750499	0.865269461078	0.923153692615	0.912175648703	0.708582834331	0.709580838323	0.895209580838	0.890219560878	0.801397205589	0.824351297405	0.822355289421	0.793413173653	0.773453093812	0.842315369261	0.842315369261	0.845309381238	0.563872255489	0.52994011976	0.555888223553	0.501996007984	0.578842315369	0.575848303393	0.571856287425	0.554890219561	0.596806387226	0.567864271457	0.641716566866	0.536926147705	0.554890219561	0.503992015968	0.523952095808	0.731536926148	0.713572854291	0.640718562874	0.661676646707	0.622754491018	0.622754491018	0.612774451098	0.652694610778	0.630738522954	0.539920159681	0.594810379242	0.61377245509	0.662674650699	0.661676646707	0.708582834331	0.658682634731	0.919161676647	0.937125748503	0.882235528942	0.695608782435	0.934131736527	0.897205588822	0.716566866267	0.90119760479	0.883233532934	0.90618762475	0.74750499002	0.887225548902	0.948103792415	0.913173652695	0.677644710579	0.716566866267	0.679640718563	0.632734530938	0.626746506986	0.521956087824	0.507984031936	0.505988023952	0.493013972056	0.768463073852	0.677644710579	0.631736526946	0.664670658683	0.703592814371
CB7	0.663672654691	0.658682634731	0.0	0.564870259481	0.665668662675	0.666666666667	0.674650698603	0.698602794411	0.688622754491	0.680638722555	0.689620758483	0.669660678643	0.546906187625	0.433133732535	0.667664670659	0.669660678643	0.85129740519	0.812375249501	0.880239520958	0.853293413174	0.778443113772	0.739520958084	0.779441117764	0.780439121756	0.686626746507	0.690618762475	0.771457085828	0.754491017964	0.735528942116	0.77744510978	0.806387225549	0.793413173653	0.75249500998	0.746506986028	0.718562874251	0.740518962076	0.699600798403	0.731536926148	0.751497005988	0.740518962076	0.75249500998	0.751497005988	0.665668662675	0.74251497006	0.703592814371	0.74251497006	0.750499001996	0.763473053892	0.741516966068	0.775449101796	0.787425149701	0.715568862275	0.749500998004	0.700598802395	0.74750499002	0.703592814371	0.671656686627	0.703592814371	0.704590818363	0.782435129741	0.791417165669	0.77744510978	0.776447105788	0.88622754491	0.811377245509	0.874251497006	0.789421157685	0.810379241517	0.889221556886	0.783433133733	0.907185628743	0.823353293413	0.878243512974	0.784431137725	0.859281437126	0.838323353293	0.88123752495	0.869261477046	0.790419161677	0.87125748503	0.710578842315	0.684630738523	0.721556886228	0.723552894212	0.72255489022	0.72255489022	0.902195608782	0.86626746507	0.823353293413	0.859281437126	0.898203592814
CB8	0.539920159681	0.496007984032	0.564870259481	0.0	0.639720558882	0.584830339321	0.522954091816	0.617764471058	0.602794411178	0.555888223553	0.610778443114	0.601796407186	0.430139720559	0.531936127745	0.506986027944	0.520958083832	0.860279441118	0.828343313373	0.89620758483	0.867265469062	0.683632734531	0.681636726547	0.845309381238	0.847305389222	0.765469061876	0.785429141717	0.799401197605	0.779441117764	0.728542914172	0.77245508982	0.826347305389	0.828343313373	0.64870259481	0.65369261477	0.646706586826	0.680638722555	0.626746506986	0.661676646707	0.688622754491	0.676646706587	0.668662674651	0.668662674651	0.62375249501	0.688622754491	0.637724550898	0.64371257485	0.632734530938	0.707584830339	0.671656686627	0.660678642715	0.671656686627	0.614770459082	0.644710578842	0.620758483034	0.664670658683	0.627744510978	0.553892215569	0.600798403194	0.615768463074	0.672654690619	0.683632734531	0.689620758483	0.667664670659	0.892215568862	0.898203592814	0.874251497006	0.699600798403	0.900199600798	0.878243512974	0.706586826347	0.912175648703	0.869261477046	0.885229540918	0.72255489022	0.864271457086	0.922155688623	0.883233532934	0.721556886228	0.728542914172	0.72754491018	0.663672654691	0.625748502994	0.565868263473	0.551896207585	0.558882235529	0.558882235529	0.780439121756	0.721556886228	0.674650698603	0.719560878244	0.755489021956
CC7	0.715568862275	0.678642714571	0.665668662675	0.639720558882	0.0	0.520958083832	0.680638722555	0.796407185629	0.788423153693	0.700598802395	0.512974051896	0.448103792415	0.615768463074	0.64371257485	0.678642714571	0.720558882236	0.804391217565	0.76746506986	0.89620758483	0.879241516966	0.718562874251	0.689620758483	0.650698602794	0.641716566866	0.571856287425	0.568862275449	0.716566866267	0.687624750499	0.759481037924	0.813373253493	0.797405189621	0.785429141717	0.805389221557	0.812375249501	0.830339321357	0.844311377246	0.828343313373	0.827345309381	0.842315369261	0.832335329341	0.828343313373	0.826347305389	0.826347305389	0.840319361277	0.838323353293	0.809381237525	0.786427145709	0.725548902196	0.703592814371	0.704590818363	0.710578842315	0.688622754491	0.692614770459	0.704590818363	0.688622754491	0.699600798403	0.712574850299	0.698602794411	0.696606786427	0.714570858283	0.699600798403	0.719560878244	0.707584830339	0.942115768463	0.949101796407	0.920159680639	0.786427145709	0.949101796407	0.928143712575	0.789421157685	0.940119760479	0.859281437126	0.940119760479	0.789421157685	0.925149700599	0.981037924152	0.941117764471	0.761477045908	0.714570858283	0.779441117764	0.85129740519	0.813373253493	0.75748502994	0.761477045908	0.741516966068	0.750499001996	0.807385229541	0.756487025948	0.75748502994	0.76746506986	0.793413173653
CC8	0.658682634731	0.607784431138	0.666666666667	0.584830339321	0.520958083832	0.0	0.636726546906	0.736526946108	0.728542914172	0.659680638723	0.458083832335	0.481037924152	0.588822355289	0.627744510978	0.60878243513	0.649700598802	0.807385229541	0.77245508982	0.895209580838	0.863273453094	0.706586826347	0.667664670659	0.758483033932	0.746506986028	0.647704590818	0.673652694611	0.731536926148	0.703592814371	0.745508982036	0.804391217565	0.792415169661	0.790419161677	0.768463073852	0.768463073852	0.789421157685	0.800399201597	0.791417165669	0.787425149701	0.801397205589	0.788423153693	0.791417165669	0.794411177645	0.786427145709	0.804391217565	0.798403193613	0.76746506986	0.750499001996	0.712574850299	0.708582834331	0.667664670659	0.684630738523	0.649700598802	0.635728542914	0.665668662675	0.647704590818	0.657684630739	0.661676646707	0.637724550898	0.660678642715	0.677644710579	0.671656686627	0.703592814371	0.694610778443	0.918163672655	0.918163672655	0.88622754491	0.720558882236	0.919161676647	0.904191616766	0.726546906188	0.919161676647	0.849301397206	0.917165668663	0.74251497006	0.884231536926	0.947105788423	0.913173652695	0.695608782435	0.717564870259	0.716566866267	0.791417165669	0.75748502994	0.654690618762	0.669660678643	0.654690618762	0.650698602794	0.793413173653	0.697604790419	0.666666666667	0.712574850299	0.751497005988
CD7	0.431137724551	0.400199600798	0.674650698603	0.522954091816	0.680638722555	0.636726546906	0.0	0.465069860279	0.456087824351	0.349301397206	0.664670658683	0.658682634731	0.555888223553	0.670658682635	0.395209580838	0.428143712575	0.894211576846	0.869261477046	0.928143712575	0.921157684631	0.716566866267	0.723552894212	0.897205588822	0.903193612774	0.806387225549	0.832335329341	0.817365269461	0.806387225549	0.795409181637	0.854291417166	0.84630738523	0.855289421158	0.562874251497	0.5249500998	0.561876247505	0.555888223553	0.579840319361	0.580838323353	0.571856287425	0.551896207585	0.590818363273	0.567864271457	0.645708582834	0.561876247505	0.552894211577	0.516966067864	0.520958083832	0.699600798403	0.682634730539	0.656686626747	0.666666666667	0.596806387226	0.647704590818	0.581836327345	0.645708582834	0.600798403194	0.500998003992	0.581836327345	0.588822355289	0.669660678643	0.671656686627	0.683632734531	0.670658682635	0.931137724551	0.933133732535	0.887225548902	0.754491017964	0.938123752495	0.90618762475	0.756487025948	0.913173652695	0.88123752495	0.908183632735	0.755489021956	0.894211576846	0.951097804391	0.927145708583	0.711576846307	0.715568862275	0.686626746507	0.589820359281	0.597804391218	0.536926147705	0.526946107784	0.512974051896	0.496007984032	0.736526946108	0.698602794411	0.63872255489	0.672654690619	0.713572854291
CD8	0.438123752495	0.443113772455	0.698602794411	0.617764471058	0.796407185629	0.736526946108	0.465069860279	0.0	0.353293413174	0.425149700599	0.773453093812	0.776447105788	0.641716566866	0.699600798403	0.468063872255	0.432135728543	0.926147704591	0.912175648703	0.941117764471	0.937125748503	0.77744510978	0.765469061876	0.942115768463	0.945109780439	0.84630738523	0.877245508982	0.869261477046	0.849301397206	0.811377245509	0.864271457086	0.86127744511	0.873253493014	0.601796407186	0.554890219561	0.565868263473	0.49001996008	0.591816367265	0.588822355289	0.581836327345	0.563872255489	0.612774451098	0.584830339321	0.660678642715	0.537924151697	0.552894211577	0.541916167665	0.579840319361	0.74251497006	0.739520958084	0.74251497006	0.758483033932	0.679640718563	0.72255489022	0.65369261477	0.705588822355	0.664670658683	0.572854291417	0.669660678643	0.661676646707	0.758483033932	0.75249500998	0.768463073852	0.769461077844	0.907185628743	0.918163672655	0.86626746507	0.804391217565	0.919161676647	0.889221556886	0.812375249501	0.892215568862	0.865269461078	0.893213572854	0.806387225549	0.865269461078	0.930139720559	0.907185628743	0.795409181637	0.769461077844	0.784431137725	0.59880239521	0.592814371257	0.625748502994	0.606786427146	0.612774451098	0.589820359281	0.831337325349	0.779441117764	0.72754491018	0.776447105788	0.806387225549
CE7	0.399201596806	0.431137724551	0.688622754491	0.602794411178	0.788423153693	0.728542914172	0.456087824351	0.353293413174	0.0	0.425149700599	0.768463073852	0.765469061876	0.621756487026	0.681636726547	0.461077844311	0.411177644711	0.923153692615	0.907185628743	0.929141716567	0.920159680639	0.738522954092	0.740518962076	0.947105788423	0.949101796407	0.836327345309	0.869261477046	0.855289421158	0.836327345309	0.800399201597	0.852295409182	0.862275449102	0.874251497006	0.594810379242	0.546906187625	0.550898203593	0.478043912176	0.570858283433	0.577844311377	0.571856287425	0.555888223553	0.602794411178	0.576846307385	0.635728542914	0.527944111776	0.535928143713	0.528942115768	0.567864271457	0.73253493014	0.72255489022	0.728542914172	0.755489021956	0.673652694611	0.696606786427	0.626746506986	0.699600798403	0.654690618762	0.565868263473	0.668662674651	0.655688622754	0.741516966068	0.74750499002	0.75249500998	0.753493013972	0.887225548902	0.897205588822	0.836327345309	0.775449101796	0.902195608782	0.873253493014	0.780439121756	0.885229540918	0.842315369261	0.885229540918	0.786427145709	0.843313373253	0.909181636727	0.883233532934	0.77245508982	0.758483033932	0.774451097804	0.579840319361	0.574850299401	0.607784431138	0.602794411178	0.60878243513	0.577844311377	0.820359281437	0.75748502994	0.728542914172	0.7624750499	0.808383233533
CE8	0.413173652695	0.374251497006	0.680638722555	0.555888223553	0.700598802395	0.659680638723	0.349301397206	0.425149700599	0.425149700599	0.0	0.676646706587	0.685628742515	0.563872255489	0.672654690619	0.392215568862	0.420159680639	0.897205588822	0.878243512974	0.933133732535	0.924151696607	0.726546906188	0.731536926148	0.907185628743	0.903193612774	0.798403193613	0.833333333333	0.823353293413	0.813373253493	0.794411177645	0.858283433134	0.850299401198	0.863273453094	0.570858283433	0.531936127745	0.567864271457	0.516966067864	0.588822355289	0.586826347305	0.577844311377	0.557884231537	0.595808383234	0.574850299401	0.652694610778	0.544910179641	0.558882235529	0.505988023952	0.5249500998	0.706586826347	0.692614770459	0.687624750499	0.708582834331	0.631736526946	0.674650698603	0.594810379242	0.663672654691	0.605788423154	0.520958083832	0.610778443114	0.612774451098	0.702594810379	0.701596806387	0.711576846307	0.702594810379	0.931137724551	0.941117764471	0.890219560878	0.77744510978	0.946107784431	0.907185628743	0.783433133733	0.918163672655	0.89121756487	0.912175648703	0.782435129741	0.885229540918	0.955089820359	0.932135728543	0.746506986028	0.72754491018	0.713572854291	0.607784431138	0.606786427146	0.562874251497	0.555888223553	0.550898203593	0.522954091816	0.755489021956	0.730538922156	0.661676646707	0.705588822355	0.755489021956
CF7	0.694610778443	0.634730538922	0.689620758483	0.610778443114	0.512974051896	0.458083832335	0.664670658683	0.773453093812	0.768463073852	0.676646706587	0.0	0.468063872255	0.62375249501	0.639720558882	0.63373253493	0.670658682635	0.800399201597	0.765469061876	0.898203592814	0.872255489022	0.703592814371	0.667664670659	0.745508982036	0.7375249501	0.636726546906	0.666666666667	0.729540918164	0.698602794411	0.75249500998	0.809381237525	0.792415169661	0.785429141717	0.785429141717	0.796407185629	0.816367265469	0.824351297405	0.811377245509	0.812375249501	0.819361277445	0.809381237525	0.811377245509	0.809381237525	0.801397205589	0.826347305389	0.822355289421	0.785429141717	0.768463073852	0.72255489022	0.713572854291	0.670658682635	0.691616766467	0.675648702595	0.637724550898	0.697604790419	0.681636726547	0.690618762475	0.691616766467	0.65369261477	0.690618762475	0.680638722555	0.679640718563	0.708582834331	0.695608782435	0.930139720559	0.926147704591	0.883233532934	0.718562874251	0.921157684631	0.912175648703	0.72754491018	0.914171656687	0.857285429142	0.914171656687	0.750499001996	0.887225548902	0.953093812375	0.921157684631	0.699600798403	0.718562874251	0.716566866267	0.819361277445	0.782435129741	0.681636726547	0.686626746507	0.689620758483	0.689620758483	0.800399201597	0.695608782435	0.687624750499	0.698602794411	0.754491017964
CF8	0.692614770459	0.635728542914	0.669660678643	0.601796407186	0.448103792415	0.481037924152	0.658682634731	0.776447105788	0.765469061876	0.685628742515	0.468063872255	0.0	0.610778443114	0.630738522954	0.626746506986	0.670658682635	0.798403193613	0.7624750499	0.894211576846	0.873253493014	0.709580838323	0.671656686627	0.672654690619	0.665668662675	0.586826347305	0.604790419162	0.713572854291	0.671656686627	0.750499001996	0.805389221557	0.774451097804	0.784431137725	0.794411177645	0.800399201597	0.820359281437	0.834331337325	0.819361277445	0.820359281437	0.830339321357	0.822355289421	0.813373253493	0.819361277445	0.814371257485	0.832335329341	0.831337325349	0.797405189621	0.774451097804	0.715568862275	0.693612774451	0.661676646707	0.679640718563	0.673652694611	0.651696606786	0.694610778443	0.673652694611	0.686626746507	0.691616766467	0.652694610778	0.682634730539	0.672654690619	0.672654690619	0.699600798403	0.677644710579	0.925149700599	0.934131736527	0.898203592814	0.730538922156	0.927145708583	0.913173652695	0.735528942116	0.924151696607	0.848303393214	0.925149700599	0.764471057884	0.902195608782	0.963073852295	0.920159680639	0.702594810379	0.712574850299	0.720558882236	0.827345309381	0.794411177645	0.686626746507	0.697604790419	0.689620758483	0.688622754491	0.788423153693	0.706586826347	0.701596806387	0.704590818363	0.751497005988
CG7	0.550898203593	0.545908183633	0.546906187625	0.430139720559	0.615768463074	0.588822355289	0.555888223553	0.641716566866	0.621756487026	0.563872255489	0.62375249501	0.610778443114	0.0	0.5249500998	0.559880239521	0.559880239521	0.847305389222	0.813373253493	0.88622754491	0.855289421158	0.660678642715	0.65369261477	0.821357285429	0.811377245509	0.735528942116	0.750499001996	0.773453093812	0.749500998004	0.716566866267	0.764471057884	0.822355289421	0.812375249501	0.65369261477	0.654690618762	0.650698602794	0.685628742515	0.634730538922	0.665668662675	0.691616766467	0.676646706587	0.676646706587	0.671656686627	0.624750499002	0.690618762475	0.639720558882	0.647704590818	0.637724550898	0.713572854291	0.670658682635	0.704590818363	0.710578842315	0.651696606786	0.691616766467	0.635728542914	0.685628742515	0.634730538922	0.579840319361	0.64371257485	0.637724550898	0.710578842315	0.734530938124	0.717564870259	0.704590818363	0.889221556886	0.890219560878	0.880239520958	0.73253493014	0.894211576846	0.874251497006	0.735528942116	0.909181636727	0.857285429142	0.884231536926	0.743512974052	0.864271457086	0.920159680639	0.885229540918	0.758483033932	0.739520958084	0.756487025948	0.684630738523	0.651696606786	0.604790419162	0.599800399202	0.594810379242	0.60379241517	0.799401197605	0.749500998004	0.710578842315	0.760479041916	0.791417165669
CG8	0.668662674651	0.663672654691	0.433133732535	0.531936127745	0.64371257485	0.627744510978	0.670658682635	0.699600798403	0.681636726547	0.672654690619	0.639720558882	0.630738522954	0.5249500998	0.0	0.675648702595	0.680638722555	0.835329341317	0.800399201597	0.88622754491	0.844311377246	0.72754491018	0.698602794411	0.764471057884	0.765469061876	0.679640718563	0.700598802395	0.753493013972	0.728542914172	0.714570858283	0.756487025948	0.794411177645	0.778443113772	0.75748502994	0.748502994012	0.718562874251	0.749500998004	0.703592814371	0.7375249501	0.758483033932	0.750499001996	0.760479041916	0.75249500998	0.669660678643	0.748502994012	0.708582834331	0.74750499002	0.758483033932	0.746506986028	0.720558882236	0.745508982036	0.756487025948	0.690618762475	0.731536926148	0.677644710579	0.729540918164	0.681636726547	0.675648702595	0.677644710579	0.683632734531	0.7624750499	0.775449101796	0.760479041916	0.758483033932	0.882235528942	0.807385229541	0.872255489022	0.755489021956	0.809381237525	0.874251497006	0.754491017964	0.900199600798	0.837325349301	0.874251497006	0.753493013972	0.857285429142	0.837325349301	0.879241516966	0.827345309381	0.778443113772	0.841317365269	0.720558882236	0.690618762475	0.723552894212	0.712574850299	0.72754491018	0.731536926148	0.872255489022	0.830339321357	0.784431137725	0.826347305389	0.862275449102
CH7	0.397205588822	0.321357285429	0.667664670659	0.506986027944	0.678642714571	0.60878243513	0.395209580838	0.468063872255	0.461077844311	0.392215568862	0.63373253493	0.626746506986	0.559880239521	0.675648702595	0.0	0.383233532934	0.890219560878	0.865269461078	0.914171656687	0.915169660679	0.716566866267	0.716566866267	0.895209580838	0.885229540918	0.795409181637	0.819361277445	0.820359281437	0.802395209581	0.788423153693	0.843313373253	0.834331337325	0.848303393214	0.562874251497	0.525948103792	0.562874251497	0.527944111776	0.581836327345	0.583832335329	0.566866267465	0.551896207585	0.583832335329	0.563872255489	0.645708582834	0.531936127745	0.557884231537	0.505988023952	0.513972055888	0.739520958084	0.714570858283	0.679640718563	0.703592814371	0.62874251497	0.669660678643	0.620758483034	0.662674650699	0.627744510978	0.539920159681	0.601796407186	0.620758483034	0.697604790419	0.694610778443	0.720558882236	0.696606786427	0.920159680639	0.933133732535	0.894211576846	0.730538922156	0.934131736527	0.904191616766	0.733532934132	0.911177644711	0.88622754491	0.913173652695	0.755489021956	0.897205588822	0.958083832335	0.916167664671	0.704590818363	0.72754491018	0.716566866267	0.62375249501	0.62874251497	0.561876247505	0.553892215569	0.547904191617	0.5249500998	0.770459081836	0.687624750499	0.659680638723	0.706586826347	0.739520958084
CH8	0.319361277445	0.340319361277	0.669660678643	0.520958083832	0.720558882236	0.649700598802	0.428143712575	0.432135728543	0.411177644711	0.420159680639	0.670658682635	0.670658682635	0.559880239521	0.680638722555	0.383233532934	0.0	0.924151696607	0.90119760479	0.924151696607	0.910179640719	0.7375249501	0.7375249501	0.925149700599	0.918163672655	0.828343313373	0.853293413174	0.843313373253	0.828343313373	0.813373253493	0.854291417166	0.862275449102	0.87125748503	0.563872255489	0.52994011976	0.556886227545	0.489021956088	0.578842315369	0.577844311377	0.577844311377	0.556886227545	0.596806387226	0.573852295409	0.640718562874	0.538922155689	0.547904191617	0.508982035928	0.517964071856	0.74251497006	0.719560878244	0.664670658683	0.688622754491	0.626746506986	0.659680638723	0.640718562874	0.681636726547	0.654690618762	0.552894211577	0.611776447106	0.622754491018	0.686626746507	0.683632734531	0.718562874251	0.686626746507	0.923153692615	0.930139720559	0.888223552894	0.716566866267	0.931137724551	0.902195608782	0.72754491018	0.917165668663	0.879241516966	0.916167664671	0.75748502994	0.895209580838	0.961077844311	0.913173652695	0.717564870259	0.734530938124	0.717564870259	0.635728542914	0.635728542914	0.571856287425	0.566866267465	0.548902195609	0.537924151697	0.782435129741	0.721556886228	0.677644710579	0.704590818363	0.746506986028
CA1	0.916167664671	0.87624750499	0.85129740519	0.860279441118	0.804391217565	0.807385229541	0.894211576846	0.926147704591	0.923153692615	0.897205588822	0.800399201597	0.798403193613	0.847305389222	0.835329341317	0.890219560878	0.924151696607	0.0	0.349301397206	0.505988023952	0.507984031936	0.863273453094	0.74251497006	0.74750499002	0.723552894212	0.697604790419	0.717564870259	0.503992015968	0.50998003992	0.476047904192	0.464071856287	0.48003992016	0.404191616766	0.966067864271	0.962075848303	0.966067864271	0.966067864271	0.964071856287	0.966067864271	0.965069860279	0.966067864271	0.964071856287	0.967065868263	0.966067864271	0.965069860279	0.966067864271	0.964071856287	0.966067864271	0.937125748503	0.942115768463	0.932135728543	0.940119760479	0.931137724551	0.930139720559	0.934131736527	0.925149700599	0.929141716567	0.937125748503	0.933133732535	0.936127744511	0.941117764471	0.934131736527	0.938123752495	0.944111776447	0.955089820359	0.946107784431	0.937125748503	0.944111776447	0.954091816367	0.944111776447	0.946107784431	0.939121756487	0.930139720559	0.935129740519	0.946107784431	0.944111776447	0.97005988024	0.949101796407	0.932135728543	0.933133732535	0.935129740519	0.950099800399	0.938123752495	0.941117764471	0.929141716567	0.937125748503	0.938123752495	0.947105788423	0.923153692615	0.929141716567	0.935129740519	0.938123752495
CA2	0.898203592814	0.865269461078	0.812375249501	0.828343313373	0.76746506986	0.77245508982	0.869261477046	0.912175648703	0.907185628743	0.878243512974	0.765469061876	0.7624750499	0.813373253493	0.800399201597	0.865269461078	0.90119760479	0.349301397206	0.0	0.533932135729	0.50998003992	0.836327345309	0.705588822355	0.717564870259	0.703592814371	0.677644710579	0.688622754491	0.467065868263	0.47005988024	0.467065868263	0.464071856287	0.478043912176	0.405189620758	0.957085828343	0.951097804391	0.954091816367	0.951097804391	0.957085828343	0.952095808383	0.955089820359	0.954091816367	0.954091816367	0.955089820359	0.954091816367	0.953093812375	0.954091816367	0.953093812375	0.955089820359	0.910179640719	0.919161676647	0.905189620758	0.921157684631	0.916167664671	0.911177644711	0.905189620758	0.90119760479	0.902195608782	0.911177644711	0.914171656687	0.916167664671	0.916167664671	0.913173652695	0.911177644711	0.924151696607	0.934131736527	0.924151696607	0.935129740519	0.930139720559	0.935129740519	0.930139720559	0.925149700599	0.924151696607	0.904191616766	0.915169660679	0.924151696607	0.936127744511	0.967065868263	0.925149700599	0.916167664671	0.914171656687	0.922155688623	0.939121756487	0.919161676647	0.928143712575	0.920159680639	0.925149700599	0.919161676647	0.940119760479	0.916167664671	0.913173652695	0.926147704591	0.932135728543
CB1	0.921157684631	0.923153692615	0.880239520958	0.89620758483	0.89620758483	0.895209580838	0.928143712575	0.941117764471	0.929141716567	0.933133732535	0.898203592814	0.894211576846	0.88622754491	0.88622754491	0.914171656687	0.924151696607	0.505988023952	0.533932135729	0.0	0.281437125749	0.893213572854	0.774451097804	0.844311377246	0.827345309381	0.803393213573	0.833333333333	0.570858283433	0.594810379242	0.506986027944	0.412175648703	0.451097804391	0.48003992016	0.979041916168	0.969061876248	0.949101796407	0.967065868263	0.950099800399	0.954091816367	0.976047904192	0.97005988024	0.978043912176	0.9750499002	0.949101796407	0.967065868263	0.949101796407	0.968063872255	0.979041916168	0.938123752495	0.939121756487	0.937125748503	0.937125748503	0.943113772455	0.937125748503	0.950099800399	0.950099800399	0.957085828343	0.943113772455	0.942115768463	0.942115768463	0.938123752495	0.951097804391	0.939121756487	0.937125748503	0.936127744511	0.935129740519	0.951097804391	0.937125748503	0.928143712575	0.946107784431	0.938123752495	0.944111776447	0.925149700599	0.945109780439	0.942115768463	0.951097804391	0.954091816367	0.934131736527	0.981037924152	0.948103792415	0.974051896208	0.946107784431	0.934131736527	0.960079840319	0.965069860279	0.956087824351	0.962075848303	0.979041916168	0.977045908184	0.979041916168	0.978043912176	0.976047904192
CB2	0.911177644711	0.912175648703	0.853293413174	0.867265469062	0.879241516966	0.863273453094	0.921157684631	0.937125748503	0.920159680639	0.924151696607	0.872255489022	0.873253493014	0.855289421158	0.844311377246	0.915169660679	0.910179640719	0.507984031936	0.50998003992	0.281437125749	0.0	0.872255489022	0.74251497006	0.829341317365	0.804391217565	0.782435129741	0.804391217565	0.533932135729	0.561876247505	0.47005988024	0.372255489022	0.424151696607	0.449101796407	0.972055888224	0.964071856287	0.935129740519	0.961077844311	0.934131736527	0.950099800399	0.97005988024	0.962075848303	0.971057884232	0.971057884232	0.935129740519	0.960079840319	0.934131736527	0.961077844311	0.971057884232	0.908183632735	0.90618762475	0.909181636727	0.903193612774	0.918163672655	0.910179640719	0.928143712575	0.922155688623	0.928143712575	0.912175648703	0.916167664671	0.922155688623	0.910179640719	0.925149700599	0.907185628743	0.904191616766	0.925149700599	0.917165668663	0.933133732535	0.920159680639	0.922155688623	0.933133732535	0.920159680639	0.939121756487	0.899201596806	0.934131736527	0.921157684631	0.933133732535	0.948103792415	0.923153692615	0.965069860279	0.922155688623	0.964071856287	0.926147704591	0.927145708583	0.948103792415	0.954091816367	0.942115768463	0.945109780439	0.967065868263	0.965069860279	0.965069860279	0.966067864271	0.969061876248
CC1	0.723552894212	0.708582834331	0.778443113772	0.683632734531	0.718562874251	0.706586826347	0.716566866267	0.77744510978	0.738522954092	0.726546906188	0.703592814371	0.709580838323	0.660678642715	0.72754491018	0.716566866267	0.7375249501	0.863273453094	0.836327345309	0.893213572854	0.872255489022	0.0	0.465069860279	0.884231536926	0.88622754491	0.77744510978	0.805389221557	0.773453093812	0.755489021956	0.750499001996	0.788423153693	0.810379241517	0.825349301397	0.786427145709	0.781437125749	0.776447105788	0.809381237525	0.763473053892	0.791417165669	0.819361277445	0.806387225549	0.804391217565	0.797405189621	0.755489021956	0.818363273453	0.773453093812	0.771457085828	0.764471057884	0.691616766467	0.706586826347	0.695608782435	0.713572854291	0.707584830339	0.676646706587	0.691616766467	0.686626746507	0.688622754491	0.700598802395	0.723552894212	0.715568862275	0.709580838323	0.719560878244	0.689620758483	0.720558882236	0.848303393214	0.825349301397	0.781437125749	0.685628742515	0.820359281437	0.828343313373	0.671656686627	0.840319361277	0.760479041916	0.817365269461	0.662674650699	0.764471057884	0.852295409182	0.84630738523	0.672654690619	0.703592814371	0.745508982036	0.786427145709	0.75249500998	0.724550898204	0.719560878244	0.731536926148	0.728542914172	0.804391217565	0.672654690619	0.733532934132	0.738522954092	0.766467065868
CC2	0.734530938124	0.709580838323	0.739520958084	0.681636726547	0.689620758483	0.667664670659	0.723552894212	0.765469061876	0.740518962076	0.731536926148	0.667664670659	0.671656686627	0.65369261477	0.698602794411	0.716566866267	0.7375249501	0.74251497006	0.705588822355	0.774451097804	0.74251497006	0.465069860279	0.0	0.794411177645	0.774451097804	0.659680638723	0.699600798403	0.611776447106	0.577844311377	0.635728542914	0.674650698603	0.685628742515	0.691616766467	0.795409181637	0.788423153693	0.779441117764	0.814371257485	0.775449101796	0.794411177645	0.822355289421	0.813373253493	0.807385229541	0.807385229541	0.766467065868	0.822355289421	0.782435129741	0.784431137725	0.796407185629	0.683632734531	0.711576846307	0.699600798403	0.72255489022	0.724550898204	0.690618762475	0.711576846307	0.705588822355	0.720558882236	0.718562874251	0.721556886228	0.720558882236	0.719560878244	0.730538922156	0.698602794411	0.718562874251	0.865269461078	0.843313373253	0.808383233533	0.729540918164	0.836327345309	0.841317365269	0.730538922156	0.841317365269	0.768463073852	0.824351297405	0.721556886228	0.802395209581	0.873253493014	0.85628742515	0.701596806387	0.708582834331	0.765469061876	0.789421157685	0.753493013972	0.754491017964	0.741516966068	0.750499001996	0.743512974052	0.828343313373	0.714570858283	0.761477045908	0.760479041916	0.786427145709
CD1	0.932135728543	0.895209580838	0.779441117764	0.845309381238	0.650698602794	0.758483033932	0.897205588822	0.942115768463	0.947105788423	0.907185628743	0.745508982036	0.672654690619	0.821357285429	0.764471057884	0.895209580838	0.925149700599	0.74750499002	0.717564870259	0.844311377246	0.829341317365	0.884231536926	0.794411177645	0.0	0.419161676647	0.580838323353	0.494011976048	0.74750499002	0.716566866267	0.803393213573	0.811377245509	0.810379241517	0.786427145709	0.983033932136	0.977045908184	0.976047904192	0.979041916168	0.978043912176	0.974051896208	0.979041916168	0.976047904192	0.981037924152	0.98003992016	0.978043912176	0.974051896208	0.98003992016	0.978043912176	0.98003992016	0.945109780439	0.943113772455	0.946107784431	0.945109780439	0.940119760479	0.937125748503	0.937125748503	0.936127744511	0.941117764471	0.941117764471	0.938123752495	0.941117764471	0.943113772455	0.942115768463	0.944111776447	0.943113772455	0.960079840319	0.959081836327	0.971057884232	0.960079840319	0.954091816367	0.972055888224	0.959081836327	0.967065868263	0.940119760479	0.97005988024	0.963073852295	0.972055888224	0.983033932136	0.957085828343	0.97005988024	0.943113772455	0.966067864271	0.954091816367	0.953093812375	0.963073852295	0.963073852295	0.966067864271	0.963073852295	0.972055888224	0.97005988024	0.97005988024	0.971057884232	0.968063872255
CD2	0.924151696607	0.890219560878	0.780439121756	0.847305389222	0.641716566866	0.746506986028	0.903193612774	0.945109780439	0.949101796407	0.903193612774	0.7375249501	0.665668662675	0.811377245509	0.765469061876	0.885229540918	0.918163672655	0.723552894212	0.703592814371	0.827345309381	0.804391217565	0.88622754491	0.774451097804	0.419161676647	0.0	0.559880239521	0.456087824351	0.711576846307	0.685628742515	0.790419161677	0.797405189621	0.803393213573	0.7624750499	0.978043912176	0.976047904192	0.976047904192	0.976047904192	0.977045908184	0.973053892216	0.978043912176	0.974051896208	0.979041916168	0.977045908184	0.977045908184	0.974051896208	0.977045908184	0.9750499002	0.977045908184	0.934131736527	0.937125748503	0.935129740519	0.938123752495	0.935129740519	0.934131736527	0.930139720559	0.926147704591	0.927145708583	0.932135728543	0.931137724551	0.935129740519	0.935129740519	0.933133732535	0.936127744511	0.937125748503	0.964071856287	0.958083832335	0.973053892216	0.959081836327	0.956087824351	0.971057884232	0.959081836327	0.967065868263	0.933133732535	0.968063872255	0.962075848303	0.973053892216	0.98502994012	0.958083832335	0.966067864271	0.934131736527	0.97005988024	0.950099800399	0.949101796407	0.963073852295	0.968063872255	0.963073852295	0.958083832335	0.97005988024	0.966067864271	0.969061876248	0.971057884232	0.97005988024
CE1	0.836327345309	0.801397205589	0.686626746507	0.765469061876	0.571856287425	0.647704590818	0.806387225549	0.84630738523	0.836327345309	0.798403193613	0.636726546906	0.586826347305	0.735528942116	0.679640718563	0.795409181637	0.828343313373	0.697604790419	0.677644710579	0.803393213573	0.782435129741	0.77744510978	0.659680638723	0.580838323353	0.559880239521	0.0	0.450099800399	0.663672654691	0.640718562874	0.677644710579	0.72754491018	0.713572854291	0.704590818363	0.900199600798	0.894211576846	0.898203592814	0.89620758483	0.894211576846	0.892215568862	0.895209580838	0.893213572854	0.897205588822	0.897205588822	0.895209580838	0.89121756487	0.897205588822	0.895209580838	0.895209580838	0.750499001996	0.756487025948	0.764471057884	0.806387225549	0.75748502994	0.76746506986	0.793413173653	0.761477045908	0.773453093812	0.807385229541	0.74750499002	0.753493013972	0.790419161677	0.764471057884	0.773453093812	0.787425149701	0.948103792415	0.940119760479	0.89620758483	0.880239520958	0.933133732535	0.946107784431	0.883233532934	0.944111776447	0.806387225549	0.940119760479	0.885229540918	0.895209580838	0.963073852295	0.947105788423	0.870259481038	0.75748502994	0.882235528942	0.847305389222	0.835329341317	0.857285429142	0.860279441118	0.857285429142	0.855289421158	0.924151696607	0.867265469062	0.865269461078	0.869261477046	0.911177644711
CE2	0.858283433134	0.824351297405	0.690618762475	0.785429141717	0.568862275449	0.673652694611	0.832335329341	0.877245508982	0.869261477046	0.833333333333	0.666666666667	0.604790419162	0.750499001996	0.700598802395	0.819361277445	0.853293413174	0.717564870259	0.688622754491	0.833333333333	0.804391217565	0.805389221557	0.699600798403	0.494011976048	0.456087824351	0.450099800399	0.0	0.696606786427	0.665668662675	0.72754491018	0.760479041916	0.756487025948	0.733532934132	0.919161676647	0.915169660679	0.917165668663	0.917165668663	0.916167664671	0.912175648703	0.916167664671	0.916167664671	0.918163672655	0.918163672655	0.918163672655	0.914171656687	0.917165668663	0.915169660679	0.919161676647	0.836327345309	0.835329341317	0.838323353293	0.835329341317	0.834331337325	0.828343313373	0.827345309381	0.821357285429	0.823353293413	0.840319361277	0.830339321357	0.833333333333	0.838323353293	0.829341317365	0.834331337325	0.834331337325	0.952095808383	0.942115768463	0.912175648703	0.892215568862	0.944111776447	0.956087824351	0.898203592814	0.952095808383	0.869261477046	0.949101796407	0.902195608782	0.912175648703	0.974051896208	0.946107784431	0.888223552894	0.832335329341	0.897205588822	0.872255489022	0.865269461078	0.890219560878	0.890219560878	0.88622754491	0.879241516966	0.930139720559	0.887225548902	0.889221556886	0.893213572854	0.919161676647
CF1	0.844311377246	0.822355289421	0.771457085828	0.799401197605	0.716566866267	0.731536926148	0.817365269461	0.869261477046	0.855289421158	0.823353293413	0.729540918164	0.713572854291	0.773453093812	0.753493013972	0.820359281437	0.843313373253	0.503992015968	0.467065868263	0.570858283433	0.533932135729	0.773453093812	0.611776447106	0.74750499002	0.711576846307	0.663672654691	0.696606786427	0.0	0.322355289421	0.505988023952	0.508982035928	0.457085828343	0.454091816367	0.913173652695	0.903193612774	0.903193612774	0.90618762475	0.904191616766	0.898203592814	0.910179640719	0.90618762475	0.912175648703	0.911177644711	0.905189620758	0.908183632735	0.904191616766	0.904191616766	0.912175648703	0.806387225549	0.820359281437	0.814371257485	0.821357285429	0.821357285429	0.802395209581	0.809381237525	0.802395209581	0.810379241517	0.826347305389	0.806387225549	0.808383233533	0.810379241517	0.813373253493	0.802395209581	0.823353293413	0.922155688623	0.908183632735	0.934131736527	0.872255489022	0.916167664671	0.90119760479	0.868263473054	0.905189620758	0.832335329341	0.898203592814	0.86626746507	0.926147704591	0.949101796407	0.918163672655	0.859281437126	0.807385229541	0.87125748503	0.903193612774	0.868263473054	0.880239520958	0.867265469062	0.867265469062	0.864271457086	0.88622754491	0.857285429142	0.873253493014	0.879241516966	0.869261477046
CF2	0.828343313373	0.793413173653	0.754491017964	0.779441117764	0.687624750499	0.703592814371	0.806387225549	0.849301397206	0.836327345309	0.813373253493	0.698602794411	0.671656686627	0.749500998004	0.728542914172	0.802395209581	0.828343313373	0.50998003992	0.47005988024	0.594810379242	0.561876247505	0.755489021956	0.577844311377	0.716566866267	0.685628742515	0.640718562874	0.665668662675	0.322355289421	0.0	0.511976047904	0.522954091816	0.473053892216	0.466067864271	0.89620758483	0.890219560878	0.889221556886	0.893213572854	0.889221556886	0.88622754491	0.895209580838	0.892215568862	0.897205588822	0.89620758483	0.892215568862	0.893213572854	0.889221556886	0.889221556886	0.899201596806	0.812375249501	0.818363273453	0.809381237525	0.814371257485	0.806387225549	0.788423153693	0.805389221557	0.792415169661	0.803393213573	0.815369261477	0.804391217565	0.803393213573	0.807385229541	0.805389221557	0.807385229541	0.813373253493	0.913173652695	0.908183632735	0.913173652695	0.852295409182	0.908183632735	0.895209580838	0.852295409182	0.900199600798	0.827345309381	0.902195608782	0.854291417166	0.916167664671	0.942115768463	0.913173652695	0.847305389222	0.814371257485	0.854291417166	0.89620758483	0.859281437126	0.858283433134	0.84630738523	0.85628742515	0.849301397206	0.874251497006	0.85129740519	0.857285429142	0.860279441118	0.860279441118
CG1	0.796407185629	0.773453093812	0.735528942116	0.728542914172	0.759481037924	0.745508982036	0.795409181637	0.811377245509	0.800399201597	0.794411177645	0.75249500998	0.750499001996	0.716566866267	0.714570858283	0.788423153693	0.813373253493	0.476047904192	0.467065868263	0.506986027944	0.47005988024	0.750499001996	0.635728542914	0.803393213573	0.790419161677	0.677644710579	0.72754491018	0.505988023952	0.511976047904	0.0	0.364271457086	0.464071856287	0.432135728543	0.878243512974	0.86626746507	0.835329341317	0.860279441118	0.810379241517	0.859281437126	0.874251497006	0.865269461078	0.877245508982	0.874251497006	0.812375249501	0.864271457086	0.824351297405	0.867265469062	0.875249500998	0.809381237525	0.795409181637	0.819361277445	0.829341317365	0.824351297405	0.813373253493	0.832335329341	0.827345309381	0.834331337325	0.823353293413	0.827345309381	0.822355289421	0.834331337325	0.849301397206	0.821357285429	0.826347305389	0.883233532934	0.888223552894	0.870259481038	0.821357285429	0.893213572854	0.879241516966	0.824351297405	0.900199600798	0.869261477046	0.874251497006	0.829341317365	0.854291417166	0.910179640719	0.887225548902	0.852295409182	0.843313373253	0.869261477046	0.841317365269	0.816367265469	0.832335329341	0.836327345309	0.830339321357	0.835329341317	0.897205588822	0.850299401198	0.843313373253	0.85628742515	0.890219560878
