	CA7	CA8	CB7	CB8	CC7	CC8	CD7	CD8	CE7	CE8	CF7	CF8	CG7	CG8	CH7	CH8	CA1	CA2	CB1	CB2	CC1	CC2	CD1	CD2	CE1	CE2	CF1	CF2	CG1	CG2	CH1	CH2	CA5	CA6	CB5	CB6	CC5	CC6	CD6	CE5	CE6	CF5	CF6	CG5	CG6	CH5	CH6	CA11	CA12	CB11	CB12	CC11	CC12	CD11	CD12	CE11	CE12	CF11	CF12	CG11	CG12	CH11	CH12	CA3	CA4	CB3	CB4	CC4	CD3	CD4	CE4	CF3	CF4	CG3	CG4	CH3	CH4	CA9	CA10	CB9	CC9	CC10	CD9	CD10	CE9	CE10	CF9	CG9	CG10	CH9	CH10
CA7	0.0	0.392215568862	0.675648702595	0.548902195609	0.725548902196	0.642714570858	0.388223552894	0.415169660679	0.412175648703	0.404191616766	0.659680638723	0.672654690619	0.571856287425	0.61377245509	0.405189620758	0.311377245509	0.934131736527	0.922155688623	0.926147704591	0.913173652695	0.726546906188	0.7624750499	0.940119760479	0.930139720559	0.830339321357	0.879241516966	0.854291417166	0.828343313373	0.816367265469	0.858283433134	0.869261477046	0.86127744511	0.520958083832	0.48502994012	0.566866267465	0.465069860279	0.582834331337	0.568862275449	0.588822355289	0.574850299401	0.60878243513	0.570858283433	0.615768463074	0.518962075848	0.545908183633	0.540918163673	0.542914171657	0.73253493014	0.705588822355	0.679640718563	0.671656686627	0.624750499002	0.676646706587	0.64371257485	0.695608782435	0.620758483034	0.547904191617	0.606786427146	0.639720558882	0.679640718563	0.659680638723	0.724550898204	0.693612774451	0.922155688623	0.935129740519	0.889221556886	0.72754491018	0.930139720559	0.890219560878	0.72255489022	0.912175648703	0.87125748503	0.922155688623	0.761477045908	0.884231536926	0.958083832335	0.933133732535	0.740518962076	0.731536926148	0.711576846307	0.620758483034	0.611776447106	0.589820359281	0.605788423154	0.546906187625	0.545908183633	0.77245508982	0.73253493014	0.708582834331	0.711576846307	0.740518962076
CA8	0.392215568862	0.0	0.659680638723	0.521956087824	0.676646706587	0.580838323353	0.378243512974	0.468063872255	0.468063872255	0.388223552894	0.609780439122	0.624750499002	0.541916167665	0.585828343313	0.302395209581	0.393213572854	0.879241516966	0.86127744511	0.927145708583	0.903193612774	0.705588822355	0.724550898204	0.88622754491	0.879241516966	0.778443113772	0.822355289421	0.800399201597	0.782435129741	0.771457085828	0.836327345309	0.844311377246	0.820359281437	0.513972055888	0.500998003992	0.576846307385	0.541916167665	0.589820359281	0.571856287425	0.589820359281	0.569860279441	0.595808383234	0.565868263473	0.62874251497	0.533932135729	0.562874251497	0.533932135729	0.538922155689	0.711576846307	0.692614770459	0.642714570858	0.641716566866	0.610778443114	0.624750499002	0.599800399202	0.654690618762	0.579840319361	0.511976047904	0.59381237525	0.632734530938	0.644710578842	0.647704590818	0.705588822355	0.656686626747	0.935129740519	0.934131736527	0.888223552894	0.691616766467	0.921157684631	0.887225548902	0.694610778443	0.900199600798	0.867265469062	0.918163672655	0.751497005988	0.87624750499	0.951097804391	0.937125748503	0.691616766467	0.715568862275	0.667664670659	0.605788423154	0.59880239521	0.52994011976	0.541916167665	0.496007984032	0.487025948104	0.76746506986	0.679640718563	0.645708582834	0.668662674651	0.702594810379
CB7	0.675648702595	0.659680638723	0.0	0.52994011976	0.685628742515	0.674650698603	0.656686626747	0.681636726547	0.686626746507	0.688622754491	0.666666666667	0.673652694611	0.518962075848	0.447105788423	0.659680638723	0.677644710579	0.86626746507	0.847305389222	0.885229540918	0.853293413174	0.761477045908	0.734530938124	0.788423153693	0.789421157685	0.698602794411	0.73253493014	0.791417165669	0.771457085828	0.731536926148	0.795409181637	0.804391217565	0.814371257485	0.749500998004	0.740518962076	0.689620758483	0.729540918164	0.680638722555	0.735528942116	0.745508982036	0.745508982036	0.744510978044	0.744510978044	0.662674650699	0.738522954092	0.695608782435	0.74750499002	0.743512974052	0.788423153693	0.72754491018	0.782435129741	0.779441117764	0.719560878244	0.77245508982	0.702594810379	0.743512974052	0.680638722555	0.652694610778	0.717564870259	0.721556886228	0.790419161677	0.771457085828	0.759481037924	0.783433133733	0.899201596806	0.810379241517	0.88622754491	0.760479041916	0.812375249501	0.877245508982	0.778443113772	0.898203592814	0.820359281437	0.910179640719	0.755489021956	0.87125748503	0.832335329341	0.90119760479	0.879241516966	0.808383233533	0.86626746507	0.710578842315	0.689620758483	0.724550898204	0.738522954092	0.72754491018	0.715568862275	0.902195608782	0.874251497006	0.845309381238	0.86626746507	0.899201596806
CB8	0.548902195609	0.521956087824	0.52994011976	0.0	0.63373253493	0.602794411178	0.513972055888	0.599800399202	0.601796407186	0.551896207585	0.619760479042	0.624750499002	0.40618762475	0.450099800399	0.51497005988	0.543912175649	0.872255489022	0.847305389222	0.887225548902	0.858283433134	0.660678642715	0.689620758483	0.838323353293	0.827345309381	0.74750499002	0.780439121756	0.786427145709	0.771457085828	0.712574850299	0.782435129741	0.826347305389	0.800399201597	0.632734530938	0.629740518962	0.622754491018	0.664670658683	0.605788423154	0.662674650699	0.681636726547	0.677644710579	0.663672654691	0.677644710579	0.585828343313	0.661676646707	0.631736526946	0.64371257485	0.645708582834	0.717564870259	0.663672654691	0.703592814371	0.695608782435	0.641716566866	0.698602794411	0.626746506986	0.688622754491	0.60379241517	0.558882235529	0.637724550898	0.647704590818	0.703592814371	0.700598802395	0.697604790419	0.701596806387	0.903193612774	0.892215568862	0.88622754491	0.719560878244	0.88123752495	0.869261477046	0.712574850299	0.893213572854	0.848303393214	0.905189620758	0.715568862275	0.87125748503	0.912175648703	0.90618762475	0.774451097804	0.736526946108	0.753493013972	0.651696606786	0.614770459082	0.614770459082	0.617764471058	0.591816367265	0.577844311377	0.795409181637	0.761477045908	0.726546906188	0.756487025948	0.786427145709
CC7	0.725548902196	0.676646706587	0.685628742515	0.63373253493	0.0	0.532934131737	0.679640718563	0.77245508982	0.776447105788	0.716566866267	0.512974051896	0.439121756487	0.63872255489	0.667664670659	0.665668662675	0.72754491018	0.817365269461	0.800399201597	0.892215568862	0.86626746507	0.720558882236	0.707584830339	0.630738522954	0.64371257485	0.596806387226	0.580838323353	0.718562874251	0.692614770459	0.741516966068	0.794411177645	0.795409181637	0.761477045908	0.793413173653	0.799401197605	0.836327345309	0.839321357285	0.825349301397	0.831337325349	0.845309381238	0.834331337325	0.832335329341	0.839321357285	0.820359281437	0.823353293413	0.839321357285	0.807385229541	0.812375249501	0.724550898204	0.717564870259	0.729540918164	0.717564870259	0.711576846307	0.712574850299	0.717564870259	0.710578842315	0.716566866267	0.718562874251	0.713572854291	0.720558882236	0.720558882236	0.707584830339	0.724550898204	0.729540918164	0.939121756487	0.942115768463	0.914171656687	0.789421157685	0.933133732535	0.911177644711	0.778443113772	0.929141716567	0.854291417166	0.946107784431	0.778443113772	0.900199600798	0.976047904192	0.950099800399	0.788423153693	0.743512974052	0.77744510978	0.838323353293	0.800399201597	0.755489021956	0.753493013972	0.748502994012	0.75249500998	0.823353293413	0.77245508982	0.758483033932	0.769461077844	0.807385229541
CC8	0.642714570858	0.580838323353	0.674650698603	0.602794411178	0.532934131737	0.0	0.62375249501	0.73253493014	0.724550898204	0.644710578842	0.460079840319	0.468063872255	0.602794411178	0.636726546906	0.576846307385	0.640718562874	0.826347305389	0.805389221557	0.893213572854	0.863273453094	0.696606786427	0.675648702595	0.745508982036	0.75249500998	0.659680638723	0.693612774451	0.735528942116	0.712574850299	0.749500998004	0.801397205589	0.808383233533	0.778443113772	0.749500998004	0.750499001996	0.796407185629	0.793413173653	0.786427145709	0.789421157685	0.801397205589	0.789421157685	0.790419161677	0.800399201597	0.776447105788	0.783433133733	0.793413173653	0.764471057884	0.770459081836	0.726546906188	0.706586826347	0.678642714571	0.686626746507	0.64870259481	0.657684630739	0.663672654691	0.678642714571	0.674650698603	0.649700598802	0.640718562874	0.673652694611	0.671656686627	0.660678642715	0.719560878244	0.696606786427	0.925149700599	0.927145708583	0.900199600798	0.719560878244	0.919161676647	0.895209580838	0.706586826347	0.916167664671	0.86127744511	0.929141716567	0.754491017964	0.888223552894	0.954091816367	0.937125748503	0.705588822355	0.731536926148	0.706586826347	0.787425149701	0.755489021956	0.649700598802	0.64870259481	0.658682634731	0.64371257485	0.802395209581	0.700598802395	0.693612774451	0.704590818363	0.755489021956
CD7	0.388223552894	0.378243512974	0.656686626747	0.513972055888	0.679640718563	0.62375249501	0.0	0.428143712575	0.417165668663	0.331337325349	0.63373253493	0.656686626747	0.545908183633	0.583832335329	0.388223552894	0.393213572854	0.893213572854	0.875249500998	0.924151696607	0.900199600798	0.707584830339	0.7375249501	0.887225548902	0.877245508982	0.791417165669	0.825349301397	0.811377245509	0.786427145709	0.790419161677	0.837325349301	0.841317365269	0.825349301397	0.5249500998	0.486027944112	0.585828343313	0.5249500998	0.59880239521	0.581836327345	0.596806387226	0.581836327345	0.606786427146	0.575848303393	0.637724550898	0.521956087824	0.567864271457	0.542914171657	0.544910179641	0.688622754491	0.668662674651	0.657684630739	0.64371257485	0.583832335329	0.642714570858	0.585828343313	0.668662674651	0.584830339321	0.516966067864	0.588822355289	0.615768463074	0.657684630739	0.635728542914	0.672654690619	0.669660678643	0.939121756487	0.941117764471	0.903193612774	0.753493013972	0.931137724551	0.905189620758	0.75249500998	0.918163672655	0.873253493014	0.928143712575	0.773453093812	0.893213572854	0.965069860279	0.946107784431	0.743512974052	0.718562874251	0.682634730539	0.580838323353	0.573852295409	0.553892215569	0.557884231537	0.505988023952	0.508982035928	0.7375249501	0.720558882236	0.677644710579	0.683632734531	0.72255489022
CD8	0.415169660679	0.468063872255	0.681636726547	0.599800399202	0.77245508982	0.73253493014	0.428143712575	0.0	0.345309381238	0.440119760479	0.74251497006	0.771457085828	0.609780439122	0.617764471058	0.477045908184	0.387225548902	0.923153692615	0.912175648703	0.934131736527	0.918163672655	0.753493013972	0.780439121756	0.948103792415	0.939121756487	0.832335329341	0.88123752495	0.853293413174	0.835329341317	0.811377245509	0.860279441118	0.862275449102	0.858283433134	0.553892215569	0.513972055888	0.569860279441	0.466067864271	0.592814371257	0.573852295409	0.590818363273	0.574850299401	0.606786427146	0.562874251497	0.640718562874	0.525948103792	0.551896207585	0.563872255489	0.566866267465	0.74251497006	0.730538922156	0.741516966068	0.729540918164	0.661676646707	0.714570858283	0.64371257485	0.691616766467	0.624750499002	0.564870259481	0.662674650699	0.672654690619	0.736526946108	0.708582834331	0.726546906188	0.744510978044	0.921157684631	0.927145708583	0.864271457086	0.791417165669	0.919161676647	0.885229540918	0.790419161677	0.893213572854	0.854291417166	0.909181636727	0.788423153693	0.85129740519	0.940119760479	0.932135728543	0.803393213573	0.765469061876	0.766467065868	0.588822355289	0.573852295409	0.629740518962	0.634730538922	0.599800399202	0.591816367265	0.822355289421	0.779441117764	0.759481037924	0.763473053892	0.811377245509
CE7	0.412175648703	0.468063872255	0.686626746507	0.601796407186	0.776447105788	0.724550898204	0.417165668663	0.345309381238	0.0	0.423153692615	0.751497005988	0.768463073852	0.611776447106	0.622754491018	0.473053892216	0.414171656687	0.937125748503	0.919161676647	0.934131736527	0.919161676647	0.7375249501	0.764471057884	0.955089820359	0.944111776447	0.829341317365	0.887225548902	0.855289421158	0.825349301397	0.811377245509	0.86127744511	0.859281437126	0.858283433134	0.545908183633	0.506986027944	0.554890219561	0.457085828343	0.582834331337	0.567864271457	0.587824351297	0.569860279441	0.604790419162	0.556886227545	0.627744510978	0.523952095808	0.540918163673	0.557884231537	0.559880239521	0.728542914172	0.72754491018	0.733532934132	0.72255489022	0.652694610778	0.703592814371	0.632734530938	0.698602794411	0.612774451098	0.565868263473	0.654690618762	0.65369261477	0.724550898204	0.701596806387	0.712574850299	0.74251497006	0.909181636727	0.908183632735	0.86127744511	0.786427145709	0.905189620758	0.873253493014	0.781437125749	0.888223552894	0.841317365269	0.90119760479	0.786427145709	0.853293413174	0.924151696607	0.909181636727	0.790419161677	0.7624750499	0.749500998004	0.566866267465	0.564870259481	0.610778443114	0.62874251497	0.580838323353	0.567864271457	0.814371257485	0.77245508982	0.748502994012	0.746506986028	0.799401197605
CE8	0.404191616766	0.388223552894	0.688622754491	0.551896207585	0.716566866267	0.644710578842	0.331337325349	0.440119760479	0.423153692615	0.0	0.661676646707	0.678642714571	0.578842315369	0.62375249501	0.407185628743	0.407185628743	0.916167664671	0.89121756487	0.941117764471	0.921157684631	0.721556886228	0.756487025948	0.926147704591	0.920159680639	0.812375249501	0.86127744511	0.84630738523	0.819361277445	0.811377245509	0.850299401198	0.868263473054	0.849301397206	0.528942115768	0.496007984032	0.586826347305	0.530938123752	0.599800399202	0.585828343313	0.59880239521	0.583832335329	0.614770459082	0.575848303393	0.637724550898	0.525948103792	0.571856287425	0.544910179641	0.554890219561	0.702594810379	0.686626746507	0.675648702595	0.669660678643	0.606786427146	0.65369261477	0.588822355289	0.665668662675	0.578842315369	0.510978043912	0.600798403194	0.62375249501	0.678642714571	0.654690618762	0.694610778443	0.688622754491	0.946107784431	0.942115768463	0.89620758483	0.74750499002	0.931137724551	0.900199600798	0.749500998004	0.914171656687	0.878243512974	0.930139720559	0.778443113772	0.889221556886	0.953093812375	0.951097804391	0.736526946108	0.725548902196	0.696606786427	0.607784431138	0.59880239521	0.551896207585	0.570858283433	0.52994011976	0.51497005988	0.755489021956	0.708582834331	0.679640718563	0.691616766467	0.72754491018
CF7	0.659680638723	0.609780439122	0.666666666667	0.619760479042	0.512974051896	0.460079840319	0.63373253493	0.74251497006	0.751497005988	0.661676646707	0.0	0.453093812375	0.62375249501	0.637724550898	0.597804391218	0.659680638723	0.824351297405	0.804391217565	0.893213572854	0.868263473054	0.700598802395	0.682634730539	0.728542914172	0.726546906188	0.636726546906	0.667664670659	0.720558882236	0.695608782435	0.749500998004	0.801397205589	0.790419161677	0.760479041916	0.761477045908	0.761477045908	0.804391217565	0.801397205589	0.794411177645	0.796407185629	0.808383233533	0.794411177645	0.801397205589	0.809381237525	0.782435129741	0.788423153693	0.804391217565	0.775449101796	0.779441117764	0.720558882236	0.702594810379	0.680638722555	0.673652694611	0.659680638723	0.64870259481	0.677644710579	0.678642714571	0.674650698603	0.662674650699	0.642714570858	0.671656686627	0.664670658683	0.658682634731	0.702594810379	0.688622754491	0.927145708583	0.926147704591	0.89121756487	0.728542914172	0.916167664671	0.899201596806	0.715568862275	0.913173652695	0.841317365269	0.922155688623	0.760479041916	0.878243512974	0.955089820359	0.934131736527	0.716566866267	0.717564870259	0.710578842315	0.800399201597	0.765469061876	0.673652694611	0.668662674651	0.685628742515	0.670658682635	0.804391217565	0.714570858283	0.702594810379	0.721556886228	0.756487025948
CF8	0.672654690619	0.624750499002	0.673652694611	0.624750499002	0.439121756487	0.468063872255	0.656686626747	0.771457085828	0.768463073852	0.678642714571	0.453093812375	0.0	0.630738522954	0.657684630739	0.611776447106	0.673652694611	0.825349301397	0.800399201597	0.889221556886	0.86626746507	0.704590818363	0.695608782435	0.667664670659	0.668662674651	0.59381237525	0.612774451098	0.716566866267	0.685628742515	0.736526946108	0.794411177645	0.791417165669	0.759481037924	0.786427145709	0.789421157685	0.828343313373	0.830339321357	0.813373253493	0.819361277445	0.836327345309	0.822355289421	0.822355289421	0.833333333333	0.808383233533	0.815369261477	0.828343313373	0.800399201597	0.801397205589	0.718562874251	0.695608782435	0.674650698603	0.675648702595	0.685628742515	0.655688622754	0.696606786427	0.706586826347	0.699600798403	0.679640718563	0.658682634731	0.701596806387	0.669660678643	0.663672654691	0.715568862275	0.686626746507	0.929141716567	0.931137724551	0.89620758483	0.731536926148	0.924151696607	0.903193612774	0.718562874251	0.916167664671	0.84630738523	0.931137724551	0.770459081836	0.887225548902	0.964071856287	0.936127744511	0.72255489022	0.726546906188	0.710578842315	0.831337325349	0.788423153693	0.690618762475	0.698602794411	0.699600798403	0.690618762475	0.801397205589	0.716566866267	0.703592814371	0.714570858283	0.756487025948
CG7	0.571856287425	0.541916167665	0.518962075848	0.40618762475	0.63872255489	0.602794411178	0.545908183633	0.609780439122	0.611776447106	0.578842315369	0.62375249501	0.630738522954	0.0	0.452095808383	0.545908183633	0.576846307385	0.862275449102	0.831337325349	0.882235528942	0.857285429142	0.661676646707	0.673652694611	0.829341317365	0.816367265469	0.7375249501	0.77245508982	0.780439121756	0.754491017964	0.707584830339	0.769461077844	0.830339321357	0.799401197605	0.657684630739	0.647704590818	0.62874251497	0.672654690619	0.624750499002	0.674650698603	0.689620758483	0.686626746507	0.672654690619	0.687624750499	0.610778443114	0.670658682635	0.639720558882	0.657684630739	0.654690618762	0.730538922156	0.691616766467	0.717564870259	0.707584830339	0.660678642715	0.716566866267	0.642714570858	0.692614770459	0.62375249501	0.588822355289	0.656686626747	0.660678642715	0.72255489022	0.724550898204	0.701596806387	0.718562874251	0.90119760479	0.89620758483	0.887225548902	0.74251497006	0.887225548902	0.864271457086	0.738522954092	0.893213572854	0.849301397206	0.903193612774	0.739520958084	0.868263473054	0.919161676647	0.899201596806	0.782435129741	0.758483033932	0.764471057884	0.665668662675	0.635728542914	0.625748502994	0.63373253493	0.614770459082	0.604790419162	0.814371257485	0.771457085828	0.74750499002	0.774451097804	0.811377245509
CG8	0.61377245509	0.585828343313	0.447105788423	0.450099800399	0.667664670659	0.636726546906	0.583832335329	0.617764471058	0.622754491018	0.62375249501	0.637724550898	0.657684630739	0.452095808383	0.0	0.591816367265	0.611776447106	0.850299401198	0.825349301397	0.883233532934	0.852295409182	0.712574850299	0.699600798403	0.805389221557	0.796407185629	0.714570858283	0.74750499002	0.768463073852	0.748502994012	0.709580838323	0.769461077844	0.817365269461	0.796407185629	0.692614770459	0.682634730539	0.639720558882	0.682634730539	0.632734530938	0.682634730539	0.692614770459	0.695608782435	0.686626746507	0.692614770459	0.60878243513	0.690618762475	0.64870259481	0.691616766467	0.689620758483	0.77744510978	0.717564870259	0.768463073852	0.760479041916	0.703592814371	0.760479041916	0.684630738523	0.734530938124	0.667664670659	0.620758483034	0.696606786427	0.705588822355	0.769461077844	0.7624750499	0.750499001996	0.7624750499	0.898203592814	0.831337325349	0.88123752495	0.735528942116	0.826347305389	0.863273453094	0.751497005988	0.89121756487	0.838323353293	0.908183632735	0.731536926148	0.86626746507	0.858283433134	0.899201596806	0.836327345309	0.803393213573	0.823353293413	0.656686626747	0.625748502994	0.691616766467	0.694610778443	0.666666666667	0.64870259481	0.869261477046	0.829341317365	0.802395209581	0.822355289421	0.864271457086
CH7	0.405189620758	0.302395209581	0.659680638723	0.51497005988	0.665668662675	0.576846307385	0.388223552894	0.477045908184	0.473053892216	0.407185628743	0.597804391218	0.611776447106	0.545908183633	0.591816367265	0.0	0.39620758483	0.87624750499	0.864271457086	0.915169660679	0.897205588822	0.696606786427	0.713572854291	0.883233532934	0.873253493014	0.769461077844	0.816367265469	0.800399201597	0.765469061876	0.776447105788	0.828343313373	0.832335329341	0.814371257485	0.513972055888	0.503992015968	0.583832335329	0.546906187625	0.590818363273	0.572854291417	0.590818363273	0.566866267465	0.59880239521	0.563872255489	0.626746506986	0.526946107784	0.563872255489	0.532934131737	0.541916167665	0.721556886228	0.705588822355	0.669660678643	0.667664670659	0.636726546906	0.644710578842	0.619760479042	0.679640718563	0.591816367265	0.533932135729	0.607784431138	0.650698602794	0.656686626747	0.658682634731	0.713572854291	0.685628742515	0.924151696607	0.929141716567	0.875249500998	0.694610778443	0.922155688623	0.887225548902	0.689620758483	0.900199600798	0.855289421158	0.912175648703	0.751497005988	0.867265469062	0.944111776447	0.928143712575	0.687624750499	0.734530938124	0.678642714571	0.612774451098	0.612774451098	0.548902195609	0.563872255489	0.511976047904	0.501996007984	0.785429141717	0.670658682635	0.666666666667	0.684630738523	0.723552894212
CH8	0.311377245509	0.393213572854	0.677644710579	0.543912175649	0.72754491018	0.640718562874	0.393213572854	0.387225548902	0.414171656687	0.407185628743	0.659680638723	0.673652694611	0.576846307385	0.611776447106	0.39620758483	0.0	0.923153692615	0.915169660679	0.930139720559	0.910179640719	0.725548902196	0.763473053892	0.939121756487	0.931137724551	0.827345309381	0.872255489022	0.84630738523	0.825349301397	0.814371257485	0.859281437126	0.862275449102	0.852295409182	0.523952095808	0.487025948104	0.576846307385	0.478043912176	0.589820359281	0.585828343313	0.600798403194	0.580838323353	0.611776447106	0.576846307385	0.620758483034	0.5249500998	0.560878243513	0.544910179641	0.552894211577	0.729540918164	0.706586826347	0.681636726547	0.675648702595	0.632734530938	0.669660678643	0.639720558882	0.695608782435	0.60878243513	0.543912175649	0.612774451098	0.647704590818	0.678642714571	0.664670658683	0.724550898204	0.700598802395	0.935129740519	0.942115768463	0.893213572854	0.729540918164	0.934131736527	0.899201596806	0.72754491018	0.918163672655	0.87624750499	0.928143712575	0.773453093812	0.884231536926	0.958083832335	0.940119760479	0.733532934132	0.733532934132	0.710578842315	0.627744510978	0.617764471058	0.588822355289	0.60379241517	0.553892215569	0.544910179641	0.77245508982	0.731536926148	0.702594810379	0.709580838323	0.746506986028
CA1	0.934131736527	0.879241516966	0.86626746507	0.872255489022	0.817365269461	0.826347305389	0.893213572854	0.923153692615	0.937125748503	0.916167664671	0.824351297405	0.825349301397	0.862275449102	0.850299401198	0.87624750499	0.923153692615	0.0	0.363273453094	0.48502994012	0.483033932136	0.853293413174	0.714570858283	0.76746506986	0.782435129741	0.726546906188	0.74251497006	0.468063872255	0.554890219561	0.487025948104	0.453093812375	0.476047904192	0.404191616766	0.973053892216	0.97005988024	0.972055888224	0.968063872255	0.973053892216	0.97005988024	0.973053892216	0.972055888224	0.969061876248	0.969061876248	0.973053892216	0.968063872255	0.972055888224	0.972055888224	0.971057884232	0.932135728543	0.942115768463	0.933133732535	0.945109780439	0.938123752495	0.934131736527	0.924151696607	0.911177644711	0.919161676647	0.922155688623	0.935129740519	0.938123752495	0.935129740519	0.937125748503	0.936127744511	0.938123752495	0.950099800399	0.938123752495	0.944111776447	0.948103792415	0.940119760479	0.944111776447	0.940119760479	0.934131736527	0.919161676647	0.923153692615	0.939121756487	0.936127744511	0.967065868263	0.956087824351	0.928143712575	0.934131736527	0.939121756487	0.948103792415	0.939121756487	0.940119760479	0.929141716567	0.937125748503	0.933133732535	0.955089820359	0.927145708583	0.930139720559	0.925149700599	0.927145708583
CA2	0.922155688623	0.86127744511	0.847305389222	0.847305389222	0.800399201597	0.805389221557	0.875249500998	0.912175648703	0.919161676647	0.89121756487	0.804391217565	0.800399201597	0.831337325349	0.825349301397	0.864271457086	0.915169660679	0.363273453094	0.0	0.515968063872	0.498003992016	0.849301397206	0.702594810379	0.735528942116	0.755489021956	0.700598802395	0.723552894212	0.433133732535	0.513972055888	0.464071856287	0.459081836327	0.478043912176	0.402195608782	0.960079840319	0.954091816367	0.958083832335	0.956087824351	0.959081836327	0.956087824351	0.958083832335	0.962075848303	0.958083832335	0.956087824351	0.961077844311	0.954091816367	0.957085828343	0.956087824351	0.961077844311	0.921157684631	0.923153692615	0.919161676647	0.929141716567	0.923153692615	0.909181636727	0.910179640719	0.90618762475	0.915169660679	0.920159680639	0.920159680639	0.926147704591	0.919161676647	0.919161676647	0.919161676647	0.920159680639	0.939121756487	0.933133732535	0.941117764471	0.930139720559	0.930139720559	0.937125748503	0.929141716567	0.925149700599	0.912175648703	0.923153692615	0.926147704591	0.937125748503	0.964071856287	0.953093812375	0.922155688623	0.923153692615	0.928143712575	0.948103792415	0.929141716567	0.932135728543	0.918163672655	0.926147704591	0.929141716567	0.948103792415	0.916167664671	0.921157684631	0.926147704591	0.936127744511
CB1	0.926147704591	0.927145708583	0.885229540918	0.887225548902	0.892215568862	0.893213572854	0.924151696607	0.934131736527	0.934131736527	0.941117764471	0.893213572854	0.889221556886	0.882235528942	0.883233532934	0.915169660679	0.930139720559	0.48502994012	0.515968063872	0.0	0.284431137725	0.895209580838	0.756487025948	0.831337325349	0.836327345309	0.791417165669	0.818363273453	0.52994011976	0.609780439122	0.507984031936	0.419161676647	0.446107784431	0.467065868263	0.974051896208	0.964071856287	0.944111776447	0.959081836327	0.945109780439	0.960079840319	0.973053892216	0.973053892216	0.973053892216	0.972055888224	0.943113772455	0.966067864271	0.944111776447	0.971057884232	0.971057884232	0.933133732535	0.931137724551	0.931137724551	0.934131736527	0.935129740519	0.934131736527	0.942115768463	0.946107784431	0.939121756487	0.929141716567	0.935129740519	0.936127744511	0.939121756487	0.942115768463	0.935129740519	0.933133732535	0.926147704591	0.928143712575	0.942115768463	0.930139720559	0.923153692615	0.943113772455	0.930139720559	0.944111776447	0.917165668663	0.946107784431	0.931137724551	0.945109780439	0.958083832335	0.927145708583	0.974051896208	0.936127744511	0.971057884232	0.931137724551	0.934131736527	0.961077844311	0.958083832335	0.958083832335	0.953093812375	0.97005988024	0.973053892216	0.966067864271	0.973053892216	0.976047904192
CB2	0.913173652695	0.903193612774	0.853293413174	0.858283433134	0.86626746507	0.863273453094	0.900199600798	0.918163672655	0.919161676647	0.921157684631	0.868263473054	0.86626746507	0.857285429142	0.852295409182	0.897205588822	0.910179640719	0.483033932136	0.498003992016	0.284431137725	0.0	0.868263473054	0.736526946108	0.829341317365	0.832335329341	0.775449101796	0.803393213573	0.500998003992	0.578842315369	0.474051896208	0.382235528942	0.419161676647	0.432135728543	0.960079840319	0.950099800399	0.929141716567	0.944111776447	0.931137724551	0.948103792415	0.959081836327	0.960079840319	0.957085828343	0.957085828343	0.930139720559	0.952095808383	0.930139720559	0.958083832335	0.959081836327	0.912175648703	0.90618762475	0.907185628743	0.910179640719	0.912175648703	0.915169660679	0.922155688623	0.923153692615	0.916167664671	0.90618762475	0.910179640719	0.912175648703	0.918163672655	0.922155688623	0.909181636727	0.904191616766	0.925149700599	0.934131736527	0.939121756487	0.921157684631	0.926147704591	0.932135728543	0.914171656687	0.934131736527	0.905189620758	0.932135728543	0.918163672655	0.940119760479	0.962075848303	0.933133732535	0.957085828343	0.914171656687	0.956087824351	0.923153692615	0.917165668663	0.944111776447	0.942115768463	0.945109780439	0.939121756487	0.954091816367	0.954091816367	0.950099800399	0.955089820359	0.957085828343
CC1	0.726546906188	0.705588822355	0.761477045908	0.660678642715	0.720558882236	0.696606786427	0.707584830339	0.753493013972	0.7375249501	0.721556886228	0.700598802395	0.704590818363	0.661676646707	0.712574850299	0.696606786427	0.725548902196	0.853293413174	0.849301397206	0.895209580838	0.868263473054	0.0	0.482035928144	0.89121756487	0.882235528942	0.764471057884	0.816367265469	0.774451097804	0.745508982036	0.7624750499	0.796407185629	0.816367265469	0.808383233533	0.766467065868	0.755489021956	0.758483033932	0.792415169661	0.756487025948	0.789421157685	0.812375249501	0.804391217565	0.798403193613	0.813373253493	0.7375249501	0.791417165669	0.7624750499	0.776447105788	0.778443113772	0.690618762475	0.688622754491	0.707584830339	0.706586826347	0.704590818363	0.683632734531	0.676646706587	0.667664670659	0.662674650699	0.701596806387	0.696606786427	0.697604790419	0.708582834331	0.713572854291	0.676646706587	0.703592814371	0.855289421158	0.838323353293	0.77245508982	0.693612774451	0.824351297405	0.830339321357	0.674650698603	0.817365269461	0.735528942116	0.817365269461	0.668662674651	0.751497005988	0.86127744511	0.868263473054	0.686626746507	0.713572854291	0.728542914172	0.759481037924	0.72255489022	0.718562874251	0.702594810379	0.733532934132	0.718562874251	0.814371257485	0.683632734531	0.705588822355	0.72255489022	0.778443113772
CC2	0.7624750499	0.724550898204	0.734530938124	0.689620758483	0.707584830339	0.675648702595	0.7375249501	0.780439121756	0.764471057884	0.756487025948	0.682634730539	0.695608782435	0.673652694611	0.699600798403	0.713572854291	0.763473053892	0.714570858283	0.702594810379	0.756487025948	0.736526946108	0.482035928144	0.0	0.796407185629	0.794411177645	0.666666666667	0.716566866267	0.592814371257	0.553892215569	0.63373253493	0.657684630739	0.668662674651	0.644710578842	0.823353293413	0.810379241517	0.796407185629	0.832335329341	0.790419161677	0.828343313373	0.850299401198	0.847305389222	0.838323353293	0.845309381238	0.779441117764	0.832335329341	0.798403193613	0.817365269461	0.818363273453	0.720558882236	0.720558882236	0.733532934132	0.74251497006	0.744510978044	0.726546906188	0.73253493014	0.726546906188	0.717564870259	0.736526946108	0.743512974052	0.7375249501	0.718562874251	0.744510978044	0.711576846307	0.723552894212	0.862275449102	0.848303393214	0.823353293413	0.728542914172	0.833333333333	0.838323353293	0.713572854291	0.836327345309	0.769461077844	0.840319361277	0.717564870259	0.805389221557	0.883233532934	0.875249500998	0.723552894212	0.724550898204	0.750499001996	0.812375249501	0.773453093812	0.764471057884	0.75748502994	0.773453093812	0.751497005988	0.841317365269	0.74251497006	0.773453093812	0.75748502994	0.802395209581
CD1	0.940119760479	0.88622754491	0.788423153693	0.838323353293	0.630738522954	0.745508982036	0.887225548902	0.948103792415	0.955089820359	0.926147704591	0.728542914172	0.667664670659	0.829341317365	0.805389221557	0.883233532934	0.939121756487	0.76746506986	0.735528942116	0.831337325349	0.829341317365	0.89121756487	0.796407185629	0.0	0.404191616766	0.563872255489	0.478043912176	0.730538922156	0.716566866267	0.788423153693	0.794411177645	0.809381237525	0.76746506986	0.982035928144	0.982035928144	0.982035928144	0.983033932136	0.982035928144	0.981037924152	0.983033932136	0.982035928144	0.982035928144	0.982035928144	0.983033932136	0.978043912176	0.981037924152	0.982035928144	0.984031936128	0.942115768463	0.939121756487	0.940119760479	0.946107784431	0.939121756487	0.938123752495	0.937125748503	0.937125748503	0.942115768463	0.936127744511	0.936127744511	0.938123752495	0.943113772455	0.938123752495	0.941117764471	0.940119760479	0.962075848303	0.961077844311	0.974051896208	0.969061876248	0.961077844311	0.98003992016	0.964071856287	0.977045908184	0.940119760479	0.979041916168	0.967065868263	0.9750499002	0.989021956088	0.965069860279	0.979041916168	0.941117764471	0.977045908184	0.955089820359	0.958083832335	0.977045908184	0.973053892216	0.9750499002	0.968063872255	0.98003992016	0.978043912176	0.978043912176	0.977045908184	0.978043912176
CD2	0.930139720559	0.879241516966	0.789421157685	0.827345309381	0.64371257485	0.75249500998	0.877245508982	0.939121756487	0.944111776447	0.920159680639	0.726546906188	0.668662674651	0.816367265469	0.796407185629	0.873253493014	0.931137724551	0.782435129741	0.755489021956	0.836327345309	0.832335329341	0.882235528942	0.794411177645	0.404191616766	0.0	0.574850299401	0.492015968064	0.726546906188	0.725548902196	0.782435129741	0.794411177645	0.814371257485	0.77744510978	0.969061876248	0.969061876248	0.969061876248	0.968063872255	0.968063872255	0.967065868263	0.969061876248	0.969061876248	0.969061876248	0.967065868263	0.969061876248	0.965069860279	0.969061876248	0.968063872255	0.969061876248	0.934131736527	0.933133732535	0.933133732535	0.937125748503	0.933133732535	0.932135728543	0.926147704591	0.927145708583	0.929141716567	0.927145708583	0.932135728543	0.935129740519	0.932135728543	0.931137724551	0.932135728543	0.933133732535	0.961077844311	0.965069860279	0.969061876248	0.955089820359	0.960079840319	0.967065868263	0.954091816367	0.974051896208	0.928143712575	0.97005988024	0.954091816367	0.967065868263	0.99500998004	0.966067864271	0.964071856287	0.931137724551	0.963073852295	0.945109780439	0.946107784431	0.964071856287	0.958083832335	0.963073852295	0.959081836327	0.967065868263	0.966067864271	0.966067864271	0.964071856287	0.966067864271
CE1	0.830339321357	0.778443113772	0.698602794411	0.74750499002	0.596806387226	0.659680638723	0.791417165669	0.832335329341	0.829341317365	0.812375249501	0.636726546906	0.59381237525	0.7375249501	0.714570858283	0.769461077844	0.827345309381	0.726546906188	0.700598802395	0.791417165669	0.775449101796	0.764471057884	0.666666666667	0.563872255489	0.574850299401	0.0	0.437125748503	0.65369261477	0.630738522954	0.668662674651	0.708582834331	0.706586826347	0.710578842315	0.892215568862	0.884231536926	0.884231536926	0.887225548902	0.887225548902	0.883233532934	0.88622754491	0.890219560878	0.888223552894	0.88622754491	0.884231536926	0.884231536926	0.885229540918	0.890219560878	0.888223552894	0.782435129741	0.778443113772	0.787425149701	0.797405189621	0.76746506986	0.763473053892	0.782435129741	0.755489021956	0.787425149701	0.788423153693	0.769461077844	0.766467065868	0.784431137725	0.763473053892	0.765469061876	0.802395209581	0.944111776447	0.932135728543	0.897205588822	0.878243512974	0.928143712575	0.941117764471	0.865269461078	0.948103792415	0.823353293413	0.947105788423	0.874251497006	0.88622754491	0.956087824351	0.951097804391	0.88622754491	0.797405189621	0.87125748503	0.833333333333	0.829341317365	0.850299401198	0.84630738523	0.854291417166	0.849301397206	0.926147704591	0.877245508982	0.855289421158	0.869261477046	0.911177644711
CE2	0.879241516966	0.822355289421	0.73253493014	0.780439121756	0.580838323353	0.693612774451	0.825349301397	0.88123752495	0.887225548902	0.86127744511	0.667664670659	0.612774451098	0.77245508982	0.74750499002	0.816367265469	0.872255489022	0.74251497006	0.723552894212	0.818363273453	0.803393213573	0.816367265469	0.716566866267	0.478043912176	0.492015968064	0.437125748503	0.0	0.683632734531	0.661676646707	0.713572854291	0.739520958084	0.740518962076	0.733532934132	0.934131736527	0.927145708583	0.930139720559	0.929141716567	0.930139720559	0.924151696607	0.931137724551	0.932135728543	0.930139720559	0.928143712575	0.930139720559	0.924151696607	0.928143712575	0.932135728543	0.931137724551	0.833333333333	0.836327345309	0.834331337325	0.848303393214	0.830339321357	0.831337325349	0.835329341317	0.826347305389	0.843313373253	0.837325349301	0.831337325349	0.832335329341	0.836327345309	0.831337325349	0.829341317365	0.838323353293	0.954091816367	0.940119760479	0.916167664671	0.898203592814	0.941117764471	0.950099800399	0.89121756487	0.960079840319	0.854291417166	0.960079840319	0.89121756487	0.909181636727	0.972055888224	0.959081836327	0.910179640719	0.830339321357	0.907185628743	0.885229540918	0.88622754491	0.904191616766	0.90119760479	0.900199600798	0.89620758483	0.934131736527	0.908183632735	0.907185628743	0.905189620758	0.927145708583
CF1	0.854291417166	0.800399201597	0.791417165669	0.786427145709	0.718562874251	0.735528942116	0.811377245509	0.853293413174	0.855289421158	0.84630738523	0.720558882236	0.716566866267	0.780439121756	0.768463073852	0.800399201597	0.84630738523	0.468063872255	0.433133732535	0.52994011976	0.500998003992	0.774451097804	0.592814371257	0.730538922156	0.726546906188	0.65369261477	0.683632734531	0.0	0.352295409182	0.458083832335	0.455089820359	0.424151696607	0.393213572854	0.90618762475	0.89620758483	0.90119760479	0.90119760479	0.902195608782	0.893213572854	0.912175648703	0.90618762475	0.900199600798	0.908183632735	0.900199600798	0.898203592814	0.900199600798	0.90119760479	0.902195608782	0.818363273453	0.817365269461	0.813373253493	0.818363273453	0.814371257485	0.810379241517	0.809381237525	0.798403193613	0.804391217565	0.817365269461	0.818363273453	0.817365269461	0.814371257485	0.814371257485	0.815369261477	0.819361277445	0.922155688623	0.919161676647	0.924151696607	0.863273453094	0.910179640719	0.89620758483	0.858283433134	0.885229540918	0.842315369261	0.905189620758	0.857285429142	0.918163672655	0.956087824351	0.933133732535	0.853293413174	0.820359281437	0.86127744511	0.900199600798	0.872255489022	0.869261477046	0.857285429142	0.858283433134	0.86127744511	0.884231536926	0.860279441118	0.855289421158	0.86127744511	0.864271457086
CF2	0.828343313373	0.782435129741	0.771457085828	0.771457085828	0.692614770459	0.712574850299	0.786427145709	0.835329341317	0.825349301397	0.819361277445	0.695608782435	0.685628742515	0.754491017964	0.748502994012	0.765469061876	0.825349301397	0.554890219561	0.513972055888	0.609780439122	0.578842315369	0.745508982036	0.553892215569	0.716566866267	0.725548902196	0.630738522954	0.661676646707	0.352295409182	0.0	0.527944111776	0.523952095808	0.49001996008	0.463073852295	0.885229540918	0.879241516966	0.887225548902	0.887225548902	0.883233532934	0.879241516966	0.89620758483	0.89121756487	0.884231536926	0.893213572854	0.88123752495	0.879241516966	0.883233532934	0.878243512974	0.88622754491	0.797405189621	0.793413173653	0.790419161677	0.797405189621	0.783433133733	0.77245508982	0.788423153693	0.781437125749	0.781437125749	0.797405189621	0.792415169661	0.789421157685	0.783433133733	0.782435129741	0.790419161677	0.795409181637	0.913173652695	0.914171656687	0.90618762475	0.838323353293	0.902195608782	0.893213572854	0.831337325349	0.895209580838	0.818363273453	0.905189620758	0.836327345309	0.909181636727	0.947105788423	0.923153692615	0.829341317365	0.792415169661	0.839321357285	0.88622754491	0.849301397206	0.836327345309	0.835329341317	0.841317365269	0.834331337325	0.874251497006	0.833333333333	0.839321357285	0.836327345309	0.853293413174
CG1	0.816367265469	0.771457085828	0.731536926148	0.712574850299	0.741516966068	0.749500998004	0.790419161677	0.811377245509	0.811377245509	0.811377245509	0.749500998004	0.736526946108	0.707584830339	0.709580838323	0.776447105788	0.814371257485	0.487025948104	0.464071856287	0.507984031936	0.474051896208	0.7624750499	0.63373253493	0.788423153693	0.782435129741	0.668662674651	0.713572854291	0.458083832335	0.527944111776	0.0	0.37125748503	0.459081836327	0.448103792415	0.879241516966	0.873253493014	0.822355289421	0.867265469062	0.813373253493	0.868263473054	0.878243512974	0.879241516966	0.878243512974	0.879241516966	0.808383233533	0.872255489022	0.830339321357	0.875249500998	0.877245508982	0.827345309381	0.788423153693	0.826347305389	0.826347305389	0.831337325349	0.824351297405	0.833333333333	0.833333333333	0.830339321357	0.819361277445	0.825349301397	0.830339321357	0.829341317365	0.834331337325	0.809381237525	0.829341317365	0.90618762475	0.893213572854	0.873253493014	0.810379241517	0.89121756487	0.865269461078	0.804391217565	0.892215568862	0.859281437126	0.900199600798	0.807385229541	0.855289421158	0.903193612774	0.904191616766	0.867265469062	0.84630738523	0.854291417166	0.844311377246	0.831337325349	0.835329341317	0.837325349301	0.842315369261	0.832335329341	0.894211576846	0.855289421158	0.842315369261	0.859281437126	0.892215568862
