	CA7	CA8	CB7	CB8	CC7	CC8	CD7	CD8	CE7	CE8	CF7	CF8	CG7	CG8	CH7	CH8	CA1	CA2	CB1	CB2	CC1	CC2	CD1	CD2	CE1	CE2	CF1	CF2	CG1	CG2	CH1	CH2	CA5	CA6	CB5	CB6	CC5	CC6	CD6	CE5	CE6	CF5	CF6	CG5	CG6	CH5	CH6	CA11	CA12	CB11	CB12	CC11	CC12	CD11	CD12	CE11	CE12	CF11	CF12	CG11	CG12	CH11	CH12	CA3	CA4	CB3	CB4	CC4	CD3	CD4	CE4	CF3	CF4	CG3	CG4	CH3	CH4	CA9	CA10	CB9	CC9	CC10	CD9	CD10	CE9	CE10	CF9	CG9	CG10	CH9	CH10
CA7	0.0	0.36127744511	0.667664670659	0.527944111776	0.686626746507	0.64371257485	0.411177644711	0.425149700599	0.423153692615	0.437125748503	0.665668662675	0.687624750499	0.574850299401	0.634730538922	0.343313373253	0.296407185629	0.907185628743	0.895209580838	0.922155688623	0.904191616766	0.740518962076	0.740518962076	0.926147704591	0.919161676647	0.811377245509	0.869261477046	0.826347305389	0.802395209581	0.824351297405	0.85129740519	0.84630738523	0.869261477046	0.571856287425	0.536926147705	0.572854291417	0.505988023952	0.622754491018	0.589820359281	0.59880239521	0.538922155689	0.629740518962	0.60878243513	0.651696606786	0.536926147705	0.557884231537	0.52994011976	0.560878243513	0.719560878244	0.687624750499	0.684630738523	0.677644710579	0.601796407186	0.666666666667	0.63872255489	0.689620758483	0.609780439122	0.541916167665	0.60878243513	0.641716566866	0.678642714571	0.666666666667	0.717564870259	0.683632734531	0.927145708583	0.938123752495	0.889221556886	0.715568862275	0.927145708583	0.910179640719	0.729540918164	0.910179640719	0.865269461078	0.912175648703	0.76746506986	0.904191616766	0.957085828343	0.924151696607	0.717564870259	0.707584830339	0.695608782435	0.611776447106	0.61876247505	0.572854291417	0.611776447106	0.546906187625	0.540918163673	0.759481037924	0.717564870259	0.694610778443	0.707584830339	0.723552894212
CA8	0.36127744511	0.0	0.650698602794	0.49500998004	0.641716566866	0.592814371257	0.378243512974	0.459081836327	0.450099800399	0.409181636727	0.630738522954	0.646706586826	0.546906187625	0.621756487026	0.321357285429	0.367265469062	0.862275449102	0.857285429142	0.912175648703	0.888223552894	0.72255489022	0.712574850299	0.894211576846	0.88123752495	0.76746506986	0.827345309381	0.795409181637	0.764471057884	0.773453093812	0.834331337325	0.827345309381	0.833333333333	0.562874251497	0.5249500998	0.573852295409	0.537924151697	0.617764471058	0.582834331337	0.585828343313	0.535928143713	0.620758483034	0.605788423154	0.645708582834	0.532934131737	0.554890219561	0.525948103792	0.551896207585	0.711576846307	0.671656686627	0.667664670659	0.657684630739	0.602794411178	0.646706586826	0.602794411178	0.665668662675	0.577844311377	0.517964071856	0.597804391218	0.639720558882	0.664670658683	0.664670658683	0.711576846307	0.678642714571	0.924151696607	0.939121756487	0.879241516966	0.709580838323	0.929141716567	0.890219560878	0.720558882236	0.897205588822	0.864271457086	0.898203592814	0.749500998004	0.885229540918	0.951097804391	0.926147704591	0.697604790419	0.689620758483	0.697604790419	0.616766467066	0.615768463074	0.542914171657	0.575848303393	0.508982035928	0.502994011976	0.761477045908	0.708582834331	0.669660678643	0.702594810379	0.723552894212
CB7	0.667664670659	0.650698602794	0.0	0.564870259481	0.663672654691	0.666666666667	0.649700598802	0.697604790419	0.686626746507	0.676646706587	0.669660678643	0.675648702595	0.51996007984	0.415169660679	0.658682634731	0.676646706587	0.828343313373	0.811377245509	0.878243512974	0.832335329341	0.748502994012	0.73253493014	0.792415169661	0.763473053892	0.676646706587	0.723552894212	0.751497005988	0.745508982036	0.705588822355	0.779441117764	0.801397205589	0.799401197605	0.758483033932	0.75249500998	0.701596806387	0.746506986028	0.686626746507	0.750499001996	0.75748502994	0.751497005988	0.75249500998	0.756487025948	0.669660678643	0.745508982036	0.705588822355	0.754491017964	0.75748502994	0.765469061876	0.746506986028	0.77744510978	0.776447105788	0.704590818363	0.771457085828	0.694610778443	0.7624750499	0.673652694611	0.674650698603	0.733532934132	0.707584830339	0.781437125749	0.791417165669	0.771457085828	0.788423153693	0.87624750499	0.801397205589	0.87624750499	0.773453093812	0.810379241517	0.883233532934	0.779441117764	0.893213572854	0.807385229541	0.878243512974	0.749500998004	0.88123752495	0.827345309381	0.890219560878	0.854291417166	0.792415169661	0.85628742515	0.710578842315	0.698602794411	0.718562874251	0.745508982036	0.728542914172	0.72754491018	0.888223552894	0.865269461078	0.831337325349	0.869261477046	0.890219560878
CB8	0.527944111776	0.49500998004	0.564870259481	0.0	0.625748502994	0.606786427146	0.487025948104	0.59381237525	0.588822355289	0.556886227545	0.611776447106	0.634730538922	0.432135728543	0.515968063872	0.503992015968	0.518962075848	0.852295409182	0.840319361277	0.889221556886	0.844311377246	0.678642714571	0.683632734531	0.857285429142	0.839321357285	0.759481037924	0.795409181637	0.778443113772	0.761477045908	0.73253493014	0.788423153693	0.829341317365	0.820359281437	0.645708582834	0.649700598802	0.637724550898	0.668662674651	0.61876247505	0.660678642715	0.680638722555	0.674650698603	0.687624750499	0.687624750499	0.61876247505	0.665668662675	0.639720558882	0.634730538922	0.641716566866	0.701596806387	0.661676646707	0.686626746507	0.662674650699	0.597804391218	0.682634730539	0.626746506986	0.683632734531	0.595808383234	0.545908183633	0.634730538922	0.639720558882	0.686626746507	0.690618762475	0.700598802395	0.675648702595	0.902195608782	0.90618762475	0.87624750499	0.709580838323	0.902195608782	0.882235528942	0.716566866267	0.89121756487	0.852295409182	0.89121756487	0.728542914172	0.882235528942	0.931137724551	0.90618762475	0.741516966068	0.693612774451	0.74251497006	0.63872255489	0.605788423154	0.59381237525	0.617764471058	0.559880239521	0.567864271457	0.77744510978	0.74750499002	0.703592814371	0.75748502994	0.7624750499
CC7	0.686626746507	0.641716566866	0.663672654691	0.625748502994	0.0	0.476047904192	0.646706586826	0.774451097804	0.773453093812	0.713572854291	0.48003992016	0.431137724551	0.635728542914	0.651696606786	0.646706586826	0.692614770459	0.804391217565	0.77245508982	0.890219560878	0.855289421158	0.715568862275	0.701596806387	0.674650698603	0.647704590818	0.59381237525	0.602794411178	0.694610778443	0.682634730539	0.745508982036	0.802395209581	0.77744510978	0.775449101796	0.813373253493	0.817365269461	0.844311377246	0.845309381238	0.835329341317	0.835329341317	0.84630738523	0.841317365269	0.850299401198	0.847305389222	0.831337325349	0.831337325349	0.844311377246	0.798403193613	0.807385229541	0.717564870259	0.670658682635	0.681636726547	0.674650698603	0.678642714571	0.666666666667	0.698602794411	0.681636726547	0.684630738523	0.702594810379	0.671656686627	0.706586826347	0.674650698603	0.671656686627	0.706586826347	0.682634730539	0.939121756487	0.945109780439	0.909181636727	0.740518962076	0.941117764471	0.913173652695	0.749500998004	0.926147704591	0.839321357285	0.925149700599	0.77245508982	0.913173652695	0.967065868263	0.942115768463	0.733532934132	0.691616766467	0.738522954092	0.840319361277	0.808383233533	0.721556886228	0.724550898204	0.720558882236	0.718562874251	0.793413173653	0.739520958084	0.731536926148	0.748502994012	0.769461077844
CC8	0.64371257485	0.592814371257	0.666666666667	0.606786427146	0.476047904192	0.0	0.615768463074	0.740518962076	0.738522954092	0.671656686627	0.443113772455	0.481037924152	0.612774451098	0.645708582834	0.60878243513	0.657684630739	0.804391217565	0.787425149701	0.88622754491	0.854291417166	0.707584830339	0.676646706587	0.745508982036	0.741516966068	0.639720558882	0.678642714571	0.714570858283	0.687624750499	0.750499001996	0.803393213573	0.784431137725	0.778443113772	0.782435129741	0.786427145709	0.818363273453	0.812375249501	0.800399201597	0.805389221557	0.816367265469	0.806387225549	0.820359281437	0.821357285429	0.803393213573	0.800399201597	0.812375249501	0.768463073852	0.778443113772	0.705588822355	0.667664670659	0.670658682635	0.664670658683	0.657684630739	0.65369261477	0.673652694611	0.664670658683	0.661676646707	0.677644710579	0.636726546906	0.693612774451	0.664670658683	0.662674650699	0.709580838323	0.684630738523	0.923153692615	0.927145708583	0.88622754491	0.713572854291	0.918163672655	0.898203592814	0.726546906188	0.900199600798	0.839321357285	0.899201596806	0.758483033932	0.893213572854	0.947105788423	0.924151696607	0.699600798403	0.690618762475	0.714570858283	0.801397205589	0.771457085828	0.668662674651	0.674650698603	0.667664670659	0.674650698603	0.782435129741	0.707584830339	0.683632734531	0.731536926148	0.751497005988
CD7	0.411177644711	0.378243512974	0.649700598802	0.487025948104	0.646706586826	0.615768463074	0.0	0.444111776447	0.446107784431	0.37624750499	0.64371257485	0.647704590818	0.553892215569	0.619760479042	0.378243512974	0.418163672655	0.86626746507	0.860279441118	0.918163672655	0.894211576846	0.715568862275	0.725548902196	0.892215568862	0.88123752495	0.783433133733	0.830339321357	0.795409181637	0.781437125749	0.779441117764	0.834331337325	0.838323353293	0.837325349301	0.560878243513	0.537924151697	0.567864271457	0.561876247505	0.616766467066	0.583832335329	0.588822355289	0.564870259481	0.621756487026	0.60379241517	0.651696606786	0.547904191617	0.560878243513	0.523952095808	0.547904191617	0.685628742515	0.647704590818	0.656686626747	0.636726546906	0.567864271457	0.646706586826	0.581836327345	0.656686626747	0.582834331337	0.506986027944	0.59381237525	0.617764471058	0.647704590818	0.644710578842	0.683632734531	0.654690618762	0.941117764471	0.947105788423	0.887225548902	0.733532934132	0.935129740519	0.904191616766	0.744510978044	0.90618762475	0.869261477046	0.903193612774	0.765469061876	0.899201596806	0.955089820359	0.937125748503	0.699600798403	0.699600798403	0.666666666667	0.584830339321	0.595808383234	0.521956087824	0.556886227545	0.483033932136	0.494011976048	0.726546906188	0.707584830339	0.662674650699	0.685628742515	0.709580838323
CD8	0.425149700599	0.459081836327	0.697604790419	0.59381237525	0.774451097804	0.740518962076	0.444111776447	0.0	0.345309381238	0.418163672655	0.75249500998	0.77245508982	0.627744510978	0.661676646707	0.431137724551	0.40618762475	0.917165668663	0.915169660679	0.935129740519	0.922155688623	0.7624750499	0.768463073852	0.957085828343	0.945109780439	0.826347305389	0.893213572854	0.847305389222	0.824351297405	0.818363273453	0.858283433134	0.858283433134	0.884231536926	0.582834331337	0.540918163673	0.563872255489	0.497005988024	0.60878243513	0.578842315369	0.586826347305	0.525948103792	0.612774451098	0.600798403194	0.645708582834	0.530938123752	0.548902195609	0.557884231537	0.568862275449	0.72255489022	0.719560878244	0.740518962076	0.714570858283	0.639720558882	0.718562874251	0.627744510978	0.701596806387	0.627744510978	0.553892215569	0.664670658683	0.644710578842	0.729540918164	0.705588822355	0.729540918164	0.725548902196	0.931137724551	0.940119760479	0.867265469062	0.784431137725	0.934131736527	0.893213572854	0.800399201597	0.899201596806	0.862275449102	0.897205588822	0.793413173653	0.873253493014	0.944111776447	0.932135728543	0.781437125749	0.7624750499	0.748502994012	0.582834331337	0.577844311377	0.606786427146	0.624750499002	0.577844311377	0.569860279441	0.791417165669	0.779441117764	0.740518962076	0.765469061876	0.785429141717
CE7	0.423153692615	0.450099800399	0.686626746507	0.588822355289	0.773453093812	0.738522954092	0.446107784431	0.345309381238	0.0	0.411177644711	0.749500998004	0.766467065868	0.61377245509	0.65369261477	0.433133732535	0.417165668663	0.916167664671	0.910179640719	0.930139720559	0.918163672655	0.739520958084	0.751497005988	0.958083832335	0.943113772455	0.828343313373	0.89121756487	0.84630738523	0.819361277445	0.816367265469	0.85129740519	0.862275449102	0.887225548902	0.572854291417	0.538922155689	0.558882235529	0.489021956088	0.597804391218	0.574850299401	0.573852295409	0.521956087824	0.606786427146	0.596806387226	0.632734530938	0.5249500998	0.536926147705	0.549900199601	0.558882235529	0.707584830339	0.712574850299	0.72754491018	0.719560878244	0.637724550898	0.699600798403	0.631736526946	0.706586826347	0.632734530938	0.553892215569	0.665668662675	0.641716566866	0.728542914172	0.714570858283	0.724550898204	0.724550898204	0.907185628743	0.924151696607	0.849301397206	0.771457085828	0.917165668663	0.875249500998	0.793413173653	0.883233532934	0.844311377246	0.880239520958	0.787425149701	0.854291417166	0.927145708583	0.905189620758	0.769461077844	0.746506986028	0.754491017964	0.566866267465	0.570858283433	0.609780439122	0.62375249501	0.569860279441	0.562874251497	0.789421157685	0.776447105788	0.741516966068	0.76746506986	0.781437125749
CE8	0.437125748503	0.409181636727	0.676646706587	0.556886227545	0.713572854291	0.671656686627	0.37624750499	0.418163672655	0.411177644711	0.0	0.687624750499	0.698602794411	0.567864271457	0.647704590818	0.405189620758	0.440119760479	0.88622754491	0.885229540918	0.927145708583	0.915169660679	0.734530938124	0.741516966068	0.920159680639	0.903193612774	0.788423153693	0.85129740519	0.824351297405	0.795409181637	0.797405189621	0.848303393214	0.852295409182	0.865269461078	0.566866267465	0.528942115768	0.580838323353	0.535928143713	0.622754491018	0.588822355289	0.587824351297	0.537924151697	0.619760479042	0.602794411178	0.65369261477	0.542914171657	0.563872255489	0.5249500998	0.551896207585	0.707584830339	0.707584830339	0.715568862275	0.706586826347	0.630738522954	0.699600798403	0.606786427146	0.687624750499	0.606786427146	0.534930139721	0.645708582834	0.627744510978	0.714570858283	0.711576846307	0.717564870259	0.719560878244	0.939121756487	0.946107784431	0.89121756487	0.776447105788	0.937125748503	0.903193612774	0.794411177645	0.910179640719	0.880239520958	0.90119760479	0.789421157685	0.900199600798	0.957085828343	0.942115768463	0.755489021956	0.746506986028	0.72754491018	0.607784431138	0.60878243513	0.581836327345	0.611776447106	0.553892215569	0.535928143713	0.760479041916	0.75249500998	0.713572854291	0.7375249501	0.764471057884
CF7	0.665668662675	0.630738522954	0.669660678643	0.611776447106	0.48003992016	0.443113772455	0.64371257485	0.75249500998	0.749500998004	0.687624750499	0.0	0.479041916168	0.62375249501	0.645708582834	0.64371257485	0.678642714571	0.808383233533	0.779441117764	0.898203592814	0.85628742515	0.701596806387	0.669660678643	0.738522954092	0.72255489022	0.625748502994	0.668662674651	0.708582834331	0.688622754491	0.756487025948	0.801397205589	0.77744510978	0.781437125749	0.796407185629	0.791417165669	0.828343313373	0.828343313373	0.817365269461	0.815369261477	0.826347305389	0.821357285429	0.829341317365	0.832335329341	0.811377245509	0.814371257485	0.824351297405	0.776447105788	0.788423153693	0.717564870259	0.677644710579	0.682634730539	0.684630738523	0.669660678643	0.654690618762	0.679640718563	0.670658682635	0.663672654691	0.683632734531	0.651696606786	0.703592814371	0.675648702595	0.671656686627	0.704590818363	0.696606786427	0.933133732535	0.924151696607	0.880239520958	0.719560878244	0.919161676647	0.907185628743	0.726546906188	0.898203592814	0.845309381238	0.907185628743	0.753493013972	0.887225548902	0.949101796407	0.933133732535	0.701596806387	0.690618762475	0.708582834331	0.813373253493	0.773453093812	0.694610778443	0.693612774451	0.709580838323	0.694610778443	0.789421157685	0.717564870259	0.698602794411	0.728542914172	0.758483033932
CF8	0.687624750499	0.646706586826	0.675648702595	0.634730538922	0.431137724551	0.481037924152	0.647704590818	0.77245508982	0.766467065868	0.698602794411	0.479041916168	0.0	0.625748502994	0.657684630739	0.654690618762	0.691616766467	0.801397205589	0.783433133733	0.89121756487	0.863273453094	0.716566866267	0.687624750499	0.685628742515	0.665668662675	0.60379241517	0.61377245509	0.699600798403	0.690618762475	0.750499001996	0.808383233533	0.766467065868	0.786427145709	0.806387225549	0.812375249501	0.847305389222	0.844311377246	0.834331337325	0.828343313373	0.840319361277	0.834331337325	0.844311377246	0.845309381238	0.832335329341	0.827345309381	0.841317365269	0.795409181637	0.807385229541	0.719560878244	0.676646706587	0.680638722555	0.671656686627	0.684630738523	0.669660678643	0.693612774451	0.686626746507	0.681636726547	0.704590818363	0.664670658683	0.713572854291	0.682634730539	0.674650698603	0.703592814371	0.682634730539	0.942115768463	0.946107784431	0.90119760479	0.74251497006	0.941117764471	0.919161676647	0.751497005988	0.921157684631	0.841317365269	0.919161676647	0.782435129741	0.907185628743	0.97005988024	0.942115768463	0.72255489022	0.697604790419	0.736526946108	0.837325349301	0.805389221557	0.709580838323	0.723552894212	0.721556886228	0.721556886228	0.787425149701	0.734530938124	0.730538922156	0.743512974052	0.770459081836
CG7	0.574850299401	0.546906187625	0.51996007984	0.432135728543	0.635728542914	0.612774451098	0.553892215569	0.627744510978	0.61377245509	0.567864271457	0.62375249501	0.625748502994	0.0	0.476047904192	0.561876247505	0.567864271457	0.837325349301	0.822355289421	0.87624750499	0.839321357285	0.670658682635	0.674650698603	0.836327345309	0.823353293413	0.725548902196	0.771457085828	0.760479041916	0.741516966068	0.698602794411	0.775449101796	0.816367265469	0.811377245509	0.666666666667	0.668662674651	0.659680638723	0.698602794411	0.63872255489	0.686626746507	0.708582834331	0.699600798403	0.708582834331	0.709580838323	0.636726546906	0.687624750499	0.663672654691	0.662674650699	0.662674650699	0.706586826347	0.683632734531	0.708582834331	0.692614770459	0.62874251497	0.714570858283	0.636726546906	0.704590818363	0.614770459082	0.594810379242	0.660678642715	0.63872255489	0.710578842315	0.719560878244	0.704590818363	0.708582834331	0.894211576846	0.898203592814	0.879241516966	0.728542914172	0.892215568862	0.880239520958	0.738522954092	0.895209580838	0.84630738523	0.890219560878	0.751497005988	0.879241516966	0.926147704591	0.898203592814	0.763473053892	0.730538922156	0.760479041916	0.668662674651	0.632734530938	0.611776447106	0.64371257485	0.622754491018	0.621756487026	0.794411177645	0.771457085828	0.738522954092	0.781437125749	0.796407185629
CG8	0.634730538922	0.621756487026	0.415169660679	0.515968063872	0.651696606786	0.645708582834	0.619760479042	0.661676646707	0.65369261477	0.647704590818	0.645708582834	0.657684630739	0.476047904192	0.0	0.627744510978	0.649700598802	0.838323353293	0.821357285429	0.880239520958	0.829341317365	0.706586826347	0.703592814371	0.798403193613	0.77245508982	0.686626746507	0.730538922156	0.739520958084	0.717564870259	0.707584830339	0.783433133733	0.784431137725	0.791417165669	0.711576846307	0.710578842315	0.664670658683	0.710578842315	0.650698602794	0.710578842315	0.719560878244	0.714570858283	0.711576846307	0.721556886228	0.636726546906	0.715568862275	0.675648702595	0.713572854291	0.713572854291	0.744510978044	0.730538922156	0.74750499002	0.741516966068	0.667664670659	0.741516966068	0.666666666667	0.740518962076	0.645708582834	0.637724550898	0.700598802395	0.677644710579	0.761477045908	0.771457085828	0.75249500998	0.75249500998	0.874251497006	0.834331337325	0.875249500998	0.74750499002	0.826347305389	0.874251497006	0.75249500998	0.887225548902	0.816367265469	0.874251497006	0.73253493014	0.880239520958	0.85628742515	0.888223552894	0.822355289421	0.771457085828	0.830339321357	0.688622754491	0.660678642715	0.682634730539	0.709580838323	0.689620758483	0.689620758483	0.865269461078	0.834331337325	0.800399201597	0.842315369261	0.86127744511
CH7	0.343313373253	0.321357285429	0.658682634731	0.503992015968	0.646706586826	0.60878243513	0.378243512974	0.431137724551	0.433133732535	0.405189620758	0.64371257485	0.654690618762	0.561876247505	0.627744510978	0.0	0.342315369261	0.875249500998	0.87125748503	0.921157684631	0.893213572854	0.738522954092	0.736526946108	0.899201596806	0.883233532934	0.780439121756	0.841317365269	0.820359281437	0.790419161677	0.786427145709	0.843313373253	0.842315369261	0.848303393214	0.566866267465	0.538922155689	0.583832335329	0.510978043912	0.625748502994	0.592814371257	0.592814371257	0.539920159681	0.629740518962	0.609780439122	0.660678642715	0.538922155689	0.566866267465	0.528942115768	0.555888223553	0.729540918164	0.687624750499	0.688622754491	0.675648702595	0.620758483034	0.673652694611	0.621756487026	0.689620758483	0.597804391218	0.535928143713	0.62874251497	0.654690618762	0.678642714571	0.689620758483	0.729540918164	0.692614770459	0.940119760479	0.950099800399	0.903193612774	0.728542914172	0.946107784431	0.907185628743	0.7375249501	0.915169660679	0.88622754491	0.914171656687	0.768463073852	0.908183632735	0.965069860279	0.940119760479	0.708582834331	0.709580838323	0.704590818363	0.631736526946	0.636726546906	0.565868263473	0.592814371257	0.532934131737	0.51497005988	0.768463073852	0.706586826347	0.679640718563	0.72255489022	0.733532934132
CH8	0.296407185629	0.367265469062	0.676646706587	0.518962075848	0.692614770459	0.657684630739	0.418163672655	0.40618762475	0.417165668663	0.440119760479	0.678642714571	0.691616766467	0.567864271457	0.649700598802	0.342315369261	0.0	0.917165668663	0.908183632735	0.930139720559	0.911177644711	0.748502994012	0.751497005988	0.936127744511	0.925149700599	0.819361277445	0.878243512974	0.839321357285	0.821357285429	0.818363273453	0.86127744511	0.862275449102	0.882235528942	0.568862275449	0.537924151697	0.574850299401	0.499001996008	0.61876247505	0.586826347305	0.59381237525	0.539920159681	0.62375249501	0.606786427146	0.649700598802	0.531936127745	0.548902195609	0.523952095808	0.546906187625	0.718562874251	0.685628742515	0.666666666667	0.664670658683	0.595808383234	0.655688622754	0.632734530938	0.694610778443	0.601796407186	0.535928143713	0.601796407186	0.634730538922	0.667664670659	0.663672654691	0.719560878244	0.674650698603	0.936127744511	0.946107784431	0.893213572854	0.714570858283	0.935129740519	0.908183632735	0.72754491018	0.910179640719	0.877245508982	0.917165668663	0.776447105788	0.90119760479	0.964071856287	0.935129740519	0.707584830339	0.710578842315	0.688622754491	0.611776447106	0.61377245509	0.562874251497	0.602794411178	0.538922155689	0.526946107784	0.75249500998	0.719560878244	0.689620758483	0.704590818363	0.717564870259
CA1	0.907185628743	0.862275449102	0.828343313373	0.852295409182	0.804391217565	0.804391217565	0.86626746507	0.917165668663	0.916167664671	0.88622754491	0.808383233533	0.801397205589	0.837325349301	0.838323353293	0.875249500998	0.917165668663	0.0	0.328343313373	0.488023952096	0.4750499002	0.833333333333	0.72754491018	0.748502994012	0.74251497006	0.709580838323	0.73253493014	0.48502994012	0.51497005988	0.441117764471	0.452095808383	0.463073852295	0.38123752495	0.962075848303	0.956087824351	0.956087824351	0.957085828343	0.959081836327	0.957085828343	0.964071856287	0.961077844311	0.959081836327	0.961077844311	0.958083832335	0.955089820359	0.957085828343	0.956087824351	0.960079840319	0.925149700599	0.930139720559	0.928143712575	0.926147704591	0.923153692615	0.922155688623	0.920159680639	0.90119760479	0.915169660679	0.924151696607	0.925149700599	0.933133732535	0.932135728543	0.925149700599	0.922155688623	0.928143712575	0.941117764471	0.946107784431	0.930139720559	0.934131736527	0.939121756487	0.935129740519	0.930139720559	0.931137724551	0.908183632735	0.920159680639	0.930139720559	0.935129740519	0.965069860279	0.943113772455	0.918163672655	0.927145708583	0.927145708583	0.939121756487	0.935129740519	0.931137724551	0.923153692615	0.927145708583	0.928143712575	0.941117764471	0.910179640719	0.921157684631	0.926147704591	0.927145708583
CA2	0.895209580838	0.857285429142	0.811377245509	0.840319361277	0.77245508982	0.787425149701	0.860279441118	0.915169660679	0.910179640719	0.885229540918	0.779441117764	0.783433133733	0.822355289421	0.821357285429	0.87125748503	0.908183632735	0.328343313373	0.0	0.496007984032	0.462075848303	0.836327345309	0.715568862275	0.725548902196	0.724550898204	0.692614770459	0.713572854291	0.463073852295	0.497005988024	0.431137724551	0.430139720559	0.444111776447	0.373253493014	0.961077844311	0.951097804391	0.957085828343	0.960079840319	0.958083832335	0.957085828343	0.961077844311	0.958083832335	0.956087824351	0.959081836327	0.957085828343	0.957085828343	0.960079840319	0.955089820359	0.959081836327	0.910179640719	0.910179640719	0.914171656687	0.914171656687	0.915169660679	0.907185628743	0.905189620758	0.89620758483	0.900199600798	0.909181636727	0.912175648703	0.917165668663	0.919161676647	0.909181636727	0.910179640719	0.912175648703	0.937125748503	0.935129740519	0.943113772455	0.929141716567	0.925149700599	0.934131736527	0.913173652695	0.925149700599	0.898203592814	0.920159680639	0.923153692615	0.944111776447	0.967065868263	0.935129740519	0.916167664671	0.910179640719	0.922155688623	0.934131736527	0.926147704591	0.932135728543	0.925149700599	0.923153692615	0.923153692615	0.936127744511	0.924151696607	0.926147704591	0.928143712575	0.926147704591
CB1	0.922155688623	0.912175648703	0.878243512974	0.889221556886	0.890219560878	0.88622754491	0.918163672655	0.935129740519	0.930139720559	0.927145708583	0.898203592814	0.89121756487	0.87624750499	0.880239520958	0.921157684631	0.930139720559	0.488023952096	0.496007984032	0.0	0.274451097804	0.884231536926	0.77245508982	0.840319361277	0.832335329341	0.814371257485	0.836327345309	0.563872255489	0.605788423154	0.498003992016	0.436127744511	0.449101796407	0.469061876248	0.973053892216	0.965069860279	0.949101796407	0.959081836327	0.946107784431	0.963073852295	0.971057884232	0.969061876248	0.969061876248	0.971057884232	0.949101796407	0.964071856287	0.946107784431	0.97005988024	0.971057884232	0.940119760479	0.941117764471	0.939121756487	0.936127744511	0.940119760479	0.939121756487	0.946107784431	0.944111776447	0.943113772455	0.940119760479	0.945109780439	0.935129740519	0.937125748503	0.940119760479	0.940119760479	0.936127744511	0.935129740519	0.943113772455	0.949101796407	0.939121756487	0.936127744511	0.951097804391	0.934131736527	0.949101796407	0.927145708583	0.946107784431	0.938123752495	0.957085828343	0.961077844311	0.940119760479	0.97005988024	0.939121756487	0.97005988024	0.940119760479	0.927145708583	0.955089820359	0.953093812375	0.954091816367	0.960079840319	0.973053892216	0.971057884232	0.973053892216	0.9750499002	0.972055888224
CB2	0.904191616766	0.888223552894	0.832335329341	0.844311377246	0.855289421158	0.854291417166	0.894211576846	0.922155688623	0.918163672655	0.915169660679	0.85628742515	0.863273453094	0.839321357285	0.829341317365	0.893213572854	0.911177644711	0.4750499002	0.462075848303	0.274451097804	0.0	0.859281437126	0.730538922156	0.814371257485	0.801397205589	0.775449101796	0.793413173653	0.5249500998	0.565868263473	0.444111776447	0.385229540918	0.419161676647	0.435129740519	0.963073852295	0.956087824351	0.921157684631	0.947105788423	0.920159680639	0.950099800399	0.961077844311	0.959081836327	0.959081836327	0.960079840319	0.921157684631	0.950099800399	0.922155688623	0.957085828343	0.959081836327	0.916167664671	0.913173652695	0.913173652695	0.913173652695	0.919161676647	0.919161676647	0.932135728543	0.930139720559	0.924151696607	0.924151696607	0.925149700599	0.926147704591	0.919161676647	0.929141716567	0.916167664671	0.917165668663	0.919161676647	0.927145708583	0.930139720559	0.912175648703	0.919161676647	0.921157684631	0.908183632735	0.921157684631	0.899201596806	0.920159680639	0.908183632735	0.932135728543	0.946107784431	0.922155688623	0.960079840319	0.923153692615	0.954091816367	0.924151696607	0.914171656687	0.941117764471	0.945109780439	0.946107784431	0.945109780439	0.959081836327	0.958083832335	0.956087824351	0.960079840319	0.962075848303
CC1	0.740518962076	0.72255489022	0.748502994012	0.678642714571	0.715568862275	0.707584830339	0.715568862275	0.7624750499	0.739520958084	0.734530938124	0.701596806387	0.716566866267	0.670658682635	0.706586826347	0.738522954092	0.748502994012	0.833333333333	0.836327345309	0.884231536926	0.859281437126	0.0	0.445109780439	0.873253493014	0.86127744511	0.749500998004	0.818363273453	0.75249500998	0.704590818363	0.744510978044	0.770459081836	0.805389221557	0.811377245509	0.77744510978	0.781437125749	0.77245508982	0.811377245509	0.75748502994	0.795409181637	0.820359281437	0.814371257485	0.822355289421	0.819361277445	0.758483033932	0.798403193613	0.774451097804	0.782435129741	0.775449101796	0.673652694611	0.704590818363	0.708582834331	0.714570858283	0.713572854291	0.690618762475	0.702594810379	0.686626746507	0.690618762475	0.728542914172	0.72255489022	0.729540918164	0.716566866267	0.728542914172	0.695608782435	0.713572854291	0.855289421158	0.829341317365	0.761477045908	0.694610778443	0.826347305389	0.818363273453	0.675648702595	0.820359281437	0.736526946108	0.813373253493	0.688622754491	0.763473053892	0.864271457086	0.848303393214	0.682634730539	0.696606786427	0.739520958084	0.773453093812	0.736526946108	0.748502994012	0.724550898204	0.743512974052	0.740518962076	0.801397205589	0.693612774451	0.736526946108	0.760479041916	0.775449101796
CC2	0.740518962076	0.712574850299	0.73253493014	0.683632734531	0.701596806387	0.676646706587	0.725548902196	0.768463073852	0.751497005988	0.741516966068	0.669660678643	0.687624750499	0.674650698603	0.703592814371	0.736526946108	0.751497005988	0.72754491018	0.715568862275	0.77245508982	0.730538922156	0.445109780439	0.0	0.802395209581	0.790419161677	0.666666666667	0.7375249501	0.60379241517	0.554890219561	0.655688622754	0.671656686627	0.676646706587	0.684630738523	0.811377245509	0.809381237525	0.806387225549	0.836327345309	0.792415169661	0.822355289421	0.847305389222	0.837325349301	0.85129740519	0.847305389222	0.792415169661	0.829341317365	0.807385229541	0.809381237525	0.803393213573	0.682634730539	0.714570858283	0.714570858283	0.72255489022	0.72255489022	0.705588822355	0.715568862275	0.708582834331	0.706586826347	0.729540918164	0.729540918164	0.729540918164	0.712574850299	0.73253493014	0.702594810379	0.714570858283	0.867265469062	0.849301397206	0.805389221557	0.729540918164	0.841317365269	0.836327345309	0.702594810379	0.833333333333	0.755489021956	0.829341317365	0.718562874251	0.808383233533	0.884231536926	0.864271457086	0.711576846307	0.694610778443	0.749500998004	0.800399201597	0.760479041916	0.7624750499	0.745508982036	0.753493013972	0.751497005988	0.807385229541	0.723552894212	0.758483033932	0.7624750499	0.773453093812
CD1	0.926147704591	0.894211576846	0.792415169661	0.857285429142	0.674650698603	0.745508982036	0.892215568862	0.957085828343	0.958083832335	0.920159680639	0.738522954092	0.685628742515	0.836327345309	0.798403193613	0.899201596806	0.936127744511	0.748502994012	0.725548902196	0.840319361277	0.814371257485	0.873253493014	0.802395209581	0.0	0.414171656687	0.59880239521	0.473053892216	0.726546906188	0.735528942116	0.788423153693	0.812375249501	0.804391217565	0.776447105788	0.991017964072	0.98502994012	0.987025948104	0.988023952096	0.988023952096	0.987025948104	0.991017964072	0.988023952096	0.988023952096	0.989021956088	0.988023952096	0.986027944112	0.988023952096	0.988023952096	0.99001996008	0.952095808383	0.951097804391	0.954091816367	0.953093812375	0.951097804391	0.948103792415	0.950099800399	0.944111776447	0.946107784431	0.951097804391	0.947105788423	0.951097804391	0.953093812375	0.951097804391	0.953093812375	0.950099800399	0.969061876248	0.965069860279	0.98003992016	0.976047904192	0.963073852295	0.98502994012	0.97005988024	0.984031936128	0.947105788423	0.981037924152	0.973053892216	0.98003992016	0.99001996008	0.9750499002	0.982035928144	0.956087824351	0.983033932136	0.962075848303	0.961077844311	0.978043912176	0.981037924152	0.981037924152	0.974051896208	0.98502994012	0.98502994012	0.98003992016	0.987025948104	0.987025948104
CD2	0.919161676647	0.88123752495	0.763473053892	0.839321357285	0.647704590818	0.741516966068	0.88123752495	0.945109780439	0.943113772455	0.903193612774	0.72255489022	0.665668662675	0.823353293413	0.77245508982	0.883233532934	0.925149700599	0.74251497006	0.724550898204	0.832335329341	0.801397205589	0.86127744511	0.790419161677	0.414171656687	0.0	0.557884231537	0.472055888224	0.710578842315	0.709580838323	0.776447105788	0.797405189621	0.787425149701	0.764471057884	0.977045908184	0.974051896208	0.976047904192	0.976047904192	0.977045908184	0.976047904192	0.977045908184	0.9750499002	0.972055888224	0.976047904192	0.978043912176	0.9750499002	0.977045908184	0.976047904192	0.977045908184	0.929141716567	0.929141716567	0.930139720559	0.926147704591	0.927145708583	0.927145708583	0.926147704591	0.922155688623	0.918163672655	0.928143712575	0.922155688623	0.926147704591	0.928143712575	0.925149700599	0.927145708583	0.924151696607	0.963073852295	0.964071856287	0.971057884232	0.964071856287	0.960079840319	0.971057884232	0.956087824351	0.968063872255	0.925149700599	0.968063872255	0.962075848303	0.973053892216	0.988023952096	0.972055888224	0.968063872255	0.931137724551	0.968063872255	0.949101796407	0.949101796407	0.966067864271	0.967065868263	0.969061876248	0.962075848303	0.973053892216	0.971057884232	0.968063872255	0.972055888224	0.97005988024
CE1	0.811377245509	0.76746506986	0.676646706587	0.759481037924	0.59381237525	0.639720558882	0.783433133733	0.826347305389	0.828343313373	0.788423153693	0.625748502994	0.60379241517	0.725548902196	0.686626746507	0.780439121756	0.819361277445	0.709580838323	0.692614770459	0.814371257485	0.775449101796	0.749500998004	0.666666666667	0.59880239521	0.557884231537	0.0	0.469061876248	0.65369261477	0.646706586826	0.674650698603	0.724550898204	0.710578842315	0.713572854291	0.888223552894	0.879241516966	0.885229540918	0.88622754491	0.88622754491	0.885229540918	0.888223552894	0.88622754491	0.883233532934	0.885229540918	0.888223552894	0.885229540918	0.88123752495	0.884231536926	0.88622754491	0.75249500998	0.765469061876	0.77744510978	0.779441117764	0.74251497006	0.750499001996	0.77245508982	0.753493013972	0.755489021956	0.786427145709	0.745508982036	0.746506986028	0.773453093812	0.768463073852	0.759481037924	0.803393213573	0.950099800399	0.936127744511	0.892215568862	0.86626746507	0.936127744511	0.947105788423	0.872255489022	0.942115768463	0.812375249501	0.937125748503	0.873253493014	0.89620758483	0.963073852295	0.959081836327	0.860279441118	0.775449101796	0.869261477046	0.821357285429	0.817365269461	0.847305389222	0.847305389222	0.84630738523	0.837325349301	0.908183632735	0.85628742515	0.845309381238	0.880239520958	0.90119760479
CE2	0.869261477046	0.827345309381	0.723552894212	0.795409181637	0.602794411178	0.678642714571	0.830339321357	0.893213572854	0.89121756487	0.85129740519	0.668662674651	0.61377245509	0.771457085828	0.730538922156	0.841317365269	0.878243512974	0.73253493014	0.713572854291	0.836327345309	0.793413173653	0.818363273453	0.7375249501	0.473053892216	0.472055888224	0.469061876248	0.0	0.671656686627	0.673652694611	0.735528942116	0.753493013972	0.741516966068	0.735528942116	0.939121756487	0.933133732535	0.937125748503	0.937125748503	0.936127744511	0.937125748503	0.937125748503	0.937125748503	0.936127744511	0.937125748503	0.937125748503	0.934131736527	0.933133732535	0.936127744511	0.937125748503	0.849301397206	0.850299401198	0.853293413174	0.859281437126	0.848303393214	0.843313373253	0.848303393214	0.832335329341	0.836327345309	0.862275449102	0.847305389222	0.845309381238	0.85129740519	0.850299401198	0.848303393214	0.85628742515	0.953093812375	0.949101796407	0.926147704591	0.909181636727	0.948103792415	0.951097804391	0.898203592814	0.952095808383	0.857285429142	0.950099800399	0.908183632735	0.927145708583	0.979041916168	0.961077844311	0.911177644711	0.852295409182	0.909181636727	0.898203592814	0.895209580838	0.914171656687	0.910179640719	0.913173652695	0.907185628743	0.922155688623	0.911177644711	0.916167664671	0.917165668663	0.919161676647
CF1	0.826347305389	0.795409181637	0.751497005988	0.778443113772	0.694610778443	0.714570858283	0.795409181637	0.847305389222	0.84630738523	0.824351297405	0.708582834331	0.699600798403	0.760479041916	0.739520958084	0.820359281437	0.839321357285	0.48502994012	0.463073852295	0.563872255489	0.5249500998	0.75249500998	0.60379241517	0.726546906188	0.710578842315	0.65369261477	0.671656686627	0.0	0.330339321357	0.492015968064	0.492015968064	0.430139720559	0.435129740519	0.90119760479	0.894211576846	0.90119760479	0.900199600798	0.892215568862	0.892215568862	0.909181636727	0.904191616766	0.912175648703	0.910179640719	0.89121756487	0.892215568862	0.89620758483	0.894211576846	0.89620758483	0.797405189621	0.804391217565	0.803393213573	0.799401197605	0.793413173653	0.789421157685	0.797405189621	0.779441117764	0.779441117764	0.814371257485	0.796407185629	0.798403193613	0.804391217565	0.796407185629	0.794411177645	0.806387225549	0.922155688623	0.915169660679	0.915169660679	0.855289421158	0.908183632735	0.897205588822	0.838323353293	0.887225548902	0.822355289421	0.898203592814	0.84630738523	0.915169660679	0.950099800399	0.918163672655	0.853293413174	0.790419161677	0.862275449102	0.897205588822	0.868263473054	0.87125748503	0.857285429142	0.858283433134	0.857285429142	0.880239520958	0.858283433134	0.86127744511	0.86626746507	0.862275449102
CF2	0.802395209581	0.764471057884	0.745508982036	0.761477045908	0.682634730539	0.687624750499	0.781437125749	0.824351297405	0.819361277445	0.795409181637	0.688622754491	0.690618762475	0.741516966068	0.717564870259	0.790419161677	0.821357285429	0.51497005988	0.497005988024	0.605788423154	0.565868263473	0.704590818363	0.554890219561	0.735528942116	0.709580838323	0.646706586826	0.673652694611	0.330339321357	0.0	0.503992015968	0.523952095808	0.473053892216	0.47005988024	0.884231536926	0.879241516966	0.889221556886	0.889221556886	0.880239520958	0.87624750499	0.89620758483	0.892215568862	0.900199600798	0.899201596806	0.87624750499	0.877245508982	0.883233532934	0.880239520958	0.884231536926	0.785429141717	0.794411177645	0.796407185629	0.794411177645	0.786427145709	0.776447105788	0.785429141717	0.765469061876	0.769461077844	0.792415169661	0.792415169661	0.794411177645	0.793413173653	0.788423153693	0.785429141717	0.797405189621	0.917165668663	0.908183632735	0.89121756487	0.836327345309	0.903193612774	0.892215568862	0.817365269461	0.885229540918	0.823353293413	0.88622754491	0.824351297405	0.894211576846	0.941117764471	0.911177644711	0.818363273453	0.782435129741	0.836327345309	0.882235528942	0.849301397206	0.841317365269	0.827345309381	0.829341317365	0.829341317365	0.85628742515	0.823353293413	0.835329341317	0.837325349301	0.839321357285
CG1	0.824351297405	0.773453093812	0.705588822355	0.73253493014	0.745508982036	0.750499001996	0.779441117764	0.818363273453	0.816367265469	0.797405189621	0.756487025948	0.750499001996	0.698602794411	0.707584830339	0.786427145709	0.818363273453	0.441117764471	0.431137724551	0.498003992016	0.444111776447	0.744510978044	0.655688622754	0.788423153693	0.776447105788	0.674650698603	0.735528942116	0.492015968064	0.503992015968	0.0	0.355289421158	0.453093812375	0.434131736527	0.885229540918	0.875249500998	0.823353293413	0.874251497006	0.811377245509	0.877245508982	0.88622754491	0.883233532934	0.88123752495	0.885229540918	0.812375249501	0.878243512974	0.833333333333	0.882235528942	0.885229540918	0.818363273453	0.801397205589	0.817365269461	0.819361277445	0.833333333333	0.823353293413	0.833333333333	0.834331337325	0.833333333333	0.835329341317	0.833333333333	0.831337325349	0.829341317365	0.839321357285	0.811377245509	0.827345309381	0.892215568862	0.892215568862	0.86626746507	0.803393213573	0.888223552894	0.879241516966	0.814371257485	0.89620758483	0.865269461078	0.882235528942	0.811377245509	0.87125748503	0.900199600798	0.905189620758	0.845309381238	0.831337325349	0.850299401198	0.84630738523	0.829341317365	0.841317365269	0.84630738523	0.84630738523	0.847305389222	0.872255489022	0.849301397206	0.848303393214	0.863273453094	0.88123752495
