	CA7	CA8	CB7	CB8	CC7	CC8	CD7	CD8	CE7	CE8	CF7	CF8	CG7	CG8	CH7	CH8	CA1	CA2	CB1	CB2	CC1	CC2	CD1	CD2	CE1	CE2	CF1	CF2	CG1	CG2	CH1	CH2	CA5	CA6	CB5	CB6	CC5	CC6	CD6	CE5	CE6	CF5	CF6	CG5	CG6	CH5	CH6	CA11	CA12	CB11	CB12	CC11	CC12	CD11	CD12	CE11	CE12	CF11	CF12	CG11	CG12	CH11	CH12	CA3	CA4	CB3	CB4	CC4	CD3	CD4	CE4	CF3	CF4	CG3	CG4	CH3	CH4	CA9	CA10	CB9	CC9	CC10	CD9	CD10	CE9	CE10	CF9	CG9	CG10	CH9	CH10
CA7	0.0	0.392215568862	0.660678642715	0.547904191617	0.706586826347	0.656686626747	0.413173652695	0.421157684631	0.414171656687	0.432135728543	0.667664670659	0.691616766467	0.556886227545	0.642714570858	0.374251497006	0.287425149701	0.928143712575	0.903193612774	0.90618762475	0.903193612774	0.745508982036	0.758483033932	0.933133732535	0.932135728543	0.833333333333	0.864271457086	0.842315369261	0.820359281437	0.813373253493	0.838323353293	0.850299401198	0.859281437126	0.538922155689	0.511976047904	0.548902195609	0.486027944112	0.614770459082	0.577844311377	0.596806387226	0.559880239521	0.61377245509	0.563872255489	0.580838323353	0.503992015968	0.540918163673	0.496007984032	0.538922155689	0.725548902196	0.693612774451	0.684630738523	0.693612774451	0.61377245509	0.673652694611	0.650698602794	0.684630738523	0.621756487026	0.548902195609	0.604790419162	0.629740518962	0.683632734531	0.673652694611	0.725548902196	0.699600798403	0.922155688623	0.933133732535	0.889221556886	0.728542914172	0.932135728543	0.908183632735	0.726546906188	0.916167664671	0.875249500998	0.915169660679	0.750499001996	0.89121756487	0.957085828343	0.920159680639	0.744510978044	0.728542914172	0.724550898204	0.630738522954	0.626746506986	0.596806387226	0.612774451098	0.561876247505	0.525948103792	0.764471057884	0.74750499002	0.694610778443	0.719560878244	0.749500998004
CA8	0.392215568862	0.0	0.640718562874	0.51996007984	0.650698602794	0.601796407186	0.379241516966	0.471057884232	0.449101796407	0.384231536926	0.622754491018	0.634730538922	0.540918163673	0.615768463074	0.299401197605	0.372255489022	0.872255489022	0.849301397206	0.911177644711	0.907185628743	0.711576846307	0.713572854291	0.884231536926	0.882235528942	0.775449101796	0.814371257485	0.807385229541	0.77744510978	0.781437125749	0.821357285429	0.829341317365	0.818363273453	0.531936127745	0.501996007984	0.549900199601	0.51497005988	0.61377245509	0.574850299401	0.585828343313	0.549900199601	0.600798403194	0.550898203593	0.583832335329	0.494011976048	0.541916167665	0.499001996008	0.5249500998	0.711576846307	0.677644710579	0.640718562874	0.64870259481	0.601796407186	0.615768463074	0.617764471058	0.650698602794	0.586826347305	0.520958083832	0.582834331337	0.62874251497	0.642714570858	0.647704590818	0.713572854291	0.664670658683	0.907185628743	0.929141716567	0.87624750499	0.667664670659	0.917165668663	0.890219560878	0.679640718563	0.883233532934	0.86127744511	0.89121756487	0.72255489022	0.869261477046	0.937125748503	0.918163672655	0.677644710579	0.705588822355	0.673652694611	0.61377245509	0.617764471058	0.532934131737	0.52994011976	0.492015968064	0.455089820359	0.761477045908	0.681636726547	0.617764471058	0.665668662675	0.702594810379
CB7	0.660678642715	0.640718562874	0.0	0.543912175649	0.671656686627	0.686626746507	0.664670658683	0.675648702595	0.677644710579	0.673652694611	0.684630738523	0.65369261477	0.534930139721	0.423153692615	0.647704590818	0.64371257485	0.853293413174	0.823353293413	0.870259481038	0.841317365269	0.781437125749	0.74750499002	0.795409181637	0.789421157685	0.693612774451	0.716566866267	0.77245508982	0.758483033932	0.736526946108	0.77744510978	0.804391217565	0.783433133733	0.741516966068	0.733532934132	0.683632734531	0.734530938124	0.678642714571	0.726546906188	0.736526946108	0.74251497006	0.744510978044	0.739520958084	0.666666666667	0.7375249501	0.691616766467	0.73253493014	0.744510978044	0.764471057884	0.739520958084	0.77744510978	0.77744510978	0.709580838323	0.763473053892	0.696606786427	0.750499001996	0.687624750499	0.645708582834	0.703592814371	0.691616766467	0.760479041916	0.774451097804	0.760479041916	0.775449101796	0.875249500998	0.813373253493	0.879241516966	0.764471057884	0.818363273453	0.87624750499	0.755489021956	0.905189620758	0.836327345309	0.894211576846	0.773453093812	0.86626746507	0.838323353293	0.885229540918	0.863273453094	0.805389221557	0.862275449102	0.698602794411	0.681636726547	0.72255489022	0.724550898204	0.717564870259	0.709580838323	0.890219560878	0.86626746507	0.810379241517	0.857285429142	0.888223552894
CB8	0.547904191617	0.51996007984	0.543912175649	0.0	0.639720558882	0.62874251497	0.535928143713	0.596806387226	0.605788423154	0.543912175649	0.629740518962	0.63872255489	0.440119760479	0.5	0.51996007984	0.536926147705	0.869261477046	0.836327345309	0.87624750499	0.857285429142	0.686626746507	0.696606786427	0.844311377246	0.840319361277	0.756487025948	0.776447105788	0.786427145709	0.760479041916	0.740518962076	0.781437125749	0.816367265469	0.799401197605	0.655688622754	0.650698602794	0.621756487026	0.662674650699	0.626746506986	0.664670658683	0.680638722555	0.672654690619	0.680638722555	0.669660678643	0.600798403194	0.651696606786	0.611776447106	0.647704590818	0.654690618762	0.696606786427	0.665668662675	0.697604790419	0.689620758483	0.626746506986	0.694610778443	0.621756487026	0.666666666667	0.614770459082	0.555888223553	0.626746506986	0.619760479042	0.683632734531	0.687624750499	0.689620758483	0.688622754491	0.887225548902	0.899201596806	0.88123752495	0.723552894212	0.892215568862	0.878243512974	0.723552894212	0.903193612774	0.860279441118	0.893213572854	0.725548902196	0.867265469062	0.921157684631	0.89121756487	0.768463073852	0.720558882236	0.765469061876	0.636726546906	0.620758483034	0.609780439122	0.601796407186	0.569860279441	0.573852295409	0.783433133733	0.7624750499	0.701596806387	0.758483033932	0.778443113772
CC7	0.706586826347	0.650698602794	0.671656686627	0.639720558882	0.0	0.511976047904	0.670658682635	0.775449101796	0.77744510978	0.686626746507	0.518962075848	0.442115768463	0.634730538922	0.669660678643	0.64870259481	0.692614770459	0.811377245509	0.804391217565	0.884231536926	0.863273453094	0.730538922156	0.709580838323	0.665668662675	0.649700598802	0.612774451098	0.596806387226	0.712574850299	0.705588822355	0.763473053892	0.801397205589	0.789421157685	0.765469061876	0.811377245509	0.816367265469	0.831337325349	0.834331337325	0.833333333333	0.835329341317	0.838323353293	0.829341317365	0.835329341317	0.830339321357	0.818363273453	0.809381237525	0.821357285429	0.815369261477	0.813373253493	0.715568862275	0.686626746507	0.695608782435	0.703592814371	0.686626746507	0.683632734531	0.699600798403	0.689620758483	0.690618762475	0.688622754491	0.694610778443	0.707584830339	0.688622754491	0.677644710579	0.721556886228	0.708582834331	0.939121756487	0.949101796407	0.914171656687	0.768463073852	0.946107784431	0.929141716567	0.764471057884	0.933133732535	0.869261477046	0.936127744511	0.774451097804	0.916167664671	0.978043912176	0.948103792415	0.750499001996	0.728542914172	0.755489021956	0.838323353293	0.806387225549	0.731536926148	0.72754491018	0.72754491018	0.729540918164	0.789421157685	0.748502994012	0.735528942116	0.751497005988	0.779441117764
CC8	0.656686626747	0.601796407186	0.686626746507	0.62874251497	0.511976047904	0.0	0.634730538922	0.741516966068	0.746506986028	0.654690618762	0.450099800399	0.472055888224	0.61876247505	0.669660678643	0.606786427146	0.642714570858	0.809381237525	0.799401197605	0.872255489022	0.862275449102	0.719560878244	0.686626746507	0.741516966068	0.743512974052	0.64371257485	0.673652694611	0.701596806387	0.696606786427	0.756487025948	0.800399201597	0.793413173653	0.77245508982	0.781437125749	0.782435129741	0.804391217565	0.804391217565	0.805389221557	0.807385229541	0.804391217565	0.804391217565	0.808383233533	0.805389221557	0.789421157685	0.780439121756	0.789421157685	0.783433133733	0.790419161677	0.710578842315	0.678642714571	0.663672654691	0.685628742515	0.649700598802	0.64870259481	0.676646706587	0.668662674651	0.654690618762	0.664670658683	0.649700598802	0.687624750499	0.662674650699	0.656686626747	0.724550898204	0.687624750499	0.921157684631	0.932135728543	0.894211576846	0.709580838323	0.918163672655	0.908183632735	0.703592814371	0.905189620758	0.859281437126	0.916167664671	0.733532934132	0.894211576846	0.953093812375	0.934131736527	0.699600798403	0.725548902196	0.711576846307	0.808383233533	0.77744510978	0.666666666667	0.670658682635	0.669660678643	0.673652694611	0.784431137725	0.705588822355	0.677644710579	0.709580838323	0.753493013972
CD7	0.413173652695	0.379241516966	0.664670658683	0.535928143713	0.670658682635	0.634730538922	0.0	0.433133732535	0.424151696607	0.326347305389	0.659680638723	0.667664670659	0.553892215569	0.63872255489	0.38123752495	0.403193612774	0.887225548902	0.868263473054	0.907185628743	0.912175648703	0.740518962076	0.753493013972	0.899201596806	0.900199600798	0.799401197605	0.833333333333	0.809381237525	0.798403193613	0.813373253493	0.839321357285	0.849301397206	0.84630738523	0.548902195609	0.507984031936	0.567864271457	0.533932135729	0.629740518962	0.596806387226	0.60379241517	0.557884231537	0.610778443114	0.566866267465	0.59880239521	0.50499001996	0.561876247505	0.506986027944	0.541916167665	0.687624750499	0.661676646707	0.662674650699	0.663672654691	0.582834331337	0.655688622754	0.592814371257	0.652694610778	0.583832335329	0.512974051896	0.584830339321	0.597804391218	0.666666666667	0.655688622754	0.690618762475	0.670658682635	0.933133732535	0.951097804391	0.892215568862	0.75249500998	0.942115768463	0.915169660679	0.758483033932	0.913173652695	0.884231536926	0.917165668663	0.768463073852	0.905189620758	0.962075848303	0.938123752495	0.741516966068	0.718562874251	0.685628742515	0.591816367265	0.602794411178	0.559880239521	0.553892215569	0.507984031936	0.478043912176	0.729540918164	0.72255489022	0.655688622754	0.678642714571	0.715568862275
CD8	0.421157684631	0.471057884232	0.675648702595	0.596806387226	0.775449101796	0.741516966068	0.433133732535	0.0	0.330339321357	0.430139720559	0.761477045908	0.76746506986	0.610778443114	0.652694610778	0.456087824351	0.415169660679	0.927145708583	0.909181636727	0.914171656687	0.915169660679	0.771457085828	0.790419161677	0.947105788423	0.947105788423	0.838323353293	0.87624750499	0.852295409182	0.837325349301	0.819361277445	0.849301397206	0.850299401198	0.869261477046	0.572854291417	0.528942115768	0.552894211577	0.492015968064	0.612774451098	0.582834331337	0.607784431138	0.569860279441	0.614770459082	0.563872255489	0.600798403194	0.534930139721	0.564870259481	0.523952095808	0.564870259481	0.7375249501	0.738522954092	0.733532934132	0.731536926148	0.660678642715	0.719560878244	0.642714570858	0.704590818363	0.641716566866	0.572854291417	0.651696606786	0.649700598802	0.740518962076	0.718562874251	0.741516966068	0.74251497006	0.914171656687	0.921157684631	0.86626746507	0.788423153693	0.916167664671	0.889221556886	0.795409181637	0.882235528942	0.855289421158	0.89121756487	0.803393213573	0.867265469062	0.929141716567	0.922155688623	0.799401197605	0.77245508982	0.774451097804	0.587824351297	0.599800399202	0.63872255489	0.62375249501	0.595808383234	0.560878243513	0.819361277445	0.791417165669	0.726546906188	0.774451097804	0.803393213573
CE7	0.414171656687	0.449101796407	0.677644710579	0.605788423154	0.77744510978	0.746506986028	0.424151696607	0.330339321357	0.0	0.426147704591	0.761477045908	0.781437125749	0.61377245509	0.649700598802	0.451097804391	0.411177644711	0.915169660679	0.899201596806	0.920159680639	0.919161676647	0.769461077844	0.781437125749	0.946107784431	0.945109780439	0.833333333333	0.870259481038	0.843313373253	0.831337325349	0.811377245509	0.84630738523	0.850299401198	0.86127744511	0.564870259481	0.5249500998	0.555888223553	0.488023952096	0.61377245509	0.575848303393	0.597804391218	0.559880239521	0.611776447106	0.563872255489	0.600798403194	0.533932135729	0.557884231537	0.518962075848	0.560878243513	0.728542914172	0.733532934132	0.720558882236	0.741516966068	0.664670658683	0.714570858283	0.640718562874	0.709580838323	0.637724550898	0.565868263473	0.649700598802	0.640718562874	0.731536926148	0.723552894212	0.726546906188	0.74750499002	0.900199600798	0.916167664671	0.860279441118	0.782435129741	0.907185628743	0.884231536926	0.791417165669	0.873253493014	0.852295409182	0.883233532934	0.795409181637	0.86127744511	0.924151696607	0.905189620758	0.790419161677	0.765469061876	0.766467065868	0.581836327345	0.584830339321	0.627744510978	0.616766467066	0.586826347305	0.547904191617	0.802395209581	0.780439121756	0.724550898204	0.764471057884	0.800399201597
CE8	0.432135728543	0.384231536926	0.673652694611	0.543912175649	0.686626746507	0.654690618762	0.326347305389	0.430139720559	0.426147704591	0.0	0.670658682635	0.686626746507	0.565868263473	0.646706586826	0.392215568862	0.417165668663	0.888223552894	0.878243512974	0.918163672655	0.914171656687	0.72255489022	0.743512974052	0.920159680639	0.915169660679	0.804391217565	0.845309381238	0.819361277445	0.801397205589	0.805389221557	0.850299401198	0.842315369261	0.848303393214	0.553892215569	0.513972055888	0.575848303393	0.530938123752	0.63373253493	0.590818363273	0.60878243513	0.567864271457	0.611776447106	0.569860279441	0.601796407186	0.518962075848	0.565868263473	0.507984031936	0.540918163673	0.677644710579	0.663672654691	0.658682634731	0.676646706587	0.587824351297	0.654690618762	0.584830339321	0.650698602794	0.577844311377	0.512974051896	0.585828343313	0.596806387226	0.668662674651	0.659680638723	0.683632734531	0.679640718563	0.929141716567	0.946107784431	0.888223552894	0.741516966068	0.931137724551	0.907185628743	0.74750499002	0.90119760479	0.874251497006	0.911177644711	0.7624750499	0.887225548902	0.948103792415	0.937125748503	0.731536926148	0.712574850299	0.685628742515	0.595808383234	0.596806387226	0.554890219561	0.550898203593	0.513972055888	0.4750499002	0.740518962076	0.720558882236	0.652694610778	0.686626746507	0.721556886228
CF7	0.667664670659	0.622754491018	0.684630738523	0.629740518962	0.518962075848	0.450099800399	0.659680638723	0.761477045908	0.761477045908	0.670658682635	0.0	0.482035928144	0.624750499002	0.661676646707	0.614770459082	0.659680638723	0.811377245509	0.799401197605	0.885229540918	0.864271457086	0.713572854291	0.683632734531	0.74750499002	0.7375249501	0.667664670659	0.681636726547	0.704590818363	0.702594810379	0.76746506986	0.802395209581	0.784431137725	0.775449101796	0.786427145709	0.791417165669	0.807385229541	0.806387225549	0.806387225549	0.809381237525	0.807385229541	0.799401197605	0.809381237525	0.806387225549	0.791417165669	0.783433133733	0.793413173653	0.789421157685	0.786427145709	0.725548902196	0.697604790419	0.690618762475	0.697604790419	0.670658682635	0.664670658683	0.697604790419	0.677644710579	0.676646706587	0.686626746507	0.668662674651	0.698602794411	0.676646706587	0.671656686627	0.7375249501	0.701596806387	0.924151696607	0.935129740519	0.892215568862	0.721556886228	0.929141716567	0.907185628743	0.717564870259	0.914171656687	0.87125748503	0.918163672655	0.746506986028	0.895209580838	0.959081836327	0.932135728543	0.712574850299	0.73253493014	0.72255489022	0.814371257485	0.779441117764	0.672654690619	0.681636726547	0.697604790419	0.687624750499	0.790419161677	0.717564870259	0.687624750499	0.721556886228	0.761477045908
CF8	0.691616766467	0.634730538922	0.65369261477	0.63872255489	0.442115768463	0.472055888224	0.667664670659	0.76746506986	0.781437125749	0.686626746507	0.482035928144	0.0	0.620758483034	0.649700598802	0.631736526946	0.671656686627	0.798403193613	0.791417165669	0.877245508982	0.865269461078	0.718562874251	0.678642714571	0.673652694611	0.669660678643	0.59880239521	0.60379241517	0.681636726547	0.669660678643	0.758483033932	0.791417165669	0.769461077844	0.749500998004	0.800399201597	0.808383233533	0.824351297405	0.827345309381	0.821357285429	0.824351297405	0.821357285429	0.821357285429	0.822355289421	0.823353293413	0.808383233533	0.797405189621	0.811377245509	0.805389221557	0.804391217565	0.710578842315	0.672654690619	0.669660678643	0.688622754491	0.664670658683	0.655688622754	0.685628742515	0.673652694611	0.673652694611	0.677644710579	0.665668662675	0.697604790419	0.662674650699	0.665668662675	0.708582834331	0.692614770459	0.920159680639	0.935129740519	0.895209580838	0.735528942116	0.929141716567	0.908183632735	0.725548902196	0.914171656687	0.839321357285	0.914171656687	0.751497005988	0.89620758483	0.963073852295	0.928143712575	0.725548902196	0.715568862275	0.733532934132	0.834331337325	0.802395209581	0.688622754491	0.701596806387	0.707584830339	0.707584830339	0.790419161677	0.731536926148	0.726546906188	0.726546906188	0.765469061876
CG7	0.556886227545	0.540918163673	0.534930139721	0.440119760479	0.634730538922	0.61876247505	0.553892215569	0.610778443114	0.61377245509	0.565868263473	0.624750499002	0.620758483034	0.0	0.49500998004	0.553892215569	0.539920159681	0.863273453094	0.840319361277	0.875249500998	0.85129740519	0.697604790419	0.689620758483	0.833333333333	0.830339321357	0.745508982036	0.770459081836	0.778443113772	0.756487025948	0.724550898204	0.77744510978	0.816367265469	0.801397205589	0.64870259481	0.647704590818	0.62375249501	0.664670658683	0.61876247505	0.659680638723	0.671656686627	0.662674650699	0.673652694611	0.666666666667	0.602794411178	0.650698602794	0.61377245509	0.639720558882	0.64870259481	0.708582834331	0.685628742515	0.710578842315	0.715568862275	0.655688622754	0.714570858283	0.646706586826	0.703592814371	0.634730538922	0.578842315369	0.639720558882	0.625748502994	0.701596806387	0.724550898204	0.700598802395	0.706586826347	0.888223552894	0.903193612774	0.884231536926	0.743512974052	0.898203592814	0.878243512974	0.736526946108	0.910179640719	0.868263473054	0.897205588822	0.756487025948	0.867265469062	0.930139720559	0.890219560878	0.774451097804	0.753493013972	0.773453093812	0.650698602794	0.62375249501	0.626746506986	0.62874251497	0.61876247505	0.609780439122	0.804391217565	0.77744510978	0.728542914172	0.773453093812	0.807385229541
CG8	0.642714570858	0.615768463074	0.423153692615	0.5	0.669660678643	0.669660678643	0.63872255489	0.652694610778	0.649700598802	0.646706586826	0.661676646707	0.649700598802	0.49500998004	0.0	0.629740518962	0.630738522954	0.848303393214	0.822355289421	0.859281437126	0.842315369261	0.744510978044	0.723552894212	0.798403193613	0.790419161677	0.702594810379	0.72255489022	0.76746506986	0.738522954092	0.739520958084	0.771457085828	0.789421157685	0.768463073852	0.72255489022	0.712574850299	0.664670658683	0.714570858283	0.659680638723	0.710578842315	0.717564870259	0.719560878244	0.726546906188	0.714570858283	0.641716566866	0.717564870259	0.663672654691	0.709580838323	0.723552894212	0.758483033932	0.733532934132	0.761477045908	0.763473053892	0.696606786427	0.754491017964	0.683632734531	0.745508982036	0.683632734531	0.647704590818	0.683632734531	0.669660678643	0.74750499002	0.764471057884	0.750499001996	0.760479041916	0.869261477046	0.836327345309	0.878243512974	0.74251497006	0.828343313373	0.862275449102	0.738522954092	0.898203592814	0.840319361277	0.887225548902	0.755489021956	0.864271457086	0.859281437126	0.880239520958	0.842315369261	0.795409181637	0.848303393214	0.678642714571	0.658682634731	0.693612774451	0.690618762475	0.696606786427	0.688622754491	0.87125748503	0.852295409182	0.788423153693	0.838323353293	0.87125748503
CH7	0.374251497006	0.299401197605	0.647704590818	0.51996007984	0.64870259481	0.606786427146	0.38123752495	0.456087824351	0.451097804391	0.392215568862	0.614770459082	0.631736526946	0.553892215569	0.629740518962	0.0	0.35129740519	0.87624750499	0.847305389222	0.900199600798	0.899201596806	0.729540918164	0.735528942116	0.88123752495	0.87624750499	0.785429141717	0.813373253493	0.798403193613	0.773453093812	0.796407185629	0.825349301397	0.828343313373	0.817365269461	0.546906187625	0.511976047904	0.564870259481	0.50998003992	0.62874251497	0.588822355289	0.600798403194	0.554890219561	0.610778443114	0.562874251497	0.597804391218	0.50499001996	0.555888223553	0.50499001996	0.536926147705	0.728542914172	0.691616766467	0.670658682635	0.679640718563	0.616766467066	0.655688622754	0.626746506986	0.665668662675	0.59880239521	0.533932135729	0.604790419162	0.645708582834	0.663672654691	0.657684630739	0.733532934132	0.688622754491	0.917165668663	0.940119760479	0.893213572854	0.708582834331	0.923153692615	0.909181636727	0.708582834331	0.908183632735	0.86626746507	0.909181636727	0.74251497006	0.893213572854	0.959081836327	0.925149700599	0.697604790419	0.72754491018	0.699600798403	0.632734530938	0.645708582834	0.566866267465	0.565868263473	0.516966067864	0.481037924152	0.773453093812	0.691616766467	0.639720558882	0.700598802395	0.726546906188
CH8	0.287425149701	0.372255489022	0.64371257485	0.536926147705	0.692614770459	0.642714570858	0.403193612774	0.415169660679	0.411177644711	0.417165668663	0.659680638723	0.671656686627	0.539920159681	0.630738522954	0.35129740519	0.0	0.913173652695	0.894211576846	0.902195608782	0.892215568862	0.731536926148	0.751497005988	0.919161676647	0.921157684631	0.823353293413	0.852295409182	0.827345309381	0.811377245509	0.806387225549	0.829341317365	0.840319361277	0.850299401198	0.532934131737	0.508982035928	0.549900199601	0.49001996008	0.615768463074	0.577844311377	0.59880239521	0.560878243513	0.610778443114	0.556886227545	0.580838323353	0.503992015968	0.540918163673	0.497005988024	0.537924151697	0.718562874251	0.686626746507	0.669660678643	0.686626746507	0.60379241517	0.661676646707	0.635728542914	0.677644710579	0.60379241517	0.539920159681	0.599800399202	0.626746506986	0.671656686627	0.669660678643	0.717564870259	0.694610778443	0.918163672655	0.929141716567	0.889221556886	0.72255489022	0.927145708583	0.90618762475	0.723552894212	0.910179640719	0.864271457086	0.911177644711	0.746506986028	0.889221556886	0.955089820359	0.918163672655	0.738522954092	0.720558882236	0.726546906188	0.624750499002	0.631736526946	0.587824351297	0.602794411178	0.551896207585	0.51996007984	0.761477045908	0.740518962076	0.686626746507	0.719560878244	0.749500998004
CA1	0.928143712575	0.872255489022	0.853293413174	0.869261477046	0.811377245509	0.809381237525	0.887225548902	0.927145708583	0.915169660679	0.888223552894	0.811377245509	0.798403193613	0.863273453094	0.848303393214	0.87624750499	0.913173652695	0.0	0.358283433134	0.513972055888	0.500998003992	0.852295409182	0.73253493014	0.75748502994	0.751497005988	0.699600798403	0.736526946108	0.466067864271	0.551896207585	0.468063872255	0.48502994012	0.49001996008	0.409181636727	0.969061876248	0.966067864271	0.968063872255	0.966067864271	0.969061876248	0.966067864271	0.969061876248	0.969061876248	0.97005988024	0.967065868263	0.969061876248	0.967065868263	0.967065868263	0.967065868263	0.972055888224	0.933133732535	0.941117764471	0.936127744511	0.935129740519	0.930139720559	0.931137724551	0.927145708583	0.911177644711	0.924151696607	0.934131736527	0.941117764471	0.935129740519	0.941117764471	0.937125748503	0.930139720559	0.936127744511	0.942115768463	0.956087824351	0.941117764471	0.948103792415	0.947105788423	0.946107784431	0.941117764471	0.933133732535	0.926147704591	0.934131736527	0.940119760479	0.947105788423	0.97005988024	0.945109780439	0.930139720559	0.930139720559	0.935129740519	0.955089820359	0.943113772455	0.938123752495	0.923153692615	0.938123752495	0.937125748503	0.952095808383	0.918163672655	0.935129740519	0.935129740519	0.942115768463
CA2	0.903193612774	0.849301397206	0.823353293413	0.836327345309	0.804391217565	0.799401197605	0.868263473054	0.909181636727	0.899201596806	0.878243512974	0.799401197605	0.791417165669	0.840319361277	0.822355289421	0.847305389222	0.894211576846	0.358283433134	0.0	0.507984031936	0.494011976048	0.841317365269	0.710578842315	0.758483033932	0.763473053892	0.705588822355	0.748502994012	0.452095808383	0.518962075848	0.446107784431	0.460079840319	0.456087824351	0.387225548902	0.948103792415	0.944111776447	0.949101796407	0.944111776447	0.946107784431	0.947105788423	0.948103792415	0.949101796407	0.950099800399	0.948103792415	0.947105788423	0.946107784431	0.944111776447	0.944111776447	0.952095808383	0.911177644711	0.913173652695	0.911177644711	0.913173652695	0.909181636727	0.903193612774	0.90119760479	0.892215568862	0.894211576846	0.907185628743	0.917165668663	0.908183632735	0.911177644711	0.911177644711	0.909181636727	0.912175648703	0.931137724551	0.941117764471	0.938123752495	0.922155688623	0.931137724551	0.928143712575	0.912175648703	0.916167664671	0.908183632735	0.915169660679	0.912175648703	0.939121756487	0.958083832335	0.939121756487	0.904191616766	0.90119760479	0.914171656687	0.937125748503	0.919161676647	0.921157684631	0.919161676647	0.923153692615	0.918163672655	0.933133732535	0.90618762475	0.916167664671	0.920159680639	0.921157684631
CB1	0.90618762475	0.911177644711	0.870259481038	0.87624750499	0.884231536926	0.872255489022	0.907185628743	0.914171656687	0.920159680639	0.918163672655	0.885229540918	0.877245508982	0.875249500998	0.859281437126	0.900199600798	0.902195608782	0.513972055888	0.507984031936	0.0	0.289421157685	0.878243512974	0.756487025948	0.835329341317	0.841317365269	0.799401197605	0.831337325349	0.531936127745	0.606786427146	0.496007984032	0.397205588822	0.453093812375	0.450099800399	0.962075848303	0.957085828343	0.941117764471	0.955089820359	0.938123752495	0.947105788423	0.960079840319	0.963073852295	0.963073852295	0.961077844311	0.940119760479	0.960079840319	0.940119760479	0.956087824351	0.964071856287	0.922155688623	0.920159680639	0.919161676647	0.922155688623	0.925149700599	0.921157684631	0.929141716567	0.928143712575	0.928143712575	0.924151696607	0.916167664671	0.920159680639	0.920159680639	0.922155688623	0.922155688623	0.919161676647	0.930139720559	0.945109780439	0.953093812375	0.934131736527	0.938123752495	0.942115768463	0.929141716567	0.941117764471	0.919161676647	0.941117764471	0.934131736527	0.955089820359	0.964071856287	0.938123752495	0.961077844311	0.924151696607	0.960079840319	0.934131736527	0.921157684631	0.949101796407	0.947105788423	0.955089820359	0.952095808383	0.956087824351	0.959081836327	0.960079840319	0.961077844311	0.962075848303
CB2	0.903193612774	0.907185628743	0.841317365269	0.857285429142	0.863273453094	0.862275449102	0.912175648703	0.915169660679	0.919161676647	0.914171656687	0.864271457086	0.865269461078	0.85129740519	0.842315369261	0.899201596806	0.892215568862	0.500998003992	0.494011976048	0.289421157685	0.0	0.86626746507	0.750499001996	0.817365269461	0.814371257485	0.763473053892	0.802395209581	0.517964071856	0.59381237525	0.458083832335	0.359281437126	0.439121756487	0.444111776447	0.965069860279	0.958083832335	0.932135728543	0.957085828343	0.929141716567	0.949101796407	0.961077844311	0.965069860279	0.965069860279	0.962075848303	0.932135728543	0.959081836327	0.931137724551	0.956087824351	0.967065868263	0.913173652695	0.916167664671	0.919161676647	0.915169660679	0.930139720559	0.920159680639	0.931137724551	0.931137724551	0.928143712575	0.922155688623	0.921157684631	0.920159680639	0.914171656687	0.924151696607	0.914171656687	0.914171656687	0.923153692615	0.931137724551	0.933133732535	0.924151696607	0.930139720559	0.931137724551	0.918163672655	0.931137724551	0.912175648703	0.928143712575	0.916167664671	0.938123752495	0.953093812375	0.922155688623	0.955089820359	0.926147704591	0.957085828343	0.924151696607	0.922155688623	0.944111776447	0.945109780439	0.951097804391	0.946107784431	0.952095808383	0.957085828343	0.958083832335	0.958083832335	0.959081836327
CC1	0.745508982036	0.711576846307	0.781437125749	0.686626746507	0.730538922156	0.719560878244	0.740518962076	0.771457085828	0.769461077844	0.72255489022	0.713572854291	0.718562874251	0.697604790419	0.744510978044	0.729540918164	0.731536926148	0.852295409182	0.841317365269	0.878243512974	0.86626746507	0.0	0.460079840319	0.888223552894	0.874251497006	0.769461077844	0.805389221557	0.768463073852	0.712574850299	0.766467065868	0.793413173653	0.807385229541	0.806387225549	0.801397205589	0.794411177645	0.77744510978	0.808383233533	0.778443113772	0.803393213573	0.822355289421	0.813373253493	0.817365269461	0.812375249501	0.750499001996	0.792415169661	0.756487025948	0.787425149701	0.794411177645	0.669660678643	0.709580838323	0.713572854291	0.720558882236	0.716566866267	0.683632734531	0.696606786427	0.676646706587	0.672654690619	0.733532934132	0.730538922156	0.708582834331	0.721556886228	0.736526946108	0.684630738523	0.707584830339	0.825349301397	0.832335329341	0.759481037924	0.677644710579	0.820359281437	0.832335329341	0.663672654691	0.817365269461	0.745508982036	0.820359281437	0.679640718563	0.760479041916	0.853293413174	0.853293413174	0.687624750499	0.686626746507	0.739520958084	0.779441117764	0.751497005988	0.738522954092	0.719560878244	0.746506986028	0.748502994012	0.800399201597	0.689620758483	0.731536926148	0.7375249501	0.770459081836
CC2	0.758483033932	0.713572854291	0.74750499002	0.696606786427	0.709580838323	0.686626746507	0.753493013972	0.790419161677	0.781437125749	0.743512974052	0.683632734531	0.678642714571	0.689620758483	0.723552894212	0.735528942116	0.751497005988	0.73253493014	0.710578842315	0.756487025948	0.750499001996	0.460079840319	0.0	0.790419161677	0.775449101796	0.662674650699	0.704590818363	0.605788423154	0.543912175649	0.660678642715	0.669660678643	0.670658682635	0.663672654691	0.817365269461	0.808383233533	0.798403193613	0.826347305389	0.806387225549	0.822355289421	0.837325349301	0.830339321357	0.840319361277	0.832335329341	0.780439121756	0.811377245509	0.785429141717	0.807385229541	0.819361277445	0.687624750499	0.729540918164	0.734530938124	0.74251497006	0.74251497006	0.717564870259	0.725548902196	0.72255489022	0.707584830339	0.753493013972	0.754491017964	0.73253493014	0.724550898204	0.74251497006	0.699600798403	0.731536926148	0.838323353293	0.850299401198	0.800399201597	0.7375249501	0.829341317365	0.848303393214	0.716566866267	0.821357285429	0.755489021956	0.826347305389	0.716566866267	0.801397205589	0.87624750499	0.863273453094	0.723552894212	0.697604790419	0.758483033932	0.808383233533	0.786427145709	0.766467065868	0.756487025948	0.773453093812	0.774451097804	0.823353293413	0.743512974052	0.768463073852	0.768463073852	0.786427145709
CD1	0.933133732535	0.884231536926	0.795409181637	0.844311377246	0.665668662675	0.741516966068	0.899201596806	0.947105788423	0.946107784431	0.920159680639	0.74750499002	0.673652694611	0.833333333333	0.798403193613	0.88123752495	0.919161676647	0.75748502994	0.758483033932	0.835329341317	0.817365269461	0.888223552894	0.790419161677	0.0	0.392215568862	0.569860279441	0.479041916168	0.729540918164	0.72754491018	0.806387225549	0.807385229541	0.815369261477	0.76746506986	0.981037924152	0.976047904192	0.982035928144	0.981037924152	0.982035928144	0.98003992016	0.982035928144	0.98502994012	0.983033932136	0.98003992016	0.981037924152	0.981037924152	0.977045908184	0.979041916168	0.986027944112	0.944111776447	0.943113772455	0.942115768463	0.945109780439	0.940119760479	0.941117764471	0.936127744511	0.935129740519	0.941117764471	0.944111776447	0.943113772455	0.940119760479	0.945109780439	0.942115768463	0.943113772455	0.939121756487	0.953093812375	0.956087824351	0.973053892216	0.97005988024	0.951097804391	0.9750499002	0.962075848303	0.97005988024	0.944111776447	0.974051896208	0.961077844311	0.9750499002	0.983033932136	0.961077844311	0.9750499002	0.943113772455	0.976047904192	0.953093812375	0.952095808383	0.966067864271	0.969061876248	0.969061876248	0.966067864271	0.977045908184	0.979041916168	0.979041916168	0.977045908184	0.978043912176
CD2	0.932135728543	0.882235528942	0.789421157685	0.840319361277	0.649700598802	0.743512974052	0.900199600798	0.947105788423	0.945109780439	0.915169660679	0.7375249501	0.669660678643	0.830339321357	0.790419161677	0.87624750499	0.921157684631	0.751497005988	0.763473053892	0.841317365269	0.814371257485	0.874251497006	0.775449101796	0.392215568862	0.0	0.548902195609	0.453093812375	0.704590818363	0.710578842315	0.797405189621	0.803393213573	0.806387225549	0.763473053892	0.977045908184	0.976047904192	0.979041916168	0.979041916168	0.978043912176	0.978043912176	0.978043912176	0.979041916168	0.979041916168	0.976047904192	0.979041916168	0.977045908184	0.978043912176	0.978043912176	0.979041916168	0.932135728543	0.931137724551	0.931137724551	0.936127744511	0.926147704591	0.928143712575	0.930139720559	0.931137724551	0.932135728543	0.931137724551	0.931137724551	0.927145708583	0.933133732535	0.930139720559	0.930139720559	0.928143712575	0.960079840319	0.965069860279	0.973053892216	0.97005988024	0.961077844311	0.974051896208	0.965069860279	0.97005988024	0.933133732535	0.971057884232	0.962075848303	0.974051896208	0.99001996008	0.963073852295	0.969061876248	0.933133732535	0.972055888224	0.950099800399	0.949101796407	0.963073852295	0.966067864271	0.967065868263	0.963073852295	0.974051896208	0.973053892216	0.971057884232	0.971057884232	0.972055888224
CE1	0.833333333333	0.775449101796	0.693612774451	0.756487025948	0.612774451098	0.64371257485	0.799401197605	0.838323353293	0.833333333333	0.804391217565	0.667664670659	0.59880239521	0.745508982036	0.702594810379	0.785429141717	0.823353293413	0.699600798403	0.705588822355	0.799401197605	0.763473053892	0.769461077844	0.662674650699	0.569860279441	0.548902195609	0.0	0.437125748503	0.661676646707	0.62874251497	0.686626746507	0.721556886228	0.698602794411	0.683632734531	0.894211576846	0.889221556886	0.890219560878	0.888223552894	0.890219560878	0.89121756487	0.894211576846	0.894211576846	0.897205588822	0.894211576846	0.889221556886	0.89121756487	0.88622754491	0.889221556886	0.897205588822	0.751497005988	0.75748502994	0.750499001996	0.798403193613	0.740518962076	0.74251497006	0.783433133733	0.763473053892	0.76746506986	0.792415169661	0.754491017964	0.744510978044	0.764471057884	0.760479041916	0.751497005988	0.792415169661	0.931137724551	0.933133732535	0.888223552894	0.863273453094	0.922155688623	0.943113772455	0.858283433134	0.928143712575	0.792415169661	0.931137724551	0.865269461078	0.884231536926	0.956087824351	0.940119760479	0.873253493014	0.765469061876	0.87624750499	0.835329341317	0.830339321357	0.849301397206	0.850299401198	0.858283433134	0.85628742515	0.913173652695	0.870259481038	0.868263473054	0.864271457086	0.90618762475
CE2	0.864271457086	0.814371257485	0.716566866267	0.776447105788	0.596806387226	0.673652694611	0.833333333333	0.87624750499	0.870259481038	0.845309381238	0.681636726547	0.60379241517	0.770459081836	0.72255489022	0.813373253493	0.852295409182	0.736526946108	0.748502994012	0.831337325349	0.802395209581	0.805389221557	0.704590818363	0.479041916168	0.453093812375	0.437125748503	0.0	0.690618762475	0.655688622754	0.726546906188	0.74251497006	0.750499001996	0.72255489022	0.920159680639	0.917165668663	0.918163672655	0.920159680639	0.918163672655	0.918163672655	0.920159680639	0.919161676647	0.922155688623	0.918163672655	0.920159680639	0.920159680639	0.916167664671	0.917165668663	0.922155688623	0.841317365269	0.845309381238	0.842315369261	0.848303393214	0.842315369261	0.839321357285	0.839321357285	0.834331337325	0.838323353293	0.842315369261	0.842315369261	0.836327345309	0.844311377246	0.844311377246	0.840319361277	0.841317365269	0.945109780439	0.950099800399	0.913173652695	0.897205588822	0.942115768463	0.955089820359	0.889221556886	0.946107784431	0.868263473054	0.947105788423	0.894211576846	0.913173652695	0.976047904192	0.957085828343	0.892215568862	0.845309381238	0.894211576846	0.873253493014	0.878243512974	0.892215568862	0.894211576846	0.895209580838	0.888223552894	0.934131736527	0.895209580838	0.894211576846	0.890219560878	0.917165668663
CF1	0.842315369261	0.807385229541	0.77245508982	0.786427145709	0.712574850299	0.701596806387	0.809381237525	0.852295409182	0.843313373253	0.819361277445	0.704590818363	0.681636726547	0.778443113772	0.76746506986	0.798403193613	0.827345309381	0.466067864271	0.452095808383	0.531936127745	0.517964071856	0.768463073852	0.605788423154	0.729540918164	0.704590818363	0.661676646707	0.690618762475	0.0	0.35628742515	0.468063872255	0.473053892216	0.437125748503	0.415169660679	0.898203592814	0.895209580838	0.898203592814	0.899201596806	0.89620758483	0.897205588822	0.898203592814	0.900199600798	0.900199600798	0.89620758483	0.898203592814	0.895209580838	0.898203592814	0.897205588822	0.902195608782	0.821357285429	0.821357285429	0.812375249501	0.822355289421	0.813373253493	0.804391217565	0.818363273453	0.810379241517	0.813373253493	0.832335329341	0.821357285429	0.816367265469	0.817365269461	0.818363273453	0.814371257485	0.815369261477	0.911177644711	0.929141716567	0.917165668663	0.859281437126	0.920159680639	0.911177644711	0.854291417166	0.900199600798	0.855289421158	0.904191616766	0.855289421158	0.924151696607	0.960079840319	0.922155688623	0.853293413174	0.819361277445	0.862275449102	0.902195608782	0.878243512974	0.863273453094	0.855289421158	0.854291417166	0.85628742515	0.879241516966	0.858283433134	0.863273453094	0.85628742515	0.862275449102
CF2	0.820359281437	0.77744510978	0.758483033932	0.760479041916	0.705588822355	0.696606786427	0.798403193613	0.837325349301	0.831337325349	0.801397205589	0.702594810379	0.669660678643	0.756487025948	0.738522954092	0.773453093812	0.811377245509	0.551896207585	0.518962075848	0.606786427146	0.59381237525	0.712574850299	0.543912175649	0.72754491018	0.710578842315	0.62874251497	0.655688622754	0.35628742515	0.0	0.538922155689	0.539920159681	0.497005988024	0.474051896208	0.879241516966	0.872255489022	0.878243512974	0.879241516966	0.880239520958	0.87624750499	0.885229540918	0.87624750499	0.884231536926	0.880239520958	0.875249500998	0.875249500998	0.87624750499	0.87125748503	0.880239520958	0.794411177645	0.798403193613	0.790419161677	0.796407185629	0.786427145709	0.774451097804	0.790419161677	0.780439121756	0.782435129741	0.806387225549	0.800399201597	0.788423153693	0.794411177645	0.792415169661	0.783433133733	0.798403193613	0.897205588822	0.917165668663	0.898203592814	0.840319361277	0.900199600798	0.907185628743	0.831337325349	0.888223552894	0.823353293413	0.89620758483	0.829341317365	0.902195608782	0.946107784431	0.916167664671	0.821357285429	0.787425149701	0.835329341317	0.877245508982	0.852295409182	0.835329341317	0.826347305389	0.833333333333	0.831337325349	0.857285429142	0.828343313373	0.836327345309	0.831337325349	0.835329341317
CG1	0.813373253493	0.781437125749	0.736526946108	0.740518962076	0.763473053892	0.756487025948	0.813373253493	0.819361277445	0.811377245509	0.805389221557	0.76746506986	0.758483033932	0.724550898204	0.739520958084	0.796407185629	0.806387225549	0.468063872255	0.446107784431	0.496007984032	0.458083832335	0.766467065868	0.660678642715	0.806387225549	0.797405189621	0.686626746507	0.726546906188	0.468063872255	0.538922155689	0.0	0.36626746507	0.437125748503	0.424151696607	0.885229540918	0.880239520958	0.819361277445	0.87624750499	0.819361277445	0.870259481038	0.88123752495	0.889221556886	0.887225548902	0.887225548902	0.818363273453	0.88123752495	0.830339321357	0.878243512974	0.888223552894	0.820359281437	0.803393213573	0.830339321357	0.826347305389	0.843313373253	0.830339321357	0.84630738523	0.840319361277	0.837325349301	0.836327345309	0.840319361277	0.833333333333	0.826347305389	0.842315369261	0.806387225549	0.818363273453	0.877245508982	0.889221556886	0.860279441118	0.800399201597	0.884231536926	0.873253493014	0.800399201597	0.89121756487	0.87125748503	0.884231536926	0.806387225549	0.844311377246	0.897205588822	0.877245508982	0.85628742515	0.850299401198	0.860279441118	0.848303393214	0.831337325349	0.841317365269	0.844311377246	0.850299401198	0.843313373253	0.89121756487	0.85628742515	0.858283433134	0.85628742515	0.890219560878
