	CA7	CA8	CB7	CB8	CC7	CC8	CD7	CD8	CE7	CE8	CF7	CF8	CG7	CG8	CH7	CH8	CA1	CA2	CB1	CB2	CC1	CC2	CD1	CD2	CE1	CE2	CF1	CF2	CG1	CG2	CH1	CH2	CA5	CA6	CB5	CB6	CC5	CC6	CD6	CE5	CE6	CF5	CF6	CG5	CG6	CH5	CH6	CA11	CA12	CB11	CB12	CC11	CC12	CD11	CD12	CE11	CE12	CF11	CF12	CG11	CG12	CH11	CH12	CA3	CA4	CB3	CB4	CC4	CD3	CD4	CE4	CF3	CF4	CG3	CG4	CH3	CH4	CA9	CA10	CB9	CC9	CC10	CD9	CD10	CE9	CE10	CF9	CG9	CG10	CH9	CH10
CA7	0.0	0.364271457086	0.661676646707	0.554890219561	0.708582834331	0.647704590818	0.421157684631	0.442115768463	0.442115768463	0.443113772455	0.640718562874	0.64870259481	0.59381237525	0.647704590818	0.37624750499	0.324351297405	0.920159680639	0.89620758483	0.920159680639	0.910179640719	0.745508982036	0.761477045908	0.933133732535	0.911177644711	0.830339321357	0.857285429142	0.825349301397	0.823353293413	0.836327345309	0.863273453094	0.852295409182	0.869261477046	0.520958083832	0.499001996008	0.571856287425	0.48502994012	0.601796407186	0.569860279441	0.584830339321	0.537924151697	0.620758483034	0.585828343313	0.599800399202	0.518962075848	0.559880239521	0.512974051896	0.547904191617	0.728542914172	0.718562874251	0.679640718563	0.700598802395	0.60379241517	0.666666666667	0.639720558882	0.699600798403	0.620758483034	0.566866267465	0.607784431138	0.645708582834	0.668662674651	0.681636726547	0.705588822355	0.678642714571	0.933133732535	0.930139720559	0.894211576846	0.714570858283	0.924151696607	0.905189620758	0.73253493014	0.910179640719	0.883233532934	0.914171656687	0.773453093812	0.900199600798	0.962075848303	0.932135728543	0.713572854291	0.74750499002	0.712574850299	0.637724550898	0.636726546906	0.582834331337	0.590818363273	0.565868263473	0.542914171657	0.775449101796	0.720558882236	0.687624750499	0.699600798403	0.739520958084
CA8	0.364271457086	0.0	0.64870259481	0.52994011976	0.664670658683	0.617764471058	0.374251497006	0.462075848303	0.456087824351	0.400199600798	0.61377245509	0.609780439122	0.569860279441	0.635728542914	0.315369261477	0.388223552894	0.870259481038	0.858283433134	0.920159680639	0.911177644711	0.72754491018	0.739520958084	0.902195608782	0.883233532934	0.803393213573	0.824351297405	0.796407185629	0.798403193613	0.787425149701	0.838323353293	0.848303393214	0.85129740519	0.515968063872	0.498003992016	0.570858283433	0.51497005988	0.604790419162	0.564870259481	0.581836327345	0.536926147705	0.620758483034	0.581836327345	0.606786427146	0.531936127745	0.566866267465	0.50998003992	0.540918163673	0.714570858283	0.706586826347	0.63872255489	0.661676646707	0.600798403194	0.632734530938	0.614770459082	0.680638722555	0.607784431138	0.562874251497	0.605788423154	0.646706586826	0.641716566866	0.676646706587	0.703592814371	0.642714570858	0.924151696607	0.934131736527	0.887225548902	0.681636726547	0.929141716567	0.895209580838	0.709580838323	0.894211576846	0.882235528942	0.900199600798	0.756487025948	0.888223552894	0.958083832335	0.925149700599	0.660678642715	0.731536926148	0.668662674651	0.63872255489	0.642714570858	0.523952095808	0.526946107784	0.499001996008	0.474051896208	0.769461077844	0.669660678643	0.619760479042	0.666666666667	0.700598802395
CB7	0.661676646707	0.64870259481	0.0	0.528942115768	0.677644710579	0.667664670659	0.668662674651	0.680638722555	0.670658682635	0.671656686627	0.663672654691	0.639720558882	0.527944111776	0.416167664671	0.647704590818	0.661676646707	0.811377245509	0.790419161677	0.87624750499	0.84630738523	0.753493013972	0.74251497006	0.784431137725	0.768463073852	0.679640718563	0.699600798403	0.728542914172	0.7624750499	0.734530938124	0.768463073852	0.805389221557	0.813373253493	0.748502994012	0.740518962076	0.691616766467	0.744510978044	0.697604790419	0.745508982036	0.74750499002	0.750499001996	0.744510978044	0.748502994012	0.664670658683	0.736526946108	0.698602794411	0.74750499002	0.750499001996	0.774451097804	0.734530938124	0.77744510978	0.798403193613	0.720558882236	0.763473053892	0.693612774451	0.759481037924	0.698602794411	0.644710578842	0.725548902196	0.730538922156	0.771457085828	0.804391217565	0.755489021956	0.761477045908	0.889221556886	0.810379241517	0.87624750499	0.765469061876	0.813373253493	0.87624750499	0.795409181637	0.882235528942	0.831337325349	0.887225548902	0.806387225549	0.870259481038	0.844311377246	0.885229540918	0.86127744511	0.815369261477	0.867265469062	0.688622754491	0.679640718563	0.726546906188	0.723552894212	0.725548902196	0.719560878244	0.89620758483	0.870259481038	0.823353293413	0.864271457086	0.900199600798
CB8	0.554890219561	0.52994011976	0.528942115768	0.0	0.647704590818	0.624750499002	0.543912175649	0.604790419162	0.600798403194	0.570858283433	0.625748502994	0.612774451098	0.446107784431	0.511976047904	0.534930139721	0.548902195609	0.848303393214	0.819361277445	0.884231536926	0.864271457086	0.671656686627	0.696606786427	0.849301397206	0.824351297405	0.761477045908	0.780439121756	0.75249500998	0.764471057884	0.749500998004	0.785429141717	0.808383233533	0.817365269461	0.640718562874	0.630738522954	0.641716566866	0.659680638723	0.612774451098	0.658682634731	0.671656686627	0.670658682635	0.678642714571	0.672654690619	0.60878243513	0.687624750499	0.627744510978	0.657684630739	0.632734530938	0.712574850299	0.687624750499	0.701596806387	0.719560878244	0.641716566866	0.699600798403	0.627744510978	0.686626746507	0.627744510978	0.568862275449	0.650698602794	0.654690618762	0.696606786427	0.725548902196	0.684630738523	0.681636726547	0.902195608782	0.90119760479	0.884231536926	0.73253493014	0.897205588822	0.873253493014	0.744510978044	0.883233532934	0.858283433134	0.885229540918	0.753493013972	0.872255489022	0.927145708583	0.908183632735	0.763473053892	0.743512974052	0.764471057884	0.650698602794	0.62874251497	0.615768463074	0.610778443114	0.600798403194	0.590818363273	0.789421157685	0.764471057884	0.718562874251	0.760479041916	0.791417165669
CC7	0.708582834331	0.664670658683	0.677644710579	0.647704590818	0.0	0.525948103792	0.697604790419	0.791417165669	0.797405189621	0.733532934132	0.516966067864	0.440119760479	0.646706586826	0.666666666667	0.655688622754	0.703592814371	0.791417165669	0.770459081836	0.885229540918	0.862275449102	0.7375249501	0.718562874251	0.661676646707	0.64870259481	0.599800399202	0.595808383234	0.673652694611	0.711576846307	0.779441117764	0.804391217565	0.790419161677	0.781437125749	0.813373253493	0.813373253493	0.86127744511	0.843313373253	0.836327345309	0.843313373253	0.845309381238	0.840319361277	0.852295409182	0.844311377246	0.832335329341	0.867265469062	0.841317365269	0.835329341317	0.812375249501	0.723552894212	0.705588822355	0.705588822355	0.706586826347	0.694610778443	0.695608782435	0.723552894212	0.701596806387	0.701596806387	0.708582834331	0.692614770459	0.709580838323	0.702594810379	0.689620758483	0.708582834331	0.700598802395	0.944111776447	0.943113772455	0.913173652695	0.760479041916	0.944111776447	0.918163672655	0.77245508982	0.921157684631	0.870259481038	0.923153692615	0.783433133733	0.918163672655	0.9750499002	0.947105788423	0.74251497006	0.728542914172	0.755489021956	0.844311377246	0.820359281437	0.745508982036	0.740518962076	0.734530938124	0.74750499002	0.797405189621	0.74750499002	0.748502994012	0.74750499002	0.781437125749
CC8	0.647704590818	0.617764471058	0.667664670659	0.624750499002	0.525948103792	0.0	0.641716566866	0.744510978044	0.753493013972	0.680638722555	0.461077844311	0.4750499002	0.609780439122	0.65369261477	0.609780439122	0.660678642715	0.802395209581	0.768463073852	0.879241516966	0.864271457086	0.715568862275	0.700598802395	0.764471057884	0.743512974052	0.666666666667	0.674650698603	0.686626746507	0.718562874251	0.766467065868	0.795409181637	0.793413173653	0.790419161677	0.773453093812	0.764471057884	0.816367265469	0.799401197605	0.798403193613	0.800399201597	0.804391217565	0.804391217565	0.805389221557	0.807385229541	0.785429141717	0.820359281437	0.803393213573	0.791417165669	0.768463073852	0.712574850299	0.696606786427	0.683632734531	0.700598802395	0.652694610778	0.656686626747	0.679640718563	0.671656686627	0.660678642715	0.662674650699	0.661676646707	0.669660678643	0.676646706587	0.690618762475	0.691616766467	0.690618762475	0.923153692615	0.917165668663	0.892215568862	0.72255489022	0.925149700599	0.89620758483	0.726546906188	0.899201596806	0.86127744511	0.903193612774	0.756487025948	0.893213572854	0.950099800399	0.925149700599	0.704590818363	0.724550898204	0.736526946108	0.799401197605	0.778443113772	0.688622754491	0.690618762475	0.685628742515	0.683632734531	0.792415169661	0.718562874251	0.689620758483	0.721556886228	0.773453093812
CD7	0.421157684631	0.374251497006	0.668662674651	0.543912175649	0.697604790419	0.641716566866	0.0	0.445109780439	0.440119760479	0.345309381238	0.665668662675	0.654690618762	0.574850299401	0.63872255489	0.399201596806	0.413173652695	0.884231536926	0.872255489022	0.924151696607	0.911177644711	0.731536926148	0.750499001996	0.909181636727	0.888223552894	0.809381237525	0.835329341317	0.806387225549	0.810379241517	0.796407185629	0.853293413174	0.847305389222	0.847305389222	0.517964071856	0.488023952096	0.576846307385	0.528942115768	0.607784431138	0.557884231537	0.585828343313	0.542914171657	0.62375249501	0.584830339321	0.602794411178	0.548902195609	0.567864271457	0.518962075848	0.534930139721	0.682634730539	0.666666666667	0.657684630739	0.672654690619	0.585828343313	0.646706586826	0.584830339321	0.689620758483	0.595808383234	0.555888223553	0.599800399202	0.59880239521	0.657684630739	0.672654690619	0.658682634731	0.657684630739	0.940119760479	0.944111776447	0.89121756487	0.753493013972	0.937125748503	0.907185628743	0.761477045908	0.905189620758	0.894211576846	0.909181636727	0.779441117764	0.900199600798	0.963073852295	0.941117764471	0.72754491018	0.731536926148	0.696606786427	0.585828343313	0.602794411178	0.546906187625	0.539920159681	0.517964071856	0.506986027944	0.724550898204	0.729540918164	0.668662674651	0.687624750499	0.743512974052
CD8	0.442115768463	0.462075848303	0.680638722555	0.604790419162	0.791417165669	0.744510978044	0.445109780439	0.0	0.338323353293	0.437125748503	0.754491017964	0.753493013972	0.644710578842	0.665668662675	0.484031936128	0.400199600798	0.918163672655	0.90618762475	0.930139720559	0.925149700599	0.775449101796	0.779441117764	0.954091816367	0.934131736527	0.842315369261	0.879241516966	0.843313373253	0.845309381238	0.807385229541	0.869261477046	0.857285429142	0.878243512974	0.558882235529	0.52994011976	0.567864271457	0.493013972056	0.614770459082	0.574850299401	0.599800399202	0.544910179641	0.631736526946	0.592814371257	0.614770459082	0.5249500998	0.562874251497	0.525948103792	0.586826347305	0.745508982036	0.740518962076	0.744510978044	0.75748502994	0.663672654691	0.72754491018	0.64870259481	0.721556886228	0.654690618762	0.601796407186	0.683632734531	0.688622754491	0.745508982036	0.751497005988	0.733532934132	0.730538922156	0.927145708583	0.924151696607	0.879241516966	0.795409181637	0.933133732535	0.890219560878	0.814371257485	0.894211576846	0.879241516966	0.895209580838	0.817365269461	0.879241516966	0.948103792415	0.927145708583	0.789421157685	0.780439121756	0.77245508982	0.604790419162	0.606786427146	0.627744510978	0.626746506986	0.616766467066	0.583832335329	0.814371257485	0.791417165669	0.72754491018	0.774451097804	0.810379241517
CE7	0.442115768463	0.456087824351	0.670658682635	0.600798403194	0.797405189621	0.753493013972	0.440119760479	0.338323353293	0.0	0.433133732535	0.75249500998	0.744510978044	0.63872255489	0.650698602794	0.487025948104	0.400199600798	0.919161676647	0.90618762475	0.922155688623	0.916167664671	0.760479041916	0.761477045908	0.957085828343	0.937125748503	0.842315369261	0.879241516966	0.842315369261	0.839321357285	0.807385229541	0.865269461078	0.855289421158	0.872255489022	0.550898203593	0.5249500998	0.555888223553	0.487025948104	0.60379241517	0.565868263473	0.589820359281	0.541916167665	0.62375249501	0.581836327345	0.601796407186	0.525948103792	0.553892215569	0.521956087824	0.580838323353	0.730538922156	0.738522954092	0.730538922156	0.749500998004	0.664670658683	0.715568862275	0.64371257485	0.719560878244	0.652694610778	0.591816367265	0.669660678643	0.681636726547	0.726546906188	0.756487025948	0.719560878244	0.724550898204	0.90618762475	0.905189620758	0.853293413174	0.77744510978	0.910179640719	0.873253493014	0.797405189621	0.875249500998	0.852295409182	0.873253493014	0.801397205589	0.863273453094	0.926147704591	0.907185628743	0.778443113772	0.768463073852	0.768463073852	0.59381237525	0.594810379242	0.619760479042	0.61876247505	0.609780439122	0.579840319361	0.810379241517	0.780439121756	0.723552894212	0.765469061876	0.809381237525
CE8	0.443113772455	0.400199600798	0.671656686627	0.570858283433	0.733532934132	0.680638722555	0.345309381238	0.437125748503	0.433133732535	0.0	0.695608782435	0.686626746507	0.595808383234	0.660678642715	0.431137724551	0.438123752495	0.895209580838	0.879241516966	0.925149700599	0.914171656687	0.743512974052	0.758483033932	0.923153692615	0.903193612774	0.816367265469	0.847305389222	0.819361277445	0.819361277445	0.796407185629	0.853293413174	0.850299401198	0.859281437126	0.5249500998	0.500998003992	0.577844311377	0.51497005988	0.609780439122	0.568862275449	0.583832335329	0.537924151697	0.621756487026	0.585828343313	0.600798403194	0.534930139721	0.568862275449	0.510978043912	0.554890219561	0.703592814371	0.708582834331	0.707584830339	0.726546906188	0.634730538922	0.691616766467	0.60379241517	0.704590818363	0.619760479042	0.576846307385	0.641716566866	0.651696606786	0.705588822355	0.721556886228	0.700598802395	0.704590818363	0.940119760479	0.943113772455	0.898203592814	0.773453093812	0.935129740519	0.898203592814	0.791417165669	0.904191616766	0.893213572854	0.908183632735	0.807385229541	0.898203592814	0.966067864271	0.943113772455	0.760479041916	0.758483033932	0.733532934132	0.609780439122	0.61876247505	0.577844311377	0.578842315369	0.562874251497	0.530938123752	0.759481037924	0.758483033932	0.702594810379	0.72754491018	0.786427145709
CF7	0.640718562874	0.61377245509	0.663672654691	0.625748502994	0.516966067864	0.461077844311	0.665668662675	0.754491017964	0.75249500998	0.695608782435	0.0	0.458083832335	0.610778443114	0.650698602794	0.60379241517	0.669660678643	0.802395209581	0.778443113772	0.88123752495	0.865269461078	0.711576846307	0.694610778443	0.760479041916	0.741516966068	0.650698602794	0.688622754491	0.690618762475	0.715568862275	0.778443113772	0.801397205589	0.791417165669	0.796407185629	0.77744510978	0.768463073852	0.818363273453	0.803393213573	0.798403193613	0.802395209581	0.804391217565	0.801397205589	0.811377245509	0.805389221557	0.791417165669	0.829341317365	0.801397205589	0.792415169661	0.773453093812	0.706586826347	0.700598802395	0.671656686627	0.684630738523	0.642714570858	0.642714570858	0.681636726547	0.670658682635	0.660678642715	0.674650698603	0.640718562874	0.669660678643	0.661676646707	0.668662674651	0.688622754491	0.671656686627	0.932135728543	0.916167664671	0.887225548902	0.707584830339	0.926147704591	0.905189620758	0.716566866267	0.909181636727	0.85628742515	0.908183632735	0.763473053892	0.884231536926	0.952095808383	0.936127744511	0.688622754491	0.716566866267	0.712574850299	0.796407185629	0.76746506986	0.668662674651	0.672654690619	0.686626746507	0.670658682635	0.798403193613	0.697604790419	0.667664670659	0.698602794411	0.744510978044
CF8	0.64870259481	0.609780439122	0.639720558882	0.612774451098	0.440119760479	0.4750499002	0.654690618762	0.753493013972	0.744510978044	0.686626746507	0.458083832335	0.0	0.59381237525	0.635728542914	0.602794411178	0.656686626747	0.780439121756	0.765469061876	0.877245508982	0.863273453094	0.718562874251	0.691616766467	0.688622754491	0.657684630739	0.591816367265	0.607784431138	0.662674650699	0.701596806387	0.773453093812	0.801397205589	0.783433133733	0.774451097804	0.771457085828	0.769461077844	0.817365269461	0.803393213573	0.791417165669	0.802395209581	0.803393213573	0.798403193613	0.803393213573	0.800399201597	0.785429141717	0.821357285429	0.801397205589	0.792415169661	0.768463073852	0.715568862275	0.694610778443	0.681636726547	0.691616766467	0.645708582834	0.655688622754	0.683632734531	0.677644710579	0.665668662675	0.667664670659	0.64371257485	0.669660678643	0.668662674651	0.684630738523	0.693612774451	0.677644710579	0.930139720559	0.925149700599	0.897205588822	0.725548902196	0.924151696607	0.905189620758	0.7375249501	0.909181636727	0.848303393214	0.912175648703	0.774451097804	0.900199600798	0.965069860279	0.932135728543	0.708582834331	0.731536926148	0.73253493014	0.802395209581	0.77744510978	0.671656686627	0.684630738523	0.675648702595	0.673652694611	0.796407185629	0.718562874251	0.689620758483	0.720558882236	0.76746506986
CG7	0.59381237525	0.569860279441	0.527944111776	0.446107784431	0.646706586826	0.609780439122	0.574850299401	0.644710578842	0.63872255489	0.595808383234	0.610778443114	0.59381237525	0.0	0.483033932136	0.574850299401	0.583832335329	0.845309381238	0.820359281437	0.88123752495	0.854291417166	0.665668662675	0.672654690619	0.834331337325	0.818363273453	0.738522954092	0.76746506986	0.743512974052	0.750499001996	0.738522954092	0.763473053892	0.814371257485	0.811377245509	0.679640718563	0.671656686627	0.677644710579	0.701596806387	0.656686626747	0.694610778443	0.709580838323	0.710578842315	0.707584830339	0.710578842315	0.63373253493	0.723552894212	0.662674650699	0.690618762475	0.670658682635	0.719560878244	0.685628742515	0.702594810379	0.724550898204	0.641716566866	0.701596806387	0.631736526946	0.702594810379	0.634730538922	0.601796407186	0.645708582834	0.658682634731	0.707584830339	0.7375249501	0.683632734531	0.678642714571	0.89620758483	0.894211576846	0.892215568862	0.719560878244	0.895209580838	0.874251497006	0.733532934132	0.89121756487	0.860279441118	0.89121756487	0.745508982036	0.884231536926	0.928143712575	0.895209580838	0.75249500998	0.746506986028	0.761477045908	0.696606786427	0.662674650699	0.617764471058	0.62375249501	0.635728542914	0.627744510978	0.788423153693	0.7624750499	0.72255489022	0.763473053892	0.801397205589
CG8	0.647704590818	0.635728542914	0.416167664671	0.511976047904	0.666666666667	0.65369261477	0.63872255489	0.665668662675	0.650698602794	0.660678642715	0.650698602794	0.635728542914	0.483033932136	0.0	0.637724550898	0.649700598802	0.835329341317	0.815369261477	0.870259481038	0.845309381238	0.716566866267	0.707584830339	0.808383233533	0.797405189621	0.711576846307	0.729540918164	0.733532934132	0.758483033932	0.725548902196	0.754491017964	0.794411177645	0.790419161677	0.734530938124	0.724550898204	0.680638722555	0.730538922156	0.691616766467	0.730538922156	0.738522954092	0.743512974052	0.738522954092	0.734530938124	0.656686626747	0.728542914172	0.692614770459	0.73253493014	0.734530938124	0.751497005988	0.717564870259	0.75249500998	0.775449101796	0.691616766467	0.741516966068	0.673652694611	0.735528942116	0.680638722555	0.647704590818	0.697604790419	0.698602794411	0.74750499002	0.785429141717	0.726546906188	0.73253493014	0.889221556886	0.822355289421	0.88123752495	0.741516966068	0.820359281437	0.86127744511	0.76746506986	0.877245508982	0.826347305389	0.877245508982	0.785429141717	0.865269461078	0.849301397206	0.88622754491	0.819361277445	0.794411177645	0.832335329341	0.677644710579	0.659680638723	0.690618762475	0.688622754491	0.708582834331	0.701596806387	0.863273453094	0.830339321357	0.791417165669	0.829341317365	0.870259481038
CH7	0.37624750499	0.315369261477	0.647704590818	0.534930139721	0.655688622754	0.609780439122	0.399201596806	0.484031936128	0.487025948104	0.431137724551	0.60379241517	0.602794411178	0.574850299401	0.637724550898	0.0	0.410179640719	0.870259481038	0.85129740519	0.912175648703	0.90618762475	0.721556886228	0.73253493014	0.883233532934	0.865269461078	0.781437125749	0.814371257485	0.791417165669	0.792415169661	0.790419161677	0.834331337325	0.838323353293	0.842315369261	0.522954091816	0.5	0.576846307385	0.532934131737	0.602794411178	0.567864271457	0.582834331337	0.536926147705	0.61876247505	0.583832335329	0.600798403194	0.550898203593	0.567864271457	0.523952095808	0.536926147705	0.733532934132	0.715568862275	0.683632734531	0.700598802395	0.619760479042	0.667664670659	0.626746506986	0.693612774451	0.606786427146	0.563872255489	0.626746506986	0.659680638723	0.676646706587	0.692614770459	0.707584830339	0.681636726547	0.922155688623	0.930139720559	0.89121756487	0.712574850299	0.925149700599	0.894211576846	0.720558882236	0.89620758483	0.883233532934	0.897205588822	0.75748502994	0.893213572854	0.950099800399	0.928143712575	0.688622754491	0.74251497006	0.708582834331	0.641716566866	0.656686626747	0.558882235529	0.565868263473	0.52994011976	0.513972055888	0.787425149701	0.692614770459	0.64870259481	0.700598802395	0.746506986028
CH8	0.324351297405	0.388223552894	0.661676646707	0.548902195609	0.703592814371	0.660678642715	0.413173652695	0.400199600798	0.400199600798	0.438123752495	0.669660678643	0.656686626747	0.583832335329	0.649700598802	0.410179640719	0.0	0.911177644711	0.897205588822	0.915169660679	0.908183632735	0.745508982036	0.764471057884	0.930139720559	0.913173652695	0.833333333333	0.864271457086	0.828343313373	0.831337325349	0.826347305389	0.850299401198	0.858283433134	0.867265469062	0.523952095808	0.501996007984	0.565868263473	0.48502994012	0.597804391218	0.569860279441	0.587824351297	0.539920159681	0.629740518962	0.586826347305	0.596806387226	0.528942115768	0.555888223553	0.512974051896	0.543912175649	0.734530938124	0.716566866267	0.691616766467	0.709580838323	0.626746506986	0.683632734531	0.644710578842	0.713572854291	0.62874251497	0.573852295409	0.635728542914	0.652694610778	0.684630738523	0.710578842315	0.709580838323	0.692614770459	0.934131736527	0.938123752495	0.894211576846	0.735528942116	0.937125748503	0.904191616766	0.753493013972	0.910179640719	0.89121756487	0.913173652695	0.770459081836	0.898203592814	0.962075848303	0.936127744511	0.73253493014	0.75249500998	0.735528942116	0.640718562874	0.642714570858	0.592814371257	0.601796407186	0.583832335329	0.564870259481	0.76746506986	0.745508982036	0.703592814371	0.72255489022	0.761477045908
CA1	0.920159680639	0.870259481038	0.811377245509	0.848303393214	0.791417165669	0.802395209581	0.884231536926	0.918163672655	0.919161676647	0.895209580838	0.802395209581	0.780439121756	0.845309381238	0.835329341317	0.870259481038	0.911177644711	0.0	0.362275449102	0.511976047904	0.498003992016	0.840319361277	0.72255489022	0.748502994012	0.726546906188	0.697604790419	0.711576846307	0.479041916168	0.50998003992	0.462075848303	0.461077844311	0.468063872255	0.429141716567	0.961077844311	0.956087824351	0.959081836327	0.960079840319	0.962075848303	0.962075848303	0.961077844311	0.962075848303	0.960079840319	0.961077844311	0.958083832335	0.956087824351	0.959081836327	0.956087824351	0.963073852295	0.925149700599	0.932135728543	0.926147704591	0.932135728543	0.926147704591	0.930139720559	0.929141716567	0.918163672655	0.930139720559	0.927145708583	0.928143712575	0.927145708583	0.933133732535	0.935129740519	0.933133732535	0.937125748503	0.943113772455	0.952095808383	0.938123752495	0.942115768463	0.950099800399	0.932135728543	0.934131736527	0.927145708583	0.924151696607	0.931137724551	0.934131736527	0.937125748503	0.972055888224	0.944111776447	0.929141716567	0.929141716567	0.938123752495	0.947105788423	0.940119760479	0.931137724551	0.930139720559	0.936127744511	0.927145708583	0.949101796407	0.924151696607	0.933133732535	0.936127744511	0.938123752495
CA2	0.89620758483	0.858283433134	0.790419161677	0.819361277445	0.770459081836	0.768463073852	0.872255489022	0.90618762475	0.90618762475	0.879241516966	0.778443113772	0.765469061876	0.820359281437	0.815369261477	0.85129740519	0.897205588822	0.362275449102	0.0	0.532934131737	0.503992015968	0.836327345309	0.707584830339	0.738522954092	0.715568862275	0.679640718563	0.695608782435	0.454091816367	0.484031936128	0.473053892216	0.463073852295	0.462075848303	0.431137724551	0.950099800399	0.943113772455	0.947105788423	0.948103792415	0.953093812375	0.950099800399	0.953093812375	0.954091816367	0.949101796407	0.951097804391	0.950099800399	0.946107784431	0.952095808383	0.949101796407	0.953093812375	0.90119760479	0.907185628743	0.898203592814	0.908183632735	0.905189620758	0.912175648703	0.90119760479	0.889221556886	0.899201596806	0.899201596806	0.905189620758	0.903193612774	0.912175648703	0.912175648703	0.90618762475	0.912175648703	0.932135728543	0.932135728543	0.923153692615	0.928143712575	0.933133732535	0.925149700599	0.918163672655	0.918163672655	0.902195608782	0.918163672655	0.919161676647	0.929141716567	0.965069860279	0.937125748503	0.915169660679	0.902195608782	0.920159680639	0.927145708583	0.917165668663	0.921157684631	0.913173652695	0.931137724551	0.916167664671	0.940119760479	0.913173652695	0.912175648703	0.917165668663	0.927145708583
CB1	0.920159680639	0.920159680639	0.87624750499	0.884231536926	0.885229540918	0.879241516966	0.924151696607	0.930139720559	0.922155688623	0.925149700599	0.88123752495	0.877245508982	0.88123752495	0.870259481038	0.912175648703	0.915169660679	0.511976047904	0.532934131737	0.0	0.263473053892	0.888223552894	0.764471057884	0.841317365269	0.838323353293	0.808383233533	0.829341317365	0.563872255489	0.583832335329	0.474051896208	0.428143712575	0.443113772455	0.468063872255	0.963073852295	0.957085828343	0.935129740519	0.953093812375	0.936127744511	0.957085828343	0.961077844311	0.963073852295	0.959081836327	0.963073852295	0.933133732535	0.952095808383	0.936127744511	0.960079840319	0.964071856287	0.930139720559	0.927145708583	0.923153692615	0.926147704591	0.931137724551	0.929141716567	0.937125748503	0.931137724551	0.939121756487	0.926147704591	0.924151696607	0.928143712575	0.927145708583	0.937125748503	0.928143712575	0.928143712575	0.932135728543	0.931137724551	0.945109780439	0.931137724551	0.932135728543	0.935129740519	0.929141716567	0.934131736527	0.915169660679	0.936127744511	0.929141716567	0.953093812375	0.957085828343	0.939121756487	0.97005988024	0.938123752495	0.969061876248	0.938123752495	0.921157684631	0.950099800399	0.954091816367	0.954091816367	0.951097804391	0.961077844311	0.967065868263	0.971057884232	0.967065868263	0.969061876248
CB2	0.910179640719	0.911177644711	0.84630738523	0.864271457086	0.862275449102	0.864271457086	0.911177644711	0.925149700599	0.916167664671	0.914171656687	0.865269461078	0.863273453094	0.854291417166	0.845309381238	0.90618762475	0.908183632735	0.498003992016	0.503992015968	0.263473053892	0.0	0.880239520958	0.744510978044	0.830339321357	0.819361277445	0.782435129741	0.805389221557	0.546906187625	0.557884231537	0.440119760479	0.388223552894	0.423153692615	0.446107784431	0.969061876248	0.959081836327	0.939121756487	0.957085828343	0.941117764471	0.963073852295	0.964071856287	0.967065868263	0.965069860279	0.967065868263	0.936127744511	0.957085828343	0.940119760479	0.962075848303	0.969061876248	0.909181636727	0.909181636727	0.908183632735	0.913173652695	0.919161676647	0.913173652695	0.928143712575	0.922155688623	0.925149700599	0.911177644711	0.916167664671	0.916167664671	0.913173652695	0.928143712575	0.911177644711	0.912175648703	0.935129740519	0.923153692615	0.941117764471	0.931137724551	0.928143712575	0.939121756487	0.929141716567	0.938123752495	0.912175648703	0.936127744511	0.932135728543	0.941117764471	0.961077844311	0.934131736527	0.956087824351	0.927145708583	0.961077844311	0.922155688623	0.917165668663	0.947105788423	0.948103792415	0.954091816367	0.948103792415	0.953093812375	0.960079840319	0.959081836327	0.957085828343	0.961077844311
CC1	0.745508982036	0.72754491018	0.753493013972	0.671656686627	0.7375249501	0.715568862275	0.731536926148	0.775449101796	0.760479041916	0.743512974052	0.711576846307	0.718562874251	0.665668662675	0.716566866267	0.721556886228	0.745508982036	0.840319361277	0.836327345309	0.888223552894	0.880239520958	0.0	0.464071856287	0.893213572854	0.868263473054	0.782435129741	0.822355289421	0.759481037924	0.728542914172	0.758483033932	0.785429141717	0.804391217565	0.822355289421	0.786427145709	0.769461077844	0.77744510978	0.805389221557	0.760479041916	0.803393213573	0.816367265469	0.811377245509	0.820359281437	0.814371257485	0.738522954092	0.832335329341	0.766467065868	0.793413173653	0.779441117764	0.682634730539	0.699600798403	0.715568862275	0.736526946108	0.724550898204	0.695608782435	0.701596806387	0.674650698603	0.700598802395	0.720558882236	0.730538922156	0.708582834331	0.718562874251	0.746506986028	0.667664670659	0.701596806387	0.842315369261	0.811377245509	0.784431137725	0.689620758483	0.811377245509	0.815369261477	0.664670658683	0.805389221557	0.749500998004	0.814371257485	0.676646706587	0.774451097804	0.853293413174	0.845309381238	0.687624750499	0.709580838323	0.7375249501	0.782435129741	0.744510978044	0.74251497006	0.731536926148	0.769461077844	0.743512974052	0.813373253493	0.692614770459	0.726546906188	0.750499001996	0.779441117764
CC2	0.761477045908	0.739520958084	0.74251497006	0.696606786427	0.718562874251	0.700598802395	0.750499001996	0.779441117764	0.761477045908	0.758483033932	0.694610778443	0.691616766467	0.672654690619	0.707584830339	0.73253493014	0.764471057884	0.72255489022	0.707584830339	0.764471057884	0.744510978044	0.464071856287	0.0	0.824351297405	0.783433133733	0.692614770459	0.7375249501	0.592814371257	0.569860279441	0.654690618762	0.674650698603	0.680638722555	0.680638722555	0.807385229541	0.799401197605	0.801397205589	0.813373253493	0.779441117764	0.814371257485	0.826347305389	0.820359281437	0.832335329341	0.821357285429	0.77245508982	0.841317365269	0.783433133733	0.801397205589	0.811377245509	0.707584830339	0.7375249501	0.72754491018	0.744510978044	0.745508982036	0.720558882236	0.736526946108	0.715568862275	0.735528942116	0.7375249501	0.744510978044	0.745508982036	0.735528942116	0.766467065868	0.699600798403	0.720558882236	0.86626746507	0.832335329341	0.812375249501	0.74251497006	0.840319361277	0.836327345309	0.733532934132	0.807385229541	0.778443113772	0.815369261477	0.746506986028	0.798403193613	0.885229540918	0.874251497006	0.738522954092	0.723552894212	0.765469061876	0.809381237525	0.769461077844	0.768463073852	0.76746506986	0.786427145709	0.758483033932	0.837325349301	0.748502994012	0.756487025948	0.765469061876	0.801397205589
CD1	0.933133732535	0.902195608782	0.784431137725	0.849301397206	0.661676646707	0.764471057884	0.909181636727	0.954091816367	0.957085828343	0.923153692615	0.760479041916	0.688622754491	0.834331337325	0.808383233533	0.883233532934	0.930139720559	0.748502994012	0.738522954092	0.841317365269	0.830339321357	0.893213572854	0.824351297405	0.0	0.412175648703	0.566866267465	0.483033932136	0.72255489022	0.745508982036	0.824351297405	0.809381237525	0.820359281437	0.800399201597	0.987025948104	0.984031936128	0.984031936128	0.98502994012	0.984031936128	0.98502994012	0.986027944112	0.986027944112	0.984031936128	0.982035928144	0.984031936128	0.983033932136	0.98502994012	0.984031936128	0.987025948104	0.954091816367	0.951097804391	0.953093812375	0.951097804391	0.953093812375	0.951097804391	0.953093812375	0.951097804391	0.951097804391	0.949101796407	0.954091816367	0.948103792415	0.955089820359	0.952095808383	0.951097804391	0.957085828343	0.969061876248	0.965069860279	0.98003992016	0.978043912176	0.964071856287	0.982035928144	0.973053892216	0.979041916168	0.953093812375	0.981037924152	0.9750499002	0.981037924152	0.991017964072	0.973053892216	0.977045908184	0.953093812375	0.98003992016	0.957085828343	0.963073852295	0.976047904192	0.974051896208	0.976047904192	0.976047904192	0.984031936128	0.98003992016	0.98003992016	0.982035928144	0.982035928144
CD2	0.911177644711	0.883233532934	0.768463073852	0.824351297405	0.64870259481	0.743512974052	0.888223552894	0.934131736527	0.937125748503	0.903193612774	0.741516966068	0.657684630739	0.818363273453	0.797405189621	0.865269461078	0.913173652695	0.726546906188	0.715568862275	0.838323353293	0.819361277445	0.868263473054	0.783433133733	0.412175648703	0.0	0.562874251497	0.468063872255	0.693612774451	0.717564870259	0.801397205589	0.793413173653	0.809381237525	0.782435129741	0.973053892216	0.97005988024	0.973053892216	0.974051896208	0.973053892216	0.973053892216	0.973053892216	0.972055888224	0.972055888224	0.97005988024	0.973053892216	0.969061876248	0.974051896208	0.973053892216	0.9750499002	0.934131736527	0.932135728543	0.933133732535	0.933133732535	0.924151696607	0.929141716567	0.925149700599	0.920159680639	0.920159680639	0.922155688623	0.931137724551	0.929141716567	0.928143712575	0.930139720559	0.930139720559	0.935129740519	0.963073852295	0.954091816367	0.963073852295	0.954091816367	0.954091816367	0.963073852295	0.952095808383	0.960079840319	0.928143712575	0.963073852295	0.955089820359	0.964071856287	0.98502994012	0.964071856287	0.958083832335	0.935129740519	0.957085828343	0.941117764471	0.940119760479	0.953093812375	0.956087824351	0.955089820359	0.956087824351	0.964071856287	0.960079840319	0.959081836327	0.956087824351	0.958083832335
CE1	0.830339321357	0.803393213573	0.679640718563	0.761477045908	0.599800399202	0.666666666667	0.809381237525	0.842315369261	0.842315369261	0.816367265469	0.650698602794	0.591816367265	0.738522954092	0.711576846307	0.781437125749	0.833333333333	0.697604790419	0.679640718563	0.808383233533	0.782435129741	0.782435129741	0.692614770459	0.566866267465	0.562874251497	0.0	0.450099800399	0.634730538922	0.664670658683	0.694610778443	0.719560878244	0.726546906188	0.731536926148	0.902195608782	0.899201596806	0.902195608782	0.900199600798	0.903193612774	0.902195608782	0.900199600798	0.904191616766	0.898203592814	0.897205588822	0.90119760479	0.897205588822	0.904191616766	0.90119760479	0.899201596806	0.754491017964	0.756487025948	0.768463073852	0.822355289421	0.749500998004	0.761477045908	0.796407185629	0.769461077844	0.794411177645	0.803393213573	0.763473053892	0.765469061876	0.769461077844	0.7624750499	0.754491017964	0.795409181637	0.952095808383	0.933133732535	0.90119760479	0.875249500998	0.939121756487	0.939121756487	0.880239520958	0.932135728543	0.815369261477	0.940119760479	0.897205588822	0.902195608782	0.973053892216	0.956087824351	0.863273453094	0.782435129741	0.877245508982	0.827345309381	0.836327345309	0.859281437126	0.857285429142	0.864271457086	0.857285429142	0.921157684631	0.863273453094	0.86127744511	0.874251497006	0.912175648703
CE2	0.857285429142	0.824351297405	0.699600798403	0.780439121756	0.595808383234	0.674650698603	0.835329341317	0.879241516966	0.879241516966	0.847305389222	0.688622754491	0.607784431138	0.76746506986	0.729540918164	0.814371257485	0.864271457086	0.711576846307	0.695608782435	0.829341317365	0.805389221557	0.822355289421	0.7375249501	0.483033932136	0.468063872255	0.450099800399	0.0	0.63872255489	0.687624750499	0.745508982036	0.751497005988	0.75748502994	0.745508982036	0.930139720559	0.927145708583	0.931137724551	0.931137724551	0.931137724551	0.930139720559	0.931137724551	0.934131736527	0.930139720559	0.928143712575	0.930139720559	0.926147704591	0.931137724551	0.929141716567	0.934131736527	0.852295409182	0.850299401198	0.857285429142	0.85628742515	0.853293413174	0.850299401198	0.848303393214	0.844311377246	0.845309381238	0.847305389222	0.854291417166	0.84630738523	0.857285429142	0.850299401198	0.855289421158	0.85628742515	0.951097804391	0.940119760479	0.920159680639	0.903193612774	0.942115768463	0.948103792415	0.89620758483	0.939121756487	0.880239520958	0.947105788423	0.905189620758	0.920159680639	0.9750499002	0.952095808383	0.90618762475	0.857285429142	0.903193612774	0.88123752495	0.88622754491	0.904191616766	0.90618762475	0.894211576846	0.894211576846	0.926147704591	0.907185628743	0.907185628743	0.907185628743	0.929141716567
CF1	0.825349301397	0.796407185629	0.728542914172	0.75249500998	0.673652694611	0.686626746507	0.806387225549	0.843313373253	0.842315369261	0.819361277445	0.690618762475	0.662674650699	0.743512974052	0.733532934132	0.791417165669	0.828343313373	0.479041916168	0.454091816367	0.563872255489	0.546906187625	0.759481037924	0.592814371257	0.72255489022	0.693612774451	0.634730538922	0.63872255489	0.0	0.321357285429	0.507984031936	0.493013972056	0.453093812375	0.459081836327	0.88622754491	0.880239520958	0.895209580838	0.88123752495	0.883233532934	0.880239520958	0.892215568862	0.89121756487	0.894211576846	0.88622754491	0.878243512974	0.905189620758	0.878243512974	0.884231536926	0.89121756487	0.793413173653	0.802395209581	0.799401197605	0.798403193613	0.793413173653	0.789421157685	0.799401197605	0.781437125749	0.802395209581	0.801397205589	0.799401197605	0.798403193613	0.800399201597	0.805389221557	0.793413173653	0.810379241517	0.923153692615	0.919161676647	0.911177644711	0.859281437126	0.928143712575	0.898203592814	0.849301397206	0.890219560878	0.838323353293	0.893213572854	0.852295409182	0.914171656687	0.960079840319	0.930139720559	0.852295409182	0.799401197605	0.852295409182	0.889221556886	0.86626746507	0.862275449102	0.853293413174	0.86626746507	0.848303393214	0.873253493014	0.858283433134	0.850299401198	0.85628742515	0.867265469062
CF2	0.823353293413	0.798403193613	0.7624750499	0.764471057884	0.711576846307	0.718562874251	0.810379241517	0.845309381238	0.839321357285	0.819361277445	0.715568862275	0.701596806387	0.750499001996	0.758483033932	0.792415169661	0.831337325349	0.50998003992	0.484031936128	0.583832335329	0.557884231537	0.728542914172	0.569860279441	0.745508982036	0.717564870259	0.664670658683	0.687624750499	0.321357285429	0.0	0.539920159681	0.51996007984	0.473053892216	0.478043912176	0.897205588822	0.885229540918	0.902195608782	0.887225548902	0.887225548902	0.892215568862	0.898203592814	0.898203592814	0.904191616766	0.898203592814	0.882235528942	0.916167664671	0.885229540918	0.89121756487	0.899201596806	0.792415169661	0.805389221557	0.795409181637	0.798403193613	0.797405189621	0.780439121756	0.804391217565	0.779441117764	0.801397205589	0.799401197605	0.794411177645	0.796407185629	0.801397205589	0.811377245509	0.788423153693	0.807385229541	0.908183632735	0.894211576846	0.909181636727	0.85129740519	0.90119760479	0.88123752495	0.838323353293	0.884231536926	0.827345309381	0.880239520958	0.837325349301	0.908183632735	0.935129740519	0.918163672655	0.839321357285	0.799401197605	0.84630738523	0.880239520958	0.859281437126	0.853293413174	0.842315369261	0.865269461078	0.845309381238	0.875249500998	0.838323353293	0.843313373253	0.852295409182	0.862275449102
CG1	0.836327345309	0.787425149701	0.734530938124	0.749500998004	0.779441117764	0.766467065868	0.796407185629	0.807385229541	0.807385229541	0.796407185629	0.778443113772	0.773453093812	0.738522954092	0.725548902196	0.790419161677	0.826347305389	0.462075848303	0.473053892216	0.474051896208	0.440119760479	0.758483033932	0.654690618762	0.824351297405	0.801397205589	0.694610778443	0.745508982036	0.507984031936	0.539920159681	0.0	0.332335329341	0.442115768463	0.427145708583	0.89121756487	0.884231536926	0.830339321357	0.883233532934	0.838323353293	0.885229540918	0.89121756487	0.894211576846	0.892215568862	0.893213572854	0.825349301397	0.88123752495	0.839321357285	0.887225548902	0.894211576846	0.816367265469	0.793413173653	0.818363273453	0.839321357285	0.830339321357	0.816367265469	0.833333333333	0.818363273453	0.828343313373	0.821357285429	0.826347305389	0.824351297405	0.828343313373	0.847305389222	0.797405189621	0.804391217565	0.90119760479	0.89121756487	0.875249500998	0.807385229541	0.888223552894	0.875249500998	0.823353293413	0.877245508982	0.883233532934	0.888223552894	0.837325349301	0.864271457086	0.90119760479	0.889221556886	0.85129740519	0.853293413174	0.86127744511	0.835329341317	0.825349301397	0.838323353293	0.842315369261	0.845309381238	0.845309381238	0.883233532934	0.85628742515	0.850299401198	0.854291417166	0.89620758483
