	CA7	CA8	CB7	CB8	CC7	CC8	CD7	CD8	CE7	CE8	CF7	CF8	CG7	CG8	CH7	CH8	CA1	CA2	CB1	CB2	CC1	CC2	CD1	CD2	CE1	CE2	CF1	CF2	CG1	CG2	CH1	CH2	CA5	CA6	CB5	CB6	CC5	CC6	CD6	CE5	CE6	CF5	CF6	CG5	CG6	CH5	CH6	CA11	CA12	CB11	CB12	CC11	CC12	CD11	CD12	CE11	CE12	CF11	CF12	CG11	CG12	CH11	CH12	CA3	CA4	CB3	CB4	CC4	CD3	CD4	CE4	CF3	CF4	CG3	CG4	CH3	CH4	CA9	CA10	CB9	CC9	CC10	CD9	CD10	CE9	CE10	CF9	CG9	CG10	CH9	CH10
CA7	0.0	0.349301397206	0.656686626747	0.556886227545	0.709580838323	0.63872255489	0.420159680639	0.409181636727	0.397205588822	0.451097804391	0.654690618762	0.676646706587	0.562874251497	0.645708582834	0.34630738523	0.296407185629	0.914171656687	0.89121756487	0.904191616766	0.892215568862	0.726546906188	0.751497005988	0.926147704591	0.921157684631	0.807385229541	0.872255489022	0.821357285429	0.796407185629	0.833333333333	0.845309381238	0.836327345309	0.860279441118	0.552894211577	0.52994011976	0.52994011976	0.492015968064	0.591816367265	0.543912175649	0.590818363273	0.579840319361	0.627744510978	0.602794411178	0.620758483034	0.543912175649	0.538922155689	0.515968063872	0.534930139721	0.7375249501	0.696606786427	0.678642714571	0.698602794411	0.625748502994	0.659680638723	0.641716566866	0.688622754491	0.626746506986	0.570858283433	0.617764471058	0.649700598802	0.677644710579	0.689620758483	0.707584830339	0.687624750499	0.923153692615	0.931137724551	0.882235528942	0.720558882236	0.922155688623	0.89620758483	0.731536926148	0.908183632735	0.86626746507	0.910179640719	0.756487025948	0.889221556886	0.954091816367	0.915169660679	0.72255489022	0.748502994012	0.720558882236	0.634730538922	0.647704590818	0.600798403194	0.607784431138	0.559880239521	0.545908183633	0.802395209581	0.725548902196	0.698602794411	0.717564870259	0.75748502994
CA8	0.349301397206	0.0	0.656686626747	0.530938123752	0.684630738523	0.61876247505	0.382235528942	0.435129740519	0.411177644711	0.420159680639	0.644710578842	0.647704590818	0.557884231537	0.642714570858	0.282435129741	0.330339321357	0.890219560878	0.87624750499	0.904191616766	0.894211576846	0.719560878244	0.750499001996	0.909181636727	0.902195608782	0.794411177645	0.85129740519	0.809381237525	0.789421157685	0.799401197605	0.828343313373	0.829341317365	0.857285429142	0.545908183633	0.5249500998	0.539920159681	0.493013972056	0.599800399202	0.539920159681	0.586826347305	0.575848303393	0.62375249501	0.602794411178	0.625748502994	0.541916167665	0.548902195609	0.510978043912	0.533932135729	0.73253493014	0.681636726547	0.654690618762	0.656686626747	0.625748502994	0.632734530938	0.620758483034	0.662674650699	0.601796407186	0.551896207585	0.602794411178	0.642714570858	0.64870259481	0.659680638723	0.705588822355	0.660678642715	0.924151696607	0.935129740519	0.889221556886	0.695608782435	0.929141716567	0.893213572854	0.698602794411	0.89620758483	0.874251497006	0.904191616766	0.748502994012	0.890219560878	0.956087824351	0.921157684631	0.676646706587	0.72754491018	0.683632734531	0.62874251497	0.637724550898	0.540918163673	0.551896207585	0.505988023952	0.488023952096	0.790419161677	0.687624750499	0.645708582834	0.681636726547	0.719560878244
CB7	0.656686626747	0.656686626747	0.0	0.536926147705	0.682634730539	0.674650698603	0.64371257485	0.678642714571	0.681636726547	0.687624750499	0.667664670659	0.654690618762	0.511976047904	0.439121756487	0.660678642715	0.662674650699	0.840319361277	0.820359281437	0.859281437126	0.847305389222	0.751497005988	0.734530938124	0.794411177645	0.790419161677	0.677644710579	0.73253493014	0.769461077844	0.77744510978	0.738522954092	0.771457085828	0.799401197605	0.800399201597	0.740518962076	0.735528942116	0.684630738523	0.73253493014	0.673652694611	0.73253493014	0.740518962076	0.734530938124	0.740518962076	0.7375249501	0.666666666667	0.734530938124	0.683632734531	0.739520958084	0.741516966068	0.778443113772	0.735528942116	0.780439121756	0.796407185629	0.720558882236	0.74750499002	0.696606786427	0.733532934132	0.691616766467	0.656686626747	0.719560878244	0.724550898204	0.768463073852	0.794411177645	0.761477045908	0.780439121756	0.884231536926	0.812375249501	0.880239520958	0.780439121756	0.810379241517	0.878243512974	0.77245508982	0.895209580838	0.813373253493	0.884231536926	0.786427145709	0.877245508982	0.840319361277	0.880239520958	0.854291417166	0.824351297405	0.860279441118	0.706586826347	0.684630738523	0.719560878244	0.730538922156	0.715568862275	0.711576846307	0.90618762475	0.862275449102	0.831337325349	0.86127744511	0.903193612774
CB8	0.556886227545	0.530938123752	0.536926147705	0.0	0.635728542914	0.611776447106	0.521956087824	0.606786427146	0.602794411178	0.560878243513	0.63872255489	0.640718562874	0.407185628743	0.508982035928	0.541916167665	0.546906187625	0.865269461078	0.844311377246	0.874251497006	0.865269461078	0.672654690619	0.700598802395	0.862275449102	0.852295409182	0.753493013972	0.806387225549	0.787425149701	0.770459081836	0.733532934132	0.766467065868	0.815369261477	0.834331337325	0.63373253493	0.64870259481	0.61377245509	0.668662674651	0.607784431138	0.656686626747	0.688622754491	0.691616766467	0.677644710579	0.686626746507	0.610778443114	0.684630738523	0.62375249501	0.639720558882	0.642714570858	0.73253493014	0.662674650699	0.694610778443	0.696606786427	0.646706586826	0.684630738523	0.63373253493	0.672654690619	0.622754491018	0.569860279441	0.641716566866	0.649700598802	0.689620758483	0.717564870259	0.691616766467	0.696606786427	0.894211576846	0.898203592814	0.88622754491	0.713572854291	0.894211576846	0.870259481038	0.711576846307	0.904191616766	0.864271457086	0.890219560878	0.725548902196	0.884231536926	0.916167664671	0.888223552894	0.750499001996	0.743512974052	0.754491017964	0.658682634731	0.636726546906	0.614770459082	0.605788423154	0.585828343313	0.583832335329	0.797405189621	0.755489021956	0.719560878244	0.750499001996	0.790419161677
CC7	0.709580838323	0.684630738523	0.682634730539	0.635728542914	0.0	0.518962075848	0.668662674651	0.773453093812	0.775449101796	0.706586826347	0.512974051896	0.450099800399	0.629740518962	0.640718562874	0.677644710579	0.711576846307	0.809381237525	0.77744510978	0.869261477046	0.848303393214	0.707584830339	0.714570858283	0.65369261477	0.659680638723	0.585828343313	0.60878243513	0.696606786427	0.684630738523	0.745508982036	0.796407185629	0.760479041916	0.77245508982	0.796407185629	0.815369261477	0.832335329341	0.831337325349	0.833333333333	0.825349301397	0.843313373253	0.85129740519	0.833333333333	0.850299401198	0.833333333333	0.844311377246	0.839321357285	0.799401197605	0.803393213573	0.720558882236	0.698602794411	0.698602794411	0.710578842315	0.701596806387	0.696606786427	0.705588822355	0.702594810379	0.695608782435	0.701596806387	0.700598802395	0.700598802395	0.701596806387	0.691616766467	0.698602794411	0.703592814371	0.949101796407	0.948103792415	0.911177644711	0.77245508982	0.941117764471	0.918163672655	0.776447105788	0.921157684631	0.855289421158	0.924151696607	0.781437125749	0.911177644711	0.977045908184	0.936127744511	0.744510978044	0.729540918164	0.756487025948	0.849301397206	0.816367265469	0.741516966068	0.744510978044	0.741516966068	0.745508982036	0.812375249501	0.754491017964	0.751497005988	0.754491017964	0.796407185629
CC8	0.63872255489	0.61876247505	0.674650698603	0.611776447106	0.518962075848	0.0	0.617764471058	0.7375249501	0.73253493014	0.668662674651	0.442115768463	0.477045908184	0.601796407186	0.626746506986	0.60878243513	0.64870259481	0.805389221557	0.774451097804	0.85628742515	0.842315369261	0.684630738523	0.687624750499	0.753493013972	0.755489021956	0.639720558882	0.692614770459	0.705588822355	0.697604790419	0.746506986028	0.794411177645	0.769461077844	0.769461077844	0.763473053892	0.779441117764	0.796407185629	0.795409181637	0.797405189621	0.786427145709	0.809381237525	0.816367265469	0.799401197605	0.819361277445	0.797405189621	0.816367265469	0.805389221557	0.763473053892	0.768463073852	0.712574850299	0.668662674651	0.661676646707	0.681636726547	0.642714570858	0.62375249501	0.666666666667	0.676646706587	0.650698602794	0.665668662675	0.634730538922	0.669660678643	0.646706586826	0.655688622754	0.684630738523	0.663672654691	0.933133732535	0.928143712575	0.879241516966	0.704590818363	0.919161676647	0.903193612774	0.704590818363	0.90618762475	0.84630738523	0.913173652695	0.740518962076	0.879241516966	0.945109780439	0.921157684631	0.682634730539	0.716566866267	0.703592814371	0.798403193613	0.773453093812	0.654690618762	0.664670658683	0.660678642715	0.665668662675	0.801397205589	0.695608782435	0.666666666667	0.696606786427	0.749500998004
CD7	0.420159680639	0.382235528942	0.64371257485	0.521956087824	0.668662674651	0.617764471058	0.0	0.452095808383	0.450099800399	0.348303393214	0.637724550898	0.637724550898	0.537924151697	0.631736526946	0.39620758483	0.424151696607	0.864271457086	0.847305389222	0.909181636727	0.887225548902	0.709580838323	0.743512974052	0.884231536926	0.877245508982	0.779441117764	0.836327345309	0.793413173653	0.782435129741	0.783433133733	0.826347305389	0.830339321357	0.845309381238	0.551896207585	0.533932135729	0.546906187625	0.545908183633	0.60878243513	0.542914171657	0.587824351297	0.585828343313	0.622754491018	0.59880239521	0.631736526946	0.563872255489	0.555888223553	0.51996007984	0.52994011976	0.688622754491	0.631736526946	0.639720558882	0.645708582834	0.571856287425	0.624750499002	0.585828343313	0.642714570858	0.580838323353	0.540918163673	0.578842315369	0.591816367265	0.63373253493	0.646706586826	0.647704590818	0.64371257485	0.933133732535	0.942115768463	0.89121756487	0.751497005988	0.934131736527	0.902195608782	0.746506986028	0.907185628743	0.879241516966	0.914171656687	0.760479041916	0.895209580838	0.961077844311	0.932135728543	0.713572854291	0.714570858283	0.662674650699	0.573852295409	0.584830339321	0.525948103792	0.531936127745	0.487025948104	0.4750499002	0.745508982036	0.707584830339	0.661676646707	0.660678642715	0.740518962076
CD8	0.409181636727	0.435129740519	0.678642714571	0.606786427146	0.773453093812	0.7375249501	0.452095808383	0.0	0.342315369261	0.443113772455	0.750499001996	0.766467065868	0.615768463074	0.657684630739	0.440119760479	0.357285429142	0.928143712575	0.912175648703	0.924151696607	0.916167664671	0.750499001996	0.763473053892	0.958083832335	0.948103792415	0.826347305389	0.895209580838	0.847305389222	0.832335329341	0.820359281437	0.85129740519	0.845309381238	0.88622754491	0.582834331337	0.542914171657	0.537924151697	0.497005988024	0.602794411178	0.547904191617	0.590818363273	0.575848303393	0.622754491018	0.601796407186	0.61876247505	0.539920159681	0.534930139721	0.545908183633	0.573852295409	0.745508982036	0.726546906188	0.731536926148	0.736526946108	0.674650698603	0.715568862275	0.642714570858	0.665668662675	0.63872255489	0.584830339321	0.673652694611	0.670658682635	0.720558882236	0.731536926148	0.728542914172	0.735528942116	0.926147704591	0.930139720559	0.865269461078	0.790419161677	0.915169660679	0.887225548902	0.802395209581	0.888223552894	0.855289421158	0.889221556886	0.800399201597	0.863273453094	0.938123752495	0.920159680639	0.775449101796	0.769461077844	0.75748502994	0.597804391218	0.60379241517	0.624750499002	0.624750499002	0.596806387226	0.578842315369	0.820359281437	0.778443113772	0.729540918164	0.761477045908	0.802395209581
CE7	0.397205588822	0.411177644711	0.681636726547	0.602794411178	0.775449101796	0.73253493014	0.450099800399	0.342315369261	0.0	0.446107784431	0.744510978044	0.756487025948	0.614770459082	0.664670658683	0.426147704591	0.39620758483	0.918163672655	0.90618762475	0.924151696607	0.915169660679	0.74750499002	0.759481037924	0.958083832335	0.944111776447	0.834331337325	0.898203592814	0.84630738523	0.823353293413	0.826347305389	0.854291417166	0.845309381238	0.89121756487	0.574850299401	0.536926147705	0.532934131737	0.491017964072	0.591816367265	0.543912175649	0.580838323353	0.574850299401	0.620758483034	0.604790419162	0.616766467066	0.546906187625	0.532934131737	0.540918163673	0.561876247505	0.74251497006	0.726546906188	0.73253493014	0.741516966068	0.675648702595	0.712574850299	0.64870259481	0.681636726547	0.647704590818	0.579840319361	0.681636726547	0.663672654691	0.72754491018	0.744510978044	0.733532934132	0.74750499002	0.913173652695	0.921157684631	0.869261477046	0.785429141717	0.916167664671	0.880239520958	0.796407185629	0.883233532934	0.854291417166	0.892215568862	0.795409181637	0.869261477046	0.936127744511	0.915169660679	0.7624750499	0.773453093812	0.7624750499	0.609780439122	0.621756487026	0.620758483034	0.625748502994	0.587824351297	0.564870259481	0.811377245509	0.768463073852	0.724550898204	0.760479041916	0.798403193613
CE8	0.451097804391	0.420159680639	0.687624750499	0.560878243513	0.706586826347	0.668662674651	0.348303393214	0.443113772455	0.446107784431	0.0	0.679640718563	0.695608782435	0.568862275449	0.657684630739	0.428143712575	0.442115768463	0.902195608782	0.888223552894	0.930139720559	0.917165668663	0.724550898204	0.7624750499	0.931137724551	0.925149700599	0.802395209581	0.88123752495	0.831337325349	0.811377245509	0.821357285429	0.85129740519	0.844311377246	0.869261477046	0.558882235529	0.538922155689	0.559880239521	0.538922155689	0.615768463074	0.552894211577	0.595808383234	0.585828343313	0.626746506986	0.609780439122	0.63872255489	0.559880239521	0.562874251497	0.51996007984	0.536926147705	0.703592814371	0.656686626747	0.665668662675	0.684630738523	0.60379241517	0.645708582834	0.587824351297	0.647704590818	0.590818363273	0.550898203593	0.595808383234	0.599800399202	0.662674650699	0.674650698603	0.658682634731	0.670658682635	0.957085828343	0.961077844311	0.898203592814	0.768463073852	0.941117764471	0.905189620758	0.763473053892	0.908183632735	0.885229540918	0.920159680639	0.776447105788	0.895209580838	0.97005988024	0.945109780439	0.728542914172	0.730538922156	0.676646706587	0.587824351297	0.59880239521	0.552894211577	0.556886227545	0.521956087824	0.500998003992	0.751497005988	0.725548902196	0.678642714571	0.677644710579	0.753493013972
CF7	0.654690618762	0.644710578842	0.667664670659	0.63872255489	0.512974051896	0.442115768463	0.637724550898	0.750499001996	0.744510978044	0.679640718563	0.0	0.474051896208	0.606786427146	0.627744510978	0.640718562874	0.668662674651	0.807385229541	0.778443113772	0.87125748503	0.849301397206	0.691616766467	0.696606786427	0.753493013972	0.749500998004	0.632734530938	0.685628742515	0.706586826347	0.696606786427	0.764471057884	0.799401197605	0.766467065868	0.771457085828	0.769461077844	0.783433133733	0.801397205589	0.802395209581	0.800399201597	0.792415169661	0.813373253493	0.817365269461	0.806387225549	0.822355289421	0.798403193613	0.820359281437	0.810379241517	0.76746506986	0.773453093812	0.715568862275	0.672654690619	0.687624750499	0.693612774451	0.64870259481	0.64371257485	0.677644710579	0.675648702595	0.654690618762	0.676646706587	0.646706586826	0.673652694611	0.671656686627	0.676646706587	0.690618762475	0.690618762475	0.939121756487	0.933133732535	0.883233532934	0.725548902196	0.924151696607	0.911177644711	0.726546906188	0.911177644711	0.847305389222	0.917165668663	0.749500998004	0.885229540918	0.952095808383	0.930139720559	0.704590818363	0.72255489022	0.728542914172	0.810379241517	0.775449101796	0.689620758483	0.686626746507	0.699600798403	0.696606786427	0.819361277445	0.721556886228	0.697604790419	0.723552894212	0.77245508982
CF8	0.676646706587	0.647704590818	0.654690618762	0.640718562874	0.450099800399	0.477045908184	0.637724550898	0.766467065868	0.756487025948	0.695608782435	0.474051896208	0.0	0.616766467066	0.622754491018	0.647704590818	0.679640718563	0.798403193613	0.776447105788	0.862275449102	0.842315369261	0.697604790419	0.700598802395	0.691616766467	0.685628742515	0.600798403194	0.621756487026	0.690618762475	0.685628742515	0.741516966068	0.790419161677	0.754491017964	0.769461077844	0.783433133733	0.801397205589	0.814371257485	0.818363273453	0.815369261477	0.809381237525	0.831337325349	0.835329341317	0.816367265469	0.835329341317	0.815369261477	0.836327345309	0.823353293413	0.782435129741	0.786427145709	0.710578842315	0.667664670659	0.666666666667	0.678642714571	0.661676646707	0.649700598802	0.691616766467	0.695608782435	0.673652694611	0.686626746507	0.658682634731	0.685628742515	0.654690618762	0.667664670659	0.684630738523	0.674650698603	0.934131736527	0.934131736527	0.89620758483	0.728542914172	0.929141716567	0.908183632735	0.731536926148	0.912175648703	0.836327345309	0.918163672655	0.7624750499	0.898203592814	0.965069860279	0.922155688623	0.713572854291	0.721556886228	0.719560878244	0.834331337325	0.799401197605	0.696606786427	0.709580838323	0.701596806387	0.697604790419	0.813373253493	0.719560878244	0.708582834331	0.719560878244	0.766467065868
CG7	0.562874251497	0.557884231537	0.511976047904	0.407185628743	0.629740518962	0.601796407186	0.537924151697	0.615768463074	0.614770459082	0.568862275449	0.606786427146	0.616766467066	0.0	0.489021956088	0.562874251497	0.554890219561	0.847305389222	0.819361277445	0.873253493014	0.84630738523	0.657684630739	0.668662674651	0.834331337325	0.821357285429	0.726546906188	0.781437125749	0.75748502994	0.749500998004	0.728542914172	0.759481037924	0.796407185629	0.810379241517	0.644710578842	0.655688622754	0.624750499002	0.680638722555	0.616766467066	0.666666666667	0.694610778443	0.700598802395	0.684630738523	0.695608782435	0.624750499002	0.697604790419	0.63373253493	0.639720558882	0.652694610778	0.718562874251	0.668662674651	0.707584830339	0.711576846307	0.64870259481	0.679640718563	0.634730538922	0.671656686627	0.63373253493	0.577844311377	0.645708582834	0.659680638723	0.692614770459	0.728542914172	0.692614770459	0.704590818363	0.895209580838	0.89620758483	0.888223552894	0.72255489022	0.887225548902	0.872255489022	0.729540918164	0.908183632735	0.858283433134	0.893213572854	0.738522954092	0.885229540918	0.920159680639	0.888223552894	0.751497005988	0.759481037924	0.760479041916	0.678642714571	0.642714570858	0.624750499002	0.632734530938	0.610778443114	0.60878243513	0.805389221557	0.76746506986	0.726546906188	0.758483033932	0.808383233533
CG8	0.645708582834	0.642714570858	0.439121756487	0.508982035928	0.640718562874	0.626746506986	0.631736526946	0.657684630739	0.664670658683	0.657684630739	0.627744510978	0.622754491018	0.489021956088	0.0	0.64870259481	0.65369261477	0.835329341317	0.810379241517	0.858283433134	0.840319361277	0.706586826347	0.694610778443	0.785429141717	0.774451097804	0.681636726547	0.736526946108	0.729540918164	0.738522954092	0.719560878244	0.756487025948	0.765469061876	0.786427145709	0.723552894212	0.716566866267	0.673652694611	0.720558882236	0.664670658683	0.720558882236	0.728542914172	0.736526946108	0.726546906188	0.735528942116	0.65369261477	0.73253493014	0.675648702595	0.72754491018	0.731536926148	0.74750499002	0.700598802395	0.7375249501	0.75249500998	0.683632734531	0.72255489022	0.663672654691	0.699600798403	0.660678642715	0.645708582834	0.684630738523	0.690618762475	0.7375249501	0.764471057884	0.725548902196	0.74251497006	0.88622754491	0.841317365269	0.888223552894	0.751497005988	0.834331337325	0.86127744511	0.741516966068	0.892215568862	0.835329341317	0.88123752495	0.756487025948	0.882235528942	0.864271457086	0.88622754491	0.807385229541	0.792415169661	0.817365269461	0.713572854291	0.684630738523	0.691616766467	0.684630738523	0.700598802395	0.694610778443	0.86127744511	0.824351297405	0.784431137725	0.817365269461	0.862275449102
CH7	0.34630738523	0.282435129741	0.660678642715	0.541916167665	0.677644710579	0.60878243513	0.39620758483	0.440119760479	0.426147704591	0.428143712575	0.640718562874	0.647704590818	0.562874251497	0.64870259481	0.0	0.348303393214	0.895209580838	0.872255489022	0.899201596806	0.895209580838	0.710578842315	0.743512974052	0.911177644711	0.899201596806	0.785429141717	0.847305389222	0.809381237525	0.785429141717	0.802395209581	0.835329341317	0.823353293413	0.852295409182	0.548902195609	0.5249500998	0.540918163673	0.488023952096	0.601796407186	0.538922155689	0.580838323353	0.576846307385	0.625748502994	0.604790419162	0.624750499002	0.538922155689	0.548902195609	0.511976047904	0.527944111776	0.734530938124	0.687624750499	0.671656686627	0.678642714571	0.61876247505	0.652694610778	0.624750499002	0.671656686627	0.605788423154	0.557884231537	0.60379241517	0.649700598802	0.655688622754	0.664670658683	0.704590818363	0.670658682635	0.924151696607	0.932135728543	0.885229540918	0.700598802395	0.917165668663	0.892215568862	0.706586826347	0.898203592814	0.868263473054	0.902195608782	0.74750499002	0.884231536926	0.952095808383	0.919161676647	0.680638722555	0.738522954092	0.699600798403	0.635728542914	0.642714570858	0.564870259481	0.566866267465	0.517964071856	0.507984031936	0.802395209581	0.690618762475	0.661676646707	0.695608782435	0.734530938124
CH8	0.296407185629	0.330339321357	0.662674650699	0.546906187625	0.711576846307	0.64870259481	0.424151696607	0.357285429142	0.39620758483	0.442115768463	0.668662674651	0.679640718563	0.554890219561	0.65369261477	0.348303393214	0.0	0.927145708583	0.908183632735	0.921157684631	0.909181636727	0.744510978044	0.788423153693	0.942115768463	0.931137724551	0.824351297405	0.885229540918	0.844311377246	0.828343313373	0.841317365269	0.852295409182	0.849301397206	0.88123752495	0.550898203593	0.534930139721	0.542914171657	0.499001996008	0.604790419162	0.550898203593	0.592814371257	0.584830339321	0.62874251497	0.606786427146	0.625748502994	0.554890219561	0.550898203593	0.516966067864	0.537924151697	0.740518962076	0.700598802395	0.673652694611	0.678642714571	0.619760479042	0.652694610778	0.632734530938	0.681636726547	0.621756487026	0.566866267465	0.609780439122	0.642714570858	0.672654690619	0.677644710579	0.711576846307	0.680638722555	0.936127744511	0.945109780439	0.90119760479	0.728542914172	0.939121756487	0.905189620758	0.73253493014	0.916167664671	0.883233532934	0.924151696607	0.773453093812	0.898203592814	0.968063872255	0.926147704591	0.715568862275	0.743512974052	0.710578842315	0.640718562874	0.63872255489	0.578842315369	0.590818363273	0.543912175649	0.536926147705	0.791417165669	0.72255489022	0.685628742515	0.708582834331	0.744510978044
CA1	0.914171656687	0.890219560878	0.840319361277	0.865269461078	0.809381237525	0.805389221557	0.864271457086	0.928143712575	0.918163672655	0.902195608782	0.807385229541	0.798403193613	0.847305389222	0.835329341317	0.895209580838	0.927145708583	0.0	0.334331337325	0.512974051896	0.48502994012	0.841317365269	0.713572854291	0.750499001996	0.7375249501	0.697604790419	0.733532934132	0.471057884232	0.528942115768	0.448103792415	0.484031936128	0.487025948104	0.415169660679	0.969061876248	0.964071856287	0.965069860279	0.962075848303	0.964071856287	0.962075848303	0.966067864271	0.964071856287	0.967065868263	0.968063872255	0.964071856287	0.963073852295	0.965069860279	0.962075848303	0.97005988024	0.924151696607	0.927145708583	0.928143712575	0.935129740519	0.930139720559	0.921157684631	0.923153692615	0.909181636727	0.918163672655	0.920159680639	0.937125748503	0.929141716567	0.931137724551	0.931137724551	0.929141716567	0.928143712575	0.945109780439	0.950099800399	0.932135728543	0.943113772455	0.943113772455	0.942115768463	0.940119760479	0.930139720559	0.920159680639	0.926147704591	0.936127744511	0.932135728543	0.968063872255	0.945109780439	0.924151696607	0.926147704591	0.926147704591	0.942115768463	0.938123752495	0.929141716567	0.925149700599	0.935129740519	0.934131736527	0.946107784431	0.922155688623	0.919161676647	0.925149700599	0.934131736527
CA2	0.89121756487	0.87624750499	0.820359281437	0.844311377246	0.77744510978	0.774451097804	0.847305389222	0.912175648703	0.90618762475	0.888223552894	0.778443113772	0.776447105788	0.819361277445	0.810379241517	0.872255489022	0.908183632735	0.334331337325	0.0	0.503992015968	0.474051896208	0.813373253493	0.662674650699	0.739520958084	0.719560878244	0.678642714571	0.708582834331	0.439121756487	0.501996007984	0.439121756487	0.455089820359	0.457085828343	0.390219560878	0.959081836327	0.955089820359	0.953093812375	0.953093812375	0.955089820359	0.953093812375	0.956087824351	0.957085828343	0.957085828343	0.958083832335	0.953093812375	0.953093812375	0.955089820359	0.955089820359	0.960079840319	0.905189620758	0.911177644711	0.910179640719	0.916167664671	0.916167664671	0.912175648703	0.897205588822	0.892215568862	0.893213572854	0.898203592814	0.919161676647	0.912175648703	0.910179640719	0.916167664671	0.90618762475	0.907185628743	0.928143712575	0.925149700599	0.932135728543	0.921157684631	0.924151696607	0.928143712575	0.921157684631	0.915169660679	0.88622754491	0.917165668663	0.907185628743	0.930139720559	0.959081836327	0.927145708583	0.920159680639	0.907185628743	0.927145708583	0.924151696607	0.919161676647	0.919161676647	0.916167664671	0.913173652695	0.913173652695	0.940119760479	0.917165668663	0.921157684631	0.920159680639	0.921157684631
CB1	0.904191616766	0.904191616766	0.859281437126	0.874251497006	0.869261477046	0.85628742515	0.909181636727	0.924151696607	0.924151696607	0.930139720559	0.87125748503	0.862275449102	0.873253493014	0.858283433134	0.899201596806	0.921157684631	0.512974051896	0.503992015968	0.0	0.275449101796	0.875249500998	0.739520958084	0.837325349301	0.821357285429	0.794411177645	0.818363273453	0.543912175649	0.572854291417	0.484031936128	0.409181636727	0.435129740519	0.433133732535	0.959081836327	0.952095808383	0.929141716567	0.951097804391	0.933133732535	0.950099800399	0.957085828343	0.952095808383	0.957085828343	0.956087824351	0.933133732535	0.950099800399	0.935129740519	0.957085828343	0.960079840319	0.911177644711	0.90618762475	0.908183632735	0.910179640719	0.913173652695	0.905189620758	0.917165668663	0.912175648703	0.923153692615	0.912175648703	0.911177644711	0.913173652695	0.90618762475	0.922155688623	0.914171656687	0.907185628743	0.928143712575	0.931137724551	0.942115768463	0.918163672655	0.929141716567	0.937125748503	0.921157684631	0.935129740519	0.900199600798	0.935129740519	0.923153692615	0.942115768463	0.957085828343	0.923153692615	0.961077844311	0.919161676647	0.958083832335	0.929141716567	0.913173652695	0.943113772455	0.942115768463	0.947105788423	0.943113772455	0.959081836327	0.960079840319	0.958083832335	0.958083832335	0.960079840319
CB2	0.892215568862	0.894211576846	0.847305389222	0.865269461078	0.848303393214	0.842315369261	0.887225548902	0.916167664671	0.915169660679	0.917165668663	0.849301397206	0.842315369261	0.84630738523	0.840319361277	0.895209580838	0.909181636727	0.48502994012	0.474051896208	0.275449101796	0.0	0.873253493014	0.728542914172	0.816367265469	0.794411177645	0.769461077844	0.789421157685	0.520958083832	0.554890219561	0.452095808383	0.38123752495	0.425149700599	0.408183632735	0.964071856287	0.956087824351	0.939121756487	0.955089820359	0.940119760479	0.954091816367	0.961077844311	0.954091816367	0.963073852295	0.962075848303	0.940119760479	0.953093812375	0.942115768463	0.960079840319	0.963073852295	0.911177644711	0.911177644711	0.909181636727	0.911177644711	0.916167664671	0.910179640719	0.919161676647	0.914171656687	0.921157684631	0.912175648703	0.916167664671	0.917165668663	0.910179640719	0.924151696607	0.912175648703	0.911177644711	0.932135728543	0.933133732535	0.943113772455	0.915169660679	0.933133732535	0.935129740519	0.918163672655	0.930139720559	0.90618762475	0.935129740519	0.916167664671	0.938123752495	0.958083832335	0.926147704591	0.947105788423	0.919161676647	0.947105788423	0.925149700599	0.915169660679	0.936127744511	0.937125748503	0.943113772455	0.937125748503	0.951097804391	0.948103792415	0.948103792415	0.945109780439	0.948103792415
CC1	0.726546906188	0.719560878244	0.751497005988	0.672654690619	0.707584830339	0.684630738523	0.709580838323	0.750499001996	0.74750499002	0.724550898204	0.691616766467	0.697604790419	0.657684630739	0.706586826347	0.710578842315	0.744510978044	0.841317365269	0.813373253493	0.875249500998	0.873253493014	0.0	0.476047904192	0.869261477046	0.872255489022	0.743512974052	0.813373253493	0.743512974052	0.718562874251	0.750499001996	0.782435129741	0.781437125749	0.813373253493	0.773453093812	0.77744510978	0.760479041916	0.799401197605	0.75748502994	0.790419161677	0.813373253493	0.823353293413	0.804391217565	0.824351297405	0.760479041916	0.815369261477	0.771457085828	0.77245508982	0.77744510978	0.678642714571	0.684630738523	0.709580838323	0.733532934132	0.711576846307	0.693612774451	0.694610778443	0.673652694611	0.690618762475	0.708582834331	0.72754491018	0.709580838323	0.712574850299	0.728542914172	0.684630738523	0.694610778443	0.867265469062	0.849301397206	0.789421157685	0.695608782435	0.830339321357	0.826347305389	0.682634730539	0.835329341317	0.738522954092	0.834331337325	0.672654690619	0.788423153693	0.867265469062	0.863273453094	0.679640718563	0.712574850299	0.740518962076	0.783433133733	0.75249500998	0.721556886228	0.701596806387	0.735528942116	0.731536926148	0.814371257485	0.686626746507	0.718562874251	0.739520958084	0.775449101796
CC2	0.751497005988	0.750499001996	0.734530938124	0.700598802395	0.714570858283	0.687624750499	0.743512974052	0.763473053892	0.759481037924	0.7624750499	0.696606786427	0.700598802395	0.668662674651	0.694610778443	0.743512974052	0.788423153693	0.713572854291	0.662674650699	0.739520958084	0.728542914172	0.476047904192	0.0	0.793413173653	0.77245508982	0.669660678643	0.719560878244	0.563872255489	0.548902195609	0.617764471058	0.636726546906	0.639720558882	0.664670658683	0.824351297405	0.818363273453	0.780439121756	0.822355289421	0.778443113772	0.813373253493	0.838323353293	0.843313373253	0.828343313373	0.84630738523	0.785429141717	0.839321357285	0.791417165669	0.821357285429	0.827345309381	0.72255489022	0.730538922156	0.74750499002	0.771457085828	0.754491017964	0.74251497006	0.749500998004	0.73253493014	0.74251497006	0.748502994012	0.770459081836	0.761477045908	0.741516966068	0.771457085828	0.723552894212	0.740518962076	0.860279441118	0.849301397206	0.823353293413	0.73253493014	0.833333333333	0.832335329341	0.736526946108	0.827345309381	0.760479041916	0.832335329341	0.723552894212	0.816367265469	0.884231536926	0.85628742515	0.744510978044	0.734530938124	0.775449101796	0.809381237525	0.780439121756	0.77744510978	0.760479041916	0.778443113772	0.768463073852	0.852295409182	0.746506986028	0.773453093812	0.77744510978	0.811377245509
CD1	0.926147704591	0.909181636727	0.794411177645	0.862275449102	0.65369261477	0.753493013972	0.884231536926	0.958083832335	0.958083832335	0.931137724551	0.753493013972	0.691616766467	0.834331337325	0.785429141717	0.911177644711	0.942115768463	0.750499001996	0.739520958084	0.837325349301	0.816367265469	0.869261477046	0.793413173653	0.0	0.417165668663	0.590818363273	0.499001996008	0.716566866267	0.726546906188	0.788423153693	0.815369261477	0.808383233533	0.773453093812	0.991017964072	0.986027944112	0.986027944112	0.987025948104	0.986027944112	0.98502994012	0.988023952096	0.987025948104	0.986027944112	0.988023952096	0.986027944112	0.984031936128	0.986027944112	0.987025948104	0.991017964072	0.940119760479	0.937125748503	0.938123752495	0.945109780439	0.940119760479	0.935129740519	0.934131736527	0.935129740519	0.933133732535	0.936127744511	0.936127744511	0.937125748503	0.939121756487	0.938123752495	0.941117764471	0.939121756487	0.964071856287	0.961077844311	0.979041916168	0.969061876248	0.964071856287	0.982035928144	0.969061876248	0.977045908184	0.940119760479	0.978043912176	0.97005988024	0.981037924152	0.991017964072	0.967065868263	0.983033932136	0.943113772455	0.98003992016	0.962075848303	0.962075848303	0.978043912176	0.977045908184	0.98003992016	0.9750499002	0.984031936128	0.98502994012	0.978043912176	0.981037924152	0.982035928144
CD2	0.921157684631	0.902195608782	0.790419161677	0.852295409182	0.659680638723	0.755489021956	0.877245508982	0.948103792415	0.944111776447	0.925149700599	0.749500998004	0.685628742515	0.821357285429	0.774451097804	0.899201596806	0.931137724551	0.7375249501	0.719560878244	0.821357285429	0.794411177645	0.872255489022	0.77245508982	0.417165668663	0.0	0.561876247505	0.494011976048	0.708582834331	0.723552894212	0.76746506986	0.795409181637	0.795409181637	0.744510978044	0.9750499002	0.976047904192	0.976047904192	0.977045908184	0.976047904192	0.9750499002	0.977045908184	0.976047904192	0.9750499002	0.976047904192	0.976047904192	0.9750499002	0.977045908184	0.977045908184	0.976047904192	0.933133732535	0.934131736527	0.934131736527	0.940119760479	0.934131736527	0.930139720559	0.930139720559	0.928143712575	0.923153692615	0.929141716567	0.935129740519	0.933133732535	0.936127744511	0.933133732535	0.934131736527	0.933133732535	0.962075848303	0.963073852295	0.973053892216	0.958083832335	0.962075848303	0.972055888224	0.957085828343	0.969061876248	0.933133732535	0.972055888224	0.957085828343	0.971057884232	0.993013972056	0.955089820359	0.966067864271	0.936127744511	0.963073852295	0.951097804391	0.952095808383	0.963073852295	0.965069860279	0.965069860279	0.963073852295	0.969061876248	0.97005988024	0.964071856287	0.966067864271	0.966067864271
CE1	0.807385229541	0.794411177645	0.677644710579	0.753493013972	0.585828343313	0.639720558882	0.779441117764	0.826347305389	0.834331337325	0.802395209581	0.632734530938	0.600798403194	0.726546906188	0.681636726547	0.785429141717	0.824351297405	0.697604790419	0.678642714571	0.794411177645	0.769461077844	0.743512974052	0.669660678643	0.590818363273	0.561876247505	0.0	0.465069860279	0.647704590818	0.652694610778	0.684630738523	0.72754491018	0.704590818363	0.693612774451	0.883233532934	0.877245508982	0.878243512974	0.877245508982	0.87624750499	0.87624750499	0.879241516966	0.879241516966	0.882235528942	0.880239520958	0.87624750499	0.874251497006	0.879241516966	0.879241516966	0.883233532934	0.781437125749	0.77245508982	0.792415169661	0.814371257485	0.753493013972	0.750499001996	0.768463073852	0.745508982036	0.751497005988	0.769461077844	0.77245508982	0.750499001996	0.793413173653	0.785429141717	0.786427145709	0.791417165669	0.947105788423	0.944111776447	0.888223552894	0.867265469062	0.932135728543	0.950099800399	0.86626746507	0.932135728543	0.813373253493	0.939121756487	0.874251497006	0.890219560878	0.971057884232	0.942115768463	0.860279441118	0.815369261477	0.878243512974	0.820359281437	0.815369261477	0.841317365269	0.845309381238	0.84630738523	0.849301397206	0.931137724551	0.867265469062	0.850299401198	0.874251497006	0.923153692615
CE2	0.872255489022	0.85129740519	0.73253493014	0.806387225549	0.60878243513	0.692614770459	0.836327345309	0.895209580838	0.898203592814	0.88123752495	0.685628742515	0.621756487026	0.781437125749	0.736526946108	0.847305389222	0.885229540918	0.733532934132	0.708582834331	0.818363273453	0.789421157685	0.813373253493	0.719560878244	0.499001996008	0.494011976048	0.465069860279	0.0	0.661676646707	0.666666666667	0.72255489022	0.7624750499	0.721556886228	0.717564870259	0.947105788423	0.941117764471	0.941117764471	0.944111776447	0.944111776447	0.941117764471	0.945109780439	0.944111776447	0.945109780439	0.946107784431	0.943113772455	0.941117764471	0.944111776447	0.941117764471	0.949101796407	0.832335329341	0.836327345309	0.841317365269	0.853293413174	0.838323353293	0.836327345309	0.849301397206	0.832335329341	0.824351297405	0.837325349301	0.844311377246	0.832335329341	0.841317365269	0.840319361277	0.836327345309	0.843313373253	0.952095808383	0.947105788423	0.922155688623	0.90618762475	0.940119760479	0.958083832335	0.904191616766	0.938123752495	0.836327345309	0.946107784431	0.904191616766	0.919161676647	0.976047904192	0.946107784431	0.916167664671	0.833333333333	0.910179640719	0.897205588822	0.893213572854	0.907185628743	0.908183632735	0.913173652695	0.905189620758	0.934131736527	0.919161676647	0.909181636727	0.911177644711	0.919161676647
CF1	0.821357285429	0.809381237525	0.769461077844	0.787425149701	0.696606786427	0.705588822355	0.793413173653	0.847305389222	0.84630738523	0.831337325349	0.706586826347	0.690618762475	0.75748502994	0.729540918164	0.809381237525	0.844311377246	0.471057884232	0.439121756487	0.543912175649	0.520958083832	0.743512974052	0.563872255489	0.716566866267	0.708582834331	0.647704590818	0.661676646707	0.0	0.333333333333	0.48003992016	0.503992015968	0.432135728543	0.441117764471	0.900199600798	0.893213572854	0.88622754491	0.894211576846	0.893213572854	0.894211576846	0.903193612774	0.910179640719	0.899201596806	0.914171656687	0.890219560878	0.907185628743	0.89121756487	0.895209580838	0.902195608782	0.796407185629	0.796407185629	0.803393213573	0.815369261477	0.802395209581	0.799401197605	0.802395209581	0.792415169661	0.799401197605	0.800399201597	0.811377245509	0.804391217565	0.799401197605	0.812375249501	0.797405189621	0.800399201597	0.916167664671	0.918163672655	0.912175648703	0.849301397206	0.905189620758	0.892215568862	0.853293413174	0.882235528942	0.830339321357	0.885229540918	0.836327345309	0.916167664671	0.950099800399	0.916167664671	0.857285429142	0.793413173653	0.859281437126	0.902195608782	0.872255489022	0.85628742515	0.84630738523	0.855289421158	0.848303393214	0.883233532934	0.862275449102	0.857285429142	0.860279441118	0.860279441118
CF2	0.796407185629	0.789421157685	0.77744510978	0.770459081836	0.684630738523	0.697604790419	0.782435129741	0.832335329341	0.823353293413	0.811377245509	0.696606786427	0.685628742515	0.749500998004	0.738522954092	0.785429141717	0.828343313373	0.528942115768	0.501996007984	0.572854291417	0.554890219561	0.718562874251	0.548902195609	0.726546906188	0.723552894212	0.652694610778	0.666666666667	0.333333333333	0.0	0.505988023952	0.517964071856	0.444111776447	0.473053892216	0.870259481038	0.863273453094	0.874251497006	0.88123752495	0.87624750499	0.868263473054	0.889221556886	0.89620758483	0.87624750499	0.895209580838	0.87125748503	0.892215568862	0.88123752495	0.868263473054	0.875249500998	0.783433133733	0.776447105788	0.785429141717	0.787425149701	0.774451097804	0.776447105788	0.784431137725	0.77245508982	0.782435129741	0.783433133733	0.783433133733	0.780439121756	0.780439121756	0.779441117764	0.782435129741	0.778443113772	0.922155688623	0.925149700599	0.910179640719	0.825349301397	0.915169660679	0.90119760479	0.827345309381	0.898203592814	0.825349301397	0.904191616766	0.821357285429	0.912175648703	0.956087824351	0.924151696607	0.823353293413	0.784431137725	0.831337325349	0.887225548902	0.862275449102	0.835329341317	0.822355289421	0.835329341317	0.833333333333	0.855289421158	0.829341317365	0.825349301397	0.832335329341	0.838323353293
CG1	0.833333333333	0.799401197605	0.738522954092	0.733532934132	0.745508982036	0.746506986028	0.783433133733	0.820359281437	0.826347305389	0.821357285429	0.764471057884	0.741516966068	0.728542914172	0.719560878244	0.802395209581	0.841317365269	0.448103792415	0.439121756487	0.484031936128	0.452095808383	0.750499001996	0.617764471058	0.788423153693	0.76746506986	0.684630738523	0.72255489022	0.48003992016	0.505988023952	0.0	0.35129740519	0.443113772455	0.416167664671	0.903193612774	0.89620758483	0.840319361277	0.895209580838	0.836327345309	0.895209580838	0.899201596806	0.895209580838	0.903193612774	0.902195608782	0.832335329341	0.89121756487	0.843313373253	0.899201596806	0.90618762475	0.825349301397	0.798403193613	0.829341317365	0.839321357285	0.842315369261	0.832335329341	0.840319361277	0.836327345309	0.843313373253	0.837325349301	0.842315369261	0.842315369261	0.827345309381	0.847305389222	0.813373253493	0.825349301397	0.89121756487	0.897205588822	0.867265469062	0.808383233533	0.88622754491	0.872255489022	0.808383233533	0.885229540918	0.862275449102	0.878243512974	0.814371257485	0.86626746507	0.900199600798	0.883233532934	0.85628742515	0.85129740519	0.849301397206	0.863273453094	0.839321357285	0.843313373253	0.844311377246	0.853293413174	0.848303393214	0.887225548902	0.850299401198	0.857285429142	0.848303393214	0.880239520958
